Task ID, Job ID, BCCT, WCCT, BCRT, WCRT
0, 0, 9, 1039, 9, 1039
0, 1, 1009, 1065, 9, 65
0, 10, 0, 9223372036854775807, 0, 9223372036854765807
0, 100, 0, 9223372036854775807, 0, 9223372036854675807
0, 1000, 0, 9223372036854775807, 0, 9223372036853775807
0, 1001, 0, 9223372036854775807, 0, 9223372036853774807
0, 1002, 0, 9223372036854775807, 0, 9223372036853773807
0, 1003, 0, 9223372036854775807, 0, 9223372036853772807
0, 1004, 0, 9223372036854775807, 0, 9223372036853771807
0, 1005, 0, 9223372036854775807, 0, 9223372036853770807
0, 1006, 0, 9223372036854775807, 0, 9223372036853769807
0, 1007, 0, 9223372036854775807, 0, 9223372036853768807
0, 1008, 0, 9223372036854775807, 0, 9223372036853767807
0, 1009, 0, 9223372036854775807, 0, 9223372036853766807
0, 101, 0, 9223372036854775807, 0, 9223372036854674807
0, 1010, 0, 9223372036854775807, 0, 9223372036853765807
0, 1011, 0, 9223372036854775807, 0, 9223372036853764807
0, 1012, 0, 9223372036854775807, 0, 9223372036853763807
0, 1013, 0, 9223372036854775807, 0, 9223372036853762807
0, 1014, 0, 9223372036854775807, 0, 9223372036853761807
0, 1015, 0, 9223372036854775807, 0, 9223372036853760807
0, 1016, 0, 9223372036854775807, 0, 9223372036853759807
0, 1017, 0, 9223372036854775807, 0, 9223372036853758807
0, 1018, 0, 9223372036854775807, 0, 9223372036853757807
0, 1019, 0, 9223372036854775807, 0, 9223372036853756807
0, 102, 0, 9223372036854775807, 0, 9223372036854673807
0, 1020, 0, 9223372036854775807, 0, 9223372036853755807
0, 1021, 0, 9223372036854775807, 0, 9223372036853754807
0, 1022, 0, 9223372036854775807, 0, 9223372036853753807
0, 1023, 0, 9223372036854775807, 0, 9223372036853752807
0, 1024, 0, 9223372036854775807, 0, 9223372036853751807
0, 1025, 0, 9223372036854775807, 0, 9223372036853750807
0, 1026, 0, 9223372036854775807, 0, 9223372036853749807
0, 1027, 0, 9223372036854775807, 0, 9223372036853748807
0, 1028, 0, 9223372036854775807, 0, 9223372036853747807
0, 1029, 0, 9223372036854775807, 0, 9223372036853746807
0, 103, 0, 9223372036854775807, 0, 9223372036854672807
0, 1030, 0, 9223372036854775807, 0, 9223372036853745807
0, 1031, 0, 9223372036854775807, 0, 9223372036853744807
0, 1032, 0, 9223372036854775807, 0, 9223372036853743807
0, 1033, 0, 9223372036854775807, 0, 9223372036853742807
0, 1034, 0, 9223372036854775807, 0, 9223372036853741807
0, 1035, 0, 9223372036854775807, 0, 9223372036853740807
0, 1036, 0, 9223372036854775807, 0, 9223372036853739807
0, 1037, 0, 9223372036854775807, 0, 9223372036853738807
0, 1038, 0, 9223372036854775807, 0, 9223372036853737807
0, 1039, 0, 9223372036854775807, 0, 9223372036853736807
0, 104, 0, 9223372036854775807, 0, 9223372036854671807
0, 1040, 0, 9223372036854775807, 0, 9223372036853735807
0, 1041, 0, 9223372036854775807, 0, 9223372036853734807
0, 1042, 0, 9223372036854775807, 0, 9223372036853733807
0, 1043, 0, 9223372036854775807, 0, 9223372036853732807
0, 1044, 0, 9223372036854775807, 0, 9223372036853731807
0, 1045, 0, 9223372036854775807, 0, 9223372036853730807
0, 1046, 0, 9223372036854775807, 0, 9223372036853729807
0, 1047, 0, 9223372036854775807, 0, 9223372036853728807
0, 1048, 0, 9223372036854775807, 0, 9223372036853727807
0, 1049, 0, 9223372036854775807, 0, 9223372036853726807
0, 105, 0, 9223372036854775807, 0, 9223372036854670807
0, 1050, 0, 9223372036854775807, 0, 9223372036853725807
0, 1051, 0, 9223372036854775807, 0, 9223372036853724807
0, 1052, 0, 9223372036854775807, 0, 9223372036853723807
0, 1053, 0, 9223372036854775807, 0, 9223372036853722807
0, 1054, 0, 9223372036854775807, 0, 9223372036853721807
0, 1055, 0, 9223372036854775807, 0, 9223372036853720807
0, 1056, 0, 9223372036854775807, 0, 9223372036853719807
0, 1057, 0, 9223372036854775807, 0, 9223372036853718807
0, 1058, 0, 9223372036854775807, 0, 9223372036853717807
0, 1059, 0, 9223372036854775807, 0, 9223372036853716807
0, 106, 0, 9223372036854775807, 0, 9223372036854669807
0, 1060, 0, 9223372036854775807, 0, 9223372036853715807
0, 1061, 0, 9223372036854775807, 0, 9223372036853714807
0, 1062, 0, 9223372036854775807, 0, 9223372036853713807
0, 1063, 0, 9223372036854775807, 0, 9223372036853712807
0, 1064, 0, 9223372036854775807, 0, 9223372036853711807
0, 1065, 0, 9223372036854775807, 0, 9223372036853710807
0, 1066, 0, 9223372036854775807, 0, 9223372036853709807
0, 1067, 0, 9223372036854775807, 0, 9223372036853708807
0, 1068, 0, 9223372036854775807, 0, 9223372036853707807
0, 1069, 0, 9223372036854775807, 0, 9223372036853706807
0, 107, 0, 9223372036854775807, 0, 9223372036854668807
0, 1070, 0, 9223372036854775807, 0, 9223372036853705807
0, 1071, 0, 9223372036854775807, 0, 9223372036853704807
0, 1072, 0, 9223372036854775807, 0, 9223372036853703807
0, 1073, 0, 9223372036854775807, 0, 9223372036853702807
0, 1074, 0, 9223372036854775807, 0, 9223372036853701807
0, 1075, 0, 9223372036854775807, 0, 9223372036853700807
0, 1076, 0, 9223372036854775807, 0, 9223372036853699807
0, 1077, 0, 9223372036854775807, 0, 9223372036853698807
0, 1078, 0, 9223372036854775807, 0, 9223372036853697807
0, 1079, 0, 9223372036854775807, 0, 9223372036853696807
0, 108, 0, 9223372036854775807, 0, 9223372036854667807
0, 1080, 0, 9223372036854775807, 0, 9223372036853695807
0, 1081, 0, 9223372036854775807, 0, 9223372036853694807
0, 1082, 0, 9223372036854775807, 0, 9223372036853693807
0, 1083, 0, 9223372036854775807, 0, 9223372036853692807
0, 1084, 0, 9223372036854775807, 0, 9223372036853691807
0, 1085, 0, 9223372036854775807, 0, 9223372036853690807
0, 1086, 0, 9223372036854775807, 0, 9223372036853689807
0, 1087, 0, 9223372036854775807, 0, 9223372036853688807
0, 1088, 0, 9223372036854775807, 0, 9223372036853687807
0, 1089, 0, 9223372036854775807, 0, 9223372036853686807
0, 109, 0, 9223372036854775807, 0, 9223372036854666807
0, 1090, 0, 9223372036854775807, 0, 9223372036853685807
0, 1091, 0, 9223372036854775807, 0, 9223372036853684807
0, 1092, 0, 9223372036854775807, 0, 9223372036853683807
0, 1093, 0, 9223372036854775807, 0, 9223372036853682807
0, 1094, 0, 9223372036854775807, 0, 9223372036853681807
0, 1095, 0, 9223372036854775807, 0, 9223372036853680807
0, 1096, 0, 9223372036854775807, 0, 9223372036853679807
0, 1097, 0, 9223372036854775807, 0, 9223372036853678807
0, 1098, 0, 9223372036854775807, 0, 9223372036853677807
0, 1099, 0, 9223372036854775807, 0, 9223372036853676807
0, 11, 0, 9223372036854775807, 0, 9223372036854764807
0, 110, 0, 9223372036854775807, 0, 9223372036854665807
0, 1100, 0, 9223372036854775807, 0, 9223372036853675807
0, 1101, 0, 9223372036854775807, 0, 9223372036853674807
0, 1102, 0, 9223372036854775807, 0, 9223372036853673807
0, 1103, 0, 9223372036854775807, 0, 9223372036853672807
0, 1104, 0, 9223372036854775807, 0, 9223372036853671807
0, 1105, 0, 9223372036854775807, 0, 9223372036853670807
0, 1106, 0, 9223372036854775807, 0, 9223372036853669807
0, 1107, 0, 9223372036854775807, 0, 9223372036853668807
0, 1108, 0, 9223372036854775807, 0, 9223372036853667807
0, 1109, 0, 9223372036854775807, 0, 9223372036853666807
0, 111, 0, 9223372036854775807, 0, 9223372036854664807
0, 1110, 0, 9223372036854775807, 0, 9223372036853665807
0, 1111, 0, 9223372036854775807, 0, 9223372036853664807
0, 1112, 0, 9223372036854775807, 0, 9223372036853663807
0, 1113, 0, 9223372036854775807, 0, 9223372036853662807
0, 1114, 0, 9223372036854775807, 0, 9223372036853661807
0, 1115, 0, 9223372036854775807, 0, 9223372036853660807
0, 1116, 0, 9223372036854775807, 0, 9223372036853659807
0, 1117, 0, 9223372036854775807, 0, 9223372036853658807
0, 1118, 0, 9223372036854775807, 0, 9223372036853657807
0, 1119, 0, 9223372036854775807, 0, 9223372036853656807
0, 112, 0, 9223372036854775807, 0, 9223372036854663807
0, 1120, 0, 9223372036854775807, 0, 9223372036853655807
0, 1121, 0, 9223372036854775807, 0, 9223372036853654807
0, 1122, 0, 9223372036854775807, 0, 9223372036853653807
0, 1123, 0, 9223372036854775807, 0, 9223372036853652807
0, 1124, 0, 9223372036854775807, 0, 9223372036853651807
0, 1125, 0, 9223372036854775807, 0, 9223372036853650807
0, 1126, 0, 9223372036854775807, 0, 9223372036853649807
0, 1127, 0, 9223372036854775807, 0, 9223372036853648807
0, 1128, 0, 9223372036854775807, 0, 9223372036853647807
0, 1129, 0, 9223372036854775807, 0, 9223372036853646807
0, 113, 0, 9223372036854775807, 0, 9223372036854662807
0, 1130, 0, 9223372036854775807, 0, 9223372036853645807
0, 1131, 0, 9223372036854775807, 0, 9223372036853644807
0, 1132, 0, 9223372036854775807, 0, 9223372036853643807
0, 1133, 0, 9223372036854775807, 0, 9223372036853642807
0, 1134, 0, 9223372036854775807, 0, 9223372036853641807
0, 1135, 0, 9223372036854775807, 0, 9223372036853640807
0, 1136, 0, 9223372036854775807, 0, 9223372036853639807
0, 1137, 0, 9223372036854775807, 0, 9223372036853638807
0, 1138, 0, 9223372036854775807, 0, 9223372036853637807
0, 1139, 0, 9223372036854775807, 0, 9223372036853636807
0, 114, 0, 9223372036854775807, 0, 9223372036854661807
0, 1140, 0, 9223372036854775807, 0, 9223372036853635807
0, 1141, 0, 9223372036854775807, 0, 9223372036853634807
0, 1142, 0, 9223372036854775807, 0, 9223372036853633807
0, 1143, 0, 9223372036854775807, 0, 9223372036853632807
0, 1144, 0, 9223372036854775807, 0, 9223372036853631807
0, 1145, 0, 9223372036854775807, 0, 9223372036853630807
0, 1146, 0, 9223372036854775807, 0, 9223372036853629807
0, 1147, 0, 9223372036854775807, 0, 9223372036853628807
0, 1148, 0, 9223372036854775807, 0, 9223372036853627807
0, 1149, 0, 9223372036854775807, 0, 9223372036853626807
0, 115, 0, 9223372036854775807, 0, 9223372036854660807
0, 1150, 0, 9223372036854775807, 0, 9223372036853625807
0, 1151, 0, 9223372036854775807, 0, 9223372036853624807
0, 1152, 0, 9223372036854775807, 0, 9223372036853623807
0, 1153, 0, 9223372036854775807, 0, 9223372036853622807
0, 1154, 0, 9223372036854775807, 0, 9223372036853621807
0, 1155, 0, 9223372036854775807, 0, 9223372036853620807
0, 1156, 0, 9223372036854775807, 0, 9223372036853619807
0, 1157, 0, 9223372036854775807, 0, 9223372036853618807
0, 1158, 0, 9223372036854775807, 0, 9223372036853617807
0, 1159, 0, 9223372036854775807, 0, 9223372036853616807
0, 116, 0, 9223372036854775807, 0, 9223372036854659807
0, 1160, 0, 9223372036854775807, 0, 9223372036853615807
0, 1161, 0, 9223372036854775807, 0, 9223372036853614807
0, 1162, 0, 9223372036854775807, 0, 9223372036853613807
0, 1163, 0, 9223372036854775807, 0, 9223372036853612807
0, 1164, 0, 9223372036854775807, 0, 9223372036853611807
0, 1165, 0, 9223372036854775807, 0, 9223372036853610807
0, 1166, 0, 9223372036854775807, 0, 9223372036853609807
0, 1167, 0, 9223372036854775807, 0, 9223372036853608807
0, 1168, 0, 9223372036854775807, 0, 9223372036853607807
0, 1169, 0, 9223372036854775807, 0, 9223372036853606807
0, 117, 0, 9223372036854775807, 0, 9223372036854658807
0, 1170, 0, 9223372036854775807, 0, 9223372036853605807
0, 1171, 0, 9223372036854775807, 0, 9223372036853604807
0, 1172, 0, 9223372036854775807, 0, 9223372036853603807
0, 1173, 0, 9223372036854775807, 0, 9223372036853602807
0, 1174, 0, 9223372036854775807, 0, 9223372036853601807
0, 1175, 0, 9223372036854775807, 0, 9223372036853600807
0, 1176, 0, 9223372036854775807, 0, 9223372036853599807
0, 1177, 0, 9223372036854775807, 0, 9223372036853598807
0, 1178, 0, 9223372036854775807, 0, 9223372036853597807
0, 1179, 0, 9223372036854775807, 0, 9223372036853596807
0, 118, 0, 9223372036854775807, 0, 9223372036854657807
0, 1180, 0, 9223372036854775807, 0, 9223372036853595807
0, 1181, 0, 9223372036854775807, 0, 9223372036853594807
0, 1182, 0, 9223372036854775807, 0, 9223372036853593807
0, 1183, 0, 9223372036854775807, 0, 9223372036853592807
0, 1184, 0, 9223372036854775807, 0, 9223372036853591807
0, 1185, 0, 9223372036854775807, 0, 9223372036853590807
0, 1186, 0, 9223372036854775807, 0, 9223372036853589807
0, 1187, 0, 9223372036854775807, 0, 9223372036853588807
0, 1188, 0, 9223372036854775807, 0, 9223372036853587807
0, 1189, 0, 9223372036854775807, 0, 9223372036853586807
0, 119, 0, 9223372036854775807, 0, 9223372036854656807
0, 1190, 0, 9223372036854775807, 0, 9223372036853585807
0, 1191, 0, 9223372036854775807, 0, 9223372036853584807
0, 1192, 0, 9223372036854775807, 0, 9223372036853583807
0, 1193, 0, 9223372036854775807, 0, 9223372036853582807
0, 1194, 0, 9223372036854775807, 0, 9223372036853581807
0, 1195, 0, 9223372036854775807, 0, 9223372036853580807
0, 1196, 0, 9223372036854775807, 0, 9223372036853579807
0, 1197, 0, 9223372036854775807, 0, 9223372036853578807
0, 1198, 0, 9223372036854775807, 0, 9223372036853577807
0, 1199, 0, 9223372036854775807, 0, 9223372036853576807
0, 12, 0, 9223372036854775807, 0, 9223372036854763807
0, 120, 0, 9223372036854775807, 0, 9223372036854655807
0, 1200, 0, 9223372036854775807, 0, 9223372036853575807
0, 1201, 0, 9223372036854775807, 0, 9223372036853574807
0, 1202, 0, 9223372036854775807, 0, 9223372036853573807
0, 1203, 0, 9223372036854775807, 0, 9223372036853572807
0, 1204, 0, 9223372036854775807, 0, 9223372036853571807
0, 1205, 0, 9223372036854775807, 0, 9223372036853570807
0, 1206, 0, 9223372036854775807, 0, 9223372036853569807
0, 1207, 0, 9223372036854775807, 0, 9223372036853568807
0, 1208, 0, 9223372036854775807, 0, 9223372036853567807
0, 1209, 0, 9223372036854775807, 0, 9223372036853566807
0, 121, 0, 9223372036854775807, 0, 9223372036854654807
0, 1210, 0, 9223372036854775807, 0, 9223372036853565807
0, 1211, 0, 9223372036854775807, 0, 9223372036853564807
0, 1212, 0, 9223372036854775807, 0, 9223372036853563807
0, 1213, 0, 9223372036854775807, 0, 9223372036853562807
0, 1214, 0, 9223372036854775807, 0, 9223372036853561807
0, 1215, 0, 9223372036854775807, 0, 9223372036853560807
0, 1216, 0, 9223372036854775807, 0, 9223372036853559807
0, 1217, 0, 9223372036854775807, 0, 9223372036853558807
0, 1218, 0, 9223372036854775807, 0, 9223372036853557807
0, 1219, 0, 9223372036854775807, 0, 9223372036853556807
0, 122, 0, 9223372036854775807, 0, 9223372036854653807
0, 1220, 0, 9223372036854775807, 0, 9223372036853555807
0, 1221, 0, 9223372036854775807, 0, 9223372036853554807
0, 1222, 0, 9223372036854775807, 0, 9223372036853553807
0, 1223, 0, 9223372036854775807, 0, 9223372036853552807
0, 1224, 0, 9223372036854775807, 0, 9223372036853551807
0, 1225, 0, 9223372036854775807, 0, 9223372036853550807
0, 1226, 0, 9223372036854775807, 0, 9223372036853549807
0, 1227, 0, 9223372036854775807, 0, 9223372036853548807
0, 1228, 0, 9223372036854775807, 0, 9223372036853547807
0, 1229, 0, 9223372036854775807, 0, 9223372036853546807
0, 123, 0, 9223372036854775807, 0, 9223372036854652807
0, 1230, 0, 9223372036854775807, 0, 9223372036853545807
0, 1231, 0, 9223372036854775807, 0, 9223372036853544807
0, 1232, 0, 9223372036854775807, 0, 9223372036853543807
0, 1233, 0, 9223372036854775807, 0, 9223372036853542807
0, 1234, 0, 9223372036854775807, 0, 9223372036853541807
0, 1235, 0, 9223372036854775807, 0, 9223372036853540807
0, 1236, 0, 9223372036854775807, 0, 9223372036853539807
0, 1237, 0, 9223372036854775807, 0, 9223372036853538807
0, 1238, 0, 9223372036854775807, 0, 9223372036853537807
0, 1239, 0, 9223372036854775807, 0, 9223372036853536807
0, 124, 0, 9223372036854775807, 0, 9223372036854651807
0, 1240, 0, 9223372036854775807, 0, 9223372036853535807
0, 1241, 0, 9223372036854775807, 0, 9223372036853534807
0, 1242, 0, 9223372036854775807, 0, 9223372036853533807
0, 1243, 0, 9223372036854775807, 0, 9223372036853532807
0, 1244, 0, 9223372036854775807, 0, 9223372036853531807
0, 1245, 0, 9223372036854775807, 0, 9223372036853530807
0, 1246, 0, 9223372036854775807, 0, 9223372036853529807
0, 1247, 0, 9223372036854775807, 0, 9223372036853528807
0, 1248, 0, 9223372036854775807, 0, 9223372036853527807
0, 1249, 0, 9223372036854775807, 0, 9223372036853526807
0, 125, 0, 9223372036854775807, 0, 9223372036854650807
0, 1250, 0, 9223372036854775807, 0, 9223372036853525807
0, 1251, 0, 9223372036854775807, 0, 9223372036853524807
0, 1252, 0, 9223372036854775807, 0, 9223372036853523807
0, 1253, 0, 9223372036854775807, 0, 9223372036853522807
0, 1254, 0, 9223372036854775807, 0, 9223372036853521807
0, 1255, 0, 9223372036854775807, 0, 9223372036853520807
0, 1256, 0, 9223372036854775807, 0, 9223372036853519807
0, 1257, 0, 9223372036854775807, 0, 9223372036853518807
0, 1258, 0, 9223372036854775807, 0, 9223372036853517807
0, 1259, 0, 9223372036854775807, 0, 9223372036853516807
0, 126, 0, 9223372036854775807, 0, 9223372036854649807
0, 1260, 0, 9223372036854775807, 0, 9223372036853515807
0, 1261, 0, 9223372036854775807, 0, 9223372036853514807
0, 1262, 0, 9223372036854775807, 0, 9223372036853513807
0, 1263, 0, 9223372036854775807, 0, 9223372036853512807
0, 1264, 0, 9223372036854775807, 0, 9223372036853511807
0, 1265, 0, 9223372036854775807, 0, 9223372036853510807
0, 1266, 0, 9223372036854775807, 0, 9223372036853509807
0, 1267, 0, 9223372036854775807, 0, 9223372036853508807
0, 1268, 0, 9223372036854775807, 0, 9223372036853507807
0, 1269, 0, 9223372036854775807, 0, 9223372036853506807
0, 127, 0, 9223372036854775807, 0, 9223372036854648807
0, 1270, 0, 9223372036854775807, 0, 9223372036853505807
0, 1271, 0, 9223372036854775807, 0, 9223372036853504807
0, 1272, 0, 9223372036854775807, 0, 9223372036853503807
0, 1273, 0, 9223372036854775807, 0, 9223372036853502807
0, 1274, 0, 9223372036854775807, 0, 9223372036853501807
0, 1275, 0, 9223372036854775807, 0, 9223372036853500807
0, 1276, 0, 9223372036854775807, 0, 9223372036853499807
0, 1277, 0, 9223372036854775807, 0, 9223372036853498807
0, 1278, 0, 9223372036854775807, 0, 9223372036853497807
0, 1279, 0, 9223372036854775807, 0, 9223372036853496807
0, 128, 0, 9223372036854775807, 0, 9223372036854647807
0, 1280, 0, 9223372036854775807, 0, 9223372036853495807
0, 1281, 0, 9223372036854775807, 0, 9223372036853494807
0, 1282, 0, 9223372036854775807, 0, 9223372036853493807
0, 1283, 0, 9223372036854775807, 0, 9223372036853492807
0, 1284, 0, 9223372036854775807, 0, 9223372036853491807
0, 1285, 0, 9223372036854775807, 0, 9223372036853490807
0, 1286, 0, 9223372036854775807, 0, 9223372036853489807
0, 1287, 0, 9223372036854775807, 0, 9223372036853488807
0, 1288, 0, 9223372036854775807, 0, 9223372036853487807
0, 1289, 0, 9223372036854775807, 0, 9223372036853486807
0, 129, 0, 9223372036854775807, 0, 9223372036854646807
0, 1290, 0, 9223372036854775807, 0, 9223372036853485807
0, 1291, 0, 9223372036854775807, 0, 9223372036853484807
0, 1292, 0, 9223372036854775807, 0, 9223372036853483807
0, 1293, 0, 9223372036854775807, 0, 9223372036853482807
0, 1294, 0, 9223372036854775807, 0, 9223372036853481807
0, 1295, 0, 9223372036854775807, 0, 9223372036853480807
0, 1296, 0, 9223372036854775807, 0, 9223372036853479807
0, 1297, 0, 9223372036854775807, 0, 9223372036853478807
0, 1298, 0, 9223372036854775807, 0, 9223372036853477807
0, 1299, 0, 9223372036854775807, 0, 9223372036853476807
0, 13, 0, 9223372036854775807, 0, 9223372036854762807
0, 130, 0, 9223372036854775807, 0, 9223372036854645807
0, 1300, 0, 9223372036854775807, 0, 9223372036853475807
0, 1301, 0, 9223372036854775807, 0, 9223372036853474807
0, 1302, 0, 9223372036854775807, 0, 9223372036853473807
0, 1303, 0, 9223372036854775807, 0, 9223372036853472807
0, 1304, 0, 9223372036854775807, 0, 9223372036853471807
0, 1305, 0, 9223372036854775807, 0, 9223372036853470807
0, 1306, 0, 9223372036854775807, 0, 9223372036853469807
0, 1307, 0, 9223372036854775807, 0, 9223372036853468807
0, 1308, 0, 9223372036854775807, 0, 9223372036853467807
0, 1309, 0, 9223372036854775807, 0, 9223372036853466807
0, 131, 0, 9223372036854775807, 0, 9223372036854644807
0, 1310, 0, 9223372036854775807, 0, 9223372036853465807
0, 1311, 0, 9223372036854775807, 0, 9223372036853464807
0, 1312, 0, 9223372036854775807, 0, 9223372036853463807
0, 1313, 0, 9223372036854775807, 0, 9223372036853462807
0, 1314, 0, 9223372036854775807, 0, 9223372036853461807
0, 1315, 0, 9223372036854775807, 0, 9223372036853460807
0, 1316, 0, 9223372036854775807, 0, 9223372036853459807
0, 1317, 0, 9223372036854775807, 0, 9223372036853458807
0, 1318, 0, 9223372036854775807, 0, 9223372036853457807
0, 1319, 0, 9223372036854775807, 0, 9223372036853456807
0, 132, 0, 9223372036854775807, 0, 9223372036854643807
0, 1320, 0, 9223372036854775807, 0, 9223372036853455807
0, 1321, 0, 9223372036854775807, 0, 9223372036853454807
0, 1322, 0, 9223372036854775807, 0, 9223372036853453807
0, 1323, 0, 9223372036854775807, 0, 9223372036853452807
0, 1324, 0, 9223372036854775807, 0, 9223372036853451807
0, 1325, 0, 9223372036854775807, 0, 9223372036853450807
0, 1326, 0, 9223372036854775807, 0, 9223372036853449807
0, 1327, 0, 9223372036854775807, 0, 9223372036853448807
0, 1328, 0, 9223372036854775807, 0, 9223372036853447807
0, 1329, 0, 9223372036854775807, 0, 9223372036853446807
0, 133, 0, 9223372036854775807, 0, 9223372036854642807
0, 1330, 0, 9223372036854775807, 0, 9223372036853445807
0, 1331, 0, 9223372036854775807, 0, 9223372036853444807
0, 1332, 0, 9223372036854775807, 0, 9223372036853443807
0, 1333, 0, 9223372036854775807, 0, 9223372036853442807
0, 1334, 0, 9223372036854775807, 0, 9223372036853441807
0, 1335, 0, 9223372036854775807, 0, 9223372036853440807
0, 1336, 0, 9223372036854775807, 0, 9223372036853439807
0, 1337, 0, 9223372036854775807, 0, 9223372036853438807
0, 1338, 0, 9223372036854775807, 0, 9223372036853437807
0, 1339, 0, 9223372036854775807, 0, 9223372036853436807
0, 134, 0, 9223372036854775807, 0, 9223372036854641807
0, 1340, 0, 9223372036854775807, 0, 9223372036853435807
0, 1341, 0, 9223372036854775807, 0, 9223372036853434807
0, 1342, 0, 9223372036854775807, 0, 9223372036853433807
0, 1343, 0, 9223372036854775807, 0, 9223372036853432807
0, 1344, 0, 9223372036854775807, 0, 9223372036853431807
0, 1345, 0, 9223372036854775807, 0, 9223372036853430807
0, 1346, 0, 9223372036854775807, 0, 9223372036853429807
0, 1347, 0, 9223372036854775807, 0, 9223372036853428807
0, 1348, 0, 9223372036854775807, 0, 9223372036853427807
0, 1349, 0, 9223372036854775807, 0, 9223372036853426807
0, 135, 0, 9223372036854775807, 0, 9223372036854640807
0, 1350, 0, 9223372036854775807, 0, 9223372036853425807
0, 1351, 0, 9223372036854775807, 0, 9223372036853424807
0, 1352, 0, 9223372036854775807, 0, 9223372036853423807
0, 1353, 0, 9223372036854775807, 0, 9223372036853422807
0, 1354, 0, 9223372036854775807, 0, 9223372036853421807
0, 1355, 0, 9223372036854775807, 0, 9223372036853420807
0, 1356, 0, 9223372036854775807, 0, 9223372036853419807
0, 1357, 0, 9223372036854775807, 0, 9223372036853418807
0, 1358, 0, 9223372036854775807, 0, 9223372036853417807
0, 1359, 0, 9223372036854775807, 0, 9223372036853416807
0, 136, 0, 9223372036854775807, 0, 9223372036854639807
0, 1360, 0, 9223372036854775807, 0, 9223372036853415807
0, 1361, 0, 9223372036854775807, 0, 9223372036853414807
0, 1362, 0, 9223372036854775807, 0, 9223372036853413807
0, 1363, 0, 9223372036854775807, 0, 9223372036853412807
0, 1364, 0, 9223372036854775807, 0, 9223372036853411807
0, 1365, 0, 9223372036854775807, 0, 9223372036853410807
0, 1366, 0, 9223372036854775807, 0, 9223372036853409807
0, 1367, 0, 9223372036854775807, 0, 9223372036853408807
0, 1368, 0, 9223372036854775807, 0, 9223372036853407807
0, 1369, 0, 9223372036854775807, 0, 9223372036853406807
0, 137, 0, 9223372036854775807, 0, 9223372036854638807
0, 1370, 0, 9223372036854775807, 0, 9223372036853405807
0, 1371, 0, 9223372036854775807, 0, 9223372036853404807
0, 1372, 0, 9223372036854775807, 0, 9223372036853403807
0, 1373, 0, 9223372036854775807, 0, 9223372036853402807
0, 1374, 0, 9223372036854775807, 0, 9223372036853401807
0, 1375, 0, 9223372036854775807, 0, 9223372036853400807
0, 1376, 0, 9223372036854775807, 0, 9223372036853399807
0, 1377, 0, 9223372036854775807, 0, 9223372036853398807
0, 1378, 0, 9223372036854775807, 0, 9223372036853397807
0, 1379, 0, 9223372036854775807, 0, 9223372036853396807
0, 138, 0, 9223372036854775807, 0, 9223372036854637807
0, 1380, 0, 9223372036854775807, 0, 9223372036853395807
0, 1381, 0, 9223372036854775807, 0, 9223372036853394807
0, 1382, 0, 9223372036854775807, 0, 9223372036853393807
0, 1383, 0, 9223372036854775807, 0, 9223372036853392807
0, 1384, 0, 9223372036854775807, 0, 9223372036853391807
0, 1385, 0, 9223372036854775807, 0, 9223372036853390807
0, 1386, 0, 9223372036854775807, 0, 9223372036853389807
0, 1387, 0, 9223372036854775807, 0, 9223372036853388807
0, 1388, 0, 9223372036854775807, 0, 9223372036853387807
0, 1389, 0, 9223372036854775807, 0, 9223372036853386807
0, 139, 0, 9223372036854775807, 0, 9223372036854636807
0, 1390, 0, 9223372036854775807, 0, 9223372036853385807
0, 1391, 0, 9223372036854775807, 0, 9223372036853384807
0, 1392, 0, 9223372036854775807, 0, 9223372036853383807
0, 1393, 0, 9223372036854775807, 0, 9223372036853382807
0, 1394, 0, 9223372036854775807, 0, 9223372036853381807
0, 1395, 0, 9223372036854775807, 0, 9223372036853380807
0, 1396, 0, 9223372036854775807, 0, 9223372036853379807
0, 1397, 0, 9223372036854775807, 0, 9223372036853378807
0, 1398, 0, 9223372036854775807, 0, 9223372036853377807
0, 1399, 0, 9223372036854775807, 0, 9223372036853376807
0, 14, 0, 9223372036854775807, 0, 9223372036854761807
0, 140, 0, 9223372036854775807, 0, 9223372036854635807
0, 1400, 0, 9223372036854775807, 0, 9223372036853375807
0, 1401, 0, 9223372036854775807, 0, 9223372036853374807
0, 1402, 0, 9223372036854775807, 0, 9223372036853373807
0, 1403, 0, 9223372036854775807, 0, 9223372036853372807
0, 1404, 0, 9223372036854775807, 0, 9223372036853371807
0, 1405, 0, 9223372036854775807, 0, 9223372036853370807
0, 1406, 0, 9223372036854775807, 0, 9223372036853369807
0, 1407, 0, 9223372036854775807, 0, 9223372036853368807
0, 1408, 0, 9223372036854775807, 0, 9223372036853367807
0, 1409, 0, 9223372036854775807, 0, 9223372036853366807
0, 141, 0, 9223372036854775807, 0, 9223372036854634807
0, 1410, 0, 9223372036854775807, 0, 9223372036853365807
0, 1411, 0, 9223372036854775807, 0, 9223372036853364807
0, 1412, 0, 9223372036854775807, 0, 9223372036853363807
0, 1413, 0, 9223372036854775807, 0, 9223372036853362807
0, 1414, 0, 9223372036854775807, 0, 9223372036853361807
0, 1415, 0, 9223372036854775807, 0, 9223372036853360807
0, 1416, 0, 9223372036854775807, 0, 9223372036853359807
0, 1417, 0, 9223372036854775807, 0, 9223372036853358807
0, 1418, 0, 9223372036854775807, 0, 9223372036853357807
0, 1419, 0, 9223372036854775807, 0, 9223372036853356807
0, 142, 0, 9223372036854775807, 0, 9223372036854633807
0, 1420, 0, 9223372036854775807, 0, 9223372036853355807
0, 1421, 0, 9223372036854775807, 0, 9223372036853354807
0, 1422, 0, 9223372036854775807, 0, 9223372036853353807
0, 1423, 0, 9223372036854775807, 0, 9223372036853352807
0, 1424, 0, 9223372036854775807, 0, 9223372036853351807
0, 1425, 0, 9223372036854775807, 0, 9223372036853350807
0, 1426, 0, 9223372036854775807, 0, 9223372036853349807
0, 1427, 0, 9223372036854775807, 0, 9223372036853348807
0, 1428, 0, 9223372036854775807, 0, 9223372036853347807
0, 1429, 0, 9223372036854775807, 0, 9223372036853346807
0, 143, 0, 9223372036854775807, 0, 9223372036854632807
0, 1430, 0, 9223372036854775807, 0, 9223372036853345807
0, 1431, 0, 9223372036854775807, 0, 9223372036853344807
0, 1432, 0, 9223372036854775807, 0, 9223372036853343807
0, 1433, 0, 9223372036854775807, 0, 9223372036853342807
0, 1434, 0, 9223372036854775807, 0, 9223372036853341807
0, 1435, 0, 9223372036854775807, 0, 9223372036853340807
0, 1436, 0, 9223372036854775807, 0, 9223372036853339807
0, 1437, 0, 9223372036854775807, 0, 9223372036853338807
0, 1438, 0, 9223372036854775807, 0, 9223372036853337807
0, 1439, 0, 9223372036854775807, 0, 9223372036853336807
0, 144, 0, 9223372036854775807, 0, 9223372036854631807
0, 1440, 0, 9223372036854775807, 0, 9223372036853335807
0, 1441, 0, 9223372036854775807, 0, 9223372036853334807
0, 1442, 0, 9223372036854775807, 0, 9223372036853333807
0, 1443, 0, 9223372036854775807, 0, 9223372036853332807
0, 1444, 0, 9223372036854775807, 0, 9223372036853331807
0, 1445, 0, 9223372036854775807, 0, 9223372036853330807
0, 1446, 0, 9223372036854775807, 0, 9223372036853329807
0, 1447, 0, 9223372036854775807, 0, 9223372036853328807
0, 1448, 0, 9223372036854775807, 0, 9223372036853327807
0, 1449, 0, 9223372036854775807, 0, 9223372036853326807
0, 145, 0, 9223372036854775807, 0, 9223372036854630807
0, 1450, 0, 9223372036854775807, 0, 9223372036853325807
0, 1451, 0, 9223372036854775807, 0, 9223372036853324807
0, 1452, 0, 9223372036854775807, 0, 9223372036853323807
0, 1453, 0, 9223372036854775807, 0, 9223372036853322807
0, 1454, 0, 9223372036854775807, 0, 9223372036853321807
0, 1455, 0, 9223372036854775807, 0, 9223372036853320807
0, 1456, 0, 9223372036854775807, 0, 9223372036853319807
0, 1457, 0, 9223372036854775807, 0, 9223372036853318807
0, 1458, 0, 9223372036854775807, 0, 9223372036853317807
0, 1459, 0, 9223372036854775807, 0, 9223372036853316807
0, 146, 0, 9223372036854775807, 0, 9223372036854629807
0, 1460, 0, 9223372036854775807, 0, 9223372036853315807
0, 1461, 0, 9223372036854775807, 0, 9223372036853314807
0, 1462, 0, 9223372036854775807, 0, 9223372036853313807
0, 1463, 0, 9223372036854775807, 0, 9223372036853312807
0, 1464, 0, 9223372036854775807, 0, 9223372036853311807
0, 1465, 0, 9223372036854775807, 0, 9223372036853310807
0, 1466, 0, 9223372036854775807, 0, 9223372036853309807
0, 1467, 0, 9223372036854775807, 0, 9223372036853308807
0, 1468, 0, 9223372036854775807, 0, 9223372036853307807
0, 1469, 0, 9223372036854775807, 0, 9223372036853306807
0, 147, 0, 9223372036854775807, 0, 9223372036854628807
0, 1470, 0, 9223372036854775807, 0, 9223372036853305807
0, 1471, 0, 9223372036854775807, 0, 9223372036853304807
0, 1472, 0, 9223372036854775807, 0, 9223372036853303807
0, 1473, 0, 9223372036854775807, 0, 9223372036853302807
0, 1474, 0, 9223372036854775807, 0, 9223372036853301807
0, 1475, 0, 9223372036854775807, 0, 9223372036853300807
0, 1476, 0, 9223372036854775807, 0, 9223372036853299807
0, 1477, 0, 9223372036854775807, 0, 9223372036853298807
0, 1478, 0, 9223372036854775807, 0, 9223372036853297807
0, 1479, 0, 9223372036854775807, 0, 9223372036853296807
0, 148, 0, 9223372036854775807, 0, 9223372036854627807
0, 1480, 0, 9223372036854775807, 0, 9223372036853295807
0, 1481, 0, 9223372036854775807, 0, 9223372036853294807
0, 1482, 0, 9223372036854775807, 0, 9223372036853293807
0, 1483, 0, 9223372036854775807, 0, 9223372036853292807
0, 1484, 0, 9223372036854775807, 0, 9223372036853291807
0, 1485, 0, 9223372036854775807, 0, 9223372036853290807
0, 1486, 0, 9223372036854775807, 0, 9223372036853289807
0, 1487, 0, 9223372036854775807, 0, 9223372036853288807
0, 1488, 0, 9223372036854775807, 0, 9223372036853287807
0, 1489, 0, 9223372036854775807, 0, 9223372036853286807
0, 149, 0, 9223372036854775807, 0, 9223372036854626807
0, 1490, 0, 9223372036854775807, 0, 9223372036853285807
0, 1491, 0, 9223372036854775807, 0, 9223372036853284807
0, 1492, 0, 9223372036854775807, 0, 9223372036853283807
0, 1493, 0, 9223372036854775807, 0, 9223372036853282807
0, 1494, 0, 9223372036854775807, 0, 9223372036853281807
0, 1495, 0, 9223372036854775807, 0, 9223372036853280807
0, 1496, 0, 9223372036854775807, 0, 9223372036853279807
0, 1497, 0, 9223372036854775807, 0, 9223372036853278807
0, 1498, 0, 9223372036854775807, 0, 9223372036853277807
0, 1499, 0, 9223372036854775807, 0, 9223372036853276807
0, 15, 0, 9223372036854775807, 0, 9223372036854760807
0, 150, 0, 9223372036854775807, 0, 9223372036854625807
0, 1500, 0, 9223372036854775807, 0, 9223372036853275807
0, 1501, 0, 9223372036854775807, 0, 9223372036853274807
0, 1502, 0, 9223372036854775807, 0, 9223372036853273807
0, 1503, 0, 9223372036854775807, 0, 9223372036853272807
0, 1504, 0, 9223372036854775807, 0, 9223372036853271807
0, 1505, 0, 9223372036854775807, 0, 9223372036853270807
0, 1506, 0, 9223372036854775807, 0, 9223372036853269807
0, 1507, 0, 9223372036854775807, 0, 9223372036853268807
0, 1508, 0, 9223372036854775807, 0, 9223372036853267807
0, 1509, 0, 9223372036854775807, 0, 9223372036853266807
0, 151, 0, 9223372036854775807, 0, 9223372036854624807
0, 1510, 0, 9223372036854775807, 0, 9223372036853265807
0, 1511, 0, 9223372036854775807, 0, 9223372036853264807
0, 1512, 0, 9223372036854775807, 0, 9223372036853263807
0, 1513, 0, 9223372036854775807, 0, 9223372036853262807
0, 1514, 0, 9223372036854775807, 0, 9223372036853261807
0, 1515, 0, 9223372036854775807, 0, 9223372036853260807
0, 1516, 0, 9223372036854775807, 0, 9223372036853259807
0, 1517, 0, 9223372036854775807, 0, 9223372036853258807
0, 1518, 0, 9223372036854775807, 0, 9223372036853257807
0, 1519, 0, 9223372036854775807, 0, 9223372036853256807
0, 152, 0, 9223372036854775807, 0, 9223372036854623807
0, 1520, 0, 9223372036854775807, 0, 9223372036853255807
0, 1521, 0, 9223372036854775807, 0, 9223372036853254807
0, 1522, 0, 9223372036854775807, 0, 9223372036853253807
0, 1523, 0, 9223372036854775807, 0, 9223372036853252807
0, 1524, 0, 9223372036854775807, 0, 9223372036853251807
0, 1525, 0, 9223372036854775807, 0, 9223372036853250807
0, 1526, 0, 9223372036854775807, 0, 9223372036853249807
0, 1527, 0, 9223372036854775807, 0, 9223372036853248807
0, 1528, 0, 9223372036854775807, 0, 9223372036853247807
0, 1529, 0, 9223372036854775807, 0, 9223372036853246807
0, 153, 0, 9223372036854775807, 0, 9223372036854622807
0, 1530, 0, 9223372036854775807, 0, 9223372036853245807
0, 1531, 0, 9223372036854775807, 0, 9223372036853244807
0, 1532, 0, 9223372036854775807, 0, 9223372036853243807
0, 1533, 0, 9223372036854775807, 0, 9223372036853242807
0, 1534, 0, 9223372036854775807, 0, 9223372036853241807
0, 1535, 0, 9223372036854775807, 0, 9223372036853240807
0, 1536, 0, 9223372036854775807, 0, 9223372036853239807
0, 1537, 0, 9223372036854775807, 0, 9223372036853238807
0, 1538, 0, 9223372036854775807, 0, 9223372036853237807
0, 1539, 0, 9223372036854775807, 0, 9223372036853236807
0, 154, 0, 9223372036854775807, 0, 9223372036854621807
0, 1540, 0, 9223372036854775807, 0, 9223372036853235807
0, 1541, 0, 9223372036854775807, 0, 9223372036853234807
0, 1542, 0, 9223372036854775807, 0, 9223372036853233807
0, 1543, 0, 9223372036854775807, 0, 9223372036853232807
0, 1544, 0, 9223372036854775807, 0, 9223372036853231807
0, 1545, 0, 9223372036854775807, 0, 9223372036853230807
0, 1546, 0, 9223372036854775807, 0, 9223372036853229807
0, 1547, 0, 9223372036854775807, 0, 9223372036853228807
0, 1548, 0, 9223372036854775807, 0, 9223372036853227807
0, 1549, 0, 9223372036854775807, 0, 9223372036853226807
0, 155, 0, 9223372036854775807, 0, 9223372036854620807
0, 1550, 0, 9223372036854775807, 0, 9223372036853225807
0, 1551, 0, 9223372036854775807, 0, 9223372036853224807
0, 1552, 0, 9223372036854775807, 0, 9223372036853223807
0, 1553, 0, 9223372036854775807, 0, 9223372036853222807
0, 1554, 0, 9223372036854775807, 0, 9223372036853221807
0, 1555, 0, 9223372036854775807, 0, 9223372036853220807
0, 1556, 0, 9223372036854775807, 0, 9223372036853219807
0, 1557, 0, 9223372036854775807, 0, 9223372036853218807
0, 1558, 0, 9223372036854775807, 0, 9223372036853217807
0, 1559, 0, 9223372036854775807, 0, 9223372036853216807
0, 156, 0, 9223372036854775807, 0, 9223372036854619807
0, 1560, 0, 9223372036854775807, 0, 9223372036853215807
0, 1561, 0, 9223372036854775807, 0, 9223372036853214807
0, 1562, 0, 9223372036854775807, 0, 9223372036853213807
0, 1563, 0, 9223372036854775807, 0, 9223372036853212807
0, 1564, 0, 9223372036854775807, 0, 9223372036853211807
0, 1565, 0, 9223372036854775807, 0, 9223372036853210807
0, 1566, 0, 9223372036854775807, 0, 9223372036853209807
0, 1567, 0, 9223372036854775807, 0, 9223372036853208807
0, 1568, 0, 9223372036854775807, 0, 9223372036853207807
0, 1569, 0, 9223372036854775807, 0, 9223372036853206807
0, 157, 0, 9223372036854775807, 0, 9223372036854618807
0, 1570, 0, 9223372036854775807, 0, 9223372036853205807
0, 1571, 0, 9223372036854775807, 0, 9223372036853204807
0, 1572, 0, 9223372036854775807, 0, 9223372036853203807
0, 1573, 0, 9223372036854775807, 0, 9223372036853202807
0, 1574, 0, 9223372036854775807, 0, 9223372036853201807
0, 1575, 0, 9223372036854775807, 0, 9223372036853200807
0, 1576, 0, 9223372036854775807, 0, 9223372036853199807
0, 1577, 0, 9223372036854775807, 0, 9223372036853198807
0, 1578, 0, 9223372036854775807, 0, 9223372036853197807
0, 1579, 0, 9223372036854775807, 0, 9223372036853196807
0, 158, 0, 9223372036854775807, 0, 9223372036854617807
0, 1580, 0, 9223372036854775807, 0, 9223372036853195807
0, 1581, 0, 9223372036854775807, 0, 9223372036853194807
0, 1582, 0, 9223372036854775807, 0, 9223372036853193807
0, 1583, 0, 9223372036854775807, 0, 9223372036853192807
0, 1584, 0, 9223372036854775807, 0, 9223372036853191807
0, 1585, 0, 9223372036854775807, 0, 9223372036853190807
0, 1586, 0, 9223372036854775807, 0, 9223372036853189807
0, 1587, 0, 9223372036854775807, 0, 9223372036853188807
0, 1588, 0, 9223372036854775807, 0, 9223372036853187807
0, 1589, 0, 9223372036854775807, 0, 9223372036853186807
0, 159, 0, 9223372036854775807, 0, 9223372036854616807
0, 1590, 0, 9223372036854775807, 0, 9223372036853185807
0, 1591, 0, 9223372036854775807, 0, 9223372036853184807
0, 1592, 0, 9223372036854775807, 0, 9223372036853183807
0, 1593, 0, 9223372036854775807, 0, 9223372036853182807
0, 1594, 0, 9223372036854775807, 0, 9223372036853181807
0, 1595, 0, 9223372036854775807, 0, 9223372036853180807
0, 1596, 0, 9223372036854775807, 0, 9223372036853179807
0, 1597, 0, 9223372036854775807, 0, 9223372036853178807
0, 1598, 0, 9223372036854775807, 0, 9223372036853177807
0, 1599, 0, 9223372036854775807, 0, 9223372036853176807
0, 16, 0, 9223372036854775807, 0, 9223372036854759807
0, 160, 0, 9223372036854775807, 0, 9223372036854615807
0, 1600, 0, 9223372036854775807, 0, 9223372036853175807
0, 1601, 0, 9223372036854775807, 0, 9223372036853174807
0, 1602, 0, 9223372036854775807, 0, 9223372036853173807
0, 1603, 0, 9223372036854775807, 0, 9223372036853172807
0, 1604, 0, 9223372036854775807, 0, 9223372036853171807
0, 1605, 0, 9223372036854775807, 0, 9223372036853170807
0, 1606, 0, 9223372036854775807, 0, 9223372036853169807
0, 1607, 0, 9223372036854775807, 0, 9223372036853168807
0, 1608, 0, 9223372036854775807, 0, 9223372036853167807
0, 1609, 0, 9223372036854775807, 0, 9223372036853166807
0, 161, 0, 9223372036854775807, 0, 9223372036854614807
0, 1610, 0, 9223372036854775807, 0, 9223372036853165807
0, 1611, 0, 9223372036854775807, 0, 9223372036853164807
0, 1612, 0, 9223372036854775807, 0, 9223372036853163807
0, 1613, 0, 9223372036854775807, 0, 9223372036853162807
0, 1614, 0, 9223372036854775807, 0, 9223372036853161807
0, 1615, 0, 9223372036854775807, 0, 9223372036853160807
0, 1616, 0, 9223372036854775807, 0, 9223372036853159807
0, 1617, 0, 9223372036854775807, 0, 9223372036853158807
0, 1618, 0, 9223372036854775807, 0, 9223372036853157807
0, 1619, 0, 9223372036854775807, 0, 9223372036853156807
0, 162, 0, 9223372036854775807, 0, 9223372036854613807
0, 1620, 0, 9223372036854775807, 0, 9223372036853155807
0, 1621, 0, 9223372036854775807, 0, 9223372036853154807
0, 1622, 0, 9223372036854775807, 0, 9223372036853153807
0, 1623, 0, 9223372036854775807, 0, 9223372036853152807
0, 1624, 0, 9223372036854775807, 0, 9223372036853151807
0, 1625, 0, 9223372036854775807, 0, 9223372036853150807
0, 1626, 0, 9223372036854775807, 0, 9223372036853149807
0, 1627, 0, 9223372036854775807, 0, 9223372036853148807
0, 1628, 0, 9223372036854775807, 0, 9223372036853147807
0, 1629, 0, 9223372036854775807, 0, 9223372036853146807
0, 163, 0, 9223372036854775807, 0, 9223372036854612807
0, 1630, 0, 9223372036854775807, 0, 9223372036853145807
0, 1631, 0, 9223372036854775807, 0, 9223372036853144807
0, 1632, 0, 9223372036854775807, 0, 9223372036853143807
0, 1633, 0, 9223372036854775807, 0, 9223372036853142807
0, 1634, 0, 9223372036854775807, 0, 9223372036853141807
0, 1635, 0, 9223372036854775807, 0, 9223372036853140807
0, 1636, 0, 9223372036854775807, 0, 9223372036853139807
0, 1637, 0, 9223372036854775807, 0, 9223372036853138807
0, 1638, 0, 9223372036854775807, 0, 9223372036853137807
0, 1639, 0, 9223372036854775807, 0, 9223372036853136807
0, 164, 0, 9223372036854775807, 0, 9223372036854611807
0, 1640, 0, 9223372036854775807, 0, 9223372036853135807
0, 1641, 0, 9223372036854775807, 0, 9223372036853134807
0, 1642, 0, 9223372036854775807, 0, 9223372036853133807
0, 1643, 0, 9223372036854775807, 0, 9223372036853132807
0, 1644, 0, 9223372036854775807, 0, 9223372036853131807
0, 1645, 0, 9223372036854775807, 0, 9223372036853130807
0, 1646, 0, 9223372036854775807, 0, 9223372036853129807
0, 1647, 0, 9223372036854775807, 0, 9223372036853128807
0, 1648, 0, 9223372036854775807, 0, 9223372036853127807
0, 1649, 0, 9223372036854775807, 0, 9223372036853126807
0, 165, 0, 9223372036854775807, 0, 9223372036854610807
0, 1650, 0, 9223372036854775807, 0, 9223372036853125807
0, 1651, 0, 9223372036854775807, 0, 9223372036853124807
0, 1652, 0, 9223372036854775807, 0, 9223372036853123807
0, 1653, 0, 9223372036854775807, 0, 9223372036853122807
0, 1654, 0, 9223372036854775807, 0, 9223372036853121807
0, 1655, 0, 9223372036854775807, 0, 9223372036853120807
0, 1656, 0, 9223372036854775807, 0, 9223372036853119807
0, 1657, 0, 9223372036854775807, 0, 9223372036853118807
0, 1658, 0, 9223372036854775807, 0, 9223372036853117807
0, 1659, 0, 9223372036854775807, 0, 9223372036853116807
0, 166, 0, 9223372036854775807, 0, 9223372036854609807
0, 1660, 0, 9223372036854775807, 0, 9223372036853115807
0, 1661, 0, 9223372036854775807, 0, 9223372036853114807
0, 1662, 0, 9223372036854775807, 0, 9223372036853113807
0, 1663, 0, 9223372036854775807, 0, 9223372036853112807
0, 1664, 0, 9223372036854775807, 0, 9223372036853111807
0, 1665, 0, 9223372036854775807, 0, 9223372036853110807
0, 1666, 0, 9223372036854775807, 0, 9223372036853109807
0, 1667, 0, 9223372036854775807, 0, 9223372036853108807
0, 1668, 0, 9223372036854775807, 0, 9223372036853107807
0, 1669, 0, 9223372036854775807, 0, 9223372036853106807
0, 167, 0, 9223372036854775807, 0, 9223372036854608807
0, 1670, 0, 9223372036854775807, 0, 9223372036853105807
0, 1671, 0, 9223372036854775807, 0, 9223372036853104807
0, 1672, 0, 9223372036854775807, 0, 9223372036853103807
0, 1673, 0, 9223372036854775807, 0, 9223372036853102807
0, 1674, 0, 9223372036854775807, 0, 9223372036853101807
0, 1675, 0, 9223372036854775807, 0, 9223372036853100807
0, 1676, 0, 9223372036854775807, 0, 9223372036853099807
0, 1677, 0, 9223372036854775807, 0, 9223372036853098807
0, 1678, 0, 9223372036854775807, 0, 9223372036853097807
0, 1679, 0, 9223372036854775807, 0, 9223372036853096807
0, 168, 0, 9223372036854775807, 0, 9223372036854607807
0, 1680, 0, 9223372036854775807, 0, 9223372036853095807
0, 1681, 0, 9223372036854775807, 0, 9223372036853094807
0, 1682, 0, 9223372036854775807, 0, 9223372036853093807
0, 1683, 0, 9223372036854775807, 0, 9223372036853092807
0, 1684, 0, 9223372036854775807, 0, 9223372036853091807
0, 1685, 0, 9223372036854775807, 0, 9223372036853090807
0, 1686, 0, 9223372036854775807, 0, 9223372036853089807
0, 1687, 0, 9223372036854775807, 0, 9223372036853088807
0, 1688, 0, 9223372036854775807, 0, 9223372036853087807
0, 1689, 0, 9223372036854775807, 0, 9223372036853086807
0, 169, 0, 9223372036854775807, 0, 9223372036854606807
0, 1690, 0, 9223372036854775807, 0, 9223372036853085807
0, 1691, 0, 9223372036854775807, 0, 9223372036853084807
0, 1692, 0, 9223372036854775807, 0, 9223372036853083807
0, 1693, 0, 9223372036854775807, 0, 9223372036853082807
0, 1694, 0, 9223372036854775807, 0, 9223372036853081807
0, 1695, 0, 9223372036854775807, 0, 9223372036853080807
0, 1696, 0, 9223372036854775807, 0, 9223372036853079807
0, 1697, 0, 9223372036854775807, 0, 9223372036853078807
0, 1698, 0, 9223372036854775807, 0, 9223372036853077807
0, 1699, 0, 9223372036854775807, 0, 9223372036853076807
0, 17, 0, 9223372036854775807, 0, 9223372036854758807
0, 170, 0, 9223372036854775807, 0, 9223372036854605807
0, 1700, 0, 9223372036854775807, 0, 9223372036853075807
0, 1701, 0, 9223372036854775807, 0, 9223372036853074807
0, 1702, 0, 9223372036854775807, 0, 9223372036853073807
0, 1703, 0, 9223372036854775807, 0, 9223372036853072807
0, 1704, 0, 9223372036854775807, 0, 9223372036853071807
0, 1705, 0, 9223372036854775807, 0, 9223372036853070807
0, 1706, 0, 9223372036854775807, 0, 9223372036853069807
0, 1707, 0, 9223372036854775807, 0, 9223372036853068807
0, 1708, 0, 9223372036854775807, 0, 9223372036853067807
0, 1709, 0, 9223372036854775807, 0, 9223372036853066807
0, 171, 0, 9223372036854775807, 0, 9223372036854604807
0, 1710, 0, 9223372036854775807, 0, 9223372036853065807
0, 1711, 0, 9223372036854775807, 0, 9223372036853064807
0, 1712, 0, 9223372036854775807, 0, 9223372036853063807
0, 1713, 0, 9223372036854775807, 0, 9223372036853062807
0, 1714, 0, 9223372036854775807, 0, 9223372036853061807
0, 1715, 0, 9223372036854775807, 0, 9223372036853060807
0, 1716, 0, 9223372036854775807, 0, 9223372036853059807
0, 1717, 0, 9223372036854775807, 0, 9223372036853058807
0, 1718, 0, 9223372036854775807, 0, 9223372036853057807
0, 1719, 0, 9223372036854775807, 0, 9223372036853056807
0, 172, 0, 9223372036854775807, 0, 9223372036854603807
0, 1720, 0, 9223372036854775807, 0, 9223372036853055807
0, 1721, 0, 9223372036854775807, 0, 9223372036853054807
0, 1722, 0, 9223372036854775807, 0, 9223372036853053807
0, 1723, 0, 9223372036854775807, 0, 9223372036853052807
0, 1724, 0, 9223372036854775807, 0, 9223372036853051807
0, 1725, 0, 9223372036854775807, 0, 9223372036853050807
0, 1726, 0, 9223372036854775807, 0, 9223372036853049807
0, 1727, 0, 9223372036854775807, 0, 9223372036853048807
0, 1728, 0, 9223372036854775807, 0, 9223372036853047807
0, 1729, 0, 9223372036854775807, 0, 9223372036853046807
0, 173, 0, 9223372036854775807, 0, 9223372036854602807
0, 1730, 0, 9223372036854775807, 0, 9223372036853045807
0, 1731, 0, 9223372036854775807, 0, 9223372036853044807
0, 1732, 0, 9223372036854775807, 0, 9223372036853043807
0, 1733, 0, 9223372036854775807, 0, 9223372036853042807
0, 1734, 0, 9223372036854775807, 0, 9223372036853041807
0, 1735, 0, 9223372036854775807, 0, 9223372036853040807
0, 1736, 0, 9223372036854775807, 0, 9223372036853039807
0, 1737, 0, 9223372036854775807, 0, 9223372036853038807
0, 1738, 0, 9223372036854775807, 0, 9223372036853037807
0, 1739, 0, 9223372036854775807, 0, 9223372036853036807
0, 174, 0, 9223372036854775807, 0, 9223372036854601807
0, 1740, 0, 9223372036854775807, 0, 9223372036853035807
0, 1741, 0, 9223372036854775807, 0, 9223372036853034807
0, 1742, 0, 9223372036854775807, 0, 9223372036853033807
0, 1743, 0, 9223372036854775807, 0, 9223372036853032807
0, 1744, 0, 9223372036854775807, 0, 9223372036853031807
0, 1745, 0, 9223372036854775807, 0, 9223372036853030807
0, 1746, 0, 9223372036854775807, 0, 9223372036853029807
0, 1747, 0, 9223372036854775807, 0, 9223372036853028807
0, 1748, 0, 9223372036854775807, 0, 9223372036853027807
0, 1749, 0, 9223372036854775807, 0, 9223372036853026807
0, 175, 0, 9223372036854775807, 0, 9223372036854600807
0, 1750, 0, 9223372036854775807, 0, 9223372036853025807
0, 1751, 0, 9223372036854775807, 0, 9223372036853024807
0, 1752, 0, 9223372036854775807, 0, 9223372036853023807
0, 1753, 0, 9223372036854775807, 0, 9223372036853022807
0, 1754, 0, 9223372036854775807, 0, 9223372036853021807
0, 1755, 0, 9223372036854775807, 0, 9223372036853020807
0, 1756, 0, 9223372036854775807, 0, 9223372036853019807
0, 1757, 0, 9223372036854775807, 0, 9223372036853018807
0, 1758, 0, 9223372036854775807, 0, 9223372036853017807
0, 1759, 0, 9223372036854775807, 0, 9223372036853016807
0, 176, 0, 9223372036854775807, 0, 9223372036854599807
0, 1760, 0, 9223372036854775807, 0, 9223372036853015807
0, 1761, 0, 9223372036854775807, 0, 9223372036853014807
0, 1762, 0, 9223372036854775807, 0, 9223372036853013807
0, 1763, 0, 9223372036854775807, 0, 9223372036853012807
0, 1764, 0, 9223372036854775807, 0, 9223372036853011807
0, 1765, 0, 9223372036854775807, 0, 9223372036853010807
0, 1766, 0, 9223372036854775807, 0, 9223372036853009807
0, 1767, 0, 9223372036854775807, 0, 9223372036853008807
0, 1768, 0, 9223372036854775807, 0, 9223372036853007807
0, 1769, 0, 9223372036854775807, 0, 9223372036853006807
0, 177, 0, 9223372036854775807, 0, 9223372036854598807
0, 1770, 0, 9223372036854775807, 0, 9223372036853005807
0, 1771, 0, 9223372036854775807, 0, 9223372036853004807
0, 1772, 0, 9223372036854775807, 0, 9223372036853003807
0, 1773, 0, 9223372036854775807, 0, 9223372036853002807
0, 1774, 0, 9223372036854775807, 0, 9223372036853001807
0, 1775, 0, 9223372036854775807, 0, 9223372036853000807
0, 1776, 0, 9223372036854775807, 0, 9223372036852999807
0, 1777, 0, 9223372036854775807, 0, 9223372036852998807
0, 1778, 0, 9223372036854775807, 0, 9223372036852997807
0, 1779, 0, 9223372036854775807, 0, 9223372036852996807
0, 178, 0, 9223372036854775807, 0, 9223372036854597807
0, 1780, 0, 9223372036854775807, 0, 9223372036852995807
0, 1781, 0, 9223372036854775807, 0, 9223372036852994807
0, 1782, 0, 9223372036854775807, 0, 9223372036852993807
0, 1783, 0, 9223372036854775807, 0, 9223372036852992807
0, 1784, 0, 9223372036854775807, 0, 9223372036852991807
0, 1785, 0, 9223372036854775807, 0, 9223372036852990807
0, 1786, 0, 9223372036854775807, 0, 9223372036852989807
0, 1787, 0, 9223372036854775807, 0, 9223372036852988807
0, 1788, 0, 9223372036854775807, 0, 9223372036852987807
0, 1789, 0, 9223372036854775807, 0, 9223372036852986807
0, 179, 0, 9223372036854775807, 0, 9223372036854596807
0, 1790, 0, 9223372036854775807, 0, 9223372036852985807
0, 1791, 0, 9223372036854775807, 0, 9223372036852984807
0, 1792, 0, 9223372036854775807, 0, 9223372036852983807
0, 1793, 0, 9223372036854775807, 0, 9223372036852982807
0, 1794, 0, 9223372036854775807, 0, 9223372036852981807
0, 1795, 0, 9223372036854775807, 0, 9223372036852980807
0, 1796, 0, 9223372036854775807, 0, 9223372036852979807
0, 1797, 0, 9223372036854775807, 0, 9223372036852978807
0, 1798, 0, 9223372036854775807, 0, 9223372036852977807
0, 1799, 0, 9223372036854775807, 0, 9223372036852976807
0, 18, 0, 9223372036854775807, 0, 9223372036854757807
0, 180, 0, 9223372036854775807, 0, 9223372036854595807
0, 1800, 0, 9223372036854775807, 0, 9223372036852975807
0, 1801, 0, 9223372036854775807, 0, 9223372036852974807
0, 1802, 0, 9223372036854775807, 0, 9223372036852973807
0, 1803, 0, 9223372036854775807, 0, 9223372036852972807
0, 1804, 0, 9223372036854775807, 0, 9223372036852971807
0, 1805, 0, 9223372036854775807, 0, 9223372036852970807
0, 1806, 0, 9223372036854775807, 0, 9223372036852969807
0, 1807, 0, 9223372036854775807, 0, 9223372036852968807
0, 1808, 0, 9223372036854775807, 0, 9223372036852967807
0, 1809, 0, 9223372036854775807, 0, 9223372036852966807
0, 181, 0, 9223372036854775807, 0, 9223372036854594807
0, 1810, 0, 9223372036854775807, 0, 9223372036852965807
0, 1811, 0, 9223372036854775807, 0, 9223372036852964807
0, 1812, 0, 9223372036854775807, 0, 9223372036852963807
0, 1813, 0, 9223372036854775807, 0, 9223372036852962807
0, 1814, 0, 9223372036854775807, 0, 9223372036852961807
0, 1815, 0, 9223372036854775807, 0, 9223372036852960807
0, 1816, 0, 9223372036854775807, 0, 9223372036852959807
0, 1817, 0, 9223372036854775807, 0, 9223372036852958807
0, 1818, 0, 9223372036854775807, 0, 9223372036852957807
0, 1819, 0, 9223372036854775807, 0, 9223372036852956807
0, 182, 0, 9223372036854775807, 0, 9223372036854593807
0, 1820, 0, 9223372036854775807, 0, 9223372036852955807
0, 1821, 0, 9223372036854775807, 0, 9223372036852954807
0, 1822, 0, 9223372036854775807, 0, 9223372036852953807
0, 1823, 0, 9223372036854775807, 0, 9223372036852952807
0, 1824, 0, 9223372036854775807, 0, 9223372036852951807
0, 1825, 0, 9223372036854775807, 0, 9223372036852950807
0, 1826, 0, 9223372036854775807, 0, 9223372036852949807
0, 1827, 0, 9223372036854775807, 0, 9223372036852948807
0, 1828, 0, 9223372036854775807, 0, 9223372036852947807
0, 1829, 0, 9223372036854775807, 0, 9223372036852946807
0, 183, 0, 9223372036854775807, 0, 9223372036854592807
0, 1830, 0, 9223372036854775807, 0, 9223372036852945807
0, 1831, 0, 9223372036854775807, 0, 9223372036852944807
0, 1832, 0, 9223372036854775807, 0, 9223372036852943807
0, 1833, 0, 9223372036854775807, 0, 9223372036852942807
0, 1834, 0, 9223372036854775807, 0, 9223372036852941807
0, 1835, 0, 9223372036854775807, 0, 9223372036852940807
0, 1836, 0, 9223372036854775807, 0, 9223372036852939807
0, 1837, 0, 9223372036854775807, 0, 9223372036852938807
0, 1838, 0, 9223372036854775807, 0, 9223372036852937807
0, 1839, 0, 9223372036854775807, 0, 9223372036852936807
0, 184, 0, 9223372036854775807, 0, 9223372036854591807
0, 1840, 0, 9223372036854775807, 0, 9223372036852935807
0, 1841, 0, 9223372036854775807, 0, 9223372036852934807
0, 1842, 0, 9223372036854775807, 0, 9223372036852933807
0, 1843, 0, 9223372036854775807, 0, 9223372036852932807
0, 1844, 0, 9223372036854775807, 0, 9223372036852931807
0, 1845, 0, 9223372036854775807, 0, 9223372036852930807
0, 1846, 0, 9223372036854775807, 0, 9223372036852929807
0, 1847, 0, 9223372036854775807, 0, 9223372036852928807
0, 1848, 0, 9223372036854775807, 0, 9223372036852927807
0, 1849, 0, 9223372036854775807, 0, 9223372036852926807
0, 185, 0, 9223372036854775807, 0, 9223372036854590807
0, 1850, 0, 9223372036854775807, 0, 9223372036852925807
0, 1851, 0, 9223372036854775807, 0, 9223372036852924807
0, 1852, 0, 9223372036854775807, 0, 9223372036852923807
0, 1853, 0, 9223372036854775807, 0, 9223372036852922807
0, 1854, 0, 9223372036854775807, 0, 9223372036852921807
0, 1855, 0, 9223372036854775807, 0, 9223372036852920807
0, 1856, 0, 9223372036854775807, 0, 9223372036852919807
0, 1857, 0, 9223372036854775807, 0, 9223372036852918807
0, 1858, 0, 9223372036854775807, 0, 9223372036852917807
0, 1859, 0, 9223372036854775807, 0, 9223372036852916807
0, 186, 0, 9223372036854775807, 0, 9223372036854589807
0, 1860, 0, 9223372036854775807, 0, 9223372036852915807
0, 1861, 0, 9223372036854775807, 0, 9223372036852914807
0, 1862, 0, 9223372036854775807, 0, 9223372036852913807
0, 1863, 0, 9223372036854775807, 0, 9223372036852912807
0, 1864, 0, 9223372036854775807, 0, 9223372036852911807
0, 1865, 0, 9223372036854775807, 0, 9223372036852910807
0, 1866, 0, 9223372036854775807, 0, 9223372036852909807
0, 1867, 0, 9223372036854775807, 0, 9223372036852908807
0, 1868, 0, 9223372036854775807, 0, 9223372036852907807
0, 1869, 0, 9223372036854775807, 0, 9223372036852906807
0, 187, 0, 9223372036854775807, 0, 9223372036854588807
0, 1870, 0, 9223372036854775807, 0, 9223372036852905807
0, 1871, 0, 9223372036854775807, 0, 9223372036852904807
0, 1872, 0, 9223372036854775807, 0, 9223372036852903807
0, 1873, 0, 9223372036854775807, 0, 9223372036852902807
0, 1874, 0, 9223372036854775807, 0, 9223372036852901807
0, 1875, 0, 9223372036854775807, 0, 9223372036852900807
0, 1876, 0, 9223372036854775807, 0, 9223372036852899807
0, 1877, 0, 9223372036854775807, 0, 9223372036852898807
0, 1878, 0, 9223372036854775807, 0, 9223372036852897807
0, 1879, 0, 9223372036854775807, 0, 9223372036852896807
0, 188, 0, 9223372036854775807, 0, 9223372036854587807
0, 1880, 0, 9223372036854775807, 0, 9223372036852895807
0, 1881, 0, 9223372036854775807, 0, 9223372036852894807
0, 1882, 0, 9223372036854775807, 0, 9223372036852893807
0, 1883, 0, 9223372036854775807, 0, 9223372036852892807
0, 1884, 0, 9223372036854775807, 0, 9223372036852891807
0, 1885, 0, 9223372036854775807, 0, 9223372036852890807
0, 1886, 0, 9223372036854775807, 0, 9223372036852889807
0, 1887, 0, 9223372036854775807, 0, 9223372036852888807
0, 1888, 0, 9223372036854775807, 0, 9223372036852887807
0, 1889, 0, 9223372036854775807, 0, 9223372036852886807
0, 189, 0, 9223372036854775807, 0, 9223372036854586807
0, 1890, 0, 9223372036854775807, 0, 9223372036852885807
0, 1891, 0, 9223372036854775807, 0, 9223372036852884807
0, 1892, 0, 9223372036854775807, 0, 9223372036852883807
0, 1893, 0, 9223372036854775807, 0, 9223372036852882807
0, 1894, 0, 9223372036854775807, 0, 9223372036852881807
0, 1895, 0, 9223372036854775807, 0, 9223372036852880807
0, 1896, 0, 9223372036854775807, 0, 9223372036852879807
0, 1897, 0, 9223372036854775807, 0, 9223372036852878807
0, 1898, 0, 9223372036854775807, 0, 9223372036852877807
0, 1899, 0, 9223372036854775807, 0, 9223372036852876807
0, 19, 0, 9223372036854775807, 0, 9223372036854756807
0, 190, 0, 9223372036854775807, 0, 9223372036854585807
0, 1900, 0, 9223372036854775807, 0, 9223372036852875807
0, 1901, 0, 9223372036854775807, 0, 9223372036852874807
0, 1902, 0, 9223372036854775807, 0, 9223372036852873807
0, 1903, 0, 9223372036854775807, 0, 9223372036852872807
0, 1904, 0, 9223372036854775807, 0, 9223372036852871807
0, 1905, 0, 9223372036854775807, 0, 9223372036852870807
0, 1906, 0, 9223372036854775807, 0, 9223372036852869807
0, 1907, 0, 9223372036854775807, 0, 9223372036852868807
0, 1908, 0, 9223372036854775807, 0, 9223372036852867807
0, 1909, 0, 9223372036854775807, 0, 9223372036852866807
0, 191, 0, 9223372036854775807, 0, 9223372036854584807
0, 1910, 0, 9223372036854775807, 0, 9223372036852865807
0, 1911, 0, 9223372036854775807, 0, 9223372036852864807
0, 1912, 0, 9223372036854775807, 0, 9223372036852863807
0, 1913, 0, 9223372036854775807, 0, 9223372036852862807
0, 1914, 0, 9223372036854775807, 0, 9223372036852861807
0, 1915, 0, 9223372036854775807, 0, 9223372036852860807
0, 1916, 0, 9223372036854775807, 0, 9223372036852859807
0, 1917, 0, 9223372036854775807, 0, 9223372036852858807
0, 1918, 0, 9223372036854775807, 0, 9223372036852857807
0, 1919, 0, 9223372036854775807, 0, 9223372036852856807
0, 192, 0, 9223372036854775807, 0, 9223372036854583807
0, 1920, 0, 9223372036854775807, 0, 9223372036852855807
0, 1921, 0, 9223372036854775807, 0, 9223372036852854807
0, 1922, 0, 9223372036854775807, 0, 9223372036852853807
0, 1923, 0, 9223372036854775807, 0, 9223372036852852807
0, 1924, 0, 9223372036854775807, 0, 9223372036852851807
0, 1925, 0, 9223372036854775807, 0, 9223372036852850807
0, 1926, 0, 9223372036854775807, 0, 9223372036852849807
0, 1927, 0, 9223372036854775807, 0, 9223372036852848807
0, 1928, 0, 9223372036854775807, 0, 9223372036852847807
0, 1929, 0, 9223372036854775807, 0, 9223372036852846807
0, 193, 0, 9223372036854775807, 0, 9223372036854582807
0, 1930, 0, 9223372036854775807, 0, 9223372036852845807
0, 1931, 0, 9223372036854775807, 0, 9223372036852844807
0, 1932, 0, 9223372036854775807, 0, 9223372036852843807
0, 1933, 0, 9223372036854775807, 0, 9223372036852842807
0, 1934, 0, 9223372036854775807, 0, 9223372036852841807
0, 1935, 0, 9223372036854775807, 0, 9223372036852840807
0, 1936, 0, 9223372036854775807, 0, 9223372036852839807
0, 1937, 0, 9223372036854775807, 0, 9223372036852838807
0, 1938, 0, 9223372036854775807, 0, 9223372036852837807
0, 1939, 0, 9223372036854775807, 0, 9223372036852836807
0, 194, 0, 9223372036854775807, 0, 9223372036854581807
0, 1940, 0, 9223372036854775807, 0, 9223372036852835807
0, 1941, 0, 9223372036854775807, 0, 9223372036852834807
0, 1942, 0, 9223372036854775807, 0, 9223372036852833807
0, 1943, 0, 9223372036854775807, 0, 9223372036852832807
0, 1944, 0, 9223372036854775807, 0, 9223372036852831807
0, 1945, 0, 9223372036854775807, 0, 9223372036852830807
0, 1946, 0, 9223372036854775807, 0, 9223372036852829807
0, 1947, 0, 9223372036854775807, 0, 9223372036852828807
0, 1948, 0, 9223372036854775807, 0, 9223372036852827807
0, 1949, 0, 9223372036854775807, 0, 9223372036852826807
0, 195, 0, 9223372036854775807, 0, 9223372036854580807
0, 1950, 0, 9223372036854775807, 0, 9223372036852825807
0, 1951, 0, 9223372036854775807, 0, 9223372036852824807
0, 1952, 0, 9223372036854775807, 0, 9223372036852823807
0, 1953, 0, 9223372036854775807, 0, 9223372036852822807
0, 1954, 0, 9223372036854775807, 0, 9223372036852821807
0, 1955, 0, 9223372036854775807, 0, 9223372036852820807
0, 1956, 0, 9223372036854775807, 0, 9223372036852819807
0, 1957, 0, 9223372036854775807, 0, 9223372036852818807
0, 1958, 0, 9223372036854775807, 0, 9223372036852817807
0, 1959, 0, 9223372036854775807, 0, 9223372036852816807
0, 196, 0, 9223372036854775807, 0, 9223372036854579807
0, 1960, 0, 9223372036854775807, 0, 9223372036852815807
0, 1961, 0, 9223372036854775807, 0, 9223372036852814807
0, 1962, 0, 9223372036854775807, 0, 9223372036852813807
0, 1963, 0, 9223372036854775807, 0, 9223372036852812807
0, 1964, 0, 9223372036854775807, 0, 9223372036852811807
0, 1965, 0, 9223372036854775807, 0, 9223372036852810807
0, 1966, 0, 9223372036854775807, 0, 9223372036852809807
0, 1967, 0, 9223372036854775807, 0, 9223372036852808807
0, 1968, 0, 9223372036854775807, 0, 9223372036852807807
0, 1969, 0, 9223372036854775807, 0, 9223372036852806807
0, 197, 0, 9223372036854775807, 0, 9223372036854578807
0, 1970, 0, 9223372036854775807, 0, 9223372036852805807
0, 1971, 0, 9223372036854775807, 0, 9223372036852804807
0, 1972, 0, 9223372036854775807, 0, 9223372036852803807
0, 1973, 0, 9223372036854775807, 0, 9223372036852802807
0, 1974, 0, 9223372036854775807, 0, 9223372036852801807
0, 1975, 0, 9223372036854775807, 0, 9223372036852800807
0, 1976, 0, 9223372036854775807, 0, 9223372036852799807
0, 1977, 0, 9223372036854775807, 0, 9223372036852798807
0, 1978, 0, 9223372036854775807, 0, 9223372036852797807
0, 1979, 0, 9223372036854775807, 0, 9223372036852796807
0, 198, 0, 9223372036854775807, 0, 9223372036854577807
0, 1980, 0, 9223372036854775807, 0, 9223372036852795807
0, 1981, 0, 9223372036854775807, 0, 9223372036852794807
0, 1982, 0, 9223372036854775807, 0, 9223372036852793807
0, 1983, 0, 9223372036854775807, 0, 9223372036852792807
0, 1984, 0, 9223372036854775807, 0, 9223372036852791807
0, 1985, 0, 9223372036854775807, 0, 9223372036852790807
0, 1986, 0, 9223372036854775807, 0, 9223372036852789807
0, 1987, 0, 9223372036854775807, 0, 9223372036852788807
0, 1988, 0, 9223372036854775807, 0, 9223372036852787807
0, 1989, 0, 9223372036854775807, 0, 9223372036852786807
0, 199, 0, 9223372036854775807, 0, 9223372036854576807
0, 1990, 0, 9223372036854775807, 0, 9223372036852785807
0, 1991, 0, 9223372036854775807, 0, 9223372036852784807
0, 1992, 0, 9223372036854775807, 0, 9223372036852783807
0, 1993, 0, 9223372036854775807, 0, 9223372036852782807
0, 1994, 0, 9223372036854775807, 0, 9223372036852781807
0, 1995, 0, 9223372036854775807, 0, 9223372036852780807
0, 1996, 0, 9223372036854775807, 0, 9223372036852779807
0, 1997, 0, 9223372036854775807, 0, 9223372036852778807
0, 1998, 0, 9223372036854775807, 0, 9223372036852777807
0, 1999, 0, 9223372036854775807, 0, 9223372036852776807
0, 2, 0, 9223372036854775807, 0, 9223372036854773807
0, 20, 0, 9223372036854775807, 0, 9223372036854755807
0, 200, 0, 9223372036854775807, 0, 9223372036854575807
0, 2000, 0, 9223372036854775807, 0, 9223372036852775807
0, 2001, 0, 9223372036854775807, 0, 9223372036852774807
0, 2002, 0, 9223372036854775807, 0, 9223372036852773807
0, 2003, 0, 9223372036854775807, 0, 9223372036852772807
0, 2004, 0, 9223372036854775807, 0, 9223372036852771807
0, 2005, 0, 9223372036854775807, 0, 9223372036852770807
0, 2006, 0, 9223372036854775807, 0, 9223372036852769807
0, 2007, 0, 9223372036854775807, 0, 9223372036852768807
0, 2008, 0, 9223372036854775807, 0, 9223372036852767807
0, 2009, 0, 9223372036854775807, 0, 9223372036852766807
0, 201, 0, 9223372036854775807, 0, 9223372036854574807
0, 2010, 0, 9223372036854775807, 0, 9223372036852765807
0, 2011, 0, 9223372036854775807, 0, 9223372036852764807
0, 2012, 0, 9223372036854775807, 0, 9223372036852763807
0, 2013, 0, 9223372036854775807, 0, 9223372036852762807
0, 2014, 0, 9223372036854775807, 0, 9223372036852761807
0, 2015, 0, 9223372036854775807, 0, 9223372036852760807
0, 2016, 0, 9223372036854775807, 0, 9223372036852759807
0, 2017, 0, 9223372036854775807, 0, 9223372036852758807
0, 2018, 0, 9223372036854775807, 0, 9223372036852757807
0, 2019, 0, 9223372036854775807, 0, 9223372036852756807
0, 202, 0, 9223372036854775807, 0, 9223372036854573807
0, 2020, 0, 9223372036854775807, 0, 9223372036852755807
0, 2021, 0, 9223372036854775807, 0, 9223372036852754807
0, 2022, 0, 9223372036854775807, 0, 9223372036852753807
0, 2023, 0, 9223372036854775807, 0, 9223372036852752807
0, 2024, 0, 9223372036854775807, 0, 9223372036852751807
0, 2025, 0, 9223372036854775807, 0, 9223372036852750807
0, 2026, 0, 9223372036854775807, 0, 9223372036852749807
0, 2027, 0, 9223372036854775807, 0, 9223372036852748807
0, 2028, 0, 9223372036854775807, 0, 9223372036852747807
0, 2029, 0, 9223372036854775807, 0, 9223372036852746807
0, 203, 0, 9223372036854775807, 0, 9223372036854572807
0, 2030, 0, 9223372036854775807, 0, 9223372036852745807
0, 2031, 0, 9223372036854775807, 0, 9223372036852744807
0, 2032, 0, 9223372036854775807, 0, 9223372036852743807
0, 2033, 0, 9223372036854775807, 0, 9223372036852742807
0, 2034, 0, 9223372036854775807, 0, 9223372036852741807
0, 2035, 0, 9223372036854775807, 0, 9223372036852740807
0, 2036, 0, 9223372036854775807, 0, 9223372036852739807
0, 2037, 0, 9223372036854775807, 0, 9223372036852738807
0, 2038, 0, 9223372036854775807, 0, 9223372036852737807
0, 2039, 0, 9223372036854775807, 0, 9223372036852736807
0, 204, 0, 9223372036854775807, 0, 9223372036854571807
0, 2040, 0, 9223372036854775807, 0, 9223372036852735807
0, 2041, 0, 9223372036854775807, 0, 9223372036852734807
0, 2042, 0, 9223372036854775807, 0, 9223372036852733807
0, 2043, 0, 9223372036854775807, 0, 9223372036852732807
0, 2044, 0, 9223372036854775807, 0, 9223372036852731807
0, 2045, 0, 9223372036854775807, 0, 9223372036852730807
0, 2046, 0, 9223372036854775807, 0, 9223372036852729807
0, 2047, 0, 9223372036854775807, 0, 9223372036852728807
0, 2048, 0, 9223372036854775807, 0, 9223372036852727807
0, 2049, 0, 9223372036854775807, 0, 9223372036852726807
0, 205, 0, 9223372036854775807, 0, 9223372036854570807
0, 2050, 0, 9223372036854775807, 0, 9223372036852725807
0, 2051, 0, 9223372036854775807, 0, 9223372036852724807
0, 2052, 0, 9223372036854775807, 0, 9223372036852723807
0, 2053, 0, 9223372036854775807, 0, 9223372036852722807
0, 2054, 0, 9223372036854775807, 0, 9223372036852721807
0, 2055, 0, 9223372036854775807, 0, 9223372036852720807
0, 2056, 0, 9223372036854775807, 0, 9223372036852719807
0, 2057, 0, 9223372036854775807, 0, 9223372036852718807
0, 2058, 0, 9223372036854775807, 0, 9223372036852717807
0, 2059, 0, 9223372036854775807, 0, 9223372036852716807
0, 206, 0, 9223372036854775807, 0, 9223372036854569807
0, 2060, 0, 9223372036854775807, 0, 9223372036852715807
0, 2061, 0, 9223372036854775807, 0, 9223372036852714807
0, 2062, 0, 9223372036854775807, 0, 9223372036852713807
0, 2063, 0, 9223372036854775807, 0, 9223372036852712807
0, 2064, 0, 9223372036854775807, 0, 9223372036852711807
0, 2065, 0, 9223372036854775807, 0, 9223372036852710807
0, 2066, 0, 9223372036854775807, 0, 9223372036852709807
0, 2067, 0, 9223372036854775807, 0, 9223372036852708807
0, 2068, 0, 9223372036854775807, 0, 9223372036852707807
0, 2069, 0, 9223372036854775807, 0, 9223372036852706807
0, 207, 0, 9223372036854775807, 0, 9223372036854568807
0, 2070, 0, 9223372036854775807, 0, 9223372036852705807
0, 2071, 0, 9223372036854775807, 0, 9223372036852704807
0, 2072, 0, 9223372036854775807, 0, 9223372036852703807
0, 2073, 0, 9223372036854775807, 0, 9223372036852702807
0, 2074, 0, 9223372036854775807, 0, 9223372036852701807
0, 2075, 0, 9223372036854775807, 0, 9223372036852700807
0, 2076, 0, 9223372036854775807, 0, 9223372036852699807
0, 2077, 0, 9223372036854775807, 0, 9223372036852698807
0, 2078, 0, 9223372036854775807, 0, 9223372036852697807
0, 2079, 0, 9223372036854775807, 0, 9223372036852696807
0, 208, 0, 9223372036854775807, 0, 9223372036854567807
0, 2080, 0, 9223372036854775807, 0, 9223372036852695807
0, 2081, 0, 9223372036854775807, 0, 9223372036852694807
0, 2082, 0, 9223372036854775807, 0, 9223372036852693807
0, 2083, 0, 9223372036854775807, 0, 9223372036852692807
0, 2084, 0, 9223372036854775807, 0, 9223372036852691807
0, 2085, 0, 9223372036854775807, 0, 9223372036852690807
0, 2086, 0, 9223372036854775807, 0, 9223372036852689807
0, 2087, 0, 9223372036854775807, 0, 9223372036852688807
0, 2088, 0, 9223372036854775807, 0, 9223372036852687807
0, 2089, 0, 9223372036854775807, 0, 9223372036852686807
0, 209, 0, 9223372036854775807, 0, 9223372036854566807
0, 2090, 0, 9223372036854775807, 0, 9223372036852685807
0, 2091, 0, 9223372036854775807, 0, 9223372036852684807
0, 2092, 0, 9223372036854775807, 0, 9223372036852683807
0, 2093, 0, 9223372036854775807, 0, 9223372036852682807
0, 2094, 0, 9223372036854775807, 0, 9223372036852681807
0, 2095, 0, 9223372036854775807, 0, 9223372036852680807
0, 2096, 0, 9223372036854775807, 0, 9223372036852679807
0, 2097, 0, 9223372036854775807, 0, 9223372036852678807
0, 2098, 0, 9223372036854775807, 0, 9223372036852677807
0, 2099, 0, 9223372036854775807, 0, 9223372036852676807
0, 21, 0, 9223372036854775807, 0, 9223372036854754807
0, 210, 0, 9223372036854775807, 0, 9223372036854565807
0, 2100, 0, 9223372036854775807, 0, 9223372036852675807
0, 2101, 0, 9223372036854775807, 0, 9223372036852674807
0, 2102, 0, 9223372036854775807, 0, 9223372036852673807
0, 2103, 0, 9223372036854775807, 0, 9223372036852672807
0, 2104, 0, 9223372036854775807, 0, 9223372036852671807
0, 2105, 0, 9223372036854775807, 0, 9223372036852670807
0, 2106, 0, 9223372036854775807, 0, 9223372036852669807
0, 2107, 0, 9223372036854775807, 0, 9223372036852668807
0, 2108, 0, 9223372036854775807, 0, 9223372036852667807
0, 2109, 0, 9223372036854775807, 0, 9223372036852666807
0, 211, 0, 9223372036854775807, 0, 9223372036854564807
0, 2110, 0, 9223372036854775807, 0, 9223372036852665807
0, 2111, 0, 9223372036854775807, 0, 9223372036852664807
0, 2112, 0, 9223372036854775807, 0, 9223372036852663807
0, 2113, 0, 9223372036854775807, 0, 9223372036852662807
0, 2114, 0, 9223372036854775807, 0, 9223372036852661807
0, 2115, 0, 9223372036854775807, 0, 9223372036852660807
0, 2116, 0, 9223372036854775807, 0, 9223372036852659807
0, 2117, 0, 9223372036854775807, 0, 9223372036852658807
0, 2118, 0, 9223372036854775807, 0, 9223372036852657807
0, 2119, 0, 9223372036854775807, 0, 9223372036852656807
0, 212, 0, 9223372036854775807, 0, 9223372036854563807
0, 2120, 0, 9223372036854775807, 0, 9223372036852655807
0, 2121, 0, 9223372036854775807, 0, 9223372036852654807
0, 2122, 0, 9223372036854775807, 0, 9223372036852653807
0, 2123, 0, 9223372036854775807, 0, 9223372036852652807
0, 2124, 0, 9223372036854775807, 0, 9223372036852651807
0, 2125, 0, 9223372036854775807, 0, 9223372036852650807
0, 2126, 0, 9223372036854775807, 0, 9223372036852649807
0, 2127, 0, 9223372036854775807, 0, 9223372036852648807
0, 2128, 0, 9223372036854775807, 0, 9223372036852647807
0, 2129, 0, 9223372036854775807, 0, 9223372036852646807
0, 213, 0, 9223372036854775807, 0, 9223372036854562807
0, 2130, 0, 9223372036854775807, 0, 9223372036852645807
0, 2131, 0, 9223372036854775807, 0, 9223372036852644807
0, 2132, 0, 9223372036854775807, 0, 9223372036852643807
0, 2133, 0, 9223372036854775807, 0, 9223372036852642807
0, 2134, 0, 9223372036854775807, 0, 9223372036852641807
0, 2135, 0, 9223372036854775807, 0, 9223372036852640807
0, 2136, 0, 9223372036854775807, 0, 9223372036852639807
0, 2137, 0, 9223372036854775807, 0, 9223372036852638807
0, 2138, 0, 9223372036854775807, 0, 9223372036852637807
0, 2139, 0, 9223372036854775807, 0, 9223372036852636807
0, 214, 0, 9223372036854775807, 0, 9223372036854561807
0, 2140, 0, 9223372036854775807, 0, 9223372036852635807
0, 2141, 0, 9223372036854775807, 0, 9223372036852634807
0, 2142, 0, 9223372036854775807, 0, 9223372036852633807
0, 2143, 0, 9223372036854775807, 0, 9223372036852632807
0, 2144, 0, 9223372036854775807, 0, 9223372036852631807
0, 2145, 0, 9223372036854775807, 0, 9223372036852630807
0, 2146, 0, 9223372036854775807, 0, 9223372036852629807
0, 2147, 0, 9223372036854775807, 0, 9223372036852628807
0, 2148, 0, 9223372036854775807, 0, 9223372036852627807
0, 2149, 0, 9223372036854775807, 0, 9223372036852626807
0, 215, 0, 9223372036854775807, 0, 9223372036854560807
0, 2150, 0, 9223372036854775807, 0, 9223372036852625807
0, 2151, 0, 9223372036854775807, 0, 9223372036852624807
0, 2152, 0, 9223372036854775807, 0, 9223372036852623807
0, 2153, 0, 9223372036854775807, 0, 9223372036852622807
0, 2154, 0, 9223372036854775807, 0, 9223372036852621807
0, 2155, 0, 9223372036854775807, 0, 9223372036852620807
0, 2156, 0, 9223372036854775807, 0, 9223372036852619807
0, 2157, 0, 9223372036854775807, 0, 9223372036852618807
0, 2158, 0, 9223372036854775807, 0, 9223372036852617807
0, 2159, 0, 9223372036854775807, 0, 9223372036852616807
0, 216, 0, 9223372036854775807, 0, 9223372036854559807
0, 2160, 0, 9223372036854775807, 0, 9223372036852615807
0, 2161, 0, 9223372036854775807, 0, 9223372036852614807
0, 2162, 0, 9223372036854775807, 0, 9223372036852613807
0, 2163, 0, 9223372036854775807, 0, 9223372036852612807
0, 2164, 0, 9223372036854775807, 0, 9223372036852611807
0, 2165, 0, 9223372036854775807, 0, 9223372036852610807
0, 2166, 0, 9223372036854775807, 0, 9223372036852609807
0, 2167, 0, 9223372036854775807, 0, 9223372036852608807
0, 2168, 0, 9223372036854775807, 0, 9223372036852607807
0, 2169, 0, 9223372036854775807, 0, 9223372036852606807
0, 217, 0, 9223372036854775807, 0, 9223372036854558807
0, 2170, 0, 9223372036854775807, 0, 9223372036852605807
0, 2171, 0, 9223372036854775807, 0, 9223372036852604807
0, 2172, 0, 9223372036854775807, 0, 9223372036852603807
0, 2173, 0, 9223372036854775807, 0, 9223372036852602807
0, 2174, 0, 9223372036854775807, 0, 9223372036852601807
0, 2175, 0, 9223372036854775807, 0, 9223372036852600807
0, 2176, 0, 9223372036854775807, 0, 9223372036852599807
0, 2177, 0, 9223372036854775807, 0, 9223372036852598807
0, 2178, 0, 9223372036854775807, 0, 9223372036852597807
0, 2179, 0, 9223372036854775807, 0, 9223372036852596807
0, 218, 0, 9223372036854775807, 0, 9223372036854557807
0, 2180, 0, 9223372036854775807, 0, 9223372036852595807
0, 2181, 0, 9223372036854775807, 0, 9223372036852594807
0, 2182, 0, 9223372036854775807, 0, 9223372036852593807
0, 2183, 0, 9223372036854775807, 0, 9223372036852592807
0, 2184, 0, 9223372036854775807, 0, 9223372036852591807
0, 2185, 0, 9223372036854775807, 0, 9223372036852590807
0, 2186, 0, 9223372036854775807, 0, 9223372036852589807
0, 2187, 0, 9223372036854775807, 0, 9223372036852588807
0, 2188, 0, 9223372036854775807, 0, 9223372036852587807
0, 2189, 0, 9223372036854775807, 0, 9223372036852586807
0, 219, 0, 9223372036854775807, 0, 9223372036854556807
0, 2190, 0, 9223372036854775807, 0, 9223372036852585807
0, 2191, 0, 9223372036854775807, 0, 9223372036852584807
0, 2192, 0, 9223372036854775807, 0, 9223372036852583807
0, 2193, 0, 9223372036854775807, 0, 9223372036852582807
0, 2194, 0, 9223372036854775807, 0, 9223372036852581807
0, 2195, 0, 9223372036854775807, 0, 9223372036852580807
0, 2196, 0, 9223372036854775807, 0, 9223372036852579807
0, 2197, 0, 9223372036854775807, 0, 9223372036852578807
0, 2198, 0, 9223372036854775807, 0, 9223372036852577807
0, 2199, 0, 9223372036854775807, 0, 9223372036852576807
0, 22, 0, 9223372036854775807, 0, 9223372036854753807
0, 220, 0, 9223372036854775807, 0, 9223372036854555807
0, 2200, 0, 9223372036854775807, 0, 9223372036852575807
0, 2201, 0, 9223372036854775807, 0, 9223372036852574807
0, 2202, 0, 9223372036854775807, 0, 9223372036852573807
0, 2203, 0, 9223372036854775807, 0, 9223372036852572807
0, 2204, 0, 9223372036854775807, 0, 9223372036852571807
0, 2205, 0, 9223372036854775807, 0, 9223372036852570807
0, 2206, 0, 9223372036854775807, 0, 9223372036852569807
0, 2207, 0, 9223372036854775807, 0, 9223372036852568807
0, 2208, 0, 9223372036854775807, 0, 9223372036852567807
0, 2209, 0, 9223372036854775807, 0, 9223372036852566807
0, 221, 0, 9223372036854775807, 0, 9223372036854554807
0, 2210, 0, 9223372036854775807, 0, 9223372036852565807
0, 2211, 0, 9223372036854775807, 0, 9223372036852564807
0, 2212, 0, 9223372036854775807, 0, 9223372036852563807
0, 2213, 0, 9223372036854775807, 0, 9223372036852562807
0, 2214, 0, 9223372036854775807, 0, 9223372036852561807
0, 2215, 0, 9223372036854775807, 0, 9223372036852560807
0, 2216, 0, 9223372036854775807, 0, 9223372036852559807
0, 2217, 0, 9223372036854775807, 0, 9223372036852558807
0, 2218, 0, 9223372036854775807, 0, 9223372036852557807
0, 2219, 0, 9223372036854775807, 0, 9223372036852556807
0, 222, 0, 9223372036854775807, 0, 9223372036854553807
0, 2220, 0, 9223372036854775807, 0, 9223372036852555807
0, 2221, 0, 9223372036854775807, 0, 9223372036852554807
0, 2222, 0, 9223372036854775807, 0, 9223372036852553807
0, 2223, 0, 9223372036854775807, 0, 9223372036852552807
0, 2224, 0, 9223372036854775807, 0, 9223372036852551807
0, 2225, 0, 9223372036854775807, 0, 9223372036852550807
0, 2226, 0, 9223372036854775807, 0, 9223372036852549807
0, 2227, 0, 9223372036854775807, 0, 9223372036852548807
0, 2228, 0, 9223372036854775807, 0, 9223372036852547807
0, 2229, 0, 9223372036854775807, 0, 9223372036852546807
0, 223, 0, 9223372036854775807, 0, 9223372036854552807
0, 2230, 0, 9223372036854775807, 0, 9223372036852545807
0, 2231, 0, 9223372036854775807, 0, 9223372036852544807
0, 2232, 0, 9223372036854775807, 0, 9223372036852543807
0, 2233, 0, 9223372036854775807, 0, 9223372036852542807
0, 2234, 0, 9223372036854775807, 0, 9223372036852541807
0, 2235, 0, 9223372036854775807, 0, 9223372036852540807
0, 2236, 0, 9223372036854775807, 0, 9223372036852539807
0, 2237, 0, 9223372036854775807, 0, 9223372036852538807
0, 2238, 0, 9223372036854775807, 0, 9223372036852537807
0, 2239, 0, 9223372036854775807, 0, 9223372036852536807
0, 224, 0, 9223372036854775807, 0, 9223372036854551807
0, 2240, 0, 9223372036854775807, 0, 9223372036852535807
0, 2241, 0, 9223372036854775807, 0, 9223372036852534807
0, 2242, 0, 9223372036854775807, 0, 9223372036852533807
0, 2243, 0, 9223372036854775807, 0, 9223372036852532807
0, 2244, 0, 9223372036854775807, 0, 9223372036852531807
0, 2245, 0, 9223372036854775807, 0, 9223372036852530807
0, 2246, 0, 9223372036854775807, 0, 9223372036852529807
0, 2247, 0, 9223372036854775807, 0, 9223372036852528807
0, 2248, 0, 9223372036854775807, 0, 9223372036852527807
0, 2249, 0, 9223372036854775807, 0, 9223372036852526807
0, 225, 0, 9223372036854775807, 0, 9223372036854550807
0, 2250, 0, 9223372036854775807, 0, 9223372036852525807
0, 2251, 0, 9223372036854775807, 0, 9223372036852524807
0, 2252, 0, 9223372036854775807, 0, 9223372036852523807
0, 2253, 0, 9223372036854775807, 0, 9223372036852522807
0, 2254, 0, 9223372036854775807, 0, 9223372036852521807
0, 2255, 0, 9223372036854775807, 0, 9223372036852520807
0, 2256, 0, 9223372036854775807, 0, 9223372036852519807
0, 2257, 0, 9223372036854775807, 0, 9223372036852518807
0, 2258, 0, 9223372036854775807, 0, 9223372036852517807
0, 2259, 0, 9223372036854775807, 0, 9223372036852516807
0, 226, 0, 9223372036854775807, 0, 9223372036854549807
0, 2260, 0, 9223372036854775807, 0, 9223372036852515807
0, 2261, 0, 9223372036854775807, 0, 9223372036852514807
0, 2262, 0, 9223372036854775807, 0, 9223372036852513807
0, 2263, 0, 9223372036854775807, 0, 9223372036852512807
0, 2264, 0, 9223372036854775807, 0, 9223372036852511807
0, 2265, 0, 9223372036854775807, 0, 9223372036852510807
0, 2266, 0, 9223372036854775807, 0, 9223372036852509807
0, 2267, 0, 9223372036854775807, 0, 9223372036852508807
0, 2268, 0, 9223372036854775807, 0, 9223372036852507807
0, 2269, 0, 9223372036854775807, 0, 9223372036852506807
0, 227, 0, 9223372036854775807, 0, 9223372036854548807
0, 2270, 0, 9223372036854775807, 0, 9223372036852505807
0, 2271, 0, 9223372036854775807, 0, 9223372036852504807
0, 2272, 0, 9223372036854775807, 0, 9223372036852503807
0, 2273, 0, 9223372036854775807, 0, 9223372036852502807
0, 2274, 0, 9223372036854775807, 0, 9223372036852501807
0, 2275, 0, 9223372036854775807, 0, 9223372036852500807
0, 2276, 0, 9223372036854775807, 0, 9223372036852499807
0, 2277, 0, 9223372036854775807, 0, 9223372036852498807
0, 2278, 0, 9223372036854775807, 0, 9223372036852497807
0, 2279, 0, 9223372036854775807, 0, 9223372036852496807
0, 228, 0, 9223372036854775807, 0, 9223372036854547807
0, 2280, 0, 9223372036854775807, 0, 9223372036852495807
0, 2281, 0, 9223372036854775807, 0, 9223372036852494807
0, 2282, 0, 9223372036854775807, 0, 9223372036852493807
0, 2283, 0, 9223372036854775807, 0, 9223372036852492807
0, 2284, 0, 9223372036854775807, 0, 9223372036852491807
0, 2285, 0, 9223372036854775807, 0, 9223372036852490807
0, 2286, 0, 9223372036854775807, 0, 9223372036852489807
0, 2287, 0, 9223372036854775807, 0, 9223372036852488807
0, 2288, 0, 9223372036854775807, 0, 9223372036852487807
0, 2289, 0, 9223372036854775807, 0, 9223372036852486807
0, 229, 0, 9223372036854775807, 0, 9223372036854546807
0, 2290, 0, 9223372036854775807, 0, 9223372036852485807
0, 2291, 0, 9223372036854775807, 0, 9223372036852484807
0, 2292, 0, 9223372036854775807, 0, 9223372036852483807
0, 2293, 0, 9223372036854775807, 0, 9223372036852482807
0, 2294, 0, 9223372036854775807, 0, 9223372036852481807
0, 2295, 0, 9223372036854775807, 0, 9223372036852480807
0, 2296, 0, 9223372036854775807, 0, 9223372036852479807
0, 2297, 0, 9223372036854775807, 0, 9223372036852478807
0, 2298, 0, 9223372036854775807, 0, 9223372036852477807
0, 2299, 0, 9223372036854775807, 0, 9223372036852476807
0, 23, 0, 9223372036854775807, 0, 9223372036854752807
0, 230, 0, 9223372036854775807, 0, 9223372036854545807
0, 2300, 0, 9223372036854775807, 0, 9223372036852475807
0, 2301, 0, 9223372036854775807, 0, 9223372036852474807
0, 2302, 0, 9223372036854775807, 0, 9223372036852473807
0, 2303, 0, 9223372036854775807, 0, 9223372036852472807
0, 2304, 0, 9223372036854775807, 0, 9223372036852471807
0, 2305, 0, 9223372036854775807, 0, 9223372036852470807
0, 2306, 0, 9223372036854775807, 0, 9223372036852469807
0, 2307, 0, 9223372036854775807, 0, 9223372036852468807
0, 2308, 0, 9223372036854775807, 0, 9223372036852467807
0, 2309, 0, 9223372036854775807, 0, 9223372036852466807
0, 231, 0, 9223372036854775807, 0, 9223372036854544807
0, 2310, 0, 9223372036854775807, 0, 9223372036852465807
0, 2311, 0, 9223372036854775807, 0, 9223372036852464807
0, 2312, 0, 9223372036854775807, 0, 9223372036852463807
0, 2313, 0, 9223372036854775807, 0, 9223372036852462807
0, 2314, 0, 9223372036854775807, 0, 9223372036852461807
0, 2315, 0, 9223372036854775807, 0, 9223372036852460807
0, 2316, 0, 9223372036854775807, 0, 9223372036852459807
0, 2317, 0, 9223372036854775807, 0, 9223372036852458807
0, 2318, 0, 9223372036854775807, 0, 9223372036852457807
0, 2319, 0, 9223372036854775807, 0, 9223372036852456807
0, 232, 0, 9223372036854775807, 0, 9223372036854543807
0, 2320, 0, 9223372036854775807, 0, 9223372036852455807
0, 2321, 0, 9223372036854775807, 0, 9223372036852454807
0, 2322, 0, 9223372036854775807, 0, 9223372036852453807
0, 2323, 0, 9223372036854775807, 0, 9223372036852452807
0, 2324, 0, 9223372036854775807, 0, 9223372036852451807
0, 2325, 0, 9223372036854775807, 0, 9223372036852450807
0, 2326, 0, 9223372036854775807, 0, 9223372036852449807
0, 2327, 0, 9223372036854775807, 0, 9223372036852448807
0, 2328, 0, 9223372036854775807, 0, 9223372036852447807
0, 2329, 0, 9223372036854775807, 0, 9223372036852446807
0, 233, 0, 9223372036854775807, 0, 9223372036854542807
0, 2330, 0, 9223372036854775807, 0, 9223372036852445807
0, 2331, 0, 9223372036854775807, 0, 9223372036852444807
0, 2332, 0, 9223372036854775807, 0, 9223372036852443807
0, 2333, 0, 9223372036854775807, 0, 9223372036852442807
0, 2334, 0, 9223372036854775807, 0, 9223372036852441807
0, 2335, 0, 9223372036854775807, 0, 9223372036852440807
0, 2336, 0, 9223372036854775807, 0, 9223372036852439807
0, 2337, 0, 9223372036854775807, 0, 9223372036852438807
0, 2338, 0, 9223372036854775807, 0, 9223372036852437807
0, 2339, 0, 9223372036854775807, 0, 9223372036852436807
0, 234, 0, 9223372036854775807, 0, 9223372036854541807
0, 2340, 0, 9223372036854775807, 0, 9223372036852435807
0, 2341, 0, 9223372036854775807, 0, 9223372036852434807
0, 2342, 0, 9223372036854775807, 0, 9223372036852433807
0, 2343, 0, 9223372036854775807, 0, 9223372036852432807
0, 2344, 0, 9223372036854775807, 0, 9223372036852431807
0, 2345, 0, 9223372036854775807, 0, 9223372036852430807
0, 2346, 0, 9223372036854775807, 0, 9223372036852429807
0, 2347, 0, 9223372036854775807, 0, 9223372036852428807
0, 2348, 0, 9223372036854775807, 0, 9223372036852427807
0, 2349, 0, 9223372036854775807, 0, 9223372036852426807
0, 235, 0, 9223372036854775807, 0, 9223372036854540807
0, 2350, 0, 9223372036854775807, 0, 9223372036852425807
0, 2351, 0, 9223372036854775807, 0, 9223372036852424807
0, 2352, 0, 9223372036854775807, 0, 9223372036852423807
0, 2353, 0, 9223372036854775807, 0, 9223372036852422807
0, 2354, 0, 9223372036854775807, 0, 9223372036852421807
0, 2355, 0, 9223372036854775807, 0, 9223372036852420807
0, 2356, 0, 9223372036854775807, 0, 9223372036852419807
0, 2357, 0, 9223372036854775807, 0, 9223372036852418807
0, 2358, 0, 9223372036854775807, 0, 9223372036852417807
0, 2359, 0, 9223372036854775807, 0, 9223372036852416807
0, 236, 0, 9223372036854775807, 0, 9223372036854539807
0, 2360, 0, 9223372036854775807, 0, 9223372036852415807
0, 2361, 0, 9223372036854775807, 0, 9223372036852414807
0, 2362, 0, 9223372036854775807, 0, 9223372036852413807
0, 2363, 0, 9223372036854775807, 0, 9223372036852412807
0, 2364, 0, 9223372036854775807, 0, 9223372036852411807
0, 2365, 0, 9223372036854775807, 0, 9223372036852410807
0, 2366, 0, 9223372036854775807, 0, 9223372036852409807
0, 2367, 0, 9223372036854775807, 0, 9223372036852408807
0, 2368, 0, 9223372036854775807, 0, 9223372036852407807
0, 2369, 0, 9223372036854775807, 0, 9223372036852406807
0, 237, 0, 9223372036854775807, 0, 9223372036854538807
0, 2370, 0, 9223372036854775807, 0, 9223372036852405807
0, 2371, 0, 9223372036854775807, 0, 9223372036852404807
0, 2372, 0, 9223372036854775807, 0, 9223372036852403807
0, 2373, 0, 9223372036854775807, 0, 9223372036852402807
0, 2374, 0, 9223372036854775807, 0, 9223372036852401807
0, 2375, 0, 9223372036854775807, 0, 9223372036852400807
0, 2376, 0, 9223372036854775807, 0, 9223372036852399807
0, 2377, 0, 9223372036854775807, 0, 9223372036852398807
0, 2378, 0, 9223372036854775807, 0, 9223372036852397807
0, 2379, 0, 9223372036854775807, 0, 9223372036852396807
0, 238, 0, 9223372036854775807, 0, 9223372036854537807
0, 2380, 0, 9223372036854775807, 0, 9223372036852395807
0, 2381, 0, 9223372036854775807, 0, 9223372036852394807
0, 2382, 0, 9223372036854775807, 0, 9223372036852393807
0, 2383, 0, 9223372036854775807, 0, 9223372036852392807
0, 2384, 0, 9223372036854775807, 0, 9223372036852391807
0, 2385, 0, 9223372036854775807, 0, 9223372036852390807
0, 2386, 0, 9223372036854775807, 0, 9223372036852389807
0, 2387, 0, 9223372036854775807, 0, 9223372036852388807
0, 2388, 0, 9223372036854775807, 0, 9223372036852387807
0, 2389, 0, 9223372036854775807, 0, 9223372036852386807
0, 239, 0, 9223372036854775807, 0, 9223372036854536807
0, 2390, 0, 9223372036854775807, 0, 9223372036852385807
0, 2391, 0, 9223372036854775807, 0, 9223372036852384807
0, 2392, 0, 9223372036854775807, 0, 9223372036852383807
0, 2393, 0, 9223372036854775807, 0, 9223372036852382807
0, 2394, 0, 9223372036854775807, 0, 9223372036852381807
0, 2395, 0, 9223372036854775807, 0, 9223372036852380807
0, 2396, 0, 9223372036854775807, 0, 9223372036852379807
0, 2397, 0, 9223372036854775807, 0, 9223372036852378807
0, 2398, 0, 9223372036854775807, 0, 9223372036852377807
0, 2399, 0, 9223372036854775807, 0, 9223372036852376807
0, 24, 0, 9223372036854775807, 0, 9223372036854751807
0, 240, 0, 9223372036854775807, 0, 9223372036854535807
0, 2400, 0, 9223372036854775807, 0, 9223372036852375807
0, 2401, 0, 9223372036854775807, 0, 9223372036852374807
0, 2402, 0, 9223372036854775807, 0, 9223372036852373807
0, 2403, 0, 9223372036854775807, 0, 9223372036852372807
0, 2404, 0, 9223372036854775807, 0, 9223372036852371807
0, 2405, 0, 9223372036854775807, 0, 9223372036852370807
0, 2406, 0, 9223372036854775807, 0, 9223372036852369807
0, 2407, 0, 9223372036854775807, 0, 9223372036852368807
0, 2408, 0, 9223372036854775807, 0, 9223372036852367807
0, 2409, 0, 9223372036854775807, 0, 9223372036852366807
0, 241, 0, 9223372036854775807, 0, 9223372036854534807
0, 2410, 0, 9223372036854775807, 0, 9223372036852365807
0, 2411, 0, 9223372036854775807, 0, 9223372036852364807
0, 2412, 0, 9223372036854775807, 0, 9223372036852363807
0, 2413, 0, 9223372036854775807, 0, 9223372036852362807
0, 2414, 0, 9223372036854775807, 0, 9223372036852361807
0, 2415, 0, 9223372036854775807, 0, 9223372036852360807
0, 2416, 0, 9223372036854775807, 0, 9223372036852359807
0, 2417, 0, 9223372036854775807, 0, 9223372036852358807
0, 2418, 0, 9223372036854775807, 0, 9223372036852357807
0, 2419, 0, 9223372036854775807, 0, 9223372036852356807
0, 242, 0, 9223372036854775807, 0, 9223372036854533807
0, 2420, 0, 9223372036854775807, 0, 9223372036852355807
0, 2421, 0, 9223372036854775807, 0, 9223372036852354807
0, 2422, 0, 9223372036854775807, 0, 9223372036852353807
0, 2423, 0, 9223372036854775807, 0, 9223372036852352807
0, 2424, 0, 9223372036854775807, 0, 9223372036852351807
0, 2425, 0, 9223372036854775807, 0, 9223372036852350807
0, 2426, 0, 9223372036854775807, 0, 9223372036852349807
0, 2427, 0, 9223372036854775807, 0, 9223372036852348807
0, 2428, 0, 9223372036854775807, 0, 9223372036852347807
0, 2429, 0, 9223372036854775807, 0, 9223372036852346807
0, 243, 0, 9223372036854775807, 0, 9223372036854532807
0, 2430, 0, 9223372036854775807, 0, 9223372036852345807
0, 2431, 0, 9223372036854775807, 0, 9223372036852344807
0, 2432, 0, 9223372036854775807, 0, 9223372036852343807
0, 2433, 0, 9223372036854775807, 0, 9223372036852342807
0, 2434, 0, 9223372036854775807, 0, 9223372036852341807
0, 2435, 0, 9223372036854775807, 0, 9223372036852340807
0, 2436, 0, 9223372036854775807, 0, 9223372036852339807
0, 2437, 0, 9223372036854775807, 0, 9223372036852338807
0, 2438, 0, 9223372036854775807, 0, 9223372036852337807
0, 2439, 0, 9223372036854775807, 0, 9223372036852336807
0, 244, 0, 9223372036854775807, 0, 9223372036854531807
0, 2440, 0, 9223372036854775807, 0, 9223372036852335807
0, 2441, 0, 9223372036854775807, 0, 9223372036852334807
0, 2442, 0, 9223372036854775807, 0, 9223372036852333807
0, 2443, 0, 9223372036854775807, 0, 9223372036852332807
0, 2444, 0, 9223372036854775807, 0, 9223372036852331807
0, 2445, 0, 9223372036854775807, 0, 9223372036852330807
0, 2446, 0, 9223372036854775807, 0, 9223372036852329807
0, 2447, 0, 9223372036854775807, 0, 9223372036852328807
0, 2448, 0, 9223372036854775807, 0, 9223372036852327807
0, 2449, 0, 9223372036854775807, 0, 9223372036852326807
0, 245, 0, 9223372036854775807, 0, 9223372036854530807
0, 2450, 0, 9223372036854775807, 0, 9223372036852325807
0, 2451, 0, 9223372036854775807, 0, 9223372036852324807
0, 2452, 0, 9223372036854775807, 0, 9223372036852323807
0, 2453, 0, 9223372036854775807, 0, 9223372036852322807
0, 2454, 0, 9223372036854775807, 0, 9223372036852321807
0, 2455, 0, 9223372036854775807, 0, 9223372036852320807
0, 2456, 0, 9223372036854775807, 0, 9223372036852319807
0, 2457, 0, 9223372036854775807, 0, 9223372036852318807
0, 2458, 0, 9223372036854775807, 0, 9223372036852317807
0, 2459, 0, 9223372036854775807, 0, 9223372036852316807
0, 246, 0, 9223372036854775807, 0, 9223372036854529807
0, 2460, 0, 9223372036854775807, 0, 9223372036852315807
0, 2461, 0, 9223372036854775807, 0, 9223372036852314807
0, 2462, 0, 9223372036854775807, 0, 9223372036852313807
0, 2463, 0, 9223372036854775807, 0, 9223372036852312807
0, 2464, 0, 9223372036854775807, 0, 9223372036852311807
0, 2465, 0, 9223372036854775807, 0, 9223372036852310807
0, 2466, 0, 9223372036854775807, 0, 9223372036852309807
0, 2467, 0, 9223372036854775807, 0, 9223372036852308807
0, 2468, 0, 9223372036854775807, 0, 9223372036852307807
0, 2469, 0, 9223372036854775807, 0, 9223372036852306807
0, 247, 0, 9223372036854775807, 0, 9223372036854528807
0, 2470, 0, 9223372036854775807, 0, 9223372036852305807
0, 2471, 0, 9223372036854775807, 0, 9223372036852304807
0, 2472, 0, 9223372036854775807, 0, 9223372036852303807
0, 2473, 0, 9223372036854775807, 0, 9223372036852302807
0, 2474, 0, 9223372036854775807, 0, 9223372036852301807
0, 2475, 0, 9223372036854775807, 0, 9223372036852300807
0, 2476, 0, 9223372036854775807, 0, 9223372036852299807
0, 2477, 0, 9223372036854775807, 0, 9223372036852298807
0, 2478, 0, 9223372036854775807, 0, 9223372036852297807
0, 2479, 0, 9223372036854775807, 0, 9223372036852296807
0, 248, 0, 9223372036854775807, 0, 9223372036854527807
0, 2480, 0, 9223372036854775807, 0, 9223372036852295807
0, 2481, 0, 9223372036854775807, 0, 9223372036852294807
0, 2482, 0, 9223372036854775807, 0, 9223372036852293807
0, 2483, 0, 9223372036854775807, 0, 9223372036852292807
0, 2484, 0, 9223372036854775807, 0, 9223372036852291807
0, 2485, 0, 9223372036854775807, 0, 9223372036852290807
0, 2486, 0, 9223372036854775807, 0, 9223372036852289807
0, 2487, 0, 9223372036854775807, 0, 9223372036852288807
0, 2488, 0, 9223372036854775807, 0, 9223372036852287807
0, 2489, 0, 9223372036854775807, 0, 9223372036852286807
0, 249, 0, 9223372036854775807, 0, 9223372036854526807
0, 2490, 0, 9223372036854775807, 0, 9223372036852285807
0, 2491, 0, 9223372036854775807, 0, 9223372036852284807
0, 2492, 0, 9223372036854775807, 0, 9223372036852283807
0, 2493, 0, 9223372036854775807, 0, 9223372036852282807
0, 2494, 0, 9223372036854775807, 0, 9223372036852281807
0, 2495, 0, 9223372036854775807, 0, 9223372036852280807
0, 2496, 0, 9223372036854775807, 0, 9223372036852279807
0, 2497, 0, 9223372036854775807, 0, 9223372036852278807
0, 2498, 0, 9223372036854775807, 0, 9223372036852277807
0, 2499, 0, 9223372036854775807, 0, 9223372036852276807
0, 25, 0, 9223372036854775807, 0, 9223372036854750807
0, 250, 0, 9223372036854775807, 0, 9223372036854525807
0, 2500, 0, 9223372036854775807, 0, 9223372036852275807
0, 2501, 0, 9223372036854775807, 0, 9223372036852274807
0, 2502, 0, 9223372036854775807, 0, 9223372036852273807
0, 2503, 0, 9223372036854775807, 0, 9223372036852272807
0, 2504, 0, 9223372036854775807, 0, 9223372036852271807
0, 2505, 0, 9223372036854775807, 0, 9223372036852270807
0, 2506, 0, 9223372036854775807, 0, 9223372036852269807
0, 2507, 0, 9223372036854775807, 0, 9223372036852268807
0, 2508, 0, 9223372036854775807, 0, 9223372036852267807
0, 2509, 0, 9223372036854775807, 0, 9223372036852266807
0, 251, 0, 9223372036854775807, 0, 9223372036854524807
0, 2510, 0, 9223372036854775807, 0, 9223372036852265807
0, 2511, 0, 9223372036854775807, 0, 9223372036852264807
0, 2512, 0, 9223372036854775807, 0, 9223372036852263807
0, 2513, 0, 9223372036854775807, 0, 9223372036852262807
0, 2514, 0, 9223372036854775807, 0, 9223372036852261807
0, 2515, 0, 9223372036854775807, 0, 9223372036852260807
0, 2516, 0, 9223372036854775807, 0, 9223372036852259807
0, 2517, 0, 9223372036854775807, 0, 9223372036852258807
0, 2518, 0, 9223372036854775807, 0, 9223372036852257807
0, 2519, 0, 9223372036854775807, 0, 9223372036852256807
0, 252, 0, 9223372036854775807, 0, 9223372036854523807
0, 2520, 0, 9223372036854775807, 0, 9223372036852255807
0, 2521, 0, 9223372036854775807, 0, 9223372036852254807
0, 2522, 0, 9223372036854775807, 0, 9223372036852253807
0, 2523, 0, 9223372036854775807, 0, 9223372036852252807
0, 2524, 0, 9223372036854775807, 0, 9223372036852251807
0, 2525, 0, 9223372036854775807, 0, 9223372036852250807
0, 2526, 0, 9223372036854775807, 0, 9223372036852249807
0, 2527, 0, 9223372036854775807, 0, 9223372036852248807
0, 2528, 0, 9223372036854775807, 0, 9223372036852247807
0, 2529, 0, 9223372036854775807, 0, 9223372036852246807
0, 253, 0, 9223372036854775807, 0, 9223372036854522807
0, 2530, 0, 9223372036854775807, 0, 9223372036852245807
0, 2531, 0, 9223372036854775807, 0, 9223372036852244807
0, 2532, 0, 9223372036854775807, 0, 9223372036852243807
0, 2533, 0, 9223372036854775807, 0, 9223372036852242807
0, 2534, 0, 9223372036854775807, 0, 9223372036852241807
0, 2535, 0, 9223372036854775807, 0, 9223372036852240807
0, 2536, 0, 9223372036854775807, 0, 9223372036852239807
0, 2537, 0, 9223372036854775807, 0, 9223372036852238807
0, 2538, 0, 9223372036854775807, 0, 9223372036852237807
0, 2539, 0, 9223372036854775807, 0, 9223372036852236807
0, 254, 0, 9223372036854775807, 0, 9223372036854521807
0, 2540, 0, 9223372036854775807, 0, 9223372036852235807
0, 2541, 0, 9223372036854775807, 0, 9223372036852234807
0, 2542, 0, 9223372036854775807, 0, 9223372036852233807
0, 2543, 0, 9223372036854775807, 0, 9223372036852232807
0, 2544, 0, 9223372036854775807, 0, 9223372036852231807
0, 2545, 0, 9223372036854775807, 0, 9223372036852230807
0, 2546, 0, 9223372036854775807, 0, 9223372036852229807
0, 2547, 0, 9223372036854775807, 0, 9223372036852228807
0, 2548, 0, 9223372036854775807, 0, 9223372036852227807
0, 2549, 0, 9223372036854775807, 0, 9223372036852226807
0, 255, 0, 9223372036854775807, 0, 9223372036854520807
0, 2550, 0, 9223372036854775807, 0, 9223372036852225807
0, 2551, 0, 9223372036854775807, 0, 9223372036852224807
0, 2552, 0, 9223372036854775807, 0, 9223372036852223807
0, 2553, 0, 9223372036854775807, 0, 9223372036852222807
0, 2554, 0, 9223372036854775807, 0, 9223372036852221807
0, 2555, 0, 9223372036854775807, 0, 9223372036852220807
0, 2556, 0, 9223372036854775807, 0, 9223372036852219807
0, 2557, 0, 9223372036854775807, 0, 9223372036852218807
0, 2558, 0, 9223372036854775807, 0, 9223372036852217807
0, 2559, 0, 9223372036854775807, 0, 9223372036852216807
0, 256, 0, 9223372036854775807, 0, 9223372036854519807
0, 2560, 0, 9223372036854775807, 0, 9223372036852215807
0, 2561, 0, 9223372036854775807, 0, 9223372036852214807
0, 2562, 0, 9223372036854775807, 0, 9223372036852213807
0, 2563, 0, 9223372036854775807, 0, 9223372036852212807
0, 2564, 0, 9223372036854775807, 0, 9223372036852211807
0, 2565, 0, 9223372036854775807, 0, 9223372036852210807
0, 2566, 0, 9223372036854775807, 0, 9223372036852209807
0, 2567, 0, 9223372036854775807, 0, 9223372036852208807
0, 2568, 0, 9223372036854775807, 0, 9223372036852207807
0, 2569, 0, 9223372036854775807, 0, 9223372036852206807
0, 257, 0, 9223372036854775807, 0, 9223372036854518807
0, 2570, 0, 9223372036854775807, 0, 9223372036852205807
0, 2571, 0, 9223372036854775807, 0, 9223372036852204807
0, 2572, 0, 9223372036854775807, 0, 9223372036852203807
0, 2573, 0, 9223372036854775807, 0, 9223372036852202807
0, 2574, 0, 9223372036854775807, 0, 9223372036852201807
0, 2575, 0, 9223372036854775807, 0, 9223372036852200807
0, 2576, 0, 9223372036854775807, 0, 9223372036852199807
0, 2577, 0, 9223372036854775807, 0, 9223372036852198807
0, 2578, 0, 9223372036854775807, 0, 9223372036852197807
0, 2579, 0, 9223372036854775807, 0, 9223372036852196807
0, 258, 0, 9223372036854775807, 0, 9223372036854517807
0, 2580, 0, 9223372036854775807, 0, 9223372036852195807
0, 2581, 0, 9223372036854775807, 0, 9223372036852194807
0, 2582, 0, 9223372036854775807, 0, 9223372036852193807
0, 2583, 0, 9223372036854775807, 0, 9223372036852192807
0, 2584, 0, 9223372036854775807, 0, 9223372036852191807
0, 2585, 0, 9223372036854775807, 0, 9223372036852190807
0, 2586, 0, 9223372036854775807, 0, 9223372036852189807
0, 2587, 0, 9223372036854775807, 0, 9223372036852188807
0, 2588, 0, 9223372036854775807, 0, 9223372036852187807
0, 2589, 0, 9223372036854775807, 0, 9223372036852186807
0, 259, 0, 9223372036854775807, 0, 9223372036854516807
0, 2590, 0, 9223372036854775807, 0, 9223372036852185807
0, 2591, 0, 9223372036854775807, 0, 9223372036852184807
0, 2592, 0, 9223372036854775807, 0, 9223372036852183807
0, 2593, 0, 9223372036854775807, 0, 9223372036852182807
0, 2594, 0, 9223372036854775807, 0, 9223372036852181807
0, 2595, 0, 9223372036854775807, 0, 9223372036852180807
0, 2596, 0, 9223372036854775807, 0, 9223372036852179807
0, 2597, 0, 9223372036854775807, 0, 9223372036852178807
0, 2598, 0, 9223372036854775807, 0, 9223372036852177807
0, 2599, 0, 9223372036854775807, 0, 9223372036852176807
0, 26, 0, 9223372036854775807, 0, 9223372036854749807
0, 260, 0, 9223372036854775807, 0, 9223372036854515807
0, 2600, 0, 9223372036854775807, 0, 9223372036852175807
0, 2601, 0, 9223372036854775807, 0, 9223372036852174807
0, 2602, 0, 9223372036854775807, 0, 9223372036852173807
0, 2603, 0, 9223372036854775807, 0, 9223372036852172807
0, 2604, 0, 9223372036854775807, 0, 9223372036852171807
0, 2605, 0, 9223372036854775807, 0, 9223372036852170807
0, 2606, 0, 9223372036854775807, 0, 9223372036852169807
0, 2607, 0, 9223372036854775807, 0, 9223372036852168807
0, 2608, 0, 9223372036854775807, 0, 9223372036852167807
0, 2609, 0, 9223372036854775807, 0, 9223372036852166807
0, 261, 0, 9223372036854775807, 0, 9223372036854514807
0, 2610, 0, 9223372036854775807, 0, 9223372036852165807
0, 2611, 0, 9223372036854775807, 0, 9223372036852164807
0, 2612, 0, 9223372036854775807, 0, 9223372036852163807
0, 2613, 0, 9223372036854775807, 0, 9223372036852162807
0, 2614, 0, 9223372036854775807, 0, 9223372036852161807
0, 2615, 0, 9223372036854775807, 0, 9223372036852160807
0, 2616, 0, 9223372036854775807, 0, 9223372036852159807
0, 2617, 0, 9223372036854775807, 0, 9223372036852158807
0, 2618, 0, 9223372036854775807, 0, 9223372036852157807
0, 2619, 0, 9223372036854775807, 0, 9223372036852156807
0, 262, 0, 9223372036854775807, 0, 9223372036854513807
0, 2620, 0, 9223372036854775807, 0, 9223372036852155807
0, 2621, 0, 9223372036854775807, 0, 9223372036852154807
0, 2622, 0, 9223372036854775807, 0, 9223372036852153807
0, 2623, 0, 9223372036854775807, 0, 9223372036852152807
0, 2624, 0, 9223372036854775807, 0, 9223372036852151807
0, 2625, 0, 9223372036854775807, 0, 9223372036852150807
0, 2626, 0, 9223372036854775807, 0, 9223372036852149807
0, 2627, 0, 9223372036854775807, 0, 9223372036852148807
0, 2628, 0, 9223372036854775807, 0, 9223372036852147807
0, 2629, 0, 9223372036854775807, 0, 9223372036852146807
0, 263, 0, 9223372036854775807, 0, 9223372036854512807
0, 2630, 0, 9223372036854775807, 0, 9223372036852145807
0, 2631, 0, 9223372036854775807, 0, 9223372036852144807
0, 2632, 0, 9223372036854775807, 0, 9223372036852143807
0, 2633, 0, 9223372036854775807, 0, 9223372036852142807
0, 2634, 0, 9223372036854775807, 0, 9223372036852141807
0, 2635, 0, 9223372036854775807, 0, 9223372036852140807
0, 2636, 0, 9223372036854775807, 0, 9223372036852139807
0, 2637, 0, 9223372036854775807, 0, 9223372036852138807
0, 2638, 0, 9223372036854775807, 0, 9223372036852137807
0, 2639, 0, 9223372036854775807, 0, 9223372036852136807
0, 264, 0, 9223372036854775807, 0, 9223372036854511807
0, 2640, 0, 9223372036854775807, 0, 9223372036852135807
0, 2641, 0, 9223372036854775807, 0, 9223372036852134807
0, 2642, 0, 9223372036854775807, 0, 9223372036852133807
0, 2643, 0, 9223372036854775807, 0, 9223372036852132807
0, 2644, 0, 9223372036854775807, 0, 9223372036852131807
0, 2645, 0, 9223372036854775807, 0, 9223372036852130807
0, 2646, 0, 9223372036854775807, 0, 9223372036852129807
0, 2647, 0, 9223372036854775807, 0, 9223372036852128807
0, 2648, 0, 9223372036854775807, 0, 9223372036852127807
0, 2649, 0, 9223372036854775807, 0, 9223372036852126807
0, 265, 0, 9223372036854775807, 0, 9223372036854510807
0, 2650, 0, 9223372036854775807, 0, 9223372036852125807
0, 2651, 0, 9223372036854775807, 0, 9223372036852124807
0, 2652, 0, 9223372036854775807, 0, 9223372036852123807
0, 2653, 0, 9223372036854775807, 0, 9223372036852122807
0, 2654, 0, 9223372036854775807, 0, 9223372036852121807
0, 2655, 0, 9223372036854775807, 0, 9223372036852120807
0, 2656, 0, 9223372036854775807, 0, 9223372036852119807
0, 2657, 0, 9223372036854775807, 0, 9223372036852118807
0, 2658, 0, 9223372036854775807, 0, 9223372036852117807
0, 2659, 0, 9223372036854775807, 0, 9223372036852116807
0, 266, 0, 9223372036854775807, 0, 9223372036854509807
0, 2660, 0, 9223372036854775807, 0, 9223372036852115807
0, 2661, 0, 9223372036854775807, 0, 9223372036852114807
0, 2662, 0, 9223372036854775807, 0, 9223372036852113807
0, 2663, 0, 9223372036854775807, 0, 9223372036852112807
0, 2664, 0, 9223372036854775807, 0, 9223372036852111807
0, 2665, 0, 9223372036854775807, 0, 9223372036852110807
0, 2666, 0, 9223372036854775807, 0, 9223372036852109807
0, 2667, 0, 9223372036854775807, 0, 9223372036852108807
0, 2668, 0, 9223372036854775807, 0, 9223372036852107807
0, 2669, 0, 9223372036854775807, 0, 9223372036852106807
0, 267, 0, 9223372036854775807, 0, 9223372036854508807
0, 2670, 0, 9223372036854775807, 0, 9223372036852105807
0, 2671, 0, 9223372036854775807, 0, 9223372036852104807
0, 2672, 0, 9223372036854775807, 0, 9223372036852103807
0, 2673, 0, 9223372036854775807, 0, 9223372036852102807
0, 2674, 0, 9223372036854775807, 0, 9223372036852101807
0, 2675, 0, 9223372036854775807, 0, 9223372036852100807
0, 2676, 0, 9223372036854775807, 0, 9223372036852099807
0, 2677, 0, 9223372036854775807, 0, 9223372036852098807
0, 2678, 0, 9223372036854775807, 0, 9223372036852097807
0, 2679, 0, 9223372036854775807, 0, 9223372036852096807
0, 268, 0, 9223372036854775807, 0, 9223372036854507807
0, 2680, 0, 9223372036854775807, 0, 9223372036852095807
0, 2681, 0, 9223372036854775807, 0, 9223372036852094807
0, 2682, 0, 9223372036854775807, 0, 9223372036852093807
0, 2683, 0, 9223372036854775807, 0, 9223372036852092807
0, 2684, 0, 9223372036854775807, 0, 9223372036852091807
0, 2685, 0, 9223372036854775807, 0, 9223372036852090807
0, 2686, 0, 9223372036854775807, 0, 9223372036852089807
0, 2687, 0, 9223372036854775807, 0, 9223372036852088807
0, 2688, 0, 9223372036854775807, 0, 9223372036852087807
0, 2689, 0, 9223372036854775807, 0, 9223372036852086807
0, 269, 0, 9223372036854775807, 0, 9223372036854506807
0, 2690, 0, 9223372036854775807, 0, 9223372036852085807
0, 2691, 0, 9223372036854775807, 0, 9223372036852084807
0, 2692, 0, 9223372036854775807, 0, 9223372036852083807
0, 2693, 0, 9223372036854775807, 0, 9223372036852082807
0, 2694, 0, 9223372036854775807, 0, 9223372036852081807
0, 2695, 0, 9223372036854775807, 0, 9223372036852080807
0, 2696, 0, 9223372036854775807, 0, 9223372036852079807
0, 2697, 0, 9223372036854775807, 0, 9223372036852078807
0, 2698, 0, 9223372036854775807, 0, 9223372036852077807
0, 2699, 0, 9223372036854775807, 0, 9223372036852076807
0, 27, 0, 9223372036854775807, 0, 9223372036854748807
0, 270, 0, 9223372036854775807, 0, 9223372036854505807
0, 2700, 0, 9223372036854775807, 0, 9223372036852075807
0, 2701, 0, 9223372036854775807, 0, 9223372036852074807
0, 2702, 0, 9223372036854775807, 0, 9223372036852073807
0, 2703, 0, 9223372036854775807, 0, 9223372036852072807
0, 2704, 0, 9223372036854775807, 0, 9223372036852071807
0, 2705, 0, 9223372036854775807, 0, 9223372036852070807
0, 2706, 0, 9223372036854775807, 0, 9223372036852069807
0, 2707, 0, 9223372036854775807, 0, 9223372036852068807
0, 2708, 0, 9223372036854775807, 0, 9223372036852067807
0, 2709, 0, 9223372036854775807, 0, 9223372036852066807
0, 271, 0, 9223372036854775807, 0, 9223372036854504807
0, 2710, 0, 9223372036854775807, 0, 9223372036852065807
0, 2711, 0, 9223372036854775807, 0, 9223372036852064807
0, 2712, 0, 9223372036854775807, 0, 9223372036852063807
0, 2713, 0, 9223372036854775807, 0, 9223372036852062807
0, 2714, 0, 9223372036854775807, 0, 9223372036852061807
0, 2715, 0, 9223372036854775807, 0, 9223372036852060807
0, 2716, 0, 9223372036854775807, 0, 9223372036852059807
0, 2717, 0, 9223372036854775807, 0, 9223372036852058807
0, 2718, 0, 9223372036854775807, 0, 9223372036852057807
0, 2719, 0, 9223372036854775807, 0, 9223372036852056807
0, 272, 0, 9223372036854775807, 0, 9223372036854503807
0, 2720, 0, 9223372036854775807, 0, 9223372036852055807
0, 2721, 0, 9223372036854775807, 0, 9223372036852054807
0, 2722, 0, 9223372036854775807, 0, 9223372036852053807
0, 2723, 0, 9223372036854775807, 0, 9223372036852052807
0, 2724, 0, 9223372036854775807, 0, 9223372036852051807
0, 2725, 0, 9223372036854775807, 0, 9223372036852050807
0, 2726, 0, 9223372036854775807, 0, 9223372036852049807
0, 2727, 0, 9223372036854775807, 0, 9223372036852048807
0, 2728, 0, 9223372036854775807, 0, 9223372036852047807
0, 2729, 0, 9223372036854775807, 0, 9223372036852046807
0, 273, 0, 9223372036854775807, 0, 9223372036854502807
0, 2730, 0, 9223372036854775807, 0, 9223372036852045807
0, 2731, 0, 9223372036854775807, 0, 9223372036852044807
0, 2732, 0, 9223372036854775807, 0, 9223372036852043807
0, 2733, 0, 9223372036854775807, 0, 9223372036852042807
0, 2734, 0, 9223372036854775807, 0, 9223372036852041807
0, 2735, 0, 9223372036854775807, 0, 9223372036852040807
0, 2736, 0, 9223372036854775807, 0, 9223372036852039807
0, 2737, 0, 9223372036854775807, 0, 9223372036852038807
0, 2738, 0, 9223372036854775807, 0, 9223372036852037807
0, 2739, 0, 9223372036854775807, 0, 9223372036852036807
0, 274, 0, 9223372036854775807, 0, 9223372036854501807
0, 2740, 0, 9223372036854775807, 0, 9223372036852035807
0, 2741, 0, 9223372036854775807, 0, 9223372036852034807
0, 2742, 0, 9223372036854775807, 0, 9223372036852033807
0, 2743, 0, 9223372036854775807, 0, 9223372036852032807
0, 2744, 0, 9223372036854775807, 0, 9223372036852031807
0, 2745, 0, 9223372036854775807, 0, 9223372036852030807
0, 2746, 0, 9223372036854775807, 0, 9223372036852029807
0, 2747, 0, 9223372036854775807, 0, 9223372036852028807
0, 2748, 0, 9223372036854775807, 0, 9223372036852027807
0, 2749, 0, 9223372036854775807, 0, 9223372036852026807
0, 275, 0, 9223372036854775807, 0, 9223372036854500807
0, 2750, 0, 9223372036854775807, 0, 9223372036852025807
0, 2751, 0, 9223372036854775807, 0, 9223372036852024807
0, 2752, 0, 9223372036854775807, 0, 9223372036852023807
0, 2753, 0, 9223372036854775807, 0, 9223372036852022807
0, 2754, 0, 9223372036854775807, 0, 9223372036852021807
0, 2755, 0, 9223372036854775807, 0, 9223372036852020807
0, 2756, 0, 9223372036854775807, 0, 9223372036852019807
0, 2757, 0, 9223372036854775807, 0, 9223372036852018807
0, 2758, 0, 9223372036854775807, 0, 9223372036852017807
0, 2759, 0, 9223372036854775807, 0, 9223372036852016807
0, 276, 0, 9223372036854775807, 0, 9223372036854499807
0, 2760, 0, 9223372036854775807, 0, 9223372036852015807
0, 2761, 0, 9223372036854775807, 0, 9223372036852014807
0, 2762, 0, 9223372036854775807, 0, 9223372036852013807
0, 2763, 0, 9223372036854775807, 0, 9223372036852012807
0, 2764, 0, 9223372036854775807, 0, 9223372036852011807
0, 2765, 0, 9223372036854775807, 0, 9223372036852010807
0, 2766, 0, 9223372036854775807, 0, 9223372036852009807
0, 2767, 0, 9223372036854775807, 0, 9223372036852008807
0, 2768, 0, 9223372036854775807, 0, 9223372036852007807
0, 2769, 0, 9223372036854775807, 0, 9223372036852006807
0, 277, 0, 9223372036854775807, 0, 9223372036854498807
0, 2770, 0, 9223372036854775807, 0, 9223372036852005807
0, 2771, 0, 9223372036854775807, 0, 9223372036852004807
0, 2772, 0, 9223372036854775807, 0, 9223372036852003807
0, 2773, 0, 9223372036854775807, 0, 9223372036852002807
0, 2774, 0, 9223372036854775807, 0, 9223372036852001807
0, 2775, 0, 9223372036854775807, 0, 9223372036852000807
0, 2776, 0, 9223372036854775807, 0, 9223372036851999807
0, 2777, 0, 9223372036854775807, 0, 9223372036851998807
0, 2778, 0, 9223372036854775807, 0, 9223372036851997807
0, 2779, 0, 9223372036854775807, 0, 9223372036851996807
0, 278, 0, 9223372036854775807, 0, 9223372036854497807
0, 2780, 0, 9223372036854775807, 0, 9223372036851995807
0, 2781, 0, 9223372036854775807, 0, 9223372036851994807
0, 2782, 0, 9223372036854775807, 0, 9223372036851993807
0, 2783, 0, 9223372036854775807, 0, 9223372036851992807
0, 2784, 0, 9223372036854775807, 0, 9223372036851991807
0, 2785, 0, 9223372036854775807, 0, 9223372036851990807
0, 2786, 0, 9223372036854775807, 0, 9223372036851989807
0, 2787, 0, 9223372036854775807, 0, 9223372036851988807
0, 2788, 0, 9223372036854775807, 0, 9223372036851987807
0, 2789, 0, 9223372036854775807, 0, 9223372036851986807
0, 279, 0, 9223372036854775807, 0, 9223372036854496807
0, 2790, 0, 9223372036854775807, 0, 9223372036851985807
0, 2791, 0, 9223372036854775807, 0, 9223372036851984807
0, 2792, 0, 9223372036854775807, 0, 9223372036851983807
0, 2793, 0, 9223372036854775807, 0, 9223372036851982807
0, 2794, 0, 9223372036854775807, 0, 9223372036851981807
0, 2795, 0, 9223372036854775807, 0, 9223372036851980807
0, 2796, 0, 9223372036854775807, 0, 9223372036851979807
0, 2797, 0, 9223372036854775807, 0, 9223372036851978807
0, 2798, 0, 9223372036854775807, 0, 9223372036851977807
0, 2799, 0, 9223372036854775807, 0, 9223372036851976807
0, 28, 0, 9223372036854775807, 0, 9223372036854747807
0, 280, 0, 9223372036854775807, 0, 9223372036854495807
0, 2800, 0, 9223372036854775807, 0, 9223372036851975807
0, 2801, 0, 9223372036854775807, 0, 9223372036851974807
0, 2802, 0, 9223372036854775807, 0, 9223372036851973807
0, 2803, 0, 9223372036854775807, 0, 9223372036851972807
0, 2804, 0, 9223372036854775807, 0, 9223372036851971807
0, 2805, 0, 9223372036854775807, 0, 9223372036851970807
0, 2806, 0, 9223372036854775807, 0, 9223372036851969807
0, 2807, 0, 9223372036854775807, 0, 9223372036851968807
0, 2808, 0, 9223372036854775807, 0, 9223372036851967807
0, 2809, 0, 9223372036854775807, 0, 9223372036851966807
0, 281, 0, 9223372036854775807, 0, 9223372036854494807
0, 2810, 0, 9223372036854775807, 0, 9223372036851965807
0, 2811, 0, 9223372036854775807, 0, 9223372036851964807
0, 2812, 0, 9223372036854775807, 0, 9223372036851963807
0, 2813, 0, 9223372036854775807, 0, 9223372036851962807
0, 2814, 0, 9223372036854775807, 0, 9223372036851961807
0, 2815, 0, 9223372036854775807, 0, 9223372036851960807
0, 2816, 0, 9223372036854775807, 0, 9223372036851959807
0, 2817, 0, 9223372036854775807, 0, 9223372036851958807
0, 2818, 0, 9223372036854775807, 0, 9223372036851957807
0, 2819, 0, 9223372036854775807, 0, 9223372036851956807
0, 282, 0, 9223372036854775807, 0, 9223372036854493807
0, 2820, 0, 9223372036854775807, 0, 9223372036851955807
0, 2821, 0, 9223372036854775807, 0, 9223372036851954807
0, 2822, 0, 9223372036854775807, 0, 9223372036851953807
0, 2823, 0, 9223372036854775807, 0, 9223372036851952807
0, 2824, 0, 9223372036854775807, 0, 9223372036851951807
0, 2825, 0, 9223372036854775807, 0, 9223372036851950807
0, 2826, 0, 9223372036854775807, 0, 9223372036851949807
0, 2827, 0, 9223372036854775807, 0, 9223372036851948807
0, 2828, 0, 9223372036854775807, 0, 9223372036851947807
0, 2829, 0, 9223372036854775807, 0, 9223372036851946807
0, 283, 0, 9223372036854775807, 0, 9223372036854492807
0, 2830, 0, 9223372036854775807, 0, 9223372036851945807
0, 2831, 0, 9223372036854775807, 0, 9223372036851944807
0, 2832, 0, 9223372036854775807, 0, 9223372036851943807
0, 2833, 0, 9223372036854775807, 0, 9223372036851942807
0, 2834, 0, 9223372036854775807, 0, 9223372036851941807
0, 2835, 0, 9223372036854775807, 0, 9223372036851940807
0, 2836, 0, 9223372036854775807, 0, 9223372036851939807
0, 2837, 0, 9223372036854775807, 0, 9223372036851938807
0, 2838, 0, 9223372036854775807, 0, 9223372036851937807
0, 2839, 0, 9223372036854775807, 0, 9223372036851936807
0, 284, 0, 9223372036854775807, 0, 9223372036854491807
0, 2840, 0, 9223372036854775807, 0, 9223372036851935807
0, 2841, 0, 9223372036854775807, 0, 9223372036851934807
0, 2842, 0, 9223372036854775807, 0, 9223372036851933807
0, 2843, 0, 9223372036854775807, 0, 9223372036851932807
0, 2844, 0, 9223372036854775807, 0, 9223372036851931807
0, 2845, 0, 9223372036854775807, 0, 9223372036851930807
0, 2846, 0, 9223372036854775807, 0, 9223372036851929807
0, 2847, 0, 9223372036854775807, 0, 9223372036851928807
0, 2848, 0, 9223372036854775807, 0, 9223372036851927807
0, 2849, 0, 9223372036854775807, 0, 9223372036851926807
0, 285, 0, 9223372036854775807, 0, 9223372036854490807
0, 2850, 0, 9223372036854775807, 0, 9223372036851925807
0, 2851, 0, 9223372036854775807, 0, 9223372036851924807
0, 2852, 0, 9223372036854775807, 0, 9223372036851923807
0, 2853, 0, 9223372036854775807, 0, 9223372036851922807
0, 2854, 0, 9223372036854775807, 0, 9223372036851921807
0, 2855, 0, 9223372036854775807, 0, 9223372036851920807
0, 2856, 0, 9223372036854775807, 0, 9223372036851919807
0, 2857, 0, 9223372036854775807, 0, 9223372036851918807
0, 2858, 0, 9223372036854775807, 0, 9223372036851917807
0, 2859, 0, 9223372036854775807, 0, 9223372036851916807
0, 286, 0, 9223372036854775807, 0, 9223372036854489807
0, 2860, 0, 9223372036854775807, 0, 9223372036851915807
0, 2861, 0, 9223372036854775807, 0, 9223372036851914807
0, 2862, 0, 9223372036854775807, 0, 9223372036851913807
0, 2863, 0, 9223372036854775807, 0, 9223372036851912807
0, 2864, 0, 9223372036854775807, 0, 9223372036851911807
0, 2865, 0, 9223372036854775807, 0, 9223372036851910807
0, 2866, 0, 9223372036854775807, 0, 9223372036851909807
0, 2867, 0, 9223372036854775807, 0, 9223372036851908807
0, 2868, 0, 9223372036854775807, 0, 9223372036851907807
0, 2869, 0, 9223372036854775807, 0, 9223372036851906807
0, 287, 0, 9223372036854775807, 0, 9223372036854488807
0, 2870, 0, 9223372036854775807, 0, 9223372036851905807
0, 2871, 0, 9223372036854775807, 0, 9223372036851904807
0, 2872, 0, 9223372036854775807, 0, 9223372036851903807
0, 2873, 0, 9223372036854775807, 0, 9223372036851902807
0, 2874, 0, 9223372036854775807, 0, 9223372036851901807
0, 2875, 0, 9223372036854775807, 0, 9223372036851900807
0, 2876, 0, 9223372036854775807, 0, 9223372036851899807
0, 2877, 0, 9223372036854775807, 0, 9223372036851898807
0, 2878, 0, 9223372036854775807, 0, 9223372036851897807
0, 2879, 0, 9223372036854775807, 0, 9223372036851896807
0, 288, 0, 9223372036854775807, 0, 9223372036854487807
0, 2880, 0, 9223372036854775807, 0, 9223372036851895807
0, 2881, 0, 9223372036854775807, 0, 9223372036851894807
0, 2882, 0, 9223372036854775807, 0, 9223372036851893807
0, 2883, 0, 9223372036854775807, 0, 9223372036851892807
0, 2884, 0, 9223372036854775807, 0, 9223372036851891807
0, 2885, 0, 9223372036854775807, 0, 9223372036851890807
0, 2886, 0, 9223372036854775807, 0, 9223372036851889807
0, 2887, 0, 9223372036854775807, 0, 9223372036851888807
0, 2888, 0, 9223372036854775807, 0, 9223372036851887807
0, 2889, 0, 9223372036854775807, 0, 9223372036851886807
0, 289, 0, 9223372036854775807, 0, 9223372036854486807
0, 2890, 0, 9223372036854775807, 0, 9223372036851885807
0, 2891, 0, 9223372036854775807, 0, 9223372036851884807
0, 2892, 0, 9223372036854775807, 0, 9223372036851883807
0, 2893, 0, 9223372036854775807, 0, 9223372036851882807
0, 2894, 0, 9223372036854775807, 0, 9223372036851881807
0, 2895, 0, 9223372036854775807, 0, 9223372036851880807
0, 2896, 0, 9223372036854775807, 0, 9223372036851879807
0, 2897, 0, 9223372036854775807, 0, 9223372036851878807
0, 2898, 0, 9223372036854775807, 0, 9223372036851877807
0, 2899, 0, 9223372036854775807, 0, 9223372036851876807
0, 29, 0, 9223372036854775807, 0, 9223372036854746807
0, 290, 0, 9223372036854775807, 0, 9223372036854485807
0, 2900, 0, 9223372036854775807, 0, 9223372036851875807
0, 2901, 0, 9223372036854775807, 0, 9223372036851874807
0, 2902, 0, 9223372036854775807, 0, 9223372036851873807
0, 2903, 0, 9223372036854775807, 0, 9223372036851872807
0, 2904, 0, 9223372036854775807, 0, 9223372036851871807
0, 2905, 0, 9223372036854775807, 0, 9223372036851870807
0, 2906, 0, 9223372036854775807, 0, 9223372036851869807
0, 2907, 0, 9223372036854775807, 0, 9223372036851868807
0, 2908, 0, 9223372036854775807, 0, 9223372036851867807
0, 2909, 0, 9223372036854775807, 0, 9223372036851866807
0, 291, 0, 9223372036854775807, 0, 9223372036854484807
0, 2910, 0, 9223372036854775807, 0, 9223372036851865807
0, 2911, 0, 9223372036854775807, 0, 9223372036851864807
0, 2912, 0, 9223372036854775807, 0, 9223372036851863807
0, 2913, 0, 9223372036854775807, 0, 9223372036851862807
0, 2914, 0, 9223372036854775807, 0, 9223372036851861807
0, 2915, 0, 9223372036854775807, 0, 9223372036851860807
0, 2916, 0, 9223372036854775807, 0, 9223372036851859807
0, 2917, 0, 9223372036854775807, 0, 9223372036851858807
0, 2918, 0, 9223372036854775807, 0, 9223372036851857807
0, 2919, 0, 9223372036854775807, 0, 9223372036851856807
0, 292, 0, 9223372036854775807, 0, 9223372036854483807
0, 2920, 0, 9223372036854775807, 0, 9223372036851855807
0, 2921, 0, 9223372036854775807, 0, 9223372036851854807
0, 2922, 0, 9223372036854775807, 0, 9223372036851853807
0, 2923, 0, 9223372036854775807, 0, 9223372036851852807
0, 2924, 0, 9223372036854775807, 0, 9223372036851851807
0, 2925, 0, 9223372036854775807, 0, 9223372036851850807
0, 2926, 0, 9223372036854775807, 0, 9223372036851849807
0, 2927, 0, 9223372036854775807, 0, 9223372036851848807
0, 2928, 0, 9223372036854775807, 0, 9223372036851847807
0, 2929, 0, 9223372036854775807, 0, 9223372036851846807
0, 293, 0, 9223372036854775807, 0, 9223372036854482807
0, 2930, 0, 9223372036854775807, 0, 9223372036851845807
0, 2931, 0, 9223372036854775807, 0, 9223372036851844807
0, 2932, 0, 9223372036854775807, 0, 9223372036851843807
0, 2933, 0, 9223372036854775807, 0, 9223372036851842807
0, 2934, 0, 9223372036854775807, 0, 9223372036851841807
0, 2935, 0, 9223372036854775807, 0, 9223372036851840807
0, 2936, 0, 9223372036854775807, 0, 9223372036851839807
0, 2937, 0, 9223372036854775807, 0, 9223372036851838807
0, 2938, 0, 9223372036854775807, 0, 9223372036851837807
0, 2939, 0, 9223372036854775807, 0, 9223372036851836807
0, 294, 0, 9223372036854775807, 0, 9223372036854481807
0, 2940, 0, 9223372036854775807, 0, 9223372036851835807
0, 2941, 0, 9223372036854775807, 0, 9223372036851834807
0, 2942, 0, 9223372036854775807, 0, 9223372036851833807
0, 2943, 0, 9223372036854775807, 0, 9223372036851832807
0, 2944, 0, 9223372036854775807, 0, 9223372036851831807
0, 2945, 0, 9223372036854775807, 0, 9223372036851830807
0, 2946, 0, 9223372036854775807, 0, 9223372036851829807
0, 2947, 0, 9223372036854775807, 0, 9223372036851828807
0, 2948, 0, 9223372036854775807, 0, 9223372036851827807
0, 2949, 0, 9223372036854775807, 0, 9223372036851826807
0, 295, 0, 9223372036854775807, 0, 9223372036854480807
0, 2950, 0, 9223372036854775807, 0, 9223372036851825807
0, 2951, 0, 9223372036854775807, 0, 9223372036851824807
0, 2952, 0, 9223372036854775807, 0, 9223372036851823807
0, 2953, 0, 9223372036854775807, 0, 9223372036851822807
0, 2954, 0, 9223372036854775807, 0, 9223372036851821807
0, 2955, 0, 9223372036854775807, 0, 9223372036851820807
0, 2956, 0, 9223372036854775807, 0, 9223372036851819807
0, 2957, 0, 9223372036854775807, 0, 9223372036851818807
0, 2958, 0, 9223372036854775807, 0, 9223372036851817807
0, 2959, 0, 9223372036854775807, 0, 9223372036851816807
0, 296, 0, 9223372036854775807, 0, 9223372036854479807
0, 2960, 0, 9223372036854775807, 0, 9223372036851815807
0, 2961, 0, 9223372036854775807, 0, 9223372036851814807
0, 2962, 0, 9223372036854775807, 0, 9223372036851813807
0, 2963, 0, 9223372036854775807, 0, 9223372036851812807
0, 2964, 0, 9223372036854775807, 0, 9223372036851811807
0, 2965, 0, 9223372036854775807, 0, 9223372036851810807
0, 2966, 0, 9223372036854775807, 0, 9223372036851809807
0, 2967, 0, 9223372036854775807, 0, 9223372036851808807
0, 2968, 0, 9223372036854775807, 0, 9223372036851807807
0, 2969, 0, 9223372036854775807, 0, 9223372036851806807
0, 297, 0, 9223372036854775807, 0, 9223372036854478807
0, 2970, 0, 9223372036854775807, 0, 9223372036851805807
0, 2971, 0, 9223372036854775807, 0, 9223372036851804807
0, 2972, 0, 9223372036854775807, 0, 9223372036851803807
0, 2973, 0, 9223372036854775807, 0, 9223372036851802807
0, 2974, 0, 9223372036854775807, 0, 9223372036851801807
0, 2975, 0, 9223372036854775807, 0, 9223372036851800807
0, 2976, 0, 9223372036854775807, 0, 9223372036851799807
0, 2977, 0, 9223372036854775807, 0, 9223372036851798807
0, 2978, 0, 9223372036854775807, 0, 9223372036851797807
0, 2979, 0, 9223372036854775807, 0, 9223372036851796807
0, 298, 0, 9223372036854775807, 0, 9223372036854477807
0, 2980, 0, 9223372036854775807, 0, 9223372036851795807
0, 2981, 0, 9223372036854775807, 0, 9223372036851794807
0, 2982, 0, 9223372036854775807, 0, 9223372036851793807
0, 2983, 0, 9223372036854775807, 0, 9223372036851792807
0, 2984, 0, 9223372036854775807, 0, 9223372036851791807
0, 2985, 0, 9223372036854775807, 0, 9223372036851790807
0, 2986, 0, 9223372036854775807, 0, 9223372036851789807
0, 2987, 0, 9223372036854775807, 0, 9223372036851788807
0, 2988, 0, 9223372036854775807, 0, 9223372036851787807
0, 2989, 0, 9223372036854775807, 0, 9223372036851786807
0, 299, 0, 9223372036854775807, 0, 9223372036854476807
0, 2990, 0, 9223372036854775807, 0, 9223372036851785807
0, 2991, 0, 9223372036854775807, 0, 9223372036851784807
0, 2992, 0, 9223372036854775807, 0, 9223372036851783807
0, 2993, 0, 9223372036854775807, 0, 9223372036851782807
0, 2994, 0, 9223372036854775807, 0, 9223372036851781807
0, 2995, 0, 9223372036854775807, 0, 9223372036851780807
0, 2996, 0, 9223372036854775807, 0, 9223372036851779807
0, 2997, 0, 9223372036854775807, 0, 9223372036851778807
0, 2998, 0, 9223372036854775807, 0, 9223372036851777807
0, 2999, 0, 9223372036854775807, 0, 9223372036851776807
0, 3, 0, 9223372036854775807, 0, 9223372036854772807
0, 30, 0, 9223372036854775807, 0, 9223372036854745807
0, 300, 0, 9223372036854775807, 0, 9223372036854475807
0, 3000, 0, 9223372036854775807, 0, 9223372036851775807
0, 3001, 0, 9223372036854775807, 0, 9223372036851774807
0, 3002, 0, 9223372036854775807, 0, 9223372036851773807
0, 3003, 0, 9223372036854775807, 0, 9223372036851772807
0, 3004, 0, 9223372036854775807, 0, 9223372036851771807
0, 3005, 0, 9223372036854775807, 0, 9223372036851770807
0, 3006, 0, 9223372036854775807, 0, 9223372036851769807
0, 3007, 0, 9223372036854775807, 0, 9223372036851768807
0, 3008, 0, 9223372036854775807, 0, 9223372036851767807
0, 3009, 0, 9223372036854775807, 0, 9223372036851766807
0, 301, 0, 9223372036854775807, 0, 9223372036854474807
0, 3010, 0, 9223372036854775807, 0, 9223372036851765807
0, 3011, 0, 9223372036854775807, 0, 9223372036851764807
0, 3012, 0, 9223372036854775807, 0, 9223372036851763807
0, 3013, 0, 9223372036854775807, 0, 9223372036851762807
0, 3014, 0, 9223372036854775807, 0, 9223372036851761807
0, 3015, 0, 9223372036854775807, 0, 9223372036851760807
0, 3016, 0, 9223372036854775807, 0, 9223372036851759807
0, 3017, 0, 9223372036854775807, 0, 9223372036851758807
0, 3018, 0, 9223372036854775807, 0, 9223372036851757807
0, 3019, 0, 9223372036854775807, 0, 9223372036851756807
0, 302, 0, 9223372036854775807, 0, 9223372036854473807
0, 3020, 0, 9223372036854775807, 0, 9223372036851755807
0, 3021, 0, 9223372036854775807, 0, 9223372036851754807
0, 3022, 0, 9223372036854775807, 0, 9223372036851753807
0, 3023, 0, 9223372036854775807, 0, 9223372036851752807
0, 3024, 0, 9223372036854775807, 0, 9223372036851751807
0, 3025, 0, 9223372036854775807, 0, 9223372036851750807
0, 3026, 0, 9223372036854775807, 0, 9223372036851749807
0, 3027, 0, 9223372036854775807, 0, 9223372036851748807
0, 3028, 0, 9223372036854775807, 0, 9223372036851747807
0, 3029, 0, 9223372036854775807, 0, 9223372036851746807
0, 303, 0, 9223372036854775807, 0, 9223372036854472807
0, 3030, 0, 9223372036854775807, 0, 9223372036851745807
0, 3031, 0, 9223372036854775807, 0, 9223372036851744807
0, 3032, 0, 9223372036854775807, 0, 9223372036851743807
0, 3033, 0, 9223372036854775807, 0, 9223372036851742807
0, 3034, 0, 9223372036854775807, 0, 9223372036851741807
0, 3035, 0, 9223372036854775807, 0, 9223372036851740807
0, 3036, 0, 9223372036854775807, 0, 9223372036851739807
0, 3037, 0, 9223372036854775807, 0, 9223372036851738807
0, 3038, 0, 9223372036854775807, 0, 9223372036851737807
0, 3039, 0, 9223372036854775807, 0, 9223372036851736807
0, 304, 0, 9223372036854775807, 0, 9223372036854471807
0, 3040, 0, 9223372036854775807, 0, 9223372036851735807
0, 3041, 0, 9223372036854775807, 0, 9223372036851734807
0, 3042, 0, 9223372036854775807, 0, 9223372036851733807
0, 3043, 0, 9223372036854775807, 0, 9223372036851732807
0, 3044, 0, 9223372036854775807, 0, 9223372036851731807
0, 3045, 0, 9223372036854775807, 0, 9223372036851730807
0, 3046, 0, 9223372036854775807, 0, 9223372036851729807
0, 3047, 0, 9223372036854775807, 0, 9223372036851728807
0, 3048, 0, 9223372036854775807, 0, 9223372036851727807
0, 3049, 0, 9223372036854775807, 0, 9223372036851726807
0, 305, 0, 9223372036854775807, 0, 9223372036854470807
0, 3050, 0, 9223372036854775807, 0, 9223372036851725807
0, 3051, 0, 9223372036854775807, 0, 9223372036851724807
0, 3052, 0, 9223372036854775807, 0, 9223372036851723807
0, 3053, 0, 9223372036854775807, 0, 9223372036851722807
0, 3054, 0, 9223372036854775807, 0, 9223372036851721807
0, 3055, 0, 9223372036854775807, 0, 9223372036851720807
0, 3056, 0, 9223372036854775807, 0, 9223372036851719807
0, 3057, 0, 9223372036854775807, 0, 9223372036851718807
0, 3058, 0, 9223372036854775807, 0, 9223372036851717807
0, 3059, 0, 9223372036854775807, 0, 9223372036851716807
0, 306, 0, 9223372036854775807, 0, 9223372036854469807
0, 3060, 0, 9223372036854775807, 0, 9223372036851715807
0, 3061, 0, 9223372036854775807, 0, 9223372036851714807
0, 3062, 0, 9223372036854775807, 0, 9223372036851713807
0, 3063, 0, 9223372036854775807, 0, 9223372036851712807
0, 3064, 0, 9223372036854775807, 0, 9223372036851711807
0, 3065, 0, 9223372036854775807, 0, 9223372036851710807
0, 3066, 0, 9223372036854775807, 0, 9223372036851709807
0, 3067, 0, 9223372036854775807, 0, 9223372036851708807
0, 3068, 0, 9223372036854775807, 0, 9223372036851707807
0, 3069, 0, 9223372036854775807, 0, 9223372036851706807
0, 307, 0, 9223372036854775807, 0, 9223372036854468807
0, 3070, 0, 9223372036854775807, 0, 9223372036851705807
0, 3071, 0, 9223372036854775807, 0, 9223372036851704807
0, 3072, 0, 9223372036854775807, 0, 9223372036851703807
0, 3073, 0, 9223372036854775807, 0, 9223372036851702807
0, 3074, 0, 9223372036854775807, 0, 9223372036851701807
0, 3075, 0, 9223372036854775807, 0, 9223372036851700807
0, 3076, 0, 9223372036854775807, 0, 9223372036851699807
0, 3077, 0, 9223372036854775807, 0, 9223372036851698807
0, 3078, 0, 9223372036854775807, 0, 9223372036851697807
0, 3079, 0, 9223372036854775807, 0, 9223372036851696807
0, 308, 0, 9223372036854775807, 0, 9223372036854467807
0, 3080, 0, 9223372036854775807, 0, 9223372036851695807
0, 3081, 0, 9223372036854775807, 0, 9223372036851694807
0, 3082, 0, 9223372036854775807, 0, 9223372036851693807
0, 3083, 0, 9223372036854775807, 0, 9223372036851692807
0, 3084, 0, 9223372036854775807, 0, 9223372036851691807
0, 3085, 0, 9223372036854775807, 0, 9223372036851690807
0, 3086, 0, 9223372036854775807, 0, 9223372036851689807
0, 3087, 0, 9223372036854775807, 0, 9223372036851688807
0, 3088, 0, 9223372036854775807, 0, 9223372036851687807
0, 3089, 0, 9223372036854775807, 0, 9223372036851686807
0, 309, 0, 9223372036854775807, 0, 9223372036854466807
0, 3090, 0, 9223372036854775807, 0, 9223372036851685807
0, 3091, 0, 9223372036854775807, 0, 9223372036851684807
0, 3092, 0, 9223372036854775807, 0, 9223372036851683807
0, 3093, 0, 9223372036854775807, 0, 9223372036851682807
0, 3094, 0, 9223372036854775807, 0, 9223372036851681807
0, 3095, 0, 9223372036854775807, 0, 9223372036851680807
0, 3096, 0, 9223372036854775807, 0, 9223372036851679807
0, 3097, 0, 9223372036854775807, 0, 9223372036851678807
0, 3098, 0, 9223372036854775807, 0, 9223372036851677807
0, 3099, 0, 9223372036854775807, 0, 9223372036851676807
0, 31, 0, 9223372036854775807, 0, 9223372036854744807
0, 310, 0, 9223372036854775807, 0, 9223372036854465807
0, 3100, 0, 9223372036854775807, 0, 9223372036851675807
0, 3101, 0, 9223372036854775807, 0, 9223372036851674807
0, 3102, 0, 9223372036854775807, 0, 9223372036851673807
0, 3103, 0, 9223372036854775807, 0, 9223372036851672807
0, 3104, 0, 9223372036854775807, 0, 9223372036851671807
0, 3105, 0, 9223372036854775807, 0, 9223372036851670807
0, 3106, 0, 9223372036854775807, 0, 9223372036851669807
0, 3107, 0, 9223372036854775807, 0, 9223372036851668807
0, 3108, 0, 9223372036854775807, 0, 9223372036851667807
0, 3109, 0, 9223372036854775807, 0, 9223372036851666807
0, 311, 0, 9223372036854775807, 0, 9223372036854464807
0, 3110, 0, 9223372036854775807, 0, 9223372036851665807
0, 3111, 0, 9223372036854775807, 0, 9223372036851664807
0, 3112, 0, 9223372036854775807, 0, 9223372036851663807
0, 3113, 0, 9223372036854775807, 0, 9223372036851662807
0, 3114, 0, 9223372036854775807, 0, 9223372036851661807
0, 3115, 0, 9223372036854775807, 0, 9223372036851660807
0, 3116, 0, 9223372036854775807, 0, 9223372036851659807
0, 3117, 0, 9223372036854775807, 0, 9223372036851658807
0, 3118, 0, 9223372036854775807, 0, 9223372036851657807
0, 3119, 0, 9223372036854775807, 0, 9223372036851656807
0, 312, 0, 9223372036854775807, 0, 9223372036854463807
0, 3120, 0, 9223372036854775807, 0, 9223372036851655807
0, 3121, 0, 9223372036854775807, 0, 9223372036851654807
0, 3122, 0, 9223372036854775807, 0, 9223372036851653807
0, 3123, 0, 9223372036854775807, 0, 9223372036851652807
0, 3124, 0, 9223372036854775807, 0, 9223372036851651807
0, 3125, 0, 9223372036854775807, 0, 9223372036851650807
0, 3126, 0, 9223372036854775807, 0, 9223372036851649807
0, 3127, 0, 9223372036854775807, 0, 9223372036851648807
0, 3128, 0, 9223372036854775807, 0, 9223372036851647807
0, 3129, 0, 9223372036854775807, 0, 9223372036851646807
0, 313, 0, 9223372036854775807, 0, 9223372036854462807
0, 3130, 0, 9223372036854775807, 0, 9223372036851645807
0, 3131, 0, 9223372036854775807, 0, 9223372036851644807
0, 3132, 0, 9223372036854775807, 0, 9223372036851643807
0, 3133, 0, 9223372036854775807, 0, 9223372036851642807
0, 3134, 0, 9223372036854775807, 0, 9223372036851641807
0, 3135, 0, 9223372036854775807, 0, 9223372036851640807
0, 3136, 0, 9223372036854775807, 0, 9223372036851639807
0, 3137, 0, 9223372036854775807, 0, 9223372036851638807
0, 3138, 0, 9223372036854775807, 0, 9223372036851637807
0, 3139, 0, 9223372036854775807, 0, 9223372036851636807
0, 314, 0, 9223372036854775807, 0, 9223372036854461807
0, 3140, 0, 9223372036854775807, 0, 9223372036851635807
0, 3141, 0, 9223372036854775807, 0, 9223372036851634807
0, 3142, 0, 9223372036854775807, 0, 9223372036851633807
0, 3143, 0, 9223372036854775807, 0, 9223372036851632807
0, 3144, 0, 9223372036854775807, 0, 9223372036851631807
0, 3145, 0, 9223372036854775807, 0, 9223372036851630807
0, 3146, 0, 9223372036854775807, 0, 9223372036851629807
0, 3147, 0, 9223372036854775807, 0, 9223372036851628807
0, 3148, 0, 9223372036854775807, 0, 9223372036851627807
0, 3149, 0, 9223372036854775807, 0, 9223372036851626807
0, 315, 0, 9223372036854775807, 0, 9223372036854460807
0, 3150, 0, 9223372036854775807, 0, 9223372036851625807
0, 3151, 0, 9223372036854775807, 0, 9223372036851624807
0, 3152, 0, 9223372036854775807, 0, 9223372036851623807
0, 3153, 0, 9223372036854775807, 0, 9223372036851622807
0, 3154, 0, 9223372036854775807, 0, 9223372036851621807
0, 3155, 0, 9223372036854775807, 0, 9223372036851620807
0, 3156, 0, 9223372036854775807, 0, 9223372036851619807
0, 3157, 0, 9223372036854775807, 0, 9223372036851618807
0, 3158, 0, 9223372036854775807, 0, 9223372036851617807
0, 3159, 0, 9223372036854775807, 0, 9223372036851616807
0, 316, 0, 9223372036854775807, 0, 9223372036854459807
0, 3160, 0, 9223372036854775807, 0, 9223372036851615807
0, 3161, 0, 9223372036854775807, 0, 9223372036851614807
0, 3162, 0, 9223372036854775807, 0, 9223372036851613807
0, 3163, 0, 9223372036854775807, 0, 9223372036851612807
0, 3164, 0, 9223372036854775807, 0, 9223372036851611807
0, 3165, 0, 9223372036854775807, 0, 9223372036851610807
0, 3166, 0, 9223372036854775807, 0, 9223372036851609807
0, 3167, 0, 9223372036854775807, 0, 9223372036851608807
0, 3168, 0, 9223372036854775807, 0, 9223372036851607807
0, 3169, 0, 9223372036854775807, 0, 9223372036851606807
0, 317, 0, 9223372036854775807, 0, 9223372036854458807
0, 3170, 0, 9223372036854775807, 0, 9223372036851605807
0, 3171, 0, 9223372036854775807, 0, 9223372036851604807
0, 3172, 0, 9223372036854775807, 0, 9223372036851603807
0, 3173, 0, 9223372036854775807, 0, 9223372036851602807
0, 3174, 0, 9223372036854775807, 0, 9223372036851601807
0, 3175, 0, 9223372036854775807, 0, 9223372036851600807
0, 3176, 0, 9223372036854775807, 0, 9223372036851599807
0, 3177, 0, 9223372036854775807, 0, 9223372036851598807
0, 3178, 0, 9223372036854775807, 0, 9223372036851597807
0, 3179, 0, 9223372036854775807, 0, 9223372036851596807
0, 318, 0, 9223372036854775807, 0, 9223372036854457807
0, 3180, 0, 9223372036854775807, 0, 9223372036851595807
0, 3181, 0, 9223372036854775807, 0, 9223372036851594807
0, 3182, 0, 9223372036854775807, 0, 9223372036851593807
0, 3183, 0, 9223372036854775807, 0, 9223372036851592807
0, 3184, 0, 9223372036854775807, 0, 9223372036851591807
0, 3185, 0, 9223372036854775807, 0, 9223372036851590807
0, 3186, 0, 9223372036854775807, 0, 9223372036851589807
0, 3187, 0, 9223372036854775807, 0, 9223372036851588807
0, 3188, 0, 9223372036854775807, 0, 9223372036851587807
0, 3189, 0, 9223372036854775807, 0, 9223372036851586807
0, 319, 0, 9223372036854775807, 0, 9223372036854456807
0, 3190, 0, 9223372036854775807, 0, 9223372036851585807
0, 3191, 0, 9223372036854775807, 0, 9223372036851584807
0, 3192, 0, 9223372036854775807, 0, 9223372036851583807
0, 3193, 0, 9223372036854775807, 0, 9223372036851582807
0, 3194, 0, 9223372036854775807, 0, 9223372036851581807
0, 3195, 0, 9223372036854775807, 0, 9223372036851580807
0, 3196, 0, 9223372036854775807, 0, 9223372036851579807
0, 3197, 0, 9223372036854775807, 0, 9223372036851578807
0, 3198, 0, 9223372036854775807, 0, 9223372036851577807
0, 3199, 0, 9223372036854775807, 0, 9223372036851576807
0, 32, 0, 9223372036854775807, 0, 9223372036854743807
0, 320, 0, 9223372036854775807, 0, 9223372036854455807
0, 3200, 0, 9223372036854775807, 0, 9223372036851575807
0, 3201, 0, 9223372036854775807, 0, 9223372036851574807
0, 3202, 0, 9223372036854775807, 0, 9223372036851573807
0, 3203, 0, 9223372036854775807, 0, 9223372036851572807
0, 3204, 0, 9223372036854775807, 0, 9223372036851571807
0, 3205, 0, 9223372036854775807, 0, 9223372036851570807
0, 3206, 0, 9223372036854775807, 0, 9223372036851569807
0, 3207, 0, 9223372036854775807, 0, 9223372036851568807
0, 3208, 0, 9223372036854775807, 0, 9223372036851567807
0, 3209, 0, 9223372036854775807, 0, 9223372036851566807
0, 321, 0, 9223372036854775807, 0, 9223372036854454807
0, 3210, 0, 9223372036854775807, 0, 9223372036851565807
0, 3211, 0, 9223372036854775807, 0, 9223372036851564807
0, 3212, 0, 9223372036854775807, 0, 9223372036851563807
0, 3213, 0, 9223372036854775807, 0, 9223372036851562807
0, 3214, 0, 9223372036854775807, 0, 9223372036851561807
0, 3215, 0, 9223372036854775807, 0, 9223372036851560807
0, 3216, 0, 9223372036854775807, 0, 9223372036851559807
0, 3217, 0, 9223372036854775807, 0, 9223372036851558807
0, 3218, 0, 9223372036854775807, 0, 9223372036851557807
0, 3219, 0, 9223372036854775807, 0, 9223372036851556807
0, 322, 0, 9223372036854775807, 0, 9223372036854453807
0, 3220, 0, 9223372036854775807, 0, 9223372036851555807
0, 3221, 0, 9223372036854775807, 0, 9223372036851554807
0, 3222, 0, 9223372036854775807, 0, 9223372036851553807
0, 3223, 0, 9223372036854775807, 0, 9223372036851552807
0, 3224, 0, 9223372036854775807, 0, 9223372036851551807
0, 3225, 0, 9223372036854775807, 0, 9223372036851550807
0, 3226, 0, 9223372036854775807, 0, 9223372036851549807
0, 3227, 0, 9223372036854775807, 0, 9223372036851548807
0, 3228, 0, 9223372036854775807, 0, 9223372036851547807
0, 3229, 0, 9223372036854775807, 0, 9223372036851546807
0, 323, 0, 9223372036854775807, 0, 9223372036854452807
0, 3230, 0, 9223372036854775807, 0, 9223372036851545807
0, 3231, 0, 9223372036854775807, 0, 9223372036851544807
0, 3232, 0, 9223372036854775807, 0, 9223372036851543807
0, 3233, 0, 9223372036854775807, 0, 9223372036851542807
0, 3234, 0, 9223372036854775807, 0, 9223372036851541807
0, 3235, 0, 9223372036854775807, 0, 9223372036851540807
0, 3236, 0, 9223372036854775807, 0, 9223372036851539807
0, 3237, 0, 9223372036854775807, 0, 9223372036851538807
0, 3238, 0, 9223372036854775807, 0, 9223372036851537807
0, 3239, 0, 9223372036854775807, 0, 9223372036851536807
0, 324, 0, 9223372036854775807, 0, 9223372036854451807
0, 3240, 0, 9223372036854775807, 0, 9223372036851535807
0, 3241, 0, 9223372036854775807, 0, 9223372036851534807
0, 3242, 0, 9223372036854775807, 0, 9223372036851533807
0, 3243, 0, 9223372036854775807, 0, 9223372036851532807
0, 3244, 0, 9223372036854775807, 0, 9223372036851531807
0, 3245, 0, 9223372036854775807, 0, 9223372036851530807
0, 3246, 0, 9223372036854775807, 0, 9223372036851529807
0, 3247, 0, 9223372036854775807, 0, 9223372036851528807
0, 3248, 0, 9223372036854775807, 0, 9223372036851527807
0, 3249, 0, 9223372036854775807, 0, 9223372036851526807
0, 325, 0, 9223372036854775807, 0, 9223372036854450807
0, 3250, 0, 9223372036854775807, 0, 9223372036851525807
0, 3251, 0, 9223372036854775807, 0, 9223372036851524807
0, 3252, 0, 9223372036854775807, 0, 9223372036851523807
0, 3253, 0, 9223372036854775807, 0, 9223372036851522807
0, 3254, 0, 9223372036854775807, 0, 9223372036851521807
0, 3255, 0, 9223372036854775807, 0, 9223372036851520807
0, 3256, 0, 9223372036854775807, 0, 9223372036851519807
0, 3257, 0, 9223372036854775807, 0, 9223372036851518807
0, 3258, 0, 9223372036854775807, 0, 9223372036851517807
0, 3259, 0, 9223372036854775807, 0, 9223372036851516807
0, 326, 0, 9223372036854775807, 0, 9223372036854449807
0, 3260, 0, 9223372036854775807, 0, 9223372036851515807
0, 3261, 0, 9223372036854775807, 0, 9223372036851514807
0, 3262, 0, 9223372036854775807, 0, 9223372036851513807
0, 3263, 0, 9223372036854775807, 0, 9223372036851512807
0, 3264, 0, 9223372036854775807, 0, 9223372036851511807
0, 3265, 0, 9223372036854775807, 0, 9223372036851510807
0, 3266, 0, 9223372036854775807, 0, 9223372036851509807
0, 3267, 0, 9223372036854775807, 0, 9223372036851508807
0, 3268, 0, 9223372036854775807, 0, 9223372036851507807
0, 3269, 0, 9223372036854775807, 0, 9223372036851506807
0, 327, 0, 9223372036854775807, 0, 9223372036854448807
0, 3270, 0, 9223372036854775807, 0, 9223372036851505807
0, 3271, 0, 9223372036854775807, 0, 9223372036851504807
0, 3272, 0, 9223372036854775807, 0, 9223372036851503807
0, 3273, 0, 9223372036854775807, 0, 9223372036851502807
0, 3274, 0, 9223372036854775807, 0, 9223372036851501807
0, 3275, 0, 9223372036854775807, 0, 9223372036851500807
0, 3276, 0, 9223372036854775807, 0, 9223372036851499807
0, 3277, 0, 9223372036854775807, 0, 9223372036851498807
0, 3278, 0, 9223372036854775807, 0, 9223372036851497807
0, 3279, 0, 9223372036854775807, 0, 9223372036851496807
0, 328, 0, 9223372036854775807, 0, 9223372036854447807
0, 3280, 0, 9223372036854775807, 0, 9223372036851495807
0, 3281, 0, 9223372036854775807, 0, 9223372036851494807
0, 3282, 0, 9223372036854775807, 0, 9223372036851493807
0, 3283, 0, 9223372036854775807, 0, 9223372036851492807
0, 3284, 0, 9223372036854775807, 0, 9223372036851491807
0, 3285, 0, 9223372036854775807, 0, 9223372036851490807
0, 3286, 0, 9223372036854775807, 0, 9223372036851489807
0, 3287, 0, 9223372036854775807, 0, 9223372036851488807
0, 3288, 0, 9223372036854775807, 0, 9223372036851487807
0, 3289, 0, 9223372036854775807, 0, 9223372036851486807
0, 329, 0, 9223372036854775807, 0, 9223372036854446807
0, 3290, 0, 9223372036854775807, 0, 9223372036851485807
0, 3291, 0, 9223372036854775807, 0, 9223372036851484807
0, 3292, 0, 9223372036854775807, 0, 9223372036851483807
0, 3293, 0, 9223372036854775807, 0, 9223372036851482807
0, 3294, 0, 9223372036854775807, 0, 9223372036851481807
0, 3295, 0, 9223372036854775807, 0, 9223372036851480807
0, 3296, 0, 9223372036854775807, 0, 9223372036851479807
0, 3297, 0, 9223372036854775807, 0, 9223372036851478807
0, 3298, 0, 9223372036854775807, 0, 9223372036851477807
0, 3299, 0, 9223372036854775807, 0, 9223372036851476807
0, 33, 0, 9223372036854775807, 0, 9223372036854742807
0, 330, 0, 9223372036854775807, 0, 9223372036854445807
0, 3300, 0, 9223372036854775807, 0, 9223372036851475807
0, 3301, 0, 9223372036854775807, 0, 9223372036851474807
0, 3302, 0, 9223372036854775807, 0, 9223372036851473807
0, 3303, 0, 9223372036854775807, 0, 9223372036851472807
0, 3304, 0, 9223372036854775807, 0, 9223372036851471807
0, 3305, 0, 9223372036854775807, 0, 9223372036851470807
0, 3306, 0, 9223372036854775807, 0, 9223372036851469807
0, 3307, 0, 9223372036854775807, 0, 9223372036851468807
0, 3308, 0, 9223372036854775807, 0, 9223372036851467807
0, 3309, 0, 9223372036854775807, 0, 9223372036851466807
0, 331, 0, 9223372036854775807, 0, 9223372036854444807
0, 3310, 0, 9223372036854775807, 0, 9223372036851465807
0, 3311, 0, 9223372036854775807, 0, 9223372036851464807
0, 3312, 0, 9223372036854775807, 0, 9223372036851463807
0, 3313, 0, 9223372036854775807, 0, 9223372036851462807
0, 3314, 0, 9223372036854775807, 0, 9223372036851461807
0, 3315, 0, 9223372036854775807, 0, 9223372036851460807
0, 3316, 0, 9223372036854775807, 0, 9223372036851459807
0, 3317, 0, 9223372036854775807, 0, 9223372036851458807
0, 3318, 0, 9223372036854775807, 0, 9223372036851457807
0, 3319, 0, 9223372036854775807, 0, 9223372036851456807
0, 332, 0, 9223372036854775807, 0, 9223372036854443807
0, 3320, 0, 9223372036854775807, 0, 9223372036851455807
0, 3321, 0, 9223372036854775807, 0, 9223372036851454807
0, 3322, 0, 9223372036854775807, 0, 9223372036851453807
0, 3323, 0, 9223372036854775807, 0, 9223372036851452807
0, 3324, 0, 9223372036854775807, 0, 9223372036851451807
0, 3325, 0, 9223372036854775807, 0, 9223372036851450807
0, 3326, 0, 9223372036854775807, 0, 9223372036851449807
0, 3327, 0, 9223372036854775807, 0, 9223372036851448807
0, 3328, 0, 9223372036854775807, 0, 9223372036851447807
0, 3329, 0, 9223372036854775807, 0, 9223372036851446807
0, 333, 0, 9223372036854775807, 0, 9223372036854442807
0, 3330, 0, 9223372036854775807, 0, 9223372036851445807
0, 3331, 0, 9223372036854775807, 0, 9223372036851444807
0, 3332, 0, 9223372036854775807, 0, 9223372036851443807
0, 3333, 0, 9223372036854775807, 0, 9223372036851442807
0, 3334, 0, 9223372036854775807, 0, 9223372036851441807
0, 3335, 0, 9223372036854775807, 0, 9223372036851440807
0, 3336, 0, 9223372036854775807, 0, 9223372036851439807
0, 3337, 0, 9223372036854775807, 0, 9223372036851438807
0, 3338, 0, 9223372036854775807, 0, 9223372036851437807
0, 3339, 0, 9223372036854775807, 0, 9223372036851436807
0, 334, 0, 9223372036854775807, 0, 9223372036854441807
0, 3340, 0, 9223372036854775807, 0, 9223372036851435807
0, 3341, 0, 9223372036854775807, 0, 9223372036851434807
0, 3342, 0, 9223372036854775807, 0, 9223372036851433807
0, 3343, 0, 9223372036854775807, 0, 9223372036851432807
0, 3344, 0, 9223372036854775807, 0, 9223372036851431807
0, 3345, 0, 9223372036854775807, 0, 9223372036851430807
0, 3346, 0, 9223372036854775807, 0, 9223372036851429807
0, 3347, 0, 9223372036854775807, 0, 9223372036851428807
0, 3348, 0, 9223372036854775807, 0, 9223372036851427807
0, 3349, 0, 9223372036854775807, 0, 9223372036851426807
0, 335, 0, 9223372036854775807, 0, 9223372036854440807
0, 3350, 0, 9223372036854775807, 0, 9223372036851425807
0, 3351, 0, 9223372036854775807, 0, 9223372036851424807
0, 3352, 0, 9223372036854775807, 0, 9223372036851423807
0, 3353, 0, 9223372036854775807, 0, 9223372036851422807
0, 3354, 0, 9223372036854775807, 0, 9223372036851421807
0, 3355, 0, 9223372036854775807, 0, 9223372036851420807
0, 3356, 0, 9223372036854775807, 0, 9223372036851419807
0, 3357, 0, 9223372036854775807, 0, 9223372036851418807
0, 3358, 0, 9223372036854775807, 0, 9223372036851417807
0, 3359, 0, 9223372036854775807, 0, 9223372036851416807
0, 336, 0, 9223372036854775807, 0, 9223372036854439807
0, 3360, 0, 9223372036854775807, 0, 9223372036851415807
0, 3361, 0, 9223372036854775807, 0, 9223372036851414807
0, 3362, 0, 9223372036854775807, 0, 9223372036851413807
0, 3363, 0, 9223372036854775807, 0, 9223372036851412807
0, 3364, 0, 9223372036854775807, 0, 9223372036851411807
0, 3365, 0, 9223372036854775807, 0, 9223372036851410807
0, 3366, 0, 9223372036854775807, 0, 9223372036851409807
0, 3367, 0, 9223372036854775807, 0, 9223372036851408807
0, 3368, 0, 9223372036854775807, 0, 9223372036851407807
0, 3369, 0, 9223372036854775807, 0, 9223372036851406807
0, 337, 0, 9223372036854775807, 0, 9223372036854438807
0, 3370, 0, 9223372036854775807, 0, 9223372036851405807
0, 3371, 0, 9223372036854775807, 0, 9223372036851404807
0, 3372, 0, 9223372036854775807, 0, 9223372036851403807
0, 3373, 0, 9223372036854775807, 0, 9223372036851402807
0, 3374, 0, 9223372036854775807, 0, 9223372036851401807
0, 3375, 0, 9223372036854775807, 0, 9223372036851400807
0, 3376, 0, 9223372036854775807, 0, 9223372036851399807
0, 3377, 0, 9223372036854775807, 0, 9223372036851398807
0, 3378, 0, 9223372036854775807, 0, 9223372036851397807
0, 3379, 0, 9223372036854775807, 0, 9223372036851396807
0, 338, 0, 9223372036854775807, 0, 9223372036854437807
0, 3380, 0, 9223372036854775807, 0, 9223372036851395807
0, 3381, 0, 9223372036854775807, 0, 9223372036851394807
0, 3382, 0, 9223372036854775807, 0, 9223372036851393807
0, 3383, 0, 9223372036854775807, 0, 9223372036851392807
0, 3384, 0, 9223372036854775807, 0, 9223372036851391807
0, 3385, 0, 9223372036854775807, 0, 9223372036851390807
0, 3386, 0, 9223372036854775807, 0, 9223372036851389807
0, 3387, 0, 9223372036854775807, 0, 9223372036851388807
0, 3388, 0, 9223372036854775807, 0, 9223372036851387807
0, 3389, 0, 9223372036854775807, 0, 9223372036851386807
0, 339, 0, 9223372036854775807, 0, 9223372036854436807
0, 3390, 0, 9223372036854775807, 0, 9223372036851385807
0, 3391, 0, 9223372036854775807, 0, 9223372036851384807
0, 3392, 0, 9223372036854775807, 0, 9223372036851383807
0, 3393, 0, 9223372036854775807, 0, 9223372036851382807
0, 3394, 0, 9223372036854775807, 0, 9223372036851381807
0, 3395, 0, 9223372036854775807, 0, 9223372036851380807
0, 3396, 0, 9223372036854775807, 0, 9223372036851379807
0, 3397, 0, 9223372036854775807, 0, 9223372036851378807
0, 3398, 0, 9223372036854775807, 0, 9223372036851377807
0, 3399, 0, 9223372036854775807, 0, 9223372036851376807
0, 34, 0, 9223372036854775807, 0, 9223372036854741807
0, 340, 0, 9223372036854775807, 0, 9223372036854435807
0, 3400, 0, 9223372036854775807, 0, 9223372036851375807
0, 3401, 0, 9223372036854775807, 0, 9223372036851374807
0, 3402, 0, 9223372036854775807, 0, 9223372036851373807
0, 3403, 0, 9223372036854775807, 0, 9223372036851372807
0, 3404, 0, 9223372036854775807, 0, 9223372036851371807
0, 3405, 0, 9223372036854775807, 0, 9223372036851370807
0, 3406, 0, 9223372036854775807, 0, 9223372036851369807
0, 3407, 0, 9223372036854775807, 0, 9223372036851368807
0, 3408, 0, 9223372036854775807, 0, 9223372036851367807
0, 3409, 0, 9223372036854775807, 0, 9223372036851366807
0, 341, 0, 9223372036854775807, 0, 9223372036854434807
0, 3410, 0, 9223372036854775807, 0, 9223372036851365807
0, 3411, 0, 9223372036854775807, 0, 9223372036851364807
0, 3412, 0, 9223372036854775807, 0, 9223372036851363807
0, 3413, 0, 9223372036854775807, 0, 9223372036851362807
0, 3414, 0, 9223372036854775807, 0, 9223372036851361807
0, 3415, 0, 9223372036854775807, 0, 9223372036851360807
0, 3416, 0, 9223372036854775807, 0, 9223372036851359807
0, 3417, 0, 9223372036854775807, 0, 9223372036851358807
0, 3418, 0, 9223372036854775807, 0, 9223372036851357807
0, 3419, 0, 9223372036854775807, 0, 9223372036851356807
0, 342, 0, 9223372036854775807, 0, 9223372036854433807
0, 3420, 0, 9223372036854775807, 0, 9223372036851355807
0, 3421, 0, 9223372036854775807, 0, 9223372036851354807
0, 3422, 0, 9223372036854775807, 0, 9223372036851353807
0, 3423, 0, 9223372036854775807, 0, 9223372036851352807
0, 3424, 0, 9223372036854775807, 0, 9223372036851351807
0, 3425, 0, 9223372036854775807, 0, 9223372036851350807
0, 3426, 0, 9223372036854775807, 0, 9223372036851349807
0, 3427, 0, 9223372036854775807, 0, 9223372036851348807
0, 3428, 0, 9223372036854775807, 0, 9223372036851347807
0, 3429, 0, 9223372036854775807, 0, 9223372036851346807
0, 343, 0, 9223372036854775807, 0, 9223372036854432807
0, 3430, 0, 9223372036854775807, 0, 9223372036851345807
0, 3431, 0, 9223372036854775807, 0, 9223372036851344807
0, 3432, 0, 9223372036854775807, 0, 9223372036851343807
0, 3433, 0, 9223372036854775807, 0, 9223372036851342807
0, 3434, 0, 9223372036854775807, 0, 9223372036851341807
0, 3435, 0, 9223372036854775807, 0, 9223372036851340807
0, 3436, 0, 9223372036854775807, 0, 9223372036851339807
0, 3437, 0, 9223372036854775807, 0, 9223372036851338807
0, 3438, 0, 9223372036854775807, 0, 9223372036851337807
0, 3439, 0, 9223372036854775807, 0, 9223372036851336807
0, 344, 0, 9223372036854775807, 0, 9223372036854431807
0, 3440, 0, 9223372036854775807, 0, 9223372036851335807
0, 3441, 0, 9223372036854775807, 0, 9223372036851334807
0, 3442, 0, 9223372036854775807, 0, 9223372036851333807
0, 3443, 0, 9223372036854775807, 0, 9223372036851332807
0, 3444, 0, 9223372036854775807, 0, 9223372036851331807
0, 3445, 0, 9223372036854775807, 0, 9223372036851330807
0, 3446, 0, 9223372036854775807, 0, 9223372036851329807
0, 3447, 0, 9223372036854775807, 0, 9223372036851328807
0, 3448, 0, 9223372036854775807, 0, 9223372036851327807
0, 3449, 0, 9223372036854775807, 0, 9223372036851326807
0, 345, 0, 9223372036854775807, 0, 9223372036854430807
0, 3450, 0, 9223372036854775807, 0, 9223372036851325807
0, 3451, 0, 9223372036854775807, 0, 9223372036851324807
0, 3452, 0, 9223372036854775807, 0, 9223372036851323807
0, 3453, 0, 9223372036854775807, 0, 9223372036851322807
0, 3454, 0, 9223372036854775807, 0, 9223372036851321807
0, 3455, 0, 9223372036854775807, 0, 9223372036851320807
0, 3456, 0, 9223372036854775807, 0, 9223372036851319807
0, 3457, 0, 9223372036854775807, 0, 9223372036851318807
0, 3458, 0, 9223372036854775807, 0, 9223372036851317807
0, 3459, 0, 9223372036854775807, 0, 9223372036851316807
0, 346, 0, 9223372036854775807, 0, 9223372036854429807
0, 3460, 0, 9223372036854775807, 0, 9223372036851315807
0, 3461, 0, 9223372036854775807, 0, 9223372036851314807
0, 3462, 0, 9223372036854775807, 0, 9223372036851313807
0, 3463, 0, 9223372036854775807, 0, 9223372036851312807
0, 3464, 0, 9223372036854775807, 0, 9223372036851311807
0, 3465, 0, 9223372036854775807, 0, 9223372036851310807
0, 3466, 0, 9223372036854775807, 0, 9223372036851309807
0, 3467, 0, 9223372036854775807, 0, 9223372036851308807
0, 3468, 0, 9223372036854775807, 0, 9223372036851307807
0, 3469, 0, 9223372036854775807, 0, 9223372036851306807
0, 347, 0, 9223372036854775807, 0, 9223372036854428807
0, 3470, 0, 9223372036854775807, 0, 9223372036851305807
0, 3471, 0, 9223372036854775807, 0, 9223372036851304807
0, 3472, 0, 9223372036854775807, 0, 9223372036851303807
0, 3473, 0, 9223372036854775807, 0, 9223372036851302807
0, 3474, 0, 9223372036854775807, 0, 9223372036851301807
0, 3475, 0, 9223372036854775807, 0, 9223372036851300807
0, 3476, 0, 9223372036854775807, 0, 9223372036851299807
0, 3477, 0, 9223372036854775807, 0, 9223372036851298807
0, 3478, 0, 9223372036854775807, 0, 9223372036851297807
0, 3479, 0, 9223372036854775807, 0, 9223372036851296807
0, 348, 0, 9223372036854775807, 0, 9223372036854427807
0, 3480, 0, 9223372036854775807, 0, 9223372036851295807
0, 3481, 0, 9223372036854775807, 0, 9223372036851294807
0, 3482, 0, 9223372036854775807, 0, 9223372036851293807
0, 3483, 0, 9223372036854775807, 0, 9223372036851292807
0, 3484, 0, 9223372036854775807, 0, 9223372036851291807
0, 3485, 0, 9223372036854775807, 0, 9223372036851290807
0, 3486, 0, 9223372036854775807, 0, 9223372036851289807
0, 3487, 0, 9223372036854775807, 0, 9223372036851288807
0, 3488, 0, 9223372036854775807, 0, 9223372036851287807
0, 3489, 0, 9223372036854775807, 0, 9223372036851286807
0, 349, 0, 9223372036854775807, 0, 9223372036854426807
0, 3490, 0, 9223372036854775807, 0, 9223372036851285807
0, 3491, 0, 9223372036854775807, 0, 9223372036851284807
0, 3492, 0, 9223372036854775807, 0, 9223372036851283807
0, 3493, 0, 9223372036854775807, 0, 9223372036851282807
0, 3494, 0, 9223372036854775807, 0, 9223372036851281807
0, 3495, 0, 9223372036854775807, 0, 9223372036851280807
0, 3496, 0, 9223372036854775807, 0, 9223372036851279807
0, 3497, 0, 9223372036854775807, 0, 9223372036851278807
0, 3498, 0, 9223372036854775807, 0, 9223372036851277807
0, 3499, 0, 9223372036854775807, 0, 9223372036851276807
0, 35, 0, 9223372036854775807, 0, 9223372036854740807
0, 350, 0, 9223372036854775807, 0, 9223372036854425807
0, 3500, 0, 9223372036854775807, 0, 9223372036851275807
0, 3501, 0, 9223372036854775807, 0, 9223372036851274807
0, 3502, 0, 9223372036854775807, 0, 9223372036851273807
0, 3503, 0, 9223372036854775807, 0, 9223372036851272807
0, 3504, 0, 9223372036854775807, 0, 9223372036851271807
0, 3505, 0, 9223372036854775807, 0, 9223372036851270807
0, 3506, 0, 9223372036854775807, 0, 9223372036851269807
0, 3507, 0, 9223372036854775807, 0, 9223372036851268807
0, 3508, 0, 9223372036854775807, 0, 9223372036851267807
0, 3509, 0, 9223372036854775807, 0, 9223372036851266807
0, 351, 0, 9223372036854775807, 0, 9223372036854424807
0, 3510, 0, 9223372036854775807, 0, 9223372036851265807
0, 3511, 0, 9223372036854775807, 0, 9223372036851264807
0, 3512, 0, 9223372036854775807, 0, 9223372036851263807
0, 3513, 0, 9223372036854775807, 0, 9223372036851262807
0, 3514, 0, 9223372036854775807, 0, 9223372036851261807
0, 3515, 0, 9223372036854775807, 0, 9223372036851260807
0, 3516, 0, 9223372036854775807, 0, 9223372036851259807
0, 3517, 0, 9223372036854775807, 0, 9223372036851258807
0, 3518, 0, 9223372036854775807, 0, 9223372036851257807
0, 3519, 0, 9223372036854775807, 0, 9223372036851256807
0, 352, 0, 9223372036854775807, 0, 9223372036854423807
0, 3520, 0, 9223372036854775807, 0, 9223372036851255807
0, 3521, 0, 9223372036854775807, 0, 9223372036851254807
0, 3522, 0, 9223372036854775807, 0, 9223372036851253807
0, 3523, 0, 9223372036854775807, 0, 9223372036851252807
0, 3524, 0, 9223372036854775807, 0, 9223372036851251807
0, 3525, 0, 9223372036854775807, 0, 9223372036851250807
0, 3526, 0, 9223372036854775807, 0, 9223372036851249807
0, 3527, 0, 9223372036854775807, 0, 9223372036851248807
0, 3528, 0, 9223372036854775807, 0, 9223372036851247807
0, 3529, 0, 9223372036854775807, 0, 9223372036851246807
0, 353, 0, 9223372036854775807, 0, 9223372036854422807
0, 3530, 0, 9223372036854775807, 0, 9223372036851245807
0, 3531, 0, 9223372036854775807, 0, 9223372036851244807
0, 3532, 0, 9223372036854775807, 0, 9223372036851243807
0, 3533, 0, 9223372036854775807, 0, 9223372036851242807
0, 3534, 0, 9223372036854775807, 0, 9223372036851241807
0, 3535, 0, 9223372036854775807, 0, 9223372036851240807
0, 3536, 0, 9223372036854775807, 0, 9223372036851239807
0, 3537, 0, 9223372036854775807, 0, 9223372036851238807
0, 3538, 0, 9223372036854775807, 0, 9223372036851237807
0, 3539, 0, 9223372036854775807, 0, 9223372036851236807
0, 354, 0, 9223372036854775807, 0, 9223372036854421807
0, 3540, 0, 9223372036854775807, 0, 9223372036851235807
0, 3541, 0, 9223372036854775807, 0, 9223372036851234807
0, 3542, 0, 9223372036854775807, 0, 9223372036851233807
0, 3543, 0, 9223372036854775807, 0, 9223372036851232807
0, 3544, 0, 9223372036854775807, 0, 9223372036851231807
0, 3545, 0, 9223372036854775807, 0, 9223372036851230807
0, 3546, 0, 9223372036854775807, 0, 9223372036851229807
0, 3547, 0, 9223372036854775807, 0, 9223372036851228807
0, 3548, 0, 9223372036854775807, 0, 9223372036851227807
0, 3549, 0, 9223372036854775807, 0, 9223372036851226807
0, 355, 0, 9223372036854775807, 0, 9223372036854420807
0, 3550, 0, 9223372036854775807, 0, 9223372036851225807
0, 3551, 0, 9223372036854775807, 0, 9223372036851224807
0, 3552, 0, 9223372036854775807, 0, 9223372036851223807
0, 3553, 0, 9223372036854775807, 0, 9223372036851222807
0, 3554, 0, 9223372036854775807, 0, 9223372036851221807
0, 3555, 0, 9223372036854775807, 0, 9223372036851220807
0, 3556, 0, 9223372036854775807, 0, 9223372036851219807
0, 3557, 0, 9223372036854775807, 0, 9223372036851218807
0, 3558, 0, 9223372036854775807, 0, 9223372036851217807
0, 3559, 0, 9223372036854775807, 0, 9223372036851216807
0, 356, 0, 9223372036854775807, 0, 9223372036854419807
0, 3560, 0, 9223372036854775807, 0, 9223372036851215807
0, 3561, 0, 9223372036854775807, 0, 9223372036851214807
0, 3562, 0, 9223372036854775807, 0, 9223372036851213807
0, 3563, 0, 9223372036854775807, 0, 9223372036851212807
0, 3564, 0, 9223372036854775807, 0, 9223372036851211807
0, 3565, 0, 9223372036854775807, 0, 9223372036851210807
0, 3566, 0, 9223372036854775807, 0, 9223372036851209807
0, 3567, 0, 9223372036854775807, 0, 9223372036851208807
0, 3568, 0, 9223372036854775807, 0, 9223372036851207807
0, 3569, 0, 9223372036854775807, 0, 9223372036851206807
0, 357, 0, 9223372036854775807, 0, 9223372036854418807
0, 3570, 0, 9223372036854775807, 0, 9223372036851205807
0, 3571, 0, 9223372036854775807, 0, 9223372036851204807
0, 3572, 0, 9223372036854775807, 0, 9223372036851203807
0, 3573, 0, 9223372036854775807, 0, 9223372036851202807
0, 3574, 0, 9223372036854775807, 0, 9223372036851201807
0, 3575, 0, 9223372036854775807, 0, 9223372036851200807
0, 3576, 0, 9223372036854775807, 0, 9223372036851199807
0, 3577, 0, 9223372036854775807, 0, 9223372036851198807
0, 3578, 0, 9223372036854775807, 0, 9223372036851197807
0, 3579, 0, 9223372036854775807, 0, 9223372036851196807
0, 358, 0, 9223372036854775807, 0, 9223372036854417807
0, 3580, 0, 9223372036854775807, 0, 9223372036851195807
0, 3581, 0, 9223372036854775807, 0, 9223372036851194807
0, 3582, 0, 9223372036854775807, 0, 9223372036851193807
0, 3583, 0, 9223372036854775807, 0, 9223372036851192807
0, 3584, 0, 9223372036854775807, 0, 9223372036851191807
0, 3585, 0, 9223372036854775807, 0, 9223372036851190807
0, 3586, 0, 9223372036854775807, 0, 9223372036851189807
0, 3587, 0, 9223372036854775807, 0, 9223372036851188807
0, 3588, 0, 9223372036854775807, 0, 9223372036851187807
0, 3589, 0, 9223372036854775807, 0, 9223372036851186807
0, 359, 0, 9223372036854775807, 0, 9223372036854416807
0, 3590, 0, 9223372036854775807, 0, 9223372036851185807
0, 3591, 0, 9223372036854775807, 0, 9223372036851184807
0, 3592, 0, 9223372036854775807, 0, 9223372036851183807
0, 3593, 0, 9223372036854775807, 0, 9223372036851182807
0, 3594, 0, 9223372036854775807, 0, 9223372036851181807
0, 3595, 0, 9223372036854775807, 0, 9223372036851180807
0, 3596, 0, 9223372036854775807, 0, 9223372036851179807
0, 3597, 0, 9223372036854775807, 0, 9223372036851178807
0, 3598, 0, 9223372036854775807, 0, 9223372036851177807
0, 3599, 0, 9223372036854775807, 0, 9223372036851176807
0, 36, 0, 9223372036854775807, 0, 9223372036854739807
0, 360, 0, 9223372036854775807, 0, 9223372036854415807
0, 3600, 0, 9223372036854775807, 0, 9223372036851175807
0, 3601, 0, 9223372036854775807, 0, 9223372036851174807
0, 3602, 0, 9223372036854775807, 0, 9223372036851173807
0, 3603, 0, 9223372036854775807, 0, 9223372036851172807
0, 3604, 0, 9223372036854775807, 0, 9223372036851171807
0, 3605, 0, 9223372036854775807, 0, 9223372036851170807
0, 3606, 0, 9223372036854775807, 0, 9223372036851169807
0, 3607, 0, 9223372036854775807, 0, 9223372036851168807
0, 3608, 0, 9223372036854775807, 0, 9223372036851167807
0, 3609, 0, 9223372036854775807, 0, 9223372036851166807
0, 361, 0, 9223372036854775807, 0, 9223372036854414807
0, 3610, 0, 9223372036854775807, 0, 9223372036851165807
0, 3611, 0, 9223372036854775807, 0, 9223372036851164807
0, 3612, 0, 9223372036854775807, 0, 9223372036851163807
0, 3613, 0, 9223372036854775807, 0, 9223372036851162807
0, 3614, 0, 9223372036854775807, 0, 9223372036851161807
0, 3615, 0, 9223372036854775807, 0, 9223372036851160807
0, 3616, 0, 9223372036854775807, 0, 9223372036851159807
0, 3617, 0, 9223372036854775807, 0, 9223372036851158807
0, 3618, 0, 9223372036854775807, 0, 9223372036851157807
0, 3619, 0, 9223372036854775807, 0, 9223372036851156807
0, 362, 0, 9223372036854775807, 0, 9223372036854413807
0, 3620, 0, 9223372036854775807, 0, 9223372036851155807
0, 3621, 0, 9223372036854775807, 0, 9223372036851154807
0, 3622, 0, 9223372036854775807, 0, 9223372036851153807
0, 3623, 0, 9223372036854775807, 0, 9223372036851152807
0, 3624, 0, 9223372036854775807, 0, 9223372036851151807
0, 3625, 0, 9223372036854775807, 0, 9223372036851150807
0, 3626, 0, 9223372036854775807, 0, 9223372036851149807
0, 3627, 0, 9223372036854775807, 0, 9223372036851148807
0, 3628, 0, 9223372036854775807, 0, 9223372036851147807
0, 3629, 0, 9223372036854775807, 0, 9223372036851146807
0, 363, 0, 9223372036854775807, 0, 9223372036854412807
0, 3630, 0, 9223372036854775807, 0, 9223372036851145807
0, 3631, 0, 9223372036854775807, 0, 9223372036851144807
0, 3632, 0, 9223372036854775807, 0, 9223372036851143807
0, 3633, 0, 9223372036854775807, 0, 9223372036851142807
0, 3634, 0, 9223372036854775807, 0, 9223372036851141807
0, 3635, 0, 9223372036854775807, 0, 9223372036851140807
0, 3636, 0, 9223372036854775807, 0, 9223372036851139807
0, 3637, 0, 9223372036854775807, 0, 9223372036851138807
0, 3638, 0, 9223372036854775807, 0, 9223372036851137807
0, 3639, 0, 9223372036854775807, 0, 9223372036851136807
0, 364, 0, 9223372036854775807, 0, 9223372036854411807
0, 3640, 0, 9223372036854775807, 0, 9223372036851135807
0, 3641, 0, 9223372036854775807, 0, 9223372036851134807
0, 3642, 0, 9223372036854775807, 0, 9223372036851133807
0, 3643, 0, 9223372036854775807, 0, 9223372036851132807
0, 3644, 0, 9223372036854775807, 0, 9223372036851131807
0, 3645, 0, 9223372036854775807, 0, 9223372036851130807
0, 3646, 0, 9223372036854775807, 0, 9223372036851129807
0, 3647, 0, 9223372036854775807, 0, 9223372036851128807
0, 3648, 0, 9223372036854775807, 0, 9223372036851127807
0, 3649, 0, 9223372036854775807, 0, 9223372036851126807
0, 365, 0, 9223372036854775807, 0, 9223372036854410807
0, 3650, 0, 9223372036854775807, 0, 9223372036851125807
0, 3651, 0, 9223372036854775807, 0, 9223372036851124807
0, 3652, 0, 9223372036854775807, 0, 9223372036851123807
0, 3653, 0, 9223372036854775807, 0, 9223372036851122807
0, 3654, 0, 9223372036854775807, 0, 9223372036851121807
0, 3655, 0, 9223372036854775807, 0, 9223372036851120807
0, 3656, 0, 9223372036854775807, 0, 9223372036851119807
0, 3657, 0, 9223372036854775807, 0, 9223372036851118807
0, 3658, 0, 9223372036854775807, 0, 9223372036851117807
0, 3659, 0, 9223372036854775807, 0, 9223372036851116807
0, 366, 0, 9223372036854775807, 0, 9223372036854409807
0, 3660, 0, 9223372036854775807, 0, 9223372036851115807
0, 3661, 0, 9223372036854775807, 0, 9223372036851114807
0, 3662, 0, 9223372036854775807, 0, 9223372036851113807
0, 3663, 0, 9223372036854775807, 0, 9223372036851112807
0, 3664, 0, 9223372036854775807, 0, 9223372036851111807
0, 3665, 0, 9223372036854775807, 0, 9223372036851110807
0, 3666, 0, 9223372036854775807, 0, 9223372036851109807
0, 3667, 0, 9223372036854775807, 0, 9223372036851108807
0, 3668, 0, 9223372036854775807, 0, 9223372036851107807
0, 3669, 0, 9223372036854775807, 0, 9223372036851106807
0, 367, 0, 9223372036854775807, 0, 9223372036854408807
0, 3670, 0, 9223372036854775807, 0, 9223372036851105807
0, 3671, 0, 9223372036854775807, 0, 9223372036851104807
0, 3672, 0, 9223372036854775807, 0, 9223372036851103807
0, 3673, 0, 9223372036854775807, 0, 9223372036851102807
0, 3674, 0, 9223372036854775807, 0, 9223372036851101807
0, 3675, 0, 9223372036854775807, 0, 9223372036851100807
0, 3676, 0, 9223372036854775807, 0, 9223372036851099807
0, 3677, 0, 9223372036854775807, 0, 9223372036851098807
0, 3678, 0, 9223372036854775807, 0, 9223372036851097807
0, 3679, 0, 9223372036854775807, 0, 9223372036851096807
0, 368, 0, 9223372036854775807, 0, 9223372036854407807
0, 3680, 0, 9223372036854775807, 0, 9223372036851095807
0, 3681, 0, 9223372036854775807, 0, 9223372036851094807
0, 3682, 0, 9223372036854775807, 0, 9223372036851093807
0, 3683, 0, 9223372036854775807, 0, 9223372036851092807
0, 3684, 0, 9223372036854775807, 0, 9223372036851091807
0, 3685, 0, 9223372036854775807, 0, 9223372036851090807
0, 3686, 0, 9223372036854775807, 0, 9223372036851089807
0, 3687, 0, 9223372036854775807, 0, 9223372036851088807
0, 3688, 0, 9223372036854775807, 0, 9223372036851087807
0, 3689, 0, 9223372036854775807, 0, 9223372036851086807
0, 369, 0, 9223372036854775807, 0, 9223372036854406807
0, 3690, 0, 9223372036854775807, 0, 9223372036851085807
0, 3691, 0, 9223372036854775807, 0, 9223372036851084807
0, 3692, 0, 9223372036854775807, 0, 9223372036851083807
0, 3693, 0, 9223372036854775807, 0, 9223372036851082807
0, 3694, 0, 9223372036854775807, 0, 9223372036851081807
0, 3695, 0, 9223372036854775807, 0, 9223372036851080807
0, 3696, 0, 9223372036854775807, 0, 9223372036851079807
0, 3697, 0, 9223372036854775807, 0, 9223372036851078807
0, 3698, 0, 9223372036854775807, 0, 9223372036851077807
0, 3699, 0, 9223372036854775807, 0, 9223372036851076807
0, 37, 0, 9223372036854775807, 0, 9223372036854738807
0, 370, 0, 9223372036854775807, 0, 9223372036854405807
0, 3700, 0, 9223372036854775807, 0, 9223372036851075807
0, 3701, 0, 9223372036854775807, 0, 9223372036851074807
0, 3702, 0, 9223372036854775807, 0, 9223372036851073807
0, 3703, 0, 9223372036854775807, 0, 9223372036851072807
0, 3704, 0, 9223372036854775807, 0, 9223372036851071807
0, 3705, 0, 9223372036854775807, 0, 9223372036851070807
0, 3706, 0, 9223372036854775807, 0, 9223372036851069807
0, 3707, 0, 9223372036854775807, 0, 9223372036851068807
0, 3708, 0, 9223372036854775807, 0, 9223372036851067807
0, 3709, 0, 9223372036854775807, 0, 9223372036851066807
0, 371, 0, 9223372036854775807, 0, 9223372036854404807
0, 3710, 0, 9223372036854775807, 0, 9223372036851065807
0, 3711, 0, 9223372036854775807, 0, 9223372036851064807
0, 3712, 0, 9223372036854775807, 0, 9223372036851063807
0, 3713, 0, 9223372036854775807, 0, 9223372036851062807
0, 3714, 0, 9223372036854775807, 0, 9223372036851061807
0, 3715, 0, 9223372036854775807, 0, 9223372036851060807
0, 3716, 0, 9223372036854775807, 0, 9223372036851059807
0, 3717, 0, 9223372036854775807, 0, 9223372036851058807
0, 3718, 0, 9223372036854775807, 0, 9223372036851057807
0, 3719, 0, 9223372036854775807, 0, 9223372036851056807
0, 372, 0, 9223372036854775807, 0, 9223372036854403807
0, 3720, 0, 9223372036854775807, 0, 9223372036851055807
0, 3721, 0, 9223372036854775807, 0, 9223372036851054807
0, 3722, 0, 9223372036854775807, 0, 9223372036851053807
0, 3723, 0, 9223372036854775807, 0, 9223372036851052807
0, 3724, 0, 9223372036854775807, 0, 9223372036851051807
0, 3725, 0, 9223372036854775807, 0, 9223372036851050807
0, 3726, 0, 9223372036854775807, 0, 9223372036851049807
0, 3727, 0, 9223372036854775807, 0, 9223372036851048807
0, 3728, 0, 9223372036854775807, 0, 9223372036851047807
0, 3729, 0, 9223372036854775807, 0, 9223372036851046807
0, 373, 0, 9223372036854775807, 0, 9223372036854402807
0, 3730, 0, 9223372036854775807, 0, 9223372036851045807
0, 3731, 0, 9223372036854775807, 0, 9223372036851044807
0, 3732, 0, 9223372036854775807, 0, 9223372036851043807
0, 3733, 0, 9223372036854775807, 0, 9223372036851042807
0, 3734, 0, 9223372036854775807, 0, 9223372036851041807
0, 3735, 0, 9223372036854775807, 0, 9223372036851040807
0, 3736, 0, 9223372036854775807, 0, 9223372036851039807
0, 3737, 0, 9223372036854775807, 0, 9223372036851038807
0, 3738, 0, 9223372036854775807, 0, 9223372036851037807
0, 3739, 0, 9223372036854775807, 0, 9223372036851036807
0, 374, 0, 9223372036854775807, 0, 9223372036854401807
0, 3740, 0, 9223372036854775807, 0, 9223372036851035807
0, 3741, 0, 9223372036854775807, 0, 9223372036851034807
0, 3742, 0, 9223372036854775807, 0, 9223372036851033807
0, 3743, 0, 9223372036854775807, 0, 9223372036851032807
0, 3744, 0, 9223372036854775807, 0, 9223372036851031807
0, 3745, 0, 9223372036854775807, 0, 9223372036851030807
0, 3746, 0, 9223372036854775807, 0, 9223372036851029807
0, 3747, 0, 9223372036854775807, 0, 9223372036851028807
0, 3748, 0, 9223372036854775807, 0, 9223372036851027807
0, 3749, 0, 9223372036854775807, 0, 9223372036851026807
0, 375, 0, 9223372036854775807, 0, 9223372036854400807
0, 3750, 0, 9223372036854775807, 0, 9223372036851025807
0, 3751, 0, 9223372036854775807, 0, 9223372036851024807
0, 3752, 0, 9223372036854775807, 0, 9223372036851023807
0, 3753, 0, 9223372036854775807, 0, 9223372036851022807
0, 3754, 0, 9223372036854775807, 0, 9223372036851021807
0, 3755, 0, 9223372036854775807, 0, 9223372036851020807
0, 3756, 0, 9223372036854775807, 0, 9223372036851019807
0, 3757, 0, 9223372036854775807, 0, 9223372036851018807
0, 3758, 0, 9223372036854775807, 0, 9223372036851017807
0, 3759, 0, 9223372036854775807, 0, 9223372036851016807
0, 376, 0, 9223372036854775807, 0, 9223372036854399807
0, 3760, 0, 9223372036854775807, 0, 9223372036851015807
0, 3761, 0, 9223372036854775807, 0, 9223372036851014807
0, 3762, 0, 9223372036854775807, 0, 9223372036851013807
0, 3763, 0, 9223372036854775807, 0, 9223372036851012807
0, 3764, 0, 9223372036854775807, 0, 9223372036851011807
0, 3765, 0, 9223372036854775807, 0, 9223372036851010807
0, 3766, 0, 9223372036854775807, 0, 9223372036851009807
0, 3767, 0, 9223372036854775807, 0, 9223372036851008807
0, 3768, 0, 9223372036854775807, 0, 9223372036851007807
0, 3769, 0, 9223372036854775807, 0, 9223372036851006807
0, 377, 0, 9223372036854775807, 0, 9223372036854398807
0, 3770, 0, 9223372036854775807, 0, 9223372036851005807
0, 3771, 0, 9223372036854775807, 0, 9223372036851004807
0, 3772, 0, 9223372036854775807, 0, 9223372036851003807
0, 3773, 0, 9223372036854775807, 0, 9223372036851002807
0, 3774, 0, 9223372036854775807, 0, 9223372036851001807
0, 3775, 0, 9223372036854775807, 0, 9223372036851000807
0, 3776, 0, 9223372036854775807, 0, 9223372036850999807
0, 3777, 0, 9223372036854775807, 0, 9223372036850998807
0, 3778, 0, 9223372036854775807, 0, 9223372036850997807
0, 3779, 0, 9223372036854775807, 0, 9223372036850996807
0, 378, 0, 9223372036854775807, 0, 9223372036854397807
0, 3780, 0, 9223372036854775807, 0, 9223372036850995807
0, 3781, 0, 9223372036854775807, 0, 9223372036850994807
0, 3782, 0, 9223372036854775807, 0, 9223372036850993807
0, 3783, 0, 9223372036854775807, 0, 9223372036850992807
0, 3784, 0, 9223372036854775807, 0, 9223372036850991807
0, 3785, 0, 9223372036854775807, 0, 9223372036850990807
0, 3786, 0, 9223372036854775807, 0, 9223372036850989807
0, 3787, 0, 9223372036854775807, 0, 9223372036850988807
0, 3788, 0, 9223372036854775807, 0, 9223372036850987807
0, 3789, 0, 9223372036854775807, 0, 9223372036850986807
0, 379, 0, 9223372036854775807, 0, 9223372036854396807
0, 3790, 0, 9223372036854775807, 0, 9223372036850985807
0, 3791, 0, 9223372036854775807, 0, 9223372036850984807
0, 3792, 0, 9223372036854775807, 0, 9223372036850983807
0, 3793, 0, 9223372036854775807, 0, 9223372036850982807
0, 3794, 0, 9223372036854775807, 0, 9223372036850981807
0, 3795, 0, 9223372036854775807, 0, 9223372036850980807
0, 3796, 0, 9223372036854775807, 0, 9223372036850979807
0, 3797, 0, 9223372036854775807, 0, 9223372036850978807
0, 3798, 0, 9223372036854775807, 0, 9223372036850977807
0, 3799, 0, 9223372036854775807, 0, 9223372036850976807
0, 38, 0, 9223372036854775807, 0, 9223372036854737807
0, 380, 0, 9223372036854775807, 0, 9223372036854395807
0, 3800, 0, 9223372036854775807, 0, 9223372036850975807
0, 3801, 0, 9223372036854775807, 0, 9223372036850974807
0, 3802, 0, 9223372036854775807, 0, 9223372036850973807
0, 3803, 0, 9223372036854775807, 0, 9223372036850972807
0, 3804, 0, 9223372036854775807, 0, 9223372036850971807
0, 3805, 0, 9223372036854775807, 0, 9223372036850970807
0, 3806, 0, 9223372036854775807, 0, 9223372036850969807
0, 3807, 0, 9223372036854775807, 0, 9223372036850968807
0, 3808, 0, 9223372036854775807, 0, 9223372036850967807
0, 3809, 0, 9223372036854775807, 0, 9223372036850966807
0, 381, 0, 9223372036854775807, 0, 9223372036854394807
0, 3810, 0, 9223372036854775807, 0, 9223372036850965807
0, 3811, 0, 9223372036854775807, 0, 9223372036850964807
0, 3812, 0, 9223372036854775807, 0, 9223372036850963807
0, 3813, 0, 9223372036854775807, 0, 9223372036850962807
0, 3814, 0, 9223372036854775807, 0, 9223372036850961807
0, 3815, 0, 9223372036854775807, 0, 9223372036850960807
0, 3816, 0, 9223372036854775807, 0, 9223372036850959807
0, 3817, 0, 9223372036854775807, 0, 9223372036850958807
0, 3818, 0, 9223372036854775807, 0, 9223372036850957807
0, 3819, 0, 9223372036854775807, 0, 9223372036850956807
0, 382, 0, 9223372036854775807, 0, 9223372036854393807
0, 3820, 0, 9223372036854775807, 0, 9223372036850955807
0, 3821, 0, 9223372036854775807, 0, 9223372036850954807
0, 3822, 0, 9223372036854775807, 0, 9223372036850953807
0, 3823, 0, 9223372036854775807, 0, 9223372036850952807
0, 3824, 0, 9223372036854775807, 0, 9223372036850951807
0, 3825, 0, 9223372036854775807, 0, 9223372036850950807
0, 3826, 0, 9223372036854775807, 0, 9223372036850949807
0, 3827, 0, 9223372036854775807, 0, 9223372036850948807
0, 3828, 0, 9223372036854775807, 0, 9223372036850947807
0, 3829, 0, 9223372036854775807, 0, 9223372036850946807
0, 383, 0, 9223372036854775807, 0, 9223372036854392807
0, 3830, 0, 9223372036854775807, 0, 9223372036850945807
0, 3831, 0, 9223372036854775807, 0, 9223372036850944807
0, 3832, 0, 9223372036854775807, 0, 9223372036850943807
0, 3833, 0, 9223372036854775807, 0, 9223372036850942807
0, 3834, 0, 9223372036854775807, 0, 9223372036850941807
0, 3835, 0, 9223372036854775807, 0, 9223372036850940807
0, 3836, 0, 9223372036854775807, 0, 9223372036850939807
0, 3837, 0, 9223372036854775807, 0, 9223372036850938807
0, 3838, 0, 9223372036854775807, 0, 9223372036850937807
0, 3839, 0, 9223372036854775807, 0, 9223372036850936807
0, 384, 0, 9223372036854775807, 0, 9223372036854391807
0, 3840, 0, 9223372036854775807, 0, 9223372036850935807
0, 3841, 0, 9223372036854775807, 0, 9223372036850934807
0, 3842, 0, 9223372036854775807, 0, 9223372036850933807
0, 3843, 0, 9223372036854775807, 0, 9223372036850932807
0, 3844, 0, 9223372036854775807, 0, 9223372036850931807
0, 3845, 0, 9223372036854775807, 0, 9223372036850930807
0, 3846, 0, 9223372036854775807, 0, 9223372036850929807
0, 3847, 0, 9223372036854775807, 0, 9223372036850928807
0, 3848, 0, 9223372036854775807, 0, 9223372036850927807
0, 3849, 0, 9223372036854775807, 0, 9223372036850926807
0, 385, 0, 9223372036854775807, 0, 9223372036854390807
0, 3850, 0, 9223372036854775807, 0, 9223372036850925807
0, 3851, 0, 9223372036854775807, 0, 9223372036850924807
0, 3852, 0, 9223372036854775807, 0, 9223372036850923807
0, 3853, 0, 9223372036854775807, 0, 9223372036850922807
0, 3854, 0, 9223372036854775807, 0, 9223372036850921807
0, 3855, 0, 9223372036854775807, 0, 9223372036850920807
0, 3856, 0, 9223372036854775807, 0, 9223372036850919807
0, 3857, 0, 9223372036854775807, 0, 9223372036850918807
0, 3858, 0, 9223372036854775807, 0, 9223372036850917807
0, 3859, 0, 9223372036854775807, 0, 9223372036850916807
0, 386, 0, 9223372036854775807, 0, 9223372036854389807
0, 3860, 0, 9223372036854775807, 0, 9223372036850915807
0, 3861, 0, 9223372036854775807, 0, 9223372036850914807
0, 3862, 0, 9223372036854775807, 0, 9223372036850913807
0, 3863, 0, 9223372036854775807, 0, 9223372036850912807
0, 3864, 0, 9223372036854775807, 0, 9223372036850911807
0, 3865, 0, 9223372036854775807, 0, 9223372036850910807
0, 3866, 0, 9223372036854775807, 0, 9223372036850909807
0, 3867, 0, 9223372036854775807, 0, 9223372036850908807
0, 3868, 0, 9223372036854775807, 0, 9223372036850907807
0, 3869, 0, 9223372036854775807, 0, 9223372036850906807
0, 387, 0, 9223372036854775807, 0, 9223372036854388807
0, 3870, 0, 9223372036854775807, 0, 9223372036850905807
0, 3871, 0, 9223372036854775807, 0, 9223372036850904807
0, 3872, 0, 9223372036854775807, 0, 9223372036850903807
0, 3873, 0, 9223372036854775807, 0, 9223372036850902807
0, 3874, 0, 9223372036854775807, 0, 9223372036850901807
0, 3875, 0, 9223372036854775807, 0, 9223372036850900807
0, 3876, 0, 9223372036854775807, 0, 9223372036850899807
0, 3877, 0, 9223372036854775807, 0, 9223372036850898807
0, 3878, 0, 9223372036854775807, 0, 9223372036850897807
0, 3879, 0, 9223372036854775807, 0, 9223372036850896807
0, 388, 0, 9223372036854775807, 0, 9223372036854387807
0, 3880, 0, 9223372036854775807, 0, 9223372036850895807
0, 3881, 0, 9223372036854775807, 0, 9223372036850894807
0, 3882, 0, 9223372036854775807, 0, 9223372036850893807
0, 3883, 0, 9223372036854775807, 0, 9223372036850892807
0, 3884, 0, 9223372036854775807, 0, 9223372036850891807
0, 3885, 0, 9223372036854775807, 0, 9223372036850890807
0, 3886, 0, 9223372036854775807, 0, 9223372036850889807
0, 3887, 0, 9223372036854775807, 0, 9223372036850888807
0, 3888, 0, 9223372036854775807, 0, 9223372036850887807
0, 3889, 0, 9223372036854775807, 0, 9223372036850886807
0, 389, 0, 9223372036854775807, 0, 9223372036854386807
0, 3890, 0, 9223372036854775807, 0, 9223372036850885807
0, 3891, 0, 9223372036854775807, 0, 9223372036850884807
0, 3892, 0, 9223372036854775807, 0, 9223372036850883807
0, 3893, 0, 9223372036854775807, 0, 9223372036850882807
0, 3894, 0, 9223372036854775807, 0, 9223372036850881807
0, 3895, 0, 9223372036854775807, 0, 9223372036850880807
0, 3896, 0, 9223372036854775807, 0, 9223372036850879807
0, 3897, 0, 9223372036854775807, 0, 9223372036850878807
0, 3898, 0, 9223372036854775807, 0, 9223372036850877807
0, 3899, 0, 9223372036854775807, 0, 9223372036850876807
0, 39, 0, 9223372036854775807, 0, 9223372036854736807
0, 390, 0, 9223372036854775807, 0, 9223372036854385807
0, 3900, 0, 9223372036854775807, 0, 9223372036850875807
0, 3901, 0, 9223372036854775807, 0, 9223372036850874807
0, 3902, 0, 9223372036854775807, 0, 9223372036850873807
0, 3903, 0, 9223372036854775807, 0, 9223372036850872807
0, 3904, 0, 9223372036854775807, 0, 9223372036850871807
0, 3905, 0, 9223372036854775807, 0, 9223372036850870807
0, 3906, 0, 9223372036854775807, 0, 9223372036850869807
0, 3907, 0, 9223372036854775807, 0, 9223372036850868807
0, 3908, 0, 9223372036854775807, 0, 9223372036850867807
0, 3909, 0, 9223372036854775807, 0, 9223372036850866807
0, 391, 0, 9223372036854775807, 0, 9223372036854384807
0, 3910, 0, 9223372036854775807, 0, 9223372036850865807
0, 3911, 0, 9223372036854775807, 0, 9223372036850864807
0, 3912, 0, 9223372036854775807, 0, 9223372036850863807
0, 3913, 0, 9223372036854775807, 0, 9223372036850862807
0, 3914, 0, 9223372036854775807, 0, 9223372036850861807
0, 3915, 0, 9223372036854775807, 0, 9223372036850860807
0, 3916, 0, 9223372036854775807, 0, 9223372036850859807
0, 3917, 0, 9223372036854775807, 0, 9223372036850858807
0, 3918, 0, 9223372036854775807, 0, 9223372036850857807
0, 3919, 0, 9223372036854775807, 0, 9223372036850856807
0, 392, 0, 9223372036854775807, 0, 9223372036854383807
0, 3920, 0, 9223372036854775807, 0, 9223372036850855807
0, 3921, 0, 9223372036854775807, 0, 9223372036850854807
0, 3922, 0, 9223372036854775807, 0, 9223372036850853807
0, 3923, 0, 9223372036854775807, 0, 9223372036850852807
0, 3924, 0, 9223372036854775807, 0, 9223372036850851807
0, 3925, 0, 9223372036854775807, 0, 9223372036850850807
0, 3926, 0, 9223372036854775807, 0, 9223372036850849807
0, 3927, 0, 9223372036854775807, 0, 9223372036850848807
0, 3928, 0, 9223372036854775807, 0, 9223372036850847807
0, 3929, 0, 9223372036854775807, 0, 9223372036850846807
0, 393, 0, 9223372036854775807, 0, 9223372036854382807
0, 3930, 0, 9223372036854775807, 0, 9223372036850845807
0, 3931, 0, 9223372036854775807, 0, 9223372036850844807
0, 3932, 0, 9223372036854775807, 0, 9223372036850843807
0, 3933, 0, 9223372036854775807, 0, 9223372036850842807
0, 3934, 0, 9223372036854775807, 0, 9223372036850841807
0, 3935, 0, 9223372036854775807, 0, 9223372036850840807
0, 3936, 0, 9223372036854775807, 0, 9223372036850839807
0, 3937, 0, 9223372036854775807, 0, 9223372036850838807
0, 3938, 0, 9223372036854775807, 0, 9223372036850837807
0, 3939, 0, 9223372036854775807, 0, 9223372036850836807
0, 394, 0, 9223372036854775807, 0, 9223372036854381807
0, 3940, 0, 9223372036854775807, 0, 9223372036850835807
0, 3941, 0, 9223372036854775807, 0, 9223372036850834807
0, 3942, 0, 9223372036854775807, 0, 9223372036850833807
0, 3943, 0, 9223372036854775807, 0, 9223372036850832807
0, 3944, 0, 9223372036854775807, 0, 9223372036850831807
0, 3945, 0, 9223372036854775807, 0, 9223372036850830807
0, 3946, 0, 9223372036854775807, 0, 9223372036850829807
0, 3947, 0, 9223372036854775807, 0, 9223372036850828807
0, 3948, 0, 9223372036854775807, 0, 9223372036850827807
0, 3949, 0, 9223372036854775807, 0, 9223372036850826807
0, 395, 0, 9223372036854775807, 0, 9223372036854380807
0, 3950, 0, 9223372036854775807, 0, 9223372036850825807
0, 3951, 0, 9223372036854775807, 0, 9223372036850824807
0, 3952, 0, 9223372036854775807, 0, 9223372036850823807
0, 3953, 0, 9223372036854775807, 0, 9223372036850822807
0, 3954, 0, 9223372036854775807, 0, 9223372036850821807
0, 3955, 0, 9223372036854775807, 0, 9223372036850820807
0, 3956, 0, 9223372036854775807, 0, 9223372036850819807
0, 3957, 0, 9223372036854775807, 0, 9223372036850818807
0, 3958, 0, 9223372036854775807, 0, 9223372036850817807
0, 3959, 0, 9223372036854775807, 0, 9223372036850816807
0, 396, 0, 9223372036854775807, 0, 9223372036854379807
0, 3960, 0, 9223372036854775807, 0, 9223372036850815807
0, 3961, 0, 9223372036854775807, 0, 9223372036850814807
0, 3962, 0, 9223372036854775807, 0, 9223372036850813807
0, 3963, 0, 9223372036854775807, 0, 9223372036850812807
0, 3964, 0, 9223372036854775807, 0, 9223372036850811807
0, 3965, 0, 9223372036854775807, 0, 9223372036850810807
0, 3966, 0, 9223372036854775807, 0, 9223372036850809807
0, 3967, 0, 9223372036854775807, 0, 9223372036850808807
0, 3968, 0, 9223372036854775807, 0, 9223372036850807807
0, 3969, 0, 9223372036854775807, 0, 9223372036850806807
0, 397, 0, 9223372036854775807, 0, 9223372036854378807
0, 3970, 0, 9223372036854775807, 0, 9223372036850805807
0, 3971, 0, 9223372036854775807, 0, 9223372036850804807
0, 3972, 0, 9223372036854775807, 0, 9223372036850803807
0, 3973, 0, 9223372036854775807, 0, 9223372036850802807
0, 3974, 0, 9223372036854775807, 0, 9223372036850801807
0, 3975, 0, 9223372036854775807, 0, 9223372036850800807
0, 3976, 0, 9223372036854775807, 0, 9223372036850799807
0, 3977, 0, 9223372036854775807, 0, 9223372036850798807
0, 3978, 0, 9223372036854775807, 0, 9223372036850797807
0, 3979, 0, 9223372036854775807, 0, 9223372036850796807
0, 398, 0, 9223372036854775807, 0, 9223372036854377807
0, 3980, 0, 9223372036854775807, 0, 9223372036850795807
0, 3981, 0, 9223372036854775807, 0, 9223372036850794807
0, 3982, 0, 9223372036854775807, 0, 9223372036850793807
0, 3983, 0, 9223372036854775807, 0, 9223372036850792807
0, 3984, 0, 9223372036854775807, 0, 9223372036850791807
0, 3985, 0, 9223372036854775807, 0, 9223372036850790807
0, 3986, 0, 9223372036854775807, 0, 9223372036850789807
0, 3987, 0, 9223372036854775807, 0, 9223372036850788807
0, 3988, 0, 9223372036854775807, 0, 9223372036850787807
0, 3989, 0, 9223372036854775807, 0, 9223372036850786807
0, 399, 0, 9223372036854775807, 0, 9223372036854376807
0, 3990, 0, 9223372036854775807, 0, 9223372036850785807
0, 3991, 0, 9223372036854775807, 0, 9223372036850784807
0, 3992, 0, 9223372036854775807, 0, 9223372036850783807
0, 3993, 0, 9223372036854775807, 0, 9223372036850782807
0, 3994, 0, 9223372036854775807, 0, 9223372036850781807
0, 3995, 0, 9223372036854775807, 0, 9223372036850780807
0, 3996, 0, 9223372036854775807, 0, 9223372036850779807
0, 3997, 0, 9223372036854775807, 0, 9223372036850778807
0, 3998, 0, 9223372036854775807, 0, 9223372036850777807
0, 3999, 0, 9223372036854775807, 0, 9223372036850776807
0, 4, 0, 9223372036854775807, 0, 9223372036854771807
0, 40, 0, 9223372036854775807, 0, 9223372036854735807
0, 400, 0, 9223372036854775807, 0, 9223372036854375807
0, 4000, 0, 9223372036854775807, 0, 9223372036850775807
0, 4001, 0, 9223372036854775807, 0, 9223372036850774807
0, 4002, 0, 9223372036854775807, 0, 9223372036850773807
0, 4003, 0, 9223372036854775807, 0, 9223372036850772807
0, 4004, 0, 9223372036854775807, 0, 9223372036850771807
0, 4005, 0, 9223372036854775807, 0, 9223372036850770807
0, 4006, 0, 9223372036854775807, 0, 9223372036850769807
0, 4007, 0, 9223372036854775807, 0, 9223372036850768807
0, 4008, 0, 9223372036854775807, 0, 9223372036850767807
0, 4009, 0, 9223372036854775807, 0, 9223372036850766807
0, 401, 0, 9223372036854775807, 0, 9223372036854374807
0, 4010, 0, 9223372036854775807, 0, 9223372036850765807
0, 4011, 0, 9223372036854775807, 0, 9223372036850764807
0, 4012, 0, 9223372036854775807, 0, 9223372036850763807
0, 4013, 0, 9223372036854775807, 0, 9223372036850762807
0, 4014, 0, 9223372036854775807, 0, 9223372036850761807
0, 4015, 0, 9223372036854775807, 0, 9223372036850760807
0, 4016, 0, 9223372036854775807, 0, 9223372036850759807
0, 4017, 0, 9223372036854775807, 0, 9223372036850758807
0, 4018, 0, 9223372036854775807, 0, 9223372036850757807
0, 4019, 0, 9223372036854775807, 0, 9223372036850756807
0, 402, 0, 9223372036854775807, 0, 9223372036854373807
0, 4020, 0, 9223372036854775807, 0, 9223372036850755807
0, 4021, 0, 9223372036854775807, 0, 9223372036850754807
0, 4022, 0, 9223372036854775807, 0, 9223372036850753807
0, 4023, 0, 9223372036854775807, 0, 9223372036850752807
0, 4024, 0, 9223372036854775807, 0, 9223372036850751807
0, 4025, 0, 9223372036854775807, 0, 9223372036850750807
0, 4026, 0, 9223372036854775807, 0, 9223372036850749807
0, 4027, 0, 9223372036854775807, 0, 9223372036850748807
0, 4028, 0, 9223372036854775807, 0, 9223372036850747807
0, 4029, 0, 9223372036854775807, 0, 9223372036850746807
0, 403, 0, 9223372036854775807, 0, 9223372036854372807
0, 4030, 0, 9223372036854775807, 0, 9223372036850745807
0, 4031, 0, 9223372036854775807, 0, 9223372036850744807
0, 4032, 0, 9223372036854775807, 0, 9223372036850743807
0, 4033, 0, 9223372036854775807, 0, 9223372036850742807
0, 4034, 0, 9223372036854775807, 0, 9223372036850741807
0, 4035, 0, 9223372036854775807, 0, 9223372036850740807
0, 4036, 0, 9223372036854775807, 0, 9223372036850739807
0, 4037, 0, 9223372036854775807, 0, 9223372036850738807
0, 4038, 0, 9223372036854775807, 0, 9223372036850737807
0, 4039, 0, 9223372036854775807, 0, 9223372036850736807
0, 404, 0, 9223372036854775807, 0, 9223372036854371807
0, 4040, 0, 9223372036854775807, 0, 9223372036850735807
0, 4041, 0, 9223372036854775807, 0, 9223372036850734807
0, 4042, 0, 9223372036854775807, 0, 9223372036850733807
0, 4043, 0, 9223372036854775807, 0, 9223372036850732807
0, 4044, 0, 9223372036854775807, 0, 9223372036850731807
0, 4045, 0, 9223372036854775807, 0, 9223372036850730807
0, 4046, 0, 9223372036854775807, 0, 9223372036850729807
0, 4047, 0, 9223372036854775807, 0, 9223372036850728807
0, 4048, 0, 9223372036854775807, 0, 9223372036850727807
0, 4049, 0, 9223372036854775807, 0, 9223372036850726807
0, 405, 0, 9223372036854775807, 0, 9223372036854370807
0, 4050, 0, 9223372036854775807, 0, 9223372036850725807
0, 4051, 0, 9223372036854775807, 0, 9223372036850724807
0, 4052, 0, 9223372036854775807, 0, 9223372036850723807
0, 4053, 0, 9223372036854775807, 0, 9223372036850722807
0, 4054, 0, 9223372036854775807, 0, 9223372036850721807
0, 4055, 0, 9223372036854775807, 0, 9223372036850720807
0, 4056, 0, 9223372036854775807, 0, 9223372036850719807
0, 4057, 0, 9223372036854775807, 0, 9223372036850718807
0, 4058, 0, 9223372036854775807, 0, 9223372036850717807
0, 4059, 0, 9223372036854775807, 0, 9223372036850716807
0, 406, 0, 9223372036854775807, 0, 9223372036854369807
0, 4060, 0, 9223372036854775807, 0, 9223372036850715807
0, 4061, 0, 9223372036854775807, 0, 9223372036850714807
0, 4062, 0, 9223372036854775807, 0, 9223372036850713807
0, 4063, 0, 9223372036854775807, 0, 9223372036850712807
0, 4064, 0, 9223372036854775807, 0, 9223372036850711807
0, 4065, 0, 9223372036854775807, 0, 9223372036850710807
0, 4066, 0, 9223372036854775807, 0, 9223372036850709807
0, 4067, 0, 9223372036854775807, 0, 9223372036850708807
0, 4068, 0, 9223372036854775807, 0, 9223372036850707807
0, 4069, 0, 9223372036854775807, 0, 9223372036850706807
0, 407, 0, 9223372036854775807, 0, 9223372036854368807
0, 4070, 0, 9223372036854775807, 0, 9223372036850705807
0, 4071, 0, 9223372036854775807, 0, 9223372036850704807
0, 4072, 0, 9223372036854775807, 0, 9223372036850703807
0, 4073, 0, 9223372036854775807, 0, 9223372036850702807
0, 4074, 0, 9223372036854775807, 0, 9223372036850701807
0, 4075, 0, 9223372036854775807, 0, 9223372036850700807
0, 4076, 0, 9223372036854775807, 0, 9223372036850699807
0, 4077, 0, 9223372036854775807, 0, 9223372036850698807
0, 4078, 0, 9223372036854775807, 0, 9223372036850697807
0, 4079, 0, 9223372036854775807, 0, 9223372036850696807
0, 408, 0, 9223372036854775807, 0, 9223372036854367807
0, 4080, 0, 9223372036854775807, 0, 9223372036850695807
0, 4081, 0, 9223372036854775807, 0, 9223372036850694807
0, 4082, 0, 9223372036854775807, 0, 9223372036850693807
0, 4083, 0, 9223372036854775807, 0, 9223372036850692807
0, 4084, 0, 9223372036854775807, 0, 9223372036850691807
0, 4085, 0, 9223372036854775807, 0, 9223372036850690807
0, 4086, 0, 9223372036854775807, 0, 9223372036850689807
0, 4087, 0, 9223372036854775807, 0, 9223372036850688807
0, 4088, 0, 9223372036854775807, 0, 9223372036850687807
0, 4089, 0, 9223372036854775807, 0, 9223372036850686807
0, 409, 0, 9223372036854775807, 0, 9223372036854366807
0, 4090, 0, 9223372036854775807, 0, 9223372036850685807
0, 4091, 0, 9223372036854775807, 0, 9223372036850684807
0, 4092, 0, 9223372036854775807, 0, 9223372036850683807
0, 4093, 0, 9223372036854775807, 0, 9223372036850682807
0, 4094, 0, 9223372036854775807, 0, 9223372036850681807
0, 4095, 0, 9223372036854775807, 0, 9223372036850680807
0, 4096, 0, 9223372036854775807, 0, 9223372036850679807
0, 4097, 0, 9223372036854775807, 0, 9223372036850678807
0, 4098, 0, 9223372036854775807, 0, 9223372036850677807
0, 4099, 0, 9223372036854775807, 0, 9223372036850676807
0, 41, 0, 9223372036854775807, 0, 9223372036854734807
0, 410, 0, 9223372036854775807, 0, 9223372036854365807
0, 4100, 0, 9223372036854775807, 0, 9223372036850675807
0, 4101, 0, 9223372036854775807, 0, 9223372036850674807
0, 4102, 0, 9223372036854775807, 0, 9223372036850673807
0, 4103, 0, 9223372036854775807, 0, 9223372036850672807
0, 4104, 0, 9223372036854775807, 0, 9223372036850671807
0, 4105, 0, 9223372036854775807, 0, 9223372036850670807
0, 4106, 0, 9223372036854775807, 0, 9223372036850669807
0, 4107, 0, 9223372036854775807, 0, 9223372036850668807
0, 4108, 0, 9223372036854775807, 0, 9223372036850667807
0, 4109, 0, 9223372036854775807, 0, 9223372036850666807
0, 411, 0, 9223372036854775807, 0, 9223372036854364807
0, 4110, 0, 9223372036854775807, 0, 9223372036850665807
0, 4111, 0, 9223372036854775807, 0, 9223372036850664807
0, 4112, 0, 9223372036854775807, 0, 9223372036850663807
0, 4113, 0, 9223372036854775807, 0, 9223372036850662807
0, 4114, 0, 9223372036854775807, 0, 9223372036850661807
0, 4115, 0, 9223372036854775807, 0, 9223372036850660807
0, 4116, 0, 9223372036854775807, 0, 9223372036850659807
0, 4117, 0, 9223372036854775807, 0, 9223372036850658807
0, 4118, 0, 9223372036854775807, 0, 9223372036850657807
0, 4119, 0, 9223372036854775807, 0, 9223372036850656807
0, 412, 0, 9223372036854775807, 0, 9223372036854363807
0, 4120, 0, 9223372036854775807, 0, 9223372036850655807
0, 4121, 0, 9223372036854775807, 0, 9223372036850654807
0, 4122, 0, 9223372036854775807, 0, 9223372036850653807
0, 4123, 0, 9223372036854775807, 0, 9223372036850652807
0, 4124, 0, 9223372036854775807, 0, 9223372036850651807
0, 4125, 0, 9223372036854775807, 0, 9223372036850650807
0, 4126, 0, 9223372036854775807, 0, 9223372036850649807
0, 4127, 0, 9223372036854775807, 0, 9223372036850648807
0, 4128, 0, 9223372036854775807, 0, 9223372036850647807
0, 4129, 0, 9223372036854775807, 0, 9223372036850646807
0, 413, 0, 9223372036854775807, 0, 9223372036854362807
0, 4130, 0, 9223372036854775807, 0, 9223372036850645807
0, 4131, 0, 9223372036854775807, 0, 9223372036850644807
0, 4132, 0, 9223372036854775807, 0, 9223372036850643807
0, 4133, 0, 9223372036854775807, 0, 9223372036850642807
0, 4134, 0, 9223372036854775807, 0, 9223372036850641807
0, 4135, 0, 9223372036854775807, 0, 9223372036850640807
0, 4136, 0, 9223372036854775807, 0, 9223372036850639807
0, 4137, 0, 9223372036854775807, 0, 9223372036850638807
0, 4138, 0, 9223372036854775807, 0, 9223372036850637807
0, 4139, 0, 9223372036854775807, 0, 9223372036850636807
0, 414, 0, 9223372036854775807, 0, 9223372036854361807
0, 4140, 0, 9223372036854775807, 0, 9223372036850635807
0, 4141, 0, 9223372036854775807, 0, 9223372036850634807
0, 4142, 0, 9223372036854775807, 0, 9223372036850633807
0, 4143, 0, 9223372036854775807, 0, 9223372036850632807
0, 4144, 0, 9223372036854775807, 0, 9223372036850631807
0, 4145, 0, 9223372036854775807, 0, 9223372036850630807
0, 4146, 0, 9223372036854775807, 0, 9223372036850629807
0, 4147, 0, 9223372036854775807, 0, 9223372036850628807
0, 4148, 0, 9223372036854775807, 0, 9223372036850627807
0, 4149, 0, 9223372036854775807, 0, 9223372036850626807
0, 415, 0, 9223372036854775807, 0, 9223372036854360807
0, 4150, 0, 9223372036854775807, 0, 9223372036850625807
0, 4151, 0, 9223372036854775807, 0, 9223372036850624807
0, 4152, 0, 9223372036854775807, 0, 9223372036850623807
0, 4153, 0, 9223372036854775807, 0, 9223372036850622807
0, 4154, 0, 9223372036854775807, 0, 9223372036850621807
0, 4155, 0, 9223372036854775807, 0, 9223372036850620807
0, 4156, 0, 9223372036854775807, 0, 9223372036850619807
0, 4157, 0, 9223372036854775807, 0, 9223372036850618807
0, 4158, 0, 9223372036854775807, 0, 9223372036850617807
0, 4159, 0, 9223372036854775807, 0, 9223372036850616807
0, 416, 0, 9223372036854775807, 0, 9223372036854359807
0, 4160, 0, 9223372036854775807, 0, 9223372036850615807
0, 4161, 0, 9223372036854775807, 0, 9223372036850614807
0, 4162, 0, 9223372036854775807, 0, 9223372036850613807
0, 4163, 0, 9223372036854775807, 0, 9223372036850612807
0, 4164, 0, 9223372036854775807, 0, 9223372036850611807
0, 4165, 0, 9223372036854775807, 0, 9223372036850610807
0, 4166, 0, 9223372036854775807, 0, 9223372036850609807
0, 4167, 0, 9223372036854775807, 0, 9223372036850608807
0, 4168, 0, 9223372036854775807, 0, 9223372036850607807
0, 4169, 0, 9223372036854775807, 0, 9223372036850606807
0, 417, 0, 9223372036854775807, 0, 9223372036854358807
0, 4170, 0, 9223372036854775807, 0, 9223372036850605807
0, 4171, 0, 9223372036854775807, 0, 9223372036850604807
0, 4172, 0, 9223372036854775807, 0, 9223372036850603807
0, 4173, 0, 9223372036854775807, 0, 9223372036850602807
0, 4174, 0, 9223372036854775807, 0, 9223372036850601807
0, 4175, 0, 9223372036854775807, 0, 9223372036850600807
0, 4176, 0, 9223372036854775807, 0, 9223372036850599807
0, 4177, 0, 9223372036854775807, 0, 9223372036850598807
0, 4178, 0, 9223372036854775807, 0, 9223372036850597807
0, 4179, 0, 9223372036854775807, 0, 9223372036850596807
0, 418, 0, 9223372036854775807, 0, 9223372036854357807
0, 4180, 0, 9223372036854775807, 0, 9223372036850595807
0, 4181, 0, 9223372036854775807, 0, 9223372036850594807
0, 4182, 0, 9223372036854775807, 0, 9223372036850593807
0, 4183, 0, 9223372036854775807, 0, 9223372036850592807
0, 4184, 0, 9223372036854775807, 0, 9223372036850591807
0, 4185, 0, 9223372036854775807, 0, 9223372036850590807
0, 4186, 0, 9223372036854775807, 0, 9223372036850589807
0, 4187, 0, 9223372036854775807, 0, 9223372036850588807
0, 4188, 0, 9223372036854775807, 0, 9223372036850587807
0, 4189, 0, 9223372036854775807, 0, 9223372036850586807
0, 419, 0, 9223372036854775807, 0, 9223372036854356807
0, 4190, 0, 9223372036854775807, 0, 9223372036850585807
0, 4191, 0, 9223372036854775807, 0, 9223372036850584807
0, 4192, 0, 9223372036854775807, 0, 9223372036850583807
0, 4193, 0, 9223372036854775807, 0, 9223372036850582807
0, 4194, 0, 9223372036854775807, 0, 9223372036850581807
0, 4195, 0, 9223372036854775807, 0, 9223372036850580807
0, 4196, 0, 9223372036854775807, 0, 9223372036850579807
0, 4197, 0, 9223372036854775807, 0, 9223372036850578807
0, 4198, 0, 9223372036854775807, 0, 9223372036850577807
0, 4199, 0, 9223372036854775807, 0, 9223372036850576807
0, 42, 0, 9223372036854775807, 0, 9223372036854733807
0, 420, 0, 9223372036854775807, 0, 9223372036854355807
0, 4200, 0, 9223372036854775807, 0, 9223372036850575807
0, 4201, 0, 9223372036854775807, 0, 9223372036850574807
0, 4202, 0, 9223372036854775807, 0, 9223372036850573807
0, 4203, 0, 9223372036854775807, 0, 9223372036850572807
0, 4204, 0, 9223372036854775807, 0, 9223372036850571807
0, 4205, 0, 9223372036854775807, 0, 9223372036850570807
0, 4206, 0, 9223372036854775807, 0, 9223372036850569807
0, 4207, 0, 9223372036854775807, 0, 9223372036850568807
0, 4208, 0, 9223372036854775807, 0, 9223372036850567807
0, 4209, 0, 9223372036854775807, 0, 9223372036850566807
0, 421, 0, 9223372036854775807, 0, 9223372036854354807
0, 4210, 0, 9223372036854775807, 0, 9223372036850565807
0, 4211, 0, 9223372036854775807, 0, 9223372036850564807
0, 4212, 0, 9223372036854775807, 0, 9223372036850563807
0, 4213, 0, 9223372036854775807, 0, 9223372036850562807
0, 4214, 0, 9223372036854775807, 0, 9223372036850561807
0, 4215, 0, 9223372036854775807, 0, 9223372036850560807
0, 4216, 0, 9223372036854775807, 0, 9223372036850559807
0, 4217, 0, 9223372036854775807, 0, 9223372036850558807
0, 4218, 0, 9223372036854775807, 0, 9223372036850557807
0, 4219, 0, 9223372036854775807, 0, 9223372036850556807
0, 422, 0, 9223372036854775807, 0, 9223372036854353807
0, 4220, 0, 9223372036854775807, 0, 9223372036850555807
0, 4221, 0, 9223372036854775807, 0, 9223372036850554807
0, 4222, 0, 9223372036854775807, 0, 9223372036850553807
0, 4223, 0, 9223372036854775807, 0, 9223372036850552807
0, 4224, 0, 9223372036854775807, 0, 9223372036850551807
0, 4225, 0, 9223372036854775807, 0, 9223372036850550807
0, 4226, 0, 9223372036854775807, 0, 9223372036850549807
0, 4227, 0, 9223372036854775807, 0, 9223372036850548807
0, 4228, 0, 9223372036854775807, 0, 9223372036850547807
0, 4229, 0, 9223372036854775807, 0, 9223372036850546807
0, 423, 0, 9223372036854775807, 0, 9223372036854352807
0, 4230, 0, 9223372036854775807, 0, 9223372036850545807
0, 4231, 0, 9223372036854775807, 0, 9223372036850544807
0, 4232, 0, 9223372036854775807, 0, 9223372036850543807
0, 4233, 0, 9223372036854775807, 0, 9223372036850542807
0, 4234, 0, 9223372036854775807, 0, 9223372036850541807
0, 4235, 0, 9223372036854775807, 0, 9223372036850540807
0, 4236, 0, 9223372036854775807, 0, 9223372036850539807
0, 4237, 0, 9223372036854775807, 0, 9223372036850538807
0, 4238, 0, 9223372036854775807, 0, 9223372036850537807
0, 4239, 0, 9223372036854775807, 0, 9223372036850536807
0, 424, 0, 9223372036854775807, 0, 9223372036854351807
0, 4240, 0, 9223372036854775807, 0, 9223372036850535807
0, 4241, 0, 9223372036854775807, 0, 9223372036850534807
0, 4242, 0, 9223372036854775807, 0, 9223372036850533807
0, 4243, 0, 9223372036854775807, 0, 9223372036850532807
0, 4244, 0, 9223372036854775807, 0, 9223372036850531807
0, 4245, 0, 9223372036854775807, 0, 9223372036850530807
0, 4246, 0, 9223372036854775807, 0, 9223372036850529807
0, 4247, 0, 9223372036854775807, 0, 9223372036850528807
0, 4248, 0, 9223372036854775807, 0, 9223372036850527807
0, 4249, 0, 9223372036854775807, 0, 9223372036850526807
0, 425, 0, 9223372036854775807, 0, 9223372036854350807
0, 4250, 0, 9223372036854775807, 0, 9223372036850525807
0, 4251, 0, 9223372036854775807, 0, 9223372036850524807
0, 4252, 0, 9223372036854775807, 0, 9223372036850523807
0, 4253, 0, 9223372036854775807, 0, 9223372036850522807
0, 4254, 0, 9223372036854775807, 0, 9223372036850521807
0, 4255, 0, 9223372036854775807, 0, 9223372036850520807
0, 4256, 0, 9223372036854775807, 0, 9223372036850519807
0, 4257, 0, 9223372036854775807, 0, 9223372036850518807
0, 4258, 0, 9223372036854775807, 0, 9223372036850517807
0, 4259, 0, 9223372036854775807, 0, 9223372036850516807
0, 426, 0, 9223372036854775807, 0, 9223372036854349807
0, 4260, 0, 9223372036854775807, 0, 9223372036850515807
0, 4261, 0, 9223372036854775807, 0, 9223372036850514807
0, 4262, 0, 9223372036854775807, 0, 9223372036850513807
0, 4263, 0, 9223372036854775807, 0, 9223372036850512807
0, 4264, 0, 9223372036854775807, 0, 9223372036850511807
0, 4265, 0, 9223372036854775807, 0, 9223372036850510807
0, 4266, 0, 9223372036854775807, 0, 9223372036850509807
0, 4267, 0, 9223372036854775807, 0, 9223372036850508807
0, 4268, 0, 9223372036854775807, 0, 9223372036850507807
0, 4269, 0, 9223372036854775807, 0, 9223372036850506807
0, 427, 0, 9223372036854775807, 0, 9223372036854348807
0, 4270, 0, 9223372036854775807, 0, 9223372036850505807
0, 4271, 0, 9223372036854775807, 0, 9223372036850504807
0, 4272, 0, 9223372036854775807, 0, 9223372036850503807
0, 4273, 0, 9223372036854775807, 0, 9223372036850502807
0, 4274, 0, 9223372036854775807, 0, 9223372036850501807
0, 4275, 0, 9223372036854775807, 0, 9223372036850500807
0, 4276, 0, 9223372036854775807, 0, 9223372036850499807
0, 4277, 0, 9223372036854775807, 0, 9223372036850498807
0, 4278, 0, 9223372036854775807, 0, 9223372036850497807
0, 4279, 0, 9223372036854775807, 0, 9223372036850496807
0, 428, 0, 9223372036854775807, 0, 9223372036854347807
0, 4280, 0, 9223372036854775807, 0, 9223372036850495807
0, 4281, 0, 9223372036854775807, 0, 9223372036850494807
0, 4282, 0, 9223372036854775807, 0, 9223372036850493807
0, 4283, 0, 9223372036854775807, 0, 9223372036850492807
0, 4284, 0, 9223372036854775807, 0, 9223372036850491807
0, 4285, 0, 9223372036854775807, 0, 9223372036850490807
0, 4286, 0, 9223372036854775807, 0, 9223372036850489807
0, 4287, 0, 9223372036854775807, 0, 9223372036850488807
0, 4288, 0, 9223372036854775807, 0, 9223372036850487807
0, 4289, 0, 9223372036854775807, 0, 9223372036850486807
0, 429, 0, 9223372036854775807, 0, 9223372036854346807
0, 4290, 0, 9223372036854775807, 0, 9223372036850485807
0, 4291, 0, 9223372036854775807, 0, 9223372036850484807
0, 4292, 0, 9223372036854775807, 0, 9223372036850483807
0, 4293, 0, 9223372036854775807, 0, 9223372036850482807
0, 4294, 0, 9223372036854775807, 0, 9223372036850481807
0, 4295, 0, 9223372036854775807, 0, 9223372036850480807
0, 4296, 0, 9223372036854775807, 0, 9223372036850479807
0, 4297, 0, 9223372036854775807, 0, 9223372036850478807
0, 4298, 0, 9223372036854775807, 0, 9223372036850477807
0, 4299, 0, 9223372036854775807, 0, 9223372036850476807
0, 43, 0, 9223372036854775807, 0, 9223372036854732807
0, 430, 0, 9223372036854775807, 0, 9223372036854345807
0, 4300, 0, 9223372036854775807, 0, 9223372036850475807
0, 4301, 0, 9223372036854775807, 0, 9223372036850474807
0, 4302, 0, 9223372036854775807, 0, 9223372036850473807
0, 4303, 0, 9223372036854775807, 0, 9223372036850472807
0, 4304, 0, 9223372036854775807, 0, 9223372036850471807
0, 4305, 0, 9223372036854775807, 0, 9223372036850470807
0, 4306, 0, 9223372036854775807, 0, 9223372036850469807
0, 4307, 0, 9223372036854775807, 0, 9223372036850468807
0, 4308, 0, 9223372036854775807, 0, 9223372036850467807
0, 4309, 0, 9223372036854775807, 0, 9223372036850466807
0, 431, 0, 9223372036854775807, 0, 9223372036854344807
0, 4310, 0, 9223372036854775807, 0, 9223372036850465807
0, 4311, 0, 9223372036854775807, 0, 9223372036850464807
0, 4312, 0, 9223372036854775807, 0, 9223372036850463807
0, 4313, 0, 9223372036854775807, 0, 9223372036850462807
0, 4314, 0, 9223372036854775807, 0, 9223372036850461807
0, 4315, 0, 9223372036854775807, 0, 9223372036850460807
0, 4316, 0, 9223372036854775807, 0, 9223372036850459807
0, 4317, 0, 9223372036854775807, 0, 9223372036850458807
0, 4318, 0, 9223372036854775807, 0, 9223372036850457807
0, 4319, 0, 9223372036854775807, 0, 9223372036850456807
0, 432, 0, 9223372036854775807, 0, 9223372036854343807
0, 4320, 0, 9223372036854775807, 0, 9223372036850455807
0, 4321, 0, 9223372036854775807, 0, 9223372036850454807
0, 4322, 0, 9223372036854775807, 0, 9223372036850453807
0, 4323, 0, 9223372036854775807, 0, 9223372036850452807
0, 4324, 0, 9223372036854775807, 0, 9223372036850451807
0, 4325, 0, 9223372036854775807, 0, 9223372036850450807
0, 4326, 0, 9223372036854775807, 0, 9223372036850449807
0, 4327, 0, 9223372036854775807, 0, 9223372036850448807
0, 4328, 0, 9223372036854775807, 0, 9223372036850447807
0, 4329, 0, 9223372036854775807, 0, 9223372036850446807
0, 433, 0, 9223372036854775807, 0, 9223372036854342807
0, 4330, 0, 9223372036854775807, 0, 9223372036850445807
0, 4331, 0, 9223372036854775807, 0, 9223372036850444807
0, 4332, 0, 9223372036854775807, 0, 9223372036850443807
0, 4333, 0, 9223372036854775807, 0, 9223372036850442807
0, 4334, 0, 9223372036854775807, 0, 9223372036850441807
0, 4335, 0, 9223372036854775807, 0, 9223372036850440807
0, 4336, 0, 9223372036854775807, 0, 9223372036850439807
0, 4337, 0, 9223372036854775807, 0, 9223372036850438807
0, 4338, 0, 9223372036854775807, 0, 9223372036850437807
0, 4339, 0, 9223372036854775807, 0, 9223372036850436807
0, 434, 0, 9223372036854775807, 0, 9223372036854341807
0, 4340, 0, 9223372036854775807, 0, 9223372036850435807
0, 4341, 0, 9223372036854775807, 0, 9223372036850434807
0, 4342, 0, 9223372036854775807, 0, 9223372036850433807
0, 4343, 0, 9223372036854775807, 0, 9223372036850432807
0, 4344, 0, 9223372036854775807, 0, 9223372036850431807
0, 4345, 0, 9223372036854775807, 0, 9223372036850430807
0, 4346, 0, 9223372036854775807, 0, 9223372036850429807
0, 4347, 0, 9223372036854775807, 0, 9223372036850428807
0, 4348, 0, 9223372036854775807, 0, 9223372036850427807
0, 4349, 0, 9223372036854775807, 0, 9223372036850426807
0, 435, 0, 9223372036854775807, 0, 9223372036854340807
0, 4350, 0, 9223372036854775807, 0, 9223372036850425807
0, 4351, 0, 9223372036854775807, 0, 9223372036850424807
0, 4352, 0, 9223372036854775807, 0, 9223372036850423807
0, 4353, 0, 9223372036854775807, 0, 9223372036850422807
0, 4354, 0, 9223372036854775807, 0, 9223372036850421807
0, 4355, 0, 9223372036854775807, 0, 9223372036850420807
0, 4356, 0, 9223372036854775807, 0, 9223372036850419807
0, 4357, 0, 9223372036854775807, 0, 9223372036850418807
0, 4358, 0, 9223372036854775807, 0, 9223372036850417807
0, 4359, 0, 9223372036854775807, 0, 9223372036850416807
0, 436, 0, 9223372036854775807, 0, 9223372036854339807
0, 4360, 0, 9223372036854775807, 0, 9223372036850415807
0, 4361, 0, 9223372036854775807, 0, 9223372036850414807
0, 4362, 0, 9223372036854775807, 0, 9223372036850413807
0, 4363, 0, 9223372036854775807, 0, 9223372036850412807
0, 4364, 0, 9223372036854775807, 0, 9223372036850411807
0, 4365, 0, 9223372036854775807, 0, 9223372036850410807
0, 4366, 0, 9223372036854775807, 0, 9223372036850409807
0, 4367, 0, 9223372036854775807, 0, 9223372036850408807
0, 4368, 0, 9223372036854775807, 0, 9223372036850407807
0, 4369, 0, 9223372036854775807, 0, 9223372036850406807
0, 437, 0, 9223372036854775807, 0, 9223372036854338807
0, 4370, 0, 9223372036854775807, 0, 9223372036850405807
0, 4371, 0, 9223372036854775807, 0, 9223372036850404807
0, 4372, 0, 9223372036854775807, 0, 9223372036850403807
0, 4373, 0, 9223372036854775807, 0, 9223372036850402807
0, 4374, 0, 9223372036854775807, 0, 9223372036850401807
0, 4375, 0, 9223372036854775807, 0, 9223372036850400807
0, 4376, 0, 9223372036854775807, 0, 9223372036850399807
0, 4377, 0, 9223372036854775807, 0, 9223372036850398807
0, 4378, 0, 9223372036854775807, 0, 9223372036850397807
0, 4379, 0, 9223372036854775807, 0, 9223372036850396807
0, 438, 0, 9223372036854775807, 0, 9223372036854337807
0, 4380, 0, 9223372036854775807, 0, 9223372036850395807
0, 4381, 0, 9223372036854775807, 0, 9223372036850394807
0, 4382, 0, 9223372036854775807, 0, 9223372036850393807
0, 4383, 0, 9223372036854775807, 0, 9223372036850392807
0, 4384, 0, 9223372036854775807, 0, 9223372036850391807
0, 4385, 0, 9223372036854775807, 0, 9223372036850390807
0, 4386, 0, 9223372036854775807, 0, 9223372036850389807
0, 4387, 0, 9223372036854775807, 0, 9223372036850388807
0, 4388, 0, 9223372036854775807, 0, 9223372036850387807
0, 4389, 0, 9223372036854775807, 0, 9223372036850386807
0, 439, 0, 9223372036854775807, 0, 9223372036854336807
0, 4390, 0, 9223372036854775807, 0, 9223372036850385807
0, 4391, 0, 9223372036854775807, 0, 9223372036850384807
0, 4392, 0, 9223372036854775807, 0, 9223372036850383807
0, 4393, 0, 9223372036854775807, 0, 9223372036850382807
0, 4394, 0, 9223372036854775807, 0, 9223372036850381807
0, 4395, 0, 9223372036854775807, 0, 9223372036850380807
0, 4396, 0, 9223372036854775807, 0, 9223372036850379807
0, 4397, 0, 9223372036854775807, 0, 9223372036850378807
0, 4398, 0, 9223372036854775807, 0, 9223372036850377807
0, 4399, 0, 9223372036854775807, 0, 9223372036850376807
0, 44, 0, 9223372036854775807, 0, 9223372036854731807
0, 440, 0, 9223372036854775807, 0, 9223372036854335807
0, 4400, 0, 9223372036854775807, 0, 9223372036850375807
0, 4401, 0, 9223372036854775807, 0, 9223372036850374807
0, 4402, 0, 9223372036854775807, 0, 9223372036850373807
0, 4403, 0, 9223372036854775807, 0, 9223372036850372807
0, 4404, 0, 9223372036854775807, 0, 9223372036850371807
0, 4405, 0, 9223372036854775807, 0, 9223372036850370807
0, 4406, 0, 9223372036854775807, 0, 9223372036850369807
0, 4407, 0, 9223372036854775807, 0, 9223372036850368807
0, 4408, 0, 9223372036854775807, 0, 9223372036850367807
0, 4409, 0, 9223372036854775807, 0, 9223372036850366807
0, 441, 0, 9223372036854775807, 0, 9223372036854334807
0, 4410, 0, 9223372036854775807, 0, 9223372036850365807
0, 4411, 0, 9223372036854775807, 0, 9223372036850364807
0, 4412, 0, 9223372036854775807, 0, 9223372036850363807
0, 4413, 0, 9223372036854775807, 0, 9223372036850362807
0, 4414, 0, 9223372036854775807, 0, 9223372036850361807
0, 4415, 0, 9223372036854775807, 0, 9223372036850360807
0, 4416, 0, 9223372036854775807, 0, 9223372036850359807
0, 4417, 0, 9223372036854775807, 0, 9223372036850358807
0, 4418, 0, 9223372036854775807, 0, 9223372036850357807
0, 4419, 0, 9223372036854775807, 0, 9223372036850356807
0, 442, 0, 9223372036854775807, 0, 9223372036854333807
0, 4420, 0, 9223372036854775807, 0, 9223372036850355807
0, 4421, 0, 9223372036854775807, 0, 9223372036850354807
0, 4422, 0, 9223372036854775807, 0, 9223372036850353807
0, 4423, 0, 9223372036854775807, 0, 9223372036850352807
0, 4424, 0, 9223372036854775807, 0, 9223372036850351807
0, 4425, 0, 9223372036854775807, 0, 9223372036850350807
0, 4426, 0, 9223372036854775807, 0, 9223372036850349807
0, 4427, 0, 9223372036854775807, 0, 9223372036850348807
0, 4428, 0, 9223372036854775807, 0, 9223372036850347807
0, 4429, 0, 9223372036854775807, 0, 9223372036850346807
0, 443, 0, 9223372036854775807, 0, 9223372036854332807
0, 4430, 0, 9223372036854775807, 0, 9223372036850345807
0, 4431, 0, 9223372036854775807, 0, 9223372036850344807
0, 4432, 0, 9223372036854775807, 0, 9223372036850343807
0, 4433, 0, 9223372036854775807, 0, 9223372036850342807
0, 4434, 0, 9223372036854775807, 0, 9223372036850341807
0, 4435, 0, 9223372036854775807, 0, 9223372036850340807
0, 4436, 0, 9223372036854775807, 0, 9223372036850339807
0, 4437, 0, 9223372036854775807, 0, 9223372036850338807
0, 4438, 0, 9223372036854775807, 0, 9223372036850337807
0, 4439, 0, 9223372036854775807, 0, 9223372036850336807
0, 444, 0, 9223372036854775807, 0, 9223372036854331807
0, 4440, 0, 9223372036854775807, 0, 9223372036850335807
0, 4441, 0, 9223372036854775807, 0, 9223372036850334807
0, 4442, 0, 9223372036854775807, 0, 9223372036850333807
0, 4443, 0, 9223372036854775807, 0, 9223372036850332807
0, 4444, 0, 9223372036854775807, 0, 9223372036850331807
0, 4445, 0, 9223372036854775807, 0, 9223372036850330807
0, 4446, 0, 9223372036854775807, 0, 9223372036850329807
0, 4447, 0, 9223372036854775807, 0, 9223372036850328807
0, 4448, 0, 9223372036854775807, 0, 9223372036850327807
0, 4449, 0, 9223372036854775807, 0, 9223372036850326807
0, 445, 0, 9223372036854775807, 0, 9223372036854330807
0, 4450, 0, 9223372036854775807, 0, 9223372036850325807
0, 4451, 0, 9223372036854775807, 0, 9223372036850324807
0, 4452, 0, 9223372036854775807, 0, 9223372036850323807
0, 4453, 0, 9223372036854775807, 0, 9223372036850322807
0, 4454, 0, 9223372036854775807, 0, 9223372036850321807
0, 4455, 0, 9223372036854775807, 0, 9223372036850320807
0, 4456, 0, 9223372036854775807, 0, 9223372036850319807
0, 4457, 0, 9223372036854775807, 0, 9223372036850318807
0, 4458, 0, 9223372036854775807, 0, 9223372036850317807
0, 4459, 0, 9223372036854775807, 0, 9223372036850316807
0, 446, 0, 9223372036854775807, 0, 9223372036854329807
0, 4460, 0, 9223372036854775807, 0, 9223372036850315807
0, 4461, 0, 9223372036854775807, 0, 9223372036850314807
0, 4462, 0, 9223372036854775807, 0, 9223372036850313807
0, 4463, 0, 9223372036854775807, 0, 9223372036850312807
0, 4464, 0, 9223372036854775807, 0, 9223372036850311807
0, 4465, 0, 9223372036854775807, 0, 9223372036850310807
0, 4466, 0, 9223372036854775807, 0, 9223372036850309807
0, 4467, 0, 9223372036854775807, 0, 9223372036850308807
0, 4468, 0, 9223372036854775807, 0, 9223372036850307807
0, 4469, 0, 9223372036854775807, 0, 9223372036850306807
0, 447, 0, 9223372036854775807, 0, 9223372036854328807
0, 4470, 0, 9223372036854775807, 0, 9223372036850305807
0, 4471, 0, 9223372036854775807, 0, 9223372036850304807
0, 4472, 0, 9223372036854775807, 0, 9223372036850303807
0, 4473, 0, 9223372036854775807, 0, 9223372036850302807
0, 4474, 0, 9223372036854775807, 0, 9223372036850301807
0, 4475, 0, 9223372036854775807, 0, 9223372036850300807
0, 4476, 0, 9223372036854775807, 0, 9223372036850299807
0, 4477, 0, 9223372036854775807, 0, 9223372036850298807
0, 4478, 0, 9223372036854775807, 0, 9223372036850297807
0, 4479, 0, 9223372036854775807, 0, 9223372036850296807
0, 448, 0, 9223372036854775807, 0, 9223372036854327807
0, 4480, 0, 9223372036854775807, 0, 9223372036850295807
0, 4481, 0, 9223372036854775807, 0, 9223372036850294807
0, 4482, 0, 9223372036854775807, 0, 9223372036850293807
0, 4483, 0, 9223372036854775807, 0, 9223372036850292807
0, 4484, 0, 9223372036854775807, 0, 9223372036850291807
0, 4485, 0, 9223372036854775807, 0, 9223372036850290807
0, 4486, 0, 9223372036854775807, 0, 9223372036850289807
0, 4487, 0, 9223372036854775807, 0, 9223372036850288807
0, 4488, 0, 9223372036854775807, 0, 9223372036850287807
0, 4489, 0, 9223372036854775807, 0, 9223372036850286807
0, 449, 0, 9223372036854775807, 0, 9223372036854326807
0, 4490, 0, 9223372036854775807, 0, 9223372036850285807
0, 4491, 0, 9223372036854775807, 0, 9223372036850284807
0, 4492, 0, 9223372036854775807, 0, 9223372036850283807
0, 4493, 0, 9223372036854775807, 0, 9223372036850282807
0, 4494, 0, 9223372036854775807, 0, 9223372036850281807
0, 4495, 0, 9223372036854775807, 0, 9223372036850280807
0, 4496, 0, 9223372036854775807, 0, 9223372036850279807
0, 4497, 0, 9223372036854775807, 0, 9223372036850278807
0, 4498, 0, 9223372036854775807, 0, 9223372036850277807
0, 4499, 0, 9223372036854775807, 0, 9223372036850276807
0, 45, 0, 9223372036854775807, 0, 9223372036854730807
0, 450, 0, 9223372036854775807, 0, 9223372036854325807
0, 4500, 0, 9223372036854775807, 0, 9223372036850275807
0, 4501, 0, 9223372036854775807, 0, 9223372036850274807
0, 4502, 0, 9223372036854775807, 0, 9223372036850273807
0, 4503, 0, 9223372036854775807, 0, 9223372036850272807
0, 4504, 0, 9223372036854775807, 0, 9223372036850271807
0, 4505, 0, 9223372036854775807, 0, 9223372036850270807
0, 4506, 0, 9223372036854775807, 0, 9223372036850269807
0, 4507, 0, 9223372036854775807, 0, 9223372036850268807
0, 4508, 0, 9223372036854775807, 0, 9223372036850267807
0, 4509, 0, 9223372036854775807, 0, 9223372036850266807
0, 451, 0, 9223372036854775807, 0, 9223372036854324807
0, 4510, 0, 9223372036854775807, 0, 9223372036850265807
0, 4511, 0, 9223372036854775807, 0, 9223372036850264807
0, 4512, 0, 9223372036854775807, 0, 9223372036850263807
0, 4513, 0, 9223372036854775807, 0, 9223372036850262807
0, 4514, 0, 9223372036854775807, 0, 9223372036850261807
0, 4515, 0, 9223372036854775807, 0, 9223372036850260807
0, 4516, 0, 9223372036854775807, 0, 9223372036850259807
0, 4517, 0, 9223372036854775807, 0, 9223372036850258807
0, 4518, 0, 9223372036854775807, 0, 9223372036850257807
0, 4519, 0, 9223372036854775807, 0, 9223372036850256807
0, 452, 0, 9223372036854775807, 0, 9223372036854323807
0, 4520, 0, 9223372036854775807, 0, 9223372036850255807
0, 4521, 0, 9223372036854775807, 0, 9223372036850254807
0, 4522, 0, 9223372036854775807, 0, 9223372036850253807
0, 4523, 0, 9223372036854775807, 0, 9223372036850252807
0, 4524, 0, 9223372036854775807, 0, 9223372036850251807
0, 4525, 0, 9223372036854775807, 0, 9223372036850250807
0, 4526, 0, 9223372036854775807, 0, 9223372036850249807
0, 4527, 0, 9223372036854775807, 0, 9223372036850248807
0, 4528, 0, 9223372036854775807, 0, 9223372036850247807
0, 4529, 0, 9223372036854775807, 0, 9223372036850246807
0, 453, 0, 9223372036854775807, 0, 9223372036854322807
0, 4530, 0, 9223372036854775807, 0, 9223372036850245807
0, 4531, 0, 9223372036854775807, 0, 9223372036850244807
0, 4532, 0, 9223372036854775807, 0, 9223372036850243807
0, 4533, 0, 9223372036854775807, 0, 9223372036850242807
0, 4534, 0, 9223372036854775807, 0, 9223372036850241807
0, 4535, 0, 9223372036854775807, 0, 9223372036850240807
0, 4536, 0, 9223372036854775807, 0, 9223372036850239807
0, 4537, 0, 9223372036854775807, 0, 9223372036850238807
0, 4538, 0, 9223372036854775807, 0, 9223372036850237807
0, 4539, 0, 9223372036854775807, 0, 9223372036850236807
0, 454, 0, 9223372036854775807, 0, 9223372036854321807
0, 4540, 0, 9223372036854775807, 0, 9223372036850235807
0, 4541, 0, 9223372036854775807, 0, 9223372036850234807
0, 4542, 0, 9223372036854775807, 0, 9223372036850233807
0, 4543, 0, 9223372036854775807, 0, 9223372036850232807
0, 4544, 0, 9223372036854775807, 0, 9223372036850231807
0, 4545, 0, 9223372036854775807, 0, 9223372036850230807
0, 4546, 0, 9223372036854775807, 0, 9223372036850229807
0, 4547, 0, 9223372036854775807, 0, 9223372036850228807
0, 4548, 0, 9223372036854775807, 0, 9223372036850227807
0, 4549, 0, 9223372036854775807, 0, 9223372036850226807
0, 455, 0, 9223372036854775807, 0, 9223372036854320807
0, 4550, 0, 9223372036854775807, 0, 9223372036850225807
0, 4551, 0, 9223372036854775807, 0, 9223372036850224807
0, 4552, 0, 9223372036854775807, 0, 9223372036850223807
0, 4553, 0, 9223372036854775807, 0, 9223372036850222807
0, 4554, 0, 9223372036854775807, 0, 9223372036850221807
0, 4555, 0, 9223372036854775807, 0, 9223372036850220807
0, 4556, 0, 9223372036854775807, 0, 9223372036850219807
0, 4557, 0, 9223372036854775807, 0, 9223372036850218807
0, 4558, 0, 9223372036854775807, 0, 9223372036850217807
0, 4559, 0, 9223372036854775807, 0, 9223372036850216807
0, 456, 0, 9223372036854775807, 0, 9223372036854319807
0, 4560, 0, 9223372036854775807, 0, 9223372036850215807
0, 4561, 0, 9223372036854775807, 0, 9223372036850214807
0, 4562, 0, 9223372036854775807, 0, 9223372036850213807
0, 4563, 0, 9223372036854775807, 0, 9223372036850212807
0, 4564, 0, 9223372036854775807, 0, 9223372036850211807
0, 4565, 0, 9223372036854775807, 0, 9223372036850210807
0, 4566, 0, 9223372036854775807, 0, 9223372036850209807
0, 4567, 0, 9223372036854775807, 0, 9223372036850208807
0, 4568, 0, 9223372036854775807, 0, 9223372036850207807
0, 4569, 0, 9223372036854775807, 0, 9223372036850206807
0, 457, 0, 9223372036854775807, 0, 9223372036854318807
0, 4570, 0, 9223372036854775807, 0, 9223372036850205807
0, 4571, 0, 9223372036854775807, 0, 9223372036850204807
0, 4572, 0, 9223372036854775807, 0, 9223372036850203807
0, 4573, 0, 9223372036854775807, 0, 9223372036850202807
0, 4574, 0, 9223372036854775807, 0, 9223372036850201807
0, 4575, 0, 9223372036854775807, 0, 9223372036850200807
0, 4576, 0, 9223372036854775807, 0, 9223372036850199807
0, 4577, 0, 9223372036854775807, 0, 9223372036850198807
0, 4578, 0, 9223372036854775807, 0, 9223372036850197807
0, 4579, 0, 9223372036854775807, 0, 9223372036850196807
0, 458, 0, 9223372036854775807, 0, 9223372036854317807
0, 4580, 0, 9223372036854775807, 0, 9223372036850195807
0, 4581, 0, 9223372036854775807, 0, 9223372036850194807
0, 4582, 0, 9223372036854775807, 0, 9223372036850193807
0, 4583, 0, 9223372036854775807, 0, 9223372036850192807
0, 4584, 0, 9223372036854775807, 0, 9223372036850191807
0, 4585, 0, 9223372036854775807, 0, 9223372036850190807
0, 4586, 0, 9223372036854775807, 0, 9223372036850189807
0, 4587, 0, 9223372036854775807, 0, 9223372036850188807
0, 4588, 0, 9223372036854775807, 0, 9223372036850187807
0, 4589, 0, 9223372036854775807, 0, 9223372036850186807
0, 459, 0, 9223372036854775807, 0, 9223372036854316807
0, 4590, 0, 9223372036854775807, 0, 9223372036850185807
0, 4591, 0, 9223372036854775807, 0, 9223372036850184807
0, 4592, 0, 9223372036854775807, 0, 9223372036850183807
0, 4593, 0, 9223372036854775807, 0, 9223372036850182807
0, 4594, 0, 9223372036854775807, 0, 9223372036850181807
0, 4595, 0, 9223372036854775807, 0, 9223372036850180807
0, 4596, 0, 9223372036854775807, 0, 9223372036850179807
0, 4597, 0, 9223372036854775807, 0, 9223372036850178807
0, 4598, 0, 9223372036854775807, 0, 9223372036850177807
0, 4599, 0, 9223372036854775807, 0, 9223372036850176807
0, 46, 0, 9223372036854775807, 0, 9223372036854729807
0, 460, 0, 9223372036854775807, 0, 9223372036854315807
0, 4600, 0, 9223372036854775807, 0, 9223372036850175807
0, 4601, 0, 9223372036854775807, 0, 9223372036850174807
0, 4602, 0, 9223372036854775807, 0, 9223372036850173807
0, 4603, 0, 9223372036854775807, 0, 9223372036850172807
0, 4604, 0, 9223372036854775807, 0, 9223372036850171807
0, 4605, 0, 9223372036854775807, 0, 9223372036850170807
0, 4606, 0, 9223372036854775807, 0, 9223372036850169807
0, 4607, 0, 9223372036854775807, 0, 9223372036850168807
0, 4608, 0, 9223372036854775807, 0, 9223372036850167807
0, 4609, 0, 9223372036854775807, 0, 9223372036850166807
0, 461, 0, 9223372036854775807, 0, 9223372036854314807
0, 4610, 0, 9223372036854775807, 0, 9223372036850165807
0, 4611, 0, 9223372036854775807, 0, 9223372036850164807
0, 4612, 0, 9223372036854775807, 0, 9223372036850163807
0, 4613, 0, 9223372036854775807, 0, 9223372036850162807
0, 4614, 0, 9223372036854775807, 0, 9223372036850161807
0, 4615, 0, 9223372036854775807, 0, 9223372036850160807
0, 4616, 0, 9223372036854775807, 0, 9223372036850159807
0, 4617, 0, 9223372036854775807, 0, 9223372036850158807
0, 4618, 0, 9223372036854775807, 0, 9223372036850157807
0, 4619, 0, 9223372036854775807, 0, 9223372036850156807
0, 462, 0, 9223372036854775807, 0, 9223372036854313807
0, 4620, 0, 9223372036854775807, 0, 9223372036850155807
0, 4621, 0, 9223372036854775807, 0, 9223372036850154807
0, 4622, 0, 9223372036854775807, 0, 9223372036850153807
0, 4623, 0, 9223372036854775807, 0, 9223372036850152807
0, 4624, 0, 9223372036854775807, 0, 9223372036850151807
0, 4625, 0, 9223372036854775807, 0, 9223372036850150807
0, 4626, 0, 9223372036854775807, 0, 9223372036850149807
0, 4627, 0, 9223372036854775807, 0, 9223372036850148807
0, 4628, 0, 9223372036854775807, 0, 9223372036850147807
0, 4629, 0, 9223372036854775807, 0, 9223372036850146807
0, 463, 0, 9223372036854775807, 0, 9223372036854312807
0, 4630, 0, 9223372036854775807, 0, 9223372036850145807
0, 4631, 0, 9223372036854775807, 0, 9223372036850144807
0, 4632, 0, 9223372036854775807, 0, 9223372036850143807
0, 4633, 0, 9223372036854775807, 0, 9223372036850142807
0, 4634, 0, 9223372036854775807, 0, 9223372036850141807
0, 4635, 0, 9223372036854775807, 0, 9223372036850140807
0, 4636, 0, 9223372036854775807, 0, 9223372036850139807
0, 4637, 0, 9223372036854775807, 0, 9223372036850138807
0, 4638, 0, 9223372036854775807, 0, 9223372036850137807
0, 4639, 0, 9223372036854775807, 0, 9223372036850136807
0, 464, 0, 9223372036854775807, 0, 9223372036854311807
0, 4640, 0, 9223372036854775807, 0, 9223372036850135807
0, 4641, 0, 9223372036854775807, 0, 9223372036850134807
0, 4642, 0, 9223372036854775807, 0, 9223372036850133807
0, 4643, 0, 9223372036854775807, 0, 9223372036850132807
0, 4644, 0, 9223372036854775807, 0, 9223372036850131807
0, 4645, 0, 9223372036854775807, 0, 9223372036850130807
0, 4646, 0, 9223372036854775807, 0, 9223372036850129807
0, 4647, 0, 9223372036854775807, 0, 9223372036850128807
0, 4648, 0, 9223372036854775807, 0, 9223372036850127807
0, 4649, 0, 9223372036854775807, 0, 9223372036850126807
0, 465, 0, 9223372036854775807, 0, 9223372036854310807
0, 4650, 0, 9223372036854775807, 0, 9223372036850125807
0, 4651, 0, 9223372036854775807, 0, 9223372036850124807
0, 4652, 0, 9223372036854775807, 0, 9223372036850123807
0, 4653, 0, 9223372036854775807, 0, 9223372036850122807
0, 4654, 0, 9223372036854775807, 0, 9223372036850121807
0, 4655, 0, 9223372036854775807, 0, 9223372036850120807
0, 4656, 0, 9223372036854775807, 0, 9223372036850119807
0, 4657, 0, 9223372036854775807, 0, 9223372036850118807
0, 4658, 0, 9223372036854775807, 0, 9223372036850117807
0, 4659, 0, 9223372036854775807, 0, 9223372036850116807
0, 466, 0, 9223372036854775807, 0, 9223372036854309807
0, 4660, 0, 9223372036854775807, 0, 9223372036850115807
0, 4661, 0, 9223372036854775807, 0, 9223372036850114807
0, 4662, 0, 9223372036854775807, 0, 9223372036850113807
0, 4663, 0, 9223372036854775807, 0, 9223372036850112807
0, 4664, 0, 9223372036854775807, 0, 9223372036850111807
0, 4665, 0, 9223372036854775807, 0, 9223372036850110807
0, 4666, 0, 9223372036854775807, 0, 9223372036850109807
0, 4667, 0, 9223372036854775807, 0, 9223372036850108807
0, 4668, 0, 9223372036854775807, 0, 9223372036850107807
0, 4669, 0, 9223372036854775807, 0, 9223372036850106807
0, 467, 0, 9223372036854775807, 0, 9223372036854308807
0, 4670, 0, 9223372036854775807, 0, 9223372036850105807
0, 4671, 0, 9223372036854775807, 0, 9223372036850104807
0, 4672, 0, 9223372036854775807, 0, 9223372036850103807
0, 4673, 0, 9223372036854775807, 0, 9223372036850102807
0, 4674, 0, 9223372036854775807, 0, 9223372036850101807
0, 4675, 0, 9223372036854775807, 0, 9223372036850100807
0, 4676, 0, 9223372036854775807, 0, 9223372036850099807
0, 4677, 0, 9223372036854775807, 0, 9223372036850098807
0, 4678, 0, 9223372036854775807, 0, 9223372036850097807
0, 4679, 0, 9223372036854775807, 0, 9223372036850096807
0, 468, 0, 9223372036854775807, 0, 9223372036854307807
0, 4680, 0, 9223372036854775807, 0, 9223372036850095807
0, 4681, 0, 9223372036854775807, 0, 9223372036850094807
0, 4682, 0, 9223372036854775807, 0, 9223372036850093807
0, 4683, 0, 9223372036854775807, 0, 9223372036850092807
0, 4684, 0, 9223372036854775807, 0, 9223372036850091807
0, 4685, 0, 9223372036854775807, 0, 9223372036850090807
0, 4686, 0, 9223372036854775807, 0, 9223372036850089807
0, 4687, 0, 9223372036854775807, 0, 9223372036850088807
0, 4688, 0, 9223372036854775807, 0, 9223372036850087807
0, 4689, 0, 9223372036854775807, 0, 9223372036850086807
0, 469, 0, 9223372036854775807, 0, 9223372036854306807
0, 4690, 0, 9223372036854775807, 0, 9223372036850085807
0, 4691, 0, 9223372036854775807, 0, 9223372036850084807
0, 4692, 0, 9223372036854775807, 0, 9223372036850083807
0, 4693, 0, 9223372036854775807, 0, 9223372036850082807
0, 4694, 0, 9223372036854775807, 0, 9223372036850081807
0, 4695, 0, 9223372036854775807, 0, 9223372036850080807
0, 4696, 0, 9223372036854775807, 0, 9223372036850079807
0, 4697, 0, 9223372036854775807, 0, 9223372036850078807
0, 4698, 0, 9223372036854775807, 0, 9223372036850077807
0, 4699, 0, 9223372036854775807, 0, 9223372036850076807
0, 47, 0, 9223372036854775807, 0, 9223372036854728807
0, 470, 0, 9223372036854775807, 0, 9223372036854305807
0, 4700, 0, 9223372036854775807, 0, 9223372036850075807
0, 4701, 0, 9223372036854775807, 0, 9223372036850074807
0, 4702, 0, 9223372036854775807, 0, 9223372036850073807
0, 4703, 0, 9223372036854775807, 0, 9223372036850072807
0, 4704, 0, 9223372036854775807, 0, 9223372036850071807
0, 4705, 0, 9223372036854775807, 0, 9223372036850070807
0, 4706, 0, 9223372036854775807, 0, 9223372036850069807
0, 4707, 0, 9223372036854775807, 0, 9223372036850068807
0, 4708, 0, 9223372036854775807, 0, 9223372036850067807
0, 4709, 0, 9223372036854775807, 0, 9223372036850066807
0, 471, 0, 9223372036854775807, 0, 9223372036854304807
0, 4710, 0, 9223372036854775807, 0, 9223372036850065807
0, 4711, 0, 9223372036854775807, 0, 9223372036850064807
0, 4712, 0, 9223372036854775807, 0, 9223372036850063807
0, 4713, 0, 9223372036854775807, 0, 9223372036850062807
0, 4714, 0, 9223372036854775807, 0, 9223372036850061807
0, 4715, 0, 9223372036854775807, 0, 9223372036850060807
0, 4716, 0, 9223372036854775807, 0, 9223372036850059807
0, 4717, 0, 9223372036854775807, 0, 9223372036850058807
0, 4718, 0, 9223372036854775807, 0, 9223372036850057807
0, 4719, 0, 9223372036854775807, 0, 9223372036850056807
0, 472, 0, 9223372036854775807, 0, 9223372036854303807
0, 4720, 0, 9223372036854775807, 0, 9223372036850055807
0, 4721, 0, 9223372036854775807, 0, 9223372036850054807
0, 4722, 0, 9223372036854775807, 0, 9223372036850053807
0, 4723, 0, 9223372036854775807, 0, 9223372036850052807
0, 4724, 0, 9223372036854775807, 0, 9223372036850051807
0, 4725, 0, 9223372036854775807, 0, 9223372036850050807
0, 4726, 0, 9223372036854775807, 0, 9223372036850049807
0, 4727, 0, 9223372036854775807, 0, 9223372036850048807
0, 4728, 0, 9223372036854775807, 0, 9223372036850047807
0, 4729, 0, 9223372036854775807, 0, 9223372036850046807
0, 473, 0, 9223372036854775807, 0, 9223372036854302807
0, 4730, 0, 9223372036854775807, 0, 9223372036850045807
0, 4731, 0, 9223372036854775807, 0, 9223372036850044807
0, 4732, 0, 9223372036854775807, 0, 9223372036850043807
0, 4733, 0, 9223372036854775807, 0, 9223372036850042807
0, 4734, 0, 9223372036854775807, 0, 9223372036850041807
0, 4735, 0, 9223372036854775807, 0, 9223372036850040807
0, 4736, 0, 9223372036854775807, 0, 9223372036850039807
0, 4737, 0, 9223372036854775807, 0, 9223372036850038807
0, 4738, 0, 9223372036854775807, 0, 9223372036850037807
0, 4739, 0, 9223372036854775807, 0, 9223372036850036807
0, 474, 0, 9223372036854775807, 0, 9223372036854301807
0, 4740, 0, 9223372036854775807, 0, 9223372036850035807
0, 4741, 0, 9223372036854775807, 0, 9223372036850034807
0, 4742, 0, 9223372036854775807, 0, 9223372036850033807
0, 4743, 0, 9223372036854775807, 0, 9223372036850032807
0, 4744, 0, 9223372036854775807, 0, 9223372036850031807
0, 4745, 0, 9223372036854775807, 0, 9223372036850030807
0, 4746, 0, 9223372036854775807, 0, 9223372036850029807
0, 4747, 0, 9223372036854775807, 0, 9223372036850028807
0, 4748, 0, 9223372036854775807, 0, 9223372036850027807
0, 4749, 0, 9223372036854775807, 0, 9223372036850026807
0, 475, 0, 9223372036854775807, 0, 9223372036854300807
0, 4750, 0, 9223372036854775807, 0, 9223372036850025807
0, 4751, 0, 9223372036854775807, 0, 9223372036850024807
0, 4752, 0, 9223372036854775807, 0, 9223372036850023807
0, 4753, 0, 9223372036854775807, 0, 9223372036850022807
0, 4754, 0, 9223372036854775807, 0, 9223372036850021807
0, 4755, 0, 9223372036854775807, 0, 9223372036850020807
0, 4756, 0, 9223372036854775807, 0, 9223372036850019807
0, 4757, 0, 9223372036854775807, 0, 9223372036850018807
0, 4758, 0, 9223372036854775807, 0, 9223372036850017807
0, 4759, 0, 9223372036854775807, 0, 9223372036850016807
0, 476, 0, 9223372036854775807, 0, 9223372036854299807
0, 4760, 0, 9223372036854775807, 0, 9223372036850015807
0, 4761, 0, 9223372036854775807, 0, 9223372036850014807
0, 4762, 0, 9223372036854775807, 0, 9223372036850013807
0, 4763, 0, 9223372036854775807, 0, 9223372036850012807
0, 4764, 0, 9223372036854775807, 0, 9223372036850011807
0, 4765, 0, 9223372036854775807, 0, 9223372036850010807
0, 4766, 0, 9223372036854775807, 0, 9223372036850009807
0, 4767, 0, 9223372036854775807, 0, 9223372036850008807
0, 4768, 0, 9223372036854775807, 0, 9223372036850007807
0, 4769, 0, 9223372036854775807, 0, 9223372036850006807
0, 477, 0, 9223372036854775807, 0, 9223372036854298807
0, 4770, 0, 9223372036854775807, 0, 9223372036850005807
0, 4771, 0, 9223372036854775807, 0, 9223372036850004807
0, 4772, 0, 9223372036854775807, 0, 9223372036850003807
0, 4773, 0, 9223372036854775807, 0, 9223372036850002807
0, 4774, 0, 9223372036854775807, 0, 9223372036850001807
0, 4775, 0, 9223372036854775807, 0, 9223372036850000807
0, 4776, 0, 9223372036854775807, 0, 9223372036849999807
0, 4777, 0, 9223372036854775807, 0, 9223372036849998807
0, 4778, 0, 9223372036854775807, 0, 9223372036849997807
0, 4779, 0, 9223372036854775807, 0, 9223372036849996807
0, 478, 0, 9223372036854775807, 0, 9223372036854297807
0, 4780, 0, 9223372036854775807, 0, 9223372036849995807
0, 4781, 0, 9223372036854775807, 0, 9223372036849994807
0, 4782, 0, 9223372036854775807, 0, 9223372036849993807
0, 4783, 0, 9223372036854775807, 0, 9223372036849992807
0, 4784, 0, 9223372036854775807, 0, 9223372036849991807
0, 4785, 0, 9223372036854775807, 0, 9223372036849990807
0, 4786, 0, 9223372036854775807, 0, 9223372036849989807
0, 4787, 0, 9223372036854775807, 0, 9223372036849988807
0, 4788, 0, 9223372036854775807, 0, 9223372036849987807
0, 4789, 0, 9223372036854775807, 0, 9223372036849986807
0, 479, 0, 9223372036854775807, 0, 9223372036854296807
0, 4790, 0, 9223372036854775807, 0, 9223372036849985807
0, 4791, 0, 9223372036854775807, 0, 9223372036849984807
0, 4792, 0, 9223372036854775807, 0, 9223372036849983807
0, 4793, 0, 9223372036854775807, 0, 9223372036849982807
0, 4794, 0, 9223372036854775807, 0, 9223372036849981807
0, 4795, 0, 9223372036854775807, 0, 9223372036849980807
0, 4796, 0, 9223372036854775807, 0, 9223372036849979807
0, 4797, 0, 9223372036854775807, 0, 9223372036849978807
0, 4798, 0, 9223372036854775807, 0, 9223372036849977807
0, 4799, 0, 9223372036854775807, 0, 9223372036849976807
0, 48, 0, 9223372036854775807, 0, 9223372036854727807
0, 480, 0, 9223372036854775807, 0, 9223372036854295807
0, 4800, 0, 9223372036854775807, 0, 9223372036849975807
0, 4801, 0, 9223372036854775807, 0, 9223372036849974807
0, 4802, 0, 9223372036854775807, 0, 9223372036849973807
0, 4803, 0, 9223372036854775807, 0, 9223372036849972807
0, 4804, 0, 9223372036854775807, 0, 9223372036849971807
0, 4805, 0, 9223372036854775807, 0, 9223372036849970807
0, 4806, 0, 9223372036854775807, 0, 9223372036849969807
0, 4807, 0, 9223372036854775807, 0, 9223372036849968807
0, 4808, 0, 9223372036854775807, 0, 9223372036849967807
0, 4809, 0, 9223372036854775807, 0, 9223372036849966807
0, 481, 0, 9223372036854775807, 0, 9223372036854294807
0, 4810, 0, 9223372036854775807, 0, 9223372036849965807
0, 4811, 0, 9223372036854775807, 0, 9223372036849964807
0, 4812, 0, 9223372036854775807, 0, 9223372036849963807
0, 4813, 0, 9223372036854775807, 0, 9223372036849962807
0, 4814, 0, 9223372036854775807, 0, 9223372036849961807
0, 4815, 0, 9223372036854775807, 0, 9223372036849960807
0, 4816, 0, 9223372036854775807, 0, 9223372036849959807
0, 4817, 0, 9223372036854775807, 0, 9223372036849958807
0, 4818, 0, 9223372036854775807, 0, 9223372036849957807
0, 4819, 0, 9223372036854775807, 0, 9223372036849956807
0, 482, 0, 9223372036854775807, 0, 9223372036854293807
0, 4820, 0, 9223372036854775807, 0, 9223372036849955807
0, 4821, 0, 9223372036854775807, 0, 9223372036849954807
0, 4822, 0, 9223372036854775807, 0, 9223372036849953807
0, 4823, 0, 9223372036854775807, 0, 9223372036849952807
0, 4824, 0, 9223372036854775807, 0, 9223372036849951807
0, 4825, 0, 9223372036854775807, 0, 9223372036849950807
0, 4826, 0, 9223372036854775807, 0, 9223372036849949807
0, 4827, 0, 9223372036854775807, 0, 9223372036849948807
0, 4828, 0, 9223372036854775807, 0, 9223372036849947807
0, 4829, 0, 9223372036854775807, 0, 9223372036849946807
0, 483, 0, 9223372036854775807, 0, 9223372036854292807
0, 4830, 0, 9223372036854775807, 0, 9223372036849945807
0, 4831, 0, 9223372036854775807, 0, 9223372036849944807
0, 4832, 0, 9223372036854775807, 0, 9223372036849943807
0, 4833, 0, 9223372036854775807, 0, 9223372036849942807
0, 4834, 0, 9223372036854775807, 0, 9223372036849941807
0, 4835, 0, 9223372036854775807, 0, 9223372036849940807
0, 4836, 0, 9223372036854775807, 0, 9223372036849939807
0, 4837, 0, 9223372036854775807, 0, 9223372036849938807
0, 4838, 0, 9223372036854775807, 0, 9223372036849937807
0, 4839, 0, 9223372036854775807, 0, 9223372036849936807
0, 484, 0, 9223372036854775807, 0, 9223372036854291807
0, 4840, 0, 9223372036854775807, 0, 9223372036849935807
0, 4841, 0, 9223372036854775807, 0, 9223372036849934807
0, 4842, 0, 9223372036854775807, 0, 9223372036849933807
0, 4843, 0, 9223372036854775807, 0, 9223372036849932807
0, 4844, 0, 9223372036854775807, 0, 9223372036849931807
0, 4845, 0, 9223372036854775807, 0, 9223372036849930807
0, 4846, 0, 9223372036854775807, 0, 9223372036849929807
0, 4847, 0, 9223372036854775807, 0, 9223372036849928807
0, 4848, 0, 9223372036854775807, 0, 9223372036849927807
0, 4849, 0, 9223372036854775807, 0, 9223372036849926807
0, 485, 0, 9223372036854775807, 0, 9223372036854290807
0, 4850, 0, 9223372036854775807, 0, 9223372036849925807
0, 4851, 0, 9223372036854775807, 0, 9223372036849924807
0, 4852, 0, 9223372036854775807, 0, 9223372036849923807
0, 4853, 0, 9223372036854775807, 0, 9223372036849922807
0, 4854, 0, 9223372036854775807, 0, 9223372036849921807
0, 4855, 0, 9223372036854775807, 0, 9223372036849920807
0, 4856, 0, 9223372036854775807, 0, 9223372036849919807
0, 4857, 0, 9223372036854775807, 0, 9223372036849918807
0, 4858, 0, 9223372036854775807, 0, 9223372036849917807
0, 4859, 0, 9223372036854775807, 0, 9223372036849916807
0, 486, 0, 9223372036854775807, 0, 9223372036854289807
0, 4860, 0, 9223372036854775807, 0, 9223372036849915807
0, 4861, 0, 9223372036854775807, 0, 9223372036849914807
0, 4862, 0, 9223372036854775807, 0, 9223372036849913807
0, 4863, 0, 9223372036854775807, 0, 9223372036849912807
0, 4864, 0, 9223372036854775807, 0, 9223372036849911807
0, 4865, 0, 9223372036854775807, 0, 9223372036849910807
0, 4866, 0, 9223372036854775807, 0, 9223372036849909807
0, 4867, 0, 9223372036854775807, 0, 9223372036849908807
0, 4868, 0, 9223372036854775807, 0, 9223372036849907807
0, 4869, 0, 9223372036854775807, 0, 9223372036849906807
0, 487, 0, 9223372036854775807, 0, 9223372036854288807
0, 4870, 0, 9223372036854775807, 0, 9223372036849905807
0, 4871, 0, 9223372036854775807, 0, 9223372036849904807
0, 4872, 0, 9223372036854775807, 0, 9223372036849903807
0, 4873, 0, 9223372036854775807, 0, 9223372036849902807
0, 4874, 0, 9223372036854775807, 0, 9223372036849901807
0, 4875, 0, 9223372036854775807, 0, 9223372036849900807
0, 4876, 0, 9223372036854775807, 0, 9223372036849899807
0, 4877, 0, 9223372036854775807, 0, 9223372036849898807
0, 4878, 0, 9223372036854775807, 0, 9223372036849897807
0, 4879, 0, 9223372036854775807, 0, 9223372036849896807
0, 488, 0, 9223372036854775807, 0, 9223372036854287807
0, 4880, 0, 9223372036854775807, 0, 9223372036849895807
0, 4881, 0, 9223372036854775807, 0, 9223372036849894807
0, 4882, 0, 9223372036854775807, 0, 9223372036849893807
0, 4883, 0, 9223372036854775807, 0, 9223372036849892807
0, 4884, 0, 9223372036854775807, 0, 9223372036849891807
0, 4885, 0, 9223372036854775807, 0, 9223372036849890807
0, 4886, 0, 9223372036854775807, 0, 9223372036849889807
0, 4887, 0, 9223372036854775807, 0, 9223372036849888807
0, 4888, 0, 9223372036854775807, 0, 9223372036849887807
0, 4889, 0, 9223372036854775807, 0, 9223372036849886807
0, 489, 0, 9223372036854775807, 0, 9223372036854286807
0, 4890, 0, 9223372036854775807, 0, 9223372036849885807
0, 4891, 0, 9223372036854775807, 0, 9223372036849884807
0, 4892, 0, 9223372036854775807, 0, 9223372036849883807
0, 4893, 0, 9223372036854775807, 0, 9223372036849882807
0, 4894, 0, 9223372036854775807, 0, 9223372036849881807
0, 4895, 0, 9223372036854775807, 0, 9223372036849880807
0, 4896, 0, 9223372036854775807, 0, 9223372036849879807
0, 4897, 0, 9223372036854775807, 0, 9223372036849878807
0, 4898, 0, 9223372036854775807, 0, 9223372036849877807
0, 4899, 0, 9223372036854775807, 0, 9223372036849876807
0, 49, 0, 9223372036854775807, 0, 9223372036854726807
0, 490, 0, 9223372036854775807, 0, 9223372036854285807
0, 4900, 0, 9223372036854775807, 0, 9223372036849875807
0, 4901, 0, 9223372036854775807, 0, 9223372036849874807
0, 4902, 0, 9223372036854775807, 0, 9223372036849873807
0, 4903, 0, 9223372036854775807, 0, 9223372036849872807
0, 4904, 0, 9223372036854775807, 0, 9223372036849871807
0, 4905, 0, 9223372036854775807, 0, 9223372036849870807
0, 4906, 0, 9223372036854775807, 0, 9223372036849869807
0, 4907, 0, 9223372036854775807, 0, 9223372036849868807
0, 4908, 0, 9223372036854775807, 0, 9223372036849867807
0, 4909, 0, 9223372036854775807, 0, 9223372036849866807
0, 491, 0, 9223372036854775807, 0, 9223372036854284807
0, 4910, 0, 9223372036854775807, 0, 9223372036849865807
0, 4911, 0, 9223372036854775807, 0, 9223372036849864807
0, 4912, 0, 9223372036854775807, 0, 9223372036849863807
0, 4913, 0, 9223372036854775807, 0, 9223372036849862807
0, 4914, 0, 9223372036854775807, 0, 9223372036849861807
0, 4915, 0, 9223372036854775807, 0, 9223372036849860807
0, 4916, 0, 9223372036854775807, 0, 9223372036849859807
0, 4917, 0, 9223372036854775807, 0, 9223372036849858807
0, 4918, 0, 9223372036854775807, 0, 9223372036849857807
0, 4919, 0, 9223372036854775807, 0, 9223372036849856807
0, 492, 0, 9223372036854775807, 0, 9223372036854283807
0, 4920, 0, 9223372036854775807, 0, 9223372036849855807
0, 4921, 0, 9223372036854775807, 0, 9223372036849854807
0, 4922, 0, 9223372036854775807, 0, 9223372036849853807
0, 4923, 0, 9223372036854775807, 0, 9223372036849852807
0, 4924, 0, 9223372036854775807, 0, 9223372036849851807
0, 4925, 0, 9223372036854775807, 0, 9223372036849850807
0, 4926, 0, 9223372036854775807, 0, 9223372036849849807
0, 4927, 0, 9223372036854775807, 0, 9223372036849848807
0, 4928, 0, 9223372036854775807, 0, 9223372036849847807
0, 4929, 0, 9223372036854775807, 0, 9223372036849846807
0, 493, 0, 9223372036854775807, 0, 9223372036854282807
0, 4930, 0, 9223372036854775807, 0, 9223372036849845807
0, 4931, 0, 9223372036854775807, 0, 9223372036849844807
0, 4932, 0, 9223372036854775807, 0, 9223372036849843807
0, 4933, 0, 9223372036854775807, 0, 9223372036849842807
0, 4934, 0, 9223372036854775807, 0, 9223372036849841807
0, 4935, 0, 9223372036854775807, 0, 9223372036849840807
0, 4936, 0, 9223372036854775807, 0, 9223372036849839807
0, 4937, 0, 9223372036854775807, 0, 9223372036849838807
0, 4938, 0, 9223372036854775807, 0, 9223372036849837807
0, 4939, 0, 9223372036854775807, 0, 9223372036849836807
0, 494, 0, 9223372036854775807, 0, 9223372036854281807
0, 4940, 0, 9223372036854775807, 0, 9223372036849835807
0, 4941, 0, 9223372036854775807, 0, 9223372036849834807
0, 4942, 0, 9223372036854775807, 0, 9223372036849833807
0, 4943, 0, 9223372036854775807, 0, 9223372036849832807
0, 4944, 0, 9223372036854775807, 0, 9223372036849831807
0, 4945, 0, 9223372036854775807, 0, 9223372036849830807
0, 4946, 0, 9223372036854775807, 0, 9223372036849829807
0, 4947, 0, 9223372036854775807, 0, 9223372036849828807
0, 4948, 0, 9223372036854775807, 0, 9223372036849827807
0, 4949, 0, 9223372036854775807, 0, 9223372036849826807
0, 495, 0, 9223372036854775807, 0, 9223372036854280807
0, 4950, 0, 9223372036854775807, 0, 9223372036849825807
0, 4951, 0, 9223372036854775807, 0, 9223372036849824807
0, 4952, 0, 9223372036854775807, 0, 9223372036849823807
0, 4953, 0, 9223372036854775807, 0, 9223372036849822807
0, 4954, 0, 9223372036854775807, 0, 9223372036849821807
0, 4955, 0, 9223372036854775807, 0, 9223372036849820807
0, 4956, 0, 9223372036854775807, 0, 9223372036849819807
0, 4957, 0, 9223372036854775807, 0, 9223372036849818807
0, 4958, 0, 9223372036854775807, 0, 9223372036849817807
0, 4959, 0, 9223372036854775807, 0, 9223372036849816807
0, 496, 0, 9223372036854775807, 0, 9223372036854279807
0, 4960, 0, 9223372036854775807, 0, 9223372036849815807
0, 4961, 0, 9223372036854775807, 0, 9223372036849814807
0, 4962, 0, 9223372036854775807, 0, 9223372036849813807
0, 4963, 0, 9223372036854775807, 0, 9223372036849812807
0, 4964, 0, 9223372036854775807, 0, 9223372036849811807
0, 4965, 0, 9223372036854775807, 0, 9223372036849810807
0, 4966, 0, 9223372036854775807, 0, 9223372036849809807
0, 4967, 0, 9223372036854775807, 0, 9223372036849808807
0, 4968, 0, 9223372036854775807, 0, 9223372036849807807
0, 4969, 0, 9223372036854775807, 0, 9223372036849806807
0, 497, 0, 9223372036854775807, 0, 9223372036854278807
0, 4970, 0, 9223372036854775807, 0, 9223372036849805807
0, 4971, 0, 9223372036854775807, 0, 9223372036849804807
0, 4972, 0, 9223372036854775807, 0, 9223372036849803807
0, 4973, 0, 9223372036854775807, 0, 9223372036849802807
0, 4974, 0, 9223372036854775807, 0, 9223372036849801807
0, 4975, 0, 9223372036854775807, 0, 9223372036849800807
0, 4976, 0, 9223372036854775807, 0, 9223372036849799807
0, 4977, 0, 9223372036854775807, 0, 9223372036849798807
0, 4978, 0, 9223372036854775807, 0, 9223372036849797807
0, 4979, 0, 9223372036854775807, 0, 9223372036849796807
0, 498, 0, 9223372036854775807, 0, 9223372036854277807
0, 4980, 0, 9223372036854775807, 0, 9223372036849795807
0, 4981, 0, 9223372036854775807, 0, 9223372036849794807
0, 4982, 0, 9223372036854775807, 0, 9223372036849793807
0, 4983, 0, 9223372036854775807, 0, 9223372036849792807
0, 4984, 0, 9223372036854775807, 0, 9223372036849791807
0, 4985, 0, 9223372036854775807, 0, 9223372036849790807
0, 4986, 0, 9223372036854775807, 0, 9223372036849789807
0, 4987, 0, 9223372036854775807, 0, 9223372036849788807
0, 4988, 0, 9223372036854775807, 0, 9223372036849787807
0, 4989, 0, 9223372036854775807, 0, 9223372036849786807
0, 499, 0, 9223372036854775807, 0, 9223372036854276807
0, 4990, 0, 9223372036854775807, 0, 9223372036849785807
0, 4991, 0, 9223372036854775807, 0, 9223372036849784807
0, 4992, 0, 9223372036854775807, 0, 9223372036849783807
0, 4993, 0, 9223372036854775807, 0, 9223372036849782807
0, 4994, 0, 9223372036854775807, 0, 9223372036849781807
0, 4995, 0, 9223372036854775807, 0, 9223372036849780807
0, 4996, 0, 9223372036854775807, 0, 9223372036849779807
0, 4997, 0, 9223372036854775807, 0, 9223372036849778807
0, 4998, 0, 9223372036854775807, 0, 9223372036849777807
0, 4999, 0, 9223372036854775807, 0, 9223372036849776807
0, 5, 0, 9223372036854775807, 0, 9223372036854770807
0, 50, 0, 9223372036854775807, 0, 9223372036854725807
0, 500, 0, 9223372036854775807, 0, 9223372036854275807
0, 5000, 0, 9223372036854775807, 0, 9223372036849775807
0, 5001, 0, 9223372036854775807, 0, 9223372036849774807
0, 5002, 0, 9223372036854775807, 0, 9223372036849773807
0, 5003, 0, 9223372036854775807, 0, 9223372036849772807
0, 5004, 0, 9223372036854775807, 0, 9223372036849771807
0, 5005, 0, 9223372036854775807, 0, 9223372036849770807
0, 5006, 0, 9223372036854775807, 0, 9223372036849769807
0, 5007, 0, 9223372036854775807, 0, 9223372036849768807
0, 5008, 0, 9223372036854775807, 0, 9223372036849767807
0, 5009, 0, 9223372036854775807, 0, 9223372036849766807
0, 501, 0, 9223372036854775807, 0, 9223372036854274807
0, 5010, 0, 9223372036854775807, 0, 9223372036849765807
0, 5011, 0, 9223372036854775807, 0, 9223372036849764807
0, 5012, 0, 9223372036854775807, 0, 9223372036849763807
0, 5013, 0, 9223372036854775807, 0, 9223372036849762807
0, 5014, 0, 9223372036854775807, 0, 9223372036849761807
0, 5015, 0, 9223372036854775807, 0, 9223372036849760807
0, 5016, 0, 9223372036854775807, 0, 9223372036849759807
0, 5017, 0, 9223372036854775807, 0, 9223372036849758807
0, 5018, 0, 9223372036854775807, 0, 9223372036849757807
0, 5019, 0, 9223372036854775807, 0, 9223372036849756807
0, 502, 0, 9223372036854775807, 0, 9223372036854273807
0, 5020, 0, 9223372036854775807, 0, 9223372036849755807
0, 5021, 0, 9223372036854775807, 0, 9223372036849754807
0, 5022, 0, 9223372036854775807, 0, 9223372036849753807
0, 5023, 0, 9223372036854775807, 0, 9223372036849752807
0, 5024, 0, 9223372036854775807, 0, 9223372036849751807
0, 5025, 0, 9223372036854775807, 0, 9223372036849750807
0, 5026, 0, 9223372036854775807, 0, 9223372036849749807
0, 5027, 0, 9223372036854775807, 0, 9223372036849748807
0, 5028, 0, 9223372036854775807, 0, 9223372036849747807
0, 5029, 0, 9223372036854775807, 0, 9223372036849746807
0, 503, 0, 9223372036854775807, 0, 9223372036854272807
0, 5030, 0, 9223372036854775807, 0, 9223372036849745807
0, 5031, 0, 9223372036854775807, 0, 9223372036849744807
0, 5032, 0, 9223372036854775807, 0, 9223372036849743807
0, 5033, 0, 9223372036854775807, 0, 9223372036849742807
0, 5034, 0, 9223372036854775807, 0, 9223372036849741807
0, 5035, 0, 9223372036854775807, 0, 9223372036849740807
0, 5036, 0, 9223372036854775807, 0, 9223372036849739807
0, 5037, 0, 9223372036854775807, 0, 9223372036849738807
0, 5038, 0, 9223372036854775807, 0, 9223372036849737807
0, 5039, 0, 9223372036854775807, 0, 9223372036849736807
0, 504, 0, 9223372036854775807, 0, 9223372036854271807
0, 5040, 0, 9223372036854775807, 0, 9223372036849735807
0, 5041, 0, 9223372036854775807, 0, 9223372036849734807
0, 5042, 0, 9223372036854775807, 0, 9223372036849733807
0, 5043, 0, 9223372036854775807, 0, 9223372036849732807
0, 5044, 0, 9223372036854775807, 0, 9223372036849731807
0, 5045, 0, 9223372036854775807, 0, 9223372036849730807
0, 5046, 0, 9223372036854775807, 0, 9223372036849729807
0, 5047, 0, 9223372036854775807, 0, 9223372036849728807
0, 5048, 0, 9223372036854775807, 0, 9223372036849727807
0, 5049, 0, 9223372036854775807, 0, 9223372036849726807
0, 505, 0, 9223372036854775807, 0, 9223372036854270807
0, 5050, 0, 9223372036854775807, 0, 9223372036849725807
0, 5051, 0, 9223372036854775807, 0, 9223372036849724807
0, 5052, 0, 9223372036854775807, 0, 9223372036849723807
0, 5053, 0, 9223372036854775807, 0, 9223372036849722807
0, 5054, 0, 9223372036854775807, 0, 9223372036849721807
0, 5055, 0, 9223372036854775807, 0, 9223372036849720807
0, 5056, 0, 9223372036854775807, 0, 9223372036849719807
0, 5057, 0, 9223372036854775807, 0, 9223372036849718807
0, 5058, 0, 9223372036854775807, 0, 9223372036849717807
0, 5059, 0, 9223372036854775807, 0, 9223372036849716807
0, 506, 0, 9223372036854775807, 0, 9223372036854269807
0, 5060, 0, 9223372036854775807, 0, 9223372036849715807
0, 5061, 0, 9223372036854775807, 0, 9223372036849714807
0, 5062, 0, 9223372036854775807, 0, 9223372036849713807
0, 5063, 0, 9223372036854775807, 0, 9223372036849712807
0, 5064, 0, 9223372036854775807, 0, 9223372036849711807
0, 5065, 0, 9223372036854775807, 0, 9223372036849710807
0, 5066, 0, 9223372036854775807, 0, 9223372036849709807
0, 5067, 0, 9223372036854775807, 0, 9223372036849708807
0, 5068, 0, 9223372036854775807, 0, 9223372036849707807
0, 5069, 0, 9223372036854775807, 0, 9223372036849706807
0, 507, 0, 9223372036854775807, 0, 9223372036854268807
0, 5070, 0, 9223372036854775807, 0, 9223372036849705807
0, 5071, 0, 9223372036854775807, 0, 9223372036849704807
0, 5072, 0, 9223372036854775807, 0, 9223372036849703807
0, 5073, 0, 9223372036854775807, 0, 9223372036849702807
0, 5074, 0, 9223372036854775807, 0, 9223372036849701807
0, 5075, 0, 9223372036854775807, 0, 9223372036849700807
0, 5076, 0, 9223372036854775807, 0, 9223372036849699807
0, 5077, 0, 9223372036854775807, 0, 9223372036849698807
0, 5078, 0, 9223372036854775807, 0, 9223372036849697807
0, 5079, 0, 9223372036854775807, 0, 9223372036849696807
0, 508, 0, 9223372036854775807, 0, 9223372036854267807
0, 5080, 0, 9223372036854775807, 0, 9223372036849695807
0, 5081, 0, 9223372036854775807, 0, 9223372036849694807
0, 5082, 0, 9223372036854775807, 0, 9223372036849693807
0, 5083, 0, 9223372036854775807, 0, 9223372036849692807
0, 5084, 0, 9223372036854775807, 0, 9223372036849691807
0, 5085, 0, 9223372036854775807, 0, 9223372036849690807
0, 5086, 0, 9223372036854775807, 0, 9223372036849689807
0, 5087, 0, 9223372036854775807, 0, 9223372036849688807
0, 5088, 0, 9223372036854775807, 0, 9223372036849687807
0, 5089, 0, 9223372036854775807, 0, 9223372036849686807
0, 509, 0, 9223372036854775807, 0, 9223372036854266807
0, 5090, 0, 9223372036854775807, 0, 9223372036849685807
0, 5091, 0, 9223372036854775807, 0, 9223372036849684807
0, 5092, 0, 9223372036854775807, 0, 9223372036849683807
0, 5093, 0, 9223372036854775807, 0, 9223372036849682807
0, 5094, 0, 9223372036854775807, 0, 9223372036849681807
0, 5095, 0, 9223372036854775807, 0, 9223372036849680807
0, 5096, 0, 9223372036854775807, 0, 9223372036849679807
0, 5097, 0, 9223372036854775807, 0, 9223372036849678807
0, 5098, 0, 9223372036854775807, 0, 9223372036849677807
0, 5099, 0, 9223372036854775807, 0, 9223372036849676807
0, 51, 0, 9223372036854775807, 0, 9223372036854724807
0, 510, 0, 9223372036854775807, 0, 9223372036854265807
0, 5100, 0, 9223372036854775807, 0, 9223372036849675807
0, 5101, 0, 9223372036854775807, 0, 9223372036849674807
0, 5102, 0, 9223372036854775807, 0, 9223372036849673807
0, 5103, 0, 9223372036854775807, 0, 9223372036849672807
0, 5104, 0, 9223372036854775807, 0, 9223372036849671807
0, 5105, 0, 9223372036854775807, 0, 9223372036849670807
0, 5106, 0, 9223372036854775807, 0, 9223372036849669807
0, 5107, 0, 9223372036854775807, 0, 9223372036849668807
0, 5108, 0, 9223372036854775807, 0, 9223372036849667807
0, 5109, 0, 9223372036854775807, 0, 9223372036849666807
0, 511, 0, 9223372036854775807, 0, 9223372036854264807
0, 5110, 0, 9223372036854775807, 0, 9223372036849665807
0, 5111, 0, 9223372036854775807, 0, 9223372036849664807
0, 5112, 0, 9223372036854775807, 0, 9223372036849663807
0, 5113, 0, 9223372036854775807, 0, 9223372036849662807
0, 5114, 0, 9223372036854775807, 0, 9223372036849661807
0, 5115, 0, 9223372036854775807, 0, 9223372036849660807
0, 5116, 0, 9223372036854775807, 0, 9223372036849659807
0, 5117, 0, 9223372036854775807, 0, 9223372036849658807
0, 5118, 0, 9223372036854775807, 0, 9223372036849657807
0, 5119, 0, 9223372036854775807, 0, 9223372036849656807
0, 512, 0, 9223372036854775807, 0, 9223372036854263807
0, 5120, 0, 9223372036854775807, 0, 9223372036849655807
0, 5121, 0, 9223372036854775807, 0, 9223372036849654807
0, 5122, 0, 9223372036854775807, 0, 9223372036849653807
0, 5123, 0, 9223372036854775807, 0, 9223372036849652807
0, 5124, 0, 9223372036854775807, 0, 9223372036849651807
0, 5125, 0, 9223372036854775807, 0, 9223372036849650807
0, 5126, 0, 9223372036854775807, 0, 9223372036849649807
0, 5127, 0, 9223372036854775807, 0, 9223372036849648807
0, 5128, 0, 9223372036854775807, 0, 9223372036849647807
0, 5129, 0, 9223372036854775807, 0, 9223372036849646807
0, 513, 0, 9223372036854775807, 0, 9223372036854262807
0, 5130, 0, 9223372036854775807, 0, 9223372036849645807
0, 5131, 0, 9223372036854775807, 0, 9223372036849644807
0, 5132, 0, 9223372036854775807, 0, 9223372036849643807
0, 5133, 0, 9223372036854775807, 0, 9223372036849642807
0, 5134, 0, 9223372036854775807, 0, 9223372036849641807
0, 5135, 0, 9223372036854775807, 0, 9223372036849640807
0, 5136, 0, 9223372036854775807, 0, 9223372036849639807
0, 5137, 0, 9223372036854775807, 0, 9223372036849638807
0, 5138, 0, 9223372036854775807, 0, 9223372036849637807
0, 5139, 0, 9223372036854775807, 0, 9223372036849636807
0, 514, 0, 9223372036854775807, 0, 9223372036854261807
0, 5140, 0, 9223372036854775807, 0, 9223372036849635807
0, 5141, 0, 9223372036854775807, 0, 9223372036849634807
0, 5142, 0, 9223372036854775807, 0, 9223372036849633807
0, 5143, 0, 9223372036854775807, 0, 9223372036849632807
0, 5144, 0, 9223372036854775807, 0, 9223372036849631807
0, 5145, 0, 9223372036854775807, 0, 9223372036849630807
0, 5146, 0, 9223372036854775807, 0, 9223372036849629807
0, 5147, 0, 9223372036854775807, 0, 9223372036849628807
0, 5148, 0, 9223372036854775807, 0, 9223372036849627807
0, 5149, 0, 9223372036854775807, 0, 9223372036849626807
0, 515, 0, 9223372036854775807, 0, 9223372036854260807
0, 5150, 0, 9223372036854775807, 0, 9223372036849625807
0, 5151, 0, 9223372036854775807, 0, 9223372036849624807
0, 5152, 0, 9223372036854775807, 0, 9223372036849623807
0, 5153, 0, 9223372036854775807, 0, 9223372036849622807
0, 5154, 0, 9223372036854775807, 0, 9223372036849621807
0, 5155, 0, 9223372036854775807, 0, 9223372036849620807
0, 5156, 0, 9223372036854775807, 0, 9223372036849619807
0, 5157, 0, 9223372036854775807, 0, 9223372036849618807
0, 5158, 0, 9223372036854775807, 0, 9223372036849617807
0, 5159, 0, 9223372036854775807, 0, 9223372036849616807
0, 516, 0, 9223372036854775807, 0, 9223372036854259807
0, 5160, 0, 9223372036854775807, 0, 9223372036849615807
0, 5161, 0, 9223372036854775807, 0, 9223372036849614807
0, 5162, 0, 9223372036854775807, 0, 9223372036849613807
0, 5163, 0, 9223372036854775807, 0, 9223372036849612807
0, 5164, 0, 9223372036854775807, 0, 9223372036849611807
0, 5165, 0, 9223372036854775807, 0, 9223372036849610807
0, 5166, 0, 9223372036854775807, 0, 9223372036849609807
0, 5167, 0, 9223372036854775807, 0, 9223372036849608807
0, 5168, 0, 9223372036854775807, 0, 9223372036849607807
0, 5169, 0, 9223372036854775807, 0, 9223372036849606807
0, 517, 0, 9223372036854775807, 0, 9223372036854258807
0, 5170, 0, 9223372036854775807, 0, 9223372036849605807
0, 5171, 0, 9223372036854775807, 0, 9223372036849604807
0, 5172, 0, 9223372036854775807, 0, 9223372036849603807
0, 5173, 0, 9223372036854775807, 0, 9223372036849602807
0, 5174, 0, 9223372036854775807, 0, 9223372036849601807
0, 5175, 0, 9223372036854775807, 0, 9223372036849600807
0, 5176, 0, 9223372036854775807, 0, 9223372036849599807
0, 5177, 0, 9223372036854775807, 0, 9223372036849598807
0, 5178, 0, 9223372036854775807, 0, 9223372036849597807
0, 5179, 0, 9223372036854775807, 0, 9223372036849596807
0, 518, 0, 9223372036854775807, 0, 9223372036854257807
0, 5180, 0, 9223372036854775807, 0, 9223372036849595807
0, 5181, 0, 9223372036854775807, 0, 9223372036849594807
0, 5182, 0, 9223372036854775807, 0, 9223372036849593807
0, 5183, 0, 9223372036854775807, 0, 9223372036849592807
0, 5184, 0, 9223372036854775807, 0, 9223372036849591807
0, 5185, 0, 9223372036854775807, 0, 9223372036849590807
0, 5186, 0, 9223372036854775807, 0, 9223372036849589807
0, 5187, 0, 9223372036854775807, 0, 9223372036849588807
0, 5188, 0, 9223372036854775807, 0, 9223372036849587807
0, 5189, 0, 9223372036854775807, 0, 9223372036849586807
0, 519, 0, 9223372036854775807, 0, 9223372036854256807
0, 5190, 0, 9223372036854775807, 0, 9223372036849585807
0, 5191, 0, 9223372036854775807, 0, 9223372036849584807
0, 5192, 0, 9223372036854775807, 0, 9223372036849583807
0, 5193, 0, 9223372036854775807, 0, 9223372036849582807
0, 5194, 0, 9223372036854775807, 0, 9223372036849581807
0, 5195, 0, 9223372036854775807, 0, 9223372036849580807
0, 5196, 0, 9223372036854775807, 0, 9223372036849579807
0, 5197, 0, 9223372036854775807, 0, 9223372036849578807
0, 5198, 0, 9223372036854775807, 0, 9223372036849577807
0, 5199, 0, 9223372036854775807, 0, 9223372036849576807
0, 52, 0, 9223372036854775807, 0, 9223372036854723807
0, 520, 0, 9223372036854775807, 0, 9223372036854255807
0, 5200, 0, 9223372036854775807, 0, 9223372036849575807
0, 5201, 0, 9223372036854775807, 0, 9223372036849574807
0, 5202, 0, 9223372036854775807, 0, 9223372036849573807
0, 5203, 0, 9223372036854775807, 0, 9223372036849572807
0, 5204, 0, 9223372036854775807, 0, 9223372036849571807
0, 5205, 0, 9223372036854775807, 0, 9223372036849570807
0, 5206, 0, 9223372036854775807, 0, 9223372036849569807
0, 5207, 0, 9223372036854775807, 0, 9223372036849568807
0, 5208, 0, 9223372036854775807, 0, 9223372036849567807
0, 5209, 0, 9223372036854775807, 0, 9223372036849566807
0, 521, 0, 9223372036854775807, 0, 9223372036854254807
0, 5210, 0, 9223372036854775807, 0, 9223372036849565807
0, 5211, 0, 9223372036854775807, 0, 9223372036849564807
0, 5212, 0, 9223372036854775807, 0, 9223372036849563807
0, 5213, 0, 9223372036854775807, 0, 9223372036849562807
0, 5214, 0, 9223372036854775807, 0, 9223372036849561807
0, 5215, 0, 9223372036854775807, 0, 9223372036849560807
0, 5216, 0, 9223372036854775807, 0, 9223372036849559807
0, 5217, 0, 9223372036854775807, 0, 9223372036849558807
0, 5218, 0, 9223372036854775807, 0, 9223372036849557807
0, 5219, 0, 9223372036854775807, 0, 9223372036849556807
0, 522, 0, 9223372036854775807, 0, 9223372036854253807
0, 5220, 0, 9223372036854775807, 0, 9223372036849555807
0, 5221, 0, 9223372036854775807, 0, 9223372036849554807
0, 5222, 0, 9223372036854775807, 0, 9223372036849553807
0, 5223, 0, 9223372036854775807, 0, 9223372036849552807
0, 5224, 0, 9223372036854775807, 0, 9223372036849551807
0, 5225, 0, 9223372036854775807, 0, 9223372036849550807
0, 5226, 0, 9223372036854775807, 0, 9223372036849549807
0, 5227, 0, 9223372036854775807, 0, 9223372036849548807
0, 5228, 0, 9223372036854775807, 0, 9223372036849547807
0, 5229, 0, 9223372036854775807, 0, 9223372036849546807
0, 523, 0, 9223372036854775807, 0, 9223372036854252807
0, 5230, 0, 9223372036854775807, 0, 9223372036849545807
0, 5231, 0, 9223372036854775807, 0, 9223372036849544807
0, 5232, 0, 9223372036854775807, 0, 9223372036849543807
0, 5233, 0, 9223372036854775807, 0, 9223372036849542807
0, 5234, 0, 9223372036854775807, 0, 9223372036849541807
0, 5235, 0, 9223372036854775807, 0, 9223372036849540807
0, 5236, 0, 9223372036854775807, 0, 9223372036849539807
0, 5237, 0, 9223372036854775807, 0, 9223372036849538807
0, 5238, 0, 9223372036854775807, 0, 9223372036849537807
0, 5239, 0, 9223372036854775807, 0, 9223372036849536807
0, 524, 0, 9223372036854775807, 0, 9223372036854251807
0, 5240, 0, 9223372036854775807, 0, 9223372036849535807
0, 5241, 0, 9223372036854775807, 0, 9223372036849534807
0, 5242, 0, 9223372036854775807, 0, 9223372036849533807
0, 5243, 0, 9223372036854775807, 0, 9223372036849532807
0, 5244, 0, 9223372036854775807, 0, 9223372036849531807
0, 5245, 0, 9223372036854775807, 0, 9223372036849530807
0, 5246, 0, 9223372036854775807, 0, 9223372036849529807
0, 5247, 0, 9223372036854775807, 0, 9223372036849528807
0, 5248, 0, 9223372036854775807, 0, 9223372036849527807
0, 5249, 0, 9223372036854775807, 0, 9223372036849526807
0, 525, 0, 9223372036854775807, 0, 9223372036854250807
0, 5250, 0, 9223372036854775807, 0, 9223372036849525807
0, 5251, 0, 9223372036854775807, 0, 9223372036849524807
0, 5252, 0, 9223372036854775807, 0, 9223372036849523807
0, 5253, 0, 9223372036854775807, 0, 9223372036849522807
0, 5254, 0, 9223372036854775807, 0, 9223372036849521807
0, 5255, 0, 9223372036854775807, 0, 9223372036849520807
0, 5256, 0, 9223372036854775807, 0, 9223372036849519807
0, 5257, 0, 9223372036854775807, 0, 9223372036849518807
0, 5258, 0, 9223372036854775807, 0, 9223372036849517807
0, 5259, 0, 9223372036854775807, 0, 9223372036849516807
0, 526, 0, 9223372036854775807, 0, 9223372036854249807
0, 5260, 0, 9223372036854775807, 0, 9223372036849515807
0, 5261, 0, 9223372036854775807, 0, 9223372036849514807
0, 5262, 0, 9223372036854775807, 0, 9223372036849513807
0, 5263, 0, 9223372036854775807, 0, 9223372036849512807
0, 5264, 0, 9223372036854775807, 0, 9223372036849511807
0, 5265, 0, 9223372036854775807, 0, 9223372036849510807
0, 5266, 0, 9223372036854775807, 0, 9223372036849509807
0, 5267, 0, 9223372036854775807, 0, 9223372036849508807
0, 5268, 0, 9223372036854775807, 0, 9223372036849507807
0, 5269, 0, 9223372036854775807, 0, 9223372036849506807
0, 527, 0, 9223372036854775807, 0, 9223372036854248807
0, 5270, 0, 9223372036854775807, 0, 9223372036849505807
0, 5271, 0, 9223372036854775807, 0, 9223372036849504807
0, 5272, 0, 9223372036854775807, 0, 9223372036849503807
0, 5273, 0, 9223372036854775807, 0, 9223372036849502807
0, 5274, 0, 9223372036854775807, 0, 9223372036849501807
0, 5275, 0, 9223372036854775807, 0, 9223372036849500807
0, 5276, 0, 9223372036854775807, 0, 9223372036849499807
0, 5277, 0, 9223372036854775807, 0, 9223372036849498807
0, 5278, 0, 9223372036854775807, 0, 9223372036849497807
0, 5279, 0, 9223372036854775807, 0, 9223372036849496807
0, 528, 0, 9223372036854775807, 0, 9223372036854247807
0, 5280, 0, 9223372036854775807, 0, 9223372036849495807
0, 5281, 0, 9223372036854775807, 0, 9223372036849494807
0, 5282, 0, 9223372036854775807, 0, 9223372036849493807
0, 5283, 0, 9223372036854775807, 0, 9223372036849492807
0, 5284, 0, 9223372036854775807, 0, 9223372036849491807
0, 5285, 0, 9223372036854775807, 0, 9223372036849490807
0, 5286, 0, 9223372036854775807, 0, 9223372036849489807
0, 5287, 0, 9223372036854775807, 0, 9223372036849488807
0, 5288, 0, 9223372036854775807, 0, 9223372036849487807
0, 5289, 0, 9223372036854775807, 0, 9223372036849486807
0, 529, 0, 9223372036854775807, 0, 9223372036854246807
0, 5290, 0, 9223372036854775807, 0, 9223372036849485807
0, 5291, 0, 9223372036854775807, 0, 9223372036849484807
0, 5292, 0, 9223372036854775807, 0, 9223372036849483807
0, 5293, 0, 9223372036854775807, 0, 9223372036849482807
0, 5294, 0, 9223372036854775807, 0, 9223372036849481807
0, 5295, 0, 9223372036854775807, 0, 9223372036849480807
0, 5296, 0, 9223372036854775807, 0, 9223372036849479807
0, 5297, 0, 9223372036854775807, 0, 9223372036849478807
0, 5298, 0, 9223372036854775807, 0, 9223372036849477807
0, 5299, 0, 9223372036854775807, 0, 9223372036849476807
0, 53, 0, 9223372036854775807, 0, 9223372036854722807
0, 530, 0, 9223372036854775807, 0, 9223372036854245807
0, 5300, 0, 9223372036854775807, 0, 9223372036849475807
0, 5301, 0, 9223372036854775807, 0, 9223372036849474807
0, 5302, 0, 9223372036854775807, 0, 9223372036849473807
0, 5303, 0, 9223372036854775807, 0, 9223372036849472807
0, 5304, 0, 9223372036854775807, 0, 9223372036849471807
0, 5305, 0, 9223372036854775807, 0, 9223372036849470807
0, 5306, 0, 9223372036854775807, 0, 9223372036849469807
0, 5307, 0, 9223372036854775807, 0, 9223372036849468807
0, 5308, 0, 9223372036854775807, 0, 9223372036849467807
0, 5309, 0, 9223372036854775807, 0, 9223372036849466807
0, 531, 0, 9223372036854775807, 0, 9223372036854244807
0, 5310, 0, 9223372036854775807, 0, 9223372036849465807
0, 5311, 0, 9223372036854775807, 0, 9223372036849464807
0, 5312, 0, 9223372036854775807, 0, 9223372036849463807
0, 5313, 0, 9223372036854775807, 0, 9223372036849462807
0, 5314, 0, 9223372036854775807, 0, 9223372036849461807
0, 5315, 0, 9223372036854775807, 0, 9223372036849460807
0, 5316, 0, 9223372036854775807, 0, 9223372036849459807
0, 5317, 0, 9223372036854775807, 0, 9223372036849458807
0, 5318, 0, 9223372036854775807, 0, 9223372036849457807
0, 5319, 0, 9223372036854775807, 0, 9223372036849456807
0, 532, 0, 9223372036854775807, 0, 9223372036854243807
0, 5320, 0, 9223372036854775807, 0, 9223372036849455807
0, 5321, 0, 9223372036854775807, 0, 9223372036849454807
0, 5322, 0, 9223372036854775807, 0, 9223372036849453807
0, 5323, 0, 9223372036854775807, 0, 9223372036849452807
0, 5324, 0, 9223372036854775807, 0, 9223372036849451807
0, 5325, 0, 9223372036854775807, 0, 9223372036849450807
0, 5326, 0, 9223372036854775807, 0, 9223372036849449807
0, 5327, 0, 9223372036854775807, 0, 9223372036849448807
0, 5328, 0, 9223372036854775807, 0, 9223372036849447807
0, 5329, 0, 9223372036854775807, 0, 9223372036849446807
0, 533, 0, 9223372036854775807, 0, 9223372036854242807
0, 5330, 0, 9223372036854775807, 0, 9223372036849445807
0, 5331, 0, 9223372036854775807, 0, 9223372036849444807
0, 5332, 0, 9223372036854775807, 0, 9223372036849443807
0, 5333, 0, 9223372036854775807, 0, 9223372036849442807
0, 5334, 0, 9223372036854775807, 0, 9223372036849441807
0, 5335, 0, 9223372036854775807, 0, 9223372036849440807
0, 5336, 0, 9223372036854775807, 0, 9223372036849439807
0, 5337, 0, 9223372036854775807, 0, 9223372036849438807
0, 5338, 0, 9223372036854775807, 0, 9223372036849437807
0, 5339, 0, 9223372036854775807, 0, 9223372036849436807
0, 534, 0, 9223372036854775807, 0, 9223372036854241807
0, 5340, 0, 9223372036854775807, 0, 9223372036849435807
0, 5341, 0, 9223372036854775807, 0, 9223372036849434807
0, 5342, 0, 9223372036854775807, 0, 9223372036849433807
0, 5343, 0, 9223372036854775807, 0, 9223372036849432807
0, 5344, 0, 9223372036854775807, 0, 9223372036849431807
0, 5345, 0, 9223372036854775807, 0, 9223372036849430807
0, 5346, 0, 9223372036854775807, 0, 9223372036849429807
0, 5347, 0, 9223372036854775807, 0, 9223372036849428807
0, 5348, 0, 9223372036854775807, 0, 9223372036849427807
0, 5349, 0, 9223372036854775807, 0, 9223372036849426807
0, 535, 0, 9223372036854775807, 0, 9223372036854240807
0, 5350, 0, 9223372036854775807, 0, 9223372036849425807
0, 5351, 0, 9223372036854775807, 0, 9223372036849424807
0, 5352, 0, 9223372036854775807, 0, 9223372036849423807
0, 5353, 0, 9223372036854775807, 0, 9223372036849422807
0, 5354, 0, 9223372036854775807, 0, 9223372036849421807
0, 5355, 0, 9223372036854775807, 0, 9223372036849420807
0, 5356, 0, 9223372036854775807, 0, 9223372036849419807
0, 5357, 0, 9223372036854775807, 0, 9223372036849418807
0, 5358, 0, 9223372036854775807, 0, 9223372036849417807
0, 5359, 0, 9223372036854775807, 0, 9223372036849416807
0, 536, 0, 9223372036854775807, 0, 9223372036854239807
0, 5360, 0, 9223372036854775807, 0, 9223372036849415807
0, 5361, 0, 9223372036854775807, 0, 9223372036849414807
0, 5362, 0, 9223372036854775807, 0, 9223372036849413807
0, 5363, 0, 9223372036854775807, 0, 9223372036849412807
0, 5364, 0, 9223372036854775807, 0, 9223372036849411807
0, 5365, 0, 9223372036854775807, 0, 9223372036849410807
0, 5366, 0, 9223372036854775807, 0, 9223372036849409807
0, 5367, 0, 9223372036854775807, 0, 9223372036849408807
0, 5368, 0, 9223372036854775807, 0, 9223372036849407807
0, 5369, 0, 9223372036854775807, 0, 9223372036849406807
0, 537, 0, 9223372036854775807, 0, 9223372036854238807
0, 5370, 0, 9223372036854775807, 0, 9223372036849405807
0, 5371, 0, 9223372036854775807, 0, 9223372036849404807
0, 5372, 0, 9223372036854775807, 0, 9223372036849403807
0, 5373, 0, 9223372036854775807, 0, 9223372036849402807
0, 5374, 0, 9223372036854775807, 0, 9223372036849401807
0, 5375, 0, 9223372036854775807, 0, 9223372036849400807
0, 5376, 0, 9223372036854775807, 0, 9223372036849399807
0, 5377, 0, 9223372036854775807, 0, 9223372036849398807
0, 5378, 0, 9223372036854775807, 0, 9223372036849397807
0, 5379, 0, 9223372036854775807, 0, 9223372036849396807
0, 538, 0, 9223372036854775807, 0, 9223372036854237807
0, 5380, 0, 9223372036854775807, 0, 9223372036849395807
0, 5381, 0, 9223372036854775807, 0, 9223372036849394807
0, 5382, 0, 9223372036854775807, 0, 9223372036849393807
0, 5383, 0, 9223372036854775807, 0, 9223372036849392807
0, 5384, 0, 9223372036854775807, 0, 9223372036849391807
0, 5385, 0, 9223372036854775807, 0, 9223372036849390807
0, 5386, 0, 9223372036854775807, 0, 9223372036849389807
0, 5387, 0, 9223372036854775807, 0, 9223372036849388807
0, 5388, 0, 9223372036854775807, 0, 9223372036849387807
0, 5389, 0, 9223372036854775807, 0, 9223372036849386807
0, 539, 0, 9223372036854775807, 0, 9223372036854236807
0, 5390, 0, 9223372036854775807, 0, 9223372036849385807
0, 5391, 0, 9223372036854775807, 0, 9223372036849384807
0, 5392, 0, 9223372036854775807, 0, 9223372036849383807
0, 5393, 0, 9223372036854775807, 0, 9223372036849382807
0, 5394, 0, 9223372036854775807, 0, 9223372036849381807
0, 5395, 0, 9223372036854775807, 0, 9223372036849380807
0, 5396, 0, 9223372036854775807, 0, 9223372036849379807
0, 5397, 0, 9223372036854775807, 0, 9223372036849378807
0, 5398, 0, 9223372036854775807, 0, 9223372036849377807
0, 5399, 0, 9223372036854775807, 0, 9223372036849376807
0, 54, 0, 9223372036854775807, 0, 9223372036854721807
0, 540, 0, 9223372036854775807, 0, 9223372036854235807
0, 5400, 0, 9223372036854775807, 0, 9223372036849375807
0, 5401, 0, 9223372036854775807, 0, 9223372036849374807
0, 5402, 0, 9223372036854775807, 0, 9223372036849373807
0, 5403, 0, 9223372036854775807, 0, 9223372036849372807
0, 5404, 0, 9223372036854775807, 0, 9223372036849371807
0, 5405, 0, 9223372036854775807, 0, 9223372036849370807
0, 5406, 0, 9223372036854775807, 0, 9223372036849369807
0, 5407, 0, 9223372036854775807, 0, 9223372036849368807
0, 5408, 0, 9223372036854775807, 0, 9223372036849367807
0, 5409, 0, 9223372036854775807, 0, 9223372036849366807
0, 541, 0, 9223372036854775807, 0, 9223372036854234807
0, 5410, 0, 9223372036854775807, 0, 9223372036849365807
0, 5411, 0, 9223372036854775807, 0, 9223372036849364807
0, 5412, 0, 9223372036854775807, 0, 9223372036849363807
0, 5413, 0, 9223372036854775807, 0, 9223372036849362807
0, 5414, 0, 9223372036854775807, 0, 9223372036849361807
0, 5415, 0, 9223372036854775807, 0, 9223372036849360807
0, 5416, 0, 9223372036854775807, 0, 9223372036849359807
0, 5417, 0, 9223372036854775807, 0, 9223372036849358807
0, 5418, 0, 9223372036854775807, 0, 9223372036849357807
0, 5419, 0, 9223372036854775807, 0, 9223372036849356807
0, 542, 0, 9223372036854775807, 0, 9223372036854233807
0, 5420, 0, 9223372036854775807, 0, 9223372036849355807
0, 5421, 0, 9223372036854775807, 0, 9223372036849354807
0, 5422, 0, 9223372036854775807, 0, 9223372036849353807
0, 5423, 0, 9223372036854775807, 0, 9223372036849352807
0, 5424, 0, 9223372036854775807, 0, 9223372036849351807
0, 5425, 0, 9223372036854775807, 0, 9223372036849350807
0, 5426, 0, 9223372036854775807, 0, 9223372036849349807
0, 5427, 0, 9223372036854775807, 0, 9223372036849348807
0, 5428, 0, 9223372036854775807, 0, 9223372036849347807
0, 5429, 0, 9223372036854775807, 0, 9223372036849346807
0, 543, 0, 9223372036854775807, 0, 9223372036854232807
0, 5430, 0, 9223372036854775807, 0, 9223372036849345807
0, 5431, 0, 9223372036854775807, 0, 9223372036849344807
0, 5432, 0, 9223372036854775807, 0, 9223372036849343807
0, 5433, 0, 9223372036854775807, 0, 9223372036849342807
0, 5434, 0, 9223372036854775807, 0, 9223372036849341807
0, 5435, 0, 9223372036854775807, 0, 9223372036849340807
0, 5436, 0, 9223372036854775807, 0, 9223372036849339807
0, 5437, 0, 9223372036854775807, 0, 9223372036849338807
0, 5438, 0, 9223372036854775807, 0, 9223372036849337807
0, 5439, 0, 9223372036854775807, 0, 9223372036849336807
0, 544, 0, 9223372036854775807, 0, 9223372036854231807
0, 5440, 0, 9223372036854775807, 0, 9223372036849335807
0, 5441, 0, 9223372036854775807, 0, 9223372036849334807
0, 5442, 0, 9223372036854775807, 0, 9223372036849333807
0, 5443, 0, 9223372036854775807, 0, 9223372036849332807
0, 5444, 0, 9223372036854775807, 0, 9223372036849331807
0, 5445, 0, 9223372036854775807, 0, 9223372036849330807
0, 5446, 0, 9223372036854775807, 0, 9223372036849329807
0, 5447, 0, 9223372036854775807, 0, 9223372036849328807
0, 5448, 0, 9223372036854775807, 0, 9223372036849327807
0, 5449, 0, 9223372036854775807, 0, 9223372036849326807
0, 545, 0, 9223372036854775807, 0, 9223372036854230807
0, 5450, 0, 9223372036854775807, 0, 9223372036849325807
0, 5451, 0, 9223372036854775807, 0, 9223372036849324807
0, 5452, 0, 9223372036854775807, 0, 9223372036849323807
0, 5453, 0, 9223372036854775807, 0, 9223372036849322807
0, 5454, 0, 9223372036854775807, 0, 9223372036849321807
0, 5455, 0, 9223372036854775807, 0, 9223372036849320807
0, 5456, 0, 9223372036854775807, 0, 9223372036849319807
0, 5457, 0, 9223372036854775807, 0, 9223372036849318807
0, 5458, 0, 9223372036854775807, 0, 9223372036849317807
0, 5459, 0, 9223372036854775807, 0, 9223372036849316807
0, 546, 0, 9223372036854775807, 0, 9223372036854229807
0, 5460, 0, 9223372036854775807, 0, 9223372036849315807
0, 5461, 0, 9223372036854775807, 0, 9223372036849314807
0, 5462, 0, 9223372036854775807, 0, 9223372036849313807
0, 5463, 0, 9223372036854775807, 0, 9223372036849312807
0, 5464, 0, 9223372036854775807, 0, 9223372036849311807
0, 5465, 0, 9223372036854775807, 0, 9223372036849310807
0, 5466, 0, 9223372036854775807, 0, 9223372036849309807
0, 5467, 0, 9223372036854775807, 0, 9223372036849308807
0, 5468, 0, 9223372036854775807, 0, 9223372036849307807
0, 5469, 0, 9223372036854775807, 0, 9223372036849306807
0, 547, 0, 9223372036854775807, 0, 9223372036854228807
0, 5470, 0, 9223372036854775807, 0, 9223372036849305807
0, 5471, 0, 9223372036854775807, 0, 9223372036849304807
0, 5472, 0, 9223372036854775807, 0, 9223372036849303807
0, 5473, 0, 9223372036854775807, 0, 9223372036849302807
0, 5474, 0, 9223372036854775807, 0, 9223372036849301807
0, 5475, 0, 9223372036854775807, 0, 9223372036849300807
0, 5476, 0, 9223372036854775807, 0, 9223372036849299807
0, 5477, 0, 9223372036854775807, 0, 9223372036849298807
0, 5478, 0, 9223372036854775807, 0, 9223372036849297807
0, 5479, 0, 9223372036854775807, 0, 9223372036849296807
0, 548, 0, 9223372036854775807, 0, 9223372036854227807
0, 5480, 0, 9223372036854775807, 0, 9223372036849295807
0, 5481, 0, 9223372036854775807, 0, 9223372036849294807
0, 5482, 0, 9223372036854775807, 0, 9223372036849293807
0, 5483, 0, 9223372036854775807, 0, 9223372036849292807
0, 5484, 0, 9223372036854775807, 0, 9223372036849291807
0, 5485, 0, 9223372036854775807, 0, 9223372036849290807
0, 5486, 0, 9223372036854775807, 0, 9223372036849289807
0, 5487, 0, 9223372036854775807, 0, 9223372036849288807
0, 5488, 0, 9223372036854775807, 0, 9223372036849287807
0, 5489, 0, 9223372036854775807, 0, 9223372036849286807
0, 549, 0, 9223372036854775807, 0, 9223372036854226807
0, 5490, 0, 9223372036854775807, 0, 9223372036849285807
0, 5491, 0, 9223372036854775807, 0, 9223372036849284807
0, 5492, 0, 9223372036854775807, 0, 9223372036849283807
0, 5493, 0, 9223372036854775807, 0, 9223372036849282807
0, 5494, 0, 9223372036854775807, 0, 9223372036849281807
0, 5495, 0, 9223372036854775807, 0, 9223372036849280807
0, 5496, 0, 9223372036854775807, 0, 9223372036849279807
0, 5497, 0, 9223372036854775807, 0, 9223372036849278807
0, 5498, 0, 9223372036854775807, 0, 9223372036849277807
0, 5499, 0, 9223372036854775807, 0, 9223372036849276807
0, 55, 0, 9223372036854775807, 0, 9223372036854720807
0, 550, 0, 9223372036854775807, 0, 9223372036854225807
0, 5500, 0, 9223372036854775807, 0, 9223372036849275807
0, 5501, 0, 9223372036854775807, 0, 9223372036849274807
0, 5502, 0, 9223372036854775807, 0, 9223372036849273807
0, 5503, 0, 9223372036854775807, 0, 9223372036849272807
0, 5504, 0, 9223372036854775807, 0, 9223372036849271807
0, 5505, 0, 9223372036854775807, 0, 9223372036849270807
0, 5506, 0, 9223372036854775807, 0, 9223372036849269807
0, 5507, 0, 9223372036854775807, 0, 9223372036849268807
0, 5508, 0, 9223372036854775807, 0, 9223372036849267807
0, 5509, 0, 9223372036854775807, 0, 9223372036849266807
0, 551, 0, 9223372036854775807, 0, 9223372036854224807
0, 5510, 0, 9223372036854775807, 0, 9223372036849265807
0, 5511, 0, 9223372036854775807, 0, 9223372036849264807
0, 5512, 0, 9223372036854775807, 0, 9223372036849263807
0, 5513, 0, 9223372036854775807, 0, 9223372036849262807
0, 5514, 0, 9223372036854775807, 0, 9223372036849261807
0, 5515, 0, 9223372036854775807, 0, 9223372036849260807
0, 5516, 0, 9223372036854775807, 0, 9223372036849259807
0, 5517, 0, 9223372036854775807, 0, 9223372036849258807
0, 5518, 0, 9223372036854775807, 0, 9223372036849257807
0, 5519, 0, 9223372036854775807, 0, 9223372036849256807
0, 552, 0, 9223372036854775807, 0, 9223372036854223807
0, 5520, 0, 9223372036854775807, 0, 9223372036849255807
0, 5521, 0, 9223372036854775807, 0, 9223372036849254807
0, 5522, 0, 9223372036854775807, 0, 9223372036849253807
0, 5523, 0, 9223372036854775807, 0, 9223372036849252807
0, 5524, 0, 9223372036854775807, 0, 9223372036849251807
0, 5525, 0, 9223372036854775807, 0, 9223372036849250807
0, 5526, 0, 9223372036854775807, 0, 9223372036849249807
0, 5527, 0, 9223372036854775807, 0, 9223372036849248807
0, 5528, 0, 9223372036854775807, 0, 9223372036849247807
0, 5529, 0, 9223372036854775807, 0, 9223372036849246807
0, 553, 0, 9223372036854775807, 0, 9223372036854222807
0, 5530, 0, 9223372036854775807, 0, 9223372036849245807
0, 5531, 0, 9223372036854775807, 0, 9223372036849244807
0, 5532, 0, 9223372036854775807, 0, 9223372036849243807
0, 5533, 0, 9223372036854775807, 0, 9223372036849242807
0, 5534, 0, 9223372036854775807, 0, 9223372036849241807
0, 5535, 0, 9223372036854775807, 0, 9223372036849240807
0, 5536, 0, 9223372036854775807, 0, 9223372036849239807
0, 5537, 0, 9223372036854775807, 0, 9223372036849238807
0, 5538, 0, 9223372036854775807, 0, 9223372036849237807
0, 5539, 0, 9223372036854775807, 0, 9223372036849236807
0, 554, 0, 9223372036854775807, 0, 9223372036854221807
0, 5540, 0, 9223372036854775807, 0, 9223372036849235807
0, 5541, 0, 9223372036854775807, 0, 9223372036849234807
0, 5542, 0, 9223372036854775807, 0, 9223372036849233807
0, 5543, 0, 9223372036854775807, 0, 9223372036849232807
0, 5544, 0, 9223372036854775807, 0, 9223372036849231807
0, 5545, 0, 9223372036854775807, 0, 9223372036849230807
0, 5546, 0, 9223372036854775807, 0, 9223372036849229807
0, 5547, 0, 9223372036854775807, 0, 9223372036849228807
0, 5548, 0, 9223372036854775807, 0, 9223372036849227807
0, 5549, 0, 9223372036854775807, 0, 9223372036849226807
0, 555, 0, 9223372036854775807, 0, 9223372036854220807
0, 5550, 0, 9223372036854775807, 0, 9223372036849225807
0, 5551, 0, 9223372036854775807, 0, 9223372036849224807
0, 5552, 0, 9223372036854775807, 0, 9223372036849223807
0, 5553, 0, 9223372036854775807, 0, 9223372036849222807
0, 5554, 0, 9223372036854775807, 0, 9223372036849221807
0, 5555, 0, 9223372036854775807, 0, 9223372036849220807
0, 5556, 0, 9223372036854775807, 0, 9223372036849219807
0, 5557, 0, 9223372036854775807, 0, 9223372036849218807
0, 5558, 0, 9223372036854775807, 0, 9223372036849217807
0, 5559, 0, 9223372036854775807, 0, 9223372036849216807
0, 556, 0, 9223372036854775807, 0, 9223372036854219807
0, 5560, 0, 9223372036854775807, 0, 9223372036849215807
0, 5561, 0, 9223372036854775807, 0, 9223372036849214807
0, 5562, 0, 9223372036854775807, 0, 9223372036849213807
0, 5563, 0, 9223372036854775807, 0, 9223372036849212807
0, 5564, 0, 9223372036854775807, 0, 9223372036849211807
0, 5565, 0, 9223372036854775807, 0, 9223372036849210807
0, 5566, 0, 9223372036854775807, 0, 9223372036849209807
0, 5567, 0, 9223372036854775807, 0, 9223372036849208807
0, 5568, 0, 9223372036854775807, 0, 9223372036849207807
0, 5569, 0, 9223372036854775807, 0, 9223372036849206807
0, 557, 0, 9223372036854775807, 0, 9223372036854218807
0, 5570, 0, 9223372036854775807, 0, 9223372036849205807
0, 5571, 0, 9223372036854775807, 0, 9223372036849204807
0, 5572, 0, 9223372036854775807, 0, 9223372036849203807
0, 5573, 0, 9223372036854775807, 0, 9223372036849202807
0, 5574, 0, 9223372036854775807, 0, 9223372036849201807
0, 5575, 0, 9223372036854775807, 0, 9223372036849200807
0, 5576, 0, 9223372036854775807, 0, 9223372036849199807
0, 5577, 0, 9223372036854775807, 0, 9223372036849198807
0, 5578, 0, 9223372036854775807, 0, 9223372036849197807
0, 5579, 0, 9223372036854775807, 0, 9223372036849196807
0, 558, 0, 9223372036854775807, 0, 9223372036854217807
0, 5580, 0, 9223372036854775807, 0, 9223372036849195807
0, 5581, 0, 9223372036854775807, 0, 9223372036849194807
0, 5582, 0, 9223372036854775807, 0, 9223372036849193807
0, 5583, 0, 9223372036854775807, 0, 9223372036849192807
0, 5584, 0, 9223372036854775807, 0, 9223372036849191807
0, 5585, 0, 9223372036854775807, 0, 9223372036849190807
0, 5586, 0, 9223372036854775807, 0, 9223372036849189807
0, 5587, 0, 9223372036854775807, 0, 9223372036849188807
0, 5588, 0, 9223372036854775807, 0, 9223372036849187807
0, 5589, 0, 9223372036854775807, 0, 9223372036849186807
0, 559, 0, 9223372036854775807, 0, 9223372036854216807
0, 5590, 0, 9223372036854775807, 0, 9223372036849185807
0, 5591, 0, 9223372036854775807, 0, 9223372036849184807
0, 5592, 0, 9223372036854775807, 0, 9223372036849183807
0, 5593, 0, 9223372036854775807, 0, 9223372036849182807
0, 5594, 0, 9223372036854775807, 0, 9223372036849181807
0, 5595, 0, 9223372036854775807, 0, 9223372036849180807
0, 5596, 0, 9223372036854775807, 0, 9223372036849179807
0, 5597, 0, 9223372036854775807, 0, 9223372036849178807
0, 5598, 0, 9223372036854775807, 0, 9223372036849177807
0, 5599, 0, 9223372036854775807, 0, 9223372036849176807
0, 56, 0, 9223372036854775807, 0, 9223372036854719807
0, 560, 0, 9223372036854775807, 0, 9223372036854215807
0, 5600, 0, 9223372036854775807, 0, 9223372036849175807
0, 5601, 0, 9223372036854775807, 0, 9223372036849174807
0, 5602, 0, 9223372036854775807, 0, 9223372036849173807
0, 5603, 0, 9223372036854775807, 0, 9223372036849172807
0, 5604, 0, 9223372036854775807, 0, 9223372036849171807
0, 5605, 0, 9223372036854775807, 0, 9223372036849170807
0, 5606, 0, 9223372036854775807, 0, 9223372036849169807
0, 5607, 0, 9223372036854775807, 0, 9223372036849168807
0, 5608, 0, 9223372036854775807, 0, 9223372036849167807
0, 5609, 0, 9223372036854775807, 0, 9223372036849166807
0, 561, 0, 9223372036854775807, 0, 9223372036854214807
0, 5610, 0, 9223372036854775807, 0, 9223372036849165807
0, 5611, 0, 9223372036854775807, 0, 9223372036849164807
0, 5612, 0, 9223372036854775807, 0, 9223372036849163807
0, 5613, 0, 9223372036854775807, 0, 9223372036849162807
0, 5614, 0, 9223372036854775807, 0, 9223372036849161807
0, 5615, 0, 9223372036854775807, 0, 9223372036849160807
0, 5616, 0, 9223372036854775807, 0, 9223372036849159807
0, 5617, 0, 9223372036854775807, 0, 9223372036849158807
0, 5618, 0, 9223372036854775807, 0, 9223372036849157807
0, 5619, 0, 9223372036854775807, 0, 9223372036849156807
0, 562, 0, 9223372036854775807, 0, 9223372036854213807
0, 5620, 0, 9223372036854775807, 0, 9223372036849155807
0, 5621, 0, 9223372036854775807, 0, 9223372036849154807
0, 5622, 0, 9223372036854775807, 0, 9223372036849153807
0, 5623, 0, 9223372036854775807, 0, 9223372036849152807
0, 5624, 0, 9223372036854775807, 0, 9223372036849151807
0, 5625, 0, 9223372036854775807, 0, 9223372036849150807
0, 5626, 0, 9223372036854775807, 0, 9223372036849149807
0, 5627, 0, 9223372036854775807, 0, 9223372036849148807
0, 5628, 0, 9223372036854775807, 0, 9223372036849147807
0, 5629, 0, 9223372036854775807, 0, 9223372036849146807
0, 563, 0, 9223372036854775807, 0, 9223372036854212807
0, 5630, 0, 9223372036854775807, 0, 9223372036849145807
0, 5631, 0, 9223372036854775807, 0, 9223372036849144807
0, 5632, 0, 9223372036854775807, 0, 9223372036849143807
0, 5633, 0, 9223372036854775807, 0, 9223372036849142807
0, 5634, 0, 9223372036854775807, 0, 9223372036849141807
0, 5635, 0, 9223372036854775807, 0, 9223372036849140807
0, 5636, 0, 9223372036854775807, 0, 9223372036849139807
0, 5637, 0, 9223372036854775807, 0, 9223372036849138807
0, 5638, 0, 9223372036854775807, 0, 9223372036849137807
0, 5639, 0, 9223372036854775807, 0, 9223372036849136807
0, 564, 0, 9223372036854775807, 0, 9223372036854211807
0, 5640, 0, 9223372036854775807, 0, 9223372036849135807
0, 5641, 0, 9223372036854775807, 0, 9223372036849134807
0, 5642, 0, 9223372036854775807, 0, 9223372036849133807
0, 5643, 0, 9223372036854775807, 0, 9223372036849132807
0, 5644, 0, 9223372036854775807, 0, 9223372036849131807
0, 5645, 0, 9223372036854775807, 0, 9223372036849130807
0, 5646, 0, 9223372036854775807, 0, 9223372036849129807
0, 5647, 0, 9223372036854775807, 0, 9223372036849128807
0, 5648, 0, 9223372036854775807, 0, 9223372036849127807
0, 5649, 0, 9223372036854775807, 0, 9223372036849126807
0, 565, 0, 9223372036854775807, 0, 9223372036854210807
0, 5650, 0, 9223372036854775807, 0, 9223372036849125807
0, 5651, 0, 9223372036854775807, 0, 9223372036849124807
0, 5652, 0, 9223372036854775807, 0, 9223372036849123807
0, 5653, 0, 9223372036854775807, 0, 9223372036849122807
0, 5654, 0, 9223372036854775807, 0, 9223372036849121807
0, 5655, 0, 9223372036854775807, 0, 9223372036849120807
0, 5656, 0, 9223372036854775807, 0, 9223372036849119807
0, 5657, 0, 9223372036854775807, 0, 9223372036849118807
0, 5658, 0, 9223372036854775807, 0, 9223372036849117807
0, 5659, 0, 9223372036854775807, 0, 9223372036849116807
0, 566, 0, 9223372036854775807, 0, 9223372036854209807
0, 5660, 0, 9223372036854775807, 0, 9223372036849115807
0, 5661, 0, 9223372036854775807, 0, 9223372036849114807
0, 5662, 0, 9223372036854775807, 0, 9223372036849113807
0, 5663, 0, 9223372036854775807, 0, 9223372036849112807
0, 5664, 0, 9223372036854775807, 0, 9223372036849111807
0, 5665, 0, 9223372036854775807, 0, 9223372036849110807
0, 5666, 0, 9223372036854775807, 0, 9223372036849109807
0, 5667, 0, 9223372036854775807, 0, 9223372036849108807
0, 5668, 0, 9223372036854775807, 0, 9223372036849107807
0, 5669, 0, 9223372036854775807, 0, 9223372036849106807
0, 567, 0, 9223372036854775807, 0, 9223372036854208807
0, 5670, 0, 9223372036854775807, 0, 9223372036849105807
0, 5671, 0, 9223372036854775807, 0, 9223372036849104807
0, 5672, 0, 9223372036854775807, 0, 9223372036849103807
0, 5673, 0, 9223372036854775807, 0, 9223372036849102807
0, 5674, 0, 9223372036854775807, 0, 9223372036849101807
0, 5675, 0, 9223372036854775807, 0, 9223372036849100807
0, 5676, 0, 9223372036854775807, 0, 9223372036849099807
0, 5677, 0, 9223372036854775807, 0, 9223372036849098807
0, 5678, 0, 9223372036854775807, 0, 9223372036849097807
0, 5679, 0, 9223372036854775807, 0, 9223372036849096807
0, 568, 0, 9223372036854775807, 0, 9223372036854207807
0, 5680, 0, 9223372036854775807, 0, 9223372036849095807
0, 5681, 0, 9223372036854775807, 0, 9223372036849094807
0, 5682, 0, 9223372036854775807, 0, 9223372036849093807
0, 5683, 0, 9223372036854775807, 0, 9223372036849092807
0, 5684, 0, 9223372036854775807, 0, 9223372036849091807
0, 5685, 0, 9223372036854775807, 0, 9223372036849090807
0, 5686, 0, 9223372036854775807, 0, 9223372036849089807
0, 5687, 0, 9223372036854775807, 0, 9223372036849088807
0, 5688, 0, 9223372036854775807, 0, 9223372036849087807
0, 5689, 0, 9223372036854775807, 0, 9223372036849086807
0, 569, 0, 9223372036854775807, 0, 9223372036854206807
0, 5690, 0, 9223372036854775807, 0, 9223372036849085807
0, 5691, 0, 9223372036854775807, 0, 9223372036849084807
0, 5692, 0, 9223372036854775807, 0, 9223372036849083807
0, 5693, 0, 9223372036854775807, 0, 9223372036849082807
0, 5694, 0, 9223372036854775807, 0, 9223372036849081807
0, 5695, 0, 9223372036854775807, 0, 9223372036849080807
0, 5696, 0, 9223372036854775807, 0, 9223372036849079807
0, 5697, 0, 9223372036854775807, 0, 9223372036849078807
0, 5698, 0, 9223372036854775807, 0, 9223372036849077807
0, 5699, 0, 9223372036854775807, 0, 9223372036849076807
0, 57, 0, 9223372036854775807, 0, 9223372036854718807
0, 570, 0, 9223372036854775807, 0, 9223372036854205807
0, 5700, 0, 9223372036854775807, 0, 9223372036849075807
0, 5701, 0, 9223372036854775807, 0, 9223372036849074807
0, 5702, 0, 9223372036854775807, 0, 9223372036849073807
0, 5703, 0, 9223372036854775807, 0, 9223372036849072807
0, 5704, 0, 9223372036854775807, 0, 9223372036849071807
0, 5705, 0, 9223372036854775807, 0, 9223372036849070807
0, 5706, 0, 9223372036854775807, 0, 9223372036849069807
0, 5707, 0, 9223372036854775807, 0, 9223372036849068807
0, 5708, 0, 9223372036854775807, 0, 9223372036849067807
0, 5709, 0, 9223372036854775807, 0, 9223372036849066807
0, 571, 0, 9223372036854775807, 0, 9223372036854204807
0, 5710, 0, 9223372036854775807, 0, 9223372036849065807
0, 5711, 0, 9223372036854775807, 0, 9223372036849064807
0, 5712, 0, 9223372036854775807, 0, 9223372036849063807
0, 5713, 0, 9223372036854775807, 0, 9223372036849062807
0, 5714, 0, 9223372036854775807, 0, 9223372036849061807
0, 5715, 0, 9223372036854775807, 0, 9223372036849060807
0, 5716, 0, 9223372036854775807, 0, 9223372036849059807
0, 5717, 0, 9223372036854775807, 0, 9223372036849058807
0, 5718, 0, 9223372036854775807, 0, 9223372036849057807
0, 5719, 0, 9223372036854775807, 0, 9223372036849056807
0, 572, 0, 9223372036854775807, 0, 9223372036854203807
0, 5720, 0, 9223372036854775807, 0, 9223372036849055807
0, 5721, 0, 9223372036854775807, 0, 9223372036849054807
0, 5722, 0, 9223372036854775807, 0, 9223372036849053807
0, 5723, 0, 9223372036854775807, 0, 9223372036849052807
0, 5724, 0, 9223372036854775807, 0, 9223372036849051807
0, 5725, 0, 9223372036854775807, 0, 9223372036849050807
0, 5726, 0, 9223372036854775807, 0, 9223372036849049807
0, 5727, 0, 9223372036854775807, 0, 9223372036849048807
0, 5728, 0, 9223372036854775807, 0, 9223372036849047807
0, 5729, 0, 9223372036854775807, 0, 9223372036849046807
0, 573, 0, 9223372036854775807, 0, 9223372036854202807
0, 5730, 0, 9223372036854775807, 0, 9223372036849045807
0, 5731, 0, 9223372036854775807, 0, 9223372036849044807
0, 5732, 0, 9223372036854775807, 0, 9223372036849043807
0, 5733, 0, 9223372036854775807, 0, 9223372036849042807
0, 5734, 0, 9223372036854775807, 0, 9223372036849041807
0, 5735, 0, 9223372036854775807, 0, 9223372036849040807
0, 5736, 0, 9223372036854775807, 0, 9223372036849039807
0, 5737, 0, 9223372036854775807, 0, 9223372036849038807
0, 5738, 0, 9223372036854775807, 0, 9223372036849037807
0, 5739, 0, 9223372036854775807, 0, 9223372036849036807
0, 574, 0, 9223372036854775807, 0, 9223372036854201807
0, 5740, 0, 9223372036854775807, 0, 9223372036849035807
0, 5741, 0, 9223372036854775807, 0, 9223372036849034807
0, 5742, 0, 9223372036854775807, 0, 9223372036849033807
0, 5743, 0, 9223372036854775807, 0, 9223372036849032807
0, 5744, 0, 9223372036854775807, 0, 9223372036849031807
0, 5745, 0, 9223372036854775807, 0, 9223372036849030807
0, 5746, 0, 9223372036854775807, 0, 9223372036849029807
0, 5747, 0, 9223372036854775807, 0, 9223372036849028807
0, 5748, 0, 9223372036854775807, 0, 9223372036849027807
0, 5749, 0, 9223372036854775807, 0, 9223372036849026807
0, 575, 0, 9223372036854775807, 0, 9223372036854200807
0, 5750, 0, 9223372036854775807, 0, 9223372036849025807
0, 5751, 0, 9223372036854775807, 0, 9223372036849024807
0, 5752, 0, 9223372036854775807, 0, 9223372036849023807
0, 5753, 0, 9223372036854775807, 0, 9223372036849022807
0, 5754, 0, 9223372036854775807, 0, 9223372036849021807
0, 5755, 0, 9223372036854775807, 0, 9223372036849020807
0, 5756, 0, 9223372036854775807, 0, 9223372036849019807
0, 5757, 0, 9223372036854775807, 0, 9223372036849018807
0, 5758, 0, 9223372036854775807, 0, 9223372036849017807
0, 5759, 0, 9223372036854775807, 0, 9223372036849016807
0, 576, 0, 9223372036854775807, 0, 9223372036854199807
0, 5760, 0, 9223372036854775807, 0, 9223372036849015807
0, 5761, 0, 9223372036854775807, 0, 9223372036849014807
0, 5762, 0, 9223372036854775807, 0, 9223372036849013807
0, 5763, 0, 9223372036854775807, 0, 9223372036849012807
0, 5764, 0, 9223372036854775807, 0, 9223372036849011807
0, 5765, 0, 9223372036854775807, 0, 9223372036849010807
0, 5766, 0, 9223372036854775807, 0, 9223372036849009807
0, 5767, 0, 9223372036854775807, 0, 9223372036849008807
0, 5768, 0, 9223372036854775807, 0, 9223372036849007807
0, 5769, 0, 9223372036854775807, 0, 9223372036849006807
0, 577, 0, 9223372036854775807, 0, 9223372036854198807
0, 5770, 0, 9223372036854775807, 0, 9223372036849005807
0, 5771, 0, 9223372036854775807, 0, 9223372036849004807
0, 5772, 0, 9223372036854775807, 0, 9223372036849003807
0, 5773, 0, 9223372036854775807, 0, 9223372036849002807
0, 5774, 0, 9223372036854775807, 0, 9223372036849001807
0, 5775, 0, 9223372036854775807, 0, 9223372036849000807
0, 5776, 0, 9223372036854775807, 0, 9223372036848999807
0, 5777, 0, 9223372036854775807, 0, 9223372036848998807
0, 5778, 0, 9223372036854775807, 0, 9223372036848997807
0, 5779, 0, 9223372036854775807, 0, 9223372036848996807
0, 578, 0, 9223372036854775807, 0, 9223372036854197807
0, 5780, 0, 9223372036854775807, 0, 9223372036848995807
0, 5781, 0, 9223372036854775807, 0, 9223372036848994807
0, 5782, 0, 9223372036854775807, 0, 9223372036848993807
0, 5783, 0, 9223372036854775807, 0, 9223372036848992807
0, 5784, 0, 9223372036854775807, 0, 9223372036848991807
0, 5785, 0, 9223372036854775807, 0, 9223372036848990807
0, 5786, 0, 9223372036854775807, 0, 9223372036848989807
0, 5787, 0, 9223372036854775807, 0, 9223372036848988807
0, 5788, 0, 9223372036854775807, 0, 9223372036848987807
0, 5789, 0, 9223372036854775807, 0, 9223372036848986807
0, 579, 0, 9223372036854775807, 0, 9223372036854196807
0, 5790, 0, 9223372036854775807, 0, 9223372036848985807
0, 5791, 0, 9223372036854775807, 0, 9223372036848984807
0, 5792, 0, 9223372036854775807, 0, 9223372036848983807
0, 5793, 0, 9223372036854775807, 0, 9223372036848982807
0, 5794, 0, 9223372036854775807, 0, 9223372036848981807
0, 5795, 0, 9223372036854775807, 0, 9223372036848980807
0, 5796, 0, 9223372036854775807, 0, 9223372036848979807
0, 5797, 0, 9223372036854775807, 0, 9223372036848978807
0, 5798, 0, 9223372036854775807, 0, 9223372036848977807
0, 5799, 0, 9223372036854775807, 0, 9223372036848976807
0, 58, 0, 9223372036854775807, 0, 9223372036854717807
0, 580, 0, 9223372036854775807, 0, 9223372036854195807
0, 5800, 0, 9223372036854775807, 0, 9223372036848975807
0, 5801, 0, 9223372036854775807, 0, 9223372036848974807
0, 5802, 0, 9223372036854775807, 0, 9223372036848973807
0, 5803, 0, 9223372036854775807, 0, 9223372036848972807
0, 5804, 0, 9223372036854775807, 0, 9223372036848971807
0, 5805, 0, 9223372036854775807, 0, 9223372036848970807
0, 5806, 0, 9223372036854775807, 0, 9223372036848969807
0, 5807, 0, 9223372036854775807, 0, 9223372036848968807
0, 5808, 0, 9223372036854775807, 0, 9223372036848967807
0, 5809, 0, 9223372036854775807, 0, 9223372036848966807
0, 581, 0, 9223372036854775807, 0, 9223372036854194807
0, 5810, 0, 9223372036854775807, 0, 9223372036848965807
0, 5811, 0, 9223372036854775807, 0, 9223372036848964807
0, 5812, 0, 9223372036854775807, 0, 9223372036848963807
0, 5813, 0, 9223372036854775807, 0, 9223372036848962807
0, 5814, 0, 9223372036854775807, 0, 9223372036848961807
0, 5815, 0, 9223372036854775807, 0, 9223372036848960807
0, 5816, 0, 9223372036854775807, 0, 9223372036848959807
0, 5817, 0, 9223372036854775807, 0, 9223372036848958807
0, 5818, 0, 9223372036854775807, 0, 9223372036848957807
0, 5819, 0, 9223372036854775807, 0, 9223372036848956807
0, 582, 0, 9223372036854775807, 0, 9223372036854193807
0, 5820, 0, 9223372036854775807, 0, 9223372036848955807
0, 5821, 0, 9223372036854775807, 0, 9223372036848954807
0, 5822, 0, 9223372036854775807, 0, 9223372036848953807
0, 5823, 0, 9223372036854775807, 0, 9223372036848952807
0, 5824, 0, 9223372036854775807, 0, 9223372036848951807
0, 5825, 0, 9223372036854775807, 0, 9223372036848950807
0, 5826, 0, 9223372036854775807, 0, 9223372036848949807
0, 5827, 0, 9223372036854775807, 0, 9223372036848948807
0, 5828, 0, 9223372036854775807, 0, 9223372036848947807
0, 5829, 0, 9223372036854775807, 0, 9223372036848946807
0, 583, 0, 9223372036854775807, 0, 9223372036854192807
0, 5830, 0, 9223372036854775807, 0, 9223372036848945807
0, 5831, 0, 9223372036854775807, 0, 9223372036848944807
0, 5832, 0, 9223372036854775807, 0, 9223372036848943807
0, 5833, 0, 9223372036854775807, 0, 9223372036848942807
0, 5834, 0, 9223372036854775807, 0, 9223372036848941807
0, 5835, 0, 9223372036854775807, 0, 9223372036848940807
0, 5836, 0, 9223372036854775807, 0, 9223372036848939807
0, 5837, 0, 9223372036854775807, 0, 9223372036848938807
0, 5838, 0, 9223372036854775807, 0, 9223372036848937807
0, 5839, 0, 9223372036854775807, 0, 9223372036848936807
0, 584, 0, 9223372036854775807, 0, 9223372036854191807
0, 5840, 0, 9223372036854775807, 0, 9223372036848935807
0, 5841, 0, 9223372036854775807, 0, 9223372036848934807
0, 5842, 0, 9223372036854775807, 0, 9223372036848933807
0, 5843, 0, 9223372036854775807, 0, 9223372036848932807
0, 5844, 0, 9223372036854775807, 0, 9223372036848931807
0, 5845, 0, 9223372036854775807, 0, 9223372036848930807
0, 5846, 0, 9223372036854775807, 0, 9223372036848929807
0, 5847, 0, 9223372036854775807, 0, 9223372036848928807
0, 5848, 0, 9223372036854775807, 0, 9223372036848927807
0, 5849, 0, 9223372036854775807, 0, 9223372036848926807
0, 585, 0, 9223372036854775807, 0, 9223372036854190807
0, 5850, 0, 9223372036854775807, 0, 9223372036848925807
0, 5851, 0, 9223372036854775807, 0, 9223372036848924807
0, 5852, 0, 9223372036854775807, 0, 9223372036848923807
0, 5853, 0, 9223372036854775807, 0, 9223372036848922807
0, 5854, 0, 9223372036854775807, 0, 9223372036848921807
0, 5855, 0, 9223372036854775807, 0, 9223372036848920807
0, 5856, 0, 9223372036854775807, 0, 9223372036848919807
0, 5857, 0, 9223372036854775807, 0, 9223372036848918807
0, 5858, 0, 9223372036854775807, 0, 9223372036848917807
0, 5859, 0, 9223372036854775807, 0, 9223372036848916807
0, 586, 0, 9223372036854775807, 0, 9223372036854189807
0, 5860, 0, 9223372036854775807, 0, 9223372036848915807
0, 5861, 0, 9223372036854775807, 0, 9223372036848914807
0, 5862, 0, 9223372036854775807, 0, 9223372036848913807
0, 5863, 0, 9223372036854775807, 0, 9223372036848912807
0, 5864, 0, 9223372036854775807, 0, 9223372036848911807
0, 5865, 0, 9223372036854775807, 0, 9223372036848910807
0, 5866, 0, 9223372036854775807, 0, 9223372036848909807
0, 5867, 0, 9223372036854775807, 0, 9223372036848908807
0, 5868, 0, 9223372036854775807, 0, 9223372036848907807
0, 5869, 0, 9223372036854775807, 0, 9223372036848906807
0, 587, 0, 9223372036854775807, 0, 9223372036854188807
0, 5870, 0, 9223372036854775807, 0, 9223372036848905807
0, 5871, 0, 9223372036854775807, 0, 9223372036848904807
0, 5872, 0, 9223372036854775807, 0, 9223372036848903807
0, 5873, 0, 9223372036854775807, 0, 9223372036848902807
0, 5874, 0, 9223372036854775807, 0, 9223372036848901807
0, 5875, 0, 9223372036854775807, 0, 9223372036848900807
0, 5876, 0, 9223372036854775807, 0, 9223372036848899807
0, 5877, 0, 9223372036854775807, 0, 9223372036848898807
0, 5878, 0, 9223372036854775807, 0, 9223372036848897807
0, 5879, 0, 9223372036854775807, 0, 9223372036848896807
0, 588, 0, 9223372036854775807, 0, 9223372036854187807
0, 5880, 0, 9223372036854775807, 0, 9223372036848895807
0, 5881, 0, 9223372036854775807, 0, 9223372036848894807
0, 5882, 0, 9223372036854775807, 0, 9223372036848893807
0, 5883, 0, 9223372036854775807, 0, 9223372036848892807
0, 5884, 0, 9223372036854775807, 0, 9223372036848891807
0, 5885, 0, 9223372036854775807, 0, 9223372036848890807
0, 5886, 0, 9223372036854775807, 0, 9223372036848889807
0, 5887, 0, 9223372036854775807, 0, 9223372036848888807
0, 5888, 0, 9223372036854775807, 0, 9223372036848887807
0, 5889, 0, 9223372036854775807, 0, 9223372036848886807
0, 589, 0, 9223372036854775807, 0, 9223372036854186807
0, 5890, 0, 9223372036854775807, 0, 9223372036848885807
0, 5891, 0, 9223372036854775807, 0, 9223372036848884807
0, 5892, 0, 9223372036854775807, 0, 9223372036848883807
0, 5893, 0, 9223372036854775807, 0, 9223372036848882807
0, 5894, 0, 9223372036854775807, 0, 9223372036848881807
0, 5895, 0, 9223372036854775807, 0, 9223372036848880807
0, 5896, 0, 9223372036854775807, 0, 9223372036848879807
0, 5897, 0, 9223372036854775807, 0, 9223372036848878807
0, 5898, 0, 9223372036854775807, 0, 9223372036848877807
0, 5899, 0, 9223372036854775807, 0, 9223372036848876807
0, 59, 0, 9223372036854775807, 0, 9223372036854716807
0, 590, 0, 9223372036854775807, 0, 9223372036854185807
0, 5900, 0, 9223372036854775807, 0, 9223372036848875807
0, 5901, 0, 9223372036854775807, 0, 9223372036848874807
0, 5902, 0, 9223372036854775807, 0, 9223372036848873807
0, 5903, 0, 9223372036854775807, 0, 9223372036848872807
0, 5904, 0, 9223372036854775807, 0, 9223372036848871807
0, 5905, 0, 9223372036854775807, 0, 9223372036848870807
0, 5906, 0, 9223372036854775807, 0, 9223372036848869807
0, 5907, 0, 9223372036854775807, 0, 9223372036848868807
0, 5908, 0, 9223372036854775807, 0, 9223372036848867807
0, 5909, 0, 9223372036854775807, 0, 9223372036848866807
0, 591, 0, 9223372036854775807, 0, 9223372036854184807
0, 5910, 0, 9223372036854775807, 0, 9223372036848865807
0, 5911, 0, 9223372036854775807, 0, 9223372036848864807
0, 5912, 0, 9223372036854775807, 0, 9223372036848863807
0, 5913, 0, 9223372036854775807, 0, 9223372036848862807
0, 5914, 0, 9223372036854775807, 0, 9223372036848861807
0, 5915, 0, 9223372036854775807, 0, 9223372036848860807
0, 5916, 0, 9223372036854775807, 0, 9223372036848859807
0, 5917, 0, 9223372036854775807, 0, 9223372036848858807
0, 5918, 0, 9223372036854775807, 0, 9223372036848857807
0, 5919, 0, 9223372036854775807, 0, 9223372036848856807
0, 592, 0, 9223372036854775807, 0, 9223372036854183807
0, 5920, 0, 9223372036854775807, 0, 9223372036848855807
0, 5921, 0, 9223372036854775807, 0, 9223372036848854807
0, 5922, 0, 9223372036854775807, 0, 9223372036848853807
0, 5923, 0, 9223372036854775807, 0, 9223372036848852807
0, 5924, 0, 9223372036854775807, 0, 9223372036848851807
0, 5925, 0, 9223372036854775807, 0, 9223372036848850807
0, 5926, 0, 9223372036854775807, 0, 9223372036848849807
0, 5927, 0, 9223372036854775807, 0, 9223372036848848807
0, 5928, 0, 9223372036854775807, 0, 9223372036848847807
0, 5929, 0, 9223372036854775807, 0, 9223372036848846807
0, 593, 0, 9223372036854775807, 0, 9223372036854182807
0, 5930, 0, 9223372036854775807, 0, 9223372036848845807
0, 5931, 0, 9223372036854775807, 0, 9223372036848844807
0, 5932, 0, 9223372036854775807, 0, 9223372036848843807
0, 5933, 0, 9223372036854775807, 0, 9223372036848842807
0, 5934, 0, 9223372036854775807, 0, 9223372036848841807
0, 5935, 0, 9223372036854775807, 0, 9223372036848840807
0, 5936, 0, 9223372036854775807, 0, 9223372036848839807
0, 5937, 0, 9223372036854775807, 0, 9223372036848838807
0, 5938, 0, 9223372036854775807, 0, 9223372036848837807
0, 5939, 0, 9223372036854775807, 0, 9223372036848836807
0, 594, 0, 9223372036854775807, 0, 9223372036854181807
0, 5940, 0, 9223372036854775807, 0, 9223372036848835807
0, 5941, 0, 9223372036854775807, 0, 9223372036848834807
0, 5942, 0, 9223372036854775807, 0, 9223372036848833807
0, 5943, 0, 9223372036854775807, 0, 9223372036848832807
0, 5944, 0, 9223372036854775807, 0, 9223372036848831807
0, 5945, 0, 9223372036854775807, 0, 9223372036848830807
0, 5946, 0, 9223372036854775807, 0, 9223372036848829807
0, 5947, 0, 9223372036854775807, 0, 9223372036848828807
0, 5948, 0, 9223372036854775807, 0, 9223372036848827807
0, 5949, 0, 9223372036854775807, 0, 9223372036848826807
0, 595, 0, 9223372036854775807, 0, 9223372036854180807
0, 5950, 0, 9223372036854775807, 0, 9223372036848825807
0, 5951, 0, 9223372036854775807, 0, 9223372036848824807
0, 5952, 0, 9223372036854775807, 0, 9223372036848823807
0, 5953, 0, 9223372036854775807, 0, 9223372036848822807
0, 5954, 0, 9223372036854775807, 0, 9223372036848821807
0, 5955, 0, 9223372036854775807, 0, 9223372036848820807
0, 5956, 0, 9223372036854775807, 0, 9223372036848819807
0, 5957, 0, 9223372036854775807, 0, 9223372036848818807
0, 5958, 0, 9223372036854775807, 0, 9223372036848817807
0, 5959, 0, 9223372036854775807, 0, 9223372036848816807
0, 596, 0, 9223372036854775807, 0, 9223372036854179807
0, 5960, 0, 9223372036854775807, 0, 9223372036848815807
0, 5961, 0, 9223372036854775807, 0, 9223372036848814807
0, 5962, 0, 9223372036854775807, 0, 9223372036848813807
0, 5963, 0, 9223372036854775807, 0, 9223372036848812807
0, 5964, 0, 9223372036854775807, 0, 9223372036848811807
0, 5965, 0, 9223372036854775807, 0, 9223372036848810807
0, 5966, 0, 9223372036854775807, 0, 9223372036848809807
0, 5967, 0, 9223372036854775807, 0, 9223372036848808807
0, 5968, 0, 9223372036854775807, 0, 9223372036848807807
0, 5969, 0, 9223372036854775807, 0, 9223372036848806807
0, 597, 0, 9223372036854775807, 0, 9223372036854178807
0, 5970, 0, 9223372036854775807, 0, 9223372036848805807
0, 5971, 0, 9223372036854775807, 0, 9223372036848804807
0, 5972, 0, 9223372036854775807, 0, 9223372036848803807
0, 5973, 0, 9223372036854775807, 0, 9223372036848802807
0, 5974, 0, 9223372036854775807, 0, 9223372036848801807
0, 5975, 0, 9223372036854775807, 0, 9223372036848800807
0, 5976, 0, 9223372036854775807, 0, 9223372036848799807
0, 5977, 0, 9223372036854775807, 0, 9223372036848798807
0, 5978, 0, 9223372036854775807, 0, 9223372036848797807
0, 5979, 0, 9223372036854775807, 0, 9223372036848796807
0, 598, 0, 9223372036854775807, 0, 9223372036854177807
0, 5980, 0, 9223372036854775807, 0, 9223372036848795807
0, 5981, 0, 9223372036854775807, 0, 9223372036848794807
0, 5982, 0, 9223372036854775807, 0, 9223372036848793807
0, 5983, 0, 9223372036854775807, 0, 9223372036848792807
0, 5984, 0, 9223372036854775807, 0, 9223372036848791807
0, 5985, 0, 9223372036854775807, 0, 9223372036848790807
0, 5986, 0, 9223372036854775807, 0, 9223372036848789807
0, 5987, 0, 9223372036854775807, 0, 9223372036848788807
0, 5988, 0, 9223372036854775807, 0, 9223372036848787807
0, 5989, 0, 9223372036854775807, 0, 9223372036848786807
0, 599, 0, 9223372036854775807, 0, 9223372036854176807
0, 5990, 0, 9223372036854775807, 0, 9223372036848785807
0, 5991, 0, 9223372036854775807, 0, 9223372036848784807
0, 5992, 0, 9223372036854775807, 0, 9223372036848783807
0, 5993, 0, 9223372036854775807, 0, 9223372036848782807
0, 5994, 0, 9223372036854775807, 0, 9223372036848781807
0, 5995, 0, 9223372036854775807, 0, 9223372036848780807
0, 5996, 0, 9223372036854775807, 0, 9223372036848779807
0, 5997, 0, 9223372036854775807, 0, 9223372036848778807
0, 5998, 0, 9223372036854775807, 0, 9223372036848777807
0, 5999, 0, 9223372036854775807, 0, 9223372036848776807
0, 6, 0, 9223372036854775807, 0, 9223372036854769807
0, 60, 0, 9223372036854775807, 0, 9223372036854715807
0, 600, 0, 9223372036854775807, 0, 9223372036854175807
0, 601, 0, 9223372036854775807, 0, 9223372036854174807
0, 602, 0, 9223372036854775807, 0, 9223372036854173807
0, 603, 0, 9223372036854775807, 0, 9223372036854172807
0, 604, 0, 9223372036854775807, 0, 9223372036854171807
0, 605, 0, 9223372036854775807, 0, 9223372036854170807
0, 606, 0, 9223372036854775807, 0, 9223372036854169807
0, 607, 0, 9223372036854775807, 0, 9223372036854168807
0, 608, 0, 9223372036854775807, 0, 9223372036854167807
0, 609, 0, 9223372036854775807, 0, 9223372036854166807
0, 61, 0, 9223372036854775807, 0, 9223372036854714807
0, 610, 0, 9223372036854775807, 0, 9223372036854165807
0, 611, 0, 9223372036854775807, 0, 9223372036854164807
0, 612, 0, 9223372036854775807, 0, 9223372036854163807
0, 613, 0, 9223372036854775807, 0, 9223372036854162807
0, 614, 0, 9223372036854775807, 0, 9223372036854161807
0, 615, 0, 9223372036854775807, 0, 9223372036854160807
0, 616, 0, 9223372036854775807, 0, 9223372036854159807
0, 617, 0, 9223372036854775807, 0, 9223372036854158807
0, 618, 0, 9223372036854775807, 0, 9223372036854157807
0, 619, 0, 9223372036854775807, 0, 9223372036854156807
0, 62, 0, 9223372036854775807, 0, 9223372036854713807
0, 620, 0, 9223372036854775807, 0, 9223372036854155807
0, 621, 0, 9223372036854775807, 0, 9223372036854154807
0, 622, 0, 9223372036854775807, 0, 9223372036854153807
0, 623, 0, 9223372036854775807, 0, 9223372036854152807
0, 624, 0, 9223372036854775807, 0, 9223372036854151807
0, 625, 0, 9223372036854775807, 0, 9223372036854150807
0, 626, 0, 9223372036854775807, 0, 9223372036854149807
0, 627, 0, 9223372036854775807, 0, 9223372036854148807
0, 628, 0, 9223372036854775807, 0, 9223372036854147807
0, 629, 0, 9223372036854775807, 0, 9223372036854146807
0, 63, 0, 9223372036854775807, 0, 9223372036854712807
0, 630, 0, 9223372036854775807, 0, 9223372036854145807
0, 631, 0, 9223372036854775807, 0, 9223372036854144807
0, 632, 0, 9223372036854775807, 0, 9223372036854143807
0, 633, 0, 9223372036854775807, 0, 9223372036854142807
0, 634, 0, 9223372036854775807, 0, 9223372036854141807
0, 635, 0, 9223372036854775807, 0, 9223372036854140807
0, 636, 0, 9223372036854775807, 0, 9223372036854139807
0, 637, 0, 9223372036854775807, 0, 9223372036854138807
0, 638, 0, 9223372036854775807, 0, 9223372036854137807
0, 639, 0, 9223372036854775807, 0, 9223372036854136807
0, 64, 0, 9223372036854775807, 0, 9223372036854711807
0, 640, 0, 9223372036854775807, 0, 9223372036854135807
0, 641, 0, 9223372036854775807, 0, 9223372036854134807
0, 642, 0, 9223372036854775807, 0, 9223372036854133807
0, 643, 0, 9223372036854775807, 0, 9223372036854132807
0, 644, 0, 9223372036854775807, 0, 9223372036854131807
0, 645, 0, 9223372036854775807, 0, 9223372036854130807
0, 646, 0, 9223372036854775807, 0, 9223372036854129807
0, 647, 0, 9223372036854775807, 0, 9223372036854128807
0, 648, 0, 9223372036854775807, 0, 9223372036854127807
0, 649, 0, 9223372036854775807, 0, 9223372036854126807
0, 65, 0, 9223372036854775807, 0, 9223372036854710807
0, 650, 0, 9223372036854775807, 0, 9223372036854125807
0, 651, 0, 9223372036854775807, 0, 9223372036854124807
0, 652, 0, 9223372036854775807, 0, 9223372036854123807
0, 653, 0, 9223372036854775807, 0, 9223372036854122807
0, 654, 0, 9223372036854775807, 0, 9223372036854121807
0, 655, 0, 9223372036854775807, 0, 9223372036854120807
0, 656, 0, 9223372036854775807, 0, 9223372036854119807
0, 657, 0, 9223372036854775807, 0, 9223372036854118807
0, 658, 0, 9223372036854775807, 0, 9223372036854117807
0, 659, 0, 9223372036854775807, 0, 9223372036854116807
0, 66, 0, 9223372036854775807, 0, 9223372036854709807
0, 660, 0, 9223372036854775807, 0, 9223372036854115807
0, 661, 0, 9223372036854775807, 0, 9223372036854114807
0, 662, 0, 9223372036854775807, 0, 9223372036854113807
0, 663, 0, 9223372036854775807, 0, 9223372036854112807
0, 664, 0, 9223372036854775807, 0, 9223372036854111807
0, 665, 0, 9223372036854775807, 0, 9223372036854110807
0, 666, 0, 9223372036854775807, 0, 9223372036854109807
0, 667, 0, 9223372036854775807, 0, 9223372036854108807
0, 668, 0, 9223372036854775807, 0, 9223372036854107807
0, 669, 0, 9223372036854775807, 0, 9223372036854106807
0, 67, 0, 9223372036854775807, 0, 9223372036854708807
0, 670, 0, 9223372036854775807, 0, 9223372036854105807
0, 671, 0, 9223372036854775807, 0, 9223372036854104807
0, 672, 0, 9223372036854775807, 0, 9223372036854103807
0, 673, 0, 9223372036854775807, 0, 9223372036854102807
0, 674, 0, 9223372036854775807, 0, 9223372036854101807
0, 675, 0, 9223372036854775807, 0, 9223372036854100807
0, 676, 0, 9223372036854775807, 0, 9223372036854099807
0, 677, 0, 9223372036854775807, 0, 9223372036854098807
0, 678, 0, 9223372036854775807, 0, 9223372036854097807
0, 679, 0, 9223372036854775807, 0, 9223372036854096807
0, 68, 0, 9223372036854775807, 0, 9223372036854707807
0, 680, 0, 9223372036854775807, 0, 9223372036854095807
0, 681, 0, 9223372036854775807, 0, 9223372036854094807
0, 682, 0, 9223372036854775807, 0, 9223372036854093807
0, 683, 0, 9223372036854775807, 0, 9223372036854092807
0, 684, 0, 9223372036854775807, 0, 9223372036854091807
0, 685, 0, 9223372036854775807, 0, 9223372036854090807
0, 686, 0, 9223372036854775807, 0, 9223372036854089807
0, 687, 0, 9223372036854775807, 0, 9223372036854088807
0, 688, 0, 9223372036854775807, 0, 9223372036854087807
0, 689, 0, 9223372036854775807, 0, 9223372036854086807
0, 69, 0, 9223372036854775807, 0, 9223372036854706807
0, 690, 0, 9223372036854775807, 0, 9223372036854085807
0, 691, 0, 9223372036854775807, 0, 9223372036854084807
0, 692, 0, 9223372036854775807, 0, 9223372036854083807
0, 693, 0, 9223372036854775807, 0, 9223372036854082807
0, 694, 0, 9223372036854775807, 0, 9223372036854081807
0, 695, 0, 9223372036854775807, 0, 9223372036854080807
0, 696, 0, 9223372036854775807, 0, 9223372036854079807
0, 697, 0, 9223372036854775807, 0, 9223372036854078807
0, 698, 0, 9223372036854775807, 0, 9223372036854077807
0, 699, 0, 9223372036854775807, 0, 9223372036854076807
0, 7, 0, 9223372036854775807, 0, 9223372036854768807
0, 70, 0, 9223372036854775807, 0, 9223372036854705807
0, 700, 0, 9223372036854775807, 0, 9223372036854075807
0, 701, 0, 9223372036854775807, 0, 9223372036854074807
0, 702, 0, 9223372036854775807, 0, 9223372036854073807
0, 703, 0, 9223372036854775807, 0, 9223372036854072807
0, 704, 0, 9223372036854775807, 0, 9223372036854071807
0, 705, 0, 9223372036854775807, 0, 9223372036854070807
0, 706, 0, 9223372036854775807, 0, 9223372036854069807
0, 707, 0, 9223372036854775807, 0, 9223372036854068807
0, 708, 0, 9223372036854775807, 0, 9223372036854067807
0, 709, 0, 9223372036854775807, 0, 9223372036854066807
0, 71, 0, 9223372036854775807, 0, 9223372036854704807
0, 710, 0, 9223372036854775807, 0, 9223372036854065807
0, 711, 0, 9223372036854775807, 0, 9223372036854064807
0, 712, 0, 9223372036854775807, 0, 9223372036854063807
0, 713, 0, 9223372036854775807, 0, 9223372036854062807
0, 714, 0, 9223372036854775807, 0, 9223372036854061807
0, 715, 0, 9223372036854775807, 0, 9223372036854060807
0, 716, 0, 9223372036854775807, 0, 9223372036854059807
0, 717, 0, 9223372036854775807, 0, 9223372036854058807
0, 718, 0, 9223372036854775807, 0, 9223372036854057807
0, 719, 0, 9223372036854775807, 0, 9223372036854056807
0, 72, 0, 9223372036854775807, 0, 9223372036854703807
0, 720, 0, 9223372036854775807, 0, 9223372036854055807
0, 721, 0, 9223372036854775807, 0, 9223372036854054807
0, 722, 0, 9223372036854775807, 0, 9223372036854053807
0, 723, 0, 9223372036854775807, 0, 9223372036854052807
0, 724, 0, 9223372036854775807, 0, 9223372036854051807
0, 725, 0, 9223372036854775807, 0, 9223372036854050807
0, 726, 0, 9223372036854775807, 0, 9223372036854049807
0, 727, 0, 9223372036854775807, 0, 9223372036854048807
0, 728, 0, 9223372036854775807, 0, 9223372036854047807
0, 729, 0, 9223372036854775807, 0, 9223372036854046807
0, 73, 0, 9223372036854775807, 0, 9223372036854702807
0, 730, 0, 9223372036854775807, 0, 9223372036854045807
0, 731, 0, 9223372036854775807, 0, 9223372036854044807
0, 732, 0, 9223372036854775807, 0, 9223372036854043807
0, 733, 0, 9223372036854775807, 0, 9223372036854042807
0, 734, 0, 9223372036854775807, 0, 9223372036854041807
0, 735, 0, 9223372036854775807, 0, 9223372036854040807
0, 736, 0, 9223372036854775807, 0, 9223372036854039807
0, 737, 0, 9223372036854775807, 0, 9223372036854038807
0, 738, 0, 9223372036854775807, 0, 9223372036854037807
0, 739, 0, 9223372036854775807, 0, 9223372036854036807
0, 74, 0, 9223372036854775807, 0, 9223372036854701807
0, 740, 0, 9223372036854775807, 0, 9223372036854035807
0, 741, 0, 9223372036854775807, 0, 9223372036854034807
0, 742, 0, 9223372036854775807, 0, 9223372036854033807
0, 743, 0, 9223372036854775807, 0, 9223372036854032807
0, 744, 0, 9223372036854775807, 0, 9223372036854031807
0, 745, 0, 9223372036854775807, 0, 9223372036854030807
0, 746, 0, 9223372036854775807, 0, 9223372036854029807
0, 747, 0, 9223372036854775807, 0, 9223372036854028807
0, 748, 0, 9223372036854775807, 0, 9223372036854027807
0, 749, 0, 9223372036854775807, 0, 9223372036854026807
0, 75, 0, 9223372036854775807, 0, 9223372036854700807
0, 750, 0, 9223372036854775807, 0, 9223372036854025807
0, 751, 0, 9223372036854775807, 0, 9223372036854024807
0, 752, 0, 9223372036854775807, 0, 9223372036854023807
0, 753, 0, 9223372036854775807, 0, 9223372036854022807
0, 754, 0, 9223372036854775807, 0, 9223372036854021807
0, 755, 0, 9223372036854775807, 0, 9223372036854020807
0, 756, 0, 9223372036854775807, 0, 9223372036854019807
0, 757, 0, 9223372036854775807, 0, 9223372036854018807
0, 758, 0, 9223372036854775807, 0, 9223372036854017807
0, 759, 0, 9223372036854775807, 0, 9223372036854016807
0, 76, 0, 9223372036854775807, 0, 9223372036854699807
0, 760, 0, 9223372036854775807, 0, 9223372036854015807
0, 761, 0, 9223372036854775807, 0, 9223372036854014807
0, 762, 0, 9223372036854775807, 0, 9223372036854013807
0, 763, 0, 9223372036854775807, 0, 9223372036854012807
0, 764, 0, 9223372036854775807, 0, 9223372036854011807
0, 765, 0, 9223372036854775807, 0, 9223372036854010807
0, 766, 0, 9223372036854775807, 0, 9223372036854009807
0, 767, 0, 9223372036854775807, 0, 9223372036854008807
0, 768, 0, 9223372036854775807, 0, 9223372036854007807
0, 769, 0, 9223372036854775807, 0, 9223372036854006807
0, 77, 0, 9223372036854775807, 0, 9223372036854698807
0, 770, 0, 9223372036854775807, 0, 9223372036854005807
0, 771, 0, 9223372036854775807, 0, 9223372036854004807
0, 772, 0, 9223372036854775807, 0, 9223372036854003807
0, 773, 0, 9223372036854775807, 0, 9223372036854002807
0, 774, 0, 9223372036854775807, 0, 9223372036854001807
0, 775, 0, 9223372036854775807, 0, 9223372036854000807
0, 776, 0, 9223372036854775807, 0, 9223372036853999807
0, 777, 0, 9223372036854775807, 0, 9223372036853998807
0, 778, 0, 9223372036854775807, 0, 9223372036853997807
0, 779, 0, 9223372036854775807, 0, 9223372036853996807
0, 78, 0, 9223372036854775807, 0, 9223372036854697807
0, 780, 0, 9223372036854775807, 0, 9223372036853995807
0, 781, 0, 9223372036854775807, 0, 9223372036853994807
0, 782, 0, 9223372036854775807, 0, 9223372036853993807
0, 783, 0, 9223372036854775807, 0, 9223372036853992807
0, 784, 0, 9223372036854775807, 0, 9223372036853991807
0, 785, 0, 9223372036854775807, 0, 9223372036853990807
0, 786, 0, 9223372036854775807, 0, 9223372036853989807
0, 787, 0, 9223372036854775807, 0, 9223372036853988807
0, 788, 0, 9223372036854775807, 0, 9223372036853987807
0, 789, 0, 9223372036854775807, 0, 9223372036853986807
0, 79, 0, 9223372036854775807, 0, 9223372036854696807
0, 790, 0, 9223372036854775807, 0, 9223372036853985807
0, 791, 0, 9223372036854775807, 0, 9223372036853984807
0, 792, 0, 9223372036854775807, 0, 9223372036853983807
0, 793, 0, 9223372036854775807, 0, 9223372036853982807
0, 794, 0, 9223372036854775807, 0, 9223372036853981807
0, 795, 0, 9223372036854775807, 0, 9223372036853980807
0, 796, 0, 9223372036854775807, 0, 9223372036853979807
0, 797, 0, 9223372036854775807, 0, 9223372036853978807
0, 798, 0, 9223372036854775807, 0, 9223372036853977807
0, 799, 0, 9223372036854775807, 0, 9223372036853976807
0, 8, 0, 9223372036854775807, 0, 9223372036854767807
0, 80, 0, 9223372036854775807, 0, 9223372036854695807
0, 800, 0, 9223372036854775807, 0, 9223372036853975807
0, 801, 0, 9223372036854775807, 0, 9223372036853974807
0, 802, 0, 9223372036854775807, 0, 9223372036853973807
0, 803, 0, 9223372036854775807, 0, 9223372036853972807
0, 804, 0, 9223372036854775807, 0, 9223372036853971807
0, 805, 0, 9223372036854775807, 0, 9223372036853970807
0, 806, 0, 9223372036854775807, 0, 9223372036853969807
0, 807, 0, 9223372036854775807, 0, 9223372036853968807
0, 808, 0, 9223372036854775807, 0, 9223372036853967807
0, 809, 0, 9223372036854775807, 0, 9223372036853966807
0, 81, 0, 9223372036854775807, 0, 9223372036854694807
0, 810, 0, 9223372036854775807, 0, 9223372036853965807
0, 811, 0, 9223372036854775807, 0, 9223372036853964807
0, 812, 0, 9223372036854775807, 0, 9223372036853963807
0, 813, 0, 9223372036854775807, 0, 9223372036853962807
0, 814, 0, 9223372036854775807, 0, 9223372036853961807
0, 815, 0, 9223372036854775807, 0, 9223372036853960807
0, 816, 0, 9223372036854775807, 0, 9223372036853959807
0, 817, 0, 9223372036854775807, 0, 9223372036853958807
0, 818, 0, 9223372036854775807, 0, 9223372036853957807
0, 819, 0, 9223372036854775807, 0, 9223372036853956807
0, 82, 0, 9223372036854775807, 0, 9223372036854693807
0, 820, 0, 9223372036854775807, 0, 9223372036853955807
0, 821, 0, 9223372036854775807, 0, 9223372036853954807
0, 822, 0, 9223372036854775807, 0, 9223372036853953807
0, 823, 0, 9223372036854775807, 0, 9223372036853952807
0, 824, 0, 9223372036854775807, 0, 9223372036853951807
0, 825, 0, 9223372036854775807, 0, 9223372036853950807
0, 826, 0, 9223372036854775807, 0, 9223372036853949807
0, 827, 0, 9223372036854775807, 0, 9223372036853948807
0, 828, 0, 9223372036854775807, 0, 9223372036853947807
0, 829, 0, 9223372036854775807, 0, 9223372036853946807
0, 83, 0, 9223372036854775807, 0, 9223372036854692807
0, 830, 0, 9223372036854775807, 0, 9223372036853945807
0, 831, 0, 9223372036854775807, 0, 9223372036853944807
0, 832, 0, 9223372036854775807, 0, 9223372036853943807
0, 833, 0, 9223372036854775807, 0, 9223372036853942807
0, 834, 0, 9223372036854775807, 0, 9223372036853941807
0, 835, 0, 9223372036854775807, 0, 9223372036853940807
0, 836, 0, 9223372036854775807, 0, 9223372036853939807
0, 837, 0, 9223372036854775807, 0, 9223372036853938807
0, 838, 0, 9223372036854775807, 0, 9223372036853937807
0, 839, 0, 9223372036854775807, 0, 9223372036853936807
0, 84, 0, 9223372036854775807, 0, 9223372036854691807
0, 840, 0, 9223372036854775807, 0, 9223372036853935807
0, 841, 0, 9223372036854775807, 0, 9223372036853934807
0, 842, 0, 9223372036854775807, 0, 9223372036853933807
0, 843, 0, 9223372036854775807, 0, 9223372036853932807
0, 844, 0, 9223372036854775807, 0, 9223372036853931807
0, 845, 0, 9223372036854775807, 0, 9223372036853930807
0, 846, 0, 9223372036854775807, 0, 9223372036853929807
0, 847, 0, 9223372036854775807, 0, 9223372036853928807
0, 848, 0, 9223372036854775807, 0, 9223372036853927807
0, 849, 0, 9223372036854775807, 0, 9223372036853926807
0, 85, 0, 9223372036854775807, 0, 9223372036854690807
0, 850, 0, 9223372036854775807, 0, 9223372036853925807
0, 851, 0, 9223372036854775807, 0, 9223372036853924807
0, 852, 0, 9223372036854775807, 0, 9223372036853923807
0, 853, 0, 9223372036854775807, 0, 9223372036853922807
0, 854, 0, 9223372036854775807, 0, 9223372036853921807
0, 855, 0, 9223372036854775807, 0, 9223372036853920807
0, 856, 0, 9223372036854775807, 0, 9223372036853919807
0, 857, 0, 9223372036854775807, 0, 9223372036853918807
0, 858, 0, 9223372036854775807, 0, 9223372036853917807
0, 859, 0, 9223372036854775807, 0, 9223372036853916807
0, 86, 0, 9223372036854775807, 0, 9223372036854689807
0, 860, 0, 9223372036854775807, 0, 9223372036853915807
0, 861, 0, 9223372036854775807, 0, 9223372036853914807
0, 862, 0, 9223372036854775807, 0, 9223372036853913807
0, 863, 0, 9223372036854775807, 0, 9223372036853912807
0, 864, 0, 9223372036854775807, 0, 9223372036853911807
0, 865, 0, 9223372036854775807, 0, 9223372036853910807
0, 866, 0, 9223372036854775807, 0, 9223372036853909807
0, 867, 0, 9223372036854775807, 0, 9223372036853908807
0, 868, 0, 9223372036854775807, 0, 9223372036853907807
0, 869, 0, 9223372036854775807, 0, 9223372036853906807
0, 87, 0, 9223372036854775807, 0, 9223372036854688807
0, 870, 0, 9223372036854775807, 0, 9223372036853905807
0, 871, 0, 9223372036854775807, 0, 9223372036853904807
0, 872, 0, 9223372036854775807, 0, 9223372036853903807
0, 873, 0, 9223372036854775807, 0, 9223372036853902807
0, 874, 0, 9223372036854775807, 0, 9223372036853901807
0, 875, 0, 9223372036854775807, 0, 9223372036853900807
0, 876, 0, 9223372036854775807, 0, 9223372036853899807
0, 877, 0, 9223372036854775807, 0, 9223372036853898807
0, 878, 0, 9223372036854775807, 0, 9223372036853897807
0, 879, 0, 9223372036854775807, 0, 9223372036853896807
0, 88, 0, 9223372036854775807, 0, 9223372036854687807
0, 880, 0, 9223372036854775807, 0, 9223372036853895807
0, 881, 0, 9223372036854775807, 0, 9223372036853894807
0, 882, 0, 9223372036854775807, 0, 9223372036853893807
0, 883, 0, 9223372036854775807, 0, 9223372036853892807
0, 884, 0, 9223372036854775807, 0, 9223372036853891807
0, 885, 0, 9223372036854775807, 0, 9223372036853890807
0, 886, 0, 9223372036854775807, 0, 9223372036853889807
0, 887, 0, 9223372036854775807, 0, 9223372036853888807
0, 888, 0, 9223372036854775807, 0, 9223372036853887807
0, 889, 0, 9223372036854775807, 0, 9223372036853886807
0, 89, 0, 9223372036854775807, 0, 9223372036854686807
0, 890, 0, 9223372036854775807, 0, 9223372036853885807
0, 891, 0, 9223372036854775807, 0, 9223372036853884807
0, 892, 0, 9223372036854775807, 0, 9223372036853883807
0, 893, 0, 9223372036854775807, 0, 9223372036853882807
0, 894, 0, 9223372036854775807, 0, 9223372036853881807
0, 895, 0, 9223372036854775807, 0, 9223372036853880807
0, 896, 0, 9223372036854775807, 0, 9223372036853879807
0, 897, 0, 9223372036854775807, 0, 9223372036853878807
0, 898, 0, 9223372036854775807, 0, 9223372036853877807
0, 899, 0, 9223372036854775807, 0, 9223372036853876807
0, 9, 0, 9223372036854775807, 0, 9223372036854766807
0, 90, 0, 9223372036854775807, 0, 9223372036854685807
0, 900, 0, 9223372036854775807, 0, 9223372036853875807
0, 901, 0, 9223372036854775807, 0, 9223372036853874807
0, 902, 0, 9223372036854775807, 0, 9223372036853873807
0, 903, 0, 9223372036854775807, 0, 9223372036853872807
0, 904, 0, 9223372036854775807, 0, 9223372036853871807
0, 905, 0, 9223372036854775807, 0, 9223372036853870807
0, 906, 0, 9223372036854775807, 0, 9223372036853869807
0, 907, 0, 9223372036854775807, 0, 9223372036853868807
0, 908, 0, 9223372036854775807, 0, 9223372036853867807
0, 909, 0, 9223372036854775807, 0, 9223372036853866807
0, 91, 0, 9223372036854775807, 0, 9223372036854684807
0, 910, 0, 9223372036854775807, 0, 9223372036853865807
0, 911, 0, 9223372036854775807, 0, 9223372036853864807
0, 912, 0, 9223372036854775807, 0, 9223372036853863807
0, 913, 0, 9223372036854775807, 0, 9223372036853862807
0, 914, 0, 9223372036854775807, 0, 9223372036853861807
0, 915, 0, 9223372036854775807, 0, 9223372036853860807
0, 916, 0, 9223372036854775807, 0, 9223372036853859807
0, 917, 0, 9223372036854775807, 0, 9223372036853858807
0, 918, 0, 9223372036854775807, 0, 9223372036853857807
0, 919, 0, 9223372036854775807, 0, 9223372036853856807
0, 92, 0, 9223372036854775807, 0, 9223372036854683807
0, 920, 0, 9223372036854775807, 0, 9223372036853855807
0, 921, 0, 9223372036854775807, 0, 9223372036853854807
0, 922, 0, 9223372036854775807, 0, 9223372036853853807
0, 923, 0, 9223372036854775807, 0, 9223372036853852807
0, 924, 0, 9223372036854775807, 0, 9223372036853851807
0, 925, 0, 9223372036854775807, 0, 9223372036853850807
0, 926, 0, 9223372036854775807, 0, 9223372036853849807
0, 927, 0, 9223372036854775807, 0, 9223372036853848807
0, 928, 0, 9223372036854775807, 0, 9223372036853847807
0, 929, 0, 9223372036854775807, 0, 9223372036853846807
0, 93, 0, 9223372036854775807, 0, 9223372036854682807
0, 930, 0, 9223372036854775807, 0, 9223372036853845807
0, 931, 0, 9223372036854775807, 0, 9223372036853844807
0, 932, 0, 9223372036854775807, 0, 9223372036853843807
0, 933, 0, 9223372036854775807, 0, 9223372036853842807
0, 934, 0, 9223372036854775807, 0, 9223372036853841807
0, 935, 0, 9223372036854775807, 0, 9223372036853840807
0, 936, 0, 9223372036854775807, 0, 9223372036853839807
0, 937, 0, 9223372036854775807, 0, 9223372036853838807
0, 938, 0, 9223372036854775807, 0, 9223372036853837807
0, 939, 0, 9223372036854775807, 0, 9223372036853836807
0, 94, 0, 9223372036854775807, 0, 9223372036854681807
0, 940, 0, 9223372036854775807, 0, 9223372036853835807
0, 941, 0, 9223372036854775807, 0, 9223372036853834807
0, 942, 0, 9223372036854775807, 0, 9223372036853833807
0, 943, 0, 9223372036854775807, 0, 9223372036853832807
0, 944, 0, 9223372036854775807, 0, 9223372036853831807
0, 945, 0, 9223372036854775807, 0, 9223372036853830807
0, 946, 0, 9223372036854775807, 0, 9223372036853829807
0, 947, 0, 9223372036854775807, 0, 9223372036853828807
0, 948, 0, 9223372036854775807, 0, 9223372036853827807
0, 949, 0, 9223372036854775807, 0, 9223372036853826807
0, 95, 0, 9223372036854775807, 0, 9223372036854680807
0, 950, 0, 9223372036854775807, 0, 9223372036853825807
0, 951, 0, 9223372036854775807, 0, 9223372036853824807
0, 952, 0, 9223372036854775807, 0, 9223372036853823807
0, 953, 0, 9223372036854775807, 0, 9223372036853822807
0, 954, 0, 9223372036854775807, 0, 9223372036853821807
0, 955, 0, 9223372036854775807, 0, 9223372036853820807
0, 956, 0, 9223372036854775807, 0, 9223372036853819807
0, 957, 0, 9223372036854775807, 0, 9223372036853818807
0, 958, 0, 9223372036854775807, 0, 9223372036853817807
0, 959, 0, 9223372036854775807, 0, 9223372036853816807
0, 96, 0, 9223372036854775807, 0, 9223372036854679807
0, 960, 0, 9223372036854775807, 0, 9223372036853815807
0, 961, 0, 9223372036854775807, 0, 9223372036853814807
0, 962, 0, 9223372036854775807, 0, 9223372036853813807
0, 963, 0, 9223372036854775807, 0, 9223372036853812807
0, 964, 0, 9223372036854775807, 0, 9223372036853811807
0, 965, 0, 9223372036854775807, 0, 9223372036853810807
0, 966, 0, 9223372036854775807, 0, 9223372036853809807
0, 967, 0, 9223372036854775807, 0, 9223372036853808807
0, 968, 0, 9223372036854775807, 0, 9223372036853807807
0, 969, 0, 9223372036854775807, 0, 9223372036853806807
0, 97, 0, 9223372036854775807, 0, 9223372036854678807
0, 970, 0, 9223372036854775807, 0, 9223372036853805807
0, 971, 0, 9223372036854775807, 0, 9223372036853804807
0, 972, 0, 9223372036854775807, 0, 9223372036853803807
0, 973, 0, 9223372036854775807, 0, 9223372036853802807
0, 974, 0, 9223372036854775807, 0, 9223372036853801807
0, 975, 0, 9223372036854775807, 0, 9223372036853800807
0, 976, 0, 9223372036854775807, 0, 9223372036853799807
0, 977, 0, 9223372036854775807, 0, 9223372036853798807
0, 978, 0, 9223372036854775807, 0, 9223372036853797807
0, 979, 0, 9223372036854775807, 0, 9223372036853796807
0, 98, 0, 9223372036854775807, 0, 9223372036854677807
0, 980, 0, 9223372036854775807, 0, 9223372036853795807
0, 981, 0, 9223372036854775807, 0, 9223372036853794807
0, 982, 0, 9223372036854775807, 0, 9223372036853793807
0, 983, 0, 9223372036854775807, 0, 9223372036853792807
0, 984, 0, 9223372036854775807, 0, 9223372036853791807
0, 985, 0, 9223372036854775807, 0, 9223372036853790807
0, 986, 0, 9223372036854775807, 0, 9223372036853789807
0, 987, 0, 9223372036854775807, 0, 9223372036853788807
0, 988, 0, 9223372036854775807, 0, 9223372036853787807
0, 989, 0, 9223372036854775807, 0, 9223372036853786807
0, 99, 0, 9223372036854775807, 0, 9223372036854676807
0, 990, 0, 9223372036854775807, 0, 9223372036853785807
0, 991, 0, 9223372036854775807, 0, 9223372036853784807
0, 992, 0, 9223372036854775807, 0, 9223372036853783807
0, 993, 0, 9223372036854775807, 0, 9223372036853782807
0, 994, 0, 9223372036854775807, 0, 9223372036853781807
0, 995, 0, 9223372036854775807, 0, 9223372036853780807
0, 996, 0, 9223372036854775807, 0, 9223372036853779807
0, 997, 0, 9223372036854775807, 0, 9223372036853778807
0, 998, 0, 9223372036854775807, 0, 9223372036853777807
0, 999, 0, 9223372036854775807, 0, 9223372036853776807
1, 0, 11, 83, 11, 83
1, 1, 1011, 1068, 11, 68
1, 10, 0, 9223372036854775807, 0, 9223372036854765807
1, 100, 0, 9223372036854775807, 0, 9223372036854675807
1, 1000, 0, 9223372036854775807, 0, 9223372036853775807
1, 1001, 0, 9223372036854775807, 0, 9223372036853774807
1, 1002, 0, 9223372036854775807, 0, 9223372036853773807
1, 1003, 0, 9223372036854775807, 0, 9223372036853772807
1, 1004, 0, 9223372036854775807, 0, 9223372036853771807
1, 1005, 0, 9223372036854775807, 0, 9223372036853770807
1, 1006, 0, 9223372036854775807, 0, 9223372036853769807
1, 1007, 0, 9223372036854775807, 0, 9223372036853768807
1, 1008, 0, 9223372036854775807, 0, 9223372036853767807
1, 1009, 0, 9223372036854775807, 0, 9223372036853766807
1, 101, 0, 9223372036854775807, 0, 9223372036854674807
1, 1010, 0, 9223372036854775807, 0, 9223372036853765807
1, 1011, 0, 9223372036854775807, 0, 9223372036853764807
1, 1012, 0, 9223372036854775807, 0, 9223372036853763807
1, 1013, 0, 9223372036854775807, 0, 9223372036853762807
1, 1014, 0, 9223372036854775807, 0, 9223372036853761807
1, 1015, 0, 9223372036854775807, 0, 9223372036853760807
1, 1016, 0, 9223372036854775807, 0, 9223372036853759807
1, 1017, 0, 9223372036854775807, 0, 9223372036853758807
1, 1018, 0, 9223372036854775807, 0, 9223372036853757807
1, 1019, 0, 9223372036854775807, 0, 9223372036853756807
1, 102, 0, 9223372036854775807, 0, 9223372036854673807
1, 1020, 0, 9223372036854775807, 0, 9223372036853755807
1, 1021, 0, 9223372036854775807, 0, 9223372036853754807
1, 1022, 0, 9223372036854775807, 0, 9223372036853753807
1, 1023, 0, 9223372036854775807, 0, 9223372036853752807
1, 1024, 0, 9223372036854775807, 0, 9223372036853751807
1, 1025, 0, 9223372036854775807, 0, 9223372036853750807
1, 1026, 0, 9223372036854775807, 0, 9223372036853749807
1, 1027, 0, 9223372036854775807, 0, 9223372036853748807
1, 1028, 0, 9223372036854775807, 0, 9223372036853747807
1, 1029, 0, 9223372036854775807, 0, 9223372036853746807
1, 103, 0, 9223372036854775807, 0, 9223372036854672807
1, 1030, 0, 9223372036854775807, 0, 9223372036853745807
1, 1031, 0, 9223372036854775807, 0, 9223372036853744807
1, 1032, 0, 9223372036854775807, 0, 9223372036853743807
1, 1033, 0, 9223372036854775807, 0, 9223372036853742807
1, 1034, 0, 9223372036854775807, 0, 9223372036853741807
1, 1035, 0, 9223372036854775807, 0, 9223372036853740807
1, 1036, 0, 9223372036854775807, 0, 9223372036853739807
1, 1037, 0, 9223372036854775807, 0, 9223372036853738807
1, 1038, 0, 9223372036854775807, 0, 9223372036853737807
1, 1039, 0, 9223372036854775807, 0, 9223372036853736807
1, 104, 0, 9223372036854775807, 0, 9223372036854671807
1, 1040, 0, 9223372036854775807, 0, 9223372036853735807
1, 1041, 0, 9223372036854775807, 0, 9223372036853734807
1, 1042, 0, 9223372036854775807, 0, 9223372036853733807
1, 1043, 0, 9223372036854775807, 0, 9223372036853732807
1, 1044, 0, 9223372036854775807, 0, 9223372036853731807
1, 1045, 0, 9223372036854775807, 0, 9223372036853730807
1, 1046, 0, 9223372036854775807, 0, 9223372036853729807
1, 1047, 0, 9223372036854775807, 0, 9223372036853728807
1, 1048, 0, 9223372036854775807, 0, 9223372036853727807
1, 1049, 0, 9223372036854775807, 0, 9223372036853726807
1, 105, 0, 9223372036854775807, 0, 9223372036854670807
1, 1050, 0, 9223372036854775807, 0, 9223372036853725807
1, 1051, 0, 9223372036854775807, 0, 9223372036853724807
1, 1052, 0, 9223372036854775807, 0, 9223372036853723807
1, 1053, 0, 9223372036854775807, 0, 9223372036853722807
1, 1054, 0, 9223372036854775807, 0, 9223372036853721807
1, 1055, 0, 9223372036854775807, 0, 9223372036853720807
1, 1056, 0, 9223372036854775807, 0, 9223372036853719807
1, 1057, 0, 9223372036854775807, 0, 9223372036853718807
1, 1058, 0, 9223372036854775807, 0, 9223372036853717807
1, 1059, 0, 9223372036854775807, 0, 9223372036853716807
1, 106, 0, 9223372036854775807, 0, 9223372036854669807
1, 1060, 0, 9223372036854775807, 0, 9223372036853715807
1, 1061, 0, 9223372036854775807, 0, 9223372036853714807
1, 1062, 0, 9223372036854775807, 0, 9223372036853713807
1, 1063, 0, 9223372036854775807, 0, 9223372036853712807
1, 1064, 0, 9223372036854775807, 0, 9223372036853711807
1, 1065, 0, 9223372036854775807, 0, 9223372036853710807
1, 1066, 0, 9223372036854775807, 0, 9223372036853709807
1, 1067, 0, 9223372036854775807, 0, 9223372036853708807
1, 1068, 0, 9223372036854775807, 0, 9223372036853707807
1, 1069, 0, 9223372036854775807, 0, 9223372036853706807
1, 107, 0, 9223372036854775807, 0, 9223372036854668807
1, 1070, 0, 9223372036854775807, 0, 9223372036853705807
1, 1071, 0, 9223372036854775807, 0, 9223372036853704807
1, 1072, 0, 9223372036854775807, 0, 9223372036853703807
1, 1073, 0, 9223372036854775807, 0, 9223372036853702807
1, 1074, 0, 9223372036854775807, 0, 9223372036853701807
1, 1075, 0, 9223372036854775807, 0, 9223372036853700807
1, 1076, 0, 9223372036854775807, 0, 9223372036853699807
1, 1077, 0, 9223372036854775807, 0, 9223372036853698807
1, 1078, 0, 9223372036854775807, 0, 9223372036853697807
1, 1079, 0, 9223372036854775807, 0, 9223372036853696807
1, 108, 0, 9223372036854775807, 0, 9223372036854667807
1, 1080, 0, 9223372036854775807, 0, 9223372036853695807
1, 1081, 0, 9223372036854775807, 0, 9223372036853694807
1, 1082, 0, 9223372036854775807, 0, 9223372036853693807
1, 1083, 0, 9223372036854775807, 0, 9223372036853692807
1, 1084, 0, 9223372036854775807, 0, 9223372036853691807
1, 1085, 0, 9223372036854775807, 0, 9223372036853690807
1, 1086, 0, 9223372036854775807, 0, 9223372036853689807
1, 1087, 0, 9223372036854775807, 0, 9223372036853688807
1, 1088, 0, 9223372036854775807, 0, 9223372036853687807
1, 1089, 0, 9223372036854775807, 0, 9223372036853686807
1, 109, 0, 9223372036854775807, 0, 9223372036854666807
1, 1090, 0, 9223372036854775807, 0, 9223372036853685807
1, 1091, 0, 9223372036854775807, 0, 9223372036853684807
1, 1092, 0, 9223372036854775807, 0, 9223372036853683807
1, 1093, 0, 9223372036854775807, 0, 9223372036853682807
1, 1094, 0, 9223372036854775807, 0, 9223372036853681807
1, 1095, 0, 9223372036854775807, 0, 9223372036853680807
1, 1096, 0, 9223372036854775807, 0, 9223372036853679807
1, 1097, 0, 9223372036854775807, 0, 9223372036853678807
1, 1098, 0, 9223372036854775807, 0, 9223372036853677807
1, 1099, 0, 9223372036854775807, 0, 9223372036853676807
1, 11, 0, 9223372036854775807, 0, 9223372036854764807
1, 110, 0, 9223372036854775807, 0, 9223372036854665807
1, 1100, 0, 9223372036854775807, 0, 9223372036853675807
1, 1101, 0, 9223372036854775807, 0, 9223372036853674807
1, 1102, 0, 9223372036854775807, 0, 9223372036853673807
1, 1103, 0, 9223372036854775807, 0, 9223372036853672807
1, 1104, 0, 9223372036854775807, 0, 9223372036853671807
1, 1105, 0, 9223372036854775807, 0, 9223372036853670807
1, 1106, 0, 9223372036854775807, 0, 9223372036853669807
1, 1107, 0, 9223372036854775807, 0, 9223372036853668807
1, 1108, 0, 9223372036854775807, 0, 9223372036853667807
1, 1109, 0, 9223372036854775807, 0, 9223372036853666807
1, 111, 0, 9223372036854775807, 0, 9223372036854664807
1, 1110, 0, 9223372036854775807, 0, 9223372036853665807
1, 1111, 0, 9223372036854775807, 0, 9223372036853664807
1, 1112, 0, 9223372036854775807, 0, 9223372036853663807
1, 1113, 0, 9223372036854775807, 0, 9223372036853662807
1, 1114, 0, 9223372036854775807, 0, 9223372036853661807
1, 1115, 0, 9223372036854775807, 0, 9223372036853660807
1, 1116, 0, 9223372036854775807, 0, 9223372036853659807
1, 1117, 0, 9223372036854775807, 0, 9223372036853658807
1, 1118, 0, 9223372036854775807, 0, 9223372036853657807
1, 1119, 0, 9223372036854775807, 0, 9223372036853656807
1, 112, 0, 9223372036854775807, 0, 9223372036854663807
1, 1120, 0, 9223372036854775807, 0, 9223372036853655807
1, 1121, 0, 9223372036854775807, 0, 9223372036853654807
1, 1122, 0, 9223372036854775807, 0, 9223372036853653807
1, 1123, 0, 9223372036854775807, 0, 9223372036853652807
1, 1124, 0, 9223372036854775807, 0, 9223372036853651807
1, 1125, 0, 9223372036854775807, 0, 9223372036853650807
1, 1126, 0, 9223372036854775807, 0, 9223372036853649807
1, 1127, 0, 9223372036854775807, 0, 9223372036853648807
1, 1128, 0, 9223372036854775807, 0, 9223372036853647807
1, 1129, 0, 9223372036854775807, 0, 9223372036853646807
1, 113, 0, 9223372036854775807, 0, 9223372036854662807
1, 1130, 0, 9223372036854775807, 0, 9223372036853645807
1, 1131, 0, 9223372036854775807, 0, 9223372036853644807
1, 1132, 0, 9223372036854775807, 0, 9223372036853643807
1, 1133, 0, 9223372036854775807, 0, 9223372036853642807
1, 1134, 0, 9223372036854775807, 0, 9223372036853641807
1, 1135, 0, 9223372036854775807, 0, 9223372036853640807
1, 1136, 0, 9223372036854775807, 0, 9223372036853639807
1, 1137, 0, 9223372036854775807, 0, 9223372036853638807
1, 1138, 0, 9223372036854775807, 0, 9223372036853637807
1, 1139, 0, 9223372036854775807, 0, 9223372036853636807
1, 114, 0, 9223372036854775807, 0, 9223372036854661807
1, 1140, 0, 9223372036854775807, 0, 9223372036853635807
1, 1141, 0, 9223372036854775807, 0, 9223372036853634807
1, 1142, 0, 9223372036854775807, 0, 9223372036853633807
1, 1143, 0, 9223372036854775807, 0, 9223372036853632807
1, 1144, 0, 9223372036854775807, 0, 9223372036853631807
1, 1145, 0, 9223372036854775807, 0, 9223372036853630807
1, 1146, 0, 9223372036854775807, 0, 9223372036853629807
1, 1147, 0, 9223372036854775807, 0, 9223372036853628807
1, 1148, 0, 9223372036854775807, 0, 9223372036853627807
1, 1149, 0, 9223372036854775807, 0, 9223372036853626807
1, 115, 0, 9223372036854775807, 0, 9223372036854660807
1, 1150, 0, 9223372036854775807, 0, 9223372036853625807
1, 1151, 0, 9223372036854775807, 0, 9223372036853624807
1, 1152, 0, 9223372036854775807, 0, 9223372036853623807
1, 1153, 0, 9223372036854775807, 0, 9223372036853622807
1, 1154, 0, 9223372036854775807, 0, 9223372036853621807
1, 1155, 0, 9223372036854775807, 0, 9223372036853620807
1, 1156, 0, 9223372036854775807, 0, 9223372036853619807
1, 1157, 0, 9223372036854775807, 0, 9223372036853618807
1, 1158, 0, 9223372036854775807, 0, 9223372036853617807
1, 1159, 0, 9223372036854775807, 0, 9223372036853616807
1, 116, 0, 9223372036854775807, 0, 9223372036854659807
1, 1160, 0, 9223372036854775807, 0, 9223372036853615807
1, 1161, 0, 9223372036854775807, 0, 9223372036853614807
1, 1162, 0, 9223372036854775807, 0, 9223372036853613807
1, 1163, 0, 9223372036854775807, 0, 9223372036853612807
1, 1164, 0, 9223372036854775807, 0, 9223372036853611807
1, 1165, 0, 9223372036854775807, 0, 9223372036853610807
1, 1166, 0, 9223372036854775807, 0, 9223372036853609807
1, 1167, 0, 9223372036854775807, 0, 9223372036853608807
1, 1168, 0, 9223372036854775807, 0, 9223372036853607807
1, 1169, 0, 9223372036854775807, 0, 9223372036853606807
1, 117, 0, 9223372036854775807, 0, 9223372036854658807
1, 1170, 0, 9223372036854775807, 0, 9223372036853605807
1, 1171, 0, 9223372036854775807, 0, 9223372036853604807
1, 1172, 0, 9223372036854775807, 0, 9223372036853603807
1, 1173, 0, 9223372036854775807, 0, 9223372036853602807
1, 1174, 0, 9223372036854775807, 0, 9223372036853601807
1, 1175, 0, 9223372036854775807, 0, 9223372036853600807
1, 1176, 0, 9223372036854775807, 0, 9223372036853599807
1, 1177, 0, 9223372036854775807, 0, 9223372036853598807
1, 1178, 0, 9223372036854775807, 0, 9223372036853597807
1, 1179, 0, 9223372036854775807, 0, 9223372036853596807
1, 118, 0, 9223372036854775807, 0, 9223372036854657807
1, 1180, 0, 9223372036854775807, 0, 9223372036853595807
1, 1181, 0, 9223372036854775807, 0, 9223372036853594807
1, 1182, 0, 9223372036854775807, 0, 9223372036853593807
1, 1183, 0, 9223372036854775807, 0, 9223372036853592807
1, 1184, 0, 9223372036854775807, 0, 9223372036853591807
1, 1185, 0, 9223372036854775807, 0, 9223372036853590807
1, 1186, 0, 9223372036854775807, 0, 9223372036853589807
1, 1187, 0, 9223372036854775807, 0, 9223372036853588807
1, 1188, 0, 9223372036854775807, 0, 9223372036853587807
1, 1189, 0, 9223372036854775807, 0, 9223372036853586807
1, 119, 0, 9223372036854775807, 0, 9223372036854656807
1, 1190, 0, 9223372036854775807, 0, 9223372036853585807
1, 1191, 0, 9223372036854775807, 0, 9223372036853584807
1, 1192, 0, 9223372036854775807, 0, 9223372036853583807
1, 1193, 0, 9223372036854775807, 0, 9223372036853582807
1, 1194, 0, 9223372036854775807, 0, 9223372036853581807
1, 1195, 0, 9223372036854775807, 0, 9223372036853580807
1, 1196, 0, 9223372036854775807, 0, 9223372036853579807
1, 1197, 0, 9223372036854775807, 0, 9223372036853578807
1, 1198, 0, 9223372036854775807, 0, 9223372036853577807
1, 1199, 0, 9223372036854775807, 0, 9223372036853576807
1, 12, 0, 9223372036854775807, 0, 9223372036854763807
1, 120, 0, 9223372036854775807, 0, 9223372036854655807
1, 1200, 0, 9223372036854775807, 0, 9223372036853575807
1, 1201, 0, 9223372036854775807, 0, 9223372036853574807
1, 1202, 0, 9223372036854775807, 0, 9223372036853573807
1, 1203, 0, 9223372036854775807, 0, 9223372036853572807
1, 1204, 0, 9223372036854775807, 0, 9223372036853571807
1, 1205, 0, 9223372036854775807, 0, 9223372036853570807
1, 1206, 0, 9223372036854775807, 0, 9223372036853569807
1, 1207, 0, 9223372036854775807, 0, 9223372036853568807
1, 1208, 0, 9223372036854775807, 0, 9223372036853567807
1, 1209, 0, 9223372036854775807, 0, 9223372036853566807
1, 121, 0, 9223372036854775807, 0, 9223372036854654807
1, 1210, 0, 9223372036854775807, 0, 9223372036853565807
1, 1211, 0, 9223372036854775807, 0, 9223372036853564807
1, 1212, 0, 9223372036854775807, 0, 9223372036853563807
1, 1213, 0, 9223372036854775807, 0, 9223372036853562807
1, 1214, 0, 9223372036854775807, 0, 9223372036853561807
1, 1215, 0, 9223372036854775807, 0, 9223372036853560807
1, 1216, 0, 9223372036854775807, 0, 9223372036853559807
1, 1217, 0, 9223372036854775807, 0, 9223372036853558807
1, 1218, 0, 9223372036854775807, 0, 9223372036853557807
1, 1219, 0, 9223372036854775807, 0, 9223372036853556807
1, 122, 0, 9223372036854775807, 0, 9223372036854653807
1, 1220, 0, 9223372036854775807, 0, 9223372036853555807
1, 1221, 0, 9223372036854775807, 0, 9223372036853554807
1, 1222, 0, 9223372036854775807, 0, 9223372036853553807
1, 1223, 0, 9223372036854775807, 0, 9223372036853552807
1, 1224, 0, 9223372036854775807, 0, 9223372036853551807
1, 1225, 0, 9223372036854775807, 0, 9223372036853550807
1, 1226, 0, 9223372036854775807, 0, 9223372036853549807
1, 1227, 0, 9223372036854775807, 0, 9223372036853548807
1, 1228, 0, 9223372036854775807, 0, 9223372036853547807
1, 1229, 0, 9223372036854775807, 0, 9223372036853546807
1, 123, 0, 9223372036854775807, 0, 9223372036854652807
1, 1230, 0, 9223372036854775807, 0, 9223372036853545807
1, 1231, 0, 9223372036854775807, 0, 9223372036853544807
1, 1232, 0, 9223372036854775807, 0, 9223372036853543807
1, 1233, 0, 9223372036854775807, 0, 9223372036853542807
1, 1234, 0, 9223372036854775807, 0, 9223372036853541807
1, 1235, 0, 9223372036854775807, 0, 9223372036853540807
1, 1236, 0, 9223372036854775807, 0, 9223372036853539807
1, 1237, 0, 9223372036854775807, 0, 9223372036853538807
1, 1238, 0, 9223372036854775807, 0, 9223372036853537807
1, 1239, 0, 9223372036854775807, 0, 9223372036853536807
1, 124, 0, 9223372036854775807, 0, 9223372036854651807
1, 1240, 0, 9223372036854775807, 0, 9223372036853535807
1, 1241, 0, 9223372036854775807, 0, 9223372036853534807
1, 1242, 0, 9223372036854775807, 0, 9223372036853533807
1, 1243, 0, 9223372036854775807, 0, 9223372036853532807
1, 1244, 0, 9223372036854775807, 0, 9223372036853531807
1, 1245, 0, 9223372036854775807, 0, 9223372036853530807
1, 1246, 0, 9223372036854775807, 0, 9223372036853529807
1, 1247, 0, 9223372036854775807, 0, 9223372036853528807
1, 1248, 0, 9223372036854775807, 0, 9223372036853527807
1, 1249, 0, 9223372036854775807, 0, 9223372036853526807
1, 125, 0, 9223372036854775807, 0, 9223372036854650807
1, 1250, 0, 9223372036854775807, 0, 9223372036853525807
1, 1251, 0, 9223372036854775807, 0, 9223372036853524807
1, 1252, 0, 9223372036854775807, 0, 9223372036853523807
1, 1253, 0, 9223372036854775807, 0, 9223372036853522807
1, 1254, 0, 9223372036854775807, 0, 9223372036853521807
1, 1255, 0, 9223372036854775807, 0, 9223372036853520807
1, 1256, 0, 9223372036854775807, 0, 9223372036853519807
1, 1257, 0, 9223372036854775807, 0, 9223372036853518807
1, 1258, 0, 9223372036854775807, 0, 9223372036853517807
1, 1259, 0, 9223372036854775807, 0, 9223372036853516807
1, 126, 0, 9223372036854775807, 0, 9223372036854649807
1, 1260, 0, 9223372036854775807, 0, 9223372036853515807
1, 1261, 0, 9223372036854775807, 0, 9223372036853514807
1, 1262, 0, 9223372036854775807, 0, 9223372036853513807
1, 1263, 0, 9223372036854775807, 0, 9223372036853512807
1, 1264, 0, 9223372036854775807, 0, 9223372036853511807
1, 1265, 0, 9223372036854775807, 0, 9223372036853510807
1, 1266, 0, 9223372036854775807, 0, 9223372036853509807
1, 1267, 0, 9223372036854775807, 0, 9223372036853508807
1, 1268, 0, 9223372036854775807, 0, 9223372036853507807
1, 1269, 0, 9223372036854775807, 0, 9223372036853506807
1, 127, 0, 9223372036854775807, 0, 9223372036854648807
1, 1270, 0, 9223372036854775807, 0, 9223372036853505807
1, 1271, 0, 9223372036854775807, 0, 9223372036853504807
1, 1272, 0, 9223372036854775807, 0, 9223372036853503807
1, 1273, 0, 9223372036854775807, 0, 9223372036853502807
1, 1274, 0, 9223372036854775807, 0, 9223372036853501807
1, 1275, 0, 9223372036854775807, 0, 9223372036853500807
1, 1276, 0, 9223372036854775807, 0, 9223372036853499807
1, 1277, 0, 9223372036854775807, 0, 9223372036853498807
1, 1278, 0, 9223372036854775807, 0, 9223372036853497807
1, 1279, 0, 9223372036854775807, 0, 9223372036853496807
1, 128, 0, 9223372036854775807, 0, 9223372036854647807
1, 1280, 0, 9223372036854775807, 0, 9223372036853495807
1, 1281, 0, 9223372036854775807, 0, 9223372036853494807
1, 1282, 0, 9223372036854775807, 0, 9223372036853493807
1, 1283, 0, 9223372036854775807, 0, 9223372036853492807
1, 1284, 0, 9223372036854775807, 0, 9223372036853491807
1, 1285, 0, 9223372036854775807, 0, 9223372036853490807
1, 1286, 0, 9223372036854775807, 0, 9223372036853489807
1, 1287, 0, 9223372036854775807, 0, 9223372036853488807
1, 1288, 0, 9223372036854775807, 0, 9223372036853487807
1, 1289, 0, 9223372036854775807, 0, 9223372036853486807
1, 129, 0, 9223372036854775807, 0, 9223372036854646807
1, 1290, 0, 9223372036854775807, 0, 9223372036853485807
1, 1291, 0, 9223372036854775807, 0, 9223372036853484807
1, 1292, 0, 9223372036854775807, 0, 9223372036853483807
1, 1293, 0, 9223372036854775807, 0, 9223372036853482807
1, 1294, 0, 9223372036854775807, 0, 9223372036853481807
1, 1295, 0, 9223372036854775807, 0, 9223372036853480807
1, 1296, 0, 9223372036854775807, 0, 9223372036853479807
1, 1297, 0, 9223372036854775807, 0, 9223372036853478807
1, 1298, 0, 9223372036854775807, 0, 9223372036853477807
1, 1299, 0, 9223372036854775807, 0, 9223372036853476807
1, 13, 0, 9223372036854775807, 0, 9223372036854762807
1, 130, 0, 9223372036854775807, 0, 9223372036854645807
1, 1300, 0, 9223372036854775807, 0, 9223372036853475807
1, 1301, 0, 9223372036854775807, 0, 9223372036853474807
1, 1302, 0, 9223372036854775807, 0, 9223372036853473807
1, 1303, 0, 9223372036854775807, 0, 9223372036853472807
1, 1304, 0, 9223372036854775807, 0, 9223372036853471807
1, 1305, 0, 9223372036854775807, 0, 9223372036853470807
1, 1306, 0, 9223372036854775807, 0, 9223372036853469807
1, 1307, 0, 9223372036854775807, 0, 9223372036853468807
1, 1308, 0, 9223372036854775807, 0, 9223372036853467807
1, 1309, 0, 9223372036854775807, 0, 9223372036853466807
1, 131, 0, 9223372036854775807, 0, 9223372036854644807
1, 1310, 0, 9223372036854775807, 0, 9223372036853465807
1, 1311, 0, 9223372036854775807, 0, 9223372036853464807
1, 1312, 0, 9223372036854775807, 0, 9223372036853463807
1, 1313, 0, 9223372036854775807, 0, 9223372036853462807
1, 1314, 0, 9223372036854775807, 0, 9223372036853461807
1, 1315, 0, 9223372036854775807, 0, 9223372036853460807
1, 1316, 0, 9223372036854775807, 0, 9223372036853459807
1, 1317, 0, 9223372036854775807, 0, 9223372036853458807
1, 1318, 0, 9223372036854775807, 0, 9223372036853457807
1, 1319, 0, 9223372036854775807, 0, 9223372036853456807
1, 132, 0, 9223372036854775807, 0, 9223372036854643807
1, 1320, 0, 9223372036854775807, 0, 9223372036853455807
1, 1321, 0, 9223372036854775807, 0, 9223372036853454807
1, 1322, 0, 9223372036854775807, 0, 9223372036853453807
1, 1323, 0, 9223372036854775807, 0, 9223372036853452807
1, 1324, 0, 9223372036854775807, 0, 9223372036853451807
1, 1325, 0, 9223372036854775807, 0, 9223372036853450807
1, 1326, 0, 9223372036854775807, 0, 9223372036853449807
1, 1327, 0, 9223372036854775807, 0, 9223372036853448807
1, 1328, 0, 9223372036854775807, 0, 9223372036853447807
1, 1329, 0, 9223372036854775807, 0, 9223372036853446807
1, 133, 0, 9223372036854775807, 0, 9223372036854642807
1, 1330, 0, 9223372036854775807, 0, 9223372036853445807
1, 1331, 0, 9223372036854775807, 0, 9223372036853444807
1, 1332, 0, 9223372036854775807, 0, 9223372036853443807
1, 1333, 0, 9223372036854775807, 0, 9223372036853442807
1, 1334, 0, 9223372036854775807, 0, 9223372036853441807
1, 1335, 0, 9223372036854775807, 0, 9223372036853440807
1, 1336, 0, 9223372036854775807, 0, 9223372036853439807
1, 1337, 0, 9223372036854775807, 0, 9223372036853438807
1, 1338, 0, 9223372036854775807, 0, 9223372036853437807
1, 1339, 0, 9223372036854775807, 0, 9223372036853436807
1, 134, 0, 9223372036854775807, 0, 9223372036854641807
1, 1340, 0, 9223372036854775807, 0, 9223372036853435807
1, 1341, 0, 9223372036854775807, 0, 9223372036853434807
1, 1342, 0, 9223372036854775807, 0, 9223372036853433807
1, 1343, 0, 9223372036854775807, 0, 9223372036853432807
1, 1344, 0, 9223372036854775807, 0, 9223372036853431807
1, 1345, 0, 9223372036854775807, 0, 9223372036853430807
1, 1346, 0, 9223372036854775807, 0, 9223372036853429807
1, 1347, 0, 9223372036854775807, 0, 9223372036853428807
1, 1348, 0, 9223372036854775807, 0, 9223372036853427807
1, 1349, 0, 9223372036854775807, 0, 9223372036853426807
1, 135, 0, 9223372036854775807, 0, 9223372036854640807
1, 1350, 0, 9223372036854775807, 0, 9223372036853425807
1, 1351, 0, 9223372036854775807, 0, 9223372036853424807
1, 1352, 0, 9223372036854775807, 0, 9223372036853423807
1, 1353, 0, 9223372036854775807, 0, 9223372036853422807
1, 1354, 0, 9223372036854775807, 0, 9223372036853421807
1, 1355, 0, 9223372036854775807, 0, 9223372036853420807
1, 1356, 0, 9223372036854775807, 0, 9223372036853419807
1, 1357, 0, 9223372036854775807, 0, 9223372036853418807
1, 1358, 0, 9223372036854775807, 0, 9223372036853417807
1, 1359, 0, 9223372036854775807, 0, 9223372036853416807
1, 136, 0, 9223372036854775807, 0, 9223372036854639807
1, 1360, 0, 9223372036854775807, 0, 9223372036853415807
1, 1361, 0, 9223372036854775807, 0, 9223372036853414807
1, 1362, 0, 9223372036854775807, 0, 9223372036853413807
1, 1363, 0, 9223372036854775807, 0, 9223372036853412807
1, 1364, 0, 9223372036854775807, 0, 9223372036853411807
1, 1365, 0, 9223372036854775807, 0, 9223372036853410807
1, 1366, 0, 9223372036854775807, 0, 9223372036853409807
1, 1367, 0, 9223372036854775807, 0, 9223372036853408807
1, 1368, 0, 9223372036854775807, 0, 9223372036853407807
1, 1369, 0, 9223372036854775807, 0, 9223372036853406807
1, 137, 0, 9223372036854775807, 0, 9223372036854638807
1, 1370, 0, 9223372036854775807, 0, 9223372036853405807
1, 1371, 0, 9223372036854775807, 0, 9223372036853404807
1, 1372, 0, 9223372036854775807, 0, 9223372036853403807
1, 1373, 0, 9223372036854775807, 0, 9223372036853402807
1, 1374, 0, 9223372036854775807, 0, 9223372036853401807
1, 1375, 0, 9223372036854775807, 0, 9223372036853400807
1, 1376, 0, 9223372036854775807, 0, 9223372036853399807
1, 1377, 0, 9223372036854775807, 0, 9223372036853398807
1, 1378, 0, 9223372036854775807, 0, 9223372036853397807
1, 1379, 0, 9223372036854775807, 0, 9223372036853396807
1, 138, 0, 9223372036854775807, 0, 9223372036854637807
1, 1380, 0, 9223372036854775807, 0, 9223372036853395807
1, 1381, 0, 9223372036854775807, 0, 9223372036853394807
1, 1382, 0, 9223372036854775807, 0, 9223372036853393807
1, 1383, 0, 9223372036854775807, 0, 9223372036853392807
1, 1384, 0, 9223372036854775807, 0, 9223372036853391807
1, 1385, 0, 9223372036854775807, 0, 9223372036853390807
1, 1386, 0, 9223372036854775807, 0, 9223372036853389807
1, 1387, 0, 9223372036854775807, 0, 9223372036853388807
1, 1388, 0, 9223372036854775807, 0, 9223372036853387807
1, 1389, 0, 9223372036854775807, 0, 9223372036853386807
1, 139, 0, 9223372036854775807, 0, 9223372036854636807
1, 1390, 0, 9223372036854775807, 0, 9223372036853385807
1, 1391, 0, 9223372036854775807, 0, 9223372036853384807
1, 1392, 0, 9223372036854775807, 0, 9223372036853383807
1, 1393, 0, 9223372036854775807, 0, 9223372036853382807
1, 1394, 0, 9223372036854775807, 0, 9223372036853381807
1, 1395, 0, 9223372036854775807, 0, 9223372036853380807
1, 1396, 0, 9223372036854775807, 0, 9223372036853379807
1, 1397, 0, 9223372036854775807, 0, 9223372036853378807
1, 1398, 0, 9223372036854775807, 0, 9223372036853377807
1, 1399, 0, 9223372036854775807, 0, 9223372036853376807
1, 14, 0, 9223372036854775807, 0, 9223372036854761807
1, 140, 0, 9223372036854775807, 0, 9223372036854635807
1, 1400, 0, 9223372036854775807, 0, 9223372036853375807
1, 1401, 0, 9223372036854775807, 0, 9223372036853374807
1, 1402, 0, 9223372036854775807, 0, 9223372036853373807
1, 1403, 0, 9223372036854775807, 0, 9223372036853372807
1, 1404, 0, 9223372036854775807, 0, 9223372036853371807
1, 1405, 0, 9223372036854775807, 0, 9223372036853370807
1, 1406, 0, 9223372036854775807, 0, 9223372036853369807
1, 1407, 0, 9223372036854775807, 0, 9223372036853368807
1, 1408, 0, 9223372036854775807, 0, 9223372036853367807
1, 1409, 0, 9223372036854775807, 0, 9223372036853366807
1, 141, 0, 9223372036854775807, 0, 9223372036854634807
1, 1410, 0, 9223372036854775807, 0, 9223372036853365807
1, 1411, 0, 9223372036854775807, 0, 9223372036853364807
1, 1412, 0, 9223372036854775807, 0, 9223372036853363807
1, 1413, 0, 9223372036854775807, 0, 9223372036853362807
1, 1414, 0, 9223372036854775807, 0, 9223372036853361807
1, 1415, 0, 9223372036854775807, 0, 9223372036853360807
1, 1416, 0, 9223372036854775807, 0, 9223372036853359807
1, 1417, 0, 9223372036854775807, 0, 9223372036853358807
1, 1418, 0, 9223372036854775807, 0, 9223372036853357807
1, 1419, 0, 9223372036854775807, 0, 9223372036853356807
1, 142, 0, 9223372036854775807, 0, 9223372036854633807
1, 1420, 0, 9223372036854775807, 0, 9223372036853355807
1, 1421, 0, 9223372036854775807, 0, 9223372036853354807
1, 1422, 0, 9223372036854775807, 0, 9223372036853353807
1, 1423, 0, 9223372036854775807, 0, 9223372036853352807
1, 1424, 0, 9223372036854775807, 0, 9223372036853351807
1, 1425, 0, 9223372036854775807, 0, 9223372036853350807
1, 1426, 0, 9223372036854775807, 0, 9223372036853349807
1, 1427, 0, 9223372036854775807, 0, 9223372036853348807
1, 1428, 0, 9223372036854775807, 0, 9223372036853347807
1, 1429, 0, 9223372036854775807, 0, 9223372036853346807
1, 143, 0, 9223372036854775807, 0, 9223372036854632807
1, 1430, 0, 9223372036854775807, 0, 9223372036853345807
1, 1431, 0, 9223372036854775807, 0, 9223372036853344807
1, 1432, 0, 9223372036854775807, 0, 9223372036853343807
1, 1433, 0, 9223372036854775807, 0, 9223372036853342807
1, 1434, 0, 9223372036854775807, 0, 9223372036853341807
1, 1435, 0, 9223372036854775807, 0, 9223372036853340807
1, 1436, 0, 9223372036854775807, 0, 9223372036853339807
1, 1437, 0, 9223372036854775807, 0, 9223372036853338807
1, 1438, 0, 9223372036854775807, 0, 9223372036853337807
1, 1439, 0, 9223372036854775807, 0, 9223372036853336807
1, 144, 0, 9223372036854775807, 0, 9223372036854631807
1, 1440, 0, 9223372036854775807, 0, 9223372036853335807
1, 1441, 0, 9223372036854775807, 0, 9223372036853334807
1, 1442, 0, 9223372036854775807, 0, 9223372036853333807
1, 1443, 0, 9223372036854775807, 0, 9223372036853332807
1, 1444, 0, 9223372036854775807, 0, 9223372036853331807
1, 1445, 0, 9223372036854775807, 0, 9223372036853330807
1, 1446, 0, 9223372036854775807, 0, 9223372036853329807
1, 1447, 0, 9223372036854775807, 0, 9223372036853328807
1, 1448, 0, 9223372036854775807, 0, 9223372036853327807
1, 1449, 0, 9223372036854775807, 0, 9223372036853326807
1, 145, 0, 9223372036854775807, 0, 9223372036854630807
1, 1450, 0, 9223372036854775807, 0, 9223372036853325807
1, 1451, 0, 9223372036854775807, 0, 9223372036853324807
1, 1452, 0, 9223372036854775807, 0, 9223372036853323807
1, 1453, 0, 9223372036854775807, 0, 9223372036853322807
1, 1454, 0, 9223372036854775807, 0, 9223372036853321807
1, 1455, 0, 9223372036854775807, 0, 9223372036853320807
1, 1456, 0, 9223372036854775807, 0, 9223372036853319807
1, 1457, 0, 9223372036854775807, 0, 9223372036853318807
1, 1458, 0, 9223372036854775807, 0, 9223372036853317807
1, 1459, 0, 9223372036854775807, 0, 9223372036853316807
1, 146, 0, 9223372036854775807, 0, 9223372036854629807
1, 1460, 0, 9223372036854775807, 0, 9223372036853315807
1, 1461, 0, 9223372036854775807, 0, 9223372036853314807
1, 1462, 0, 9223372036854775807, 0, 9223372036853313807
1, 1463, 0, 9223372036854775807, 0, 9223372036853312807
1, 1464, 0, 9223372036854775807, 0, 9223372036853311807
1, 1465, 0, 9223372036854775807, 0, 9223372036853310807
1, 1466, 0, 9223372036854775807, 0, 9223372036853309807
1, 1467, 0, 9223372036854775807, 0, 9223372036853308807
1, 1468, 0, 9223372036854775807, 0, 9223372036853307807
1, 1469, 0, 9223372036854775807, 0, 9223372036853306807
1, 147, 0, 9223372036854775807, 0, 9223372036854628807
1, 1470, 0, 9223372036854775807, 0, 9223372036853305807
1, 1471, 0, 9223372036854775807, 0, 9223372036853304807
1, 1472, 0, 9223372036854775807, 0, 9223372036853303807
1, 1473, 0, 9223372036854775807, 0, 9223372036853302807
1, 1474, 0, 9223372036854775807, 0, 9223372036853301807
1, 1475, 0, 9223372036854775807, 0, 9223372036853300807
1, 1476, 0, 9223372036854775807, 0, 9223372036853299807
1, 1477, 0, 9223372036854775807, 0, 9223372036853298807
1, 1478, 0, 9223372036854775807, 0, 9223372036853297807
1, 1479, 0, 9223372036854775807, 0, 9223372036853296807
1, 148, 0, 9223372036854775807, 0, 9223372036854627807
1, 1480, 0, 9223372036854775807, 0, 9223372036853295807
1, 1481, 0, 9223372036854775807, 0, 9223372036853294807
1, 1482, 0, 9223372036854775807, 0, 9223372036853293807
1, 1483, 0, 9223372036854775807, 0, 9223372036853292807
1, 1484, 0, 9223372036854775807, 0, 9223372036853291807
1, 1485, 0, 9223372036854775807, 0, 9223372036853290807
1, 1486, 0, 9223372036854775807, 0, 9223372036853289807
1, 1487, 0, 9223372036854775807, 0, 9223372036853288807
1, 1488, 0, 9223372036854775807, 0, 9223372036853287807
1, 1489, 0, 9223372036854775807, 0, 9223372036853286807
1, 149, 0, 9223372036854775807, 0, 9223372036854626807
1, 1490, 0, 9223372036854775807, 0, 9223372036853285807
1, 1491, 0, 9223372036854775807, 0, 9223372036853284807
1, 1492, 0, 9223372036854775807, 0, 9223372036853283807
1, 1493, 0, 9223372036854775807, 0, 9223372036853282807
1, 1494, 0, 9223372036854775807, 0, 9223372036853281807
1, 1495, 0, 9223372036854775807, 0, 9223372036853280807
1, 1496, 0, 9223372036854775807, 0, 9223372036853279807
1, 1497, 0, 9223372036854775807, 0, 9223372036853278807
1, 1498, 0, 9223372036854775807, 0, 9223372036853277807
1, 1499, 0, 9223372036854775807, 0, 9223372036853276807
1, 15, 0, 9223372036854775807, 0, 9223372036854760807
1, 150, 0, 9223372036854775807, 0, 9223372036854625807
1, 1500, 0, 9223372036854775807, 0, 9223372036853275807
1, 1501, 0, 9223372036854775807, 0, 9223372036853274807
1, 1502, 0, 9223372036854775807, 0, 9223372036853273807
1, 1503, 0, 9223372036854775807, 0, 9223372036853272807
1, 1504, 0, 9223372036854775807, 0, 9223372036853271807
1, 1505, 0, 9223372036854775807, 0, 9223372036853270807
1, 1506, 0, 9223372036854775807, 0, 9223372036853269807
1, 1507, 0, 9223372036854775807, 0, 9223372036853268807
1, 1508, 0, 9223372036854775807, 0, 9223372036853267807
1, 1509, 0, 9223372036854775807, 0, 9223372036853266807
1, 151, 0, 9223372036854775807, 0, 9223372036854624807
1, 1510, 0, 9223372036854775807, 0, 9223372036853265807
1, 1511, 0, 9223372036854775807, 0, 9223372036853264807
1, 1512, 0, 9223372036854775807, 0, 9223372036853263807
1, 1513, 0, 9223372036854775807, 0, 9223372036853262807
1, 1514, 0, 9223372036854775807, 0, 9223372036853261807
1, 1515, 0, 9223372036854775807, 0, 9223372036853260807
1, 1516, 0, 9223372036854775807, 0, 9223372036853259807
1, 1517, 0, 9223372036854775807, 0, 9223372036853258807
1, 1518, 0, 9223372036854775807, 0, 9223372036853257807
1, 1519, 0, 9223372036854775807, 0, 9223372036853256807
1, 152, 0, 9223372036854775807, 0, 9223372036854623807
1, 1520, 0, 9223372036854775807, 0, 9223372036853255807
1, 1521, 0, 9223372036854775807, 0, 9223372036853254807
1, 1522, 0, 9223372036854775807, 0, 9223372036853253807
1, 1523, 0, 9223372036854775807, 0, 9223372036853252807
1, 1524, 0, 9223372036854775807, 0, 9223372036853251807
1, 1525, 0, 9223372036854775807, 0, 9223372036853250807
1, 1526, 0, 9223372036854775807, 0, 9223372036853249807
1, 1527, 0, 9223372036854775807, 0, 9223372036853248807
1, 1528, 0, 9223372036854775807, 0, 9223372036853247807
1, 1529, 0, 9223372036854775807, 0, 9223372036853246807
1, 153, 0, 9223372036854775807, 0, 9223372036854622807
1, 1530, 0, 9223372036854775807, 0, 9223372036853245807
1, 1531, 0, 9223372036854775807, 0, 9223372036853244807
1, 1532, 0, 9223372036854775807, 0, 9223372036853243807
1, 1533, 0, 9223372036854775807, 0, 9223372036853242807
1, 1534, 0, 9223372036854775807, 0, 9223372036853241807
1, 1535, 0, 9223372036854775807, 0, 9223372036853240807
1, 1536, 0, 9223372036854775807, 0, 9223372036853239807
1, 1537, 0, 9223372036854775807, 0, 9223372036853238807
1, 1538, 0, 9223372036854775807, 0, 9223372036853237807
1, 1539, 0, 9223372036854775807, 0, 9223372036853236807
1, 154, 0, 9223372036854775807, 0, 9223372036854621807
1, 1540, 0, 9223372036854775807, 0, 9223372036853235807
1, 1541, 0, 9223372036854775807, 0, 9223372036853234807
1, 1542, 0, 9223372036854775807, 0, 9223372036853233807
1, 1543, 0, 9223372036854775807, 0, 9223372036853232807
1, 1544, 0, 9223372036854775807, 0, 9223372036853231807
1, 1545, 0, 9223372036854775807, 0, 9223372036853230807
1, 1546, 0, 9223372036854775807, 0, 9223372036853229807
1, 1547, 0, 9223372036854775807, 0, 9223372036853228807
1, 1548, 0, 9223372036854775807, 0, 9223372036853227807
1, 1549, 0, 9223372036854775807, 0, 9223372036853226807
1, 155, 0, 9223372036854775807, 0, 9223372036854620807
1, 1550, 0, 9223372036854775807, 0, 9223372036853225807
1, 1551, 0, 9223372036854775807, 0, 9223372036853224807
1, 1552, 0, 9223372036854775807, 0, 9223372036853223807
1, 1553, 0, 9223372036854775807, 0, 9223372036853222807
1, 1554, 0, 9223372036854775807, 0, 9223372036853221807
1, 1555, 0, 9223372036854775807, 0, 9223372036853220807
1, 1556, 0, 9223372036854775807, 0, 9223372036853219807
1, 1557, 0, 9223372036854775807, 0, 9223372036853218807
1, 1558, 0, 9223372036854775807, 0, 9223372036853217807
1, 1559, 0, 9223372036854775807, 0, 9223372036853216807
1, 156, 0, 9223372036854775807, 0, 9223372036854619807
1, 1560, 0, 9223372036854775807, 0, 9223372036853215807
1, 1561, 0, 9223372036854775807, 0, 9223372036853214807
1, 1562, 0, 9223372036854775807, 0, 9223372036853213807
1, 1563, 0, 9223372036854775807, 0, 9223372036853212807
1, 1564, 0, 9223372036854775807, 0, 9223372036853211807
1, 1565, 0, 9223372036854775807, 0, 9223372036853210807
1, 1566, 0, 9223372036854775807, 0, 9223372036853209807
1, 1567, 0, 9223372036854775807, 0, 9223372036853208807
1, 1568, 0, 9223372036854775807, 0, 9223372036853207807
1, 1569, 0, 9223372036854775807, 0, 9223372036853206807
1, 157, 0, 9223372036854775807, 0, 9223372036854618807
1, 1570, 0, 9223372036854775807, 0, 9223372036853205807
1, 1571, 0, 9223372036854775807, 0, 9223372036853204807
1, 1572, 0, 9223372036854775807, 0, 9223372036853203807
1, 1573, 0, 9223372036854775807, 0, 9223372036853202807
1, 1574, 0, 9223372036854775807, 0, 9223372036853201807
1, 1575, 0, 9223372036854775807, 0, 9223372036853200807
1, 1576, 0, 9223372036854775807, 0, 9223372036853199807
1, 1577, 0, 9223372036854775807, 0, 9223372036853198807
1, 1578, 0, 9223372036854775807, 0, 9223372036853197807
1, 1579, 0, 9223372036854775807, 0, 9223372036853196807
1, 158, 0, 9223372036854775807, 0, 9223372036854617807
1, 1580, 0, 9223372036854775807, 0, 9223372036853195807
1, 1581, 0, 9223372036854775807, 0, 9223372036853194807
1, 1582, 0, 9223372036854775807, 0, 9223372036853193807
1, 1583, 0, 9223372036854775807, 0, 9223372036853192807
1, 1584, 0, 9223372036854775807, 0, 9223372036853191807
1, 1585, 0, 9223372036854775807, 0, 9223372036853190807
1, 1586, 0, 9223372036854775807, 0, 9223372036853189807
1, 1587, 0, 9223372036854775807, 0, 9223372036853188807
1, 1588, 0, 9223372036854775807, 0, 9223372036853187807
1, 1589, 0, 9223372036854775807, 0, 9223372036853186807
1, 159, 0, 9223372036854775807, 0, 9223372036854616807
1, 1590, 0, 9223372036854775807, 0, 9223372036853185807
1, 1591, 0, 9223372036854775807, 0, 9223372036853184807
1, 1592, 0, 9223372036854775807, 0, 9223372036853183807
1, 1593, 0, 9223372036854775807, 0, 9223372036853182807
1, 1594, 0, 9223372036854775807, 0, 9223372036853181807
1, 1595, 0, 9223372036854775807, 0, 9223372036853180807
1, 1596, 0, 9223372036854775807, 0, 9223372036853179807
1, 1597, 0, 9223372036854775807, 0, 9223372036853178807
1, 1598, 0, 9223372036854775807, 0, 9223372036853177807
1, 1599, 0, 9223372036854775807, 0, 9223372036853176807
1, 16, 0, 9223372036854775807, 0, 9223372036854759807
1, 160, 0, 9223372036854775807, 0, 9223372036854615807
1, 1600, 0, 9223372036854775807, 0, 9223372036853175807
1, 1601, 0, 9223372036854775807, 0, 9223372036853174807
1, 1602, 0, 9223372036854775807, 0, 9223372036853173807
1, 1603, 0, 9223372036854775807, 0, 9223372036853172807
1, 1604, 0, 9223372036854775807, 0, 9223372036853171807
1, 1605, 0, 9223372036854775807, 0, 9223372036853170807
1, 1606, 0, 9223372036854775807, 0, 9223372036853169807
1, 1607, 0, 9223372036854775807, 0, 9223372036853168807
1, 1608, 0, 9223372036854775807, 0, 9223372036853167807
1, 1609, 0, 9223372036854775807, 0, 9223372036853166807
1, 161, 0, 9223372036854775807, 0, 9223372036854614807
1, 1610, 0, 9223372036854775807, 0, 9223372036853165807
1, 1611, 0, 9223372036854775807, 0, 9223372036853164807
1, 1612, 0, 9223372036854775807, 0, 9223372036853163807
1, 1613, 0, 9223372036854775807, 0, 9223372036853162807
1, 1614, 0, 9223372036854775807, 0, 9223372036853161807
1, 1615, 0, 9223372036854775807, 0, 9223372036853160807
1, 1616, 0, 9223372036854775807, 0, 9223372036853159807
1, 1617, 0, 9223372036854775807, 0, 9223372036853158807
1, 1618, 0, 9223372036854775807, 0, 9223372036853157807
1, 1619, 0, 9223372036854775807, 0, 9223372036853156807
1, 162, 0, 9223372036854775807, 0, 9223372036854613807
1, 1620, 0, 9223372036854775807, 0, 9223372036853155807
1, 1621, 0, 9223372036854775807, 0, 9223372036853154807
1, 1622, 0, 9223372036854775807, 0, 9223372036853153807
1, 1623, 0, 9223372036854775807, 0, 9223372036853152807
1, 1624, 0, 9223372036854775807, 0, 9223372036853151807
1, 1625, 0, 9223372036854775807, 0, 9223372036853150807
1, 1626, 0, 9223372036854775807, 0, 9223372036853149807
1, 1627, 0, 9223372036854775807, 0, 9223372036853148807
1, 1628, 0, 9223372036854775807, 0, 9223372036853147807
1, 1629, 0, 9223372036854775807, 0, 9223372036853146807
1, 163, 0, 9223372036854775807, 0, 9223372036854612807
1, 1630, 0, 9223372036854775807, 0, 9223372036853145807
1, 1631, 0, 9223372036854775807, 0, 9223372036853144807
1, 1632, 0, 9223372036854775807, 0, 9223372036853143807
1, 1633, 0, 9223372036854775807, 0, 9223372036853142807
1, 1634, 0, 9223372036854775807, 0, 9223372036853141807
1, 1635, 0, 9223372036854775807, 0, 9223372036853140807
1, 1636, 0, 9223372036854775807, 0, 9223372036853139807
1, 1637, 0, 9223372036854775807, 0, 9223372036853138807
1, 1638, 0, 9223372036854775807, 0, 9223372036853137807
1, 1639, 0, 9223372036854775807, 0, 9223372036853136807
1, 164, 0, 9223372036854775807, 0, 9223372036854611807
1, 1640, 0, 9223372036854775807, 0, 9223372036853135807
1, 1641, 0, 9223372036854775807, 0, 9223372036853134807
1, 1642, 0, 9223372036854775807, 0, 9223372036853133807
1, 1643, 0, 9223372036854775807, 0, 9223372036853132807
1, 1644, 0, 9223372036854775807, 0, 9223372036853131807
1, 1645, 0, 9223372036854775807, 0, 9223372036853130807
1, 1646, 0, 9223372036854775807, 0, 9223372036853129807
1, 1647, 0, 9223372036854775807, 0, 9223372036853128807
1, 1648, 0, 9223372036854775807, 0, 9223372036853127807
1, 1649, 0, 9223372036854775807, 0, 9223372036853126807
1, 165, 0, 9223372036854775807, 0, 9223372036854610807
1, 1650, 0, 9223372036854775807, 0, 9223372036853125807
1, 1651, 0, 9223372036854775807, 0, 9223372036853124807
1, 1652, 0, 9223372036854775807, 0, 9223372036853123807
1, 1653, 0, 9223372036854775807, 0, 9223372036853122807
1, 1654, 0, 9223372036854775807, 0, 9223372036853121807
1, 1655, 0, 9223372036854775807, 0, 9223372036853120807
1, 1656, 0, 9223372036854775807, 0, 9223372036853119807
1, 1657, 0, 9223372036854775807, 0, 9223372036853118807
1, 1658, 0, 9223372036854775807, 0, 9223372036853117807
1, 1659, 0, 9223372036854775807, 0, 9223372036853116807
1, 166, 0, 9223372036854775807, 0, 9223372036854609807
1, 1660, 0, 9223372036854775807, 0, 9223372036853115807
1, 1661, 0, 9223372036854775807, 0, 9223372036853114807
1, 1662, 0, 9223372036854775807, 0, 9223372036853113807
1, 1663, 0, 9223372036854775807, 0, 9223372036853112807
1, 1664, 0, 9223372036854775807, 0, 9223372036853111807
1, 1665, 0, 9223372036854775807, 0, 9223372036853110807
1, 1666, 0, 9223372036854775807, 0, 9223372036853109807
1, 1667, 0, 9223372036854775807, 0, 9223372036853108807
1, 1668, 0, 9223372036854775807, 0, 9223372036853107807
1, 1669, 0, 9223372036854775807, 0, 9223372036853106807
1, 167, 0, 9223372036854775807, 0, 9223372036854608807
1, 1670, 0, 9223372036854775807, 0, 9223372036853105807
1, 1671, 0, 9223372036854775807, 0, 9223372036853104807
1, 1672, 0, 9223372036854775807, 0, 9223372036853103807
1, 1673, 0, 9223372036854775807, 0, 9223372036853102807
1, 1674, 0, 9223372036854775807, 0, 9223372036853101807
1, 1675, 0, 9223372036854775807, 0, 9223372036853100807
1, 1676, 0, 9223372036854775807, 0, 9223372036853099807
1, 1677, 0, 9223372036854775807, 0, 9223372036853098807
1, 1678, 0, 9223372036854775807, 0, 9223372036853097807
1, 1679, 0, 9223372036854775807, 0, 9223372036853096807
1, 168, 0, 9223372036854775807, 0, 9223372036854607807
1, 1680, 0, 9223372036854775807, 0, 9223372036853095807
1, 1681, 0, 9223372036854775807, 0, 9223372036853094807
1, 1682, 0, 9223372036854775807, 0, 9223372036853093807
1, 1683, 0, 9223372036854775807, 0, 9223372036853092807
1, 1684, 0, 9223372036854775807, 0, 9223372036853091807
1, 1685, 0, 9223372036854775807, 0, 9223372036853090807
1, 1686, 0, 9223372036854775807, 0, 9223372036853089807
1, 1687, 0, 9223372036854775807, 0, 9223372036853088807
1, 1688, 0, 9223372036854775807, 0, 9223372036853087807
1, 1689, 0, 9223372036854775807, 0, 9223372036853086807
1, 169, 0, 9223372036854775807, 0, 9223372036854606807
1, 1690, 0, 9223372036854775807, 0, 9223372036853085807
1, 1691, 0, 9223372036854775807, 0, 9223372036853084807
1, 1692, 0, 9223372036854775807, 0, 9223372036853083807
1, 1693, 0, 9223372036854775807, 0, 9223372036853082807
1, 1694, 0, 9223372036854775807, 0, 9223372036853081807
1, 1695, 0, 9223372036854775807, 0, 9223372036853080807
1, 1696, 0, 9223372036854775807, 0, 9223372036853079807
1, 1697, 0, 9223372036854775807, 0, 9223372036853078807
1, 1698, 0, 9223372036854775807, 0, 9223372036853077807
1, 1699, 0, 9223372036854775807, 0, 9223372036853076807
1, 17, 0, 9223372036854775807, 0, 9223372036854758807
1, 170, 0, 9223372036854775807, 0, 9223372036854605807
1, 1700, 0, 9223372036854775807, 0, 9223372036853075807
1, 1701, 0, 9223372036854775807, 0, 9223372036853074807
1, 1702, 0, 9223372036854775807, 0, 9223372036853073807
1, 1703, 0, 9223372036854775807, 0, 9223372036853072807
1, 1704, 0, 9223372036854775807, 0, 9223372036853071807
1, 1705, 0, 9223372036854775807, 0, 9223372036853070807
1, 1706, 0, 9223372036854775807, 0, 9223372036853069807
1, 1707, 0, 9223372036854775807, 0, 9223372036853068807
1, 1708, 0, 9223372036854775807, 0, 9223372036853067807
1, 1709, 0, 9223372036854775807, 0, 9223372036853066807
1, 171, 0, 9223372036854775807, 0, 9223372036854604807
1, 1710, 0, 9223372036854775807, 0, 9223372036853065807
1, 1711, 0, 9223372036854775807, 0, 9223372036853064807
1, 1712, 0, 9223372036854775807, 0, 9223372036853063807
1, 1713, 0, 9223372036854775807, 0, 9223372036853062807
1, 1714, 0, 9223372036854775807, 0, 9223372036853061807
1, 1715, 0, 9223372036854775807, 0, 9223372036853060807
1, 1716, 0, 9223372036854775807, 0, 9223372036853059807
1, 1717, 0, 9223372036854775807, 0, 9223372036853058807
1, 1718, 0, 9223372036854775807, 0, 9223372036853057807
1, 1719, 0, 9223372036854775807, 0, 9223372036853056807
1, 172, 0, 9223372036854775807, 0, 9223372036854603807
1, 1720, 0, 9223372036854775807, 0, 9223372036853055807
1, 1721, 0, 9223372036854775807, 0, 9223372036853054807
1, 1722, 0, 9223372036854775807, 0, 9223372036853053807
1, 1723, 0, 9223372036854775807, 0, 9223372036853052807
1, 1724, 0, 9223372036854775807, 0, 9223372036853051807
1, 1725, 0, 9223372036854775807, 0, 9223372036853050807
1, 1726, 0, 9223372036854775807, 0, 9223372036853049807
1, 1727, 0, 9223372036854775807, 0, 9223372036853048807
1, 1728, 0, 9223372036854775807, 0, 9223372036853047807
1, 1729, 0, 9223372036854775807, 0, 9223372036853046807
1, 173, 0, 9223372036854775807, 0, 9223372036854602807
1, 1730, 0, 9223372036854775807, 0, 9223372036853045807
1, 1731, 0, 9223372036854775807, 0, 9223372036853044807
1, 1732, 0, 9223372036854775807, 0, 9223372036853043807
1, 1733, 0, 9223372036854775807, 0, 9223372036853042807
1, 1734, 0, 9223372036854775807, 0, 9223372036853041807
1, 1735, 0, 9223372036854775807, 0, 9223372036853040807
1, 1736, 0, 9223372036854775807, 0, 9223372036853039807
1, 1737, 0, 9223372036854775807, 0, 9223372036853038807
1, 1738, 0, 9223372036854775807, 0, 9223372036853037807
1, 1739, 0, 9223372036854775807, 0, 9223372036853036807
1, 174, 0, 9223372036854775807, 0, 9223372036854601807
1, 1740, 0, 9223372036854775807, 0, 9223372036853035807
1, 1741, 0, 9223372036854775807, 0, 9223372036853034807
1, 1742, 0, 9223372036854775807, 0, 9223372036853033807
1, 1743, 0, 9223372036854775807, 0, 9223372036853032807
1, 1744, 0, 9223372036854775807, 0, 9223372036853031807
1, 1745, 0, 9223372036854775807, 0, 9223372036853030807
1, 1746, 0, 9223372036854775807, 0, 9223372036853029807
1, 1747, 0, 9223372036854775807, 0, 9223372036853028807
1, 1748, 0, 9223372036854775807, 0, 9223372036853027807
1, 1749, 0, 9223372036854775807, 0, 9223372036853026807
1, 175, 0, 9223372036854775807, 0, 9223372036854600807
1, 1750, 0, 9223372036854775807, 0, 9223372036853025807
1, 1751, 0, 9223372036854775807, 0, 9223372036853024807
1, 1752, 0, 9223372036854775807, 0, 9223372036853023807
1, 1753, 0, 9223372036854775807, 0, 9223372036853022807
1, 1754, 0, 9223372036854775807, 0, 9223372036853021807
1, 1755, 0, 9223372036854775807, 0, 9223372036853020807
1, 1756, 0, 9223372036854775807, 0, 9223372036853019807
1, 1757, 0, 9223372036854775807, 0, 9223372036853018807
1, 1758, 0, 9223372036854775807, 0, 9223372036853017807
1, 1759, 0, 9223372036854775807, 0, 9223372036853016807
1, 176, 0, 9223372036854775807, 0, 9223372036854599807
1, 1760, 0, 9223372036854775807, 0, 9223372036853015807
1, 1761, 0, 9223372036854775807, 0, 9223372036853014807
1, 1762, 0, 9223372036854775807, 0, 9223372036853013807
1, 1763, 0, 9223372036854775807, 0, 9223372036853012807
1, 1764, 0, 9223372036854775807, 0, 9223372036853011807
1, 1765, 0, 9223372036854775807, 0, 9223372036853010807
1, 1766, 0, 9223372036854775807, 0, 9223372036853009807
1, 1767, 0, 9223372036854775807, 0, 9223372036853008807
1, 1768, 0, 9223372036854775807, 0, 9223372036853007807
1, 1769, 0, 9223372036854775807, 0, 9223372036853006807
1, 177, 0, 9223372036854775807, 0, 9223372036854598807
1, 1770, 0, 9223372036854775807, 0, 9223372036853005807
1, 1771, 0, 9223372036854775807, 0, 9223372036853004807
1, 1772, 0, 9223372036854775807, 0, 9223372036853003807
1, 1773, 0, 9223372036854775807, 0, 9223372036853002807
1, 1774, 0, 9223372036854775807, 0, 9223372036853001807
1, 1775, 0, 9223372036854775807, 0, 9223372036853000807
1, 1776, 0, 9223372036854775807, 0, 9223372036852999807
1, 1777, 0, 9223372036854775807, 0, 9223372036852998807
1, 1778, 0, 9223372036854775807, 0, 9223372036852997807
1, 1779, 0, 9223372036854775807, 0, 9223372036852996807
1, 178, 0, 9223372036854775807, 0, 9223372036854597807
1, 1780, 0, 9223372036854775807, 0, 9223372036852995807
1, 1781, 0, 9223372036854775807, 0, 9223372036852994807
1, 1782, 0, 9223372036854775807, 0, 9223372036852993807
1, 1783, 0, 9223372036854775807, 0, 9223372036852992807
1, 1784, 0, 9223372036854775807, 0, 9223372036852991807
1, 1785, 0, 9223372036854775807, 0, 9223372036852990807
1, 1786, 0, 9223372036854775807, 0, 9223372036852989807
1, 1787, 0, 9223372036854775807, 0, 9223372036852988807
1, 1788, 0, 9223372036854775807, 0, 9223372036852987807
1, 1789, 0, 9223372036854775807, 0, 9223372036852986807
1, 179, 0, 9223372036854775807, 0, 9223372036854596807
1, 1790, 0, 9223372036854775807, 0, 9223372036852985807
1, 1791, 0, 9223372036854775807, 0, 9223372036852984807
1, 1792, 0, 9223372036854775807, 0, 9223372036852983807
1, 1793, 0, 9223372036854775807, 0, 9223372036852982807
1, 1794, 0, 9223372036854775807, 0, 9223372036852981807
1, 1795, 0, 9223372036854775807, 0, 9223372036852980807
1, 1796, 0, 9223372036854775807, 0, 9223372036852979807
1, 1797, 0, 9223372036854775807, 0, 9223372036852978807
1, 1798, 0, 9223372036854775807, 0, 9223372036852977807
1, 1799, 0, 9223372036854775807, 0, 9223372036852976807
1, 18, 0, 9223372036854775807, 0, 9223372036854757807
1, 180, 0, 9223372036854775807, 0, 9223372036854595807
1, 1800, 0, 9223372036854775807, 0, 9223372036852975807
1, 1801, 0, 9223372036854775807, 0, 9223372036852974807
1, 1802, 0, 9223372036854775807, 0, 9223372036852973807
1, 1803, 0, 9223372036854775807, 0, 9223372036852972807
1, 1804, 0, 9223372036854775807, 0, 9223372036852971807
1, 1805, 0, 9223372036854775807, 0, 9223372036852970807
1, 1806, 0, 9223372036854775807, 0, 9223372036852969807
1, 1807, 0, 9223372036854775807, 0, 9223372036852968807
1, 1808, 0, 9223372036854775807, 0, 9223372036852967807
1, 1809, 0, 9223372036854775807, 0, 9223372036852966807
1, 181, 0, 9223372036854775807, 0, 9223372036854594807
1, 1810, 0, 9223372036854775807, 0, 9223372036852965807
1, 1811, 0, 9223372036854775807, 0, 9223372036852964807
1, 1812, 0, 9223372036854775807, 0, 9223372036852963807
1, 1813, 0, 9223372036854775807, 0, 9223372036852962807
1, 1814, 0, 9223372036854775807, 0, 9223372036852961807
1, 1815, 0, 9223372036854775807, 0, 9223372036852960807
1, 1816, 0, 9223372036854775807, 0, 9223372036852959807
1, 1817, 0, 9223372036854775807, 0, 9223372036852958807
1, 1818, 0, 9223372036854775807, 0, 9223372036852957807
1, 1819, 0, 9223372036854775807, 0, 9223372036852956807
1, 182, 0, 9223372036854775807, 0, 9223372036854593807
1, 1820, 0, 9223372036854775807, 0, 9223372036852955807
1, 1821, 0, 9223372036854775807, 0, 9223372036852954807
1, 1822, 0, 9223372036854775807, 0, 9223372036852953807
1, 1823, 0, 9223372036854775807, 0, 9223372036852952807
1, 1824, 0, 9223372036854775807, 0, 9223372036852951807
1, 1825, 0, 9223372036854775807, 0, 9223372036852950807
1, 1826, 0, 9223372036854775807, 0, 9223372036852949807
1, 1827, 0, 9223372036854775807, 0, 9223372036852948807
1, 1828, 0, 9223372036854775807, 0, 9223372036852947807
1, 1829, 0, 9223372036854775807, 0, 9223372036852946807
1, 183, 0, 9223372036854775807, 0, 9223372036854592807
1, 1830, 0, 9223372036854775807, 0, 9223372036852945807
1, 1831, 0, 9223372036854775807, 0, 9223372036852944807
1, 1832, 0, 9223372036854775807, 0, 9223372036852943807
1, 1833, 0, 9223372036854775807, 0, 9223372036852942807
1, 1834, 0, 9223372036854775807, 0, 9223372036852941807
1, 1835, 0, 9223372036854775807, 0, 9223372036852940807
1, 1836, 0, 9223372036854775807, 0, 9223372036852939807
1, 1837, 0, 9223372036854775807, 0, 9223372036852938807
1, 1838, 0, 9223372036854775807, 0, 9223372036852937807
1, 1839, 0, 9223372036854775807, 0, 9223372036852936807
1, 184, 0, 9223372036854775807, 0, 9223372036854591807
1, 1840, 0, 9223372036854775807, 0, 9223372036852935807
1, 1841, 0, 9223372036854775807, 0, 9223372036852934807
1, 1842, 0, 9223372036854775807, 0, 9223372036852933807
1, 1843, 0, 9223372036854775807, 0, 9223372036852932807
1, 1844, 0, 9223372036854775807, 0, 9223372036852931807
1, 1845, 0, 9223372036854775807, 0, 9223372036852930807
1, 1846, 0, 9223372036854775807, 0, 9223372036852929807
1, 1847, 0, 9223372036854775807, 0, 9223372036852928807
1, 1848, 0, 9223372036854775807, 0, 9223372036852927807
1, 1849, 0, 9223372036854775807, 0, 9223372036852926807
1, 185, 0, 9223372036854775807, 0, 9223372036854590807
1, 1850, 0, 9223372036854775807, 0, 9223372036852925807
1, 1851, 0, 9223372036854775807, 0, 9223372036852924807
1, 1852, 0, 9223372036854775807, 0, 9223372036852923807
1, 1853, 0, 9223372036854775807, 0, 9223372036852922807
1, 1854, 0, 9223372036854775807, 0, 9223372036852921807
1, 1855, 0, 9223372036854775807, 0, 9223372036852920807
1, 1856, 0, 9223372036854775807, 0, 9223372036852919807
1, 1857, 0, 9223372036854775807, 0, 9223372036852918807
1, 1858, 0, 9223372036854775807, 0, 9223372036852917807
1, 1859, 0, 9223372036854775807, 0, 9223372036852916807
1, 186, 0, 9223372036854775807, 0, 9223372036854589807
1, 1860, 0, 9223372036854775807, 0, 9223372036852915807
1, 1861, 0, 9223372036854775807, 0, 9223372036852914807
1, 1862, 0, 9223372036854775807, 0, 9223372036852913807
1, 1863, 0, 9223372036854775807, 0, 9223372036852912807
1, 1864, 0, 9223372036854775807, 0, 9223372036852911807
1, 1865, 0, 9223372036854775807, 0, 9223372036852910807
1, 1866, 0, 9223372036854775807, 0, 9223372036852909807
1, 1867, 0, 9223372036854775807, 0, 9223372036852908807
1, 1868, 0, 9223372036854775807, 0, 9223372036852907807
1, 1869, 0, 9223372036854775807, 0, 9223372036852906807
1, 187, 0, 9223372036854775807, 0, 9223372036854588807
1, 1870, 0, 9223372036854775807, 0, 9223372036852905807
1, 1871, 0, 9223372036854775807, 0, 9223372036852904807
1, 1872, 0, 9223372036854775807, 0, 9223372036852903807
1, 1873, 0, 9223372036854775807, 0, 9223372036852902807
1, 1874, 0, 9223372036854775807, 0, 9223372036852901807
1, 1875, 0, 9223372036854775807, 0, 9223372036852900807
1, 1876, 0, 9223372036854775807, 0, 9223372036852899807
1, 1877, 0, 9223372036854775807, 0, 9223372036852898807
1, 1878, 0, 9223372036854775807, 0, 9223372036852897807
1, 1879, 0, 9223372036854775807, 0, 9223372036852896807
1, 188, 0, 9223372036854775807, 0, 9223372036854587807
1, 1880, 0, 9223372036854775807, 0, 9223372036852895807
1, 1881, 0, 9223372036854775807, 0, 9223372036852894807
1, 1882, 0, 9223372036854775807, 0, 9223372036852893807
1, 1883, 0, 9223372036854775807, 0, 9223372036852892807
1, 1884, 0, 9223372036854775807, 0, 9223372036852891807
1, 1885, 0, 9223372036854775807, 0, 9223372036852890807
1, 1886, 0, 9223372036854775807, 0, 9223372036852889807
1, 1887, 0, 9223372036854775807, 0, 9223372036852888807
1, 1888, 0, 9223372036854775807, 0, 9223372036852887807
1, 1889, 0, 9223372036854775807, 0, 9223372036852886807
1, 189, 0, 9223372036854775807, 0, 9223372036854586807
1, 1890, 0, 9223372036854775807, 0, 9223372036852885807
1, 1891, 0, 9223372036854775807, 0, 9223372036852884807
1, 1892, 0, 9223372036854775807, 0, 9223372036852883807
1, 1893, 0, 9223372036854775807, 0, 9223372036852882807
1, 1894, 0, 9223372036854775807, 0, 9223372036852881807
1, 1895, 0, 9223372036854775807, 0, 9223372036852880807
1, 1896, 0, 9223372036854775807, 0, 9223372036852879807
1, 1897, 0, 9223372036854775807, 0, 9223372036852878807
1, 1898, 0, 9223372036854775807, 0, 9223372036852877807
1, 1899, 0, 9223372036854775807, 0, 9223372036852876807
1, 19, 0, 9223372036854775807, 0, 9223372036854756807
1, 190, 0, 9223372036854775807, 0, 9223372036854585807
1, 1900, 0, 9223372036854775807, 0, 9223372036852875807
1, 1901, 0, 9223372036854775807, 0, 9223372036852874807
1, 1902, 0, 9223372036854775807, 0, 9223372036852873807
1, 1903, 0, 9223372036854775807, 0, 9223372036852872807
1, 1904, 0, 9223372036854775807, 0, 9223372036852871807
1, 1905, 0, 9223372036854775807, 0, 9223372036852870807
1, 1906, 0, 9223372036854775807, 0, 9223372036852869807
1, 1907, 0, 9223372036854775807, 0, 9223372036852868807
1, 1908, 0, 9223372036854775807, 0, 9223372036852867807
1, 1909, 0, 9223372036854775807, 0, 9223372036852866807
1, 191, 0, 9223372036854775807, 0, 9223372036854584807
1, 1910, 0, 9223372036854775807, 0, 9223372036852865807
1, 1911, 0, 9223372036854775807, 0, 9223372036852864807
1, 1912, 0, 9223372036854775807, 0, 9223372036852863807
1, 1913, 0, 9223372036854775807, 0, 9223372036852862807
1, 1914, 0, 9223372036854775807, 0, 9223372036852861807
1, 1915, 0, 9223372036854775807, 0, 9223372036852860807
1, 1916, 0, 9223372036854775807, 0, 9223372036852859807
1, 1917, 0, 9223372036854775807, 0, 9223372036852858807
1, 1918, 0, 9223372036854775807, 0, 9223372036852857807
1, 1919, 0, 9223372036854775807, 0, 9223372036852856807
1, 192, 0, 9223372036854775807, 0, 9223372036854583807
1, 1920, 0, 9223372036854775807, 0, 9223372036852855807
1, 1921, 0, 9223372036854775807, 0, 9223372036852854807
1, 1922, 0, 9223372036854775807, 0, 9223372036852853807
1, 1923, 0, 9223372036854775807, 0, 9223372036852852807
1, 1924, 0, 9223372036854775807, 0, 9223372036852851807
1, 1925, 0, 9223372036854775807, 0, 9223372036852850807
1, 1926, 0, 9223372036854775807, 0, 9223372036852849807
1, 1927, 0, 9223372036854775807, 0, 9223372036852848807
1, 1928, 0, 9223372036854775807, 0, 9223372036852847807
1, 1929, 0, 9223372036854775807, 0, 9223372036852846807
1, 193, 0, 9223372036854775807, 0, 9223372036854582807
1, 1930, 0, 9223372036854775807, 0, 9223372036852845807
1, 1931, 0, 9223372036854775807, 0, 9223372036852844807
1, 1932, 0, 9223372036854775807, 0, 9223372036852843807
1, 1933, 0, 9223372036854775807, 0, 9223372036852842807
1, 1934, 0, 9223372036854775807, 0, 9223372036852841807
1, 1935, 0, 9223372036854775807, 0, 9223372036852840807
1, 1936, 0, 9223372036854775807, 0, 9223372036852839807
1, 1937, 0, 9223372036854775807, 0, 9223372036852838807
1, 1938, 0, 9223372036854775807, 0, 9223372036852837807
1, 1939, 0, 9223372036854775807, 0, 9223372036852836807
1, 194, 0, 9223372036854775807, 0, 9223372036854581807
1, 1940, 0, 9223372036854775807, 0, 9223372036852835807
1, 1941, 0, 9223372036854775807, 0, 9223372036852834807
1, 1942, 0, 9223372036854775807, 0, 9223372036852833807
1, 1943, 0, 9223372036854775807, 0, 9223372036852832807
1, 1944, 0, 9223372036854775807, 0, 9223372036852831807
1, 1945, 0, 9223372036854775807, 0, 9223372036852830807
1, 1946, 0, 9223372036854775807, 0, 9223372036852829807
1, 1947, 0, 9223372036854775807, 0, 9223372036852828807
1, 1948, 0, 9223372036854775807, 0, 9223372036852827807
1, 1949, 0, 9223372036854775807, 0, 9223372036852826807
1, 195, 0, 9223372036854775807, 0, 9223372036854580807
1, 1950, 0, 9223372036854775807, 0, 9223372036852825807
1, 1951, 0, 9223372036854775807, 0, 9223372036852824807
1, 1952, 0, 9223372036854775807, 0, 9223372036852823807
1, 1953, 0, 9223372036854775807, 0, 9223372036852822807
1, 1954, 0, 9223372036854775807, 0, 9223372036852821807
1, 1955, 0, 9223372036854775807, 0, 9223372036852820807
1, 1956, 0, 9223372036854775807, 0, 9223372036852819807
1, 1957, 0, 9223372036854775807, 0, 9223372036852818807
1, 1958, 0, 9223372036854775807, 0, 9223372036852817807
1, 1959, 0, 9223372036854775807, 0, 9223372036852816807
1, 196, 0, 9223372036854775807, 0, 9223372036854579807
1, 1960, 0, 9223372036854775807, 0, 9223372036852815807
1, 1961, 0, 9223372036854775807, 0, 9223372036852814807
1, 1962, 0, 9223372036854775807, 0, 9223372036852813807
1, 1963, 0, 9223372036854775807, 0, 9223372036852812807
1, 1964, 0, 9223372036854775807, 0, 9223372036852811807
1, 1965, 0, 9223372036854775807, 0, 9223372036852810807
1, 1966, 0, 9223372036854775807, 0, 9223372036852809807
1, 1967, 0, 9223372036854775807, 0, 9223372036852808807
1, 1968, 0, 9223372036854775807, 0, 9223372036852807807
1, 1969, 0, 9223372036854775807, 0, 9223372036852806807
1, 197, 0, 9223372036854775807, 0, 9223372036854578807
1, 1970, 0, 9223372036854775807, 0, 9223372036852805807
1, 1971, 0, 9223372036854775807, 0, 9223372036852804807
1, 1972, 0, 9223372036854775807, 0, 9223372036852803807
1, 1973, 0, 9223372036854775807, 0, 9223372036852802807
1, 1974, 0, 9223372036854775807, 0, 9223372036852801807
1, 1975, 0, 9223372036854775807, 0, 9223372036852800807
1, 1976, 0, 9223372036854775807, 0, 9223372036852799807
1, 1977, 0, 9223372036854775807, 0, 9223372036852798807
1, 1978, 0, 9223372036854775807, 0, 9223372036852797807
1, 1979, 0, 9223372036854775807, 0, 9223372036852796807
1, 198, 0, 9223372036854775807, 0, 9223372036854577807
1, 1980, 0, 9223372036854775807, 0, 9223372036852795807
1, 1981, 0, 9223372036854775807, 0, 9223372036852794807
1, 1982, 0, 9223372036854775807, 0, 9223372036852793807
1, 1983, 0, 9223372036854775807, 0, 9223372036852792807
1, 1984, 0, 9223372036854775807, 0, 9223372036852791807
1, 1985, 0, 9223372036854775807, 0, 9223372036852790807
1, 1986, 0, 9223372036854775807, 0, 9223372036852789807
1, 1987, 0, 9223372036854775807, 0, 9223372036852788807
1, 1988, 0, 9223372036854775807, 0, 9223372036852787807
1, 1989, 0, 9223372036854775807, 0, 9223372036852786807
1, 199, 0, 9223372036854775807, 0, 9223372036854576807
1, 1990, 0, 9223372036854775807, 0, 9223372036852785807
1, 1991, 0, 9223372036854775807, 0, 9223372036852784807
1, 1992, 0, 9223372036854775807, 0, 9223372036852783807
1, 1993, 0, 9223372036854775807, 0, 9223372036852782807
1, 1994, 0, 9223372036854775807, 0, 9223372036852781807
1, 1995, 0, 9223372036854775807, 0, 9223372036852780807
1, 1996, 0, 9223372036854775807, 0, 9223372036852779807
1, 1997, 0, 9223372036854775807, 0, 9223372036852778807
1, 1998, 0, 9223372036854775807, 0, 9223372036852777807
1, 1999, 0, 9223372036854775807, 0, 9223372036852776807
1, 2, 0, 9223372036854775807, 0, 9223372036854773807
1, 20, 0, 9223372036854775807, 0, 9223372036854755807
1, 200, 0, 9223372036854775807, 0, 9223372036854575807
1, 2000, 0, 9223372036854775807, 0, 9223372036852775807
1, 2001, 0, 9223372036854775807, 0, 9223372036852774807
1, 2002, 0, 9223372036854775807, 0, 9223372036852773807
1, 2003, 0, 9223372036854775807, 0, 9223372036852772807
1, 2004, 0, 9223372036854775807, 0, 9223372036852771807
1, 2005, 0, 9223372036854775807, 0, 9223372036852770807
1, 2006, 0, 9223372036854775807, 0, 9223372036852769807
1, 2007, 0, 9223372036854775807, 0, 9223372036852768807
1, 2008, 0, 9223372036854775807, 0, 9223372036852767807
1, 2009, 0, 9223372036854775807, 0, 9223372036852766807
1, 201, 0, 9223372036854775807, 0, 9223372036854574807
1, 2010, 0, 9223372036854775807, 0, 9223372036852765807
1, 2011, 0, 9223372036854775807, 0, 9223372036852764807
1, 2012, 0, 9223372036854775807, 0, 9223372036852763807
1, 2013, 0, 9223372036854775807, 0, 9223372036852762807
1, 2014, 0, 9223372036854775807, 0, 9223372036852761807
1, 2015, 0, 9223372036854775807, 0, 9223372036852760807
1, 2016, 0, 9223372036854775807, 0, 9223372036852759807
1, 2017, 0, 9223372036854775807, 0, 9223372036852758807
1, 2018, 0, 9223372036854775807, 0, 9223372036852757807
1, 2019, 0, 9223372036854775807, 0, 9223372036852756807
1, 202, 0, 9223372036854775807, 0, 9223372036854573807
1, 2020, 0, 9223372036854775807, 0, 9223372036852755807
1, 2021, 0, 9223372036854775807, 0, 9223372036852754807
1, 2022, 0, 9223372036854775807, 0, 9223372036852753807
1, 2023, 0, 9223372036854775807, 0, 9223372036852752807
1, 2024, 0, 9223372036854775807, 0, 9223372036852751807
1, 2025, 0, 9223372036854775807, 0, 9223372036852750807
1, 2026, 0, 9223372036854775807, 0, 9223372036852749807
1, 2027, 0, 9223372036854775807, 0, 9223372036852748807
1, 2028, 0, 9223372036854775807, 0, 9223372036852747807
1, 2029, 0, 9223372036854775807, 0, 9223372036852746807
1, 203, 0, 9223372036854775807, 0, 9223372036854572807
1, 2030, 0, 9223372036854775807, 0, 9223372036852745807
1, 2031, 0, 9223372036854775807, 0, 9223372036852744807
1, 2032, 0, 9223372036854775807, 0, 9223372036852743807
1, 2033, 0, 9223372036854775807, 0, 9223372036852742807
1, 2034, 0, 9223372036854775807, 0, 9223372036852741807
1, 2035, 0, 9223372036854775807, 0, 9223372036852740807
1, 2036, 0, 9223372036854775807, 0, 9223372036852739807
1, 2037, 0, 9223372036854775807, 0, 9223372036852738807
1, 2038, 0, 9223372036854775807, 0, 9223372036852737807
1, 2039, 0, 9223372036854775807, 0, 9223372036852736807
1, 204, 0, 9223372036854775807, 0, 9223372036854571807
1, 2040, 0, 9223372036854775807, 0, 9223372036852735807
1, 2041, 0, 9223372036854775807, 0, 9223372036852734807
1, 2042, 0, 9223372036854775807, 0, 9223372036852733807
1, 2043, 0, 9223372036854775807, 0, 9223372036852732807
1, 2044, 0, 9223372036854775807, 0, 9223372036852731807
1, 2045, 0, 9223372036854775807, 0, 9223372036852730807
1, 2046, 0, 9223372036854775807, 0, 9223372036852729807
1, 2047, 0, 9223372036854775807, 0, 9223372036852728807
1, 2048, 0, 9223372036854775807, 0, 9223372036852727807
1, 2049, 0, 9223372036854775807, 0, 9223372036852726807
1, 205, 0, 9223372036854775807, 0, 9223372036854570807
1, 2050, 0, 9223372036854775807, 0, 9223372036852725807
1, 2051, 0, 9223372036854775807, 0, 9223372036852724807
1, 2052, 0, 9223372036854775807, 0, 9223372036852723807
1, 2053, 0, 9223372036854775807, 0, 9223372036852722807
1, 2054, 0, 9223372036854775807, 0, 9223372036852721807
1, 2055, 0, 9223372036854775807, 0, 9223372036852720807
1, 2056, 0, 9223372036854775807, 0, 9223372036852719807
1, 2057, 0, 9223372036854775807, 0, 9223372036852718807
1, 2058, 0, 9223372036854775807, 0, 9223372036852717807
1, 2059, 0, 9223372036854775807, 0, 9223372036852716807
1, 206, 0, 9223372036854775807, 0, 9223372036854569807
1, 2060, 0, 9223372036854775807, 0, 9223372036852715807
1, 2061, 0, 9223372036854775807, 0, 9223372036852714807
1, 2062, 0, 9223372036854775807, 0, 9223372036852713807
1, 2063, 0, 9223372036854775807, 0, 9223372036852712807
1, 2064, 0, 9223372036854775807, 0, 9223372036852711807
1, 2065, 0, 9223372036854775807, 0, 9223372036852710807
1, 2066, 0, 9223372036854775807, 0, 9223372036852709807
1, 2067, 0, 9223372036854775807, 0, 9223372036852708807
1, 2068, 0, 9223372036854775807, 0, 9223372036852707807
1, 2069, 0, 9223372036854775807, 0, 9223372036852706807
1, 207, 0, 9223372036854775807, 0, 9223372036854568807
1, 2070, 0, 9223372036854775807, 0, 9223372036852705807
1, 2071, 0, 9223372036854775807, 0, 9223372036852704807
1, 2072, 0, 9223372036854775807, 0, 9223372036852703807
1, 2073, 0, 9223372036854775807, 0, 9223372036852702807
1, 2074, 0, 9223372036854775807, 0, 9223372036852701807
1, 2075, 0, 9223372036854775807, 0, 9223372036852700807
1, 2076, 0, 9223372036854775807, 0, 9223372036852699807
1, 2077, 0, 9223372036854775807, 0, 9223372036852698807
1, 2078, 0, 9223372036854775807, 0, 9223372036852697807
1, 2079, 0, 9223372036854775807, 0, 9223372036852696807
1, 208, 0, 9223372036854775807, 0, 9223372036854567807
1, 2080, 0, 9223372036854775807, 0, 9223372036852695807
1, 2081, 0, 9223372036854775807, 0, 9223372036852694807
1, 2082, 0, 9223372036854775807, 0, 9223372036852693807
1, 2083, 0, 9223372036854775807, 0, 9223372036852692807
1, 2084, 0, 9223372036854775807, 0, 9223372036852691807
1, 2085, 0, 9223372036854775807, 0, 9223372036852690807
1, 2086, 0, 9223372036854775807, 0, 9223372036852689807
1, 2087, 0, 9223372036854775807, 0, 9223372036852688807
1, 2088, 0, 9223372036854775807, 0, 9223372036852687807
1, 2089, 0, 9223372036854775807, 0, 9223372036852686807
1, 209, 0, 9223372036854775807, 0, 9223372036854566807
1, 2090, 0, 9223372036854775807, 0, 9223372036852685807
1, 2091, 0, 9223372036854775807, 0, 9223372036852684807
1, 2092, 0, 9223372036854775807, 0, 9223372036852683807
1, 2093, 0, 9223372036854775807, 0, 9223372036852682807
1, 2094, 0, 9223372036854775807, 0, 9223372036852681807
1, 2095, 0, 9223372036854775807, 0, 9223372036852680807
1, 2096, 0, 9223372036854775807, 0, 9223372036852679807
1, 2097, 0, 9223372036854775807, 0, 9223372036852678807
1, 2098, 0, 9223372036854775807, 0, 9223372036852677807
1, 2099, 0, 9223372036854775807, 0, 9223372036852676807
1, 21, 0, 9223372036854775807, 0, 9223372036854754807
1, 210, 0, 9223372036854775807, 0, 9223372036854565807
1, 2100, 0, 9223372036854775807, 0, 9223372036852675807
1, 2101, 0, 9223372036854775807, 0, 9223372036852674807
1, 2102, 0, 9223372036854775807, 0, 9223372036852673807
1, 2103, 0, 9223372036854775807, 0, 9223372036852672807
1, 2104, 0, 9223372036854775807, 0, 9223372036852671807
1, 2105, 0, 9223372036854775807, 0, 9223372036852670807
1, 2106, 0, 9223372036854775807, 0, 9223372036852669807
1, 2107, 0, 9223372036854775807, 0, 9223372036852668807
1, 2108, 0, 9223372036854775807, 0, 9223372036852667807
1, 2109, 0, 9223372036854775807, 0, 9223372036852666807
1, 211, 0, 9223372036854775807, 0, 9223372036854564807
1, 2110, 0, 9223372036854775807, 0, 9223372036852665807
1, 2111, 0, 9223372036854775807, 0, 9223372036852664807
1, 2112, 0, 9223372036854775807, 0, 9223372036852663807
1, 2113, 0, 9223372036854775807, 0, 9223372036852662807
1, 2114, 0, 9223372036854775807, 0, 9223372036852661807
1, 2115, 0, 9223372036854775807, 0, 9223372036852660807
1, 2116, 0, 9223372036854775807, 0, 9223372036852659807
1, 2117, 0, 9223372036854775807, 0, 9223372036852658807
1, 2118, 0, 9223372036854775807, 0, 9223372036852657807
1, 2119, 0, 9223372036854775807, 0, 9223372036852656807
1, 212, 0, 9223372036854775807, 0, 9223372036854563807
1, 2120, 0, 9223372036854775807, 0, 9223372036852655807
1, 2121, 0, 9223372036854775807, 0, 9223372036852654807
1, 2122, 0, 9223372036854775807, 0, 9223372036852653807
1, 2123, 0, 9223372036854775807, 0, 9223372036852652807
1, 2124, 0, 9223372036854775807, 0, 9223372036852651807
1, 2125, 0, 9223372036854775807, 0, 9223372036852650807
1, 2126, 0, 9223372036854775807, 0, 9223372036852649807
1, 2127, 0, 9223372036854775807, 0, 9223372036852648807
1, 2128, 0, 9223372036854775807, 0, 9223372036852647807
1, 2129, 0, 9223372036854775807, 0, 9223372036852646807
1, 213, 0, 9223372036854775807, 0, 9223372036854562807
1, 2130, 0, 9223372036854775807, 0, 9223372036852645807
1, 2131, 0, 9223372036854775807, 0, 9223372036852644807
1, 2132, 0, 9223372036854775807, 0, 9223372036852643807
1, 2133, 0, 9223372036854775807, 0, 9223372036852642807
1, 2134, 0, 9223372036854775807, 0, 9223372036852641807
1, 2135, 0, 9223372036854775807, 0, 9223372036852640807
1, 2136, 0, 9223372036854775807, 0, 9223372036852639807
1, 2137, 0, 9223372036854775807, 0, 9223372036852638807
1, 2138, 0, 9223372036854775807, 0, 9223372036852637807
1, 2139, 0, 9223372036854775807, 0, 9223372036852636807
1, 214, 0, 9223372036854775807, 0, 9223372036854561807
1, 2140, 0, 9223372036854775807, 0, 9223372036852635807
1, 2141, 0, 9223372036854775807, 0, 9223372036852634807
1, 2142, 0, 9223372036854775807, 0, 9223372036852633807
1, 2143, 0, 9223372036854775807, 0, 9223372036852632807
1, 2144, 0, 9223372036854775807, 0, 9223372036852631807
1, 2145, 0, 9223372036854775807, 0, 9223372036852630807
1, 2146, 0, 9223372036854775807, 0, 9223372036852629807
1, 2147, 0, 9223372036854775807, 0, 9223372036852628807
1, 2148, 0, 9223372036854775807, 0, 9223372036852627807
1, 2149, 0, 9223372036854775807, 0, 9223372036852626807
1, 215, 0, 9223372036854775807, 0, 9223372036854560807
1, 2150, 0, 9223372036854775807, 0, 9223372036852625807
1, 2151, 0, 9223372036854775807, 0, 9223372036852624807
1, 2152, 0, 9223372036854775807, 0, 9223372036852623807
1, 2153, 0, 9223372036854775807, 0, 9223372036852622807
1, 2154, 0, 9223372036854775807, 0, 9223372036852621807
1, 2155, 0, 9223372036854775807, 0, 9223372036852620807
1, 2156, 0, 9223372036854775807, 0, 9223372036852619807
1, 2157, 0, 9223372036854775807, 0, 9223372036852618807
1, 2158, 0, 9223372036854775807, 0, 9223372036852617807
1, 2159, 0, 9223372036854775807, 0, 9223372036852616807
1, 216, 0, 9223372036854775807, 0, 9223372036854559807
1, 2160, 0, 9223372036854775807, 0, 9223372036852615807
1, 2161, 0, 9223372036854775807, 0, 9223372036852614807
1, 2162, 0, 9223372036854775807, 0, 9223372036852613807
1, 2163, 0, 9223372036854775807, 0, 9223372036852612807
1, 2164, 0, 9223372036854775807, 0, 9223372036852611807
1, 2165, 0, 9223372036854775807, 0, 9223372036852610807
1, 2166, 0, 9223372036854775807, 0, 9223372036852609807
1, 2167, 0, 9223372036854775807, 0, 9223372036852608807
1, 2168, 0, 9223372036854775807, 0, 9223372036852607807
1, 2169, 0, 9223372036854775807, 0, 9223372036852606807
1, 217, 0, 9223372036854775807, 0, 9223372036854558807
1, 2170, 0, 9223372036854775807, 0, 9223372036852605807
1, 2171, 0, 9223372036854775807, 0, 9223372036852604807
1, 2172, 0, 9223372036854775807, 0, 9223372036852603807
1, 2173, 0, 9223372036854775807, 0, 9223372036852602807
1, 2174, 0, 9223372036854775807, 0, 9223372036852601807
1, 2175, 0, 9223372036854775807, 0, 9223372036852600807
1, 2176, 0, 9223372036854775807, 0, 9223372036852599807
1, 2177, 0, 9223372036854775807, 0, 9223372036852598807
1, 2178, 0, 9223372036854775807, 0, 9223372036852597807
1, 2179, 0, 9223372036854775807, 0, 9223372036852596807
1, 218, 0, 9223372036854775807, 0, 9223372036854557807
1, 2180, 0, 9223372036854775807, 0, 9223372036852595807
1, 2181, 0, 9223372036854775807, 0, 9223372036852594807
1, 2182, 0, 9223372036854775807, 0, 9223372036852593807
1, 2183, 0, 9223372036854775807, 0, 9223372036852592807
1, 2184, 0, 9223372036854775807, 0, 9223372036852591807
1, 2185, 0, 9223372036854775807, 0, 9223372036852590807
1, 2186, 0, 9223372036854775807, 0, 9223372036852589807
1, 2187, 0, 9223372036854775807, 0, 9223372036852588807
1, 2188, 0, 9223372036854775807, 0, 9223372036852587807
1, 2189, 0, 9223372036854775807, 0, 9223372036852586807
1, 219, 0, 9223372036854775807, 0, 9223372036854556807
1, 2190, 0, 9223372036854775807, 0, 9223372036852585807
1, 2191, 0, 9223372036854775807, 0, 9223372036852584807
1, 2192, 0, 9223372036854775807, 0, 9223372036852583807
1, 2193, 0, 9223372036854775807, 0, 9223372036852582807
1, 2194, 0, 9223372036854775807, 0, 9223372036852581807
1, 2195, 0, 9223372036854775807, 0, 9223372036852580807
1, 2196, 0, 9223372036854775807, 0, 9223372036852579807
1, 2197, 0, 9223372036854775807, 0, 9223372036852578807
1, 2198, 0, 9223372036854775807, 0, 9223372036852577807
1, 2199, 0, 9223372036854775807, 0, 9223372036852576807
1, 22, 0, 9223372036854775807, 0, 9223372036854753807
1, 220, 0, 9223372036854775807, 0, 9223372036854555807
1, 2200, 0, 9223372036854775807, 0, 9223372036852575807
1, 2201, 0, 9223372036854775807, 0, 9223372036852574807
1, 2202, 0, 9223372036854775807, 0, 9223372036852573807
1, 2203, 0, 9223372036854775807, 0, 9223372036852572807
1, 2204, 0, 9223372036854775807, 0, 9223372036852571807
1, 2205, 0, 9223372036854775807, 0, 9223372036852570807
1, 2206, 0, 9223372036854775807, 0, 9223372036852569807
1, 2207, 0, 9223372036854775807, 0, 9223372036852568807
1, 2208, 0, 9223372036854775807, 0, 9223372036852567807
1, 2209, 0, 9223372036854775807, 0, 9223372036852566807
1, 221, 0, 9223372036854775807, 0, 9223372036854554807
1, 2210, 0, 9223372036854775807, 0, 9223372036852565807
1, 2211, 0, 9223372036854775807, 0, 9223372036852564807
1, 2212, 0, 9223372036854775807, 0, 9223372036852563807
1, 2213, 0, 9223372036854775807, 0, 9223372036852562807
1, 2214, 0, 9223372036854775807, 0, 9223372036852561807
1, 2215, 0, 9223372036854775807, 0, 9223372036852560807
1, 2216, 0, 9223372036854775807, 0, 9223372036852559807
1, 2217, 0, 9223372036854775807, 0, 9223372036852558807
1, 2218, 0, 9223372036854775807, 0, 9223372036852557807
1, 2219, 0, 9223372036854775807, 0, 9223372036852556807
1, 222, 0, 9223372036854775807, 0, 9223372036854553807
1, 2220, 0, 9223372036854775807, 0, 9223372036852555807
1, 2221, 0, 9223372036854775807, 0, 9223372036852554807
1, 2222, 0, 9223372036854775807, 0, 9223372036852553807
1, 2223, 0, 9223372036854775807, 0, 9223372036852552807
1, 2224, 0, 9223372036854775807, 0, 9223372036852551807
1, 2225, 0, 9223372036854775807, 0, 9223372036852550807
1, 2226, 0, 9223372036854775807, 0, 9223372036852549807
1, 2227, 0, 9223372036854775807, 0, 9223372036852548807
1, 2228, 0, 9223372036854775807, 0, 9223372036852547807
1, 2229, 0, 9223372036854775807, 0, 9223372036852546807
1, 223, 0, 9223372036854775807, 0, 9223372036854552807
1, 2230, 0, 9223372036854775807, 0, 9223372036852545807
1, 2231, 0, 9223372036854775807, 0, 9223372036852544807
1, 2232, 0, 9223372036854775807, 0, 9223372036852543807
1, 2233, 0, 9223372036854775807, 0, 9223372036852542807
1, 2234, 0, 9223372036854775807, 0, 9223372036852541807
1, 2235, 0, 9223372036854775807, 0, 9223372036852540807
1, 2236, 0, 9223372036854775807, 0, 9223372036852539807
1, 2237, 0, 9223372036854775807, 0, 9223372036852538807
1, 2238, 0, 9223372036854775807, 0, 9223372036852537807
1, 2239, 0, 9223372036854775807, 0, 9223372036852536807
1, 224, 0, 9223372036854775807, 0, 9223372036854551807
1, 2240, 0, 9223372036854775807, 0, 9223372036852535807
1, 2241, 0, 9223372036854775807, 0, 9223372036852534807
1, 2242, 0, 9223372036854775807, 0, 9223372036852533807
1, 2243, 0, 9223372036854775807, 0, 9223372036852532807
1, 2244, 0, 9223372036854775807, 0, 9223372036852531807
1, 2245, 0, 9223372036854775807, 0, 9223372036852530807
1, 2246, 0, 9223372036854775807, 0, 9223372036852529807
1, 2247, 0, 9223372036854775807, 0, 9223372036852528807
1, 2248, 0, 9223372036854775807, 0, 9223372036852527807
1, 2249, 0, 9223372036854775807, 0, 9223372036852526807
1, 225, 0, 9223372036854775807, 0, 9223372036854550807
1, 2250, 0, 9223372036854775807, 0, 9223372036852525807
1, 2251, 0, 9223372036854775807, 0, 9223372036852524807
1, 2252, 0, 9223372036854775807, 0, 9223372036852523807
1, 2253, 0, 9223372036854775807, 0, 9223372036852522807
1, 2254, 0, 9223372036854775807, 0, 9223372036852521807
1, 2255, 0, 9223372036854775807, 0, 9223372036852520807
1, 2256, 0, 9223372036854775807, 0, 9223372036852519807
1, 2257, 0, 9223372036854775807, 0, 9223372036852518807
1, 2258, 0, 9223372036854775807, 0, 9223372036852517807
1, 2259, 0, 9223372036854775807, 0, 9223372036852516807
1, 226, 0, 9223372036854775807, 0, 9223372036854549807
1, 2260, 0, 9223372036854775807, 0, 9223372036852515807
1, 2261, 0, 9223372036854775807, 0, 9223372036852514807
1, 2262, 0, 9223372036854775807, 0, 9223372036852513807
1, 2263, 0, 9223372036854775807, 0, 9223372036852512807
1, 2264, 0, 9223372036854775807, 0, 9223372036852511807
1, 2265, 0, 9223372036854775807, 0, 9223372036852510807
1, 2266, 0, 9223372036854775807, 0, 9223372036852509807
1, 2267, 0, 9223372036854775807, 0, 9223372036852508807
1, 2268, 0, 9223372036854775807, 0, 9223372036852507807
1, 2269, 0, 9223372036854775807, 0, 9223372036852506807
1, 227, 0, 9223372036854775807, 0, 9223372036854548807
1, 2270, 0, 9223372036854775807, 0, 9223372036852505807
1, 2271, 0, 9223372036854775807, 0, 9223372036852504807
1, 2272, 0, 9223372036854775807, 0, 9223372036852503807
1, 2273, 0, 9223372036854775807, 0, 9223372036852502807
1, 2274, 0, 9223372036854775807, 0, 9223372036852501807
1, 2275, 0, 9223372036854775807, 0, 9223372036852500807
1, 2276, 0, 9223372036854775807, 0, 9223372036852499807
1, 2277, 0, 9223372036854775807, 0, 9223372036852498807
1, 2278, 0, 9223372036854775807, 0, 9223372036852497807
1, 2279, 0, 9223372036854775807, 0, 9223372036852496807
1, 228, 0, 9223372036854775807, 0, 9223372036854547807
1, 2280, 0, 9223372036854775807, 0, 9223372036852495807
1, 2281, 0, 9223372036854775807, 0, 9223372036852494807
1, 2282, 0, 9223372036854775807, 0, 9223372036852493807
1, 2283, 0, 9223372036854775807, 0, 9223372036852492807
1, 2284, 0, 9223372036854775807, 0, 9223372036852491807
1, 2285, 0, 9223372036854775807, 0, 9223372036852490807
1, 2286, 0, 9223372036854775807, 0, 9223372036852489807
1, 2287, 0, 9223372036854775807, 0, 9223372036852488807
1, 2288, 0, 9223372036854775807, 0, 9223372036852487807
1, 2289, 0, 9223372036854775807, 0, 9223372036852486807
1, 229, 0, 9223372036854775807, 0, 9223372036854546807
1, 2290, 0, 9223372036854775807, 0, 9223372036852485807
1, 2291, 0, 9223372036854775807, 0, 9223372036852484807
1, 2292, 0, 9223372036854775807, 0, 9223372036852483807
1, 2293, 0, 9223372036854775807, 0, 9223372036852482807
1, 2294, 0, 9223372036854775807, 0, 9223372036852481807
1, 2295, 0, 9223372036854775807, 0, 9223372036852480807
1, 2296, 0, 9223372036854775807, 0, 9223372036852479807
1, 2297, 0, 9223372036854775807, 0, 9223372036852478807
1, 2298, 0, 9223372036854775807, 0, 9223372036852477807
1, 2299, 0, 9223372036854775807, 0, 9223372036852476807
1, 23, 0, 9223372036854775807, 0, 9223372036854752807
1, 230, 0, 9223372036854775807, 0, 9223372036854545807
1, 2300, 0, 9223372036854775807, 0, 9223372036852475807
1, 2301, 0, 9223372036854775807, 0, 9223372036852474807
1, 2302, 0, 9223372036854775807, 0, 9223372036852473807
1, 2303, 0, 9223372036854775807, 0, 9223372036852472807
1, 2304, 0, 9223372036854775807, 0, 9223372036852471807
1, 2305, 0, 9223372036854775807, 0, 9223372036852470807
1, 2306, 0, 9223372036854775807, 0, 9223372036852469807
1, 2307, 0, 9223372036854775807, 0, 9223372036852468807
1, 2308, 0, 9223372036854775807, 0, 9223372036852467807
1, 2309, 0, 9223372036854775807, 0, 9223372036852466807
1, 231, 0, 9223372036854775807, 0, 9223372036854544807
1, 2310, 0, 9223372036854775807, 0, 9223372036852465807
1, 2311, 0, 9223372036854775807, 0, 9223372036852464807
1, 2312, 0, 9223372036854775807, 0, 9223372036852463807
1, 2313, 0, 9223372036854775807, 0, 9223372036852462807
1, 2314, 0, 9223372036854775807, 0, 9223372036852461807
1, 2315, 0, 9223372036854775807, 0, 9223372036852460807
1, 2316, 0, 9223372036854775807, 0, 9223372036852459807
1, 2317, 0, 9223372036854775807, 0, 9223372036852458807
1, 2318, 0, 9223372036854775807, 0, 9223372036852457807
1, 2319, 0, 9223372036854775807, 0, 9223372036852456807
1, 232, 0, 9223372036854775807, 0, 9223372036854543807
1, 2320, 0, 9223372036854775807, 0, 9223372036852455807
1, 2321, 0, 9223372036854775807, 0, 9223372036852454807
1, 2322, 0, 9223372036854775807, 0, 9223372036852453807
1, 2323, 0, 9223372036854775807, 0, 9223372036852452807
1, 2324, 0, 9223372036854775807, 0, 9223372036852451807
1, 2325, 0, 9223372036854775807, 0, 9223372036852450807
1, 2326, 0, 9223372036854775807, 0, 9223372036852449807
1, 2327, 0, 9223372036854775807, 0, 9223372036852448807
1, 2328, 0, 9223372036854775807, 0, 9223372036852447807
1, 2329, 0, 9223372036854775807, 0, 9223372036852446807
1, 233, 0, 9223372036854775807, 0, 9223372036854542807
1, 2330, 0, 9223372036854775807, 0, 9223372036852445807
1, 2331, 0, 9223372036854775807, 0, 9223372036852444807
1, 2332, 0, 9223372036854775807, 0, 9223372036852443807
1, 2333, 0, 9223372036854775807, 0, 9223372036852442807
1, 2334, 0, 9223372036854775807, 0, 9223372036852441807
1, 2335, 0, 9223372036854775807, 0, 9223372036852440807
1, 2336, 0, 9223372036854775807, 0, 9223372036852439807
1, 2337, 0, 9223372036854775807, 0, 9223372036852438807
1, 2338, 0, 9223372036854775807, 0, 9223372036852437807
1, 2339, 0, 9223372036854775807, 0, 9223372036852436807
1, 234, 0, 9223372036854775807, 0, 9223372036854541807
1, 2340, 0, 9223372036854775807, 0, 9223372036852435807
1, 2341, 0, 9223372036854775807, 0, 9223372036852434807
1, 2342, 0, 9223372036854775807, 0, 9223372036852433807
1, 2343, 0, 9223372036854775807, 0, 9223372036852432807
1, 2344, 0, 9223372036854775807, 0, 9223372036852431807
1, 2345, 0, 9223372036854775807, 0, 9223372036852430807
1, 2346, 0, 9223372036854775807, 0, 9223372036852429807
1, 2347, 0, 9223372036854775807, 0, 9223372036852428807
1, 2348, 0, 9223372036854775807, 0, 9223372036852427807
1, 2349, 0, 9223372036854775807, 0, 9223372036852426807
1, 235, 0, 9223372036854775807, 0, 9223372036854540807
1, 2350, 0, 9223372036854775807, 0, 9223372036852425807
1, 2351, 0, 9223372036854775807, 0, 9223372036852424807
1, 2352, 0, 9223372036854775807, 0, 9223372036852423807
1, 2353, 0, 9223372036854775807, 0, 9223372036852422807
1, 2354, 0, 9223372036854775807, 0, 9223372036852421807
1, 2355, 0, 9223372036854775807, 0, 9223372036852420807
1, 2356, 0, 9223372036854775807, 0, 9223372036852419807
1, 2357, 0, 9223372036854775807, 0, 9223372036852418807
1, 2358, 0, 9223372036854775807, 0, 9223372036852417807
1, 2359, 0, 9223372036854775807, 0, 9223372036852416807
1, 236, 0, 9223372036854775807, 0, 9223372036854539807
1, 2360, 0, 9223372036854775807, 0, 9223372036852415807
1, 2361, 0, 9223372036854775807, 0, 9223372036852414807
1, 2362, 0, 9223372036854775807, 0, 9223372036852413807
1, 2363, 0, 9223372036854775807, 0, 9223372036852412807
1, 2364, 0, 9223372036854775807, 0, 9223372036852411807
1, 2365, 0, 9223372036854775807, 0, 9223372036852410807
1, 2366, 0, 9223372036854775807, 0, 9223372036852409807
1, 2367, 0, 9223372036854775807, 0, 9223372036852408807
1, 2368, 0, 9223372036854775807, 0, 9223372036852407807
1, 2369, 0, 9223372036854775807, 0, 9223372036852406807
1, 237, 0, 9223372036854775807, 0, 9223372036854538807
1, 2370, 0, 9223372036854775807, 0, 9223372036852405807
1, 2371, 0, 9223372036854775807, 0, 9223372036852404807
1, 2372, 0, 9223372036854775807, 0, 9223372036852403807
1, 2373, 0, 9223372036854775807, 0, 9223372036852402807
1, 2374, 0, 9223372036854775807, 0, 9223372036852401807
1, 2375, 0, 9223372036854775807, 0, 9223372036852400807
1, 2376, 0, 9223372036854775807, 0, 9223372036852399807
1, 2377, 0, 9223372036854775807, 0, 9223372036852398807
1, 2378, 0, 9223372036854775807, 0, 9223372036852397807
1, 2379, 0, 9223372036854775807, 0, 9223372036852396807
1, 238, 0, 9223372036854775807, 0, 9223372036854537807
1, 2380, 0, 9223372036854775807, 0, 9223372036852395807
1, 2381, 0, 9223372036854775807, 0, 9223372036852394807
1, 2382, 0, 9223372036854775807, 0, 9223372036852393807
1, 2383, 0, 9223372036854775807, 0, 9223372036852392807
1, 2384, 0, 9223372036854775807, 0, 9223372036852391807
1, 2385, 0, 9223372036854775807, 0, 9223372036852390807
1, 2386, 0, 9223372036854775807, 0, 9223372036852389807
1, 2387, 0, 9223372036854775807, 0, 9223372036852388807
1, 2388, 0, 9223372036854775807, 0, 9223372036852387807
1, 2389, 0, 9223372036854775807, 0, 9223372036852386807
1, 239, 0, 9223372036854775807, 0, 9223372036854536807
1, 2390, 0, 9223372036854775807, 0, 9223372036852385807
1, 2391, 0, 9223372036854775807, 0, 9223372036852384807
1, 2392, 0, 9223372036854775807, 0, 9223372036852383807
1, 2393, 0, 9223372036854775807, 0, 9223372036852382807
1, 2394, 0, 9223372036854775807, 0, 9223372036852381807
1, 2395, 0, 9223372036854775807, 0, 9223372036852380807
1, 2396, 0, 9223372036854775807, 0, 9223372036852379807
1, 2397, 0, 9223372036854775807, 0, 9223372036852378807
1, 2398, 0, 9223372036854775807, 0, 9223372036852377807
1, 2399, 0, 9223372036854775807, 0, 9223372036852376807
1, 24, 0, 9223372036854775807, 0, 9223372036854751807
1, 240, 0, 9223372036854775807, 0, 9223372036854535807
1, 2400, 0, 9223372036854775807, 0, 9223372036852375807
1, 2401, 0, 9223372036854775807, 0, 9223372036852374807
1, 2402, 0, 9223372036854775807, 0, 9223372036852373807
1, 2403, 0, 9223372036854775807, 0, 9223372036852372807
1, 2404, 0, 9223372036854775807, 0, 9223372036852371807
1, 2405, 0, 9223372036854775807, 0, 9223372036852370807
1, 2406, 0, 9223372036854775807, 0, 9223372036852369807
1, 2407, 0, 9223372036854775807, 0, 9223372036852368807
1, 2408, 0, 9223372036854775807, 0, 9223372036852367807
1, 2409, 0, 9223372036854775807, 0, 9223372036852366807
1, 241, 0, 9223372036854775807, 0, 9223372036854534807
1, 2410, 0, 9223372036854775807, 0, 9223372036852365807
1, 2411, 0, 9223372036854775807, 0, 9223372036852364807
1, 2412, 0, 9223372036854775807, 0, 9223372036852363807
1, 2413, 0, 9223372036854775807, 0, 9223372036852362807
1, 2414, 0, 9223372036854775807, 0, 9223372036852361807
1, 2415, 0, 9223372036854775807, 0, 9223372036852360807
1, 2416, 0, 9223372036854775807, 0, 9223372036852359807
1, 2417, 0, 9223372036854775807, 0, 9223372036852358807
1, 2418, 0, 9223372036854775807, 0, 9223372036852357807
1, 2419, 0, 9223372036854775807, 0, 9223372036852356807
1, 242, 0, 9223372036854775807, 0, 9223372036854533807
1, 2420, 0, 9223372036854775807, 0, 9223372036852355807
1, 2421, 0, 9223372036854775807, 0, 9223372036852354807
1, 2422, 0, 9223372036854775807, 0, 9223372036852353807
1, 2423, 0, 9223372036854775807, 0, 9223372036852352807
1, 2424, 0, 9223372036854775807, 0, 9223372036852351807
1, 2425, 0, 9223372036854775807, 0, 9223372036852350807
1, 2426, 0, 9223372036854775807, 0, 9223372036852349807
1, 2427, 0, 9223372036854775807, 0, 9223372036852348807
1, 2428, 0, 9223372036854775807, 0, 9223372036852347807
1, 2429, 0, 9223372036854775807, 0, 9223372036852346807
1, 243, 0, 9223372036854775807, 0, 9223372036854532807
1, 2430, 0, 9223372036854775807, 0, 9223372036852345807
1, 2431, 0, 9223372036854775807, 0, 9223372036852344807
1, 2432, 0, 9223372036854775807, 0, 9223372036852343807
1, 2433, 0, 9223372036854775807, 0, 9223372036852342807
1, 2434, 0, 9223372036854775807, 0, 9223372036852341807
1, 2435, 0, 9223372036854775807, 0, 9223372036852340807
1, 2436, 0, 9223372036854775807, 0, 9223372036852339807
1, 2437, 0, 9223372036854775807, 0, 9223372036852338807
1, 2438, 0, 9223372036854775807, 0, 9223372036852337807
1, 2439, 0, 9223372036854775807, 0, 9223372036852336807
1, 244, 0, 9223372036854775807, 0, 9223372036854531807
1, 2440, 0, 9223372036854775807, 0, 9223372036852335807
1, 2441, 0, 9223372036854775807, 0, 9223372036852334807
1, 2442, 0, 9223372036854775807, 0, 9223372036852333807
1, 2443, 0, 9223372036854775807, 0, 9223372036852332807
1, 2444, 0, 9223372036854775807, 0, 9223372036852331807
1, 2445, 0, 9223372036854775807, 0, 9223372036852330807
1, 2446, 0, 9223372036854775807, 0, 9223372036852329807
1, 2447, 0, 9223372036854775807, 0, 9223372036852328807
1, 2448, 0, 9223372036854775807, 0, 9223372036852327807
1, 2449, 0, 9223372036854775807, 0, 9223372036852326807
1, 245, 0, 9223372036854775807, 0, 9223372036854530807
1, 2450, 0, 9223372036854775807, 0, 9223372036852325807
1, 2451, 0, 9223372036854775807, 0, 9223372036852324807
1, 2452, 0, 9223372036854775807, 0, 9223372036852323807
1, 2453, 0, 9223372036854775807, 0, 9223372036852322807
1, 2454, 0, 9223372036854775807, 0, 9223372036852321807
1, 2455, 0, 9223372036854775807, 0, 9223372036852320807
1, 2456, 0, 9223372036854775807, 0, 9223372036852319807
1, 2457, 0, 9223372036854775807, 0, 9223372036852318807
1, 2458, 0, 9223372036854775807, 0, 9223372036852317807
1, 2459, 0, 9223372036854775807, 0, 9223372036852316807
1, 246, 0, 9223372036854775807, 0, 9223372036854529807
1, 2460, 0, 9223372036854775807, 0, 9223372036852315807
1, 2461, 0, 9223372036854775807, 0, 9223372036852314807
1, 2462, 0, 9223372036854775807, 0, 9223372036852313807
1, 2463, 0, 9223372036854775807, 0, 9223372036852312807
1, 2464, 0, 9223372036854775807, 0, 9223372036852311807
1, 2465, 0, 9223372036854775807, 0, 9223372036852310807
1, 2466, 0, 9223372036854775807, 0, 9223372036852309807
1, 2467, 0, 9223372036854775807, 0, 9223372036852308807
1, 2468, 0, 9223372036854775807, 0, 9223372036852307807
1, 2469, 0, 9223372036854775807, 0, 9223372036852306807
1, 247, 0, 9223372036854775807, 0, 9223372036854528807
1, 2470, 0, 9223372036854775807, 0, 9223372036852305807
1, 2471, 0, 9223372036854775807, 0, 9223372036852304807
1, 2472, 0, 9223372036854775807, 0, 9223372036852303807
1, 2473, 0, 9223372036854775807, 0, 9223372036852302807
1, 2474, 0, 9223372036854775807, 0, 9223372036852301807
1, 2475, 0, 9223372036854775807, 0, 9223372036852300807
1, 2476, 0, 9223372036854775807, 0, 9223372036852299807
1, 2477, 0, 9223372036854775807, 0, 9223372036852298807
1, 2478, 0, 9223372036854775807, 0, 9223372036852297807
1, 2479, 0, 9223372036854775807, 0, 9223372036852296807
1, 248, 0, 9223372036854775807, 0, 9223372036854527807
1, 2480, 0, 9223372036854775807, 0, 9223372036852295807
1, 2481, 0, 9223372036854775807, 0, 9223372036852294807
1, 2482, 0, 9223372036854775807, 0, 9223372036852293807
1, 2483, 0, 9223372036854775807, 0, 9223372036852292807
1, 2484, 0, 9223372036854775807, 0, 9223372036852291807
1, 2485, 0, 9223372036854775807, 0, 9223372036852290807
1, 2486, 0, 9223372036854775807, 0, 9223372036852289807
1, 2487, 0, 9223372036854775807, 0, 9223372036852288807
1, 2488, 0, 9223372036854775807, 0, 9223372036852287807
1, 2489, 0, 9223372036854775807, 0, 9223372036852286807
1, 249, 0, 9223372036854775807, 0, 9223372036854526807
1, 2490, 0, 9223372036854775807, 0, 9223372036852285807
1, 2491, 0, 9223372036854775807, 0, 9223372036852284807
1, 2492, 0, 9223372036854775807, 0, 9223372036852283807
1, 2493, 0, 9223372036854775807, 0, 9223372036852282807
1, 2494, 0, 9223372036854775807, 0, 9223372036852281807
1, 2495, 0, 9223372036854775807, 0, 9223372036852280807
1, 2496, 0, 9223372036854775807, 0, 9223372036852279807
1, 2497, 0, 9223372036854775807, 0, 9223372036852278807
1, 2498, 0, 9223372036854775807, 0, 9223372036852277807
1, 2499, 0, 9223372036854775807, 0, 9223372036852276807
1, 25, 0, 9223372036854775807, 0, 9223372036854750807
1, 250, 0, 9223372036854775807, 0, 9223372036854525807
1, 2500, 0, 9223372036854775807, 0, 9223372036852275807
1, 2501, 0, 9223372036854775807, 0, 9223372036852274807
1, 2502, 0, 9223372036854775807, 0, 9223372036852273807
1, 2503, 0, 9223372036854775807, 0, 9223372036852272807
1, 2504, 0, 9223372036854775807, 0, 9223372036852271807
1, 2505, 0, 9223372036854775807, 0, 9223372036852270807
1, 2506, 0, 9223372036854775807, 0, 9223372036852269807
1, 2507, 0, 9223372036854775807, 0, 9223372036852268807
1, 2508, 0, 9223372036854775807, 0, 9223372036852267807
1, 2509, 0, 9223372036854775807, 0, 9223372036852266807
1, 251, 0, 9223372036854775807, 0, 9223372036854524807
1, 2510, 0, 9223372036854775807, 0, 9223372036852265807
1, 2511, 0, 9223372036854775807, 0, 9223372036852264807
1, 2512, 0, 9223372036854775807, 0, 9223372036852263807
1, 2513, 0, 9223372036854775807, 0, 9223372036852262807
1, 2514, 0, 9223372036854775807, 0, 9223372036852261807
1, 2515, 0, 9223372036854775807, 0, 9223372036852260807
1, 2516, 0, 9223372036854775807, 0, 9223372036852259807
1, 2517, 0, 9223372036854775807, 0, 9223372036852258807
1, 2518, 0, 9223372036854775807, 0, 9223372036852257807
1, 2519, 0, 9223372036854775807, 0, 9223372036852256807
1, 252, 0, 9223372036854775807, 0, 9223372036854523807
1, 2520, 0, 9223372036854775807, 0, 9223372036852255807
1, 2521, 0, 9223372036854775807, 0, 9223372036852254807
1, 2522, 0, 9223372036854775807, 0, 9223372036852253807
1, 2523, 0, 9223372036854775807, 0, 9223372036852252807
1, 2524, 0, 9223372036854775807, 0, 9223372036852251807
1, 2525, 0, 9223372036854775807, 0, 9223372036852250807
1, 2526, 0, 9223372036854775807, 0, 9223372036852249807
1, 2527, 0, 9223372036854775807, 0, 9223372036852248807
1, 2528, 0, 9223372036854775807, 0, 9223372036852247807
1, 2529, 0, 9223372036854775807, 0, 9223372036852246807
1, 253, 0, 9223372036854775807, 0, 9223372036854522807
1, 2530, 0, 9223372036854775807, 0, 9223372036852245807
1, 2531, 0, 9223372036854775807, 0, 9223372036852244807
1, 2532, 0, 9223372036854775807, 0, 9223372036852243807
1, 2533, 0, 9223372036854775807, 0, 9223372036852242807
1, 2534, 0, 9223372036854775807, 0, 9223372036852241807
1, 2535, 0, 9223372036854775807, 0, 9223372036852240807
1, 2536, 0, 9223372036854775807, 0, 9223372036852239807
1, 2537, 0, 9223372036854775807, 0, 9223372036852238807
1, 2538, 0, 9223372036854775807, 0, 9223372036852237807
1, 2539, 0, 9223372036854775807, 0, 9223372036852236807
1, 254, 0, 9223372036854775807, 0, 9223372036854521807
1, 2540, 0, 9223372036854775807, 0, 9223372036852235807
1, 2541, 0, 9223372036854775807, 0, 9223372036852234807
1, 2542, 0, 9223372036854775807, 0, 9223372036852233807
1, 2543, 0, 9223372036854775807, 0, 9223372036852232807
1, 2544, 0, 9223372036854775807, 0, 9223372036852231807
1, 2545, 0, 9223372036854775807, 0, 9223372036852230807
1, 2546, 0, 9223372036854775807, 0, 9223372036852229807
1, 2547, 0, 9223372036854775807, 0, 9223372036852228807
1, 2548, 0, 9223372036854775807, 0, 9223372036852227807
1, 2549, 0, 9223372036854775807, 0, 9223372036852226807
1, 255, 0, 9223372036854775807, 0, 9223372036854520807
1, 2550, 0, 9223372036854775807, 0, 9223372036852225807
1, 2551, 0, 9223372036854775807, 0, 9223372036852224807
1, 2552, 0, 9223372036854775807, 0, 9223372036852223807
1, 2553, 0, 9223372036854775807, 0, 9223372036852222807
1, 2554, 0, 9223372036854775807, 0, 9223372036852221807
1, 2555, 0, 9223372036854775807, 0, 9223372036852220807
1, 2556, 0, 9223372036854775807, 0, 9223372036852219807
1, 2557, 0, 9223372036854775807, 0, 9223372036852218807
1, 2558, 0, 9223372036854775807, 0, 9223372036852217807
1, 2559, 0, 9223372036854775807, 0, 9223372036852216807
1, 256, 0, 9223372036854775807, 0, 9223372036854519807
1, 2560, 0, 9223372036854775807, 0, 9223372036852215807
1, 2561, 0, 9223372036854775807, 0, 9223372036852214807
1, 2562, 0, 9223372036854775807, 0, 9223372036852213807
1, 2563, 0, 9223372036854775807, 0, 9223372036852212807
1, 2564, 0, 9223372036854775807, 0, 9223372036852211807
1, 2565, 0, 9223372036854775807, 0, 9223372036852210807
1, 2566, 0, 9223372036854775807, 0, 9223372036852209807
1, 2567, 0, 9223372036854775807, 0, 9223372036852208807
1, 2568, 0, 9223372036854775807, 0, 9223372036852207807
1, 2569, 0, 9223372036854775807, 0, 9223372036852206807
1, 257, 0, 9223372036854775807, 0, 9223372036854518807
1, 2570, 0, 9223372036854775807, 0, 9223372036852205807
1, 2571, 0, 9223372036854775807, 0, 9223372036852204807
1, 2572, 0, 9223372036854775807, 0, 9223372036852203807
1, 2573, 0, 9223372036854775807, 0, 9223372036852202807
1, 2574, 0, 9223372036854775807, 0, 9223372036852201807
1, 2575, 0, 9223372036854775807, 0, 9223372036852200807
1, 2576, 0, 9223372036854775807, 0, 9223372036852199807
1, 2577, 0, 9223372036854775807, 0, 9223372036852198807
1, 2578, 0, 9223372036854775807, 0, 9223372036852197807
1, 2579, 0, 9223372036854775807, 0, 9223372036852196807
1, 258, 0, 9223372036854775807, 0, 9223372036854517807
1, 2580, 0, 9223372036854775807, 0, 9223372036852195807
1, 2581, 0, 9223372036854775807, 0, 9223372036852194807
1, 2582, 0, 9223372036854775807, 0, 9223372036852193807
1, 2583, 0, 9223372036854775807, 0, 9223372036852192807
1, 2584, 0, 9223372036854775807, 0, 9223372036852191807
1, 2585, 0, 9223372036854775807, 0, 9223372036852190807
1, 2586, 0, 9223372036854775807, 0, 9223372036852189807
1, 2587, 0, 9223372036854775807, 0, 9223372036852188807
1, 2588, 0, 9223372036854775807, 0, 9223372036852187807
1, 2589, 0, 9223372036854775807, 0, 9223372036852186807
1, 259, 0, 9223372036854775807, 0, 9223372036854516807
1, 2590, 0, 9223372036854775807, 0, 9223372036852185807
1, 2591, 0, 9223372036854775807, 0, 9223372036852184807
1, 2592, 0, 9223372036854775807, 0, 9223372036852183807
1, 2593, 0, 9223372036854775807, 0, 9223372036852182807
1, 2594, 0, 9223372036854775807, 0, 9223372036852181807
1, 2595, 0, 9223372036854775807, 0, 9223372036852180807
1, 2596, 0, 9223372036854775807, 0, 9223372036852179807
1, 2597, 0, 9223372036854775807, 0, 9223372036852178807
1, 2598, 0, 9223372036854775807, 0, 9223372036852177807
1, 2599, 0, 9223372036854775807, 0, 9223372036852176807
1, 26, 0, 9223372036854775807, 0, 9223372036854749807
1, 260, 0, 9223372036854775807, 0, 9223372036854515807
1, 2600, 0, 9223372036854775807, 0, 9223372036852175807
1, 2601, 0, 9223372036854775807, 0, 9223372036852174807
1, 2602, 0, 9223372036854775807, 0, 9223372036852173807
1, 2603, 0, 9223372036854775807, 0, 9223372036852172807
1, 2604, 0, 9223372036854775807, 0, 9223372036852171807
1, 2605, 0, 9223372036854775807, 0, 9223372036852170807
1, 2606, 0, 9223372036854775807, 0, 9223372036852169807
1, 2607, 0, 9223372036854775807, 0, 9223372036852168807
1, 2608, 0, 9223372036854775807, 0, 9223372036852167807
1, 2609, 0, 9223372036854775807, 0, 9223372036852166807
1, 261, 0, 9223372036854775807, 0, 9223372036854514807
1, 2610, 0, 9223372036854775807, 0, 9223372036852165807
1, 2611, 0, 9223372036854775807, 0, 9223372036852164807
1, 2612, 0, 9223372036854775807, 0, 9223372036852163807
1, 2613, 0, 9223372036854775807, 0, 9223372036852162807
1, 2614, 0, 9223372036854775807, 0, 9223372036852161807
1, 2615, 0, 9223372036854775807, 0, 9223372036852160807
1, 2616, 0, 9223372036854775807, 0, 9223372036852159807
1, 2617, 0, 9223372036854775807, 0, 9223372036852158807
1, 2618, 0, 9223372036854775807, 0, 9223372036852157807
1, 2619, 0, 9223372036854775807, 0, 9223372036852156807
1, 262, 0, 9223372036854775807, 0, 9223372036854513807
1, 2620, 0, 9223372036854775807, 0, 9223372036852155807
1, 2621, 0, 9223372036854775807, 0, 9223372036852154807
1, 2622, 0, 9223372036854775807, 0, 9223372036852153807
1, 2623, 0, 9223372036854775807, 0, 9223372036852152807
1, 2624, 0, 9223372036854775807, 0, 9223372036852151807
1, 2625, 0, 9223372036854775807, 0, 9223372036852150807
1, 2626, 0, 9223372036854775807, 0, 9223372036852149807
1, 2627, 0, 9223372036854775807, 0, 9223372036852148807
1, 2628, 0, 9223372036854775807, 0, 9223372036852147807
1, 2629, 0, 9223372036854775807, 0, 9223372036852146807
1, 263, 0, 9223372036854775807, 0, 9223372036854512807
1, 2630, 0, 9223372036854775807, 0, 9223372036852145807
1, 2631, 0, 9223372036854775807, 0, 9223372036852144807
1, 2632, 0, 9223372036854775807, 0, 9223372036852143807
1, 2633, 0, 9223372036854775807, 0, 9223372036852142807
1, 2634, 0, 9223372036854775807, 0, 9223372036852141807
1, 2635, 0, 9223372036854775807, 0, 9223372036852140807
1, 2636, 0, 9223372036854775807, 0, 9223372036852139807
1, 2637, 0, 9223372036854775807, 0, 9223372036852138807
1, 2638, 0, 9223372036854775807, 0, 9223372036852137807
1, 2639, 0, 9223372036854775807, 0, 9223372036852136807
1, 264, 0, 9223372036854775807, 0, 9223372036854511807
1, 2640, 0, 9223372036854775807, 0, 9223372036852135807
1, 2641, 0, 9223372036854775807, 0, 9223372036852134807
1, 2642, 0, 9223372036854775807, 0, 9223372036852133807
1, 2643, 0, 9223372036854775807, 0, 9223372036852132807
1, 2644, 0, 9223372036854775807, 0, 9223372036852131807
1, 2645, 0, 9223372036854775807, 0, 9223372036852130807
1, 2646, 0, 9223372036854775807, 0, 9223372036852129807
1, 2647, 0, 9223372036854775807, 0, 9223372036852128807
1, 2648, 0, 9223372036854775807, 0, 9223372036852127807
1, 2649, 0, 9223372036854775807, 0, 9223372036852126807
1, 265, 0, 9223372036854775807, 0, 9223372036854510807
1, 2650, 0, 9223372036854775807, 0, 9223372036852125807
1, 2651, 0, 9223372036854775807, 0, 9223372036852124807
1, 2652, 0, 9223372036854775807, 0, 9223372036852123807
1, 2653, 0, 9223372036854775807, 0, 9223372036852122807
1, 2654, 0, 9223372036854775807, 0, 9223372036852121807
1, 2655, 0, 9223372036854775807, 0, 9223372036852120807
1, 2656, 0, 9223372036854775807, 0, 9223372036852119807
1, 2657, 0, 9223372036854775807, 0, 9223372036852118807
1, 2658, 0, 9223372036854775807, 0, 9223372036852117807
1, 2659, 0, 9223372036854775807, 0, 9223372036852116807
1, 266, 0, 9223372036854775807, 0, 9223372036854509807
1, 2660, 0, 9223372036854775807, 0, 9223372036852115807
1, 2661, 0, 9223372036854775807, 0, 9223372036852114807
1, 2662, 0, 9223372036854775807, 0, 9223372036852113807
1, 2663, 0, 9223372036854775807, 0, 9223372036852112807
1, 2664, 0, 9223372036854775807, 0, 9223372036852111807
1, 2665, 0, 9223372036854775807, 0, 9223372036852110807
1, 2666, 0, 9223372036854775807, 0, 9223372036852109807
1, 2667, 0, 9223372036854775807, 0, 9223372036852108807
1, 2668, 0, 9223372036854775807, 0, 9223372036852107807
1, 2669, 0, 9223372036854775807, 0, 9223372036852106807
1, 267, 0, 9223372036854775807, 0, 9223372036854508807
1, 2670, 0, 9223372036854775807, 0, 9223372036852105807
1, 2671, 0, 9223372036854775807, 0, 9223372036852104807
1, 2672, 0, 9223372036854775807, 0, 9223372036852103807
1, 2673, 0, 9223372036854775807, 0, 9223372036852102807
1, 2674, 0, 9223372036854775807, 0, 9223372036852101807
1, 2675, 0, 9223372036854775807, 0, 9223372036852100807
1, 2676, 0, 9223372036854775807, 0, 9223372036852099807
1, 2677, 0, 9223372036854775807, 0, 9223372036852098807
1, 2678, 0, 9223372036854775807, 0, 9223372036852097807
1, 2679, 0, 9223372036854775807, 0, 9223372036852096807
1, 268, 0, 9223372036854775807, 0, 9223372036854507807
1, 2680, 0, 9223372036854775807, 0, 9223372036852095807
1, 2681, 0, 9223372036854775807, 0, 9223372036852094807
1, 2682, 0, 9223372036854775807, 0, 9223372036852093807
1, 2683, 0, 9223372036854775807, 0, 9223372036852092807
1, 2684, 0, 9223372036854775807, 0, 9223372036852091807
1, 2685, 0, 9223372036854775807, 0, 9223372036852090807
1, 2686, 0, 9223372036854775807, 0, 9223372036852089807
1, 2687, 0, 9223372036854775807, 0, 9223372036852088807
1, 2688, 0, 9223372036854775807, 0, 9223372036852087807
1, 2689, 0, 9223372036854775807, 0, 9223372036852086807
1, 269, 0, 9223372036854775807, 0, 9223372036854506807
1, 2690, 0, 9223372036854775807, 0, 9223372036852085807
1, 2691, 0, 9223372036854775807, 0, 9223372036852084807
1, 2692, 0, 9223372036854775807, 0, 9223372036852083807
1, 2693, 0, 9223372036854775807, 0, 9223372036852082807
1, 2694, 0, 9223372036854775807, 0, 9223372036852081807
1, 2695, 0, 9223372036854775807, 0, 9223372036852080807
1, 2696, 0, 9223372036854775807, 0, 9223372036852079807
1, 2697, 0, 9223372036854775807, 0, 9223372036852078807
1, 2698, 0, 9223372036854775807, 0, 9223372036852077807
1, 2699, 0, 9223372036854775807, 0, 9223372036852076807
1, 27, 0, 9223372036854775807, 0, 9223372036854748807
1, 270, 0, 9223372036854775807, 0, 9223372036854505807
1, 2700, 0, 9223372036854775807, 0, 9223372036852075807
1, 2701, 0, 9223372036854775807, 0, 9223372036852074807
1, 2702, 0, 9223372036854775807, 0, 9223372036852073807
1, 2703, 0, 9223372036854775807, 0, 9223372036852072807
1, 2704, 0, 9223372036854775807, 0, 9223372036852071807
1, 2705, 0, 9223372036854775807, 0, 9223372036852070807
1, 2706, 0, 9223372036854775807, 0, 9223372036852069807
1, 2707, 0, 9223372036854775807, 0, 9223372036852068807
1, 2708, 0, 9223372036854775807, 0, 9223372036852067807
1, 2709, 0, 9223372036854775807, 0, 9223372036852066807
1, 271, 0, 9223372036854775807, 0, 9223372036854504807
1, 2710, 0, 9223372036854775807, 0, 9223372036852065807
1, 2711, 0, 9223372036854775807, 0, 9223372036852064807
1, 2712, 0, 9223372036854775807, 0, 9223372036852063807
1, 2713, 0, 9223372036854775807, 0, 9223372036852062807
1, 2714, 0, 9223372036854775807, 0, 9223372036852061807
1, 2715, 0, 9223372036854775807, 0, 9223372036852060807
1, 2716, 0, 9223372036854775807, 0, 9223372036852059807
1, 2717, 0, 9223372036854775807, 0, 9223372036852058807
1, 2718, 0, 9223372036854775807, 0, 9223372036852057807
1, 2719, 0, 9223372036854775807, 0, 9223372036852056807
1, 272, 0, 9223372036854775807, 0, 9223372036854503807
1, 2720, 0, 9223372036854775807, 0, 9223372036852055807
1, 2721, 0, 9223372036854775807, 0, 9223372036852054807
1, 2722, 0, 9223372036854775807, 0, 9223372036852053807
1, 2723, 0, 9223372036854775807, 0, 9223372036852052807
1, 2724, 0, 9223372036854775807, 0, 9223372036852051807
1, 2725, 0, 9223372036854775807, 0, 9223372036852050807
1, 2726, 0, 9223372036854775807, 0, 9223372036852049807
1, 2727, 0, 9223372036854775807, 0, 9223372036852048807
1, 2728, 0, 9223372036854775807, 0, 9223372036852047807
1, 2729, 0, 9223372036854775807, 0, 9223372036852046807
1, 273, 0, 9223372036854775807, 0, 9223372036854502807
1, 2730, 0, 9223372036854775807, 0, 9223372036852045807
1, 2731, 0, 9223372036854775807, 0, 9223372036852044807
1, 2732, 0, 9223372036854775807, 0, 9223372036852043807
1, 2733, 0, 9223372036854775807, 0, 9223372036852042807
1, 2734, 0, 9223372036854775807, 0, 9223372036852041807
1, 2735, 0, 9223372036854775807, 0, 9223372036852040807
1, 2736, 0, 9223372036854775807, 0, 9223372036852039807
1, 2737, 0, 9223372036854775807, 0, 9223372036852038807
1, 2738, 0, 9223372036854775807, 0, 9223372036852037807
1, 2739, 0, 9223372036854775807, 0, 9223372036852036807
1, 274, 0, 9223372036854775807, 0, 9223372036854501807
1, 2740, 0, 9223372036854775807, 0, 9223372036852035807
1, 2741, 0, 9223372036854775807, 0, 9223372036852034807
1, 2742, 0, 9223372036854775807, 0, 9223372036852033807
1, 2743, 0, 9223372036854775807, 0, 9223372036852032807
1, 2744, 0, 9223372036854775807, 0, 9223372036852031807
1, 2745, 0, 9223372036854775807, 0, 9223372036852030807
1, 2746, 0, 9223372036854775807, 0, 9223372036852029807
1, 2747, 0, 9223372036854775807, 0, 9223372036852028807
1, 2748, 0, 9223372036854775807, 0, 9223372036852027807
1, 2749, 0, 9223372036854775807, 0, 9223372036852026807
1, 275, 0, 9223372036854775807, 0, 9223372036854500807
1, 2750, 0, 9223372036854775807, 0, 9223372036852025807
1, 2751, 0, 9223372036854775807, 0, 9223372036852024807
1, 2752, 0, 9223372036854775807, 0, 9223372036852023807
1, 2753, 0, 9223372036854775807, 0, 9223372036852022807
1, 2754, 0, 9223372036854775807, 0, 9223372036852021807
1, 2755, 0, 9223372036854775807, 0, 9223372036852020807
1, 2756, 0, 9223372036854775807, 0, 9223372036852019807
1, 2757, 0, 9223372036854775807, 0, 9223372036852018807
1, 2758, 0, 9223372036854775807, 0, 9223372036852017807
1, 2759, 0, 9223372036854775807, 0, 9223372036852016807
1, 276, 0, 9223372036854775807, 0, 9223372036854499807
1, 2760, 0, 9223372036854775807, 0, 9223372036852015807
1, 2761, 0, 9223372036854775807, 0, 9223372036852014807
1, 2762, 0, 9223372036854775807, 0, 9223372036852013807
1, 2763, 0, 9223372036854775807, 0, 9223372036852012807
1, 2764, 0, 9223372036854775807, 0, 9223372036852011807
1, 2765, 0, 9223372036854775807, 0, 9223372036852010807
1, 2766, 0, 9223372036854775807, 0, 9223372036852009807
1, 2767, 0, 9223372036854775807, 0, 9223372036852008807
1, 2768, 0, 9223372036854775807, 0, 9223372036852007807
1, 2769, 0, 9223372036854775807, 0, 9223372036852006807
1, 277, 0, 9223372036854775807, 0, 9223372036854498807
1, 2770, 0, 9223372036854775807, 0, 9223372036852005807
1, 2771, 0, 9223372036854775807, 0, 9223372036852004807
1, 2772, 0, 9223372036854775807, 0, 9223372036852003807
1, 2773, 0, 9223372036854775807, 0, 9223372036852002807
1, 2774, 0, 9223372036854775807, 0, 9223372036852001807
1, 2775, 0, 9223372036854775807, 0, 9223372036852000807
1, 2776, 0, 9223372036854775807, 0, 9223372036851999807
1, 2777, 0, 9223372036854775807, 0, 9223372036851998807
1, 2778, 0, 9223372036854775807, 0, 9223372036851997807
1, 2779, 0, 9223372036854775807, 0, 9223372036851996807
1, 278, 0, 9223372036854775807, 0, 9223372036854497807
1, 2780, 0, 9223372036854775807, 0, 9223372036851995807
1, 2781, 0, 9223372036854775807, 0, 9223372036851994807
1, 2782, 0, 9223372036854775807, 0, 9223372036851993807
1, 2783, 0, 9223372036854775807, 0, 9223372036851992807
1, 2784, 0, 9223372036854775807, 0, 9223372036851991807
1, 2785, 0, 9223372036854775807, 0, 9223372036851990807
1, 2786, 0, 9223372036854775807, 0, 9223372036851989807
1, 2787, 0, 9223372036854775807, 0, 9223372036851988807
1, 2788, 0, 9223372036854775807, 0, 9223372036851987807
1, 2789, 0, 9223372036854775807, 0, 9223372036851986807
1, 279, 0, 9223372036854775807, 0, 9223372036854496807
1, 2790, 0, 9223372036854775807, 0, 9223372036851985807
1, 2791, 0, 9223372036854775807, 0, 9223372036851984807
1, 2792, 0, 9223372036854775807, 0, 9223372036851983807
1, 2793, 0, 9223372036854775807, 0, 9223372036851982807
1, 2794, 0, 9223372036854775807, 0, 9223372036851981807
1, 2795, 0, 9223372036854775807, 0, 9223372036851980807
1, 2796, 0, 9223372036854775807, 0, 9223372036851979807
1, 2797, 0, 9223372036854775807, 0, 9223372036851978807
1, 2798, 0, 9223372036854775807, 0, 9223372036851977807
1, 2799, 0, 9223372036854775807, 0, 9223372036851976807
1, 28, 0, 9223372036854775807, 0, 9223372036854747807
1, 280, 0, 9223372036854775807, 0, 9223372036854495807
1, 2800, 0, 9223372036854775807, 0, 9223372036851975807
1, 2801, 0, 9223372036854775807, 0, 9223372036851974807
1, 2802, 0, 9223372036854775807, 0, 9223372036851973807
1, 2803, 0, 9223372036854775807, 0, 9223372036851972807
1, 2804, 0, 9223372036854775807, 0, 9223372036851971807
1, 2805, 0, 9223372036854775807, 0, 9223372036851970807
1, 2806, 0, 9223372036854775807, 0, 9223372036851969807
1, 2807, 0, 9223372036854775807, 0, 9223372036851968807
1, 2808, 0, 9223372036854775807, 0, 9223372036851967807
1, 2809, 0, 9223372036854775807, 0, 9223372036851966807
1, 281, 0, 9223372036854775807, 0, 9223372036854494807
1, 2810, 0, 9223372036854775807, 0, 9223372036851965807
1, 2811, 0, 9223372036854775807, 0, 9223372036851964807
1, 2812, 0, 9223372036854775807, 0, 9223372036851963807
1, 2813, 0, 9223372036854775807, 0, 9223372036851962807
1, 2814, 0, 9223372036854775807, 0, 9223372036851961807
1, 2815, 0, 9223372036854775807, 0, 9223372036851960807
1, 2816, 0, 9223372036854775807, 0, 9223372036851959807
1, 2817, 0, 9223372036854775807, 0, 9223372036851958807
1, 2818, 0, 9223372036854775807, 0, 9223372036851957807
1, 2819, 0, 9223372036854775807, 0, 9223372036851956807
1, 282, 0, 9223372036854775807, 0, 9223372036854493807
1, 2820, 0, 9223372036854775807, 0, 9223372036851955807
1, 2821, 0, 9223372036854775807, 0, 9223372036851954807
1, 2822, 0, 9223372036854775807, 0, 9223372036851953807
1, 2823, 0, 9223372036854775807, 0, 9223372036851952807
1, 2824, 0, 9223372036854775807, 0, 9223372036851951807
1, 2825, 0, 9223372036854775807, 0, 9223372036851950807
1, 2826, 0, 9223372036854775807, 0, 9223372036851949807
1, 2827, 0, 9223372036854775807, 0, 9223372036851948807
1, 2828, 0, 9223372036854775807, 0, 9223372036851947807
1, 2829, 0, 9223372036854775807, 0, 9223372036851946807
1, 283, 0, 9223372036854775807, 0, 9223372036854492807
1, 2830, 0, 9223372036854775807, 0, 9223372036851945807
1, 2831, 0, 9223372036854775807, 0, 9223372036851944807
1, 2832, 0, 9223372036854775807, 0, 9223372036851943807
1, 2833, 0, 9223372036854775807, 0, 9223372036851942807
1, 2834, 0, 9223372036854775807, 0, 9223372036851941807
1, 2835, 0, 9223372036854775807, 0, 9223372036851940807
1, 2836, 0, 9223372036854775807, 0, 9223372036851939807
1, 2837, 0, 9223372036854775807, 0, 9223372036851938807
1, 2838, 0, 9223372036854775807, 0, 9223372036851937807
1, 2839, 0, 9223372036854775807, 0, 9223372036851936807
1, 284, 0, 9223372036854775807, 0, 9223372036854491807
1, 2840, 0, 9223372036854775807, 0, 9223372036851935807
1, 2841, 0, 9223372036854775807, 0, 9223372036851934807
1, 2842, 0, 9223372036854775807, 0, 9223372036851933807
1, 2843, 0, 9223372036854775807, 0, 9223372036851932807
1, 2844, 0, 9223372036854775807, 0, 9223372036851931807
1, 2845, 0, 9223372036854775807, 0, 9223372036851930807
1, 2846, 0, 9223372036854775807, 0, 9223372036851929807
1, 2847, 0, 9223372036854775807, 0, 9223372036851928807
1, 2848, 0, 9223372036854775807, 0, 9223372036851927807
1, 2849, 0, 9223372036854775807, 0, 9223372036851926807
1, 285, 0, 9223372036854775807, 0, 9223372036854490807
1, 2850, 0, 9223372036854775807, 0, 9223372036851925807
1, 2851, 0, 9223372036854775807, 0, 9223372036851924807
1, 2852, 0, 9223372036854775807, 0, 9223372036851923807
1, 2853, 0, 9223372036854775807, 0, 9223372036851922807
1, 2854, 0, 9223372036854775807, 0, 9223372036851921807
1, 2855, 0, 9223372036854775807, 0, 9223372036851920807
1, 2856, 0, 9223372036854775807, 0, 9223372036851919807
1, 2857, 0, 9223372036854775807, 0, 9223372036851918807
1, 2858, 0, 9223372036854775807, 0, 9223372036851917807
1, 2859, 0, 9223372036854775807, 0, 9223372036851916807
1, 286, 0, 9223372036854775807, 0, 9223372036854489807
1, 2860, 0, 9223372036854775807, 0, 9223372036851915807
1, 2861, 0, 9223372036854775807, 0, 9223372036851914807
1, 2862, 0, 9223372036854775807, 0, 9223372036851913807
1, 2863, 0, 9223372036854775807, 0, 9223372036851912807
1, 2864, 0, 9223372036854775807, 0, 9223372036851911807
1, 2865, 0, 9223372036854775807, 0, 9223372036851910807
1, 2866, 0, 9223372036854775807, 0, 9223372036851909807
1, 2867, 0, 9223372036854775807, 0, 9223372036851908807
1, 2868, 0, 9223372036854775807, 0, 9223372036851907807
1, 2869, 0, 9223372036854775807, 0, 9223372036851906807
1, 287, 0, 9223372036854775807, 0, 9223372036854488807
1, 2870, 0, 9223372036854775807, 0, 9223372036851905807
1, 2871, 0, 9223372036854775807, 0, 9223372036851904807
1, 2872, 0, 9223372036854775807, 0, 9223372036851903807
1, 2873, 0, 9223372036854775807, 0, 9223372036851902807
1, 2874, 0, 9223372036854775807, 0, 9223372036851901807
1, 2875, 0, 9223372036854775807, 0, 9223372036851900807
1, 2876, 0, 9223372036854775807, 0, 9223372036851899807
1, 2877, 0, 9223372036854775807, 0, 9223372036851898807
1, 2878, 0, 9223372036854775807, 0, 9223372036851897807
1, 2879, 0, 9223372036854775807, 0, 9223372036851896807
1, 288, 0, 9223372036854775807, 0, 9223372036854487807
1, 2880, 0, 9223372036854775807, 0, 9223372036851895807
1, 2881, 0, 9223372036854775807, 0, 9223372036851894807
1, 2882, 0, 9223372036854775807, 0, 9223372036851893807
1, 2883, 0, 9223372036854775807, 0, 9223372036851892807
1, 2884, 0, 9223372036854775807, 0, 9223372036851891807
1, 2885, 0, 9223372036854775807, 0, 9223372036851890807
1, 2886, 0, 9223372036854775807, 0, 9223372036851889807
1, 2887, 0, 9223372036854775807, 0, 9223372036851888807
1, 2888, 0, 9223372036854775807, 0, 9223372036851887807
1, 2889, 0, 9223372036854775807, 0, 9223372036851886807
1, 289, 0, 9223372036854775807, 0, 9223372036854486807
1, 2890, 0, 9223372036854775807, 0, 9223372036851885807
1, 2891, 0, 9223372036854775807, 0, 9223372036851884807
1, 2892, 0, 9223372036854775807, 0, 9223372036851883807
1, 2893, 0, 9223372036854775807, 0, 9223372036851882807
1, 2894, 0, 9223372036854775807, 0, 9223372036851881807
1, 2895, 0, 9223372036854775807, 0, 9223372036851880807
1, 2896, 0, 9223372036854775807, 0, 9223372036851879807
1, 2897, 0, 9223372036854775807, 0, 9223372036851878807
1, 2898, 0, 9223372036854775807, 0, 9223372036851877807
1, 2899, 0, 9223372036854775807, 0, 9223372036851876807
1, 29, 0, 9223372036854775807, 0, 9223372036854746807
1, 290, 0, 9223372036854775807, 0, 9223372036854485807
1, 2900, 0, 9223372036854775807, 0, 9223372036851875807
1, 2901, 0, 9223372036854775807, 0, 9223372036851874807
1, 2902, 0, 9223372036854775807, 0, 9223372036851873807
1, 2903, 0, 9223372036854775807, 0, 9223372036851872807
1, 2904, 0, 9223372036854775807, 0, 9223372036851871807
1, 2905, 0, 9223372036854775807, 0, 9223372036851870807
1, 2906, 0, 9223372036854775807, 0, 9223372036851869807
1, 2907, 0, 9223372036854775807, 0, 9223372036851868807
1, 2908, 0, 9223372036854775807, 0, 9223372036851867807
1, 2909, 0, 9223372036854775807, 0, 9223372036851866807
1, 291, 0, 9223372036854775807, 0, 9223372036854484807
1, 2910, 0, 9223372036854775807, 0, 9223372036851865807
1, 2911, 0, 9223372036854775807, 0, 9223372036851864807
1, 2912, 0, 9223372036854775807, 0, 9223372036851863807
1, 2913, 0, 9223372036854775807, 0, 9223372036851862807
1, 2914, 0, 9223372036854775807, 0, 9223372036851861807
1, 2915, 0, 9223372036854775807, 0, 9223372036851860807
1, 2916, 0, 9223372036854775807, 0, 9223372036851859807
1, 2917, 0, 9223372036854775807, 0, 9223372036851858807
1, 2918, 0, 9223372036854775807, 0, 9223372036851857807
1, 2919, 0, 9223372036854775807, 0, 9223372036851856807
1, 292, 0, 9223372036854775807, 0, 9223372036854483807
1, 2920, 0, 9223372036854775807, 0, 9223372036851855807
1, 2921, 0, 9223372036854775807, 0, 9223372036851854807
1, 2922, 0, 9223372036854775807, 0, 9223372036851853807
1, 2923, 0, 9223372036854775807, 0, 9223372036851852807
1, 2924, 0, 9223372036854775807, 0, 9223372036851851807
1, 2925, 0, 9223372036854775807, 0, 9223372036851850807
1, 2926, 0, 9223372036854775807, 0, 9223372036851849807
1, 2927, 0, 9223372036854775807, 0, 9223372036851848807
1, 2928, 0, 9223372036854775807, 0, 9223372036851847807
1, 2929, 0, 9223372036854775807, 0, 9223372036851846807
1, 293, 0, 9223372036854775807, 0, 9223372036854482807
1, 2930, 0, 9223372036854775807, 0, 9223372036851845807
1, 2931, 0, 9223372036854775807, 0, 9223372036851844807
1, 2932, 0, 9223372036854775807, 0, 9223372036851843807
1, 2933, 0, 9223372036854775807, 0, 9223372036851842807
1, 2934, 0, 9223372036854775807, 0, 9223372036851841807
1, 2935, 0, 9223372036854775807, 0, 9223372036851840807
1, 2936, 0, 9223372036854775807, 0, 9223372036851839807
1, 2937, 0, 9223372036854775807, 0, 9223372036851838807
1, 2938, 0, 9223372036854775807, 0, 9223372036851837807
1, 2939, 0, 9223372036854775807, 0, 9223372036851836807
1, 294, 0, 9223372036854775807, 0, 9223372036854481807
1, 2940, 0, 9223372036854775807, 0, 9223372036851835807
1, 2941, 0, 9223372036854775807, 0, 9223372036851834807
1, 2942, 0, 9223372036854775807, 0, 9223372036851833807
1, 2943, 0, 9223372036854775807, 0, 9223372036851832807
1, 2944, 0, 9223372036854775807, 0, 9223372036851831807
1, 2945, 0, 9223372036854775807, 0, 9223372036851830807
1, 2946, 0, 9223372036854775807, 0, 9223372036851829807
1, 2947, 0, 9223372036854775807, 0, 9223372036851828807
1, 2948, 0, 9223372036854775807, 0, 9223372036851827807
1, 2949, 0, 9223372036854775807, 0, 9223372036851826807
1, 295, 0, 9223372036854775807, 0, 9223372036854480807
1, 2950, 0, 9223372036854775807, 0, 9223372036851825807
1, 2951, 0, 9223372036854775807, 0, 9223372036851824807
1, 2952, 0, 9223372036854775807, 0, 9223372036851823807
1, 2953, 0, 9223372036854775807, 0, 9223372036851822807
1, 2954, 0, 9223372036854775807, 0, 9223372036851821807
1, 2955, 0, 9223372036854775807, 0, 9223372036851820807
1, 2956, 0, 9223372036854775807, 0, 9223372036851819807
1, 2957, 0, 9223372036854775807, 0, 9223372036851818807
1, 2958, 0, 9223372036854775807, 0, 9223372036851817807
1, 2959, 0, 9223372036854775807, 0, 9223372036851816807
1, 296, 0, 9223372036854775807, 0, 9223372036854479807
1, 2960, 0, 9223372036854775807, 0, 9223372036851815807
1, 2961, 0, 9223372036854775807, 0, 9223372036851814807
1, 2962, 0, 9223372036854775807, 0, 9223372036851813807
1, 2963, 0, 9223372036854775807, 0, 9223372036851812807
1, 2964, 0, 9223372036854775807, 0, 9223372036851811807
1, 2965, 0, 9223372036854775807, 0, 9223372036851810807
1, 2966, 0, 9223372036854775807, 0, 9223372036851809807
1, 2967, 0, 9223372036854775807, 0, 9223372036851808807
1, 2968, 0, 9223372036854775807, 0, 9223372036851807807
1, 2969, 0, 9223372036854775807, 0, 9223372036851806807
1, 297, 0, 9223372036854775807, 0, 9223372036854478807
1, 2970, 0, 9223372036854775807, 0, 9223372036851805807
1, 2971, 0, 9223372036854775807, 0, 9223372036851804807
1, 2972, 0, 9223372036854775807, 0, 9223372036851803807
1, 2973, 0, 9223372036854775807, 0, 9223372036851802807
1, 2974, 0, 9223372036854775807, 0, 9223372036851801807
1, 2975, 0, 9223372036854775807, 0, 9223372036851800807
1, 2976, 0, 9223372036854775807, 0, 9223372036851799807
1, 2977, 0, 9223372036854775807, 0, 9223372036851798807
1, 2978, 0, 9223372036854775807, 0, 9223372036851797807
1, 2979, 0, 9223372036854775807, 0, 9223372036851796807
1, 298, 0, 9223372036854775807, 0, 9223372036854477807
1, 2980, 0, 9223372036854775807, 0, 9223372036851795807
1, 2981, 0, 9223372036854775807, 0, 9223372036851794807
1, 2982, 0, 9223372036854775807, 0, 9223372036851793807
1, 2983, 0, 9223372036854775807, 0, 9223372036851792807
1, 2984, 0, 9223372036854775807, 0, 9223372036851791807
1, 2985, 0, 9223372036854775807, 0, 9223372036851790807
1, 2986, 0, 9223372036854775807, 0, 9223372036851789807
1, 2987, 0, 9223372036854775807, 0, 9223372036851788807
1, 2988, 0, 9223372036854775807, 0, 9223372036851787807
1, 2989, 0, 9223372036854775807, 0, 9223372036851786807
1, 299, 0, 9223372036854775807, 0, 9223372036854476807
1, 2990, 0, 9223372036854775807, 0, 9223372036851785807
1, 2991, 0, 9223372036854775807, 0, 9223372036851784807
1, 2992, 0, 9223372036854775807, 0, 9223372036851783807
1, 2993, 0, 9223372036854775807, 0, 9223372036851782807
1, 2994, 0, 9223372036854775807, 0, 9223372036851781807
1, 2995, 0, 9223372036854775807, 0, 9223372036851780807
1, 2996, 0, 9223372036854775807, 0, 9223372036851779807
1, 2997, 0, 9223372036854775807, 0, 9223372036851778807
1, 2998, 0, 9223372036854775807, 0, 9223372036851777807
1, 2999, 0, 9223372036854775807, 0, 9223372036851776807
1, 3, 0, 9223372036854775807, 0, 9223372036854772807
1, 30, 0, 9223372036854775807, 0, 9223372036854745807
1, 300, 0, 9223372036854775807, 0, 9223372036854475807
1, 3000, 0, 9223372036854775807, 0, 9223372036851775807
1, 3001, 0, 9223372036854775807, 0, 9223372036851774807
1, 3002, 0, 9223372036854775807, 0, 9223372036851773807
1, 3003, 0, 9223372036854775807, 0, 9223372036851772807
1, 3004, 0, 9223372036854775807, 0, 9223372036851771807
1, 3005, 0, 9223372036854775807, 0, 9223372036851770807
1, 3006, 0, 9223372036854775807, 0, 9223372036851769807
1, 3007, 0, 9223372036854775807, 0, 9223372036851768807
1, 3008, 0, 9223372036854775807, 0, 9223372036851767807
1, 3009, 0, 9223372036854775807, 0, 9223372036851766807
1, 301, 0, 9223372036854775807, 0, 9223372036854474807
1, 3010, 0, 9223372036854775807, 0, 9223372036851765807
1, 3011, 0, 9223372036854775807, 0, 9223372036851764807
1, 3012, 0, 9223372036854775807, 0, 9223372036851763807
1, 3013, 0, 9223372036854775807, 0, 9223372036851762807
1, 3014, 0, 9223372036854775807, 0, 9223372036851761807
1, 3015, 0, 9223372036854775807, 0, 9223372036851760807
1, 3016, 0, 9223372036854775807, 0, 9223372036851759807
1, 3017, 0, 9223372036854775807, 0, 9223372036851758807
1, 3018, 0, 9223372036854775807, 0, 9223372036851757807
1, 3019, 0, 9223372036854775807, 0, 9223372036851756807
1, 302, 0, 9223372036854775807, 0, 9223372036854473807
1, 3020, 0, 9223372036854775807, 0, 9223372036851755807
1, 3021, 0, 9223372036854775807, 0, 9223372036851754807
1, 3022, 0, 9223372036854775807, 0, 9223372036851753807
1, 3023, 0, 9223372036854775807, 0, 9223372036851752807
1, 3024, 0, 9223372036854775807, 0, 9223372036851751807
1, 3025, 0, 9223372036854775807, 0, 9223372036851750807
1, 3026, 0, 9223372036854775807, 0, 9223372036851749807
1, 3027, 0, 9223372036854775807, 0, 9223372036851748807
1, 3028, 0, 9223372036854775807, 0, 9223372036851747807
1, 3029, 0, 9223372036854775807, 0, 9223372036851746807
1, 303, 0, 9223372036854775807, 0, 9223372036854472807
1, 3030, 0, 9223372036854775807, 0, 9223372036851745807
1, 3031, 0, 9223372036854775807, 0, 9223372036851744807
1, 3032, 0, 9223372036854775807, 0, 9223372036851743807
1, 3033, 0, 9223372036854775807, 0, 9223372036851742807
1, 3034, 0, 9223372036854775807, 0, 9223372036851741807
1, 3035, 0, 9223372036854775807, 0, 9223372036851740807
1, 3036, 0, 9223372036854775807, 0, 9223372036851739807
1, 3037, 0, 9223372036854775807, 0, 9223372036851738807
1, 3038, 0, 9223372036854775807, 0, 9223372036851737807
1, 3039, 0, 9223372036854775807, 0, 9223372036851736807
1, 304, 0, 9223372036854775807, 0, 9223372036854471807
1, 3040, 0, 9223372036854775807, 0, 9223372036851735807
1, 3041, 0, 9223372036854775807, 0, 9223372036851734807
1, 3042, 0, 9223372036854775807, 0, 9223372036851733807
1, 3043, 0, 9223372036854775807, 0, 9223372036851732807
1, 3044, 0, 9223372036854775807, 0, 9223372036851731807
1, 3045, 0, 9223372036854775807, 0, 9223372036851730807
1, 3046, 0, 9223372036854775807, 0, 9223372036851729807
1, 3047, 0, 9223372036854775807, 0, 9223372036851728807
1, 3048, 0, 9223372036854775807, 0, 9223372036851727807
1, 3049, 0, 9223372036854775807, 0, 9223372036851726807
1, 305, 0, 9223372036854775807, 0, 9223372036854470807
1, 3050, 0, 9223372036854775807, 0, 9223372036851725807
1, 3051, 0, 9223372036854775807, 0, 9223372036851724807
1, 3052, 0, 9223372036854775807, 0, 9223372036851723807
1, 3053, 0, 9223372036854775807, 0, 9223372036851722807
1, 3054, 0, 9223372036854775807, 0, 9223372036851721807
1, 3055, 0, 9223372036854775807, 0, 9223372036851720807
1, 3056, 0, 9223372036854775807, 0, 9223372036851719807
1, 3057, 0, 9223372036854775807, 0, 9223372036851718807
1, 3058, 0, 9223372036854775807, 0, 9223372036851717807
1, 3059, 0, 9223372036854775807, 0, 9223372036851716807
1, 306, 0, 9223372036854775807, 0, 9223372036854469807
1, 3060, 0, 9223372036854775807, 0, 9223372036851715807
1, 3061, 0, 9223372036854775807, 0, 9223372036851714807
1, 3062, 0, 9223372036854775807, 0, 9223372036851713807
1, 3063, 0, 9223372036854775807, 0, 9223372036851712807
1, 3064, 0, 9223372036854775807, 0, 9223372036851711807
1, 3065, 0, 9223372036854775807, 0, 9223372036851710807
1, 3066, 0, 9223372036854775807, 0, 9223372036851709807
1, 3067, 0, 9223372036854775807, 0, 9223372036851708807
1, 3068, 0, 9223372036854775807, 0, 9223372036851707807
1, 3069, 0, 9223372036854775807, 0, 9223372036851706807
1, 307, 0, 9223372036854775807, 0, 9223372036854468807
1, 3070, 0, 9223372036854775807, 0, 9223372036851705807
1, 3071, 0, 9223372036854775807, 0, 9223372036851704807
1, 3072, 0, 9223372036854775807, 0, 9223372036851703807
1, 3073, 0, 9223372036854775807, 0, 9223372036851702807
1, 3074, 0, 9223372036854775807, 0, 9223372036851701807
1, 3075, 0, 9223372036854775807, 0, 9223372036851700807
1, 3076, 0, 9223372036854775807, 0, 9223372036851699807
1, 3077, 0, 9223372036854775807, 0, 9223372036851698807
1, 3078, 0, 9223372036854775807, 0, 9223372036851697807
1, 3079, 0, 9223372036854775807, 0, 9223372036851696807
1, 308, 0, 9223372036854775807, 0, 9223372036854467807
1, 3080, 0, 9223372036854775807, 0, 9223372036851695807
1, 3081, 0, 9223372036854775807, 0, 9223372036851694807
1, 3082, 0, 9223372036854775807, 0, 9223372036851693807
1, 3083, 0, 9223372036854775807, 0, 9223372036851692807
1, 3084, 0, 9223372036854775807, 0, 9223372036851691807
1, 3085, 0, 9223372036854775807, 0, 9223372036851690807
1, 3086, 0, 9223372036854775807, 0, 9223372036851689807
1, 3087, 0, 9223372036854775807, 0, 9223372036851688807
1, 3088, 0, 9223372036854775807, 0, 9223372036851687807
1, 3089, 0, 9223372036854775807, 0, 9223372036851686807
1, 309, 0, 9223372036854775807, 0, 9223372036854466807
1, 3090, 0, 9223372036854775807, 0, 9223372036851685807
1, 3091, 0, 9223372036854775807, 0, 9223372036851684807
1, 3092, 0, 9223372036854775807, 0, 9223372036851683807
1, 3093, 0, 9223372036854775807, 0, 9223372036851682807
1, 3094, 0, 9223372036854775807, 0, 9223372036851681807
1, 3095, 0, 9223372036854775807, 0, 9223372036851680807
1, 3096, 0, 9223372036854775807, 0, 9223372036851679807
1, 3097, 0, 9223372036854775807, 0, 9223372036851678807
1, 3098, 0, 9223372036854775807, 0, 9223372036851677807
1, 3099, 0, 9223372036854775807, 0, 9223372036851676807
1, 31, 0, 9223372036854775807, 0, 9223372036854744807
1, 310, 0, 9223372036854775807, 0, 9223372036854465807
1, 3100, 0, 9223372036854775807, 0, 9223372036851675807
1, 3101, 0, 9223372036854775807, 0, 9223372036851674807
1, 3102, 0, 9223372036854775807, 0, 9223372036851673807
1, 3103, 0, 9223372036854775807, 0, 9223372036851672807
1, 3104, 0, 9223372036854775807, 0, 9223372036851671807
1, 3105, 0, 9223372036854775807, 0, 9223372036851670807
1, 3106, 0, 9223372036854775807, 0, 9223372036851669807
1, 3107, 0, 9223372036854775807, 0, 9223372036851668807
1, 3108, 0, 9223372036854775807, 0, 9223372036851667807
1, 3109, 0, 9223372036854775807, 0, 9223372036851666807
1, 311, 0, 9223372036854775807, 0, 9223372036854464807
1, 3110, 0, 9223372036854775807, 0, 9223372036851665807
1, 3111, 0, 9223372036854775807, 0, 9223372036851664807
1, 3112, 0, 9223372036854775807, 0, 9223372036851663807
1, 3113, 0, 9223372036854775807, 0, 9223372036851662807
1, 3114, 0, 9223372036854775807, 0, 9223372036851661807
1, 3115, 0, 9223372036854775807, 0, 9223372036851660807
1, 3116, 0, 9223372036854775807, 0, 9223372036851659807
1, 3117, 0, 9223372036854775807, 0, 9223372036851658807
1, 3118, 0, 9223372036854775807, 0, 9223372036851657807
1, 3119, 0, 9223372036854775807, 0, 9223372036851656807
1, 312, 0, 9223372036854775807, 0, 9223372036854463807
1, 3120, 0, 9223372036854775807, 0, 9223372036851655807
1, 3121, 0, 9223372036854775807, 0, 9223372036851654807
1, 3122, 0, 9223372036854775807, 0, 9223372036851653807
1, 3123, 0, 9223372036854775807, 0, 9223372036851652807
1, 3124, 0, 9223372036854775807, 0, 9223372036851651807
1, 3125, 0, 9223372036854775807, 0, 9223372036851650807
1, 3126, 0, 9223372036854775807, 0, 9223372036851649807
1, 3127, 0, 9223372036854775807, 0, 9223372036851648807
1, 3128, 0, 9223372036854775807, 0, 9223372036851647807
1, 3129, 0, 9223372036854775807, 0, 9223372036851646807
1, 313, 0, 9223372036854775807, 0, 9223372036854462807
1, 3130, 0, 9223372036854775807, 0, 9223372036851645807
1, 3131, 0, 9223372036854775807, 0, 9223372036851644807
1, 3132, 0, 9223372036854775807, 0, 9223372036851643807
1, 3133, 0, 9223372036854775807, 0, 9223372036851642807
1, 3134, 0, 9223372036854775807, 0, 9223372036851641807
1, 3135, 0, 9223372036854775807, 0, 9223372036851640807
1, 3136, 0, 9223372036854775807, 0, 9223372036851639807
1, 3137, 0, 9223372036854775807, 0, 9223372036851638807
1, 3138, 0, 9223372036854775807, 0, 9223372036851637807
1, 3139, 0, 9223372036854775807, 0, 9223372036851636807
1, 314, 0, 9223372036854775807, 0, 9223372036854461807
1, 3140, 0, 9223372036854775807, 0, 9223372036851635807
1, 3141, 0, 9223372036854775807, 0, 9223372036851634807
1, 3142, 0, 9223372036854775807, 0, 9223372036851633807
1, 3143, 0, 9223372036854775807, 0, 9223372036851632807
1, 3144, 0, 9223372036854775807, 0, 9223372036851631807
1, 3145, 0, 9223372036854775807, 0, 9223372036851630807
1, 3146, 0, 9223372036854775807, 0, 9223372036851629807
1, 3147, 0, 9223372036854775807, 0, 9223372036851628807
1, 3148, 0, 9223372036854775807, 0, 9223372036851627807
1, 3149, 0, 9223372036854775807, 0, 9223372036851626807
1, 315, 0, 9223372036854775807, 0, 9223372036854460807
1, 3150, 0, 9223372036854775807, 0, 9223372036851625807
1, 3151, 0, 9223372036854775807, 0, 9223372036851624807
1, 3152, 0, 9223372036854775807, 0, 9223372036851623807
1, 3153, 0, 9223372036854775807, 0, 9223372036851622807
1, 3154, 0, 9223372036854775807, 0, 9223372036851621807
1, 3155, 0, 9223372036854775807, 0, 9223372036851620807
1, 3156, 0, 9223372036854775807, 0, 9223372036851619807
1, 3157, 0, 9223372036854775807, 0, 9223372036851618807
1, 3158, 0, 9223372036854775807, 0, 9223372036851617807
1, 3159, 0, 9223372036854775807, 0, 9223372036851616807
1, 316, 0, 9223372036854775807, 0, 9223372036854459807
1, 3160, 0, 9223372036854775807, 0, 9223372036851615807
1, 3161, 0, 9223372036854775807, 0, 9223372036851614807
1, 3162, 0, 9223372036854775807, 0, 9223372036851613807
1, 3163, 0, 9223372036854775807, 0, 9223372036851612807
1, 3164, 0, 9223372036854775807, 0, 9223372036851611807
1, 3165, 0, 9223372036854775807, 0, 9223372036851610807
1, 3166, 0, 9223372036854775807, 0, 9223372036851609807
1, 3167, 0, 9223372036854775807, 0, 9223372036851608807
1, 3168, 0, 9223372036854775807, 0, 9223372036851607807
1, 3169, 0, 9223372036854775807, 0, 9223372036851606807
1, 317, 0, 9223372036854775807, 0, 9223372036854458807
1, 3170, 0, 9223372036854775807, 0, 9223372036851605807
1, 3171, 0, 9223372036854775807, 0, 9223372036851604807
1, 3172, 0, 9223372036854775807, 0, 9223372036851603807
1, 3173, 0, 9223372036854775807, 0, 9223372036851602807
1, 3174, 0, 9223372036854775807, 0, 9223372036851601807
1, 3175, 0, 9223372036854775807, 0, 9223372036851600807
1, 3176, 0, 9223372036854775807, 0, 9223372036851599807
1, 3177, 0, 9223372036854775807, 0, 9223372036851598807
1, 3178, 0, 9223372036854775807, 0, 9223372036851597807
1, 3179, 0, 9223372036854775807, 0, 9223372036851596807
1, 318, 0, 9223372036854775807, 0, 9223372036854457807
1, 3180, 0, 9223372036854775807, 0, 9223372036851595807
1, 3181, 0, 9223372036854775807, 0, 9223372036851594807
1, 3182, 0, 9223372036854775807, 0, 9223372036851593807
1, 3183, 0, 9223372036854775807, 0, 9223372036851592807
1, 3184, 0, 9223372036854775807, 0, 9223372036851591807
1, 3185, 0, 9223372036854775807, 0, 9223372036851590807
1, 3186, 0, 9223372036854775807, 0, 9223372036851589807
1, 3187, 0, 9223372036854775807, 0, 9223372036851588807
1, 3188, 0, 9223372036854775807, 0, 9223372036851587807
1, 3189, 0, 9223372036854775807, 0, 9223372036851586807
1, 319, 0, 9223372036854775807, 0, 9223372036854456807
1, 3190, 0, 9223372036854775807, 0, 9223372036851585807
1, 3191, 0, 9223372036854775807, 0, 9223372036851584807
1, 3192, 0, 9223372036854775807, 0, 9223372036851583807
1, 3193, 0, 9223372036854775807, 0, 9223372036851582807
1, 3194, 0, 9223372036854775807, 0, 9223372036851581807
1, 3195, 0, 9223372036854775807, 0, 9223372036851580807
1, 3196, 0, 9223372036854775807, 0, 9223372036851579807
1, 3197, 0, 9223372036854775807, 0, 9223372036851578807
1, 3198, 0, 9223372036854775807, 0, 9223372036851577807
1, 3199, 0, 9223372036854775807, 0, 9223372036851576807
1, 32, 0, 9223372036854775807, 0, 9223372036854743807
1, 320, 0, 9223372036854775807, 0, 9223372036854455807
1, 3200, 0, 9223372036854775807, 0, 9223372036851575807
1, 3201, 0, 9223372036854775807, 0, 9223372036851574807
1, 3202, 0, 9223372036854775807, 0, 9223372036851573807
1, 3203, 0, 9223372036854775807, 0, 9223372036851572807
1, 3204, 0, 9223372036854775807, 0, 9223372036851571807
1, 3205, 0, 9223372036854775807, 0, 9223372036851570807
1, 3206, 0, 9223372036854775807, 0, 9223372036851569807
1, 3207, 0, 9223372036854775807, 0, 9223372036851568807
1, 3208, 0, 9223372036854775807, 0, 9223372036851567807
1, 3209, 0, 9223372036854775807, 0, 9223372036851566807
1, 321, 0, 9223372036854775807, 0, 9223372036854454807
1, 3210, 0, 9223372036854775807, 0, 9223372036851565807
1, 3211, 0, 9223372036854775807, 0, 9223372036851564807
1, 3212, 0, 9223372036854775807, 0, 9223372036851563807
1, 3213, 0, 9223372036854775807, 0, 9223372036851562807
1, 3214, 0, 9223372036854775807, 0, 9223372036851561807
1, 3215, 0, 9223372036854775807, 0, 9223372036851560807
1, 3216, 0, 9223372036854775807, 0, 9223372036851559807
1, 3217, 0, 9223372036854775807, 0, 9223372036851558807
1, 3218, 0, 9223372036854775807, 0, 9223372036851557807
1, 3219, 0, 9223372036854775807, 0, 9223372036851556807
1, 322, 0, 9223372036854775807, 0, 9223372036854453807
1, 3220, 0, 9223372036854775807, 0, 9223372036851555807
1, 3221, 0, 9223372036854775807, 0, 9223372036851554807
1, 3222, 0, 9223372036854775807, 0, 9223372036851553807
1, 3223, 0, 9223372036854775807, 0, 9223372036851552807
1, 3224, 0, 9223372036854775807, 0, 9223372036851551807
1, 3225, 0, 9223372036854775807, 0, 9223372036851550807
1, 3226, 0, 9223372036854775807, 0, 9223372036851549807
1, 3227, 0, 9223372036854775807, 0, 9223372036851548807
1, 3228, 0, 9223372036854775807, 0, 9223372036851547807
1, 3229, 0, 9223372036854775807, 0, 9223372036851546807
1, 323, 0, 9223372036854775807, 0, 9223372036854452807
1, 3230, 0, 9223372036854775807, 0, 9223372036851545807
1, 3231, 0, 9223372036854775807, 0, 9223372036851544807
1, 3232, 0, 9223372036854775807, 0, 9223372036851543807
1, 3233, 0, 9223372036854775807, 0, 9223372036851542807
1, 3234, 0, 9223372036854775807, 0, 9223372036851541807
1, 3235, 0, 9223372036854775807, 0, 9223372036851540807
1, 3236, 0, 9223372036854775807, 0, 9223372036851539807
1, 3237, 0, 9223372036854775807, 0, 9223372036851538807
1, 3238, 0, 9223372036854775807, 0, 9223372036851537807
1, 3239, 0, 9223372036854775807, 0, 9223372036851536807
1, 324, 0, 9223372036854775807, 0, 9223372036854451807
1, 3240, 0, 9223372036854775807, 0, 9223372036851535807
1, 3241, 0, 9223372036854775807, 0, 9223372036851534807
1, 3242, 0, 9223372036854775807, 0, 9223372036851533807
1, 3243, 0, 9223372036854775807, 0, 9223372036851532807
1, 3244, 0, 9223372036854775807, 0, 9223372036851531807
1, 3245, 0, 9223372036854775807, 0, 9223372036851530807
1, 3246, 0, 9223372036854775807, 0, 9223372036851529807
1, 3247, 0, 9223372036854775807, 0, 9223372036851528807
1, 3248, 0, 9223372036854775807, 0, 9223372036851527807
1, 3249, 0, 9223372036854775807, 0, 9223372036851526807
1, 325, 0, 9223372036854775807, 0, 9223372036854450807
1, 3250, 0, 9223372036854775807, 0, 9223372036851525807
1, 3251, 0, 9223372036854775807, 0, 9223372036851524807
1, 3252, 0, 9223372036854775807, 0, 9223372036851523807
1, 3253, 0, 9223372036854775807, 0, 9223372036851522807
1, 3254, 0, 9223372036854775807, 0, 9223372036851521807
1, 3255, 0, 9223372036854775807, 0, 9223372036851520807
1, 3256, 0, 9223372036854775807, 0, 9223372036851519807
1, 3257, 0, 9223372036854775807, 0, 9223372036851518807
1, 3258, 0, 9223372036854775807, 0, 9223372036851517807
1, 3259, 0, 9223372036854775807, 0, 9223372036851516807
1, 326, 0, 9223372036854775807, 0, 9223372036854449807
1, 3260, 0, 9223372036854775807, 0, 9223372036851515807
1, 3261, 0, 9223372036854775807, 0, 9223372036851514807
1, 3262, 0, 9223372036854775807, 0, 9223372036851513807
1, 3263, 0, 9223372036854775807, 0, 9223372036851512807
1, 3264, 0, 9223372036854775807, 0, 9223372036851511807
1, 3265, 0, 9223372036854775807, 0, 9223372036851510807
1, 3266, 0, 9223372036854775807, 0, 9223372036851509807
1, 3267, 0, 9223372036854775807, 0, 9223372036851508807
1, 3268, 0, 9223372036854775807, 0, 9223372036851507807
1, 3269, 0, 9223372036854775807, 0, 9223372036851506807
1, 327, 0, 9223372036854775807, 0, 9223372036854448807
1, 3270, 0, 9223372036854775807, 0, 9223372036851505807
1, 3271, 0, 9223372036854775807, 0, 9223372036851504807
1, 3272, 0, 9223372036854775807, 0, 9223372036851503807
1, 3273, 0, 9223372036854775807, 0, 9223372036851502807
1, 3274, 0, 9223372036854775807, 0, 9223372036851501807
1, 3275, 0, 9223372036854775807, 0, 9223372036851500807
1, 3276, 0, 9223372036854775807, 0, 9223372036851499807
1, 3277, 0, 9223372036854775807, 0, 9223372036851498807
1, 3278, 0, 9223372036854775807, 0, 9223372036851497807
1, 3279, 0, 9223372036854775807, 0, 9223372036851496807
1, 328, 0, 9223372036854775807, 0, 9223372036854447807
1, 3280, 0, 9223372036854775807, 0, 9223372036851495807
1, 3281, 0, 9223372036854775807, 0, 9223372036851494807
1, 3282, 0, 9223372036854775807, 0, 9223372036851493807
1, 3283, 0, 9223372036854775807, 0, 9223372036851492807
1, 3284, 0, 9223372036854775807, 0, 9223372036851491807
1, 3285, 0, 9223372036854775807, 0, 9223372036851490807
1, 3286, 0, 9223372036854775807, 0, 9223372036851489807
1, 3287, 0, 9223372036854775807, 0, 9223372036851488807
1, 3288, 0, 9223372036854775807, 0, 9223372036851487807
1, 3289, 0, 9223372036854775807, 0, 9223372036851486807
1, 329, 0, 9223372036854775807, 0, 9223372036854446807
1, 3290, 0, 9223372036854775807, 0, 9223372036851485807
1, 3291, 0, 9223372036854775807, 0, 9223372036851484807
1, 3292, 0, 9223372036854775807, 0, 9223372036851483807
1, 3293, 0, 9223372036854775807, 0, 9223372036851482807
1, 3294, 0, 9223372036854775807, 0, 9223372036851481807
1, 3295, 0, 9223372036854775807, 0, 9223372036851480807
1, 3296, 0, 9223372036854775807, 0, 9223372036851479807
1, 3297, 0, 9223372036854775807, 0, 9223372036851478807
1, 3298, 0, 9223372036854775807, 0, 9223372036851477807
1, 3299, 0, 9223372036854775807, 0, 9223372036851476807
1, 33, 0, 9223372036854775807, 0, 9223372036854742807
1, 330, 0, 9223372036854775807, 0, 9223372036854445807
1, 3300, 0, 9223372036854775807, 0, 9223372036851475807
1, 3301, 0, 9223372036854775807, 0, 9223372036851474807
1, 3302, 0, 9223372036854775807, 0, 9223372036851473807
1, 3303, 0, 9223372036854775807, 0, 9223372036851472807
1, 3304, 0, 9223372036854775807, 0, 9223372036851471807
1, 3305, 0, 9223372036854775807, 0, 9223372036851470807
1, 3306, 0, 9223372036854775807, 0, 9223372036851469807
1, 3307, 0, 9223372036854775807, 0, 9223372036851468807
1, 3308, 0, 9223372036854775807, 0, 9223372036851467807
1, 3309, 0, 9223372036854775807, 0, 9223372036851466807
1, 331, 0, 9223372036854775807, 0, 9223372036854444807
1, 3310, 0, 9223372036854775807, 0, 9223372036851465807
1, 3311, 0, 9223372036854775807, 0, 9223372036851464807
1, 3312, 0, 9223372036854775807, 0, 9223372036851463807
1, 3313, 0, 9223372036854775807, 0, 9223372036851462807
1, 3314, 0, 9223372036854775807, 0, 9223372036851461807
1, 3315, 0, 9223372036854775807, 0, 9223372036851460807
1, 3316, 0, 9223372036854775807, 0, 9223372036851459807
1, 3317, 0, 9223372036854775807, 0, 9223372036851458807
1, 3318, 0, 9223372036854775807, 0, 9223372036851457807
1, 3319, 0, 9223372036854775807, 0, 9223372036851456807
1, 332, 0, 9223372036854775807, 0, 9223372036854443807
1, 3320, 0, 9223372036854775807, 0, 9223372036851455807
1, 3321, 0, 9223372036854775807, 0, 9223372036851454807
1, 3322, 0, 9223372036854775807, 0, 9223372036851453807
1, 3323, 0, 9223372036854775807, 0, 9223372036851452807
1, 3324, 0, 9223372036854775807, 0, 9223372036851451807
1, 3325, 0, 9223372036854775807, 0, 9223372036851450807
1, 3326, 0, 9223372036854775807, 0, 9223372036851449807
1, 3327, 0, 9223372036854775807, 0, 9223372036851448807
1, 3328, 0, 9223372036854775807, 0, 9223372036851447807
1, 3329, 0, 9223372036854775807, 0, 9223372036851446807
1, 333, 0, 9223372036854775807, 0, 9223372036854442807
1, 3330, 0, 9223372036854775807, 0, 9223372036851445807
1, 3331, 0, 9223372036854775807, 0, 9223372036851444807
1, 3332, 0, 9223372036854775807, 0, 9223372036851443807
1, 3333, 0, 9223372036854775807, 0, 9223372036851442807
1, 3334, 0, 9223372036854775807, 0, 9223372036851441807
1, 3335, 0, 9223372036854775807, 0, 9223372036851440807
1, 3336, 0, 9223372036854775807, 0, 9223372036851439807
1, 3337, 0, 9223372036854775807, 0, 9223372036851438807
1, 3338, 0, 9223372036854775807, 0, 9223372036851437807
1, 3339, 0, 9223372036854775807, 0, 9223372036851436807
1, 334, 0, 9223372036854775807, 0, 9223372036854441807
1, 3340, 0, 9223372036854775807, 0, 9223372036851435807
1, 3341, 0, 9223372036854775807, 0, 9223372036851434807
1, 3342, 0, 9223372036854775807, 0, 9223372036851433807
1, 3343, 0, 9223372036854775807, 0, 9223372036851432807
1, 3344, 0, 9223372036854775807, 0, 9223372036851431807
1, 3345, 0, 9223372036854775807, 0, 9223372036851430807
1, 3346, 0, 9223372036854775807, 0, 9223372036851429807
1, 3347, 0, 9223372036854775807, 0, 9223372036851428807
1, 3348, 0, 9223372036854775807, 0, 9223372036851427807
1, 3349, 0, 9223372036854775807, 0, 9223372036851426807
1, 335, 0, 9223372036854775807, 0, 9223372036854440807
1, 3350, 0, 9223372036854775807, 0, 9223372036851425807
1, 3351, 0, 9223372036854775807, 0, 9223372036851424807
1, 3352, 0, 9223372036854775807, 0, 9223372036851423807
1, 3353, 0, 9223372036854775807, 0, 9223372036851422807
1, 3354, 0, 9223372036854775807, 0, 9223372036851421807
1, 3355, 0, 9223372036854775807, 0, 9223372036851420807
1, 3356, 0, 9223372036854775807, 0, 9223372036851419807
1, 3357, 0, 9223372036854775807, 0, 9223372036851418807
1, 3358, 0, 9223372036854775807, 0, 9223372036851417807
1, 3359, 0, 9223372036854775807, 0, 9223372036851416807
1, 336, 0, 9223372036854775807, 0, 9223372036854439807
1, 3360, 0, 9223372036854775807, 0, 9223372036851415807
1, 3361, 0, 9223372036854775807, 0, 9223372036851414807
1, 3362, 0, 9223372036854775807, 0, 9223372036851413807
1, 3363, 0, 9223372036854775807, 0, 9223372036851412807
1, 3364, 0, 9223372036854775807, 0, 9223372036851411807
1, 3365, 0, 9223372036854775807, 0, 9223372036851410807
1, 3366, 0, 9223372036854775807, 0, 9223372036851409807
1, 3367, 0, 9223372036854775807, 0, 9223372036851408807
1, 3368, 0, 9223372036854775807, 0, 9223372036851407807
1, 3369, 0, 9223372036854775807, 0, 9223372036851406807
1, 337, 0, 9223372036854775807, 0, 9223372036854438807
1, 3370, 0, 9223372036854775807, 0, 9223372036851405807
1, 3371, 0, 9223372036854775807, 0, 9223372036851404807
1, 3372, 0, 9223372036854775807, 0, 9223372036851403807
1, 3373, 0, 9223372036854775807, 0, 9223372036851402807
1, 3374, 0, 9223372036854775807, 0, 9223372036851401807
1, 3375, 0, 9223372036854775807, 0, 9223372036851400807
1, 3376, 0, 9223372036854775807, 0, 9223372036851399807
1, 3377, 0, 9223372036854775807, 0, 9223372036851398807
1, 3378, 0, 9223372036854775807, 0, 9223372036851397807
1, 3379, 0, 9223372036854775807, 0, 9223372036851396807
1, 338, 0, 9223372036854775807, 0, 9223372036854437807
1, 3380, 0, 9223372036854775807, 0, 9223372036851395807
1, 3381, 0, 9223372036854775807, 0, 9223372036851394807
1, 3382, 0, 9223372036854775807, 0, 9223372036851393807
1, 3383, 0, 9223372036854775807, 0, 9223372036851392807
1, 3384, 0, 9223372036854775807, 0, 9223372036851391807
1, 3385, 0, 9223372036854775807, 0, 9223372036851390807
1, 3386, 0, 9223372036854775807, 0, 9223372036851389807
1, 3387, 0, 9223372036854775807, 0, 9223372036851388807
1, 3388, 0, 9223372036854775807, 0, 9223372036851387807
1, 3389, 0, 9223372036854775807, 0, 9223372036851386807
1, 339, 0, 9223372036854775807, 0, 9223372036854436807
1, 3390, 0, 9223372036854775807, 0, 9223372036851385807
1, 3391, 0, 9223372036854775807, 0, 9223372036851384807
1, 3392, 0, 9223372036854775807, 0, 9223372036851383807
1, 3393, 0, 9223372036854775807, 0, 9223372036851382807
1, 3394, 0, 9223372036854775807, 0, 9223372036851381807
1, 3395, 0, 9223372036854775807, 0, 9223372036851380807
1, 3396, 0, 9223372036854775807, 0, 9223372036851379807
1, 3397, 0, 9223372036854775807, 0, 9223372036851378807
1, 3398, 0, 9223372036854775807, 0, 9223372036851377807
1, 3399, 0, 9223372036854775807, 0, 9223372036851376807
1, 34, 0, 9223372036854775807, 0, 9223372036854741807
1, 340, 0, 9223372036854775807, 0, 9223372036854435807
1, 3400, 0, 9223372036854775807, 0, 9223372036851375807
1, 3401, 0, 9223372036854775807, 0, 9223372036851374807
1, 3402, 0, 9223372036854775807, 0, 9223372036851373807
1, 3403, 0, 9223372036854775807, 0, 9223372036851372807
1, 3404, 0, 9223372036854775807, 0, 9223372036851371807
1, 3405, 0, 9223372036854775807, 0, 9223372036851370807
1, 3406, 0, 9223372036854775807, 0, 9223372036851369807
1, 3407, 0, 9223372036854775807, 0, 9223372036851368807
1, 3408, 0, 9223372036854775807, 0, 9223372036851367807
1, 3409, 0, 9223372036854775807, 0, 9223372036851366807
1, 341, 0, 9223372036854775807, 0, 9223372036854434807
1, 3410, 0, 9223372036854775807, 0, 9223372036851365807
1, 3411, 0, 9223372036854775807, 0, 9223372036851364807
1, 3412, 0, 9223372036854775807, 0, 9223372036851363807
1, 3413, 0, 9223372036854775807, 0, 9223372036851362807
1, 3414, 0, 9223372036854775807, 0, 9223372036851361807
1, 3415, 0, 9223372036854775807, 0, 9223372036851360807
1, 3416, 0, 9223372036854775807, 0, 9223372036851359807
1, 3417, 0, 9223372036854775807, 0, 9223372036851358807
1, 3418, 0, 9223372036854775807, 0, 9223372036851357807
1, 3419, 0, 9223372036854775807, 0, 9223372036851356807
1, 342, 0, 9223372036854775807, 0, 9223372036854433807
1, 3420, 0, 9223372036854775807, 0, 9223372036851355807
1, 3421, 0, 9223372036854775807, 0, 9223372036851354807
1, 3422, 0, 9223372036854775807, 0, 9223372036851353807
1, 3423, 0, 9223372036854775807, 0, 9223372036851352807
1, 3424, 0, 9223372036854775807, 0, 9223372036851351807
1, 3425, 0, 9223372036854775807, 0, 9223372036851350807
1, 3426, 0, 9223372036854775807, 0, 9223372036851349807
1, 3427, 0, 9223372036854775807, 0, 9223372036851348807
1, 3428, 0, 9223372036854775807, 0, 9223372036851347807
1, 3429, 0, 9223372036854775807, 0, 9223372036851346807
1, 343, 0, 9223372036854775807, 0, 9223372036854432807
1, 3430, 0, 9223372036854775807, 0, 9223372036851345807
1, 3431, 0, 9223372036854775807, 0, 9223372036851344807
1, 3432, 0, 9223372036854775807, 0, 9223372036851343807
1, 3433, 0, 9223372036854775807, 0, 9223372036851342807
1, 3434, 0, 9223372036854775807, 0, 9223372036851341807
1, 3435, 0, 9223372036854775807, 0, 9223372036851340807
1, 3436, 0, 9223372036854775807, 0, 9223372036851339807
1, 3437, 0, 9223372036854775807, 0, 9223372036851338807
1, 3438, 0, 9223372036854775807, 0, 9223372036851337807
1, 3439, 0, 9223372036854775807, 0, 9223372036851336807
1, 344, 0, 9223372036854775807, 0, 9223372036854431807
1, 3440, 0, 9223372036854775807, 0, 9223372036851335807
1, 3441, 0, 9223372036854775807, 0, 9223372036851334807
1, 3442, 0, 9223372036854775807, 0, 9223372036851333807
1, 3443, 0, 9223372036854775807, 0, 9223372036851332807
1, 3444, 0, 9223372036854775807, 0, 9223372036851331807
1, 3445, 0, 9223372036854775807, 0, 9223372036851330807
1, 3446, 0, 9223372036854775807, 0, 9223372036851329807
1, 3447, 0, 9223372036854775807, 0, 9223372036851328807
1, 3448, 0, 9223372036854775807, 0, 9223372036851327807
1, 3449, 0, 9223372036854775807, 0, 9223372036851326807
1, 345, 0, 9223372036854775807, 0, 9223372036854430807
1, 3450, 0, 9223372036854775807, 0, 9223372036851325807
1, 3451, 0, 9223372036854775807, 0, 9223372036851324807
1, 3452, 0, 9223372036854775807, 0, 9223372036851323807
1, 3453, 0, 9223372036854775807, 0, 9223372036851322807
1, 3454, 0, 9223372036854775807, 0, 9223372036851321807
1, 3455, 0, 9223372036854775807, 0, 9223372036851320807
1, 3456, 0, 9223372036854775807, 0, 9223372036851319807
1, 3457, 0, 9223372036854775807, 0, 9223372036851318807
1, 3458, 0, 9223372036854775807, 0, 9223372036851317807
1, 3459, 0, 9223372036854775807, 0, 9223372036851316807
1, 346, 0, 9223372036854775807, 0, 9223372036854429807
1, 3460, 0, 9223372036854775807, 0, 9223372036851315807
1, 3461, 0, 9223372036854775807, 0, 9223372036851314807
1, 3462, 0, 9223372036854775807, 0, 9223372036851313807
1, 3463, 0, 9223372036854775807, 0, 9223372036851312807
1, 3464, 0, 9223372036854775807, 0, 9223372036851311807
1, 3465, 0, 9223372036854775807, 0, 9223372036851310807
1, 3466, 0, 9223372036854775807, 0, 9223372036851309807
1, 3467, 0, 9223372036854775807, 0, 9223372036851308807
1, 3468, 0, 9223372036854775807, 0, 9223372036851307807
1, 3469, 0, 9223372036854775807, 0, 9223372036851306807
1, 347, 0, 9223372036854775807, 0, 9223372036854428807
1, 3470, 0, 9223372036854775807, 0, 9223372036851305807
1, 3471, 0, 9223372036854775807, 0, 9223372036851304807
1, 3472, 0, 9223372036854775807, 0, 9223372036851303807
1, 3473, 0, 9223372036854775807, 0, 9223372036851302807
1, 3474, 0, 9223372036854775807, 0, 9223372036851301807
1, 3475, 0, 9223372036854775807, 0, 9223372036851300807
1, 3476, 0, 9223372036854775807, 0, 9223372036851299807
1, 3477, 0, 9223372036854775807, 0, 9223372036851298807
1, 3478, 0, 9223372036854775807, 0, 9223372036851297807
1, 3479, 0, 9223372036854775807, 0, 9223372036851296807
1, 348, 0, 9223372036854775807, 0, 9223372036854427807
1, 3480, 0, 9223372036854775807, 0, 9223372036851295807
1, 3481, 0, 9223372036854775807, 0, 9223372036851294807
1, 3482, 0, 9223372036854775807, 0, 9223372036851293807
1, 3483, 0, 9223372036854775807, 0, 9223372036851292807
1, 3484, 0, 9223372036854775807, 0, 9223372036851291807
1, 3485, 0, 9223372036854775807, 0, 9223372036851290807
1, 3486, 0, 9223372036854775807, 0, 9223372036851289807
1, 3487, 0, 9223372036854775807, 0, 9223372036851288807
1, 3488, 0, 9223372036854775807, 0, 9223372036851287807
1, 3489, 0, 9223372036854775807, 0, 9223372036851286807
1, 349, 0, 9223372036854775807, 0, 9223372036854426807
1, 3490, 0, 9223372036854775807, 0, 9223372036851285807
1, 3491, 0, 9223372036854775807, 0, 9223372036851284807
1, 3492, 0, 9223372036854775807, 0, 9223372036851283807
1, 3493, 0, 9223372036854775807, 0, 9223372036851282807
1, 3494, 0, 9223372036854775807, 0, 9223372036851281807
1, 3495, 0, 9223372036854775807, 0, 9223372036851280807
1, 3496, 0, 9223372036854775807, 0, 9223372036851279807
1, 3497, 0, 9223372036854775807, 0, 9223372036851278807
1, 3498, 0, 9223372036854775807, 0, 9223372036851277807
1, 3499, 0, 9223372036854775807, 0, 9223372036851276807
1, 35, 0, 9223372036854775807, 0, 9223372036854740807
1, 350, 0, 9223372036854775807, 0, 9223372036854425807
1, 3500, 0, 9223372036854775807, 0, 9223372036851275807
1, 3501, 0, 9223372036854775807, 0, 9223372036851274807
1, 3502, 0, 9223372036854775807, 0, 9223372036851273807
1, 3503, 0, 9223372036854775807, 0, 9223372036851272807
1, 3504, 0, 9223372036854775807, 0, 9223372036851271807
1, 3505, 0, 9223372036854775807, 0, 9223372036851270807
1, 3506, 0, 9223372036854775807, 0, 9223372036851269807
1, 3507, 0, 9223372036854775807, 0, 9223372036851268807
1, 3508, 0, 9223372036854775807, 0, 9223372036851267807
1, 3509, 0, 9223372036854775807, 0, 9223372036851266807
1, 351, 0, 9223372036854775807, 0, 9223372036854424807
1, 3510, 0, 9223372036854775807, 0, 9223372036851265807
1, 3511, 0, 9223372036854775807, 0, 9223372036851264807
1, 3512, 0, 9223372036854775807, 0, 9223372036851263807
1, 3513, 0, 9223372036854775807, 0, 9223372036851262807
1, 3514, 0, 9223372036854775807, 0, 9223372036851261807
1, 3515, 0, 9223372036854775807, 0, 9223372036851260807
1, 3516, 0, 9223372036854775807, 0, 9223372036851259807
1, 3517, 0, 9223372036854775807, 0, 9223372036851258807
1, 3518, 0, 9223372036854775807, 0, 9223372036851257807
1, 3519, 0, 9223372036854775807, 0, 9223372036851256807
1, 352, 0, 9223372036854775807, 0, 9223372036854423807
1, 3520, 0, 9223372036854775807, 0, 9223372036851255807
1, 3521, 0, 9223372036854775807, 0, 9223372036851254807
1, 3522, 0, 9223372036854775807, 0, 9223372036851253807
1, 3523, 0, 9223372036854775807, 0, 9223372036851252807
1, 3524, 0, 9223372036854775807, 0, 9223372036851251807
1, 3525, 0, 9223372036854775807, 0, 9223372036851250807
1, 3526, 0, 9223372036854775807, 0, 9223372036851249807
1, 3527, 0, 9223372036854775807, 0, 9223372036851248807
1, 3528, 0, 9223372036854775807, 0, 9223372036851247807
1, 3529, 0, 9223372036854775807, 0, 9223372036851246807
1, 353, 0, 9223372036854775807, 0, 9223372036854422807
1, 3530, 0, 9223372036854775807, 0, 9223372036851245807
1, 3531, 0, 9223372036854775807, 0, 9223372036851244807
1, 3532, 0, 9223372036854775807, 0, 9223372036851243807
1, 3533, 0, 9223372036854775807, 0, 9223372036851242807
1, 3534, 0, 9223372036854775807, 0, 9223372036851241807
1, 3535, 0, 9223372036854775807, 0, 9223372036851240807
1, 3536, 0, 9223372036854775807, 0, 9223372036851239807
1, 3537, 0, 9223372036854775807, 0, 9223372036851238807
1, 3538, 0, 9223372036854775807, 0, 9223372036851237807
1, 3539, 0, 9223372036854775807, 0, 9223372036851236807
1, 354, 0, 9223372036854775807, 0, 9223372036854421807
1, 3540, 0, 9223372036854775807, 0, 9223372036851235807
1, 3541, 0, 9223372036854775807, 0, 9223372036851234807
1, 3542, 0, 9223372036854775807, 0, 9223372036851233807
1, 3543, 0, 9223372036854775807, 0, 9223372036851232807
1, 3544, 0, 9223372036854775807, 0, 9223372036851231807
1, 3545, 0, 9223372036854775807, 0, 9223372036851230807
1, 3546, 0, 9223372036854775807, 0, 9223372036851229807
1, 3547, 0, 9223372036854775807, 0, 9223372036851228807
1, 3548, 0, 9223372036854775807, 0, 9223372036851227807
1, 3549, 0, 9223372036854775807, 0, 9223372036851226807
1, 355, 0, 9223372036854775807, 0, 9223372036854420807
1, 3550, 0, 9223372036854775807, 0, 9223372036851225807
1, 3551, 0, 9223372036854775807, 0, 9223372036851224807
1, 3552, 0, 9223372036854775807, 0, 9223372036851223807
1, 3553, 0, 9223372036854775807, 0, 9223372036851222807
1, 3554, 0, 9223372036854775807, 0, 9223372036851221807
1, 3555, 0, 9223372036854775807, 0, 9223372036851220807
1, 3556, 0, 9223372036854775807, 0, 9223372036851219807
1, 3557, 0, 9223372036854775807, 0, 9223372036851218807
1, 3558, 0, 9223372036854775807, 0, 9223372036851217807
1, 3559, 0, 9223372036854775807, 0, 9223372036851216807
1, 356, 0, 9223372036854775807, 0, 9223372036854419807
1, 3560, 0, 9223372036854775807, 0, 9223372036851215807
1, 3561, 0, 9223372036854775807, 0, 9223372036851214807
1, 3562, 0, 9223372036854775807, 0, 9223372036851213807
1, 3563, 0, 9223372036854775807, 0, 9223372036851212807
1, 3564, 0, 9223372036854775807, 0, 9223372036851211807
1, 3565, 0, 9223372036854775807, 0, 9223372036851210807
1, 3566, 0, 9223372036854775807, 0, 9223372036851209807
1, 3567, 0, 9223372036854775807, 0, 9223372036851208807
1, 3568, 0, 9223372036854775807, 0, 9223372036851207807
1, 3569, 0, 9223372036854775807, 0, 9223372036851206807
1, 357, 0, 9223372036854775807, 0, 9223372036854418807
1, 3570, 0, 9223372036854775807, 0, 9223372036851205807
1, 3571, 0, 9223372036854775807, 0, 9223372036851204807
1, 3572, 0, 9223372036854775807, 0, 9223372036851203807
1, 3573, 0, 9223372036854775807, 0, 9223372036851202807
1, 3574, 0, 9223372036854775807, 0, 9223372036851201807
1, 3575, 0, 9223372036854775807, 0, 9223372036851200807
1, 3576, 0, 9223372036854775807, 0, 9223372036851199807
1, 3577, 0, 9223372036854775807, 0, 9223372036851198807
1, 3578, 0, 9223372036854775807, 0, 9223372036851197807
1, 3579, 0, 9223372036854775807, 0, 9223372036851196807
1, 358, 0, 9223372036854775807, 0, 9223372036854417807
1, 3580, 0, 9223372036854775807, 0, 9223372036851195807
1, 3581, 0, 9223372036854775807, 0, 9223372036851194807
1, 3582, 0, 9223372036854775807, 0, 9223372036851193807
1, 3583, 0, 9223372036854775807, 0, 9223372036851192807
1, 3584, 0, 9223372036854775807, 0, 9223372036851191807
1, 3585, 0, 9223372036854775807, 0, 9223372036851190807
1, 3586, 0, 9223372036854775807, 0, 9223372036851189807
1, 3587, 0, 9223372036854775807, 0, 9223372036851188807
1, 3588, 0, 9223372036854775807, 0, 9223372036851187807
1, 3589, 0, 9223372036854775807, 0, 9223372036851186807
1, 359, 0, 9223372036854775807, 0, 9223372036854416807
1, 3590, 0, 9223372036854775807, 0, 9223372036851185807
1, 3591, 0, 9223372036854775807, 0, 9223372036851184807
1, 3592, 0, 9223372036854775807, 0, 9223372036851183807
1, 3593, 0, 9223372036854775807, 0, 9223372036851182807
1, 3594, 0, 9223372036854775807, 0, 9223372036851181807
1, 3595, 0, 9223372036854775807, 0, 9223372036851180807
1, 3596, 0, 9223372036854775807, 0, 9223372036851179807
1, 3597, 0, 9223372036854775807, 0, 9223372036851178807
1, 3598, 0, 9223372036854775807, 0, 9223372036851177807
1, 3599, 0, 9223372036854775807, 0, 9223372036851176807
1, 36, 0, 9223372036854775807, 0, 9223372036854739807
1, 360, 0, 9223372036854775807, 0, 9223372036854415807
1, 3600, 0, 9223372036854775807, 0, 9223372036851175807
1, 3601, 0, 9223372036854775807, 0, 9223372036851174807
1, 3602, 0, 9223372036854775807, 0, 9223372036851173807
1, 3603, 0, 9223372036854775807, 0, 9223372036851172807
1, 3604, 0, 9223372036854775807, 0, 9223372036851171807
1, 3605, 0, 9223372036854775807, 0, 9223372036851170807
1, 3606, 0, 9223372036854775807, 0, 9223372036851169807
1, 3607, 0, 9223372036854775807, 0, 9223372036851168807
1, 3608, 0, 9223372036854775807, 0, 9223372036851167807
1, 3609, 0, 9223372036854775807, 0, 9223372036851166807
1, 361, 0, 9223372036854775807, 0, 9223372036854414807
1, 3610, 0, 9223372036854775807, 0, 9223372036851165807
1, 3611, 0, 9223372036854775807, 0, 9223372036851164807
1, 3612, 0, 9223372036854775807, 0, 9223372036851163807
1, 3613, 0, 9223372036854775807, 0, 9223372036851162807
1, 3614, 0, 9223372036854775807, 0, 9223372036851161807
1, 3615, 0, 9223372036854775807, 0, 9223372036851160807
1, 3616, 0, 9223372036854775807, 0, 9223372036851159807
1, 3617, 0, 9223372036854775807, 0, 9223372036851158807
1, 3618, 0, 9223372036854775807, 0, 9223372036851157807
1, 3619, 0, 9223372036854775807, 0, 9223372036851156807
1, 362, 0, 9223372036854775807, 0, 9223372036854413807
1, 3620, 0, 9223372036854775807, 0, 9223372036851155807
1, 3621, 0, 9223372036854775807, 0, 9223372036851154807
1, 3622, 0, 9223372036854775807, 0, 9223372036851153807
1, 3623, 0, 9223372036854775807, 0, 9223372036851152807
1, 3624, 0, 9223372036854775807, 0, 9223372036851151807
1, 3625, 0, 9223372036854775807, 0, 9223372036851150807
1, 3626, 0, 9223372036854775807, 0, 9223372036851149807
1, 3627, 0, 9223372036854775807, 0, 9223372036851148807
1, 3628, 0, 9223372036854775807, 0, 9223372036851147807
1, 3629, 0, 9223372036854775807, 0, 9223372036851146807
1, 363, 0, 9223372036854775807, 0, 9223372036854412807
1, 3630, 0, 9223372036854775807, 0, 9223372036851145807
1, 3631, 0, 9223372036854775807, 0, 9223372036851144807
1, 3632, 0, 9223372036854775807, 0, 9223372036851143807
1, 3633, 0, 9223372036854775807, 0, 9223372036851142807
1, 3634, 0, 9223372036854775807, 0, 9223372036851141807
1, 3635, 0, 9223372036854775807, 0, 9223372036851140807
1, 3636, 0, 9223372036854775807, 0, 9223372036851139807
1, 3637, 0, 9223372036854775807, 0, 9223372036851138807
1, 3638, 0, 9223372036854775807, 0, 9223372036851137807
1, 3639, 0, 9223372036854775807, 0, 9223372036851136807
1, 364, 0, 9223372036854775807, 0, 9223372036854411807
1, 3640, 0, 9223372036854775807, 0, 9223372036851135807
1, 3641, 0, 9223372036854775807, 0, 9223372036851134807
1, 3642, 0, 9223372036854775807, 0, 9223372036851133807
1, 3643, 0, 9223372036854775807, 0, 9223372036851132807
1, 3644, 0, 9223372036854775807, 0, 9223372036851131807
1, 3645, 0, 9223372036854775807, 0, 9223372036851130807
1, 3646, 0, 9223372036854775807, 0, 9223372036851129807
1, 3647, 0, 9223372036854775807, 0, 9223372036851128807
1, 3648, 0, 9223372036854775807, 0, 9223372036851127807
1, 3649, 0, 9223372036854775807, 0, 9223372036851126807
1, 365, 0, 9223372036854775807, 0, 9223372036854410807
1, 3650, 0, 9223372036854775807, 0, 9223372036851125807
1, 3651, 0, 9223372036854775807, 0, 9223372036851124807
1, 3652, 0, 9223372036854775807, 0, 9223372036851123807
1, 3653, 0, 9223372036854775807, 0, 9223372036851122807
1, 3654, 0, 9223372036854775807, 0, 9223372036851121807
1, 3655, 0, 9223372036854775807, 0, 9223372036851120807
1, 3656, 0, 9223372036854775807, 0, 9223372036851119807
1, 3657, 0, 9223372036854775807, 0, 9223372036851118807
1, 3658, 0, 9223372036854775807, 0, 9223372036851117807
1, 3659, 0, 9223372036854775807, 0, 9223372036851116807
1, 366, 0, 9223372036854775807, 0, 9223372036854409807
1, 3660, 0, 9223372036854775807, 0, 9223372036851115807
1, 3661, 0, 9223372036854775807, 0, 9223372036851114807
1, 3662, 0, 9223372036854775807, 0, 9223372036851113807
1, 3663, 0, 9223372036854775807, 0, 9223372036851112807
1, 3664, 0, 9223372036854775807, 0, 9223372036851111807
1, 3665, 0, 9223372036854775807, 0, 9223372036851110807
1, 3666, 0, 9223372036854775807, 0, 9223372036851109807
1, 3667, 0, 9223372036854775807, 0, 9223372036851108807
1, 3668, 0, 9223372036854775807, 0, 9223372036851107807
1, 3669, 0, 9223372036854775807, 0, 9223372036851106807
1, 367, 0, 9223372036854775807, 0, 9223372036854408807
1, 3670, 0, 9223372036854775807, 0, 9223372036851105807
1, 3671, 0, 9223372036854775807, 0, 9223372036851104807
1, 3672, 0, 9223372036854775807, 0, 9223372036851103807
1, 3673, 0, 9223372036854775807, 0, 9223372036851102807
1, 3674, 0, 9223372036854775807, 0, 9223372036851101807
1, 3675, 0, 9223372036854775807, 0, 9223372036851100807
1, 3676, 0, 9223372036854775807, 0, 9223372036851099807
1, 3677, 0, 9223372036854775807, 0, 9223372036851098807
1, 3678, 0, 9223372036854775807, 0, 9223372036851097807
1, 3679, 0, 9223372036854775807, 0, 9223372036851096807
1, 368, 0, 9223372036854775807, 0, 9223372036854407807
1, 3680, 0, 9223372036854775807, 0, 9223372036851095807
1, 3681, 0, 9223372036854775807, 0, 9223372036851094807
1, 3682, 0, 9223372036854775807, 0, 9223372036851093807
1, 3683, 0, 9223372036854775807, 0, 9223372036851092807
1, 3684, 0, 9223372036854775807, 0, 9223372036851091807
1, 3685, 0, 9223372036854775807, 0, 9223372036851090807
1, 3686, 0, 9223372036854775807, 0, 9223372036851089807
1, 3687, 0, 9223372036854775807, 0, 9223372036851088807
1, 3688, 0, 9223372036854775807, 0, 9223372036851087807
1, 3689, 0, 9223372036854775807, 0, 9223372036851086807
1, 369, 0, 9223372036854775807, 0, 9223372036854406807
1, 3690, 0, 9223372036854775807, 0, 9223372036851085807
1, 3691, 0, 9223372036854775807, 0, 9223372036851084807
1, 3692, 0, 9223372036854775807, 0, 9223372036851083807
1, 3693, 0, 9223372036854775807, 0, 9223372036851082807
1, 3694, 0, 9223372036854775807, 0, 9223372036851081807
1, 3695, 0, 9223372036854775807, 0, 9223372036851080807
1, 3696, 0, 9223372036854775807, 0, 9223372036851079807
1, 3697, 0, 9223372036854775807, 0, 9223372036851078807
1, 3698, 0, 9223372036854775807, 0, 9223372036851077807
1, 3699, 0, 9223372036854775807, 0, 9223372036851076807
1, 37, 0, 9223372036854775807, 0, 9223372036854738807
1, 370, 0, 9223372036854775807, 0, 9223372036854405807
1, 3700, 0, 9223372036854775807, 0, 9223372036851075807
1, 3701, 0, 9223372036854775807, 0, 9223372036851074807
1, 3702, 0, 9223372036854775807, 0, 9223372036851073807
1, 3703, 0, 9223372036854775807, 0, 9223372036851072807
1, 3704, 0, 9223372036854775807, 0, 9223372036851071807
1, 3705, 0, 9223372036854775807, 0, 9223372036851070807
1, 3706, 0, 9223372036854775807, 0, 9223372036851069807
1, 3707, 0, 9223372036854775807, 0, 9223372036851068807
1, 3708, 0, 9223372036854775807, 0, 9223372036851067807
1, 3709, 0, 9223372036854775807, 0, 9223372036851066807
1, 371, 0, 9223372036854775807, 0, 9223372036854404807
1, 3710, 0, 9223372036854775807, 0, 9223372036851065807
1, 3711, 0, 9223372036854775807, 0, 9223372036851064807
1, 3712, 0, 9223372036854775807, 0, 9223372036851063807
1, 3713, 0, 9223372036854775807, 0, 9223372036851062807
1, 3714, 0, 9223372036854775807, 0, 9223372036851061807
1, 3715, 0, 9223372036854775807, 0, 9223372036851060807
1, 3716, 0, 9223372036854775807, 0, 9223372036851059807
1, 3717, 0, 9223372036854775807, 0, 9223372036851058807
1, 3718, 0, 9223372036854775807, 0, 9223372036851057807
1, 3719, 0, 9223372036854775807, 0, 9223372036851056807
1, 372, 0, 9223372036854775807, 0, 9223372036854403807
1, 3720, 0, 9223372036854775807, 0, 9223372036851055807
1, 3721, 0, 9223372036854775807, 0, 9223372036851054807
1, 3722, 0, 9223372036854775807, 0, 9223372036851053807
1, 3723, 0, 9223372036854775807, 0, 9223372036851052807
1, 3724, 0, 9223372036854775807, 0, 9223372036851051807
1, 3725, 0, 9223372036854775807, 0, 9223372036851050807
1, 3726, 0, 9223372036854775807, 0, 9223372036851049807
1, 3727, 0, 9223372036854775807, 0, 9223372036851048807
1, 3728, 0, 9223372036854775807, 0, 9223372036851047807
1, 3729, 0, 9223372036854775807, 0, 9223372036851046807
1, 373, 0, 9223372036854775807, 0, 9223372036854402807
1, 3730, 0, 9223372036854775807, 0, 9223372036851045807
1, 3731, 0, 9223372036854775807, 0, 9223372036851044807
1, 3732, 0, 9223372036854775807, 0, 9223372036851043807
1, 3733, 0, 9223372036854775807, 0, 9223372036851042807
1, 3734, 0, 9223372036854775807, 0, 9223372036851041807
1, 3735, 0, 9223372036854775807, 0, 9223372036851040807
1, 3736, 0, 9223372036854775807, 0, 9223372036851039807
1, 3737, 0, 9223372036854775807, 0, 9223372036851038807
1, 3738, 0, 9223372036854775807, 0, 9223372036851037807
1, 3739, 0, 9223372036854775807, 0, 9223372036851036807
1, 374, 0, 9223372036854775807, 0, 9223372036854401807
1, 3740, 0, 9223372036854775807, 0, 9223372036851035807
1, 3741, 0, 9223372036854775807, 0, 9223372036851034807
1, 3742, 0, 9223372036854775807, 0, 9223372036851033807
1, 3743, 0, 9223372036854775807, 0, 9223372036851032807
1, 3744, 0, 9223372036854775807, 0, 9223372036851031807
1, 3745, 0, 9223372036854775807, 0, 9223372036851030807
1, 3746, 0, 9223372036854775807, 0, 9223372036851029807
1, 3747, 0, 9223372036854775807, 0, 9223372036851028807
1, 3748, 0, 9223372036854775807, 0, 9223372036851027807
1, 3749, 0, 9223372036854775807, 0, 9223372036851026807
1, 375, 0, 9223372036854775807, 0, 9223372036854400807
1, 3750, 0, 9223372036854775807, 0, 9223372036851025807
1, 3751, 0, 9223372036854775807, 0, 9223372036851024807
1, 3752, 0, 9223372036854775807, 0, 9223372036851023807
1, 3753, 0, 9223372036854775807, 0, 9223372036851022807
1, 3754, 0, 9223372036854775807, 0, 9223372036851021807
1, 3755, 0, 9223372036854775807, 0, 9223372036851020807
1, 3756, 0, 9223372036854775807, 0, 9223372036851019807
1, 3757, 0, 9223372036854775807, 0, 9223372036851018807
1, 3758, 0, 9223372036854775807, 0, 9223372036851017807
1, 3759, 0, 9223372036854775807, 0, 9223372036851016807
1, 376, 0, 9223372036854775807, 0, 9223372036854399807
1, 3760, 0, 9223372036854775807, 0, 9223372036851015807
1, 3761, 0, 9223372036854775807, 0, 9223372036851014807
1, 3762, 0, 9223372036854775807, 0, 9223372036851013807
1, 3763, 0, 9223372036854775807, 0, 9223372036851012807
1, 3764, 0, 9223372036854775807, 0, 9223372036851011807
1, 3765, 0, 9223372036854775807, 0, 9223372036851010807
1, 3766, 0, 9223372036854775807, 0, 9223372036851009807
1, 3767, 0, 9223372036854775807, 0, 9223372036851008807
1, 3768, 0, 9223372036854775807, 0, 9223372036851007807
1, 3769, 0, 9223372036854775807, 0, 9223372036851006807
1, 377, 0, 9223372036854775807, 0, 9223372036854398807
1, 3770, 0, 9223372036854775807, 0, 9223372036851005807
1, 3771, 0, 9223372036854775807, 0, 9223372036851004807
1, 3772, 0, 9223372036854775807, 0, 9223372036851003807
1, 3773, 0, 9223372036854775807, 0, 9223372036851002807
1, 3774, 0, 9223372036854775807, 0, 9223372036851001807
1, 3775, 0, 9223372036854775807, 0, 9223372036851000807
1, 3776, 0, 9223372036854775807, 0, 9223372036850999807
1, 3777, 0, 9223372036854775807, 0, 9223372036850998807
1, 3778, 0, 9223372036854775807, 0, 9223372036850997807
1, 3779, 0, 9223372036854775807, 0, 9223372036850996807
1, 378, 0, 9223372036854775807, 0, 9223372036854397807
1, 3780, 0, 9223372036854775807, 0, 9223372036850995807
1, 3781, 0, 9223372036854775807, 0, 9223372036850994807
1, 3782, 0, 9223372036854775807, 0, 9223372036850993807
1, 3783, 0, 9223372036854775807, 0, 9223372036850992807
1, 3784, 0, 9223372036854775807, 0, 9223372036850991807
1, 3785, 0, 9223372036854775807, 0, 9223372036850990807
1, 3786, 0, 9223372036854775807, 0, 9223372036850989807
1, 3787, 0, 9223372036854775807, 0, 9223372036850988807
1, 3788, 0, 9223372036854775807, 0, 9223372036850987807
1, 3789, 0, 9223372036854775807, 0, 9223372036850986807
1, 379, 0, 9223372036854775807, 0, 9223372036854396807
1, 3790, 0, 9223372036854775807, 0, 9223372036850985807
1, 3791, 0, 9223372036854775807, 0, 9223372036850984807
1, 3792, 0, 9223372036854775807, 0, 9223372036850983807
1, 3793, 0, 9223372036854775807, 0, 9223372036850982807
1, 3794, 0, 9223372036854775807, 0, 9223372036850981807
1, 3795, 0, 9223372036854775807, 0, 9223372036850980807
1, 3796, 0, 9223372036854775807, 0, 9223372036850979807
1, 3797, 0, 9223372036854775807, 0, 9223372036850978807
1, 3798, 0, 9223372036854775807, 0, 9223372036850977807
1, 3799, 0, 9223372036854775807, 0, 9223372036850976807
1, 38, 0, 9223372036854775807, 0, 9223372036854737807
1, 380, 0, 9223372036854775807, 0, 9223372036854395807
1, 3800, 0, 9223372036854775807, 0, 9223372036850975807
1, 3801, 0, 9223372036854775807, 0, 9223372036850974807
1, 3802, 0, 9223372036854775807, 0, 9223372036850973807
1, 3803, 0, 9223372036854775807, 0, 9223372036850972807
1, 3804, 0, 9223372036854775807, 0, 9223372036850971807
1, 3805, 0, 9223372036854775807, 0, 9223372036850970807
1, 3806, 0, 9223372036854775807, 0, 9223372036850969807
1, 3807, 0, 9223372036854775807, 0, 9223372036850968807
1, 3808, 0, 9223372036854775807, 0, 9223372036850967807
1, 3809, 0, 9223372036854775807, 0, 9223372036850966807
1, 381, 0, 9223372036854775807, 0, 9223372036854394807
1, 3810, 0, 9223372036854775807, 0, 9223372036850965807
1, 3811, 0, 9223372036854775807, 0, 9223372036850964807
1, 3812, 0, 9223372036854775807, 0, 9223372036850963807
1, 3813, 0, 9223372036854775807, 0, 9223372036850962807
1, 3814, 0, 9223372036854775807, 0, 9223372036850961807
1, 3815, 0, 9223372036854775807, 0, 9223372036850960807
1, 3816, 0, 9223372036854775807, 0, 9223372036850959807
1, 3817, 0, 9223372036854775807, 0, 9223372036850958807
1, 3818, 0, 9223372036854775807, 0, 9223372036850957807
1, 3819, 0, 9223372036854775807, 0, 9223372036850956807
1, 382, 0, 9223372036854775807, 0, 9223372036854393807
1, 3820, 0, 9223372036854775807, 0, 9223372036850955807
1, 3821, 0, 9223372036854775807, 0, 9223372036850954807
1, 3822, 0, 9223372036854775807, 0, 9223372036850953807
1, 3823, 0, 9223372036854775807, 0, 9223372036850952807
1, 3824, 0, 9223372036854775807, 0, 9223372036850951807
1, 3825, 0, 9223372036854775807, 0, 9223372036850950807
1, 3826, 0, 9223372036854775807, 0, 9223372036850949807
1, 3827, 0, 9223372036854775807, 0, 9223372036850948807
1, 3828, 0, 9223372036854775807, 0, 9223372036850947807
1, 3829, 0, 9223372036854775807, 0, 9223372036850946807
1, 383, 0, 9223372036854775807, 0, 9223372036854392807
1, 3830, 0, 9223372036854775807, 0, 9223372036850945807
1, 3831, 0, 9223372036854775807, 0, 9223372036850944807
1, 3832, 0, 9223372036854775807, 0, 9223372036850943807
1, 3833, 0, 9223372036854775807, 0, 9223372036850942807
1, 3834, 0, 9223372036854775807, 0, 9223372036850941807
1, 3835, 0, 9223372036854775807, 0, 9223372036850940807
1, 3836, 0, 9223372036854775807, 0, 9223372036850939807
1, 3837, 0, 9223372036854775807, 0, 9223372036850938807
1, 3838, 0, 9223372036854775807, 0, 9223372036850937807
1, 3839, 0, 9223372036854775807, 0, 9223372036850936807
1, 384, 0, 9223372036854775807, 0, 9223372036854391807
1, 3840, 0, 9223372036854775807, 0, 9223372036850935807
1, 3841, 0, 9223372036854775807, 0, 9223372036850934807
1, 3842, 0, 9223372036854775807, 0, 9223372036850933807
1, 3843, 0, 9223372036854775807, 0, 9223372036850932807
1, 3844, 0, 9223372036854775807, 0, 9223372036850931807
1, 3845, 0, 9223372036854775807, 0, 9223372036850930807
1, 3846, 0, 9223372036854775807, 0, 9223372036850929807
1, 3847, 0, 9223372036854775807, 0, 9223372036850928807
1, 3848, 0, 9223372036854775807, 0, 9223372036850927807
1, 3849, 0, 9223372036854775807, 0, 9223372036850926807
1, 385, 0, 9223372036854775807, 0, 9223372036854390807
1, 3850, 0, 9223372036854775807, 0, 9223372036850925807
1, 3851, 0, 9223372036854775807, 0, 9223372036850924807
1, 3852, 0, 9223372036854775807, 0, 9223372036850923807
1, 3853, 0, 9223372036854775807, 0, 9223372036850922807
1, 3854, 0, 9223372036854775807, 0, 9223372036850921807
1, 3855, 0, 9223372036854775807, 0, 9223372036850920807
1, 3856, 0, 9223372036854775807, 0, 9223372036850919807
1, 3857, 0, 9223372036854775807, 0, 9223372036850918807
1, 3858, 0, 9223372036854775807, 0, 9223372036850917807
1, 3859, 0, 9223372036854775807, 0, 9223372036850916807
1, 386, 0, 9223372036854775807, 0, 9223372036854389807
1, 3860, 0, 9223372036854775807, 0, 9223372036850915807
1, 3861, 0, 9223372036854775807, 0, 9223372036850914807
1, 3862, 0, 9223372036854775807, 0, 9223372036850913807
1, 3863, 0, 9223372036854775807, 0, 9223372036850912807
1, 3864, 0, 9223372036854775807, 0, 9223372036850911807
1, 3865, 0, 9223372036854775807, 0, 9223372036850910807
1, 3866, 0, 9223372036854775807, 0, 9223372036850909807
1, 3867, 0, 9223372036854775807, 0, 9223372036850908807
1, 3868, 0, 9223372036854775807, 0, 9223372036850907807
1, 3869, 0, 9223372036854775807, 0, 9223372036850906807
1, 387, 0, 9223372036854775807, 0, 9223372036854388807
1, 3870, 0, 9223372036854775807, 0, 9223372036850905807
1, 3871, 0, 9223372036854775807, 0, 9223372036850904807
1, 3872, 0, 9223372036854775807, 0, 9223372036850903807
1, 3873, 0, 9223372036854775807, 0, 9223372036850902807
1, 3874, 0, 9223372036854775807, 0, 9223372036850901807
1, 3875, 0, 9223372036854775807, 0, 9223372036850900807
1, 3876, 0, 9223372036854775807, 0, 9223372036850899807
1, 3877, 0, 9223372036854775807, 0, 9223372036850898807
1, 3878, 0, 9223372036854775807, 0, 9223372036850897807
1, 3879, 0, 9223372036854775807, 0, 9223372036850896807
1, 388, 0, 9223372036854775807, 0, 9223372036854387807
1, 3880, 0, 9223372036854775807, 0, 9223372036850895807
1, 3881, 0, 9223372036854775807, 0, 9223372036850894807
1, 3882, 0, 9223372036854775807, 0, 9223372036850893807
1, 3883, 0, 9223372036854775807, 0, 9223372036850892807
1, 3884, 0, 9223372036854775807, 0, 9223372036850891807
1, 3885, 0, 9223372036854775807, 0, 9223372036850890807
1, 3886, 0, 9223372036854775807, 0, 9223372036850889807
1, 3887, 0, 9223372036854775807, 0, 9223372036850888807
1, 3888, 0, 9223372036854775807, 0, 9223372036850887807
1, 3889, 0, 9223372036854775807, 0, 9223372036850886807
1, 389, 0, 9223372036854775807, 0, 9223372036854386807
1, 3890, 0, 9223372036854775807, 0, 9223372036850885807
1, 3891, 0, 9223372036854775807, 0, 9223372036850884807
1, 3892, 0, 9223372036854775807, 0, 9223372036850883807
1, 3893, 0, 9223372036854775807, 0, 9223372036850882807
1, 3894, 0, 9223372036854775807, 0, 9223372036850881807
1, 3895, 0, 9223372036854775807, 0, 9223372036850880807
1, 3896, 0, 9223372036854775807, 0, 9223372036850879807
1, 3897, 0, 9223372036854775807, 0, 9223372036850878807
1, 3898, 0, 9223372036854775807, 0, 9223372036850877807
1, 3899, 0, 9223372036854775807, 0, 9223372036850876807
1, 39, 0, 9223372036854775807, 0, 9223372036854736807
1, 390, 0, 9223372036854775807, 0, 9223372036854385807
1, 3900, 0, 9223372036854775807, 0, 9223372036850875807
1, 3901, 0, 9223372036854775807, 0, 9223372036850874807
1, 3902, 0, 9223372036854775807, 0, 9223372036850873807
1, 3903, 0, 9223372036854775807, 0, 9223372036850872807
1, 3904, 0, 9223372036854775807, 0, 9223372036850871807
1, 3905, 0, 9223372036854775807, 0, 9223372036850870807
1, 3906, 0, 9223372036854775807, 0, 9223372036850869807
1, 3907, 0, 9223372036854775807, 0, 9223372036850868807
1, 3908, 0, 9223372036854775807, 0, 9223372036850867807
1, 3909, 0, 9223372036854775807, 0, 9223372036850866807
1, 391, 0, 9223372036854775807, 0, 9223372036854384807
1, 3910, 0, 9223372036854775807, 0, 9223372036850865807
1, 3911, 0, 9223372036854775807, 0, 9223372036850864807
1, 3912, 0, 9223372036854775807, 0, 9223372036850863807
1, 3913, 0, 9223372036854775807, 0, 9223372036850862807
1, 3914, 0, 9223372036854775807, 0, 9223372036850861807
1, 3915, 0, 9223372036854775807, 0, 9223372036850860807
1, 3916, 0, 9223372036854775807, 0, 9223372036850859807
1, 3917, 0, 9223372036854775807, 0, 9223372036850858807
1, 3918, 0, 9223372036854775807, 0, 9223372036850857807
1, 3919, 0, 9223372036854775807, 0, 9223372036850856807
1, 392, 0, 9223372036854775807, 0, 9223372036854383807
1, 3920, 0, 9223372036854775807, 0, 9223372036850855807
1, 3921, 0, 9223372036854775807, 0, 9223372036850854807
1, 3922, 0, 9223372036854775807, 0, 9223372036850853807
1, 3923, 0, 9223372036854775807, 0, 9223372036850852807
1, 3924, 0, 9223372036854775807, 0, 9223372036850851807
1, 3925, 0, 9223372036854775807, 0, 9223372036850850807
1, 3926, 0, 9223372036854775807, 0, 9223372036850849807
1, 3927, 0, 9223372036854775807, 0, 9223372036850848807
1, 3928, 0, 9223372036854775807, 0, 9223372036850847807
1, 3929, 0, 9223372036854775807, 0, 9223372036850846807
1, 393, 0, 9223372036854775807, 0, 9223372036854382807
1, 3930, 0, 9223372036854775807, 0, 9223372036850845807
1, 3931, 0, 9223372036854775807, 0, 9223372036850844807
1, 3932, 0, 9223372036854775807, 0, 9223372036850843807
1, 3933, 0, 9223372036854775807, 0, 9223372036850842807
1, 3934, 0, 9223372036854775807, 0, 9223372036850841807
1, 3935, 0, 9223372036854775807, 0, 9223372036850840807
1, 3936, 0, 9223372036854775807, 0, 9223372036850839807
1, 3937, 0, 9223372036854775807, 0, 9223372036850838807
1, 3938, 0, 9223372036854775807, 0, 9223372036850837807
1, 3939, 0, 9223372036854775807, 0, 9223372036850836807
1, 394, 0, 9223372036854775807, 0, 9223372036854381807
1, 3940, 0, 9223372036854775807, 0, 9223372036850835807
1, 3941, 0, 9223372036854775807, 0, 9223372036850834807
1, 3942, 0, 9223372036854775807, 0, 9223372036850833807
1, 3943, 0, 9223372036854775807, 0, 9223372036850832807
1, 3944, 0, 9223372036854775807, 0, 9223372036850831807
1, 3945, 0, 9223372036854775807, 0, 9223372036850830807
1, 3946, 0, 9223372036854775807, 0, 9223372036850829807
1, 3947, 0, 9223372036854775807, 0, 9223372036850828807
1, 3948, 0, 9223372036854775807, 0, 9223372036850827807
1, 3949, 0, 9223372036854775807, 0, 9223372036850826807
1, 395, 0, 9223372036854775807, 0, 9223372036854380807
1, 3950, 0, 9223372036854775807, 0, 9223372036850825807
1, 3951, 0, 9223372036854775807, 0, 9223372036850824807
1, 3952, 0, 9223372036854775807, 0, 9223372036850823807
1, 3953, 0, 9223372036854775807, 0, 9223372036850822807
1, 3954, 0, 9223372036854775807, 0, 9223372036850821807
1, 3955, 0, 9223372036854775807, 0, 9223372036850820807
1, 3956, 0, 9223372036854775807, 0, 9223372036850819807
1, 3957, 0, 9223372036854775807, 0, 9223372036850818807
1, 3958, 0, 9223372036854775807, 0, 9223372036850817807
1, 3959, 0, 9223372036854775807, 0, 9223372036850816807
1, 396, 0, 9223372036854775807, 0, 9223372036854379807
1, 3960, 0, 9223372036854775807, 0, 9223372036850815807
1, 3961, 0, 9223372036854775807, 0, 9223372036850814807
1, 3962, 0, 9223372036854775807, 0, 9223372036850813807
1, 3963, 0, 9223372036854775807, 0, 9223372036850812807
1, 3964, 0, 9223372036854775807, 0, 9223372036850811807
1, 3965, 0, 9223372036854775807, 0, 9223372036850810807
1, 3966, 0, 9223372036854775807, 0, 9223372036850809807
1, 3967, 0, 9223372036854775807, 0, 9223372036850808807
1, 3968, 0, 9223372036854775807, 0, 9223372036850807807
1, 3969, 0, 9223372036854775807, 0, 9223372036850806807
1, 397, 0, 9223372036854775807, 0, 9223372036854378807
1, 3970, 0, 9223372036854775807, 0, 9223372036850805807
1, 3971, 0, 9223372036854775807, 0, 9223372036850804807
1, 3972, 0, 9223372036854775807, 0, 9223372036850803807
1, 3973, 0, 9223372036854775807, 0, 9223372036850802807
1, 3974, 0, 9223372036854775807, 0, 9223372036850801807
1, 3975, 0, 9223372036854775807, 0, 9223372036850800807
1, 3976, 0, 9223372036854775807, 0, 9223372036850799807
1, 3977, 0, 9223372036854775807, 0, 9223372036850798807
1, 3978, 0, 9223372036854775807, 0, 9223372036850797807
1, 3979, 0, 9223372036854775807, 0, 9223372036850796807
1, 398, 0, 9223372036854775807, 0, 9223372036854377807
1, 3980, 0, 9223372036854775807, 0, 9223372036850795807
1, 3981, 0, 9223372036854775807, 0, 9223372036850794807
1, 3982, 0, 9223372036854775807, 0, 9223372036850793807
1, 3983, 0, 9223372036854775807, 0, 9223372036850792807
1, 3984, 0, 9223372036854775807, 0, 9223372036850791807
1, 3985, 0, 9223372036854775807, 0, 9223372036850790807
1, 3986, 0, 9223372036854775807, 0, 9223372036850789807
1, 3987, 0, 9223372036854775807, 0, 9223372036850788807
1, 3988, 0, 9223372036854775807, 0, 9223372036850787807
1, 3989, 0, 9223372036854775807, 0, 9223372036850786807
1, 399, 0, 9223372036854775807, 0, 9223372036854376807
1, 3990, 0, 9223372036854775807, 0, 9223372036850785807
1, 3991, 0, 9223372036854775807, 0, 9223372036850784807
1, 3992, 0, 9223372036854775807, 0, 9223372036850783807
1, 3993, 0, 9223372036854775807, 0, 9223372036850782807
1, 3994, 0, 9223372036854775807, 0, 9223372036850781807
1, 3995, 0, 9223372036854775807, 0, 9223372036850780807
1, 3996, 0, 9223372036854775807, 0, 9223372036850779807
1, 3997, 0, 9223372036854775807, 0, 9223372036850778807
1, 3998, 0, 9223372036854775807, 0, 9223372036850777807
1, 3999, 0, 9223372036854775807, 0, 9223372036850776807
1, 4, 0, 9223372036854775807, 0, 9223372036854771807
1, 40, 0, 9223372036854775807, 0, 9223372036854735807
1, 400, 0, 9223372036854775807, 0, 9223372036854375807
1, 4000, 0, 9223372036854775807, 0, 9223372036850775807
1, 4001, 0, 9223372036854775807, 0, 9223372036850774807
1, 4002, 0, 9223372036854775807, 0, 9223372036850773807
1, 4003, 0, 9223372036854775807, 0, 9223372036850772807
1, 4004, 0, 9223372036854775807, 0, 9223372036850771807
1, 4005, 0, 9223372036854775807, 0, 9223372036850770807
1, 4006, 0, 9223372036854775807, 0, 9223372036850769807
1, 4007, 0, 9223372036854775807, 0, 9223372036850768807
1, 4008, 0, 9223372036854775807, 0, 9223372036850767807
1, 4009, 0, 9223372036854775807, 0, 9223372036850766807
1, 401, 0, 9223372036854775807, 0, 9223372036854374807
1, 4010, 0, 9223372036854775807, 0, 9223372036850765807
1, 4011, 0, 9223372036854775807, 0, 9223372036850764807
1, 4012, 0, 9223372036854775807, 0, 9223372036850763807
1, 4013, 0, 9223372036854775807, 0, 9223372036850762807
1, 4014, 0, 9223372036854775807, 0, 9223372036850761807
1, 4015, 0, 9223372036854775807, 0, 9223372036850760807
1, 4016, 0, 9223372036854775807, 0, 9223372036850759807
1, 4017, 0, 9223372036854775807, 0, 9223372036850758807
1, 4018, 0, 9223372036854775807, 0, 9223372036850757807
1, 4019, 0, 9223372036854775807, 0, 9223372036850756807
1, 402, 0, 9223372036854775807, 0, 9223372036854373807
1, 4020, 0, 9223372036854775807, 0, 9223372036850755807
1, 4021, 0, 9223372036854775807, 0, 9223372036850754807
1, 4022, 0, 9223372036854775807, 0, 9223372036850753807
1, 4023, 0, 9223372036854775807, 0, 9223372036850752807
1, 4024, 0, 9223372036854775807, 0, 9223372036850751807
1, 4025, 0, 9223372036854775807, 0, 9223372036850750807
1, 4026, 0, 9223372036854775807, 0, 9223372036850749807
1, 4027, 0, 9223372036854775807, 0, 9223372036850748807
1, 4028, 0, 9223372036854775807, 0, 9223372036850747807
1, 4029, 0, 9223372036854775807, 0, 9223372036850746807
1, 403, 0, 9223372036854775807, 0, 9223372036854372807
1, 4030, 0, 9223372036854775807, 0, 9223372036850745807
1, 4031, 0, 9223372036854775807, 0, 9223372036850744807
1, 4032, 0, 9223372036854775807, 0, 9223372036850743807
1, 4033, 0, 9223372036854775807, 0, 9223372036850742807
1, 4034, 0, 9223372036854775807, 0, 9223372036850741807
1, 4035, 0, 9223372036854775807, 0, 9223372036850740807
1, 4036, 0, 9223372036854775807, 0, 9223372036850739807
1, 4037, 0, 9223372036854775807, 0, 9223372036850738807
1, 4038, 0, 9223372036854775807, 0, 9223372036850737807
1, 4039, 0, 9223372036854775807, 0, 9223372036850736807
1, 404, 0, 9223372036854775807, 0, 9223372036854371807
1, 4040, 0, 9223372036854775807, 0, 9223372036850735807
1, 4041, 0, 9223372036854775807, 0, 9223372036850734807
1, 4042, 0, 9223372036854775807, 0, 9223372036850733807
1, 4043, 0, 9223372036854775807, 0, 9223372036850732807
1, 4044, 0, 9223372036854775807, 0, 9223372036850731807
1, 4045, 0, 9223372036854775807, 0, 9223372036850730807
1, 4046, 0, 9223372036854775807, 0, 9223372036850729807
1, 4047, 0, 9223372036854775807, 0, 9223372036850728807
1, 4048, 0, 9223372036854775807, 0, 9223372036850727807
1, 4049, 0, 9223372036854775807, 0, 9223372036850726807
1, 405, 0, 9223372036854775807, 0, 9223372036854370807
1, 4050, 0, 9223372036854775807, 0, 9223372036850725807
1, 4051, 0, 9223372036854775807, 0, 9223372036850724807
1, 4052, 0, 9223372036854775807, 0, 9223372036850723807
1, 4053, 0, 9223372036854775807, 0, 9223372036850722807
1, 4054, 0, 9223372036854775807, 0, 9223372036850721807
1, 4055, 0, 9223372036854775807, 0, 9223372036850720807
1, 4056, 0, 9223372036854775807, 0, 9223372036850719807
1, 4057, 0, 9223372036854775807, 0, 9223372036850718807
1, 4058, 0, 9223372036854775807, 0, 9223372036850717807
1, 4059, 0, 9223372036854775807, 0, 9223372036850716807
1, 406, 0, 9223372036854775807, 0, 9223372036854369807
1, 4060, 0, 9223372036854775807, 0, 9223372036850715807
1, 4061, 0, 9223372036854775807, 0, 9223372036850714807
1, 4062, 0, 9223372036854775807, 0, 9223372036850713807
1, 4063, 0, 9223372036854775807, 0, 9223372036850712807
1, 4064, 0, 9223372036854775807, 0, 9223372036850711807
1, 4065, 0, 9223372036854775807, 0, 9223372036850710807
1, 4066, 0, 9223372036854775807, 0, 9223372036850709807
1, 4067, 0, 9223372036854775807, 0, 9223372036850708807
1, 4068, 0, 9223372036854775807, 0, 9223372036850707807
1, 4069, 0, 9223372036854775807, 0, 9223372036850706807
1, 407, 0, 9223372036854775807, 0, 9223372036854368807
1, 4070, 0, 9223372036854775807, 0, 9223372036850705807
1, 4071, 0, 9223372036854775807, 0, 9223372036850704807
1, 4072, 0, 9223372036854775807, 0, 9223372036850703807
1, 4073, 0, 9223372036854775807, 0, 9223372036850702807
1, 4074, 0, 9223372036854775807, 0, 9223372036850701807
1, 4075, 0, 9223372036854775807, 0, 9223372036850700807
1, 4076, 0, 9223372036854775807, 0, 9223372036850699807
1, 4077, 0, 9223372036854775807, 0, 9223372036850698807
1, 4078, 0, 9223372036854775807, 0, 9223372036850697807
1, 4079, 0, 9223372036854775807, 0, 9223372036850696807
1, 408, 0, 9223372036854775807, 0, 9223372036854367807
1, 4080, 0, 9223372036854775807, 0, 9223372036850695807
1, 4081, 0, 9223372036854775807, 0, 9223372036850694807
1, 4082, 0, 9223372036854775807, 0, 9223372036850693807
1, 4083, 0, 9223372036854775807, 0, 9223372036850692807
1, 4084, 0, 9223372036854775807, 0, 9223372036850691807
1, 4085, 0, 9223372036854775807, 0, 9223372036850690807
1, 4086, 0, 9223372036854775807, 0, 9223372036850689807
1, 4087, 0, 9223372036854775807, 0, 9223372036850688807
1, 4088, 0, 9223372036854775807, 0, 9223372036850687807
1, 4089, 0, 9223372036854775807, 0, 9223372036850686807
1, 409, 0, 9223372036854775807, 0, 9223372036854366807
1, 4090, 0, 9223372036854775807, 0, 9223372036850685807
1, 4091, 0, 9223372036854775807, 0, 9223372036850684807
1, 4092, 0, 9223372036854775807, 0, 9223372036850683807
1, 4093, 0, 9223372036854775807, 0, 9223372036850682807
1, 4094, 0, 9223372036854775807, 0, 9223372036850681807
1, 4095, 0, 9223372036854775807, 0, 9223372036850680807
1, 4096, 0, 9223372036854775807, 0, 9223372036850679807
1, 4097, 0, 9223372036854775807, 0, 9223372036850678807
1, 4098, 0, 9223372036854775807, 0, 9223372036850677807
1, 4099, 0, 9223372036854775807, 0, 9223372036850676807
1, 41, 0, 9223372036854775807, 0, 9223372036854734807
1, 410, 0, 9223372036854775807, 0, 9223372036854365807
1, 4100, 0, 9223372036854775807, 0, 9223372036850675807
1, 4101, 0, 9223372036854775807, 0, 9223372036850674807
1, 4102, 0, 9223372036854775807, 0, 9223372036850673807
1, 4103, 0, 9223372036854775807, 0, 9223372036850672807
1, 4104, 0, 9223372036854775807, 0, 9223372036850671807
1, 4105, 0, 9223372036854775807, 0, 9223372036850670807
1, 4106, 0, 9223372036854775807, 0, 9223372036850669807
1, 4107, 0, 9223372036854775807, 0, 9223372036850668807
1, 4108, 0, 9223372036854775807, 0, 9223372036850667807
1, 4109, 0, 9223372036854775807, 0, 9223372036850666807
1, 411, 0, 9223372036854775807, 0, 9223372036854364807
1, 4110, 0, 9223372036854775807, 0, 9223372036850665807
1, 4111, 0, 9223372036854775807, 0, 9223372036850664807
1, 4112, 0, 9223372036854775807, 0, 9223372036850663807
1, 4113, 0, 9223372036854775807, 0, 9223372036850662807
1, 4114, 0, 9223372036854775807, 0, 9223372036850661807
1, 4115, 0, 9223372036854775807, 0, 9223372036850660807
1, 4116, 0, 9223372036854775807, 0, 9223372036850659807
1, 4117, 0, 9223372036854775807, 0, 9223372036850658807
1, 4118, 0, 9223372036854775807, 0, 9223372036850657807
1, 4119, 0, 9223372036854775807, 0, 9223372036850656807
1, 412, 0, 9223372036854775807, 0, 9223372036854363807
1, 4120, 0, 9223372036854775807, 0, 9223372036850655807
1, 4121, 0, 9223372036854775807, 0, 9223372036850654807
1, 4122, 0, 9223372036854775807, 0, 9223372036850653807
1, 4123, 0, 9223372036854775807, 0, 9223372036850652807
1, 4124, 0, 9223372036854775807, 0, 9223372036850651807
1, 4125, 0, 9223372036854775807, 0, 9223372036850650807
1, 4126, 0, 9223372036854775807, 0, 9223372036850649807
1, 4127, 0, 9223372036854775807, 0, 9223372036850648807
1, 4128, 0, 9223372036854775807, 0, 9223372036850647807
1, 4129, 0, 9223372036854775807, 0, 9223372036850646807
1, 413, 0, 9223372036854775807, 0, 9223372036854362807
1, 4130, 0, 9223372036854775807, 0, 9223372036850645807
1, 4131, 0, 9223372036854775807, 0, 9223372036850644807
1, 4132, 0, 9223372036854775807, 0, 9223372036850643807
1, 4133, 0, 9223372036854775807, 0, 9223372036850642807
1, 4134, 0, 9223372036854775807, 0, 9223372036850641807
1, 4135, 0, 9223372036854775807, 0, 9223372036850640807
1, 4136, 0, 9223372036854775807, 0, 9223372036850639807
1, 4137, 0, 9223372036854775807, 0, 9223372036850638807
1, 4138, 0, 9223372036854775807, 0, 9223372036850637807
1, 4139, 0, 9223372036854775807, 0, 9223372036850636807
1, 414, 0, 9223372036854775807, 0, 9223372036854361807
1, 4140, 0, 9223372036854775807, 0, 9223372036850635807
1, 4141, 0, 9223372036854775807, 0, 9223372036850634807
1, 4142, 0, 9223372036854775807, 0, 9223372036850633807
1, 4143, 0, 9223372036854775807, 0, 9223372036850632807
1, 4144, 0, 9223372036854775807, 0, 9223372036850631807
1, 4145, 0, 9223372036854775807, 0, 9223372036850630807
1, 4146, 0, 9223372036854775807, 0, 9223372036850629807
1, 4147, 0, 9223372036854775807, 0, 9223372036850628807
1, 4148, 0, 9223372036854775807, 0, 9223372036850627807
1, 4149, 0, 9223372036854775807, 0, 9223372036850626807
1, 415, 0, 9223372036854775807, 0, 9223372036854360807
1, 4150, 0, 9223372036854775807, 0, 9223372036850625807
1, 4151, 0, 9223372036854775807, 0, 9223372036850624807
1, 4152, 0, 9223372036854775807, 0, 9223372036850623807
1, 4153, 0, 9223372036854775807, 0, 9223372036850622807
1, 4154, 0, 9223372036854775807, 0, 9223372036850621807
1, 4155, 0, 9223372036854775807, 0, 9223372036850620807
1, 4156, 0, 9223372036854775807, 0, 9223372036850619807
1, 4157, 0, 9223372036854775807, 0, 9223372036850618807
1, 4158, 0, 9223372036854775807, 0, 9223372036850617807
1, 4159, 0, 9223372036854775807, 0, 9223372036850616807
1, 416, 0, 9223372036854775807, 0, 9223372036854359807
1, 4160, 0, 9223372036854775807, 0, 9223372036850615807
1, 4161, 0, 9223372036854775807, 0, 9223372036850614807
1, 4162, 0, 9223372036854775807, 0, 9223372036850613807
1, 4163, 0, 9223372036854775807, 0, 9223372036850612807
1, 4164, 0, 9223372036854775807, 0, 9223372036850611807
1, 4165, 0, 9223372036854775807, 0, 9223372036850610807
1, 4166, 0, 9223372036854775807, 0, 9223372036850609807
1, 4167, 0, 9223372036854775807, 0, 9223372036850608807
1, 4168, 0, 9223372036854775807, 0, 9223372036850607807
1, 4169, 0, 9223372036854775807, 0, 9223372036850606807
1, 417, 0, 9223372036854775807, 0, 9223372036854358807
1, 4170, 0, 9223372036854775807, 0, 9223372036850605807
1, 4171, 0, 9223372036854775807, 0, 9223372036850604807
1, 4172, 0, 9223372036854775807, 0, 9223372036850603807
1, 4173, 0, 9223372036854775807, 0, 9223372036850602807
1, 4174, 0, 9223372036854775807, 0, 9223372036850601807
1, 4175, 0, 9223372036854775807, 0, 9223372036850600807
1, 4176, 0, 9223372036854775807, 0, 9223372036850599807
1, 4177, 0, 9223372036854775807, 0, 9223372036850598807
1, 4178, 0, 9223372036854775807, 0, 9223372036850597807
1, 4179, 0, 9223372036854775807, 0, 9223372036850596807
1, 418, 0, 9223372036854775807, 0, 9223372036854357807
1, 4180, 0, 9223372036854775807, 0, 9223372036850595807
1, 4181, 0, 9223372036854775807, 0, 9223372036850594807
1, 4182, 0, 9223372036854775807, 0, 9223372036850593807
1, 4183, 0, 9223372036854775807, 0, 9223372036850592807
1, 4184, 0, 9223372036854775807, 0, 9223372036850591807
1, 4185, 0, 9223372036854775807, 0, 9223372036850590807
1, 4186, 0, 9223372036854775807, 0, 9223372036850589807
1, 4187, 0, 9223372036854775807, 0, 9223372036850588807
1, 4188, 0, 9223372036854775807, 0, 9223372036850587807
1, 4189, 0, 9223372036854775807, 0, 9223372036850586807
1, 419, 0, 9223372036854775807, 0, 9223372036854356807
1, 4190, 0, 9223372036854775807, 0, 9223372036850585807
1, 4191, 0, 9223372036854775807, 0, 9223372036850584807
1, 4192, 0, 9223372036854775807, 0, 9223372036850583807
1, 4193, 0, 9223372036854775807, 0, 9223372036850582807
1, 4194, 0, 9223372036854775807, 0, 9223372036850581807
1, 4195, 0, 9223372036854775807, 0, 9223372036850580807
1, 4196, 0, 9223372036854775807, 0, 9223372036850579807
1, 4197, 0, 9223372036854775807, 0, 9223372036850578807
1, 4198, 0, 9223372036854775807, 0, 9223372036850577807
1, 4199, 0, 9223372036854775807, 0, 9223372036850576807
1, 42, 0, 9223372036854775807, 0, 9223372036854733807
1, 420, 0, 9223372036854775807, 0, 9223372036854355807
1, 4200, 0, 9223372036854775807, 0, 9223372036850575807
1, 4201, 0, 9223372036854775807, 0, 9223372036850574807
1, 4202, 0, 9223372036854775807, 0, 9223372036850573807
1, 4203, 0, 9223372036854775807, 0, 9223372036850572807
1, 4204, 0, 9223372036854775807, 0, 9223372036850571807
1, 4205, 0, 9223372036854775807, 0, 9223372036850570807
1, 4206, 0, 9223372036854775807, 0, 9223372036850569807
1, 4207, 0, 9223372036854775807, 0, 9223372036850568807
1, 4208, 0, 9223372036854775807, 0, 9223372036850567807
1, 4209, 0, 9223372036854775807, 0, 9223372036850566807
1, 421, 0, 9223372036854775807, 0, 9223372036854354807
1, 4210, 0, 9223372036854775807, 0, 9223372036850565807
1, 4211, 0, 9223372036854775807, 0, 9223372036850564807
1, 4212, 0, 9223372036854775807, 0, 9223372036850563807
1, 4213, 0, 9223372036854775807, 0, 9223372036850562807
1, 4214, 0, 9223372036854775807, 0, 9223372036850561807
1, 4215, 0, 9223372036854775807, 0, 9223372036850560807
1, 4216, 0, 9223372036854775807, 0, 9223372036850559807
1, 4217, 0, 9223372036854775807, 0, 9223372036850558807
1, 4218, 0, 9223372036854775807, 0, 9223372036850557807
1, 4219, 0, 9223372036854775807, 0, 9223372036850556807
1, 422, 0, 9223372036854775807, 0, 9223372036854353807
1, 4220, 0, 9223372036854775807, 0, 9223372036850555807
1, 4221, 0, 9223372036854775807, 0, 9223372036850554807
1, 4222, 0, 9223372036854775807, 0, 9223372036850553807
1, 4223, 0, 9223372036854775807, 0, 9223372036850552807
1, 4224, 0, 9223372036854775807, 0, 9223372036850551807
1, 4225, 0, 9223372036854775807, 0, 9223372036850550807
1, 4226, 0, 9223372036854775807, 0, 9223372036850549807
1, 4227, 0, 9223372036854775807, 0, 9223372036850548807
1, 4228, 0, 9223372036854775807, 0, 9223372036850547807
1, 4229, 0, 9223372036854775807, 0, 9223372036850546807
1, 423, 0, 9223372036854775807, 0, 9223372036854352807
1, 4230, 0, 9223372036854775807, 0, 9223372036850545807
1, 4231, 0, 9223372036854775807, 0, 9223372036850544807
1, 4232, 0, 9223372036854775807, 0, 9223372036850543807
1, 4233, 0, 9223372036854775807, 0, 9223372036850542807
1, 4234, 0, 9223372036854775807, 0, 9223372036850541807
1, 4235, 0, 9223372036854775807, 0, 9223372036850540807
1, 4236, 0, 9223372036854775807, 0, 9223372036850539807
1, 4237, 0, 9223372036854775807, 0, 9223372036850538807
1, 4238, 0, 9223372036854775807, 0, 9223372036850537807
1, 4239, 0, 9223372036854775807, 0, 9223372036850536807
1, 424, 0, 9223372036854775807, 0, 9223372036854351807
1, 4240, 0, 9223372036854775807, 0, 9223372036850535807
1, 4241, 0, 9223372036854775807, 0, 9223372036850534807
1, 4242, 0, 9223372036854775807, 0, 9223372036850533807
1, 4243, 0, 9223372036854775807, 0, 9223372036850532807
1, 4244, 0, 9223372036854775807, 0, 9223372036850531807
1, 4245, 0, 9223372036854775807, 0, 9223372036850530807
1, 4246, 0, 9223372036854775807, 0, 9223372036850529807
1, 4247, 0, 9223372036854775807, 0, 9223372036850528807
1, 4248, 0, 9223372036854775807, 0, 9223372036850527807
1, 4249, 0, 9223372036854775807, 0, 9223372036850526807
1, 425, 0, 9223372036854775807, 0, 9223372036854350807
1, 4250, 0, 9223372036854775807, 0, 9223372036850525807
1, 4251, 0, 9223372036854775807, 0, 9223372036850524807
1, 4252, 0, 9223372036854775807, 0, 9223372036850523807
1, 4253, 0, 9223372036854775807, 0, 9223372036850522807
1, 4254, 0, 9223372036854775807, 0, 9223372036850521807
1, 4255, 0, 9223372036854775807, 0, 9223372036850520807
1, 4256, 0, 9223372036854775807, 0, 9223372036850519807
1, 4257, 0, 9223372036854775807, 0, 9223372036850518807
1, 4258, 0, 9223372036854775807, 0, 9223372036850517807
1, 4259, 0, 9223372036854775807, 0, 9223372036850516807
1, 426, 0, 9223372036854775807, 0, 9223372036854349807
1, 4260, 0, 9223372036854775807, 0, 9223372036850515807
1, 4261, 0, 9223372036854775807, 0, 9223372036850514807
1, 4262, 0, 9223372036854775807, 0, 9223372036850513807
1, 4263, 0, 9223372036854775807, 0, 9223372036850512807
1, 4264, 0, 9223372036854775807, 0, 9223372036850511807
1, 4265, 0, 9223372036854775807, 0, 9223372036850510807
1, 4266, 0, 9223372036854775807, 0, 9223372036850509807
1, 4267, 0, 9223372036854775807, 0, 9223372036850508807
1, 4268, 0, 9223372036854775807, 0, 9223372036850507807
1, 4269, 0, 9223372036854775807, 0, 9223372036850506807
1, 427, 0, 9223372036854775807, 0, 9223372036854348807
1, 4270, 0, 9223372036854775807, 0, 9223372036850505807
1, 4271, 0, 9223372036854775807, 0, 9223372036850504807
1, 4272, 0, 9223372036854775807, 0, 9223372036850503807
1, 4273, 0, 9223372036854775807, 0, 9223372036850502807
1, 4274, 0, 9223372036854775807, 0, 9223372036850501807
1, 4275, 0, 9223372036854775807, 0, 9223372036850500807
1, 4276, 0, 9223372036854775807, 0, 9223372036850499807
1, 4277, 0, 9223372036854775807, 0, 9223372036850498807
1, 4278, 0, 9223372036854775807, 0, 9223372036850497807
1, 4279, 0, 9223372036854775807, 0, 9223372036850496807
1, 428, 0, 9223372036854775807, 0, 9223372036854347807
1, 4280, 0, 9223372036854775807, 0, 9223372036850495807
1, 4281, 0, 9223372036854775807, 0, 9223372036850494807
1, 4282, 0, 9223372036854775807, 0, 9223372036850493807
1, 4283, 0, 9223372036854775807, 0, 9223372036850492807
1, 4284, 0, 9223372036854775807, 0, 9223372036850491807
1, 4285, 0, 9223372036854775807, 0, 9223372036850490807
1, 4286, 0, 9223372036854775807, 0, 9223372036850489807
1, 4287, 0, 9223372036854775807, 0, 9223372036850488807
1, 4288, 0, 9223372036854775807, 0, 9223372036850487807
1, 4289, 0, 9223372036854775807, 0, 9223372036850486807
1, 429, 0, 9223372036854775807, 0, 9223372036854346807
1, 4290, 0, 9223372036854775807, 0, 9223372036850485807
1, 4291, 0, 9223372036854775807, 0, 9223372036850484807
1, 4292, 0, 9223372036854775807, 0, 9223372036850483807
1, 4293, 0, 9223372036854775807, 0, 9223372036850482807
1, 4294, 0, 9223372036854775807, 0, 9223372036850481807
1, 4295, 0, 9223372036854775807, 0, 9223372036850480807
1, 4296, 0, 9223372036854775807, 0, 9223372036850479807
1, 4297, 0, 9223372036854775807, 0, 9223372036850478807
1, 4298, 0, 9223372036854775807, 0, 9223372036850477807
1, 4299, 0, 9223372036854775807, 0, 9223372036850476807
1, 43, 0, 9223372036854775807, 0, 9223372036854732807
1, 430, 0, 9223372036854775807, 0, 9223372036854345807
1, 4300, 0, 9223372036854775807, 0, 9223372036850475807
1, 4301, 0, 9223372036854775807, 0, 9223372036850474807
1, 4302, 0, 9223372036854775807, 0, 9223372036850473807
1, 4303, 0, 9223372036854775807, 0, 9223372036850472807
1, 4304, 0, 9223372036854775807, 0, 9223372036850471807
1, 4305, 0, 9223372036854775807, 0, 9223372036850470807
1, 4306, 0, 9223372036854775807, 0, 9223372036850469807
1, 4307, 0, 9223372036854775807, 0, 9223372036850468807
1, 4308, 0, 9223372036854775807, 0, 9223372036850467807
1, 4309, 0, 9223372036854775807, 0, 9223372036850466807
1, 431, 0, 9223372036854775807, 0, 9223372036854344807
1, 4310, 0, 9223372036854775807, 0, 9223372036850465807
1, 4311, 0, 9223372036854775807, 0, 9223372036850464807
1, 4312, 0, 9223372036854775807, 0, 9223372036850463807
1, 4313, 0, 9223372036854775807, 0, 9223372036850462807
1, 4314, 0, 9223372036854775807, 0, 9223372036850461807
1, 4315, 0, 9223372036854775807, 0, 9223372036850460807
1, 4316, 0, 9223372036854775807, 0, 9223372036850459807
1, 4317, 0, 9223372036854775807, 0, 9223372036850458807
1, 4318, 0, 9223372036854775807, 0, 9223372036850457807
1, 4319, 0, 9223372036854775807, 0, 9223372036850456807
1, 432, 0, 9223372036854775807, 0, 9223372036854343807
1, 4320, 0, 9223372036854775807, 0, 9223372036850455807
1, 4321, 0, 9223372036854775807, 0, 9223372036850454807
1, 4322, 0, 9223372036854775807, 0, 9223372036850453807
1, 4323, 0, 9223372036854775807, 0, 9223372036850452807
1, 4324, 0, 9223372036854775807, 0, 9223372036850451807
1, 4325, 0, 9223372036854775807, 0, 9223372036850450807
1, 4326, 0, 9223372036854775807, 0, 9223372036850449807
1, 4327, 0, 9223372036854775807, 0, 9223372036850448807
1, 4328, 0, 9223372036854775807, 0, 9223372036850447807
1, 4329, 0, 9223372036854775807, 0, 9223372036850446807
1, 433, 0, 9223372036854775807, 0, 9223372036854342807
1, 4330, 0, 9223372036854775807, 0, 9223372036850445807
1, 4331, 0, 9223372036854775807, 0, 9223372036850444807
1, 4332, 0, 9223372036854775807, 0, 9223372036850443807
1, 4333, 0, 9223372036854775807, 0, 9223372036850442807
1, 4334, 0, 9223372036854775807, 0, 9223372036850441807
1, 4335, 0, 9223372036854775807, 0, 9223372036850440807
1, 4336, 0, 9223372036854775807, 0, 9223372036850439807
1, 4337, 0, 9223372036854775807, 0, 9223372036850438807
1, 4338, 0, 9223372036854775807, 0, 9223372036850437807
1, 4339, 0, 9223372036854775807, 0, 9223372036850436807
1, 434, 0, 9223372036854775807, 0, 9223372036854341807
1, 4340, 0, 9223372036854775807, 0, 9223372036850435807
1, 4341, 0, 9223372036854775807, 0, 9223372036850434807
1, 4342, 0, 9223372036854775807, 0, 9223372036850433807
1, 4343, 0, 9223372036854775807, 0, 9223372036850432807
1, 4344, 0, 9223372036854775807, 0, 9223372036850431807
1, 4345, 0, 9223372036854775807, 0, 9223372036850430807
1, 4346, 0, 9223372036854775807, 0, 9223372036850429807
1, 4347, 0, 9223372036854775807, 0, 9223372036850428807
1, 4348, 0, 9223372036854775807, 0, 9223372036850427807
1, 4349, 0, 9223372036854775807, 0, 9223372036850426807
1, 435, 0, 9223372036854775807, 0, 9223372036854340807
1, 4350, 0, 9223372036854775807, 0, 9223372036850425807
1, 4351, 0, 9223372036854775807, 0, 9223372036850424807
1, 4352, 0, 9223372036854775807, 0, 9223372036850423807
1, 4353, 0, 9223372036854775807, 0, 9223372036850422807
1, 4354, 0, 9223372036854775807, 0, 9223372036850421807
1, 4355, 0, 9223372036854775807, 0, 9223372036850420807
1, 4356, 0, 9223372036854775807, 0, 9223372036850419807
1, 4357, 0, 9223372036854775807, 0, 9223372036850418807
1, 4358, 0, 9223372036854775807, 0, 9223372036850417807
1, 4359, 0, 9223372036854775807, 0, 9223372036850416807
1, 436, 0, 9223372036854775807, 0, 9223372036854339807
1, 4360, 0, 9223372036854775807, 0, 9223372036850415807
1, 4361, 0, 9223372036854775807, 0, 9223372036850414807
1, 4362, 0, 9223372036854775807, 0, 9223372036850413807
1, 4363, 0, 9223372036854775807, 0, 9223372036850412807
1, 4364, 0, 9223372036854775807, 0, 9223372036850411807
1, 4365, 0, 9223372036854775807, 0, 9223372036850410807
1, 4366, 0, 9223372036854775807, 0, 9223372036850409807
1, 4367, 0, 9223372036854775807, 0, 9223372036850408807
1, 4368, 0, 9223372036854775807, 0, 9223372036850407807
1, 4369, 0, 9223372036854775807, 0, 9223372036850406807
1, 437, 0, 9223372036854775807, 0, 9223372036854338807
1, 4370, 0, 9223372036854775807, 0, 9223372036850405807
1, 4371, 0, 9223372036854775807, 0, 9223372036850404807
1, 4372, 0, 9223372036854775807, 0, 9223372036850403807
1, 4373, 0, 9223372036854775807, 0, 9223372036850402807
1, 4374, 0, 9223372036854775807, 0, 9223372036850401807
1, 4375, 0, 9223372036854775807, 0, 9223372036850400807
1, 4376, 0, 9223372036854775807, 0, 9223372036850399807
1, 4377, 0, 9223372036854775807, 0, 9223372036850398807
1, 4378, 0, 9223372036854775807, 0, 9223372036850397807
1, 4379, 0, 9223372036854775807, 0, 9223372036850396807
1, 438, 0, 9223372036854775807, 0, 9223372036854337807
1, 4380, 0, 9223372036854775807, 0, 9223372036850395807
1, 4381, 0, 9223372036854775807, 0, 9223372036850394807
1, 4382, 0, 9223372036854775807, 0, 9223372036850393807
1, 4383, 0, 9223372036854775807, 0, 9223372036850392807
1, 4384, 0, 9223372036854775807, 0, 9223372036850391807
1, 4385, 0, 9223372036854775807, 0, 9223372036850390807
1, 4386, 0, 9223372036854775807, 0, 9223372036850389807
1, 4387, 0, 9223372036854775807, 0, 9223372036850388807
1, 4388, 0, 9223372036854775807, 0, 9223372036850387807
1, 4389, 0, 9223372036854775807, 0, 9223372036850386807
1, 439, 0, 9223372036854775807, 0, 9223372036854336807
1, 4390, 0, 9223372036854775807, 0, 9223372036850385807
1, 4391, 0, 9223372036854775807, 0, 9223372036850384807
1, 4392, 0, 9223372036854775807, 0, 9223372036850383807
1, 4393, 0, 9223372036854775807, 0, 9223372036850382807
1, 4394, 0, 9223372036854775807, 0, 9223372036850381807
1, 4395, 0, 9223372036854775807, 0, 9223372036850380807
1, 4396, 0, 9223372036854775807, 0, 9223372036850379807
1, 4397, 0, 9223372036854775807, 0, 9223372036850378807
1, 4398, 0, 9223372036854775807, 0, 9223372036850377807
1, 4399, 0, 9223372036854775807, 0, 9223372036850376807
1, 44, 0, 9223372036854775807, 0, 9223372036854731807
1, 440, 0, 9223372036854775807, 0, 9223372036854335807
1, 4400, 0, 9223372036854775807, 0, 9223372036850375807
1, 4401, 0, 9223372036854775807, 0, 9223372036850374807
1, 4402, 0, 9223372036854775807, 0, 9223372036850373807
1, 4403, 0, 9223372036854775807, 0, 9223372036850372807
1, 4404, 0, 9223372036854775807, 0, 9223372036850371807
1, 4405, 0, 9223372036854775807, 0, 9223372036850370807
1, 4406, 0, 9223372036854775807, 0, 9223372036850369807
1, 4407, 0, 9223372036854775807, 0, 9223372036850368807
1, 4408, 0, 9223372036854775807, 0, 9223372036850367807
1, 4409, 0, 9223372036854775807, 0, 9223372036850366807
1, 441, 0, 9223372036854775807, 0, 9223372036854334807
1, 4410, 0, 9223372036854775807, 0, 9223372036850365807
1, 4411, 0, 9223372036854775807, 0, 9223372036850364807
1, 4412, 0, 9223372036854775807, 0, 9223372036850363807
1, 4413, 0, 9223372036854775807, 0, 9223372036850362807
1, 4414, 0, 9223372036854775807, 0, 9223372036850361807
1, 4415, 0, 9223372036854775807, 0, 9223372036850360807
1, 4416, 0, 9223372036854775807, 0, 9223372036850359807
1, 4417, 0, 9223372036854775807, 0, 9223372036850358807
1, 4418, 0, 9223372036854775807, 0, 9223372036850357807
1, 4419, 0, 9223372036854775807, 0, 9223372036850356807
1, 442, 0, 9223372036854775807, 0, 9223372036854333807
1, 4420, 0, 9223372036854775807, 0, 9223372036850355807
1, 4421, 0, 9223372036854775807, 0, 9223372036850354807
1, 4422, 0, 9223372036854775807, 0, 9223372036850353807
1, 4423, 0, 9223372036854775807, 0, 9223372036850352807
1, 4424, 0, 9223372036854775807, 0, 9223372036850351807
1, 4425, 0, 9223372036854775807, 0, 9223372036850350807
1, 4426, 0, 9223372036854775807, 0, 9223372036850349807
1, 4427, 0, 9223372036854775807, 0, 9223372036850348807
1, 4428, 0, 9223372036854775807, 0, 9223372036850347807
1, 4429, 0, 9223372036854775807, 0, 9223372036850346807
1, 443, 0, 9223372036854775807, 0, 9223372036854332807
1, 4430, 0, 9223372036854775807, 0, 9223372036850345807
1, 4431, 0, 9223372036854775807, 0, 9223372036850344807
1, 4432, 0, 9223372036854775807, 0, 9223372036850343807
1, 4433, 0, 9223372036854775807, 0, 9223372036850342807
1, 4434, 0, 9223372036854775807, 0, 9223372036850341807
1, 4435, 0, 9223372036854775807, 0, 9223372036850340807
1, 4436, 0, 9223372036854775807, 0, 9223372036850339807
1, 4437, 0, 9223372036854775807, 0, 9223372036850338807
1, 4438, 0, 9223372036854775807, 0, 9223372036850337807
1, 4439, 0, 9223372036854775807, 0, 9223372036850336807
1, 444, 0, 9223372036854775807, 0, 9223372036854331807
1, 4440, 0, 9223372036854775807, 0, 9223372036850335807
1, 4441, 0, 9223372036854775807, 0, 9223372036850334807
1, 4442, 0, 9223372036854775807, 0, 9223372036850333807
1, 4443, 0, 9223372036854775807, 0, 9223372036850332807
1, 4444, 0, 9223372036854775807, 0, 9223372036850331807
1, 4445, 0, 9223372036854775807, 0, 9223372036850330807
1, 4446, 0, 9223372036854775807, 0, 9223372036850329807
1, 4447, 0, 9223372036854775807, 0, 9223372036850328807
1, 4448, 0, 9223372036854775807, 0, 9223372036850327807
1, 4449, 0, 9223372036854775807, 0, 9223372036850326807
1, 445, 0, 9223372036854775807, 0, 9223372036854330807
1, 4450, 0, 9223372036854775807, 0, 9223372036850325807
1, 4451, 0, 9223372036854775807, 0, 9223372036850324807
1, 4452, 0, 9223372036854775807, 0, 9223372036850323807
1, 4453, 0, 9223372036854775807, 0, 9223372036850322807
1, 4454, 0, 9223372036854775807, 0, 9223372036850321807
1, 4455, 0, 9223372036854775807, 0, 9223372036850320807
1, 4456, 0, 9223372036854775807, 0, 9223372036850319807
1, 4457, 0, 9223372036854775807, 0, 9223372036850318807
1, 4458, 0, 9223372036854775807, 0, 9223372036850317807
1, 4459, 0, 9223372036854775807, 0, 9223372036850316807
1, 446, 0, 9223372036854775807, 0, 9223372036854329807
1, 4460, 0, 9223372036854775807, 0, 9223372036850315807
1, 4461, 0, 9223372036854775807, 0, 9223372036850314807
1, 4462, 0, 9223372036854775807, 0, 9223372036850313807
1, 4463, 0, 9223372036854775807, 0, 9223372036850312807
1, 4464, 0, 9223372036854775807, 0, 9223372036850311807
1, 4465, 0, 9223372036854775807, 0, 9223372036850310807
1, 4466, 0, 9223372036854775807, 0, 9223372036850309807
1, 4467, 0, 9223372036854775807, 0, 9223372036850308807
1, 4468, 0, 9223372036854775807, 0, 9223372036850307807
1, 4469, 0, 9223372036854775807, 0, 9223372036850306807
1, 447, 0, 9223372036854775807, 0, 9223372036854328807
1, 4470, 0, 9223372036854775807, 0, 9223372036850305807
1, 4471, 0, 9223372036854775807, 0, 9223372036850304807
1, 4472, 0, 9223372036854775807, 0, 9223372036850303807
1, 4473, 0, 9223372036854775807, 0, 9223372036850302807
1, 4474, 0, 9223372036854775807, 0, 9223372036850301807
1, 4475, 0, 9223372036854775807, 0, 9223372036850300807
1, 4476, 0, 9223372036854775807, 0, 9223372036850299807
1, 4477, 0, 9223372036854775807, 0, 9223372036850298807
1, 4478, 0, 9223372036854775807, 0, 9223372036850297807
1, 4479, 0, 9223372036854775807, 0, 9223372036850296807
1, 448, 0, 9223372036854775807, 0, 9223372036854327807
1, 4480, 0, 9223372036854775807, 0, 9223372036850295807
1, 4481, 0, 9223372036854775807, 0, 9223372036850294807
1, 4482, 0, 9223372036854775807, 0, 9223372036850293807
1, 4483, 0, 9223372036854775807, 0, 9223372036850292807
1, 4484, 0, 9223372036854775807, 0, 9223372036850291807
1, 4485, 0, 9223372036854775807, 0, 9223372036850290807
1, 4486, 0, 9223372036854775807, 0, 9223372036850289807
1, 4487, 0, 9223372036854775807, 0, 9223372036850288807
1, 4488, 0, 9223372036854775807, 0, 9223372036850287807
1, 4489, 0, 9223372036854775807, 0, 9223372036850286807
1, 449, 0, 9223372036854775807, 0, 9223372036854326807
1, 4490, 0, 9223372036854775807, 0, 9223372036850285807
1, 4491, 0, 9223372036854775807, 0, 9223372036850284807
1, 4492, 0, 9223372036854775807, 0, 9223372036850283807
1, 4493, 0, 9223372036854775807, 0, 9223372036850282807
1, 4494, 0, 9223372036854775807, 0, 9223372036850281807
1, 4495, 0, 9223372036854775807, 0, 9223372036850280807
1, 4496, 0, 9223372036854775807, 0, 9223372036850279807
1, 4497, 0, 9223372036854775807, 0, 9223372036850278807
1, 4498, 0, 9223372036854775807, 0, 9223372036850277807
1, 4499, 0, 9223372036854775807, 0, 9223372036850276807
1, 45, 0, 9223372036854775807, 0, 9223372036854730807
1, 450, 0, 9223372036854775807, 0, 9223372036854325807
1, 4500, 0, 9223372036854775807, 0, 9223372036850275807
1, 4501, 0, 9223372036854775807, 0, 9223372036850274807
1, 4502, 0, 9223372036854775807, 0, 9223372036850273807
1, 4503, 0, 9223372036854775807, 0, 9223372036850272807
1, 4504, 0, 9223372036854775807, 0, 9223372036850271807
1, 4505, 0, 9223372036854775807, 0, 9223372036850270807
1, 4506, 0, 9223372036854775807, 0, 9223372036850269807
1, 4507, 0, 9223372036854775807, 0, 9223372036850268807
1, 4508, 0, 9223372036854775807, 0, 9223372036850267807
1, 4509, 0, 9223372036854775807, 0, 9223372036850266807
1, 451, 0, 9223372036854775807, 0, 9223372036854324807
1, 4510, 0, 9223372036854775807, 0, 9223372036850265807
1, 4511, 0, 9223372036854775807, 0, 9223372036850264807
1, 4512, 0, 9223372036854775807, 0, 9223372036850263807
1, 4513, 0, 9223372036854775807, 0, 9223372036850262807
1, 4514, 0, 9223372036854775807, 0, 9223372036850261807
1, 4515, 0, 9223372036854775807, 0, 9223372036850260807
1, 4516, 0, 9223372036854775807, 0, 9223372036850259807
1, 4517, 0, 9223372036854775807, 0, 9223372036850258807
1, 4518, 0, 9223372036854775807, 0, 9223372036850257807
1, 4519, 0, 9223372036854775807, 0, 9223372036850256807
1, 452, 0, 9223372036854775807, 0, 9223372036854323807
1, 4520, 0, 9223372036854775807, 0, 9223372036850255807
1, 4521, 0, 9223372036854775807, 0, 9223372036850254807
1, 4522, 0, 9223372036854775807, 0, 9223372036850253807
1, 4523, 0, 9223372036854775807, 0, 9223372036850252807
1, 4524, 0, 9223372036854775807, 0, 9223372036850251807
1, 4525, 0, 9223372036854775807, 0, 9223372036850250807
1, 4526, 0, 9223372036854775807, 0, 9223372036850249807
1, 4527, 0, 9223372036854775807, 0, 9223372036850248807
1, 4528, 0, 9223372036854775807, 0, 9223372036850247807
1, 4529, 0, 9223372036854775807, 0, 9223372036850246807
1, 453, 0, 9223372036854775807, 0, 9223372036854322807
1, 4530, 0, 9223372036854775807, 0, 9223372036850245807
1, 4531, 0, 9223372036854775807, 0, 9223372036850244807
1, 4532, 0, 9223372036854775807, 0, 9223372036850243807
1, 4533, 0, 9223372036854775807, 0, 9223372036850242807
1, 4534, 0, 9223372036854775807, 0, 9223372036850241807
1, 4535, 0, 9223372036854775807, 0, 9223372036850240807
1, 4536, 0, 9223372036854775807, 0, 9223372036850239807
1, 4537, 0, 9223372036854775807, 0, 9223372036850238807
1, 4538, 0, 9223372036854775807, 0, 9223372036850237807
1, 4539, 0, 9223372036854775807, 0, 9223372036850236807
1, 454, 0, 9223372036854775807, 0, 9223372036854321807
1, 4540, 0, 9223372036854775807, 0, 9223372036850235807
1, 4541, 0, 9223372036854775807, 0, 9223372036850234807
1, 4542, 0, 9223372036854775807, 0, 9223372036850233807
1, 4543, 0, 9223372036854775807, 0, 9223372036850232807
1, 4544, 0, 9223372036854775807, 0, 9223372036850231807
1, 4545, 0, 9223372036854775807, 0, 9223372036850230807
1, 4546, 0, 9223372036854775807, 0, 9223372036850229807
1, 4547, 0, 9223372036854775807, 0, 9223372036850228807
1, 4548, 0, 9223372036854775807, 0, 9223372036850227807
1, 4549, 0, 9223372036854775807, 0, 9223372036850226807
1, 455, 0, 9223372036854775807, 0, 9223372036854320807
1, 4550, 0, 9223372036854775807, 0, 9223372036850225807
1, 4551, 0, 9223372036854775807, 0, 9223372036850224807
1, 4552, 0, 9223372036854775807, 0, 9223372036850223807
1, 4553, 0, 9223372036854775807, 0, 9223372036850222807
1, 4554, 0, 9223372036854775807, 0, 9223372036850221807
1, 4555, 0, 9223372036854775807, 0, 9223372036850220807
1, 4556, 0, 9223372036854775807, 0, 9223372036850219807
1, 4557, 0, 9223372036854775807, 0, 9223372036850218807
1, 4558, 0, 9223372036854775807, 0, 9223372036850217807
1, 4559, 0, 9223372036854775807, 0, 9223372036850216807
1, 456, 0, 9223372036854775807, 0, 9223372036854319807
1, 4560, 0, 9223372036854775807, 0, 9223372036850215807
1, 4561, 0, 9223372036854775807, 0, 9223372036850214807
1, 4562, 0, 9223372036854775807, 0, 9223372036850213807
1, 4563, 0, 9223372036854775807, 0, 9223372036850212807
1, 4564, 0, 9223372036854775807, 0, 9223372036850211807
1, 4565, 0, 9223372036854775807, 0, 9223372036850210807
1, 4566, 0, 9223372036854775807, 0, 9223372036850209807
1, 4567, 0, 9223372036854775807, 0, 9223372036850208807
1, 4568, 0, 9223372036854775807, 0, 9223372036850207807
1, 4569, 0, 9223372036854775807, 0, 9223372036850206807
1, 457, 0, 9223372036854775807, 0, 9223372036854318807
1, 4570, 0, 9223372036854775807, 0, 9223372036850205807
1, 4571, 0, 9223372036854775807, 0, 9223372036850204807
1, 4572, 0, 9223372036854775807, 0, 9223372036850203807
1, 4573, 0, 9223372036854775807, 0, 9223372036850202807
1, 4574, 0, 9223372036854775807, 0, 9223372036850201807
1, 4575, 0, 9223372036854775807, 0, 9223372036850200807
1, 4576, 0, 9223372036854775807, 0, 9223372036850199807
1, 4577, 0, 9223372036854775807, 0, 9223372036850198807
1, 4578, 0, 9223372036854775807, 0, 9223372036850197807
1, 4579, 0, 9223372036854775807, 0, 9223372036850196807
1, 458, 0, 9223372036854775807, 0, 9223372036854317807
1, 4580, 0, 9223372036854775807, 0, 9223372036850195807
1, 4581, 0, 9223372036854775807, 0, 9223372036850194807
1, 4582, 0, 9223372036854775807, 0, 9223372036850193807
1, 4583, 0, 9223372036854775807, 0, 9223372036850192807
1, 4584, 0, 9223372036854775807, 0, 9223372036850191807
1, 4585, 0, 9223372036854775807, 0, 9223372036850190807
1, 4586, 0, 9223372036854775807, 0, 9223372036850189807
1, 4587, 0, 9223372036854775807, 0, 9223372036850188807
1, 4588, 0, 9223372036854775807, 0, 9223372036850187807
1, 4589, 0, 9223372036854775807, 0, 9223372036850186807
1, 459, 0, 9223372036854775807, 0, 9223372036854316807
1, 4590, 0, 9223372036854775807, 0, 9223372036850185807
1, 4591, 0, 9223372036854775807, 0, 9223372036850184807
1, 4592, 0, 9223372036854775807, 0, 9223372036850183807
1, 4593, 0, 9223372036854775807, 0, 9223372036850182807
1, 4594, 0, 9223372036854775807, 0, 9223372036850181807
1, 4595, 0, 9223372036854775807, 0, 9223372036850180807
1, 4596, 0, 9223372036854775807, 0, 9223372036850179807
1, 4597, 0, 9223372036854775807, 0, 9223372036850178807
1, 4598, 0, 9223372036854775807, 0, 9223372036850177807
1, 4599, 0, 9223372036854775807, 0, 9223372036850176807
1, 46, 0, 9223372036854775807, 0, 9223372036854729807
1, 460, 0, 9223372036854775807, 0, 9223372036854315807
1, 4600, 0, 9223372036854775807, 0, 9223372036850175807
1, 4601, 0, 9223372036854775807, 0, 9223372036850174807
1, 4602, 0, 9223372036854775807, 0, 9223372036850173807
1, 4603, 0, 9223372036854775807, 0, 9223372036850172807
1, 4604, 0, 9223372036854775807, 0, 9223372036850171807
1, 4605, 0, 9223372036854775807, 0, 9223372036850170807
1, 4606, 0, 9223372036854775807, 0, 9223372036850169807
1, 4607, 0, 9223372036854775807, 0, 9223372036850168807
1, 4608, 0, 9223372036854775807, 0, 9223372036850167807
1, 4609, 0, 9223372036854775807, 0, 9223372036850166807
1, 461, 0, 9223372036854775807, 0, 9223372036854314807
1, 4610, 0, 9223372036854775807, 0, 9223372036850165807
1, 4611, 0, 9223372036854775807, 0, 9223372036850164807
1, 4612, 0, 9223372036854775807, 0, 9223372036850163807
1, 4613, 0, 9223372036854775807, 0, 9223372036850162807
1, 4614, 0, 9223372036854775807, 0, 9223372036850161807
1, 4615, 0, 9223372036854775807, 0, 9223372036850160807
1, 4616, 0, 9223372036854775807, 0, 9223372036850159807
1, 4617, 0, 9223372036854775807, 0, 9223372036850158807
1, 4618, 0, 9223372036854775807, 0, 9223372036850157807
1, 4619, 0, 9223372036854775807, 0, 9223372036850156807
1, 462, 0, 9223372036854775807, 0, 9223372036854313807
1, 4620, 0, 9223372036854775807, 0, 9223372036850155807
1, 4621, 0, 9223372036854775807, 0, 9223372036850154807
1, 4622, 0, 9223372036854775807, 0, 9223372036850153807
1, 4623, 0, 9223372036854775807, 0, 9223372036850152807
1, 4624, 0, 9223372036854775807, 0, 9223372036850151807
1, 4625, 0, 9223372036854775807, 0, 9223372036850150807
1, 4626, 0, 9223372036854775807, 0, 9223372036850149807
1, 4627, 0, 9223372036854775807, 0, 9223372036850148807
1, 4628, 0, 9223372036854775807, 0, 9223372036850147807
1, 4629, 0, 9223372036854775807, 0, 9223372036850146807
1, 463, 0, 9223372036854775807, 0, 9223372036854312807
1, 4630, 0, 9223372036854775807, 0, 9223372036850145807
1, 4631, 0, 9223372036854775807, 0, 9223372036850144807
1, 4632, 0, 9223372036854775807, 0, 9223372036850143807
1, 4633, 0, 9223372036854775807, 0, 9223372036850142807
1, 4634, 0, 9223372036854775807, 0, 9223372036850141807
1, 4635, 0, 9223372036854775807, 0, 9223372036850140807
1, 4636, 0, 9223372036854775807, 0, 9223372036850139807
1, 4637, 0, 9223372036854775807, 0, 9223372036850138807
1, 4638, 0, 9223372036854775807, 0, 9223372036850137807
1, 4639, 0, 9223372036854775807, 0, 9223372036850136807
1, 464, 0, 9223372036854775807, 0, 9223372036854311807
1, 4640, 0, 9223372036854775807, 0, 9223372036850135807
1, 4641, 0, 9223372036854775807, 0, 9223372036850134807
1, 4642, 0, 9223372036854775807, 0, 9223372036850133807
1, 4643, 0, 9223372036854775807, 0, 9223372036850132807
1, 4644, 0, 9223372036854775807, 0, 9223372036850131807
1, 4645, 0, 9223372036854775807, 0, 9223372036850130807
1, 4646, 0, 9223372036854775807, 0, 9223372036850129807
1, 4647, 0, 9223372036854775807, 0, 9223372036850128807
1, 4648, 0, 9223372036854775807, 0, 9223372036850127807
1, 4649, 0, 9223372036854775807, 0, 9223372036850126807
1, 465, 0, 9223372036854775807, 0, 9223372036854310807
1, 4650, 0, 9223372036854775807, 0, 9223372036850125807
1, 4651, 0, 9223372036854775807, 0, 9223372036850124807
1, 4652, 0, 9223372036854775807, 0, 9223372036850123807
1, 4653, 0, 9223372036854775807, 0, 9223372036850122807
1, 4654, 0, 9223372036854775807, 0, 9223372036850121807
1, 4655, 0, 9223372036854775807, 0, 9223372036850120807
1, 4656, 0, 9223372036854775807, 0, 9223372036850119807
1, 4657, 0, 9223372036854775807, 0, 9223372036850118807
1, 4658, 0, 9223372036854775807, 0, 9223372036850117807
1, 4659, 0, 9223372036854775807, 0, 9223372036850116807
1, 466, 0, 9223372036854775807, 0, 9223372036854309807
1, 4660, 0, 9223372036854775807, 0, 9223372036850115807
1, 4661, 0, 9223372036854775807, 0, 9223372036850114807
1, 4662, 0, 9223372036854775807, 0, 9223372036850113807
1, 4663, 0, 9223372036854775807, 0, 9223372036850112807
1, 4664, 0, 9223372036854775807, 0, 9223372036850111807
1, 4665, 0, 9223372036854775807, 0, 9223372036850110807
1, 4666, 0, 9223372036854775807, 0, 9223372036850109807
1, 4667, 0, 9223372036854775807, 0, 9223372036850108807
1, 4668, 0, 9223372036854775807, 0, 9223372036850107807
1, 4669, 0, 9223372036854775807, 0, 9223372036850106807
1, 467, 0, 9223372036854775807, 0, 9223372036854308807
1, 4670, 0, 9223372036854775807, 0, 9223372036850105807
1, 4671, 0, 9223372036854775807, 0, 9223372036850104807
1, 4672, 0, 9223372036854775807, 0, 9223372036850103807
1, 4673, 0, 9223372036854775807, 0, 9223372036850102807
1, 4674, 0, 9223372036854775807, 0, 9223372036850101807
1, 4675, 0, 9223372036854775807, 0, 9223372036850100807
1, 4676, 0, 9223372036854775807, 0, 9223372036850099807
1, 4677, 0, 9223372036854775807, 0, 9223372036850098807
1, 4678, 0, 9223372036854775807, 0, 9223372036850097807
1, 4679, 0, 9223372036854775807, 0, 9223372036850096807
1, 468, 0, 9223372036854775807, 0, 9223372036854307807
1, 4680, 0, 9223372036854775807, 0, 9223372036850095807
1, 4681, 0, 9223372036854775807, 0, 9223372036850094807
1, 4682, 0, 9223372036854775807, 0, 9223372036850093807
1, 4683, 0, 9223372036854775807, 0, 9223372036850092807
1, 4684, 0, 9223372036854775807, 0, 9223372036850091807
1, 4685, 0, 9223372036854775807, 0, 9223372036850090807
1, 4686, 0, 9223372036854775807, 0, 9223372036850089807
1, 4687, 0, 9223372036854775807, 0, 9223372036850088807
1, 4688, 0, 9223372036854775807, 0, 9223372036850087807
1, 4689, 0, 9223372036854775807, 0, 9223372036850086807
1, 469, 0, 9223372036854775807, 0, 9223372036854306807
1, 4690, 0, 9223372036854775807, 0, 9223372036850085807
1, 4691, 0, 9223372036854775807, 0, 9223372036850084807
1, 4692, 0, 9223372036854775807, 0, 9223372036850083807
1, 4693, 0, 9223372036854775807, 0, 9223372036850082807
1, 4694, 0, 9223372036854775807, 0, 9223372036850081807
1, 4695, 0, 9223372036854775807, 0, 9223372036850080807
1, 4696, 0, 9223372036854775807, 0, 9223372036850079807
1, 4697, 0, 9223372036854775807, 0, 9223372036850078807
1, 4698, 0, 9223372036854775807, 0, 9223372036850077807
1, 4699, 0, 9223372036854775807, 0, 9223372036850076807
1, 47, 0, 9223372036854775807, 0, 9223372036854728807
1, 470, 0, 9223372036854775807, 0, 9223372036854305807
1, 4700, 0, 9223372036854775807, 0, 9223372036850075807
1, 4701, 0, 9223372036854775807, 0, 9223372036850074807
1, 4702, 0, 9223372036854775807, 0, 9223372036850073807
1, 4703, 0, 9223372036854775807, 0, 9223372036850072807
1, 4704, 0, 9223372036854775807, 0, 9223372036850071807
1, 4705, 0, 9223372036854775807, 0, 9223372036850070807
1, 4706, 0, 9223372036854775807, 0, 9223372036850069807
1, 4707, 0, 9223372036854775807, 0, 9223372036850068807
1, 4708, 0, 9223372036854775807, 0, 9223372036850067807
1, 4709, 0, 9223372036854775807, 0, 9223372036850066807
1, 471, 0, 9223372036854775807, 0, 9223372036854304807
1, 4710, 0, 9223372036854775807, 0, 9223372036850065807
1, 4711, 0, 9223372036854775807, 0, 9223372036850064807
1, 4712, 0, 9223372036854775807, 0, 9223372036850063807
1, 4713, 0, 9223372036854775807, 0, 9223372036850062807
1, 4714, 0, 9223372036854775807, 0, 9223372036850061807
1, 4715, 0, 9223372036854775807, 0, 9223372036850060807
1, 4716, 0, 9223372036854775807, 0, 9223372036850059807
1, 4717, 0, 9223372036854775807, 0, 9223372036850058807
1, 4718, 0, 9223372036854775807, 0, 9223372036850057807
1, 4719, 0, 9223372036854775807, 0, 9223372036850056807
1, 472, 0, 9223372036854775807, 0, 9223372036854303807
1, 4720, 0, 9223372036854775807, 0, 9223372036850055807
1, 4721, 0, 9223372036854775807, 0, 9223372036850054807
1, 4722, 0, 9223372036854775807, 0, 9223372036850053807
1, 4723, 0, 9223372036854775807, 0, 9223372036850052807
1, 4724, 0, 9223372036854775807, 0, 9223372036850051807
1, 4725, 0, 9223372036854775807, 0, 9223372036850050807
1, 4726, 0, 9223372036854775807, 0, 9223372036850049807
1, 4727, 0, 9223372036854775807, 0, 9223372036850048807
1, 4728, 0, 9223372036854775807, 0, 9223372036850047807
1, 4729, 0, 9223372036854775807, 0, 9223372036850046807
1, 473, 0, 9223372036854775807, 0, 9223372036854302807
1, 4730, 0, 9223372036854775807, 0, 9223372036850045807
1, 4731, 0, 9223372036854775807, 0, 9223372036850044807
1, 4732, 0, 9223372036854775807, 0, 9223372036850043807
1, 4733, 0, 9223372036854775807, 0, 9223372036850042807
1, 4734, 0, 9223372036854775807, 0, 9223372036850041807
1, 4735, 0, 9223372036854775807, 0, 9223372036850040807
1, 4736, 0, 9223372036854775807, 0, 9223372036850039807
1, 4737, 0, 9223372036854775807, 0, 9223372036850038807
1, 4738, 0, 9223372036854775807, 0, 9223372036850037807
1, 4739, 0, 9223372036854775807, 0, 9223372036850036807
1, 474, 0, 9223372036854775807, 0, 9223372036854301807
1, 4740, 0, 9223372036854775807, 0, 9223372036850035807
1, 4741, 0, 9223372036854775807, 0, 9223372036850034807
1, 4742, 0, 9223372036854775807, 0, 9223372036850033807
1, 4743, 0, 9223372036854775807, 0, 9223372036850032807
1, 4744, 0, 9223372036854775807, 0, 9223372036850031807
1, 4745, 0, 9223372036854775807, 0, 9223372036850030807
1, 4746, 0, 9223372036854775807, 0, 9223372036850029807
1, 4747, 0, 9223372036854775807, 0, 9223372036850028807
1, 4748, 0, 9223372036854775807, 0, 9223372036850027807
1, 4749, 0, 9223372036854775807, 0, 9223372036850026807
1, 475, 0, 9223372036854775807, 0, 9223372036854300807
1, 4750, 0, 9223372036854775807, 0, 9223372036850025807
1, 4751, 0, 9223372036854775807, 0, 9223372036850024807
1, 4752, 0, 9223372036854775807, 0, 9223372036850023807
1, 4753, 0, 9223372036854775807, 0, 9223372036850022807
1, 4754, 0, 9223372036854775807, 0, 9223372036850021807
1, 4755, 0, 9223372036854775807, 0, 9223372036850020807
1, 4756, 0, 9223372036854775807, 0, 9223372036850019807
1, 4757, 0, 9223372036854775807, 0, 9223372036850018807
1, 4758, 0, 9223372036854775807, 0, 9223372036850017807
1, 4759, 0, 9223372036854775807, 0, 9223372036850016807
1, 476, 0, 9223372036854775807, 0, 9223372036854299807
1, 4760, 0, 9223372036854775807, 0, 9223372036850015807
1, 4761, 0, 9223372036854775807, 0, 9223372036850014807
1, 4762, 0, 9223372036854775807, 0, 9223372036850013807
1, 4763, 0, 9223372036854775807, 0, 9223372036850012807
1, 4764, 0, 9223372036854775807, 0, 9223372036850011807
1, 4765, 0, 9223372036854775807, 0, 9223372036850010807
1, 4766, 0, 9223372036854775807, 0, 9223372036850009807
1, 4767, 0, 9223372036854775807, 0, 9223372036850008807
1, 4768, 0, 9223372036854775807, 0, 9223372036850007807
1, 4769, 0, 9223372036854775807, 0, 9223372036850006807
1, 477, 0, 9223372036854775807, 0, 9223372036854298807
1, 4770, 0, 9223372036854775807, 0, 9223372036850005807
1, 4771, 0, 9223372036854775807, 0, 9223372036850004807
1, 4772, 0, 9223372036854775807, 0, 9223372036850003807
1, 4773, 0, 9223372036854775807, 0, 9223372036850002807
1, 4774, 0, 9223372036854775807, 0, 9223372036850001807
1, 4775, 0, 9223372036854775807, 0, 9223372036850000807
1, 4776, 0, 9223372036854775807, 0, 9223372036849999807
1, 4777, 0, 9223372036854775807, 0, 9223372036849998807
1, 4778, 0, 9223372036854775807, 0, 9223372036849997807
1, 4779, 0, 9223372036854775807, 0, 9223372036849996807
1, 478, 0, 9223372036854775807, 0, 9223372036854297807
1, 4780, 0, 9223372036854775807, 0, 9223372036849995807
1, 4781, 0, 9223372036854775807, 0, 9223372036849994807
1, 4782, 0, 9223372036854775807, 0, 9223372036849993807
1, 4783, 0, 9223372036854775807, 0, 9223372036849992807
1, 4784, 0, 9223372036854775807, 0, 9223372036849991807
1, 4785, 0, 9223372036854775807, 0, 9223372036849990807
1, 4786, 0, 9223372036854775807, 0, 9223372036849989807
1, 4787, 0, 9223372036854775807, 0, 9223372036849988807
1, 4788, 0, 9223372036854775807, 0, 9223372036849987807
1, 4789, 0, 9223372036854775807, 0, 9223372036849986807
1, 479, 0, 9223372036854775807, 0, 9223372036854296807
1, 4790, 0, 9223372036854775807, 0, 9223372036849985807
1, 4791, 0, 9223372036854775807, 0, 9223372036849984807
1, 4792, 0, 9223372036854775807, 0, 9223372036849983807
1, 4793, 0, 9223372036854775807, 0, 9223372036849982807
1, 4794, 0, 9223372036854775807, 0, 9223372036849981807
1, 4795, 0, 9223372036854775807, 0, 9223372036849980807
1, 4796, 0, 9223372036854775807, 0, 9223372036849979807
1, 4797, 0, 9223372036854775807, 0, 9223372036849978807
1, 4798, 0, 9223372036854775807, 0, 9223372036849977807
1, 4799, 0, 9223372036854775807, 0, 9223372036849976807
1, 48, 0, 9223372036854775807, 0, 9223372036854727807
1, 480, 0, 9223372036854775807, 0, 9223372036854295807
1, 4800, 0, 9223372036854775807, 0, 9223372036849975807
1, 4801, 0, 9223372036854775807, 0, 9223372036849974807
1, 4802, 0, 9223372036854775807, 0, 9223372036849973807
1, 4803, 0, 9223372036854775807, 0, 9223372036849972807
1, 4804, 0, 9223372036854775807, 0, 9223372036849971807
1, 4805, 0, 9223372036854775807, 0, 9223372036849970807
1, 4806, 0, 9223372036854775807, 0, 9223372036849969807
1, 4807, 0, 9223372036854775807, 0, 9223372036849968807
1, 4808, 0, 9223372036854775807, 0, 9223372036849967807
1, 4809, 0, 9223372036854775807, 0, 9223372036849966807
1, 481, 0, 9223372036854775807, 0, 9223372036854294807
1, 4810, 0, 9223372036854775807, 0, 9223372036849965807
1, 4811, 0, 9223372036854775807, 0, 9223372036849964807
1, 4812, 0, 9223372036854775807, 0, 9223372036849963807
1, 4813, 0, 9223372036854775807, 0, 9223372036849962807
1, 4814, 0, 9223372036854775807, 0, 9223372036849961807
1, 4815, 0, 9223372036854775807, 0, 9223372036849960807
1, 4816, 0, 9223372036854775807, 0, 9223372036849959807
1, 4817, 0, 9223372036854775807, 0, 9223372036849958807
1, 4818, 0, 9223372036854775807, 0, 9223372036849957807
1, 4819, 0, 9223372036854775807, 0, 9223372036849956807
1, 482, 0, 9223372036854775807, 0, 9223372036854293807
1, 4820, 0, 9223372036854775807, 0, 9223372036849955807
1, 4821, 0, 9223372036854775807, 0, 9223372036849954807
1, 4822, 0, 9223372036854775807, 0, 9223372036849953807
1, 4823, 0, 9223372036854775807, 0, 9223372036849952807
1, 4824, 0, 9223372036854775807, 0, 9223372036849951807
1, 4825, 0, 9223372036854775807, 0, 9223372036849950807
1, 4826, 0, 9223372036854775807, 0, 9223372036849949807
1, 4827, 0, 9223372036854775807, 0, 9223372036849948807
1, 4828, 0, 9223372036854775807, 0, 9223372036849947807
1, 4829, 0, 9223372036854775807, 0, 9223372036849946807
1, 483, 0, 9223372036854775807, 0, 9223372036854292807
1, 4830, 0, 9223372036854775807, 0, 9223372036849945807
1, 4831, 0, 9223372036854775807, 0, 9223372036849944807
1, 4832, 0, 9223372036854775807, 0, 9223372036849943807
1, 4833, 0, 9223372036854775807, 0, 9223372036849942807
1, 4834, 0, 9223372036854775807, 0, 9223372036849941807
1, 4835, 0, 9223372036854775807, 0, 9223372036849940807
1, 4836, 0, 9223372036854775807, 0, 9223372036849939807
1, 4837, 0, 9223372036854775807, 0, 9223372036849938807
1, 4838, 0, 9223372036854775807, 0, 9223372036849937807
1, 4839, 0, 9223372036854775807, 0, 9223372036849936807
1, 484, 0, 9223372036854775807, 0, 9223372036854291807
1, 4840, 0, 9223372036854775807, 0, 9223372036849935807
1, 4841, 0, 9223372036854775807, 0, 9223372036849934807
1, 4842, 0, 9223372036854775807, 0, 9223372036849933807
1, 4843, 0, 9223372036854775807, 0, 9223372036849932807
1, 4844, 0, 9223372036854775807, 0, 9223372036849931807
1, 4845, 0, 9223372036854775807, 0, 9223372036849930807
1, 4846, 0, 9223372036854775807, 0, 9223372036849929807
1, 4847, 0, 9223372036854775807, 0, 9223372036849928807
1, 4848, 0, 9223372036854775807, 0, 9223372036849927807
1, 4849, 0, 9223372036854775807, 0, 9223372036849926807
1, 485, 0, 9223372036854775807, 0, 9223372036854290807
1, 4850, 0, 9223372036854775807, 0, 9223372036849925807
1, 4851, 0, 9223372036854775807, 0, 9223372036849924807
1, 4852, 0, 9223372036854775807, 0, 9223372036849923807
1, 4853, 0, 9223372036854775807, 0, 9223372036849922807
1, 4854, 0, 9223372036854775807, 0, 9223372036849921807
1, 4855, 0, 9223372036854775807, 0, 9223372036849920807
1, 4856, 0, 9223372036854775807, 0, 9223372036849919807
1, 4857, 0, 9223372036854775807, 0, 9223372036849918807
1, 4858, 0, 9223372036854775807, 0, 9223372036849917807
1, 4859, 0, 9223372036854775807, 0, 9223372036849916807
1, 486, 0, 9223372036854775807, 0, 9223372036854289807
1, 4860, 0, 9223372036854775807, 0, 9223372036849915807
1, 4861, 0, 9223372036854775807, 0, 9223372036849914807
1, 4862, 0, 9223372036854775807, 0, 9223372036849913807
1, 4863, 0, 9223372036854775807, 0, 9223372036849912807
1, 4864, 0, 9223372036854775807, 0, 9223372036849911807
1, 4865, 0, 9223372036854775807, 0, 9223372036849910807
1, 4866, 0, 9223372036854775807, 0, 9223372036849909807
1, 4867, 0, 9223372036854775807, 0, 9223372036849908807
1, 4868, 0, 9223372036854775807, 0, 9223372036849907807
1, 4869, 0, 9223372036854775807, 0, 9223372036849906807
1, 487, 0, 9223372036854775807, 0, 9223372036854288807
1, 4870, 0, 9223372036854775807, 0, 9223372036849905807
1, 4871, 0, 9223372036854775807, 0, 9223372036849904807
1, 4872, 0, 9223372036854775807, 0, 9223372036849903807
1, 4873, 0, 9223372036854775807, 0, 9223372036849902807
1, 4874, 0, 9223372036854775807, 0, 9223372036849901807
1, 4875, 0, 9223372036854775807, 0, 9223372036849900807
1, 4876, 0, 9223372036854775807, 0, 9223372036849899807
1, 4877, 0, 9223372036854775807, 0, 9223372036849898807
1, 4878, 0, 9223372036854775807, 0, 9223372036849897807
1, 4879, 0, 9223372036854775807, 0, 9223372036849896807
1, 488, 0, 9223372036854775807, 0, 9223372036854287807
1, 4880, 0, 9223372036854775807, 0, 9223372036849895807
1, 4881, 0, 9223372036854775807, 0, 9223372036849894807
1, 4882, 0, 9223372036854775807, 0, 9223372036849893807
1, 4883, 0, 9223372036854775807, 0, 9223372036849892807
1, 4884, 0, 9223372036854775807, 0, 9223372036849891807
1, 4885, 0, 9223372036854775807, 0, 9223372036849890807
1, 4886, 0, 9223372036854775807, 0, 9223372036849889807
1, 4887, 0, 9223372036854775807, 0, 9223372036849888807
1, 4888, 0, 9223372036854775807, 0, 9223372036849887807
1, 4889, 0, 9223372036854775807, 0, 9223372036849886807
1, 489, 0, 9223372036854775807, 0, 9223372036854286807
1, 4890, 0, 9223372036854775807, 0, 9223372036849885807
1, 4891, 0, 9223372036854775807, 0, 9223372036849884807
1, 4892, 0, 9223372036854775807, 0, 9223372036849883807
1, 4893, 0, 9223372036854775807, 0, 9223372036849882807
1, 4894, 0, 9223372036854775807, 0, 9223372036849881807
1, 4895, 0, 9223372036854775807, 0, 9223372036849880807
1, 4896, 0, 9223372036854775807, 0, 9223372036849879807
1, 4897, 0, 9223372036854775807, 0, 9223372036849878807
1, 4898, 0, 9223372036854775807, 0, 9223372036849877807
1, 4899, 0, 9223372036854775807, 0, 9223372036849876807
1, 49, 0, 9223372036854775807, 0, 9223372036854726807
1, 490, 0, 9223372036854775807, 0, 9223372036854285807
1, 4900, 0, 9223372036854775807, 0, 9223372036849875807
1, 4901, 0, 9223372036854775807, 0, 9223372036849874807
1, 4902, 0, 9223372036854775807, 0, 9223372036849873807
1, 4903, 0, 9223372036854775807, 0, 9223372036849872807
1, 4904, 0, 9223372036854775807, 0, 9223372036849871807
1, 4905, 0, 9223372036854775807, 0, 9223372036849870807
1, 4906, 0, 9223372036854775807, 0, 9223372036849869807
1, 4907, 0, 9223372036854775807, 0, 9223372036849868807
1, 4908, 0, 9223372036854775807, 0, 9223372036849867807
1, 4909, 0, 9223372036854775807, 0, 9223372036849866807
1, 491, 0, 9223372036854775807, 0, 9223372036854284807
1, 4910, 0, 9223372036854775807, 0, 9223372036849865807
1, 4911, 0, 9223372036854775807, 0, 9223372036849864807
1, 4912, 0, 9223372036854775807, 0, 9223372036849863807
1, 4913, 0, 9223372036854775807, 0, 9223372036849862807
1, 4914, 0, 9223372036854775807, 0, 9223372036849861807
1, 4915, 0, 9223372036854775807, 0, 9223372036849860807
1, 4916, 0, 9223372036854775807, 0, 9223372036849859807
1, 4917, 0, 9223372036854775807, 0, 9223372036849858807
1, 4918, 0, 9223372036854775807, 0, 9223372036849857807
1, 4919, 0, 9223372036854775807, 0, 9223372036849856807
1, 492, 0, 9223372036854775807, 0, 9223372036854283807
1, 4920, 0, 9223372036854775807, 0, 9223372036849855807
1, 4921, 0, 9223372036854775807, 0, 9223372036849854807
1, 4922, 0, 9223372036854775807, 0, 9223372036849853807
1, 4923, 0, 9223372036854775807, 0, 9223372036849852807
1, 4924, 0, 9223372036854775807, 0, 9223372036849851807
1, 4925, 0, 9223372036854775807, 0, 9223372036849850807
1, 4926, 0, 9223372036854775807, 0, 9223372036849849807
1, 4927, 0, 9223372036854775807, 0, 9223372036849848807
1, 4928, 0, 9223372036854775807, 0, 9223372036849847807
1, 4929, 0, 9223372036854775807, 0, 9223372036849846807
1, 493, 0, 9223372036854775807, 0, 9223372036854282807
1, 4930, 0, 9223372036854775807, 0, 9223372036849845807
1, 4931, 0, 9223372036854775807, 0, 9223372036849844807
1, 4932, 0, 9223372036854775807, 0, 9223372036849843807
1, 4933, 0, 9223372036854775807, 0, 9223372036849842807
1, 4934, 0, 9223372036854775807, 0, 9223372036849841807
1, 4935, 0, 9223372036854775807, 0, 9223372036849840807
1, 4936, 0, 9223372036854775807, 0, 9223372036849839807
1, 4937, 0, 9223372036854775807, 0, 9223372036849838807
1, 4938, 0, 9223372036854775807, 0, 9223372036849837807
1, 4939, 0, 9223372036854775807, 0, 9223372036849836807
1, 494, 0, 9223372036854775807, 0, 9223372036854281807
1, 4940, 0, 9223372036854775807, 0, 9223372036849835807
1, 4941, 0, 9223372036854775807, 0, 9223372036849834807
1, 4942, 0, 9223372036854775807, 0, 9223372036849833807
1, 4943, 0, 9223372036854775807, 0, 9223372036849832807
1, 4944, 0, 9223372036854775807, 0, 9223372036849831807
1, 4945, 0, 9223372036854775807, 0, 9223372036849830807
1, 4946, 0, 9223372036854775807, 0, 9223372036849829807
1, 4947, 0, 9223372036854775807, 0, 9223372036849828807
1, 4948, 0, 9223372036854775807, 0, 9223372036849827807
1, 4949, 0, 9223372036854775807, 0, 9223372036849826807
1, 495, 0, 9223372036854775807, 0, 9223372036854280807
1, 4950, 0, 9223372036854775807, 0, 9223372036849825807
1, 4951, 0, 9223372036854775807, 0, 9223372036849824807
1, 4952, 0, 9223372036854775807, 0, 9223372036849823807
1, 4953, 0, 9223372036854775807, 0, 9223372036849822807
1, 4954, 0, 9223372036854775807, 0, 9223372036849821807
1, 4955, 0, 9223372036854775807, 0, 9223372036849820807
1, 4956, 0, 9223372036854775807, 0, 9223372036849819807
1, 4957, 0, 9223372036854775807, 0, 9223372036849818807
1, 4958, 0, 9223372036854775807, 0, 9223372036849817807
1, 4959, 0, 9223372036854775807, 0, 9223372036849816807
1, 496, 0, 9223372036854775807, 0, 9223372036854279807
1, 4960, 0, 9223372036854775807, 0, 9223372036849815807
1, 4961, 0, 9223372036854775807, 0, 9223372036849814807
1, 4962, 0, 9223372036854775807, 0, 9223372036849813807
1, 4963, 0, 9223372036854775807, 0, 9223372036849812807
1, 4964, 0, 9223372036854775807, 0, 9223372036849811807
1, 4965, 0, 9223372036854775807, 0, 9223372036849810807
1, 4966, 0, 9223372036854775807, 0, 9223372036849809807
1, 4967, 0, 9223372036854775807, 0, 9223372036849808807
1, 4968, 0, 9223372036854775807, 0, 9223372036849807807
1, 4969, 0, 9223372036854775807, 0, 9223372036849806807
1, 497, 0, 9223372036854775807, 0, 9223372036854278807
1, 4970, 0, 9223372036854775807, 0, 9223372036849805807
1, 4971, 0, 9223372036854775807, 0, 9223372036849804807
1, 4972, 0, 9223372036854775807, 0, 9223372036849803807
1, 4973, 0, 9223372036854775807, 0, 9223372036849802807
1, 4974, 0, 9223372036854775807, 0, 9223372036849801807
1, 4975, 0, 9223372036854775807, 0, 9223372036849800807
1, 4976, 0, 9223372036854775807, 0, 9223372036849799807
1, 4977, 0, 9223372036854775807, 0, 9223372036849798807
1, 4978, 0, 9223372036854775807, 0, 9223372036849797807
1, 4979, 0, 9223372036854775807, 0, 9223372036849796807
1, 498, 0, 9223372036854775807, 0, 9223372036854277807
1, 4980, 0, 9223372036854775807, 0, 9223372036849795807
1, 4981, 0, 9223372036854775807, 0, 9223372036849794807
1, 4982, 0, 9223372036854775807, 0, 9223372036849793807
1, 4983, 0, 9223372036854775807, 0, 9223372036849792807
1, 4984, 0, 9223372036854775807, 0, 9223372036849791807
1, 4985, 0, 9223372036854775807, 0, 9223372036849790807
1, 4986, 0, 9223372036854775807, 0, 9223372036849789807
1, 4987, 0, 9223372036854775807, 0, 9223372036849788807
1, 4988, 0, 9223372036854775807, 0, 9223372036849787807
1, 4989, 0, 9223372036854775807, 0, 9223372036849786807
1, 499, 0, 9223372036854775807, 0, 9223372036854276807
1, 4990, 0, 9223372036854775807, 0, 9223372036849785807
1, 4991, 0, 9223372036854775807, 0, 9223372036849784807
1, 4992, 0, 9223372036854775807, 0, 9223372036849783807
1, 4993, 0, 9223372036854775807, 0, 9223372036849782807
1, 4994, 0, 9223372036854775807, 0, 9223372036849781807
1, 4995, 0, 9223372036854775807, 0, 9223372036849780807
1, 4996, 0, 9223372036854775807, 0, 9223372036849779807
1, 4997, 0, 9223372036854775807, 0, 9223372036849778807
1, 4998, 0, 9223372036854775807, 0, 9223372036849777807
1, 4999, 0, 9223372036854775807, 0, 9223372036849776807
1, 5, 0, 9223372036854775807, 0, 9223372036854770807
1, 50, 0, 9223372036854775807, 0, 9223372036854725807
1, 500, 0, 9223372036854775807, 0, 9223372036854275807
1, 5000, 0, 9223372036854775807, 0, 9223372036849775807
1, 5001, 0, 9223372036854775807, 0, 9223372036849774807
1, 5002, 0, 9223372036854775807, 0, 9223372036849773807
1, 5003, 0, 9223372036854775807, 0, 9223372036849772807
1, 5004, 0, 9223372036854775807, 0, 9223372036849771807
1, 5005, 0, 9223372036854775807, 0, 9223372036849770807
1, 5006, 0, 9223372036854775807, 0, 9223372036849769807
1, 5007, 0, 9223372036854775807, 0, 9223372036849768807
1, 5008, 0, 9223372036854775807, 0, 9223372036849767807
1, 5009, 0, 9223372036854775807, 0, 9223372036849766807
1, 501, 0, 9223372036854775807, 0, 9223372036854274807
1, 5010, 0, 9223372036854775807, 0, 9223372036849765807
1, 5011, 0, 9223372036854775807, 0, 9223372036849764807
1, 5012, 0, 9223372036854775807, 0, 9223372036849763807
1, 5013, 0, 9223372036854775807, 0, 9223372036849762807
1, 5014, 0, 9223372036854775807, 0, 9223372036849761807
1, 5015, 0, 9223372036854775807, 0, 9223372036849760807
1, 5016, 0, 9223372036854775807, 0, 9223372036849759807
1, 5017, 0, 9223372036854775807, 0, 9223372036849758807
1, 5018, 0, 9223372036854775807, 0, 9223372036849757807
1, 5019, 0, 9223372036854775807, 0, 9223372036849756807
1, 502, 0, 9223372036854775807, 0, 9223372036854273807
1, 5020, 0, 9223372036854775807, 0, 9223372036849755807
1, 5021, 0, 9223372036854775807, 0, 9223372036849754807
1, 5022, 0, 9223372036854775807, 0, 9223372036849753807
1, 5023, 0, 9223372036854775807, 0, 9223372036849752807
1, 5024, 0, 9223372036854775807, 0, 9223372036849751807
1, 5025, 0, 9223372036854775807, 0, 9223372036849750807
1, 5026, 0, 9223372036854775807, 0, 9223372036849749807
1, 5027, 0, 9223372036854775807, 0, 9223372036849748807
1, 5028, 0, 9223372036854775807, 0, 9223372036849747807
1, 5029, 0, 9223372036854775807, 0, 9223372036849746807
1, 503, 0, 9223372036854775807, 0, 9223372036854272807
1, 5030, 0, 9223372036854775807, 0, 9223372036849745807
1, 5031, 0, 9223372036854775807, 0, 9223372036849744807
1, 5032, 0, 9223372036854775807, 0, 9223372036849743807
1, 5033, 0, 9223372036854775807, 0, 9223372036849742807
1, 5034, 0, 9223372036854775807, 0, 9223372036849741807
1, 5035, 0, 9223372036854775807, 0, 9223372036849740807
1, 5036, 0, 9223372036854775807, 0, 9223372036849739807
1, 5037, 0, 9223372036854775807, 0, 9223372036849738807
1, 5038, 0, 9223372036854775807, 0, 9223372036849737807
1, 5039, 0, 9223372036854775807, 0, 9223372036849736807
1, 504, 0, 9223372036854775807, 0, 9223372036854271807
1, 5040, 0, 9223372036854775807, 0, 9223372036849735807
1, 5041, 0, 9223372036854775807, 0, 9223372036849734807
1, 5042, 0, 9223372036854775807, 0, 9223372036849733807
1, 5043, 0, 9223372036854775807, 0, 9223372036849732807
1, 5044, 0, 9223372036854775807, 0, 9223372036849731807
1, 5045, 0, 9223372036854775807, 0, 9223372036849730807
1, 5046, 0, 9223372036854775807, 0, 9223372036849729807
1, 5047, 0, 9223372036854775807, 0, 9223372036849728807
1, 5048, 0, 9223372036854775807, 0, 9223372036849727807
1, 5049, 0, 9223372036854775807, 0, 9223372036849726807
1, 505, 0, 9223372036854775807, 0, 9223372036854270807
1, 5050, 0, 9223372036854775807, 0, 9223372036849725807
1, 5051, 0, 9223372036854775807, 0, 9223372036849724807
1, 5052, 0, 9223372036854775807, 0, 9223372036849723807
1, 5053, 0, 9223372036854775807, 0, 9223372036849722807
1, 5054, 0, 9223372036854775807, 0, 9223372036849721807
1, 5055, 0, 9223372036854775807, 0, 9223372036849720807
1, 5056, 0, 9223372036854775807, 0, 9223372036849719807
1, 5057, 0, 9223372036854775807, 0, 9223372036849718807
1, 5058, 0, 9223372036854775807, 0, 9223372036849717807
1, 5059, 0, 9223372036854775807, 0, 9223372036849716807
1, 506, 0, 9223372036854775807, 0, 9223372036854269807
1, 5060, 0, 9223372036854775807, 0, 9223372036849715807
1, 5061, 0, 9223372036854775807, 0, 9223372036849714807
1, 5062, 0, 9223372036854775807, 0, 9223372036849713807
1, 5063, 0, 9223372036854775807, 0, 9223372036849712807
1, 5064, 0, 9223372036854775807, 0, 9223372036849711807
1, 5065, 0, 9223372036854775807, 0, 9223372036849710807
1, 5066, 0, 9223372036854775807, 0, 9223372036849709807
1, 5067, 0, 9223372036854775807, 0, 9223372036849708807
1, 5068, 0, 9223372036854775807, 0, 9223372036849707807
1, 5069, 0, 9223372036854775807, 0, 9223372036849706807
1, 507, 0, 9223372036854775807, 0, 9223372036854268807
1, 5070, 0, 9223372036854775807, 0, 9223372036849705807
1, 5071, 0, 9223372036854775807, 0, 9223372036849704807
1, 5072, 0, 9223372036854775807, 0, 9223372036849703807
1, 5073, 0, 9223372036854775807, 0, 9223372036849702807
1, 5074, 0, 9223372036854775807, 0, 9223372036849701807
1, 5075, 0, 9223372036854775807, 0, 9223372036849700807
1, 5076, 0, 9223372036854775807, 0, 9223372036849699807
1, 5077, 0, 9223372036854775807, 0, 9223372036849698807
1, 5078, 0, 9223372036854775807, 0, 9223372036849697807
1, 5079, 0, 9223372036854775807, 0, 9223372036849696807
1, 508, 0, 9223372036854775807, 0, 9223372036854267807
1, 5080, 0, 9223372036854775807, 0, 9223372036849695807
1, 5081, 0, 9223372036854775807, 0, 9223372036849694807
1, 5082, 0, 9223372036854775807, 0, 9223372036849693807
1, 5083, 0, 9223372036854775807, 0, 9223372036849692807
1, 5084, 0, 9223372036854775807, 0, 9223372036849691807
1, 5085, 0, 9223372036854775807, 0, 9223372036849690807
1, 5086, 0, 9223372036854775807, 0, 9223372036849689807
1, 5087, 0, 9223372036854775807, 0, 9223372036849688807
1, 5088, 0, 9223372036854775807, 0, 9223372036849687807
1, 5089, 0, 9223372036854775807, 0, 9223372036849686807
1, 509, 0, 9223372036854775807, 0, 9223372036854266807
1, 5090, 0, 9223372036854775807, 0, 9223372036849685807
1, 5091, 0, 9223372036854775807, 0, 9223372036849684807
1, 5092, 0, 9223372036854775807, 0, 9223372036849683807
1, 5093, 0, 9223372036854775807, 0, 9223372036849682807
1, 5094, 0, 9223372036854775807, 0, 9223372036849681807
1, 5095, 0, 9223372036854775807, 0, 9223372036849680807
1, 5096, 0, 9223372036854775807, 0, 9223372036849679807
1, 5097, 0, 9223372036854775807, 0, 9223372036849678807
1, 5098, 0, 9223372036854775807, 0, 9223372036849677807
1, 5099, 0, 9223372036854775807, 0, 9223372036849676807
1, 51, 0, 9223372036854775807, 0, 9223372036854724807
1, 510, 0, 9223372036854775807, 0, 9223372036854265807
1, 5100, 0, 9223372036854775807, 0, 9223372036849675807
1, 5101, 0, 9223372036854775807, 0, 9223372036849674807
1, 5102, 0, 9223372036854775807, 0, 9223372036849673807
1, 5103, 0, 9223372036854775807, 0, 9223372036849672807
1, 5104, 0, 9223372036854775807, 0, 9223372036849671807
1, 5105, 0, 9223372036854775807, 0, 9223372036849670807
1, 5106, 0, 9223372036854775807, 0, 9223372036849669807
1, 5107, 0, 9223372036854775807, 0, 9223372036849668807
1, 5108, 0, 9223372036854775807, 0, 9223372036849667807
1, 5109, 0, 9223372036854775807, 0, 9223372036849666807
1, 511, 0, 9223372036854775807, 0, 9223372036854264807
1, 5110, 0, 9223372036854775807, 0, 9223372036849665807
1, 5111, 0, 9223372036854775807, 0, 9223372036849664807
1, 5112, 0, 9223372036854775807, 0, 9223372036849663807
1, 5113, 0, 9223372036854775807, 0, 9223372036849662807
1, 5114, 0, 9223372036854775807, 0, 9223372036849661807
1, 5115, 0, 9223372036854775807, 0, 9223372036849660807
1, 5116, 0, 9223372036854775807, 0, 9223372036849659807
1, 5117, 0, 9223372036854775807, 0, 9223372036849658807
1, 5118, 0, 9223372036854775807, 0, 9223372036849657807
1, 5119, 0, 9223372036854775807, 0, 9223372036849656807
1, 512, 0, 9223372036854775807, 0, 9223372036854263807
1, 5120, 0, 9223372036854775807, 0, 9223372036849655807
1, 5121, 0, 9223372036854775807, 0, 9223372036849654807
1, 5122, 0, 9223372036854775807, 0, 9223372036849653807
1, 5123, 0, 9223372036854775807, 0, 9223372036849652807
1, 5124, 0, 9223372036854775807, 0, 9223372036849651807
1, 5125, 0, 9223372036854775807, 0, 9223372036849650807
1, 5126, 0, 9223372036854775807, 0, 9223372036849649807
1, 5127, 0, 9223372036854775807, 0, 9223372036849648807
1, 5128, 0, 9223372036854775807, 0, 9223372036849647807
1, 5129, 0, 9223372036854775807, 0, 9223372036849646807
1, 513, 0, 9223372036854775807, 0, 9223372036854262807
1, 5130, 0, 9223372036854775807, 0, 9223372036849645807
1, 5131, 0, 9223372036854775807, 0, 9223372036849644807
1, 5132, 0, 9223372036854775807, 0, 9223372036849643807
1, 5133, 0, 9223372036854775807, 0, 9223372036849642807
1, 5134, 0, 9223372036854775807, 0, 9223372036849641807
1, 5135, 0, 9223372036854775807, 0, 9223372036849640807
1, 5136, 0, 9223372036854775807, 0, 9223372036849639807
1, 5137, 0, 9223372036854775807, 0, 9223372036849638807
1, 5138, 0, 9223372036854775807, 0, 9223372036849637807
1, 5139, 0, 9223372036854775807, 0, 9223372036849636807
1, 514, 0, 9223372036854775807, 0, 9223372036854261807
1, 5140, 0, 9223372036854775807, 0, 9223372036849635807
1, 5141, 0, 9223372036854775807, 0, 9223372036849634807
1, 5142, 0, 9223372036854775807, 0, 9223372036849633807
1, 5143, 0, 9223372036854775807, 0, 9223372036849632807
1, 5144, 0, 9223372036854775807, 0, 9223372036849631807
1, 5145, 0, 9223372036854775807, 0, 9223372036849630807
1, 5146, 0, 9223372036854775807, 0, 9223372036849629807
1, 5147, 0, 9223372036854775807, 0, 9223372036849628807
1, 5148, 0, 9223372036854775807, 0, 9223372036849627807
1, 5149, 0, 9223372036854775807, 0, 9223372036849626807
1, 515, 0, 9223372036854775807, 0, 9223372036854260807
1, 5150, 0, 9223372036854775807, 0, 9223372036849625807
1, 5151, 0, 9223372036854775807, 0, 9223372036849624807
1, 5152, 0, 9223372036854775807, 0, 9223372036849623807
1, 5153, 0, 9223372036854775807, 0, 9223372036849622807
1, 5154, 0, 9223372036854775807, 0, 9223372036849621807
1, 5155, 0, 9223372036854775807, 0, 9223372036849620807
1, 5156, 0, 9223372036854775807, 0, 9223372036849619807
1, 5157, 0, 9223372036854775807, 0, 9223372036849618807
1, 5158, 0, 9223372036854775807, 0, 9223372036849617807
1, 5159, 0, 9223372036854775807, 0, 9223372036849616807
1, 516, 0, 9223372036854775807, 0, 9223372036854259807
1, 5160, 0, 9223372036854775807, 0, 9223372036849615807
1, 5161, 0, 9223372036854775807, 0, 9223372036849614807
1, 5162, 0, 9223372036854775807, 0, 9223372036849613807
1, 5163, 0, 9223372036854775807, 0, 9223372036849612807
1, 5164, 0, 9223372036854775807, 0, 9223372036849611807
1, 5165, 0, 9223372036854775807, 0, 9223372036849610807
1, 5166, 0, 9223372036854775807, 0, 9223372036849609807
1, 5167, 0, 9223372036854775807, 0, 9223372036849608807
1, 5168, 0, 9223372036854775807, 0, 9223372036849607807
1, 5169, 0, 9223372036854775807, 0, 9223372036849606807
1, 517, 0, 9223372036854775807, 0, 9223372036854258807
1, 5170, 0, 9223372036854775807, 0, 9223372036849605807
1, 5171, 0, 9223372036854775807, 0, 9223372036849604807
1, 5172, 0, 9223372036854775807, 0, 9223372036849603807
1, 5173, 0, 9223372036854775807, 0, 9223372036849602807
1, 5174, 0, 9223372036854775807, 0, 9223372036849601807
1, 5175, 0, 9223372036854775807, 0, 9223372036849600807
1, 5176, 0, 9223372036854775807, 0, 9223372036849599807
1, 5177, 0, 9223372036854775807, 0, 9223372036849598807
1, 5178, 0, 9223372036854775807, 0, 9223372036849597807
1, 5179, 0, 9223372036854775807, 0, 9223372036849596807
1, 518, 0, 9223372036854775807, 0, 9223372036854257807
1, 5180, 0, 9223372036854775807, 0, 9223372036849595807
1, 5181, 0, 9223372036854775807, 0, 9223372036849594807
1, 5182, 0, 9223372036854775807, 0, 9223372036849593807
1, 5183, 0, 9223372036854775807, 0, 9223372036849592807
1, 5184, 0, 9223372036854775807, 0, 9223372036849591807
1, 5185, 0, 9223372036854775807, 0, 9223372036849590807
1, 5186, 0, 9223372036854775807, 0, 9223372036849589807
1, 5187, 0, 9223372036854775807, 0, 9223372036849588807
1, 5188, 0, 9223372036854775807, 0, 9223372036849587807
1, 5189, 0, 9223372036854775807, 0, 9223372036849586807
1, 519, 0, 9223372036854775807, 0, 9223372036854256807
1, 5190, 0, 9223372036854775807, 0, 9223372036849585807
1, 5191, 0, 9223372036854775807, 0, 9223372036849584807
1, 5192, 0, 9223372036854775807, 0, 9223372036849583807
1, 5193, 0, 9223372036854775807, 0, 9223372036849582807
1, 5194, 0, 9223372036854775807, 0, 9223372036849581807
1, 5195, 0, 9223372036854775807, 0, 9223372036849580807
1, 5196, 0, 9223372036854775807, 0, 9223372036849579807
1, 5197, 0, 9223372036854775807, 0, 9223372036849578807
1, 5198, 0, 9223372036854775807, 0, 9223372036849577807
1, 5199, 0, 9223372036854775807, 0, 9223372036849576807
1, 52, 0, 9223372036854775807, 0, 9223372036854723807
1, 520, 0, 9223372036854775807, 0, 9223372036854255807
1, 5200, 0, 9223372036854775807, 0, 9223372036849575807
1, 5201, 0, 9223372036854775807, 0, 9223372036849574807
1, 5202, 0, 9223372036854775807, 0, 9223372036849573807
1, 5203, 0, 9223372036854775807, 0, 9223372036849572807
1, 5204, 0, 9223372036854775807, 0, 9223372036849571807
1, 5205, 0, 9223372036854775807, 0, 9223372036849570807
1, 5206, 0, 9223372036854775807, 0, 9223372036849569807
1, 5207, 0, 9223372036854775807, 0, 9223372036849568807
1, 5208, 0, 9223372036854775807, 0, 9223372036849567807
1, 5209, 0, 9223372036854775807, 0, 9223372036849566807
1, 521, 0, 9223372036854775807, 0, 9223372036854254807
1, 5210, 0, 9223372036854775807, 0, 9223372036849565807
1, 5211, 0, 9223372036854775807, 0, 9223372036849564807
1, 5212, 0, 9223372036854775807, 0, 9223372036849563807
1, 5213, 0, 9223372036854775807, 0, 9223372036849562807
1, 5214, 0, 9223372036854775807, 0, 9223372036849561807
1, 5215, 0, 9223372036854775807, 0, 9223372036849560807
1, 5216, 0, 9223372036854775807, 0, 9223372036849559807
1, 5217, 0, 9223372036854775807, 0, 9223372036849558807
1, 5218, 0, 9223372036854775807, 0, 9223372036849557807
1, 5219, 0, 9223372036854775807, 0, 9223372036849556807
1, 522, 0, 9223372036854775807, 0, 9223372036854253807
1, 5220, 0, 9223372036854775807, 0, 9223372036849555807
1, 5221, 0, 9223372036854775807, 0, 9223372036849554807
1, 5222, 0, 9223372036854775807, 0, 9223372036849553807
1, 5223, 0, 9223372036854775807, 0, 9223372036849552807
1, 5224, 0, 9223372036854775807, 0, 9223372036849551807
1, 5225, 0, 9223372036854775807, 0, 9223372036849550807
1, 5226, 0, 9223372036854775807, 0, 9223372036849549807
1, 5227, 0, 9223372036854775807, 0, 9223372036849548807
1, 5228, 0, 9223372036854775807, 0, 9223372036849547807
1, 5229, 0, 9223372036854775807, 0, 9223372036849546807
1, 523, 0, 9223372036854775807, 0, 9223372036854252807
1, 5230, 0, 9223372036854775807, 0, 9223372036849545807
1, 5231, 0, 9223372036854775807, 0, 9223372036849544807
1, 5232, 0, 9223372036854775807, 0, 9223372036849543807
1, 5233, 0, 9223372036854775807, 0, 9223372036849542807
1, 5234, 0, 9223372036854775807, 0, 9223372036849541807
1, 5235, 0, 9223372036854775807, 0, 9223372036849540807
1, 5236, 0, 9223372036854775807, 0, 9223372036849539807
1, 5237, 0, 9223372036854775807, 0, 9223372036849538807
1, 5238, 0, 9223372036854775807, 0, 9223372036849537807
1, 5239, 0, 9223372036854775807, 0, 9223372036849536807
1, 524, 0, 9223372036854775807, 0, 9223372036854251807
1, 5240, 0, 9223372036854775807, 0, 9223372036849535807
1, 5241, 0, 9223372036854775807, 0, 9223372036849534807
1, 5242, 0, 9223372036854775807, 0, 9223372036849533807
1, 5243, 0, 9223372036854775807, 0, 9223372036849532807
1, 5244, 0, 9223372036854775807, 0, 9223372036849531807
1, 5245, 0, 9223372036854775807, 0, 9223372036849530807
1, 5246, 0, 9223372036854775807, 0, 9223372036849529807
1, 5247, 0, 9223372036854775807, 0, 9223372036849528807
1, 5248, 0, 9223372036854775807, 0, 9223372036849527807
1, 5249, 0, 9223372036854775807, 0, 9223372036849526807
1, 525, 0, 9223372036854775807, 0, 9223372036854250807
1, 5250, 0, 9223372036854775807, 0, 9223372036849525807
1, 5251, 0, 9223372036854775807, 0, 9223372036849524807
1, 5252, 0, 9223372036854775807, 0, 9223372036849523807
1, 5253, 0, 9223372036854775807, 0, 9223372036849522807
1, 5254, 0, 9223372036854775807, 0, 9223372036849521807
1, 5255, 0, 9223372036854775807, 0, 9223372036849520807
1, 5256, 0, 9223372036854775807, 0, 9223372036849519807
1, 5257, 0, 9223372036854775807, 0, 9223372036849518807
1, 5258, 0, 9223372036854775807, 0, 9223372036849517807
1, 5259, 0, 9223372036854775807, 0, 9223372036849516807
1, 526, 0, 9223372036854775807, 0, 9223372036854249807
1, 5260, 0, 9223372036854775807, 0, 9223372036849515807
1, 5261, 0, 9223372036854775807, 0, 9223372036849514807
1, 5262, 0, 9223372036854775807, 0, 9223372036849513807
1, 5263, 0, 9223372036854775807, 0, 9223372036849512807
1, 5264, 0, 9223372036854775807, 0, 9223372036849511807
1, 5265, 0, 9223372036854775807, 0, 9223372036849510807
1, 5266, 0, 9223372036854775807, 0, 9223372036849509807
1, 5267, 0, 9223372036854775807, 0, 9223372036849508807
1, 5268, 0, 9223372036854775807, 0, 9223372036849507807
1, 5269, 0, 9223372036854775807, 0, 9223372036849506807
1, 527, 0, 9223372036854775807, 0, 9223372036854248807
1, 5270, 0, 9223372036854775807, 0, 9223372036849505807
1, 5271, 0, 9223372036854775807, 0, 9223372036849504807
1, 5272, 0, 9223372036854775807, 0, 9223372036849503807
1, 5273, 0, 9223372036854775807, 0, 9223372036849502807
1, 5274, 0, 9223372036854775807, 0, 9223372036849501807
1, 5275, 0, 9223372036854775807, 0, 9223372036849500807
1, 5276, 0, 9223372036854775807, 0, 9223372036849499807
1, 5277, 0, 9223372036854775807, 0, 9223372036849498807
1, 5278, 0, 9223372036854775807, 0, 9223372036849497807
1, 5279, 0, 9223372036854775807, 0, 9223372036849496807
1, 528, 0, 9223372036854775807, 0, 9223372036854247807
1, 5280, 0, 9223372036854775807, 0, 9223372036849495807
1, 5281, 0, 9223372036854775807, 0, 9223372036849494807
1, 5282, 0, 9223372036854775807, 0, 9223372036849493807
1, 5283, 0, 9223372036854775807, 0, 9223372036849492807
1, 5284, 0, 9223372036854775807, 0, 9223372036849491807
1, 5285, 0, 9223372036854775807, 0, 9223372036849490807
1, 5286, 0, 9223372036854775807, 0, 9223372036849489807
1, 5287, 0, 9223372036854775807, 0, 9223372036849488807
1, 5288, 0, 9223372036854775807, 0, 9223372036849487807
1, 5289, 0, 9223372036854775807, 0, 9223372036849486807
1, 529, 0, 9223372036854775807, 0, 9223372036854246807
1, 5290, 0, 9223372036854775807, 0, 9223372036849485807
1, 5291, 0, 9223372036854775807, 0, 9223372036849484807
1, 5292, 0, 9223372036854775807, 0, 9223372036849483807
1, 5293, 0, 9223372036854775807, 0, 9223372036849482807
1, 5294, 0, 9223372036854775807, 0, 9223372036849481807
1, 5295, 0, 9223372036854775807, 0, 9223372036849480807
1, 5296, 0, 9223372036854775807, 0, 9223372036849479807
1, 5297, 0, 9223372036854775807, 0, 9223372036849478807
1, 5298, 0, 9223372036854775807, 0, 9223372036849477807
1, 5299, 0, 9223372036854775807, 0, 9223372036849476807
1, 53, 0, 9223372036854775807, 0, 9223372036854722807
1, 530, 0, 9223372036854775807, 0, 9223372036854245807
1, 5300, 0, 9223372036854775807, 0, 9223372036849475807
1, 5301, 0, 9223372036854775807, 0, 9223372036849474807
1, 5302, 0, 9223372036854775807, 0, 9223372036849473807
1, 5303, 0, 9223372036854775807, 0, 9223372036849472807
1, 5304, 0, 9223372036854775807, 0, 9223372036849471807
1, 5305, 0, 9223372036854775807, 0, 9223372036849470807
1, 5306, 0, 9223372036854775807, 0, 9223372036849469807
1, 5307, 0, 9223372036854775807, 0, 9223372036849468807
1, 5308, 0, 9223372036854775807, 0, 9223372036849467807
1, 5309, 0, 9223372036854775807, 0, 9223372036849466807
1, 531, 0, 9223372036854775807, 0, 9223372036854244807
1, 5310, 0, 9223372036854775807, 0, 9223372036849465807
1, 5311, 0, 9223372036854775807, 0, 9223372036849464807
1, 5312, 0, 9223372036854775807, 0, 9223372036849463807
1, 5313, 0, 9223372036854775807, 0, 9223372036849462807
1, 5314, 0, 9223372036854775807, 0, 9223372036849461807
1, 5315, 0, 9223372036854775807, 0, 9223372036849460807
1, 5316, 0, 9223372036854775807, 0, 9223372036849459807
1, 5317, 0, 9223372036854775807, 0, 9223372036849458807
1, 5318, 0, 9223372036854775807, 0, 9223372036849457807
1, 5319, 0, 9223372036854775807, 0, 9223372036849456807
1, 532, 0, 9223372036854775807, 0, 9223372036854243807
1, 5320, 0, 9223372036854775807, 0, 9223372036849455807
1, 5321, 0, 9223372036854775807, 0, 9223372036849454807
1, 5322, 0, 9223372036854775807, 0, 9223372036849453807
1, 5323, 0, 9223372036854775807, 0, 9223372036849452807
1, 5324, 0, 9223372036854775807, 0, 9223372036849451807
1, 5325, 0, 9223372036854775807, 0, 9223372036849450807
1, 5326, 0, 9223372036854775807, 0, 9223372036849449807
1, 5327, 0, 9223372036854775807, 0, 9223372036849448807
1, 5328, 0, 9223372036854775807, 0, 9223372036849447807
1, 5329, 0, 9223372036854775807, 0, 9223372036849446807
1, 533, 0, 9223372036854775807, 0, 9223372036854242807
1, 5330, 0, 9223372036854775807, 0, 9223372036849445807
1, 5331, 0, 9223372036854775807, 0, 9223372036849444807
1, 5332, 0, 9223372036854775807, 0, 9223372036849443807
1, 5333, 0, 9223372036854775807, 0, 9223372036849442807
1, 5334, 0, 9223372036854775807, 0, 9223372036849441807
1, 5335, 0, 9223372036854775807, 0, 9223372036849440807
1, 5336, 0, 9223372036854775807, 0, 9223372036849439807
1, 5337, 0, 9223372036854775807, 0, 9223372036849438807
1, 5338, 0, 9223372036854775807, 0, 9223372036849437807
1, 5339, 0, 9223372036854775807, 0, 9223372036849436807
1, 534, 0, 9223372036854775807, 0, 9223372036854241807
1, 5340, 0, 9223372036854775807, 0, 9223372036849435807
1, 5341, 0, 9223372036854775807, 0, 9223372036849434807
1, 5342, 0, 9223372036854775807, 0, 9223372036849433807
1, 5343, 0, 9223372036854775807, 0, 9223372036849432807
1, 5344, 0, 9223372036854775807, 0, 9223372036849431807
1, 5345, 0, 9223372036854775807, 0, 9223372036849430807
1, 5346, 0, 9223372036854775807, 0, 9223372036849429807
1, 5347, 0, 9223372036854775807, 0, 9223372036849428807
1, 5348, 0, 9223372036854775807, 0, 9223372036849427807
1, 5349, 0, 9223372036854775807, 0, 9223372036849426807
1, 535, 0, 9223372036854775807, 0, 9223372036854240807
1, 5350, 0, 9223372036854775807, 0, 9223372036849425807
1, 5351, 0, 9223372036854775807, 0, 9223372036849424807
1, 5352, 0, 9223372036854775807, 0, 9223372036849423807
1, 5353, 0, 9223372036854775807, 0, 9223372036849422807
1, 5354, 0, 9223372036854775807, 0, 9223372036849421807
1, 5355, 0, 9223372036854775807, 0, 9223372036849420807
1, 5356, 0, 9223372036854775807, 0, 9223372036849419807
1, 5357, 0, 9223372036854775807, 0, 9223372036849418807
1, 5358, 0, 9223372036854775807, 0, 9223372036849417807
1, 5359, 0, 9223372036854775807, 0, 9223372036849416807
1, 536, 0, 9223372036854775807, 0, 9223372036854239807
1, 5360, 0, 9223372036854775807, 0, 9223372036849415807
1, 5361, 0, 9223372036854775807, 0, 9223372036849414807
1, 5362, 0, 9223372036854775807, 0, 9223372036849413807
1, 5363, 0, 9223372036854775807, 0, 9223372036849412807
1, 5364, 0, 9223372036854775807, 0, 9223372036849411807
1, 5365, 0, 9223372036854775807, 0, 9223372036849410807
1, 5366, 0, 9223372036854775807, 0, 9223372036849409807
1, 5367, 0, 9223372036854775807, 0, 9223372036849408807
1, 5368, 0, 9223372036854775807, 0, 9223372036849407807
1, 5369, 0, 9223372036854775807, 0, 9223372036849406807
1, 537, 0, 9223372036854775807, 0, 9223372036854238807
1, 5370, 0, 9223372036854775807, 0, 9223372036849405807
1, 5371, 0, 9223372036854775807, 0, 9223372036849404807
1, 5372, 0, 9223372036854775807, 0, 9223372036849403807
1, 5373, 0, 9223372036854775807, 0, 9223372036849402807
1, 5374, 0, 9223372036854775807, 0, 9223372036849401807
1, 5375, 0, 9223372036854775807, 0, 9223372036849400807
1, 5376, 0, 9223372036854775807, 0, 9223372036849399807
1, 5377, 0, 9223372036854775807, 0, 9223372036849398807
1, 5378, 0, 9223372036854775807, 0, 9223372036849397807
1, 5379, 0, 9223372036854775807, 0, 9223372036849396807
1, 538, 0, 9223372036854775807, 0, 9223372036854237807
1, 5380, 0, 9223372036854775807, 0, 9223372036849395807
1, 5381, 0, 9223372036854775807, 0, 9223372036849394807
1, 5382, 0, 9223372036854775807, 0, 9223372036849393807
1, 5383, 0, 9223372036854775807, 0, 9223372036849392807
1, 5384, 0, 9223372036854775807, 0, 9223372036849391807
1, 5385, 0, 9223372036854775807, 0, 9223372036849390807
1, 5386, 0, 9223372036854775807, 0, 9223372036849389807
1, 5387, 0, 9223372036854775807, 0, 9223372036849388807
1, 5388, 0, 9223372036854775807, 0, 9223372036849387807
1, 5389, 0, 9223372036854775807, 0, 9223372036849386807
1, 539, 0, 9223372036854775807, 0, 9223372036854236807
1, 5390, 0, 9223372036854775807, 0, 9223372036849385807
1, 5391, 0, 9223372036854775807, 0, 9223372036849384807
1, 5392, 0, 9223372036854775807, 0, 9223372036849383807
1, 5393, 0, 9223372036854775807, 0, 9223372036849382807
1, 5394, 0, 9223372036854775807, 0, 9223372036849381807
1, 5395, 0, 9223372036854775807, 0, 9223372036849380807
1, 5396, 0, 9223372036854775807, 0, 9223372036849379807
1, 5397, 0, 9223372036854775807, 0, 9223372036849378807
1, 5398, 0, 9223372036854775807, 0, 9223372036849377807
1, 5399, 0, 9223372036854775807, 0, 9223372036849376807
1, 54, 0, 9223372036854775807, 0, 9223372036854721807
1, 540, 0, 9223372036854775807, 0, 9223372036854235807
1, 5400, 0, 9223372036854775807, 0, 9223372036849375807
1, 5401, 0, 9223372036854775807, 0, 9223372036849374807
1, 5402, 0, 9223372036854775807, 0, 9223372036849373807
1, 5403, 0, 9223372036854775807, 0, 9223372036849372807
1, 5404, 0, 9223372036854775807, 0, 9223372036849371807
1, 5405, 0, 9223372036854775807, 0, 9223372036849370807
1, 5406, 0, 9223372036854775807, 0, 9223372036849369807
1, 5407, 0, 9223372036854775807, 0, 9223372036849368807
1, 5408, 0, 9223372036854775807, 0, 9223372036849367807
1, 5409, 0, 9223372036854775807, 0, 9223372036849366807
1, 541, 0, 9223372036854775807, 0, 9223372036854234807
1, 5410, 0, 9223372036854775807, 0, 9223372036849365807
1, 5411, 0, 9223372036854775807, 0, 9223372036849364807
1, 5412, 0, 9223372036854775807, 0, 9223372036849363807
1, 5413, 0, 9223372036854775807, 0, 9223372036849362807
1, 5414, 0, 9223372036854775807, 0, 9223372036849361807
1, 5415, 0, 9223372036854775807, 0, 9223372036849360807
1, 5416, 0, 9223372036854775807, 0, 9223372036849359807
1, 5417, 0, 9223372036854775807, 0, 9223372036849358807
1, 5418, 0, 9223372036854775807, 0, 9223372036849357807
1, 5419, 0, 9223372036854775807, 0, 9223372036849356807
1, 542, 0, 9223372036854775807, 0, 9223372036854233807
1, 5420, 0, 9223372036854775807, 0, 9223372036849355807
1, 5421, 0, 9223372036854775807, 0, 9223372036849354807
1, 5422, 0, 9223372036854775807, 0, 9223372036849353807
1, 5423, 0, 9223372036854775807, 0, 9223372036849352807
1, 5424, 0, 9223372036854775807, 0, 9223372036849351807
1, 5425, 0, 9223372036854775807, 0, 9223372036849350807
1, 5426, 0, 9223372036854775807, 0, 9223372036849349807
1, 5427, 0, 9223372036854775807, 0, 9223372036849348807
1, 5428, 0, 9223372036854775807, 0, 9223372036849347807
1, 5429, 0, 9223372036854775807, 0, 9223372036849346807
1, 543, 0, 9223372036854775807, 0, 9223372036854232807
1, 5430, 0, 9223372036854775807, 0, 9223372036849345807
1, 5431, 0, 9223372036854775807, 0, 9223372036849344807
1, 5432, 0, 9223372036854775807, 0, 9223372036849343807
1, 5433, 0, 9223372036854775807, 0, 9223372036849342807
1, 5434, 0, 9223372036854775807, 0, 9223372036849341807
1, 5435, 0, 9223372036854775807, 0, 9223372036849340807
1, 5436, 0, 9223372036854775807, 0, 9223372036849339807
1, 5437, 0, 9223372036854775807, 0, 9223372036849338807
1, 5438, 0, 9223372036854775807, 0, 9223372036849337807
1, 5439, 0, 9223372036854775807, 0, 9223372036849336807
1, 544, 0, 9223372036854775807, 0, 9223372036854231807
1, 5440, 0, 9223372036854775807, 0, 9223372036849335807
1, 5441, 0, 9223372036854775807, 0, 9223372036849334807
1, 5442, 0, 9223372036854775807, 0, 9223372036849333807
1, 5443, 0, 9223372036854775807, 0, 9223372036849332807
1, 5444, 0, 9223372036854775807, 0, 9223372036849331807
1, 5445, 0, 9223372036854775807, 0, 9223372036849330807
1, 5446, 0, 9223372036854775807, 0, 9223372036849329807
1, 5447, 0, 9223372036854775807, 0, 9223372036849328807
1, 5448, 0, 9223372036854775807, 0, 9223372036849327807
1, 5449, 0, 9223372036854775807, 0, 9223372036849326807
1, 545, 0, 9223372036854775807, 0, 9223372036854230807
1, 5450, 0, 9223372036854775807, 0, 9223372036849325807
1, 5451, 0, 9223372036854775807, 0, 9223372036849324807
1, 5452, 0, 9223372036854775807, 0, 9223372036849323807
1, 5453, 0, 9223372036854775807, 0, 9223372036849322807
1, 5454, 0, 9223372036854775807, 0, 9223372036849321807
1, 5455, 0, 9223372036854775807, 0, 9223372036849320807
1, 5456, 0, 9223372036854775807, 0, 9223372036849319807
1, 5457, 0, 9223372036854775807, 0, 9223372036849318807
1, 5458, 0, 9223372036854775807, 0, 9223372036849317807
1, 5459, 0, 9223372036854775807, 0, 9223372036849316807
1, 546, 0, 9223372036854775807, 0, 9223372036854229807
1, 5460, 0, 9223372036854775807, 0, 9223372036849315807
1, 5461, 0, 9223372036854775807, 0, 9223372036849314807
1, 5462, 0, 9223372036854775807, 0, 9223372036849313807
1, 5463, 0, 9223372036854775807, 0, 9223372036849312807
1, 5464, 0, 9223372036854775807, 0, 9223372036849311807
1, 5465, 0, 9223372036854775807, 0, 9223372036849310807
1, 5466, 0, 9223372036854775807, 0, 9223372036849309807
1, 5467, 0, 9223372036854775807, 0, 9223372036849308807
1, 5468, 0, 9223372036854775807, 0, 9223372036849307807
1, 5469, 0, 9223372036854775807, 0, 9223372036849306807
1, 547, 0, 9223372036854775807, 0, 9223372036854228807
1, 5470, 0, 9223372036854775807, 0, 9223372036849305807
1, 5471, 0, 9223372036854775807, 0, 9223372036849304807
1, 5472, 0, 9223372036854775807, 0, 9223372036849303807
1, 5473, 0, 9223372036854775807, 0, 9223372036849302807
1, 5474, 0, 9223372036854775807, 0, 9223372036849301807
1, 5475, 0, 9223372036854775807, 0, 9223372036849300807
1, 5476, 0, 9223372036854775807, 0, 9223372036849299807
1, 5477, 0, 9223372036854775807, 0, 9223372036849298807
1, 5478, 0, 9223372036854775807, 0, 9223372036849297807
1, 5479, 0, 9223372036854775807, 0, 9223372036849296807
1, 548, 0, 9223372036854775807, 0, 9223372036854227807
1, 5480, 0, 9223372036854775807, 0, 9223372036849295807
1, 5481, 0, 9223372036854775807, 0, 9223372036849294807
1, 5482, 0, 9223372036854775807, 0, 9223372036849293807
1, 5483, 0, 9223372036854775807, 0, 9223372036849292807
1, 5484, 0, 9223372036854775807, 0, 9223372036849291807
1, 5485, 0, 9223372036854775807, 0, 9223372036849290807
1, 5486, 0, 9223372036854775807, 0, 9223372036849289807
1, 5487, 0, 9223372036854775807, 0, 9223372036849288807
1, 5488, 0, 9223372036854775807, 0, 9223372036849287807
1, 5489, 0, 9223372036854775807, 0, 9223372036849286807
1, 549, 0, 9223372036854775807, 0, 9223372036854226807
1, 5490, 0, 9223372036854775807, 0, 9223372036849285807
1, 5491, 0, 9223372036854775807, 0, 9223372036849284807
1, 5492, 0, 9223372036854775807, 0, 9223372036849283807
1, 5493, 0, 9223372036854775807, 0, 9223372036849282807
1, 5494, 0, 9223372036854775807, 0, 9223372036849281807
1, 5495, 0, 9223372036854775807, 0, 9223372036849280807
1, 5496, 0, 9223372036854775807, 0, 9223372036849279807
1, 5497, 0, 9223372036854775807, 0, 9223372036849278807
1, 5498, 0, 9223372036854775807, 0, 9223372036849277807
1, 5499, 0, 9223372036854775807, 0, 9223372036849276807
1, 55, 0, 9223372036854775807, 0, 9223372036854720807
1, 550, 0, 9223372036854775807, 0, 9223372036854225807
1, 5500, 0, 9223372036854775807, 0, 9223372036849275807
1, 5501, 0, 9223372036854775807, 0, 9223372036849274807
1, 5502, 0, 9223372036854775807, 0, 9223372036849273807
1, 5503, 0, 9223372036854775807, 0, 9223372036849272807
1, 5504, 0, 9223372036854775807, 0, 9223372036849271807
1, 5505, 0, 9223372036854775807, 0, 9223372036849270807
1, 5506, 0, 9223372036854775807, 0, 9223372036849269807
1, 5507, 0, 9223372036854775807, 0, 9223372036849268807
1, 5508, 0, 9223372036854775807, 0, 9223372036849267807
1, 5509, 0, 9223372036854775807, 0, 9223372036849266807
1, 551, 0, 9223372036854775807, 0, 9223372036854224807
1, 5510, 0, 9223372036854775807, 0, 9223372036849265807
1, 5511, 0, 9223372036854775807, 0, 9223372036849264807
1, 5512, 0, 9223372036854775807, 0, 9223372036849263807
1, 5513, 0, 9223372036854775807, 0, 9223372036849262807
1, 5514, 0, 9223372036854775807, 0, 9223372036849261807
1, 5515, 0, 9223372036854775807, 0, 9223372036849260807
1, 5516, 0, 9223372036854775807, 0, 9223372036849259807
1, 5517, 0, 9223372036854775807, 0, 9223372036849258807
1, 5518, 0, 9223372036854775807, 0, 9223372036849257807
1, 5519, 0, 9223372036854775807, 0, 9223372036849256807
1, 552, 0, 9223372036854775807, 0, 9223372036854223807
1, 5520, 0, 9223372036854775807, 0, 9223372036849255807
1, 5521, 0, 9223372036854775807, 0, 9223372036849254807
1, 5522, 0, 9223372036854775807, 0, 9223372036849253807
1, 5523, 0, 9223372036854775807, 0, 9223372036849252807
1, 5524, 0, 9223372036854775807, 0, 9223372036849251807
1, 5525, 0, 9223372036854775807, 0, 9223372036849250807
1, 5526, 0, 9223372036854775807, 0, 9223372036849249807
1, 5527, 0, 9223372036854775807, 0, 9223372036849248807
1, 5528, 0, 9223372036854775807, 0, 9223372036849247807
1, 5529, 0, 9223372036854775807, 0, 9223372036849246807
1, 553, 0, 9223372036854775807, 0, 9223372036854222807
1, 5530, 0, 9223372036854775807, 0, 9223372036849245807
1, 5531, 0, 9223372036854775807, 0, 9223372036849244807
1, 5532, 0, 9223372036854775807, 0, 9223372036849243807
1, 5533, 0, 9223372036854775807, 0, 9223372036849242807
1, 5534, 0, 9223372036854775807, 0, 9223372036849241807
1, 5535, 0, 9223372036854775807, 0, 9223372036849240807
1, 5536, 0, 9223372036854775807, 0, 9223372036849239807
1, 5537, 0, 9223372036854775807, 0, 9223372036849238807
1, 5538, 0, 9223372036854775807, 0, 9223372036849237807
1, 5539, 0, 9223372036854775807, 0, 9223372036849236807
1, 554, 0, 9223372036854775807, 0, 9223372036854221807
1, 5540, 0, 9223372036854775807, 0, 9223372036849235807
1, 5541, 0, 9223372036854775807, 0, 9223372036849234807
1, 5542, 0, 9223372036854775807, 0, 9223372036849233807
1, 5543, 0, 9223372036854775807, 0, 9223372036849232807
1, 5544, 0, 9223372036854775807, 0, 9223372036849231807
1, 5545, 0, 9223372036854775807, 0, 9223372036849230807
1, 5546, 0, 9223372036854775807, 0, 9223372036849229807
1, 5547, 0, 9223372036854775807, 0, 9223372036849228807
1, 5548, 0, 9223372036854775807, 0, 9223372036849227807
1, 5549, 0, 9223372036854775807, 0, 9223372036849226807
1, 555, 0, 9223372036854775807, 0, 9223372036854220807
1, 5550, 0, 9223372036854775807, 0, 9223372036849225807
1, 5551, 0, 9223372036854775807, 0, 9223372036849224807
1, 5552, 0, 9223372036854775807, 0, 9223372036849223807
1, 5553, 0, 9223372036854775807, 0, 9223372036849222807
1, 5554, 0, 9223372036854775807, 0, 9223372036849221807
1, 5555, 0, 9223372036854775807, 0, 9223372036849220807
1, 5556, 0, 9223372036854775807, 0, 9223372036849219807
1, 5557, 0, 9223372036854775807, 0, 9223372036849218807
1, 5558, 0, 9223372036854775807, 0, 9223372036849217807
1, 5559, 0, 9223372036854775807, 0, 9223372036849216807
1, 556, 0, 9223372036854775807, 0, 9223372036854219807
1, 5560, 0, 9223372036854775807, 0, 9223372036849215807
1, 5561, 0, 9223372036854775807, 0, 9223372036849214807
1, 5562, 0, 9223372036854775807, 0, 9223372036849213807
1, 5563, 0, 9223372036854775807, 0, 9223372036849212807
1, 5564, 0, 9223372036854775807, 0, 9223372036849211807
1, 5565, 0, 9223372036854775807, 0, 9223372036849210807
1, 5566, 0, 9223372036854775807, 0, 9223372036849209807
1, 5567, 0, 9223372036854775807, 0, 9223372036849208807
1, 5568, 0, 9223372036854775807, 0, 9223372036849207807
1, 5569, 0, 9223372036854775807, 0, 9223372036849206807
1, 557, 0, 9223372036854775807, 0, 9223372036854218807
1, 5570, 0, 9223372036854775807, 0, 9223372036849205807
1, 5571, 0, 9223372036854775807, 0, 9223372036849204807
1, 5572, 0, 9223372036854775807, 0, 9223372036849203807
1, 5573, 0, 9223372036854775807, 0, 9223372036849202807
1, 5574, 0, 9223372036854775807, 0, 9223372036849201807
1, 5575, 0, 9223372036854775807, 0, 9223372036849200807
1, 5576, 0, 9223372036854775807, 0, 9223372036849199807
1, 5577, 0, 9223372036854775807, 0, 9223372036849198807
1, 5578, 0, 9223372036854775807, 0, 9223372036849197807
1, 5579, 0, 9223372036854775807, 0, 9223372036849196807
1, 558, 0, 9223372036854775807, 0, 9223372036854217807
1, 5580, 0, 9223372036854775807, 0, 9223372036849195807
1, 5581, 0, 9223372036854775807, 0, 9223372036849194807
1, 5582, 0, 9223372036854775807, 0, 9223372036849193807
1, 5583, 0, 9223372036854775807, 0, 9223372036849192807
1, 5584, 0, 9223372036854775807, 0, 9223372036849191807
1, 5585, 0, 9223372036854775807, 0, 9223372036849190807
1, 5586, 0, 9223372036854775807, 0, 9223372036849189807
1, 5587, 0, 9223372036854775807, 0, 9223372036849188807
1, 5588, 0, 9223372036854775807, 0, 9223372036849187807
1, 5589, 0, 9223372036854775807, 0, 9223372036849186807
1, 559, 0, 9223372036854775807, 0, 9223372036854216807
1, 5590, 0, 9223372036854775807, 0, 9223372036849185807
1, 5591, 0, 9223372036854775807, 0, 9223372036849184807
1, 5592, 0, 9223372036854775807, 0, 9223372036849183807
1, 5593, 0, 9223372036854775807, 0, 9223372036849182807
1, 5594, 0, 9223372036854775807, 0, 9223372036849181807
1, 5595, 0, 9223372036854775807, 0, 9223372036849180807
1, 5596, 0, 9223372036854775807, 0, 9223372036849179807
1, 5597, 0, 9223372036854775807, 0, 9223372036849178807
1, 5598, 0, 9223372036854775807, 0, 9223372036849177807
1, 5599, 0, 9223372036854775807, 0, 9223372036849176807
1, 56, 0, 9223372036854775807, 0, 9223372036854719807
1, 560, 0, 9223372036854775807, 0, 9223372036854215807
1, 5600, 0, 9223372036854775807, 0, 9223372036849175807
1, 5601, 0, 9223372036854775807, 0, 9223372036849174807
1, 5602, 0, 9223372036854775807, 0, 9223372036849173807
1, 5603, 0, 9223372036854775807, 0, 9223372036849172807
1, 5604, 0, 9223372036854775807, 0, 9223372036849171807
1, 5605, 0, 9223372036854775807, 0, 9223372036849170807
1, 5606, 0, 9223372036854775807, 0, 9223372036849169807
1, 5607, 0, 9223372036854775807, 0, 9223372036849168807
1, 5608, 0, 9223372036854775807, 0, 9223372036849167807
1, 5609, 0, 9223372036854775807, 0, 9223372036849166807
1, 561, 0, 9223372036854775807, 0, 9223372036854214807
1, 5610, 0, 9223372036854775807, 0, 9223372036849165807
1, 5611, 0, 9223372036854775807, 0, 9223372036849164807
1, 5612, 0, 9223372036854775807, 0, 9223372036849163807
1, 5613, 0, 9223372036854775807, 0, 9223372036849162807
1, 5614, 0, 9223372036854775807, 0, 9223372036849161807
1, 5615, 0, 9223372036854775807, 0, 9223372036849160807
1, 5616, 0, 9223372036854775807, 0, 9223372036849159807
1, 5617, 0, 9223372036854775807, 0, 9223372036849158807
1, 5618, 0, 9223372036854775807, 0, 9223372036849157807
1, 5619, 0, 9223372036854775807, 0, 9223372036849156807
1, 562, 0, 9223372036854775807, 0, 9223372036854213807
1, 5620, 0, 9223372036854775807, 0, 9223372036849155807
1, 5621, 0, 9223372036854775807, 0, 9223372036849154807
1, 5622, 0, 9223372036854775807, 0, 9223372036849153807
1, 5623, 0, 9223372036854775807, 0, 9223372036849152807
1, 5624, 0, 9223372036854775807, 0, 9223372036849151807
1, 5625, 0, 9223372036854775807, 0, 9223372036849150807
1, 5626, 0, 9223372036854775807, 0, 9223372036849149807
1, 5627, 0, 9223372036854775807, 0, 9223372036849148807
1, 5628, 0, 9223372036854775807, 0, 9223372036849147807
1, 5629, 0, 9223372036854775807, 0, 9223372036849146807
1, 563, 0, 9223372036854775807, 0, 9223372036854212807
1, 5630, 0, 9223372036854775807, 0, 9223372036849145807
1, 5631, 0, 9223372036854775807, 0, 9223372036849144807
1, 5632, 0, 9223372036854775807, 0, 9223372036849143807
1, 5633, 0, 9223372036854775807, 0, 9223372036849142807
1, 5634, 0, 9223372036854775807, 0, 9223372036849141807
1, 5635, 0, 9223372036854775807, 0, 9223372036849140807
1, 5636, 0, 9223372036854775807, 0, 9223372036849139807
1, 5637, 0, 9223372036854775807, 0, 9223372036849138807
1, 5638, 0, 9223372036854775807, 0, 9223372036849137807
1, 5639, 0, 9223372036854775807, 0, 9223372036849136807
1, 564, 0, 9223372036854775807, 0, 9223372036854211807
1, 5640, 0, 9223372036854775807, 0, 9223372036849135807
1, 5641, 0, 9223372036854775807, 0, 9223372036849134807
1, 5642, 0, 9223372036854775807, 0, 9223372036849133807
1, 5643, 0, 9223372036854775807, 0, 9223372036849132807
1, 5644, 0, 9223372036854775807, 0, 9223372036849131807
1, 5645, 0, 9223372036854775807, 0, 9223372036849130807
1, 5646, 0, 9223372036854775807, 0, 9223372036849129807
1, 5647, 0, 9223372036854775807, 0, 9223372036849128807
1, 5648, 0, 9223372036854775807, 0, 9223372036849127807
1, 5649, 0, 9223372036854775807, 0, 9223372036849126807
1, 565, 0, 9223372036854775807, 0, 9223372036854210807
1, 5650, 0, 9223372036854775807, 0, 9223372036849125807
1, 5651, 0, 9223372036854775807, 0, 9223372036849124807
1, 5652, 0, 9223372036854775807, 0, 9223372036849123807
1, 5653, 0, 9223372036854775807, 0, 9223372036849122807
1, 5654, 0, 9223372036854775807, 0, 9223372036849121807
1, 5655, 0, 9223372036854775807, 0, 9223372036849120807
1, 5656, 0, 9223372036854775807, 0, 9223372036849119807
1, 5657, 0, 9223372036854775807, 0, 9223372036849118807
1, 5658, 0, 9223372036854775807, 0, 9223372036849117807
1, 5659, 0, 9223372036854775807, 0, 9223372036849116807
1, 566, 0, 9223372036854775807, 0, 9223372036854209807
1, 5660, 0, 9223372036854775807, 0, 9223372036849115807
1, 5661, 0, 9223372036854775807, 0, 9223372036849114807
1, 5662, 0, 9223372036854775807, 0, 9223372036849113807
1, 5663, 0, 9223372036854775807, 0, 9223372036849112807
1, 5664, 0, 9223372036854775807, 0, 9223372036849111807
1, 5665, 0, 9223372036854775807, 0, 9223372036849110807
1, 5666, 0, 9223372036854775807, 0, 9223372036849109807
1, 5667, 0, 9223372036854775807, 0, 9223372036849108807
1, 5668, 0, 9223372036854775807, 0, 9223372036849107807
1, 5669, 0, 9223372036854775807, 0, 9223372036849106807
1, 567, 0, 9223372036854775807, 0, 9223372036854208807
1, 5670, 0, 9223372036854775807, 0, 9223372036849105807
1, 5671, 0, 9223372036854775807, 0, 9223372036849104807
1, 5672, 0, 9223372036854775807, 0, 9223372036849103807
1, 5673, 0, 9223372036854775807, 0, 9223372036849102807
1, 5674, 0, 9223372036854775807, 0, 9223372036849101807
1, 5675, 0, 9223372036854775807, 0, 9223372036849100807
1, 5676, 0, 9223372036854775807, 0, 9223372036849099807
1, 5677, 0, 9223372036854775807, 0, 9223372036849098807
1, 5678, 0, 9223372036854775807, 0, 9223372036849097807
1, 5679, 0, 9223372036854775807, 0, 9223372036849096807
1, 568, 0, 9223372036854775807, 0, 9223372036854207807
1, 5680, 0, 9223372036854775807, 0, 9223372036849095807
1, 5681, 0, 9223372036854775807, 0, 9223372036849094807
1, 5682, 0, 9223372036854775807, 0, 9223372036849093807
1, 5683, 0, 9223372036854775807, 0, 9223372036849092807
1, 5684, 0, 9223372036854775807, 0, 9223372036849091807
1, 5685, 0, 9223372036854775807, 0, 9223372036849090807
1, 5686, 0, 9223372036854775807, 0, 9223372036849089807
1, 5687, 0, 9223372036854775807, 0, 9223372036849088807
1, 5688, 0, 9223372036854775807, 0, 9223372036849087807
1, 5689, 0, 9223372036854775807, 0, 9223372036849086807
1, 569, 0, 9223372036854775807, 0, 9223372036854206807
1, 5690, 0, 9223372036854775807, 0, 9223372036849085807
1, 5691, 0, 9223372036854775807, 0, 9223372036849084807
1, 5692, 0, 9223372036854775807, 0, 9223372036849083807
1, 5693, 0, 9223372036854775807, 0, 9223372036849082807
1, 5694, 0, 9223372036854775807, 0, 9223372036849081807
1, 5695, 0, 9223372036854775807, 0, 9223372036849080807
1, 5696, 0, 9223372036854775807, 0, 9223372036849079807
1, 5697, 0, 9223372036854775807, 0, 9223372036849078807
1, 5698, 0, 9223372036854775807, 0, 9223372036849077807
1, 5699, 0, 9223372036854775807, 0, 9223372036849076807
1, 57, 0, 9223372036854775807, 0, 9223372036854718807
1, 570, 0, 9223372036854775807, 0, 9223372036854205807
1, 5700, 0, 9223372036854775807, 0, 9223372036849075807
1, 5701, 0, 9223372036854775807, 0, 9223372036849074807
1, 5702, 0, 9223372036854775807, 0, 9223372036849073807
1, 5703, 0, 9223372036854775807, 0, 9223372036849072807
1, 5704, 0, 9223372036854775807, 0, 9223372036849071807
1, 5705, 0, 9223372036854775807, 0, 9223372036849070807
1, 5706, 0, 9223372036854775807, 0, 9223372036849069807
1, 5707, 0, 9223372036854775807, 0, 9223372036849068807
1, 5708, 0, 9223372036854775807, 0, 9223372036849067807
1, 5709, 0, 9223372036854775807, 0, 9223372036849066807
1, 571, 0, 9223372036854775807, 0, 9223372036854204807
1, 5710, 0, 9223372036854775807, 0, 9223372036849065807
1, 5711, 0, 9223372036854775807, 0, 9223372036849064807
1, 5712, 0, 9223372036854775807, 0, 9223372036849063807
1, 5713, 0, 9223372036854775807, 0, 9223372036849062807
1, 5714, 0, 9223372036854775807, 0, 9223372036849061807
1, 5715, 0, 9223372036854775807, 0, 9223372036849060807
1, 5716, 0, 9223372036854775807, 0, 9223372036849059807
1, 5717, 0, 9223372036854775807, 0, 9223372036849058807
1, 5718, 0, 9223372036854775807, 0, 9223372036849057807
1, 5719, 0, 9223372036854775807, 0, 9223372036849056807
1, 572, 0, 9223372036854775807, 0, 9223372036854203807
1, 5720, 0, 9223372036854775807, 0, 9223372036849055807
1, 5721, 0, 9223372036854775807, 0, 9223372036849054807
1, 5722, 0, 9223372036854775807, 0, 9223372036849053807
1, 5723, 0, 9223372036854775807, 0, 9223372036849052807
1, 5724, 0, 9223372036854775807, 0, 9223372036849051807
1, 5725, 0, 9223372036854775807, 0, 9223372036849050807
1, 5726, 0, 9223372036854775807, 0, 9223372036849049807
1, 5727, 0, 9223372036854775807, 0, 9223372036849048807
1, 5728, 0, 9223372036854775807, 0, 9223372036849047807
1, 5729, 0, 9223372036854775807, 0, 9223372036849046807
1, 573, 0, 9223372036854775807, 0, 9223372036854202807
1, 5730, 0, 9223372036854775807, 0, 9223372036849045807
1, 5731, 0, 9223372036854775807, 0, 9223372036849044807
1, 5732, 0, 9223372036854775807, 0, 9223372036849043807
1, 5733, 0, 9223372036854775807, 0, 9223372036849042807
1, 5734, 0, 9223372036854775807, 0, 9223372036849041807
1, 5735, 0, 9223372036854775807, 0, 9223372036849040807
1, 5736, 0, 9223372036854775807, 0, 9223372036849039807
1, 5737, 0, 9223372036854775807, 0, 9223372036849038807
1, 5738, 0, 9223372036854775807, 0, 9223372036849037807
1, 5739, 0, 9223372036854775807, 0, 9223372036849036807
1, 574, 0, 9223372036854775807, 0, 9223372036854201807
1, 5740, 0, 9223372036854775807, 0, 9223372036849035807
1, 5741, 0, 9223372036854775807, 0, 9223372036849034807
1, 5742, 0, 9223372036854775807, 0, 9223372036849033807
1, 5743, 0, 9223372036854775807, 0, 9223372036849032807
1, 5744, 0, 9223372036854775807, 0, 9223372036849031807
1, 5745, 0, 9223372036854775807, 0, 9223372036849030807
1, 5746, 0, 9223372036854775807, 0, 9223372036849029807
1, 5747, 0, 9223372036854775807, 0, 9223372036849028807
1, 5748, 0, 9223372036854775807, 0, 9223372036849027807
1, 5749, 0, 9223372036854775807, 0, 9223372036849026807
1, 575, 0, 9223372036854775807, 0, 9223372036854200807
1, 5750, 0, 9223372036854775807, 0, 9223372036849025807
1, 5751, 0, 9223372036854775807, 0, 9223372036849024807
1, 5752, 0, 9223372036854775807, 0, 9223372036849023807
1, 5753, 0, 9223372036854775807, 0, 9223372036849022807
1, 5754, 0, 9223372036854775807, 0, 9223372036849021807
1, 5755, 0, 9223372036854775807, 0, 9223372036849020807
1, 5756, 0, 9223372036854775807, 0, 9223372036849019807
1, 5757, 0, 9223372036854775807, 0, 9223372036849018807
1, 5758, 0, 9223372036854775807, 0, 9223372036849017807
1, 5759, 0, 9223372036854775807, 0, 9223372036849016807
1, 576, 0, 9223372036854775807, 0, 9223372036854199807
1, 5760, 0, 9223372036854775807, 0, 9223372036849015807
1, 5761, 0, 9223372036854775807, 0, 9223372036849014807
1, 5762, 0, 9223372036854775807, 0, 9223372036849013807
1, 5763, 0, 9223372036854775807, 0, 9223372036849012807
1, 5764, 0, 9223372036854775807, 0, 9223372036849011807
1, 5765, 0, 9223372036854775807, 0, 9223372036849010807
1, 5766, 0, 9223372036854775807, 0, 9223372036849009807
1, 5767, 0, 9223372036854775807, 0, 9223372036849008807
1, 5768, 0, 9223372036854775807, 0, 9223372036849007807
1, 5769, 0, 9223372036854775807, 0, 9223372036849006807
1, 577, 0, 9223372036854775807, 0, 9223372036854198807
1, 5770, 0, 9223372036854775807, 0, 9223372036849005807
1, 5771, 0, 9223372036854775807, 0, 9223372036849004807
1, 5772, 0, 9223372036854775807, 0, 9223372036849003807
1, 5773, 0, 9223372036854775807, 0, 9223372036849002807
1, 5774, 0, 9223372036854775807, 0, 9223372036849001807
1, 5775, 0, 9223372036854775807, 0, 9223372036849000807
1, 5776, 0, 9223372036854775807, 0, 9223372036848999807
1, 5777, 0, 9223372036854775807, 0, 9223372036848998807
1, 5778, 0, 9223372036854775807, 0, 9223372036848997807
1, 5779, 0, 9223372036854775807, 0, 9223372036848996807
1, 578, 0, 9223372036854775807, 0, 9223372036854197807
1, 5780, 0, 9223372036854775807, 0, 9223372036848995807
1, 5781, 0, 9223372036854775807, 0, 9223372036848994807
1, 5782, 0, 9223372036854775807, 0, 9223372036848993807
1, 5783, 0, 9223372036854775807, 0, 9223372036848992807
1, 5784, 0, 9223372036854775807, 0, 9223372036848991807
1, 5785, 0, 9223372036854775807, 0, 9223372036848990807
1, 5786, 0, 9223372036854775807, 0, 9223372036848989807
1, 5787, 0, 9223372036854775807, 0, 9223372036848988807
1, 5788, 0, 9223372036854775807, 0, 9223372036848987807
1, 5789, 0, 9223372036854775807, 0, 9223372036848986807
1, 579, 0, 9223372036854775807, 0, 9223372036854196807
1, 5790, 0, 9223372036854775807, 0, 9223372036848985807
1, 5791, 0, 9223372036854775807, 0, 9223372036848984807
1, 5792, 0, 9223372036854775807, 0, 9223372036848983807
1, 5793, 0, 9223372036854775807, 0, 9223372036848982807
1, 5794, 0, 9223372036854775807, 0, 9223372036848981807
1, 5795, 0, 9223372036854775807, 0, 9223372036848980807
1, 5796, 0, 9223372036854775807, 0, 9223372036848979807
1, 5797, 0, 9223372036854775807, 0, 9223372036848978807
1, 5798, 0, 9223372036854775807, 0, 9223372036848977807
1, 5799, 0, 9223372036854775807, 0, 9223372036848976807
1, 58, 0, 9223372036854775807, 0, 9223372036854717807
1, 580, 0, 9223372036854775807, 0, 9223372036854195807
1, 5800, 0, 9223372036854775807, 0, 9223372036848975807
1, 5801, 0, 9223372036854775807, 0, 9223372036848974807
1, 5802, 0, 9223372036854775807, 0, 9223372036848973807
1, 5803, 0, 9223372036854775807, 0, 9223372036848972807
1, 5804, 0, 9223372036854775807, 0, 9223372036848971807
1, 5805, 0, 9223372036854775807, 0, 9223372036848970807
1, 5806, 0, 9223372036854775807, 0, 9223372036848969807
1, 5807, 0, 9223372036854775807, 0, 9223372036848968807
1, 5808, 0, 9223372036854775807, 0, 9223372036848967807
1, 5809, 0, 9223372036854775807, 0, 9223372036848966807
1, 581, 0, 9223372036854775807, 0, 9223372036854194807
1, 5810, 0, 9223372036854775807, 0, 9223372036848965807
1, 5811, 0, 9223372036854775807, 0, 9223372036848964807
1, 5812, 0, 9223372036854775807, 0, 9223372036848963807
1, 5813, 0, 9223372036854775807, 0, 9223372036848962807
1, 5814, 0, 9223372036854775807, 0, 9223372036848961807
1, 5815, 0, 9223372036854775807, 0, 9223372036848960807
1, 5816, 0, 9223372036854775807, 0, 9223372036848959807
1, 5817, 0, 9223372036854775807, 0, 9223372036848958807
1, 5818, 0, 9223372036854775807, 0, 9223372036848957807
1, 5819, 0, 9223372036854775807, 0, 9223372036848956807
1, 582, 0, 9223372036854775807, 0, 9223372036854193807
1, 5820, 0, 9223372036854775807, 0, 9223372036848955807
1, 5821, 0, 9223372036854775807, 0, 9223372036848954807
1, 5822, 0, 9223372036854775807, 0, 9223372036848953807
1, 5823, 0, 9223372036854775807, 0, 9223372036848952807
1, 5824, 0, 9223372036854775807, 0, 9223372036848951807
1, 5825, 0, 9223372036854775807, 0, 9223372036848950807
1, 5826, 0, 9223372036854775807, 0, 9223372036848949807
1, 5827, 0, 9223372036854775807, 0, 9223372036848948807
1, 5828, 0, 9223372036854775807, 0, 9223372036848947807
1, 5829, 0, 9223372036854775807, 0, 9223372036848946807
1, 583, 0, 9223372036854775807, 0, 9223372036854192807
1, 5830, 0, 9223372036854775807, 0, 9223372036848945807
1, 5831, 0, 9223372036854775807, 0, 9223372036848944807
1, 5832, 0, 9223372036854775807, 0, 9223372036848943807
1, 5833, 0, 9223372036854775807, 0, 9223372036848942807
1, 5834, 0, 9223372036854775807, 0, 9223372036848941807
1, 5835, 0, 9223372036854775807, 0, 9223372036848940807
1, 5836, 0, 9223372036854775807, 0, 9223372036848939807
1, 5837, 0, 9223372036854775807, 0, 9223372036848938807
1, 5838, 0, 9223372036854775807, 0, 9223372036848937807
1, 5839, 0, 9223372036854775807, 0, 9223372036848936807
1, 584, 0, 9223372036854775807, 0, 9223372036854191807
1, 5840, 0, 9223372036854775807, 0, 9223372036848935807
1, 5841, 0, 9223372036854775807, 0, 9223372036848934807
1, 5842, 0, 9223372036854775807, 0, 9223372036848933807
1, 5843, 0, 9223372036854775807, 0, 9223372036848932807
1, 5844, 0, 9223372036854775807, 0, 9223372036848931807
1, 5845, 0, 9223372036854775807, 0, 9223372036848930807
1, 5846, 0, 9223372036854775807, 0, 9223372036848929807
1, 5847, 0, 9223372036854775807, 0, 9223372036848928807
1, 5848, 0, 9223372036854775807, 0, 9223372036848927807
1, 5849, 0, 9223372036854775807, 0, 9223372036848926807
1, 585, 0, 9223372036854775807, 0, 9223372036854190807
1, 5850, 0, 9223372036854775807, 0, 9223372036848925807
1, 5851, 0, 9223372036854775807, 0, 9223372036848924807
1, 5852, 0, 9223372036854775807, 0, 9223372036848923807
1, 5853, 0, 9223372036854775807, 0, 9223372036848922807
1, 5854, 0, 9223372036854775807, 0, 9223372036848921807
1, 5855, 0, 9223372036854775807, 0, 9223372036848920807
1, 5856, 0, 9223372036854775807, 0, 9223372036848919807
1, 5857, 0, 9223372036854775807, 0, 9223372036848918807
1, 5858, 0, 9223372036854775807, 0, 9223372036848917807
1, 5859, 0, 9223372036854775807, 0, 9223372036848916807
1, 586, 0, 9223372036854775807, 0, 9223372036854189807
1, 5860, 0, 9223372036854775807, 0, 9223372036848915807
1, 5861, 0, 9223372036854775807, 0, 9223372036848914807
1, 5862, 0, 9223372036854775807, 0, 9223372036848913807
1, 5863, 0, 9223372036854775807, 0, 9223372036848912807
1, 5864, 0, 9223372036854775807, 0, 9223372036848911807
1, 5865, 0, 9223372036854775807, 0, 9223372036848910807
1, 5866, 0, 9223372036854775807, 0, 9223372036848909807
1, 5867, 0, 9223372036854775807, 0, 9223372036848908807
1, 5868, 0, 9223372036854775807, 0, 9223372036848907807
1, 5869, 0, 9223372036854775807, 0, 9223372036848906807
1, 587, 0, 9223372036854775807, 0, 9223372036854188807
1, 5870, 0, 9223372036854775807, 0, 9223372036848905807
1, 5871, 0, 9223372036854775807, 0, 9223372036848904807
1, 5872, 0, 9223372036854775807, 0, 9223372036848903807
1, 5873, 0, 9223372036854775807, 0, 9223372036848902807
1, 5874, 0, 9223372036854775807, 0, 9223372036848901807
1, 5875, 0, 9223372036854775807, 0, 9223372036848900807
1, 5876, 0, 9223372036854775807, 0, 9223372036848899807
1, 5877, 0, 9223372036854775807, 0, 9223372036848898807
1, 5878, 0, 9223372036854775807, 0, 9223372036848897807
1, 5879, 0, 9223372036854775807, 0, 9223372036848896807
1, 588, 0, 9223372036854775807, 0, 9223372036854187807
1, 5880, 0, 9223372036854775807, 0, 9223372036848895807
1, 5881, 0, 9223372036854775807, 0, 9223372036848894807
1, 5882, 0, 9223372036854775807, 0, 9223372036848893807
1, 5883, 0, 9223372036854775807, 0, 9223372036848892807
1, 5884, 0, 9223372036854775807, 0, 9223372036848891807
1, 5885, 0, 9223372036854775807, 0, 9223372036848890807
1, 5886, 0, 9223372036854775807, 0, 9223372036848889807
1, 5887, 0, 9223372036854775807, 0, 9223372036848888807
1, 5888, 0, 9223372036854775807, 0, 9223372036848887807
1, 5889, 0, 9223372036854775807, 0, 9223372036848886807
1, 589, 0, 9223372036854775807, 0, 9223372036854186807
1, 5890, 0, 9223372036854775807, 0, 9223372036848885807
1, 5891, 0, 9223372036854775807, 0, 9223372036848884807
1, 5892, 0, 9223372036854775807, 0, 9223372036848883807
1, 5893, 0, 9223372036854775807, 0, 9223372036848882807
1, 5894, 0, 9223372036854775807, 0, 9223372036848881807
1, 5895, 0, 9223372036854775807, 0, 9223372036848880807
1, 5896, 0, 9223372036854775807, 0, 9223372036848879807
1, 5897, 0, 9223372036854775807, 0, 9223372036848878807
1, 5898, 0, 9223372036854775807, 0, 9223372036848877807
1, 5899, 0, 9223372036854775807, 0, 9223372036848876807
1, 59, 0, 9223372036854775807, 0, 9223372036854716807
1, 590, 0, 9223372036854775807, 0, 9223372036854185807
1, 5900, 0, 9223372036854775807, 0, 9223372036848875807
1, 5901, 0, 9223372036854775807, 0, 9223372036848874807
1, 5902, 0, 9223372036854775807, 0, 9223372036848873807
1, 5903, 0, 9223372036854775807, 0, 9223372036848872807
1, 5904, 0, 9223372036854775807, 0, 9223372036848871807
1, 5905, 0, 9223372036854775807, 0, 9223372036848870807
1, 5906, 0, 9223372036854775807, 0, 9223372036848869807
1, 5907, 0, 9223372036854775807, 0, 9223372036848868807
1, 5908, 0, 9223372036854775807, 0, 9223372036848867807
1, 5909, 0, 9223372036854775807, 0, 9223372036848866807
1, 591, 0, 9223372036854775807, 0, 9223372036854184807
1, 5910, 0, 9223372036854775807, 0, 9223372036848865807
1, 5911, 0, 9223372036854775807, 0, 9223372036848864807
1, 5912, 0, 9223372036854775807, 0, 9223372036848863807
1, 5913, 0, 9223372036854775807, 0, 9223372036848862807
1, 5914, 0, 9223372036854775807, 0, 9223372036848861807
1, 5915, 0, 9223372036854775807, 0, 9223372036848860807
1, 5916, 0, 9223372036854775807, 0, 9223372036848859807
1, 5917, 0, 9223372036854775807, 0, 9223372036848858807
1, 5918, 0, 9223372036854775807, 0, 9223372036848857807
1, 5919, 0, 9223372036854775807, 0, 9223372036848856807
1, 592, 0, 9223372036854775807, 0, 9223372036854183807
1, 5920, 0, 9223372036854775807, 0, 9223372036848855807
1, 5921, 0, 9223372036854775807, 0, 9223372036848854807
1, 5922, 0, 9223372036854775807, 0, 9223372036848853807
1, 5923, 0, 9223372036854775807, 0, 9223372036848852807
1, 5924, 0, 9223372036854775807, 0, 9223372036848851807
1, 5925, 0, 9223372036854775807, 0, 9223372036848850807
1, 5926, 0, 9223372036854775807, 0, 9223372036848849807
1, 5927, 0, 9223372036854775807, 0, 9223372036848848807
1, 5928, 0, 9223372036854775807, 0, 9223372036848847807
1, 5929, 0, 9223372036854775807, 0, 9223372036848846807
1, 593, 0, 9223372036854775807, 0, 9223372036854182807
1, 5930, 0, 9223372036854775807, 0, 9223372036848845807
1, 5931, 0, 9223372036854775807, 0, 9223372036848844807
1, 5932, 0, 9223372036854775807, 0, 9223372036848843807
1, 5933, 0, 9223372036854775807, 0, 9223372036848842807
1, 5934, 0, 9223372036854775807, 0, 9223372036848841807
1, 5935, 0, 9223372036854775807, 0, 9223372036848840807
1, 5936, 0, 9223372036854775807, 0, 9223372036848839807
1, 5937, 0, 9223372036854775807, 0, 9223372036848838807
1, 5938, 0, 9223372036854775807, 0, 9223372036848837807
1, 5939, 0, 9223372036854775807, 0, 9223372036848836807
1, 594, 0, 9223372036854775807, 0, 9223372036854181807
1, 5940, 0, 9223372036854775807, 0, 9223372036848835807
1, 5941, 0, 9223372036854775807, 0, 9223372036848834807
1, 5942, 0, 9223372036854775807, 0, 9223372036848833807
1, 5943, 0, 9223372036854775807, 0, 9223372036848832807
1, 5944, 0, 9223372036854775807, 0, 9223372036848831807
1, 5945, 0, 9223372036854775807, 0, 9223372036848830807
1, 5946, 0, 9223372036854775807, 0, 9223372036848829807
1, 5947, 0, 9223372036854775807, 0, 9223372036848828807
1, 5948, 0, 9223372036854775807, 0, 9223372036848827807
1, 5949, 0, 9223372036854775807, 0, 9223372036848826807
1, 595, 0, 9223372036854775807, 0, 9223372036854180807
1, 5950, 0, 9223372036854775807, 0, 9223372036848825807
1, 5951, 0, 9223372036854775807, 0, 9223372036848824807
1, 5952, 0, 9223372036854775807, 0, 9223372036848823807
1, 5953, 0, 9223372036854775807, 0, 9223372036848822807
1, 5954, 0, 9223372036854775807, 0, 9223372036848821807
1, 5955, 0, 9223372036854775807, 0, 9223372036848820807
1, 5956, 0, 9223372036854775807, 0, 9223372036848819807
1, 5957, 0, 9223372036854775807, 0, 9223372036848818807
1, 5958, 0, 9223372036854775807, 0, 9223372036848817807
1, 5959, 0, 9223372036854775807, 0, 9223372036848816807
1, 596, 0, 9223372036854775807, 0, 9223372036854179807
1, 5960, 0, 9223372036854775807, 0, 9223372036848815807
1, 5961, 0, 9223372036854775807, 0, 9223372036848814807
1, 5962, 0, 9223372036854775807, 0, 9223372036848813807
1, 5963, 0, 9223372036854775807, 0, 9223372036848812807
1, 5964, 0, 9223372036854775807, 0, 9223372036848811807
1, 5965, 0, 9223372036854775807, 0, 9223372036848810807
1, 5966, 0, 9223372036854775807, 0, 9223372036848809807
1, 5967, 0, 9223372036854775807, 0, 9223372036848808807
1, 5968, 0, 9223372036854775807, 0, 9223372036848807807
1, 5969, 0, 9223372036854775807, 0, 9223372036848806807
1, 597, 0, 9223372036854775807, 0, 9223372036854178807
1, 5970, 0, 9223372036854775807, 0, 9223372036848805807
1, 5971, 0, 9223372036854775807, 0, 9223372036848804807
1, 5972, 0, 9223372036854775807, 0, 9223372036848803807
1, 5973, 0, 9223372036854775807, 0, 9223372036848802807
1, 5974, 0, 9223372036854775807, 0, 9223372036848801807
1, 5975, 0, 9223372036854775807, 0, 9223372036848800807
1, 5976, 0, 9223372036854775807, 0, 9223372036848799807
1, 5977, 0, 9223372036854775807, 0, 9223372036848798807
1, 5978, 0, 9223372036854775807, 0, 9223372036848797807
1, 5979, 0, 9223372036854775807, 0, 9223372036848796807
1, 598, 0, 9223372036854775807, 0, 9223372036854177807
1, 5980, 0, 9223372036854775807, 0, 9223372036848795807
1, 5981, 0, 9223372036854775807, 0, 9223372036848794807
1, 5982, 0, 9223372036854775807, 0, 9223372036848793807
1, 5983, 0, 9223372036854775807, 0, 9223372036848792807
1, 5984, 0, 9223372036854775807, 0, 9223372036848791807
1, 5985, 0, 9223372036854775807, 0, 9223372036848790807
1, 5986, 0, 9223372036854775807, 0, 9223372036848789807
1, 5987, 0, 9223372036854775807, 0, 9223372036848788807
1, 5988, 0, 9223372036854775807, 0, 9223372036848787807
1, 5989, 0, 9223372036854775807, 0, 9223372036848786807
1, 599, 0, 9223372036854775807, 0, 9223372036854176807
1, 5990, 0, 9223372036854775807, 0, 9223372036848785807
1, 5991, 0, 9223372036854775807, 0, 9223372036848784807
1, 5992, 0, 9223372036854775807, 0, 9223372036848783807
1, 5993, 0, 9223372036854775807, 0, 9223372036848782807
1, 5994, 0, 9223372036854775807, 0, 9223372036848781807
1, 5995, 0, 9223372036854775807, 0, 9223372036848780807
1, 5996, 0, 9223372036854775807, 0, 9223372036848779807
1, 5997, 0, 9223372036854775807, 0, 9223372036848778807
1, 5998, 0, 9223372036854775807, 0, 9223372036848777807
1, 5999, 0, 9223372036854775807, 0, 9223372036848776807
1, 6, 0, 9223372036854775807, 0, 9223372036854769807
1, 60, 0, 9223372036854775807, 0, 9223372036854715807
1, 600, 0, 9223372036854775807, 0, 9223372036854175807
1, 601, 0, 9223372036854775807, 0, 9223372036854174807
1, 602, 0, 9223372036854775807, 0, 9223372036854173807
1, 603, 0, 9223372036854775807, 0, 9223372036854172807
1, 604, 0, 9223372036854775807, 0, 9223372036854171807
1, 605, 0, 9223372036854775807, 0, 9223372036854170807
1, 606, 0, 9223372036854775807, 0, 9223372036854169807
1, 607, 0, 9223372036854775807, 0, 9223372036854168807
1, 608, 0, 9223372036854775807, 0, 9223372036854167807
1, 609, 0, 9223372036854775807, 0, 9223372036854166807
1, 61, 0, 9223372036854775807, 0, 9223372036854714807
1, 610, 0, 9223372036854775807, 0, 9223372036854165807
1, 611, 0, 9223372036854775807, 0, 9223372036854164807
1, 612, 0, 9223372036854775807, 0, 9223372036854163807
1, 613, 0, 9223372036854775807, 0, 9223372036854162807
1, 614, 0, 9223372036854775807, 0, 9223372036854161807
1, 615, 0, 9223372036854775807, 0, 9223372036854160807
1, 616, 0, 9223372036854775807, 0, 9223372036854159807
1, 617, 0, 9223372036854775807, 0, 9223372036854158807
1, 618, 0, 9223372036854775807, 0, 9223372036854157807
1, 619, 0, 9223372036854775807, 0, 9223372036854156807
1, 62, 0, 9223372036854775807, 0, 9223372036854713807
1, 620, 0, 9223372036854775807, 0, 9223372036854155807
1, 621, 0, 9223372036854775807, 0, 9223372036854154807
1, 622, 0, 9223372036854775807, 0, 9223372036854153807
1, 623, 0, 9223372036854775807, 0, 9223372036854152807
1, 624, 0, 9223372036854775807, 0, 9223372036854151807
1, 625, 0, 9223372036854775807, 0, 9223372036854150807
1, 626, 0, 9223372036854775807, 0, 9223372036854149807
1, 627, 0, 9223372036854775807, 0, 9223372036854148807
1, 628, 0, 9223372036854775807, 0, 9223372036854147807
1, 629, 0, 9223372036854775807, 0, 9223372036854146807
1, 63, 0, 9223372036854775807, 0, 9223372036854712807
1, 630, 0, 9223372036854775807, 0, 9223372036854145807
1, 631, 0, 9223372036854775807, 0, 9223372036854144807
1, 632, 0, 9223372036854775807, 0, 9223372036854143807
1, 633, 0, 9223372036854775807, 0, 9223372036854142807
1, 634, 0, 9223372036854775807, 0, 9223372036854141807
1, 635, 0, 9223372036854775807, 0, 9223372036854140807
1, 636, 0, 9223372036854775807, 0, 9223372036854139807
1, 637, 0, 9223372036854775807, 0, 9223372036854138807
1, 638, 0, 9223372036854775807, 0, 9223372036854137807
1, 639, 0, 9223372036854775807, 0, 9223372036854136807
1, 64, 0, 9223372036854775807, 0, 9223372036854711807
1, 640, 0, 9223372036854775807, 0, 9223372036854135807
1, 641, 0, 9223372036854775807, 0, 9223372036854134807
1, 642, 0, 9223372036854775807, 0, 9223372036854133807
1, 643, 0, 9223372036854775807, 0, 9223372036854132807
1, 644, 0, 9223372036854775807, 0, 9223372036854131807
1, 645, 0, 9223372036854775807, 0, 9223372036854130807
1, 646, 0, 9223372036854775807, 0, 9223372036854129807
1, 647, 0, 9223372036854775807, 0, 9223372036854128807
1, 648, 0, 9223372036854775807, 0, 9223372036854127807
1, 649, 0, 9223372036854775807, 0, 9223372036854126807
1, 65, 0, 9223372036854775807, 0, 9223372036854710807
1, 650, 0, 9223372036854775807, 0, 9223372036854125807
1, 651, 0, 9223372036854775807, 0, 9223372036854124807
1, 652, 0, 9223372036854775807, 0, 9223372036854123807
1, 653, 0, 9223372036854775807, 0, 9223372036854122807
1, 654, 0, 9223372036854775807, 0, 9223372036854121807
1, 655, 0, 9223372036854775807, 0, 9223372036854120807
1, 656, 0, 9223372036854775807, 0, 9223372036854119807
1, 657, 0, 9223372036854775807, 0, 9223372036854118807
1, 658, 0, 9223372036854775807, 0, 9223372036854117807
1, 659, 0, 9223372036854775807, 0, 9223372036854116807
1, 66, 0, 9223372036854775807, 0, 9223372036854709807
1, 660, 0, 9223372036854775807, 0, 9223372036854115807
1, 661, 0, 9223372036854775807, 0, 9223372036854114807
1, 662, 0, 9223372036854775807, 0, 9223372036854113807
1, 663, 0, 9223372036854775807, 0, 9223372036854112807
1, 664, 0, 9223372036854775807, 0, 9223372036854111807
1, 665, 0, 9223372036854775807, 0, 9223372036854110807
1, 666, 0, 9223372036854775807, 0, 9223372036854109807
1, 667, 0, 9223372036854775807, 0, 9223372036854108807
1, 668, 0, 9223372036854775807, 0, 9223372036854107807
1, 669, 0, 9223372036854775807, 0, 9223372036854106807
1, 67, 0, 9223372036854775807, 0, 9223372036854708807
1, 670, 0, 9223372036854775807, 0, 9223372036854105807
1, 671, 0, 9223372036854775807, 0, 9223372036854104807
1, 672, 0, 9223372036854775807, 0, 9223372036854103807
1, 673, 0, 9223372036854775807, 0, 9223372036854102807
1, 674, 0, 9223372036854775807, 0, 9223372036854101807
1, 675, 0, 9223372036854775807, 0, 9223372036854100807
1, 676, 0, 9223372036854775807, 0, 9223372036854099807
1, 677, 0, 9223372036854775807, 0, 9223372036854098807
1, 678, 0, 9223372036854775807, 0, 9223372036854097807
1, 679, 0, 9223372036854775807, 0, 9223372036854096807
1, 68, 0, 9223372036854775807, 0, 9223372036854707807
1, 680, 0, 9223372036854775807, 0, 9223372036854095807
1, 681, 0, 9223372036854775807, 0, 9223372036854094807
1, 682, 0, 9223372036854775807, 0, 9223372036854093807
1, 683, 0, 9223372036854775807, 0, 9223372036854092807
1, 684, 0, 9223372036854775807, 0, 9223372036854091807
1, 685, 0, 9223372036854775807, 0, 9223372036854090807
1, 686, 0, 9223372036854775807, 0, 9223372036854089807
1, 687, 0, 9223372036854775807, 0, 9223372036854088807
1, 688, 0, 9223372036854775807, 0, 9223372036854087807
1, 689, 0, 9223372036854775807, 0, 9223372036854086807
1, 69, 0, 9223372036854775807, 0, 9223372036854706807
1, 690, 0, 9223372036854775807, 0, 9223372036854085807
1, 691, 0, 9223372036854775807, 0, 9223372036854084807
1, 692, 0, 9223372036854775807, 0, 9223372036854083807
1, 693, 0, 9223372036854775807, 0, 9223372036854082807
1, 694, 0, 9223372036854775807, 0, 9223372036854081807
1, 695, 0, 9223372036854775807, 0, 9223372036854080807
1, 696, 0, 9223372036854775807, 0, 9223372036854079807
1, 697, 0, 9223372036854775807, 0, 9223372036854078807
1, 698, 0, 9223372036854775807, 0, 9223372036854077807
1, 699, 0, 9223372036854775807, 0, 9223372036854076807
1, 7, 0, 9223372036854775807, 0, 9223372036854768807
1, 70, 0, 9223372036854775807, 0, 9223372036854705807
1, 700, 0, 9223372036854775807, 0, 9223372036854075807
1, 701, 0, 9223372036854775807, 0, 9223372036854074807
1, 702, 0, 9223372036854775807, 0, 9223372036854073807
1, 703, 0, 9223372036854775807, 0, 9223372036854072807
1, 704, 0, 9223372036854775807, 0, 9223372036854071807
1, 705, 0, 9223372036854775807, 0, 9223372036854070807
1, 706, 0, 9223372036854775807, 0, 9223372036854069807
1, 707, 0, 9223372036854775807, 0, 9223372036854068807
1, 708, 0, 9223372036854775807, 0, 9223372036854067807
1, 709, 0, 9223372036854775807, 0, 9223372036854066807
1, 71, 0, 9223372036854775807, 0, 9223372036854704807
1, 710, 0, 9223372036854775807, 0, 9223372036854065807
1, 711, 0, 9223372036854775807, 0, 9223372036854064807
1, 712, 0, 9223372036854775807, 0, 9223372036854063807
1, 713, 0, 9223372036854775807, 0, 9223372036854062807
1, 714, 0, 9223372036854775807, 0, 9223372036854061807
1, 715, 0, 9223372036854775807, 0, 9223372036854060807
1, 716, 0, 9223372036854775807, 0, 9223372036854059807
1, 717, 0, 9223372036854775807, 0, 9223372036854058807
1, 718, 0, 9223372036854775807, 0, 9223372036854057807
1, 719, 0, 9223372036854775807, 0, 9223372036854056807
1, 72, 0, 9223372036854775807, 0, 9223372036854703807
1, 720, 0, 9223372036854775807, 0, 9223372036854055807
1, 721, 0, 9223372036854775807, 0, 9223372036854054807
1, 722, 0, 9223372036854775807, 0, 9223372036854053807
1, 723, 0, 9223372036854775807, 0, 9223372036854052807
1, 724, 0, 9223372036854775807, 0, 9223372036854051807
1, 725, 0, 9223372036854775807, 0, 9223372036854050807
1, 726, 0, 9223372036854775807, 0, 9223372036854049807
1, 727, 0, 9223372036854775807, 0, 9223372036854048807
1, 728, 0, 9223372036854775807, 0, 9223372036854047807
1, 729, 0, 9223372036854775807, 0, 9223372036854046807
1, 73, 0, 9223372036854775807, 0, 9223372036854702807
1, 730, 0, 9223372036854775807, 0, 9223372036854045807
1, 731, 0, 9223372036854775807, 0, 9223372036854044807
1, 732, 0, 9223372036854775807, 0, 9223372036854043807
1, 733, 0, 9223372036854775807, 0, 9223372036854042807
1, 734, 0, 9223372036854775807, 0, 9223372036854041807
1, 735, 0, 9223372036854775807, 0, 9223372036854040807
1, 736, 0, 9223372036854775807, 0, 9223372036854039807
1, 737, 0, 9223372036854775807, 0, 9223372036854038807
1, 738, 0, 9223372036854775807, 0, 9223372036854037807
1, 739, 0, 9223372036854775807, 0, 9223372036854036807
1, 74, 0, 9223372036854775807, 0, 9223372036854701807
1, 740, 0, 9223372036854775807, 0, 9223372036854035807
1, 741, 0, 9223372036854775807, 0, 9223372036854034807
1, 742, 0, 9223372036854775807, 0, 9223372036854033807
1, 743, 0, 9223372036854775807, 0, 9223372036854032807
1, 744, 0, 9223372036854775807, 0, 9223372036854031807
1, 745, 0, 9223372036854775807, 0, 9223372036854030807
1, 746, 0, 9223372036854775807, 0, 9223372036854029807
1, 747, 0, 9223372036854775807, 0, 9223372036854028807
1, 748, 0, 9223372036854775807, 0, 9223372036854027807
1, 749, 0, 9223372036854775807, 0, 9223372036854026807
1, 75, 0, 9223372036854775807, 0, 9223372036854700807
1, 750, 0, 9223372036854775807, 0, 9223372036854025807
1, 751, 0, 9223372036854775807, 0, 9223372036854024807
1, 752, 0, 9223372036854775807, 0, 9223372036854023807
1, 753, 0, 9223372036854775807, 0, 9223372036854022807
1, 754, 0, 9223372036854775807, 0, 9223372036854021807
1, 755, 0, 9223372036854775807, 0, 9223372036854020807
1, 756, 0, 9223372036854775807, 0, 9223372036854019807
1, 757, 0, 9223372036854775807, 0, 9223372036854018807
1, 758, 0, 9223372036854775807, 0, 9223372036854017807
1, 759, 0, 9223372036854775807, 0, 9223372036854016807
1, 76, 0, 9223372036854775807, 0, 9223372036854699807
1, 760, 0, 9223372036854775807, 0, 9223372036854015807
1, 761, 0, 9223372036854775807, 0, 9223372036854014807
1, 762, 0, 9223372036854775807, 0, 9223372036854013807
1, 763, 0, 9223372036854775807, 0, 9223372036854012807
1, 764, 0, 9223372036854775807, 0, 9223372036854011807
1, 765, 0, 9223372036854775807, 0, 9223372036854010807
1, 766, 0, 9223372036854775807, 0, 9223372036854009807
1, 767, 0, 9223372036854775807, 0, 9223372036854008807
1, 768, 0, 9223372036854775807, 0, 9223372036854007807
1, 769, 0, 9223372036854775807, 0, 9223372036854006807
1, 77, 0, 9223372036854775807, 0, 9223372036854698807
1, 770, 0, 9223372036854775807, 0, 9223372036854005807
1, 771, 0, 9223372036854775807, 0, 9223372036854004807
1, 772, 0, 9223372036854775807, 0, 9223372036854003807
1, 773, 0, 9223372036854775807, 0, 9223372036854002807
1, 774, 0, 9223372036854775807, 0, 9223372036854001807
1, 775, 0, 9223372036854775807, 0, 9223372036854000807
1, 776, 0, 9223372036854775807, 0, 9223372036853999807
1, 777, 0, 9223372036854775807, 0, 9223372036853998807
1, 778, 0, 9223372036854775807, 0, 9223372036853997807
1, 779, 0, 9223372036854775807, 0, 9223372036853996807
1, 78, 0, 9223372036854775807, 0, 9223372036854697807
1, 780, 0, 9223372036854775807, 0, 9223372036853995807
1, 781, 0, 9223372036854775807, 0, 9223372036853994807
1, 782, 0, 9223372036854775807, 0, 9223372036853993807
1, 783, 0, 9223372036854775807, 0, 9223372036853992807
1, 784, 0, 9223372036854775807, 0, 9223372036853991807
1, 785, 0, 9223372036854775807, 0, 9223372036853990807
1, 786, 0, 9223372036854775807, 0, 9223372036853989807
1, 787, 0, 9223372036854775807, 0, 9223372036853988807
1, 788, 0, 9223372036854775807, 0, 9223372036853987807
1, 789, 0, 9223372036854775807, 0, 9223372036853986807
1, 79, 0, 9223372036854775807, 0, 9223372036854696807
1, 790, 0, 9223372036854775807, 0, 9223372036853985807
1, 791, 0, 9223372036854775807, 0, 9223372036853984807
1, 792, 0, 9223372036854775807, 0, 9223372036853983807
1, 793, 0, 9223372036854775807, 0, 9223372036853982807
1, 794, 0, 9223372036854775807, 0, 9223372036853981807
1, 795, 0, 9223372036854775807, 0, 9223372036853980807
1, 796, 0, 9223372036854775807, 0, 9223372036853979807
1, 797, 0, 9223372036854775807, 0, 9223372036853978807
1, 798, 0, 9223372036854775807, 0, 9223372036853977807
1, 799, 0, 9223372036854775807, 0, 9223372036853976807
1, 8, 0, 9223372036854775807, 0, 9223372036854767807
1, 80, 0, 9223372036854775807, 0, 9223372036854695807
1, 800, 0, 9223372036854775807, 0, 9223372036853975807
1, 801, 0, 9223372036854775807, 0, 9223372036853974807
1, 802, 0, 9223372036854775807, 0, 9223372036853973807
1, 803, 0, 9223372036854775807, 0, 9223372036853972807
1, 804, 0, 9223372036854775807, 0, 9223372036853971807
1, 805, 0, 9223372036854775807, 0, 9223372036853970807
1, 806, 0, 9223372036854775807, 0, 9223372036853969807
1, 807, 0, 9223372036854775807, 0, 9223372036853968807
1, 808, 0, 9223372036854775807, 0, 9223372036853967807
1, 809, 0, 9223372036854775807, 0, 9223372036853966807
1, 81, 0, 9223372036854775807, 0, 9223372036854694807
1, 810, 0, 9223372036854775807, 0, 9223372036853965807
1, 811, 0, 9223372036854775807, 0, 9223372036853964807
1, 812, 0, 9223372036854775807, 0, 9223372036853963807
1, 813, 0, 9223372036854775807, 0, 9223372036853962807
1, 814, 0, 9223372036854775807, 0, 9223372036853961807
1, 815, 0, 9223372036854775807, 0, 9223372036853960807
1, 816, 0, 9223372036854775807, 0, 9223372036853959807
1, 817, 0, 9223372036854775807, 0, 9223372036853958807
1, 818, 0, 9223372036854775807, 0, 9223372036853957807
1, 819, 0, 9223372036854775807, 0, 9223372036853956807
1, 82, 0, 9223372036854775807, 0, 9223372036854693807
1, 820, 0, 9223372036854775807, 0, 9223372036853955807
1, 821, 0, 9223372036854775807, 0, 9223372036853954807
1, 822, 0, 9223372036854775807, 0, 9223372036853953807
1, 823, 0, 9223372036854775807, 0, 9223372036853952807
1, 824, 0, 9223372036854775807, 0, 9223372036853951807
1, 825, 0, 9223372036854775807, 0, 9223372036853950807
1, 826, 0, 9223372036854775807, 0, 9223372036853949807
1, 827, 0, 9223372036854775807, 0, 9223372036853948807
1, 828, 0, 9223372036854775807, 0, 9223372036853947807
1, 829, 0, 9223372036854775807, 0, 9223372036853946807
1, 83, 0, 9223372036854775807, 0, 9223372036854692807
1, 830, 0, 9223372036854775807, 0, 9223372036853945807
1, 831, 0, 9223372036854775807, 0, 9223372036853944807
1, 832, 0, 9223372036854775807, 0, 9223372036853943807
1, 833, 0, 9223372036854775807, 0, 9223372036853942807
1, 834, 0, 9223372036854775807, 0, 9223372036853941807
1, 835, 0, 9223372036854775807, 0, 9223372036853940807
1, 836, 0, 9223372036854775807, 0, 9223372036853939807
1, 837, 0, 9223372036854775807, 0, 9223372036853938807
1, 838, 0, 9223372036854775807, 0, 9223372036853937807
1, 839, 0, 9223372036854775807, 0, 9223372036853936807
1, 84, 0, 9223372036854775807, 0, 9223372036854691807
1, 840, 0, 9223372036854775807, 0, 9223372036853935807
1, 841, 0, 9223372036854775807, 0, 9223372036853934807
1, 842, 0, 9223372036854775807, 0, 9223372036853933807
1, 843, 0, 9223372036854775807, 0, 9223372036853932807
1, 844, 0, 9223372036854775807, 0, 9223372036853931807
1, 845, 0, 9223372036854775807, 0, 9223372036853930807
1, 846, 0, 9223372036854775807, 0, 9223372036853929807
1, 847, 0, 9223372036854775807, 0, 9223372036853928807
1, 848, 0, 9223372036854775807, 0, 9223372036853927807
1, 849, 0, 9223372036854775807, 0, 9223372036853926807
1, 85, 0, 9223372036854775807, 0, 9223372036854690807
1, 850, 0, 9223372036854775807, 0, 9223372036853925807
1, 851, 0, 9223372036854775807, 0, 9223372036853924807
1, 852, 0, 9223372036854775807, 0, 9223372036853923807
1, 853, 0, 9223372036854775807, 0, 9223372036853922807
1, 854, 0, 9223372036854775807, 0, 9223372036853921807
1, 855, 0, 9223372036854775807, 0, 9223372036853920807
1, 856, 0, 9223372036854775807, 0, 9223372036853919807
1, 857, 0, 9223372036854775807, 0, 9223372036853918807
1, 858, 0, 9223372036854775807, 0, 9223372036853917807
1, 859, 0, 9223372036854775807, 0, 9223372036853916807
1, 86, 0, 9223372036854775807, 0, 9223372036854689807
1, 860, 0, 9223372036854775807, 0, 9223372036853915807
1, 861, 0, 9223372036854775807, 0, 9223372036853914807
1, 862, 0, 9223372036854775807, 0, 9223372036853913807
1, 863, 0, 9223372036854775807, 0, 9223372036853912807
1, 864, 0, 9223372036854775807, 0, 9223372036853911807
1, 865, 0, 9223372036854775807, 0, 9223372036853910807
1, 866, 0, 9223372036854775807, 0, 9223372036853909807
1, 867, 0, 9223372036854775807, 0, 9223372036853908807
1, 868, 0, 9223372036854775807, 0, 9223372036853907807
1, 869, 0, 9223372036854775807, 0, 9223372036853906807
1, 87, 0, 9223372036854775807, 0, 9223372036854688807
1, 870, 0, 9223372036854775807, 0, 9223372036853905807
1, 871, 0, 9223372036854775807, 0, 9223372036853904807
1, 872, 0, 9223372036854775807, 0, 9223372036853903807
1, 873, 0, 9223372036854775807, 0, 9223372036853902807
1, 874, 0, 9223372036854775807, 0, 9223372036853901807
1, 875, 0, 9223372036854775807, 0, 9223372036853900807
1, 876, 0, 9223372036854775807, 0, 9223372036853899807
1, 877, 0, 9223372036854775807, 0, 9223372036853898807
1, 878, 0, 9223372036854775807, 0, 9223372036853897807
1, 879, 0, 9223372036854775807, 0, 9223372036853896807
1, 88, 0, 9223372036854775807, 0, 9223372036854687807
1, 880, 0, 9223372036854775807, 0, 9223372036853895807
1, 881, 0, 9223372036854775807, 0, 9223372036853894807
1, 882, 0, 9223372036854775807, 0, 9223372036853893807
1, 883, 0, 9223372036854775807, 0, 9223372036853892807
1, 884, 0, 9223372036854775807, 0, 9223372036853891807
1, 885, 0, 9223372036854775807, 0, 9223372036853890807
1, 886, 0, 9223372036854775807, 0, 9223372036853889807
1, 887, 0, 9223372036854775807, 0, 9223372036853888807
1, 888, 0, 9223372036854775807, 0, 9223372036853887807
1, 889, 0, 9223372036854775807, 0, 9223372036853886807
1, 89, 0, 9223372036854775807, 0, 9223372036854686807
1, 890, 0, 9223372036854775807, 0, 9223372036853885807
1, 891, 0, 9223372036854775807, 0, 9223372036853884807
1, 892, 0, 9223372036854775807, 0, 9223372036853883807
1, 893, 0, 9223372036854775807, 0, 9223372036853882807
1, 894, 0, 9223372036854775807, 0, 9223372036853881807
1, 895, 0, 9223372036854775807, 0, 9223372036853880807
1, 896, 0, 9223372036854775807, 0, 9223372036853879807
1, 897, 0, 9223372036854775807, 0, 9223372036853878807
1, 898, 0, 9223372036854775807, 0, 9223372036853877807
1, 899, 0, 9223372036854775807, 0, 9223372036853876807
1, 9, 0, 9223372036854775807, 0, 9223372036854766807
1, 90, 0, 9223372036854775807, 0, 9223372036854685807
1, 900, 0, 9223372036854775807, 0, 9223372036853875807
1, 901, 0, 9223372036854775807, 0, 9223372036853874807
1, 902, 0, 9223372036854775807, 0, 9223372036853873807
1, 903, 0, 9223372036854775807, 0, 9223372036853872807
1, 904, 0, 9223372036854775807, 0, 9223372036853871807
1, 905, 0, 9223372036854775807, 0, 9223372036853870807
1, 906, 0, 9223372036854775807, 0, 9223372036853869807
1, 907, 0, 9223372036854775807, 0, 9223372036853868807
1, 908, 0, 9223372036854775807, 0, 9223372036853867807
1, 909, 0, 9223372036854775807, 0, 9223372036853866807
1, 91, 0, 9223372036854775807, 0, 9223372036854684807
1, 910, 0, 9223372036854775807, 0, 9223372036853865807
1, 911, 0, 9223372036854775807, 0, 9223372036853864807
1, 912, 0, 9223372036854775807, 0, 9223372036853863807
1, 913, 0, 9223372036854775807, 0, 9223372036853862807
1, 914, 0, 9223372036854775807, 0, 9223372036853861807
1, 915, 0, 9223372036854775807, 0, 9223372036853860807
1, 916, 0, 9223372036854775807, 0, 9223372036853859807
1, 917, 0, 9223372036854775807, 0, 9223372036853858807
1, 918, 0, 9223372036854775807, 0, 9223372036853857807
1, 919, 0, 9223372036854775807, 0, 9223372036853856807
1, 92, 0, 9223372036854775807, 0, 9223372036854683807
1, 920, 0, 9223372036854775807, 0, 9223372036853855807
1, 921, 0, 9223372036854775807, 0, 9223372036853854807
1, 922, 0, 9223372036854775807, 0, 9223372036853853807
1, 923, 0, 9223372036854775807, 0, 9223372036853852807
1, 924, 0, 9223372036854775807, 0, 9223372036853851807
1, 925, 0, 9223372036854775807, 0, 9223372036853850807
1, 926, 0, 9223372036854775807, 0, 9223372036853849807
1, 927, 0, 9223372036854775807, 0, 9223372036853848807
1, 928, 0, 9223372036854775807, 0, 9223372036853847807
1, 929, 0, 9223372036854775807, 0, 9223372036853846807
1, 93, 0, 9223372036854775807, 0, 9223372036854682807
1, 930, 0, 9223372036854775807, 0, 9223372036853845807
1, 931, 0, 9223372036854775807, 0, 9223372036853844807
1, 932, 0, 9223372036854775807, 0, 9223372036853843807
1, 933, 0, 9223372036854775807, 0, 9223372036853842807
1, 934, 0, 9223372036854775807, 0, 9223372036853841807
1, 935, 0, 9223372036854775807, 0, 9223372036853840807
1, 936, 0, 9223372036854775807, 0, 9223372036853839807
1, 937, 0, 9223372036854775807, 0, 9223372036853838807
1, 938, 0, 9223372036854775807, 0, 9223372036853837807
1, 939, 0, 9223372036854775807, 0, 9223372036853836807
1, 94, 0, 9223372036854775807, 0, 9223372036854681807
1, 940, 0, 9223372036854775807, 0, 9223372036853835807
1, 941, 0, 9223372036854775807, 0, 9223372036853834807
1, 942, 0, 9223372036854775807, 0, 9223372036853833807
1, 943, 0, 9223372036854775807, 0, 9223372036853832807
1, 944, 0, 9223372036854775807, 0, 9223372036853831807
1, 945, 0, 9223372036854775807, 0, 9223372036853830807
1, 946, 0, 9223372036854775807, 0, 9223372036853829807
1, 947, 0, 9223372036854775807, 0, 9223372036853828807
1, 948, 0, 9223372036854775807, 0, 9223372036853827807
1, 949, 0, 9223372036854775807, 0, 9223372036853826807
1, 95, 0, 9223372036854775807, 0, 9223372036854680807
1, 950, 0, 9223372036854775807, 0, 9223372036853825807
1, 951, 0, 9223372036854775807, 0, 9223372036853824807
1, 952, 0, 9223372036854775807, 0, 9223372036853823807
1, 953, 0, 9223372036854775807, 0, 9223372036853822807
1, 954, 0, 9223372036854775807, 0, 9223372036853821807
1, 955, 0, 9223372036854775807, 0, 9223372036853820807
1, 956, 0, 9223372036854775807, 0, 9223372036853819807
1, 957, 0, 9223372036854775807, 0, 9223372036853818807
1, 958, 0, 9223372036854775807, 0, 9223372036853817807
1, 959, 0, 9223372036854775807, 0, 9223372036853816807
1, 96, 0, 9223372036854775807, 0, 9223372036854679807
1, 960, 0, 9223372036854775807, 0, 9223372036853815807
1, 961, 0, 9223372036854775807, 0, 9223372036853814807
1, 962, 0, 9223372036854775807, 0, 9223372036853813807
1, 963, 0, 9223372036854775807, 0, 9223372036853812807
1, 964, 0, 9223372036854775807, 0, 9223372036853811807
1, 965, 0, 9223372036854775807, 0, 9223372036853810807
1, 966, 0, 9223372036854775807, 0, 9223372036853809807
1, 967, 0, 9223372036854775807, 0, 9223372036853808807
1, 968, 0, 9223372036854775807, 0, 9223372036853807807
1, 969, 0, 9223372036854775807, 0, 9223372036853806807
1, 97, 0, 9223372036854775807, 0, 9223372036854678807
1, 970, 0, 9223372036854775807, 0, 9223372036853805807
1, 971, 0, 9223372036854775807, 0, 9223372036853804807
1, 972, 0, 9223372036854775807, 0, 9223372036853803807
1, 973, 0, 9223372036854775807, 0, 9223372036853802807
1, 974, 0, 9223372036854775807, 0, 9223372036853801807
1, 975, 0, 9223372036854775807, 0, 9223372036853800807
1, 976, 0, 9223372036854775807, 0, 9223372036853799807
1, 977, 0, 9223372036854775807, 0, 9223372036853798807
1, 978, 0, 9223372036854775807, 0, 9223372036853797807
1, 979, 0, 9223372036854775807, 0, 9223372036853796807
1, 98, 0, 9223372036854775807, 0, 9223372036854677807
1, 980, 0, 9223372036854775807, 0, 9223372036853795807
1, 981, 0, 9223372036854775807, 0, 9223372036853794807
1, 982, 0, 9223372036854775807, 0, 9223372036853793807
1, 983, 0, 9223372036854775807, 0, 9223372036853792807
1, 984, 0, 9223372036854775807, 0, 9223372036853791807
1, 985, 0, 9223372036854775807, 0, 9223372036853790807
1, 986, 0, 9223372036854775807, 0, 9223372036853789807
1, 987, 0, 9223372036854775807, 0, 9223372036853788807
1, 988, 0, 9223372036854775807, 0, 9223372036853787807
1, 989, 0, 9223372036854775807, 0, 9223372036853786807
1, 99, 0, 9223372036854775807, 0, 9223372036854676807
1, 990, 0, 9223372036854775807, 0, 9223372036853785807
1, 991, 0, 9223372036854775807, 0, 9223372036853784807
1, 992, 0, 9223372036854775807, 0, 9223372036853783807
1, 993, 0, 9223372036854775807, 0, 9223372036853782807
1, 994, 0, 9223372036854775807, 0, 9223372036853781807
1, 995, 0, 9223372036854775807, 0, 9223372036853780807
1, 996, 0, 9223372036854775807, 0, 9223372036853779807
1, 997, 0, 9223372036854775807, 0, 9223372036853778807
1, 998, 0, 9223372036854775807, 0, 9223372036853777807
1, 999, 0, 9223372036854775807, 0, 9223372036853776807
2, 0, 53, 1088, 53, 1088
2, 1, 0, 9223372036854775807, 0, 9223372036854755807
2, 10, 0, 9223372036854775807, 0, 9223372036854575807
2, 100, 0, 9223372036854775807, 0, 9223372036852775807
2, 101, 0, 9223372036854775807, 0, 9223372036852755807
2, 102, 0, 9223372036854775807, 0, 9223372036852735807
2, 103, 0, 9223372036854775807, 0, 9223372036852715807
2, 104, 0, 9223372036854775807, 0, 9223372036852695807
2, 105, 0, 9223372036854775807, 0, 9223372036852675807
2, 106, 0, 9223372036854775807, 0, 9223372036852655807
2, 107, 0, 9223372036854775807, 0, 9223372036852635807
2, 108, 0, 9223372036854775807, 0, 9223372036852615807
2, 109, 0, 9223372036854775807, 0, 9223372036852595807
2, 11, 0, 9223372036854775807, 0, 9223372036854555807
2, 110, 0, 9223372036854775807, 0, 9223372036852575807
2, 111, 0, 9223372036854775807, 0, 9223372036852555807
2, 112, 0, 9223372036854775807, 0, 9223372036852535807
2, 113, 0, 9223372036854775807, 0, 9223372036852515807
2, 114, 0, 9223372036854775807, 0, 9223372036852495807
2, 115, 0, 9223372036854775807, 0, 9223372036852475807
2, 116, 0, 9223372036854775807, 0, 9223372036852455807
2, 117, 0, 9223372036854775807, 0, 9223372036852435807
2, 118, 0, 9223372036854775807, 0, 9223372036852415807
2, 119, 0, 9223372036854775807, 0, 9223372036852395807
2, 12, 0, 9223372036854775807, 0, 9223372036854535807
2, 120, 0, 9223372036854775807, 0, 9223372036852375807
2, 121, 0, 9223372036854775807, 0, 9223372036852355807
2, 122, 0, 9223372036854775807, 0, 9223372036852335807
2, 123, 0, 9223372036854775807, 0, 9223372036852315807
2, 124, 0, 9223372036854775807, 0, 9223372036852295807
2, 125, 0, 9223372036854775807, 0, 9223372036852275807
2, 126, 0, 9223372036854775807, 0, 9223372036852255807
2, 127, 0, 9223372036854775807, 0, 9223372036852235807
2, 128, 0, 9223372036854775807, 0, 9223372036852215807
2, 129, 0, 9223372036854775807, 0, 9223372036852195807
2, 13, 0, 9223372036854775807, 0, 9223372036854515807
2, 130, 0, 9223372036854775807, 0, 9223372036852175807
2, 131, 0, 9223372036854775807, 0, 9223372036852155807
2, 132, 0, 9223372036854775807, 0, 9223372036852135807
2, 133, 0, 9223372036854775807, 0, 9223372036852115807
2, 134, 0, 9223372036854775807, 0, 9223372036852095807
2, 135, 0, 9223372036854775807, 0, 9223372036852075807
2, 136, 0, 9223372036854775807, 0, 9223372036852055807
2, 137, 0, 9223372036854775807, 0, 9223372036852035807
2, 138, 0, 9223372036854775807, 0, 9223372036852015807
2, 139, 0, 9223372036854775807, 0, 9223372036851995807
2, 14, 0, 9223372036854775807, 0, 9223372036854495807
2, 140, 0, 9223372036854775807, 0, 9223372036851975807
2, 141, 0, 9223372036854775807, 0, 9223372036851955807
2, 142, 0, 9223372036854775807, 0, 9223372036851935807
2, 143, 0, 9223372036854775807, 0, 9223372036851915807
2, 144, 0, 9223372036854775807, 0, 9223372036851895807
2, 145, 0, 9223372036854775807, 0, 9223372036851875807
2, 146, 0, 9223372036854775807, 0, 9223372036851855807
2, 147, 0, 9223372036854775807, 0, 9223372036851835807
2, 148, 0, 9223372036854775807, 0, 9223372036851815807
2, 149, 0, 9223372036854775807, 0, 9223372036851795807
2, 15, 0, 9223372036854775807, 0, 9223372036854475807
2, 150, 0, 9223372036854775807, 0, 9223372036851775807
2, 151, 0, 9223372036854775807, 0, 9223372036851755807
2, 152, 0, 9223372036854775807, 0, 9223372036851735807
2, 153, 0, 9223372036854775807, 0, 9223372036851715807
2, 154, 0, 9223372036854775807, 0, 9223372036851695807
2, 155, 0, 9223372036854775807, 0, 9223372036851675807
2, 156, 0, 9223372036854775807, 0, 9223372036851655807
2, 157, 0, 9223372036854775807, 0, 9223372036851635807
2, 158, 0, 9223372036854775807, 0, 9223372036851615807
2, 159, 0, 9223372036854775807, 0, 9223372036851595807
2, 16, 0, 9223372036854775807, 0, 9223372036854455807
2, 160, 0, 9223372036854775807, 0, 9223372036851575807
2, 161, 0, 9223372036854775807, 0, 9223372036851555807
2, 162, 0, 9223372036854775807, 0, 9223372036851535807
2, 163, 0, 9223372036854775807, 0, 9223372036851515807
2, 164, 0, 9223372036854775807, 0, 9223372036851495807
2, 165, 0, 9223372036854775807, 0, 9223372036851475807
2, 166, 0, 9223372036854775807, 0, 9223372036851455807
2, 167, 0, 9223372036854775807, 0, 9223372036851435807
2, 168, 0, 9223372036854775807, 0, 9223372036851415807
2, 169, 0, 9223372036854775807, 0, 9223372036851395807
2, 17, 0, 9223372036854775807, 0, 9223372036854435807
2, 170, 0, 9223372036854775807, 0, 9223372036851375807
2, 171, 0, 9223372036854775807, 0, 9223372036851355807
2, 172, 0, 9223372036854775807, 0, 9223372036851335807
2, 173, 0, 9223372036854775807, 0, 9223372036851315807
2, 174, 0, 9223372036854775807, 0, 9223372036851295807
2, 175, 0, 9223372036854775807, 0, 9223372036851275807
2, 176, 0, 9223372036854775807, 0, 9223372036851255807
2, 177, 0, 9223372036854775807, 0, 9223372036851235807
2, 178, 0, 9223372036854775807, 0, 9223372036851215807
2, 179, 0, 9223372036854775807, 0, 9223372036851195807
2, 18, 0, 9223372036854775807, 0, 9223372036854415807
2, 180, 0, 9223372036854775807, 0, 9223372036851175807
2, 181, 0, 9223372036854775807, 0, 9223372036851155807
2, 182, 0, 9223372036854775807, 0, 9223372036851135807
2, 183, 0, 9223372036854775807, 0, 9223372036851115807
2, 184, 0, 9223372036854775807, 0, 9223372036851095807
2, 185, 0, 9223372036854775807, 0, 9223372036851075807
2, 186, 0, 9223372036854775807, 0, 9223372036851055807
2, 187, 0, 9223372036854775807, 0, 9223372036851035807
2, 188, 0, 9223372036854775807, 0, 9223372036851015807
2, 189, 0, 9223372036854775807, 0, 9223372036850995807
2, 19, 0, 9223372036854775807, 0, 9223372036854395807
2, 190, 0, 9223372036854775807, 0, 9223372036850975807
2, 191, 0, 9223372036854775807, 0, 9223372036850955807
2, 192, 0, 9223372036854775807, 0, 9223372036850935807
2, 193, 0, 9223372036854775807, 0, 9223372036850915807
2, 194, 0, 9223372036854775807, 0, 9223372036850895807
2, 195, 0, 9223372036854775807, 0, 9223372036850875807
2, 196, 0, 9223372036854775807, 0, 9223372036850855807
2, 197, 0, 9223372036854775807, 0, 9223372036850835807
2, 198, 0, 9223372036854775807, 0, 9223372036850815807
2, 199, 0, 9223372036854775807, 0, 9223372036850795807
2, 2, 0, 9223372036854775807, 0, 9223372036854735807
2, 20, 0, 9223372036854775807, 0, 9223372036854375807
2, 200, 0, 9223372036854775807, 0, 9223372036850775807
2, 201, 0, 9223372036854775807, 0, 9223372036850755807
2, 202, 0, 9223372036854775807, 0, 9223372036850735807
2, 203, 0, 9223372036854775807, 0, 9223372036850715807
2, 204, 0, 9223372036854775807, 0, 9223372036850695807
2, 205, 0, 9223372036854775807, 0, 9223372036850675807
2, 206, 0, 9223372036854775807, 0, 9223372036850655807
2, 207, 0, 9223372036854775807, 0, 9223372036850635807
2, 208, 0, 9223372036854775807, 0, 9223372036850615807
2, 209, 0, 9223372036854775807, 0, 9223372036850595807
2, 21, 0, 9223372036854775807, 0, 9223372036854355807
2, 210, 0, 9223372036854775807, 0, 9223372036850575807
2, 211, 0, 9223372036854775807, 0, 9223372036850555807
2, 212, 0, 9223372036854775807, 0, 9223372036850535807
2, 213, 0, 9223372036854775807, 0, 9223372036850515807
2, 214, 0, 9223372036854775807, 0, 9223372036850495807
2, 215, 0, 9223372036854775807, 0, 9223372036850475807
2, 216, 0, 9223372036854775807, 0, 9223372036850455807
2, 217, 0, 9223372036854775807, 0, 9223372036850435807
2, 218, 0, 9223372036854775807, 0, 9223372036850415807
2, 219, 0, 9223372036854775807, 0, 9223372036850395807
2, 22, 0, 9223372036854775807, 0, 9223372036854335807
2, 220, 0, 9223372036854775807, 0, 9223372036850375807
2, 221, 0, 9223372036854775807, 0, 9223372036850355807
2, 222, 0, 9223372036854775807, 0, 9223372036850335807
2, 223, 0, 9223372036854775807, 0, 9223372036850315807
2, 224, 0, 9223372036854775807, 0, 9223372036850295807
2, 225, 0, 9223372036854775807, 0, 9223372036850275807
2, 226, 0, 9223372036854775807, 0, 9223372036850255807
2, 227, 0, 9223372036854775807, 0, 9223372036850235807
2, 228, 0, 9223372036854775807, 0, 9223372036850215807
2, 229, 0, 9223372036854775807, 0, 9223372036850195807
2, 23, 0, 9223372036854775807, 0, 9223372036854315807
2, 230, 0, 9223372036854775807, 0, 9223372036850175807
2, 231, 0, 9223372036854775807, 0, 9223372036850155807
2, 232, 0, 9223372036854775807, 0, 9223372036850135807
2, 233, 0, 9223372036854775807, 0, 9223372036850115807
2, 234, 0, 9223372036854775807, 0, 9223372036850095807
2, 235, 0, 9223372036854775807, 0, 9223372036850075807
2, 236, 0, 9223372036854775807, 0, 9223372036850055807
2, 237, 0, 9223372036854775807, 0, 9223372036850035807
2, 238, 0, 9223372036854775807, 0, 9223372036850015807
2, 239, 0, 9223372036854775807, 0, 9223372036849995807
2, 24, 0, 9223372036854775807, 0, 9223372036854295807
2, 240, 0, 9223372036854775807, 0, 9223372036849975807
2, 241, 0, 9223372036854775807, 0, 9223372036849955807
2, 242, 0, 9223372036854775807, 0, 9223372036849935807
2, 243, 0, 9223372036854775807, 0, 9223372036849915807
2, 244, 0, 9223372036854775807, 0, 9223372036849895807
2, 245, 0, 9223372036854775807, 0, 9223372036849875807
2, 246, 0, 9223372036854775807, 0, 9223372036849855807
2, 247, 0, 9223372036854775807, 0, 9223372036849835807
2, 248, 0, 9223372036854775807, 0, 9223372036849815807
2, 249, 0, 9223372036854775807, 0, 9223372036849795807
2, 25, 0, 9223372036854775807, 0, 9223372036854275807
2, 250, 0, 9223372036854775807, 0, 9223372036849775807
2, 251, 0, 9223372036854775807, 0, 9223372036849755807
2, 252, 0, 9223372036854775807, 0, 9223372036849735807
2, 253, 0, 9223372036854775807, 0, 9223372036849715807
2, 254, 0, 9223372036854775807, 0, 9223372036849695807
2, 255, 0, 9223372036854775807, 0, 9223372036849675807
2, 256, 0, 9223372036854775807, 0, 9223372036849655807
2, 257, 0, 9223372036854775807, 0, 9223372036849635807
2, 258, 0, 9223372036854775807, 0, 9223372036849615807
2, 259, 0, 9223372036854775807, 0, 9223372036849595807
2, 26, 0, 9223372036854775807, 0, 9223372036854255807
2, 260, 0, 9223372036854775807, 0, 9223372036849575807
2, 261, 0, 9223372036854775807, 0, 9223372036849555807
2, 262, 0, 9223372036854775807, 0, 9223372036849535807
2, 263, 0, 9223372036854775807, 0, 9223372036849515807
2, 264, 0, 9223372036854775807, 0, 9223372036849495807
2, 265, 0, 9223372036854775807, 0, 9223372036849475807
2, 266, 0, 9223372036854775807, 0, 9223372036849455807
2, 267, 0, 9223372036854775807, 0, 9223372036849435807
2, 268, 0, 9223372036854775807, 0, 9223372036849415807
2, 269, 0, 9223372036854775807, 0, 9223372036849395807
2, 27, 0, 9223372036854775807, 0, 9223372036854235807
2, 270, 0, 9223372036854775807, 0, 9223372036849375807
2, 271, 0, 9223372036854775807, 0, 9223372036849355807
2, 272, 0, 9223372036854775807, 0, 9223372036849335807
2, 273, 0, 9223372036854775807, 0, 9223372036849315807
2, 274, 0, 9223372036854775807, 0, 9223372036849295807
2, 275, 0, 9223372036854775807, 0, 9223372036849275807
2, 276, 0, 9223372036854775807, 0, 9223372036849255807
2, 277, 0, 9223372036854775807, 0, 9223372036849235807
2, 278, 0, 9223372036854775807, 0, 9223372036849215807
2, 279, 0, 9223372036854775807, 0, 9223372036849195807
2, 28, 0, 9223372036854775807, 0, 9223372036854215807
2, 280, 0, 9223372036854775807, 0, 9223372036849175807
2, 281, 0, 9223372036854775807, 0, 9223372036849155807
2, 282, 0, 9223372036854775807, 0, 9223372036849135807
2, 283, 0, 9223372036854775807, 0, 9223372036849115807
2, 284, 0, 9223372036854775807, 0, 9223372036849095807
2, 285, 0, 9223372036854775807, 0, 9223372036849075807
2, 286, 0, 9223372036854775807, 0, 9223372036849055807
2, 287, 0, 9223372036854775807, 0, 9223372036849035807
2, 288, 0, 9223372036854775807, 0, 9223372036849015807
2, 289, 0, 9223372036854775807, 0, 9223372036848995807
2, 29, 0, 9223372036854775807, 0, 9223372036854195807
2, 290, 0, 9223372036854775807, 0, 9223372036848975807
2, 291, 0, 9223372036854775807, 0, 9223372036848955807
2, 292, 0, 9223372036854775807, 0, 9223372036848935807
2, 293, 0, 9223372036854775807, 0, 9223372036848915807
2, 294, 0, 9223372036854775807, 0, 9223372036848895807
2, 295, 0, 9223372036854775807, 0, 9223372036848875807
2, 296, 0, 9223372036854775807, 0, 9223372036848855807
2, 297, 0, 9223372036854775807, 0, 9223372036848835807
2, 298, 0, 9223372036854775807, 0, 9223372036848815807
2, 299, 0, 9223372036854775807, 0, 9223372036848795807
2, 3, 0, 9223372036854775807, 0, 9223372036854715807
2, 30, 0, 9223372036854775807, 0, 9223372036854175807
2, 31, 0, 9223372036854775807, 0, 9223372036854155807
2, 32, 0, 9223372036854775807, 0, 9223372036854135807
2, 33, 0, 9223372036854775807, 0, 9223372036854115807
2, 34, 0, 9223372036854775807, 0, 9223372036854095807
2, 35, 0, 9223372036854775807, 0, 9223372036854075807
2, 36, 0, 9223372036854775807, 0, 9223372036854055807
2, 37, 0, 9223372036854775807, 0, 9223372036854035807
2, 38, 0, 9223372036854775807, 0, 9223372036854015807
2, 39, 0, 9223372036854775807, 0, 9223372036853995807
2, 4, 0, 9223372036854775807, 0, 9223372036854695807
2, 40, 0, 9223372036854775807, 0, 9223372036853975807
2, 41, 0, 9223372036854775807, 0, 9223372036853955807
2, 42, 0, 9223372036854775807, 0, 9223372036853935807
2, 43, 0, 9223372036854775807, 0, 9223372036853915807
2, 44, 0, 9223372036854775807, 0, 9223372036853895807
2, 45, 0, 9223372036854775807, 0, 9223372036853875807
2, 46, 0, 9223372036854775807, 0, 9223372036853855807
2, 47, 0, 9223372036854775807, 0, 9223372036853835807
2, 48, 0, 9223372036854775807, 0, 9223372036853815807
2, 49, 0, 9223372036854775807, 0, 9223372036853795807
2, 5, 0, 9223372036854775807, 0, 9223372036854675807
2, 50, 0, 9223372036854775807, 0, 9223372036853775807
2, 51, 0, 9223372036854775807, 0, 9223372036853755807
2, 52, 0, 9223372036854775807, 0, 9223372036853735807
2, 53, 0, 9223372036854775807, 0, 9223372036853715807
2, 54, 0, 9223372036854775807, 0, 9223372036853695807
2, 55, 0, 9223372036854775807, 0, 9223372036853675807
2, 56, 0, 9223372036854775807, 0, 9223372036853655807
2, 57, 0, 9223372036854775807, 0, 9223372036853635807
2, 58, 0, 9223372036854775807, 0, 9223372036853615807
2, 59, 0, 9223372036854775807, 0, 9223372036853595807
2, 6, 0, 9223372036854775807, 0, 9223372036854655807
2, 60, 0, 9223372036854775807, 0, 9223372036853575807
2, 61, 0, 9223372036854775807, 0, 9223372036853555807
2, 62, 0, 9223372036854775807, 0, 9223372036853535807
2, 63, 0, 9223372036854775807, 0, 9223372036853515807
2, 64, 0, 9223372036854775807, 0, 9223372036853495807
2, 65, 0, 9223372036854775807, 0, 9223372036853475807
2, 66, 0, 9223372036854775807, 0, 9223372036853455807
2, 67, 0, 9223372036854775807, 0, 9223372036853435807
2, 68, 0, 9223372036854775807, 0, 9223372036853415807
2, 69, 0, 9223372036854775807, 0, 9223372036853395807
2, 7, 0, 9223372036854775807, 0, 9223372036854635807
2, 70, 0, 9223372036854775807, 0, 9223372036853375807
2, 71, 0, 9223372036854775807, 0, 9223372036853355807
2, 72, 0, 9223372036854775807, 0, 9223372036853335807
2, 73, 0, 9223372036854775807, 0, 9223372036853315807
2, 74, 0, 9223372036854775807, 0, 9223372036853295807
2, 75, 0, 9223372036854775807, 0, 9223372036853275807
2, 76, 0, 9223372036854775807, 0, 9223372036853255807
2, 77, 0, 9223372036854775807, 0, 9223372036853235807
2, 78, 0, 9223372036854775807, 0, 9223372036853215807
2, 79, 0, 9223372036854775807, 0, 9223372036853195807
2, 8, 0, 9223372036854775807, 0, 9223372036854615807
2, 80, 0, 9223372036854775807, 0, 9223372036853175807
2, 81, 0, 9223372036854775807, 0, 9223372036853155807
2, 82, 0, 9223372036854775807, 0, 9223372036853135807
2, 83, 0, 9223372036854775807, 0, 9223372036853115807
2, 84, 0, 9223372036854775807, 0, 9223372036853095807
2, 85, 0, 9223372036854775807, 0, 9223372036853075807
2, 86, 0, 9223372036854775807, 0, 9223372036853055807
2, 87, 0, 9223372036854775807, 0, 9223372036853035807
2, 88, 0, 9223372036854775807, 0, 9223372036853015807
2, 89, 0, 9223372036854775807, 0, 9223372036852995807
2, 9, 0, 9223372036854775807, 0, 9223372036854595807
2, 90, 0, 9223372036854775807, 0, 9223372036852975807
2, 91, 0, 9223372036854775807, 0, 9223372036852955807
2, 92, 0, 9223372036854775807, 0, 9223372036852935807
2, 93, 0, 9223372036854775807, 0, 9223372036852915807
2, 94, 0, 9223372036854775807, 0, 9223372036852895807
2, 95, 0, 9223372036854775807, 0, 9223372036852875807
2, 96, 0, 9223372036854775807, 0, 9223372036852855807
2, 97, 0, 9223372036854775807, 0, 9223372036852835807
2, 98, 0, 9223372036854775807, 0, 9223372036852815807
2, 99, 0, 9223372036854775807, 0, 9223372036852795807
3, 0, 963, 2653, 963, 2653
3, 1, 0, 9223372036854775807, 0, 9223372036854745807
3, 10, 0, 9223372036854775807, 0, 9223372036854475807
3, 100, 0, 9223372036854775807, 0, 9223372036851775807
3, 101, 0, 9223372036854775807, 0, 9223372036851745807
3, 102, 0, 9223372036854775807, 0, 9223372036851715807
3, 103, 0, 9223372036854775807, 0, 9223372036851685807
3, 104, 0, 9223372036854775807, 0, 9223372036851655807
3, 105, 0, 9223372036854775807, 0, 9223372036851625807
3, 106, 0, 9223372036854775807, 0, 9223372036851595807
3, 107, 0, 9223372036854775807, 0, 9223372036851565807
3, 108, 0, 9223372036854775807, 0, 9223372036851535807
3, 109, 0, 9223372036854775807, 0, 9223372036851505807
3, 11, 0, 9223372036854775807, 0, 9223372036854445807
3, 110, 0, 9223372036854775807, 0, 9223372036851475807
3, 111, 0, 9223372036854775807, 0, 9223372036851445807
3, 112, 0, 9223372036854775807, 0, 9223372036851415807
3, 113, 0, 9223372036854775807, 0, 9223372036851385807
3, 114, 0, 9223372036854775807, 0, 9223372036851355807
3, 115, 0, 9223372036854775807, 0, 9223372036851325807
3, 116, 0, 9223372036854775807, 0, 9223372036851295807
3, 117, 0, 9223372036854775807, 0, 9223372036851265807
3, 118, 0, 9223372036854775807, 0, 9223372036851235807
3, 119, 0, 9223372036854775807, 0, 9223372036851205807
3, 12, 0, 9223372036854775807, 0, 9223372036854415807
3, 120, 0, 9223372036854775807, 0, 9223372036851175807
3, 121, 0, 9223372036854775807, 0, 9223372036851145807
3, 122, 0, 9223372036854775807, 0, 9223372036851115807
3, 123, 0, 9223372036854775807, 0, 9223372036851085807
3, 124, 0, 9223372036854775807, 0, 9223372036851055807
3, 125, 0, 9223372036854775807, 0, 9223372036851025807
3, 126, 0, 9223372036854775807, 0, 9223372036850995807
3, 127, 0, 9223372036854775807, 0, 9223372036850965807
3, 128, 0, 9223372036854775807, 0, 9223372036850935807
3, 129, 0, 9223372036854775807, 0, 9223372036850905807
3, 13, 0, 9223372036854775807, 0, 9223372036854385807
3, 130, 0, 9223372036854775807, 0, 9223372036850875807
3, 131, 0, 9223372036854775807, 0, 9223372036850845807
3, 132, 0, 9223372036854775807, 0, 9223372036850815807
3, 133, 0, 9223372036854775807, 0, 9223372036850785807
3, 134, 0, 9223372036854775807, 0, 9223372036850755807
3, 135, 0, 9223372036854775807, 0, 9223372036850725807
3, 136, 0, 9223372036854775807, 0, 9223372036850695807
3, 137, 0, 9223372036854775807, 0, 9223372036850665807
3, 138, 0, 9223372036854775807, 0, 9223372036850635807
3, 139, 0, 9223372036854775807, 0, 9223372036850605807
3, 14, 0, 9223372036854775807, 0, 9223372036854355807
3, 140, 0, 9223372036854775807, 0, 9223372036850575807
3, 141, 0, 9223372036854775807, 0, 9223372036850545807
3, 142, 0, 9223372036854775807, 0, 9223372036850515807
3, 143, 0, 9223372036854775807, 0, 9223372036850485807
3, 144, 0, 9223372036854775807, 0, 9223372036850455807
3, 145, 0, 9223372036854775807, 0, 9223372036850425807
3, 146, 0, 9223372036854775807, 0, 9223372036850395807
3, 147, 0, 9223372036854775807, 0, 9223372036850365807
3, 148, 0, 9223372036854775807, 0, 9223372036850335807
3, 149, 0, 9223372036854775807, 0, 9223372036850305807
3, 15, 0, 9223372036854775807, 0, 9223372036854325807
3, 150, 0, 9223372036854775807, 0, 9223372036850275807
3, 151, 0, 9223372036854775807, 0, 9223372036850245807
3, 152, 0, 9223372036854775807, 0, 9223372036850215807
3, 153, 0, 9223372036854775807, 0, 9223372036850185807
3, 154, 0, 9223372036854775807, 0, 9223372036850155807
3, 155, 0, 9223372036854775807, 0, 9223372036850125807
3, 156, 0, 9223372036854775807, 0, 9223372036850095807
3, 157, 0, 9223372036854775807, 0, 9223372036850065807
3, 158, 0, 9223372036854775807, 0, 9223372036850035807
3, 159, 0, 9223372036854775807, 0, 9223372036850005807
3, 16, 0, 9223372036854775807, 0, 9223372036854295807
3, 160, 0, 9223372036854775807, 0, 9223372036849975807
3, 161, 0, 9223372036854775807, 0, 9223372036849945807
3, 162, 0, 9223372036854775807, 0, 9223372036849915807
3, 163, 0, 9223372036854775807, 0, 9223372036849885807
3, 164, 0, 9223372036854775807, 0, 9223372036849855807
3, 165, 0, 9223372036854775807, 0, 9223372036849825807
3, 166, 0, 9223372036854775807, 0, 9223372036849795807
3, 167, 0, 9223372036854775807, 0, 9223372036849765807
3, 168, 0, 9223372036854775807, 0, 9223372036849735807
3, 169, 0, 9223372036854775807, 0, 9223372036849705807
3, 17, 0, 9223372036854775807, 0, 9223372036854265807
3, 170, 0, 9223372036854775807, 0, 9223372036849675807
3, 171, 0, 9223372036854775807, 0, 9223372036849645807
3, 172, 0, 9223372036854775807, 0, 9223372036849615807
3, 173, 0, 9223372036854775807, 0, 9223372036849585807
3, 174, 0, 9223372036854775807, 0, 9223372036849555807
3, 175, 0, 9223372036854775807, 0, 9223372036849525807
3, 176, 0, 9223372036854775807, 0, 9223372036849495807
3, 177, 0, 9223372036854775807, 0, 9223372036849465807
3, 178, 0, 9223372036854775807, 0, 9223372036849435807
3, 179, 0, 9223372036854775807, 0, 9223372036849405807
3, 18, 0, 9223372036854775807, 0, 9223372036854235807
3, 180, 0, 9223372036854775807, 0, 9223372036849375807
3, 181, 0, 9223372036854775807, 0, 9223372036849345807
3, 182, 0, 9223372036854775807, 0, 9223372036849315807
3, 183, 0, 9223372036854775807, 0, 9223372036849285807
3, 184, 0, 9223372036854775807, 0, 9223372036849255807
3, 185, 0, 9223372036854775807, 0, 9223372036849225807
3, 186, 0, 9223372036854775807, 0, 9223372036849195807
3, 187, 0, 9223372036854775807, 0, 9223372036849165807
3, 188, 0, 9223372036854775807, 0, 9223372036849135807
3, 189, 0, 9223372036854775807, 0, 9223372036849105807
3, 19, 0, 9223372036854775807, 0, 9223372036854205807
3, 190, 0, 9223372036854775807, 0, 9223372036849075807
3, 191, 0, 9223372036854775807, 0, 9223372036849045807
3, 192, 0, 9223372036854775807, 0, 9223372036849015807
3, 193, 0, 9223372036854775807, 0, 9223372036848985807
3, 194, 0, 9223372036854775807, 0, 9223372036848955807
3, 195, 0, 9223372036854775807, 0, 9223372036848925807
3, 196, 0, 9223372036854775807, 0, 9223372036848895807
3, 197, 0, 9223372036854775807, 0, 9223372036848865807
3, 198, 0, 9223372036854775807, 0, 9223372036848835807
3, 199, 0, 9223372036854775807, 0, 9223372036848805807
3, 2, 0, 9223372036854775807, 0, 9223372036854715807
3, 20, 0, 9223372036854775807, 0, 9223372036854175807
3, 21, 0, 9223372036854775807, 0, 9223372036854145807
3, 22, 0, 9223372036854775807, 0, 9223372036854115807
3, 23, 0, 9223372036854775807, 0, 9223372036854085807
3, 24, 0, 9223372036854775807, 0, 9223372036854055807
3, 25, 0, 9223372036854775807, 0, 9223372036854025807
3, 26, 0, 9223372036854775807, 0, 9223372036853995807
3, 27, 0, 9223372036854775807, 0, 9223372036853965807
3, 28, 0, 9223372036854775807, 0, 9223372036853935807
3, 29, 0, 9223372036854775807, 0, 9223372036853905807
3, 3, 0, 9223372036854775807, 0, 9223372036854685807
3, 30, 0, 9223372036854775807, 0, 9223372036853875807
3, 31, 0, 9223372036854775807, 0, 9223372036853845807
3, 32, 0, 9223372036854775807, 0, 9223372036853815807
3, 33, 0, 9223372036854775807, 0, 9223372036853785807
3, 34, 0, 9223372036854775807, 0, 9223372036853755807
3, 35, 0, 9223372036854775807, 0, 9223372036853725807
3, 36, 0, 9223372036854775807, 0, 9223372036853695807
3, 37, 0, 9223372036854775807, 0, 9223372036853665807
3, 38, 0, 9223372036854775807, 0, 9223372036853635807
3, 39, 0, 9223372036854775807, 0, 9223372036853605807
3, 4, 0, 9223372036854775807, 0, 9223372036854655807
3, 40, 0, 9223372036854775807, 0, 9223372036853575807
3, 41, 0, 9223372036854775807, 0, 9223372036853545807
3, 42, 0, 9223372036854775807, 0, 9223372036853515807
3, 43, 0, 9223372036854775807, 0, 9223372036853485807
3, 44, 0, 9223372036854775807, 0, 9223372036853455807
3, 45, 0, 9223372036854775807, 0, 9223372036853425807
3, 46, 0, 9223372036854775807, 0, 9223372036853395807
3, 47, 0, 9223372036854775807, 0, 9223372036853365807
3, 48, 0, 9223372036854775807, 0, 9223372036853335807
3, 49, 0, 9223372036854775807, 0, 9223372036853305807
3, 5, 0, 9223372036854775807, 0, 9223372036854625807
3, 50, 0, 9223372036854775807, 0, 9223372036853275807
3, 51, 0, 9223372036854775807, 0, 9223372036853245807
3, 52, 0, 9223372036854775807, 0, 9223372036853215807
3, 53, 0, 9223372036854775807, 0, 9223372036853185807
3, 54, 0, 9223372036854775807, 0, 9223372036853155807
3, 55, 0, 9223372036854775807, 0, 9223372036853125807
3, 56, 0, 9223372036854775807, 0, 9223372036853095807
3, 57, 0, 9223372036854775807, 0, 9223372036853065807
3, 58, 0, 9223372036854775807, 0, 9223372036853035807
3, 59, 0, 9223372036854775807, 0, 9223372036853005807
3, 6, 0, 9223372036854775807, 0, 9223372036854595807
3, 60, 0, 9223372036854775807, 0, 9223372036852975807
3, 61, 0, 9223372036854775807, 0, 9223372036852945807
3, 62, 0, 9223372036854775807, 0, 9223372036852915807
3, 63, 0, 9223372036854775807, 0, 9223372036852885807
3, 64, 0, 9223372036854775807, 0, 9223372036852855807
3, 65, 0, 9223372036854775807, 0, 9223372036852825807
3, 66, 0, 9223372036854775807, 0, 9223372036852795807
3, 67, 0, 9223372036854775807, 0, 9223372036852765807
3, 68, 0, 9223372036854775807, 0, 9223372036852735807
3, 69, 0, 9223372036854775807, 0, 9223372036852705807
3, 7, 0, 9223372036854775807, 0, 9223372036854565807
3, 70, 0, 9223372036854775807, 0, 9223372036852675807
3, 71, 0, 9223372036854775807, 0, 9223372036852645807
3, 72, 0, 9223372036854775807, 0, 9223372036852615807
3, 73, 0, 9223372036854775807, 0, 9223372036852585807
3, 74, 0, 9223372036854775807, 0, 9223372036852555807
3, 75, 0, 9223372036854775807, 0, 9223372036852525807
3, 76, 0, 9223372036854775807, 0, 9223372036852495807
3, 77, 0, 9223372036854775807, 0, 9223372036852465807
3, 78, 0, 9223372036854775807, 0, 9223372036852435807
3, 79, 0, 9223372036854775807, 0, 9223372036852405807
3, 8, 0, 9223372036854775807, 0, 9223372036854535807
3, 80, 0, 9223372036854775807, 0, 9223372036852375807
3, 81, 0, 9223372036854775807, 0, 9223372036852345807
3, 82, 0, 9223372036854775807, 0, 9223372036852315807
3, 83, 0, 9223372036854775807, 0, 9223372036852285807
3, 84, 0, 9223372036854775807, 0, 9223372036852255807
3, 85, 0, 9223372036854775807, 0, 9223372036852225807
3, 86, 0, 9223372036854775807, 0, 9223372036852195807
3, 87, 0, 9223372036854775807, 0, 9223372036852165807
3, 88, 0, 9223372036854775807, 0, 9223372036852135807
3, 89, 0, 9223372036854775807, 0, 9223372036852105807
3, 9, 0, 9223372036854775807, 0, 9223372036854505807
3, 90, 0, 9223372036854775807, 0, 9223372036852075807
3, 91, 0, 9223372036854775807, 0, 9223372036852045807
3, 92, 0, 9223372036854775807, 0, 9223372036852015807
3, 93, 0, 9223372036854775807, 0, 9223372036851985807
3, 94, 0, 9223372036854775807, 0, 9223372036851955807
3, 95, 0, 9223372036854775807, 0, 9223372036851925807
3, 96, 0, 9223372036854775807, 0, 9223372036851895807
3, 97, 0, 9223372036854775807, 0, 9223372036851865807
3, 98, 0, 9223372036854775807, 0, 9223372036851835807
3, 99, 0, 9223372036854775807, 0, 9223372036851805807
4, 0, 647, 2127, 647, 2127
4, 1, 0, 9223372036854775807, 0, 9223372036854745807
4, 10, 0, 9223372036854775807, 0, 9223372036854475807
4, 100, 0, 9223372036854775807, 0, 9223372036851775807
4, 101, 0, 9223372036854775807, 0, 9223372036851745807
4, 102, 0, 9223372036854775807, 0, 9223372036851715807
4, 103, 0, 9223372036854775807, 0, 9223372036851685807
4, 104, 0, 9223372036854775807, 0, 9223372036851655807
4, 105, 0, 9223372036854775807, 0, 9223372036851625807
4, 106, 0, 9223372036854775807, 0, 9223372036851595807
4, 107, 0, 9223372036854775807, 0, 9223372036851565807
4, 108, 0, 9223372036854775807, 0, 9223372036851535807
4, 109, 0, 9223372036854775807, 0, 9223372036851505807
4, 11, 0, 9223372036854775807, 0, 9223372036854445807
4, 110, 0, 9223372036854775807, 0, 9223372036851475807
4, 111, 0, 9223372036854775807, 0, 9223372036851445807
4, 112, 0, 9223372036854775807, 0, 9223372036851415807
4, 113, 0, 9223372036854775807, 0, 9223372036851385807
4, 114, 0, 9223372036854775807, 0, 9223372036851355807
4, 115, 0, 9223372036854775807, 0, 9223372036851325807
4, 116, 0, 9223372036854775807, 0, 9223372036851295807
4, 117, 0, 9223372036854775807, 0, 9223372036851265807
4, 118, 0, 9223372036854775807, 0, 9223372036851235807
4, 119, 0, 9223372036854775807, 0, 9223372036851205807
4, 12, 0, 9223372036854775807, 0, 9223372036854415807
4, 120, 0, 9223372036854775807, 0, 9223372036851175807
4, 121, 0, 9223372036854775807, 0, 9223372036851145807
4, 122, 0, 9223372036854775807, 0, 9223372036851115807
4, 123, 0, 9223372036854775807, 0, 9223372036851085807
4, 124, 0, 9223372036854775807, 0, 9223372036851055807
4, 125, 0, 9223372036854775807, 0, 9223372036851025807
4, 126, 0, 9223372036854775807, 0, 9223372036850995807
4, 127, 0, 9223372036854775807, 0, 9223372036850965807
4, 128, 0, 9223372036854775807, 0, 9223372036850935807
4, 129, 0, 9223372036854775807, 0, 9223372036850905807
4, 13, 0, 9223372036854775807, 0, 9223372036854385807
4, 130, 0, 9223372036854775807, 0, 9223372036850875807
4, 131, 0, 9223372036854775807, 0, 9223372036850845807
4, 132, 0, 9223372036854775807, 0, 9223372036850815807
4, 133, 0, 9223372036854775807, 0, 9223372036850785807
4, 134, 0, 9223372036854775807, 0, 9223372036850755807
4, 135, 0, 9223372036854775807, 0, 9223372036850725807
4, 136, 0, 9223372036854775807, 0, 9223372036850695807
4, 137, 0, 9223372036854775807, 0, 9223372036850665807
4, 138, 0, 9223372036854775807, 0, 9223372036850635807
4, 139, 0, 9223372036854775807, 0, 9223372036850605807
4, 14, 0, 9223372036854775807, 0, 9223372036854355807
4, 140, 0, 9223372036854775807, 0, 9223372036850575807
4, 141, 0, 9223372036854775807, 0, 9223372036850545807
4, 142, 0, 9223372036854775807, 0, 9223372036850515807
4, 143, 0, 9223372036854775807, 0, 9223372036850485807
4, 144, 0, 9223372036854775807, 0, 9223372036850455807
4, 145, 0, 9223372036854775807, 0, 9223372036850425807
4, 146, 0, 9223372036854775807, 0, 9223372036850395807
4, 147, 0, 9223372036854775807, 0, 9223372036850365807
4, 148, 0, 9223372036854775807, 0, 9223372036850335807
4, 149, 0, 9223372036854775807, 0, 9223372036850305807
4, 15, 0, 9223372036854775807, 0, 9223372036854325807
4, 150, 0, 9223372036854775807, 0, 9223372036850275807
4, 151, 0, 9223372036854775807, 0, 9223372036850245807
4, 152, 0, 9223372036854775807, 0, 9223372036850215807
4, 153, 0, 9223372036854775807, 0, 9223372036850185807
4, 154, 0, 9223372036854775807, 0, 9223372036850155807
4, 155, 0, 9223372036854775807, 0, 9223372036850125807
4, 156, 0, 9223372036854775807, 0, 9223372036850095807
4, 157, 0, 9223372036854775807, 0, 9223372036850065807
4, 158, 0, 9223372036854775807, 0, 9223372036850035807
4, 159, 0, 9223372036854775807, 0, 9223372036850005807
4, 16, 0, 9223372036854775807, 0, 9223372036854295807
4, 160, 0, 9223372036854775807, 0, 9223372036849975807
4, 161, 0, 9223372036854775807, 0, 9223372036849945807
4, 162, 0, 9223372036854775807, 0, 9223372036849915807
4, 163, 0, 9223372036854775807, 0, 9223372036849885807
4, 164, 0, 9223372036854775807, 0, 9223372036849855807
4, 165, 0, 9223372036854775807, 0, 9223372036849825807
4, 166, 0, 9223372036854775807, 0, 9223372036849795807
4, 167, 0, 9223372036854775807, 0, 9223372036849765807
4, 168, 0, 9223372036854775807, 0, 9223372036849735807
4, 169, 0, 9223372036854775807, 0, 9223372036849705807
4, 17, 0, 9223372036854775807, 0, 9223372036854265807
4, 170, 0, 9223372036854775807, 0, 9223372036849675807
4, 171, 0, 9223372036854775807, 0, 9223372036849645807
4, 172, 0, 9223372036854775807, 0, 9223372036849615807
4, 173, 0, 9223372036854775807, 0, 9223372036849585807
4, 174, 0, 9223372036854775807, 0, 9223372036849555807
4, 175, 0, 9223372036854775807, 0, 9223372036849525807
4, 176, 0, 9223372036854775807, 0, 9223372036849495807
4, 177, 0, 9223372036854775807, 0, 9223372036849465807
4, 178, 0, 9223372036854775807, 0, 9223372036849435807
4, 179, 0, 9223372036854775807, 0, 9223372036849405807
4, 18, 0, 9223372036854775807, 0, 9223372036854235807
4, 180, 0, 9223372036854775807, 0, 9223372036849375807
4, 181, 0, 9223372036854775807, 0, 9223372036849345807
4, 182, 0, 9223372036854775807, 0, 9223372036849315807
4, 183, 0, 9223372036854775807, 0, 9223372036849285807
4, 184, 0, 9223372036854775807, 0, 9223372036849255807
4, 185, 0, 9223372036854775807, 0, 9223372036849225807
4, 186, 0, 9223372036854775807, 0, 9223372036849195807
4, 187, 0, 9223372036854775807, 0, 9223372036849165807
4, 188, 0, 9223372036854775807, 0, 9223372036849135807
4, 189, 0, 9223372036854775807, 0, 9223372036849105807
4, 19, 0, 9223372036854775807, 0, 9223372036854205807
4, 190, 0, 9223372036854775807, 0, 9223372036849075807
4, 191, 0, 9223372036854775807, 0, 9223372036849045807
4, 192, 0, 9223372036854775807, 0, 9223372036849015807
4, 193, 0, 9223372036854775807, 0, 9223372036848985807
4, 194, 0, 9223372036854775807, 0, 9223372036848955807
4, 195, 0, 9223372036854775807, 0, 9223372036848925807
4, 196, 0, 9223372036854775807, 0, 9223372036848895807
4, 197, 0, 9223372036854775807, 0, 9223372036848865807
4, 198, 0, 9223372036854775807, 0, 9223372036848835807
4, 199, 0, 9223372036854775807, 0, 9223372036848805807
4, 2, 0, 9223372036854775807, 0, 9223372036854715807
4, 20, 0, 9223372036854775807, 0, 9223372036854175807
4, 21, 0, 9223372036854775807, 0, 9223372036854145807
4, 22, 0, 9223372036854775807, 0, 9223372036854115807
4, 23, 0, 9223372036854775807, 0, 9223372036854085807
4, 24, 0, 9223372036854775807, 0, 9223372036854055807
4, 25, 0, 9223372036854775807, 0, 9223372036854025807
4, 26, 0, 9223372036854775807, 0, 9223372036853995807
4, 27, 0, 9223372036854775807, 0, 9223372036853965807
4, 28, 0, 9223372036854775807, 0, 9223372036853935807
4, 29, 0, 9223372036854775807, 0, 9223372036853905807
4, 3, 0, 9223372036854775807, 0, 9223372036854685807
4, 30, 0, 9223372036854775807, 0, 9223372036853875807
4, 31, 0, 9223372036854775807, 0, 9223372036853845807
4, 32, 0, 9223372036854775807, 0, 9223372036853815807
4, 33, 0, 9223372036854775807, 0, 9223372036853785807
4, 34, 0, 9223372036854775807, 0, 9223372036853755807
4, 35, 0, 9223372036854775807, 0, 9223372036853725807
4, 36, 0, 9223372036854775807, 0, 9223372036853695807
4, 37, 0, 9223372036854775807, 0, 9223372036853665807
4, 38, 0, 9223372036854775807, 0, 9223372036853635807
4, 39, 0, 9223372036854775807, 0, 9223372036853605807
4, 4, 0, 9223372036854775807, 0, 9223372036854655807
4, 40, 0, 9223372036854775807, 0, 9223372036853575807
4, 41, 0, 9223372036854775807, 0, 9223372036853545807
4, 42, 0, 9223372036854775807, 0, 9223372036853515807
4, 43, 0, 9223372036854775807, 0, 9223372036853485807
4, 44, 0, 9223372036854775807, 0, 9223372036853455807
4, 45, 0, 9223372036854775807, 0, 9223372036853425807
4, 46, 0, 9223372036854775807, 0, 9223372036853395807
4, 47, 0, 9223372036854775807, 0, 9223372036853365807
4, 48, 0, 9223372036854775807, 0, 9223372036853335807
4, 49, 0, 9223372036854775807, 0, 9223372036853305807
4, 5, 0, 9223372036854775807, 0, 9223372036854625807
4, 50, 0, 9223372036854775807, 0, 9223372036853275807
4, 51, 0, 9223372036854775807, 0, 9223372036853245807
4, 52, 0, 9223372036854775807, 0, 9223372036853215807
4, 53, 0, 9223372036854775807, 0, 9223372036853185807
4, 54, 0, 9223372036854775807, 0, 9223372036853155807
4, 55, 0, 9223372036854775807, 0, 9223372036853125807
4, 56, 0, 9223372036854775807, 0, 9223372036853095807
4, 57, 0, 9223372036854775807, 0, 9223372036853065807
4, 58, 0, 9223372036854775807, 0, 9223372036853035807
4, 59, 0, 9223372036854775807, 0, 9223372036853005807
4, 6, 0, 9223372036854775807, 0, 9223372036854595807
4, 60, 0, 9223372036854775807, 0, 9223372036852975807
4, 61, 0, 9223372036854775807, 0, 9223372036852945807
4, 62, 0, 9223372036854775807, 0, 9223372036852915807
4, 63, 0, 9223372036854775807, 0, 9223372036852885807
4, 64, 0, 9223372036854775807, 0, 9223372036852855807
4, 65, 0, 9223372036854775807, 0, 9223372036852825807
4, 66, 0, 9223372036854775807, 0, 9223372036852795807
4, 67, 0, 9223372036854775807, 0, 9223372036852765807
4, 68, 0, 9223372036854775807, 0, 9223372036852735807
4, 69, 0, 9223372036854775807, 0, 9223372036852705807
4, 7, 0, 9223372036854775807, 0, 9223372036854565807
4, 70, 0, 9223372036854775807, 0, 9223372036852675807
4, 71, 0, 9223372036854775807, 0, 9223372036852645807
4, 72, 0, 9223372036854775807, 0, 9223372036852615807
4, 73, 0, 9223372036854775807, 0, 9223372036852585807
4, 74, 0, 9223372036854775807, 0, 9223372036852555807
4, 75, 0, 9223372036854775807, 0, 9223372036852525807
4, 76, 0, 9223372036854775807, 0, 9223372036852495807
4, 77, 0, 9223372036854775807, 0, 9223372036852465807
4, 78, 0, 9223372036854775807, 0, 9223372036852435807
4, 79, 0, 9223372036854775807, 0, 9223372036852405807
4, 8, 0, 9223372036854775807, 0, 9223372036854535807
4, 80, 0, 9223372036854775807, 0, 9223372036852375807
4, 81, 0, 9223372036854775807, 0, 9223372036852345807
4, 82, 0, 9223372036854775807, 0, 9223372036852315807
4, 83, 0, 9223372036854775807, 0, 9223372036852285807
4, 84, 0, 9223372036854775807, 0, 9223372036852255807
4, 85, 0, 9223372036854775807, 0, 9223372036852225807
4, 86, 0, 9223372036854775807, 0, 9223372036852195807
4, 87, 0, 9223372036854775807, 0, 9223372036852165807
4, 88, 0, 9223372036854775807, 0, 9223372036852135807
4, 89, 0, 9223372036854775807, 0, 9223372036852105807
4, 9, 0, 9223372036854775807, 0, 9223372036854505807
4, 90, 0, 9223372036854775807, 0, 9223372036852075807
4, 91, 0, 9223372036854775807, 0, 9223372036852045807
4, 92, 0, 9223372036854775807, 0, 9223372036852015807
4, 93, 0, 9223372036854775807, 0, 9223372036851985807
4, 94, 0, 9223372036854775807, 0, 9223372036851955807
4, 95, 0, 9223372036854775807, 0, 9223372036851925807
4, 96, 0, 9223372036854775807, 0, 9223372036851895807
4, 97, 0, 9223372036854775807, 0, 9223372036851865807
4, 98, 0, 9223372036854775807, 0, 9223372036851835807
4, 99, 0, 9223372036854775807, 0, 9223372036851805807
5, 0, 3463, 6820, 3463, 6820
5, 1, 0, 9223372036854775807, 0, 9223372036854735807
5, 10, 0, 9223372036854775807, 0, 9223372036854375807
5, 100, 0, 9223372036854775807, 0, 9223372036850775807
5, 101, 0, 9223372036854775807, 0, 9223372036850735807
5, 102, 0, 9223372036854775807, 0, 9223372036850695807
5, 103, 0, 9223372036854775807, 0, 9223372036850655807
5, 104, 0, 9223372036854775807, 0, 9223372036850615807
5, 105, 0, 9223372036854775807, 0, 9223372036850575807
5, 106, 0, 9223372036854775807, 0, 9223372036850535807
5, 107, 0, 9223372036854775807, 0, 9223372036850495807
5, 108, 0, 9223372036854775807, 0, 9223372036850455807
5, 109, 0, 9223372036854775807, 0, 9223372036850415807
5, 11, 0, 9223372036854775807, 0, 9223372036854335807
5, 110, 0, 9223372036854775807, 0, 9223372036850375807
5, 111, 0, 9223372036854775807, 0, 9223372036850335807
5, 112, 0, 9223372036854775807, 0, 9223372036850295807
5, 113, 0, 9223372036854775807, 0, 9223372036850255807
5, 114, 0, 9223372036854775807, 0, 9223372036850215807
5, 115, 0, 9223372036854775807, 0, 9223372036850175807
5, 116, 0, 9223372036854775807, 0, 9223372036850135807
5, 117, 0, 9223372036854775807, 0, 9223372036850095807
5, 118, 0, 9223372036854775807, 0, 9223372036850055807
5, 119, 0, 9223372036854775807, 0, 9223372036850015807
5, 12, 0, 9223372036854775807, 0, 9223372036854295807
5, 120, 0, 9223372036854775807, 0, 9223372036849975807
5, 121, 0, 9223372036854775807, 0, 9223372036849935807
5, 122, 0, 9223372036854775807, 0, 9223372036849895807
5, 123, 0, 9223372036854775807, 0, 9223372036849855807
5, 124, 0, 9223372036854775807, 0, 9223372036849815807
5, 125, 0, 9223372036854775807, 0, 9223372036849775807
5, 126, 0, 9223372036854775807, 0, 9223372036849735807
5, 127, 0, 9223372036854775807, 0, 9223372036849695807
5, 128, 0, 9223372036854775807, 0, 9223372036849655807
5, 129, 0, 9223372036854775807, 0, 9223372036849615807
5, 13, 0, 9223372036854775807, 0, 9223372036854255807
5, 130, 0, 9223372036854775807, 0, 9223372036849575807
5, 131, 0, 9223372036854775807, 0, 9223372036849535807
5, 132, 0, 9223372036854775807, 0, 9223372036849495807
5, 133, 0, 9223372036854775807, 0, 9223372036849455807
5, 134, 0, 9223372036854775807, 0, 9223372036849415807
5, 135, 0, 9223372036854775807, 0, 9223372036849375807
5, 136, 0, 9223372036854775807, 0, 9223372036849335807
5, 137, 0, 9223372036854775807, 0, 9223372036849295807
5, 138, 0, 9223372036854775807, 0, 9223372036849255807
5, 139, 0, 9223372036854775807, 0, 9223372036849215807
5, 14, 0, 9223372036854775807, 0, 9223372036854215807
5, 140, 0, 9223372036854775807, 0, 9223372036849175807
5, 141, 0, 9223372036854775807, 0, 9223372036849135807
5, 142, 0, 9223372036854775807, 0, 9223372036849095807
5, 143, 0, 9223372036854775807, 0, 9223372036849055807
5, 144, 0, 9223372036854775807, 0, 9223372036849015807
5, 145, 0, 9223372036854775807, 0, 9223372036848975807
5, 146, 0, 9223372036854775807, 0, 9223372036848935807
5, 147, 0, 9223372036854775807, 0, 9223372036848895807
5, 148, 0, 9223372036854775807, 0, 9223372036848855807
5, 149, 0, 9223372036854775807, 0, 9223372036848815807
5, 15, 0, 9223372036854775807, 0, 9223372036854175807
5, 16, 0, 9223372036854775807, 0, 9223372036854135807
5, 17, 0, 9223372036854775807, 0, 9223372036854095807
5, 18, 0, 9223372036854775807, 0, 9223372036854055807
5, 19, 0, 9223372036854775807, 0, 9223372036854015807
5, 2, 0, 9223372036854775807, 0, 9223372036854695807
5, 20, 0, 9223372036854775807, 0, 9223372036853975807
5, 21, 0, 9223372036854775807, 0, 9223372036853935807
5, 22, 0, 9223372036854775807, 0, 9223372036853895807
5, 23, 0, 9223372036854775807, 0, 9223372036853855807
5, 24, 0, 9223372036854775807, 0, 9223372036853815807
5, 25, 0, 9223372036854775807, 0, 9223372036853775807
5, 26, 0, 9223372036854775807, 0, 9223372036853735807
5, 27, 0, 9223372036854775807, 0, 9223372036853695807
5, 28, 0, 9223372036854775807, 0, 9223372036853655807
5, 29, 0, 9223372036854775807, 0, 9223372036853615807
5, 3, 0, 9223372036854775807, 0, 9223372036854655807
5, 30, 0, 9223372036854775807, 0, 9223372036853575807
5, 31, 0, 9223372036854775807, 0, 9223372036853535807
5, 32, 0, 9223372036854775807, 0, 9223372036853495807
5, 33, 0, 9223372036854775807, 0, 9223372036853455807
5, 34, 0, 9223372036854775807, 0, 9223372036853415807
5, 35, 0, 9223372036854775807, 0, 9223372036853375807
5, 36, 0, 9223372036854775807, 0, 9223372036853335807
5, 37, 0, 9223372036854775807, 0, 9223372036853295807
5, 38, 0, 9223372036854775807, 0, 9223372036853255807
5, 39, 0, 9223372036854775807, 0, 9223372036853215807
5, 4, 0, 9223372036854775807, 0, 9223372036854615807
5, 40, 0, 9223372036854775807, 0, 9223372036853175807
5, 41, 0, 9223372036854775807, 0, 9223372036853135807
5, 42, 0, 9223372036854775807, 0, 9223372036853095807
5, 43, 0, 9223372036854775807, 0, 9223372036853055807
5, 44, 0, 9223372036854775807, 0, 9223372036853015807
5, 45, 0, 9223372036854775807, 0, 9223372036852975807
5, 46, 0, 9223372036854775807, 0, 9223372036852935807
5, 47, 0, 9223372036854775807, 0, 9223372036852895807
5, 48, 0, 9223372036854775807, 0, 9223372036852855807
5, 49, 0, 9223372036854775807, 0, 9223372036852815807
5, 5, 0, 9223372036854775807, 0, 9223372036854575807
5, 50, 0, 9223372036854775807, 0, 9223372036852775807
5, 51, 0, 9223372036854775807, 0, 9223372036852735807
5, 52, 0, 9223372036854775807, 0, 9223372036852695807
5, 53, 0, 9223372036854775807, 0, 9223372036852655807
5, 54, 0, 9223372036854775807, 0, 9223372036852615807
5, 55, 0, 9223372036854775807, 0, 9223372036852575807
5, 56, 0, 9223372036854775807, 0, 9223372036852535807
5, 57, 0, 9223372036854775807, 0, 9223372036852495807
5, 58, 0, 9223372036854775807, 0, 9223372036852455807
5, 59, 0, 9223372036854775807, 0, 9223372036852415807
5, 6, 0, 9223372036854775807, 0, 9223372036854535807
5, 60, 0, 9223372036854775807, 0, 9223372036852375807
5, 61, 0, 9223372036854775807, 0, 9223372036852335807
5, 62, 0, 9223372036854775807, 0, 9223372036852295807
5, 63, 0, 9223372036854775807, 0, 9223372036852255807
5, 64, 0, 9223372036854775807, 0, 9223372036852215807
5, 65, 0, 9223372036854775807, 0, 9223372036852175807
5, 66, 0, 9223372036854775807, 0, 9223372036852135807
5, 67, 0, 9223372036854775807, 0, 9223372036852095807
5, 68, 0, 9223372036854775807, 0, 9223372036852055807
5, 69, 0, 9223372036854775807, 0, 9223372036852015807
5, 7, 0, 9223372036854775807, 0, 9223372036854495807
5, 70, 0, 9223372036854775807, 0, 9223372036851975807
5, 71, 0, 9223372036854775807, 0, 9223372036851935807
5, 72, 0, 9223372036854775807, 0, 9223372036851895807
5, 73, 0, 9223372036854775807, 0, 9223372036851855807
5, 74, 0, 9223372036854775807, 0, 9223372036851815807
5, 75, 0, 9223372036854775807, 0, 9223372036851775807
5, 76, 0, 9223372036854775807, 0, 9223372036851735807
5, 77, 0, 9223372036854775807, 0, 9223372036851695807
5, 78, 0, 9223372036854775807, 0, 9223372036851655807
5, 79, 0, 9223372036854775807, 0, 9223372036851615807
5, 8, 0, 9223372036854775807, 0, 9223372036854455807
5, 80, 0, 9223372036854775807, 0, 9223372036851575807
5, 81, 0, 9223372036854775807, 0, 9223372036851535807
5, 82, 0, 9223372036854775807, 0, 9223372036851495807
5, 83, 0, 9223372036854775807, 0, 9223372036851455807
5, 84, 0, 9223372036854775807, 0, 9223372036851415807
5, 85, 0, 9223372036854775807, 0, 9223372036851375807
5, 86, 0, 9223372036854775807, 0, 9223372036851335807
5, 87, 0, 9223372036854775807, 0, 9223372036851295807
5, 88, 0, 9223372036854775807, 0, 9223372036851255807
5, 89, 0, 9223372036854775807, 0, 9223372036851215807
5, 9, 0, 9223372036854775807, 0, 9223372036854415807
5, 90, 0, 9223372036854775807, 0, 9223372036851175807
5, 91, 0, 9223372036854775807, 0, 9223372036851135807
5, 92, 0, 9223372036854775807, 0, 9223372036851095807
5, 93, 0, 9223372036854775807, 0, 9223372036851055807
5, 94, 0, 9223372036854775807, 0, 9223372036851015807
5, 95, 0, 9223372036854775807, 0, 9223372036850975807
5, 96, 0, 9223372036854775807, 0, 9223372036850935807
5, 97, 0, 9223372036854775807, 0, 9223372036850895807
5, 98, 0, 9223372036854775807, 0, 9223372036850855807
5, 99, 0, 9223372036854775807, 0, 9223372036850815807
6, 0, 585, 2024, 585, 2024
6, 1, 0, 9223372036854775807, 0, 9223372036854715807
6, 10, 0, 9223372036854775807, 0, 9223372036854175807
6, 11, 0, 9223372036854775807, 0, 9223372036854115807
6, 12, 0, 9223372036854775807, 0, 9223372036854055807
6, 13, 0, 9223372036854775807, 0, 9223372036853995807
6, 14, 0, 9223372036854775807, 0, 9223372036853935807
6, 15, 0, 9223372036854775807, 0, 9223372036853875807
6, 16, 0, 9223372036854775807, 0, 9223372036853815807
6, 17, 0, 9223372036854775807, 0, 9223372036853755807
6, 18, 0, 9223372036854775807, 0, 9223372036853695807
6, 19, 0, 9223372036854775807, 0, 9223372036853635807
6, 2, 0, 9223372036854775807, 0, 9223372036854655807
6, 20, 0, 9223372036854775807, 0, 9223372036853575807
6, 21, 0, 9223372036854775807, 0, 9223372036853515807
6, 22, 0, 9223372036854775807, 0, 9223372036853455807
6, 23, 0, 9223372036854775807, 0, 9223372036853395807
6, 24, 0, 9223372036854775807, 0, 9223372036853335807
6, 25, 0, 9223372036854775807, 0, 9223372036853275807
6, 26, 0, 9223372036854775807, 0, 9223372036853215807
6, 27, 0, 9223372036854775807, 0, 9223372036853155807
6, 28, 0, 9223372036854775807, 0, 9223372036853095807
6, 29, 0, 9223372036854775807, 0, 9223372036853035807
6, 3, 0, 9223372036854775807, 0, 9223372036854595807
6, 30, 0, 9223372036854775807, 0, 9223372036852975807
6, 31, 0, 9223372036854775807, 0, 9223372036852915807
6, 32, 0, 9223372036854775807, 0, 9223372036852855807
6, 33, 0, 9223372036854775807, 0, 9223372036852795807
6, 34, 0, 9223372036854775807, 0, 9223372036852735807
6, 35, 0, 9223372036854775807, 0, 9223372036852675807
6, 36, 0, 9223372036854775807, 0, 9223372036852615807
6, 37, 0, 9223372036854775807, 0, 9223372036852555807
6, 38, 0, 9223372036854775807, 0, 9223372036852495807
6, 39, 0, 9223372036854775807, 0, 9223372036852435807
6, 4, 0, 9223372036854775807, 0, 9223372036854535807
6, 40, 0, 9223372036854775807, 0, 9223372036852375807
6, 41, 0, 9223372036854775807, 0, 9223372036852315807
6, 42, 0, 9223372036854775807, 0, 9223372036852255807
6, 43, 0, 9223372036854775807, 0, 9223372036852195807
6, 44, 0, 9223372036854775807, 0, 9223372036852135807
6, 45, 0, 9223372036854775807, 0, 9223372036852075807
6, 46, 0, 9223372036854775807, 0, 9223372036852015807
6, 47, 0, 9223372036854775807, 0, 9223372036851955807
6, 48, 0, 9223372036854775807, 0, 9223372036851895807
6, 49, 0, 9223372036854775807, 0, 9223372036851835807
6, 5, 0, 9223372036854775807, 0, 9223372036854475807
6, 50, 0, 9223372036854775807, 0, 9223372036851775807
6, 51, 0, 9223372036854775807, 0, 9223372036851715807
6, 52, 0, 9223372036854775807, 0, 9223372036851655807
6, 53, 0, 9223372036854775807, 0, 9223372036851595807
6, 54, 0, 9223372036854775807, 0, 9223372036851535807
6, 55, 0, 9223372036854775807, 0, 9223372036851475807
6, 56, 0, 9223372036854775807, 0, 9223372036851415807
6, 57, 0, 9223372036854775807, 0, 9223372036851355807
6, 58, 0, 9223372036854775807, 0, 9223372036851295807
6, 59, 0, 9223372036854775807, 0, 9223372036851235807
6, 6, 0, 9223372036854775807, 0, 9223372036854415807
6, 60, 0, 9223372036854775807, 0, 9223372036851175807
6, 61, 0, 9223372036854775807, 0, 9223372036851115807
6, 62, 0, 9223372036854775807, 0, 9223372036851055807
6, 63, 0, 9223372036854775807, 0, 9223372036850995807
6, 64, 0, 9223372036854775807, 0, 9223372036850935807
6, 65, 0, 9223372036854775807, 0, 9223372036850875807
6, 66, 0, 9223372036854775807, 0, 9223372036850815807
6, 67, 0, 9223372036854775807, 0, 9223372036850755807
6, 68, 0, 9223372036854775807, 0, 9223372036850695807
6, 69, 0, 9223372036854775807, 0, 9223372036850635807
6, 7, 0, 9223372036854775807, 0, 9223372036854355807
6, 70, 0, 9223372036854775807, 0, 9223372036850575807
6, 71, 0, 9223372036854775807, 0, 9223372036850515807
6, 72, 0, 9223372036854775807, 0, 9223372036850455807
6, 73, 0, 9223372036854775807, 0, 9223372036850395807
6, 74, 0, 9223372036854775807, 0, 9223372036850335807
6, 75, 0, 9223372036854775807, 0, 9223372036850275807
6, 76, 0, 9223372036854775807, 0, 9223372036850215807
6, 77, 0, 9223372036854775807, 0, 9223372036850155807
6, 78, 0, 9223372036854775807, 0, 9223372036850095807
6, 79, 0, 9223372036854775807, 0, 9223372036850035807
6, 8, 0, 9223372036854775807, 0, 9223372036854295807
6, 80, 0, 9223372036854775807, 0, 9223372036849975807
6, 81, 0, 9223372036854775807, 0, 9223372036849915807
6, 82, 0, 9223372036854775807, 0, 9223372036849855807
6, 83, 0, 9223372036854775807, 0, 9223372036849795807
6, 84, 0, 9223372036854775807, 0, 9223372036849735807
6, 85, 0, 9223372036854775807, 0, 9223372036849675807
6, 86, 0, 9223372036854775807, 0, 9223372036849615807
6, 87, 0, 9223372036854775807, 0, 9223372036849555807
6, 88, 0, 9223372036854775807, 0, 9223372036849495807
6, 89, 0, 9223372036854775807, 0, 9223372036849435807
6, 9, 0, 9223372036854775807, 0, 9223372036854235807
6, 90, 0, 9223372036854775807, 0, 9223372036849375807
6, 91, 0, 9223372036854775807, 0, 9223372036849315807
6, 92, 0, 9223372036854775807, 0, 9223372036849255807
6, 93, 0, 9223372036854775807, 0, 9223372036849195807
6, 94, 0, 9223372036854775807, 0, 9223372036849135807
6, 95, 0, 9223372036854775807, 0, 9223372036849075807
6, 96, 0, 9223372036854775807, 0, 9223372036849015807
6, 97, 0, 9223372036854775807, 0, 9223372036848955807
6, 98, 0, 9223372036854775807, 0, 9223372036848895807
6, 99, 0, 9223372036854775807, 0, 9223372036848835807
7, 0, 840, 2448, 840, 2448
7, 1, 0, 9223372036854775807, 0, 9223372036854695807
7, 10, 0, 9223372036854775807, 0, 9223372036853975807
7, 11, 0, 9223372036854775807, 0, 9223372036853895807
7, 12, 0, 9223372036854775807, 0, 9223372036853815807
7, 13, 0, 9223372036854775807, 0, 9223372036853735807
7, 14, 0, 9223372036854775807, 0, 9223372036853655807
7, 15, 0, 9223372036854775807, 0, 9223372036853575807
7, 16, 0, 9223372036854775807, 0, 9223372036853495807
7, 17, 0, 9223372036854775807, 0, 9223372036853415807
7, 18, 0, 9223372036854775807, 0, 9223372036853335807
7, 19, 0, 9223372036854775807, 0, 9223372036853255807
7, 2, 0, 9223372036854775807, 0, 9223372036854615807
7, 20, 0, 9223372036854775807, 0, 9223372036853175807
7, 21, 0, 9223372036854775807, 0, 9223372036853095807
7, 22, 0, 9223372036854775807, 0, 9223372036853015807
7, 23, 0, 9223372036854775807, 0, 9223372036852935807
7, 24, 0, 9223372036854775807, 0, 9223372036852855807
7, 25, 0, 9223372036854775807, 0, 9223372036852775807
7, 26, 0, 9223372036854775807, 0, 9223372036852695807
7, 27, 0, 9223372036854775807, 0, 9223372036852615807
7, 28, 0, 9223372036854775807, 0, 9223372036852535807
7, 29, 0, 9223372036854775807, 0, 9223372036852455807
7, 3, 0, 9223372036854775807, 0, 9223372036854535807
7, 30, 0, 9223372036854775807, 0, 9223372036852375807
7, 31, 0, 9223372036854775807, 0, 9223372036852295807
7, 32, 0, 9223372036854775807, 0, 9223372036852215807
7, 33, 0, 9223372036854775807, 0, 9223372036852135807
7, 34, 0, 9223372036854775807, 0, 9223372036852055807
7, 35, 0, 9223372036854775807, 0, 9223372036851975807
7, 36, 0, 9223372036854775807, 0, 9223372036851895807
7, 37, 0, 9223372036854775807, 0, 9223372036851815807
7, 38, 0, 9223372036854775807, 0, 9223372036851735807
7, 39, 0, 9223372036854775807, 0, 9223372036851655807
7, 4, 0, 9223372036854775807, 0, 9223372036854455807
7, 40, 0, 9223372036854775807, 0, 9223372036851575807
7, 41, 0, 9223372036854775807, 0, 9223372036851495807
7, 42, 0, 9223372036854775807, 0, 9223372036851415807
7, 43, 0, 9223372036854775807, 0, 9223372036851335807
7, 44, 0, 9223372036854775807, 0, 9223372036851255807
7, 45, 0, 9223372036854775807, 0, 9223372036851175807
7, 46, 0, 9223372036854775807, 0, 9223372036851095807
7, 47, 0, 9223372036854775807, 0, 9223372036851015807
7, 48, 0, 9223372036854775807, 0, 9223372036850935807
7, 49, 0, 9223372036854775807, 0, 9223372036850855807
7, 5, 0, 9223372036854775807, 0, 9223372036854375807
7, 50, 0, 9223372036854775807, 0, 9223372036850775807
7, 51, 0, 9223372036854775807, 0, 9223372036850695807
7, 52, 0, 9223372036854775807, 0, 9223372036850615807
7, 53, 0, 9223372036854775807, 0, 9223372036850535807
7, 54, 0, 9223372036854775807, 0, 9223372036850455807
7, 55, 0, 9223372036854775807, 0, 9223372036850375807
7, 56, 0, 9223372036854775807, 0, 9223372036850295807
7, 57, 0, 9223372036854775807, 0, 9223372036850215807
7, 58, 0, 9223372036854775807, 0, 9223372036850135807
7, 59, 0, 9223372036854775807, 0, 9223372036850055807
7, 6, 0, 9223372036854775807, 0, 9223372036854295807
7, 60, 0, 9223372036854775807, 0, 9223372036849975807
7, 61, 0, 9223372036854775807, 0, 9223372036849895807
7, 62, 0, 9223372036854775807, 0, 9223372036849815807
7, 63, 0, 9223372036854775807, 0, 9223372036849735807
7, 64, 0, 9223372036854775807, 0, 9223372036849655807
7, 65, 0, 9223372036854775807, 0, 9223372036849575807
7, 66, 0, 9223372036854775807, 0, 9223372036849495807
7, 67, 0, 9223372036854775807, 0, 9223372036849415807
7, 68, 0, 9223372036854775807, 0, 9223372036849335807
7, 69, 0, 9223372036854775807, 0, 9223372036849255807
7, 7, 0, 9223372036854775807, 0, 9223372036854215807
7, 70, 0, 9223372036854775807, 0, 9223372036849175807
7, 71, 0, 9223372036854775807, 0, 9223372036849095807
7, 72, 0, 9223372036854775807, 0, 9223372036849015807
7, 73, 0, 9223372036854775807, 0, 9223372036848935807
7, 74, 0, 9223372036854775807, 0, 9223372036848855807
7, 8, 0, 9223372036854775807, 0, 9223372036854135807
7, 9, 0, 9223372036854775807, 0, 9223372036854055807
8, 0, 15269, 26496, 15269, 26496
8, 1, 0, 9223372036854775807, 0, 9223372036854475807
8, 10, 0, 9223372036854775807, 0, 9223372036851775807
8, 11, 0, 9223372036854775807, 0, 9223372036851475807
8, 12, 0, 9223372036854775807, 0, 9223372036851175807
8, 13, 0, 9223372036854775807, 0, 9223372036850875807
8, 14, 0, 9223372036854775807, 0, 9223372036850575807
8, 15, 0, 9223372036854775807, 0, 9223372036850275807
8, 16, 0, 9223372036854775807, 0, 9223372036849975807
8, 17, 0, 9223372036854775807, 0, 9223372036849675807
8, 18, 0, 9223372036854775807, 0, 9223372036849375807
8, 19, 0, 9223372036854775807, 0, 9223372036849075807
8, 2, 0, 9223372036854775807, 0, 9223372036854175807
8, 3, 0, 9223372036854775807, 0, 9223372036853875807
8, 4, 0, 9223372036854775807, 0, 9223372036853575807
8, 5, 0, 9223372036854775807, 0, 9223372036853275807
8, 6, 0, 9223372036854775807, 0, 9223372036852975807
8, 7, 0, 9223372036854775807, 0, 9223372036852675807
8, 8, 0, 9223372036854775807, 0, 9223372036852375807
8, 9, 0, 9223372036854775807, 0, 9223372036852075807
9, 0, 3231, 6433, 3231, 6433
9, 1, 0, 9223372036854775807, 0, 9223372036854275807
9, 10, 0, 9223372036854775807, 0, 9223372036849775807
9, 11, 0, 9223372036854775807, 0, 9223372036849275807
9, 2, 0, 9223372036854775807, 0, 9223372036853775807
9, 3, 0, 9223372036854775807, 0, 9223372036853275807
9, 4, 0, 9223372036854775807, 0, 9223372036852775807
9, 5, 0, 9223372036854775807, 0, 9223372036852275807
9, 6, 0, 9223372036854775807, 0, 9223372036851775807
9, 7, 0, 9223372036854775807, 0, 9223372036851275807
9, 8, 0, 9223372036854775807, 0, 9223372036850775807
9, 9, 0, 9223372036854775807, 0, 9223372036850275807
