Task ID, Job ID, BCCT, WCCT, BCRT, WCRT
0, 0, 18, 1459, 18, 1459
0, 1, 1018, 1030, 18, 30
0, 10, 0, 9223372036854775807, 0, 9223372036854765807
0, 100, 0, 9223372036854775807, 0, 9223372036854675807
0, 101, 0, 9223372036854775807, 0, 9223372036854674807
0, 102, 0, 9223372036854775807, 0, 9223372036854673807
0, 103, 0, 9223372036854775807, 0, 9223372036854672807
0, 104, 0, 9223372036854775807, 0, 9223372036854671807
0, 105, 0, 9223372036854775807, 0, 9223372036854670807
0, 106, 0, 9223372036854775807, 0, 9223372036854669807
0, 107, 0, 9223372036854775807, 0, 9223372036854668807
0, 108, 0, 9223372036854775807, 0, 9223372036854667807
0, 109, 0, 9223372036854775807, 0, 9223372036854666807
0, 11, 0, 9223372036854775807, 0, 9223372036854764807
0, 110, 0, 9223372036854775807, 0, 9223372036854665807
0, 111, 0, 9223372036854775807, 0, 9223372036854664807
0, 112, 0, 9223372036854775807, 0, 9223372036854663807
0, 113, 0, 9223372036854775807, 0, 9223372036854662807
0, 114, 0, 9223372036854775807, 0, 9223372036854661807
0, 115, 0, 9223372036854775807, 0, 9223372036854660807
0, 116, 0, 9223372036854775807, 0, 9223372036854659807
0, 117, 0, 9223372036854775807, 0, 9223372036854658807
0, 118, 0, 9223372036854775807, 0, 9223372036854657807
0, 119, 0, 9223372036854775807, 0, 9223372036854656807
0, 12, 0, 9223372036854775807, 0, 9223372036854763807
0, 120, 0, 9223372036854775807, 0, 9223372036854655807
0, 121, 0, 9223372036854775807, 0, 9223372036854654807
0, 122, 0, 9223372036854775807, 0, 9223372036854653807
0, 123, 0, 9223372036854775807, 0, 9223372036854652807
0, 124, 0, 9223372036854775807, 0, 9223372036854651807
0, 125, 0, 9223372036854775807, 0, 9223372036854650807
0, 126, 0, 9223372036854775807, 0, 9223372036854649807
0, 127, 0, 9223372036854775807, 0, 9223372036854648807
0, 128, 0, 9223372036854775807, 0, 9223372036854647807
0, 129, 0, 9223372036854775807, 0, 9223372036854646807
0, 13, 0, 9223372036854775807, 0, 9223372036854762807
0, 130, 0, 9223372036854775807, 0, 9223372036854645807
0, 131, 0, 9223372036854775807, 0, 9223372036854644807
0, 132, 0, 9223372036854775807, 0, 9223372036854643807
0, 133, 0, 9223372036854775807, 0, 9223372036854642807
0, 134, 0, 9223372036854775807, 0, 9223372036854641807
0, 135, 0, 9223372036854775807, 0, 9223372036854640807
0, 136, 0, 9223372036854775807, 0, 9223372036854639807
0, 137, 0, 9223372036854775807, 0, 9223372036854638807
0, 138, 0, 9223372036854775807, 0, 9223372036854637807
0, 139, 0, 9223372036854775807, 0, 9223372036854636807
0, 14, 0, 9223372036854775807, 0, 9223372036854761807
0, 140, 0, 9223372036854775807, 0, 9223372036854635807
0, 141, 0, 9223372036854775807, 0, 9223372036854634807
0, 142, 0, 9223372036854775807, 0, 9223372036854633807
0, 143, 0, 9223372036854775807, 0, 9223372036854632807
0, 144, 0, 9223372036854775807, 0, 9223372036854631807
0, 145, 0, 9223372036854775807, 0, 9223372036854630807
0, 146, 0, 9223372036854775807, 0, 9223372036854629807
0, 147, 0, 9223372036854775807, 0, 9223372036854628807
0, 148, 0, 9223372036854775807, 0, 9223372036854627807
0, 149, 0, 9223372036854775807, 0, 9223372036854626807
0, 15, 0, 9223372036854775807, 0, 9223372036854760807
0, 150, 0, 9223372036854775807, 0, 9223372036854625807
0, 151, 0, 9223372036854775807, 0, 9223372036854624807
0, 152, 0, 9223372036854775807, 0, 9223372036854623807
0, 153, 0, 9223372036854775807, 0, 9223372036854622807
0, 154, 0, 9223372036854775807, 0, 9223372036854621807
0, 155, 0, 9223372036854775807, 0, 9223372036854620807
0, 156, 0, 9223372036854775807, 0, 9223372036854619807
0, 157, 0, 9223372036854775807, 0, 9223372036854618807
0, 158, 0, 9223372036854775807, 0, 9223372036854617807
0, 159, 0, 9223372036854775807, 0, 9223372036854616807
0, 16, 0, 9223372036854775807, 0, 9223372036854759807
0, 160, 0, 9223372036854775807, 0, 9223372036854615807
0, 161, 0, 9223372036854775807, 0, 9223372036854614807
0, 162, 0, 9223372036854775807, 0, 9223372036854613807
0, 163, 0, 9223372036854775807, 0, 9223372036854612807
0, 164, 0, 9223372036854775807, 0, 9223372036854611807
0, 165, 0, 9223372036854775807, 0, 9223372036854610807
0, 166, 0, 9223372036854775807, 0, 9223372036854609807
0, 167, 0, 9223372036854775807, 0, 9223372036854608807
0, 168, 0, 9223372036854775807, 0, 9223372036854607807
0, 169, 0, 9223372036854775807, 0, 9223372036854606807
0, 17, 0, 9223372036854775807, 0, 9223372036854758807
0, 170, 0, 9223372036854775807, 0, 9223372036854605807
0, 171, 0, 9223372036854775807, 0, 9223372036854604807
0, 172, 0, 9223372036854775807, 0, 9223372036854603807
0, 173, 0, 9223372036854775807, 0, 9223372036854602807
0, 174, 0, 9223372036854775807, 0, 9223372036854601807
0, 175, 0, 9223372036854775807, 0, 9223372036854600807
0, 176, 0, 9223372036854775807, 0, 9223372036854599807
0, 177, 0, 9223372036854775807, 0, 9223372036854598807
0, 178, 0, 9223372036854775807, 0, 9223372036854597807
0, 179, 0, 9223372036854775807, 0, 9223372036854596807
0, 18, 0, 9223372036854775807, 0, 9223372036854757807
0, 180, 0, 9223372036854775807, 0, 9223372036854595807
0, 181, 0, 9223372036854775807, 0, 9223372036854594807
0, 182, 0, 9223372036854775807, 0, 9223372036854593807
0, 183, 0, 9223372036854775807, 0, 9223372036854592807
0, 184, 0, 9223372036854775807, 0, 9223372036854591807
0, 185, 0, 9223372036854775807, 0, 9223372036854590807
0, 186, 0, 9223372036854775807, 0, 9223372036854589807
0, 187, 0, 9223372036854775807, 0, 9223372036854588807
0, 188, 0, 9223372036854775807, 0, 9223372036854587807
0, 189, 0, 9223372036854775807, 0, 9223372036854586807
0, 19, 0, 9223372036854775807, 0, 9223372036854756807
0, 190, 0, 9223372036854775807, 0, 9223372036854585807
0, 191, 0, 9223372036854775807, 0, 9223372036854584807
0, 192, 0, 9223372036854775807, 0, 9223372036854583807
0, 193, 0, 9223372036854775807, 0, 9223372036854582807
0, 194, 0, 9223372036854775807, 0, 9223372036854581807
0, 195, 0, 9223372036854775807, 0, 9223372036854580807
0, 196, 0, 9223372036854775807, 0, 9223372036854579807
0, 197, 0, 9223372036854775807, 0, 9223372036854578807
0, 198, 0, 9223372036854775807, 0, 9223372036854577807
0, 199, 0, 9223372036854775807, 0, 9223372036854576807
0, 2, 0, 9223372036854775807, 0, 9223372036854773807
0, 20, 0, 9223372036854775807, 0, 9223372036854755807
0, 200, 0, 9223372036854775807, 0, 9223372036854575807
0, 201, 0, 9223372036854775807, 0, 9223372036854574807
0, 202, 0, 9223372036854775807, 0, 9223372036854573807
0, 203, 0, 9223372036854775807, 0, 9223372036854572807
0, 204, 0, 9223372036854775807, 0, 9223372036854571807
0, 205, 0, 9223372036854775807, 0, 9223372036854570807
0, 206, 0, 9223372036854775807, 0, 9223372036854569807
0, 207, 0, 9223372036854775807, 0, 9223372036854568807
0, 208, 0, 9223372036854775807, 0, 9223372036854567807
0, 209, 0, 9223372036854775807, 0, 9223372036854566807
0, 21, 0, 9223372036854775807, 0, 9223372036854754807
0, 210, 0, 9223372036854775807, 0, 9223372036854565807
0, 211, 0, 9223372036854775807, 0, 9223372036854564807
0, 212, 0, 9223372036854775807, 0, 9223372036854563807
0, 213, 0, 9223372036854775807, 0, 9223372036854562807
0, 214, 0, 9223372036854775807, 0, 9223372036854561807
0, 215, 0, 9223372036854775807, 0, 9223372036854560807
0, 216, 0, 9223372036854775807, 0, 9223372036854559807
0, 217, 0, 9223372036854775807, 0, 9223372036854558807
0, 218, 0, 9223372036854775807, 0, 9223372036854557807
0, 219, 0, 9223372036854775807, 0, 9223372036854556807
0, 22, 0, 9223372036854775807, 0, 9223372036854753807
0, 220, 0, 9223372036854775807, 0, 9223372036854555807
0, 221, 0, 9223372036854775807, 0, 9223372036854554807
0, 222, 0, 9223372036854775807, 0, 9223372036854553807
0, 223, 0, 9223372036854775807, 0, 9223372036854552807
0, 224, 0, 9223372036854775807, 0, 9223372036854551807
0, 225, 0, 9223372036854775807, 0, 9223372036854550807
0, 226, 0, 9223372036854775807, 0, 9223372036854549807
0, 227, 0, 9223372036854775807, 0, 9223372036854548807
0, 228, 0, 9223372036854775807, 0, 9223372036854547807
0, 229, 0, 9223372036854775807, 0, 9223372036854546807
0, 23, 0, 9223372036854775807, 0, 9223372036854752807
0, 230, 0, 9223372036854775807, 0, 9223372036854545807
0, 231, 0, 9223372036854775807, 0, 9223372036854544807
0, 232, 0, 9223372036854775807, 0, 9223372036854543807
0, 233, 0, 9223372036854775807, 0, 9223372036854542807
0, 234, 0, 9223372036854775807, 0, 9223372036854541807
0, 235, 0, 9223372036854775807, 0, 9223372036854540807
0, 236, 0, 9223372036854775807, 0, 9223372036854539807
0, 237, 0, 9223372036854775807, 0, 9223372036854538807
0, 238, 0, 9223372036854775807, 0, 9223372036854537807
0, 239, 0, 9223372036854775807, 0, 9223372036854536807
0, 24, 0, 9223372036854775807, 0, 9223372036854751807
0, 240, 0, 9223372036854775807, 0, 9223372036854535807
0, 241, 0, 9223372036854775807, 0, 9223372036854534807
0, 242, 0, 9223372036854775807, 0, 9223372036854533807
0, 243, 0, 9223372036854775807, 0, 9223372036854532807
0, 244, 0, 9223372036854775807, 0, 9223372036854531807
0, 245, 0, 9223372036854775807, 0, 9223372036854530807
0, 246, 0, 9223372036854775807, 0, 9223372036854529807
0, 247, 0, 9223372036854775807, 0, 9223372036854528807
0, 248, 0, 9223372036854775807, 0, 9223372036854527807
0, 249, 0, 9223372036854775807, 0, 9223372036854526807
0, 25, 0, 9223372036854775807, 0, 9223372036854750807
0, 250, 0, 9223372036854775807, 0, 9223372036854525807
0, 251, 0, 9223372036854775807, 0, 9223372036854524807
0, 252, 0, 9223372036854775807, 0, 9223372036854523807
0, 253, 0, 9223372036854775807, 0, 9223372036854522807
0, 254, 0, 9223372036854775807, 0, 9223372036854521807
0, 255, 0, 9223372036854775807, 0, 9223372036854520807
0, 256, 0, 9223372036854775807, 0, 9223372036854519807
0, 257, 0, 9223372036854775807, 0, 9223372036854518807
0, 258, 0, 9223372036854775807, 0, 9223372036854517807
0, 259, 0, 9223372036854775807, 0, 9223372036854516807
0, 26, 0, 9223372036854775807, 0, 9223372036854749807
0, 260, 0, 9223372036854775807, 0, 9223372036854515807
0, 261, 0, 9223372036854775807, 0, 9223372036854514807
0, 262, 0, 9223372036854775807, 0, 9223372036854513807
0, 263, 0, 9223372036854775807, 0, 9223372036854512807
0, 264, 0, 9223372036854775807, 0, 9223372036854511807
0, 265, 0, 9223372036854775807, 0, 9223372036854510807
0, 266, 0, 9223372036854775807, 0, 9223372036854509807
0, 267, 0, 9223372036854775807, 0, 9223372036854508807
0, 268, 0, 9223372036854775807, 0, 9223372036854507807
0, 269, 0, 9223372036854775807, 0, 9223372036854506807
0, 27, 0, 9223372036854775807, 0, 9223372036854748807
0, 270, 0, 9223372036854775807, 0, 9223372036854505807
0, 271, 0, 9223372036854775807, 0, 9223372036854504807
0, 272, 0, 9223372036854775807, 0, 9223372036854503807
0, 273, 0, 9223372036854775807, 0, 9223372036854502807
0, 274, 0, 9223372036854775807, 0, 9223372036854501807
0, 275, 0, 9223372036854775807, 0, 9223372036854500807
0, 276, 0, 9223372036854775807, 0, 9223372036854499807
0, 277, 0, 9223372036854775807, 0, 9223372036854498807
0, 278, 0, 9223372036854775807, 0, 9223372036854497807
0, 279, 0, 9223372036854775807, 0, 9223372036854496807
0, 28, 0, 9223372036854775807, 0, 9223372036854747807
0, 280, 0, 9223372036854775807, 0, 9223372036854495807
0, 281, 0, 9223372036854775807, 0, 9223372036854494807
0, 282, 0, 9223372036854775807, 0, 9223372036854493807
0, 283, 0, 9223372036854775807, 0, 9223372036854492807
0, 284, 0, 9223372036854775807, 0, 9223372036854491807
0, 285, 0, 9223372036854775807, 0, 9223372036854490807
0, 286, 0, 9223372036854775807, 0, 9223372036854489807
0, 287, 0, 9223372036854775807, 0, 9223372036854488807
0, 288, 0, 9223372036854775807, 0, 9223372036854487807
0, 289, 0, 9223372036854775807, 0, 9223372036854486807
0, 29, 0, 9223372036854775807, 0, 9223372036854746807
0, 290, 0, 9223372036854775807, 0, 9223372036854485807
0, 291, 0, 9223372036854775807, 0, 9223372036854484807
0, 292, 0, 9223372036854775807, 0, 9223372036854483807
0, 293, 0, 9223372036854775807, 0, 9223372036854482807
0, 294, 0, 9223372036854775807, 0, 9223372036854481807
0, 295, 0, 9223372036854775807, 0, 9223372036854480807
0, 296, 0, 9223372036854775807, 0, 9223372036854479807
0, 297, 0, 9223372036854775807, 0, 9223372036854478807
0, 298, 0, 9223372036854775807, 0, 9223372036854477807
0, 299, 0, 9223372036854775807, 0, 9223372036854476807
0, 3, 0, 9223372036854775807, 0, 9223372036854772807
0, 30, 0, 9223372036854775807, 0, 9223372036854745807
0, 300, 0, 9223372036854775807, 0, 9223372036854475807
0, 301, 0, 9223372036854775807, 0, 9223372036854474807
0, 302, 0, 9223372036854775807, 0, 9223372036854473807
0, 303, 0, 9223372036854775807, 0, 9223372036854472807
0, 304, 0, 9223372036854775807, 0, 9223372036854471807
0, 305, 0, 9223372036854775807, 0, 9223372036854470807
0, 306, 0, 9223372036854775807, 0, 9223372036854469807
0, 307, 0, 9223372036854775807, 0, 9223372036854468807
0, 308, 0, 9223372036854775807, 0, 9223372036854467807
0, 309, 0, 9223372036854775807, 0, 9223372036854466807
0, 31, 0, 9223372036854775807, 0, 9223372036854744807
0, 310, 0, 9223372036854775807, 0, 9223372036854465807
0, 311, 0, 9223372036854775807, 0, 9223372036854464807
0, 312, 0, 9223372036854775807, 0, 9223372036854463807
0, 313, 0, 9223372036854775807, 0, 9223372036854462807
0, 314, 0, 9223372036854775807, 0, 9223372036854461807
0, 315, 0, 9223372036854775807, 0, 9223372036854460807
0, 316, 0, 9223372036854775807, 0, 9223372036854459807
0, 317, 0, 9223372036854775807, 0, 9223372036854458807
0, 318, 0, 9223372036854775807, 0, 9223372036854457807
0, 319, 0, 9223372036854775807, 0, 9223372036854456807
0, 32, 0, 9223372036854775807, 0, 9223372036854743807
0, 320, 0, 9223372036854775807, 0, 9223372036854455807
0, 321, 0, 9223372036854775807, 0, 9223372036854454807
0, 322, 0, 9223372036854775807, 0, 9223372036854453807
0, 323, 0, 9223372036854775807, 0, 9223372036854452807
0, 324, 0, 9223372036854775807, 0, 9223372036854451807
0, 325, 0, 9223372036854775807, 0, 9223372036854450807
0, 326, 0, 9223372036854775807, 0, 9223372036854449807
0, 327, 0, 9223372036854775807, 0, 9223372036854448807
0, 328, 0, 9223372036854775807, 0, 9223372036854447807
0, 329, 0, 9223372036854775807, 0, 9223372036854446807
0, 33, 0, 9223372036854775807, 0, 9223372036854742807
0, 330, 0, 9223372036854775807, 0, 9223372036854445807
0, 331, 0, 9223372036854775807, 0, 9223372036854444807
0, 332, 0, 9223372036854775807, 0, 9223372036854443807
0, 333, 0, 9223372036854775807, 0, 9223372036854442807
0, 334, 0, 9223372036854775807, 0, 9223372036854441807
0, 335, 0, 9223372036854775807, 0, 9223372036854440807
0, 336, 0, 9223372036854775807, 0, 9223372036854439807
0, 337, 0, 9223372036854775807, 0, 9223372036854438807
0, 338, 0, 9223372036854775807, 0, 9223372036854437807
0, 339, 0, 9223372036854775807, 0, 9223372036854436807
0, 34, 0, 9223372036854775807, 0, 9223372036854741807
0, 340, 0, 9223372036854775807, 0, 9223372036854435807
0, 341, 0, 9223372036854775807, 0, 9223372036854434807
0, 342, 0, 9223372036854775807, 0, 9223372036854433807
0, 343, 0, 9223372036854775807, 0, 9223372036854432807
0, 344, 0, 9223372036854775807, 0, 9223372036854431807
0, 345, 0, 9223372036854775807, 0, 9223372036854430807
0, 346, 0, 9223372036854775807, 0, 9223372036854429807
0, 347, 0, 9223372036854775807, 0, 9223372036854428807
0, 348, 0, 9223372036854775807, 0, 9223372036854427807
0, 349, 0, 9223372036854775807, 0, 9223372036854426807
0, 35, 0, 9223372036854775807, 0, 9223372036854740807
0, 350, 0, 9223372036854775807, 0, 9223372036854425807
0, 351, 0, 9223372036854775807, 0, 9223372036854424807
0, 352, 0, 9223372036854775807, 0, 9223372036854423807
0, 353, 0, 9223372036854775807, 0, 9223372036854422807
0, 354, 0, 9223372036854775807, 0, 9223372036854421807
0, 355, 0, 9223372036854775807, 0, 9223372036854420807
0, 356, 0, 9223372036854775807, 0, 9223372036854419807
0, 357, 0, 9223372036854775807, 0, 9223372036854418807
0, 358, 0, 9223372036854775807, 0, 9223372036854417807
0, 359, 0, 9223372036854775807, 0, 9223372036854416807
0, 36, 0, 9223372036854775807, 0, 9223372036854739807
0, 360, 0, 9223372036854775807, 0, 9223372036854415807
0, 361, 0, 9223372036854775807, 0, 9223372036854414807
0, 362, 0, 9223372036854775807, 0, 9223372036854413807
0, 363, 0, 9223372036854775807, 0, 9223372036854412807
0, 364, 0, 9223372036854775807, 0, 9223372036854411807
0, 365, 0, 9223372036854775807, 0, 9223372036854410807
0, 366, 0, 9223372036854775807, 0, 9223372036854409807
0, 367, 0, 9223372036854775807, 0, 9223372036854408807
0, 368, 0, 9223372036854775807, 0, 9223372036854407807
0, 369, 0, 9223372036854775807, 0, 9223372036854406807
0, 37, 0, 9223372036854775807, 0, 9223372036854738807
0, 370, 0, 9223372036854775807, 0, 9223372036854405807
0, 371, 0, 9223372036854775807, 0, 9223372036854404807
0, 372, 0, 9223372036854775807, 0, 9223372036854403807
0, 373, 0, 9223372036854775807, 0, 9223372036854402807
0, 374, 0, 9223372036854775807, 0, 9223372036854401807
0, 375, 0, 9223372036854775807, 0, 9223372036854400807
0, 376, 0, 9223372036854775807, 0, 9223372036854399807
0, 377, 0, 9223372036854775807, 0, 9223372036854398807
0, 378, 0, 9223372036854775807, 0, 9223372036854397807
0, 379, 0, 9223372036854775807, 0, 9223372036854396807
0, 38, 0, 9223372036854775807, 0, 9223372036854737807
0, 380, 0, 9223372036854775807, 0, 9223372036854395807
0, 381, 0, 9223372036854775807, 0, 9223372036854394807
0, 382, 0, 9223372036854775807, 0, 9223372036854393807
0, 383, 0, 9223372036854775807, 0, 9223372036854392807
0, 384, 0, 9223372036854775807, 0, 9223372036854391807
0, 385, 0, 9223372036854775807, 0, 9223372036854390807
0, 386, 0, 9223372036854775807, 0, 9223372036854389807
0, 387, 0, 9223372036854775807, 0, 9223372036854388807
0, 388, 0, 9223372036854775807, 0, 9223372036854387807
0, 389, 0, 9223372036854775807, 0, 9223372036854386807
0, 39, 0, 9223372036854775807, 0, 9223372036854736807
0, 390, 0, 9223372036854775807, 0, 9223372036854385807
0, 391, 0, 9223372036854775807, 0, 9223372036854384807
0, 392, 0, 9223372036854775807, 0, 9223372036854383807
0, 393, 0, 9223372036854775807, 0, 9223372036854382807
0, 394, 0, 9223372036854775807, 0, 9223372036854381807
0, 395, 0, 9223372036854775807, 0, 9223372036854380807
0, 396, 0, 9223372036854775807, 0, 9223372036854379807
0, 397, 0, 9223372036854775807, 0, 9223372036854378807
0, 398, 0, 9223372036854775807, 0, 9223372036854377807
0, 399, 0, 9223372036854775807, 0, 9223372036854376807
0, 4, 0, 9223372036854775807, 0, 9223372036854771807
0, 40, 0, 9223372036854775807, 0, 9223372036854735807
0, 400, 0, 9223372036854775807, 0, 9223372036854375807
0, 401, 0, 9223372036854775807, 0, 9223372036854374807
0, 402, 0, 9223372036854775807, 0, 9223372036854373807
0, 403, 0, 9223372036854775807, 0, 9223372036854372807
0, 404, 0, 9223372036854775807, 0, 9223372036854371807
0, 405, 0, 9223372036854775807, 0, 9223372036854370807
0, 406, 0, 9223372036854775807, 0, 9223372036854369807
0, 407, 0, 9223372036854775807, 0, 9223372036854368807
0, 408, 0, 9223372036854775807, 0, 9223372036854367807
0, 409, 0, 9223372036854775807, 0, 9223372036854366807
0, 41, 0, 9223372036854775807, 0, 9223372036854734807
0, 410, 0, 9223372036854775807, 0, 9223372036854365807
0, 411, 0, 9223372036854775807, 0, 9223372036854364807
0, 412, 0, 9223372036854775807, 0, 9223372036854363807
0, 413, 0, 9223372036854775807, 0, 9223372036854362807
0, 414, 0, 9223372036854775807, 0, 9223372036854361807
0, 415, 0, 9223372036854775807, 0, 9223372036854360807
0, 416, 0, 9223372036854775807, 0, 9223372036854359807
0, 417, 0, 9223372036854775807, 0, 9223372036854358807
0, 418, 0, 9223372036854775807, 0, 9223372036854357807
0, 419, 0, 9223372036854775807, 0, 9223372036854356807
0, 42, 0, 9223372036854775807, 0, 9223372036854733807
0, 420, 0, 9223372036854775807, 0, 9223372036854355807
0, 421, 0, 9223372036854775807, 0, 9223372036854354807
0, 422, 0, 9223372036854775807, 0, 9223372036854353807
0, 423, 0, 9223372036854775807, 0, 9223372036854352807
0, 424, 0, 9223372036854775807, 0, 9223372036854351807
0, 425, 0, 9223372036854775807, 0, 9223372036854350807
0, 426, 0, 9223372036854775807, 0, 9223372036854349807
0, 427, 0, 9223372036854775807, 0, 9223372036854348807
0, 428, 0, 9223372036854775807, 0, 9223372036854347807
0, 429, 0, 9223372036854775807, 0, 9223372036854346807
0, 43, 0, 9223372036854775807, 0, 9223372036854732807
0, 430, 0, 9223372036854775807, 0, 9223372036854345807
0, 431, 0, 9223372036854775807, 0, 9223372036854344807
0, 432, 0, 9223372036854775807, 0, 9223372036854343807
0, 433, 0, 9223372036854775807, 0, 9223372036854342807
0, 434, 0, 9223372036854775807, 0, 9223372036854341807
0, 435, 0, 9223372036854775807, 0, 9223372036854340807
0, 436, 0, 9223372036854775807, 0, 9223372036854339807
0, 437, 0, 9223372036854775807, 0, 9223372036854338807
0, 438, 0, 9223372036854775807, 0, 9223372036854337807
0, 439, 0, 9223372036854775807, 0, 9223372036854336807
0, 44, 0, 9223372036854775807, 0, 9223372036854731807
0, 440, 0, 9223372036854775807, 0, 9223372036854335807
0, 441, 0, 9223372036854775807, 0, 9223372036854334807
0, 442, 0, 9223372036854775807, 0, 9223372036854333807
0, 443, 0, 9223372036854775807, 0, 9223372036854332807
0, 444, 0, 9223372036854775807, 0, 9223372036854331807
0, 445, 0, 9223372036854775807, 0, 9223372036854330807
0, 446, 0, 9223372036854775807, 0, 9223372036854329807
0, 447, 0, 9223372036854775807, 0, 9223372036854328807
0, 448, 0, 9223372036854775807, 0, 9223372036854327807
0, 449, 0, 9223372036854775807, 0, 9223372036854326807
0, 45, 0, 9223372036854775807, 0, 9223372036854730807
0, 450, 0, 9223372036854775807, 0, 9223372036854325807
0, 451, 0, 9223372036854775807, 0, 9223372036854324807
0, 452, 0, 9223372036854775807, 0, 9223372036854323807
0, 453, 0, 9223372036854775807, 0, 9223372036854322807
0, 454, 0, 9223372036854775807, 0, 9223372036854321807
0, 455, 0, 9223372036854775807, 0, 9223372036854320807
0, 456, 0, 9223372036854775807, 0, 9223372036854319807
0, 457, 0, 9223372036854775807, 0, 9223372036854318807
0, 458, 0, 9223372036854775807, 0, 9223372036854317807
0, 459, 0, 9223372036854775807, 0, 9223372036854316807
0, 46, 0, 9223372036854775807, 0, 9223372036854729807
0, 460, 0, 9223372036854775807, 0, 9223372036854315807
0, 461, 0, 9223372036854775807, 0, 9223372036854314807
0, 462, 0, 9223372036854775807, 0, 9223372036854313807
0, 463, 0, 9223372036854775807, 0, 9223372036854312807
0, 464, 0, 9223372036854775807, 0, 9223372036854311807
0, 465, 0, 9223372036854775807, 0, 9223372036854310807
0, 466, 0, 9223372036854775807, 0, 9223372036854309807
0, 467, 0, 9223372036854775807, 0, 9223372036854308807
0, 468, 0, 9223372036854775807, 0, 9223372036854307807
0, 469, 0, 9223372036854775807, 0, 9223372036854306807
0, 47, 0, 9223372036854775807, 0, 9223372036854728807
0, 470, 0, 9223372036854775807, 0, 9223372036854305807
0, 471, 0, 9223372036854775807, 0, 9223372036854304807
0, 472, 0, 9223372036854775807, 0, 9223372036854303807
0, 473, 0, 9223372036854775807, 0, 9223372036854302807
0, 474, 0, 9223372036854775807, 0, 9223372036854301807
0, 475, 0, 9223372036854775807, 0, 9223372036854300807
0, 476, 0, 9223372036854775807, 0, 9223372036854299807
0, 477, 0, 9223372036854775807, 0, 9223372036854298807
0, 478, 0, 9223372036854775807, 0, 9223372036854297807
0, 479, 0, 9223372036854775807, 0, 9223372036854296807
0, 48, 0, 9223372036854775807, 0, 9223372036854727807
0, 480, 0, 9223372036854775807, 0, 9223372036854295807
0, 481, 0, 9223372036854775807, 0, 9223372036854294807
0, 482, 0, 9223372036854775807, 0, 9223372036854293807
0, 483, 0, 9223372036854775807, 0, 9223372036854292807
0, 484, 0, 9223372036854775807, 0, 9223372036854291807
0, 485, 0, 9223372036854775807, 0, 9223372036854290807
0, 486, 0, 9223372036854775807, 0, 9223372036854289807
0, 487, 0, 9223372036854775807, 0, 9223372036854288807
0, 488, 0, 9223372036854775807, 0, 9223372036854287807
0, 489, 0, 9223372036854775807, 0, 9223372036854286807
0, 49, 0, 9223372036854775807, 0, 9223372036854726807
0, 490, 0, 9223372036854775807, 0, 9223372036854285807
0, 491, 0, 9223372036854775807, 0, 9223372036854284807
0, 492, 0, 9223372036854775807, 0, 9223372036854283807
0, 493, 0, 9223372036854775807, 0, 9223372036854282807
0, 494, 0, 9223372036854775807, 0, 9223372036854281807
0, 495, 0, 9223372036854775807, 0, 9223372036854280807
0, 496, 0, 9223372036854775807, 0, 9223372036854279807
0, 497, 0, 9223372036854775807, 0, 9223372036854278807
0, 498, 0, 9223372036854775807, 0, 9223372036854277807
0, 499, 0, 9223372036854775807, 0, 9223372036854276807
0, 5, 0, 9223372036854775807, 0, 9223372036854770807
0, 50, 0, 9223372036854775807, 0, 9223372036854725807
0, 500, 0, 9223372036854775807, 0, 9223372036854275807
0, 501, 0, 9223372036854775807, 0, 9223372036854274807
0, 502, 0, 9223372036854775807, 0, 9223372036854273807
0, 503, 0, 9223372036854775807, 0, 9223372036854272807
0, 504, 0, 9223372036854775807, 0, 9223372036854271807
0, 505, 0, 9223372036854775807, 0, 9223372036854270807
0, 506, 0, 9223372036854775807, 0, 9223372036854269807
0, 507, 0, 9223372036854775807, 0, 9223372036854268807
0, 508, 0, 9223372036854775807, 0, 9223372036854267807
0, 509, 0, 9223372036854775807, 0, 9223372036854266807
0, 51, 0, 9223372036854775807, 0, 9223372036854724807
0, 510, 0, 9223372036854775807, 0, 9223372036854265807
0, 511, 0, 9223372036854775807, 0, 9223372036854264807
0, 512, 0, 9223372036854775807, 0, 9223372036854263807
0, 513, 0, 9223372036854775807, 0, 9223372036854262807
0, 514, 0, 9223372036854775807, 0, 9223372036854261807
0, 515, 0, 9223372036854775807, 0, 9223372036854260807
0, 516, 0, 9223372036854775807, 0, 9223372036854259807
0, 517, 0, 9223372036854775807, 0, 9223372036854258807
0, 518, 0, 9223372036854775807, 0, 9223372036854257807
0, 519, 0, 9223372036854775807, 0, 9223372036854256807
0, 52, 0, 9223372036854775807, 0, 9223372036854723807
0, 520, 0, 9223372036854775807, 0, 9223372036854255807
0, 521, 0, 9223372036854775807, 0, 9223372036854254807
0, 522, 0, 9223372036854775807, 0, 9223372036854253807
0, 523, 0, 9223372036854775807, 0, 9223372036854252807
0, 524, 0, 9223372036854775807, 0, 9223372036854251807
0, 525, 0, 9223372036854775807, 0, 9223372036854250807
0, 526, 0, 9223372036854775807, 0, 9223372036854249807
0, 527, 0, 9223372036854775807, 0, 9223372036854248807
0, 528, 0, 9223372036854775807, 0, 9223372036854247807
0, 529, 0, 9223372036854775807, 0, 9223372036854246807
0, 53, 0, 9223372036854775807, 0, 9223372036854722807
0, 530, 0, 9223372036854775807, 0, 9223372036854245807
0, 531, 0, 9223372036854775807, 0, 9223372036854244807
0, 532, 0, 9223372036854775807, 0, 9223372036854243807
0, 533, 0, 9223372036854775807, 0, 9223372036854242807
0, 534, 0, 9223372036854775807, 0, 9223372036854241807
0, 535, 0, 9223372036854775807, 0, 9223372036854240807
0, 536, 0, 9223372036854775807, 0, 9223372036854239807
0, 537, 0, 9223372036854775807, 0, 9223372036854238807
0, 538, 0, 9223372036854775807, 0, 9223372036854237807
0, 539, 0, 9223372036854775807, 0, 9223372036854236807
0, 54, 0, 9223372036854775807, 0, 9223372036854721807
0, 540, 0, 9223372036854775807, 0, 9223372036854235807
0, 541, 0, 9223372036854775807, 0, 9223372036854234807
0, 542, 0, 9223372036854775807, 0, 9223372036854233807
0, 543, 0, 9223372036854775807, 0, 9223372036854232807
0, 544, 0, 9223372036854775807, 0, 9223372036854231807
0, 545, 0, 9223372036854775807, 0, 9223372036854230807
0, 546, 0, 9223372036854775807, 0, 9223372036854229807
0, 547, 0, 9223372036854775807, 0, 9223372036854228807
0, 548, 0, 9223372036854775807, 0, 9223372036854227807
0, 549, 0, 9223372036854775807, 0, 9223372036854226807
0, 55, 0, 9223372036854775807, 0, 9223372036854720807
0, 550, 0, 9223372036854775807, 0, 9223372036854225807
0, 551, 0, 9223372036854775807, 0, 9223372036854224807
0, 552, 0, 9223372036854775807, 0, 9223372036854223807
0, 553, 0, 9223372036854775807, 0, 9223372036854222807
0, 554, 0, 9223372036854775807, 0, 9223372036854221807
0, 555, 0, 9223372036854775807, 0, 9223372036854220807
0, 556, 0, 9223372036854775807, 0, 9223372036854219807
0, 557, 0, 9223372036854775807, 0, 9223372036854218807
0, 558, 0, 9223372036854775807, 0, 9223372036854217807
0, 559, 0, 9223372036854775807, 0, 9223372036854216807
0, 56, 0, 9223372036854775807, 0, 9223372036854719807
0, 560, 0, 9223372036854775807, 0, 9223372036854215807
0, 561, 0, 9223372036854775807, 0, 9223372036854214807
0, 562, 0, 9223372036854775807, 0, 9223372036854213807
0, 563, 0, 9223372036854775807, 0, 9223372036854212807
0, 564, 0, 9223372036854775807, 0, 9223372036854211807
0, 565, 0, 9223372036854775807, 0, 9223372036854210807
0, 566, 0, 9223372036854775807, 0, 9223372036854209807
0, 567, 0, 9223372036854775807, 0, 9223372036854208807
0, 568, 0, 9223372036854775807, 0, 9223372036854207807
0, 569, 0, 9223372036854775807, 0, 9223372036854206807
0, 57, 0, 9223372036854775807, 0, 9223372036854718807
0, 570, 0, 9223372036854775807, 0, 9223372036854205807
0, 571, 0, 9223372036854775807, 0, 9223372036854204807
0, 572, 0, 9223372036854775807, 0, 9223372036854203807
0, 573, 0, 9223372036854775807, 0, 9223372036854202807
0, 574, 0, 9223372036854775807, 0, 9223372036854201807
0, 575, 0, 9223372036854775807, 0, 9223372036854200807
0, 576, 0, 9223372036854775807, 0, 9223372036854199807
0, 577, 0, 9223372036854775807, 0, 9223372036854198807
0, 578, 0, 9223372036854775807, 0, 9223372036854197807
0, 579, 0, 9223372036854775807, 0, 9223372036854196807
0, 58, 0, 9223372036854775807, 0, 9223372036854717807
0, 580, 0, 9223372036854775807, 0, 9223372036854195807
0, 581, 0, 9223372036854775807, 0, 9223372036854194807
0, 582, 0, 9223372036854775807, 0, 9223372036854193807
0, 583, 0, 9223372036854775807, 0, 9223372036854192807
0, 584, 0, 9223372036854775807, 0, 9223372036854191807
0, 585, 0, 9223372036854775807, 0, 9223372036854190807
0, 586, 0, 9223372036854775807, 0, 9223372036854189807
0, 587, 0, 9223372036854775807, 0, 9223372036854188807
0, 588, 0, 9223372036854775807, 0, 9223372036854187807
0, 589, 0, 9223372036854775807, 0, 9223372036854186807
0, 59, 0, 9223372036854775807, 0, 9223372036854716807
0, 590, 0, 9223372036854775807, 0, 9223372036854185807
0, 591, 0, 9223372036854775807, 0, 9223372036854184807
0, 592, 0, 9223372036854775807, 0, 9223372036854183807
0, 593, 0, 9223372036854775807, 0, 9223372036854182807
0, 594, 0, 9223372036854775807, 0, 9223372036854181807
0, 595, 0, 9223372036854775807, 0, 9223372036854180807
0, 596, 0, 9223372036854775807, 0, 9223372036854179807
0, 597, 0, 9223372036854775807, 0, 9223372036854178807
0, 598, 0, 9223372036854775807, 0, 9223372036854177807
0, 599, 0, 9223372036854775807, 0, 9223372036854176807
0, 6, 0, 9223372036854775807, 0, 9223372036854769807
0, 60, 0, 9223372036854775807, 0, 9223372036854715807
0, 61, 0, 9223372036854775807, 0, 9223372036854714807
0, 62, 0, 9223372036854775807, 0, 9223372036854713807
0, 63, 0, 9223372036854775807, 0, 9223372036854712807
0, 64, 0, 9223372036854775807, 0, 9223372036854711807
0, 65, 0, 9223372036854775807, 0, 9223372036854710807
0, 66, 0, 9223372036854775807, 0, 9223372036854709807
0, 67, 0, 9223372036854775807, 0, 9223372036854708807
0, 68, 0, 9223372036854775807, 0, 9223372036854707807
0, 69, 0, 9223372036854775807, 0, 9223372036854706807
0, 7, 0, 9223372036854775807, 0, 9223372036854768807
0, 70, 0, 9223372036854775807, 0, 9223372036854705807
0, 71, 0, 9223372036854775807, 0, 9223372036854704807
0, 72, 0, 9223372036854775807, 0, 9223372036854703807
0, 73, 0, 9223372036854775807, 0, 9223372036854702807
0, 74, 0, 9223372036854775807, 0, 9223372036854701807
0, 75, 0, 9223372036854775807, 0, 9223372036854700807
0, 76, 0, 9223372036854775807, 0, 9223372036854699807
0, 77, 0, 9223372036854775807, 0, 9223372036854698807
0, 78, 0, 9223372036854775807, 0, 9223372036854697807
0, 79, 0, 9223372036854775807, 0, 9223372036854696807
0, 8, 0, 9223372036854775807, 0, 9223372036854767807
0, 80, 0, 9223372036854775807, 0, 9223372036854695807
0, 81, 0, 9223372036854775807, 0, 9223372036854694807
0, 82, 0, 9223372036854775807, 0, 9223372036854693807
0, 83, 0, 9223372036854775807, 0, 9223372036854692807
0, 84, 0, 9223372036854775807, 0, 9223372036854691807
0, 85, 0, 9223372036854775807, 0, 9223372036854690807
0, 86, 0, 9223372036854775807, 0, 9223372036854689807
0, 87, 0, 9223372036854775807, 0, 9223372036854688807
0, 88, 0, 9223372036854775807, 0, 9223372036854687807
0, 89, 0, 9223372036854775807, 0, 9223372036854686807
0, 9, 0, 9223372036854775807, 0, 9223372036854766807
0, 90, 0, 9223372036854775807, 0, 9223372036854685807
0, 91, 0, 9223372036854775807, 0, 9223372036854684807
0, 92, 0, 9223372036854775807, 0, 9223372036854683807
0, 93, 0, 9223372036854775807, 0, 9223372036854682807
0, 94, 0, 9223372036854775807, 0, 9223372036854681807
0, 95, 0, 9223372036854775807, 0, 9223372036854680807
0, 96, 0, 9223372036854775807, 0, 9223372036854679807
0, 97, 0, 9223372036854775807, 0, 9223372036854678807
0, 98, 0, 9223372036854775807, 0, 9223372036854677807
0, 99, 0, 9223372036854775807, 0, 9223372036854676807
1, 0, 2, 83, 2, 83
1, 1, 1002, 1003, 2, 3
1, 10, 0, 9223372036854775807, 0, 9223372036854765807
1, 100, 0, 9223372036854775807, 0, 9223372036854675807
1, 101, 0, 9223372036854775807, 0, 9223372036854674807
1, 102, 0, 9223372036854775807, 0, 9223372036854673807
1, 103, 0, 9223372036854775807, 0, 9223372036854672807
1, 104, 0, 9223372036854775807, 0, 9223372036854671807
1, 105, 0, 9223372036854775807, 0, 9223372036854670807
1, 106, 0, 9223372036854775807, 0, 9223372036854669807
1, 107, 0, 9223372036854775807, 0, 9223372036854668807
1, 108, 0, 9223372036854775807, 0, 9223372036854667807
1, 109, 0, 9223372036854775807, 0, 9223372036854666807
1, 11, 0, 9223372036854775807, 0, 9223372036854764807
1, 110, 0, 9223372036854775807, 0, 9223372036854665807
1, 111, 0, 9223372036854775807, 0, 9223372036854664807
1, 112, 0, 9223372036854775807, 0, 9223372036854663807
1, 113, 0, 9223372036854775807, 0, 9223372036854662807
1, 114, 0, 9223372036854775807, 0, 9223372036854661807
1, 115, 0, 9223372036854775807, 0, 9223372036854660807
1, 116, 0, 9223372036854775807, 0, 9223372036854659807
1, 117, 0, 9223372036854775807, 0, 9223372036854658807
1, 118, 0, 9223372036854775807, 0, 9223372036854657807
1, 119, 0, 9223372036854775807, 0, 9223372036854656807
1, 12, 0, 9223372036854775807, 0, 9223372036854763807
1, 120, 0, 9223372036854775807, 0, 9223372036854655807
1, 121, 0, 9223372036854775807, 0, 9223372036854654807
1, 122, 0, 9223372036854775807, 0, 9223372036854653807
1, 123, 0, 9223372036854775807, 0, 9223372036854652807
1, 124, 0, 9223372036854775807, 0, 9223372036854651807
1, 125, 0, 9223372036854775807, 0, 9223372036854650807
1, 126, 0, 9223372036854775807, 0, 9223372036854649807
1, 127, 0, 9223372036854775807, 0, 9223372036854648807
1, 128, 0, 9223372036854775807, 0, 9223372036854647807
1, 129, 0, 9223372036854775807, 0, 9223372036854646807
1, 13, 0, 9223372036854775807, 0, 9223372036854762807
1, 130, 0, 9223372036854775807, 0, 9223372036854645807
1, 131, 0, 9223372036854775807, 0, 9223372036854644807
1, 132, 0, 9223372036854775807, 0, 9223372036854643807
1, 133, 0, 9223372036854775807, 0, 9223372036854642807
1, 134, 0, 9223372036854775807, 0, 9223372036854641807
1, 135, 0, 9223372036854775807, 0, 9223372036854640807
1, 136, 0, 9223372036854775807, 0, 9223372036854639807
1, 137, 0, 9223372036854775807, 0, 9223372036854638807
1, 138, 0, 9223372036854775807, 0, 9223372036854637807
1, 139, 0, 9223372036854775807, 0, 9223372036854636807
1, 14, 0, 9223372036854775807, 0, 9223372036854761807
1, 140, 0, 9223372036854775807, 0, 9223372036854635807
1, 141, 0, 9223372036854775807, 0, 9223372036854634807
1, 142, 0, 9223372036854775807, 0, 9223372036854633807
1, 143, 0, 9223372036854775807, 0, 9223372036854632807
1, 144, 0, 9223372036854775807, 0, 9223372036854631807
1, 145, 0, 9223372036854775807, 0, 9223372036854630807
1, 146, 0, 9223372036854775807, 0, 9223372036854629807
1, 147, 0, 9223372036854775807, 0, 9223372036854628807
1, 148, 0, 9223372036854775807, 0, 9223372036854627807
1, 149, 0, 9223372036854775807, 0, 9223372036854626807
1, 15, 0, 9223372036854775807, 0, 9223372036854760807
1, 150, 0, 9223372036854775807, 0, 9223372036854625807
1, 151, 0, 9223372036854775807, 0, 9223372036854624807
1, 152, 0, 9223372036854775807, 0, 9223372036854623807
1, 153, 0, 9223372036854775807, 0, 9223372036854622807
1, 154, 0, 9223372036854775807, 0, 9223372036854621807
1, 155, 0, 9223372036854775807, 0, 9223372036854620807
1, 156, 0, 9223372036854775807, 0, 9223372036854619807
1, 157, 0, 9223372036854775807, 0, 9223372036854618807
1, 158, 0, 9223372036854775807, 0, 9223372036854617807
1, 159, 0, 9223372036854775807, 0, 9223372036854616807
1, 16, 0, 9223372036854775807, 0, 9223372036854759807
1, 160, 0, 9223372036854775807, 0, 9223372036854615807
1, 161, 0, 9223372036854775807, 0, 9223372036854614807
1, 162, 0, 9223372036854775807, 0, 9223372036854613807
1, 163, 0, 9223372036854775807, 0, 9223372036854612807
1, 164, 0, 9223372036854775807, 0, 9223372036854611807
1, 165, 0, 9223372036854775807, 0, 9223372036854610807
1, 166, 0, 9223372036854775807, 0, 9223372036854609807
1, 167, 0, 9223372036854775807, 0, 9223372036854608807
1, 168, 0, 9223372036854775807, 0, 9223372036854607807
1, 169, 0, 9223372036854775807, 0, 9223372036854606807
1, 17, 0, 9223372036854775807, 0, 9223372036854758807
1, 170, 0, 9223372036854775807, 0, 9223372036854605807
1, 171, 0, 9223372036854775807, 0, 9223372036854604807
1, 172, 0, 9223372036854775807, 0, 9223372036854603807
1, 173, 0, 9223372036854775807, 0, 9223372036854602807
1, 174, 0, 9223372036854775807, 0, 9223372036854601807
1, 175, 0, 9223372036854775807, 0, 9223372036854600807
1, 176, 0, 9223372036854775807, 0, 9223372036854599807
1, 177, 0, 9223372036854775807, 0, 9223372036854598807
1, 178, 0, 9223372036854775807, 0, 9223372036854597807
1, 179, 0, 9223372036854775807, 0, 9223372036854596807
1, 18, 0, 9223372036854775807, 0, 9223372036854757807
1, 180, 0, 9223372036854775807, 0, 9223372036854595807
1, 181, 0, 9223372036854775807, 0, 9223372036854594807
1, 182, 0, 9223372036854775807, 0, 9223372036854593807
1, 183, 0, 9223372036854775807, 0, 9223372036854592807
1, 184, 0, 9223372036854775807, 0, 9223372036854591807
1, 185, 0, 9223372036854775807, 0, 9223372036854590807
1, 186, 0, 9223372036854775807, 0, 9223372036854589807
1, 187, 0, 9223372036854775807, 0, 9223372036854588807
1, 188, 0, 9223372036854775807, 0, 9223372036854587807
1, 189, 0, 9223372036854775807, 0, 9223372036854586807
1, 19, 0, 9223372036854775807, 0, 9223372036854756807
1, 190, 0, 9223372036854775807, 0, 9223372036854585807
1, 191, 0, 9223372036854775807, 0, 9223372036854584807
1, 192, 0, 9223372036854775807, 0, 9223372036854583807
1, 193, 0, 9223372036854775807, 0, 9223372036854582807
1, 194, 0, 9223372036854775807, 0, 9223372036854581807
1, 195, 0, 9223372036854775807, 0, 9223372036854580807
1, 196, 0, 9223372036854775807, 0, 9223372036854579807
1, 197, 0, 9223372036854775807, 0, 9223372036854578807
1, 198, 0, 9223372036854775807, 0, 9223372036854577807
1, 199, 0, 9223372036854775807, 0, 9223372036854576807
1, 2, 0, 9223372036854775807, 0, 9223372036854773807
1, 20, 0, 9223372036854775807, 0, 9223372036854755807
1, 200, 0, 9223372036854775807, 0, 9223372036854575807
1, 201, 0, 9223372036854775807, 0, 9223372036854574807
1, 202, 0, 9223372036854775807, 0, 9223372036854573807
1, 203, 0, 9223372036854775807, 0, 9223372036854572807
1, 204, 0, 9223372036854775807, 0, 9223372036854571807
1, 205, 0, 9223372036854775807, 0, 9223372036854570807
1, 206, 0, 9223372036854775807, 0, 9223372036854569807
1, 207, 0, 9223372036854775807, 0, 9223372036854568807
1, 208, 0, 9223372036854775807, 0, 9223372036854567807
1, 209, 0, 9223372036854775807, 0, 9223372036854566807
1, 21, 0, 9223372036854775807, 0, 9223372036854754807
1, 210, 0, 9223372036854775807, 0, 9223372036854565807
1, 211, 0, 9223372036854775807, 0, 9223372036854564807
1, 212, 0, 9223372036854775807, 0, 9223372036854563807
1, 213, 0, 9223372036854775807, 0, 9223372036854562807
1, 214, 0, 9223372036854775807, 0, 9223372036854561807
1, 215, 0, 9223372036854775807, 0, 9223372036854560807
1, 216, 0, 9223372036854775807, 0, 9223372036854559807
1, 217, 0, 9223372036854775807, 0, 9223372036854558807
1, 218, 0, 9223372036854775807, 0, 9223372036854557807
1, 219, 0, 9223372036854775807, 0, 9223372036854556807
1, 22, 0, 9223372036854775807, 0, 9223372036854753807
1, 220, 0, 9223372036854775807, 0, 9223372036854555807
1, 221, 0, 9223372036854775807, 0, 9223372036854554807
1, 222, 0, 9223372036854775807, 0, 9223372036854553807
1, 223, 0, 9223372036854775807, 0, 9223372036854552807
1, 224, 0, 9223372036854775807, 0, 9223372036854551807
1, 225, 0, 9223372036854775807, 0, 9223372036854550807
1, 226, 0, 9223372036854775807, 0, 9223372036854549807
1, 227, 0, 9223372036854775807, 0, 9223372036854548807
1, 228, 0, 9223372036854775807, 0, 9223372036854547807
1, 229, 0, 9223372036854775807, 0, 9223372036854546807
1, 23, 0, 9223372036854775807, 0, 9223372036854752807
1, 230, 0, 9223372036854775807, 0, 9223372036854545807
1, 231, 0, 9223372036854775807, 0, 9223372036854544807
1, 232, 0, 9223372036854775807, 0, 9223372036854543807
1, 233, 0, 9223372036854775807, 0, 9223372036854542807
1, 234, 0, 9223372036854775807, 0, 9223372036854541807
1, 235, 0, 9223372036854775807, 0, 9223372036854540807
1, 236, 0, 9223372036854775807, 0, 9223372036854539807
1, 237, 0, 9223372036854775807, 0, 9223372036854538807
1, 238, 0, 9223372036854775807, 0, 9223372036854537807
1, 239, 0, 9223372036854775807, 0, 9223372036854536807
1, 24, 0, 9223372036854775807, 0, 9223372036854751807
1, 240, 0, 9223372036854775807, 0, 9223372036854535807
1, 241, 0, 9223372036854775807, 0, 9223372036854534807
1, 242, 0, 9223372036854775807, 0, 9223372036854533807
1, 243, 0, 9223372036854775807, 0, 9223372036854532807
1, 244, 0, 9223372036854775807, 0, 9223372036854531807
1, 245, 0, 9223372036854775807, 0, 9223372036854530807
1, 246, 0, 9223372036854775807, 0, 9223372036854529807
1, 247, 0, 9223372036854775807, 0, 9223372036854528807
1, 248, 0, 9223372036854775807, 0, 9223372036854527807
1, 249, 0, 9223372036854775807, 0, 9223372036854526807
1, 25, 0, 9223372036854775807, 0, 9223372036854750807
1, 250, 0, 9223372036854775807, 0, 9223372036854525807
1, 251, 0, 9223372036854775807, 0, 9223372036854524807
1, 252, 0, 9223372036854775807, 0, 9223372036854523807
1, 253, 0, 9223372036854775807, 0, 9223372036854522807
1, 254, 0, 9223372036854775807, 0, 9223372036854521807
1, 255, 0, 9223372036854775807, 0, 9223372036854520807
1, 256, 0, 9223372036854775807, 0, 9223372036854519807
1, 257, 0, 9223372036854775807, 0, 9223372036854518807
1, 258, 0, 9223372036854775807, 0, 9223372036854517807
1, 259, 0, 9223372036854775807, 0, 9223372036854516807
1, 26, 0, 9223372036854775807, 0, 9223372036854749807
1, 260, 0, 9223372036854775807, 0, 9223372036854515807
1, 261, 0, 9223372036854775807, 0, 9223372036854514807
1, 262, 0, 9223372036854775807, 0, 9223372036854513807
1, 263, 0, 9223372036854775807, 0, 9223372036854512807
1, 264, 0, 9223372036854775807, 0, 9223372036854511807
1, 265, 0, 9223372036854775807, 0, 9223372036854510807
1, 266, 0, 9223372036854775807, 0, 9223372036854509807
1, 267, 0, 9223372036854775807, 0, 9223372036854508807
1, 268, 0, 9223372036854775807, 0, 9223372036854507807
1, 269, 0, 9223372036854775807, 0, 9223372036854506807
1, 27, 0, 9223372036854775807, 0, 9223372036854748807
1, 270, 0, 9223372036854775807, 0, 9223372036854505807
1, 271, 0, 9223372036854775807, 0, 9223372036854504807
1, 272, 0, 9223372036854775807, 0, 9223372036854503807
1, 273, 0, 9223372036854775807, 0, 9223372036854502807
1, 274, 0, 9223372036854775807, 0, 9223372036854501807
1, 275, 0, 9223372036854775807, 0, 9223372036854500807
1, 276, 0, 9223372036854775807, 0, 9223372036854499807
1, 277, 0, 9223372036854775807, 0, 9223372036854498807
1, 278, 0, 9223372036854775807, 0, 9223372036854497807
1, 279, 0, 9223372036854775807, 0, 9223372036854496807
1, 28, 0, 9223372036854775807, 0, 9223372036854747807
1, 280, 0, 9223372036854775807, 0, 9223372036854495807
1, 281, 0, 9223372036854775807, 0, 9223372036854494807
1, 282, 0, 9223372036854775807, 0, 9223372036854493807
1, 283, 0, 9223372036854775807, 0, 9223372036854492807
1, 284, 0, 9223372036854775807, 0, 9223372036854491807
1, 285, 0, 9223372036854775807, 0, 9223372036854490807
1, 286, 0, 9223372036854775807, 0, 9223372036854489807
1, 287, 0, 9223372036854775807, 0, 9223372036854488807
1, 288, 0, 9223372036854775807, 0, 9223372036854487807
1, 289, 0, 9223372036854775807, 0, 9223372036854486807
1, 29, 0, 9223372036854775807, 0, 9223372036854746807
1, 290, 0, 9223372036854775807, 0, 9223372036854485807
1, 291, 0, 9223372036854775807, 0, 9223372036854484807
1, 292, 0, 9223372036854775807, 0, 9223372036854483807
1, 293, 0, 9223372036854775807, 0, 9223372036854482807
1, 294, 0, 9223372036854775807, 0, 9223372036854481807
1, 295, 0, 9223372036854775807, 0, 9223372036854480807
1, 296, 0, 9223372036854775807, 0, 9223372036854479807
1, 297, 0, 9223372036854775807, 0, 9223372036854478807
1, 298, 0, 9223372036854775807, 0, 9223372036854477807
1, 299, 0, 9223372036854775807, 0, 9223372036854476807
1, 3, 0, 9223372036854775807, 0, 9223372036854772807
1, 30, 0, 9223372036854775807, 0, 9223372036854745807
1, 300, 0, 9223372036854775807, 0, 9223372036854475807
1, 301, 0, 9223372036854775807, 0, 9223372036854474807
1, 302, 0, 9223372036854775807, 0, 9223372036854473807
1, 303, 0, 9223372036854775807, 0, 9223372036854472807
1, 304, 0, 9223372036854775807, 0, 9223372036854471807
1, 305, 0, 9223372036854775807, 0, 9223372036854470807
1, 306, 0, 9223372036854775807, 0, 9223372036854469807
1, 307, 0, 9223372036854775807, 0, 9223372036854468807
1, 308, 0, 9223372036854775807, 0, 9223372036854467807
1, 309, 0, 9223372036854775807, 0, 9223372036854466807
1, 31, 0, 9223372036854775807, 0, 9223372036854744807
1, 310, 0, 9223372036854775807, 0, 9223372036854465807
1, 311, 0, 9223372036854775807, 0, 9223372036854464807
1, 312, 0, 9223372036854775807, 0, 9223372036854463807
1, 313, 0, 9223372036854775807, 0, 9223372036854462807
1, 314, 0, 9223372036854775807, 0, 9223372036854461807
1, 315, 0, 9223372036854775807, 0, 9223372036854460807
1, 316, 0, 9223372036854775807, 0, 9223372036854459807
1, 317, 0, 9223372036854775807, 0, 9223372036854458807
1, 318, 0, 9223372036854775807, 0, 9223372036854457807
1, 319, 0, 9223372036854775807, 0, 9223372036854456807
1, 32, 0, 9223372036854775807, 0, 9223372036854743807
1, 320, 0, 9223372036854775807, 0, 9223372036854455807
1, 321, 0, 9223372036854775807, 0, 9223372036854454807
1, 322, 0, 9223372036854775807, 0, 9223372036854453807
1, 323, 0, 9223372036854775807, 0, 9223372036854452807
1, 324, 0, 9223372036854775807, 0, 9223372036854451807
1, 325, 0, 9223372036854775807, 0, 9223372036854450807
1, 326, 0, 9223372036854775807, 0, 9223372036854449807
1, 327, 0, 9223372036854775807, 0, 9223372036854448807
1, 328, 0, 9223372036854775807, 0, 9223372036854447807
1, 329, 0, 9223372036854775807, 0, 9223372036854446807
1, 33, 0, 9223372036854775807, 0, 9223372036854742807
1, 330, 0, 9223372036854775807, 0, 9223372036854445807
1, 331, 0, 9223372036854775807, 0, 9223372036854444807
1, 332, 0, 9223372036854775807, 0, 9223372036854443807
1, 333, 0, 9223372036854775807, 0, 9223372036854442807
1, 334, 0, 9223372036854775807, 0, 9223372036854441807
1, 335, 0, 9223372036854775807, 0, 9223372036854440807
1, 336, 0, 9223372036854775807, 0, 9223372036854439807
1, 337, 0, 9223372036854775807, 0, 9223372036854438807
1, 338, 0, 9223372036854775807, 0, 9223372036854437807
1, 339, 0, 9223372036854775807, 0, 9223372036854436807
1, 34, 0, 9223372036854775807, 0, 9223372036854741807
1, 340, 0, 9223372036854775807, 0, 9223372036854435807
1, 341, 0, 9223372036854775807, 0, 9223372036854434807
1, 342, 0, 9223372036854775807, 0, 9223372036854433807
1, 343, 0, 9223372036854775807, 0, 9223372036854432807
1, 344, 0, 9223372036854775807, 0, 9223372036854431807
1, 345, 0, 9223372036854775807, 0, 9223372036854430807
1, 346, 0, 9223372036854775807, 0, 9223372036854429807
1, 347, 0, 9223372036854775807, 0, 9223372036854428807
1, 348, 0, 9223372036854775807, 0, 9223372036854427807
1, 349, 0, 9223372036854775807, 0, 9223372036854426807
1, 35, 0, 9223372036854775807, 0, 9223372036854740807
1, 350, 0, 9223372036854775807, 0, 9223372036854425807
1, 351, 0, 9223372036854775807, 0, 9223372036854424807
1, 352, 0, 9223372036854775807, 0, 9223372036854423807
1, 353, 0, 9223372036854775807, 0, 9223372036854422807
1, 354, 0, 9223372036854775807, 0, 9223372036854421807
1, 355, 0, 9223372036854775807, 0, 9223372036854420807
1, 356, 0, 9223372036854775807, 0, 9223372036854419807
1, 357, 0, 9223372036854775807, 0, 9223372036854418807
1, 358, 0, 9223372036854775807, 0, 9223372036854417807
1, 359, 0, 9223372036854775807, 0, 9223372036854416807
1, 36, 0, 9223372036854775807, 0, 9223372036854739807
1, 360, 0, 9223372036854775807, 0, 9223372036854415807
1, 361, 0, 9223372036854775807, 0, 9223372036854414807
1, 362, 0, 9223372036854775807, 0, 9223372036854413807
1, 363, 0, 9223372036854775807, 0, 9223372036854412807
1, 364, 0, 9223372036854775807, 0, 9223372036854411807
1, 365, 0, 9223372036854775807, 0, 9223372036854410807
1, 366, 0, 9223372036854775807, 0, 9223372036854409807
1, 367, 0, 9223372036854775807, 0, 9223372036854408807
1, 368, 0, 9223372036854775807, 0, 9223372036854407807
1, 369, 0, 9223372036854775807, 0, 9223372036854406807
1, 37, 0, 9223372036854775807, 0, 9223372036854738807
1, 370, 0, 9223372036854775807, 0, 9223372036854405807
1, 371, 0, 9223372036854775807, 0, 9223372036854404807
1, 372, 0, 9223372036854775807, 0, 9223372036854403807
1, 373, 0, 9223372036854775807, 0, 9223372036854402807
1, 374, 0, 9223372036854775807, 0, 9223372036854401807
1, 375, 0, 9223372036854775807, 0, 9223372036854400807
1, 376, 0, 9223372036854775807, 0, 9223372036854399807
1, 377, 0, 9223372036854775807, 0, 9223372036854398807
1, 378, 0, 9223372036854775807, 0, 9223372036854397807
1, 379, 0, 9223372036854775807, 0, 9223372036854396807
1, 38, 0, 9223372036854775807, 0, 9223372036854737807
1, 380, 0, 9223372036854775807, 0, 9223372036854395807
1, 381, 0, 9223372036854775807, 0, 9223372036854394807
1, 382, 0, 9223372036854775807, 0, 9223372036854393807
1, 383, 0, 9223372036854775807, 0, 9223372036854392807
1, 384, 0, 9223372036854775807, 0, 9223372036854391807
1, 385, 0, 9223372036854775807, 0, 9223372036854390807
1, 386, 0, 9223372036854775807, 0, 9223372036854389807
1, 387, 0, 9223372036854775807, 0, 9223372036854388807
1, 388, 0, 9223372036854775807, 0, 9223372036854387807
1, 389, 0, 9223372036854775807, 0, 9223372036854386807
1, 39, 0, 9223372036854775807, 0, 9223372036854736807
1, 390, 0, 9223372036854775807, 0, 9223372036854385807
1, 391, 0, 9223372036854775807, 0, 9223372036854384807
1, 392, 0, 9223372036854775807, 0, 9223372036854383807
1, 393, 0, 9223372036854775807, 0, 9223372036854382807
1, 394, 0, 9223372036854775807, 0, 9223372036854381807
1, 395, 0, 9223372036854775807, 0, 9223372036854380807
1, 396, 0, 9223372036854775807, 0, 9223372036854379807
1, 397, 0, 9223372036854775807, 0, 9223372036854378807
1, 398, 0, 9223372036854775807, 0, 9223372036854377807
1, 399, 0, 9223372036854775807, 0, 9223372036854376807
1, 4, 0, 9223372036854775807, 0, 9223372036854771807
1, 40, 0, 9223372036854775807, 0, 9223372036854735807
1, 400, 0, 9223372036854775807, 0, 9223372036854375807
1, 401, 0, 9223372036854775807, 0, 9223372036854374807
1, 402, 0, 9223372036854775807, 0, 9223372036854373807
1, 403, 0, 9223372036854775807, 0, 9223372036854372807
1, 404, 0, 9223372036854775807, 0, 9223372036854371807
1, 405, 0, 9223372036854775807, 0, 9223372036854370807
1, 406, 0, 9223372036854775807, 0, 9223372036854369807
1, 407, 0, 9223372036854775807, 0, 9223372036854368807
1, 408, 0, 9223372036854775807, 0, 9223372036854367807
1, 409, 0, 9223372036854775807, 0, 9223372036854366807
1, 41, 0, 9223372036854775807, 0, 9223372036854734807
1, 410, 0, 9223372036854775807, 0, 9223372036854365807
1, 411, 0, 9223372036854775807, 0, 9223372036854364807
1, 412, 0, 9223372036854775807, 0, 9223372036854363807
1, 413, 0, 9223372036854775807, 0, 9223372036854362807
1, 414, 0, 9223372036854775807, 0, 9223372036854361807
1, 415, 0, 9223372036854775807, 0, 9223372036854360807
1, 416, 0, 9223372036854775807, 0, 9223372036854359807
1, 417, 0, 9223372036854775807, 0, 9223372036854358807
1, 418, 0, 9223372036854775807, 0, 9223372036854357807
1, 419, 0, 9223372036854775807, 0, 9223372036854356807
1, 42, 0, 9223372036854775807, 0, 9223372036854733807
1, 420, 0, 9223372036854775807, 0, 9223372036854355807
1, 421, 0, 9223372036854775807, 0, 9223372036854354807
1, 422, 0, 9223372036854775807, 0, 9223372036854353807
1, 423, 0, 9223372036854775807, 0, 9223372036854352807
1, 424, 0, 9223372036854775807, 0, 9223372036854351807
1, 425, 0, 9223372036854775807, 0, 9223372036854350807
1, 426, 0, 9223372036854775807, 0, 9223372036854349807
1, 427, 0, 9223372036854775807, 0, 9223372036854348807
1, 428, 0, 9223372036854775807, 0, 9223372036854347807
1, 429, 0, 9223372036854775807, 0, 9223372036854346807
1, 43, 0, 9223372036854775807, 0, 9223372036854732807
1, 430, 0, 9223372036854775807, 0, 9223372036854345807
1, 431, 0, 9223372036854775807, 0, 9223372036854344807
1, 432, 0, 9223372036854775807, 0, 9223372036854343807
1, 433, 0, 9223372036854775807, 0, 9223372036854342807
1, 434, 0, 9223372036854775807, 0, 9223372036854341807
1, 435, 0, 9223372036854775807, 0, 9223372036854340807
1, 436, 0, 9223372036854775807, 0, 9223372036854339807
1, 437, 0, 9223372036854775807, 0, 9223372036854338807
1, 438, 0, 9223372036854775807, 0, 9223372036854337807
1, 439, 0, 9223372036854775807, 0, 9223372036854336807
1, 44, 0, 9223372036854775807, 0, 9223372036854731807
1, 440, 0, 9223372036854775807, 0, 9223372036854335807
1, 441, 0, 9223372036854775807, 0, 9223372036854334807
1, 442, 0, 9223372036854775807, 0, 9223372036854333807
1, 443, 0, 9223372036854775807, 0, 9223372036854332807
1, 444, 0, 9223372036854775807, 0, 9223372036854331807
1, 445, 0, 9223372036854775807, 0, 9223372036854330807
1, 446, 0, 9223372036854775807, 0, 9223372036854329807
1, 447, 0, 9223372036854775807, 0, 9223372036854328807
1, 448, 0, 9223372036854775807, 0, 9223372036854327807
1, 449, 0, 9223372036854775807, 0, 9223372036854326807
1, 45, 0, 9223372036854775807, 0, 9223372036854730807
1, 450, 0, 9223372036854775807, 0, 9223372036854325807
1, 451, 0, 9223372036854775807, 0, 9223372036854324807
1, 452, 0, 9223372036854775807, 0, 9223372036854323807
1, 453, 0, 9223372036854775807, 0, 9223372036854322807
1, 454, 0, 9223372036854775807, 0, 9223372036854321807
1, 455, 0, 9223372036854775807, 0, 9223372036854320807
1, 456, 0, 9223372036854775807, 0, 9223372036854319807
1, 457, 0, 9223372036854775807, 0, 9223372036854318807
1, 458, 0, 9223372036854775807, 0, 9223372036854317807
1, 459, 0, 9223372036854775807, 0, 9223372036854316807
1, 46, 0, 9223372036854775807, 0, 9223372036854729807
1, 460, 0, 9223372036854775807, 0, 9223372036854315807
1, 461, 0, 9223372036854775807, 0, 9223372036854314807
1, 462, 0, 9223372036854775807, 0, 9223372036854313807
1, 463, 0, 9223372036854775807, 0, 9223372036854312807
1, 464, 0, 9223372036854775807, 0, 9223372036854311807
1, 465, 0, 9223372036854775807, 0, 9223372036854310807
1, 466, 0, 9223372036854775807, 0, 9223372036854309807
1, 467, 0, 9223372036854775807, 0, 9223372036854308807
1, 468, 0, 9223372036854775807, 0, 9223372036854307807
1, 469, 0, 9223372036854775807, 0, 9223372036854306807
1, 47, 0, 9223372036854775807, 0, 9223372036854728807
1, 470, 0, 9223372036854775807, 0, 9223372036854305807
1, 471, 0, 9223372036854775807, 0, 9223372036854304807
1, 472, 0, 9223372036854775807, 0, 9223372036854303807
1, 473, 0, 9223372036854775807, 0, 9223372036854302807
1, 474, 0, 9223372036854775807, 0, 9223372036854301807
1, 475, 0, 9223372036854775807, 0, 9223372036854300807
1, 476, 0, 9223372036854775807, 0, 9223372036854299807
1, 477, 0, 9223372036854775807, 0, 9223372036854298807
1, 478, 0, 9223372036854775807, 0, 9223372036854297807
1, 479, 0, 9223372036854775807, 0, 9223372036854296807
1, 48, 0, 9223372036854775807, 0, 9223372036854727807
1, 480, 0, 9223372036854775807, 0, 9223372036854295807
1, 481, 0, 9223372036854775807, 0, 9223372036854294807
1, 482, 0, 9223372036854775807, 0, 9223372036854293807
1, 483, 0, 9223372036854775807, 0, 9223372036854292807
1, 484, 0, 9223372036854775807, 0, 9223372036854291807
1, 485, 0, 9223372036854775807, 0, 9223372036854290807
1, 486, 0, 9223372036854775807, 0, 9223372036854289807
1, 487, 0, 9223372036854775807, 0, 9223372036854288807
1, 488, 0, 9223372036854775807, 0, 9223372036854287807
1, 489, 0, 9223372036854775807, 0, 9223372036854286807
1, 49, 0, 9223372036854775807, 0, 9223372036854726807
1, 490, 0, 9223372036854775807, 0, 9223372036854285807
1, 491, 0, 9223372036854775807, 0, 9223372036854284807
1, 492, 0, 9223372036854775807, 0, 9223372036854283807
1, 493, 0, 9223372036854775807, 0, 9223372036854282807
1, 494, 0, 9223372036854775807, 0, 9223372036854281807
1, 495, 0, 9223372036854775807, 0, 9223372036854280807
1, 496, 0, 9223372036854775807, 0, 9223372036854279807
1, 497, 0, 9223372036854775807, 0, 9223372036854278807
1, 498, 0, 9223372036854775807, 0, 9223372036854277807
1, 499, 0, 9223372036854775807, 0, 9223372036854276807
1, 5, 0, 9223372036854775807, 0, 9223372036854770807
1, 50, 0, 9223372036854775807, 0, 9223372036854725807
1, 500, 0, 9223372036854775807, 0, 9223372036854275807
1, 501, 0, 9223372036854775807, 0, 9223372036854274807
1, 502, 0, 9223372036854775807, 0, 9223372036854273807
1, 503, 0, 9223372036854775807, 0, 9223372036854272807
1, 504, 0, 9223372036854775807, 0, 9223372036854271807
1, 505, 0, 9223372036854775807, 0, 9223372036854270807
1, 506, 0, 9223372036854775807, 0, 9223372036854269807
1, 507, 0, 9223372036854775807, 0, 9223372036854268807
1, 508, 0, 9223372036854775807, 0, 9223372036854267807
1, 509, 0, 9223372036854775807, 0, 9223372036854266807
1, 51, 0, 9223372036854775807, 0, 9223372036854724807
1, 510, 0, 9223372036854775807, 0, 9223372036854265807
1, 511, 0, 9223372036854775807, 0, 9223372036854264807
1, 512, 0, 9223372036854775807, 0, 9223372036854263807
1, 513, 0, 9223372036854775807, 0, 9223372036854262807
1, 514, 0, 9223372036854775807, 0, 9223372036854261807
1, 515, 0, 9223372036854775807, 0, 9223372036854260807
1, 516, 0, 9223372036854775807, 0, 9223372036854259807
1, 517, 0, 9223372036854775807, 0, 9223372036854258807
1, 518, 0, 9223372036854775807, 0, 9223372036854257807
1, 519, 0, 9223372036854775807, 0, 9223372036854256807
1, 52, 0, 9223372036854775807, 0, 9223372036854723807
1, 520, 0, 9223372036854775807, 0, 9223372036854255807
1, 521, 0, 9223372036854775807, 0, 9223372036854254807
1, 522, 0, 9223372036854775807, 0, 9223372036854253807
1, 523, 0, 9223372036854775807, 0, 9223372036854252807
1, 524, 0, 9223372036854775807, 0, 9223372036854251807
1, 525, 0, 9223372036854775807, 0, 9223372036854250807
1, 526, 0, 9223372036854775807, 0, 9223372036854249807
1, 527, 0, 9223372036854775807, 0, 9223372036854248807
1, 528, 0, 9223372036854775807, 0, 9223372036854247807
1, 529, 0, 9223372036854775807, 0, 9223372036854246807
1, 53, 0, 9223372036854775807, 0, 9223372036854722807
1, 530, 0, 9223372036854775807, 0, 9223372036854245807
1, 531, 0, 9223372036854775807, 0, 9223372036854244807
1, 532, 0, 9223372036854775807, 0, 9223372036854243807
1, 533, 0, 9223372036854775807, 0, 9223372036854242807
1, 534, 0, 9223372036854775807, 0, 9223372036854241807
1, 535, 0, 9223372036854775807, 0, 9223372036854240807
1, 536, 0, 9223372036854775807, 0, 9223372036854239807
1, 537, 0, 9223372036854775807, 0, 9223372036854238807
1, 538, 0, 9223372036854775807, 0, 9223372036854237807
1, 539, 0, 9223372036854775807, 0, 9223372036854236807
1, 54, 0, 9223372036854775807, 0, 9223372036854721807
1, 540, 0, 9223372036854775807, 0, 9223372036854235807
1, 541, 0, 9223372036854775807, 0, 9223372036854234807
1, 542, 0, 9223372036854775807, 0, 9223372036854233807
1, 543, 0, 9223372036854775807, 0, 9223372036854232807
1, 544, 0, 9223372036854775807, 0, 9223372036854231807
1, 545, 0, 9223372036854775807, 0, 9223372036854230807
1, 546, 0, 9223372036854775807, 0, 9223372036854229807
1, 547, 0, 9223372036854775807, 0, 9223372036854228807
1, 548, 0, 9223372036854775807, 0, 9223372036854227807
1, 549, 0, 9223372036854775807, 0, 9223372036854226807
1, 55, 0, 9223372036854775807, 0, 9223372036854720807
1, 550, 0, 9223372036854775807, 0, 9223372036854225807
1, 551, 0, 9223372036854775807, 0, 9223372036854224807
1, 552, 0, 9223372036854775807, 0, 9223372036854223807
1, 553, 0, 9223372036854775807, 0, 9223372036854222807
1, 554, 0, 9223372036854775807, 0, 9223372036854221807
1, 555, 0, 9223372036854775807, 0, 9223372036854220807
1, 556, 0, 9223372036854775807, 0, 9223372036854219807
1, 557, 0, 9223372036854775807, 0, 9223372036854218807
1, 558, 0, 9223372036854775807, 0, 9223372036854217807
1, 559, 0, 9223372036854775807, 0, 9223372036854216807
1, 56, 0, 9223372036854775807, 0, 9223372036854719807
1, 560, 0, 9223372036854775807, 0, 9223372036854215807
1, 561, 0, 9223372036854775807, 0, 9223372036854214807
1, 562, 0, 9223372036854775807, 0, 9223372036854213807
1, 563, 0, 9223372036854775807, 0, 9223372036854212807
1, 564, 0, 9223372036854775807, 0, 9223372036854211807
1, 565, 0, 9223372036854775807, 0, 9223372036854210807
1, 566, 0, 9223372036854775807, 0, 9223372036854209807
1, 567, 0, 9223372036854775807, 0, 9223372036854208807
1, 568, 0, 9223372036854775807, 0, 9223372036854207807
1, 569, 0, 9223372036854775807, 0, 9223372036854206807
1, 57, 0, 9223372036854775807, 0, 9223372036854718807
1, 570, 0, 9223372036854775807, 0, 9223372036854205807
1, 571, 0, 9223372036854775807, 0, 9223372036854204807
1, 572, 0, 9223372036854775807, 0, 9223372036854203807
1, 573, 0, 9223372036854775807, 0, 9223372036854202807
1, 574, 0, 9223372036854775807, 0, 9223372036854201807
1, 575, 0, 9223372036854775807, 0, 9223372036854200807
1, 576, 0, 9223372036854775807, 0, 9223372036854199807
1, 577, 0, 9223372036854775807, 0, 9223372036854198807
1, 578, 0, 9223372036854775807, 0, 9223372036854197807
1, 579, 0, 9223372036854775807, 0, 9223372036854196807
1, 58, 0, 9223372036854775807, 0, 9223372036854717807
1, 580, 0, 9223372036854775807, 0, 9223372036854195807
1, 581, 0, 9223372036854775807, 0, 9223372036854194807
1, 582, 0, 9223372036854775807, 0, 9223372036854193807
1, 583, 0, 9223372036854775807, 0, 9223372036854192807
1, 584, 0, 9223372036854775807, 0, 9223372036854191807
1, 585, 0, 9223372036854775807, 0, 9223372036854190807
1, 586, 0, 9223372036854775807, 0, 9223372036854189807
1, 587, 0, 9223372036854775807, 0, 9223372036854188807
1, 588, 0, 9223372036854775807, 0, 9223372036854187807
1, 589, 0, 9223372036854775807, 0, 9223372036854186807
1, 59, 0, 9223372036854775807, 0, 9223372036854716807
1, 590, 0, 9223372036854775807, 0, 9223372036854185807
1, 591, 0, 9223372036854775807, 0, 9223372036854184807
1, 592, 0, 9223372036854775807, 0, 9223372036854183807
1, 593, 0, 9223372036854775807, 0, 9223372036854182807
1, 594, 0, 9223372036854775807, 0, 9223372036854181807
1, 595, 0, 9223372036854775807, 0, 9223372036854180807
1, 596, 0, 9223372036854775807, 0, 9223372036854179807
1, 597, 0, 9223372036854775807, 0, 9223372036854178807
1, 598, 0, 9223372036854775807, 0, 9223372036854177807
1, 599, 0, 9223372036854775807, 0, 9223372036854176807
1, 6, 0, 9223372036854775807, 0, 9223372036854769807
1, 60, 0, 9223372036854775807, 0, 9223372036854715807
1, 61, 0, 9223372036854775807, 0, 9223372036854714807
1, 62, 0, 9223372036854775807, 0, 9223372036854713807
1, 63, 0, 9223372036854775807, 0, 9223372036854712807
1, 64, 0, 9223372036854775807, 0, 9223372036854711807
1, 65, 0, 9223372036854775807, 0, 9223372036854710807
1, 66, 0, 9223372036854775807, 0, 9223372036854709807
1, 67, 0, 9223372036854775807, 0, 9223372036854708807
1, 68, 0, 9223372036854775807, 0, 9223372036854707807
1, 69, 0, 9223372036854775807, 0, 9223372036854706807
1, 7, 0, 9223372036854775807, 0, 9223372036854768807
1, 70, 0, 9223372036854775807, 0, 9223372036854705807
1, 71, 0, 9223372036854775807, 0, 9223372036854704807
1, 72, 0, 9223372036854775807, 0, 9223372036854703807
1, 73, 0, 9223372036854775807, 0, 9223372036854702807
1, 74, 0, 9223372036854775807, 0, 9223372036854701807
1, 75, 0, 9223372036854775807, 0, 9223372036854700807
1, 76, 0, 9223372036854775807, 0, 9223372036854699807
1, 77, 0, 9223372036854775807, 0, 9223372036854698807
1, 78, 0, 9223372036854775807, 0, 9223372036854697807
1, 79, 0, 9223372036854775807, 0, 9223372036854696807
1, 8, 0, 9223372036854775807, 0, 9223372036854767807
1, 80, 0, 9223372036854775807, 0, 9223372036854695807
1, 81, 0, 9223372036854775807, 0, 9223372036854694807
1, 82, 0, 9223372036854775807, 0, 9223372036854693807
1, 83, 0, 9223372036854775807, 0, 9223372036854692807
1, 84, 0, 9223372036854775807, 0, 9223372036854691807
1, 85, 0, 9223372036854775807, 0, 9223372036854690807
1, 86, 0, 9223372036854775807, 0, 9223372036854689807
1, 87, 0, 9223372036854775807, 0, 9223372036854688807
1, 88, 0, 9223372036854775807, 0, 9223372036854687807
1, 89, 0, 9223372036854775807, 0, 9223372036854686807
1, 9, 0, 9223372036854775807, 0, 9223372036854766807
1, 90, 0, 9223372036854775807, 0, 9223372036854685807
1, 91, 0, 9223372036854775807, 0, 9223372036854684807
1, 92, 0, 9223372036854775807, 0, 9223372036854683807
1, 93, 0, 9223372036854775807, 0, 9223372036854682807
1, 94, 0, 9223372036854775807, 0, 9223372036854681807
1, 95, 0, 9223372036854775807, 0, 9223372036854680807
1, 96, 0, 9223372036854775807, 0, 9223372036854679807
1, 97, 0, 9223372036854775807, 0, 9223372036854678807
1, 98, 0, 9223372036854775807, 0, 9223372036854677807
1, 99, 0, 9223372036854775807, 0, 9223372036854676807
2, 0, 24, 139, 24, 139
2, 1, 0, 9223372036854775807, 0, 9223372036854773807
2, 10, 0, 9223372036854775807, 0, 9223372036854755807
2, 100, 0, 9223372036854775807, 0, 9223372036854575807
2, 101, 0, 9223372036854775807, 0, 9223372036854573807
2, 102, 0, 9223372036854775807, 0, 9223372036854571807
2, 103, 0, 9223372036854775807, 0, 9223372036854569807
2, 104, 0, 9223372036854775807, 0, 9223372036854567807
2, 105, 0, 9223372036854775807, 0, 9223372036854565807
2, 106, 0, 9223372036854775807, 0, 9223372036854563807
2, 107, 0, 9223372036854775807, 0, 9223372036854561807
2, 108, 0, 9223372036854775807, 0, 9223372036854559807
2, 109, 0, 9223372036854775807, 0, 9223372036854557807
2, 11, 0, 9223372036854775807, 0, 9223372036854753807
2, 110, 0, 9223372036854775807, 0, 9223372036854555807
2, 111, 0, 9223372036854775807, 0, 9223372036854553807
2, 112, 0, 9223372036854775807, 0, 9223372036854551807
2, 113, 0, 9223372036854775807, 0, 9223372036854549807
2, 114, 0, 9223372036854775807, 0, 9223372036854547807
2, 115, 0, 9223372036854775807, 0, 9223372036854545807
2, 116, 0, 9223372036854775807, 0, 9223372036854543807
2, 117, 0, 9223372036854775807, 0, 9223372036854541807
2, 118, 0, 9223372036854775807, 0, 9223372036854539807
2, 119, 0, 9223372036854775807, 0, 9223372036854537807
2, 12, 0, 9223372036854775807, 0, 9223372036854751807
2, 120, 0, 9223372036854775807, 0, 9223372036854535807
2, 121, 0, 9223372036854775807, 0, 9223372036854533807
2, 122, 0, 9223372036854775807, 0, 9223372036854531807
2, 123, 0, 9223372036854775807, 0, 9223372036854529807
2, 124, 0, 9223372036854775807, 0, 9223372036854527807
2, 125, 0, 9223372036854775807, 0, 9223372036854525807
2, 126, 0, 9223372036854775807, 0, 9223372036854523807
2, 127, 0, 9223372036854775807, 0, 9223372036854521807
2, 128, 0, 9223372036854775807, 0, 9223372036854519807
2, 129, 0, 9223372036854775807, 0, 9223372036854517807
2, 13, 0, 9223372036854775807, 0, 9223372036854749807
2, 130, 0, 9223372036854775807, 0, 9223372036854515807
2, 131, 0, 9223372036854775807, 0, 9223372036854513807
2, 132, 0, 9223372036854775807, 0, 9223372036854511807
2, 133, 0, 9223372036854775807, 0, 9223372036854509807
2, 134, 0, 9223372036854775807, 0, 9223372036854507807
2, 135, 0, 9223372036854775807, 0, 9223372036854505807
2, 136, 0, 9223372036854775807, 0, 9223372036854503807
2, 137, 0, 9223372036854775807, 0, 9223372036854501807
2, 138, 0, 9223372036854775807, 0, 9223372036854499807
2, 139, 0, 9223372036854775807, 0, 9223372036854497807
2, 14, 0, 9223372036854775807, 0, 9223372036854747807
2, 140, 0, 9223372036854775807, 0, 9223372036854495807
2, 141, 0, 9223372036854775807, 0, 9223372036854493807
2, 142, 0, 9223372036854775807, 0, 9223372036854491807
2, 143, 0, 9223372036854775807, 0, 9223372036854489807
2, 144, 0, 9223372036854775807, 0, 9223372036854487807
2, 145, 0, 9223372036854775807, 0, 9223372036854485807
2, 146, 0, 9223372036854775807, 0, 9223372036854483807
2, 147, 0, 9223372036854775807, 0, 9223372036854481807
2, 148, 0, 9223372036854775807, 0, 9223372036854479807
2, 149, 0, 9223372036854775807, 0, 9223372036854477807
2, 15, 0, 9223372036854775807, 0, 9223372036854745807
2, 150, 0, 9223372036854775807, 0, 9223372036854475807
2, 151, 0, 9223372036854775807, 0, 9223372036854473807
2, 152, 0, 9223372036854775807, 0, 9223372036854471807
2, 153, 0, 9223372036854775807, 0, 9223372036854469807
2, 154, 0, 9223372036854775807, 0, 9223372036854467807
2, 155, 0, 9223372036854775807, 0, 9223372036854465807
2, 156, 0, 9223372036854775807, 0, 9223372036854463807
2, 157, 0, 9223372036854775807, 0, 9223372036854461807
2, 158, 0, 9223372036854775807, 0, 9223372036854459807
2, 159, 0, 9223372036854775807, 0, 9223372036854457807
2, 16, 0, 9223372036854775807, 0, 9223372036854743807
2, 160, 0, 9223372036854775807, 0, 9223372036854455807
2, 161, 0, 9223372036854775807, 0, 9223372036854453807
2, 162, 0, 9223372036854775807, 0, 9223372036854451807
2, 163, 0, 9223372036854775807, 0, 9223372036854449807
2, 164, 0, 9223372036854775807, 0, 9223372036854447807
2, 165, 0, 9223372036854775807, 0, 9223372036854445807
2, 166, 0, 9223372036854775807, 0, 9223372036854443807
2, 167, 0, 9223372036854775807, 0, 9223372036854441807
2, 168, 0, 9223372036854775807, 0, 9223372036854439807
2, 169, 0, 9223372036854775807, 0, 9223372036854437807
2, 17, 0, 9223372036854775807, 0, 9223372036854741807
2, 170, 0, 9223372036854775807, 0, 9223372036854435807
2, 171, 0, 9223372036854775807, 0, 9223372036854433807
2, 172, 0, 9223372036854775807, 0, 9223372036854431807
2, 173, 0, 9223372036854775807, 0, 9223372036854429807
2, 174, 0, 9223372036854775807, 0, 9223372036854427807
2, 175, 0, 9223372036854775807, 0, 9223372036854425807
2, 176, 0, 9223372036854775807, 0, 9223372036854423807
2, 177, 0, 9223372036854775807, 0, 9223372036854421807
2, 178, 0, 9223372036854775807, 0, 9223372036854419807
2, 179, 0, 9223372036854775807, 0, 9223372036854417807
2, 18, 0, 9223372036854775807, 0, 9223372036854739807
2, 180, 0, 9223372036854775807, 0, 9223372036854415807
2, 181, 0, 9223372036854775807, 0, 9223372036854413807
2, 182, 0, 9223372036854775807, 0, 9223372036854411807
2, 183, 0, 9223372036854775807, 0, 9223372036854409807
2, 184, 0, 9223372036854775807, 0, 9223372036854407807
2, 185, 0, 9223372036854775807, 0, 9223372036854405807
2, 186, 0, 9223372036854775807, 0, 9223372036854403807
2, 187, 0, 9223372036854775807, 0, 9223372036854401807
2, 188, 0, 9223372036854775807, 0, 9223372036854399807
2, 189, 0, 9223372036854775807, 0, 9223372036854397807
2, 19, 0, 9223372036854775807, 0, 9223372036854737807
2, 190, 0, 9223372036854775807, 0, 9223372036854395807
2, 191, 0, 9223372036854775807, 0, 9223372036854393807
2, 192, 0, 9223372036854775807, 0, 9223372036854391807
2, 193, 0, 9223372036854775807, 0, 9223372036854389807
2, 194, 0, 9223372036854775807, 0, 9223372036854387807
2, 195, 0, 9223372036854775807, 0, 9223372036854385807
2, 196, 0, 9223372036854775807, 0, 9223372036854383807
2, 197, 0, 9223372036854775807, 0, 9223372036854381807
2, 198, 0, 9223372036854775807, 0, 9223372036854379807
2, 199, 0, 9223372036854775807, 0, 9223372036854377807
2, 2, 0, 9223372036854775807, 0, 9223372036854771807
2, 20, 0, 9223372036854775807, 0, 9223372036854735807
2, 200, 0, 9223372036854775807, 0, 9223372036854375807
2, 201, 0, 9223372036854775807, 0, 9223372036854373807
2, 202, 0, 9223372036854775807, 0, 9223372036854371807
2, 203, 0, 9223372036854775807, 0, 9223372036854369807
2, 204, 0, 9223372036854775807, 0, 9223372036854367807
2, 205, 0, 9223372036854775807, 0, 9223372036854365807
2, 206, 0, 9223372036854775807, 0, 9223372036854363807
2, 207, 0, 9223372036854775807, 0, 9223372036854361807
2, 208, 0, 9223372036854775807, 0, 9223372036854359807
2, 209, 0, 9223372036854775807, 0, 9223372036854357807
2, 21, 0, 9223372036854775807, 0, 9223372036854733807
2, 210, 0, 9223372036854775807, 0, 9223372036854355807
2, 211, 0, 9223372036854775807, 0, 9223372036854353807
2, 212, 0, 9223372036854775807, 0, 9223372036854351807
2, 213, 0, 9223372036854775807, 0, 9223372036854349807
2, 214, 0, 9223372036854775807, 0, 9223372036854347807
2, 215, 0, 9223372036854775807, 0, 9223372036854345807
2, 216, 0, 9223372036854775807, 0, 9223372036854343807
2, 217, 0, 9223372036854775807, 0, 9223372036854341807
2, 218, 0, 9223372036854775807, 0, 9223372036854339807
2, 219, 0, 9223372036854775807, 0, 9223372036854337807
2, 22, 0, 9223372036854775807, 0, 9223372036854731807
2, 220, 0, 9223372036854775807, 0, 9223372036854335807
2, 221, 0, 9223372036854775807, 0, 9223372036854333807
2, 222, 0, 9223372036854775807, 0, 9223372036854331807
2, 223, 0, 9223372036854775807, 0, 9223372036854329807
2, 224, 0, 9223372036854775807, 0, 9223372036854327807
2, 225, 0, 9223372036854775807, 0, 9223372036854325807
2, 226, 0, 9223372036854775807, 0, 9223372036854323807
2, 227, 0, 9223372036854775807, 0, 9223372036854321807
2, 228, 0, 9223372036854775807, 0, 9223372036854319807
2, 229, 0, 9223372036854775807, 0, 9223372036854317807
2, 23, 0, 9223372036854775807, 0, 9223372036854729807
2, 230, 0, 9223372036854775807, 0, 9223372036854315807
2, 231, 0, 9223372036854775807, 0, 9223372036854313807
2, 232, 0, 9223372036854775807, 0, 9223372036854311807
2, 233, 0, 9223372036854775807, 0, 9223372036854309807
2, 234, 0, 9223372036854775807, 0, 9223372036854307807
2, 235, 0, 9223372036854775807, 0, 9223372036854305807
2, 236, 0, 9223372036854775807, 0, 9223372036854303807
2, 237, 0, 9223372036854775807, 0, 9223372036854301807
2, 238, 0, 9223372036854775807, 0, 9223372036854299807
2, 239, 0, 9223372036854775807, 0, 9223372036854297807
2, 24, 0, 9223372036854775807, 0, 9223372036854727807
2, 240, 0, 9223372036854775807, 0, 9223372036854295807
2, 241, 0, 9223372036854775807, 0, 9223372036854293807
2, 242, 0, 9223372036854775807, 0, 9223372036854291807
2, 243, 0, 9223372036854775807, 0, 9223372036854289807
2, 244, 0, 9223372036854775807, 0, 9223372036854287807
2, 245, 0, 9223372036854775807, 0, 9223372036854285807
2, 246, 0, 9223372036854775807, 0, 9223372036854283807
2, 247, 0, 9223372036854775807, 0, 9223372036854281807
2, 248, 0, 9223372036854775807, 0, 9223372036854279807
2, 249, 0, 9223372036854775807, 0, 9223372036854277807
2, 25, 0, 9223372036854775807, 0, 9223372036854725807
2, 250, 0, 9223372036854775807, 0, 9223372036854275807
2, 251, 0, 9223372036854775807, 0, 9223372036854273807
2, 252, 0, 9223372036854775807, 0, 9223372036854271807
2, 253, 0, 9223372036854775807, 0, 9223372036854269807
2, 254, 0, 9223372036854775807, 0, 9223372036854267807
2, 255, 0, 9223372036854775807, 0, 9223372036854265807
2, 256, 0, 9223372036854775807, 0, 9223372036854263807
2, 257, 0, 9223372036854775807, 0, 9223372036854261807
2, 258, 0, 9223372036854775807, 0, 9223372036854259807
2, 259, 0, 9223372036854775807, 0, 9223372036854257807
2, 26, 0, 9223372036854775807, 0, 9223372036854723807
2, 260, 0, 9223372036854775807, 0, 9223372036854255807
2, 261, 0, 9223372036854775807, 0, 9223372036854253807
2, 262, 0, 9223372036854775807, 0, 9223372036854251807
2, 263, 0, 9223372036854775807, 0, 9223372036854249807
2, 264, 0, 9223372036854775807, 0, 9223372036854247807
2, 265, 0, 9223372036854775807, 0, 9223372036854245807
2, 266, 0, 9223372036854775807, 0, 9223372036854243807
2, 267, 0, 9223372036854775807, 0, 9223372036854241807
2, 268, 0, 9223372036854775807, 0, 9223372036854239807
2, 269, 0, 9223372036854775807, 0, 9223372036854237807
2, 27, 0, 9223372036854775807, 0, 9223372036854721807
2, 270, 0, 9223372036854775807, 0, 9223372036854235807
2, 271, 0, 9223372036854775807, 0, 9223372036854233807
2, 272, 0, 9223372036854775807, 0, 9223372036854231807
2, 273, 0, 9223372036854775807, 0, 9223372036854229807
2, 274, 0, 9223372036854775807, 0, 9223372036854227807
2, 275, 0, 9223372036854775807, 0, 9223372036854225807
2, 276, 0, 9223372036854775807, 0, 9223372036854223807
2, 277, 0, 9223372036854775807, 0, 9223372036854221807
2, 278, 0, 9223372036854775807, 0, 9223372036854219807
2, 279, 0, 9223372036854775807, 0, 9223372036854217807
2, 28, 0, 9223372036854775807, 0, 9223372036854719807
2, 280, 0, 9223372036854775807, 0, 9223372036854215807
2, 281, 0, 9223372036854775807, 0, 9223372036854213807
2, 282, 0, 9223372036854775807, 0, 9223372036854211807
2, 283, 0, 9223372036854775807, 0, 9223372036854209807
2, 284, 0, 9223372036854775807, 0, 9223372036854207807
2, 285, 0, 9223372036854775807, 0, 9223372036854205807
2, 286, 0, 9223372036854775807, 0, 9223372036854203807
2, 287, 0, 9223372036854775807, 0, 9223372036854201807
2, 288, 0, 9223372036854775807, 0, 9223372036854199807
2, 289, 0, 9223372036854775807, 0, 9223372036854197807
2, 29, 0, 9223372036854775807, 0, 9223372036854717807
2, 290, 0, 9223372036854775807, 0, 9223372036854195807
2, 291, 0, 9223372036854775807, 0, 9223372036854193807
2, 292, 0, 9223372036854775807, 0, 9223372036854191807
2, 293, 0, 9223372036854775807, 0, 9223372036854189807
2, 294, 0, 9223372036854775807, 0, 9223372036854187807
2, 295, 0, 9223372036854775807, 0, 9223372036854185807
2, 296, 0, 9223372036854775807, 0, 9223372036854183807
2, 297, 0, 9223372036854775807, 0, 9223372036854181807
2, 298, 0, 9223372036854775807, 0, 9223372036854179807
2, 299, 0, 9223372036854775807, 0, 9223372036854177807
2, 3, 0, 9223372036854775807, 0, 9223372036854769807
2, 30, 0, 9223372036854775807, 0, 9223372036854715807
2, 31, 0, 9223372036854775807, 0, 9223372036854713807
2, 32, 0, 9223372036854775807, 0, 9223372036854711807
2, 33, 0, 9223372036854775807, 0, 9223372036854709807
2, 34, 0, 9223372036854775807, 0, 9223372036854707807
2, 35, 0, 9223372036854775807, 0, 9223372036854705807
2, 36, 0, 9223372036854775807, 0, 9223372036854703807
2, 37, 0, 9223372036854775807, 0, 9223372036854701807
2, 38, 0, 9223372036854775807, 0, 9223372036854699807
2, 39, 0, 9223372036854775807, 0, 9223372036854697807
2, 4, 0, 9223372036854775807, 0, 9223372036854767807
2, 40, 0, 9223372036854775807, 0, 9223372036854695807
2, 41, 0, 9223372036854775807, 0, 9223372036854693807
2, 42, 0, 9223372036854775807, 0, 9223372036854691807
2, 43, 0, 9223372036854775807, 0, 9223372036854689807
2, 44, 0, 9223372036854775807, 0, 9223372036854687807
2, 45, 0, 9223372036854775807, 0, 9223372036854685807
2, 46, 0, 9223372036854775807, 0, 9223372036854683807
2, 47, 0, 9223372036854775807, 0, 9223372036854681807
2, 48, 0, 9223372036854775807, 0, 9223372036854679807
2, 49, 0, 9223372036854775807, 0, 9223372036854677807
2, 5, 0, 9223372036854775807, 0, 9223372036854765807
2, 50, 0, 9223372036854775807, 0, 9223372036854675807
2, 51, 0, 9223372036854775807, 0, 9223372036854673807
2, 52, 0, 9223372036854775807, 0, 9223372036854671807
2, 53, 0, 9223372036854775807, 0, 9223372036854669807
2, 54, 0, 9223372036854775807, 0, 9223372036854667807
2, 55, 0, 9223372036854775807, 0, 9223372036854665807
2, 56, 0, 9223372036854775807, 0, 9223372036854663807
2, 57, 0, 9223372036854775807, 0, 9223372036854661807
2, 58, 0, 9223372036854775807, 0, 9223372036854659807
2, 59, 0, 9223372036854775807, 0, 9223372036854657807
2, 6, 0, 9223372036854775807, 0, 9223372036854763807
2, 60, 0, 9223372036854775807, 0, 9223372036854655807
2, 61, 0, 9223372036854775807, 0, 9223372036854653807
2, 62, 0, 9223372036854775807, 0, 9223372036854651807
2, 63, 0, 9223372036854775807, 0, 9223372036854649807
2, 64, 0, 9223372036854775807, 0, 9223372036854647807
2, 65, 0, 9223372036854775807, 0, 9223372036854645807
2, 66, 0, 9223372036854775807, 0, 9223372036854643807
2, 67, 0, 9223372036854775807, 0, 9223372036854641807
2, 68, 0, 9223372036854775807, 0, 9223372036854639807
2, 69, 0, 9223372036854775807, 0, 9223372036854637807
2, 7, 0, 9223372036854775807, 0, 9223372036854761807
2, 70, 0, 9223372036854775807, 0, 9223372036854635807
2, 71, 0, 9223372036854775807, 0, 9223372036854633807
2, 72, 0, 9223372036854775807, 0, 9223372036854631807
2, 73, 0, 9223372036854775807, 0, 9223372036854629807
2, 74, 0, 9223372036854775807, 0, 9223372036854627807
2, 75, 0, 9223372036854775807, 0, 9223372036854625807
2, 76, 0, 9223372036854775807, 0, 9223372036854623807
2, 77, 0, 9223372036854775807, 0, 9223372036854621807
2, 78, 0, 9223372036854775807, 0, 9223372036854619807
2, 79, 0, 9223372036854775807, 0, 9223372036854617807
2, 8, 0, 9223372036854775807, 0, 9223372036854759807
2, 80, 0, 9223372036854775807, 0, 9223372036854615807
2, 81, 0, 9223372036854775807, 0, 9223372036854613807
2, 82, 0, 9223372036854775807, 0, 9223372036854611807
2, 83, 0, 9223372036854775807, 0, 9223372036854609807
2, 84, 0, 9223372036854775807, 0, 9223372036854607807
2, 85, 0, 9223372036854775807, 0, 9223372036854605807
2, 86, 0, 9223372036854775807, 0, 9223372036854603807
2, 87, 0, 9223372036854775807, 0, 9223372036854601807
2, 88, 0, 9223372036854775807, 0, 9223372036854599807
2, 89, 0, 9223372036854775807, 0, 9223372036854597807
2, 9, 0, 9223372036854775807, 0, 9223372036854757807
2, 90, 0, 9223372036854775807, 0, 9223372036854595807
2, 91, 0, 9223372036854775807, 0, 9223372036854593807
2, 92, 0, 9223372036854775807, 0, 9223372036854591807
2, 93, 0, 9223372036854775807, 0, 9223372036854589807
2, 94, 0, 9223372036854775807, 0, 9223372036854587807
2, 95, 0, 9223372036854775807, 0, 9223372036854585807
2, 96, 0, 9223372036854775807, 0, 9223372036854583807
2, 97, 0, 9223372036854775807, 0, 9223372036854581807
2, 98, 0, 9223372036854775807, 0, 9223372036854579807
2, 99, 0, 9223372036854775807, 0, 9223372036854577807
3, 0, 105, 325, 105, 325
3, 1, 0, 9223372036854775807, 0, 9223372036854772807
3, 10, 0, 9223372036854775807, 0, 9223372036854745807
3, 100, 0, 9223372036854775807, 0, 9223372036854475807
3, 101, 0, 9223372036854775807, 0, 9223372036854472807
3, 102, 0, 9223372036854775807, 0, 9223372036854469807
3, 103, 0, 9223372036854775807, 0, 9223372036854466807
3, 104, 0, 9223372036854775807, 0, 9223372036854463807
3, 105, 0, 9223372036854775807, 0, 9223372036854460807
3, 106, 0, 9223372036854775807, 0, 9223372036854457807
3, 107, 0, 9223372036854775807, 0, 9223372036854454807
3, 108, 0, 9223372036854775807, 0, 9223372036854451807
3, 109, 0, 9223372036854775807, 0, 9223372036854448807
3, 11, 0, 9223372036854775807, 0, 9223372036854742807
3, 110, 0, 9223372036854775807, 0, 9223372036854445807
3, 111, 0, 9223372036854775807, 0, 9223372036854442807
3, 112, 0, 9223372036854775807, 0, 9223372036854439807
3, 113, 0, 9223372036854775807, 0, 9223372036854436807
3, 114, 0, 9223372036854775807, 0, 9223372036854433807
3, 115, 0, 9223372036854775807, 0, 9223372036854430807
3, 116, 0, 9223372036854775807, 0, 9223372036854427807
3, 117, 0, 9223372036854775807, 0, 9223372036854424807
3, 118, 0, 9223372036854775807, 0, 9223372036854421807
3, 119, 0, 9223372036854775807, 0, 9223372036854418807
3, 12, 0, 9223372036854775807, 0, 9223372036854739807
3, 120, 0, 9223372036854775807, 0, 9223372036854415807
3, 121, 0, 9223372036854775807, 0, 9223372036854412807
3, 122, 0, 9223372036854775807, 0, 9223372036854409807
3, 123, 0, 9223372036854775807, 0, 9223372036854406807
3, 124, 0, 9223372036854775807, 0, 9223372036854403807
3, 125, 0, 9223372036854775807, 0, 9223372036854400807
3, 126, 0, 9223372036854775807, 0, 9223372036854397807
3, 127, 0, 9223372036854775807, 0, 9223372036854394807
3, 128, 0, 9223372036854775807, 0, 9223372036854391807
3, 129, 0, 9223372036854775807, 0, 9223372036854388807
3, 13, 0, 9223372036854775807, 0, 9223372036854736807
3, 130, 0, 9223372036854775807, 0, 9223372036854385807
3, 131, 0, 9223372036854775807, 0, 9223372036854382807
3, 132, 0, 9223372036854775807, 0, 9223372036854379807
3, 133, 0, 9223372036854775807, 0, 9223372036854376807
3, 134, 0, 9223372036854775807, 0, 9223372036854373807
3, 135, 0, 9223372036854775807, 0, 9223372036854370807
3, 136, 0, 9223372036854775807, 0, 9223372036854367807
3, 137, 0, 9223372036854775807, 0, 9223372036854364807
3, 138, 0, 9223372036854775807, 0, 9223372036854361807
3, 139, 0, 9223372036854775807, 0, 9223372036854358807
3, 14, 0, 9223372036854775807, 0, 9223372036854733807
3, 140, 0, 9223372036854775807, 0, 9223372036854355807
3, 141, 0, 9223372036854775807, 0, 9223372036854352807
3, 142, 0, 9223372036854775807, 0, 9223372036854349807
3, 143, 0, 9223372036854775807, 0, 9223372036854346807
3, 144, 0, 9223372036854775807, 0, 9223372036854343807
3, 145, 0, 9223372036854775807, 0, 9223372036854340807
3, 146, 0, 9223372036854775807, 0, 9223372036854337807
3, 147, 0, 9223372036854775807, 0, 9223372036854334807
3, 148, 0, 9223372036854775807, 0, 9223372036854331807
3, 149, 0, 9223372036854775807, 0, 9223372036854328807
3, 15, 0, 9223372036854775807, 0, 9223372036854730807
3, 150, 0, 9223372036854775807, 0, 9223372036854325807
3, 151, 0, 9223372036854775807, 0, 9223372036854322807
3, 152, 0, 9223372036854775807, 0, 9223372036854319807
3, 153, 0, 9223372036854775807, 0, 9223372036854316807
3, 154, 0, 9223372036854775807, 0, 9223372036854313807
3, 155, 0, 9223372036854775807, 0, 9223372036854310807
3, 156, 0, 9223372036854775807, 0, 9223372036854307807
3, 157, 0, 9223372036854775807, 0, 9223372036854304807
3, 158, 0, 9223372036854775807, 0, 9223372036854301807
3, 159, 0, 9223372036854775807, 0, 9223372036854298807
3, 16, 0, 9223372036854775807, 0, 9223372036854727807
3, 160, 0, 9223372036854775807, 0, 9223372036854295807
3, 161, 0, 9223372036854775807, 0, 9223372036854292807
3, 162, 0, 9223372036854775807, 0, 9223372036854289807
3, 163, 0, 9223372036854775807, 0, 9223372036854286807
3, 164, 0, 9223372036854775807, 0, 9223372036854283807
3, 165, 0, 9223372036854775807, 0, 9223372036854280807
3, 166, 0, 9223372036854775807, 0, 9223372036854277807
3, 167, 0, 9223372036854775807, 0, 9223372036854274807
3, 168, 0, 9223372036854775807, 0, 9223372036854271807
3, 169, 0, 9223372036854775807, 0, 9223372036854268807
3, 17, 0, 9223372036854775807, 0, 9223372036854724807
3, 170, 0, 9223372036854775807, 0, 9223372036854265807
3, 171, 0, 9223372036854775807, 0, 9223372036854262807
3, 172, 0, 9223372036854775807, 0, 9223372036854259807
3, 173, 0, 9223372036854775807, 0, 9223372036854256807
3, 174, 0, 9223372036854775807, 0, 9223372036854253807
3, 175, 0, 9223372036854775807, 0, 9223372036854250807
3, 176, 0, 9223372036854775807, 0, 9223372036854247807
3, 177, 0, 9223372036854775807, 0, 9223372036854244807
3, 178, 0, 9223372036854775807, 0, 9223372036854241807
3, 179, 0, 9223372036854775807, 0, 9223372036854238807
3, 18, 0, 9223372036854775807, 0, 9223372036854721807
3, 180, 0, 9223372036854775807, 0, 9223372036854235807
3, 181, 0, 9223372036854775807, 0, 9223372036854232807
3, 182, 0, 9223372036854775807, 0, 9223372036854229807
3, 183, 0, 9223372036854775807, 0, 9223372036854226807
3, 184, 0, 9223372036854775807, 0, 9223372036854223807
3, 185, 0, 9223372036854775807, 0, 9223372036854220807
3, 186, 0, 9223372036854775807, 0, 9223372036854217807
3, 187, 0, 9223372036854775807, 0, 9223372036854214807
3, 188, 0, 9223372036854775807, 0, 9223372036854211807
3, 189, 0, 9223372036854775807, 0, 9223372036854208807
3, 19, 0, 9223372036854775807, 0, 9223372036854718807
3, 190, 0, 9223372036854775807, 0, 9223372036854205807
3, 191, 0, 9223372036854775807, 0, 9223372036854202807
3, 192, 0, 9223372036854775807, 0, 9223372036854199807
3, 193, 0, 9223372036854775807, 0, 9223372036854196807
3, 194, 0, 9223372036854775807, 0, 9223372036854193807
3, 195, 0, 9223372036854775807, 0, 9223372036854190807
3, 196, 0, 9223372036854775807, 0, 9223372036854187807
3, 197, 0, 9223372036854775807, 0, 9223372036854184807
3, 198, 0, 9223372036854775807, 0, 9223372036854181807
3, 199, 0, 9223372036854775807, 0, 9223372036854178807
3, 2, 0, 9223372036854775807, 0, 9223372036854769807
3, 20, 0, 9223372036854775807, 0, 9223372036854715807
3, 21, 0, 9223372036854775807, 0, 9223372036854712807
3, 22, 0, 9223372036854775807, 0, 9223372036854709807
3, 23, 0, 9223372036854775807, 0, 9223372036854706807
3, 24, 0, 9223372036854775807, 0, 9223372036854703807
3, 25, 0, 9223372036854775807, 0, 9223372036854700807
3, 26, 0, 9223372036854775807, 0, 9223372036854697807
3, 27, 0, 9223372036854775807, 0, 9223372036854694807
3, 28, 0, 9223372036854775807, 0, 9223372036854691807
3, 29, 0, 9223372036854775807, 0, 9223372036854688807
3, 3, 0, 9223372036854775807, 0, 9223372036854766807
3, 30, 0, 9223372036854775807, 0, 9223372036854685807
3, 31, 0, 9223372036854775807, 0, 9223372036854682807
3, 32, 0, 9223372036854775807, 0, 9223372036854679807
3, 33, 0, 9223372036854775807, 0, 9223372036854676807
3, 34, 0, 9223372036854775807, 0, 9223372036854673807
3, 35, 0, 9223372036854775807, 0, 9223372036854670807
3, 36, 0, 9223372036854775807, 0, 9223372036854667807
3, 37, 0, 9223372036854775807, 0, 9223372036854664807
3, 38, 0, 9223372036854775807, 0, 9223372036854661807
3, 39, 0, 9223372036854775807, 0, 9223372036854658807
3, 4, 0, 9223372036854775807, 0, 9223372036854763807
3, 40, 0, 9223372036854775807, 0, 9223372036854655807
3, 41, 0, 9223372036854775807, 0, 9223372036854652807
3, 42, 0, 9223372036854775807, 0, 9223372036854649807
3, 43, 0, 9223372036854775807, 0, 9223372036854646807
3, 44, 0, 9223372036854775807, 0, 9223372036854643807
3, 45, 0, 9223372036854775807, 0, 9223372036854640807
3, 46, 0, 9223372036854775807, 0, 9223372036854637807
3, 47, 0, 9223372036854775807, 0, 9223372036854634807
3, 48, 0, 9223372036854775807, 0, 9223372036854631807
3, 49, 0, 9223372036854775807, 0, 9223372036854628807
3, 5, 0, 9223372036854775807, 0, 9223372036854760807
3, 50, 0, 9223372036854775807, 0, 9223372036854625807
3, 51, 0, 9223372036854775807, 0, 9223372036854622807
3, 52, 0, 9223372036854775807, 0, 9223372036854619807
3, 53, 0, 9223372036854775807, 0, 9223372036854616807
3, 54, 0, 9223372036854775807, 0, 9223372036854613807
3, 55, 0, 9223372036854775807, 0, 9223372036854610807
3, 56, 0, 9223372036854775807, 0, 9223372036854607807
3, 57, 0, 9223372036854775807, 0, 9223372036854604807
3, 58, 0, 9223372036854775807, 0, 9223372036854601807
3, 59, 0, 9223372036854775807, 0, 9223372036854598807
3, 6, 0, 9223372036854775807, 0, 9223372036854757807
3, 60, 0, 9223372036854775807, 0, 9223372036854595807
3, 61, 0, 9223372036854775807, 0, 9223372036854592807
3, 62, 0, 9223372036854775807, 0, 9223372036854589807
3, 63, 0, 9223372036854775807, 0, 9223372036854586807
3, 64, 0, 9223372036854775807, 0, 9223372036854583807
3, 65, 0, 9223372036854775807, 0, 9223372036854580807
3, 66, 0, 9223372036854775807, 0, 9223372036854577807
3, 67, 0, 9223372036854775807, 0, 9223372036854574807
3, 68, 0, 9223372036854775807, 0, 9223372036854571807
3, 69, 0, 9223372036854775807, 0, 9223372036854568807
3, 7, 0, 9223372036854775807, 0, 9223372036854754807
3, 70, 0, 9223372036854775807, 0, 9223372036854565807
3, 71, 0, 9223372036854775807, 0, 9223372036854562807
3, 72, 0, 9223372036854775807, 0, 9223372036854559807
3, 73, 0, 9223372036854775807, 0, 9223372036854556807
3, 74, 0, 9223372036854775807, 0, 9223372036854553807
3, 75, 0, 9223372036854775807, 0, 9223372036854550807
3, 76, 0, 9223372036854775807, 0, 9223372036854547807
3, 77, 0, 9223372036854775807, 0, 9223372036854544807
3, 78, 0, 9223372036854775807, 0, 9223372036854541807
3, 79, 0, 9223372036854775807, 0, 9223372036854538807
3, 8, 0, 9223372036854775807, 0, 9223372036854751807
3, 80, 0, 9223372036854775807, 0, 9223372036854535807
3, 81, 0, 9223372036854775807, 0, 9223372036854532807
3, 82, 0, 9223372036854775807, 0, 9223372036854529807
3, 83, 0, 9223372036854775807, 0, 9223372036854526807
3, 84, 0, 9223372036854775807, 0, 9223372036854523807
3, 85, 0, 9223372036854775807, 0, 9223372036854520807
3, 86, 0, 9223372036854775807, 0, 9223372036854517807
3, 87, 0, 9223372036854775807, 0, 9223372036854514807
3, 88, 0, 9223372036854775807, 0, 9223372036854511807
3, 89, 0, 9223372036854775807, 0, 9223372036854508807
3, 9, 0, 9223372036854775807, 0, 9223372036854748807
3, 90, 0, 9223372036854775807, 0, 9223372036854505807
3, 91, 0, 9223372036854775807, 0, 9223372036854502807
3, 92, 0, 9223372036854775807, 0, 9223372036854499807
3, 93, 0, 9223372036854775807, 0, 9223372036854496807
3, 94, 0, 9223372036854775807, 0, 9223372036854493807
3, 95, 0, 9223372036854775807, 0, 9223372036854490807
3, 96, 0, 9223372036854775807, 0, 9223372036854487807
3, 97, 0, 9223372036854775807, 0, 9223372036854484807
3, 98, 0, 9223372036854775807, 0, 9223372036854481807
3, 99, 0, 9223372036854775807, 0, 9223372036854478807
4, 0, 486, 1809, 486, 1809
4, 1, 0, 9223372036854775807, 0, 9223372036854755807
4, 10, 0, 9223372036854775807, 0, 9223372036854575807
4, 11, 0, 9223372036854775807, 0, 9223372036854555807
4, 12, 0, 9223372036854775807, 0, 9223372036854535807
4, 13, 0, 9223372036854775807, 0, 9223372036854515807
4, 14, 0, 9223372036854775807, 0, 9223372036854495807
4, 15, 0, 9223372036854775807, 0, 9223372036854475807
4, 16, 0, 9223372036854775807, 0, 9223372036854455807
4, 17, 0, 9223372036854775807, 0, 9223372036854435807
4, 18, 0, 9223372036854775807, 0, 9223372036854415807
4, 19, 0, 9223372036854775807, 0, 9223372036854395807
4, 2, 0, 9223372036854775807, 0, 9223372036854735807
4, 20, 0, 9223372036854775807, 0, 9223372036854375807
4, 21, 0, 9223372036854775807, 0, 9223372036854355807
4, 22, 0, 9223372036854775807, 0, 9223372036854335807
4, 23, 0, 9223372036854775807, 0, 9223372036854315807
4, 24, 0, 9223372036854775807, 0, 9223372036854295807
4, 25, 0, 9223372036854775807, 0, 9223372036854275807
4, 26, 0, 9223372036854775807, 0, 9223372036854255807
4, 27, 0, 9223372036854775807, 0, 9223372036854235807
4, 28, 0, 9223372036854775807, 0, 9223372036854215807
4, 29, 0, 9223372036854775807, 0, 9223372036854195807
4, 3, 0, 9223372036854775807, 0, 9223372036854715807
4, 4, 0, 9223372036854775807, 0, 9223372036854695807
4, 5, 0, 9223372036854775807, 0, 9223372036854675807
4, 6, 0, 9223372036854775807, 0, 9223372036854655807
4, 7, 0, 9223372036854775807, 0, 9223372036854635807
4, 8, 0, 9223372036854775807, 0, 9223372036854615807
4, 9, 0, 9223372036854775807, 0, 9223372036854595807
5, 0, 828, 2379, 828, 2379
5, 1, 0, 9223372036854775807, 0, 9223372036854755807
5, 10, 0, 9223372036854775807, 0, 9223372036854575807
5, 11, 0, 9223372036854775807, 0, 9223372036854555807
5, 12, 0, 9223372036854775807, 0, 9223372036854535807
5, 13, 0, 9223372036854775807, 0, 9223372036854515807
5, 14, 0, 9223372036854775807, 0, 9223372036854495807
5, 15, 0, 9223372036854775807, 0, 9223372036854475807
5, 16, 0, 9223372036854775807, 0, 9223372036854455807
5, 17, 0, 9223372036854775807, 0, 9223372036854435807
5, 18, 0, 9223372036854775807, 0, 9223372036854415807
5, 19, 0, 9223372036854775807, 0, 9223372036854395807
5, 2, 0, 9223372036854775807, 0, 9223372036854735807
5, 20, 0, 9223372036854775807, 0, 9223372036854375807
5, 21, 0, 9223372036854775807, 0, 9223372036854355807
5, 22, 0, 9223372036854775807, 0, 9223372036854335807
5, 23, 0, 9223372036854775807, 0, 9223372036854315807
5, 24, 0, 9223372036854775807, 0, 9223372036854295807
5, 25, 0, 9223372036854775807, 0, 9223372036854275807
5, 26, 0, 9223372036854775807, 0, 9223372036854255807
5, 27, 0, 9223372036854775807, 0, 9223372036854235807
5, 28, 0, 9223372036854775807, 0, 9223372036854215807
5, 29, 0, 9223372036854775807, 0, 9223372036854195807
5, 3, 0, 9223372036854775807, 0, 9223372036854715807
5, 4, 0, 9223372036854775807, 0, 9223372036854695807
5, 5, 0, 9223372036854775807, 0, 9223372036854675807
5, 6, 0, 9223372036854775807, 0, 9223372036854655807
5, 7, 0, 9223372036854775807, 0, 9223372036854635807
5, 8, 0, 9223372036854775807, 0, 9223372036854615807
5, 9, 0, 9223372036854775807, 0, 9223372036854595807
6, 0, 81, 1134, 81, 1134
6, 1, 0, 9223372036854775807, 0, 9223372036854745807
6, 10, 0, 9223372036854775807, 0, 9223372036854475807
6, 11, 0, 9223372036854775807, 0, 9223372036854445807
6, 12, 0, 9223372036854775807, 0, 9223372036854415807
6, 13, 0, 9223372036854775807, 0, 9223372036854385807
6, 14, 0, 9223372036854775807, 0, 9223372036854355807
6, 15, 0, 9223372036854775807, 0, 9223372036854325807
6, 16, 0, 9223372036854775807, 0, 9223372036854295807
6, 17, 0, 9223372036854775807, 0, 9223372036854265807
6, 18, 0, 9223372036854775807, 0, 9223372036854235807
6, 19, 0, 9223372036854775807, 0, 9223372036854205807
6, 2, 0, 9223372036854775807, 0, 9223372036854715807
6, 3, 0, 9223372036854775807, 0, 9223372036854685807
6, 4, 0, 9223372036854775807, 0, 9223372036854655807
6, 5, 0, 9223372036854775807, 0, 9223372036854625807
6, 6, 0, 9223372036854775807, 0, 9223372036854595807
6, 7, 0, 9223372036854775807, 0, 9223372036854565807
6, 8, 0, 9223372036854775807, 0, 9223372036854535807
6, 9, 0, 9223372036854775807, 0, 9223372036854505807
7, 0, 2001, 4334, 2001, 4334
7, 1, 0, 9223372036854775807, 0, 9223372036854735807
7, 10, 0, 9223372036854775807, 0, 9223372036854375807
7, 11, 0, 9223372036854775807, 0, 9223372036854335807
7, 12, 0, 9223372036854775807, 0, 9223372036854295807
7, 13, 0, 9223372036854775807, 0, 9223372036854255807
7, 14, 0, 9223372036854775807, 0, 9223372036854215807
7, 2, 0, 9223372036854775807, 0, 9223372036854695807
7, 3, 0, 9223372036854775807, 0, 9223372036854655807
7, 4, 0, 9223372036854775807, 0, 9223372036854615807
7, 5, 0, 9223372036854775807, 0, 9223372036854575807
7, 6, 0, 9223372036854775807, 0, 9223372036854535807
7, 7, 0, 9223372036854775807, 0, 9223372036854495807
7, 8, 0, 9223372036854775807, 0, 9223372036854455807
7, 9, 0, 9223372036854775807, 0, 9223372036854415807
8, 0, 1329, 3214, 1329, 3214
8, 1, 0, 9223372036854775807, 0, 9223372036854575807
8, 2, 0, 9223372036854775807, 0, 9223372036854375807
9, 0, 14412, 25019, 14412, 25019
9, 1, 0, 9223372036854775807, 0, 9223372036854475807
