Task ID, Job ID, BCCT, WCCT, BCRT, WCRT
0, 0, 281, 2157, 281, 2157
0, 1, 0, 9223372036854775807, 0, 9223372036854773807
0, 10, 0, 9223372036854775807, 0, 9223372036854755807
0, 100, 0, 9223372036854775807, 0, 9223372036854575807
0, 101, 0, 9223372036854775807, 0, 9223372036854573807
0, 102, 0, 9223372036854775807, 0, 9223372036854571807
0, 103, 0, 9223372036854775807, 0, 9223372036854569807
0, 104, 0, 9223372036854775807, 0, 9223372036854567807
0, 105, 0, 9223372036854775807, 0, 9223372036854565807
0, 106, 0, 9223372036854775807, 0, 9223372036854563807
0, 107, 0, 9223372036854775807, 0, 9223372036854561807
0, 108, 0, 9223372036854775807, 0, 9223372036854559807
0, 109, 0, 9223372036854775807, 0, 9223372036854557807
0, 11, 0, 9223372036854775807, 0, 9223372036854753807
0, 110, 0, 9223372036854775807, 0, 9223372036854555807
0, 111, 0, 9223372036854775807, 0, 9223372036854553807
0, 112, 0, 9223372036854775807, 0, 9223372036854551807
0, 113, 0, 9223372036854775807, 0, 9223372036854549807
0, 114, 0, 9223372036854775807, 0, 9223372036854547807
0, 115, 0, 9223372036854775807, 0, 9223372036854545807
0, 116, 0, 9223372036854775807, 0, 9223372036854543807
0, 117, 0, 9223372036854775807, 0, 9223372036854541807
0, 118, 0, 9223372036854775807, 0, 9223372036854539807
0, 119, 0, 9223372036854775807, 0, 9223372036854537807
0, 12, 0, 9223372036854775807, 0, 9223372036854751807
0, 120, 0, 9223372036854775807, 0, 9223372036854535807
0, 121, 0, 9223372036854775807, 0, 9223372036854533807
0, 122, 0, 9223372036854775807, 0, 9223372036854531807
0, 123, 0, 9223372036854775807, 0, 9223372036854529807
0, 124, 0, 9223372036854775807, 0, 9223372036854527807
0, 125, 0, 9223372036854775807, 0, 9223372036854525807
0, 126, 0, 9223372036854775807, 0, 9223372036854523807
0, 127, 0, 9223372036854775807, 0, 9223372036854521807
0, 128, 0, 9223372036854775807, 0, 9223372036854519807
0, 129, 0, 9223372036854775807, 0, 9223372036854517807
0, 13, 0, 9223372036854775807, 0, 9223372036854749807
0, 130, 0, 9223372036854775807, 0, 9223372036854515807
0, 131, 0, 9223372036854775807, 0, 9223372036854513807
0, 132, 0, 9223372036854775807, 0, 9223372036854511807
0, 133, 0, 9223372036854775807, 0, 9223372036854509807
0, 134, 0, 9223372036854775807, 0, 9223372036854507807
0, 135, 0, 9223372036854775807, 0, 9223372036854505807
0, 136, 0, 9223372036854775807, 0, 9223372036854503807
0, 137, 0, 9223372036854775807, 0, 9223372036854501807
0, 138, 0, 9223372036854775807, 0, 9223372036854499807
0, 139, 0, 9223372036854775807, 0, 9223372036854497807
0, 14, 0, 9223372036854775807, 0, 9223372036854747807
0, 140, 0, 9223372036854775807, 0, 9223372036854495807
0, 141, 0, 9223372036854775807, 0, 9223372036854493807
0, 142, 0, 9223372036854775807, 0, 9223372036854491807
0, 143, 0, 9223372036854775807, 0, 9223372036854489807
0, 144, 0, 9223372036854775807, 0, 9223372036854487807
0, 145, 0, 9223372036854775807, 0, 9223372036854485807
0, 146, 0, 9223372036854775807, 0, 9223372036854483807
0, 147, 0, 9223372036854775807, 0, 9223372036854481807
0, 148, 0, 9223372036854775807, 0, 9223372036854479807
0, 149, 0, 9223372036854775807, 0, 9223372036854477807
0, 15, 0, 9223372036854775807, 0, 9223372036854745807
0, 150, 0, 9223372036854775807, 0, 9223372036854475807
0, 151, 0, 9223372036854775807, 0, 9223372036854473807
0, 152, 0, 9223372036854775807, 0, 9223372036854471807
0, 153, 0, 9223372036854775807, 0, 9223372036854469807
0, 154, 0, 9223372036854775807, 0, 9223372036854467807
0, 155, 0, 9223372036854775807, 0, 9223372036854465807
0, 156, 0, 9223372036854775807, 0, 9223372036854463807
0, 157, 0, 9223372036854775807, 0, 9223372036854461807
0, 158, 0, 9223372036854775807, 0, 9223372036854459807
0, 159, 0, 9223372036854775807, 0, 9223372036854457807
0, 16, 0, 9223372036854775807, 0, 9223372036854743807
0, 160, 0, 9223372036854775807, 0, 9223372036854455807
0, 161, 0, 9223372036854775807, 0, 9223372036854453807
0, 162, 0, 9223372036854775807, 0, 9223372036854451807
0, 163, 0, 9223372036854775807, 0, 9223372036854449807
0, 164, 0, 9223372036854775807, 0, 9223372036854447807
0, 165, 0, 9223372036854775807, 0, 9223372036854445807
0, 166, 0, 9223372036854775807, 0, 9223372036854443807
0, 167, 0, 9223372036854775807, 0, 9223372036854441807
0, 168, 0, 9223372036854775807, 0, 9223372036854439807
0, 169, 0, 9223372036854775807, 0, 9223372036854437807
0, 17, 0, 9223372036854775807, 0, 9223372036854741807
0, 170, 0, 9223372036854775807, 0, 9223372036854435807
0, 171, 0, 9223372036854775807, 0, 9223372036854433807
0, 172, 0, 9223372036854775807, 0, 9223372036854431807
0, 173, 0, 9223372036854775807, 0, 9223372036854429807
0, 174, 0, 9223372036854775807, 0, 9223372036854427807
0, 175, 0, 9223372036854775807, 0, 9223372036854425807
0, 176, 0, 9223372036854775807, 0, 9223372036854423807
0, 177, 0, 9223372036854775807, 0, 9223372036854421807
0, 178, 0, 9223372036854775807, 0, 9223372036854419807
0, 179, 0, 9223372036854775807, 0, 9223372036854417807
0, 18, 0, 9223372036854775807, 0, 9223372036854739807
0, 180, 0, 9223372036854775807, 0, 9223372036854415807
0, 181, 0, 9223372036854775807, 0, 9223372036854413807
0, 182, 0, 9223372036854775807, 0, 9223372036854411807
0, 183, 0, 9223372036854775807, 0, 9223372036854409807
0, 184, 0, 9223372036854775807, 0, 9223372036854407807
0, 185, 0, 9223372036854775807, 0, 9223372036854405807
0, 186, 0, 9223372036854775807, 0, 9223372036854403807
0, 187, 0, 9223372036854775807, 0, 9223372036854401807
0, 188, 0, 9223372036854775807, 0, 9223372036854399807
0, 189, 0, 9223372036854775807, 0, 9223372036854397807
0, 19, 0, 9223372036854775807, 0, 9223372036854737807
0, 190, 0, 9223372036854775807, 0, 9223372036854395807
0, 191, 0, 9223372036854775807, 0, 9223372036854393807
0, 192, 0, 9223372036854775807, 0, 9223372036854391807
0, 193, 0, 9223372036854775807, 0, 9223372036854389807
0, 194, 0, 9223372036854775807, 0, 9223372036854387807
0, 195, 0, 9223372036854775807, 0, 9223372036854385807
0, 196, 0, 9223372036854775807, 0, 9223372036854383807
0, 197, 0, 9223372036854775807, 0, 9223372036854381807
0, 198, 0, 9223372036854775807, 0, 9223372036854379807
0, 199, 0, 9223372036854775807, 0, 9223372036854377807
0, 2, 0, 9223372036854775807, 0, 9223372036854771807
0, 20, 0, 9223372036854775807, 0, 9223372036854735807
0, 200, 0, 9223372036854775807, 0, 9223372036854375807
0, 201, 0, 9223372036854775807, 0, 9223372036854373807
0, 202, 0, 9223372036854775807, 0, 9223372036854371807
0, 203, 0, 9223372036854775807, 0, 9223372036854369807
0, 204, 0, 9223372036854775807, 0, 9223372036854367807
0, 205, 0, 9223372036854775807, 0, 9223372036854365807
0, 206, 0, 9223372036854775807, 0, 9223372036854363807
0, 207, 0, 9223372036854775807, 0, 9223372036854361807
0, 208, 0, 9223372036854775807, 0, 9223372036854359807
0, 209, 0, 9223372036854775807, 0, 9223372036854357807
0, 21, 0, 9223372036854775807, 0, 9223372036854733807
0, 210, 0, 9223372036854775807, 0, 9223372036854355807
0, 211, 0, 9223372036854775807, 0, 9223372036854353807
0, 212, 0, 9223372036854775807, 0, 9223372036854351807
0, 213, 0, 9223372036854775807, 0, 9223372036854349807
0, 214, 0, 9223372036854775807, 0, 9223372036854347807
0, 215, 0, 9223372036854775807, 0, 9223372036854345807
0, 216, 0, 9223372036854775807, 0, 9223372036854343807
0, 217, 0, 9223372036854775807, 0, 9223372036854341807
0, 218, 0, 9223372036854775807, 0, 9223372036854339807
0, 219, 0, 9223372036854775807, 0, 9223372036854337807
0, 22, 0, 9223372036854775807, 0, 9223372036854731807
0, 220, 0, 9223372036854775807, 0, 9223372036854335807
0, 221, 0, 9223372036854775807, 0, 9223372036854333807
0, 222, 0, 9223372036854775807, 0, 9223372036854331807
0, 223, 0, 9223372036854775807, 0, 9223372036854329807
0, 224, 0, 9223372036854775807, 0, 9223372036854327807
0, 225, 0, 9223372036854775807, 0, 9223372036854325807
0, 226, 0, 9223372036854775807, 0, 9223372036854323807
0, 227, 0, 9223372036854775807, 0, 9223372036854321807
0, 228, 0, 9223372036854775807, 0, 9223372036854319807
0, 229, 0, 9223372036854775807, 0, 9223372036854317807
0, 23, 0, 9223372036854775807, 0, 9223372036854729807
0, 230, 0, 9223372036854775807, 0, 9223372036854315807
0, 231, 0, 9223372036854775807, 0, 9223372036854313807
0, 232, 0, 9223372036854775807, 0, 9223372036854311807
0, 233, 0, 9223372036854775807, 0, 9223372036854309807
0, 234, 0, 9223372036854775807, 0, 9223372036854307807
0, 235, 0, 9223372036854775807, 0, 9223372036854305807
0, 236, 0, 9223372036854775807, 0, 9223372036854303807
0, 237, 0, 9223372036854775807, 0, 9223372036854301807
0, 238, 0, 9223372036854775807, 0, 9223372036854299807
0, 239, 0, 9223372036854775807, 0, 9223372036854297807
0, 24, 0, 9223372036854775807, 0, 9223372036854727807
0, 240, 0, 9223372036854775807, 0, 9223372036854295807
0, 241, 0, 9223372036854775807, 0, 9223372036854293807
0, 242, 0, 9223372036854775807, 0, 9223372036854291807
0, 243, 0, 9223372036854775807, 0, 9223372036854289807
0, 244, 0, 9223372036854775807, 0, 9223372036854287807
0, 245, 0, 9223372036854775807, 0, 9223372036854285807
0, 246, 0, 9223372036854775807, 0, 9223372036854283807
0, 247, 0, 9223372036854775807, 0, 9223372036854281807
0, 248, 0, 9223372036854775807, 0, 9223372036854279807
0, 249, 0, 9223372036854775807, 0, 9223372036854277807
0, 25, 0, 9223372036854775807, 0, 9223372036854725807
0, 250, 0, 9223372036854775807, 0, 9223372036854275807
0, 251, 0, 9223372036854775807, 0, 9223372036854273807
0, 252, 0, 9223372036854775807, 0, 9223372036854271807
0, 253, 0, 9223372036854775807, 0, 9223372036854269807
0, 254, 0, 9223372036854775807, 0, 9223372036854267807
0, 255, 0, 9223372036854775807, 0, 9223372036854265807
0, 256, 0, 9223372036854775807, 0, 9223372036854263807
0, 257, 0, 9223372036854775807, 0, 9223372036854261807
0, 258, 0, 9223372036854775807, 0, 9223372036854259807
0, 259, 0, 9223372036854775807, 0, 9223372036854257807
0, 26, 0, 9223372036854775807, 0, 9223372036854723807
0, 260, 0, 9223372036854775807, 0, 9223372036854255807
0, 261, 0, 9223372036854775807, 0, 9223372036854253807
0, 262, 0, 9223372036854775807, 0, 9223372036854251807
0, 263, 0, 9223372036854775807, 0, 9223372036854249807
0, 264, 0, 9223372036854775807, 0, 9223372036854247807
0, 265, 0, 9223372036854775807, 0, 9223372036854245807
0, 266, 0, 9223372036854775807, 0, 9223372036854243807
0, 267, 0, 9223372036854775807, 0, 9223372036854241807
0, 268, 0, 9223372036854775807, 0, 9223372036854239807
0, 269, 0, 9223372036854775807, 0, 9223372036854237807
0, 27, 0, 9223372036854775807, 0, 9223372036854721807
0, 270, 0, 9223372036854775807, 0, 9223372036854235807
0, 271, 0, 9223372036854775807, 0, 9223372036854233807
0, 272, 0, 9223372036854775807, 0, 9223372036854231807
0, 273, 0, 9223372036854775807, 0, 9223372036854229807
0, 274, 0, 9223372036854775807, 0, 9223372036854227807
0, 275, 0, 9223372036854775807, 0, 9223372036854225807
0, 276, 0, 9223372036854775807, 0, 9223372036854223807
0, 277, 0, 9223372036854775807, 0, 9223372036854221807
0, 278, 0, 9223372036854775807, 0, 9223372036854219807
0, 279, 0, 9223372036854775807, 0, 9223372036854217807
0, 28, 0, 9223372036854775807, 0, 9223372036854719807
0, 280, 0, 9223372036854775807, 0, 9223372036854215807
0, 281, 0, 9223372036854775807, 0, 9223372036854213807
0, 282, 0, 9223372036854775807, 0, 9223372036854211807
0, 283, 0, 9223372036854775807, 0, 9223372036854209807
0, 284, 0, 9223372036854775807, 0, 9223372036854207807
0, 285, 0, 9223372036854775807, 0, 9223372036854205807
0, 286, 0, 9223372036854775807, 0, 9223372036854203807
0, 287, 0, 9223372036854775807, 0, 9223372036854201807
0, 288, 0, 9223372036854775807, 0, 9223372036854199807
0, 289, 0, 9223372036854775807, 0, 9223372036854197807
0, 29, 0, 9223372036854775807, 0, 9223372036854717807
0, 290, 0, 9223372036854775807, 0, 9223372036854195807
0, 291, 0, 9223372036854775807, 0, 9223372036854193807
0, 292, 0, 9223372036854775807, 0, 9223372036854191807
0, 293, 0, 9223372036854775807, 0, 9223372036854189807
0, 294, 0, 9223372036854775807, 0, 9223372036854187807
0, 295, 0, 9223372036854775807, 0, 9223372036854185807
0, 296, 0, 9223372036854775807, 0, 9223372036854183807
0, 297, 0, 9223372036854775807, 0, 9223372036854181807
0, 298, 0, 9223372036854775807, 0, 9223372036854179807
0, 299, 0, 9223372036854775807, 0, 9223372036854177807
0, 3, 0, 9223372036854775807, 0, 9223372036854769807
0, 30, 0, 9223372036854775807, 0, 9223372036854715807
0, 300, 0, 9223372036854775807, 0, 9223372036854175807
0, 301, 0, 9223372036854775807, 0, 9223372036854173807
0, 302, 0, 9223372036854775807, 0, 9223372036854171807
0, 303, 0, 9223372036854775807, 0, 9223372036854169807
0, 304, 0, 9223372036854775807, 0, 9223372036854167807
0, 305, 0, 9223372036854775807, 0, 9223372036854165807
0, 306, 0, 9223372036854775807, 0, 9223372036854163807
0, 307, 0, 9223372036854775807, 0, 9223372036854161807
0, 308, 0, 9223372036854775807, 0, 9223372036854159807
0, 309, 0, 9223372036854775807, 0, 9223372036854157807
0, 31, 0, 9223372036854775807, 0, 9223372036854713807
0, 310, 0, 9223372036854775807, 0, 9223372036854155807
0, 311, 0, 9223372036854775807, 0, 9223372036854153807
0, 312, 0, 9223372036854775807, 0, 9223372036854151807
0, 313, 0, 9223372036854775807, 0, 9223372036854149807
0, 314, 0, 9223372036854775807, 0, 9223372036854147807
0, 315, 0, 9223372036854775807, 0, 9223372036854145807
0, 316, 0, 9223372036854775807, 0, 9223372036854143807
0, 317, 0, 9223372036854775807, 0, 9223372036854141807
0, 318, 0, 9223372036854775807, 0, 9223372036854139807
0, 319, 0, 9223372036854775807, 0, 9223372036854137807
0, 32, 0, 9223372036854775807, 0, 9223372036854711807
0, 320, 0, 9223372036854775807, 0, 9223372036854135807
0, 321, 0, 9223372036854775807, 0, 9223372036854133807
0, 322, 0, 9223372036854775807, 0, 9223372036854131807
0, 323, 0, 9223372036854775807, 0, 9223372036854129807
0, 324, 0, 9223372036854775807, 0, 9223372036854127807
0, 325, 0, 9223372036854775807, 0, 9223372036854125807
0, 326, 0, 9223372036854775807, 0, 9223372036854123807
0, 327, 0, 9223372036854775807, 0, 9223372036854121807
0, 328, 0, 9223372036854775807, 0, 9223372036854119807
0, 329, 0, 9223372036854775807, 0, 9223372036854117807
0, 33, 0, 9223372036854775807, 0, 9223372036854709807
0, 330, 0, 9223372036854775807, 0, 9223372036854115807
0, 331, 0, 9223372036854775807, 0, 9223372036854113807
0, 332, 0, 9223372036854775807, 0, 9223372036854111807
0, 333, 0, 9223372036854775807, 0, 9223372036854109807
0, 334, 0, 9223372036854775807, 0, 9223372036854107807
0, 335, 0, 9223372036854775807, 0, 9223372036854105807
0, 336, 0, 9223372036854775807, 0, 9223372036854103807
0, 337, 0, 9223372036854775807, 0, 9223372036854101807
0, 338, 0, 9223372036854775807, 0, 9223372036854099807
0, 339, 0, 9223372036854775807, 0, 9223372036854097807
0, 34, 0, 9223372036854775807, 0, 9223372036854707807
0, 340, 0, 9223372036854775807, 0, 9223372036854095807
0, 341, 0, 9223372036854775807, 0, 9223372036854093807
0, 342, 0, 9223372036854775807, 0, 9223372036854091807
0, 343, 0, 9223372036854775807, 0, 9223372036854089807
0, 344, 0, 9223372036854775807, 0, 9223372036854087807
0, 345, 0, 9223372036854775807, 0, 9223372036854085807
0, 346, 0, 9223372036854775807, 0, 9223372036854083807
0, 347, 0, 9223372036854775807, 0, 9223372036854081807
0, 348, 0, 9223372036854775807, 0, 9223372036854079807
0, 349, 0, 9223372036854775807, 0, 9223372036854077807
0, 35, 0, 9223372036854775807, 0, 9223372036854705807
0, 350, 0, 9223372036854775807, 0, 9223372036854075807
0, 351, 0, 9223372036854775807, 0, 9223372036854073807
0, 352, 0, 9223372036854775807, 0, 9223372036854071807
0, 353, 0, 9223372036854775807, 0, 9223372036854069807
0, 354, 0, 9223372036854775807, 0, 9223372036854067807
0, 355, 0, 9223372036854775807, 0, 9223372036854065807
0, 356, 0, 9223372036854775807, 0, 9223372036854063807
0, 357, 0, 9223372036854775807, 0, 9223372036854061807
0, 358, 0, 9223372036854775807, 0, 9223372036854059807
0, 359, 0, 9223372036854775807, 0, 9223372036854057807
0, 36, 0, 9223372036854775807, 0, 9223372036854703807
0, 360, 0, 9223372036854775807, 0, 9223372036854055807
0, 361, 0, 9223372036854775807, 0, 9223372036854053807
0, 362, 0, 9223372036854775807, 0, 9223372036854051807
0, 363, 0, 9223372036854775807, 0, 9223372036854049807
0, 364, 0, 9223372036854775807, 0, 9223372036854047807
0, 365, 0, 9223372036854775807, 0, 9223372036854045807
0, 366, 0, 9223372036854775807, 0, 9223372036854043807
0, 367, 0, 9223372036854775807, 0, 9223372036854041807
0, 368, 0, 9223372036854775807, 0, 9223372036854039807
0, 369, 0, 9223372036854775807, 0, 9223372036854037807
0, 37, 0, 9223372036854775807, 0, 9223372036854701807
0, 370, 0, 9223372036854775807, 0, 9223372036854035807
0, 371, 0, 9223372036854775807, 0, 9223372036854033807
0, 372, 0, 9223372036854775807, 0, 9223372036854031807
0, 373, 0, 9223372036854775807, 0, 9223372036854029807
0, 374, 0, 9223372036854775807, 0, 9223372036854027807
0, 375, 0, 9223372036854775807, 0, 9223372036854025807
0, 376, 0, 9223372036854775807, 0, 9223372036854023807
0, 377, 0, 9223372036854775807, 0, 9223372036854021807
0, 378, 0, 9223372036854775807, 0, 9223372036854019807
0, 379, 0, 9223372036854775807, 0, 9223372036854017807
0, 38, 0, 9223372036854775807, 0, 9223372036854699807
0, 380, 0, 9223372036854775807, 0, 9223372036854015807
0, 381, 0, 9223372036854775807, 0, 9223372036854013807
0, 382, 0, 9223372036854775807, 0, 9223372036854011807
0, 383, 0, 9223372036854775807, 0, 9223372036854009807
0, 384, 0, 9223372036854775807, 0, 9223372036854007807
0, 385, 0, 9223372036854775807, 0, 9223372036854005807
0, 386, 0, 9223372036854775807, 0, 9223372036854003807
0, 387, 0, 9223372036854775807, 0, 9223372036854001807
0, 388, 0, 9223372036854775807, 0, 9223372036853999807
0, 389, 0, 9223372036854775807, 0, 9223372036853997807
0, 39, 0, 9223372036854775807, 0, 9223372036854697807
0, 390, 0, 9223372036854775807, 0, 9223372036853995807
0, 391, 0, 9223372036854775807, 0, 9223372036853993807
0, 392, 0, 9223372036854775807, 0, 9223372036853991807
0, 393, 0, 9223372036854775807, 0, 9223372036853989807
0, 394, 0, 9223372036854775807, 0, 9223372036853987807
0, 395, 0, 9223372036854775807, 0, 9223372036853985807
0, 396, 0, 9223372036854775807, 0, 9223372036853983807
0, 397, 0, 9223372036854775807, 0, 9223372036853981807
0, 398, 0, 9223372036854775807, 0, 9223372036853979807
0, 399, 0, 9223372036854775807, 0, 9223372036853977807
0, 4, 0, 9223372036854775807, 0, 9223372036854767807
0, 40, 0, 9223372036854775807, 0, 9223372036854695807
0, 400, 0, 9223372036854775807, 0, 9223372036853975807
0, 401, 0, 9223372036854775807, 0, 9223372036853973807
0, 402, 0, 9223372036854775807, 0, 9223372036853971807
0, 403, 0, 9223372036854775807, 0, 9223372036853969807
0, 404, 0, 9223372036854775807, 0, 9223372036853967807
0, 405, 0, 9223372036854775807, 0, 9223372036853965807
0, 406, 0, 9223372036854775807, 0, 9223372036853963807
0, 407, 0, 9223372036854775807, 0, 9223372036853961807
0, 408, 0, 9223372036854775807, 0, 9223372036853959807
0, 409, 0, 9223372036854775807, 0, 9223372036853957807
0, 41, 0, 9223372036854775807, 0, 9223372036854693807
0, 410, 0, 9223372036854775807, 0, 9223372036853955807
0, 411, 0, 9223372036854775807, 0, 9223372036853953807
0, 412, 0, 9223372036854775807, 0, 9223372036853951807
0, 413, 0, 9223372036854775807, 0, 9223372036853949807
0, 414, 0, 9223372036854775807, 0, 9223372036853947807
0, 415, 0, 9223372036854775807, 0, 9223372036853945807
0, 416, 0, 9223372036854775807, 0, 9223372036853943807
0, 417, 0, 9223372036854775807, 0, 9223372036853941807
0, 418, 0, 9223372036854775807, 0, 9223372036853939807
0, 419, 0, 9223372036854775807, 0, 9223372036853937807
0, 42, 0, 9223372036854775807, 0, 9223372036854691807
0, 420, 0, 9223372036854775807, 0, 9223372036853935807
0, 421, 0, 9223372036854775807, 0, 9223372036853933807
0, 422, 0, 9223372036854775807, 0, 9223372036853931807
0, 423, 0, 9223372036854775807, 0, 9223372036853929807
0, 424, 0, 9223372036854775807, 0, 9223372036853927807
0, 425, 0, 9223372036854775807, 0, 9223372036853925807
0, 426, 0, 9223372036854775807, 0, 9223372036853923807
0, 427, 0, 9223372036854775807, 0, 9223372036853921807
0, 428, 0, 9223372036854775807, 0, 9223372036853919807
0, 429, 0, 9223372036854775807, 0, 9223372036853917807
0, 43, 0, 9223372036854775807, 0, 9223372036854689807
0, 430, 0, 9223372036854775807, 0, 9223372036853915807
0, 431, 0, 9223372036854775807, 0, 9223372036853913807
0, 432, 0, 9223372036854775807, 0, 9223372036853911807
0, 433, 0, 9223372036854775807, 0, 9223372036853909807
0, 434, 0, 9223372036854775807, 0, 9223372036853907807
0, 435, 0, 9223372036854775807, 0, 9223372036853905807
0, 436, 0, 9223372036854775807, 0, 9223372036853903807
0, 437, 0, 9223372036854775807, 0, 9223372036853901807
0, 438, 0, 9223372036854775807, 0, 9223372036853899807
0, 439, 0, 9223372036854775807, 0, 9223372036853897807
0, 44, 0, 9223372036854775807, 0, 9223372036854687807
0, 440, 0, 9223372036854775807, 0, 9223372036853895807
0, 441, 0, 9223372036854775807, 0, 9223372036853893807
0, 442, 0, 9223372036854775807, 0, 9223372036853891807
0, 443, 0, 9223372036854775807, 0, 9223372036853889807
0, 444, 0, 9223372036854775807, 0, 9223372036853887807
0, 445, 0, 9223372036854775807, 0, 9223372036853885807
0, 446, 0, 9223372036854775807, 0, 9223372036853883807
0, 447, 0, 9223372036854775807, 0, 9223372036853881807
0, 448, 0, 9223372036854775807, 0, 9223372036853879807
0, 449, 0, 9223372036854775807, 0, 9223372036853877807
0, 45, 0, 9223372036854775807, 0, 9223372036854685807
0, 450, 0, 9223372036854775807, 0, 9223372036853875807
0, 451, 0, 9223372036854775807, 0, 9223372036853873807
0, 452, 0, 9223372036854775807, 0, 9223372036853871807
0, 453, 0, 9223372036854775807, 0, 9223372036853869807
0, 454, 0, 9223372036854775807, 0, 9223372036853867807
0, 455, 0, 9223372036854775807, 0, 9223372036853865807
0, 456, 0, 9223372036854775807, 0, 9223372036853863807
0, 457, 0, 9223372036854775807, 0, 9223372036853861807
0, 458, 0, 9223372036854775807, 0, 9223372036853859807
0, 459, 0, 9223372036854775807, 0, 9223372036853857807
0, 46, 0, 9223372036854775807, 0, 9223372036854683807
0, 460, 0, 9223372036854775807, 0, 9223372036853855807
0, 461, 0, 9223372036854775807, 0, 9223372036853853807
0, 462, 0, 9223372036854775807, 0, 9223372036853851807
0, 463, 0, 9223372036854775807, 0, 9223372036853849807
0, 464, 0, 9223372036854775807, 0, 9223372036853847807
0, 465, 0, 9223372036854775807, 0, 9223372036853845807
0, 466, 0, 9223372036854775807, 0, 9223372036853843807
0, 467, 0, 9223372036854775807, 0, 9223372036853841807
0, 468, 0, 9223372036854775807, 0, 9223372036853839807
0, 469, 0, 9223372036854775807, 0, 9223372036853837807
0, 47, 0, 9223372036854775807, 0, 9223372036854681807
0, 470, 0, 9223372036854775807, 0, 9223372036853835807
0, 471, 0, 9223372036854775807, 0, 9223372036853833807
0, 472, 0, 9223372036854775807, 0, 9223372036853831807
0, 473, 0, 9223372036854775807, 0, 9223372036853829807
0, 474, 0, 9223372036854775807, 0, 9223372036853827807
0, 475, 0, 9223372036854775807, 0, 9223372036853825807
0, 476, 0, 9223372036854775807, 0, 9223372036853823807
0, 477, 0, 9223372036854775807, 0, 9223372036853821807
0, 478, 0, 9223372036854775807, 0, 9223372036853819807
0, 479, 0, 9223372036854775807, 0, 9223372036853817807
0, 48, 0, 9223372036854775807, 0, 9223372036854679807
0, 480, 0, 9223372036854775807, 0, 9223372036853815807
0, 481, 0, 9223372036854775807, 0, 9223372036853813807
0, 482, 0, 9223372036854775807, 0, 9223372036853811807
0, 483, 0, 9223372036854775807, 0, 9223372036853809807
0, 484, 0, 9223372036854775807, 0, 9223372036853807807
0, 485, 0, 9223372036854775807, 0, 9223372036853805807
0, 486, 0, 9223372036854775807, 0, 9223372036853803807
0, 487, 0, 9223372036854775807, 0, 9223372036853801807
0, 488, 0, 9223372036854775807, 0, 9223372036853799807
0, 489, 0, 9223372036854775807, 0, 9223372036853797807
0, 49, 0, 9223372036854775807, 0, 9223372036854677807
0, 490, 0, 9223372036854775807, 0, 9223372036853795807
0, 491, 0, 9223372036854775807, 0, 9223372036853793807
0, 492, 0, 9223372036854775807, 0, 9223372036853791807
0, 493, 0, 9223372036854775807, 0, 9223372036853789807
0, 494, 0, 9223372036854775807, 0, 9223372036853787807
0, 495, 0, 9223372036854775807, 0, 9223372036853785807
0, 496, 0, 9223372036854775807, 0, 9223372036853783807
0, 497, 0, 9223372036854775807, 0, 9223372036853781807
0, 498, 0, 9223372036854775807, 0, 9223372036853779807
0, 499, 0, 9223372036854775807, 0, 9223372036853777807
0, 5, 0, 9223372036854775807, 0, 9223372036854765807
0, 50, 0, 9223372036854775807, 0, 9223372036854675807
0, 500, 0, 9223372036854775807, 0, 9223372036853775807
0, 501, 0, 9223372036854775807, 0, 9223372036853773807
0, 502, 0, 9223372036854775807, 0, 9223372036853771807
0, 503, 0, 9223372036854775807, 0, 9223372036853769807
0, 504, 0, 9223372036854775807, 0, 9223372036853767807
0, 505, 0, 9223372036854775807, 0, 9223372036853765807
0, 506, 0, 9223372036854775807, 0, 9223372036853763807
0, 507, 0, 9223372036854775807, 0, 9223372036853761807
0, 508, 0, 9223372036854775807, 0, 9223372036853759807
0, 509, 0, 9223372036854775807, 0, 9223372036853757807
0, 51, 0, 9223372036854775807, 0, 9223372036854673807
0, 510, 0, 9223372036854775807, 0, 9223372036853755807
0, 511, 0, 9223372036854775807, 0, 9223372036853753807
0, 512, 0, 9223372036854775807, 0, 9223372036853751807
0, 513, 0, 9223372036854775807, 0, 9223372036853749807
0, 514, 0, 9223372036854775807, 0, 9223372036853747807
0, 515, 0, 9223372036854775807, 0, 9223372036853745807
0, 516, 0, 9223372036854775807, 0, 9223372036853743807
0, 517, 0, 9223372036854775807, 0, 9223372036853741807
0, 518, 0, 9223372036854775807, 0, 9223372036853739807
0, 519, 0, 9223372036854775807, 0, 9223372036853737807
0, 52, 0, 9223372036854775807, 0, 9223372036854671807
0, 520, 0, 9223372036854775807, 0, 9223372036853735807
0, 521, 0, 9223372036854775807, 0, 9223372036853733807
0, 522, 0, 9223372036854775807, 0, 9223372036853731807
0, 523, 0, 9223372036854775807, 0, 9223372036853729807
0, 524, 0, 9223372036854775807, 0, 9223372036853727807
0, 525, 0, 9223372036854775807, 0, 9223372036853725807
0, 526, 0, 9223372036854775807, 0, 9223372036853723807
0, 527, 0, 9223372036854775807, 0, 9223372036853721807
0, 528, 0, 9223372036854775807, 0, 9223372036853719807
0, 529, 0, 9223372036854775807, 0, 9223372036853717807
0, 53, 0, 9223372036854775807, 0, 9223372036854669807
0, 530, 0, 9223372036854775807, 0, 9223372036853715807
0, 531, 0, 9223372036854775807, 0, 9223372036853713807
0, 532, 0, 9223372036854775807, 0, 9223372036853711807
0, 533, 0, 9223372036854775807, 0, 9223372036853709807
0, 534, 0, 9223372036854775807, 0, 9223372036853707807
0, 535, 0, 9223372036854775807, 0, 9223372036853705807
0, 536, 0, 9223372036854775807, 0, 9223372036853703807
0, 537, 0, 9223372036854775807, 0, 9223372036853701807
0, 538, 0, 9223372036854775807, 0, 9223372036853699807
0, 539, 0, 9223372036854775807, 0, 9223372036853697807
0, 54, 0, 9223372036854775807, 0, 9223372036854667807
0, 540, 0, 9223372036854775807, 0, 9223372036853695807
0, 541, 0, 9223372036854775807, 0, 9223372036853693807
0, 542, 0, 9223372036854775807, 0, 9223372036853691807
0, 543, 0, 9223372036854775807, 0, 9223372036853689807
0, 544, 0, 9223372036854775807, 0, 9223372036853687807
0, 545, 0, 9223372036854775807, 0, 9223372036853685807
0, 546, 0, 9223372036854775807, 0, 9223372036853683807
0, 547, 0, 9223372036854775807, 0, 9223372036853681807
0, 548, 0, 9223372036854775807, 0, 9223372036853679807
0, 549, 0, 9223372036854775807, 0, 9223372036853677807
0, 55, 0, 9223372036854775807, 0, 9223372036854665807
0, 550, 0, 9223372036854775807, 0, 9223372036853675807
0, 551, 0, 9223372036854775807, 0, 9223372036853673807
0, 552, 0, 9223372036854775807, 0, 9223372036853671807
0, 553, 0, 9223372036854775807, 0, 9223372036853669807
0, 554, 0, 9223372036854775807, 0, 9223372036853667807
0, 555, 0, 9223372036854775807, 0, 9223372036853665807
0, 556, 0, 9223372036854775807, 0, 9223372036853663807
0, 557, 0, 9223372036854775807, 0, 9223372036853661807
0, 558, 0, 9223372036854775807, 0, 9223372036853659807
0, 559, 0, 9223372036854775807, 0, 9223372036853657807
0, 56, 0, 9223372036854775807, 0, 9223372036854663807
0, 560, 0, 9223372036854775807, 0, 9223372036853655807
0, 561, 0, 9223372036854775807, 0, 9223372036853653807
0, 562, 0, 9223372036854775807, 0, 9223372036853651807
0, 563, 0, 9223372036854775807, 0, 9223372036853649807
0, 564, 0, 9223372036854775807, 0, 9223372036853647807
0, 565, 0, 9223372036854775807, 0, 9223372036853645807
0, 566, 0, 9223372036854775807, 0, 9223372036853643807
0, 567, 0, 9223372036854775807, 0, 9223372036853641807
0, 568, 0, 9223372036854775807, 0, 9223372036853639807
0, 569, 0, 9223372036854775807, 0, 9223372036853637807
0, 57, 0, 9223372036854775807, 0, 9223372036854661807
0, 570, 0, 9223372036854775807, 0, 9223372036853635807
0, 571, 0, 9223372036854775807, 0, 9223372036853633807
0, 572, 0, 9223372036854775807, 0, 9223372036853631807
0, 573, 0, 9223372036854775807, 0, 9223372036853629807
0, 574, 0, 9223372036854775807, 0, 9223372036853627807
0, 575, 0, 9223372036854775807, 0, 9223372036853625807
0, 576, 0, 9223372036854775807, 0, 9223372036853623807
0, 577, 0, 9223372036854775807, 0, 9223372036853621807
0, 578, 0, 9223372036854775807, 0, 9223372036853619807
0, 579, 0, 9223372036854775807, 0, 9223372036853617807
0, 58, 0, 9223372036854775807, 0, 9223372036854659807
0, 580, 0, 9223372036854775807, 0, 9223372036853615807
0, 581, 0, 9223372036854775807, 0, 9223372036853613807
0, 582, 0, 9223372036854775807, 0, 9223372036853611807
0, 583, 0, 9223372036854775807, 0, 9223372036853609807
0, 584, 0, 9223372036854775807, 0, 9223372036853607807
0, 585, 0, 9223372036854775807, 0, 9223372036853605807
0, 586, 0, 9223372036854775807, 0, 9223372036853603807
0, 587, 0, 9223372036854775807, 0, 9223372036853601807
0, 588, 0, 9223372036854775807, 0, 9223372036853599807
0, 589, 0, 9223372036854775807, 0, 9223372036853597807
0, 59, 0, 9223372036854775807, 0, 9223372036854657807
0, 590, 0, 9223372036854775807, 0, 9223372036853595807
0, 591, 0, 9223372036854775807, 0, 9223372036853593807
0, 592, 0, 9223372036854775807, 0, 9223372036853591807
0, 593, 0, 9223372036854775807, 0, 9223372036853589807
0, 594, 0, 9223372036854775807, 0, 9223372036853587807
0, 595, 0, 9223372036854775807, 0, 9223372036853585807
0, 596, 0, 9223372036854775807, 0, 9223372036853583807
0, 597, 0, 9223372036854775807, 0, 9223372036853581807
0, 598, 0, 9223372036854775807, 0, 9223372036853579807
0, 599, 0, 9223372036854775807, 0, 9223372036853577807
0, 6, 0, 9223372036854775807, 0, 9223372036854763807
0, 60, 0, 9223372036854775807, 0, 9223372036854655807
0, 600, 0, 9223372036854775807, 0, 9223372036853575807
0, 601, 0, 9223372036854775807, 0, 9223372036853573807
0, 602, 0, 9223372036854775807, 0, 9223372036853571807
0, 603, 0, 9223372036854775807, 0, 9223372036853569807
0, 604, 0, 9223372036854775807, 0, 9223372036853567807
0, 605, 0, 9223372036854775807, 0, 9223372036853565807
0, 606, 0, 9223372036854775807, 0, 9223372036853563807
0, 607, 0, 9223372036854775807, 0, 9223372036853561807
0, 608, 0, 9223372036854775807, 0, 9223372036853559807
0, 609, 0, 9223372036854775807, 0, 9223372036853557807
0, 61, 0, 9223372036854775807, 0, 9223372036854653807
0, 610, 0, 9223372036854775807, 0, 9223372036853555807
0, 611, 0, 9223372036854775807, 0, 9223372036853553807
0, 612, 0, 9223372036854775807, 0, 9223372036853551807
0, 613, 0, 9223372036854775807, 0, 9223372036853549807
0, 614, 0, 9223372036854775807, 0, 9223372036853547807
0, 615, 0, 9223372036854775807, 0, 9223372036853545807
0, 616, 0, 9223372036854775807, 0, 9223372036853543807
0, 617, 0, 9223372036854775807, 0, 9223372036853541807
0, 618, 0, 9223372036854775807, 0, 9223372036853539807
0, 619, 0, 9223372036854775807, 0, 9223372036853537807
0, 62, 0, 9223372036854775807, 0, 9223372036854651807
0, 620, 0, 9223372036854775807, 0, 9223372036853535807
0, 621, 0, 9223372036854775807, 0, 9223372036853533807
0, 622, 0, 9223372036854775807, 0, 9223372036853531807
0, 623, 0, 9223372036854775807, 0, 9223372036853529807
0, 624, 0, 9223372036854775807, 0, 9223372036853527807
0, 625, 0, 9223372036854775807, 0, 9223372036853525807
0, 626, 0, 9223372036854775807, 0, 9223372036853523807
0, 627, 0, 9223372036854775807, 0, 9223372036853521807
0, 628, 0, 9223372036854775807, 0, 9223372036853519807
0, 629, 0, 9223372036854775807, 0, 9223372036853517807
0, 63, 0, 9223372036854775807, 0, 9223372036854649807
0, 64, 0, 9223372036854775807, 0, 9223372036854647807
0, 65, 0, 9223372036854775807, 0, 9223372036854645807
0, 66, 0, 9223372036854775807, 0, 9223372036854643807
0, 67, 0, 9223372036854775807, 0, 9223372036854641807
0, 68, 0, 9223372036854775807, 0, 9223372036854639807
0, 69, 0, 9223372036854775807, 0, 9223372036854637807
0, 7, 0, 9223372036854775807, 0, 9223372036854761807
0, 70, 0, 9223372036854775807, 0, 9223372036854635807
0, 71, 0, 9223372036854775807, 0, 9223372036854633807
0, 72, 0, 9223372036854775807, 0, 9223372036854631807
0, 73, 0, 9223372036854775807, 0, 9223372036854629807
0, 74, 0, 9223372036854775807, 0, 9223372036854627807
0, 75, 0, 9223372036854775807, 0, 9223372036854625807
0, 76, 0, 9223372036854775807, 0, 9223372036854623807
0, 77, 0, 9223372036854775807, 0, 9223372036854621807
0, 78, 0, 9223372036854775807, 0, 9223372036854619807
0, 79, 0, 9223372036854775807, 0, 9223372036854617807
0, 8, 0, 9223372036854775807, 0, 9223372036854759807
0, 80, 0, 9223372036854775807, 0, 9223372036854615807
0, 81, 0, 9223372036854775807, 0, 9223372036854613807
0, 82, 0, 9223372036854775807, 0, 9223372036854611807
0, 83, 0, 9223372036854775807, 0, 9223372036854609807
0, 84, 0, 9223372036854775807, 0, 9223372036854607807
0, 85, 0, 9223372036854775807, 0, 9223372036854605807
0, 86, 0, 9223372036854775807, 0, 9223372036854603807
0, 87, 0, 9223372036854775807, 0, 9223372036854601807
0, 88, 0, 9223372036854775807, 0, 9223372036854599807
0, 89, 0, 9223372036854775807, 0, 9223372036854597807
0, 9, 0, 9223372036854775807, 0, 9223372036854757807
0, 90, 0, 9223372036854775807, 0, 9223372036854595807
0, 91, 0, 9223372036854775807, 0, 9223372036854593807
0, 92, 0, 9223372036854775807, 0, 9223372036854591807
0, 93, 0, 9223372036854775807, 0, 9223372036854589807
0, 94, 0, 9223372036854775807, 0, 9223372036854587807
0, 95, 0, 9223372036854775807, 0, 9223372036854585807
0, 96, 0, 9223372036854775807, 0, 9223372036854583807
0, 97, 0, 9223372036854775807, 0, 9223372036854581807
0, 98, 0, 9223372036854775807, 0, 9223372036854579807
0, 99, 0, 9223372036854775807, 0, 9223372036854577807
1, 0, 20, 600, 20, 600
1, 1, 0, 9223372036854775807, 0, 9223372036854772807
1, 10, 0, 9223372036854775807, 0, 9223372036854745807
1, 100, 0, 9223372036854775807, 0, 9223372036854475807
1, 101, 0, 9223372036854775807, 0, 9223372036854472807
1, 102, 0, 9223372036854775807, 0, 9223372036854469807
1, 103, 0, 9223372036854775807, 0, 9223372036854466807
1, 104, 0, 9223372036854775807, 0, 9223372036854463807
1, 105, 0, 9223372036854775807, 0, 9223372036854460807
1, 106, 0, 9223372036854775807, 0, 9223372036854457807
1, 107, 0, 9223372036854775807, 0, 9223372036854454807
1, 108, 0, 9223372036854775807, 0, 9223372036854451807
1, 109, 0, 9223372036854775807, 0, 9223372036854448807
1, 11, 0, 9223372036854775807, 0, 9223372036854742807
1, 110, 0, 9223372036854775807, 0, 9223372036854445807
1, 111, 0, 9223372036854775807, 0, 9223372036854442807
1, 112, 0, 9223372036854775807, 0, 9223372036854439807
1, 113, 0, 9223372036854775807, 0, 9223372036854436807
1, 114, 0, 9223372036854775807, 0, 9223372036854433807
1, 115, 0, 9223372036854775807, 0, 9223372036854430807
1, 116, 0, 9223372036854775807, 0, 9223372036854427807
1, 117, 0, 9223372036854775807, 0, 9223372036854424807
1, 118, 0, 9223372036854775807, 0, 9223372036854421807
1, 119, 0, 9223372036854775807, 0, 9223372036854418807
1, 12, 0, 9223372036854775807, 0, 9223372036854739807
1, 120, 0, 9223372036854775807, 0, 9223372036854415807
1, 121, 0, 9223372036854775807, 0, 9223372036854412807
1, 122, 0, 9223372036854775807, 0, 9223372036854409807
1, 123, 0, 9223372036854775807, 0, 9223372036854406807
1, 124, 0, 9223372036854775807, 0, 9223372036854403807
1, 125, 0, 9223372036854775807, 0, 9223372036854400807
1, 126, 0, 9223372036854775807, 0, 9223372036854397807
1, 127, 0, 9223372036854775807, 0, 9223372036854394807
1, 128, 0, 9223372036854775807, 0, 9223372036854391807
1, 129, 0, 9223372036854775807, 0, 9223372036854388807
1, 13, 0, 9223372036854775807, 0, 9223372036854736807
1, 130, 0, 9223372036854775807, 0, 9223372036854385807
1, 131, 0, 9223372036854775807, 0, 9223372036854382807
1, 132, 0, 9223372036854775807, 0, 9223372036854379807
1, 133, 0, 9223372036854775807, 0, 9223372036854376807
1, 134, 0, 9223372036854775807, 0, 9223372036854373807
1, 135, 0, 9223372036854775807, 0, 9223372036854370807
1, 136, 0, 9223372036854775807, 0, 9223372036854367807
1, 137, 0, 9223372036854775807, 0, 9223372036854364807
1, 138, 0, 9223372036854775807, 0, 9223372036854361807
1, 139, 0, 9223372036854775807, 0, 9223372036854358807
1, 14, 0, 9223372036854775807, 0, 9223372036854733807
1, 140, 0, 9223372036854775807, 0, 9223372036854355807
1, 141, 0, 9223372036854775807, 0, 9223372036854352807
1, 142, 0, 9223372036854775807, 0, 9223372036854349807
1, 143, 0, 9223372036854775807, 0, 9223372036854346807
1, 144, 0, 9223372036854775807, 0, 9223372036854343807
1, 145, 0, 9223372036854775807, 0, 9223372036854340807
1, 146, 0, 9223372036854775807, 0, 9223372036854337807
1, 147, 0, 9223372036854775807, 0, 9223372036854334807
1, 148, 0, 9223372036854775807, 0, 9223372036854331807
1, 149, 0, 9223372036854775807, 0, 9223372036854328807
1, 15, 0, 9223372036854775807, 0, 9223372036854730807
1, 150, 0, 9223372036854775807, 0, 9223372036854325807
1, 151, 0, 9223372036854775807, 0, 9223372036854322807
1, 152, 0, 9223372036854775807, 0, 9223372036854319807
1, 153, 0, 9223372036854775807, 0, 9223372036854316807
1, 154, 0, 9223372036854775807, 0, 9223372036854313807
1, 155, 0, 9223372036854775807, 0, 9223372036854310807
1, 156, 0, 9223372036854775807, 0, 9223372036854307807
1, 157, 0, 9223372036854775807, 0, 9223372036854304807
1, 158, 0, 9223372036854775807, 0, 9223372036854301807
1, 159, 0, 9223372036854775807, 0, 9223372036854298807
1, 16, 0, 9223372036854775807, 0, 9223372036854727807
1, 160, 0, 9223372036854775807, 0, 9223372036854295807
1, 161, 0, 9223372036854775807, 0, 9223372036854292807
1, 162, 0, 9223372036854775807, 0, 9223372036854289807
1, 163, 0, 9223372036854775807, 0, 9223372036854286807
1, 164, 0, 9223372036854775807, 0, 9223372036854283807
1, 165, 0, 9223372036854775807, 0, 9223372036854280807
1, 166, 0, 9223372036854775807, 0, 9223372036854277807
1, 167, 0, 9223372036854775807, 0, 9223372036854274807
1, 168, 0, 9223372036854775807, 0, 9223372036854271807
1, 169, 0, 9223372036854775807, 0, 9223372036854268807
1, 17, 0, 9223372036854775807, 0, 9223372036854724807
1, 170, 0, 9223372036854775807, 0, 9223372036854265807
1, 171, 0, 9223372036854775807, 0, 9223372036854262807
1, 172, 0, 9223372036854775807, 0, 9223372036854259807
1, 173, 0, 9223372036854775807, 0, 9223372036854256807
1, 174, 0, 9223372036854775807, 0, 9223372036854253807
1, 175, 0, 9223372036854775807, 0, 9223372036854250807
1, 176, 0, 9223372036854775807, 0, 9223372036854247807
1, 177, 0, 9223372036854775807, 0, 9223372036854244807
1, 178, 0, 9223372036854775807, 0, 9223372036854241807
1, 179, 0, 9223372036854775807, 0, 9223372036854238807
1, 18, 0, 9223372036854775807, 0, 9223372036854721807
1, 180, 0, 9223372036854775807, 0, 9223372036854235807
1, 181, 0, 9223372036854775807, 0, 9223372036854232807
1, 182, 0, 9223372036854775807, 0, 9223372036854229807
1, 183, 0, 9223372036854775807, 0, 9223372036854226807
1, 184, 0, 9223372036854775807, 0, 9223372036854223807
1, 185, 0, 9223372036854775807, 0, 9223372036854220807
1, 186, 0, 9223372036854775807, 0, 9223372036854217807
1, 187, 0, 9223372036854775807, 0, 9223372036854214807
1, 188, 0, 9223372036854775807, 0, 9223372036854211807
1, 189, 0, 9223372036854775807, 0, 9223372036854208807
1, 19, 0, 9223372036854775807, 0, 9223372036854718807
1, 190, 0, 9223372036854775807, 0, 9223372036854205807
1, 191, 0, 9223372036854775807, 0, 9223372036854202807
1, 192, 0, 9223372036854775807, 0, 9223372036854199807
1, 193, 0, 9223372036854775807, 0, 9223372036854196807
1, 194, 0, 9223372036854775807, 0, 9223372036854193807
1, 195, 0, 9223372036854775807, 0, 9223372036854190807
1, 196, 0, 9223372036854775807, 0, 9223372036854187807
1, 197, 0, 9223372036854775807, 0, 9223372036854184807
1, 198, 0, 9223372036854775807, 0, 9223372036854181807
1, 199, 0, 9223372036854775807, 0, 9223372036854178807
1, 2, 0, 9223372036854775807, 0, 9223372036854769807
1, 20, 0, 9223372036854775807, 0, 9223372036854715807
1, 200, 0, 9223372036854775807, 0, 9223372036854175807
1, 201, 0, 9223372036854775807, 0, 9223372036854172807
1, 202, 0, 9223372036854775807, 0, 9223372036854169807
1, 203, 0, 9223372036854775807, 0, 9223372036854166807
1, 204, 0, 9223372036854775807, 0, 9223372036854163807
1, 205, 0, 9223372036854775807, 0, 9223372036854160807
1, 206, 0, 9223372036854775807, 0, 9223372036854157807
1, 207, 0, 9223372036854775807, 0, 9223372036854154807
1, 208, 0, 9223372036854775807, 0, 9223372036854151807
1, 209, 0, 9223372036854775807, 0, 9223372036854148807
1, 21, 0, 9223372036854775807, 0, 9223372036854712807
1, 210, 0, 9223372036854775807, 0, 9223372036854145807
1, 211, 0, 9223372036854775807, 0, 9223372036854142807
1, 212, 0, 9223372036854775807, 0, 9223372036854139807
1, 213, 0, 9223372036854775807, 0, 9223372036854136807
1, 214, 0, 9223372036854775807, 0, 9223372036854133807
1, 215, 0, 9223372036854775807, 0, 9223372036854130807
1, 216, 0, 9223372036854775807, 0, 9223372036854127807
1, 217, 0, 9223372036854775807, 0, 9223372036854124807
1, 218, 0, 9223372036854775807, 0, 9223372036854121807
1, 219, 0, 9223372036854775807, 0, 9223372036854118807
1, 22, 0, 9223372036854775807, 0, 9223372036854709807
1, 220, 0, 9223372036854775807, 0, 9223372036854115807
1, 221, 0, 9223372036854775807, 0, 9223372036854112807
1, 222, 0, 9223372036854775807, 0, 9223372036854109807
1, 223, 0, 9223372036854775807, 0, 9223372036854106807
1, 224, 0, 9223372036854775807, 0, 9223372036854103807
1, 225, 0, 9223372036854775807, 0, 9223372036854100807
1, 226, 0, 9223372036854775807, 0, 9223372036854097807
1, 227, 0, 9223372036854775807, 0, 9223372036854094807
1, 228, 0, 9223372036854775807, 0, 9223372036854091807
1, 229, 0, 9223372036854775807, 0, 9223372036854088807
1, 23, 0, 9223372036854775807, 0, 9223372036854706807
1, 230, 0, 9223372036854775807, 0, 9223372036854085807
1, 231, 0, 9223372036854775807, 0, 9223372036854082807
1, 232, 0, 9223372036854775807, 0, 9223372036854079807
1, 233, 0, 9223372036854775807, 0, 9223372036854076807
1, 234, 0, 9223372036854775807, 0, 9223372036854073807
1, 235, 0, 9223372036854775807, 0, 9223372036854070807
1, 236, 0, 9223372036854775807, 0, 9223372036854067807
1, 237, 0, 9223372036854775807, 0, 9223372036854064807
1, 238, 0, 9223372036854775807, 0, 9223372036854061807
1, 239, 0, 9223372036854775807, 0, 9223372036854058807
1, 24, 0, 9223372036854775807, 0, 9223372036854703807
1, 240, 0, 9223372036854775807, 0, 9223372036854055807
1, 241, 0, 9223372036854775807, 0, 9223372036854052807
1, 242, 0, 9223372036854775807, 0, 9223372036854049807
1, 243, 0, 9223372036854775807, 0, 9223372036854046807
1, 244, 0, 9223372036854775807, 0, 9223372036854043807
1, 245, 0, 9223372036854775807, 0, 9223372036854040807
1, 246, 0, 9223372036854775807, 0, 9223372036854037807
1, 247, 0, 9223372036854775807, 0, 9223372036854034807
1, 248, 0, 9223372036854775807, 0, 9223372036854031807
1, 249, 0, 9223372036854775807, 0, 9223372036854028807
1, 25, 0, 9223372036854775807, 0, 9223372036854700807
1, 250, 0, 9223372036854775807, 0, 9223372036854025807
1, 251, 0, 9223372036854775807, 0, 9223372036854022807
1, 252, 0, 9223372036854775807, 0, 9223372036854019807
1, 253, 0, 9223372036854775807, 0, 9223372036854016807
1, 254, 0, 9223372036854775807, 0, 9223372036854013807
1, 255, 0, 9223372036854775807, 0, 9223372036854010807
1, 256, 0, 9223372036854775807, 0, 9223372036854007807
1, 257, 0, 9223372036854775807, 0, 9223372036854004807
1, 258, 0, 9223372036854775807, 0, 9223372036854001807
1, 259, 0, 9223372036854775807, 0, 9223372036853998807
1, 26, 0, 9223372036854775807, 0, 9223372036854697807
1, 260, 0, 9223372036854775807, 0, 9223372036853995807
1, 261, 0, 9223372036854775807, 0, 9223372036853992807
1, 262, 0, 9223372036854775807, 0, 9223372036853989807
1, 263, 0, 9223372036854775807, 0, 9223372036853986807
1, 264, 0, 9223372036854775807, 0, 9223372036853983807
1, 265, 0, 9223372036854775807, 0, 9223372036853980807
1, 266, 0, 9223372036854775807, 0, 9223372036853977807
1, 267, 0, 9223372036854775807, 0, 9223372036853974807
1, 268, 0, 9223372036854775807, 0, 9223372036853971807
1, 269, 0, 9223372036854775807, 0, 9223372036853968807
1, 27, 0, 9223372036854775807, 0, 9223372036854694807
1, 270, 0, 9223372036854775807, 0, 9223372036853965807
1, 271, 0, 9223372036854775807, 0, 9223372036853962807
1, 272, 0, 9223372036854775807, 0, 9223372036853959807
1, 273, 0, 9223372036854775807, 0, 9223372036853956807
1, 274, 0, 9223372036854775807, 0, 9223372036853953807
1, 275, 0, 9223372036854775807, 0, 9223372036853950807
1, 276, 0, 9223372036854775807, 0, 9223372036853947807
1, 277, 0, 9223372036854775807, 0, 9223372036853944807
1, 278, 0, 9223372036854775807, 0, 9223372036853941807
1, 279, 0, 9223372036854775807, 0, 9223372036853938807
1, 28, 0, 9223372036854775807, 0, 9223372036854691807
1, 280, 0, 9223372036854775807, 0, 9223372036853935807
1, 281, 0, 9223372036854775807, 0, 9223372036853932807
1, 282, 0, 9223372036854775807, 0, 9223372036853929807
1, 283, 0, 9223372036854775807, 0, 9223372036853926807
1, 284, 0, 9223372036854775807, 0, 9223372036853923807
1, 285, 0, 9223372036854775807, 0, 9223372036853920807
1, 286, 0, 9223372036854775807, 0, 9223372036853917807
1, 287, 0, 9223372036854775807, 0, 9223372036853914807
1, 288, 0, 9223372036854775807, 0, 9223372036853911807
1, 289, 0, 9223372036854775807, 0, 9223372036853908807
1, 29, 0, 9223372036854775807, 0, 9223372036854688807
1, 290, 0, 9223372036854775807, 0, 9223372036853905807
1, 291, 0, 9223372036854775807, 0, 9223372036853902807
1, 292, 0, 9223372036854775807, 0, 9223372036853899807
1, 293, 0, 9223372036854775807, 0, 9223372036853896807
1, 294, 0, 9223372036854775807, 0, 9223372036853893807
1, 295, 0, 9223372036854775807, 0, 9223372036853890807
1, 296, 0, 9223372036854775807, 0, 9223372036853887807
1, 297, 0, 9223372036854775807, 0, 9223372036853884807
1, 298, 0, 9223372036854775807, 0, 9223372036853881807
1, 299, 0, 9223372036854775807, 0, 9223372036853878807
1, 3, 0, 9223372036854775807, 0, 9223372036854766807
1, 30, 0, 9223372036854775807, 0, 9223372036854685807
1, 300, 0, 9223372036854775807, 0, 9223372036853875807
1, 301, 0, 9223372036854775807, 0, 9223372036853872807
1, 302, 0, 9223372036854775807, 0, 9223372036853869807
1, 303, 0, 9223372036854775807, 0, 9223372036853866807
1, 304, 0, 9223372036854775807, 0, 9223372036853863807
1, 305, 0, 9223372036854775807, 0, 9223372036853860807
1, 306, 0, 9223372036854775807, 0, 9223372036853857807
1, 307, 0, 9223372036854775807, 0, 9223372036853854807
1, 308, 0, 9223372036854775807, 0, 9223372036853851807
1, 309, 0, 9223372036854775807, 0, 9223372036853848807
1, 31, 0, 9223372036854775807, 0, 9223372036854682807
1, 310, 0, 9223372036854775807, 0, 9223372036853845807
1, 311, 0, 9223372036854775807, 0, 9223372036853842807
1, 312, 0, 9223372036854775807, 0, 9223372036853839807
1, 313, 0, 9223372036854775807, 0, 9223372036853836807
1, 314, 0, 9223372036854775807, 0, 9223372036853833807
1, 315, 0, 9223372036854775807, 0, 9223372036853830807
1, 316, 0, 9223372036854775807, 0, 9223372036853827807
1, 317, 0, 9223372036854775807, 0, 9223372036853824807
1, 318, 0, 9223372036854775807, 0, 9223372036853821807
1, 319, 0, 9223372036854775807, 0, 9223372036853818807
1, 32, 0, 9223372036854775807, 0, 9223372036854679807
1, 320, 0, 9223372036854775807, 0, 9223372036853815807
1, 321, 0, 9223372036854775807, 0, 9223372036853812807
1, 322, 0, 9223372036854775807, 0, 9223372036853809807
1, 323, 0, 9223372036854775807, 0, 9223372036853806807
1, 324, 0, 9223372036854775807, 0, 9223372036853803807
1, 325, 0, 9223372036854775807, 0, 9223372036853800807
1, 326, 0, 9223372036854775807, 0, 9223372036853797807
1, 327, 0, 9223372036854775807, 0, 9223372036853794807
1, 328, 0, 9223372036854775807, 0, 9223372036853791807
1, 329, 0, 9223372036854775807, 0, 9223372036853788807
1, 33, 0, 9223372036854775807, 0, 9223372036854676807
1, 330, 0, 9223372036854775807, 0, 9223372036853785807
1, 331, 0, 9223372036854775807, 0, 9223372036853782807
1, 332, 0, 9223372036854775807, 0, 9223372036853779807
1, 333, 0, 9223372036854775807, 0, 9223372036853776807
1, 334, 0, 9223372036854775807, 0, 9223372036853773807
1, 335, 0, 9223372036854775807, 0, 9223372036853770807
1, 336, 0, 9223372036854775807, 0, 9223372036853767807
1, 337, 0, 9223372036854775807, 0, 9223372036853764807
1, 338, 0, 9223372036854775807, 0, 9223372036853761807
1, 339, 0, 9223372036854775807, 0, 9223372036853758807
1, 34, 0, 9223372036854775807, 0, 9223372036854673807
1, 340, 0, 9223372036854775807, 0, 9223372036853755807
1, 341, 0, 9223372036854775807, 0, 9223372036853752807
1, 342, 0, 9223372036854775807, 0, 9223372036853749807
1, 343, 0, 9223372036854775807, 0, 9223372036853746807
1, 344, 0, 9223372036854775807, 0, 9223372036853743807
1, 345, 0, 9223372036854775807, 0, 9223372036853740807
1, 346, 0, 9223372036854775807, 0, 9223372036853737807
1, 347, 0, 9223372036854775807, 0, 9223372036853734807
1, 348, 0, 9223372036854775807, 0, 9223372036853731807
1, 349, 0, 9223372036854775807, 0, 9223372036853728807
1, 35, 0, 9223372036854775807, 0, 9223372036854670807
1, 350, 0, 9223372036854775807, 0, 9223372036853725807
1, 351, 0, 9223372036854775807, 0, 9223372036853722807
1, 352, 0, 9223372036854775807, 0, 9223372036853719807
1, 353, 0, 9223372036854775807, 0, 9223372036853716807
1, 354, 0, 9223372036854775807, 0, 9223372036853713807
1, 355, 0, 9223372036854775807, 0, 9223372036853710807
1, 356, 0, 9223372036854775807, 0, 9223372036853707807
1, 357, 0, 9223372036854775807, 0, 9223372036853704807
1, 358, 0, 9223372036854775807, 0, 9223372036853701807
1, 359, 0, 9223372036854775807, 0, 9223372036853698807
1, 36, 0, 9223372036854775807, 0, 9223372036854667807
1, 360, 0, 9223372036854775807, 0, 9223372036853695807
1, 361, 0, 9223372036854775807, 0, 9223372036853692807
1, 362, 0, 9223372036854775807, 0, 9223372036853689807
1, 363, 0, 9223372036854775807, 0, 9223372036853686807
1, 364, 0, 9223372036854775807, 0, 9223372036853683807
1, 365, 0, 9223372036854775807, 0, 9223372036853680807
1, 366, 0, 9223372036854775807, 0, 9223372036853677807
1, 367, 0, 9223372036854775807, 0, 9223372036853674807
1, 368, 0, 9223372036854775807, 0, 9223372036853671807
1, 369, 0, 9223372036854775807, 0, 9223372036853668807
1, 37, 0, 9223372036854775807, 0, 9223372036854664807
1, 370, 0, 9223372036854775807, 0, 9223372036853665807
1, 371, 0, 9223372036854775807, 0, 9223372036853662807
1, 372, 0, 9223372036854775807, 0, 9223372036853659807
1, 373, 0, 9223372036854775807, 0, 9223372036853656807
1, 374, 0, 9223372036854775807, 0, 9223372036853653807
1, 375, 0, 9223372036854775807, 0, 9223372036853650807
1, 376, 0, 9223372036854775807, 0, 9223372036853647807
1, 377, 0, 9223372036854775807, 0, 9223372036853644807
1, 378, 0, 9223372036854775807, 0, 9223372036853641807
1, 379, 0, 9223372036854775807, 0, 9223372036853638807
1, 38, 0, 9223372036854775807, 0, 9223372036854661807
1, 380, 0, 9223372036854775807, 0, 9223372036853635807
1, 381, 0, 9223372036854775807, 0, 9223372036853632807
1, 382, 0, 9223372036854775807, 0, 9223372036853629807
1, 383, 0, 9223372036854775807, 0, 9223372036853626807
1, 384, 0, 9223372036854775807, 0, 9223372036853623807
1, 385, 0, 9223372036854775807, 0, 9223372036853620807
1, 386, 0, 9223372036854775807, 0, 9223372036853617807
1, 387, 0, 9223372036854775807, 0, 9223372036853614807
1, 388, 0, 9223372036854775807, 0, 9223372036853611807
1, 389, 0, 9223372036854775807, 0, 9223372036853608807
1, 39, 0, 9223372036854775807, 0, 9223372036854658807
1, 390, 0, 9223372036854775807, 0, 9223372036853605807
1, 391, 0, 9223372036854775807, 0, 9223372036853602807
1, 392, 0, 9223372036854775807, 0, 9223372036853599807
1, 393, 0, 9223372036854775807, 0, 9223372036853596807
1, 394, 0, 9223372036854775807, 0, 9223372036853593807
1, 395, 0, 9223372036854775807, 0, 9223372036853590807
1, 396, 0, 9223372036854775807, 0, 9223372036853587807
1, 397, 0, 9223372036854775807, 0, 9223372036853584807
1, 398, 0, 9223372036854775807, 0, 9223372036853581807
1, 399, 0, 9223372036854775807, 0, 9223372036853578807
1, 4, 0, 9223372036854775807, 0, 9223372036854763807
1, 40, 0, 9223372036854775807, 0, 9223372036854655807
1, 400, 0, 9223372036854775807, 0, 9223372036853575807
1, 401, 0, 9223372036854775807, 0, 9223372036853572807
1, 402, 0, 9223372036854775807, 0, 9223372036853569807
1, 403, 0, 9223372036854775807, 0, 9223372036853566807
1, 404, 0, 9223372036854775807, 0, 9223372036853563807
1, 405, 0, 9223372036854775807, 0, 9223372036853560807
1, 406, 0, 9223372036854775807, 0, 9223372036853557807
1, 407, 0, 9223372036854775807, 0, 9223372036853554807
1, 408, 0, 9223372036854775807, 0, 9223372036853551807
1, 409, 0, 9223372036854775807, 0, 9223372036853548807
1, 41, 0, 9223372036854775807, 0, 9223372036854652807
1, 410, 0, 9223372036854775807, 0, 9223372036853545807
1, 411, 0, 9223372036854775807, 0, 9223372036853542807
1, 412, 0, 9223372036854775807, 0, 9223372036853539807
1, 413, 0, 9223372036854775807, 0, 9223372036853536807
1, 414, 0, 9223372036854775807, 0, 9223372036853533807
1, 415, 0, 9223372036854775807, 0, 9223372036853530807
1, 416, 0, 9223372036854775807, 0, 9223372036853527807
1, 417, 0, 9223372036854775807, 0, 9223372036853524807
1, 418, 0, 9223372036854775807, 0, 9223372036853521807
1, 419, 0, 9223372036854775807, 0, 9223372036853518807
1, 42, 0, 9223372036854775807, 0, 9223372036854649807
1, 43, 0, 9223372036854775807, 0, 9223372036854646807
1, 44, 0, 9223372036854775807, 0, 9223372036854643807
1, 45, 0, 9223372036854775807, 0, 9223372036854640807
1, 46, 0, 9223372036854775807, 0, 9223372036854637807
1, 47, 0, 9223372036854775807, 0, 9223372036854634807
1, 48, 0, 9223372036854775807, 0, 9223372036854631807
1, 49, 0, 9223372036854775807, 0, 9223372036854628807
1, 5, 0, 9223372036854775807, 0, 9223372036854760807
1, 50, 0, 9223372036854775807, 0, 9223372036854625807
1, 51, 0, 9223372036854775807, 0, 9223372036854622807
1, 52, 0, 9223372036854775807, 0, 9223372036854619807
1, 53, 0, 9223372036854775807, 0, 9223372036854616807
1, 54, 0, 9223372036854775807, 0, 9223372036854613807
1, 55, 0, 9223372036854775807, 0, 9223372036854610807
1, 56, 0, 9223372036854775807, 0, 9223372036854607807
1, 57, 0, 9223372036854775807, 0, 9223372036854604807
1, 58, 0, 9223372036854775807, 0, 9223372036854601807
1, 59, 0, 9223372036854775807, 0, 9223372036854598807
1, 6, 0, 9223372036854775807, 0, 9223372036854757807
1, 60, 0, 9223372036854775807, 0, 9223372036854595807
1, 61, 0, 9223372036854775807, 0, 9223372036854592807
1, 62, 0, 9223372036854775807, 0, 9223372036854589807
1, 63, 0, 9223372036854775807, 0, 9223372036854586807
1, 64, 0, 9223372036854775807, 0, 9223372036854583807
1, 65, 0, 9223372036854775807, 0, 9223372036854580807
1, 66, 0, 9223372036854775807, 0, 9223372036854577807
1, 67, 0, 9223372036854775807, 0, 9223372036854574807
1, 68, 0, 9223372036854775807, 0, 9223372036854571807
1, 69, 0, 9223372036854775807, 0, 9223372036854568807
1, 7, 0, 9223372036854775807, 0, 9223372036854754807
1, 70, 0, 9223372036854775807, 0, 9223372036854565807
1, 71, 0, 9223372036854775807, 0, 9223372036854562807
1, 72, 0, 9223372036854775807, 0, 9223372036854559807
1, 73, 0, 9223372036854775807, 0, 9223372036854556807
1, 74, 0, 9223372036854775807, 0, 9223372036854553807
1, 75, 0, 9223372036854775807, 0, 9223372036854550807
1, 76, 0, 9223372036854775807, 0, 9223372036854547807
1, 77, 0, 9223372036854775807, 0, 9223372036854544807
1, 78, 0, 9223372036854775807, 0, 9223372036854541807
1, 79, 0, 9223372036854775807, 0, 9223372036854538807
1, 8, 0, 9223372036854775807, 0, 9223372036854751807
1, 80, 0, 9223372036854775807, 0, 9223372036854535807
1, 81, 0, 9223372036854775807, 0, 9223372036854532807
1, 82, 0, 9223372036854775807, 0, 9223372036854529807
1, 83, 0, 9223372036854775807, 0, 9223372036854526807
1, 84, 0, 9223372036854775807, 0, 9223372036854523807
1, 85, 0, 9223372036854775807, 0, 9223372036854520807
1, 86, 0, 9223372036854775807, 0, 9223372036854517807
1, 87, 0, 9223372036854775807, 0, 9223372036854514807
1, 88, 0, 9223372036854775807, 0, 9223372036854511807
1, 89, 0, 9223372036854775807, 0, 9223372036854508807
1, 9, 0, 9223372036854775807, 0, 9223372036854748807
1, 90, 0, 9223372036854775807, 0, 9223372036854505807
1, 91, 0, 9223372036854775807, 0, 9223372036854502807
1, 92, 0, 9223372036854775807, 0, 9223372036854499807
1, 93, 0, 9223372036854775807, 0, 9223372036854496807
1, 94, 0, 9223372036854775807, 0, 9223372036854493807
1, 95, 0, 9223372036854775807, 0, 9223372036854490807
1, 96, 0, 9223372036854775807, 0, 9223372036854487807
1, 97, 0, 9223372036854775807, 0, 9223372036854484807
1, 98, 0, 9223372036854775807, 0, 9223372036854481807
1, 99, 0, 9223372036854775807, 0, 9223372036854478807
2, 0, 840, 1599, 840, 1599
2, 1, 0, 9223372036854775807, 0, 9223372036854771807
2, 10, 0, 9223372036854775807, 0, 9223372036854735807
2, 100, 0, 9223372036854775807, 0, 9223372036854375807
2, 101, 0, 9223372036854775807, 0, 9223372036854371807
2, 102, 0, 9223372036854775807, 0, 9223372036854367807
2, 103, 0, 9223372036854775807, 0, 9223372036854363807
2, 104, 0, 9223372036854775807, 0, 9223372036854359807
2, 105, 0, 9223372036854775807, 0, 9223372036854355807
2, 106, 0, 9223372036854775807, 0, 9223372036854351807
2, 107, 0, 9223372036854775807, 0, 9223372036854347807
2, 108, 0, 9223372036854775807, 0, 9223372036854343807
2, 109, 0, 9223372036854775807, 0, 9223372036854339807
2, 11, 0, 9223372036854775807, 0, 9223372036854731807
2, 110, 0, 9223372036854775807, 0, 9223372036854335807
2, 111, 0, 9223372036854775807, 0, 9223372036854331807
2, 112, 0, 9223372036854775807, 0, 9223372036854327807
2, 113, 0, 9223372036854775807, 0, 9223372036854323807
2, 114, 0, 9223372036854775807, 0, 9223372036854319807
2, 115, 0, 9223372036854775807, 0, 9223372036854315807
2, 116, 0, 9223372036854775807, 0, 9223372036854311807
2, 117, 0, 9223372036854775807, 0, 9223372036854307807
2, 118, 0, 9223372036854775807, 0, 9223372036854303807
2, 119, 0, 9223372036854775807, 0, 9223372036854299807
2, 12, 0, 9223372036854775807, 0, 9223372036854727807
2, 120, 0, 9223372036854775807, 0, 9223372036854295807
2, 121, 0, 9223372036854775807, 0, 9223372036854291807
2, 122, 0, 9223372036854775807, 0, 9223372036854287807
2, 123, 0, 9223372036854775807, 0, 9223372036854283807
2, 124, 0, 9223372036854775807, 0, 9223372036854279807
2, 125, 0, 9223372036854775807, 0, 9223372036854275807
2, 126, 0, 9223372036854775807, 0, 9223372036854271807
2, 127, 0, 9223372036854775807, 0, 9223372036854267807
2, 128, 0, 9223372036854775807, 0, 9223372036854263807
2, 129, 0, 9223372036854775807, 0, 9223372036854259807
2, 13, 0, 9223372036854775807, 0, 9223372036854723807
2, 130, 0, 9223372036854775807, 0, 9223372036854255807
2, 131, 0, 9223372036854775807, 0, 9223372036854251807
2, 132, 0, 9223372036854775807, 0, 9223372036854247807
2, 133, 0, 9223372036854775807, 0, 9223372036854243807
2, 134, 0, 9223372036854775807, 0, 9223372036854239807
2, 135, 0, 9223372036854775807, 0, 9223372036854235807
2, 136, 0, 9223372036854775807, 0, 9223372036854231807
2, 137, 0, 9223372036854775807, 0, 9223372036854227807
2, 138, 0, 9223372036854775807, 0, 9223372036854223807
2, 139, 0, 9223372036854775807, 0, 9223372036854219807
2, 14, 0, 9223372036854775807, 0, 9223372036854719807
2, 140, 0, 9223372036854775807, 0, 9223372036854215807
2, 141, 0, 9223372036854775807, 0, 9223372036854211807
2, 142, 0, 9223372036854775807, 0, 9223372036854207807
2, 143, 0, 9223372036854775807, 0, 9223372036854203807
2, 144, 0, 9223372036854775807, 0, 9223372036854199807
2, 145, 0, 9223372036854775807, 0, 9223372036854195807
2, 146, 0, 9223372036854775807, 0, 9223372036854191807
2, 147, 0, 9223372036854775807, 0, 9223372036854187807
2, 148, 0, 9223372036854775807, 0, 9223372036854183807
2, 149, 0, 9223372036854775807, 0, 9223372036854179807
2, 15, 0, 9223372036854775807, 0, 9223372036854715807
2, 150, 0, 9223372036854775807, 0, 9223372036854175807
2, 151, 0, 9223372036854775807, 0, 9223372036854171807
2, 152, 0, 9223372036854775807, 0, 9223372036854167807
2, 153, 0, 9223372036854775807, 0, 9223372036854163807
2, 154, 0, 9223372036854775807, 0, 9223372036854159807
2, 155, 0, 9223372036854775807, 0, 9223372036854155807
2, 156, 0, 9223372036854775807, 0, 9223372036854151807
2, 157, 0, 9223372036854775807, 0, 9223372036854147807
2, 158, 0, 9223372036854775807, 0, 9223372036854143807
2, 159, 0, 9223372036854775807, 0, 9223372036854139807
2, 16, 0, 9223372036854775807, 0, 9223372036854711807
2, 160, 0, 9223372036854775807, 0, 9223372036854135807
2, 161, 0, 9223372036854775807, 0, 9223372036854131807
2, 162, 0, 9223372036854775807, 0, 9223372036854127807
2, 163, 0, 9223372036854775807, 0, 9223372036854123807
2, 164, 0, 9223372036854775807, 0, 9223372036854119807
2, 165, 0, 9223372036854775807, 0, 9223372036854115807
2, 166, 0, 9223372036854775807, 0, 9223372036854111807
2, 167, 0, 9223372036854775807, 0, 9223372036854107807
2, 168, 0, 9223372036854775807, 0, 9223372036854103807
2, 169, 0, 9223372036854775807, 0, 9223372036854099807
2, 17, 0, 9223372036854775807, 0, 9223372036854707807
2, 170, 0, 9223372036854775807, 0, 9223372036854095807
2, 171, 0, 9223372036854775807, 0, 9223372036854091807
2, 172, 0, 9223372036854775807, 0, 9223372036854087807
2, 173, 0, 9223372036854775807, 0, 9223372036854083807
2, 174, 0, 9223372036854775807, 0, 9223372036854079807
2, 175, 0, 9223372036854775807, 0, 9223372036854075807
2, 176, 0, 9223372036854775807, 0, 9223372036854071807
2, 177, 0, 9223372036854775807, 0, 9223372036854067807
2, 178, 0, 9223372036854775807, 0, 9223372036854063807
2, 179, 0, 9223372036854775807, 0, 9223372036854059807
2, 18, 0, 9223372036854775807, 0, 9223372036854703807
2, 180, 0, 9223372036854775807, 0, 9223372036854055807
2, 181, 0, 9223372036854775807, 0, 9223372036854051807
2, 182, 0, 9223372036854775807, 0, 9223372036854047807
2, 183, 0, 9223372036854775807, 0, 9223372036854043807
2, 184, 0, 9223372036854775807, 0, 9223372036854039807
2, 185, 0, 9223372036854775807, 0, 9223372036854035807
2, 186, 0, 9223372036854775807, 0, 9223372036854031807
2, 187, 0, 9223372036854775807, 0, 9223372036854027807
2, 188, 0, 9223372036854775807, 0, 9223372036854023807
2, 189, 0, 9223372036854775807, 0, 9223372036854019807
2, 19, 0, 9223372036854775807, 0, 9223372036854699807
2, 190, 0, 9223372036854775807, 0, 9223372036854015807
2, 191, 0, 9223372036854775807, 0, 9223372036854011807
2, 192, 0, 9223372036854775807, 0, 9223372036854007807
2, 193, 0, 9223372036854775807, 0, 9223372036854003807
2, 194, 0, 9223372036854775807, 0, 9223372036853999807
2, 195, 0, 9223372036854775807, 0, 9223372036853995807
2, 196, 0, 9223372036854775807, 0, 9223372036853991807
2, 197, 0, 9223372036854775807, 0, 9223372036853987807
2, 198, 0, 9223372036854775807, 0, 9223372036853983807
2, 199, 0, 9223372036854775807, 0, 9223372036853979807
2, 2, 0, 9223372036854775807, 0, 9223372036854767807
2, 20, 0, 9223372036854775807, 0, 9223372036854695807
2, 200, 0, 9223372036854775807, 0, 9223372036853975807
2, 201, 0, 9223372036854775807, 0, 9223372036853971807
2, 202, 0, 9223372036854775807, 0, 9223372036853967807
2, 203, 0, 9223372036854775807, 0, 9223372036853963807
2, 204, 0, 9223372036854775807, 0, 9223372036853959807
2, 205, 0, 9223372036854775807, 0, 9223372036853955807
2, 206, 0, 9223372036854775807, 0, 9223372036853951807
2, 207, 0, 9223372036854775807, 0, 9223372036853947807
2, 208, 0, 9223372036854775807, 0, 9223372036853943807
2, 209, 0, 9223372036854775807, 0, 9223372036853939807
2, 21, 0, 9223372036854775807, 0, 9223372036854691807
2, 210, 0, 9223372036854775807, 0, 9223372036853935807
2, 211, 0, 9223372036854775807, 0, 9223372036853931807
2, 212, 0, 9223372036854775807, 0, 9223372036853927807
2, 213, 0, 9223372036854775807, 0, 9223372036853923807
2, 214, 0, 9223372036854775807, 0, 9223372036853919807
2, 215, 0, 9223372036854775807, 0, 9223372036853915807
2, 216, 0, 9223372036854775807, 0, 9223372036853911807
2, 217, 0, 9223372036854775807, 0, 9223372036853907807
2, 218, 0, 9223372036854775807, 0, 9223372036853903807
2, 219, 0, 9223372036854775807, 0, 9223372036853899807
2, 22, 0, 9223372036854775807, 0, 9223372036854687807
2, 220, 0, 9223372036854775807, 0, 9223372036853895807
2, 221, 0, 9223372036854775807, 0, 9223372036853891807
2, 222, 0, 9223372036854775807, 0, 9223372036853887807
2, 223, 0, 9223372036854775807, 0, 9223372036853883807
2, 224, 0, 9223372036854775807, 0, 9223372036853879807
2, 225, 0, 9223372036854775807, 0, 9223372036853875807
2, 226, 0, 9223372036854775807, 0, 9223372036853871807
2, 227, 0, 9223372036854775807, 0, 9223372036853867807
2, 228, 0, 9223372036854775807, 0, 9223372036853863807
2, 229, 0, 9223372036854775807, 0, 9223372036853859807
2, 23, 0, 9223372036854775807, 0, 9223372036854683807
2, 230, 0, 9223372036854775807, 0, 9223372036853855807
2, 231, 0, 9223372036854775807, 0, 9223372036853851807
2, 232, 0, 9223372036854775807, 0, 9223372036853847807
2, 233, 0, 9223372036854775807, 0, 9223372036853843807
2, 234, 0, 9223372036854775807, 0, 9223372036853839807
2, 235, 0, 9223372036854775807, 0, 9223372036853835807
2, 236, 0, 9223372036854775807, 0, 9223372036853831807
2, 237, 0, 9223372036854775807, 0, 9223372036853827807
2, 238, 0, 9223372036854775807, 0, 9223372036853823807
2, 239, 0, 9223372036854775807, 0, 9223372036853819807
2, 24, 0, 9223372036854775807, 0, 9223372036854679807
2, 240, 0, 9223372036854775807, 0, 9223372036853815807
2, 241, 0, 9223372036854775807, 0, 9223372036853811807
2, 242, 0, 9223372036854775807, 0, 9223372036853807807
2, 243, 0, 9223372036854775807, 0, 9223372036853803807
2, 244, 0, 9223372036854775807, 0, 9223372036853799807
2, 245, 0, 9223372036854775807, 0, 9223372036853795807
2, 246, 0, 9223372036854775807, 0, 9223372036853791807
2, 247, 0, 9223372036854775807, 0, 9223372036853787807
2, 248, 0, 9223372036854775807, 0, 9223372036853783807
2, 249, 0, 9223372036854775807, 0, 9223372036853779807
2, 25, 0, 9223372036854775807, 0, 9223372036854675807
2, 250, 0, 9223372036854775807, 0, 9223372036853775807
2, 251, 0, 9223372036854775807, 0, 9223372036853771807
2, 252, 0, 9223372036854775807, 0, 9223372036853767807
2, 253, 0, 9223372036854775807, 0, 9223372036853763807
2, 254, 0, 9223372036854775807, 0, 9223372036853759807
2, 255, 0, 9223372036854775807, 0, 9223372036853755807
2, 256, 0, 9223372036854775807, 0, 9223372036853751807
2, 257, 0, 9223372036854775807, 0, 9223372036853747807
2, 258, 0, 9223372036854775807, 0, 9223372036853743807
2, 259, 0, 9223372036854775807, 0, 9223372036853739807
2, 26, 0, 9223372036854775807, 0, 9223372036854671807
2, 260, 0, 9223372036854775807, 0, 9223372036853735807
2, 261, 0, 9223372036854775807, 0, 9223372036853731807
2, 262, 0, 9223372036854775807, 0, 9223372036853727807
2, 263, 0, 9223372036854775807, 0, 9223372036853723807
2, 264, 0, 9223372036854775807, 0, 9223372036853719807
2, 265, 0, 9223372036854775807, 0, 9223372036853715807
2, 266, 0, 9223372036854775807, 0, 9223372036853711807
2, 267, 0, 9223372036854775807, 0, 9223372036853707807
2, 268, 0, 9223372036854775807, 0, 9223372036853703807
2, 269, 0, 9223372036854775807, 0, 9223372036853699807
2, 27, 0, 9223372036854775807, 0, 9223372036854667807
2, 270, 0, 9223372036854775807, 0, 9223372036853695807
2, 271, 0, 9223372036854775807, 0, 9223372036853691807
2, 272, 0, 9223372036854775807, 0, 9223372036853687807
2, 273, 0, 9223372036854775807, 0, 9223372036853683807
2, 274, 0, 9223372036854775807, 0, 9223372036853679807
2, 275, 0, 9223372036854775807, 0, 9223372036853675807
2, 276, 0, 9223372036854775807, 0, 9223372036853671807
2, 277, 0, 9223372036854775807, 0, 9223372036853667807
2, 278, 0, 9223372036854775807, 0, 9223372036853663807
2, 279, 0, 9223372036854775807, 0, 9223372036853659807
2, 28, 0, 9223372036854775807, 0, 9223372036854663807
2, 280, 0, 9223372036854775807, 0, 9223372036853655807
2, 281, 0, 9223372036854775807, 0, 9223372036853651807
2, 282, 0, 9223372036854775807, 0, 9223372036853647807
2, 283, 0, 9223372036854775807, 0, 9223372036853643807
2, 284, 0, 9223372036854775807, 0, 9223372036853639807
2, 285, 0, 9223372036854775807, 0, 9223372036853635807
2, 286, 0, 9223372036854775807, 0, 9223372036853631807
2, 287, 0, 9223372036854775807, 0, 9223372036853627807
2, 288, 0, 9223372036854775807, 0, 9223372036853623807
2, 289, 0, 9223372036854775807, 0, 9223372036853619807
2, 29, 0, 9223372036854775807, 0, 9223372036854659807
2, 290, 0, 9223372036854775807, 0, 9223372036853615807
2, 291, 0, 9223372036854775807, 0, 9223372036853611807
2, 292, 0, 9223372036854775807, 0, 9223372036853607807
2, 293, 0, 9223372036854775807, 0, 9223372036853603807
2, 294, 0, 9223372036854775807, 0, 9223372036853599807
2, 295, 0, 9223372036854775807, 0, 9223372036853595807
2, 296, 0, 9223372036854775807, 0, 9223372036853591807
2, 297, 0, 9223372036854775807, 0, 9223372036853587807
2, 298, 0, 9223372036854775807, 0, 9223372036853583807
2, 299, 0, 9223372036854775807, 0, 9223372036853579807
2, 3, 0, 9223372036854775807, 0, 9223372036854763807
2, 30, 0, 9223372036854775807, 0, 9223372036854655807
2, 300, 0, 9223372036854775807, 0, 9223372036853575807
2, 301, 0, 9223372036854775807, 0, 9223372036853571807
2, 302, 0, 9223372036854775807, 0, 9223372036853567807
2, 303, 0, 9223372036854775807, 0, 9223372036853563807
2, 304, 0, 9223372036854775807, 0, 9223372036853559807
2, 305, 0, 9223372036854775807, 0, 9223372036853555807
2, 306, 0, 9223372036854775807, 0, 9223372036853551807
2, 307, 0, 9223372036854775807, 0, 9223372036853547807
2, 308, 0, 9223372036854775807, 0, 9223372036853543807
2, 309, 0, 9223372036854775807, 0, 9223372036853539807
2, 31, 0, 9223372036854775807, 0, 9223372036854651807
2, 310, 0, 9223372036854775807, 0, 9223372036853535807
2, 311, 0, 9223372036854775807, 0, 9223372036853531807
2, 312, 0, 9223372036854775807, 0, 9223372036853527807
2, 313, 0, 9223372036854775807, 0, 9223372036853523807
2, 314, 0, 9223372036854775807, 0, 9223372036853519807
2, 32, 0, 9223372036854775807, 0, 9223372036854647807
2, 33, 0, 9223372036854775807, 0, 9223372036854643807
2, 34, 0, 9223372036854775807, 0, 9223372036854639807
2, 35, 0, 9223372036854775807, 0, 9223372036854635807
2, 36, 0, 9223372036854775807, 0, 9223372036854631807
2, 37, 0, 9223372036854775807, 0, 9223372036854627807
2, 38, 0, 9223372036854775807, 0, 9223372036854623807
2, 39, 0, 9223372036854775807, 0, 9223372036854619807
2, 4, 0, 9223372036854775807, 0, 9223372036854759807
2, 40, 0, 9223372036854775807, 0, 9223372036854615807
2, 41, 0, 9223372036854775807, 0, 9223372036854611807
2, 42, 0, 9223372036854775807, 0, 9223372036854607807
2, 43, 0, 9223372036854775807, 0, 9223372036854603807
2, 44, 0, 9223372036854775807, 0, 9223372036854599807
2, 45, 0, 9223372036854775807, 0, 9223372036854595807
2, 46, 0, 9223372036854775807, 0, 9223372036854591807
2, 47, 0, 9223372036854775807, 0, 9223372036854587807
2, 48, 0, 9223372036854775807, 0, 9223372036854583807
2, 49, 0, 9223372036854775807, 0, 9223372036854579807
2, 5, 0, 9223372036854775807, 0, 9223372036854755807
2, 50, 0, 9223372036854775807, 0, 9223372036854575807
2, 51, 0, 9223372036854775807, 0, 9223372036854571807
2, 52, 0, 9223372036854775807, 0, 9223372036854567807
2, 53, 0, 9223372036854775807, 0, 9223372036854563807
2, 54, 0, 9223372036854775807, 0, 9223372036854559807
2, 55, 0, 9223372036854775807, 0, 9223372036854555807
2, 56, 0, 9223372036854775807, 0, 9223372036854551807
2, 57, 0, 9223372036854775807, 0, 9223372036854547807
2, 58, 0, 9223372036854775807, 0, 9223372036854543807
2, 59, 0, 9223372036854775807, 0, 9223372036854539807
2, 6, 0, 9223372036854775807, 0, 9223372036854751807
2, 60, 0, 9223372036854775807, 0, 9223372036854535807
2, 61, 0, 9223372036854775807, 0, 9223372036854531807
2, 62, 0, 9223372036854775807, 0, 9223372036854527807
2, 63, 0, 9223372036854775807, 0, 9223372036854523807
2, 64, 0, 9223372036854775807, 0, 9223372036854519807
2, 65, 0, 9223372036854775807, 0, 9223372036854515807
2, 66, 0, 9223372036854775807, 0, 9223372036854511807
2, 67, 0, 9223372036854775807, 0, 9223372036854507807
2, 68, 0, 9223372036854775807, 0, 9223372036854503807
2, 69, 0, 9223372036854775807, 0, 9223372036854499807
2, 7, 0, 9223372036854775807, 0, 9223372036854747807
2, 70, 0, 9223372036854775807, 0, 9223372036854495807
2, 71, 0, 9223372036854775807, 0, 9223372036854491807
2, 72, 0, 9223372036854775807, 0, 9223372036854487807
2, 73, 0, 9223372036854775807, 0, 9223372036854483807
2, 74, 0, 9223372036854775807, 0, 9223372036854479807
2, 75, 0, 9223372036854775807, 0, 9223372036854475807
2, 76, 0, 9223372036854775807, 0, 9223372036854471807
2, 77, 0, 9223372036854775807, 0, 9223372036854467807
2, 78, 0, 9223372036854775807, 0, 9223372036854463807
2, 79, 0, 9223372036854775807, 0, 9223372036854459807
2, 8, 0, 9223372036854775807, 0, 9223372036854743807
2, 80, 0, 9223372036854775807, 0, 9223372036854455807
2, 81, 0, 9223372036854775807, 0, 9223372036854451807
2, 82, 0, 9223372036854775807, 0, 9223372036854447807
2, 83, 0, 9223372036854775807, 0, 9223372036854443807
2, 84, 0, 9223372036854775807, 0, 9223372036854439807
2, 85, 0, 9223372036854775807, 0, 9223372036854435807
2, 86, 0, 9223372036854775807, 0, 9223372036854431807
2, 87, 0, 9223372036854775807, 0, 9223372036854427807
2, 88, 0, 9223372036854775807, 0, 9223372036854423807
2, 89, 0, 9223372036854775807, 0, 9223372036854419807
2, 9, 0, 9223372036854775807, 0, 9223372036854739807
2, 90, 0, 9223372036854775807, 0, 9223372036854415807
2, 91, 0, 9223372036854775807, 0, 9223372036854411807
2, 92, 0, 9223372036854775807, 0, 9223372036854407807
2, 93, 0, 9223372036854775807, 0, 9223372036854403807
2, 94, 0, 9223372036854775807, 0, 9223372036854399807
2, 95, 0, 9223372036854775807, 0, 9223372036854395807
2, 96, 0, 9223372036854775807, 0, 9223372036854391807
2, 97, 0, 9223372036854775807, 0, 9223372036854387807
2, 98, 0, 9223372036854775807, 0, 9223372036854383807
2, 99, 0, 9223372036854775807, 0, 9223372036854379807
3, 0, 174, 539, 174, 539
3, 1, 0, 9223372036854775807, 0, 9223372036854770807
3, 10, 0, 9223372036854775807, 0, 9223372036854725807
3, 100, 0, 9223372036854775807, 0, 9223372036854275807
3, 101, 0, 9223372036854775807, 0, 9223372036854270807
3, 102, 0, 9223372036854775807, 0, 9223372036854265807
3, 103, 0, 9223372036854775807, 0, 9223372036854260807
3, 104, 0, 9223372036854775807, 0, 9223372036854255807
3, 105, 0, 9223372036854775807, 0, 9223372036854250807
3, 106, 0, 9223372036854775807, 0, 9223372036854245807
3, 107, 0, 9223372036854775807, 0, 9223372036854240807
3, 108, 0, 9223372036854775807, 0, 9223372036854235807
3, 109, 0, 9223372036854775807, 0, 9223372036854230807
3, 11, 0, 9223372036854775807, 0, 9223372036854720807
3, 110, 0, 9223372036854775807, 0, 9223372036854225807
3, 111, 0, 9223372036854775807, 0, 9223372036854220807
3, 112, 0, 9223372036854775807, 0, 9223372036854215807
3, 113, 0, 9223372036854775807, 0, 9223372036854210807
3, 114, 0, 9223372036854775807, 0, 9223372036854205807
3, 115, 0, 9223372036854775807, 0, 9223372036854200807
3, 116, 0, 9223372036854775807, 0, 9223372036854195807
3, 117, 0, 9223372036854775807, 0, 9223372036854190807
3, 118, 0, 9223372036854775807, 0, 9223372036854185807
3, 119, 0, 9223372036854775807, 0, 9223372036854180807
3, 12, 0, 9223372036854775807, 0, 9223372036854715807
3, 120, 0, 9223372036854775807, 0, 9223372036854175807
3, 121, 0, 9223372036854775807, 0, 9223372036854170807
3, 122, 0, 9223372036854775807, 0, 9223372036854165807
3, 123, 0, 9223372036854775807, 0, 9223372036854160807
3, 124, 0, 9223372036854775807, 0, 9223372036854155807
3, 125, 0, 9223372036854775807, 0, 9223372036854150807
3, 126, 0, 9223372036854775807, 0, 9223372036854145807
3, 127, 0, 9223372036854775807, 0, 9223372036854140807
3, 128, 0, 9223372036854775807, 0, 9223372036854135807
3, 129, 0, 9223372036854775807, 0, 9223372036854130807
3, 13, 0, 9223372036854775807, 0, 9223372036854710807
3, 130, 0, 9223372036854775807, 0, 9223372036854125807
3, 131, 0, 9223372036854775807, 0, 9223372036854120807
3, 132, 0, 9223372036854775807, 0, 9223372036854115807
3, 133, 0, 9223372036854775807, 0, 9223372036854110807
3, 134, 0, 9223372036854775807, 0, 9223372036854105807
3, 135, 0, 9223372036854775807, 0, 9223372036854100807
3, 136, 0, 9223372036854775807, 0, 9223372036854095807
3, 137, 0, 9223372036854775807, 0, 9223372036854090807
3, 138, 0, 9223372036854775807, 0, 9223372036854085807
3, 139, 0, 9223372036854775807, 0, 9223372036854080807
3, 14, 0, 9223372036854775807, 0, 9223372036854705807
3, 140, 0, 9223372036854775807, 0, 9223372036854075807
3, 141, 0, 9223372036854775807, 0, 9223372036854070807
3, 142, 0, 9223372036854775807, 0, 9223372036854065807
3, 143, 0, 9223372036854775807, 0, 9223372036854060807
3, 144, 0, 9223372036854775807, 0, 9223372036854055807
3, 145, 0, 9223372036854775807, 0, 9223372036854050807
3, 146, 0, 9223372036854775807, 0, 9223372036854045807
3, 147, 0, 9223372036854775807, 0, 9223372036854040807
3, 148, 0, 9223372036854775807, 0, 9223372036854035807
3, 149, 0, 9223372036854775807, 0, 9223372036854030807
3, 15, 0, 9223372036854775807, 0, 9223372036854700807
3, 150, 0, 9223372036854775807, 0, 9223372036854025807
3, 151, 0, 9223372036854775807, 0, 9223372036854020807
3, 152, 0, 9223372036854775807, 0, 9223372036854015807
3, 153, 0, 9223372036854775807, 0, 9223372036854010807
3, 154, 0, 9223372036854775807, 0, 9223372036854005807
3, 155, 0, 9223372036854775807, 0, 9223372036854000807
3, 156, 0, 9223372036854775807, 0, 9223372036853995807
3, 157, 0, 9223372036854775807, 0, 9223372036853990807
3, 158, 0, 9223372036854775807, 0, 9223372036853985807
3, 159, 0, 9223372036854775807, 0, 9223372036853980807
3, 16, 0, 9223372036854775807, 0, 9223372036854695807
3, 160, 0, 9223372036854775807, 0, 9223372036853975807
3, 161, 0, 9223372036854775807, 0, 9223372036853970807
3, 162, 0, 9223372036854775807, 0, 9223372036853965807
3, 163, 0, 9223372036854775807, 0, 9223372036853960807
3, 164, 0, 9223372036854775807, 0, 9223372036853955807
3, 165, 0, 9223372036854775807, 0, 9223372036853950807
3, 166, 0, 9223372036854775807, 0, 9223372036853945807
3, 167, 0, 9223372036854775807, 0, 9223372036853940807
3, 168, 0, 9223372036854775807, 0, 9223372036853935807
3, 169, 0, 9223372036854775807, 0, 9223372036853930807
3, 17, 0, 9223372036854775807, 0, 9223372036854690807
3, 170, 0, 9223372036854775807, 0, 9223372036853925807
3, 171, 0, 9223372036854775807, 0, 9223372036853920807
3, 172, 0, 9223372036854775807, 0, 9223372036853915807
3, 173, 0, 9223372036854775807, 0, 9223372036853910807
3, 174, 0, 9223372036854775807, 0, 9223372036853905807
3, 175, 0, 9223372036854775807, 0, 9223372036853900807
3, 176, 0, 9223372036854775807, 0, 9223372036853895807
3, 177, 0, 9223372036854775807, 0, 9223372036853890807
3, 178, 0, 9223372036854775807, 0, 9223372036853885807
3, 179, 0, 9223372036854775807, 0, 9223372036853880807
3, 18, 0, 9223372036854775807, 0, 9223372036854685807
3, 180, 0, 9223372036854775807, 0, 9223372036853875807
3, 181, 0, 9223372036854775807, 0, 9223372036853870807
3, 182, 0, 9223372036854775807, 0, 9223372036853865807
3, 183, 0, 9223372036854775807, 0, 9223372036853860807
3, 184, 0, 9223372036854775807, 0, 9223372036853855807
3, 185, 0, 9223372036854775807, 0, 9223372036853850807
3, 186, 0, 9223372036854775807, 0, 9223372036853845807
3, 187, 0, 9223372036854775807, 0, 9223372036853840807
3, 188, 0, 9223372036854775807, 0, 9223372036853835807
3, 189, 0, 9223372036854775807, 0, 9223372036853830807
3, 19, 0, 9223372036854775807, 0, 9223372036854680807
3, 190, 0, 9223372036854775807, 0, 9223372036853825807
3, 191, 0, 9223372036854775807, 0, 9223372036853820807
3, 192, 0, 9223372036854775807, 0, 9223372036853815807
3, 193, 0, 9223372036854775807, 0, 9223372036853810807
3, 194, 0, 9223372036854775807, 0, 9223372036853805807
3, 195, 0, 9223372036854775807, 0, 9223372036853800807
3, 196, 0, 9223372036854775807, 0, 9223372036853795807
3, 197, 0, 9223372036854775807, 0, 9223372036853790807
3, 198, 0, 9223372036854775807, 0, 9223372036853785807
3, 199, 0, 9223372036854775807, 0, 9223372036853780807
3, 2, 0, 9223372036854775807, 0, 9223372036854765807
3, 20, 0, 9223372036854775807, 0, 9223372036854675807
3, 200, 0, 9223372036854775807, 0, 9223372036853775807
3, 201, 0, 9223372036854775807, 0, 9223372036853770807
3, 202, 0, 9223372036854775807, 0, 9223372036853765807
3, 203, 0, 9223372036854775807, 0, 9223372036853760807
3, 204, 0, 9223372036854775807, 0, 9223372036853755807
3, 205, 0, 9223372036854775807, 0, 9223372036853750807
3, 206, 0, 9223372036854775807, 0, 9223372036853745807
3, 207, 0, 9223372036854775807, 0, 9223372036853740807
3, 208, 0, 9223372036854775807, 0, 9223372036853735807
3, 209, 0, 9223372036854775807, 0, 9223372036853730807
3, 21, 0, 9223372036854775807, 0, 9223372036854670807
3, 210, 0, 9223372036854775807, 0, 9223372036853725807
3, 211, 0, 9223372036854775807, 0, 9223372036853720807
3, 212, 0, 9223372036854775807, 0, 9223372036853715807
3, 213, 0, 9223372036854775807, 0, 9223372036853710807
3, 214, 0, 9223372036854775807, 0, 9223372036853705807
3, 215, 0, 9223372036854775807, 0, 9223372036853700807
3, 216, 0, 9223372036854775807, 0, 9223372036853695807
3, 217, 0, 9223372036854775807, 0, 9223372036853690807
3, 218, 0, 9223372036854775807, 0, 9223372036853685807
3, 219, 0, 9223372036854775807, 0, 9223372036853680807
3, 22, 0, 9223372036854775807, 0, 9223372036854665807
3, 220, 0, 9223372036854775807, 0, 9223372036853675807
3, 221, 0, 9223372036854775807, 0, 9223372036853670807
3, 222, 0, 9223372036854775807, 0, 9223372036853665807
3, 223, 0, 9223372036854775807, 0, 9223372036853660807
3, 224, 0, 9223372036854775807, 0, 9223372036853655807
3, 225, 0, 9223372036854775807, 0, 9223372036853650807
3, 226, 0, 9223372036854775807, 0, 9223372036853645807
3, 227, 0, 9223372036854775807, 0, 9223372036853640807
3, 228, 0, 9223372036854775807, 0, 9223372036853635807
3, 229, 0, 9223372036854775807, 0, 9223372036853630807
3, 23, 0, 9223372036854775807, 0, 9223372036854660807
3, 230, 0, 9223372036854775807, 0, 9223372036853625807
3, 231, 0, 9223372036854775807, 0, 9223372036853620807
3, 232, 0, 9223372036854775807, 0, 9223372036853615807
3, 233, 0, 9223372036854775807, 0, 9223372036853610807
3, 234, 0, 9223372036854775807, 0, 9223372036853605807
3, 235, 0, 9223372036854775807, 0, 9223372036853600807
3, 236, 0, 9223372036854775807, 0, 9223372036853595807
3, 237, 0, 9223372036854775807, 0, 9223372036853590807
3, 238, 0, 9223372036854775807, 0, 9223372036853585807
3, 239, 0, 9223372036854775807, 0, 9223372036853580807
3, 24, 0, 9223372036854775807, 0, 9223372036854655807
3, 240, 0, 9223372036854775807, 0, 9223372036853575807
3, 241, 0, 9223372036854775807, 0, 9223372036853570807
3, 242, 0, 9223372036854775807, 0, 9223372036853565807
3, 243, 0, 9223372036854775807, 0, 9223372036853560807
3, 244, 0, 9223372036854775807, 0, 9223372036853555807
3, 245, 0, 9223372036854775807, 0, 9223372036853550807
3, 246, 0, 9223372036854775807, 0, 9223372036853545807
3, 247, 0, 9223372036854775807, 0, 9223372036853540807
3, 248, 0, 9223372036854775807, 0, 9223372036853535807
3, 249, 0, 9223372036854775807, 0, 9223372036853530807
3, 25, 0, 9223372036854775807, 0, 9223372036854650807
3, 250, 0, 9223372036854775807, 0, 9223372036853525807
3, 251, 0, 9223372036854775807, 0, 9223372036853520807
3, 26, 0, 9223372036854775807, 0, 9223372036854645807
3, 27, 0, 9223372036854775807, 0, 9223372036854640807
3, 28, 0, 9223372036854775807, 0, 9223372036854635807
3, 29, 0, 9223372036854775807, 0, 9223372036854630807
3, 3, 0, 9223372036854775807, 0, 9223372036854760807
3, 30, 0, 9223372036854775807, 0, 9223372036854625807
3, 31, 0, 9223372036854775807, 0, 9223372036854620807
3, 32, 0, 9223372036854775807, 0, 9223372036854615807
3, 33, 0, 9223372036854775807, 0, 9223372036854610807
3, 34, 0, 9223372036854775807, 0, 9223372036854605807
3, 35, 0, 9223372036854775807, 0, 9223372036854600807
3, 36, 0, 9223372036854775807, 0, 9223372036854595807
3, 37, 0, 9223372036854775807, 0, 9223372036854590807
3, 38, 0, 9223372036854775807, 0, 9223372036854585807
3, 39, 0, 9223372036854775807, 0, 9223372036854580807
3, 4, 0, 9223372036854775807, 0, 9223372036854755807
3, 40, 0, 9223372036854775807, 0, 9223372036854575807
3, 41, 0, 9223372036854775807, 0, 9223372036854570807
3, 42, 0, 9223372036854775807, 0, 9223372036854565807
3, 43, 0, 9223372036854775807, 0, 9223372036854560807
3, 44, 0, 9223372036854775807, 0, 9223372036854555807
3, 45, 0, 9223372036854775807, 0, 9223372036854550807
3, 46, 0, 9223372036854775807, 0, 9223372036854545807
3, 47, 0, 9223372036854775807, 0, 9223372036854540807
3, 48, 0, 9223372036854775807, 0, 9223372036854535807
3, 49, 0, 9223372036854775807, 0, 9223372036854530807
3, 5, 0, 9223372036854775807, 0, 9223372036854750807
3, 50, 0, 9223372036854775807, 0, 9223372036854525807
3, 51, 0, 9223372036854775807, 0, 9223372036854520807
3, 52, 0, 9223372036854775807, 0, 9223372036854515807
3, 53, 0, 9223372036854775807, 0, 9223372036854510807
3, 54, 0, 9223372036854775807, 0, 9223372036854505807
3, 55, 0, 9223372036854775807, 0, 9223372036854500807
3, 56, 0, 9223372036854775807, 0, 9223372036854495807
3, 57, 0, 9223372036854775807, 0, 9223372036854490807
3, 58, 0, 9223372036854775807, 0, 9223372036854485807
3, 59, 0, 9223372036854775807, 0, 9223372036854480807
3, 6, 0, 9223372036854775807, 0, 9223372036854745807
3, 60, 0, 9223372036854775807, 0, 9223372036854475807
3, 61, 0, 9223372036854775807, 0, 9223372036854470807
3, 62, 0, 9223372036854775807, 0, 9223372036854465807
3, 63, 0, 9223372036854775807, 0, 9223372036854460807
3, 64, 0, 9223372036854775807, 0, 9223372036854455807
3, 65, 0, 9223372036854775807, 0, 9223372036854450807
3, 66, 0, 9223372036854775807, 0, 9223372036854445807
3, 67, 0, 9223372036854775807, 0, 9223372036854440807
3, 68, 0, 9223372036854775807, 0, 9223372036854435807
3, 69, 0, 9223372036854775807, 0, 9223372036854430807
3, 7, 0, 9223372036854775807, 0, 9223372036854740807
3, 70, 0, 9223372036854775807, 0, 9223372036854425807
3, 71, 0, 9223372036854775807, 0, 9223372036854420807
3, 72, 0, 9223372036854775807, 0, 9223372036854415807
3, 73, 0, 9223372036854775807, 0, 9223372036854410807
3, 74, 0, 9223372036854775807, 0, 9223372036854405807
3, 75, 0, 9223372036854775807, 0, 9223372036854400807
3, 76, 0, 9223372036854775807, 0, 9223372036854395807
3, 77, 0, 9223372036854775807, 0, 9223372036854390807
3, 78, 0, 9223372036854775807, 0, 9223372036854385807
3, 79, 0, 9223372036854775807, 0, 9223372036854380807
3, 8, 0, 9223372036854775807, 0, 9223372036854735807
3, 80, 0, 9223372036854775807, 0, 9223372036854375807
3, 81, 0, 9223372036854775807, 0, 9223372036854370807
3, 82, 0, 9223372036854775807, 0, 9223372036854365807
3, 83, 0, 9223372036854775807, 0, 9223372036854360807
3, 84, 0, 9223372036854775807, 0, 9223372036854355807
3, 85, 0, 9223372036854775807, 0, 9223372036854350807
3, 86, 0, 9223372036854775807, 0, 9223372036854345807
3, 87, 0, 9223372036854775807, 0, 9223372036854340807
3, 88, 0, 9223372036854775807, 0, 9223372036854335807
3, 89, 0, 9223372036854775807, 0, 9223372036854330807
3, 9, 0, 9223372036854775807, 0, 9223372036854730807
3, 90, 0, 9223372036854775807, 0, 9223372036854325807
3, 91, 0, 9223372036854775807, 0, 9223372036854320807
3, 92, 0, 9223372036854775807, 0, 9223372036854315807
3, 93, 0, 9223372036854775807, 0, 9223372036854310807
3, 94, 0, 9223372036854775807, 0, 9223372036854305807
3, 95, 0, 9223372036854775807, 0, 9223372036854300807
3, 96, 0, 9223372036854775807, 0, 9223372036854295807
3, 97, 0, 9223372036854775807, 0, 9223372036854290807
3, 98, 0, 9223372036854775807, 0, 9223372036854285807
3, 99, 0, 9223372036854775807, 0, 9223372036854280807
4, 0, 2063, 3788, 2063, 3788
4, 1, 0, 9223372036854775807, 0, 9223372036854768807
4, 10, 0, 9223372036854775807, 0, 9223372036854705807
4, 100, 0, 9223372036854775807, 0, 9223372036854075807
4, 101, 0, 9223372036854775807, 0, 9223372036854068807
4, 102, 0, 9223372036854775807, 0, 9223372036854061807
4, 103, 0, 9223372036854775807, 0, 9223372036854054807
4, 104, 0, 9223372036854775807, 0, 9223372036854047807
4, 105, 0, 9223372036854775807, 0, 9223372036854040807
4, 106, 0, 9223372036854775807, 0, 9223372036854033807
4, 107, 0, 9223372036854775807, 0, 9223372036854026807
4, 108, 0, 9223372036854775807, 0, 9223372036854019807
4, 109, 0, 9223372036854775807, 0, 9223372036854012807
4, 11, 0, 9223372036854775807, 0, 9223372036854698807
4, 110, 0, 9223372036854775807, 0, 9223372036854005807
4, 111, 0, 9223372036854775807, 0, 9223372036853998807
4, 112, 0, 9223372036854775807, 0, 9223372036853991807
4, 113, 0, 9223372036854775807, 0, 9223372036853984807
4, 114, 0, 9223372036854775807, 0, 9223372036853977807
4, 115, 0, 9223372036854775807, 0, 9223372036853970807
4, 116, 0, 9223372036854775807, 0, 9223372036853963807
4, 117, 0, 9223372036854775807, 0, 9223372036853956807
4, 118, 0, 9223372036854775807, 0, 9223372036853949807
4, 119, 0, 9223372036854775807, 0, 9223372036853942807
4, 12, 0, 9223372036854775807, 0, 9223372036854691807
4, 120, 0, 9223372036854775807, 0, 9223372036853935807
4, 121, 0, 9223372036854775807, 0, 9223372036853928807
4, 122, 0, 9223372036854775807, 0, 9223372036853921807
4, 123, 0, 9223372036854775807, 0, 9223372036853914807
4, 124, 0, 9223372036854775807, 0, 9223372036853907807
4, 125, 0, 9223372036854775807, 0, 9223372036853900807
4, 126, 0, 9223372036854775807, 0, 9223372036853893807
4, 127, 0, 9223372036854775807, 0, 9223372036853886807
4, 128, 0, 9223372036854775807, 0, 9223372036853879807
4, 129, 0, 9223372036854775807, 0, 9223372036853872807
4, 13, 0, 9223372036854775807, 0, 9223372036854684807
4, 130, 0, 9223372036854775807, 0, 9223372036853865807
4, 131, 0, 9223372036854775807, 0, 9223372036853858807
4, 132, 0, 9223372036854775807, 0, 9223372036853851807
4, 133, 0, 9223372036854775807, 0, 9223372036853844807
4, 134, 0, 9223372036854775807, 0, 9223372036853837807
4, 135, 0, 9223372036854775807, 0, 9223372036853830807
4, 136, 0, 9223372036854775807, 0, 9223372036853823807
4, 137, 0, 9223372036854775807, 0, 9223372036853816807
4, 138, 0, 9223372036854775807, 0, 9223372036853809807
4, 139, 0, 9223372036854775807, 0, 9223372036853802807
4, 14, 0, 9223372036854775807, 0, 9223372036854677807
4, 140, 0, 9223372036854775807, 0, 9223372036853795807
4, 141, 0, 9223372036854775807, 0, 9223372036853788807
4, 142, 0, 9223372036854775807, 0, 9223372036853781807
4, 143, 0, 9223372036854775807, 0, 9223372036853774807
4, 144, 0, 9223372036854775807, 0, 9223372036853767807
4, 145, 0, 9223372036854775807, 0, 9223372036853760807
4, 146, 0, 9223372036854775807, 0, 9223372036853753807
4, 147, 0, 9223372036854775807, 0, 9223372036853746807
4, 148, 0, 9223372036854775807, 0, 9223372036853739807
4, 149, 0, 9223372036854775807, 0, 9223372036853732807
4, 15, 0, 9223372036854775807, 0, 9223372036854670807
4, 150, 0, 9223372036854775807, 0, 9223372036853725807
4, 151, 0, 9223372036854775807, 0, 9223372036853718807
4, 152, 0, 9223372036854775807, 0, 9223372036853711807
4, 153, 0, 9223372036854775807, 0, 9223372036853704807
4, 154, 0, 9223372036854775807, 0, 9223372036853697807
4, 155, 0, 9223372036854775807, 0, 9223372036853690807
4, 156, 0, 9223372036854775807, 0, 9223372036853683807
4, 157, 0, 9223372036854775807, 0, 9223372036853676807
4, 158, 0, 9223372036854775807, 0, 9223372036853669807
4, 159, 0, 9223372036854775807, 0, 9223372036853662807
4, 16, 0, 9223372036854775807, 0, 9223372036854663807
4, 160, 0, 9223372036854775807, 0, 9223372036853655807
4, 161, 0, 9223372036854775807, 0, 9223372036853648807
4, 162, 0, 9223372036854775807, 0, 9223372036853641807
4, 163, 0, 9223372036854775807, 0, 9223372036853634807
4, 164, 0, 9223372036854775807, 0, 9223372036853627807
4, 165, 0, 9223372036854775807, 0, 9223372036853620807
4, 166, 0, 9223372036854775807, 0, 9223372036853613807
4, 167, 0, 9223372036854775807, 0, 9223372036853606807
4, 168, 0, 9223372036854775807, 0, 9223372036853599807
4, 169, 0, 9223372036854775807, 0, 9223372036853592807
4, 17, 0, 9223372036854775807, 0, 9223372036854656807
4, 170, 0, 9223372036854775807, 0, 9223372036853585807
4, 171, 0, 9223372036854775807, 0, 9223372036853578807
4, 172, 0, 9223372036854775807, 0, 9223372036853571807
4, 173, 0, 9223372036854775807, 0, 9223372036853564807
4, 174, 0, 9223372036854775807, 0, 9223372036853557807
4, 175, 0, 9223372036854775807, 0, 9223372036853550807
4, 176, 0, 9223372036854775807, 0, 9223372036853543807
4, 177, 0, 9223372036854775807, 0, 9223372036853536807
4, 178, 0, 9223372036854775807, 0, 9223372036853529807
4, 179, 0, 9223372036854775807, 0, 9223372036853522807
4, 18, 0, 9223372036854775807, 0, 9223372036854649807
4, 19, 0, 9223372036854775807, 0, 9223372036854642807
4, 2, 0, 9223372036854775807, 0, 9223372036854761807
4, 20, 0, 9223372036854775807, 0, 9223372036854635807
4, 21, 0, 9223372036854775807, 0, 9223372036854628807
4, 22, 0, 9223372036854775807, 0, 9223372036854621807
4, 23, 0, 9223372036854775807, 0, 9223372036854614807
4, 24, 0, 9223372036854775807, 0, 9223372036854607807
4, 25, 0, 9223372036854775807, 0, 9223372036854600807
4, 26, 0, 9223372036854775807, 0, 9223372036854593807
4, 27, 0, 9223372036854775807, 0, 9223372036854586807
4, 28, 0, 9223372036854775807, 0, 9223372036854579807
4, 29, 0, 9223372036854775807, 0, 9223372036854572807
4, 3, 0, 9223372036854775807, 0, 9223372036854754807
4, 30, 0, 9223372036854775807, 0, 9223372036854565807
4, 31, 0, 9223372036854775807, 0, 9223372036854558807
4, 32, 0, 9223372036854775807, 0, 9223372036854551807
4, 33, 0, 9223372036854775807, 0, 9223372036854544807
4, 34, 0, 9223372036854775807, 0, 9223372036854537807
4, 35, 0, 9223372036854775807, 0, 9223372036854530807
4, 36, 0, 9223372036854775807, 0, 9223372036854523807
4, 37, 0, 9223372036854775807, 0, 9223372036854516807
4, 38, 0, 9223372036854775807, 0, 9223372036854509807
4, 39, 0, 9223372036854775807, 0, 9223372036854502807
4, 4, 0, 9223372036854775807, 0, 9223372036854747807
4, 40, 0, 9223372036854775807, 0, 9223372036854495807
4, 41, 0, 9223372036854775807, 0, 9223372036854488807
4, 42, 0, 9223372036854775807, 0, 9223372036854481807
4, 43, 0, 9223372036854775807, 0, 9223372036854474807
4, 44, 0, 9223372036854775807, 0, 9223372036854467807
4, 45, 0, 9223372036854775807, 0, 9223372036854460807
4, 46, 0, 9223372036854775807, 0, 9223372036854453807
4, 47, 0, 9223372036854775807, 0, 9223372036854446807
4, 48, 0, 9223372036854775807, 0, 9223372036854439807
4, 49, 0, 9223372036854775807, 0, 9223372036854432807
4, 5, 0, 9223372036854775807, 0, 9223372036854740807
4, 50, 0, 9223372036854775807, 0, 9223372036854425807
4, 51, 0, 9223372036854775807, 0, 9223372036854418807
4, 52, 0, 9223372036854775807, 0, 9223372036854411807
4, 53, 0, 9223372036854775807, 0, 9223372036854404807
4, 54, 0, 9223372036854775807, 0, 9223372036854397807
4, 55, 0, 9223372036854775807, 0, 9223372036854390807
4, 56, 0, 9223372036854775807, 0, 9223372036854383807
4, 57, 0, 9223372036854775807, 0, 9223372036854376807
4, 58, 0, 9223372036854775807, 0, 9223372036854369807
4, 59, 0, 9223372036854775807, 0, 9223372036854362807
4, 6, 0, 9223372036854775807, 0, 9223372036854733807
4, 60, 0, 9223372036854775807, 0, 9223372036854355807
4, 61, 0, 9223372036854775807, 0, 9223372036854348807
4, 62, 0, 9223372036854775807, 0, 9223372036854341807
4, 63, 0, 9223372036854775807, 0, 9223372036854334807
4, 64, 0, 9223372036854775807, 0, 9223372036854327807
4, 65, 0, 9223372036854775807, 0, 9223372036854320807
4, 66, 0, 9223372036854775807, 0, 9223372036854313807
4, 67, 0, 9223372036854775807, 0, 9223372036854306807
4, 68, 0, 9223372036854775807, 0, 9223372036854299807
4, 69, 0, 9223372036854775807, 0, 9223372036854292807
4, 7, 0, 9223372036854775807, 0, 9223372036854726807
4, 70, 0, 9223372036854775807, 0, 9223372036854285807
4, 71, 0, 9223372036854775807, 0, 9223372036854278807
4, 72, 0, 9223372036854775807, 0, 9223372036854271807
4, 73, 0, 9223372036854775807, 0, 9223372036854264807
4, 74, 0, 9223372036854775807, 0, 9223372036854257807
4, 75, 0, 9223372036854775807, 0, 9223372036854250807
4, 76, 0, 9223372036854775807, 0, 9223372036854243807
4, 77, 0, 9223372036854775807, 0, 9223372036854236807
4, 78, 0, 9223372036854775807, 0, 9223372036854229807
4, 79, 0, 9223372036854775807, 0, 9223372036854222807
4, 8, 0, 9223372036854775807, 0, 9223372036854719807
4, 80, 0, 9223372036854775807, 0, 9223372036854215807
4, 81, 0, 9223372036854775807, 0, 9223372036854208807
4, 82, 0, 9223372036854775807, 0, 9223372036854201807
4, 83, 0, 9223372036854775807, 0, 9223372036854194807
4, 84, 0, 9223372036854775807, 0, 9223372036854187807
4, 85, 0, 9223372036854775807, 0, 9223372036854180807
4, 86, 0, 9223372036854775807, 0, 9223372036854173807
4, 87, 0, 9223372036854775807, 0, 9223372036854166807
4, 88, 0, 9223372036854775807, 0, 9223372036854159807
4, 89, 0, 9223372036854775807, 0, 9223372036854152807
4, 9, 0, 9223372036854775807, 0, 9223372036854712807
4, 90, 0, 9223372036854775807, 0, 9223372036854145807
4, 91, 0, 9223372036854775807, 0, 9223372036854138807
4, 92, 0, 9223372036854775807, 0, 9223372036854131807
4, 93, 0, 9223372036854775807, 0, 9223372036854124807
4, 94, 0, 9223372036854775807, 0, 9223372036854117807
4, 95, 0, 9223372036854775807, 0, 9223372036854110807
4, 96, 0, 9223372036854775807, 0, 9223372036854103807
4, 97, 0, 9223372036854775807, 0, 9223372036854096807
4, 98, 0, 9223372036854775807, 0, 9223372036854089807
4, 99, 0, 9223372036854775807, 0, 9223372036854082807
5, 0, 1007, 2027, 1007, 2027
5, 1, 0, 9223372036854775807, 0, 9223372036854766807
5, 10, 0, 9223372036854775807, 0, 9223372036854685807
5, 100, 0, 9223372036854775807, 0, 9223372036853875807
5, 101, 0, 9223372036854775807, 0, 9223372036853866807
5, 102, 0, 9223372036854775807, 0, 9223372036853857807
5, 103, 0, 9223372036854775807, 0, 9223372036853848807
5, 104, 0, 9223372036854775807, 0, 9223372036853839807
5, 105, 0, 9223372036854775807, 0, 9223372036853830807
5, 106, 0, 9223372036854775807, 0, 9223372036853821807
5, 107, 0, 9223372036854775807, 0, 9223372036853812807
5, 108, 0, 9223372036854775807, 0, 9223372036853803807
5, 109, 0, 9223372036854775807, 0, 9223372036853794807
5, 11, 0, 9223372036854775807, 0, 9223372036854676807
5, 110, 0, 9223372036854775807, 0, 9223372036853785807
5, 111, 0, 9223372036854775807, 0, 9223372036853776807
5, 112, 0, 9223372036854775807, 0, 9223372036853767807
5, 113, 0, 9223372036854775807, 0, 9223372036853758807
5, 114, 0, 9223372036854775807, 0, 9223372036853749807
5, 115, 0, 9223372036854775807, 0, 9223372036853740807
5, 116, 0, 9223372036854775807, 0, 9223372036853731807
5, 117, 0, 9223372036854775807, 0, 9223372036853722807
5, 118, 0, 9223372036854775807, 0, 9223372036853713807
5, 119, 0, 9223372036854775807, 0, 9223372036853704807
5, 12, 0, 9223372036854775807, 0, 9223372036854667807
5, 120, 0, 9223372036854775807, 0, 9223372036853695807
5, 121, 0, 9223372036854775807, 0, 9223372036853686807
5, 122, 0, 9223372036854775807, 0, 9223372036853677807
5, 123, 0, 9223372036854775807, 0, 9223372036853668807
5, 124, 0, 9223372036854775807, 0, 9223372036853659807
5, 125, 0, 9223372036854775807, 0, 9223372036853650807
5, 126, 0, 9223372036854775807, 0, 9223372036853641807
5, 127, 0, 9223372036854775807, 0, 9223372036853632807
5, 128, 0, 9223372036854775807, 0, 9223372036853623807
5, 129, 0, 9223372036854775807, 0, 9223372036853614807
5, 13, 0, 9223372036854775807, 0, 9223372036854658807
5, 130, 0, 9223372036854775807, 0, 9223372036853605807
5, 131, 0, 9223372036854775807, 0, 9223372036853596807
5, 132, 0, 9223372036854775807, 0, 9223372036853587807
5, 133, 0, 9223372036854775807, 0, 9223372036853578807
5, 134, 0, 9223372036854775807, 0, 9223372036853569807
5, 135, 0, 9223372036854775807, 0, 9223372036853560807
5, 136, 0, 9223372036854775807, 0, 9223372036853551807
5, 137, 0, 9223372036854775807, 0, 9223372036853542807
5, 138, 0, 9223372036854775807, 0, 9223372036853533807
5, 139, 0, 9223372036854775807, 0, 9223372036853524807
5, 14, 0, 9223372036854775807, 0, 9223372036854649807
5, 15, 0, 9223372036854775807, 0, 9223372036854640807
5, 16, 0, 9223372036854775807, 0, 9223372036854631807
5, 17, 0, 9223372036854775807, 0, 9223372036854622807
5, 18, 0, 9223372036854775807, 0, 9223372036854613807
5, 19, 0, 9223372036854775807, 0, 9223372036854604807
5, 2, 0, 9223372036854775807, 0, 9223372036854757807
5, 20, 0, 9223372036854775807, 0, 9223372036854595807
5, 21, 0, 9223372036854775807, 0, 9223372036854586807
5, 22, 0, 9223372036854775807, 0, 9223372036854577807
5, 23, 0, 9223372036854775807, 0, 9223372036854568807
5, 24, 0, 9223372036854775807, 0, 9223372036854559807
5, 25, 0, 9223372036854775807, 0, 9223372036854550807
5, 26, 0, 9223372036854775807, 0, 9223372036854541807
5, 27, 0, 9223372036854775807, 0, 9223372036854532807
5, 28, 0, 9223372036854775807, 0, 9223372036854523807
5, 29, 0, 9223372036854775807, 0, 9223372036854514807
5, 3, 0, 9223372036854775807, 0, 9223372036854748807
5, 30, 0, 9223372036854775807, 0, 9223372036854505807
5, 31, 0, 9223372036854775807, 0, 9223372036854496807
5, 32, 0, 9223372036854775807, 0, 9223372036854487807
5, 33, 0, 9223372036854775807, 0, 9223372036854478807
5, 34, 0, 9223372036854775807, 0, 9223372036854469807
5, 35, 0, 9223372036854775807, 0, 9223372036854460807
5, 36, 0, 9223372036854775807, 0, 9223372036854451807
5, 37, 0, 9223372036854775807, 0, 9223372036854442807
5, 38, 0, 9223372036854775807, 0, 9223372036854433807
5, 39, 0, 9223372036854775807, 0, 9223372036854424807
5, 4, 0, 9223372036854775807, 0, 9223372036854739807
5, 40, 0, 9223372036854775807, 0, 9223372036854415807
5, 41, 0, 9223372036854775807, 0, 9223372036854406807
5, 42, 0, 9223372036854775807, 0, 9223372036854397807
5, 43, 0, 9223372036854775807, 0, 9223372036854388807
5, 44, 0, 9223372036854775807, 0, 9223372036854379807
5, 45, 0, 9223372036854775807, 0, 9223372036854370807
5, 46, 0, 9223372036854775807, 0, 9223372036854361807
5, 47, 0, 9223372036854775807, 0, 9223372036854352807
5, 48, 0, 9223372036854775807, 0, 9223372036854343807
5, 49, 0, 9223372036854775807, 0, 9223372036854334807
5, 5, 0, 9223372036854775807, 0, 9223372036854730807
5, 50, 0, 9223372036854775807, 0, 9223372036854325807
5, 51, 0, 9223372036854775807, 0, 9223372036854316807
5, 52, 0, 9223372036854775807, 0, 9223372036854307807
5, 53, 0, 9223372036854775807, 0, 9223372036854298807
5, 54, 0, 9223372036854775807, 0, 9223372036854289807
5, 55, 0, 9223372036854775807, 0, 9223372036854280807
5, 56, 0, 9223372036854775807, 0, 9223372036854271807
5, 57, 0, 9223372036854775807, 0, 9223372036854262807
5, 58, 0, 9223372036854775807, 0, 9223372036854253807
5, 59, 0, 9223372036854775807, 0, 9223372036854244807
5, 6, 0, 9223372036854775807, 0, 9223372036854721807
5, 60, 0, 9223372036854775807, 0, 9223372036854235807
5, 61, 0, 9223372036854775807, 0, 9223372036854226807
5, 62, 0, 9223372036854775807, 0, 9223372036854217807
5, 63, 0, 9223372036854775807, 0, 9223372036854208807
5, 64, 0, 9223372036854775807, 0, 9223372036854199807
5, 65, 0, 9223372036854775807, 0, 9223372036854190807
5, 66, 0, 9223372036854775807, 0, 9223372036854181807
5, 67, 0, 9223372036854775807, 0, 9223372036854172807
5, 68, 0, 9223372036854775807, 0, 9223372036854163807
5, 69, 0, 9223372036854775807, 0, 9223372036854154807
5, 7, 0, 9223372036854775807, 0, 9223372036854712807
5, 70, 0, 9223372036854775807, 0, 9223372036854145807
5, 71, 0, 9223372036854775807, 0, 9223372036854136807
5, 72, 0, 9223372036854775807, 0, 9223372036854127807
5, 73, 0, 9223372036854775807, 0, 9223372036854118807
5, 74, 0, 9223372036854775807, 0, 9223372036854109807
5, 75, 0, 9223372036854775807, 0, 9223372036854100807
5, 76, 0, 9223372036854775807, 0, 9223372036854091807
5, 77, 0, 9223372036854775807, 0, 9223372036854082807
5, 78, 0, 9223372036854775807, 0, 9223372036854073807
5, 79, 0, 9223372036854775807, 0, 9223372036854064807
5, 8, 0, 9223372036854775807, 0, 9223372036854703807
5, 80, 0, 9223372036854775807, 0, 9223372036854055807
5, 81, 0, 9223372036854775807, 0, 9223372036854046807
5, 82, 0, 9223372036854775807, 0, 9223372036854037807
5, 83, 0, 9223372036854775807, 0, 9223372036854028807
5, 84, 0, 9223372036854775807, 0, 9223372036854019807
5, 85, 0, 9223372036854775807, 0, 9223372036854010807
5, 86, 0, 9223372036854775807, 0, 9223372036854001807
5, 87, 0, 9223372036854775807, 0, 9223372036853992807
5, 88, 0, 9223372036854775807, 0, 9223372036853983807
5, 89, 0, 9223372036854775807, 0, 9223372036853974807
5, 9, 0, 9223372036854775807, 0, 9223372036854694807
5, 90, 0, 9223372036854775807, 0, 9223372036853965807
5, 91, 0, 9223372036854775807, 0, 9223372036853956807
5, 92, 0, 9223372036854775807, 0, 9223372036853947807
5, 93, 0, 9223372036854775807, 0, 9223372036853938807
5, 94, 0, 9223372036854775807, 0, 9223372036853929807
5, 95, 0, 9223372036854775807, 0, 9223372036853920807
5, 96, 0, 9223372036854775807, 0, 9223372036853911807
5, 97, 0, 9223372036854775807, 0, 9223372036853902807
5, 98, 0, 9223372036854775807, 0, 9223372036853893807
5, 99, 0, 9223372036854775807, 0, 9223372036853884807
6, 0, 708, 1528, 708, 1528
6, 1, 0, 9223372036854775807, 0, 9223372036854765807
6, 10, 0, 9223372036854775807, 0, 9223372036854675807
6, 100, 0, 9223372036854775807, 0, 9223372036853775807
6, 101, 0, 9223372036854775807, 0, 9223372036853765807
6, 102, 0, 9223372036854775807, 0, 9223372036853755807
6, 103, 0, 9223372036854775807, 0, 9223372036853745807
6, 104, 0, 9223372036854775807, 0, 9223372036853735807
6, 105, 0, 9223372036854775807, 0, 9223372036853725807
6, 106, 0, 9223372036854775807, 0, 9223372036853715807
6, 107, 0, 9223372036854775807, 0, 9223372036853705807
6, 108, 0, 9223372036854775807, 0, 9223372036853695807
6, 109, 0, 9223372036854775807, 0, 9223372036853685807
6, 11, 0, 9223372036854775807, 0, 9223372036854665807
6, 110, 0, 9223372036854775807, 0, 9223372036853675807
6, 111, 0, 9223372036854775807, 0, 9223372036853665807
6, 112, 0, 9223372036854775807, 0, 9223372036853655807
6, 113, 0, 9223372036854775807, 0, 9223372036853645807
6, 114, 0, 9223372036854775807, 0, 9223372036853635807
6, 115, 0, 9223372036854775807, 0, 9223372036853625807
6, 116, 0, 9223372036854775807, 0, 9223372036853615807
6, 117, 0, 9223372036854775807, 0, 9223372036853605807
6, 118, 0, 9223372036854775807, 0, 9223372036853595807
6, 119, 0, 9223372036854775807, 0, 9223372036853585807
6, 12, 0, 9223372036854775807, 0, 9223372036854655807
6, 120, 0, 9223372036854775807, 0, 9223372036853575807
6, 121, 0, 9223372036854775807, 0, 9223372036853565807
6, 122, 0, 9223372036854775807, 0, 9223372036853555807
6, 123, 0, 9223372036854775807, 0, 9223372036853545807
6, 124, 0, 9223372036854775807, 0, 9223372036853535807
6, 125, 0, 9223372036854775807, 0, 9223372036853525807
6, 13, 0, 9223372036854775807, 0, 9223372036854645807
6, 14, 0, 9223372036854775807, 0, 9223372036854635807
6, 15, 0, 9223372036854775807, 0, 9223372036854625807
6, 16, 0, 9223372036854775807, 0, 9223372036854615807
6, 17, 0, 9223372036854775807, 0, 9223372036854605807
6, 18, 0, 9223372036854775807, 0, 9223372036854595807
6, 19, 0, 9223372036854775807, 0, 9223372036854585807
6, 2, 0, 9223372036854775807, 0, 9223372036854755807
6, 20, 0, 9223372036854775807, 0, 9223372036854575807
6, 21, 0, 9223372036854775807, 0, 9223372036854565807
6, 22, 0, 9223372036854775807, 0, 9223372036854555807
6, 23, 0, 9223372036854775807, 0, 9223372036854545807
6, 24, 0, 9223372036854775807, 0, 9223372036854535807
6, 25, 0, 9223372036854775807, 0, 9223372036854525807
6, 26, 0, 9223372036854775807, 0, 9223372036854515807
6, 27, 0, 9223372036854775807, 0, 9223372036854505807
6, 28, 0, 9223372036854775807, 0, 9223372036854495807
6, 29, 0, 9223372036854775807, 0, 9223372036854485807
6, 3, 0, 9223372036854775807, 0, 9223372036854745807
6, 30, 0, 9223372036854775807, 0, 9223372036854475807
6, 31, 0, 9223372036854775807, 0, 9223372036854465807
6, 32, 0, 9223372036854775807, 0, 9223372036854455807
6, 33, 0, 9223372036854775807, 0, 9223372036854445807
6, 34, 0, 9223372036854775807, 0, 9223372036854435807
6, 35, 0, 9223372036854775807, 0, 9223372036854425807
6, 36, 0, 9223372036854775807, 0, 9223372036854415807
6, 37, 0, 9223372036854775807, 0, 9223372036854405807
6, 38, 0, 9223372036854775807, 0, 9223372036854395807
6, 39, 0, 9223372036854775807, 0, 9223372036854385807
6, 4, 0, 9223372036854775807, 0, 9223372036854735807
6, 40, 0, 9223372036854775807, 0, 9223372036854375807
6, 41, 0, 9223372036854775807, 0, 9223372036854365807
6, 42, 0, 9223372036854775807, 0, 9223372036854355807
6, 43, 0, 9223372036854775807, 0, 9223372036854345807
6, 44, 0, 9223372036854775807, 0, 9223372036854335807
6, 45, 0, 9223372036854775807, 0, 9223372036854325807
6, 46, 0, 9223372036854775807, 0, 9223372036854315807
6, 47, 0, 9223372036854775807, 0, 9223372036854305807
6, 48, 0, 9223372036854775807, 0, 9223372036854295807
6, 49, 0, 9223372036854775807, 0, 9223372036854285807
6, 5, 0, 9223372036854775807, 0, 9223372036854725807
6, 50, 0, 9223372036854775807, 0, 9223372036854275807
6, 51, 0, 9223372036854775807, 0, 9223372036854265807
6, 52, 0, 9223372036854775807, 0, 9223372036854255807
6, 53, 0, 9223372036854775807, 0, 9223372036854245807
6, 54, 0, 9223372036854775807, 0, 9223372036854235807
6, 55, 0, 9223372036854775807, 0, 9223372036854225807
6, 56, 0, 9223372036854775807, 0, 9223372036854215807
6, 57, 0, 9223372036854775807, 0, 9223372036854205807
6, 58, 0, 9223372036854775807, 0, 9223372036854195807
6, 59, 0, 9223372036854775807, 0, 9223372036854185807
6, 6, 0, 9223372036854775807, 0, 9223372036854715807
6, 60, 0, 9223372036854775807, 0, 9223372036854175807
6, 61, 0, 9223372036854775807, 0, 9223372036854165807
6, 62, 0, 9223372036854775807, 0, 9223372036854155807
6, 63, 0, 9223372036854775807, 0, 9223372036854145807
6, 64, 0, 9223372036854775807, 0, 9223372036854135807
6, 65, 0, 9223372036854775807, 0, 9223372036854125807
6, 66, 0, 9223372036854775807, 0, 9223372036854115807
6, 67, 0, 9223372036854775807, 0, 9223372036854105807
6, 68, 0, 9223372036854775807, 0, 9223372036854095807
6, 69, 0, 9223372036854775807, 0, 9223372036854085807
6, 7, 0, 9223372036854775807, 0, 9223372036854705807
6, 70, 0, 9223372036854775807, 0, 9223372036854075807
6, 71, 0, 9223372036854775807, 0, 9223372036854065807
6, 72, 0, 9223372036854775807, 0, 9223372036854055807
6, 73, 0, 9223372036854775807, 0, 9223372036854045807
6, 74, 0, 9223372036854775807, 0, 9223372036854035807
6, 75, 0, 9223372036854775807, 0, 9223372036854025807
6, 76, 0, 9223372036854775807, 0, 9223372036854015807
6, 77, 0, 9223372036854775807, 0, 9223372036854005807
6, 78, 0, 9223372036854775807, 0, 9223372036853995807
6, 79, 0, 9223372036854775807, 0, 9223372036853985807
6, 8, 0, 9223372036854775807, 0, 9223372036854695807
6, 80, 0, 9223372036854775807, 0, 9223372036853975807
6, 81, 0, 9223372036854775807, 0, 9223372036853965807
6, 82, 0, 9223372036854775807, 0, 9223372036853955807
6, 83, 0, 9223372036854775807, 0, 9223372036853945807
6, 84, 0, 9223372036854775807, 0, 9223372036853935807
6, 85, 0, 9223372036854775807, 0, 9223372036853925807
6, 86, 0, 9223372036854775807, 0, 9223372036853915807
6, 87, 0, 9223372036854775807, 0, 9223372036853905807
6, 88, 0, 9223372036854775807, 0, 9223372036853895807
6, 89, 0, 9223372036854775807, 0, 9223372036853885807
6, 9, 0, 9223372036854775807, 0, 9223372036854685807
6, 90, 0, 9223372036854775807, 0, 9223372036853875807
6, 91, 0, 9223372036854775807, 0, 9223372036853865807
6, 92, 0, 9223372036854775807, 0, 9223372036853855807
6, 93, 0, 9223372036854775807, 0, 9223372036853845807
6, 94, 0, 9223372036854775807, 0, 9223372036853835807
6, 95, 0, 9223372036854775807, 0, 9223372036853825807
6, 96, 0, 9223372036854775807, 0, 9223372036853815807
6, 97, 0, 9223372036854775807, 0, 9223372036853805807
6, 98, 0, 9223372036854775807, 0, 9223372036853795807
6, 99, 0, 9223372036854775807, 0, 9223372036853785807
7, 0, 4788, 8329, 4788, 8329
7, 1, 0, 9223372036854775807, 0, 9223372036854765807
7, 10, 0, 9223372036854775807, 0, 9223372036854675807
7, 100, 0, 9223372036854775807, 0, 9223372036853775807
7, 101, 0, 9223372036854775807, 0, 9223372036853765807
7, 102, 0, 9223372036854775807, 0, 9223372036853755807
7, 103, 0, 9223372036854775807, 0, 9223372036853745807
7, 104, 0, 9223372036854775807, 0, 9223372036853735807
7, 105, 0, 9223372036854775807, 0, 9223372036853725807
7, 106, 0, 9223372036854775807, 0, 9223372036853715807
7, 107, 0, 9223372036854775807, 0, 9223372036853705807
7, 108, 0, 9223372036854775807, 0, 9223372036853695807
7, 109, 0, 9223372036854775807, 0, 9223372036853685807
7, 11, 0, 9223372036854775807, 0, 9223372036854665807
7, 110, 0, 9223372036854775807, 0, 9223372036853675807
7, 111, 0, 9223372036854775807, 0, 9223372036853665807
7, 112, 0, 9223372036854775807, 0, 9223372036853655807
7, 113, 0, 9223372036854775807, 0, 9223372036853645807
7, 114, 0, 9223372036854775807, 0, 9223372036853635807
7, 115, 0, 9223372036854775807, 0, 9223372036853625807
7, 116, 0, 9223372036854775807, 0, 9223372036853615807
7, 117, 0, 9223372036854775807, 0, 9223372036853605807
7, 118, 0, 9223372036854775807, 0, 9223372036853595807
7, 119, 0, 9223372036854775807, 0, 9223372036853585807
7, 12, 0, 9223372036854775807, 0, 9223372036854655807
7, 120, 0, 9223372036854775807, 0, 9223372036853575807
7, 121, 0, 9223372036854775807, 0, 9223372036853565807
7, 122, 0, 9223372036854775807, 0, 9223372036853555807
7, 123, 0, 9223372036854775807, 0, 9223372036853545807
7, 124, 0, 9223372036854775807, 0, 9223372036853535807
7, 125, 0, 9223372036854775807, 0, 9223372036853525807
7, 13, 0, 9223372036854775807, 0, 9223372036854645807
7, 14, 0, 9223372036854775807, 0, 9223372036854635807
7, 15, 0, 9223372036854775807, 0, 9223372036854625807
7, 16, 0, 9223372036854775807, 0, 9223372036854615807
7, 17, 0, 9223372036854775807, 0, 9223372036854605807
7, 18, 0, 9223372036854775807, 0, 9223372036854595807
7, 19, 0, 9223372036854775807, 0, 9223372036854585807
7, 2, 0, 9223372036854775807, 0, 9223372036854755807
7, 20, 0, 9223372036854775807, 0, 9223372036854575807
7, 21, 0, 9223372036854775807, 0, 9223372036854565807
7, 22, 0, 9223372036854775807, 0, 9223372036854555807
7, 23, 0, 9223372036854775807, 0, 9223372036854545807
7, 24, 0, 9223372036854775807, 0, 9223372036854535807
7, 25, 0, 9223372036854775807, 0, 9223372036854525807
7, 26, 0, 9223372036854775807, 0, 9223372036854515807
7, 27, 0, 9223372036854775807, 0, 9223372036854505807
7, 28, 0, 9223372036854775807, 0, 9223372036854495807
7, 29, 0, 9223372036854775807, 0, 9223372036854485807
7, 3, 0, 9223372036854775807, 0, 9223372036854745807
7, 30, 0, 9223372036854775807, 0, 9223372036854475807
7, 31, 0, 9223372036854775807, 0, 9223372036854465807
7, 32, 0, 9223372036854775807, 0, 9223372036854455807
7, 33, 0, 9223372036854775807, 0, 9223372036854445807
7, 34, 0, 9223372036854775807, 0, 9223372036854435807
7, 35, 0, 9223372036854775807, 0, 9223372036854425807
7, 36, 0, 9223372036854775807, 0, 9223372036854415807
7, 37, 0, 9223372036854775807, 0, 9223372036854405807
7, 38, 0, 9223372036854775807, 0, 9223372036854395807
7, 39, 0, 9223372036854775807, 0, 9223372036854385807
7, 4, 0, 9223372036854775807, 0, 9223372036854735807
7, 40, 0, 9223372036854775807, 0, 9223372036854375807
7, 41, 0, 9223372036854775807, 0, 9223372036854365807
7, 42, 0, 9223372036854775807, 0, 9223372036854355807
7, 43, 0, 9223372036854775807, 0, 9223372036854345807
7, 44, 0, 9223372036854775807, 0, 9223372036854335807
7, 45, 0, 9223372036854775807, 0, 9223372036854325807
7, 46, 0, 9223372036854775807, 0, 9223372036854315807
7, 47, 0, 9223372036854775807, 0, 9223372036854305807
7, 48, 0, 9223372036854775807, 0, 9223372036854295807
7, 49, 0, 9223372036854775807, 0, 9223372036854285807
7, 5, 0, 9223372036854775807, 0, 9223372036854725807
7, 50, 0, 9223372036854775807, 0, 9223372036854275807
7, 51, 0, 9223372036854775807, 0, 9223372036854265807
7, 52, 0, 9223372036854775807, 0, 9223372036854255807
7, 53, 0, 9223372036854775807, 0, 9223372036854245807
7, 54, 0, 9223372036854775807, 0, 9223372036854235807
7, 55, 0, 9223372036854775807, 0, 9223372036854225807
7, 56, 0, 9223372036854775807, 0, 9223372036854215807
7, 57, 0, 9223372036854775807, 0, 9223372036854205807
7, 58, 0, 9223372036854775807, 0, 9223372036854195807
7, 59, 0, 9223372036854775807, 0, 9223372036854185807
7, 6, 0, 9223372036854775807, 0, 9223372036854715807
7, 60, 0, 9223372036854775807, 0, 9223372036854175807
7, 61, 0, 9223372036854775807, 0, 9223372036854165807
7, 62, 0, 9223372036854775807, 0, 9223372036854155807
7, 63, 0, 9223372036854775807, 0, 9223372036854145807
7, 64, 0, 9223372036854775807, 0, 9223372036854135807
7, 65, 0, 9223372036854775807, 0, 9223372036854125807
7, 66, 0, 9223372036854775807, 0, 9223372036854115807
7, 67, 0, 9223372036854775807, 0, 9223372036854105807
7, 68, 0, 9223372036854775807, 0, 9223372036854095807
7, 69, 0, 9223372036854775807, 0, 9223372036854085807
7, 7, 0, 9223372036854775807, 0, 9223372036854705807
7, 70, 0, 9223372036854775807, 0, 9223372036854075807
7, 71, 0, 9223372036854775807, 0, 9223372036854065807
7, 72, 0, 9223372036854775807, 0, 9223372036854055807
7, 73, 0, 9223372036854775807, 0, 9223372036854045807
7, 74, 0, 9223372036854775807, 0, 9223372036854035807
7, 75, 0, 9223372036854775807, 0, 9223372036854025807
7, 76, 0, 9223372036854775807, 0, 9223372036854015807
7, 77, 0, 9223372036854775807, 0, 9223372036854005807
7, 78, 0, 9223372036854775807, 0, 9223372036853995807
7, 79, 0, 9223372036854775807, 0, 9223372036853985807
7, 8, 0, 9223372036854775807, 0, 9223372036854695807
7, 80, 0, 9223372036854775807, 0, 9223372036853975807
7, 81, 0, 9223372036854775807, 0, 9223372036853965807
7, 82, 0, 9223372036854775807, 0, 9223372036853955807
7, 83, 0, 9223372036854775807, 0, 9223372036853945807
7, 84, 0, 9223372036854775807, 0, 9223372036853935807
7, 85, 0, 9223372036854775807, 0, 9223372036853925807
7, 86, 0, 9223372036854775807, 0, 9223372036853915807
7, 87, 0, 9223372036854775807, 0, 9223372036853905807
7, 88, 0, 9223372036854775807, 0, 9223372036853895807
7, 89, 0, 9223372036854775807, 0, 9223372036853885807
7, 9, 0, 9223372036854775807, 0, 9223372036854685807
7, 90, 0, 9223372036854775807, 0, 9223372036853875807
7, 91, 0, 9223372036854775807, 0, 9223372036853865807
7, 92, 0, 9223372036854775807, 0, 9223372036853855807
7, 93, 0, 9223372036854775807, 0, 9223372036853845807
7, 94, 0, 9223372036854775807, 0, 9223372036853835807
7, 95, 0, 9223372036854775807, 0, 9223372036853825807
7, 96, 0, 9223372036854775807, 0, 9223372036853815807
7, 97, 0, 9223372036854775807, 0, 9223372036853805807
7, 98, 0, 9223372036854775807, 0, 9223372036853795807
7, 99, 0, 9223372036854775807, 0, 9223372036853785807
8, 0, 954, 1939, 954, 1939
8, 1, 0, 9223372036854775807, 0, 9223372036854755807
8, 10, 0, 9223372036854775807, 0, 9223372036854575807
8, 11, 0, 9223372036854775807, 0, 9223372036854555807
8, 12, 0, 9223372036854775807, 0, 9223372036854535807
8, 13, 0, 9223372036854775807, 0, 9223372036854515807
8, 14, 0, 9223372036854775807, 0, 9223372036854495807
8, 15, 0, 9223372036854775807, 0, 9223372036854475807
8, 16, 0, 9223372036854775807, 0, 9223372036854455807
8, 17, 0, 9223372036854775807, 0, 9223372036854435807
8, 18, 0, 9223372036854775807, 0, 9223372036854415807
8, 19, 0, 9223372036854775807, 0, 9223372036854395807
8, 2, 0, 9223372036854775807, 0, 9223372036854735807
8, 20, 0, 9223372036854775807, 0, 9223372036854375807
8, 21, 0, 9223372036854775807, 0, 9223372036854355807
8, 22, 0, 9223372036854775807, 0, 9223372036854335807
8, 23, 0, 9223372036854775807, 0, 9223372036854315807
8, 24, 0, 9223372036854775807, 0, 9223372036854295807
8, 25, 0, 9223372036854775807, 0, 9223372036854275807
8, 26, 0, 9223372036854775807, 0, 9223372036854255807
8, 27, 0, 9223372036854775807, 0, 9223372036854235807
8, 28, 0, 9223372036854775807, 0, 9223372036854215807
8, 29, 0, 9223372036854775807, 0, 9223372036854195807
8, 3, 0, 9223372036854775807, 0, 9223372036854715807
8, 30, 0, 9223372036854775807, 0, 9223372036854175807
8, 31, 0, 9223372036854775807, 0, 9223372036854155807
8, 32, 0, 9223372036854775807, 0, 9223372036854135807
8, 33, 0, 9223372036854775807, 0, 9223372036854115807
8, 34, 0, 9223372036854775807, 0, 9223372036854095807
8, 35, 0, 9223372036854775807, 0, 9223372036854075807
8, 36, 0, 9223372036854775807, 0, 9223372036854055807
8, 37, 0, 9223372036854775807, 0, 9223372036854035807
8, 38, 0, 9223372036854775807, 0, 9223372036854015807
8, 39, 0, 9223372036854775807, 0, 9223372036853995807
8, 4, 0, 9223372036854775807, 0, 9223372036854695807
8, 40, 0, 9223372036854775807, 0, 9223372036853975807
8, 41, 0, 9223372036854775807, 0, 9223372036853955807
8, 42, 0, 9223372036854775807, 0, 9223372036853935807
8, 43, 0, 9223372036854775807, 0, 9223372036853915807
8, 44, 0, 9223372036854775807, 0, 9223372036853895807
8, 45, 0, 9223372036854775807, 0, 9223372036853875807
8, 46, 0, 9223372036854775807, 0, 9223372036853855807
8, 47, 0, 9223372036854775807, 0, 9223372036853835807
8, 48, 0, 9223372036854775807, 0, 9223372036853815807
8, 49, 0, 9223372036854775807, 0, 9223372036853795807
8, 5, 0, 9223372036854775807, 0, 9223372036854675807
8, 50, 0, 9223372036854775807, 0, 9223372036853775807
8, 51, 0, 9223372036854775807, 0, 9223372036853755807
8, 52, 0, 9223372036854775807, 0, 9223372036853735807
8, 53, 0, 9223372036854775807, 0, 9223372036853715807
8, 54, 0, 9223372036854775807, 0, 9223372036853695807
8, 55, 0, 9223372036854775807, 0, 9223372036853675807
8, 56, 0, 9223372036854775807, 0, 9223372036853655807
8, 57, 0, 9223372036854775807, 0, 9223372036853635807
8, 58, 0, 9223372036854775807, 0, 9223372036853615807
8, 59, 0, 9223372036854775807, 0, 9223372036853595807
8, 6, 0, 9223372036854775807, 0, 9223372036854655807
8, 60, 0, 9223372036854775807, 0, 9223372036853575807
8, 61, 0, 9223372036854775807, 0, 9223372036853555807
8, 62, 0, 9223372036854775807, 0, 9223372036853535807
8, 7, 0, 9223372036854775807, 0, 9223372036854635807
8, 8, 0, 9223372036854775807, 0, 9223372036854615807
8, 9, 0, 9223372036854775807, 0, 9223372036854595807
9, 0, 2694, 4839, 2694, 4839
9, 1, 0, 9223372036854775807, 0, 9223372036854715807
9, 10, 0, 9223372036854775807, 0, 9223372036854175807
9, 11, 0, 9223372036854775807, 0, 9223372036854115807
9, 12, 0, 9223372036854775807, 0, 9223372036854055807
9, 13, 0, 9223372036854775807, 0, 9223372036853995807
9, 14, 0, 9223372036854775807, 0, 9223372036853935807
9, 15, 0, 9223372036854775807, 0, 9223372036853875807
9, 16, 0, 9223372036854775807, 0, 9223372036853815807
9, 17, 0, 9223372036854775807, 0, 9223372036853755807
9, 18, 0, 9223372036854775807, 0, 9223372036853695807
9, 19, 0, 9223372036854775807, 0, 9223372036853635807
9, 2, 0, 9223372036854775807, 0, 9223372036854655807
9, 20, 0, 9223372036854775807, 0, 9223372036853575807
9, 3, 0, 9223372036854775807, 0, 9223372036854595807
9, 4, 0, 9223372036854775807, 0, 9223372036854535807
9, 5, 0, 9223372036854775807, 0, 9223372036854475807
9, 6, 0, 9223372036854775807, 0, 9223372036854415807
9, 7, 0, 9223372036854775807, 0, 9223372036854355807
9, 8, 0, 9223372036854775807, 0, 9223372036854295807
9, 9, 0, 9223372036854775807, 0, 9223372036854235807
