Task ID, Job ID, BCCT, WCCT, BCRT, WCRT
0, 0, 4754, 10678, 4754, 10678
0, 1, 14754, 18661, 4754, 8661
0, 10, 0, 9223372036854775807, 0, 9223372036854675807
0, 100, 0, 9223372036854775807, 0, 9223372036853775807
0, 1000, 0, 9223372036854775807, 0, 9223372036844775807
0, 10000, 0, 9223372036854775807, 0, 9223372036754775807
0, 10001, 0, 9223372036854775807, 0, 9223372036754765807
0, 10002, 0, 9223372036854775807, 0, 9223372036754755807
0, 10003, 0, 9223372036854775807, 0, 9223372036754745807
0, 10004, 0, 9223372036854775807, 0, 9223372036754735807
0, 10005, 0, 9223372036854775807, 0, 9223372036754725807
0, 10006, 0, 9223372036854775807, 0, 9223372036754715807
0, 10007, 0, 9223372036854775807, 0, 9223372036754705807
0, 10008, 0, 9223372036854775807, 0, 9223372036754695807
0, 10009, 0, 9223372036854775807, 0, 9223372036754685807
0, 1001, 0, 9223372036854775807, 0, 9223372036844765807
0, 10010, 0, 9223372036854775807, 0, 9223372036754675807
0, 10011, 0, 9223372036854775807, 0, 9223372036754665807
0, 10012, 0, 9223372036854775807, 0, 9223372036754655807
0, 10013, 0, 9223372036854775807, 0, 9223372036754645807
0, 10014, 0, 9223372036854775807, 0, 9223372036754635807
0, 10015, 0, 9223372036854775807, 0, 9223372036754625807
0, 10016, 0, 9223372036854775807, 0, 9223372036754615807
0, 10017, 0, 9223372036854775807, 0, 9223372036754605807
0, 10018, 0, 9223372036854775807, 0, 9223372036754595807
0, 10019, 0, 9223372036854775807, 0, 9223372036754585807
0, 1002, 0, 9223372036854775807, 0, 9223372036844755807
0, 10020, 0, 9223372036854775807, 0, 9223372036754575807
0, 10021, 0, 9223372036854775807, 0, 9223372036754565807
0, 10022, 0, 9223372036854775807, 0, 9223372036754555807
0, 10023, 0, 9223372036854775807, 0, 9223372036754545807
0, 10024, 0, 9223372036854775807, 0, 9223372036754535807
0, 10025, 0, 9223372036854775807, 0, 9223372036754525807
0, 10026, 0, 9223372036854775807, 0, 9223372036754515807
0, 10027, 0, 9223372036854775807, 0, 9223372036754505807
0, 10028, 0, 9223372036854775807, 0, 9223372036754495807
0, 10029, 0, 9223372036854775807, 0, 9223372036754485807
0, 1003, 0, 9223372036854775807, 0, 9223372036844745807
0, 10030, 0, 9223372036854775807, 0, 9223372036754475807
0, 10031, 0, 9223372036854775807, 0, 9223372036754465807
0, 10032, 0, 9223372036854775807, 0, 9223372036754455807
0, 10033, 0, 9223372036854775807, 0, 9223372036754445807
0, 10034, 0, 9223372036854775807, 0, 9223372036754435807
0, 10035, 0, 9223372036854775807, 0, 9223372036754425807
0, 10036, 0, 9223372036854775807, 0, 9223372036754415807
0, 10037, 0, 9223372036854775807, 0, 9223372036754405807
0, 10038, 0, 9223372036854775807, 0, 9223372036754395807
0, 10039, 0, 9223372036854775807, 0, 9223372036754385807
0, 1004, 0, 9223372036854775807, 0, 9223372036844735807
0, 10040, 0, 9223372036854775807, 0, 9223372036754375807
0, 10041, 0, 9223372036854775807, 0, 9223372036754365807
0, 10042, 0, 9223372036854775807, 0, 9223372036754355807
0, 10043, 0, 9223372036854775807, 0, 9223372036754345807
0, 10044, 0, 9223372036854775807, 0, 9223372036754335807
0, 10045, 0, 9223372036854775807, 0, 9223372036754325807
0, 10046, 0, 9223372036854775807, 0, 9223372036754315807
0, 10047, 0, 9223372036854775807, 0, 9223372036754305807
0, 10048, 0, 9223372036854775807, 0, 9223372036754295807
0, 10049, 0, 9223372036854775807, 0, 9223372036754285807
0, 1005, 0, 9223372036854775807, 0, 9223372036844725807
0, 10050, 0, 9223372036854775807, 0, 9223372036754275807
0, 10051, 0, 9223372036854775807, 0, 9223372036754265807
0, 10052, 0, 9223372036854775807, 0, 9223372036754255807
0, 10053, 0, 9223372036854775807, 0, 9223372036754245807
0, 10054, 0, 9223372036854775807, 0, 9223372036754235807
0, 10055, 0, 9223372036854775807, 0, 9223372036754225807
0, 10056, 0, 9223372036854775807, 0, 9223372036754215807
0, 10057, 0, 9223372036854775807, 0, 9223372036754205807
0, 10058, 0, 9223372036854775807, 0, 9223372036754195807
0, 10059, 0, 9223372036854775807, 0, 9223372036754185807
0, 1006, 0, 9223372036854775807, 0, 9223372036844715807
0, 10060, 0, 9223372036854775807, 0, 9223372036754175807
0, 10061, 0, 9223372036854775807, 0, 9223372036754165807
0, 10062, 0, 9223372036854775807, 0, 9223372036754155807
0, 10063, 0, 9223372036854775807, 0, 9223372036754145807
0, 10064, 0, 9223372036854775807, 0, 9223372036754135807
0, 10065, 0, 9223372036854775807, 0, 9223372036754125807
0, 10066, 0, 9223372036854775807, 0, 9223372036754115807
0, 10067, 0, 9223372036854775807, 0, 9223372036754105807
0, 10068, 0, 9223372036854775807, 0, 9223372036754095807
0, 10069, 0, 9223372036854775807, 0, 9223372036754085807
0, 1007, 0, 9223372036854775807, 0, 9223372036844705807
0, 10070, 0, 9223372036854775807, 0, 9223372036754075807
0, 10071, 0, 9223372036854775807, 0, 9223372036754065807
0, 10072, 0, 9223372036854775807, 0, 9223372036754055807
0, 10073, 0, 9223372036854775807, 0, 9223372036754045807
0, 10074, 0, 9223372036854775807, 0, 9223372036754035807
0, 10075, 0, 9223372036854775807, 0, 9223372036754025807
0, 10076, 0, 9223372036854775807, 0, 9223372036754015807
0, 10077, 0, 9223372036854775807, 0, 9223372036754005807
0, 10078, 0, 9223372036854775807, 0, 9223372036753995807
0, 10079, 0, 9223372036854775807, 0, 9223372036753985807
0, 1008, 0, 9223372036854775807, 0, 9223372036844695807
0, 10080, 0, 9223372036854775807, 0, 9223372036753975807
0, 10081, 0, 9223372036854775807, 0, 9223372036753965807
0, 10082, 0, 9223372036854775807, 0, 9223372036753955807
0, 10083, 0, 9223372036854775807, 0, 9223372036753945807
0, 10084, 0, 9223372036854775807, 0, 9223372036753935807
0, 10085, 0, 9223372036854775807, 0, 9223372036753925807
0, 10086, 0, 9223372036854775807, 0, 9223372036753915807
0, 10087, 0, 9223372036854775807, 0, 9223372036753905807
0, 10088, 0, 9223372036854775807, 0, 9223372036753895807
0, 10089, 0, 9223372036854775807, 0, 9223372036753885807
0, 1009, 0, 9223372036854775807, 0, 9223372036844685807
0, 10090, 0, 9223372036854775807, 0, 9223372036753875807
0, 10091, 0, 9223372036854775807, 0, 9223372036753865807
0, 10092, 0, 9223372036854775807, 0, 9223372036753855807
0, 10093, 0, 9223372036854775807, 0, 9223372036753845807
0, 10094, 0, 9223372036854775807, 0, 9223372036753835807
0, 10095, 0, 9223372036854775807, 0, 9223372036753825807
0, 10096, 0, 9223372036854775807, 0, 9223372036753815807
0, 10097, 0, 9223372036854775807, 0, 9223372036753805807
0, 10098, 0, 9223372036854775807, 0, 9223372036753795807
0, 10099, 0, 9223372036854775807, 0, 9223372036753785807
0, 101, 0, 9223372036854775807, 0, 9223372036853765807
0, 1010, 0, 9223372036854775807, 0, 9223372036844675807
0, 10100, 0, 9223372036854775807, 0, 9223372036753775807
0, 10101, 0, 9223372036854775807, 0, 9223372036753765807
0, 10102, 0, 9223372036854775807, 0, 9223372036753755807
0, 10103, 0, 9223372036854775807, 0, 9223372036753745807
0, 10104, 0, 9223372036854775807, 0, 9223372036753735807
0, 10105, 0, 9223372036854775807, 0, 9223372036753725807
0, 10106, 0, 9223372036854775807, 0, 9223372036753715807
0, 10107, 0, 9223372036854775807, 0, 9223372036753705807
0, 10108, 0, 9223372036854775807, 0, 9223372036753695807
0, 10109, 0, 9223372036854775807, 0, 9223372036753685807
0, 1011, 0, 9223372036854775807, 0, 9223372036844665807
0, 10110, 0, 9223372036854775807, 0, 9223372036753675807
0, 10111, 0, 9223372036854775807, 0, 9223372036753665807
0, 10112, 0, 9223372036854775807, 0, 9223372036753655807
0, 10113, 0, 9223372036854775807, 0, 9223372036753645807
0, 10114, 0, 9223372036854775807, 0, 9223372036753635807
0, 10115, 0, 9223372036854775807, 0, 9223372036753625807
0, 10116, 0, 9223372036854775807, 0, 9223372036753615807
0, 10117, 0, 9223372036854775807, 0, 9223372036753605807
0, 10118, 0, 9223372036854775807, 0, 9223372036753595807
0, 10119, 0, 9223372036854775807, 0, 9223372036753585807
0, 1012, 0, 9223372036854775807, 0, 9223372036844655807
0, 10120, 0, 9223372036854775807, 0, 9223372036753575807
0, 10121, 0, 9223372036854775807, 0, 9223372036753565807
0, 10122, 0, 9223372036854775807, 0, 9223372036753555807
0, 10123, 0, 9223372036854775807, 0, 9223372036753545807
0, 10124, 0, 9223372036854775807, 0, 9223372036753535807
0, 10125, 0, 9223372036854775807, 0, 9223372036753525807
0, 10126, 0, 9223372036854775807, 0, 9223372036753515807
0, 10127, 0, 9223372036854775807, 0, 9223372036753505807
0, 10128, 0, 9223372036854775807, 0, 9223372036753495807
0, 10129, 0, 9223372036854775807, 0, 9223372036753485807
0, 1013, 0, 9223372036854775807, 0, 9223372036844645807
0, 10130, 0, 9223372036854775807, 0, 9223372036753475807
0, 10131, 0, 9223372036854775807, 0, 9223372036753465807
0, 10132, 0, 9223372036854775807, 0, 9223372036753455807
0, 10133, 0, 9223372036854775807, 0, 9223372036753445807
0, 10134, 0, 9223372036854775807, 0, 9223372036753435807
0, 10135, 0, 9223372036854775807, 0, 9223372036753425807
0, 10136, 0, 9223372036854775807, 0, 9223372036753415807
0, 10137, 0, 9223372036854775807, 0, 9223372036753405807
0, 10138, 0, 9223372036854775807, 0, 9223372036753395807
0, 10139, 0, 9223372036854775807, 0, 9223372036753385807
0, 1014, 0, 9223372036854775807, 0, 9223372036844635807
0, 10140, 0, 9223372036854775807, 0, 9223372036753375807
0, 10141, 0, 9223372036854775807, 0, 9223372036753365807
0, 10142, 0, 9223372036854775807, 0, 9223372036753355807
0, 10143, 0, 9223372036854775807, 0, 9223372036753345807
0, 10144, 0, 9223372036854775807, 0, 9223372036753335807
0, 10145, 0, 9223372036854775807, 0, 9223372036753325807
0, 10146, 0, 9223372036854775807, 0, 9223372036753315807
0, 10147, 0, 9223372036854775807, 0, 9223372036753305807
0, 10148, 0, 9223372036854775807, 0, 9223372036753295807
0, 10149, 0, 9223372036854775807, 0, 9223372036753285807
0, 1015, 0, 9223372036854775807, 0, 9223372036844625807
0, 10150, 0, 9223372036854775807, 0, 9223372036753275807
0, 10151, 0, 9223372036854775807, 0, 9223372036753265807
0, 10152, 0, 9223372036854775807, 0, 9223372036753255807
0, 10153, 0, 9223372036854775807, 0, 9223372036753245807
0, 10154, 0, 9223372036854775807, 0, 9223372036753235807
0, 10155, 0, 9223372036854775807, 0, 9223372036753225807
0, 10156, 0, 9223372036854775807, 0, 9223372036753215807
0, 10157, 0, 9223372036854775807, 0, 9223372036753205807
0, 10158, 0, 9223372036854775807, 0, 9223372036753195807
0, 10159, 0, 9223372036854775807, 0, 9223372036753185807
0, 1016, 0, 9223372036854775807, 0, 9223372036844615807
0, 10160, 0, 9223372036854775807, 0, 9223372036753175807
0, 10161, 0, 9223372036854775807, 0, 9223372036753165807
0, 10162, 0, 9223372036854775807, 0, 9223372036753155807
0, 10163, 0, 9223372036854775807, 0, 9223372036753145807
0, 10164, 0, 9223372036854775807, 0, 9223372036753135807
0, 10165, 0, 9223372036854775807, 0, 9223372036753125807
0, 10166, 0, 9223372036854775807, 0, 9223372036753115807
0, 10167, 0, 9223372036854775807, 0, 9223372036753105807
0, 10168, 0, 9223372036854775807, 0, 9223372036753095807
0, 10169, 0, 9223372036854775807, 0, 9223372036753085807
0, 1017, 0, 9223372036854775807, 0, 9223372036844605807
0, 10170, 0, 9223372036854775807, 0, 9223372036753075807
0, 10171, 0, 9223372036854775807, 0, 9223372036753065807
0, 10172, 0, 9223372036854775807, 0, 9223372036753055807
0, 10173, 0, 9223372036854775807, 0, 9223372036753045807
0, 10174, 0, 9223372036854775807, 0, 9223372036753035807
0, 10175, 0, 9223372036854775807, 0, 9223372036753025807
0, 10176, 0, 9223372036854775807, 0, 9223372036753015807
0, 10177, 0, 9223372036854775807, 0, 9223372036753005807
0, 10178, 0, 9223372036854775807, 0, 9223372036752995807
0, 10179, 0, 9223372036854775807, 0, 9223372036752985807
0, 1018, 0, 9223372036854775807, 0, 9223372036844595807
0, 10180, 0, 9223372036854775807, 0, 9223372036752975807
0, 10181, 0, 9223372036854775807, 0, 9223372036752965807
0, 10182, 0, 9223372036854775807, 0, 9223372036752955807
0, 10183, 0, 9223372036854775807, 0, 9223372036752945807
0, 10184, 0, 9223372036854775807, 0, 9223372036752935807
0, 10185, 0, 9223372036854775807, 0, 9223372036752925807
0, 10186, 0, 9223372036854775807, 0, 9223372036752915807
0, 10187, 0, 9223372036854775807, 0, 9223372036752905807
0, 10188, 0, 9223372036854775807, 0, 9223372036752895807
0, 10189, 0, 9223372036854775807, 0, 9223372036752885807
0, 1019, 0, 9223372036854775807, 0, 9223372036844585807
0, 10190, 0, 9223372036854775807, 0, 9223372036752875807
0, 10191, 0, 9223372036854775807, 0, 9223372036752865807
0, 10192, 0, 9223372036854775807, 0, 9223372036752855807
0, 10193, 0, 9223372036854775807, 0, 9223372036752845807
0, 10194, 0, 9223372036854775807, 0, 9223372036752835807
0, 10195, 0, 9223372036854775807, 0, 9223372036752825807
0, 10196, 0, 9223372036854775807, 0, 9223372036752815807
0, 10197, 0, 9223372036854775807, 0, 9223372036752805807
0, 10198, 0, 9223372036854775807, 0, 9223372036752795807
0, 10199, 0, 9223372036854775807, 0, 9223372036752785807
0, 102, 0, 9223372036854775807, 0, 9223372036853755807
0, 1020, 0, 9223372036854775807, 0, 9223372036844575807
0, 10200, 0, 9223372036854775807, 0, 9223372036752775807
0, 10201, 0, 9223372036854775807, 0, 9223372036752765807
0, 10202, 0, 9223372036854775807, 0, 9223372036752755807
0, 10203, 0, 9223372036854775807, 0, 9223372036752745807
0, 10204, 0, 9223372036854775807, 0, 9223372036752735807
0, 10205, 0, 9223372036854775807, 0, 9223372036752725807
0, 10206, 0, 9223372036854775807, 0, 9223372036752715807
0, 10207, 0, 9223372036854775807, 0, 9223372036752705807
0, 10208, 0, 9223372036854775807, 0, 9223372036752695807
0, 10209, 0, 9223372036854775807, 0, 9223372036752685807
0, 1021, 0, 9223372036854775807, 0, 9223372036844565807
0, 10210, 0, 9223372036854775807, 0, 9223372036752675807
0, 10211, 0, 9223372036854775807, 0, 9223372036752665807
0, 10212, 0, 9223372036854775807, 0, 9223372036752655807
0, 10213, 0, 9223372036854775807, 0, 9223372036752645807
0, 10214, 0, 9223372036854775807, 0, 9223372036752635807
0, 10215, 0, 9223372036854775807, 0, 9223372036752625807
0, 10216, 0, 9223372036854775807, 0, 9223372036752615807
0, 10217, 0, 9223372036854775807, 0, 9223372036752605807
0, 10218, 0, 9223372036854775807, 0, 9223372036752595807
0, 10219, 0, 9223372036854775807, 0, 9223372036752585807
0, 1022, 0, 9223372036854775807, 0, 9223372036844555807
0, 10220, 0, 9223372036854775807, 0, 9223372036752575807
0, 10221, 0, 9223372036854775807, 0, 9223372036752565807
0, 10222, 0, 9223372036854775807, 0, 9223372036752555807
0, 10223, 0, 9223372036854775807, 0, 9223372036752545807
0, 10224, 0, 9223372036854775807, 0, 9223372036752535807
0, 10225, 0, 9223372036854775807, 0, 9223372036752525807
0, 10226, 0, 9223372036854775807, 0, 9223372036752515807
0, 10227, 0, 9223372036854775807, 0, 9223372036752505807
0, 10228, 0, 9223372036854775807, 0, 9223372036752495807
0, 10229, 0, 9223372036854775807, 0, 9223372036752485807
0, 1023, 0, 9223372036854775807, 0, 9223372036844545807
0, 10230, 0, 9223372036854775807, 0, 9223372036752475807
0, 10231, 0, 9223372036854775807, 0, 9223372036752465807
0, 10232, 0, 9223372036854775807, 0, 9223372036752455807
0, 10233, 0, 9223372036854775807, 0, 9223372036752445807
0, 10234, 0, 9223372036854775807, 0, 9223372036752435807
0, 10235, 0, 9223372036854775807, 0, 9223372036752425807
0, 10236, 0, 9223372036854775807, 0, 9223372036752415807
0, 10237, 0, 9223372036854775807, 0, 9223372036752405807
0, 10238, 0, 9223372036854775807, 0, 9223372036752395807
0, 10239, 0, 9223372036854775807, 0, 9223372036752385807
0, 1024, 0, 9223372036854775807, 0, 9223372036844535807
0, 10240, 0, 9223372036854775807, 0, 9223372036752375807
0, 10241, 0, 9223372036854775807, 0, 9223372036752365807
0, 10242, 0, 9223372036854775807, 0, 9223372036752355807
0, 10243, 0, 9223372036854775807, 0, 9223372036752345807
0, 10244, 0, 9223372036854775807, 0, 9223372036752335807
0, 10245, 0, 9223372036854775807, 0, 9223372036752325807
0, 10246, 0, 9223372036854775807, 0, 9223372036752315807
0, 10247, 0, 9223372036854775807, 0, 9223372036752305807
0, 10248, 0, 9223372036854775807, 0, 9223372036752295807
0, 10249, 0, 9223372036854775807, 0, 9223372036752285807
0, 1025, 0, 9223372036854775807, 0, 9223372036844525807
0, 10250, 0, 9223372036854775807, 0, 9223372036752275807
0, 10251, 0, 9223372036854775807, 0, 9223372036752265807
0, 10252, 0, 9223372036854775807, 0, 9223372036752255807
0, 10253, 0, 9223372036854775807, 0, 9223372036752245807
0, 10254, 0, 9223372036854775807, 0, 9223372036752235807
0, 10255, 0, 9223372036854775807, 0, 9223372036752225807
0, 10256, 0, 9223372036854775807, 0, 9223372036752215807
0, 10257, 0, 9223372036854775807, 0, 9223372036752205807
0, 10258, 0, 9223372036854775807, 0, 9223372036752195807
0, 10259, 0, 9223372036854775807, 0, 9223372036752185807
0, 1026, 0, 9223372036854775807, 0, 9223372036844515807
0, 10260, 0, 9223372036854775807, 0, 9223372036752175807
0, 10261, 0, 9223372036854775807, 0, 9223372036752165807
0, 10262, 0, 9223372036854775807, 0, 9223372036752155807
0, 10263, 0, 9223372036854775807, 0, 9223372036752145807
0, 10264, 0, 9223372036854775807, 0, 9223372036752135807
0, 10265, 0, 9223372036854775807, 0, 9223372036752125807
0, 10266, 0, 9223372036854775807, 0, 9223372036752115807
0, 10267, 0, 9223372036854775807, 0, 9223372036752105807
0, 10268, 0, 9223372036854775807, 0, 9223372036752095807
0, 10269, 0, 9223372036854775807, 0, 9223372036752085807
0, 1027, 0, 9223372036854775807, 0, 9223372036844505807
0, 10270, 0, 9223372036854775807, 0, 9223372036752075807
0, 10271, 0, 9223372036854775807, 0, 9223372036752065807
0, 10272, 0, 9223372036854775807, 0, 9223372036752055807
0, 10273, 0, 9223372036854775807, 0, 9223372036752045807
0, 10274, 0, 9223372036854775807, 0, 9223372036752035807
0, 10275, 0, 9223372036854775807, 0, 9223372036752025807
0, 10276, 0, 9223372036854775807, 0, 9223372036752015807
0, 10277, 0, 9223372036854775807, 0, 9223372036752005807
0, 10278, 0, 9223372036854775807, 0, 9223372036751995807
0, 10279, 0, 9223372036854775807, 0, 9223372036751985807
0, 1028, 0, 9223372036854775807, 0, 9223372036844495807
0, 10280, 0, 9223372036854775807, 0, 9223372036751975807
0, 10281, 0, 9223372036854775807, 0, 9223372036751965807
0, 10282, 0, 9223372036854775807, 0, 9223372036751955807
0, 10283, 0, 9223372036854775807, 0, 9223372036751945807
0, 10284, 0, 9223372036854775807, 0, 9223372036751935807
0, 10285, 0, 9223372036854775807, 0, 9223372036751925807
0, 10286, 0, 9223372036854775807, 0, 9223372036751915807
0, 10287, 0, 9223372036854775807, 0, 9223372036751905807
0, 10288, 0, 9223372036854775807, 0, 9223372036751895807
0, 10289, 0, 9223372036854775807, 0, 9223372036751885807
0, 1029, 0, 9223372036854775807, 0, 9223372036844485807
0, 10290, 0, 9223372036854775807, 0, 9223372036751875807
0, 10291, 0, 9223372036854775807, 0, 9223372036751865807
0, 10292, 0, 9223372036854775807, 0, 9223372036751855807
0, 10293, 0, 9223372036854775807, 0, 9223372036751845807
0, 10294, 0, 9223372036854775807, 0, 9223372036751835807
0, 10295, 0, 9223372036854775807, 0, 9223372036751825807
0, 10296, 0, 9223372036854775807, 0, 9223372036751815807
0, 10297, 0, 9223372036854775807, 0, 9223372036751805807
0, 10298, 0, 9223372036854775807, 0, 9223372036751795807
0, 10299, 0, 9223372036854775807, 0, 9223372036751785807
0, 103, 0, 9223372036854775807, 0, 9223372036853745807
0, 1030, 0, 9223372036854775807, 0, 9223372036844475807
0, 10300, 0, 9223372036854775807, 0, 9223372036751775807
0, 10301, 0, 9223372036854775807, 0, 9223372036751765807
0, 10302, 0, 9223372036854775807, 0, 9223372036751755807
0, 10303, 0, 9223372036854775807, 0, 9223372036751745807
0, 10304, 0, 9223372036854775807, 0, 9223372036751735807
0, 10305, 0, 9223372036854775807, 0, 9223372036751725807
0, 10306, 0, 9223372036854775807, 0, 9223372036751715807
0, 10307, 0, 9223372036854775807, 0, 9223372036751705807
0, 10308, 0, 9223372036854775807, 0, 9223372036751695807
0, 10309, 0, 9223372036854775807, 0, 9223372036751685807
0, 1031, 0, 9223372036854775807, 0, 9223372036844465807
0, 10310, 0, 9223372036854775807, 0, 9223372036751675807
0, 10311, 0, 9223372036854775807, 0, 9223372036751665807
0, 10312, 0, 9223372036854775807, 0, 9223372036751655807
0, 10313, 0, 9223372036854775807, 0, 9223372036751645807
0, 10314, 0, 9223372036854775807, 0, 9223372036751635807
0, 10315, 0, 9223372036854775807, 0, 9223372036751625807
0, 10316, 0, 9223372036854775807, 0, 9223372036751615807
0, 10317, 0, 9223372036854775807, 0, 9223372036751605807
0, 10318, 0, 9223372036854775807, 0, 9223372036751595807
0, 10319, 0, 9223372036854775807, 0, 9223372036751585807
0, 1032, 0, 9223372036854775807, 0, 9223372036844455807
0, 10320, 0, 9223372036854775807, 0, 9223372036751575807
0, 10321, 0, 9223372036854775807, 0, 9223372036751565807
0, 10322, 0, 9223372036854775807, 0, 9223372036751555807
0, 10323, 0, 9223372036854775807, 0, 9223372036751545807
0, 10324, 0, 9223372036854775807, 0, 9223372036751535807
0, 10325, 0, 9223372036854775807, 0, 9223372036751525807
0, 10326, 0, 9223372036854775807, 0, 9223372036751515807
0, 10327, 0, 9223372036854775807, 0, 9223372036751505807
0, 10328, 0, 9223372036854775807, 0, 9223372036751495807
0, 10329, 0, 9223372036854775807, 0, 9223372036751485807
0, 1033, 0, 9223372036854775807, 0, 9223372036844445807
0, 10330, 0, 9223372036854775807, 0, 9223372036751475807
0, 10331, 0, 9223372036854775807, 0, 9223372036751465807
0, 10332, 0, 9223372036854775807, 0, 9223372036751455807
0, 10333, 0, 9223372036854775807, 0, 9223372036751445807
0, 10334, 0, 9223372036854775807, 0, 9223372036751435807
0, 10335, 0, 9223372036854775807, 0, 9223372036751425807
0, 10336, 0, 9223372036854775807, 0, 9223372036751415807
0, 10337, 0, 9223372036854775807, 0, 9223372036751405807
0, 10338, 0, 9223372036854775807, 0, 9223372036751395807
0, 10339, 0, 9223372036854775807, 0, 9223372036751385807
0, 1034, 0, 9223372036854775807, 0, 9223372036844435807
0, 10340, 0, 9223372036854775807, 0, 9223372036751375807
0, 10341, 0, 9223372036854775807, 0, 9223372036751365807
0, 10342, 0, 9223372036854775807, 0, 9223372036751355807
0, 10343, 0, 9223372036854775807, 0, 9223372036751345807
0, 10344, 0, 9223372036854775807, 0, 9223372036751335807
0, 10345, 0, 9223372036854775807, 0, 9223372036751325807
0, 10346, 0, 9223372036854775807, 0, 9223372036751315807
0, 10347, 0, 9223372036854775807, 0, 9223372036751305807
0, 10348, 0, 9223372036854775807, 0, 9223372036751295807
0, 10349, 0, 9223372036854775807, 0, 9223372036751285807
0, 1035, 0, 9223372036854775807, 0, 9223372036844425807
0, 10350, 0, 9223372036854775807, 0, 9223372036751275807
0, 10351, 0, 9223372036854775807, 0, 9223372036751265807
0, 10352, 0, 9223372036854775807, 0, 9223372036751255807
0, 10353, 0, 9223372036854775807, 0, 9223372036751245807
0, 10354, 0, 9223372036854775807, 0, 9223372036751235807
0, 10355, 0, 9223372036854775807, 0, 9223372036751225807
0, 10356, 0, 9223372036854775807, 0, 9223372036751215807
0, 10357, 0, 9223372036854775807, 0, 9223372036751205807
0, 10358, 0, 9223372036854775807, 0, 9223372036751195807
0, 10359, 0, 9223372036854775807, 0, 9223372036751185807
0, 1036, 0, 9223372036854775807, 0, 9223372036844415807
0, 10360, 0, 9223372036854775807, 0, 9223372036751175807
0, 10361, 0, 9223372036854775807, 0, 9223372036751165807
0, 10362, 0, 9223372036854775807, 0, 9223372036751155807
0, 10363, 0, 9223372036854775807, 0, 9223372036751145807
0, 10364, 0, 9223372036854775807, 0, 9223372036751135807
0, 10365, 0, 9223372036854775807, 0, 9223372036751125807
0, 10366, 0, 9223372036854775807, 0, 9223372036751115807
0, 10367, 0, 9223372036854775807, 0, 9223372036751105807
0, 10368, 0, 9223372036854775807, 0, 9223372036751095807
0, 10369, 0, 9223372036854775807, 0, 9223372036751085807
0, 1037, 0, 9223372036854775807, 0, 9223372036844405807
0, 10370, 0, 9223372036854775807, 0, 9223372036751075807
0, 10371, 0, 9223372036854775807, 0, 9223372036751065807
0, 10372, 0, 9223372036854775807, 0, 9223372036751055807
0, 10373, 0, 9223372036854775807, 0, 9223372036751045807
0, 10374, 0, 9223372036854775807, 0, 9223372036751035807
0, 10375, 0, 9223372036854775807, 0, 9223372036751025807
0, 10376, 0, 9223372036854775807, 0, 9223372036751015807
0, 10377, 0, 9223372036854775807, 0, 9223372036751005807
0, 10378, 0, 9223372036854775807, 0, 9223372036750995807
0, 10379, 0, 9223372036854775807, 0, 9223372036750985807
0, 1038, 0, 9223372036854775807, 0, 9223372036844395807
0, 10380, 0, 9223372036854775807, 0, 9223372036750975807
0, 10381, 0, 9223372036854775807, 0, 9223372036750965807
0, 10382, 0, 9223372036854775807, 0, 9223372036750955807
0, 10383, 0, 9223372036854775807, 0, 9223372036750945807
0, 10384, 0, 9223372036854775807, 0, 9223372036750935807
0, 10385, 0, 9223372036854775807, 0, 9223372036750925807
0, 10386, 0, 9223372036854775807, 0, 9223372036750915807
0, 10387, 0, 9223372036854775807, 0, 9223372036750905807
0, 10388, 0, 9223372036854775807, 0, 9223372036750895807
0, 10389, 0, 9223372036854775807, 0, 9223372036750885807
0, 1039, 0, 9223372036854775807, 0, 9223372036844385807
0, 10390, 0, 9223372036854775807, 0, 9223372036750875807
0, 10391, 0, 9223372036854775807, 0, 9223372036750865807
0, 10392, 0, 9223372036854775807, 0, 9223372036750855807
0, 10393, 0, 9223372036854775807, 0, 9223372036750845807
0, 10394, 0, 9223372036854775807, 0, 9223372036750835807
0, 10395, 0, 9223372036854775807, 0, 9223372036750825807
0, 10396, 0, 9223372036854775807, 0, 9223372036750815807
0, 10397, 0, 9223372036854775807, 0, 9223372036750805807
0, 10398, 0, 9223372036854775807, 0, 9223372036750795807
0, 10399, 0, 9223372036854775807, 0, 9223372036750785807
0, 104, 0, 9223372036854775807, 0, 9223372036853735807
0, 1040, 0, 9223372036854775807, 0, 9223372036844375807
0, 10400, 0, 9223372036854775807, 0, 9223372036750775807
0, 10401, 0, 9223372036854775807, 0, 9223372036750765807
0, 10402, 0, 9223372036854775807, 0, 9223372036750755807
0, 10403, 0, 9223372036854775807, 0, 9223372036750745807
0, 10404, 0, 9223372036854775807, 0, 9223372036750735807
0, 10405, 0, 9223372036854775807, 0, 9223372036750725807
0, 10406, 0, 9223372036854775807, 0, 9223372036750715807
0, 10407, 0, 9223372036854775807, 0, 9223372036750705807
0, 10408, 0, 9223372036854775807, 0, 9223372036750695807
0, 10409, 0, 9223372036854775807, 0, 9223372036750685807
0, 1041, 0, 9223372036854775807, 0, 9223372036844365807
0, 10410, 0, 9223372036854775807, 0, 9223372036750675807
0, 10411, 0, 9223372036854775807, 0, 9223372036750665807
0, 10412, 0, 9223372036854775807, 0, 9223372036750655807
0, 10413, 0, 9223372036854775807, 0, 9223372036750645807
0, 10414, 0, 9223372036854775807, 0, 9223372036750635807
0, 10415, 0, 9223372036854775807, 0, 9223372036750625807
0, 10416, 0, 9223372036854775807, 0, 9223372036750615807
0, 10417, 0, 9223372036854775807, 0, 9223372036750605807
0, 10418, 0, 9223372036854775807, 0, 9223372036750595807
0, 10419, 0, 9223372036854775807, 0, 9223372036750585807
0, 1042, 0, 9223372036854775807, 0, 9223372036844355807
0, 10420, 0, 9223372036854775807, 0, 9223372036750575807
0, 10421, 0, 9223372036854775807, 0, 9223372036750565807
0, 10422, 0, 9223372036854775807, 0, 9223372036750555807
0, 10423, 0, 9223372036854775807, 0, 9223372036750545807
0, 10424, 0, 9223372036854775807, 0, 9223372036750535807
0, 10425, 0, 9223372036854775807, 0, 9223372036750525807
0, 10426, 0, 9223372036854775807, 0, 9223372036750515807
0, 10427, 0, 9223372036854775807, 0, 9223372036750505807
0, 10428, 0, 9223372036854775807, 0, 9223372036750495807
0, 10429, 0, 9223372036854775807, 0, 9223372036750485807
0, 1043, 0, 9223372036854775807, 0, 9223372036844345807
0, 10430, 0, 9223372036854775807, 0, 9223372036750475807
0, 10431, 0, 9223372036854775807, 0, 9223372036750465807
0, 10432, 0, 9223372036854775807, 0, 9223372036750455807
0, 10433, 0, 9223372036854775807, 0, 9223372036750445807
0, 10434, 0, 9223372036854775807, 0, 9223372036750435807
0, 10435, 0, 9223372036854775807, 0, 9223372036750425807
0, 10436, 0, 9223372036854775807, 0, 9223372036750415807
0, 10437, 0, 9223372036854775807, 0, 9223372036750405807
0, 10438, 0, 9223372036854775807, 0, 9223372036750395807
0, 10439, 0, 9223372036854775807, 0, 9223372036750385807
0, 1044, 0, 9223372036854775807, 0, 9223372036844335807
0, 10440, 0, 9223372036854775807, 0, 9223372036750375807
0, 10441, 0, 9223372036854775807, 0, 9223372036750365807
0, 10442, 0, 9223372036854775807, 0, 9223372036750355807
0, 10443, 0, 9223372036854775807, 0, 9223372036750345807
0, 10444, 0, 9223372036854775807, 0, 9223372036750335807
0, 10445, 0, 9223372036854775807, 0, 9223372036750325807
0, 10446, 0, 9223372036854775807, 0, 9223372036750315807
0, 10447, 0, 9223372036854775807, 0, 9223372036750305807
0, 10448, 0, 9223372036854775807, 0, 9223372036750295807
0, 10449, 0, 9223372036854775807, 0, 9223372036750285807
0, 1045, 0, 9223372036854775807, 0, 9223372036844325807
0, 10450, 0, 9223372036854775807, 0, 9223372036750275807
0, 10451, 0, 9223372036854775807, 0, 9223372036750265807
0, 10452, 0, 9223372036854775807, 0, 9223372036750255807
0, 10453, 0, 9223372036854775807, 0, 9223372036750245807
0, 10454, 0, 9223372036854775807, 0, 9223372036750235807
0, 10455, 0, 9223372036854775807, 0, 9223372036750225807
0, 10456, 0, 9223372036854775807, 0, 9223372036750215807
0, 10457, 0, 9223372036854775807, 0, 9223372036750205807
0, 10458, 0, 9223372036854775807, 0, 9223372036750195807
0, 10459, 0, 9223372036854775807, 0, 9223372036750185807
0, 1046, 0, 9223372036854775807, 0, 9223372036844315807
0, 10460, 0, 9223372036854775807, 0, 9223372036750175807
0, 10461, 0, 9223372036854775807, 0, 9223372036750165807
0, 10462, 0, 9223372036854775807, 0, 9223372036750155807
0, 10463, 0, 9223372036854775807, 0, 9223372036750145807
0, 10464, 0, 9223372036854775807, 0, 9223372036750135807
0, 10465, 0, 9223372036854775807, 0, 9223372036750125807
0, 10466, 0, 9223372036854775807, 0, 9223372036750115807
0, 10467, 0, 9223372036854775807, 0, 9223372036750105807
0, 10468, 0, 9223372036854775807, 0, 9223372036750095807
0, 10469, 0, 9223372036854775807, 0, 9223372036750085807
0, 1047, 0, 9223372036854775807, 0, 9223372036844305807
0, 10470, 0, 9223372036854775807, 0, 9223372036750075807
0, 10471, 0, 9223372036854775807, 0, 9223372036750065807
0, 10472, 0, 9223372036854775807, 0, 9223372036750055807
0, 10473, 0, 9223372036854775807, 0, 9223372036750045807
0, 10474, 0, 9223372036854775807, 0, 9223372036750035807
0, 10475, 0, 9223372036854775807, 0, 9223372036750025807
0, 10476, 0, 9223372036854775807, 0, 9223372036750015807
0, 10477, 0, 9223372036854775807, 0, 9223372036750005807
0, 10478, 0, 9223372036854775807, 0, 9223372036749995807
0, 10479, 0, 9223372036854775807, 0, 9223372036749985807
0, 1048, 0, 9223372036854775807, 0, 9223372036844295807
0, 10480, 0, 9223372036854775807, 0, 9223372036749975807
0, 10481, 0, 9223372036854775807, 0, 9223372036749965807
0, 10482, 0, 9223372036854775807, 0, 9223372036749955807
0, 10483, 0, 9223372036854775807, 0, 9223372036749945807
0, 10484, 0, 9223372036854775807, 0, 9223372036749935807
0, 10485, 0, 9223372036854775807, 0, 9223372036749925807
0, 10486, 0, 9223372036854775807, 0, 9223372036749915807
0, 10487, 0, 9223372036854775807, 0, 9223372036749905807
0, 10488, 0, 9223372036854775807, 0, 9223372036749895807
0, 10489, 0, 9223372036854775807, 0, 9223372036749885807
0, 1049, 0, 9223372036854775807, 0, 9223372036844285807
0, 10490, 0, 9223372036854775807, 0, 9223372036749875807
0, 10491, 0, 9223372036854775807, 0, 9223372036749865807
0, 10492, 0, 9223372036854775807, 0, 9223372036749855807
0, 10493, 0, 9223372036854775807, 0, 9223372036749845807
0, 10494, 0, 9223372036854775807, 0, 9223372036749835807
0, 10495, 0, 9223372036854775807, 0, 9223372036749825807
0, 10496, 0, 9223372036854775807, 0, 9223372036749815807
0, 10497, 0, 9223372036854775807, 0, 9223372036749805807
0, 10498, 0, 9223372036854775807, 0, 9223372036749795807
0, 10499, 0, 9223372036854775807, 0, 9223372036749785807
0, 105, 0, 9223372036854775807, 0, 9223372036853725807
0, 1050, 0, 9223372036854775807, 0, 9223372036844275807
0, 10500, 0, 9223372036854775807, 0, 9223372036749775807
0, 10501, 0, 9223372036854775807, 0, 9223372036749765807
0, 10502, 0, 9223372036854775807, 0, 9223372036749755807
0, 10503, 0, 9223372036854775807, 0, 9223372036749745807
0, 10504, 0, 9223372036854775807, 0, 9223372036749735807
0, 10505, 0, 9223372036854775807, 0, 9223372036749725807
0, 10506, 0, 9223372036854775807, 0, 9223372036749715807
0, 10507, 0, 9223372036854775807, 0, 9223372036749705807
0, 10508, 0, 9223372036854775807, 0, 9223372036749695807
0, 10509, 0, 9223372036854775807, 0, 9223372036749685807
0, 1051, 0, 9223372036854775807, 0, 9223372036844265807
0, 10510, 0, 9223372036854775807, 0, 9223372036749675807
0, 10511, 0, 9223372036854775807, 0, 9223372036749665807
0, 10512, 0, 9223372036854775807, 0, 9223372036749655807
0, 10513, 0, 9223372036854775807, 0, 9223372036749645807
0, 10514, 0, 9223372036854775807, 0, 9223372036749635807
0, 10515, 0, 9223372036854775807, 0, 9223372036749625807
0, 10516, 0, 9223372036854775807, 0, 9223372036749615807
0, 10517, 0, 9223372036854775807, 0, 9223372036749605807
0, 10518, 0, 9223372036854775807, 0, 9223372036749595807
0, 10519, 0, 9223372036854775807, 0, 9223372036749585807
0, 1052, 0, 9223372036854775807, 0, 9223372036844255807
0, 10520, 0, 9223372036854775807, 0, 9223372036749575807
0, 10521, 0, 9223372036854775807, 0, 9223372036749565807
0, 10522, 0, 9223372036854775807, 0, 9223372036749555807
0, 10523, 0, 9223372036854775807, 0, 9223372036749545807
0, 10524, 0, 9223372036854775807, 0, 9223372036749535807
0, 10525, 0, 9223372036854775807, 0, 9223372036749525807
0, 10526, 0, 9223372036854775807, 0, 9223372036749515807
0, 10527, 0, 9223372036854775807, 0, 9223372036749505807
0, 10528, 0, 9223372036854775807, 0, 9223372036749495807
0, 10529, 0, 9223372036854775807, 0, 9223372036749485807
0, 1053, 0, 9223372036854775807, 0, 9223372036844245807
0, 10530, 0, 9223372036854775807, 0, 9223372036749475807
0, 10531, 0, 9223372036854775807, 0, 9223372036749465807
0, 10532, 0, 9223372036854775807, 0, 9223372036749455807
0, 10533, 0, 9223372036854775807, 0, 9223372036749445807
0, 10534, 0, 9223372036854775807, 0, 9223372036749435807
0, 10535, 0, 9223372036854775807, 0, 9223372036749425807
0, 10536, 0, 9223372036854775807, 0, 9223372036749415807
0, 10537, 0, 9223372036854775807, 0, 9223372036749405807
0, 10538, 0, 9223372036854775807, 0, 9223372036749395807
0, 10539, 0, 9223372036854775807, 0, 9223372036749385807
0, 1054, 0, 9223372036854775807, 0, 9223372036844235807
0, 10540, 0, 9223372036854775807, 0, 9223372036749375807
0, 10541, 0, 9223372036854775807, 0, 9223372036749365807
0, 10542, 0, 9223372036854775807, 0, 9223372036749355807
0, 10543, 0, 9223372036854775807, 0, 9223372036749345807
0, 10544, 0, 9223372036854775807, 0, 9223372036749335807
0, 10545, 0, 9223372036854775807, 0, 9223372036749325807
0, 10546, 0, 9223372036854775807, 0, 9223372036749315807
0, 10547, 0, 9223372036854775807, 0, 9223372036749305807
0, 10548, 0, 9223372036854775807, 0, 9223372036749295807
0, 10549, 0, 9223372036854775807, 0, 9223372036749285807
0, 1055, 0, 9223372036854775807, 0, 9223372036844225807
0, 10550, 0, 9223372036854775807, 0, 9223372036749275807
0, 10551, 0, 9223372036854775807, 0, 9223372036749265807
0, 10552, 0, 9223372036854775807, 0, 9223372036749255807
0, 10553, 0, 9223372036854775807, 0, 9223372036749245807
0, 10554, 0, 9223372036854775807, 0, 9223372036749235807
0, 10555, 0, 9223372036854775807, 0, 9223372036749225807
0, 10556, 0, 9223372036854775807, 0, 9223372036749215807
0, 10557, 0, 9223372036854775807, 0, 9223372036749205807
0, 10558, 0, 9223372036854775807, 0, 9223372036749195807
0, 10559, 0, 9223372036854775807, 0, 9223372036749185807
0, 1056, 0, 9223372036854775807, 0, 9223372036844215807
0, 10560, 0, 9223372036854775807, 0, 9223372036749175807
0, 10561, 0, 9223372036854775807, 0, 9223372036749165807
0, 10562, 0, 9223372036854775807, 0, 9223372036749155807
0, 10563, 0, 9223372036854775807, 0, 9223372036749145807
0, 10564, 0, 9223372036854775807, 0, 9223372036749135807
0, 10565, 0, 9223372036854775807, 0, 9223372036749125807
0, 10566, 0, 9223372036854775807, 0, 9223372036749115807
0, 10567, 0, 9223372036854775807, 0, 9223372036749105807
0, 10568, 0, 9223372036854775807, 0, 9223372036749095807
0, 10569, 0, 9223372036854775807, 0, 9223372036749085807
0, 1057, 0, 9223372036854775807, 0, 9223372036844205807
0, 10570, 0, 9223372036854775807, 0, 9223372036749075807
0, 10571, 0, 9223372036854775807, 0, 9223372036749065807
0, 10572, 0, 9223372036854775807, 0, 9223372036749055807
0, 10573, 0, 9223372036854775807, 0, 9223372036749045807
0, 10574, 0, 9223372036854775807, 0, 9223372036749035807
0, 10575, 0, 9223372036854775807, 0, 9223372036749025807
0, 10576, 0, 9223372036854775807, 0, 9223372036749015807
0, 10577, 0, 9223372036854775807, 0, 9223372036749005807
0, 10578, 0, 9223372036854775807, 0, 9223372036748995807
0, 10579, 0, 9223372036854775807, 0, 9223372036748985807
0, 1058, 0, 9223372036854775807, 0, 9223372036844195807
0, 10580, 0, 9223372036854775807, 0, 9223372036748975807
0, 10581, 0, 9223372036854775807, 0, 9223372036748965807
0, 10582, 0, 9223372036854775807, 0, 9223372036748955807
0, 10583, 0, 9223372036854775807, 0, 9223372036748945807
0, 10584, 0, 9223372036854775807, 0, 9223372036748935807
0, 10585, 0, 9223372036854775807, 0, 9223372036748925807
0, 10586, 0, 9223372036854775807, 0, 9223372036748915807
0, 10587, 0, 9223372036854775807, 0, 9223372036748905807
0, 10588, 0, 9223372036854775807, 0, 9223372036748895807
0, 10589, 0, 9223372036854775807, 0, 9223372036748885807
0, 1059, 0, 9223372036854775807, 0, 9223372036844185807
0, 10590, 0, 9223372036854775807, 0, 9223372036748875807
0, 10591, 0, 9223372036854775807, 0, 9223372036748865807
0, 10592, 0, 9223372036854775807, 0, 9223372036748855807
0, 10593, 0, 9223372036854775807, 0, 9223372036748845807
0, 10594, 0, 9223372036854775807, 0, 9223372036748835807
0, 10595, 0, 9223372036854775807, 0, 9223372036748825807
0, 10596, 0, 9223372036854775807, 0, 9223372036748815807
0, 10597, 0, 9223372036854775807, 0, 9223372036748805807
0, 10598, 0, 9223372036854775807, 0, 9223372036748795807
0, 10599, 0, 9223372036854775807, 0, 9223372036748785807
0, 106, 0, 9223372036854775807, 0, 9223372036853715807
0, 1060, 0, 9223372036854775807, 0, 9223372036844175807
0, 10600, 0, 9223372036854775807, 0, 9223372036748775807
0, 10601, 0, 9223372036854775807, 0, 9223372036748765807
0, 10602, 0, 9223372036854775807, 0, 9223372036748755807
0, 10603, 0, 9223372036854775807, 0, 9223372036748745807
0, 10604, 0, 9223372036854775807, 0, 9223372036748735807
0, 10605, 0, 9223372036854775807, 0, 9223372036748725807
0, 10606, 0, 9223372036854775807, 0, 9223372036748715807
0, 10607, 0, 9223372036854775807, 0, 9223372036748705807
0, 10608, 0, 9223372036854775807, 0, 9223372036748695807
0, 10609, 0, 9223372036854775807, 0, 9223372036748685807
0, 1061, 0, 9223372036854775807, 0, 9223372036844165807
0, 10610, 0, 9223372036854775807, 0, 9223372036748675807
0, 10611, 0, 9223372036854775807, 0, 9223372036748665807
0, 10612, 0, 9223372036854775807, 0, 9223372036748655807
0, 10613, 0, 9223372036854775807, 0, 9223372036748645807
0, 10614, 0, 9223372036854775807, 0, 9223372036748635807
0, 10615, 0, 9223372036854775807, 0, 9223372036748625807
0, 10616, 0, 9223372036854775807, 0, 9223372036748615807
0, 10617, 0, 9223372036854775807, 0, 9223372036748605807
0, 10618, 0, 9223372036854775807, 0, 9223372036748595807
0, 10619, 0, 9223372036854775807, 0, 9223372036748585807
0, 1062, 0, 9223372036854775807, 0, 9223372036844155807
0, 10620, 0, 9223372036854775807, 0, 9223372036748575807
0, 10621, 0, 9223372036854775807, 0, 9223372036748565807
0, 10622, 0, 9223372036854775807, 0, 9223372036748555807
0, 10623, 0, 9223372036854775807, 0, 9223372036748545807
0, 10624, 0, 9223372036854775807, 0, 9223372036748535807
0, 10625, 0, 9223372036854775807, 0, 9223372036748525807
0, 10626, 0, 9223372036854775807, 0, 9223372036748515807
0, 10627, 0, 9223372036854775807, 0, 9223372036748505807
0, 10628, 0, 9223372036854775807, 0, 9223372036748495807
0, 10629, 0, 9223372036854775807, 0, 9223372036748485807
0, 1063, 0, 9223372036854775807, 0, 9223372036844145807
0, 10630, 0, 9223372036854775807, 0, 9223372036748475807
0, 10631, 0, 9223372036854775807, 0, 9223372036748465807
0, 10632, 0, 9223372036854775807, 0, 9223372036748455807
0, 10633, 0, 9223372036854775807, 0, 9223372036748445807
0, 10634, 0, 9223372036854775807, 0, 9223372036748435807
0, 10635, 0, 9223372036854775807, 0, 9223372036748425807
0, 10636, 0, 9223372036854775807, 0, 9223372036748415807
0, 10637, 0, 9223372036854775807, 0, 9223372036748405807
0, 10638, 0, 9223372036854775807, 0, 9223372036748395807
0, 10639, 0, 9223372036854775807, 0, 9223372036748385807
0, 1064, 0, 9223372036854775807, 0, 9223372036844135807
0, 10640, 0, 9223372036854775807, 0, 9223372036748375807
0, 10641, 0, 9223372036854775807, 0, 9223372036748365807
0, 10642, 0, 9223372036854775807, 0, 9223372036748355807
0, 10643, 0, 9223372036854775807, 0, 9223372036748345807
0, 10644, 0, 9223372036854775807, 0, 9223372036748335807
0, 10645, 0, 9223372036854775807, 0, 9223372036748325807
0, 10646, 0, 9223372036854775807, 0, 9223372036748315807
0, 10647, 0, 9223372036854775807, 0, 9223372036748305807
0, 10648, 0, 9223372036854775807, 0, 9223372036748295807
0, 10649, 0, 9223372036854775807, 0, 9223372036748285807
0, 1065, 0, 9223372036854775807, 0, 9223372036844125807
0, 10650, 0, 9223372036854775807, 0, 9223372036748275807
0, 10651, 0, 9223372036854775807, 0, 9223372036748265807
0, 10652, 0, 9223372036854775807, 0, 9223372036748255807
0, 10653, 0, 9223372036854775807, 0, 9223372036748245807
0, 10654, 0, 9223372036854775807, 0, 9223372036748235807
0, 10655, 0, 9223372036854775807, 0, 9223372036748225807
0, 10656, 0, 9223372036854775807, 0, 9223372036748215807
0, 10657, 0, 9223372036854775807, 0, 9223372036748205807
0, 10658, 0, 9223372036854775807, 0, 9223372036748195807
0, 10659, 0, 9223372036854775807, 0, 9223372036748185807
0, 1066, 0, 9223372036854775807, 0, 9223372036844115807
0, 10660, 0, 9223372036854775807, 0, 9223372036748175807
0, 10661, 0, 9223372036854775807, 0, 9223372036748165807
0, 10662, 0, 9223372036854775807, 0, 9223372036748155807
0, 10663, 0, 9223372036854775807, 0, 9223372036748145807
0, 10664, 0, 9223372036854775807, 0, 9223372036748135807
0, 10665, 0, 9223372036854775807, 0, 9223372036748125807
0, 10666, 0, 9223372036854775807, 0, 9223372036748115807
0, 10667, 0, 9223372036854775807, 0, 9223372036748105807
0, 10668, 0, 9223372036854775807, 0, 9223372036748095807
0, 10669, 0, 9223372036854775807, 0, 9223372036748085807
0, 1067, 0, 9223372036854775807, 0, 9223372036844105807
0, 10670, 0, 9223372036854775807, 0, 9223372036748075807
0, 10671, 0, 9223372036854775807, 0, 9223372036748065807
0, 10672, 0, 9223372036854775807, 0, 9223372036748055807
0, 10673, 0, 9223372036854775807, 0, 9223372036748045807
0, 10674, 0, 9223372036854775807, 0, 9223372036748035807
0, 10675, 0, 9223372036854775807, 0, 9223372036748025807
0, 10676, 0, 9223372036854775807, 0, 9223372036748015807
0, 10677, 0, 9223372036854775807, 0, 9223372036748005807
0, 10678, 0, 9223372036854775807, 0, 9223372036747995807
0, 10679, 0, 9223372036854775807, 0, 9223372036747985807
0, 1068, 0, 9223372036854775807, 0, 9223372036844095807
0, 10680, 0, 9223372036854775807, 0, 9223372036747975807
0, 10681, 0, 9223372036854775807, 0, 9223372036747965807
0, 10682, 0, 9223372036854775807, 0, 9223372036747955807
0, 10683, 0, 9223372036854775807, 0, 9223372036747945807
0, 10684, 0, 9223372036854775807, 0, 9223372036747935807
0, 10685, 0, 9223372036854775807, 0, 9223372036747925807
0, 10686, 0, 9223372036854775807, 0, 9223372036747915807
0, 10687, 0, 9223372036854775807, 0, 9223372036747905807
0, 10688, 0, 9223372036854775807, 0, 9223372036747895807
0, 10689, 0, 9223372036854775807, 0, 9223372036747885807
0, 1069, 0, 9223372036854775807, 0, 9223372036844085807
0, 10690, 0, 9223372036854775807, 0, 9223372036747875807
0, 10691, 0, 9223372036854775807, 0, 9223372036747865807
0, 10692, 0, 9223372036854775807, 0, 9223372036747855807
0, 10693, 0, 9223372036854775807, 0, 9223372036747845807
0, 10694, 0, 9223372036854775807, 0, 9223372036747835807
0, 10695, 0, 9223372036854775807, 0, 9223372036747825807
0, 10696, 0, 9223372036854775807, 0, 9223372036747815807
0, 10697, 0, 9223372036854775807, 0, 9223372036747805807
0, 10698, 0, 9223372036854775807, 0, 9223372036747795807
0, 10699, 0, 9223372036854775807, 0, 9223372036747785807
0, 107, 0, 9223372036854775807, 0, 9223372036853705807
0, 1070, 0, 9223372036854775807, 0, 9223372036844075807
0, 10700, 0, 9223372036854775807, 0, 9223372036747775807
0, 10701, 0, 9223372036854775807, 0, 9223372036747765807
0, 10702, 0, 9223372036854775807, 0, 9223372036747755807
0, 10703, 0, 9223372036854775807, 0, 9223372036747745807
0, 10704, 0, 9223372036854775807, 0, 9223372036747735807
0, 10705, 0, 9223372036854775807, 0, 9223372036747725807
0, 10706, 0, 9223372036854775807, 0, 9223372036747715807
0, 10707, 0, 9223372036854775807, 0, 9223372036747705807
0, 10708, 0, 9223372036854775807, 0, 9223372036747695807
0, 10709, 0, 9223372036854775807, 0, 9223372036747685807
0, 1071, 0, 9223372036854775807, 0, 9223372036844065807
0, 10710, 0, 9223372036854775807, 0, 9223372036747675807
0, 10711, 0, 9223372036854775807, 0, 9223372036747665807
0, 10712, 0, 9223372036854775807, 0, 9223372036747655807
0, 10713, 0, 9223372036854775807, 0, 9223372036747645807
0, 10714, 0, 9223372036854775807, 0, 9223372036747635807
0, 10715, 0, 9223372036854775807, 0, 9223372036747625807
0, 10716, 0, 9223372036854775807, 0, 9223372036747615807
0, 10717, 0, 9223372036854775807, 0, 9223372036747605807
0, 10718, 0, 9223372036854775807, 0, 9223372036747595807
0, 10719, 0, 9223372036854775807, 0, 9223372036747585807
0, 1072, 0, 9223372036854775807, 0, 9223372036844055807
0, 10720, 0, 9223372036854775807, 0, 9223372036747575807
0, 10721, 0, 9223372036854775807, 0, 9223372036747565807
0, 10722, 0, 9223372036854775807, 0, 9223372036747555807
0, 10723, 0, 9223372036854775807, 0, 9223372036747545807
0, 10724, 0, 9223372036854775807, 0, 9223372036747535807
0, 10725, 0, 9223372036854775807, 0, 9223372036747525807
0, 10726, 0, 9223372036854775807, 0, 9223372036747515807
0, 10727, 0, 9223372036854775807, 0, 9223372036747505807
0, 10728, 0, 9223372036854775807, 0, 9223372036747495807
0, 10729, 0, 9223372036854775807, 0, 9223372036747485807
0, 1073, 0, 9223372036854775807, 0, 9223372036844045807
0, 10730, 0, 9223372036854775807, 0, 9223372036747475807
0, 10731, 0, 9223372036854775807, 0, 9223372036747465807
0, 10732, 0, 9223372036854775807, 0, 9223372036747455807
0, 10733, 0, 9223372036854775807, 0, 9223372036747445807
0, 10734, 0, 9223372036854775807, 0, 9223372036747435807
0, 10735, 0, 9223372036854775807, 0, 9223372036747425807
0, 10736, 0, 9223372036854775807, 0, 9223372036747415807
0, 10737, 0, 9223372036854775807, 0, 9223372036747405807
0, 10738, 0, 9223372036854775807, 0, 9223372036747395807
0, 10739, 0, 9223372036854775807, 0, 9223372036747385807
0, 1074, 0, 9223372036854775807, 0, 9223372036844035807
0, 10740, 0, 9223372036854775807, 0, 9223372036747375807
0, 10741, 0, 9223372036854775807, 0, 9223372036747365807
0, 10742, 0, 9223372036854775807, 0, 9223372036747355807
0, 10743, 0, 9223372036854775807, 0, 9223372036747345807
0, 10744, 0, 9223372036854775807, 0, 9223372036747335807
0, 10745, 0, 9223372036854775807, 0, 9223372036747325807
0, 10746, 0, 9223372036854775807, 0, 9223372036747315807
0, 10747, 0, 9223372036854775807, 0, 9223372036747305807
0, 10748, 0, 9223372036854775807, 0, 9223372036747295807
0, 10749, 0, 9223372036854775807, 0, 9223372036747285807
0, 1075, 0, 9223372036854775807, 0, 9223372036844025807
0, 10750, 0, 9223372036854775807, 0, 9223372036747275807
0, 10751, 0, 9223372036854775807, 0, 9223372036747265807
0, 10752, 0, 9223372036854775807, 0, 9223372036747255807
0, 10753, 0, 9223372036854775807, 0, 9223372036747245807
0, 10754, 0, 9223372036854775807, 0, 9223372036747235807
0, 10755, 0, 9223372036854775807, 0, 9223372036747225807
0, 10756, 0, 9223372036854775807, 0, 9223372036747215807
0, 10757, 0, 9223372036854775807, 0, 9223372036747205807
0, 10758, 0, 9223372036854775807, 0, 9223372036747195807
0, 10759, 0, 9223372036854775807, 0, 9223372036747185807
0, 1076, 0, 9223372036854775807, 0, 9223372036844015807
0, 10760, 0, 9223372036854775807, 0, 9223372036747175807
0, 10761, 0, 9223372036854775807, 0, 9223372036747165807
0, 10762, 0, 9223372036854775807, 0, 9223372036747155807
0, 10763, 0, 9223372036854775807, 0, 9223372036747145807
0, 10764, 0, 9223372036854775807, 0, 9223372036747135807
0, 10765, 0, 9223372036854775807, 0, 9223372036747125807
0, 10766, 0, 9223372036854775807, 0, 9223372036747115807
0, 10767, 0, 9223372036854775807, 0, 9223372036747105807
0, 10768, 0, 9223372036854775807, 0, 9223372036747095807
0, 10769, 0, 9223372036854775807, 0, 9223372036747085807
0, 1077, 0, 9223372036854775807, 0, 9223372036844005807
0, 10770, 0, 9223372036854775807, 0, 9223372036747075807
0, 10771, 0, 9223372036854775807, 0, 9223372036747065807
0, 10772, 0, 9223372036854775807, 0, 9223372036747055807
0, 10773, 0, 9223372036854775807, 0, 9223372036747045807
0, 10774, 0, 9223372036854775807, 0, 9223372036747035807
0, 10775, 0, 9223372036854775807, 0, 9223372036747025807
0, 10776, 0, 9223372036854775807, 0, 9223372036747015807
0, 10777, 0, 9223372036854775807, 0, 9223372036747005807
0, 10778, 0, 9223372036854775807, 0, 9223372036746995807
0, 10779, 0, 9223372036854775807, 0, 9223372036746985807
0, 1078, 0, 9223372036854775807, 0, 9223372036843995807
0, 10780, 0, 9223372036854775807, 0, 9223372036746975807
0, 10781, 0, 9223372036854775807, 0, 9223372036746965807
0, 10782, 0, 9223372036854775807, 0, 9223372036746955807
0, 10783, 0, 9223372036854775807, 0, 9223372036746945807
0, 10784, 0, 9223372036854775807, 0, 9223372036746935807
0, 10785, 0, 9223372036854775807, 0, 9223372036746925807
0, 10786, 0, 9223372036854775807, 0, 9223372036746915807
0, 10787, 0, 9223372036854775807, 0, 9223372036746905807
0, 10788, 0, 9223372036854775807, 0, 9223372036746895807
0, 10789, 0, 9223372036854775807, 0, 9223372036746885807
0, 1079, 0, 9223372036854775807, 0, 9223372036843985807
0, 10790, 0, 9223372036854775807, 0, 9223372036746875807
0, 10791, 0, 9223372036854775807, 0, 9223372036746865807
0, 10792, 0, 9223372036854775807, 0, 9223372036746855807
0, 10793, 0, 9223372036854775807, 0, 9223372036746845807
0, 10794, 0, 9223372036854775807, 0, 9223372036746835807
0, 10795, 0, 9223372036854775807, 0, 9223372036746825807
0, 10796, 0, 9223372036854775807, 0, 9223372036746815807
0, 10797, 0, 9223372036854775807, 0, 9223372036746805807
0, 10798, 0, 9223372036854775807, 0, 9223372036746795807
0, 10799, 0, 9223372036854775807, 0, 9223372036746785807
0, 108, 0, 9223372036854775807, 0, 9223372036853695807
0, 1080, 0, 9223372036854775807, 0, 9223372036843975807
0, 10800, 0, 9223372036854775807, 0, 9223372036746775807
0, 10801, 0, 9223372036854775807, 0, 9223372036746765807
0, 10802, 0, 9223372036854775807, 0, 9223372036746755807
0, 10803, 0, 9223372036854775807, 0, 9223372036746745807
0, 10804, 0, 9223372036854775807, 0, 9223372036746735807
0, 10805, 0, 9223372036854775807, 0, 9223372036746725807
0, 10806, 0, 9223372036854775807, 0, 9223372036746715807
0, 10807, 0, 9223372036854775807, 0, 9223372036746705807
0, 10808, 0, 9223372036854775807, 0, 9223372036746695807
0, 10809, 0, 9223372036854775807, 0, 9223372036746685807
0, 1081, 0, 9223372036854775807, 0, 9223372036843965807
0, 10810, 0, 9223372036854775807, 0, 9223372036746675807
0, 10811, 0, 9223372036854775807, 0, 9223372036746665807
0, 10812, 0, 9223372036854775807, 0, 9223372036746655807
0, 10813, 0, 9223372036854775807, 0, 9223372036746645807
0, 10814, 0, 9223372036854775807, 0, 9223372036746635807
0, 10815, 0, 9223372036854775807, 0, 9223372036746625807
0, 10816, 0, 9223372036854775807, 0, 9223372036746615807
0, 10817, 0, 9223372036854775807, 0, 9223372036746605807
0, 10818, 0, 9223372036854775807, 0, 9223372036746595807
0, 10819, 0, 9223372036854775807, 0, 9223372036746585807
0, 1082, 0, 9223372036854775807, 0, 9223372036843955807
0, 10820, 0, 9223372036854775807, 0, 9223372036746575807
0, 10821, 0, 9223372036854775807, 0, 9223372036746565807
0, 10822, 0, 9223372036854775807, 0, 9223372036746555807
0, 10823, 0, 9223372036854775807, 0, 9223372036746545807
0, 10824, 0, 9223372036854775807, 0, 9223372036746535807
0, 10825, 0, 9223372036854775807, 0, 9223372036746525807
0, 10826, 0, 9223372036854775807, 0, 9223372036746515807
0, 10827, 0, 9223372036854775807, 0, 9223372036746505807
0, 10828, 0, 9223372036854775807, 0, 9223372036746495807
0, 10829, 0, 9223372036854775807, 0, 9223372036746485807
0, 1083, 0, 9223372036854775807, 0, 9223372036843945807
0, 10830, 0, 9223372036854775807, 0, 9223372036746475807
0, 10831, 0, 9223372036854775807, 0, 9223372036746465807
0, 10832, 0, 9223372036854775807, 0, 9223372036746455807
0, 10833, 0, 9223372036854775807, 0, 9223372036746445807
0, 10834, 0, 9223372036854775807, 0, 9223372036746435807
0, 10835, 0, 9223372036854775807, 0, 9223372036746425807
0, 10836, 0, 9223372036854775807, 0, 9223372036746415807
0, 10837, 0, 9223372036854775807, 0, 9223372036746405807
0, 10838, 0, 9223372036854775807, 0, 9223372036746395807
0, 10839, 0, 9223372036854775807, 0, 9223372036746385807
0, 1084, 0, 9223372036854775807, 0, 9223372036843935807
0, 10840, 0, 9223372036854775807, 0, 9223372036746375807
0, 10841, 0, 9223372036854775807, 0, 9223372036746365807
0, 10842, 0, 9223372036854775807, 0, 9223372036746355807
0, 10843, 0, 9223372036854775807, 0, 9223372036746345807
0, 10844, 0, 9223372036854775807, 0, 9223372036746335807
0, 10845, 0, 9223372036854775807, 0, 9223372036746325807
0, 10846, 0, 9223372036854775807, 0, 9223372036746315807
0, 10847, 0, 9223372036854775807, 0, 9223372036746305807
0, 10848, 0, 9223372036854775807, 0, 9223372036746295807
0, 10849, 0, 9223372036854775807, 0, 9223372036746285807
0, 1085, 0, 9223372036854775807, 0, 9223372036843925807
0, 10850, 0, 9223372036854775807, 0, 9223372036746275807
0, 10851, 0, 9223372036854775807, 0, 9223372036746265807
0, 10852, 0, 9223372036854775807, 0, 9223372036746255807
0, 10853, 0, 9223372036854775807, 0, 9223372036746245807
0, 10854, 0, 9223372036854775807, 0, 9223372036746235807
0, 10855, 0, 9223372036854775807, 0, 9223372036746225807
0, 10856, 0, 9223372036854775807, 0, 9223372036746215807
0, 10857, 0, 9223372036854775807, 0, 9223372036746205807
0, 10858, 0, 9223372036854775807, 0, 9223372036746195807
0, 10859, 0, 9223372036854775807, 0, 9223372036746185807
0, 1086, 0, 9223372036854775807, 0, 9223372036843915807
0, 10860, 0, 9223372036854775807, 0, 9223372036746175807
0, 10861, 0, 9223372036854775807, 0, 9223372036746165807
0, 10862, 0, 9223372036854775807, 0, 9223372036746155807
0, 10863, 0, 9223372036854775807, 0, 9223372036746145807
0, 10864, 0, 9223372036854775807, 0, 9223372036746135807
0, 10865, 0, 9223372036854775807, 0, 9223372036746125807
0, 10866, 0, 9223372036854775807, 0, 9223372036746115807
0, 10867, 0, 9223372036854775807, 0, 9223372036746105807
0, 10868, 0, 9223372036854775807, 0, 9223372036746095807
0, 10869, 0, 9223372036854775807, 0, 9223372036746085807
0, 1087, 0, 9223372036854775807, 0, 9223372036843905807
0, 10870, 0, 9223372036854775807, 0, 9223372036746075807
0, 10871, 0, 9223372036854775807, 0, 9223372036746065807
0, 10872, 0, 9223372036854775807, 0, 9223372036746055807
0, 10873, 0, 9223372036854775807, 0, 9223372036746045807
0, 10874, 0, 9223372036854775807, 0, 9223372036746035807
0, 10875, 0, 9223372036854775807, 0, 9223372036746025807
0, 10876, 0, 9223372036854775807, 0, 9223372036746015807
0, 10877, 0, 9223372036854775807, 0, 9223372036746005807
0, 10878, 0, 9223372036854775807, 0, 9223372036745995807
0, 10879, 0, 9223372036854775807, 0, 9223372036745985807
0, 1088, 0, 9223372036854775807, 0, 9223372036843895807
0, 10880, 0, 9223372036854775807, 0, 9223372036745975807
0, 10881, 0, 9223372036854775807, 0, 9223372036745965807
0, 10882, 0, 9223372036854775807, 0, 9223372036745955807
0, 10883, 0, 9223372036854775807, 0, 9223372036745945807
0, 10884, 0, 9223372036854775807, 0, 9223372036745935807
0, 10885, 0, 9223372036854775807, 0, 9223372036745925807
0, 10886, 0, 9223372036854775807, 0, 9223372036745915807
0, 10887, 0, 9223372036854775807, 0, 9223372036745905807
0, 10888, 0, 9223372036854775807, 0, 9223372036745895807
0, 10889, 0, 9223372036854775807, 0, 9223372036745885807
0, 1089, 0, 9223372036854775807, 0, 9223372036843885807
0, 10890, 0, 9223372036854775807, 0, 9223372036745875807
0, 10891, 0, 9223372036854775807, 0, 9223372036745865807
0, 10892, 0, 9223372036854775807, 0, 9223372036745855807
0, 10893, 0, 9223372036854775807, 0, 9223372036745845807
0, 10894, 0, 9223372036854775807, 0, 9223372036745835807
0, 10895, 0, 9223372036854775807, 0, 9223372036745825807
0, 10896, 0, 9223372036854775807, 0, 9223372036745815807
0, 10897, 0, 9223372036854775807, 0, 9223372036745805807
0, 10898, 0, 9223372036854775807, 0, 9223372036745795807
0, 10899, 0, 9223372036854775807, 0, 9223372036745785807
0, 109, 0, 9223372036854775807, 0, 9223372036853685807
0, 1090, 0, 9223372036854775807, 0, 9223372036843875807
0, 10900, 0, 9223372036854775807, 0, 9223372036745775807
0, 10901, 0, 9223372036854775807, 0, 9223372036745765807
0, 10902, 0, 9223372036854775807, 0, 9223372036745755807
0, 10903, 0, 9223372036854775807, 0, 9223372036745745807
0, 10904, 0, 9223372036854775807, 0, 9223372036745735807
0, 10905, 0, 9223372036854775807, 0, 9223372036745725807
0, 10906, 0, 9223372036854775807, 0, 9223372036745715807
0, 10907, 0, 9223372036854775807, 0, 9223372036745705807
0, 10908, 0, 9223372036854775807, 0, 9223372036745695807
0, 10909, 0, 9223372036854775807, 0, 9223372036745685807
0, 1091, 0, 9223372036854775807, 0, 9223372036843865807
0, 10910, 0, 9223372036854775807, 0, 9223372036745675807
0, 10911, 0, 9223372036854775807, 0, 9223372036745665807
0, 10912, 0, 9223372036854775807, 0, 9223372036745655807
0, 10913, 0, 9223372036854775807, 0, 9223372036745645807
0, 10914, 0, 9223372036854775807, 0, 9223372036745635807
0, 10915, 0, 9223372036854775807, 0, 9223372036745625807
0, 10916, 0, 9223372036854775807, 0, 9223372036745615807
0, 10917, 0, 9223372036854775807, 0, 9223372036745605807
0, 10918, 0, 9223372036854775807, 0, 9223372036745595807
0, 10919, 0, 9223372036854775807, 0, 9223372036745585807
0, 1092, 0, 9223372036854775807, 0, 9223372036843855807
0, 10920, 0, 9223372036854775807, 0, 9223372036745575807
0, 10921, 0, 9223372036854775807, 0, 9223372036745565807
0, 10922, 0, 9223372036854775807, 0, 9223372036745555807
0, 10923, 0, 9223372036854775807, 0, 9223372036745545807
0, 10924, 0, 9223372036854775807, 0, 9223372036745535807
0, 10925, 0, 9223372036854775807, 0, 9223372036745525807
0, 10926, 0, 9223372036854775807, 0, 9223372036745515807
0, 10927, 0, 9223372036854775807, 0, 9223372036745505807
0, 10928, 0, 9223372036854775807, 0, 9223372036745495807
0, 10929, 0, 9223372036854775807, 0, 9223372036745485807
0, 1093, 0, 9223372036854775807, 0, 9223372036843845807
0, 10930, 0, 9223372036854775807, 0, 9223372036745475807
0, 10931, 0, 9223372036854775807, 0, 9223372036745465807
0, 10932, 0, 9223372036854775807, 0, 9223372036745455807
0, 10933, 0, 9223372036854775807, 0, 9223372036745445807
0, 10934, 0, 9223372036854775807, 0, 9223372036745435807
0, 10935, 0, 9223372036854775807, 0, 9223372036745425807
0, 10936, 0, 9223372036854775807, 0, 9223372036745415807
0, 10937, 0, 9223372036854775807, 0, 9223372036745405807
0, 10938, 0, 9223372036854775807, 0, 9223372036745395807
0, 10939, 0, 9223372036854775807, 0, 9223372036745385807
0, 1094, 0, 9223372036854775807, 0, 9223372036843835807
0, 10940, 0, 9223372036854775807, 0, 9223372036745375807
0, 10941, 0, 9223372036854775807, 0, 9223372036745365807
0, 10942, 0, 9223372036854775807, 0, 9223372036745355807
0, 10943, 0, 9223372036854775807, 0, 9223372036745345807
0, 10944, 0, 9223372036854775807, 0, 9223372036745335807
0, 10945, 0, 9223372036854775807, 0, 9223372036745325807
0, 10946, 0, 9223372036854775807, 0, 9223372036745315807
0, 10947, 0, 9223372036854775807, 0, 9223372036745305807
0, 10948, 0, 9223372036854775807, 0, 9223372036745295807
0, 10949, 0, 9223372036854775807, 0, 9223372036745285807
0, 1095, 0, 9223372036854775807, 0, 9223372036843825807
0, 10950, 0, 9223372036854775807, 0, 9223372036745275807
0, 10951, 0, 9223372036854775807, 0, 9223372036745265807
0, 10952, 0, 9223372036854775807, 0, 9223372036745255807
0, 10953, 0, 9223372036854775807, 0, 9223372036745245807
0, 10954, 0, 9223372036854775807, 0, 9223372036745235807
0, 10955, 0, 9223372036854775807, 0, 9223372036745225807
0, 10956, 0, 9223372036854775807, 0, 9223372036745215807
0, 10957, 0, 9223372036854775807, 0, 9223372036745205807
0, 10958, 0, 9223372036854775807, 0, 9223372036745195807
0, 10959, 0, 9223372036854775807, 0, 9223372036745185807
0, 1096, 0, 9223372036854775807, 0, 9223372036843815807
0, 10960, 0, 9223372036854775807, 0, 9223372036745175807
0, 10961, 0, 9223372036854775807, 0, 9223372036745165807
0, 10962, 0, 9223372036854775807, 0, 9223372036745155807
0, 10963, 0, 9223372036854775807, 0, 9223372036745145807
0, 10964, 0, 9223372036854775807, 0, 9223372036745135807
0, 10965, 0, 9223372036854775807, 0, 9223372036745125807
0, 10966, 0, 9223372036854775807, 0, 9223372036745115807
0, 10967, 0, 9223372036854775807, 0, 9223372036745105807
0, 10968, 0, 9223372036854775807, 0, 9223372036745095807
0, 10969, 0, 9223372036854775807, 0, 9223372036745085807
0, 1097, 0, 9223372036854775807, 0, 9223372036843805807
0, 10970, 0, 9223372036854775807, 0, 9223372036745075807
0, 10971, 0, 9223372036854775807, 0, 9223372036745065807
0, 10972, 0, 9223372036854775807, 0, 9223372036745055807
0, 10973, 0, 9223372036854775807, 0, 9223372036745045807
0, 10974, 0, 9223372036854775807, 0, 9223372036745035807
0, 10975, 0, 9223372036854775807, 0, 9223372036745025807
0, 10976, 0, 9223372036854775807, 0, 9223372036745015807
0, 10977, 0, 9223372036854775807, 0, 9223372036745005807
0, 10978, 0, 9223372036854775807, 0, 9223372036744995807
0, 10979, 0, 9223372036854775807, 0, 9223372036744985807
0, 1098, 0, 9223372036854775807, 0, 9223372036843795807
0, 10980, 0, 9223372036854775807, 0, 9223372036744975807
0, 10981, 0, 9223372036854775807, 0, 9223372036744965807
0, 10982, 0, 9223372036854775807, 0, 9223372036744955807
0, 10983, 0, 9223372036854775807, 0, 9223372036744945807
0, 10984, 0, 9223372036854775807, 0, 9223372036744935807
0, 10985, 0, 9223372036854775807, 0, 9223372036744925807
0, 10986, 0, 9223372036854775807, 0, 9223372036744915807
0, 10987, 0, 9223372036854775807, 0, 9223372036744905807
0, 10988, 0, 9223372036854775807, 0, 9223372036744895807
0, 10989, 0, 9223372036854775807, 0, 9223372036744885807
0, 1099, 0, 9223372036854775807, 0, 9223372036843785807
0, 10990, 0, 9223372036854775807, 0, 9223372036744875807
0, 10991, 0, 9223372036854775807, 0, 9223372036744865807
0, 10992, 0, 9223372036854775807, 0, 9223372036744855807
0, 10993, 0, 9223372036854775807, 0, 9223372036744845807
0, 10994, 0, 9223372036854775807, 0, 9223372036744835807
0, 10995, 0, 9223372036854775807, 0, 9223372036744825807
0, 10996, 0, 9223372036854775807, 0, 9223372036744815807
0, 10997, 0, 9223372036854775807, 0, 9223372036744805807
0, 10998, 0, 9223372036854775807, 0, 9223372036744795807
0, 10999, 0, 9223372036854775807, 0, 9223372036744785807
0, 11, 0, 9223372036854775807, 0, 9223372036854665807
0, 110, 0, 9223372036854775807, 0, 9223372036853675807
0, 1100, 0, 9223372036854775807, 0, 9223372036843775807
0, 11000, 0, 9223372036854775807, 0, 9223372036744775807
0, 11001, 0, 9223372036854775807, 0, 9223372036744765807
0, 11002, 0, 9223372036854775807, 0, 9223372036744755807
0, 11003, 0, 9223372036854775807, 0, 9223372036744745807
0, 11004, 0, 9223372036854775807, 0, 9223372036744735807
0, 11005, 0, 9223372036854775807, 0, 9223372036744725807
0, 11006, 0, 9223372036854775807, 0, 9223372036744715807
0, 11007, 0, 9223372036854775807, 0, 9223372036744705807
0, 11008, 0, 9223372036854775807, 0, 9223372036744695807
0, 11009, 0, 9223372036854775807, 0, 9223372036744685807
0, 1101, 0, 9223372036854775807, 0, 9223372036843765807
0, 11010, 0, 9223372036854775807, 0, 9223372036744675807
0, 11011, 0, 9223372036854775807, 0, 9223372036744665807
0, 11012, 0, 9223372036854775807, 0, 9223372036744655807
0, 11013, 0, 9223372036854775807, 0, 9223372036744645807
0, 11014, 0, 9223372036854775807, 0, 9223372036744635807
0, 11015, 0, 9223372036854775807, 0, 9223372036744625807
0, 11016, 0, 9223372036854775807, 0, 9223372036744615807
0, 11017, 0, 9223372036854775807, 0, 9223372036744605807
0, 11018, 0, 9223372036854775807, 0, 9223372036744595807
0, 11019, 0, 9223372036854775807, 0, 9223372036744585807
0, 1102, 0, 9223372036854775807, 0, 9223372036843755807
0, 11020, 0, 9223372036854775807, 0, 9223372036744575807
0, 11021, 0, 9223372036854775807, 0, 9223372036744565807
0, 11022, 0, 9223372036854775807, 0, 9223372036744555807
0, 11023, 0, 9223372036854775807, 0, 9223372036744545807
0, 11024, 0, 9223372036854775807, 0, 9223372036744535807
0, 11025, 0, 9223372036854775807, 0, 9223372036744525807
0, 11026, 0, 9223372036854775807, 0, 9223372036744515807
0, 11027, 0, 9223372036854775807, 0, 9223372036744505807
0, 11028, 0, 9223372036854775807, 0, 9223372036744495807
0, 11029, 0, 9223372036854775807, 0, 9223372036744485807
0, 1103, 0, 9223372036854775807, 0, 9223372036843745807
0, 11030, 0, 9223372036854775807, 0, 9223372036744475807
0, 11031, 0, 9223372036854775807, 0, 9223372036744465807
0, 11032, 0, 9223372036854775807, 0, 9223372036744455807
0, 11033, 0, 9223372036854775807, 0, 9223372036744445807
0, 11034, 0, 9223372036854775807, 0, 9223372036744435807
0, 11035, 0, 9223372036854775807, 0, 9223372036744425807
0, 11036, 0, 9223372036854775807, 0, 9223372036744415807
0, 11037, 0, 9223372036854775807, 0, 9223372036744405807
0, 11038, 0, 9223372036854775807, 0, 9223372036744395807
0, 11039, 0, 9223372036854775807, 0, 9223372036744385807
0, 1104, 0, 9223372036854775807, 0, 9223372036843735807
0, 11040, 0, 9223372036854775807, 0, 9223372036744375807
0, 11041, 0, 9223372036854775807, 0, 9223372036744365807
0, 11042, 0, 9223372036854775807, 0, 9223372036744355807
0, 11043, 0, 9223372036854775807, 0, 9223372036744345807
0, 11044, 0, 9223372036854775807, 0, 9223372036744335807
0, 11045, 0, 9223372036854775807, 0, 9223372036744325807
0, 11046, 0, 9223372036854775807, 0, 9223372036744315807
0, 11047, 0, 9223372036854775807, 0, 9223372036744305807
0, 11048, 0, 9223372036854775807, 0, 9223372036744295807
0, 11049, 0, 9223372036854775807, 0, 9223372036744285807
0, 1105, 0, 9223372036854775807, 0, 9223372036843725807
0, 11050, 0, 9223372036854775807, 0, 9223372036744275807
0, 11051, 0, 9223372036854775807, 0, 9223372036744265807
0, 11052, 0, 9223372036854775807, 0, 9223372036744255807
0, 11053, 0, 9223372036854775807, 0, 9223372036744245807
0, 11054, 0, 9223372036854775807, 0, 9223372036744235807
0, 11055, 0, 9223372036854775807, 0, 9223372036744225807
0, 11056, 0, 9223372036854775807, 0, 9223372036744215807
0, 11057, 0, 9223372036854775807, 0, 9223372036744205807
0, 11058, 0, 9223372036854775807, 0, 9223372036744195807
0, 11059, 0, 9223372036854775807, 0, 9223372036744185807
0, 1106, 0, 9223372036854775807, 0, 9223372036843715807
0, 11060, 0, 9223372036854775807, 0, 9223372036744175807
0, 11061, 0, 9223372036854775807, 0, 9223372036744165807
0, 11062, 0, 9223372036854775807, 0, 9223372036744155807
0, 11063, 0, 9223372036854775807, 0, 9223372036744145807
0, 11064, 0, 9223372036854775807, 0, 9223372036744135807
0, 11065, 0, 9223372036854775807, 0, 9223372036744125807
0, 11066, 0, 9223372036854775807, 0, 9223372036744115807
0, 11067, 0, 9223372036854775807, 0, 9223372036744105807
0, 11068, 0, 9223372036854775807, 0, 9223372036744095807
0, 11069, 0, 9223372036854775807, 0, 9223372036744085807
0, 1107, 0, 9223372036854775807, 0, 9223372036843705807
0, 11070, 0, 9223372036854775807, 0, 9223372036744075807
0, 11071, 0, 9223372036854775807, 0, 9223372036744065807
0, 11072, 0, 9223372036854775807, 0, 9223372036744055807
0, 11073, 0, 9223372036854775807, 0, 9223372036744045807
0, 11074, 0, 9223372036854775807, 0, 9223372036744035807
0, 11075, 0, 9223372036854775807, 0, 9223372036744025807
0, 11076, 0, 9223372036854775807, 0, 9223372036744015807
0, 11077, 0, 9223372036854775807, 0, 9223372036744005807
0, 11078, 0, 9223372036854775807, 0, 9223372036743995807
0, 11079, 0, 9223372036854775807, 0, 9223372036743985807
0, 1108, 0, 9223372036854775807, 0, 9223372036843695807
0, 11080, 0, 9223372036854775807, 0, 9223372036743975807
0, 11081, 0, 9223372036854775807, 0, 9223372036743965807
0, 11082, 0, 9223372036854775807, 0, 9223372036743955807
0, 11083, 0, 9223372036854775807, 0, 9223372036743945807
0, 11084, 0, 9223372036854775807, 0, 9223372036743935807
0, 11085, 0, 9223372036854775807, 0, 9223372036743925807
0, 11086, 0, 9223372036854775807, 0, 9223372036743915807
0, 11087, 0, 9223372036854775807, 0, 9223372036743905807
0, 11088, 0, 9223372036854775807, 0, 9223372036743895807
0, 11089, 0, 9223372036854775807, 0, 9223372036743885807
0, 1109, 0, 9223372036854775807, 0, 9223372036843685807
0, 11090, 0, 9223372036854775807, 0, 9223372036743875807
0, 11091, 0, 9223372036854775807, 0, 9223372036743865807
0, 11092, 0, 9223372036854775807, 0, 9223372036743855807
0, 11093, 0, 9223372036854775807, 0, 9223372036743845807
0, 11094, 0, 9223372036854775807, 0, 9223372036743835807
0, 11095, 0, 9223372036854775807, 0, 9223372036743825807
0, 11096, 0, 9223372036854775807, 0, 9223372036743815807
0, 11097, 0, 9223372036854775807, 0, 9223372036743805807
0, 11098, 0, 9223372036854775807, 0, 9223372036743795807
0, 11099, 0, 9223372036854775807, 0, 9223372036743785807
0, 111, 0, 9223372036854775807, 0, 9223372036853665807
0, 1110, 0, 9223372036854775807, 0, 9223372036843675807
0, 11100, 0, 9223372036854775807, 0, 9223372036743775807
0, 11101, 0, 9223372036854775807, 0, 9223372036743765807
0, 11102, 0, 9223372036854775807, 0, 9223372036743755807
0, 11103, 0, 9223372036854775807, 0, 9223372036743745807
0, 11104, 0, 9223372036854775807, 0, 9223372036743735807
0, 11105, 0, 9223372036854775807, 0, 9223372036743725807
0, 11106, 0, 9223372036854775807, 0, 9223372036743715807
0, 11107, 0, 9223372036854775807, 0, 9223372036743705807
0, 11108, 0, 9223372036854775807, 0, 9223372036743695807
0, 11109, 0, 9223372036854775807, 0, 9223372036743685807
0, 1111, 0, 9223372036854775807, 0, 9223372036843665807
0, 11110, 0, 9223372036854775807, 0, 9223372036743675807
0, 11111, 0, 9223372036854775807, 0, 9223372036743665807
0, 11112, 0, 9223372036854775807, 0, 9223372036743655807
0, 11113, 0, 9223372036854775807, 0, 9223372036743645807
0, 11114, 0, 9223372036854775807, 0, 9223372036743635807
0, 11115, 0, 9223372036854775807, 0, 9223372036743625807
0, 11116, 0, 9223372036854775807, 0, 9223372036743615807
0, 11117, 0, 9223372036854775807, 0, 9223372036743605807
0, 11118, 0, 9223372036854775807, 0, 9223372036743595807
0, 11119, 0, 9223372036854775807, 0, 9223372036743585807
0, 1112, 0, 9223372036854775807, 0, 9223372036843655807
0, 11120, 0, 9223372036854775807, 0, 9223372036743575807
0, 11121, 0, 9223372036854775807, 0, 9223372036743565807
0, 11122, 0, 9223372036854775807, 0, 9223372036743555807
0, 11123, 0, 9223372036854775807, 0, 9223372036743545807
0, 11124, 0, 9223372036854775807, 0, 9223372036743535807
0, 11125, 0, 9223372036854775807, 0, 9223372036743525807
0, 11126, 0, 9223372036854775807, 0, 9223372036743515807
0, 11127, 0, 9223372036854775807, 0, 9223372036743505807
0, 11128, 0, 9223372036854775807, 0, 9223372036743495807
0, 11129, 0, 9223372036854775807, 0, 9223372036743485807
0, 1113, 0, 9223372036854775807, 0, 9223372036843645807
0, 11130, 0, 9223372036854775807, 0, 9223372036743475807
0, 11131, 0, 9223372036854775807, 0, 9223372036743465807
0, 11132, 0, 9223372036854775807, 0, 9223372036743455807
0, 11133, 0, 9223372036854775807, 0, 9223372036743445807
0, 11134, 0, 9223372036854775807, 0, 9223372036743435807
0, 11135, 0, 9223372036854775807, 0, 9223372036743425807
0, 11136, 0, 9223372036854775807, 0, 9223372036743415807
0, 11137, 0, 9223372036854775807, 0, 9223372036743405807
0, 11138, 0, 9223372036854775807, 0, 9223372036743395807
0, 11139, 0, 9223372036854775807, 0, 9223372036743385807
0, 1114, 0, 9223372036854775807, 0, 9223372036843635807
0, 11140, 0, 9223372036854775807, 0, 9223372036743375807
0, 11141, 0, 9223372036854775807, 0, 9223372036743365807
0, 11142, 0, 9223372036854775807, 0, 9223372036743355807
0, 11143, 0, 9223372036854775807, 0, 9223372036743345807
0, 11144, 0, 9223372036854775807, 0, 9223372036743335807
0, 11145, 0, 9223372036854775807, 0, 9223372036743325807
0, 11146, 0, 9223372036854775807, 0, 9223372036743315807
0, 11147, 0, 9223372036854775807, 0, 9223372036743305807
0, 11148, 0, 9223372036854775807, 0, 9223372036743295807
0, 11149, 0, 9223372036854775807, 0, 9223372036743285807
0, 1115, 0, 9223372036854775807, 0, 9223372036843625807
0, 11150, 0, 9223372036854775807, 0, 9223372036743275807
0, 11151, 0, 9223372036854775807, 0, 9223372036743265807
0, 11152, 0, 9223372036854775807, 0, 9223372036743255807
0, 11153, 0, 9223372036854775807, 0, 9223372036743245807
0, 11154, 0, 9223372036854775807, 0, 9223372036743235807
0, 11155, 0, 9223372036854775807, 0, 9223372036743225807
0, 11156, 0, 9223372036854775807, 0, 9223372036743215807
0, 11157, 0, 9223372036854775807, 0, 9223372036743205807
0, 11158, 0, 9223372036854775807, 0, 9223372036743195807
0, 11159, 0, 9223372036854775807, 0, 9223372036743185807
0, 1116, 0, 9223372036854775807, 0, 9223372036843615807
0, 11160, 0, 9223372036854775807, 0, 9223372036743175807
0, 11161, 0, 9223372036854775807, 0, 9223372036743165807
0, 11162, 0, 9223372036854775807, 0, 9223372036743155807
0, 11163, 0, 9223372036854775807, 0, 9223372036743145807
0, 11164, 0, 9223372036854775807, 0, 9223372036743135807
0, 11165, 0, 9223372036854775807, 0, 9223372036743125807
0, 11166, 0, 9223372036854775807, 0, 9223372036743115807
0, 11167, 0, 9223372036854775807, 0, 9223372036743105807
0, 11168, 0, 9223372036854775807, 0, 9223372036743095807
0, 11169, 0, 9223372036854775807, 0, 9223372036743085807
0, 1117, 0, 9223372036854775807, 0, 9223372036843605807
0, 11170, 0, 9223372036854775807, 0, 9223372036743075807
0, 11171, 0, 9223372036854775807, 0, 9223372036743065807
0, 11172, 0, 9223372036854775807, 0, 9223372036743055807
0, 11173, 0, 9223372036854775807, 0, 9223372036743045807
0, 11174, 0, 9223372036854775807, 0, 9223372036743035807
0, 11175, 0, 9223372036854775807, 0, 9223372036743025807
0, 11176, 0, 9223372036854775807, 0, 9223372036743015807
0, 11177, 0, 9223372036854775807, 0, 9223372036743005807
0, 11178, 0, 9223372036854775807, 0, 9223372036742995807
0, 11179, 0, 9223372036854775807, 0, 9223372036742985807
0, 1118, 0, 9223372036854775807, 0, 9223372036843595807
0, 11180, 0, 9223372036854775807, 0, 9223372036742975807
0, 11181, 0, 9223372036854775807, 0, 9223372036742965807
0, 11182, 0, 9223372036854775807, 0, 9223372036742955807
0, 11183, 0, 9223372036854775807, 0, 9223372036742945807
0, 11184, 0, 9223372036854775807, 0, 9223372036742935807
0, 11185, 0, 9223372036854775807, 0, 9223372036742925807
0, 11186, 0, 9223372036854775807, 0, 9223372036742915807
0, 11187, 0, 9223372036854775807, 0, 9223372036742905807
0, 11188, 0, 9223372036854775807, 0, 9223372036742895807
0, 11189, 0, 9223372036854775807, 0, 9223372036742885807
0, 1119, 0, 9223372036854775807, 0, 9223372036843585807
0, 11190, 0, 9223372036854775807, 0, 9223372036742875807
0, 11191, 0, 9223372036854775807, 0, 9223372036742865807
0, 11192, 0, 9223372036854775807, 0, 9223372036742855807
0, 11193, 0, 9223372036854775807, 0, 9223372036742845807
0, 11194, 0, 9223372036854775807, 0, 9223372036742835807
0, 11195, 0, 9223372036854775807, 0, 9223372036742825807
0, 11196, 0, 9223372036854775807, 0, 9223372036742815807
0, 11197, 0, 9223372036854775807, 0, 9223372036742805807
0, 11198, 0, 9223372036854775807, 0, 9223372036742795807
0, 11199, 0, 9223372036854775807, 0, 9223372036742785807
0, 112, 0, 9223372036854775807, 0, 9223372036853655807
0, 1120, 0, 9223372036854775807, 0, 9223372036843575807
0, 11200, 0, 9223372036854775807, 0, 9223372036742775807
0, 11201, 0, 9223372036854775807, 0, 9223372036742765807
0, 11202, 0, 9223372036854775807, 0, 9223372036742755807
0, 11203, 0, 9223372036854775807, 0, 9223372036742745807
0, 11204, 0, 9223372036854775807, 0, 9223372036742735807
0, 11205, 0, 9223372036854775807, 0, 9223372036742725807
0, 11206, 0, 9223372036854775807, 0, 9223372036742715807
0, 11207, 0, 9223372036854775807, 0, 9223372036742705807
0, 11208, 0, 9223372036854775807, 0, 9223372036742695807
0, 11209, 0, 9223372036854775807, 0, 9223372036742685807
0, 1121, 0, 9223372036854775807, 0, 9223372036843565807
0, 11210, 0, 9223372036854775807, 0, 9223372036742675807
0, 11211, 0, 9223372036854775807, 0, 9223372036742665807
0, 11212, 0, 9223372036854775807, 0, 9223372036742655807
0, 11213, 0, 9223372036854775807, 0, 9223372036742645807
0, 11214, 0, 9223372036854775807, 0, 9223372036742635807
0, 11215, 0, 9223372036854775807, 0, 9223372036742625807
0, 11216, 0, 9223372036854775807, 0, 9223372036742615807
0, 11217, 0, 9223372036854775807, 0, 9223372036742605807
0, 11218, 0, 9223372036854775807, 0, 9223372036742595807
0, 11219, 0, 9223372036854775807, 0, 9223372036742585807
0, 1122, 0, 9223372036854775807, 0, 9223372036843555807
0, 11220, 0, 9223372036854775807, 0, 9223372036742575807
0, 11221, 0, 9223372036854775807, 0, 9223372036742565807
0, 11222, 0, 9223372036854775807, 0, 9223372036742555807
0, 11223, 0, 9223372036854775807, 0, 9223372036742545807
0, 11224, 0, 9223372036854775807, 0, 9223372036742535807
0, 11225, 0, 9223372036854775807, 0, 9223372036742525807
0, 11226, 0, 9223372036854775807, 0, 9223372036742515807
0, 11227, 0, 9223372036854775807, 0, 9223372036742505807
0, 11228, 0, 9223372036854775807, 0, 9223372036742495807
0, 11229, 0, 9223372036854775807, 0, 9223372036742485807
0, 1123, 0, 9223372036854775807, 0, 9223372036843545807
0, 11230, 0, 9223372036854775807, 0, 9223372036742475807
0, 11231, 0, 9223372036854775807, 0, 9223372036742465807
0, 11232, 0, 9223372036854775807, 0, 9223372036742455807
0, 11233, 0, 9223372036854775807, 0, 9223372036742445807
0, 11234, 0, 9223372036854775807, 0, 9223372036742435807
0, 11235, 0, 9223372036854775807, 0, 9223372036742425807
0, 11236, 0, 9223372036854775807, 0, 9223372036742415807
0, 11237, 0, 9223372036854775807, 0, 9223372036742405807
0, 11238, 0, 9223372036854775807, 0, 9223372036742395807
0, 11239, 0, 9223372036854775807, 0, 9223372036742385807
0, 1124, 0, 9223372036854775807, 0, 9223372036843535807
0, 11240, 0, 9223372036854775807, 0, 9223372036742375807
0, 11241, 0, 9223372036854775807, 0, 9223372036742365807
0, 11242, 0, 9223372036854775807, 0, 9223372036742355807
0, 11243, 0, 9223372036854775807, 0, 9223372036742345807
0, 11244, 0, 9223372036854775807, 0, 9223372036742335807
0, 11245, 0, 9223372036854775807, 0, 9223372036742325807
0, 11246, 0, 9223372036854775807, 0, 9223372036742315807
0, 11247, 0, 9223372036854775807, 0, 9223372036742305807
0, 11248, 0, 9223372036854775807, 0, 9223372036742295807
0, 11249, 0, 9223372036854775807, 0, 9223372036742285807
0, 1125, 0, 9223372036854775807, 0, 9223372036843525807
0, 11250, 0, 9223372036854775807, 0, 9223372036742275807
0, 11251, 0, 9223372036854775807, 0, 9223372036742265807
0, 11252, 0, 9223372036854775807, 0, 9223372036742255807
0, 11253, 0, 9223372036854775807, 0, 9223372036742245807
0, 11254, 0, 9223372036854775807, 0, 9223372036742235807
0, 11255, 0, 9223372036854775807, 0, 9223372036742225807
0, 11256, 0, 9223372036854775807, 0, 9223372036742215807
0, 11257, 0, 9223372036854775807, 0, 9223372036742205807
0, 11258, 0, 9223372036854775807, 0, 9223372036742195807
0, 11259, 0, 9223372036854775807, 0, 9223372036742185807
0, 1126, 0, 9223372036854775807, 0, 9223372036843515807
0, 11260, 0, 9223372036854775807, 0, 9223372036742175807
0, 11261, 0, 9223372036854775807, 0, 9223372036742165807
0, 11262, 0, 9223372036854775807, 0, 9223372036742155807
0, 11263, 0, 9223372036854775807, 0, 9223372036742145807
0, 11264, 0, 9223372036854775807, 0, 9223372036742135807
0, 11265, 0, 9223372036854775807, 0, 9223372036742125807
0, 11266, 0, 9223372036854775807, 0, 9223372036742115807
0, 11267, 0, 9223372036854775807, 0, 9223372036742105807
0, 11268, 0, 9223372036854775807, 0, 9223372036742095807
0, 11269, 0, 9223372036854775807, 0, 9223372036742085807
0, 1127, 0, 9223372036854775807, 0, 9223372036843505807
0, 11270, 0, 9223372036854775807, 0, 9223372036742075807
0, 11271, 0, 9223372036854775807, 0, 9223372036742065807
0, 11272, 0, 9223372036854775807, 0, 9223372036742055807
0, 11273, 0, 9223372036854775807, 0, 9223372036742045807
0, 11274, 0, 9223372036854775807, 0, 9223372036742035807
0, 11275, 0, 9223372036854775807, 0, 9223372036742025807
0, 11276, 0, 9223372036854775807, 0, 9223372036742015807
0, 11277, 0, 9223372036854775807, 0, 9223372036742005807
0, 11278, 0, 9223372036854775807, 0, 9223372036741995807
0, 11279, 0, 9223372036854775807, 0, 9223372036741985807
0, 1128, 0, 9223372036854775807, 0, 9223372036843495807
0, 11280, 0, 9223372036854775807, 0, 9223372036741975807
0, 11281, 0, 9223372036854775807, 0, 9223372036741965807
0, 11282, 0, 9223372036854775807, 0, 9223372036741955807
0, 11283, 0, 9223372036854775807, 0, 9223372036741945807
0, 11284, 0, 9223372036854775807, 0, 9223372036741935807
0, 11285, 0, 9223372036854775807, 0, 9223372036741925807
0, 11286, 0, 9223372036854775807, 0, 9223372036741915807
0, 11287, 0, 9223372036854775807, 0, 9223372036741905807
0, 11288, 0, 9223372036854775807, 0, 9223372036741895807
0, 11289, 0, 9223372036854775807, 0, 9223372036741885807
0, 1129, 0, 9223372036854775807, 0, 9223372036843485807
0, 11290, 0, 9223372036854775807, 0, 9223372036741875807
0, 11291, 0, 9223372036854775807, 0, 9223372036741865807
0, 11292, 0, 9223372036854775807, 0, 9223372036741855807
0, 11293, 0, 9223372036854775807, 0, 9223372036741845807
0, 11294, 0, 9223372036854775807, 0, 9223372036741835807
0, 11295, 0, 9223372036854775807, 0, 9223372036741825807
0, 11296, 0, 9223372036854775807, 0, 9223372036741815807
0, 11297, 0, 9223372036854775807, 0, 9223372036741805807
0, 11298, 0, 9223372036854775807, 0, 9223372036741795807
0, 11299, 0, 9223372036854775807, 0, 9223372036741785807
0, 113, 0, 9223372036854775807, 0, 9223372036853645807
0, 1130, 0, 9223372036854775807, 0, 9223372036843475807
0, 11300, 0, 9223372036854775807, 0, 9223372036741775807
0, 11301, 0, 9223372036854775807, 0, 9223372036741765807
0, 11302, 0, 9223372036854775807, 0, 9223372036741755807
0, 11303, 0, 9223372036854775807, 0, 9223372036741745807
0, 11304, 0, 9223372036854775807, 0, 9223372036741735807
0, 11305, 0, 9223372036854775807, 0, 9223372036741725807
0, 11306, 0, 9223372036854775807, 0, 9223372036741715807
0, 11307, 0, 9223372036854775807, 0, 9223372036741705807
0, 11308, 0, 9223372036854775807, 0, 9223372036741695807
0, 11309, 0, 9223372036854775807, 0, 9223372036741685807
0, 1131, 0, 9223372036854775807, 0, 9223372036843465807
0, 11310, 0, 9223372036854775807, 0, 9223372036741675807
0, 11311, 0, 9223372036854775807, 0, 9223372036741665807
0, 11312, 0, 9223372036854775807, 0, 9223372036741655807
0, 11313, 0, 9223372036854775807, 0, 9223372036741645807
0, 11314, 0, 9223372036854775807, 0, 9223372036741635807
0, 11315, 0, 9223372036854775807, 0, 9223372036741625807
0, 11316, 0, 9223372036854775807, 0, 9223372036741615807
0, 11317, 0, 9223372036854775807, 0, 9223372036741605807
0, 11318, 0, 9223372036854775807, 0, 9223372036741595807
0, 11319, 0, 9223372036854775807, 0, 9223372036741585807
0, 1132, 0, 9223372036854775807, 0, 9223372036843455807
0, 11320, 0, 9223372036854775807, 0, 9223372036741575807
0, 11321, 0, 9223372036854775807, 0, 9223372036741565807
0, 11322, 0, 9223372036854775807, 0, 9223372036741555807
0, 11323, 0, 9223372036854775807, 0, 9223372036741545807
0, 11324, 0, 9223372036854775807, 0, 9223372036741535807
0, 11325, 0, 9223372036854775807, 0, 9223372036741525807
0, 11326, 0, 9223372036854775807, 0, 9223372036741515807
0, 11327, 0, 9223372036854775807, 0, 9223372036741505807
0, 11328, 0, 9223372036854775807, 0, 9223372036741495807
0, 11329, 0, 9223372036854775807, 0, 9223372036741485807
0, 1133, 0, 9223372036854775807, 0, 9223372036843445807
0, 11330, 0, 9223372036854775807, 0, 9223372036741475807
0, 11331, 0, 9223372036854775807, 0, 9223372036741465807
0, 11332, 0, 9223372036854775807, 0, 9223372036741455807
0, 11333, 0, 9223372036854775807, 0, 9223372036741445807
0, 11334, 0, 9223372036854775807, 0, 9223372036741435807
0, 11335, 0, 9223372036854775807, 0, 9223372036741425807
0, 11336, 0, 9223372036854775807, 0, 9223372036741415807
0, 11337, 0, 9223372036854775807, 0, 9223372036741405807
0, 11338, 0, 9223372036854775807, 0, 9223372036741395807
0, 11339, 0, 9223372036854775807, 0, 9223372036741385807
0, 1134, 0, 9223372036854775807, 0, 9223372036843435807
0, 11340, 0, 9223372036854775807, 0, 9223372036741375807
0, 11341, 0, 9223372036854775807, 0, 9223372036741365807
0, 11342, 0, 9223372036854775807, 0, 9223372036741355807
0, 11343, 0, 9223372036854775807, 0, 9223372036741345807
0, 11344, 0, 9223372036854775807, 0, 9223372036741335807
0, 11345, 0, 9223372036854775807, 0, 9223372036741325807
0, 11346, 0, 9223372036854775807, 0, 9223372036741315807
0, 11347, 0, 9223372036854775807, 0, 9223372036741305807
0, 11348, 0, 9223372036854775807, 0, 9223372036741295807
0, 11349, 0, 9223372036854775807, 0, 9223372036741285807
0, 1135, 0, 9223372036854775807, 0, 9223372036843425807
0, 11350, 0, 9223372036854775807, 0, 9223372036741275807
0, 11351, 0, 9223372036854775807, 0, 9223372036741265807
0, 11352, 0, 9223372036854775807, 0, 9223372036741255807
0, 11353, 0, 9223372036854775807, 0, 9223372036741245807
0, 11354, 0, 9223372036854775807, 0, 9223372036741235807
0, 11355, 0, 9223372036854775807, 0, 9223372036741225807
0, 11356, 0, 9223372036854775807, 0, 9223372036741215807
0, 11357, 0, 9223372036854775807, 0, 9223372036741205807
0, 11358, 0, 9223372036854775807, 0, 9223372036741195807
0, 11359, 0, 9223372036854775807, 0, 9223372036741185807
0, 1136, 0, 9223372036854775807, 0, 9223372036843415807
0, 11360, 0, 9223372036854775807, 0, 9223372036741175807
0, 11361, 0, 9223372036854775807, 0, 9223372036741165807
0, 11362, 0, 9223372036854775807, 0, 9223372036741155807
0, 11363, 0, 9223372036854775807, 0, 9223372036741145807
0, 11364, 0, 9223372036854775807, 0, 9223372036741135807
0, 11365, 0, 9223372036854775807, 0, 9223372036741125807
0, 11366, 0, 9223372036854775807, 0, 9223372036741115807
0, 11367, 0, 9223372036854775807, 0, 9223372036741105807
0, 11368, 0, 9223372036854775807, 0, 9223372036741095807
0, 11369, 0, 9223372036854775807, 0, 9223372036741085807
0, 1137, 0, 9223372036854775807, 0, 9223372036843405807
0, 11370, 0, 9223372036854775807, 0, 9223372036741075807
0, 11371, 0, 9223372036854775807, 0, 9223372036741065807
0, 11372, 0, 9223372036854775807, 0, 9223372036741055807
0, 11373, 0, 9223372036854775807, 0, 9223372036741045807
0, 11374, 0, 9223372036854775807, 0, 9223372036741035807
0, 11375, 0, 9223372036854775807, 0, 9223372036741025807
0, 11376, 0, 9223372036854775807, 0, 9223372036741015807
0, 11377, 0, 9223372036854775807, 0, 9223372036741005807
0, 11378, 0, 9223372036854775807, 0, 9223372036740995807
0, 11379, 0, 9223372036854775807, 0, 9223372036740985807
0, 1138, 0, 9223372036854775807, 0, 9223372036843395807
0, 11380, 0, 9223372036854775807, 0, 9223372036740975807
0, 11381, 0, 9223372036854775807, 0, 9223372036740965807
0, 11382, 0, 9223372036854775807, 0, 9223372036740955807
0, 11383, 0, 9223372036854775807, 0, 9223372036740945807
0, 11384, 0, 9223372036854775807, 0, 9223372036740935807
0, 11385, 0, 9223372036854775807, 0, 9223372036740925807
0, 11386, 0, 9223372036854775807, 0, 9223372036740915807
0, 11387, 0, 9223372036854775807, 0, 9223372036740905807
0, 11388, 0, 9223372036854775807, 0, 9223372036740895807
0, 11389, 0, 9223372036854775807, 0, 9223372036740885807
0, 1139, 0, 9223372036854775807, 0, 9223372036843385807
0, 11390, 0, 9223372036854775807, 0, 9223372036740875807
0, 11391, 0, 9223372036854775807, 0, 9223372036740865807
0, 11392, 0, 9223372036854775807, 0, 9223372036740855807
0, 11393, 0, 9223372036854775807, 0, 9223372036740845807
0, 11394, 0, 9223372036854775807, 0, 9223372036740835807
0, 11395, 0, 9223372036854775807, 0, 9223372036740825807
0, 11396, 0, 9223372036854775807, 0, 9223372036740815807
0, 11397, 0, 9223372036854775807, 0, 9223372036740805807
0, 11398, 0, 9223372036854775807, 0, 9223372036740795807
0, 11399, 0, 9223372036854775807, 0, 9223372036740785807
0, 114, 0, 9223372036854775807, 0, 9223372036853635807
0, 1140, 0, 9223372036854775807, 0, 9223372036843375807
0, 11400, 0, 9223372036854775807, 0, 9223372036740775807
0, 11401, 0, 9223372036854775807, 0, 9223372036740765807
0, 11402, 0, 9223372036854775807, 0, 9223372036740755807
0, 11403, 0, 9223372036854775807, 0, 9223372036740745807
0, 11404, 0, 9223372036854775807, 0, 9223372036740735807
0, 11405, 0, 9223372036854775807, 0, 9223372036740725807
0, 11406, 0, 9223372036854775807, 0, 9223372036740715807
0, 11407, 0, 9223372036854775807, 0, 9223372036740705807
0, 11408, 0, 9223372036854775807, 0, 9223372036740695807
0, 11409, 0, 9223372036854775807, 0, 9223372036740685807
0, 1141, 0, 9223372036854775807, 0, 9223372036843365807
0, 11410, 0, 9223372036854775807, 0, 9223372036740675807
0, 11411, 0, 9223372036854775807, 0, 9223372036740665807
0, 11412, 0, 9223372036854775807, 0, 9223372036740655807
0, 11413, 0, 9223372036854775807, 0, 9223372036740645807
0, 11414, 0, 9223372036854775807, 0, 9223372036740635807
0, 11415, 0, 9223372036854775807, 0, 9223372036740625807
0, 11416, 0, 9223372036854775807, 0, 9223372036740615807
0, 11417, 0, 9223372036854775807, 0, 9223372036740605807
0, 11418, 0, 9223372036854775807, 0, 9223372036740595807
0, 11419, 0, 9223372036854775807, 0, 9223372036740585807
0, 1142, 0, 9223372036854775807, 0, 9223372036843355807
0, 11420, 0, 9223372036854775807, 0, 9223372036740575807
0, 11421, 0, 9223372036854775807, 0, 9223372036740565807
0, 11422, 0, 9223372036854775807, 0, 9223372036740555807
0, 11423, 0, 9223372036854775807, 0, 9223372036740545807
0, 11424, 0, 9223372036854775807, 0, 9223372036740535807
0, 11425, 0, 9223372036854775807, 0, 9223372036740525807
0, 11426, 0, 9223372036854775807, 0, 9223372036740515807
0, 11427, 0, 9223372036854775807, 0, 9223372036740505807
0, 11428, 0, 9223372036854775807, 0, 9223372036740495807
0, 11429, 0, 9223372036854775807, 0, 9223372036740485807
0, 1143, 0, 9223372036854775807, 0, 9223372036843345807
0, 11430, 0, 9223372036854775807, 0, 9223372036740475807
0, 11431, 0, 9223372036854775807, 0, 9223372036740465807
0, 11432, 0, 9223372036854775807, 0, 9223372036740455807
0, 11433, 0, 9223372036854775807, 0, 9223372036740445807
0, 11434, 0, 9223372036854775807, 0, 9223372036740435807
0, 11435, 0, 9223372036854775807, 0, 9223372036740425807
0, 11436, 0, 9223372036854775807, 0, 9223372036740415807
0, 11437, 0, 9223372036854775807, 0, 9223372036740405807
0, 11438, 0, 9223372036854775807, 0, 9223372036740395807
0, 11439, 0, 9223372036854775807, 0, 9223372036740385807
0, 1144, 0, 9223372036854775807, 0, 9223372036843335807
0, 11440, 0, 9223372036854775807, 0, 9223372036740375807
0, 11441, 0, 9223372036854775807, 0, 9223372036740365807
0, 11442, 0, 9223372036854775807, 0, 9223372036740355807
0, 11443, 0, 9223372036854775807, 0, 9223372036740345807
0, 11444, 0, 9223372036854775807, 0, 9223372036740335807
0, 11445, 0, 9223372036854775807, 0, 9223372036740325807
0, 11446, 0, 9223372036854775807, 0, 9223372036740315807
0, 11447, 0, 9223372036854775807, 0, 9223372036740305807
0, 11448, 0, 9223372036854775807, 0, 9223372036740295807
0, 11449, 0, 9223372036854775807, 0, 9223372036740285807
0, 1145, 0, 9223372036854775807, 0, 9223372036843325807
0, 11450, 0, 9223372036854775807, 0, 9223372036740275807
0, 11451, 0, 9223372036854775807, 0, 9223372036740265807
0, 11452, 0, 9223372036854775807, 0, 9223372036740255807
0, 11453, 0, 9223372036854775807, 0, 9223372036740245807
0, 11454, 0, 9223372036854775807, 0, 9223372036740235807
0, 11455, 0, 9223372036854775807, 0, 9223372036740225807
0, 11456, 0, 9223372036854775807, 0, 9223372036740215807
0, 11457, 0, 9223372036854775807, 0, 9223372036740205807
0, 11458, 0, 9223372036854775807, 0, 9223372036740195807
0, 11459, 0, 9223372036854775807, 0, 9223372036740185807
0, 1146, 0, 9223372036854775807, 0, 9223372036843315807
0, 11460, 0, 9223372036854775807, 0, 9223372036740175807
0, 11461, 0, 9223372036854775807, 0, 9223372036740165807
0, 11462, 0, 9223372036854775807, 0, 9223372036740155807
0, 11463, 0, 9223372036854775807, 0, 9223372036740145807
0, 11464, 0, 9223372036854775807, 0, 9223372036740135807
0, 11465, 0, 9223372036854775807, 0, 9223372036740125807
0, 11466, 0, 9223372036854775807, 0, 9223372036740115807
0, 11467, 0, 9223372036854775807, 0, 9223372036740105807
0, 11468, 0, 9223372036854775807, 0, 9223372036740095807
0, 11469, 0, 9223372036854775807, 0, 9223372036740085807
0, 1147, 0, 9223372036854775807, 0, 9223372036843305807
0, 11470, 0, 9223372036854775807, 0, 9223372036740075807
0, 11471, 0, 9223372036854775807, 0, 9223372036740065807
0, 11472, 0, 9223372036854775807, 0, 9223372036740055807
0, 11473, 0, 9223372036854775807, 0, 9223372036740045807
0, 11474, 0, 9223372036854775807, 0, 9223372036740035807
0, 11475, 0, 9223372036854775807, 0, 9223372036740025807
0, 11476, 0, 9223372036854775807, 0, 9223372036740015807
0, 11477, 0, 9223372036854775807, 0, 9223372036740005807
0, 11478, 0, 9223372036854775807, 0, 9223372036739995807
0, 11479, 0, 9223372036854775807, 0, 9223372036739985807
0, 1148, 0, 9223372036854775807, 0, 9223372036843295807
0, 11480, 0, 9223372036854775807, 0, 9223372036739975807
0, 11481, 0, 9223372036854775807, 0, 9223372036739965807
0, 11482, 0, 9223372036854775807, 0, 9223372036739955807
0, 11483, 0, 9223372036854775807, 0, 9223372036739945807
0, 11484, 0, 9223372036854775807, 0, 9223372036739935807
0, 11485, 0, 9223372036854775807, 0, 9223372036739925807
0, 11486, 0, 9223372036854775807, 0, 9223372036739915807
0, 11487, 0, 9223372036854775807, 0, 9223372036739905807
0, 11488, 0, 9223372036854775807, 0, 9223372036739895807
0, 11489, 0, 9223372036854775807, 0, 9223372036739885807
0, 1149, 0, 9223372036854775807, 0, 9223372036843285807
0, 11490, 0, 9223372036854775807, 0, 9223372036739875807
0, 11491, 0, 9223372036854775807, 0, 9223372036739865807
0, 11492, 0, 9223372036854775807, 0, 9223372036739855807
0, 11493, 0, 9223372036854775807, 0, 9223372036739845807
0, 11494, 0, 9223372036854775807, 0, 9223372036739835807
0, 11495, 0, 9223372036854775807, 0, 9223372036739825807
0, 11496, 0, 9223372036854775807, 0, 9223372036739815807
0, 11497, 0, 9223372036854775807, 0, 9223372036739805807
0, 11498, 0, 9223372036854775807, 0, 9223372036739795807
0, 11499, 0, 9223372036854775807, 0, 9223372036739785807
0, 115, 0, 9223372036854775807, 0, 9223372036853625807
0, 1150, 0, 9223372036854775807, 0, 9223372036843275807
0, 11500, 0, 9223372036854775807, 0, 9223372036739775807
0, 11501, 0, 9223372036854775807, 0, 9223372036739765807
0, 11502, 0, 9223372036854775807, 0, 9223372036739755807
0, 11503, 0, 9223372036854775807, 0, 9223372036739745807
0, 11504, 0, 9223372036854775807, 0, 9223372036739735807
0, 11505, 0, 9223372036854775807, 0, 9223372036739725807
0, 11506, 0, 9223372036854775807, 0, 9223372036739715807
0, 11507, 0, 9223372036854775807, 0, 9223372036739705807
0, 11508, 0, 9223372036854775807, 0, 9223372036739695807
0, 11509, 0, 9223372036854775807, 0, 9223372036739685807
0, 1151, 0, 9223372036854775807, 0, 9223372036843265807
0, 11510, 0, 9223372036854775807, 0, 9223372036739675807
0, 11511, 0, 9223372036854775807, 0, 9223372036739665807
0, 11512, 0, 9223372036854775807, 0, 9223372036739655807
0, 11513, 0, 9223372036854775807, 0, 9223372036739645807
0, 11514, 0, 9223372036854775807, 0, 9223372036739635807
0, 11515, 0, 9223372036854775807, 0, 9223372036739625807
0, 11516, 0, 9223372036854775807, 0, 9223372036739615807
0, 11517, 0, 9223372036854775807, 0, 9223372036739605807
0, 11518, 0, 9223372036854775807, 0, 9223372036739595807
0, 11519, 0, 9223372036854775807, 0, 9223372036739585807
0, 1152, 0, 9223372036854775807, 0, 9223372036843255807
0, 11520, 0, 9223372036854775807, 0, 9223372036739575807
0, 11521, 0, 9223372036854775807, 0, 9223372036739565807
0, 11522, 0, 9223372036854775807, 0, 9223372036739555807
0, 11523, 0, 9223372036854775807, 0, 9223372036739545807
0, 11524, 0, 9223372036854775807, 0, 9223372036739535807
0, 11525, 0, 9223372036854775807, 0, 9223372036739525807
0, 11526, 0, 9223372036854775807, 0, 9223372036739515807
0, 11527, 0, 9223372036854775807, 0, 9223372036739505807
0, 11528, 0, 9223372036854775807, 0, 9223372036739495807
0, 11529, 0, 9223372036854775807, 0, 9223372036739485807
0, 1153, 0, 9223372036854775807, 0, 9223372036843245807
0, 11530, 0, 9223372036854775807, 0, 9223372036739475807
0, 11531, 0, 9223372036854775807, 0, 9223372036739465807
0, 11532, 0, 9223372036854775807, 0, 9223372036739455807
0, 11533, 0, 9223372036854775807, 0, 9223372036739445807
0, 11534, 0, 9223372036854775807, 0, 9223372036739435807
0, 11535, 0, 9223372036854775807, 0, 9223372036739425807
0, 11536, 0, 9223372036854775807, 0, 9223372036739415807
0, 11537, 0, 9223372036854775807, 0, 9223372036739405807
0, 11538, 0, 9223372036854775807, 0, 9223372036739395807
0, 11539, 0, 9223372036854775807, 0, 9223372036739385807
0, 1154, 0, 9223372036854775807, 0, 9223372036843235807
0, 11540, 0, 9223372036854775807, 0, 9223372036739375807
0, 11541, 0, 9223372036854775807, 0, 9223372036739365807
0, 11542, 0, 9223372036854775807, 0, 9223372036739355807
0, 11543, 0, 9223372036854775807, 0, 9223372036739345807
0, 11544, 0, 9223372036854775807, 0, 9223372036739335807
0, 11545, 0, 9223372036854775807, 0, 9223372036739325807
0, 11546, 0, 9223372036854775807, 0, 9223372036739315807
0, 11547, 0, 9223372036854775807, 0, 9223372036739305807
0, 11548, 0, 9223372036854775807, 0, 9223372036739295807
0, 11549, 0, 9223372036854775807, 0, 9223372036739285807
0, 1155, 0, 9223372036854775807, 0, 9223372036843225807
0, 11550, 0, 9223372036854775807, 0, 9223372036739275807
0, 11551, 0, 9223372036854775807, 0, 9223372036739265807
0, 11552, 0, 9223372036854775807, 0, 9223372036739255807
0, 11553, 0, 9223372036854775807, 0, 9223372036739245807
0, 11554, 0, 9223372036854775807, 0, 9223372036739235807
0, 11555, 0, 9223372036854775807, 0, 9223372036739225807
0, 11556, 0, 9223372036854775807, 0, 9223372036739215807
0, 11557, 0, 9223372036854775807, 0, 9223372036739205807
0, 11558, 0, 9223372036854775807, 0, 9223372036739195807
0, 11559, 0, 9223372036854775807, 0, 9223372036739185807
0, 1156, 0, 9223372036854775807, 0, 9223372036843215807
0, 11560, 0, 9223372036854775807, 0, 9223372036739175807
0, 11561, 0, 9223372036854775807, 0, 9223372036739165807
0, 11562, 0, 9223372036854775807, 0, 9223372036739155807
0, 11563, 0, 9223372036854775807, 0, 9223372036739145807
0, 11564, 0, 9223372036854775807, 0, 9223372036739135807
0, 11565, 0, 9223372036854775807, 0, 9223372036739125807
0, 11566, 0, 9223372036854775807, 0, 9223372036739115807
0, 11567, 0, 9223372036854775807, 0, 9223372036739105807
0, 11568, 0, 9223372036854775807, 0, 9223372036739095807
0, 11569, 0, 9223372036854775807, 0, 9223372036739085807
0, 1157, 0, 9223372036854775807, 0, 9223372036843205807
0, 11570, 0, 9223372036854775807, 0, 9223372036739075807
0, 11571, 0, 9223372036854775807, 0, 9223372036739065807
0, 11572, 0, 9223372036854775807, 0, 9223372036739055807
0, 11573, 0, 9223372036854775807, 0, 9223372036739045807
0, 11574, 0, 9223372036854775807, 0, 9223372036739035807
0, 11575, 0, 9223372036854775807, 0, 9223372036739025807
0, 11576, 0, 9223372036854775807, 0, 9223372036739015807
0, 11577, 0, 9223372036854775807, 0, 9223372036739005807
0, 11578, 0, 9223372036854775807, 0, 9223372036738995807
0, 11579, 0, 9223372036854775807, 0, 9223372036738985807
0, 1158, 0, 9223372036854775807, 0, 9223372036843195807
0, 11580, 0, 9223372036854775807, 0, 9223372036738975807
0, 11581, 0, 9223372036854775807, 0, 9223372036738965807
0, 11582, 0, 9223372036854775807, 0, 9223372036738955807
0, 11583, 0, 9223372036854775807, 0, 9223372036738945807
0, 11584, 0, 9223372036854775807, 0, 9223372036738935807
0, 11585, 0, 9223372036854775807, 0, 9223372036738925807
0, 11586, 0, 9223372036854775807, 0, 9223372036738915807
0, 11587, 0, 9223372036854775807, 0, 9223372036738905807
0, 11588, 0, 9223372036854775807, 0, 9223372036738895807
0, 11589, 0, 9223372036854775807, 0, 9223372036738885807
0, 1159, 0, 9223372036854775807, 0, 9223372036843185807
0, 11590, 0, 9223372036854775807, 0, 9223372036738875807
0, 11591, 0, 9223372036854775807, 0, 9223372036738865807
0, 11592, 0, 9223372036854775807, 0, 9223372036738855807
0, 11593, 0, 9223372036854775807, 0, 9223372036738845807
0, 11594, 0, 9223372036854775807, 0, 9223372036738835807
0, 11595, 0, 9223372036854775807, 0, 9223372036738825807
0, 11596, 0, 9223372036854775807, 0, 9223372036738815807
0, 11597, 0, 9223372036854775807, 0, 9223372036738805807
0, 11598, 0, 9223372036854775807, 0, 9223372036738795807
0, 11599, 0, 9223372036854775807, 0, 9223372036738785807
0, 116, 0, 9223372036854775807, 0, 9223372036853615807
0, 1160, 0, 9223372036854775807, 0, 9223372036843175807
0, 11600, 0, 9223372036854775807, 0, 9223372036738775807
0, 11601, 0, 9223372036854775807, 0, 9223372036738765807
0, 11602, 0, 9223372036854775807, 0, 9223372036738755807
0, 11603, 0, 9223372036854775807, 0, 9223372036738745807
0, 11604, 0, 9223372036854775807, 0, 9223372036738735807
0, 11605, 0, 9223372036854775807, 0, 9223372036738725807
0, 11606, 0, 9223372036854775807, 0, 9223372036738715807
0, 11607, 0, 9223372036854775807, 0, 9223372036738705807
0, 11608, 0, 9223372036854775807, 0, 9223372036738695807
0, 11609, 0, 9223372036854775807, 0, 9223372036738685807
0, 1161, 0, 9223372036854775807, 0, 9223372036843165807
0, 11610, 0, 9223372036854775807, 0, 9223372036738675807
0, 11611, 0, 9223372036854775807, 0, 9223372036738665807
0, 11612, 0, 9223372036854775807, 0, 9223372036738655807
0, 11613, 0, 9223372036854775807, 0, 9223372036738645807
0, 11614, 0, 9223372036854775807, 0, 9223372036738635807
0, 11615, 0, 9223372036854775807, 0, 9223372036738625807
0, 11616, 0, 9223372036854775807, 0, 9223372036738615807
0, 11617, 0, 9223372036854775807, 0, 9223372036738605807
0, 11618, 0, 9223372036854775807, 0, 9223372036738595807
0, 11619, 0, 9223372036854775807, 0, 9223372036738585807
0, 1162, 0, 9223372036854775807, 0, 9223372036843155807
0, 11620, 0, 9223372036854775807, 0, 9223372036738575807
0, 11621, 0, 9223372036854775807, 0, 9223372036738565807
0, 11622, 0, 9223372036854775807, 0, 9223372036738555807
0, 11623, 0, 9223372036854775807, 0, 9223372036738545807
0, 11624, 0, 9223372036854775807, 0, 9223372036738535807
0, 11625, 0, 9223372036854775807, 0, 9223372036738525807
0, 11626, 0, 9223372036854775807, 0, 9223372036738515807
0, 11627, 0, 9223372036854775807, 0, 9223372036738505807
0, 11628, 0, 9223372036854775807, 0, 9223372036738495807
0, 11629, 0, 9223372036854775807, 0, 9223372036738485807
0, 1163, 0, 9223372036854775807, 0, 9223372036843145807
0, 11630, 0, 9223372036854775807, 0, 9223372036738475807
0, 11631, 0, 9223372036854775807, 0, 9223372036738465807
0, 11632, 0, 9223372036854775807, 0, 9223372036738455807
0, 11633, 0, 9223372036854775807, 0, 9223372036738445807
0, 11634, 0, 9223372036854775807, 0, 9223372036738435807
0, 11635, 0, 9223372036854775807, 0, 9223372036738425807
0, 11636, 0, 9223372036854775807, 0, 9223372036738415807
0, 11637, 0, 9223372036854775807, 0, 9223372036738405807
0, 11638, 0, 9223372036854775807, 0, 9223372036738395807
0, 11639, 0, 9223372036854775807, 0, 9223372036738385807
0, 1164, 0, 9223372036854775807, 0, 9223372036843135807
0, 11640, 0, 9223372036854775807, 0, 9223372036738375807
0, 11641, 0, 9223372036854775807, 0, 9223372036738365807
0, 11642, 0, 9223372036854775807, 0, 9223372036738355807
0, 11643, 0, 9223372036854775807, 0, 9223372036738345807
0, 11644, 0, 9223372036854775807, 0, 9223372036738335807
0, 11645, 0, 9223372036854775807, 0, 9223372036738325807
0, 11646, 0, 9223372036854775807, 0, 9223372036738315807
0, 11647, 0, 9223372036854775807, 0, 9223372036738305807
0, 11648, 0, 9223372036854775807, 0, 9223372036738295807
0, 11649, 0, 9223372036854775807, 0, 9223372036738285807
0, 1165, 0, 9223372036854775807, 0, 9223372036843125807
0, 11650, 0, 9223372036854775807, 0, 9223372036738275807
0, 11651, 0, 9223372036854775807, 0, 9223372036738265807
0, 11652, 0, 9223372036854775807, 0, 9223372036738255807
0, 11653, 0, 9223372036854775807, 0, 9223372036738245807
0, 11654, 0, 9223372036854775807, 0, 9223372036738235807
0, 11655, 0, 9223372036854775807, 0, 9223372036738225807
0, 11656, 0, 9223372036854775807, 0, 9223372036738215807
0, 11657, 0, 9223372036854775807, 0, 9223372036738205807
0, 11658, 0, 9223372036854775807, 0, 9223372036738195807
0, 11659, 0, 9223372036854775807, 0, 9223372036738185807
0, 1166, 0, 9223372036854775807, 0, 9223372036843115807
0, 11660, 0, 9223372036854775807, 0, 9223372036738175807
0, 11661, 0, 9223372036854775807, 0, 9223372036738165807
0, 11662, 0, 9223372036854775807, 0, 9223372036738155807
0, 11663, 0, 9223372036854775807, 0, 9223372036738145807
0, 11664, 0, 9223372036854775807, 0, 9223372036738135807
0, 11665, 0, 9223372036854775807, 0, 9223372036738125807
0, 11666, 0, 9223372036854775807, 0, 9223372036738115807
0, 11667, 0, 9223372036854775807, 0, 9223372036738105807
0, 11668, 0, 9223372036854775807, 0, 9223372036738095807
0, 11669, 0, 9223372036854775807, 0, 9223372036738085807
0, 1167, 0, 9223372036854775807, 0, 9223372036843105807
0, 11670, 0, 9223372036854775807, 0, 9223372036738075807
0, 11671, 0, 9223372036854775807, 0, 9223372036738065807
0, 11672, 0, 9223372036854775807, 0, 9223372036738055807
0, 11673, 0, 9223372036854775807, 0, 9223372036738045807
0, 11674, 0, 9223372036854775807, 0, 9223372036738035807
0, 11675, 0, 9223372036854775807, 0, 9223372036738025807
0, 11676, 0, 9223372036854775807, 0, 9223372036738015807
0, 11677, 0, 9223372036854775807, 0, 9223372036738005807
0, 11678, 0, 9223372036854775807, 0, 9223372036737995807
0, 11679, 0, 9223372036854775807, 0, 9223372036737985807
0, 1168, 0, 9223372036854775807, 0, 9223372036843095807
0, 11680, 0, 9223372036854775807, 0, 9223372036737975807
0, 11681, 0, 9223372036854775807, 0, 9223372036737965807
0, 11682, 0, 9223372036854775807, 0, 9223372036737955807
0, 11683, 0, 9223372036854775807, 0, 9223372036737945807
0, 11684, 0, 9223372036854775807, 0, 9223372036737935807
0, 11685, 0, 9223372036854775807, 0, 9223372036737925807
0, 11686, 0, 9223372036854775807, 0, 9223372036737915807
0, 11687, 0, 9223372036854775807, 0, 9223372036737905807
0, 11688, 0, 9223372036854775807, 0, 9223372036737895807
0, 11689, 0, 9223372036854775807, 0, 9223372036737885807
0, 1169, 0, 9223372036854775807, 0, 9223372036843085807
0, 11690, 0, 9223372036854775807, 0, 9223372036737875807
0, 11691, 0, 9223372036854775807, 0, 9223372036737865807
0, 11692, 0, 9223372036854775807, 0, 9223372036737855807
0, 11693, 0, 9223372036854775807, 0, 9223372036737845807
0, 11694, 0, 9223372036854775807, 0, 9223372036737835807
0, 11695, 0, 9223372036854775807, 0, 9223372036737825807
0, 11696, 0, 9223372036854775807, 0, 9223372036737815807
0, 11697, 0, 9223372036854775807, 0, 9223372036737805807
0, 11698, 0, 9223372036854775807, 0, 9223372036737795807
0, 11699, 0, 9223372036854775807, 0, 9223372036737785807
0, 117, 0, 9223372036854775807, 0, 9223372036853605807
0, 1170, 0, 9223372036854775807, 0, 9223372036843075807
0, 11700, 0, 9223372036854775807, 0, 9223372036737775807
0, 11701, 0, 9223372036854775807, 0, 9223372036737765807
0, 11702, 0, 9223372036854775807, 0, 9223372036737755807
0, 11703, 0, 9223372036854775807, 0, 9223372036737745807
0, 11704, 0, 9223372036854775807, 0, 9223372036737735807
0, 11705, 0, 9223372036854775807, 0, 9223372036737725807
0, 11706, 0, 9223372036854775807, 0, 9223372036737715807
0, 11707, 0, 9223372036854775807, 0, 9223372036737705807
0, 11708, 0, 9223372036854775807, 0, 9223372036737695807
0, 11709, 0, 9223372036854775807, 0, 9223372036737685807
0, 1171, 0, 9223372036854775807, 0, 9223372036843065807
0, 11710, 0, 9223372036854775807, 0, 9223372036737675807
0, 11711, 0, 9223372036854775807, 0, 9223372036737665807
0, 11712, 0, 9223372036854775807, 0, 9223372036737655807
0, 11713, 0, 9223372036854775807, 0, 9223372036737645807
0, 11714, 0, 9223372036854775807, 0, 9223372036737635807
0, 11715, 0, 9223372036854775807, 0, 9223372036737625807
0, 11716, 0, 9223372036854775807, 0, 9223372036737615807
0, 11717, 0, 9223372036854775807, 0, 9223372036737605807
0, 11718, 0, 9223372036854775807, 0, 9223372036737595807
0, 11719, 0, 9223372036854775807, 0, 9223372036737585807
0, 1172, 0, 9223372036854775807, 0, 9223372036843055807
0, 11720, 0, 9223372036854775807, 0, 9223372036737575807
0, 11721, 0, 9223372036854775807, 0, 9223372036737565807
0, 11722, 0, 9223372036854775807, 0, 9223372036737555807
0, 11723, 0, 9223372036854775807, 0, 9223372036737545807
0, 11724, 0, 9223372036854775807, 0, 9223372036737535807
0, 11725, 0, 9223372036854775807, 0, 9223372036737525807
0, 11726, 0, 9223372036854775807, 0, 9223372036737515807
0, 11727, 0, 9223372036854775807, 0, 9223372036737505807
0, 11728, 0, 9223372036854775807, 0, 9223372036737495807
0, 11729, 0, 9223372036854775807, 0, 9223372036737485807
0, 1173, 0, 9223372036854775807, 0, 9223372036843045807
0, 11730, 0, 9223372036854775807, 0, 9223372036737475807
0, 11731, 0, 9223372036854775807, 0, 9223372036737465807
0, 11732, 0, 9223372036854775807, 0, 9223372036737455807
0, 11733, 0, 9223372036854775807, 0, 9223372036737445807
0, 11734, 0, 9223372036854775807, 0, 9223372036737435807
0, 11735, 0, 9223372036854775807, 0, 9223372036737425807
0, 11736, 0, 9223372036854775807, 0, 9223372036737415807
0, 11737, 0, 9223372036854775807, 0, 9223372036737405807
0, 11738, 0, 9223372036854775807, 0, 9223372036737395807
0, 11739, 0, 9223372036854775807, 0, 9223372036737385807
0, 1174, 0, 9223372036854775807, 0, 9223372036843035807
0, 11740, 0, 9223372036854775807, 0, 9223372036737375807
0, 11741, 0, 9223372036854775807, 0, 9223372036737365807
0, 11742, 0, 9223372036854775807, 0, 9223372036737355807
0, 11743, 0, 9223372036854775807, 0, 9223372036737345807
0, 11744, 0, 9223372036854775807, 0, 9223372036737335807
0, 11745, 0, 9223372036854775807, 0, 9223372036737325807
0, 11746, 0, 9223372036854775807, 0, 9223372036737315807
0, 11747, 0, 9223372036854775807, 0, 9223372036737305807
0, 11748, 0, 9223372036854775807, 0, 9223372036737295807
0, 11749, 0, 9223372036854775807, 0, 9223372036737285807
0, 1175, 0, 9223372036854775807, 0, 9223372036843025807
0, 11750, 0, 9223372036854775807, 0, 9223372036737275807
0, 11751, 0, 9223372036854775807, 0, 9223372036737265807
0, 11752, 0, 9223372036854775807, 0, 9223372036737255807
0, 11753, 0, 9223372036854775807, 0, 9223372036737245807
0, 11754, 0, 9223372036854775807, 0, 9223372036737235807
0, 11755, 0, 9223372036854775807, 0, 9223372036737225807
0, 11756, 0, 9223372036854775807, 0, 9223372036737215807
0, 11757, 0, 9223372036854775807, 0, 9223372036737205807
0, 11758, 0, 9223372036854775807, 0, 9223372036737195807
0, 11759, 0, 9223372036854775807, 0, 9223372036737185807
0, 1176, 0, 9223372036854775807, 0, 9223372036843015807
0, 11760, 0, 9223372036854775807, 0, 9223372036737175807
0, 11761, 0, 9223372036854775807, 0, 9223372036737165807
0, 11762, 0, 9223372036854775807, 0, 9223372036737155807
0, 11763, 0, 9223372036854775807, 0, 9223372036737145807
0, 11764, 0, 9223372036854775807, 0, 9223372036737135807
0, 11765, 0, 9223372036854775807, 0, 9223372036737125807
0, 11766, 0, 9223372036854775807, 0, 9223372036737115807
0, 11767, 0, 9223372036854775807, 0, 9223372036737105807
0, 11768, 0, 9223372036854775807, 0, 9223372036737095807
0, 11769, 0, 9223372036854775807, 0, 9223372036737085807
0, 1177, 0, 9223372036854775807, 0, 9223372036843005807
0, 11770, 0, 9223372036854775807, 0, 9223372036737075807
0, 11771, 0, 9223372036854775807, 0, 9223372036737065807
0, 11772, 0, 9223372036854775807, 0, 9223372036737055807
0, 11773, 0, 9223372036854775807, 0, 9223372036737045807
0, 11774, 0, 9223372036854775807, 0, 9223372036737035807
0, 11775, 0, 9223372036854775807, 0, 9223372036737025807
0, 11776, 0, 9223372036854775807, 0, 9223372036737015807
0, 11777, 0, 9223372036854775807, 0, 9223372036737005807
0, 11778, 0, 9223372036854775807, 0, 9223372036736995807
0, 11779, 0, 9223372036854775807, 0, 9223372036736985807
0, 1178, 0, 9223372036854775807, 0, 9223372036842995807
0, 11780, 0, 9223372036854775807, 0, 9223372036736975807
0, 1179, 0, 9223372036854775807, 0, 9223372036842985807
0, 118, 0, 9223372036854775807, 0, 9223372036853595807
0, 1180, 0, 9223372036854775807, 0, 9223372036842975807
0, 1181, 0, 9223372036854775807, 0, 9223372036842965807
0, 1182, 0, 9223372036854775807, 0, 9223372036842955807
0, 1183, 0, 9223372036854775807, 0, 9223372036842945807
0, 1184, 0, 9223372036854775807, 0, 9223372036842935807
0, 1185, 0, 9223372036854775807, 0, 9223372036842925807
0, 1186, 0, 9223372036854775807, 0, 9223372036842915807
0, 1187, 0, 9223372036854775807, 0, 9223372036842905807
0, 1188, 0, 9223372036854775807, 0, 9223372036842895807
0, 1189, 0, 9223372036854775807, 0, 9223372036842885807
0, 119, 0, 9223372036854775807, 0, 9223372036853585807
0, 1190, 0, 9223372036854775807, 0, 9223372036842875807
0, 1191, 0, 9223372036854775807, 0, 9223372036842865807
0, 1192, 0, 9223372036854775807, 0, 9223372036842855807
0, 1193, 0, 9223372036854775807, 0, 9223372036842845807
0, 1194, 0, 9223372036854775807, 0, 9223372036842835807
0, 1195, 0, 9223372036854775807, 0, 9223372036842825807
0, 1196, 0, 9223372036854775807, 0, 9223372036842815807
0, 1197, 0, 9223372036854775807, 0, 9223372036842805807
0, 1198, 0, 9223372036854775807, 0, 9223372036842795807
0, 1199, 0, 9223372036854775807, 0, 9223372036842785807
0, 12, 0, 9223372036854775807, 0, 9223372036854655807
0, 120, 0, 9223372036854775807, 0, 9223372036853575807
0, 1200, 0, 9223372036854775807, 0, 9223372036842775807
0, 1201, 0, 9223372036854775807, 0, 9223372036842765807
0, 1202, 0, 9223372036854775807, 0, 9223372036842755807
0, 1203, 0, 9223372036854775807, 0, 9223372036842745807
0, 1204, 0, 9223372036854775807, 0, 9223372036842735807
0, 1205, 0, 9223372036854775807, 0, 9223372036842725807
0, 1206, 0, 9223372036854775807, 0, 9223372036842715807
0, 1207, 0, 9223372036854775807, 0, 9223372036842705807
0, 1208, 0, 9223372036854775807, 0, 9223372036842695807
0, 1209, 0, 9223372036854775807, 0, 9223372036842685807
0, 121, 0, 9223372036854775807, 0, 9223372036853565807
0, 1210, 0, 9223372036854775807, 0, 9223372036842675807
0, 1211, 0, 9223372036854775807, 0, 9223372036842665807
0, 1212, 0, 9223372036854775807, 0, 9223372036842655807
0, 1213, 0, 9223372036854775807, 0, 9223372036842645807
0, 1214, 0, 9223372036854775807, 0, 9223372036842635807
0, 1215, 0, 9223372036854775807, 0, 9223372036842625807
0, 1216, 0, 9223372036854775807, 0, 9223372036842615807
0, 1217, 0, 9223372036854775807, 0, 9223372036842605807
0, 1218, 0, 9223372036854775807, 0, 9223372036842595807
0, 1219, 0, 9223372036854775807, 0, 9223372036842585807
0, 122, 0, 9223372036854775807, 0, 9223372036853555807
0, 1220, 0, 9223372036854775807, 0, 9223372036842575807
0, 1221, 0, 9223372036854775807, 0, 9223372036842565807
0, 1222, 0, 9223372036854775807, 0, 9223372036842555807
0, 1223, 0, 9223372036854775807, 0, 9223372036842545807
0, 1224, 0, 9223372036854775807, 0, 9223372036842535807
0, 1225, 0, 9223372036854775807, 0, 9223372036842525807
0, 1226, 0, 9223372036854775807, 0, 9223372036842515807
0, 1227, 0, 9223372036854775807, 0, 9223372036842505807
0, 1228, 0, 9223372036854775807, 0, 9223372036842495807
0, 1229, 0, 9223372036854775807, 0, 9223372036842485807
0, 123, 0, 9223372036854775807, 0, 9223372036853545807
0, 1230, 0, 9223372036854775807, 0, 9223372036842475807
0, 1231, 0, 9223372036854775807, 0, 9223372036842465807
0, 1232, 0, 9223372036854775807, 0, 9223372036842455807
0, 1233, 0, 9223372036854775807, 0, 9223372036842445807
0, 1234, 0, 9223372036854775807, 0, 9223372036842435807
0, 1235, 0, 9223372036854775807, 0, 9223372036842425807
0, 1236, 0, 9223372036854775807, 0, 9223372036842415807
0, 1237, 0, 9223372036854775807, 0, 9223372036842405807
0, 1238, 0, 9223372036854775807, 0, 9223372036842395807
0, 1239, 0, 9223372036854775807, 0, 9223372036842385807
0, 124, 0, 9223372036854775807, 0, 9223372036853535807
0, 1240, 0, 9223372036854775807, 0, 9223372036842375807
0, 1241, 0, 9223372036854775807, 0, 9223372036842365807
0, 1242, 0, 9223372036854775807, 0, 9223372036842355807
0, 1243, 0, 9223372036854775807, 0, 9223372036842345807
0, 1244, 0, 9223372036854775807, 0, 9223372036842335807
0, 1245, 0, 9223372036854775807, 0, 9223372036842325807
0, 1246, 0, 9223372036854775807, 0, 9223372036842315807
0, 1247, 0, 9223372036854775807, 0, 9223372036842305807
0, 1248, 0, 9223372036854775807, 0, 9223372036842295807
0, 1249, 0, 9223372036854775807, 0, 9223372036842285807
0, 125, 0, 9223372036854775807, 0, 9223372036853525807
0, 1250, 0, 9223372036854775807, 0, 9223372036842275807
0, 1251, 0, 9223372036854775807, 0, 9223372036842265807
0, 1252, 0, 9223372036854775807, 0, 9223372036842255807
0, 1253, 0, 9223372036854775807, 0, 9223372036842245807
0, 1254, 0, 9223372036854775807, 0, 9223372036842235807
0, 1255, 0, 9223372036854775807, 0, 9223372036842225807
0, 1256, 0, 9223372036854775807, 0, 9223372036842215807
0, 1257, 0, 9223372036854775807, 0, 9223372036842205807
0, 1258, 0, 9223372036854775807, 0, 9223372036842195807
0, 1259, 0, 9223372036854775807, 0, 9223372036842185807
0, 126, 0, 9223372036854775807, 0, 9223372036853515807
0, 1260, 0, 9223372036854775807, 0, 9223372036842175807
0, 1261, 0, 9223372036854775807, 0, 9223372036842165807
0, 1262, 0, 9223372036854775807, 0, 9223372036842155807
0, 1263, 0, 9223372036854775807, 0, 9223372036842145807
0, 1264, 0, 9223372036854775807, 0, 9223372036842135807
0, 1265, 0, 9223372036854775807, 0, 9223372036842125807
0, 1266, 0, 9223372036854775807, 0, 9223372036842115807
0, 1267, 0, 9223372036854775807, 0, 9223372036842105807
0, 1268, 0, 9223372036854775807, 0, 9223372036842095807
0, 1269, 0, 9223372036854775807, 0, 9223372036842085807
0, 127, 0, 9223372036854775807, 0, 9223372036853505807
0, 1270, 0, 9223372036854775807, 0, 9223372036842075807
0, 1271, 0, 9223372036854775807, 0, 9223372036842065807
0, 1272, 0, 9223372036854775807, 0, 9223372036842055807
0, 1273, 0, 9223372036854775807, 0, 9223372036842045807
0, 1274, 0, 9223372036854775807, 0, 9223372036842035807
0, 1275, 0, 9223372036854775807, 0, 9223372036842025807
0, 1276, 0, 9223372036854775807, 0, 9223372036842015807
0, 1277, 0, 9223372036854775807, 0, 9223372036842005807
0, 1278, 0, 9223372036854775807, 0, 9223372036841995807
0, 1279, 0, 9223372036854775807, 0, 9223372036841985807
0, 128, 0, 9223372036854775807, 0, 9223372036853495807
0, 1280, 0, 9223372036854775807, 0, 9223372036841975807
0, 1281, 0, 9223372036854775807, 0, 9223372036841965807
0, 1282, 0, 9223372036854775807, 0, 9223372036841955807
0, 1283, 0, 9223372036854775807, 0, 9223372036841945807
0, 1284, 0, 9223372036854775807, 0, 9223372036841935807
0, 1285, 0, 9223372036854775807, 0, 9223372036841925807
0, 1286, 0, 9223372036854775807, 0, 9223372036841915807
0, 1287, 0, 9223372036854775807, 0, 9223372036841905807
0, 1288, 0, 9223372036854775807, 0, 9223372036841895807
0, 1289, 0, 9223372036854775807, 0, 9223372036841885807
0, 129, 0, 9223372036854775807, 0, 9223372036853485807
0, 1290, 0, 9223372036854775807, 0, 9223372036841875807
0, 1291, 0, 9223372036854775807, 0, 9223372036841865807
0, 1292, 0, 9223372036854775807, 0, 9223372036841855807
0, 1293, 0, 9223372036854775807, 0, 9223372036841845807
0, 1294, 0, 9223372036854775807, 0, 9223372036841835807
0, 1295, 0, 9223372036854775807, 0, 9223372036841825807
0, 1296, 0, 9223372036854775807, 0, 9223372036841815807
0, 1297, 0, 9223372036854775807, 0, 9223372036841805807
0, 1298, 0, 9223372036854775807, 0, 9223372036841795807
0, 1299, 0, 9223372036854775807, 0, 9223372036841785807
0, 13, 0, 9223372036854775807, 0, 9223372036854645807
0, 130, 0, 9223372036854775807, 0, 9223372036853475807
0, 1300, 0, 9223372036854775807, 0, 9223372036841775807
0, 1301, 0, 9223372036854775807, 0, 9223372036841765807
0, 1302, 0, 9223372036854775807, 0, 9223372036841755807
0, 1303, 0, 9223372036854775807, 0, 9223372036841745807
0, 1304, 0, 9223372036854775807, 0, 9223372036841735807
0, 1305, 0, 9223372036854775807, 0, 9223372036841725807
0, 1306, 0, 9223372036854775807, 0, 9223372036841715807
0, 1307, 0, 9223372036854775807, 0, 9223372036841705807
0, 1308, 0, 9223372036854775807, 0, 9223372036841695807
0, 1309, 0, 9223372036854775807, 0, 9223372036841685807
0, 131, 0, 9223372036854775807, 0, 9223372036853465807
0, 1310, 0, 9223372036854775807, 0, 9223372036841675807
0, 1311, 0, 9223372036854775807, 0, 9223372036841665807
0, 1312, 0, 9223372036854775807, 0, 9223372036841655807
0, 1313, 0, 9223372036854775807, 0, 9223372036841645807
0, 1314, 0, 9223372036854775807, 0, 9223372036841635807
0, 1315, 0, 9223372036854775807, 0, 9223372036841625807
0, 1316, 0, 9223372036854775807, 0, 9223372036841615807
0, 1317, 0, 9223372036854775807, 0, 9223372036841605807
0, 1318, 0, 9223372036854775807, 0, 9223372036841595807
0, 1319, 0, 9223372036854775807, 0, 9223372036841585807
0, 132, 0, 9223372036854775807, 0, 9223372036853455807
0, 1320, 0, 9223372036854775807, 0, 9223372036841575807
0, 1321, 0, 9223372036854775807, 0, 9223372036841565807
0, 1322, 0, 9223372036854775807, 0, 9223372036841555807
0, 1323, 0, 9223372036854775807, 0, 9223372036841545807
0, 1324, 0, 9223372036854775807, 0, 9223372036841535807
0, 1325, 0, 9223372036854775807, 0, 9223372036841525807
0, 1326, 0, 9223372036854775807, 0, 9223372036841515807
0, 1327, 0, 9223372036854775807, 0, 9223372036841505807
0, 1328, 0, 9223372036854775807, 0, 9223372036841495807
0, 1329, 0, 9223372036854775807, 0, 9223372036841485807
0, 133, 0, 9223372036854775807, 0, 9223372036853445807
0, 1330, 0, 9223372036854775807, 0, 9223372036841475807
0, 1331, 0, 9223372036854775807, 0, 9223372036841465807
0, 1332, 0, 9223372036854775807, 0, 9223372036841455807
0, 1333, 0, 9223372036854775807, 0, 9223372036841445807
0, 1334, 0, 9223372036854775807, 0, 9223372036841435807
0, 1335, 0, 9223372036854775807, 0, 9223372036841425807
0, 1336, 0, 9223372036854775807, 0, 9223372036841415807
0, 1337, 0, 9223372036854775807, 0, 9223372036841405807
0, 1338, 0, 9223372036854775807, 0, 9223372036841395807
0, 1339, 0, 9223372036854775807, 0, 9223372036841385807
0, 134, 0, 9223372036854775807, 0, 9223372036853435807
0, 1340, 0, 9223372036854775807, 0, 9223372036841375807
0, 1341, 0, 9223372036854775807, 0, 9223372036841365807
0, 1342, 0, 9223372036854775807, 0, 9223372036841355807
0, 1343, 0, 9223372036854775807, 0, 9223372036841345807
0, 1344, 0, 9223372036854775807, 0, 9223372036841335807
0, 1345, 0, 9223372036854775807, 0, 9223372036841325807
0, 1346, 0, 9223372036854775807, 0, 9223372036841315807
0, 1347, 0, 9223372036854775807, 0, 9223372036841305807
0, 1348, 0, 9223372036854775807, 0, 9223372036841295807
0, 1349, 0, 9223372036854775807, 0, 9223372036841285807
0, 135, 0, 9223372036854775807, 0, 9223372036853425807
0, 1350, 0, 9223372036854775807, 0, 9223372036841275807
0, 1351, 0, 9223372036854775807, 0, 9223372036841265807
0, 1352, 0, 9223372036854775807, 0, 9223372036841255807
0, 1353, 0, 9223372036854775807, 0, 9223372036841245807
0, 1354, 0, 9223372036854775807, 0, 9223372036841235807
0, 1355, 0, 9223372036854775807, 0, 9223372036841225807
0, 1356, 0, 9223372036854775807, 0, 9223372036841215807
0, 1357, 0, 9223372036854775807, 0, 9223372036841205807
0, 1358, 0, 9223372036854775807, 0, 9223372036841195807
0, 1359, 0, 9223372036854775807, 0, 9223372036841185807
0, 136, 0, 9223372036854775807, 0, 9223372036853415807
0, 1360, 0, 9223372036854775807, 0, 9223372036841175807
0, 1361, 0, 9223372036854775807, 0, 9223372036841165807
0, 1362, 0, 9223372036854775807, 0, 9223372036841155807
0, 1363, 0, 9223372036854775807, 0, 9223372036841145807
0, 1364, 0, 9223372036854775807, 0, 9223372036841135807
0, 1365, 0, 9223372036854775807, 0, 9223372036841125807
0, 1366, 0, 9223372036854775807, 0, 9223372036841115807
0, 1367, 0, 9223372036854775807, 0, 9223372036841105807
0, 1368, 0, 9223372036854775807, 0, 9223372036841095807
0, 1369, 0, 9223372036854775807, 0, 9223372036841085807
0, 137, 0, 9223372036854775807, 0, 9223372036853405807
0, 1370, 0, 9223372036854775807, 0, 9223372036841075807
0, 1371, 0, 9223372036854775807, 0, 9223372036841065807
0, 1372, 0, 9223372036854775807, 0, 9223372036841055807
0, 1373, 0, 9223372036854775807, 0, 9223372036841045807
0, 1374, 0, 9223372036854775807, 0, 9223372036841035807
0, 1375, 0, 9223372036854775807, 0, 9223372036841025807
0, 1376, 0, 9223372036854775807, 0, 9223372036841015807
0, 1377, 0, 9223372036854775807, 0, 9223372036841005807
0, 1378, 0, 9223372036854775807, 0, 9223372036840995807
0, 1379, 0, 9223372036854775807, 0, 9223372036840985807
0, 138, 0, 9223372036854775807, 0, 9223372036853395807
0, 1380, 0, 9223372036854775807, 0, 9223372036840975807
0, 1381, 0, 9223372036854775807, 0, 9223372036840965807
0, 1382, 0, 9223372036854775807, 0, 9223372036840955807
0, 1383, 0, 9223372036854775807, 0, 9223372036840945807
0, 1384, 0, 9223372036854775807, 0, 9223372036840935807
0, 1385, 0, 9223372036854775807, 0, 9223372036840925807
0, 1386, 0, 9223372036854775807, 0, 9223372036840915807
0, 1387, 0, 9223372036854775807, 0, 9223372036840905807
0, 1388, 0, 9223372036854775807, 0, 9223372036840895807
0, 1389, 0, 9223372036854775807, 0, 9223372036840885807
0, 139, 0, 9223372036854775807, 0, 9223372036853385807
0, 1390, 0, 9223372036854775807, 0, 9223372036840875807
0, 1391, 0, 9223372036854775807, 0, 9223372036840865807
0, 1392, 0, 9223372036854775807, 0, 9223372036840855807
0, 1393, 0, 9223372036854775807, 0, 9223372036840845807
0, 1394, 0, 9223372036854775807, 0, 9223372036840835807
0, 1395, 0, 9223372036854775807, 0, 9223372036840825807
0, 1396, 0, 9223372036854775807, 0, 9223372036840815807
0, 1397, 0, 9223372036854775807, 0, 9223372036840805807
0, 1398, 0, 9223372036854775807, 0, 9223372036840795807
0, 1399, 0, 9223372036854775807, 0, 9223372036840785807
0, 14, 0, 9223372036854775807, 0, 9223372036854635807
0, 140, 0, 9223372036854775807, 0, 9223372036853375807
0, 1400, 0, 9223372036854775807, 0, 9223372036840775807
0, 1401, 0, 9223372036854775807, 0, 9223372036840765807
0, 1402, 0, 9223372036854775807, 0, 9223372036840755807
0, 1403, 0, 9223372036854775807, 0, 9223372036840745807
0, 1404, 0, 9223372036854775807, 0, 9223372036840735807
0, 1405, 0, 9223372036854775807, 0, 9223372036840725807
0, 1406, 0, 9223372036854775807, 0, 9223372036840715807
0, 1407, 0, 9223372036854775807, 0, 9223372036840705807
0, 1408, 0, 9223372036854775807, 0, 9223372036840695807
0, 1409, 0, 9223372036854775807, 0, 9223372036840685807
0, 141, 0, 9223372036854775807, 0, 9223372036853365807
0, 1410, 0, 9223372036854775807, 0, 9223372036840675807
0, 1411, 0, 9223372036854775807, 0, 9223372036840665807
0, 1412, 0, 9223372036854775807, 0, 9223372036840655807
0, 1413, 0, 9223372036854775807, 0, 9223372036840645807
0, 1414, 0, 9223372036854775807, 0, 9223372036840635807
0, 1415, 0, 9223372036854775807, 0, 9223372036840625807
0, 1416, 0, 9223372036854775807, 0, 9223372036840615807
0, 1417, 0, 9223372036854775807, 0, 9223372036840605807
0, 1418, 0, 9223372036854775807, 0, 9223372036840595807
0, 1419, 0, 9223372036854775807, 0, 9223372036840585807
0, 142, 0, 9223372036854775807, 0, 9223372036853355807
0, 1420, 0, 9223372036854775807, 0, 9223372036840575807
0, 1421, 0, 9223372036854775807, 0, 9223372036840565807
0, 1422, 0, 9223372036854775807, 0, 9223372036840555807
0, 1423, 0, 9223372036854775807, 0, 9223372036840545807
0, 1424, 0, 9223372036854775807, 0, 9223372036840535807
0, 1425, 0, 9223372036854775807, 0, 9223372036840525807
0, 1426, 0, 9223372036854775807, 0, 9223372036840515807
0, 1427, 0, 9223372036854775807, 0, 9223372036840505807
0, 1428, 0, 9223372036854775807, 0, 9223372036840495807
0, 1429, 0, 9223372036854775807, 0, 9223372036840485807
0, 143, 0, 9223372036854775807, 0, 9223372036853345807
0, 1430, 0, 9223372036854775807, 0, 9223372036840475807
0, 1431, 0, 9223372036854775807, 0, 9223372036840465807
0, 1432, 0, 9223372036854775807, 0, 9223372036840455807
0, 1433, 0, 9223372036854775807, 0, 9223372036840445807
0, 1434, 0, 9223372036854775807, 0, 9223372036840435807
0, 1435, 0, 9223372036854775807, 0, 9223372036840425807
0, 1436, 0, 9223372036854775807, 0, 9223372036840415807
0, 1437, 0, 9223372036854775807, 0, 9223372036840405807
0, 1438, 0, 9223372036854775807, 0, 9223372036840395807
0, 1439, 0, 9223372036854775807, 0, 9223372036840385807
0, 144, 0, 9223372036854775807, 0, 9223372036853335807
0, 1440, 0, 9223372036854775807, 0, 9223372036840375807
0, 1441, 0, 9223372036854775807, 0, 9223372036840365807
0, 1442, 0, 9223372036854775807, 0, 9223372036840355807
0, 1443, 0, 9223372036854775807, 0, 9223372036840345807
0, 1444, 0, 9223372036854775807, 0, 9223372036840335807
0, 1445, 0, 9223372036854775807, 0, 9223372036840325807
0, 1446, 0, 9223372036854775807, 0, 9223372036840315807
0, 1447, 0, 9223372036854775807, 0, 9223372036840305807
0, 1448, 0, 9223372036854775807, 0, 9223372036840295807
0, 1449, 0, 9223372036854775807, 0, 9223372036840285807
0, 145, 0, 9223372036854775807, 0, 9223372036853325807
0, 1450, 0, 9223372036854775807, 0, 9223372036840275807
0, 1451, 0, 9223372036854775807, 0, 9223372036840265807
0, 1452, 0, 9223372036854775807, 0, 9223372036840255807
0, 1453, 0, 9223372036854775807, 0, 9223372036840245807
0, 1454, 0, 9223372036854775807, 0, 9223372036840235807
0, 1455, 0, 9223372036854775807, 0, 9223372036840225807
0, 1456, 0, 9223372036854775807, 0, 9223372036840215807
0, 1457, 0, 9223372036854775807, 0, 9223372036840205807
0, 1458, 0, 9223372036854775807, 0, 9223372036840195807
0, 1459, 0, 9223372036854775807, 0, 9223372036840185807
0, 146, 0, 9223372036854775807, 0, 9223372036853315807
0, 1460, 0, 9223372036854775807, 0, 9223372036840175807
0, 1461, 0, 9223372036854775807, 0, 9223372036840165807
0, 1462, 0, 9223372036854775807, 0, 9223372036840155807
0, 1463, 0, 9223372036854775807, 0, 9223372036840145807
0, 1464, 0, 9223372036854775807, 0, 9223372036840135807
0, 1465, 0, 9223372036854775807, 0, 9223372036840125807
0, 1466, 0, 9223372036854775807, 0, 9223372036840115807
0, 1467, 0, 9223372036854775807, 0, 9223372036840105807
0, 1468, 0, 9223372036854775807, 0, 9223372036840095807
0, 1469, 0, 9223372036854775807, 0, 9223372036840085807
0, 147, 0, 9223372036854775807, 0, 9223372036853305807
0, 1470, 0, 9223372036854775807, 0, 9223372036840075807
0, 1471, 0, 9223372036854775807, 0, 9223372036840065807
0, 1472, 0, 9223372036854775807, 0, 9223372036840055807
0, 1473, 0, 9223372036854775807, 0, 9223372036840045807
0, 1474, 0, 9223372036854775807, 0, 9223372036840035807
0, 1475, 0, 9223372036854775807, 0, 9223372036840025807
0, 1476, 0, 9223372036854775807, 0, 9223372036840015807
0, 1477, 0, 9223372036854775807, 0, 9223372036840005807
0, 1478, 0, 9223372036854775807, 0, 9223372036839995807
0, 1479, 0, 9223372036854775807, 0, 9223372036839985807
0, 148, 0, 9223372036854775807, 0, 9223372036853295807
0, 1480, 0, 9223372036854775807, 0, 9223372036839975807
0, 1481, 0, 9223372036854775807, 0, 9223372036839965807
0, 1482, 0, 9223372036854775807, 0, 9223372036839955807
0, 1483, 0, 9223372036854775807, 0, 9223372036839945807
0, 1484, 0, 9223372036854775807, 0, 9223372036839935807
0, 1485, 0, 9223372036854775807, 0, 9223372036839925807
0, 1486, 0, 9223372036854775807, 0, 9223372036839915807
0, 1487, 0, 9223372036854775807, 0, 9223372036839905807
0, 1488, 0, 9223372036854775807, 0, 9223372036839895807
0, 1489, 0, 9223372036854775807, 0, 9223372036839885807
0, 149, 0, 9223372036854775807, 0, 9223372036853285807
0, 1490, 0, 9223372036854775807, 0, 9223372036839875807
0, 1491, 0, 9223372036854775807, 0, 9223372036839865807
0, 1492, 0, 9223372036854775807, 0, 9223372036839855807
0, 1493, 0, 9223372036854775807, 0, 9223372036839845807
0, 1494, 0, 9223372036854775807, 0, 9223372036839835807
0, 1495, 0, 9223372036854775807, 0, 9223372036839825807
0, 1496, 0, 9223372036854775807, 0, 9223372036839815807
0, 1497, 0, 9223372036854775807, 0, 9223372036839805807
0, 1498, 0, 9223372036854775807, 0, 9223372036839795807
0, 1499, 0, 9223372036854775807, 0, 9223372036839785807
0, 15, 0, 9223372036854775807, 0, 9223372036854625807
0, 150, 0, 9223372036854775807, 0, 9223372036853275807
0, 1500, 0, 9223372036854775807, 0, 9223372036839775807
0, 1501, 0, 9223372036854775807, 0, 9223372036839765807
0, 1502, 0, 9223372036854775807, 0, 9223372036839755807
0, 1503, 0, 9223372036854775807, 0, 9223372036839745807
0, 1504, 0, 9223372036854775807, 0, 9223372036839735807
0, 1505, 0, 9223372036854775807, 0, 9223372036839725807
0, 1506, 0, 9223372036854775807, 0, 9223372036839715807
0, 1507, 0, 9223372036854775807, 0, 9223372036839705807
0, 1508, 0, 9223372036854775807, 0, 9223372036839695807
0, 1509, 0, 9223372036854775807, 0, 9223372036839685807
0, 151, 0, 9223372036854775807, 0, 9223372036853265807
0, 1510, 0, 9223372036854775807, 0, 9223372036839675807
0, 1511, 0, 9223372036854775807, 0, 9223372036839665807
0, 1512, 0, 9223372036854775807, 0, 9223372036839655807
0, 1513, 0, 9223372036854775807, 0, 9223372036839645807
0, 1514, 0, 9223372036854775807, 0, 9223372036839635807
0, 1515, 0, 9223372036854775807, 0, 9223372036839625807
0, 1516, 0, 9223372036854775807, 0, 9223372036839615807
0, 1517, 0, 9223372036854775807, 0, 9223372036839605807
0, 1518, 0, 9223372036854775807, 0, 9223372036839595807
0, 1519, 0, 9223372036854775807, 0, 9223372036839585807
0, 152, 0, 9223372036854775807, 0, 9223372036853255807
0, 1520, 0, 9223372036854775807, 0, 9223372036839575807
0, 1521, 0, 9223372036854775807, 0, 9223372036839565807
0, 1522, 0, 9223372036854775807, 0, 9223372036839555807
0, 1523, 0, 9223372036854775807, 0, 9223372036839545807
0, 1524, 0, 9223372036854775807, 0, 9223372036839535807
0, 1525, 0, 9223372036854775807, 0, 9223372036839525807
0, 1526, 0, 9223372036854775807, 0, 9223372036839515807
0, 1527, 0, 9223372036854775807, 0, 9223372036839505807
0, 1528, 0, 9223372036854775807, 0, 9223372036839495807
0, 1529, 0, 9223372036854775807, 0, 9223372036839485807
0, 153, 0, 9223372036854775807, 0, 9223372036853245807
0, 1530, 0, 9223372036854775807, 0, 9223372036839475807
0, 1531, 0, 9223372036854775807, 0, 9223372036839465807
0, 1532, 0, 9223372036854775807, 0, 9223372036839455807
0, 1533, 0, 9223372036854775807, 0, 9223372036839445807
0, 1534, 0, 9223372036854775807, 0, 9223372036839435807
0, 1535, 0, 9223372036854775807, 0, 9223372036839425807
0, 1536, 0, 9223372036854775807, 0, 9223372036839415807
0, 1537, 0, 9223372036854775807, 0, 9223372036839405807
0, 1538, 0, 9223372036854775807, 0, 9223372036839395807
0, 1539, 0, 9223372036854775807, 0, 9223372036839385807
0, 154, 0, 9223372036854775807, 0, 9223372036853235807
0, 1540, 0, 9223372036854775807, 0, 9223372036839375807
0, 1541, 0, 9223372036854775807, 0, 9223372036839365807
0, 1542, 0, 9223372036854775807, 0, 9223372036839355807
0, 1543, 0, 9223372036854775807, 0, 9223372036839345807
0, 1544, 0, 9223372036854775807, 0, 9223372036839335807
0, 1545, 0, 9223372036854775807, 0, 9223372036839325807
0, 1546, 0, 9223372036854775807, 0, 9223372036839315807
0, 1547, 0, 9223372036854775807, 0, 9223372036839305807
0, 1548, 0, 9223372036854775807, 0, 9223372036839295807
0, 1549, 0, 9223372036854775807, 0, 9223372036839285807
0, 155, 0, 9223372036854775807, 0, 9223372036853225807
0, 1550, 0, 9223372036854775807, 0, 9223372036839275807
0, 1551, 0, 9223372036854775807, 0, 9223372036839265807
0, 1552, 0, 9223372036854775807, 0, 9223372036839255807
0, 1553, 0, 9223372036854775807, 0, 9223372036839245807
0, 1554, 0, 9223372036854775807, 0, 9223372036839235807
0, 1555, 0, 9223372036854775807, 0, 9223372036839225807
0, 1556, 0, 9223372036854775807, 0, 9223372036839215807
0, 1557, 0, 9223372036854775807, 0, 9223372036839205807
0, 1558, 0, 9223372036854775807, 0, 9223372036839195807
0, 1559, 0, 9223372036854775807, 0, 9223372036839185807
0, 156, 0, 9223372036854775807, 0, 9223372036853215807
0, 1560, 0, 9223372036854775807, 0, 9223372036839175807
0, 1561, 0, 9223372036854775807, 0, 9223372036839165807
0, 1562, 0, 9223372036854775807, 0, 9223372036839155807
0, 1563, 0, 9223372036854775807, 0, 9223372036839145807
0, 1564, 0, 9223372036854775807, 0, 9223372036839135807
0, 1565, 0, 9223372036854775807, 0, 9223372036839125807
0, 1566, 0, 9223372036854775807, 0, 9223372036839115807
0, 1567, 0, 9223372036854775807, 0, 9223372036839105807
0, 1568, 0, 9223372036854775807, 0, 9223372036839095807
0, 1569, 0, 9223372036854775807, 0, 9223372036839085807
0, 157, 0, 9223372036854775807, 0, 9223372036853205807
0, 1570, 0, 9223372036854775807, 0, 9223372036839075807
0, 1571, 0, 9223372036854775807, 0, 9223372036839065807
0, 1572, 0, 9223372036854775807, 0, 9223372036839055807
0, 1573, 0, 9223372036854775807, 0, 9223372036839045807
0, 1574, 0, 9223372036854775807, 0, 9223372036839035807
0, 1575, 0, 9223372036854775807, 0, 9223372036839025807
0, 1576, 0, 9223372036854775807, 0, 9223372036839015807
0, 1577, 0, 9223372036854775807, 0, 9223372036839005807
0, 1578, 0, 9223372036854775807, 0, 9223372036838995807
0, 1579, 0, 9223372036854775807, 0, 9223372036838985807
0, 158, 0, 9223372036854775807, 0, 9223372036853195807
0, 1580, 0, 9223372036854775807, 0, 9223372036838975807
0, 1581, 0, 9223372036854775807, 0, 9223372036838965807
0, 1582, 0, 9223372036854775807, 0, 9223372036838955807
0, 1583, 0, 9223372036854775807, 0, 9223372036838945807
0, 1584, 0, 9223372036854775807, 0, 9223372036838935807
0, 1585, 0, 9223372036854775807, 0, 9223372036838925807
0, 1586, 0, 9223372036854775807, 0, 9223372036838915807
0, 1587, 0, 9223372036854775807, 0, 9223372036838905807
0, 1588, 0, 9223372036854775807, 0, 9223372036838895807
0, 1589, 0, 9223372036854775807, 0, 9223372036838885807
0, 159, 0, 9223372036854775807, 0, 9223372036853185807
0, 1590, 0, 9223372036854775807, 0, 9223372036838875807
0, 1591, 0, 9223372036854775807, 0, 9223372036838865807
0, 1592, 0, 9223372036854775807, 0, 9223372036838855807
0, 1593, 0, 9223372036854775807, 0, 9223372036838845807
0, 1594, 0, 9223372036854775807, 0, 9223372036838835807
0, 1595, 0, 9223372036854775807, 0, 9223372036838825807
0, 1596, 0, 9223372036854775807, 0, 9223372036838815807
0, 1597, 0, 9223372036854775807, 0, 9223372036838805807
0, 1598, 0, 9223372036854775807, 0, 9223372036838795807
0, 1599, 0, 9223372036854775807, 0, 9223372036838785807
0, 16, 0, 9223372036854775807, 0, 9223372036854615807
0, 160, 0, 9223372036854775807, 0, 9223372036853175807
0, 1600, 0, 9223372036854775807, 0, 9223372036838775807
0, 1601, 0, 9223372036854775807, 0, 9223372036838765807
0, 1602, 0, 9223372036854775807, 0, 9223372036838755807
0, 1603, 0, 9223372036854775807, 0, 9223372036838745807
0, 1604, 0, 9223372036854775807, 0, 9223372036838735807
0, 1605, 0, 9223372036854775807, 0, 9223372036838725807
0, 1606, 0, 9223372036854775807, 0, 9223372036838715807
0, 1607, 0, 9223372036854775807, 0, 9223372036838705807
0, 1608, 0, 9223372036854775807, 0, 9223372036838695807
0, 1609, 0, 9223372036854775807, 0, 9223372036838685807
0, 161, 0, 9223372036854775807, 0, 9223372036853165807
0, 1610, 0, 9223372036854775807, 0, 9223372036838675807
0, 1611, 0, 9223372036854775807, 0, 9223372036838665807
0, 1612, 0, 9223372036854775807, 0, 9223372036838655807
0, 1613, 0, 9223372036854775807, 0, 9223372036838645807
0, 1614, 0, 9223372036854775807, 0, 9223372036838635807
0, 1615, 0, 9223372036854775807, 0, 9223372036838625807
0, 1616, 0, 9223372036854775807, 0, 9223372036838615807
0, 1617, 0, 9223372036854775807, 0, 9223372036838605807
0, 1618, 0, 9223372036854775807, 0, 9223372036838595807
0, 1619, 0, 9223372036854775807, 0, 9223372036838585807
0, 162, 0, 9223372036854775807, 0, 9223372036853155807
0, 1620, 0, 9223372036854775807, 0, 9223372036838575807
0, 1621, 0, 9223372036854775807, 0, 9223372036838565807
0, 1622, 0, 9223372036854775807, 0, 9223372036838555807
0, 1623, 0, 9223372036854775807, 0, 9223372036838545807
0, 1624, 0, 9223372036854775807, 0, 9223372036838535807
0, 1625, 0, 9223372036854775807, 0, 9223372036838525807
0, 1626, 0, 9223372036854775807, 0, 9223372036838515807
0, 1627, 0, 9223372036854775807, 0, 9223372036838505807
0, 1628, 0, 9223372036854775807, 0, 9223372036838495807
0, 1629, 0, 9223372036854775807, 0, 9223372036838485807
0, 163, 0, 9223372036854775807, 0, 9223372036853145807
0, 1630, 0, 9223372036854775807, 0, 9223372036838475807
0, 1631, 0, 9223372036854775807, 0, 9223372036838465807
0, 1632, 0, 9223372036854775807, 0, 9223372036838455807
0, 1633, 0, 9223372036854775807, 0, 9223372036838445807
0, 1634, 0, 9223372036854775807, 0, 9223372036838435807
0, 1635, 0, 9223372036854775807, 0, 9223372036838425807
0, 1636, 0, 9223372036854775807, 0, 9223372036838415807
0, 1637, 0, 9223372036854775807, 0, 9223372036838405807
0, 1638, 0, 9223372036854775807, 0, 9223372036838395807
0, 1639, 0, 9223372036854775807, 0, 9223372036838385807
0, 164, 0, 9223372036854775807, 0, 9223372036853135807
0, 1640, 0, 9223372036854775807, 0, 9223372036838375807
0, 1641, 0, 9223372036854775807, 0, 9223372036838365807
0, 1642, 0, 9223372036854775807, 0, 9223372036838355807
0, 1643, 0, 9223372036854775807, 0, 9223372036838345807
0, 1644, 0, 9223372036854775807, 0, 9223372036838335807
0, 1645, 0, 9223372036854775807, 0, 9223372036838325807
0, 1646, 0, 9223372036854775807, 0, 9223372036838315807
0, 1647, 0, 9223372036854775807, 0, 9223372036838305807
0, 1648, 0, 9223372036854775807, 0, 9223372036838295807
0, 1649, 0, 9223372036854775807, 0, 9223372036838285807
0, 165, 0, 9223372036854775807, 0, 9223372036853125807
0, 1650, 0, 9223372036854775807, 0, 9223372036838275807
0, 1651, 0, 9223372036854775807, 0, 9223372036838265807
0, 1652, 0, 9223372036854775807, 0, 9223372036838255807
0, 1653, 0, 9223372036854775807, 0, 9223372036838245807
0, 1654, 0, 9223372036854775807, 0, 9223372036838235807
0, 1655, 0, 9223372036854775807, 0, 9223372036838225807
0, 1656, 0, 9223372036854775807, 0, 9223372036838215807
0, 1657, 0, 9223372036854775807, 0, 9223372036838205807
0, 1658, 0, 9223372036854775807, 0, 9223372036838195807
0, 1659, 0, 9223372036854775807, 0, 9223372036838185807
0, 166, 0, 9223372036854775807, 0, 9223372036853115807
0, 1660, 0, 9223372036854775807, 0, 9223372036838175807
0, 1661, 0, 9223372036854775807, 0, 9223372036838165807
0, 1662, 0, 9223372036854775807, 0, 9223372036838155807
0, 1663, 0, 9223372036854775807, 0, 9223372036838145807
0, 1664, 0, 9223372036854775807, 0, 9223372036838135807
0, 1665, 0, 9223372036854775807, 0, 9223372036838125807
0, 1666, 0, 9223372036854775807, 0, 9223372036838115807
0, 1667, 0, 9223372036854775807, 0, 9223372036838105807
0, 1668, 0, 9223372036854775807, 0, 9223372036838095807
0, 1669, 0, 9223372036854775807, 0, 9223372036838085807
0, 167, 0, 9223372036854775807, 0, 9223372036853105807
0, 1670, 0, 9223372036854775807, 0, 9223372036838075807
0, 1671, 0, 9223372036854775807, 0, 9223372036838065807
0, 1672, 0, 9223372036854775807, 0, 9223372036838055807
0, 1673, 0, 9223372036854775807, 0, 9223372036838045807
0, 1674, 0, 9223372036854775807, 0, 9223372036838035807
0, 1675, 0, 9223372036854775807, 0, 9223372036838025807
0, 1676, 0, 9223372036854775807, 0, 9223372036838015807
0, 1677, 0, 9223372036854775807, 0, 9223372036838005807
0, 1678, 0, 9223372036854775807, 0, 9223372036837995807
0, 1679, 0, 9223372036854775807, 0, 9223372036837985807
0, 168, 0, 9223372036854775807, 0, 9223372036853095807
0, 1680, 0, 9223372036854775807, 0, 9223372036837975807
0, 1681, 0, 9223372036854775807, 0, 9223372036837965807
0, 1682, 0, 9223372036854775807, 0, 9223372036837955807
0, 1683, 0, 9223372036854775807, 0, 9223372036837945807
0, 1684, 0, 9223372036854775807, 0, 9223372036837935807
0, 1685, 0, 9223372036854775807, 0, 9223372036837925807
0, 1686, 0, 9223372036854775807, 0, 9223372036837915807
0, 1687, 0, 9223372036854775807, 0, 9223372036837905807
0, 1688, 0, 9223372036854775807, 0, 9223372036837895807
0, 1689, 0, 9223372036854775807, 0, 9223372036837885807
0, 169, 0, 9223372036854775807, 0, 9223372036853085807
0, 1690, 0, 9223372036854775807, 0, 9223372036837875807
0, 1691, 0, 9223372036854775807, 0, 9223372036837865807
0, 1692, 0, 9223372036854775807, 0, 9223372036837855807
0, 1693, 0, 9223372036854775807, 0, 9223372036837845807
0, 1694, 0, 9223372036854775807, 0, 9223372036837835807
0, 1695, 0, 9223372036854775807, 0, 9223372036837825807
0, 1696, 0, 9223372036854775807, 0, 9223372036837815807
0, 1697, 0, 9223372036854775807, 0, 9223372036837805807
0, 1698, 0, 9223372036854775807, 0, 9223372036837795807
0, 1699, 0, 9223372036854775807, 0, 9223372036837785807
0, 17, 0, 9223372036854775807, 0, 9223372036854605807
0, 170, 0, 9223372036854775807, 0, 9223372036853075807
0, 1700, 0, 9223372036854775807, 0, 9223372036837775807
0, 1701, 0, 9223372036854775807, 0, 9223372036837765807
0, 1702, 0, 9223372036854775807, 0, 9223372036837755807
0, 1703, 0, 9223372036854775807, 0, 9223372036837745807
0, 1704, 0, 9223372036854775807, 0, 9223372036837735807
0, 1705, 0, 9223372036854775807, 0, 9223372036837725807
0, 1706, 0, 9223372036854775807, 0, 9223372036837715807
0, 1707, 0, 9223372036854775807, 0, 9223372036837705807
0, 1708, 0, 9223372036854775807, 0, 9223372036837695807
0, 1709, 0, 9223372036854775807, 0, 9223372036837685807
0, 171, 0, 9223372036854775807, 0, 9223372036853065807
0, 1710, 0, 9223372036854775807, 0, 9223372036837675807
0, 1711, 0, 9223372036854775807, 0, 9223372036837665807
0, 1712, 0, 9223372036854775807, 0, 9223372036837655807
0, 1713, 0, 9223372036854775807, 0, 9223372036837645807
0, 1714, 0, 9223372036854775807, 0, 9223372036837635807
0, 1715, 0, 9223372036854775807, 0, 9223372036837625807
0, 1716, 0, 9223372036854775807, 0, 9223372036837615807
0, 1717, 0, 9223372036854775807, 0, 9223372036837605807
0, 1718, 0, 9223372036854775807, 0, 9223372036837595807
0, 1719, 0, 9223372036854775807, 0, 9223372036837585807
0, 172, 0, 9223372036854775807, 0, 9223372036853055807
0, 1720, 0, 9223372036854775807, 0, 9223372036837575807
0, 1721, 0, 9223372036854775807, 0, 9223372036837565807
0, 1722, 0, 9223372036854775807, 0, 9223372036837555807
0, 1723, 0, 9223372036854775807, 0, 9223372036837545807
0, 1724, 0, 9223372036854775807, 0, 9223372036837535807
0, 1725, 0, 9223372036854775807, 0, 9223372036837525807
0, 1726, 0, 9223372036854775807, 0, 9223372036837515807
0, 1727, 0, 9223372036854775807, 0, 9223372036837505807
0, 1728, 0, 9223372036854775807, 0, 9223372036837495807
0, 1729, 0, 9223372036854775807, 0, 9223372036837485807
0, 173, 0, 9223372036854775807, 0, 9223372036853045807
0, 1730, 0, 9223372036854775807, 0, 9223372036837475807
0, 1731, 0, 9223372036854775807, 0, 9223372036837465807
0, 1732, 0, 9223372036854775807, 0, 9223372036837455807
0, 1733, 0, 9223372036854775807, 0, 9223372036837445807
0, 1734, 0, 9223372036854775807, 0, 9223372036837435807
0, 1735, 0, 9223372036854775807, 0, 9223372036837425807
0, 1736, 0, 9223372036854775807, 0, 9223372036837415807
0, 1737, 0, 9223372036854775807, 0, 9223372036837405807
0, 1738, 0, 9223372036854775807, 0, 9223372036837395807
0, 1739, 0, 9223372036854775807, 0, 9223372036837385807
0, 174, 0, 9223372036854775807, 0, 9223372036853035807
0, 1740, 0, 9223372036854775807, 0, 9223372036837375807
0, 1741, 0, 9223372036854775807, 0, 9223372036837365807
0, 1742, 0, 9223372036854775807, 0, 9223372036837355807
0, 1743, 0, 9223372036854775807, 0, 9223372036837345807
0, 1744, 0, 9223372036854775807, 0, 9223372036837335807
0, 1745, 0, 9223372036854775807, 0, 9223372036837325807
0, 1746, 0, 9223372036854775807, 0, 9223372036837315807
0, 1747, 0, 9223372036854775807, 0, 9223372036837305807
0, 1748, 0, 9223372036854775807, 0, 9223372036837295807
0, 1749, 0, 9223372036854775807, 0, 9223372036837285807
0, 175, 0, 9223372036854775807, 0, 9223372036853025807
0, 1750, 0, 9223372036854775807, 0, 9223372036837275807
0, 1751, 0, 9223372036854775807, 0, 9223372036837265807
0, 1752, 0, 9223372036854775807, 0, 9223372036837255807
0, 1753, 0, 9223372036854775807, 0, 9223372036837245807
0, 1754, 0, 9223372036854775807, 0, 9223372036837235807
0, 1755, 0, 9223372036854775807, 0, 9223372036837225807
0, 1756, 0, 9223372036854775807, 0, 9223372036837215807
0, 1757, 0, 9223372036854775807, 0, 9223372036837205807
0, 1758, 0, 9223372036854775807, 0, 9223372036837195807
0, 1759, 0, 9223372036854775807, 0, 9223372036837185807
0, 176, 0, 9223372036854775807, 0, 9223372036853015807
0, 1760, 0, 9223372036854775807, 0, 9223372036837175807
0, 1761, 0, 9223372036854775807, 0, 9223372036837165807
0, 1762, 0, 9223372036854775807, 0, 9223372036837155807
0, 1763, 0, 9223372036854775807, 0, 9223372036837145807
0, 1764, 0, 9223372036854775807, 0, 9223372036837135807
0, 1765, 0, 9223372036854775807, 0, 9223372036837125807
0, 1766, 0, 9223372036854775807, 0, 9223372036837115807
0, 1767, 0, 9223372036854775807, 0, 9223372036837105807
0, 1768, 0, 9223372036854775807, 0, 9223372036837095807
0, 1769, 0, 9223372036854775807, 0, 9223372036837085807
0, 177, 0, 9223372036854775807, 0, 9223372036853005807
0, 1770, 0, 9223372036854775807, 0, 9223372036837075807
0, 1771, 0, 9223372036854775807, 0, 9223372036837065807
0, 1772, 0, 9223372036854775807, 0, 9223372036837055807
0, 1773, 0, 9223372036854775807, 0, 9223372036837045807
0, 1774, 0, 9223372036854775807, 0, 9223372036837035807
0, 1775, 0, 9223372036854775807, 0, 9223372036837025807
0, 1776, 0, 9223372036854775807, 0, 9223372036837015807
0, 1777, 0, 9223372036854775807, 0, 9223372036837005807
0, 1778, 0, 9223372036854775807, 0, 9223372036836995807
0, 1779, 0, 9223372036854775807, 0, 9223372036836985807
0, 178, 0, 9223372036854775807, 0, 9223372036852995807
0, 1780, 0, 9223372036854775807, 0, 9223372036836975807
0, 1781, 0, 9223372036854775807, 0, 9223372036836965807
0, 1782, 0, 9223372036854775807, 0, 9223372036836955807
0, 1783, 0, 9223372036854775807, 0, 9223372036836945807
0, 1784, 0, 9223372036854775807, 0, 9223372036836935807
0, 1785, 0, 9223372036854775807, 0, 9223372036836925807
0, 1786, 0, 9223372036854775807, 0, 9223372036836915807
0, 1787, 0, 9223372036854775807, 0, 9223372036836905807
0, 1788, 0, 9223372036854775807, 0, 9223372036836895807
0, 1789, 0, 9223372036854775807, 0, 9223372036836885807
0, 179, 0, 9223372036854775807, 0, 9223372036852985807
0, 1790, 0, 9223372036854775807, 0, 9223372036836875807
0, 1791, 0, 9223372036854775807, 0, 9223372036836865807
0, 1792, 0, 9223372036854775807, 0, 9223372036836855807
0, 1793, 0, 9223372036854775807, 0, 9223372036836845807
0, 1794, 0, 9223372036854775807, 0, 9223372036836835807
0, 1795, 0, 9223372036854775807, 0, 9223372036836825807
0, 1796, 0, 9223372036854775807, 0, 9223372036836815807
0, 1797, 0, 9223372036854775807, 0, 9223372036836805807
0, 1798, 0, 9223372036854775807, 0, 9223372036836795807
0, 1799, 0, 9223372036854775807, 0, 9223372036836785807
0, 18, 0, 9223372036854775807, 0, 9223372036854595807
0, 180, 0, 9223372036854775807, 0, 9223372036852975807
0, 1800, 0, 9223372036854775807, 0, 9223372036836775807
0, 1801, 0, 9223372036854775807, 0, 9223372036836765807
0, 1802, 0, 9223372036854775807, 0, 9223372036836755807
0, 1803, 0, 9223372036854775807, 0, 9223372036836745807
0, 1804, 0, 9223372036854775807, 0, 9223372036836735807
0, 1805, 0, 9223372036854775807, 0, 9223372036836725807
0, 1806, 0, 9223372036854775807, 0, 9223372036836715807
0, 1807, 0, 9223372036854775807, 0, 9223372036836705807
0, 1808, 0, 9223372036854775807, 0, 9223372036836695807
0, 1809, 0, 9223372036854775807, 0, 9223372036836685807
0, 181, 0, 9223372036854775807, 0, 9223372036852965807
0, 1810, 0, 9223372036854775807, 0, 9223372036836675807
0, 1811, 0, 9223372036854775807, 0, 9223372036836665807
0, 1812, 0, 9223372036854775807, 0, 9223372036836655807
0, 1813, 0, 9223372036854775807, 0, 9223372036836645807
0, 1814, 0, 9223372036854775807, 0, 9223372036836635807
0, 1815, 0, 9223372036854775807, 0, 9223372036836625807
0, 1816, 0, 9223372036854775807, 0, 9223372036836615807
0, 1817, 0, 9223372036854775807, 0, 9223372036836605807
0, 1818, 0, 9223372036854775807, 0, 9223372036836595807
0, 1819, 0, 9223372036854775807, 0, 9223372036836585807
0, 182, 0, 9223372036854775807, 0, 9223372036852955807
0, 1820, 0, 9223372036854775807, 0, 9223372036836575807
0, 1821, 0, 9223372036854775807, 0, 9223372036836565807
0, 1822, 0, 9223372036854775807, 0, 9223372036836555807
0, 1823, 0, 9223372036854775807, 0, 9223372036836545807
0, 1824, 0, 9223372036854775807, 0, 9223372036836535807
0, 1825, 0, 9223372036854775807, 0, 9223372036836525807
0, 1826, 0, 9223372036854775807, 0, 9223372036836515807
0, 1827, 0, 9223372036854775807, 0, 9223372036836505807
0, 1828, 0, 9223372036854775807, 0, 9223372036836495807
0, 1829, 0, 9223372036854775807, 0, 9223372036836485807
0, 183, 0, 9223372036854775807, 0, 9223372036852945807
0, 1830, 0, 9223372036854775807, 0, 9223372036836475807
0, 1831, 0, 9223372036854775807, 0, 9223372036836465807
0, 1832, 0, 9223372036854775807, 0, 9223372036836455807
0, 1833, 0, 9223372036854775807, 0, 9223372036836445807
0, 1834, 0, 9223372036854775807, 0, 9223372036836435807
0, 1835, 0, 9223372036854775807, 0, 9223372036836425807
0, 1836, 0, 9223372036854775807, 0, 9223372036836415807
0, 1837, 0, 9223372036854775807, 0, 9223372036836405807
0, 1838, 0, 9223372036854775807, 0, 9223372036836395807
0, 1839, 0, 9223372036854775807, 0, 9223372036836385807
0, 184, 0, 9223372036854775807, 0, 9223372036852935807
0, 1840, 0, 9223372036854775807, 0, 9223372036836375807
0, 1841, 0, 9223372036854775807, 0, 9223372036836365807
0, 1842, 0, 9223372036854775807, 0, 9223372036836355807
0, 1843, 0, 9223372036854775807, 0, 9223372036836345807
0, 1844, 0, 9223372036854775807, 0, 9223372036836335807
0, 1845, 0, 9223372036854775807, 0, 9223372036836325807
0, 1846, 0, 9223372036854775807, 0, 9223372036836315807
0, 1847, 0, 9223372036854775807, 0, 9223372036836305807
0, 1848, 0, 9223372036854775807, 0, 9223372036836295807
0, 1849, 0, 9223372036854775807, 0, 9223372036836285807
0, 185, 0, 9223372036854775807, 0, 9223372036852925807
0, 1850, 0, 9223372036854775807, 0, 9223372036836275807
0, 1851, 0, 9223372036854775807, 0, 9223372036836265807
0, 1852, 0, 9223372036854775807, 0, 9223372036836255807
0, 1853, 0, 9223372036854775807, 0, 9223372036836245807
0, 1854, 0, 9223372036854775807, 0, 9223372036836235807
0, 1855, 0, 9223372036854775807, 0, 9223372036836225807
0, 1856, 0, 9223372036854775807, 0, 9223372036836215807
0, 1857, 0, 9223372036854775807, 0, 9223372036836205807
0, 1858, 0, 9223372036854775807, 0, 9223372036836195807
0, 1859, 0, 9223372036854775807, 0, 9223372036836185807
0, 186, 0, 9223372036854775807, 0, 9223372036852915807
0, 1860, 0, 9223372036854775807, 0, 9223372036836175807
0, 1861, 0, 9223372036854775807, 0, 9223372036836165807
0, 1862, 0, 9223372036854775807, 0, 9223372036836155807
0, 1863, 0, 9223372036854775807, 0, 9223372036836145807
0, 1864, 0, 9223372036854775807, 0, 9223372036836135807
0, 1865, 0, 9223372036854775807, 0, 9223372036836125807
0, 1866, 0, 9223372036854775807, 0, 9223372036836115807
0, 1867, 0, 9223372036854775807, 0, 9223372036836105807
0, 1868, 0, 9223372036854775807, 0, 9223372036836095807
0, 1869, 0, 9223372036854775807, 0, 9223372036836085807
0, 187, 0, 9223372036854775807, 0, 9223372036852905807
0, 1870, 0, 9223372036854775807, 0, 9223372036836075807
0, 1871, 0, 9223372036854775807, 0, 9223372036836065807
0, 1872, 0, 9223372036854775807, 0, 9223372036836055807
0, 1873, 0, 9223372036854775807, 0, 9223372036836045807
0, 1874, 0, 9223372036854775807, 0, 9223372036836035807
0, 1875, 0, 9223372036854775807, 0, 9223372036836025807
0, 1876, 0, 9223372036854775807, 0, 9223372036836015807
0, 1877, 0, 9223372036854775807, 0, 9223372036836005807
0, 1878, 0, 9223372036854775807, 0, 9223372036835995807
0, 1879, 0, 9223372036854775807, 0, 9223372036835985807
0, 188, 0, 9223372036854775807, 0, 9223372036852895807
0, 1880, 0, 9223372036854775807, 0, 9223372036835975807
0, 1881, 0, 9223372036854775807, 0, 9223372036835965807
0, 1882, 0, 9223372036854775807, 0, 9223372036835955807
0, 1883, 0, 9223372036854775807, 0, 9223372036835945807
0, 1884, 0, 9223372036854775807, 0, 9223372036835935807
0, 1885, 0, 9223372036854775807, 0, 9223372036835925807
0, 1886, 0, 9223372036854775807, 0, 9223372036835915807
0, 1887, 0, 9223372036854775807, 0, 9223372036835905807
0, 1888, 0, 9223372036854775807, 0, 9223372036835895807
0, 1889, 0, 9223372036854775807, 0, 9223372036835885807
0, 189, 0, 9223372036854775807, 0, 9223372036852885807
0, 1890, 0, 9223372036854775807, 0, 9223372036835875807
0, 1891, 0, 9223372036854775807, 0, 9223372036835865807
0, 1892, 0, 9223372036854775807, 0, 9223372036835855807
0, 1893, 0, 9223372036854775807, 0, 9223372036835845807
0, 1894, 0, 9223372036854775807, 0, 9223372036835835807
0, 1895, 0, 9223372036854775807, 0, 9223372036835825807
0, 1896, 0, 9223372036854775807, 0, 9223372036835815807
0, 1897, 0, 9223372036854775807, 0, 9223372036835805807
0, 1898, 0, 9223372036854775807, 0, 9223372036835795807
0, 1899, 0, 9223372036854775807, 0, 9223372036835785807
0, 19, 0, 9223372036854775807, 0, 9223372036854585807
0, 190, 0, 9223372036854775807, 0, 9223372036852875807
0, 1900, 0, 9223372036854775807, 0, 9223372036835775807
0, 1901, 0, 9223372036854775807, 0, 9223372036835765807
0, 1902, 0, 9223372036854775807, 0, 9223372036835755807
0, 1903, 0, 9223372036854775807, 0, 9223372036835745807
0, 1904, 0, 9223372036854775807, 0, 9223372036835735807
0, 1905, 0, 9223372036854775807, 0, 9223372036835725807
0, 1906, 0, 9223372036854775807, 0, 9223372036835715807
0, 1907, 0, 9223372036854775807, 0, 9223372036835705807
0, 1908, 0, 9223372036854775807, 0, 9223372036835695807
0, 1909, 0, 9223372036854775807, 0, 9223372036835685807
0, 191, 0, 9223372036854775807, 0, 9223372036852865807
0, 1910, 0, 9223372036854775807, 0, 9223372036835675807
0, 1911, 0, 9223372036854775807, 0, 9223372036835665807
0, 1912, 0, 9223372036854775807, 0, 9223372036835655807
0, 1913, 0, 9223372036854775807, 0, 9223372036835645807
0, 1914, 0, 9223372036854775807, 0, 9223372036835635807
0, 1915, 0, 9223372036854775807, 0, 9223372036835625807
0, 1916, 0, 9223372036854775807, 0, 9223372036835615807
0, 1917, 0, 9223372036854775807, 0, 9223372036835605807
0, 1918, 0, 9223372036854775807, 0, 9223372036835595807
0, 1919, 0, 9223372036854775807, 0, 9223372036835585807
0, 192, 0, 9223372036854775807, 0, 9223372036852855807
0, 1920, 0, 9223372036854775807, 0, 9223372036835575807
0, 1921, 0, 9223372036854775807, 0, 9223372036835565807
0, 1922, 0, 9223372036854775807, 0, 9223372036835555807
0, 1923, 0, 9223372036854775807, 0, 9223372036835545807
0, 1924, 0, 9223372036854775807, 0, 9223372036835535807
0, 1925, 0, 9223372036854775807, 0, 9223372036835525807
0, 1926, 0, 9223372036854775807, 0, 9223372036835515807
0, 1927, 0, 9223372036854775807, 0, 9223372036835505807
0, 1928, 0, 9223372036854775807, 0, 9223372036835495807
0, 1929, 0, 9223372036854775807, 0, 9223372036835485807
0, 193, 0, 9223372036854775807, 0, 9223372036852845807
0, 1930, 0, 9223372036854775807, 0, 9223372036835475807
0, 1931, 0, 9223372036854775807, 0, 9223372036835465807
0, 1932, 0, 9223372036854775807, 0, 9223372036835455807
0, 1933, 0, 9223372036854775807, 0, 9223372036835445807
0, 1934, 0, 9223372036854775807, 0, 9223372036835435807
0, 1935, 0, 9223372036854775807, 0, 9223372036835425807
0, 1936, 0, 9223372036854775807, 0, 9223372036835415807
0, 1937, 0, 9223372036854775807, 0, 9223372036835405807
0, 1938, 0, 9223372036854775807, 0, 9223372036835395807
0, 1939, 0, 9223372036854775807, 0, 9223372036835385807
0, 194, 0, 9223372036854775807, 0, 9223372036852835807
0, 1940, 0, 9223372036854775807, 0, 9223372036835375807
0, 1941, 0, 9223372036854775807, 0, 9223372036835365807
0, 1942, 0, 9223372036854775807, 0, 9223372036835355807
0, 1943, 0, 9223372036854775807, 0, 9223372036835345807
0, 1944, 0, 9223372036854775807, 0, 9223372036835335807
0, 1945, 0, 9223372036854775807, 0, 9223372036835325807
0, 1946, 0, 9223372036854775807, 0, 9223372036835315807
0, 1947, 0, 9223372036854775807, 0, 9223372036835305807
0, 1948, 0, 9223372036854775807, 0, 9223372036835295807
0, 1949, 0, 9223372036854775807, 0, 9223372036835285807
0, 195, 0, 9223372036854775807, 0, 9223372036852825807
0, 1950, 0, 9223372036854775807, 0, 9223372036835275807
0, 1951, 0, 9223372036854775807, 0, 9223372036835265807
0, 1952, 0, 9223372036854775807, 0, 9223372036835255807
0, 1953, 0, 9223372036854775807, 0, 9223372036835245807
0, 1954, 0, 9223372036854775807, 0, 9223372036835235807
0, 1955, 0, 9223372036854775807, 0, 9223372036835225807
0, 1956, 0, 9223372036854775807, 0, 9223372036835215807
0, 1957, 0, 9223372036854775807, 0, 9223372036835205807
0, 1958, 0, 9223372036854775807, 0, 9223372036835195807
0, 1959, 0, 9223372036854775807, 0, 9223372036835185807
0, 196, 0, 9223372036854775807, 0, 9223372036852815807
0, 1960, 0, 9223372036854775807, 0, 9223372036835175807
0, 1961, 0, 9223372036854775807, 0, 9223372036835165807
0, 1962, 0, 9223372036854775807, 0, 9223372036835155807
0, 1963, 0, 9223372036854775807, 0, 9223372036835145807
0, 1964, 0, 9223372036854775807, 0, 9223372036835135807
0, 1965, 0, 9223372036854775807, 0, 9223372036835125807
0, 1966, 0, 9223372036854775807, 0, 9223372036835115807
0, 1967, 0, 9223372036854775807, 0, 9223372036835105807
0, 1968, 0, 9223372036854775807, 0, 9223372036835095807
0, 1969, 0, 9223372036854775807, 0, 9223372036835085807
0, 197, 0, 9223372036854775807, 0, 9223372036852805807
0, 1970, 0, 9223372036854775807, 0, 9223372036835075807
0, 1971, 0, 9223372036854775807, 0, 9223372036835065807
0, 1972, 0, 9223372036854775807, 0, 9223372036835055807
0, 1973, 0, 9223372036854775807, 0, 9223372036835045807
0, 1974, 0, 9223372036854775807, 0, 9223372036835035807
0, 1975, 0, 9223372036854775807, 0, 9223372036835025807
0, 1976, 0, 9223372036854775807, 0, 9223372036835015807
0, 1977, 0, 9223372036854775807, 0, 9223372036835005807
0, 1978, 0, 9223372036854775807, 0, 9223372036834995807
0, 1979, 0, 9223372036854775807, 0, 9223372036834985807
0, 198, 0, 9223372036854775807, 0, 9223372036852795807
0, 1980, 0, 9223372036854775807, 0, 9223372036834975807
0, 1981, 0, 9223372036854775807, 0, 9223372036834965807
0, 1982, 0, 9223372036854775807, 0, 9223372036834955807
0, 1983, 0, 9223372036854775807, 0, 9223372036834945807
0, 1984, 0, 9223372036854775807, 0, 9223372036834935807
0, 1985, 0, 9223372036854775807, 0, 9223372036834925807
0, 1986, 0, 9223372036854775807, 0, 9223372036834915807
0, 1987, 0, 9223372036854775807, 0, 9223372036834905807
0, 1988, 0, 9223372036854775807, 0, 9223372036834895807
0, 1989, 0, 9223372036854775807, 0, 9223372036834885807
0, 199, 0, 9223372036854775807, 0, 9223372036852785807
0, 1990, 0, 9223372036854775807, 0, 9223372036834875807
0, 1991, 0, 9223372036854775807, 0, 9223372036834865807
0, 1992, 0, 9223372036854775807, 0, 9223372036834855807
0, 1993, 0, 9223372036854775807, 0, 9223372036834845807
0, 1994, 0, 9223372036854775807, 0, 9223372036834835807
0, 1995, 0, 9223372036854775807, 0, 9223372036834825807
0, 1996, 0, 9223372036854775807, 0, 9223372036834815807
0, 1997, 0, 9223372036854775807, 0, 9223372036834805807
0, 1998, 0, 9223372036854775807, 0, 9223372036834795807
0, 1999, 0, 9223372036854775807, 0, 9223372036834785807
0, 2, 24754, 28850, 4754, 8850
0, 20, 0, 9223372036854775807, 0, 9223372036854575807
0, 200, 0, 9223372036854775807, 0, 9223372036852775807
0, 2000, 0, 9223372036854775807, 0, 9223372036834775807
0, 2001, 0, 9223372036854775807, 0, 9223372036834765807
0, 2002, 0, 9223372036854775807, 0, 9223372036834755807
0, 2003, 0, 9223372036854775807, 0, 9223372036834745807
0, 2004, 0, 9223372036854775807, 0, 9223372036834735807
0, 2005, 0, 9223372036854775807, 0, 9223372036834725807
0, 2006, 0, 9223372036854775807, 0, 9223372036834715807
0, 2007, 0, 9223372036854775807, 0, 9223372036834705807
0, 2008, 0, 9223372036854775807, 0, 9223372036834695807
0, 2009, 0, 9223372036854775807, 0, 9223372036834685807
0, 201, 0, 9223372036854775807, 0, 9223372036852765807
0, 2010, 0, 9223372036854775807, 0, 9223372036834675807
0, 2011, 0, 9223372036854775807, 0, 9223372036834665807
0, 2012, 0, 9223372036854775807, 0, 9223372036834655807
0, 2013, 0, 9223372036854775807, 0, 9223372036834645807
0, 2014, 0, 9223372036854775807, 0, 9223372036834635807
0, 2015, 0, 9223372036854775807, 0, 9223372036834625807
0, 2016, 0, 9223372036854775807, 0, 9223372036834615807
0, 2017, 0, 9223372036854775807, 0, 9223372036834605807
0, 2018, 0, 9223372036854775807, 0, 9223372036834595807
0, 2019, 0, 9223372036854775807, 0, 9223372036834585807
0, 202, 0, 9223372036854775807, 0, 9223372036852755807
0, 2020, 0, 9223372036854775807, 0, 9223372036834575807
0, 2021, 0, 9223372036854775807, 0, 9223372036834565807
0, 2022, 0, 9223372036854775807, 0, 9223372036834555807
0, 2023, 0, 9223372036854775807, 0, 9223372036834545807
0, 2024, 0, 9223372036854775807, 0, 9223372036834535807
0, 2025, 0, 9223372036854775807, 0, 9223372036834525807
0, 2026, 0, 9223372036854775807, 0, 9223372036834515807
0, 2027, 0, 9223372036854775807, 0, 9223372036834505807
0, 2028, 0, 9223372036854775807, 0, 9223372036834495807
0, 2029, 0, 9223372036854775807, 0, 9223372036834485807
0, 203, 0, 9223372036854775807, 0, 9223372036852745807
0, 2030, 0, 9223372036854775807, 0, 9223372036834475807
0, 2031, 0, 9223372036854775807, 0, 9223372036834465807
0, 2032, 0, 9223372036854775807, 0, 9223372036834455807
0, 2033, 0, 9223372036854775807, 0, 9223372036834445807
0, 2034, 0, 9223372036854775807, 0, 9223372036834435807
0, 2035, 0, 9223372036854775807, 0, 9223372036834425807
0, 2036, 0, 9223372036854775807, 0, 9223372036834415807
0, 2037, 0, 9223372036854775807, 0, 9223372036834405807
0, 2038, 0, 9223372036854775807, 0, 9223372036834395807
0, 2039, 0, 9223372036854775807, 0, 9223372036834385807
0, 204, 0, 9223372036854775807, 0, 9223372036852735807
0, 2040, 0, 9223372036854775807, 0, 9223372036834375807
0, 2041, 0, 9223372036854775807, 0, 9223372036834365807
0, 2042, 0, 9223372036854775807, 0, 9223372036834355807
0, 2043, 0, 9223372036854775807, 0, 9223372036834345807
0, 2044, 0, 9223372036854775807, 0, 9223372036834335807
0, 2045, 0, 9223372036854775807, 0, 9223372036834325807
0, 2046, 0, 9223372036854775807, 0, 9223372036834315807
0, 2047, 0, 9223372036854775807, 0, 9223372036834305807
0, 2048, 0, 9223372036854775807, 0, 9223372036834295807
0, 2049, 0, 9223372036854775807, 0, 9223372036834285807
0, 205, 0, 9223372036854775807, 0, 9223372036852725807
0, 2050, 0, 9223372036854775807, 0, 9223372036834275807
0, 2051, 0, 9223372036854775807, 0, 9223372036834265807
0, 2052, 0, 9223372036854775807, 0, 9223372036834255807
0, 2053, 0, 9223372036854775807, 0, 9223372036834245807
0, 2054, 0, 9223372036854775807, 0, 9223372036834235807
0, 2055, 0, 9223372036854775807, 0, 9223372036834225807
0, 2056, 0, 9223372036854775807, 0, 9223372036834215807
0, 2057, 0, 9223372036854775807, 0, 9223372036834205807
0, 2058, 0, 9223372036854775807, 0, 9223372036834195807
0, 2059, 0, 9223372036854775807, 0, 9223372036834185807
0, 206, 0, 9223372036854775807, 0, 9223372036852715807
0, 2060, 0, 9223372036854775807, 0, 9223372036834175807
0, 2061, 0, 9223372036854775807, 0, 9223372036834165807
0, 2062, 0, 9223372036854775807, 0, 9223372036834155807
0, 2063, 0, 9223372036854775807, 0, 9223372036834145807
0, 2064, 0, 9223372036854775807, 0, 9223372036834135807
0, 2065, 0, 9223372036854775807, 0, 9223372036834125807
0, 2066, 0, 9223372036854775807, 0, 9223372036834115807
0, 2067, 0, 9223372036854775807, 0, 9223372036834105807
0, 2068, 0, 9223372036854775807, 0, 9223372036834095807
0, 2069, 0, 9223372036854775807, 0, 9223372036834085807
0, 207, 0, 9223372036854775807, 0, 9223372036852705807
0, 2070, 0, 9223372036854775807, 0, 9223372036834075807
0, 2071, 0, 9223372036854775807, 0, 9223372036834065807
0, 2072, 0, 9223372036854775807, 0, 9223372036834055807
0, 2073, 0, 9223372036854775807, 0, 9223372036834045807
0, 2074, 0, 9223372036854775807, 0, 9223372036834035807
0, 2075, 0, 9223372036854775807, 0, 9223372036834025807
0, 2076, 0, 9223372036854775807, 0, 9223372036834015807
0, 2077, 0, 9223372036854775807, 0, 9223372036834005807
0, 2078, 0, 9223372036854775807, 0, 9223372036833995807
0, 2079, 0, 9223372036854775807, 0, 9223372036833985807
0, 208, 0, 9223372036854775807, 0, 9223372036852695807
0, 2080, 0, 9223372036854775807, 0, 9223372036833975807
0, 2081, 0, 9223372036854775807, 0, 9223372036833965807
0, 2082, 0, 9223372036854775807, 0, 9223372036833955807
0, 2083, 0, 9223372036854775807, 0, 9223372036833945807
0, 2084, 0, 9223372036854775807, 0, 9223372036833935807
0, 2085, 0, 9223372036854775807, 0, 9223372036833925807
0, 2086, 0, 9223372036854775807, 0, 9223372036833915807
0, 2087, 0, 9223372036854775807, 0, 9223372036833905807
0, 2088, 0, 9223372036854775807, 0, 9223372036833895807
0, 2089, 0, 9223372036854775807, 0, 9223372036833885807
0, 209, 0, 9223372036854775807, 0, 9223372036852685807
0, 2090, 0, 9223372036854775807, 0, 9223372036833875807
0, 2091, 0, 9223372036854775807, 0, 9223372036833865807
0, 2092, 0, 9223372036854775807, 0, 9223372036833855807
0, 2093, 0, 9223372036854775807, 0, 9223372036833845807
0, 2094, 0, 9223372036854775807, 0, 9223372036833835807
0, 2095, 0, 9223372036854775807, 0, 9223372036833825807
0, 2096, 0, 9223372036854775807, 0, 9223372036833815807
0, 2097, 0, 9223372036854775807, 0, 9223372036833805807
0, 2098, 0, 9223372036854775807, 0, 9223372036833795807
0, 2099, 0, 9223372036854775807, 0, 9223372036833785807
0, 21, 0, 9223372036854775807, 0, 9223372036854565807
0, 210, 0, 9223372036854775807, 0, 9223372036852675807
0, 2100, 0, 9223372036854775807, 0, 9223372036833775807
0, 2101, 0, 9223372036854775807, 0, 9223372036833765807
0, 2102, 0, 9223372036854775807, 0, 9223372036833755807
0, 2103, 0, 9223372036854775807, 0, 9223372036833745807
0, 2104, 0, 9223372036854775807, 0, 9223372036833735807
0, 2105, 0, 9223372036854775807, 0, 9223372036833725807
0, 2106, 0, 9223372036854775807, 0, 9223372036833715807
0, 2107, 0, 9223372036854775807, 0, 9223372036833705807
0, 2108, 0, 9223372036854775807, 0, 9223372036833695807
0, 2109, 0, 9223372036854775807, 0, 9223372036833685807
0, 211, 0, 9223372036854775807, 0, 9223372036852665807
0, 2110, 0, 9223372036854775807, 0, 9223372036833675807
0, 2111, 0, 9223372036854775807, 0, 9223372036833665807
0, 2112, 0, 9223372036854775807, 0, 9223372036833655807
0, 2113, 0, 9223372036854775807, 0, 9223372036833645807
0, 2114, 0, 9223372036854775807, 0, 9223372036833635807
0, 2115, 0, 9223372036854775807, 0, 9223372036833625807
0, 2116, 0, 9223372036854775807, 0, 9223372036833615807
0, 2117, 0, 9223372036854775807, 0, 9223372036833605807
0, 2118, 0, 9223372036854775807, 0, 9223372036833595807
0, 2119, 0, 9223372036854775807, 0, 9223372036833585807
0, 212, 0, 9223372036854775807, 0, 9223372036852655807
0, 2120, 0, 9223372036854775807, 0, 9223372036833575807
0, 2121, 0, 9223372036854775807, 0, 9223372036833565807
0, 2122, 0, 9223372036854775807, 0, 9223372036833555807
0, 2123, 0, 9223372036854775807, 0, 9223372036833545807
0, 2124, 0, 9223372036854775807, 0, 9223372036833535807
0, 2125, 0, 9223372036854775807, 0, 9223372036833525807
0, 2126, 0, 9223372036854775807, 0, 9223372036833515807
0, 2127, 0, 9223372036854775807, 0, 9223372036833505807
0, 2128, 0, 9223372036854775807, 0, 9223372036833495807
0, 2129, 0, 9223372036854775807, 0, 9223372036833485807
0, 213, 0, 9223372036854775807, 0, 9223372036852645807
0, 2130, 0, 9223372036854775807, 0, 9223372036833475807
0, 2131, 0, 9223372036854775807, 0, 9223372036833465807
0, 2132, 0, 9223372036854775807, 0, 9223372036833455807
0, 2133, 0, 9223372036854775807, 0, 9223372036833445807
0, 2134, 0, 9223372036854775807, 0, 9223372036833435807
0, 2135, 0, 9223372036854775807, 0, 9223372036833425807
0, 2136, 0, 9223372036854775807, 0, 9223372036833415807
0, 2137, 0, 9223372036854775807, 0, 9223372036833405807
0, 2138, 0, 9223372036854775807, 0, 9223372036833395807
0, 2139, 0, 9223372036854775807, 0, 9223372036833385807
0, 214, 0, 9223372036854775807, 0, 9223372036852635807
0, 2140, 0, 9223372036854775807, 0, 9223372036833375807
0, 2141, 0, 9223372036854775807, 0, 9223372036833365807
0, 2142, 0, 9223372036854775807, 0, 9223372036833355807
0, 2143, 0, 9223372036854775807, 0, 9223372036833345807
0, 2144, 0, 9223372036854775807, 0, 9223372036833335807
0, 2145, 0, 9223372036854775807, 0, 9223372036833325807
0, 2146, 0, 9223372036854775807, 0, 9223372036833315807
0, 2147, 0, 9223372036854775807, 0, 9223372036833305807
0, 2148, 0, 9223372036854775807, 0, 9223372036833295807
0, 2149, 0, 9223372036854775807, 0, 9223372036833285807
0, 215, 0, 9223372036854775807, 0, 9223372036852625807
0, 2150, 0, 9223372036854775807, 0, 9223372036833275807
0, 2151, 0, 9223372036854775807, 0, 9223372036833265807
0, 2152, 0, 9223372036854775807, 0, 9223372036833255807
0, 2153, 0, 9223372036854775807, 0, 9223372036833245807
0, 2154, 0, 9223372036854775807, 0, 9223372036833235807
0, 2155, 0, 9223372036854775807, 0, 9223372036833225807
0, 2156, 0, 9223372036854775807, 0, 9223372036833215807
0, 2157, 0, 9223372036854775807, 0, 9223372036833205807
0, 2158, 0, 9223372036854775807, 0, 9223372036833195807
0, 2159, 0, 9223372036854775807, 0, 9223372036833185807
0, 216, 0, 9223372036854775807, 0, 9223372036852615807
0, 2160, 0, 9223372036854775807, 0, 9223372036833175807
0, 2161, 0, 9223372036854775807, 0, 9223372036833165807
0, 2162, 0, 9223372036854775807, 0, 9223372036833155807
0, 2163, 0, 9223372036854775807, 0, 9223372036833145807
0, 2164, 0, 9223372036854775807, 0, 9223372036833135807
0, 2165, 0, 9223372036854775807, 0, 9223372036833125807
0, 2166, 0, 9223372036854775807, 0, 9223372036833115807
0, 2167, 0, 9223372036854775807, 0, 9223372036833105807
0, 2168, 0, 9223372036854775807, 0, 9223372036833095807
0, 2169, 0, 9223372036854775807, 0, 9223372036833085807
0, 217, 0, 9223372036854775807, 0, 9223372036852605807
0, 2170, 0, 9223372036854775807, 0, 9223372036833075807
0, 2171, 0, 9223372036854775807, 0, 9223372036833065807
0, 2172, 0, 9223372036854775807, 0, 9223372036833055807
0, 2173, 0, 9223372036854775807, 0, 9223372036833045807
0, 2174, 0, 9223372036854775807, 0, 9223372036833035807
0, 2175, 0, 9223372036854775807, 0, 9223372036833025807
0, 2176, 0, 9223372036854775807, 0, 9223372036833015807
0, 2177, 0, 9223372036854775807, 0, 9223372036833005807
0, 2178, 0, 9223372036854775807, 0, 9223372036832995807
0, 2179, 0, 9223372036854775807, 0, 9223372036832985807
0, 218, 0, 9223372036854775807, 0, 9223372036852595807
0, 2180, 0, 9223372036854775807, 0, 9223372036832975807
0, 2181, 0, 9223372036854775807, 0, 9223372036832965807
0, 2182, 0, 9223372036854775807, 0, 9223372036832955807
0, 2183, 0, 9223372036854775807, 0, 9223372036832945807
0, 2184, 0, 9223372036854775807, 0, 9223372036832935807
0, 2185, 0, 9223372036854775807, 0, 9223372036832925807
0, 2186, 0, 9223372036854775807, 0, 9223372036832915807
0, 2187, 0, 9223372036854775807, 0, 9223372036832905807
0, 2188, 0, 9223372036854775807, 0, 9223372036832895807
0, 2189, 0, 9223372036854775807, 0, 9223372036832885807
0, 219, 0, 9223372036854775807, 0, 9223372036852585807
0, 2190, 0, 9223372036854775807, 0, 9223372036832875807
0, 2191, 0, 9223372036854775807, 0, 9223372036832865807
0, 2192, 0, 9223372036854775807, 0, 9223372036832855807
0, 2193, 0, 9223372036854775807, 0, 9223372036832845807
0, 2194, 0, 9223372036854775807, 0, 9223372036832835807
0, 2195, 0, 9223372036854775807, 0, 9223372036832825807
0, 2196, 0, 9223372036854775807, 0, 9223372036832815807
0, 2197, 0, 9223372036854775807, 0, 9223372036832805807
0, 2198, 0, 9223372036854775807, 0, 9223372036832795807
0, 2199, 0, 9223372036854775807, 0, 9223372036832785807
0, 22, 0, 9223372036854775807, 0, 9223372036854555807
0, 220, 0, 9223372036854775807, 0, 9223372036852575807
0, 2200, 0, 9223372036854775807, 0, 9223372036832775807
0, 2201, 0, 9223372036854775807, 0, 9223372036832765807
0, 2202, 0, 9223372036854775807, 0, 9223372036832755807
0, 2203, 0, 9223372036854775807, 0, 9223372036832745807
0, 2204, 0, 9223372036854775807, 0, 9223372036832735807
0, 2205, 0, 9223372036854775807, 0, 9223372036832725807
0, 2206, 0, 9223372036854775807, 0, 9223372036832715807
0, 2207, 0, 9223372036854775807, 0, 9223372036832705807
0, 2208, 0, 9223372036854775807, 0, 9223372036832695807
0, 2209, 0, 9223372036854775807, 0, 9223372036832685807
0, 221, 0, 9223372036854775807, 0, 9223372036852565807
0, 2210, 0, 9223372036854775807, 0, 9223372036832675807
0, 2211, 0, 9223372036854775807, 0, 9223372036832665807
0, 2212, 0, 9223372036854775807, 0, 9223372036832655807
0, 2213, 0, 9223372036854775807, 0, 9223372036832645807
0, 2214, 0, 9223372036854775807, 0, 9223372036832635807
0, 2215, 0, 9223372036854775807, 0, 9223372036832625807
0, 2216, 0, 9223372036854775807, 0, 9223372036832615807
0, 2217, 0, 9223372036854775807, 0, 9223372036832605807
0, 2218, 0, 9223372036854775807, 0, 9223372036832595807
0, 2219, 0, 9223372036854775807, 0, 9223372036832585807
0, 222, 0, 9223372036854775807, 0, 9223372036852555807
0, 2220, 0, 9223372036854775807, 0, 9223372036832575807
0, 2221, 0, 9223372036854775807, 0, 9223372036832565807
0, 2222, 0, 9223372036854775807, 0, 9223372036832555807
0, 2223, 0, 9223372036854775807, 0, 9223372036832545807
0, 2224, 0, 9223372036854775807, 0, 9223372036832535807
0, 2225, 0, 9223372036854775807, 0, 9223372036832525807
0, 2226, 0, 9223372036854775807, 0, 9223372036832515807
0, 2227, 0, 9223372036854775807, 0, 9223372036832505807
0, 2228, 0, 9223372036854775807, 0, 9223372036832495807
0, 2229, 0, 9223372036854775807, 0, 9223372036832485807
0, 223, 0, 9223372036854775807, 0, 9223372036852545807
0, 2230, 0, 9223372036854775807, 0, 9223372036832475807
0, 2231, 0, 9223372036854775807, 0, 9223372036832465807
0, 2232, 0, 9223372036854775807, 0, 9223372036832455807
0, 2233, 0, 9223372036854775807, 0, 9223372036832445807
0, 2234, 0, 9223372036854775807, 0, 9223372036832435807
0, 2235, 0, 9223372036854775807, 0, 9223372036832425807
0, 2236, 0, 9223372036854775807, 0, 9223372036832415807
0, 2237, 0, 9223372036854775807, 0, 9223372036832405807
0, 2238, 0, 9223372036854775807, 0, 9223372036832395807
0, 2239, 0, 9223372036854775807, 0, 9223372036832385807
0, 224, 0, 9223372036854775807, 0, 9223372036852535807
0, 2240, 0, 9223372036854775807, 0, 9223372036832375807
0, 2241, 0, 9223372036854775807, 0, 9223372036832365807
0, 2242, 0, 9223372036854775807, 0, 9223372036832355807
0, 2243, 0, 9223372036854775807, 0, 9223372036832345807
0, 2244, 0, 9223372036854775807, 0, 9223372036832335807
0, 2245, 0, 9223372036854775807, 0, 9223372036832325807
0, 2246, 0, 9223372036854775807, 0, 9223372036832315807
0, 2247, 0, 9223372036854775807, 0, 9223372036832305807
0, 2248, 0, 9223372036854775807, 0, 9223372036832295807
0, 2249, 0, 9223372036854775807, 0, 9223372036832285807
0, 225, 0, 9223372036854775807, 0, 9223372036852525807
0, 2250, 0, 9223372036854775807, 0, 9223372036832275807
0, 2251, 0, 9223372036854775807, 0, 9223372036832265807
0, 2252, 0, 9223372036854775807, 0, 9223372036832255807
0, 2253, 0, 9223372036854775807, 0, 9223372036832245807
0, 2254, 0, 9223372036854775807, 0, 9223372036832235807
0, 2255, 0, 9223372036854775807, 0, 9223372036832225807
0, 2256, 0, 9223372036854775807, 0, 9223372036832215807
0, 2257, 0, 9223372036854775807, 0, 9223372036832205807
0, 2258, 0, 9223372036854775807, 0, 9223372036832195807
0, 2259, 0, 9223372036854775807, 0, 9223372036832185807
0, 226, 0, 9223372036854775807, 0, 9223372036852515807
0, 2260, 0, 9223372036854775807, 0, 9223372036832175807
0, 2261, 0, 9223372036854775807, 0, 9223372036832165807
0, 2262, 0, 9223372036854775807, 0, 9223372036832155807
0, 2263, 0, 9223372036854775807, 0, 9223372036832145807
0, 2264, 0, 9223372036854775807, 0, 9223372036832135807
0, 2265, 0, 9223372036854775807, 0, 9223372036832125807
0, 2266, 0, 9223372036854775807, 0, 9223372036832115807
0, 2267, 0, 9223372036854775807, 0, 9223372036832105807
0, 2268, 0, 9223372036854775807, 0, 9223372036832095807
0, 2269, 0, 9223372036854775807, 0, 9223372036832085807
0, 227, 0, 9223372036854775807, 0, 9223372036852505807
0, 2270, 0, 9223372036854775807, 0, 9223372036832075807
0, 2271, 0, 9223372036854775807, 0, 9223372036832065807
0, 2272, 0, 9223372036854775807, 0, 9223372036832055807
0, 2273, 0, 9223372036854775807, 0, 9223372036832045807
0, 2274, 0, 9223372036854775807, 0, 9223372036832035807
0, 2275, 0, 9223372036854775807, 0, 9223372036832025807
0, 2276, 0, 9223372036854775807, 0, 9223372036832015807
0, 2277, 0, 9223372036854775807, 0, 9223372036832005807
0, 2278, 0, 9223372036854775807, 0, 9223372036831995807
0, 2279, 0, 9223372036854775807, 0, 9223372036831985807
0, 228, 0, 9223372036854775807, 0, 9223372036852495807
0, 2280, 0, 9223372036854775807, 0, 9223372036831975807
0, 2281, 0, 9223372036854775807, 0, 9223372036831965807
0, 2282, 0, 9223372036854775807, 0, 9223372036831955807
0, 2283, 0, 9223372036854775807, 0, 9223372036831945807
0, 2284, 0, 9223372036854775807, 0, 9223372036831935807
0, 2285, 0, 9223372036854775807, 0, 9223372036831925807
0, 2286, 0, 9223372036854775807, 0, 9223372036831915807
0, 2287, 0, 9223372036854775807, 0, 9223372036831905807
0, 2288, 0, 9223372036854775807, 0, 9223372036831895807
0, 2289, 0, 9223372036854775807, 0, 9223372036831885807
0, 229, 0, 9223372036854775807, 0, 9223372036852485807
0, 2290, 0, 9223372036854775807, 0, 9223372036831875807
0, 2291, 0, 9223372036854775807, 0, 9223372036831865807
0, 2292, 0, 9223372036854775807, 0, 9223372036831855807
0, 2293, 0, 9223372036854775807, 0, 9223372036831845807
0, 2294, 0, 9223372036854775807, 0, 9223372036831835807
0, 2295, 0, 9223372036854775807, 0, 9223372036831825807
0, 2296, 0, 9223372036854775807, 0, 9223372036831815807
0, 2297, 0, 9223372036854775807, 0, 9223372036831805807
0, 2298, 0, 9223372036854775807, 0, 9223372036831795807
0, 2299, 0, 9223372036854775807, 0, 9223372036831785807
0, 23, 0, 9223372036854775807, 0, 9223372036854545807
0, 230, 0, 9223372036854775807, 0, 9223372036852475807
0, 2300, 0, 9223372036854775807, 0, 9223372036831775807
0, 2301, 0, 9223372036854775807, 0, 9223372036831765807
0, 2302, 0, 9223372036854775807, 0, 9223372036831755807
0, 2303, 0, 9223372036854775807, 0, 9223372036831745807
0, 2304, 0, 9223372036854775807, 0, 9223372036831735807
0, 2305, 0, 9223372036854775807, 0, 9223372036831725807
0, 2306, 0, 9223372036854775807, 0, 9223372036831715807
0, 2307, 0, 9223372036854775807, 0, 9223372036831705807
0, 2308, 0, 9223372036854775807, 0, 9223372036831695807
0, 2309, 0, 9223372036854775807, 0, 9223372036831685807
0, 231, 0, 9223372036854775807, 0, 9223372036852465807
0, 2310, 0, 9223372036854775807, 0, 9223372036831675807
0, 2311, 0, 9223372036854775807, 0, 9223372036831665807
0, 2312, 0, 9223372036854775807, 0, 9223372036831655807
0, 2313, 0, 9223372036854775807, 0, 9223372036831645807
0, 2314, 0, 9223372036854775807, 0, 9223372036831635807
0, 2315, 0, 9223372036854775807, 0, 9223372036831625807
0, 2316, 0, 9223372036854775807, 0, 9223372036831615807
0, 2317, 0, 9223372036854775807, 0, 9223372036831605807
0, 2318, 0, 9223372036854775807, 0, 9223372036831595807
0, 2319, 0, 9223372036854775807, 0, 9223372036831585807
0, 232, 0, 9223372036854775807, 0, 9223372036852455807
0, 2320, 0, 9223372036854775807, 0, 9223372036831575807
0, 2321, 0, 9223372036854775807, 0, 9223372036831565807
0, 2322, 0, 9223372036854775807, 0, 9223372036831555807
0, 2323, 0, 9223372036854775807, 0, 9223372036831545807
0, 2324, 0, 9223372036854775807, 0, 9223372036831535807
0, 2325, 0, 9223372036854775807, 0, 9223372036831525807
0, 2326, 0, 9223372036854775807, 0, 9223372036831515807
0, 2327, 0, 9223372036854775807, 0, 9223372036831505807
0, 2328, 0, 9223372036854775807, 0, 9223372036831495807
0, 2329, 0, 9223372036854775807, 0, 9223372036831485807
0, 233, 0, 9223372036854775807, 0, 9223372036852445807
0, 2330, 0, 9223372036854775807, 0, 9223372036831475807
0, 2331, 0, 9223372036854775807, 0, 9223372036831465807
0, 2332, 0, 9223372036854775807, 0, 9223372036831455807
0, 2333, 0, 9223372036854775807, 0, 9223372036831445807
0, 2334, 0, 9223372036854775807, 0, 9223372036831435807
0, 2335, 0, 9223372036854775807, 0, 9223372036831425807
0, 2336, 0, 9223372036854775807, 0, 9223372036831415807
0, 2337, 0, 9223372036854775807, 0, 9223372036831405807
0, 2338, 0, 9223372036854775807, 0, 9223372036831395807
0, 2339, 0, 9223372036854775807, 0, 9223372036831385807
0, 234, 0, 9223372036854775807, 0, 9223372036852435807
0, 2340, 0, 9223372036854775807, 0, 9223372036831375807
0, 2341, 0, 9223372036854775807, 0, 9223372036831365807
0, 2342, 0, 9223372036854775807, 0, 9223372036831355807
0, 2343, 0, 9223372036854775807, 0, 9223372036831345807
0, 2344, 0, 9223372036854775807, 0, 9223372036831335807
0, 2345, 0, 9223372036854775807, 0, 9223372036831325807
0, 2346, 0, 9223372036854775807, 0, 9223372036831315807
0, 2347, 0, 9223372036854775807, 0, 9223372036831305807
0, 2348, 0, 9223372036854775807, 0, 9223372036831295807
0, 2349, 0, 9223372036854775807, 0, 9223372036831285807
0, 235, 0, 9223372036854775807, 0, 9223372036852425807
0, 2350, 0, 9223372036854775807, 0, 9223372036831275807
0, 2351, 0, 9223372036854775807, 0, 9223372036831265807
0, 2352, 0, 9223372036854775807, 0, 9223372036831255807
0, 2353, 0, 9223372036854775807, 0, 9223372036831245807
0, 2354, 0, 9223372036854775807, 0, 9223372036831235807
0, 2355, 0, 9223372036854775807, 0, 9223372036831225807
0, 2356, 0, 9223372036854775807, 0, 9223372036831215807
0, 2357, 0, 9223372036854775807, 0, 9223372036831205807
0, 2358, 0, 9223372036854775807, 0, 9223372036831195807
0, 2359, 0, 9223372036854775807, 0, 9223372036831185807
0, 236, 0, 9223372036854775807, 0, 9223372036852415807
0, 2360, 0, 9223372036854775807, 0, 9223372036831175807
0, 2361, 0, 9223372036854775807, 0, 9223372036831165807
0, 2362, 0, 9223372036854775807, 0, 9223372036831155807
0, 2363, 0, 9223372036854775807, 0, 9223372036831145807
0, 2364, 0, 9223372036854775807, 0, 9223372036831135807
0, 2365, 0, 9223372036854775807, 0, 9223372036831125807
0, 2366, 0, 9223372036854775807, 0, 9223372036831115807
0, 2367, 0, 9223372036854775807, 0, 9223372036831105807
0, 2368, 0, 9223372036854775807, 0, 9223372036831095807
0, 2369, 0, 9223372036854775807, 0, 9223372036831085807
0, 237, 0, 9223372036854775807, 0, 9223372036852405807
0, 2370, 0, 9223372036854775807, 0, 9223372036831075807
0, 2371, 0, 9223372036854775807, 0, 9223372036831065807
0, 2372, 0, 9223372036854775807, 0, 9223372036831055807
0, 2373, 0, 9223372036854775807, 0, 9223372036831045807
0, 2374, 0, 9223372036854775807, 0, 9223372036831035807
0, 2375, 0, 9223372036854775807, 0, 9223372036831025807
0, 2376, 0, 9223372036854775807, 0, 9223372036831015807
0, 2377, 0, 9223372036854775807, 0, 9223372036831005807
0, 2378, 0, 9223372036854775807, 0, 9223372036830995807
0, 2379, 0, 9223372036854775807, 0, 9223372036830985807
0, 238, 0, 9223372036854775807, 0, 9223372036852395807
0, 2380, 0, 9223372036854775807, 0, 9223372036830975807
0, 2381, 0, 9223372036854775807, 0, 9223372036830965807
0, 2382, 0, 9223372036854775807, 0, 9223372036830955807
0, 2383, 0, 9223372036854775807, 0, 9223372036830945807
0, 2384, 0, 9223372036854775807, 0, 9223372036830935807
0, 2385, 0, 9223372036854775807, 0, 9223372036830925807
0, 2386, 0, 9223372036854775807, 0, 9223372036830915807
0, 2387, 0, 9223372036854775807, 0, 9223372036830905807
0, 2388, 0, 9223372036854775807, 0, 9223372036830895807
0, 2389, 0, 9223372036854775807, 0, 9223372036830885807
0, 239, 0, 9223372036854775807, 0, 9223372036852385807
0, 2390, 0, 9223372036854775807, 0, 9223372036830875807
0, 2391, 0, 9223372036854775807, 0, 9223372036830865807
0, 2392, 0, 9223372036854775807, 0, 9223372036830855807
0, 2393, 0, 9223372036854775807, 0, 9223372036830845807
0, 2394, 0, 9223372036854775807, 0, 9223372036830835807
0, 2395, 0, 9223372036854775807, 0, 9223372036830825807
0, 2396, 0, 9223372036854775807, 0, 9223372036830815807
0, 2397, 0, 9223372036854775807, 0, 9223372036830805807
0, 2398, 0, 9223372036854775807, 0, 9223372036830795807
0, 2399, 0, 9223372036854775807, 0, 9223372036830785807
0, 24, 0, 9223372036854775807, 0, 9223372036854535807
0, 240, 0, 9223372036854775807, 0, 9223372036852375807
0, 2400, 0, 9223372036854775807, 0, 9223372036830775807
0, 2401, 0, 9223372036854775807, 0, 9223372036830765807
0, 2402, 0, 9223372036854775807, 0, 9223372036830755807
0, 2403, 0, 9223372036854775807, 0, 9223372036830745807
0, 2404, 0, 9223372036854775807, 0, 9223372036830735807
0, 2405, 0, 9223372036854775807, 0, 9223372036830725807
0, 2406, 0, 9223372036854775807, 0, 9223372036830715807
0, 2407, 0, 9223372036854775807, 0, 9223372036830705807
0, 2408, 0, 9223372036854775807, 0, 9223372036830695807
0, 2409, 0, 9223372036854775807, 0, 9223372036830685807
0, 241, 0, 9223372036854775807, 0, 9223372036852365807
0, 2410, 0, 9223372036854775807, 0, 9223372036830675807
0, 2411, 0, 9223372036854775807, 0, 9223372036830665807
0, 2412, 0, 9223372036854775807, 0, 9223372036830655807
0, 2413, 0, 9223372036854775807, 0, 9223372036830645807
0, 2414, 0, 9223372036854775807, 0, 9223372036830635807
0, 2415, 0, 9223372036854775807, 0, 9223372036830625807
0, 2416, 0, 9223372036854775807, 0, 9223372036830615807
0, 2417, 0, 9223372036854775807, 0, 9223372036830605807
0, 2418, 0, 9223372036854775807, 0, 9223372036830595807
0, 2419, 0, 9223372036854775807, 0, 9223372036830585807
0, 242, 0, 9223372036854775807, 0, 9223372036852355807
0, 2420, 0, 9223372036854775807, 0, 9223372036830575807
0, 2421, 0, 9223372036854775807, 0, 9223372036830565807
0, 2422, 0, 9223372036854775807, 0, 9223372036830555807
0, 2423, 0, 9223372036854775807, 0, 9223372036830545807
0, 2424, 0, 9223372036854775807, 0, 9223372036830535807
0, 2425, 0, 9223372036854775807, 0, 9223372036830525807
0, 2426, 0, 9223372036854775807, 0, 9223372036830515807
0, 2427, 0, 9223372036854775807, 0, 9223372036830505807
0, 2428, 0, 9223372036854775807, 0, 9223372036830495807
0, 2429, 0, 9223372036854775807, 0, 9223372036830485807
0, 243, 0, 9223372036854775807, 0, 9223372036852345807
0, 2430, 0, 9223372036854775807, 0, 9223372036830475807
0, 2431, 0, 9223372036854775807, 0, 9223372036830465807
0, 2432, 0, 9223372036854775807, 0, 9223372036830455807
0, 2433, 0, 9223372036854775807, 0, 9223372036830445807
0, 2434, 0, 9223372036854775807, 0, 9223372036830435807
0, 2435, 0, 9223372036854775807, 0, 9223372036830425807
0, 2436, 0, 9223372036854775807, 0, 9223372036830415807
0, 2437, 0, 9223372036854775807, 0, 9223372036830405807
0, 2438, 0, 9223372036854775807, 0, 9223372036830395807
0, 2439, 0, 9223372036854775807, 0, 9223372036830385807
0, 244, 0, 9223372036854775807, 0, 9223372036852335807
0, 2440, 0, 9223372036854775807, 0, 9223372036830375807
0, 2441, 0, 9223372036854775807, 0, 9223372036830365807
0, 2442, 0, 9223372036854775807, 0, 9223372036830355807
0, 2443, 0, 9223372036854775807, 0, 9223372036830345807
0, 2444, 0, 9223372036854775807, 0, 9223372036830335807
0, 2445, 0, 9223372036854775807, 0, 9223372036830325807
0, 2446, 0, 9223372036854775807, 0, 9223372036830315807
0, 2447, 0, 9223372036854775807, 0, 9223372036830305807
0, 2448, 0, 9223372036854775807, 0, 9223372036830295807
0, 2449, 0, 9223372036854775807, 0, 9223372036830285807
0, 245, 0, 9223372036854775807, 0, 9223372036852325807
0, 2450, 0, 9223372036854775807, 0, 9223372036830275807
0, 2451, 0, 9223372036854775807, 0, 9223372036830265807
0, 2452, 0, 9223372036854775807, 0, 9223372036830255807
0, 2453, 0, 9223372036854775807, 0, 9223372036830245807
0, 2454, 0, 9223372036854775807, 0, 9223372036830235807
0, 2455, 0, 9223372036854775807, 0, 9223372036830225807
0, 2456, 0, 9223372036854775807, 0, 9223372036830215807
0, 2457, 0, 9223372036854775807, 0, 9223372036830205807
0, 2458, 0, 9223372036854775807, 0, 9223372036830195807
0, 2459, 0, 9223372036854775807, 0, 9223372036830185807
0, 246, 0, 9223372036854775807, 0, 9223372036852315807
0, 2460, 0, 9223372036854775807, 0, 9223372036830175807
0, 2461, 0, 9223372036854775807, 0, 9223372036830165807
0, 2462, 0, 9223372036854775807, 0, 9223372036830155807
0, 2463, 0, 9223372036854775807, 0, 9223372036830145807
0, 2464, 0, 9223372036854775807, 0, 9223372036830135807
0, 2465, 0, 9223372036854775807, 0, 9223372036830125807
0, 2466, 0, 9223372036854775807, 0, 9223372036830115807
0, 2467, 0, 9223372036854775807, 0, 9223372036830105807
0, 2468, 0, 9223372036854775807, 0, 9223372036830095807
0, 2469, 0, 9223372036854775807, 0, 9223372036830085807
0, 247, 0, 9223372036854775807, 0, 9223372036852305807
0, 2470, 0, 9223372036854775807, 0, 9223372036830075807
0, 2471, 0, 9223372036854775807, 0, 9223372036830065807
0, 2472, 0, 9223372036854775807, 0, 9223372036830055807
0, 2473, 0, 9223372036854775807, 0, 9223372036830045807
0, 2474, 0, 9223372036854775807, 0, 9223372036830035807
0, 2475, 0, 9223372036854775807, 0, 9223372036830025807
0, 2476, 0, 9223372036854775807, 0, 9223372036830015807
0, 2477, 0, 9223372036854775807, 0, 9223372036830005807
0, 2478, 0, 9223372036854775807, 0, 9223372036829995807
0, 2479, 0, 9223372036854775807, 0, 9223372036829985807
0, 248, 0, 9223372036854775807, 0, 9223372036852295807
0, 2480, 0, 9223372036854775807, 0, 9223372036829975807
0, 2481, 0, 9223372036854775807, 0, 9223372036829965807
0, 2482, 0, 9223372036854775807, 0, 9223372036829955807
0, 2483, 0, 9223372036854775807, 0, 9223372036829945807
0, 2484, 0, 9223372036854775807, 0, 9223372036829935807
0, 2485, 0, 9223372036854775807, 0, 9223372036829925807
0, 2486, 0, 9223372036854775807, 0, 9223372036829915807
0, 2487, 0, 9223372036854775807, 0, 9223372036829905807
0, 2488, 0, 9223372036854775807, 0, 9223372036829895807
0, 2489, 0, 9223372036854775807, 0, 9223372036829885807
0, 249, 0, 9223372036854775807, 0, 9223372036852285807
0, 2490, 0, 9223372036854775807, 0, 9223372036829875807
0, 2491, 0, 9223372036854775807, 0, 9223372036829865807
0, 2492, 0, 9223372036854775807, 0, 9223372036829855807
0, 2493, 0, 9223372036854775807, 0, 9223372036829845807
0, 2494, 0, 9223372036854775807, 0, 9223372036829835807
0, 2495, 0, 9223372036854775807, 0, 9223372036829825807
0, 2496, 0, 9223372036854775807, 0, 9223372036829815807
0, 2497, 0, 9223372036854775807, 0, 9223372036829805807
0, 2498, 0, 9223372036854775807, 0, 9223372036829795807
0, 2499, 0, 9223372036854775807, 0, 9223372036829785807
0, 25, 0, 9223372036854775807, 0, 9223372036854525807
0, 250, 0, 9223372036854775807, 0, 9223372036852275807
0, 2500, 0, 9223372036854775807, 0, 9223372036829775807
0, 2501, 0, 9223372036854775807, 0, 9223372036829765807
0, 2502, 0, 9223372036854775807, 0, 9223372036829755807
0, 2503, 0, 9223372036854775807, 0, 9223372036829745807
0, 2504, 0, 9223372036854775807, 0, 9223372036829735807
0, 2505, 0, 9223372036854775807, 0, 9223372036829725807
0, 2506, 0, 9223372036854775807, 0, 9223372036829715807
0, 2507, 0, 9223372036854775807, 0, 9223372036829705807
0, 2508, 0, 9223372036854775807, 0, 9223372036829695807
0, 2509, 0, 9223372036854775807, 0, 9223372036829685807
0, 251, 0, 9223372036854775807, 0, 9223372036852265807
0, 2510, 0, 9223372036854775807, 0, 9223372036829675807
0, 2511, 0, 9223372036854775807, 0, 9223372036829665807
0, 2512, 0, 9223372036854775807, 0, 9223372036829655807
0, 2513, 0, 9223372036854775807, 0, 9223372036829645807
0, 2514, 0, 9223372036854775807, 0, 9223372036829635807
0, 2515, 0, 9223372036854775807, 0, 9223372036829625807
0, 2516, 0, 9223372036854775807, 0, 9223372036829615807
0, 2517, 0, 9223372036854775807, 0, 9223372036829605807
0, 2518, 0, 9223372036854775807, 0, 9223372036829595807
0, 2519, 0, 9223372036854775807, 0, 9223372036829585807
0, 252, 0, 9223372036854775807, 0, 9223372036852255807
0, 2520, 0, 9223372036854775807, 0, 9223372036829575807
0, 2521, 0, 9223372036854775807, 0, 9223372036829565807
0, 2522, 0, 9223372036854775807, 0, 9223372036829555807
0, 2523, 0, 9223372036854775807, 0, 9223372036829545807
0, 2524, 0, 9223372036854775807, 0, 9223372036829535807
0, 2525, 0, 9223372036854775807, 0, 9223372036829525807
0, 2526, 0, 9223372036854775807, 0, 9223372036829515807
0, 2527, 0, 9223372036854775807, 0, 9223372036829505807
0, 2528, 0, 9223372036854775807, 0, 9223372036829495807
0, 2529, 0, 9223372036854775807, 0, 9223372036829485807
0, 253, 0, 9223372036854775807, 0, 9223372036852245807
0, 2530, 0, 9223372036854775807, 0, 9223372036829475807
0, 2531, 0, 9223372036854775807, 0, 9223372036829465807
0, 2532, 0, 9223372036854775807, 0, 9223372036829455807
0, 2533, 0, 9223372036854775807, 0, 9223372036829445807
0, 2534, 0, 9223372036854775807, 0, 9223372036829435807
0, 2535, 0, 9223372036854775807, 0, 9223372036829425807
0, 2536, 0, 9223372036854775807, 0, 9223372036829415807
0, 2537, 0, 9223372036854775807, 0, 9223372036829405807
0, 2538, 0, 9223372036854775807, 0, 9223372036829395807
0, 2539, 0, 9223372036854775807, 0, 9223372036829385807
0, 254, 0, 9223372036854775807, 0, 9223372036852235807
0, 2540, 0, 9223372036854775807, 0, 9223372036829375807
0, 2541, 0, 9223372036854775807, 0, 9223372036829365807
0, 2542, 0, 9223372036854775807, 0, 9223372036829355807
0, 2543, 0, 9223372036854775807, 0, 9223372036829345807
0, 2544, 0, 9223372036854775807, 0, 9223372036829335807
0, 2545, 0, 9223372036854775807, 0, 9223372036829325807
0, 2546, 0, 9223372036854775807, 0, 9223372036829315807
0, 2547, 0, 9223372036854775807, 0, 9223372036829305807
0, 2548, 0, 9223372036854775807, 0, 9223372036829295807
0, 2549, 0, 9223372036854775807, 0, 9223372036829285807
0, 255, 0, 9223372036854775807, 0, 9223372036852225807
0, 2550, 0, 9223372036854775807, 0, 9223372036829275807
0, 2551, 0, 9223372036854775807, 0, 9223372036829265807
0, 2552, 0, 9223372036854775807, 0, 9223372036829255807
0, 2553, 0, 9223372036854775807, 0, 9223372036829245807
0, 2554, 0, 9223372036854775807, 0, 9223372036829235807
0, 2555, 0, 9223372036854775807, 0, 9223372036829225807
0, 2556, 0, 9223372036854775807, 0, 9223372036829215807
0, 2557, 0, 9223372036854775807, 0, 9223372036829205807
0, 2558, 0, 9223372036854775807, 0, 9223372036829195807
0, 2559, 0, 9223372036854775807, 0, 9223372036829185807
0, 256, 0, 9223372036854775807, 0, 9223372036852215807
0, 2560, 0, 9223372036854775807, 0, 9223372036829175807
0, 2561, 0, 9223372036854775807, 0, 9223372036829165807
0, 2562, 0, 9223372036854775807, 0, 9223372036829155807
0, 2563, 0, 9223372036854775807, 0, 9223372036829145807
0, 2564, 0, 9223372036854775807, 0, 9223372036829135807
0, 2565, 0, 9223372036854775807, 0, 9223372036829125807
0, 2566, 0, 9223372036854775807, 0, 9223372036829115807
0, 2567, 0, 9223372036854775807, 0, 9223372036829105807
0, 2568, 0, 9223372036854775807, 0, 9223372036829095807
0, 2569, 0, 9223372036854775807, 0, 9223372036829085807
0, 257, 0, 9223372036854775807, 0, 9223372036852205807
0, 2570, 0, 9223372036854775807, 0, 9223372036829075807
0, 2571, 0, 9223372036854775807, 0, 9223372036829065807
0, 2572, 0, 9223372036854775807, 0, 9223372036829055807
0, 2573, 0, 9223372036854775807, 0, 9223372036829045807
0, 2574, 0, 9223372036854775807, 0, 9223372036829035807
0, 2575, 0, 9223372036854775807, 0, 9223372036829025807
0, 2576, 0, 9223372036854775807, 0, 9223372036829015807
0, 2577, 0, 9223372036854775807, 0, 9223372036829005807
0, 2578, 0, 9223372036854775807, 0, 9223372036828995807
0, 2579, 0, 9223372036854775807, 0, 9223372036828985807
0, 258, 0, 9223372036854775807, 0, 9223372036852195807
0, 2580, 0, 9223372036854775807, 0, 9223372036828975807
0, 2581, 0, 9223372036854775807, 0, 9223372036828965807
0, 2582, 0, 9223372036854775807, 0, 9223372036828955807
0, 2583, 0, 9223372036854775807, 0, 9223372036828945807
0, 2584, 0, 9223372036854775807, 0, 9223372036828935807
0, 2585, 0, 9223372036854775807, 0, 9223372036828925807
0, 2586, 0, 9223372036854775807, 0, 9223372036828915807
0, 2587, 0, 9223372036854775807, 0, 9223372036828905807
0, 2588, 0, 9223372036854775807, 0, 9223372036828895807
0, 2589, 0, 9223372036854775807, 0, 9223372036828885807
0, 259, 0, 9223372036854775807, 0, 9223372036852185807
0, 2590, 0, 9223372036854775807, 0, 9223372036828875807
0, 2591, 0, 9223372036854775807, 0, 9223372036828865807
0, 2592, 0, 9223372036854775807, 0, 9223372036828855807
0, 2593, 0, 9223372036854775807, 0, 9223372036828845807
0, 2594, 0, 9223372036854775807, 0, 9223372036828835807
0, 2595, 0, 9223372036854775807, 0, 9223372036828825807
0, 2596, 0, 9223372036854775807, 0, 9223372036828815807
0, 2597, 0, 9223372036854775807, 0, 9223372036828805807
0, 2598, 0, 9223372036854775807, 0, 9223372036828795807
0, 2599, 0, 9223372036854775807, 0, 9223372036828785807
0, 26, 0, 9223372036854775807, 0, 9223372036854515807
0, 260, 0, 9223372036854775807, 0, 9223372036852175807
0, 2600, 0, 9223372036854775807, 0, 9223372036828775807
0, 2601, 0, 9223372036854775807, 0, 9223372036828765807
0, 2602, 0, 9223372036854775807, 0, 9223372036828755807
0, 2603, 0, 9223372036854775807, 0, 9223372036828745807
0, 2604, 0, 9223372036854775807, 0, 9223372036828735807
0, 2605, 0, 9223372036854775807, 0, 9223372036828725807
0, 2606, 0, 9223372036854775807, 0, 9223372036828715807
0, 2607, 0, 9223372036854775807, 0, 9223372036828705807
0, 2608, 0, 9223372036854775807, 0, 9223372036828695807
0, 2609, 0, 9223372036854775807, 0, 9223372036828685807
0, 261, 0, 9223372036854775807, 0, 9223372036852165807
0, 2610, 0, 9223372036854775807, 0, 9223372036828675807
0, 2611, 0, 9223372036854775807, 0, 9223372036828665807
0, 2612, 0, 9223372036854775807, 0, 9223372036828655807
0, 2613, 0, 9223372036854775807, 0, 9223372036828645807
0, 2614, 0, 9223372036854775807, 0, 9223372036828635807
0, 2615, 0, 9223372036854775807, 0, 9223372036828625807
0, 2616, 0, 9223372036854775807, 0, 9223372036828615807
0, 2617, 0, 9223372036854775807, 0, 9223372036828605807
0, 2618, 0, 9223372036854775807, 0, 9223372036828595807
0, 2619, 0, 9223372036854775807, 0, 9223372036828585807
0, 262, 0, 9223372036854775807, 0, 9223372036852155807
0, 2620, 0, 9223372036854775807, 0, 9223372036828575807
0, 2621, 0, 9223372036854775807, 0, 9223372036828565807
0, 2622, 0, 9223372036854775807, 0, 9223372036828555807
0, 2623, 0, 9223372036854775807, 0, 9223372036828545807
0, 2624, 0, 9223372036854775807, 0, 9223372036828535807
0, 2625, 0, 9223372036854775807, 0, 9223372036828525807
0, 2626, 0, 9223372036854775807, 0, 9223372036828515807
0, 2627, 0, 9223372036854775807, 0, 9223372036828505807
0, 2628, 0, 9223372036854775807, 0, 9223372036828495807
0, 2629, 0, 9223372036854775807, 0, 9223372036828485807
0, 263, 0, 9223372036854775807, 0, 9223372036852145807
0, 2630, 0, 9223372036854775807, 0, 9223372036828475807
0, 2631, 0, 9223372036854775807, 0, 9223372036828465807
0, 2632, 0, 9223372036854775807, 0, 9223372036828455807
0, 2633, 0, 9223372036854775807, 0, 9223372036828445807
0, 2634, 0, 9223372036854775807, 0, 9223372036828435807
0, 2635, 0, 9223372036854775807, 0, 9223372036828425807
0, 2636, 0, 9223372036854775807, 0, 9223372036828415807
0, 2637, 0, 9223372036854775807, 0, 9223372036828405807
0, 2638, 0, 9223372036854775807, 0, 9223372036828395807
0, 2639, 0, 9223372036854775807, 0, 9223372036828385807
0, 264, 0, 9223372036854775807, 0, 9223372036852135807
0, 2640, 0, 9223372036854775807, 0, 9223372036828375807
0, 2641, 0, 9223372036854775807, 0, 9223372036828365807
0, 2642, 0, 9223372036854775807, 0, 9223372036828355807
0, 2643, 0, 9223372036854775807, 0, 9223372036828345807
0, 2644, 0, 9223372036854775807, 0, 9223372036828335807
0, 2645, 0, 9223372036854775807, 0, 9223372036828325807
0, 2646, 0, 9223372036854775807, 0, 9223372036828315807
0, 2647, 0, 9223372036854775807, 0, 9223372036828305807
0, 2648, 0, 9223372036854775807, 0, 9223372036828295807
0, 2649, 0, 9223372036854775807, 0, 9223372036828285807
0, 265, 0, 9223372036854775807, 0, 9223372036852125807
0, 2650, 0, 9223372036854775807, 0, 9223372036828275807
0, 2651, 0, 9223372036854775807, 0, 9223372036828265807
0, 2652, 0, 9223372036854775807, 0, 9223372036828255807
0, 2653, 0, 9223372036854775807, 0, 9223372036828245807
0, 2654, 0, 9223372036854775807, 0, 9223372036828235807
0, 2655, 0, 9223372036854775807, 0, 9223372036828225807
0, 2656, 0, 9223372036854775807, 0, 9223372036828215807
0, 2657, 0, 9223372036854775807, 0, 9223372036828205807
0, 2658, 0, 9223372036854775807, 0, 9223372036828195807
0, 2659, 0, 9223372036854775807, 0, 9223372036828185807
0, 266, 0, 9223372036854775807, 0, 9223372036852115807
0, 2660, 0, 9223372036854775807, 0, 9223372036828175807
0, 2661, 0, 9223372036854775807, 0, 9223372036828165807
0, 2662, 0, 9223372036854775807, 0, 9223372036828155807
0, 2663, 0, 9223372036854775807, 0, 9223372036828145807
0, 2664, 0, 9223372036854775807, 0, 9223372036828135807
0, 2665, 0, 9223372036854775807, 0, 9223372036828125807
0, 2666, 0, 9223372036854775807, 0, 9223372036828115807
0, 2667, 0, 9223372036854775807, 0, 9223372036828105807
0, 2668, 0, 9223372036854775807, 0, 9223372036828095807
0, 2669, 0, 9223372036854775807, 0, 9223372036828085807
0, 267, 0, 9223372036854775807, 0, 9223372036852105807
0, 2670, 0, 9223372036854775807, 0, 9223372036828075807
0, 2671, 0, 9223372036854775807, 0, 9223372036828065807
0, 2672, 0, 9223372036854775807, 0, 9223372036828055807
0, 2673, 0, 9223372036854775807, 0, 9223372036828045807
0, 2674, 0, 9223372036854775807, 0, 9223372036828035807
0, 2675, 0, 9223372036854775807, 0, 9223372036828025807
0, 2676, 0, 9223372036854775807, 0, 9223372036828015807
0, 2677, 0, 9223372036854775807, 0, 9223372036828005807
0, 2678, 0, 9223372036854775807, 0, 9223372036827995807
0, 2679, 0, 9223372036854775807, 0, 9223372036827985807
0, 268, 0, 9223372036854775807, 0, 9223372036852095807
0, 2680, 0, 9223372036854775807, 0, 9223372036827975807
0, 2681, 0, 9223372036854775807, 0, 9223372036827965807
0, 2682, 0, 9223372036854775807, 0, 9223372036827955807
0, 2683, 0, 9223372036854775807, 0, 9223372036827945807
0, 2684, 0, 9223372036854775807, 0, 9223372036827935807
0, 2685, 0, 9223372036854775807, 0, 9223372036827925807
0, 2686, 0, 9223372036854775807, 0, 9223372036827915807
0, 2687, 0, 9223372036854775807, 0, 9223372036827905807
0, 2688, 0, 9223372036854775807, 0, 9223372036827895807
0, 2689, 0, 9223372036854775807, 0, 9223372036827885807
0, 269, 0, 9223372036854775807, 0, 9223372036852085807
0, 2690, 0, 9223372036854775807, 0, 9223372036827875807
0, 2691, 0, 9223372036854775807, 0, 9223372036827865807
0, 2692, 0, 9223372036854775807, 0, 9223372036827855807
0, 2693, 0, 9223372036854775807, 0, 9223372036827845807
0, 2694, 0, 9223372036854775807, 0, 9223372036827835807
0, 2695, 0, 9223372036854775807, 0, 9223372036827825807
0, 2696, 0, 9223372036854775807, 0, 9223372036827815807
0, 2697, 0, 9223372036854775807, 0, 9223372036827805807
0, 2698, 0, 9223372036854775807, 0, 9223372036827795807
0, 2699, 0, 9223372036854775807, 0, 9223372036827785807
0, 27, 0, 9223372036854775807, 0, 9223372036854505807
0, 270, 0, 9223372036854775807, 0, 9223372036852075807
0, 2700, 0, 9223372036854775807, 0, 9223372036827775807
0, 2701, 0, 9223372036854775807, 0, 9223372036827765807
0, 2702, 0, 9223372036854775807, 0, 9223372036827755807
0, 2703, 0, 9223372036854775807, 0, 9223372036827745807
0, 2704, 0, 9223372036854775807, 0, 9223372036827735807
0, 2705, 0, 9223372036854775807, 0, 9223372036827725807
0, 2706, 0, 9223372036854775807, 0, 9223372036827715807
0, 2707, 0, 9223372036854775807, 0, 9223372036827705807
0, 2708, 0, 9223372036854775807, 0, 9223372036827695807
0, 2709, 0, 9223372036854775807, 0, 9223372036827685807
0, 271, 0, 9223372036854775807, 0, 9223372036852065807
0, 2710, 0, 9223372036854775807, 0, 9223372036827675807
0, 2711, 0, 9223372036854775807, 0, 9223372036827665807
0, 2712, 0, 9223372036854775807, 0, 9223372036827655807
0, 2713, 0, 9223372036854775807, 0, 9223372036827645807
0, 2714, 0, 9223372036854775807, 0, 9223372036827635807
0, 2715, 0, 9223372036854775807, 0, 9223372036827625807
0, 2716, 0, 9223372036854775807, 0, 9223372036827615807
0, 2717, 0, 9223372036854775807, 0, 9223372036827605807
0, 2718, 0, 9223372036854775807, 0, 9223372036827595807
0, 2719, 0, 9223372036854775807, 0, 9223372036827585807
0, 272, 0, 9223372036854775807, 0, 9223372036852055807
0, 2720, 0, 9223372036854775807, 0, 9223372036827575807
0, 2721, 0, 9223372036854775807, 0, 9223372036827565807
0, 2722, 0, 9223372036854775807, 0, 9223372036827555807
0, 2723, 0, 9223372036854775807, 0, 9223372036827545807
0, 2724, 0, 9223372036854775807, 0, 9223372036827535807
0, 2725, 0, 9223372036854775807, 0, 9223372036827525807
0, 2726, 0, 9223372036854775807, 0, 9223372036827515807
0, 2727, 0, 9223372036854775807, 0, 9223372036827505807
0, 2728, 0, 9223372036854775807, 0, 9223372036827495807
0, 2729, 0, 9223372036854775807, 0, 9223372036827485807
0, 273, 0, 9223372036854775807, 0, 9223372036852045807
0, 2730, 0, 9223372036854775807, 0, 9223372036827475807
0, 2731, 0, 9223372036854775807, 0, 9223372036827465807
0, 2732, 0, 9223372036854775807, 0, 9223372036827455807
0, 2733, 0, 9223372036854775807, 0, 9223372036827445807
0, 2734, 0, 9223372036854775807, 0, 9223372036827435807
0, 2735, 0, 9223372036854775807, 0, 9223372036827425807
0, 2736, 0, 9223372036854775807, 0, 9223372036827415807
0, 2737, 0, 9223372036854775807, 0, 9223372036827405807
0, 2738, 0, 9223372036854775807, 0, 9223372036827395807
0, 2739, 0, 9223372036854775807, 0, 9223372036827385807
0, 274, 0, 9223372036854775807, 0, 9223372036852035807
0, 2740, 0, 9223372036854775807, 0, 9223372036827375807
0, 2741, 0, 9223372036854775807, 0, 9223372036827365807
0, 2742, 0, 9223372036854775807, 0, 9223372036827355807
0, 2743, 0, 9223372036854775807, 0, 9223372036827345807
0, 2744, 0, 9223372036854775807, 0, 9223372036827335807
0, 2745, 0, 9223372036854775807, 0, 9223372036827325807
0, 2746, 0, 9223372036854775807, 0, 9223372036827315807
0, 2747, 0, 9223372036854775807, 0, 9223372036827305807
0, 2748, 0, 9223372036854775807, 0, 9223372036827295807
0, 2749, 0, 9223372036854775807, 0, 9223372036827285807
0, 275, 0, 9223372036854775807, 0, 9223372036852025807
0, 2750, 0, 9223372036854775807, 0, 9223372036827275807
0, 2751, 0, 9223372036854775807, 0, 9223372036827265807
0, 2752, 0, 9223372036854775807, 0, 9223372036827255807
0, 2753, 0, 9223372036854775807, 0, 9223372036827245807
0, 2754, 0, 9223372036854775807, 0, 9223372036827235807
0, 2755, 0, 9223372036854775807, 0, 9223372036827225807
0, 2756, 0, 9223372036854775807, 0, 9223372036827215807
0, 2757, 0, 9223372036854775807, 0, 9223372036827205807
0, 2758, 0, 9223372036854775807, 0, 9223372036827195807
0, 2759, 0, 9223372036854775807, 0, 9223372036827185807
0, 276, 0, 9223372036854775807, 0, 9223372036852015807
0, 2760, 0, 9223372036854775807, 0, 9223372036827175807
0, 2761, 0, 9223372036854775807, 0, 9223372036827165807
0, 2762, 0, 9223372036854775807, 0, 9223372036827155807
0, 2763, 0, 9223372036854775807, 0, 9223372036827145807
0, 2764, 0, 9223372036854775807, 0, 9223372036827135807
0, 2765, 0, 9223372036854775807, 0, 9223372036827125807
0, 2766, 0, 9223372036854775807, 0, 9223372036827115807
0, 2767, 0, 9223372036854775807, 0, 9223372036827105807
0, 2768, 0, 9223372036854775807, 0, 9223372036827095807
0, 2769, 0, 9223372036854775807, 0, 9223372036827085807
0, 277, 0, 9223372036854775807, 0, 9223372036852005807
0, 2770, 0, 9223372036854775807, 0, 9223372036827075807
0, 2771, 0, 9223372036854775807, 0, 9223372036827065807
0, 2772, 0, 9223372036854775807, 0, 9223372036827055807
0, 2773, 0, 9223372036854775807, 0, 9223372036827045807
0, 2774, 0, 9223372036854775807, 0, 9223372036827035807
0, 2775, 0, 9223372036854775807, 0, 9223372036827025807
0, 2776, 0, 9223372036854775807, 0, 9223372036827015807
0, 2777, 0, 9223372036854775807, 0, 9223372036827005807
0, 2778, 0, 9223372036854775807, 0, 9223372036826995807
0, 2779, 0, 9223372036854775807, 0, 9223372036826985807
0, 278, 0, 9223372036854775807, 0, 9223372036851995807
0, 2780, 0, 9223372036854775807, 0, 9223372036826975807
0, 2781, 0, 9223372036854775807, 0, 9223372036826965807
0, 2782, 0, 9223372036854775807, 0, 9223372036826955807
0, 2783, 0, 9223372036854775807, 0, 9223372036826945807
0, 2784, 0, 9223372036854775807, 0, 9223372036826935807
0, 2785, 0, 9223372036854775807, 0, 9223372036826925807
0, 2786, 0, 9223372036854775807, 0, 9223372036826915807
0, 2787, 0, 9223372036854775807, 0, 9223372036826905807
0, 2788, 0, 9223372036854775807, 0, 9223372036826895807
0, 2789, 0, 9223372036854775807, 0, 9223372036826885807
0, 279, 0, 9223372036854775807, 0, 9223372036851985807
0, 2790, 0, 9223372036854775807, 0, 9223372036826875807
0, 2791, 0, 9223372036854775807, 0, 9223372036826865807
0, 2792, 0, 9223372036854775807, 0, 9223372036826855807
0, 2793, 0, 9223372036854775807, 0, 9223372036826845807
0, 2794, 0, 9223372036854775807, 0, 9223372036826835807
0, 2795, 0, 9223372036854775807, 0, 9223372036826825807
0, 2796, 0, 9223372036854775807, 0, 9223372036826815807
0, 2797, 0, 9223372036854775807, 0, 9223372036826805807
0, 2798, 0, 9223372036854775807, 0, 9223372036826795807
0, 2799, 0, 9223372036854775807, 0, 9223372036826785807
0, 28, 0, 9223372036854775807, 0, 9223372036854495807
0, 280, 0, 9223372036854775807, 0, 9223372036851975807
0, 2800, 0, 9223372036854775807, 0, 9223372036826775807
0, 2801, 0, 9223372036854775807, 0, 9223372036826765807
0, 2802, 0, 9223372036854775807, 0, 9223372036826755807
0, 2803, 0, 9223372036854775807, 0, 9223372036826745807
0, 2804, 0, 9223372036854775807, 0, 9223372036826735807
0, 2805, 0, 9223372036854775807, 0, 9223372036826725807
0, 2806, 0, 9223372036854775807, 0, 9223372036826715807
0, 2807, 0, 9223372036854775807, 0, 9223372036826705807
0, 2808, 0, 9223372036854775807, 0, 9223372036826695807
0, 2809, 0, 9223372036854775807, 0, 9223372036826685807
0, 281, 0, 9223372036854775807, 0, 9223372036851965807
0, 2810, 0, 9223372036854775807, 0, 9223372036826675807
0, 2811, 0, 9223372036854775807, 0, 9223372036826665807
0, 2812, 0, 9223372036854775807, 0, 9223372036826655807
0, 2813, 0, 9223372036854775807, 0, 9223372036826645807
0, 2814, 0, 9223372036854775807, 0, 9223372036826635807
0, 2815, 0, 9223372036854775807, 0, 9223372036826625807
0, 2816, 0, 9223372036854775807, 0, 9223372036826615807
0, 2817, 0, 9223372036854775807, 0, 9223372036826605807
0, 2818, 0, 9223372036854775807, 0, 9223372036826595807
0, 2819, 0, 9223372036854775807, 0, 9223372036826585807
0, 282, 0, 9223372036854775807, 0, 9223372036851955807
0, 2820, 0, 9223372036854775807, 0, 9223372036826575807
0, 2821, 0, 9223372036854775807, 0, 9223372036826565807
0, 2822, 0, 9223372036854775807, 0, 9223372036826555807
0, 2823, 0, 9223372036854775807, 0, 9223372036826545807
0, 2824, 0, 9223372036854775807, 0, 9223372036826535807
0, 2825, 0, 9223372036854775807, 0, 9223372036826525807
0, 2826, 0, 9223372036854775807, 0, 9223372036826515807
0, 2827, 0, 9223372036854775807, 0, 9223372036826505807
0, 2828, 0, 9223372036854775807, 0, 9223372036826495807
0, 2829, 0, 9223372036854775807, 0, 9223372036826485807
0, 283, 0, 9223372036854775807, 0, 9223372036851945807
0, 2830, 0, 9223372036854775807, 0, 9223372036826475807
0, 2831, 0, 9223372036854775807, 0, 9223372036826465807
0, 2832, 0, 9223372036854775807, 0, 9223372036826455807
0, 2833, 0, 9223372036854775807, 0, 9223372036826445807
0, 2834, 0, 9223372036854775807, 0, 9223372036826435807
0, 2835, 0, 9223372036854775807, 0, 9223372036826425807
0, 2836, 0, 9223372036854775807, 0, 9223372036826415807
0, 2837, 0, 9223372036854775807, 0, 9223372036826405807
0, 2838, 0, 9223372036854775807, 0, 9223372036826395807
0, 2839, 0, 9223372036854775807, 0, 9223372036826385807
0, 284, 0, 9223372036854775807, 0, 9223372036851935807
0, 2840, 0, 9223372036854775807, 0, 9223372036826375807
0, 2841, 0, 9223372036854775807, 0, 9223372036826365807
0, 2842, 0, 9223372036854775807, 0, 9223372036826355807
0, 2843, 0, 9223372036854775807, 0, 9223372036826345807
0, 2844, 0, 9223372036854775807, 0, 9223372036826335807
0, 2845, 0, 9223372036854775807, 0, 9223372036826325807
0, 2846, 0, 9223372036854775807, 0, 9223372036826315807
0, 2847, 0, 9223372036854775807, 0, 9223372036826305807
0, 2848, 0, 9223372036854775807, 0, 9223372036826295807
0, 2849, 0, 9223372036854775807, 0, 9223372036826285807
0, 285, 0, 9223372036854775807, 0, 9223372036851925807
0, 2850, 0, 9223372036854775807, 0, 9223372036826275807
0, 2851, 0, 9223372036854775807, 0, 9223372036826265807
0, 2852, 0, 9223372036854775807, 0, 9223372036826255807
0, 2853, 0, 9223372036854775807, 0, 9223372036826245807
0, 2854, 0, 9223372036854775807, 0, 9223372036826235807
0, 2855, 0, 9223372036854775807, 0, 9223372036826225807
0, 2856, 0, 9223372036854775807, 0, 9223372036826215807
0, 2857, 0, 9223372036854775807, 0, 9223372036826205807
0, 2858, 0, 9223372036854775807, 0, 9223372036826195807
0, 2859, 0, 9223372036854775807, 0, 9223372036826185807
0, 286, 0, 9223372036854775807, 0, 9223372036851915807
0, 2860, 0, 9223372036854775807, 0, 9223372036826175807
0, 2861, 0, 9223372036854775807, 0, 9223372036826165807
0, 2862, 0, 9223372036854775807, 0, 9223372036826155807
0, 2863, 0, 9223372036854775807, 0, 9223372036826145807
0, 2864, 0, 9223372036854775807, 0, 9223372036826135807
0, 2865, 0, 9223372036854775807, 0, 9223372036826125807
0, 2866, 0, 9223372036854775807, 0, 9223372036826115807
0, 2867, 0, 9223372036854775807, 0, 9223372036826105807
0, 2868, 0, 9223372036854775807, 0, 9223372036826095807
0, 2869, 0, 9223372036854775807, 0, 9223372036826085807
0, 287, 0, 9223372036854775807, 0, 9223372036851905807
0, 2870, 0, 9223372036854775807, 0, 9223372036826075807
0, 2871, 0, 9223372036854775807, 0, 9223372036826065807
0, 2872, 0, 9223372036854775807, 0, 9223372036826055807
0, 2873, 0, 9223372036854775807, 0, 9223372036826045807
0, 2874, 0, 9223372036854775807, 0, 9223372036826035807
0, 2875, 0, 9223372036854775807, 0, 9223372036826025807
0, 2876, 0, 9223372036854775807, 0, 9223372036826015807
0, 2877, 0, 9223372036854775807, 0, 9223372036826005807
0, 2878, 0, 9223372036854775807, 0, 9223372036825995807
0, 2879, 0, 9223372036854775807, 0, 9223372036825985807
0, 288, 0, 9223372036854775807, 0, 9223372036851895807
0, 2880, 0, 9223372036854775807, 0, 9223372036825975807
0, 2881, 0, 9223372036854775807, 0, 9223372036825965807
0, 2882, 0, 9223372036854775807, 0, 9223372036825955807
0, 2883, 0, 9223372036854775807, 0, 9223372036825945807
0, 2884, 0, 9223372036854775807, 0, 9223372036825935807
0, 2885, 0, 9223372036854775807, 0, 9223372036825925807
0, 2886, 0, 9223372036854775807, 0, 9223372036825915807
0, 2887, 0, 9223372036854775807, 0, 9223372036825905807
0, 2888, 0, 9223372036854775807, 0, 9223372036825895807
0, 2889, 0, 9223372036854775807, 0, 9223372036825885807
0, 289, 0, 9223372036854775807, 0, 9223372036851885807
0, 2890, 0, 9223372036854775807, 0, 9223372036825875807
0, 2891, 0, 9223372036854775807, 0, 9223372036825865807
0, 2892, 0, 9223372036854775807, 0, 9223372036825855807
0, 2893, 0, 9223372036854775807, 0, 9223372036825845807
0, 2894, 0, 9223372036854775807, 0, 9223372036825835807
0, 2895, 0, 9223372036854775807, 0, 9223372036825825807
0, 2896, 0, 9223372036854775807, 0, 9223372036825815807
0, 2897, 0, 9223372036854775807, 0, 9223372036825805807
0, 2898, 0, 9223372036854775807, 0, 9223372036825795807
0, 2899, 0, 9223372036854775807, 0, 9223372036825785807
0, 29, 0, 9223372036854775807, 0, 9223372036854485807
0, 290, 0, 9223372036854775807, 0, 9223372036851875807
0, 2900, 0, 9223372036854775807, 0, 9223372036825775807
0, 2901, 0, 9223372036854775807, 0, 9223372036825765807
0, 2902, 0, 9223372036854775807, 0, 9223372036825755807
0, 2903, 0, 9223372036854775807, 0, 9223372036825745807
0, 2904, 0, 9223372036854775807, 0, 9223372036825735807
0, 2905, 0, 9223372036854775807, 0, 9223372036825725807
0, 2906, 0, 9223372036854775807, 0, 9223372036825715807
0, 2907, 0, 9223372036854775807, 0, 9223372036825705807
0, 2908, 0, 9223372036854775807, 0, 9223372036825695807
0, 2909, 0, 9223372036854775807, 0, 9223372036825685807
0, 291, 0, 9223372036854775807, 0, 9223372036851865807
0, 2910, 0, 9223372036854775807, 0, 9223372036825675807
0, 2911, 0, 9223372036854775807, 0, 9223372036825665807
0, 2912, 0, 9223372036854775807, 0, 9223372036825655807
0, 2913, 0, 9223372036854775807, 0, 9223372036825645807
0, 2914, 0, 9223372036854775807, 0, 9223372036825635807
0, 2915, 0, 9223372036854775807, 0, 9223372036825625807
0, 2916, 0, 9223372036854775807, 0, 9223372036825615807
0, 2917, 0, 9223372036854775807, 0, 9223372036825605807
0, 2918, 0, 9223372036854775807, 0, 9223372036825595807
0, 2919, 0, 9223372036854775807, 0, 9223372036825585807
0, 292, 0, 9223372036854775807, 0, 9223372036851855807
0, 2920, 0, 9223372036854775807, 0, 9223372036825575807
0, 2921, 0, 9223372036854775807, 0, 9223372036825565807
0, 2922, 0, 9223372036854775807, 0, 9223372036825555807
0, 2923, 0, 9223372036854775807, 0, 9223372036825545807
0, 2924, 0, 9223372036854775807, 0, 9223372036825535807
0, 2925, 0, 9223372036854775807, 0, 9223372036825525807
0, 2926, 0, 9223372036854775807, 0, 9223372036825515807
0, 2927, 0, 9223372036854775807, 0, 9223372036825505807
0, 2928, 0, 9223372036854775807, 0, 9223372036825495807
0, 2929, 0, 9223372036854775807, 0, 9223372036825485807
0, 293, 0, 9223372036854775807, 0, 9223372036851845807
0, 2930, 0, 9223372036854775807, 0, 9223372036825475807
0, 2931, 0, 9223372036854775807, 0, 9223372036825465807
0, 2932, 0, 9223372036854775807, 0, 9223372036825455807
0, 2933, 0, 9223372036854775807, 0, 9223372036825445807
0, 2934, 0, 9223372036854775807, 0, 9223372036825435807
0, 2935, 0, 9223372036854775807, 0, 9223372036825425807
0, 2936, 0, 9223372036854775807, 0, 9223372036825415807
0, 2937, 0, 9223372036854775807, 0, 9223372036825405807
0, 2938, 0, 9223372036854775807, 0, 9223372036825395807
0, 2939, 0, 9223372036854775807, 0, 9223372036825385807
0, 294, 0, 9223372036854775807, 0, 9223372036851835807
0, 2940, 0, 9223372036854775807, 0, 9223372036825375807
0, 2941, 0, 9223372036854775807, 0, 9223372036825365807
0, 2942, 0, 9223372036854775807, 0, 9223372036825355807
0, 2943, 0, 9223372036854775807, 0, 9223372036825345807
0, 2944, 0, 9223372036854775807, 0, 9223372036825335807
0, 2945, 0, 9223372036854775807, 0, 9223372036825325807
0, 2946, 0, 9223372036854775807, 0, 9223372036825315807
0, 2947, 0, 9223372036854775807, 0, 9223372036825305807
0, 2948, 0, 9223372036854775807, 0, 9223372036825295807
0, 2949, 0, 9223372036854775807, 0, 9223372036825285807
0, 295, 0, 9223372036854775807, 0, 9223372036851825807
0, 2950, 0, 9223372036854775807, 0, 9223372036825275807
0, 2951, 0, 9223372036854775807, 0, 9223372036825265807
0, 2952, 0, 9223372036854775807, 0, 9223372036825255807
0, 2953, 0, 9223372036854775807, 0, 9223372036825245807
0, 2954, 0, 9223372036854775807, 0, 9223372036825235807
0, 2955, 0, 9223372036854775807, 0, 9223372036825225807
0, 2956, 0, 9223372036854775807, 0, 9223372036825215807
0, 2957, 0, 9223372036854775807, 0, 9223372036825205807
0, 2958, 0, 9223372036854775807, 0, 9223372036825195807
0, 2959, 0, 9223372036854775807, 0, 9223372036825185807
0, 296, 0, 9223372036854775807, 0, 9223372036851815807
0, 2960, 0, 9223372036854775807, 0, 9223372036825175807
0, 2961, 0, 9223372036854775807, 0, 9223372036825165807
0, 2962, 0, 9223372036854775807, 0, 9223372036825155807
0, 2963, 0, 9223372036854775807, 0, 9223372036825145807
0, 2964, 0, 9223372036854775807, 0, 9223372036825135807
0, 2965, 0, 9223372036854775807, 0, 9223372036825125807
0, 2966, 0, 9223372036854775807, 0, 9223372036825115807
0, 2967, 0, 9223372036854775807, 0, 9223372036825105807
0, 2968, 0, 9223372036854775807, 0, 9223372036825095807
0, 2969, 0, 9223372036854775807, 0, 9223372036825085807
0, 297, 0, 9223372036854775807, 0, 9223372036851805807
0, 2970, 0, 9223372036854775807, 0, 9223372036825075807
0, 2971, 0, 9223372036854775807, 0, 9223372036825065807
0, 2972, 0, 9223372036854775807, 0, 9223372036825055807
0, 2973, 0, 9223372036854775807, 0, 9223372036825045807
0, 2974, 0, 9223372036854775807, 0, 9223372036825035807
0, 2975, 0, 9223372036854775807, 0, 9223372036825025807
0, 2976, 0, 9223372036854775807, 0, 9223372036825015807
0, 2977, 0, 9223372036854775807, 0, 9223372036825005807
0, 2978, 0, 9223372036854775807, 0, 9223372036824995807
0, 2979, 0, 9223372036854775807, 0, 9223372036824985807
0, 298, 0, 9223372036854775807, 0, 9223372036851795807
0, 2980, 0, 9223372036854775807, 0, 9223372036824975807
0, 2981, 0, 9223372036854775807, 0, 9223372036824965807
0, 2982, 0, 9223372036854775807, 0, 9223372036824955807
0, 2983, 0, 9223372036854775807, 0, 9223372036824945807
0, 2984, 0, 9223372036854775807, 0, 9223372036824935807
0, 2985, 0, 9223372036854775807, 0, 9223372036824925807
0, 2986, 0, 9223372036854775807, 0, 9223372036824915807
0, 2987, 0, 9223372036854775807, 0, 9223372036824905807
0, 2988, 0, 9223372036854775807, 0, 9223372036824895807
0, 2989, 0, 9223372036854775807, 0, 9223372036824885807
0, 299, 0, 9223372036854775807, 0, 9223372036851785807
0, 2990, 0, 9223372036854775807, 0, 9223372036824875807
0, 2991, 0, 9223372036854775807, 0, 9223372036824865807
0, 2992, 0, 9223372036854775807, 0, 9223372036824855807
0, 2993, 0, 9223372036854775807, 0, 9223372036824845807
0, 2994, 0, 9223372036854775807, 0, 9223372036824835807
0, 2995, 0, 9223372036854775807, 0, 9223372036824825807
0, 2996, 0, 9223372036854775807, 0, 9223372036824815807
0, 2997, 0, 9223372036854775807, 0, 9223372036824805807
0, 2998, 0, 9223372036854775807, 0, 9223372036824795807
0, 2999, 0, 9223372036854775807, 0, 9223372036824785807
0, 3, 0, 9223372036854775807, 0, 9223372036854745807
0, 30, 0, 9223372036854775807, 0, 9223372036854475807
0, 300, 0, 9223372036854775807, 0, 9223372036851775807
0, 3000, 0, 9223372036854775807, 0, 9223372036824775807
0, 3001, 0, 9223372036854775807, 0, 9223372036824765807
0, 3002, 0, 9223372036854775807, 0, 9223372036824755807
0, 3003, 0, 9223372036854775807, 0, 9223372036824745807
0, 3004, 0, 9223372036854775807, 0, 9223372036824735807
0, 3005, 0, 9223372036854775807, 0, 9223372036824725807
0, 3006, 0, 9223372036854775807, 0, 9223372036824715807
0, 3007, 0, 9223372036854775807, 0, 9223372036824705807
0, 3008, 0, 9223372036854775807, 0, 9223372036824695807
0, 3009, 0, 9223372036854775807, 0, 9223372036824685807
0, 301, 0, 9223372036854775807, 0, 9223372036851765807
0, 3010, 0, 9223372036854775807, 0, 9223372036824675807
0, 3011, 0, 9223372036854775807, 0, 9223372036824665807
0, 3012, 0, 9223372036854775807, 0, 9223372036824655807
0, 3013, 0, 9223372036854775807, 0, 9223372036824645807
0, 3014, 0, 9223372036854775807, 0, 9223372036824635807
0, 3015, 0, 9223372036854775807, 0, 9223372036824625807
0, 3016, 0, 9223372036854775807, 0, 9223372036824615807
0, 3017, 0, 9223372036854775807, 0, 9223372036824605807
0, 3018, 0, 9223372036854775807, 0, 9223372036824595807
0, 3019, 0, 9223372036854775807, 0, 9223372036824585807
0, 302, 0, 9223372036854775807, 0, 9223372036851755807
0, 3020, 0, 9223372036854775807, 0, 9223372036824575807
0, 3021, 0, 9223372036854775807, 0, 9223372036824565807
0, 3022, 0, 9223372036854775807, 0, 9223372036824555807
0, 3023, 0, 9223372036854775807, 0, 9223372036824545807
0, 3024, 0, 9223372036854775807, 0, 9223372036824535807
0, 3025, 0, 9223372036854775807, 0, 9223372036824525807
0, 3026, 0, 9223372036854775807, 0, 9223372036824515807
0, 3027, 0, 9223372036854775807, 0, 9223372036824505807
0, 3028, 0, 9223372036854775807, 0, 9223372036824495807
0, 3029, 0, 9223372036854775807, 0, 9223372036824485807
0, 303, 0, 9223372036854775807, 0, 9223372036851745807
0, 3030, 0, 9223372036854775807, 0, 9223372036824475807
0, 3031, 0, 9223372036854775807, 0, 9223372036824465807
0, 3032, 0, 9223372036854775807, 0, 9223372036824455807
0, 3033, 0, 9223372036854775807, 0, 9223372036824445807
0, 3034, 0, 9223372036854775807, 0, 9223372036824435807
0, 3035, 0, 9223372036854775807, 0, 9223372036824425807
0, 3036, 0, 9223372036854775807, 0, 9223372036824415807
0, 3037, 0, 9223372036854775807, 0, 9223372036824405807
0, 3038, 0, 9223372036854775807, 0, 9223372036824395807
0, 3039, 0, 9223372036854775807, 0, 9223372036824385807
0, 304, 0, 9223372036854775807, 0, 9223372036851735807
0, 3040, 0, 9223372036854775807, 0, 9223372036824375807
0, 3041, 0, 9223372036854775807, 0, 9223372036824365807
0, 3042, 0, 9223372036854775807, 0, 9223372036824355807
0, 3043, 0, 9223372036854775807, 0, 9223372036824345807
0, 3044, 0, 9223372036854775807, 0, 9223372036824335807
0, 3045, 0, 9223372036854775807, 0, 9223372036824325807
0, 3046, 0, 9223372036854775807, 0, 9223372036824315807
0, 3047, 0, 9223372036854775807, 0, 9223372036824305807
0, 3048, 0, 9223372036854775807, 0, 9223372036824295807
0, 3049, 0, 9223372036854775807, 0, 9223372036824285807
0, 305, 0, 9223372036854775807, 0, 9223372036851725807
0, 3050, 0, 9223372036854775807, 0, 9223372036824275807
0, 3051, 0, 9223372036854775807, 0, 9223372036824265807
0, 3052, 0, 9223372036854775807, 0, 9223372036824255807
0, 3053, 0, 9223372036854775807, 0, 9223372036824245807
0, 3054, 0, 9223372036854775807, 0, 9223372036824235807
0, 3055, 0, 9223372036854775807, 0, 9223372036824225807
0, 3056, 0, 9223372036854775807, 0, 9223372036824215807
0, 3057, 0, 9223372036854775807, 0, 9223372036824205807
0, 3058, 0, 9223372036854775807, 0, 9223372036824195807
0, 3059, 0, 9223372036854775807, 0, 9223372036824185807
0, 306, 0, 9223372036854775807, 0, 9223372036851715807
0, 3060, 0, 9223372036854775807, 0, 9223372036824175807
0, 3061, 0, 9223372036854775807, 0, 9223372036824165807
0, 3062, 0, 9223372036854775807, 0, 9223372036824155807
0, 3063, 0, 9223372036854775807, 0, 9223372036824145807
0, 3064, 0, 9223372036854775807, 0, 9223372036824135807
0, 3065, 0, 9223372036854775807, 0, 9223372036824125807
0, 3066, 0, 9223372036854775807, 0, 9223372036824115807
0, 3067, 0, 9223372036854775807, 0, 9223372036824105807
0, 3068, 0, 9223372036854775807, 0, 9223372036824095807
0, 3069, 0, 9223372036854775807, 0, 9223372036824085807
0, 307, 0, 9223372036854775807, 0, 9223372036851705807
0, 3070, 0, 9223372036854775807, 0, 9223372036824075807
0, 3071, 0, 9223372036854775807, 0, 9223372036824065807
0, 3072, 0, 9223372036854775807, 0, 9223372036824055807
0, 3073, 0, 9223372036854775807, 0, 9223372036824045807
0, 3074, 0, 9223372036854775807, 0, 9223372036824035807
0, 3075, 0, 9223372036854775807, 0, 9223372036824025807
0, 3076, 0, 9223372036854775807, 0, 9223372036824015807
0, 3077, 0, 9223372036854775807, 0, 9223372036824005807
0, 3078, 0, 9223372036854775807, 0, 9223372036823995807
0, 3079, 0, 9223372036854775807, 0, 9223372036823985807
0, 308, 0, 9223372036854775807, 0, 9223372036851695807
0, 3080, 0, 9223372036854775807, 0, 9223372036823975807
0, 3081, 0, 9223372036854775807, 0, 9223372036823965807
0, 3082, 0, 9223372036854775807, 0, 9223372036823955807
0, 3083, 0, 9223372036854775807, 0, 9223372036823945807
0, 3084, 0, 9223372036854775807, 0, 9223372036823935807
0, 3085, 0, 9223372036854775807, 0, 9223372036823925807
0, 3086, 0, 9223372036854775807, 0, 9223372036823915807
0, 3087, 0, 9223372036854775807, 0, 9223372036823905807
0, 3088, 0, 9223372036854775807, 0, 9223372036823895807
0, 3089, 0, 9223372036854775807, 0, 9223372036823885807
0, 309, 0, 9223372036854775807, 0, 9223372036851685807
0, 3090, 0, 9223372036854775807, 0, 9223372036823875807
0, 3091, 0, 9223372036854775807, 0, 9223372036823865807
0, 3092, 0, 9223372036854775807, 0, 9223372036823855807
0, 3093, 0, 9223372036854775807, 0, 9223372036823845807
0, 3094, 0, 9223372036854775807, 0, 9223372036823835807
0, 3095, 0, 9223372036854775807, 0, 9223372036823825807
0, 3096, 0, 9223372036854775807, 0, 9223372036823815807
0, 3097, 0, 9223372036854775807, 0, 9223372036823805807
0, 3098, 0, 9223372036854775807, 0, 9223372036823795807
0, 3099, 0, 9223372036854775807, 0, 9223372036823785807
0, 31, 0, 9223372036854775807, 0, 9223372036854465807
0, 310, 0, 9223372036854775807, 0, 9223372036851675807
0, 3100, 0, 9223372036854775807, 0, 9223372036823775807
0, 3101, 0, 9223372036854775807, 0, 9223372036823765807
0, 3102, 0, 9223372036854775807, 0, 9223372036823755807
0, 3103, 0, 9223372036854775807, 0, 9223372036823745807
0, 3104, 0, 9223372036854775807, 0, 9223372036823735807
0, 3105, 0, 9223372036854775807, 0, 9223372036823725807
0, 3106, 0, 9223372036854775807, 0, 9223372036823715807
0, 3107, 0, 9223372036854775807, 0, 9223372036823705807
0, 3108, 0, 9223372036854775807, 0, 9223372036823695807
0, 3109, 0, 9223372036854775807, 0, 9223372036823685807
0, 311, 0, 9223372036854775807, 0, 9223372036851665807
0, 3110, 0, 9223372036854775807, 0, 9223372036823675807
0, 3111, 0, 9223372036854775807, 0, 9223372036823665807
0, 3112, 0, 9223372036854775807, 0, 9223372036823655807
0, 3113, 0, 9223372036854775807, 0, 9223372036823645807
0, 3114, 0, 9223372036854775807, 0, 9223372036823635807
0, 3115, 0, 9223372036854775807, 0, 9223372036823625807
0, 3116, 0, 9223372036854775807, 0, 9223372036823615807
0, 3117, 0, 9223372036854775807, 0, 9223372036823605807
0, 3118, 0, 9223372036854775807, 0, 9223372036823595807
0, 3119, 0, 9223372036854775807, 0, 9223372036823585807
0, 312, 0, 9223372036854775807, 0, 9223372036851655807
0, 3120, 0, 9223372036854775807, 0, 9223372036823575807
0, 3121, 0, 9223372036854775807, 0, 9223372036823565807
0, 3122, 0, 9223372036854775807, 0, 9223372036823555807
0, 3123, 0, 9223372036854775807, 0, 9223372036823545807
0, 3124, 0, 9223372036854775807, 0, 9223372036823535807
0, 3125, 0, 9223372036854775807, 0, 9223372036823525807
0, 3126, 0, 9223372036854775807, 0, 9223372036823515807
0, 3127, 0, 9223372036854775807, 0, 9223372036823505807
0, 3128, 0, 9223372036854775807, 0, 9223372036823495807
0, 3129, 0, 9223372036854775807, 0, 9223372036823485807
0, 313, 0, 9223372036854775807, 0, 9223372036851645807
0, 3130, 0, 9223372036854775807, 0, 9223372036823475807
0, 3131, 0, 9223372036854775807, 0, 9223372036823465807
0, 3132, 0, 9223372036854775807, 0, 9223372036823455807
0, 3133, 0, 9223372036854775807, 0, 9223372036823445807
0, 3134, 0, 9223372036854775807, 0, 9223372036823435807
0, 3135, 0, 9223372036854775807, 0, 9223372036823425807
0, 3136, 0, 9223372036854775807, 0, 9223372036823415807
0, 3137, 0, 9223372036854775807, 0, 9223372036823405807
0, 3138, 0, 9223372036854775807, 0, 9223372036823395807
0, 3139, 0, 9223372036854775807, 0, 9223372036823385807
0, 314, 0, 9223372036854775807, 0, 9223372036851635807
0, 3140, 0, 9223372036854775807, 0, 9223372036823375807
0, 3141, 0, 9223372036854775807, 0, 9223372036823365807
0, 3142, 0, 9223372036854775807, 0, 9223372036823355807
0, 3143, 0, 9223372036854775807, 0, 9223372036823345807
0, 3144, 0, 9223372036854775807, 0, 9223372036823335807
0, 3145, 0, 9223372036854775807, 0, 9223372036823325807
0, 3146, 0, 9223372036854775807, 0, 9223372036823315807
0, 3147, 0, 9223372036854775807, 0, 9223372036823305807
0, 3148, 0, 9223372036854775807, 0, 9223372036823295807
0, 3149, 0, 9223372036854775807, 0, 9223372036823285807
0, 315, 0, 9223372036854775807, 0, 9223372036851625807
0, 3150, 0, 9223372036854775807, 0, 9223372036823275807
0, 3151, 0, 9223372036854775807, 0, 9223372036823265807
0, 3152, 0, 9223372036854775807, 0, 9223372036823255807
0, 3153, 0, 9223372036854775807, 0, 9223372036823245807
0, 3154, 0, 9223372036854775807, 0, 9223372036823235807
0, 3155, 0, 9223372036854775807, 0, 9223372036823225807
0, 3156, 0, 9223372036854775807, 0, 9223372036823215807
0, 3157, 0, 9223372036854775807, 0, 9223372036823205807
0, 3158, 0, 9223372036854775807, 0, 9223372036823195807
0, 3159, 0, 9223372036854775807, 0, 9223372036823185807
0, 316, 0, 9223372036854775807, 0, 9223372036851615807
0, 3160, 0, 9223372036854775807, 0, 9223372036823175807
0, 3161, 0, 9223372036854775807, 0, 9223372036823165807
0, 3162, 0, 9223372036854775807, 0, 9223372036823155807
0, 3163, 0, 9223372036854775807, 0, 9223372036823145807
0, 3164, 0, 9223372036854775807, 0, 9223372036823135807
0, 3165, 0, 9223372036854775807, 0, 9223372036823125807
0, 3166, 0, 9223372036854775807, 0, 9223372036823115807
0, 3167, 0, 9223372036854775807, 0, 9223372036823105807
0, 3168, 0, 9223372036854775807, 0, 9223372036823095807
0, 3169, 0, 9223372036854775807, 0, 9223372036823085807
0, 317, 0, 9223372036854775807, 0, 9223372036851605807
0, 3170, 0, 9223372036854775807, 0, 9223372036823075807
0, 3171, 0, 9223372036854775807, 0, 9223372036823065807
0, 3172, 0, 9223372036854775807, 0, 9223372036823055807
0, 3173, 0, 9223372036854775807, 0, 9223372036823045807
0, 3174, 0, 9223372036854775807, 0, 9223372036823035807
0, 3175, 0, 9223372036854775807, 0, 9223372036823025807
0, 3176, 0, 9223372036854775807, 0, 9223372036823015807
0, 3177, 0, 9223372036854775807, 0, 9223372036823005807
0, 3178, 0, 9223372036854775807, 0, 9223372036822995807
0, 3179, 0, 9223372036854775807, 0, 9223372036822985807
0, 318, 0, 9223372036854775807, 0, 9223372036851595807
0, 3180, 0, 9223372036854775807, 0, 9223372036822975807
0, 3181, 0, 9223372036854775807, 0, 9223372036822965807
0, 3182, 0, 9223372036854775807, 0, 9223372036822955807
0, 3183, 0, 9223372036854775807, 0, 9223372036822945807
0, 3184, 0, 9223372036854775807, 0, 9223372036822935807
0, 3185, 0, 9223372036854775807, 0, 9223372036822925807
0, 3186, 0, 9223372036854775807, 0, 9223372036822915807
0, 3187, 0, 9223372036854775807, 0, 9223372036822905807
0, 3188, 0, 9223372036854775807, 0, 9223372036822895807
0, 3189, 0, 9223372036854775807, 0, 9223372036822885807
0, 319, 0, 9223372036854775807, 0, 9223372036851585807
0, 3190, 0, 9223372036854775807, 0, 9223372036822875807
0, 3191, 0, 9223372036854775807, 0, 9223372036822865807
0, 3192, 0, 9223372036854775807, 0, 9223372036822855807
0, 3193, 0, 9223372036854775807, 0, 9223372036822845807
0, 3194, 0, 9223372036854775807, 0, 9223372036822835807
0, 3195, 0, 9223372036854775807, 0, 9223372036822825807
0, 3196, 0, 9223372036854775807, 0, 9223372036822815807
0, 3197, 0, 9223372036854775807, 0, 9223372036822805807
0, 3198, 0, 9223372036854775807, 0, 9223372036822795807
0, 3199, 0, 9223372036854775807, 0, 9223372036822785807
0, 32, 0, 9223372036854775807, 0, 9223372036854455807
0, 320, 0, 9223372036854775807, 0, 9223372036851575807
0, 3200, 0, 9223372036854775807, 0, 9223372036822775807
0, 3201, 0, 9223372036854775807, 0, 9223372036822765807
0, 3202, 0, 9223372036854775807, 0, 9223372036822755807
0, 3203, 0, 9223372036854775807, 0, 9223372036822745807
0, 3204, 0, 9223372036854775807, 0, 9223372036822735807
0, 3205, 0, 9223372036854775807, 0, 9223372036822725807
0, 3206, 0, 9223372036854775807, 0, 9223372036822715807
0, 3207, 0, 9223372036854775807, 0, 9223372036822705807
0, 3208, 0, 9223372036854775807, 0, 9223372036822695807
0, 3209, 0, 9223372036854775807, 0, 9223372036822685807
0, 321, 0, 9223372036854775807, 0, 9223372036851565807
0, 3210, 0, 9223372036854775807, 0, 9223372036822675807
0, 3211, 0, 9223372036854775807, 0, 9223372036822665807
0, 3212, 0, 9223372036854775807, 0, 9223372036822655807
0, 3213, 0, 9223372036854775807, 0, 9223372036822645807
0, 3214, 0, 9223372036854775807, 0, 9223372036822635807
0, 3215, 0, 9223372036854775807, 0, 9223372036822625807
0, 3216, 0, 9223372036854775807, 0, 9223372036822615807
0, 3217, 0, 9223372036854775807, 0, 9223372036822605807
0, 3218, 0, 9223372036854775807, 0, 9223372036822595807
0, 3219, 0, 9223372036854775807, 0, 9223372036822585807
0, 322, 0, 9223372036854775807, 0, 9223372036851555807
0, 3220, 0, 9223372036854775807, 0, 9223372036822575807
0, 3221, 0, 9223372036854775807, 0, 9223372036822565807
0, 3222, 0, 9223372036854775807, 0, 9223372036822555807
0, 3223, 0, 9223372036854775807, 0, 9223372036822545807
0, 3224, 0, 9223372036854775807, 0, 9223372036822535807
0, 3225, 0, 9223372036854775807, 0, 9223372036822525807
0, 3226, 0, 9223372036854775807, 0, 9223372036822515807
0, 3227, 0, 9223372036854775807, 0, 9223372036822505807
0, 3228, 0, 9223372036854775807, 0, 9223372036822495807
0, 3229, 0, 9223372036854775807, 0, 9223372036822485807
0, 323, 0, 9223372036854775807, 0, 9223372036851545807
0, 3230, 0, 9223372036854775807, 0, 9223372036822475807
0, 3231, 0, 9223372036854775807, 0, 9223372036822465807
0, 3232, 0, 9223372036854775807, 0, 9223372036822455807
0, 3233, 0, 9223372036854775807, 0, 9223372036822445807
0, 3234, 0, 9223372036854775807, 0, 9223372036822435807
0, 3235, 0, 9223372036854775807, 0, 9223372036822425807
0, 3236, 0, 9223372036854775807, 0, 9223372036822415807
0, 3237, 0, 9223372036854775807, 0, 9223372036822405807
0, 3238, 0, 9223372036854775807, 0, 9223372036822395807
0, 3239, 0, 9223372036854775807, 0, 9223372036822385807
0, 324, 0, 9223372036854775807, 0, 9223372036851535807
0, 3240, 0, 9223372036854775807, 0, 9223372036822375807
0, 3241, 0, 9223372036854775807, 0, 9223372036822365807
0, 3242, 0, 9223372036854775807, 0, 9223372036822355807
0, 3243, 0, 9223372036854775807, 0, 9223372036822345807
0, 3244, 0, 9223372036854775807, 0, 9223372036822335807
0, 3245, 0, 9223372036854775807, 0, 9223372036822325807
0, 3246, 0, 9223372036854775807, 0, 9223372036822315807
0, 3247, 0, 9223372036854775807, 0, 9223372036822305807
0, 3248, 0, 9223372036854775807, 0, 9223372036822295807
0, 3249, 0, 9223372036854775807, 0, 9223372036822285807
0, 325, 0, 9223372036854775807, 0, 9223372036851525807
0, 3250, 0, 9223372036854775807, 0, 9223372036822275807
0, 3251, 0, 9223372036854775807, 0, 9223372036822265807
0, 3252, 0, 9223372036854775807, 0, 9223372036822255807
0, 3253, 0, 9223372036854775807, 0, 9223372036822245807
0, 3254, 0, 9223372036854775807, 0, 9223372036822235807
0, 3255, 0, 9223372036854775807, 0, 9223372036822225807
0, 3256, 0, 9223372036854775807, 0, 9223372036822215807
0, 3257, 0, 9223372036854775807, 0, 9223372036822205807
0, 3258, 0, 9223372036854775807, 0, 9223372036822195807
0, 3259, 0, 9223372036854775807, 0, 9223372036822185807
0, 326, 0, 9223372036854775807, 0, 9223372036851515807
0, 3260, 0, 9223372036854775807, 0, 9223372036822175807
0, 3261, 0, 9223372036854775807, 0, 9223372036822165807
0, 3262, 0, 9223372036854775807, 0, 9223372036822155807
0, 3263, 0, 9223372036854775807, 0, 9223372036822145807
0, 3264, 0, 9223372036854775807, 0, 9223372036822135807
0, 3265, 0, 9223372036854775807, 0, 9223372036822125807
0, 3266, 0, 9223372036854775807, 0, 9223372036822115807
0, 3267, 0, 9223372036854775807, 0, 9223372036822105807
0, 3268, 0, 9223372036854775807, 0, 9223372036822095807
0, 3269, 0, 9223372036854775807, 0, 9223372036822085807
0, 327, 0, 9223372036854775807, 0, 9223372036851505807
0, 3270, 0, 9223372036854775807, 0, 9223372036822075807
0, 3271, 0, 9223372036854775807, 0, 9223372036822065807
0, 3272, 0, 9223372036854775807, 0, 9223372036822055807
0, 3273, 0, 9223372036854775807, 0, 9223372036822045807
0, 3274, 0, 9223372036854775807, 0, 9223372036822035807
0, 3275, 0, 9223372036854775807, 0, 9223372036822025807
0, 3276, 0, 9223372036854775807, 0, 9223372036822015807
0, 3277, 0, 9223372036854775807, 0, 9223372036822005807
0, 3278, 0, 9223372036854775807, 0, 9223372036821995807
0, 3279, 0, 9223372036854775807, 0, 9223372036821985807
0, 328, 0, 9223372036854775807, 0, 9223372036851495807
0, 3280, 0, 9223372036854775807, 0, 9223372036821975807
0, 3281, 0, 9223372036854775807, 0, 9223372036821965807
0, 3282, 0, 9223372036854775807, 0, 9223372036821955807
0, 3283, 0, 9223372036854775807, 0, 9223372036821945807
0, 3284, 0, 9223372036854775807, 0, 9223372036821935807
0, 3285, 0, 9223372036854775807, 0, 9223372036821925807
0, 3286, 0, 9223372036854775807, 0, 9223372036821915807
0, 3287, 0, 9223372036854775807, 0, 9223372036821905807
0, 3288, 0, 9223372036854775807, 0, 9223372036821895807
0, 3289, 0, 9223372036854775807, 0, 9223372036821885807
0, 329, 0, 9223372036854775807, 0, 9223372036851485807
0, 3290, 0, 9223372036854775807, 0, 9223372036821875807
0, 3291, 0, 9223372036854775807, 0, 9223372036821865807
0, 3292, 0, 9223372036854775807, 0, 9223372036821855807
0, 3293, 0, 9223372036854775807, 0, 9223372036821845807
0, 3294, 0, 9223372036854775807, 0, 9223372036821835807
0, 3295, 0, 9223372036854775807, 0, 9223372036821825807
0, 3296, 0, 9223372036854775807, 0, 9223372036821815807
0, 3297, 0, 9223372036854775807, 0, 9223372036821805807
0, 3298, 0, 9223372036854775807, 0, 9223372036821795807
0, 3299, 0, 9223372036854775807, 0, 9223372036821785807
0, 33, 0, 9223372036854775807, 0, 9223372036854445807
0, 330, 0, 9223372036854775807, 0, 9223372036851475807
0, 3300, 0, 9223372036854775807, 0, 9223372036821775807
0, 3301, 0, 9223372036854775807, 0, 9223372036821765807
0, 3302, 0, 9223372036854775807, 0, 9223372036821755807
0, 3303, 0, 9223372036854775807, 0, 9223372036821745807
0, 3304, 0, 9223372036854775807, 0, 9223372036821735807
0, 3305, 0, 9223372036854775807, 0, 9223372036821725807
0, 3306, 0, 9223372036854775807, 0, 9223372036821715807
0, 3307, 0, 9223372036854775807, 0, 9223372036821705807
0, 3308, 0, 9223372036854775807, 0, 9223372036821695807
0, 3309, 0, 9223372036854775807, 0, 9223372036821685807
0, 331, 0, 9223372036854775807, 0, 9223372036851465807
0, 3310, 0, 9223372036854775807, 0, 9223372036821675807
0, 3311, 0, 9223372036854775807, 0, 9223372036821665807
0, 3312, 0, 9223372036854775807, 0, 9223372036821655807
0, 3313, 0, 9223372036854775807, 0, 9223372036821645807
0, 3314, 0, 9223372036854775807, 0, 9223372036821635807
0, 3315, 0, 9223372036854775807, 0, 9223372036821625807
0, 3316, 0, 9223372036854775807, 0, 9223372036821615807
0, 3317, 0, 9223372036854775807, 0, 9223372036821605807
0, 3318, 0, 9223372036854775807, 0, 9223372036821595807
0, 3319, 0, 9223372036854775807, 0, 9223372036821585807
0, 332, 0, 9223372036854775807, 0, 9223372036851455807
0, 3320, 0, 9223372036854775807, 0, 9223372036821575807
0, 3321, 0, 9223372036854775807, 0, 9223372036821565807
0, 3322, 0, 9223372036854775807, 0, 9223372036821555807
0, 3323, 0, 9223372036854775807, 0, 9223372036821545807
0, 3324, 0, 9223372036854775807, 0, 9223372036821535807
0, 3325, 0, 9223372036854775807, 0, 9223372036821525807
0, 3326, 0, 9223372036854775807, 0, 9223372036821515807
0, 3327, 0, 9223372036854775807, 0, 9223372036821505807
0, 3328, 0, 9223372036854775807, 0, 9223372036821495807
0, 3329, 0, 9223372036854775807, 0, 9223372036821485807
0, 333, 0, 9223372036854775807, 0, 9223372036851445807
0, 3330, 0, 9223372036854775807, 0, 9223372036821475807
0, 3331, 0, 9223372036854775807, 0, 9223372036821465807
0, 3332, 0, 9223372036854775807, 0, 9223372036821455807
0, 3333, 0, 9223372036854775807, 0, 9223372036821445807
0, 3334, 0, 9223372036854775807, 0, 9223372036821435807
0, 3335, 0, 9223372036854775807, 0, 9223372036821425807
0, 3336, 0, 9223372036854775807, 0, 9223372036821415807
0, 3337, 0, 9223372036854775807, 0, 9223372036821405807
0, 3338, 0, 9223372036854775807, 0, 9223372036821395807
0, 3339, 0, 9223372036854775807, 0, 9223372036821385807
0, 334, 0, 9223372036854775807, 0, 9223372036851435807
0, 3340, 0, 9223372036854775807, 0, 9223372036821375807
0, 3341, 0, 9223372036854775807, 0, 9223372036821365807
0, 3342, 0, 9223372036854775807, 0, 9223372036821355807
0, 3343, 0, 9223372036854775807, 0, 9223372036821345807
0, 3344, 0, 9223372036854775807, 0, 9223372036821335807
0, 3345, 0, 9223372036854775807, 0, 9223372036821325807
0, 3346, 0, 9223372036854775807, 0, 9223372036821315807
0, 3347, 0, 9223372036854775807, 0, 9223372036821305807
0, 3348, 0, 9223372036854775807, 0, 9223372036821295807
0, 3349, 0, 9223372036854775807, 0, 9223372036821285807
0, 335, 0, 9223372036854775807, 0, 9223372036851425807
0, 3350, 0, 9223372036854775807, 0, 9223372036821275807
0, 3351, 0, 9223372036854775807, 0, 9223372036821265807
0, 3352, 0, 9223372036854775807, 0, 9223372036821255807
0, 3353, 0, 9223372036854775807, 0, 9223372036821245807
0, 3354, 0, 9223372036854775807, 0, 9223372036821235807
0, 3355, 0, 9223372036854775807, 0, 9223372036821225807
0, 3356, 0, 9223372036854775807, 0, 9223372036821215807
0, 3357, 0, 9223372036854775807, 0, 9223372036821205807
0, 3358, 0, 9223372036854775807, 0, 9223372036821195807
0, 3359, 0, 9223372036854775807, 0, 9223372036821185807
0, 336, 0, 9223372036854775807, 0, 9223372036851415807
0, 3360, 0, 9223372036854775807, 0, 9223372036821175807
0, 3361, 0, 9223372036854775807, 0, 9223372036821165807
0, 3362, 0, 9223372036854775807, 0, 9223372036821155807
0, 3363, 0, 9223372036854775807, 0, 9223372036821145807
0, 3364, 0, 9223372036854775807, 0, 9223372036821135807
0, 3365, 0, 9223372036854775807, 0, 9223372036821125807
0, 3366, 0, 9223372036854775807, 0, 9223372036821115807
0, 3367, 0, 9223372036854775807, 0, 9223372036821105807
0, 3368, 0, 9223372036854775807, 0, 9223372036821095807
0, 3369, 0, 9223372036854775807, 0, 9223372036821085807
0, 337, 0, 9223372036854775807, 0, 9223372036851405807
0, 3370, 0, 9223372036854775807, 0, 9223372036821075807
0, 3371, 0, 9223372036854775807, 0, 9223372036821065807
0, 3372, 0, 9223372036854775807, 0, 9223372036821055807
0, 3373, 0, 9223372036854775807, 0, 9223372036821045807
0, 3374, 0, 9223372036854775807, 0, 9223372036821035807
0, 3375, 0, 9223372036854775807, 0, 9223372036821025807
0, 3376, 0, 9223372036854775807, 0, 9223372036821015807
0, 3377, 0, 9223372036854775807, 0, 9223372036821005807
0, 3378, 0, 9223372036854775807, 0, 9223372036820995807
0, 3379, 0, 9223372036854775807, 0, 9223372036820985807
0, 338, 0, 9223372036854775807, 0, 9223372036851395807
0, 3380, 0, 9223372036854775807, 0, 9223372036820975807
0, 3381, 0, 9223372036854775807, 0, 9223372036820965807
0, 3382, 0, 9223372036854775807, 0, 9223372036820955807
0, 3383, 0, 9223372036854775807, 0, 9223372036820945807
0, 3384, 0, 9223372036854775807, 0, 9223372036820935807
0, 3385, 0, 9223372036854775807, 0, 9223372036820925807
0, 3386, 0, 9223372036854775807, 0, 9223372036820915807
0, 3387, 0, 9223372036854775807, 0, 9223372036820905807
0, 3388, 0, 9223372036854775807, 0, 9223372036820895807
0, 3389, 0, 9223372036854775807, 0, 9223372036820885807
0, 339, 0, 9223372036854775807, 0, 9223372036851385807
0, 3390, 0, 9223372036854775807, 0, 9223372036820875807
0, 3391, 0, 9223372036854775807, 0, 9223372036820865807
0, 3392, 0, 9223372036854775807, 0, 9223372036820855807
0, 3393, 0, 9223372036854775807, 0, 9223372036820845807
0, 3394, 0, 9223372036854775807, 0, 9223372036820835807
0, 3395, 0, 9223372036854775807, 0, 9223372036820825807
0, 3396, 0, 9223372036854775807, 0, 9223372036820815807
0, 3397, 0, 9223372036854775807, 0, 9223372036820805807
0, 3398, 0, 9223372036854775807, 0, 9223372036820795807
0, 3399, 0, 9223372036854775807, 0, 9223372036820785807
0, 34, 0, 9223372036854775807, 0, 9223372036854435807
0, 340, 0, 9223372036854775807, 0, 9223372036851375807
0, 3400, 0, 9223372036854775807, 0, 9223372036820775807
0, 3401, 0, 9223372036854775807, 0, 9223372036820765807
0, 3402, 0, 9223372036854775807, 0, 9223372036820755807
0, 3403, 0, 9223372036854775807, 0, 9223372036820745807
0, 3404, 0, 9223372036854775807, 0, 9223372036820735807
0, 3405, 0, 9223372036854775807, 0, 9223372036820725807
0, 3406, 0, 9223372036854775807, 0, 9223372036820715807
0, 3407, 0, 9223372036854775807, 0, 9223372036820705807
0, 3408, 0, 9223372036854775807, 0, 9223372036820695807
0, 3409, 0, 9223372036854775807, 0, 9223372036820685807
0, 341, 0, 9223372036854775807, 0, 9223372036851365807
0, 3410, 0, 9223372036854775807, 0, 9223372036820675807
0, 3411, 0, 9223372036854775807, 0, 9223372036820665807
0, 3412, 0, 9223372036854775807, 0, 9223372036820655807
0, 3413, 0, 9223372036854775807, 0, 9223372036820645807
0, 3414, 0, 9223372036854775807, 0, 9223372036820635807
0, 3415, 0, 9223372036854775807, 0, 9223372036820625807
0, 3416, 0, 9223372036854775807, 0, 9223372036820615807
0, 3417, 0, 9223372036854775807, 0, 9223372036820605807
0, 3418, 0, 9223372036854775807, 0, 9223372036820595807
0, 3419, 0, 9223372036854775807, 0, 9223372036820585807
0, 342, 0, 9223372036854775807, 0, 9223372036851355807
0, 3420, 0, 9223372036854775807, 0, 9223372036820575807
0, 3421, 0, 9223372036854775807, 0, 9223372036820565807
0, 3422, 0, 9223372036854775807, 0, 9223372036820555807
0, 3423, 0, 9223372036854775807, 0, 9223372036820545807
0, 3424, 0, 9223372036854775807, 0, 9223372036820535807
0, 3425, 0, 9223372036854775807, 0, 9223372036820525807
0, 3426, 0, 9223372036854775807, 0, 9223372036820515807
0, 3427, 0, 9223372036854775807, 0, 9223372036820505807
0, 3428, 0, 9223372036854775807, 0, 9223372036820495807
0, 3429, 0, 9223372036854775807, 0, 9223372036820485807
0, 343, 0, 9223372036854775807, 0, 9223372036851345807
0, 3430, 0, 9223372036854775807, 0, 9223372036820475807
0, 3431, 0, 9223372036854775807, 0, 9223372036820465807
0, 3432, 0, 9223372036854775807, 0, 9223372036820455807
0, 3433, 0, 9223372036854775807, 0, 9223372036820445807
0, 3434, 0, 9223372036854775807, 0, 9223372036820435807
0, 3435, 0, 9223372036854775807, 0, 9223372036820425807
0, 3436, 0, 9223372036854775807, 0, 9223372036820415807
0, 3437, 0, 9223372036854775807, 0, 9223372036820405807
0, 3438, 0, 9223372036854775807, 0, 9223372036820395807
0, 3439, 0, 9223372036854775807, 0, 9223372036820385807
0, 344, 0, 9223372036854775807, 0, 9223372036851335807
0, 3440, 0, 9223372036854775807, 0, 9223372036820375807
0, 3441, 0, 9223372036854775807, 0, 9223372036820365807
0, 3442, 0, 9223372036854775807, 0, 9223372036820355807
0, 3443, 0, 9223372036854775807, 0, 9223372036820345807
0, 3444, 0, 9223372036854775807, 0, 9223372036820335807
0, 3445, 0, 9223372036854775807, 0, 9223372036820325807
0, 3446, 0, 9223372036854775807, 0, 9223372036820315807
0, 3447, 0, 9223372036854775807, 0, 9223372036820305807
0, 3448, 0, 9223372036854775807, 0, 9223372036820295807
0, 3449, 0, 9223372036854775807, 0, 9223372036820285807
0, 345, 0, 9223372036854775807, 0, 9223372036851325807
0, 3450, 0, 9223372036854775807, 0, 9223372036820275807
0, 3451, 0, 9223372036854775807, 0, 9223372036820265807
0, 3452, 0, 9223372036854775807, 0, 9223372036820255807
0, 3453, 0, 9223372036854775807, 0, 9223372036820245807
0, 3454, 0, 9223372036854775807, 0, 9223372036820235807
0, 3455, 0, 9223372036854775807, 0, 9223372036820225807
0, 3456, 0, 9223372036854775807, 0, 9223372036820215807
0, 3457, 0, 9223372036854775807, 0, 9223372036820205807
0, 3458, 0, 9223372036854775807, 0, 9223372036820195807
0, 3459, 0, 9223372036854775807, 0, 9223372036820185807
0, 346, 0, 9223372036854775807, 0, 9223372036851315807
0, 3460, 0, 9223372036854775807, 0, 9223372036820175807
0, 3461, 0, 9223372036854775807, 0, 9223372036820165807
0, 3462, 0, 9223372036854775807, 0, 9223372036820155807
0, 3463, 0, 9223372036854775807, 0, 9223372036820145807
0, 3464, 0, 9223372036854775807, 0, 9223372036820135807
0, 3465, 0, 9223372036854775807, 0, 9223372036820125807
0, 3466, 0, 9223372036854775807, 0, 9223372036820115807
0, 3467, 0, 9223372036854775807, 0, 9223372036820105807
0, 3468, 0, 9223372036854775807, 0, 9223372036820095807
0, 3469, 0, 9223372036854775807, 0, 9223372036820085807
0, 347, 0, 9223372036854775807, 0, 9223372036851305807
0, 3470, 0, 9223372036854775807, 0, 9223372036820075807
0, 3471, 0, 9223372036854775807, 0, 9223372036820065807
0, 3472, 0, 9223372036854775807, 0, 9223372036820055807
0, 3473, 0, 9223372036854775807, 0, 9223372036820045807
0, 3474, 0, 9223372036854775807, 0, 9223372036820035807
0, 3475, 0, 9223372036854775807, 0, 9223372036820025807
0, 3476, 0, 9223372036854775807, 0, 9223372036820015807
0, 3477, 0, 9223372036854775807, 0, 9223372036820005807
0, 3478, 0, 9223372036854775807, 0, 9223372036819995807
0, 3479, 0, 9223372036854775807, 0, 9223372036819985807
0, 348, 0, 9223372036854775807, 0, 9223372036851295807
0, 3480, 0, 9223372036854775807, 0, 9223372036819975807
0, 3481, 0, 9223372036854775807, 0, 9223372036819965807
0, 3482, 0, 9223372036854775807, 0, 9223372036819955807
0, 3483, 0, 9223372036854775807, 0, 9223372036819945807
0, 3484, 0, 9223372036854775807, 0, 9223372036819935807
0, 3485, 0, 9223372036854775807, 0, 9223372036819925807
0, 3486, 0, 9223372036854775807, 0, 9223372036819915807
0, 3487, 0, 9223372036854775807, 0, 9223372036819905807
0, 3488, 0, 9223372036854775807, 0, 9223372036819895807
0, 3489, 0, 9223372036854775807, 0, 9223372036819885807
0, 349, 0, 9223372036854775807, 0, 9223372036851285807
0, 3490, 0, 9223372036854775807, 0, 9223372036819875807
0, 3491, 0, 9223372036854775807, 0, 9223372036819865807
0, 3492, 0, 9223372036854775807, 0, 9223372036819855807
0, 3493, 0, 9223372036854775807, 0, 9223372036819845807
0, 3494, 0, 9223372036854775807, 0, 9223372036819835807
0, 3495, 0, 9223372036854775807, 0, 9223372036819825807
0, 3496, 0, 9223372036854775807, 0, 9223372036819815807
0, 3497, 0, 9223372036854775807, 0, 9223372036819805807
0, 3498, 0, 9223372036854775807, 0, 9223372036819795807
0, 3499, 0, 9223372036854775807, 0, 9223372036819785807
0, 35, 0, 9223372036854775807, 0, 9223372036854425807
0, 350, 0, 9223372036854775807, 0, 9223372036851275807
0, 3500, 0, 9223372036854775807, 0, 9223372036819775807
0, 3501, 0, 9223372036854775807, 0, 9223372036819765807
0, 3502, 0, 9223372036854775807, 0, 9223372036819755807
0, 3503, 0, 9223372036854775807, 0, 9223372036819745807
0, 3504, 0, 9223372036854775807, 0, 9223372036819735807
0, 3505, 0, 9223372036854775807, 0, 9223372036819725807
0, 3506, 0, 9223372036854775807, 0, 9223372036819715807
0, 3507, 0, 9223372036854775807, 0, 9223372036819705807
0, 3508, 0, 9223372036854775807, 0, 9223372036819695807
0, 3509, 0, 9223372036854775807, 0, 9223372036819685807
0, 351, 0, 9223372036854775807, 0, 9223372036851265807
0, 3510, 0, 9223372036854775807, 0, 9223372036819675807
0, 3511, 0, 9223372036854775807, 0, 9223372036819665807
0, 3512, 0, 9223372036854775807, 0, 9223372036819655807
0, 3513, 0, 9223372036854775807, 0, 9223372036819645807
0, 3514, 0, 9223372036854775807, 0, 9223372036819635807
0, 3515, 0, 9223372036854775807, 0, 9223372036819625807
0, 3516, 0, 9223372036854775807, 0, 9223372036819615807
0, 3517, 0, 9223372036854775807, 0, 9223372036819605807
0, 3518, 0, 9223372036854775807, 0, 9223372036819595807
0, 3519, 0, 9223372036854775807, 0, 9223372036819585807
0, 352, 0, 9223372036854775807, 0, 9223372036851255807
0, 3520, 0, 9223372036854775807, 0, 9223372036819575807
0, 3521, 0, 9223372036854775807, 0, 9223372036819565807
0, 3522, 0, 9223372036854775807, 0, 9223372036819555807
0, 3523, 0, 9223372036854775807, 0, 9223372036819545807
0, 3524, 0, 9223372036854775807, 0, 9223372036819535807
0, 3525, 0, 9223372036854775807, 0, 9223372036819525807
0, 3526, 0, 9223372036854775807, 0, 9223372036819515807
0, 3527, 0, 9223372036854775807, 0, 9223372036819505807
0, 3528, 0, 9223372036854775807, 0, 9223372036819495807
0, 3529, 0, 9223372036854775807, 0, 9223372036819485807
0, 353, 0, 9223372036854775807, 0, 9223372036851245807
0, 3530, 0, 9223372036854775807, 0, 9223372036819475807
0, 3531, 0, 9223372036854775807, 0, 9223372036819465807
0, 3532, 0, 9223372036854775807, 0, 9223372036819455807
0, 3533, 0, 9223372036854775807, 0, 9223372036819445807
0, 3534, 0, 9223372036854775807, 0, 9223372036819435807
0, 3535, 0, 9223372036854775807, 0, 9223372036819425807
0, 3536, 0, 9223372036854775807, 0, 9223372036819415807
0, 3537, 0, 9223372036854775807, 0, 9223372036819405807
0, 3538, 0, 9223372036854775807, 0, 9223372036819395807
0, 3539, 0, 9223372036854775807, 0, 9223372036819385807
0, 354, 0, 9223372036854775807, 0, 9223372036851235807
0, 3540, 0, 9223372036854775807, 0, 9223372036819375807
0, 3541, 0, 9223372036854775807, 0, 9223372036819365807
0, 3542, 0, 9223372036854775807, 0, 9223372036819355807
0, 3543, 0, 9223372036854775807, 0, 9223372036819345807
0, 3544, 0, 9223372036854775807, 0, 9223372036819335807
0, 3545, 0, 9223372036854775807, 0, 9223372036819325807
0, 3546, 0, 9223372036854775807, 0, 9223372036819315807
0, 3547, 0, 9223372036854775807, 0, 9223372036819305807
0, 3548, 0, 9223372036854775807, 0, 9223372036819295807
0, 3549, 0, 9223372036854775807, 0, 9223372036819285807
0, 355, 0, 9223372036854775807, 0, 9223372036851225807
0, 3550, 0, 9223372036854775807, 0, 9223372036819275807
0, 3551, 0, 9223372036854775807, 0, 9223372036819265807
0, 3552, 0, 9223372036854775807, 0, 9223372036819255807
0, 3553, 0, 9223372036854775807, 0, 9223372036819245807
0, 3554, 0, 9223372036854775807, 0, 9223372036819235807
0, 3555, 0, 9223372036854775807, 0, 9223372036819225807
0, 3556, 0, 9223372036854775807, 0, 9223372036819215807
0, 3557, 0, 9223372036854775807, 0, 9223372036819205807
0, 3558, 0, 9223372036854775807, 0, 9223372036819195807
0, 3559, 0, 9223372036854775807, 0, 9223372036819185807
0, 356, 0, 9223372036854775807, 0, 9223372036851215807
0, 3560, 0, 9223372036854775807, 0, 9223372036819175807
0, 3561, 0, 9223372036854775807, 0, 9223372036819165807
0, 3562, 0, 9223372036854775807, 0, 9223372036819155807
0, 3563, 0, 9223372036854775807, 0, 9223372036819145807
0, 3564, 0, 9223372036854775807, 0, 9223372036819135807
0, 3565, 0, 9223372036854775807, 0, 9223372036819125807
0, 3566, 0, 9223372036854775807, 0, 9223372036819115807
0, 3567, 0, 9223372036854775807, 0, 9223372036819105807
0, 3568, 0, 9223372036854775807, 0, 9223372036819095807
0, 3569, 0, 9223372036854775807, 0, 9223372036819085807
0, 357, 0, 9223372036854775807, 0, 9223372036851205807
0, 3570, 0, 9223372036854775807, 0, 9223372036819075807
0, 3571, 0, 9223372036854775807, 0, 9223372036819065807
0, 3572, 0, 9223372036854775807, 0, 9223372036819055807
0, 3573, 0, 9223372036854775807, 0, 9223372036819045807
0, 3574, 0, 9223372036854775807, 0, 9223372036819035807
0, 3575, 0, 9223372036854775807, 0, 9223372036819025807
0, 3576, 0, 9223372036854775807, 0, 9223372036819015807
0, 3577, 0, 9223372036854775807, 0, 9223372036819005807
0, 3578, 0, 9223372036854775807, 0, 9223372036818995807
0, 3579, 0, 9223372036854775807, 0, 9223372036818985807
0, 358, 0, 9223372036854775807, 0, 9223372036851195807
0, 3580, 0, 9223372036854775807, 0, 9223372036818975807
0, 3581, 0, 9223372036854775807, 0, 9223372036818965807
0, 3582, 0, 9223372036854775807, 0, 9223372036818955807
0, 3583, 0, 9223372036854775807, 0, 9223372036818945807
0, 3584, 0, 9223372036854775807, 0, 9223372036818935807
0, 3585, 0, 9223372036854775807, 0, 9223372036818925807
0, 3586, 0, 9223372036854775807, 0, 9223372036818915807
0, 3587, 0, 9223372036854775807, 0, 9223372036818905807
0, 3588, 0, 9223372036854775807, 0, 9223372036818895807
0, 3589, 0, 9223372036854775807, 0, 9223372036818885807
0, 359, 0, 9223372036854775807, 0, 9223372036851185807
0, 3590, 0, 9223372036854775807, 0, 9223372036818875807
0, 3591, 0, 9223372036854775807, 0, 9223372036818865807
0, 3592, 0, 9223372036854775807, 0, 9223372036818855807
0, 3593, 0, 9223372036854775807, 0, 9223372036818845807
0, 3594, 0, 9223372036854775807, 0, 9223372036818835807
0, 3595, 0, 9223372036854775807, 0, 9223372036818825807
0, 3596, 0, 9223372036854775807, 0, 9223372036818815807
0, 3597, 0, 9223372036854775807, 0, 9223372036818805807
0, 3598, 0, 9223372036854775807, 0, 9223372036818795807
0, 3599, 0, 9223372036854775807, 0, 9223372036818785807
0, 36, 0, 9223372036854775807, 0, 9223372036854415807
0, 360, 0, 9223372036854775807, 0, 9223372036851175807
0, 3600, 0, 9223372036854775807, 0, 9223372036818775807
0, 3601, 0, 9223372036854775807, 0, 9223372036818765807
0, 3602, 0, 9223372036854775807, 0, 9223372036818755807
0, 3603, 0, 9223372036854775807, 0, 9223372036818745807
0, 3604, 0, 9223372036854775807, 0, 9223372036818735807
0, 3605, 0, 9223372036854775807, 0, 9223372036818725807
0, 3606, 0, 9223372036854775807, 0, 9223372036818715807
0, 3607, 0, 9223372036854775807, 0, 9223372036818705807
0, 3608, 0, 9223372036854775807, 0, 9223372036818695807
0, 3609, 0, 9223372036854775807, 0, 9223372036818685807
0, 361, 0, 9223372036854775807, 0, 9223372036851165807
0, 3610, 0, 9223372036854775807, 0, 9223372036818675807
0, 3611, 0, 9223372036854775807, 0, 9223372036818665807
0, 3612, 0, 9223372036854775807, 0, 9223372036818655807
0, 3613, 0, 9223372036854775807, 0, 9223372036818645807
0, 3614, 0, 9223372036854775807, 0, 9223372036818635807
0, 3615, 0, 9223372036854775807, 0, 9223372036818625807
0, 3616, 0, 9223372036854775807, 0, 9223372036818615807
0, 3617, 0, 9223372036854775807, 0, 9223372036818605807
0, 3618, 0, 9223372036854775807, 0, 9223372036818595807
0, 3619, 0, 9223372036854775807, 0, 9223372036818585807
0, 362, 0, 9223372036854775807, 0, 9223372036851155807
0, 3620, 0, 9223372036854775807, 0, 9223372036818575807
0, 3621, 0, 9223372036854775807, 0, 9223372036818565807
0, 3622, 0, 9223372036854775807, 0, 9223372036818555807
0, 3623, 0, 9223372036854775807, 0, 9223372036818545807
0, 3624, 0, 9223372036854775807, 0, 9223372036818535807
0, 3625, 0, 9223372036854775807, 0, 9223372036818525807
0, 3626, 0, 9223372036854775807, 0, 9223372036818515807
0, 3627, 0, 9223372036854775807, 0, 9223372036818505807
0, 3628, 0, 9223372036854775807, 0, 9223372036818495807
0, 3629, 0, 9223372036854775807, 0, 9223372036818485807
0, 363, 0, 9223372036854775807, 0, 9223372036851145807
0, 3630, 0, 9223372036854775807, 0, 9223372036818475807
0, 3631, 0, 9223372036854775807, 0, 9223372036818465807
0, 3632, 0, 9223372036854775807, 0, 9223372036818455807
0, 3633, 0, 9223372036854775807, 0, 9223372036818445807
0, 3634, 0, 9223372036854775807, 0, 9223372036818435807
0, 3635, 0, 9223372036854775807, 0, 9223372036818425807
0, 3636, 0, 9223372036854775807, 0, 9223372036818415807
0, 3637, 0, 9223372036854775807, 0, 9223372036818405807
0, 3638, 0, 9223372036854775807, 0, 9223372036818395807
0, 3639, 0, 9223372036854775807, 0, 9223372036818385807
0, 364, 0, 9223372036854775807, 0, 9223372036851135807
0, 3640, 0, 9223372036854775807, 0, 9223372036818375807
0, 3641, 0, 9223372036854775807, 0, 9223372036818365807
0, 3642, 0, 9223372036854775807, 0, 9223372036818355807
0, 3643, 0, 9223372036854775807, 0, 9223372036818345807
0, 3644, 0, 9223372036854775807, 0, 9223372036818335807
0, 3645, 0, 9223372036854775807, 0, 9223372036818325807
0, 3646, 0, 9223372036854775807, 0, 9223372036818315807
0, 3647, 0, 9223372036854775807, 0, 9223372036818305807
0, 3648, 0, 9223372036854775807, 0, 9223372036818295807
0, 3649, 0, 9223372036854775807, 0, 9223372036818285807
0, 365, 0, 9223372036854775807, 0, 9223372036851125807
0, 3650, 0, 9223372036854775807, 0, 9223372036818275807
0, 3651, 0, 9223372036854775807, 0, 9223372036818265807
0, 3652, 0, 9223372036854775807, 0, 9223372036818255807
0, 3653, 0, 9223372036854775807, 0, 9223372036818245807
0, 3654, 0, 9223372036854775807, 0, 9223372036818235807
0, 3655, 0, 9223372036854775807, 0, 9223372036818225807
0, 3656, 0, 9223372036854775807, 0, 9223372036818215807
0, 3657, 0, 9223372036854775807, 0, 9223372036818205807
0, 3658, 0, 9223372036854775807, 0, 9223372036818195807
0, 3659, 0, 9223372036854775807, 0, 9223372036818185807
0, 366, 0, 9223372036854775807, 0, 9223372036851115807
0, 3660, 0, 9223372036854775807, 0, 9223372036818175807
0, 3661, 0, 9223372036854775807, 0, 9223372036818165807
0, 3662, 0, 9223372036854775807, 0, 9223372036818155807
0, 3663, 0, 9223372036854775807, 0, 9223372036818145807
0, 3664, 0, 9223372036854775807, 0, 9223372036818135807
0, 3665, 0, 9223372036854775807, 0, 9223372036818125807
0, 3666, 0, 9223372036854775807, 0, 9223372036818115807
0, 3667, 0, 9223372036854775807, 0, 9223372036818105807
0, 3668, 0, 9223372036854775807, 0, 9223372036818095807
0, 3669, 0, 9223372036854775807, 0, 9223372036818085807
0, 367, 0, 9223372036854775807, 0, 9223372036851105807
0, 3670, 0, 9223372036854775807, 0, 9223372036818075807
0, 3671, 0, 9223372036854775807, 0, 9223372036818065807
0, 3672, 0, 9223372036854775807, 0, 9223372036818055807
0, 3673, 0, 9223372036854775807, 0, 9223372036818045807
0, 3674, 0, 9223372036854775807, 0, 9223372036818035807
0, 3675, 0, 9223372036854775807, 0, 9223372036818025807
0, 3676, 0, 9223372036854775807, 0, 9223372036818015807
0, 3677, 0, 9223372036854775807, 0, 9223372036818005807
0, 3678, 0, 9223372036854775807, 0, 9223372036817995807
0, 3679, 0, 9223372036854775807, 0, 9223372036817985807
0, 368, 0, 9223372036854775807, 0, 9223372036851095807
0, 3680, 0, 9223372036854775807, 0, 9223372036817975807
0, 3681, 0, 9223372036854775807, 0, 9223372036817965807
0, 3682, 0, 9223372036854775807, 0, 9223372036817955807
0, 3683, 0, 9223372036854775807, 0, 9223372036817945807
0, 3684, 0, 9223372036854775807, 0, 9223372036817935807
0, 3685, 0, 9223372036854775807, 0, 9223372036817925807
0, 3686, 0, 9223372036854775807, 0, 9223372036817915807
0, 3687, 0, 9223372036854775807, 0, 9223372036817905807
0, 3688, 0, 9223372036854775807, 0, 9223372036817895807
0, 3689, 0, 9223372036854775807, 0, 9223372036817885807
0, 369, 0, 9223372036854775807, 0, 9223372036851085807
0, 3690, 0, 9223372036854775807, 0, 9223372036817875807
0, 3691, 0, 9223372036854775807, 0, 9223372036817865807
0, 3692, 0, 9223372036854775807, 0, 9223372036817855807
0, 3693, 0, 9223372036854775807, 0, 9223372036817845807
0, 3694, 0, 9223372036854775807, 0, 9223372036817835807
0, 3695, 0, 9223372036854775807, 0, 9223372036817825807
0, 3696, 0, 9223372036854775807, 0, 9223372036817815807
0, 3697, 0, 9223372036854775807, 0, 9223372036817805807
0, 3698, 0, 9223372036854775807, 0, 9223372036817795807
0, 3699, 0, 9223372036854775807, 0, 9223372036817785807
0, 37, 0, 9223372036854775807, 0, 9223372036854405807
0, 370, 0, 9223372036854775807, 0, 9223372036851075807
0, 3700, 0, 9223372036854775807, 0, 9223372036817775807
0, 3701, 0, 9223372036854775807, 0, 9223372036817765807
0, 3702, 0, 9223372036854775807, 0, 9223372036817755807
0, 3703, 0, 9223372036854775807, 0, 9223372036817745807
0, 3704, 0, 9223372036854775807, 0, 9223372036817735807
0, 3705, 0, 9223372036854775807, 0, 9223372036817725807
0, 3706, 0, 9223372036854775807, 0, 9223372036817715807
0, 3707, 0, 9223372036854775807, 0, 9223372036817705807
0, 3708, 0, 9223372036854775807, 0, 9223372036817695807
0, 3709, 0, 9223372036854775807, 0, 9223372036817685807
0, 371, 0, 9223372036854775807, 0, 9223372036851065807
0, 3710, 0, 9223372036854775807, 0, 9223372036817675807
0, 3711, 0, 9223372036854775807, 0, 9223372036817665807
0, 3712, 0, 9223372036854775807, 0, 9223372036817655807
0, 3713, 0, 9223372036854775807, 0, 9223372036817645807
0, 3714, 0, 9223372036854775807, 0, 9223372036817635807
0, 3715, 0, 9223372036854775807, 0, 9223372036817625807
0, 3716, 0, 9223372036854775807, 0, 9223372036817615807
0, 3717, 0, 9223372036854775807, 0, 9223372036817605807
0, 3718, 0, 9223372036854775807, 0, 9223372036817595807
0, 3719, 0, 9223372036854775807, 0, 9223372036817585807
0, 372, 0, 9223372036854775807, 0, 9223372036851055807
0, 3720, 0, 9223372036854775807, 0, 9223372036817575807
0, 3721, 0, 9223372036854775807, 0, 9223372036817565807
0, 3722, 0, 9223372036854775807, 0, 9223372036817555807
0, 3723, 0, 9223372036854775807, 0, 9223372036817545807
0, 3724, 0, 9223372036854775807, 0, 9223372036817535807
0, 3725, 0, 9223372036854775807, 0, 9223372036817525807
0, 3726, 0, 9223372036854775807, 0, 9223372036817515807
0, 3727, 0, 9223372036854775807, 0, 9223372036817505807
0, 3728, 0, 9223372036854775807, 0, 9223372036817495807
0, 3729, 0, 9223372036854775807, 0, 9223372036817485807
0, 373, 0, 9223372036854775807, 0, 9223372036851045807
0, 3730, 0, 9223372036854775807, 0, 9223372036817475807
0, 3731, 0, 9223372036854775807, 0, 9223372036817465807
0, 3732, 0, 9223372036854775807, 0, 9223372036817455807
0, 3733, 0, 9223372036854775807, 0, 9223372036817445807
0, 3734, 0, 9223372036854775807, 0, 9223372036817435807
0, 3735, 0, 9223372036854775807, 0, 9223372036817425807
0, 3736, 0, 9223372036854775807, 0, 9223372036817415807
0, 3737, 0, 9223372036854775807, 0, 9223372036817405807
0, 3738, 0, 9223372036854775807, 0, 9223372036817395807
0, 3739, 0, 9223372036854775807, 0, 9223372036817385807
0, 374, 0, 9223372036854775807, 0, 9223372036851035807
0, 3740, 0, 9223372036854775807, 0, 9223372036817375807
0, 3741, 0, 9223372036854775807, 0, 9223372036817365807
0, 3742, 0, 9223372036854775807, 0, 9223372036817355807
0, 3743, 0, 9223372036854775807, 0, 9223372036817345807
0, 3744, 0, 9223372036854775807, 0, 9223372036817335807
0, 3745, 0, 9223372036854775807, 0, 9223372036817325807
0, 3746, 0, 9223372036854775807, 0, 9223372036817315807
0, 3747, 0, 9223372036854775807, 0, 9223372036817305807
0, 3748, 0, 9223372036854775807, 0, 9223372036817295807
0, 3749, 0, 9223372036854775807, 0, 9223372036817285807
0, 375, 0, 9223372036854775807, 0, 9223372036851025807
0, 3750, 0, 9223372036854775807, 0, 9223372036817275807
0, 3751, 0, 9223372036854775807, 0, 9223372036817265807
0, 3752, 0, 9223372036854775807, 0, 9223372036817255807
0, 3753, 0, 9223372036854775807, 0, 9223372036817245807
0, 3754, 0, 9223372036854775807, 0, 9223372036817235807
0, 3755, 0, 9223372036854775807, 0, 9223372036817225807
0, 3756, 0, 9223372036854775807, 0, 9223372036817215807
0, 3757, 0, 9223372036854775807, 0, 9223372036817205807
0, 3758, 0, 9223372036854775807, 0, 9223372036817195807
0, 3759, 0, 9223372036854775807, 0, 9223372036817185807
0, 376, 0, 9223372036854775807, 0, 9223372036851015807
0, 3760, 0, 9223372036854775807, 0, 9223372036817175807
0, 3761, 0, 9223372036854775807, 0, 9223372036817165807
0, 3762, 0, 9223372036854775807, 0, 9223372036817155807
0, 3763, 0, 9223372036854775807, 0, 9223372036817145807
0, 3764, 0, 9223372036854775807, 0, 9223372036817135807
0, 3765, 0, 9223372036854775807, 0, 9223372036817125807
0, 3766, 0, 9223372036854775807, 0, 9223372036817115807
0, 3767, 0, 9223372036854775807, 0, 9223372036817105807
0, 3768, 0, 9223372036854775807, 0, 9223372036817095807
0, 3769, 0, 9223372036854775807, 0, 9223372036817085807
0, 377, 0, 9223372036854775807, 0, 9223372036851005807
0, 3770, 0, 9223372036854775807, 0, 9223372036817075807
0, 3771, 0, 9223372036854775807, 0, 9223372036817065807
0, 3772, 0, 9223372036854775807, 0, 9223372036817055807
0, 3773, 0, 9223372036854775807, 0, 9223372036817045807
0, 3774, 0, 9223372036854775807, 0, 9223372036817035807
0, 3775, 0, 9223372036854775807, 0, 9223372036817025807
0, 3776, 0, 9223372036854775807, 0, 9223372036817015807
0, 3777, 0, 9223372036854775807, 0, 9223372036817005807
0, 3778, 0, 9223372036854775807, 0, 9223372036816995807
0, 3779, 0, 9223372036854775807, 0, 9223372036816985807
0, 378, 0, 9223372036854775807, 0, 9223372036850995807
0, 3780, 0, 9223372036854775807, 0, 9223372036816975807
0, 3781, 0, 9223372036854775807, 0, 9223372036816965807
0, 3782, 0, 9223372036854775807, 0, 9223372036816955807
0, 3783, 0, 9223372036854775807, 0, 9223372036816945807
0, 3784, 0, 9223372036854775807, 0, 9223372036816935807
0, 3785, 0, 9223372036854775807, 0, 9223372036816925807
0, 3786, 0, 9223372036854775807, 0, 9223372036816915807
0, 3787, 0, 9223372036854775807, 0, 9223372036816905807
0, 3788, 0, 9223372036854775807, 0, 9223372036816895807
0, 3789, 0, 9223372036854775807, 0, 9223372036816885807
0, 379, 0, 9223372036854775807, 0, 9223372036850985807
0, 3790, 0, 9223372036854775807, 0, 9223372036816875807
0, 3791, 0, 9223372036854775807, 0, 9223372036816865807
0, 3792, 0, 9223372036854775807, 0, 9223372036816855807
0, 3793, 0, 9223372036854775807, 0, 9223372036816845807
0, 3794, 0, 9223372036854775807, 0, 9223372036816835807
0, 3795, 0, 9223372036854775807, 0, 9223372036816825807
0, 3796, 0, 9223372036854775807, 0, 9223372036816815807
0, 3797, 0, 9223372036854775807, 0, 9223372036816805807
0, 3798, 0, 9223372036854775807, 0, 9223372036816795807
0, 3799, 0, 9223372036854775807, 0, 9223372036816785807
0, 38, 0, 9223372036854775807, 0, 9223372036854395807
0, 380, 0, 9223372036854775807, 0, 9223372036850975807
0, 3800, 0, 9223372036854775807, 0, 9223372036816775807
0, 3801, 0, 9223372036854775807, 0, 9223372036816765807
0, 3802, 0, 9223372036854775807, 0, 9223372036816755807
0, 3803, 0, 9223372036854775807, 0, 9223372036816745807
0, 3804, 0, 9223372036854775807, 0, 9223372036816735807
0, 3805, 0, 9223372036854775807, 0, 9223372036816725807
0, 3806, 0, 9223372036854775807, 0, 9223372036816715807
0, 3807, 0, 9223372036854775807, 0, 9223372036816705807
0, 3808, 0, 9223372036854775807, 0, 9223372036816695807
0, 3809, 0, 9223372036854775807, 0, 9223372036816685807
0, 381, 0, 9223372036854775807, 0, 9223372036850965807
0, 3810, 0, 9223372036854775807, 0, 9223372036816675807
0, 3811, 0, 9223372036854775807, 0, 9223372036816665807
0, 3812, 0, 9223372036854775807, 0, 9223372036816655807
0, 3813, 0, 9223372036854775807, 0, 9223372036816645807
0, 3814, 0, 9223372036854775807, 0, 9223372036816635807
0, 3815, 0, 9223372036854775807, 0, 9223372036816625807
0, 3816, 0, 9223372036854775807, 0, 9223372036816615807
0, 3817, 0, 9223372036854775807, 0, 9223372036816605807
0, 3818, 0, 9223372036854775807, 0, 9223372036816595807
0, 3819, 0, 9223372036854775807, 0, 9223372036816585807
0, 382, 0, 9223372036854775807, 0, 9223372036850955807
0, 3820, 0, 9223372036854775807, 0, 9223372036816575807
0, 3821, 0, 9223372036854775807, 0, 9223372036816565807
0, 3822, 0, 9223372036854775807, 0, 9223372036816555807
0, 3823, 0, 9223372036854775807, 0, 9223372036816545807
0, 3824, 0, 9223372036854775807, 0, 9223372036816535807
0, 3825, 0, 9223372036854775807, 0, 9223372036816525807
0, 3826, 0, 9223372036854775807, 0, 9223372036816515807
0, 3827, 0, 9223372036854775807, 0, 9223372036816505807
0, 3828, 0, 9223372036854775807, 0, 9223372036816495807
0, 3829, 0, 9223372036854775807, 0, 9223372036816485807
0, 383, 0, 9223372036854775807, 0, 9223372036850945807
0, 3830, 0, 9223372036854775807, 0, 9223372036816475807
0, 3831, 0, 9223372036854775807, 0, 9223372036816465807
0, 3832, 0, 9223372036854775807, 0, 9223372036816455807
0, 3833, 0, 9223372036854775807, 0, 9223372036816445807
0, 3834, 0, 9223372036854775807, 0, 9223372036816435807
0, 3835, 0, 9223372036854775807, 0, 9223372036816425807
0, 3836, 0, 9223372036854775807, 0, 9223372036816415807
0, 3837, 0, 9223372036854775807, 0, 9223372036816405807
0, 3838, 0, 9223372036854775807, 0, 9223372036816395807
0, 3839, 0, 9223372036854775807, 0, 9223372036816385807
0, 384, 0, 9223372036854775807, 0, 9223372036850935807
0, 3840, 0, 9223372036854775807, 0, 9223372036816375807
0, 3841, 0, 9223372036854775807, 0, 9223372036816365807
0, 3842, 0, 9223372036854775807, 0, 9223372036816355807
0, 3843, 0, 9223372036854775807, 0, 9223372036816345807
0, 3844, 0, 9223372036854775807, 0, 9223372036816335807
0, 3845, 0, 9223372036854775807, 0, 9223372036816325807
0, 3846, 0, 9223372036854775807, 0, 9223372036816315807
0, 3847, 0, 9223372036854775807, 0, 9223372036816305807
0, 3848, 0, 9223372036854775807, 0, 9223372036816295807
0, 3849, 0, 9223372036854775807, 0, 9223372036816285807
0, 385, 0, 9223372036854775807, 0, 9223372036850925807
0, 3850, 0, 9223372036854775807, 0, 9223372036816275807
0, 3851, 0, 9223372036854775807, 0, 9223372036816265807
0, 3852, 0, 9223372036854775807, 0, 9223372036816255807
0, 3853, 0, 9223372036854775807, 0, 9223372036816245807
0, 3854, 0, 9223372036854775807, 0, 9223372036816235807
0, 3855, 0, 9223372036854775807, 0, 9223372036816225807
0, 3856, 0, 9223372036854775807, 0, 9223372036816215807
0, 3857, 0, 9223372036854775807, 0, 9223372036816205807
0, 3858, 0, 9223372036854775807, 0, 9223372036816195807
0, 3859, 0, 9223372036854775807, 0, 9223372036816185807
0, 386, 0, 9223372036854775807, 0, 9223372036850915807
0, 3860, 0, 9223372036854775807, 0, 9223372036816175807
0, 3861, 0, 9223372036854775807, 0, 9223372036816165807
0, 3862, 0, 9223372036854775807, 0, 9223372036816155807
0, 3863, 0, 9223372036854775807, 0, 9223372036816145807
0, 3864, 0, 9223372036854775807, 0, 9223372036816135807
0, 3865, 0, 9223372036854775807, 0, 9223372036816125807
0, 3866, 0, 9223372036854775807, 0, 9223372036816115807
0, 3867, 0, 9223372036854775807, 0, 9223372036816105807
0, 3868, 0, 9223372036854775807, 0, 9223372036816095807
0, 3869, 0, 9223372036854775807, 0, 9223372036816085807
0, 387, 0, 9223372036854775807, 0, 9223372036850905807
0, 3870, 0, 9223372036854775807, 0, 9223372036816075807
0, 3871, 0, 9223372036854775807, 0, 9223372036816065807
0, 3872, 0, 9223372036854775807, 0, 9223372036816055807
0, 3873, 0, 9223372036854775807, 0, 9223372036816045807
0, 3874, 0, 9223372036854775807, 0, 9223372036816035807
0, 3875, 0, 9223372036854775807, 0, 9223372036816025807
0, 3876, 0, 9223372036854775807, 0, 9223372036816015807
0, 3877, 0, 9223372036854775807, 0, 9223372036816005807
0, 3878, 0, 9223372036854775807, 0, 9223372036815995807
0, 3879, 0, 9223372036854775807, 0, 9223372036815985807
0, 388, 0, 9223372036854775807, 0, 9223372036850895807
0, 3880, 0, 9223372036854775807, 0, 9223372036815975807
0, 3881, 0, 9223372036854775807, 0, 9223372036815965807
0, 3882, 0, 9223372036854775807, 0, 9223372036815955807
0, 3883, 0, 9223372036854775807, 0, 9223372036815945807
0, 3884, 0, 9223372036854775807, 0, 9223372036815935807
0, 3885, 0, 9223372036854775807, 0, 9223372036815925807
0, 3886, 0, 9223372036854775807, 0, 9223372036815915807
0, 3887, 0, 9223372036854775807, 0, 9223372036815905807
0, 3888, 0, 9223372036854775807, 0, 9223372036815895807
0, 3889, 0, 9223372036854775807, 0, 9223372036815885807
0, 389, 0, 9223372036854775807, 0, 9223372036850885807
0, 3890, 0, 9223372036854775807, 0, 9223372036815875807
0, 3891, 0, 9223372036854775807, 0, 9223372036815865807
0, 3892, 0, 9223372036854775807, 0, 9223372036815855807
0, 3893, 0, 9223372036854775807, 0, 9223372036815845807
0, 3894, 0, 9223372036854775807, 0, 9223372036815835807
0, 3895, 0, 9223372036854775807, 0, 9223372036815825807
0, 3896, 0, 9223372036854775807, 0, 9223372036815815807
0, 3897, 0, 9223372036854775807, 0, 9223372036815805807
0, 3898, 0, 9223372036854775807, 0, 9223372036815795807
0, 3899, 0, 9223372036854775807, 0, 9223372036815785807
0, 39, 0, 9223372036854775807, 0, 9223372036854385807
0, 390, 0, 9223372036854775807, 0, 9223372036850875807
0, 3900, 0, 9223372036854775807, 0, 9223372036815775807
0, 3901, 0, 9223372036854775807, 0, 9223372036815765807
0, 3902, 0, 9223372036854775807, 0, 9223372036815755807
0, 3903, 0, 9223372036854775807, 0, 9223372036815745807
0, 3904, 0, 9223372036854775807, 0, 9223372036815735807
0, 3905, 0, 9223372036854775807, 0, 9223372036815725807
0, 3906, 0, 9223372036854775807, 0, 9223372036815715807
0, 3907, 0, 9223372036854775807, 0, 9223372036815705807
0, 3908, 0, 9223372036854775807, 0, 9223372036815695807
0, 3909, 0, 9223372036854775807, 0, 9223372036815685807
0, 391, 0, 9223372036854775807, 0, 9223372036850865807
0, 3910, 0, 9223372036854775807, 0, 9223372036815675807
0, 3911, 0, 9223372036854775807, 0, 9223372036815665807
0, 3912, 0, 9223372036854775807, 0, 9223372036815655807
0, 3913, 0, 9223372036854775807, 0, 9223372036815645807
0, 3914, 0, 9223372036854775807, 0, 9223372036815635807
0, 3915, 0, 9223372036854775807, 0, 9223372036815625807
0, 3916, 0, 9223372036854775807, 0, 9223372036815615807
0, 3917, 0, 9223372036854775807, 0, 9223372036815605807
0, 3918, 0, 9223372036854775807, 0, 9223372036815595807
0, 3919, 0, 9223372036854775807, 0, 9223372036815585807
0, 392, 0, 9223372036854775807, 0, 9223372036850855807
0, 3920, 0, 9223372036854775807, 0, 9223372036815575807
0, 3921, 0, 9223372036854775807, 0, 9223372036815565807
0, 3922, 0, 9223372036854775807, 0, 9223372036815555807
0, 3923, 0, 9223372036854775807, 0, 9223372036815545807
0, 3924, 0, 9223372036854775807, 0, 9223372036815535807
0, 3925, 0, 9223372036854775807, 0, 9223372036815525807
0, 3926, 0, 9223372036854775807, 0, 9223372036815515807
0, 3927, 0, 9223372036854775807, 0, 9223372036815505807
0, 3928, 0, 9223372036854775807, 0, 9223372036815495807
0, 3929, 0, 9223372036854775807, 0, 9223372036815485807
0, 393, 0, 9223372036854775807, 0, 9223372036850845807
0, 3930, 0, 9223372036854775807, 0, 9223372036815475807
0, 3931, 0, 9223372036854775807, 0, 9223372036815465807
0, 3932, 0, 9223372036854775807, 0, 9223372036815455807
0, 3933, 0, 9223372036854775807, 0, 9223372036815445807
0, 3934, 0, 9223372036854775807, 0, 9223372036815435807
0, 3935, 0, 9223372036854775807, 0, 9223372036815425807
0, 3936, 0, 9223372036854775807, 0, 9223372036815415807
0, 3937, 0, 9223372036854775807, 0, 9223372036815405807
0, 3938, 0, 9223372036854775807, 0, 9223372036815395807
0, 3939, 0, 9223372036854775807, 0, 9223372036815385807
0, 394, 0, 9223372036854775807, 0, 9223372036850835807
0, 3940, 0, 9223372036854775807, 0, 9223372036815375807
0, 3941, 0, 9223372036854775807, 0, 9223372036815365807
0, 3942, 0, 9223372036854775807, 0, 9223372036815355807
0, 3943, 0, 9223372036854775807, 0, 9223372036815345807
0, 3944, 0, 9223372036854775807, 0, 9223372036815335807
0, 3945, 0, 9223372036854775807, 0, 9223372036815325807
0, 3946, 0, 9223372036854775807, 0, 9223372036815315807
0, 3947, 0, 9223372036854775807, 0, 9223372036815305807
0, 3948, 0, 9223372036854775807, 0, 9223372036815295807
0, 3949, 0, 9223372036854775807, 0, 9223372036815285807
0, 395, 0, 9223372036854775807, 0, 9223372036850825807
0, 3950, 0, 9223372036854775807, 0, 9223372036815275807
0, 3951, 0, 9223372036854775807, 0, 9223372036815265807
0, 3952, 0, 9223372036854775807, 0, 9223372036815255807
0, 3953, 0, 9223372036854775807, 0, 9223372036815245807
0, 3954, 0, 9223372036854775807, 0, 9223372036815235807
0, 3955, 0, 9223372036854775807, 0, 9223372036815225807
0, 3956, 0, 9223372036854775807, 0, 9223372036815215807
0, 3957, 0, 9223372036854775807, 0, 9223372036815205807
0, 3958, 0, 9223372036854775807, 0, 9223372036815195807
0, 3959, 0, 9223372036854775807, 0, 9223372036815185807
0, 396, 0, 9223372036854775807, 0, 9223372036850815807
0, 3960, 0, 9223372036854775807, 0, 9223372036815175807
0, 3961, 0, 9223372036854775807, 0, 9223372036815165807
0, 3962, 0, 9223372036854775807, 0, 9223372036815155807
0, 3963, 0, 9223372036854775807, 0, 9223372036815145807
0, 3964, 0, 9223372036854775807, 0, 9223372036815135807
0, 3965, 0, 9223372036854775807, 0, 9223372036815125807
0, 3966, 0, 9223372036854775807, 0, 9223372036815115807
0, 3967, 0, 9223372036854775807, 0, 9223372036815105807
0, 3968, 0, 9223372036854775807, 0, 9223372036815095807
0, 3969, 0, 9223372036854775807, 0, 9223372036815085807
0, 397, 0, 9223372036854775807, 0, 9223372036850805807
0, 3970, 0, 9223372036854775807, 0, 9223372036815075807
0, 3971, 0, 9223372036854775807, 0, 9223372036815065807
0, 3972, 0, 9223372036854775807, 0, 9223372036815055807
0, 3973, 0, 9223372036854775807, 0, 9223372036815045807
0, 3974, 0, 9223372036854775807, 0, 9223372036815035807
0, 3975, 0, 9223372036854775807, 0, 9223372036815025807
0, 3976, 0, 9223372036854775807, 0, 9223372036815015807
0, 3977, 0, 9223372036854775807, 0, 9223372036815005807
0, 3978, 0, 9223372036854775807, 0, 9223372036814995807
0, 3979, 0, 9223372036854775807, 0, 9223372036814985807
0, 398, 0, 9223372036854775807, 0, 9223372036850795807
0, 3980, 0, 9223372036854775807, 0, 9223372036814975807
0, 3981, 0, 9223372036854775807, 0, 9223372036814965807
0, 3982, 0, 9223372036854775807, 0, 9223372036814955807
0, 3983, 0, 9223372036854775807, 0, 9223372036814945807
0, 3984, 0, 9223372036854775807, 0, 9223372036814935807
0, 3985, 0, 9223372036854775807, 0, 9223372036814925807
0, 3986, 0, 9223372036854775807, 0, 9223372036814915807
0, 3987, 0, 9223372036854775807, 0, 9223372036814905807
0, 3988, 0, 9223372036854775807, 0, 9223372036814895807
0, 3989, 0, 9223372036854775807, 0, 9223372036814885807
0, 399, 0, 9223372036854775807, 0, 9223372036850785807
0, 3990, 0, 9223372036854775807, 0, 9223372036814875807
0, 3991, 0, 9223372036854775807, 0, 9223372036814865807
0, 3992, 0, 9223372036854775807, 0, 9223372036814855807
0, 3993, 0, 9223372036854775807, 0, 9223372036814845807
0, 3994, 0, 9223372036854775807, 0, 9223372036814835807
0, 3995, 0, 9223372036854775807, 0, 9223372036814825807
0, 3996, 0, 9223372036854775807, 0, 9223372036814815807
0, 3997, 0, 9223372036854775807, 0, 9223372036814805807
0, 3998, 0, 9223372036854775807, 0, 9223372036814795807
0, 3999, 0, 9223372036854775807, 0, 9223372036814785807
0, 4, 0, 9223372036854775807, 0, 9223372036854735807
0, 40, 0, 9223372036854775807, 0, 9223372036854375807
0, 400, 0, 9223372036854775807, 0, 9223372036850775807
0, 4000, 0, 9223372036854775807, 0, 9223372036814775807
0, 4001, 0, 9223372036854775807, 0, 9223372036814765807
0, 4002, 0, 9223372036854775807, 0, 9223372036814755807
0, 4003, 0, 9223372036854775807, 0, 9223372036814745807
0, 4004, 0, 9223372036854775807, 0, 9223372036814735807
0, 4005, 0, 9223372036854775807, 0, 9223372036814725807
0, 4006, 0, 9223372036854775807, 0, 9223372036814715807
0, 4007, 0, 9223372036854775807, 0, 9223372036814705807
0, 4008, 0, 9223372036854775807, 0, 9223372036814695807
0, 4009, 0, 9223372036854775807, 0, 9223372036814685807
0, 401, 0, 9223372036854775807, 0, 9223372036850765807
0, 4010, 0, 9223372036854775807, 0, 9223372036814675807
0, 4011, 0, 9223372036854775807, 0, 9223372036814665807
0, 4012, 0, 9223372036854775807, 0, 9223372036814655807
0, 4013, 0, 9223372036854775807, 0, 9223372036814645807
0, 4014, 0, 9223372036854775807, 0, 9223372036814635807
0, 4015, 0, 9223372036854775807, 0, 9223372036814625807
0, 4016, 0, 9223372036854775807, 0, 9223372036814615807
0, 4017, 0, 9223372036854775807, 0, 9223372036814605807
0, 4018, 0, 9223372036854775807, 0, 9223372036814595807
0, 4019, 0, 9223372036854775807, 0, 9223372036814585807
0, 402, 0, 9223372036854775807, 0, 9223372036850755807
0, 4020, 0, 9223372036854775807, 0, 9223372036814575807
0, 4021, 0, 9223372036854775807, 0, 9223372036814565807
0, 4022, 0, 9223372036854775807, 0, 9223372036814555807
0, 4023, 0, 9223372036854775807, 0, 9223372036814545807
0, 4024, 0, 9223372036854775807, 0, 9223372036814535807
0, 4025, 0, 9223372036854775807, 0, 9223372036814525807
0, 4026, 0, 9223372036854775807, 0, 9223372036814515807
0, 4027, 0, 9223372036854775807, 0, 9223372036814505807
0, 4028, 0, 9223372036854775807, 0, 9223372036814495807
0, 4029, 0, 9223372036854775807, 0, 9223372036814485807
0, 403, 0, 9223372036854775807, 0, 9223372036850745807
0, 4030, 0, 9223372036854775807, 0, 9223372036814475807
0, 4031, 0, 9223372036854775807, 0, 9223372036814465807
0, 4032, 0, 9223372036854775807, 0, 9223372036814455807
0, 4033, 0, 9223372036854775807, 0, 9223372036814445807
0, 4034, 0, 9223372036854775807, 0, 9223372036814435807
0, 4035, 0, 9223372036854775807, 0, 9223372036814425807
0, 4036, 0, 9223372036854775807, 0, 9223372036814415807
0, 4037, 0, 9223372036854775807, 0, 9223372036814405807
0, 4038, 0, 9223372036854775807, 0, 9223372036814395807
0, 4039, 0, 9223372036854775807, 0, 9223372036814385807
0, 404, 0, 9223372036854775807, 0, 9223372036850735807
0, 4040, 0, 9223372036854775807, 0, 9223372036814375807
0, 4041, 0, 9223372036854775807, 0, 9223372036814365807
0, 4042, 0, 9223372036854775807, 0, 9223372036814355807
0, 4043, 0, 9223372036854775807, 0, 9223372036814345807
0, 4044, 0, 9223372036854775807, 0, 9223372036814335807
0, 4045, 0, 9223372036854775807, 0, 9223372036814325807
0, 4046, 0, 9223372036854775807, 0, 9223372036814315807
0, 4047, 0, 9223372036854775807, 0, 9223372036814305807
0, 4048, 0, 9223372036854775807, 0, 9223372036814295807
0, 4049, 0, 9223372036854775807, 0, 9223372036814285807
0, 405, 0, 9223372036854775807, 0, 9223372036850725807
0, 4050, 0, 9223372036854775807, 0, 9223372036814275807
0, 4051, 0, 9223372036854775807, 0, 9223372036814265807
0, 4052, 0, 9223372036854775807, 0, 9223372036814255807
0, 4053, 0, 9223372036854775807, 0, 9223372036814245807
0, 4054, 0, 9223372036854775807, 0, 9223372036814235807
0, 4055, 0, 9223372036854775807, 0, 9223372036814225807
0, 4056, 0, 9223372036854775807, 0, 9223372036814215807
0, 4057, 0, 9223372036854775807, 0, 9223372036814205807
0, 4058, 0, 9223372036854775807, 0, 9223372036814195807
0, 4059, 0, 9223372036854775807, 0, 9223372036814185807
0, 406, 0, 9223372036854775807, 0, 9223372036850715807
0, 4060, 0, 9223372036854775807, 0, 9223372036814175807
0, 4061, 0, 9223372036854775807, 0, 9223372036814165807
0, 4062, 0, 9223372036854775807, 0, 9223372036814155807
0, 4063, 0, 9223372036854775807, 0, 9223372036814145807
0, 4064, 0, 9223372036854775807, 0, 9223372036814135807
0, 4065, 0, 9223372036854775807, 0, 9223372036814125807
0, 4066, 0, 9223372036854775807, 0, 9223372036814115807
0, 4067, 0, 9223372036854775807, 0, 9223372036814105807
0, 4068, 0, 9223372036854775807, 0, 9223372036814095807
0, 4069, 0, 9223372036854775807, 0, 9223372036814085807
0, 407, 0, 9223372036854775807, 0, 9223372036850705807
0, 4070, 0, 9223372036854775807, 0, 9223372036814075807
0, 4071, 0, 9223372036854775807, 0, 9223372036814065807
0, 4072, 0, 9223372036854775807, 0, 9223372036814055807
0, 4073, 0, 9223372036854775807, 0, 9223372036814045807
0, 4074, 0, 9223372036854775807, 0, 9223372036814035807
0, 4075, 0, 9223372036854775807, 0, 9223372036814025807
0, 4076, 0, 9223372036854775807, 0, 9223372036814015807
0, 4077, 0, 9223372036854775807, 0, 9223372036814005807
0, 4078, 0, 9223372036854775807, 0, 9223372036813995807
0, 4079, 0, 9223372036854775807, 0, 9223372036813985807
0, 408, 0, 9223372036854775807, 0, 9223372036850695807
0, 4080, 0, 9223372036854775807, 0, 9223372036813975807
0, 4081, 0, 9223372036854775807, 0, 9223372036813965807
0, 4082, 0, 9223372036854775807, 0, 9223372036813955807
0, 4083, 0, 9223372036854775807, 0, 9223372036813945807
0, 4084, 0, 9223372036854775807, 0, 9223372036813935807
0, 4085, 0, 9223372036854775807, 0, 9223372036813925807
0, 4086, 0, 9223372036854775807, 0, 9223372036813915807
0, 4087, 0, 9223372036854775807, 0, 9223372036813905807
0, 4088, 0, 9223372036854775807, 0, 9223372036813895807
0, 4089, 0, 9223372036854775807, 0, 9223372036813885807
0, 409, 0, 9223372036854775807, 0, 9223372036850685807
0, 4090, 0, 9223372036854775807, 0, 9223372036813875807
0, 4091, 0, 9223372036854775807, 0, 9223372036813865807
0, 4092, 0, 9223372036854775807, 0, 9223372036813855807
0, 4093, 0, 9223372036854775807, 0, 9223372036813845807
0, 4094, 0, 9223372036854775807, 0, 9223372036813835807
0, 4095, 0, 9223372036854775807, 0, 9223372036813825807
0, 4096, 0, 9223372036854775807, 0, 9223372036813815807
0, 4097, 0, 9223372036854775807, 0, 9223372036813805807
0, 4098, 0, 9223372036854775807, 0, 9223372036813795807
0, 4099, 0, 9223372036854775807, 0, 9223372036813785807
0, 41, 0, 9223372036854775807, 0, 9223372036854365807
0, 410, 0, 9223372036854775807, 0, 9223372036850675807
0, 4100, 0, 9223372036854775807, 0, 9223372036813775807
0, 4101, 0, 9223372036854775807, 0, 9223372036813765807
0, 4102, 0, 9223372036854775807, 0, 9223372036813755807
0, 4103, 0, 9223372036854775807, 0, 9223372036813745807
0, 4104, 0, 9223372036854775807, 0, 9223372036813735807
0, 4105, 0, 9223372036854775807, 0, 9223372036813725807
0, 4106, 0, 9223372036854775807, 0, 9223372036813715807
0, 4107, 0, 9223372036854775807, 0, 9223372036813705807
0, 4108, 0, 9223372036854775807, 0, 9223372036813695807
0, 4109, 0, 9223372036854775807, 0, 9223372036813685807
0, 411, 0, 9223372036854775807, 0, 9223372036850665807
0, 4110, 0, 9223372036854775807, 0, 9223372036813675807
0, 4111, 0, 9223372036854775807, 0, 9223372036813665807
0, 4112, 0, 9223372036854775807, 0, 9223372036813655807
0, 4113, 0, 9223372036854775807, 0, 9223372036813645807
0, 4114, 0, 9223372036854775807, 0, 9223372036813635807
0, 4115, 0, 9223372036854775807, 0, 9223372036813625807
0, 4116, 0, 9223372036854775807, 0, 9223372036813615807
0, 4117, 0, 9223372036854775807, 0, 9223372036813605807
0, 4118, 0, 9223372036854775807, 0, 9223372036813595807
0, 4119, 0, 9223372036854775807, 0, 9223372036813585807
0, 412, 0, 9223372036854775807, 0, 9223372036850655807
0, 4120, 0, 9223372036854775807, 0, 9223372036813575807
0, 4121, 0, 9223372036854775807, 0, 9223372036813565807
0, 4122, 0, 9223372036854775807, 0, 9223372036813555807
0, 4123, 0, 9223372036854775807, 0, 9223372036813545807
0, 4124, 0, 9223372036854775807, 0, 9223372036813535807
0, 4125, 0, 9223372036854775807, 0, 9223372036813525807
0, 4126, 0, 9223372036854775807, 0, 9223372036813515807
0, 4127, 0, 9223372036854775807, 0, 9223372036813505807
0, 4128, 0, 9223372036854775807, 0, 9223372036813495807
0, 4129, 0, 9223372036854775807, 0, 9223372036813485807
0, 413, 0, 9223372036854775807, 0, 9223372036850645807
0, 4130, 0, 9223372036854775807, 0, 9223372036813475807
0, 4131, 0, 9223372036854775807, 0, 9223372036813465807
0, 4132, 0, 9223372036854775807, 0, 9223372036813455807
0, 4133, 0, 9223372036854775807, 0, 9223372036813445807
0, 4134, 0, 9223372036854775807, 0, 9223372036813435807
0, 4135, 0, 9223372036854775807, 0, 9223372036813425807
0, 4136, 0, 9223372036854775807, 0, 9223372036813415807
0, 4137, 0, 9223372036854775807, 0, 9223372036813405807
0, 4138, 0, 9223372036854775807, 0, 9223372036813395807
0, 4139, 0, 9223372036854775807, 0, 9223372036813385807
0, 414, 0, 9223372036854775807, 0, 9223372036850635807
0, 4140, 0, 9223372036854775807, 0, 9223372036813375807
0, 4141, 0, 9223372036854775807, 0, 9223372036813365807
0, 4142, 0, 9223372036854775807, 0, 9223372036813355807
0, 4143, 0, 9223372036854775807, 0, 9223372036813345807
0, 4144, 0, 9223372036854775807, 0, 9223372036813335807
0, 4145, 0, 9223372036854775807, 0, 9223372036813325807
0, 4146, 0, 9223372036854775807, 0, 9223372036813315807
0, 4147, 0, 9223372036854775807, 0, 9223372036813305807
0, 4148, 0, 9223372036854775807, 0, 9223372036813295807
0, 4149, 0, 9223372036854775807, 0, 9223372036813285807
0, 415, 0, 9223372036854775807, 0, 9223372036850625807
0, 4150, 0, 9223372036854775807, 0, 9223372036813275807
0, 4151, 0, 9223372036854775807, 0, 9223372036813265807
0, 4152, 0, 9223372036854775807, 0, 9223372036813255807
0, 4153, 0, 9223372036854775807, 0, 9223372036813245807
0, 4154, 0, 9223372036854775807, 0, 9223372036813235807
0, 4155, 0, 9223372036854775807, 0, 9223372036813225807
0, 4156, 0, 9223372036854775807, 0, 9223372036813215807
0, 4157, 0, 9223372036854775807, 0, 9223372036813205807
0, 4158, 0, 9223372036854775807, 0, 9223372036813195807
0, 4159, 0, 9223372036854775807, 0, 9223372036813185807
0, 416, 0, 9223372036854775807, 0, 9223372036850615807
0, 4160, 0, 9223372036854775807, 0, 9223372036813175807
0, 4161, 0, 9223372036854775807, 0, 9223372036813165807
0, 4162, 0, 9223372036854775807, 0, 9223372036813155807
0, 4163, 0, 9223372036854775807, 0, 9223372036813145807
0, 4164, 0, 9223372036854775807, 0, 9223372036813135807
0, 4165, 0, 9223372036854775807, 0, 9223372036813125807
0, 4166, 0, 9223372036854775807, 0, 9223372036813115807
0, 4167, 0, 9223372036854775807, 0, 9223372036813105807
0, 4168, 0, 9223372036854775807, 0, 9223372036813095807
0, 4169, 0, 9223372036854775807, 0, 9223372036813085807
0, 417, 0, 9223372036854775807, 0, 9223372036850605807
0, 4170, 0, 9223372036854775807, 0, 9223372036813075807
0, 4171, 0, 9223372036854775807, 0, 9223372036813065807
0, 4172, 0, 9223372036854775807, 0, 9223372036813055807
0, 4173, 0, 9223372036854775807, 0, 9223372036813045807
0, 4174, 0, 9223372036854775807, 0, 9223372036813035807
0, 4175, 0, 9223372036854775807, 0, 9223372036813025807
0, 4176, 0, 9223372036854775807, 0, 9223372036813015807
0, 4177, 0, 9223372036854775807, 0, 9223372036813005807
0, 4178, 0, 9223372036854775807, 0, 9223372036812995807
0, 4179, 0, 9223372036854775807, 0, 9223372036812985807
0, 418, 0, 9223372036854775807, 0, 9223372036850595807
0, 4180, 0, 9223372036854775807, 0, 9223372036812975807
0, 4181, 0, 9223372036854775807, 0, 9223372036812965807
0, 4182, 0, 9223372036854775807, 0, 9223372036812955807
0, 4183, 0, 9223372036854775807, 0, 9223372036812945807
0, 4184, 0, 9223372036854775807, 0, 9223372036812935807
0, 4185, 0, 9223372036854775807, 0, 9223372036812925807
0, 4186, 0, 9223372036854775807, 0, 9223372036812915807
0, 4187, 0, 9223372036854775807, 0, 9223372036812905807
0, 4188, 0, 9223372036854775807, 0, 9223372036812895807
0, 4189, 0, 9223372036854775807, 0, 9223372036812885807
0, 419, 0, 9223372036854775807, 0, 9223372036850585807
0, 4190, 0, 9223372036854775807, 0, 9223372036812875807
0, 4191, 0, 9223372036854775807, 0, 9223372036812865807
0, 4192, 0, 9223372036854775807, 0, 9223372036812855807
0, 4193, 0, 9223372036854775807, 0, 9223372036812845807
0, 4194, 0, 9223372036854775807, 0, 9223372036812835807
0, 4195, 0, 9223372036854775807, 0, 9223372036812825807
0, 4196, 0, 9223372036854775807, 0, 9223372036812815807
0, 4197, 0, 9223372036854775807, 0, 9223372036812805807
0, 4198, 0, 9223372036854775807, 0, 9223372036812795807
0, 4199, 0, 9223372036854775807, 0, 9223372036812785807
0, 42, 0, 9223372036854775807, 0, 9223372036854355807
0, 420, 0, 9223372036854775807, 0, 9223372036850575807
0, 4200, 0, 9223372036854775807, 0, 9223372036812775807
0, 4201, 0, 9223372036854775807, 0, 9223372036812765807
0, 4202, 0, 9223372036854775807, 0, 9223372036812755807
0, 4203, 0, 9223372036854775807, 0, 9223372036812745807
0, 4204, 0, 9223372036854775807, 0, 9223372036812735807
0, 4205, 0, 9223372036854775807, 0, 9223372036812725807
0, 4206, 0, 9223372036854775807, 0, 9223372036812715807
0, 4207, 0, 9223372036854775807, 0, 9223372036812705807
0, 4208, 0, 9223372036854775807, 0, 9223372036812695807
0, 4209, 0, 9223372036854775807, 0, 9223372036812685807
0, 421, 0, 9223372036854775807, 0, 9223372036850565807
0, 4210, 0, 9223372036854775807, 0, 9223372036812675807
0, 4211, 0, 9223372036854775807, 0, 9223372036812665807
0, 4212, 0, 9223372036854775807, 0, 9223372036812655807
0, 4213, 0, 9223372036854775807, 0, 9223372036812645807
0, 4214, 0, 9223372036854775807, 0, 9223372036812635807
0, 4215, 0, 9223372036854775807, 0, 9223372036812625807
0, 4216, 0, 9223372036854775807, 0, 9223372036812615807
0, 4217, 0, 9223372036854775807, 0, 9223372036812605807
0, 4218, 0, 9223372036854775807, 0, 9223372036812595807
0, 4219, 0, 9223372036854775807, 0, 9223372036812585807
0, 422, 0, 9223372036854775807, 0, 9223372036850555807
0, 4220, 0, 9223372036854775807, 0, 9223372036812575807
0, 4221, 0, 9223372036854775807, 0, 9223372036812565807
0, 4222, 0, 9223372036854775807, 0, 9223372036812555807
0, 4223, 0, 9223372036854775807, 0, 9223372036812545807
0, 4224, 0, 9223372036854775807, 0, 9223372036812535807
0, 4225, 0, 9223372036854775807, 0, 9223372036812525807
0, 4226, 0, 9223372036854775807, 0, 9223372036812515807
0, 4227, 0, 9223372036854775807, 0, 9223372036812505807
0, 4228, 0, 9223372036854775807, 0, 9223372036812495807
0, 4229, 0, 9223372036854775807, 0, 9223372036812485807
0, 423, 0, 9223372036854775807, 0, 9223372036850545807
0, 4230, 0, 9223372036854775807, 0, 9223372036812475807
0, 4231, 0, 9223372036854775807, 0, 9223372036812465807
0, 4232, 0, 9223372036854775807, 0, 9223372036812455807
0, 4233, 0, 9223372036854775807, 0, 9223372036812445807
0, 4234, 0, 9223372036854775807, 0, 9223372036812435807
0, 4235, 0, 9223372036854775807, 0, 9223372036812425807
0, 4236, 0, 9223372036854775807, 0, 9223372036812415807
0, 4237, 0, 9223372036854775807, 0, 9223372036812405807
0, 4238, 0, 9223372036854775807, 0, 9223372036812395807
0, 4239, 0, 9223372036854775807, 0, 9223372036812385807
0, 424, 0, 9223372036854775807, 0, 9223372036850535807
0, 4240, 0, 9223372036854775807, 0, 9223372036812375807
0, 4241, 0, 9223372036854775807, 0, 9223372036812365807
0, 4242, 0, 9223372036854775807, 0, 9223372036812355807
0, 4243, 0, 9223372036854775807, 0, 9223372036812345807
0, 4244, 0, 9223372036854775807, 0, 9223372036812335807
0, 4245, 0, 9223372036854775807, 0, 9223372036812325807
0, 4246, 0, 9223372036854775807, 0, 9223372036812315807
0, 4247, 0, 9223372036854775807, 0, 9223372036812305807
0, 4248, 0, 9223372036854775807, 0, 9223372036812295807
0, 4249, 0, 9223372036854775807, 0, 9223372036812285807
0, 425, 0, 9223372036854775807, 0, 9223372036850525807
0, 4250, 0, 9223372036854775807, 0, 9223372036812275807
0, 4251, 0, 9223372036854775807, 0, 9223372036812265807
0, 4252, 0, 9223372036854775807, 0, 9223372036812255807
0, 4253, 0, 9223372036854775807, 0, 9223372036812245807
0, 4254, 0, 9223372036854775807, 0, 9223372036812235807
0, 4255, 0, 9223372036854775807, 0, 9223372036812225807
0, 4256, 0, 9223372036854775807, 0, 9223372036812215807
0, 4257, 0, 9223372036854775807, 0, 9223372036812205807
0, 4258, 0, 9223372036854775807, 0, 9223372036812195807
0, 4259, 0, 9223372036854775807, 0, 9223372036812185807
0, 426, 0, 9223372036854775807, 0, 9223372036850515807
0, 4260, 0, 9223372036854775807, 0, 9223372036812175807
0, 4261, 0, 9223372036854775807, 0, 9223372036812165807
0, 4262, 0, 9223372036854775807, 0, 9223372036812155807
0, 4263, 0, 9223372036854775807, 0, 9223372036812145807
0, 4264, 0, 9223372036854775807, 0, 9223372036812135807
0, 4265, 0, 9223372036854775807, 0, 9223372036812125807
0, 4266, 0, 9223372036854775807, 0, 9223372036812115807
0, 4267, 0, 9223372036854775807, 0, 9223372036812105807
0, 4268, 0, 9223372036854775807, 0, 9223372036812095807
0, 4269, 0, 9223372036854775807, 0, 9223372036812085807
0, 427, 0, 9223372036854775807, 0, 9223372036850505807
0, 4270, 0, 9223372036854775807, 0, 9223372036812075807
0, 4271, 0, 9223372036854775807, 0, 9223372036812065807
0, 4272, 0, 9223372036854775807, 0, 9223372036812055807
0, 4273, 0, 9223372036854775807, 0, 9223372036812045807
0, 4274, 0, 9223372036854775807, 0, 9223372036812035807
0, 4275, 0, 9223372036854775807, 0, 9223372036812025807
0, 4276, 0, 9223372036854775807, 0, 9223372036812015807
0, 4277, 0, 9223372036854775807, 0, 9223372036812005807
0, 4278, 0, 9223372036854775807, 0, 9223372036811995807
0, 4279, 0, 9223372036854775807, 0, 9223372036811985807
0, 428, 0, 9223372036854775807, 0, 9223372036850495807
0, 4280, 0, 9223372036854775807, 0, 9223372036811975807
0, 4281, 0, 9223372036854775807, 0, 9223372036811965807
0, 4282, 0, 9223372036854775807, 0, 9223372036811955807
0, 4283, 0, 9223372036854775807, 0, 9223372036811945807
0, 4284, 0, 9223372036854775807, 0, 9223372036811935807
0, 4285, 0, 9223372036854775807, 0, 9223372036811925807
0, 4286, 0, 9223372036854775807, 0, 9223372036811915807
0, 4287, 0, 9223372036854775807, 0, 9223372036811905807
0, 4288, 0, 9223372036854775807, 0, 9223372036811895807
0, 4289, 0, 9223372036854775807, 0, 9223372036811885807
0, 429, 0, 9223372036854775807, 0, 9223372036850485807
0, 4290, 0, 9223372036854775807, 0, 9223372036811875807
0, 4291, 0, 9223372036854775807, 0, 9223372036811865807
0, 4292, 0, 9223372036854775807, 0, 9223372036811855807
0, 4293, 0, 9223372036854775807, 0, 9223372036811845807
0, 4294, 0, 9223372036854775807, 0, 9223372036811835807
0, 4295, 0, 9223372036854775807, 0, 9223372036811825807
0, 4296, 0, 9223372036854775807, 0, 9223372036811815807
0, 4297, 0, 9223372036854775807, 0, 9223372036811805807
0, 4298, 0, 9223372036854775807, 0, 9223372036811795807
0, 4299, 0, 9223372036854775807, 0, 9223372036811785807
0, 43, 0, 9223372036854775807, 0, 9223372036854345807
0, 430, 0, 9223372036854775807, 0, 9223372036850475807
0, 4300, 0, 9223372036854775807, 0, 9223372036811775807
0, 4301, 0, 9223372036854775807, 0, 9223372036811765807
0, 4302, 0, 9223372036854775807, 0, 9223372036811755807
0, 4303, 0, 9223372036854775807, 0, 9223372036811745807
0, 4304, 0, 9223372036854775807, 0, 9223372036811735807
0, 4305, 0, 9223372036854775807, 0, 9223372036811725807
0, 4306, 0, 9223372036854775807, 0, 9223372036811715807
0, 4307, 0, 9223372036854775807, 0, 9223372036811705807
0, 4308, 0, 9223372036854775807, 0, 9223372036811695807
0, 4309, 0, 9223372036854775807, 0, 9223372036811685807
0, 431, 0, 9223372036854775807, 0, 9223372036850465807
0, 4310, 0, 9223372036854775807, 0, 9223372036811675807
0, 4311, 0, 9223372036854775807, 0, 9223372036811665807
0, 4312, 0, 9223372036854775807, 0, 9223372036811655807
0, 4313, 0, 9223372036854775807, 0, 9223372036811645807
0, 4314, 0, 9223372036854775807, 0, 9223372036811635807
0, 4315, 0, 9223372036854775807, 0, 9223372036811625807
0, 4316, 0, 9223372036854775807, 0, 9223372036811615807
0, 4317, 0, 9223372036854775807, 0, 9223372036811605807
0, 4318, 0, 9223372036854775807, 0, 9223372036811595807
0, 4319, 0, 9223372036854775807, 0, 9223372036811585807
0, 432, 0, 9223372036854775807, 0, 9223372036850455807
0, 4320, 0, 9223372036854775807, 0, 9223372036811575807
0, 4321, 0, 9223372036854775807, 0, 9223372036811565807
0, 4322, 0, 9223372036854775807, 0, 9223372036811555807
0, 4323, 0, 9223372036854775807, 0, 9223372036811545807
0, 4324, 0, 9223372036854775807, 0, 9223372036811535807
0, 4325, 0, 9223372036854775807, 0, 9223372036811525807
0, 4326, 0, 9223372036854775807, 0, 9223372036811515807
0, 4327, 0, 9223372036854775807, 0, 9223372036811505807
0, 4328, 0, 9223372036854775807, 0, 9223372036811495807
0, 4329, 0, 9223372036854775807, 0, 9223372036811485807
0, 433, 0, 9223372036854775807, 0, 9223372036850445807
0, 4330, 0, 9223372036854775807, 0, 9223372036811475807
0, 4331, 0, 9223372036854775807, 0, 9223372036811465807
0, 4332, 0, 9223372036854775807, 0, 9223372036811455807
0, 4333, 0, 9223372036854775807, 0, 9223372036811445807
0, 4334, 0, 9223372036854775807, 0, 9223372036811435807
0, 4335, 0, 9223372036854775807, 0, 9223372036811425807
0, 4336, 0, 9223372036854775807, 0, 9223372036811415807
0, 4337, 0, 9223372036854775807, 0, 9223372036811405807
0, 4338, 0, 9223372036854775807, 0, 9223372036811395807
0, 4339, 0, 9223372036854775807, 0, 9223372036811385807
0, 434, 0, 9223372036854775807, 0, 9223372036850435807
0, 4340, 0, 9223372036854775807, 0, 9223372036811375807
0, 4341, 0, 9223372036854775807, 0, 9223372036811365807
0, 4342, 0, 9223372036854775807, 0, 9223372036811355807
0, 4343, 0, 9223372036854775807, 0, 9223372036811345807
0, 4344, 0, 9223372036854775807, 0, 9223372036811335807
0, 4345, 0, 9223372036854775807, 0, 9223372036811325807
0, 4346, 0, 9223372036854775807, 0, 9223372036811315807
0, 4347, 0, 9223372036854775807, 0, 9223372036811305807
0, 4348, 0, 9223372036854775807, 0, 9223372036811295807
0, 4349, 0, 9223372036854775807, 0, 9223372036811285807
0, 435, 0, 9223372036854775807, 0, 9223372036850425807
0, 4350, 0, 9223372036854775807, 0, 9223372036811275807
0, 4351, 0, 9223372036854775807, 0, 9223372036811265807
0, 4352, 0, 9223372036854775807, 0, 9223372036811255807
0, 4353, 0, 9223372036854775807, 0, 9223372036811245807
0, 4354, 0, 9223372036854775807, 0, 9223372036811235807
0, 4355, 0, 9223372036854775807, 0, 9223372036811225807
0, 4356, 0, 9223372036854775807, 0, 9223372036811215807
0, 4357, 0, 9223372036854775807, 0, 9223372036811205807
0, 4358, 0, 9223372036854775807, 0, 9223372036811195807
0, 4359, 0, 9223372036854775807, 0, 9223372036811185807
0, 436, 0, 9223372036854775807, 0, 9223372036850415807
0, 4360, 0, 9223372036854775807, 0, 9223372036811175807
0, 4361, 0, 9223372036854775807, 0, 9223372036811165807
0, 4362, 0, 9223372036854775807, 0, 9223372036811155807
0, 4363, 0, 9223372036854775807, 0, 9223372036811145807
0, 4364, 0, 9223372036854775807, 0, 9223372036811135807
0, 4365, 0, 9223372036854775807, 0, 9223372036811125807
0, 4366, 0, 9223372036854775807, 0, 9223372036811115807
0, 4367, 0, 9223372036854775807, 0, 9223372036811105807
0, 4368, 0, 9223372036854775807, 0, 9223372036811095807
0, 4369, 0, 9223372036854775807, 0, 9223372036811085807
0, 437, 0, 9223372036854775807, 0, 9223372036850405807
0, 4370, 0, 9223372036854775807, 0, 9223372036811075807
0, 4371, 0, 9223372036854775807, 0, 9223372036811065807
0, 4372, 0, 9223372036854775807, 0, 9223372036811055807
0, 4373, 0, 9223372036854775807, 0, 9223372036811045807
0, 4374, 0, 9223372036854775807, 0, 9223372036811035807
0, 4375, 0, 9223372036854775807, 0, 9223372036811025807
0, 4376, 0, 9223372036854775807, 0, 9223372036811015807
0, 4377, 0, 9223372036854775807, 0, 9223372036811005807
0, 4378, 0, 9223372036854775807, 0, 9223372036810995807
0, 4379, 0, 9223372036854775807, 0, 9223372036810985807
0, 438, 0, 9223372036854775807, 0, 9223372036850395807
0, 4380, 0, 9223372036854775807, 0, 9223372036810975807
0, 4381, 0, 9223372036854775807, 0, 9223372036810965807
0, 4382, 0, 9223372036854775807, 0, 9223372036810955807
0, 4383, 0, 9223372036854775807, 0, 9223372036810945807
0, 4384, 0, 9223372036854775807, 0, 9223372036810935807
0, 4385, 0, 9223372036854775807, 0, 9223372036810925807
0, 4386, 0, 9223372036854775807, 0, 9223372036810915807
0, 4387, 0, 9223372036854775807, 0, 9223372036810905807
0, 4388, 0, 9223372036854775807, 0, 9223372036810895807
0, 4389, 0, 9223372036854775807, 0, 9223372036810885807
0, 439, 0, 9223372036854775807, 0, 9223372036850385807
0, 4390, 0, 9223372036854775807, 0, 9223372036810875807
0, 4391, 0, 9223372036854775807, 0, 9223372036810865807
0, 4392, 0, 9223372036854775807, 0, 9223372036810855807
0, 4393, 0, 9223372036854775807, 0, 9223372036810845807
0, 4394, 0, 9223372036854775807, 0, 9223372036810835807
0, 4395, 0, 9223372036854775807, 0, 9223372036810825807
0, 4396, 0, 9223372036854775807, 0, 9223372036810815807
0, 4397, 0, 9223372036854775807, 0, 9223372036810805807
0, 4398, 0, 9223372036854775807, 0, 9223372036810795807
0, 4399, 0, 9223372036854775807, 0, 9223372036810785807
0, 44, 0, 9223372036854775807, 0, 9223372036854335807
0, 440, 0, 9223372036854775807, 0, 9223372036850375807
0, 4400, 0, 9223372036854775807, 0, 9223372036810775807
0, 4401, 0, 9223372036854775807, 0, 9223372036810765807
0, 4402, 0, 9223372036854775807, 0, 9223372036810755807
0, 4403, 0, 9223372036854775807, 0, 9223372036810745807
0, 4404, 0, 9223372036854775807, 0, 9223372036810735807
0, 4405, 0, 9223372036854775807, 0, 9223372036810725807
0, 4406, 0, 9223372036854775807, 0, 9223372036810715807
0, 4407, 0, 9223372036854775807, 0, 9223372036810705807
0, 4408, 0, 9223372036854775807, 0, 9223372036810695807
0, 4409, 0, 9223372036854775807, 0, 9223372036810685807
0, 441, 0, 9223372036854775807, 0, 9223372036850365807
0, 4410, 0, 9223372036854775807, 0, 9223372036810675807
0, 4411, 0, 9223372036854775807, 0, 9223372036810665807
0, 4412, 0, 9223372036854775807, 0, 9223372036810655807
0, 4413, 0, 9223372036854775807, 0, 9223372036810645807
0, 4414, 0, 9223372036854775807, 0, 9223372036810635807
0, 4415, 0, 9223372036854775807, 0, 9223372036810625807
0, 4416, 0, 9223372036854775807, 0, 9223372036810615807
0, 4417, 0, 9223372036854775807, 0, 9223372036810605807
0, 4418, 0, 9223372036854775807, 0, 9223372036810595807
0, 4419, 0, 9223372036854775807, 0, 9223372036810585807
0, 442, 0, 9223372036854775807, 0, 9223372036850355807
0, 4420, 0, 9223372036854775807, 0, 9223372036810575807
0, 4421, 0, 9223372036854775807, 0, 9223372036810565807
0, 4422, 0, 9223372036854775807, 0, 9223372036810555807
0, 4423, 0, 9223372036854775807, 0, 9223372036810545807
0, 4424, 0, 9223372036854775807, 0, 9223372036810535807
0, 4425, 0, 9223372036854775807, 0, 9223372036810525807
0, 4426, 0, 9223372036854775807, 0, 9223372036810515807
0, 4427, 0, 9223372036854775807, 0, 9223372036810505807
0, 4428, 0, 9223372036854775807, 0, 9223372036810495807
0, 4429, 0, 9223372036854775807, 0, 9223372036810485807
0, 443, 0, 9223372036854775807, 0, 9223372036850345807
0, 4430, 0, 9223372036854775807, 0, 9223372036810475807
0, 4431, 0, 9223372036854775807, 0, 9223372036810465807
0, 4432, 0, 9223372036854775807, 0, 9223372036810455807
0, 4433, 0, 9223372036854775807, 0, 9223372036810445807
0, 4434, 0, 9223372036854775807, 0, 9223372036810435807
0, 4435, 0, 9223372036854775807, 0, 9223372036810425807
0, 4436, 0, 9223372036854775807, 0, 9223372036810415807
0, 4437, 0, 9223372036854775807, 0, 9223372036810405807
0, 4438, 0, 9223372036854775807, 0, 9223372036810395807
0, 4439, 0, 9223372036854775807, 0, 9223372036810385807
0, 444, 0, 9223372036854775807, 0, 9223372036850335807
0, 4440, 0, 9223372036854775807, 0, 9223372036810375807
0, 4441, 0, 9223372036854775807, 0, 9223372036810365807
0, 4442, 0, 9223372036854775807, 0, 9223372036810355807
0, 4443, 0, 9223372036854775807, 0, 9223372036810345807
0, 4444, 0, 9223372036854775807, 0, 9223372036810335807
0, 4445, 0, 9223372036854775807, 0, 9223372036810325807
0, 4446, 0, 9223372036854775807, 0, 9223372036810315807
0, 4447, 0, 9223372036854775807, 0, 9223372036810305807
0, 4448, 0, 9223372036854775807, 0, 9223372036810295807
0, 4449, 0, 9223372036854775807, 0, 9223372036810285807
0, 445, 0, 9223372036854775807, 0, 9223372036850325807
0, 4450, 0, 9223372036854775807, 0, 9223372036810275807
0, 4451, 0, 9223372036854775807, 0, 9223372036810265807
0, 4452, 0, 9223372036854775807, 0, 9223372036810255807
0, 4453, 0, 9223372036854775807, 0, 9223372036810245807
0, 4454, 0, 9223372036854775807, 0, 9223372036810235807
0, 4455, 0, 9223372036854775807, 0, 9223372036810225807
0, 4456, 0, 9223372036854775807, 0, 9223372036810215807
0, 4457, 0, 9223372036854775807, 0, 9223372036810205807
0, 4458, 0, 9223372036854775807, 0, 9223372036810195807
0, 4459, 0, 9223372036854775807, 0, 9223372036810185807
0, 446, 0, 9223372036854775807, 0, 9223372036850315807
0, 4460, 0, 9223372036854775807, 0, 9223372036810175807
0, 4461, 0, 9223372036854775807, 0, 9223372036810165807
0, 4462, 0, 9223372036854775807, 0, 9223372036810155807
0, 4463, 0, 9223372036854775807, 0, 9223372036810145807
0, 4464, 0, 9223372036854775807, 0, 9223372036810135807
0, 4465, 0, 9223372036854775807, 0, 9223372036810125807
0, 4466, 0, 9223372036854775807, 0, 9223372036810115807
0, 4467, 0, 9223372036854775807, 0, 9223372036810105807
0, 4468, 0, 9223372036854775807, 0, 9223372036810095807
0, 4469, 0, 9223372036854775807, 0, 9223372036810085807
0, 447, 0, 9223372036854775807, 0, 9223372036850305807
0, 4470, 0, 9223372036854775807, 0, 9223372036810075807
0, 4471, 0, 9223372036854775807, 0, 9223372036810065807
0, 4472, 0, 9223372036854775807, 0, 9223372036810055807
0, 4473, 0, 9223372036854775807, 0, 9223372036810045807
0, 4474, 0, 9223372036854775807, 0, 9223372036810035807
0, 4475, 0, 9223372036854775807, 0, 9223372036810025807
0, 4476, 0, 9223372036854775807, 0, 9223372036810015807
0, 4477, 0, 9223372036854775807, 0, 9223372036810005807
0, 4478, 0, 9223372036854775807, 0, 9223372036809995807
0, 4479, 0, 9223372036854775807, 0, 9223372036809985807
0, 448, 0, 9223372036854775807, 0, 9223372036850295807
0, 4480, 0, 9223372036854775807, 0, 9223372036809975807
0, 4481, 0, 9223372036854775807, 0, 9223372036809965807
0, 4482, 0, 9223372036854775807, 0, 9223372036809955807
0, 4483, 0, 9223372036854775807, 0, 9223372036809945807
0, 4484, 0, 9223372036854775807, 0, 9223372036809935807
0, 4485, 0, 9223372036854775807, 0, 9223372036809925807
0, 4486, 0, 9223372036854775807, 0, 9223372036809915807
0, 4487, 0, 9223372036854775807, 0, 9223372036809905807
0, 4488, 0, 9223372036854775807, 0, 9223372036809895807
0, 4489, 0, 9223372036854775807, 0, 9223372036809885807
0, 449, 0, 9223372036854775807, 0, 9223372036850285807
0, 4490, 0, 9223372036854775807, 0, 9223372036809875807
0, 4491, 0, 9223372036854775807, 0, 9223372036809865807
0, 4492, 0, 9223372036854775807, 0, 9223372036809855807
0, 4493, 0, 9223372036854775807, 0, 9223372036809845807
0, 4494, 0, 9223372036854775807, 0, 9223372036809835807
0, 4495, 0, 9223372036854775807, 0, 9223372036809825807
0, 4496, 0, 9223372036854775807, 0, 9223372036809815807
0, 4497, 0, 9223372036854775807, 0, 9223372036809805807
0, 4498, 0, 9223372036854775807, 0, 9223372036809795807
0, 4499, 0, 9223372036854775807, 0, 9223372036809785807
0, 45, 0, 9223372036854775807, 0, 9223372036854325807
0, 450, 0, 9223372036854775807, 0, 9223372036850275807
0, 4500, 0, 9223372036854775807, 0, 9223372036809775807
0, 4501, 0, 9223372036854775807, 0, 9223372036809765807
0, 4502, 0, 9223372036854775807, 0, 9223372036809755807
0, 4503, 0, 9223372036854775807, 0, 9223372036809745807
0, 4504, 0, 9223372036854775807, 0, 9223372036809735807
0, 4505, 0, 9223372036854775807, 0, 9223372036809725807
0, 4506, 0, 9223372036854775807, 0, 9223372036809715807
0, 4507, 0, 9223372036854775807, 0, 9223372036809705807
0, 4508, 0, 9223372036854775807, 0, 9223372036809695807
0, 4509, 0, 9223372036854775807, 0, 9223372036809685807
0, 451, 0, 9223372036854775807, 0, 9223372036850265807
0, 4510, 0, 9223372036854775807, 0, 9223372036809675807
0, 4511, 0, 9223372036854775807, 0, 9223372036809665807
0, 4512, 0, 9223372036854775807, 0, 9223372036809655807
0, 4513, 0, 9223372036854775807, 0, 9223372036809645807
0, 4514, 0, 9223372036854775807, 0, 9223372036809635807
0, 4515, 0, 9223372036854775807, 0, 9223372036809625807
0, 4516, 0, 9223372036854775807, 0, 9223372036809615807
0, 4517, 0, 9223372036854775807, 0, 9223372036809605807
0, 4518, 0, 9223372036854775807, 0, 9223372036809595807
0, 4519, 0, 9223372036854775807, 0, 9223372036809585807
0, 452, 0, 9223372036854775807, 0, 9223372036850255807
0, 4520, 0, 9223372036854775807, 0, 9223372036809575807
0, 4521, 0, 9223372036854775807, 0, 9223372036809565807
0, 4522, 0, 9223372036854775807, 0, 9223372036809555807
0, 4523, 0, 9223372036854775807, 0, 9223372036809545807
0, 4524, 0, 9223372036854775807, 0, 9223372036809535807
0, 4525, 0, 9223372036854775807, 0, 9223372036809525807
0, 4526, 0, 9223372036854775807, 0, 9223372036809515807
0, 4527, 0, 9223372036854775807, 0, 9223372036809505807
0, 4528, 0, 9223372036854775807, 0, 9223372036809495807
0, 4529, 0, 9223372036854775807, 0, 9223372036809485807
0, 453, 0, 9223372036854775807, 0, 9223372036850245807
0, 4530, 0, 9223372036854775807, 0, 9223372036809475807
0, 4531, 0, 9223372036854775807, 0, 9223372036809465807
0, 4532, 0, 9223372036854775807, 0, 9223372036809455807
0, 4533, 0, 9223372036854775807, 0, 9223372036809445807
0, 4534, 0, 9223372036854775807, 0, 9223372036809435807
0, 4535, 0, 9223372036854775807, 0, 9223372036809425807
0, 4536, 0, 9223372036854775807, 0, 9223372036809415807
0, 4537, 0, 9223372036854775807, 0, 9223372036809405807
0, 4538, 0, 9223372036854775807, 0, 9223372036809395807
0, 4539, 0, 9223372036854775807, 0, 9223372036809385807
0, 454, 0, 9223372036854775807, 0, 9223372036850235807
0, 4540, 0, 9223372036854775807, 0, 9223372036809375807
0, 4541, 0, 9223372036854775807, 0, 9223372036809365807
0, 4542, 0, 9223372036854775807, 0, 9223372036809355807
0, 4543, 0, 9223372036854775807, 0, 9223372036809345807
0, 4544, 0, 9223372036854775807, 0, 9223372036809335807
0, 4545, 0, 9223372036854775807, 0, 9223372036809325807
0, 4546, 0, 9223372036854775807, 0, 9223372036809315807
0, 4547, 0, 9223372036854775807, 0, 9223372036809305807
0, 4548, 0, 9223372036854775807, 0, 9223372036809295807
0, 4549, 0, 9223372036854775807, 0, 9223372036809285807
0, 455, 0, 9223372036854775807, 0, 9223372036850225807
0, 4550, 0, 9223372036854775807, 0, 9223372036809275807
0, 4551, 0, 9223372036854775807, 0, 9223372036809265807
0, 4552, 0, 9223372036854775807, 0, 9223372036809255807
0, 4553, 0, 9223372036854775807, 0, 9223372036809245807
0, 4554, 0, 9223372036854775807, 0, 9223372036809235807
0, 4555, 0, 9223372036854775807, 0, 9223372036809225807
0, 4556, 0, 9223372036854775807, 0, 9223372036809215807
0, 4557, 0, 9223372036854775807, 0, 9223372036809205807
0, 4558, 0, 9223372036854775807, 0, 9223372036809195807
0, 4559, 0, 9223372036854775807, 0, 9223372036809185807
0, 456, 0, 9223372036854775807, 0, 9223372036850215807
0, 4560, 0, 9223372036854775807, 0, 9223372036809175807
0, 4561, 0, 9223372036854775807, 0, 9223372036809165807
0, 4562, 0, 9223372036854775807, 0, 9223372036809155807
0, 4563, 0, 9223372036854775807, 0, 9223372036809145807
0, 4564, 0, 9223372036854775807, 0, 9223372036809135807
0, 4565, 0, 9223372036854775807, 0, 9223372036809125807
0, 4566, 0, 9223372036854775807, 0, 9223372036809115807
0, 4567, 0, 9223372036854775807, 0, 9223372036809105807
0, 4568, 0, 9223372036854775807, 0, 9223372036809095807
0, 4569, 0, 9223372036854775807, 0, 9223372036809085807
0, 457, 0, 9223372036854775807, 0, 9223372036850205807
0, 4570, 0, 9223372036854775807, 0, 9223372036809075807
0, 4571, 0, 9223372036854775807, 0, 9223372036809065807
0, 4572, 0, 9223372036854775807, 0, 9223372036809055807
0, 4573, 0, 9223372036854775807, 0, 9223372036809045807
0, 4574, 0, 9223372036854775807, 0, 9223372036809035807
0, 4575, 0, 9223372036854775807, 0, 9223372036809025807
0, 4576, 0, 9223372036854775807, 0, 9223372036809015807
0, 4577, 0, 9223372036854775807, 0, 9223372036809005807
0, 4578, 0, 9223372036854775807, 0, 9223372036808995807
0, 4579, 0, 9223372036854775807, 0, 9223372036808985807
0, 458, 0, 9223372036854775807, 0, 9223372036850195807
0, 4580, 0, 9223372036854775807, 0, 9223372036808975807
0, 4581, 0, 9223372036854775807, 0, 9223372036808965807
0, 4582, 0, 9223372036854775807, 0, 9223372036808955807
0, 4583, 0, 9223372036854775807, 0, 9223372036808945807
0, 4584, 0, 9223372036854775807, 0, 9223372036808935807
0, 4585, 0, 9223372036854775807, 0, 9223372036808925807
0, 4586, 0, 9223372036854775807, 0, 9223372036808915807
0, 4587, 0, 9223372036854775807, 0, 9223372036808905807
0, 4588, 0, 9223372036854775807, 0, 9223372036808895807
0, 4589, 0, 9223372036854775807, 0, 9223372036808885807
0, 459, 0, 9223372036854775807, 0, 9223372036850185807
0, 4590, 0, 9223372036854775807, 0, 9223372036808875807
0, 4591, 0, 9223372036854775807, 0, 9223372036808865807
0, 4592, 0, 9223372036854775807, 0, 9223372036808855807
0, 4593, 0, 9223372036854775807, 0, 9223372036808845807
0, 4594, 0, 9223372036854775807, 0, 9223372036808835807
0, 4595, 0, 9223372036854775807, 0, 9223372036808825807
0, 4596, 0, 9223372036854775807, 0, 9223372036808815807
0, 4597, 0, 9223372036854775807, 0, 9223372036808805807
0, 4598, 0, 9223372036854775807, 0, 9223372036808795807
0, 4599, 0, 9223372036854775807, 0, 9223372036808785807
0, 46, 0, 9223372036854775807, 0, 9223372036854315807
0, 460, 0, 9223372036854775807, 0, 9223372036850175807
0, 4600, 0, 9223372036854775807, 0, 9223372036808775807
0, 4601, 0, 9223372036854775807, 0, 9223372036808765807
0, 4602, 0, 9223372036854775807, 0, 9223372036808755807
0, 4603, 0, 9223372036854775807, 0, 9223372036808745807
0, 4604, 0, 9223372036854775807, 0, 9223372036808735807
0, 4605, 0, 9223372036854775807, 0, 9223372036808725807
0, 4606, 0, 9223372036854775807, 0, 9223372036808715807
0, 4607, 0, 9223372036854775807, 0, 9223372036808705807
0, 4608, 0, 9223372036854775807, 0, 9223372036808695807
0, 4609, 0, 9223372036854775807, 0, 9223372036808685807
0, 461, 0, 9223372036854775807, 0, 9223372036850165807
0, 4610, 0, 9223372036854775807, 0, 9223372036808675807
0, 4611, 0, 9223372036854775807, 0, 9223372036808665807
0, 4612, 0, 9223372036854775807, 0, 9223372036808655807
0, 4613, 0, 9223372036854775807, 0, 9223372036808645807
0, 4614, 0, 9223372036854775807, 0, 9223372036808635807
0, 4615, 0, 9223372036854775807, 0, 9223372036808625807
0, 4616, 0, 9223372036854775807, 0, 9223372036808615807
0, 4617, 0, 9223372036854775807, 0, 9223372036808605807
0, 4618, 0, 9223372036854775807, 0, 9223372036808595807
0, 4619, 0, 9223372036854775807, 0, 9223372036808585807
0, 462, 0, 9223372036854775807, 0, 9223372036850155807
0, 4620, 0, 9223372036854775807, 0, 9223372036808575807
0, 4621, 0, 9223372036854775807, 0, 9223372036808565807
0, 4622, 0, 9223372036854775807, 0, 9223372036808555807
0, 4623, 0, 9223372036854775807, 0, 9223372036808545807
0, 4624, 0, 9223372036854775807, 0, 9223372036808535807
0, 4625, 0, 9223372036854775807, 0, 9223372036808525807
0, 4626, 0, 9223372036854775807, 0, 9223372036808515807
0, 4627, 0, 9223372036854775807, 0, 9223372036808505807
0, 4628, 0, 9223372036854775807, 0, 9223372036808495807
0, 4629, 0, 9223372036854775807, 0, 9223372036808485807
0, 463, 0, 9223372036854775807, 0, 9223372036850145807
0, 4630, 0, 9223372036854775807, 0, 9223372036808475807
0, 4631, 0, 9223372036854775807, 0, 9223372036808465807
0, 4632, 0, 9223372036854775807, 0, 9223372036808455807
0, 4633, 0, 9223372036854775807, 0, 9223372036808445807
0, 4634, 0, 9223372036854775807, 0, 9223372036808435807
0, 4635, 0, 9223372036854775807, 0, 9223372036808425807
0, 4636, 0, 9223372036854775807, 0, 9223372036808415807
0, 4637, 0, 9223372036854775807, 0, 9223372036808405807
0, 4638, 0, 9223372036854775807, 0, 9223372036808395807
0, 4639, 0, 9223372036854775807, 0, 9223372036808385807
0, 464, 0, 9223372036854775807, 0, 9223372036850135807
0, 4640, 0, 9223372036854775807, 0, 9223372036808375807
0, 4641, 0, 9223372036854775807, 0, 9223372036808365807
0, 4642, 0, 9223372036854775807, 0, 9223372036808355807
0, 4643, 0, 9223372036854775807, 0, 9223372036808345807
0, 4644, 0, 9223372036854775807, 0, 9223372036808335807
0, 4645, 0, 9223372036854775807, 0, 9223372036808325807
0, 4646, 0, 9223372036854775807, 0, 9223372036808315807
0, 4647, 0, 9223372036854775807, 0, 9223372036808305807
0, 4648, 0, 9223372036854775807, 0, 9223372036808295807
0, 4649, 0, 9223372036854775807, 0, 9223372036808285807
0, 465, 0, 9223372036854775807, 0, 9223372036850125807
0, 4650, 0, 9223372036854775807, 0, 9223372036808275807
0, 4651, 0, 9223372036854775807, 0, 9223372036808265807
0, 4652, 0, 9223372036854775807, 0, 9223372036808255807
0, 4653, 0, 9223372036854775807, 0, 9223372036808245807
0, 4654, 0, 9223372036854775807, 0, 9223372036808235807
0, 4655, 0, 9223372036854775807, 0, 9223372036808225807
0, 4656, 0, 9223372036854775807, 0, 9223372036808215807
0, 4657, 0, 9223372036854775807, 0, 9223372036808205807
0, 4658, 0, 9223372036854775807, 0, 9223372036808195807
0, 4659, 0, 9223372036854775807, 0, 9223372036808185807
0, 466, 0, 9223372036854775807, 0, 9223372036850115807
0, 4660, 0, 9223372036854775807, 0, 9223372036808175807
0, 4661, 0, 9223372036854775807, 0, 9223372036808165807
0, 4662, 0, 9223372036854775807, 0, 9223372036808155807
0, 4663, 0, 9223372036854775807, 0, 9223372036808145807
0, 4664, 0, 9223372036854775807, 0, 9223372036808135807
0, 4665, 0, 9223372036854775807, 0, 9223372036808125807
0, 4666, 0, 9223372036854775807, 0, 9223372036808115807
0, 4667, 0, 9223372036854775807, 0, 9223372036808105807
0, 4668, 0, 9223372036854775807, 0, 9223372036808095807
0, 4669, 0, 9223372036854775807, 0, 9223372036808085807
0, 467, 0, 9223372036854775807, 0, 9223372036850105807
0, 4670, 0, 9223372036854775807, 0, 9223372036808075807
0, 4671, 0, 9223372036854775807, 0, 9223372036808065807
0, 4672, 0, 9223372036854775807, 0, 9223372036808055807
0, 4673, 0, 9223372036854775807, 0, 9223372036808045807
0, 4674, 0, 9223372036854775807, 0, 9223372036808035807
0, 4675, 0, 9223372036854775807, 0, 9223372036808025807
0, 4676, 0, 9223372036854775807, 0, 9223372036808015807
0, 4677, 0, 9223372036854775807, 0, 9223372036808005807
0, 4678, 0, 9223372036854775807, 0, 9223372036807995807
0, 4679, 0, 9223372036854775807, 0, 9223372036807985807
0, 468, 0, 9223372036854775807, 0, 9223372036850095807
0, 4680, 0, 9223372036854775807, 0, 9223372036807975807
0, 4681, 0, 9223372036854775807, 0, 9223372036807965807
0, 4682, 0, 9223372036854775807, 0, 9223372036807955807
0, 4683, 0, 9223372036854775807, 0, 9223372036807945807
0, 4684, 0, 9223372036854775807, 0, 9223372036807935807
0, 4685, 0, 9223372036854775807, 0, 9223372036807925807
0, 4686, 0, 9223372036854775807, 0, 9223372036807915807
0, 4687, 0, 9223372036854775807, 0, 9223372036807905807
0, 4688, 0, 9223372036854775807, 0, 9223372036807895807
0, 4689, 0, 9223372036854775807, 0, 9223372036807885807
0, 469, 0, 9223372036854775807, 0, 9223372036850085807
0, 4690, 0, 9223372036854775807, 0, 9223372036807875807
0, 4691, 0, 9223372036854775807, 0, 9223372036807865807
0, 4692, 0, 9223372036854775807, 0, 9223372036807855807
0, 4693, 0, 9223372036854775807, 0, 9223372036807845807
0, 4694, 0, 9223372036854775807, 0, 9223372036807835807
0, 4695, 0, 9223372036854775807, 0, 9223372036807825807
0, 4696, 0, 9223372036854775807, 0, 9223372036807815807
0, 4697, 0, 9223372036854775807, 0, 9223372036807805807
0, 4698, 0, 9223372036854775807, 0, 9223372036807795807
0, 4699, 0, 9223372036854775807, 0, 9223372036807785807
0, 47, 0, 9223372036854775807, 0, 9223372036854305807
0, 470, 0, 9223372036854775807, 0, 9223372036850075807
0, 4700, 0, 9223372036854775807, 0, 9223372036807775807
0, 4701, 0, 9223372036854775807, 0, 9223372036807765807
0, 4702, 0, 9223372036854775807, 0, 9223372036807755807
0, 4703, 0, 9223372036854775807, 0, 9223372036807745807
0, 4704, 0, 9223372036854775807, 0, 9223372036807735807
0, 4705, 0, 9223372036854775807, 0, 9223372036807725807
0, 4706, 0, 9223372036854775807, 0, 9223372036807715807
0, 4707, 0, 9223372036854775807, 0, 9223372036807705807
0, 4708, 0, 9223372036854775807, 0, 9223372036807695807
0, 4709, 0, 9223372036854775807, 0, 9223372036807685807
0, 471, 0, 9223372036854775807, 0, 9223372036850065807
0, 4710, 0, 9223372036854775807, 0, 9223372036807675807
0, 4711, 0, 9223372036854775807, 0, 9223372036807665807
0, 4712, 0, 9223372036854775807, 0, 9223372036807655807
0, 4713, 0, 9223372036854775807, 0, 9223372036807645807
0, 4714, 0, 9223372036854775807, 0, 9223372036807635807
0, 4715, 0, 9223372036854775807, 0, 9223372036807625807
0, 4716, 0, 9223372036854775807, 0, 9223372036807615807
0, 4717, 0, 9223372036854775807, 0, 9223372036807605807
0, 4718, 0, 9223372036854775807, 0, 9223372036807595807
0, 4719, 0, 9223372036854775807, 0, 9223372036807585807
0, 472, 0, 9223372036854775807, 0, 9223372036850055807
0, 4720, 0, 9223372036854775807, 0, 9223372036807575807
0, 4721, 0, 9223372036854775807, 0, 9223372036807565807
0, 4722, 0, 9223372036854775807, 0, 9223372036807555807
0, 4723, 0, 9223372036854775807, 0, 9223372036807545807
0, 4724, 0, 9223372036854775807, 0, 9223372036807535807
0, 4725, 0, 9223372036854775807, 0, 9223372036807525807
0, 4726, 0, 9223372036854775807, 0, 9223372036807515807
0, 4727, 0, 9223372036854775807, 0, 9223372036807505807
0, 4728, 0, 9223372036854775807, 0, 9223372036807495807
0, 4729, 0, 9223372036854775807, 0, 9223372036807485807
0, 473, 0, 9223372036854775807, 0, 9223372036850045807
0, 4730, 0, 9223372036854775807, 0, 9223372036807475807
0, 4731, 0, 9223372036854775807, 0, 9223372036807465807
0, 4732, 0, 9223372036854775807, 0, 9223372036807455807
0, 4733, 0, 9223372036854775807, 0, 9223372036807445807
0, 4734, 0, 9223372036854775807, 0, 9223372036807435807
0, 4735, 0, 9223372036854775807, 0, 9223372036807425807
0, 4736, 0, 9223372036854775807, 0, 9223372036807415807
0, 4737, 0, 9223372036854775807, 0, 9223372036807405807
0, 4738, 0, 9223372036854775807, 0, 9223372036807395807
0, 4739, 0, 9223372036854775807, 0, 9223372036807385807
0, 474, 0, 9223372036854775807, 0, 9223372036850035807
0, 4740, 0, 9223372036854775807, 0, 9223372036807375807
0, 4741, 0, 9223372036854775807, 0, 9223372036807365807
0, 4742, 0, 9223372036854775807, 0, 9223372036807355807
0, 4743, 0, 9223372036854775807, 0, 9223372036807345807
0, 4744, 0, 9223372036854775807, 0, 9223372036807335807
0, 4745, 0, 9223372036854775807, 0, 9223372036807325807
0, 4746, 0, 9223372036854775807, 0, 9223372036807315807
0, 4747, 0, 9223372036854775807, 0, 9223372036807305807
0, 4748, 0, 9223372036854775807, 0, 9223372036807295807
0, 4749, 0, 9223372036854775807, 0, 9223372036807285807
0, 475, 0, 9223372036854775807, 0, 9223372036850025807
0, 4750, 0, 9223372036854775807, 0, 9223372036807275807
0, 4751, 0, 9223372036854775807, 0, 9223372036807265807
0, 4752, 0, 9223372036854775807, 0, 9223372036807255807
0, 4753, 0, 9223372036854775807, 0, 9223372036807245807
0, 4754, 0, 9223372036854775807, 0, 9223372036807235807
0, 4755, 0, 9223372036854775807, 0, 9223372036807225807
0, 4756, 0, 9223372036854775807, 0, 9223372036807215807
0, 4757, 0, 9223372036854775807, 0, 9223372036807205807
0, 4758, 0, 9223372036854775807, 0, 9223372036807195807
0, 4759, 0, 9223372036854775807, 0, 9223372036807185807
0, 476, 0, 9223372036854775807, 0, 9223372036850015807
0, 4760, 0, 9223372036854775807, 0, 9223372036807175807
0, 4761, 0, 9223372036854775807, 0, 9223372036807165807
0, 4762, 0, 9223372036854775807, 0, 9223372036807155807
0, 4763, 0, 9223372036854775807, 0, 9223372036807145807
0, 4764, 0, 9223372036854775807, 0, 9223372036807135807
0, 4765, 0, 9223372036854775807, 0, 9223372036807125807
0, 4766, 0, 9223372036854775807, 0, 9223372036807115807
0, 4767, 0, 9223372036854775807, 0, 9223372036807105807
0, 4768, 0, 9223372036854775807, 0, 9223372036807095807
0, 4769, 0, 9223372036854775807, 0, 9223372036807085807
0, 477, 0, 9223372036854775807, 0, 9223372036850005807
0, 4770, 0, 9223372036854775807, 0, 9223372036807075807
0, 4771, 0, 9223372036854775807, 0, 9223372036807065807
0, 4772, 0, 9223372036854775807, 0, 9223372036807055807
0, 4773, 0, 9223372036854775807, 0, 9223372036807045807
0, 4774, 0, 9223372036854775807, 0, 9223372036807035807
0, 4775, 0, 9223372036854775807, 0, 9223372036807025807
0, 4776, 0, 9223372036854775807, 0, 9223372036807015807
0, 4777, 0, 9223372036854775807, 0, 9223372036807005807
0, 4778, 0, 9223372036854775807, 0, 9223372036806995807
0, 4779, 0, 9223372036854775807, 0, 9223372036806985807
0, 478, 0, 9223372036854775807, 0, 9223372036849995807
0, 4780, 0, 9223372036854775807, 0, 9223372036806975807
0, 4781, 0, 9223372036854775807, 0, 9223372036806965807
0, 4782, 0, 9223372036854775807, 0, 9223372036806955807
0, 4783, 0, 9223372036854775807, 0, 9223372036806945807
0, 4784, 0, 9223372036854775807, 0, 9223372036806935807
0, 4785, 0, 9223372036854775807, 0, 9223372036806925807
0, 4786, 0, 9223372036854775807, 0, 9223372036806915807
0, 4787, 0, 9223372036854775807, 0, 9223372036806905807
0, 4788, 0, 9223372036854775807, 0, 9223372036806895807
0, 4789, 0, 9223372036854775807, 0, 9223372036806885807
0, 479, 0, 9223372036854775807, 0, 9223372036849985807
0, 4790, 0, 9223372036854775807, 0, 9223372036806875807
0, 4791, 0, 9223372036854775807, 0, 9223372036806865807
0, 4792, 0, 9223372036854775807, 0, 9223372036806855807
0, 4793, 0, 9223372036854775807, 0, 9223372036806845807
0, 4794, 0, 9223372036854775807, 0, 9223372036806835807
0, 4795, 0, 9223372036854775807, 0, 9223372036806825807
0, 4796, 0, 9223372036854775807, 0, 9223372036806815807
0, 4797, 0, 9223372036854775807, 0, 9223372036806805807
0, 4798, 0, 9223372036854775807, 0, 9223372036806795807
0, 4799, 0, 9223372036854775807, 0, 9223372036806785807
0, 48, 0, 9223372036854775807, 0, 9223372036854295807
0, 480, 0, 9223372036854775807, 0, 9223372036849975807
0, 4800, 0, 9223372036854775807, 0, 9223372036806775807
0, 4801, 0, 9223372036854775807, 0, 9223372036806765807
0, 4802, 0, 9223372036854775807, 0, 9223372036806755807
0, 4803, 0, 9223372036854775807, 0, 9223372036806745807
0, 4804, 0, 9223372036854775807, 0, 9223372036806735807
0, 4805, 0, 9223372036854775807, 0, 9223372036806725807
0, 4806, 0, 9223372036854775807, 0, 9223372036806715807
0, 4807, 0, 9223372036854775807, 0, 9223372036806705807
0, 4808, 0, 9223372036854775807, 0, 9223372036806695807
0, 4809, 0, 9223372036854775807, 0, 9223372036806685807
0, 481, 0, 9223372036854775807, 0, 9223372036849965807
0, 4810, 0, 9223372036854775807, 0, 9223372036806675807
0, 4811, 0, 9223372036854775807, 0, 9223372036806665807
0, 4812, 0, 9223372036854775807, 0, 9223372036806655807
0, 4813, 0, 9223372036854775807, 0, 9223372036806645807
0, 4814, 0, 9223372036854775807, 0, 9223372036806635807
0, 4815, 0, 9223372036854775807, 0, 9223372036806625807
0, 4816, 0, 9223372036854775807, 0, 9223372036806615807
0, 4817, 0, 9223372036854775807, 0, 9223372036806605807
0, 4818, 0, 9223372036854775807, 0, 9223372036806595807
0, 4819, 0, 9223372036854775807, 0, 9223372036806585807
0, 482, 0, 9223372036854775807, 0, 9223372036849955807
0, 4820, 0, 9223372036854775807, 0, 9223372036806575807
0, 4821, 0, 9223372036854775807, 0, 9223372036806565807
0, 4822, 0, 9223372036854775807, 0, 9223372036806555807
0, 4823, 0, 9223372036854775807, 0, 9223372036806545807
0, 4824, 0, 9223372036854775807, 0, 9223372036806535807
0, 4825, 0, 9223372036854775807, 0, 9223372036806525807
0, 4826, 0, 9223372036854775807, 0, 9223372036806515807
0, 4827, 0, 9223372036854775807, 0, 9223372036806505807
0, 4828, 0, 9223372036854775807, 0, 9223372036806495807
0, 4829, 0, 9223372036854775807, 0, 9223372036806485807
0, 483, 0, 9223372036854775807, 0, 9223372036849945807
0, 4830, 0, 9223372036854775807, 0, 9223372036806475807
0, 4831, 0, 9223372036854775807, 0, 9223372036806465807
0, 4832, 0, 9223372036854775807, 0, 9223372036806455807
0, 4833, 0, 9223372036854775807, 0, 9223372036806445807
0, 4834, 0, 9223372036854775807, 0, 9223372036806435807
0, 4835, 0, 9223372036854775807, 0, 9223372036806425807
0, 4836, 0, 9223372036854775807, 0, 9223372036806415807
0, 4837, 0, 9223372036854775807, 0, 9223372036806405807
0, 4838, 0, 9223372036854775807, 0, 9223372036806395807
0, 4839, 0, 9223372036854775807, 0, 9223372036806385807
0, 484, 0, 9223372036854775807, 0, 9223372036849935807
0, 4840, 0, 9223372036854775807, 0, 9223372036806375807
0, 4841, 0, 9223372036854775807, 0, 9223372036806365807
0, 4842, 0, 9223372036854775807, 0, 9223372036806355807
0, 4843, 0, 9223372036854775807, 0, 9223372036806345807
0, 4844, 0, 9223372036854775807, 0, 9223372036806335807
0, 4845, 0, 9223372036854775807, 0, 9223372036806325807
0, 4846, 0, 9223372036854775807, 0, 9223372036806315807
0, 4847, 0, 9223372036854775807, 0, 9223372036806305807
0, 4848, 0, 9223372036854775807, 0, 9223372036806295807
0, 4849, 0, 9223372036854775807, 0, 9223372036806285807
0, 485, 0, 9223372036854775807, 0, 9223372036849925807
0, 4850, 0, 9223372036854775807, 0, 9223372036806275807
0, 4851, 0, 9223372036854775807, 0, 9223372036806265807
0, 4852, 0, 9223372036854775807, 0, 9223372036806255807
0, 4853, 0, 9223372036854775807, 0, 9223372036806245807
0, 4854, 0, 9223372036854775807, 0, 9223372036806235807
0, 4855, 0, 9223372036854775807, 0, 9223372036806225807
0, 4856, 0, 9223372036854775807, 0, 9223372036806215807
0, 4857, 0, 9223372036854775807, 0, 9223372036806205807
0, 4858, 0, 9223372036854775807, 0, 9223372036806195807
0, 4859, 0, 9223372036854775807, 0, 9223372036806185807
0, 486, 0, 9223372036854775807, 0, 9223372036849915807
0, 4860, 0, 9223372036854775807, 0, 9223372036806175807
0, 4861, 0, 9223372036854775807, 0, 9223372036806165807
0, 4862, 0, 9223372036854775807, 0, 9223372036806155807
0, 4863, 0, 9223372036854775807, 0, 9223372036806145807
0, 4864, 0, 9223372036854775807, 0, 9223372036806135807
0, 4865, 0, 9223372036854775807, 0, 9223372036806125807
0, 4866, 0, 9223372036854775807, 0, 9223372036806115807
0, 4867, 0, 9223372036854775807, 0, 9223372036806105807
0, 4868, 0, 9223372036854775807, 0, 9223372036806095807
0, 4869, 0, 9223372036854775807, 0, 9223372036806085807
0, 487, 0, 9223372036854775807, 0, 9223372036849905807
0, 4870, 0, 9223372036854775807, 0, 9223372036806075807
0, 4871, 0, 9223372036854775807, 0, 9223372036806065807
0, 4872, 0, 9223372036854775807, 0, 9223372036806055807
0, 4873, 0, 9223372036854775807, 0, 9223372036806045807
0, 4874, 0, 9223372036854775807, 0, 9223372036806035807
0, 4875, 0, 9223372036854775807, 0, 9223372036806025807
0, 4876, 0, 9223372036854775807, 0, 9223372036806015807
0, 4877, 0, 9223372036854775807, 0, 9223372036806005807
0, 4878, 0, 9223372036854775807, 0, 9223372036805995807
0, 4879, 0, 9223372036854775807, 0, 9223372036805985807
0, 488, 0, 9223372036854775807, 0, 9223372036849895807
0, 4880, 0, 9223372036854775807, 0, 9223372036805975807
0, 4881, 0, 9223372036854775807, 0, 9223372036805965807
0, 4882, 0, 9223372036854775807, 0, 9223372036805955807
0, 4883, 0, 9223372036854775807, 0, 9223372036805945807
0, 4884, 0, 9223372036854775807, 0, 9223372036805935807
0, 4885, 0, 9223372036854775807, 0, 9223372036805925807
0, 4886, 0, 9223372036854775807, 0, 9223372036805915807
0, 4887, 0, 9223372036854775807, 0, 9223372036805905807
0, 4888, 0, 9223372036854775807, 0, 9223372036805895807
0, 4889, 0, 9223372036854775807, 0, 9223372036805885807
0, 489, 0, 9223372036854775807, 0, 9223372036849885807
0, 4890, 0, 9223372036854775807, 0, 9223372036805875807
0, 4891, 0, 9223372036854775807, 0, 9223372036805865807
0, 4892, 0, 9223372036854775807, 0, 9223372036805855807
0, 4893, 0, 9223372036854775807, 0, 9223372036805845807
0, 4894, 0, 9223372036854775807, 0, 9223372036805835807
0, 4895, 0, 9223372036854775807, 0, 9223372036805825807
0, 4896, 0, 9223372036854775807, 0, 9223372036805815807
0, 4897, 0, 9223372036854775807, 0, 9223372036805805807
0, 4898, 0, 9223372036854775807, 0, 9223372036805795807
0, 4899, 0, 9223372036854775807, 0, 9223372036805785807
0, 49, 0, 9223372036854775807, 0, 9223372036854285807
0, 490, 0, 9223372036854775807, 0, 9223372036849875807
0, 4900, 0, 9223372036854775807, 0, 9223372036805775807
0, 4901, 0, 9223372036854775807, 0, 9223372036805765807
0, 4902, 0, 9223372036854775807, 0, 9223372036805755807
0, 4903, 0, 9223372036854775807, 0, 9223372036805745807
0, 4904, 0, 9223372036854775807, 0, 9223372036805735807
0, 4905, 0, 9223372036854775807, 0, 9223372036805725807
0, 4906, 0, 9223372036854775807, 0, 9223372036805715807
0, 4907, 0, 9223372036854775807, 0, 9223372036805705807
0, 4908, 0, 9223372036854775807, 0, 9223372036805695807
0, 4909, 0, 9223372036854775807, 0, 9223372036805685807
0, 491, 0, 9223372036854775807, 0, 9223372036849865807
0, 4910, 0, 9223372036854775807, 0, 9223372036805675807
0, 4911, 0, 9223372036854775807, 0, 9223372036805665807
0, 4912, 0, 9223372036854775807, 0, 9223372036805655807
0, 4913, 0, 9223372036854775807, 0, 9223372036805645807
0, 4914, 0, 9223372036854775807, 0, 9223372036805635807
0, 4915, 0, 9223372036854775807, 0, 9223372036805625807
0, 4916, 0, 9223372036854775807, 0, 9223372036805615807
0, 4917, 0, 9223372036854775807, 0, 9223372036805605807
0, 4918, 0, 9223372036854775807, 0, 9223372036805595807
0, 4919, 0, 9223372036854775807, 0, 9223372036805585807
0, 492, 0, 9223372036854775807, 0, 9223372036849855807
0, 4920, 0, 9223372036854775807, 0, 9223372036805575807
0, 4921, 0, 9223372036854775807, 0, 9223372036805565807
0, 4922, 0, 9223372036854775807, 0, 9223372036805555807
0, 4923, 0, 9223372036854775807, 0, 9223372036805545807
0, 4924, 0, 9223372036854775807, 0, 9223372036805535807
0, 4925, 0, 9223372036854775807, 0, 9223372036805525807
0, 4926, 0, 9223372036854775807, 0, 9223372036805515807
0, 4927, 0, 9223372036854775807, 0, 9223372036805505807
0, 4928, 0, 9223372036854775807, 0, 9223372036805495807
0, 4929, 0, 9223372036854775807, 0, 9223372036805485807
0, 493, 0, 9223372036854775807, 0, 9223372036849845807
0, 4930, 0, 9223372036854775807, 0, 9223372036805475807
0, 4931, 0, 9223372036854775807, 0, 9223372036805465807
0, 4932, 0, 9223372036854775807, 0, 9223372036805455807
0, 4933, 0, 9223372036854775807, 0, 9223372036805445807
0, 4934, 0, 9223372036854775807, 0, 9223372036805435807
0, 4935, 0, 9223372036854775807, 0, 9223372036805425807
0, 4936, 0, 9223372036854775807, 0, 9223372036805415807
0, 4937, 0, 9223372036854775807, 0, 9223372036805405807
0, 4938, 0, 9223372036854775807, 0, 9223372036805395807
0, 4939, 0, 9223372036854775807, 0, 9223372036805385807
0, 494, 0, 9223372036854775807, 0, 9223372036849835807
0, 4940, 0, 9223372036854775807, 0, 9223372036805375807
0, 4941, 0, 9223372036854775807, 0, 9223372036805365807
0, 4942, 0, 9223372036854775807, 0, 9223372036805355807
0, 4943, 0, 9223372036854775807, 0, 9223372036805345807
0, 4944, 0, 9223372036854775807, 0, 9223372036805335807
0, 4945, 0, 9223372036854775807, 0, 9223372036805325807
0, 4946, 0, 9223372036854775807, 0, 9223372036805315807
0, 4947, 0, 9223372036854775807, 0, 9223372036805305807
0, 4948, 0, 9223372036854775807, 0, 9223372036805295807
0, 4949, 0, 9223372036854775807, 0, 9223372036805285807
0, 495, 0, 9223372036854775807, 0, 9223372036849825807
0, 4950, 0, 9223372036854775807, 0, 9223372036805275807
0, 4951, 0, 9223372036854775807, 0, 9223372036805265807
0, 4952, 0, 9223372036854775807, 0, 9223372036805255807
0, 4953, 0, 9223372036854775807, 0, 9223372036805245807
0, 4954, 0, 9223372036854775807, 0, 9223372036805235807
0, 4955, 0, 9223372036854775807, 0, 9223372036805225807
0, 4956, 0, 9223372036854775807, 0, 9223372036805215807
0, 4957, 0, 9223372036854775807, 0, 9223372036805205807
0, 4958, 0, 9223372036854775807, 0, 9223372036805195807
0, 4959, 0, 9223372036854775807, 0, 9223372036805185807
0, 496, 0, 9223372036854775807, 0, 9223372036849815807
0, 4960, 0, 9223372036854775807, 0, 9223372036805175807
0, 4961, 0, 9223372036854775807, 0, 9223372036805165807
0, 4962, 0, 9223372036854775807, 0, 9223372036805155807
0, 4963, 0, 9223372036854775807, 0, 9223372036805145807
0, 4964, 0, 9223372036854775807, 0, 9223372036805135807
0, 4965, 0, 9223372036854775807, 0, 9223372036805125807
0, 4966, 0, 9223372036854775807, 0, 9223372036805115807
0, 4967, 0, 9223372036854775807, 0, 9223372036805105807
0, 4968, 0, 9223372036854775807, 0, 9223372036805095807
0, 4969, 0, 9223372036854775807, 0, 9223372036805085807
0, 497, 0, 9223372036854775807, 0, 9223372036849805807
0, 4970, 0, 9223372036854775807, 0, 9223372036805075807
0, 4971, 0, 9223372036854775807, 0, 9223372036805065807
0, 4972, 0, 9223372036854775807, 0, 9223372036805055807
0, 4973, 0, 9223372036854775807, 0, 9223372036805045807
0, 4974, 0, 9223372036854775807, 0, 9223372036805035807
0, 4975, 0, 9223372036854775807, 0, 9223372036805025807
0, 4976, 0, 9223372036854775807, 0, 9223372036805015807
0, 4977, 0, 9223372036854775807, 0, 9223372036805005807
0, 4978, 0, 9223372036854775807, 0, 9223372036804995807
0, 4979, 0, 9223372036854775807, 0, 9223372036804985807
0, 498, 0, 9223372036854775807, 0, 9223372036849795807
0, 4980, 0, 9223372036854775807, 0, 9223372036804975807
0, 4981, 0, 9223372036854775807, 0, 9223372036804965807
0, 4982, 0, 9223372036854775807, 0, 9223372036804955807
0, 4983, 0, 9223372036854775807, 0, 9223372036804945807
0, 4984, 0, 9223372036854775807, 0, 9223372036804935807
0, 4985, 0, 9223372036854775807, 0, 9223372036804925807
0, 4986, 0, 9223372036854775807, 0, 9223372036804915807
0, 4987, 0, 9223372036854775807, 0, 9223372036804905807
0, 4988, 0, 9223372036854775807, 0, 9223372036804895807
0, 4989, 0, 9223372036854775807, 0, 9223372036804885807
0, 499, 0, 9223372036854775807, 0, 9223372036849785807
0, 4990, 0, 9223372036854775807, 0, 9223372036804875807
0, 4991, 0, 9223372036854775807, 0, 9223372036804865807
0, 4992, 0, 9223372036854775807, 0, 9223372036804855807
0, 4993, 0, 9223372036854775807, 0, 9223372036804845807
0, 4994, 0, 9223372036854775807, 0, 9223372036804835807
0, 4995, 0, 9223372036854775807, 0, 9223372036804825807
0, 4996, 0, 9223372036854775807, 0, 9223372036804815807
0, 4997, 0, 9223372036854775807, 0, 9223372036804805807
0, 4998, 0, 9223372036854775807, 0, 9223372036804795807
0, 4999, 0, 9223372036854775807, 0, 9223372036804785807
0, 5, 0, 9223372036854775807, 0, 9223372036854725807
0, 50, 0, 9223372036854775807, 0, 9223372036854275807
0, 500, 0, 9223372036854775807, 0, 9223372036849775807
0, 5000, 0, 9223372036854775807, 0, 9223372036804775807
0, 5001, 0, 9223372036854775807, 0, 9223372036804765807
0, 5002, 0, 9223372036854775807, 0, 9223372036804755807
0, 5003, 0, 9223372036854775807, 0, 9223372036804745807
0, 5004, 0, 9223372036854775807, 0, 9223372036804735807
0, 5005, 0, 9223372036854775807, 0, 9223372036804725807
0, 5006, 0, 9223372036854775807, 0, 9223372036804715807
0, 5007, 0, 9223372036854775807, 0, 9223372036804705807
0, 5008, 0, 9223372036854775807, 0, 9223372036804695807
0, 5009, 0, 9223372036854775807, 0, 9223372036804685807
0, 501, 0, 9223372036854775807, 0, 9223372036849765807
0, 5010, 0, 9223372036854775807, 0, 9223372036804675807
0, 5011, 0, 9223372036854775807, 0, 9223372036804665807
0, 5012, 0, 9223372036854775807, 0, 9223372036804655807
0, 5013, 0, 9223372036854775807, 0, 9223372036804645807
0, 5014, 0, 9223372036854775807, 0, 9223372036804635807
0, 5015, 0, 9223372036854775807, 0, 9223372036804625807
0, 5016, 0, 9223372036854775807, 0, 9223372036804615807
0, 5017, 0, 9223372036854775807, 0, 9223372036804605807
0, 5018, 0, 9223372036854775807, 0, 9223372036804595807
0, 5019, 0, 9223372036854775807, 0, 9223372036804585807
0, 502, 0, 9223372036854775807, 0, 9223372036849755807
0, 5020, 0, 9223372036854775807, 0, 9223372036804575807
0, 5021, 0, 9223372036854775807, 0, 9223372036804565807
0, 5022, 0, 9223372036854775807, 0, 9223372036804555807
0, 5023, 0, 9223372036854775807, 0, 9223372036804545807
0, 5024, 0, 9223372036854775807, 0, 9223372036804535807
0, 5025, 0, 9223372036854775807, 0, 9223372036804525807
0, 5026, 0, 9223372036854775807, 0, 9223372036804515807
0, 5027, 0, 9223372036854775807, 0, 9223372036804505807
0, 5028, 0, 9223372036854775807, 0, 9223372036804495807
0, 5029, 0, 9223372036854775807, 0, 9223372036804485807
0, 503, 0, 9223372036854775807, 0, 9223372036849745807
0, 5030, 0, 9223372036854775807, 0, 9223372036804475807
0, 5031, 0, 9223372036854775807, 0, 9223372036804465807
0, 5032, 0, 9223372036854775807, 0, 9223372036804455807
0, 5033, 0, 9223372036854775807, 0, 9223372036804445807
0, 5034, 0, 9223372036854775807, 0, 9223372036804435807
0, 5035, 0, 9223372036854775807, 0, 9223372036804425807
0, 5036, 0, 9223372036854775807, 0, 9223372036804415807
0, 5037, 0, 9223372036854775807, 0, 9223372036804405807
0, 5038, 0, 9223372036854775807, 0, 9223372036804395807
0, 5039, 0, 9223372036854775807, 0, 9223372036804385807
0, 504, 0, 9223372036854775807, 0, 9223372036849735807
0, 5040, 0, 9223372036854775807, 0, 9223372036804375807
0, 5041, 0, 9223372036854775807, 0, 9223372036804365807
0, 5042, 0, 9223372036854775807, 0, 9223372036804355807
0, 5043, 0, 9223372036854775807, 0, 9223372036804345807
0, 5044, 0, 9223372036854775807, 0, 9223372036804335807
0, 5045, 0, 9223372036854775807, 0, 9223372036804325807
0, 5046, 0, 9223372036854775807, 0, 9223372036804315807
0, 5047, 0, 9223372036854775807, 0, 9223372036804305807
0, 5048, 0, 9223372036854775807, 0, 9223372036804295807
0, 5049, 0, 9223372036854775807, 0, 9223372036804285807
0, 505, 0, 9223372036854775807, 0, 9223372036849725807
0, 5050, 0, 9223372036854775807, 0, 9223372036804275807
0, 5051, 0, 9223372036854775807, 0, 9223372036804265807
0, 5052, 0, 9223372036854775807, 0, 9223372036804255807
0, 5053, 0, 9223372036854775807, 0, 9223372036804245807
0, 5054, 0, 9223372036854775807, 0, 9223372036804235807
0, 5055, 0, 9223372036854775807, 0, 9223372036804225807
0, 5056, 0, 9223372036854775807, 0, 9223372036804215807
0, 5057, 0, 9223372036854775807, 0, 9223372036804205807
0, 5058, 0, 9223372036854775807, 0, 9223372036804195807
0, 5059, 0, 9223372036854775807, 0, 9223372036804185807
0, 506, 0, 9223372036854775807, 0, 9223372036849715807
0, 5060, 0, 9223372036854775807, 0, 9223372036804175807
0, 5061, 0, 9223372036854775807, 0, 9223372036804165807
0, 5062, 0, 9223372036854775807, 0, 9223372036804155807
0, 5063, 0, 9223372036854775807, 0, 9223372036804145807
0, 5064, 0, 9223372036854775807, 0, 9223372036804135807
0, 5065, 0, 9223372036854775807, 0, 9223372036804125807
0, 5066, 0, 9223372036854775807, 0, 9223372036804115807
0, 5067, 0, 9223372036854775807, 0, 9223372036804105807
0, 5068, 0, 9223372036854775807, 0, 9223372036804095807
0, 5069, 0, 9223372036854775807, 0, 9223372036804085807
0, 507, 0, 9223372036854775807, 0, 9223372036849705807
0, 5070, 0, 9223372036854775807, 0, 9223372036804075807
0, 5071, 0, 9223372036854775807, 0, 9223372036804065807
0, 5072, 0, 9223372036854775807, 0, 9223372036804055807
0, 5073, 0, 9223372036854775807, 0, 9223372036804045807
0, 5074, 0, 9223372036854775807, 0, 9223372036804035807
0, 5075, 0, 9223372036854775807, 0, 9223372036804025807
0, 5076, 0, 9223372036854775807, 0, 9223372036804015807
0, 5077, 0, 9223372036854775807, 0, 9223372036804005807
0, 5078, 0, 9223372036854775807, 0, 9223372036803995807
0, 5079, 0, 9223372036854775807, 0, 9223372036803985807
0, 508, 0, 9223372036854775807, 0, 9223372036849695807
0, 5080, 0, 9223372036854775807, 0, 9223372036803975807
0, 5081, 0, 9223372036854775807, 0, 9223372036803965807
0, 5082, 0, 9223372036854775807, 0, 9223372036803955807
0, 5083, 0, 9223372036854775807, 0, 9223372036803945807
0, 5084, 0, 9223372036854775807, 0, 9223372036803935807
0, 5085, 0, 9223372036854775807, 0, 9223372036803925807
0, 5086, 0, 9223372036854775807, 0, 9223372036803915807
0, 5087, 0, 9223372036854775807, 0, 9223372036803905807
0, 5088, 0, 9223372036854775807, 0, 9223372036803895807
0, 5089, 0, 9223372036854775807, 0, 9223372036803885807
0, 509, 0, 9223372036854775807, 0, 9223372036849685807
0, 5090, 0, 9223372036854775807, 0, 9223372036803875807
0, 5091, 0, 9223372036854775807, 0, 9223372036803865807
0, 5092, 0, 9223372036854775807, 0, 9223372036803855807
0, 5093, 0, 9223372036854775807, 0, 9223372036803845807
0, 5094, 0, 9223372036854775807, 0, 9223372036803835807
0, 5095, 0, 9223372036854775807, 0, 9223372036803825807
0, 5096, 0, 9223372036854775807, 0, 9223372036803815807
0, 5097, 0, 9223372036854775807, 0, 9223372036803805807
0, 5098, 0, 9223372036854775807, 0, 9223372036803795807
0, 5099, 0, 9223372036854775807, 0, 9223372036803785807
0, 51, 0, 9223372036854775807, 0, 9223372036854265807
0, 510, 0, 9223372036854775807, 0, 9223372036849675807
0, 5100, 0, 9223372036854775807, 0, 9223372036803775807
0, 5101, 0, 9223372036854775807, 0, 9223372036803765807
0, 5102, 0, 9223372036854775807, 0, 9223372036803755807
0, 5103, 0, 9223372036854775807, 0, 9223372036803745807
0, 5104, 0, 9223372036854775807, 0, 9223372036803735807
0, 5105, 0, 9223372036854775807, 0, 9223372036803725807
0, 5106, 0, 9223372036854775807, 0, 9223372036803715807
0, 5107, 0, 9223372036854775807, 0, 9223372036803705807
0, 5108, 0, 9223372036854775807, 0, 9223372036803695807
0, 5109, 0, 9223372036854775807, 0, 9223372036803685807
0, 511, 0, 9223372036854775807, 0, 9223372036849665807
0, 5110, 0, 9223372036854775807, 0, 9223372036803675807
0, 5111, 0, 9223372036854775807, 0, 9223372036803665807
0, 5112, 0, 9223372036854775807, 0, 9223372036803655807
0, 5113, 0, 9223372036854775807, 0, 9223372036803645807
0, 5114, 0, 9223372036854775807, 0, 9223372036803635807
0, 5115, 0, 9223372036854775807, 0, 9223372036803625807
0, 5116, 0, 9223372036854775807, 0, 9223372036803615807
0, 5117, 0, 9223372036854775807, 0, 9223372036803605807
0, 5118, 0, 9223372036854775807, 0, 9223372036803595807
0, 5119, 0, 9223372036854775807, 0, 9223372036803585807
0, 512, 0, 9223372036854775807, 0, 9223372036849655807
0, 5120, 0, 9223372036854775807, 0, 9223372036803575807
0, 5121, 0, 9223372036854775807, 0, 9223372036803565807
0, 5122, 0, 9223372036854775807, 0, 9223372036803555807
0, 5123, 0, 9223372036854775807, 0, 9223372036803545807
0, 5124, 0, 9223372036854775807, 0, 9223372036803535807
0, 5125, 0, 9223372036854775807, 0, 9223372036803525807
0, 5126, 0, 9223372036854775807, 0, 9223372036803515807
0, 5127, 0, 9223372036854775807, 0, 9223372036803505807
0, 5128, 0, 9223372036854775807, 0, 9223372036803495807
0, 5129, 0, 9223372036854775807, 0, 9223372036803485807
0, 513, 0, 9223372036854775807, 0, 9223372036849645807
0, 5130, 0, 9223372036854775807, 0, 9223372036803475807
0, 5131, 0, 9223372036854775807, 0, 9223372036803465807
0, 5132, 0, 9223372036854775807, 0, 9223372036803455807
0, 5133, 0, 9223372036854775807, 0, 9223372036803445807
0, 5134, 0, 9223372036854775807, 0, 9223372036803435807
0, 5135, 0, 9223372036854775807, 0, 9223372036803425807
0, 5136, 0, 9223372036854775807, 0, 9223372036803415807
0, 5137, 0, 9223372036854775807, 0, 9223372036803405807
0, 5138, 0, 9223372036854775807, 0, 9223372036803395807
0, 5139, 0, 9223372036854775807, 0, 9223372036803385807
0, 514, 0, 9223372036854775807, 0, 9223372036849635807
0, 5140, 0, 9223372036854775807, 0, 9223372036803375807
0, 5141, 0, 9223372036854775807, 0, 9223372036803365807
0, 5142, 0, 9223372036854775807, 0, 9223372036803355807
0, 5143, 0, 9223372036854775807, 0, 9223372036803345807
0, 5144, 0, 9223372036854775807, 0, 9223372036803335807
0, 5145, 0, 9223372036854775807, 0, 9223372036803325807
0, 5146, 0, 9223372036854775807, 0, 9223372036803315807
0, 5147, 0, 9223372036854775807, 0, 9223372036803305807
0, 5148, 0, 9223372036854775807, 0, 9223372036803295807
0, 5149, 0, 9223372036854775807, 0, 9223372036803285807
0, 515, 0, 9223372036854775807, 0, 9223372036849625807
0, 5150, 0, 9223372036854775807, 0, 9223372036803275807
0, 5151, 0, 9223372036854775807, 0, 9223372036803265807
0, 5152, 0, 9223372036854775807, 0, 9223372036803255807
0, 5153, 0, 9223372036854775807, 0, 9223372036803245807
0, 5154, 0, 9223372036854775807, 0, 9223372036803235807
0, 5155, 0, 9223372036854775807, 0, 9223372036803225807
0, 5156, 0, 9223372036854775807, 0, 9223372036803215807
0, 5157, 0, 9223372036854775807, 0, 9223372036803205807
0, 5158, 0, 9223372036854775807, 0, 9223372036803195807
0, 5159, 0, 9223372036854775807, 0, 9223372036803185807
0, 516, 0, 9223372036854775807, 0, 9223372036849615807
0, 5160, 0, 9223372036854775807, 0, 9223372036803175807
0, 5161, 0, 9223372036854775807, 0, 9223372036803165807
0, 5162, 0, 9223372036854775807, 0, 9223372036803155807
0, 5163, 0, 9223372036854775807, 0, 9223372036803145807
0, 5164, 0, 9223372036854775807, 0, 9223372036803135807
0, 5165, 0, 9223372036854775807, 0, 9223372036803125807
0, 5166, 0, 9223372036854775807, 0, 9223372036803115807
0, 5167, 0, 9223372036854775807, 0, 9223372036803105807
0, 5168, 0, 9223372036854775807, 0, 9223372036803095807
0, 5169, 0, 9223372036854775807, 0, 9223372036803085807
0, 517, 0, 9223372036854775807, 0, 9223372036849605807
0, 5170, 0, 9223372036854775807, 0, 9223372036803075807
0, 5171, 0, 9223372036854775807, 0, 9223372036803065807
0, 5172, 0, 9223372036854775807, 0, 9223372036803055807
0, 5173, 0, 9223372036854775807, 0, 9223372036803045807
0, 5174, 0, 9223372036854775807, 0, 9223372036803035807
0, 5175, 0, 9223372036854775807, 0, 9223372036803025807
0, 5176, 0, 9223372036854775807, 0, 9223372036803015807
0, 5177, 0, 9223372036854775807, 0, 9223372036803005807
0, 5178, 0, 9223372036854775807, 0, 9223372036802995807
0, 5179, 0, 9223372036854775807, 0, 9223372036802985807
0, 518, 0, 9223372036854775807, 0, 9223372036849595807
0, 5180, 0, 9223372036854775807, 0, 9223372036802975807
0, 5181, 0, 9223372036854775807, 0, 9223372036802965807
0, 5182, 0, 9223372036854775807, 0, 9223372036802955807
0, 5183, 0, 9223372036854775807, 0, 9223372036802945807
0, 5184, 0, 9223372036854775807, 0, 9223372036802935807
0, 5185, 0, 9223372036854775807, 0, 9223372036802925807
0, 5186, 0, 9223372036854775807, 0, 9223372036802915807
0, 5187, 0, 9223372036854775807, 0, 9223372036802905807
0, 5188, 0, 9223372036854775807, 0, 9223372036802895807
0, 5189, 0, 9223372036854775807, 0, 9223372036802885807
0, 519, 0, 9223372036854775807, 0, 9223372036849585807
0, 5190, 0, 9223372036854775807, 0, 9223372036802875807
0, 5191, 0, 9223372036854775807, 0, 9223372036802865807
0, 5192, 0, 9223372036854775807, 0, 9223372036802855807
0, 5193, 0, 9223372036854775807, 0, 9223372036802845807
0, 5194, 0, 9223372036854775807, 0, 9223372036802835807
0, 5195, 0, 9223372036854775807, 0, 9223372036802825807
0, 5196, 0, 9223372036854775807, 0, 9223372036802815807
0, 5197, 0, 9223372036854775807, 0, 9223372036802805807
0, 5198, 0, 9223372036854775807, 0, 9223372036802795807
0, 5199, 0, 9223372036854775807, 0, 9223372036802785807
0, 52, 0, 9223372036854775807, 0, 9223372036854255807
0, 520, 0, 9223372036854775807, 0, 9223372036849575807
0, 5200, 0, 9223372036854775807, 0, 9223372036802775807
0, 5201, 0, 9223372036854775807, 0, 9223372036802765807
0, 5202, 0, 9223372036854775807, 0, 9223372036802755807
0, 5203, 0, 9223372036854775807, 0, 9223372036802745807
0, 5204, 0, 9223372036854775807, 0, 9223372036802735807
0, 5205, 0, 9223372036854775807, 0, 9223372036802725807
0, 5206, 0, 9223372036854775807, 0, 9223372036802715807
0, 5207, 0, 9223372036854775807, 0, 9223372036802705807
0, 5208, 0, 9223372036854775807, 0, 9223372036802695807
0, 5209, 0, 9223372036854775807, 0, 9223372036802685807
0, 521, 0, 9223372036854775807, 0, 9223372036849565807
0, 5210, 0, 9223372036854775807, 0, 9223372036802675807
0, 5211, 0, 9223372036854775807, 0, 9223372036802665807
0, 5212, 0, 9223372036854775807, 0, 9223372036802655807
0, 5213, 0, 9223372036854775807, 0, 9223372036802645807
0, 5214, 0, 9223372036854775807, 0, 9223372036802635807
0, 5215, 0, 9223372036854775807, 0, 9223372036802625807
0, 5216, 0, 9223372036854775807, 0, 9223372036802615807
0, 5217, 0, 9223372036854775807, 0, 9223372036802605807
0, 5218, 0, 9223372036854775807, 0, 9223372036802595807
0, 5219, 0, 9223372036854775807, 0, 9223372036802585807
0, 522, 0, 9223372036854775807, 0, 9223372036849555807
0, 5220, 0, 9223372036854775807, 0, 9223372036802575807
0, 5221, 0, 9223372036854775807, 0, 9223372036802565807
0, 5222, 0, 9223372036854775807, 0, 9223372036802555807
0, 5223, 0, 9223372036854775807, 0, 9223372036802545807
0, 5224, 0, 9223372036854775807, 0, 9223372036802535807
0, 5225, 0, 9223372036854775807, 0, 9223372036802525807
0, 5226, 0, 9223372036854775807, 0, 9223372036802515807
0, 5227, 0, 9223372036854775807, 0, 9223372036802505807
0, 5228, 0, 9223372036854775807, 0, 9223372036802495807
0, 5229, 0, 9223372036854775807, 0, 9223372036802485807
0, 523, 0, 9223372036854775807, 0, 9223372036849545807
0, 5230, 0, 9223372036854775807, 0, 9223372036802475807
0, 5231, 0, 9223372036854775807, 0, 9223372036802465807
0, 5232, 0, 9223372036854775807, 0, 9223372036802455807
0, 5233, 0, 9223372036854775807, 0, 9223372036802445807
0, 5234, 0, 9223372036854775807, 0, 9223372036802435807
0, 5235, 0, 9223372036854775807, 0, 9223372036802425807
0, 5236, 0, 9223372036854775807, 0, 9223372036802415807
0, 5237, 0, 9223372036854775807, 0, 9223372036802405807
0, 5238, 0, 9223372036854775807, 0, 9223372036802395807
0, 5239, 0, 9223372036854775807, 0, 9223372036802385807
0, 524, 0, 9223372036854775807, 0, 9223372036849535807
0, 5240, 0, 9223372036854775807, 0, 9223372036802375807
0, 5241, 0, 9223372036854775807, 0, 9223372036802365807
0, 5242, 0, 9223372036854775807, 0, 9223372036802355807
0, 5243, 0, 9223372036854775807, 0, 9223372036802345807
0, 5244, 0, 9223372036854775807, 0, 9223372036802335807
0, 5245, 0, 9223372036854775807, 0, 9223372036802325807
0, 5246, 0, 9223372036854775807, 0, 9223372036802315807
0, 5247, 0, 9223372036854775807, 0, 9223372036802305807
0, 5248, 0, 9223372036854775807, 0, 9223372036802295807
0, 5249, 0, 9223372036854775807, 0, 9223372036802285807
0, 525, 0, 9223372036854775807, 0, 9223372036849525807
0, 5250, 0, 9223372036854775807, 0, 9223372036802275807
0, 5251, 0, 9223372036854775807, 0, 9223372036802265807
0, 5252, 0, 9223372036854775807, 0, 9223372036802255807
0, 5253, 0, 9223372036854775807, 0, 9223372036802245807
0, 5254, 0, 9223372036854775807, 0, 9223372036802235807
0, 5255, 0, 9223372036854775807, 0, 9223372036802225807
0, 5256, 0, 9223372036854775807, 0, 9223372036802215807
0, 5257, 0, 9223372036854775807, 0, 9223372036802205807
0, 5258, 0, 9223372036854775807, 0, 9223372036802195807
0, 5259, 0, 9223372036854775807, 0, 9223372036802185807
0, 526, 0, 9223372036854775807, 0, 9223372036849515807
0, 5260, 0, 9223372036854775807, 0, 9223372036802175807
0, 5261, 0, 9223372036854775807, 0, 9223372036802165807
0, 5262, 0, 9223372036854775807, 0, 9223372036802155807
0, 5263, 0, 9223372036854775807, 0, 9223372036802145807
0, 5264, 0, 9223372036854775807, 0, 9223372036802135807
0, 5265, 0, 9223372036854775807, 0, 9223372036802125807
0, 5266, 0, 9223372036854775807, 0, 9223372036802115807
0, 5267, 0, 9223372036854775807, 0, 9223372036802105807
0, 5268, 0, 9223372036854775807, 0, 9223372036802095807
0, 5269, 0, 9223372036854775807, 0, 9223372036802085807
0, 527, 0, 9223372036854775807, 0, 9223372036849505807
0, 5270, 0, 9223372036854775807, 0, 9223372036802075807
0, 5271, 0, 9223372036854775807, 0, 9223372036802065807
0, 5272, 0, 9223372036854775807, 0, 9223372036802055807
0, 5273, 0, 9223372036854775807, 0, 9223372036802045807
0, 5274, 0, 9223372036854775807, 0, 9223372036802035807
0, 5275, 0, 9223372036854775807, 0, 9223372036802025807
0, 5276, 0, 9223372036854775807, 0, 9223372036802015807
0, 5277, 0, 9223372036854775807, 0, 9223372036802005807
0, 5278, 0, 9223372036854775807, 0, 9223372036801995807
0, 5279, 0, 9223372036854775807, 0, 9223372036801985807
0, 528, 0, 9223372036854775807, 0, 9223372036849495807
0, 5280, 0, 9223372036854775807, 0, 9223372036801975807
0, 5281, 0, 9223372036854775807, 0, 9223372036801965807
0, 5282, 0, 9223372036854775807, 0, 9223372036801955807
0, 5283, 0, 9223372036854775807, 0, 9223372036801945807
0, 5284, 0, 9223372036854775807, 0, 9223372036801935807
0, 5285, 0, 9223372036854775807, 0, 9223372036801925807
0, 5286, 0, 9223372036854775807, 0, 9223372036801915807
0, 5287, 0, 9223372036854775807, 0, 9223372036801905807
0, 5288, 0, 9223372036854775807, 0, 9223372036801895807
0, 5289, 0, 9223372036854775807, 0, 9223372036801885807
0, 529, 0, 9223372036854775807, 0, 9223372036849485807
0, 5290, 0, 9223372036854775807, 0, 9223372036801875807
0, 5291, 0, 9223372036854775807, 0, 9223372036801865807
0, 5292, 0, 9223372036854775807, 0, 9223372036801855807
0, 5293, 0, 9223372036854775807, 0, 9223372036801845807
0, 5294, 0, 9223372036854775807, 0, 9223372036801835807
0, 5295, 0, 9223372036854775807, 0, 9223372036801825807
0, 5296, 0, 9223372036854775807, 0, 9223372036801815807
0, 5297, 0, 9223372036854775807, 0, 9223372036801805807
0, 5298, 0, 9223372036854775807, 0, 9223372036801795807
0, 5299, 0, 9223372036854775807, 0, 9223372036801785807
0, 53, 0, 9223372036854775807, 0, 9223372036854245807
0, 530, 0, 9223372036854775807, 0, 9223372036849475807
0, 5300, 0, 9223372036854775807, 0, 9223372036801775807
0, 5301, 0, 9223372036854775807, 0, 9223372036801765807
0, 5302, 0, 9223372036854775807, 0, 9223372036801755807
0, 5303, 0, 9223372036854775807, 0, 9223372036801745807
0, 5304, 0, 9223372036854775807, 0, 9223372036801735807
0, 5305, 0, 9223372036854775807, 0, 9223372036801725807
0, 5306, 0, 9223372036854775807, 0, 9223372036801715807
0, 5307, 0, 9223372036854775807, 0, 9223372036801705807
0, 5308, 0, 9223372036854775807, 0, 9223372036801695807
0, 5309, 0, 9223372036854775807, 0, 9223372036801685807
0, 531, 0, 9223372036854775807, 0, 9223372036849465807
0, 5310, 0, 9223372036854775807, 0, 9223372036801675807
0, 5311, 0, 9223372036854775807, 0, 9223372036801665807
0, 5312, 0, 9223372036854775807, 0, 9223372036801655807
0, 5313, 0, 9223372036854775807, 0, 9223372036801645807
0, 5314, 0, 9223372036854775807, 0, 9223372036801635807
0, 5315, 0, 9223372036854775807, 0, 9223372036801625807
0, 5316, 0, 9223372036854775807, 0, 9223372036801615807
0, 5317, 0, 9223372036854775807, 0, 9223372036801605807
0, 5318, 0, 9223372036854775807, 0, 9223372036801595807
0, 5319, 0, 9223372036854775807, 0, 9223372036801585807
0, 532, 0, 9223372036854775807, 0, 9223372036849455807
0, 5320, 0, 9223372036854775807, 0, 9223372036801575807
0, 5321, 0, 9223372036854775807, 0, 9223372036801565807
0, 5322, 0, 9223372036854775807, 0, 9223372036801555807
0, 5323, 0, 9223372036854775807, 0, 9223372036801545807
0, 5324, 0, 9223372036854775807, 0, 9223372036801535807
0, 5325, 0, 9223372036854775807, 0, 9223372036801525807
0, 5326, 0, 9223372036854775807, 0, 9223372036801515807
0, 5327, 0, 9223372036854775807, 0, 9223372036801505807
0, 5328, 0, 9223372036854775807, 0, 9223372036801495807
0, 5329, 0, 9223372036854775807, 0, 9223372036801485807
0, 533, 0, 9223372036854775807, 0, 9223372036849445807
0, 5330, 0, 9223372036854775807, 0, 9223372036801475807
0, 5331, 0, 9223372036854775807, 0, 9223372036801465807
0, 5332, 0, 9223372036854775807, 0, 9223372036801455807
0, 5333, 0, 9223372036854775807, 0, 9223372036801445807
0, 5334, 0, 9223372036854775807, 0, 9223372036801435807
0, 5335, 0, 9223372036854775807, 0, 9223372036801425807
0, 5336, 0, 9223372036854775807, 0, 9223372036801415807
0, 5337, 0, 9223372036854775807, 0, 9223372036801405807
0, 5338, 0, 9223372036854775807, 0, 9223372036801395807
0, 5339, 0, 9223372036854775807, 0, 9223372036801385807
0, 534, 0, 9223372036854775807, 0, 9223372036849435807
0, 5340, 0, 9223372036854775807, 0, 9223372036801375807
0, 5341, 0, 9223372036854775807, 0, 9223372036801365807
0, 5342, 0, 9223372036854775807, 0, 9223372036801355807
0, 5343, 0, 9223372036854775807, 0, 9223372036801345807
0, 5344, 0, 9223372036854775807, 0, 9223372036801335807
0, 5345, 0, 9223372036854775807, 0, 9223372036801325807
0, 5346, 0, 9223372036854775807, 0, 9223372036801315807
0, 5347, 0, 9223372036854775807, 0, 9223372036801305807
0, 5348, 0, 9223372036854775807, 0, 9223372036801295807
0, 5349, 0, 9223372036854775807, 0, 9223372036801285807
0, 535, 0, 9223372036854775807, 0, 9223372036849425807
0, 5350, 0, 9223372036854775807, 0, 9223372036801275807
0, 5351, 0, 9223372036854775807, 0, 9223372036801265807
0, 5352, 0, 9223372036854775807, 0, 9223372036801255807
0, 5353, 0, 9223372036854775807, 0, 9223372036801245807
0, 5354, 0, 9223372036854775807, 0, 9223372036801235807
0, 5355, 0, 9223372036854775807, 0, 9223372036801225807
0, 5356, 0, 9223372036854775807, 0, 9223372036801215807
0, 5357, 0, 9223372036854775807, 0, 9223372036801205807
0, 5358, 0, 9223372036854775807, 0, 9223372036801195807
0, 5359, 0, 9223372036854775807, 0, 9223372036801185807
0, 536, 0, 9223372036854775807, 0, 9223372036849415807
0, 5360, 0, 9223372036854775807, 0, 9223372036801175807
0, 5361, 0, 9223372036854775807, 0, 9223372036801165807
0, 5362, 0, 9223372036854775807, 0, 9223372036801155807
0, 5363, 0, 9223372036854775807, 0, 9223372036801145807
0, 5364, 0, 9223372036854775807, 0, 9223372036801135807
0, 5365, 0, 9223372036854775807, 0, 9223372036801125807
0, 5366, 0, 9223372036854775807, 0, 9223372036801115807
0, 5367, 0, 9223372036854775807, 0, 9223372036801105807
0, 5368, 0, 9223372036854775807, 0, 9223372036801095807
0, 5369, 0, 9223372036854775807, 0, 9223372036801085807
0, 537, 0, 9223372036854775807, 0, 9223372036849405807
0, 5370, 0, 9223372036854775807, 0, 9223372036801075807
0, 5371, 0, 9223372036854775807, 0, 9223372036801065807
0, 5372, 0, 9223372036854775807, 0, 9223372036801055807
0, 5373, 0, 9223372036854775807, 0, 9223372036801045807
0, 5374, 0, 9223372036854775807, 0, 9223372036801035807
0, 5375, 0, 9223372036854775807, 0, 9223372036801025807
0, 5376, 0, 9223372036854775807, 0, 9223372036801015807
0, 5377, 0, 9223372036854775807, 0, 9223372036801005807
0, 5378, 0, 9223372036854775807, 0, 9223372036800995807
0, 5379, 0, 9223372036854775807, 0, 9223372036800985807
0, 538, 0, 9223372036854775807, 0, 9223372036849395807
0, 5380, 0, 9223372036854775807, 0, 9223372036800975807
0, 5381, 0, 9223372036854775807, 0, 9223372036800965807
0, 5382, 0, 9223372036854775807, 0, 9223372036800955807
0, 5383, 0, 9223372036854775807, 0, 9223372036800945807
0, 5384, 0, 9223372036854775807, 0, 9223372036800935807
0, 5385, 0, 9223372036854775807, 0, 9223372036800925807
0, 5386, 0, 9223372036854775807, 0, 9223372036800915807
0, 5387, 0, 9223372036854775807, 0, 9223372036800905807
0, 5388, 0, 9223372036854775807, 0, 9223372036800895807
0, 5389, 0, 9223372036854775807, 0, 9223372036800885807
0, 539, 0, 9223372036854775807, 0, 9223372036849385807
0, 5390, 0, 9223372036854775807, 0, 9223372036800875807
0, 5391, 0, 9223372036854775807, 0, 9223372036800865807
0, 5392, 0, 9223372036854775807, 0, 9223372036800855807
0, 5393, 0, 9223372036854775807, 0, 9223372036800845807
0, 5394, 0, 9223372036854775807, 0, 9223372036800835807
0, 5395, 0, 9223372036854775807, 0, 9223372036800825807
0, 5396, 0, 9223372036854775807, 0, 9223372036800815807
0, 5397, 0, 9223372036854775807, 0, 9223372036800805807
0, 5398, 0, 9223372036854775807, 0, 9223372036800795807
0, 5399, 0, 9223372036854775807, 0, 9223372036800785807
0, 54, 0, 9223372036854775807, 0, 9223372036854235807
0, 540, 0, 9223372036854775807, 0, 9223372036849375807
0, 5400, 0, 9223372036854775807, 0, 9223372036800775807
0, 5401, 0, 9223372036854775807, 0, 9223372036800765807
0, 5402, 0, 9223372036854775807, 0, 9223372036800755807
0, 5403, 0, 9223372036854775807, 0, 9223372036800745807
0, 5404, 0, 9223372036854775807, 0, 9223372036800735807
0, 5405, 0, 9223372036854775807, 0, 9223372036800725807
0, 5406, 0, 9223372036854775807, 0, 9223372036800715807
0, 5407, 0, 9223372036854775807, 0, 9223372036800705807
0, 5408, 0, 9223372036854775807, 0, 9223372036800695807
0, 5409, 0, 9223372036854775807, 0, 9223372036800685807
0, 541, 0, 9223372036854775807, 0, 9223372036849365807
0, 5410, 0, 9223372036854775807, 0, 9223372036800675807
0, 5411, 0, 9223372036854775807, 0, 9223372036800665807
0, 5412, 0, 9223372036854775807, 0, 9223372036800655807
0, 5413, 0, 9223372036854775807, 0, 9223372036800645807
0, 5414, 0, 9223372036854775807, 0, 9223372036800635807
0, 5415, 0, 9223372036854775807, 0, 9223372036800625807
0, 5416, 0, 9223372036854775807, 0, 9223372036800615807
0, 5417, 0, 9223372036854775807, 0, 9223372036800605807
0, 5418, 0, 9223372036854775807, 0, 9223372036800595807
0, 5419, 0, 9223372036854775807, 0, 9223372036800585807
0, 542, 0, 9223372036854775807, 0, 9223372036849355807
0, 5420, 0, 9223372036854775807, 0, 9223372036800575807
0, 5421, 0, 9223372036854775807, 0, 9223372036800565807
0, 5422, 0, 9223372036854775807, 0, 9223372036800555807
0, 5423, 0, 9223372036854775807, 0, 9223372036800545807
0, 5424, 0, 9223372036854775807, 0, 9223372036800535807
0, 5425, 0, 9223372036854775807, 0, 9223372036800525807
0, 5426, 0, 9223372036854775807, 0, 9223372036800515807
0, 5427, 0, 9223372036854775807, 0, 9223372036800505807
0, 5428, 0, 9223372036854775807, 0, 9223372036800495807
0, 5429, 0, 9223372036854775807, 0, 9223372036800485807
0, 543, 0, 9223372036854775807, 0, 9223372036849345807
0, 5430, 0, 9223372036854775807, 0, 9223372036800475807
0, 5431, 0, 9223372036854775807, 0, 9223372036800465807
0, 5432, 0, 9223372036854775807, 0, 9223372036800455807
0, 5433, 0, 9223372036854775807, 0, 9223372036800445807
0, 5434, 0, 9223372036854775807, 0, 9223372036800435807
0, 5435, 0, 9223372036854775807, 0, 9223372036800425807
0, 5436, 0, 9223372036854775807, 0, 9223372036800415807
0, 5437, 0, 9223372036854775807, 0, 9223372036800405807
0, 5438, 0, 9223372036854775807, 0, 9223372036800395807
0, 5439, 0, 9223372036854775807, 0, 9223372036800385807
0, 544, 0, 9223372036854775807, 0, 9223372036849335807
0, 5440, 0, 9223372036854775807, 0, 9223372036800375807
0, 5441, 0, 9223372036854775807, 0, 9223372036800365807
0, 5442, 0, 9223372036854775807, 0, 9223372036800355807
0, 5443, 0, 9223372036854775807, 0, 9223372036800345807
0, 5444, 0, 9223372036854775807, 0, 9223372036800335807
0, 5445, 0, 9223372036854775807, 0, 9223372036800325807
0, 5446, 0, 9223372036854775807, 0, 9223372036800315807
0, 5447, 0, 9223372036854775807, 0, 9223372036800305807
0, 5448, 0, 9223372036854775807, 0, 9223372036800295807
0, 5449, 0, 9223372036854775807, 0, 9223372036800285807
0, 545, 0, 9223372036854775807, 0, 9223372036849325807
0, 5450, 0, 9223372036854775807, 0, 9223372036800275807
0, 5451, 0, 9223372036854775807, 0, 9223372036800265807
0, 5452, 0, 9223372036854775807, 0, 9223372036800255807
0, 5453, 0, 9223372036854775807, 0, 9223372036800245807
0, 5454, 0, 9223372036854775807, 0, 9223372036800235807
0, 5455, 0, 9223372036854775807, 0, 9223372036800225807
0, 5456, 0, 9223372036854775807, 0, 9223372036800215807
0, 5457, 0, 9223372036854775807, 0, 9223372036800205807
0, 5458, 0, 9223372036854775807, 0, 9223372036800195807
0, 5459, 0, 9223372036854775807, 0, 9223372036800185807
0, 546, 0, 9223372036854775807, 0, 9223372036849315807
0, 5460, 0, 9223372036854775807, 0, 9223372036800175807
0, 5461, 0, 9223372036854775807, 0, 9223372036800165807
0, 5462, 0, 9223372036854775807, 0, 9223372036800155807
0, 5463, 0, 9223372036854775807, 0, 9223372036800145807
0, 5464, 0, 9223372036854775807, 0, 9223372036800135807
0, 5465, 0, 9223372036854775807, 0, 9223372036800125807
0, 5466, 0, 9223372036854775807, 0, 9223372036800115807
0, 5467, 0, 9223372036854775807, 0, 9223372036800105807
0, 5468, 0, 9223372036854775807, 0, 9223372036800095807
0, 5469, 0, 9223372036854775807, 0, 9223372036800085807
0, 547, 0, 9223372036854775807, 0, 9223372036849305807
0, 5470, 0, 9223372036854775807, 0, 9223372036800075807
0, 5471, 0, 9223372036854775807, 0, 9223372036800065807
0, 5472, 0, 9223372036854775807, 0, 9223372036800055807
0, 5473, 0, 9223372036854775807, 0, 9223372036800045807
0, 5474, 0, 9223372036854775807, 0, 9223372036800035807
0, 5475, 0, 9223372036854775807, 0, 9223372036800025807
0, 5476, 0, 9223372036854775807, 0, 9223372036800015807
0, 5477, 0, 9223372036854775807, 0, 9223372036800005807
0, 5478, 0, 9223372036854775807, 0, 9223372036799995807
0, 5479, 0, 9223372036854775807, 0, 9223372036799985807
0, 548, 0, 9223372036854775807, 0, 9223372036849295807
0, 5480, 0, 9223372036854775807, 0, 9223372036799975807
0, 5481, 0, 9223372036854775807, 0, 9223372036799965807
0, 5482, 0, 9223372036854775807, 0, 9223372036799955807
0, 5483, 0, 9223372036854775807, 0, 9223372036799945807
0, 5484, 0, 9223372036854775807, 0, 9223372036799935807
0, 5485, 0, 9223372036854775807, 0, 9223372036799925807
0, 5486, 0, 9223372036854775807, 0, 9223372036799915807
0, 5487, 0, 9223372036854775807, 0, 9223372036799905807
0, 5488, 0, 9223372036854775807, 0, 9223372036799895807
0, 5489, 0, 9223372036854775807, 0, 9223372036799885807
0, 549, 0, 9223372036854775807, 0, 9223372036849285807
0, 5490, 0, 9223372036854775807, 0, 9223372036799875807
0, 5491, 0, 9223372036854775807, 0, 9223372036799865807
0, 5492, 0, 9223372036854775807, 0, 9223372036799855807
0, 5493, 0, 9223372036854775807, 0, 9223372036799845807
0, 5494, 0, 9223372036854775807, 0, 9223372036799835807
0, 5495, 0, 9223372036854775807, 0, 9223372036799825807
0, 5496, 0, 9223372036854775807, 0, 9223372036799815807
0, 5497, 0, 9223372036854775807, 0, 9223372036799805807
0, 5498, 0, 9223372036854775807, 0, 9223372036799795807
0, 5499, 0, 9223372036854775807, 0, 9223372036799785807
0, 55, 0, 9223372036854775807, 0, 9223372036854225807
0, 550, 0, 9223372036854775807, 0, 9223372036849275807
0, 5500, 0, 9223372036854775807, 0, 9223372036799775807
0, 5501, 0, 9223372036854775807, 0, 9223372036799765807
0, 5502, 0, 9223372036854775807, 0, 9223372036799755807
0, 5503, 0, 9223372036854775807, 0, 9223372036799745807
0, 5504, 0, 9223372036854775807, 0, 9223372036799735807
0, 5505, 0, 9223372036854775807, 0, 9223372036799725807
0, 5506, 0, 9223372036854775807, 0, 9223372036799715807
0, 5507, 0, 9223372036854775807, 0, 9223372036799705807
0, 5508, 0, 9223372036854775807, 0, 9223372036799695807
0, 5509, 0, 9223372036854775807, 0, 9223372036799685807
0, 551, 0, 9223372036854775807, 0, 9223372036849265807
0, 5510, 0, 9223372036854775807, 0, 9223372036799675807
0, 5511, 0, 9223372036854775807, 0, 9223372036799665807
0, 5512, 0, 9223372036854775807, 0, 9223372036799655807
0, 5513, 0, 9223372036854775807, 0, 9223372036799645807
0, 5514, 0, 9223372036854775807, 0, 9223372036799635807
0, 5515, 0, 9223372036854775807, 0, 9223372036799625807
0, 5516, 0, 9223372036854775807, 0, 9223372036799615807
0, 5517, 0, 9223372036854775807, 0, 9223372036799605807
0, 5518, 0, 9223372036854775807, 0, 9223372036799595807
0, 5519, 0, 9223372036854775807, 0, 9223372036799585807
0, 552, 0, 9223372036854775807, 0, 9223372036849255807
0, 5520, 0, 9223372036854775807, 0, 9223372036799575807
0, 5521, 0, 9223372036854775807, 0, 9223372036799565807
0, 5522, 0, 9223372036854775807, 0, 9223372036799555807
0, 5523, 0, 9223372036854775807, 0, 9223372036799545807
0, 5524, 0, 9223372036854775807, 0, 9223372036799535807
0, 5525, 0, 9223372036854775807, 0, 9223372036799525807
0, 5526, 0, 9223372036854775807, 0, 9223372036799515807
0, 5527, 0, 9223372036854775807, 0, 9223372036799505807
0, 5528, 0, 9223372036854775807, 0, 9223372036799495807
0, 5529, 0, 9223372036854775807, 0, 9223372036799485807
0, 553, 0, 9223372036854775807, 0, 9223372036849245807
0, 5530, 0, 9223372036854775807, 0, 9223372036799475807
0, 5531, 0, 9223372036854775807, 0, 9223372036799465807
0, 5532, 0, 9223372036854775807, 0, 9223372036799455807
0, 5533, 0, 9223372036854775807, 0, 9223372036799445807
0, 5534, 0, 9223372036854775807, 0, 9223372036799435807
0, 5535, 0, 9223372036854775807, 0, 9223372036799425807
0, 5536, 0, 9223372036854775807, 0, 9223372036799415807
0, 5537, 0, 9223372036854775807, 0, 9223372036799405807
0, 5538, 0, 9223372036854775807, 0, 9223372036799395807
0, 5539, 0, 9223372036854775807, 0, 9223372036799385807
0, 554, 0, 9223372036854775807, 0, 9223372036849235807
0, 5540, 0, 9223372036854775807, 0, 9223372036799375807
0, 5541, 0, 9223372036854775807, 0, 9223372036799365807
0, 5542, 0, 9223372036854775807, 0, 9223372036799355807
0, 5543, 0, 9223372036854775807, 0, 9223372036799345807
0, 5544, 0, 9223372036854775807, 0, 9223372036799335807
0, 5545, 0, 9223372036854775807, 0, 9223372036799325807
0, 5546, 0, 9223372036854775807, 0, 9223372036799315807
0, 5547, 0, 9223372036854775807, 0, 9223372036799305807
0, 5548, 0, 9223372036854775807, 0, 9223372036799295807
0, 5549, 0, 9223372036854775807, 0, 9223372036799285807
0, 555, 0, 9223372036854775807, 0, 9223372036849225807
0, 5550, 0, 9223372036854775807, 0, 9223372036799275807
0, 5551, 0, 9223372036854775807, 0, 9223372036799265807
0, 5552, 0, 9223372036854775807, 0, 9223372036799255807
0, 5553, 0, 9223372036854775807, 0, 9223372036799245807
0, 5554, 0, 9223372036854775807, 0, 9223372036799235807
0, 5555, 0, 9223372036854775807, 0, 9223372036799225807
0, 5556, 0, 9223372036854775807, 0, 9223372036799215807
0, 5557, 0, 9223372036854775807, 0, 9223372036799205807
0, 5558, 0, 9223372036854775807, 0, 9223372036799195807
0, 5559, 0, 9223372036854775807, 0, 9223372036799185807
0, 556, 0, 9223372036854775807, 0, 9223372036849215807
0, 5560, 0, 9223372036854775807, 0, 9223372036799175807
0, 5561, 0, 9223372036854775807, 0, 9223372036799165807
0, 5562, 0, 9223372036854775807, 0, 9223372036799155807
0, 5563, 0, 9223372036854775807, 0, 9223372036799145807
0, 5564, 0, 9223372036854775807, 0, 9223372036799135807
0, 5565, 0, 9223372036854775807, 0, 9223372036799125807
0, 5566, 0, 9223372036854775807, 0, 9223372036799115807
0, 5567, 0, 9223372036854775807, 0, 9223372036799105807
0, 5568, 0, 9223372036854775807, 0, 9223372036799095807
0, 5569, 0, 9223372036854775807, 0, 9223372036799085807
0, 557, 0, 9223372036854775807, 0, 9223372036849205807
0, 5570, 0, 9223372036854775807, 0, 9223372036799075807
0, 5571, 0, 9223372036854775807, 0, 9223372036799065807
0, 5572, 0, 9223372036854775807, 0, 9223372036799055807
0, 5573, 0, 9223372036854775807, 0, 9223372036799045807
0, 5574, 0, 9223372036854775807, 0, 9223372036799035807
0, 5575, 0, 9223372036854775807, 0, 9223372036799025807
0, 5576, 0, 9223372036854775807, 0, 9223372036799015807
0, 5577, 0, 9223372036854775807, 0, 9223372036799005807
0, 5578, 0, 9223372036854775807, 0, 9223372036798995807
0, 5579, 0, 9223372036854775807, 0, 9223372036798985807
0, 558, 0, 9223372036854775807, 0, 9223372036849195807
0, 5580, 0, 9223372036854775807, 0, 9223372036798975807
0, 5581, 0, 9223372036854775807, 0, 9223372036798965807
0, 5582, 0, 9223372036854775807, 0, 9223372036798955807
0, 5583, 0, 9223372036854775807, 0, 9223372036798945807
0, 5584, 0, 9223372036854775807, 0, 9223372036798935807
0, 5585, 0, 9223372036854775807, 0, 9223372036798925807
0, 5586, 0, 9223372036854775807, 0, 9223372036798915807
0, 5587, 0, 9223372036854775807, 0, 9223372036798905807
0, 5588, 0, 9223372036854775807, 0, 9223372036798895807
0, 5589, 0, 9223372036854775807, 0, 9223372036798885807
0, 559, 0, 9223372036854775807, 0, 9223372036849185807
0, 5590, 0, 9223372036854775807, 0, 9223372036798875807
0, 5591, 0, 9223372036854775807, 0, 9223372036798865807
0, 5592, 0, 9223372036854775807, 0, 9223372036798855807
0, 5593, 0, 9223372036854775807, 0, 9223372036798845807
0, 5594, 0, 9223372036854775807, 0, 9223372036798835807
0, 5595, 0, 9223372036854775807, 0, 9223372036798825807
0, 5596, 0, 9223372036854775807, 0, 9223372036798815807
0, 5597, 0, 9223372036854775807, 0, 9223372036798805807
0, 5598, 0, 9223372036854775807, 0, 9223372036798795807
0, 5599, 0, 9223372036854775807, 0, 9223372036798785807
0, 56, 0, 9223372036854775807, 0, 9223372036854215807
0, 560, 0, 9223372036854775807, 0, 9223372036849175807
0, 5600, 0, 9223372036854775807, 0, 9223372036798775807
0, 5601, 0, 9223372036854775807, 0, 9223372036798765807
0, 5602, 0, 9223372036854775807, 0, 9223372036798755807
0, 5603, 0, 9223372036854775807, 0, 9223372036798745807
0, 5604, 0, 9223372036854775807, 0, 9223372036798735807
0, 5605, 0, 9223372036854775807, 0, 9223372036798725807
0, 5606, 0, 9223372036854775807, 0, 9223372036798715807
0, 5607, 0, 9223372036854775807, 0, 9223372036798705807
0, 5608, 0, 9223372036854775807, 0, 9223372036798695807
0, 5609, 0, 9223372036854775807, 0, 9223372036798685807
0, 561, 0, 9223372036854775807, 0, 9223372036849165807
0, 5610, 0, 9223372036854775807, 0, 9223372036798675807
0, 5611, 0, 9223372036854775807, 0, 9223372036798665807
0, 5612, 0, 9223372036854775807, 0, 9223372036798655807
0, 5613, 0, 9223372036854775807, 0, 9223372036798645807
0, 5614, 0, 9223372036854775807, 0, 9223372036798635807
0, 5615, 0, 9223372036854775807, 0, 9223372036798625807
0, 5616, 0, 9223372036854775807, 0, 9223372036798615807
0, 5617, 0, 9223372036854775807, 0, 9223372036798605807
0, 5618, 0, 9223372036854775807, 0, 9223372036798595807
0, 5619, 0, 9223372036854775807, 0, 9223372036798585807
0, 562, 0, 9223372036854775807, 0, 9223372036849155807
0, 5620, 0, 9223372036854775807, 0, 9223372036798575807
0, 5621, 0, 9223372036854775807, 0, 9223372036798565807
0, 5622, 0, 9223372036854775807, 0, 9223372036798555807
0, 5623, 0, 9223372036854775807, 0, 9223372036798545807
0, 5624, 0, 9223372036854775807, 0, 9223372036798535807
0, 5625, 0, 9223372036854775807, 0, 9223372036798525807
0, 5626, 0, 9223372036854775807, 0, 9223372036798515807
0, 5627, 0, 9223372036854775807, 0, 9223372036798505807
0, 5628, 0, 9223372036854775807, 0, 9223372036798495807
0, 5629, 0, 9223372036854775807, 0, 9223372036798485807
0, 563, 0, 9223372036854775807, 0, 9223372036849145807
0, 5630, 0, 9223372036854775807, 0, 9223372036798475807
0, 5631, 0, 9223372036854775807, 0, 9223372036798465807
0, 5632, 0, 9223372036854775807, 0, 9223372036798455807
0, 5633, 0, 9223372036854775807, 0, 9223372036798445807
0, 5634, 0, 9223372036854775807, 0, 9223372036798435807
0, 5635, 0, 9223372036854775807, 0, 9223372036798425807
0, 5636, 0, 9223372036854775807, 0, 9223372036798415807
0, 5637, 0, 9223372036854775807, 0, 9223372036798405807
0, 5638, 0, 9223372036854775807, 0, 9223372036798395807
0, 5639, 0, 9223372036854775807, 0, 9223372036798385807
0, 564, 0, 9223372036854775807, 0, 9223372036849135807
0, 5640, 0, 9223372036854775807, 0, 9223372036798375807
0, 5641, 0, 9223372036854775807, 0, 9223372036798365807
0, 5642, 0, 9223372036854775807, 0, 9223372036798355807
0, 5643, 0, 9223372036854775807, 0, 9223372036798345807
0, 5644, 0, 9223372036854775807, 0, 9223372036798335807
0, 5645, 0, 9223372036854775807, 0, 9223372036798325807
0, 5646, 0, 9223372036854775807, 0, 9223372036798315807
0, 5647, 0, 9223372036854775807, 0, 9223372036798305807
0, 5648, 0, 9223372036854775807, 0, 9223372036798295807
0, 5649, 0, 9223372036854775807, 0, 9223372036798285807
0, 565, 0, 9223372036854775807, 0, 9223372036849125807
0, 5650, 0, 9223372036854775807, 0, 9223372036798275807
0, 5651, 0, 9223372036854775807, 0, 9223372036798265807
0, 5652, 0, 9223372036854775807, 0, 9223372036798255807
0, 5653, 0, 9223372036854775807, 0, 9223372036798245807
0, 5654, 0, 9223372036854775807, 0, 9223372036798235807
0, 5655, 0, 9223372036854775807, 0, 9223372036798225807
0, 5656, 0, 9223372036854775807, 0, 9223372036798215807
0, 5657, 0, 9223372036854775807, 0, 9223372036798205807
0, 5658, 0, 9223372036854775807, 0, 9223372036798195807
0, 5659, 0, 9223372036854775807, 0, 9223372036798185807
0, 566, 0, 9223372036854775807, 0, 9223372036849115807
0, 5660, 0, 9223372036854775807, 0, 9223372036798175807
0, 5661, 0, 9223372036854775807, 0, 9223372036798165807
0, 5662, 0, 9223372036854775807, 0, 9223372036798155807
0, 5663, 0, 9223372036854775807, 0, 9223372036798145807
0, 5664, 0, 9223372036854775807, 0, 9223372036798135807
0, 5665, 0, 9223372036854775807, 0, 9223372036798125807
0, 5666, 0, 9223372036854775807, 0, 9223372036798115807
0, 5667, 0, 9223372036854775807, 0, 9223372036798105807
0, 5668, 0, 9223372036854775807, 0, 9223372036798095807
0, 5669, 0, 9223372036854775807, 0, 9223372036798085807
0, 567, 0, 9223372036854775807, 0, 9223372036849105807
0, 5670, 0, 9223372036854775807, 0, 9223372036798075807
0, 5671, 0, 9223372036854775807, 0, 9223372036798065807
0, 5672, 0, 9223372036854775807, 0, 9223372036798055807
0, 5673, 0, 9223372036854775807, 0, 9223372036798045807
0, 5674, 0, 9223372036854775807, 0, 9223372036798035807
0, 5675, 0, 9223372036854775807, 0, 9223372036798025807
0, 5676, 0, 9223372036854775807, 0, 9223372036798015807
0, 5677, 0, 9223372036854775807, 0, 9223372036798005807
0, 5678, 0, 9223372036854775807, 0, 9223372036797995807
0, 5679, 0, 9223372036854775807, 0, 9223372036797985807
0, 568, 0, 9223372036854775807, 0, 9223372036849095807
0, 5680, 0, 9223372036854775807, 0, 9223372036797975807
0, 5681, 0, 9223372036854775807, 0, 9223372036797965807
0, 5682, 0, 9223372036854775807, 0, 9223372036797955807
0, 5683, 0, 9223372036854775807, 0, 9223372036797945807
0, 5684, 0, 9223372036854775807, 0, 9223372036797935807
0, 5685, 0, 9223372036854775807, 0, 9223372036797925807
0, 5686, 0, 9223372036854775807, 0, 9223372036797915807
0, 5687, 0, 9223372036854775807, 0, 9223372036797905807
0, 5688, 0, 9223372036854775807, 0, 9223372036797895807
0, 5689, 0, 9223372036854775807, 0, 9223372036797885807
0, 569, 0, 9223372036854775807, 0, 9223372036849085807
0, 5690, 0, 9223372036854775807, 0, 9223372036797875807
0, 5691, 0, 9223372036854775807, 0, 9223372036797865807
0, 5692, 0, 9223372036854775807, 0, 9223372036797855807
0, 5693, 0, 9223372036854775807, 0, 9223372036797845807
0, 5694, 0, 9223372036854775807, 0, 9223372036797835807
0, 5695, 0, 9223372036854775807, 0, 9223372036797825807
0, 5696, 0, 9223372036854775807, 0, 9223372036797815807
0, 5697, 0, 9223372036854775807, 0, 9223372036797805807
0, 5698, 0, 9223372036854775807, 0, 9223372036797795807
0, 5699, 0, 9223372036854775807, 0, 9223372036797785807
0, 57, 0, 9223372036854775807, 0, 9223372036854205807
0, 570, 0, 9223372036854775807, 0, 9223372036849075807
0, 5700, 0, 9223372036854775807, 0, 9223372036797775807
0, 5701, 0, 9223372036854775807, 0, 9223372036797765807
0, 5702, 0, 9223372036854775807, 0, 9223372036797755807
0, 5703, 0, 9223372036854775807, 0, 9223372036797745807
0, 5704, 0, 9223372036854775807, 0, 9223372036797735807
0, 5705, 0, 9223372036854775807, 0, 9223372036797725807
0, 5706, 0, 9223372036854775807, 0, 9223372036797715807
0, 5707, 0, 9223372036854775807, 0, 9223372036797705807
0, 5708, 0, 9223372036854775807, 0, 9223372036797695807
0, 5709, 0, 9223372036854775807, 0, 9223372036797685807
0, 571, 0, 9223372036854775807, 0, 9223372036849065807
0, 5710, 0, 9223372036854775807, 0, 9223372036797675807
0, 5711, 0, 9223372036854775807, 0, 9223372036797665807
0, 5712, 0, 9223372036854775807, 0, 9223372036797655807
0, 5713, 0, 9223372036854775807, 0, 9223372036797645807
0, 5714, 0, 9223372036854775807, 0, 9223372036797635807
0, 5715, 0, 9223372036854775807, 0, 9223372036797625807
0, 5716, 0, 9223372036854775807, 0, 9223372036797615807
0, 5717, 0, 9223372036854775807, 0, 9223372036797605807
0, 5718, 0, 9223372036854775807, 0, 9223372036797595807
0, 5719, 0, 9223372036854775807, 0, 9223372036797585807
0, 572, 0, 9223372036854775807, 0, 9223372036849055807
0, 5720, 0, 9223372036854775807, 0, 9223372036797575807
0, 5721, 0, 9223372036854775807, 0, 9223372036797565807
0, 5722, 0, 9223372036854775807, 0, 9223372036797555807
0, 5723, 0, 9223372036854775807, 0, 9223372036797545807
0, 5724, 0, 9223372036854775807, 0, 9223372036797535807
0, 5725, 0, 9223372036854775807, 0, 9223372036797525807
0, 5726, 0, 9223372036854775807, 0, 9223372036797515807
0, 5727, 0, 9223372036854775807, 0, 9223372036797505807
0, 5728, 0, 9223372036854775807, 0, 9223372036797495807
0, 5729, 0, 9223372036854775807, 0, 9223372036797485807
0, 573, 0, 9223372036854775807, 0, 9223372036849045807
0, 5730, 0, 9223372036854775807, 0, 9223372036797475807
0, 5731, 0, 9223372036854775807, 0, 9223372036797465807
0, 5732, 0, 9223372036854775807, 0, 9223372036797455807
0, 5733, 0, 9223372036854775807, 0, 9223372036797445807
0, 5734, 0, 9223372036854775807, 0, 9223372036797435807
0, 5735, 0, 9223372036854775807, 0, 9223372036797425807
0, 5736, 0, 9223372036854775807, 0, 9223372036797415807
0, 5737, 0, 9223372036854775807, 0, 9223372036797405807
0, 5738, 0, 9223372036854775807, 0, 9223372036797395807
0, 5739, 0, 9223372036854775807, 0, 9223372036797385807
0, 574, 0, 9223372036854775807, 0, 9223372036849035807
0, 5740, 0, 9223372036854775807, 0, 9223372036797375807
0, 5741, 0, 9223372036854775807, 0, 9223372036797365807
0, 5742, 0, 9223372036854775807, 0, 9223372036797355807
0, 5743, 0, 9223372036854775807, 0, 9223372036797345807
0, 5744, 0, 9223372036854775807, 0, 9223372036797335807
0, 5745, 0, 9223372036854775807, 0, 9223372036797325807
0, 5746, 0, 9223372036854775807, 0, 9223372036797315807
0, 5747, 0, 9223372036854775807, 0, 9223372036797305807
0, 5748, 0, 9223372036854775807, 0, 9223372036797295807
0, 5749, 0, 9223372036854775807, 0, 9223372036797285807
0, 575, 0, 9223372036854775807, 0, 9223372036849025807
0, 5750, 0, 9223372036854775807, 0, 9223372036797275807
0, 5751, 0, 9223372036854775807, 0, 9223372036797265807
0, 5752, 0, 9223372036854775807, 0, 9223372036797255807
0, 5753, 0, 9223372036854775807, 0, 9223372036797245807
0, 5754, 0, 9223372036854775807, 0, 9223372036797235807
0, 5755, 0, 9223372036854775807, 0, 9223372036797225807
0, 5756, 0, 9223372036854775807, 0, 9223372036797215807
0, 5757, 0, 9223372036854775807, 0, 9223372036797205807
0, 5758, 0, 9223372036854775807, 0, 9223372036797195807
0, 5759, 0, 9223372036854775807, 0, 9223372036797185807
0, 576, 0, 9223372036854775807, 0, 9223372036849015807
0, 5760, 0, 9223372036854775807, 0, 9223372036797175807
0, 5761, 0, 9223372036854775807, 0, 9223372036797165807
0, 5762, 0, 9223372036854775807, 0, 9223372036797155807
0, 5763, 0, 9223372036854775807, 0, 9223372036797145807
0, 5764, 0, 9223372036854775807, 0, 9223372036797135807
0, 5765, 0, 9223372036854775807, 0, 9223372036797125807
0, 5766, 0, 9223372036854775807, 0, 9223372036797115807
0, 5767, 0, 9223372036854775807, 0, 9223372036797105807
0, 5768, 0, 9223372036854775807, 0, 9223372036797095807
0, 5769, 0, 9223372036854775807, 0, 9223372036797085807
0, 577, 0, 9223372036854775807, 0, 9223372036849005807
0, 5770, 0, 9223372036854775807, 0, 9223372036797075807
0, 5771, 0, 9223372036854775807, 0, 9223372036797065807
0, 5772, 0, 9223372036854775807, 0, 9223372036797055807
0, 5773, 0, 9223372036854775807, 0, 9223372036797045807
0, 5774, 0, 9223372036854775807, 0, 9223372036797035807
0, 5775, 0, 9223372036854775807, 0, 9223372036797025807
0, 5776, 0, 9223372036854775807, 0, 9223372036797015807
0, 5777, 0, 9223372036854775807, 0, 9223372036797005807
0, 5778, 0, 9223372036854775807, 0, 9223372036796995807
0, 5779, 0, 9223372036854775807, 0, 9223372036796985807
0, 578, 0, 9223372036854775807, 0, 9223372036848995807
0, 5780, 0, 9223372036854775807, 0, 9223372036796975807
0, 5781, 0, 9223372036854775807, 0, 9223372036796965807
0, 5782, 0, 9223372036854775807, 0, 9223372036796955807
0, 5783, 0, 9223372036854775807, 0, 9223372036796945807
0, 5784, 0, 9223372036854775807, 0, 9223372036796935807
0, 5785, 0, 9223372036854775807, 0, 9223372036796925807
0, 5786, 0, 9223372036854775807, 0, 9223372036796915807
0, 5787, 0, 9223372036854775807, 0, 9223372036796905807
0, 5788, 0, 9223372036854775807, 0, 9223372036796895807
0, 5789, 0, 9223372036854775807, 0, 9223372036796885807
0, 579, 0, 9223372036854775807, 0, 9223372036848985807
0, 5790, 0, 9223372036854775807, 0, 9223372036796875807
0, 5791, 0, 9223372036854775807, 0, 9223372036796865807
0, 5792, 0, 9223372036854775807, 0, 9223372036796855807
0, 5793, 0, 9223372036854775807, 0, 9223372036796845807
0, 5794, 0, 9223372036854775807, 0, 9223372036796835807
0, 5795, 0, 9223372036854775807, 0, 9223372036796825807
0, 5796, 0, 9223372036854775807, 0, 9223372036796815807
0, 5797, 0, 9223372036854775807, 0, 9223372036796805807
0, 5798, 0, 9223372036854775807, 0, 9223372036796795807
0, 5799, 0, 9223372036854775807, 0, 9223372036796785807
0, 58, 0, 9223372036854775807, 0, 9223372036854195807
0, 580, 0, 9223372036854775807, 0, 9223372036848975807
0, 5800, 0, 9223372036854775807, 0, 9223372036796775807
0, 5801, 0, 9223372036854775807, 0, 9223372036796765807
0, 5802, 0, 9223372036854775807, 0, 9223372036796755807
0, 5803, 0, 9223372036854775807, 0, 9223372036796745807
0, 5804, 0, 9223372036854775807, 0, 9223372036796735807
0, 5805, 0, 9223372036854775807, 0, 9223372036796725807
0, 5806, 0, 9223372036854775807, 0, 9223372036796715807
0, 5807, 0, 9223372036854775807, 0, 9223372036796705807
0, 5808, 0, 9223372036854775807, 0, 9223372036796695807
0, 5809, 0, 9223372036854775807, 0, 9223372036796685807
0, 581, 0, 9223372036854775807, 0, 9223372036848965807
0, 5810, 0, 9223372036854775807, 0, 9223372036796675807
0, 5811, 0, 9223372036854775807, 0, 9223372036796665807
0, 5812, 0, 9223372036854775807, 0, 9223372036796655807
0, 5813, 0, 9223372036854775807, 0, 9223372036796645807
0, 5814, 0, 9223372036854775807, 0, 9223372036796635807
0, 5815, 0, 9223372036854775807, 0, 9223372036796625807
0, 5816, 0, 9223372036854775807, 0, 9223372036796615807
0, 5817, 0, 9223372036854775807, 0, 9223372036796605807
0, 5818, 0, 9223372036854775807, 0, 9223372036796595807
0, 5819, 0, 9223372036854775807, 0, 9223372036796585807
0, 582, 0, 9223372036854775807, 0, 9223372036848955807
0, 5820, 0, 9223372036854775807, 0, 9223372036796575807
0, 5821, 0, 9223372036854775807, 0, 9223372036796565807
0, 5822, 0, 9223372036854775807, 0, 9223372036796555807
0, 5823, 0, 9223372036854775807, 0, 9223372036796545807
0, 5824, 0, 9223372036854775807, 0, 9223372036796535807
0, 5825, 0, 9223372036854775807, 0, 9223372036796525807
0, 5826, 0, 9223372036854775807, 0, 9223372036796515807
0, 5827, 0, 9223372036854775807, 0, 9223372036796505807
0, 5828, 0, 9223372036854775807, 0, 9223372036796495807
0, 5829, 0, 9223372036854775807, 0, 9223372036796485807
0, 583, 0, 9223372036854775807, 0, 9223372036848945807
0, 5830, 0, 9223372036854775807, 0, 9223372036796475807
0, 5831, 0, 9223372036854775807, 0, 9223372036796465807
0, 5832, 0, 9223372036854775807, 0, 9223372036796455807
0, 5833, 0, 9223372036854775807, 0, 9223372036796445807
0, 5834, 0, 9223372036854775807, 0, 9223372036796435807
0, 5835, 0, 9223372036854775807, 0, 9223372036796425807
0, 5836, 0, 9223372036854775807, 0, 9223372036796415807
0, 5837, 0, 9223372036854775807, 0, 9223372036796405807
0, 5838, 0, 9223372036854775807, 0, 9223372036796395807
0, 5839, 0, 9223372036854775807, 0, 9223372036796385807
0, 584, 0, 9223372036854775807, 0, 9223372036848935807
0, 5840, 0, 9223372036854775807, 0, 9223372036796375807
0, 5841, 0, 9223372036854775807, 0, 9223372036796365807
0, 5842, 0, 9223372036854775807, 0, 9223372036796355807
0, 5843, 0, 9223372036854775807, 0, 9223372036796345807
0, 5844, 0, 9223372036854775807, 0, 9223372036796335807
0, 5845, 0, 9223372036854775807, 0, 9223372036796325807
0, 5846, 0, 9223372036854775807, 0, 9223372036796315807
0, 5847, 0, 9223372036854775807, 0, 9223372036796305807
0, 5848, 0, 9223372036854775807, 0, 9223372036796295807
0, 5849, 0, 9223372036854775807, 0, 9223372036796285807
0, 585, 0, 9223372036854775807, 0, 9223372036848925807
0, 5850, 0, 9223372036854775807, 0, 9223372036796275807
0, 5851, 0, 9223372036854775807, 0, 9223372036796265807
0, 5852, 0, 9223372036854775807, 0, 9223372036796255807
0, 5853, 0, 9223372036854775807, 0, 9223372036796245807
0, 5854, 0, 9223372036854775807, 0, 9223372036796235807
0, 5855, 0, 9223372036854775807, 0, 9223372036796225807
0, 5856, 0, 9223372036854775807, 0, 9223372036796215807
0, 5857, 0, 9223372036854775807, 0, 9223372036796205807
0, 5858, 0, 9223372036854775807, 0, 9223372036796195807
0, 5859, 0, 9223372036854775807, 0, 9223372036796185807
0, 586, 0, 9223372036854775807, 0, 9223372036848915807
0, 5860, 0, 9223372036854775807, 0, 9223372036796175807
0, 5861, 0, 9223372036854775807, 0, 9223372036796165807
0, 5862, 0, 9223372036854775807, 0, 9223372036796155807
0, 5863, 0, 9223372036854775807, 0, 9223372036796145807
0, 5864, 0, 9223372036854775807, 0, 9223372036796135807
0, 5865, 0, 9223372036854775807, 0, 9223372036796125807
0, 5866, 0, 9223372036854775807, 0, 9223372036796115807
0, 5867, 0, 9223372036854775807, 0, 9223372036796105807
0, 5868, 0, 9223372036854775807, 0, 9223372036796095807
0, 5869, 0, 9223372036854775807, 0, 9223372036796085807
0, 587, 0, 9223372036854775807, 0, 9223372036848905807
0, 5870, 0, 9223372036854775807, 0, 9223372036796075807
0, 5871, 0, 9223372036854775807, 0, 9223372036796065807
0, 5872, 0, 9223372036854775807, 0, 9223372036796055807
0, 5873, 0, 9223372036854775807, 0, 9223372036796045807
0, 5874, 0, 9223372036854775807, 0, 9223372036796035807
0, 5875, 0, 9223372036854775807, 0, 9223372036796025807
0, 5876, 0, 9223372036854775807, 0, 9223372036796015807
0, 5877, 0, 9223372036854775807, 0, 9223372036796005807
0, 5878, 0, 9223372036854775807, 0, 9223372036795995807
0, 5879, 0, 9223372036854775807, 0, 9223372036795985807
0, 588, 0, 9223372036854775807, 0, 9223372036848895807
0, 5880, 0, 9223372036854775807, 0, 9223372036795975807
0, 5881, 0, 9223372036854775807, 0, 9223372036795965807
0, 5882, 0, 9223372036854775807, 0, 9223372036795955807
0, 5883, 0, 9223372036854775807, 0, 9223372036795945807
0, 5884, 0, 9223372036854775807, 0, 9223372036795935807
0, 5885, 0, 9223372036854775807, 0, 9223372036795925807
0, 5886, 0, 9223372036854775807, 0, 9223372036795915807
0, 5887, 0, 9223372036854775807, 0, 9223372036795905807
0, 5888, 0, 9223372036854775807, 0, 9223372036795895807
0, 5889, 0, 9223372036854775807, 0, 9223372036795885807
0, 589, 0, 9223372036854775807, 0, 9223372036848885807
0, 5890, 0, 9223372036854775807, 0, 9223372036795875807
0, 5891, 0, 9223372036854775807, 0, 9223372036795865807
0, 5892, 0, 9223372036854775807, 0, 9223372036795855807
0, 5893, 0, 9223372036854775807, 0, 9223372036795845807
0, 5894, 0, 9223372036854775807, 0, 9223372036795835807
0, 5895, 0, 9223372036854775807, 0, 9223372036795825807
0, 5896, 0, 9223372036854775807, 0, 9223372036795815807
0, 5897, 0, 9223372036854775807, 0, 9223372036795805807
0, 5898, 0, 9223372036854775807, 0, 9223372036795795807
0, 5899, 0, 9223372036854775807, 0, 9223372036795785807
0, 59, 0, 9223372036854775807, 0, 9223372036854185807
0, 590, 0, 9223372036854775807, 0, 9223372036848875807
0, 5900, 0, 9223372036854775807, 0, 9223372036795775807
0, 5901, 0, 9223372036854775807, 0, 9223372036795765807
0, 5902, 0, 9223372036854775807, 0, 9223372036795755807
0, 5903, 0, 9223372036854775807, 0, 9223372036795745807
0, 5904, 0, 9223372036854775807, 0, 9223372036795735807
0, 5905, 0, 9223372036854775807, 0, 9223372036795725807
0, 5906, 0, 9223372036854775807, 0, 9223372036795715807
0, 5907, 0, 9223372036854775807, 0, 9223372036795705807
0, 5908, 0, 9223372036854775807, 0, 9223372036795695807
0, 5909, 0, 9223372036854775807, 0, 9223372036795685807
0, 591, 0, 9223372036854775807, 0, 9223372036848865807
0, 5910, 0, 9223372036854775807, 0, 9223372036795675807
0, 5911, 0, 9223372036854775807, 0, 9223372036795665807
0, 5912, 0, 9223372036854775807, 0, 9223372036795655807
0, 5913, 0, 9223372036854775807, 0, 9223372036795645807
0, 5914, 0, 9223372036854775807, 0, 9223372036795635807
0, 5915, 0, 9223372036854775807, 0, 9223372036795625807
0, 5916, 0, 9223372036854775807, 0, 9223372036795615807
0, 5917, 0, 9223372036854775807, 0, 9223372036795605807
0, 5918, 0, 9223372036854775807, 0, 9223372036795595807
0, 5919, 0, 9223372036854775807, 0, 9223372036795585807
0, 592, 0, 9223372036854775807, 0, 9223372036848855807
0, 5920, 0, 9223372036854775807, 0, 9223372036795575807
0, 5921, 0, 9223372036854775807, 0, 9223372036795565807
0, 5922, 0, 9223372036854775807, 0, 9223372036795555807
0, 5923, 0, 9223372036854775807, 0, 9223372036795545807
0, 5924, 0, 9223372036854775807, 0, 9223372036795535807
0, 5925, 0, 9223372036854775807, 0, 9223372036795525807
0, 5926, 0, 9223372036854775807, 0, 9223372036795515807
0, 5927, 0, 9223372036854775807, 0, 9223372036795505807
0, 5928, 0, 9223372036854775807, 0, 9223372036795495807
0, 5929, 0, 9223372036854775807, 0, 9223372036795485807
0, 593, 0, 9223372036854775807, 0, 9223372036848845807
0, 5930, 0, 9223372036854775807, 0, 9223372036795475807
0, 5931, 0, 9223372036854775807, 0, 9223372036795465807
0, 5932, 0, 9223372036854775807, 0, 9223372036795455807
0, 5933, 0, 9223372036854775807, 0, 9223372036795445807
0, 5934, 0, 9223372036854775807, 0, 9223372036795435807
0, 5935, 0, 9223372036854775807, 0, 9223372036795425807
0, 5936, 0, 9223372036854775807, 0, 9223372036795415807
0, 5937, 0, 9223372036854775807, 0, 9223372036795405807
0, 5938, 0, 9223372036854775807, 0, 9223372036795395807
0, 5939, 0, 9223372036854775807, 0, 9223372036795385807
0, 594, 0, 9223372036854775807, 0, 9223372036848835807
0, 5940, 0, 9223372036854775807, 0, 9223372036795375807
0, 5941, 0, 9223372036854775807, 0, 9223372036795365807
0, 5942, 0, 9223372036854775807, 0, 9223372036795355807
0, 5943, 0, 9223372036854775807, 0, 9223372036795345807
0, 5944, 0, 9223372036854775807, 0, 9223372036795335807
0, 5945, 0, 9223372036854775807, 0, 9223372036795325807
0, 5946, 0, 9223372036854775807, 0, 9223372036795315807
0, 5947, 0, 9223372036854775807, 0, 9223372036795305807
0, 5948, 0, 9223372036854775807, 0, 9223372036795295807
0, 5949, 0, 9223372036854775807, 0, 9223372036795285807
0, 595, 0, 9223372036854775807, 0, 9223372036848825807
0, 5950, 0, 9223372036854775807, 0, 9223372036795275807
0, 5951, 0, 9223372036854775807, 0, 9223372036795265807
0, 5952, 0, 9223372036854775807, 0, 9223372036795255807
0, 5953, 0, 9223372036854775807, 0, 9223372036795245807
0, 5954, 0, 9223372036854775807, 0, 9223372036795235807
0, 5955, 0, 9223372036854775807, 0, 9223372036795225807
0, 5956, 0, 9223372036854775807, 0, 9223372036795215807
0, 5957, 0, 9223372036854775807, 0, 9223372036795205807
0, 5958, 0, 9223372036854775807, 0, 9223372036795195807
0, 5959, 0, 9223372036854775807, 0, 9223372036795185807
0, 596, 0, 9223372036854775807, 0, 9223372036848815807
0, 5960, 0, 9223372036854775807, 0, 9223372036795175807
0, 5961, 0, 9223372036854775807, 0, 9223372036795165807
0, 5962, 0, 9223372036854775807, 0, 9223372036795155807
0, 5963, 0, 9223372036854775807, 0, 9223372036795145807
0, 5964, 0, 9223372036854775807, 0, 9223372036795135807
0, 5965, 0, 9223372036854775807, 0, 9223372036795125807
0, 5966, 0, 9223372036854775807, 0, 9223372036795115807
0, 5967, 0, 9223372036854775807, 0, 9223372036795105807
0, 5968, 0, 9223372036854775807, 0, 9223372036795095807
0, 5969, 0, 9223372036854775807, 0, 9223372036795085807
0, 597, 0, 9223372036854775807, 0, 9223372036848805807
0, 5970, 0, 9223372036854775807, 0, 9223372036795075807
0, 5971, 0, 9223372036854775807, 0, 9223372036795065807
0, 5972, 0, 9223372036854775807, 0, 9223372036795055807
0, 5973, 0, 9223372036854775807, 0, 9223372036795045807
0, 5974, 0, 9223372036854775807, 0, 9223372036795035807
0, 5975, 0, 9223372036854775807, 0, 9223372036795025807
0, 5976, 0, 9223372036854775807, 0, 9223372036795015807
0, 5977, 0, 9223372036854775807, 0, 9223372036795005807
0, 5978, 0, 9223372036854775807, 0, 9223372036794995807
0, 5979, 0, 9223372036854775807, 0, 9223372036794985807
0, 598, 0, 9223372036854775807, 0, 9223372036848795807
0, 5980, 0, 9223372036854775807, 0, 9223372036794975807
0, 5981, 0, 9223372036854775807, 0, 9223372036794965807
0, 5982, 0, 9223372036854775807, 0, 9223372036794955807
0, 5983, 0, 9223372036854775807, 0, 9223372036794945807
0, 5984, 0, 9223372036854775807, 0, 9223372036794935807
0, 5985, 0, 9223372036854775807, 0, 9223372036794925807
0, 5986, 0, 9223372036854775807, 0, 9223372036794915807
0, 5987, 0, 9223372036854775807, 0, 9223372036794905807
0, 5988, 0, 9223372036854775807, 0, 9223372036794895807
0, 5989, 0, 9223372036854775807, 0, 9223372036794885807
0, 599, 0, 9223372036854775807, 0, 9223372036848785807
0, 5990, 0, 9223372036854775807, 0, 9223372036794875807
0, 5991, 0, 9223372036854775807, 0, 9223372036794865807
0, 5992, 0, 9223372036854775807, 0, 9223372036794855807
0, 5993, 0, 9223372036854775807, 0, 9223372036794845807
0, 5994, 0, 9223372036854775807, 0, 9223372036794835807
0, 5995, 0, 9223372036854775807, 0, 9223372036794825807
0, 5996, 0, 9223372036854775807, 0, 9223372036794815807
0, 5997, 0, 9223372036854775807, 0, 9223372036794805807
0, 5998, 0, 9223372036854775807, 0, 9223372036794795807
0, 5999, 0, 9223372036854775807, 0, 9223372036794785807
0, 6, 0, 9223372036854775807, 0, 9223372036854715807
0, 60, 0, 9223372036854775807, 0, 9223372036854175807
0, 600, 0, 9223372036854775807, 0, 9223372036848775807
0, 6000, 0, 9223372036854775807, 0, 9223372036794775807
0, 6001, 0, 9223372036854775807, 0, 9223372036794765807
0, 6002, 0, 9223372036854775807, 0, 9223372036794755807
0, 6003, 0, 9223372036854775807, 0, 9223372036794745807
0, 6004, 0, 9223372036854775807, 0, 9223372036794735807
0, 6005, 0, 9223372036854775807, 0, 9223372036794725807
0, 6006, 0, 9223372036854775807, 0, 9223372036794715807
0, 6007, 0, 9223372036854775807, 0, 9223372036794705807
0, 6008, 0, 9223372036854775807, 0, 9223372036794695807
0, 6009, 0, 9223372036854775807, 0, 9223372036794685807
0, 601, 0, 9223372036854775807, 0, 9223372036848765807
0, 6010, 0, 9223372036854775807, 0, 9223372036794675807
0, 6011, 0, 9223372036854775807, 0, 9223372036794665807
0, 6012, 0, 9223372036854775807, 0, 9223372036794655807
0, 6013, 0, 9223372036854775807, 0, 9223372036794645807
0, 6014, 0, 9223372036854775807, 0, 9223372036794635807
0, 6015, 0, 9223372036854775807, 0, 9223372036794625807
0, 6016, 0, 9223372036854775807, 0, 9223372036794615807
0, 6017, 0, 9223372036854775807, 0, 9223372036794605807
0, 6018, 0, 9223372036854775807, 0, 9223372036794595807
0, 6019, 0, 9223372036854775807, 0, 9223372036794585807
0, 602, 0, 9223372036854775807, 0, 9223372036848755807
0, 6020, 0, 9223372036854775807, 0, 9223372036794575807
0, 6021, 0, 9223372036854775807, 0, 9223372036794565807
0, 6022, 0, 9223372036854775807, 0, 9223372036794555807
0, 6023, 0, 9223372036854775807, 0, 9223372036794545807
0, 6024, 0, 9223372036854775807, 0, 9223372036794535807
0, 6025, 0, 9223372036854775807, 0, 9223372036794525807
0, 6026, 0, 9223372036854775807, 0, 9223372036794515807
0, 6027, 0, 9223372036854775807, 0, 9223372036794505807
0, 6028, 0, 9223372036854775807, 0, 9223372036794495807
0, 6029, 0, 9223372036854775807, 0, 9223372036794485807
0, 603, 0, 9223372036854775807, 0, 9223372036848745807
0, 6030, 0, 9223372036854775807, 0, 9223372036794475807
0, 6031, 0, 9223372036854775807, 0, 9223372036794465807
0, 6032, 0, 9223372036854775807, 0, 9223372036794455807
0, 6033, 0, 9223372036854775807, 0, 9223372036794445807
0, 6034, 0, 9223372036854775807, 0, 9223372036794435807
0, 6035, 0, 9223372036854775807, 0, 9223372036794425807
0, 6036, 0, 9223372036854775807, 0, 9223372036794415807
0, 6037, 0, 9223372036854775807, 0, 9223372036794405807
0, 6038, 0, 9223372036854775807, 0, 9223372036794395807
0, 6039, 0, 9223372036854775807, 0, 9223372036794385807
0, 604, 0, 9223372036854775807, 0, 9223372036848735807
0, 6040, 0, 9223372036854775807, 0, 9223372036794375807
0, 6041, 0, 9223372036854775807, 0, 9223372036794365807
0, 6042, 0, 9223372036854775807, 0, 9223372036794355807
0, 6043, 0, 9223372036854775807, 0, 9223372036794345807
0, 6044, 0, 9223372036854775807, 0, 9223372036794335807
0, 6045, 0, 9223372036854775807, 0, 9223372036794325807
0, 6046, 0, 9223372036854775807, 0, 9223372036794315807
0, 6047, 0, 9223372036854775807, 0, 9223372036794305807
0, 6048, 0, 9223372036854775807, 0, 9223372036794295807
0, 6049, 0, 9223372036854775807, 0, 9223372036794285807
0, 605, 0, 9223372036854775807, 0, 9223372036848725807
0, 6050, 0, 9223372036854775807, 0, 9223372036794275807
0, 6051, 0, 9223372036854775807, 0, 9223372036794265807
0, 6052, 0, 9223372036854775807, 0, 9223372036794255807
0, 6053, 0, 9223372036854775807, 0, 9223372036794245807
0, 6054, 0, 9223372036854775807, 0, 9223372036794235807
0, 6055, 0, 9223372036854775807, 0, 9223372036794225807
0, 6056, 0, 9223372036854775807, 0, 9223372036794215807
0, 6057, 0, 9223372036854775807, 0, 9223372036794205807
0, 6058, 0, 9223372036854775807, 0, 9223372036794195807
0, 6059, 0, 9223372036854775807, 0, 9223372036794185807
0, 606, 0, 9223372036854775807, 0, 9223372036848715807
0, 6060, 0, 9223372036854775807, 0, 9223372036794175807
0, 6061, 0, 9223372036854775807, 0, 9223372036794165807
0, 6062, 0, 9223372036854775807, 0, 9223372036794155807
0, 6063, 0, 9223372036854775807, 0, 9223372036794145807
0, 6064, 0, 9223372036854775807, 0, 9223372036794135807
0, 6065, 0, 9223372036854775807, 0, 9223372036794125807
0, 6066, 0, 9223372036854775807, 0, 9223372036794115807
0, 6067, 0, 9223372036854775807, 0, 9223372036794105807
0, 6068, 0, 9223372036854775807, 0, 9223372036794095807
0, 6069, 0, 9223372036854775807, 0, 9223372036794085807
0, 607, 0, 9223372036854775807, 0, 9223372036848705807
0, 6070, 0, 9223372036854775807, 0, 9223372036794075807
0, 6071, 0, 9223372036854775807, 0, 9223372036794065807
0, 6072, 0, 9223372036854775807, 0, 9223372036794055807
0, 6073, 0, 9223372036854775807, 0, 9223372036794045807
0, 6074, 0, 9223372036854775807, 0, 9223372036794035807
0, 6075, 0, 9223372036854775807, 0, 9223372036794025807
0, 6076, 0, 9223372036854775807, 0, 9223372036794015807
0, 6077, 0, 9223372036854775807, 0, 9223372036794005807
0, 6078, 0, 9223372036854775807, 0, 9223372036793995807
0, 6079, 0, 9223372036854775807, 0, 9223372036793985807
0, 608, 0, 9223372036854775807, 0, 9223372036848695807
0, 6080, 0, 9223372036854775807, 0, 9223372036793975807
0, 6081, 0, 9223372036854775807, 0, 9223372036793965807
0, 6082, 0, 9223372036854775807, 0, 9223372036793955807
0, 6083, 0, 9223372036854775807, 0, 9223372036793945807
0, 6084, 0, 9223372036854775807, 0, 9223372036793935807
0, 6085, 0, 9223372036854775807, 0, 9223372036793925807
0, 6086, 0, 9223372036854775807, 0, 9223372036793915807
0, 6087, 0, 9223372036854775807, 0, 9223372036793905807
0, 6088, 0, 9223372036854775807, 0, 9223372036793895807
0, 6089, 0, 9223372036854775807, 0, 9223372036793885807
0, 609, 0, 9223372036854775807, 0, 9223372036848685807
0, 6090, 0, 9223372036854775807, 0, 9223372036793875807
0, 6091, 0, 9223372036854775807, 0, 9223372036793865807
0, 6092, 0, 9223372036854775807, 0, 9223372036793855807
0, 6093, 0, 9223372036854775807, 0, 9223372036793845807
0, 6094, 0, 9223372036854775807, 0, 9223372036793835807
0, 6095, 0, 9223372036854775807, 0, 9223372036793825807
0, 6096, 0, 9223372036854775807, 0, 9223372036793815807
0, 6097, 0, 9223372036854775807, 0, 9223372036793805807
0, 6098, 0, 9223372036854775807, 0, 9223372036793795807
0, 6099, 0, 9223372036854775807, 0, 9223372036793785807
0, 61, 0, 9223372036854775807, 0, 9223372036854165807
0, 610, 0, 9223372036854775807, 0, 9223372036848675807
0, 6100, 0, 9223372036854775807, 0, 9223372036793775807
0, 6101, 0, 9223372036854775807, 0, 9223372036793765807
0, 6102, 0, 9223372036854775807, 0, 9223372036793755807
0, 6103, 0, 9223372036854775807, 0, 9223372036793745807
0, 6104, 0, 9223372036854775807, 0, 9223372036793735807
0, 6105, 0, 9223372036854775807, 0, 9223372036793725807
0, 6106, 0, 9223372036854775807, 0, 9223372036793715807
0, 6107, 0, 9223372036854775807, 0, 9223372036793705807
0, 6108, 0, 9223372036854775807, 0, 9223372036793695807
0, 6109, 0, 9223372036854775807, 0, 9223372036793685807
0, 611, 0, 9223372036854775807, 0, 9223372036848665807
0, 6110, 0, 9223372036854775807, 0, 9223372036793675807
0, 6111, 0, 9223372036854775807, 0, 9223372036793665807
0, 6112, 0, 9223372036854775807, 0, 9223372036793655807
0, 6113, 0, 9223372036854775807, 0, 9223372036793645807
0, 6114, 0, 9223372036854775807, 0, 9223372036793635807
0, 6115, 0, 9223372036854775807, 0, 9223372036793625807
0, 6116, 0, 9223372036854775807, 0, 9223372036793615807
0, 6117, 0, 9223372036854775807, 0, 9223372036793605807
0, 6118, 0, 9223372036854775807, 0, 9223372036793595807
0, 6119, 0, 9223372036854775807, 0, 9223372036793585807
0, 612, 0, 9223372036854775807, 0, 9223372036848655807
0, 6120, 0, 9223372036854775807, 0, 9223372036793575807
0, 6121, 0, 9223372036854775807, 0, 9223372036793565807
0, 6122, 0, 9223372036854775807, 0, 9223372036793555807
0, 6123, 0, 9223372036854775807, 0, 9223372036793545807
0, 6124, 0, 9223372036854775807, 0, 9223372036793535807
0, 6125, 0, 9223372036854775807, 0, 9223372036793525807
0, 6126, 0, 9223372036854775807, 0, 9223372036793515807
0, 6127, 0, 9223372036854775807, 0, 9223372036793505807
0, 6128, 0, 9223372036854775807, 0, 9223372036793495807
0, 6129, 0, 9223372036854775807, 0, 9223372036793485807
0, 613, 0, 9223372036854775807, 0, 9223372036848645807
0, 6130, 0, 9223372036854775807, 0, 9223372036793475807
0, 6131, 0, 9223372036854775807, 0, 9223372036793465807
0, 6132, 0, 9223372036854775807, 0, 9223372036793455807
0, 6133, 0, 9223372036854775807, 0, 9223372036793445807
0, 6134, 0, 9223372036854775807, 0, 9223372036793435807
0, 6135, 0, 9223372036854775807, 0, 9223372036793425807
0, 6136, 0, 9223372036854775807, 0, 9223372036793415807
0, 6137, 0, 9223372036854775807, 0, 9223372036793405807
0, 6138, 0, 9223372036854775807, 0, 9223372036793395807
0, 6139, 0, 9223372036854775807, 0, 9223372036793385807
0, 614, 0, 9223372036854775807, 0, 9223372036848635807
0, 6140, 0, 9223372036854775807, 0, 9223372036793375807
0, 6141, 0, 9223372036854775807, 0, 9223372036793365807
0, 6142, 0, 9223372036854775807, 0, 9223372036793355807
0, 6143, 0, 9223372036854775807, 0, 9223372036793345807
0, 6144, 0, 9223372036854775807, 0, 9223372036793335807
0, 6145, 0, 9223372036854775807, 0, 9223372036793325807
0, 6146, 0, 9223372036854775807, 0, 9223372036793315807
0, 6147, 0, 9223372036854775807, 0, 9223372036793305807
0, 6148, 0, 9223372036854775807, 0, 9223372036793295807
0, 6149, 0, 9223372036854775807, 0, 9223372036793285807
0, 615, 0, 9223372036854775807, 0, 9223372036848625807
0, 6150, 0, 9223372036854775807, 0, 9223372036793275807
0, 6151, 0, 9223372036854775807, 0, 9223372036793265807
0, 6152, 0, 9223372036854775807, 0, 9223372036793255807
0, 6153, 0, 9223372036854775807, 0, 9223372036793245807
0, 6154, 0, 9223372036854775807, 0, 9223372036793235807
0, 6155, 0, 9223372036854775807, 0, 9223372036793225807
0, 6156, 0, 9223372036854775807, 0, 9223372036793215807
0, 6157, 0, 9223372036854775807, 0, 9223372036793205807
0, 6158, 0, 9223372036854775807, 0, 9223372036793195807
0, 6159, 0, 9223372036854775807, 0, 9223372036793185807
0, 616, 0, 9223372036854775807, 0, 9223372036848615807
0, 6160, 0, 9223372036854775807, 0, 9223372036793175807
0, 6161, 0, 9223372036854775807, 0, 9223372036793165807
0, 6162, 0, 9223372036854775807, 0, 9223372036793155807
0, 6163, 0, 9223372036854775807, 0, 9223372036793145807
0, 6164, 0, 9223372036854775807, 0, 9223372036793135807
0, 6165, 0, 9223372036854775807, 0, 9223372036793125807
0, 6166, 0, 9223372036854775807, 0, 9223372036793115807
0, 6167, 0, 9223372036854775807, 0, 9223372036793105807
0, 6168, 0, 9223372036854775807, 0, 9223372036793095807
0, 6169, 0, 9223372036854775807, 0, 9223372036793085807
0, 617, 0, 9223372036854775807, 0, 9223372036848605807
0, 6170, 0, 9223372036854775807, 0, 9223372036793075807
0, 6171, 0, 9223372036854775807, 0, 9223372036793065807
0, 6172, 0, 9223372036854775807, 0, 9223372036793055807
0, 6173, 0, 9223372036854775807, 0, 9223372036793045807
0, 6174, 0, 9223372036854775807, 0, 9223372036793035807
0, 6175, 0, 9223372036854775807, 0, 9223372036793025807
0, 6176, 0, 9223372036854775807, 0, 9223372036793015807
0, 6177, 0, 9223372036854775807, 0, 9223372036793005807
0, 6178, 0, 9223372036854775807, 0, 9223372036792995807
0, 6179, 0, 9223372036854775807, 0, 9223372036792985807
0, 618, 0, 9223372036854775807, 0, 9223372036848595807
0, 6180, 0, 9223372036854775807, 0, 9223372036792975807
0, 6181, 0, 9223372036854775807, 0, 9223372036792965807
0, 6182, 0, 9223372036854775807, 0, 9223372036792955807
0, 6183, 0, 9223372036854775807, 0, 9223372036792945807
0, 6184, 0, 9223372036854775807, 0, 9223372036792935807
0, 6185, 0, 9223372036854775807, 0, 9223372036792925807
0, 6186, 0, 9223372036854775807, 0, 9223372036792915807
0, 6187, 0, 9223372036854775807, 0, 9223372036792905807
0, 6188, 0, 9223372036854775807, 0, 9223372036792895807
0, 6189, 0, 9223372036854775807, 0, 9223372036792885807
0, 619, 0, 9223372036854775807, 0, 9223372036848585807
0, 6190, 0, 9223372036854775807, 0, 9223372036792875807
0, 6191, 0, 9223372036854775807, 0, 9223372036792865807
0, 6192, 0, 9223372036854775807, 0, 9223372036792855807
0, 6193, 0, 9223372036854775807, 0, 9223372036792845807
0, 6194, 0, 9223372036854775807, 0, 9223372036792835807
0, 6195, 0, 9223372036854775807, 0, 9223372036792825807
0, 6196, 0, 9223372036854775807, 0, 9223372036792815807
0, 6197, 0, 9223372036854775807, 0, 9223372036792805807
0, 6198, 0, 9223372036854775807, 0, 9223372036792795807
0, 6199, 0, 9223372036854775807, 0, 9223372036792785807
0, 62, 0, 9223372036854775807, 0, 9223372036854155807
0, 620, 0, 9223372036854775807, 0, 9223372036848575807
0, 6200, 0, 9223372036854775807, 0, 9223372036792775807
0, 6201, 0, 9223372036854775807, 0, 9223372036792765807
0, 6202, 0, 9223372036854775807, 0, 9223372036792755807
0, 6203, 0, 9223372036854775807, 0, 9223372036792745807
0, 6204, 0, 9223372036854775807, 0, 9223372036792735807
0, 6205, 0, 9223372036854775807, 0, 9223372036792725807
0, 6206, 0, 9223372036854775807, 0, 9223372036792715807
0, 6207, 0, 9223372036854775807, 0, 9223372036792705807
0, 6208, 0, 9223372036854775807, 0, 9223372036792695807
0, 6209, 0, 9223372036854775807, 0, 9223372036792685807
0, 621, 0, 9223372036854775807, 0, 9223372036848565807
0, 6210, 0, 9223372036854775807, 0, 9223372036792675807
0, 6211, 0, 9223372036854775807, 0, 9223372036792665807
0, 6212, 0, 9223372036854775807, 0, 9223372036792655807
0, 6213, 0, 9223372036854775807, 0, 9223372036792645807
0, 6214, 0, 9223372036854775807, 0, 9223372036792635807
0, 6215, 0, 9223372036854775807, 0, 9223372036792625807
0, 6216, 0, 9223372036854775807, 0, 9223372036792615807
0, 6217, 0, 9223372036854775807, 0, 9223372036792605807
0, 6218, 0, 9223372036854775807, 0, 9223372036792595807
0, 6219, 0, 9223372036854775807, 0, 9223372036792585807
0, 622, 0, 9223372036854775807, 0, 9223372036848555807
0, 6220, 0, 9223372036854775807, 0, 9223372036792575807
0, 6221, 0, 9223372036854775807, 0, 9223372036792565807
0, 6222, 0, 9223372036854775807, 0, 9223372036792555807
0, 6223, 0, 9223372036854775807, 0, 9223372036792545807
0, 6224, 0, 9223372036854775807, 0, 9223372036792535807
0, 6225, 0, 9223372036854775807, 0, 9223372036792525807
0, 6226, 0, 9223372036854775807, 0, 9223372036792515807
0, 6227, 0, 9223372036854775807, 0, 9223372036792505807
0, 6228, 0, 9223372036854775807, 0, 9223372036792495807
0, 6229, 0, 9223372036854775807, 0, 9223372036792485807
0, 623, 0, 9223372036854775807, 0, 9223372036848545807
0, 6230, 0, 9223372036854775807, 0, 9223372036792475807
0, 6231, 0, 9223372036854775807, 0, 9223372036792465807
0, 6232, 0, 9223372036854775807, 0, 9223372036792455807
0, 6233, 0, 9223372036854775807, 0, 9223372036792445807
0, 6234, 0, 9223372036854775807, 0, 9223372036792435807
0, 6235, 0, 9223372036854775807, 0, 9223372036792425807
0, 6236, 0, 9223372036854775807, 0, 9223372036792415807
0, 6237, 0, 9223372036854775807, 0, 9223372036792405807
0, 6238, 0, 9223372036854775807, 0, 9223372036792395807
0, 6239, 0, 9223372036854775807, 0, 9223372036792385807
0, 624, 0, 9223372036854775807, 0, 9223372036848535807
0, 6240, 0, 9223372036854775807, 0, 9223372036792375807
0, 6241, 0, 9223372036854775807, 0, 9223372036792365807
0, 6242, 0, 9223372036854775807, 0, 9223372036792355807
0, 6243, 0, 9223372036854775807, 0, 9223372036792345807
0, 6244, 0, 9223372036854775807, 0, 9223372036792335807
0, 6245, 0, 9223372036854775807, 0, 9223372036792325807
0, 6246, 0, 9223372036854775807, 0, 9223372036792315807
0, 6247, 0, 9223372036854775807, 0, 9223372036792305807
0, 6248, 0, 9223372036854775807, 0, 9223372036792295807
0, 6249, 0, 9223372036854775807, 0, 9223372036792285807
0, 625, 0, 9223372036854775807, 0, 9223372036848525807
0, 6250, 0, 9223372036854775807, 0, 9223372036792275807
0, 6251, 0, 9223372036854775807, 0, 9223372036792265807
0, 6252, 0, 9223372036854775807, 0, 9223372036792255807
0, 6253, 0, 9223372036854775807, 0, 9223372036792245807
0, 6254, 0, 9223372036854775807, 0, 9223372036792235807
0, 6255, 0, 9223372036854775807, 0, 9223372036792225807
0, 6256, 0, 9223372036854775807, 0, 9223372036792215807
0, 6257, 0, 9223372036854775807, 0, 9223372036792205807
0, 6258, 0, 9223372036854775807, 0, 9223372036792195807
0, 6259, 0, 9223372036854775807, 0, 9223372036792185807
0, 626, 0, 9223372036854775807, 0, 9223372036848515807
0, 6260, 0, 9223372036854775807, 0, 9223372036792175807
0, 6261, 0, 9223372036854775807, 0, 9223372036792165807
0, 6262, 0, 9223372036854775807, 0, 9223372036792155807
0, 6263, 0, 9223372036854775807, 0, 9223372036792145807
0, 6264, 0, 9223372036854775807, 0, 9223372036792135807
0, 6265, 0, 9223372036854775807, 0, 9223372036792125807
0, 6266, 0, 9223372036854775807, 0, 9223372036792115807
0, 6267, 0, 9223372036854775807, 0, 9223372036792105807
0, 6268, 0, 9223372036854775807, 0, 9223372036792095807
0, 6269, 0, 9223372036854775807, 0, 9223372036792085807
0, 627, 0, 9223372036854775807, 0, 9223372036848505807
0, 6270, 0, 9223372036854775807, 0, 9223372036792075807
0, 6271, 0, 9223372036854775807, 0, 9223372036792065807
0, 6272, 0, 9223372036854775807, 0, 9223372036792055807
0, 6273, 0, 9223372036854775807, 0, 9223372036792045807
0, 6274, 0, 9223372036854775807, 0, 9223372036792035807
0, 6275, 0, 9223372036854775807, 0, 9223372036792025807
0, 6276, 0, 9223372036854775807, 0, 9223372036792015807
0, 6277, 0, 9223372036854775807, 0, 9223372036792005807
0, 6278, 0, 9223372036854775807, 0, 9223372036791995807
0, 6279, 0, 9223372036854775807, 0, 9223372036791985807
0, 628, 0, 9223372036854775807, 0, 9223372036848495807
0, 6280, 0, 9223372036854775807, 0, 9223372036791975807
0, 6281, 0, 9223372036854775807, 0, 9223372036791965807
0, 6282, 0, 9223372036854775807, 0, 9223372036791955807
0, 6283, 0, 9223372036854775807, 0, 9223372036791945807
0, 6284, 0, 9223372036854775807, 0, 9223372036791935807
0, 6285, 0, 9223372036854775807, 0, 9223372036791925807
0, 6286, 0, 9223372036854775807, 0, 9223372036791915807
0, 6287, 0, 9223372036854775807, 0, 9223372036791905807
0, 6288, 0, 9223372036854775807, 0, 9223372036791895807
0, 6289, 0, 9223372036854775807, 0, 9223372036791885807
0, 629, 0, 9223372036854775807, 0, 9223372036848485807
0, 6290, 0, 9223372036854775807, 0, 9223372036791875807
0, 6291, 0, 9223372036854775807, 0, 9223372036791865807
0, 6292, 0, 9223372036854775807, 0, 9223372036791855807
0, 6293, 0, 9223372036854775807, 0, 9223372036791845807
0, 6294, 0, 9223372036854775807, 0, 9223372036791835807
0, 6295, 0, 9223372036854775807, 0, 9223372036791825807
0, 6296, 0, 9223372036854775807, 0, 9223372036791815807
0, 6297, 0, 9223372036854775807, 0, 9223372036791805807
0, 6298, 0, 9223372036854775807, 0, 9223372036791795807
0, 6299, 0, 9223372036854775807, 0, 9223372036791785807
0, 63, 0, 9223372036854775807, 0, 9223372036854145807
0, 630, 0, 9223372036854775807, 0, 9223372036848475807
0, 6300, 0, 9223372036854775807, 0, 9223372036791775807
0, 6301, 0, 9223372036854775807, 0, 9223372036791765807
0, 6302, 0, 9223372036854775807, 0, 9223372036791755807
0, 6303, 0, 9223372036854775807, 0, 9223372036791745807
0, 6304, 0, 9223372036854775807, 0, 9223372036791735807
0, 6305, 0, 9223372036854775807, 0, 9223372036791725807
0, 6306, 0, 9223372036854775807, 0, 9223372036791715807
0, 6307, 0, 9223372036854775807, 0, 9223372036791705807
0, 6308, 0, 9223372036854775807, 0, 9223372036791695807
0, 6309, 0, 9223372036854775807, 0, 9223372036791685807
0, 631, 0, 9223372036854775807, 0, 9223372036848465807
0, 6310, 0, 9223372036854775807, 0, 9223372036791675807
0, 6311, 0, 9223372036854775807, 0, 9223372036791665807
0, 6312, 0, 9223372036854775807, 0, 9223372036791655807
0, 6313, 0, 9223372036854775807, 0, 9223372036791645807
0, 6314, 0, 9223372036854775807, 0, 9223372036791635807
0, 6315, 0, 9223372036854775807, 0, 9223372036791625807
0, 6316, 0, 9223372036854775807, 0, 9223372036791615807
0, 6317, 0, 9223372036854775807, 0, 9223372036791605807
0, 6318, 0, 9223372036854775807, 0, 9223372036791595807
0, 6319, 0, 9223372036854775807, 0, 9223372036791585807
0, 632, 0, 9223372036854775807, 0, 9223372036848455807
0, 6320, 0, 9223372036854775807, 0, 9223372036791575807
0, 6321, 0, 9223372036854775807, 0, 9223372036791565807
0, 6322, 0, 9223372036854775807, 0, 9223372036791555807
0, 6323, 0, 9223372036854775807, 0, 9223372036791545807
0, 6324, 0, 9223372036854775807, 0, 9223372036791535807
0, 6325, 0, 9223372036854775807, 0, 9223372036791525807
0, 6326, 0, 9223372036854775807, 0, 9223372036791515807
0, 6327, 0, 9223372036854775807, 0, 9223372036791505807
0, 6328, 0, 9223372036854775807, 0, 9223372036791495807
0, 6329, 0, 9223372036854775807, 0, 9223372036791485807
0, 633, 0, 9223372036854775807, 0, 9223372036848445807
0, 6330, 0, 9223372036854775807, 0, 9223372036791475807
0, 6331, 0, 9223372036854775807, 0, 9223372036791465807
0, 6332, 0, 9223372036854775807, 0, 9223372036791455807
0, 6333, 0, 9223372036854775807, 0, 9223372036791445807
0, 6334, 0, 9223372036854775807, 0, 9223372036791435807
0, 6335, 0, 9223372036854775807, 0, 9223372036791425807
0, 6336, 0, 9223372036854775807, 0, 9223372036791415807
0, 6337, 0, 9223372036854775807, 0, 9223372036791405807
0, 6338, 0, 9223372036854775807, 0, 9223372036791395807
0, 6339, 0, 9223372036854775807, 0, 9223372036791385807
0, 634, 0, 9223372036854775807, 0, 9223372036848435807
0, 6340, 0, 9223372036854775807, 0, 9223372036791375807
0, 6341, 0, 9223372036854775807, 0, 9223372036791365807
0, 6342, 0, 9223372036854775807, 0, 9223372036791355807
0, 6343, 0, 9223372036854775807, 0, 9223372036791345807
0, 6344, 0, 9223372036854775807, 0, 9223372036791335807
0, 6345, 0, 9223372036854775807, 0, 9223372036791325807
0, 6346, 0, 9223372036854775807, 0, 9223372036791315807
0, 6347, 0, 9223372036854775807, 0, 9223372036791305807
0, 6348, 0, 9223372036854775807, 0, 9223372036791295807
0, 6349, 0, 9223372036854775807, 0, 9223372036791285807
0, 635, 0, 9223372036854775807, 0, 9223372036848425807
0, 6350, 0, 9223372036854775807, 0, 9223372036791275807
0, 6351, 0, 9223372036854775807, 0, 9223372036791265807
0, 6352, 0, 9223372036854775807, 0, 9223372036791255807
0, 6353, 0, 9223372036854775807, 0, 9223372036791245807
0, 6354, 0, 9223372036854775807, 0, 9223372036791235807
0, 6355, 0, 9223372036854775807, 0, 9223372036791225807
0, 6356, 0, 9223372036854775807, 0, 9223372036791215807
0, 6357, 0, 9223372036854775807, 0, 9223372036791205807
0, 6358, 0, 9223372036854775807, 0, 9223372036791195807
0, 6359, 0, 9223372036854775807, 0, 9223372036791185807
0, 636, 0, 9223372036854775807, 0, 9223372036848415807
0, 6360, 0, 9223372036854775807, 0, 9223372036791175807
0, 6361, 0, 9223372036854775807, 0, 9223372036791165807
0, 6362, 0, 9223372036854775807, 0, 9223372036791155807
0, 6363, 0, 9223372036854775807, 0, 9223372036791145807
0, 6364, 0, 9223372036854775807, 0, 9223372036791135807
0, 6365, 0, 9223372036854775807, 0, 9223372036791125807
0, 6366, 0, 9223372036854775807, 0, 9223372036791115807
0, 6367, 0, 9223372036854775807, 0, 9223372036791105807
0, 6368, 0, 9223372036854775807, 0, 9223372036791095807
0, 6369, 0, 9223372036854775807, 0, 9223372036791085807
0, 637, 0, 9223372036854775807, 0, 9223372036848405807
0, 6370, 0, 9223372036854775807, 0, 9223372036791075807
0, 6371, 0, 9223372036854775807, 0, 9223372036791065807
0, 6372, 0, 9223372036854775807, 0, 9223372036791055807
0, 6373, 0, 9223372036854775807, 0, 9223372036791045807
0, 6374, 0, 9223372036854775807, 0, 9223372036791035807
0, 6375, 0, 9223372036854775807, 0, 9223372036791025807
0, 6376, 0, 9223372036854775807, 0, 9223372036791015807
0, 6377, 0, 9223372036854775807, 0, 9223372036791005807
0, 6378, 0, 9223372036854775807, 0, 9223372036790995807
0, 6379, 0, 9223372036854775807, 0, 9223372036790985807
0, 638, 0, 9223372036854775807, 0, 9223372036848395807
0, 6380, 0, 9223372036854775807, 0, 9223372036790975807
0, 6381, 0, 9223372036854775807, 0, 9223372036790965807
0, 6382, 0, 9223372036854775807, 0, 9223372036790955807
0, 6383, 0, 9223372036854775807, 0, 9223372036790945807
0, 6384, 0, 9223372036854775807, 0, 9223372036790935807
0, 6385, 0, 9223372036854775807, 0, 9223372036790925807
0, 6386, 0, 9223372036854775807, 0, 9223372036790915807
0, 6387, 0, 9223372036854775807, 0, 9223372036790905807
0, 6388, 0, 9223372036854775807, 0, 9223372036790895807
0, 6389, 0, 9223372036854775807, 0, 9223372036790885807
0, 639, 0, 9223372036854775807, 0, 9223372036848385807
0, 6390, 0, 9223372036854775807, 0, 9223372036790875807
0, 6391, 0, 9223372036854775807, 0, 9223372036790865807
0, 6392, 0, 9223372036854775807, 0, 9223372036790855807
0, 6393, 0, 9223372036854775807, 0, 9223372036790845807
0, 6394, 0, 9223372036854775807, 0, 9223372036790835807
0, 6395, 0, 9223372036854775807, 0, 9223372036790825807
0, 6396, 0, 9223372036854775807, 0, 9223372036790815807
0, 6397, 0, 9223372036854775807, 0, 9223372036790805807
0, 6398, 0, 9223372036854775807, 0, 9223372036790795807
0, 6399, 0, 9223372036854775807, 0, 9223372036790785807
0, 64, 0, 9223372036854775807, 0, 9223372036854135807
0, 640, 0, 9223372036854775807, 0, 9223372036848375807
0, 6400, 0, 9223372036854775807, 0, 9223372036790775807
0, 6401, 0, 9223372036854775807, 0, 9223372036790765807
0, 6402, 0, 9223372036854775807, 0, 9223372036790755807
0, 6403, 0, 9223372036854775807, 0, 9223372036790745807
0, 6404, 0, 9223372036854775807, 0, 9223372036790735807
0, 6405, 0, 9223372036854775807, 0, 9223372036790725807
0, 6406, 0, 9223372036854775807, 0, 9223372036790715807
0, 6407, 0, 9223372036854775807, 0, 9223372036790705807
0, 6408, 0, 9223372036854775807, 0, 9223372036790695807
0, 6409, 0, 9223372036854775807, 0, 9223372036790685807
0, 641, 0, 9223372036854775807, 0, 9223372036848365807
0, 6410, 0, 9223372036854775807, 0, 9223372036790675807
0, 6411, 0, 9223372036854775807, 0, 9223372036790665807
0, 6412, 0, 9223372036854775807, 0, 9223372036790655807
0, 6413, 0, 9223372036854775807, 0, 9223372036790645807
0, 6414, 0, 9223372036854775807, 0, 9223372036790635807
0, 6415, 0, 9223372036854775807, 0, 9223372036790625807
0, 6416, 0, 9223372036854775807, 0, 9223372036790615807
0, 6417, 0, 9223372036854775807, 0, 9223372036790605807
0, 6418, 0, 9223372036854775807, 0, 9223372036790595807
0, 6419, 0, 9223372036854775807, 0, 9223372036790585807
0, 642, 0, 9223372036854775807, 0, 9223372036848355807
0, 6420, 0, 9223372036854775807, 0, 9223372036790575807
0, 6421, 0, 9223372036854775807, 0, 9223372036790565807
0, 6422, 0, 9223372036854775807, 0, 9223372036790555807
0, 6423, 0, 9223372036854775807, 0, 9223372036790545807
0, 6424, 0, 9223372036854775807, 0, 9223372036790535807
0, 6425, 0, 9223372036854775807, 0, 9223372036790525807
0, 6426, 0, 9223372036854775807, 0, 9223372036790515807
0, 6427, 0, 9223372036854775807, 0, 9223372036790505807
0, 6428, 0, 9223372036854775807, 0, 9223372036790495807
0, 6429, 0, 9223372036854775807, 0, 9223372036790485807
0, 643, 0, 9223372036854775807, 0, 9223372036848345807
0, 6430, 0, 9223372036854775807, 0, 9223372036790475807
0, 6431, 0, 9223372036854775807, 0, 9223372036790465807
0, 6432, 0, 9223372036854775807, 0, 9223372036790455807
0, 6433, 0, 9223372036854775807, 0, 9223372036790445807
0, 6434, 0, 9223372036854775807, 0, 9223372036790435807
0, 6435, 0, 9223372036854775807, 0, 9223372036790425807
0, 6436, 0, 9223372036854775807, 0, 9223372036790415807
0, 6437, 0, 9223372036854775807, 0, 9223372036790405807
0, 6438, 0, 9223372036854775807, 0, 9223372036790395807
0, 6439, 0, 9223372036854775807, 0, 9223372036790385807
0, 644, 0, 9223372036854775807, 0, 9223372036848335807
0, 6440, 0, 9223372036854775807, 0, 9223372036790375807
0, 6441, 0, 9223372036854775807, 0, 9223372036790365807
0, 6442, 0, 9223372036854775807, 0, 9223372036790355807
0, 6443, 0, 9223372036854775807, 0, 9223372036790345807
0, 6444, 0, 9223372036854775807, 0, 9223372036790335807
0, 6445, 0, 9223372036854775807, 0, 9223372036790325807
0, 6446, 0, 9223372036854775807, 0, 9223372036790315807
0, 6447, 0, 9223372036854775807, 0, 9223372036790305807
0, 6448, 0, 9223372036854775807, 0, 9223372036790295807
0, 6449, 0, 9223372036854775807, 0, 9223372036790285807
0, 645, 0, 9223372036854775807, 0, 9223372036848325807
0, 6450, 0, 9223372036854775807, 0, 9223372036790275807
0, 6451, 0, 9223372036854775807, 0, 9223372036790265807
0, 6452, 0, 9223372036854775807, 0, 9223372036790255807
0, 6453, 0, 9223372036854775807, 0, 9223372036790245807
0, 6454, 0, 9223372036854775807, 0, 9223372036790235807
0, 6455, 0, 9223372036854775807, 0, 9223372036790225807
0, 6456, 0, 9223372036854775807, 0, 9223372036790215807
0, 6457, 0, 9223372036854775807, 0, 9223372036790205807
0, 6458, 0, 9223372036854775807, 0, 9223372036790195807
0, 6459, 0, 9223372036854775807, 0, 9223372036790185807
0, 646, 0, 9223372036854775807, 0, 9223372036848315807
0, 6460, 0, 9223372036854775807, 0, 9223372036790175807
0, 6461, 0, 9223372036854775807, 0, 9223372036790165807
0, 6462, 0, 9223372036854775807, 0, 9223372036790155807
0, 6463, 0, 9223372036854775807, 0, 9223372036790145807
0, 6464, 0, 9223372036854775807, 0, 9223372036790135807
0, 6465, 0, 9223372036854775807, 0, 9223372036790125807
0, 6466, 0, 9223372036854775807, 0, 9223372036790115807
0, 6467, 0, 9223372036854775807, 0, 9223372036790105807
0, 6468, 0, 9223372036854775807, 0, 9223372036790095807
0, 6469, 0, 9223372036854775807, 0, 9223372036790085807
0, 647, 0, 9223372036854775807, 0, 9223372036848305807
0, 6470, 0, 9223372036854775807, 0, 9223372036790075807
0, 6471, 0, 9223372036854775807, 0, 9223372036790065807
0, 6472, 0, 9223372036854775807, 0, 9223372036790055807
0, 6473, 0, 9223372036854775807, 0, 9223372036790045807
0, 6474, 0, 9223372036854775807, 0, 9223372036790035807
0, 6475, 0, 9223372036854775807, 0, 9223372036790025807
0, 6476, 0, 9223372036854775807, 0, 9223372036790015807
0, 6477, 0, 9223372036854775807, 0, 9223372036790005807
0, 6478, 0, 9223372036854775807, 0, 9223372036789995807
0, 6479, 0, 9223372036854775807, 0, 9223372036789985807
0, 648, 0, 9223372036854775807, 0, 9223372036848295807
0, 6480, 0, 9223372036854775807, 0, 9223372036789975807
0, 6481, 0, 9223372036854775807, 0, 9223372036789965807
0, 6482, 0, 9223372036854775807, 0, 9223372036789955807
0, 6483, 0, 9223372036854775807, 0, 9223372036789945807
0, 6484, 0, 9223372036854775807, 0, 9223372036789935807
0, 6485, 0, 9223372036854775807, 0, 9223372036789925807
0, 6486, 0, 9223372036854775807, 0, 9223372036789915807
0, 6487, 0, 9223372036854775807, 0, 9223372036789905807
0, 6488, 0, 9223372036854775807, 0, 9223372036789895807
0, 6489, 0, 9223372036854775807, 0, 9223372036789885807
0, 649, 0, 9223372036854775807, 0, 9223372036848285807
0, 6490, 0, 9223372036854775807, 0, 9223372036789875807
0, 6491, 0, 9223372036854775807, 0, 9223372036789865807
0, 6492, 0, 9223372036854775807, 0, 9223372036789855807
0, 6493, 0, 9223372036854775807, 0, 9223372036789845807
0, 6494, 0, 9223372036854775807, 0, 9223372036789835807
0, 6495, 0, 9223372036854775807, 0, 9223372036789825807
0, 6496, 0, 9223372036854775807, 0, 9223372036789815807
0, 6497, 0, 9223372036854775807, 0, 9223372036789805807
0, 6498, 0, 9223372036854775807, 0, 9223372036789795807
0, 6499, 0, 9223372036854775807, 0, 9223372036789785807
0, 65, 0, 9223372036854775807, 0, 9223372036854125807
0, 650, 0, 9223372036854775807, 0, 9223372036848275807
0, 6500, 0, 9223372036854775807, 0, 9223372036789775807
0, 6501, 0, 9223372036854775807, 0, 9223372036789765807
0, 6502, 0, 9223372036854775807, 0, 9223372036789755807
0, 6503, 0, 9223372036854775807, 0, 9223372036789745807
0, 6504, 0, 9223372036854775807, 0, 9223372036789735807
0, 6505, 0, 9223372036854775807, 0, 9223372036789725807
0, 6506, 0, 9223372036854775807, 0, 9223372036789715807
0, 6507, 0, 9223372036854775807, 0, 9223372036789705807
0, 6508, 0, 9223372036854775807, 0, 9223372036789695807
0, 6509, 0, 9223372036854775807, 0, 9223372036789685807
0, 651, 0, 9223372036854775807, 0, 9223372036848265807
0, 6510, 0, 9223372036854775807, 0, 9223372036789675807
0, 6511, 0, 9223372036854775807, 0, 9223372036789665807
0, 6512, 0, 9223372036854775807, 0, 9223372036789655807
0, 6513, 0, 9223372036854775807, 0, 9223372036789645807
0, 6514, 0, 9223372036854775807, 0, 9223372036789635807
0, 6515, 0, 9223372036854775807, 0, 9223372036789625807
0, 6516, 0, 9223372036854775807, 0, 9223372036789615807
0, 6517, 0, 9223372036854775807, 0, 9223372036789605807
0, 6518, 0, 9223372036854775807, 0, 9223372036789595807
0, 6519, 0, 9223372036854775807, 0, 9223372036789585807
0, 652, 0, 9223372036854775807, 0, 9223372036848255807
0, 6520, 0, 9223372036854775807, 0, 9223372036789575807
0, 6521, 0, 9223372036854775807, 0, 9223372036789565807
0, 6522, 0, 9223372036854775807, 0, 9223372036789555807
0, 6523, 0, 9223372036854775807, 0, 9223372036789545807
0, 6524, 0, 9223372036854775807, 0, 9223372036789535807
0, 6525, 0, 9223372036854775807, 0, 9223372036789525807
0, 6526, 0, 9223372036854775807, 0, 9223372036789515807
0, 6527, 0, 9223372036854775807, 0, 9223372036789505807
0, 6528, 0, 9223372036854775807, 0, 9223372036789495807
0, 6529, 0, 9223372036854775807, 0, 9223372036789485807
0, 653, 0, 9223372036854775807, 0, 9223372036848245807
0, 6530, 0, 9223372036854775807, 0, 9223372036789475807
0, 6531, 0, 9223372036854775807, 0, 9223372036789465807
0, 6532, 0, 9223372036854775807, 0, 9223372036789455807
0, 6533, 0, 9223372036854775807, 0, 9223372036789445807
0, 6534, 0, 9223372036854775807, 0, 9223372036789435807
0, 6535, 0, 9223372036854775807, 0, 9223372036789425807
0, 6536, 0, 9223372036854775807, 0, 9223372036789415807
0, 6537, 0, 9223372036854775807, 0, 9223372036789405807
0, 6538, 0, 9223372036854775807, 0, 9223372036789395807
0, 6539, 0, 9223372036854775807, 0, 9223372036789385807
0, 654, 0, 9223372036854775807, 0, 9223372036848235807
0, 6540, 0, 9223372036854775807, 0, 9223372036789375807
0, 6541, 0, 9223372036854775807, 0, 9223372036789365807
0, 6542, 0, 9223372036854775807, 0, 9223372036789355807
0, 6543, 0, 9223372036854775807, 0, 9223372036789345807
0, 6544, 0, 9223372036854775807, 0, 9223372036789335807
0, 6545, 0, 9223372036854775807, 0, 9223372036789325807
0, 6546, 0, 9223372036854775807, 0, 9223372036789315807
0, 6547, 0, 9223372036854775807, 0, 9223372036789305807
0, 6548, 0, 9223372036854775807, 0, 9223372036789295807
0, 6549, 0, 9223372036854775807, 0, 9223372036789285807
0, 655, 0, 9223372036854775807, 0, 9223372036848225807
0, 6550, 0, 9223372036854775807, 0, 9223372036789275807
0, 6551, 0, 9223372036854775807, 0, 9223372036789265807
0, 6552, 0, 9223372036854775807, 0, 9223372036789255807
0, 6553, 0, 9223372036854775807, 0, 9223372036789245807
0, 6554, 0, 9223372036854775807, 0, 9223372036789235807
0, 6555, 0, 9223372036854775807, 0, 9223372036789225807
0, 6556, 0, 9223372036854775807, 0, 9223372036789215807
0, 6557, 0, 9223372036854775807, 0, 9223372036789205807
0, 6558, 0, 9223372036854775807, 0, 9223372036789195807
0, 6559, 0, 9223372036854775807, 0, 9223372036789185807
0, 656, 0, 9223372036854775807, 0, 9223372036848215807
0, 6560, 0, 9223372036854775807, 0, 9223372036789175807
0, 6561, 0, 9223372036854775807, 0, 9223372036789165807
0, 6562, 0, 9223372036854775807, 0, 9223372036789155807
0, 6563, 0, 9223372036854775807, 0, 9223372036789145807
0, 6564, 0, 9223372036854775807, 0, 9223372036789135807
0, 6565, 0, 9223372036854775807, 0, 9223372036789125807
0, 6566, 0, 9223372036854775807, 0, 9223372036789115807
0, 6567, 0, 9223372036854775807, 0, 9223372036789105807
0, 6568, 0, 9223372036854775807, 0, 9223372036789095807
0, 6569, 0, 9223372036854775807, 0, 9223372036789085807
0, 657, 0, 9223372036854775807, 0, 9223372036848205807
0, 6570, 0, 9223372036854775807, 0, 9223372036789075807
0, 6571, 0, 9223372036854775807, 0, 9223372036789065807
0, 6572, 0, 9223372036854775807, 0, 9223372036789055807
0, 6573, 0, 9223372036854775807, 0, 9223372036789045807
0, 6574, 0, 9223372036854775807, 0, 9223372036789035807
0, 6575, 0, 9223372036854775807, 0, 9223372036789025807
0, 6576, 0, 9223372036854775807, 0, 9223372036789015807
0, 6577, 0, 9223372036854775807, 0, 9223372036789005807
0, 6578, 0, 9223372036854775807, 0, 9223372036788995807
0, 6579, 0, 9223372036854775807, 0, 9223372036788985807
0, 658, 0, 9223372036854775807, 0, 9223372036848195807
0, 6580, 0, 9223372036854775807, 0, 9223372036788975807
0, 6581, 0, 9223372036854775807, 0, 9223372036788965807
0, 6582, 0, 9223372036854775807, 0, 9223372036788955807
0, 6583, 0, 9223372036854775807, 0, 9223372036788945807
0, 6584, 0, 9223372036854775807, 0, 9223372036788935807
0, 6585, 0, 9223372036854775807, 0, 9223372036788925807
0, 6586, 0, 9223372036854775807, 0, 9223372036788915807
0, 6587, 0, 9223372036854775807, 0, 9223372036788905807
0, 6588, 0, 9223372036854775807, 0, 9223372036788895807
0, 6589, 0, 9223372036854775807, 0, 9223372036788885807
0, 659, 0, 9223372036854775807, 0, 9223372036848185807
0, 6590, 0, 9223372036854775807, 0, 9223372036788875807
0, 6591, 0, 9223372036854775807, 0, 9223372036788865807
0, 6592, 0, 9223372036854775807, 0, 9223372036788855807
0, 6593, 0, 9223372036854775807, 0, 9223372036788845807
0, 6594, 0, 9223372036854775807, 0, 9223372036788835807
0, 6595, 0, 9223372036854775807, 0, 9223372036788825807
0, 6596, 0, 9223372036854775807, 0, 9223372036788815807
0, 6597, 0, 9223372036854775807, 0, 9223372036788805807
0, 6598, 0, 9223372036854775807, 0, 9223372036788795807
0, 6599, 0, 9223372036854775807, 0, 9223372036788785807
0, 66, 0, 9223372036854775807, 0, 9223372036854115807
0, 660, 0, 9223372036854775807, 0, 9223372036848175807
0, 6600, 0, 9223372036854775807, 0, 9223372036788775807
0, 6601, 0, 9223372036854775807, 0, 9223372036788765807
0, 6602, 0, 9223372036854775807, 0, 9223372036788755807
0, 6603, 0, 9223372036854775807, 0, 9223372036788745807
0, 6604, 0, 9223372036854775807, 0, 9223372036788735807
0, 6605, 0, 9223372036854775807, 0, 9223372036788725807
0, 6606, 0, 9223372036854775807, 0, 9223372036788715807
0, 6607, 0, 9223372036854775807, 0, 9223372036788705807
0, 6608, 0, 9223372036854775807, 0, 9223372036788695807
0, 6609, 0, 9223372036854775807, 0, 9223372036788685807
0, 661, 0, 9223372036854775807, 0, 9223372036848165807
0, 6610, 0, 9223372036854775807, 0, 9223372036788675807
0, 6611, 0, 9223372036854775807, 0, 9223372036788665807
0, 6612, 0, 9223372036854775807, 0, 9223372036788655807
0, 6613, 0, 9223372036854775807, 0, 9223372036788645807
0, 6614, 0, 9223372036854775807, 0, 9223372036788635807
0, 6615, 0, 9223372036854775807, 0, 9223372036788625807
0, 6616, 0, 9223372036854775807, 0, 9223372036788615807
0, 6617, 0, 9223372036854775807, 0, 9223372036788605807
0, 6618, 0, 9223372036854775807, 0, 9223372036788595807
0, 6619, 0, 9223372036854775807, 0, 9223372036788585807
0, 662, 0, 9223372036854775807, 0, 9223372036848155807
0, 6620, 0, 9223372036854775807, 0, 9223372036788575807
0, 6621, 0, 9223372036854775807, 0, 9223372036788565807
0, 6622, 0, 9223372036854775807, 0, 9223372036788555807
0, 6623, 0, 9223372036854775807, 0, 9223372036788545807
0, 6624, 0, 9223372036854775807, 0, 9223372036788535807
0, 6625, 0, 9223372036854775807, 0, 9223372036788525807
0, 6626, 0, 9223372036854775807, 0, 9223372036788515807
0, 6627, 0, 9223372036854775807, 0, 9223372036788505807
0, 6628, 0, 9223372036854775807, 0, 9223372036788495807
0, 6629, 0, 9223372036854775807, 0, 9223372036788485807
0, 663, 0, 9223372036854775807, 0, 9223372036848145807
0, 6630, 0, 9223372036854775807, 0, 9223372036788475807
0, 6631, 0, 9223372036854775807, 0, 9223372036788465807
0, 6632, 0, 9223372036854775807, 0, 9223372036788455807
0, 6633, 0, 9223372036854775807, 0, 9223372036788445807
0, 6634, 0, 9223372036854775807, 0, 9223372036788435807
0, 6635, 0, 9223372036854775807, 0, 9223372036788425807
0, 6636, 0, 9223372036854775807, 0, 9223372036788415807
0, 6637, 0, 9223372036854775807, 0, 9223372036788405807
0, 6638, 0, 9223372036854775807, 0, 9223372036788395807
0, 6639, 0, 9223372036854775807, 0, 9223372036788385807
0, 664, 0, 9223372036854775807, 0, 9223372036848135807
0, 6640, 0, 9223372036854775807, 0, 9223372036788375807
0, 6641, 0, 9223372036854775807, 0, 9223372036788365807
0, 6642, 0, 9223372036854775807, 0, 9223372036788355807
0, 6643, 0, 9223372036854775807, 0, 9223372036788345807
0, 6644, 0, 9223372036854775807, 0, 9223372036788335807
0, 6645, 0, 9223372036854775807, 0, 9223372036788325807
0, 6646, 0, 9223372036854775807, 0, 9223372036788315807
0, 6647, 0, 9223372036854775807, 0, 9223372036788305807
0, 6648, 0, 9223372036854775807, 0, 9223372036788295807
0, 6649, 0, 9223372036854775807, 0, 9223372036788285807
0, 665, 0, 9223372036854775807, 0, 9223372036848125807
0, 6650, 0, 9223372036854775807, 0, 9223372036788275807
0, 6651, 0, 9223372036854775807, 0, 9223372036788265807
0, 6652, 0, 9223372036854775807, 0, 9223372036788255807
0, 6653, 0, 9223372036854775807, 0, 9223372036788245807
0, 6654, 0, 9223372036854775807, 0, 9223372036788235807
0, 6655, 0, 9223372036854775807, 0, 9223372036788225807
0, 6656, 0, 9223372036854775807, 0, 9223372036788215807
0, 6657, 0, 9223372036854775807, 0, 9223372036788205807
0, 6658, 0, 9223372036854775807, 0, 9223372036788195807
0, 6659, 0, 9223372036854775807, 0, 9223372036788185807
0, 666, 0, 9223372036854775807, 0, 9223372036848115807
0, 6660, 0, 9223372036854775807, 0, 9223372036788175807
0, 6661, 0, 9223372036854775807, 0, 9223372036788165807
0, 6662, 0, 9223372036854775807, 0, 9223372036788155807
0, 6663, 0, 9223372036854775807, 0, 9223372036788145807
0, 6664, 0, 9223372036854775807, 0, 9223372036788135807
0, 6665, 0, 9223372036854775807, 0, 9223372036788125807
0, 6666, 0, 9223372036854775807, 0, 9223372036788115807
0, 6667, 0, 9223372036854775807, 0, 9223372036788105807
0, 6668, 0, 9223372036854775807, 0, 9223372036788095807
0, 6669, 0, 9223372036854775807, 0, 9223372036788085807
0, 667, 0, 9223372036854775807, 0, 9223372036848105807
0, 6670, 0, 9223372036854775807, 0, 9223372036788075807
0, 6671, 0, 9223372036854775807, 0, 9223372036788065807
0, 6672, 0, 9223372036854775807, 0, 9223372036788055807
0, 6673, 0, 9223372036854775807, 0, 9223372036788045807
0, 6674, 0, 9223372036854775807, 0, 9223372036788035807
0, 6675, 0, 9223372036854775807, 0, 9223372036788025807
0, 6676, 0, 9223372036854775807, 0, 9223372036788015807
0, 6677, 0, 9223372036854775807, 0, 9223372036788005807
0, 6678, 0, 9223372036854775807, 0, 9223372036787995807
0, 6679, 0, 9223372036854775807, 0, 9223372036787985807
0, 668, 0, 9223372036854775807, 0, 9223372036848095807
0, 6680, 0, 9223372036854775807, 0, 9223372036787975807
0, 6681, 0, 9223372036854775807, 0, 9223372036787965807
0, 6682, 0, 9223372036854775807, 0, 9223372036787955807
0, 6683, 0, 9223372036854775807, 0, 9223372036787945807
0, 6684, 0, 9223372036854775807, 0, 9223372036787935807
0, 6685, 0, 9223372036854775807, 0, 9223372036787925807
0, 6686, 0, 9223372036854775807, 0, 9223372036787915807
0, 6687, 0, 9223372036854775807, 0, 9223372036787905807
0, 6688, 0, 9223372036854775807, 0, 9223372036787895807
0, 6689, 0, 9223372036854775807, 0, 9223372036787885807
0, 669, 0, 9223372036854775807, 0, 9223372036848085807
0, 6690, 0, 9223372036854775807, 0, 9223372036787875807
0, 6691, 0, 9223372036854775807, 0, 9223372036787865807
0, 6692, 0, 9223372036854775807, 0, 9223372036787855807
0, 6693, 0, 9223372036854775807, 0, 9223372036787845807
0, 6694, 0, 9223372036854775807, 0, 9223372036787835807
0, 6695, 0, 9223372036854775807, 0, 9223372036787825807
0, 6696, 0, 9223372036854775807, 0, 9223372036787815807
0, 6697, 0, 9223372036854775807, 0, 9223372036787805807
0, 6698, 0, 9223372036854775807, 0, 9223372036787795807
0, 6699, 0, 9223372036854775807, 0, 9223372036787785807
0, 67, 0, 9223372036854775807, 0, 9223372036854105807
0, 670, 0, 9223372036854775807, 0, 9223372036848075807
0, 6700, 0, 9223372036854775807, 0, 9223372036787775807
0, 6701, 0, 9223372036854775807, 0, 9223372036787765807
0, 6702, 0, 9223372036854775807, 0, 9223372036787755807
0, 6703, 0, 9223372036854775807, 0, 9223372036787745807
0, 6704, 0, 9223372036854775807, 0, 9223372036787735807
0, 6705, 0, 9223372036854775807, 0, 9223372036787725807
0, 6706, 0, 9223372036854775807, 0, 9223372036787715807
0, 6707, 0, 9223372036854775807, 0, 9223372036787705807
0, 6708, 0, 9223372036854775807, 0, 9223372036787695807
0, 6709, 0, 9223372036854775807, 0, 9223372036787685807
0, 671, 0, 9223372036854775807, 0, 9223372036848065807
0, 6710, 0, 9223372036854775807, 0, 9223372036787675807
0, 6711, 0, 9223372036854775807, 0, 9223372036787665807
0, 6712, 0, 9223372036854775807, 0, 9223372036787655807
0, 6713, 0, 9223372036854775807, 0, 9223372036787645807
0, 6714, 0, 9223372036854775807, 0, 9223372036787635807
0, 6715, 0, 9223372036854775807, 0, 9223372036787625807
0, 6716, 0, 9223372036854775807, 0, 9223372036787615807
0, 6717, 0, 9223372036854775807, 0, 9223372036787605807
0, 6718, 0, 9223372036854775807, 0, 9223372036787595807
0, 6719, 0, 9223372036854775807, 0, 9223372036787585807
0, 672, 0, 9223372036854775807, 0, 9223372036848055807
0, 6720, 0, 9223372036854775807, 0, 9223372036787575807
0, 6721, 0, 9223372036854775807, 0, 9223372036787565807
0, 6722, 0, 9223372036854775807, 0, 9223372036787555807
0, 6723, 0, 9223372036854775807, 0, 9223372036787545807
0, 6724, 0, 9223372036854775807, 0, 9223372036787535807
0, 6725, 0, 9223372036854775807, 0, 9223372036787525807
0, 6726, 0, 9223372036854775807, 0, 9223372036787515807
0, 6727, 0, 9223372036854775807, 0, 9223372036787505807
0, 6728, 0, 9223372036854775807, 0, 9223372036787495807
0, 6729, 0, 9223372036854775807, 0, 9223372036787485807
0, 673, 0, 9223372036854775807, 0, 9223372036848045807
0, 6730, 0, 9223372036854775807, 0, 9223372036787475807
0, 6731, 0, 9223372036854775807, 0, 9223372036787465807
0, 6732, 0, 9223372036854775807, 0, 9223372036787455807
0, 6733, 0, 9223372036854775807, 0, 9223372036787445807
0, 6734, 0, 9223372036854775807, 0, 9223372036787435807
0, 6735, 0, 9223372036854775807, 0, 9223372036787425807
0, 6736, 0, 9223372036854775807, 0, 9223372036787415807
0, 6737, 0, 9223372036854775807, 0, 9223372036787405807
0, 6738, 0, 9223372036854775807, 0, 9223372036787395807
0, 6739, 0, 9223372036854775807, 0, 9223372036787385807
0, 674, 0, 9223372036854775807, 0, 9223372036848035807
0, 6740, 0, 9223372036854775807, 0, 9223372036787375807
0, 6741, 0, 9223372036854775807, 0, 9223372036787365807
0, 6742, 0, 9223372036854775807, 0, 9223372036787355807
0, 6743, 0, 9223372036854775807, 0, 9223372036787345807
0, 6744, 0, 9223372036854775807, 0, 9223372036787335807
0, 6745, 0, 9223372036854775807, 0, 9223372036787325807
0, 6746, 0, 9223372036854775807, 0, 9223372036787315807
0, 6747, 0, 9223372036854775807, 0, 9223372036787305807
0, 6748, 0, 9223372036854775807, 0, 9223372036787295807
0, 6749, 0, 9223372036854775807, 0, 9223372036787285807
0, 675, 0, 9223372036854775807, 0, 9223372036848025807
0, 6750, 0, 9223372036854775807, 0, 9223372036787275807
0, 6751, 0, 9223372036854775807, 0, 9223372036787265807
0, 6752, 0, 9223372036854775807, 0, 9223372036787255807
0, 6753, 0, 9223372036854775807, 0, 9223372036787245807
0, 6754, 0, 9223372036854775807, 0, 9223372036787235807
0, 6755, 0, 9223372036854775807, 0, 9223372036787225807
0, 6756, 0, 9223372036854775807, 0, 9223372036787215807
0, 6757, 0, 9223372036854775807, 0, 9223372036787205807
0, 6758, 0, 9223372036854775807, 0, 9223372036787195807
0, 6759, 0, 9223372036854775807, 0, 9223372036787185807
0, 676, 0, 9223372036854775807, 0, 9223372036848015807
0, 6760, 0, 9223372036854775807, 0, 9223372036787175807
0, 6761, 0, 9223372036854775807, 0, 9223372036787165807
0, 6762, 0, 9223372036854775807, 0, 9223372036787155807
0, 6763, 0, 9223372036854775807, 0, 9223372036787145807
0, 6764, 0, 9223372036854775807, 0, 9223372036787135807
0, 6765, 0, 9223372036854775807, 0, 9223372036787125807
0, 6766, 0, 9223372036854775807, 0, 9223372036787115807
0, 6767, 0, 9223372036854775807, 0, 9223372036787105807
0, 6768, 0, 9223372036854775807, 0, 9223372036787095807
0, 6769, 0, 9223372036854775807, 0, 9223372036787085807
0, 677, 0, 9223372036854775807, 0, 9223372036848005807
0, 6770, 0, 9223372036854775807, 0, 9223372036787075807
0, 6771, 0, 9223372036854775807, 0, 9223372036787065807
0, 6772, 0, 9223372036854775807, 0, 9223372036787055807
0, 6773, 0, 9223372036854775807, 0, 9223372036787045807
0, 6774, 0, 9223372036854775807, 0, 9223372036787035807
0, 6775, 0, 9223372036854775807, 0, 9223372036787025807
0, 6776, 0, 9223372036854775807, 0, 9223372036787015807
0, 6777, 0, 9223372036854775807, 0, 9223372036787005807
0, 6778, 0, 9223372036854775807, 0, 9223372036786995807
0, 6779, 0, 9223372036854775807, 0, 9223372036786985807
0, 678, 0, 9223372036854775807, 0, 9223372036847995807
0, 6780, 0, 9223372036854775807, 0, 9223372036786975807
0, 6781, 0, 9223372036854775807, 0, 9223372036786965807
0, 6782, 0, 9223372036854775807, 0, 9223372036786955807
0, 6783, 0, 9223372036854775807, 0, 9223372036786945807
0, 6784, 0, 9223372036854775807, 0, 9223372036786935807
0, 6785, 0, 9223372036854775807, 0, 9223372036786925807
0, 6786, 0, 9223372036854775807, 0, 9223372036786915807
0, 6787, 0, 9223372036854775807, 0, 9223372036786905807
0, 6788, 0, 9223372036854775807, 0, 9223372036786895807
0, 6789, 0, 9223372036854775807, 0, 9223372036786885807
0, 679, 0, 9223372036854775807, 0, 9223372036847985807
0, 6790, 0, 9223372036854775807, 0, 9223372036786875807
0, 6791, 0, 9223372036854775807, 0, 9223372036786865807
0, 6792, 0, 9223372036854775807, 0, 9223372036786855807
0, 6793, 0, 9223372036854775807, 0, 9223372036786845807
0, 6794, 0, 9223372036854775807, 0, 9223372036786835807
0, 6795, 0, 9223372036854775807, 0, 9223372036786825807
0, 6796, 0, 9223372036854775807, 0, 9223372036786815807
0, 6797, 0, 9223372036854775807, 0, 9223372036786805807
0, 6798, 0, 9223372036854775807, 0, 9223372036786795807
0, 6799, 0, 9223372036854775807, 0, 9223372036786785807
0, 68, 0, 9223372036854775807, 0, 9223372036854095807
0, 680, 0, 9223372036854775807, 0, 9223372036847975807
0, 6800, 0, 9223372036854775807, 0, 9223372036786775807
0, 6801, 0, 9223372036854775807, 0, 9223372036786765807
0, 6802, 0, 9223372036854775807, 0, 9223372036786755807
0, 6803, 0, 9223372036854775807, 0, 9223372036786745807
0, 6804, 0, 9223372036854775807, 0, 9223372036786735807
0, 6805, 0, 9223372036854775807, 0, 9223372036786725807
0, 6806, 0, 9223372036854775807, 0, 9223372036786715807
0, 6807, 0, 9223372036854775807, 0, 9223372036786705807
0, 6808, 0, 9223372036854775807, 0, 9223372036786695807
0, 6809, 0, 9223372036854775807, 0, 9223372036786685807
0, 681, 0, 9223372036854775807, 0, 9223372036847965807
0, 6810, 0, 9223372036854775807, 0, 9223372036786675807
0, 6811, 0, 9223372036854775807, 0, 9223372036786665807
0, 6812, 0, 9223372036854775807, 0, 9223372036786655807
0, 6813, 0, 9223372036854775807, 0, 9223372036786645807
0, 6814, 0, 9223372036854775807, 0, 9223372036786635807
0, 6815, 0, 9223372036854775807, 0, 9223372036786625807
0, 6816, 0, 9223372036854775807, 0, 9223372036786615807
0, 6817, 0, 9223372036854775807, 0, 9223372036786605807
0, 6818, 0, 9223372036854775807, 0, 9223372036786595807
0, 6819, 0, 9223372036854775807, 0, 9223372036786585807
0, 682, 0, 9223372036854775807, 0, 9223372036847955807
0, 6820, 0, 9223372036854775807, 0, 9223372036786575807
0, 6821, 0, 9223372036854775807, 0, 9223372036786565807
0, 6822, 0, 9223372036854775807, 0, 9223372036786555807
0, 6823, 0, 9223372036854775807, 0, 9223372036786545807
0, 6824, 0, 9223372036854775807, 0, 9223372036786535807
0, 6825, 0, 9223372036854775807, 0, 9223372036786525807
0, 6826, 0, 9223372036854775807, 0, 9223372036786515807
0, 6827, 0, 9223372036854775807, 0, 9223372036786505807
0, 6828, 0, 9223372036854775807, 0, 9223372036786495807
0, 6829, 0, 9223372036854775807, 0, 9223372036786485807
0, 683, 0, 9223372036854775807, 0, 9223372036847945807
0, 6830, 0, 9223372036854775807, 0, 9223372036786475807
0, 6831, 0, 9223372036854775807, 0, 9223372036786465807
0, 6832, 0, 9223372036854775807, 0, 9223372036786455807
0, 6833, 0, 9223372036854775807, 0, 9223372036786445807
0, 6834, 0, 9223372036854775807, 0, 9223372036786435807
0, 6835, 0, 9223372036854775807, 0, 9223372036786425807
0, 6836, 0, 9223372036854775807, 0, 9223372036786415807
0, 6837, 0, 9223372036854775807, 0, 9223372036786405807
0, 6838, 0, 9223372036854775807, 0, 9223372036786395807
0, 6839, 0, 9223372036854775807, 0, 9223372036786385807
0, 684, 0, 9223372036854775807, 0, 9223372036847935807
0, 6840, 0, 9223372036854775807, 0, 9223372036786375807
0, 6841, 0, 9223372036854775807, 0, 9223372036786365807
0, 6842, 0, 9223372036854775807, 0, 9223372036786355807
0, 6843, 0, 9223372036854775807, 0, 9223372036786345807
0, 6844, 0, 9223372036854775807, 0, 9223372036786335807
0, 6845, 0, 9223372036854775807, 0, 9223372036786325807
0, 6846, 0, 9223372036854775807, 0, 9223372036786315807
0, 6847, 0, 9223372036854775807, 0, 9223372036786305807
0, 6848, 0, 9223372036854775807, 0, 9223372036786295807
0, 6849, 0, 9223372036854775807, 0, 9223372036786285807
0, 685, 0, 9223372036854775807, 0, 9223372036847925807
0, 6850, 0, 9223372036854775807, 0, 9223372036786275807
0, 6851, 0, 9223372036854775807, 0, 9223372036786265807
0, 6852, 0, 9223372036854775807, 0, 9223372036786255807
0, 6853, 0, 9223372036854775807, 0, 9223372036786245807
0, 6854, 0, 9223372036854775807, 0, 9223372036786235807
0, 6855, 0, 9223372036854775807, 0, 9223372036786225807
0, 6856, 0, 9223372036854775807, 0, 9223372036786215807
0, 6857, 0, 9223372036854775807, 0, 9223372036786205807
0, 6858, 0, 9223372036854775807, 0, 9223372036786195807
0, 6859, 0, 9223372036854775807, 0, 9223372036786185807
0, 686, 0, 9223372036854775807, 0, 9223372036847915807
0, 6860, 0, 9223372036854775807, 0, 9223372036786175807
0, 6861, 0, 9223372036854775807, 0, 9223372036786165807
0, 6862, 0, 9223372036854775807, 0, 9223372036786155807
0, 6863, 0, 9223372036854775807, 0, 9223372036786145807
0, 6864, 0, 9223372036854775807, 0, 9223372036786135807
0, 6865, 0, 9223372036854775807, 0, 9223372036786125807
0, 6866, 0, 9223372036854775807, 0, 9223372036786115807
0, 6867, 0, 9223372036854775807, 0, 9223372036786105807
0, 6868, 0, 9223372036854775807, 0, 9223372036786095807
0, 6869, 0, 9223372036854775807, 0, 9223372036786085807
0, 687, 0, 9223372036854775807, 0, 9223372036847905807
0, 6870, 0, 9223372036854775807, 0, 9223372036786075807
0, 6871, 0, 9223372036854775807, 0, 9223372036786065807
0, 6872, 0, 9223372036854775807, 0, 9223372036786055807
0, 6873, 0, 9223372036854775807, 0, 9223372036786045807
0, 6874, 0, 9223372036854775807, 0, 9223372036786035807
0, 6875, 0, 9223372036854775807, 0, 9223372036786025807
0, 6876, 0, 9223372036854775807, 0, 9223372036786015807
0, 6877, 0, 9223372036854775807, 0, 9223372036786005807
0, 6878, 0, 9223372036854775807, 0, 9223372036785995807
0, 6879, 0, 9223372036854775807, 0, 9223372036785985807
0, 688, 0, 9223372036854775807, 0, 9223372036847895807
0, 6880, 0, 9223372036854775807, 0, 9223372036785975807
0, 6881, 0, 9223372036854775807, 0, 9223372036785965807
0, 6882, 0, 9223372036854775807, 0, 9223372036785955807
0, 6883, 0, 9223372036854775807, 0, 9223372036785945807
0, 6884, 0, 9223372036854775807, 0, 9223372036785935807
0, 6885, 0, 9223372036854775807, 0, 9223372036785925807
0, 6886, 0, 9223372036854775807, 0, 9223372036785915807
0, 6887, 0, 9223372036854775807, 0, 9223372036785905807
0, 6888, 0, 9223372036854775807, 0, 9223372036785895807
0, 6889, 0, 9223372036854775807, 0, 9223372036785885807
0, 689, 0, 9223372036854775807, 0, 9223372036847885807
0, 6890, 0, 9223372036854775807, 0, 9223372036785875807
0, 6891, 0, 9223372036854775807, 0, 9223372036785865807
0, 6892, 0, 9223372036854775807, 0, 9223372036785855807
0, 6893, 0, 9223372036854775807, 0, 9223372036785845807
0, 6894, 0, 9223372036854775807, 0, 9223372036785835807
0, 6895, 0, 9223372036854775807, 0, 9223372036785825807
0, 6896, 0, 9223372036854775807, 0, 9223372036785815807
0, 6897, 0, 9223372036854775807, 0, 9223372036785805807
0, 6898, 0, 9223372036854775807, 0, 9223372036785795807
0, 6899, 0, 9223372036854775807, 0, 9223372036785785807
0, 69, 0, 9223372036854775807, 0, 9223372036854085807
0, 690, 0, 9223372036854775807, 0, 9223372036847875807
0, 6900, 0, 9223372036854775807, 0, 9223372036785775807
0, 6901, 0, 9223372036854775807, 0, 9223372036785765807
0, 6902, 0, 9223372036854775807, 0, 9223372036785755807
0, 6903, 0, 9223372036854775807, 0, 9223372036785745807
0, 6904, 0, 9223372036854775807, 0, 9223372036785735807
0, 6905, 0, 9223372036854775807, 0, 9223372036785725807
0, 6906, 0, 9223372036854775807, 0, 9223372036785715807
0, 6907, 0, 9223372036854775807, 0, 9223372036785705807
0, 6908, 0, 9223372036854775807, 0, 9223372036785695807
0, 6909, 0, 9223372036854775807, 0, 9223372036785685807
0, 691, 0, 9223372036854775807, 0, 9223372036847865807
0, 6910, 0, 9223372036854775807, 0, 9223372036785675807
0, 6911, 0, 9223372036854775807, 0, 9223372036785665807
0, 6912, 0, 9223372036854775807, 0, 9223372036785655807
0, 6913, 0, 9223372036854775807, 0, 9223372036785645807
0, 6914, 0, 9223372036854775807, 0, 9223372036785635807
0, 6915, 0, 9223372036854775807, 0, 9223372036785625807
0, 6916, 0, 9223372036854775807, 0, 9223372036785615807
0, 6917, 0, 9223372036854775807, 0, 9223372036785605807
0, 6918, 0, 9223372036854775807, 0, 9223372036785595807
0, 6919, 0, 9223372036854775807, 0, 9223372036785585807
0, 692, 0, 9223372036854775807, 0, 9223372036847855807
0, 6920, 0, 9223372036854775807, 0, 9223372036785575807
0, 6921, 0, 9223372036854775807, 0, 9223372036785565807
0, 6922, 0, 9223372036854775807, 0, 9223372036785555807
0, 6923, 0, 9223372036854775807, 0, 9223372036785545807
0, 6924, 0, 9223372036854775807, 0, 9223372036785535807
0, 6925, 0, 9223372036854775807, 0, 9223372036785525807
0, 6926, 0, 9223372036854775807, 0, 9223372036785515807
0, 6927, 0, 9223372036854775807, 0, 9223372036785505807
0, 6928, 0, 9223372036854775807, 0, 9223372036785495807
0, 6929, 0, 9223372036854775807, 0, 9223372036785485807
0, 693, 0, 9223372036854775807, 0, 9223372036847845807
0, 6930, 0, 9223372036854775807, 0, 9223372036785475807
0, 6931, 0, 9223372036854775807, 0, 9223372036785465807
0, 6932, 0, 9223372036854775807, 0, 9223372036785455807
0, 6933, 0, 9223372036854775807, 0, 9223372036785445807
0, 6934, 0, 9223372036854775807, 0, 9223372036785435807
0, 6935, 0, 9223372036854775807, 0, 9223372036785425807
0, 6936, 0, 9223372036854775807, 0, 9223372036785415807
0, 6937, 0, 9223372036854775807, 0, 9223372036785405807
0, 6938, 0, 9223372036854775807, 0, 9223372036785395807
0, 6939, 0, 9223372036854775807, 0, 9223372036785385807
0, 694, 0, 9223372036854775807, 0, 9223372036847835807
0, 6940, 0, 9223372036854775807, 0, 9223372036785375807
0, 6941, 0, 9223372036854775807, 0, 9223372036785365807
0, 6942, 0, 9223372036854775807, 0, 9223372036785355807
0, 6943, 0, 9223372036854775807, 0, 9223372036785345807
0, 6944, 0, 9223372036854775807, 0, 9223372036785335807
0, 6945, 0, 9223372036854775807, 0, 9223372036785325807
0, 6946, 0, 9223372036854775807, 0, 9223372036785315807
0, 6947, 0, 9223372036854775807, 0, 9223372036785305807
0, 6948, 0, 9223372036854775807, 0, 9223372036785295807
0, 6949, 0, 9223372036854775807, 0, 9223372036785285807
0, 695, 0, 9223372036854775807, 0, 9223372036847825807
0, 6950, 0, 9223372036854775807, 0, 9223372036785275807
0, 6951, 0, 9223372036854775807, 0, 9223372036785265807
0, 6952, 0, 9223372036854775807, 0, 9223372036785255807
0, 6953, 0, 9223372036854775807, 0, 9223372036785245807
0, 6954, 0, 9223372036854775807, 0, 9223372036785235807
0, 6955, 0, 9223372036854775807, 0, 9223372036785225807
0, 6956, 0, 9223372036854775807, 0, 9223372036785215807
0, 6957, 0, 9223372036854775807, 0, 9223372036785205807
0, 6958, 0, 9223372036854775807, 0, 9223372036785195807
0, 6959, 0, 9223372036854775807, 0, 9223372036785185807
0, 696, 0, 9223372036854775807, 0, 9223372036847815807
0, 6960, 0, 9223372036854775807, 0, 9223372036785175807
0, 6961, 0, 9223372036854775807, 0, 9223372036785165807
0, 6962, 0, 9223372036854775807, 0, 9223372036785155807
0, 6963, 0, 9223372036854775807, 0, 9223372036785145807
0, 6964, 0, 9223372036854775807, 0, 9223372036785135807
0, 6965, 0, 9223372036854775807, 0, 9223372036785125807
0, 6966, 0, 9223372036854775807, 0, 9223372036785115807
0, 6967, 0, 9223372036854775807, 0, 9223372036785105807
0, 6968, 0, 9223372036854775807, 0, 9223372036785095807
0, 6969, 0, 9223372036854775807, 0, 9223372036785085807
0, 697, 0, 9223372036854775807, 0, 9223372036847805807
0, 6970, 0, 9223372036854775807, 0, 9223372036785075807
0, 6971, 0, 9223372036854775807, 0, 9223372036785065807
0, 6972, 0, 9223372036854775807, 0, 9223372036785055807
0, 6973, 0, 9223372036854775807, 0, 9223372036785045807
0, 6974, 0, 9223372036854775807, 0, 9223372036785035807
0, 6975, 0, 9223372036854775807, 0, 9223372036785025807
0, 6976, 0, 9223372036854775807, 0, 9223372036785015807
0, 6977, 0, 9223372036854775807, 0, 9223372036785005807
0, 6978, 0, 9223372036854775807, 0, 9223372036784995807
0, 6979, 0, 9223372036854775807, 0, 9223372036784985807
0, 698, 0, 9223372036854775807, 0, 9223372036847795807
0, 6980, 0, 9223372036854775807, 0, 9223372036784975807
0, 6981, 0, 9223372036854775807, 0, 9223372036784965807
0, 6982, 0, 9223372036854775807, 0, 9223372036784955807
0, 6983, 0, 9223372036854775807, 0, 9223372036784945807
0, 6984, 0, 9223372036854775807, 0, 9223372036784935807
0, 6985, 0, 9223372036854775807, 0, 9223372036784925807
0, 6986, 0, 9223372036854775807, 0, 9223372036784915807
0, 6987, 0, 9223372036854775807, 0, 9223372036784905807
0, 6988, 0, 9223372036854775807, 0, 9223372036784895807
0, 6989, 0, 9223372036854775807, 0, 9223372036784885807
0, 699, 0, 9223372036854775807, 0, 9223372036847785807
0, 6990, 0, 9223372036854775807, 0, 9223372036784875807
0, 6991, 0, 9223372036854775807, 0, 9223372036784865807
0, 6992, 0, 9223372036854775807, 0, 9223372036784855807
0, 6993, 0, 9223372036854775807, 0, 9223372036784845807
0, 6994, 0, 9223372036854775807, 0, 9223372036784835807
0, 6995, 0, 9223372036854775807, 0, 9223372036784825807
0, 6996, 0, 9223372036854775807, 0, 9223372036784815807
0, 6997, 0, 9223372036854775807, 0, 9223372036784805807
0, 6998, 0, 9223372036854775807, 0, 9223372036784795807
0, 6999, 0, 9223372036854775807, 0, 9223372036784785807
0, 7, 0, 9223372036854775807, 0, 9223372036854705807
0, 70, 0, 9223372036854775807, 0, 9223372036854075807
0, 700, 0, 9223372036854775807, 0, 9223372036847775807
0, 7000, 0, 9223372036854775807, 0, 9223372036784775807
0, 7001, 0, 9223372036854775807, 0, 9223372036784765807
0, 7002, 0, 9223372036854775807, 0, 9223372036784755807
0, 7003, 0, 9223372036854775807, 0, 9223372036784745807
0, 7004, 0, 9223372036854775807, 0, 9223372036784735807
0, 7005, 0, 9223372036854775807, 0, 9223372036784725807
0, 7006, 0, 9223372036854775807, 0, 9223372036784715807
0, 7007, 0, 9223372036854775807, 0, 9223372036784705807
0, 7008, 0, 9223372036854775807, 0, 9223372036784695807
0, 7009, 0, 9223372036854775807, 0, 9223372036784685807
0, 701, 0, 9223372036854775807, 0, 9223372036847765807
0, 7010, 0, 9223372036854775807, 0, 9223372036784675807
0, 7011, 0, 9223372036854775807, 0, 9223372036784665807
0, 7012, 0, 9223372036854775807, 0, 9223372036784655807
0, 7013, 0, 9223372036854775807, 0, 9223372036784645807
0, 7014, 0, 9223372036854775807, 0, 9223372036784635807
0, 7015, 0, 9223372036854775807, 0, 9223372036784625807
0, 7016, 0, 9223372036854775807, 0, 9223372036784615807
0, 7017, 0, 9223372036854775807, 0, 9223372036784605807
0, 7018, 0, 9223372036854775807, 0, 9223372036784595807
0, 7019, 0, 9223372036854775807, 0, 9223372036784585807
0, 702, 0, 9223372036854775807, 0, 9223372036847755807
0, 7020, 0, 9223372036854775807, 0, 9223372036784575807
0, 7021, 0, 9223372036854775807, 0, 9223372036784565807
0, 7022, 0, 9223372036854775807, 0, 9223372036784555807
0, 7023, 0, 9223372036854775807, 0, 9223372036784545807
0, 7024, 0, 9223372036854775807, 0, 9223372036784535807
0, 7025, 0, 9223372036854775807, 0, 9223372036784525807
0, 7026, 0, 9223372036854775807, 0, 9223372036784515807
0, 7027, 0, 9223372036854775807, 0, 9223372036784505807
0, 7028, 0, 9223372036854775807, 0, 9223372036784495807
0, 7029, 0, 9223372036854775807, 0, 9223372036784485807
0, 703, 0, 9223372036854775807, 0, 9223372036847745807
0, 7030, 0, 9223372036854775807, 0, 9223372036784475807
0, 7031, 0, 9223372036854775807, 0, 9223372036784465807
0, 7032, 0, 9223372036854775807, 0, 9223372036784455807
0, 7033, 0, 9223372036854775807, 0, 9223372036784445807
0, 7034, 0, 9223372036854775807, 0, 9223372036784435807
0, 7035, 0, 9223372036854775807, 0, 9223372036784425807
0, 7036, 0, 9223372036854775807, 0, 9223372036784415807
0, 7037, 0, 9223372036854775807, 0, 9223372036784405807
0, 7038, 0, 9223372036854775807, 0, 9223372036784395807
0, 7039, 0, 9223372036854775807, 0, 9223372036784385807
0, 704, 0, 9223372036854775807, 0, 9223372036847735807
0, 7040, 0, 9223372036854775807, 0, 9223372036784375807
0, 7041, 0, 9223372036854775807, 0, 9223372036784365807
0, 7042, 0, 9223372036854775807, 0, 9223372036784355807
0, 7043, 0, 9223372036854775807, 0, 9223372036784345807
0, 7044, 0, 9223372036854775807, 0, 9223372036784335807
0, 7045, 0, 9223372036854775807, 0, 9223372036784325807
0, 7046, 0, 9223372036854775807, 0, 9223372036784315807
0, 7047, 0, 9223372036854775807, 0, 9223372036784305807
0, 7048, 0, 9223372036854775807, 0, 9223372036784295807
0, 7049, 0, 9223372036854775807, 0, 9223372036784285807
0, 705, 0, 9223372036854775807, 0, 9223372036847725807
0, 7050, 0, 9223372036854775807, 0, 9223372036784275807
0, 7051, 0, 9223372036854775807, 0, 9223372036784265807
0, 7052, 0, 9223372036854775807, 0, 9223372036784255807
0, 7053, 0, 9223372036854775807, 0, 9223372036784245807
0, 7054, 0, 9223372036854775807, 0, 9223372036784235807
0, 7055, 0, 9223372036854775807, 0, 9223372036784225807
0, 7056, 0, 9223372036854775807, 0, 9223372036784215807
0, 7057, 0, 9223372036854775807, 0, 9223372036784205807
0, 7058, 0, 9223372036854775807, 0, 9223372036784195807
0, 7059, 0, 9223372036854775807, 0, 9223372036784185807
0, 706, 0, 9223372036854775807, 0, 9223372036847715807
0, 7060, 0, 9223372036854775807, 0, 9223372036784175807
0, 7061, 0, 9223372036854775807, 0, 9223372036784165807
0, 7062, 0, 9223372036854775807, 0, 9223372036784155807
0, 7063, 0, 9223372036854775807, 0, 9223372036784145807
0, 7064, 0, 9223372036854775807, 0, 9223372036784135807
0, 7065, 0, 9223372036854775807, 0, 9223372036784125807
0, 7066, 0, 9223372036854775807, 0, 9223372036784115807
0, 7067, 0, 9223372036854775807, 0, 9223372036784105807
0, 7068, 0, 9223372036854775807, 0, 9223372036784095807
0, 7069, 0, 9223372036854775807, 0, 9223372036784085807
0, 707, 0, 9223372036854775807, 0, 9223372036847705807
0, 7070, 0, 9223372036854775807, 0, 9223372036784075807
0, 7071, 0, 9223372036854775807, 0, 9223372036784065807
0, 7072, 0, 9223372036854775807, 0, 9223372036784055807
0, 7073, 0, 9223372036854775807, 0, 9223372036784045807
0, 7074, 0, 9223372036854775807, 0, 9223372036784035807
0, 7075, 0, 9223372036854775807, 0, 9223372036784025807
0, 7076, 0, 9223372036854775807, 0, 9223372036784015807
0, 7077, 0, 9223372036854775807, 0, 9223372036784005807
0, 7078, 0, 9223372036854775807, 0, 9223372036783995807
0, 7079, 0, 9223372036854775807, 0, 9223372036783985807
0, 708, 0, 9223372036854775807, 0, 9223372036847695807
0, 7080, 0, 9223372036854775807, 0, 9223372036783975807
0, 7081, 0, 9223372036854775807, 0, 9223372036783965807
0, 7082, 0, 9223372036854775807, 0, 9223372036783955807
0, 7083, 0, 9223372036854775807, 0, 9223372036783945807
0, 7084, 0, 9223372036854775807, 0, 9223372036783935807
0, 7085, 0, 9223372036854775807, 0, 9223372036783925807
0, 7086, 0, 9223372036854775807, 0, 9223372036783915807
0, 7087, 0, 9223372036854775807, 0, 9223372036783905807
0, 7088, 0, 9223372036854775807, 0, 9223372036783895807
0, 7089, 0, 9223372036854775807, 0, 9223372036783885807
0, 709, 0, 9223372036854775807, 0, 9223372036847685807
0, 7090, 0, 9223372036854775807, 0, 9223372036783875807
0, 7091, 0, 9223372036854775807, 0, 9223372036783865807
0, 7092, 0, 9223372036854775807, 0, 9223372036783855807
0, 7093, 0, 9223372036854775807, 0, 9223372036783845807
0, 7094, 0, 9223372036854775807, 0, 9223372036783835807
0, 7095, 0, 9223372036854775807, 0, 9223372036783825807
0, 7096, 0, 9223372036854775807, 0, 9223372036783815807
0, 7097, 0, 9223372036854775807, 0, 9223372036783805807
0, 7098, 0, 9223372036854775807, 0, 9223372036783795807
0, 7099, 0, 9223372036854775807, 0, 9223372036783785807
0, 71, 0, 9223372036854775807, 0, 9223372036854065807
0, 710, 0, 9223372036854775807, 0, 9223372036847675807
0, 7100, 0, 9223372036854775807, 0, 9223372036783775807
0, 7101, 0, 9223372036854775807, 0, 9223372036783765807
0, 7102, 0, 9223372036854775807, 0, 9223372036783755807
0, 7103, 0, 9223372036854775807, 0, 9223372036783745807
0, 7104, 0, 9223372036854775807, 0, 9223372036783735807
0, 7105, 0, 9223372036854775807, 0, 9223372036783725807
0, 7106, 0, 9223372036854775807, 0, 9223372036783715807
0, 7107, 0, 9223372036854775807, 0, 9223372036783705807
0, 7108, 0, 9223372036854775807, 0, 9223372036783695807
0, 7109, 0, 9223372036854775807, 0, 9223372036783685807
0, 711, 0, 9223372036854775807, 0, 9223372036847665807
0, 7110, 0, 9223372036854775807, 0, 9223372036783675807
0, 7111, 0, 9223372036854775807, 0, 9223372036783665807
0, 7112, 0, 9223372036854775807, 0, 9223372036783655807
0, 7113, 0, 9223372036854775807, 0, 9223372036783645807
0, 7114, 0, 9223372036854775807, 0, 9223372036783635807
0, 7115, 0, 9223372036854775807, 0, 9223372036783625807
0, 7116, 0, 9223372036854775807, 0, 9223372036783615807
0, 7117, 0, 9223372036854775807, 0, 9223372036783605807
0, 7118, 0, 9223372036854775807, 0, 9223372036783595807
0, 7119, 0, 9223372036854775807, 0, 9223372036783585807
0, 712, 0, 9223372036854775807, 0, 9223372036847655807
0, 7120, 0, 9223372036854775807, 0, 9223372036783575807
0, 7121, 0, 9223372036854775807, 0, 9223372036783565807
0, 7122, 0, 9223372036854775807, 0, 9223372036783555807
0, 7123, 0, 9223372036854775807, 0, 9223372036783545807
0, 7124, 0, 9223372036854775807, 0, 9223372036783535807
0, 7125, 0, 9223372036854775807, 0, 9223372036783525807
0, 7126, 0, 9223372036854775807, 0, 9223372036783515807
0, 7127, 0, 9223372036854775807, 0, 9223372036783505807
0, 7128, 0, 9223372036854775807, 0, 9223372036783495807
0, 7129, 0, 9223372036854775807, 0, 9223372036783485807
0, 713, 0, 9223372036854775807, 0, 9223372036847645807
0, 7130, 0, 9223372036854775807, 0, 9223372036783475807
0, 7131, 0, 9223372036854775807, 0, 9223372036783465807
0, 7132, 0, 9223372036854775807, 0, 9223372036783455807
0, 7133, 0, 9223372036854775807, 0, 9223372036783445807
0, 7134, 0, 9223372036854775807, 0, 9223372036783435807
0, 7135, 0, 9223372036854775807, 0, 9223372036783425807
0, 7136, 0, 9223372036854775807, 0, 9223372036783415807
0, 7137, 0, 9223372036854775807, 0, 9223372036783405807
0, 7138, 0, 9223372036854775807, 0, 9223372036783395807
0, 7139, 0, 9223372036854775807, 0, 9223372036783385807
0, 714, 0, 9223372036854775807, 0, 9223372036847635807
0, 7140, 0, 9223372036854775807, 0, 9223372036783375807
0, 7141, 0, 9223372036854775807, 0, 9223372036783365807
0, 7142, 0, 9223372036854775807, 0, 9223372036783355807
0, 7143, 0, 9223372036854775807, 0, 9223372036783345807
0, 7144, 0, 9223372036854775807, 0, 9223372036783335807
0, 7145, 0, 9223372036854775807, 0, 9223372036783325807
0, 7146, 0, 9223372036854775807, 0, 9223372036783315807
0, 7147, 0, 9223372036854775807, 0, 9223372036783305807
0, 7148, 0, 9223372036854775807, 0, 9223372036783295807
0, 7149, 0, 9223372036854775807, 0, 9223372036783285807
0, 715, 0, 9223372036854775807, 0, 9223372036847625807
0, 7150, 0, 9223372036854775807, 0, 9223372036783275807
0, 7151, 0, 9223372036854775807, 0, 9223372036783265807
0, 7152, 0, 9223372036854775807, 0, 9223372036783255807
0, 7153, 0, 9223372036854775807, 0, 9223372036783245807
0, 7154, 0, 9223372036854775807, 0, 9223372036783235807
0, 7155, 0, 9223372036854775807, 0, 9223372036783225807
0, 7156, 0, 9223372036854775807, 0, 9223372036783215807
0, 7157, 0, 9223372036854775807, 0, 9223372036783205807
0, 7158, 0, 9223372036854775807, 0, 9223372036783195807
0, 7159, 0, 9223372036854775807, 0, 9223372036783185807
0, 716, 0, 9223372036854775807, 0, 9223372036847615807
0, 7160, 0, 9223372036854775807, 0, 9223372036783175807
0, 7161, 0, 9223372036854775807, 0, 9223372036783165807
0, 7162, 0, 9223372036854775807, 0, 9223372036783155807
0, 7163, 0, 9223372036854775807, 0, 9223372036783145807
0, 7164, 0, 9223372036854775807, 0, 9223372036783135807
0, 7165, 0, 9223372036854775807, 0, 9223372036783125807
0, 7166, 0, 9223372036854775807, 0, 9223372036783115807
0, 7167, 0, 9223372036854775807, 0, 9223372036783105807
0, 7168, 0, 9223372036854775807, 0, 9223372036783095807
0, 7169, 0, 9223372036854775807, 0, 9223372036783085807
0, 717, 0, 9223372036854775807, 0, 9223372036847605807
0, 7170, 0, 9223372036854775807, 0, 9223372036783075807
0, 7171, 0, 9223372036854775807, 0, 9223372036783065807
0, 7172, 0, 9223372036854775807, 0, 9223372036783055807
0, 7173, 0, 9223372036854775807, 0, 9223372036783045807
0, 7174, 0, 9223372036854775807, 0, 9223372036783035807
0, 7175, 0, 9223372036854775807, 0, 9223372036783025807
0, 7176, 0, 9223372036854775807, 0, 9223372036783015807
0, 7177, 0, 9223372036854775807, 0, 9223372036783005807
0, 7178, 0, 9223372036854775807, 0, 9223372036782995807
0, 7179, 0, 9223372036854775807, 0, 9223372036782985807
0, 718, 0, 9223372036854775807, 0, 9223372036847595807
0, 7180, 0, 9223372036854775807, 0, 9223372036782975807
0, 7181, 0, 9223372036854775807, 0, 9223372036782965807
0, 7182, 0, 9223372036854775807, 0, 9223372036782955807
0, 7183, 0, 9223372036854775807, 0, 9223372036782945807
0, 7184, 0, 9223372036854775807, 0, 9223372036782935807
0, 7185, 0, 9223372036854775807, 0, 9223372036782925807
0, 7186, 0, 9223372036854775807, 0, 9223372036782915807
0, 7187, 0, 9223372036854775807, 0, 9223372036782905807
0, 7188, 0, 9223372036854775807, 0, 9223372036782895807
0, 7189, 0, 9223372036854775807, 0, 9223372036782885807
0, 719, 0, 9223372036854775807, 0, 9223372036847585807
0, 7190, 0, 9223372036854775807, 0, 9223372036782875807
0, 7191, 0, 9223372036854775807, 0, 9223372036782865807
0, 7192, 0, 9223372036854775807, 0, 9223372036782855807
0, 7193, 0, 9223372036854775807, 0, 9223372036782845807
0, 7194, 0, 9223372036854775807, 0, 9223372036782835807
0, 7195, 0, 9223372036854775807, 0, 9223372036782825807
0, 7196, 0, 9223372036854775807, 0, 9223372036782815807
0, 7197, 0, 9223372036854775807, 0, 9223372036782805807
0, 7198, 0, 9223372036854775807, 0, 9223372036782795807
0, 7199, 0, 9223372036854775807, 0, 9223372036782785807
0, 72, 0, 9223372036854775807, 0, 9223372036854055807
0, 720, 0, 9223372036854775807, 0, 9223372036847575807
0, 7200, 0, 9223372036854775807, 0, 9223372036782775807
0, 7201, 0, 9223372036854775807, 0, 9223372036782765807
0, 7202, 0, 9223372036854775807, 0, 9223372036782755807
0, 7203, 0, 9223372036854775807, 0, 9223372036782745807
0, 7204, 0, 9223372036854775807, 0, 9223372036782735807
0, 7205, 0, 9223372036854775807, 0, 9223372036782725807
0, 7206, 0, 9223372036854775807, 0, 9223372036782715807
0, 7207, 0, 9223372036854775807, 0, 9223372036782705807
0, 7208, 0, 9223372036854775807, 0, 9223372036782695807
0, 7209, 0, 9223372036854775807, 0, 9223372036782685807
0, 721, 0, 9223372036854775807, 0, 9223372036847565807
0, 7210, 0, 9223372036854775807, 0, 9223372036782675807
0, 7211, 0, 9223372036854775807, 0, 9223372036782665807
0, 7212, 0, 9223372036854775807, 0, 9223372036782655807
0, 7213, 0, 9223372036854775807, 0, 9223372036782645807
0, 7214, 0, 9223372036854775807, 0, 9223372036782635807
0, 7215, 0, 9223372036854775807, 0, 9223372036782625807
0, 7216, 0, 9223372036854775807, 0, 9223372036782615807
0, 7217, 0, 9223372036854775807, 0, 9223372036782605807
0, 7218, 0, 9223372036854775807, 0, 9223372036782595807
0, 7219, 0, 9223372036854775807, 0, 9223372036782585807
0, 722, 0, 9223372036854775807, 0, 9223372036847555807
0, 7220, 0, 9223372036854775807, 0, 9223372036782575807
0, 7221, 0, 9223372036854775807, 0, 9223372036782565807
0, 7222, 0, 9223372036854775807, 0, 9223372036782555807
0, 7223, 0, 9223372036854775807, 0, 9223372036782545807
0, 7224, 0, 9223372036854775807, 0, 9223372036782535807
0, 7225, 0, 9223372036854775807, 0, 9223372036782525807
0, 7226, 0, 9223372036854775807, 0, 9223372036782515807
0, 7227, 0, 9223372036854775807, 0, 9223372036782505807
0, 7228, 0, 9223372036854775807, 0, 9223372036782495807
0, 7229, 0, 9223372036854775807, 0, 9223372036782485807
0, 723, 0, 9223372036854775807, 0, 9223372036847545807
0, 7230, 0, 9223372036854775807, 0, 9223372036782475807
0, 7231, 0, 9223372036854775807, 0, 9223372036782465807
0, 7232, 0, 9223372036854775807, 0, 9223372036782455807
0, 7233, 0, 9223372036854775807, 0, 9223372036782445807
0, 7234, 0, 9223372036854775807, 0, 9223372036782435807
0, 7235, 0, 9223372036854775807, 0, 9223372036782425807
0, 7236, 0, 9223372036854775807, 0, 9223372036782415807
0, 7237, 0, 9223372036854775807, 0, 9223372036782405807
0, 7238, 0, 9223372036854775807, 0, 9223372036782395807
0, 7239, 0, 9223372036854775807, 0, 9223372036782385807
0, 724, 0, 9223372036854775807, 0, 9223372036847535807
0, 7240, 0, 9223372036854775807, 0, 9223372036782375807
0, 7241, 0, 9223372036854775807, 0, 9223372036782365807
0, 7242, 0, 9223372036854775807, 0, 9223372036782355807
0, 7243, 0, 9223372036854775807, 0, 9223372036782345807
0, 7244, 0, 9223372036854775807, 0, 9223372036782335807
0, 7245, 0, 9223372036854775807, 0, 9223372036782325807
0, 7246, 0, 9223372036854775807, 0, 9223372036782315807
0, 7247, 0, 9223372036854775807, 0, 9223372036782305807
0, 7248, 0, 9223372036854775807, 0, 9223372036782295807
0, 7249, 0, 9223372036854775807, 0, 9223372036782285807
0, 725, 0, 9223372036854775807, 0, 9223372036847525807
0, 7250, 0, 9223372036854775807, 0, 9223372036782275807
0, 7251, 0, 9223372036854775807, 0, 9223372036782265807
0, 7252, 0, 9223372036854775807, 0, 9223372036782255807
0, 7253, 0, 9223372036854775807, 0, 9223372036782245807
0, 7254, 0, 9223372036854775807, 0, 9223372036782235807
0, 7255, 0, 9223372036854775807, 0, 9223372036782225807
0, 7256, 0, 9223372036854775807, 0, 9223372036782215807
0, 7257, 0, 9223372036854775807, 0, 9223372036782205807
0, 7258, 0, 9223372036854775807, 0, 9223372036782195807
0, 7259, 0, 9223372036854775807, 0, 9223372036782185807
0, 726, 0, 9223372036854775807, 0, 9223372036847515807
0, 7260, 0, 9223372036854775807, 0, 9223372036782175807
0, 7261, 0, 9223372036854775807, 0, 9223372036782165807
0, 7262, 0, 9223372036854775807, 0, 9223372036782155807
0, 7263, 0, 9223372036854775807, 0, 9223372036782145807
0, 7264, 0, 9223372036854775807, 0, 9223372036782135807
0, 7265, 0, 9223372036854775807, 0, 9223372036782125807
0, 7266, 0, 9223372036854775807, 0, 9223372036782115807
0, 7267, 0, 9223372036854775807, 0, 9223372036782105807
0, 7268, 0, 9223372036854775807, 0, 9223372036782095807
0, 7269, 0, 9223372036854775807, 0, 9223372036782085807
0, 727, 0, 9223372036854775807, 0, 9223372036847505807
0, 7270, 0, 9223372036854775807, 0, 9223372036782075807
0, 7271, 0, 9223372036854775807, 0, 9223372036782065807
0, 7272, 0, 9223372036854775807, 0, 9223372036782055807
0, 7273, 0, 9223372036854775807, 0, 9223372036782045807
0, 7274, 0, 9223372036854775807, 0, 9223372036782035807
0, 7275, 0, 9223372036854775807, 0, 9223372036782025807
0, 7276, 0, 9223372036854775807, 0, 9223372036782015807
0, 7277, 0, 9223372036854775807, 0, 9223372036782005807
0, 7278, 0, 9223372036854775807, 0, 9223372036781995807
0, 7279, 0, 9223372036854775807, 0, 9223372036781985807
0, 728, 0, 9223372036854775807, 0, 9223372036847495807
0, 7280, 0, 9223372036854775807, 0, 9223372036781975807
0, 7281, 0, 9223372036854775807, 0, 9223372036781965807
0, 7282, 0, 9223372036854775807, 0, 9223372036781955807
0, 7283, 0, 9223372036854775807, 0, 9223372036781945807
0, 7284, 0, 9223372036854775807, 0, 9223372036781935807
0, 7285, 0, 9223372036854775807, 0, 9223372036781925807
0, 7286, 0, 9223372036854775807, 0, 9223372036781915807
0, 7287, 0, 9223372036854775807, 0, 9223372036781905807
0, 7288, 0, 9223372036854775807, 0, 9223372036781895807
0, 7289, 0, 9223372036854775807, 0, 9223372036781885807
0, 729, 0, 9223372036854775807, 0, 9223372036847485807
0, 7290, 0, 9223372036854775807, 0, 9223372036781875807
0, 7291, 0, 9223372036854775807, 0, 9223372036781865807
0, 7292, 0, 9223372036854775807, 0, 9223372036781855807
0, 7293, 0, 9223372036854775807, 0, 9223372036781845807
0, 7294, 0, 9223372036854775807, 0, 9223372036781835807
0, 7295, 0, 9223372036854775807, 0, 9223372036781825807
0, 7296, 0, 9223372036854775807, 0, 9223372036781815807
0, 7297, 0, 9223372036854775807, 0, 9223372036781805807
0, 7298, 0, 9223372036854775807, 0, 9223372036781795807
0, 7299, 0, 9223372036854775807, 0, 9223372036781785807
0, 73, 0, 9223372036854775807, 0, 9223372036854045807
0, 730, 0, 9223372036854775807, 0, 9223372036847475807
0, 7300, 0, 9223372036854775807, 0, 9223372036781775807
0, 7301, 0, 9223372036854775807, 0, 9223372036781765807
0, 7302, 0, 9223372036854775807, 0, 9223372036781755807
0, 7303, 0, 9223372036854775807, 0, 9223372036781745807
0, 7304, 0, 9223372036854775807, 0, 9223372036781735807
0, 7305, 0, 9223372036854775807, 0, 9223372036781725807
0, 7306, 0, 9223372036854775807, 0, 9223372036781715807
0, 7307, 0, 9223372036854775807, 0, 9223372036781705807
0, 7308, 0, 9223372036854775807, 0, 9223372036781695807
0, 7309, 0, 9223372036854775807, 0, 9223372036781685807
0, 731, 0, 9223372036854775807, 0, 9223372036847465807
0, 7310, 0, 9223372036854775807, 0, 9223372036781675807
0, 7311, 0, 9223372036854775807, 0, 9223372036781665807
0, 7312, 0, 9223372036854775807, 0, 9223372036781655807
0, 7313, 0, 9223372036854775807, 0, 9223372036781645807
0, 7314, 0, 9223372036854775807, 0, 9223372036781635807
0, 7315, 0, 9223372036854775807, 0, 9223372036781625807
0, 7316, 0, 9223372036854775807, 0, 9223372036781615807
0, 7317, 0, 9223372036854775807, 0, 9223372036781605807
0, 7318, 0, 9223372036854775807, 0, 9223372036781595807
0, 7319, 0, 9223372036854775807, 0, 9223372036781585807
0, 732, 0, 9223372036854775807, 0, 9223372036847455807
0, 7320, 0, 9223372036854775807, 0, 9223372036781575807
0, 7321, 0, 9223372036854775807, 0, 9223372036781565807
0, 7322, 0, 9223372036854775807, 0, 9223372036781555807
0, 7323, 0, 9223372036854775807, 0, 9223372036781545807
0, 7324, 0, 9223372036854775807, 0, 9223372036781535807
0, 7325, 0, 9223372036854775807, 0, 9223372036781525807
0, 7326, 0, 9223372036854775807, 0, 9223372036781515807
0, 7327, 0, 9223372036854775807, 0, 9223372036781505807
0, 7328, 0, 9223372036854775807, 0, 9223372036781495807
0, 7329, 0, 9223372036854775807, 0, 9223372036781485807
0, 733, 0, 9223372036854775807, 0, 9223372036847445807
0, 7330, 0, 9223372036854775807, 0, 9223372036781475807
0, 7331, 0, 9223372036854775807, 0, 9223372036781465807
0, 7332, 0, 9223372036854775807, 0, 9223372036781455807
0, 7333, 0, 9223372036854775807, 0, 9223372036781445807
0, 7334, 0, 9223372036854775807, 0, 9223372036781435807
0, 7335, 0, 9223372036854775807, 0, 9223372036781425807
0, 7336, 0, 9223372036854775807, 0, 9223372036781415807
0, 7337, 0, 9223372036854775807, 0, 9223372036781405807
0, 7338, 0, 9223372036854775807, 0, 9223372036781395807
0, 7339, 0, 9223372036854775807, 0, 9223372036781385807
0, 734, 0, 9223372036854775807, 0, 9223372036847435807
0, 7340, 0, 9223372036854775807, 0, 9223372036781375807
0, 7341, 0, 9223372036854775807, 0, 9223372036781365807
0, 7342, 0, 9223372036854775807, 0, 9223372036781355807
0, 7343, 0, 9223372036854775807, 0, 9223372036781345807
0, 7344, 0, 9223372036854775807, 0, 9223372036781335807
0, 7345, 0, 9223372036854775807, 0, 9223372036781325807
0, 7346, 0, 9223372036854775807, 0, 9223372036781315807
0, 7347, 0, 9223372036854775807, 0, 9223372036781305807
0, 7348, 0, 9223372036854775807, 0, 9223372036781295807
0, 7349, 0, 9223372036854775807, 0, 9223372036781285807
0, 735, 0, 9223372036854775807, 0, 9223372036847425807
0, 7350, 0, 9223372036854775807, 0, 9223372036781275807
0, 7351, 0, 9223372036854775807, 0, 9223372036781265807
0, 7352, 0, 9223372036854775807, 0, 9223372036781255807
0, 7353, 0, 9223372036854775807, 0, 9223372036781245807
0, 7354, 0, 9223372036854775807, 0, 9223372036781235807
0, 7355, 0, 9223372036854775807, 0, 9223372036781225807
0, 7356, 0, 9223372036854775807, 0, 9223372036781215807
0, 7357, 0, 9223372036854775807, 0, 9223372036781205807
0, 7358, 0, 9223372036854775807, 0, 9223372036781195807
0, 7359, 0, 9223372036854775807, 0, 9223372036781185807
0, 736, 0, 9223372036854775807, 0, 9223372036847415807
0, 7360, 0, 9223372036854775807, 0, 9223372036781175807
0, 7361, 0, 9223372036854775807, 0, 9223372036781165807
0, 7362, 0, 9223372036854775807, 0, 9223372036781155807
0, 7363, 0, 9223372036854775807, 0, 9223372036781145807
0, 7364, 0, 9223372036854775807, 0, 9223372036781135807
0, 7365, 0, 9223372036854775807, 0, 9223372036781125807
0, 7366, 0, 9223372036854775807, 0, 9223372036781115807
0, 7367, 0, 9223372036854775807, 0, 9223372036781105807
0, 7368, 0, 9223372036854775807, 0, 9223372036781095807
0, 7369, 0, 9223372036854775807, 0, 9223372036781085807
0, 737, 0, 9223372036854775807, 0, 9223372036847405807
0, 7370, 0, 9223372036854775807, 0, 9223372036781075807
0, 7371, 0, 9223372036854775807, 0, 9223372036781065807
0, 7372, 0, 9223372036854775807, 0, 9223372036781055807
0, 7373, 0, 9223372036854775807, 0, 9223372036781045807
0, 7374, 0, 9223372036854775807, 0, 9223372036781035807
0, 7375, 0, 9223372036854775807, 0, 9223372036781025807
0, 7376, 0, 9223372036854775807, 0, 9223372036781015807
0, 7377, 0, 9223372036854775807, 0, 9223372036781005807
0, 7378, 0, 9223372036854775807, 0, 9223372036780995807
0, 7379, 0, 9223372036854775807, 0, 9223372036780985807
0, 738, 0, 9223372036854775807, 0, 9223372036847395807
0, 7380, 0, 9223372036854775807, 0, 9223372036780975807
0, 7381, 0, 9223372036854775807, 0, 9223372036780965807
0, 7382, 0, 9223372036854775807, 0, 9223372036780955807
0, 7383, 0, 9223372036854775807, 0, 9223372036780945807
0, 7384, 0, 9223372036854775807, 0, 9223372036780935807
0, 7385, 0, 9223372036854775807, 0, 9223372036780925807
0, 7386, 0, 9223372036854775807, 0, 9223372036780915807
0, 7387, 0, 9223372036854775807, 0, 9223372036780905807
0, 7388, 0, 9223372036854775807, 0, 9223372036780895807
0, 7389, 0, 9223372036854775807, 0, 9223372036780885807
0, 739, 0, 9223372036854775807, 0, 9223372036847385807
0, 7390, 0, 9223372036854775807, 0, 9223372036780875807
0, 7391, 0, 9223372036854775807, 0, 9223372036780865807
0, 7392, 0, 9223372036854775807, 0, 9223372036780855807
0, 7393, 0, 9223372036854775807, 0, 9223372036780845807
0, 7394, 0, 9223372036854775807, 0, 9223372036780835807
0, 7395, 0, 9223372036854775807, 0, 9223372036780825807
0, 7396, 0, 9223372036854775807, 0, 9223372036780815807
0, 7397, 0, 9223372036854775807, 0, 9223372036780805807
0, 7398, 0, 9223372036854775807, 0, 9223372036780795807
0, 7399, 0, 9223372036854775807, 0, 9223372036780785807
0, 74, 0, 9223372036854775807, 0, 9223372036854035807
0, 740, 0, 9223372036854775807, 0, 9223372036847375807
0, 7400, 0, 9223372036854775807, 0, 9223372036780775807
0, 7401, 0, 9223372036854775807, 0, 9223372036780765807
0, 7402, 0, 9223372036854775807, 0, 9223372036780755807
0, 7403, 0, 9223372036854775807, 0, 9223372036780745807
0, 7404, 0, 9223372036854775807, 0, 9223372036780735807
0, 7405, 0, 9223372036854775807, 0, 9223372036780725807
0, 7406, 0, 9223372036854775807, 0, 9223372036780715807
0, 7407, 0, 9223372036854775807, 0, 9223372036780705807
0, 7408, 0, 9223372036854775807, 0, 9223372036780695807
0, 7409, 0, 9223372036854775807, 0, 9223372036780685807
0, 741, 0, 9223372036854775807, 0, 9223372036847365807
0, 7410, 0, 9223372036854775807, 0, 9223372036780675807
0, 7411, 0, 9223372036854775807, 0, 9223372036780665807
0, 7412, 0, 9223372036854775807, 0, 9223372036780655807
0, 7413, 0, 9223372036854775807, 0, 9223372036780645807
0, 7414, 0, 9223372036854775807, 0, 9223372036780635807
0, 7415, 0, 9223372036854775807, 0, 9223372036780625807
0, 7416, 0, 9223372036854775807, 0, 9223372036780615807
0, 7417, 0, 9223372036854775807, 0, 9223372036780605807
0, 7418, 0, 9223372036854775807, 0, 9223372036780595807
0, 7419, 0, 9223372036854775807, 0, 9223372036780585807
0, 742, 0, 9223372036854775807, 0, 9223372036847355807
0, 7420, 0, 9223372036854775807, 0, 9223372036780575807
0, 7421, 0, 9223372036854775807, 0, 9223372036780565807
0, 7422, 0, 9223372036854775807, 0, 9223372036780555807
0, 7423, 0, 9223372036854775807, 0, 9223372036780545807
0, 7424, 0, 9223372036854775807, 0, 9223372036780535807
0, 7425, 0, 9223372036854775807, 0, 9223372036780525807
0, 7426, 0, 9223372036854775807, 0, 9223372036780515807
0, 7427, 0, 9223372036854775807, 0, 9223372036780505807
0, 7428, 0, 9223372036854775807, 0, 9223372036780495807
0, 7429, 0, 9223372036854775807, 0, 9223372036780485807
0, 743, 0, 9223372036854775807, 0, 9223372036847345807
0, 7430, 0, 9223372036854775807, 0, 9223372036780475807
0, 7431, 0, 9223372036854775807, 0, 9223372036780465807
0, 7432, 0, 9223372036854775807, 0, 9223372036780455807
0, 7433, 0, 9223372036854775807, 0, 9223372036780445807
0, 7434, 0, 9223372036854775807, 0, 9223372036780435807
0, 7435, 0, 9223372036854775807, 0, 9223372036780425807
0, 7436, 0, 9223372036854775807, 0, 9223372036780415807
0, 7437, 0, 9223372036854775807, 0, 9223372036780405807
0, 7438, 0, 9223372036854775807, 0, 9223372036780395807
0, 7439, 0, 9223372036854775807, 0, 9223372036780385807
0, 744, 0, 9223372036854775807, 0, 9223372036847335807
0, 7440, 0, 9223372036854775807, 0, 9223372036780375807
0, 7441, 0, 9223372036854775807, 0, 9223372036780365807
0, 7442, 0, 9223372036854775807, 0, 9223372036780355807
0, 7443, 0, 9223372036854775807, 0, 9223372036780345807
0, 7444, 0, 9223372036854775807, 0, 9223372036780335807
0, 7445, 0, 9223372036854775807, 0, 9223372036780325807
0, 7446, 0, 9223372036854775807, 0, 9223372036780315807
0, 7447, 0, 9223372036854775807, 0, 9223372036780305807
0, 7448, 0, 9223372036854775807, 0, 9223372036780295807
0, 7449, 0, 9223372036854775807, 0, 9223372036780285807
0, 745, 0, 9223372036854775807, 0, 9223372036847325807
0, 7450, 0, 9223372036854775807, 0, 9223372036780275807
0, 7451, 0, 9223372036854775807, 0, 9223372036780265807
0, 7452, 0, 9223372036854775807, 0, 9223372036780255807
0, 7453, 0, 9223372036854775807, 0, 9223372036780245807
0, 7454, 0, 9223372036854775807, 0, 9223372036780235807
0, 7455, 0, 9223372036854775807, 0, 9223372036780225807
0, 7456, 0, 9223372036854775807, 0, 9223372036780215807
0, 7457, 0, 9223372036854775807, 0, 9223372036780205807
0, 7458, 0, 9223372036854775807, 0, 9223372036780195807
0, 7459, 0, 9223372036854775807, 0, 9223372036780185807
0, 746, 0, 9223372036854775807, 0, 9223372036847315807
0, 7460, 0, 9223372036854775807, 0, 9223372036780175807
0, 7461, 0, 9223372036854775807, 0, 9223372036780165807
0, 7462, 0, 9223372036854775807, 0, 9223372036780155807
0, 7463, 0, 9223372036854775807, 0, 9223372036780145807
0, 7464, 0, 9223372036854775807, 0, 9223372036780135807
0, 7465, 0, 9223372036854775807, 0, 9223372036780125807
0, 7466, 0, 9223372036854775807, 0, 9223372036780115807
0, 7467, 0, 9223372036854775807, 0, 9223372036780105807
0, 7468, 0, 9223372036854775807, 0, 9223372036780095807
0, 7469, 0, 9223372036854775807, 0, 9223372036780085807
0, 747, 0, 9223372036854775807, 0, 9223372036847305807
0, 7470, 0, 9223372036854775807, 0, 9223372036780075807
0, 7471, 0, 9223372036854775807, 0, 9223372036780065807
0, 7472, 0, 9223372036854775807, 0, 9223372036780055807
0, 7473, 0, 9223372036854775807, 0, 9223372036780045807
0, 7474, 0, 9223372036854775807, 0, 9223372036780035807
0, 7475, 0, 9223372036854775807, 0, 9223372036780025807
0, 7476, 0, 9223372036854775807, 0, 9223372036780015807
0, 7477, 0, 9223372036854775807, 0, 9223372036780005807
0, 7478, 0, 9223372036854775807, 0, 9223372036779995807
0, 7479, 0, 9223372036854775807, 0, 9223372036779985807
0, 748, 0, 9223372036854775807, 0, 9223372036847295807
0, 7480, 0, 9223372036854775807, 0, 9223372036779975807
0, 7481, 0, 9223372036854775807, 0, 9223372036779965807
0, 7482, 0, 9223372036854775807, 0, 9223372036779955807
0, 7483, 0, 9223372036854775807, 0, 9223372036779945807
0, 7484, 0, 9223372036854775807, 0, 9223372036779935807
0, 7485, 0, 9223372036854775807, 0, 9223372036779925807
0, 7486, 0, 9223372036854775807, 0, 9223372036779915807
0, 7487, 0, 9223372036854775807, 0, 9223372036779905807
0, 7488, 0, 9223372036854775807, 0, 9223372036779895807
0, 7489, 0, 9223372036854775807, 0, 9223372036779885807
0, 749, 0, 9223372036854775807, 0, 9223372036847285807
0, 7490, 0, 9223372036854775807, 0, 9223372036779875807
0, 7491, 0, 9223372036854775807, 0, 9223372036779865807
0, 7492, 0, 9223372036854775807, 0, 9223372036779855807
0, 7493, 0, 9223372036854775807, 0, 9223372036779845807
0, 7494, 0, 9223372036854775807, 0, 9223372036779835807
0, 7495, 0, 9223372036854775807, 0, 9223372036779825807
0, 7496, 0, 9223372036854775807, 0, 9223372036779815807
0, 7497, 0, 9223372036854775807, 0, 9223372036779805807
0, 7498, 0, 9223372036854775807, 0, 9223372036779795807
0, 7499, 0, 9223372036854775807, 0, 9223372036779785807
0, 75, 0, 9223372036854775807, 0, 9223372036854025807
0, 750, 0, 9223372036854775807, 0, 9223372036847275807
0, 7500, 0, 9223372036854775807, 0, 9223372036779775807
0, 7501, 0, 9223372036854775807, 0, 9223372036779765807
0, 7502, 0, 9223372036854775807, 0, 9223372036779755807
0, 7503, 0, 9223372036854775807, 0, 9223372036779745807
0, 7504, 0, 9223372036854775807, 0, 9223372036779735807
0, 7505, 0, 9223372036854775807, 0, 9223372036779725807
0, 7506, 0, 9223372036854775807, 0, 9223372036779715807
0, 7507, 0, 9223372036854775807, 0, 9223372036779705807
0, 7508, 0, 9223372036854775807, 0, 9223372036779695807
0, 7509, 0, 9223372036854775807, 0, 9223372036779685807
0, 751, 0, 9223372036854775807, 0, 9223372036847265807
0, 7510, 0, 9223372036854775807, 0, 9223372036779675807
0, 7511, 0, 9223372036854775807, 0, 9223372036779665807
0, 7512, 0, 9223372036854775807, 0, 9223372036779655807
0, 7513, 0, 9223372036854775807, 0, 9223372036779645807
0, 7514, 0, 9223372036854775807, 0, 9223372036779635807
0, 7515, 0, 9223372036854775807, 0, 9223372036779625807
0, 7516, 0, 9223372036854775807, 0, 9223372036779615807
0, 7517, 0, 9223372036854775807, 0, 9223372036779605807
0, 7518, 0, 9223372036854775807, 0, 9223372036779595807
0, 7519, 0, 9223372036854775807, 0, 9223372036779585807
0, 752, 0, 9223372036854775807, 0, 9223372036847255807
0, 7520, 0, 9223372036854775807, 0, 9223372036779575807
0, 7521, 0, 9223372036854775807, 0, 9223372036779565807
0, 7522, 0, 9223372036854775807, 0, 9223372036779555807
0, 7523, 0, 9223372036854775807, 0, 9223372036779545807
0, 7524, 0, 9223372036854775807, 0, 9223372036779535807
0, 7525, 0, 9223372036854775807, 0, 9223372036779525807
0, 7526, 0, 9223372036854775807, 0, 9223372036779515807
0, 7527, 0, 9223372036854775807, 0, 9223372036779505807
0, 7528, 0, 9223372036854775807, 0, 9223372036779495807
0, 7529, 0, 9223372036854775807, 0, 9223372036779485807
0, 753, 0, 9223372036854775807, 0, 9223372036847245807
0, 7530, 0, 9223372036854775807, 0, 9223372036779475807
0, 7531, 0, 9223372036854775807, 0, 9223372036779465807
0, 7532, 0, 9223372036854775807, 0, 9223372036779455807
0, 7533, 0, 9223372036854775807, 0, 9223372036779445807
0, 7534, 0, 9223372036854775807, 0, 9223372036779435807
0, 7535, 0, 9223372036854775807, 0, 9223372036779425807
0, 7536, 0, 9223372036854775807, 0, 9223372036779415807
0, 7537, 0, 9223372036854775807, 0, 9223372036779405807
0, 7538, 0, 9223372036854775807, 0, 9223372036779395807
0, 7539, 0, 9223372036854775807, 0, 9223372036779385807
0, 754, 0, 9223372036854775807, 0, 9223372036847235807
0, 7540, 0, 9223372036854775807, 0, 9223372036779375807
0, 7541, 0, 9223372036854775807, 0, 9223372036779365807
0, 7542, 0, 9223372036854775807, 0, 9223372036779355807
0, 7543, 0, 9223372036854775807, 0, 9223372036779345807
0, 7544, 0, 9223372036854775807, 0, 9223372036779335807
0, 7545, 0, 9223372036854775807, 0, 9223372036779325807
0, 7546, 0, 9223372036854775807, 0, 9223372036779315807
0, 7547, 0, 9223372036854775807, 0, 9223372036779305807
0, 7548, 0, 9223372036854775807, 0, 9223372036779295807
0, 7549, 0, 9223372036854775807, 0, 9223372036779285807
0, 755, 0, 9223372036854775807, 0, 9223372036847225807
0, 7550, 0, 9223372036854775807, 0, 9223372036779275807
0, 7551, 0, 9223372036854775807, 0, 9223372036779265807
0, 7552, 0, 9223372036854775807, 0, 9223372036779255807
0, 7553, 0, 9223372036854775807, 0, 9223372036779245807
0, 7554, 0, 9223372036854775807, 0, 9223372036779235807
0, 7555, 0, 9223372036854775807, 0, 9223372036779225807
0, 7556, 0, 9223372036854775807, 0, 9223372036779215807
0, 7557, 0, 9223372036854775807, 0, 9223372036779205807
0, 7558, 0, 9223372036854775807, 0, 9223372036779195807
0, 7559, 0, 9223372036854775807, 0, 9223372036779185807
0, 756, 0, 9223372036854775807, 0, 9223372036847215807
0, 7560, 0, 9223372036854775807, 0, 9223372036779175807
0, 7561, 0, 9223372036854775807, 0, 9223372036779165807
0, 7562, 0, 9223372036854775807, 0, 9223372036779155807
0, 7563, 0, 9223372036854775807, 0, 9223372036779145807
0, 7564, 0, 9223372036854775807, 0, 9223372036779135807
0, 7565, 0, 9223372036854775807, 0, 9223372036779125807
0, 7566, 0, 9223372036854775807, 0, 9223372036779115807
0, 7567, 0, 9223372036854775807, 0, 9223372036779105807
0, 7568, 0, 9223372036854775807, 0, 9223372036779095807
0, 7569, 0, 9223372036854775807, 0, 9223372036779085807
0, 757, 0, 9223372036854775807, 0, 9223372036847205807
0, 7570, 0, 9223372036854775807, 0, 9223372036779075807
0, 7571, 0, 9223372036854775807, 0, 9223372036779065807
0, 7572, 0, 9223372036854775807, 0, 9223372036779055807
0, 7573, 0, 9223372036854775807, 0, 9223372036779045807
0, 7574, 0, 9223372036854775807, 0, 9223372036779035807
0, 7575, 0, 9223372036854775807, 0, 9223372036779025807
0, 7576, 0, 9223372036854775807, 0, 9223372036779015807
0, 7577, 0, 9223372036854775807, 0, 9223372036779005807
0, 7578, 0, 9223372036854775807, 0, 9223372036778995807
0, 7579, 0, 9223372036854775807, 0, 9223372036778985807
0, 758, 0, 9223372036854775807, 0, 9223372036847195807
0, 7580, 0, 9223372036854775807, 0, 9223372036778975807
0, 7581, 0, 9223372036854775807, 0, 9223372036778965807
0, 7582, 0, 9223372036854775807, 0, 9223372036778955807
0, 7583, 0, 9223372036854775807, 0, 9223372036778945807
0, 7584, 0, 9223372036854775807, 0, 9223372036778935807
0, 7585, 0, 9223372036854775807, 0, 9223372036778925807
0, 7586, 0, 9223372036854775807, 0, 9223372036778915807
0, 7587, 0, 9223372036854775807, 0, 9223372036778905807
0, 7588, 0, 9223372036854775807, 0, 9223372036778895807
0, 7589, 0, 9223372036854775807, 0, 9223372036778885807
0, 759, 0, 9223372036854775807, 0, 9223372036847185807
0, 7590, 0, 9223372036854775807, 0, 9223372036778875807
0, 7591, 0, 9223372036854775807, 0, 9223372036778865807
0, 7592, 0, 9223372036854775807, 0, 9223372036778855807
0, 7593, 0, 9223372036854775807, 0, 9223372036778845807
0, 7594, 0, 9223372036854775807, 0, 9223372036778835807
0, 7595, 0, 9223372036854775807, 0, 9223372036778825807
0, 7596, 0, 9223372036854775807, 0, 9223372036778815807
0, 7597, 0, 9223372036854775807, 0, 9223372036778805807
0, 7598, 0, 9223372036854775807, 0, 9223372036778795807
0, 7599, 0, 9223372036854775807, 0, 9223372036778785807
0, 76, 0, 9223372036854775807, 0, 9223372036854015807
0, 760, 0, 9223372036854775807, 0, 9223372036847175807
0, 7600, 0, 9223372036854775807, 0, 9223372036778775807
0, 7601, 0, 9223372036854775807, 0, 9223372036778765807
0, 7602, 0, 9223372036854775807, 0, 9223372036778755807
0, 7603, 0, 9223372036854775807, 0, 9223372036778745807
0, 7604, 0, 9223372036854775807, 0, 9223372036778735807
0, 7605, 0, 9223372036854775807, 0, 9223372036778725807
0, 7606, 0, 9223372036854775807, 0, 9223372036778715807
0, 7607, 0, 9223372036854775807, 0, 9223372036778705807
0, 7608, 0, 9223372036854775807, 0, 9223372036778695807
0, 7609, 0, 9223372036854775807, 0, 9223372036778685807
0, 761, 0, 9223372036854775807, 0, 9223372036847165807
0, 7610, 0, 9223372036854775807, 0, 9223372036778675807
0, 7611, 0, 9223372036854775807, 0, 9223372036778665807
0, 7612, 0, 9223372036854775807, 0, 9223372036778655807
0, 7613, 0, 9223372036854775807, 0, 9223372036778645807
0, 7614, 0, 9223372036854775807, 0, 9223372036778635807
0, 7615, 0, 9223372036854775807, 0, 9223372036778625807
0, 7616, 0, 9223372036854775807, 0, 9223372036778615807
0, 7617, 0, 9223372036854775807, 0, 9223372036778605807
0, 7618, 0, 9223372036854775807, 0, 9223372036778595807
0, 7619, 0, 9223372036854775807, 0, 9223372036778585807
0, 762, 0, 9223372036854775807, 0, 9223372036847155807
0, 7620, 0, 9223372036854775807, 0, 9223372036778575807
0, 7621, 0, 9223372036854775807, 0, 9223372036778565807
0, 7622, 0, 9223372036854775807, 0, 9223372036778555807
0, 7623, 0, 9223372036854775807, 0, 9223372036778545807
0, 7624, 0, 9223372036854775807, 0, 9223372036778535807
0, 7625, 0, 9223372036854775807, 0, 9223372036778525807
0, 7626, 0, 9223372036854775807, 0, 9223372036778515807
0, 7627, 0, 9223372036854775807, 0, 9223372036778505807
0, 7628, 0, 9223372036854775807, 0, 9223372036778495807
0, 7629, 0, 9223372036854775807, 0, 9223372036778485807
0, 763, 0, 9223372036854775807, 0, 9223372036847145807
0, 7630, 0, 9223372036854775807, 0, 9223372036778475807
0, 7631, 0, 9223372036854775807, 0, 9223372036778465807
0, 7632, 0, 9223372036854775807, 0, 9223372036778455807
0, 7633, 0, 9223372036854775807, 0, 9223372036778445807
0, 7634, 0, 9223372036854775807, 0, 9223372036778435807
0, 7635, 0, 9223372036854775807, 0, 9223372036778425807
0, 7636, 0, 9223372036854775807, 0, 9223372036778415807
0, 7637, 0, 9223372036854775807, 0, 9223372036778405807
0, 7638, 0, 9223372036854775807, 0, 9223372036778395807
0, 7639, 0, 9223372036854775807, 0, 9223372036778385807
0, 764, 0, 9223372036854775807, 0, 9223372036847135807
0, 7640, 0, 9223372036854775807, 0, 9223372036778375807
0, 7641, 0, 9223372036854775807, 0, 9223372036778365807
0, 7642, 0, 9223372036854775807, 0, 9223372036778355807
0, 7643, 0, 9223372036854775807, 0, 9223372036778345807
0, 7644, 0, 9223372036854775807, 0, 9223372036778335807
0, 7645, 0, 9223372036854775807, 0, 9223372036778325807
0, 7646, 0, 9223372036854775807, 0, 9223372036778315807
0, 7647, 0, 9223372036854775807, 0, 9223372036778305807
0, 7648, 0, 9223372036854775807, 0, 9223372036778295807
0, 7649, 0, 9223372036854775807, 0, 9223372036778285807
0, 765, 0, 9223372036854775807, 0, 9223372036847125807
0, 7650, 0, 9223372036854775807, 0, 9223372036778275807
0, 7651, 0, 9223372036854775807, 0, 9223372036778265807
0, 7652, 0, 9223372036854775807, 0, 9223372036778255807
0, 7653, 0, 9223372036854775807, 0, 9223372036778245807
0, 7654, 0, 9223372036854775807, 0, 9223372036778235807
0, 7655, 0, 9223372036854775807, 0, 9223372036778225807
0, 7656, 0, 9223372036854775807, 0, 9223372036778215807
0, 7657, 0, 9223372036854775807, 0, 9223372036778205807
0, 7658, 0, 9223372036854775807, 0, 9223372036778195807
0, 7659, 0, 9223372036854775807, 0, 9223372036778185807
0, 766, 0, 9223372036854775807, 0, 9223372036847115807
0, 7660, 0, 9223372036854775807, 0, 9223372036778175807
0, 7661, 0, 9223372036854775807, 0, 9223372036778165807
0, 7662, 0, 9223372036854775807, 0, 9223372036778155807
0, 7663, 0, 9223372036854775807, 0, 9223372036778145807
0, 7664, 0, 9223372036854775807, 0, 9223372036778135807
0, 7665, 0, 9223372036854775807, 0, 9223372036778125807
0, 7666, 0, 9223372036854775807, 0, 9223372036778115807
0, 7667, 0, 9223372036854775807, 0, 9223372036778105807
0, 7668, 0, 9223372036854775807, 0, 9223372036778095807
0, 7669, 0, 9223372036854775807, 0, 9223372036778085807
0, 767, 0, 9223372036854775807, 0, 9223372036847105807
0, 7670, 0, 9223372036854775807, 0, 9223372036778075807
0, 7671, 0, 9223372036854775807, 0, 9223372036778065807
0, 7672, 0, 9223372036854775807, 0, 9223372036778055807
0, 7673, 0, 9223372036854775807, 0, 9223372036778045807
0, 7674, 0, 9223372036854775807, 0, 9223372036778035807
0, 7675, 0, 9223372036854775807, 0, 9223372036778025807
0, 7676, 0, 9223372036854775807, 0, 9223372036778015807
0, 7677, 0, 9223372036854775807, 0, 9223372036778005807
0, 7678, 0, 9223372036854775807, 0, 9223372036777995807
0, 7679, 0, 9223372036854775807, 0, 9223372036777985807
0, 768, 0, 9223372036854775807, 0, 9223372036847095807
0, 7680, 0, 9223372036854775807, 0, 9223372036777975807
0, 7681, 0, 9223372036854775807, 0, 9223372036777965807
0, 7682, 0, 9223372036854775807, 0, 9223372036777955807
0, 7683, 0, 9223372036854775807, 0, 9223372036777945807
0, 7684, 0, 9223372036854775807, 0, 9223372036777935807
0, 7685, 0, 9223372036854775807, 0, 9223372036777925807
0, 7686, 0, 9223372036854775807, 0, 9223372036777915807
0, 7687, 0, 9223372036854775807, 0, 9223372036777905807
0, 7688, 0, 9223372036854775807, 0, 9223372036777895807
0, 7689, 0, 9223372036854775807, 0, 9223372036777885807
0, 769, 0, 9223372036854775807, 0, 9223372036847085807
0, 7690, 0, 9223372036854775807, 0, 9223372036777875807
0, 7691, 0, 9223372036854775807, 0, 9223372036777865807
0, 7692, 0, 9223372036854775807, 0, 9223372036777855807
0, 7693, 0, 9223372036854775807, 0, 9223372036777845807
0, 7694, 0, 9223372036854775807, 0, 9223372036777835807
0, 7695, 0, 9223372036854775807, 0, 9223372036777825807
0, 7696, 0, 9223372036854775807, 0, 9223372036777815807
0, 7697, 0, 9223372036854775807, 0, 9223372036777805807
0, 7698, 0, 9223372036854775807, 0, 9223372036777795807
0, 7699, 0, 9223372036854775807, 0, 9223372036777785807
0, 77, 0, 9223372036854775807, 0, 9223372036854005807
0, 770, 0, 9223372036854775807, 0, 9223372036847075807
0, 7700, 0, 9223372036854775807, 0, 9223372036777775807
0, 7701, 0, 9223372036854775807, 0, 9223372036777765807
0, 7702, 0, 9223372036854775807, 0, 9223372036777755807
0, 7703, 0, 9223372036854775807, 0, 9223372036777745807
0, 7704, 0, 9223372036854775807, 0, 9223372036777735807
0, 7705, 0, 9223372036854775807, 0, 9223372036777725807
0, 7706, 0, 9223372036854775807, 0, 9223372036777715807
0, 7707, 0, 9223372036854775807, 0, 9223372036777705807
0, 7708, 0, 9223372036854775807, 0, 9223372036777695807
0, 7709, 0, 9223372036854775807, 0, 9223372036777685807
0, 771, 0, 9223372036854775807, 0, 9223372036847065807
0, 7710, 0, 9223372036854775807, 0, 9223372036777675807
0, 7711, 0, 9223372036854775807, 0, 9223372036777665807
0, 7712, 0, 9223372036854775807, 0, 9223372036777655807
0, 7713, 0, 9223372036854775807, 0, 9223372036777645807
0, 7714, 0, 9223372036854775807, 0, 9223372036777635807
0, 7715, 0, 9223372036854775807, 0, 9223372036777625807
0, 7716, 0, 9223372036854775807, 0, 9223372036777615807
0, 7717, 0, 9223372036854775807, 0, 9223372036777605807
0, 7718, 0, 9223372036854775807, 0, 9223372036777595807
0, 7719, 0, 9223372036854775807, 0, 9223372036777585807
0, 772, 0, 9223372036854775807, 0, 9223372036847055807
0, 7720, 0, 9223372036854775807, 0, 9223372036777575807
0, 7721, 0, 9223372036854775807, 0, 9223372036777565807
0, 7722, 0, 9223372036854775807, 0, 9223372036777555807
0, 7723, 0, 9223372036854775807, 0, 9223372036777545807
0, 7724, 0, 9223372036854775807, 0, 9223372036777535807
0, 7725, 0, 9223372036854775807, 0, 9223372036777525807
0, 7726, 0, 9223372036854775807, 0, 9223372036777515807
0, 7727, 0, 9223372036854775807, 0, 9223372036777505807
0, 7728, 0, 9223372036854775807, 0, 9223372036777495807
0, 7729, 0, 9223372036854775807, 0, 9223372036777485807
0, 773, 0, 9223372036854775807, 0, 9223372036847045807
0, 7730, 0, 9223372036854775807, 0, 9223372036777475807
0, 7731, 0, 9223372036854775807, 0, 9223372036777465807
0, 7732, 0, 9223372036854775807, 0, 9223372036777455807
0, 7733, 0, 9223372036854775807, 0, 9223372036777445807
0, 7734, 0, 9223372036854775807, 0, 9223372036777435807
0, 7735, 0, 9223372036854775807, 0, 9223372036777425807
0, 7736, 0, 9223372036854775807, 0, 9223372036777415807
0, 7737, 0, 9223372036854775807, 0, 9223372036777405807
0, 7738, 0, 9223372036854775807, 0, 9223372036777395807
0, 7739, 0, 9223372036854775807, 0, 9223372036777385807
0, 774, 0, 9223372036854775807, 0, 9223372036847035807
0, 7740, 0, 9223372036854775807, 0, 9223372036777375807
0, 7741, 0, 9223372036854775807, 0, 9223372036777365807
0, 7742, 0, 9223372036854775807, 0, 9223372036777355807
0, 7743, 0, 9223372036854775807, 0, 9223372036777345807
0, 7744, 0, 9223372036854775807, 0, 9223372036777335807
0, 7745, 0, 9223372036854775807, 0, 9223372036777325807
0, 7746, 0, 9223372036854775807, 0, 9223372036777315807
0, 7747, 0, 9223372036854775807, 0, 9223372036777305807
0, 7748, 0, 9223372036854775807, 0, 9223372036777295807
0, 7749, 0, 9223372036854775807, 0, 9223372036777285807
0, 775, 0, 9223372036854775807, 0, 9223372036847025807
0, 7750, 0, 9223372036854775807, 0, 9223372036777275807
0, 7751, 0, 9223372036854775807, 0, 9223372036777265807
0, 7752, 0, 9223372036854775807, 0, 9223372036777255807
0, 7753, 0, 9223372036854775807, 0, 9223372036777245807
0, 7754, 0, 9223372036854775807, 0, 9223372036777235807
0, 7755, 0, 9223372036854775807, 0, 9223372036777225807
0, 7756, 0, 9223372036854775807, 0, 9223372036777215807
0, 7757, 0, 9223372036854775807, 0, 9223372036777205807
0, 7758, 0, 9223372036854775807, 0, 9223372036777195807
0, 7759, 0, 9223372036854775807, 0, 9223372036777185807
0, 776, 0, 9223372036854775807, 0, 9223372036847015807
0, 7760, 0, 9223372036854775807, 0, 9223372036777175807
0, 7761, 0, 9223372036854775807, 0, 9223372036777165807
0, 7762, 0, 9223372036854775807, 0, 9223372036777155807
0, 7763, 0, 9223372036854775807, 0, 9223372036777145807
0, 7764, 0, 9223372036854775807, 0, 9223372036777135807
0, 7765, 0, 9223372036854775807, 0, 9223372036777125807
0, 7766, 0, 9223372036854775807, 0, 9223372036777115807
0, 7767, 0, 9223372036854775807, 0, 9223372036777105807
0, 7768, 0, 9223372036854775807, 0, 9223372036777095807
0, 7769, 0, 9223372036854775807, 0, 9223372036777085807
0, 777, 0, 9223372036854775807, 0, 9223372036847005807
0, 7770, 0, 9223372036854775807, 0, 9223372036777075807
0, 7771, 0, 9223372036854775807, 0, 9223372036777065807
0, 7772, 0, 9223372036854775807, 0, 9223372036777055807
0, 7773, 0, 9223372036854775807, 0, 9223372036777045807
0, 7774, 0, 9223372036854775807, 0, 9223372036777035807
0, 7775, 0, 9223372036854775807, 0, 9223372036777025807
0, 7776, 0, 9223372036854775807, 0, 9223372036777015807
0, 7777, 0, 9223372036854775807, 0, 9223372036777005807
0, 7778, 0, 9223372036854775807, 0, 9223372036776995807
0, 7779, 0, 9223372036854775807, 0, 9223372036776985807
0, 778, 0, 9223372036854775807, 0, 9223372036846995807
0, 7780, 0, 9223372036854775807, 0, 9223372036776975807
0, 7781, 0, 9223372036854775807, 0, 9223372036776965807
0, 7782, 0, 9223372036854775807, 0, 9223372036776955807
0, 7783, 0, 9223372036854775807, 0, 9223372036776945807
0, 7784, 0, 9223372036854775807, 0, 9223372036776935807
0, 7785, 0, 9223372036854775807, 0, 9223372036776925807
0, 7786, 0, 9223372036854775807, 0, 9223372036776915807
0, 7787, 0, 9223372036854775807, 0, 9223372036776905807
0, 7788, 0, 9223372036854775807, 0, 9223372036776895807
0, 7789, 0, 9223372036854775807, 0, 9223372036776885807
0, 779, 0, 9223372036854775807, 0, 9223372036846985807
0, 7790, 0, 9223372036854775807, 0, 9223372036776875807
0, 7791, 0, 9223372036854775807, 0, 9223372036776865807
0, 7792, 0, 9223372036854775807, 0, 9223372036776855807
0, 7793, 0, 9223372036854775807, 0, 9223372036776845807
0, 7794, 0, 9223372036854775807, 0, 9223372036776835807
0, 7795, 0, 9223372036854775807, 0, 9223372036776825807
0, 7796, 0, 9223372036854775807, 0, 9223372036776815807
0, 7797, 0, 9223372036854775807, 0, 9223372036776805807
0, 7798, 0, 9223372036854775807, 0, 9223372036776795807
0, 7799, 0, 9223372036854775807, 0, 9223372036776785807
0, 78, 0, 9223372036854775807, 0, 9223372036853995807
0, 780, 0, 9223372036854775807, 0, 9223372036846975807
0, 7800, 0, 9223372036854775807, 0, 9223372036776775807
0, 7801, 0, 9223372036854775807, 0, 9223372036776765807
0, 7802, 0, 9223372036854775807, 0, 9223372036776755807
0, 7803, 0, 9223372036854775807, 0, 9223372036776745807
0, 7804, 0, 9223372036854775807, 0, 9223372036776735807
0, 7805, 0, 9223372036854775807, 0, 9223372036776725807
0, 7806, 0, 9223372036854775807, 0, 9223372036776715807
0, 7807, 0, 9223372036854775807, 0, 9223372036776705807
0, 7808, 0, 9223372036854775807, 0, 9223372036776695807
0, 7809, 0, 9223372036854775807, 0, 9223372036776685807
0, 781, 0, 9223372036854775807, 0, 9223372036846965807
0, 7810, 0, 9223372036854775807, 0, 9223372036776675807
0, 7811, 0, 9223372036854775807, 0, 9223372036776665807
0, 7812, 0, 9223372036854775807, 0, 9223372036776655807
0, 7813, 0, 9223372036854775807, 0, 9223372036776645807
0, 7814, 0, 9223372036854775807, 0, 9223372036776635807
0, 7815, 0, 9223372036854775807, 0, 9223372036776625807
0, 7816, 0, 9223372036854775807, 0, 9223372036776615807
0, 7817, 0, 9223372036854775807, 0, 9223372036776605807
0, 7818, 0, 9223372036854775807, 0, 9223372036776595807
0, 7819, 0, 9223372036854775807, 0, 9223372036776585807
0, 782, 0, 9223372036854775807, 0, 9223372036846955807
0, 7820, 0, 9223372036854775807, 0, 9223372036776575807
0, 7821, 0, 9223372036854775807, 0, 9223372036776565807
0, 7822, 0, 9223372036854775807, 0, 9223372036776555807
0, 7823, 0, 9223372036854775807, 0, 9223372036776545807
0, 7824, 0, 9223372036854775807, 0, 9223372036776535807
0, 7825, 0, 9223372036854775807, 0, 9223372036776525807
0, 7826, 0, 9223372036854775807, 0, 9223372036776515807
0, 7827, 0, 9223372036854775807, 0, 9223372036776505807
0, 7828, 0, 9223372036854775807, 0, 9223372036776495807
0, 7829, 0, 9223372036854775807, 0, 9223372036776485807
0, 783, 0, 9223372036854775807, 0, 9223372036846945807
0, 7830, 0, 9223372036854775807, 0, 9223372036776475807
0, 7831, 0, 9223372036854775807, 0, 9223372036776465807
0, 7832, 0, 9223372036854775807, 0, 9223372036776455807
0, 7833, 0, 9223372036854775807, 0, 9223372036776445807
0, 7834, 0, 9223372036854775807, 0, 9223372036776435807
0, 7835, 0, 9223372036854775807, 0, 9223372036776425807
0, 7836, 0, 9223372036854775807, 0, 9223372036776415807
0, 7837, 0, 9223372036854775807, 0, 9223372036776405807
0, 7838, 0, 9223372036854775807, 0, 9223372036776395807
0, 7839, 0, 9223372036854775807, 0, 9223372036776385807
0, 784, 0, 9223372036854775807, 0, 9223372036846935807
0, 7840, 0, 9223372036854775807, 0, 9223372036776375807
0, 7841, 0, 9223372036854775807, 0, 9223372036776365807
0, 7842, 0, 9223372036854775807, 0, 9223372036776355807
0, 7843, 0, 9223372036854775807, 0, 9223372036776345807
0, 7844, 0, 9223372036854775807, 0, 9223372036776335807
0, 7845, 0, 9223372036854775807, 0, 9223372036776325807
0, 7846, 0, 9223372036854775807, 0, 9223372036776315807
0, 7847, 0, 9223372036854775807, 0, 9223372036776305807
0, 7848, 0, 9223372036854775807, 0, 9223372036776295807
0, 7849, 0, 9223372036854775807, 0, 9223372036776285807
0, 785, 0, 9223372036854775807, 0, 9223372036846925807
0, 7850, 0, 9223372036854775807, 0, 9223372036776275807
0, 7851, 0, 9223372036854775807, 0, 9223372036776265807
0, 7852, 0, 9223372036854775807, 0, 9223372036776255807
0, 7853, 0, 9223372036854775807, 0, 9223372036776245807
0, 7854, 0, 9223372036854775807, 0, 9223372036776235807
0, 7855, 0, 9223372036854775807, 0, 9223372036776225807
0, 7856, 0, 9223372036854775807, 0, 9223372036776215807
0, 7857, 0, 9223372036854775807, 0, 9223372036776205807
0, 7858, 0, 9223372036854775807, 0, 9223372036776195807
0, 7859, 0, 9223372036854775807, 0, 9223372036776185807
0, 786, 0, 9223372036854775807, 0, 9223372036846915807
0, 7860, 0, 9223372036854775807, 0, 9223372036776175807
0, 7861, 0, 9223372036854775807, 0, 9223372036776165807
0, 7862, 0, 9223372036854775807, 0, 9223372036776155807
0, 7863, 0, 9223372036854775807, 0, 9223372036776145807
0, 7864, 0, 9223372036854775807, 0, 9223372036776135807
0, 7865, 0, 9223372036854775807, 0, 9223372036776125807
0, 7866, 0, 9223372036854775807, 0, 9223372036776115807
0, 7867, 0, 9223372036854775807, 0, 9223372036776105807
0, 7868, 0, 9223372036854775807, 0, 9223372036776095807
0, 7869, 0, 9223372036854775807, 0, 9223372036776085807
0, 787, 0, 9223372036854775807, 0, 9223372036846905807
0, 7870, 0, 9223372036854775807, 0, 9223372036776075807
0, 7871, 0, 9223372036854775807, 0, 9223372036776065807
0, 7872, 0, 9223372036854775807, 0, 9223372036776055807
0, 7873, 0, 9223372036854775807, 0, 9223372036776045807
0, 7874, 0, 9223372036854775807, 0, 9223372036776035807
0, 7875, 0, 9223372036854775807, 0, 9223372036776025807
0, 7876, 0, 9223372036854775807, 0, 9223372036776015807
0, 7877, 0, 9223372036854775807, 0, 9223372036776005807
0, 7878, 0, 9223372036854775807, 0, 9223372036775995807
0, 7879, 0, 9223372036854775807, 0, 9223372036775985807
0, 788, 0, 9223372036854775807, 0, 9223372036846895807
0, 7880, 0, 9223372036854775807, 0, 9223372036775975807
0, 7881, 0, 9223372036854775807, 0, 9223372036775965807
0, 7882, 0, 9223372036854775807, 0, 9223372036775955807
0, 7883, 0, 9223372036854775807, 0, 9223372036775945807
0, 7884, 0, 9223372036854775807, 0, 9223372036775935807
0, 7885, 0, 9223372036854775807, 0, 9223372036775925807
0, 7886, 0, 9223372036854775807, 0, 9223372036775915807
0, 7887, 0, 9223372036854775807, 0, 9223372036775905807
0, 7888, 0, 9223372036854775807, 0, 9223372036775895807
0, 7889, 0, 9223372036854775807, 0, 9223372036775885807
0, 789, 0, 9223372036854775807, 0, 9223372036846885807
0, 7890, 0, 9223372036854775807, 0, 9223372036775875807
0, 7891, 0, 9223372036854775807, 0, 9223372036775865807
0, 7892, 0, 9223372036854775807, 0, 9223372036775855807
0, 7893, 0, 9223372036854775807, 0, 9223372036775845807
0, 7894, 0, 9223372036854775807, 0, 9223372036775835807
0, 7895, 0, 9223372036854775807, 0, 9223372036775825807
0, 7896, 0, 9223372036854775807, 0, 9223372036775815807
0, 7897, 0, 9223372036854775807, 0, 9223372036775805807
0, 7898, 0, 9223372036854775807, 0, 9223372036775795807
0, 7899, 0, 9223372036854775807, 0, 9223372036775785807
0, 79, 0, 9223372036854775807, 0, 9223372036853985807
0, 790, 0, 9223372036854775807, 0, 9223372036846875807
0, 7900, 0, 9223372036854775807, 0, 9223372036775775807
0, 7901, 0, 9223372036854775807, 0, 9223372036775765807
0, 7902, 0, 9223372036854775807, 0, 9223372036775755807
0, 7903, 0, 9223372036854775807, 0, 9223372036775745807
0, 7904, 0, 9223372036854775807, 0, 9223372036775735807
0, 7905, 0, 9223372036854775807, 0, 9223372036775725807
0, 7906, 0, 9223372036854775807, 0, 9223372036775715807
0, 7907, 0, 9223372036854775807, 0, 9223372036775705807
0, 7908, 0, 9223372036854775807, 0, 9223372036775695807
0, 7909, 0, 9223372036854775807, 0, 9223372036775685807
0, 791, 0, 9223372036854775807, 0, 9223372036846865807
0, 7910, 0, 9223372036854775807, 0, 9223372036775675807
0, 7911, 0, 9223372036854775807, 0, 9223372036775665807
0, 7912, 0, 9223372036854775807, 0, 9223372036775655807
0, 7913, 0, 9223372036854775807, 0, 9223372036775645807
0, 7914, 0, 9223372036854775807, 0, 9223372036775635807
0, 7915, 0, 9223372036854775807, 0, 9223372036775625807
0, 7916, 0, 9223372036854775807, 0, 9223372036775615807
0, 7917, 0, 9223372036854775807, 0, 9223372036775605807
0, 7918, 0, 9223372036854775807, 0, 9223372036775595807
0, 7919, 0, 9223372036854775807, 0, 9223372036775585807
0, 792, 0, 9223372036854775807, 0, 9223372036846855807
0, 7920, 0, 9223372036854775807, 0, 9223372036775575807
0, 7921, 0, 9223372036854775807, 0, 9223372036775565807
0, 7922, 0, 9223372036854775807, 0, 9223372036775555807
0, 7923, 0, 9223372036854775807, 0, 9223372036775545807
0, 7924, 0, 9223372036854775807, 0, 9223372036775535807
0, 7925, 0, 9223372036854775807, 0, 9223372036775525807
0, 7926, 0, 9223372036854775807, 0, 9223372036775515807
0, 7927, 0, 9223372036854775807, 0, 9223372036775505807
0, 7928, 0, 9223372036854775807, 0, 9223372036775495807
0, 7929, 0, 9223372036854775807, 0, 9223372036775485807
0, 793, 0, 9223372036854775807, 0, 9223372036846845807
0, 7930, 0, 9223372036854775807, 0, 9223372036775475807
0, 7931, 0, 9223372036854775807, 0, 9223372036775465807
0, 7932, 0, 9223372036854775807, 0, 9223372036775455807
0, 7933, 0, 9223372036854775807, 0, 9223372036775445807
0, 7934, 0, 9223372036854775807, 0, 9223372036775435807
0, 7935, 0, 9223372036854775807, 0, 9223372036775425807
0, 7936, 0, 9223372036854775807, 0, 9223372036775415807
0, 7937, 0, 9223372036854775807, 0, 9223372036775405807
0, 7938, 0, 9223372036854775807, 0, 9223372036775395807
0, 7939, 0, 9223372036854775807, 0, 9223372036775385807
0, 794, 0, 9223372036854775807, 0, 9223372036846835807
0, 7940, 0, 9223372036854775807, 0, 9223372036775375807
0, 7941, 0, 9223372036854775807, 0, 9223372036775365807
0, 7942, 0, 9223372036854775807, 0, 9223372036775355807
0, 7943, 0, 9223372036854775807, 0, 9223372036775345807
0, 7944, 0, 9223372036854775807, 0, 9223372036775335807
0, 7945, 0, 9223372036854775807, 0, 9223372036775325807
0, 7946, 0, 9223372036854775807, 0, 9223372036775315807
0, 7947, 0, 9223372036854775807, 0, 9223372036775305807
0, 7948, 0, 9223372036854775807, 0, 9223372036775295807
0, 7949, 0, 9223372036854775807, 0, 9223372036775285807
0, 795, 0, 9223372036854775807, 0, 9223372036846825807
0, 7950, 0, 9223372036854775807, 0, 9223372036775275807
0, 7951, 0, 9223372036854775807, 0, 9223372036775265807
0, 7952, 0, 9223372036854775807, 0, 9223372036775255807
0, 7953, 0, 9223372036854775807, 0, 9223372036775245807
0, 7954, 0, 9223372036854775807, 0, 9223372036775235807
0, 7955, 0, 9223372036854775807, 0, 9223372036775225807
0, 7956, 0, 9223372036854775807, 0, 9223372036775215807
0, 7957, 0, 9223372036854775807, 0, 9223372036775205807
0, 7958, 0, 9223372036854775807, 0, 9223372036775195807
0, 7959, 0, 9223372036854775807, 0, 9223372036775185807
0, 796, 0, 9223372036854775807, 0, 9223372036846815807
0, 7960, 0, 9223372036854775807, 0, 9223372036775175807
0, 7961, 0, 9223372036854775807, 0, 9223372036775165807
0, 7962, 0, 9223372036854775807, 0, 9223372036775155807
0, 7963, 0, 9223372036854775807, 0, 9223372036775145807
0, 7964, 0, 9223372036854775807, 0, 9223372036775135807
0, 7965, 0, 9223372036854775807, 0, 9223372036775125807
0, 7966, 0, 9223372036854775807, 0, 9223372036775115807
0, 7967, 0, 9223372036854775807, 0, 9223372036775105807
0, 7968, 0, 9223372036854775807, 0, 9223372036775095807
0, 7969, 0, 9223372036854775807, 0, 9223372036775085807
0, 797, 0, 9223372036854775807, 0, 9223372036846805807
0, 7970, 0, 9223372036854775807, 0, 9223372036775075807
0, 7971, 0, 9223372036854775807, 0, 9223372036775065807
0, 7972, 0, 9223372036854775807, 0, 9223372036775055807
0, 7973, 0, 9223372036854775807, 0, 9223372036775045807
0, 7974, 0, 9223372036854775807, 0, 9223372036775035807
0, 7975, 0, 9223372036854775807, 0, 9223372036775025807
0, 7976, 0, 9223372036854775807, 0, 9223372036775015807
0, 7977, 0, 9223372036854775807, 0, 9223372036775005807
0, 7978, 0, 9223372036854775807, 0, 9223372036774995807
0, 7979, 0, 9223372036854775807, 0, 9223372036774985807
0, 798, 0, 9223372036854775807, 0, 9223372036846795807
0, 7980, 0, 9223372036854775807, 0, 9223372036774975807
0, 7981, 0, 9223372036854775807, 0, 9223372036774965807
0, 7982, 0, 9223372036854775807, 0, 9223372036774955807
0, 7983, 0, 9223372036854775807, 0, 9223372036774945807
0, 7984, 0, 9223372036854775807, 0, 9223372036774935807
0, 7985, 0, 9223372036854775807, 0, 9223372036774925807
0, 7986, 0, 9223372036854775807, 0, 9223372036774915807
0, 7987, 0, 9223372036854775807, 0, 9223372036774905807
0, 7988, 0, 9223372036854775807, 0, 9223372036774895807
0, 7989, 0, 9223372036854775807, 0, 9223372036774885807
0, 799, 0, 9223372036854775807, 0, 9223372036846785807
0, 7990, 0, 9223372036854775807, 0, 9223372036774875807
0, 7991, 0, 9223372036854775807, 0, 9223372036774865807
0, 7992, 0, 9223372036854775807, 0, 9223372036774855807
0, 7993, 0, 9223372036854775807, 0, 9223372036774845807
0, 7994, 0, 9223372036854775807, 0, 9223372036774835807
0, 7995, 0, 9223372036854775807, 0, 9223372036774825807
0, 7996, 0, 9223372036854775807, 0, 9223372036774815807
0, 7997, 0, 9223372036854775807, 0, 9223372036774805807
0, 7998, 0, 9223372036854775807, 0, 9223372036774795807
0, 7999, 0, 9223372036854775807, 0, 9223372036774785807
0, 8, 0, 9223372036854775807, 0, 9223372036854695807
0, 80, 0, 9223372036854775807, 0, 9223372036853975807
0, 800, 0, 9223372036854775807, 0, 9223372036846775807
0, 8000, 0, 9223372036854775807, 0, 9223372036774775807
0, 8001, 0, 9223372036854775807, 0, 9223372036774765807
0, 8002, 0, 9223372036854775807, 0, 9223372036774755807
0, 8003, 0, 9223372036854775807, 0, 9223372036774745807
0, 8004, 0, 9223372036854775807, 0, 9223372036774735807
0, 8005, 0, 9223372036854775807, 0, 9223372036774725807
0, 8006, 0, 9223372036854775807, 0, 9223372036774715807
0, 8007, 0, 9223372036854775807, 0, 9223372036774705807
0, 8008, 0, 9223372036854775807, 0, 9223372036774695807
0, 8009, 0, 9223372036854775807, 0, 9223372036774685807
0, 801, 0, 9223372036854775807, 0, 9223372036846765807
0, 8010, 0, 9223372036854775807, 0, 9223372036774675807
0, 8011, 0, 9223372036854775807, 0, 9223372036774665807
0, 8012, 0, 9223372036854775807, 0, 9223372036774655807
0, 8013, 0, 9223372036854775807, 0, 9223372036774645807
0, 8014, 0, 9223372036854775807, 0, 9223372036774635807
0, 8015, 0, 9223372036854775807, 0, 9223372036774625807
0, 8016, 0, 9223372036854775807, 0, 9223372036774615807
0, 8017, 0, 9223372036854775807, 0, 9223372036774605807
0, 8018, 0, 9223372036854775807, 0, 9223372036774595807
0, 8019, 0, 9223372036854775807, 0, 9223372036774585807
0, 802, 0, 9223372036854775807, 0, 9223372036846755807
0, 8020, 0, 9223372036854775807, 0, 9223372036774575807
0, 8021, 0, 9223372036854775807, 0, 9223372036774565807
0, 8022, 0, 9223372036854775807, 0, 9223372036774555807
0, 8023, 0, 9223372036854775807, 0, 9223372036774545807
0, 8024, 0, 9223372036854775807, 0, 9223372036774535807
0, 8025, 0, 9223372036854775807, 0, 9223372036774525807
0, 8026, 0, 9223372036854775807, 0, 9223372036774515807
0, 8027, 0, 9223372036854775807, 0, 9223372036774505807
0, 8028, 0, 9223372036854775807, 0, 9223372036774495807
0, 8029, 0, 9223372036854775807, 0, 9223372036774485807
0, 803, 0, 9223372036854775807, 0, 9223372036846745807
0, 8030, 0, 9223372036854775807, 0, 9223372036774475807
0, 8031, 0, 9223372036854775807, 0, 9223372036774465807
0, 8032, 0, 9223372036854775807, 0, 9223372036774455807
0, 8033, 0, 9223372036854775807, 0, 9223372036774445807
0, 8034, 0, 9223372036854775807, 0, 9223372036774435807
0, 8035, 0, 9223372036854775807, 0, 9223372036774425807
0, 8036, 0, 9223372036854775807, 0, 9223372036774415807
0, 8037, 0, 9223372036854775807, 0, 9223372036774405807
0, 8038, 0, 9223372036854775807, 0, 9223372036774395807
0, 8039, 0, 9223372036854775807, 0, 9223372036774385807
0, 804, 0, 9223372036854775807, 0, 9223372036846735807
0, 8040, 0, 9223372036854775807, 0, 9223372036774375807
0, 8041, 0, 9223372036854775807, 0, 9223372036774365807
0, 8042, 0, 9223372036854775807, 0, 9223372036774355807
0, 8043, 0, 9223372036854775807, 0, 9223372036774345807
0, 8044, 0, 9223372036854775807, 0, 9223372036774335807
0, 8045, 0, 9223372036854775807, 0, 9223372036774325807
0, 8046, 0, 9223372036854775807, 0, 9223372036774315807
0, 8047, 0, 9223372036854775807, 0, 9223372036774305807
0, 8048, 0, 9223372036854775807, 0, 9223372036774295807
0, 8049, 0, 9223372036854775807, 0, 9223372036774285807
0, 805, 0, 9223372036854775807, 0, 9223372036846725807
0, 8050, 0, 9223372036854775807, 0, 9223372036774275807
0, 8051, 0, 9223372036854775807, 0, 9223372036774265807
0, 8052, 0, 9223372036854775807, 0, 9223372036774255807
0, 8053, 0, 9223372036854775807, 0, 9223372036774245807
0, 8054, 0, 9223372036854775807, 0, 9223372036774235807
0, 8055, 0, 9223372036854775807, 0, 9223372036774225807
0, 8056, 0, 9223372036854775807, 0, 9223372036774215807
0, 8057, 0, 9223372036854775807, 0, 9223372036774205807
0, 8058, 0, 9223372036854775807, 0, 9223372036774195807
0, 8059, 0, 9223372036854775807, 0, 9223372036774185807
0, 806, 0, 9223372036854775807, 0, 9223372036846715807
0, 8060, 0, 9223372036854775807, 0, 9223372036774175807
0, 8061, 0, 9223372036854775807, 0, 9223372036774165807
0, 8062, 0, 9223372036854775807, 0, 9223372036774155807
0, 8063, 0, 9223372036854775807, 0, 9223372036774145807
0, 8064, 0, 9223372036854775807, 0, 9223372036774135807
0, 8065, 0, 9223372036854775807, 0, 9223372036774125807
0, 8066, 0, 9223372036854775807, 0, 9223372036774115807
0, 8067, 0, 9223372036854775807, 0, 9223372036774105807
0, 8068, 0, 9223372036854775807, 0, 9223372036774095807
0, 8069, 0, 9223372036854775807, 0, 9223372036774085807
0, 807, 0, 9223372036854775807, 0, 9223372036846705807
0, 8070, 0, 9223372036854775807, 0, 9223372036774075807
0, 8071, 0, 9223372036854775807, 0, 9223372036774065807
0, 8072, 0, 9223372036854775807, 0, 9223372036774055807
0, 8073, 0, 9223372036854775807, 0, 9223372036774045807
0, 8074, 0, 9223372036854775807, 0, 9223372036774035807
0, 8075, 0, 9223372036854775807, 0, 9223372036774025807
0, 8076, 0, 9223372036854775807, 0, 9223372036774015807
0, 8077, 0, 9223372036854775807, 0, 9223372036774005807
0, 8078, 0, 9223372036854775807, 0, 9223372036773995807
0, 8079, 0, 9223372036854775807, 0, 9223372036773985807
0, 808, 0, 9223372036854775807, 0, 9223372036846695807
0, 8080, 0, 9223372036854775807, 0, 9223372036773975807
0, 8081, 0, 9223372036854775807, 0, 9223372036773965807
0, 8082, 0, 9223372036854775807, 0, 9223372036773955807
0, 8083, 0, 9223372036854775807, 0, 9223372036773945807
0, 8084, 0, 9223372036854775807, 0, 9223372036773935807
0, 8085, 0, 9223372036854775807, 0, 9223372036773925807
0, 8086, 0, 9223372036854775807, 0, 9223372036773915807
0, 8087, 0, 9223372036854775807, 0, 9223372036773905807
0, 8088, 0, 9223372036854775807, 0, 9223372036773895807
0, 8089, 0, 9223372036854775807, 0, 9223372036773885807
0, 809, 0, 9223372036854775807, 0, 9223372036846685807
0, 8090, 0, 9223372036854775807, 0, 9223372036773875807
0, 8091, 0, 9223372036854775807, 0, 9223372036773865807
0, 8092, 0, 9223372036854775807, 0, 9223372036773855807
0, 8093, 0, 9223372036854775807, 0, 9223372036773845807
0, 8094, 0, 9223372036854775807, 0, 9223372036773835807
0, 8095, 0, 9223372036854775807, 0, 9223372036773825807
0, 8096, 0, 9223372036854775807, 0, 9223372036773815807
0, 8097, 0, 9223372036854775807, 0, 9223372036773805807
0, 8098, 0, 9223372036854775807, 0, 9223372036773795807
0, 8099, 0, 9223372036854775807, 0, 9223372036773785807
0, 81, 0, 9223372036854775807, 0, 9223372036853965807
0, 810, 0, 9223372036854775807, 0, 9223372036846675807
0, 8100, 0, 9223372036854775807, 0, 9223372036773775807
0, 8101, 0, 9223372036854775807, 0, 9223372036773765807
0, 8102, 0, 9223372036854775807, 0, 9223372036773755807
0, 8103, 0, 9223372036854775807, 0, 9223372036773745807
0, 8104, 0, 9223372036854775807, 0, 9223372036773735807
0, 8105, 0, 9223372036854775807, 0, 9223372036773725807
0, 8106, 0, 9223372036854775807, 0, 9223372036773715807
0, 8107, 0, 9223372036854775807, 0, 9223372036773705807
0, 8108, 0, 9223372036854775807, 0, 9223372036773695807
0, 8109, 0, 9223372036854775807, 0, 9223372036773685807
0, 811, 0, 9223372036854775807, 0, 9223372036846665807
0, 8110, 0, 9223372036854775807, 0, 9223372036773675807
0, 8111, 0, 9223372036854775807, 0, 9223372036773665807
0, 8112, 0, 9223372036854775807, 0, 9223372036773655807
0, 8113, 0, 9223372036854775807, 0, 9223372036773645807
0, 8114, 0, 9223372036854775807, 0, 9223372036773635807
0, 8115, 0, 9223372036854775807, 0, 9223372036773625807
0, 8116, 0, 9223372036854775807, 0, 9223372036773615807
0, 8117, 0, 9223372036854775807, 0, 9223372036773605807
0, 8118, 0, 9223372036854775807, 0, 9223372036773595807
0, 8119, 0, 9223372036854775807, 0, 9223372036773585807
0, 812, 0, 9223372036854775807, 0, 9223372036846655807
0, 8120, 0, 9223372036854775807, 0, 9223372036773575807
0, 8121, 0, 9223372036854775807, 0, 9223372036773565807
0, 8122, 0, 9223372036854775807, 0, 9223372036773555807
0, 8123, 0, 9223372036854775807, 0, 9223372036773545807
0, 8124, 0, 9223372036854775807, 0, 9223372036773535807
0, 8125, 0, 9223372036854775807, 0, 9223372036773525807
0, 8126, 0, 9223372036854775807, 0, 9223372036773515807
0, 8127, 0, 9223372036854775807, 0, 9223372036773505807
0, 8128, 0, 9223372036854775807, 0, 9223372036773495807
0, 8129, 0, 9223372036854775807, 0, 9223372036773485807
0, 813, 0, 9223372036854775807, 0, 9223372036846645807
0, 8130, 0, 9223372036854775807, 0, 9223372036773475807
0, 8131, 0, 9223372036854775807, 0, 9223372036773465807
0, 8132, 0, 9223372036854775807, 0, 9223372036773455807
0, 8133, 0, 9223372036854775807, 0, 9223372036773445807
0, 8134, 0, 9223372036854775807, 0, 9223372036773435807
0, 8135, 0, 9223372036854775807, 0, 9223372036773425807
0, 8136, 0, 9223372036854775807, 0, 9223372036773415807
0, 8137, 0, 9223372036854775807, 0, 9223372036773405807
0, 8138, 0, 9223372036854775807, 0, 9223372036773395807
0, 8139, 0, 9223372036854775807, 0, 9223372036773385807
0, 814, 0, 9223372036854775807, 0, 9223372036846635807
0, 8140, 0, 9223372036854775807, 0, 9223372036773375807
0, 8141, 0, 9223372036854775807, 0, 9223372036773365807
0, 8142, 0, 9223372036854775807, 0, 9223372036773355807
0, 8143, 0, 9223372036854775807, 0, 9223372036773345807
0, 8144, 0, 9223372036854775807, 0, 9223372036773335807
0, 8145, 0, 9223372036854775807, 0, 9223372036773325807
0, 8146, 0, 9223372036854775807, 0, 9223372036773315807
0, 8147, 0, 9223372036854775807, 0, 9223372036773305807
0, 8148, 0, 9223372036854775807, 0, 9223372036773295807
0, 8149, 0, 9223372036854775807, 0, 9223372036773285807
0, 815, 0, 9223372036854775807, 0, 9223372036846625807
0, 8150, 0, 9223372036854775807, 0, 9223372036773275807
0, 8151, 0, 9223372036854775807, 0, 9223372036773265807
0, 8152, 0, 9223372036854775807, 0, 9223372036773255807
0, 8153, 0, 9223372036854775807, 0, 9223372036773245807
0, 8154, 0, 9223372036854775807, 0, 9223372036773235807
0, 8155, 0, 9223372036854775807, 0, 9223372036773225807
0, 8156, 0, 9223372036854775807, 0, 9223372036773215807
0, 8157, 0, 9223372036854775807, 0, 9223372036773205807
0, 8158, 0, 9223372036854775807, 0, 9223372036773195807
0, 8159, 0, 9223372036854775807, 0, 9223372036773185807
0, 816, 0, 9223372036854775807, 0, 9223372036846615807
0, 8160, 0, 9223372036854775807, 0, 9223372036773175807
0, 8161, 0, 9223372036854775807, 0, 9223372036773165807
0, 8162, 0, 9223372036854775807, 0, 9223372036773155807
0, 8163, 0, 9223372036854775807, 0, 9223372036773145807
0, 8164, 0, 9223372036854775807, 0, 9223372036773135807
0, 8165, 0, 9223372036854775807, 0, 9223372036773125807
0, 8166, 0, 9223372036854775807, 0, 9223372036773115807
0, 8167, 0, 9223372036854775807, 0, 9223372036773105807
0, 8168, 0, 9223372036854775807, 0, 9223372036773095807
0, 8169, 0, 9223372036854775807, 0, 9223372036773085807
0, 817, 0, 9223372036854775807, 0, 9223372036846605807
0, 8170, 0, 9223372036854775807, 0, 9223372036773075807
0, 8171, 0, 9223372036854775807, 0, 9223372036773065807
0, 8172, 0, 9223372036854775807, 0, 9223372036773055807
0, 8173, 0, 9223372036854775807, 0, 9223372036773045807
0, 8174, 0, 9223372036854775807, 0, 9223372036773035807
0, 8175, 0, 9223372036854775807, 0, 9223372036773025807
0, 8176, 0, 9223372036854775807, 0, 9223372036773015807
0, 8177, 0, 9223372036854775807, 0, 9223372036773005807
0, 8178, 0, 9223372036854775807, 0, 9223372036772995807
0, 8179, 0, 9223372036854775807, 0, 9223372036772985807
0, 818, 0, 9223372036854775807, 0, 9223372036846595807
0, 8180, 0, 9223372036854775807, 0, 9223372036772975807
0, 8181, 0, 9223372036854775807, 0, 9223372036772965807
0, 8182, 0, 9223372036854775807, 0, 9223372036772955807
0, 8183, 0, 9223372036854775807, 0, 9223372036772945807
0, 8184, 0, 9223372036854775807, 0, 9223372036772935807
0, 8185, 0, 9223372036854775807, 0, 9223372036772925807
0, 8186, 0, 9223372036854775807, 0, 9223372036772915807
0, 8187, 0, 9223372036854775807, 0, 9223372036772905807
0, 8188, 0, 9223372036854775807, 0, 9223372036772895807
0, 8189, 0, 9223372036854775807, 0, 9223372036772885807
0, 819, 0, 9223372036854775807, 0, 9223372036846585807
0, 8190, 0, 9223372036854775807, 0, 9223372036772875807
0, 8191, 0, 9223372036854775807, 0, 9223372036772865807
0, 8192, 0, 9223372036854775807, 0, 9223372036772855807
0, 8193, 0, 9223372036854775807, 0, 9223372036772845807
0, 8194, 0, 9223372036854775807, 0, 9223372036772835807
0, 8195, 0, 9223372036854775807, 0, 9223372036772825807
0, 8196, 0, 9223372036854775807, 0, 9223372036772815807
0, 8197, 0, 9223372036854775807, 0, 9223372036772805807
0, 8198, 0, 9223372036854775807, 0, 9223372036772795807
0, 8199, 0, 9223372036854775807, 0, 9223372036772785807
0, 82, 0, 9223372036854775807, 0, 9223372036853955807
0, 820, 0, 9223372036854775807, 0, 9223372036846575807
0, 8200, 0, 9223372036854775807, 0, 9223372036772775807
0, 8201, 0, 9223372036854775807, 0, 9223372036772765807
0, 8202, 0, 9223372036854775807, 0, 9223372036772755807
0, 8203, 0, 9223372036854775807, 0, 9223372036772745807
0, 8204, 0, 9223372036854775807, 0, 9223372036772735807
0, 8205, 0, 9223372036854775807, 0, 9223372036772725807
0, 8206, 0, 9223372036854775807, 0, 9223372036772715807
0, 8207, 0, 9223372036854775807, 0, 9223372036772705807
0, 8208, 0, 9223372036854775807, 0, 9223372036772695807
0, 8209, 0, 9223372036854775807, 0, 9223372036772685807
0, 821, 0, 9223372036854775807, 0, 9223372036846565807
0, 8210, 0, 9223372036854775807, 0, 9223372036772675807
0, 8211, 0, 9223372036854775807, 0, 9223372036772665807
0, 8212, 0, 9223372036854775807, 0, 9223372036772655807
0, 8213, 0, 9223372036854775807, 0, 9223372036772645807
0, 8214, 0, 9223372036854775807, 0, 9223372036772635807
0, 8215, 0, 9223372036854775807, 0, 9223372036772625807
0, 8216, 0, 9223372036854775807, 0, 9223372036772615807
0, 8217, 0, 9223372036854775807, 0, 9223372036772605807
0, 8218, 0, 9223372036854775807, 0, 9223372036772595807
0, 8219, 0, 9223372036854775807, 0, 9223372036772585807
0, 822, 0, 9223372036854775807, 0, 9223372036846555807
0, 8220, 0, 9223372036854775807, 0, 9223372036772575807
0, 8221, 0, 9223372036854775807, 0, 9223372036772565807
0, 8222, 0, 9223372036854775807, 0, 9223372036772555807
0, 8223, 0, 9223372036854775807, 0, 9223372036772545807
0, 8224, 0, 9223372036854775807, 0, 9223372036772535807
0, 8225, 0, 9223372036854775807, 0, 9223372036772525807
0, 8226, 0, 9223372036854775807, 0, 9223372036772515807
0, 8227, 0, 9223372036854775807, 0, 9223372036772505807
0, 8228, 0, 9223372036854775807, 0, 9223372036772495807
0, 8229, 0, 9223372036854775807, 0, 9223372036772485807
0, 823, 0, 9223372036854775807, 0, 9223372036846545807
0, 8230, 0, 9223372036854775807, 0, 9223372036772475807
0, 8231, 0, 9223372036854775807, 0, 9223372036772465807
0, 8232, 0, 9223372036854775807, 0, 9223372036772455807
0, 8233, 0, 9223372036854775807, 0, 9223372036772445807
0, 8234, 0, 9223372036854775807, 0, 9223372036772435807
0, 8235, 0, 9223372036854775807, 0, 9223372036772425807
0, 8236, 0, 9223372036854775807, 0, 9223372036772415807
0, 8237, 0, 9223372036854775807, 0, 9223372036772405807
0, 8238, 0, 9223372036854775807, 0, 9223372036772395807
0, 8239, 0, 9223372036854775807, 0, 9223372036772385807
0, 824, 0, 9223372036854775807, 0, 9223372036846535807
0, 8240, 0, 9223372036854775807, 0, 9223372036772375807
0, 8241, 0, 9223372036854775807, 0, 9223372036772365807
0, 8242, 0, 9223372036854775807, 0, 9223372036772355807
0, 8243, 0, 9223372036854775807, 0, 9223372036772345807
0, 8244, 0, 9223372036854775807, 0, 9223372036772335807
0, 8245, 0, 9223372036854775807, 0, 9223372036772325807
0, 8246, 0, 9223372036854775807, 0, 9223372036772315807
0, 8247, 0, 9223372036854775807, 0, 9223372036772305807
0, 8248, 0, 9223372036854775807, 0, 9223372036772295807
0, 8249, 0, 9223372036854775807, 0, 9223372036772285807
0, 825, 0, 9223372036854775807, 0, 9223372036846525807
0, 8250, 0, 9223372036854775807, 0, 9223372036772275807
0, 8251, 0, 9223372036854775807, 0, 9223372036772265807
0, 8252, 0, 9223372036854775807, 0, 9223372036772255807
0, 8253, 0, 9223372036854775807, 0, 9223372036772245807
0, 8254, 0, 9223372036854775807, 0, 9223372036772235807
0, 8255, 0, 9223372036854775807, 0, 9223372036772225807
0, 8256, 0, 9223372036854775807, 0, 9223372036772215807
0, 8257, 0, 9223372036854775807, 0, 9223372036772205807
0, 8258, 0, 9223372036854775807, 0, 9223372036772195807
0, 8259, 0, 9223372036854775807, 0, 9223372036772185807
0, 826, 0, 9223372036854775807, 0, 9223372036846515807
0, 8260, 0, 9223372036854775807, 0, 9223372036772175807
0, 8261, 0, 9223372036854775807, 0, 9223372036772165807
0, 8262, 0, 9223372036854775807, 0, 9223372036772155807
0, 8263, 0, 9223372036854775807, 0, 9223372036772145807
0, 8264, 0, 9223372036854775807, 0, 9223372036772135807
0, 8265, 0, 9223372036854775807, 0, 9223372036772125807
0, 8266, 0, 9223372036854775807, 0, 9223372036772115807
0, 8267, 0, 9223372036854775807, 0, 9223372036772105807
0, 8268, 0, 9223372036854775807, 0, 9223372036772095807
0, 8269, 0, 9223372036854775807, 0, 9223372036772085807
0, 827, 0, 9223372036854775807, 0, 9223372036846505807
0, 8270, 0, 9223372036854775807, 0, 9223372036772075807
0, 8271, 0, 9223372036854775807, 0, 9223372036772065807
0, 8272, 0, 9223372036854775807, 0, 9223372036772055807
0, 8273, 0, 9223372036854775807, 0, 9223372036772045807
0, 8274, 0, 9223372036854775807, 0, 9223372036772035807
0, 8275, 0, 9223372036854775807, 0, 9223372036772025807
0, 8276, 0, 9223372036854775807, 0, 9223372036772015807
0, 8277, 0, 9223372036854775807, 0, 9223372036772005807
0, 8278, 0, 9223372036854775807, 0, 9223372036771995807
0, 8279, 0, 9223372036854775807, 0, 9223372036771985807
0, 828, 0, 9223372036854775807, 0, 9223372036846495807
0, 8280, 0, 9223372036854775807, 0, 9223372036771975807
0, 8281, 0, 9223372036854775807, 0, 9223372036771965807
0, 8282, 0, 9223372036854775807, 0, 9223372036771955807
0, 8283, 0, 9223372036854775807, 0, 9223372036771945807
0, 8284, 0, 9223372036854775807, 0, 9223372036771935807
0, 8285, 0, 9223372036854775807, 0, 9223372036771925807
0, 8286, 0, 9223372036854775807, 0, 9223372036771915807
0, 8287, 0, 9223372036854775807, 0, 9223372036771905807
0, 8288, 0, 9223372036854775807, 0, 9223372036771895807
0, 8289, 0, 9223372036854775807, 0, 9223372036771885807
0, 829, 0, 9223372036854775807, 0, 9223372036846485807
0, 8290, 0, 9223372036854775807, 0, 9223372036771875807
0, 8291, 0, 9223372036854775807, 0, 9223372036771865807
0, 8292, 0, 9223372036854775807, 0, 9223372036771855807
0, 8293, 0, 9223372036854775807, 0, 9223372036771845807
0, 8294, 0, 9223372036854775807, 0, 9223372036771835807
0, 8295, 0, 9223372036854775807, 0, 9223372036771825807
0, 8296, 0, 9223372036854775807, 0, 9223372036771815807
0, 8297, 0, 9223372036854775807, 0, 9223372036771805807
0, 8298, 0, 9223372036854775807, 0, 9223372036771795807
0, 8299, 0, 9223372036854775807, 0, 9223372036771785807
0, 83, 0, 9223372036854775807, 0, 9223372036853945807
0, 830, 0, 9223372036854775807, 0, 9223372036846475807
0, 8300, 0, 9223372036854775807, 0, 9223372036771775807
0, 8301, 0, 9223372036854775807, 0, 9223372036771765807
0, 8302, 0, 9223372036854775807, 0, 9223372036771755807
0, 8303, 0, 9223372036854775807, 0, 9223372036771745807
0, 8304, 0, 9223372036854775807, 0, 9223372036771735807
0, 8305, 0, 9223372036854775807, 0, 9223372036771725807
0, 8306, 0, 9223372036854775807, 0, 9223372036771715807
0, 8307, 0, 9223372036854775807, 0, 9223372036771705807
0, 8308, 0, 9223372036854775807, 0, 9223372036771695807
0, 8309, 0, 9223372036854775807, 0, 9223372036771685807
0, 831, 0, 9223372036854775807, 0, 9223372036846465807
0, 8310, 0, 9223372036854775807, 0, 9223372036771675807
0, 8311, 0, 9223372036854775807, 0, 9223372036771665807
0, 8312, 0, 9223372036854775807, 0, 9223372036771655807
0, 8313, 0, 9223372036854775807, 0, 9223372036771645807
0, 8314, 0, 9223372036854775807, 0, 9223372036771635807
0, 8315, 0, 9223372036854775807, 0, 9223372036771625807
0, 8316, 0, 9223372036854775807, 0, 9223372036771615807
0, 8317, 0, 9223372036854775807, 0, 9223372036771605807
0, 8318, 0, 9223372036854775807, 0, 9223372036771595807
0, 8319, 0, 9223372036854775807, 0, 9223372036771585807
0, 832, 0, 9223372036854775807, 0, 9223372036846455807
0, 8320, 0, 9223372036854775807, 0, 9223372036771575807
0, 8321, 0, 9223372036854775807, 0, 9223372036771565807
0, 8322, 0, 9223372036854775807, 0, 9223372036771555807
0, 8323, 0, 9223372036854775807, 0, 9223372036771545807
0, 8324, 0, 9223372036854775807, 0, 9223372036771535807
0, 8325, 0, 9223372036854775807, 0, 9223372036771525807
0, 8326, 0, 9223372036854775807, 0, 9223372036771515807
0, 8327, 0, 9223372036854775807, 0, 9223372036771505807
0, 8328, 0, 9223372036854775807, 0, 9223372036771495807
0, 8329, 0, 9223372036854775807, 0, 9223372036771485807
0, 833, 0, 9223372036854775807, 0, 9223372036846445807
0, 8330, 0, 9223372036854775807, 0, 9223372036771475807
0, 8331, 0, 9223372036854775807, 0, 9223372036771465807
0, 8332, 0, 9223372036854775807, 0, 9223372036771455807
0, 8333, 0, 9223372036854775807, 0, 9223372036771445807
0, 8334, 0, 9223372036854775807, 0, 9223372036771435807
0, 8335, 0, 9223372036854775807, 0, 9223372036771425807
0, 8336, 0, 9223372036854775807, 0, 9223372036771415807
0, 8337, 0, 9223372036854775807, 0, 9223372036771405807
0, 8338, 0, 9223372036854775807, 0, 9223372036771395807
0, 8339, 0, 9223372036854775807, 0, 9223372036771385807
0, 834, 0, 9223372036854775807, 0, 9223372036846435807
0, 8340, 0, 9223372036854775807, 0, 9223372036771375807
0, 8341, 0, 9223372036854775807, 0, 9223372036771365807
0, 8342, 0, 9223372036854775807, 0, 9223372036771355807
0, 8343, 0, 9223372036854775807, 0, 9223372036771345807
0, 8344, 0, 9223372036854775807, 0, 9223372036771335807
0, 8345, 0, 9223372036854775807, 0, 9223372036771325807
0, 8346, 0, 9223372036854775807, 0, 9223372036771315807
0, 8347, 0, 9223372036854775807, 0, 9223372036771305807
0, 8348, 0, 9223372036854775807, 0, 9223372036771295807
0, 8349, 0, 9223372036854775807, 0, 9223372036771285807
0, 835, 0, 9223372036854775807, 0, 9223372036846425807
0, 8350, 0, 9223372036854775807, 0, 9223372036771275807
0, 8351, 0, 9223372036854775807, 0, 9223372036771265807
0, 8352, 0, 9223372036854775807, 0, 9223372036771255807
0, 8353, 0, 9223372036854775807, 0, 9223372036771245807
0, 8354, 0, 9223372036854775807, 0, 9223372036771235807
0, 8355, 0, 9223372036854775807, 0, 9223372036771225807
0, 8356, 0, 9223372036854775807, 0, 9223372036771215807
0, 8357, 0, 9223372036854775807, 0, 9223372036771205807
0, 8358, 0, 9223372036854775807, 0, 9223372036771195807
0, 8359, 0, 9223372036854775807, 0, 9223372036771185807
0, 836, 0, 9223372036854775807, 0, 9223372036846415807
0, 8360, 0, 9223372036854775807, 0, 9223372036771175807
0, 8361, 0, 9223372036854775807, 0, 9223372036771165807
0, 8362, 0, 9223372036854775807, 0, 9223372036771155807
0, 8363, 0, 9223372036854775807, 0, 9223372036771145807
0, 8364, 0, 9223372036854775807, 0, 9223372036771135807
0, 8365, 0, 9223372036854775807, 0, 9223372036771125807
0, 8366, 0, 9223372036854775807, 0, 9223372036771115807
0, 8367, 0, 9223372036854775807, 0, 9223372036771105807
0, 8368, 0, 9223372036854775807, 0, 9223372036771095807
0, 8369, 0, 9223372036854775807, 0, 9223372036771085807
0, 837, 0, 9223372036854775807, 0, 9223372036846405807
0, 8370, 0, 9223372036854775807, 0, 9223372036771075807
0, 8371, 0, 9223372036854775807, 0, 9223372036771065807
0, 8372, 0, 9223372036854775807, 0, 9223372036771055807
0, 8373, 0, 9223372036854775807, 0, 9223372036771045807
0, 8374, 0, 9223372036854775807, 0, 9223372036771035807
0, 8375, 0, 9223372036854775807, 0, 9223372036771025807
0, 8376, 0, 9223372036854775807, 0, 9223372036771015807
0, 8377, 0, 9223372036854775807, 0, 9223372036771005807
0, 8378, 0, 9223372036854775807, 0, 9223372036770995807
0, 8379, 0, 9223372036854775807, 0, 9223372036770985807
0, 838, 0, 9223372036854775807, 0, 9223372036846395807
0, 8380, 0, 9223372036854775807, 0, 9223372036770975807
0, 8381, 0, 9223372036854775807, 0, 9223372036770965807
0, 8382, 0, 9223372036854775807, 0, 9223372036770955807
0, 8383, 0, 9223372036854775807, 0, 9223372036770945807
0, 8384, 0, 9223372036854775807, 0, 9223372036770935807
0, 8385, 0, 9223372036854775807, 0, 9223372036770925807
0, 8386, 0, 9223372036854775807, 0, 9223372036770915807
0, 8387, 0, 9223372036854775807, 0, 9223372036770905807
0, 8388, 0, 9223372036854775807, 0, 9223372036770895807
0, 8389, 0, 9223372036854775807, 0, 9223372036770885807
0, 839, 0, 9223372036854775807, 0, 9223372036846385807
0, 8390, 0, 9223372036854775807, 0, 9223372036770875807
0, 8391, 0, 9223372036854775807, 0, 9223372036770865807
0, 8392, 0, 9223372036854775807, 0, 9223372036770855807
0, 8393, 0, 9223372036854775807, 0, 9223372036770845807
0, 8394, 0, 9223372036854775807, 0, 9223372036770835807
0, 8395, 0, 9223372036854775807, 0, 9223372036770825807
0, 8396, 0, 9223372036854775807, 0, 9223372036770815807
0, 8397, 0, 9223372036854775807, 0, 9223372036770805807
0, 8398, 0, 9223372036854775807, 0, 9223372036770795807
0, 8399, 0, 9223372036854775807, 0, 9223372036770785807
0, 84, 0, 9223372036854775807, 0, 9223372036853935807
0, 840, 0, 9223372036854775807, 0, 9223372036846375807
0, 8400, 0, 9223372036854775807, 0, 9223372036770775807
0, 8401, 0, 9223372036854775807, 0, 9223372036770765807
0, 8402, 0, 9223372036854775807, 0, 9223372036770755807
0, 8403, 0, 9223372036854775807, 0, 9223372036770745807
0, 8404, 0, 9223372036854775807, 0, 9223372036770735807
0, 8405, 0, 9223372036854775807, 0, 9223372036770725807
0, 8406, 0, 9223372036854775807, 0, 9223372036770715807
0, 8407, 0, 9223372036854775807, 0, 9223372036770705807
0, 8408, 0, 9223372036854775807, 0, 9223372036770695807
0, 8409, 0, 9223372036854775807, 0, 9223372036770685807
0, 841, 0, 9223372036854775807, 0, 9223372036846365807
0, 8410, 0, 9223372036854775807, 0, 9223372036770675807
0, 8411, 0, 9223372036854775807, 0, 9223372036770665807
0, 8412, 0, 9223372036854775807, 0, 9223372036770655807
0, 8413, 0, 9223372036854775807, 0, 9223372036770645807
0, 8414, 0, 9223372036854775807, 0, 9223372036770635807
0, 8415, 0, 9223372036854775807, 0, 9223372036770625807
0, 8416, 0, 9223372036854775807, 0, 9223372036770615807
0, 8417, 0, 9223372036854775807, 0, 9223372036770605807
0, 8418, 0, 9223372036854775807, 0, 9223372036770595807
0, 8419, 0, 9223372036854775807, 0, 9223372036770585807
0, 842, 0, 9223372036854775807, 0, 9223372036846355807
0, 8420, 0, 9223372036854775807, 0, 9223372036770575807
0, 8421, 0, 9223372036854775807, 0, 9223372036770565807
0, 8422, 0, 9223372036854775807, 0, 9223372036770555807
0, 8423, 0, 9223372036854775807, 0, 9223372036770545807
0, 8424, 0, 9223372036854775807, 0, 9223372036770535807
0, 8425, 0, 9223372036854775807, 0, 9223372036770525807
0, 8426, 0, 9223372036854775807, 0, 9223372036770515807
0, 8427, 0, 9223372036854775807, 0, 9223372036770505807
0, 8428, 0, 9223372036854775807, 0, 9223372036770495807
0, 8429, 0, 9223372036854775807, 0, 9223372036770485807
0, 843, 0, 9223372036854775807, 0, 9223372036846345807
0, 8430, 0, 9223372036854775807, 0, 9223372036770475807
0, 8431, 0, 9223372036854775807, 0, 9223372036770465807
0, 8432, 0, 9223372036854775807, 0, 9223372036770455807
0, 8433, 0, 9223372036854775807, 0, 9223372036770445807
0, 8434, 0, 9223372036854775807, 0, 9223372036770435807
0, 8435, 0, 9223372036854775807, 0, 9223372036770425807
0, 8436, 0, 9223372036854775807, 0, 9223372036770415807
0, 8437, 0, 9223372036854775807, 0, 9223372036770405807
0, 8438, 0, 9223372036854775807, 0, 9223372036770395807
0, 8439, 0, 9223372036854775807, 0, 9223372036770385807
0, 844, 0, 9223372036854775807, 0, 9223372036846335807
0, 8440, 0, 9223372036854775807, 0, 9223372036770375807
0, 8441, 0, 9223372036854775807, 0, 9223372036770365807
0, 8442, 0, 9223372036854775807, 0, 9223372036770355807
0, 8443, 0, 9223372036854775807, 0, 9223372036770345807
0, 8444, 0, 9223372036854775807, 0, 9223372036770335807
0, 8445, 0, 9223372036854775807, 0, 9223372036770325807
0, 8446, 0, 9223372036854775807, 0, 9223372036770315807
0, 8447, 0, 9223372036854775807, 0, 9223372036770305807
0, 8448, 0, 9223372036854775807, 0, 9223372036770295807
0, 8449, 0, 9223372036854775807, 0, 9223372036770285807
0, 845, 0, 9223372036854775807, 0, 9223372036846325807
0, 8450, 0, 9223372036854775807, 0, 9223372036770275807
0, 8451, 0, 9223372036854775807, 0, 9223372036770265807
0, 8452, 0, 9223372036854775807, 0, 9223372036770255807
0, 8453, 0, 9223372036854775807, 0, 9223372036770245807
0, 8454, 0, 9223372036854775807, 0, 9223372036770235807
0, 8455, 0, 9223372036854775807, 0, 9223372036770225807
0, 8456, 0, 9223372036854775807, 0, 9223372036770215807
0, 8457, 0, 9223372036854775807, 0, 9223372036770205807
0, 8458, 0, 9223372036854775807, 0, 9223372036770195807
0, 8459, 0, 9223372036854775807, 0, 9223372036770185807
0, 846, 0, 9223372036854775807, 0, 9223372036846315807
0, 8460, 0, 9223372036854775807, 0, 9223372036770175807
0, 8461, 0, 9223372036854775807, 0, 9223372036770165807
0, 8462, 0, 9223372036854775807, 0, 9223372036770155807
0, 8463, 0, 9223372036854775807, 0, 9223372036770145807
0, 8464, 0, 9223372036854775807, 0, 9223372036770135807
0, 8465, 0, 9223372036854775807, 0, 9223372036770125807
0, 8466, 0, 9223372036854775807, 0, 9223372036770115807
0, 8467, 0, 9223372036854775807, 0, 9223372036770105807
0, 8468, 0, 9223372036854775807, 0, 9223372036770095807
0, 8469, 0, 9223372036854775807, 0, 9223372036770085807
0, 847, 0, 9223372036854775807, 0, 9223372036846305807
0, 8470, 0, 9223372036854775807, 0, 9223372036770075807
0, 8471, 0, 9223372036854775807, 0, 9223372036770065807
0, 8472, 0, 9223372036854775807, 0, 9223372036770055807
0, 8473, 0, 9223372036854775807, 0, 9223372036770045807
0, 8474, 0, 9223372036854775807, 0, 9223372036770035807
0, 8475, 0, 9223372036854775807, 0, 9223372036770025807
0, 8476, 0, 9223372036854775807, 0, 9223372036770015807
0, 8477, 0, 9223372036854775807, 0, 9223372036770005807
0, 8478, 0, 9223372036854775807, 0, 9223372036769995807
0, 8479, 0, 9223372036854775807, 0, 9223372036769985807
0, 848, 0, 9223372036854775807, 0, 9223372036846295807
0, 8480, 0, 9223372036854775807, 0, 9223372036769975807
0, 8481, 0, 9223372036854775807, 0, 9223372036769965807
0, 8482, 0, 9223372036854775807, 0, 9223372036769955807
0, 8483, 0, 9223372036854775807, 0, 9223372036769945807
0, 8484, 0, 9223372036854775807, 0, 9223372036769935807
0, 8485, 0, 9223372036854775807, 0, 9223372036769925807
0, 8486, 0, 9223372036854775807, 0, 9223372036769915807
0, 8487, 0, 9223372036854775807, 0, 9223372036769905807
0, 8488, 0, 9223372036854775807, 0, 9223372036769895807
0, 8489, 0, 9223372036854775807, 0, 9223372036769885807
0, 849, 0, 9223372036854775807, 0, 9223372036846285807
0, 8490, 0, 9223372036854775807, 0, 9223372036769875807
0, 8491, 0, 9223372036854775807, 0, 9223372036769865807
0, 8492, 0, 9223372036854775807, 0, 9223372036769855807
0, 8493, 0, 9223372036854775807, 0, 9223372036769845807
0, 8494, 0, 9223372036854775807, 0, 9223372036769835807
0, 8495, 0, 9223372036854775807, 0, 9223372036769825807
0, 8496, 0, 9223372036854775807, 0, 9223372036769815807
0, 8497, 0, 9223372036854775807, 0, 9223372036769805807
0, 8498, 0, 9223372036854775807, 0, 9223372036769795807
0, 8499, 0, 9223372036854775807, 0, 9223372036769785807
0, 85, 0, 9223372036854775807, 0, 9223372036853925807
0, 850, 0, 9223372036854775807, 0, 9223372036846275807
0, 8500, 0, 9223372036854775807, 0, 9223372036769775807
0, 8501, 0, 9223372036854775807, 0, 9223372036769765807
0, 8502, 0, 9223372036854775807, 0, 9223372036769755807
0, 8503, 0, 9223372036854775807, 0, 9223372036769745807
0, 8504, 0, 9223372036854775807, 0, 9223372036769735807
0, 8505, 0, 9223372036854775807, 0, 9223372036769725807
0, 8506, 0, 9223372036854775807, 0, 9223372036769715807
0, 8507, 0, 9223372036854775807, 0, 9223372036769705807
0, 8508, 0, 9223372036854775807, 0, 9223372036769695807
0, 8509, 0, 9223372036854775807, 0, 9223372036769685807
0, 851, 0, 9223372036854775807, 0, 9223372036846265807
0, 8510, 0, 9223372036854775807, 0, 9223372036769675807
0, 8511, 0, 9223372036854775807, 0, 9223372036769665807
0, 8512, 0, 9223372036854775807, 0, 9223372036769655807
0, 8513, 0, 9223372036854775807, 0, 9223372036769645807
0, 8514, 0, 9223372036854775807, 0, 9223372036769635807
0, 8515, 0, 9223372036854775807, 0, 9223372036769625807
0, 8516, 0, 9223372036854775807, 0, 9223372036769615807
0, 8517, 0, 9223372036854775807, 0, 9223372036769605807
0, 8518, 0, 9223372036854775807, 0, 9223372036769595807
0, 8519, 0, 9223372036854775807, 0, 9223372036769585807
0, 852, 0, 9223372036854775807, 0, 9223372036846255807
0, 8520, 0, 9223372036854775807, 0, 9223372036769575807
0, 8521, 0, 9223372036854775807, 0, 9223372036769565807
0, 8522, 0, 9223372036854775807, 0, 9223372036769555807
0, 8523, 0, 9223372036854775807, 0, 9223372036769545807
0, 8524, 0, 9223372036854775807, 0, 9223372036769535807
0, 8525, 0, 9223372036854775807, 0, 9223372036769525807
0, 8526, 0, 9223372036854775807, 0, 9223372036769515807
0, 8527, 0, 9223372036854775807, 0, 9223372036769505807
0, 8528, 0, 9223372036854775807, 0, 9223372036769495807
0, 8529, 0, 9223372036854775807, 0, 9223372036769485807
0, 853, 0, 9223372036854775807, 0, 9223372036846245807
0, 8530, 0, 9223372036854775807, 0, 9223372036769475807
0, 8531, 0, 9223372036854775807, 0, 9223372036769465807
0, 8532, 0, 9223372036854775807, 0, 9223372036769455807
0, 8533, 0, 9223372036854775807, 0, 9223372036769445807
0, 8534, 0, 9223372036854775807, 0, 9223372036769435807
0, 8535, 0, 9223372036854775807, 0, 9223372036769425807
0, 8536, 0, 9223372036854775807, 0, 9223372036769415807
0, 8537, 0, 9223372036854775807, 0, 9223372036769405807
0, 8538, 0, 9223372036854775807, 0, 9223372036769395807
0, 8539, 0, 9223372036854775807, 0, 9223372036769385807
0, 854, 0, 9223372036854775807, 0, 9223372036846235807
0, 8540, 0, 9223372036854775807, 0, 9223372036769375807
0, 8541, 0, 9223372036854775807, 0, 9223372036769365807
0, 8542, 0, 9223372036854775807, 0, 9223372036769355807
0, 8543, 0, 9223372036854775807, 0, 9223372036769345807
0, 8544, 0, 9223372036854775807, 0, 9223372036769335807
0, 8545, 0, 9223372036854775807, 0, 9223372036769325807
0, 8546, 0, 9223372036854775807, 0, 9223372036769315807
0, 8547, 0, 9223372036854775807, 0, 9223372036769305807
0, 8548, 0, 9223372036854775807, 0, 9223372036769295807
0, 8549, 0, 9223372036854775807, 0, 9223372036769285807
0, 855, 0, 9223372036854775807, 0, 9223372036846225807
0, 8550, 0, 9223372036854775807, 0, 9223372036769275807
0, 8551, 0, 9223372036854775807, 0, 9223372036769265807
0, 8552, 0, 9223372036854775807, 0, 9223372036769255807
0, 8553, 0, 9223372036854775807, 0, 9223372036769245807
0, 8554, 0, 9223372036854775807, 0, 9223372036769235807
0, 8555, 0, 9223372036854775807, 0, 9223372036769225807
0, 8556, 0, 9223372036854775807, 0, 9223372036769215807
0, 8557, 0, 9223372036854775807, 0, 9223372036769205807
0, 8558, 0, 9223372036854775807, 0, 9223372036769195807
0, 8559, 0, 9223372036854775807, 0, 9223372036769185807
0, 856, 0, 9223372036854775807, 0, 9223372036846215807
0, 8560, 0, 9223372036854775807, 0, 9223372036769175807
0, 8561, 0, 9223372036854775807, 0, 9223372036769165807
0, 8562, 0, 9223372036854775807, 0, 9223372036769155807
0, 8563, 0, 9223372036854775807, 0, 9223372036769145807
0, 8564, 0, 9223372036854775807, 0, 9223372036769135807
0, 8565, 0, 9223372036854775807, 0, 9223372036769125807
0, 8566, 0, 9223372036854775807, 0, 9223372036769115807
0, 8567, 0, 9223372036854775807, 0, 9223372036769105807
0, 8568, 0, 9223372036854775807, 0, 9223372036769095807
0, 8569, 0, 9223372036854775807, 0, 9223372036769085807
0, 857, 0, 9223372036854775807, 0, 9223372036846205807
0, 8570, 0, 9223372036854775807, 0, 9223372036769075807
0, 8571, 0, 9223372036854775807, 0, 9223372036769065807
0, 8572, 0, 9223372036854775807, 0, 9223372036769055807
0, 8573, 0, 9223372036854775807, 0, 9223372036769045807
0, 8574, 0, 9223372036854775807, 0, 9223372036769035807
0, 8575, 0, 9223372036854775807, 0, 9223372036769025807
0, 8576, 0, 9223372036854775807, 0, 9223372036769015807
0, 8577, 0, 9223372036854775807, 0, 9223372036769005807
0, 8578, 0, 9223372036854775807, 0, 9223372036768995807
0, 8579, 0, 9223372036854775807, 0, 9223372036768985807
0, 858, 0, 9223372036854775807, 0, 9223372036846195807
0, 8580, 0, 9223372036854775807, 0, 9223372036768975807
0, 8581, 0, 9223372036854775807, 0, 9223372036768965807
0, 8582, 0, 9223372036854775807, 0, 9223372036768955807
0, 8583, 0, 9223372036854775807, 0, 9223372036768945807
0, 8584, 0, 9223372036854775807, 0, 9223372036768935807
0, 8585, 0, 9223372036854775807, 0, 9223372036768925807
0, 8586, 0, 9223372036854775807, 0, 9223372036768915807
0, 8587, 0, 9223372036854775807, 0, 9223372036768905807
0, 8588, 0, 9223372036854775807, 0, 9223372036768895807
0, 8589, 0, 9223372036854775807, 0, 9223372036768885807
0, 859, 0, 9223372036854775807, 0, 9223372036846185807
0, 8590, 0, 9223372036854775807, 0, 9223372036768875807
0, 8591, 0, 9223372036854775807, 0, 9223372036768865807
0, 8592, 0, 9223372036854775807, 0, 9223372036768855807
0, 8593, 0, 9223372036854775807, 0, 9223372036768845807
0, 8594, 0, 9223372036854775807, 0, 9223372036768835807
0, 8595, 0, 9223372036854775807, 0, 9223372036768825807
0, 8596, 0, 9223372036854775807, 0, 9223372036768815807
0, 8597, 0, 9223372036854775807, 0, 9223372036768805807
0, 8598, 0, 9223372036854775807, 0, 9223372036768795807
0, 8599, 0, 9223372036854775807, 0, 9223372036768785807
0, 86, 0, 9223372036854775807, 0, 9223372036853915807
0, 860, 0, 9223372036854775807, 0, 9223372036846175807
0, 8600, 0, 9223372036854775807, 0, 9223372036768775807
0, 8601, 0, 9223372036854775807, 0, 9223372036768765807
0, 8602, 0, 9223372036854775807, 0, 9223372036768755807
0, 8603, 0, 9223372036854775807, 0, 9223372036768745807
0, 8604, 0, 9223372036854775807, 0, 9223372036768735807
0, 8605, 0, 9223372036854775807, 0, 9223372036768725807
0, 8606, 0, 9223372036854775807, 0, 9223372036768715807
0, 8607, 0, 9223372036854775807, 0, 9223372036768705807
0, 8608, 0, 9223372036854775807, 0, 9223372036768695807
0, 8609, 0, 9223372036854775807, 0, 9223372036768685807
0, 861, 0, 9223372036854775807, 0, 9223372036846165807
0, 8610, 0, 9223372036854775807, 0, 9223372036768675807
0, 8611, 0, 9223372036854775807, 0, 9223372036768665807
0, 8612, 0, 9223372036854775807, 0, 9223372036768655807
0, 8613, 0, 9223372036854775807, 0, 9223372036768645807
0, 8614, 0, 9223372036854775807, 0, 9223372036768635807
0, 8615, 0, 9223372036854775807, 0, 9223372036768625807
0, 8616, 0, 9223372036854775807, 0, 9223372036768615807
0, 8617, 0, 9223372036854775807, 0, 9223372036768605807
0, 8618, 0, 9223372036854775807, 0, 9223372036768595807
0, 8619, 0, 9223372036854775807, 0, 9223372036768585807
0, 862, 0, 9223372036854775807, 0, 9223372036846155807
0, 8620, 0, 9223372036854775807, 0, 9223372036768575807
0, 8621, 0, 9223372036854775807, 0, 9223372036768565807
0, 8622, 0, 9223372036854775807, 0, 9223372036768555807
0, 8623, 0, 9223372036854775807, 0, 9223372036768545807
0, 8624, 0, 9223372036854775807, 0, 9223372036768535807
0, 8625, 0, 9223372036854775807, 0, 9223372036768525807
0, 8626, 0, 9223372036854775807, 0, 9223372036768515807
0, 8627, 0, 9223372036854775807, 0, 9223372036768505807
0, 8628, 0, 9223372036854775807, 0, 9223372036768495807
0, 8629, 0, 9223372036854775807, 0, 9223372036768485807
0, 863, 0, 9223372036854775807, 0, 9223372036846145807
0, 8630, 0, 9223372036854775807, 0, 9223372036768475807
0, 8631, 0, 9223372036854775807, 0, 9223372036768465807
0, 8632, 0, 9223372036854775807, 0, 9223372036768455807
0, 8633, 0, 9223372036854775807, 0, 9223372036768445807
0, 8634, 0, 9223372036854775807, 0, 9223372036768435807
0, 8635, 0, 9223372036854775807, 0, 9223372036768425807
0, 8636, 0, 9223372036854775807, 0, 9223372036768415807
0, 8637, 0, 9223372036854775807, 0, 9223372036768405807
0, 8638, 0, 9223372036854775807, 0, 9223372036768395807
0, 8639, 0, 9223372036854775807, 0, 9223372036768385807
0, 864, 0, 9223372036854775807, 0, 9223372036846135807
0, 8640, 0, 9223372036854775807, 0, 9223372036768375807
0, 8641, 0, 9223372036854775807, 0, 9223372036768365807
0, 8642, 0, 9223372036854775807, 0, 9223372036768355807
0, 8643, 0, 9223372036854775807, 0, 9223372036768345807
0, 8644, 0, 9223372036854775807, 0, 9223372036768335807
0, 8645, 0, 9223372036854775807, 0, 9223372036768325807
0, 8646, 0, 9223372036854775807, 0, 9223372036768315807
0, 8647, 0, 9223372036854775807, 0, 9223372036768305807
0, 8648, 0, 9223372036854775807, 0, 9223372036768295807
0, 8649, 0, 9223372036854775807, 0, 9223372036768285807
0, 865, 0, 9223372036854775807, 0, 9223372036846125807
0, 8650, 0, 9223372036854775807, 0, 9223372036768275807
0, 8651, 0, 9223372036854775807, 0, 9223372036768265807
0, 8652, 0, 9223372036854775807, 0, 9223372036768255807
0, 8653, 0, 9223372036854775807, 0, 9223372036768245807
0, 8654, 0, 9223372036854775807, 0, 9223372036768235807
0, 8655, 0, 9223372036854775807, 0, 9223372036768225807
0, 8656, 0, 9223372036854775807, 0, 9223372036768215807
0, 8657, 0, 9223372036854775807, 0, 9223372036768205807
0, 8658, 0, 9223372036854775807, 0, 9223372036768195807
0, 8659, 0, 9223372036854775807, 0, 9223372036768185807
0, 866, 0, 9223372036854775807, 0, 9223372036846115807
0, 8660, 0, 9223372036854775807, 0, 9223372036768175807
0, 8661, 0, 9223372036854775807, 0, 9223372036768165807
0, 8662, 0, 9223372036854775807, 0, 9223372036768155807
0, 8663, 0, 9223372036854775807, 0, 9223372036768145807
0, 8664, 0, 9223372036854775807, 0, 9223372036768135807
0, 8665, 0, 9223372036854775807, 0, 9223372036768125807
0, 8666, 0, 9223372036854775807, 0, 9223372036768115807
0, 8667, 0, 9223372036854775807, 0, 9223372036768105807
0, 8668, 0, 9223372036854775807, 0, 9223372036768095807
0, 8669, 0, 9223372036854775807, 0, 9223372036768085807
0, 867, 0, 9223372036854775807, 0, 9223372036846105807
0, 8670, 0, 9223372036854775807, 0, 9223372036768075807
0, 8671, 0, 9223372036854775807, 0, 9223372036768065807
0, 8672, 0, 9223372036854775807, 0, 9223372036768055807
0, 8673, 0, 9223372036854775807, 0, 9223372036768045807
0, 8674, 0, 9223372036854775807, 0, 9223372036768035807
0, 8675, 0, 9223372036854775807, 0, 9223372036768025807
0, 8676, 0, 9223372036854775807, 0, 9223372036768015807
0, 8677, 0, 9223372036854775807, 0, 9223372036768005807
0, 8678, 0, 9223372036854775807, 0, 9223372036767995807
0, 8679, 0, 9223372036854775807, 0, 9223372036767985807
0, 868, 0, 9223372036854775807, 0, 9223372036846095807
0, 8680, 0, 9223372036854775807, 0, 9223372036767975807
0, 8681, 0, 9223372036854775807, 0, 9223372036767965807
0, 8682, 0, 9223372036854775807, 0, 9223372036767955807
0, 8683, 0, 9223372036854775807, 0, 9223372036767945807
0, 8684, 0, 9223372036854775807, 0, 9223372036767935807
0, 8685, 0, 9223372036854775807, 0, 9223372036767925807
0, 8686, 0, 9223372036854775807, 0, 9223372036767915807
0, 8687, 0, 9223372036854775807, 0, 9223372036767905807
0, 8688, 0, 9223372036854775807, 0, 9223372036767895807
0, 8689, 0, 9223372036854775807, 0, 9223372036767885807
0, 869, 0, 9223372036854775807, 0, 9223372036846085807
0, 8690, 0, 9223372036854775807, 0, 9223372036767875807
0, 8691, 0, 9223372036854775807, 0, 9223372036767865807
0, 8692, 0, 9223372036854775807, 0, 9223372036767855807
0, 8693, 0, 9223372036854775807, 0, 9223372036767845807
0, 8694, 0, 9223372036854775807, 0, 9223372036767835807
0, 8695, 0, 9223372036854775807, 0, 9223372036767825807
0, 8696, 0, 9223372036854775807, 0, 9223372036767815807
0, 8697, 0, 9223372036854775807, 0, 9223372036767805807
0, 8698, 0, 9223372036854775807, 0, 9223372036767795807
0, 8699, 0, 9223372036854775807, 0, 9223372036767785807
0, 87, 0, 9223372036854775807, 0, 9223372036853905807
0, 870, 0, 9223372036854775807, 0, 9223372036846075807
0, 8700, 0, 9223372036854775807, 0, 9223372036767775807
0, 8701, 0, 9223372036854775807, 0, 9223372036767765807
0, 8702, 0, 9223372036854775807, 0, 9223372036767755807
0, 8703, 0, 9223372036854775807, 0, 9223372036767745807
0, 8704, 0, 9223372036854775807, 0, 9223372036767735807
0, 8705, 0, 9223372036854775807, 0, 9223372036767725807
0, 8706, 0, 9223372036854775807, 0, 9223372036767715807
0, 8707, 0, 9223372036854775807, 0, 9223372036767705807
0, 8708, 0, 9223372036854775807, 0, 9223372036767695807
0, 8709, 0, 9223372036854775807, 0, 9223372036767685807
0, 871, 0, 9223372036854775807, 0, 9223372036846065807
0, 8710, 0, 9223372036854775807, 0, 9223372036767675807
0, 8711, 0, 9223372036854775807, 0, 9223372036767665807
0, 8712, 0, 9223372036854775807, 0, 9223372036767655807
0, 8713, 0, 9223372036854775807, 0, 9223372036767645807
0, 8714, 0, 9223372036854775807, 0, 9223372036767635807
0, 8715, 0, 9223372036854775807, 0, 9223372036767625807
0, 8716, 0, 9223372036854775807, 0, 9223372036767615807
0, 8717, 0, 9223372036854775807, 0, 9223372036767605807
0, 8718, 0, 9223372036854775807, 0, 9223372036767595807
0, 8719, 0, 9223372036854775807, 0, 9223372036767585807
0, 872, 0, 9223372036854775807, 0, 9223372036846055807
0, 8720, 0, 9223372036854775807, 0, 9223372036767575807
0, 8721, 0, 9223372036854775807, 0, 9223372036767565807
0, 8722, 0, 9223372036854775807, 0, 9223372036767555807
0, 8723, 0, 9223372036854775807, 0, 9223372036767545807
0, 8724, 0, 9223372036854775807, 0, 9223372036767535807
0, 8725, 0, 9223372036854775807, 0, 9223372036767525807
0, 8726, 0, 9223372036854775807, 0, 9223372036767515807
0, 8727, 0, 9223372036854775807, 0, 9223372036767505807
0, 8728, 0, 9223372036854775807, 0, 9223372036767495807
0, 8729, 0, 9223372036854775807, 0, 9223372036767485807
0, 873, 0, 9223372036854775807, 0, 9223372036846045807
0, 8730, 0, 9223372036854775807, 0, 9223372036767475807
0, 8731, 0, 9223372036854775807, 0, 9223372036767465807
0, 8732, 0, 9223372036854775807, 0, 9223372036767455807
0, 8733, 0, 9223372036854775807, 0, 9223372036767445807
0, 8734, 0, 9223372036854775807, 0, 9223372036767435807
0, 8735, 0, 9223372036854775807, 0, 9223372036767425807
0, 8736, 0, 9223372036854775807, 0, 9223372036767415807
0, 8737, 0, 9223372036854775807, 0, 9223372036767405807
0, 8738, 0, 9223372036854775807, 0, 9223372036767395807
0, 8739, 0, 9223372036854775807, 0, 9223372036767385807
0, 874, 0, 9223372036854775807, 0, 9223372036846035807
0, 8740, 0, 9223372036854775807, 0, 9223372036767375807
0, 8741, 0, 9223372036854775807, 0, 9223372036767365807
0, 8742, 0, 9223372036854775807, 0, 9223372036767355807
0, 8743, 0, 9223372036854775807, 0, 9223372036767345807
0, 8744, 0, 9223372036854775807, 0, 9223372036767335807
0, 8745, 0, 9223372036854775807, 0, 9223372036767325807
0, 8746, 0, 9223372036854775807, 0, 9223372036767315807
0, 8747, 0, 9223372036854775807, 0, 9223372036767305807
0, 8748, 0, 9223372036854775807, 0, 9223372036767295807
0, 8749, 0, 9223372036854775807, 0, 9223372036767285807
0, 875, 0, 9223372036854775807, 0, 9223372036846025807
0, 8750, 0, 9223372036854775807, 0, 9223372036767275807
0, 8751, 0, 9223372036854775807, 0, 9223372036767265807
0, 8752, 0, 9223372036854775807, 0, 9223372036767255807
0, 8753, 0, 9223372036854775807, 0, 9223372036767245807
0, 8754, 0, 9223372036854775807, 0, 9223372036767235807
0, 8755, 0, 9223372036854775807, 0, 9223372036767225807
0, 8756, 0, 9223372036854775807, 0, 9223372036767215807
0, 8757, 0, 9223372036854775807, 0, 9223372036767205807
0, 8758, 0, 9223372036854775807, 0, 9223372036767195807
0, 8759, 0, 9223372036854775807, 0, 9223372036767185807
0, 876, 0, 9223372036854775807, 0, 9223372036846015807
0, 8760, 0, 9223372036854775807, 0, 9223372036767175807
0, 8761, 0, 9223372036854775807, 0, 9223372036767165807
0, 8762, 0, 9223372036854775807, 0, 9223372036767155807
0, 8763, 0, 9223372036854775807, 0, 9223372036767145807
0, 8764, 0, 9223372036854775807, 0, 9223372036767135807
0, 8765, 0, 9223372036854775807, 0, 9223372036767125807
0, 8766, 0, 9223372036854775807, 0, 9223372036767115807
0, 8767, 0, 9223372036854775807, 0, 9223372036767105807
0, 8768, 0, 9223372036854775807, 0, 9223372036767095807
0, 8769, 0, 9223372036854775807, 0, 9223372036767085807
0, 877, 0, 9223372036854775807, 0, 9223372036846005807
0, 8770, 0, 9223372036854775807, 0, 9223372036767075807
0, 8771, 0, 9223372036854775807, 0, 9223372036767065807
0, 8772, 0, 9223372036854775807, 0, 9223372036767055807
0, 8773, 0, 9223372036854775807, 0, 9223372036767045807
0, 8774, 0, 9223372036854775807, 0, 9223372036767035807
0, 8775, 0, 9223372036854775807, 0, 9223372036767025807
0, 8776, 0, 9223372036854775807, 0, 9223372036767015807
0, 8777, 0, 9223372036854775807, 0, 9223372036767005807
0, 8778, 0, 9223372036854775807, 0, 9223372036766995807
0, 8779, 0, 9223372036854775807, 0, 9223372036766985807
0, 878, 0, 9223372036854775807, 0, 9223372036845995807
0, 8780, 0, 9223372036854775807, 0, 9223372036766975807
0, 8781, 0, 9223372036854775807, 0, 9223372036766965807
0, 8782, 0, 9223372036854775807, 0, 9223372036766955807
0, 8783, 0, 9223372036854775807, 0, 9223372036766945807
0, 8784, 0, 9223372036854775807, 0, 9223372036766935807
0, 8785, 0, 9223372036854775807, 0, 9223372036766925807
0, 8786, 0, 9223372036854775807, 0, 9223372036766915807
0, 8787, 0, 9223372036854775807, 0, 9223372036766905807
0, 8788, 0, 9223372036854775807, 0, 9223372036766895807
0, 8789, 0, 9223372036854775807, 0, 9223372036766885807
0, 879, 0, 9223372036854775807, 0, 9223372036845985807
0, 8790, 0, 9223372036854775807, 0, 9223372036766875807
0, 8791, 0, 9223372036854775807, 0, 9223372036766865807
0, 8792, 0, 9223372036854775807, 0, 9223372036766855807
0, 8793, 0, 9223372036854775807, 0, 9223372036766845807
0, 8794, 0, 9223372036854775807, 0, 9223372036766835807
0, 8795, 0, 9223372036854775807, 0, 9223372036766825807
0, 8796, 0, 9223372036854775807, 0, 9223372036766815807
0, 8797, 0, 9223372036854775807, 0, 9223372036766805807
0, 8798, 0, 9223372036854775807, 0, 9223372036766795807
0, 8799, 0, 9223372036854775807, 0, 9223372036766785807
0, 88, 0, 9223372036854775807, 0, 9223372036853895807
0, 880, 0, 9223372036854775807, 0, 9223372036845975807
0, 8800, 0, 9223372036854775807, 0, 9223372036766775807
0, 8801, 0, 9223372036854775807, 0, 9223372036766765807
0, 8802, 0, 9223372036854775807, 0, 9223372036766755807
0, 8803, 0, 9223372036854775807, 0, 9223372036766745807
0, 8804, 0, 9223372036854775807, 0, 9223372036766735807
0, 8805, 0, 9223372036854775807, 0, 9223372036766725807
0, 8806, 0, 9223372036854775807, 0, 9223372036766715807
0, 8807, 0, 9223372036854775807, 0, 9223372036766705807
0, 8808, 0, 9223372036854775807, 0, 9223372036766695807
0, 8809, 0, 9223372036854775807, 0, 9223372036766685807
0, 881, 0, 9223372036854775807, 0, 9223372036845965807
0, 8810, 0, 9223372036854775807, 0, 9223372036766675807
0, 8811, 0, 9223372036854775807, 0, 9223372036766665807
0, 8812, 0, 9223372036854775807, 0, 9223372036766655807
0, 8813, 0, 9223372036854775807, 0, 9223372036766645807
0, 8814, 0, 9223372036854775807, 0, 9223372036766635807
0, 8815, 0, 9223372036854775807, 0, 9223372036766625807
0, 8816, 0, 9223372036854775807, 0, 9223372036766615807
0, 8817, 0, 9223372036854775807, 0, 9223372036766605807
0, 8818, 0, 9223372036854775807, 0, 9223372036766595807
0, 8819, 0, 9223372036854775807, 0, 9223372036766585807
0, 882, 0, 9223372036854775807, 0, 9223372036845955807
0, 8820, 0, 9223372036854775807, 0, 9223372036766575807
0, 8821, 0, 9223372036854775807, 0, 9223372036766565807
0, 8822, 0, 9223372036854775807, 0, 9223372036766555807
0, 8823, 0, 9223372036854775807, 0, 9223372036766545807
0, 8824, 0, 9223372036854775807, 0, 9223372036766535807
0, 8825, 0, 9223372036854775807, 0, 9223372036766525807
0, 8826, 0, 9223372036854775807, 0, 9223372036766515807
0, 8827, 0, 9223372036854775807, 0, 9223372036766505807
0, 8828, 0, 9223372036854775807, 0, 9223372036766495807
0, 8829, 0, 9223372036854775807, 0, 9223372036766485807
0, 883, 0, 9223372036854775807, 0, 9223372036845945807
0, 8830, 0, 9223372036854775807, 0, 9223372036766475807
0, 8831, 0, 9223372036854775807, 0, 9223372036766465807
0, 8832, 0, 9223372036854775807, 0, 9223372036766455807
0, 8833, 0, 9223372036854775807, 0, 9223372036766445807
0, 8834, 0, 9223372036854775807, 0, 9223372036766435807
0, 8835, 0, 9223372036854775807, 0, 9223372036766425807
0, 8836, 0, 9223372036854775807, 0, 9223372036766415807
0, 8837, 0, 9223372036854775807, 0, 9223372036766405807
0, 8838, 0, 9223372036854775807, 0, 9223372036766395807
0, 8839, 0, 9223372036854775807, 0, 9223372036766385807
0, 884, 0, 9223372036854775807, 0, 9223372036845935807
0, 8840, 0, 9223372036854775807, 0, 9223372036766375807
0, 8841, 0, 9223372036854775807, 0, 9223372036766365807
0, 8842, 0, 9223372036854775807, 0, 9223372036766355807
0, 8843, 0, 9223372036854775807, 0, 9223372036766345807
0, 8844, 0, 9223372036854775807, 0, 9223372036766335807
0, 8845, 0, 9223372036854775807, 0, 9223372036766325807
0, 8846, 0, 9223372036854775807, 0, 9223372036766315807
0, 8847, 0, 9223372036854775807, 0, 9223372036766305807
0, 8848, 0, 9223372036854775807, 0, 9223372036766295807
0, 8849, 0, 9223372036854775807, 0, 9223372036766285807
0, 885, 0, 9223372036854775807, 0, 9223372036845925807
0, 8850, 0, 9223372036854775807, 0, 9223372036766275807
0, 8851, 0, 9223372036854775807, 0, 9223372036766265807
0, 8852, 0, 9223372036854775807, 0, 9223372036766255807
0, 8853, 0, 9223372036854775807, 0, 9223372036766245807
0, 8854, 0, 9223372036854775807, 0, 9223372036766235807
0, 8855, 0, 9223372036854775807, 0, 9223372036766225807
0, 8856, 0, 9223372036854775807, 0, 9223372036766215807
0, 8857, 0, 9223372036854775807, 0, 9223372036766205807
0, 8858, 0, 9223372036854775807, 0, 9223372036766195807
0, 8859, 0, 9223372036854775807, 0, 9223372036766185807
0, 886, 0, 9223372036854775807, 0, 9223372036845915807
0, 8860, 0, 9223372036854775807, 0, 9223372036766175807
0, 8861, 0, 9223372036854775807, 0, 9223372036766165807
0, 8862, 0, 9223372036854775807, 0, 9223372036766155807
0, 8863, 0, 9223372036854775807, 0, 9223372036766145807
0, 8864, 0, 9223372036854775807, 0, 9223372036766135807
0, 8865, 0, 9223372036854775807, 0, 9223372036766125807
0, 8866, 0, 9223372036854775807, 0, 9223372036766115807
0, 8867, 0, 9223372036854775807, 0, 9223372036766105807
0, 8868, 0, 9223372036854775807, 0, 9223372036766095807
0, 8869, 0, 9223372036854775807, 0, 9223372036766085807
0, 887, 0, 9223372036854775807, 0, 9223372036845905807
0, 8870, 0, 9223372036854775807, 0, 9223372036766075807
0, 8871, 0, 9223372036854775807, 0, 9223372036766065807
0, 8872, 0, 9223372036854775807, 0, 9223372036766055807
0, 8873, 0, 9223372036854775807, 0, 9223372036766045807
0, 8874, 0, 9223372036854775807, 0, 9223372036766035807
0, 8875, 0, 9223372036854775807, 0, 9223372036766025807
0, 8876, 0, 9223372036854775807, 0, 9223372036766015807
0, 8877, 0, 9223372036854775807, 0, 9223372036766005807
0, 8878, 0, 9223372036854775807, 0, 9223372036765995807
0, 8879, 0, 9223372036854775807, 0, 9223372036765985807
0, 888, 0, 9223372036854775807, 0, 9223372036845895807
0, 8880, 0, 9223372036854775807, 0, 9223372036765975807
0, 8881, 0, 9223372036854775807, 0, 9223372036765965807
0, 8882, 0, 9223372036854775807, 0, 9223372036765955807
0, 8883, 0, 9223372036854775807, 0, 9223372036765945807
0, 8884, 0, 9223372036854775807, 0, 9223372036765935807
0, 8885, 0, 9223372036854775807, 0, 9223372036765925807
0, 8886, 0, 9223372036854775807, 0, 9223372036765915807
0, 8887, 0, 9223372036854775807, 0, 9223372036765905807
0, 8888, 0, 9223372036854775807, 0, 9223372036765895807
0, 8889, 0, 9223372036854775807, 0, 9223372036765885807
0, 889, 0, 9223372036854775807, 0, 9223372036845885807
0, 8890, 0, 9223372036854775807, 0, 9223372036765875807
0, 8891, 0, 9223372036854775807, 0, 9223372036765865807
0, 8892, 0, 9223372036854775807, 0, 9223372036765855807
0, 8893, 0, 9223372036854775807, 0, 9223372036765845807
0, 8894, 0, 9223372036854775807, 0, 9223372036765835807
0, 8895, 0, 9223372036854775807, 0, 9223372036765825807
0, 8896, 0, 9223372036854775807, 0, 9223372036765815807
0, 8897, 0, 9223372036854775807, 0, 9223372036765805807
0, 8898, 0, 9223372036854775807, 0, 9223372036765795807
0, 8899, 0, 9223372036854775807, 0, 9223372036765785807
0, 89, 0, 9223372036854775807, 0, 9223372036853885807
0, 890, 0, 9223372036854775807, 0, 9223372036845875807
0, 8900, 0, 9223372036854775807, 0, 9223372036765775807
0, 8901, 0, 9223372036854775807, 0, 9223372036765765807
0, 8902, 0, 9223372036854775807, 0, 9223372036765755807
0, 8903, 0, 9223372036854775807, 0, 9223372036765745807
0, 8904, 0, 9223372036854775807, 0, 9223372036765735807
0, 8905, 0, 9223372036854775807, 0, 9223372036765725807
0, 8906, 0, 9223372036854775807, 0, 9223372036765715807
0, 8907, 0, 9223372036854775807, 0, 9223372036765705807
0, 8908, 0, 9223372036854775807, 0, 9223372036765695807
0, 8909, 0, 9223372036854775807, 0, 9223372036765685807
0, 891, 0, 9223372036854775807, 0, 9223372036845865807
0, 8910, 0, 9223372036854775807, 0, 9223372036765675807
0, 8911, 0, 9223372036854775807, 0, 9223372036765665807
0, 8912, 0, 9223372036854775807, 0, 9223372036765655807
0, 8913, 0, 9223372036854775807, 0, 9223372036765645807
0, 8914, 0, 9223372036854775807, 0, 9223372036765635807
0, 8915, 0, 9223372036854775807, 0, 9223372036765625807
0, 8916, 0, 9223372036854775807, 0, 9223372036765615807
0, 8917, 0, 9223372036854775807, 0, 9223372036765605807
0, 8918, 0, 9223372036854775807, 0, 9223372036765595807
0, 8919, 0, 9223372036854775807, 0, 9223372036765585807
0, 892, 0, 9223372036854775807, 0, 9223372036845855807
0, 8920, 0, 9223372036854775807, 0, 9223372036765575807
0, 8921, 0, 9223372036854775807, 0, 9223372036765565807
0, 8922, 0, 9223372036854775807, 0, 9223372036765555807
0, 8923, 0, 9223372036854775807, 0, 9223372036765545807
0, 8924, 0, 9223372036854775807, 0, 9223372036765535807
0, 8925, 0, 9223372036854775807, 0, 9223372036765525807
0, 8926, 0, 9223372036854775807, 0, 9223372036765515807
0, 8927, 0, 9223372036854775807, 0, 9223372036765505807
0, 8928, 0, 9223372036854775807, 0, 9223372036765495807
0, 8929, 0, 9223372036854775807, 0, 9223372036765485807
0, 893, 0, 9223372036854775807, 0, 9223372036845845807
0, 8930, 0, 9223372036854775807, 0, 9223372036765475807
0, 8931, 0, 9223372036854775807, 0, 9223372036765465807
0, 8932, 0, 9223372036854775807, 0, 9223372036765455807
0, 8933, 0, 9223372036854775807, 0, 9223372036765445807
0, 8934, 0, 9223372036854775807, 0, 9223372036765435807
0, 8935, 0, 9223372036854775807, 0, 9223372036765425807
0, 8936, 0, 9223372036854775807, 0, 9223372036765415807
0, 8937, 0, 9223372036854775807, 0, 9223372036765405807
0, 8938, 0, 9223372036854775807, 0, 9223372036765395807
0, 8939, 0, 9223372036854775807, 0, 9223372036765385807
0, 894, 0, 9223372036854775807, 0, 9223372036845835807
0, 8940, 0, 9223372036854775807, 0, 9223372036765375807
0, 8941, 0, 9223372036854775807, 0, 9223372036765365807
0, 8942, 0, 9223372036854775807, 0, 9223372036765355807
0, 8943, 0, 9223372036854775807, 0, 9223372036765345807
0, 8944, 0, 9223372036854775807, 0, 9223372036765335807
0, 8945, 0, 9223372036854775807, 0, 9223372036765325807
0, 8946, 0, 9223372036854775807, 0, 9223372036765315807
0, 8947, 0, 9223372036854775807, 0, 9223372036765305807
0, 8948, 0, 9223372036854775807, 0, 9223372036765295807
0, 8949, 0, 9223372036854775807, 0, 9223372036765285807
0, 895, 0, 9223372036854775807, 0, 9223372036845825807
0, 8950, 0, 9223372036854775807, 0, 9223372036765275807
0, 8951, 0, 9223372036854775807, 0, 9223372036765265807
0, 8952, 0, 9223372036854775807, 0, 9223372036765255807
0, 8953, 0, 9223372036854775807, 0, 9223372036765245807
0, 8954, 0, 9223372036854775807, 0, 9223372036765235807
0, 8955, 0, 9223372036854775807, 0, 9223372036765225807
0, 8956, 0, 9223372036854775807, 0, 9223372036765215807
0, 8957, 0, 9223372036854775807, 0, 9223372036765205807
0, 8958, 0, 9223372036854775807, 0, 9223372036765195807
0, 8959, 0, 9223372036854775807, 0, 9223372036765185807
0, 896, 0, 9223372036854775807, 0, 9223372036845815807
0, 8960, 0, 9223372036854775807, 0, 9223372036765175807
0, 8961, 0, 9223372036854775807, 0, 9223372036765165807
0, 8962, 0, 9223372036854775807, 0, 9223372036765155807
0, 8963, 0, 9223372036854775807, 0, 9223372036765145807
0, 8964, 0, 9223372036854775807, 0, 9223372036765135807
0, 8965, 0, 9223372036854775807, 0, 9223372036765125807
0, 8966, 0, 9223372036854775807, 0, 9223372036765115807
0, 8967, 0, 9223372036854775807, 0, 9223372036765105807
0, 8968, 0, 9223372036854775807, 0, 9223372036765095807
0, 8969, 0, 9223372036854775807, 0, 9223372036765085807
0, 897, 0, 9223372036854775807, 0, 9223372036845805807
0, 8970, 0, 9223372036854775807, 0, 9223372036765075807
0, 8971, 0, 9223372036854775807, 0, 9223372036765065807
0, 8972, 0, 9223372036854775807, 0, 9223372036765055807
0, 8973, 0, 9223372036854775807, 0, 9223372036765045807
0, 8974, 0, 9223372036854775807, 0, 9223372036765035807
0, 8975, 0, 9223372036854775807, 0, 9223372036765025807
0, 8976, 0, 9223372036854775807, 0, 9223372036765015807
0, 8977, 0, 9223372036854775807, 0, 9223372036765005807
0, 8978, 0, 9223372036854775807, 0, 9223372036764995807
0, 8979, 0, 9223372036854775807, 0, 9223372036764985807
0, 898, 0, 9223372036854775807, 0, 9223372036845795807
0, 8980, 0, 9223372036854775807, 0, 9223372036764975807
0, 8981, 0, 9223372036854775807, 0, 9223372036764965807
0, 8982, 0, 9223372036854775807, 0, 9223372036764955807
0, 8983, 0, 9223372036854775807, 0, 9223372036764945807
0, 8984, 0, 9223372036854775807, 0, 9223372036764935807
0, 8985, 0, 9223372036854775807, 0, 9223372036764925807
0, 8986, 0, 9223372036854775807, 0, 9223372036764915807
0, 8987, 0, 9223372036854775807, 0, 9223372036764905807
0, 8988, 0, 9223372036854775807, 0, 9223372036764895807
0, 8989, 0, 9223372036854775807, 0, 9223372036764885807
0, 899, 0, 9223372036854775807, 0, 9223372036845785807
0, 8990, 0, 9223372036854775807, 0, 9223372036764875807
0, 8991, 0, 9223372036854775807, 0, 9223372036764865807
0, 8992, 0, 9223372036854775807, 0, 9223372036764855807
0, 8993, 0, 9223372036854775807, 0, 9223372036764845807
0, 8994, 0, 9223372036854775807, 0, 9223372036764835807
0, 8995, 0, 9223372036854775807, 0, 9223372036764825807
0, 8996, 0, 9223372036854775807, 0, 9223372036764815807
0, 8997, 0, 9223372036854775807, 0, 9223372036764805807
0, 8998, 0, 9223372036854775807, 0, 9223372036764795807
0, 8999, 0, 9223372036854775807, 0, 9223372036764785807
0, 9, 0, 9223372036854775807, 0, 9223372036854685807
0, 90, 0, 9223372036854775807, 0, 9223372036853875807
0, 900, 0, 9223372036854775807, 0, 9223372036845775807
0, 9000, 0, 9223372036854775807, 0, 9223372036764775807
0, 9001, 0, 9223372036854775807, 0, 9223372036764765807
0, 9002, 0, 9223372036854775807, 0, 9223372036764755807
0, 9003, 0, 9223372036854775807, 0, 9223372036764745807
0, 9004, 0, 9223372036854775807, 0, 9223372036764735807
0, 9005, 0, 9223372036854775807, 0, 9223372036764725807
0, 9006, 0, 9223372036854775807, 0, 9223372036764715807
0, 9007, 0, 9223372036854775807, 0, 9223372036764705807
0, 9008, 0, 9223372036854775807, 0, 9223372036764695807
0, 9009, 0, 9223372036854775807, 0, 9223372036764685807
0, 901, 0, 9223372036854775807, 0, 9223372036845765807
0, 9010, 0, 9223372036854775807, 0, 9223372036764675807
0, 9011, 0, 9223372036854775807, 0, 9223372036764665807
0, 9012, 0, 9223372036854775807, 0, 9223372036764655807
0, 9013, 0, 9223372036854775807, 0, 9223372036764645807
0, 9014, 0, 9223372036854775807, 0, 9223372036764635807
0, 9015, 0, 9223372036854775807, 0, 9223372036764625807
0, 9016, 0, 9223372036854775807, 0, 9223372036764615807
0, 9017, 0, 9223372036854775807, 0, 9223372036764605807
0, 9018, 0, 9223372036854775807, 0, 9223372036764595807
0, 9019, 0, 9223372036854775807, 0, 9223372036764585807
0, 902, 0, 9223372036854775807, 0, 9223372036845755807
0, 9020, 0, 9223372036854775807, 0, 9223372036764575807
0, 9021, 0, 9223372036854775807, 0, 9223372036764565807
0, 9022, 0, 9223372036854775807, 0, 9223372036764555807
0, 9023, 0, 9223372036854775807, 0, 9223372036764545807
0, 9024, 0, 9223372036854775807, 0, 9223372036764535807
0, 9025, 0, 9223372036854775807, 0, 9223372036764525807
0, 9026, 0, 9223372036854775807, 0, 9223372036764515807
0, 9027, 0, 9223372036854775807, 0, 9223372036764505807
0, 9028, 0, 9223372036854775807, 0, 9223372036764495807
0, 9029, 0, 9223372036854775807, 0, 9223372036764485807
0, 903, 0, 9223372036854775807, 0, 9223372036845745807
0, 9030, 0, 9223372036854775807, 0, 9223372036764475807
0, 9031, 0, 9223372036854775807, 0, 9223372036764465807
0, 9032, 0, 9223372036854775807, 0, 9223372036764455807
0, 9033, 0, 9223372036854775807, 0, 9223372036764445807
0, 9034, 0, 9223372036854775807, 0, 9223372036764435807
0, 9035, 0, 9223372036854775807, 0, 9223372036764425807
0, 9036, 0, 9223372036854775807, 0, 9223372036764415807
0, 9037, 0, 9223372036854775807, 0, 9223372036764405807
0, 9038, 0, 9223372036854775807, 0, 9223372036764395807
0, 9039, 0, 9223372036854775807, 0, 9223372036764385807
0, 904, 0, 9223372036854775807, 0, 9223372036845735807
0, 9040, 0, 9223372036854775807, 0, 9223372036764375807
0, 9041, 0, 9223372036854775807, 0, 9223372036764365807
0, 9042, 0, 9223372036854775807, 0, 9223372036764355807
0, 9043, 0, 9223372036854775807, 0, 9223372036764345807
0, 9044, 0, 9223372036854775807, 0, 9223372036764335807
0, 9045, 0, 9223372036854775807, 0, 9223372036764325807
0, 9046, 0, 9223372036854775807, 0, 9223372036764315807
0, 9047, 0, 9223372036854775807, 0, 9223372036764305807
0, 9048, 0, 9223372036854775807, 0, 9223372036764295807
0, 9049, 0, 9223372036854775807, 0, 9223372036764285807
0, 905, 0, 9223372036854775807, 0, 9223372036845725807
0, 9050, 0, 9223372036854775807, 0, 9223372036764275807
0, 9051, 0, 9223372036854775807, 0, 9223372036764265807
0, 9052, 0, 9223372036854775807, 0, 9223372036764255807
0, 9053, 0, 9223372036854775807, 0, 9223372036764245807
0, 9054, 0, 9223372036854775807, 0, 9223372036764235807
0, 9055, 0, 9223372036854775807, 0, 9223372036764225807
0, 9056, 0, 9223372036854775807, 0, 9223372036764215807
0, 9057, 0, 9223372036854775807, 0, 9223372036764205807
0, 9058, 0, 9223372036854775807, 0, 9223372036764195807
0, 9059, 0, 9223372036854775807, 0, 9223372036764185807
0, 906, 0, 9223372036854775807, 0, 9223372036845715807
0, 9060, 0, 9223372036854775807, 0, 9223372036764175807
0, 9061, 0, 9223372036854775807, 0, 9223372036764165807
0, 9062, 0, 9223372036854775807, 0, 9223372036764155807
0, 9063, 0, 9223372036854775807, 0, 9223372036764145807
0, 9064, 0, 9223372036854775807, 0, 9223372036764135807
0, 9065, 0, 9223372036854775807, 0, 9223372036764125807
0, 9066, 0, 9223372036854775807, 0, 9223372036764115807
0, 9067, 0, 9223372036854775807, 0, 9223372036764105807
0, 9068, 0, 9223372036854775807, 0, 9223372036764095807
0, 9069, 0, 9223372036854775807, 0, 9223372036764085807
0, 907, 0, 9223372036854775807, 0, 9223372036845705807
0, 9070, 0, 9223372036854775807, 0, 9223372036764075807
0, 9071, 0, 9223372036854775807, 0, 9223372036764065807
0, 9072, 0, 9223372036854775807, 0, 9223372036764055807
0, 9073, 0, 9223372036854775807, 0, 9223372036764045807
0, 9074, 0, 9223372036854775807, 0, 9223372036764035807
0, 9075, 0, 9223372036854775807, 0, 9223372036764025807
0, 9076, 0, 9223372036854775807, 0, 9223372036764015807
0, 9077, 0, 9223372036854775807, 0, 9223372036764005807
0, 9078, 0, 9223372036854775807, 0, 9223372036763995807
0, 9079, 0, 9223372036854775807, 0, 9223372036763985807
0, 908, 0, 9223372036854775807, 0, 9223372036845695807
0, 9080, 0, 9223372036854775807, 0, 9223372036763975807
0, 9081, 0, 9223372036854775807, 0, 9223372036763965807
0, 9082, 0, 9223372036854775807, 0, 9223372036763955807
0, 9083, 0, 9223372036854775807, 0, 9223372036763945807
0, 9084, 0, 9223372036854775807, 0, 9223372036763935807
0, 9085, 0, 9223372036854775807, 0, 9223372036763925807
0, 9086, 0, 9223372036854775807, 0, 9223372036763915807
0, 9087, 0, 9223372036854775807, 0, 9223372036763905807
0, 9088, 0, 9223372036854775807, 0, 9223372036763895807
0, 9089, 0, 9223372036854775807, 0, 9223372036763885807
0, 909, 0, 9223372036854775807, 0, 9223372036845685807
0, 9090, 0, 9223372036854775807, 0, 9223372036763875807
0, 9091, 0, 9223372036854775807, 0, 9223372036763865807
0, 9092, 0, 9223372036854775807, 0, 9223372036763855807
0, 9093, 0, 9223372036854775807, 0, 9223372036763845807
0, 9094, 0, 9223372036854775807, 0, 9223372036763835807
0, 9095, 0, 9223372036854775807, 0, 9223372036763825807
0, 9096, 0, 9223372036854775807, 0, 9223372036763815807
0, 9097, 0, 9223372036854775807, 0, 9223372036763805807
0, 9098, 0, 9223372036854775807, 0, 9223372036763795807
0, 9099, 0, 9223372036854775807, 0, 9223372036763785807
0, 91, 0, 9223372036854775807, 0, 9223372036853865807
0, 910, 0, 9223372036854775807, 0, 9223372036845675807
0, 9100, 0, 9223372036854775807, 0, 9223372036763775807
0, 9101, 0, 9223372036854775807, 0, 9223372036763765807
0, 9102, 0, 9223372036854775807, 0, 9223372036763755807
0, 9103, 0, 9223372036854775807, 0, 9223372036763745807
0, 9104, 0, 9223372036854775807, 0, 9223372036763735807
0, 9105, 0, 9223372036854775807, 0, 9223372036763725807
0, 9106, 0, 9223372036854775807, 0, 9223372036763715807
0, 9107, 0, 9223372036854775807, 0, 9223372036763705807
0, 9108, 0, 9223372036854775807, 0, 9223372036763695807
0, 9109, 0, 9223372036854775807, 0, 9223372036763685807
0, 911, 0, 9223372036854775807, 0, 9223372036845665807
0, 9110, 0, 9223372036854775807, 0, 9223372036763675807
0, 9111, 0, 9223372036854775807, 0, 9223372036763665807
0, 9112, 0, 9223372036854775807, 0, 9223372036763655807
0, 9113, 0, 9223372036854775807, 0, 9223372036763645807
0, 9114, 0, 9223372036854775807, 0, 9223372036763635807
0, 9115, 0, 9223372036854775807, 0, 9223372036763625807
0, 9116, 0, 9223372036854775807, 0, 9223372036763615807
0, 9117, 0, 9223372036854775807, 0, 9223372036763605807
0, 9118, 0, 9223372036854775807, 0, 9223372036763595807
0, 9119, 0, 9223372036854775807, 0, 9223372036763585807
0, 912, 0, 9223372036854775807, 0, 9223372036845655807
0, 9120, 0, 9223372036854775807, 0, 9223372036763575807
0, 9121, 0, 9223372036854775807, 0, 9223372036763565807
0, 9122, 0, 9223372036854775807, 0, 9223372036763555807
0, 9123, 0, 9223372036854775807, 0, 9223372036763545807
0, 9124, 0, 9223372036854775807, 0, 9223372036763535807
0, 9125, 0, 9223372036854775807, 0, 9223372036763525807
0, 9126, 0, 9223372036854775807, 0, 9223372036763515807
0, 9127, 0, 9223372036854775807, 0, 9223372036763505807
0, 9128, 0, 9223372036854775807, 0, 9223372036763495807
0, 9129, 0, 9223372036854775807, 0, 9223372036763485807
0, 913, 0, 9223372036854775807, 0, 9223372036845645807
0, 9130, 0, 9223372036854775807, 0, 9223372036763475807
0, 9131, 0, 9223372036854775807, 0, 9223372036763465807
0, 9132, 0, 9223372036854775807, 0, 9223372036763455807
0, 9133, 0, 9223372036854775807, 0, 9223372036763445807
0, 9134, 0, 9223372036854775807, 0, 9223372036763435807
0, 9135, 0, 9223372036854775807, 0, 9223372036763425807
0, 9136, 0, 9223372036854775807, 0, 9223372036763415807
0, 9137, 0, 9223372036854775807, 0, 9223372036763405807
0, 9138, 0, 9223372036854775807, 0, 9223372036763395807
0, 9139, 0, 9223372036854775807, 0, 9223372036763385807
0, 914, 0, 9223372036854775807, 0, 9223372036845635807
0, 9140, 0, 9223372036854775807, 0, 9223372036763375807
0, 9141, 0, 9223372036854775807, 0, 9223372036763365807
0, 9142, 0, 9223372036854775807, 0, 9223372036763355807
0, 9143, 0, 9223372036854775807, 0, 9223372036763345807
0, 9144, 0, 9223372036854775807, 0, 9223372036763335807
0, 9145, 0, 9223372036854775807, 0, 9223372036763325807
0, 9146, 0, 9223372036854775807, 0, 9223372036763315807
0, 9147, 0, 9223372036854775807, 0, 9223372036763305807
0, 9148, 0, 9223372036854775807, 0, 9223372036763295807
0, 9149, 0, 9223372036854775807, 0, 9223372036763285807
0, 915, 0, 9223372036854775807, 0, 9223372036845625807
0, 9150, 0, 9223372036854775807, 0, 9223372036763275807
0, 9151, 0, 9223372036854775807, 0, 9223372036763265807
0, 9152, 0, 9223372036854775807, 0, 9223372036763255807
0, 9153, 0, 9223372036854775807, 0, 9223372036763245807
0, 9154, 0, 9223372036854775807, 0, 9223372036763235807
0, 9155, 0, 9223372036854775807, 0, 9223372036763225807
0, 9156, 0, 9223372036854775807, 0, 9223372036763215807
0, 9157, 0, 9223372036854775807, 0, 9223372036763205807
0, 9158, 0, 9223372036854775807, 0, 9223372036763195807
0, 9159, 0, 9223372036854775807, 0, 9223372036763185807
0, 916, 0, 9223372036854775807, 0, 9223372036845615807
0, 9160, 0, 9223372036854775807, 0, 9223372036763175807
0, 9161, 0, 9223372036854775807, 0, 9223372036763165807
0, 9162, 0, 9223372036854775807, 0, 9223372036763155807
0, 9163, 0, 9223372036854775807, 0, 9223372036763145807
0, 9164, 0, 9223372036854775807, 0, 9223372036763135807
0, 9165, 0, 9223372036854775807, 0, 9223372036763125807
0, 9166, 0, 9223372036854775807, 0, 9223372036763115807
0, 9167, 0, 9223372036854775807, 0, 9223372036763105807
0, 9168, 0, 9223372036854775807, 0, 9223372036763095807
0, 9169, 0, 9223372036854775807, 0, 9223372036763085807
0, 917, 0, 9223372036854775807, 0, 9223372036845605807
0, 9170, 0, 9223372036854775807, 0, 9223372036763075807
0, 9171, 0, 9223372036854775807, 0, 9223372036763065807
0, 9172, 0, 9223372036854775807, 0, 9223372036763055807
0, 9173, 0, 9223372036854775807, 0, 9223372036763045807
0, 9174, 0, 9223372036854775807, 0, 9223372036763035807
0, 9175, 0, 9223372036854775807, 0, 9223372036763025807
0, 9176, 0, 9223372036854775807, 0, 9223372036763015807
0, 9177, 0, 9223372036854775807, 0, 9223372036763005807
0, 9178, 0, 9223372036854775807, 0, 9223372036762995807
0, 9179, 0, 9223372036854775807, 0, 9223372036762985807
0, 918, 0, 9223372036854775807, 0, 9223372036845595807
0, 9180, 0, 9223372036854775807, 0, 9223372036762975807
0, 9181, 0, 9223372036854775807, 0, 9223372036762965807
0, 9182, 0, 9223372036854775807, 0, 9223372036762955807
0, 9183, 0, 9223372036854775807, 0, 9223372036762945807
0, 9184, 0, 9223372036854775807, 0, 9223372036762935807
0, 9185, 0, 9223372036854775807, 0, 9223372036762925807
0, 9186, 0, 9223372036854775807, 0, 9223372036762915807
0, 9187, 0, 9223372036854775807, 0, 9223372036762905807
0, 9188, 0, 9223372036854775807, 0, 9223372036762895807
0, 9189, 0, 9223372036854775807, 0, 9223372036762885807
0, 919, 0, 9223372036854775807, 0, 9223372036845585807
0, 9190, 0, 9223372036854775807, 0, 9223372036762875807
0, 9191, 0, 9223372036854775807, 0, 9223372036762865807
0, 9192, 0, 9223372036854775807, 0, 9223372036762855807
0, 9193, 0, 9223372036854775807, 0, 9223372036762845807
0, 9194, 0, 9223372036854775807, 0, 9223372036762835807
0, 9195, 0, 9223372036854775807, 0, 9223372036762825807
0, 9196, 0, 9223372036854775807, 0, 9223372036762815807
0, 9197, 0, 9223372036854775807, 0, 9223372036762805807
0, 9198, 0, 9223372036854775807, 0, 9223372036762795807
0, 9199, 0, 9223372036854775807, 0, 9223372036762785807
0, 92, 0, 9223372036854775807, 0, 9223372036853855807
0, 920, 0, 9223372036854775807, 0, 9223372036845575807
0, 9200, 0, 9223372036854775807, 0, 9223372036762775807
0, 9201, 0, 9223372036854775807, 0, 9223372036762765807
0, 9202, 0, 9223372036854775807, 0, 9223372036762755807
0, 9203, 0, 9223372036854775807, 0, 9223372036762745807
0, 9204, 0, 9223372036854775807, 0, 9223372036762735807
0, 9205, 0, 9223372036854775807, 0, 9223372036762725807
0, 9206, 0, 9223372036854775807, 0, 9223372036762715807
0, 9207, 0, 9223372036854775807, 0, 9223372036762705807
0, 9208, 0, 9223372036854775807, 0, 9223372036762695807
0, 9209, 0, 9223372036854775807, 0, 9223372036762685807
0, 921, 0, 9223372036854775807, 0, 9223372036845565807
0, 9210, 0, 9223372036854775807, 0, 9223372036762675807
0, 9211, 0, 9223372036854775807, 0, 9223372036762665807
0, 9212, 0, 9223372036854775807, 0, 9223372036762655807
0, 9213, 0, 9223372036854775807, 0, 9223372036762645807
0, 9214, 0, 9223372036854775807, 0, 9223372036762635807
0, 9215, 0, 9223372036854775807, 0, 9223372036762625807
0, 9216, 0, 9223372036854775807, 0, 9223372036762615807
0, 9217, 0, 9223372036854775807, 0, 9223372036762605807
0, 9218, 0, 9223372036854775807, 0, 9223372036762595807
0, 9219, 0, 9223372036854775807, 0, 9223372036762585807
0, 922, 0, 9223372036854775807, 0, 9223372036845555807
0, 9220, 0, 9223372036854775807, 0, 9223372036762575807
0, 9221, 0, 9223372036854775807, 0, 9223372036762565807
0, 9222, 0, 9223372036854775807, 0, 9223372036762555807
0, 9223, 0, 9223372036854775807, 0, 9223372036762545807
0, 9224, 0, 9223372036854775807, 0, 9223372036762535807
0, 9225, 0, 9223372036854775807, 0, 9223372036762525807
0, 9226, 0, 9223372036854775807, 0, 9223372036762515807
0, 9227, 0, 9223372036854775807, 0, 9223372036762505807
0, 9228, 0, 9223372036854775807, 0, 9223372036762495807
0, 9229, 0, 9223372036854775807, 0, 9223372036762485807
0, 923, 0, 9223372036854775807, 0, 9223372036845545807
0, 9230, 0, 9223372036854775807, 0, 9223372036762475807
0, 9231, 0, 9223372036854775807, 0, 9223372036762465807
0, 9232, 0, 9223372036854775807, 0, 9223372036762455807
0, 9233, 0, 9223372036854775807, 0, 9223372036762445807
0, 9234, 0, 9223372036854775807, 0, 9223372036762435807
0, 9235, 0, 9223372036854775807, 0, 9223372036762425807
0, 9236, 0, 9223372036854775807, 0, 9223372036762415807
0, 9237, 0, 9223372036854775807, 0, 9223372036762405807
0, 9238, 0, 9223372036854775807, 0, 9223372036762395807
0, 9239, 0, 9223372036854775807, 0, 9223372036762385807
0, 924, 0, 9223372036854775807, 0, 9223372036845535807
0, 9240, 0, 9223372036854775807, 0, 9223372036762375807
0, 9241, 0, 9223372036854775807, 0, 9223372036762365807
0, 9242, 0, 9223372036854775807, 0, 9223372036762355807
0, 9243, 0, 9223372036854775807, 0, 9223372036762345807
0, 9244, 0, 9223372036854775807, 0, 9223372036762335807
0, 9245, 0, 9223372036854775807, 0, 9223372036762325807
0, 9246, 0, 9223372036854775807, 0, 9223372036762315807
0, 9247, 0, 9223372036854775807, 0, 9223372036762305807
0, 9248, 0, 9223372036854775807, 0, 9223372036762295807
0, 9249, 0, 9223372036854775807, 0, 9223372036762285807
0, 925, 0, 9223372036854775807, 0, 9223372036845525807
0, 9250, 0, 9223372036854775807, 0, 9223372036762275807
0, 9251, 0, 9223372036854775807, 0, 9223372036762265807
0, 9252, 0, 9223372036854775807, 0, 9223372036762255807
0, 9253, 0, 9223372036854775807, 0, 9223372036762245807
0, 9254, 0, 9223372036854775807, 0, 9223372036762235807
0, 9255, 0, 9223372036854775807, 0, 9223372036762225807
0, 9256, 0, 9223372036854775807, 0, 9223372036762215807
0, 9257, 0, 9223372036854775807, 0, 9223372036762205807
0, 9258, 0, 9223372036854775807, 0, 9223372036762195807
0, 9259, 0, 9223372036854775807, 0, 9223372036762185807
0, 926, 0, 9223372036854775807, 0, 9223372036845515807
0, 9260, 0, 9223372036854775807, 0, 9223372036762175807
0, 9261, 0, 9223372036854775807, 0, 9223372036762165807
0, 9262, 0, 9223372036854775807, 0, 9223372036762155807
0, 9263, 0, 9223372036854775807, 0, 9223372036762145807
0, 9264, 0, 9223372036854775807, 0, 9223372036762135807
0, 9265, 0, 9223372036854775807, 0, 9223372036762125807
0, 9266, 0, 9223372036854775807, 0, 9223372036762115807
0, 9267, 0, 9223372036854775807, 0, 9223372036762105807
0, 9268, 0, 9223372036854775807, 0, 9223372036762095807
0, 9269, 0, 9223372036854775807, 0, 9223372036762085807
0, 927, 0, 9223372036854775807, 0, 9223372036845505807
0, 9270, 0, 9223372036854775807, 0, 9223372036762075807
0, 9271, 0, 9223372036854775807, 0, 9223372036762065807
0, 9272, 0, 9223372036854775807, 0, 9223372036762055807
0, 9273, 0, 9223372036854775807, 0, 9223372036762045807
0, 9274, 0, 9223372036854775807, 0, 9223372036762035807
0, 9275, 0, 9223372036854775807, 0, 9223372036762025807
0, 9276, 0, 9223372036854775807, 0, 9223372036762015807
0, 9277, 0, 9223372036854775807, 0, 9223372036762005807
0, 9278, 0, 9223372036854775807, 0, 9223372036761995807
0, 9279, 0, 9223372036854775807, 0, 9223372036761985807
0, 928, 0, 9223372036854775807, 0, 9223372036845495807
0, 9280, 0, 9223372036854775807, 0, 9223372036761975807
0, 9281, 0, 9223372036854775807, 0, 9223372036761965807
0, 9282, 0, 9223372036854775807, 0, 9223372036761955807
0, 9283, 0, 9223372036854775807, 0, 9223372036761945807
0, 9284, 0, 9223372036854775807, 0, 9223372036761935807
0, 9285, 0, 9223372036854775807, 0, 9223372036761925807
0, 9286, 0, 9223372036854775807, 0, 9223372036761915807
0, 9287, 0, 9223372036854775807, 0, 9223372036761905807
0, 9288, 0, 9223372036854775807, 0, 9223372036761895807
0, 9289, 0, 9223372036854775807, 0, 9223372036761885807
0, 929, 0, 9223372036854775807, 0, 9223372036845485807
0, 9290, 0, 9223372036854775807, 0, 9223372036761875807
0, 9291, 0, 9223372036854775807, 0, 9223372036761865807
0, 9292, 0, 9223372036854775807, 0, 9223372036761855807
0, 9293, 0, 9223372036854775807, 0, 9223372036761845807
0, 9294, 0, 9223372036854775807, 0, 9223372036761835807
0, 9295, 0, 9223372036854775807, 0, 9223372036761825807
0, 9296, 0, 9223372036854775807, 0, 9223372036761815807
0, 9297, 0, 9223372036854775807, 0, 9223372036761805807
0, 9298, 0, 9223372036854775807, 0, 9223372036761795807
0, 9299, 0, 9223372036854775807, 0, 9223372036761785807
0, 93, 0, 9223372036854775807, 0, 9223372036853845807
0, 930, 0, 9223372036854775807, 0, 9223372036845475807
0, 9300, 0, 9223372036854775807, 0, 9223372036761775807
0, 9301, 0, 9223372036854775807, 0, 9223372036761765807
0, 9302, 0, 9223372036854775807, 0, 9223372036761755807
0, 9303, 0, 9223372036854775807, 0, 9223372036761745807
0, 9304, 0, 9223372036854775807, 0, 9223372036761735807
0, 9305, 0, 9223372036854775807, 0, 9223372036761725807
0, 9306, 0, 9223372036854775807, 0, 9223372036761715807
0, 9307, 0, 9223372036854775807, 0, 9223372036761705807
0, 9308, 0, 9223372036854775807, 0, 9223372036761695807
0, 9309, 0, 9223372036854775807, 0, 9223372036761685807
0, 931, 0, 9223372036854775807, 0, 9223372036845465807
0, 9310, 0, 9223372036854775807, 0, 9223372036761675807
0, 9311, 0, 9223372036854775807, 0, 9223372036761665807
0, 9312, 0, 9223372036854775807, 0, 9223372036761655807
0, 9313, 0, 9223372036854775807, 0, 9223372036761645807
0, 9314, 0, 9223372036854775807, 0, 9223372036761635807
0, 9315, 0, 9223372036854775807, 0, 9223372036761625807
0, 9316, 0, 9223372036854775807, 0, 9223372036761615807
0, 9317, 0, 9223372036854775807, 0, 9223372036761605807
0, 9318, 0, 9223372036854775807, 0, 9223372036761595807
0, 9319, 0, 9223372036854775807, 0, 9223372036761585807
0, 932, 0, 9223372036854775807, 0, 9223372036845455807
0, 9320, 0, 9223372036854775807, 0, 9223372036761575807
0, 9321, 0, 9223372036854775807, 0, 9223372036761565807
0, 9322, 0, 9223372036854775807, 0, 9223372036761555807
0, 9323, 0, 9223372036854775807, 0, 9223372036761545807
0, 9324, 0, 9223372036854775807, 0, 9223372036761535807
0, 9325, 0, 9223372036854775807, 0, 9223372036761525807
0, 9326, 0, 9223372036854775807, 0, 9223372036761515807
0, 9327, 0, 9223372036854775807, 0, 9223372036761505807
0, 9328, 0, 9223372036854775807, 0, 9223372036761495807
0, 9329, 0, 9223372036854775807, 0, 9223372036761485807
0, 933, 0, 9223372036854775807, 0, 9223372036845445807
0, 9330, 0, 9223372036854775807, 0, 9223372036761475807
0, 9331, 0, 9223372036854775807, 0, 9223372036761465807
0, 9332, 0, 9223372036854775807, 0, 9223372036761455807
0, 9333, 0, 9223372036854775807, 0, 9223372036761445807
0, 9334, 0, 9223372036854775807, 0, 9223372036761435807
0, 9335, 0, 9223372036854775807, 0, 9223372036761425807
0, 9336, 0, 9223372036854775807, 0, 9223372036761415807
0, 9337, 0, 9223372036854775807, 0, 9223372036761405807
0, 9338, 0, 9223372036854775807, 0, 9223372036761395807
0, 9339, 0, 9223372036854775807, 0, 9223372036761385807
0, 934, 0, 9223372036854775807, 0, 9223372036845435807
0, 9340, 0, 9223372036854775807, 0, 9223372036761375807
0, 9341, 0, 9223372036854775807, 0, 9223372036761365807
0, 9342, 0, 9223372036854775807, 0, 9223372036761355807
0, 9343, 0, 9223372036854775807, 0, 9223372036761345807
0, 9344, 0, 9223372036854775807, 0, 9223372036761335807
0, 9345, 0, 9223372036854775807, 0, 9223372036761325807
0, 9346, 0, 9223372036854775807, 0, 9223372036761315807
0, 9347, 0, 9223372036854775807, 0, 9223372036761305807
0, 9348, 0, 9223372036854775807, 0, 9223372036761295807
0, 9349, 0, 9223372036854775807, 0, 9223372036761285807
0, 935, 0, 9223372036854775807, 0, 9223372036845425807
0, 9350, 0, 9223372036854775807, 0, 9223372036761275807
0, 9351, 0, 9223372036854775807, 0, 9223372036761265807
0, 9352, 0, 9223372036854775807, 0, 9223372036761255807
0, 9353, 0, 9223372036854775807, 0, 9223372036761245807
0, 9354, 0, 9223372036854775807, 0, 9223372036761235807
0, 9355, 0, 9223372036854775807, 0, 9223372036761225807
0, 9356, 0, 9223372036854775807, 0, 9223372036761215807
0, 9357, 0, 9223372036854775807, 0, 9223372036761205807
0, 9358, 0, 9223372036854775807, 0, 9223372036761195807
0, 9359, 0, 9223372036854775807, 0, 9223372036761185807
0, 936, 0, 9223372036854775807, 0, 9223372036845415807
0, 9360, 0, 9223372036854775807, 0, 9223372036761175807
0, 9361, 0, 9223372036854775807, 0, 9223372036761165807
0, 9362, 0, 9223372036854775807, 0, 9223372036761155807
0, 9363, 0, 9223372036854775807, 0, 9223372036761145807
0, 9364, 0, 9223372036854775807, 0, 9223372036761135807
0, 9365, 0, 9223372036854775807, 0, 9223372036761125807
0, 9366, 0, 9223372036854775807, 0, 9223372036761115807
0, 9367, 0, 9223372036854775807, 0, 9223372036761105807
0, 9368, 0, 9223372036854775807, 0, 9223372036761095807
0, 9369, 0, 9223372036854775807, 0, 9223372036761085807
0, 937, 0, 9223372036854775807, 0, 9223372036845405807
0, 9370, 0, 9223372036854775807, 0, 9223372036761075807
0, 9371, 0, 9223372036854775807, 0, 9223372036761065807
0, 9372, 0, 9223372036854775807, 0, 9223372036761055807
0, 9373, 0, 9223372036854775807, 0, 9223372036761045807
0, 9374, 0, 9223372036854775807, 0, 9223372036761035807
0, 9375, 0, 9223372036854775807, 0, 9223372036761025807
0, 9376, 0, 9223372036854775807, 0, 9223372036761015807
0, 9377, 0, 9223372036854775807, 0, 9223372036761005807
0, 9378, 0, 9223372036854775807, 0, 9223372036760995807
0, 9379, 0, 9223372036854775807, 0, 9223372036760985807
0, 938, 0, 9223372036854775807, 0, 9223372036845395807
0, 9380, 0, 9223372036854775807, 0, 9223372036760975807
0, 9381, 0, 9223372036854775807, 0, 9223372036760965807
0, 9382, 0, 9223372036854775807, 0, 9223372036760955807
0, 9383, 0, 9223372036854775807, 0, 9223372036760945807
0, 9384, 0, 9223372036854775807, 0, 9223372036760935807
0, 9385, 0, 9223372036854775807, 0, 9223372036760925807
0, 9386, 0, 9223372036854775807, 0, 9223372036760915807
0, 9387, 0, 9223372036854775807, 0, 9223372036760905807
0, 9388, 0, 9223372036854775807, 0, 9223372036760895807
0, 9389, 0, 9223372036854775807, 0, 9223372036760885807
0, 939, 0, 9223372036854775807, 0, 9223372036845385807
0, 9390, 0, 9223372036854775807, 0, 9223372036760875807
0, 9391, 0, 9223372036854775807, 0, 9223372036760865807
0, 9392, 0, 9223372036854775807, 0, 9223372036760855807
0, 9393, 0, 9223372036854775807, 0, 9223372036760845807
0, 9394, 0, 9223372036854775807, 0, 9223372036760835807
0, 9395, 0, 9223372036854775807, 0, 9223372036760825807
0, 9396, 0, 9223372036854775807, 0, 9223372036760815807
0, 9397, 0, 9223372036854775807, 0, 9223372036760805807
0, 9398, 0, 9223372036854775807, 0, 9223372036760795807
0, 9399, 0, 9223372036854775807, 0, 9223372036760785807
0, 94, 0, 9223372036854775807, 0, 9223372036853835807
0, 940, 0, 9223372036854775807, 0, 9223372036845375807
0, 9400, 0, 9223372036854775807, 0, 9223372036760775807
0, 9401, 0, 9223372036854775807, 0, 9223372036760765807
0, 9402, 0, 9223372036854775807, 0, 9223372036760755807
0, 9403, 0, 9223372036854775807, 0, 9223372036760745807
0, 9404, 0, 9223372036854775807, 0, 9223372036760735807
0, 9405, 0, 9223372036854775807, 0, 9223372036760725807
0, 9406, 0, 9223372036854775807, 0, 9223372036760715807
0, 9407, 0, 9223372036854775807, 0, 9223372036760705807
0, 9408, 0, 9223372036854775807, 0, 9223372036760695807
0, 9409, 0, 9223372036854775807, 0, 9223372036760685807
0, 941, 0, 9223372036854775807, 0, 9223372036845365807
0, 9410, 0, 9223372036854775807, 0, 9223372036760675807
0, 9411, 0, 9223372036854775807, 0, 9223372036760665807
0, 9412, 0, 9223372036854775807, 0, 9223372036760655807
0, 9413, 0, 9223372036854775807, 0, 9223372036760645807
0, 9414, 0, 9223372036854775807, 0, 9223372036760635807
0, 9415, 0, 9223372036854775807, 0, 9223372036760625807
0, 9416, 0, 9223372036854775807, 0, 9223372036760615807
0, 9417, 0, 9223372036854775807, 0, 9223372036760605807
0, 9418, 0, 9223372036854775807, 0, 9223372036760595807
0, 9419, 0, 9223372036854775807, 0, 9223372036760585807
0, 942, 0, 9223372036854775807, 0, 9223372036845355807
0, 9420, 0, 9223372036854775807, 0, 9223372036760575807
0, 9421, 0, 9223372036854775807, 0, 9223372036760565807
0, 9422, 0, 9223372036854775807, 0, 9223372036760555807
0, 9423, 0, 9223372036854775807, 0, 9223372036760545807
0, 9424, 0, 9223372036854775807, 0, 9223372036760535807
0, 9425, 0, 9223372036854775807, 0, 9223372036760525807
0, 9426, 0, 9223372036854775807, 0, 9223372036760515807
0, 9427, 0, 9223372036854775807, 0, 9223372036760505807
0, 9428, 0, 9223372036854775807, 0, 9223372036760495807
0, 9429, 0, 9223372036854775807, 0, 9223372036760485807
0, 943, 0, 9223372036854775807, 0, 9223372036845345807
0, 9430, 0, 9223372036854775807, 0, 9223372036760475807
0, 9431, 0, 9223372036854775807, 0, 9223372036760465807
0, 9432, 0, 9223372036854775807, 0, 9223372036760455807
0, 9433, 0, 9223372036854775807, 0, 9223372036760445807
0, 9434, 0, 9223372036854775807, 0, 9223372036760435807
0, 9435, 0, 9223372036854775807, 0, 9223372036760425807
0, 9436, 0, 9223372036854775807, 0, 9223372036760415807
0, 9437, 0, 9223372036854775807, 0, 9223372036760405807
0, 9438, 0, 9223372036854775807, 0, 9223372036760395807
0, 9439, 0, 9223372036854775807, 0, 9223372036760385807
0, 944, 0, 9223372036854775807, 0, 9223372036845335807
0, 9440, 0, 9223372036854775807, 0, 9223372036760375807
0, 9441, 0, 9223372036854775807, 0, 9223372036760365807
0, 9442, 0, 9223372036854775807, 0, 9223372036760355807
0, 9443, 0, 9223372036854775807, 0, 9223372036760345807
0, 9444, 0, 9223372036854775807, 0, 9223372036760335807
0, 9445, 0, 9223372036854775807, 0, 9223372036760325807
0, 9446, 0, 9223372036854775807, 0, 9223372036760315807
0, 9447, 0, 9223372036854775807, 0, 9223372036760305807
0, 9448, 0, 9223372036854775807, 0, 9223372036760295807
0, 9449, 0, 9223372036854775807, 0, 9223372036760285807
0, 945, 0, 9223372036854775807, 0, 9223372036845325807
0, 9450, 0, 9223372036854775807, 0, 9223372036760275807
0, 9451, 0, 9223372036854775807, 0, 9223372036760265807
0, 9452, 0, 9223372036854775807, 0, 9223372036760255807
0, 9453, 0, 9223372036854775807, 0, 9223372036760245807
0, 9454, 0, 9223372036854775807, 0, 9223372036760235807
0, 9455, 0, 9223372036854775807, 0, 9223372036760225807
0, 9456, 0, 9223372036854775807, 0, 9223372036760215807
0, 9457, 0, 9223372036854775807, 0, 9223372036760205807
0, 9458, 0, 9223372036854775807, 0, 9223372036760195807
0, 9459, 0, 9223372036854775807, 0, 9223372036760185807
0, 946, 0, 9223372036854775807, 0, 9223372036845315807
0, 9460, 0, 9223372036854775807, 0, 9223372036760175807
0, 9461, 0, 9223372036854775807, 0, 9223372036760165807
0, 9462, 0, 9223372036854775807, 0, 9223372036760155807
0, 9463, 0, 9223372036854775807, 0, 9223372036760145807
0, 9464, 0, 9223372036854775807, 0, 9223372036760135807
0, 9465, 0, 9223372036854775807, 0, 9223372036760125807
0, 9466, 0, 9223372036854775807, 0, 9223372036760115807
0, 9467, 0, 9223372036854775807, 0, 9223372036760105807
0, 9468, 0, 9223372036854775807, 0, 9223372036760095807
0, 9469, 0, 9223372036854775807, 0, 9223372036760085807
0, 947, 0, 9223372036854775807, 0, 9223372036845305807
0, 9470, 0, 9223372036854775807, 0, 9223372036760075807
0, 9471, 0, 9223372036854775807, 0, 9223372036760065807
0, 9472, 0, 9223372036854775807, 0, 9223372036760055807
0, 9473, 0, 9223372036854775807, 0, 9223372036760045807
0, 9474, 0, 9223372036854775807, 0, 9223372036760035807
0, 9475, 0, 9223372036854775807, 0, 9223372036760025807
0, 9476, 0, 9223372036854775807, 0, 9223372036760015807
0, 9477, 0, 9223372036854775807, 0, 9223372036760005807
0, 9478, 0, 9223372036854775807, 0, 9223372036759995807
0, 9479, 0, 9223372036854775807, 0, 9223372036759985807
0, 948, 0, 9223372036854775807, 0, 9223372036845295807
0, 9480, 0, 9223372036854775807, 0, 9223372036759975807
0, 9481, 0, 9223372036854775807, 0, 9223372036759965807
0, 9482, 0, 9223372036854775807, 0, 9223372036759955807
0, 9483, 0, 9223372036854775807, 0, 9223372036759945807
0, 9484, 0, 9223372036854775807, 0, 9223372036759935807
0, 9485, 0, 9223372036854775807, 0, 9223372036759925807
0, 9486, 0, 9223372036854775807, 0, 9223372036759915807
0, 9487, 0, 9223372036854775807, 0, 9223372036759905807
0, 9488, 0, 9223372036854775807, 0, 9223372036759895807
0, 9489, 0, 9223372036854775807, 0, 9223372036759885807
0, 949, 0, 9223372036854775807, 0, 9223372036845285807
0, 9490, 0, 9223372036854775807, 0, 9223372036759875807
0, 9491, 0, 9223372036854775807, 0, 9223372036759865807
0, 9492, 0, 9223372036854775807, 0, 9223372036759855807
0, 9493, 0, 9223372036854775807, 0, 9223372036759845807
0, 9494, 0, 9223372036854775807, 0, 9223372036759835807
0, 9495, 0, 9223372036854775807, 0, 9223372036759825807
0, 9496, 0, 9223372036854775807, 0, 9223372036759815807
0, 9497, 0, 9223372036854775807, 0, 9223372036759805807
0, 9498, 0, 9223372036854775807, 0, 9223372036759795807
0, 9499, 0, 9223372036854775807, 0, 9223372036759785807
0, 95, 0, 9223372036854775807, 0, 9223372036853825807
0, 950, 0, 9223372036854775807, 0, 9223372036845275807
0, 9500, 0, 9223372036854775807, 0, 9223372036759775807
0, 9501, 0, 9223372036854775807, 0, 9223372036759765807
0, 9502, 0, 9223372036854775807, 0, 9223372036759755807
0, 9503, 0, 9223372036854775807, 0, 9223372036759745807
0, 9504, 0, 9223372036854775807, 0, 9223372036759735807
0, 9505, 0, 9223372036854775807, 0, 9223372036759725807
0, 9506, 0, 9223372036854775807, 0, 9223372036759715807
0, 9507, 0, 9223372036854775807, 0, 9223372036759705807
0, 9508, 0, 9223372036854775807, 0, 9223372036759695807
0, 9509, 0, 9223372036854775807, 0, 9223372036759685807
0, 951, 0, 9223372036854775807, 0, 9223372036845265807
0, 9510, 0, 9223372036854775807, 0, 9223372036759675807
0, 9511, 0, 9223372036854775807, 0, 9223372036759665807
0, 9512, 0, 9223372036854775807, 0, 9223372036759655807
0, 9513, 0, 9223372036854775807, 0, 9223372036759645807
0, 9514, 0, 9223372036854775807, 0, 9223372036759635807
0, 9515, 0, 9223372036854775807, 0, 9223372036759625807
0, 9516, 0, 9223372036854775807, 0, 9223372036759615807
0, 9517, 0, 9223372036854775807, 0, 9223372036759605807
0, 9518, 0, 9223372036854775807, 0, 9223372036759595807
0, 9519, 0, 9223372036854775807, 0, 9223372036759585807
0, 952, 0, 9223372036854775807, 0, 9223372036845255807
0, 9520, 0, 9223372036854775807, 0, 9223372036759575807
0, 9521, 0, 9223372036854775807, 0, 9223372036759565807
0, 9522, 0, 9223372036854775807, 0, 9223372036759555807
0, 9523, 0, 9223372036854775807, 0, 9223372036759545807
0, 9524, 0, 9223372036854775807, 0, 9223372036759535807
0, 9525, 0, 9223372036854775807, 0, 9223372036759525807
0, 9526, 0, 9223372036854775807, 0, 9223372036759515807
0, 9527, 0, 9223372036854775807, 0, 9223372036759505807
0, 9528, 0, 9223372036854775807, 0, 9223372036759495807
0, 9529, 0, 9223372036854775807, 0, 9223372036759485807
0, 953, 0, 9223372036854775807, 0, 9223372036845245807
0, 9530, 0, 9223372036854775807, 0, 9223372036759475807
0, 9531, 0, 9223372036854775807, 0, 9223372036759465807
0, 9532, 0, 9223372036854775807, 0, 9223372036759455807
0, 9533, 0, 9223372036854775807, 0, 9223372036759445807
0, 9534, 0, 9223372036854775807, 0, 9223372036759435807
0, 9535, 0, 9223372036854775807, 0, 9223372036759425807
0, 9536, 0, 9223372036854775807, 0, 9223372036759415807
0, 9537, 0, 9223372036854775807, 0, 9223372036759405807
0, 9538, 0, 9223372036854775807, 0, 9223372036759395807
0, 9539, 0, 9223372036854775807, 0, 9223372036759385807
0, 954, 0, 9223372036854775807, 0, 9223372036845235807
0, 9540, 0, 9223372036854775807, 0, 9223372036759375807
0, 9541, 0, 9223372036854775807, 0, 9223372036759365807
0, 9542, 0, 9223372036854775807, 0, 9223372036759355807
0, 9543, 0, 9223372036854775807, 0, 9223372036759345807
0, 9544, 0, 9223372036854775807, 0, 9223372036759335807
0, 9545, 0, 9223372036854775807, 0, 9223372036759325807
0, 9546, 0, 9223372036854775807, 0, 9223372036759315807
0, 9547, 0, 9223372036854775807, 0, 9223372036759305807
0, 9548, 0, 9223372036854775807, 0, 9223372036759295807
0, 9549, 0, 9223372036854775807, 0, 9223372036759285807
0, 955, 0, 9223372036854775807, 0, 9223372036845225807
0, 9550, 0, 9223372036854775807, 0, 9223372036759275807
0, 9551, 0, 9223372036854775807, 0, 9223372036759265807
0, 9552, 0, 9223372036854775807, 0, 9223372036759255807
0, 9553, 0, 9223372036854775807, 0, 9223372036759245807
0, 9554, 0, 9223372036854775807, 0, 9223372036759235807
0, 9555, 0, 9223372036854775807, 0, 9223372036759225807
0, 9556, 0, 9223372036854775807, 0, 9223372036759215807
0, 9557, 0, 9223372036854775807, 0, 9223372036759205807
0, 9558, 0, 9223372036854775807, 0, 9223372036759195807
0, 9559, 0, 9223372036854775807, 0, 9223372036759185807
0, 956, 0, 9223372036854775807, 0, 9223372036845215807
0, 9560, 0, 9223372036854775807, 0, 9223372036759175807
0, 9561, 0, 9223372036854775807, 0, 9223372036759165807
0, 9562, 0, 9223372036854775807, 0, 9223372036759155807
0, 9563, 0, 9223372036854775807, 0, 9223372036759145807
0, 9564, 0, 9223372036854775807, 0, 9223372036759135807
0, 9565, 0, 9223372036854775807, 0, 9223372036759125807
0, 9566, 0, 9223372036854775807, 0, 9223372036759115807
0, 9567, 0, 9223372036854775807, 0, 9223372036759105807
0, 9568, 0, 9223372036854775807, 0, 9223372036759095807
0, 9569, 0, 9223372036854775807, 0, 9223372036759085807
0, 957, 0, 9223372036854775807, 0, 9223372036845205807
0, 9570, 0, 9223372036854775807, 0, 9223372036759075807
0, 9571, 0, 9223372036854775807, 0, 9223372036759065807
0, 9572, 0, 9223372036854775807, 0, 9223372036759055807
0, 9573, 0, 9223372036854775807, 0, 9223372036759045807
0, 9574, 0, 9223372036854775807, 0, 9223372036759035807
0, 9575, 0, 9223372036854775807, 0, 9223372036759025807
0, 9576, 0, 9223372036854775807, 0, 9223372036759015807
0, 9577, 0, 9223372036854775807, 0, 9223372036759005807
0, 9578, 0, 9223372036854775807, 0, 9223372036758995807
0, 9579, 0, 9223372036854775807, 0, 9223372036758985807
0, 958, 0, 9223372036854775807, 0, 9223372036845195807
0, 9580, 0, 9223372036854775807, 0, 9223372036758975807
0, 9581, 0, 9223372036854775807, 0, 9223372036758965807
0, 9582, 0, 9223372036854775807, 0, 9223372036758955807
0, 9583, 0, 9223372036854775807, 0, 9223372036758945807
0, 9584, 0, 9223372036854775807, 0, 9223372036758935807
0, 9585, 0, 9223372036854775807, 0, 9223372036758925807
0, 9586, 0, 9223372036854775807, 0, 9223372036758915807
0, 9587, 0, 9223372036854775807, 0, 9223372036758905807
0, 9588, 0, 9223372036854775807, 0, 9223372036758895807
0, 9589, 0, 9223372036854775807, 0, 9223372036758885807
0, 959, 0, 9223372036854775807, 0, 9223372036845185807
0, 9590, 0, 9223372036854775807, 0, 9223372036758875807
0, 9591, 0, 9223372036854775807, 0, 9223372036758865807
0, 9592, 0, 9223372036854775807, 0, 9223372036758855807
0, 9593, 0, 9223372036854775807, 0, 9223372036758845807
0, 9594, 0, 9223372036854775807, 0, 9223372036758835807
0, 9595, 0, 9223372036854775807, 0, 9223372036758825807
0, 9596, 0, 9223372036854775807, 0, 9223372036758815807
0, 9597, 0, 9223372036854775807, 0, 9223372036758805807
0, 9598, 0, 9223372036854775807, 0, 9223372036758795807
0, 9599, 0, 9223372036854775807, 0, 9223372036758785807
0, 96, 0, 9223372036854775807, 0, 9223372036853815807
0, 960, 0, 9223372036854775807, 0, 9223372036845175807
0, 9600, 0, 9223372036854775807, 0, 9223372036758775807
0, 9601, 0, 9223372036854775807, 0, 9223372036758765807
0, 9602, 0, 9223372036854775807, 0, 9223372036758755807
0, 9603, 0, 9223372036854775807, 0, 9223372036758745807
0, 9604, 0, 9223372036854775807, 0, 9223372036758735807
0, 9605, 0, 9223372036854775807, 0, 9223372036758725807
0, 9606, 0, 9223372036854775807, 0, 9223372036758715807
0, 9607, 0, 9223372036854775807, 0, 9223372036758705807
0, 9608, 0, 9223372036854775807, 0, 9223372036758695807
0, 9609, 0, 9223372036854775807, 0, 9223372036758685807
0, 961, 0, 9223372036854775807, 0, 9223372036845165807
0, 9610, 0, 9223372036854775807, 0, 9223372036758675807
0, 9611, 0, 9223372036854775807, 0, 9223372036758665807
0, 9612, 0, 9223372036854775807, 0, 9223372036758655807
0, 9613, 0, 9223372036854775807, 0, 9223372036758645807
0, 9614, 0, 9223372036854775807, 0, 9223372036758635807
0, 9615, 0, 9223372036854775807, 0, 9223372036758625807
0, 9616, 0, 9223372036854775807, 0, 9223372036758615807
0, 9617, 0, 9223372036854775807, 0, 9223372036758605807
0, 9618, 0, 9223372036854775807, 0, 9223372036758595807
0, 9619, 0, 9223372036854775807, 0, 9223372036758585807
0, 962, 0, 9223372036854775807, 0, 9223372036845155807
0, 9620, 0, 9223372036854775807, 0, 9223372036758575807
0, 9621, 0, 9223372036854775807, 0, 9223372036758565807
0, 9622, 0, 9223372036854775807, 0, 9223372036758555807
0, 9623, 0, 9223372036854775807, 0, 9223372036758545807
0, 9624, 0, 9223372036854775807, 0, 9223372036758535807
0, 9625, 0, 9223372036854775807, 0, 9223372036758525807
0, 9626, 0, 9223372036854775807, 0, 9223372036758515807
0, 9627, 0, 9223372036854775807, 0, 9223372036758505807
0, 9628, 0, 9223372036854775807, 0, 9223372036758495807
0, 9629, 0, 9223372036854775807, 0, 9223372036758485807
0, 963, 0, 9223372036854775807, 0, 9223372036845145807
0, 9630, 0, 9223372036854775807, 0, 9223372036758475807
0, 9631, 0, 9223372036854775807, 0, 9223372036758465807
0, 9632, 0, 9223372036854775807, 0, 9223372036758455807
0, 9633, 0, 9223372036854775807, 0, 9223372036758445807
0, 9634, 0, 9223372036854775807, 0, 9223372036758435807
0, 9635, 0, 9223372036854775807, 0, 9223372036758425807
0, 9636, 0, 9223372036854775807, 0, 9223372036758415807
0, 9637, 0, 9223372036854775807, 0, 9223372036758405807
0, 9638, 0, 9223372036854775807, 0, 9223372036758395807
0, 9639, 0, 9223372036854775807, 0, 9223372036758385807
0, 964, 0, 9223372036854775807, 0, 9223372036845135807
0, 9640, 0, 9223372036854775807, 0, 9223372036758375807
0, 9641, 0, 9223372036854775807, 0, 9223372036758365807
0, 9642, 0, 9223372036854775807, 0, 9223372036758355807
0, 9643, 0, 9223372036854775807, 0, 9223372036758345807
0, 9644, 0, 9223372036854775807, 0, 9223372036758335807
0, 9645, 0, 9223372036854775807, 0, 9223372036758325807
0, 9646, 0, 9223372036854775807, 0, 9223372036758315807
0, 9647, 0, 9223372036854775807, 0, 9223372036758305807
0, 9648, 0, 9223372036854775807, 0, 9223372036758295807
0, 9649, 0, 9223372036854775807, 0, 9223372036758285807
0, 965, 0, 9223372036854775807, 0, 9223372036845125807
0, 9650, 0, 9223372036854775807, 0, 9223372036758275807
0, 9651, 0, 9223372036854775807, 0, 9223372036758265807
0, 9652, 0, 9223372036854775807, 0, 9223372036758255807
0, 9653, 0, 9223372036854775807, 0, 9223372036758245807
0, 9654, 0, 9223372036854775807, 0, 9223372036758235807
0, 9655, 0, 9223372036854775807, 0, 9223372036758225807
0, 9656, 0, 9223372036854775807, 0, 9223372036758215807
0, 9657, 0, 9223372036854775807, 0, 9223372036758205807
0, 9658, 0, 9223372036854775807, 0, 9223372036758195807
0, 9659, 0, 9223372036854775807, 0, 9223372036758185807
0, 966, 0, 9223372036854775807, 0, 9223372036845115807
0, 9660, 0, 9223372036854775807, 0, 9223372036758175807
0, 9661, 0, 9223372036854775807, 0, 9223372036758165807
0, 9662, 0, 9223372036854775807, 0, 9223372036758155807
0, 9663, 0, 9223372036854775807, 0, 9223372036758145807
0, 9664, 0, 9223372036854775807, 0, 9223372036758135807
0, 9665, 0, 9223372036854775807, 0, 9223372036758125807
0, 9666, 0, 9223372036854775807, 0, 9223372036758115807
0, 9667, 0, 9223372036854775807, 0, 9223372036758105807
0, 9668, 0, 9223372036854775807, 0, 9223372036758095807
0, 9669, 0, 9223372036854775807, 0, 9223372036758085807
0, 967, 0, 9223372036854775807, 0, 9223372036845105807
0, 9670, 0, 9223372036854775807, 0, 9223372036758075807
0, 9671, 0, 9223372036854775807, 0, 9223372036758065807
0, 9672, 0, 9223372036854775807, 0, 9223372036758055807
0, 9673, 0, 9223372036854775807, 0, 9223372036758045807
0, 9674, 0, 9223372036854775807, 0, 9223372036758035807
0, 9675, 0, 9223372036854775807, 0, 9223372036758025807
0, 9676, 0, 9223372036854775807, 0, 9223372036758015807
0, 9677, 0, 9223372036854775807, 0, 9223372036758005807
0, 9678, 0, 9223372036854775807, 0, 9223372036757995807
0, 9679, 0, 9223372036854775807, 0, 9223372036757985807
0, 968, 0, 9223372036854775807, 0, 9223372036845095807
0, 9680, 0, 9223372036854775807, 0, 9223372036757975807
0, 9681, 0, 9223372036854775807, 0, 9223372036757965807
0, 9682, 0, 9223372036854775807, 0, 9223372036757955807
0, 9683, 0, 9223372036854775807, 0, 9223372036757945807
0, 9684, 0, 9223372036854775807, 0, 9223372036757935807
0, 9685, 0, 9223372036854775807, 0, 9223372036757925807
0, 9686, 0, 9223372036854775807, 0, 9223372036757915807
0, 9687, 0, 9223372036854775807, 0, 9223372036757905807
0, 9688, 0, 9223372036854775807, 0, 9223372036757895807
0, 9689, 0, 9223372036854775807, 0, 9223372036757885807
0, 969, 0, 9223372036854775807, 0, 9223372036845085807
0, 9690, 0, 9223372036854775807, 0, 9223372036757875807
0, 9691, 0, 9223372036854775807, 0, 9223372036757865807
0, 9692, 0, 9223372036854775807, 0, 9223372036757855807
0, 9693, 0, 9223372036854775807, 0, 9223372036757845807
0, 9694, 0, 9223372036854775807, 0, 9223372036757835807
0, 9695, 0, 9223372036854775807, 0, 9223372036757825807
0, 9696, 0, 9223372036854775807, 0, 9223372036757815807
0, 9697, 0, 9223372036854775807, 0, 9223372036757805807
0, 9698, 0, 9223372036854775807, 0, 9223372036757795807
0, 9699, 0, 9223372036854775807, 0, 9223372036757785807
0, 97, 0, 9223372036854775807, 0, 9223372036853805807
0, 970, 0, 9223372036854775807, 0, 9223372036845075807
0, 9700, 0, 9223372036854775807, 0, 9223372036757775807
0, 9701, 0, 9223372036854775807, 0, 9223372036757765807
0, 9702, 0, 9223372036854775807, 0, 9223372036757755807
0, 9703, 0, 9223372036854775807, 0, 9223372036757745807
0, 9704, 0, 9223372036854775807, 0, 9223372036757735807
0, 9705, 0, 9223372036854775807, 0, 9223372036757725807
0, 9706, 0, 9223372036854775807, 0, 9223372036757715807
0, 9707, 0, 9223372036854775807, 0, 9223372036757705807
0, 9708, 0, 9223372036854775807, 0, 9223372036757695807
0, 9709, 0, 9223372036854775807, 0, 9223372036757685807
0, 971, 0, 9223372036854775807, 0, 9223372036845065807
0, 9710, 0, 9223372036854775807, 0, 9223372036757675807
0, 9711, 0, 9223372036854775807, 0, 9223372036757665807
0, 9712, 0, 9223372036854775807, 0, 9223372036757655807
0, 9713, 0, 9223372036854775807, 0, 9223372036757645807
0, 9714, 0, 9223372036854775807, 0, 9223372036757635807
0, 9715, 0, 9223372036854775807, 0, 9223372036757625807
0, 9716, 0, 9223372036854775807, 0, 9223372036757615807
0, 9717, 0, 9223372036854775807, 0, 9223372036757605807
0, 9718, 0, 9223372036854775807, 0, 9223372036757595807
0, 9719, 0, 9223372036854775807, 0, 9223372036757585807
0, 972, 0, 9223372036854775807, 0, 9223372036845055807
0, 9720, 0, 9223372036854775807, 0, 9223372036757575807
0, 9721, 0, 9223372036854775807, 0, 9223372036757565807
0, 9722, 0, 9223372036854775807, 0, 9223372036757555807
0, 9723, 0, 9223372036854775807, 0, 9223372036757545807
0, 9724, 0, 9223372036854775807, 0, 9223372036757535807
0, 9725, 0, 9223372036854775807, 0, 9223372036757525807
0, 9726, 0, 9223372036854775807, 0, 9223372036757515807
0, 9727, 0, 9223372036854775807, 0, 9223372036757505807
0, 9728, 0, 9223372036854775807, 0, 9223372036757495807
0, 9729, 0, 9223372036854775807, 0, 9223372036757485807
0, 973, 0, 9223372036854775807, 0, 9223372036845045807
0, 9730, 0, 9223372036854775807, 0, 9223372036757475807
0, 9731, 0, 9223372036854775807, 0, 9223372036757465807
0, 9732, 0, 9223372036854775807, 0, 9223372036757455807
0, 9733, 0, 9223372036854775807, 0, 9223372036757445807
0, 9734, 0, 9223372036854775807, 0, 9223372036757435807
0, 9735, 0, 9223372036854775807, 0, 9223372036757425807
0, 9736, 0, 9223372036854775807, 0, 9223372036757415807
0, 9737, 0, 9223372036854775807, 0, 9223372036757405807
0, 9738, 0, 9223372036854775807, 0, 9223372036757395807
0, 9739, 0, 9223372036854775807, 0, 9223372036757385807
0, 974, 0, 9223372036854775807, 0, 9223372036845035807
0, 9740, 0, 9223372036854775807, 0, 9223372036757375807
0, 9741, 0, 9223372036854775807, 0, 9223372036757365807
0, 9742, 0, 9223372036854775807, 0, 9223372036757355807
0, 9743, 0, 9223372036854775807, 0, 9223372036757345807
0, 9744, 0, 9223372036854775807, 0, 9223372036757335807
0, 9745, 0, 9223372036854775807, 0, 9223372036757325807
0, 9746, 0, 9223372036854775807, 0, 9223372036757315807
0, 9747, 0, 9223372036854775807, 0, 9223372036757305807
0, 9748, 0, 9223372036854775807, 0, 9223372036757295807
0, 9749, 0, 9223372036854775807, 0, 9223372036757285807
0, 975, 0, 9223372036854775807, 0, 9223372036845025807
0, 9750, 0, 9223372036854775807, 0, 9223372036757275807
0, 9751, 0, 9223372036854775807, 0, 9223372036757265807
0, 9752, 0, 9223372036854775807, 0, 9223372036757255807
0, 9753, 0, 9223372036854775807, 0, 9223372036757245807
0, 9754, 0, 9223372036854775807, 0, 9223372036757235807
0, 9755, 0, 9223372036854775807, 0, 9223372036757225807
0, 9756, 0, 9223372036854775807, 0, 9223372036757215807
0, 9757, 0, 9223372036854775807, 0, 9223372036757205807
0, 9758, 0, 9223372036854775807, 0, 9223372036757195807
0, 9759, 0, 9223372036854775807, 0, 9223372036757185807
0, 976, 0, 9223372036854775807, 0, 9223372036845015807
0, 9760, 0, 9223372036854775807, 0, 9223372036757175807
0, 9761, 0, 9223372036854775807, 0, 9223372036757165807
0, 9762, 0, 9223372036854775807, 0, 9223372036757155807
0, 9763, 0, 9223372036854775807, 0, 9223372036757145807
0, 9764, 0, 9223372036854775807, 0, 9223372036757135807
0, 9765, 0, 9223372036854775807, 0, 9223372036757125807
0, 9766, 0, 9223372036854775807, 0, 9223372036757115807
0, 9767, 0, 9223372036854775807, 0, 9223372036757105807
0, 9768, 0, 9223372036854775807, 0, 9223372036757095807
0, 9769, 0, 9223372036854775807, 0, 9223372036757085807
0, 977, 0, 9223372036854775807, 0, 9223372036845005807
0, 9770, 0, 9223372036854775807, 0, 9223372036757075807
0, 9771, 0, 9223372036854775807, 0, 9223372036757065807
0, 9772, 0, 9223372036854775807, 0, 9223372036757055807
0, 9773, 0, 9223372036854775807, 0, 9223372036757045807
0, 9774, 0, 9223372036854775807, 0, 9223372036757035807
0, 9775, 0, 9223372036854775807, 0, 9223372036757025807
0, 9776, 0, 9223372036854775807, 0, 9223372036757015807
0, 9777, 0, 9223372036854775807, 0, 9223372036757005807
0, 9778, 0, 9223372036854775807, 0, 9223372036756995807
0, 9779, 0, 9223372036854775807, 0, 9223372036756985807
0, 978, 0, 9223372036854775807, 0, 9223372036844995807
0, 9780, 0, 9223372036854775807, 0, 9223372036756975807
0, 9781, 0, 9223372036854775807, 0, 9223372036756965807
0, 9782, 0, 9223372036854775807, 0, 9223372036756955807
0, 9783, 0, 9223372036854775807, 0, 9223372036756945807
0, 9784, 0, 9223372036854775807, 0, 9223372036756935807
0, 9785, 0, 9223372036854775807, 0, 9223372036756925807
0, 9786, 0, 9223372036854775807, 0, 9223372036756915807
0, 9787, 0, 9223372036854775807, 0, 9223372036756905807
0, 9788, 0, 9223372036854775807, 0, 9223372036756895807
0, 9789, 0, 9223372036854775807, 0, 9223372036756885807
0, 979, 0, 9223372036854775807, 0, 9223372036844985807
0, 9790, 0, 9223372036854775807, 0, 9223372036756875807
0, 9791, 0, 9223372036854775807, 0, 9223372036756865807
0, 9792, 0, 9223372036854775807, 0, 9223372036756855807
0, 9793, 0, 9223372036854775807, 0, 9223372036756845807
0, 9794, 0, 9223372036854775807, 0, 9223372036756835807
0, 9795, 0, 9223372036854775807, 0, 9223372036756825807
0, 9796, 0, 9223372036854775807, 0, 9223372036756815807
0, 9797, 0, 9223372036854775807, 0, 9223372036756805807
0, 9798, 0, 9223372036854775807, 0, 9223372036756795807
0, 9799, 0, 9223372036854775807, 0, 9223372036756785807
0, 98, 0, 9223372036854775807, 0, 9223372036853795807
0, 980, 0, 9223372036854775807, 0, 9223372036844975807
0, 9800, 0, 9223372036854775807, 0, 9223372036756775807
0, 9801, 0, 9223372036854775807, 0, 9223372036756765807
0, 9802, 0, 9223372036854775807, 0, 9223372036756755807
0, 9803, 0, 9223372036854775807, 0, 9223372036756745807
0, 9804, 0, 9223372036854775807, 0, 9223372036756735807
0, 9805, 0, 9223372036854775807, 0, 9223372036756725807
0, 9806, 0, 9223372036854775807, 0, 9223372036756715807
0, 9807, 0, 9223372036854775807, 0, 9223372036756705807
0, 9808, 0, 9223372036854775807, 0, 9223372036756695807
0, 9809, 0, 9223372036854775807, 0, 9223372036756685807
0, 981, 0, 9223372036854775807, 0, 9223372036844965807
0, 9810, 0, 9223372036854775807, 0, 9223372036756675807
0, 9811, 0, 9223372036854775807, 0, 9223372036756665807
0, 9812, 0, 9223372036854775807, 0, 9223372036756655807
0, 9813, 0, 9223372036854775807, 0, 9223372036756645807
0, 9814, 0, 9223372036854775807, 0, 9223372036756635807
0, 9815, 0, 9223372036854775807, 0, 9223372036756625807
0, 9816, 0, 9223372036854775807, 0, 9223372036756615807
0, 9817, 0, 9223372036854775807, 0, 9223372036756605807
0, 9818, 0, 9223372036854775807, 0, 9223372036756595807
0, 9819, 0, 9223372036854775807, 0, 9223372036756585807
0, 982, 0, 9223372036854775807, 0, 9223372036844955807
0, 9820, 0, 9223372036854775807, 0, 9223372036756575807
0, 9821, 0, 9223372036854775807, 0, 9223372036756565807
0, 9822, 0, 9223372036854775807, 0, 9223372036756555807
0, 9823, 0, 9223372036854775807, 0, 9223372036756545807
0, 9824, 0, 9223372036854775807, 0, 9223372036756535807
0, 9825, 0, 9223372036854775807, 0, 9223372036756525807
0, 9826, 0, 9223372036854775807, 0, 9223372036756515807
0, 9827, 0, 9223372036854775807, 0, 9223372036756505807
0, 9828, 0, 9223372036854775807, 0, 9223372036756495807
0, 9829, 0, 9223372036854775807, 0, 9223372036756485807
0, 983, 0, 9223372036854775807, 0, 9223372036844945807
0, 9830, 0, 9223372036854775807, 0, 9223372036756475807
0, 9831, 0, 9223372036854775807, 0, 9223372036756465807
0, 9832, 0, 9223372036854775807, 0, 9223372036756455807
0, 9833, 0, 9223372036854775807, 0, 9223372036756445807
0, 9834, 0, 9223372036854775807, 0, 9223372036756435807
0, 9835, 0, 9223372036854775807, 0, 9223372036756425807
0, 9836, 0, 9223372036854775807, 0, 9223372036756415807
0, 9837, 0, 9223372036854775807, 0, 9223372036756405807
0, 9838, 0, 9223372036854775807, 0, 9223372036756395807
0, 9839, 0, 9223372036854775807, 0, 9223372036756385807
0, 984, 0, 9223372036854775807, 0, 9223372036844935807
0, 9840, 0, 9223372036854775807, 0, 9223372036756375807
0, 9841, 0, 9223372036854775807, 0, 9223372036756365807
0, 9842, 0, 9223372036854775807, 0, 9223372036756355807
0, 9843, 0, 9223372036854775807, 0, 9223372036756345807
0, 9844, 0, 9223372036854775807, 0, 9223372036756335807
0, 9845, 0, 9223372036854775807, 0, 9223372036756325807
0, 9846, 0, 9223372036854775807, 0, 9223372036756315807
0, 9847, 0, 9223372036854775807, 0, 9223372036756305807
0, 9848, 0, 9223372036854775807, 0, 9223372036756295807
0, 9849, 0, 9223372036854775807, 0, 9223372036756285807
0, 985, 0, 9223372036854775807, 0, 9223372036844925807
0, 9850, 0, 9223372036854775807, 0, 9223372036756275807
0, 9851, 0, 9223372036854775807, 0, 9223372036756265807
0, 9852, 0, 9223372036854775807, 0, 9223372036756255807
0, 9853, 0, 9223372036854775807, 0, 9223372036756245807
0, 9854, 0, 9223372036854775807, 0, 9223372036756235807
0, 9855, 0, 9223372036854775807, 0, 9223372036756225807
0, 9856, 0, 9223372036854775807, 0, 9223372036756215807
0, 9857, 0, 9223372036854775807, 0, 9223372036756205807
0, 9858, 0, 9223372036854775807, 0, 9223372036756195807
0, 9859, 0, 9223372036854775807, 0, 9223372036756185807
0, 986, 0, 9223372036854775807, 0, 9223372036844915807
0, 9860, 0, 9223372036854775807, 0, 9223372036756175807
0, 9861, 0, 9223372036854775807, 0, 9223372036756165807
0, 9862, 0, 9223372036854775807, 0, 9223372036756155807
0, 9863, 0, 9223372036854775807, 0, 9223372036756145807
0, 9864, 0, 9223372036854775807, 0, 9223372036756135807
0, 9865, 0, 9223372036854775807, 0, 9223372036756125807
0, 9866, 0, 9223372036854775807, 0, 9223372036756115807
0, 9867, 0, 9223372036854775807, 0, 9223372036756105807
0, 9868, 0, 9223372036854775807, 0, 9223372036756095807
0, 9869, 0, 9223372036854775807, 0, 9223372036756085807
0, 987, 0, 9223372036854775807, 0, 9223372036844905807
0, 9870, 0, 9223372036854775807, 0, 9223372036756075807
0, 9871, 0, 9223372036854775807, 0, 9223372036756065807
0, 9872, 0, 9223372036854775807, 0, 9223372036756055807
0, 9873, 0, 9223372036854775807, 0, 9223372036756045807
0, 9874, 0, 9223372036854775807, 0, 9223372036756035807
0, 9875, 0, 9223372036854775807, 0, 9223372036756025807
0, 9876, 0, 9223372036854775807, 0, 9223372036756015807
0, 9877, 0, 9223372036854775807, 0, 9223372036756005807
0, 9878, 0, 9223372036854775807, 0, 9223372036755995807
0, 9879, 0, 9223372036854775807, 0, 9223372036755985807
0, 988, 0, 9223372036854775807, 0, 9223372036844895807
0, 9880, 0, 9223372036854775807, 0, 9223372036755975807
0, 9881, 0, 9223372036854775807, 0, 9223372036755965807
0, 9882, 0, 9223372036854775807, 0, 9223372036755955807
0, 9883, 0, 9223372036854775807, 0, 9223372036755945807
0, 9884, 0, 9223372036854775807, 0, 9223372036755935807
0, 9885, 0, 9223372036854775807, 0, 9223372036755925807
0, 9886, 0, 9223372036854775807, 0, 9223372036755915807
0, 9887, 0, 9223372036854775807, 0, 9223372036755905807
0, 9888, 0, 9223372036854775807, 0, 9223372036755895807
0, 9889, 0, 9223372036854775807, 0, 9223372036755885807
0, 989, 0, 9223372036854775807, 0, 9223372036844885807
0, 9890, 0, 9223372036854775807, 0, 9223372036755875807
0, 9891, 0, 9223372036854775807, 0, 9223372036755865807
0, 9892, 0, 9223372036854775807, 0, 9223372036755855807
0, 9893, 0, 9223372036854775807, 0, 9223372036755845807
0, 9894, 0, 9223372036854775807, 0, 9223372036755835807
0, 9895, 0, 9223372036854775807, 0, 9223372036755825807
0, 9896, 0, 9223372036854775807, 0, 9223372036755815807
0, 9897, 0, 9223372036854775807, 0, 9223372036755805807
0, 9898, 0, 9223372036854775807, 0, 9223372036755795807
0, 9899, 0, 9223372036854775807, 0, 9223372036755785807
0, 99, 0, 9223372036854775807, 0, 9223372036853785807
0, 990, 0, 9223372036854775807, 0, 9223372036844875807
0, 9900, 0, 9223372036854775807, 0, 9223372036755775807
0, 9901, 0, 9223372036854775807, 0, 9223372036755765807
0, 9902, 0, 9223372036854775807, 0, 9223372036755755807
0, 9903, 0, 9223372036854775807, 0, 9223372036755745807
0, 9904, 0, 9223372036854775807, 0, 9223372036755735807
0, 9905, 0, 9223372036854775807, 0, 9223372036755725807
0, 9906, 0, 9223372036854775807, 0, 9223372036755715807
0, 9907, 0, 9223372036854775807, 0, 9223372036755705807
0, 9908, 0, 9223372036854775807, 0, 9223372036755695807
0, 9909, 0, 9223372036854775807, 0, 9223372036755685807
0, 991, 0, 9223372036854775807, 0, 9223372036844865807
0, 9910, 0, 9223372036854775807, 0, 9223372036755675807
0, 9911, 0, 9223372036854775807, 0, 9223372036755665807
0, 9912, 0, 9223372036854775807, 0, 9223372036755655807
0, 9913, 0, 9223372036854775807, 0, 9223372036755645807
0, 9914, 0, 9223372036854775807, 0, 9223372036755635807
0, 9915, 0, 9223372036854775807, 0, 9223372036755625807
0, 9916, 0, 9223372036854775807, 0, 9223372036755615807
0, 9917, 0, 9223372036854775807, 0, 9223372036755605807
0, 9918, 0, 9223372036854775807, 0, 9223372036755595807
0, 9919, 0, 9223372036854775807, 0, 9223372036755585807
0, 992, 0, 9223372036854775807, 0, 9223372036844855807
0, 9920, 0, 9223372036854775807, 0, 9223372036755575807
0, 9921, 0, 9223372036854775807, 0, 9223372036755565807
0, 9922, 0, 9223372036854775807, 0, 9223372036755555807
0, 9923, 0, 9223372036854775807, 0, 9223372036755545807
0, 9924, 0, 9223372036854775807, 0, 9223372036755535807
0, 9925, 0, 9223372036854775807, 0, 9223372036755525807
0, 9926, 0, 9223372036854775807, 0, 9223372036755515807
0, 9927, 0, 9223372036854775807, 0, 9223372036755505807
0, 9928, 0, 9223372036854775807, 0, 9223372036755495807
0, 9929, 0, 9223372036854775807, 0, 9223372036755485807
0, 993, 0, 9223372036854775807, 0, 9223372036844845807
0, 9930, 0, 9223372036854775807, 0, 9223372036755475807
0, 9931, 0, 9223372036854775807, 0, 9223372036755465807
0, 9932, 0, 9223372036854775807, 0, 9223372036755455807
0, 9933, 0, 9223372036854775807, 0, 9223372036755445807
0, 9934, 0, 9223372036854775807, 0, 9223372036755435807
0, 9935, 0, 9223372036854775807, 0, 9223372036755425807
0, 9936, 0, 9223372036854775807, 0, 9223372036755415807
0, 9937, 0, 9223372036854775807, 0, 9223372036755405807
0, 9938, 0, 9223372036854775807, 0, 9223372036755395807
0, 9939, 0, 9223372036854775807, 0, 9223372036755385807
0, 994, 0, 9223372036854775807, 0, 9223372036844835807
0, 9940, 0, 9223372036854775807, 0, 9223372036755375807
0, 9941, 0, 9223372036854775807, 0, 9223372036755365807
0, 9942, 0, 9223372036854775807, 0, 9223372036755355807
0, 9943, 0, 9223372036854775807, 0, 9223372036755345807
0, 9944, 0, 9223372036854775807, 0, 9223372036755335807
0, 9945, 0, 9223372036854775807, 0, 9223372036755325807
0, 9946, 0, 9223372036854775807, 0, 9223372036755315807
0, 9947, 0, 9223372036854775807, 0, 9223372036755305807
0, 9948, 0, 9223372036854775807, 0, 9223372036755295807
0, 9949, 0, 9223372036854775807, 0, 9223372036755285807
0, 995, 0, 9223372036854775807, 0, 9223372036844825807
0, 9950, 0, 9223372036854775807, 0, 9223372036755275807
0, 9951, 0, 9223372036854775807, 0, 9223372036755265807
0, 9952, 0, 9223372036854775807, 0, 9223372036755255807
0, 9953, 0, 9223372036854775807, 0, 9223372036755245807
0, 9954, 0, 9223372036854775807, 0, 9223372036755235807
0, 9955, 0, 9223372036854775807, 0, 9223372036755225807
0, 9956, 0, 9223372036854775807, 0, 9223372036755215807
0, 9957, 0, 9223372036854775807, 0, 9223372036755205807
0, 9958, 0, 9223372036854775807, 0, 9223372036755195807
0, 9959, 0, 9223372036854775807, 0, 9223372036755185807
0, 996, 0, 9223372036854775807, 0, 9223372036844815807
0, 9960, 0, 9223372036854775807, 0, 9223372036755175807
0, 9961, 0, 9223372036854775807, 0, 9223372036755165807
0, 9962, 0, 9223372036854775807, 0, 9223372036755155807
0, 9963, 0, 9223372036854775807, 0, 9223372036755145807
0, 9964, 0, 9223372036854775807, 0, 9223372036755135807
0, 9965, 0, 9223372036854775807, 0, 9223372036755125807
0, 9966, 0, 9223372036854775807, 0, 9223372036755115807
0, 9967, 0, 9223372036854775807, 0, 9223372036755105807
0, 9968, 0, 9223372036854775807, 0, 9223372036755095807
0, 9969, 0, 9223372036854775807, 0, 9223372036755085807
0, 997, 0, 9223372036854775807, 0, 9223372036844805807
0, 9970, 0, 9223372036854775807, 0, 9223372036755075807
0, 9971, 0, 9223372036854775807, 0, 9223372036755065807
0, 9972, 0, 9223372036854775807, 0, 9223372036755055807
0, 9973, 0, 9223372036854775807, 0, 9223372036755045807
0, 9974, 0, 9223372036854775807, 0, 9223372036755035807
0, 9975, 0, 9223372036854775807, 0, 9223372036755025807
0, 9976, 0, 9223372036854775807, 0, 9223372036755015807
0, 9977, 0, 9223372036854775807, 0, 9223372036755005807
0, 9978, 0, 9223372036854775807, 0, 9223372036754995807
0, 9979, 0, 9223372036854775807, 0, 9223372036754985807
0, 998, 0, 9223372036854775807, 0, 9223372036844795807
0, 9980, 0, 9223372036854775807, 0, 9223372036754975807
0, 9981, 0, 9223372036854775807, 0, 9223372036754965807
0, 9982, 0, 9223372036854775807, 0, 9223372036754955807
0, 9983, 0, 9223372036854775807, 0, 9223372036754945807
0, 9984, 0, 9223372036854775807, 0, 9223372036754935807
0, 9985, 0, 9223372036854775807, 0, 9223372036754925807
0, 9986, 0, 9223372036854775807, 0, 9223372036754915807
0, 9987, 0, 9223372036854775807, 0, 9223372036754905807
0, 9988, 0, 9223372036854775807, 0, 9223372036754895807
0, 9989, 0, 9223372036854775807, 0, 9223372036754885807
0, 999, 0, 9223372036854775807, 0, 9223372036844785807
0, 9990, 0, 9223372036854775807, 0, 9223372036754875807
0, 9991, 0, 9223372036854775807, 0, 9223372036754865807
0, 9992, 0, 9223372036854775807, 0, 9223372036754855807
0, 9993, 0, 9223372036854775807, 0, 9223372036754845807
0, 9994, 0, 9223372036854775807, 0, 9223372036754835807
0, 9995, 0, 9223372036854775807, 0, 9223372036754825807
0, 9996, 0, 9223372036854775807, 0, 9223372036754815807
0, 9997, 0, 9223372036854775807, 0, 9223372036754805807
0, 9998, 0, 9223372036854775807, 0, 9223372036754795807
0, 9999, 0, 9223372036854775807, 0, 9223372036754785807
1, 0, 1355, 9278, 1355, 9278
1, 1, 16355, 20918, 1355, 5918
1, 10, 0, 9223372036854775807, 0, 9223372036854625807
1, 100, 0, 9223372036854775807, 0, 9223372036853275807
1, 1000, 0, 9223372036854775807, 0, 9223372036839775807
1, 1001, 0, 9223372036854775807, 0, 9223372036839760807
1, 1002, 0, 9223372036854775807, 0, 9223372036839745807
1, 1003, 0, 9223372036854775807, 0, 9223372036839730807
1, 1004, 0, 9223372036854775807, 0, 9223372036839715807
1, 1005, 0, 9223372036854775807, 0, 9223372036839700807
1, 1006, 0, 9223372036854775807, 0, 9223372036839685807
1, 1007, 0, 9223372036854775807, 0, 9223372036839670807
1, 1008, 0, 9223372036854775807, 0, 9223372036839655807
1, 1009, 0, 9223372036854775807, 0, 9223372036839640807
1, 101, 0, 9223372036854775807, 0, 9223372036853260807
1, 1010, 0, 9223372036854775807, 0, 9223372036839625807
1, 1011, 0, 9223372036854775807, 0, 9223372036839610807
1, 1012, 0, 9223372036854775807, 0, 9223372036839595807
1, 1013, 0, 9223372036854775807, 0, 9223372036839580807
1, 1014, 0, 9223372036854775807, 0, 9223372036839565807
1, 1015, 0, 9223372036854775807, 0, 9223372036839550807
1, 1016, 0, 9223372036854775807, 0, 9223372036839535807
1, 1017, 0, 9223372036854775807, 0, 9223372036839520807
1, 1018, 0, 9223372036854775807, 0, 9223372036839505807
1, 1019, 0, 9223372036854775807, 0, 9223372036839490807
1, 102, 0, 9223372036854775807, 0, 9223372036853245807
1, 1020, 0, 9223372036854775807, 0, 9223372036839475807
1, 1021, 0, 9223372036854775807, 0, 9223372036839460807
1, 1022, 0, 9223372036854775807, 0, 9223372036839445807
1, 1023, 0, 9223372036854775807, 0, 9223372036839430807
1, 1024, 0, 9223372036854775807, 0, 9223372036839415807
1, 1025, 0, 9223372036854775807, 0, 9223372036839400807
1, 1026, 0, 9223372036854775807, 0, 9223372036839385807
1, 1027, 0, 9223372036854775807, 0, 9223372036839370807
1, 1028, 0, 9223372036854775807, 0, 9223372036839355807
1, 1029, 0, 9223372036854775807, 0, 9223372036839340807
1, 103, 0, 9223372036854775807, 0, 9223372036853230807
1, 1030, 0, 9223372036854775807, 0, 9223372036839325807
1, 1031, 0, 9223372036854775807, 0, 9223372036839310807
1, 1032, 0, 9223372036854775807, 0, 9223372036839295807
1, 1033, 0, 9223372036854775807, 0, 9223372036839280807
1, 1034, 0, 9223372036854775807, 0, 9223372036839265807
1, 1035, 0, 9223372036854775807, 0, 9223372036839250807
1, 1036, 0, 9223372036854775807, 0, 9223372036839235807
1, 1037, 0, 9223372036854775807, 0, 9223372036839220807
1, 1038, 0, 9223372036854775807, 0, 9223372036839205807
1, 1039, 0, 9223372036854775807, 0, 9223372036839190807
1, 104, 0, 9223372036854775807, 0, 9223372036853215807
1, 1040, 0, 9223372036854775807, 0, 9223372036839175807
1, 1041, 0, 9223372036854775807, 0, 9223372036839160807
1, 1042, 0, 9223372036854775807, 0, 9223372036839145807
1, 1043, 0, 9223372036854775807, 0, 9223372036839130807
1, 1044, 0, 9223372036854775807, 0, 9223372036839115807
1, 1045, 0, 9223372036854775807, 0, 9223372036839100807
1, 1046, 0, 9223372036854775807, 0, 9223372036839085807
1, 1047, 0, 9223372036854775807, 0, 9223372036839070807
1, 1048, 0, 9223372036854775807, 0, 9223372036839055807
1, 1049, 0, 9223372036854775807, 0, 9223372036839040807
1, 105, 0, 9223372036854775807, 0, 9223372036853200807
1, 1050, 0, 9223372036854775807, 0, 9223372036839025807
1, 1051, 0, 9223372036854775807, 0, 9223372036839010807
1, 1052, 0, 9223372036854775807, 0, 9223372036838995807
1, 1053, 0, 9223372036854775807, 0, 9223372036838980807
1, 1054, 0, 9223372036854775807, 0, 9223372036838965807
1, 1055, 0, 9223372036854775807, 0, 9223372036838950807
1, 1056, 0, 9223372036854775807, 0, 9223372036838935807
1, 1057, 0, 9223372036854775807, 0, 9223372036838920807
1, 1058, 0, 9223372036854775807, 0, 9223372036838905807
1, 1059, 0, 9223372036854775807, 0, 9223372036838890807
1, 106, 0, 9223372036854775807, 0, 9223372036853185807
1, 1060, 0, 9223372036854775807, 0, 9223372036838875807
1, 1061, 0, 9223372036854775807, 0, 9223372036838860807
1, 1062, 0, 9223372036854775807, 0, 9223372036838845807
1, 1063, 0, 9223372036854775807, 0, 9223372036838830807
1, 1064, 0, 9223372036854775807, 0, 9223372036838815807
1, 1065, 0, 9223372036854775807, 0, 9223372036838800807
1, 1066, 0, 9223372036854775807, 0, 9223372036838785807
1, 1067, 0, 9223372036854775807, 0, 9223372036838770807
1, 1068, 0, 9223372036854775807, 0, 9223372036838755807
1, 1069, 0, 9223372036854775807, 0, 9223372036838740807
1, 107, 0, 9223372036854775807, 0, 9223372036853170807
1, 1070, 0, 9223372036854775807, 0, 9223372036838725807
1, 1071, 0, 9223372036854775807, 0, 9223372036838710807
1, 1072, 0, 9223372036854775807, 0, 9223372036838695807
1, 1073, 0, 9223372036854775807, 0, 9223372036838680807
1, 1074, 0, 9223372036854775807, 0, 9223372036838665807
1, 1075, 0, 9223372036854775807, 0, 9223372036838650807
1, 1076, 0, 9223372036854775807, 0, 9223372036838635807
1, 1077, 0, 9223372036854775807, 0, 9223372036838620807
1, 1078, 0, 9223372036854775807, 0, 9223372036838605807
1, 1079, 0, 9223372036854775807, 0, 9223372036838590807
1, 108, 0, 9223372036854775807, 0, 9223372036853155807
1, 1080, 0, 9223372036854775807, 0, 9223372036838575807
1, 1081, 0, 9223372036854775807, 0, 9223372036838560807
1, 1082, 0, 9223372036854775807, 0, 9223372036838545807
1, 1083, 0, 9223372036854775807, 0, 9223372036838530807
1, 1084, 0, 9223372036854775807, 0, 9223372036838515807
1, 1085, 0, 9223372036854775807, 0, 9223372036838500807
1, 1086, 0, 9223372036854775807, 0, 9223372036838485807
1, 1087, 0, 9223372036854775807, 0, 9223372036838470807
1, 1088, 0, 9223372036854775807, 0, 9223372036838455807
1, 1089, 0, 9223372036854775807, 0, 9223372036838440807
1, 109, 0, 9223372036854775807, 0, 9223372036853140807
1, 1090, 0, 9223372036854775807, 0, 9223372036838425807
1, 1091, 0, 9223372036854775807, 0, 9223372036838410807
1, 1092, 0, 9223372036854775807, 0, 9223372036838395807
1, 1093, 0, 9223372036854775807, 0, 9223372036838380807
1, 1094, 0, 9223372036854775807, 0, 9223372036838365807
1, 1095, 0, 9223372036854775807, 0, 9223372036838350807
1, 1096, 0, 9223372036854775807, 0, 9223372036838335807
1, 1097, 0, 9223372036854775807, 0, 9223372036838320807
1, 1098, 0, 9223372036854775807, 0, 9223372036838305807
1, 1099, 0, 9223372036854775807, 0, 9223372036838290807
1, 11, 0, 9223372036854775807, 0, 9223372036854610807
1, 110, 0, 9223372036854775807, 0, 9223372036853125807
1, 1100, 0, 9223372036854775807, 0, 9223372036838275807
1, 1101, 0, 9223372036854775807, 0, 9223372036838260807
1, 1102, 0, 9223372036854775807, 0, 9223372036838245807
1, 1103, 0, 9223372036854775807, 0, 9223372036838230807
1, 1104, 0, 9223372036854775807, 0, 9223372036838215807
1, 1105, 0, 9223372036854775807, 0, 9223372036838200807
1, 1106, 0, 9223372036854775807, 0, 9223372036838185807
1, 1107, 0, 9223372036854775807, 0, 9223372036838170807
1, 1108, 0, 9223372036854775807, 0, 9223372036838155807
1, 1109, 0, 9223372036854775807, 0, 9223372036838140807
1, 111, 0, 9223372036854775807, 0, 9223372036853110807
1, 1110, 0, 9223372036854775807, 0, 9223372036838125807
1, 1111, 0, 9223372036854775807, 0, 9223372036838110807
1, 1112, 0, 9223372036854775807, 0, 9223372036838095807
1, 1113, 0, 9223372036854775807, 0, 9223372036838080807
1, 1114, 0, 9223372036854775807, 0, 9223372036838065807
1, 1115, 0, 9223372036854775807, 0, 9223372036838050807
1, 1116, 0, 9223372036854775807, 0, 9223372036838035807
1, 1117, 0, 9223372036854775807, 0, 9223372036838020807
1, 1118, 0, 9223372036854775807, 0, 9223372036838005807
1, 1119, 0, 9223372036854775807, 0, 9223372036837990807
1, 112, 0, 9223372036854775807, 0, 9223372036853095807
1, 1120, 0, 9223372036854775807, 0, 9223372036837975807
1, 1121, 0, 9223372036854775807, 0, 9223372036837960807
1, 1122, 0, 9223372036854775807, 0, 9223372036837945807
1, 1123, 0, 9223372036854775807, 0, 9223372036837930807
1, 1124, 0, 9223372036854775807, 0, 9223372036837915807
1, 1125, 0, 9223372036854775807, 0, 9223372036837900807
1, 1126, 0, 9223372036854775807, 0, 9223372036837885807
1, 1127, 0, 9223372036854775807, 0, 9223372036837870807
1, 1128, 0, 9223372036854775807, 0, 9223372036837855807
1, 1129, 0, 9223372036854775807, 0, 9223372036837840807
1, 113, 0, 9223372036854775807, 0, 9223372036853080807
1, 1130, 0, 9223372036854775807, 0, 9223372036837825807
1, 1131, 0, 9223372036854775807, 0, 9223372036837810807
1, 1132, 0, 9223372036854775807, 0, 9223372036837795807
1, 1133, 0, 9223372036854775807, 0, 9223372036837780807
1, 1134, 0, 9223372036854775807, 0, 9223372036837765807
1, 1135, 0, 9223372036854775807, 0, 9223372036837750807
1, 1136, 0, 9223372036854775807, 0, 9223372036837735807
1, 1137, 0, 9223372036854775807, 0, 9223372036837720807
1, 1138, 0, 9223372036854775807, 0, 9223372036837705807
1, 1139, 0, 9223372036854775807, 0, 9223372036837690807
1, 114, 0, 9223372036854775807, 0, 9223372036853065807
1, 1140, 0, 9223372036854775807, 0, 9223372036837675807
1, 1141, 0, 9223372036854775807, 0, 9223372036837660807
1, 1142, 0, 9223372036854775807, 0, 9223372036837645807
1, 1143, 0, 9223372036854775807, 0, 9223372036837630807
1, 1144, 0, 9223372036854775807, 0, 9223372036837615807
1, 1145, 0, 9223372036854775807, 0, 9223372036837600807
1, 1146, 0, 9223372036854775807, 0, 9223372036837585807
1, 1147, 0, 9223372036854775807, 0, 9223372036837570807
1, 1148, 0, 9223372036854775807, 0, 9223372036837555807
1, 1149, 0, 9223372036854775807, 0, 9223372036837540807
1, 115, 0, 9223372036854775807, 0, 9223372036853050807
1, 1150, 0, 9223372036854775807, 0, 9223372036837525807
1, 1151, 0, 9223372036854775807, 0, 9223372036837510807
1, 1152, 0, 9223372036854775807, 0, 9223372036837495807
1, 1153, 0, 9223372036854775807, 0, 9223372036837480807
1, 1154, 0, 9223372036854775807, 0, 9223372036837465807
1, 1155, 0, 9223372036854775807, 0, 9223372036837450807
1, 1156, 0, 9223372036854775807, 0, 9223372036837435807
1, 1157, 0, 9223372036854775807, 0, 9223372036837420807
1, 1158, 0, 9223372036854775807, 0, 9223372036837405807
1, 1159, 0, 9223372036854775807, 0, 9223372036837390807
1, 116, 0, 9223372036854775807, 0, 9223372036853035807
1, 1160, 0, 9223372036854775807, 0, 9223372036837375807
1, 1161, 0, 9223372036854775807, 0, 9223372036837360807
1, 1162, 0, 9223372036854775807, 0, 9223372036837345807
1, 1163, 0, 9223372036854775807, 0, 9223372036837330807
1, 1164, 0, 9223372036854775807, 0, 9223372036837315807
1, 1165, 0, 9223372036854775807, 0, 9223372036837300807
1, 1166, 0, 9223372036854775807, 0, 9223372036837285807
1, 1167, 0, 9223372036854775807, 0, 9223372036837270807
1, 1168, 0, 9223372036854775807, 0, 9223372036837255807
1, 1169, 0, 9223372036854775807, 0, 9223372036837240807
1, 117, 0, 9223372036854775807, 0, 9223372036853020807
1, 1170, 0, 9223372036854775807, 0, 9223372036837225807
1, 1171, 0, 9223372036854775807, 0, 9223372036837210807
1, 1172, 0, 9223372036854775807, 0, 9223372036837195807
1, 1173, 0, 9223372036854775807, 0, 9223372036837180807
1, 1174, 0, 9223372036854775807, 0, 9223372036837165807
1, 1175, 0, 9223372036854775807, 0, 9223372036837150807
1, 1176, 0, 9223372036854775807, 0, 9223372036837135807
1, 1177, 0, 9223372036854775807, 0, 9223372036837120807
1, 1178, 0, 9223372036854775807, 0, 9223372036837105807
1, 1179, 0, 9223372036854775807, 0, 9223372036837090807
1, 118, 0, 9223372036854775807, 0, 9223372036853005807
1, 1180, 0, 9223372036854775807, 0, 9223372036837075807
1, 1181, 0, 9223372036854775807, 0, 9223372036837060807
1, 1182, 0, 9223372036854775807, 0, 9223372036837045807
1, 1183, 0, 9223372036854775807, 0, 9223372036837030807
1, 1184, 0, 9223372036854775807, 0, 9223372036837015807
1, 1185, 0, 9223372036854775807, 0, 9223372036837000807
1, 1186, 0, 9223372036854775807, 0, 9223372036836985807
1, 1187, 0, 9223372036854775807, 0, 9223372036836970807
1, 1188, 0, 9223372036854775807, 0, 9223372036836955807
1, 1189, 0, 9223372036854775807, 0, 9223372036836940807
1, 119, 0, 9223372036854775807, 0, 9223372036852990807
1, 1190, 0, 9223372036854775807, 0, 9223372036836925807
1, 1191, 0, 9223372036854775807, 0, 9223372036836910807
1, 1192, 0, 9223372036854775807, 0, 9223372036836895807
1, 1193, 0, 9223372036854775807, 0, 9223372036836880807
1, 1194, 0, 9223372036854775807, 0, 9223372036836865807
1, 1195, 0, 9223372036854775807, 0, 9223372036836850807
1, 1196, 0, 9223372036854775807, 0, 9223372036836835807
1, 1197, 0, 9223372036854775807, 0, 9223372036836820807
1, 1198, 0, 9223372036854775807, 0, 9223372036836805807
1, 1199, 0, 9223372036854775807, 0, 9223372036836790807
1, 12, 0, 9223372036854775807, 0, 9223372036854595807
1, 120, 0, 9223372036854775807, 0, 9223372036852975807
1, 1200, 0, 9223372036854775807, 0, 9223372036836775807
1, 1201, 0, 9223372036854775807, 0, 9223372036836760807
1, 1202, 0, 9223372036854775807, 0, 9223372036836745807
1, 1203, 0, 9223372036854775807, 0, 9223372036836730807
1, 1204, 0, 9223372036854775807, 0, 9223372036836715807
1, 1205, 0, 9223372036854775807, 0, 9223372036836700807
1, 1206, 0, 9223372036854775807, 0, 9223372036836685807
1, 1207, 0, 9223372036854775807, 0, 9223372036836670807
1, 1208, 0, 9223372036854775807, 0, 9223372036836655807
1, 1209, 0, 9223372036854775807, 0, 9223372036836640807
1, 121, 0, 9223372036854775807, 0, 9223372036852960807
1, 1210, 0, 9223372036854775807, 0, 9223372036836625807
1, 1211, 0, 9223372036854775807, 0, 9223372036836610807
1, 1212, 0, 9223372036854775807, 0, 9223372036836595807
1, 1213, 0, 9223372036854775807, 0, 9223372036836580807
1, 1214, 0, 9223372036854775807, 0, 9223372036836565807
1, 1215, 0, 9223372036854775807, 0, 9223372036836550807
1, 1216, 0, 9223372036854775807, 0, 9223372036836535807
1, 1217, 0, 9223372036854775807, 0, 9223372036836520807
1, 1218, 0, 9223372036854775807, 0, 9223372036836505807
1, 1219, 0, 9223372036854775807, 0, 9223372036836490807
1, 122, 0, 9223372036854775807, 0, 9223372036852945807
1, 1220, 0, 9223372036854775807, 0, 9223372036836475807
1, 1221, 0, 9223372036854775807, 0, 9223372036836460807
1, 1222, 0, 9223372036854775807, 0, 9223372036836445807
1, 1223, 0, 9223372036854775807, 0, 9223372036836430807
1, 1224, 0, 9223372036854775807, 0, 9223372036836415807
1, 1225, 0, 9223372036854775807, 0, 9223372036836400807
1, 1226, 0, 9223372036854775807, 0, 9223372036836385807
1, 1227, 0, 9223372036854775807, 0, 9223372036836370807
1, 1228, 0, 9223372036854775807, 0, 9223372036836355807
1, 1229, 0, 9223372036854775807, 0, 9223372036836340807
1, 123, 0, 9223372036854775807, 0, 9223372036852930807
1, 1230, 0, 9223372036854775807, 0, 9223372036836325807
1, 1231, 0, 9223372036854775807, 0, 9223372036836310807
1, 1232, 0, 9223372036854775807, 0, 9223372036836295807
1, 1233, 0, 9223372036854775807, 0, 9223372036836280807
1, 1234, 0, 9223372036854775807, 0, 9223372036836265807
1, 1235, 0, 9223372036854775807, 0, 9223372036836250807
1, 1236, 0, 9223372036854775807, 0, 9223372036836235807
1, 1237, 0, 9223372036854775807, 0, 9223372036836220807
1, 1238, 0, 9223372036854775807, 0, 9223372036836205807
1, 1239, 0, 9223372036854775807, 0, 9223372036836190807
1, 124, 0, 9223372036854775807, 0, 9223372036852915807
1, 1240, 0, 9223372036854775807, 0, 9223372036836175807
1, 1241, 0, 9223372036854775807, 0, 9223372036836160807
1, 1242, 0, 9223372036854775807, 0, 9223372036836145807
1, 1243, 0, 9223372036854775807, 0, 9223372036836130807
1, 1244, 0, 9223372036854775807, 0, 9223372036836115807
1, 1245, 0, 9223372036854775807, 0, 9223372036836100807
1, 1246, 0, 9223372036854775807, 0, 9223372036836085807
1, 1247, 0, 9223372036854775807, 0, 9223372036836070807
1, 1248, 0, 9223372036854775807, 0, 9223372036836055807
1, 1249, 0, 9223372036854775807, 0, 9223372036836040807
1, 125, 0, 9223372036854775807, 0, 9223372036852900807
1, 1250, 0, 9223372036854775807, 0, 9223372036836025807
1, 1251, 0, 9223372036854775807, 0, 9223372036836010807
1, 1252, 0, 9223372036854775807, 0, 9223372036835995807
1, 1253, 0, 9223372036854775807, 0, 9223372036835980807
1, 1254, 0, 9223372036854775807, 0, 9223372036835965807
1, 1255, 0, 9223372036854775807, 0, 9223372036835950807
1, 1256, 0, 9223372036854775807, 0, 9223372036835935807
1, 1257, 0, 9223372036854775807, 0, 9223372036835920807
1, 1258, 0, 9223372036854775807, 0, 9223372036835905807
1, 1259, 0, 9223372036854775807, 0, 9223372036835890807
1, 126, 0, 9223372036854775807, 0, 9223372036852885807
1, 1260, 0, 9223372036854775807, 0, 9223372036835875807
1, 1261, 0, 9223372036854775807, 0, 9223372036835860807
1, 1262, 0, 9223372036854775807, 0, 9223372036835845807
1, 1263, 0, 9223372036854775807, 0, 9223372036835830807
1, 1264, 0, 9223372036854775807, 0, 9223372036835815807
1, 1265, 0, 9223372036854775807, 0, 9223372036835800807
1, 1266, 0, 9223372036854775807, 0, 9223372036835785807
1, 1267, 0, 9223372036854775807, 0, 9223372036835770807
1, 1268, 0, 9223372036854775807, 0, 9223372036835755807
1, 1269, 0, 9223372036854775807, 0, 9223372036835740807
1, 127, 0, 9223372036854775807, 0, 9223372036852870807
1, 1270, 0, 9223372036854775807, 0, 9223372036835725807
1, 1271, 0, 9223372036854775807, 0, 9223372036835710807
1, 1272, 0, 9223372036854775807, 0, 9223372036835695807
1, 1273, 0, 9223372036854775807, 0, 9223372036835680807
1, 1274, 0, 9223372036854775807, 0, 9223372036835665807
1, 1275, 0, 9223372036854775807, 0, 9223372036835650807
1, 1276, 0, 9223372036854775807, 0, 9223372036835635807
1, 1277, 0, 9223372036854775807, 0, 9223372036835620807
1, 1278, 0, 9223372036854775807, 0, 9223372036835605807
1, 1279, 0, 9223372036854775807, 0, 9223372036835590807
1, 128, 0, 9223372036854775807, 0, 9223372036852855807
1, 1280, 0, 9223372036854775807, 0, 9223372036835575807
1, 1281, 0, 9223372036854775807, 0, 9223372036835560807
1, 1282, 0, 9223372036854775807, 0, 9223372036835545807
1, 1283, 0, 9223372036854775807, 0, 9223372036835530807
1, 1284, 0, 9223372036854775807, 0, 9223372036835515807
1, 1285, 0, 9223372036854775807, 0, 9223372036835500807
1, 1286, 0, 9223372036854775807, 0, 9223372036835485807
1, 1287, 0, 9223372036854775807, 0, 9223372036835470807
1, 1288, 0, 9223372036854775807, 0, 9223372036835455807
1, 1289, 0, 9223372036854775807, 0, 9223372036835440807
1, 129, 0, 9223372036854775807, 0, 9223372036852840807
1, 1290, 0, 9223372036854775807, 0, 9223372036835425807
1, 1291, 0, 9223372036854775807, 0, 9223372036835410807
1, 1292, 0, 9223372036854775807, 0, 9223372036835395807
1, 1293, 0, 9223372036854775807, 0, 9223372036835380807
1, 1294, 0, 9223372036854775807, 0, 9223372036835365807
1, 1295, 0, 9223372036854775807, 0, 9223372036835350807
1, 1296, 0, 9223372036854775807, 0, 9223372036835335807
1, 1297, 0, 9223372036854775807, 0, 9223372036835320807
1, 1298, 0, 9223372036854775807, 0, 9223372036835305807
1, 1299, 0, 9223372036854775807, 0, 9223372036835290807
1, 13, 0, 9223372036854775807, 0, 9223372036854580807
1, 130, 0, 9223372036854775807, 0, 9223372036852825807
1, 1300, 0, 9223372036854775807, 0, 9223372036835275807
1, 1301, 0, 9223372036854775807, 0, 9223372036835260807
1, 1302, 0, 9223372036854775807, 0, 9223372036835245807
1, 1303, 0, 9223372036854775807, 0, 9223372036835230807
1, 1304, 0, 9223372036854775807, 0, 9223372036835215807
1, 1305, 0, 9223372036854775807, 0, 9223372036835200807
1, 1306, 0, 9223372036854775807, 0, 9223372036835185807
1, 1307, 0, 9223372036854775807, 0, 9223372036835170807
1, 1308, 0, 9223372036854775807, 0, 9223372036835155807
1, 1309, 0, 9223372036854775807, 0, 9223372036835140807
1, 131, 0, 9223372036854775807, 0, 9223372036852810807
1, 1310, 0, 9223372036854775807, 0, 9223372036835125807
1, 1311, 0, 9223372036854775807, 0, 9223372036835110807
1, 1312, 0, 9223372036854775807, 0, 9223372036835095807
1, 1313, 0, 9223372036854775807, 0, 9223372036835080807
1, 1314, 0, 9223372036854775807, 0, 9223372036835065807
1, 1315, 0, 9223372036854775807, 0, 9223372036835050807
1, 1316, 0, 9223372036854775807, 0, 9223372036835035807
1, 1317, 0, 9223372036854775807, 0, 9223372036835020807
1, 1318, 0, 9223372036854775807, 0, 9223372036835005807
1, 1319, 0, 9223372036854775807, 0, 9223372036834990807
1, 132, 0, 9223372036854775807, 0, 9223372036852795807
1, 1320, 0, 9223372036854775807, 0, 9223372036834975807
1, 1321, 0, 9223372036854775807, 0, 9223372036834960807
1, 1322, 0, 9223372036854775807, 0, 9223372036834945807
1, 1323, 0, 9223372036854775807, 0, 9223372036834930807
1, 1324, 0, 9223372036854775807, 0, 9223372036834915807
1, 1325, 0, 9223372036854775807, 0, 9223372036834900807
1, 1326, 0, 9223372036854775807, 0, 9223372036834885807
1, 1327, 0, 9223372036854775807, 0, 9223372036834870807
1, 1328, 0, 9223372036854775807, 0, 9223372036834855807
1, 1329, 0, 9223372036854775807, 0, 9223372036834840807
1, 133, 0, 9223372036854775807, 0, 9223372036852780807
1, 1330, 0, 9223372036854775807, 0, 9223372036834825807
1, 1331, 0, 9223372036854775807, 0, 9223372036834810807
1, 1332, 0, 9223372036854775807, 0, 9223372036834795807
1, 1333, 0, 9223372036854775807, 0, 9223372036834780807
1, 1334, 0, 9223372036854775807, 0, 9223372036834765807
1, 1335, 0, 9223372036854775807, 0, 9223372036834750807
1, 1336, 0, 9223372036854775807, 0, 9223372036834735807
1, 1337, 0, 9223372036854775807, 0, 9223372036834720807
1, 1338, 0, 9223372036854775807, 0, 9223372036834705807
1, 1339, 0, 9223372036854775807, 0, 9223372036834690807
1, 134, 0, 9223372036854775807, 0, 9223372036852765807
1, 1340, 0, 9223372036854775807, 0, 9223372036834675807
1, 1341, 0, 9223372036854775807, 0, 9223372036834660807
1, 1342, 0, 9223372036854775807, 0, 9223372036834645807
1, 1343, 0, 9223372036854775807, 0, 9223372036834630807
1, 1344, 0, 9223372036854775807, 0, 9223372036834615807
1, 1345, 0, 9223372036854775807, 0, 9223372036834600807
1, 1346, 0, 9223372036854775807, 0, 9223372036834585807
1, 1347, 0, 9223372036854775807, 0, 9223372036834570807
1, 1348, 0, 9223372036854775807, 0, 9223372036834555807
1, 1349, 0, 9223372036854775807, 0, 9223372036834540807
1, 135, 0, 9223372036854775807, 0, 9223372036852750807
1, 1350, 0, 9223372036854775807, 0, 9223372036834525807
1, 1351, 0, 9223372036854775807, 0, 9223372036834510807
1, 1352, 0, 9223372036854775807, 0, 9223372036834495807
1, 1353, 0, 9223372036854775807, 0, 9223372036834480807
1, 1354, 0, 9223372036854775807, 0, 9223372036834465807
1, 1355, 0, 9223372036854775807, 0, 9223372036834450807
1, 1356, 0, 9223372036854775807, 0, 9223372036834435807
1, 1357, 0, 9223372036854775807, 0, 9223372036834420807
1, 1358, 0, 9223372036854775807, 0, 9223372036834405807
1, 1359, 0, 9223372036854775807, 0, 9223372036834390807
1, 136, 0, 9223372036854775807, 0, 9223372036852735807
1, 1360, 0, 9223372036854775807, 0, 9223372036834375807
1, 1361, 0, 9223372036854775807, 0, 9223372036834360807
1, 1362, 0, 9223372036854775807, 0, 9223372036834345807
1, 1363, 0, 9223372036854775807, 0, 9223372036834330807
1, 1364, 0, 9223372036854775807, 0, 9223372036834315807
1, 1365, 0, 9223372036854775807, 0, 9223372036834300807
1, 1366, 0, 9223372036854775807, 0, 9223372036834285807
1, 1367, 0, 9223372036854775807, 0, 9223372036834270807
1, 1368, 0, 9223372036854775807, 0, 9223372036834255807
1, 1369, 0, 9223372036854775807, 0, 9223372036834240807
1, 137, 0, 9223372036854775807, 0, 9223372036852720807
1, 1370, 0, 9223372036854775807, 0, 9223372036834225807
1, 1371, 0, 9223372036854775807, 0, 9223372036834210807
1, 1372, 0, 9223372036854775807, 0, 9223372036834195807
1, 1373, 0, 9223372036854775807, 0, 9223372036834180807
1, 1374, 0, 9223372036854775807, 0, 9223372036834165807
1, 1375, 0, 9223372036854775807, 0, 9223372036834150807
1, 1376, 0, 9223372036854775807, 0, 9223372036834135807
1, 1377, 0, 9223372036854775807, 0, 9223372036834120807
1, 1378, 0, 9223372036854775807, 0, 9223372036834105807
1, 1379, 0, 9223372036854775807, 0, 9223372036834090807
1, 138, 0, 9223372036854775807, 0, 9223372036852705807
1, 1380, 0, 9223372036854775807, 0, 9223372036834075807
1, 1381, 0, 9223372036854775807, 0, 9223372036834060807
1, 1382, 0, 9223372036854775807, 0, 9223372036834045807
1, 1383, 0, 9223372036854775807, 0, 9223372036834030807
1, 1384, 0, 9223372036854775807, 0, 9223372036834015807
1, 1385, 0, 9223372036854775807, 0, 9223372036834000807
1, 1386, 0, 9223372036854775807, 0, 9223372036833985807
1, 1387, 0, 9223372036854775807, 0, 9223372036833970807
1, 1388, 0, 9223372036854775807, 0, 9223372036833955807
1, 1389, 0, 9223372036854775807, 0, 9223372036833940807
1, 139, 0, 9223372036854775807, 0, 9223372036852690807
1, 1390, 0, 9223372036854775807, 0, 9223372036833925807
1, 1391, 0, 9223372036854775807, 0, 9223372036833910807
1, 1392, 0, 9223372036854775807, 0, 9223372036833895807
1, 1393, 0, 9223372036854775807, 0, 9223372036833880807
1, 1394, 0, 9223372036854775807, 0, 9223372036833865807
1, 1395, 0, 9223372036854775807, 0, 9223372036833850807
1, 1396, 0, 9223372036854775807, 0, 9223372036833835807
1, 1397, 0, 9223372036854775807, 0, 9223372036833820807
1, 1398, 0, 9223372036854775807, 0, 9223372036833805807
1, 1399, 0, 9223372036854775807, 0, 9223372036833790807
1, 14, 0, 9223372036854775807, 0, 9223372036854565807
1, 140, 0, 9223372036854775807, 0, 9223372036852675807
1, 1400, 0, 9223372036854775807, 0, 9223372036833775807
1, 1401, 0, 9223372036854775807, 0, 9223372036833760807
1, 1402, 0, 9223372036854775807, 0, 9223372036833745807
1, 1403, 0, 9223372036854775807, 0, 9223372036833730807
1, 1404, 0, 9223372036854775807, 0, 9223372036833715807
1, 1405, 0, 9223372036854775807, 0, 9223372036833700807
1, 1406, 0, 9223372036854775807, 0, 9223372036833685807
1, 1407, 0, 9223372036854775807, 0, 9223372036833670807
1, 1408, 0, 9223372036854775807, 0, 9223372036833655807
1, 1409, 0, 9223372036854775807, 0, 9223372036833640807
1, 141, 0, 9223372036854775807, 0, 9223372036852660807
1, 1410, 0, 9223372036854775807, 0, 9223372036833625807
1, 1411, 0, 9223372036854775807, 0, 9223372036833610807
1, 1412, 0, 9223372036854775807, 0, 9223372036833595807
1, 1413, 0, 9223372036854775807, 0, 9223372036833580807
1, 1414, 0, 9223372036854775807, 0, 9223372036833565807
1, 1415, 0, 9223372036854775807, 0, 9223372036833550807
1, 1416, 0, 9223372036854775807, 0, 9223372036833535807
1, 1417, 0, 9223372036854775807, 0, 9223372036833520807
1, 1418, 0, 9223372036854775807, 0, 9223372036833505807
1, 1419, 0, 9223372036854775807, 0, 9223372036833490807
1, 142, 0, 9223372036854775807, 0, 9223372036852645807
1, 1420, 0, 9223372036854775807, 0, 9223372036833475807
1, 1421, 0, 9223372036854775807, 0, 9223372036833460807
1, 1422, 0, 9223372036854775807, 0, 9223372036833445807
1, 1423, 0, 9223372036854775807, 0, 9223372036833430807
1, 1424, 0, 9223372036854775807, 0, 9223372036833415807
1, 1425, 0, 9223372036854775807, 0, 9223372036833400807
1, 1426, 0, 9223372036854775807, 0, 9223372036833385807
1, 1427, 0, 9223372036854775807, 0, 9223372036833370807
1, 1428, 0, 9223372036854775807, 0, 9223372036833355807
1, 1429, 0, 9223372036854775807, 0, 9223372036833340807
1, 143, 0, 9223372036854775807, 0, 9223372036852630807
1, 1430, 0, 9223372036854775807, 0, 9223372036833325807
1, 1431, 0, 9223372036854775807, 0, 9223372036833310807
1, 1432, 0, 9223372036854775807, 0, 9223372036833295807
1, 1433, 0, 9223372036854775807, 0, 9223372036833280807
1, 1434, 0, 9223372036854775807, 0, 9223372036833265807
1, 1435, 0, 9223372036854775807, 0, 9223372036833250807
1, 1436, 0, 9223372036854775807, 0, 9223372036833235807
1, 1437, 0, 9223372036854775807, 0, 9223372036833220807
1, 1438, 0, 9223372036854775807, 0, 9223372036833205807
1, 1439, 0, 9223372036854775807, 0, 9223372036833190807
1, 144, 0, 9223372036854775807, 0, 9223372036852615807
1, 1440, 0, 9223372036854775807, 0, 9223372036833175807
1, 1441, 0, 9223372036854775807, 0, 9223372036833160807
1, 1442, 0, 9223372036854775807, 0, 9223372036833145807
1, 1443, 0, 9223372036854775807, 0, 9223372036833130807
1, 1444, 0, 9223372036854775807, 0, 9223372036833115807
1, 1445, 0, 9223372036854775807, 0, 9223372036833100807
1, 1446, 0, 9223372036854775807, 0, 9223372036833085807
1, 1447, 0, 9223372036854775807, 0, 9223372036833070807
1, 1448, 0, 9223372036854775807, 0, 9223372036833055807
1, 1449, 0, 9223372036854775807, 0, 9223372036833040807
1, 145, 0, 9223372036854775807, 0, 9223372036852600807
1, 1450, 0, 9223372036854775807, 0, 9223372036833025807
1, 1451, 0, 9223372036854775807, 0, 9223372036833010807
1, 1452, 0, 9223372036854775807, 0, 9223372036832995807
1, 1453, 0, 9223372036854775807, 0, 9223372036832980807
1, 1454, 0, 9223372036854775807, 0, 9223372036832965807
1, 1455, 0, 9223372036854775807, 0, 9223372036832950807
1, 1456, 0, 9223372036854775807, 0, 9223372036832935807
1, 1457, 0, 9223372036854775807, 0, 9223372036832920807
1, 1458, 0, 9223372036854775807, 0, 9223372036832905807
1, 1459, 0, 9223372036854775807, 0, 9223372036832890807
1, 146, 0, 9223372036854775807, 0, 9223372036852585807
1, 1460, 0, 9223372036854775807, 0, 9223372036832875807
1, 1461, 0, 9223372036854775807, 0, 9223372036832860807
1, 1462, 0, 9223372036854775807, 0, 9223372036832845807
1, 1463, 0, 9223372036854775807, 0, 9223372036832830807
1, 1464, 0, 9223372036854775807, 0, 9223372036832815807
1, 1465, 0, 9223372036854775807, 0, 9223372036832800807
1, 1466, 0, 9223372036854775807, 0, 9223372036832785807
1, 1467, 0, 9223372036854775807, 0, 9223372036832770807
1, 1468, 0, 9223372036854775807, 0, 9223372036832755807
1, 1469, 0, 9223372036854775807, 0, 9223372036832740807
1, 147, 0, 9223372036854775807, 0, 9223372036852570807
1, 1470, 0, 9223372036854775807, 0, 9223372036832725807
1, 1471, 0, 9223372036854775807, 0, 9223372036832710807
1, 1472, 0, 9223372036854775807, 0, 9223372036832695807
1, 1473, 0, 9223372036854775807, 0, 9223372036832680807
1, 1474, 0, 9223372036854775807, 0, 9223372036832665807
1, 1475, 0, 9223372036854775807, 0, 9223372036832650807
1, 1476, 0, 9223372036854775807, 0, 9223372036832635807
1, 1477, 0, 9223372036854775807, 0, 9223372036832620807
1, 1478, 0, 9223372036854775807, 0, 9223372036832605807
1, 1479, 0, 9223372036854775807, 0, 9223372036832590807
1, 148, 0, 9223372036854775807, 0, 9223372036852555807
1, 1480, 0, 9223372036854775807, 0, 9223372036832575807
1, 1481, 0, 9223372036854775807, 0, 9223372036832560807
1, 1482, 0, 9223372036854775807, 0, 9223372036832545807
1, 1483, 0, 9223372036854775807, 0, 9223372036832530807
1, 1484, 0, 9223372036854775807, 0, 9223372036832515807
1, 1485, 0, 9223372036854775807, 0, 9223372036832500807
1, 1486, 0, 9223372036854775807, 0, 9223372036832485807
1, 1487, 0, 9223372036854775807, 0, 9223372036832470807
1, 1488, 0, 9223372036854775807, 0, 9223372036832455807
1, 1489, 0, 9223372036854775807, 0, 9223372036832440807
1, 149, 0, 9223372036854775807, 0, 9223372036852540807
1, 1490, 0, 9223372036854775807, 0, 9223372036832425807
1, 1491, 0, 9223372036854775807, 0, 9223372036832410807
1, 1492, 0, 9223372036854775807, 0, 9223372036832395807
1, 1493, 0, 9223372036854775807, 0, 9223372036832380807
1, 1494, 0, 9223372036854775807, 0, 9223372036832365807
1, 1495, 0, 9223372036854775807, 0, 9223372036832350807
1, 1496, 0, 9223372036854775807, 0, 9223372036832335807
1, 1497, 0, 9223372036854775807, 0, 9223372036832320807
1, 1498, 0, 9223372036854775807, 0, 9223372036832305807
1, 1499, 0, 9223372036854775807, 0, 9223372036832290807
1, 15, 0, 9223372036854775807, 0, 9223372036854550807
1, 150, 0, 9223372036854775807, 0, 9223372036852525807
1, 1500, 0, 9223372036854775807, 0, 9223372036832275807
1, 1501, 0, 9223372036854775807, 0, 9223372036832260807
1, 1502, 0, 9223372036854775807, 0, 9223372036832245807
1, 1503, 0, 9223372036854775807, 0, 9223372036832230807
1, 1504, 0, 9223372036854775807, 0, 9223372036832215807
1, 1505, 0, 9223372036854775807, 0, 9223372036832200807
1, 1506, 0, 9223372036854775807, 0, 9223372036832185807
1, 1507, 0, 9223372036854775807, 0, 9223372036832170807
1, 1508, 0, 9223372036854775807, 0, 9223372036832155807
1, 1509, 0, 9223372036854775807, 0, 9223372036832140807
1, 151, 0, 9223372036854775807, 0, 9223372036852510807
1, 1510, 0, 9223372036854775807, 0, 9223372036832125807
1, 1511, 0, 9223372036854775807, 0, 9223372036832110807
1, 1512, 0, 9223372036854775807, 0, 9223372036832095807
1, 1513, 0, 9223372036854775807, 0, 9223372036832080807
1, 1514, 0, 9223372036854775807, 0, 9223372036832065807
1, 1515, 0, 9223372036854775807, 0, 9223372036832050807
1, 1516, 0, 9223372036854775807, 0, 9223372036832035807
1, 1517, 0, 9223372036854775807, 0, 9223372036832020807
1, 1518, 0, 9223372036854775807, 0, 9223372036832005807
1, 1519, 0, 9223372036854775807, 0, 9223372036831990807
1, 152, 0, 9223372036854775807, 0, 9223372036852495807
1, 1520, 0, 9223372036854775807, 0, 9223372036831975807
1, 1521, 0, 9223372036854775807, 0, 9223372036831960807
1, 1522, 0, 9223372036854775807, 0, 9223372036831945807
1, 1523, 0, 9223372036854775807, 0, 9223372036831930807
1, 1524, 0, 9223372036854775807, 0, 9223372036831915807
1, 1525, 0, 9223372036854775807, 0, 9223372036831900807
1, 1526, 0, 9223372036854775807, 0, 9223372036831885807
1, 1527, 0, 9223372036854775807, 0, 9223372036831870807
1, 1528, 0, 9223372036854775807, 0, 9223372036831855807
1, 1529, 0, 9223372036854775807, 0, 9223372036831840807
1, 153, 0, 9223372036854775807, 0, 9223372036852480807
1, 1530, 0, 9223372036854775807, 0, 9223372036831825807
1, 1531, 0, 9223372036854775807, 0, 9223372036831810807
1, 1532, 0, 9223372036854775807, 0, 9223372036831795807
1, 1533, 0, 9223372036854775807, 0, 9223372036831780807
1, 1534, 0, 9223372036854775807, 0, 9223372036831765807
1, 1535, 0, 9223372036854775807, 0, 9223372036831750807
1, 1536, 0, 9223372036854775807, 0, 9223372036831735807
1, 1537, 0, 9223372036854775807, 0, 9223372036831720807
1, 1538, 0, 9223372036854775807, 0, 9223372036831705807
1, 1539, 0, 9223372036854775807, 0, 9223372036831690807
1, 154, 0, 9223372036854775807, 0, 9223372036852465807
1, 1540, 0, 9223372036854775807, 0, 9223372036831675807
1, 1541, 0, 9223372036854775807, 0, 9223372036831660807
1, 1542, 0, 9223372036854775807, 0, 9223372036831645807
1, 1543, 0, 9223372036854775807, 0, 9223372036831630807
1, 1544, 0, 9223372036854775807, 0, 9223372036831615807
1, 1545, 0, 9223372036854775807, 0, 9223372036831600807
1, 1546, 0, 9223372036854775807, 0, 9223372036831585807
1, 1547, 0, 9223372036854775807, 0, 9223372036831570807
1, 1548, 0, 9223372036854775807, 0, 9223372036831555807
1, 1549, 0, 9223372036854775807, 0, 9223372036831540807
1, 155, 0, 9223372036854775807, 0, 9223372036852450807
1, 1550, 0, 9223372036854775807, 0, 9223372036831525807
1, 1551, 0, 9223372036854775807, 0, 9223372036831510807
1, 1552, 0, 9223372036854775807, 0, 9223372036831495807
1, 1553, 0, 9223372036854775807, 0, 9223372036831480807
1, 1554, 0, 9223372036854775807, 0, 9223372036831465807
1, 1555, 0, 9223372036854775807, 0, 9223372036831450807
1, 1556, 0, 9223372036854775807, 0, 9223372036831435807
1, 1557, 0, 9223372036854775807, 0, 9223372036831420807
1, 1558, 0, 9223372036854775807, 0, 9223372036831405807
1, 1559, 0, 9223372036854775807, 0, 9223372036831390807
1, 156, 0, 9223372036854775807, 0, 9223372036852435807
1, 1560, 0, 9223372036854775807, 0, 9223372036831375807
1, 1561, 0, 9223372036854775807, 0, 9223372036831360807
1, 1562, 0, 9223372036854775807, 0, 9223372036831345807
1, 1563, 0, 9223372036854775807, 0, 9223372036831330807
1, 1564, 0, 9223372036854775807, 0, 9223372036831315807
1, 1565, 0, 9223372036854775807, 0, 9223372036831300807
1, 1566, 0, 9223372036854775807, 0, 9223372036831285807
1, 1567, 0, 9223372036854775807, 0, 9223372036831270807
1, 1568, 0, 9223372036854775807, 0, 9223372036831255807
1, 1569, 0, 9223372036854775807, 0, 9223372036831240807
1, 157, 0, 9223372036854775807, 0, 9223372036852420807
1, 1570, 0, 9223372036854775807, 0, 9223372036831225807
1, 1571, 0, 9223372036854775807, 0, 9223372036831210807
1, 1572, 0, 9223372036854775807, 0, 9223372036831195807
1, 1573, 0, 9223372036854775807, 0, 9223372036831180807
1, 1574, 0, 9223372036854775807, 0, 9223372036831165807
1, 1575, 0, 9223372036854775807, 0, 9223372036831150807
1, 1576, 0, 9223372036854775807, 0, 9223372036831135807
1, 1577, 0, 9223372036854775807, 0, 9223372036831120807
1, 1578, 0, 9223372036854775807, 0, 9223372036831105807
1, 1579, 0, 9223372036854775807, 0, 9223372036831090807
1, 158, 0, 9223372036854775807, 0, 9223372036852405807
1, 1580, 0, 9223372036854775807, 0, 9223372036831075807
1, 1581, 0, 9223372036854775807, 0, 9223372036831060807
1, 1582, 0, 9223372036854775807, 0, 9223372036831045807
1, 1583, 0, 9223372036854775807, 0, 9223372036831030807
1, 1584, 0, 9223372036854775807, 0, 9223372036831015807
1, 1585, 0, 9223372036854775807, 0, 9223372036831000807
1, 1586, 0, 9223372036854775807, 0, 9223372036830985807
1, 1587, 0, 9223372036854775807, 0, 9223372036830970807
1, 1588, 0, 9223372036854775807, 0, 9223372036830955807
1, 1589, 0, 9223372036854775807, 0, 9223372036830940807
1, 159, 0, 9223372036854775807, 0, 9223372036852390807
1, 1590, 0, 9223372036854775807, 0, 9223372036830925807
1, 1591, 0, 9223372036854775807, 0, 9223372036830910807
1, 1592, 0, 9223372036854775807, 0, 9223372036830895807
1, 1593, 0, 9223372036854775807, 0, 9223372036830880807
1, 1594, 0, 9223372036854775807, 0, 9223372036830865807
1, 1595, 0, 9223372036854775807, 0, 9223372036830850807
1, 1596, 0, 9223372036854775807, 0, 9223372036830835807
1, 1597, 0, 9223372036854775807, 0, 9223372036830820807
1, 1598, 0, 9223372036854775807, 0, 9223372036830805807
1, 1599, 0, 9223372036854775807, 0, 9223372036830790807
1, 16, 0, 9223372036854775807, 0, 9223372036854535807
1, 160, 0, 9223372036854775807, 0, 9223372036852375807
1, 1600, 0, 9223372036854775807, 0, 9223372036830775807
1, 1601, 0, 9223372036854775807, 0, 9223372036830760807
1, 1602, 0, 9223372036854775807, 0, 9223372036830745807
1, 1603, 0, 9223372036854775807, 0, 9223372036830730807
1, 1604, 0, 9223372036854775807, 0, 9223372036830715807
1, 1605, 0, 9223372036854775807, 0, 9223372036830700807
1, 1606, 0, 9223372036854775807, 0, 9223372036830685807
1, 1607, 0, 9223372036854775807, 0, 9223372036830670807
1, 1608, 0, 9223372036854775807, 0, 9223372036830655807
1, 1609, 0, 9223372036854775807, 0, 9223372036830640807
1, 161, 0, 9223372036854775807, 0, 9223372036852360807
1, 1610, 0, 9223372036854775807, 0, 9223372036830625807
1, 1611, 0, 9223372036854775807, 0, 9223372036830610807
1, 1612, 0, 9223372036854775807, 0, 9223372036830595807
1, 1613, 0, 9223372036854775807, 0, 9223372036830580807
1, 1614, 0, 9223372036854775807, 0, 9223372036830565807
1, 1615, 0, 9223372036854775807, 0, 9223372036830550807
1, 1616, 0, 9223372036854775807, 0, 9223372036830535807
1, 1617, 0, 9223372036854775807, 0, 9223372036830520807
1, 1618, 0, 9223372036854775807, 0, 9223372036830505807
1, 1619, 0, 9223372036854775807, 0, 9223372036830490807
1, 162, 0, 9223372036854775807, 0, 9223372036852345807
1, 1620, 0, 9223372036854775807, 0, 9223372036830475807
1, 1621, 0, 9223372036854775807, 0, 9223372036830460807
1, 1622, 0, 9223372036854775807, 0, 9223372036830445807
1, 1623, 0, 9223372036854775807, 0, 9223372036830430807
1, 1624, 0, 9223372036854775807, 0, 9223372036830415807
1, 1625, 0, 9223372036854775807, 0, 9223372036830400807
1, 1626, 0, 9223372036854775807, 0, 9223372036830385807
1, 1627, 0, 9223372036854775807, 0, 9223372036830370807
1, 1628, 0, 9223372036854775807, 0, 9223372036830355807
1, 1629, 0, 9223372036854775807, 0, 9223372036830340807
1, 163, 0, 9223372036854775807, 0, 9223372036852330807
1, 1630, 0, 9223372036854775807, 0, 9223372036830325807
1, 1631, 0, 9223372036854775807, 0, 9223372036830310807
1, 1632, 0, 9223372036854775807, 0, 9223372036830295807
1, 1633, 0, 9223372036854775807, 0, 9223372036830280807
1, 1634, 0, 9223372036854775807, 0, 9223372036830265807
1, 1635, 0, 9223372036854775807, 0, 9223372036830250807
1, 1636, 0, 9223372036854775807, 0, 9223372036830235807
1, 1637, 0, 9223372036854775807, 0, 9223372036830220807
1, 1638, 0, 9223372036854775807, 0, 9223372036830205807
1, 1639, 0, 9223372036854775807, 0, 9223372036830190807
1, 164, 0, 9223372036854775807, 0, 9223372036852315807
1, 1640, 0, 9223372036854775807, 0, 9223372036830175807
1, 1641, 0, 9223372036854775807, 0, 9223372036830160807
1, 1642, 0, 9223372036854775807, 0, 9223372036830145807
1, 1643, 0, 9223372036854775807, 0, 9223372036830130807
1, 1644, 0, 9223372036854775807, 0, 9223372036830115807
1, 1645, 0, 9223372036854775807, 0, 9223372036830100807
1, 1646, 0, 9223372036854775807, 0, 9223372036830085807
1, 1647, 0, 9223372036854775807, 0, 9223372036830070807
1, 1648, 0, 9223372036854775807, 0, 9223372036830055807
1, 1649, 0, 9223372036854775807, 0, 9223372036830040807
1, 165, 0, 9223372036854775807, 0, 9223372036852300807
1, 1650, 0, 9223372036854775807, 0, 9223372036830025807
1, 1651, 0, 9223372036854775807, 0, 9223372036830010807
1, 1652, 0, 9223372036854775807, 0, 9223372036829995807
1, 1653, 0, 9223372036854775807, 0, 9223372036829980807
1, 1654, 0, 9223372036854775807, 0, 9223372036829965807
1, 1655, 0, 9223372036854775807, 0, 9223372036829950807
1, 1656, 0, 9223372036854775807, 0, 9223372036829935807
1, 1657, 0, 9223372036854775807, 0, 9223372036829920807
1, 1658, 0, 9223372036854775807, 0, 9223372036829905807
1, 1659, 0, 9223372036854775807, 0, 9223372036829890807
1, 166, 0, 9223372036854775807, 0, 9223372036852285807
1, 1660, 0, 9223372036854775807, 0, 9223372036829875807
1, 1661, 0, 9223372036854775807, 0, 9223372036829860807
1, 1662, 0, 9223372036854775807, 0, 9223372036829845807
1, 1663, 0, 9223372036854775807, 0, 9223372036829830807
1, 1664, 0, 9223372036854775807, 0, 9223372036829815807
1, 1665, 0, 9223372036854775807, 0, 9223372036829800807
1, 1666, 0, 9223372036854775807, 0, 9223372036829785807
1, 1667, 0, 9223372036854775807, 0, 9223372036829770807
1, 1668, 0, 9223372036854775807, 0, 9223372036829755807
1, 1669, 0, 9223372036854775807, 0, 9223372036829740807
1, 167, 0, 9223372036854775807, 0, 9223372036852270807
1, 1670, 0, 9223372036854775807, 0, 9223372036829725807
1, 1671, 0, 9223372036854775807, 0, 9223372036829710807
1, 1672, 0, 9223372036854775807, 0, 9223372036829695807
1, 1673, 0, 9223372036854775807, 0, 9223372036829680807
1, 1674, 0, 9223372036854775807, 0, 9223372036829665807
1, 1675, 0, 9223372036854775807, 0, 9223372036829650807
1, 1676, 0, 9223372036854775807, 0, 9223372036829635807
1, 1677, 0, 9223372036854775807, 0, 9223372036829620807
1, 1678, 0, 9223372036854775807, 0, 9223372036829605807
1, 1679, 0, 9223372036854775807, 0, 9223372036829590807
1, 168, 0, 9223372036854775807, 0, 9223372036852255807
1, 1680, 0, 9223372036854775807, 0, 9223372036829575807
1, 1681, 0, 9223372036854775807, 0, 9223372036829560807
1, 1682, 0, 9223372036854775807, 0, 9223372036829545807
1, 1683, 0, 9223372036854775807, 0, 9223372036829530807
1, 1684, 0, 9223372036854775807, 0, 9223372036829515807
1, 1685, 0, 9223372036854775807, 0, 9223372036829500807
1, 1686, 0, 9223372036854775807, 0, 9223372036829485807
1, 1687, 0, 9223372036854775807, 0, 9223372036829470807
1, 1688, 0, 9223372036854775807, 0, 9223372036829455807
1, 1689, 0, 9223372036854775807, 0, 9223372036829440807
1, 169, 0, 9223372036854775807, 0, 9223372036852240807
1, 1690, 0, 9223372036854775807, 0, 9223372036829425807
1, 1691, 0, 9223372036854775807, 0, 9223372036829410807
1, 1692, 0, 9223372036854775807, 0, 9223372036829395807
1, 1693, 0, 9223372036854775807, 0, 9223372036829380807
1, 1694, 0, 9223372036854775807, 0, 9223372036829365807
1, 1695, 0, 9223372036854775807, 0, 9223372036829350807
1, 1696, 0, 9223372036854775807, 0, 9223372036829335807
1, 1697, 0, 9223372036854775807, 0, 9223372036829320807
1, 1698, 0, 9223372036854775807, 0, 9223372036829305807
1, 1699, 0, 9223372036854775807, 0, 9223372036829290807
1, 17, 0, 9223372036854775807, 0, 9223372036854520807
1, 170, 0, 9223372036854775807, 0, 9223372036852225807
1, 1700, 0, 9223372036854775807, 0, 9223372036829275807
1, 1701, 0, 9223372036854775807, 0, 9223372036829260807
1, 1702, 0, 9223372036854775807, 0, 9223372036829245807
1, 1703, 0, 9223372036854775807, 0, 9223372036829230807
1, 1704, 0, 9223372036854775807, 0, 9223372036829215807
1, 1705, 0, 9223372036854775807, 0, 9223372036829200807
1, 1706, 0, 9223372036854775807, 0, 9223372036829185807
1, 1707, 0, 9223372036854775807, 0, 9223372036829170807
1, 1708, 0, 9223372036854775807, 0, 9223372036829155807
1, 1709, 0, 9223372036854775807, 0, 9223372036829140807
1, 171, 0, 9223372036854775807, 0, 9223372036852210807
1, 1710, 0, 9223372036854775807, 0, 9223372036829125807
1, 1711, 0, 9223372036854775807, 0, 9223372036829110807
1, 1712, 0, 9223372036854775807, 0, 9223372036829095807
1, 1713, 0, 9223372036854775807, 0, 9223372036829080807
1, 1714, 0, 9223372036854775807, 0, 9223372036829065807
1, 1715, 0, 9223372036854775807, 0, 9223372036829050807
1, 1716, 0, 9223372036854775807, 0, 9223372036829035807
1, 1717, 0, 9223372036854775807, 0, 9223372036829020807
1, 1718, 0, 9223372036854775807, 0, 9223372036829005807
1, 1719, 0, 9223372036854775807, 0, 9223372036828990807
1, 172, 0, 9223372036854775807, 0, 9223372036852195807
1, 1720, 0, 9223372036854775807, 0, 9223372036828975807
1, 1721, 0, 9223372036854775807, 0, 9223372036828960807
1, 1722, 0, 9223372036854775807, 0, 9223372036828945807
1, 1723, 0, 9223372036854775807, 0, 9223372036828930807
1, 1724, 0, 9223372036854775807, 0, 9223372036828915807
1, 1725, 0, 9223372036854775807, 0, 9223372036828900807
1, 1726, 0, 9223372036854775807, 0, 9223372036828885807
1, 1727, 0, 9223372036854775807, 0, 9223372036828870807
1, 1728, 0, 9223372036854775807, 0, 9223372036828855807
1, 1729, 0, 9223372036854775807, 0, 9223372036828840807
1, 173, 0, 9223372036854775807, 0, 9223372036852180807
1, 1730, 0, 9223372036854775807, 0, 9223372036828825807
1, 1731, 0, 9223372036854775807, 0, 9223372036828810807
1, 1732, 0, 9223372036854775807, 0, 9223372036828795807
1, 1733, 0, 9223372036854775807, 0, 9223372036828780807
1, 1734, 0, 9223372036854775807, 0, 9223372036828765807
1, 1735, 0, 9223372036854775807, 0, 9223372036828750807
1, 1736, 0, 9223372036854775807, 0, 9223372036828735807
1, 1737, 0, 9223372036854775807, 0, 9223372036828720807
1, 1738, 0, 9223372036854775807, 0, 9223372036828705807
1, 1739, 0, 9223372036854775807, 0, 9223372036828690807
1, 174, 0, 9223372036854775807, 0, 9223372036852165807
1, 1740, 0, 9223372036854775807, 0, 9223372036828675807
1, 1741, 0, 9223372036854775807, 0, 9223372036828660807
1, 1742, 0, 9223372036854775807, 0, 9223372036828645807
1, 1743, 0, 9223372036854775807, 0, 9223372036828630807
1, 1744, 0, 9223372036854775807, 0, 9223372036828615807
1, 1745, 0, 9223372036854775807, 0, 9223372036828600807
1, 1746, 0, 9223372036854775807, 0, 9223372036828585807
1, 1747, 0, 9223372036854775807, 0, 9223372036828570807
1, 1748, 0, 9223372036854775807, 0, 9223372036828555807
1, 1749, 0, 9223372036854775807, 0, 9223372036828540807
1, 175, 0, 9223372036854775807, 0, 9223372036852150807
1, 1750, 0, 9223372036854775807, 0, 9223372036828525807
1, 1751, 0, 9223372036854775807, 0, 9223372036828510807
1, 1752, 0, 9223372036854775807, 0, 9223372036828495807
1, 1753, 0, 9223372036854775807, 0, 9223372036828480807
1, 1754, 0, 9223372036854775807, 0, 9223372036828465807
1, 1755, 0, 9223372036854775807, 0, 9223372036828450807
1, 1756, 0, 9223372036854775807, 0, 9223372036828435807
1, 1757, 0, 9223372036854775807, 0, 9223372036828420807
1, 1758, 0, 9223372036854775807, 0, 9223372036828405807
1, 1759, 0, 9223372036854775807, 0, 9223372036828390807
1, 176, 0, 9223372036854775807, 0, 9223372036852135807
1, 1760, 0, 9223372036854775807, 0, 9223372036828375807
1, 1761, 0, 9223372036854775807, 0, 9223372036828360807
1, 1762, 0, 9223372036854775807, 0, 9223372036828345807
1, 1763, 0, 9223372036854775807, 0, 9223372036828330807
1, 1764, 0, 9223372036854775807, 0, 9223372036828315807
1, 1765, 0, 9223372036854775807, 0, 9223372036828300807
1, 1766, 0, 9223372036854775807, 0, 9223372036828285807
1, 1767, 0, 9223372036854775807, 0, 9223372036828270807
1, 1768, 0, 9223372036854775807, 0, 9223372036828255807
1, 1769, 0, 9223372036854775807, 0, 9223372036828240807
1, 177, 0, 9223372036854775807, 0, 9223372036852120807
1, 1770, 0, 9223372036854775807, 0, 9223372036828225807
1, 1771, 0, 9223372036854775807, 0, 9223372036828210807
1, 1772, 0, 9223372036854775807, 0, 9223372036828195807
1, 1773, 0, 9223372036854775807, 0, 9223372036828180807
1, 1774, 0, 9223372036854775807, 0, 9223372036828165807
1, 1775, 0, 9223372036854775807, 0, 9223372036828150807
1, 1776, 0, 9223372036854775807, 0, 9223372036828135807
1, 1777, 0, 9223372036854775807, 0, 9223372036828120807
1, 1778, 0, 9223372036854775807, 0, 9223372036828105807
1, 1779, 0, 9223372036854775807, 0, 9223372036828090807
1, 178, 0, 9223372036854775807, 0, 9223372036852105807
1, 1780, 0, 9223372036854775807, 0, 9223372036828075807
1, 1781, 0, 9223372036854775807, 0, 9223372036828060807
1, 1782, 0, 9223372036854775807, 0, 9223372036828045807
1, 1783, 0, 9223372036854775807, 0, 9223372036828030807
1, 1784, 0, 9223372036854775807, 0, 9223372036828015807
1, 1785, 0, 9223372036854775807, 0, 9223372036828000807
1, 1786, 0, 9223372036854775807, 0, 9223372036827985807
1, 1787, 0, 9223372036854775807, 0, 9223372036827970807
1, 1788, 0, 9223372036854775807, 0, 9223372036827955807
1, 1789, 0, 9223372036854775807, 0, 9223372036827940807
1, 179, 0, 9223372036854775807, 0, 9223372036852090807
1, 1790, 0, 9223372036854775807, 0, 9223372036827925807
1, 1791, 0, 9223372036854775807, 0, 9223372036827910807
1, 1792, 0, 9223372036854775807, 0, 9223372036827895807
1, 1793, 0, 9223372036854775807, 0, 9223372036827880807
1, 1794, 0, 9223372036854775807, 0, 9223372036827865807
1, 1795, 0, 9223372036854775807, 0, 9223372036827850807
1, 1796, 0, 9223372036854775807, 0, 9223372036827835807
1, 1797, 0, 9223372036854775807, 0, 9223372036827820807
1, 1798, 0, 9223372036854775807, 0, 9223372036827805807
1, 1799, 0, 9223372036854775807, 0, 9223372036827790807
1, 18, 0, 9223372036854775807, 0, 9223372036854505807
1, 180, 0, 9223372036854775807, 0, 9223372036852075807
1, 1800, 0, 9223372036854775807, 0, 9223372036827775807
1, 1801, 0, 9223372036854775807, 0, 9223372036827760807
1, 1802, 0, 9223372036854775807, 0, 9223372036827745807
1, 1803, 0, 9223372036854775807, 0, 9223372036827730807
1, 1804, 0, 9223372036854775807, 0, 9223372036827715807
1, 1805, 0, 9223372036854775807, 0, 9223372036827700807
1, 1806, 0, 9223372036854775807, 0, 9223372036827685807
1, 1807, 0, 9223372036854775807, 0, 9223372036827670807
1, 1808, 0, 9223372036854775807, 0, 9223372036827655807
1, 1809, 0, 9223372036854775807, 0, 9223372036827640807
1, 181, 0, 9223372036854775807, 0, 9223372036852060807
1, 1810, 0, 9223372036854775807, 0, 9223372036827625807
1, 1811, 0, 9223372036854775807, 0, 9223372036827610807
1, 1812, 0, 9223372036854775807, 0, 9223372036827595807
1, 1813, 0, 9223372036854775807, 0, 9223372036827580807
1, 1814, 0, 9223372036854775807, 0, 9223372036827565807
1, 1815, 0, 9223372036854775807, 0, 9223372036827550807
1, 1816, 0, 9223372036854775807, 0, 9223372036827535807
1, 1817, 0, 9223372036854775807, 0, 9223372036827520807
1, 1818, 0, 9223372036854775807, 0, 9223372036827505807
1, 1819, 0, 9223372036854775807, 0, 9223372036827490807
1, 182, 0, 9223372036854775807, 0, 9223372036852045807
1, 1820, 0, 9223372036854775807, 0, 9223372036827475807
1, 1821, 0, 9223372036854775807, 0, 9223372036827460807
1, 1822, 0, 9223372036854775807, 0, 9223372036827445807
1, 1823, 0, 9223372036854775807, 0, 9223372036827430807
1, 1824, 0, 9223372036854775807, 0, 9223372036827415807
1, 1825, 0, 9223372036854775807, 0, 9223372036827400807
1, 1826, 0, 9223372036854775807, 0, 9223372036827385807
1, 1827, 0, 9223372036854775807, 0, 9223372036827370807
1, 1828, 0, 9223372036854775807, 0, 9223372036827355807
1, 1829, 0, 9223372036854775807, 0, 9223372036827340807
1, 183, 0, 9223372036854775807, 0, 9223372036852030807
1, 1830, 0, 9223372036854775807, 0, 9223372036827325807
1, 1831, 0, 9223372036854775807, 0, 9223372036827310807
1, 1832, 0, 9223372036854775807, 0, 9223372036827295807
1, 1833, 0, 9223372036854775807, 0, 9223372036827280807
1, 1834, 0, 9223372036854775807, 0, 9223372036827265807
1, 1835, 0, 9223372036854775807, 0, 9223372036827250807
1, 1836, 0, 9223372036854775807, 0, 9223372036827235807
1, 1837, 0, 9223372036854775807, 0, 9223372036827220807
1, 1838, 0, 9223372036854775807, 0, 9223372036827205807
1, 1839, 0, 9223372036854775807, 0, 9223372036827190807
1, 184, 0, 9223372036854775807, 0, 9223372036852015807
1, 1840, 0, 9223372036854775807, 0, 9223372036827175807
1, 1841, 0, 9223372036854775807, 0, 9223372036827160807
1, 1842, 0, 9223372036854775807, 0, 9223372036827145807
1, 1843, 0, 9223372036854775807, 0, 9223372036827130807
1, 1844, 0, 9223372036854775807, 0, 9223372036827115807
1, 1845, 0, 9223372036854775807, 0, 9223372036827100807
1, 1846, 0, 9223372036854775807, 0, 9223372036827085807
1, 1847, 0, 9223372036854775807, 0, 9223372036827070807
1, 1848, 0, 9223372036854775807, 0, 9223372036827055807
1, 1849, 0, 9223372036854775807, 0, 9223372036827040807
1, 185, 0, 9223372036854775807, 0, 9223372036852000807
1, 1850, 0, 9223372036854775807, 0, 9223372036827025807
1, 1851, 0, 9223372036854775807, 0, 9223372036827010807
1, 1852, 0, 9223372036854775807, 0, 9223372036826995807
1, 1853, 0, 9223372036854775807, 0, 9223372036826980807
1, 1854, 0, 9223372036854775807, 0, 9223372036826965807
1, 1855, 0, 9223372036854775807, 0, 9223372036826950807
1, 1856, 0, 9223372036854775807, 0, 9223372036826935807
1, 1857, 0, 9223372036854775807, 0, 9223372036826920807
1, 1858, 0, 9223372036854775807, 0, 9223372036826905807
1, 1859, 0, 9223372036854775807, 0, 9223372036826890807
1, 186, 0, 9223372036854775807, 0, 9223372036851985807
1, 1860, 0, 9223372036854775807, 0, 9223372036826875807
1, 1861, 0, 9223372036854775807, 0, 9223372036826860807
1, 1862, 0, 9223372036854775807, 0, 9223372036826845807
1, 1863, 0, 9223372036854775807, 0, 9223372036826830807
1, 1864, 0, 9223372036854775807, 0, 9223372036826815807
1, 1865, 0, 9223372036854775807, 0, 9223372036826800807
1, 1866, 0, 9223372036854775807, 0, 9223372036826785807
1, 1867, 0, 9223372036854775807, 0, 9223372036826770807
1, 1868, 0, 9223372036854775807, 0, 9223372036826755807
1, 1869, 0, 9223372036854775807, 0, 9223372036826740807
1, 187, 0, 9223372036854775807, 0, 9223372036851970807
1, 1870, 0, 9223372036854775807, 0, 9223372036826725807
1, 1871, 0, 9223372036854775807, 0, 9223372036826710807
1, 1872, 0, 9223372036854775807, 0, 9223372036826695807
1, 1873, 0, 9223372036854775807, 0, 9223372036826680807
1, 1874, 0, 9223372036854775807, 0, 9223372036826665807
1, 1875, 0, 9223372036854775807, 0, 9223372036826650807
1, 1876, 0, 9223372036854775807, 0, 9223372036826635807
1, 1877, 0, 9223372036854775807, 0, 9223372036826620807
1, 1878, 0, 9223372036854775807, 0, 9223372036826605807
1, 1879, 0, 9223372036854775807, 0, 9223372036826590807
1, 188, 0, 9223372036854775807, 0, 9223372036851955807
1, 1880, 0, 9223372036854775807, 0, 9223372036826575807
1, 1881, 0, 9223372036854775807, 0, 9223372036826560807
1, 1882, 0, 9223372036854775807, 0, 9223372036826545807
1, 1883, 0, 9223372036854775807, 0, 9223372036826530807
1, 1884, 0, 9223372036854775807, 0, 9223372036826515807
1, 1885, 0, 9223372036854775807, 0, 9223372036826500807
1, 1886, 0, 9223372036854775807, 0, 9223372036826485807
1, 1887, 0, 9223372036854775807, 0, 9223372036826470807
1, 1888, 0, 9223372036854775807, 0, 9223372036826455807
1, 1889, 0, 9223372036854775807, 0, 9223372036826440807
1, 189, 0, 9223372036854775807, 0, 9223372036851940807
1, 1890, 0, 9223372036854775807, 0, 9223372036826425807
1, 1891, 0, 9223372036854775807, 0, 9223372036826410807
1, 1892, 0, 9223372036854775807, 0, 9223372036826395807
1, 1893, 0, 9223372036854775807, 0, 9223372036826380807
1, 1894, 0, 9223372036854775807, 0, 9223372036826365807
1, 1895, 0, 9223372036854775807, 0, 9223372036826350807
1, 1896, 0, 9223372036854775807, 0, 9223372036826335807
1, 1897, 0, 9223372036854775807, 0, 9223372036826320807
1, 1898, 0, 9223372036854775807, 0, 9223372036826305807
1, 1899, 0, 9223372036854775807, 0, 9223372036826290807
1, 19, 0, 9223372036854775807, 0, 9223372036854490807
1, 190, 0, 9223372036854775807, 0, 9223372036851925807
1, 1900, 0, 9223372036854775807, 0, 9223372036826275807
1, 1901, 0, 9223372036854775807, 0, 9223372036826260807
1, 1902, 0, 9223372036854775807, 0, 9223372036826245807
1, 1903, 0, 9223372036854775807, 0, 9223372036826230807
1, 1904, 0, 9223372036854775807, 0, 9223372036826215807
1, 1905, 0, 9223372036854775807, 0, 9223372036826200807
1, 1906, 0, 9223372036854775807, 0, 9223372036826185807
1, 1907, 0, 9223372036854775807, 0, 9223372036826170807
1, 1908, 0, 9223372036854775807, 0, 9223372036826155807
1, 1909, 0, 9223372036854775807, 0, 9223372036826140807
1, 191, 0, 9223372036854775807, 0, 9223372036851910807
1, 1910, 0, 9223372036854775807, 0, 9223372036826125807
1, 1911, 0, 9223372036854775807, 0, 9223372036826110807
1, 1912, 0, 9223372036854775807, 0, 9223372036826095807
1, 1913, 0, 9223372036854775807, 0, 9223372036826080807
1, 1914, 0, 9223372036854775807, 0, 9223372036826065807
1, 1915, 0, 9223372036854775807, 0, 9223372036826050807
1, 1916, 0, 9223372036854775807, 0, 9223372036826035807
1, 1917, 0, 9223372036854775807, 0, 9223372036826020807
1, 1918, 0, 9223372036854775807, 0, 9223372036826005807
1, 1919, 0, 9223372036854775807, 0, 9223372036825990807
1, 192, 0, 9223372036854775807, 0, 9223372036851895807
1, 1920, 0, 9223372036854775807, 0, 9223372036825975807
1, 1921, 0, 9223372036854775807, 0, 9223372036825960807
1, 1922, 0, 9223372036854775807, 0, 9223372036825945807
1, 1923, 0, 9223372036854775807, 0, 9223372036825930807
1, 1924, 0, 9223372036854775807, 0, 9223372036825915807
1, 1925, 0, 9223372036854775807, 0, 9223372036825900807
1, 1926, 0, 9223372036854775807, 0, 9223372036825885807
1, 1927, 0, 9223372036854775807, 0, 9223372036825870807
1, 1928, 0, 9223372036854775807, 0, 9223372036825855807
1, 1929, 0, 9223372036854775807, 0, 9223372036825840807
1, 193, 0, 9223372036854775807, 0, 9223372036851880807
1, 1930, 0, 9223372036854775807, 0, 9223372036825825807
1, 1931, 0, 9223372036854775807, 0, 9223372036825810807
1, 1932, 0, 9223372036854775807, 0, 9223372036825795807
1, 1933, 0, 9223372036854775807, 0, 9223372036825780807
1, 1934, 0, 9223372036854775807, 0, 9223372036825765807
1, 1935, 0, 9223372036854775807, 0, 9223372036825750807
1, 1936, 0, 9223372036854775807, 0, 9223372036825735807
1, 1937, 0, 9223372036854775807, 0, 9223372036825720807
1, 1938, 0, 9223372036854775807, 0, 9223372036825705807
1, 1939, 0, 9223372036854775807, 0, 9223372036825690807
1, 194, 0, 9223372036854775807, 0, 9223372036851865807
1, 1940, 0, 9223372036854775807, 0, 9223372036825675807
1, 1941, 0, 9223372036854775807, 0, 9223372036825660807
1, 1942, 0, 9223372036854775807, 0, 9223372036825645807
1, 1943, 0, 9223372036854775807, 0, 9223372036825630807
1, 1944, 0, 9223372036854775807, 0, 9223372036825615807
1, 1945, 0, 9223372036854775807, 0, 9223372036825600807
1, 1946, 0, 9223372036854775807, 0, 9223372036825585807
1, 1947, 0, 9223372036854775807, 0, 9223372036825570807
1, 1948, 0, 9223372036854775807, 0, 9223372036825555807
1, 1949, 0, 9223372036854775807, 0, 9223372036825540807
1, 195, 0, 9223372036854775807, 0, 9223372036851850807
1, 1950, 0, 9223372036854775807, 0, 9223372036825525807
1, 1951, 0, 9223372036854775807, 0, 9223372036825510807
1, 1952, 0, 9223372036854775807, 0, 9223372036825495807
1, 1953, 0, 9223372036854775807, 0, 9223372036825480807
1, 1954, 0, 9223372036854775807, 0, 9223372036825465807
1, 1955, 0, 9223372036854775807, 0, 9223372036825450807
1, 1956, 0, 9223372036854775807, 0, 9223372036825435807
1, 1957, 0, 9223372036854775807, 0, 9223372036825420807
1, 1958, 0, 9223372036854775807, 0, 9223372036825405807
1, 1959, 0, 9223372036854775807, 0, 9223372036825390807
1, 196, 0, 9223372036854775807, 0, 9223372036851835807
1, 1960, 0, 9223372036854775807, 0, 9223372036825375807
1, 1961, 0, 9223372036854775807, 0, 9223372036825360807
1, 1962, 0, 9223372036854775807, 0, 9223372036825345807
1, 1963, 0, 9223372036854775807, 0, 9223372036825330807
1, 1964, 0, 9223372036854775807, 0, 9223372036825315807
1, 1965, 0, 9223372036854775807, 0, 9223372036825300807
1, 1966, 0, 9223372036854775807, 0, 9223372036825285807
1, 1967, 0, 9223372036854775807, 0, 9223372036825270807
1, 1968, 0, 9223372036854775807, 0, 9223372036825255807
1, 1969, 0, 9223372036854775807, 0, 9223372036825240807
1, 197, 0, 9223372036854775807, 0, 9223372036851820807
1, 1970, 0, 9223372036854775807, 0, 9223372036825225807
1, 1971, 0, 9223372036854775807, 0, 9223372036825210807
1, 1972, 0, 9223372036854775807, 0, 9223372036825195807
1, 1973, 0, 9223372036854775807, 0, 9223372036825180807
1, 1974, 0, 9223372036854775807, 0, 9223372036825165807
1, 1975, 0, 9223372036854775807, 0, 9223372036825150807
1, 1976, 0, 9223372036854775807, 0, 9223372036825135807
1, 1977, 0, 9223372036854775807, 0, 9223372036825120807
1, 1978, 0, 9223372036854775807, 0, 9223372036825105807
1, 1979, 0, 9223372036854775807, 0, 9223372036825090807
1, 198, 0, 9223372036854775807, 0, 9223372036851805807
1, 1980, 0, 9223372036854775807, 0, 9223372036825075807
1, 1981, 0, 9223372036854775807, 0, 9223372036825060807
1, 1982, 0, 9223372036854775807, 0, 9223372036825045807
1, 1983, 0, 9223372036854775807, 0, 9223372036825030807
1, 1984, 0, 9223372036854775807, 0, 9223372036825015807
1, 1985, 0, 9223372036854775807, 0, 9223372036825000807
1, 1986, 0, 9223372036854775807, 0, 9223372036824985807
1, 1987, 0, 9223372036854775807, 0, 9223372036824970807
1, 1988, 0, 9223372036854775807, 0, 9223372036824955807
1, 1989, 0, 9223372036854775807, 0, 9223372036824940807
1, 199, 0, 9223372036854775807, 0, 9223372036851790807
1, 1990, 0, 9223372036854775807, 0, 9223372036824925807
1, 1991, 0, 9223372036854775807, 0, 9223372036824910807
1, 1992, 0, 9223372036854775807, 0, 9223372036824895807
1, 1993, 0, 9223372036854775807, 0, 9223372036824880807
1, 1994, 0, 9223372036854775807, 0, 9223372036824865807
1, 1995, 0, 9223372036854775807, 0, 9223372036824850807
1, 1996, 0, 9223372036854775807, 0, 9223372036824835807
1, 1997, 0, 9223372036854775807, 0, 9223372036824820807
1, 1998, 0, 9223372036854775807, 0, 9223372036824805807
1, 1999, 0, 9223372036854775807, 0, 9223372036824790807
1, 2, 0, 9223372036854775807, 0, 9223372036854745807
1, 20, 0, 9223372036854775807, 0, 9223372036854475807
1, 200, 0, 9223372036854775807, 0, 9223372036851775807
1, 2000, 0, 9223372036854775807, 0, 9223372036824775807
1, 2001, 0, 9223372036854775807, 0, 9223372036824760807
1, 2002, 0, 9223372036854775807, 0, 9223372036824745807
1, 2003, 0, 9223372036854775807, 0, 9223372036824730807
1, 2004, 0, 9223372036854775807, 0, 9223372036824715807
1, 2005, 0, 9223372036854775807, 0, 9223372036824700807
1, 2006, 0, 9223372036854775807, 0, 9223372036824685807
1, 2007, 0, 9223372036854775807, 0, 9223372036824670807
1, 2008, 0, 9223372036854775807, 0, 9223372036824655807
1, 2009, 0, 9223372036854775807, 0, 9223372036824640807
1, 201, 0, 9223372036854775807, 0, 9223372036851760807
1, 2010, 0, 9223372036854775807, 0, 9223372036824625807
1, 2011, 0, 9223372036854775807, 0, 9223372036824610807
1, 2012, 0, 9223372036854775807, 0, 9223372036824595807
1, 2013, 0, 9223372036854775807, 0, 9223372036824580807
1, 2014, 0, 9223372036854775807, 0, 9223372036824565807
1, 2015, 0, 9223372036854775807, 0, 9223372036824550807
1, 2016, 0, 9223372036854775807, 0, 9223372036824535807
1, 2017, 0, 9223372036854775807, 0, 9223372036824520807
1, 2018, 0, 9223372036854775807, 0, 9223372036824505807
1, 2019, 0, 9223372036854775807, 0, 9223372036824490807
1, 202, 0, 9223372036854775807, 0, 9223372036851745807
1, 2020, 0, 9223372036854775807, 0, 9223372036824475807
1, 2021, 0, 9223372036854775807, 0, 9223372036824460807
1, 2022, 0, 9223372036854775807, 0, 9223372036824445807
1, 2023, 0, 9223372036854775807, 0, 9223372036824430807
1, 2024, 0, 9223372036854775807, 0, 9223372036824415807
1, 2025, 0, 9223372036854775807, 0, 9223372036824400807
1, 2026, 0, 9223372036854775807, 0, 9223372036824385807
1, 2027, 0, 9223372036854775807, 0, 9223372036824370807
1, 2028, 0, 9223372036854775807, 0, 9223372036824355807
1, 2029, 0, 9223372036854775807, 0, 9223372036824340807
1, 203, 0, 9223372036854775807, 0, 9223372036851730807
1, 2030, 0, 9223372036854775807, 0, 9223372036824325807
1, 2031, 0, 9223372036854775807, 0, 9223372036824310807
1, 2032, 0, 9223372036854775807, 0, 9223372036824295807
1, 2033, 0, 9223372036854775807, 0, 9223372036824280807
1, 2034, 0, 9223372036854775807, 0, 9223372036824265807
1, 2035, 0, 9223372036854775807, 0, 9223372036824250807
1, 2036, 0, 9223372036854775807, 0, 9223372036824235807
1, 2037, 0, 9223372036854775807, 0, 9223372036824220807
1, 2038, 0, 9223372036854775807, 0, 9223372036824205807
1, 2039, 0, 9223372036854775807, 0, 9223372036824190807
1, 204, 0, 9223372036854775807, 0, 9223372036851715807
1, 2040, 0, 9223372036854775807, 0, 9223372036824175807
1, 2041, 0, 9223372036854775807, 0, 9223372036824160807
1, 2042, 0, 9223372036854775807, 0, 9223372036824145807
1, 2043, 0, 9223372036854775807, 0, 9223372036824130807
1, 2044, 0, 9223372036854775807, 0, 9223372036824115807
1, 2045, 0, 9223372036854775807, 0, 9223372036824100807
1, 2046, 0, 9223372036854775807, 0, 9223372036824085807
1, 2047, 0, 9223372036854775807, 0, 9223372036824070807
1, 2048, 0, 9223372036854775807, 0, 9223372036824055807
1, 2049, 0, 9223372036854775807, 0, 9223372036824040807
1, 205, 0, 9223372036854775807, 0, 9223372036851700807
1, 2050, 0, 9223372036854775807, 0, 9223372036824025807
1, 2051, 0, 9223372036854775807, 0, 9223372036824010807
1, 2052, 0, 9223372036854775807, 0, 9223372036823995807
1, 2053, 0, 9223372036854775807, 0, 9223372036823980807
1, 2054, 0, 9223372036854775807, 0, 9223372036823965807
1, 2055, 0, 9223372036854775807, 0, 9223372036823950807
1, 2056, 0, 9223372036854775807, 0, 9223372036823935807
1, 2057, 0, 9223372036854775807, 0, 9223372036823920807
1, 2058, 0, 9223372036854775807, 0, 9223372036823905807
1, 2059, 0, 9223372036854775807, 0, 9223372036823890807
1, 206, 0, 9223372036854775807, 0, 9223372036851685807
1, 2060, 0, 9223372036854775807, 0, 9223372036823875807
1, 2061, 0, 9223372036854775807, 0, 9223372036823860807
1, 2062, 0, 9223372036854775807, 0, 9223372036823845807
1, 2063, 0, 9223372036854775807, 0, 9223372036823830807
1, 2064, 0, 9223372036854775807, 0, 9223372036823815807
1, 2065, 0, 9223372036854775807, 0, 9223372036823800807
1, 2066, 0, 9223372036854775807, 0, 9223372036823785807
1, 2067, 0, 9223372036854775807, 0, 9223372036823770807
1, 2068, 0, 9223372036854775807, 0, 9223372036823755807
1, 2069, 0, 9223372036854775807, 0, 9223372036823740807
1, 207, 0, 9223372036854775807, 0, 9223372036851670807
1, 2070, 0, 9223372036854775807, 0, 9223372036823725807
1, 2071, 0, 9223372036854775807, 0, 9223372036823710807
1, 2072, 0, 9223372036854775807, 0, 9223372036823695807
1, 2073, 0, 9223372036854775807, 0, 9223372036823680807
1, 2074, 0, 9223372036854775807, 0, 9223372036823665807
1, 2075, 0, 9223372036854775807, 0, 9223372036823650807
1, 2076, 0, 9223372036854775807, 0, 9223372036823635807
1, 2077, 0, 9223372036854775807, 0, 9223372036823620807
1, 2078, 0, 9223372036854775807, 0, 9223372036823605807
1, 2079, 0, 9223372036854775807, 0, 9223372036823590807
1, 208, 0, 9223372036854775807, 0, 9223372036851655807
1, 2080, 0, 9223372036854775807, 0, 9223372036823575807
1, 2081, 0, 9223372036854775807, 0, 9223372036823560807
1, 2082, 0, 9223372036854775807, 0, 9223372036823545807
1, 2083, 0, 9223372036854775807, 0, 9223372036823530807
1, 2084, 0, 9223372036854775807, 0, 9223372036823515807
1, 2085, 0, 9223372036854775807, 0, 9223372036823500807
1, 2086, 0, 9223372036854775807, 0, 9223372036823485807
1, 2087, 0, 9223372036854775807, 0, 9223372036823470807
1, 2088, 0, 9223372036854775807, 0, 9223372036823455807
1, 2089, 0, 9223372036854775807, 0, 9223372036823440807
1, 209, 0, 9223372036854775807, 0, 9223372036851640807
1, 2090, 0, 9223372036854775807, 0, 9223372036823425807
1, 2091, 0, 9223372036854775807, 0, 9223372036823410807
1, 2092, 0, 9223372036854775807, 0, 9223372036823395807
1, 2093, 0, 9223372036854775807, 0, 9223372036823380807
1, 2094, 0, 9223372036854775807, 0, 9223372036823365807
1, 2095, 0, 9223372036854775807, 0, 9223372036823350807
1, 2096, 0, 9223372036854775807, 0, 9223372036823335807
1, 2097, 0, 9223372036854775807, 0, 9223372036823320807
1, 2098, 0, 9223372036854775807, 0, 9223372036823305807
1, 2099, 0, 9223372036854775807, 0, 9223372036823290807
1, 21, 0, 9223372036854775807, 0, 9223372036854460807
1, 210, 0, 9223372036854775807, 0, 9223372036851625807
1, 2100, 0, 9223372036854775807, 0, 9223372036823275807
1, 2101, 0, 9223372036854775807, 0, 9223372036823260807
1, 2102, 0, 9223372036854775807, 0, 9223372036823245807
1, 2103, 0, 9223372036854775807, 0, 9223372036823230807
1, 2104, 0, 9223372036854775807, 0, 9223372036823215807
1, 2105, 0, 9223372036854775807, 0, 9223372036823200807
1, 2106, 0, 9223372036854775807, 0, 9223372036823185807
1, 2107, 0, 9223372036854775807, 0, 9223372036823170807
1, 2108, 0, 9223372036854775807, 0, 9223372036823155807
1, 2109, 0, 9223372036854775807, 0, 9223372036823140807
1, 211, 0, 9223372036854775807, 0, 9223372036851610807
1, 2110, 0, 9223372036854775807, 0, 9223372036823125807
1, 2111, 0, 9223372036854775807, 0, 9223372036823110807
1, 2112, 0, 9223372036854775807, 0, 9223372036823095807
1, 2113, 0, 9223372036854775807, 0, 9223372036823080807
1, 2114, 0, 9223372036854775807, 0, 9223372036823065807
1, 2115, 0, 9223372036854775807, 0, 9223372036823050807
1, 2116, 0, 9223372036854775807, 0, 9223372036823035807
1, 2117, 0, 9223372036854775807, 0, 9223372036823020807
1, 2118, 0, 9223372036854775807, 0, 9223372036823005807
1, 2119, 0, 9223372036854775807, 0, 9223372036822990807
1, 212, 0, 9223372036854775807, 0, 9223372036851595807
1, 2120, 0, 9223372036854775807, 0, 9223372036822975807
1, 2121, 0, 9223372036854775807, 0, 9223372036822960807
1, 2122, 0, 9223372036854775807, 0, 9223372036822945807
1, 2123, 0, 9223372036854775807, 0, 9223372036822930807
1, 2124, 0, 9223372036854775807, 0, 9223372036822915807
1, 2125, 0, 9223372036854775807, 0, 9223372036822900807
1, 2126, 0, 9223372036854775807, 0, 9223372036822885807
1, 2127, 0, 9223372036854775807, 0, 9223372036822870807
1, 2128, 0, 9223372036854775807, 0, 9223372036822855807
1, 2129, 0, 9223372036854775807, 0, 9223372036822840807
1, 213, 0, 9223372036854775807, 0, 9223372036851580807
1, 2130, 0, 9223372036854775807, 0, 9223372036822825807
1, 2131, 0, 9223372036854775807, 0, 9223372036822810807
1, 2132, 0, 9223372036854775807, 0, 9223372036822795807
1, 2133, 0, 9223372036854775807, 0, 9223372036822780807
1, 2134, 0, 9223372036854775807, 0, 9223372036822765807
1, 2135, 0, 9223372036854775807, 0, 9223372036822750807
1, 2136, 0, 9223372036854775807, 0, 9223372036822735807
1, 2137, 0, 9223372036854775807, 0, 9223372036822720807
1, 2138, 0, 9223372036854775807, 0, 9223372036822705807
1, 2139, 0, 9223372036854775807, 0, 9223372036822690807
1, 214, 0, 9223372036854775807, 0, 9223372036851565807
1, 2140, 0, 9223372036854775807, 0, 9223372036822675807
1, 2141, 0, 9223372036854775807, 0, 9223372036822660807
1, 2142, 0, 9223372036854775807, 0, 9223372036822645807
1, 2143, 0, 9223372036854775807, 0, 9223372036822630807
1, 2144, 0, 9223372036854775807, 0, 9223372036822615807
1, 2145, 0, 9223372036854775807, 0, 9223372036822600807
1, 2146, 0, 9223372036854775807, 0, 9223372036822585807
1, 2147, 0, 9223372036854775807, 0, 9223372036822570807
1, 2148, 0, 9223372036854775807, 0, 9223372036822555807
1, 2149, 0, 9223372036854775807, 0, 9223372036822540807
1, 215, 0, 9223372036854775807, 0, 9223372036851550807
1, 2150, 0, 9223372036854775807, 0, 9223372036822525807
1, 2151, 0, 9223372036854775807, 0, 9223372036822510807
1, 2152, 0, 9223372036854775807, 0, 9223372036822495807
1, 2153, 0, 9223372036854775807, 0, 9223372036822480807
1, 2154, 0, 9223372036854775807, 0, 9223372036822465807
1, 2155, 0, 9223372036854775807, 0, 9223372036822450807
1, 2156, 0, 9223372036854775807, 0, 9223372036822435807
1, 2157, 0, 9223372036854775807, 0, 9223372036822420807
1, 2158, 0, 9223372036854775807, 0, 9223372036822405807
1, 2159, 0, 9223372036854775807, 0, 9223372036822390807
1, 216, 0, 9223372036854775807, 0, 9223372036851535807
1, 2160, 0, 9223372036854775807, 0, 9223372036822375807
1, 2161, 0, 9223372036854775807, 0, 9223372036822360807
1, 2162, 0, 9223372036854775807, 0, 9223372036822345807
1, 2163, 0, 9223372036854775807, 0, 9223372036822330807
1, 2164, 0, 9223372036854775807, 0, 9223372036822315807
1, 2165, 0, 9223372036854775807, 0, 9223372036822300807
1, 2166, 0, 9223372036854775807, 0, 9223372036822285807
1, 2167, 0, 9223372036854775807, 0, 9223372036822270807
1, 2168, 0, 9223372036854775807, 0, 9223372036822255807
1, 2169, 0, 9223372036854775807, 0, 9223372036822240807
1, 217, 0, 9223372036854775807, 0, 9223372036851520807
1, 2170, 0, 9223372036854775807, 0, 9223372036822225807
1, 2171, 0, 9223372036854775807, 0, 9223372036822210807
1, 2172, 0, 9223372036854775807, 0, 9223372036822195807
1, 2173, 0, 9223372036854775807, 0, 9223372036822180807
1, 2174, 0, 9223372036854775807, 0, 9223372036822165807
1, 2175, 0, 9223372036854775807, 0, 9223372036822150807
1, 2176, 0, 9223372036854775807, 0, 9223372036822135807
1, 2177, 0, 9223372036854775807, 0, 9223372036822120807
1, 2178, 0, 9223372036854775807, 0, 9223372036822105807
1, 2179, 0, 9223372036854775807, 0, 9223372036822090807
1, 218, 0, 9223372036854775807, 0, 9223372036851505807
1, 2180, 0, 9223372036854775807, 0, 9223372036822075807
1, 2181, 0, 9223372036854775807, 0, 9223372036822060807
1, 2182, 0, 9223372036854775807, 0, 9223372036822045807
1, 2183, 0, 9223372036854775807, 0, 9223372036822030807
1, 2184, 0, 9223372036854775807, 0, 9223372036822015807
1, 2185, 0, 9223372036854775807, 0, 9223372036822000807
1, 2186, 0, 9223372036854775807, 0, 9223372036821985807
1, 2187, 0, 9223372036854775807, 0, 9223372036821970807
1, 2188, 0, 9223372036854775807, 0, 9223372036821955807
1, 2189, 0, 9223372036854775807, 0, 9223372036821940807
1, 219, 0, 9223372036854775807, 0, 9223372036851490807
1, 2190, 0, 9223372036854775807, 0, 9223372036821925807
1, 2191, 0, 9223372036854775807, 0, 9223372036821910807
1, 2192, 0, 9223372036854775807, 0, 9223372036821895807
1, 2193, 0, 9223372036854775807, 0, 9223372036821880807
1, 2194, 0, 9223372036854775807, 0, 9223372036821865807
1, 2195, 0, 9223372036854775807, 0, 9223372036821850807
1, 2196, 0, 9223372036854775807, 0, 9223372036821835807
1, 2197, 0, 9223372036854775807, 0, 9223372036821820807
1, 2198, 0, 9223372036854775807, 0, 9223372036821805807
1, 2199, 0, 9223372036854775807, 0, 9223372036821790807
1, 22, 0, 9223372036854775807, 0, 9223372036854445807
1, 220, 0, 9223372036854775807, 0, 9223372036851475807
1, 2200, 0, 9223372036854775807, 0, 9223372036821775807
1, 2201, 0, 9223372036854775807, 0, 9223372036821760807
1, 2202, 0, 9223372036854775807, 0, 9223372036821745807
1, 2203, 0, 9223372036854775807, 0, 9223372036821730807
1, 2204, 0, 9223372036854775807, 0, 9223372036821715807
1, 2205, 0, 9223372036854775807, 0, 9223372036821700807
1, 2206, 0, 9223372036854775807, 0, 9223372036821685807
1, 2207, 0, 9223372036854775807, 0, 9223372036821670807
1, 2208, 0, 9223372036854775807, 0, 9223372036821655807
1, 2209, 0, 9223372036854775807, 0, 9223372036821640807
1, 221, 0, 9223372036854775807, 0, 9223372036851460807
1, 2210, 0, 9223372036854775807, 0, 9223372036821625807
1, 2211, 0, 9223372036854775807, 0, 9223372036821610807
1, 2212, 0, 9223372036854775807, 0, 9223372036821595807
1, 2213, 0, 9223372036854775807, 0, 9223372036821580807
1, 2214, 0, 9223372036854775807, 0, 9223372036821565807
1, 2215, 0, 9223372036854775807, 0, 9223372036821550807
1, 2216, 0, 9223372036854775807, 0, 9223372036821535807
1, 2217, 0, 9223372036854775807, 0, 9223372036821520807
1, 2218, 0, 9223372036854775807, 0, 9223372036821505807
1, 2219, 0, 9223372036854775807, 0, 9223372036821490807
1, 222, 0, 9223372036854775807, 0, 9223372036851445807
1, 2220, 0, 9223372036854775807, 0, 9223372036821475807
1, 2221, 0, 9223372036854775807, 0, 9223372036821460807
1, 2222, 0, 9223372036854775807, 0, 9223372036821445807
1, 2223, 0, 9223372036854775807, 0, 9223372036821430807
1, 2224, 0, 9223372036854775807, 0, 9223372036821415807
1, 2225, 0, 9223372036854775807, 0, 9223372036821400807
1, 2226, 0, 9223372036854775807, 0, 9223372036821385807
1, 2227, 0, 9223372036854775807, 0, 9223372036821370807
1, 2228, 0, 9223372036854775807, 0, 9223372036821355807
1, 2229, 0, 9223372036854775807, 0, 9223372036821340807
1, 223, 0, 9223372036854775807, 0, 9223372036851430807
1, 2230, 0, 9223372036854775807, 0, 9223372036821325807
1, 2231, 0, 9223372036854775807, 0, 9223372036821310807
1, 2232, 0, 9223372036854775807, 0, 9223372036821295807
1, 2233, 0, 9223372036854775807, 0, 9223372036821280807
1, 2234, 0, 9223372036854775807, 0, 9223372036821265807
1, 2235, 0, 9223372036854775807, 0, 9223372036821250807
1, 2236, 0, 9223372036854775807, 0, 9223372036821235807
1, 2237, 0, 9223372036854775807, 0, 9223372036821220807
1, 2238, 0, 9223372036854775807, 0, 9223372036821205807
1, 2239, 0, 9223372036854775807, 0, 9223372036821190807
1, 224, 0, 9223372036854775807, 0, 9223372036851415807
1, 2240, 0, 9223372036854775807, 0, 9223372036821175807
1, 2241, 0, 9223372036854775807, 0, 9223372036821160807
1, 2242, 0, 9223372036854775807, 0, 9223372036821145807
1, 2243, 0, 9223372036854775807, 0, 9223372036821130807
1, 2244, 0, 9223372036854775807, 0, 9223372036821115807
1, 2245, 0, 9223372036854775807, 0, 9223372036821100807
1, 2246, 0, 9223372036854775807, 0, 9223372036821085807
1, 2247, 0, 9223372036854775807, 0, 9223372036821070807
1, 2248, 0, 9223372036854775807, 0, 9223372036821055807
1, 2249, 0, 9223372036854775807, 0, 9223372036821040807
1, 225, 0, 9223372036854775807, 0, 9223372036851400807
1, 2250, 0, 9223372036854775807, 0, 9223372036821025807
1, 2251, 0, 9223372036854775807, 0, 9223372036821010807
1, 2252, 0, 9223372036854775807, 0, 9223372036820995807
1, 2253, 0, 9223372036854775807, 0, 9223372036820980807
1, 2254, 0, 9223372036854775807, 0, 9223372036820965807
1, 2255, 0, 9223372036854775807, 0, 9223372036820950807
1, 2256, 0, 9223372036854775807, 0, 9223372036820935807
1, 2257, 0, 9223372036854775807, 0, 9223372036820920807
1, 2258, 0, 9223372036854775807, 0, 9223372036820905807
1, 2259, 0, 9223372036854775807, 0, 9223372036820890807
1, 226, 0, 9223372036854775807, 0, 9223372036851385807
1, 2260, 0, 9223372036854775807, 0, 9223372036820875807
1, 2261, 0, 9223372036854775807, 0, 9223372036820860807
1, 2262, 0, 9223372036854775807, 0, 9223372036820845807
1, 2263, 0, 9223372036854775807, 0, 9223372036820830807
1, 2264, 0, 9223372036854775807, 0, 9223372036820815807
1, 2265, 0, 9223372036854775807, 0, 9223372036820800807
1, 2266, 0, 9223372036854775807, 0, 9223372036820785807
1, 2267, 0, 9223372036854775807, 0, 9223372036820770807
1, 2268, 0, 9223372036854775807, 0, 9223372036820755807
1, 2269, 0, 9223372036854775807, 0, 9223372036820740807
1, 227, 0, 9223372036854775807, 0, 9223372036851370807
1, 2270, 0, 9223372036854775807, 0, 9223372036820725807
1, 2271, 0, 9223372036854775807, 0, 9223372036820710807
1, 2272, 0, 9223372036854775807, 0, 9223372036820695807
1, 2273, 0, 9223372036854775807, 0, 9223372036820680807
1, 2274, 0, 9223372036854775807, 0, 9223372036820665807
1, 2275, 0, 9223372036854775807, 0, 9223372036820650807
1, 2276, 0, 9223372036854775807, 0, 9223372036820635807
1, 2277, 0, 9223372036854775807, 0, 9223372036820620807
1, 2278, 0, 9223372036854775807, 0, 9223372036820605807
1, 2279, 0, 9223372036854775807, 0, 9223372036820590807
1, 228, 0, 9223372036854775807, 0, 9223372036851355807
1, 2280, 0, 9223372036854775807, 0, 9223372036820575807
1, 2281, 0, 9223372036854775807, 0, 9223372036820560807
1, 2282, 0, 9223372036854775807, 0, 9223372036820545807
1, 2283, 0, 9223372036854775807, 0, 9223372036820530807
1, 2284, 0, 9223372036854775807, 0, 9223372036820515807
1, 2285, 0, 9223372036854775807, 0, 9223372036820500807
1, 2286, 0, 9223372036854775807, 0, 9223372036820485807
1, 2287, 0, 9223372036854775807, 0, 9223372036820470807
1, 2288, 0, 9223372036854775807, 0, 9223372036820455807
1, 2289, 0, 9223372036854775807, 0, 9223372036820440807
1, 229, 0, 9223372036854775807, 0, 9223372036851340807
1, 2290, 0, 9223372036854775807, 0, 9223372036820425807
1, 2291, 0, 9223372036854775807, 0, 9223372036820410807
1, 2292, 0, 9223372036854775807, 0, 9223372036820395807
1, 2293, 0, 9223372036854775807, 0, 9223372036820380807
1, 2294, 0, 9223372036854775807, 0, 9223372036820365807
1, 2295, 0, 9223372036854775807, 0, 9223372036820350807
1, 2296, 0, 9223372036854775807, 0, 9223372036820335807
1, 2297, 0, 9223372036854775807, 0, 9223372036820320807
1, 2298, 0, 9223372036854775807, 0, 9223372036820305807
1, 2299, 0, 9223372036854775807, 0, 9223372036820290807
1, 23, 0, 9223372036854775807, 0, 9223372036854430807
1, 230, 0, 9223372036854775807, 0, 9223372036851325807
1, 2300, 0, 9223372036854775807, 0, 9223372036820275807
1, 2301, 0, 9223372036854775807, 0, 9223372036820260807
1, 2302, 0, 9223372036854775807, 0, 9223372036820245807
1, 2303, 0, 9223372036854775807, 0, 9223372036820230807
1, 2304, 0, 9223372036854775807, 0, 9223372036820215807
1, 2305, 0, 9223372036854775807, 0, 9223372036820200807
1, 2306, 0, 9223372036854775807, 0, 9223372036820185807
1, 2307, 0, 9223372036854775807, 0, 9223372036820170807
1, 2308, 0, 9223372036854775807, 0, 9223372036820155807
1, 2309, 0, 9223372036854775807, 0, 9223372036820140807
1, 231, 0, 9223372036854775807, 0, 9223372036851310807
1, 2310, 0, 9223372036854775807, 0, 9223372036820125807
1, 2311, 0, 9223372036854775807, 0, 9223372036820110807
1, 2312, 0, 9223372036854775807, 0, 9223372036820095807
1, 2313, 0, 9223372036854775807, 0, 9223372036820080807
1, 2314, 0, 9223372036854775807, 0, 9223372036820065807
1, 2315, 0, 9223372036854775807, 0, 9223372036820050807
1, 2316, 0, 9223372036854775807, 0, 9223372036820035807
1, 2317, 0, 9223372036854775807, 0, 9223372036820020807
1, 2318, 0, 9223372036854775807, 0, 9223372036820005807
1, 2319, 0, 9223372036854775807, 0, 9223372036819990807
1, 232, 0, 9223372036854775807, 0, 9223372036851295807
1, 2320, 0, 9223372036854775807, 0, 9223372036819975807
1, 2321, 0, 9223372036854775807, 0, 9223372036819960807
1, 2322, 0, 9223372036854775807, 0, 9223372036819945807
1, 2323, 0, 9223372036854775807, 0, 9223372036819930807
1, 2324, 0, 9223372036854775807, 0, 9223372036819915807
1, 2325, 0, 9223372036854775807, 0, 9223372036819900807
1, 2326, 0, 9223372036854775807, 0, 9223372036819885807
1, 2327, 0, 9223372036854775807, 0, 9223372036819870807
1, 2328, 0, 9223372036854775807, 0, 9223372036819855807
1, 2329, 0, 9223372036854775807, 0, 9223372036819840807
1, 233, 0, 9223372036854775807, 0, 9223372036851280807
1, 2330, 0, 9223372036854775807, 0, 9223372036819825807
1, 2331, 0, 9223372036854775807, 0, 9223372036819810807
1, 2332, 0, 9223372036854775807, 0, 9223372036819795807
1, 2333, 0, 9223372036854775807, 0, 9223372036819780807
1, 2334, 0, 9223372036854775807, 0, 9223372036819765807
1, 2335, 0, 9223372036854775807, 0, 9223372036819750807
1, 2336, 0, 9223372036854775807, 0, 9223372036819735807
1, 2337, 0, 9223372036854775807, 0, 9223372036819720807
1, 2338, 0, 9223372036854775807, 0, 9223372036819705807
1, 2339, 0, 9223372036854775807, 0, 9223372036819690807
1, 234, 0, 9223372036854775807, 0, 9223372036851265807
1, 2340, 0, 9223372036854775807, 0, 9223372036819675807
1, 2341, 0, 9223372036854775807, 0, 9223372036819660807
1, 2342, 0, 9223372036854775807, 0, 9223372036819645807
1, 2343, 0, 9223372036854775807, 0, 9223372036819630807
1, 2344, 0, 9223372036854775807, 0, 9223372036819615807
1, 2345, 0, 9223372036854775807, 0, 9223372036819600807
1, 2346, 0, 9223372036854775807, 0, 9223372036819585807
1, 2347, 0, 9223372036854775807, 0, 9223372036819570807
1, 2348, 0, 9223372036854775807, 0, 9223372036819555807
1, 2349, 0, 9223372036854775807, 0, 9223372036819540807
1, 235, 0, 9223372036854775807, 0, 9223372036851250807
1, 2350, 0, 9223372036854775807, 0, 9223372036819525807
1, 2351, 0, 9223372036854775807, 0, 9223372036819510807
1, 2352, 0, 9223372036854775807, 0, 9223372036819495807
1, 2353, 0, 9223372036854775807, 0, 9223372036819480807
1, 2354, 0, 9223372036854775807, 0, 9223372036819465807
1, 2355, 0, 9223372036854775807, 0, 9223372036819450807
1, 2356, 0, 9223372036854775807, 0, 9223372036819435807
1, 2357, 0, 9223372036854775807, 0, 9223372036819420807
1, 2358, 0, 9223372036854775807, 0, 9223372036819405807
1, 2359, 0, 9223372036854775807, 0, 9223372036819390807
1, 236, 0, 9223372036854775807, 0, 9223372036851235807
1, 2360, 0, 9223372036854775807, 0, 9223372036819375807
1, 2361, 0, 9223372036854775807, 0, 9223372036819360807
1, 2362, 0, 9223372036854775807, 0, 9223372036819345807
1, 2363, 0, 9223372036854775807, 0, 9223372036819330807
1, 2364, 0, 9223372036854775807, 0, 9223372036819315807
1, 2365, 0, 9223372036854775807, 0, 9223372036819300807
1, 2366, 0, 9223372036854775807, 0, 9223372036819285807
1, 2367, 0, 9223372036854775807, 0, 9223372036819270807
1, 2368, 0, 9223372036854775807, 0, 9223372036819255807
1, 2369, 0, 9223372036854775807, 0, 9223372036819240807
1, 237, 0, 9223372036854775807, 0, 9223372036851220807
1, 2370, 0, 9223372036854775807, 0, 9223372036819225807
1, 2371, 0, 9223372036854775807, 0, 9223372036819210807
1, 2372, 0, 9223372036854775807, 0, 9223372036819195807
1, 2373, 0, 9223372036854775807, 0, 9223372036819180807
1, 2374, 0, 9223372036854775807, 0, 9223372036819165807
1, 2375, 0, 9223372036854775807, 0, 9223372036819150807
1, 2376, 0, 9223372036854775807, 0, 9223372036819135807
1, 2377, 0, 9223372036854775807, 0, 9223372036819120807
1, 2378, 0, 9223372036854775807, 0, 9223372036819105807
1, 2379, 0, 9223372036854775807, 0, 9223372036819090807
1, 238, 0, 9223372036854775807, 0, 9223372036851205807
1, 2380, 0, 9223372036854775807, 0, 9223372036819075807
1, 2381, 0, 9223372036854775807, 0, 9223372036819060807
1, 2382, 0, 9223372036854775807, 0, 9223372036819045807
1, 2383, 0, 9223372036854775807, 0, 9223372036819030807
1, 2384, 0, 9223372036854775807, 0, 9223372036819015807
1, 2385, 0, 9223372036854775807, 0, 9223372036819000807
1, 2386, 0, 9223372036854775807, 0, 9223372036818985807
1, 2387, 0, 9223372036854775807, 0, 9223372036818970807
1, 2388, 0, 9223372036854775807, 0, 9223372036818955807
1, 2389, 0, 9223372036854775807, 0, 9223372036818940807
1, 239, 0, 9223372036854775807, 0, 9223372036851190807
1, 2390, 0, 9223372036854775807, 0, 9223372036818925807
1, 2391, 0, 9223372036854775807, 0, 9223372036818910807
1, 2392, 0, 9223372036854775807, 0, 9223372036818895807
1, 2393, 0, 9223372036854775807, 0, 9223372036818880807
1, 2394, 0, 9223372036854775807, 0, 9223372036818865807
1, 2395, 0, 9223372036854775807, 0, 9223372036818850807
1, 2396, 0, 9223372036854775807, 0, 9223372036818835807
1, 2397, 0, 9223372036854775807, 0, 9223372036818820807
1, 2398, 0, 9223372036854775807, 0, 9223372036818805807
1, 2399, 0, 9223372036854775807, 0, 9223372036818790807
1, 24, 0, 9223372036854775807, 0, 9223372036854415807
1, 240, 0, 9223372036854775807, 0, 9223372036851175807
1, 2400, 0, 9223372036854775807, 0, 9223372036818775807
1, 2401, 0, 9223372036854775807, 0, 9223372036818760807
1, 2402, 0, 9223372036854775807, 0, 9223372036818745807
1, 2403, 0, 9223372036854775807, 0, 9223372036818730807
1, 2404, 0, 9223372036854775807, 0, 9223372036818715807
1, 2405, 0, 9223372036854775807, 0, 9223372036818700807
1, 2406, 0, 9223372036854775807, 0, 9223372036818685807
1, 2407, 0, 9223372036854775807, 0, 9223372036818670807
1, 2408, 0, 9223372036854775807, 0, 9223372036818655807
1, 2409, 0, 9223372036854775807, 0, 9223372036818640807
1, 241, 0, 9223372036854775807, 0, 9223372036851160807
1, 2410, 0, 9223372036854775807, 0, 9223372036818625807
1, 2411, 0, 9223372036854775807, 0, 9223372036818610807
1, 2412, 0, 9223372036854775807, 0, 9223372036818595807
1, 2413, 0, 9223372036854775807, 0, 9223372036818580807
1, 2414, 0, 9223372036854775807, 0, 9223372036818565807
1, 2415, 0, 9223372036854775807, 0, 9223372036818550807
1, 2416, 0, 9223372036854775807, 0, 9223372036818535807
1, 2417, 0, 9223372036854775807, 0, 9223372036818520807
1, 2418, 0, 9223372036854775807, 0, 9223372036818505807
1, 2419, 0, 9223372036854775807, 0, 9223372036818490807
1, 242, 0, 9223372036854775807, 0, 9223372036851145807
1, 2420, 0, 9223372036854775807, 0, 9223372036818475807
1, 2421, 0, 9223372036854775807, 0, 9223372036818460807
1, 2422, 0, 9223372036854775807, 0, 9223372036818445807
1, 2423, 0, 9223372036854775807, 0, 9223372036818430807
1, 2424, 0, 9223372036854775807, 0, 9223372036818415807
1, 2425, 0, 9223372036854775807, 0, 9223372036818400807
1, 2426, 0, 9223372036854775807, 0, 9223372036818385807
1, 2427, 0, 9223372036854775807, 0, 9223372036818370807
1, 2428, 0, 9223372036854775807, 0, 9223372036818355807
1, 2429, 0, 9223372036854775807, 0, 9223372036818340807
1, 243, 0, 9223372036854775807, 0, 9223372036851130807
1, 2430, 0, 9223372036854775807, 0, 9223372036818325807
1, 2431, 0, 9223372036854775807, 0, 9223372036818310807
1, 2432, 0, 9223372036854775807, 0, 9223372036818295807
1, 2433, 0, 9223372036854775807, 0, 9223372036818280807
1, 2434, 0, 9223372036854775807, 0, 9223372036818265807
1, 2435, 0, 9223372036854775807, 0, 9223372036818250807
1, 2436, 0, 9223372036854775807, 0, 9223372036818235807
1, 2437, 0, 9223372036854775807, 0, 9223372036818220807
1, 2438, 0, 9223372036854775807, 0, 9223372036818205807
1, 2439, 0, 9223372036854775807, 0, 9223372036818190807
1, 244, 0, 9223372036854775807, 0, 9223372036851115807
1, 2440, 0, 9223372036854775807, 0, 9223372036818175807
1, 2441, 0, 9223372036854775807, 0, 9223372036818160807
1, 2442, 0, 9223372036854775807, 0, 9223372036818145807
1, 2443, 0, 9223372036854775807, 0, 9223372036818130807
1, 2444, 0, 9223372036854775807, 0, 9223372036818115807
1, 2445, 0, 9223372036854775807, 0, 9223372036818100807
1, 2446, 0, 9223372036854775807, 0, 9223372036818085807
1, 2447, 0, 9223372036854775807, 0, 9223372036818070807
1, 2448, 0, 9223372036854775807, 0, 9223372036818055807
1, 2449, 0, 9223372036854775807, 0, 9223372036818040807
1, 245, 0, 9223372036854775807, 0, 9223372036851100807
1, 2450, 0, 9223372036854775807, 0, 9223372036818025807
1, 2451, 0, 9223372036854775807, 0, 9223372036818010807
1, 2452, 0, 9223372036854775807, 0, 9223372036817995807
1, 2453, 0, 9223372036854775807, 0, 9223372036817980807
1, 2454, 0, 9223372036854775807, 0, 9223372036817965807
1, 2455, 0, 9223372036854775807, 0, 9223372036817950807
1, 2456, 0, 9223372036854775807, 0, 9223372036817935807
1, 2457, 0, 9223372036854775807, 0, 9223372036817920807
1, 2458, 0, 9223372036854775807, 0, 9223372036817905807
1, 2459, 0, 9223372036854775807, 0, 9223372036817890807
1, 246, 0, 9223372036854775807, 0, 9223372036851085807
1, 2460, 0, 9223372036854775807, 0, 9223372036817875807
1, 2461, 0, 9223372036854775807, 0, 9223372036817860807
1, 2462, 0, 9223372036854775807, 0, 9223372036817845807
1, 2463, 0, 9223372036854775807, 0, 9223372036817830807
1, 2464, 0, 9223372036854775807, 0, 9223372036817815807
1, 2465, 0, 9223372036854775807, 0, 9223372036817800807
1, 2466, 0, 9223372036854775807, 0, 9223372036817785807
1, 2467, 0, 9223372036854775807, 0, 9223372036817770807
1, 2468, 0, 9223372036854775807, 0, 9223372036817755807
1, 2469, 0, 9223372036854775807, 0, 9223372036817740807
1, 247, 0, 9223372036854775807, 0, 9223372036851070807
1, 2470, 0, 9223372036854775807, 0, 9223372036817725807
1, 2471, 0, 9223372036854775807, 0, 9223372036817710807
1, 2472, 0, 9223372036854775807, 0, 9223372036817695807
1, 2473, 0, 9223372036854775807, 0, 9223372036817680807
1, 2474, 0, 9223372036854775807, 0, 9223372036817665807
1, 2475, 0, 9223372036854775807, 0, 9223372036817650807
1, 2476, 0, 9223372036854775807, 0, 9223372036817635807
1, 2477, 0, 9223372036854775807, 0, 9223372036817620807
1, 2478, 0, 9223372036854775807, 0, 9223372036817605807
1, 2479, 0, 9223372036854775807, 0, 9223372036817590807
1, 248, 0, 9223372036854775807, 0, 9223372036851055807
1, 2480, 0, 9223372036854775807, 0, 9223372036817575807
1, 2481, 0, 9223372036854775807, 0, 9223372036817560807
1, 2482, 0, 9223372036854775807, 0, 9223372036817545807
1, 2483, 0, 9223372036854775807, 0, 9223372036817530807
1, 2484, 0, 9223372036854775807, 0, 9223372036817515807
1, 2485, 0, 9223372036854775807, 0, 9223372036817500807
1, 2486, 0, 9223372036854775807, 0, 9223372036817485807
1, 2487, 0, 9223372036854775807, 0, 9223372036817470807
1, 2488, 0, 9223372036854775807, 0, 9223372036817455807
1, 2489, 0, 9223372036854775807, 0, 9223372036817440807
1, 249, 0, 9223372036854775807, 0, 9223372036851040807
1, 2490, 0, 9223372036854775807, 0, 9223372036817425807
1, 2491, 0, 9223372036854775807, 0, 9223372036817410807
1, 2492, 0, 9223372036854775807, 0, 9223372036817395807
1, 2493, 0, 9223372036854775807, 0, 9223372036817380807
1, 2494, 0, 9223372036854775807, 0, 9223372036817365807
1, 2495, 0, 9223372036854775807, 0, 9223372036817350807
1, 2496, 0, 9223372036854775807, 0, 9223372036817335807
1, 2497, 0, 9223372036854775807, 0, 9223372036817320807
1, 2498, 0, 9223372036854775807, 0, 9223372036817305807
1, 2499, 0, 9223372036854775807, 0, 9223372036817290807
1, 25, 0, 9223372036854775807, 0, 9223372036854400807
1, 250, 0, 9223372036854775807, 0, 9223372036851025807
1, 2500, 0, 9223372036854775807, 0, 9223372036817275807
1, 2501, 0, 9223372036854775807, 0, 9223372036817260807
1, 2502, 0, 9223372036854775807, 0, 9223372036817245807
1, 2503, 0, 9223372036854775807, 0, 9223372036817230807
1, 2504, 0, 9223372036854775807, 0, 9223372036817215807
1, 2505, 0, 9223372036854775807, 0, 9223372036817200807
1, 2506, 0, 9223372036854775807, 0, 9223372036817185807
1, 2507, 0, 9223372036854775807, 0, 9223372036817170807
1, 2508, 0, 9223372036854775807, 0, 9223372036817155807
1, 2509, 0, 9223372036854775807, 0, 9223372036817140807
1, 251, 0, 9223372036854775807, 0, 9223372036851010807
1, 2510, 0, 9223372036854775807, 0, 9223372036817125807
1, 2511, 0, 9223372036854775807, 0, 9223372036817110807
1, 2512, 0, 9223372036854775807, 0, 9223372036817095807
1, 2513, 0, 9223372036854775807, 0, 9223372036817080807
1, 2514, 0, 9223372036854775807, 0, 9223372036817065807
1, 2515, 0, 9223372036854775807, 0, 9223372036817050807
1, 2516, 0, 9223372036854775807, 0, 9223372036817035807
1, 2517, 0, 9223372036854775807, 0, 9223372036817020807
1, 2518, 0, 9223372036854775807, 0, 9223372036817005807
1, 2519, 0, 9223372036854775807, 0, 9223372036816990807
1, 252, 0, 9223372036854775807, 0, 9223372036850995807
1, 2520, 0, 9223372036854775807, 0, 9223372036816975807
1, 2521, 0, 9223372036854775807, 0, 9223372036816960807
1, 2522, 0, 9223372036854775807, 0, 9223372036816945807
1, 2523, 0, 9223372036854775807, 0, 9223372036816930807
1, 2524, 0, 9223372036854775807, 0, 9223372036816915807
1, 2525, 0, 9223372036854775807, 0, 9223372036816900807
1, 2526, 0, 9223372036854775807, 0, 9223372036816885807
1, 2527, 0, 9223372036854775807, 0, 9223372036816870807
1, 2528, 0, 9223372036854775807, 0, 9223372036816855807
1, 2529, 0, 9223372036854775807, 0, 9223372036816840807
1, 253, 0, 9223372036854775807, 0, 9223372036850980807
1, 2530, 0, 9223372036854775807, 0, 9223372036816825807
1, 2531, 0, 9223372036854775807, 0, 9223372036816810807
1, 2532, 0, 9223372036854775807, 0, 9223372036816795807
1, 2533, 0, 9223372036854775807, 0, 9223372036816780807
1, 2534, 0, 9223372036854775807, 0, 9223372036816765807
1, 2535, 0, 9223372036854775807, 0, 9223372036816750807
1, 2536, 0, 9223372036854775807, 0, 9223372036816735807
1, 2537, 0, 9223372036854775807, 0, 9223372036816720807
1, 2538, 0, 9223372036854775807, 0, 9223372036816705807
1, 2539, 0, 9223372036854775807, 0, 9223372036816690807
1, 254, 0, 9223372036854775807, 0, 9223372036850965807
1, 2540, 0, 9223372036854775807, 0, 9223372036816675807
1, 2541, 0, 9223372036854775807, 0, 9223372036816660807
1, 2542, 0, 9223372036854775807, 0, 9223372036816645807
1, 2543, 0, 9223372036854775807, 0, 9223372036816630807
1, 2544, 0, 9223372036854775807, 0, 9223372036816615807
1, 2545, 0, 9223372036854775807, 0, 9223372036816600807
1, 2546, 0, 9223372036854775807, 0, 9223372036816585807
1, 2547, 0, 9223372036854775807, 0, 9223372036816570807
1, 2548, 0, 9223372036854775807, 0, 9223372036816555807
1, 2549, 0, 9223372036854775807, 0, 9223372036816540807
1, 255, 0, 9223372036854775807, 0, 9223372036850950807
1, 2550, 0, 9223372036854775807, 0, 9223372036816525807
1, 2551, 0, 9223372036854775807, 0, 9223372036816510807
1, 2552, 0, 9223372036854775807, 0, 9223372036816495807
1, 2553, 0, 9223372036854775807, 0, 9223372036816480807
1, 2554, 0, 9223372036854775807, 0, 9223372036816465807
1, 2555, 0, 9223372036854775807, 0, 9223372036816450807
1, 2556, 0, 9223372036854775807, 0, 9223372036816435807
1, 2557, 0, 9223372036854775807, 0, 9223372036816420807
1, 2558, 0, 9223372036854775807, 0, 9223372036816405807
1, 2559, 0, 9223372036854775807, 0, 9223372036816390807
1, 256, 0, 9223372036854775807, 0, 9223372036850935807
1, 2560, 0, 9223372036854775807, 0, 9223372036816375807
1, 2561, 0, 9223372036854775807, 0, 9223372036816360807
1, 2562, 0, 9223372036854775807, 0, 9223372036816345807
1, 2563, 0, 9223372036854775807, 0, 9223372036816330807
1, 2564, 0, 9223372036854775807, 0, 9223372036816315807
1, 2565, 0, 9223372036854775807, 0, 9223372036816300807
1, 2566, 0, 9223372036854775807, 0, 9223372036816285807
1, 2567, 0, 9223372036854775807, 0, 9223372036816270807
1, 2568, 0, 9223372036854775807, 0, 9223372036816255807
1, 2569, 0, 9223372036854775807, 0, 9223372036816240807
1, 257, 0, 9223372036854775807, 0, 9223372036850920807
1, 2570, 0, 9223372036854775807, 0, 9223372036816225807
1, 2571, 0, 9223372036854775807, 0, 9223372036816210807
1, 2572, 0, 9223372036854775807, 0, 9223372036816195807
1, 2573, 0, 9223372036854775807, 0, 9223372036816180807
1, 2574, 0, 9223372036854775807, 0, 9223372036816165807
1, 2575, 0, 9223372036854775807, 0, 9223372036816150807
1, 2576, 0, 9223372036854775807, 0, 9223372036816135807
1, 2577, 0, 9223372036854775807, 0, 9223372036816120807
1, 2578, 0, 9223372036854775807, 0, 9223372036816105807
1, 2579, 0, 9223372036854775807, 0, 9223372036816090807
1, 258, 0, 9223372036854775807, 0, 9223372036850905807
1, 2580, 0, 9223372036854775807, 0, 9223372036816075807
1, 2581, 0, 9223372036854775807, 0, 9223372036816060807
1, 2582, 0, 9223372036854775807, 0, 9223372036816045807
1, 2583, 0, 9223372036854775807, 0, 9223372036816030807
1, 2584, 0, 9223372036854775807, 0, 9223372036816015807
1, 2585, 0, 9223372036854775807, 0, 9223372036816000807
1, 2586, 0, 9223372036854775807, 0, 9223372036815985807
1, 2587, 0, 9223372036854775807, 0, 9223372036815970807
1, 2588, 0, 9223372036854775807, 0, 9223372036815955807
1, 2589, 0, 9223372036854775807, 0, 9223372036815940807
1, 259, 0, 9223372036854775807, 0, 9223372036850890807
1, 2590, 0, 9223372036854775807, 0, 9223372036815925807
1, 2591, 0, 9223372036854775807, 0, 9223372036815910807
1, 2592, 0, 9223372036854775807, 0, 9223372036815895807
1, 2593, 0, 9223372036854775807, 0, 9223372036815880807
1, 2594, 0, 9223372036854775807, 0, 9223372036815865807
1, 2595, 0, 9223372036854775807, 0, 9223372036815850807
1, 2596, 0, 9223372036854775807, 0, 9223372036815835807
1, 2597, 0, 9223372036854775807, 0, 9223372036815820807
1, 2598, 0, 9223372036854775807, 0, 9223372036815805807
1, 2599, 0, 9223372036854775807, 0, 9223372036815790807
1, 26, 0, 9223372036854775807, 0, 9223372036854385807
1, 260, 0, 9223372036854775807, 0, 9223372036850875807
1, 2600, 0, 9223372036854775807, 0, 9223372036815775807
1, 2601, 0, 9223372036854775807, 0, 9223372036815760807
1, 2602, 0, 9223372036854775807, 0, 9223372036815745807
1, 2603, 0, 9223372036854775807, 0, 9223372036815730807
1, 2604, 0, 9223372036854775807, 0, 9223372036815715807
1, 2605, 0, 9223372036854775807, 0, 9223372036815700807
1, 2606, 0, 9223372036854775807, 0, 9223372036815685807
1, 2607, 0, 9223372036854775807, 0, 9223372036815670807
1, 2608, 0, 9223372036854775807, 0, 9223372036815655807
1, 2609, 0, 9223372036854775807, 0, 9223372036815640807
1, 261, 0, 9223372036854775807, 0, 9223372036850860807
1, 2610, 0, 9223372036854775807, 0, 9223372036815625807
1, 2611, 0, 9223372036854775807, 0, 9223372036815610807
1, 2612, 0, 9223372036854775807, 0, 9223372036815595807
1, 2613, 0, 9223372036854775807, 0, 9223372036815580807
1, 2614, 0, 9223372036854775807, 0, 9223372036815565807
1, 2615, 0, 9223372036854775807, 0, 9223372036815550807
1, 2616, 0, 9223372036854775807, 0, 9223372036815535807
1, 2617, 0, 9223372036854775807, 0, 9223372036815520807
1, 2618, 0, 9223372036854775807, 0, 9223372036815505807
1, 2619, 0, 9223372036854775807, 0, 9223372036815490807
1, 262, 0, 9223372036854775807, 0, 9223372036850845807
1, 2620, 0, 9223372036854775807, 0, 9223372036815475807
1, 2621, 0, 9223372036854775807, 0, 9223372036815460807
1, 2622, 0, 9223372036854775807, 0, 9223372036815445807
1, 2623, 0, 9223372036854775807, 0, 9223372036815430807
1, 2624, 0, 9223372036854775807, 0, 9223372036815415807
1, 2625, 0, 9223372036854775807, 0, 9223372036815400807
1, 2626, 0, 9223372036854775807, 0, 9223372036815385807
1, 2627, 0, 9223372036854775807, 0, 9223372036815370807
1, 2628, 0, 9223372036854775807, 0, 9223372036815355807
1, 2629, 0, 9223372036854775807, 0, 9223372036815340807
1, 263, 0, 9223372036854775807, 0, 9223372036850830807
1, 2630, 0, 9223372036854775807, 0, 9223372036815325807
1, 2631, 0, 9223372036854775807, 0, 9223372036815310807
1, 2632, 0, 9223372036854775807, 0, 9223372036815295807
1, 2633, 0, 9223372036854775807, 0, 9223372036815280807
1, 2634, 0, 9223372036854775807, 0, 9223372036815265807
1, 2635, 0, 9223372036854775807, 0, 9223372036815250807
1, 2636, 0, 9223372036854775807, 0, 9223372036815235807
1, 2637, 0, 9223372036854775807, 0, 9223372036815220807
1, 2638, 0, 9223372036854775807, 0, 9223372036815205807
1, 2639, 0, 9223372036854775807, 0, 9223372036815190807
1, 264, 0, 9223372036854775807, 0, 9223372036850815807
1, 2640, 0, 9223372036854775807, 0, 9223372036815175807
1, 2641, 0, 9223372036854775807, 0, 9223372036815160807
1, 2642, 0, 9223372036854775807, 0, 9223372036815145807
1, 2643, 0, 9223372036854775807, 0, 9223372036815130807
1, 2644, 0, 9223372036854775807, 0, 9223372036815115807
1, 2645, 0, 9223372036854775807, 0, 9223372036815100807
1, 2646, 0, 9223372036854775807, 0, 9223372036815085807
1, 2647, 0, 9223372036854775807, 0, 9223372036815070807
1, 2648, 0, 9223372036854775807, 0, 9223372036815055807
1, 2649, 0, 9223372036854775807, 0, 9223372036815040807
1, 265, 0, 9223372036854775807, 0, 9223372036850800807
1, 2650, 0, 9223372036854775807, 0, 9223372036815025807
1, 2651, 0, 9223372036854775807, 0, 9223372036815010807
1, 2652, 0, 9223372036854775807, 0, 9223372036814995807
1, 2653, 0, 9223372036854775807, 0, 9223372036814980807
1, 2654, 0, 9223372036854775807, 0, 9223372036814965807
1, 2655, 0, 9223372036854775807, 0, 9223372036814950807
1, 2656, 0, 9223372036854775807, 0, 9223372036814935807
1, 2657, 0, 9223372036854775807, 0, 9223372036814920807
1, 2658, 0, 9223372036854775807, 0, 9223372036814905807
1, 2659, 0, 9223372036854775807, 0, 9223372036814890807
1, 266, 0, 9223372036854775807, 0, 9223372036850785807
1, 2660, 0, 9223372036854775807, 0, 9223372036814875807
1, 2661, 0, 9223372036854775807, 0, 9223372036814860807
1, 2662, 0, 9223372036854775807, 0, 9223372036814845807
1, 2663, 0, 9223372036854775807, 0, 9223372036814830807
1, 2664, 0, 9223372036854775807, 0, 9223372036814815807
1, 2665, 0, 9223372036854775807, 0, 9223372036814800807
1, 2666, 0, 9223372036854775807, 0, 9223372036814785807
1, 2667, 0, 9223372036854775807, 0, 9223372036814770807
1, 2668, 0, 9223372036854775807, 0, 9223372036814755807
1, 2669, 0, 9223372036854775807, 0, 9223372036814740807
1, 267, 0, 9223372036854775807, 0, 9223372036850770807
1, 2670, 0, 9223372036854775807, 0, 9223372036814725807
1, 2671, 0, 9223372036854775807, 0, 9223372036814710807
1, 2672, 0, 9223372036854775807, 0, 9223372036814695807
1, 2673, 0, 9223372036854775807, 0, 9223372036814680807
1, 2674, 0, 9223372036854775807, 0, 9223372036814665807
1, 2675, 0, 9223372036854775807, 0, 9223372036814650807
1, 2676, 0, 9223372036854775807, 0, 9223372036814635807
1, 2677, 0, 9223372036854775807, 0, 9223372036814620807
1, 2678, 0, 9223372036854775807, 0, 9223372036814605807
1, 2679, 0, 9223372036854775807, 0, 9223372036814590807
1, 268, 0, 9223372036854775807, 0, 9223372036850755807
1, 2680, 0, 9223372036854775807, 0, 9223372036814575807
1, 2681, 0, 9223372036854775807, 0, 9223372036814560807
1, 2682, 0, 9223372036854775807, 0, 9223372036814545807
1, 2683, 0, 9223372036854775807, 0, 9223372036814530807
1, 2684, 0, 9223372036854775807, 0, 9223372036814515807
1, 2685, 0, 9223372036854775807, 0, 9223372036814500807
1, 2686, 0, 9223372036854775807, 0, 9223372036814485807
1, 2687, 0, 9223372036854775807, 0, 9223372036814470807
1, 2688, 0, 9223372036854775807, 0, 9223372036814455807
1, 2689, 0, 9223372036854775807, 0, 9223372036814440807
1, 269, 0, 9223372036854775807, 0, 9223372036850740807
1, 2690, 0, 9223372036854775807, 0, 9223372036814425807
1, 2691, 0, 9223372036854775807, 0, 9223372036814410807
1, 2692, 0, 9223372036854775807, 0, 9223372036814395807
1, 2693, 0, 9223372036854775807, 0, 9223372036814380807
1, 2694, 0, 9223372036854775807, 0, 9223372036814365807
1, 2695, 0, 9223372036854775807, 0, 9223372036814350807
1, 2696, 0, 9223372036854775807, 0, 9223372036814335807
1, 2697, 0, 9223372036854775807, 0, 9223372036814320807
1, 2698, 0, 9223372036854775807, 0, 9223372036814305807
1, 2699, 0, 9223372036854775807, 0, 9223372036814290807
1, 27, 0, 9223372036854775807, 0, 9223372036854370807
1, 270, 0, 9223372036854775807, 0, 9223372036850725807
1, 2700, 0, 9223372036854775807, 0, 9223372036814275807
1, 2701, 0, 9223372036854775807, 0, 9223372036814260807
1, 2702, 0, 9223372036854775807, 0, 9223372036814245807
1, 2703, 0, 9223372036854775807, 0, 9223372036814230807
1, 2704, 0, 9223372036854775807, 0, 9223372036814215807
1, 2705, 0, 9223372036854775807, 0, 9223372036814200807
1, 2706, 0, 9223372036854775807, 0, 9223372036814185807
1, 2707, 0, 9223372036854775807, 0, 9223372036814170807
1, 2708, 0, 9223372036854775807, 0, 9223372036814155807
1, 2709, 0, 9223372036854775807, 0, 9223372036814140807
1, 271, 0, 9223372036854775807, 0, 9223372036850710807
1, 2710, 0, 9223372036854775807, 0, 9223372036814125807
1, 2711, 0, 9223372036854775807, 0, 9223372036814110807
1, 2712, 0, 9223372036854775807, 0, 9223372036814095807
1, 2713, 0, 9223372036854775807, 0, 9223372036814080807
1, 2714, 0, 9223372036854775807, 0, 9223372036814065807
1, 2715, 0, 9223372036854775807, 0, 9223372036814050807
1, 2716, 0, 9223372036854775807, 0, 9223372036814035807
1, 2717, 0, 9223372036854775807, 0, 9223372036814020807
1, 2718, 0, 9223372036854775807, 0, 9223372036814005807
1, 2719, 0, 9223372036854775807, 0, 9223372036813990807
1, 272, 0, 9223372036854775807, 0, 9223372036850695807
1, 2720, 0, 9223372036854775807, 0, 9223372036813975807
1, 2721, 0, 9223372036854775807, 0, 9223372036813960807
1, 2722, 0, 9223372036854775807, 0, 9223372036813945807
1, 2723, 0, 9223372036854775807, 0, 9223372036813930807
1, 2724, 0, 9223372036854775807, 0, 9223372036813915807
1, 2725, 0, 9223372036854775807, 0, 9223372036813900807
1, 2726, 0, 9223372036854775807, 0, 9223372036813885807
1, 2727, 0, 9223372036854775807, 0, 9223372036813870807
1, 2728, 0, 9223372036854775807, 0, 9223372036813855807
1, 2729, 0, 9223372036854775807, 0, 9223372036813840807
1, 273, 0, 9223372036854775807, 0, 9223372036850680807
1, 2730, 0, 9223372036854775807, 0, 9223372036813825807
1, 2731, 0, 9223372036854775807, 0, 9223372036813810807
1, 2732, 0, 9223372036854775807, 0, 9223372036813795807
1, 2733, 0, 9223372036854775807, 0, 9223372036813780807
1, 2734, 0, 9223372036854775807, 0, 9223372036813765807
1, 2735, 0, 9223372036854775807, 0, 9223372036813750807
1, 2736, 0, 9223372036854775807, 0, 9223372036813735807
1, 2737, 0, 9223372036854775807, 0, 9223372036813720807
1, 2738, 0, 9223372036854775807, 0, 9223372036813705807
1, 2739, 0, 9223372036854775807, 0, 9223372036813690807
1, 274, 0, 9223372036854775807, 0, 9223372036850665807
1, 2740, 0, 9223372036854775807, 0, 9223372036813675807
1, 2741, 0, 9223372036854775807, 0, 9223372036813660807
1, 2742, 0, 9223372036854775807, 0, 9223372036813645807
1, 2743, 0, 9223372036854775807, 0, 9223372036813630807
1, 2744, 0, 9223372036854775807, 0, 9223372036813615807
1, 2745, 0, 9223372036854775807, 0, 9223372036813600807
1, 2746, 0, 9223372036854775807, 0, 9223372036813585807
1, 2747, 0, 9223372036854775807, 0, 9223372036813570807
1, 2748, 0, 9223372036854775807, 0, 9223372036813555807
1, 2749, 0, 9223372036854775807, 0, 9223372036813540807
1, 275, 0, 9223372036854775807, 0, 9223372036850650807
1, 2750, 0, 9223372036854775807, 0, 9223372036813525807
1, 2751, 0, 9223372036854775807, 0, 9223372036813510807
1, 2752, 0, 9223372036854775807, 0, 9223372036813495807
1, 2753, 0, 9223372036854775807, 0, 9223372036813480807
1, 2754, 0, 9223372036854775807, 0, 9223372036813465807
1, 2755, 0, 9223372036854775807, 0, 9223372036813450807
1, 2756, 0, 9223372036854775807, 0, 9223372036813435807
1, 2757, 0, 9223372036854775807, 0, 9223372036813420807
1, 2758, 0, 9223372036854775807, 0, 9223372036813405807
1, 2759, 0, 9223372036854775807, 0, 9223372036813390807
1, 276, 0, 9223372036854775807, 0, 9223372036850635807
1, 2760, 0, 9223372036854775807, 0, 9223372036813375807
1, 2761, 0, 9223372036854775807, 0, 9223372036813360807
1, 2762, 0, 9223372036854775807, 0, 9223372036813345807
1, 2763, 0, 9223372036854775807, 0, 9223372036813330807
1, 2764, 0, 9223372036854775807, 0, 9223372036813315807
1, 2765, 0, 9223372036854775807, 0, 9223372036813300807
1, 2766, 0, 9223372036854775807, 0, 9223372036813285807
1, 2767, 0, 9223372036854775807, 0, 9223372036813270807
1, 2768, 0, 9223372036854775807, 0, 9223372036813255807
1, 2769, 0, 9223372036854775807, 0, 9223372036813240807
1, 277, 0, 9223372036854775807, 0, 9223372036850620807
1, 2770, 0, 9223372036854775807, 0, 9223372036813225807
1, 2771, 0, 9223372036854775807, 0, 9223372036813210807
1, 2772, 0, 9223372036854775807, 0, 9223372036813195807
1, 2773, 0, 9223372036854775807, 0, 9223372036813180807
1, 2774, 0, 9223372036854775807, 0, 9223372036813165807
1, 2775, 0, 9223372036854775807, 0, 9223372036813150807
1, 2776, 0, 9223372036854775807, 0, 9223372036813135807
1, 2777, 0, 9223372036854775807, 0, 9223372036813120807
1, 2778, 0, 9223372036854775807, 0, 9223372036813105807
1, 2779, 0, 9223372036854775807, 0, 9223372036813090807
1, 278, 0, 9223372036854775807, 0, 9223372036850605807
1, 2780, 0, 9223372036854775807, 0, 9223372036813075807
1, 2781, 0, 9223372036854775807, 0, 9223372036813060807
1, 2782, 0, 9223372036854775807, 0, 9223372036813045807
1, 2783, 0, 9223372036854775807, 0, 9223372036813030807
1, 2784, 0, 9223372036854775807, 0, 9223372036813015807
1, 2785, 0, 9223372036854775807, 0, 9223372036813000807
1, 2786, 0, 9223372036854775807, 0, 9223372036812985807
1, 2787, 0, 9223372036854775807, 0, 9223372036812970807
1, 2788, 0, 9223372036854775807, 0, 9223372036812955807
1, 2789, 0, 9223372036854775807, 0, 9223372036812940807
1, 279, 0, 9223372036854775807, 0, 9223372036850590807
1, 2790, 0, 9223372036854775807, 0, 9223372036812925807
1, 2791, 0, 9223372036854775807, 0, 9223372036812910807
1, 2792, 0, 9223372036854775807, 0, 9223372036812895807
1, 2793, 0, 9223372036854775807, 0, 9223372036812880807
1, 2794, 0, 9223372036854775807, 0, 9223372036812865807
1, 2795, 0, 9223372036854775807, 0, 9223372036812850807
1, 2796, 0, 9223372036854775807, 0, 9223372036812835807
1, 2797, 0, 9223372036854775807, 0, 9223372036812820807
1, 2798, 0, 9223372036854775807, 0, 9223372036812805807
1, 2799, 0, 9223372036854775807, 0, 9223372036812790807
1, 28, 0, 9223372036854775807, 0, 9223372036854355807
1, 280, 0, 9223372036854775807, 0, 9223372036850575807
1, 2800, 0, 9223372036854775807, 0, 9223372036812775807
1, 2801, 0, 9223372036854775807, 0, 9223372036812760807
1, 2802, 0, 9223372036854775807, 0, 9223372036812745807
1, 2803, 0, 9223372036854775807, 0, 9223372036812730807
1, 2804, 0, 9223372036854775807, 0, 9223372036812715807
1, 2805, 0, 9223372036854775807, 0, 9223372036812700807
1, 2806, 0, 9223372036854775807, 0, 9223372036812685807
1, 2807, 0, 9223372036854775807, 0, 9223372036812670807
1, 2808, 0, 9223372036854775807, 0, 9223372036812655807
1, 2809, 0, 9223372036854775807, 0, 9223372036812640807
1, 281, 0, 9223372036854775807, 0, 9223372036850560807
1, 2810, 0, 9223372036854775807, 0, 9223372036812625807
1, 2811, 0, 9223372036854775807, 0, 9223372036812610807
1, 2812, 0, 9223372036854775807, 0, 9223372036812595807
1, 2813, 0, 9223372036854775807, 0, 9223372036812580807
1, 2814, 0, 9223372036854775807, 0, 9223372036812565807
1, 2815, 0, 9223372036854775807, 0, 9223372036812550807
1, 2816, 0, 9223372036854775807, 0, 9223372036812535807
1, 2817, 0, 9223372036854775807, 0, 9223372036812520807
1, 2818, 0, 9223372036854775807, 0, 9223372036812505807
1, 2819, 0, 9223372036854775807, 0, 9223372036812490807
1, 282, 0, 9223372036854775807, 0, 9223372036850545807
1, 2820, 0, 9223372036854775807, 0, 9223372036812475807
1, 2821, 0, 9223372036854775807, 0, 9223372036812460807
1, 2822, 0, 9223372036854775807, 0, 9223372036812445807
1, 2823, 0, 9223372036854775807, 0, 9223372036812430807
1, 2824, 0, 9223372036854775807, 0, 9223372036812415807
1, 2825, 0, 9223372036854775807, 0, 9223372036812400807
1, 2826, 0, 9223372036854775807, 0, 9223372036812385807
1, 2827, 0, 9223372036854775807, 0, 9223372036812370807
1, 2828, 0, 9223372036854775807, 0, 9223372036812355807
1, 2829, 0, 9223372036854775807, 0, 9223372036812340807
1, 283, 0, 9223372036854775807, 0, 9223372036850530807
1, 2830, 0, 9223372036854775807, 0, 9223372036812325807
1, 2831, 0, 9223372036854775807, 0, 9223372036812310807
1, 2832, 0, 9223372036854775807, 0, 9223372036812295807
1, 2833, 0, 9223372036854775807, 0, 9223372036812280807
1, 2834, 0, 9223372036854775807, 0, 9223372036812265807
1, 2835, 0, 9223372036854775807, 0, 9223372036812250807
1, 2836, 0, 9223372036854775807, 0, 9223372036812235807
1, 2837, 0, 9223372036854775807, 0, 9223372036812220807
1, 2838, 0, 9223372036854775807, 0, 9223372036812205807
1, 2839, 0, 9223372036854775807, 0, 9223372036812190807
1, 284, 0, 9223372036854775807, 0, 9223372036850515807
1, 2840, 0, 9223372036854775807, 0, 9223372036812175807
1, 2841, 0, 9223372036854775807, 0, 9223372036812160807
1, 2842, 0, 9223372036854775807, 0, 9223372036812145807
1, 2843, 0, 9223372036854775807, 0, 9223372036812130807
1, 2844, 0, 9223372036854775807, 0, 9223372036812115807
1, 2845, 0, 9223372036854775807, 0, 9223372036812100807
1, 2846, 0, 9223372036854775807, 0, 9223372036812085807
1, 2847, 0, 9223372036854775807, 0, 9223372036812070807
1, 2848, 0, 9223372036854775807, 0, 9223372036812055807
1, 2849, 0, 9223372036854775807, 0, 9223372036812040807
1, 285, 0, 9223372036854775807, 0, 9223372036850500807
1, 2850, 0, 9223372036854775807, 0, 9223372036812025807
1, 2851, 0, 9223372036854775807, 0, 9223372036812010807
1, 2852, 0, 9223372036854775807, 0, 9223372036811995807
1, 2853, 0, 9223372036854775807, 0, 9223372036811980807
1, 2854, 0, 9223372036854775807, 0, 9223372036811965807
1, 2855, 0, 9223372036854775807, 0, 9223372036811950807
1, 2856, 0, 9223372036854775807, 0, 9223372036811935807
1, 2857, 0, 9223372036854775807, 0, 9223372036811920807
1, 2858, 0, 9223372036854775807, 0, 9223372036811905807
1, 2859, 0, 9223372036854775807, 0, 9223372036811890807
1, 286, 0, 9223372036854775807, 0, 9223372036850485807
1, 2860, 0, 9223372036854775807, 0, 9223372036811875807
1, 2861, 0, 9223372036854775807, 0, 9223372036811860807
1, 2862, 0, 9223372036854775807, 0, 9223372036811845807
1, 2863, 0, 9223372036854775807, 0, 9223372036811830807
1, 2864, 0, 9223372036854775807, 0, 9223372036811815807
1, 2865, 0, 9223372036854775807, 0, 9223372036811800807
1, 2866, 0, 9223372036854775807, 0, 9223372036811785807
1, 2867, 0, 9223372036854775807, 0, 9223372036811770807
1, 2868, 0, 9223372036854775807, 0, 9223372036811755807
1, 2869, 0, 9223372036854775807, 0, 9223372036811740807
1, 287, 0, 9223372036854775807, 0, 9223372036850470807
1, 2870, 0, 9223372036854775807, 0, 9223372036811725807
1, 2871, 0, 9223372036854775807, 0, 9223372036811710807
1, 2872, 0, 9223372036854775807, 0, 9223372036811695807
1, 2873, 0, 9223372036854775807, 0, 9223372036811680807
1, 2874, 0, 9223372036854775807, 0, 9223372036811665807
1, 2875, 0, 9223372036854775807, 0, 9223372036811650807
1, 2876, 0, 9223372036854775807, 0, 9223372036811635807
1, 2877, 0, 9223372036854775807, 0, 9223372036811620807
1, 2878, 0, 9223372036854775807, 0, 9223372036811605807
1, 2879, 0, 9223372036854775807, 0, 9223372036811590807
1, 288, 0, 9223372036854775807, 0, 9223372036850455807
1, 2880, 0, 9223372036854775807, 0, 9223372036811575807
1, 2881, 0, 9223372036854775807, 0, 9223372036811560807
1, 2882, 0, 9223372036854775807, 0, 9223372036811545807
1, 2883, 0, 9223372036854775807, 0, 9223372036811530807
1, 2884, 0, 9223372036854775807, 0, 9223372036811515807
1, 2885, 0, 9223372036854775807, 0, 9223372036811500807
1, 2886, 0, 9223372036854775807, 0, 9223372036811485807
1, 2887, 0, 9223372036854775807, 0, 9223372036811470807
1, 2888, 0, 9223372036854775807, 0, 9223372036811455807
1, 2889, 0, 9223372036854775807, 0, 9223372036811440807
1, 289, 0, 9223372036854775807, 0, 9223372036850440807
1, 2890, 0, 9223372036854775807, 0, 9223372036811425807
1, 2891, 0, 9223372036854775807, 0, 9223372036811410807
1, 2892, 0, 9223372036854775807, 0, 9223372036811395807
1, 2893, 0, 9223372036854775807, 0, 9223372036811380807
1, 2894, 0, 9223372036854775807, 0, 9223372036811365807
1, 2895, 0, 9223372036854775807, 0, 9223372036811350807
1, 2896, 0, 9223372036854775807, 0, 9223372036811335807
1, 2897, 0, 9223372036854775807, 0, 9223372036811320807
1, 2898, 0, 9223372036854775807, 0, 9223372036811305807
1, 2899, 0, 9223372036854775807, 0, 9223372036811290807
1, 29, 0, 9223372036854775807, 0, 9223372036854340807
1, 290, 0, 9223372036854775807, 0, 9223372036850425807
1, 2900, 0, 9223372036854775807, 0, 9223372036811275807
1, 2901, 0, 9223372036854775807, 0, 9223372036811260807
1, 2902, 0, 9223372036854775807, 0, 9223372036811245807
1, 2903, 0, 9223372036854775807, 0, 9223372036811230807
1, 2904, 0, 9223372036854775807, 0, 9223372036811215807
1, 2905, 0, 9223372036854775807, 0, 9223372036811200807
1, 2906, 0, 9223372036854775807, 0, 9223372036811185807
1, 2907, 0, 9223372036854775807, 0, 9223372036811170807
1, 2908, 0, 9223372036854775807, 0, 9223372036811155807
1, 2909, 0, 9223372036854775807, 0, 9223372036811140807
1, 291, 0, 9223372036854775807, 0, 9223372036850410807
1, 2910, 0, 9223372036854775807, 0, 9223372036811125807
1, 2911, 0, 9223372036854775807, 0, 9223372036811110807
1, 2912, 0, 9223372036854775807, 0, 9223372036811095807
1, 2913, 0, 9223372036854775807, 0, 9223372036811080807
1, 2914, 0, 9223372036854775807, 0, 9223372036811065807
1, 2915, 0, 9223372036854775807, 0, 9223372036811050807
1, 2916, 0, 9223372036854775807, 0, 9223372036811035807
1, 2917, 0, 9223372036854775807, 0, 9223372036811020807
1, 2918, 0, 9223372036854775807, 0, 9223372036811005807
1, 2919, 0, 9223372036854775807, 0, 9223372036810990807
1, 292, 0, 9223372036854775807, 0, 9223372036850395807
1, 2920, 0, 9223372036854775807, 0, 9223372036810975807
1, 2921, 0, 9223372036854775807, 0, 9223372036810960807
1, 2922, 0, 9223372036854775807, 0, 9223372036810945807
1, 2923, 0, 9223372036854775807, 0, 9223372036810930807
1, 2924, 0, 9223372036854775807, 0, 9223372036810915807
1, 2925, 0, 9223372036854775807, 0, 9223372036810900807
1, 2926, 0, 9223372036854775807, 0, 9223372036810885807
1, 2927, 0, 9223372036854775807, 0, 9223372036810870807
1, 2928, 0, 9223372036854775807, 0, 9223372036810855807
1, 2929, 0, 9223372036854775807, 0, 9223372036810840807
1, 293, 0, 9223372036854775807, 0, 9223372036850380807
1, 2930, 0, 9223372036854775807, 0, 9223372036810825807
1, 2931, 0, 9223372036854775807, 0, 9223372036810810807
1, 2932, 0, 9223372036854775807, 0, 9223372036810795807
1, 2933, 0, 9223372036854775807, 0, 9223372036810780807
1, 2934, 0, 9223372036854775807, 0, 9223372036810765807
1, 2935, 0, 9223372036854775807, 0, 9223372036810750807
1, 2936, 0, 9223372036854775807, 0, 9223372036810735807
1, 2937, 0, 9223372036854775807, 0, 9223372036810720807
1, 2938, 0, 9223372036854775807, 0, 9223372036810705807
1, 2939, 0, 9223372036854775807, 0, 9223372036810690807
1, 294, 0, 9223372036854775807, 0, 9223372036850365807
1, 2940, 0, 9223372036854775807, 0, 9223372036810675807
1, 2941, 0, 9223372036854775807, 0, 9223372036810660807
1, 2942, 0, 9223372036854775807, 0, 9223372036810645807
1, 2943, 0, 9223372036854775807, 0, 9223372036810630807
1, 2944, 0, 9223372036854775807, 0, 9223372036810615807
1, 2945, 0, 9223372036854775807, 0, 9223372036810600807
1, 2946, 0, 9223372036854775807, 0, 9223372036810585807
1, 2947, 0, 9223372036854775807, 0, 9223372036810570807
1, 2948, 0, 9223372036854775807, 0, 9223372036810555807
1, 2949, 0, 9223372036854775807, 0, 9223372036810540807
1, 295, 0, 9223372036854775807, 0, 9223372036850350807
1, 2950, 0, 9223372036854775807, 0, 9223372036810525807
1, 2951, 0, 9223372036854775807, 0, 9223372036810510807
1, 2952, 0, 9223372036854775807, 0, 9223372036810495807
1, 2953, 0, 9223372036854775807, 0, 9223372036810480807
1, 2954, 0, 9223372036854775807, 0, 9223372036810465807
1, 2955, 0, 9223372036854775807, 0, 9223372036810450807
1, 2956, 0, 9223372036854775807, 0, 9223372036810435807
1, 2957, 0, 9223372036854775807, 0, 9223372036810420807
1, 2958, 0, 9223372036854775807, 0, 9223372036810405807
1, 2959, 0, 9223372036854775807, 0, 9223372036810390807
1, 296, 0, 9223372036854775807, 0, 9223372036850335807
1, 2960, 0, 9223372036854775807, 0, 9223372036810375807
1, 2961, 0, 9223372036854775807, 0, 9223372036810360807
1, 2962, 0, 9223372036854775807, 0, 9223372036810345807
1, 2963, 0, 9223372036854775807, 0, 9223372036810330807
1, 2964, 0, 9223372036854775807, 0, 9223372036810315807
1, 2965, 0, 9223372036854775807, 0, 9223372036810300807
1, 2966, 0, 9223372036854775807, 0, 9223372036810285807
1, 2967, 0, 9223372036854775807, 0, 9223372036810270807
1, 2968, 0, 9223372036854775807, 0, 9223372036810255807
1, 2969, 0, 9223372036854775807, 0, 9223372036810240807
1, 297, 0, 9223372036854775807, 0, 9223372036850320807
1, 2970, 0, 9223372036854775807, 0, 9223372036810225807
1, 2971, 0, 9223372036854775807, 0, 9223372036810210807
1, 2972, 0, 9223372036854775807, 0, 9223372036810195807
1, 2973, 0, 9223372036854775807, 0, 9223372036810180807
1, 2974, 0, 9223372036854775807, 0, 9223372036810165807
1, 2975, 0, 9223372036854775807, 0, 9223372036810150807
1, 2976, 0, 9223372036854775807, 0, 9223372036810135807
1, 2977, 0, 9223372036854775807, 0, 9223372036810120807
1, 2978, 0, 9223372036854775807, 0, 9223372036810105807
1, 2979, 0, 9223372036854775807, 0, 9223372036810090807
1, 298, 0, 9223372036854775807, 0, 9223372036850305807
1, 2980, 0, 9223372036854775807, 0, 9223372036810075807
1, 2981, 0, 9223372036854775807, 0, 9223372036810060807
1, 2982, 0, 9223372036854775807, 0, 9223372036810045807
1, 2983, 0, 9223372036854775807, 0, 9223372036810030807
1, 2984, 0, 9223372036854775807, 0, 9223372036810015807
1, 2985, 0, 9223372036854775807, 0, 9223372036810000807
1, 2986, 0, 9223372036854775807, 0, 9223372036809985807
1, 2987, 0, 9223372036854775807, 0, 9223372036809970807
1, 2988, 0, 9223372036854775807, 0, 9223372036809955807
1, 2989, 0, 9223372036854775807, 0, 9223372036809940807
1, 299, 0, 9223372036854775807, 0, 9223372036850290807
1, 2990, 0, 9223372036854775807, 0, 9223372036809925807
1, 2991, 0, 9223372036854775807, 0, 9223372036809910807
1, 2992, 0, 9223372036854775807, 0, 9223372036809895807
1, 2993, 0, 9223372036854775807, 0, 9223372036809880807
1, 2994, 0, 9223372036854775807, 0, 9223372036809865807
1, 2995, 0, 9223372036854775807, 0, 9223372036809850807
1, 2996, 0, 9223372036854775807, 0, 9223372036809835807
1, 2997, 0, 9223372036854775807, 0, 9223372036809820807
1, 2998, 0, 9223372036854775807, 0, 9223372036809805807
1, 2999, 0, 9223372036854775807, 0, 9223372036809790807
1, 3, 0, 9223372036854775807, 0, 9223372036854730807
1, 30, 0, 9223372036854775807, 0, 9223372036854325807
1, 300, 0, 9223372036854775807, 0, 9223372036850275807
1, 3000, 0, 9223372036854775807, 0, 9223372036809775807
1, 3001, 0, 9223372036854775807, 0, 9223372036809760807
1, 3002, 0, 9223372036854775807, 0, 9223372036809745807
1, 3003, 0, 9223372036854775807, 0, 9223372036809730807
1, 3004, 0, 9223372036854775807, 0, 9223372036809715807
1, 3005, 0, 9223372036854775807, 0, 9223372036809700807
1, 3006, 0, 9223372036854775807, 0, 9223372036809685807
1, 3007, 0, 9223372036854775807, 0, 9223372036809670807
1, 3008, 0, 9223372036854775807, 0, 9223372036809655807
1, 3009, 0, 9223372036854775807, 0, 9223372036809640807
1, 301, 0, 9223372036854775807, 0, 9223372036850260807
1, 3010, 0, 9223372036854775807, 0, 9223372036809625807
1, 3011, 0, 9223372036854775807, 0, 9223372036809610807
1, 3012, 0, 9223372036854775807, 0, 9223372036809595807
1, 3013, 0, 9223372036854775807, 0, 9223372036809580807
1, 3014, 0, 9223372036854775807, 0, 9223372036809565807
1, 3015, 0, 9223372036854775807, 0, 9223372036809550807
1, 3016, 0, 9223372036854775807, 0, 9223372036809535807
1, 3017, 0, 9223372036854775807, 0, 9223372036809520807
1, 3018, 0, 9223372036854775807, 0, 9223372036809505807
1, 3019, 0, 9223372036854775807, 0, 9223372036809490807
1, 302, 0, 9223372036854775807, 0, 9223372036850245807
1, 3020, 0, 9223372036854775807, 0, 9223372036809475807
1, 3021, 0, 9223372036854775807, 0, 9223372036809460807
1, 3022, 0, 9223372036854775807, 0, 9223372036809445807
1, 3023, 0, 9223372036854775807, 0, 9223372036809430807
1, 3024, 0, 9223372036854775807, 0, 9223372036809415807
1, 3025, 0, 9223372036854775807, 0, 9223372036809400807
1, 3026, 0, 9223372036854775807, 0, 9223372036809385807
1, 3027, 0, 9223372036854775807, 0, 9223372036809370807
1, 3028, 0, 9223372036854775807, 0, 9223372036809355807
1, 3029, 0, 9223372036854775807, 0, 9223372036809340807
1, 303, 0, 9223372036854775807, 0, 9223372036850230807
1, 3030, 0, 9223372036854775807, 0, 9223372036809325807
1, 3031, 0, 9223372036854775807, 0, 9223372036809310807
1, 3032, 0, 9223372036854775807, 0, 9223372036809295807
1, 3033, 0, 9223372036854775807, 0, 9223372036809280807
1, 3034, 0, 9223372036854775807, 0, 9223372036809265807
1, 3035, 0, 9223372036854775807, 0, 9223372036809250807
1, 3036, 0, 9223372036854775807, 0, 9223372036809235807
1, 3037, 0, 9223372036854775807, 0, 9223372036809220807
1, 3038, 0, 9223372036854775807, 0, 9223372036809205807
1, 3039, 0, 9223372036854775807, 0, 9223372036809190807
1, 304, 0, 9223372036854775807, 0, 9223372036850215807
1, 3040, 0, 9223372036854775807, 0, 9223372036809175807
1, 3041, 0, 9223372036854775807, 0, 9223372036809160807
1, 3042, 0, 9223372036854775807, 0, 9223372036809145807
1, 3043, 0, 9223372036854775807, 0, 9223372036809130807
1, 3044, 0, 9223372036854775807, 0, 9223372036809115807
1, 3045, 0, 9223372036854775807, 0, 9223372036809100807
1, 3046, 0, 9223372036854775807, 0, 9223372036809085807
1, 3047, 0, 9223372036854775807, 0, 9223372036809070807
1, 3048, 0, 9223372036854775807, 0, 9223372036809055807
1, 3049, 0, 9223372036854775807, 0, 9223372036809040807
1, 305, 0, 9223372036854775807, 0, 9223372036850200807
1, 3050, 0, 9223372036854775807, 0, 9223372036809025807
1, 3051, 0, 9223372036854775807, 0, 9223372036809010807
1, 3052, 0, 9223372036854775807, 0, 9223372036808995807
1, 3053, 0, 9223372036854775807, 0, 9223372036808980807
1, 3054, 0, 9223372036854775807, 0, 9223372036808965807
1, 3055, 0, 9223372036854775807, 0, 9223372036808950807
1, 3056, 0, 9223372036854775807, 0, 9223372036808935807
1, 3057, 0, 9223372036854775807, 0, 9223372036808920807
1, 3058, 0, 9223372036854775807, 0, 9223372036808905807
1, 3059, 0, 9223372036854775807, 0, 9223372036808890807
1, 306, 0, 9223372036854775807, 0, 9223372036850185807
1, 3060, 0, 9223372036854775807, 0, 9223372036808875807
1, 3061, 0, 9223372036854775807, 0, 9223372036808860807
1, 3062, 0, 9223372036854775807, 0, 9223372036808845807
1, 3063, 0, 9223372036854775807, 0, 9223372036808830807
1, 3064, 0, 9223372036854775807, 0, 9223372036808815807
1, 3065, 0, 9223372036854775807, 0, 9223372036808800807
1, 3066, 0, 9223372036854775807, 0, 9223372036808785807
1, 3067, 0, 9223372036854775807, 0, 9223372036808770807
1, 3068, 0, 9223372036854775807, 0, 9223372036808755807
1, 3069, 0, 9223372036854775807, 0, 9223372036808740807
1, 307, 0, 9223372036854775807, 0, 9223372036850170807
1, 3070, 0, 9223372036854775807, 0, 9223372036808725807
1, 3071, 0, 9223372036854775807, 0, 9223372036808710807
1, 3072, 0, 9223372036854775807, 0, 9223372036808695807
1, 3073, 0, 9223372036854775807, 0, 9223372036808680807
1, 3074, 0, 9223372036854775807, 0, 9223372036808665807
1, 3075, 0, 9223372036854775807, 0, 9223372036808650807
1, 3076, 0, 9223372036854775807, 0, 9223372036808635807
1, 3077, 0, 9223372036854775807, 0, 9223372036808620807
1, 3078, 0, 9223372036854775807, 0, 9223372036808605807
1, 3079, 0, 9223372036854775807, 0, 9223372036808590807
1, 308, 0, 9223372036854775807, 0, 9223372036850155807
1, 3080, 0, 9223372036854775807, 0, 9223372036808575807
1, 3081, 0, 9223372036854775807, 0, 9223372036808560807
1, 3082, 0, 9223372036854775807, 0, 9223372036808545807
1, 3083, 0, 9223372036854775807, 0, 9223372036808530807
1, 3084, 0, 9223372036854775807, 0, 9223372036808515807
1, 3085, 0, 9223372036854775807, 0, 9223372036808500807
1, 3086, 0, 9223372036854775807, 0, 9223372036808485807
1, 3087, 0, 9223372036854775807, 0, 9223372036808470807
1, 3088, 0, 9223372036854775807, 0, 9223372036808455807
1, 3089, 0, 9223372036854775807, 0, 9223372036808440807
1, 309, 0, 9223372036854775807, 0, 9223372036850140807
1, 3090, 0, 9223372036854775807, 0, 9223372036808425807
1, 3091, 0, 9223372036854775807, 0, 9223372036808410807
1, 3092, 0, 9223372036854775807, 0, 9223372036808395807
1, 3093, 0, 9223372036854775807, 0, 9223372036808380807
1, 3094, 0, 9223372036854775807, 0, 9223372036808365807
1, 3095, 0, 9223372036854775807, 0, 9223372036808350807
1, 3096, 0, 9223372036854775807, 0, 9223372036808335807
1, 3097, 0, 9223372036854775807, 0, 9223372036808320807
1, 3098, 0, 9223372036854775807, 0, 9223372036808305807
1, 3099, 0, 9223372036854775807, 0, 9223372036808290807
1, 31, 0, 9223372036854775807, 0, 9223372036854310807
1, 310, 0, 9223372036854775807, 0, 9223372036850125807
1, 3100, 0, 9223372036854775807, 0, 9223372036808275807
1, 3101, 0, 9223372036854775807, 0, 9223372036808260807
1, 3102, 0, 9223372036854775807, 0, 9223372036808245807
1, 3103, 0, 9223372036854775807, 0, 9223372036808230807
1, 3104, 0, 9223372036854775807, 0, 9223372036808215807
1, 3105, 0, 9223372036854775807, 0, 9223372036808200807
1, 3106, 0, 9223372036854775807, 0, 9223372036808185807
1, 3107, 0, 9223372036854775807, 0, 9223372036808170807
1, 3108, 0, 9223372036854775807, 0, 9223372036808155807
1, 3109, 0, 9223372036854775807, 0, 9223372036808140807
1, 311, 0, 9223372036854775807, 0, 9223372036850110807
1, 3110, 0, 9223372036854775807, 0, 9223372036808125807
1, 3111, 0, 9223372036854775807, 0, 9223372036808110807
1, 3112, 0, 9223372036854775807, 0, 9223372036808095807
1, 3113, 0, 9223372036854775807, 0, 9223372036808080807
1, 3114, 0, 9223372036854775807, 0, 9223372036808065807
1, 3115, 0, 9223372036854775807, 0, 9223372036808050807
1, 3116, 0, 9223372036854775807, 0, 9223372036808035807
1, 3117, 0, 9223372036854775807, 0, 9223372036808020807
1, 3118, 0, 9223372036854775807, 0, 9223372036808005807
1, 3119, 0, 9223372036854775807, 0, 9223372036807990807
1, 312, 0, 9223372036854775807, 0, 9223372036850095807
1, 3120, 0, 9223372036854775807, 0, 9223372036807975807
1, 3121, 0, 9223372036854775807, 0, 9223372036807960807
1, 3122, 0, 9223372036854775807, 0, 9223372036807945807
1, 3123, 0, 9223372036854775807, 0, 9223372036807930807
1, 3124, 0, 9223372036854775807, 0, 9223372036807915807
1, 3125, 0, 9223372036854775807, 0, 9223372036807900807
1, 3126, 0, 9223372036854775807, 0, 9223372036807885807
1, 3127, 0, 9223372036854775807, 0, 9223372036807870807
1, 3128, 0, 9223372036854775807, 0, 9223372036807855807
1, 3129, 0, 9223372036854775807, 0, 9223372036807840807
1, 313, 0, 9223372036854775807, 0, 9223372036850080807
1, 3130, 0, 9223372036854775807, 0, 9223372036807825807
1, 3131, 0, 9223372036854775807, 0, 9223372036807810807
1, 3132, 0, 9223372036854775807, 0, 9223372036807795807
1, 3133, 0, 9223372036854775807, 0, 9223372036807780807
1, 3134, 0, 9223372036854775807, 0, 9223372036807765807
1, 3135, 0, 9223372036854775807, 0, 9223372036807750807
1, 3136, 0, 9223372036854775807, 0, 9223372036807735807
1, 3137, 0, 9223372036854775807, 0, 9223372036807720807
1, 3138, 0, 9223372036854775807, 0, 9223372036807705807
1, 3139, 0, 9223372036854775807, 0, 9223372036807690807
1, 314, 0, 9223372036854775807, 0, 9223372036850065807
1, 3140, 0, 9223372036854775807, 0, 9223372036807675807
1, 3141, 0, 9223372036854775807, 0, 9223372036807660807
1, 3142, 0, 9223372036854775807, 0, 9223372036807645807
1, 3143, 0, 9223372036854775807, 0, 9223372036807630807
1, 3144, 0, 9223372036854775807, 0, 9223372036807615807
1, 3145, 0, 9223372036854775807, 0, 9223372036807600807
1, 3146, 0, 9223372036854775807, 0, 9223372036807585807
1, 3147, 0, 9223372036854775807, 0, 9223372036807570807
1, 3148, 0, 9223372036854775807, 0, 9223372036807555807
1, 3149, 0, 9223372036854775807, 0, 9223372036807540807
1, 315, 0, 9223372036854775807, 0, 9223372036850050807
1, 3150, 0, 9223372036854775807, 0, 9223372036807525807
1, 3151, 0, 9223372036854775807, 0, 9223372036807510807
1, 3152, 0, 9223372036854775807, 0, 9223372036807495807
1, 3153, 0, 9223372036854775807, 0, 9223372036807480807
1, 3154, 0, 9223372036854775807, 0, 9223372036807465807
1, 3155, 0, 9223372036854775807, 0, 9223372036807450807
1, 3156, 0, 9223372036854775807, 0, 9223372036807435807
1, 3157, 0, 9223372036854775807, 0, 9223372036807420807
1, 3158, 0, 9223372036854775807, 0, 9223372036807405807
1, 3159, 0, 9223372036854775807, 0, 9223372036807390807
1, 316, 0, 9223372036854775807, 0, 9223372036850035807
1, 3160, 0, 9223372036854775807, 0, 9223372036807375807
1, 3161, 0, 9223372036854775807, 0, 9223372036807360807
1, 3162, 0, 9223372036854775807, 0, 9223372036807345807
1, 3163, 0, 9223372036854775807, 0, 9223372036807330807
1, 3164, 0, 9223372036854775807, 0, 9223372036807315807
1, 3165, 0, 9223372036854775807, 0, 9223372036807300807
1, 3166, 0, 9223372036854775807, 0, 9223372036807285807
1, 3167, 0, 9223372036854775807, 0, 9223372036807270807
1, 3168, 0, 9223372036854775807, 0, 9223372036807255807
1, 3169, 0, 9223372036854775807, 0, 9223372036807240807
1, 317, 0, 9223372036854775807, 0, 9223372036850020807
1, 3170, 0, 9223372036854775807, 0, 9223372036807225807
1, 3171, 0, 9223372036854775807, 0, 9223372036807210807
1, 3172, 0, 9223372036854775807, 0, 9223372036807195807
1, 3173, 0, 9223372036854775807, 0, 9223372036807180807
1, 3174, 0, 9223372036854775807, 0, 9223372036807165807
1, 3175, 0, 9223372036854775807, 0, 9223372036807150807
1, 3176, 0, 9223372036854775807, 0, 9223372036807135807
1, 3177, 0, 9223372036854775807, 0, 9223372036807120807
1, 3178, 0, 9223372036854775807, 0, 9223372036807105807
1, 3179, 0, 9223372036854775807, 0, 9223372036807090807
1, 318, 0, 9223372036854775807, 0, 9223372036850005807
1, 3180, 0, 9223372036854775807, 0, 9223372036807075807
1, 3181, 0, 9223372036854775807, 0, 9223372036807060807
1, 3182, 0, 9223372036854775807, 0, 9223372036807045807
1, 3183, 0, 9223372036854775807, 0, 9223372036807030807
1, 3184, 0, 9223372036854775807, 0, 9223372036807015807
1, 3185, 0, 9223372036854775807, 0, 9223372036807000807
1, 3186, 0, 9223372036854775807, 0, 9223372036806985807
1, 3187, 0, 9223372036854775807, 0, 9223372036806970807
1, 3188, 0, 9223372036854775807, 0, 9223372036806955807
1, 3189, 0, 9223372036854775807, 0, 9223372036806940807
1, 319, 0, 9223372036854775807, 0, 9223372036849990807
1, 3190, 0, 9223372036854775807, 0, 9223372036806925807
1, 3191, 0, 9223372036854775807, 0, 9223372036806910807
1, 3192, 0, 9223372036854775807, 0, 9223372036806895807
1, 3193, 0, 9223372036854775807, 0, 9223372036806880807
1, 3194, 0, 9223372036854775807, 0, 9223372036806865807
1, 3195, 0, 9223372036854775807, 0, 9223372036806850807
1, 3196, 0, 9223372036854775807, 0, 9223372036806835807
1, 3197, 0, 9223372036854775807, 0, 9223372036806820807
1, 3198, 0, 9223372036854775807, 0, 9223372036806805807
1, 3199, 0, 9223372036854775807, 0, 9223372036806790807
1, 32, 0, 9223372036854775807, 0, 9223372036854295807
1, 320, 0, 9223372036854775807, 0, 9223372036849975807
1, 3200, 0, 9223372036854775807, 0, 9223372036806775807
1, 3201, 0, 9223372036854775807, 0, 9223372036806760807
1, 3202, 0, 9223372036854775807, 0, 9223372036806745807
1, 3203, 0, 9223372036854775807, 0, 9223372036806730807
1, 3204, 0, 9223372036854775807, 0, 9223372036806715807
1, 3205, 0, 9223372036854775807, 0, 9223372036806700807
1, 3206, 0, 9223372036854775807, 0, 9223372036806685807
1, 3207, 0, 9223372036854775807, 0, 9223372036806670807
1, 3208, 0, 9223372036854775807, 0, 9223372036806655807
1, 3209, 0, 9223372036854775807, 0, 9223372036806640807
1, 321, 0, 9223372036854775807, 0, 9223372036849960807
1, 3210, 0, 9223372036854775807, 0, 9223372036806625807
1, 3211, 0, 9223372036854775807, 0, 9223372036806610807
1, 3212, 0, 9223372036854775807, 0, 9223372036806595807
1, 3213, 0, 9223372036854775807, 0, 9223372036806580807
1, 3214, 0, 9223372036854775807, 0, 9223372036806565807
1, 3215, 0, 9223372036854775807, 0, 9223372036806550807
1, 3216, 0, 9223372036854775807, 0, 9223372036806535807
1, 3217, 0, 9223372036854775807, 0, 9223372036806520807
1, 3218, 0, 9223372036854775807, 0, 9223372036806505807
1, 3219, 0, 9223372036854775807, 0, 9223372036806490807
1, 322, 0, 9223372036854775807, 0, 9223372036849945807
1, 3220, 0, 9223372036854775807, 0, 9223372036806475807
1, 3221, 0, 9223372036854775807, 0, 9223372036806460807
1, 3222, 0, 9223372036854775807, 0, 9223372036806445807
1, 3223, 0, 9223372036854775807, 0, 9223372036806430807
1, 3224, 0, 9223372036854775807, 0, 9223372036806415807
1, 3225, 0, 9223372036854775807, 0, 9223372036806400807
1, 3226, 0, 9223372036854775807, 0, 9223372036806385807
1, 3227, 0, 9223372036854775807, 0, 9223372036806370807
1, 3228, 0, 9223372036854775807, 0, 9223372036806355807
1, 3229, 0, 9223372036854775807, 0, 9223372036806340807
1, 323, 0, 9223372036854775807, 0, 9223372036849930807
1, 3230, 0, 9223372036854775807, 0, 9223372036806325807
1, 3231, 0, 9223372036854775807, 0, 9223372036806310807
1, 3232, 0, 9223372036854775807, 0, 9223372036806295807
1, 3233, 0, 9223372036854775807, 0, 9223372036806280807
1, 3234, 0, 9223372036854775807, 0, 9223372036806265807
1, 3235, 0, 9223372036854775807, 0, 9223372036806250807
1, 3236, 0, 9223372036854775807, 0, 9223372036806235807
1, 3237, 0, 9223372036854775807, 0, 9223372036806220807
1, 3238, 0, 9223372036854775807, 0, 9223372036806205807
1, 3239, 0, 9223372036854775807, 0, 9223372036806190807
1, 324, 0, 9223372036854775807, 0, 9223372036849915807
1, 3240, 0, 9223372036854775807, 0, 9223372036806175807
1, 3241, 0, 9223372036854775807, 0, 9223372036806160807
1, 3242, 0, 9223372036854775807, 0, 9223372036806145807
1, 3243, 0, 9223372036854775807, 0, 9223372036806130807
1, 3244, 0, 9223372036854775807, 0, 9223372036806115807
1, 3245, 0, 9223372036854775807, 0, 9223372036806100807
1, 3246, 0, 9223372036854775807, 0, 9223372036806085807
1, 3247, 0, 9223372036854775807, 0, 9223372036806070807
1, 3248, 0, 9223372036854775807, 0, 9223372036806055807
1, 3249, 0, 9223372036854775807, 0, 9223372036806040807
1, 325, 0, 9223372036854775807, 0, 9223372036849900807
1, 3250, 0, 9223372036854775807, 0, 9223372036806025807
1, 3251, 0, 9223372036854775807, 0, 9223372036806010807
1, 3252, 0, 9223372036854775807, 0, 9223372036805995807
1, 3253, 0, 9223372036854775807, 0, 9223372036805980807
1, 3254, 0, 9223372036854775807, 0, 9223372036805965807
1, 3255, 0, 9223372036854775807, 0, 9223372036805950807
1, 3256, 0, 9223372036854775807, 0, 9223372036805935807
1, 3257, 0, 9223372036854775807, 0, 9223372036805920807
1, 3258, 0, 9223372036854775807, 0, 9223372036805905807
1, 3259, 0, 9223372036854775807, 0, 9223372036805890807
1, 326, 0, 9223372036854775807, 0, 9223372036849885807
1, 3260, 0, 9223372036854775807, 0, 9223372036805875807
1, 3261, 0, 9223372036854775807, 0, 9223372036805860807
1, 3262, 0, 9223372036854775807, 0, 9223372036805845807
1, 3263, 0, 9223372036854775807, 0, 9223372036805830807
1, 3264, 0, 9223372036854775807, 0, 9223372036805815807
1, 3265, 0, 9223372036854775807, 0, 9223372036805800807
1, 3266, 0, 9223372036854775807, 0, 9223372036805785807
1, 3267, 0, 9223372036854775807, 0, 9223372036805770807
1, 3268, 0, 9223372036854775807, 0, 9223372036805755807
1, 3269, 0, 9223372036854775807, 0, 9223372036805740807
1, 327, 0, 9223372036854775807, 0, 9223372036849870807
1, 3270, 0, 9223372036854775807, 0, 9223372036805725807
1, 3271, 0, 9223372036854775807, 0, 9223372036805710807
1, 3272, 0, 9223372036854775807, 0, 9223372036805695807
1, 3273, 0, 9223372036854775807, 0, 9223372036805680807
1, 3274, 0, 9223372036854775807, 0, 9223372036805665807
1, 3275, 0, 9223372036854775807, 0, 9223372036805650807
1, 3276, 0, 9223372036854775807, 0, 9223372036805635807
1, 3277, 0, 9223372036854775807, 0, 9223372036805620807
1, 3278, 0, 9223372036854775807, 0, 9223372036805605807
1, 3279, 0, 9223372036854775807, 0, 9223372036805590807
1, 328, 0, 9223372036854775807, 0, 9223372036849855807
1, 3280, 0, 9223372036854775807, 0, 9223372036805575807
1, 3281, 0, 9223372036854775807, 0, 9223372036805560807
1, 3282, 0, 9223372036854775807, 0, 9223372036805545807
1, 3283, 0, 9223372036854775807, 0, 9223372036805530807
1, 3284, 0, 9223372036854775807, 0, 9223372036805515807
1, 3285, 0, 9223372036854775807, 0, 9223372036805500807
1, 3286, 0, 9223372036854775807, 0, 9223372036805485807
1, 3287, 0, 9223372036854775807, 0, 9223372036805470807
1, 3288, 0, 9223372036854775807, 0, 9223372036805455807
1, 3289, 0, 9223372036854775807, 0, 9223372036805440807
1, 329, 0, 9223372036854775807, 0, 9223372036849840807
1, 3290, 0, 9223372036854775807, 0, 9223372036805425807
1, 3291, 0, 9223372036854775807, 0, 9223372036805410807
1, 3292, 0, 9223372036854775807, 0, 9223372036805395807
1, 3293, 0, 9223372036854775807, 0, 9223372036805380807
1, 3294, 0, 9223372036854775807, 0, 9223372036805365807
1, 3295, 0, 9223372036854775807, 0, 9223372036805350807
1, 3296, 0, 9223372036854775807, 0, 9223372036805335807
1, 3297, 0, 9223372036854775807, 0, 9223372036805320807
1, 3298, 0, 9223372036854775807, 0, 9223372036805305807
1, 3299, 0, 9223372036854775807, 0, 9223372036805290807
1, 33, 0, 9223372036854775807, 0, 9223372036854280807
1, 330, 0, 9223372036854775807, 0, 9223372036849825807
1, 3300, 0, 9223372036854775807, 0, 9223372036805275807
1, 3301, 0, 9223372036854775807, 0, 9223372036805260807
1, 3302, 0, 9223372036854775807, 0, 9223372036805245807
1, 3303, 0, 9223372036854775807, 0, 9223372036805230807
1, 3304, 0, 9223372036854775807, 0, 9223372036805215807
1, 3305, 0, 9223372036854775807, 0, 9223372036805200807
1, 3306, 0, 9223372036854775807, 0, 9223372036805185807
1, 3307, 0, 9223372036854775807, 0, 9223372036805170807
1, 3308, 0, 9223372036854775807, 0, 9223372036805155807
1, 3309, 0, 9223372036854775807, 0, 9223372036805140807
1, 331, 0, 9223372036854775807, 0, 9223372036849810807
1, 3310, 0, 9223372036854775807, 0, 9223372036805125807
1, 3311, 0, 9223372036854775807, 0, 9223372036805110807
1, 3312, 0, 9223372036854775807, 0, 9223372036805095807
1, 3313, 0, 9223372036854775807, 0, 9223372036805080807
1, 3314, 0, 9223372036854775807, 0, 9223372036805065807
1, 3315, 0, 9223372036854775807, 0, 9223372036805050807
1, 3316, 0, 9223372036854775807, 0, 9223372036805035807
1, 3317, 0, 9223372036854775807, 0, 9223372036805020807
1, 3318, 0, 9223372036854775807, 0, 9223372036805005807
1, 3319, 0, 9223372036854775807, 0, 9223372036804990807
1, 332, 0, 9223372036854775807, 0, 9223372036849795807
1, 3320, 0, 9223372036854775807, 0, 9223372036804975807
1, 3321, 0, 9223372036854775807, 0, 9223372036804960807
1, 3322, 0, 9223372036854775807, 0, 9223372036804945807
1, 3323, 0, 9223372036854775807, 0, 9223372036804930807
1, 3324, 0, 9223372036854775807, 0, 9223372036804915807
1, 3325, 0, 9223372036854775807, 0, 9223372036804900807
1, 3326, 0, 9223372036854775807, 0, 9223372036804885807
1, 3327, 0, 9223372036854775807, 0, 9223372036804870807
1, 3328, 0, 9223372036854775807, 0, 9223372036804855807
1, 3329, 0, 9223372036854775807, 0, 9223372036804840807
1, 333, 0, 9223372036854775807, 0, 9223372036849780807
1, 3330, 0, 9223372036854775807, 0, 9223372036804825807
1, 3331, 0, 9223372036854775807, 0, 9223372036804810807
1, 3332, 0, 9223372036854775807, 0, 9223372036804795807
1, 3333, 0, 9223372036854775807, 0, 9223372036804780807
1, 3334, 0, 9223372036854775807, 0, 9223372036804765807
1, 3335, 0, 9223372036854775807, 0, 9223372036804750807
1, 3336, 0, 9223372036854775807, 0, 9223372036804735807
1, 3337, 0, 9223372036854775807, 0, 9223372036804720807
1, 3338, 0, 9223372036854775807, 0, 9223372036804705807
1, 3339, 0, 9223372036854775807, 0, 9223372036804690807
1, 334, 0, 9223372036854775807, 0, 9223372036849765807
1, 3340, 0, 9223372036854775807, 0, 9223372036804675807
1, 3341, 0, 9223372036854775807, 0, 9223372036804660807
1, 3342, 0, 9223372036854775807, 0, 9223372036804645807
1, 3343, 0, 9223372036854775807, 0, 9223372036804630807
1, 3344, 0, 9223372036854775807, 0, 9223372036804615807
1, 3345, 0, 9223372036854775807, 0, 9223372036804600807
1, 3346, 0, 9223372036854775807, 0, 9223372036804585807
1, 3347, 0, 9223372036854775807, 0, 9223372036804570807
1, 3348, 0, 9223372036854775807, 0, 9223372036804555807
1, 3349, 0, 9223372036854775807, 0, 9223372036804540807
1, 335, 0, 9223372036854775807, 0, 9223372036849750807
1, 3350, 0, 9223372036854775807, 0, 9223372036804525807
1, 3351, 0, 9223372036854775807, 0, 9223372036804510807
1, 3352, 0, 9223372036854775807, 0, 9223372036804495807
1, 3353, 0, 9223372036854775807, 0, 9223372036804480807
1, 3354, 0, 9223372036854775807, 0, 9223372036804465807
1, 3355, 0, 9223372036854775807, 0, 9223372036804450807
1, 3356, 0, 9223372036854775807, 0, 9223372036804435807
1, 3357, 0, 9223372036854775807, 0, 9223372036804420807
1, 3358, 0, 9223372036854775807, 0, 9223372036804405807
1, 3359, 0, 9223372036854775807, 0, 9223372036804390807
1, 336, 0, 9223372036854775807, 0, 9223372036849735807
1, 3360, 0, 9223372036854775807, 0, 9223372036804375807
1, 3361, 0, 9223372036854775807, 0, 9223372036804360807
1, 3362, 0, 9223372036854775807, 0, 9223372036804345807
1, 3363, 0, 9223372036854775807, 0, 9223372036804330807
1, 3364, 0, 9223372036854775807, 0, 9223372036804315807
1, 3365, 0, 9223372036854775807, 0, 9223372036804300807
1, 3366, 0, 9223372036854775807, 0, 9223372036804285807
1, 3367, 0, 9223372036854775807, 0, 9223372036804270807
1, 3368, 0, 9223372036854775807, 0, 9223372036804255807
1, 3369, 0, 9223372036854775807, 0, 9223372036804240807
1, 337, 0, 9223372036854775807, 0, 9223372036849720807
1, 3370, 0, 9223372036854775807, 0, 9223372036804225807
1, 3371, 0, 9223372036854775807, 0, 9223372036804210807
1, 3372, 0, 9223372036854775807, 0, 9223372036804195807
1, 3373, 0, 9223372036854775807, 0, 9223372036804180807
1, 3374, 0, 9223372036854775807, 0, 9223372036804165807
1, 3375, 0, 9223372036854775807, 0, 9223372036804150807
1, 3376, 0, 9223372036854775807, 0, 9223372036804135807
1, 3377, 0, 9223372036854775807, 0, 9223372036804120807
1, 3378, 0, 9223372036854775807, 0, 9223372036804105807
1, 3379, 0, 9223372036854775807, 0, 9223372036804090807
1, 338, 0, 9223372036854775807, 0, 9223372036849705807
1, 3380, 0, 9223372036854775807, 0, 9223372036804075807
1, 3381, 0, 9223372036854775807, 0, 9223372036804060807
1, 3382, 0, 9223372036854775807, 0, 9223372036804045807
1, 3383, 0, 9223372036854775807, 0, 9223372036804030807
1, 3384, 0, 9223372036854775807, 0, 9223372036804015807
1, 3385, 0, 9223372036854775807, 0, 9223372036804000807
1, 3386, 0, 9223372036854775807, 0, 9223372036803985807
1, 3387, 0, 9223372036854775807, 0, 9223372036803970807
1, 3388, 0, 9223372036854775807, 0, 9223372036803955807
1, 3389, 0, 9223372036854775807, 0, 9223372036803940807
1, 339, 0, 9223372036854775807, 0, 9223372036849690807
1, 3390, 0, 9223372036854775807, 0, 9223372036803925807
1, 3391, 0, 9223372036854775807, 0, 9223372036803910807
1, 3392, 0, 9223372036854775807, 0, 9223372036803895807
1, 3393, 0, 9223372036854775807, 0, 9223372036803880807
1, 3394, 0, 9223372036854775807, 0, 9223372036803865807
1, 3395, 0, 9223372036854775807, 0, 9223372036803850807
1, 3396, 0, 9223372036854775807, 0, 9223372036803835807
1, 3397, 0, 9223372036854775807, 0, 9223372036803820807
1, 3398, 0, 9223372036854775807, 0, 9223372036803805807
1, 3399, 0, 9223372036854775807, 0, 9223372036803790807
1, 34, 0, 9223372036854775807, 0, 9223372036854265807
1, 340, 0, 9223372036854775807, 0, 9223372036849675807
1, 3400, 0, 9223372036854775807, 0, 9223372036803775807
1, 3401, 0, 9223372036854775807, 0, 9223372036803760807
1, 3402, 0, 9223372036854775807, 0, 9223372036803745807
1, 3403, 0, 9223372036854775807, 0, 9223372036803730807
1, 3404, 0, 9223372036854775807, 0, 9223372036803715807
1, 3405, 0, 9223372036854775807, 0, 9223372036803700807
1, 3406, 0, 9223372036854775807, 0, 9223372036803685807
1, 3407, 0, 9223372036854775807, 0, 9223372036803670807
1, 3408, 0, 9223372036854775807, 0, 9223372036803655807
1, 3409, 0, 9223372036854775807, 0, 9223372036803640807
1, 341, 0, 9223372036854775807, 0, 9223372036849660807
1, 3410, 0, 9223372036854775807, 0, 9223372036803625807
1, 3411, 0, 9223372036854775807, 0, 9223372036803610807
1, 3412, 0, 9223372036854775807, 0, 9223372036803595807
1, 3413, 0, 9223372036854775807, 0, 9223372036803580807
1, 3414, 0, 9223372036854775807, 0, 9223372036803565807
1, 3415, 0, 9223372036854775807, 0, 9223372036803550807
1, 3416, 0, 9223372036854775807, 0, 9223372036803535807
1, 3417, 0, 9223372036854775807, 0, 9223372036803520807
1, 3418, 0, 9223372036854775807, 0, 9223372036803505807
1, 3419, 0, 9223372036854775807, 0, 9223372036803490807
1, 342, 0, 9223372036854775807, 0, 9223372036849645807
1, 3420, 0, 9223372036854775807, 0, 9223372036803475807
1, 3421, 0, 9223372036854775807, 0, 9223372036803460807
1, 3422, 0, 9223372036854775807, 0, 9223372036803445807
1, 3423, 0, 9223372036854775807, 0, 9223372036803430807
1, 3424, 0, 9223372036854775807, 0, 9223372036803415807
1, 3425, 0, 9223372036854775807, 0, 9223372036803400807
1, 3426, 0, 9223372036854775807, 0, 9223372036803385807
1, 3427, 0, 9223372036854775807, 0, 9223372036803370807
1, 3428, 0, 9223372036854775807, 0, 9223372036803355807
1, 3429, 0, 9223372036854775807, 0, 9223372036803340807
1, 343, 0, 9223372036854775807, 0, 9223372036849630807
1, 3430, 0, 9223372036854775807, 0, 9223372036803325807
1, 3431, 0, 9223372036854775807, 0, 9223372036803310807
1, 3432, 0, 9223372036854775807, 0, 9223372036803295807
1, 3433, 0, 9223372036854775807, 0, 9223372036803280807
1, 3434, 0, 9223372036854775807, 0, 9223372036803265807
1, 3435, 0, 9223372036854775807, 0, 9223372036803250807
1, 3436, 0, 9223372036854775807, 0, 9223372036803235807
1, 3437, 0, 9223372036854775807, 0, 9223372036803220807
1, 3438, 0, 9223372036854775807, 0, 9223372036803205807
1, 3439, 0, 9223372036854775807, 0, 9223372036803190807
1, 344, 0, 9223372036854775807, 0, 9223372036849615807
1, 3440, 0, 9223372036854775807, 0, 9223372036803175807
1, 3441, 0, 9223372036854775807, 0, 9223372036803160807
1, 3442, 0, 9223372036854775807, 0, 9223372036803145807
1, 3443, 0, 9223372036854775807, 0, 9223372036803130807
1, 3444, 0, 9223372036854775807, 0, 9223372036803115807
1, 3445, 0, 9223372036854775807, 0, 9223372036803100807
1, 3446, 0, 9223372036854775807, 0, 9223372036803085807
1, 3447, 0, 9223372036854775807, 0, 9223372036803070807
1, 3448, 0, 9223372036854775807, 0, 9223372036803055807
1, 3449, 0, 9223372036854775807, 0, 9223372036803040807
1, 345, 0, 9223372036854775807, 0, 9223372036849600807
1, 3450, 0, 9223372036854775807, 0, 9223372036803025807
1, 3451, 0, 9223372036854775807, 0, 9223372036803010807
1, 3452, 0, 9223372036854775807, 0, 9223372036802995807
1, 3453, 0, 9223372036854775807, 0, 9223372036802980807
1, 3454, 0, 9223372036854775807, 0, 9223372036802965807
1, 3455, 0, 9223372036854775807, 0, 9223372036802950807
1, 3456, 0, 9223372036854775807, 0, 9223372036802935807
1, 3457, 0, 9223372036854775807, 0, 9223372036802920807
1, 3458, 0, 9223372036854775807, 0, 9223372036802905807
1, 3459, 0, 9223372036854775807, 0, 9223372036802890807
1, 346, 0, 9223372036854775807, 0, 9223372036849585807
1, 3460, 0, 9223372036854775807, 0, 9223372036802875807
1, 3461, 0, 9223372036854775807, 0, 9223372036802860807
1, 3462, 0, 9223372036854775807, 0, 9223372036802845807
1, 3463, 0, 9223372036854775807, 0, 9223372036802830807
1, 3464, 0, 9223372036854775807, 0, 9223372036802815807
1, 3465, 0, 9223372036854775807, 0, 9223372036802800807
1, 3466, 0, 9223372036854775807, 0, 9223372036802785807
1, 3467, 0, 9223372036854775807, 0, 9223372036802770807
1, 3468, 0, 9223372036854775807, 0, 9223372036802755807
1, 3469, 0, 9223372036854775807, 0, 9223372036802740807
1, 347, 0, 9223372036854775807, 0, 9223372036849570807
1, 3470, 0, 9223372036854775807, 0, 9223372036802725807
1, 3471, 0, 9223372036854775807, 0, 9223372036802710807
1, 3472, 0, 9223372036854775807, 0, 9223372036802695807
1, 3473, 0, 9223372036854775807, 0, 9223372036802680807
1, 3474, 0, 9223372036854775807, 0, 9223372036802665807
1, 3475, 0, 9223372036854775807, 0, 9223372036802650807
1, 3476, 0, 9223372036854775807, 0, 9223372036802635807
1, 3477, 0, 9223372036854775807, 0, 9223372036802620807
1, 3478, 0, 9223372036854775807, 0, 9223372036802605807
1, 3479, 0, 9223372036854775807, 0, 9223372036802590807
1, 348, 0, 9223372036854775807, 0, 9223372036849555807
1, 3480, 0, 9223372036854775807, 0, 9223372036802575807
1, 3481, 0, 9223372036854775807, 0, 9223372036802560807
1, 3482, 0, 9223372036854775807, 0, 9223372036802545807
1, 3483, 0, 9223372036854775807, 0, 9223372036802530807
1, 3484, 0, 9223372036854775807, 0, 9223372036802515807
1, 3485, 0, 9223372036854775807, 0, 9223372036802500807
1, 3486, 0, 9223372036854775807, 0, 9223372036802485807
1, 3487, 0, 9223372036854775807, 0, 9223372036802470807
1, 3488, 0, 9223372036854775807, 0, 9223372036802455807
1, 3489, 0, 9223372036854775807, 0, 9223372036802440807
1, 349, 0, 9223372036854775807, 0, 9223372036849540807
1, 3490, 0, 9223372036854775807, 0, 9223372036802425807
1, 3491, 0, 9223372036854775807, 0, 9223372036802410807
1, 3492, 0, 9223372036854775807, 0, 9223372036802395807
1, 3493, 0, 9223372036854775807, 0, 9223372036802380807
1, 3494, 0, 9223372036854775807, 0, 9223372036802365807
1, 3495, 0, 9223372036854775807, 0, 9223372036802350807
1, 3496, 0, 9223372036854775807, 0, 9223372036802335807
1, 3497, 0, 9223372036854775807, 0, 9223372036802320807
1, 3498, 0, 9223372036854775807, 0, 9223372036802305807
1, 3499, 0, 9223372036854775807, 0, 9223372036802290807
1, 35, 0, 9223372036854775807, 0, 9223372036854250807
1, 350, 0, 9223372036854775807, 0, 9223372036849525807
1, 3500, 0, 9223372036854775807, 0, 9223372036802275807
1, 3501, 0, 9223372036854775807, 0, 9223372036802260807
1, 3502, 0, 9223372036854775807, 0, 9223372036802245807
1, 3503, 0, 9223372036854775807, 0, 9223372036802230807
1, 3504, 0, 9223372036854775807, 0, 9223372036802215807
1, 3505, 0, 9223372036854775807, 0, 9223372036802200807
1, 3506, 0, 9223372036854775807, 0, 9223372036802185807
1, 3507, 0, 9223372036854775807, 0, 9223372036802170807
1, 3508, 0, 9223372036854775807, 0, 9223372036802155807
1, 3509, 0, 9223372036854775807, 0, 9223372036802140807
1, 351, 0, 9223372036854775807, 0, 9223372036849510807
1, 3510, 0, 9223372036854775807, 0, 9223372036802125807
1, 3511, 0, 9223372036854775807, 0, 9223372036802110807
1, 3512, 0, 9223372036854775807, 0, 9223372036802095807
1, 3513, 0, 9223372036854775807, 0, 9223372036802080807
1, 3514, 0, 9223372036854775807, 0, 9223372036802065807
1, 3515, 0, 9223372036854775807, 0, 9223372036802050807
1, 3516, 0, 9223372036854775807, 0, 9223372036802035807
1, 3517, 0, 9223372036854775807, 0, 9223372036802020807
1, 3518, 0, 9223372036854775807, 0, 9223372036802005807
1, 3519, 0, 9223372036854775807, 0, 9223372036801990807
1, 352, 0, 9223372036854775807, 0, 9223372036849495807
1, 3520, 0, 9223372036854775807, 0, 9223372036801975807
1, 3521, 0, 9223372036854775807, 0, 9223372036801960807
1, 3522, 0, 9223372036854775807, 0, 9223372036801945807
1, 3523, 0, 9223372036854775807, 0, 9223372036801930807
1, 3524, 0, 9223372036854775807, 0, 9223372036801915807
1, 3525, 0, 9223372036854775807, 0, 9223372036801900807
1, 3526, 0, 9223372036854775807, 0, 9223372036801885807
1, 3527, 0, 9223372036854775807, 0, 9223372036801870807
1, 3528, 0, 9223372036854775807, 0, 9223372036801855807
1, 3529, 0, 9223372036854775807, 0, 9223372036801840807
1, 353, 0, 9223372036854775807, 0, 9223372036849480807
1, 3530, 0, 9223372036854775807, 0, 9223372036801825807
1, 3531, 0, 9223372036854775807, 0, 9223372036801810807
1, 3532, 0, 9223372036854775807, 0, 9223372036801795807
1, 3533, 0, 9223372036854775807, 0, 9223372036801780807
1, 3534, 0, 9223372036854775807, 0, 9223372036801765807
1, 3535, 0, 9223372036854775807, 0, 9223372036801750807
1, 3536, 0, 9223372036854775807, 0, 9223372036801735807
1, 3537, 0, 9223372036854775807, 0, 9223372036801720807
1, 3538, 0, 9223372036854775807, 0, 9223372036801705807
1, 3539, 0, 9223372036854775807, 0, 9223372036801690807
1, 354, 0, 9223372036854775807, 0, 9223372036849465807
1, 3540, 0, 9223372036854775807, 0, 9223372036801675807
1, 3541, 0, 9223372036854775807, 0, 9223372036801660807
1, 3542, 0, 9223372036854775807, 0, 9223372036801645807
1, 3543, 0, 9223372036854775807, 0, 9223372036801630807
1, 3544, 0, 9223372036854775807, 0, 9223372036801615807
1, 3545, 0, 9223372036854775807, 0, 9223372036801600807
1, 3546, 0, 9223372036854775807, 0, 9223372036801585807
1, 3547, 0, 9223372036854775807, 0, 9223372036801570807
1, 3548, 0, 9223372036854775807, 0, 9223372036801555807
1, 3549, 0, 9223372036854775807, 0, 9223372036801540807
1, 355, 0, 9223372036854775807, 0, 9223372036849450807
1, 3550, 0, 9223372036854775807, 0, 9223372036801525807
1, 3551, 0, 9223372036854775807, 0, 9223372036801510807
1, 3552, 0, 9223372036854775807, 0, 9223372036801495807
1, 3553, 0, 9223372036854775807, 0, 9223372036801480807
1, 3554, 0, 9223372036854775807, 0, 9223372036801465807
1, 3555, 0, 9223372036854775807, 0, 9223372036801450807
1, 3556, 0, 9223372036854775807, 0, 9223372036801435807
1, 3557, 0, 9223372036854775807, 0, 9223372036801420807
1, 3558, 0, 9223372036854775807, 0, 9223372036801405807
1, 3559, 0, 9223372036854775807, 0, 9223372036801390807
1, 356, 0, 9223372036854775807, 0, 9223372036849435807
1, 3560, 0, 9223372036854775807, 0, 9223372036801375807
1, 3561, 0, 9223372036854775807, 0, 9223372036801360807
1, 3562, 0, 9223372036854775807, 0, 9223372036801345807
1, 3563, 0, 9223372036854775807, 0, 9223372036801330807
1, 3564, 0, 9223372036854775807, 0, 9223372036801315807
1, 3565, 0, 9223372036854775807, 0, 9223372036801300807
1, 3566, 0, 9223372036854775807, 0, 9223372036801285807
1, 3567, 0, 9223372036854775807, 0, 9223372036801270807
1, 3568, 0, 9223372036854775807, 0, 9223372036801255807
1, 3569, 0, 9223372036854775807, 0, 9223372036801240807
1, 357, 0, 9223372036854775807, 0, 9223372036849420807
1, 3570, 0, 9223372036854775807, 0, 9223372036801225807
1, 3571, 0, 9223372036854775807, 0, 9223372036801210807
1, 3572, 0, 9223372036854775807, 0, 9223372036801195807
1, 3573, 0, 9223372036854775807, 0, 9223372036801180807
1, 3574, 0, 9223372036854775807, 0, 9223372036801165807
1, 3575, 0, 9223372036854775807, 0, 9223372036801150807
1, 3576, 0, 9223372036854775807, 0, 9223372036801135807
1, 3577, 0, 9223372036854775807, 0, 9223372036801120807
1, 3578, 0, 9223372036854775807, 0, 9223372036801105807
1, 3579, 0, 9223372036854775807, 0, 9223372036801090807
1, 358, 0, 9223372036854775807, 0, 9223372036849405807
1, 3580, 0, 9223372036854775807, 0, 9223372036801075807
1, 3581, 0, 9223372036854775807, 0, 9223372036801060807
1, 3582, 0, 9223372036854775807, 0, 9223372036801045807
1, 3583, 0, 9223372036854775807, 0, 9223372036801030807
1, 3584, 0, 9223372036854775807, 0, 9223372036801015807
1, 3585, 0, 9223372036854775807, 0, 9223372036801000807
1, 3586, 0, 9223372036854775807, 0, 9223372036800985807
1, 3587, 0, 9223372036854775807, 0, 9223372036800970807
1, 3588, 0, 9223372036854775807, 0, 9223372036800955807
1, 3589, 0, 9223372036854775807, 0, 9223372036800940807
1, 359, 0, 9223372036854775807, 0, 9223372036849390807
1, 3590, 0, 9223372036854775807, 0, 9223372036800925807
1, 3591, 0, 9223372036854775807, 0, 9223372036800910807
1, 3592, 0, 9223372036854775807, 0, 9223372036800895807
1, 3593, 0, 9223372036854775807, 0, 9223372036800880807
1, 3594, 0, 9223372036854775807, 0, 9223372036800865807
1, 3595, 0, 9223372036854775807, 0, 9223372036800850807
1, 3596, 0, 9223372036854775807, 0, 9223372036800835807
1, 3597, 0, 9223372036854775807, 0, 9223372036800820807
1, 3598, 0, 9223372036854775807, 0, 9223372036800805807
1, 3599, 0, 9223372036854775807, 0, 9223372036800790807
1, 36, 0, 9223372036854775807, 0, 9223372036854235807
1, 360, 0, 9223372036854775807, 0, 9223372036849375807
1, 3600, 0, 9223372036854775807, 0, 9223372036800775807
1, 3601, 0, 9223372036854775807, 0, 9223372036800760807
1, 3602, 0, 9223372036854775807, 0, 9223372036800745807
1, 3603, 0, 9223372036854775807, 0, 9223372036800730807
1, 3604, 0, 9223372036854775807, 0, 9223372036800715807
1, 3605, 0, 9223372036854775807, 0, 9223372036800700807
1, 3606, 0, 9223372036854775807, 0, 9223372036800685807
1, 3607, 0, 9223372036854775807, 0, 9223372036800670807
1, 3608, 0, 9223372036854775807, 0, 9223372036800655807
1, 3609, 0, 9223372036854775807, 0, 9223372036800640807
1, 361, 0, 9223372036854775807, 0, 9223372036849360807
1, 3610, 0, 9223372036854775807, 0, 9223372036800625807
1, 3611, 0, 9223372036854775807, 0, 9223372036800610807
1, 3612, 0, 9223372036854775807, 0, 9223372036800595807
1, 3613, 0, 9223372036854775807, 0, 9223372036800580807
1, 3614, 0, 9223372036854775807, 0, 9223372036800565807
1, 3615, 0, 9223372036854775807, 0, 9223372036800550807
1, 3616, 0, 9223372036854775807, 0, 9223372036800535807
1, 3617, 0, 9223372036854775807, 0, 9223372036800520807
1, 3618, 0, 9223372036854775807, 0, 9223372036800505807
1, 3619, 0, 9223372036854775807, 0, 9223372036800490807
1, 362, 0, 9223372036854775807, 0, 9223372036849345807
1, 3620, 0, 9223372036854775807, 0, 9223372036800475807
1, 3621, 0, 9223372036854775807, 0, 9223372036800460807
1, 3622, 0, 9223372036854775807, 0, 9223372036800445807
1, 3623, 0, 9223372036854775807, 0, 9223372036800430807
1, 3624, 0, 9223372036854775807, 0, 9223372036800415807
1, 3625, 0, 9223372036854775807, 0, 9223372036800400807
1, 3626, 0, 9223372036854775807, 0, 9223372036800385807
1, 3627, 0, 9223372036854775807, 0, 9223372036800370807
1, 3628, 0, 9223372036854775807, 0, 9223372036800355807
1, 3629, 0, 9223372036854775807, 0, 9223372036800340807
1, 363, 0, 9223372036854775807, 0, 9223372036849330807
1, 3630, 0, 9223372036854775807, 0, 9223372036800325807
1, 3631, 0, 9223372036854775807, 0, 9223372036800310807
1, 3632, 0, 9223372036854775807, 0, 9223372036800295807
1, 3633, 0, 9223372036854775807, 0, 9223372036800280807
1, 3634, 0, 9223372036854775807, 0, 9223372036800265807
1, 3635, 0, 9223372036854775807, 0, 9223372036800250807
1, 3636, 0, 9223372036854775807, 0, 9223372036800235807
1, 3637, 0, 9223372036854775807, 0, 9223372036800220807
1, 3638, 0, 9223372036854775807, 0, 9223372036800205807
1, 3639, 0, 9223372036854775807, 0, 9223372036800190807
1, 364, 0, 9223372036854775807, 0, 9223372036849315807
1, 3640, 0, 9223372036854775807, 0, 9223372036800175807
1, 3641, 0, 9223372036854775807, 0, 9223372036800160807
1, 3642, 0, 9223372036854775807, 0, 9223372036800145807
1, 3643, 0, 9223372036854775807, 0, 9223372036800130807
1, 3644, 0, 9223372036854775807, 0, 9223372036800115807
1, 3645, 0, 9223372036854775807, 0, 9223372036800100807
1, 3646, 0, 9223372036854775807, 0, 9223372036800085807
1, 3647, 0, 9223372036854775807, 0, 9223372036800070807
1, 3648, 0, 9223372036854775807, 0, 9223372036800055807
1, 3649, 0, 9223372036854775807, 0, 9223372036800040807
1, 365, 0, 9223372036854775807, 0, 9223372036849300807
1, 3650, 0, 9223372036854775807, 0, 9223372036800025807
1, 3651, 0, 9223372036854775807, 0, 9223372036800010807
1, 3652, 0, 9223372036854775807, 0, 9223372036799995807
1, 3653, 0, 9223372036854775807, 0, 9223372036799980807
1, 3654, 0, 9223372036854775807, 0, 9223372036799965807
1, 3655, 0, 9223372036854775807, 0, 9223372036799950807
1, 3656, 0, 9223372036854775807, 0, 9223372036799935807
1, 3657, 0, 9223372036854775807, 0, 9223372036799920807
1, 3658, 0, 9223372036854775807, 0, 9223372036799905807
1, 3659, 0, 9223372036854775807, 0, 9223372036799890807
1, 366, 0, 9223372036854775807, 0, 9223372036849285807
1, 3660, 0, 9223372036854775807, 0, 9223372036799875807
1, 3661, 0, 9223372036854775807, 0, 9223372036799860807
1, 3662, 0, 9223372036854775807, 0, 9223372036799845807
1, 3663, 0, 9223372036854775807, 0, 9223372036799830807
1, 3664, 0, 9223372036854775807, 0, 9223372036799815807
1, 3665, 0, 9223372036854775807, 0, 9223372036799800807
1, 3666, 0, 9223372036854775807, 0, 9223372036799785807
1, 3667, 0, 9223372036854775807, 0, 9223372036799770807
1, 3668, 0, 9223372036854775807, 0, 9223372036799755807
1, 3669, 0, 9223372036854775807, 0, 9223372036799740807
1, 367, 0, 9223372036854775807, 0, 9223372036849270807
1, 3670, 0, 9223372036854775807, 0, 9223372036799725807
1, 3671, 0, 9223372036854775807, 0, 9223372036799710807
1, 3672, 0, 9223372036854775807, 0, 9223372036799695807
1, 3673, 0, 9223372036854775807, 0, 9223372036799680807
1, 3674, 0, 9223372036854775807, 0, 9223372036799665807
1, 3675, 0, 9223372036854775807, 0, 9223372036799650807
1, 3676, 0, 9223372036854775807, 0, 9223372036799635807
1, 3677, 0, 9223372036854775807, 0, 9223372036799620807
1, 3678, 0, 9223372036854775807, 0, 9223372036799605807
1, 3679, 0, 9223372036854775807, 0, 9223372036799590807
1, 368, 0, 9223372036854775807, 0, 9223372036849255807
1, 3680, 0, 9223372036854775807, 0, 9223372036799575807
1, 3681, 0, 9223372036854775807, 0, 9223372036799560807
1, 3682, 0, 9223372036854775807, 0, 9223372036799545807
1, 3683, 0, 9223372036854775807, 0, 9223372036799530807
1, 3684, 0, 9223372036854775807, 0, 9223372036799515807
1, 3685, 0, 9223372036854775807, 0, 9223372036799500807
1, 3686, 0, 9223372036854775807, 0, 9223372036799485807
1, 3687, 0, 9223372036854775807, 0, 9223372036799470807
1, 3688, 0, 9223372036854775807, 0, 9223372036799455807
1, 3689, 0, 9223372036854775807, 0, 9223372036799440807
1, 369, 0, 9223372036854775807, 0, 9223372036849240807
1, 3690, 0, 9223372036854775807, 0, 9223372036799425807
1, 3691, 0, 9223372036854775807, 0, 9223372036799410807
1, 3692, 0, 9223372036854775807, 0, 9223372036799395807
1, 3693, 0, 9223372036854775807, 0, 9223372036799380807
1, 3694, 0, 9223372036854775807, 0, 9223372036799365807
1, 3695, 0, 9223372036854775807, 0, 9223372036799350807
1, 3696, 0, 9223372036854775807, 0, 9223372036799335807
1, 3697, 0, 9223372036854775807, 0, 9223372036799320807
1, 3698, 0, 9223372036854775807, 0, 9223372036799305807
1, 3699, 0, 9223372036854775807, 0, 9223372036799290807
1, 37, 0, 9223372036854775807, 0, 9223372036854220807
1, 370, 0, 9223372036854775807, 0, 9223372036849225807
1, 3700, 0, 9223372036854775807, 0, 9223372036799275807
1, 3701, 0, 9223372036854775807, 0, 9223372036799260807
1, 3702, 0, 9223372036854775807, 0, 9223372036799245807
1, 3703, 0, 9223372036854775807, 0, 9223372036799230807
1, 3704, 0, 9223372036854775807, 0, 9223372036799215807
1, 3705, 0, 9223372036854775807, 0, 9223372036799200807
1, 3706, 0, 9223372036854775807, 0, 9223372036799185807
1, 3707, 0, 9223372036854775807, 0, 9223372036799170807
1, 3708, 0, 9223372036854775807, 0, 9223372036799155807
1, 3709, 0, 9223372036854775807, 0, 9223372036799140807
1, 371, 0, 9223372036854775807, 0, 9223372036849210807
1, 3710, 0, 9223372036854775807, 0, 9223372036799125807
1, 3711, 0, 9223372036854775807, 0, 9223372036799110807
1, 3712, 0, 9223372036854775807, 0, 9223372036799095807
1, 3713, 0, 9223372036854775807, 0, 9223372036799080807
1, 3714, 0, 9223372036854775807, 0, 9223372036799065807
1, 3715, 0, 9223372036854775807, 0, 9223372036799050807
1, 3716, 0, 9223372036854775807, 0, 9223372036799035807
1, 3717, 0, 9223372036854775807, 0, 9223372036799020807
1, 3718, 0, 9223372036854775807, 0, 9223372036799005807
1, 3719, 0, 9223372036854775807, 0, 9223372036798990807
1, 372, 0, 9223372036854775807, 0, 9223372036849195807
1, 3720, 0, 9223372036854775807, 0, 9223372036798975807
1, 3721, 0, 9223372036854775807, 0, 9223372036798960807
1, 3722, 0, 9223372036854775807, 0, 9223372036798945807
1, 3723, 0, 9223372036854775807, 0, 9223372036798930807
1, 3724, 0, 9223372036854775807, 0, 9223372036798915807
1, 3725, 0, 9223372036854775807, 0, 9223372036798900807
1, 3726, 0, 9223372036854775807, 0, 9223372036798885807
1, 3727, 0, 9223372036854775807, 0, 9223372036798870807
1, 3728, 0, 9223372036854775807, 0, 9223372036798855807
1, 3729, 0, 9223372036854775807, 0, 9223372036798840807
1, 373, 0, 9223372036854775807, 0, 9223372036849180807
1, 3730, 0, 9223372036854775807, 0, 9223372036798825807
1, 3731, 0, 9223372036854775807, 0, 9223372036798810807
1, 3732, 0, 9223372036854775807, 0, 9223372036798795807
1, 3733, 0, 9223372036854775807, 0, 9223372036798780807
1, 3734, 0, 9223372036854775807, 0, 9223372036798765807
1, 3735, 0, 9223372036854775807, 0, 9223372036798750807
1, 3736, 0, 9223372036854775807, 0, 9223372036798735807
1, 3737, 0, 9223372036854775807, 0, 9223372036798720807
1, 3738, 0, 9223372036854775807, 0, 9223372036798705807
1, 3739, 0, 9223372036854775807, 0, 9223372036798690807
1, 374, 0, 9223372036854775807, 0, 9223372036849165807
1, 3740, 0, 9223372036854775807, 0, 9223372036798675807
1, 3741, 0, 9223372036854775807, 0, 9223372036798660807
1, 3742, 0, 9223372036854775807, 0, 9223372036798645807
1, 3743, 0, 9223372036854775807, 0, 9223372036798630807
1, 3744, 0, 9223372036854775807, 0, 9223372036798615807
1, 3745, 0, 9223372036854775807, 0, 9223372036798600807
1, 3746, 0, 9223372036854775807, 0, 9223372036798585807
1, 3747, 0, 9223372036854775807, 0, 9223372036798570807
1, 3748, 0, 9223372036854775807, 0, 9223372036798555807
1, 3749, 0, 9223372036854775807, 0, 9223372036798540807
1, 375, 0, 9223372036854775807, 0, 9223372036849150807
1, 3750, 0, 9223372036854775807, 0, 9223372036798525807
1, 3751, 0, 9223372036854775807, 0, 9223372036798510807
1, 3752, 0, 9223372036854775807, 0, 9223372036798495807
1, 3753, 0, 9223372036854775807, 0, 9223372036798480807
1, 3754, 0, 9223372036854775807, 0, 9223372036798465807
1, 3755, 0, 9223372036854775807, 0, 9223372036798450807
1, 3756, 0, 9223372036854775807, 0, 9223372036798435807
1, 3757, 0, 9223372036854775807, 0, 9223372036798420807
1, 3758, 0, 9223372036854775807, 0, 9223372036798405807
1, 3759, 0, 9223372036854775807, 0, 9223372036798390807
1, 376, 0, 9223372036854775807, 0, 9223372036849135807
1, 3760, 0, 9223372036854775807, 0, 9223372036798375807
1, 3761, 0, 9223372036854775807, 0, 9223372036798360807
1, 3762, 0, 9223372036854775807, 0, 9223372036798345807
1, 3763, 0, 9223372036854775807, 0, 9223372036798330807
1, 3764, 0, 9223372036854775807, 0, 9223372036798315807
1, 3765, 0, 9223372036854775807, 0, 9223372036798300807
1, 3766, 0, 9223372036854775807, 0, 9223372036798285807
1, 3767, 0, 9223372036854775807, 0, 9223372036798270807
1, 3768, 0, 9223372036854775807, 0, 9223372036798255807
1, 3769, 0, 9223372036854775807, 0, 9223372036798240807
1, 377, 0, 9223372036854775807, 0, 9223372036849120807
1, 3770, 0, 9223372036854775807, 0, 9223372036798225807
1, 3771, 0, 9223372036854775807, 0, 9223372036798210807
1, 3772, 0, 9223372036854775807, 0, 9223372036798195807
1, 3773, 0, 9223372036854775807, 0, 9223372036798180807
1, 3774, 0, 9223372036854775807, 0, 9223372036798165807
1, 3775, 0, 9223372036854775807, 0, 9223372036798150807
1, 3776, 0, 9223372036854775807, 0, 9223372036798135807
1, 3777, 0, 9223372036854775807, 0, 9223372036798120807
1, 3778, 0, 9223372036854775807, 0, 9223372036798105807
1, 3779, 0, 9223372036854775807, 0, 9223372036798090807
1, 378, 0, 9223372036854775807, 0, 9223372036849105807
1, 3780, 0, 9223372036854775807, 0, 9223372036798075807
1, 3781, 0, 9223372036854775807, 0, 9223372036798060807
1, 3782, 0, 9223372036854775807, 0, 9223372036798045807
1, 3783, 0, 9223372036854775807, 0, 9223372036798030807
1, 3784, 0, 9223372036854775807, 0, 9223372036798015807
1, 3785, 0, 9223372036854775807, 0, 9223372036798000807
1, 3786, 0, 9223372036854775807, 0, 9223372036797985807
1, 3787, 0, 9223372036854775807, 0, 9223372036797970807
1, 3788, 0, 9223372036854775807, 0, 9223372036797955807
1, 3789, 0, 9223372036854775807, 0, 9223372036797940807
1, 379, 0, 9223372036854775807, 0, 9223372036849090807
1, 3790, 0, 9223372036854775807, 0, 9223372036797925807
1, 3791, 0, 9223372036854775807, 0, 9223372036797910807
1, 3792, 0, 9223372036854775807, 0, 9223372036797895807
1, 3793, 0, 9223372036854775807, 0, 9223372036797880807
1, 3794, 0, 9223372036854775807, 0, 9223372036797865807
1, 3795, 0, 9223372036854775807, 0, 9223372036797850807
1, 3796, 0, 9223372036854775807, 0, 9223372036797835807
1, 3797, 0, 9223372036854775807, 0, 9223372036797820807
1, 3798, 0, 9223372036854775807, 0, 9223372036797805807
1, 3799, 0, 9223372036854775807, 0, 9223372036797790807
1, 38, 0, 9223372036854775807, 0, 9223372036854205807
1, 380, 0, 9223372036854775807, 0, 9223372036849075807
1, 3800, 0, 9223372036854775807, 0, 9223372036797775807
1, 3801, 0, 9223372036854775807, 0, 9223372036797760807
1, 3802, 0, 9223372036854775807, 0, 9223372036797745807
1, 3803, 0, 9223372036854775807, 0, 9223372036797730807
1, 3804, 0, 9223372036854775807, 0, 9223372036797715807
1, 3805, 0, 9223372036854775807, 0, 9223372036797700807
1, 3806, 0, 9223372036854775807, 0, 9223372036797685807
1, 3807, 0, 9223372036854775807, 0, 9223372036797670807
1, 3808, 0, 9223372036854775807, 0, 9223372036797655807
1, 3809, 0, 9223372036854775807, 0, 9223372036797640807
1, 381, 0, 9223372036854775807, 0, 9223372036849060807
1, 3810, 0, 9223372036854775807, 0, 9223372036797625807
1, 3811, 0, 9223372036854775807, 0, 9223372036797610807
1, 3812, 0, 9223372036854775807, 0, 9223372036797595807
1, 3813, 0, 9223372036854775807, 0, 9223372036797580807
1, 3814, 0, 9223372036854775807, 0, 9223372036797565807
1, 3815, 0, 9223372036854775807, 0, 9223372036797550807
1, 3816, 0, 9223372036854775807, 0, 9223372036797535807
1, 3817, 0, 9223372036854775807, 0, 9223372036797520807
1, 3818, 0, 9223372036854775807, 0, 9223372036797505807
1, 3819, 0, 9223372036854775807, 0, 9223372036797490807
1, 382, 0, 9223372036854775807, 0, 9223372036849045807
1, 3820, 0, 9223372036854775807, 0, 9223372036797475807
1, 3821, 0, 9223372036854775807, 0, 9223372036797460807
1, 3822, 0, 9223372036854775807, 0, 9223372036797445807
1, 3823, 0, 9223372036854775807, 0, 9223372036797430807
1, 3824, 0, 9223372036854775807, 0, 9223372036797415807
1, 3825, 0, 9223372036854775807, 0, 9223372036797400807
1, 3826, 0, 9223372036854775807, 0, 9223372036797385807
1, 3827, 0, 9223372036854775807, 0, 9223372036797370807
1, 3828, 0, 9223372036854775807, 0, 9223372036797355807
1, 3829, 0, 9223372036854775807, 0, 9223372036797340807
1, 383, 0, 9223372036854775807, 0, 9223372036849030807
1, 3830, 0, 9223372036854775807, 0, 9223372036797325807
1, 3831, 0, 9223372036854775807, 0, 9223372036797310807
1, 3832, 0, 9223372036854775807, 0, 9223372036797295807
1, 3833, 0, 9223372036854775807, 0, 9223372036797280807
1, 3834, 0, 9223372036854775807, 0, 9223372036797265807
1, 3835, 0, 9223372036854775807, 0, 9223372036797250807
1, 3836, 0, 9223372036854775807, 0, 9223372036797235807
1, 3837, 0, 9223372036854775807, 0, 9223372036797220807
1, 3838, 0, 9223372036854775807, 0, 9223372036797205807
1, 3839, 0, 9223372036854775807, 0, 9223372036797190807
1, 384, 0, 9223372036854775807, 0, 9223372036849015807
1, 3840, 0, 9223372036854775807, 0, 9223372036797175807
1, 3841, 0, 9223372036854775807, 0, 9223372036797160807
1, 3842, 0, 9223372036854775807, 0, 9223372036797145807
1, 3843, 0, 9223372036854775807, 0, 9223372036797130807
1, 3844, 0, 9223372036854775807, 0, 9223372036797115807
1, 3845, 0, 9223372036854775807, 0, 9223372036797100807
1, 3846, 0, 9223372036854775807, 0, 9223372036797085807
1, 3847, 0, 9223372036854775807, 0, 9223372036797070807
1, 3848, 0, 9223372036854775807, 0, 9223372036797055807
1, 3849, 0, 9223372036854775807, 0, 9223372036797040807
1, 385, 0, 9223372036854775807, 0, 9223372036849000807
1, 3850, 0, 9223372036854775807, 0, 9223372036797025807
1, 3851, 0, 9223372036854775807, 0, 9223372036797010807
1, 3852, 0, 9223372036854775807, 0, 9223372036796995807
1, 3853, 0, 9223372036854775807, 0, 9223372036796980807
1, 3854, 0, 9223372036854775807, 0, 9223372036796965807
1, 3855, 0, 9223372036854775807, 0, 9223372036796950807
1, 3856, 0, 9223372036854775807, 0, 9223372036796935807
1, 3857, 0, 9223372036854775807, 0, 9223372036796920807
1, 3858, 0, 9223372036854775807, 0, 9223372036796905807
1, 3859, 0, 9223372036854775807, 0, 9223372036796890807
1, 386, 0, 9223372036854775807, 0, 9223372036848985807
1, 3860, 0, 9223372036854775807, 0, 9223372036796875807
1, 3861, 0, 9223372036854775807, 0, 9223372036796860807
1, 3862, 0, 9223372036854775807, 0, 9223372036796845807
1, 3863, 0, 9223372036854775807, 0, 9223372036796830807
1, 3864, 0, 9223372036854775807, 0, 9223372036796815807
1, 3865, 0, 9223372036854775807, 0, 9223372036796800807
1, 3866, 0, 9223372036854775807, 0, 9223372036796785807
1, 3867, 0, 9223372036854775807, 0, 9223372036796770807
1, 3868, 0, 9223372036854775807, 0, 9223372036796755807
1, 3869, 0, 9223372036854775807, 0, 9223372036796740807
1, 387, 0, 9223372036854775807, 0, 9223372036848970807
1, 3870, 0, 9223372036854775807, 0, 9223372036796725807
1, 3871, 0, 9223372036854775807, 0, 9223372036796710807
1, 3872, 0, 9223372036854775807, 0, 9223372036796695807
1, 3873, 0, 9223372036854775807, 0, 9223372036796680807
1, 3874, 0, 9223372036854775807, 0, 9223372036796665807
1, 3875, 0, 9223372036854775807, 0, 9223372036796650807
1, 3876, 0, 9223372036854775807, 0, 9223372036796635807
1, 3877, 0, 9223372036854775807, 0, 9223372036796620807
1, 3878, 0, 9223372036854775807, 0, 9223372036796605807
1, 3879, 0, 9223372036854775807, 0, 9223372036796590807
1, 388, 0, 9223372036854775807, 0, 9223372036848955807
1, 3880, 0, 9223372036854775807, 0, 9223372036796575807
1, 3881, 0, 9223372036854775807, 0, 9223372036796560807
1, 3882, 0, 9223372036854775807, 0, 9223372036796545807
1, 3883, 0, 9223372036854775807, 0, 9223372036796530807
1, 3884, 0, 9223372036854775807, 0, 9223372036796515807
1, 3885, 0, 9223372036854775807, 0, 9223372036796500807
1, 3886, 0, 9223372036854775807, 0, 9223372036796485807
1, 3887, 0, 9223372036854775807, 0, 9223372036796470807
1, 3888, 0, 9223372036854775807, 0, 9223372036796455807
1, 3889, 0, 9223372036854775807, 0, 9223372036796440807
1, 389, 0, 9223372036854775807, 0, 9223372036848940807
1, 3890, 0, 9223372036854775807, 0, 9223372036796425807
1, 3891, 0, 9223372036854775807, 0, 9223372036796410807
1, 3892, 0, 9223372036854775807, 0, 9223372036796395807
1, 3893, 0, 9223372036854775807, 0, 9223372036796380807
1, 3894, 0, 9223372036854775807, 0, 9223372036796365807
1, 3895, 0, 9223372036854775807, 0, 9223372036796350807
1, 3896, 0, 9223372036854775807, 0, 9223372036796335807
1, 3897, 0, 9223372036854775807, 0, 9223372036796320807
1, 3898, 0, 9223372036854775807, 0, 9223372036796305807
1, 3899, 0, 9223372036854775807, 0, 9223372036796290807
1, 39, 0, 9223372036854775807, 0, 9223372036854190807
1, 390, 0, 9223372036854775807, 0, 9223372036848925807
1, 3900, 0, 9223372036854775807, 0, 9223372036796275807
1, 3901, 0, 9223372036854775807, 0, 9223372036796260807
1, 3902, 0, 9223372036854775807, 0, 9223372036796245807
1, 3903, 0, 9223372036854775807, 0, 9223372036796230807
1, 3904, 0, 9223372036854775807, 0, 9223372036796215807
1, 3905, 0, 9223372036854775807, 0, 9223372036796200807
1, 3906, 0, 9223372036854775807, 0, 9223372036796185807
1, 3907, 0, 9223372036854775807, 0, 9223372036796170807
1, 3908, 0, 9223372036854775807, 0, 9223372036796155807
1, 3909, 0, 9223372036854775807, 0, 9223372036796140807
1, 391, 0, 9223372036854775807, 0, 9223372036848910807
1, 3910, 0, 9223372036854775807, 0, 9223372036796125807
1, 3911, 0, 9223372036854775807, 0, 9223372036796110807
1, 3912, 0, 9223372036854775807, 0, 9223372036796095807
1, 3913, 0, 9223372036854775807, 0, 9223372036796080807
1, 3914, 0, 9223372036854775807, 0, 9223372036796065807
1, 3915, 0, 9223372036854775807, 0, 9223372036796050807
1, 3916, 0, 9223372036854775807, 0, 9223372036796035807
1, 3917, 0, 9223372036854775807, 0, 9223372036796020807
1, 3918, 0, 9223372036854775807, 0, 9223372036796005807
1, 3919, 0, 9223372036854775807, 0, 9223372036795990807
1, 392, 0, 9223372036854775807, 0, 9223372036848895807
1, 3920, 0, 9223372036854775807, 0, 9223372036795975807
1, 3921, 0, 9223372036854775807, 0, 9223372036795960807
1, 3922, 0, 9223372036854775807, 0, 9223372036795945807
1, 3923, 0, 9223372036854775807, 0, 9223372036795930807
1, 3924, 0, 9223372036854775807, 0, 9223372036795915807
1, 3925, 0, 9223372036854775807, 0, 9223372036795900807
1, 3926, 0, 9223372036854775807, 0, 9223372036795885807
1, 3927, 0, 9223372036854775807, 0, 9223372036795870807
1, 3928, 0, 9223372036854775807, 0, 9223372036795855807
1, 3929, 0, 9223372036854775807, 0, 9223372036795840807
1, 393, 0, 9223372036854775807, 0, 9223372036848880807
1, 3930, 0, 9223372036854775807, 0, 9223372036795825807
1, 3931, 0, 9223372036854775807, 0, 9223372036795810807
1, 3932, 0, 9223372036854775807, 0, 9223372036795795807
1, 3933, 0, 9223372036854775807, 0, 9223372036795780807
1, 3934, 0, 9223372036854775807, 0, 9223372036795765807
1, 3935, 0, 9223372036854775807, 0, 9223372036795750807
1, 3936, 0, 9223372036854775807, 0, 9223372036795735807
1, 3937, 0, 9223372036854775807, 0, 9223372036795720807
1, 3938, 0, 9223372036854775807, 0, 9223372036795705807
1, 3939, 0, 9223372036854775807, 0, 9223372036795690807
1, 394, 0, 9223372036854775807, 0, 9223372036848865807
1, 3940, 0, 9223372036854775807, 0, 9223372036795675807
1, 3941, 0, 9223372036854775807, 0, 9223372036795660807
1, 3942, 0, 9223372036854775807, 0, 9223372036795645807
1, 3943, 0, 9223372036854775807, 0, 9223372036795630807
1, 3944, 0, 9223372036854775807, 0, 9223372036795615807
1, 3945, 0, 9223372036854775807, 0, 9223372036795600807
1, 3946, 0, 9223372036854775807, 0, 9223372036795585807
1, 3947, 0, 9223372036854775807, 0, 9223372036795570807
1, 3948, 0, 9223372036854775807, 0, 9223372036795555807
1, 3949, 0, 9223372036854775807, 0, 9223372036795540807
1, 395, 0, 9223372036854775807, 0, 9223372036848850807
1, 3950, 0, 9223372036854775807, 0, 9223372036795525807
1, 3951, 0, 9223372036854775807, 0, 9223372036795510807
1, 3952, 0, 9223372036854775807, 0, 9223372036795495807
1, 3953, 0, 9223372036854775807, 0, 9223372036795480807
1, 3954, 0, 9223372036854775807, 0, 9223372036795465807
1, 3955, 0, 9223372036854775807, 0, 9223372036795450807
1, 3956, 0, 9223372036854775807, 0, 9223372036795435807
1, 3957, 0, 9223372036854775807, 0, 9223372036795420807
1, 3958, 0, 9223372036854775807, 0, 9223372036795405807
1, 3959, 0, 9223372036854775807, 0, 9223372036795390807
1, 396, 0, 9223372036854775807, 0, 9223372036848835807
1, 3960, 0, 9223372036854775807, 0, 9223372036795375807
1, 3961, 0, 9223372036854775807, 0, 9223372036795360807
1, 3962, 0, 9223372036854775807, 0, 9223372036795345807
1, 3963, 0, 9223372036854775807, 0, 9223372036795330807
1, 3964, 0, 9223372036854775807, 0, 9223372036795315807
1, 3965, 0, 9223372036854775807, 0, 9223372036795300807
1, 3966, 0, 9223372036854775807, 0, 9223372036795285807
1, 3967, 0, 9223372036854775807, 0, 9223372036795270807
1, 3968, 0, 9223372036854775807, 0, 9223372036795255807
1, 3969, 0, 9223372036854775807, 0, 9223372036795240807
1, 397, 0, 9223372036854775807, 0, 9223372036848820807
1, 3970, 0, 9223372036854775807, 0, 9223372036795225807
1, 3971, 0, 9223372036854775807, 0, 9223372036795210807
1, 3972, 0, 9223372036854775807, 0, 9223372036795195807
1, 3973, 0, 9223372036854775807, 0, 9223372036795180807
1, 3974, 0, 9223372036854775807, 0, 9223372036795165807
1, 3975, 0, 9223372036854775807, 0, 9223372036795150807
1, 3976, 0, 9223372036854775807, 0, 9223372036795135807
1, 3977, 0, 9223372036854775807, 0, 9223372036795120807
1, 3978, 0, 9223372036854775807, 0, 9223372036795105807
1, 3979, 0, 9223372036854775807, 0, 9223372036795090807
1, 398, 0, 9223372036854775807, 0, 9223372036848805807
1, 3980, 0, 9223372036854775807, 0, 9223372036795075807
1, 3981, 0, 9223372036854775807, 0, 9223372036795060807
1, 3982, 0, 9223372036854775807, 0, 9223372036795045807
1, 3983, 0, 9223372036854775807, 0, 9223372036795030807
1, 3984, 0, 9223372036854775807, 0, 9223372036795015807
1, 3985, 0, 9223372036854775807, 0, 9223372036795000807
1, 3986, 0, 9223372036854775807, 0, 9223372036794985807
1, 3987, 0, 9223372036854775807, 0, 9223372036794970807
1, 3988, 0, 9223372036854775807, 0, 9223372036794955807
1, 3989, 0, 9223372036854775807, 0, 9223372036794940807
1, 399, 0, 9223372036854775807, 0, 9223372036848790807
1, 3990, 0, 9223372036854775807, 0, 9223372036794925807
1, 3991, 0, 9223372036854775807, 0, 9223372036794910807
1, 3992, 0, 9223372036854775807, 0, 9223372036794895807
1, 3993, 0, 9223372036854775807, 0, 9223372036794880807
1, 3994, 0, 9223372036854775807, 0, 9223372036794865807
1, 3995, 0, 9223372036854775807, 0, 9223372036794850807
1, 3996, 0, 9223372036854775807, 0, 9223372036794835807
1, 3997, 0, 9223372036854775807, 0, 9223372036794820807
1, 3998, 0, 9223372036854775807, 0, 9223372036794805807
1, 3999, 0, 9223372036854775807, 0, 9223372036794790807
1, 4, 0, 9223372036854775807, 0, 9223372036854715807
1, 40, 0, 9223372036854775807, 0, 9223372036854175807
1, 400, 0, 9223372036854775807, 0, 9223372036848775807
1, 4000, 0, 9223372036854775807, 0, 9223372036794775807
1, 4001, 0, 9223372036854775807, 0, 9223372036794760807
1, 4002, 0, 9223372036854775807, 0, 9223372036794745807
1, 4003, 0, 9223372036854775807, 0, 9223372036794730807
1, 4004, 0, 9223372036854775807, 0, 9223372036794715807
1, 4005, 0, 9223372036854775807, 0, 9223372036794700807
1, 4006, 0, 9223372036854775807, 0, 9223372036794685807
1, 4007, 0, 9223372036854775807, 0, 9223372036794670807
1, 4008, 0, 9223372036854775807, 0, 9223372036794655807
1, 4009, 0, 9223372036854775807, 0, 9223372036794640807
1, 401, 0, 9223372036854775807, 0, 9223372036848760807
1, 4010, 0, 9223372036854775807, 0, 9223372036794625807
1, 4011, 0, 9223372036854775807, 0, 9223372036794610807
1, 4012, 0, 9223372036854775807, 0, 9223372036794595807
1, 4013, 0, 9223372036854775807, 0, 9223372036794580807
1, 4014, 0, 9223372036854775807, 0, 9223372036794565807
1, 4015, 0, 9223372036854775807, 0, 9223372036794550807
1, 4016, 0, 9223372036854775807, 0, 9223372036794535807
1, 4017, 0, 9223372036854775807, 0, 9223372036794520807
1, 4018, 0, 9223372036854775807, 0, 9223372036794505807
1, 4019, 0, 9223372036854775807, 0, 9223372036794490807
1, 402, 0, 9223372036854775807, 0, 9223372036848745807
1, 4020, 0, 9223372036854775807, 0, 9223372036794475807
1, 4021, 0, 9223372036854775807, 0, 9223372036794460807
1, 4022, 0, 9223372036854775807, 0, 9223372036794445807
1, 4023, 0, 9223372036854775807, 0, 9223372036794430807
1, 4024, 0, 9223372036854775807, 0, 9223372036794415807
1, 4025, 0, 9223372036854775807, 0, 9223372036794400807
1, 4026, 0, 9223372036854775807, 0, 9223372036794385807
1, 4027, 0, 9223372036854775807, 0, 9223372036794370807
1, 4028, 0, 9223372036854775807, 0, 9223372036794355807
1, 4029, 0, 9223372036854775807, 0, 9223372036794340807
1, 403, 0, 9223372036854775807, 0, 9223372036848730807
1, 4030, 0, 9223372036854775807, 0, 9223372036794325807
1, 4031, 0, 9223372036854775807, 0, 9223372036794310807
1, 4032, 0, 9223372036854775807, 0, 9223372036794295807
1, 4033, 0, 9223372036854775807, 0, 9223372036794280807
1, 4034, 0, 9223372036854775807, 0, 9223372036794265807
1, 4035, 0, 9223372036854775807, 0, 9223372036794250807
1, 4036, 0, 9223372036854775807, 0, 9223372036794235807
1, 4037, 0, 9223372036854775807, 0, 9223372036794220807
1, 4038, 0, 9223372036854775807, 0, 9223372036794205807
1, 4039, 0, 9223372036854775807, 0, 9223372036794190807
1, 404, 0, 9223372036854775807, 0, 9223372036848715807
1, 4040, 0, 9223372036854775807, 0, 9223372036794175807
1, 4041, 0, 9223372036854775807, 0, 9223372036794160807
1, 4042, 0, 9223372036854775807, 0, 9223372036794145807
1, 4043, 0, 9223372036854775807, 0, 9223372036794130807
1, 4044, 0, 9223372036854775807, 0, 9223372036794115807
1, 4045, 0, 9223372036854775807, 0, 9223372036794100807
1, 4046, 0, 9223372036854775807, 0, 9223372036794085807
1, 4047, 0, 9223372036854775807, 0, 9223372036794070807
1, 4048, 0, 9223372036854775807, 0, 9223372036794055807
1, 4049, 0, 9223372036854775807, 0, 9223372036794040807
1, 405, 0, 9223372036854775807, 0, 9223372036848700807
1, 4050, 0, 9223372036854775807, 0, 9223372036794025807
1, 4051, 0, 9223372036854775807, 0, 9223372036794010807
1, 4052, 0, 9223372036854775807, 0, 9223372036793995807
1, 4053, 0, 9223372036854775807, 0, 9223372036793980807
1, 4054, 0, 9223372036854775807, 0, 9223372036793965807
1, 4055, 0, 9223372036854775807, 0, 9223372036793950807
1, 4056, 0, 9223372036854775807, 0, 9223372036793935807
1, 4057, 0, 9223372036854775807, 0, 9223372036793920807
1, 4058, 0, 9223372036854775807, 0, 9223372036793905807
1, 4059, 0, 9223372036854775807, 0, 9223372036793890807
1, 406, 0, 9223372036854775807, 0, 9223372036848685807
1, 4060, 0, 9223372036854775807, 0, 9223372036793875807
1, 4061, 0, 9223372036854775807, 0, 9223372036793860807
1, 4062, 0, 9223372036854775807, 0, 9223372036793845807
1, 4063, 0, 9223372036854775807, 0, 9223372036793830807
1, 4064, 0, 9223372036854775807, 0, 9223372036793815807
1, 4065, 0, 9223372036854775807, 0, 9223372036793800807
1, 4066, 0, 9223372036854775807, 0, 9223372036793785807
1, 4067, 0, 9223372036854775807, 0, 9223372036793770807
1, 4068, 0, 9223372036854775807, 0, 9223372036793755807
1, 4069, 0, 9223372036854775807, 0, 9223372036793740807
1, 407, 0, 9223372036854775807, 0, 9223372036848670807
1, 4070, 0, 9223372036854775807, 0, 9223372036793725807
1, 4071, 0, 9223372036854775807, 0, 9223372036793710807
1, 4072, 0, 9223372036854775807, 0, 9223372036793695807
1, 4073, 0, 9223372036854775807, 0, 9223372036793680807
1, 4074, 0, 9223372036854775807, 0, 9223372036793665807
1, 4075, 0, 9223372036854775807, 0, 9223372036793650807
1, 4076, 0, 9223372036854775807, 0, 9223372036793635807
1, 4077, 0, 9223372036854775807, 0, 9223372036793620807
1, 4078, 0, 9223372036854775807, 0, 9223372036793605807
1, 4079, 0, 9223372036854775807, 0, 9223372036793590807
1, 408, 0, 9223372036854775807, 0, 9223372036848655807
1, 4080, 0, 9223372036854775807, 0, 9223372036793575807
1, 4081, 0, 9223372036854775807, 0, 9223372036793560807
1, 4082, 0, 9223372036854775807, 0, 9223372036793545807
1, 4083, 0, 9223372036854775807, 0, 9223372036793530807
1, 4084, 0, 9223372036854775807, 0, 9223372036793515807
1, 4085, 0, 9223372036854775807, 0, 9223372036793500807
1, 4086, 0, 9223372036854775807, 0, 9223372036793485807
1, 4087, 0, 9223372036854775807, 0, 9223372036793470807
1, 4088, 0, 9223372036854775807, 0, 9223372036793455807
1, 4089, 0, 9223372036854775807, 0, 9223372036793440807
1, 409, 0, 9223372036854775807, 0, 9223372036848640807
1, 4090, 0, 9223372036854775807, 0, 9223372036793425807
1, 4091, 0, 9223372036854775807, 0, 9223372036793410807
1, 4092, 0, 9223372036854775807, 0, 9223372036793395807
1, 4093, 0, 9223372036854775807, 0, 9223372036793380807
1, 4094, 0, 9223372036854775807, 0, 9223372036793365807
1, 4095, 0, 9223372036854775807, 0, 9223372036793350807
1, 4096, 0, 9223372036854775807, 0, 9223372036793335807
1, 4097, 0, 9223372036854775807, 0, 9223372036793320807
1, 4098, 0, 9223372036854775807, 0, 9223372036793305807
1, 4099, 0, 9223372036854775807, 0, 9223372036793290807
1, 41, 0, 9223372036854775807, 0, 9223372036854160807
1, 410, 0, 9223372036854775807, 0, 9223372036848625807
1, 4100, 0, 9223372036854775807, 0, 9223372036793275807
1, 4101, 0, 9223372036854775807, 0, 9223372036793260807
1, 4102, 0, 9223372036854775807, 0, 9223372036793245807
1, 4103, 0, 9223372036854775807, 0, 9223372036793230807
1, 4104, 0, 9223372036854775807, 0, 9223372036793215807
1, 4105, 0, 9223372036854775807, 0, 9223372036793200807
1, 4106, 0, 9223372036854775807, 0, 9223372036793185807
1, 4107, 0, 9223372036854775807, 0, 9223372036793170807
1, 4108, 0, 9223372036854775807, 0, 9223372036793155807
1, 4109, 0, 9223372036854775807, 0, 9223372036793140807
1, 411, 0, 9223372036854775807, 0, 9223372036848610807
1, 4110, 0, 9223372036854775807, 0, 9223372036793125807
1, 4111, 0, 9223372036854775807, 0, 9223372036793110807
1, 4112, 0, 9223372036854775807, 0, 9223372036793095807
1, 4113, 0, 9223372036854775807, 0, 9223372036793080807
1, 4114, 0, 9223372036854775807, 0, 9223372036793065807
1, 4115, 0, 9223372036854775807, 0, 9223372036793050807
1, 4116, 0, 9223372036854775807, 0, 9223372036793035807
1, 4117, 0, 9223372036854775807, 0, 9223372036793020807
1, 4118, 0, 9223372036854775807, 0, 9223372036793005807
1, 4119, 0, 9223372036854775807, 0, 9223372036792990807
1, 412, 0, 9223372036854775807, 0, 9223372036848595807
1, 4120, 0, 9223372036854775807, 0, 9223372036792975807
1, 4121, 0, 9223372036854775807, 0, 9223372036792960807
1, 4122, 0, 9223372036854775807, 0, 9223372036792945807
1, 4123, 0, 9223372036854775807, 0, 9223372036792930807
1, 4124, 0, 9223372036854775807, 0, 9223372036792915807
1, 4125, 0, 9223372036854775807, 0, 9223372036792900807
1, 4126, 0, 9223372036854775807, 0, 9223372036792885807
1, 4127, 0, 9223372036854775807, 0, 9223372036792870807
1, 4128, 0, 9223372036854775807, 0, 9223372036792855807
1, 4129, 0, 9223372036854775807, 0, 9223372036792840807
1, 413, 0, 9223372036854775807, 0, 9223372036848580807
1, 4130, 0, 9223372036854775807, 0, 9223372036792825807
1, 4131, 0, 9223372036854775807, 0, 9223372036792810807
1, 4132, 0, 9223372036854775807, 0, 9223372036792795807
1, 4133, 0, 9223372036854775807, 0, 9223372036792780807
1, 4134, 0, 9223372036854775807, 0, 9223372036792765807
1, 4135, 0, 9223372036854775807, 0, 9223372036792750807
1, 4136, 0, 9223372036854775807, 0, 9223372036792735807
1, 4137, 0, 9223372036854775807, 0, 9223372036792720807
1, 4138, 0, 9223372036854775807, 0, 9223372036792705807
1, 4139, 0, 9223372036854775807, 0, 9223372036792690807
1, 414, 0, 9223372036854775807, 0, 9223372036848565807
1, 4140, 0, 9223372036854775807, 0, 9223372036792675807
1, 4141, 0, 9223372036854775807, 0, 9223372036792660807
1, 4142, 0, 9223372036854775807, 0, 9223372036792645807
1, 4143, 0, 9223372036854775807, 0, 9223372036792630807
1, 4144, 0, 9223372036854775807, 0, 9223372036792615807
1, 4145, 0, 9223372036854775807, 0, 9223372036792600807
1, 4146, 0, 9223372036854775807, 0, 9223372036792585807
1, 4147, 0, 9223372036854775807, 0, 9223372036792570807
1, 4148, 0, 9223372036854775807, 0, 9223372036792555807
1, 4149, 0, 9223372036854775807, 0, 9223372036792540807
1, 415, 0, 9223372036854775807, 0, 9223372036848550807
1, 4150, 0, 9223372036854775807, 0, 9223372036792525807
1, 4151, 0, 9223372036854775807, 0, 9223372036792510807
1, 4152, 0, 9223372036854775807, 0, 9223372036792495807
1, 4153, 0, 9223372036854775807, 0, 9223372036792480807
1, 4154, 0, 9223372036854775807, 0, 9223372036792465807
1, 4155, 0, 9223372036854775807, 0, 9223372036792450807
1, 4156, 0, 9223372036854775807, 0, 9223372036792435807
1, 4157, 0, 9223372036854775807, 0, 9223372036792420807
1, 4158, 0, 9223372036854775807, 0, 9223372036792405807
1, 4159, 0, 9223372036854775807, 0, 9223372036792390807
1, 416, 0, 9223372036854775807, 0, 9223372036848535807
1, 4160, 0, 9223372036854775807, 0, 9223372036792375807
1, 4161, 0, 9223372036854775807, 0, 9223372036792360807
1, 4162, 0, 9223372036854775807, 0, 9223372036792345807
1, 4163, 0, 9223372036854775807, 0, 9223372036792330807
1, 4164, 0, 9223372036854775807, 0, 9223372036792315807
1, 4165, 0, 9223372036854775807, 0, 9223372036792300807
1, 4166, 0, 9223372036854775807, 0, 9223372036792285807
1, 4167, 0, 9223372036854775807, 0, 9223372036792270807
1, 4168, 0, 9223372036854775807, 0, 9223372036792255807
1, 4169, 0, 9223372036854775807, 0, 9223372036792240807
1, 417, 0, 9223372036854775807, 0, 9223372036848520807
1, 4170, 0, 9223372036854775807, 0, 9223372036792225807
1, 4171, 0, 9223372036854775807, 0, 9223372036792210807
1, 4172, 0, 9223372036854775807, 0, 9223372036792195807
1, 4173, 0, 9223372036854775807, 0, 9223372036792180807
1, 4174, 0, 9223372036854775807, 0, 9223372036792165807
1, 4175, 0, 9223372036854775807, 0, 9223372036792150807
1, 4176, 0, 9223372036854775807, 0, 9223372036792135807
1, 4177, 0, 9223372036854775807, 0, 9223372036792120807
1, 4178, 0, 9223372036854775807, 0, 9223372036792105807
1, 4179, 0, 9223372036854775807, 0, 9223372036792090807
1, 418, 0, 9223372036854775807, 0, 9223372036848505807
1, 4180, 0, 9223372036854775807, 0, 9223372036792075807
1, 4181, 0, 9223372036854775807, 0, 9223372036792060807
1, 4182, 0, 9223372036854775807, 0, 9223372036792045807
1, 4183, 0, 9223372036854775807, 0, 9223372036792030807
1, 4184, 0, 9223372036854775807, 0, 9223372036792015807
1, 4185, 0, 9223372036854775807, 0, 9223372036792000807
1, 4186, 0, 9223372036854775807, 0, 9223372036791985807
1, 4187, 0, 9223372036854775807, 0, 9223372036791970807
1, 4188, 0, 9223372036854775807, 0, 9223372036791955807
1, 4189, 0, 9223372036854775807, 0, 9223372036791940807
1, 419, 0, 9223372036854775807, 0, 9223372036848490807
1, 4190, 0, 9223372036854775807, 0, 9223372036791925807
1, 4191, 0, 9223372036854775807, 0, 9223372036791910807
1, 4192, 0, 9223372036854775807, 0, 9223372036791895807
1, 4193, 0, 9223372036854775807, 0, 9223372036791880807
1, 4194, 0, 9223372036854775807, 0, 9223372036791865807
1, 4195, 0, 9223372036854775807, 0, 9223372036791850807
1, 4196, 0, 9223372036854775807, 0, 9223372036791835807
1, 4197, 0, 9223372036854775807, 0, 9223372036791820807
1, 4198, 0, 9223372036854775807, 0, 9223372036791805807
1, 4199, 0, 9223372036854775807, 0, 9223372036791790807
1, 42, 0, 9223372036854775807, 0, 9223372036854145807
1, 420, 0, 9223372036854775807, 0, 9223372036848475807
1, 4200, 0, 9223372036854775807, 0, 9223372036791775807
1, 4201, 0, 9223372036854775807, 0, 9223372036791760807
1, 4202, 0, 9223372036854775807, 0, 9223372036791745807
1, 4203, 0, 9223372036854775807, 0, 9223372036791730807
1, 4204, 0, 9223372036854775807, 0, 9223372036791715807
1, 4205, 0, 9223372036854775807, 0, 9223372036791700807
1, 4206, 0, 9223372036854775807, 0, 9223372036791685807
1, 4207, 0, 9223372036854775807, 0, 9223372036791670807
1, 4208, 0, 9223372036854775807, 0, 9223372036791655807
1, 4209, 0, 9223372036854775807, 0, 9223372036791640807
1, 421, 0, 9223372036854775807, 0, 9223372036848460807
1, 4210, 0, 9223372036854775807, 0, 9223372036791625807
1, 4211, 0, 9223372036854775807, 0, 9223372036791610807
1, 4212, 0, 9223372036854775807, 0, 9223372036791595807
1, 4213, 0, 9223372036854775807, 0, 9223372036791580807
1, 4214, 0, 9223372036854775807, 0, 9223372036791565807
1, 4215, 0, 9223372036854775807, 0, 9223372036791550807
1, 4216, 0, 9223372036854775807, 0, 9223372036791535807
1, 4217, 0, 9223372036854775807, 0, 9223372036791520807
1, 4218, 0, 9223372036854775807, 0, 9223372036791505807
1, 4219, 0, 9223372036854775807, 0, 9223372036791490807
1, 422, 0, 9223372036854775807, 0, 9223372036848445807
1, 4220, 0, 9223372036854775807, 0, 9223372036791475807
1, 4221, 0, 9223372036854775807, 0, 9223372036791460807
1, 4222, 0, 9223372036854775807, 0, 9223372036791445807
1, 4223, 0, 9223372036854775807, 0, 9223372036791430807
1, 4224, 0, 9223372036854775807, 0, 9223372036791415807
1, 4225, 0, 9223372036854775807, 0, 9223372036791400807
1, 4226, 0, 9223372036854775807, 0, 9223372036791385807
1, 4227, 0, 9223372036854775807, 0, 9223372036791370807
1, 4228, 0, 9223372036854775807, 0, 9223372036791355807
1, 4229, 0, 9223372036854775807, 0, 9223372036791340807
1, 423, 0, 9223372036854775807, 0, 9223372036848430807
1, 4230, 0, 9223372036854775807, 0, 9223372036791325807
1, 4231, 0, 9223372036854775807, 0, 9223372036791310807
1, 4232, 0, 9223372036854775807, 0, 9223372036791295807
1, 4233, 0, 9223372036854775807, 0, 9223372036791280807
1, 4234, 0, 9223372036854775807, 0, 9223372036791265807
1, 4235, 0, 9223372036854775807, 0, 9223372036791250807
1, 4236, 0, 9223372036854775807, 0, 9223372036791235807
1, 4237, 0, 9223372036854775807, 0, 9223372036791220807
1, 4238, 0, 9223372036854775807, 0, 9223372036791205807
1, 4239, 0, 9223372036854775807, 0, 9223372036791190807
1, 424, 0, 9223372036854775807, 0, 9223372036848415807
1, 4240, 0, 9223372036854775807, 0, 9223372036791175807
1, 4241, 0, 9223372036854775807, 0, 9223372036791160807
1, 4242, 0, 9223372036854775807, 0, 9223372036791145807
1, 4243, 0, 9223372036854775807, 0, 9223372036791130807
1, 4244, 0, 9223372036854775807, 0, 9223372036791115807
1, 4245, 0, 9223372036854775807, 0, 9223372036791100807
1, 4246, 0, 9223372036854775807, 0, 9223372036791085807
1, 4247, 0, 9223372036854775807, 0, 9223372036791070807
1, 4248, 0, 9223372036854775807, 0, 9223372036791055807
1, 4249, 0, 9223372036854775807, 0, 9223372036791040807
1, 425, 0, 9223372036854775807, 0, 9223372036848400807
1, 4250, 0, 9223372036854775807, 0, 9223372036791025807
1, 4251, 0, 9223372036854775807, 0, 9223372036791010807
1, 4252, 0, 9223372036854775807, 0, 9223372036790995807
1, 4253, 0, 9223372036854775807, 0, 9223372036790980807
1, 4254, 0, 9223372036854775807, 0, 9223372036790965807
1, 4255, 0, 9223372036854775807, 0, 9223372036790950807
1, 4256, 0, 9223372036854775807, 0, 9223372036790935807
1, 4257, 0, 9223372036854775807, 0, 9223372036790920807
1, 4258, 0, 9223372036854775807, 0, 9223372036790905807
1, 4259, 0, 9223372036854775807, 0, 9223372036790890807
1, 426, 0, 9223372036854775807, 0, 9223372036848385807
1, 4260, 0, 9223372036854775807, 0, 9223372036790875807
1, 4261, 0, 9223372036854775807, 0, 9223372036790860807
1, 4262, 0, 9223372036854775807, 0, 9223372036790845807
1, 4263, 0, 9223372036854775807, 0, 9223372036790830807
1, 4264, 0, 9223372036854775807, 0, 9223372036790815807
1, 4265, 0, 9223372036854775807, 0, 9223372036790800807
1, 4266, 0, 9223372036854775807, 0, 9223372036790785807
1, 4267, 0, 9223372036854775807, 0, 9223372036790770807
1, 4268, 0, 9223372036854775807, 0, 9223372036790755807
1, 4269, 0, 9223372036854775807, 0, 9223372036790740807
1, 427, 0, 9223372036854775807, 0, 9223372036848370807
1, 4270, 0, 9223372036854775807, 0, 9223372036790725807
1, 4271, 0, 9223372036854775807, 0, 9223372036790710807
1, 4272, 0, 9223372036854775807, 0, 9223372036790695807
1, 4273, 0, 9223372036854775807, 0, 9223372036790680807
1, 4274, 0, 9223372036854775807, 0, 9223372036790665807
1, 4275, 0, 9223372036854775807, 0, 9223372036790650807
1, 4276, 0, 9223372036854775807, 0, 9223372036790635807
1, 4277, 0, 9223372036854775807, 0, 9223372036790620807
1, 4278, 0, 9223372036854775807, 0, 9223372036790605807
1, 4279, 0, 9223372036854775807, 0, 9223372036790590807
1, 428, 0, 9223372036854775807, 0, 9223372036848355807
1, 4280, 0, 9223372036854775807, 0, 9223372036790575807
1, 4281, 0, 9223372036854775807, 0, 9223372036790560807
1, 4282, 0, 9223372036854775807, 0, 9223372036790545807
1, 4283, 0, 9223372036854775807, 0, 9223372036790530807
1, 4284, 0, 9223372036854775807, 0, 9223372036790515807
1, 4285, 0, 9223372036854775807, 0, 9223372036790500807
1, 4286, 0, 9223372036854775807, 0, 9223372036790485807
1, 4287, 0, 9223372036854775807, 0, 9223372036790470807
1, 4288, 0, 9223372036854775807, 0, 9223372036790455807
1, 4289, 0, 9223372036854775807, 0, 9223372036790440807
1, 429, 0, 9223372036854775807, 0, 9223372036848340807
1, 4290, 0, 9223372036854775807, 0, 9223372036790425807
1, 4291, 0, 9223372036854775807, 0, 9223372036790410807
1, 4292, 0, 9223372036854775807, 0, 9223372036790395807
1, 4293, 0, 9223372036854775807, 0, 9223372036790380807
1, 4294, 0, 9223372036854775807, 0, 9223372036790365807
1, 4295, 0, 9223372036854775807, 0, 9223372036790350807
1, 4296, 0, 9223372036854775807, 0, 9223372036790335807
1, 4297, 0, 9223372036854775807, 0, 9223372036790320807
1, 4298, 0, 9223372036854775807, 0, 9223372036790305807
1, 4299, 0, 9223372036854775807, 0, 9223372036790290807
1, 43, 0, 9223372036854775807, 0, 9223372036854130807
1, 430, 0, 9223372036854775807, 0, 9223372036848325807
1, 4300, 0, 9223372036854775807, 0, 9223372036790275807
1, 4301, 0, 9223372036854775807, 0, 9223372036790260807
1, 4302, 0, 9223372036854775807, 0, 9223372036790245807
1, 4303, 0, 9223372036854775807, 0, 9223372036790230807
1, 4304, 0, 9223372036854775807, 0, 9223372036790215807
1, 4305, 0, 9223372036854775807, 0, 9223372036790200807
1, 4306, 0, 9223372036854775807, 0, 9223372036790185807
1, 4307, 0, 9223372036854775807, 0, 9223372036790170807
1, 4308, 0, 9223372036854775807, 0, 9223372036790155807
1, 4309, 0, 9223372036854775807, 0, 9223372036790140807
1, 431, 0, 9223372036854775807, 0, 9223372036848310807
1, 4310, 0, 9223372036854775807, 0, 9223372036790125807
1, 4311, 0, 9223372036854775807, 0, 9223372036790110807
1, 4312, 0, 9223372036854775807, 0, 9223372036790095807
1, 4313, 0, 9223372036854775807, 0, 9223372036790080807
1, 4314, 0, 9223372036854775807, 0, 9223372036790065807
1, 4315, 0, 9223372036854775807, 0, 9223372036790050807
1, 4316, 0, 9223372036854775807, 0, 9223372036790035807
1, 4317, 0, 9223372036854775807, 0, 9223372036790020807
1, 4318, 0, 9223372036854775807, 0, 9223372036790005807
1, 4319, 0, 9223372036854775807, 0, 9223372036789990807
1, 432, 0, 9223372036854775807, 0, 9223372036848295807
1, 4320, 0, 9223372036854775807, 0, 9223372036789975807
1, 4321, 0, 9223372036854775807, 0, 9223372036789960807
1, 4322, 0, 9223372036854775807, 0, 9223372036789945807
1, 4323, 0, 9223372036854775807, 0, 9223372036789930807
1, 4324, 0, 9223372036854775807, 0, 9223372036789915807
1, 4325, 0, 9223372036854775807, 0, 9223372036789900807
1, 4326, 0, 9223372036854775807, 0, 9223372036789885807
1, 4327, 0, 9223372036854775807, 0, 9223372036789870807
1, 4328, 0, 9223372036854775807, 0, 9223372036789855807
1, 4329, 0, 9223372036854775807, 0, 9223372036789840807
1, 433, 0, 9223372036854775807, 0, 9223372036848280807
1, 4330, 0, 9223372036854775807, 0, 9223372036789825807
1, 4331, 0, 9223372036854775807, 0, 9223372036789810807
1, 4332, 0, 9223372036854775807, 0, 9223372036789795807
1, 4333, 0, 9223372036854775807, 0, 9223372036789780807
1, 4334, 0, 9223372036854775807, 0, 9223372036789765807
1, 4335, 0, 9223372036854775807, 0, 9223372036789750807
1, 4336, 0, 9223372036854775807, 0, 9223372036789735807
1, 4337, 0, 9223372036854775807, 0, 9223372036789720807
1, 4338, 0, 9223372036854775807, 0, 9223372036789705807
1, 4339, 0, 9223372036854775807, 0, 9223372036789690807
1, 434, 0, 9223372036854775807, 0, 9223372036848265807
1, 4340, 0, 9223372036854775807, 0, 9223372036789675807
1, 4341, 0, 9223372036854775807, 0, 9223372036789660807
1, 4342, 0, 9223372036854775807, 0, 9223372036789645807
1, 4343, 0, 9223372036854775807, 0, 9223372036789630807
1, 4344, 0, 9223372036854775807, 0, 9223372036789615807
1, 4345, 0, 9223372036854775807, 0, 9223372036789600807
1, 4346, 0, 9223372036854775807, 0, 9223372036789585807
1, 4347, 0, 9223372036854775807, 0, 9223372036789570807
1, 4348, 0, 9223372036854775807, 0, 9223372036789555807
1, 4349, 0, 9223372036854775807, 0, 9223372036789540807
1, 435, 0, 9223372036854775807, 0, 9223372036848250807
1, 4350, 0, 9223372036854775807, 0, 9223372036789525807
1, 4351, 0, 9223372036854775807, 0, 9223372036789510807
1, 4352, 0, 9223372036854775807, 0, 9223372036789495807
1, 4353, 0, 9223372036854775807, 0, 9223372036789480807
1, 4354, 0, 9223372036854775807, 0, 9223372036789465807
1, 4355, 0, 9223372036854775807, 0, 9223372036789450807
1, 4356, 0, 9223372036854775807, 0, 9223372036789435807
1, 4357, 0, 9223372036854775807, 0, 9223372036789420807
1, 4358, 0, 9223372036854775807, 0, 9223372036789405807
1, 4359, 0, 9223372036854775807, 0, 9223372036789390807
1, 436, 0, 9223372036854775807, 0, 9223372036848235807
1, 4360, 0, 9223372036854775807, 0, 9223372036789375807
1, 4361, 0, 9223372036854775807, 0, 9223372036789360807
1, 4362, 0, 9223372036854775807, 0, 9223372036789345807
1, 4363, 0, 9223372036854775807, 0, 9223372036789330807
1, 4364, 0, 9223372036854775807, 0, 9223372036789315807
1, 4365, 0, 9223372036854775807, 0, 9223372036789300807
1, 4366, 0, 9223372036854775807, 0, 9223372036789285807
1, 4367, 0, 9223372036854775807, 0, 9223372036789270807
1, 4368, 0, 9223372036854775807, 0, 9223372036789255807
1, 4369, 0, 9223372036854775807, 0, 9223372036789240807
1, 437, 0, 9223372036854775807, 0, 9223372036848220807
1, 4370, 0, 9223372036854775807, 0, 9223372036789225807
1, 4371, 0, 9223372036854775807, 0, 9223372036789210807
1, 4372, 0, 9223372036854775807, 0, 9223372036789195807
1, 4373, 0, 9223372036854775807, 0, 9223372036789180807
1, 4374, 0, 9223372036854775807, 0, 9223372036789165807
1, 4375, 0, 9223372036854775807, 0, 9223372036789150807
1, 4376, 0, 9223372036854775807, 0, 9223372036789135807
1, 4377, 0, 9223372036854775807, 0, 9223372036789120807
1, 4378, 0, 9223372036854775807, 0, 9223372036789105807
1, 4379, 0, 9223372036854775807, 0, 9223372036789090807
1, 438, 0, 9223372036854775807, 0, 9223372036848205807
1, 4380, 0, 9223372036854775807, 0, 9223372036789075807
1, 4381, 0, 9223372036854775807, 0, 9223372036789060807
1, 4382, 0, 9223372036854775807, 0, 9223372036789045807
1, 4383, 0, 9223372036854775807, 0, 9223372036789030807
1, 4384, 0, 9223372036854775807, 0, 9223372036789015807
1, 4385, 0, 9223372036854775807, 0, 9223372036789000807
1, 4386, 0, 9223372036854775807, 0, 9223372036788985807
1, 4387, 0, 9223372036854775807, 0, 9223372036788970807
1, 4388, 0, 9223372036854775807, 0, 9223372036788955807
1, 4389, 0, 9223372036854775807, 0, 9223372036788940807
1, 439, 0, 9223372036854775807, 0, 9223372036848190807
1, 4390, 0, 9223372036854775807, 0, 9223372036788925807
1, 4391, 0, 9223372036854775807, 0, 9223372036788910807
1, 4392, 0, 9223372036854775807, 0, 9223372036788895807
1, 4393, 0, 9223372036854775807, 0, 9223372036788880807
1, 4394, 0, 9223372036854775807, 0, 9223372036788865807
1, 4395, 0, 9223372036854775807, 0, 9223372036788850807
1, 4396, 0, 9223372036854775807, 0, 9223372036788835807
1, 4397, 0, 9223372036854775807, 0, 9223372036788820807
1, 4398, 0, 9223372036854775807, 0, 9223372036788805807
1, 4399, 0, 9223372036854775807, 0, 9223372036788790807
1, 44, 0, 9223372036854775807, 0, 9223372036854115807
1, 440, 0, 9223372036854775807, 0, 9223372036848175807
1, 4400, 0, 9223372036854775807, 0, 9223372036788775807
1, 4401, 0, 9223372036854775807, 0, 9223372036788760807
1, 4402, 0, 9223372036854775807, 0, 9223372036788745807
1, 4403, 0, 9223372036854775807, 0, 9223372036788730807
1, 4404, 0, 9223372036854775807, 0, 9223372036788715807
1, 4405, 0, 9223372036854775807, 0, 9223372036788700807
1, 4406, 0, 9223372036854775807, 0, 9223372036788685807
1, 4407, 0, 9223372036854775807, 0, 9223372036788670807
1, 4408, 0, 9223372036854775807, 0, 9223372036788655807
1, 4409, 0, 9223372036854775807, 0, 9223372036788640807
1, 441, 0, 9223372036854775807, 0, 9223372036848160807
1, 4410, 0, 9223372036854775807, 0, 9223372036788625807
1, 4411, 0, 9223372036854775807, 0, 9223372036788610807
1, 4412, 0, 9223372036854775807, 0, 9223372036788595807
1, 4413, 0, 9223372036854775807, 0, 9223372036788580807
1, 4414, 0, 9223372036854775807, 0, 9223372036788565807
1, 4415, 0, 9223372036854775807, 0, 9223372036788550807
1, 4416, 0, 9223372036854775807, 0, 9223372036788535807
1, 4417, 0, 9223372036854775807, 0, 9223372036788520807
1, 4418, 0, 9223372036854775807, 0, 9223372036788505807
1, 4419, 0, 9223372036854775807, 0, 9223372036788490807
1, 442, 0, 9223372036854775807, 0, 9223372036848145807
1, 4420, 0, 9223372036854775807, 0, 9223372036788475807
1, 4421, 0, 9223372036854775807, 0, 9223372036788460807
1, 4422, 0, 9223372036854775807, 0, 9223372036788445807
1, 4423, 0, 9223372036854775807, 0, 9223372036788430807
1, 4424, 0, 9223372036854775807, 0, 9223372036788415807
1, 4425, 0, 9223372036854775807, 0, 9223372036788400807
1, 4426, 0, 9223372036854775807, 0, 9223372036788385807
1, 4427, 0, 9223372036854775807, 0, 9223372036788370807
1, 4428, 0, 9223372036854775807, 0, 9223372036788355807
1, 4429, 0, 9223372036854775807, 0, 9223372036788340807
1, 443, 0, 9223372036854775807, 0, 9223372036848130807
1, 4430, 0, 9223372036854775807, 0, 9223372036788325807
1, 4431, 0, 9223372036854775807, 0, 9223372036788310807
1, 4432, 0, 9223372036854775807, 0, 9223372036788295807
1, 4433, 0, 9223372036854775807, 0, 9223372036788280807
1, 4434, 0, 9223372036854775807, 0, 9223372036788265807
1, 4435, 0, 9223372036854775807, 0, 9223372036788250807
1, 4436, 0, 9223372036854775807, 0, 9223372036788235807
1, 4437, 0, 9223372036854775807, 0, 9223372036788220807
1, 4438, 0, 9223372036854775807, 0, 9223372036788205807
1, 4439, 0, 9223372036854775807, 0, 9223372036788190807
1, 444, 0, 9223372036854775807, 0, 9223372036848115807
1, 4440, 0, 9223372036854775807, 0, 9223372036788175807
1, 4441, 0, 9223372036854775807, 0, 9223372036788160807
1, 4442, 0, 9223372036854775807, 0, 9223372036788145807
1, 4443, 0, 9223372036854775807, 0, 9223372036788130807
1, 4444, 0, 9223372036854775807, 0, 9223372036788115807
1, 4445, 0, 9223372036854775807, 0, 9223372036788100807
1, 4446, 0, 9223372036854775807, 0, 9223372036788085807
1, 4447, 0, 9223372036854775807, 0, 9223372036788070807
1, 4448, 0, 9223372036854775807, 0, 9223372036788055807
1, 4449, 0, 9223372036854775807, 0, 9223372036788040807
1, 445, 0, 9223372036854775807, 0, 9223372036848100807
1, 4450, 0, 9223372036854775807, 0, 9223372036788025807
1, 4451, 0, 9223372036854775807, 0, 9223372036788010807
1, 4452, 0, 9223372036854775807, 0, 9223372036787995807
1, 4453, 0, 9223372036854775807, 0, 9223372036787980807
1, 4454, 0, 9223372036854775807, 0, 9223372036787965807
1, 4455, 0, 9223372036854775807, 0, 9223372036787950807
1, 4456, 0, 9223372036854775807, 0, 9223372036787935807
1, 4457, 0, 9223372036854775807, 0, 9223372036787920807
1, 4458, 0, 9223372036854775807, 0, 9223372036787905807
1, 4459, 0, 9223372036854775807, 0, 9223372036787890807
1, 446, 0, 9223372036854775807, 0, 9223372036848085807
1, 4460, 0, 9223372036854775807, 0, 9223372036787875807
1, 4461, 0, 9223372036854775807, 0, 9223372036787860807
1, 4462, 0, 9223372036854775807, 0, 9223372036787845807
1, 4463, 0, 9223372036854775807, 0, 9223372036787830807
1, 4464, 0, 9223372036854775807, 0, 9223372036787815807
1, 4465, 0, 9223372036854775807, 0, 9223372036787800807
1, 4466, 0, 9223372036854775807, 0, 9223372036787785807
1, 4467, 0, 9223372036854775807, 0, 9223372036787770807
1, 4468, 0, 9223372036854775807, 0, 9223372036787755807
1, 4469, 0, 9223372036854775807, 0, 9223372036787740807
1, 447, 0, 9223372036854775807, 0, 9223372036848070807
1, 4470, 0, 9223372036854775807, 0, 9223372036787725807
1, 4471, 0, 9223372036854775807, 0, 9223372036787710807
1, 4472, 0, 9223372036854775807, 0, 9223372036787695807
1, 4473, 0, 9223372036854775807, 0, 9223372036787680807
1, 4474, 0, 9223372036854775807, 0, 9223372036787665807
1, 4475, 0, 9223372036854775807, 0, 9223372036787650807
1, 4476, 0, 9223372036854775807, 0, 9223372036787635807
1, 4477, 0, 9223372036854775807, 0, 9223372036787620807
1, 4478, 0, 9223372036854775807, 0, 9223372036787605807
1, 4479, 0, 9223372036854775807, 0, 9223372036787590807
1, 448, 0, 9223372036854775807, 0, 9223372036848055807
1, 4480, 0, 9223372036854775807, 0, 9223372036787575807
1, 4481, 0, 9223372036854775807, 0, 9223372036787560807
1, 4482, 0, 9223372036854775807, 0, 9223372036787545807
1, 4483, 0, 9223372036854775807, 0, 9223372036787530807
1, 4484, 0, 9223372036854775807, 0, 9223372036787515807
1, 4485, 0, 9223372036854775807, 0, 9223372036787500807
1, 4486, 0, 9223372036854775807, 0, 9223372036787485807
1, 4487, 0, 9223372036854775807, 0, 9223372036787470807
1, 4488, 0, 9223372036854775807, 0, 9223372036787455807
1, 4489, 0, 9223372036854775807, 0, 9223372036787440807
1, 449, 0, 9223372036854775807, 0, 9223372036848040807
1, 4490, 0, 9223372036854775807, 0, 9223372036787425807
1, 4491, 0, 9223372036854775807, 0, 9223372036787410807
1, 4492, 0, 9223372036854775807, 0, 9223372036787395807
1, 4493, 0, 9223372036854775807, 0, 9223372036787380807
1, 4494, 0, 9223372036854775807, 0, 9223372036787365807
1, 4495, 0, 9223372036854775807, 0, 9223372036787350807
1, 4496, 0, 9223372036854775807, 0, 9223372036787335807
1, 4497, 0, 9223372036854775807, 0, 9223372036787320807
1, 4498, 0, 9223372036854775807, 0, 9223372036787305807
1, 4499, 0, 9223372036854775807, 0, 9223372036787290807
1, 45, 0, 9223372036854775807, 0, 9223372036854100807
1, 450, 0, 9223372036854775807, 0, 9223372036848025807
1, 4500, 0, 9223372036854775807, 0, 9223372036787275807
1, 4501, 0, 9223372036854775807, 0, 9223372036787260807
1, 4502, 0, 9223372036854775807, 0, 9223372036787245807
1, 4503, 0, 9223372036854775807, 0, 9223372036787230807
1, 4504, 0, 9223372036854775807, 0, 9223372036787215807
1, 4505, 0, 9223372036854775807, 0, 9223372036787200807
1, 4506, 0, 9223372036854775807, 0, 9223372036787185807
1, 4507, 0, 9223372036854775807, 0, 9223372036787170807
1, 4508, 0, 9223372036854775807, 0, 9223372036787155807
1, 4509, 0, 9223372036854775807, 0, 9223372036787140807
1, 451, 0, 9223372036854775807, 0, 9223372036848010807
1, 4510, 0, 9223372036854775807, 0, 9223372036787125807
1, 4511, 0, 9223372036854775807, 0, 9223372036787110807
1, 4512, 0, 9223372036854775807, 0, 9223372036787095807
1, 4513, 0, 9223372036854775807, 0, 9223372036787080807
1, 4514, 0, 9223372036854775807, 0, 9223372036787065807
1, 4515, 0, 9223372036854775807, 0, 9223372036787050807
1, 4516, 0, 9223372036854775807, 0, 9223372036787035807
1, 4517, 0, 9223372036854775807, 0, 9223372036787020807
1, 4518, 0, 9223372036854775807, 0, 9223372036787005807
1, 4519, 0, 9223372036854775807, 0, 9223372036786990807
1, 452, 0, 9223372036854775807, 0, 9223372036847995807
1, 4520, 0, 9223372036854775807, 0, 9223372036786975807
1, 4521, 0, 9223372036854775807, 0, 9223372036786960807
1, 4522, 0, 9223372036854775807, 0, 9223372036786945807
1, 4523, 0, 9223372036854775807, 0, 9223372036786930807
1, 4524, 0, 9223372036854775807, 0, 9223372036786915807
1, 4525, 0, 9223372036854775807, 0, 9223372036786900807
1, 4526, 0, 9223372036854775807, 0, 9223372036786885807
1, 4527, 0, 9223372036854775807, 0, 9223372036786870807
1, 4528, 0, 9223372036854775807, 0, 9223372036786855807
1, 4529, 0, 9223372036854775807, 0, 9223372036786840807
1, 453, 0, 9223372036854775807, 0, 9223372036847980807
1, 4530, 0, 9223372036854775807, 0, 9223372036786825807
1, 4531, 0, 9223372036854775807, 0, 9223372036786810807
1, 4532, 0, 9223372036854775807, 0, 9223372036786795807
1, 4533, 0, 9223372036854775807, 0, 9223372036786780807
1, 4534, 0, 9223372036854775807, 0, 9223372036786765807
1, 4535, 0, 9223372036854775807, 0, 9223372036786750807
1, 4536, 0, 9223372036854775807, 0, 9223372036786735807
1, 4537, 0, 9223372036854775807, 0, 9223372036786720807
1, 4538, 0, 9223372036854775807, 0, 9223372036786705807
1, 4539, 0, 9223372036854775807, 0, 9223372036786690807
1, 454, 0, 9223372036854775807, 0, 9223372036847965807
1, 4540, 0, 9223372036854775807, 0, 9223372036786675807
1, 4541, 0, 9223372036854775807, 0, 9223372036786660807
1, 4542, 0, 9223372036854775807, 0, 9223372036786645807
1, 4543, 0, 9223372036854775807, 0, 9223372036786630807
1, 4544, 0, 9223372036854775807, 0, 9223372036786615807
1, 4545, 0, 9223372036854775807, 0, 9223372036786600807
1, 4546, 0, 9223372036854775807, 0, 9223372036786585807
1, 4547, 0, 9223372036854775807, 0, 9223372036786570807
1, 4548, 0, 9223372036854775807, 0, 9223372036786555807
1, 4549, 0, 9223372036854775807, 0, 9223372036786540807
1, 455, 0, 9223372036854775807, 0, 9223372036847950807
1, 4550, 0, 9223372036854775807, 0, 9223372036786525807
1, 4551, 0, 9223372036854775807, 0, 9223372036786510807
1, 4552, 0, 9223372036854775807, 0, 9223372036786495807
1, 4553, 0, 9223372036854775807, 0, 9223372036786480807
1, 4554, 0, 9223372036854775807, 0, 9223372036786465807
1, 4555, 0, 9223372036854775807, 0, 9223372036786450807
1, 4556, 0, 9223372036854775807, 0, 9223372036786435807
1, 4557, 0, 9223372036854775807, 0, 9223372036786420807
1, 4558, 0, 9223372036854775807, 0, 9223372036786405807
1, 4559, 0, 9223372036854775807, 0, 9223372036786390807
1, 456, 0, 9223372036854775807, 0, 9223372036847935807
1, 4560, 0, 9223372036854775807, 0, 9223372036786375807
1, 4561, 0, 9223372036854775807, 0, 9223372036786360807
1, 4562, 0, 9223372036854775807, 0, 9223372036786345807
1, 4563, 0, 9223372036854775807, 0, 9223372036786330807
1, 4564, 0, 9223372036854775807, 0, 9223372036786315807
1, 4565, 0, 9223372036854775807, 0, 9223372036786300807
1, 4566, 0, 9223372036854775807, 0, 9223372036786285807
1, 4567, 0, 9223372036854775807, 0, 9223372036786270807
1, 4568, 0, 9223372036854775807, 0, 9223372036786255807
1, 4569, 0, 9223372036854775807, 0, 9223372036786240807
1, 457, 0, 9223372036854775807, 0, 9223372036847920807
1, 4570, 0, 9223372036854775807, 0, 9223372036786225807
1, 4571, 0, 9223372036854775807, 0, 9223372036786210807
1, 4572, 0, 9223372036854775807, 0, 9223372036786195807
1, 4573, 0, 9223372036854775807, 0, 9223372036786180807
1, 4574, 0, 9223372036854775807, 0, 9223372036786165807
1, 4575, 0, 9223372036854775807, 0, 9223372036786150807
1, 4576, 0, 9223372036854775807, 0, 9223372036786135807
1, 4577, 0, 9223372036854775807, 0, 9223372036786120807
1, 4578, 0, 9223372036854775807, 0, 9223372036786105807
1, 4579, 0, 9223372036854775807, 0, 9223372036786090807
1, 458, 0, 9223372036854775807, 0, 9223372036847905807
1, 4580, 0, 9223372036854775807, 0, 9223372036786075807
1, 4581, 0, 9223372036854775807, 0, 9223372036786060807
1, 4582, 0, 9223372036854775807, 0, 9223372036786045807
1, 4583, 0, 9223372036854775807, 0, 9223372036786030807
1, 4584, 0, 9223372036854775807, 0, 9223372036786015807
1, 4585, 0, 9223372036854775807, 0, 9223372036786000807
1, 4586, 0, 9223372036854775807, 0, 9223372036785985807
1, 4587, 0, 9223372036854775807, 0, 9223372036785970807
1, 4588, 0, 9223372036854775807, 0, 9223372036785955807
1, 4589, 0, 9223372036854775807, 0, 9223372036785940807
1, 459, 0, 9223372036854775807, 0, 9223372036847890807
1, 4590, 0, 9223372036854775807, 0, 9223372036785925807
1, 4591, 0, 9223372036854775807, 0, 9223372036785910807
1, 4592, 0, 9223372036854775807, 0, 9223372036785895807
1, 4593, 0, 9223372036854775807, 0, 9223372036785880807
1, 4594, 0, 9223372036854775807, 0, 9223372036785865807
1, 4595, 0, 9223372036854775807, 0, 9223372036785850807
1, 4596, 0, 9223372036854775807, 0, 9223372036785835807
1, 4597, 0, 9223372036854775807, 0, 9223372036785820807
1, 4598, 0, 9223372036854775807, 0, 9223372036785805807
1, 4599, 0, 9223372036854775807, 0, 9223372036785790807
1, 46, 0, 9223372036854775807, 0, 9223372036854085807
1, 460, 0, 9223372036854775807, 0, 9223372036847875807
1, 4600, 0, 9223372036854775807, 0, 9223372036785775807
1, 4601, 0, 9223372036854775807, 0, 9223372036785760807
1, 4602, 0, 9223372036854775807, 0, 9223372036785745807
1, 4603, 0, 9223372036854775807, 0, 9223372036785730807
1, 4604, 0, 9223372036854775807, 0, 9223372036785715807
1, 4605, 0, 9223372036854775807, 0, 9223372036785700807
1, 4606, 0, 9223372036854775807, 0, 9223372036785685807
1, 4607, 0, 9223372036854775807, 0, 9223372036785670807
1, 4608, 0, 9223372036854775807, 0, 9223372036785655807
1, 4609, 0, 9223372036854775807, 0, 9223372036785640807
1, 461, 0, 9223372036854775807, 0, 9223372036847860807
1, 4610, 0, 9223372036854775807, 0, 9223372036785625807
1, 4611, 0, 9223372036854775807, 0, 9223372036785610807
1, 4612, 0, 9223372036854775807, 0, 9223372036785595807
1, 4613, 0, 9223372036854775807, 0, 9223372036785580807
1, 4614, 0, 9223372036854775807, 0, 9223372036785565807
1, 4615, 0, 9223372036854775807, 0, 9223372036785550807
1, 4616, 0, 9223372036854775807, 0, 9223372036785535807
1, 4617, 0, 9223372036854775807, 0, 9223372036785520807
1, 4618, 0, 9223372036854775807, 0, 9223372036785505807
1, 4619, 0, 9223372036854775807, 0, 9223372036785490807
1, 462, 0, 9223372036854775807, 0, 9223372036847845807
1, 4620, 0, 9223372036854775807, 0, 9223372036785475807
1, 4621, 0, 9223372036854775807, 0, 9223372036785460807
1, 4622, 0, 9223372036854775807, 0, 9223372036785445807
1, 4623, 0, 9223372036854775807, 0, 9223372036785430807
1, 4624, 0, 9223372036854775807, 0, 9223372036785415807
1, 4625, 0, 9223372036854775807, 0, 9223372036785400807
1, 4626, 0, 9223372036854775807, 0, 9223372036785385807
1, 4627, 0, 9223372036854775807, 0, 9223372036785370807
1, 4628, 0, 9223372036854775807, 0, 9223372036785355807
1, 4629, 0, 9223372036854775807, 0, 9223372036785340807
1, 463, 0, 9223372036854775807, 0, 9223372036847830807
1, 4630, 0, 9223372036854775807, 0, 9223372036785325807
1, 4631, 0, 9223372036854775807, 0, 9223372036785310807
1, 4632, 0, 9223372036854775807, 0, 9223372036785295807
1, 4633, 0, 9223372036854775807, 0, 9223372036785280807
1, 4634, 0, 9223372036854775807, 0, 9223372036785265807
1, 4635, 0, 9223372036854775807, 0, 9223372036785250807
1, 4636, 0, 9223372036854775807, 0, 9223372036785235807
1, 4637, 0, 9223372036854775807, 0, 9223372036785220807
1, 4638, 0, 9223372036854775807, 0, 9223372036785205807
1, 4639, 0, 9223372036854775807, 0, 9223372036785190807
1, 464, 0, 9223372036854775807, 0, 9223372036847815807
1, 4640, 0, 9223372036854775807, 0, 9223372036785175807
1, 4641, 0, 9223372036854775807, 0, 9223372036785160807
1, 4642, 0, 9223372036854775807, 0, 9223372036785145807
1, 4643, 0, 9223372036854775807, 0, 9223372036785130807
1, 4644, 0, 9223372036854775807, 0, 9223372036785115807
1, 4645, 0, 9223372036854775807, 0, 9223372036785100807
1, 4646, 0, 9223372036854775807, 0, 9223372036785085807
1, 4647, 0, 9223372036854775807, 0, 9223372036785070807
1, 4648, 0, 9223372036854775807, 0, 9223372036785055807
1, 4649, 0, 9223372036854775807, 0, 9223372036785040807
1, 465, 0, 9223372036854775807, 0, 9223372036847800807
1, 4650, 0, 9223372036854775807, 0, 9223372036785025807
1, 4651, 0, 9223372036854775807, 0, 9223372036785010807
1, 4652, 0, 9223372036854775807, 0, 9223372036784995807
1, 4653, 0, 9223372036854775807, 0, 9223372036784980807
1, 4654, 0, 9223372036854775807, 0, 9223372036784965807
1, 4655, 0, 9223372036854775807, 0, 9223372036784950807
1, 4656, 0, 9223372036854775807, 0, 9223372036784935807
1, 4657, 0, 9223372036854775807, 0, 9223372036784920807
1, 4658, 0, 9223372036854775807, 0, 9223372036784905807
1, 4659, 0, 9223372036854775807, 0, 9223372036784890807
1, 466, 0, 9223372036854775807, 0, 9223372036847785807
1, 4660, 0, 9223372036854775807, 0, 9223372036784875807
1, 4661, 0, 9223372036854775807, 0, 9223372036784860807
1, 4662, 0, 9223372036854775807, 0, 9223372036784845807
1, 4663, 0, 9223372036854775807, 0, 9223372036784830807
1, 4664, 0, 9223372036854775807, 0, 9223372036784815807
1, 4665, 0, 9223372036854775807, 0, 9223372036784800807
1, 4666, 0, 9223372036854775807, 0, 9223372036784785807
1, 4667, 0, 9223372036854775807, 0, 9223372036784770807
1, 4668, 0, 9223372036854775807, 0, 9223372036784755807
1, 4669, 0, 9223372036854775807, 0, 9223372036784740807
1, 467, 0, 9223372036854775807, 0, 9223372036847770807
1, 4670, 0, 9223372036854775807, 0, 9223372036784725807
1, 4671, 0, 9223372036854775807, 0, 9223372036784710807
1, 4672, 0, 9223372036854775807, 0, 9223372036784695807
1, 4673, 0, 9223372036854775807, 0, 9223372036784680807
1, 4674, 0, 9223372036854775807, 0, 9223372036784665807
1, 4675, 0, 9223372036854775807, 0, 9223372036784650807
1, 4676, 0, 9223372036854775807, 0, 9223372036784635807
1, 4677, 0, 9223372036854775807, 0, 9223372036784620807
1, 4678, 0, 9223372036854775807, 0, 9223372036784605807
1, 4679, 0, 9223372036854775807, 0, 9223372036784590807
1, 468, 0, 9223372036854775807, 0, 9223372036847755807
1, 4680, 0, 9223372036854775807, 0, 9223372036784575807
1, 4681, 0, 9223372036854775807, 0, 9223372036784560807
1, 4682, 0, 9223372036854775807, 0, 9223372036784545807
1, 4683, 0, 9223372036854775807, 0, 9223372036784530807
1, 4684, 0, 9223372036854775807, 0, 9223372036784515807
1, 4685, 0, 9223372036854775807, 0, 9223372036784500807
1, 4686, 0, 9223372036854775807, 0, 9223372036784485807
1, 4687, 0, 9223372036854775807, 0, 9223372036784470807
1, 4688, 0, 9223372036854775807, 0, 9223372036784455807
1, 4689, 0, 9223372036854775807, 0, 9223372036784440807
1, 469, 0, 9223372036854775807, 0, 9223372036847740807
1, 4690, 0, 9223372036854775807, 0, 9223372036784425807
1, 4691, 0, 9223372036854775807, 0, 9223372036784410807
1, 4692, 0, 9223372036854775807, 0, 9223372036784395807
1, 4693, 0, 9223372036854775807, 0, 9223372036784380807
1, 4694, 0, 9223372036854775807, 0, 9223372036784365807
1, 4695, 0, 9223372036854775807, 0, 9223372036784350807
1, 4696, 0, 9223372036854775807, 0, 9223372036784335807
1, 4697, 0, 9223372036854775807, 0, 9223372036784320807
1, 4698, 0, 9223372036854775807, 0, 9223372036784305807
1, 4699, 0, 9223372036854775807, 0, 9223372036784290807
1, 47, 0, 9223372036854775807, 0, 9223372036854070807
1, 470, 0, 9223372036854775807, 0, 9223372036847725807
1, 4700, 0, 9223372036854775807, 0, 9223372036784275807
1, 4701, 0, 9223372036854775807, 0, 9223372036784260807
1, 4702, 0, 9223372036854775807, 0, 9223372036784245807
1, 4703, 0, 9223372036854775807, 0, 9223372036784230807
1, 4704, 0, 9223372036854775807, 0, 9223372036784215807
1, 4705, 0, 9223372036854775807, 0, 9223372036784200807
1, 4706, 0, 9223372036854775807, 0, 9223372036784185807
1, 4707, 0, 9223372036854775807, 0, 9223372036784170807
1, 4708, 0, 9223372036854775807, 0, 9223372036784155807
1, 4709, 0, 9223372036854775807, 0, 9223372036784140807
1, 471, 0, 9223372036854775807, 0, 9223372036847710807
1, 4710, 0, 9223372036854775807, 0, 9223372036784125807
1, 4711, 0, 9223372036854775807, 0, 9223372036784110807
1, 4712, 0, 9223372036854775807, 0, 9223372036784095807
1, 4713, 0, 9223372036854775807, 0, 9223372036784080807
1, 4714, 0, 9223372036854775807, 0, 9223372036784065807
1, 4715, 0, 9223372036854775807, 0, 9223372036784050807
1, 4716, 0, 9223372036854775807, 0, 9223372036784035807
1, 4717, 0, 9223372036854775807, 0, 9223372036784020807
1, 4718, 0, 9223372036854775807, 0, 9223372036784005807
1, 4719, 0, 9223372036854775807, 0, 9223372036783990807
1, 472, 0, 9223372036854775807, 0, 9223372036847695807
1, 4720, 0, 9223372036854775807, 0, 9223372036783975807
1, 4721, 0, 9223372036854775807, 0, 9223372036783960807
1, 4722, 0, 9223372036854775807, 0, 9223372036783945807
1, 4723, 0, 9223372036854775807, 0, 9223372036783930807
1, 4724, 0, 9223372036854775807, 0, 9223372036783915807
1, 4725, 0, 9223372036854775807, 0, 9223372036783900807
1, 4726, 0, 9223372036854775807, 0, 9223372036783885807
1, 4727, 0, 9223372036854775807, 0, 9223372036783870807
1, 4728, 0, 9223372036854775807, 0, 9223372036783855807
1, 4729, 0, 9223372036854775807, 0, 9223372036783840807
1, 473, 0, 9223372036854775807, 0, 9223372036847680807
1, 4730, 0, 9223372036854775807, 0, 9223372036783825807
1, 4731, 0, 9223372036854775807, 0, 9223372036783810807
1, 4732, 0, 9223372036854775807, 0, 9223372036783795807
1, 4733, 0, 9223372036854775807, 0, 9223372036783780807
1, 4734, 0, 9223372036854775807, 0, 9223372036783765807
1, 4735, 0, 9223372036854775807, 0, 9223372036783750807
1, 4736, 0, 9223372036854775807, 0, 9223372036783735807
1, 4737, 0, 9223372036854775807, 0, 9223372036783720807
1, 4738, 0, 9223372036854775807, 0, 9223372036783705807
1, 4739, 0, 9223372036854775807, 0, 9223372036783690807
1, 474, 0, 9223372036854775807, 0, 9223372036847665807
1, 4740, 0, 9223372036854775807, 0, 9223372036783675807
1, 4741, 0, 9223372036854775807, 0, 9223372036783660807
1, 4742, 0, 9223372036854775807, 0, 9223372036783645807
1, 4743, 0, 9223372036854775807, 0, 9223372036783630807
1, 4744, 0, 9223372036854775807, 0, 9223372036783615807
1, 4745, 0, 9223372036854775807, 0, 9223372036783600807
1, 4746, 0, 9223372036854775807, 0, 9223372036783585807
1, 4747, 0, 9223372036854775807, 0, 9223372036783570807
1, 4748, 0, 9223372036854775807, 0, 9223372036783555807
1, 4749, 0, 9223372036854775807, 0, 9223372036783540807
1, 475, 0, 9223372036854775807, 0, 9223372036847650807
1, 4750, 0, 9223372036854775807, 0, 9223372036783525807
1, 4751, 0, 9223372036854775807, 0, 9223372036783510807
1, 4752, 0, 9223372036854775807, 0, 9223372036783495807
1, 4753, 0, 9223372036854775807, 0, 9223372036783480807
1, 4754, 0, 9223372036854775807, 0, 9223372036783465807
1, 4755, 0, 9223372036854775807, 0, 9223372036783450807
1, 4756, 0, 9223372036854775807, 0, 9223372036783435807
1, 4757, 0, 9223372036854775807, 0, 9223372036783420807
1, 4758, 0, 9223372036854775807, 0, 9223372036783405807
1, 4759, 0, 9223372036854775807, 0, 9223372036783390807
1, 476, 0, 9223372036854775807, 0, 9223372036847635807
1, 4760, 0, 9223372036854775807, 0, 9223372036783375807
1, 4761, 0, 9223372036854775807, 0, 9223372036783360807
1, 4762, 0, 9223372036854775807, 0, 9223372036783345807
1, 4763, 0, 9223372036854775807, 0, 9223372036783330807
1, 4764, 0, 9223372036854775807, 0, 9223372036783315807
1, 4765, 0, 9223372036854775807, 0, 9223372036783300807
1, 4766, 0, 9223372036854775807, 0, 9223372036783285807
1, 4767, 0, 9223372036854775807, 0, 9223372036783270807
1, 4768, 0, 9223372036854775807, 0, 9223372036783255807
1, 4769, 0, 9223372036854775807, 0, 9223372036783240807
1, 477, 0, 9223372036854775807, 0, 9223372036847620807
1, 4770, 0, 9223372036854775807, 0, 9223372036783225807
1, 4771, 0, 9223372036854775807, 0, 9223372036783210807
1, 4772, 0, 9223372036854775807, 0, 9223372036783195807
1, 4773, 0, 9223372036854775807, 0, 9223372036783180807
1, 4774, 0, 9223372036854775807, 0, 9223372036783165807
1, 4775, 0, 9223372036854775807, 0, 9223372036783150807
1, 4776, 0, 9223372036854775807, 0, 9223372036783135807
1, 4777, 0, 9223372036854775807, 0, 9223372036783120807
1, 4778, 0, 9223372036854775807, 0, 9223372036783105807
1, 4779, 0, 9223372036854775807, 0, 9223372036783090807
1, 478, 0, 9223372036854775807, 0, 9223372036847605807
1, 4780, 0, 9223372036854775807, 0, 9223372036783075807
1, 4781, 0, 9223372036854775807, 0, 9223372036783060807
1, 4782, 0, 9223372036854775807, 0, 9223372036783045807
1, 4783, 0, 9223372036854775807, 0, 9223372036783030807
1, 4784, 0, 9223372036854775807, 0, 9223372036783015807
1, 4785, 0, 9223372036854775807, 0, 9223372036783000807
1, 4786, 0, 9223372036854775807, 0, 9223372036782985807
1, 4787, 0, 9223372036854775807, 0, 9223372036782970807
1, 4788, 0, 9223372036854775807, 0, 9223372036782955807
1, 4789, 0, 9223372036854775807, 0, 9223372036782940807
1, 479, 0, 9223372036854775807, 0, 9223372036847590807
1, 4790, 0, 9223372036854775807, 0, 9223372036782925807
1, 4791, 0, 9223372036854775807, 0, 9223372036782910807
1, 4792, 0, 9223372036854775807, 0, 9223372036782895807
1, 4793, 0, 9223372036854775807, 0, 9223372036782880807
1, 4794, 0, 9223372036854775807, 0, 9223372036782865807
1, 4795, 0, 9223372036854775807, 0, 9223372036782850807
1, 4796, 0, 9223372036854775807, 0, 9223372036782835807
1, 4797, 0, 9223372036854775807, 0, 9223372036782820807
1, 4798, 0, 9223372036854775807, 0, 9223372036782805807
1, 4799, 0, 9223372036854775807, 0, 9223372036782790807
1, 48, 0, 9223372036854775807, 0, 9223372036854055807
1, 480, 0, 9223372036854775807, 0, 9223372036847575807
1, 4800, 0, 9223372036854775807, 0, 9223372036782775807
1, 4801, 0, 9223372036854775807, 0, 9223372036782760807
1, 4802, 0, 9223372036854775807, 0, 9223372036782745807
1, 4803, 0, 9223372036854775807, 0, 9223372036782730807
1, 4804, 0, 9223372036854775807, 0, 9223372036782715807
1, 4805, 0, 9223372036854775807, 0, 9223372036782700807
1, 4806, 0, 9223372036854775807, 0, 9223372036782685807
1, 4807, 0, 9223372036854775807, 0, 9223372036782670807
1, 4808, 0, 9223372036854775807, 0, 9223372036782655807
1, 4809, 0, 9223372036854775807, 0, 9223372036782640807
1, 481, 0, 9223372036854775807, 0, 9223372036847560807
1, 4810, 0, 9223372036854775807, 0, 9223372036782625807
1, 4811, 0, 9223372036854775807, 0, 9223372036782610807
1, 4812, 0, 9223372036854775807, 0, 9223372036782595807
1, 4813, 0, 9223372036854775807, 0, 9223372036782580807
1, 4814, 0, 9223372036854775807, 0, 9223372036782565807
1, 4815, 0, 9223372036854775807, 0, 9223372036782550807
1, 4816, 0, 9223372036854775807, 0, 9223372036782535807
1, 4817, 0, 9223372036854775807, 0, 9223372036782520807
1, 4818, 0, 9223372036854775807, 0, 9223372036782505807
1, 4819, 0, 9223372036854775807, 0, 9223372036782490807
1, 482, 0, 9223372036854775807, 0, 9223372036847545807
1, 4820, 0, 9223372036854775807, 0, 9223372036782475807
1, 4821, 0, 9223372036854775807, 0, 9223372036782460807
1, 4822, 0, 9223372036854775807, 0, 9223372036782445807
1, 4823, 0, 9223372036854775807, 0, 9223372036782430807
1, 4824, 0, 9223372036854775807, 0, 9223372036782415807
1, 4825, 0, 9223372036854775807, 0, 9223372036782400807
1, 4826, 0, 9223372036854775807, 0, 9223372036782385807
1, 4827, 0, 9223372036854775807, 0, 9223372036782370807
1, 4828, 0, 9223372036854775807, 0, 9223372036782355807
1, 4829, 0, 9223372036854775807, 0, 9223372036782340807
1, 483, 0, 9223372036854775807, 0, 9223372036847530807
1, 4830, 0, 9223372036854775807, 0, 9223372036782325807
1, 4831, 0, 9223372036854775807, 0, 9223372036782310807
1, 4832, 0, 9223372036854775807, 0, 9223372036782295807
1, 4833, 0, 9223372036854775807, 0, 9223372036782280807
1, 4834, 0, 9223372036854775807, 0, 9223372036782265807
1, 4835, 0, 9223372036854775807, 0, 9223372036782250807
1, 4836, 0, 9223372036854775807, 0, 9223372036782235807
1, 4837, 0, 9223372036854775807, 0, 9223372036782220807
1, 4838, 0, 9223372036854775807, 0, 9223372036782205807
1, 4839, 0, 9223372036854775807, 0, 9223372036782190807
1, 484, 0, 9223372036854775807, 0, 9223372036847515807
1, 4840, 0, 9223372036854775807, 0, 9223372036782175807
1, 4841, 0, 9223372036854775807, 0, 9223372036782160807
1, 4842, 0, 9223372036854775807, 0, 9223372036782145807
1, 4843, 0, 9223372036854775807, 0, 9223372036782130807
1, 4844, 0, 9223372036854775807, 0, 9223372036782115807
1, 4845, 0, 9223372036854775807, 0, 9223372036782100807
1, 4846, 0, 9223372036854775807, 0, 9223372036782085807
1, 4847, 0, 9223372036854775807, 0, 9223372036782070807
1, 4848, 0, 9223372036854775807, 0, 9223372036782055807
1, 4849, 0, 9223372036854775807, 0, 9223372036782040807
1, 485, 0, 9223372036854775807, 0, 9223372036847500807
1, 4850, 0, 9223372036854775807, 0, 9223372036782025807
1, 4851, 0, 9223372036854775807, 0, 9223372036782010807
1, 4852, 0, 9223372036854775807, 0, 9223372036781995807
1, 4853, 0, 9223372036854775807, 0, 9223372036781980807
1, 4854, 0, 9223372036854775807, 0, 9223372036781965807
1, 4855, 0, 9223372036854775807, 0, 9223372036781950807
1, 4856, 0, 9223372036854775807, 0, 9223372036781935807
1, 4857, 0, 9223372036854775807, 0, 9223372036781920807
1, 4858, 0, 9223372036854775807, 0, 9223372036781905807
1, 4859, 0, 9223372036854775807, 0, 9223372036781890807
1, 486, 0, 9223372036854775807, 0, 9223372036847485807
1, 4860, 0, 9223372036854775807, 0, 9223372036781875807
1, 4861, 0, 9223372036854775807, 0, 9223372036781860807
1, 4862, 0, 9223372036854775807, 0, 9223372036781845807
1, 4863, 0, 9223372036854775807, 0, 9223372036781830807
1, 4864, 0, 9223372036854775807, 0, 9223372036781815807
1, 4865, 0, 9223372036854775807, 0, 9223372036781800807
1, 4866, 0, 9223372036854775807, 0, 9223372036781785807
1, 4867, 0, 9223372036854775807, 0, 9223372036781770807
1, 4868, 0, 9223372036854775807, 0, 9223372036781755807
1, 4869, 0, 9223372036854775807, 0, 9223372036781740807
1, 487, 0, 9223372036854775807, 0, 9223372036847470807
1, 4870, 0, 9223372036854775807, 0, 9223372036781725807
1, 4871, 0, 9223372036854775807, 0, 9223372036781710807
1, 4872, 0, 9223372036854775807, 0, 9223372036781695807
1, 4873, 0, 9223372036854775807, 0, 9223372036781680807
1, 4874, 0, 9223372036854775807, 0, 9223372036781665807
1, 4875, 0, 9223372036854775807, 0, 9223372036781650807
1, 4876, 0, 9223372036854775807, 0, 9223372036781635807
1, 4877, 0, 9223372036854775807, 0, 9223372036781620807
1, 4878, 0, 9223372036854775807, 0, 9223372036781605807
1, 4879, 0, 9223372036854775807, 0, 9223372036781590807
1, 488, 0, 9223372036854775807, 0, 9223372036847455807
1, 4880, 0, 9223372036854775807, 0, 9223372036781575807
1, 4881, 0, 9223372036854775807, 0, 9223372036781560807
1, 4882, 0, 9223372036854775807, 0, 9223372036781545807
1, 4883, 0, 9223372036854775807, 0, 9223372036781530807
1, 4884, 0, 9223372036854775807, 0, 9223372036781515807
1, 4885, 0, 9223372036854775807, 0, 9223372036781500807
1, 4886, 0, 9223372036854775807, 0, 9223372036781485807
1, 4887, 0, 9223372036854775807, 0, 9223372036781470807
1, 4888, 0, 9223372036854775807, 0, 9223372036781455807
1, 4889, 0, 9223372036854775807, 0, 9223372036781440807
1, 489, 0, 9223372036854775807, 0, 9223372036847440807
1, 4890, 0, 9223372036854775807, 0, 9223372036781425807
1, 4891, 0, 9223372036854775807, 0, 9223372036781410807
1, 4892, 0, 9223372036854775807, 0, 9223372036781395807
1, 4893, 0, 9223372036854775807, 0, 9223372036781380807
1, 4894, 0, 9223372036854775807, 0, 9223372036781365807
1, 4895, 0, 9223372036854775807, 0, 9223372036781350807
1, 4896, 0, 9223372036854775807, 0, 9223372036781335807
1, 4897, 0, 9223372036854775807, 0, 9223372036781320807
1, 4898, 0, 9223372036854775807, 0, 9223372036781305807
1, 4899, 0, 9223372036854775807, 0, 9223372036781290807
1, 49, 0, 9223372036854775807, 0, 9223372036854040807
1, 490, 0, 9223372036854775807, 0, 9223372036847425807
1, 4900, 0, 9223372036854775807, 0, 9223372036781275807
1, 4901, 0, 9223372036854775807, 0, 9223372036781260807
1, 4902, 0, 9223372036854775807, 0, 9223372036781245807
1, 4903, 0, 9223372036854775807, 0, 9223372036781230807
1, 4904, 0, 9223372036854775807, 0, 9223372036781215807
1, 4905, 0, 9223372036854775807, 0, 9223372036781200807
1, 4906, 0, 9223372036854775807, 0, 9223372036781185807
1, 4907, 0, 9223372036854775807, 0, 9223372036781170807
1, 4908, 0, 9223372036854775807, 0, 9223372036781155807
1, 4909, 0, 9223372036854775807, 0, 9223372036781140807
1, 491, 0, 9223372036854775807, 0, 9223372036847410807
1, 4910, 0, 9223372036854775807, 0, 9223372036781125807
1, 4911, 0, 9223372036854775807, 0, 9223372036781110807
1, 4912, 0, 9223372036854775807, 0, 9223372036781095807
1, 4913, 0, 9223372036854775807, 0, 9223372036781080807
1, 4914, 0, 9223372036854775807, 0, 9223372036781065807
1, 4915, 0, 9223372036854775807, 0, 9223372036781050807
1, 4916, 0, 9223372036854775807, 0, 9223372036781035807
1, 4917, 0, 9223372036854775807, 0, 9223372036781020807
1, 4918, 0, 9223372036854775807, 0, 9223372036781005807
1, 4919, 0, 9223372036854775807, 0, 9223372036780990807
1, 492, 0, 9223372036854775807, 0, 9223372036847395807
1, 4920, 0, 9223372036854775807, 0, 9223372036780975807
1, 4921, 0, 9223372036854775807, 0, 9223372036780960807
1, 4922, 0, 9223372036854775807, 0, 9223372036780945807
1, 4923, 0, 9223372036854775807, 0, 9223372036780930807
1, 4924, 0, 9223372036854775807, 0, 9223372036780915807
1, 4925, 0, 9223372036854775807, 0, 9223372036780900807
1, 4926, 0, 9223372036854775807, 0, 9223372036780885807
1, 4927, 0, 9223372036854775807, 0, 9223372036780870807
1, 4928, 0, 9223372036854775807, 0, 9223372036780855807
1, 4929, 0, 9223372036854775807, 0, 9223372036780840807
1, 493, 0, 9223372036854775807, 0, 9223372036847380807
1, 4930, 0, 9223372036854775807, 0, 9223372036780825807
1, 4931, 0, 9223372036854775807, 0, 9223372036780810807
1, 4932, 0, 9223372036854775807, 0, 9223372036780795807
1, 4933, 0, 9223372036854775807, 0, 9223372036780780807
1, 4934, 0, 9223372036854775807, 0, 9223372036780765807
1, 4935, 0, 9223372036854775807, 0, 9223372036780750807
1, 4936, 0, 9223372036854775807, 0, 9223372036780735807
1, 4937, 0, 9223372036854775807, 0, 9223372036780720807
1, 4938, 0, 9223372036854775807, 0, 9223372036780705807
1, 4939, 0, 9223372036854775807, 0, 9223372036780690807
1, 494, 0, 9223372036854775807, 0, 9223372036847365807
1, 4940, 0, 9223372036854775807, 0, 9223372036780675807
1, 4941, 0, 9223372036854775807, 0, 9223372036780660807
1, 4942, 0, 9223372036854775807, 0, 9223372036780645807
1, 4943, 0, 9223372036854775807, 0, 9223372036780630807
1, 4944, 0, 9223372036854775807, 0, 9223372036780615807
1, 4945, 0, 9223372036854775807, 0, 9223372036780600807
1, 4946, 0, 9223372036854775807, 0, 9223372036780585807
1, 4947, 0, 9223372036854775807, 0, 9223372036780570807
1, 4948, 0, 9223372036854775807, 0, 9223372036780555807
1, 4949, 0, 9223372036854775807, 0, 9223372036780540807
1, 495, 0, 9223372036854775807, 0, 9223372036847350807
1, 4950, 0, 9223372036854775807, 0, 9223372036780525807
1, 4951, 0, 9223372036854775807, 0, 9223372036780510807
1, 4952, 0, 9223372036854775807, 0, 9223372036780495807
1, 4953, 0, 9223372036854775807, 0, 9223372036780480807
1, 4954, 0, 9223372036854775807, 0, 9223372036780465807
1, 4955, 0, 9223372036854775807, 0, 9223372036780450807
1, 4956, 0, 9223372036854775807, 0, 9223372036780435807
1, 4957, 0, 9223372036854775807, 0, 9223372036780420807
1, 4958, 0, 9223372036854775807, 0, 9223372036780405807
1, 4959, 0, 9223372036854775807, 0, 9223372036780390807
1, 496, 0, 9223372036854775807, 0, 9223372036847335807
1, 4960, 0, 9223372036854775807, 0, 9223372036780375807
1, 4961, 0, 9223372036854775807, 0, 9223372036780360807
1, 4962, 0, 9223372036854775807, 0, 9223372036780345807
1, 4963, 0, 9223372036854775807, 0, 9223372036780330807
1, 4964, 0, 9223372036854775807, 0, 9223372036780315807
1, 4965, 0, 9223372036854775807, 0, 9223372036780300807
1, 4966, 0, 9223372036854775807, 0, 9223372036780285807
1, 4967, 0, 9223372036854775807, 0, 9223372036780270807
1, 4968, 0, 9223372036854775807, 0, 9223372036780255807
1, 4969, 0, 9223372036854775807, 0, 9223372036780240807
1, 497, 0, 9223372036854775807, 0, 9223372036847320807
1, 4970, 0, 9223372036854775807, 0, 9223372036780225807
1, 4971, 0, 9223372036854775807, 0, 9223372036780210807
1, 4972, 0, 9223372036854775807, 0, 9223372036780195807
1, 4973, 0, 9223372036854775807, 0, 9223372036780180807
1, 4974, 0, 9223372036854775807, 0, 9223372036780165807
1, 4975, 0, 9223372036854775807, 0, 9223372036780150807
1, 4976, 0, 9223372036854775807, 0, 9223372036780135807
1, 4977, 0, 9223372036854775807, 0, 9223372036780120807
1, 4978, 0, 9223372036854775807, 0, 9223372036780105807
1, 4979, 0, 9223372036854775807, 0, 9223372036780090807
1, 498, 0, 9223372036854775807, 0, 9223372036847305807
1, 4980, 0, 9223372036854775807, 0, 9223372036780075807
1, 4981, 0, 9223372036854775807, 0, 9223372036780060807
1, 4982, 0, 9223372036854775807, 0, 9223372036780045807
1, 4983, 0, 9223372036854775807, 0, 9223372036780030807
1, 4984, 0, 9223372036854775807, 0, 9223372036780015807
1, 4985, 0, 9223372036854775807, 0, 9223372036780000807
1, 4986, 0, 9223372036854775807, 0, 9223372036779985807
1, 4987, 0, 9223372036854775807, 0, 9223372036779970807
1, 4988, 0, 9223372036854775807, 0, 9223372036779955807
1, 4989, 0, 9223372036854775807, 0, 9223372036779940807
1, 499, 0, 9223372036854775807, 0, 9223372036847290807
1, 4990, 0, 9223372036854775807, 0, 9223372036779925807
1, 4991, 0, 9223372036854775807, 0, 9223372036779910807
1, 4992, 0, 9223372036854775807, 0, 9223372036779895807
1, 4993, 0, 9223372036854775807, 0, 9223372036779880807
1, 4994, 0, 9223372036854775807, 0, 9223372036779865807
1, 4995, 0, 9223372036854775807, 0, 9223372036779850807
1, 4996, 0, 9223372036854775807, 0, 9223372036779835807
1, 4997, 0, 9223372036854775807, 0, 9223372036779820807
1, 4998, 0, 9223372036854775807, 0, 9223372036779805807
1, 4999, 0, 9223372036854775807, 0, 9223372036779790807
1, 5, 0, 9223372036854775807, 0, 9223372036854700807
1, 50, 0, 9223372036854775807, 0, 9223372036854025807
1, 500, 0, 9223372036854775807, 0, 9223372036847275807
1, 5000, 0, 9223372036854775807, 0, 9223372036779775807
1, 5001, 0, 9223372036854775807, 0, 9223372036779760807
1, 5002, 0, 9223372036854775807, 0, 9223372036779745807
1, 5003, 0, 9223372036854775807, 0, 9223372036779730807
1, 5004, 0, 9223372036854775807, 0, 9223372036779715807
1, 5005, 0, 9223372036854775807, 0, 9223372036779700807
1, 5006, 0, 9223372036854775807, 0, 9223372036779685807
1, 5007, 0, 9223372036854775807, 0, 9223372036779670807
1, 5008, 0, 9223372036854775807, 0, 9223372036779655807
1, 5009, 0, 9223372036854775807, 0, 9223372036779640807
1, 501, 0, 9223372036854775807, 0, 9223372036847260807
1, 5010, 0, 9223372036854775807, 0, 9223372036779625807
1, 5011, 0, 9223372036854775807, 0, 9223372036779610807
1, 5012, 0, 9223372036854775807, 0, 9223372036779595807
1, 5013, 0, 9223372036854775807, 0, 9223372036779580807
1, 5014, 0, 9223372036854775807, 0, 9223372036779565807
1, 5015, 0, 9223372036854775807, 0, 9223372036779550807
1, 5016, 0, 9223372036854775807, 0, 9223372036779535807
1, 5017, 0, 9223372036854775807, 0, 9223372036779520807
1, 5018, 0, 9223372036854775807, 0, 9223372036779505807
1, 5019, 0, 9223372036854775807, 0, 9223372036779490807
1, 502, 0, 9223372036854775807, 0, 9223372036847245807
1, 5020, 0, 9223372036854775807, 0, 9223372036779475807
1, 5021, 0, 9223372036854775807, 0, 9223372036779460807
1, 5022, 0, 9223372036854775807, 0, 9223372036779445807
1, 5023, 0, 9223372036854775807, 0, 9223372036779430807
1, 5024, 0, 9223372036854775807, 0, 9223372036779415807
1, 5025, 0, 9223372036854775807, 0, 9223372036779400807
1, 5026, 0, 9223372036854775807, 0, 9223372036779385807
1, 5027, 0, 9223372036854775807, 0, 9223372036779370807
1, 5028, 0, 9223372036854775807, 0, 9223372036779355807
1, 5029, 0, 9223372036854775807, 0, 9223372036779340807
1, 503, 0, 9223372036854775807, 0, 9223372036847230807
1, 5030, 0, 9223372036854775807, 0, 9223372036779325807
1, 5031, 0, 9223372036854775807, 0, 9223372036779310807
1, 5032, 0, 9223372036854775807, 0, 9223372036779295807
1, 5033, 0, 9223372036854775807, 0, 9223372036779280807
1, 5034, 0, 9223372036854775807, 0, 9223372036779265807
1, 5035, 0, 9223372036854775807, 0, 9223372036779250807
1, 5036, 0, 9223372036854775807, 0, 9223372036779235807
1, 5037, 0, 9223372036854775807, 0, 9223372036779220807
1, 5038, 0, 9223372036854775807, 0, 9223372036779205807
1, 5039, 0, 9223372036854775807, 0, 9223372036779190807
1, 504, 0, 9223372036854775807, 0, 9223372036847215807
1, 5040, 0, 9223372036854775807, 0, 9223372036779175807
1, 5041, 0, 9223372036854775807, 0, 9223372036779160807
1, 5042, 0, 9223372036854775807, 0, 9223372036779145807
1, 5043, 0, 9223372036854775807, 0, 9223372036779130807
1, 5044, 0, 9223372036854775807, 0, 9223372036779115807
1, 5045, 0, 9223372036854775807, 0, 9223372036779100807
1, 5046, 0, 9223372036854775807, 0, 9223372036779085807
1, 5047, 0, 9223372036854775807, 0, 9223372036779070807
1, 5048, 0, 9223372036854775807, 0, 9223372036779055807
1, 5049, 0, 9223372036854775807, 0, 9223372036779040807
1, 505, 0, 9223372036854775807, 0, 9223372036847200807
1, 5050, 0, 9223372036854775807, 0, 9223372036779025807
1, 5051, 0, 9223372036854775807, 0, 9223372036779010807
1, 5052, 0, 9223372036854775807, 0, 9223372036778995807
1, 5053, 0, 9223372036854775807, 0, 9223372036778980807
1, 5054, 0, 9223372036854775807, 0, 9223372036778965807
1, 5055, 0, 9223372036854775807, 0, 9223372036778950807
1, 5056, 0, 9223372036854775807, 0, 9223372036778935807
1, 5057, 0, 9223372036854775807, 0, 9223372036778920807
1, 5058, 0, 9223372036854775807, 0, 9223372036778905807
1, 5059, 0, 9223372036854775807, 0, 9223372036778890807
1, 506, 0, 9223372036854775807, 0, 9223372036847185807
1, 5060, 0, 9223372036854775807, 0, 9223372036778875807
1, 5061, 0, 9223372036854775807, 0, 9223372036778860807
1, 5062, 0, 9223372036854775807, 0, 9223372036778845807
1, 5063, 0, 9223372036854775807, 0, 9223372036778830807
1, 5064, 0, 9223372036854775807, 0, 9223372036778815807
1, 5065, 0, 9223372036854775807, 0, 9223372036778800807
1, 5066, 0, 9223372036854775807, 0, 9223372036778785807
1, 5067, 0, 9223372036854775807, 0, 9223372036778770807
1, 5068, 0, 9223372036854775807, 0, 9223372036778755807
1, 5069, 0, 9223372036854775807, 0, 9223372036778740807
1, 507, 0, 9223372036854775807, 0, 9223372036847170807
1, 5070, 0, 9223372036854775807, 0, 9223372036778725807
1, 5071, 0, 9223372036854775807, 0, 9223372036778710807
1, 5072, 0, 9223372036854775807, 0, 9223372036778695807
1, 5073, 0, 9223372036854775807, 0, 9223372036778680807
1, 5074, 0, 9223372036854775807, 0, 9223372036778665807
1, 5075, 0, 9223372036854775807, 0, 9223372036778650807
1, 5076, 0, 9223372036854775807, 0, 9223372036778635807
1, 5077, 0, 9223372036854775807, 0, 9223372036778620807
1, 5078, 0, 9223372036854775807, 0, 9223372036778605807
1, 5079, 0, 9223372036854775807, 0, 9223372036778590807
1, 508, 0, 9223372036854775807, 0, 9223372036847155807
1, 5080, 0, 9223372036854775807, 0, 9223372036778575807
1, 5081, 0, 9223372036854775807, 0, 9223372036778560807
1, 5082, 0, 9223372036854775807, 0, 9223372036778545807
1, 5083, 0, 9223372036854775807, 0, 9223372036778530807
1, 5084, 0, 9223372036854775807, 0, 9223372036778515807
1, 5085, 0, 9223372036854775807, 0, 9223372036778500807
1, 5086, 0, 9223372036854775807, 0, 9223372036778485807
1, 5087, 0, 9223372036854775807, 0, 9223372036778470807
1, 5088, 0, 9223372036854775807, 0, 9223372036778455807
1, 5089, 0, 9223372036854775807, 0, 9223372036778440807
1, 509, 0, 9223372036854775807, 0, 9223372036847140807
1, 5090, 0, 9223372036854775807, 0, 9223372036778425807
1, 5091, 0, 9223372036854775807, 0, 9223372036778410807
1, 5092, 0, 9223372036854775807, 0, 9223372036778395807
1, 5093, 0, 9223372036854775807, 0, 9223372036778380807
1, 5094, 0, 9223372036854775807, 0, 9223372036778365807
1, 5095, 0, 9223372036854775807, 0, 9223372036778350807
1, 5096, 0, 9223372036854775807, 0, 9223372036778335807
1, 5097, 0, 9223372036854775807, 0, 9223372036778320807
1, 5098, 0, 9223372036854775807, 0, 9223372036778305807
1, 5099, 0, 9223372036854775807, 0, 9223372036778290807
1, 51, 0, 9223372036854775807, 0, 9223372036854010807
1, 510, 0, 9223372036854775807, 0, 9223372036847125807
1, 5100, 0, 9223372036854775807, 0, 9223372036778275807
1, 5101, 0, 9223372036854775807, 0, 9223372036778260807
1, 5102, 0, 9223372036854775807, 0, 9223372036778245807
1, 5103, 0, 9223372036854775807, 0, 9223372036778230807
1, 5104, 0, 9223372036854775807, 0, 9223372036778215807
1, 5105, 0, 9223372036854775807, 0, 9223372036778200807
1, 5106, 0, 9223372036854775807, 0, 9223372036778185807
1, 5107, 0, 9223372036854775807, 0, 9223372036778170807
1, 5108, 0, 9223372036854775807, 0, 9223372036778155807
1, 5109, 0, 9223372036854775807, 0, 9223372036778140807
1, 511, 0, 9223372036854775807, 0, 9223372036847110807
1, 5110, 0, 9223372036854775807, 0, 9223372036778125807
1, 5111, 0, 9223372036854775807, 0, 9223372036778110807
1, 5112, 0, 9223372036854775807, 0, 9223372036778095807
1, 5113, 0, 9223372036854775807, 0, 9223372036778080807
1, 5114, 0, 9223372036854775807, 0, 9223372036778065807
1, 5115, 0, 9223372036854775807, 0, 9223372036778050807
1, 5116, 0, 9223372036854775807, 0, 9223372036778035807
1, 5117, 0, 9223372036854775807, 0, 9223372036778020807
1, 5118, 0, 9223372036854775807, 0, 9223372036778005807
1, 5119, 0, 9223372036854775807, 0, 9223372036777990807
1, 512, 0, 9223372036854775807, 0, 9223372036847095807
1, 5120, 0, 9223372036854775807, 0, 9223372036777975807
1, 5121, 0, 9223372036854775807, 0, 9223372036777960807
1, 5122, 0, 9223372036854775807, 0, 9223372036777945807
1, 5123, 0, 9223372036854775807, 0, 9223372036777930807
1, 5124, 0, 9223372036854775807, 0, 9223372036777915807
1, 5125, 0, 9223372036854775807, 0, 9223372036777900807
1, 5126, 0, 9223372036854775807, 0, 9223372036777885807
1, 5127, 0, 9223372036854775807, 0, 9223372036777870807
1, 5128, 0, 9223372036854775807, 0, 9223372036777855807
1, 5129, 0, 9223372036854775807, 0, 9223372036777840807
1, 513, 0, 9223372036854775807, 0, 9223372036847080807
1, 5130, 0, 9223372036854775807, 0, 9223372036777825807
1, 5131, 0, 9223372036854775807, 0, 9223372036777810807
1, 5132, 0, 9223372036854775807, 0, 9223372036777795807
1, 5133, 0, 9223372036854775807, 0, 9223372036777780807
1, 5134, 0, 9223372036854775807, 0, 9223372036777765807
1, 5135, 0, 9223372036854775807, 0, 9223372036777750807
1, 5136, 0, 9223372036854775807, 0, 9223372036777735807
1, 5137, 0, 9223372036854775807, 0, 9223372036777720807
1, 5138, 0, 9223372036854775807, 0, 9223372036777705807
1, 5139, 0, 9223372036854775807, 0, 9223372036777690807
1, 514, 0, 9223372036854775807, 0, 9223372036847065807
1, 5140, 0, 9223372036854775807, 0, 9223372036777675807
1, 5141, 0, 9223372036854775807, 0, 9223372036777660807
1, 5142, 0, 9223372036854775807, 0, 9223372036777645807
1, 5143, 0, 9223372036854775807, 0, 9223372036777630807
1, 5144, 0, 9223372036854775807, 0, 9223372036777615807
1, 5145, 0, 9223372036854775807, 0, 9223372036777600807
1, 5146, 0, 9223372036854775807, 0, 9223372036777585807
1, 5147, 0, 9223372036854775807, 0, 9223372036777570807
1, 5148, 0, 9223372036854775807, 0, 9223372036777555807
1, 5149, 0, 9223372036854775807, 0, 9223372036777540807
1, 515, 0, 9223372036854775807, 0, 9223372036847050807
1, 5150, 0, 9223372036854775807, 0, 9223372036777525807
1, 5151, 0, 9223372036854775807, 0, 9223372036777510807
1, 5152, 0, 9223372036854775807, 0, 9223372036777495807
1, 5153, 0, 9223372036854775807, 0, 9223372036777480807
1, 5154, 0, 9223372036854775807, 0, 9223372036777465807
1, 5155, 0, 9223372036854775807, 0, 9223372036777450807
1, 5156, 0, 9223372036854775807, 0, 9223372036777435807
1, 5157, 0, 9223372036854775807, 0, 9223372036777420807
1, 5158, 0, 9223372036854775807, 0, 9223372036777405807
1, 5159, 0, 9223372036854775807, 0, 9223372036777390807
1, 516, 0, 9223372036854775807, 0, 9223372036847035807
1, 5160, 0, 9223372036854775807, 0, 9223372036777375807
1, 5161, 0, 9223372036854775807, 0, 9223372036777360807
1, 5162, 0, 9223372036854775807, 0, 9223372036777345807
1, 5163, 0, 9223372036854775807, 0, 9223372036777330807
1, 5164, 0, 9223372036854775807, 0, 9223372036777315807
1, 5165, 0, 9223372036854775807, 0, 9223372036777300807
1, 5166, 0, 9223372036854775807, 0, 9223372036777285807
1, 5167, 0, 9223372036854775807, 0, 9223372036777270807
1, 5168, 0, 9223372036854775807, 0, 9223372036777255807
1, 5169, 0, 9223372036854775807, 0, 9223372036777240807
1, 517, 0, 9223372036854775807, 0, 9223372036847020807
1, 5170, 0, 9223372036854775807, 0, 9223372036777225807
1, 5171, 0, 9223372036854775807, 0, 9223372036777210807
1, 5172, 0, 9223372036854775807, 0, 9223372036777195807
1, 5173, 0, 9223372036854775807, 0, 9223372036777180807
1, 5174, 0, 9223372036854775807, 0, 9223372036777165807
1, 5175, 0, 9223372036854775807, 0, 9223372036777150807
1, 5176, 0, 9223372036854775807, 0, 9223372036777135807
1, 5177, 0, 9223372036854775807, 0, 9223372036777120807
1, 5178, 0, 9223372036854775807, 0, 9223372036777105807
1, 5179, 0, 9223372036854775807, 0, 9223372036777090807
1, 518, 0, 9223372036854775807, 0, 9223372036847005807
1, 5180, 0, 9223372036854775807, 0, 9223372036777075807
1, 5181, 0, 9223372036854775807, 0, 9223372036777060807
1, 5182, 0, 9223372036854775807, 0, 9223372036777045807
1, 5183, 0, 9223372036854775807, 0, 9223372036777030807
1, 5184, 0, 9223372036854775807, 0, 9223372036777015807
1, 5185, 0, 9223372036854775807, 0, 9223372036777000807
1, 5186, 0, 9223372036854775807, 0, 9223372036776985807
1, 5187, 0, 9223372036854775807, 0, 9223372036776970807
1, 5188, 0, 9223372036854775807, 0, 9223372036776955807
1, 5189, 0, 9223372036854775807, 0, 9223372036776940807
1, 519, 0, 9223372036854775807, 0, 9223372036846990807
1, 5190, 0, 9223372036854775807, 0, 9223372036776925807
1, 5191, 0, 9223372036854775807, 0, 9223372036776910807
1, 5192, 0, 9223372036854775807, 0, 9223372036776895807
1, 5193, 0, 9223372036854775807, 0, 9223372036776880807
1, 5194, 0, 9223372036854775807, 0, 9223372036776865807
1, 5195, 0, 9223372036854775807, 0, 9223372036776850807
1, 5196, 0, 9223372036854775807, 0, 9223372036776835807
1, 5197, 0, 9223372036854775807, 0, 9223372036776820807
1, 5198, 0, 9223372036854775807, 0, 9223372036776805807
1, 5199, 0, 9223372036854775807, 0, 9223372036776790807
1, 52, 0, 9223372036854775807, 0, 9223372036853995807
1, 520, 0, 9223372036854775807, 0, 9223372036846975807
1, 5200, 0, 9223372036854775807, 0, 9223372036776775807
1, 5201, 0, 9223372036854775807, 0, 9223372036776760807
1, 5202, 0, 9223372036854775807, 0, 9223372036776745807
1, 5203, 0, 9223372036854775807, 0, 9223372036776730807
1, 5204, 0, 9223372036854775807, 0, 9223372036776715807
1, 5205, 0, 9223372036854775807, 0, 9223372036776700807
1, 5206, 0, 9223372036854775807, 0, 9223372036776685807
1, 5207, 0, 9223372036854775807, 0, 9223372036776670807
1, 5208, 0, 9223372036854775807, 0, 9223372036776655807
1, 5209, 0, 9223372036854775807, 0, 9223372036776640807
1, 521, 0, 9223372036854775807, 0, 9223372036846960807
1, 5210, 0, 9223372036854775807, 0, 9223372036776625807
1, 5211, 0, 9223372036854775807, 0, 9223372036776610807
1, 5212, 0, 9223372036854775807, 0, 9223372036776595807
1, 5213, 0, 9223372036854775807, 0, 9223372036776580807
1, 5214, 0, 9223372036854775807, 0, 9223372036776565807
1, 5215, 0, 9223372036854775807, 0, 9223372036776550807
1, 5216, 0, 9223372036854775807, 0, 9223372036776535807
1, 5217, 0, 9223372036854775807, 0, 9223372036776520807
1, 5218, 0, 9223372036854775807, 0, 9223372036776505807
1, 5219, 0, 9223372036854775807, 0, 9223372036776490807
1, 522, 0, 9223372036854775807, 0, 9223372036846945807
1, 5220, 0, 9223372036854775807, 0, 9223372036776475807
1, 5221, 0, 9223372036854775807, 0, 9223372036776460807
1, 5222, 0, 9223372036854775807, 0, 9223372036776445807
1, 5223, 0, 9223372036854775807, 0, 9223372036776430807
1, 5224, 0, 9223372036854775807, 0, 9223372036776415807
1, 5225, 0, 9223372036854775807, 0, 9223372036776400807
1, 5226, 0, 9223372036854775807, 0, 9223372036776385807
1, 5227, 0, 9223372036854775807, 0, 9223372036776370807
1, 5228, 0, 9223372036854775807, 0, 9223372036776355807
1, 5229, 0, 9223372036854775807, 0, 9223372036776340807
1, 523, 0, 9223372036854775807, 0, 9223372036846930807
1, 5230, 0, 9223372036854775807, 0, 9223372036776325807
1, 5231, 0, 9223372036854775807, 0, 9223372036776310807
1, 5232, 0, 9223372036854775807, 0, 9223372036776295807
1, 5233, 0, 9223372036854775807, 0, 9223372036776280807
1, 5234, 0, 9223372036854775807, 0, 9223372036776265807
1, 5235, 0, 9223372036854775807, 0, 9223372036776250807
1, 5236, 0, 9223372036854775807, 0, 9223372036776235807
1, 5237, 0, 9223372036854775807, 0, 9223372036776220807
1, 5238, 0, 9223372036854775807, 0, 9223372036776205807
1, 5239, 0, 9223372036854775807, 0, 9223372036776190807
1, 524, 0, 9223372036854775807, 0, 9223372036846915807
1, 5240, 0, 9223372036854775807, 0, 9223372036776175807
1, 5241, 0, 9223372036854775807, 0, 9223372036776160807
1, 5242, 0, 9223372036854775807, 0, 9223372036776145807
1, 5243, 0, 9223372036854775807, 0, 9223372036776130807
1, 5244, 0, 9223372036854775807, 0, 9223372036776115807
1, 5245, 0, 9223372036854775807, 0, 9223372036776100807
1, 5246, 0, 9223372036854775807, 0, 9223372036776085807
1, 5247, 0, 9223372036854775807, 0, 9223372036776070807
1, 5248, 0, 9223372036854775807, 0, 9223372036776055807
1, 5249, 0, 9223372036854775807, 0, 9223372036776040807
1, 525, 0, 9223372036854775807, 0, 9223372036846900807
1, 5250, 0, 9223372036854775807, 0, 9223372036776025807
1, 5251, 0, 9223372036854775807, 0, 9223372036776010807
1, 5252, 0, 9223372036854775807, 0, 9223372036775995807
1, 5253, 0, 9223372036854775807, 0, 9223372036775980807
1, 5254, 0, 9223372036854775807, 0, 9223372036775965807
1, 5255, 0, 9223372036854775807, 0, 9223372036775950807
1, 5256, 0, 9223372036854775807, 0, 9223372036775935807
1, 5257, 0, 9223372036854775807, 0, 9223372036775920807
1, 5258, 0, 9223372036854775807, 0, 9223372036775905807
1, 5259, 0, 9223372036854775807, 0, 9223372036775890807
1, 526, 0, 9223372036854775807, 0, 9223372036846885807
1, 5260, 0, 9223372036854775807, 0, 9223372036775875807
1, 5261, 0, 9223372036854775807, 0, 9223372036775860807
1, 5262, 0, 9223372036854775807, 0, 9223372036775845807
1, 5263, 0, 9223372036854775807, 0, 9223372036775830807
1, 5264, 0, 9223372036854775807, 0, 9223372036775815807
1, 5265, 0, 9223372036854775807, 0, 9223372036775800807
1, 5266, 0, 9223372036854775807, 0, 9223372036775785807
1, 5267, 0, 9223372036854775807, 0, 9223372036775770807
1, 5268, 0, 9223372036854775807, 0, 9223372036775755807
1, 5269, 0, 9223372036854775807, 0, 9223372036775740807
1, 527, 0, 9223372036854775807, 0, 9223372036846870807
1, 5270, 0, 9223372036854775807, 0, 9223372036775725807
1, 5271, 0, 9223372036854775807, 0, 9223372036775710807
1, 5272, 0, 9223372036854775807, 0, 9223372036775695807
1, 5273, 0, 9223372036854775807, 0, 9223372036775680807
1, 5274, 0, 9223372036854775807, 0, 9223372036775665807
1, 5275, 0, 9223372036854775807, 0, 9223372036775650807
1, 5276, 0, 9223372036854775807, 0, 9223372036775635807
1, 5277, 0, 9223372036854775807, 0, 9223372036775620807
1, 5278, 0, 9223372036854775807, 0, 9223372036775605807
1, 5279, 0, 9223372036854775807, 0, 9223372036775590807
1, 528, 0, 9223372036854775807, 0, 9223372036846855807
1, 5280, 0, 9223372036854775807, 0, 9223372036775575807
1, 5281, 0, 9223372036854775807, 0, 9223372036775560807
1, 5282, 0, 9223372036854775807, 0, 9223372036775545807
1, 5283, 0, 9223372036854775807, 0, 9223372036775530807
1, 5284, 0, 9223372036854775807, 0, 9223372036775515807
1, 5285, 0, 9223372036854775807, 0, 9223372036775500807
1, 5286, 0, 9223372036854775807, 0, 9223372036775485807
1, 5287, 0, 9223372036854775807, 0, 9223372036775470807
1, 5288, 0, 9223372036854775807, 0, 9223372036775455807
1, 5289, 0, 9223372036854775807, 0, 9223372036775440807
1, 529, 0, 9223372036854775807, 0, 9223372036846840807
1, 5290, 0, 9223372036854775807, 0, 9223372036775425807
1, 5291, 0, 9223372036854775807, 0, 9223372036775410807
1, 5292, 0, 9223372036854775807, 0, 9223372036775395807
1, 5293, 0, 9223372036854775807, 0, 9223372036775380807
1, 5294, 0, 9223372036854775807, 0, 9223372036775365807
1, 5295, 0, 9223372036854775807, 0, 9223372036775350807
1, 5296, 0, 9223372036854775807, 0, 9223372036775335807
1, 5297, 0, 9223372036854775807, 0, 9223372036775320807
1, 5298, 0, 9223372036854775807, 0, 9223372036775305807
1, 5299, 0, 9223372036854775807, 0, 9223372036775290807
1, 53, 0, 9223372036854775807, 0, 9223372036853980807
1, 530, 0, 9223372036854775807, 0, 9223372036846825807
1, 5300, 0, 9223372036854775807, 0, 9223372036775275807
1, 5301, 0, 9223372036854775807, 0, 9223372036775260807
1, 5302, 0, 9223372036854775807, 0, 9223372036775245807
1, 5303, 0, 9223372036854775807, 0, 9223372036775230807
1, 5304, 0, 9223372036854775807, 0, 9223372036775215807
1, 5305, 0, 9223372036854775807, 0, 9223372036775200807
1, 5306, 0, 9223372036854775807, 0, 9223372036775185807
1, 5307, 0, 9223372036854775807, 0, 9223372036775170807
1, 5308, 0, 9223372036854775807, 0, 9223372036775155807
1, 5309, 0, 9223372036854775807, 0, 9223372036775140807
1, 531, 0, 9223372036854775807, 0, 9223372036846810807
1, 5310, 0, 9223372036854775807, 0, 9223372036775125807
1, 5311, 0, 9223372036854775807, 0, 9223372036775110807
1, 5312, 0, 9223372036854775807, 0, 9223372036775095807
1, 5313, 0, 9223372036854775807, 0, 9223372036775080807
1, 5314, 0, 9223372036854775807, 0, 9223372036775065807
1, 5315, 0, 9223372036854775807, 0, 9223372036775050807
1, 5316, 0, 9223372036854775807, 0, 9223372036775035807
1, 5317, 0, 9223372036854775807, 0, 9223372036775020807
1, 5318, 0, 9223372036854775807, 0, 9223372036775005807
1, 5319, 0, 9223372036854775807, 0, 9223372036774990807
1, 532, 0, 9223372036854775807, 0, 9223372036846795807
1, 5320, 0, 9223372036854775807, 0, 9223372036774975807
1, 5321, 0, 9223372036854775807, 0, 9223372036774960807
1, 5322, 0, 9223372036854775807, 0, 9223372036774945807
1, 5323, 0, 9223372036854775807, 0, 9223372036774930807
1, 5324, 0, 9223372036854775807, 0, 9223372036774915807
1, 5325, 0, 9223372036854775807, 0, 9223372036774900807
1, 5326, 0, 9223372036854775807, 0, 9223372036774885807
1, 5327, 0, 9223372036854775807, 0, 9223372036774870807
1, 5328, 0, 9223372036854775807, 0, 9223372036774855807
1, 5329, 0, 9223372036854775807, 0, 9223372036774840807
1, 533, 0, 9223372036854775807, 0, 9223372036846780807
1, 5330, 0, 9223372036854775807, 0, 9223372036774825807
1, 5331, 0, 9223372036854775807, 0, 9223372036774810807
1, 5332, 0, 9223372036854775807, 0, 9223372036774795807
1, 5333, 0, 9223372036854775807, 0, 9223372036774780807
1, 5334, 0, 9223372036854775807, 0, 9223372036774765807
1, 5335, 0, 9223372036854775807, 0, 9223372036774750807
1, 5336, 0, 9223372036854775807, 0, 9223372036774735807
1, 5337, 0, 9223372036854775807, 0, 9223372036774720807
1, 5338, 0, 9223372036854775807, 0, 9223372036774705807
1, 5339, 0, 9223372036854775807, 0, 9223372036774690807
1, 534, 0, 9223372036854775807, 0, 9223372036846765807
1, 5340, 0, 9223372036854775807, 0, 9223372036774675807
1, 5341, 0, 9223372036854775807, 0, 9223372036774660807
1, 5342, 0, 9223372036854775807, 0, 9223372036774645807
1, 5343, 0, 9223372036854775807, 0, 9223372036774630807
1, 5344, 0, 9223372036854775807, 0, 9223372036774615807
1, 5345, 0, 9223372036854775807, 0, 9223372036774600807
1, 5346, 0, 9223372036854775807, 0, 9223372036774585807
1, 5347, 0, 9223372036854775807, 0, 9223372036774570807
1, 5348, 0, 9223372036854775807, 0, 9223372036774555807
1, 5349, 0, 9223372036854775807, 0, 9223372036774540807
1, 535, 0, 9223372036854775807, 0, 9223372036846750807
1, 5350, 0, 9223372036854775807, 0, 9223372036774525807
1, 5351, 0, 9223372036854775807, 0, 9223372036774510807
1, 5352, 0, 9223372036854775807, 0, 9223372036774495807
1, 5353, 0, 9223372036854775807, 0, 9223372036774480807
1, 5354, 0, 9223372036854775807, 0, 9223372036774465807
1, 5355, 0, 9223372036854775807, 0, 9223372036774450807
1, 5356, 0, 9223372036854775807, 0, 9223372036774435807
1, 5357, 0, 9223372036854775807, 0, 9223372036774420807
1, 5358, 0, 9223372036854775807, 0, 9223372036774405807
1, 5359, 0, 9223372036854775807, 0, 9223372036774390807
1, 536, 0, 9223372036854775807, 0, 9223372036846735807
1, 5360, 0, 9223372036854775807, 0, 9223372036774375807
1, 5361, 0, 9223372036854775807, 0, 9223372036774360807
1, 5362, 0, 9223372036854775807, 0, 9223372036774345807
1, 5363, 0, 9223372036854775807, 0, 9223372036774330807
1, 5364, 0, 9223372036854775807, 0, 9223372036774315807
1, 5365, 0, 9223372036854775807, 0, 9223372036774300807
1, 5366, 0, 9223372036854775807, 0, 9223372036774285807
1, 5367, 0, 9223372036854775807, 0, 9223372036774270807
1, 5368, 0, 9223372036854775807, 0, 9223372036774255807
1, 5369, 0, 9223372036854775807, 0, 9223372036774240807
1, 537, 0, 9223372036854775807, 0, 9223372036846720807
1, 5370, 0, 9223372036854775807, 0, 9223372036774225807
1, 5371, 0, 9223372036854775807, 0, 9223372036774210807
1, 5372, 0, 9223372036854775807, 0, 9223372036774195807
1, 5373, 0, 9223372036854775807, 0, 9223372036774180807
1, 5374, 0, 9223372036854775807, 0, 9223372036774165807
1, 5375, 0, 9223372036854775807, 0, 9223372036774150807
1, 5376, 0, 9223372036854775807, 0, 9223372036774135807
1, 5377, 0, 9223372036854775807, 0, 9223372036774120807
1, 5378, 0, 9223372036854775807, 0, 9223372036774105807
1, 5379, 0, 9223372036854775807, 0, 9223372036774090807
1, 538, 0, 9223372036854775807, 0, 9223372036846705807
1, 5380, 0, 9223372036854775807, 0, 9223372036774075807
1, 5381, 0, 9223372036854775807, 0, 9223372036774060807
1, 5382, 0, 9223372036854775807, 0, 9223372036774045807
1, 5383, 0, 9223372036854775807, 0, 9223372036774030807
1, 5384, 0, 9223372036854775807, 0, 9223372036774015807
1, 5385, 0, 9223372036854775807, 0, 9223372036774000807
1, 5386, 0, 9223372036854775807, 0, 9223372036773985807
1, 5387, 0, 9223372036854775807, 0, 9223372036773970807
1, 5388, 0, 9223372036854775807, 0, 9223372036773955807
1, 5389, 0, 9223372036854775807, 0, 9223372036773940807
1, 539, 0, 9223372036854775807, 0, 9223372036846690807
1, 5390, 0, 9223372036854775807, 0, 9223372036773925807
1, 5391, 0, 9223372036854775807, 0, 9223372036773910807
1, 5392, 0, 9223372036854775807, 0, 9223372036773895807
1, 5393, 0, 9223372036854775807, 0, 9223372036773880807
1, 5394, 0, 9223372036854775807, 0, 9223372036773865807
1, 5395, 0, 9223372036854775807, 0, 9223372036773850807
1, 5396, 0, 9223372036854775807, 0, 9223372036773835807
1, 5397, 0, 9223372036854775807, 0, 9223372036773820807
1, 5398, 0, 9223372036854775807, 0, 9223372036773805807
1, 5399, 0, 9223372036854775807, 0, 9223372036773790807
1, 54, 0, 9223372036854775807, 0, 9223372036853965807
1, 540, 0, 9223372036854775807, 0, 9223372036846675807
1, 5400, 0, 9223372036854775807, 0, 9223372036773775807
1, 5401, 0, 9223372036854775807, 0, 9223372036773760807
1, 5402, 0, 9223372036854775807, 0, 9223372036773745807
1, 5403, 0, 9223372036854775807, 0, 9223372036773730807
1, 5404, 0, 9223372036854775807, 0, 9223372036773715807
1, 5405, 0, 9223372036854775807, 0, 9223372036773700807
1, 5406, 0, 9223372036854775807, 0, 9223372036773685807
1, 5407, 0, 9223372036854775807, 0, 9223372036773670807
1, 5408, 0, 9223372036854775807, 0, 9223372036773655807
1, 5409, 0, 9223372036854775807, 0, 9223372036773640807
1, 541, 0, 9223372036854775807, 0, 9223372036846660807
1, 5410, 0, 9223372036854775807, 0, 9223372036773625807
1, 5411, 0, 9223372036854775807, 0, 9223372036773610807
1, 5412, 0, 9223372036854775807, 0, 9223372036773595807
1, 5413, 0, 9223372036854775807, 0, 9223372036773580807
1, 5414, 0, 9223372036854775807, 0, 9223372036773565807
1, 5415, 0, 9223372036854775807, 0, 9223372036773550807
1, 5416, 0, 9223372036854775807, 0, 9223372036773535807
1, 5417, 0, 9223372036854775807, 0, 9223372036773520807
1, 5418, 0, 9223372036854775807, 0, 9223372036773505807
1, 5419, 0, 9223372036854775807, 0, 9223372036773490807
1, 542, 0, 9223372036854775807, 0, 9223372036846645807
1, 5420, 0, 9223372036854775807, 0, 9223372036773475807
1, 5421, 0, 9223372036854775807, 0, 9223372036773460807
1, 5422, 0, 9223372036854775807, 0, 9223372036773445807
1, 5423, 0, 9223372036854775807, 0, 9223372036773430807
1, 5424, 0, 9223372036854775807, 0, 9223372036773415807
1, 5425, 0, 9223372036854775807, 0, 9223372036773400807
1, 5426, 0, 9223372036854775807, 0, 9223372036773385807
1, 5427, 0, 9223372036854775807, 0, 9223372036773370807
1, 5428, 0, 9223372036854775807, 0, 9223372036773355807
1, 5429, 0, 9223372036854775807, 0, 9223372036773340807
1, 543, 0, 9223372036854775807, 0, 9223372036846630807
1, 5430, 0, 9223372036854775807, 0, 9223372036773325807
1, 5431, 0, 9223372036854775807, 0, 9223372036773310807
1, 5432, 0, 9223372036854775807, 0, 9223372036773295807
1, 5433, 0, 9223372036854775807, 0, 9223372036773280807
1, 5434, 0, 9223372036854775807, 0, 9223372036773265807
1, 5435, 0, 9223372036854775807, 0, 9223372036773250807
1, 5436, 0, 9223372036854775807, 0, 9223372036773235807
1, 5437, 0, 9223372036854775807, 0, 9223372036773220807
1, 5438, 0, 9223372036854775807, 0, 9223372036773205807
1, 5439, 0, 9223372036854775807, 0, 9223372036773190807
1, 544, 0, 9223372036854775807, 0, 9223372036846615807
1, 5440, 0, 9223372036854775807, 0, 9223372036773175807
1, 5441, 0, 9223372036854775807, 0, 9223372036773160807
1, 5442, 0, 9223372036854775807, 0, 9223372036773145807
1, 5443, 0, 9223372036854775807, 0, 9223372036773130807
1, 5444, 0, 9223372036854775807, 0, 9223372036773115807
1, 5445, 0, 9223372036854775807, 0, 9223372036773100807
1, 5446, 0, 9223372036854775807, 0, 9223372036773085807
1, 5447, 0, 9223372036854775807, 0, 9223372036773070807
1, 5448, 0, 9223372036854775807, 0, 9223372036773055807
1, 5449, 0, 9223372036854775807, 0, 9223372036773040807
1, 545, 0, 9223372036854775807, 0, 9223372036846600807
1, 5450, 0, 9223372036854775807, 0, 9223372036773025807
1, 5451, 0, 9223372036854775807, 0, 9223372036773010807
1, 5452, 0, 9223372036854775807, 0, 9223372036772995807
1, 5453, 0, 9223372036854775807, 0, 9223372036772980807
1, 5454, 0, 9223372036854775807, 0, 9223372036772965807
1, 5455, 0, 9223372036854775807, 0, 9223372036772950807
1, 5456, 0, 9223372036854775807, 0, 9223372036772935807
1, 5457, 0, 9223372036854775807, 0, 9223372036772920807
1, 5458, 0, 9223372036854775807, 0, 9223372036772905807
1, 5459, 0, 9223372036854775807, 0, 9223372036772890807
1, 546, 0, 9223372036854775807, 0, 9223372036846585807
1, 5460, 0, 9223372036854775807, 0, 9223372036772875807
1, 5461, 0, 9223372036854775807, 0, 9223372036772860807
1, 5462, 0, 9223372036854775807, 0, 9223372036772845807
1, 5463, 0, 9223372036854775807, 0, 9223372036772830807
1, 5464, 0, 9223372036854775807, 0, 9223372036772815807
1, 5465, 0, 9223372036854775807, 0, 9223372036772800807
1, 5466, 0, 9223372036854775807, 0, 9223372036772785807
1, 5467, 0, 9223372036854775807, 0, 9223372036772770807
1, 5468, 0, 9223372036854775807, 0, 9223372036772755807
1, 5469, 0, 9223372036854775807, 0, 9223372036772740807
1, 547, 0, 9223372036854775807, 0, 9223372036846570807
1, 5470, 0, 9223372036854775807, 0, 9223372036772725807
1, 5471, 0, 9223372036854775807, 0, 9223372036772710807
1, 5472, 0, 9223372036854775807, 0, 9223372036772695807
1, 5473, 0, 9223372036854775807, 0, 9223372036772680807
1, 5474, 0, 9223372036854775807, 0, 9223372036772665807
1, 5475, 0, 9223372036854775807, 0, 9223372036772650807
1, 5476, 0, 9223372036854775807, 0, 9223372036772635807
1, 5477, 0, 9223372036854775807, 0, 9223372036772620807
1, 5478, 0, 9223372036854775807, 0, 9223372036772605807
1, 5479, 0, 9223372036854775807, 0, 9223372036772590807
1, 548, 0, 9223372036854775807, 0, 9223372036846555807
1, 5480, 0, 9223372036854775807, 0, 9223372036772575807
1, 5481, 0, 9223372036854775807, 0, 9223372036772560807
1, 5482, 0, 9223372036854775807, 0, 9223372036772545807
1, 5483, 0, 9223372036854775807, 0, 9223372036772530807
1, 5484, 0, 9223372036854775807, 0, 9223372036772515807
1, 5485, 0, 9223372036854775807, 0, 9223372036772500807
1, 5486, 0, 9223372036854775807, 0, 9223372036772485807
1, 5487, 0, 9223372036854775807, 0, 9223372036772470807
1, 5488, 0, 9223372036854775807, 0, 9223372036772455807
1, 5489, 0, 9223372036854775807, 0, 9223372036772440807
1, 549, 0, 9223372036854775807, 0, 9223372036846540807
1, 5490, 0, 9223372036854775807, 0, 9223372036772425807
1, 5491, 0, 9223372036854775807, 0, 9223372036772410807
1, 5492, 0, 9223372036854775807, 0, 9223372036772395807
1, 5493, 0, 9223372036854775807, 0, 9223372036772380807
1, 5494, 0, 9223372036854775807, 0, 9223372036772365807
1, 5495, 0, 9223372036854775807, 0, 9223372036772350807
1, 5496, 0, 9223372036854775807, 0, 9223372036772335807
1, 5497, 0, 9223372036854775807, 0, 9223372036772320807
1, 5498, 0, 9223372036854775807, 0, 9223372036772305807
1, 5499, 0, 9223372036854775807, 0, 9223372036772290807
1, 55, 0, 9223372036854775807, 0, 9223372036853950807
1, 550, 0, 9223372036854775807, 0, 9223372036846525807
1, 5500, 0, 9223372036854775807, 0, 9223372036772275807
1, 5501, 0, 9223372036854775807, 0, 9223372036772260807
1, 5502, 0, 9223372036854775807, 0, 9223372036772245807
1, 5503, 0, 9223372036854775807, 0, 9223372036772230807
1, 5504, 0, 9223372036854775807, 0, 9223372036772215807
1, 5505, 0, 9223372036854775807, 0, 9223372036772200807
1, 5506, 0, 9223372036854775807, 0, 9223372036772185807
1, 5507, 0, 9223372036854775807, 0, 9223372036772170807
1, 5508, 0, 9223372036854775807, 0, 9223372036772155807
1, 5509, 0, 9223372036854775807, 0, 9223372036772140807
1, 551, 0, 9223372036854775807, 0, 9223372036846510807
1, 5510, 0, 9223372036854775807, 0, 9223372036772125807
1, 5511, 0, 9223372036854775807, 0, 9223372036772110807
1, 5512, 0, 9223372036854775807, 0, 9223372036772095807
1, 5513, 0, 9223372036854775807, 0, 9223372036772080807
1, 5514, 0, 9223372036854775807, 0, 9223372036772065807
1, 5515, 0, 9223372036854775807, 0, 9223372036772050807
1, 5516, 0, 9223372036854775807, 0, 9223372036772035807
1, 5517, 0, 9223372036854775807, 0, 9223372036772020807
1, 5518, 0, 9223372036854775807, 0, 9223372036772005807
1, 5519, 0, 9223372036854775807, 0, 9223372036771990807
1, 552, 0, 9223372036854775807, 0, 9223372036846495807
1, 5520, 0, 9223372036854775807, 0, 9223372036771975807
1, 5521, 0, 9223372036854775807, 0, 9223372036771960807
1, 5522, 0, 9223372036854775807, 0, 9223372036771945807
1, 5523, 0, 9223372036854775807, 0, 9223372036771930807
1, 5524, 0, 9223372036854775807, 0, 9223372036771915807
1, 5525, 0, 9223372036854775807, 0, 9223372036771900807
1, 5526, 0, 9223372036854775807, 0, 9223372036771885807
1, 5527, 0, 9223372036854775807, 0, 9223372036771870807
1, 5528, 0, 9223372036854775807, 0, 9223372036771855807
1, 5529, 0, 9223372036854775807, 0, 9223372036771840807
1, 553, 0, 9223372036854775807, 0, 9223372036846480807
1, 5530, 0, 9223372036854775807, 0, 9223372036771825807
1, 5531, 0, 9223372036854775807, 0, 9223372036771810807
1, 5532, 0, 9223372036854775807, 0, 9223372036771795807
1, 5533, 0, 9223372036854775807, 0, 9223372036771780807
1, 5534, 0, 9223372036854775807, 0, 9223372036771765807
1, 5535, 0, 9223372036854775807, 0, 9223372036771750807
1, 5536, 0, 9223372036854775807, 0, 9223372036771735807
1, 5537, 0, 9223372036854775807, 0, 9223372036771720807
1, 5538, 0, 9223372036854775807, 0, 9223372036771705807
1, 5539, 0, 9223372036854775807, 0, 9223372036771690807
1, 554, 0, 9223372036854775807, 0, 9223372036846465807
1, 5540, 0, 9223372036854775807, 0, 9223372036771675807
1, 5541, 0, 9223372036854775807, 0, 9223372036771660807
1, 5542, 0, 9223372036854775807, 0, 9223372036771645807
1, 5543, 0, 9223372036854775807, 0, 9223372036771630807
1, 5544, 0, 9223372036854775807, 0, 9223372036771615807
1, 5545, 0, 9223372036854775807, 0, 9223372036771600807
1, 5546, 0, 9223372036854775807, 0, 9223372036771585807
1, 5547, 0, 9223372036854775807, 0, 9223372036771570807
1, 5548, 0, 9223372036854775807, 0, 9223372036771555807
1, 5549, 0, 9223372036854775807, 0, 9223372036771540807
1, 555, 0, 9223372036854775807, 0, 9223372036846450807
1, 5550, 0, 9223372036854775807, 0, 9223372036771525807
1, 5551, 0, 9223372036854775807, 0, 9223372036771510807
1, 5552, 0, 9223372036854775807, 0, 9223372036771495807
1, 5553, 0, 9223372036854775807, 0, 9223372036771480807
1, 5554, 0, 9223372036854775807, 0, 9223372036771465807
1, 5555, 0, 9223372036854775807, 0, 9223372036771450807
1, 5556, 0, 9223372036854775807, 0, 9223372036771435807
1, 5557, 0, 9223372036854775807, 0, 9223372036771420807
1, 5558, 0, 9223372036854775807, 0, 9223372036771405807
1, 5559, 0, 9223372036854775807, 0, 9223372036771390807
1, 556, 0, 9223372036854775807, 0, 9223372036846435807
1, 5560, 0, 9223372036854775807, 0, 9223372036771375807
1, 5561, 0, 9223372036854775807, 0, 9223372036771360807
1, 5562, 0, 9223372036854775807, 0, 9223372036771345807
1, 5563, 0, 9223372036854775807, 0, 9223372036771330807
1, 5564, 0, 9223372036854775807, 0, 9223372036771315807
1, 5565, 0, 9223372036854775807, 0, 9223372036771300807
1, 5566, 0, 9223372036854775807, 0, 9223372036771285807
1, 5567, 0, 9223372036854775807, 0, 9223372036771270807
1, 5568, 0, 9223372036854775807, 0, 9223372036771255807
1, 5569, 0, 9223372036854775807, 0, 9223372036771240807
1, 557, 0, 9223372036854775807, 0, 9223372036846420807
1, 5570, 0, 9223372036854775807, 0, 9223372036771225807
1, 5571, 0, 9223372036854775807, 0, 9223372036771210807
1, 5572, 0, 9223372036854775807, 0, 9223372036771195807
1, 5573, 0, 9223372036854775807, 0, 9223372036771180807
1, 5574, 0, 9223372036854775807, 0, 9223372036771165807
1, 5575, 0, 9223372036854775807, 0, 9223372036771150807
1, 5576, 0, 9223372036854775807, 0, 9223372036771135807
1, 5577, 0, 9223372036854775807, 0, 9223372036771120807
1, 5578, 0, 9223372036854775807, 0, 9223372036771105807
1, 5579, 0, 9223372036854775807, 0, 9223372036771090807
1, 558, 0, 9223372036854775807, 0, 9223372036846405807
1, 5580, 0, 9223372036854775807, 0, 9223372036771075807
1, 5581, 0, 9223372036854775807, 0, 9223372036771060807
1, 5582, 0, 9223372036854775807, 0, 9223372036771045807
1, 5583, 0, 9223372036854775807, 0, 9223372036771030807
1, 5584, 0, 9223372036854775807, 0, 9223372036771015807
1, 5585, 0, 9223372036854775807, 0, 9223372036771000807
1, 5586, 0, 9223372036854775807, 0, 9223372036770985807
1, 5587, 0, 9223372036854775807, 0, 9223372036770970807
1, 5588, 0, 9223372036854775807, 0, 9223372036770955807
1, 5589, 0, 9223372036854775807, 0, 9223372036770940807
1, 559, 0, 9223372036854775807, 0, 9223372036846390807
1, 5590, 0, 9223372036854775807, 0, 9223372036770925807
1, 5591, 0, 9223372036854775807, 0, 9223372036770910807
1, 5592, 0, 9223372036854775807, 0, 9223372036770895807
1, 5593, 0, 9223372036854775807, 0, 9223372036770880807
1, 5594, 0, 9223372036854775807, 0, 9223372036770865807
1, 5595, 0, 9223372036854775807, 0, 9223372036770850807
1, 5596, 0, 9223372036854775807, 0, 9223372036770835807
1, 5597, 0, 9223372036854775807, 0, 9223372036770820807
1, 5598, 0, 9223372036854775807, 0, 9223372036770805807
1, 5599, 0, 9223372036854775807, 0, 9223372036770790807
1, 56, 0, 9223372036854775807, 0, 9223372036853935807
1, 560, 0, 9223372036854775807, 0, 9223372036846375807
1, 5600, 0, 9223372036854775807, 0, 9223372036770775807
1, 5601, 0, 9223372036854775807, 0, 9223372036770760807
1, 5602, 0, 9223372036854775807, 0, 9223372036770745807
1, 5603, 0, 9223372036854775807, 0, 9223372036770730807
1, 5604, 0, 9223372036854775807, 0, 9223372036770715807
1, 5605, 0, 9223372036854775807, 0, 9223372036770700807
1, 5606, 0, 9223372036854775807, 0, 9223372036770685807
1, 5607, 0, 9223372036854775807, 0, 9223372036770670807
1, 5608, 0, 9223372036854775807, 0, 9223372036770655807
1, 5609, 0, 9223372036854775807, 0, 9223372036770640807
1, 561, 0, 9223372036854775807, 0, 9223372036846360807
1, 5610, 0, 9223372036854775807, 0, 9223372036770625807
1, 5611, 0, 9223372036854775807, 0, 9223372036770610807
1, 5612, 0, 9223372036854775807, 0, 9223372036770595807
1, 5613, 0, 9223372036854775807, 0, 9223372036770580807
1, 5614, 0, 9223372036854775807, 0, 9223372036770565807
1, 5615, 0, 9223372036854775807, 0, 9223372036770550807
1, 5616, 0, 9223372036854775807, 0, 9223372036770535807
1, 5617, 0, 9223372036854775807, 0, 9223372036770520807
1, 5618, 0, 9223372036854775807, 0, 9223372036770505807
1, 5619, 0, 9223372036854775807, 0, 9223372036770490807
1, 562, 0, 9223372036854775807, 0, 9223372036846345807
1, 5620, 0, 9223372036854775807, 0, 9223372036770475807
1, 5621, 0, 9223372036854775807, 0, 9223372036770460807
1, 5622, 0, 9223372036854775807, 0, 9223372036770445807
1, 5623, 0, 9223372036854775807, 0, 9223372036770430807
1, 5624, 0, 9223372036854775807, 0, 9223372036770415807
1, 5625, 0, 9223372036854775807, 0, 9223372036770400807
1, 5626, 0, 9223372036854775807, 0, 9223372036770385807
1, 5627, 0, 9223372036854775807, 0, 9223372036770370807
1, 5628, 0, 9223372036854775807, 0, 9223372036770355807
1, 5629, 0, 9223372036854775807, 0, 9223372036770340807
1, 563, 0, 9223372036854775807, 0, 9223372036846330807
1, 5630, 0, 9223372036854775807, 0, 9223372036770325807
1, 5631, 0, 9223372036854775807, 0, 9223372036770310807
1, 5632, 0, 9223372036854775807, 0, 9223372036770295807
1, 5633, 0, 9223372036854775807, 0, 9223372036770280807
1, 5634, 0, 9223372036854775807, 0, 9223372036770265807
1, 5635, 0, 9223372036854775807, 0, 9223372036770250807
1, 5636, 0, 9223372036854775807, 0, 9223372036770235807
1, 5637, 0, 9223372036854775807, 0, 9223372036770220807
1, 5638, 0, 9223372036854775807, 0, 9223372036770205807
1, 5639, 0, 9223372036854775807, 0, 9223372036770190807
1, 564, 0, 9223372036854775807, 0, 9223372036846315807
1, 5640, 0, 9223372036854775807, 0, 9223372036770175807
1, 5641, 0, 9223372036854775807, 0, 9223372036770160807
1, 5642, 0, 9223372036854775807, 0, 9223372036770145807
1, 5643, 0, 9223372036854775807, 0, 9223372036770130807
1, 5644, 0, 9223372036854775807, 0, 9223372036770115807
1, 5645, 0, 9223372036854775807, 0, 9223372036770100807
1, 5646, 0, 9223372036854775807, 0, 9223372036770085807
1, 5647, 0, 9223372036854775807, 0, 9223372036770070807
1, 5648, 0, 9223372036854775807, 0, 9223372036770055807
1, 5649, 0, 9223372036854775807, 0, 9223372036770040807
1, 565, 0, 9223372036854775807, 0, 9223372036846300807
1, 5650, 0, 9223372036854775807, 0, 9223372036770025807
1, 5651, 0, 9223372036854775807, 0, 9223372036770010807
1, 5652, 0, 9223372036854775807, 0, 9223372036769995807
1, 5653, 0, 9223372036854775807, 0, 9223372036769980807
1, 5654, 0, 9223372036854775807, 0, 9223372036769965807
1, 5655, 0, 9223372036854775807, 0, 9223372036769950807
1, 5656, 0, 9223372036854775807, 0, 9223372036769935807
1, 5657, 0, 9223372036854775807, 0, 9223372036769920807
1, 5658, 0, 9223372036854775807, 0, 9223372036769905807
1, 5659, 0, 9223372036854775807, 0, 9223372036769890807
1, 566, 0, 9223372036854775807, 0, 9223372036846285807
1, 5660, 0, 9223372036854775807, 0, 9223372036769875807
1, 5661, 0, 9223372036854775807, 0, 9223372036769860807
1, 5662, 0, 9223372036854775807, 0, 9223372036769845807
1, 5663, 0, 9223372036854775807, 0, 9223372036769830807
1, 5664, 0, 9223372036854775807, 0, 9223372036769815807
1, 5665, 0, 9223372036854775807, 0, 9223372036769800807
1, 5666, 0, 9223372036854775807, 0, 9223372036769785807
1, 5667, 0, 9223372036854775807, 0, 9223372036769770807
1, 5668, 0, 9223372036854775807, 0, 9223372036769755807
1, 5669, 0, 9223372036854775807, 0, 9223372036769740807
1, 567, 0, 9223372036854775807, 0, 9223372036846270807
1, 5670, 0, 9223372036854775807, 0, 9223372036769725807
1, 5671, 0, 9223372036854775807, 0, 9223372036769710807
1, 5672, 0, 9223372036854775807, 0, 9223372036769695807
1, 5673, 0, 9223372036854775807, 0, 9223372036769680807
1, 5674, 0, 9223372036854775807, 0, 9223372036769665807
1, 5675, 0, 9223372036854775807, 0, 9223372036769650807
1, 5676, 0, 9223372036854775807, 0, 9223372036769635807
1, 5677, 0, 9223372036854775807, 0, 9223372036769620807
1, 5678, 0, 9223372036854775807, 0, 9223372036769605807
1, 5679, 0, 9223372036854775807, 0, 9223372036769590807
1, 568, 0, 9223372036854775807, 0, 9223372036846255807
1, 5680, 0, 9223372036854775807, 0, 9223372036769575807
1, 5681, 0, 9223372036854775807, 0, 9223372036769560807
1, 5682, 0, 9223372036854775807, 0, 9223372036769545807
1, 5683, 0, 9223372036854775807, 0, 9223372036769530807
1, 5684, 0, 9223372036854775807, 0, 9223372036769515807
1, 5685, 0, 9223372036854775807, 0, 9223372036769500807
1, 5686, 0, 9223372036854775807, 0, 9223372036769485807
1, 5687, 0, 9223372036854775807, 0, 9223372036769470807
1, 5688, 0, 9223372036854775807, 0, 9223372036769455807
1, 5689, 0, 9223372036854775807, 0, 9223372036769440807
1, 569, 0, 9223372036854775807, 0, 9223372036846240807
1, 5690, 0, 9223372036854775807, 0, 9223372036769425807
1, 5691, 0, 9223372036854775807, 0, 9223372036769410807
1, 5692, 0, 9223372036854775807, 0, 9223372036769395807
1, 5693, 0, 9223372036854775807, 0, 9223372036769380807
1, 5694, 0, 9223372036854775807, 0, 9223372036769365807
1, 5695, 0, 9223372036854775807, 0, 9223372036769350807
1, 5696, 0, 9223372036854775807, 0, 9223372036769335807
1, 5697, 0, 9223372036854775807, 0, 9223372036769320807
1, 5698, 0, 9223372036854775807, 0, 9223372036769305807
1, 5699, 0, 9223372036854775807, 0, 9223372036769290807
1, 57, 0, 9223372036854775807, 0, 9223372036853920807
1, 570, 0, 9223372036854775807, 0, 9223372036846225807
1, 5700, 0, 9223372036854775807, 0, 9223372036769275807
1, 5701, 0, 9223372036854775807, 0, 9223372036769260807
1, 5702, 0, 9223372036854775807, 0, 9223372036769245807
1, 5703, 0, 9223372036854775807, 0, 9223372036769230807
1, 5704, 0, 9223372036854775807, 0, 9223372036769215807
1, 5705, 0, 9223372036854775807, 0, 9223372036769200807
1, 5706, 0, 9223372036854775807, 0, 9223372036769185807
1, 5707, 0, 9223372036854775807, 0, 9223372036769170807
1, 5708, 0, 9223372036854775807, 0, 9223372036769155807
1, 5709, 0, 9223372036854775807, 0, 9223372036769140807
1, 571, 0, 9223372036854775807, 0, 9223372036846210807
1, 5710, 0, 9223372036854775807, 0, 9223372036769125807
1, 5711, 0, 9223372036854775807, 0, 9223372036769110807
1, 5712, 0, 9223372036854775807, 0, 9223372036769095807
1, 5713, 0, 9223372036854775807, 0, 9223372036769080807
1, 5714, 0, 9223372036854775807, 0, 9223372036769065807
1, 5715, 0, 9223372036854775807, 0, 9223372036769050807
1, 5716, 0, 9223372036854775807, 0, 9223372036769035807
1, 5717, 0, 9223372036854775807, 0, 9223372036769020807
1, 5718, 0, 9223372036854775807, 0, 9223372036769005807
1, 5719, 0, 9223372036854775807, 0, 9223372036768990807
1, 572, 0, 9223372036854775807, 0, 9223372036846195807
1, 5720, 0, 9223372036854775807, 0, 9223372036768975807
1, 5721, 0, 9223372036854775807, 0, 9223372036768960807
1, 5722, 0, 9223372036854775807, 0, 9223372036768945807
1, 5723, 0, 9223372036854775807, 0, 9223372036768930807
1, 5724, 0, 9223372036854775807, 0, 9223372036768915807
1, 5725, 0, 9223372036854775807, 0, 9223372036768900807
1, 5726, 0, 9223372036854775807, 0, 9223372036768885807
1, 5727, 0, 9223372036854775807, 0, 9223372036768870807
1, 5728, 0, 9223372036854775807, 0, 9223372036768855807
1, 5729, 0, 9223372036854775807, 0, 9223372036768840807
1, 573, 0, 9223372036854775807, 0, 9223372036846180807
1, 5730, 0, 9223372036854775807, 0, 9223372036768825807
1, 5731, 0, 9223372036854775807, 0, 9223372036768810807
1, 5732, 0, 9223372036854775807, 0, 9223372036768795807
1, 5733, 0, 9223372036854775807, 0, 9223372036768780807
1, 5734, 0, 9223372036854775807, 0, 9223372036768765807
1, 5735, 0, 9223372036854775807, 0, 9223372036768750807
1, 5736, 0, 9223372036854775807, 0, 9223372036768735807
1, 5737, 0, 9223372036854775807, 0, 9223372036768720807
1, 5738, 0, 9223372036854775807, 0, 9223372036768705807
1, 5739, 0, 9223372036854775807, 0, 9223372036768690807
1, 574, 0, 9223372036854775807, 0, 9223372036846165807
1, 5740, 0, 9223372036854775807, 0, 9223372036768675807
1, 5741, 0, 9223372036854775807, 0, 9223372036768660807
1, 5742, 0, 9223372036854775807, 0, 9223372036768645807
1, 5743, 0, 9223372036854775807, 0, 9223372036768630807
1, 5744, 0, 9223372036854775807, 0, 9223372036768615807
1, 5745, 0, 9223372036854775807, 0, 9223372036768600807
1, 5746, 0, 9223372036854775807, 0, 9223372036768585807
1, 5747, 0, 9223372036854775807, 0, 9223372036768570807
1, 5748, 0, 9223372036854775807, 0, 9223372036768555807
1, 5749, 0, 9223372036854775807, 0, 9223372036768540807
1, 575, 0, 9223372036854775807, 0, 9223372036846150807
1, 5750, 0, 9223372036854775807, 0, 9223372036768525807
1, 5751, 0, 9223372036854775807, 0, 9223372036768510807
1, 5752, 0, 9223372036854775807, 0, 9223372036768495807
1, 5753, 0, 9223372036854775807, 0, 9223372036768480807
1, 5754, 0, 9223372036854775807, 0, 9223372036768465807
1, 5755, 0, 9223372036854775807, 0, 9223372036768450807
1, 5756, 0, 9223372036854775807, 0, 9223372036768435807
1, 5757, 0, 9223372036854775807, 0, 9223372036768420807
1, 5758, 0, 9223372036854775807, 0, 9223372036768405807
1, 5759, 0, 9223372036854775807, 0, 9223372036768390807
1, 576, 0, 9223372036854775807, 0, 9223372036846135807
1, 5760, 0, 9223372036854775807, 0, 9223372036768375807
1, 5761, 0, 9223372036854775807, 0, 9223372036768360807
1, 5762, 0, 9223372036854775807, 0, 9223372036768345807
1, 5763, 0, 9223372036854775807, 0, 9223372036768330807
1, 5764, 0, 9223372036854775807, 0, 9223372036768315807
1, 5765, 0, 9223372036854775807, 0, 9223372036768300807
1, 5766, 0, 9223372036854775807, 0, 9223372036768285807
1, 5767, 0, 9223372036854775807, 0, 9223372036768270807
1, 5768, 0, 9223372036854775807, 0, 9223372036768255807
1, 5769, 0, 9223372036854775807, 0, 9223372036768240807
1, 577, 0, 9223372036854775807, 0, 9223372036846120807
1, 5770, 0, 9223372036854775807, 0, 9223372036768225807
1, 5771, 0, 9223372036854775807, 0, 9223372036768210807
1, 5772, 0, 9223372036854775807, 0, 9223372036768195807
1, 5773, 0, 9223372036854775807, 0, 9223372036768180807
1, 5774, 0, 9223372036854775807, 0, 9223372036768165807
1, 5775, 0, 9223372036854775807, 0, 9223372036768150807
1, 5776, 0, 9223372036854775807, 0, 9223372036768135807
1, 5777, 0, 9223372036854775807, 0, 9223372036768120807
1, 5778, 0, 9223372036854775807, 0, 9223372036768105807
1, 5779, 0, 9223372036854775807, 0, 9223372036768090807
1, 578, 0, 9223372036854775807, 0, 9223372036846105807
1, 5780, 0, 9223372036854775807, 0, 9223372036768075807
1, 5781, 0, 9223372036854775807, 0, 9223372036768060807
1, 5782, 0, 9223372036854775807, 0, 9223372036768045807
1, 5783, 0, 9223372036854775807, 0, 9223372036768030807
1, 5784, 0, 9223372036854775807, 0, 9223372036768015807
1, 5785, 0, 9223372036854775807, 0, 9223372036768000807
1, 5786, 0, 9223372036854775807, 0, 9223372036767985807
1, 5787, 0, 9223372036854775807, 0, 9223372036767970807
1, 5788, 0, 9223372036854775807, 0, 9223372036767955807
1, 5789, 0, 9223372036854775807, 0, 9223372036767940807
1, 579, 0, 9223372036854775807, 0, 9223372036846090807
1, 5790, 0, 9223372036854775807, 0, 9223372036767925807
1, 5791, 0, 9223372036854775807, 0, 9223372036767910807
1, 5792, 0, 9223372036854775807, 0, 9223372036767895807
1, 5793, 0, 9223372036854775807, 0, 9223372036767880807
1, 5794, 0, 9223372036854775807, 0, 9223372036767865807
1, 5795, 0, 9223372036854775807, 0, 9223372036767850807
1, 5796, 0, 9223372036854775807, 0, 9223372036767835807
1, 5797, 0, 9223372036854775807, 0, 9223372036767820807
1, 5798, 0, 9223372036854775807, 0, 9223372036767805807
1, 5799, 0, 9223372036854775807, 0, 9223372036767790807
1, 58, 0, 9223372036854775807, 0, 9223372036853905807
1, 580, 0, 9223372036854775807, 0, 9223372036846075807
1, 5800, 0, 9223372036854775807, 0, 9223372036767775807
1, 5801, 0, 9223372036854775807, 0, 9223372036767760807
1, 5802, 0, 9223372036854775807, 0, 9223372036767745807
1, 5803, 0, 9223372036854775807, 0, 9223372036767730807
1, 5804, 0, 9223372036854775807, 0, 9223372036767715807
1, 5805, 0, 9223372036854775807, 0, 9223372036767700807
1, 5806, 0, 9223372036854775807, 0, 9223372036767685807
1, 5807, 0, 9223372036854775807, 0, 9223372036767670807
1, 5808, 0, 9223372036854775807, 0, 9223372036767655807
1, 5809, 0, 9223372036854775807, 0, 9223372036767640807
1, 581, 0, 9223372036854775807, 0, 9223372036846060807
1, 5810, 0, 9223372036854775807, 0, 9223372036767625807
1, 5811, 0, 9223372036854775807, 0, 9223372036767610807
1, 5812, 0, 9223372036854775807, 0, 9223372036767595807
1, 5813, 0, 9223372036854775807, 0, 9223372036767580807
1, 5814, 0, 9223372036854775807, 0, 9223372036767565807
1, 5815, 0, 9223372036854775807, 0, 9223372036767550807
1, 5816, 0, 9223372036854775807, 0, 9223372036767535807
1, 5817, 0, 9223372036854775807, 0, 9223372036767520807
1, 5818, 0, 9223372036854775807, 0, 9223372036767505807
1, 5819, 0, 9223372036854775807, 0, 9223372036767490807
1, 582, 0, 9223372036854775807, 0, 9223372036846045807
1, 5820, 0, 9223372036854775807, 0, 9223372036767475807
1, 5821, 0, 9223372036854775807, 0, 9223372036767460807
1, 5822, 0, 9223372036854775807, 0, 9223372036767445807
1, 5823, 0, 9223372036854775807, 0, 9223372036767430807
1, 5824, 0, 9223372036854775807, 0, 9223372036767415807
1, 5825, 0, 9223372036854775807, 0, 9223372036767400807
1, 5826, 0, 9223372036854775807, 0, 9223372036767385807
1, 5827, 0, 9223372036854775807, 0, 9223372036767370807
1, 5828, 0, 9223372036854775807, 0, 9223372036767355807
1, 5829, 0, 9223372036854775807, 0, 9223372036767340807
1, 583, 0, 9223372036854775807, 0, 9223372036846030807
1, 5830, 0, 9223372036854775807, 0, 9223372036767325807
1, 5831, 0, 9223372036854775807, 0, 9223372036767310807
1, 5832, 0, 9223372036854775807, 0, 9223372036767295807
1, 5833, 0, 9223372036854775807, 0, 9223372036767280807
1, 5834, 0, 9223372036854775807, 0, 9223372036767265807
1, 5835, 0, 9223372036854775807, 0, 9223372036767250807
1, 5836, 0, 9223372036854775807, 0, 9223372036767235807
1, 5837, 0, 9223372036854775807, 0, 9223372036767220807
1, 5838, 0, 9223372036854775807, 0, 9223372036767205807
1, 5839, 0, 9223372036854775807, 0, 9223372036767190807
1, 584, 0, 9223372036854775807, 0, 9223372036846015807
1, 5840, 0, 9223372036854775807, 0, 9223372036767175807
1, 5841, 0, 9223372036854775807, 0, 9223372036767160807
1, 5842, 0, 9223372036854775807, 0, 9223372036767145807
1, 5843, 0, 9223372036854775807, 0, 9223372036767130807
1, 5844, 0, 9223372036854775807, 0, 9223372036767115807
1, 5845, 0, 9223372036854775807, 0, 9223372036767100807
1, 5846, 0, 9223372036854775807, 0, 9223372036767085807
1, 5847, 0, 9223372036854775807, 0, 9223372036767070807
1, 5848, 0, 9223372036854775807, 0, 9223372036767055807
1, 5849, 0, 9223372036854775807, 0, 9223372036767040807
1, 585, 0, 9223372036854775807, 0, 9223372036846000807
1, 5850, 0, 9223372036854775807, 0, 9223372036767025807
1, 5851, 0, 9223372036854775807, 0, 9223372036767010807
1, 5852, 0, 9223372036854775807, 0, 9223372036766995807
1, 5853, 0, 9223372036854775807, 0, 9223372036766980807
1, 5854, 0, 9223372036854775807, 0, 9223372036766965807
1, 5855, 0, 9223372036854775807, 0, 9223372036766950807
1, 5856, 0, 9223372036854775807, 0, 9223372036766935807
1, 5857, 0, 9223372036854775807, 0, 9223372036766920807
1, 5858, 0, 9223372036854775807, 0, 9223372036766905807
1, 5859, 0, 9223372036854775807, 0, 9223372036766890807
1, 586, 0, 9223372036854775807, 0, 9223372036845985807
1, 5860, 0, 9223372036854775807, 0, 9223372036766875807
1, 5861, 0, 9223372036854775807, 0, 9223372036766860807
1, 5862, 0, 9223372036854775807, 0, 9223372036766845807
1, 5863, 0, 9223372036854775807, 0, 9223372036766830807
1, 5864, 0, 9223372036854775807, 0, 9223372036766815807
1, 5865, 0, 9223372036854775807, 0, 9223372036766800807
1, 5866, 0, 9223372036854775807, 0, 9223372036766785807
1, 5867, 0, 9223372036854775807, 0, 9223372036766770807
1, 5868, 0, 9223372036854775807, 0, 9223372036766755807
1, 5869, 0, 9223372036854775807, 0, 9223372036766740807
1, 587, 0, 9223372036854775807, 0, 9223372036845970807
1, 5870, 0, 9223372036854775807, 0, 9223372036766725807
1, 5871, 0, 9223372036854775807, 0, 9223372036766710807
1, 5872, 0, 9223372036854775807, 0, 9223372036766695807
1, 5873, 0, 9223372036854775807, 0, 9223372036766680807
1, 5874, 0, 9223372036854775807, 0, 9223372036766665807
1, 5875, 0, 9223372036854775807, 0, 9223372036766650807
1, 5876, 0, 9223372036854775807, 0, 9223372036766635807
1, 5877, 0, 9223372036854775807, 0, 9223372036766620807
1, 5878, 0, 9223372036854775807, 0, 9223372036766605807
1, 5879, 0, 9223372036854775807, 0, 9223372036766590807
1, 588, 0, 9223372036854775807, 0, 9223372036845955807
1, 5880, 0, 9223372036854775807, 0, 9223372036766575807
1, 5881, 0, 9223372036854775807, 0, 9223372036766560807
1, 5882, 0, 9223372036854775807, 0, 9223372036766545807
1, 5883, 0, 9223372036854775807, 0, 9223372036766530807
1, 5884, 0, 9223372036854775807, 0, 9223372036766515807
1, 5885, 0, 9223372036854775807, 0, 9223372036766500807
1, 5886, 0, 9223372036854775807, 0, 9223372036766485807
1, 5887, 0, 9223372036854775807, 0, 9223372036766470807
1, 5888, 0, 9223372036854775807, 0, 9223372036766455807
1, 5889, 0, 9223372036854775807, 0, 9223372036766440807
1, 589, 0, 9223372036854775807, 0, 9223372036845940807
1, 5890, 0, 9223372036854775807, 0, 9223372036766425807
1, 5891, 0, 9223372036854775807, 0, 9223372036766410807
1, 5892, 0, 9223372036854775807, 0, 9223372036766395807
1, 5893, 0, 9223372036854775807, 0, 9223372036766380807
1, 5894, 0, 9223372036854775807, 0, 9223372036766365807
1, 5895, 0, 9223372036854775807, 0, 9223372036766350807
1, 5896, 0, 9223372036854775807, 0, 9223372036766335807
1, 5897, 0, 9223372036854775807, 0, 9223372036766320807
1, 5898, 0, 9223372036854775807, 0, 9223372036766305807
1, 5899, 0, 9223372036854775807, 0, 9223372036766290807
1, 59, 0, 9223372036854775807, 0, 9223372036853890807
1, 590, 0, 9223372036854775807, 0, 9223372036845925807
1, 5900, 0, 9223372036854775807, 0, 9223372036766275807
1, 5901, 0, 9223372036854775807, 0, 9223372036766260807
1, 5902, 0, 9223372036854775807, 0, 9223372036766245807
1, 5903, 0, 9223372036854775807, 0, 9223372036766230807
1, 5904, 0, 9223372036854775807, 0, 9223372036766215807
1, 5905, 0, 9223372036854775807, 0, 9223372036766200807
1, 5906, 0, 9223372036854775807, 0, 9223372036766185807
1, 5907, 0, 9223372036854775807, 0, 9223372036766170807
1, 5908, 0, 9223372036854775807, 0, 9223372036766155807
1, 5909, 0, 9223372036854775807, 0, 9223372036766140807
1, 591, 0, 9223372036854775807, 0, 9223372036845910807
1, 5910, 0, 9223372036854775807, 0, 9223372036766125807
1, 5911, 0, 9223372036854775807, 0, 9223372036766110807
1, 5912, 0, 9223372036854775807, 0, 9223372036766095807
1, 5913, 0, 9223372036854775807, 0, 9223372036766080807
1, 5914, 0, 9223372036854775807, 0, 9223372036766065807
1, 5915, 0, 9223372036854775807, 0, 9223372036766050807
1, 5916, 0, 9223372036854775807, 0, 9223372036766035807
1, 5917, 0, 9223372036854775807, 0, 9223372036766020807
1, 5918, 0, 9223372036854775807, 0, 9223372036766005807
1, 5919, 0, 9223372036854775807, 0, 9223372036765990807
1, 592, 0, 9223372036854775807, 0, 9223372036845895807
1, 5920, 0, 9223372036854775807, 0, 9223372036765975807
1, 5921, 0, 9223372036854775807, 0, 9223372036765960807
1, 5922, 0, 9223372036854775807, 0, 9223372036765945807
1, 5923, 0, 9223372036854775807, 0, 9223372036765930807
1, 5924, 0, 9223372036854775807, 0, 9223372036765915807
1, 5925, 0, 9223372036854775807, 0, 9223372036765900807
1, 5926, 0, 9223372036854775807, 0, 9223372036765885807
1, 5927, 0, 9223372036854775807, 0, 9223372036765870807
1, 5928, 0, 9223372036854775807, 0, 9223372036765855807
1, 5929, 0, 9223372036854775807, 0, 9223372036765840807
1, 593, 0, 9223372036854775807, 0, 9223372036845880807
1, 5930, 0, 9223372036854775807, 0, 9223372036765825807
1, 5931, 0, 9223372036854775807, 0, 9223372036765810807
1, 5932, 0, 9223372036854775807, 0, 9223372036765795807
1, 5933, 0, 9223372036854775807, 0, 9223372036765780807
1, 5934, 0, 9223372036854775807, 0, 9223372036765765807
1, 5935, 0, 9223372036854775807, 0, 9223372036765750807
1, 5936, 0, 9223372036854775807, 0, 9223372036765735807
1, 5937, 0, 9223372036854775807, 0, 9223372036765720807
1, 5938, 0, 9223372036854775807, 0, 9223372036765705807
1, 5939, 0, 9223372036854775807, 0, 9223372036765690807
1, 594, 0, 9223372036854775807, 0, 9223372036845865807
1, 5940, 0, 9223372036854775807, 0, 9223372036765675807
1, 5941, 0, 9223372036854775807, 0, 9223372036765660807
1, 5942, 0, 9223372036854775807, 0, 9223372036765645807
1, 5943, 0, 9223372036854775807, 0, 9223372036765630807
1, 5944, 0, 9223372036854775807, 0, 9223372036765615807
1, 5945, 0, 9223372036854775807, 0, 9223372036765600807
1, 5946, 0, 9223372036854775807, 0, 9223372036765585807
1, 5947, 0, 9223372036854775807, 0, 9223372036765570807
1, 5948, 0, 9223372036854775807, 0, 9223372036765555807
1, 5949, 0, 9223372036854775807, 0, 9223372036765540807
1, 595, 0, 9223372036854775807, 0, 9223372036845850807
1, 5950, 0, 9223372036854775807, 0, 9223372036765525807
1, 5951, 0, 9223372036854775807, 0, 9223372036765510807
1, 5952, 0, 9223372036854775807, 0, 9223372036765495807
1, 5953, 0, 9223372036854775807, 0, 9223372036765480807
1, 5954, 0, 9223372036854775807, 0, 9223372036765465807
1, 5955, 0, 9223372036854775807, 0, 9223372036765450807
1, 5956, 0, 9223372036854775807, 0, 9223372036765435807
1, 5957, 0, 9223372036854775807, 0, 9223372036765420807
1, 5958, 0, 9223372036854775807, 0, 9223372036765405807
1, 5959, 0, 9223372036854775807, 0, 9223372036765390807
1, 596, 0, 9223372036854775807, 0, 9223372036845835807
1, 5960, 0, 9223372036854775807, 0, 9223372036765375807
1, 5961, 0, 9223372036854775807, 0, 9223372036765360807
1, 5962, 0, 9223372036854775807, 0, 9223372036765345807
1, 5963, 0, 9223372036854775807, 0, 9223372036765330807
1, 5964, 0, 9223372036854775807, 0, 9223372036765315807
1, 5965, 0, 9223372036854775807, 0, 9223372036765300807
1, 5966, 0, 9223372036854775807, 0, 9223372036765285807
1, 5967, 0, 9223372036854775807, 0, 9223372036765270807
1, 5968, 0, 9223372036854775807, 0, 9223372036765255807
1, 5969, 0, 9223372036854775807, 0, 9223372036765240807
1, 597, 0, 9223372036854775807, 0, 9223372036845820807
1, 5970, 0, 9223372036854775807, 0, 9223372036765225807
1, 5971, 0, 9223372036854775807, 0, 9223372036765210807
1, 5972, 0, 9223372036854775807, 0, 9223372036765195807
1, 5973, 0, 9223372036854775807, 0, 9223372036765180807
1, 5974, 0, 9223372036854775807, 0, 9223372036765165807
1, 5975, 0, 9223372036854775807, 0, 9223372036765150807
1, 5976, 0, 9223372036854775807, 0, 9223372036765135807
1, 5977, 0, 9223372036854775807, 0, 9223372036765120807
1, 5978, 0, 9223372036854775807, 0, 9223372036765105807
1, 5979, 0, 9223372036854775807, 0, 9223372036765090807
1, 598, 0, 9223372036854775807, 0, 9223372036845805807
1, 5980, 0, 9223372036854775807, 0, 9223372036765075807
1, 5981, 0, 9223372036854775807, 0, 9223372036765060807
1, 5982, 0, 9223372036854775807, 0, 9223372036765045807
1, 5983, 0, 9223372036854775807, 0, 9223372036765030807
1, 5984, 0, 9223372036854775807, 0, 9223372036765015807
1, 5985, 0, 9223372036854775807, 0, 9223372036765000807
1, 5986, 0, 9223372036854775807, 0, 9223372036764985807
1, 5987, 0, 9223372036854775807, 0, 9223372036764970807
1, 5988, 0, 9223372036854775807, 0, 9223372036764955807
1, 5989, 0, 9223372036854775807, 0, 9223372036764940807
1, 599, 0, 9223372036854775807, 0, 9223372036845790807
1, 5990, 0, 9223372036854775807, 0, 9223372036764925807
1, 5991, 0, 9223372036854775807, 0, 9223372036764910807
1, 5992, 0, 9223372036854775807, 0, 9223372036764895807
1, 5993, 0, 9223372036854775807, 0, 9223372036764880807
1, 5994, 0, 9223372036854775807, 0, 9223372036764865807
1, 5995, 0, 9223372036854775807, 0, 9223372036764850807
1, 5996, 0, 9223372036854775807, 0, 9223372036764835807
1, 5997, 0, 9223372036854775807, 0, 9223372036764820807
1, 5998, 0, 9223372036854775807, 0, 9223372036764805807
1, 5999, 0, 9223372036854775807, 0, 9223372036764790807
1, 6, 0, 9223372036854775807, 0, 9223372036854685807
1, 60, 0, 9223372036854775807, 0, 9223372036853875807
1, 600, 0, 9223372036854775807, 0, 9223372036845775807
1, 6000, 0, 9223372036854775807, 0, 9223372036764775807
1, 6001, 0, 9223372036854775807, 0, 9223372036764760807
1, 6002, 0, 9223372036854775807, 0, 9223372036764745807
1, 6003, 0, 9223372036854775807, 0, 9223372036764730807
1, 6004, 0, 9223372036854775807, 0, 9223372036764715807
1, 6005, 0, 9223372036854775807, 0, 9223372036764700807
1, 6006, 0, 9223372036854775807, 0, 9223372036764685807
1, 6007, 0, 9223372036854775807, 0, 9223372036764670807
1, 6008, 0, 9223372036854775807, 0, 9223372036764655807
1, 6009, 0, 9223372036854775807, 0, 9223372036764640807
1, 601, 0, 9223372036854775807, 0, 9223372036845760807
1, 6010, 0, 9223372036854775807, 0, 9223372036764625807
1, 6011, 0, 9223372036854775807, 0, 9223372036764610807
1, 6012, 0, 9223372036854775807, 0, 9223372036764595807
1, 6013, 0, 9223372036854775807, 0, 9223372036764580807
1, 6014, 0, 9223372036854775807, 0, 9223372036764565807
1, 6015, 0, 9223372036854775807, 0, 9223372036764550807
1, 6016, 0, 9223372036854775807, 0, 9223372036764535807
1, 6017, 0, 9223372036854775807, 0, 9223372036764520807
1, 6018, 0, 9223372036854775807, 0, 9223372036764505807
1, 6019, 0, 9223372036854775807, 0, 9223372036764490807
1, 602, 0, 9223372036854775807, 0, 9223372036845745807
1, 6020, 0, 9223372036854775807, 0, 9223372036764475807
1, 6021, 0, 9223372036854775807, 0, 9223372036764460807
1, 6022, 0, 9223372036854775807, 0, 9223372036764445807
1, 6023, 0, 9223372036854775807, 0, 9223372036764430807
1, 6024, 0, 9223372036854775807, 0, 9223372036764415807
1, 6025, 0, 9223372036854775807, 0, 9223372036764400807
1, 6026, 0, 9223372036854775807, 0, 9223372036764385807
1, 6027, 0, 9223372036854775807, 0, 9223372036764370807
1, 6028, 0, 9223372036854775807, 0, 9223372036764355807
1, 6029, 0, 9223372036854775807, 0, 9223372036764340807
1, 603, 0, 9223372036854775807, 0, 9223372036845730807
1, 6030, 0, 9223372036854775807, 0, 9223372036764325807
1, 6031, 0, 9223372036854775807, 0, 9223372036764310807
1, 6032, 0, 9223372036854775807, 0, 9223372036764295807
1, 6033, 0, 9223372036854775807, 0, 9223372036764280807
1, 6034, 0, 9223372036854775807, 0, 9223372036764265807
1, 6035, 0, 9223372036854775807, 0, 9223372036764250807
1, 6036, 0, 9223372036854775807, 0, 9223372036764235807
1, 6037, 0, 9223372036854775807, 0, 9223372036764220807
1, 6038, 0, 9223372036854775807, 0, 9223372036764205807
1, 6039, 0, 9223372036854775807, 0, 9223372036764190807
1, 604, 0, 9223372036854775807, 0, 9223372036845715807
1, 6040, 0, 9223372036854775807, 0, 9223372036764175807
1, 6041, 0, 9223372036854775807, 0, 9223372036764160807
1, 6042, 0, 9223372036854775807, 0, 9223372036764145807
1, 6043, 0, 9223372036854775807, 0, 9223372036764130807
1, 6044, 0, 9223372036854775807, 0, 9223372036764115807
1, 6045, 0, 9223372036854775807, 0, 9223372036764100807
1, 6046, 0, 9223372036854775807, 0, 9223372036764085807
1, 6047, 0, 9223372036854775807, 0, 9223372036764070807
1, 6048, 0, 9223372036854775807, 0, 9223372036764055807
1, 6049, 0, 9223372036854775807, 0, 9223372036764040807
1, 605, 0, 9223372036854775807, 0, 9223372036845700807
1, 6050, 0, 9223372036854775807, 0, 9223372036764025807
1, 6051, 0, 9223372036854775807, 0, 9223372036764010807
1, 6052, 0, 9223372036854775807, 0, 9223372036763995807
1, 6053, 0, 9223372036854775807, 0, 9223372036763980807
1, 6054, 0, 9223372036854775807, 0, 9223372036763965807
1, 6055, 0, 9223372036854775807, 0, 9223372036763950807
1, 6056, 0, 9223372036854775807, 0, 9223372036763935807
1, 6057, 0, 9223372036854775807, 0, 9223372036763920807
1, 6058, 0, 9223372036854775807, 0, 9223372036763905807
1, 6059, 0, 9223372036854775807, 0, 9223372036763890807
1, 606, 0, 9223372036854775807, 0, 9223372036845685807
1, 6060, 0, 9223372036854775807, 0, 9223372036763875807
1, 6061, 0, 9223372036854775807, 0, 9223372036763860807
1, 6062, 0, 9223372036854775807, 0, 9223372036763845807
1, 6063, 0, 9223372036854775807, 0, 9223372036763830807
1, 6064, 0, 9223372036854775807, 0, 9223372036763815807
1, 6065, 0, 9223372036854775807, 0, 9223372036763800807
1, 6066, 0, 9223372036854775807, 0, 9223372036763785807
1, 6067, 0, 9223372036854775807, 0, 9223372036763770807
1, 6068, 0, 9223372036854775807, 0, 9223372036763755807
1, 6069, 0, 9223372036854775807, 0, 9223372036763740807
1, 607, 0, 9223372036854775807, 0, 9223372036845670807
1, 6070, 0, 9223372036854775807, 0, 9223372036763725807
1, 6071, 0, 9223372036854775807, 0, 9223372036763710807
1, 6072, 0, 9223372036854775807, 0, 9223372036763695807
1, 6073, 0, 9223372036854775807, 0, 9223372036763680807
1, 6074, 0, 9223372036854775807, 0, 9223372036763665807
1, 6075, 0, 9223372036854775807, 0, 9223372036763650807
1, 6076, 0, 9223372036854775807, 0, 9223372036763635807
1, 6077, 0, 9223372036854775807, 0, 9223372036763620807
1, 6078, 0, 9223372036854775807, 0, 9223372036763605807
1, 6079, 0, 9223372036854775807, 0, 9223372036763590807
1, 608, 0, 9223372036854775807, 0, 9223372036845655807
1, 6080, 0, 9223372036854775807, 0, 9223372036763575807
1, 6081, 0, 9223372036854775807, 0, 9223372036763560807
1, 6082, 0, 9223372036854775807, 0, 9223372036763545807
1, 6083, 0, 9223372036854775807, 0, 9223372036763530807
1, 6084, 0, 9223372036854775807, 0, 9223372036763515807
1, 6085, 0, 9223372036854775807, 0, 9223372036763500807
1, 6086, 0, 9223372036854775807, 0, 9223372036763485807
1, 6087, 0, 9223372036854775807, 0, 9223372036763470807
1, 6088, 0, 9223372036854775807, 0, 9223372036763455807
1, 6089, 0, 9223372036854775807, 0, 9223372036763440807
1, 609, 0, 9223372036854775807, 0, 9223372036845640807
1, 6090, 0, 9223372036854775807, 0, 9223372036763425807
1, 6091, 0, 9223372036854775807, 0, 9223372036763410807
1, 6092, 0, 9223372036854775807, 0, 9223372036763395807
1, 6093, 0, 9223372036854775807, 0, 9223372036763380807
1, 6094, 0, 9223372036854775807, 0, 9223372036763365807
1, 6095, 0, 9223372036854775807, 0, 9223372036763350807
1, 6096, 0, 9223372036854775807, 0, 9223372036763335807
1, 6097, 0, 9223372036854775807, 0, 9223372036763320807
1, 6098, 0, 9223372036854775807, 0, 9223372036763305807
1, 6099, 0, 9223372036854775807, 0, 9223372036763290807
1, 61, 0, 9223372036854775807, 0, 9223372036853860807
1, 610, 0, 9223372036854775807, 0, 9223372036845625807
1, 6100, 0, 9223372036854775807, 0, 9223372036763275807
1, 6101, 0, 9223372036854775807, 0, 9223372036763260807
1, 6102, 0, 9223372036854775807, 0, 9223372036763245807
1, 6103, 0, 9223372036854775807, 0, 9223372036763230807
1, 6104, 0, 9223372036854775807, 0, 9223372036763215807
1, 6105, 0, 9223372036854775807, 0, 9223372036763200807
1, 6106, 0, 9223372036854775807, 0, 9223372036763185807
1, 6107, 0, 9223372036854775807, 0, 9223372036763170807
1, 6108, 0, 9223372036854775807, 0, 9223372036763155807
1, 6109, 0, 9223372036854775807, 0, 9223372036763140807
1, 611, 0, 9223372036854775807, 0, 9223372036845610807
1, 6110, 0, 9223372036854775807, 0, 9223372036763125807
1, 6111, 0, 9223372036854775807, 0, 9223372036763110807
1, 6112, 0, 9223372036854775807, 0, 9223372036763095807
1, 6113, 0, 9223372036854775807, 0, 9223372036763080807
1, 6114, 0, 9223372036854775807, 0, 9223372036763065807
1, 6115, 0, 9223372036854775807, 0, 9223372036763050807
1, 6116, 0, 9223372036854775807, 0, 9223372036763035807
1, 6117, 0, 9223372036854775807, 0, 9223372036763020807
1, 6118, 0, 9223372036854775807, 0, 9223372036763005807
1, 6119, 0, 9223372036854775807, 0, 9223372036762990807
1, 612, 0, 9223372036854775807, 0, 9223372036845595807
1, 6120, 0, 9223372036854775807, 0, 9223372036762975807
1, 6121, 0, 9223372036854775807, 0, 9223372036762960807
1, 6122, 0, 9223372036854775807, 0, 9223372036762945807
1, 6123, 0, 9223372036854775807, 0, 9223372036762930807
1, 6124, 0, 9223372036854775807, 0, 9223372036762915807
1, 6125, 0, 9223372036854775807, 0, 9223372036762900807
1, 6126, 0, 9223372036854775807, 0, 9223372036762885807
1, 6127, 0, 9223372036854775807, 0, 9223372036762870807
1, 6128, 0, 9223372036854775807, 0, 9223372036762855807
1, 6129, 0, 9223372036854775807, 0, 9223372036762840807
1, 613, 0, 9223372036854775807, 0, 9223372036845580807
1, 6130, 0, 9223372036854775807, 0, 9223372036762825807
1, 6131, 0, 9223372036854775807, 0, 9223372036762810807
1, 6132, 0, 9223372036854775807, 0, 9223372036762795807
1, 6133, 0, 9223372036854775807, 0, 9223372036762780807
1, 6134, 0, 9223372036854775807, 0, 9223372036762765807
1, 6135, 0, 9223372036854775807, 0, 9223372036762750807
1, 6136, 0, 9223372036854775807, 0, 9223372036762735807
1, 6137, 0, 9223372036854775807, 0, 9223372036762720807
1, 6138, 0, 9223372036854775807, 0, 9223372036762705807
1, 6139, 0, 9223372036854775807, 0, 9223372036762690807
1, 614, 0, 9223372036854775807, 0, 9223372036845565807
1, 6140, 0, 9223372036854775807, 0, 9223372036762675807
1, 6141, 0, 9223372036854775807, 0, 9223372036762660807
1, 6142, 0, 9223372036854775807, 0, 9223372036762645807
1, 6143, 0, 9223372036854775807, 0, 9223372036762630807
1, 6144, 0, 9223372036854775807, 0, 9223372036762615807
1, 6145, 0, 9223372036854775807, 0, 9223372036762600807
1, 6146, 0, 9223372036854775807, 0, 9223372036762585807
1, 6147, 0, 9223372036854775807, 0, 9223372036762570807
1, 6148, 0, 9223372036854775807, 0, 9223372036762555807
1, 6149, 0, 9223372036854775807, 0, 9223372036762540807
1, 615, 0, 9223372036854775807, 0, 9223372036845550807
1, 6150, 0, 9223372036854775807, 0, 9223372036762525807
1, 6151, 0, 9223372036854775807, 0, 9223372036762510807
1, 6152, 0, 9223372036854775807, 0, 9223372036762495807
1, 6153, 0, 9223372036854775807, 0, 9223372036762480807
1, 6154, 0, 9223372036854775807, 0, 9223372036762465807
1, 6155, 0, 9223372036854775807, 0, 9223372036762450807
1, 6156, 0, 9223372036854775807, 0, 9223372036762435807
1, 6157, 0, 9223372036854775807, 0, 9223372036762420807
1, 6158, 0, 9223372036854775807, 0, 9223372036762405807
1, 6159, 0, 9223372036854775807, 0, 9223372036762390807
1, 616, 0, 9223372036854775807, 0, 9223372036845535807
1, 6160, 0, 9223372036854775807, 0, 9223372036762375807
1, 6161, 0, 9223372036854775807, 0, 9223372036762360807
1, 6162, 0, 9223372036854775807, 0, 9223372036762345807
1, 6163, 0, 9223372036854775807, 0, 9223372036762330807
1, 6164, 0, 9223372036854775807, 0, 9223372036762315807
1, 6165, 0, 9223372036854775807, 0, 9223372036762300807
1, 6166, 0, 9223372036854775807, 0, 9223372036762285807
1, 6167, 0, 9223372036854775807, 0, 9223372036762270807
1, 6168, 0, 9223372036854775807, 0, 9223372036762255807
1, 6169, 0, 9223372036854775807, 0, 9223372036762240807
1, 617, 0, 9223372036854775807, 0, 9223372036845520807
1, 6170, 0, 9223372036854775807, 0, 9223372036762225807
1, 6171, 0, 9223372036854775807, 0, 9223372036762210807
1, 6172, 0, 9223372036854775807, 0, 9223372036762195807
1, 6173, 0, 9223372036854775807, 0, 9223372036762180807
1, 6174, 0, 9223372036854775807, 0, 9223372036762165807
1, 6175, 0, 9223372036854775807, 0, 9223372036762150807
1, 6176, 0, 9223372036854775807, 0, 9223372036762135807
1, 6177, 0, 9223372036854775807, 0, 9223372036762120807
1, 6178, 0, 9223372036854775807, 0, 9223372036762105807
1, 6179, 0, 9223372036854775807, 0, 9223372036762090807
1, 618, 0, 9223372036854775807, 0, 9223372036845505807
1, 6180, 0, 9223372036854775807, 0, 9223372036762075807
1, 6181, 0, 9223372036854775807, 0, 9223372036762060807
1, 6182, 0, 9223372036854775807, 0, 9223372036762045807
1, 6183, 0, 9223372036854775807, 0, 9223372036762030807
1, 6184, 0, 9223372036854775807, 0, 9223372036762015807
1, 6185, 0, 9223372036854775807, 0, 9223372036762000807
1, 6186, 0, 9223372036854775807, 0, 9223372036761985807
1, 6187, 0, 9223372036854775807, 0, 9223372036761970807
1, 6188, 0, 9223372036854775807, 0, 9223372036761955807
1, 6189, 0, 9223372036854775807, 0, 9223372036761940807
1, 619, 0, 9223372036854775807, 0, 9223372036845490807
1, 6190, 0, 9223372036854775807, 0, 9223372036761925807
1, 6191, 0, 9223372036854775807, 0, 9223372036761910807
1, 6192, 0, 9223372036854775807, 0, 9223372036761895807
1, 6193, 0, 9223372036854775807, 0, 9223372036761880807
1, 6194, 0, 9223372036854775807, 0, 9223372036761865807
1, 6195, 0, 9223372036854775807, 0, 9223372036761850807
1, 6196, 0, 9223372036854775807, 0, 9223372036761835807
1, 6197, 0, 9223372036854775807, 0, 9223372036761820807
1, 6198, 0, 9223372036854775807, 0, 9223372036761805807
1, 6199, 0, 9223372036854775807, 0, 9223372036761790807
1, 62, 0, 9223372036854775807, 0, 9223372036853845807
1, 620, 0, 9223372036854775807, 0, 9223372036845475807
1, 6200, 0, 9223372036854775807, 0, 9223372036761775807
1, 6201, 0, 9223372036854775807, 0, 9223372036761760807
1, 6202, 0, 9223372036854775807, 0, 9223372036761745807
1, 6203, 0, 9223372036854775807, 0, 9223372036761730807
1, 6204, 0, 9223372036854775807, 0, 9223372036761715807
1, 6205, 0, 9223372036854775807, 0, 9223372036761700807
1, 6206, 0, 9223372036854775807, 0, 9223372036761685807
1, 6207, 0, 9223372036854775807, 0, 9223372036761670807
1, 6208, 0, 9223372036854775807, 0, 9223372036761655807
1, 6209, 0, 9223372036854775807, 0, 9223372036761640807
1, 621, 0, 9223372036854775807, 0, 9223372036845460807
1, 6210, 0, 9223372036854775807, 0, 9223372036761625807
1, 6211, 0, 9223372036854775807, 0, 9223372036761610807
1, 6212, 0, 9223372036854775807, 0, 9223372036761595807
1, 6213, 0, 9223372036854775807, 0, 9223372036761580807
1, 6214, 0, 9223372036854775807, 0, 9223372036761565807
1, 6215, 0, 9223372036854775807, 0, 9223372036761550807
1, 6216, 0, 9223372036854775807, 0, 9223372036761535807
1, 6217, 0, 9223372036854775807, 0, 9223372036761520807
1, 6218, 0, 9223372036854775807, 0, 9223372036761505807
1, 6219, 0, 9223372036854775807, 0, 9223372036761490807
1, 622, 0, 9223372036854775807, 0, 9223372036845445807
1, 6220, 0, 9223372036854775807, 0, 9223372036761475807
1, 6221, 0, 9223372036854775807, 0, 9223372036761460807
1, 6222, 0, 9223372036854775807, 0, 9223372036761445807
1, 6223, 0, 9223372036854775807, 0, 9223372036761430807
1, 6224, 0, 9223372036854775807, 0, 9223372036761415807
1, 6225, 0, 9223372036854775807, 0, 9223372036761400807
1, 6226, 0, 9223372036854775807, 0, 9223372036761385807
1, 6227, 0, 9223372036854775807, 0, 9223372036761370807
1, 6228, 0, 9223372036854775807, 0, 9223372036761355807
1, 6229, 0, 9223372036854775807, 0, 9223372036761340807
1, 623, 0, 9223372036854775807, 0, 9223372036845430807
1, 6230, 0, 9223372036854775807, 0, 9223372036761325807
1, 6231, 0, 9223372036854775807, 0, 9223372036761310807
1, 6232, 0, 9223372036854775807, 0, 9223372036761295807
1, 6233, 0, 9223372036854775807, 0, 9223372036761280807
1, 6234, 0, 9223372036854775807, 0, 9223372036761265807
1, 6235, 0, 9223372036854775807, 0, 9223372036761250807
1, 6236, 0, 9223372036854775807, 0, 9223372036761235807
1, 6237, 0, 9223372036854775807, 0, 9223372036761220807
1, 6238, 0, 9223372036854775807, 0, 9223372036761205807
1, 6239, 0, 9223372036854775807, 0, 9223372036761190807
1, 624, 0, 9223372036854775807, 0, 9223372036845415807
1, 6240, 0, 9223372036854775807, 0, 9223372036761175807
1, 6241, 0, 9223372036854775807, 0, 9223372036761160807
1, 6242, 0, 9223372036854775807, 0, 9223372036761145807
1, 6243, 0, 9223372036854775807, 0, 9223372036761130807
1, 6244, 0, 9223372036854775807, 0, 9223372036761115807
1, 6245, 0, 9223372036854775807, 0, 9223372036761100807
1, 6246, 0, 9223372036854775807, 0, 9223372036761085807
1, 6247, 0, 9223372036854775807, 0, 9223372036761070807
1, 6248, 0, 9223372036854775807, 0, 9223372036761055807
1, 6249, 0, 9223372036854775807, 0, 9223372036761040807
1, 625, 0, 9223372036854775807, 0, 9223372036845400807
1, 6250, 0, 9223372036854775807, 0, 9223372036761025807
1, 6251, 0, 9223372036854775807, 0, 9223372036761010807
1, 6252, 0, 9223372036854775807, 0, 9223372036760995807
1, 6253, 0, 9223372036854775807, 0, 9223372036760980807
1, 6254, 0, 9223372036854775807, 0, 9223372036760965807
1, 6255, 0, 9223372036854775807, 0, 9223372036760950807
1, 6256, 0, 9223372036854775807, 0, 9223372036760935807
1, 6257, 0, 9223372036854775807, 0, 9223372036760920807
1, 6258, 0, 9223372036854775807, 0, 9223372036760905807
1, 6259, 0, 9223372036854775807, 0, 9223372036760890807
1, 626, 0, 9223372036854775807, 0, 9223372036845385807
1, 6260, 0, 9223372036854775807, 0, 9223372036760875807
1, 6261, 0, 9223372036854775807, 0, 9223372036760860807
1, 6262, 0, 9223372036854775807, 0, 9223372036760845807
1, 6263, 0, 9223372036854775807, 0, 9223372036760830807
1, 6264, 0, 9223372036854775807, 0, 9223372036760815807
1, 6265, 0, 9223372036854775807, 0, 9223372036760800807
1, 6266, 0, 9223372036854775807, 0, 9223372036760785807
1, 6267, 0, 9223372036854775807, 0, 9223372036760770807
1, 6268, 0, 9223372036854775807, 0, 9223372036760755807
1, 6269, 0, 9223372036854775807, 0, 9223372036760740807
1, 627, 0, 9223372036854775807, 0, 9223372036845370807
1, 6270, 0, 9223372036854775807, 0, 9223372036760725807
1, 6271, 0, 9223372036854775807, 0, 9223372036760710807
1, 6272, 0, 9223372036854775807, 0, 9223372036760695807
1, 6273, 0, 9223372036854775807, 0, 9223372036760680807
1, 6274, 0, 9223372036854775807, 0, 9223372036760665807
1, 6275, 0, 9223372036854775807, 0, 9223372036760650807
1, 6276, 0, 9223372036854775807, 0, 9223372036760635807
1, 6277, 0, 9223372036854775807, 0, 9223372036760620807
1, 6278, 0, 9223372036854775807, 0, 9223372036760605807
1, 6279, 0, 9223372036854775807, 0, 9223372036760590807
1, 628, 0, 9223372036854775807, 0, 9223372036845355807
1, 6280, 0, 9223372036854775807, 0, 9223372036760575807
1, 6281, 0, 9223372036854775807, 0, 9223372036760560807
1, 6282, 0, 9223372036854775807, 0, 9223372036760545807
1, 6283, 0, 9223372036854775807, 0, 9223372036760530807
1, 6284, 0, 9223372036854775807, 0, 9223372036760515807
1, 6285, 0, 9223372036854775807, 0, 9223372036760500807
1, 6286, 0, 9223372036854775807, 0, 9223372036760485807
1, 6287, 0, 9223372036854775807, 0, 9223372036760470807
1, 6288, 0, 9223372036854775807, 0, 9223372036760455807
1, 6289, 0, 9223372036854775807, 0, 9223372036760440807
1, 629, 0, 9223372036854775807, 0, 9223372036845340807
1, 6290, 0, 9223372036854775807, 0, 9223372036760425807
1, 6291, 0, 9223372036854775807, 0, 9223372036760410807
1, 6292, 0, 9223372036854775807, 0, 9223372036760395807
1, 6293, 0, 9223372036854775807, 0, 9223372036760380807
1, 6294, 0, 9223372036854775807, 0, 9223372036760365807
1, 6295, 0, 9223372036854775807, 0, 9223372036760350807
1, 6296, 0, 9223372036854775807, 0, 9223372036760335807
1, 6297, 0, 9223372036854775807, 0, 9223372036760320807
1, 6298, 0, 9223372036854775807, 0, 9223372036760305807
1, 6299, 0, 9223372036854775807, 0, 9223372036760290807
1, 63, 0, 9223372036854775807, 0, 9223372036853830807
1, 630, 0, 9223372036854775807, 0, 9223372036845325807
1, 6300, 0, 9223372036854775807, 0, 9223372036760275807
1, 6301, 0, 9223372036854775807, 0, 9223372036760260807
1, 6302, 0, 9223372036854775807, 0, 9223372036760245807
1, 6303, 0, 9223372036854775807, 0, 9223372036760230807
1, 6304, 0, 9223372036854775807, 0, 9223372036760215807
1, 6305, 0, 9223372036854775807, 0, 9223372036760200807
1, 6306, 0, 9223372036854775807, 0, 9223372036760185807
1, 6307, 0, 9223372036854775807, 0, 9223372036760170807
1, 6308, 0, 9223372036854775807, 0, 9223372036760155807
1, 6309, 0, 9223372036854775807, 0, 9223372036760140807
1, 631, 0, 9223372036854775807, 0, 9223372036845310807
1, 6310, 0, 9223372036854775807, 0, 9223372036760125807
1, 6311, 0, 9223372036854775807, 0, 9223372036760110807
1, 6312, 0, 9223372036854775807, 0, 9223372036760095807
1, 6313, 0, 9223372036854775807, 0, 9223372036760080807
1, 6314, 0, 9223372036854775807, 0, 9223372036760065807
1, 6315, 0, 9223372036854775807, 0, 9223372036760050807
1, 6316, 0, 9223372036854775807, 0, 9223372036760035807
1, 6317, 0, 9223372036854775807, 0, 9223372036760020807
1, 6318, 0, 9223372036854775807, 0, 9223372036760005807
1, 6319, 0, 9223372036854775807, 0, 9223372036759990807
1, 632, 0, 9223372036854775807, 0, 9223372036845295807
1, 6320, 0, 9223372036854775807, 0, 9223372036759975807
1, 6321, 0, 9223372036854775807, 0, 9223372036759960807
1, 6322, 0, 9223372036854775807, 0, 9223372036759945807
1, 6323, 0, 9223372036854775807, 0, 9223372036759930807
1, 6324, 0, 9223372036854775807, 0, 9223372036759915807
1, 6325, 0, 9223372036854775807, 0, 9223372036759900807
1, 6326, 0, 9223372036854775807, 0, 9223372036759885807
1, 6327, 0, 9223372036854775807, 0, 9223372036759870807
1, 6328, 0, 9223372036854775807, 0, 9223372036759855807
1, 6329, 0, 9223372036854775807, 0, 9223372036759840807
1, 633, 0, 9223372036854775807, 0, 9223372036845280807
1, 6330, 0, 9223372036854775807, 0, 9223372036759825807
1, 6331, 0, 9223372036854775807, 0, 9223372036759810807
1, 6332, 0, 9223372036854775807, 0, 9223372036759795807
1, 6333, 0, 9223372036854775807, 0, 9223372036759780807
1, 6334, 0, 9223372036854775807, 0, 9223372036759765807
1, 6335, 0, 9223372036854775807, 0, 9223372036759750807
1, 6336, 0, 9223372036854775807, 0, 9223372036759735807
1, 6337, 0, 9223372036854775807, 0, 9223372036759720807
1, 6338, 0, 9223372036854775807, 0, 9223372036759705807
1, 6339, 0, 9223372036854775807, 0, 9223372036759690807
1, 634, 0, 9223372036854775807, 0, 9223372036845265807
1, 6340, 0, 9223372036854775807, 0, 9223372036759675807
1, 6341, 0, 9223372036854775807, 0, 9223372036759660807
1, 6342, 0, 9223372036854775807, 0, 9223372036759645807
1, 6343, 0, 9223372036854775807, 0, 9223372036759630807
1, 6344, 0, 9223372036854775807, 0, 9223372036759615807
1, 6345, 0, 9223372036854775807, 0, 9223372036759600807
1, 6346, 0, 9223372036854775807, 0, 9223372036759585807
1, 6347, 0, 9223372036854775807, 0, 9223372036759570807
1, 6348, 0, 9223372036854775807, 0, 9223372036759555807
1, 6349, 0, 9223372036854775807, 0, 9223372036759540807
1, 635, 0, 9223372036854775807, 0, 9223372036845250807
1, 6350, 0, 9223372036854775807, 0, 9223372036759525807
1, 6351, 0, 9223372036854775807, 0, 9223372036759510807
1, 6352, 0, 9223372036854775807, 0, 9223372036759495807
1, 6353, 0, 9223372036854775807, 0, 9223372036759480807
1, 6354, 0, 9223372036854775807, 0, 9223372036759465807
1, 6355, 0, 9223372036854775807, 0, 9223372036759450807
1, 6356, 0, 9223372036854775807, 0, 9223372036759435807
1, 6357, 0, 9223372036854775807, 0, 9223372036759420807
1, 6358, 0, 9223372036854775807, 0, 9223372036759405807
1, 6359, 0, 9223372036854775807, 0, 9223372036759390807
1, 636, 0, 9223372036854775807, 0, 9223372036845235807
1, 6360, 0, 9223372036854775807, 0, 9223372036759375807
1, 6361, 0, 9223372036854775807, 0, 9223372036759360807
1, 6362, 0, 9223372036854775807, 0, 9223372036759345807
1, 6363, 0, 9223372036854775807, 0, 9223372036759330807
1, 6364, 0, 9223372036854775807, 0, 9223372036759315807
1, 6365, 0, 9223372036854775807, 0, 9223372036759300807
1, 6366, 0, 9223372036854775807, 0, 9223372036759285807
1, 6367, 0, 9223372036854775807, 0, 9223372036759270807
1, 6368, 0, 9223372036854775807, 0, 9223372036759255807
1, 6369, 0, 9223372036854775807, 0, 9223372036759240807
1, 637, 0, 9223372036854775807, 0, 9223372036845220807
1, 6370, 0, 9223372036854775807, 0, 9223372036759225807
1, 6371, 0, 9223372036854775807, 0, 9223372036759210807
1, 6372, 0, 9223372036854775807, 0, 9223372036759195807
1, 6373, 0, 9223372036854775807, 0, 9223372036759180807
1, 6374, 0, 9223372036854775807, 0, 9223372036759165807
1, 6375, 0, 9223372036854775807, 0, 9223372036759150807
1, 6376, 0, 9223372036854775807, 0, 9223372036759135807
1, 6377, 0, 9223372036854775807, 0, 9223372036759120807
1, 6378, 0, 9223372036854775807, 0, 9223372036759105807
1, 6379, 0, 9223372036854775807, 0, 9223372036759090807
1, 638, 0, 9223372036854775807, 0, 9223372036845205807
1, 6380, 0, 9223372036854775807, 0, 9223372036759075807
1, 6381, 0, 9223372036854775807, 0, 9223372036759060807
1, 6382, 0, 9223372036854775807, 0, 9223372036759045807
1, 6383, 0, 9223372036854775807, 0, 9223372036759030807
1, 6384, 0, 9223372036854775807, 0, 9223372036759015807
1, 6385, 0, 9223372036854775807, 0, 9223372036759000807
1, 6386, 0, 9223372036854775807, 0, 9223372036758985807
1, 6387, 0, 9223372036854775807, 0, 9223372036758970807
1, 6388, 0, 9223372036854775807, 0, 9223372036758955807
1, 6389, 0, 9223372036854775807, 0, 9223372036758940807
1, 639, 0, 9223372036854775807, 0, 9223372036845190807
1, 6390, 0, 9223372036854775807, 0, 9223372036758925807
1, 6391, 0, 9223372036854775807, 0, 9223372036758910807
1, 6392, 0, 9223372036854775807, 0, 9223372036758895807
1, 6393, 0, 9223372036854775807, 0, 9223372036758880807
1, 6394, 0, 9223372036854775807, 0, 9223372036758865807
1, 6395, 0, 9223372036854775807, 0, 9223372036758850807
1, 6396, 0, 9223372036854775807, 0, 9223372036758835807
1, 6397, 0, 9223372036854775807, 0, 9223372036758820807
1, 6398, 0, 9223372036854775807, 0, 9223372036758805807
1, 6399, 0, 9223372036854775807, 0, 9223372036758790807
1, 64, 0, 9223372036854775807, 0, 9223372036853815807
1, 640, 0, 9223372036854775807, 0, 9223372036845175807
1, 6400, 0, 9223372036854775807, 0, 9223372036758775807
1, 6401, 0, 9223372036854775807, 0, 9223372036758760807
1, 6402, 0, 9223372036854775807, 0, 9223372036758745807
1, 6403, 0, 9223372036854775807, 0, 9223372036758730807
1, 6404, 0, 9223372036854775807, 0, 9223372036758715807
1, 6405, 0, 9223372036854775807, 0, 9223372036758700807
1, 6406, 0, 9223372036854775807, 0, 9223372036758685807
1, 6407, 0, 9223372036854775807, 0, 9223372036758670807
1, 6408, 0, 9223372036854775807, 0, 9223372036758655807
1, 6409, 0, 9223372036854775807, 0, 9223372036758640807
1, 641, 0, 9223372036854775807, 0, 9223372036845160807
1, 6410, 0, 9223372036854775807, 0, 9223372036758625807
1, 6411, 0, 9223372036854775807, 0, 9223372036758610807
1, 6412, 0, 9223372036854775807, 0, 9223372036758595807
1, 6413, 0, 9223372036854775807, 0, 9223372036758580807
1, 6414, 0, 9223372036854775807, 0, 9223372036758565807
1, 6415, 0, 9223372036854775807, 0, 9223372036758550807
1, 6416, 0, 9223372036854775807, 0, 9223372036758535807
1, 6417, 0, 9223372036854775807, 0, 9223372036758520807
1, 6418, 0, 9223372036854775807, 0, 9223372036758505807
1, 6419, 0, 9223372036854775807, 0, 9223372036758490807
1, 642, 0, 9223372036854775807, 0, 9223372036845145807
1, 6420, 0, 9223372036854775807, 0, 9223372036758475807
1, 6421, 0, 9223372036854775807, 0, 9223372036758460807
1, 6422, 0, 9223372036854775807, 0, 9223372036758445807
1, 6423, 0, 9223372036854775807, 0, 9223372036758430807
1, 6424, 0, 9223372036854775807, 0, 9223372036758415807
1, 6425, 0, 9223372036854775807, 0, 9223372036758400807
1, 6426, 0, 9223372036854775807, 0, 9223372036758385807
1, 6427, 0, 9223372036854775807, 0, 9223372036758370807
1, 6428, 0, 9223372036854775807, 0, 9223372036758355807
1, 6429, 0, 9223372036854775807, 0, 9223372036758340807
1, 643, 0, 9223372036854775807, 0, 9223372036845130807
1, 6430, 0, 9223372036854775807, 0, 9223372036758325807
1, 6431, 0, 9223372036854775807, 0, 9223372036758310807
1, 6432, 0, 9223372036854775807, 0, 9223372036758295807
1, 6433, 0, 9223372036854775807, 0, 9223372036758280807
1, 6434, 0, 9223372036854775807, 0, 9223372036758265807
1, 6435, 0, 9223372036854775807, 0, 9223372036758250807
1, 6436, 0, 9223372036854775807, 0, 9223372036758235807
1, 6437, 0, 9223372036854775807, 0, 9223372036758220807
1, 6438, 0, 9223372036854775807, 0, 9223372036758205807
1, 6439, 0, 9223372036854775807, 0, 9223372036758190807
1, 644, 0, 9223372036854775807, 0, 9223372036845115807
1, 6440, 0, 9223372036854775807, 0, 9223372036758175807
1, 6441, 0, 9223372036854775807, 0, 9223372036758160807
1, 6442, 0, 9223372036854775807, 0, 9223372036758145807
1, 6443, 0, 9223372036854775807, 0, 9223372036758130807
1, 6444, 0, 9223372036854775807, 0, 9223372036758115807
1, 6445, 0, 9223372036854775807, 0, 9223372036758100807
1, 6446, 0, 9223372036854775807, 0, 9223372036758085807
1, 6447, 0, 9223372036854775807, 0, 9223372036758070807
1, 6448, 0, 9223372036854775807, 0, 9223372036758055807
1, 6449, 0, 9223372036854775807, 0, 9223372036758040807
1, 645, 0, 9223372036854775807, 0, 9223372036845100807
1, 6450, 0, 9223372036854775807, 0, 9223372036758025807
1, 6451, 0, 9223372036854775807, 0, 9223372036758010807
1, 6452, 0, 9223372036854775807, 0, 9223372036757995807
1, 6453, 0, 9223372036854775807, 0, 9223372036757980807
1, 6454, 0, 9223372036854775807, 0, 9223372036757965807
1, 6455, 0, 9223372036854775807, 0, 9223372036757950807
1, 6456, 0, 9223372036854775807, 0, 9223372036757935807
1, 6457, 0, 9223372036854775807, 0, 9223372036757920807
1, 6458, 0, 9223372036854775807, 0, 9223372036757905807
1, 6459, 0, 9223372036854775807, 0, 9223372036757890807
1, 646, 0, 9223372036854775807, 0, 9223372036845085807
1, 6460, 0, 9223372036854775807, 0, 9223372036757875807
1, 6461, 0, 9223372036854775807, 0, 9223372036757860807
1, 6462, 0, 9223372036854775807, 0, 9223372036757845807
1, 6463, 0, 9223372036854775807, 0, 9223372036757830807
1, 6464, 0, 9223372036854775807, 0, 9223372036757815807
1, 6465, 0, 9223372036854775807, 0, 9223372036757800807
1, 6466, 0, 9223372036854775807, 0, 9223372036757785807
1, 6467, 0, 9223372036854775807, 0, 9223372036757770807
1, 6468, 0, 9223372036854775807, 0, 9223372036757755807
1, 6469, 0, 9223372036854775807, 0, 9223372036757740807
1, 647, 0, 9223372036854775807, 0, 9223372036845070807
1, 6470, 0, 9223372036854775807, 0, 9223372036757725807
1, 6471, 0, 9223372036854775807, 0, 9223372036757710807
1, 6472, 0, 9223372036854775807, 0, 9223372036757695807
1, 6473, 0, 9223372036854775807, 0, 9223372036757680807
1, 6474, 0, 9223372036854775807, 0, 9223372036757665807
1, 6475, 0, 9223372036854775807, 0, 9223372036757650807
1, 6476, 0, 9223372036854775807, 0, 9223372036757635807
1, 6477, 0, 9223372036854775807, 0, 9223372036757620807
1, 6478, 0, 9223372036854775807, 0, 9223372036757605807
1, 6479, 0, 9223372036854775807, 0, 9223372036757590807
1, 648, 0, 9223372036854775807, 0, 9223372036845055807
1, 6480, 0, 9223372036854775807, 0, 9223372036757575807
1, 6481, 0, 9223372036854775807, 0, 9223372036757560807
1, 6482, 0, 9223372036854775807, 0, 9223372036757545807
1, 6483, 0, 9223372036854775807, 0, 9223372036757530807
1, 6484, 0, 9223372036854775807, 0, 9223372036757515807
1, 6485, 0, 9223372036854775807, 0, 9223372036757500807
1, 6486, 0, 9223372036854775807, 0, 9223372036757485807
1, 6487, 0, 9223372036854775807, 0, 9223372036757470807
1, 6488, 0, 9223372036854775807, 0, 9223372036757455807
1, 6489, 0, 9223372036854775807, 0, 9223372036757440807
1, 649, 0, 9223372036854775807, 0, 9223372036845040807
1, 6490, 0, 9223372036854775807, 0, 9223372036757425807
1, 6491, 0, 9223372036854775807, 0, 9223372036757410807
1, 6492, 0, 9223372036854775807, 0, 9223372036757395807
1, 6493, 0, 9223372036854775807, 0, 9223372036757380807
1, 6494, 0, 9223372036854775807, 0, 9223372036757365807
1, 6495, 0, 9223372036854775807, 0, 9223372036757350807
1, 6496, 0, 9223372036854775807, 0, 9223372036757335807
1, 6497, 0, 9223372036854775807, 0, 9223372036757320807
1, 6498, 0, 9223372036854775807, 0, 9223372036757305807
1, 6499, 0, 9223372036854775807, 0, 9223372036757290807
1, 65, 0, 9223372036854775807, 0, 9223372036853800807
1, 650, 0, 9223372036854775807, 0, 9223372036845025807
1, 6500, 0, 9223372036854775807, 0, 9223372036757275807
1, 6501, 0, 9223372036854775807, 0, 9223372036757260807
1, 6502, 0, 9223372036854775807, 0, 9223372036757245807
1, 6503, 0, 9223372036854775807, 0, 9223372036757230807
1, 6504, 0, 9223372036854775807, 0, 9223372036757215807
1, 6505, 0, 9223372036854775807, 0, 9223372036757200807
1, 6506, 0, 9223372036854775807, 0, 9223372036757185807
1, 6507, 0, 9223372036854775807, 0, 9223372036757170807
1, 6508, 0, 9223372036854775807, 0, 9223372036757155807
1, 6509, 0, 9223372036854775807, 0, 9223372036757140807
1, 651, 0, 9223372036854775807, 0, 9223372036845010807
1, 6510, 0, 9223372036854775807, 0, 9223372036757125807
1, 6511, 0, 9223372036854775807, 0, 9223372036757110807
1, 6512, 0, 9223372036854775807, 0, 9223372036757095807
1, 6513, 0, 9223372036854775807, 0, 9223372036757080807
1, 6514, 0, 9223372036854775807, 0, 9223372036757065807
1, 6515, 0, 9223372036854775807, 0, 9223372036757050807
1, 6516, 0, 9223372036854775807, 0, 9223372036757035807
1, 6517, 0, 9223372036854775807, 0, 9223372036757020807
1, 6518, 0, 9223372036854775807, 0, 9223372036757005807
1, 6519, 0, 9223372036854775807, 0, 9223372036756990807
1, 652, 0, 9223372036854775807, 0, 9223372036844995807
1, 6520, 0, 9223372036854775807, 0, 9223372036756975807
1, 6521, 0, 9223372036854775807, 0, 9223372036756960807
1, 6522, 0, 9223372036854775807, 0, 9223372036756945807
1, 6523, 0, 9223372036854775807, 0, 9223372036756930807
1, 6524, 0, 9223372036854775807, 0, 9223372036756915807
1, 6525, 0, 9223372036854775807, 0, 9223372036756900807
1, 6526, 0, 9223372036854775807, 0, 9223372036756885807
1, 6527, 0, 9223372036854775807, 0, 9223372036756870807
1, 6528, 0, 9223372036854775807, 0, 9223372036756855807
1, 6529, 0, 9223372036854775807, 0, 9223372036756840807
1, 653, 0, 9223372036854775807, 0, 9223372036844980807
1, 6530, 0, 9223372036854775807, 0, 9223372036756825807
1, 6531, 0, 9223372036854775807, 0, 9223372036756810807
1, 6532, 0, 9223372036854775807, 0, 9223372036756795807
1, 6533, 0, 9223372036854775807, 0, 9223372036756780807
1, 6534, 0, 9223372036854775807, 0, 9223372036756765807
1, 6535, 0, 9223372036854775807, 0, 9223372036756750807
1, 6536, 0, 9223372036854775807, 0, 9223372036756735807
1, 6537, 0, 9223372036854775807, 0, 9223372036756720807
1, 6538, 0, 9223372036854775807, 0, 9223372036756705807
1, 6539, 0, 9223372036854775807, 0, 9223372036756690807
1, 654, 0, 9223372036854775807, 0, 9223372036844965807
1, 6540, 0, 9223372036854775807, 0, 9223372036756675807
1, 6541, 0, 9223372036854775807, 0, 9223372036756660807
1, 6542, 0, 9223372036854775807, 0, 9223372036756645807
1, 6543, 0, 9223372036854775807, 0, 9223372036756630807
1, 6544, 0, 9223372036854775807, 0, 9223372036756615807
1, 6545, 0, 9223372036854775807, 0, 9223372036756600807
1, 6546, 0, 9223372036854775807, 0, 9223372036756585807
1, 6547, 0, 9223372036854775807, 0, 9223372036756570807
1, 6548, 0, 9223372036854775807, 0, 9223372036756555807
1, 6549, 0, 9223372036854775807, 0, 9223372036756540807
1, 655, 0, 9223372036854775807, 0, 9223372036844950807
1, 6550, 0, 9223372036854775807, 0, 9223372036756525807
1, 6551, 0, 9223372036854775807, 0, 9223372036756510807
1, 6552, 0, 9223372036854775807, 0, 9223372036756495807
1, 6553, 0, 9223372036854775807, 0, 9223372036756480807
1, 6554, 0, 9223372036854775807, 0, 9223372036756465807
1, 6555, 0, 9223372036854775807, 0, 9223372036756450807
1, 6556, 0, 9223372036854775807, 0, 9223372036756435807
1, 6557, 0, 9223372036854775807, 0, 9223372036756420807
1, 6558, 0, 9223372036854775807, 0, 9223372036756405807
1, 6559, 0, 9223372036854775807, 0, 9223372036756390807
1, 656, 0, 9223372036854775807, 0, 9223372036844935807
1, 6560, 0, 9223372036854775807, 0, 9223372036756375807
1, 6561, 0, 9223372036854775807, 0, 9223372036756360807
1, 6562, 0, 9223372036854775807, 0, 9223372036756345807
1, 6563, 0, 9223372036854775807, 0, 9223372036756330807
1, 6564, 0, 9223372036854775807, 0, 9223372036756315807
1, 6565, 0, 9223372036854775807, 0, 9223372036756300807
1, 6566, 0, 9223372036854775807, 0, 9223372036756285807
1, 6567, 0, 9223372036854775807, 0, 9223372036756270807
1, 6568, 0, 9223372036854775807, 0, 9223372036756255807
1, 6569, 0, 9223372036854775807, 0, 9223372036756240807
1, 657, 0, 9223372036854775807, 0, 9223372036844920807
1, 6570, 0, 9223372036854775807, 0, 9223372036756225807
1, 6571, 0, 9223372036854775807, 0, 9223372036756210807
1, 6572, 0, 9223372036854775807, 0, 9223372036756195807
1, 6573, 0, 9223372036854775807, 0, 9223372036756180807
1, 6574, 0, 9223372036854775807, 0, 9223372036756165807
1, 6575, 0, 9223372036854775807, 0, 9223372036756150807
1, 6576, 0, 9223372036854775807, 0, 9223372036756135807
1, 6577, 0, 9223372036854775807, 0, 9223372036756120807
1, 6578, 0, 9223372036854775807, 0, 9223372036756105807
1, 6579, 0, 9223372036854775807, 0, 9223372036756090807
1, 658, 0, 9223372036854775807, 0, 9223372036844905807
1, 6580, 0, 9223372036854775807, 0, 9223372036756075807
1, 6581, 0, 9223372036854775807, 0, 9223372036756060807
1, 6582, 0, 9223372036854775807, 0, 9223372036756045807
1, 6583, 0, 9223372036854775807, 0, 9223372036756030807
1, 6584, 0, 9223372036854775807, 0, 9223372036756015807
1, 6585, 0, 9223372036854775807, 0, 9223372036756000807
1, 6586, 0, 9223372036854775807, 0, 9223372036755985807
1, 6587, 0, 9223372036854775807, 0, 9223372036755970807
1, 6588, 0, 9223372036854775807, 0, 9223372036755955807
1, 6589, 0, 9223372036854775807, 0, 9223372036755940807
1, 659, 0, 9223372036854775807, 0, 9223372036844890807
1, 6590, 0, 9223372036854775807, 0, 9223372036755925807
1, 6591, 0, 9223372036854775807, 0, 9223372036755910807
1, 6592, 0, 9223372036854775807, 0, 9223372036755895807
1, 6593, 0, 9223372036854775807, 0, 9223372036755880807
1, 6594, 0, 9223372036854775807, 0, 9223372036755865807
1, 6595, 0, 9223372036854775807, 0, 9223372036755850807
1, 6596, 0, 9223372036854775807, 0, 9223372036755835807
1, 6597, 0, 9223372036854775807, 0, 9223372036755820807
1, 6598, 0, 9223372036854775807, 0, 9223372036755805807
1, 6599, 0, 9223372036854775807, 0, 9223372036755790807
1, 66, 0, 9223372036854775807, 0, 9223372036853785807
1, 660, 0, 9223372036854775807, 0, 9223372036844875807
1, 6600, 0, 9223372036854775807, 0, 9223372036755775807
1, 6601, 0, 9223372036854775807, 0, 9223372036755760807
1, 6602, 0, 9223372036854775807, 0, 9223372036755745807
1, 6603, 0, 9223372036854775807, 0, 9223372036755730807
1, 6604, 0, 9223372036854775807, 0, 9223372036755715807
1, 6605, 0, 9223372036854775807, 0, 9223372036755700807
1, 6606, 0, 9223372036854775807, 0, 9223372036755685807
1, 6607, 0, 9223372036854775807, 0, 9223372036755670807
1, 6608, 0, 9223372036854775807, 0, 9223372036755655807
1, 6609, 0, 9223372036854775807, 0, 9223372036755640807
1, 661, 0, 9223372036854775807, 0, 9223372036844860807
1, 6610, 0, 9223372036854775807, 0, 9223372036755625807
1, 6611, 0, 9223372036854775807, 0, 9223372036755610807
1, 6612, 0, 9223372036854775807, 0, 9223372036755595807
1, 6613, 0, 9223372036854775807, 0, 9223372036755580807
1, 6614, 0, 9223372036854775807, 0, 9223372036755565807
1, 6615, 0, 9223372036854775807, 0, 9223372036755550807
1, 6616, 0, 9223372036854775807, 0, 9223372036755535807
1, 6617, 0, 9223372036854775807, 0, 9223372036755520807
1, 6618, 0, 9223372036854775807, 0, 9223372036755505807
1, 6619, 0, 9223372036854775807, 0, 9223372036755490807
1, 662, 0, 9223372036854775807, 0, 9223372036844845807
1, 6620, 0, 9223372036854775807, 0, 9223372036755475807
1, 6621, 0, 9223372036854775807, 0, 9223372036755460807
1, 6622, 0, 9223372036854775807, 0, 9223372036755445807
1, 6623, 0, 9223372036854775807, 0, 9223372036755430807
1, 6624, 0, 9223372036854775807, 0, 9223372036755415807
1, 6625, 0, 9223372036854775807, 0, 9223372036755400807
1, 6626, 0, 9223372036854775807, 0, 9223372036755385807
1, 6627, 0, 9223372036854775807, 0, 9223372036755370807
1, 6628, 0, 9223372036854775807, 0, 9223372036755355807
1, 6629, 0, 9223372036854775807, 0, 9223372036755340807
1, 663, 0, 9223372036854775807, 0, 9223372036844830807
1, 6630, 0, 9223372036854775807, 0, 9223372036755325807
1, 6631, 0, 9223372036854775807, 0, 9223372036755310807
1, 6632, 0, 9223372036854775807, 0, 9223372036755295807
1, 6633, 0, 9223372036854775807, 0, 9223372036755280807
1, 6634, 0, 9223372036854775807, 0, 9223372036755265807
1, 6635, 0, 9223372036854775807, 0, 9223372036755250807
1, 6636, 0, 9223372036854775807, 0, 9223372036755235807
1, 6637, 0, 9223372036854775807, 0, 9223372036755220807
1, 6638, 0, 9223372036854775807, 0, 9223372036755205807
1, 6639, 0, 9223372036854775807, 0, 9223372036755190807
1, 664, 0, 9223372036854775807, 0, 9223372036844815807
1, 6640, 0, 9223372036854775807, 0, 9223372036755175807
1, 6641, 0, 9223372036854775807, 0, 9223372036755160807
1, 6642, 0, 9223372036854775807, 0, 9223372036755145807
1, 6643, 0, 9223372036854775807, 0, 9223372036755130807
1, 6644, 0, 9223372036854775807, 0, 9223372036755115807
1, 6645, 0, 9223372036854775807, 0, 9223372036755100807
1, 6646, 0, 9223372036854775807, 0, 9223372036755085807
1, 6647, 0, 9223372036854775807, 0, 9223372036755070807
1, 6648, 0, 9223372036854775807, 0, 9223372036755055807
1, 6649, 0, 9223372036854775807, 0, 9223372036755040807
1, 665, 0, 9223372036854775807, 0, 9223372036844800807
1, 6650, 0, 9223372036854775807, 0, 9223372036755025807
1, 6651, 0, 9223372036854775807, 0, 9223372036755010807
1, 6652, 0, 9223372036854775807, 0, 9223372036754995807
1, 6653, 0, 9223372036854775807, 0, 9223372036754980807
1, 6654, 0, 9223372036854775807, 0, 9223372036754965807
1, 6655, 0, 9223372036854775807, 0, 9223372036754950807
1, 6656, 0, 9223372036854775807, 0, 9223372036754935807
1, 6657, 0, 9223372036854775807, 0, 9223372036754920807
1, 6658, 0, 9223372036854775807, 0, 9223372036754905807
1, 6659, 0, 9223372036854775807, 0, 9223372036754890807
1, 666, 0, 9223372036854775807, 0, 9223372036844785807
1, 6660, 0, 9223372036854775807, 0, 9223372036754875807
1, 6661, 0, 9223372036854775807, 0, 9223372036754860807
1, 6662, 0, 9223372036854775807, 0, 9223372036754845807
1, 6663, 0, 9223372036854775807, 0, 9223372036754830807
1, 6664, 0, 9223372036854775807, 0, 9223372036754815807
1, 6665, 0, 9223372036854775807, 0, 9223372036754800807
1, 6666, 0, 9223372036854775807, 0, 9223372036754785807
1, 6667, 0, 9223372036854775807, 0, 9223372036754770807
1, 6668, 0, 9223372036854775807, 0, 9223372036754755807
1, 6669, 0, 9223372036854775807, 0, 9223372036754740807
1, 667, 0, 9223372036854775807, 0, 9223372036844770807
1, 6670, 0, 9223372036854775807, 0, 9223372036754725807
1, 6671, 0, 9223372036854775807, 0, 9223372036754710807
1, 6672, 0, 9223372036854775807, 0, 9223372036754695807
1, 6673, 0, 9223372036854775807, 0, 9223372036754680807
1, 6674, 0, 9223372036854775807, 0, 9223372036754665807
1, 6675, 0, 9223372036854775807, 0, 9223372036754650807
1, 6676, 0, 9223372036854775807, 0, 9223372036754635807
1, 6677, 0, 9223372036854775807, 0, 9223372036754620807
1, 6678, 0, 9223372036854775807, 0, 9223372036754605807
1, 6679, 0, 9223372036854775807, 0, 9223372036754590807
1, 668, 0, 9223372036854775807, 0, 9223372036844755807
1, 6680, 0, 9223372036854775807, 0, 9223372036754575807
1, 6681, 0, 9223372036854775807, 0, 9223372036754560807
1, 6682, 0, 9223372036854775807, 0, 9223372036754545807
1, 6683, 0, 9223372036854775807, 0, 9223372036754530807
1, 6684, 0, 9223372036854775807, 0, 9223372036754515807
1, 6685, 0, 9223372036854775807, 0, 9223372036754500807
1, 6686, 0, 9223372036854775807, 0, 9223372036754485807
1, 6687, 0, 9223372036854775807, 0, 9223372036754470807
1, 6688, 0, 9223372036854775807, 0, 9223372036754455807
1, 6689, 0, 9223372036854775807, 0, 9223372036754440807
1, 669, 0, 9223372036854775807, 0, 9223372036844740807
1, 6690, 0, 9223372036854775807, 0, 9223372036754425807
1, 6691, 0, 9223372036854775807, 0, 9223372036754410807
1, 6692, 0, 9223372036854775807, 0, 9223372036754395807
1, 6693, 0, 9223372036854775807, 0, 9223372036754380807
1, 6694, 0, 9223372036854775807, 0, 9223372036754365807
1, 6695, 0, 9223372036854775807, 0, 9223372036754350807
1, 6696, 0, 9223372036854775807, 0, 9223372036754335807
1, 6697, 0, 9223372036854775807, 0, 9223372036754320807
1, 6698, 0, 9223372036854775807, 0, 9223372036754305807
1, 6699, 0, 9223372036854775807, 0, 9223372036754290807
1, 67, 0, 9223372036854775807, 0, 9223372036853770807
1, 670, 0, 9223372036854775807, 0, 9223372036844725807
1, 6700, 0, 9223372036854775807, 0, 9223372036754275807
1, 6701, 0, 9223372036854775807, 0, 9223372036754260807
1, 6702, 0, 9223372036854775807, 0, 9223372036754245807
1, 6703, 0, 9223372036854775807, 0, 9223372036754230807
1, 6704, 0, 9223372036854775807, 0, 9223372036754215807
1, 6705, 0, 9223372036854775807, 0, 9223372036754200807
1, 6706, 0, 9223372036854775807, 0, 9223372036754185807
1, 6707, 0, 9223372036854775807, 0, 9223372036754170807
1, 6708, 0, 9223372036854775807, 0, 9223372036754155807
1, 6709, 0, 9223372036854775807, 0, 9223372036754140807
1, 671, 0, 9223372036854775807, 0, 9223372036844710807
1, 6710, 0, 9223372036854775807, 0, 9223372036754125807
1, 6711, 0, 9223372036854775807, 0, 9223372036754110807
1, 6712, 0, 9223372036854775807, 0, 9223372036754095807
1, 6713, 0, 9223372036854775807, 0, 9223372036754080807
1, 6714, 0, 9223372036854775807, 0, 9223372036754065807
1, 6715, 0, 9223372036854775807, 0, 9223372036754050807
1, 6716, 0, 9223372036854775807, 0, 9223372036754035807
1, 6717, 0, 9223372036854775807, 0, 9223372036754020807
1, 6718, 0, 9223372036854775807, 0, 9223372036754005807
1, 6719, 0, 9223372036854775807, 0, 9223372036753990807
1, 672, 0, 9223372036854775807, 0, 9223372036844695807
1, 6720, 0, 9223372036854775807, 0, 9223372036753975807
1, 6721, 0, 9223372036854775807, 0, 9223372036753960807
1, 6722, 0, 9223372036854775807, 0, 9223372036753945807
1, 6723, 0, 9223372036854775807, 0, 9223372036753930807
1, 6724, 0, 9223372036854775807, 0, 9223372036753915807
1, 6725, 0, 9223372036854775807, 0, 9223372036753900807
1, 6726, 0, 9223372036854775807, 0, 9223372036753885807
1, 6727, 0, 9223372036854775807, 0, 9223372036753870807
1, 6728, 0, 9223372036854775807, 0, 9223372036753855807
1, 6729, 0, 9223372036854775807, 0, 9223372036753840807
1, 673, 0, 9223372036854775807, 0, 9223372036844680807
1, 6730, 0, 9223372036854775807, 0, 9223372036753825807
1, 6731, 0, 9223372036854775807, 0, 9223372036753810807
1, 6732, 0, 9223372036854775807, 0, 9223372036753795807
1, 6733, 0, 9223372036854775807, 0, 9223372036753780807
1, 6734, 0, 9223372036854775807, 0, 9223372036753765807
1, 6735, 0, 9223372036854775807, 0, 9223372036753750807
1, 6736, 0, 9223372036854775807, 0, 9223372036753735807
1, 6737, 0, 9223372036854775807, 0, 9223372036753720807
1, 6738, 0, 9223372036854775807, 0, 9223372036753705807
1, 6739, 0, 9223372036854775807, 0, 9223372036753690807
1, 674, 0, 9223372036854775807, 0, 9223372036844665807
1, 6740, 0, 9223372036854775807, 0, 9223372036753675807
1, 6741, 0, 9223372036854775807, 0, 9223372036753660807
1, 6742, 0, 9223372036854775807, 0, 9223372036753645807
1, 6743, 0, 9223372036854775807, 0, 9223372036753630807
1, 6744, 0, 9223372036854775807, 0, 9223372036753615807
1, 6745, 0, 9223372036854775807, 0, 9223372036753600807
1, 6746, 0, 9223372036854775807, 0, 9223372036753585807
1, 6747, 0, 9223372036854775807, 0, 9223372036753570807
1, 6748, 0, 9223372036854775807, 0, 9223372036753555807
1, 6749, 0, 9223372036854775807, 0, 9223372036753540807
1, 675, 0, 9223372036854775807, 0, 9223372036844650807
1, 6750, 0, 9223372036854775807, 0, 9223372036753525807
1, 6751, 0, 9223372036854775807, 0, 9223372036753510807
1, 6752, 0, 9223372036854775807, 0, 9223372036753495807
1, 6753, 0, 9223372036854775807, 0, 9223372036753480807
1, 6754, 0, 9223372036854775807, 0, 9223372036753465807
1, 6755, 0, 9223372036854775807, 0, 9223372036753450807
1, 6756, 0, 9223372036854775807, 0, 9223372036753435807
1, 6757, 0, 9223372036854775807, 0, 9223372036753420807
1, 6758, 0, 9223372036854775807, 0, 9223372036753405807
1, 6759, 0, 9223372036854775807, 0, 9223372036753390807
1, 676, 0, 9223372036854775807, 0, 9223372036844635807
1, 6760, 0, 9223372036854775807, 0, 9223372036753375807
1, 6761, 0, 9223372036854775807, 0, 9223372036753360807
1, 6762, 0, 9223372036854775807, 0, 9223372036753345807
1, 6763, 0, 9223372036854775807, 0, 9223372036753330807
1, 6764, 0, 9223372036854775807, 0, 9223372036753315807
1, 6765, 0, 9223372036854775807, 0, 9223372036753300807
1, 6766, 0, 9223372036854775807, 0, 9223372036753285807
1, 6767, 0, 9223372036854775807, 0, 9223372036753270807
1, 6768, 0, 9223372036854775807, 0, 9223372036753255807
1, 6769, 0, 9223372036854775807, 0, 9223372036753240807
1, 677, 0, 9223372036854775807, 0, 9223372036844620807
1, 6770, 0, 9223372036854775807, 0, 9223372036753225807
1, 6771, 0, 9223372036854775807, 0, 9223372036753210807
1, 6772, 0, 9223372036854775807, 0, 9223372036753195807
1, 6773, 0, 9223372036854775807, 0, 9223372036753180807
1, 6774, 0, 9223372036854775807, 0, 9223372036753165807
1, 6775, 0, 9223372036854775807, 0, 9223372036753150807
1, 6776, 0, 9223372036854775807, 0, 9223372036753135807
1, 6777, 0, 9223372036854775807, 0, 9223372036753120807
1, 6778, 0, 9223372036854775807, 0, 9223372036753105807
1, 6779, 0, 9223372036854775807, 0, 9223372036753090807
1, 678, 0, 9223372036854775807, 0, 9223372036844605807
1, 6780, 0, 9223372036854775807, 0, 9223372036753075807
1, 6781, 0, 9223372036854775807, 0, 9223372036753060807
1, 6782, 0, 9223372036854775807, 0, 9223372036753045807
1, 6783, 0, 9223372036854775807, 0, 9223372036753030807
1, 6784, 0, 9223372036854775807, 0, 9223372036753015807
1, 6785, 0, 9223372036854775807, 0, 9223372036753000807
1, 6786, 0, 9223372036854775807, 0, 9223372036752985807
1, 6787, 0, 9223372036854775807, 0, 9223372036752970807
1, 6788, 0, 9223372036854775807, 0, 9223372036752955807
1, 6789, 0, 9223372036854775807, 0, 9223372036752940807
1, 679, 0, 9223372036854775807, 0, 9223372036844590807
1, 6790, 0, 9223372036854775807, 0, 9223372036752925807
1, 6791, 0, 9223372036854775807, 0, 9223372036752910807
1, 6792, 0, 9223372036854775807, 0, 9223372036752895807
1, 6793, 0, 9223372036854775807, 0, 9223372036752880807
1, 6794, 0, 9223372036854775807, 0, 9223372036752865807
1, 6795, 0, 9223372036854775807, 0, 9223372036752850807
1, 6796, 0, 9223372036854775807, 0, 9223372036752835807
1, 6797, 0, 9223372036854775807, 0, 9223372036752820807
1, 6798, 0, 9223372036854775807, 0, 9223372036752805807
1, 6799, 0, 9223372036854775807, 0, 9223372036752790807
1, 68, 0, 9223372036854775807, 0, 9223372036853755807
1, 680, 0, 9223372036854775807, 0, 9223372036844575807
1, 6800, 0, 9223372036854775807, 0, 9223372036752775807
1, 6801, 0, 9223372036854775807, 0, 9223372036752760807
1, 6802, 0, 9223372036854775807, 0, 9223372036752745807
1, 6803, 0, 9223372036854775807, 0, 9223372036752730807
1, 6804, 0, 9223372036854775807, 0, 9223372036752715807
1, 6805, 0, 9223372036854775807, 0, 9223372036752700807
1, 6806, 0, 9223372036854775807, 0, 9223372036752685807
1, 6807, 0, 9223372036854775807, 0, 9223372036752670807
1, 6808, 0, 9223372036854775807, 0, 9223372036752655807
1, 6809, 0, 9223372036854775807, 0, 9223372036752640807
1, 681, 0, 9223372036854775807, 0, 9223372036844560807
1, 6810, 0, 9223372036854775807, 0, 9223372036752625807
1, 6811, 0, 9223372036854775807, 0, 9223372036752610807
1, 6812, 0, 9223372036854775807, 0, 9223372036752595807
1, 6813, 0, 9223372036854775807, 0, 9223372036752580807
1, 6814, 0, 9223372036854775807, 0, 9223372036752565807
1, 6815, 0, 9223372036854775807, 0, 9223372036752550807
1, 6816, 0, 9223372036854775807, 0, 9223372036752535807
1, 6817, 0, 9223372036854775807, 0, 9223372036752520807
1, 6818, 0, 9223372036854775807, 0, 9223372036752505807
1, 6819, 0, 9223372036854775807, 0, 9223372036752490807
1, 682, 0, 9223372036854775807, 0, 9223372036844545807
1, 6820, 0, 9223372036854775807, 0, 9223372036752475807
1, 6821, 0, 9223372036854775807, 0, 9223372036752460807
1, 6822, 0, 9223372036854775807, 0, 9223372036752445807
1, 6823, 0, 9223372036854775807, 0, 9223372036752430807
1, 6824, 0, 9223372036854775807, 0, 9223372036752415807
1, 6825, 0, 9223372036854775807, 0, 9223372036752400807
1, 6826, 0, 9223372036854775807, 0, 9223372036752385807
1, 6827, 0, 9223372036854775807, 0, 9223372036752370807
1, 6828, 0, 9223372036854775807, 0, 9223372036752355807
1, 6829, 0, 9223372036854775807, 0, 9223372036752340807
1, 683, 0, 9223372036854775807, 0, 9223372036844530807
1, 6830, 0, 9223372036854775807, 0, 9223372036752325807
1, 6831, 0, 9223372036854775807, 0, 9223372036752310807
1, 6832, 0, 9223372036854775807, 0, 9223372036752295807
1, 6833, 0, 9223372036854775807, 0, 9223372036752280807
1, 6834, 0, 9223372036854775807, 0, 9223372036752265807
1, 6835, 0, 9223372036854775807, 0, 9223372036752250807
1, 6836, 0, 9223372036854775807, 0, 9223372036752235807
1, 6837, 0, 9223372036854775807, 0, 9223372036752220807
1, 6838, 0, 9223372036854775807, 0, 9223372036752205807
1, 6839, 0, 9223372036854775807, 0, 9223372036752190807
1, 684, 0, 9223372036854775807, 0, 9223372036844515807
1, 6840, 0, 9223372036854775807, 0, 9223372036752175807
1, 6841, 0, 9223372036854775807, 0, 9223372036752160807
1, 6842, 0, 9223372036854775807, 0, 9223372036752145807
1, 6843, 0, 9223372036854775807, 0, 9223372036752130807
1, 6844, 0, 9223372036854775807, 0, 9223372036752115807
1, 6845, 0, 9223372036854775807, 0, 9223372036752100807
1, 6846, 0, 9223372036854775807, 0, 9223372036752085807
1, 6847, 0, 9223372036854775807, 0, 9223372036752070807
1, 6848, 0, 9223372036854775807, 0, 9223372036752055807
1, 6849, 0, 9223372036854775807, 0, 9223372036752040807
1, 685, 0, 9223372036854775807, 0, 9223372036844500807
1, 6850, 0, 9223372036854775807, 0, 9223372036752025807
1, 6851, 0, 9223372036854775807, 0, 9223372036752010807
1, 6852, 0, 9223372036854775807, 0, 9223372036751995807
1, 6853, 0, 9223372036854775807, 0, 9223372036751980807
1, 6854, 0, 9223372036854775807, 0, 9223372036751965807
1, 6855, 0, 9223372036854775807, 0, 9223372036751950807
1, 6856, 0, 9223372036854775807, 0, 9223372036751935807
1, 6857, 0, 9223372036854775807, 0, 9223372036751920807
1, 6858, 0, 9223372036854775807, 0, 9223372036751905807
1, 6859, 0, 9223372036854775807, 0, 9223372036751890807
1, 686, 0, 9223372036854775807, 0, 9223372036844485807
1, 6860, 0, 9223372036854775807, 0, 9223372036751875807
1, 6861, 0, 9223372036854775807, 0, 9223372036751860807
1, 6862, 0, 9223372036854775807, 0, 9223372036751845807
1, 6863, 0, 9223372036854775807, 0, 9223372036751830807
1, 6864, 0, 9223372036854775807, 0, 9223372036751815807
1, 6865, 0, 9223372036854775807, 0, 9223372036751800807
1, 6866, 0, 9223372036854775807, 0, 9223372036751785807
1, 6867, 0, 9223372036854775807, 0, 9223372036751770807
1, 6868, 0, 9223372036854775807, 0, 9223372036751755807
1, 6869, 0, 9223372036854775807, 0, 9223372036751740807
1, 687, 0, 9223372036854775807, 0, 9223372036844470807
1, 6870, 0, 9223372036854775807, 0, 9223372036751725807
1, 6871, 0, 9223372036854775807, 0, 9223372036751710807
1, 6872, 0, 9223372036854775807, 0, 9223372036751695807
1, 6873, 0, 9223372036854775807, 0, 9223372036751680807
1, 6874, 0, 9223372036854775807, 0, 9223372036751665807
1, 6875, 0, 9223372036854775807, 0, 9223372036751650807
1, 6876, 0, 9223372036854775807, 0, 9223372036751635807
1, 6877, 0, 9223372036854775807, 0, 9223372036751620807
1, 6878, 0, 9223372036854775807, 0, 9223372036751605807
1, 6879, 0, 9223372036854775807, 0, 9223372036751590807
1, 688, 0, 9223372036854775807, 0, 9223372036844455807
1, 6880, 0, 9223372036854775807, 0, 9223372036751575807
1, 6881, 0, 9223372036854775807, 0, 9223372036751560807
1, 6882, 0, 9223372036854775807, 0, 9223372036751545807
1, 6883, 0, 9223372036854775807, 0, 9223372036751530807
1, 6884, 0, 9223372036854775807, 0, 9223372036751515807
1, 6885, 0, 9223372036854775807, 0, 9223372036751500807
1, 6886, 0, 9223372036854775807, 0, 9223372036751485807
1, 6887, 0, 9223372036854775807, 0, 9223372036751470807
1, 6888, 0, 9223372036854775807, 0, 9223372036751455807
1, 6889, 0, 9223372036854775807, 0, 9223372036751440807
1, 689, 0, 9223372036854775807, 0, 9223372036844440807
1, 6890, 0, 9223372036854775807, 0, 9223372036751425807
1, 6891, 0, 9223372036854775807, 0, 9223372036751410807
1, 6892, 0, 9223372036854775807, 0, 9223372036751395807
1, 6893, 0, 9223372036854775807, 0, 9223372036751380807
1, 6894, 0, 9223372036854775807, 0, 9223372036751365807
1, 6895, 0, 9223372036854775807, 0, 9223372036751350807
1, 6896, 0, 9223372036854775807, 0, 9223372036751335807
1, 6897, 0, 9223372036854775807, 0, 9223372036751320807
1, 6898, 0, 9223372036854775807, 0, 9223372036751305807
1, 6899, 0, 9223372036854775807, 0, 9223372036751290807
1, 69, 0, 9223372036854775807, 0, 9223372036853740807
1, 690, 0, 9223372036854775807, 0, 9223372036844425807
1, 6900, 0, 9223372036854775807, 0, 9223372036751275807
1, 6901, 0, 9223372036854775807, 0, 9223372036751260807
1, 6902, 0, 9223372036854775807, 0, 9223372036751245807
1, 6903, 0, 9223372036854775807, 0, 9223372036751230807
1, 6904, 0, 9223372036854775807, 0, 9223372036751215807
1, 6905, 0, 9223372036854775807, 0, 9223372036751200807
1, 6906, 0, 9223372036854775807, 0, 9223372036751185807
1, 6907, 0, 9223372036854775807, 0, 9223372036751170807
1, 6908, 0, 9223372036854775807, 0, 9223372036751155807
1, 6909, 0, 9223372036854775807, 0, 9223372036751140807
1, 691, 0, 9223372036854775807, 0, 9223372036844410807
1, 6910, 0, 9223372036854775807, 0, 9223372036751125807
1, 6911, 0, 9223372036854775807, 0, 9223372036751110807
1, 6912, 0, 9223372036854775807, 0, 9223372036751095807
1, 6913, 0, 9223372036854775807, 0, 9223372036751080807
1, 6914, 0, 9223372036854775807, 0, 9223372036751065807
1, 6915, 0, 9223372036854775807, 0, 9223372036751050807
1, 6916, 0, 9223372036854775807, 0, 9223372036751035807
1, 6917, 0, 9223372036854775807, 0, 9223372036751020807
1, 6918, 0, 9223372036854775807, 0, 9223372036751005807
1, 6919, 0, 9223372036854775807, 0, 9223372036750990807
1, 692, 0, 9223372036854775807, 0, 9223372036844395807
1, 6920, 0, 9223372036854775807, 0, 9223372036750975807
1, 6921, 0, 9223372036854775807, 0, 9223372036750960807
1, 6922, 0, 9223372036854775807, 0, 9223372036750945807
1, 6923, 0, 9223372036854775807, 0, 9223372036750930807
1, 6924, 0, 9223372036854775807, 0, 9223372036750915807
1, 6925, 0, 9223372036854775807, 0, 9223372036750900807
1, 6926, 0, 9223372036854775807, 0, 9223372036750885807
1, 6927, 0, 9223372036854775807, 0, 9223372036750870807
1, 6928, 0, 9223372036854775807, 0, 9223372036750855807
1, 6929, 0, 9223372036854775807, 0, 9223372036750840807
1, 693, 0, 9223372036854775807, 0, 9223372036844380807
1, 6930, 0, 9223372036854775807, 0, 9223372036750825807
1, 6931, 0, 9223372036854775807, 0, 9223372036750810807
1, 6932, 0, 9223372036854775807, 0, 9223372036750795807
1, 6933, 0, 9223372036854775807, 0, 9223372036750780807
1, 6934, 0, 9223372036854775807, 0, 9223372036750765807
1, 6935, 0, 9223372036854775807, 0, 9223372036750750807
1, 6936, 0, 9223372036854775807, 0, 9223372036750735807
1, 6937, 0, 9223372036854775807, 0, 9223372036750720807
1, 6938, 0, 9223372036854775807, 0, 9223372036750705807
1, 6939, 0, 9223372036854775807, 0, 9223372036750690807
1, 694, 0, 9223372036854775807, 0, 9223372036844365807
1, 6940, 0, 9223372036854775807, 0, 9223372036750675807
1, 6941, 0, 9223372036854775807, 0, 9223372036750660807
1, 6942, 0, 9223372036854775807, 0, 9223372036750645807
1, 6943, 0, 9223372036854775807, 0, 9223372036750630807
1, 6944, 0, 9223372036854775807, 0, 9223372036750615807
1, 6945, 0, 9223372036854775807, 0, 9223372036750600807
1, 6946, 0, 9223372036854775807, 0, 9223372036750585807
1, 6947, 0, 9223372036854775807, 0, 9223372036750570807
1, 6948, 0, 9223372036854775807, 0, 9223372036750555807
1, 6949, 0, 9223372036854775807, 0, 9223372036750540807
1, 695, 0, 9223372036854775807, 0, 9223372036844350807
1, 6950, 0, 9223372036854775807, 0, 9223372036750525807
1, 6951, 0, 9223372036854775807, 0, 9223372036750510807
1, 6952, 0, 9223372036854775807, 0, 9223372036750495807
1, 6953, 0, 9223372036854775807, 0, 9223372036750480807
1, 6954, 0, 9223372036854775807, 0, 9223372036750465807
1, 6955, 0, 9223372036854775807, 0, 9223372036750450807
1, 6956, 0, 9223372036854775807, 0, 9223372036750435807
1, 6957, 0, 9223372036854775807, 0, 9223372036750420807
1, 6958, 0, 9223372036854775807, 0, 9223372036750405807
1, 6959, 0, 9223372036854775807, 0, 9223372036750390807
1, 696, 0, 9223372036854775807, 0, 9223372036844335807
1, 6960, 0, 9223372036854775807, 0, 9223372036750375807
1, 6961, 0, 9223372036854775807, 0, 9223372036750360807
1, 6962, 0, 9223372036854775807, 0, 9223372036750345807
1, 6963, 0, 9223372036854775807, 0, 9223372036750330807
1, 6964, 0, 9223372036854775807, 0, 9223372036750315807
1, 6965, 0, 9223372036854775807, 0, 9223372036750300807
1, 6966, 0, 9223372036854775807, 0, 9223372036750285807
1, 6967, 0, 9223372036854775807, 0, 9223372036750270807
1, 6968, 0, 9223372036854775807, 0, 9223372036750255807
1, 6969, 0, 9223372036854775807, 0, 9223372036750240807
1, 697, 0, 9223372036854775807, 0, 9223372036844320807
1, 6970, 0, 9223372036854775807, 0, 9223372036750225807
1, 6971, 0, 9223372036854775807, 0, 9223372036750210807
1, 6972, 0, 9223372036854775807, 0, 9223372036750195807
1, 6973, 0, 9223372036854775807, 0, 9223372036750180807
1, 6974, 0, 9223372036854775807, 0, 9223372036750165807
1, 6975, 0, 9223372036854775807, 0, 9223372036750150807
1, 6976, 0, 9223372036854775807, 0, 9223372036750135807
1, 6977, 0, 9223372036854775807, 0, 9223372036750120807
1, 6978, 0, 9223372036854775807, 0, 9223372036750105807
1, 6979, 0, 9223372036854775807, 0, 9223372036750090807
1, 698, 0, 9223372036854775807, 0, 9223372036844305807
1, 6980, 0, 9223372036854775807, 0, 9223372036750075807
1, 6981, 0, 9223372036854775807, 0, 9223372036750060807
1, 6982, 0, 9223372036854775807, 0, 9223372036750045807
1, 6983, 0, 9223372036854775807, 0, 9223372036750030807
1, 6984, 0, 9223372036854775807, 0, 9223372036750015807
1, 6985, 0, 9223372036854775807, 0, 9223372036750000807
1, 6986, 0, 9223372036854775807, 0, 9223372036749985807
1, 6987, 0, 9223372036854775807, 0, 9223372036749970807
1, 6988, 0, 9223372036854775807, 0, 9223372036749955807
1, 6989, 0, 9223372036854775807, 0, 9223372036749940807
1, 699, 0, 9223372036854775807, 0, 9223372036844290807
1, 6990, 0, 9223372036854775807, 0, 9223372036749925807
1, 6991, 0, 9223372036854775807, 0, 9223372036749910807
1, 6992, 0, 9223372036854775807, 0, 9223372036749895807
1, 6993, 0, 9223372036854775807, 0, 9223372036749880807
1, 6994, 0, 9223372036854775807, 0, 9223372036749865807
1, 6995, 0, 9223372036854775807, 0, 9223372036749850807
1, 6996, 0, 9223372036854775807, 0, 9223372036749835807
1, 6997, 0, 9223372036854775807, 0, 9223372036749820807
1, 6998, 0, 9223372036854775807, 0, 9223372036749805807
1, 6999, 0, 9223372036854775807, 0, 9223372036749790807
1, 7, 0, 9223372036854775807, 0, 9223372036854670807
1, 70, 0, 9223372036854775807, 0, 9223372036853725807
1, 700, 0, 9223372036854775807, 0, 9223372036844275807
1, 7000, 0, 9223372036854775807, 0, 9223372036749775807
1, 7001, 0, 9223372036854775807, 0, 9223372036749760807
1, 7002, 0, 9223372036854775807, 0, 9223372036749745807
1, 7003, 0, 9223372036854775807, 0, 9223372036749730807
1, 7004, 0, 9223372036854775807, 0, 9223372036749715807
1, 7005, 0, 9223372036854775807, 0, 9223372036749700807
1, 7006, 0, 9223372036854775807, 0, 9223372036749685807
1, 7007, 0, 9223372036854775807, 0, 9223372036749670807
1, 7008, 0, 9223372036854775807, 0, 9223372036749655807
1, 7009, 0, 9223372036854775807, 0, 9223372036749640807
1, 701, 0, 9223372036854775807, 0, 9223372036844260807
1, 7010, 0, 9223372036854775807, 0, 9223372036749625807
1, 7011, 0, 9223372036854775807, 0, 9223372036749610807
1, 7012, 0, 9223372036854775807, 0, 9223372036749595807
1, 7013, 0, 9223372036854775807, 0, 9223372036749580807
1, 7014, 0, 9223372036854775807, 0, 9223372036749565807
1, 7015, 0, 9223372036854775807, 0, 9223372036749550807
1, 7016, 0, 9223372036854775807, 0, 9223372036749535807
1, 7017, 0, 9223372036854775807, 0, 9223372036749520807
1, 7018, 0, 9223372036854775807, 0, 9223372036749505807
1, 7019, 0, 9223372036854775807, 0, 9223372036749490807
1, 702, 0, 9223372036854775807, 0, 9223372036844245807
1, 7020, 0, 9223372036854775807, 0, 9223372036749475807
1, 7021, 0, 9223372036854775807, 0, 9223372036749460807
1, 7022, 0, 9223372036854775807, 0, 9223372036749445807
1, 7023, 0, 9223372036854775807, 0, 9223372036749430807
1, 7024, 0, 9223372036854775807, 0, 9223372036749415807
1, 7025, 0, 9223372036854775807, 0, 9223372036749400807
1, 7026, 0, 9223372036854775807, 0, 9223372036749385807
1, 7027, 0, 9223372036854775807, 0, 9223372036749370807
1, 7028, 0, 9223372036854775807, 0, 9223372036749355807
1, 7029, 0, 9223372036854775807, 0, 9223372036749340807
1, 703, 0, 9223372036854775807, 0, 9223372036844230807
1, 7030, 0, 9223372036854775807, 0, 9223372036749325807
1, 7031, 0, 9223372036854775807, 0, 9223372036749310807
1, 7032, 0, 9223372036854775807, 0, 9223372036749295807
1, 7033, 0, 9223372036854775807, 0, 9223372036749280807
1, 7034, 0, 9223372036854775807, 0, 9223372036749265807
1, 7035, 0, 9223372036854775807, 0, 9223372036749250807
1, 7036, 0, 9223372036854775807, 0, 9223372036749235807
1, 7037, 0, 9223372036854775807, 0, 9223372036749220807
1, 7038, 0, 9223372036854775807, 0, 9223372036749205807
1, 7039, 0, 9223372036854775807, 0, 9223372036749190807
1, 704, 0, 9223372036854775807, 0, 9223372036844215807
1, 7040, 0, 9223372036854775807, 0, 9223372036749175807
1, 7041, 0, 9223372036854775807, 0, 9223372036749160807
1, 7042, 0, 9223372036854775807, 0, 9223372036749145807
1, 7043, 0, 9223372036854775807, 0, 9223372036749130807
1, 7044, 0, 9223372036854775807, 0, 9223372036749115807
1, 7045, 0, 9223372036854775807, 0, 9223372036749100807
1, 7046, 0, 9223372036854775807, 0, 9223372036749085807
1, 7047, 0, 9223372036854775807, 0, 9223372036749070807
1, 7048, 0, 9223372036854775807, 0, 9223372036749055807
1, 7049, 0, 9223372036854775807, 0, 9223372036749040807
1, 705, 0, 9223372036854775807, 0, 9223372036844200807
1, 7050, 0, 9223372036854775807, 0, 9223372036749025807
1, 7051, 0, 9223372036854775807, 0, 9223372036749010807
1, 7052, 0, 9223372036854775807, 0, 9223372036748995807
1, 7053, 0, 9223372036854775807, 0, 9223372036748980807
1, 7054, 0, 9223372036854775807, 0, 9223372036748965807
1, 7055, 0, 9223372036854775807, 0, 9223372036748950807
1, 7056, 0, 9223372036854775807, 0, 9223372036748935807
1, 7057, 0, 9223372036854775807, 0, 9223372036748920807
1, 7058, 0, 9223372036854775807, 0, 9223372036748905807
1, 7059, 0, 9223372036854775807, 0, 9223372036748890807
1, 706, 0, 9223372036854775807, 0, 9223372036844185807
1, 7060, 0, 9223372036854775807, 0, 9223372036748875807
1, 7061, 0, 9223372036854775807, 0, 9223372036748860807
1, 7062, 0, 9223372036854775807, 0, 9223372036748845807
1, 7063, 0, 9223372036854775807, 0, 9223372036748830807
1, 7064, 0, 9223372036854775807, 0, 9223372036748815807
1, 7065, 0, 9223372036854775807, 0, 9223372036748800807
1, 7066, 0, 9223372036854775807, 0, 9223372036748785807
1, 7067, 0, 9223372036854775807, 0, 9223372036748770807
1, 7068, 0, 9223372036854775807, 0, 9223372036748755807
1, 7069, 0, 9223372036854775807, 0, 9223372036748740807
1, 707, 0, 9223372036854775807, 0, 9223372036844170807
1, 7070, 0, 9223372036854775807, 0, 9223372036748725807
1, 7071, 0, 9223372036854775807, 0, 9223372036748710807
1, 7072, 0, 9223372036854775807, 0, 9223372036748695807
1, 7073, 0, 9223372036854775807, 0, 9223372036748680807
1, 7074, 0, 9223372036854775807, 0, 9223372036748665807
1, 7075, 0, 9223372036854775807, 0, 9223372036748650807
1, 7076, 0, 9223372036854775807, 0, 9223372036748635807
1, 7077, 0, 9223372036854775807, 0, 9223372036748620807
1, 7078, 0, 9223372036854775807, 0, 9223372036748605807
1, 7079, 0, 9223372036854775807, 0, 9223372036748590807
1, 708, 0, 9223372036854775807, 0, 9223372036844155807
1, 7080, 0, 9223372036854775807, 0, 9223372036748575807
1, 7081, 0, 9223372036854775807, 0, 9223372036748560807
1, 7082, 0, 9223372036854775807, 0, 9223372036748545807
1, 7083, 0, 9223372036854775807, 0, 9223372036748530807
1, 7084, 0, 9223372036854775807, 0, 9223372036748515807
1, 7085, 0, 9223372036854775807, 0, 9223372036748500807
1, 7086, 0, 9223372036854775807, 0, 9223372036748485807
1, 7087, 0, 9223372036854775807, 0, 9223372036748470807
1, 7088, 0, 9223372036854775807, 0, 9223372036748455807
1, 7089, 0, 9223372036854775807, 0, 9223372036748440807
1, 709, 0, 9223372036854775807, 0, 9223372036844140807
1, 7090, 0, 9223372036854775807, 0, 9223372036748425807
1, 7091, 0, 9223372036854775807, 0, 9223372036748410807
1, 7092, 0, 9223372036854775807, 0, 9223372036748395807
1, 7093, 0, 9223372036854775807, 0, 9223372036748380807
1, 7094, 0, 9223372036854775807, 0, 9223372036748365807
1, 7095, 0, 9223372036854775807, 0, 9223372036748350807
1, 7096, 0, 9223372036854775807, 0, 9223372036748335807
1, 7097, 0, 9223372036854775807, 0, 9223372036748320807
1, 7098, 0, 9223372036854775807, 0, 9223372036748305807
1, 7099, 0, 9223372036854775807, 0, 9223372036748290807
1, 71, 0, 9223372036854775807, 0, 9223372036853710807
1, 710, 0, 9223372036854775807, 0, 9223372036844125807
1, 7100, 0, 9223372036854775807, 0, 9223372036748275807
1, 7101, 0, 9223372036854775807, 0, 9223372036748260807
1, 7102, 0, 9223372036854775807, 0, 9223372036748245807
1, 7103, 0, 9223372036854775807, 0, 9223372036748230807
1, 7104, 0, 9223372036854775807, 0, 9223372036748215807
1, 7105, 0, 9223372036854775807, 0, 9223372036748200807
1, 7106, 0, 9223372036854775807, 0, 9223372036748185807
1, 7107, 0, 9223372036854775807, 0, 9223372036748170807
1, 7108, 0, 9223372036854775807, 0, 9223372036748155807
1, 7109, 0, 9223372036854775807, 0, 9223372036748140807
1, 711, 0, 9223372036854775807, 0, 9223372036844110807
1, 7110, 0, 9223372036854775807, 0, 9223372036748125807
1, 7111, 0, 9223372036854775807, 0, 9223372036748110807
1, 7112, 0, 9223372036854775807, 0, 9223372036748095807
1, 7113, 0, 9223372036854775807, 0, 9223372036748080807
1, 7114, 0, 9223372036854775807, 0, 9223372036748065807
1, 7115, 0, 9223372036854775807, 0, 9223372036748050807
1, 7116, 0, 9223372036854775807, 0, 9223372036748035807
1, 7117, 0, 9223372036854775807, 0, 9223372036748020807
1, 7118, 0, 9223372036854775807, 0, 9223372036748005807
1, 7119, 0, 9223372036854775807, 0, 9223372036747990807
1, 712, 0, 9223372036854775807, 0, 9223372036844095807
1, 7120, 0, 9223372036854775807, 0, 9223372036747975807
1, 7121, 0, 9223372036854775807, 0, 9223372036747960807
1, 7122, 0, 9223372036854775807, 0, 9223372036747945807
1, 7123, 0, 9223372036854775807, 0, 9223372036747930807
1, 7124, 0, 9223372036854775807, 0, 9223372036747915807
1, 7125, 0, 9223372036854775807, 0, 9223372036747900807
1, 7126, 0, 9223372036854775807, 0, 9223372036747885807
1, 7127, 0, 9223372036854775807, 0, 9223372036747870807
1, 7128, 0, 9223372036854775807, 0, 9223372036747855807
1, 7129, 0, 9223372036854775807, 0, 9223372036747840807
1, 713, 0, 9223372036854775807, 0, 9223372036844080807
1, 7130, 0, 9223372036854775807, 0, 9223372036747825807
1, 7131, 0, 9223372036854775807, 0, 9223372036747810807
1, 7132, 0, 9223372036854775807, 0, 9223372036747795807
1, 7133, 0, 9223372036854775807, 0, 9223372036747780807
1, 7134, 0, 9223372036854775807, 0, 9223372036747765807
1, 7135, 0, 9223372036854775807, 0, 9223372036747750807
1, 7136, 0, 9223372036854775807, 0, 9223372036747735807
1, 7137, 0, 9223372036854775807, 0, 9223372036747720807
1, 7138, 0, 9223372036854775807, 0, 9223372036747705807
1, 7139, 0, 9223372036854775807, 0, 9223372036747690807
1, 714, 0, 9223372036854775807, 0, 9223372036844065807
1, 7140, 0, 9223372036854775807, 0, 9223372036747675807
1, 7141, 0, 9223372036854775807, 0, 9223372036747660807
1, 7142, 0, 9223372036854775807, 0, 9223372036747645807
1, 7143, 0, 9223372036854775807, 0, 9223372036747630807
1, 7144, 0, 9223372036854775807, 0, 9223372036747615807
1, 7145, 0, 9223372036854775807, 0, 9223372036747600807
1, 7146, 0, 9223372036854775807, 0, 9223372036747585807
1, 7147, 0, 9223372036854775807, 0, 9223372036747570807
1, 7148, 0, 9223372036854775807, 0, 9223372036747555807
1, 7149, 0, 9223372036854775807, 0, 9223372036747540807
1, 715, 0, 9223372036854775807, 0, 9223372036844050807
1, 7150, 0, 9223372036854775807, 0, 9223372036747525807
1, 7151, 0, 9223372036854775807, 0, 9223372036747510807
1, 7152, 0, 9223372036854775807, 0, 9223372036747495807
1, 7153, 0, 9223372036854775807, 0, 9223372036747480807
1, 7154, 0, 9223372036854775807, 0, 9223372036747465807
1, 7155, 0, 9223372036854775807, 0, 9223372036747450807
1, 7156, 0, 9223372036854775807, 0, 9223372036747435807
1, 7157, 0, 9223372036854775807, 0, 9223372036747420807
1, 7158, 0, 9223372036854775807, 0, 9223372036747405807
1, 7159, 0, 9223372036854775807, 0, 9223372036747390807
1, 716, 0, 9223372036854775807, 0, 9223372036844035807
1, 7160, 0, 9223372036854775807, 0, 9223372036747375807
1, 7161, 0, 9223372036854775807, 0, 9223372036747360807
1, 7162, 0, 9223372036854775807, 0, 9223372036747345807
1, 7163, 0, 9223372036854775807, 0, 9223372036747330807
1, 7164, 0, 9223372036854775807, 0, 9223372036747315807
1, 7165, 0, 9223372036854775807, 0, 9223372036747300807
1, 7166, 0, 9223372036854775807, 0, 9223372036747285807
1, 7167, 0, 9223372036854775807, 0, 9223372036747270807
1, 7168, 0, 9223372036854775807, 0, 9223372036747255807
1, 7169, 0, 9223372036854775807, 0, 9223372036747240807
1, 717, 0, 9223372036854775807, 0, 9223372036844020807
1, 7170, 0, 9223372036854775807, 0, 9223372036747225807
1, 7171, 0, 9223372036854775807, 0, 9223372036747210807
1, 7172, 0, 9223372036854775807, 0, 9223372036747195807
1, 7173, 0, 9223372036854775807, 0, 9223372036747180807
1, 7174, 0, 9223372036854775807, 0, 9223372036747165807
1, 7175, 0, 9223372036854775807, 0, 9223372036747150807
1, 7176, 0, 9223372036854775807, 0, 9223372036747135807
1, 7177, 0, 9223372036854775807, 0, 9223372036747120807
1, 7178, 0, 9223372036854775807, 0, 9223372036747105807
1, 7179, 0, 9223372036854775807, 0, 9223372036747090807
1, 718, 0, 9223372036854775807, 0, 9223372036844005807
1, 7180, 0, 9223372036854775807, 0, 9223372036747075807
1, 7181, 0, 9223372036854775807, 0, 9223372036747060807
1, 7182, 0, 9223372036854775807, 0, 9223372036747045807
1, 7183, 0, 9223372036854775807, 0, 9223372036747030807
1, 7184, 0, 9223372036854775807, 0, 9223372036747015807
1, 7185, 0, 9223372036854775807, 0, 9223372036747000807
1, 7186, 0, 9223372036854775807, 0, 9223372036746985807
1, 7187, 0, 9223372036854775807, 0, 9223372036746970807
1, 7188, 0, 9223372036854775807, 0, 9223372036746955807
1, 7189, 0, 9223372036854775807, 0, 9223372036746940807
1, 719, 0, 9223372036854775807, 0, 9223372036843990807
1, 7190, 0, 9223372036854775807, 0, 9223372036746925807
1, 7191, 0, 9223372036854775807, 0, 9223372036746910807
1, 7192, 0, 9223372036854775807, 0, 9223372036746895807
1, 7193, 0, 9223372036854775807, 0, 9223372036746880807
1, 7194, 0, 9223372036854775807, 0, 9223372036746865807
1, 7195, 0, 9223372036854775807, 0, 9223372036746850807
1, 7196, 0, 9223372036854775807, 0, 9223372036746835807
1, 7197, 0, 9223372036854775807, 0, 9223372036746820807
1, 7198, 0, 9223372036854775807, 0, 9223372036746805807
1, 7199, 0, 9223372036854775807, 0, 9223372036746790807
1, 72, 0, 9223372036854775807, 0, 9223372036853695807
1, 720, 0, 9223372036854775807, 0, 9223372036843975807
1, 7200, 0, 9223372036854775807, 0, 9223372036746775807
1, 7201, 0, 9223372036854775807, 0, 9223372036746760807
1, 7202, 0, 9223372036854775807, 0, 9223372036746745807
1, 7203, 0, 9223372036854775807, 0, 9223372036746730807
1, 7204, 0, 9223372036854775807, 0, 9223372036746715807
1, 7205, 0, 9223372036854775807, 0, 9223372036746700807
1, 7206, 0, 9223372036854775807, 0, 9223372036746685807
1, 7207, 0, 9223372036854775807, 0, 9223372036746670807
1, 7208, 0, 9223372036854775807, 0, 9223372036746655807
1, 7209, 0, 9223372036854775807, 0, 9223372036746640807
1, 721, 0, 9223372036854775807, 0, 9223372036843960807
1, 7210, 0, 9223372036854775807, 0, 9223372036746625807
1, 7211, 0, 9223372036854775807, 0, 9223372036746610807
1, 7212, 0, 9223372036854775807, 0, 9223372036746595807
1, 7213, 0, 9223372036854775807, 0, 9223372036746580807
1, 7214, 0, 9223372036854775807, 0, 9223372036746565807
1, 7215, 0, 9223372036854775807, 0, 9223372036746550807
1, 7216, 0, 9223372036854775807, 0, 9223372036746535807
1, 7217, 0, 9223372036854775807, 0, 9223372036746520807
1, 7218, 0, 9223372036854775807, 0, 9223372036746505807
1, 7219, 0, 9223372036854775807, 0, 9223372036746490807
1, 722, 0, 9223372036854775807, 0, 9223372036843945807
1, 7220, 0, 9223372036854775807, 0, 9223372036746475807
1, 7221, 0, 9223372036854775807, 0, 9223372036746460807
1, 7222, 0, 9223372036854775807, 0, 9223372036746445807
1, 7223, 0, 9223372036854775807, 0, 9223372036746430807
1, 7224, 0, 9223372036854775807, 0, 9223372036746415807
1, 7225, 0, 9223372036854775807, 0, 9223372036746400807
1, 7226, 0, 9223372036854775807, 0, 9223372036746385807
1, 7227, 0, 9223372036854775807, 0, 9223372036746370807
1, 7228, 0, 9223372036854775807, 0, 9223372036746355807
1, 7229, 0, 9223372036854775807, 0, 9223372036746340807
1, 723, 0, 9223372036854775807, 0, 9223372036843930807
1, 7230, 0, 9223372036854775807, 0, 9223372036746325807
1, 7231, 0, 9223372036854775807, 0, 9223372036746310807
1, 7232, 0, 9223372036854775807, 0, 9223372036746295807
1, 7233, 0, 9223372036854775807, 0, 9223372036746280807
1, 7234, 0, 9223372036854775807, 0, 9223372036746265807
1, 7235, 0, 9223372036854775807, 0, 9223372036746250807
1, 7236, 0, 9223372036854775807, 0, 9223372036746235807
1, 7237, 0, 9223372036854775807, 0, 9223372036746220807
1, 7238, 0, 9223372036854775807, 0, 9223372036746205807
1, 7239, 0, 9223372036854775807, 0, 9223372036746190807
1, 724, 0, 9223372036854775807, 0, 9223372036843915807
1, 7240, 0, 9223372036854775807, 0, 9223372036746175807
1, 7241, 0, 9223372036854775807, 0, 9223372036746160807
1, 7242, 0, 9223372036854775807, 0, 9223372036746145807
1, 7243, 0, 9223372036854775807, 0, 9223372036746130807
1, 7244, 0, 9223372036854775807, 0, 9223372036746115807
1, 7245, 0, 9223372036854775807, 0, 9223372036746100807
1, 7246, 0, 9223372036854775807, 0, 9223372036746085807
1, 7247, 0, 9223372036854775807, 0, 9223372036746070807
1, 7248, 0, 9223372036854775807, 0, 9223372036746055807
1, 7249, 0, 9223372036854775807, 0, 9223372036746040807
1, 725, 0, 9223372036854775807, 0, 9223372036843900807
1, 7250, 0, 9223372036854775807, 0, 9223372036746025807
1, 7251, 0, 9223372036854775807, 0, 9223372036746010807
1, 7252, 0, 9223372036854775807, 0, 9223372036745995807
1, 7253, 0, 9223372036854775807, 0, 9223372036745980807
1, 7254, 0, 9223372036854775807, 0, 9223372036745965807
1, 7255, 0, 9223372036854775807, 0, 9223372036745950807
1, 7256, 0, 9223372036854775807, 0, 9223372036745935807
1, 7257, 0, 9223372036854775807, 0, 9223372036745920807
1, 7258, 0, 9223372036854775807, 0, 9223372036745905807
1, 7259, 0, 9223372036854775807, 0, 9223372036745890807
1, 726, 0, 9223372036854775807, 0, 9223372036843885807
1, 7260, 0, 9223372036854775807, 0, 9223372036745875807
1, 7261, 0, 9223372036854775807, 0, 9223372036745860807
1, 7262, 0, 9223372036854775807, 0, 9223372036745845807
1, 7263, 0, 9223372036854775807, 0, 9223372036745830807
1, 7264, 0, 9223372036854775807, 0, 9223372036745815807
1, 7265, 0, 9223372036854775807, 0, 9223372036745800807
1, 7266, 0, 9223372036854775807, 0, 9223372036745785807
1, 7267, 0, 9223372036854775807, 0, 9223372036745770807
1, 7268, 0, 9223372036854775807, 0, 9223372036745755807
1, 7269, 0, 9223372036854775807, 0, 9223372036745740807
1, 727, 0, 9223372036854775807, 0, 9223372036843870807
1, 7270, 0, 9223372036854775807, 0, 9223372036745725807
1, 7271, 0, 9223372036854775807, 0, 9223372036745710807
1, 7272, 0, 9223372036854775807, 0, 9223372036745695807
1, 7273, 0, 9223372036854775807, 0, 9223372036745680807
1, 7274, 0, 9223372036854775807, 0, 9223372036745665807
1, 7275, 0, 9223372036854775807, 0, 9223372036745650807
1, 7276, 0, 9223372036854775807, 0, 9223372036745635807
1, 7277, 0, 9223372036854775807, 0, 9223372036745620807
1, 7278, 0, 9223372036854775807, 0, 9223372036745605807
1, 7279, 0, 9223372036854775807, 0, 9223372036745590807
1, 728, 0, 9223372036854775807, 0, 9223372036843855807
1, 7280, 0, 9223372036854775807, 0, 9223372036745575807
1, 7281, 0, 9223372036854775807, 0, 9223372036745560807
1, 7282, 0, 9223372036854775807, 0, 9223372036745545807
1, 7283, 0, 9223372036854775807, 0, 9223372036745530807
1, 7284, 0, 9223372036854775807, 0, 9223372036745515807
1, 7285, 0, 9223372036854775807, 0, 9223372036745500807
1, 7286, 0, 9223372036854775807, 0, 9223372036745485807
1, 7287, 0, 9223372036854775807, 0, 9223372036745470807
1, 7288, 0, 9223372036854775807, 0, 9223372036745455807
1, 7289, 0, 9223372036854775807, 0, 9223372036745440807
1, 729, 0, 9223372036854775807, 0, 9223372036843840807
1, 7290, 0, 9223372036854775807, 0, 9223372036745425807
1, 7291, 0, 9223372036854775807, 0, 9223372036745410807
1, 7292, 0, 9223372036854775807, 0, 9223372036745395807
1, 7293, 0, 9223372036854775807, 0, 9223372036745380807
1, 7294, 0, 9223372036854775807, 0, 9223372036745365807
1, 7295, 0, 9223372036854775807, 0, 9223372036745350807
1, 7296, 0, 9223372036854775807, 0, 9223372036745335807
1, 7297, 0, 9223372036854775807, 0, 9223372036745320807
1, 7298, 0, 9223372036854775807, 0, 9223372036745305807
1, 7299, 0, 9223372036854775807, 0, 9223372036745290807
1, 73, 0, 9223372036854775807, 0, 9223372036853680807
1, 730, 0, 9223372036854775807, 0, 9223372036843825807
1, 7300, 0, 9223372036854775807, 0, 9223372036745275807
1, 7301, 0, 9223372036854775807, 0, 9223372036745260807
1, 7302, 0, 9223372036854775807, 0, 9223372036745245807
1, 7303, 0, 9223372036854775807, 0, 9223372036745230807
1, 7304, 0, 9223372036854775807, 0, 9223372036745215807
1, 7305, 0, 9223372036854775807, 0, 9223372036745200807
1, 7306, 0, 9223372036854775807, 0, 9223372036745185807
1, 7307, 0, 9223372036854775807, 0, 9223372036745170807
1, 7308, 0, 9223372036854775807, 0, 9223372036745155807
1, 7309, 0, 9223372036854775807, 0, 9223372036745140807
1, 731, 0, 9223372036854775807, 0, 9223372036843810807
1, 7310, 0, 9223372036854775807, 0, 9223372036745125807
1, 7311, 0, 9223372036854775807, 0, 9223372036745110807
1, 7312, 0, 9223372036854775807, 0, 9223372036745095807
1, 7313, 0, 9223372036854775807, 0, 9223372036745080807
1, 7314, 0, 9223372036854775807, 0, 9223372036745065807
1, 7315, 0, 9223372036854775807, 0, 9223372036745050807
1, 7316, 0, 9223372036854775807, 0, 9223372036745035807
1, 7317, 0, 9223372036854775807, 0, 9223372036745020807
1, 7318, 0, 9223372036854775807, 0, 9223372036745005807
1, 7319, 0, 9223372036854775807, 0, 9223372036744990807
1, 732, 0, 9223372036854775807, 0, 9223372036843795807
1, 7320, 0, 9223372036854775807, 0, 9223372036744975807
1, 7321, 0, 9223372036854775807, 0, 9223372036744960807
1, 7322, 0, 9223372036854775807, 0, 9223372036744945807
1, 7323, 0, 9223372036854775807, 0, 9223372036744930807
1, 7324, 0, 9223372036854775807, 0, 9223372036744915807
1, 7325, 0, 9223372036854775807, 0, 9223372036744900807
1, 7326, 0, 9223372036854775807, 0, 9223372036744885807
1, 7327, 0, 9223372036854775807, 0, 9223372036744870807
1, 7328, 0, 9223372036854775807, 0, 9223372036744855807
1, 7329, 0, 9223372036854775807, 0, 9223372036744840807
1, 733, 0, 9223372036854775807, 0, 9223372036843780807
1, 7330, 0, 9223372036854775807, 0, 9223372036744825807
1, 7331, 0, 9223372036854775807, 0, 9223372036744810807
1, 7332, 0, 9223372036854775807, 0, 9223372036744795807
1, 7333, 0, 9223372036854775807, 0, 9223372036744780807
1, 7334, 0, 9223372036854775807, 0, 9223372036744765807
1, 7335, 0, 9223372036854775807, 0, 9223372036744750807
1, 7336, 0, 9223372036854775807, 0, 9223372036744735807
1, 7337, 0, 9223372036854775807, 0, 9223372036744720807
1, 7338, 0, 9223372036854775807, 0, 9223372036744705807
1, 7339, 0, 9223372036854775807, 0, 9223372036744690807
1, 734, 0, 9223372036854775807, 0, 9223372036843765807
1, 7340, 0, 9223372036854775807, 0, 9223372036744675807
1, 7341, 0, 9223372036854775807, 0, 9223372036744660807
1, 7342, 0, 9223372036854775807, 0, 9223372036744645807
1, 7343, 0, 9223372036854775807, 0, 9223372036744630807
1, 7344, 0, 9223372036854775807, 0, 9223372036744615807
1, 7345, 0, 9223372036854775807, 0, 9223372036744600807
1, 7346, 0, 9223372036854775807, 0, 9223372036744585807
1, 7347, 0, 9223372036854775807, 0, 9223372036744570807
1, 7348, 0, 9223372036854775807, 0, 9223372036744555807
1, 7349, 0, 9223372036854775807, 0, 9223372036744540807
1, 735, 0, 9223372036854775807, 0, 9223372036843750807
1, 7350, 0, 9223372036854775807, 0, 9223372036744525807
1, 7351, 0, 9223372036854775807, 0, 9223372036744510807
1, 7352, 0, 9223372036854775807, 0, 9223372036744495807
1, 7353, 0, 9223372036854775807, 0, 9223372036744480807
1, 7354, 0, 9223372036854775807, 0, 9223372036744465807
1, 7355, 0, 9223372036854775807, 0, 9223372036744450807
1, 7356, 0, 9223372036854775807, 0, 9223372036744435807
1, 7357, 0, 9223372036854775807, 0, 9223372036744420807
1, 7358, 0, 9223372036854775807, 0, 9223372036744405807
1, 7359, 0, 9223372036854775807, 0, 9223372036744390807
1, 736, 0, 9223372036854775807, 0, 9223372036843735807
1, 7360, 0, 9223372036854775807, 0, 9223372036744375807
1, 7361, 0, 9223372036854775807, 0, 9223372036744360807
1, 7362, 0, 9223372036854775807, 0, 9223372036744345807
1, 7363, 0, 9223372036854775807, 0, 9223372036744330807
1, 7364, 0, 9223372036854775807, 0, 9223372036744315807
1, 7365, 0, 9223372036854775807, 0, 9223372036744300807
1, 7366, 0, 9223372036854775807, 0, 9223372036744285807
1, 7367, 0, 9223372036854775807, 0, 9223372036744270807
1, 7368, 0, 9223372036854775807, 0, 9223372036744255807
1, 7369, 0, 9223372036854775807, 0, 9223372036744240807
1, 737, 0, 9223372036854775807, 0, 9223372036843720807
1, 7370, 0, 9223372036854775807, 0, 9223372036744225807
1, 7371, 0, 9223372036854775807, 0, 9223372036744210807
1, 7372, 0, 9223372036854775807, 0, 9223372036744195807
1, 7373, 0, 9223372036854775807, 0, 9223372036744180807
1, 7374, 0, 9223372036854775807, 0, 9223372036744165807
1, 7375, 0, 9223372036854775807, 0, 9223372036744150807
1, 7376, 0, 9223372036854775807, 0, 9223372036744135807
1, 7377, 0, 9223372036854775807, 0, 9223372036744120807
1, 7378, 0, 9223372036854775807, 0, 9223372036744105807
1, 7379, 0, 9223372036854775807, 0, 9223372036744090807
1, 738, 0, 9223372036854775807, 0, 9223372036843705807
1, 7380, 0, 9223372036854775807, 0, 9223372036744075807
1, 7381, 0, 9223372036854775807, 0, 9223372036744060807
1, 7382, 0, 9223372036854775807, 0, 9223372036744045807
1, 7383, 0, 9223372036854775807, 0, 9223372036744030807
1, 7384, 0, 9223372036854775807, 0, 9223372036744015807
1, 7385, 0, 9223372036854775807, 0, 9223372036744000807
1, 7386, 0, 9223372036854775807, 0, 9223372036743985807
1, 7387, 0, 9223372036854775807, 0, 9223372036743970807
1, 7388, 0, 9223372036854775807, 0, 9223372036743955807
1, 7389, 0, 9223372036854775807, 0, 9223372036743940807
1, 739, 0, 9223372036854775807, 0, 9223372036843690807
1, 7390, 0, 9223372036854775807, 0, 9223372036743925807
1, 7391, 0, 9223372036854775807, 0, 9223372036743910807
1, 7392, 0, 9223372036854775807, 0, 9223372036743895807
1, 7393, 0, 9223372036854775807, 0, 9223372036743880807
1, 7394, 0, 9223372036854775807, 0, 9223372036743865807
1, 7395, 0, 9223372036854775807, 0, 9223372036743850807
1, 7396, 0, 9223372036854775807, 0, 9223372036743835807
1, 7397, 0, 9223372036854775807, 0, 9223372036743820807
1, 7398, 0, 9223372036854775807, 0, 9223372036743805807
1, 7399, 0, 9223372036854775807, 0, 9223372036743790807
1, 74, 0, 9223372036854775807, 0, 9223372036853665807
1, 740, 0, 9223372036854775807, 0, 9223372036843675807
1, 7400, 0, 9223372036854775807, 0, 9223372036743775807
1, 7401, 0, 9223372036854775807, 0, 9223372036743760807
1, 7402, 0, 9223372036854775807, 0, 9223372036743745807
1, 7403, 0, 9223372036854775807, 0, 9223372036743730807
1, 7404, 0, 9223372036854775807, 0, 9223372036743715807
1, 7405, 0, 9223372036854775807, 0, 9223372036743700807
1, 7406, 0, 9223372036854775807, 0, 9223372036743685807
1, 7407, 0, 9223372036854775807, 0, 9223372036743670807
1, 7408, 0, 9223372036854775807, 0, 9223372036743655807
1, 7409, 0, 9223372036854775807, 0, 9223372036743640807
1, 741, 0, 9223372036854775807, 0, 9223372036843660807
1, 7410, 0, 9223372036854775807, 0, 9223372036743625807
1, 7411, 0, 9223372036854775807, 0, 9223372036743610807
1, 7412, 0, 9223372036854775807, 0, 9223372036743595807
1, 7413, 0, 9223372036854775807, 0, 9223372036743580807
1, 7414, 0, 9223372036854775807, 0, 9223372036743565807
1, 7415, 0, 9223372036854775807, 0, 9223372036743550807
1, 7416, 0, 9223372036854775807, 0, 9223372036743535807
1, 7417, 0, 9223372036854775807, 0, 9223372036743520807
1, 7418, 0, 9223372036854775807, 0, 9223372036743505807
1, 7419, 0, 9223372036854775807, 0, 9223372036743490807
1, 742, 0, 9223372036854775807, 0, 9223372036843645807
1, 7420, 0, 9223372036854775807, 0, 9223372036743475807
1, 7421, 0, 9223372036854775807, 0, 9223372036743460807
1, 7422, 0, 9223372036854775807, 0, 9223372036743445807
1, 7423, 0, 9223372036854775807, 0, 9223372036743430807
1, 7424, 0, 9223372036854775807, 0, 9223372036743415807
1, 7425, 0, 9223372036854775807, 0, 9223372036743400807
1, 7426, 0, 9223372036854775807, 0, 9223372036743385807
1, 7427, 0, 9223372036854775807, 0, 9223372036743370807
1, 7428, 0, 9223372036854775807, 0, 9223372036743355807
1, 7429, 0, 9223372036854775807, 0, 9223372036743340807
1, 743, 0, 9223372036854775807, 0, 9223372036843630807
1, 7430, 0, 9223372036854775807, 0, 9223372036743325807
1, 7431, 0, 9223372036854775807, 0, 9223372036743310807
1, 7432, 0, 9223372036854775807, 0, 9223372036743295807
1, 7433, 0, 9223372036854775807, 0, 9223372036743280807
1, 7434, 0, 9223372036854775807, 0, 9223372036743265807
1, 7435, 0, 9223372036854775807, 0, 9223372036743250807
1, 7436, 0, 9223372036854775807, 0, 9223372036743235807
1, 7437, 0, 9223372036854775807, 0, 9223372036743220807
1, 7438, 0, 9223372036854775807, 0, 9223372036743205807
1, 7439, 0, 9223372036854775807, 0, 9223372036743190807
1, 744, 0, 9223372036854775807, 0, 9223372036843615807
1, 7440, 0, 9223372036854775807, 0, 9223372036743175807
1, 7441, 0, 9223372036854775807, 0, 9223372036743160807
1, 7442, 0, 9223372036854775807, 0, 9223372036743145807
1, 7443, 0, 9223372036854775807, 0, 9223372036743130807
1, 7444, 0, 9223372036854775807, 0, 9223372036743115807
1, 7445, 0, 9223372036854775807, 0, 9223372036743100807
1, 7446, 0, 9223372036854775807, 0, 9223372036743085807
1, 7447, 0, 9223372036854775807, 0, 9223372036743070807
1, 7448, 0, 9223372036854775807, 0, 9223372036743055807
1, 7449, 0, 9223372036854775807, 0, 9223372036743040807
1, 745, 0, 9223372036854775807, 0, 9223372036843600807
1, 7450, 0, 9223372036854775807, 0, 9223372036743025807
1, 7451, 0, 9223372036854775807, 0, 9223372036743010807
1, 7452, 0, 9223372036854775807, 0, 9223372036742995807
1, 7453, 0, 9223372036854775807, 0, 9223372036742980807
1, 7454, 0, 9223372036854775807, 0, 9223372036742965807
1, 7455, 0, 9223372036854775807, 0, 9223372036742950807
1, 7456, 0, 9223372036854775807, 0, 9223372036742935807
1, 7457, 0, 9223372036854775807, 0, 9223372036742920807
1, 7458, 0, 9223372036854775807, 0, 9223372036742905807
1, 7459, 0, 9223372036854775807, 0, 9223372036742890807
1, 746, 0, 9223372036854775807, 0, 9223372036843585807
1, 7460, 0, 9223372036854775807, 0, 9223372036742875807
1, 7461, 0, 9223372036854775807, 0, 9223372036742860807
1, 7462, 0, 9223372036854775807, 0, 9223372036742845807
1, 7463, 0, 9223372036854775807, 0, 9223372036742830807
1, 7464, 0, 9223372036854775807, 0, 9223372036742815807
1, 7465, 0, 9223372036854775807, 0, 9223372036742800807
1, 7466, 0, 9223372036854775807, 0, 9223372036742785807
1, 7467, 0, 9223372036854775807, 0, 9223372036742770807
1, 7468, 0, 9223372036854775807, 0, 9223372036742755807
1, 7469, 0, 9223372036854775807, 0, 9223372036742740807
1, 747, 0, 9223372036854775807, 0, 9223372036843570807
1, 7470, 0, 9223372036854775807, 0, 9223372036742725807
1, 7471, 0, 9223372036854775807, 0, 9223372036742710807
1, 7472, 0, 9223372036854775807, 0, 9223372036742695807
1, 7473, 0, 9223372036854775807, 0, 9223372036742680807
1, 7474, 0, 9223372036854775807, 0, 9223372036742665807
1, 7475, 0, 9223372036854775807, 0, 9223372036742650807
1, 7476, 0, 9223372036854775807, 0, 9223372036742635807
1, 7477, 0, 9223372036854775807, 0, 9223372036742620807
1, 7478, 0, 9223372036854775807, 0, 9223372036742605807
1, 7479, 0, 9223372036854775807, 0, 9223372036742590807
1, 748, 0, 9223372036854775807, 0, 9223372036843555807
1, 7480, 0, 9223372036854775807, 0, 9223372036742575807
1, 7481, 0, 9223372036854775807, 0, 9223372036742560807
1, 7482, 0, 9223372036854775807, 0, 9223372036742545807
1, 7483, 0, 9223372036854775807, 0, 9223372036742530807
1, 7484, 0, 9223372036854775807, 0, 9223372036742515807
1, 7485, 0, 9223372036854775807, 0, 9223372036742500807
1, 7486, 0, 9223372036854775807, 0, 9223372036742485807
1, 7487, 0, 9223372036854775807, 0, 9223372036742470807
1, 7488, 0, 9223372036854775807, 0, 9223372036742455807
1, 7489, 0, 9223372036854775807, 0, 9223372036742440807
1, 749, 0, 9223372036854775807, 0, 9223372036843540807
1, 7490, 0, 9223372036854775807, 0, 9223372036742425807
1, 7491, 0, 9223372036854775807, 0, 9223372036742410807
1, 7492, 0, 9223372036854775807, 0, 9223372036742395807
1, 7493, 0, 9223372036854775807, 0, 9223372036742380807
1, 7494, 0, 9223372036854775807, 0, 9223372036742365807
1, 7495, 0, 9223372036854775807, 0, 9223372036742350807
1, 7496, 0, 9223372036854775807, 0, 9223372036742335807
1, 7497, 0, 9223372036854775807, 0, 9223372036742320807
1, 7498, 0, 9223372036854775807, 0, 9223372036742305807
1, 7499, 0, 9223372036854775807, 0, 9223372036742290807
1, 75, 0, 9223372036854775807, 0, 9223372036853650807
1, 750, 0, 9223372036854775807, 0, 9223372036843525807
1, 7500, 0, 9223372036854775807, 0, 9223372036742275807
1, 7501, 0, 9223372036854775807, 0, 9223372036742260807
1, 7502, 0, 9223372036854775807, 0, 9223372036742245807
1, 7503, 0, 9223372036854775807, 0, 9223372036742230807
1, 7504, 0, 9223372036854775807, 0, 9223372036742215807
1, 7505, 0, 9223372036854775807, 0, 9223372036742200807
1, 7506, 0, 9223372036854775807, 0, 9223372036742185807
1, 7507, 0, 9223372036854775807, 0, 9223372036742170807
1, 7508, 0, 9223372036854775807, 0, 9223372036742155807
1, 7509, 0, 9223372036854775807, 0, 9223372036742140807
1, 751, 0, 9223372036854775807, 0, 9223372036843510807
1, 7510, 0, 9223372036854775807, 0, 9223372036742125807
1, 7511, 0, 9223372036854775807, 0, 9223372036742110807
1, 7512, 0, 9223372036854775807, 0, 9223372036742095807
1, 7513, 0, 9223372036854775807, 0, 9223372036742080807
1, 7514, 0, 9223372036854775807, 0, 9223372036742065807
1, 7515, 0, 9223372036854775807, 0, 9223372036742050807
1, 7516, 0, 9223372036854775807, 0, 9223372036742035807
1, 7517, 0, 9223372036854775807, 0, 9223372036742020807
1, 7518, 0, 9223372036854775807, 0, 9223372036742005807
1, 7519, 0, 9223372036854775807, 0, 9223372036741990807
1, 752, 0, 9223372036854775807, 0, 9223372036843495807
1, 7520, 0, 9223372036854775807, 0, 9223372036741975807
1, 7521, 0, 9223372036854775807, 0, 9223372036741960807
1, 7522, 0, 9223372036854775807, 0, 9223372036741945807
1, 7523, 0, 9223372036854775807, 0, 9223372036741930807
1, 7524, 0, 9223372036854775807, 0, 9223372036741915807
1, 7525, 0, 9223372036854775807, 0, 9223372036741900807
1, 7526, 0, 9223372036854775807, 0, 9223372036741885807
1, 7527, 0, 9223372036854775807, 0, 9223372036741870807
1, 7528, 0, 9223372036854775807, 0, 9223372036741855807
1, 7529, 0, 9223372036854775807, 0, 9223372036741840807
1, 753, 0, 9223372036854775807, 0, 9223372036843480807
1, 7530, 0, 9223372036854775807, 0, 9223372036741825807
1, 7531, 0, 9223372036854775807, 0, 9223372036741810807
1, 7532, 0, 9223372036854775807, 0, 9223372036741795807
1, 7533, 0, 9223372036854775807, 0, 9223372036741780807
1, 7534, 0, 9223372036854775807, 0, 9223372036741765807
1, 7535, 0, 9223372036854775807, 0, 9223372036741750807
1, 7536, 0, 9223372036854775807, 0, 9223372036741735807
1, 7537, 0, 9223372036854775807, 0, 9223372036741720807
1, 7538, 0, 9223372036854775807, 0, 9223372036741705807
1, 7539, 0, 9223372036854775807, 0, 9223372036741690807
1, 754, 0, 9223372036854775807, 0, 9223372036843465807
1, 7540, 0, 9223372036854775807, 0, 9223372036741675807
1, 7541, 0, 9223372036854775807, 0, 9223372036741660807
1, 7542, 0, 9223372036854775807, 0, 9223372036741645807
1, 7543, 0, 9223372036854775807, 0, 9223372036741630807
1, 7544, 0, 9223372036854775807, 0, 9223372036741615807
1, 7545, 0, 9223372036854775807, 0, 9223372036741600807
1, 7546, 0, 9223372036854775807, 0, 9223372036741585807
1, 7547, 0, 9223372036854775807, 0, 9223372036741570807
1, 7548, 0, 9223372036854775807, 0, 9223372036741555807
1, 7549, 0, 9223372036854775807, 0, 9223372036741540807
1, 755, 0, 9223372036854775807, 0, 9223372036843450807
1, 7550, 0, 9223372036854775807, 0, 9223372036741525807
1, 7551, 0, 9223372036854775807, 0, 9223372036741510807
1, 7552, 0, 9223372036854775807, 0, 9223372036741495807
1, 7553, 0, 9223372036854775807, 0, 9223372036741480807
1, 7554, 0, 9223372036854775807, 0, 9223372036741465807
1, 7555, 0, 9223372036854775807, 0, 9223372036741450807
1, 7556, 0, 9223372036854775807, 0, 9223372036741435807
1, 7557, 0, 9223372036854775807, 0, 9223372036741420807
1, 7558, 0, 9223372036854775807, 0, 9223372036741405807
1, 7559, 0, 9223372036854775807, 0, 9223372036741390807
1, 756, 0, 9223372036854775807, 0, 9223372036843435807
1, 7560, 0, 9223372036854775807, 0, 9223372036741375807
1, 7561, 0, 9223372036854775807, 0, 9223372036741360807
1, 7562, 0, 9223372036854775807, 0, 9223372036741345807
1, 7563, 0, 9223372036854775807, 0, 9223372036741330807
1, 7564, 0, 9223372036854775807, 0, 9223372036741315807
1, 7565, 0, 9223372036854775807, 0, 9223372036741300807
1, 7566, 0, 9223372036854775807, 0, 9223372036741285807
1, 7567, 0, 9223372036854775807, 0, 9223372036741270807
1, 7568, 0, 9223372036854775807, 0, 9223372036741255807
1, 7569, 0, 9223372036854775807, 0, 9223372036741240807
1, 757, 0, 9223372036854775807, 0, 9223372036843420807
1, 7570, 0, 9223372036854775807, 0, 9223372036741225807
1, 7571, 0, 9223372036854775807, 0, 9223372036741210807
1, 7572, 0, 9223372036854775807, 0, 9223372036741195807
1, 7573, 0, 9223372036854775807, 0, 9223372036741180807
1, 7574, 0, 9223372036854775807, 0, 9223372036741165807
1, 7575, 0, 9223372036854775807, 0, 9223372036741150807
1, 7576, 0, 9223372036854775807, 0, 9223372036741135807
1, 7577, 0, 9223372036854775807, 0, 9223372036741120807
1, 7578, 0, 9223372036854775807, 0, 9223372036741105807
1, 7579, 0, 9223372036854775807, 0, 9223372036741090807
1, 758, 0, 9223372036854775807, 0, 9223372036843405807
1, 7580, 0, 9223372036854775807, 0, 9223372036741075807
1, 7581, 0, 9223372036854775807, 0, 9223372036741060807
1, 7582, 0, 9223372036854775807, 0, 9223372036741045807
1, 7583, 0, 9223372036854775807, 0, 9223372036741030807
1, 7584, 0, 9223372036854775807, 0, 9223372036741015807
1, 7585, 0, 9223372036854775807, 0, 9223372036741000807
1, 7586, 0, 9223372036854775807, 0, 9223372036740985807
1, 7587, 0, 9223372036854775807, 0, 9223372036740970807
1, 7588, 0, 9223372036854775807, 0, 9223372036740955807
1, 7589, 0, 9223372036854775807, 0, 9223372036740940807
1, 759, 0, 9223372036854775807, 0, 9223372036843390807
1, 7590, 0, 9223372036854775807, 0, 9223372036740925807
1, 7591, 0, 9223372036854775807, 0, 9223372036740910807
1, 7592, 0, 9223372036854775807, 0, 9223372036740895807
1, 7593, 0, 9223372036854775807, 0, 9223372036740880807
1, 7594, 0, 9223372036854775807, 0, 9223372036740865807
1, 7595, 0, 9223372036854775807, 0, 9223372036740850807
1, 7596, 0, 9223372036854775807, 0, 9223372036740835807
1, 7597, 0, 9223372036854775807, 0, 9223372036740820807
1, 7598, 0, 9223372036854775807, 0, 9223372036740805807
1, 7599, 0, 9223372036854775807, 0, 9223372036740790807
1, 76, 0, 9223372036854775807, 0, 9223372036853635807
1, 760, 0, 9223372036854775807, 0, 9223372036843375807
1, 7600, 0, 9223372036854775807, 0, 9223372036740775807
1, 7601, 0, 9223372036854775807, 0, 9223372036740760807
1, 7602, 0, 9223372036854775807, 0, 9223372036740745807
1, 7603, 0, 9223372036854775807, 0, 9223372036740730807
1, 7604, 0, 9223372036854775807, 0, 9223372036740715807
1, 7605, 0, 9223372036854775807, 0, 9223372036740700807
1, 7606, 0, 9223372036854775807, 0, 9223372036740685807
1, 7607, 0, 9223372036854775807, 0, 9223372036740670807
1, 7608, 0, 9223372036854775807, 0, 9223372036740655807
1, 7609, 0, 9223372036854775807, 0, 9223372036740640807
1, 761, 0, 9223372036854775807, 0, 9223372036843360807
1, 7610, 0, 9223372036854775807, 0, 9223372036740625807
1, 7611, 0, 9223372036854775807, 0, 9223372036740610807
1, 7612, 0, 9223372036854775807, 0, 9223372036740595807
1, 7613, 0, 9223372036854775807, 0, 9223372036740580807
1, 7614, 0, 9223372036854775807, 0, 9223372036740565807
1, 7615, 0, 9223372036854775807, 0, 9223372036740550807
1, 7616, 0, 9223372036854775807, 0, 9223372036740535807
1, 7617, 0, 9223372036854775807, 0, 9223372036740520807
1, 7618, 0, 9223372036854775807, 0, 9223372036740505807
1, 7619, 0, 9223372036854775807, 0, 9223372036740490807
1, 762, 0, 9223372036854775807, 0, 9223372036843345807
1, 7620, 0, 9223372036854775807, 0, 9223372036740475807
1, 7621, 0, 9223372036854775807, 0, 9223372036740460807
1, 7622, 0, 9223372036854775807, 0, 9223372036740445807
1, 7623, 0, 9223372036854775807, 0, 9223372036740430807
1, 7624, 0, 9223372036854775807, 0, 9223372036740415807
1, 7625, 0, 9223372036854775807, 0, 9223372036740400807
1, 7626, 0, 9223372036854775807, 0, 9223372036740385807
1, 7627, 0, 9223372036854775807, 0, 9223372036740370807
1, 7628, 0, 9223372036854775807, 0, 9223372036740355807
1, 7629, 0, 9223372036854775807, 0, 9223372036740340807
1, 763, 0, 9223372036854775807, 0, 9223372036843330807
1, 7630, 0, 9223372036854775807, 0, 9223372036740325807
1, 7631, 0, 9223372036854775807, 0, 9223372036740310807
1, 7632, 0, 9223372036854775807, 0, 9223372036740295807
1, 7633, 0, 9223372036854775807, 0, 9223372036740280807
1, 7634, 0, 9223372036854775807, 0, 9223372036740265807
1, 7635, 0, 9223372036854775807, 0, 9223372036740250807
1, 7636, 0, 9223372036854775807, 0, 9223372036740235807
1, 7637, 0, 9223372036854775807, 0, 9223372036740220807
1, 7638, 0, 9223372036854775807, 0, 9223372036740205807
1, 7639, 0, 9223372036854775807, 0, 9223372036740190807
1, 764, 0, 9223372036854775807, 0, 9223372036843315807
1, 7640, 0, 9223372036854775807, 0, 9223372036740175807
1, 7641, 0, 9223372036854775807, 0, 9223372036740160807
1, 7642, 0, 9223372036854775807, 0, 9223372036740145807
1, 7643, 0, 9223372036854775807, 0, 9223372036740130807
1, 7644, 0, 9223372036854775807, 0, 9223372036740115807
1, 7645, 0, 9223372036854775807, 0, 9223372036740100807
1, 7646, 0, 9223372036854775807, 0, 9223372036740085807
1, 7647, 0, 9223372036854775807, 0, 9223372036740070807
1, 7648, 0, 9223372036854775807, 0, 9223372036740055807
1, 7649, 0, 9223372036854775807, 0, 9223372036740040807
1, 765, 0, 9223372036854775807, 0, 9223372036843300807
1, 7650, 0, 9223372036854775807, 0, 9223372036740025807
1, 7651, 0, 9223372036854775807, 0, 9223372036740010807
1, 7652, 0, 9223372036854775807, 0, 9223372036739995807
1, 7653, 0, 9223372036854775807, 0, 9223372036739980807
1, 7654, 0, 9223372036854775807, 0, 9223372036739965807
1, 7655, 0, 9223372036854775807, 0, 9223372036739950807
1, 7656, 0, 9223372036854775807, 0, 9223372036739935807
1, 7657, 0, 9223372036854775807, 0, 9223372036739920807
1, 7658, 0, 9223372036854775807, 0, 9223372036739905807
1, 7659, 0, 9223372036854775807, 0, 9223372036739890807
1, 766, 0, 9223372036854775807, 0, 9223372036843285807
1, 7660, 0, 9223372036854775807, 0, 9223372036739875807
1, 7661, 0, 9223372036854775807, 0, 9223372036739860807
1, 7662, 0, 9223372036854775807, 0, 9223372036739845807
1, 7663, 0, 9223372036854775807, 0, 9223372036739830807
1, 7664, 0, 9223372036854775807, 0, 9223372036739815807
1, 7665, 0, 9223372036854775807, 0, 9223372036739800807
1, 7666, 0, 9223372036854775807, 0, 9223372036739785807
1, 7667, 0, 9223372036854775807, 0, 9223372036739770807
1, 7668, 0, 9223372036854775807, 0, 9223372036739755807
1, 7669, 0, 9223372036854775807, 0, 9223372036739740807
1, 767, 0, 9223372036854775807, 0, 9223372036843270807
1, 7670, 0, 9223372036854775807, 0, 9223372036739725807
1, 7671, 0, 9223372036854775807, 0, 9223372036739710807
1, 7672, 0, 9223372036854775807, 0, 9223372036739695807
1, 7673, 0, 9223372036854775807, 0, 9223372036739680807
1, 7674, 0, 9223372036854775807, 0, 9223372036739665807
1, 7675, 0, 9223372036854775807, 0, 9223372036739650807
1, 7676, 0, 9223372036854775807, 0, 9223372036739635807
1, 7677, 0, 9223372036854775807, 0, 9223372036739620807
1, 7678, 0, 9223372036854775807, 0, 9223372036739605807
1, 7679, 0, 9223372036854775807, 0, 9223372036739590807
1, 768, 0, 9223372036854775807, 0, 9223372036843255807
1, 7680, 0, 9223372036854775807, 0, 9223372036739575807
1, 7681, 0, 9223372036854775807, 0, 9223372036739560807
1, 7682, 0, 9223372036854775807, 0, 9223372036739545807
1, 7683, 0, 9223372036854775807, 0, 9223372036739530807
1, 7684, 0, 9223372036854775807, 0, 9223372036739515807
1, 7685, 0, 9223372036854775807, 0, 9223372036739500807
1, 7686, 0, 9223372036854775807, 0, 9223372036739485807
1, 7687, 0, 9223372036854775807, 0, 9223372036739470807
1, 7688, 0, 9223372036854775807, 0, 9223372036739455807
1, 7689, 0, 9223372036854775807, 0, 9223372036739440807
1, 769, 0, 9223372036854775807, 0, 9223372036843240807
1, 7690, 0, 9223372036854775807, 0, 9223372036739425807
1, 7691, 0, 9223372036854775807, 0, 9223372036739410807
1, 7692, 0, 9223372036854775807, 0, 9223372036739395807
1, 7693, 0, 9223372036854775807, 0, 9223372036739380807
1, 7694, 0, 9223372036854775807, 0, 9223372036739365807
1, 7695, 0, 9223372036854775807, 0, 9223372036739350807
1, 7696, 0, 9223372036854775807, 0, 9223372036739335807
1, 7697, 0, 9223372036854775807, 0, 9223372036739320807
1, 7698, 0, 9223372036854775807, 0, 9223372036739305807
1, 7699, 0, 9223372036854775807, 0, 9223372036739290807
1, 77, 0, 9223372036854775807, 0, 9223372036853620807
1, 770, 0, 9223372036854775807, 0, 9223372036843225807
1, 7700, 0, 9223372036854775807, 0, 9223372036739275807
1, 7701, 0, 9223372036854775807, 0, 9223372036739260807
1, 7702, 0, 9223372036854775807, 0, 9223372036739245807
1, 7703, 0, 9223372036854775807, 0, 9223372036739230807
1, 7704, 0, 9223372036854775807, 0, 9223372036739215807
1, 7705, 0, 9223372036854775807, 0, 9223372036739200807
1, 7706, 0, 9223372036854775807, 0, 9223372036739185807
1, 7707, 0, 9223372036854775807, 0, 9223372036739170807
1, 7708, 0, 9223372036854775807, 0, 9223372036739155807
1, 7709, 0, 9223372036854775807, 0, 9223372036739140807
1, 771, 0, 9223372036854775807, 0, 9223372036843210807
1, 7710, 0, 9223372036854775807, 0, 9223372036739125807
1, 7711, 0, 9223372036854775807, 0, 9223372036739110807
1, 7712, 0, 9223372036854775807, 0, 9223372036739095807
1, 7713, 0, 9223372036854775807, 0, 9223372036739080807
1, 7714, 0, 9223372036854775807, 0, 9223372036739065807
1, 7715, 0, 9223372036854775807, 0, 9223372036739050807
1, 7716, 0, 9223372036854775807, 0, 9223372036739035807
1, 7717, 0, 9223372036854775807, 0, 9223372036739020807
1, 7718, 0, 9223372036854775807, 0, 9223372036739005807
1, 7719, 0, 9223372036854775807, 0, 9223372036738990807
1, 772, 0, 9223372036854775807, 0, 9223372036843195807
1, 7720, 0, 9223372036854775807, 0, 9223372036738975807
1, 7721, 0, 9223372036854775807, 0, 9223372036738960807
1, 7722, 0, 9223372036854775807, 0, 9223372036738945807
1, 7723, 0, 9223372036854775807, 0, 9223372036738930807
1, 7724, 0, 9223372036854775807, 0, 9223372036738915807
1, 7725, 0, 9223372036854775807, 0, 9223372036738900807
1, 7726, 0, 9223372036854775807, 0, 9223372036738885807
1, 7727, 0, 9223372036854775807, 0, 9223372036738870807
1, 7728, 0, 9223372036854775807, 0, 9223372036738855807
1, 7729, 0, 9223372036854775807, 0, 9223372036738840807
1, 773, 0, 9223372036854775807, 0, 9223372036843180807
1, 7730, 0, 9223372036854775807, 0, 9223372036738825807
1, 7731, 0, 9223372036854775807, 0, 9223372036738810807
1, 7732, 0, 9223372036854775807, 0, 9223372036738795807
1, 7733, 0, 9223372036854775807, 0, 9223372036738780807
1, 7734, 0, 9223372036854775807, 0, 9223372036738765807
1, 7735, 0, 9223372036854775807, 0, 9223372036738750807
1, 7736, 0, 9223372036854775807, 0, 9223372036738735807
1, 7737, 0, 9223372036854775807, 0, 9223372036738720807
1, 7738, 0, 9223372036854775807, 0, 9223372036738705807
1, 7739, 0, 9223372036854775807, 0, 9223372036738690807
1, 774, 0, 9223372036854775807, 0, 9223372036843165807
1, 7740, 0, 9223372036854775807, 0, 9223372036738675807
1, 7741, 0, 9223372036854775807, 0, 9223372036738660807
1, 7742, 0, 9223372036854775807, 0, 9223372036738645807
1, 7743, 0, 9223372036854775807, 0, 9223372036738630807
1, 7744, 0, 9223372036854775807, 0, 9223372036738615807
1, 7745, 0, 9223372036854775807, 0, 9223372036738600807
1, 7746, 0, 9223372036854775807, 0, 9223372036738585807
1, 7747, 0, 9223372036854775807, 0, 9223372036738570807
1, 7748, 0, 9223372036854775807, 0, 9223372036738555807
1, 7749, 0, 9223372036854775807, 0, 9223372036738540807
1, 775, 0, 9223372036854775807, 0, 9223372036843150807
1, 7750, 0, 9223372036854775807, 0, 9223372036738525807
1, 7751, 0, 9223372036854775807, 0, 9223372036738510807
1, 7752, 0, 9223372036854775807, 0, 9223372036738495807
1, 7753, 0, 9223372036854775807, 0, 9223372036738480807
1, 7754, 0, 9223372036854775807, 0, 9223372036738465807
1, 7755, 0, 9223372036854775807, 0, 9223372036738450807
1, 7756, 0, 9223372036854775807, 0, 9223372036738435807
1, 7757, 0, 9223372036854775807, 0, 9223372036738420807
1, 7758, 0, 9223372036854775807, 0, 9223372036738405807
1, 7759, 0, 9223372036854775807, 0, 9223372036738390807
1, 776, 0, 9223372036854775807, 0, 9223372036843135807
1, 7760, 0, 9223372036854775807, 0, 9223372036738375807
1, 7761, 0, 9223372036854775807, 0, 9223372036738360807
1, 7762, 0, 9223372036854775807, 0, 9223372036738345807
1, 7763, 0, 9223372036854775807, 0, 9223372036738330807
1, 7764, 0, 9223372036854775807, 0, 9223372036738315807
1, 7765, 0, 9223372036854775807, 0, 9223372036738300807
1, 7766, 0, 9223372036854775807, 0, 9223372036738285807
1, 7767, 0, 9223372036854775807, 0, 9223372036738270807
1, 7768, 0, 9223372036854775807, 0, 9223372036738255807
1, 7769, 0, 9223372036854775807, 0, 9223372036738240807
1, 777, 0, 9223372036854775807, 0, 9223372036843120807
1, 7770, 0, 9223372036854775807, 0, 9223372036738225807
1, 7771, 0, 9223372036854775807, 0, 9223372036738210807
1, 7772, 0, 9223372036854775807, 0, 9223372036738195807
1, 7773, 0, 9223372036854775807, 0, 9223372036738180807
1, 7774, 0, 9223372036854775807, 0, 9223372036738165807
1, 7775, 0, 9223372036854775807, 0, 9223372036738150807
1, 7776, 0, 9223372036854775807, 0, 9223372036738135807
1, 7777, 0, 9223372036854775807, 0, 9223372036738120807
1, 7778, 0, 9223372036854775807, 0, 9223372036738105807
1, 7779, 0, 9223372036854775807, 0, 9223372036738090807
1, 778, 0, 9223372036854775807, 0, 9223372036843105807
1, 7780, 0, 9223372036854775807, 0, 9223372036738075807
1, 7781, 0, 9223372036854775807, 0, 9223372036738060807
1, 7782, 0, 9223372036854775807, 0, 9223372036738045807
1, 7783, 0, 9223372036854775807, 0, 9223372036738030807
1, 7784, 0, 9223372036854775807, 0, 9223372036738015807
1, 7785, 0, 9223372036854775807, 0, 9223372036738000807
1, 7786, 0, 9223372036854775807, 0, 9223372036737985807
1, 7787, 0, 9223372036854775807, 0, 9223372036737970807
1, 7788, 0, 9223372036854775807, 0, 9223372036737955807
1, 7789, 0, 9223372036854775807, 0, 9223372036737940807
1, 779, 0, 9223372036854775807, 0, 9223372036843090807
1, 7790, 0, 9223372036854775807, 0, 9223372036737925807
1, 7791, 0, 9223372036854775807, 0, 9223372036737910807
1, 7792, 0, 9223372036854775807, 0, 9223372036737895807
1, 7793, 0, 9223372036854775807, 0, 9223372036737880807
1, 7794, 0, 9223372036854775807, 0, 9223372036737865807
1, 7795, 0, 9223372036854775807, 0, 9223372036737850807
1, 7796, 0, 9223372036854775807, 0, 9223372036737835807
1, 7797, 0, 9223372036854775807, 0, 9223372036737820807
1, 7798, 0, 9223372036854775807, 0, 9223372036737805807
1, 7799, 0, 9223372036854775807, 0, 9223372036737790807
1, 78, 0, 9223372036854775807, 0, 9223372036853605807
1, 780, 0, 9223372036854775807, 0, 9223372036843075807
1, 7800, 0, 9223372036854775807, 0, 9223372036737775807
1, 7801, 0, 9223372036854775807, 0, 9223372036737760807
1, 7802, 0, 9223372036854775807, 0, 9223372036737745807
1, 7803, 0, 9223372036854775807, 0, 9223372036737730807
1, 7804, 0, 9223372036854775807, 0, 9223372036737715807
1, 7805, 0, 9223372036854775807, 0, 9223372036737700807
1, 7806, 0, 9223372036854775807, 0, 9223372036737685807
1, 7807, 0, 9223372036854775807, 0, 9223372036737670807
1, 7808, 0, 9223372036854775807, 0, 9223372036737655807
1, 7809, 0, 9223372036854775807, 0, 9223372036737640807
1, 781, 0, 9223372036854775807, 0, 9223372036843060807
1, 7810, 0, 9223372036854775807, 0, 9223372036737625807
1, 7811, 0, 9223372036854775807, 0, 9223372036737610807
1, 7812, 0, 9223372036854775807, 0, 9223372036737595807
1, 7813, 0, 9223372036854775807, 0, 9223372036737580807
1, 7814, 0, 9223372036854775807, 0, 9223372036737565807
1, 7815, 0, 9223372036854775807, 0, 9223372036737550807
1, 7816, 0, 9223372036854775807, 0, 9223372036737535807
1, 7817, 0, 9223372036854775807, 0, 9223372036737520807
1, 7818, 0, 9223372036854775807, 0, 9223372036737505807
1, 7819, 0, 9223372036854775807, 0, 9223372036737490807
1, 782, 0, 9223372036854775807, 0, 9223372036843045807
1, 7820, 0, 9223372036854775807, 0, 9223372036737475807
1, 7821, 0, 9223372036854775807, 0, 9223372036737460807
1, 7822, 0, 9223372036854775807, 0, 9223372036737445807
1, 7823, 0, 9223372036854775807, 0, 9223372036737430807
1, 7824, 0, 9223372036854775807, 0, 9223372036737415807
1, 7825, 0, 9223372036854775807, 0, 9223372036737400807
1, 7826, 0, 9223372036854775807, 0, 9223372036737385807
1, 7827, 0, 9223372036854775807, 0, 9223372036737370807
1, 7828, 0, 9223372036854775807, 0, 9223372036737355807
1, 7829, 0, 9223372036854775807, 0, 9223372036737340807
1, 783, 0, 9223372036854775807, 0, 9223372036843030807
1, 7830, 0, 9223372036854775807, 0, 9223372036737325807
1, 7831, 0, 9223372036854775807, 0, 9223372036737310807
1, 7832, 0, 9223372036854775807, 0, 9223372036737295807
1, 7833, 0, 9223372036854775807, 0, 9223372036737280807
1, 7834, 0, 9223372036854775807, 0, 9223372036737265807
1, 7835, 0, 9223372036854775807, 0, 9223372036737250807
1, 7836, 0, 9223372036854775807, 0, 9223372036737235807
1, 7837, 0, 9223372036854775807, 0, 9223372036737220807
1, 7838, 0, 9223372036854775807, 0, 9223372036737205807
1, 7839, 0, 9223372036854775807, 0, 9223372036737190807
1, 784, 0, 9223372036854775807, 0, 9223372036843015807
1, 7840, 0, 9223372036854775807, 0, 9223372036737175807
1, 7841, 0, 9223372036854775807, 0, 9223372036737160807
1, 7842, 0, 9223372036854775807, 0, 9223372036737145807
1, 7843, 0, 9223372036854775807, 0, 9223372036737130807
1, 7844, 0, 9223372036854775807, 0, 9223372036737115807
1, 7845, 0, 9223372036854775807, 0, 9223372036737100807
1, 7846, 0, 9223372036854775807, 0, 9223372036737085807
1, 7847, 0, 9223372036854775807, 0, 9223372036737070807
1, 7848, 0, 9223372036854775807, 0, 9223372036737055807
1, 7849, 0, 9223372036854775807, 0, 9223372036737040807
1, 785, 0, 9223372036854775807, 0, 9223372036843000807
1, 7850, 0, 9223372036854775807, 0, 9223372036737025807
1, 7851, 0, 9223372036854775807, 0, 9223372036737010807
1, 7852, 0, 9223372036854775807, 0, 9223372036736995807
1, 7853, 0, 9223372036854775807, 0, 9223372036736980807
1, 786, 0, 9223372036854775807, 0, 9223372036842985807
1, 787, 0, 9223372036854775807, 0, 9223372036842970807
1, 788, 0, 9223372036854775807, 0, 9223372036842955807
1, 789, 0, 9223372036854775807, 0, 9223372036842940807
1, 79, 0, 9223372036854775807, 0, 9223372036853590807
1, 790, 0, 9223372036854775807, 0, 9223372036842925807
1, 791, 0, 9223372036854775807, 0, 9223372036842910807
1, 792, 0, 9223372036854775807, 0, 9223372036842895807
1, 793, 0, 9223372036854775807, 0, 9223372036842880807
1, 794, 0, 9223372036854775807, 0, 9223372036842865807
1, 795, 0, 9223372036854775807, 0, 9223372036842850807
1, 796, 0, 9223372036854775807, 0, 9223372036842835807
1, 797, 0, 9223372036854775807, 0, 9223372036842820807
1, 798, 0, 9223372036854775807, 0, 9223372036842805807
1, 799, 0, 9223372036854775807, 0, 9223372036842790807
1, 8, 0, 9223372036854775807, 0, 9223372036854655807
1, 80, 0, 9223372036854775807, 0, 9223372036853575807
1, 800, 0, 9223372036854775807, 0, 9223372036842775807
1, 801, 0, 9223372036854775807, 0, 9223372036842760807
1, 802, 0, 9223372036854775807, 0, 9223372036842745807
1, 803, 0, 9223372036854775807, 0, 9223372036842730807
1, 804, 0, 9223372036854775807, 0, 9223372036842715807
1, 805, 0, 9223372036854775807, 0, 9223372036842700807
1, 806, 0, 9223372036854775807, 0, 9223372036842685807
1, 807, 0, 9223372036854775807, 0, 9223372036842670807
1, 808, 0, 9223372036854775807, 0, 9223372036842655807
1, 809, 0, 9223372036854775807, 0, 9223372036842640807
1, 81, 0, 9223372036854775807, 0, 9223372036853560807
1, 810, 0, 9223372036854775807, 0, 9223372036842625807
1, 811, 0, 9223372036854775807, 0, 9223372036842610807
1, 812, 0, 9223372036854775807, 0, 9223372036842595807
1, 813, 0, 9223372036854775807, 0, 9223372036842580807
1, 814, 0, 9223372036854775807, 0, 9223372036842565807
1, 815, 0, 9223372036854775807, 0, 9223372036842550807
1, 816, 0, 9223372036854775807, 0, 9223372036842535807
1, 817, 0, 9223372036854775807, 0, 9223372036842520807
1, 818, 0, 9223372036854775807, 0, 9223372036842505807
1, 819, 0, 9223372036854775807, 0, 9223372036842490807
1, 82, 0, 9223372036854775807, 0, 9223372036853545807
1, 820, 0, 9223372036854775807, 0, 9223372036842475807
1, 821, 0, 9223372036854775807, 0, 9223372036842460807
1, 822, 0, 9223372036854775807, 0, 9223372036842445807
1, 823, 0, 9223372036854775807, 0, 9223372036842430807
1, 824, 0, 9223372036854775807, 0, 9223372036842415807
1, 825, 0, 9223372036854775807, 0, 9223372036842400807
1, 826, 0, 9223372036854775807, 0, 9223372036842385807
1, 827, 0, 9223372036854775807, 0, 9223372036842370807
1, 828, 0, 9223372036854775807, 0, 9223372036842355807
1, 829, 0, 9223372036854775807, 0, 9223372036842340807
1, 83, 0, 9223372036854775807, 0, 9223372036853530807
1, 830, 0, 9223372036854775807, 0, 9223372036842325807
1, 831, 0, 9223372036854775807, 0, 9223372036842310807
1, 832, 0, 9223372036854775807, 0, 9223372036842295807
1, 833, 0, 9223372036854775807, 0, 9223372036842280807
1, 834, 0, 9223372036854775807, 0, 9223372036842265807
1, 835, 0, 9223372036854775807, 0, 9223372036842250807
1, 836, 0, 9223372036854775807, 0, 9223372036842235807
1, 837, 0, 9223372036854775807, 0, 9223372036842220807
1, 838, 0, 9223372036854775807, 0, 9223372036842205807
1, 839, 0, 9223372036854775807, 0, 9223372036842190807
1, 84, 0, 9223372036854775807, 0, 9223372036853515807
1, 840, 0, 9223372036854775807, 0, 9223372036842175807
1, 841, 0, 9223372036854775807, 0, 9223372036842160807
1, 842, 0, 9223372036854775807, 0, 9223372036842145807
1, 843, 0, 9223372036854775807, 0, 9223372036842130807
1, 844, 0, 9223372036854775807, 0, 9223372036842115807
1, 845, 0, 9223372036854775807, 0, 9223372036842100807
1, 846, 0, 9223372036854775807, 0, 9223372036842085807
1, 847, 0, 9223372036854775807, 0, 9223372036842070807
1, 848, 0, 9223372036854775807, 0, 9223372036842055807
1, 849, 0, 9223372036854775807, 0, 9223372036842040807
1, 85, 0, 9223372036854775807, 0, 9223372036853500807
1, 850, 0, 9223372036854775807, 0, 9223372036842025807
1, 851, 0, 9223372036854775807, 0, 9223372036842010807
1, 852, 0, 9223372036854775807, 0, 9223372036841995807
1, 853, 0, 9223372036854775807, 0, 9223372036841980807
1, 854, 0, 9223372036854775807, 0, 9223372036841965807
1, 855, 0, 9223372036854775807, 0, 9223372036841950807
1, 856, 0, 9223372036854775807, 0, 9223372036841935807
1, 857, 0, 9223372036854775807, 0, 9223372036841920807
1, 858, 0, 9223372036854775807, 0, 9223372036841905807
1, 859, 0, 9223372036854775807, 0, 9223372036841890807
1, 86, 0, 9223372036854775807, 0, 9223372036853485807
1, 860, 0, 9223372036854775807, 0, 9223372036841875807
1, 861, 0, 9223372036854775807, 0, 9223372036841860807
1, 862, 0, 9223372036854775807, 0, 9223372036841845807
1, 863, 0, 9223372036854775807, 0, 9223372036841830807
1, 864, 0, 9223372036854775807, 0, 9223372036841815807
1, 865, 0, 9223372036854775807, 0, 9223372036841800807
1, 866, 0, 9223372036854775807, 0, 9223372036841785807
1, 867, 0, 9223372036854775807, 0, 9223372036841770807
1, 868, 0, 9223372036854775807, 0, 9223372036841755807
1, 869, 0, 9223372036854775807, 0, 9223372036841740807
1, 87, 0, 9223372036854775807, 0, 9223372036853470807
1, 870, 0, 9223372036854775807, 0, 9223372036841725807
1, 871, 0, 9223372036854775807, 0, 9223372036841710807
1, 872, 0, 9223372036854775807, 0, 9223372036841695807
1, 873, 0, 9223372036854775807, 0, 9223372036841680807
1, 874, 0, 9223372036854775807, 0, 9223372036841665807
1, 875, 0, 9223372036854775807, 0, 9223372036841650807
1, 876, 0, 9223372036854775807, 0, 9223372036841635807
1, 877, 0, 9223372036854775807, 0, 9223372036841620807
1, 878, 0, 9223372036854775807, 0, 9223372036841605807
1, 879, 0, 9223372036854775807, 0, 9223372036841590807
1, 88, 0, 9223372036854775807, 0, 9223372036853455807
1, 880, 0, 9223372036854775807, 0, 9223372036841575807
1, 881, 0, 9223372036854775807, 0, 9223372036841560807
1, 882, 0, 9223372036854775807, 0, 9223372036841545807
1, 883, 0, 9223372036854775807, 0, 9223372036841530807
1, 884, 0, 9223372036854775807, 0, 9223372036841515807
1, 885, 0, 9223372036854775807, 0, 9223372036841500807
1, 886, 0, 9223372036854775807, 0, 9223372036841485807
1, 887, 0, 9223372036854775807, 0, 9223372036841470807
1, 888, 0, 9223372036854775807, 0, 9223372036841455807
1, 889, 0, 9223372036854775807, 0, 9223372036841440807
1, 89, 0, 9223372036854775807, 0, 9223372036853440807
1, 890, 0, 9223372036854775807, 0, 9223372036841425807
1, 891, 0, 9223372036854775807, 0, 9223372036841410807
1, 892, 0, 9223372036854775807, 0, 9223372036841395807
1, 893, 0, 9223372036854775807, 0, 9223372036841380807
1, 894, 0, 9223372036854775807, 0, 9223372036841365807
1, 895, 0, 9223372036854775807, 0, 9223372036841350807
1, 896, 0, 9223372036854775807, 0, 9223372036841335807
1, 897, 0, 9223372036854775807, 0, 9223372036841320807
1, 898, 0, 9223372036854775807, 0, 9223372036841305807
1, 899, 0, 9223372036854775807, 0, 9223372036841290807
1, 9, 0, 9223372036854775807, 0, 9223372036854640807
1, 90, 0, 9223372036854775807, 0, 9223372036853425807
1, 900, 0, 9223372036854775807, 0, 9223372036841275807
1, 901, 0, 9223372036854775807, 0, 9223372036841260807
1, 902, 0, 9223372036854775807, 0, 9223372036841245807
1, 903, 0, 9223372036854775807, 0, 9223372036841230807
1, 904, 0, 9223372036854775807, 0, 9223372036841215807
1, 905, 0, 9223372036854775807, 0, 9223372036841200807
1, 906, 0, 9223372036854775807, 0, 9223372036841185807
1, 907, 0, 9223372036854775807, 0, 9223372036841170807
1, 908, 0, 9223372036854775807, 0, 9223372036841155807
1, 909, 0, 9223372036854775807, 0, 9223372036841140807
1, 91, 0, 9223372036854775807, 0, 9223372036853410807
1, 910, 0, 9223372036854775807, 0, 9223372036841125807
1, 911, 0, 9223372036854775807, 0, 9223372036841110807
1, 912, 0, 9223372036854775807, 0, 9223372036841095807
1, 913, 0, 9223372036854775807, 0, 9223372036841080807
1, 914, 0, 9223372036854775807, 0, 9223372036841065807
1, 915, 0, 9223372036854775807, 0, 9223372036841050807
1, 916, 0, 9223372036854775807, 0, 9223372036841035807
1, 917, 0, 9223372036854775807, 0, 9223372036841020807
1, 918, 0, 9223372036854775807, 0, 9223372036841005807
1, 919, 0, 9223372036854775807, 0, 9223372036840990807
1, 92, 0, 9223372036854775807, 0, 9223372036853395807
1, 920, 0, 9223372036854775807, 0, 9223372036840975807
1, 921, 0, 9223372036854775807, 0, 9223372036840960807
1, 922, 0, 9223372036854775807, 0, 9223372036840945807
1, 923, 0, 9223372036854775807, 0, 9223372036840930807
1, 924, 0, 9223372036854775807, 0, 9223372036840915807
1, 925, 0, 9223372036854775807, 0, 9223372036840900807
1, 926, 0, 9223372036854775807, 0, 9223372036840885807
1, 927, 0, 9223372036854775807, 0, 9223372036840870807
1, 928, 0, 9223372036854775807, 0, 9223372036840855807
1, 929, 0, 9223372036854775807, 0, 9223372036840840807
1, 93, 0, 9223372036854775807, 0, 9223372036853380807
1, 930, 0, 9223372036854775807, 0, 9223372036840825807
1, 931, 0, 9223372036854775807, 0, 9223372036840810807
1, 932, 0, 9223372036854775807, 0, 9223372036840795807
1, 933, 0, 9223372036854775807, 0, 9223372036840780807
1, 934, 0, 9223372036854775807, 0, 9223372036840765807
1, 935, 0, 9223372036854775807, 0, 9223372036840750807
1, 936, 0, 9223372036854775807, 0, 9223372036840735807
1, 937, 0, 9223372036854775807, 0, 9223372036840720807
1, 938, 0, 9223372036854775807, 0, 9223372036840705807
1, 939, 0, 9223372036854775807, 0, 9223372036840690807
1, 94, 0, 9223372036854775807, 0, 9223372036853365807
1, 940, 0, 9223372036854775807, 0, 9223372036840675807
1, 941, 0, 9223372036854775807, 0, 9223372036840660807
1, 942, 0, 9223372036854775807, 0, 9223372036840645807
1, 943, 0, 9223372036854775807, 0, 9223372036840630807
1, 944, 0, 9223372036854775807, 0, 9223372036840615807
1, 945, 0, 9223372036854775807, 0, 9223372036840600807
1, 946, 0, 9223372036854775807, 0, 9223372036840585807
1, 947, 0, 9223372036854775807, 0, 9223372036840570807
1, 948, 0, 9223372036854775807, 0, 9223372036840555807
1, 949, 0, 9223372036854775807, 0, 9223372036840540807
1, 95, 0, 9223372036854775807, 0, 9223372036853350807
1, 950, 0, 9223372036854775807, 0, 9223372036840525807
1, 951, 0, 9223372036854775807, 0, 9223372036840510807
1, 952, 0, 9223372036854775807, 0, 9223372036840495807
1, 953, 0, 9223372036854775807, 0, 9223372036840480807
1, 954, 0, 9223372036854775807, 0, 9223372036840465807
1, 955, 0, 9223372036854775807, 0, 9223372036840450807
1, 956, 0, 9223372036854775807, 0, 9223372036840435807
1, 957, 0, 9223372036854775807, 0, 9223372036840420807
1, 958, 0, 9223372036854775807, 0, 9223372036840405807
1, 959, 0, 9223372036854775807, 0, 9223372036840390807
1, 96, 0, 9223372036854775807, 0, 9223372036853335807
1, 960, 0, 9223372036854775807, 0, 9223372036840375807
1, 961, 0, 9223372036854775807, 0, 9223372036840360807
1, 962, 0, 9223372036854775807, 0, 9223372036840345807
1, 963, 0, 9223372036854775807, 0, 9223372036840330807
1, 964, 0, 9223372036854775807, 0, 9223372036840315807
1, 965, 0, 9223372036854775807, 0, 9223372036840300807
1, 966, 0, 9223372036854775807, 0, 9223372036840285807
1, 967, 0, 9223372036854775807, 0, 9223372036840270807
1, 968, 0, 9223372036854775807, 0, 9223372036840255807
1, 969, 0, 9223372036854775807, 0, 9223372036840240807
1, 97, 0, 9223372036854775807, 0, 9223372036853320807
1, 970, 0, 9223372036854775807, 0, 9223372036840225807
1, 971, 0, 9223372036854775807, 0, 9223372036840210807
1, 972, 0, 9223372036854775807, 0, 9223372036840195807
1, 973, 0, 9223372036854775807, 0, 9223372036840180807
1, 974, 0, 9223372036854775807, 0, 9223372036840165807
1, 975, 0, 9223372036854775807, 0, 9223372036840150807
1, 976, 0, 9223372036854775807, 0, 9223372036840135807
1, 977, 0, 9223372036854775807, 0, 9223372036840120807
1, 978, 0, 9223372036854775807, 0, 9223372036840105807
1, 979, 0, 9223372036854775807, 0, 9223372036840090807
1, 98, 0, 9223372036854775807, 0, 9223372036853305807
1, 980, 0, 9223372036854775807, 0, 9223372036840075807
1, 981, 0, 9223372036854775807, 0, 9223372036840060807
1, 982, 0, 9223372036854775807, 0, 9223372036840045807
1, 983, 0, 9223372036854775807, 0, 9223372036840030807
1, 984, 0, 9223372036854775807, 0, 9223372036840015807
1, 985, 0, 9223372036854775807, 0, 9223372036840000807
1, 986, 0, 9223372036854775807, 0, 9223372036839985807
1, 987, 0, 9223372036854775807, 0, 9223372036839970807
1, 988, 0, 9223372036854775807, 0, 9223372036839955807
1, 989, 0, 9223372036854775807, 0, 9223372036839940807
1, 99, 0, 9223372036854775807, 0, 9223372036853290807
1, 990, 0, 9223372036854775807, 0, 9223372036839925807
1, 991, 0, 9223372036854775807, 0, 9223372036839910807
1, 992, 0, 9223372036854775807, 0, 9223372036839895807
1, 993, 0, 9223372036854775807, 0, 9223372036839880807
1, 994, 0, 9223372036854775807, 0, 9223372036839865807
1, 995, 0, 9223372036854775807, 0, 9223372036839850807
1, 996, 0, 9223372036854775807, 0, 9223372036839835807
1, 997, 0, 9223372036854775807, 0, 9223372036839820807
1, 998, 0, 9223372036854775807, 0, 9223372036839805807
1, 999, 0, 9223372036854775807, 0, 9223372036839790807
2, 0, 258, 7450, 258, 7450
2, 1, 15258, 27416, 258, 12416
2, 10, 0, 9223372036854775807, 0, 9223372036854625807
2, 100, 0, 9223372036854775807, 0, 9223372036853275807
2, 1000, 0, 9223372036854775807, 0, 9223372036839775807
2, 1001, 0, 9223372036854775807, 0, 9223372036839760807
2, 1002, 0, 9223372036854775807, 0, 9223372036839745807
2, 1003, 0, 9223372036854775807, 0, 9223372036839730807
2, 1004, 0, 9223372036854775807, 0, 9223372036839715807
2, 1005, 0, 9223372036854775807, 0, 9223372036839700807
2, 1006, 0, 9223372036854775807, 0, 9223372036839685807
2, 1007, 0, 9223372036854775807, 0, 9223372036839670807
2, 1008, 0, 9223372036854775807, 0, 9223372036839655807
2, 1009, 0, 9223372036854775807, 0, 9223372036839640807
2, 101, 0, 9223372036854775807, 0, 9223372036853260807
2, 1010, 0, 9223372036854775807, 0, 9223372036839625807
2, 1011, 0, 9223372036854775807, 0, 9223372036839610807
2, 1012, 0, 9223372036854775807, 0, 9223372036839595807
2, 1013, 0, 9223372036854775807, 0, 9223372036839580807
2, 1014, 0, 9223372036854775807, 0, 9223372036839565807
2, 1015, 0, 9223372036854775807, 0, 9223372036839550807
2, 1016, 0, 9223372036854775807, 0, 9223372036839535807
2, 1017, 0, 9223372036854775807, 0, 9223372036839520807
2, 1018, 0, 9223372036854775807, 0, 9223372036839505807
2, 1019, 0, 9223372036854775807, 0, 9223372036839490807
2, 102, 0, 9223372036854775807, 0, 9223372036853245807
2, 1020, 0, 9223372036854775807, 0, 9223372036839475807
2, 1021, 0, 9223372036854775807, 0, 9223372036839460807
2, 1022, 0, 9223372036854775807, 0, 9223372036839445807
2, 1023, 0, 9223372036854775807, 0, 9223372036839430807
2, 1024, 0, 9223372036854775807, 0, 9223372036839415807
2, 1025, 0, 9223372036854775807, 0, 9223372036839400807
2, 1026, 0, 9223372036854775807, 0, 9223372036839385807
2, 1027, 0, 9223372036854775807, 0, 9223372036839370807
2, 1028, 0, 9223372036854775807, 0, 9223372036839355807
2, 1029, 0, 9223372036854775807, 0, 9223372036839340807
2, 103, 0, 9223372036854775807, 0, 9223372036853230807
2, 1030, 0, 9223372036854775807, 0, 9223372036839325807
2, 1031, 0, 9223372036854775807, 0, 9223372036839310807
2, 1032, 0, 9223372036854775807, 0, 9223372036839295807
2, 1033, 0, 9223372036854775807, 0, 9223372036839280807
2, 1034, 0, 9223372036854775807, 0, 9223372036839265807
2, 1035, 0, 9223372036854775807, 0, 9223372036839250807
2, 1036, 0, 9223372036854775807, 0, 9223372036839235807
2, 1037, 0, 9223372036854775807, 0, 9223372036839220807
2, 1038, 0, 9223372036854775807, 0, 9223372036839205807
2, 1039, 0, 9223372036854775807, 0, 9223372036839190807
2, 104, 0, 9223372036854775807, 0, 9223372036853215807
2, 1040, 0, 9223372036854775807, 0, 9223372036839175807
2, 1041, 0, 9223372036854775807, 0, 9223372036839160807
2, 1042, 0, 9223372036854775807, 0, 9223372036839145807
2, 1043, 0, 9223372036854775807, 0, 9223372036839130807
2, 1044, 0, 9223372036854775807, 0, 9223372036839115807
2, 1045, 0, 9223372036854775807, 0, 9223372036839100807
2, 1046, 0, 9223372036854775807, 0, 9223372036839085807
2, 1047, 0, 9223372036854775807, 0, 9223372036839070807
2, 1048, 0, 9223372036854775807, 0, 9223372036839055807
2, 1049, 0, 9223372036854775807, 0, 9223372036839040807
2, 105, 0, 9223372036854775807, 0, 9223372036853200807
2, 1050, 0, 9223372036854775807, 0, 9223372036839025807
2, 1051, 0, 9223372036854775807, 0, 9223372036839010807
2, 1052, 0, 9223372036854775807, 0, 9223372036838995807
2, 1053, 0, 9223372036854775807, 0, 9223372036838980807
2, 1054, 0, 9223372036854775807, 0, 9223372036838965807
2, 1055, 0, 9223372036854775807, 0, 9223372036838950807
2, 1056, 0, 9223372036854775807, 0, 9223372036838935807
2, 1057, 0, 9223372036854775807, 0, 9223372036838920807
2, 1058, 0, 9223372036854775807, 0, 9223372036838905807
2, 1059, 0, 9223372036854775807, 0, 9223372036838890807
2, 106, 0, 9223372036854775807, 0, 9223372036853185807
2, 1060, 0, 9223372036854775807, 0, 9223372036838875807
2, 1061, 0, 9223372036854775807, 0, 9223372036838860807
2, 1062, 0, 9223372036854775807, 0, 9223372036838845807
2, 1063, 0, 9223372036854775807, 0, 9223372036838830807
2, 1064, 0, 9223372036854775807, 0, 9223372036838815807
2, 1065, 0, 9223372036854775807, 0, 9223372036838800807
2, 1066, 0, 9223372036854775807, 0, 9223372036838785807
2, 1067, 0, 9223372036854775807, 0, 9223372036838770807
2, 1068, 0, 9223372036854775807, 0, 9223372036838755807
2, 1069, 0, 9223372036854775807, 0, 9223372036838740807
2, 107, 0, 9223372036854775807, 0, 9223372036853170807
2, 1070, 0, 9223372036854775807, 0, 9223372036838725807
2, 1071, 0, 9223372036854775807, 0, 9223372036838710807
2, 1072, 0, 9223372036854775807, 0, 9223372036838695807
2, 1073, 0, 9223372036854775807, 0, 9223372036838680807
2, 1074, 0, 9223372036854775807, 0, 9223372036838665807
2, 1075, 0, 9223372036854775807, 0, 9223372036838650807
2, 1076, 0, 9223372036854775807, 0, 9223372036838635807
2, 1077, 0, 9223372036854775807, 0, 9223372036838620807
2, 1078, 0, 9223372036854775807, 0, 9223372036838605807
2, 1079, 0, 9223372036854775807, 0, 9223372036838590807
2, 108, 0, 9223372036854775807, 0, 9223372036853155807
2, 1080, 0, 9223372036854775807, 0, 9223372036838575807
2, 1081, 0, 9223372036854775807, 0, 9223372036838560807
2, 1082, 0, 9223372036854775807, 0, 9223372036838545807
2, 1083, 0, 9223372036854775807, 0, 9223372036838530807
2, 1084, 0, 9223372036854775807, 0, 9223372036838515807
2, 1085, 0, 9223372036854775807, 0, 9223372036838500807
2, 1086, 0, 9223372036854775807, 0, 9223372036838485807
2, 1087, 0, 9223372036854775807, 0, 9223372036838470807
2, 1088, 0, 9223372036854775807, 0, 9223372036838455807
2, 1089, 0, 9223372036854775807, 0, 9223372036838440807
2, 109, 0, 9223372036854775807, 0, 9223372036853140807
2, 1090, 0, 9223372036854775807, 0, 9223372036838425807
2, 1091, 0, 9223372036854775807, 0, 9223372036838410807
2, 1092, 0, 9223372036854775807, 0, 9223372036838395807
2, 1093, 0, 9223372036854775807, 0, 9223372036838380807
2, 1094, 0, 9223372036854775807, 0, 9223372036838365807
2, 1095, 0, 9223372036854775807, 0, 9223372036838350807
2, 1096, 0, 9223372036854775807, 0, 9223372036838335807
2, 1097, 0, 9223372036854775807, 0, 9223372036838320807
2, 1098, 0, 9223372036854775807, 0, 9223372036838305807
2, 1099, 0, 9223372036854775807, 0, 9223372036838290807
2, 11, 0, 9223372036854775807, 0, 9223372036854610807
2, 110, 0, 9223372036854775807, 0, 9223372036853125807
2, 1100, 0, 9223372036854775807, 0, 9223372036838275807
2, 1101, 0, 9223372036854775807, 0, 9223372036838260807
2, 1102, 0, 9223372036854775807, 0, 9223372036838245807
2, 1103, 0, 9223372036854775807, 0, 9223372036838230807
2, 1104, 0, 9223372036854775807, 0, 9223372036838215807
2, 1105, 0, 9223372036854775807, 0, 9223372036838200807
2, 1106, 0, 9223372036854775807, 0, 9223372036838185807
2, 1107, 0, 9223372036854775807, 0, 9223372036838170807
2, 1108, 0, 9223372036854775807, 0, 9223372036838155807
2, 1109, 0, 9223372036854775807, 0, 9223372036838140807
2, 111, 0, 9223372036854775807, 0, 9223372036853110807
2, 1110, 0, 9223372036854775807, 0, 9223372036838125807
2, 1111, 0, 9223372036854775807, 0, 9223372036838110807
2, 1112, 0, 9223372036854775807, 0, 9223372036838095807
2, 1113, 0, 9223372036854775807, 0, 9223372036838080807
2, 1114, 0, 9223372036854775807, 0, 9223372036838065807
2, 1115, 0, 9223372036854775807, 0, 9223372036838050807
2, 1116, 0, 9223372036854775807, 0, 9223372036838035807
2, 1117, 0, 9223372036854775807, 0, 9223372036838020807
2, 1118, 0, 9223372036854775807, 0, 9223372036838005807
2, 1119, 0, 9223372036854775807, 0, 9223372036837990807
2, 112, 0, 9223372036854775807, 0, 9223372036853095807
2, 1120, 0, 9223372036854775807, 0, 9223372036837975807
2, 1121, 0, 9223372036854775807, 0, 9223372036837960807
2, 1122, 0, 9223372036854775807, 0, 9223372036837945807
2, 1123, 0, 9223372036854775807, 0, 9223372036837930807
2, 1124, 0, 9223372036854775807, 0, 9223372036837915807
2, 1125, 0, 9223372036854775807, 0, 9223372036837900807
2, 1126, 0, 9223372036854775807, 0, 9223372036837885807
2, 1127, 0, 9223372036854775807, 0, 9223372036837870807
2, 1128, 0, 9223372036854775807, 0, 9223372036837855807
2, 1129, 0, 9223372036854775807, 0, 9223372036837840807
2, 113, 0, 9223372036854775807, 0, 9223372036853080807
2, 1130, 0, 9223372036854775807, 0, 9223372036837825807
2, 1131, 0, 9223372036854775807, 0, 9223372036837810807
2, 1132, 0, 9223372036854775807, 0, 9223372036837795807
2, 1133, 0, 9223372036854775807, 0, 9223372036837780807
2, 1134, 0, 9223372036854775807, 0, 9223372036837765807
2, 1135, 0, 9223372036854775807, 0, 9223372036837750807
2, 1136, 0, 9223372036854775807, 0, 9223372036837735807
2, 1137, 0, 9223372036854775807, 0, 9223372036837720807
2, 1138, 0, 9223372036854775807, 0, 9223372036837705807
2, 1139, 0, 9223372036854775807, 0, 9223372036837690807
2, 114, 0, 9223372036854775807, 0, 9223372036853065807
2, 1140, 0, 9223372036854775807, 0, 9223372036837675807
2, 1141, 0, 9223372036854775807, 0, 9223372036837660807
2, 1142, 0, 9223372036854775807, 0, 9223372036837645807
2, 1143, 0, 9223372036854775807, 0, 9223372036837630807
2, 1144, 0, 9223372036854775807, 0, 9223372036837615807
2, 1145, 0, 9223372036854775807, 0, 9223372036837600807
2, 1146, 0, 9223372036854775807, 0, 9223372036837585807
2, 1147, 0, 9223372036854775807, 0, 9223372036837570807
2, 1148, 0, 9223372036854775807, 0, 9223372036837555807
2, 1149, 0, 9223372036854775807, 0, 9223372036837540807
2, 115, 0, 9223372036854775807, 0, 9223372036853050807
2, 1150, 0, 9223372036854775807, 0, 9223372036837525807
2, 1151, 0, 9223372036854775807, 0, 9223372036837510807
2, 1152, 0, 9223372036854775807, 0, 9223372036837495807
2, 1153, 0, 9223372036854775807, 0, 9223372036837480807
2, 1154, 0, 9223372036854775807, 0, 9223372036837465807
2, 1155, 0, 9223372036854775807, 0, 9223372036837450807
2, 1156, 0, 9223372036854775807, 0, 9223372036837435807
2, 1157, 0, 9223372036854775807, 0, 9223372036837420807
2, 1158, 0, 9223372036854775807, 0, 9223372036837405807
2, 1159, 0, 9223372036854775807, 0, 9223372036837390807
2, 116, 0, 9223372036854775807, 0, 9223372036853035807
2, 1160, 0, 9223372036854775807, 0, 9223372036837375807
2, 1161, 0, 9223372036854775807, 0, 9223372036837360807
2, 1162, 0, 9223372036854775807, 0, 9223372036837345807
2, 1163, 0, 9223372036854775807, 0, 9223372036837330807
2, 1164, 0, 9223372036854775807, 0, 9223372036837315807
2, 1165, 0, 9223372036854775807, 0, 9223372036837300807
2, 1166, 0, 9223372036854775807, 0, 9223372036837285807
2, 1167, 0, 9223372036854775807, 0, 9223372036837270807
2, 1168, 0, 9223372036854775807, 0, 9223372036837255807
2, 1169, 0, 9223372036854775807, 0, 9223372036837240807
2, 117, 0, 9223372036854775807, 0, 9223372036853020807
2, 1170, 0, 9223372036854775807, 0, 9223372036837225807
2, 1171, 0, 9223372036854775807, 0, 9223372036837210807
2, 1172, 0, 9223372036854775807, 0, 9223372036837195807
2, 1173, 0, 9223372036854775807, 0, 9223372036837180807
2, 1174, 0, 9223372036854775807, 0, 9223372036837165807
2, 1175, 0, 9223372036854775807, 0, 9223372036837150807
2, 1176, 0, 9223372036854775807, 0, 9223372036837135807
2, 1177, 0, 9223372036854775807, 0, 9223372036837120807
2, 1178, 0, 9223372036854775807, 0, 9223372036837105807
2, 1179, 0, 9223372036854775807, 0, 9223372036837090807
2, 118, 0, 9223372036854775807, 0, 9223372036853005807
2, 1180, 0, 9223372036854775807, 0, 9223372036837075807
2, 1181, 0, 9223372036854775807, 0, 9223372036837060807
2, 1182, 0, 9223372036854775807, 0, 9223372036837045807
2, 1183, 0, 9223372036854775807, 0, 9223372036837030807
2, 1184, 0, 9223372036854775807, 0, 9223372036837015807
2, 1185, 0, 9223372036854775807, 0, 9223372036837000807
2, 1186, 0, 9223372036854775807, 0, 9223372036836985807
2, 1187, 0, 9223372036854775807, 0, 9223372036836970807
2, 1188, 0, 9223372036854775807, 0, 9223372036836955807
2, 1189, 0, 9223372036854775807, 0, 9223372036836940807
2, 119, 0, 9223372036854775807, 0, 9223372036852990807
2, 1190, 0, 9223372036854775807, 0, 9223372036836925807
2, 1191, 0, 9223372036854775807, 0, 9223372036836910807
2, 1192, 0, 9223372036854775807, 0, 9223372036836895807
2, 1193, 0, 9223372036854775807, 0, 9223372036836880807
2, 1194, 0, 9223372036854775807, 0, 9223372036836865807
2, 1195, 0, 9223372036854775807, 0, 9223372036836850807
2, 1196, 0, 9223372036854775807, 0, 9223372036836835807
2, 1197, 0, 9223372036854775807, 0, 9223372036836820807
2, 1198, 0, 9223372036854775807, 0, 9223372036836805807
2, 1199, 0, 9223372036854775807, 0, 9223372036836790807
2, 12, 0, 9223372036854775807, 0, 9223372036854595807
2, 120, 0, 9223372036854775807, 0, 9223372036852975807
2, 1200, 0, 9223372036854775807, 0, 9223372036836775807
2, 1201, 0, 9223372036854775807, 0, 9223372036836760807
2, 1202, 0, 9223372036854775807, 0, 9223372036836745807
2, 1203, 0, 9223372036854775807, 0, 9223372036836730807
2, 1204, 0, 9223372036854775807, 0, 9223372036836715807
2, 1205, 0, 9223372036854775807, 0, 9223372036836700807
2, 1206, 0, 9223372036854775807, 0, 9223372036836685807
2, 1207, 0, 9223372036854775807, 0, 9223372036836670807
2, 1208, 0, 9223372036854775807, 0, 9223372036836655807
2, 1209, 0, 9223372036854775807, 0, 9223372036836640807
2, 121, 0, 9223372036854775807, 0, 9223372036852960807
2, 1210, 0, 9223372036854775807, 0, 9223372036836625807
2, 1211, 0, 9223372036854775807, 0, 9223372036836610807
2, 1212, 0, 9223372036854775807, 0, 9223372036836595807
2, 1213, 0, 9223372036854775807, 0, 9223372036836580807
2, 1214, 0, 9223372036854775807, 0, 9223372036836565807
2, 1215, 0, 9223372036854775807, 0, 9223372036836550807
2, 1216, 0, 9223372036854775807, 0, 9223372036836535807
2, 1217, 0, 9223372036854775807, 0, 9223372036836520807
2, 1218, 0, 9223372036854775807, 0, 9223372036836505807
2, 1219, 0, 9223372036854775807, 0, 9223372036836490807
2, 122, 0, 9223372036854775807, 0, 9223372036852945807
2, 1220, 0, 9223372036854775807, 0, 9223372036836475807
2, 1221, 0, 9223372036854775807, 0, 9223372036836460807
2, 1222, 0, 9223372036854775807, 0, 9223372036836445807
2, 1223, 0, 9223372036854775807, 0, 9223372036836430807
2, 1224, 0, 9223372036854775807, 0, 9223372036836415807
2, 1225, 0, 9223372036854775807, 0, 9223372036836400807
2, 1226, 0, 9223372036854775807, 0, 9223372036836385807
2, 1227, 0, 9223372036854775807, 0, 9223372036836370807
2, 1228, 0, 9223372036854775807, 0, 9223372036836355807
2, 1229, 0, 9223372036854775807, 0, 9223372036836340807
2, 123, 0, 9223372036854775807, 0, 9223372036852930807
2, 1230, 0, 9223372036854775807, 0, 9223372036836325807
2, 1231, 0, 9223372036854775807, 0, 9223372036836310807
2, 1232, 0, 9223372036854775807, 0, 9223372036836295807
2, 1233, 0, 9223372036854775807, 0, 9223372036836280807
2, 1234, 0, 9223372036854775807, 0, 9223372036836265807
2, 1235, 0, 9223372036854775807, 0, 9223372036836250807
2, 1236, 0, 9223372036854775807, 0, 9223372036836235807
2, 1237, 0, 9223372036854775807, 0, 9223372036836220807
2, 1238, 0, 9223372036854775807, 0, 9223372036836205807
2, 1239, 0, 9223372036854775807, 0, 9223372036836190807
2, 124, 0, 9223372036854775807, 0, 9223372036852915807
2, 1240, 0, 9223372036854775807, 0, 9223372036836175807
2, 1241, 0, 9223372036854775807, 0, 9223372036836160807
2, 1242, 0, 9223372036854775807, 0, 9223372036836145807
2, 1243, 0, 9223372036854775807, 0, 9223372036836130807
2, 1244, 0, 9223372036854775807, 0, 9223372036836115807
2, 1245, 0, 9223372036854775807, 0, 9223372036836100807
2, 1246, 0, 9223372036854775807, 0, 9223372036836085807
2, 1247, 0, 9223372036854775807, 0, 9223372036836070807
2, 1248, 0, 9223372036854775807, 0, 9223372036836055807
2, 1249, 0, 9223372036854775807, 0, 9223372036836040807
2, 125, 0, 9223372036854775807, 0, 9223372036852900807
2, 1250, 0, 9223372036854775807, 0, 9223372036836025807
2, 1251, 0, 9223372036854775807, 0, 9223372036836010807
2, 1252, 0, 9223372036854775807, 0, 9223372036835995807
2, 1253, 0, 9223372036854775807, 0, 9223372036835980807
2, 1254, 0, 9223372036854775807, 0, 9223372036835965807
2, 1255, 0, 9223372036854775807, 0, 9223372036835950807
2, 1256, 0, 9223372036854775807, 0, 9223372036835935807
2, 1257, 0, 9223372036854775807, 0, 9223372036835920807
2, 1258, 0, 9223372036854775807, 0, 9223372036835905807
2, 1259, 0, 9223372036854775807, 0, 9223372036835890807
2, 126, 0, 9223372036854775807, 0, 9223372036852885807
2, 1260, 0, 9223372036854775807, 0, 9223372036835875807
2, 1261, 0, 9223372036854775807, 0, 9223372036835860807
2, 1262, 0, 9223372036854775807, 0, 9223372036835845807
2, 1263, 0, 9223372036854775807, 0, 9223372036835830807
2, 1264, 0, 9223372036854775807, 0, 9223372036835815807
2, 1265, 0, 9223372036854775807, 0, 9223372036835800807
2, 1266, 0, 9223372036854775807, 0, 9223372036835785807
2, 1267, 0, 9223372036854775807, 0, 9223372036835770807
2, 1268, 0, 9223372036854775807, 0, 9223372036835755807
2, 1269, 0, 9223372036854775807, 0, 9223372036835740807
2, 127, 0, 9223372036854775807, 0, 9223372036852870807
2, 1270, 0, 9223372036854775807, 0, 9223372036835725807
2, 1271, 0, 9223372036854775807, 0, 9223372036835710807
2, 1272, 0, 9223372036854775807, 0, 9223372036835695807
2, 1273, 0, 9223372036854775807, 0, 9223372036835680807
2, 1274, 0, 9223372036854775807, 0, 9223372036835665807
2, 1275, 0, 9223372036854775807, 0, 9223372036835650807
2, 1276, 0, 9223372036854775807, 0, 9223372036835635807
2, 1277, 0, 9223372036854775807, 0, 9223372036835620807
2, 1278, 0, 9223372036854775807, 0, 9223372036835605807
2, 1279, 0, 9223372036854775807, 0, 9223372036835590807
2, 128, 0, 9223372036854775807, 0, 9223372036852855807
2, 1280, 0, 9223372036854775807, 0, 9223372036835575807
2, 1281, 0, 9223372036854775807, 0, 9223372036835560807
2, 1282, 0, 9223372036854775807, 0, 9223372036835545807
2, 1283, 0, 9223372036854775807, 0, 9223372036835530807
2, 1284, 0, 9223372036854775807, 0, 9223372036835515807
2, 1285, 0, 9223372036854775807, 0, 9223372036835500807
2, 1286, 0, 9223372036854775807, 0, 9223372036835485807
2, 1287, 0, 9223372036854775807, 0, 9223372036835470807
2, 1288, 0, 9223372036854775807, 0, 9223372036835455807
2, 1289, 0, 9223372036854775807, 0, 9223372036835440807
2, 129, 0, 9223372036854775807, 0, 9223372036852840807
2, 1290, 0, 9223372036854775807, 0, 9223372036835425807
2, 1291, 0, 9223372036854775807, 0, 9223372036835410807
2, 1292, 0, 9223372036854775807, 0, 9223372036835395807
2, 1293, 0, 9223372036854775807, 0, 9223372036835380807
2, 1294, 0, 9223372036854775807, 0, 9223372036835365807
2, 1295, 0, 9223372036854775807, 0, 9223372036835350807
2, 1296, 0, 9223372036854775807, 0, 9223372036835335807
2, 1297, 0, 9223372036854775807, 0, 9223372036835320807
2, 1298, 0, 9223372036854775807, 0, 9223372036835305807
2, 1299, 0, 9223372036854775807, 0, 9223372036835290807
2, 13, 0, 9223372036854775807, 0, 9223372036854580807
2, 130, 0, 9223372036854775807, 0, 9223372036852825807
2, 1300, 0, 9223372036854775807, 0, 9223372036835275807
2, 1301, 0, 9223372036854775807, 0, 9223372036835260807
2, 1302, 0, 9223372036854775807, 0, 9223372036835245807
2, 1303, 0, 9223372036854775807, 0, 9223372036835230807
2, 1304, 0, 9223372036854775807, 0, 9223372036835215807
2, 1305, 0, 9223372036854775807, 0, 9223372036835200807
2, 1306, 0, 9223372036854775807, 0, 9223372036835185807
2, 1307, 0, 9223372036854775807, 0, 9223372036835170807
2, 1308, 0, 9223372036854775807, 0, 9223372036835155807
2, 1309, 0, 9223372036854775807, 0, 9223372036835140807
2, 131, 0, 9223372036854775807, 0, 9223372036852810807
2, 1310, 0, 9223372036854775807, 0, 9223372036835125807
2, 1311, 0, 9223372036854775807, 0, 9223372036835110807
2, 1312, 0, 9223372036854775807, 0, 9223372036835095807
2, 1313, 0, 9223372036854775807, 0, 9223372036835080807
2, 1314, 0, 9223372036854775807, 0, 9223372036835065807
2, 1315, 0, 9223372036854775807, 0, 9223372036835050807
2, 1316, 0, 9223372036854775807, 0, 9223372036835035807
2, 1317, 0, 9223372036854775807, 0, 9223372036835020807
2, 1318, 0, 9223372036854775807, 0, 9223372036835005807
2, 1319, 0, 9223372036854775807, 0, 9223372036834990807
2, 132, 0, 9223372036854775807, 0, 9223372036852795807
2, 1320, 0, 9223372036854775807, 0, 9223372036834975807
2, 1321, 0, 9223372036854775807, 0, 9223372036834960807
2, 1322, 0, 9223372036854775807, 0, 9223372036834945807
2, 1323, 0, 9223372036854775807, 0, 9223372036834930807
2, 1324, 0, 9223372036854775807, 0, 9223372036834915807
2, 1325, 0, 9223372036854775807, 0, 9223372036834900807
2, 1326, 0, 9223372036854775807, 0, 9223372036834885807
2, 1327, 0, 9223372036854775807, 0, 9223372036834870807
2, 1328, 0, 9223372036854775807, 0, 9223372036834855807
2, 1329, 0, 9223372036854775807, 0, 9223372036834840807
2, 133, 0, 9223372036854775807, 0, 9223372036852780807
2, 1330, 0, 9223372036854775807, 0, 9223372036834825807
2, 1331, 0, 9223372036854775807, 0, 9223372036834810807
2, 1332, 0, 9223372036854775807, 0, 9223372036834795807
2, 1333, 0, 9223372036854775807, 0, 9223372036834780807
2, 1334, 0, 9223372036854775807, 0, 9223372036834765807
2, 1335, 0, 9223372036854775807, 0, 9223372036834750807
2, 1336, 0, 9223372036854775807, 0, 9223372036834735807
2, 1337, 0, 9223372036854775807, 0, 9223372036834720807
2, 1338, 0, 9223372036854775807, 0, 9223372036834705807
2, 1339, 0, 9223372036854775807, 0, 9223372036834690807
2, 134, 0, 9223372036854775807, 0, 9223372036852765807
2, 1340, 0, 9223372036854775807, 0, 9223372036834675807
2, 1341, 0, 9223372036854775807, 0, 9223372036834660807
2, 1342, 0, 9223372036854775807, 0, 9223372036834645807
2, 1343, 0, 9223372036854775807, 0, 9223372036834630807
2, 1344, 0, 9223372036854775807, 0, 9223372036834615807
2, 1345, 0, 9223372036854775807, 0, 9223372036834600807
2, 1346, 0, 9223372036854775807, 0, 9223372036834585807
2, 1347, 0, 9223372036854775807, 0, 9223372036834570807
2, 1348, 0, 9223372036854775807, 0, 9223372036834555807
2, 1349, 0, 9223372036854775807, 0, 9223372036834540807
2, 135, 0, 9223372036854775807, 0, 9223372036852750807
2, 1350, 0, 9223372036854775807, 0, 9223372036834525807
2, 1351, 0, 9223372036854775807, 0, 9223372036834510807
2, 1352, 0, 9223372036854775807, 0, 9223372036834495807
2, 1353, 0, 9223372036854775807, 0, 9223372036834480807
2, 1354, 0, 9223372036854775807, 0, 9223372036834465807
2, 1355, 0, 9223372036854775807, 0, 9223372036834450807
2, 1356, 0, 9223372036854775807, 0, 9223372036834435807
2, 1357, 0, 9223372036854775807, 0, 9223372036834420807
2, 1358, 0, 9223372036854775807, 0, 9223372036834405807
2, 1359, 0, 9223372036854775807, 0, 9223372036834390807
2, 136, 0, 9223372036854775807, 0, 9223372036852735807
2, 1360, 0, 9223372036854775807, 0, 9223372036834375807
2, 1361, 0, 9223372036854775807, 0, 9223372036834360807
2, 1362, 0, 9223372036854775807, 0, 9223372036834345807
2, 1363, 0, 9223372036854775807, 0, 9223372036834330807
2, 1364, 0, 9223372036854775807, 0, 9223372036834315807
2, 1365, 0, 9223372036854775807, 0, 9223372036834300807
2, 1366, 0, 9223372036854775807, 0, 9223372036834285807
2, 1367, 0, 9223372036854775807, 0, 9223372036834270807
2, 1368, 0, 9223372036854775807, 0, 9223372036834255807
2, 1369, 0, 9223372036854775807, 0, 9223372036834240807
2, 137, 0, 9223372036854775807, 0, 9223372036852720807
2, 1370, 0, 9223372036854775807, 0, 9223372036834225807
2, 1371, 0, 9223372036854775807, 0, 9223372036834210807
2, 1372, 0, 9223372036854775807, 0, 9223372036834195807
2, 1373, 0, 9223372036854775807, 0, 9223372036834180807
2, 1374, 0, 9223372036854775807, 0, 9223372036834165807
2, 1375, 0, 9223372036854775807, 0, 9223372036834150807
2, 1376, 0, 9223372036854775807, 0, 9223372036834135807
2, 1377, 0, 9223372036854775807, 0, 9223372036834120807
2, 1378, 0, 9223372036854775807, 0, 9223372036834105807
2, 1379, 0, 9223372036854775807, 0, 9223372036834090807
2, 138, 0, 9223372036854775807, 0, 9223372036852705807
2, 1380, 0, 9223372036854775807, 0, 9223372036834075807
2, 1381, 0, 9223372036854775807, 0, 9223372036834060807
2, 1382, 0, 9223372036854775807, 0, 9223372036834045807
2, 1383, 0, 9223372036854775807, 0, 9223372036834030807
2, 1384, 0, 9223372036854775807, 0, 9223372036834015807
2, 1385, 0, 9223372036854775807, 0, 9223372036834000807
2, 1386, 0, 9223372036854775807, 0, 9223372036833985807
2, 1387, 0, 9223372036854775807, 0, 9223372036833970807
2, 1388, 0, 9223372036854775807, 0, 9223372036833955807
2, 1389, 0, 9223372036854775807, 0, 9223372036833940807
2, 139, 0, 9223372036854775807, 0, 9223372036852690807
2, 1390, 0, 9223372036854775807, 0, 9223372036833925807
2, 1391, 0, 9223372036854775807, 0, 9223372036833910807
2, 1392, 0, 9223372036854775807, 0, 9223372036833895807
2, 1393, 0, 9223372036854775807, 0, 9223372036833880807
2, 1394, 0, 9223372036854775807, 0, 9223372036833865807
2, 1395, 0, 9223372036854775807, 0, 9223372036833850807
2, 1396, 0, 9223372036854775807, 0, 9223372036833835807
2, 1397, 0, 9223372036854775807, 0, 9223372036833820807
2, 1398, 0, 9223372036854775807, 0, 9223372036833805807
2, 1399, 0, 9223372036854775807, 0, 9223372036833790807
2, 14, 0, 9223372036854775807, 0, 9223372036854565807
2, 140, 0, 9223372036854775807, 0, 9223372036852675807
2, 1400, 0, 9223372036854775807, 0, 9223372036833775807
2, 1401, 0, 9223372036854775807, 0, 9223372036833760807
2, 1402, 0, 9223372036854775807, 0, 9223372036833745807
2, 1403, 0, 9223372036854775807, 0, 9223372036833730807
2, 1404, 0, 9223372036854775807, 0, 9223372036833715807
2, 1405, 0, 9223372036854775807, 0, 9223372036833700807
2, 1406, 0, 9223372036854775807, 0, 9223372036833685807
2, 1407, 0, 9223372036854775807, 0, 9223372036833670807
2, 1408, 0, 9223372036854775807, 0, 9223372036833655807
2, 1409, 0, 9223372036854775807, 0, 9223372036833640807
2, 141, 0, 9223372036854775807, 0, 9223372036852660807
2, 1410, 0, 9223372036854775807, 0, 9223372036833625807
2, 1411, 0, 9223372036854775807, 0, 9223372036833610807
2, 1412, 0, 9223372036854775807, 0, 9223372036833595807
2, 1413, 0, 9223372036854775807, 0, 9223372036833580807
2, 1414, 0, 9223372036854775807, 0, 9223372036833565807
2, 1415, 0, 9223372036854775807, 0, 9223372036833550807
2, 1416, 0, 9223372036854775807, 0, 9223372036833535807
2, 1417, 0, 9223372036854775807, 0, 9223372036833520807
2, 1418, 0, 9223372036854775807, 0, 9223372036833505807
2, 1419, 0, 9223372036854775807, 0, 9223372036833490807
2, 142, 0, 9223372036854775807, 0, 9223372036852645807
2, 1420, 0, 9223372036854775807, 0, 9223372036833475807
2, 1421, 0, 9223372036854775807, 0, 9223372036833460807
2, 1422, 0, 9223372036854775807, 0, 9223372036833445807
2, 1423, 0, 9223372036854775807, 0, 9223372036833430807
2, 1424, 0, 9223372036854775807, 0, 9223372036833415807
2, 1425, 0, 9223372036854775807, 0, 9223372036833400807
2, 1426, 0, 9223372036854775807, 0, 9223372036833385807
2, 1427, 0, 9223372036854775807, 0, 9223372036833370807
2, 1428, 0, 9223372036854775807, 0, 9223372036833355807
2, 1429, 0, 9223372036854775807, 0, 9223372036833340807
2, 143, 0, 9223372036854775807, 0, 9223372036852630807
2, 1430, 0, 9223372036854775807, 0, 9223372036833325807
2, 1431, 0, 9223372036854775807, 0, 9223372036833310807
2, 1432, 0, 9223372036854775807, 0, 9223372036833295807
2, 1433, 0, 9223372036854775807, 0, 9223372036833280807
2, 1434, 0, 9223372036854775807, 0, 9223372036833265807
2, 1435, 0, 9223372036854775807, 0, 9223372036833250807
2, 1436, 0, 9223372036854775807, 0, 9223372036833235807
2, 1437, 0, 9223372036854775807, 0, 9223372036833220807
2, 1438, 0, 9223372036854775807, 0, 9223372036833205807
2, 1439, 0, 9223372036854775807, 0, 9223372036833190807
2, 144, 0, 9223372036854775807, 0, 9223372036852615807
2, 1440, 0, 9223372036854775807, 0, 9223372036833175807
2, 1441, 0, 9223372036854775807, 0, 9223372036833160807
2, 1442, 0, 9223372036854775807, 0, 9223372036833145807
2, 1443, 0, 9223372036854775807, 0, 9223372036833130807
2, 1444, 0, 9223372036854775807, 0, 9223372036833115807
2, 1445, 0, 9223372036854775807, 0, 9223372036833100807
2, 1446, 0, 9223372036854775807, 0, 9223372036833085807
2, 1447, 0, 9223372036854775807, 0, 9223372036833070807
2, 1448, 0, 9223372036854775807, 0, 9223372036833055807
2, 1449, 0, 9223372036854775807, 0, 9223372036833040807
2, 145, 0, 9223372036854775807, 0, 9223372036852600807
2, 1450, 0, 9223372036854775807, 0, 9223372036833025807
2, 1451, 0, 9223372036854775807, 0, 9223372036833010807
2, 1452, 0, 9223372036854775807, 0, 9223372036832995807
2, 1453, 0, 9223372036854775807, 0, 9223372036832980807
2, 1454, 0, 9223372036854775807, 0, 9223372036832965807
2, 1455, 0, 9223372036854775807, 0, 9223372036832950807
2, 1456, 0, 9223372036854775807, 0, 9223372036832935807
2, 1457, 0, 9223372036854775807, 0, 9223372036832920807
2, 1458, 0, 9223372036854775807, 0, 9223372036832905807
2, 1459, 0, 9223372036854775807, 0, 9223372036832890807
2, 146, 0, 9223372036854775807, 0, 9223372036852585807
2, 1460, 0, 9223372036854775807, 0, 9223372036832875807
2, 1461, 0, 9223372036854775807, 0, 9223372036832860807
2, 1462, 0, 9223372036854775807, 0, 9223372036832845807
2, 1463, 0, 9223372036854775807, 0, 9223372036832830807
2, 1464, 0, 9223372036854775807, 0, 9223372036832815807
2, 1465, 0, 9223372036854775807, 0, 9223372036832800807
2, 1466, 0, 9223372036854775807, 0, 9223372036832785807
2, 1467, 0, 9223372036854775807, 0, 9223372036832770807
2, 1468, 0, 9223372036854775807, 0, 9223372036832755807
2, 1469, 0, 9223372036854775807, 0, 9223372036832740807
2, 147, 0, 9223372036854775807, 0, 9223372036852570807
2, 1470, 0, 9223372036854775807, 0, 9223372036832725807
2, 1471, 0, 9223372036854775807, 0, 9223372036832710807
2, 1472, 0, 9223372036854775807, 0, 9223372036832695807
2, 1473, 0, 9223372036854775807, 0, 9223372036832680807
2, 1474, 0, 9223372036854775807, 0, 9223372036832665807
2, 1475, 0, 9223372036854775807, 0, 9223372036832650807
2, 1476, 0, 9223372036854775807, 0, 9223372036832635807
2, 1477, 0, 9223372036854775807, 0, 9223372036832620807
2, 1478, 0, 9223372036854775807, 0, 9223372036832605807
2, 1479, 0, 9223372036854775807, 0, 9223372036832590807
2, 148, 0, 9223372036854775807, 0, 9223372036852555807
2, 1480, 0, 9223372036854775807, 0, 9223372036832575807
2, 1481, 0, 9223372036854775807, 0, 9223372036832560807
2, 1482, 0, 9223372036854775807, 0, 9223372036832545807
2, 1483, 0, 9223372036854775807, 0, 9223372036832530807
2, 1484, 0, 9223372036854775807, 0, 9223372036832515807
2, 1485, 0, 9223372036854775807, 0, 9223372036832500807
2, 1486, 0, 9223372036854775807, 0, 9223372036832485807
2, 1487, 0, 9223372036854775807, 0, 9223372036832470807
2, 1488, 0, 9223372036854775807, 0, 9223372036832455807
2, 1489, 0, 9223372036854775807, 0, 9223372036832440807
2, 149, 0, 9223372036854775807, 0, 9223372036852540807
2, 1490, 0, 9223372036854775807, 0, 9223372036832425807
2, 1491, 0, 9223372036854775807, 0, 9223372036832410807
2, 1492, 0, 9223372036854775807, 0, 9223372036832395807
2, 1493, 0, 9223372036854775807, 0, 9223372036832380807
2, 1494, 0, 9223372036854775807, 0, 9223372036832365807
2, 1495, 0, 9223372036854775807, 0, 9223372036832350807
2, 1496, 0, 9223372036854775807, 0, 9223372036832335807
2, 1497, 0, 9223372036854775807, 0, 9223372036832320807
2, 1498, 0, 9223372036854775807, 0, 9223372036832305807
2, 1499, 0, 9223372036854775807, 0, 9223372036832290807
2, 15, 0, 9223372036854775807, 0, 9223372036854550807
2, 150, 0, 9223372036854775807, 0, 9223372036852525807
2, 1500, 0, 9223372036854775807, 0, 9223372036832275807
2, 1501, 0, 9223372036854775807, 0, 9223372036832260807
2, 1502, 0, 9223372036854775807, 0, 9223372036832245807
2, 1503, 0, 9223372036854775807, 0, 9223372036832230807
2, 1504, 0, 9223372036854775807, 0, 9223372036832215807
2, 1505, 0, 9223372036854775807, 0, 9223372036832200807
2, 1506, 0, 9223372036854775807, 0, 9223372036832185807
2, 1507, 0, 9223372036854775807, 0, 9223372036832170807
2, 1508, 0, 9223372036854775807, 0, 9223372036832155807
2, 1509, 0, 9223372036854775807, 0, 9223372036832140807
2, 151, 0, 9223372036854775807, 0, 9223372036852510807
2, 1510, 0, 9223372036854775807, 0, 9223372036832125807
2, 1511, 0, 9223372036854775807, 0, 9223372036832110807
2, 1512, 0, 9223372036854775807, 0, 9223372036832095807
2, 1513, 0, 9223372036854775807, 0, 9223372036832080807
2, 1514, 0, 9223372036854775807, 0, 9223372036832065807
2, 1515, 0, 9223372036854775807, 0, 9223372036832050807
2, 1516, 0, 9223372036854775807, 0, 9223372036832035807
2, 1517, 0, 9223372036854775807, 0, 9223372036832020807
2, 1518, 0, 9223372036854775807, 0, 9223372036832005807
2, 1519, 0, 9223372036854775807, 0, 9223372036831990807
2, 152, 0, 9223372036854775807, 0, 9223372036852495807
2, 1520, 0, 9223372036854775807, 0, 9223372036831975807
2, 1521, 0, 9223372036854775807, 0, 9223372036831960807
2, 1522, 0, 9223372036854775807, 0, 9223372036831945807
2, 1523, 0, 9223372036854775807, 0, 9223372036831930807
2, 1524, 0, 9223372036854775807, 0, 9223372036831915807
2, 1525, 0, 9223372036854775807, 0, 9223372036831900807
2, 1526, 0, 9223372036854775807, 0, 9223372036831885807
2, 1527, 0, 9223372036854775807, 0, 9223372036831870807
2, 1528, 0, 9223372036854775807, 0, 9223372036831855807
2, 1529, 0, 9223372036854775807, 0, 9223372036831840807
2, 153, 0, 9223372036854775807, 0, 9223372036852480807
2, 1530, 0, 9223372036854775807, 0, 9223372036831825807
2, 1531, 0, 9223372036854775807, 0, 9223372036831810807
2, 1532, 0, 9223372036854775807, 0, 9223372036831795807
2, 1533, 0, 9223372036854775807, 0, 9223372036831780807
2, 1534, 0, 9223372036854775807, 0, 9223372036831765807
2, 1535, 0, 9223372036854775807, 0, 9223372036831750807
2, 1536, 0, 9223372036854775807, 0, 9223372036831735807
2, 1537, 0, 9223372036854775807, 0, 9223372036831720807
2, 1538, 0, 9223372036854775807, 0, 9223372036831705807
2, 1539, 0, 9223372036854775807, 0, 9223372036831690807
2, 154, 0, 9223372036854775807, 0, 9223372036852465807
2, 1540, 0, 9223372036854775807, 0, 9223372036831675807
2, 1541, 0, 9223372036854775807, 0, 9223372036831660807
2, 1542, 0, 9223372036854775807, 0, 9223372036831645807
2, 1543, 0, 9223372036854775807, 0, 9223372036831630807
2, 1544, 0, 9223372036854775807, 0, 9223372036831615807
2, 1545, 0, 9223372036854775807, 0, 9223372036831600807
2, 1546, 0, 9223372036854775807, 0, 9223372036831585807
2, 1547, 0, 9223372036854775807, 0, 9223372036831570807
2, 1548, 0, 9223372036854775807, 0, 9223372036831555807
2, 1549, 0, 9223372036854775807, 0, 9223372036831540807
2, 155, 0, 9223372036854775807, 0, 9223372036852450807
2, 1550, 0, 9223372036854775807, 0, 9223372036831525807
2, 1551, 0, 9223372036854775807, 0, 9223372036831510807
2, 1552, 0, 9223372036854775807, 0, 9223372036831495807
2, 1553, 0, 9223372036854775807, 0, 9223372036831480807
2, 1554, 0, 9223372036854775807, 0, 9223372036831465807
2, 1555, 0, 9223372036854775807, 0, 9223372036831450807
2, 1556, 0, 9223372036854775807, 0, 9223372036831435807
2, 1557, 0, 9223372036854775807, 0, 9223372036831420807
2, 1558, 0, 9223372036854775807, 0, 9223372036831405807
2, 1559, 0, 9223372036854775807, 0, 9223372036831390807
2, 156, 0, 9223372036854775807, 0, 9223372036852435807
2, 1560, 0, 9223372036854775807, 0, 9223372036831375807
2, 1561, 0, 9223372036854775807, 0, 9223372036831360807
2, 1562, 0, 9223372036854775807, 0, 9223372036831345807
2, 1563, 0, 9223372036854775807, 0, 9223372036831330807
2, 1564, 0, 9223372036854775807, 0, 9223372036831315807
2, 1565, 0, 9223372036854775807, 0, 9223372036831300807
2, 1566, 0, 9223372036854775807, 0, 9223372036831285807
2, 1567, 0, 9223372036854775807, 0, 9223372036831270807
2, 1568, 0, 9223372036854775807, 0, 9223372036831255807
2, 1569, 0, 9223372036854775807, 0, 9223372036831240807
2, 157, 0, 9223372036854775807, 0, 9223372036852420807
2, 1570, 0, 9223372036854775807, 0, 9223372036831225807
2, 1571, 0, 9223372036854775807, 0, 9223372036831210807
2, 1572, 0, 9223372036854775807, 0, 9223372036831195807
2, 1573, 0, 9223372036854775807, 0, 9223372036831180807
2, 1574, 0, 9223372036854775807, 0, 9223372036831165807
2, 1575, 0, 9223372036854775807, 0, 9223372036831150807
2, 1576, 0, 9223372036854775807, 0, 9223372036831135807
2, 1577, 0, 9223372036854775807, 0, 9223372036831120807
2, 1578, 0, 9223372036854775807, 0, 9223372036831105807
2, 1579, 0, 9223372036854775807, 0, 9223372036831090807
2, 158, 0, 9223372036854775807, 0, 9223372036852405807
2, 1580, 0, 9223372036854775807, 0, 9223372036831075807
2, 1581, 0, 9223372036854775807, 0, 9223372036831060807
2, 1582, 0, 9223372036854775807, 0, 9223372036831045807
2, 1583, 0, 9223372036854775807, 0, 9223372036831030807
2, 1584, 0, 9223372036854775807, 0, 9223372036831015807
2, 1585, 0, 9223372036854775807, 0, 9223372036831000807
2, 1586, 0, 9223372036854775807, 0, 9223372036830985807
2, 1587, 0, 9223372036854775807, 0, 9223372036830970807
2, 1588, 0, 9223372036854775807, 0, 9223372036830955807
2, 1589, 0, 9223372036854775807, 0, 9223372036830940807
2, 159, 0, 9223372036854775807, 0, 9223372036852390807
2, 1590, 0, 9223372036854775807, 0, 9223372036830925807
2, 1591, 0, 9223372036854775807, 0, 9223372036830910807
2, 1592, 0, 9223372036854775807, 0, 9223372036830895807
2, 1593, 0, 9223372036854775807, 0, 9223372036830880807
2, 1594, 0, 9223372036854775807, 0, 9223372036830865807
2, 1595, 0, 9223372036854775807, 0, 9223372036830850807
2, 1596, 0, 9223372036854775807, 0, 9223372036830835807
2, 1597, 0, 9223372036854775807, 0, 9223372036830820807
2, 1598, 0, 9223372036854775807, 0, 9223372036830805807
2, 1599, 0, 9223372036854775807, 0, 9223372036830790807
2, 16, 0, 9223372036854775807, 0, 9223372036854535807
2, 160, 0, 9223372036854775807, 0, 9223372036852375807
2, 1600, 0, 9223372036854775807, 0, 9223372036830775807
2, 1601, 0, 9223372036854775807, 0, 9223372036830760807
2, 1602, 0, 9223372036854775807, 0, 9223372036830745807
2, 1603, 0, 9223372036854775807, 0, 9223372036830730807
2, 1604, 0, 9223372036854775807, 0, 9223372036830715807
2, 1605, 0, 9223372036854775807, 0, 9223372036830700807
2, 1606, 0, 9223372036854775807, 0, 9223372036830685807
2, 1607, 0, 9223372036854775807, 0, 9223372036830670807
2, 1608, 0, 9223372036854775807, 0, 9223372036830655807
2, 1609, 0, 9223372036854775807, 0, 9223372036830640807
2, 161, 0, 9223372036854775807, 0, 9223372036852360807
2, 1610, 0, 9223372036854775807, 0, 9223372036830625807
2, 1611, 0, 9223372036854775807, 0, 9223372036830610807
2, 1612, 0, 9223372036854775807, 0, 9223372036830595807
2, 1613, 0, 9223372036854775807, 0, 9223372036830580807
2, 1614, 0, 9223372036854775807, 0, 9223372036830565807
2, 1615, 0, 9223372036854775807, 0, 9223372036830550807
2, 1616, 0, 9223372036854775807, 0, 9223372036830535807
2, 1617, 0, 9223372036854775807, 0, 9223372036830520807
2, 1618, 0, 9223372036854775807, 0, 9223372036830505807
2, 1619, 0, 9223372036854775807, 0, 9223372036830490807
2, 162, 0, 9223372036854775807, 0, 9223372036852345807
2, 1620, 0, 9223372036854775807, 0, 9223372036830475807
2, 1621, 0, 9223372036854775807, 0, 9223372036830460807
2, 1622, 0, 9223372036854775807, 0, 9223372036830445807
2, 1623, 0, 9223372036854775807, 0, 9223372036830430807
2, 1624, 0, 9223372036854775807, 0, 9223372036830415807
2, 1625, 0, 9223372036854775807, 0, 9223372036830400807
2, 1626, 0, 9223372036854775807, 0, 9223372036830385807
2, 1627, 0, 9223372036854775807, 0, 9223372036830370807
2, 1628, 0, 9223372036854775807, 0, 9223372036830355807
2, 1629, 0, 9223372036854775807, 0, 9223372036830340807
2, 163, 0, 9223372036854775807, 0, 9223372036852330807
2, 1630, 0, 9223372036854775807, 0, 9223372036830325807
2, 1631, 0, 9223372036854775807, 0, 9223372036830310807
2, 1632, 0, 9223372036854775807, 0, 9223372036830295807
2, 1633, 0, 9223372036854775807, 0, 9223372036830280807
2, 1634, 0, 9223372036854775807, 0, 9223372036830265807
2, 1635, 0, 9223372036854775807, 0, 9223372036830250807
2, 1636, 0, 9223372036854775807, 0, 9223372036830235807
2, 1637, 0, 9223372036854775807, 0, 9223372036830220807
2, 1638, 0, 9223372036854775807, 0, 9223372036830205807
2, 1639, 0, 9223372036854775807, 0, 9223372036830190807
2, 164, 0, 9223372036854775807, 0, 9223372036852315807
2, 1640, 0, 9223372036854775807, 0, 9223372036830175807
2, 1641, 0, 9223372036854775807, 0, 9223372036830160807
2, 1642, 0, 9223372036854775807, 0, 9223372036830145807
2, 1643, 0, 9223372036854775807, 0, 9223372036830130807
2, 1644, 0, 9223372036854775807, 0, 9223372036830115807
2, 1645, 0, 9223372036854775807, 0, 9223372036830100807
2, 1646, 0, 9223372036854775807, 0, 9223372036830085807
2, 1647, 0, 9223372036854775807, 0, 9223372036830070807
2, 1648, 0, 9223372036854775807, 0, 9223372036830055807
2, 1649, 0, 9223372036854775807, 0, 9223372036830040807
2, 165, 0, 9223372036854775807, 0, 9223372036852300807
2, 1650, 0, 9223372036854775807, 0, 9223372036830025807
2, 1651, 0, 9223372036854775807, 0, 9223372036830010807
2, 1652, 0, 9223372036854775807, 0, 9223372036829995807
2, 1653, 0, 9223372036854775807, 0, 9223372036829980807
2, 1654, 0, 9223372036854775807, 0, 9223372036829965807
2, 1655, 0, 9223372036854775807, 0, 9223372036829950807
2, 1656, 0, 9223372036854775807, 0, 9223372036829935807
2, 1657, 0, 9223372036854775807, 0, 9223372036829920807
2, 1658, 0, 9223372036854775807, 0, 9223372036829905807
2, 1659, 0, 9223372036854775807, 0, 9223372036829890807
2, 166, 0, 9223372036854775807, 0, 9223372036852285807
2, 1660, 0, 9223372036854775807, 0, 9223372036829875807
2, 1661, 0, 9223372036854775807, 0, 9223372036829860807
2, 1662, 0, 9223372036854775807, 0, 9223372036829845807
2, 1663, 0, 9223372036854775807, 0, 9223372036829830807
2, 1664, 0, 9223372036854775807, 0, 9223372036829815807
2, 1665, 0, 9223372036854775807, 0, 9223372036829800807
2, 1666, 0, 9223372036854775807, 0, 9223372036829785807
2, 1667, 0, 9223372036854775807, 0, 9223372036829770807
2, 1668, 0, 9223372036854775807, 0, 9223372036829755807
2, 1669, 0, 9223372036854775807, 0, 9223372036829740807
2, 167, 0, 9223372036854775807, 0, 9223372036852270807
2, 1670, 0, 9223372036854775807, 0, 9223372036829725807
2, 1671, 0, 9223372036854775807, 0, 9223372036829710807
2, 1672, 0, 9223372036854775807, 0, 9223372036829695807
2, 1673, 0, 9223372036854775807, 0, 9223372036829680807
2, 1674, 0, 9223372036854775807, 0, 9223372036829665807
2, 1675, 0, 9223372036854775807, 0, 9223372036829650807
2, 1676, 0, 9223372036854775807, 0, 9223372036829635807
2, 1677, 0, 9223372036854775807, 0, 9223372036829620807
2, 1678, 0, 9223372036854775807, 0, 9223372036829605807
2, 1679, 0, 9223372036854775807, 0, 9223372036829590807
2, 168, 0, 9223372036854775807, 0, 9223372036852255807
2, 1680, 0, 9223372036854775807, 0, 9223372036829575807
2, 1681, 0, 9223372036854775807, 0, 9223372036829560807
2, 1682, 0, 9223372036854775807, 0, 9223372036829545807
2, 1683, 0, 9223372036854775807, 0, 9223372036829530807
2, 1684, 0, 9223372036854775807, 0, 9223372036829515807
2, 1685, 0, 9223372036854775807, 0, 9223372036829500807
2, 1686, 0, 9223372036854775807, 0, 9223372036829485807
2, 1687, 0, 9223372036854775807, 0, 9223372036829470807
2, 1688, 0, 9223372036854775807, 0, 9223372036829455807
2, 1689, 0, 9223372036854775807, 0, 9223372036829440807
2, 169, 0, 9223372036854775807, 0, 9223372036852240807
2, 1690, 0, 9223372036854775807, 0, 9223372036829425807
2, 1691, 0, 9223372036854775807, 0, 9223372036829410807
2, 1692, 0, 9223372036854775807, 0, 9223372036829395807
2, 1693, 0, 9223372036854775807, 0, 9223372036829380807
2, 1694, 0, 9223372036854775807, 0, 9223372036829365807
2, 1695, 0, 9223372036854775807, 0, 9223372036829350807
2, 1696, 0, 9223372036854775807, 0, 9223372036829335807
2, 1697, 0, 9223372036854775807, 0, 9223372036829320807
2, 1698, 0, 9223372036854775807, 0, 9223372036829305807
2, 1699, 0, 9223372036854775807, 0, 9223372036829290807
2, 17, 0, 9223372036854775807, 0, 9223372036854520807
2, 170, 0, 9223372036854775807, 0, 9223372036852225807
2, 1700, 0, 9223372036854775807, 0, 9223372036829275807
2, 1701, 0, 9223372036854775807, 0, 9223372036829260807
2, 1702, 0, 9223372036854775807, 0, 9223372036829245807
2, 1703, 0, 9223372036854775807, 0, 9223372036829230807
2, 1704, 0, 9223372036854775807, 0, 9223372036829215807
2, 1705, 0, 9223372036854775807, 0, 9223372036829200807
2, 1706, 0, 9223372036854775807, 0, 9223372036829185807
2, 1707, 0, 9223372036854775807, 0, 9223372036829170807
2, 1708, 0, 9223372036854775807, 0, 9223372036829155807
2, 1709, 0, 9223372036854775807, 0, 9223372036829140807
2, 171, 0, 9223372036854775807, 0, 9223372036852210807
2, 1710, 0, 9223372036854775807, 0, 9223372036829125807
2, 1711, 0, 9223372036854775807, 0, 9223372036829110807
2, 1712, 0, 9223372036854775807, 0, 9223372036829095807
2, 1713, 0, 9223372036854775807, 0, 9223372036829080807
2, 1714, 0, 9223372036854775807, 0, 9223372036829065807
2, 1715, 0, 9223372036854775807, 0, 9223372036829050807
2, 1716, 0, 9223372036854775807, 0, 9223372036829035807
2, 1717, 0, 9223372036854775807, 0, 9223372036829020807
2, 1718, 0, 9223372036854775807, 0, 9223372036829005807
2, 1719, 0, 9223372036854775807, 0, 9223372036828990807
2, 172, 0, 9223372036854775807, 0, 9223372036852195807
2, 1720, 0, 9223372036854775807, 0, 9223372036828975807
2, 1721, 0, 9223372036854775807, 0, 9223372036828960807
2, 1722, 0, 9223372036854775807, 0, 9223372036828945807
2, 1723, 0, 9223372036854775807, 0, 9223372036828930807
2, 1724, 0, 9223372036854775807, 0, 9223372036828915807
2, 1725, 0, 9223372036854775807, 0, 9223372036828900807
2, 1726, 0, 9223372036854775807, 0, 9223372036828885807
2, 1727, 0, 9223372036854775807, 0, 9223372036828870807
2, 1728, 0, 9223372036854775807, 0, 9223372036828855807
2, 1729, 0, 9223372036854775807, 0, 9223372036828840807
2, 173, 0, 9223372036854775807, 0, 9223372036852180807
2, 1730, 0, 9223372036854775807, 0, 9223372036828825807
2, 1731, 0, 9223372036854775807, 0, 9223372036828810807
2, 1732, 0, 9223372036854775807, 0, 9223372036828795807
2, 1733, 0, 9223372036854775807, 0, 9223372036828780807
2, 1734, 0, 9223372036854775807, 0, 9223372036828765807
2, 1735, 0, 9223372036854775807, 0, 9223372036828750807
2, 1736, 0, 9223372036854775807, 0, 9223372036828735807
2, 1737, 0, 9223372036854775807, 0, 9223372036828720807
2, 1738, 0, 9223372036854775807, 0, 9223372036828705807
2, 1739, 0, 9223372036854775807, 0, 9223372036828690807
2, 174, 0, 9223372036854775807, 0, 9223372036852165807
2, 1740, 0, 9223372036854775807, 0, 9223372036828675807
2, 1741, 0, 9223372036854775807, 0, 9223372036828660807
2, 1742, 0, 9223372036854775807, 0, 9223372036828645807
2, 1743, 0, 9223372036854775807, 0, 9223372036828630807
2, 1744, 0, 9223372036854775807, 0, 9223372036828615807
2, 1745, 0, 9223372036854775807, 0, 9223372036828600807
2, 1746, 0, 9223372036854775807, 0, 9223372036828585807
2, 1747, 0, 9223372036854775807, 0, 9223372036828570807
2, 1748, 0, 9223372036854775807, 0, 9223372036828555807
2, 1749, 0, 9223372036854775807, 0, 9223372036828540807
2, 175, 0, 9223372036854775807, 0, 9223372036852150807
2, 1750, 0, 9223372036854775807, 0, 9223372036828525807
2, 1751, 0, 9223372036854775807, 0, 9223372036828510807
2, 1752, 0, 9223372036854775807, 0, 9223372036828495807
2, 1753, 0, 9223372036854775807, 0, 9223372036828480807
2, 1754, 0, 9223372036854775807, 0, 9223372036828465807
2, 1755, 0, 9223372036854775807, 0, 9223372036828450807
2, 1756, 0, 9223372036854775807, 0, 9223372036828435807
2, 1757, 0, 9223372036854775807, 0, 9223372036828420807
2, 1758, 0, 9223372036854775807, 0, 9223372036828405807
2, 1759, 0, 9223372036854775807, 0, 9223372036828390807
2, 176, 0, 9223372036854775807, 0, 9223372036852135807
2, 1760, 0, 9223372036854775807, 0, 9223372036828375807
2, 1761, 0, 9223372036854775807, 0, 9223372036828360807
2, 1762, 0, 9223372036854775807, 0, 9223372036828345807
2, 1763, 0, 9223372036854775807, 0, 9223372036828330807
2, 1764, 0, 9223372036854775807, 0, 9223372036828315807
2, 1765, 0, 9223372036854775807, 0, 9223372036828300807
2, 1766, 0, 9223372036854775807, 0, 9223372036828285807
2, 1767, 0, 9223372036854775807, 0, 9223372036828270807
2, 1768, 0, 9223372036854775807, 0, 9223372036828255807
2, 1769, 0, 9223372036854775807, 0, 9223372036828240807
2, 177, 0, 9223372036854775807, 0, 9223372036852120807
2, 1770, 0, 9223372036854775807, 0, 9223372036828225807
2, 1771, 0, 9223372036854775807, 0, 9223372036828210807
2, 1772, 0, 9223372036854775807, 0, 9223372036828195807
2, 1773, 0, 9223372036854775807, 0, 9223372036828180807
2, 1774, 0, 9223372036854775807, 0, 9223372036828165807
2, 1775, 0, 9223372036854775807, 0, 9223372036828150807
2, 1776, 0, 9223372036854775807, 0, 9223372036828135807
2, 1777, 0, 9223372036854775807, 0, 9223372036828120807
2, 1778, 0, 9223372036854775807, 0, 9223372036828105807
2, 1779, 0, 9223372036854775807, 0, 9223372036828090807
2, 178, 0, 9223372036854775807, 0, 9223372036852105807
2, 1780, 0, 9223372036854775807, 0, 9223372036828075807
2, 1781, 0, 9223372036854775807, 0, 9223372036828060807
2, 1782, 0, 9223372036854775807, 0, 9223372036828045807
2, 1783, 0, 9223372036854775807, 0, 9223372036828030807
2, 1784, 0, 9223372036854775807, 0, 9223372036828015807
2, 1785, 0, 9223372036854775807, 0, 9223372036828000807
2, 1786, 0, 9223372036854775807, 0, 9223372036827985807
2, 1787, 0, 9223372036854775807, 0, 9223372036827970807
2, 1788, 0, 9223372036854775807, 0, 9223372036827955807
2, 1789, 0, 9223372036854775807, 0, 9223372036827940807
2, 179, 0, 9223372036854775807, 0, 9223372036852090807
2, 1790, 0, 9223372036854775807, 0, 9223372036827925807
2, 1791, 0, 9223372036854775807, 0, 9223372036827910807
2, 1792, 0, 9223372036854775807, 0, 9223372036827895807
2, 1793, 0, 9223372036854775807, 0, 9223372036827880807
2, 1794, 0, 9223372036854775807, 0, 9223372036827865807
2, 1795, 0, 9223372036854775807, 0, 9223372036827850807
2, 1796, 0, 9223372036854775807, 0, 9223372036827835807
2, 1797, 0, 9223372036854775807, 0, 9223372036827820807
2, 1798, 0, 9223372036854775807, 0, 9223372036827805807
2, 1799, 0, 9223372036854775807, 0, 9223372036827790807
2, 18, 0, 9223372036854775807, 0, 9223372036854505807
2, 180, 0, 9223372036854775807, 0, 9223372036852075807
2, 1800, 0, 9223372036854775807, 0, 9223372036827775807
2, 1801, 0, 9223372036854775807, 0, 9223372036827760807
2, 1802, 0, 9223372036854775807, 0, 9223372036827745807
2, 1803, 0, 9223372036854775807, 0, 9223372036827730807
2, 1804, 0, 9223372036854775807, 0, 9223372036827715807
2, 1805, 0, 9223372036854775807, 0, 9223372036827700807
2, 1806, 0, 9223372036854775807, 0, 9223372036827685807
2, 1807, 0, 9223372036854775807, 0, 9223372036827670807
2, 1808, 0, 9223372036854775807, 0, 9223372036827655807
2, 1809, 0, 9223372036854775807, 0, 9223372036827640807
2, 181, 0, 9223372036854775807, 0, 9223372036852060807
2, 1810, 0, 9223372036854775807, 0, 9223372036827625807
2, 1811, 0, 9223372036854775807, 0, 9223372036827610807
2, 1812, 0, 9223372036854775807, 0, 9223372036827595807
2, 1813, 0, 9223372036854775807, 0, 9223372036827580807
2, 1814, 0, 9223372036854775807, 0, 9223372036827565807
2, 1815, 0, 9223372036854775807, 0, 9223372036827550807
2, 1816, 0, 9223372036854775807, 0, 9223372036827535807
2, 1817, 0, 9223372036854775807, 0, 9223372036827520807
2, 1818, 0, 9223372036854775807, 0, 9223372036827505807
2, 1819, 0, 9223372036854775807, 0, 9223372036827490807
2, 182, 0, 9223372036854775807, 0, 9223372036852045807
2, 1820, 0, 9223372036854775807, 0, 9223372036827475807
2, 1821, 0, 9223372036854775807, 0, 9223372036827460807
2, 1822, 0, 9223372036854775807, 0, 9223372036827445807
2, 1823, 0, 9223372036854775807, 0, 9223372036827430807
2, 1824, 0, 9223372036854775807, 0, 9223372036827415807
2, 1825, 0, 9223372036854775807, 0, 9223372036827400807
2, 1826, 0, 9223372036854775807, 0, 9223372036827385807
2, 1827, 0, 9223372036854775807, 0, 9223372036827370807
2, 1828, 0, 9223372036854775807, 0, 9223372036827355807
2, 1829, 0, 9223372036854775807, 0, 9223372036827340807
2, 183, 0, 9223372036854775807, 0, 9223372036852030807
2, 1830, 0, 9223372036854775807, 0, 9223372036827325807
2, 1831, 0, 9223372036854775807, 0, 9223372036827310807
2, 1832, 0, 9223372036854775807, 0, 9223372036827295807
2, 1833, 0, 9223372036854775807, 0, 9223372036827280807
2, 1834, 0, 9223372036854775807, 0, 9223372036827265807
2, 1835, 0, 9223372036854775807, 0, 9223372036827250807
2, 1836, 0, 9223372036854775807, 0, 9223372036827235807
2, 1837, 0, 9223372036854775807, 0, 9223372036827220807
2, 1838, 0, 9223372036854775807, 0, 9223372036827205807
2, 1839, 0, 9223372036854775807, 0, 9223372036827190807
2, 184, 0, 9223372036854775807, 0, 9223372036852015807
2, 1840, 0, 9223372036854775807, 0, 9223372036827175807
2, 1841, 0, 9223372036854775807, 0, 9223372036827160807
2, 1842, 0, 9223372036854775807, 0, 9223372036827145807
2, 1843, 0, 9223372036854775807, 0, 9223372036827130807
2, 1844, 0, 9223372036854775807, 0, 9223372036827115807
2, 1845, 0, 9223372036854775807, 0, 9223372036827100807
2, 1846, 0, 9223372036854775807, 0, 9223372036827085807
2, 1847, 0, 9223372036854775807, 0, 9223372036827070807
2, 1848, 0, 9223372036854775807, 0, 9223372036827055807
2, 1849, 0, 9223372036854775807, 0, 9223372036827040807
2, 185, 0, 9223372036854775807, 0, 9223372036852000807
2, 1850, 0, 9223372036854775807, 0, 9223372036827025807
2, 1851, 0, 9223372036854775807, 0, 9223372036827010807
2, 1852, 0, 9223372036854775807, 0, 9223372036826995807
2, 1853, 0, 9223372036854775807, 0, 9223372036826980807
2, 1854, 0, 9223372036854775807, 0, 9223372036826965807
2, 1855, 0, 9223372036854775807, 0, 9223372036826950807
2, 1856, 0, 9223372036854775807, 0, 9223372036826935807
2, 1857, 0, 9223372036854775807, 0, 9223372036826920807
2, 1858, 0, 9223372036854775807, 0, 9223372036826905807
2, 1859, 0, 9223372036854775807, 0, 9223372036826890807
2, 186, 0, 9223372036854775807, 0, 9223372036851985807
2, 1860, 0, 9223372036854775807, 0, 9223372036826875807
2, 1861, 0, 9223372036854775807, 0, 9223372036826860807
2, 1862, 0, 9223372036854775807, 0, 9223372036826845807
2, 1863, 0, 9223372036854775807, 0, 9223372036826830807
2, 1864, 0, 9223372036854775807, 0, 9223372036826815807
2, 1865, 0, 9223372036854775807, 0, 9223372036826800807
2, 1866, 0, 9223372036854775807, 0, 9223372036826785807
2, 1867, 0, 9223372036854775807, 0, 9223372036826770807
2, 1868, 0, 9223372036854775807, 0, 9223372036826755807
2, 1869, 0, 9223372036854775807, 0, 9223372036826740807
2, 187, 0, 9223372036854775807, 0, 9223372036851970807
2, 1870, 0, 9223372036854775807, 0, 9223372036826725807
2, 1871, 0, 9223372036854775807, 0, 9223372036826710807
2, 1872, 0, 9223372036854775807, 0, 9223372036826695807
2, 1873, 0, 9223372036854775807, 0, 9223372036826680807
2, 1874, 0, 9223372036854775807, 0, 9223372036826665807
2, 1875, 0, 9223372036854775807, 0, 9223372036826650807
2, 1876, 0, 9223372036854775807, 0, 9223372036826635807
2, 1877, 0, 9223372036854775807, 0, 9223372036826620807
2, 1878, 0, 9223372036854775807, 0, 9223372036826605807
2, 1879, 0, 9223372036854775807, 0, 9223372036826590807
2, 188, 0, 9223372036854775807, 0, 9223372036851955807
2, 1880, 0, 9223372036854775807, 0, 9223372036826575807
2, 1881, 0, 9223372036854775807, 0, 9223372036826560807
2, 1882, 0, 9223372036854775807, 0, 9223372036826545807
2, 1883, 0, 9223372036854775807, 0, 9223372036826530807
2, 1884, 0, 9223372036854775807, 0, 9223372036826515807
2, 1885, 0, 9223372036854775807, 0, 9223372036826500807
2, 1886, 0, 9223372036854775807, 0, 9223372036826485807
2, 1887, 0, 9223372036854775807, 0, 9223372036826470807
2, 1888, 0, 9223372036854775807, 0, 9223372036826455807
2, 1889, 0, 9223372036854775807, 0, 9223372036826440807
2, 189, 0, 9223372036854775807, 0, 9223372036851940807
2, 1890, 0, 9223372036854775807, 0, 9223372036826425807
2, 1891, 0, 9223372036854775807, 0, 9223372036826410807
2, 1892, 0, 9223372036854775807, 0, 9223372036826395807
2, 1893, 0, 9223372036854775807, 0, 9223372036826380807
2, 1894, 0, 9223372036854775807, 0, 9223372036826365807
2, 1895, 0, 9223372036854775807, 0, 9223372036826350807
2, 1896, 0, 9223372036854775807, 0, 9223372036826335807
2, 1897, 0, 9223372036854775807, 0, 9223372036826320807
2, 1898, 0, 9223372036854775807, 0, 9223372036826305807
2, 1899, 0, 9223372036854775807, 0, 9223372036826290807
2, 19, 0, 9223372036854775807, 0, 9223372036854490807
2, 190, 0, 9223372036854775807, 0, 9223372036851925807
2, 1900, 0, 9223372036854775807, 0, 9223372036826275807
2, 1901, 0, 9223372036854775807, 0, 9223372036826260807
2, 1902, 0, 9223372036854775807, 0, 9223372036826245807
2, 1903, 0, 9223372036854775807, 0, 9223372036826230807
2, 1904, 0, 9223372036854775807, 0, 9223372036826215807
2, 1905, 0, 9223372036854775807, 0, 9223372036826200807
2, 1906, 0, 9223372036854775807, 0, 9223372036826185807
2, 1907, 0, 9223372036854775807, 0, 9223372036826170807
2, 1908, 0, 9223372036854775807, 0, 9223372036826155807
2, 1909, 0, 9223372036854775807, 0, 9223372036826140807
2, 191, 0, 9223372036854775807, 0, 9223372036851910807
2, 1910, 0, 9223372036854775807, 0, 9223372036826125807
2, 1911, 0, 9223372036854775807, 0, 9223372036826110807
2, 1912, 0, 9223372036854775807, 0, 9223372036826095807
2, 1913, 0, 9223372036854775807, 0, 9223372036826080807
2, 1914, 0, 9223372036854775807, 0, 9223372036826065807
2, 1915, 0, 9223372036854775807, 0, 9223372036826050807
2, 1916, 0, 9223372036854775807, 0, 9223372036826035807
2, 1917, 0, 9223372036854775807, 0, 9223372036826020807
2, 1918, 0, 9223372036854775807, 0, 9223372036826005807
2, 1919, 0, 9223372036854775807, 0, 9223372036825990807
2, 192, 0, 9223372036854775807, 0, 9223372036851895807
2, 1920, 0, 9223372036854775807, 0, 9223372036825975807
2, 1921, 0, 9223372036854775807, 0, 9223372036825960807
2, 1922, 0, 9223372036854775807, 0, 9223372036825945807
2, 1923, 0, 9223372036854775807, 0, 9223372036825930807
2, 1924, 0, 9223372036854775807, 0, 9223372036825915807
2, 1925, 0, 9223372036854775807, 0, 9223372036825900807
2, 1926, 0, 9223372036854775807, 0, 9223372036825885807
2, 1927, 0, 9223372036854775807, 0, 9223372036825870807
2, 1928, 0, 9223372036854775807, 0, 9223372036825855807
2, 1929, 0, 9223372036854775807, 0, 9223372036825840807
2, 193, 0, 9223372036854775807, 0, 9223372036851880807
2, 1930, 0, 9223372036854775807, 0, 9223372036825825807
2, 1931, 0, 9223372036854775807, 0, 9223372036825810807
2, 1932, 0, 9223372036854775807, 0, 9223372036825795807
2, 1933, 0, 9223372036854775807, 0, 9223372036825780807
2, 1934, 0, 9223372036854775807, 0, 9223372036825765807
2, 1935, 0, 9223372036854775807, 0, 9223372036825750807
2, 1936, 0, 9223372036854775807, 0, 9223372036825735807
2, 1937, 0, 9223372036854775807, 0, 9223372036825720807
2, 1938, 0, 9223372036854775807, 0, 9223372036825705807
2, 1939, 0, 9223372036854775807, 0, 9223372036825690807
2, 194, 0, 9223372036854775807, 0, 9223372036851865807
2, 1940, 0, 9223372036854775807, 0, 9223372036825675807
2, 1941, 0, 9223372036854775807, 0, 9223372036825660807
2, 1942, 0, 9223372036854775807, 0, 9223372036825645807
2, 1943, 0, 9223372036854775807, 0, 9223372036825630807
2, 1944, 0, 9223372036854775807, 0, 9223372036825615807
2, 1945, 0, 9223372036854775807, 0, 9223372036825600807
2, 1946, 0, 9223372036854775807, 0, 9223372036825585807
2, 1947, 0, 9223372036854775807, 0, 9223372036825570807
2, 1948, 0, 9223372036854775807, 0, 9223372036825555807
2, 1949, 0, 9223372036854775807, 0, 9223372036825540807
2, 195, 0, 9223372036854775807, 0, 9223372036851850807
2, 1950, 0, 9223372036854775807, 0, 9223372036825525807
2, 1951, 0, 9223372036854775807, 0, 9223372036825510807
2, 1952, 0, 9223372036854775807, 0, 9223372036825495807
2, 1953, 0, 9223372036854775807, 0, 9223372036825480807
2, 1954, 0, 9223372036854775807, 0, 9223372036825465807
2, 1955, 0, 9223372036854775807, 0, 9223372036825450807
2, 1956, 0, 9223372036854775807, 0, 9223372036825435807
2, 1957, 0, 9223372036854775807, 0, 9223372036825420807
2, 1958, 0, 9223372036854775807, 0, 9223372036825405807
2, 1959, 0, 9223372036854775807, 0, 9223372036825390807
2, 196, 0, 9223372036854775807, 0, 9223372036851835807
2, 1960, 0, 9223372036854775807, 0, 9223372036825375807
2, 1961, 0, 9223372036854775807, 0, 9223372036825360807
2, 1962, 0, 9223372036854775807, 0, 9223372036825345807
2, 1963, 0, 9223372036854775807, 0, 9223372036825330807
2, 1964, 0, 9223372036854775807, 0, 9223372036825315807
2, 1965, 0, 9223372036854775807, 0, 9223372036825300807
2, 1966, 0, 9223372036854775807, 0, 9223372036825285807
2, 1967, 0, 9223372036854775807, 0, 9223372036825270807
2, 1968, 0, 9223372036854775807, 0, 9223372036825255807
2, 1969, 0, 9223372036854775807, 0, 9223372036825240807
2, 197, 0, 9223372036854775807, 0, 9223372036851820807
2, 1970, 0, 9223372036854775807, 0, 9223372036825225807
2, 1971, 0, 9223372036854775807, 0, 9223372036825210807
2, 1972, 0, 9223372036854775807, 0, 9223372036825195807
2, 1973, 0, 9223372036854775807, 0, 9223372036825180807
2, 1974, 0, 9223372036854775807, 0, 9223372036825165807
2, 1975, 0, 9223372036854775807, 0, 9223372036825150807
2, 1976, 0, 9223372036854775807, 0, 9223372036825135807
2, 1977, 0, 9223372036854775807, 0, 9223372036825120807
2, 1978, 0, 9223372036854775807, 0, 9223372036825105807
2, 1979, 0, 9223372036854775807, 0, 9223372036825090807
2, 198, 0, 9223372036854775807, 0, 9223372036851805807
2, 1980, 0, 9223372036854775807, 0, 9223372036825075807
2, 1981, 0, 9223372036854775807, 0, 9223372036825060807
2, 1982, 0, 9223372036854775807, 0, 9223372036825045807
2, 1983, 0, 9223372036854775807, 0, 9223372036825030807
2, 1984, 0, 9223372036854775807, 0, 9223372036825015807
2, 1985, 0, 9223372036854775807, 0, 9223372036825000807
2, 1986, 0, 9223372036854775807, 0, 9223372036824985807
2, 1987, 0, 9223372036854775807, 0, 9223372036824970807
2, 1988, 0, 9223372036854775807, 0, 9223372036824955807
2, 1989, 0, 9223372036854775807, 0, 9223372036824940807
2, 199, 0, 9223372036854775807, 0, 9223372036851790807
2, 1990, 0, 9223372036854775807, 0, 9223372036824925807
2, 1991, 0, 9223372036854775807, 0, 9223372036824910807
2, 1992, 0, 9223372036854775807, 0, 9223372036824895807
2, 1993, 0, 9223372036854775807, 0, 9223372036824880807
2, 1994, 0, 9223372036854775807, 0, 9223372036824865807
2, 1995, 0, 9223372036854775807, 0, 9223372036824850807
2, 1996, 0, 9223372036854775807, 0, 9223372036824835807
2, 1997, 0, 9223372036854775807, 0, 9223372036824820807
2, 1998, 0, 9223372036854775807, 0, 9223372036824805807
2, 1999, 0, 9223372036854775807, 0, 9223372036824790807
2, 2, 0, 9223372036854775807, 0, 9223372036854745807
2, 20, 0, 9223372036854775807, 0, 9223372036854475807
2, 200, 0, 9223372036854775807, 0, 9223372036851775807
2, 2000, 0, 9223372036854775807, 0, 9223372036824775807
2, 2001, 0, 9223372036854775807, 0, 9223372036824760807
2, 2002, 0, 9223372036854775807, 0, 9223372036824745807
2, 2003, 0, 9223372036854775807, 0, 9223372036824730807
2, 2004, 0, 9223372036854775807, 0, 9223372036824715807
2, 2005, 0, 9223372036854775807, 0, 9223372036824700807
2, 2006, 0, 9223372036854775807, 0, 9223372036824685807
2, 2007, 0, 9223372036854775807, 0, 9223372036824670807
2, 2008, 0, 9223372036854775807, 0, 9223372036824655807
2, 2009, 0, 9223372036854775807, 0, 9223372036824640807
2, 201, 0, 9223372036854775807, 0, 9223372036851760807
2, 2010, 0, 9223372036854775807, 0, 9223372036824625807
2, 2011, 0, 9223372036854775807, 0, 9223372036824610807
2, 2012, 0, 9223372036854775807, 0, 9223372036824595807
2, 2013, 0, 9223372036854775807, 0, 9223372036824580807
2, 2014, 0, 9223372036854775807, 0, 9223372036824565807
2, 2015, 0, 9223372036854775807, 0, 9223372036824550807
2, 2016, 0, 9223372036854775807, 0, 9223372036824535807
2, 2017, 0, 9223372036854775807, 0, 9223372036824520807
2, 2018, 0, 9223372036854775807, 0, 9223372036824505807
2, 2019, 0, 9223372036854775807, 0, 9223372036824490807
2, 202, 0, 9223372036854775807, 0, 9223372036851745807
2, 2020, 0, 9223372036854775807, 0, 9223372036824475807
2, 2021, 0, 9223372036854775807, 0, 9223372036824460807
2, 2022, 0, 9223372036854775807, 0, 9223372036824445807
2, 2023, 0, 9223372036854775807, 0, 9223372036824430807
2, 2024, 0, 9223372036854775807, 0, 9223372036824415807
2, 2025, 0, 9223372036854775807, 0, 9223372036824400807
2, 2026, 0, 9223372036854775807, 0, 9223372036824385807
2, 2027, 0, 9223372036854775807, 0, 9223372036824370807
2, 2028, 0, 9223372036854775807, 0, 9223372036824355807
2, 2029, 0, 9223372036854775807, 0, 9223372036824340807
2, 203, 0, 9223372036854775807, 0, 9223372036851730807
2, 2030, 0, 9223372036854775807, 0, 9223372036824325807
2, 2031, 0, 9223372036854775807, 0, 9223372036824310807
2, 2032, 0, 9223372036854775807, 0, 9223372036824295807
2, 2033, 0, 9223372036854775807, 0, 9223372036824280807
2, 2034, 0, 9223372036854775807, 0, 9223372036824265807
2, 2035, 0, 9223372036854775807, 0, 9223372036824250807
2, 2036, 0, 9223372036854775807, 0, 9223372036824235807
2, 2037, 0, 9223372036854775807, 0, 9223372036824220807
2, 2038, 0, 9223372036854775807, 0, 9223372036824205807
2, 2039, 0, 9223372036854775807, 0, 9223372036824190807
2, 204, 0, 9223372036854775807, 0, 9223372036851715807
2, 2040, 0, 9223372036854775807, 0, 9223372036824175807
2, 2041, 0, 9223372036854775807, 0, 9223372036824160807
2, 2042, 0, 9223372036854775807, 0, 9223372036824145807
2, 2043, 0, 9223372036854775807, 0, 9223372036824130807
2, 2044, 0, 9223372036854775807, 0, 9223372036824115807
2, 2045, 0, 9223372036854775807, 0, 9223372036824100807
2, 2046, 0, 9223372036854775807, 0, 9223372036824085807
2, 2047, 0, 9223372036854775807, 0, 9223372036824070807
2, 2048, 0, 9223372036854775807, 0, 9223372036824055807
2, 2049, 0, 9223372036854775807, 0, 9223372036824040807
2, 205, 0, 9223372036854775807, 0, 9223372036851700807
2, 2050, 0, 9223372036854775807, 0, 9223372036824025807
2, 2051, 0, 9223372036854775807, 0, 9223372036824010807
2, 2052, 0, 9223372036854775807, 0, 9223372036823995807
2, 2053, 0, 9223372036854775807, 0, 9223372036823980807
2, 2054, 0, 9223372036854775807, 0, 9223372036823965807
2, 2055, 0, 9223372036854775807, 0, 9223372036823950807
2, 2056, 0, 9223372036854775807, 0, 9223372036823935807
2, 2057, 0, 9223372036854775807, 0, 9223372036823920807
2, 2058, 0, 9223372036854775807, 0, 9223372036823905807
2, 2059, 0, 9223372036854775807, 0, 9223372036823890807
2, 206, 0, 9223372036854775807, 0, 9223372036851685807
2, 2060, 0, 9223372036854775807, 0, 9223372036823875807
2, 2061, 0, 9223372036854775807, 0, 9223372036823860807
2, 2062, 0, 9223372036854775807, 0, 9223372036823845807
2, 2063, 0, 9223372036854775807, 0, 9223372036823830807
2, 2064, 0, 9223372036854775807, 0, 9223372036823815807
2, 2065, 0, 9223372036854775807, 0, 9223372036823800807
2, 2066, 0, 9223372036854775807, 0, 9223372036823785807
2, 2067, 0, 9223372036854775807, 0, 9223372036823770807
2, 2068, 0, 9223372036854775807, 0, 9223372036823755807
2, 2069, 0, 9223372036854775807, 0, 9223372036823740807
2, 207, 0, 9223372036854775807, 0, 9223372036851670807
2, 2070, 0, 9223372036854775807, 0, 9223372036823725807
2, 2071, 0, 9223372036854775807, 0, 9223372036823710807
2, 2072, 0, 9223372036854775807, 0, 9223372036823695807
2, 2073, 0, 9223372036854775807, 0, 9223372036823680807
2, 2074, 0, 9223372036854775807, 0, 9223372036823665807
2, 2075, 0, 9223372036854775807, 0, 9223372036823650807
2, 2076, 0, 9223372036854775807, 0, 9223372036823635807
2, 2077, 0, 9223372036854775807, 0, 9223372036823620807
2, 2078, 0, 9223372036854775807, 0, 9223372036823605807
2, 2079, 0, 9223372036854775807, 0, 9223372036823590807
2, 208, 0, 9223372036854775807, 0, 9223372036851655807
2, 2080, 0, 9223372036854775807, 0, 9223372036823575807
2, 2081, 0, 9223372036854775807, 0, 9223372036823560807
2, 2082, 0, 9223372036854775807, 0, 9223372036823545807
2, 2083, 0, 9223372036854775807, 0, 9223372036823530807
2, 2084, 0, 9223372036854775807, 0, 9223372036823515807
2, 2085, 0, 9223372036854775807, 0, 9223372036823500807
2, 2086, 0, 9223372036854775807, 0, 9223372036823485807
2, 2087, 0, 9223372036854775807, 0, 9223372036823470807
2, 2088, 0, 9223372036854775807, 0, 9223372036823455807
2, 2089, 0, 9223372036854775807, 0, 9223372036823440807
2, 209, 0, 9223372036854775807, 0, 9223372036851640807
2, 2090, 0, 9223372036854775807, 0, 9223372036823425807
2, 2091, 0, 9223372036854775807, 0, 9223372036823410807
2, 2092, 0, 9223372036854775807, 0, 9223372036823395807
2, 2093, 0, 9223372036854775807, 0, 9223372036823380807
2, 2094, 0, 9223372036854775807, 0, 9223372036823365807
2, 2095, 0, 9223372036854775807, 0, 9223372036823350807
2, 2096, 0, 9223372036854775807, 0, 9223372036823335807
2, 2097, 0, 9223372036854775807, 0, 9223372036823320807
2, 2098, 0, 9223372036854775807, 0, 9223372036823305807
2, 2099, 0, 9223372036854775807, 0, 9223372036823290807
2, 21, 0, 9223372036854775807, 0, 9223372036854460807
2, 210, 0, 9223372036854775807, 0, 9223372036851625807
2, 2100, 0, 9223372036854775807, 0, 9223372036823275807
2, 2101, 0, 9223372036854775807, 0, 9223372036823260807
2, 2102, 0, 9223372036854775807, 0, 9223372036823245807
2, 2103, 0, 9223372036854775807, 0, 9223372036823230807
2, 2104, 0, 9223372036854775807, 0, 9223372036823215807
2, 2105, 0, 9223372036854775807, 0, 9223372036823200807
2, 2106, 0, 9223372036854775807, 0, 9223372036823185807
2, 2107, 0, 9223372036854775807, 0, 9223372036823170807
2, 2108, 0, 9223372036854775807, 0, 9223372036823155807
2, 2109, 0, 9223372036854775807, 0, 9223372036823140807
2, 211, 0, 9223372036854775807, 0, 9223372036851610807
2, 2110, 0, 9223372036854775807, 0, 9223372036823125807
2, 2111, 0, 9223372036854775807, 0, 9223372036823110807
2, 2112, 0, 9223372036854775807, 0, 9223372036823095807
2, 2113, 0, 9223372036854775807, 0, 9223372036823080807
2, 2114, 0, 9223372036854775807, 0, 9223372036823065807
2, 2115, 0, 9223372036854775807, 0, 9223372036823050807
2, 2116, 0, 9223372036854775807, 0, 9223372036823035807
2, 2117, 0, 9223372036854775807, 0, 9223372036823020807
2, 2118, 0, 9223372036854775807, 0, 9223372036823005807
2, 2119, 0, 9223372036854775807, 0, 9223372036822990807
2, 212, 0, 9223372036854775807, 0, 9223372036851595807
2, 2120, 0, 9223372036854775807, 0, 9223372036822975807
2, 2121, 0, 9223372036854775807, 0, 9223372036822960807
2, 2122, 0, 9223372036854775807, 0, 9223372036822945807
2, 2123, 0, 9223372036854775807, 0, 9223372036822930807
2, 2124, 0, 9223372036854775807, 0, 9223372036822915807
2, 2125, 0, 9223372036854775807, 0, 9223372036822900807
2, 2126, 0, 9223372036854775807, 0, 9223372036822885807
2, 2127, 0, 9223372036854775807, 0, 9223372036822870807
2, 2128, 0, 9223372036854775807, 0, 9223372036822855807
2, 2129, 0, 9223372036854775807, 0, 9223372036822840807
2, 213, 0, 9223372036854775807, 0, 9223372036851580807
2, 2130, 0, 9223372036854775807, 0, 9223372036822825807
2, 2131, 0, 9223372036854775807, 0, 9223372036822810807
2, 2132, 0, 9223372036854775807, 0, 9223372036822795807
2, 2133, 0, 9223372036854775807, 0, 9223372036822780807
2, 2134, 0, 9223372036854775807, 0, 9223372036822765807
2, 2135, 0, 9223372036854775807, 0, 9223372036822750807
2, 2136, 0, 9223372036854775807, 0, 9223372036822735807
2, 2137, 0, 9223372036854775807, 0, 9223372036822720807
2, 2138, 0, 9223372036854775807, 0, 9223372036822705807
2, 2139, 0, 9223372036854775807, 0, 9223372036822690807
2, 214, 0, 9223372036854775807, 0, 9223372036851565807
2, 2140, 0, 9223372036854775807, 0, 9223372036822675807
2, 2141, 0, 9223372036854775807, 0, 9223372036822660807
2, 2142, 0, 9223372036854775807, 0, 9223372036822645807
2, 2143, 0, 9223372036854775807, 0, 9223372036822630807
2, 2144, 0, 9223372036854775807, 0, 9223372036822615807
2, 2145, 0, 9223372036854775807, 0, 9223372036822600807
2, 2146, 0, 9223372036854775807, 0, 9223372036822585807
2, 2147, 0, 9223372036854775807, 0, 9223372036822570807
2, 2148, 0, 9223372036854775807, 0, 9223372036822555807
2, 2149, 0, 9223372036854775807, 0, 9223372036822540807
2, 215, 0, 9223372036854775807, 0, 9223372036851550807
2, 2150, 0, 9223372036854775807, 0, 9223372036822525807
2, 2151, 0, 9223372036854775807, 0, 9223372036822510807
2, 2152, 0, 9223372036854775807, 0, 9223372036822495807
2, 2153, 0, 9223372036854775807, 0, 9223372036822480807
2, 2154, 0, 9223372036854775807, 0, 9223372036822465807
2, 2155, 0, 9223372036854775807, 0, 9223372036822450807
2, 2156, 0, 9223372036854775807, 0, 9223372036822435807
2, 2157, 0, 9223372036854775807, 0, 9223372036822420807
2, 2158, 0, 9223372036854775807, 0, 9223372036822405807
2, 2159, 0, 9223372036854775807, 0, 9223372036822390807
2, 216, 0, 9223372036854775807, 0, 9223372036851535807
2, 2160, 0, 9223372036854775807, 0, 9223372036822375807
2, 2161, 0, 9223372036854775807, 0, 9223372036822360807
2, 2162, 0, 9223372036854775807, 0, 9223372036822345807
2, 2163, 0, 9223372036854775807, 0, 9223372036822330807
2, 2164, 0, 9223372036854775807, 0, 9223372036822315807
2, 2165, 0, 9223372036854775807, 0, 9223372036822300807
2, 2166, 0, 9223372036854775807, 0, 9223372036822285807
2, 2167, 0, 9223372036854775807, 0, 9223372036822270807
2, 2168, 0, 9223372036854775807, 0, 9223372036822255807
2, 2169, 0, 9223372036854775807, 0, 9223372036822240807
2, 217, 0, 9223372036854775807, 0, 9223372036851520807
2, 2170, 0, 9223372036854775807, 0, 9223372036822225807
2, 2171, 0, 9223372036854775807, 0, 9223372036822210807
2, 2172, 0, 9223372036854775807, 0, 9223372036822195807
2, 2173, 0, 9223372036854775807, 0, 9223372036822180807
2, 2174, 0, 9223372036854775807, 0, 9223372036822165807
2, 2175, 0, 9223372036854775807, 0, 9223372036822150807
2, 2176, 0, 9223372036854775807, 0, 9223372036822135807
2, 2177, 0, 9223372036854775807, 0, 9223372036822120807
2, 2178, 0, 9223372036854775807, 0, 9223372036822105807
2, 2179, 0, 9223372036854775807, 0, 9223372036822090807
2, 218, 0, 9223372036854775807, 0, 9223372036851505807
2, 2180, 0, 9223372036854775807, 0, 9223372036822075807
2, 2181, 0, 9223372036854775807, 0, 9223372036822060807
2, 2182, 0, 9223372036854775807, 0, 9223372036822045807
2, 2183, 0, 9223372036854775807, 0, 9223372036822030807
2, 2184, 0, 9223372036854775807, 0, 9223372036822015807
2, 2185, 0, 9223372036854775807, 0, 9223372036822000807
2, 2186, 0, 9223372036854775807, 0, 9223372036821985807
2, 2187, 0, 9223372036854775807, 0, 9223372036821970807
2, 2188, 0, 9223372036854775807, 0, 9223372036821955807
2, 2189, 0, 9223372036854775807, 0, 9223372036821940807
2, 219, 0, 9223372036854775807, 0, 9223372036851490807
2, 2190, 0, 9223372036854775807, 0, 9223372036821925807
2, 2191, 0, 9223372036854775807, 0, 9223372036821910807
2, 2192, 0, 9223372036854775807, 0, 9223372036821895807
2, 2193, 0, 9223372036854775807, 0, 9223372036821880807
2, 2194, 0, 9223372036854775807, 0, 9223372036821865807
2, 2195, 0, 9223372036854775807, 0, 9223372036821850807
2, 2196, 0, 9223372036854775807, 0, 9223372036821835807
2, 2197, 0, 9223372036854775807, 0, 9223372036821820807
2, 2198, 0, 9223372036854775807, 0, 9223372036821805807
2, 2199, 0, 9223372036854775807, 0, 9223372036821790807
2, 22, 0, 9223372036854775807, 0, 9223372036854445807
2, 220, 0, 9223372036854775807, 0, 9223372036851475807
2, 2200, 0, 9223372036854775807, 0, 9223372036821775807
2, 2201, 0, 9223372036854775807, 0, 9223372036821760807
2, 2202, 0, 9223372036854775807, 0, 9223372036821745807
2, 2203, 0, 9223372036854775807, 0, 9223372036821730807
2, 2204, 0, 9223372036854775807, 0, 9223372036821715807
2, 2205, 0, 9223372036854775807, 0, 9223372036821700807
2, 2206, 0, 9223372036854775807, 0, 9223372036821685807
2, 2207, 0, 9223372036854775807, 0, 9223372036821670807
2, 2208, 0, 9223372036854775807, 0, 9223372036821655807
2, 2209, 0, 9223372036854775807, 0, 9223372036821640807
2, 221, 0, 9223372036854775807, 0, 9223372036851460807
2, 2210, 0, 9223372036854775807, 0, 9223372036821625807
2, 2211, 0, 9223372036854775807, 0, 9223372036821610807
2, 2212, 0, 9223372036854775807, 0, 9223372036821595807
2, 2213, 0, 9223372036854775807, 0, 9223372036821580807
2, 2214, 0, 9223372036854775807, 0, 9223372036821565807
2, 2215, 0, 9223372036854775807, 0, 9223372036821550807
2, 2216, 0, 9223372036854775807, 0, 9223372036821535807
2, 2217, 0, 9223372036854775807, 0, 9223372036821520807
2, 2218, 0, 9223372036854775807, 0, 9223372036821505807
2, 2219, 0, 9223372036854775807, 0, 9223372036821490807
2, 222, 0, 9223372036854775807, 0, 9223372036851445807
2, 2220, 0, 9223372036854775807, 0, 9223372036821475807
2, 2221, 0, 9223372036854775807, 0, 9223372036821460807
2, 2222, 0, 9223372036854775807, 0, 9223372036821445807
2, 2223, 0, 9223372036854775807, 0, 9223372036821430807
2, 2224, 0, 9223372036854775807, 0, 9223372036821415807
2, 2225, 0, 9223372036854775807, 0, 9223372036821400807
2, 2226, 0, 9223372036854775807, 0, 9223372036821385807
2, 2227, 0, 9223372036854775807, 0, 9223372036821370807
2, 2228, 0, 9223372036854775807, 0, 9223372036821355807
2, 2229, 0, 9223372036854775807, 0, 9223372036821340807
2, 223, 0, 9223372036854775807, 0, 9223372036851430807
2, 2230, 0, 9223372036854775807, 0, 9223372036821325807
2, 2231, 0, 9223372036854775807, 0, 9223372036821310807
2, 2232, 0, 9223372036854775807, 0, 9223372036821295807
2, 2233, 0, 9223372036854775807, 0, 9223372036821280807
2, 2234, 0, 9223372036854775807, 0, 9223372036821265807
2, 2235, 0, 9223372036854775807, 0, 9223372036821250807
2, 2236, 0, 9223372036854775807, 0, 9223372036821235807
2, 2237, 0, 9223372036854775807, 0, 9223372036821220807
2, 2238, 0, 9223372036854775807, 0, 9223372036821205807
2, 2239, 0, 9223372036854775807, 0, 9223372036821190807
2, 224, 0, 9223372036854775807, 0, 9223372036851415807
2, 2240, 0, 9223372036854775807, 0, 9223372036821175807
2, 2241, 0, 9223372036854775807, 0, 9223372036821160807
2, 2242, 0, 9223372036854775807, 0, 9223372036821145807
2, 2243, 0, 9223372036854775807, 0, 9223372036821130807
2, 2244, 0, 9223372036854775807, 0, 9223372036821115807
2, 2245, 0, 9223372036854775807, 0, 9223372036821100807
2, 2246, 0, 9223372036854775807, 0, 9223372036821085807
2, 2247, 0, 9223372036854775807, 0, 9223372036821070807
2, 2248, 0, 9223372036854775807, 0, 9223372036821055807
2, 2249, 0, 9223372036854775807, 0, 9223372036821040807
2, 225, 0, 9223372036854775807, 0, 9223372036851400807
2, 2250, 0, 9223372036854775807, 0, 9223372036821025807
2, 2251, 0, 9223372036854775807, 0, 9223372036821010807
2, 2252, 0, 9223372036854775807, 0, 9223372036820995807
2, 2253, 0, 9223372036854775807, 0, 9223372036820980807
2, 2254, 0, 9223372036854775807, 0, 9223372036820965807
2, 2255, 0, 9223372036854775807, 0, 9223372036820950807
2, 2256, 0, 9223372036854775807, 0, 9223372036820935807
2, 2257, 0, 9223372036854775807, 0, 9223372036820920807
2, 2258, 0, 9223372036854775807, 0, 9223372036820905807
2, 2259, 0, 9223372036854775807, 0, 9223372036820890807
2, 226, 0, 9223372036854775807, 0, 9223372036851385807
2, 2260, 0, 9223372036854775807, 0, 9223372036820875807
2, 2261, 0, 9223372036854775807, 0, 9223372036820860807
2, 2262, 0, 9223372036854775807, 0, 9223372036820845807
2, 2263, 0, 9223372036854775807, 0, 9223372036820830807
2, 2264, 0, 9223372036854775807, 0, 9223372036820815807
2, 2265, 0, 9223372036854775807, 0, 9223372036820800807
2, 2266, 0, 9223372036854775807, 0, 9223372036820785807
2, 2267, 0, 9223372036854775807, 0, 9223372036820770807
2, 2268, 0, 9223372036854775807, 0, 9223372036820755807
2, 2269, 0, 9223372036854775807, 0, 9223372036820740807
2, 227, 0, 9223372036854775807, 0, 9223372036851370807
2, 2270, 0, 9223372036854775807, 0, 9223372036820725807
2, 2271, 0, 9223372036854775807, 0, 9223372036820710807
2, 2272, 0, 9223372036854775807, 0, 9223372036820695807
2, 2273, 0, 9223372036854775807, 0, 9223372036820680807
2, 2274, 0, 9223372036854775807, 0, 9223372036820665807
2, 2275, 0, 9223372036854775807, 0, 9223372036820650807
2, 2276, 0, 9223372036854775807, 0, 9223372036820635807
2, 2277, 0, 9223372036854775807, 0, 9223372036820620807
2, 2278, 0, 9223372036854775807, 0, 9223372036820605807
2, 2279, 0, 9223372036854775807, 0, 9223372036820590807
2, 228, 0, 9223372036854775807, 0, 9223372036851355807
2, 2280, 0, 9223372036854775807, 0, 9223372036820575807
2, 2281, 0, 9223372036854775807, 0, 9223372036820560807
2, 2282, 0, 9223372036854775807, 0, 9223372036820545807
2, 2283, 0, 9223372036854775807, 0, 9223372036820530807
2, 2284, 0, 9223372036854775807, 0, 9223372036820515807
2, 2285, 0, 9223372036854775807, 0, 9223372036820500807
2, 2286, 0, 9223372036854775807, 0, 9223372036820485807
2, 2287, 0, 9223372036854775807, 0, 9223372036820470807
2, 2288, 0, 9223372036854775807, 0, 9223372036820455807
2, 2289, 0, 9223372036854775807, 0, 9223372036820440807
2, 229, 0, 9223372036854775807, 0, 9223372036851340807
2, 2290, 0, 9223372036854775807, 0, 9223372036820425807
2, 2291, 0, 9223372036854775807, 0, 9223372036820410807
2, 2292, 0, 9223372036854775807, 0, 9223372036820395807
2, 2293, 0, 9223372036854775807, 0, 9223372036820380807
2, 2294, 0, 9223372036854775807, 0, 9223372036820365807
2, 2295, 0, 9223372036854775807, 0, 9223372036820350807
2, 2296, 0, 9223372036854775807, 0, 9223372036820335807
2, 2297, 0, 9223372036854775807, 0, 9223372036820320807
2, 2298, 0, 9223372036854775807, 0, 9223372036820305807
2, 2299, 0, 9223372036854775807, 0, 9223372036820290807
2, 23, 0, 9223372036854775807, 0, 9223372036854430807
2, 230, 0, 9223372036854775807, 0, 9223372036851325807
2, 2300, 0, 9223372036854775807, 0, 9223372036820275807
2, 2301, 0, 9223372036854775807, 0, 9223372036820260807
2, 2302, 0, 9223372036854775807, 0, 9223372036820245807
2, 2303, 0, 9223372036854775807, 0, 9223372036820230807
2, 2304, 0, 9223372036854775807, 0, 9223372036820215807
2, 2305, 0, 9223372036854775807, 0, 9223372036820200807
2, 2306, 0, 9223372036854775807, 0, 9223372036820185807
2, 2307, 0, 9223372036854775807, 0, 9223372036820170807
2, 2308, 0, 9223372036854775807, 0, 9223372036820155807
2, 2309, 0, 9223372036854775807, 0, 9223372036820140807
2, 231, 0, 9223372036854775807, 0, 9223372036851310807
2, 2310, 0, 9223372036854775807, 0, 9223372036820125807
2, 2311, 0, 9223372036854775807, 0, 9223372036820110807
2, 2312, 0, 9223372036854775807, 0, 9223372036820095807
2, 2313, 0, 9223372036854775807, 0, 9223372036820080807
2, 2314, 0, 9223372036854775807, 0, 9223372036820065807
2, 2315, 0, 9223372036854775807, 0, 9223372036820050807
2, 2316, 0, 9223372036854775807, 0, 9223372036820035807
2, 2317, 0, 9223372036854775807, 0, 9223372036820020807
2, 2318, 0, 9223372036854775807, 0, 9223372036820005807
2, 2319, 0, 9223372036854775807, 0, 9223372036819990807
2, 232, 0, 9223372036854775807, 0, 9223372036851295807
2, 2320, 0, 9223372036854775807, 0, 9223372036819975807
2, 2321, 0, 9223372036854775807, 0, 9223372036819960807
2, 2322, 0, 9223372036854775807, 0, 9223372036819945807
2, 2323, 0, 9223372036854775807, 0, 9223372036819930807
2, 2324, 0, 9223372036854775807, 0, 9223372036819915807
2, 2325, 0, 9223372036854775807, 0, 9223372036819900807
2, 2326, 0, 9223372036854775807, 0, 9223372036819885807
2, 2327, 0, 9223372036854775807, 0, 9223372036819870807
2, 2328, 0, 9223372036854775807, 0, 9223372036819855807
2, 2329, 0, 9223372036854775807, 0, 9223372036819840807
2, 233, 0, 9223372036854775807, 0, 9223372036851280807
2, 2330, 0, 9223372036854775807, 0, 9223372036819825807
2, 2331, 0, 9223372036854775807, 0, 9223372036819810807
2, 2332, 0, 9223372036854775807, 0, 9223372036819795807
2, 2333, 0, 9223372036854775807, 0, 9223372036819780807
2, 2334, 0, 9223372036854775807, 0, 9223372036819765807
2, 2335, 0, 9223372036854775807, 0, 9223372036819750807
2, 2336, 0, 9223372036854775807, 0, 9223372036819735807
2, 2337, 0, 9223372036854775807, 0, 9223372036819720807
2, 2338, 0, 9223372036854775807, 0, 9223372036819705807
2, 2339, 0, 9223372036854775807, 0, 9223372036819690807
2, 234, 0, 9223372036854775807, 0, 9223372036851265807
2, 2340, 0, 9223372036854775807, 0, 9223372036819675807
2, 2341, 0, 9223372036854775807, 0, 9223372036819660807
2, 2342, 0, 9223372036854775807, 0, 9223372036819645807
2, 2343, 0, 9223372036854775807, 0, 9223372036819630807
2, 2344, 0, 9223372036854775807, 0, 9223372036819615807
2, 2345, 0, 9223372036854775807, 0, 9223372036819600807
2, 2346, 0, 9223372036854775807, 0, 9223372036819585807
2, 2347, 0, 9223372036854775807, 0, 9223372036819570807
2, 2348, 0, 9223372036854775807, 0, 9223372036819555807
2, 2349, 0, 9223372036854775807, 0, 9223372036819540807
2, 235, 0, 9223372036854775807, 0, 9223372036851250807
2, 2350, 0, 9223372036854775807, 0, 9223372036819525807
2, 2351, 0, 9223372036854775807, 0, 9223372036819510807
2, 2352, 0, 9223372036854775807, 0, 9223372036819495807
2, 2353, 0, 9223372036854775807, 0, 9223372036819480807
2, 2354, 0, 9223372036854775807, 0, 9223372036819465807
2, 2355, 0, 9223372036854775807, 0, 9223372036819450807
2, 2356, 0, 9223372036854775807, 0, 9223372036819435807
2, 2357, 0, 9223372036854775807, 0, 9223372036819420807
2, 2358, 0, 9223372036854775807, 0, 9223372036819405807
2, 2359, 0, 9223372036854775807, 0, 9223372036819390807
2, 236, 0, 9223372036854775807, 0, 9223372036851235807
2, 2360, 0, 9223372036854775807, 0, 9223372036819375807
2, 2361, 0, 9223372036854775807, 0, 9223372036819360807
2, 2362, 0, 9223372036854775807, 0, 9223372036819345807
2, 2363, 0, 9223372036854775807, 0, 9223372036819330807
2, 2364, 0, 9223372036854775807, 0, 9223372036819315807
2, 2365, 0, 9223372036854775807, 0, 9223372036819300807
2, 2366, 0, 9223372036854775807, 0, 9223372036819285807
2, 2367, 0, 9223372036854775807, 0, 9223372036819270807
2, 2368, 0, 9223372036854775807, 0, 9223372036819255807
2, 2369, 0, 9223372036854775807, 0, 9223372036819240807
2, 237, 0, 9223372036854775807, 0, 9223372036851220807
2, 2370, 0, 9223372036854775807, 0, 9223372036819225807
2, 2371, 0, 9223372036854775807, 0, 9223372036819210807
2, 2372, 0, 9223372036854775807, 0, 9223372036819195807
2, 2373, 0, 9223372036854775807, 0, 9223372036819180807
2, 2374, 0, 9223372036854775807, 0, 9223372036819165807
2, 2375, 0, 9223372036854775807, 0, 9223372036819150807
2, 2376, 0, 9223372036854775807, 0, 9223372036819135807
2, 2377, 0, 9223372036854775807, 0, 9223372036819120807
2, 2378, 0, 9223372036854775807, 0, 9223372036819105807
2, 2379, 0, 9223372036854775807, 0, 9223372036819090807
2, 238, 0, 9223372036854775807, 0, 9223372036851205807
2, 2380, 0, 9223372036854775807, 0, 9223372036819075807
2, 2381, 0, 9223372036854775807, 0, 9223372036819060807
2, 2382, 0, 9223372036854775807, 0, 9223372036819045807
2, 2383, 0, 9223372036854775807, 0, 9223372036819030807
2, 2384, 0, 9223372036854775807, 0, 9223372036819015807
2, 2385, 0, 9223372036854775807, 0, 9223372036819000807
2, 2386, 0, 9223372036854775807, 0, 9223372036818985807
2, 2387, 0, 9223372036854775807, 0, 9223372036818970807
2, 2388, 0, 9223372036854775807, 0, 9223372036818955807
2, 2389, 0, 9223372036854775807, 0, 9223372036818940807
2, 239, 0, 9223372036854775807, 0, 9223372036851190807
2, 2390, 0, 9223372036854775807, 0, 9223372036818925807
2, 2391, 0, 9223372036854775807, 0, 9223372036818910807
2, 2392, 0, 9223372036854775807, 0, 9223372036818895807
2, 2393, 0, 9223372036854775807, 0, 9223372036818880807
2, 2394, 0, 9223372036854775807, 0, 9223372036818865807
2, 2395, 0, 9223372036854775807, 0, 9223372036818850807
2, 2396, 0, 9223372036854775807, 0, 9223372036818835807
2, 2397, 0, 9223372036854775807, 0, 9223372036818820807
2, 2398, 0, 9223372036854775807, 0, 9223372036818805807
2, 2399, 0, 9223372036854775807, 0, 9223372036818790807
2, 24, 0, 9223372036854775807, 0, 9223372036854415807
2, 240, 0, 9223372036854775807, 0, 9223372036851175807
2, 2400, 0, 9223372036854775807, 0, 9223372036818775807
2, 2401, 0, 9223372036854775807, 0, 9223372036818760807
2, 2402, 0, 9223372036854775807, 0, 9223372036818745807
2, 2403, 0, 9223372036854775807, 0, 9223372036818730807
2, 2404, 0, 9223372036854775807, 0, 9223372036818715807
2, 2405, 0, 9223372036854775807, 0, 9223372036818700807
2, 2406, 0, 9223372036854775807, 0, 9223372036818685807
2, 2407, 0, 9223372036854775807, 0, 9223372036818670807
2, 2408, 0, 9223372036854775807, 0, 9223372036818655807
2, 2409, 0, 9223372036854775807, 0, 9223372036818640807
2, 241, 0, 9223372036854775807, 0, 9223372036851160807
2, 2410, 0, 9223372036854775807, 0, 9223372036818625807
2, 2411, 0, 9223372036854775807, 0, 9223372036818610807
2, 2412, 0, 9223372036854775807, 0, 9223372036818595807
2, 2413, 0, 9223372036854775807, 0, 9223372036818580807
2, 2414, 0, 9223372036854775807, 0, 9223372036818565807
2, 2415, 0, 9223372036854775807, 0, 9223372036818550807
2, 2416, 0, 9223372036854775807, 0, 9223372036818535807
2, 2417, 0, 9223372036854775807, 0, 9223372036818520807
2, 2418, 0, 9223372036854775807, 0, 9223372036818505807
2, 2419, 0, 9223372036854775807, 0, 9223372036818490807
2, 242, 0, 9223372036854775807, 0, 9223372036851145807
2, 2420, 0, 9223372036854775807, 0, 9223372036818475807
2, 2421, 0, 9223372036854775807, 0, 9223372036818460807
2, 2422, 0, 9223372036854775807, 0, 9223372036818445807
2, 2423, 0, 9223372036854775807, 0, 9223372036818430807
2, 2424, 0, 9223372036854775807, 0, 9223372036818415807
2, 2425, 0, 9223372036854775807, 0, 9223372036818400807
2, 2426, 0, 9223372036854775807, 0, 9223372036818385807
2, 2427, 0, 9223372036854775807, 0, 9223372036818370807
2, 2428, 0, 9223372036854775807, 0, 9223372036818355807
2, 2429, 0, 9223372036854775807, 0, 9223372036818340807
2, 243, 0, 9223372036854775807, 0, 9223372036851130807
2, 2430, 0, 9223372036854775807, 0, 9223372036818325807
2, 2431, 0, 9223372036854775807, 0, 9223372036818310807
2, 2432, 0, 9223372036854775807, 0, 9223372036818295807
2, 2433, 0, 9223372036854775807, 0, 9223372036818280807
2, 2434, 0, 9223372036854775807, 0, 9223372036818265807
2, 2435, 0, 9223372036854775807, 0, 9223372036818250807
2, 2436, 0, 9223372036854775807, 0, 9223372036818235807
2, 2437, 0, 9223372036854775807, 0, 9223372036818220807
2, 2438, 0, 9223372036854775807, 0, 9223372036818205807
2, 2439, 0, 9223372036854775807, 0, 9223372036818190807
2, 244, 0, 9223372036854775807, 0, 9223372036851115807
2, 2440, 0, 9223372036854775807, 0, 9223372036818175807
2, 2441, 0, 9223372036854775807, 0, 9223372036818160807
2, 2442, 0, 9223372036854775807, 0, 9223372036818145807
2, 2443, 0, 9223372036854775807, 0, 9223372036818130807
2, 2444, 0, 9223372036854775807, 0, 9223372036818115807
2, 2445, 0, 9223372036854775807, 0, 9223372036818100807
2, 2446, 0, 9223372036854775807, 0, 9223372036818085807
2, 2447, 0, 9223372036854775807, 0, 9223372036818070807
2, 2448, 0, 9223372036854775807, 0, 9223372036818055807
2, 2449, 0, 9223372036854775807, 0, 9223372036818040807
2, 245, 0, 9223372036854775807, 0, 9223372036851100807
2, 2450, 0, 9223372036854775807, 0, 9223372036818025807
2, 2451, 0, 9223372036854775807, 0, 9223372036818010807
2, 2452, 0, 9223372036854775807, 0, 9223372036817995807
2, 2453, 0, 9223372036854775807, 0, 9223372036817980807
2, 2454, 0, 9223372036854775807, 0, 9223372036817965807
2, 2455, 0, 9223372036854775807, 0, 9223372036817950807
2, 2456, 0, 9223372036854775807, 0, 9223372036817935807
2, 2457, 0, 9223372036854775807, 0, 9223372036817920807
2, 2458, 0, 9223372036854775807, 0, 9223372036817905807
2, 2459, 0, 9223372036854775807, 0, 9223372036817890807
2, 246, 0, 9223372036854775807, 0, 9223372036851085807
2, 2460, 0, 9223372036854775807, 0, 9223372036817875807
2, 2461, 0, 9223372036854775807, 0, 9223372036817860807
2, 2462, 0, 9223372036854775807, 0, 9223372036817845807
2, 2463, 0, 9223372036854775807, 0, 9223372036817830807
2, 2464, 0, 9223372036854775807, 0, 9223372036817815807
2, 2465, 0, 9223372036854775807, 0, 9223372036817800807
2, 2466, 0, 9223372036854775807, 0, 9223372036817785807
2, 2467, 0, 9223372036854775807, 0, 9223372036817770807
2, 2468, 0, 9223372036854775807, 0, 9223372036817755807
2, 2469, 0, 9223372036854775807, 0, 9223372036817740807
2, 247, 0, 9223372036854775807, 0, 9223372036851070807
2, 2470, 0, 9223372036854775807, 0, 9223372036817725807
2, 2471, 0, 9223372036854775807, 0, 9223372036817710807
2, 2472, 0, 9223372036854775807, 0, 9223372036817695807
2, 2473, 0, 9223372036854775807, 0, 9223372036817680807
2, 2474, 0, 9223372036854775807, 0, 9223372036817665807
2, 2475, 0, 9223372036854775807, 0, 9223372036817650807
2, 2476, 0, 9223372036854775807, 0, 9223372036817635807
2, 2477, 0, 9223372036854775807, 0, 9223372036817620807
2, 2478, 0, 9223372036854775807, 0, 9223372036817605807
2, 2479, 0, 9223372036854775807, 0, 9223372036817590807
2, 248, 0, 9223372036854775807, 0, 9223372036851055807
2, 2480, 0, 9223372036854775807, 0, 9223372036817575807
2, 2481, 0, 9223372036854775807, 0, 9223372036817560807
2, 2482, 0, 9223372036854775807, 0, 9223372036817545807
2, 2483, 0, 9223372036854775807, 0, 9223372036817530807
2, 2484, 0, 9223372036854775807, 0, 9223372036817515807
2, 2485, 0, 9223372036854775807, 0, 9223372036817500807
2, 2486, 0, 9223372036854775807, 0, 9223372036817485807
2, 2487, 0, 9223372036854775807, 0, 9223372036817470807
2, 2488, 0, 9223372036854775807, 0, 9223372036817455807
2, 2489, 0, 9223372036854775807, 0, 9223372036817440807
2, 249, 0, 9223372036854775807, 0, 9223372036851040807
2, 2490, 0, 9223372036854775807, 0, 9223372036817425807
2, 2491, 0, 9223372036854775807, 0, 9223372036817410807
2, 2492, 0, 9223372036854775807, 0, 9223372036817395807
2, 2493, 0, 9223372036854775807, 0, 9223372036817380807
2, 2494, 0, 9223372036854775807, 0, 9223372036817365807
2, 2495, 0, 9223372036854775807, 0, 9223372036817350807
2, 2496, 0, 9223372036854775807, 0, 9223372036817335807
2, 2497, 0, 9223372036854775807, 0, 9223372036817320807
2, 2498, 0, 9223372036854775807, 0, 9223372036817305807
2, 2499, 0, 9223372036854775807, 0, 9223372036817290807
2, 25, 0, 9223372036854775807, 0, 9223372036854400807
2, 250, 0, 9223372036854775807, 0, 9223372036851025807
2, 2500, 0, 9223372036854775807, 0, 9223372036817275807
2, 2501, 0, 9223372036854775807, 0, 9223372036817260807
2, 2502, 0, 9223372036854775807, 0, 9223372036817245807
2, 2503, 0, 9223372036854775807, 0, 9223372036817230807
2, 2504, 0, 9223372036854775807, 0, 9223372036817215807
2, 2505, 0, 9223372036854775807, 0, 9223372036817200807
2, 2506, 0, 9223372036854775807, 0, 9223372036817185807
2, 2507, 0, 9223372036854775807, 0, 9223372036817170807
2, 2508, 0, 9223372036854775807, 0, 9223372036817155807
2, 2509, 0, 9223372036854775807, 0, 9223372036817140807
2, 251, 0, 9223372036854775807, 0, 9223372036851010807
2, 2510, 0, 9223372036854775807, 0, 9223372036817125807
2, 2511, 0, 9223372036854775807, 0, 9223372036817110807
2, 2512, 0, 9223372036854775807, 0, 9223372036817095807
2, 2513, 0, 9223372036854775807, 0, 9223372036817080807
2, 2514, 0, 9223372036854775807, 0, 9223372036817065807
2, 2515, 0, 9223372036854775807, 0, 9223372036817050807
2, 2516, 0, 9223372036854775807, 0, 9223372036817035807
2, 2517, 0, 9223372036854775807, 0, 9223372036817020807
2, 2518, 0, 9223372036854775807, 0, 9223372036817005807
2, 2519, 0, 9223372036854775807, 0, 9223372036816990807
2, 252, 0, 9223372036854775807, 0, 9223372036850995807
2, 2520, 0, 9223372036854775807, 0, 9223372036816975807
2, 2521, 0, 9223372036854775807, 0, 9223372036816960807
2, 2522, 0, 9223372036854775807, 0, 9223372036816945807
2, 2523, 0, 9223372036854775807, 0, 9223372036816930807
2, 2524, 0, 9223372036854775807, 0, 9223372036816915807
2, 2525, 0, 9223372036854775807, 0, 9223372036816900807
2, 2526, 0, 9223372036854775807, 0, 9223372036816885807
2, 2527, 0, 9223372036854775807, 0, 9223372036816870807
2, 2528, 0, 9223372036854775807, 0, 9223372036816855807
2, 2529, 0, 9223372036854775807, 0, 9223372036816840807
2, 253, 0, 9223372036854775807, 0, 9223372036850980807
2, 2530, 0, 9223372036854775807, 0, 9223372036816825807
2, 2531, 0, 9223372036854775807, 0, 9223372036816810807
2, 2532, 0, 9223372036854775807, 0, 9223372036816795807
2, 2533, 0, 9223372036854775807, 0, 9223372036816780807
2, 2534, 0, 9223372036854775807, 0, 9223372036816765807
2, 2535, 0, 9223372036854775807, 0, 9223372036816750807
2, 2536, 0, 9223372036854775807, 0, 9223372036816735807
2, 2537, 0, 9223372036854775807, 0, 9223372036816720807
2, 2538, 0, 9223372036854775807, 0, 9223372036816705807
2, 2539, 0, 9223372036854775807, 0, 9223372036816690807
2, 254, 0, 9223372036854775807, 0, 9223372036850965807
2, 2540, 0, 9223372036854775807, 0, 9223372036816675807
2, 2541, 0, 9223372036854775807, 0, 9223372036816660807
2, 2542, 0, 9223372036854775807, 0, 9223372036816645807
2, 2543, 0, 9223372036854775807, 0, 9223372036816630807
2, 2544, 0, 9223372036854775807, 0, 9223372036816615807
2, 2545, 0, 9223372036854775807, 0, 9223372036816600807
2, 2546, 0, 9223372036854775807, 0, 9223372036816585807
2, 2547, 0, 9223372036854775807, 0, 9223372036816570807
2, 2548, 0, 9223372036854775807, 0, 9223372036816555807
2, 2549, 0, 9223372036854775807, 0, 9223372036816540807
2, 255, 0, 9223372036854775807, 0, 9223372036850950807
2, 2550, 0, 9223372036854775807, 0, 9223372036816525807
2, 2551, 0, 9223372036854775807, 0, 9223372036816510807
2, 2552, 0, 9223372036854775807, 0, 9223372036816495807
2, 2553, 0, 9223372036854775807, 0, 9223372036816480807
2, 2554, 0, 9223372036854775807, 0, 9223372036816465807
2, 2555, 0, 9223372036854775807, 0, 9223372036816450807
2, 2556, 0, 9223372036854775807, 0, 9223372036816435807
2, 2557, 0, 9223372036854775807, 0, 9223372036816420807
2, 2558, 0, 9223372036854775807, 0, 9223372036816405807
2, 2559, 0, 9223372036854775807, 0, 9223372036816390807
2, 256, 0, 9223372036854775807, 0, 9223372036850935807
2, 2560, 0, 9223372036854775807, 0, 9223372036816375807
2, 2561, 0, 9223372036854775807, 0, 9223372036816360807
2, 2562, 0, 9223372036854775807, 0, 9223372036816345807
2, 2563, 0, 9223372036854775807, 0, 9223372036816330807
2, 2564, 0, 9223372036854775807, 0, 9223372036816315807
2, 2565, 0, 9223372036854775807, 0, 9223372036816300807
2, 2566, 0, 9223372036854775807, 0, 9223372036816285807
2, 2567, 0, 9223372036854775807, 0, 9223372036816270807
2, 2568, 0, 9223372036854775807, 0, 9223372036816255807
2, 2569, 0, 9223372036854775807, 0, 9223372036816240807
2, 257, 0, 9223372036854775807, 0, 9223372036850920807
2, 2570, 0, 9223372036854775807, 0, 9223372036816225807
2, 2571, 0, 9223372036854775807, 0, 9223372036816210807
2, 2572, 0, 9223372036854775807, 0, 9223372036816195807
2, 2573, 0, 9223372036854775807, 0, 9223372036816180807
2, 2574, 0, 9223372036854775807, 0, 9223372036816165807
2, 2575, 0, 9223372036854775807, 0, 9223372036816150807
2, 2576, 0, 9223372036854775807, 0, 9223372036816135807
2, 2577, 0, 9223372036854775807, 0, 9223372036816120807
2, 2578, 0, 9223372036854775807, 0, 9223372036816105807
2, 2579, 0, 9223372036854775807, 0, 9223372036816090807
2, 258, 0, 9223372036854775807, 0, 9223372036850905807
2, 2580, 0, 9223372036854775807, 0, 9223372036816075807
2, 2581, 0, 9223372036854775807, 0, 9223372036816060807
2, 2582, 0, 9223372036854775807, 0, 9223372036816045807
2, 2583, 0, 9223372036854775807, 0, 9223372036816030807
2, 2584, 0, 9223372036854775807, 0, 9223372036816015807
2, 2585, 0, 9223372036854775807, 0, 9223372036816000807
2, 2586, 0, 9223372036854775807, 0, 9223372036815985807
2, 2587, 0, 9223372036854775807, 0, 9223372036815970807
2, 2588, 0, 9223372036854775807, 0, 9223372036815955807
2, 2589, 0, 9223372036854775807, 0, 9223372036815940807
2, 259, 0, 9223372036854775807, 0, 9223372036850890807
2, 2590, 0, 9223372036854775807, 0, 9223372036815925807
2, 2591, 0, 9223372036854775807, 0, 9223372036815910807
2, 2592, 0, 9223372036854775807, 0, 9223372036815895807
2, 2593, 0, 9223372036854775807, 0, 9223372036815880807
2, 2594, 0, 9223372036854775807, 0, 9223372036815865807
2, 2595, 0, 9223372036854775807, 0, 9223372036815850807
2, 2596, 0, 9223372036854775807, 0, 9223372036815835807
2, 2597, 0, 9223372036854775807, 0, 9223372036815820807
2, 2598, 0, 9223372036854775807, 0, 9223372036815805807
2, 2599, 0, 9223372036854775807, 0, 9223372036815790807
2, 26, 0, 9223372036854775807, 0, 9223372036854385807
2, 260, 0, 9223372036854775807, 0, 9223372036850875807
2, 2600, 0, 9223372036854775807, 0, 9223372036815775807
2, 2601, 0, 9223372036854775807, 0, 9223372036815760807
2, 2602, 0, 9223372036854775807, 0, 9223372036815745807
2, 2603, 0, 9223372036854775807, 0, 9223372036815730807
2, 2604, 0, 9223372036854775807, 0, 9223372036815715807
2, 2605, 0, 9223372036854775807, 0, 9223372036815700807
2, 2606, 0, 9223372036854775807, 0, 9223372036815685807
2, 2607, 0, 9223372036854775807, 0, 9223372036815670807
2, 2608, 0, 9223372036854775807, 0, 9223372036815655807
2, 2609, 0, 9223372036854775807, 0, 9223372036815640807
2, 261, 0, 9223372036854775807, 0, 9223372036850860807
2, 2610, 0, 9223372036854775807, 0, 9223372036815625807
2, 2611, 0, 9223372036854775807, 0, 9223372036815610807
2, 2612, 0, 9223372036854775807, 0, 9223372036815595807
2, 2613, 0, 9223372036854775807, 0, 9223372036815580807
2, 2614, 0, 9223372036854775807, 0, 9223372036815565807
2, 2615, 0, 9223372036854775807, 0, 9223372036815550807
2, 2616, 0, 9223372036854775807, 0, 9223372036815535807
2, 2617, 0, 9223372036854775807, 0, 9223372036815520807
2, 2618, 0, 9223372036854775807, 0, 9223372036815505807
2, 2619, 0, 9223372036854775807, 0, 9223372036815490807
2, 262, 0, 9223372036854775807, 0, 9223372036850845807
2, 2620, 0, 9223372036854775807, 0, 9223372036815475807
2, 2621, 0, 9223372036854775807, 0, 9223372036815460807
2, 2622, 0, 9223372036854775807, 0, 9223372036815445807
2, 2623, 0, 9223372036854775807, 0, 9223372036815430807
2, 2624, 0, 9223372036854775807, 0, 9223372036815415807
2, 2625, 0, 9223372036854775807, 0, 9223372036815400807
2, 2626, 0, 9223372036854775807, 0, 9223372036815385807
2, 2627, 0, 9223372036854775807, 0, 9223372036815370807
2, 2628, 0, 9223372036854775807, 0, 9223372036815355807
2, 2629, 0, 9223372036854775807, 0, 9223372036815340807
2, 263, 0, 9223372036854775807, 0, 9223372036850830807
2, 2630, 0, 9223372036854775807, 0, 9223372036815325807
2, 2631, 0, 9223372036854775807, 0, 9223372036815310807
2, 2632, 0, 9223372036854775807, 0, 9223372036815295807
2, 2633, 0, 9223372036854775807, 0, 9223372036815280807
2, 2634, 0, 9223372036854775807, 0, 9223372036815265807
2, 2635, 0, 9223372036854775807, 0, 9223372036815250807
2, 2636, 0, 9223372036854775807, 0, 9223372036815235807
2, 2637, 0, 9223372036854775807, 0, 9223372036815220807
2, 2638, 0, 9223372036854775807, 0, 9223372036815205807
2, 2639, 0, 9223372036854775807, 0, 9223372036815190807
2, 264, 0, 9223372036854775807, 0, 9223372036850815807
2, 2640, 0, 9223372036854775807, 0, 9223372036815175807
2, 2641, 0, 9223372036854775807, 0, 9223372036815160807
2, 2642, 0, 9223372036854775807, 0, 9223372036815145807
2, 2643, 0, 9223372036854775807, 0, 9223372036815130807
2, 2644, 0, 9223372036854775807, 0, 9223372036815115807
2, 2645, 0, 9223372036854775807, 0, 9223372036815100807
2, 2646, 0, 9223372036854775807, 0, 9223372036815085807
2, 2647, 0, 9223372036854775807, 0, 9223372036815070807
2, 2648, 0, 9223372036854775807, 0, 9223372036815055807
2, 2649, 0, 9223372036854775807, 0, 9223372036815040807
2, 265, 0, 9223372036854775807, 0, 9223372036850800807
2, 2650, 0, 9223372036854775807, 0, 9223372036815025807
2, 2651, 0, 9223372036854775807, 0, 9223372036815010807
2, 2652, 0, 9223372036854775807, 0, 9223372036814995807
2, 2653, 0, 9223372036854775807, 0, 9223372036814980807
2, 2654, 0, 9223372036854775807, 0, 9223372036814965807
2, 2655, 0, 9223372036854775807, 0, 9223372036814950807
2, 2656, 0, 9223372036854775807, 0, 9223372036814935807
2, 2657, 0, 9223372036854775807, 0, 9223372036814920807
2, 2658, 0, 9223372036854775807, 0, 9223372036814905807
2, 2659, 0, 9223372036854775807, 0, 9223372036814890807
2, 266, 0, 9223372036854775807, 0, 9223372036850785807
2, 2660, 0, 9223372036854775807, 0, 9223372036814875807
2, 2661, 0, 9223372036854775807, 0, 9223372036814860807
2, 2662, 0, 9223372036854775807, 0, 9223372036814845807
2, 2663, 0, 9223372036854775807, 0, 9223372036814830807
2, 2664, 0, 9223372036854775807, 0, 9223372036814815807
2, 2665, 0, 9223372036854775807, 0, 9223372036814800807
2, 2666, 0, 9223372036854775807, 0, 9223372036814785807
2, 2667, 0, 9223372036854775807, 0, 9223372036814770807
2, 2668, 0, 9223372036854775807, 0, 9223372036814755807
2, 2669, 0, 9223372036854775807, 0, 9223372036814740807
2, 267, 0, 9223372036854775807, 0, 9223372036850770807
2, 2670, 0, 9223372036854775807, 0, 9223372036814725807
2, 2671, 0, 9223372036854775807, 0, 9223372036814710807
2, 2672, 0, 9223372036854775807, 0, 9223372036814695807
2, 2673, 0, 9223372036854775807, 0, 9223372036814680807
2, 2674, 0, 9223372036854775807, 0, 9223372036814665807
2, 2675, 0, 9223372036854775807, 0, 9223372036814650807
2, 2676, 0, 9223372036854775807, 0, 9223372036814635807
2, 2677, 0, 9223372036854775807, 0, 9223372036814620807
2, 2678, 0, 9223372036854775807, 0, 9223372036814605807
2, 2679, 0, 9223372036854775807, 0, 9223372036814590807
2, 268, 0, 9223372036854775807, 0, 9223372036850755807
2, 2680, 0, 9223372036854775807, 0, 9223372036814575807
2, 2681, 0, 9223372036854775807, 0, 9223372036814560807
2, 2682, 0, 9223372036854775807, 0, 9223372036814545807
2, 2683, 0, 9223372036854775807, 0, 9223372036814530807
2, 2684, 0, 9223372036854775807, 0, 9223372036814515807
2, 2685, 0, 9223372036854775807, 0, 9223372036814500807
2, 2686, 0, 9223372036854775807, 0, 9223372036814485807
2, 2687, 0, 9223372036854775807, 0, 9223372036814470807
2, 2688, 0, 9223372036854775807, 0, 9223372036814455807
2, 2689, 0, 9223372036854775807, 0, 9223372036814440807
2, 269, 0, 9223372036854775807, 0, 9223372036850740807
2, 2690, 0, 9223372036854775807, 0, 9223372036814425807
2, 2691, 0, 9223372036854775807, 0, 9223372036814410807
2, 2692, 0, 9223372036854775807, 0, 9223372036814395807
2, 2693, 0, 9223372036854775807, 0, 9223372036814380807
2, 2694, 0, 9223372036854775807, 0, 9223372036814365807
2, 2695, 0, 9223372036854775807, 0, 9223372036814350807
2, 2696, 0, 9223372036854775807, 0, 9223372036814335807
2, 2697, 0, 9223372036854775807, 0, 9223372036814320807
2, 2698, 0, 9223372036854775807, 0, 9223372036814305807
2, 2699, 0, 9223372036854775807, 0, 9223372036814290807
2, 27, 0, 9223372036854775807, 0, 9223372036854370807
2, 270, 0, 9223372036854775807, 0, 9223372036850725807
2, 2700, 0, 9223372036854775807, 0, 9223372036814275807
2, 2701, 0, 9223372036854775807, 0, 9223372036814260807
2, 2702, 0, 9223372036854775807, 0, 9223372036814245807
2, 2703, 0, 9223372036854775807, 0, 9223372036814230807
2, 2704, 0, 9223372036854775807, 0, 9223372036814215807
2, 2705, 0, 9223372036854775807, 0, 9223372036814200807
2, 2706, 0, 9223372036854775807, 0, 9223372036814185807
2, 2707, 0, 9223372036854775807, 0, 9223372036814170807
2, 2708, 0, 9223372036854775807, 0, 9223372036814155807
2, 2709, 0, 9223372036854775807, 0, 9223372036814140807
2, 271, 0, 9223372036854775807, 0, 9223372036850710807
2, 2710, 0, 9223372036854775807, 0, 9223372036814125807
2, 2711, 0, 9223372036854775807, 0, 9223372036814110807
2, 2712, 0, 9223372036854775807, 0, 9223372036814095807
2, 2713, 0, 9223372036854775807, 0, 9223372036814080807
2, 2714, 0, 9223372036854775807, 0, 9223372036814065807
2, 2715, 0, 9223372036854775807, 0, 9223372036814050807
2, 2716, 0, 9223372036854775807, 0, 9223372036814035807
2, 2717, 0, 9223372036854775807, 0, 9223372036814020807
2, 2718, 0, 9223372036854775807, 0, 9223372036814005807
2, 2719, 0, 9223372036854775807, 0, 9223372036813990807
2, 272, 0, 9223372036854775807, 0, 9223372036850695807
2, 2720, 0, 9223372036854775807, 0, 9223372036813975807
2, 2721, 0, 9223372036854775807, 0, 9223372036813960807
2, 2722, 0, 9223372036854775807, 0, 9223372036813945807
2, 2723, 0, 9223372036854775807, 0, 9223372036813930807
2, 2724, 0, 9223372036854775807, 0, 9223372036813915807
2, 2725, 0, 9223372036854775807, 0, 9223372036813900807
2, 2726, 0, 9223372036854775807, 0, 9223372036813885807
2, 2727, 0, 9223372036854775807, 0, 9223372036813870807
2, 2728, 0, 9223372036854775807, 0, 9223372036813855807
2, 2729, 0, 9223372036854775807, 0, 9223372036813840807
2, 273, 0, 9223372036854775807, 0, 9223372036850680807
2, 2730, 0, 9223372036854775807, 0, 9223372036813825807
2, 2731, 0, 9223372036854775807, 0, 9223372036813810807
2, 2732, 0, 9223372036854775807, 0, 9223372036813795807
2, 2733, 0, 9223372036854775807, 0, 9223372036813780807
2, 2734, 0, 9223372036854775807, 0, 9223372036813765807
2, 2735, 0, 9223372036854775807, 0, 9223372036813750807
2, 2736, 0, 9223372036854775807, 0, 9223372036813735807
2, 2737, 0, 9223372036854775807, 0, 9223372036813720807
2, 2738, 0, 9223372036854775807, 0, 9223372036813705807
2, 2739, 0, 9223372036854775807, 0, 9223372036813690807
2, 274, 0, 9223372036854775807, 0, 9223372036850665807
2, 2740, 0, 9223372036854775807, 0, 9223372036813675807
2, 2741, 0, 9223372036854775807, 0, 9223372036813660807
2, 2742, 0, 9223372036854775807, 0, 9223372036813645807
2, 2743, 0, 9223372036854775807, 0, 9223372036813630807
2, 2744, 0, 9223372036854775807, 0, 9223372036813615807
2, 2745, 0, 9223372036854775807, 0, 9223372036813600807
2, 2746, 0, 9223372036854775807, 0, 9223372036813585807
2, 2747, 0, 9223372036854775807, 0, 9223372036813570807
2, 2748, 0, 9223372036854775807, 0, 9223372036813555807
2, 2749, 0, 9223372036854775807, 0, 9223372036813540807
2, 275, 0, 9223372036854775807, 0, 9223372036850650807
2, 2750, 0, 9223372036854775807, 0, 9223372036813525807
2, 2751, 0, 9223372036854775807, 0, 9223372036813510807
2, 2752, 0, 9223372036854775807, 0, 9223372036813495807
2, 2753, 0, 9223372036854775807, 0, 9223372036813480807
2, 2754, 0, 9223372036854775807, 0, 9223372036813465807
2, 2755, 0, 9223372036854775807, 0, 9223372036813450807
2, 2756, 0, 9223372036854775807, 0, 9223372036813435807
2, 2757, 0, 9223372036854775807, 0, 9223372036813420807
2, 2758, 0, 9223372036854775807, 0, 9223372036813405807
2, 2759, 0, 9223372036854775807, 0, 9223372036813390807
2, 276, 0, 9223372036854775807, 0, 9223372036850635807
2, 2760, 0, 9223372036854775807, 0, 9223372036813375807
2, 2761, 0, 9223372036854775807, 0, 9223372036813360807
2, 2762, 0, 9223372036854775807, 0, 9223372036813345807
2, 2763, 0, 9223372036854775807, 0, 9223372036813330807
2, 2764, 0, 9223372036854775807, 0, 9223372036813315807
2, 2765, 0, 9223372036854775807, 0, 9223372036813300807
2, 2766, 0, 9223372036854775807, 0, 9223372036813285807
2, 2767, 0, 9223372036854775807, 0, 9223372036813270807
2, 2768, 0, 9223372036854775807, 0, 9223372036813255807
2, 2769, 0, 9223372036854775807, 0, 9223372036813240807
2, 277, 0, 9223372036854775807, 0, 9223372036850620807
2, 2770, 0, 9223372036854775807, 0, 9223372036813225807
2, 2771, 0, 9223372036854775807, 0, 9223372036813210807
2, 2772, 0, 9223372036854775807, 0, 9223372036813195807
2, 2773, 0, 9223372036854775807, 0, 9223372036813180807
2, 2774, 0, 9223372036854775807, 0, 9223372036813165807
2, 2775, 0, 9223372036854775807, 0, 9223372036813150807
2, 2776, 0, 9223372036854775807, 0, 9223372036813135807
2, 2777, 0, 9223372036854775807, 0, 9223372036813120807
2, 2778, 0, 9223372036854775807, 0, 9223372036813105807
2, 2779, 0, 9223372036854775807, 0, 9223372036813090807
2, 278, 0, 9223372036854775807, 0, 9223372036850605807
2, 2780, 0, 9223372036854775807, 0, 9223372036813075807
2, 2781, 0, 9223372036854775807, 0, 9223372036813060807
2, 2782, 0, 9223372036854775807, 0, 9223372036813045807
2, 2783, 0, 9223372036854775807, 0, 9223372036813030807
2, 2784, 0, 9223372036854775807, 0, 9223372036813015807
2, 2785, 0, 9223372036854775807, 0, 9223372036813000807
2, 2786, 0, 9223372036854775807, 0, 9223372036812985807
2, 2787, 0, 9223372036854775807, 0, 9223372036812970807
2, 2788, 0, 9223372036854775807, 0, 9223372036812955807
2, 2789, 0, 9223372036854775807, 0, 9223372036812940807
2, 279, 0, 9223372036854775807, 0, 9223372036850590807
2, 2790, 0, 9223372036854775807, 0, 9223372036812925807
2, 2791, 0, 9223372036854775807, 0, 9223372036812910807
2, 2792, 0, 9223372036854775807, 0, 9223372036812895807
2, 2793, 0, 9223372036854775807, 0, 9223372036812880807
2, 2794, 0, 9223372036854775807, 0, 9223372036812865807
2, 2795, 0, 9223372036854775807, 0, 9223372036812850807
2, 2796, 0, 9223372036854775807, 0, 9223372036812835807
2, 2797, 0, 9223372036854775807, 0, 9223372036812820807
2, 2798, 0, 9223372036854775807, 0, 9223372036812805807
2, 2799, 0, 9223372036854775807, 0, 9223372036812790807
2, 28, 0, 9223372036854775807, 0, 9223372036854355807
2, 280, 0, 9223372036854775807, 0, 9223372036850575807
2, 2800, 0, 9223372036854775807, 0, 9223372036812775807
2, 2801, 0, 9223372036854775807, 0, 9223372036812760807
2, 2802, 0, 9223372036854775807, 0, 9223372036812745807
2, 2803, 0, 9223372036854775807, 0, 9223372036812730807
2, 2804, 0, 9223372036854775807, 0, 9223372036812715807
2, 2805, 0, 9223372036854775807, 0, 9223372036812700807
2, 2806, 0, 9223372036854775807, 0, 9223372036812685807
2, 2807, 0, 9223372036854775807, 0, 9223372036812670807
2, 2808, 0, 9223372036854775807, 0, 9223372036812655807
2, 2809, 0, 9223372036854775807, 0, 9223372036812640807
2, 281, 0, 9223372036854775807, 0, 9223372036850560807
2, 2810, 0, 9223372036854775807, 0, 9223372036812625807
2, 2811, 0, 9223372036854775807, 0, 9223372036812610807
2, 2812, 0, 9223372036854775807, 0, 9223372036812595807
2, 2813, 0, 9223372036854775807, 0, 9223372036812580807
2, 2814, 0, 9223372036854775807, 0, 9223372036812565807
2, 2815, 0, 9223372036854775807, 0, 9223372036812550807
2, 2816, 0, 9223372036854775807, 0, 9223372036812535807
2, 2817, 0, 9223372036854775807, 0, 9223372036812520807
2, 2818, 0, 9223372036854775807, 0, 9223372036812505807
2, 2819, 0, 9223372036854775807, 0, 9223372036812490807
2, 282, 0, 9223372036854775807, 0, 9223372036850545807
2, 2820, 0, 9223372036854775807, 0, 9223372036812475807
2, 2821, 0, 9223372036854775807, 0, 9223372036812460807
2, 2822, 0, 9223372036854775807, 0, 9223372036812445807
2, 2823, 0, 9223372036854775807, 0, 9223372036812430807
2, 2824, 0, 9223372036854775807, 0, 9223372036812415807
2, 2825, 0, 9223372036854775807, 0, 9223372036812400807
2, 2826, 0, 9223372036854775807, 0, 9223372036812385807
2, 2827, 0, 9223372036854775807, 0, 9223372036812370807
2, 2828, 0, 9223372036854775807, 0, 9223372036812355807
2, 2829, 0, 9223372036854775807, 0, 9223372036812340807
2, 283, 0, 9223372036854775807, 0, 9223372036850530807
2, 2830, 0, 9223372036854775807, 0, 9223372036812325807
2, 2831, 0, 9223372036854775807, 0, 9223372036812310807
2, 2832, 0, 9223372036854775807, 0, 9223372036812295807
2, 2833, 0, 9223372036854775807, 0, 9223372036812280807
2, 2834, 0, 9223372036854775807, 0, 9223372036812265807
2, 2835, 0, 9223372036854775807, 0, 9223372036812250807
2, 2836, 0, 9223372036854775807, 0, 9223372036812235807
2, 2837, 0, 9223372036854775807, 0, 9223372036812220807
2, 2838, 0, 9223372036854775807, 0, 9223372036812205807
2, 2839, 0, 9223372036854775807, 0, 9223372036812190807
2, 284, 0, 9223372036854775807, 0, 9223372036850515807
2, 2840, 0, 9223372036854775807, 0, 9223372036812175807
2, 2841, 0, 9223372036854775807, 0, 9223372036812160807
2, 2842, 0, 9223372036854775807, 0, 9223372036812145807
2, 2843, 0, 9223372036854775807, 0, 9223372036812130807
2, 2844, 0, 9223372036854775807, 0, 9223372036812115807
2, 2845, 0, 9223372036854775807, 0, 9223372036812100807
2, 2846, 0, 9223372036854775807, 0, 9223372036812085807
2, 2847, 0, 9223372036854775807, 0, 9223372036812070807
2, 2848, 0, 9223372036854775807, 0, 9223372036812055807
2, 2849, 0, 9223372036854775807, 0, 9223372036812040807
2, 285, 0, 9223372036854775807, 0, 9223372036850500807
2, 2850, 0, 9223372036854775807, 0, 9223372036812025807
2, 2851, 0, 9223372036854775807, 0, 9223372036812010807
2, 2852, 0, 9223372036854775807, 0, 9223372036811995807
2, 2853, 0, 9223372036854775807, 0, 9223372036811980807
2, 2854, 0, 9223372036854775807, 0, 9223372036811965807
2, 2855, 0, 9223372036854775807, 0, 9223372036811950807
2, 2856, 0, 9223372036854775807, 0, 9223372036811935807
2, 2857, 0, 9223372036854775807, 0, 9223372036811920807
2, 2858, 0, 9223372036854775807, 0, 9223372036811905807
2, 2859, 0, 9223372036854775807, 0, 9223372036811890807
2, 286, 0, 9223372036854775807, 0, 9223372036850485807
2, 2860, 0, 9223372036854775807, 0, 9223372036811875807
2, 2861, 0, 9223372036854775807, 0, 9223372036811860807
2, 2862, 0, 9223372036854775807, 0, 9223372036811845807
2, 2863, 0, 9223372036854775807, 0, 9223372036811830807
2, 2864, 0, 9223372036854775807, 0, 9223372036811815807
2, 2865, 0, 9223372036854775807, 0, 9223372036811800807
2, 2866, 0, 9223372036854775807, 0, 9223372036811785807
2, 2867, 0, 9223372036854775807, 0, 9223372036811770807
2, 2868, 0, 9223372036854775807, 0, 9223372036811755807
2, 2869, 0, 9223372036854775807, 0, 9223372036811740807
2, 287, 0, 9223372036854775807, 0, 9223372036850470807
2, 2870, 0, 9223372036854775807, 0, 9223372036811725807
2, 2871, 0, 9223372036854775807, 0, 9223372036811710807
2, 2872, 0, 9223372036854775807, 0, 9223372036811695807
2, 2873, 0, 9223372036854775807, 0, 9223372036811680807
2, 2874, 0, 9223372036854775807, 0, 9223372036811665807
2, 2875, 0, 9223372036854775807, 0, 9223372036811650807
2, 2876, 0, 9223372036854775807, 0, 9223372036811635807
2, 2877, 0, 9223372036854775807, 0, 9223372036811620807
2, 2878, 0, 9223372036854775807, 0, 9223372036811605807
2, 2879, 0, 9223372036854775807, 0, 9223372036811590807
2, 288, 0, 9223372036854775807, 0, 9223372036850455807
2, 2880, 0, 9223372036854775807, 0, 9223372036811575807
2, 2881, 0, 9223372036854775807, 0, 9223372036811560807
2, 2882, 0, 9223372036854775807, 0, 9223372036811545807
2, 2883, 0, 9223372036854775807, 0, 9223372036811530807
2, 2884, 0, 9223372036854775807, 0, 9223372036811515807
2, 2885, 0, 9223372036854775807, 0, 9223372036811500807
2, 2886, 0, 9223372036854775807, 0, 9223372036811485807
2, 2887, 0, 9223372036854775807, 0, 9223372036811470807
2, 2888, 0, 9223372036854775807, 0, 9223372036811455807
2, 2889, 0, 9223372036854775807, 0, 9223372036811440807
2, 289, 0, 9223372036854775807, 0, 9223372036850440807
2, 2890, 0, 9223372036854775807, 0, 9223372036811425807
2, 2891, 0, 9223372036854775807, 0, 9223372036811410807
2, 2892, 0, 9223372036854775807, 0, 9223372036811395807
2, 2893, 0, 9223372036854775807, 0, 9223372036811380807
2, 2894, 0, 9223372036854775807, 0, 9223372036811365807
2, 2895, 0, 9223372036854775807, 0, 9223372036811350807
2, 2896, 0, 9223372036854775807, 0, 9223372036811335807
2, 2897, 0, 9223372036854775807, 0, 9223372036811320807
2, 2898, 0, 9223372036854775807, 0, 9223372036811305807
2, 2899, 0, 9223372036854775807, 0, 9223372036811290807
2, 29, 0, 9223372036854775807, 0, 9223372036854340807
2, 290, 0, 9223372036854775807, 0, 9223372036850425807
2, 2900, 0, 9223372036854775807, 0, 9223372036811275807
2, 2901, 0, 9223372036854775807, 0, 9223372036811260807
2, 2902, 0, 9223372036854775807, 0, 9223372036811245807
2, 2903, 0, 9223372036854775807, 0, 9223372036811230807
2, 2904, 0, 9223372036854775807, 0, 9223372036811215807
2, 2905, 0, 9223372036854775807, 0, 9223372036811200807
2, 2906, 0, 9223372036854775807, 0, 9223372036811185807
2, 2907, 0, 9223372036854775807, 0, 9223372036811170807
2, 2908, 0, 9223372036854775807, 0, 9223372036811155807
2, 2909, 0, 9223372036854775807, 0, 9223372036811140807
2, 291, 0, 9223372036854775807, 0, 9223372036850410807
2, 2910, 0, 9223372036854775807, 0, 9223372036811125807
2, 2911, 0, 9223372036854775807, 0, 9223372036811110807
2, 2912, 0, 9223372036854775807, 0, 9223372036811095807
2, 2913, 0, 9223372036854775807, 0, 9223372036811080807
2, 2914, 0, 9223372036854775807, 0, 9223372036811065807
2, 2915, 0, 9223372036854775807, 0, 9223372036811050807
2, 2916, 0, 9223372036854775807, 0, 9223372036811035807
2, 2917, 0, 9223372036854775807, 0, 9223372036811020807
2, 2918, 0, 9223372036854775807, 0, 9223372036811005807
2, 2919, 0, 9223372036854775807, 0, 9223372036810990807
2, 292, 0, 9223372036854775807, 0, 9223372036850395807
2, 2920, 0, 9223372036854775807, 0, 9223372036810975807
2, 2921, 0, 9223372036854775807, 0, 9223372036810960807
2, 2922, 0, 9223372036854775807, 0, 9223372036810945807
2, 2923, 0, 9223372036854775807, 0, 9223372036810930807
2, 2924, 0, 9223372036854775807, 0, 9223372036810915807
2, 2925, 0, 9223372036854775807, 0, 9223372036810900807
2, 2926, 0, 9223372036854775807, 0, 9223372036810885807
2, 2927, 0, 9223372036854775807, 0, 9223372036810870807
2, 2928, 0, 9223372036854775807, 0, 9223372036810855807
2, 2929, 0, 9223372036854775807, 0, 9223372036810840807
2, 293, 0, 9223372036854775807, 0, 9223372036850380807
2, 2930, 0, 9223372036854775807, 0, 9223372036810825807
2, 2931, 0, 9223372036854775807, 0, 9223372036810810807
2, 2932, 0, 9223372036854775807, 0, 9223372036810795807
2, 2933, 0, 9223372036854775807, 0, 9223372036810780807
2, 2934, 0, 9223372036854775807, 0, 9223372036810765807
2, 2935, 0, 9223372036854775807, 0, 9223372036810750807
2, 2936, 0, 9223372036854775807, 0, 9223372036810735807
2, 2937, 0, 9223372036854775807, 0, 9223372036810720807
2, 2938, 0, 9223372036854775807, 0, 9223372036810705807
2, 2939, 0, 9223372036854775807, 0, 9223372036810690807
2, 294, 0, 9223372036854775807, 0, 9223372036850365807
2, 2940, 0, 9223372036854775807, 0, 9223372036810675807
2, 2941, 0, 9223372036854775807, 0, 9223372036810660807
2, 2942, 0, 9223372036854775807, 0, 9223372036810645807
2, 2943, 0, 9223372036854775807, 0, 9223372036810630807
2, 2944, 0, 9223372036854775807, 0, 9223372036810615807
2, 2945, 0, 9223372036854775807, 0, 9223372036810600807
2, 2946, 0, 9223372036854775807, 0, 9223372036810585807
2, 2947, 0, 9223372036854775807, 0, 9223372036810570807
2, 2948, 0, 9223372036854775807, 0, 9223372036810555807
2, 2949, 0, 9223372036854775807, 0, 9223372036810540807
2, 295, 0, 9223372036854775807, 0, 9223372036850350807
2, 2950, 0, 9223372036854775807, 0, 9223372036810525807
2, 2951, 0, 9223372036854775807, 0, 9223372036810510807
2, 2952, 0, 9223372036854775807, 0, 9223372036810495807
2, 2953, 0, 9223372036854775807, 0, 9223372036810480807
2, 2954, 0, 9223372036854775807, 0, 9223372036810465807
2, 2955, 0, 9223372036854775807, 0, 9223372036810450807
2, 2956, 0, 9223372036854775807, 0, 9223372036810435807
2, 2957, 0, 9223372036854775807, 0, 9223372036810420807
2, 2958, 0, 9223372036854775807, 0, 9223372036810405807
2, 2959, 0, 9223372036854775807, 0, 9223372036810390807
2, 296, 0, 9223372036854775807, 0, 9223372036850335807
2, 2960, 0, 9223372036854775807, 0, 9223372036810375807
2, 2961, 0, 9223372036854775807, 0, 9223372036810360807
2, 2962, 0, 9223372036854775807, 0, 9223372036810345807
2, 2963, 0, 9223372036854775807, 0, 9223372036810330807
2, 2964, 0, 9223372036854775807, 0, 9223372036810315807
2, 2965, 0, 9223372036854775807, 0, 9223372036810300807
2, 2966, 0, 9223372036854775807, 0, 9223372036810285807
2, 2967, 0, 9223372036854775807, 0, 9223372036810270807
2, 2968, 0, 9223372036854775807, 0, 9223372036810255807
2, 2969, 0, 9223372036854775807, 0, 9223372036810240807
2, 297, 0, 9223372036854775807, 0, 9223372036850320807
2, 2970, 0, 9223372036854775807, 0, 9223372036810225807
2, 2971, 0, 9223372036854775807, 0, 9223372036810210807
2, 2972, 0, 9223372036854775807, 0, 9223372036810195807
2, 2973, 0, 9223372036854775807, 0, 9223372036810180807
2, 2974, 0, 9223372036854775807, 0, 9223372036810165807
2, 2975, 0, 9223372036854775807, 0, 9223372036810150807
2, 2976, 0, 9223372036854775807, 0, 9223372036810135807
2, 2977, 0, 9223372036854775807, 0, 9223372036810120807
2, 2978, 0, 9223372036854775807, 0, 9223372036810105807
2, 2979, 0, 9223372036854775807, 0, 9223372036810090807
2, 298, 0, 9223372036854775807, 0, 9223372036850305807
2, 2980, 0, 9223372036854775807, 0, 9223372036810075807
2, 2981, 0, 9223372036854775807, 0, 9223372036810060807
2, 2982, 0, 9223372036854775807, 0, 9223372036810045807
2, 2983, 0, 9223372036854775807, 0, 9223372036810030807
2, 2984, 0, 9223372036854775807, 0, 9223372036810015807
2, 2985, 0, 9223372036854775807, 0, 9223372036810000807
2, 2986, 0, 9223372036854775807, 0, 9223372036809985807
2, 2987, 0, 9223372036854775807, 0, 9223372036809970807
2, 2988, 0, 9223372036854775807, 0, 9223372036809955807
2, 2989, 0, 9223372036854775807, 0, 9223372036809940807
2, 299, 0, 9223372036854775807, 0, 9223372036850290807
2, 2990, 0, 9223372036854775807, 0, 9223372036809925807
2, 2991, 0, 9223372036854775807, 0, 9223372036809910807
2, 2992, 0, 9223372036854775807, 0, 9223372036809895807
2, 2993, 0, 9223372036854775807, 0, 9223372036809880807
2, 2994, 0, 9223372036854775807, 0, 9223372036809865807
2, 2995, 0, 9223372036854775807, 0, 9223372036809850807
2, 2996, 0, 9223372036854775807, 0, 9223372036809835807
2, 2997, 0, 9223372036854775807, 0, 9223372036809820807
2, 2998, 0, 9223372036854775807, 0, 9223372036809805807
2, 2999, 0, 9223372036854775807, 0, 9223372036809790807
2, 3, 0, 9223372036854775807, 0, 9223372036854730807
2, 30, 0, 9223372036854775807, 0, 9223372036854325807
2, 300, 0, 9223372036854775807, 0, 9223372036850275807
2, 3000, 0, 9223372036854775807, 0, 9223372036809775807
2, 3001, 0, 9223372036854775807, 0, 9223372036809760807
2, 3002, 0, 9223372036854775807, 0, 9223372036809745807
2, 3003, 0, 9223372036854775807, 0, 9223372036809730807
2, 3004, 0, 9223372036854775807, 0, 9223372036809715807
2, 3005, 0, 9223372036854775807, 0, 9223372036809700807
2, 3006, 0, 9223372036854775807, 0, 9223372036809685807
2, 3007, 0, 9223372036854775807, 0, 9223372036809670807
2, 3008, 0, 9223372036854775807, 0, 9223372036809655807
2, 3009, 0, 9223372036854775807, 0, 9223372036809640807
2, 301, 0, 9223372036854775807, 0, 9223372036850260807
2, 3010, 0, 9223372036854775807, 0, 9223372036809625807
2, 3011, 0, 9223372036854775807, 0, 9223372036809610807
2, 3012, 0, 9223372036854775807, 0, 9223372036809595807
2, 3013, 0, 9223372036854775807, 0, 9223372036809580807
2, 3014, 0, 9223372036854775807, 0, 9223372036809565807
2, 3015, 0, 9223372036854775807, 0, 9223372036809550807
2, 3016, 0, 9223372036854775807, 0, 9223372036809535807
2, 3017, 0, 9223372036854775807, 0, 9223372036809520807
2, 3018, 0, 9223372036854775807, 0, 9223372036809505807
2, 3019, 0, 9223372036854775807, 0, 9223372036809490807
2, 302, 0, 9223372036854775807, 0, 9223372036850245807
2, 3020, 0, 9223372036854775807, 0, 9223372036809475807
2, 3021, 0, 9223372036854775807, 0, 9223372036809460807
2, 3022, 0, 9223372036854775807, 0, 9223372036809445807
2, 3023, 0, 9223372036854775807, 0, 9223372036809430807
2, 3024, 0, 9223372036854775807, 0, 9223372036809415807
2, 3025, 0, 9223372036854775807, 0, 9223372036809400807
2, 3026, 0, 9223372036854775807, 0, 9223372036809385807
2, 3027, 0, 9223372036854775807, 0, 9223372036809370807
2, 3028, 0, 9223372036854775807, 0, 9223372036809355807
2, 3029, 0, 9223372036854775807, 0, 9223372036809340807
2, 303, 0, 9223372036854775807, 0, 9223372036850230807
2, 3030, 0, 9223372036854775807, 0, 9223372036809325807
2, 3031, 0, 9223372036854775807, 0, 9223372036809310807
2, 3032, 0, 9223372036854775807, 0, 9223372036809295807
2, 3033, 0, 9223372036854775807, 0, 9223372036809280807
2, 3034, 0, 9223372036854775807, 0, 9223372036809265807
2, 3035, 0, 9223372036854775807, 0, 9223372036809250807
2, 3036, 0, 9223372036854775807, 0, 9223372036809235807
2, 3037, 0, 9223372036854775807, 0, 9223372036809220807
2, 3038, 0, 9223372036854775807, 0, 9223372036809205807
2, 3039, 0, 9223372036854775807, 0, 9223372036809190807
2, 304, 0, 9223372036854775807, 0, 9223372036850215807
2, 3040, 0, 9223372036854775807, 0, 9223372036809175807
2, 3041, 0, 9223372036854775807, 0, 9223372036809160807
2, 3042, 0, 9223372036854775807, 0, 9223372036809145807
2, 3043, 0, 9223372036854775807, 0, 9223372036809130807
2, 3044, 0, 9223372036854775807, 0, 9223372036809115807
2, 3045, 0, 9223372036854775807, 0, 9223372036809100807
2, 3046, 0, 9223372036854775807, 0, 9223372036809085807
2, 3047, 0, 9223372036854775807, 0, 9223372036809070807
2, 3048, 0, 9223372036854775807, 0, 9223372036809055807
2, 3049, 0, 9223372036854775807, 0, 9223372036809040807
2, 305, 0, 9223372036854775807, 0, 9223372036850200807
2, 3050, 0, 9223372036854775807, 0, 9223372036809025807
2, 3051, 0, 9223372036854775807, 0, 9223372036809010807
2, 3052, 0, 9223372036854775807, 0, 9223372036808995807
2, 3053, 0, 9223372036854775807, 0, 9223372036808980807
2, 3054, 0, 9223372036854775807, 0, 9223372036808965807
2, 3055, 0, 9223372036854775807, 0, 9223372036808950807
2, 3056, 0, 9223372036854775807, 0, 9223372036808935807
2, 3057, 0, 9223372036854775807, 0, 9223372036808920807
2, 3058, 0, 9223372036854775807, 0, 9223372036808905807
2, 3059, 0, 9223372036854775807, 0, 9223372036808890807
2, 306, 0, 9223372036854775807, 0, 9223372036850185807
2, 3060, 0, 9223372036854775807, 0, 9223372036808875807
2, 3061, 0, 9223372036854775807, 0, 9223372036808860807
2, 3062, 0, 9223372036854775807, 0, 9223372036808845807
2, 3063, 0, 9223372036854775807, 0, 9223372036808830807
2, 3064, 0, 9223372036854775807, 0, 9223372036808815807
2, 3065, 0, 9223372036854775807, 0, 9223372036808800807
2, 3066, 0, 9223372036854775807, 0, 9223372036808785807
2, 3067, 0, 9223372036854775807, 0, 9223372036808770807
2, 3068, 0, 9223372036854775807, 0, 9223372036808755807
2, 3069, 0, 9223372036854775807, 0, 9223372036808740807
2, 307, 0, 9223372036854775807, 0, 9223372036850170807
2, 3070, 0, 9223372036854775807, 0, 9223372036808725807
2, 3071, 0, 9223372036854775807, 0, 9223372036808710807
2, 3072, 0, 9223372036854775807, 0, 9223372036808695807
2, 3073, 0, 9223372036854775807, 0, 9223372036808680807
2, 3074, 0, 9223372036854775807, 0, 9223372036808665807
2, 3075, 0, 9223372036854775807, 0, 9223372036808650807
2, 3076, 0, 9223372036854775807, 0, 9223372036808635807
2, 3077, 0, 9223372036854775807, 0, 9223372036808620807
2, 3078, 0, 9223372036854775807, 0, 9223372036808605807
2, 3079, 0, 9223372036854775807, 0, 9223372036808590807
2, 308, 0, 9223372036854775807, 0, 9223372036850155807
2, 3080, 0, 9223372036854775807, 0, 9223372036808575807
2, 3081, 0, 9223372036854775807, 0, 9223372036808560807
2, 3082, 0, 9223372036854775807, 0, 9223372036808545807
2, 3083, 0, 9223372036854775807, 0, 9223372036808530807
2, 3084, 0, 9223372036854775807, 0, 9223372036808515807
2, 3085, 0, 9223372036854775807, 0, 9223372036808500807
2, 3086, 0, 9223372036854775807, 0, 9223372036808485807
2, 3087, 0, 9223372036854775807, 0, 9223372036808470807
2, 3088, 0, 9223372036854775807, 0, 9223372036808455807
2, 3089, 0, 9223372036854775807, 0, 9223372036808440807
2, 309, 0, 9223372036854775807, 0, 9223372036850140807
2, 3090, 0, 9223372036854775807, 0, 9223372036808425807
2, 3091, 0, 9223372036854775807, 0, 9223372036808410807
2, 3092, 0, 9223372036854775807, 0, 9223372036808395807
2, 3093, 0, 9223372036854775807, 0, 9223372036808380807
2, 3094, 0, 9223372036854775807, 0, 9223372036808365807
2, 3095, 0, 9223372036854775807, 0, 9223372036808350807
2, 3096, 0, 9223372036854775807, 0, 9223372036808335807
2, 3097, 0, 9223372036854775807, 0, 9223372036808320807
2, 3098, 0, 9223372036854775807, 0, 9223372036808305807
2, 3099, 0, 9223372036854775807, 0, 9223372036808290807
2, 31, 0, 9223372036854775807, 0, 9223372036854310807
2, 310, 0, 9223372036854775807, 0, 9223372036850125807
2, 3100, 0, 9223372036854775807, 0, 9223372036808275807
2, 3101, 0, 9223372036854775807, 0, 9223372036808260807
2, 3102, 0, 9223372036854775807, 0, 9223372036808245807
2, 3103, 0, 9223372036854775807, 0, 9223372036808230807
2, 3104, 0, 9223372036854775807, 0, 9223372036808215807
2, 3105, 0, 9223372036854775807, 0, 9223372036808200807
2, 3106, 0, 9223372036854775807, 0, 9223372036808185807
2, 3107, 0, 9223372036854775807, 0, 9223372036808170807
2, 3108, 0, 9223372036854775807, 0, 9223372036808155807
2, 3109, 0, 9223372036854775807, 0, 9223372036808140807
2, 311, 0, 9223372036854775807, 0, 9223372036850110807
2, 3110, 0, 9223372036854775807, 0, 9223372036808125807
2, 3111, 0, 9223372036854775807, 0, 9223372036808110807
2, 3112, 0, 9223372036854775807, 0, 9223372036808095807
2, 3113, 0, 9223372036854775807, 0, 9223372036808080807
2, 3114, 0, 9223372036854775807, 0, 9223372036808065807
2, 3115, 0, 9223372036854775807, 0, 9223372036808050807
2, 3116, 0, 9223372036854775807, 0, 9223372036808035807
2, 3117, 0, 9223372036854775807, 0, 9223372036808020807
2, 3118, 0, 9223372036854775807, 0, 9223372036808005807
2, 3119, 0, 9223372036854775807, 0, 9223372036807990807
2, 312, 0, 9223372036854775807, 0, 9223372036850095807
2, 3120, 0, 9223372036854775807, 0, 9223372036807975807
2, 3121, 0, 9223372036854775807, 0, 9223372036807960807
2, 3122, 0, 9223372036854775807, 0, 9223372036807945807
2, 3123, 0, 9223372036854775807, 0, 9223372036807930807
2, 3124, 0, 9223372036854775807, 0, 9223372036807915807
2, 3125, 0, 9223372036854775807, 0, 9223372036807900807
2, 3126, 0, 9223372036854775807, 0, 9223372036807885807
2, 3127, 0, 9223372036854775807, 0, 9223372036807870807
2, 3128, 0, 9223372036854775807, 0, 9223372036807855807
2, 3129, 0, 9223372036854775807, 0, 9223372036807840807
2, 313, 0, 9223372036854775807, 0, 9223372036850080807
2, 3130, 0, 9223372036854775807, 0, 9223372036807825807
2, 3131, 0, 9223372036854775807, 0, 9223372036807810807
2, 3132, 0, 9223372036854775807, 0, 9223372036807795807
2, 3133, 0, 9223372036854775807, 0, 9223372036807780807
2, 3134, 0, 9223372036854775807, 0, 9223372036807765807
2, 3135, 0, 9223372036854775807, 0, 9223372036807750807
2, 3136, 0, 9223372036854775807, 0, 9223372036807735807
2, 3137, 0, 9223372036854775807, 0, 9223372036807720807
2, 3138, 0, 9223372036854775807, 0, 9223372036807705807
2, 3139, 0, 9223372036854775807, 0, 9223372036807690807
2, 314, 0, 9223372036854775807, 0, 9223372036850065807
2, 3140, 0, 9223372036854775807, 0, 9223372036807675807
2, 3141, 0, 9223372036854775807, 0, 9223372036807660807
2, 3142, 0, 9223372036854775807, 0, 9223372036807645807
2, 3143, 0, 9223372036854775807, 0, 9223372036807630807
2, 3144, 0, 9223372036854775807, 0, 9223372036807615807
2, 3145, 0, 9223372036854775807, 0, 9223372036807600807
2, 3146, 0, 9223372036854775807, 0, 9223372036807585807
2, 3147, 0, 9223372036854775807, 0, 9223372036807570807
2, 3148, 0, 9223372036854775807, 0, 9223372036807555807
2, 3149, 0, 9223372036854775807, 0, 9223372036807540807
2, 315, 0, 9223372036854775807, 0, 9223372036850050807
2, 3150, 0, 9223372036854775807, 0, 9223372036807525807
2, 3151, 0, 9223372036854775807, 0, 9223372036807510807
2, 3152, 0, 9223372036854775807, 0, 9223372036807495807
2, 3153, 0, 9223372036854775807, 0, 9223372036807480807
2, 3154, 0, 9223372036854775807, 0, 9223372036807465807
2, 3155, 0, 9223372036854775807, 0, 9223372036807450807
2, 3156, 0, 9223372036854775807, 0, 9223372036807435807
2, 3157, 0, 9223372036854775807, 0, 9223372036807420807
2, 3158, 0, 9223372036854775807, 0, 9223372036807405807
2, 3159, 0, 9223372036854775807, 0, 9223372036807390807
2, 316, 0, 9223372036854775807, 0, 9223372036850035807
2, 3160, 0, 9223372036854775807, 0, 9223372036807375807
2, 3161, 0, 9223372036854775807, 0, 9223372036807360807
2, 3162, 0, 9223372036854775807, 0, 9223372036807345807
2, 3163, 0, 9223372036854775807, 0, 9223372036807330807
2, 3164, 0, 9223372036854775807, 0, 9223372036807315807
2, 3165, 0, 9223372036854775807, 0, 9223372036807300807
2, 3166, 0, 9223372036854775807, 0, 9223372036807285807
2, 3167, 0, 9223372036854775807, 0, 9223372036807270807
2, 3168, 0, 9223372036854775807, 0, 9223372036807255807
2, 3169, 0, 9223372036854775807, 0, 9223372036807240807
2, 317, 0, 9223372036854775807, 0, 9223372036850020807
2, 3170, 0, 9223372036854775807, 0, 9223372036807225807
2, 3171, 0, 9223372036854775807, 0, 9223372036807210807
2, 3172, 0, 9223372036854775807, 0, 9223372036807195807
2, 3173, 0, 9223372036854775807, 0, 9223372036807180807
2, 3174, 0, 9223372036854775807, 0, 9223372036807165807
2, 3175, 0, 9223372036854775807, 0, 9223372036807150807
2, 3176, 0, 9223372036854775807, 0, 9223372036807135807
2, 3177, 0, 9223372036854775807, 0, 9223372036807120807
2, 3178, 0, 9223372036854775807, 0, 9223372036807105807
2, 3179, 0, 9223372036854775807, 0, 9223372036807090807
2, 318, 0, 9223372036854775807, 0, 9223372036850005807
2, 3180, 0, 9223372036854775807, 0, 9223372036807075807
2, 3181, 0, 9223372036854775807, 0, 9223372036807060807
2, 3182, 0, 9223372036854775807, 0, 9223372036807045807
2, 3183, 0, 9223372036854775807, 0, 9223372036807030807
2, 3184, 0, 9223372036854775807, 0, 9223372036807015807
2, 3185, 0, 9223372036854775807, 0, 9223372036807000807
2, 3186, 0, 9223372036854775807, 0, 9223372036806985807
2, 3187, 0, 9223372036854775807, 0, 9223372036806970807
2, 3188, 0, 9223372036854775807, 0, 9223372036806955807
2, 3189, 0, 9223372036854775807, 0, 9223372036806940807
2, 319, 0, 9223372036854775807, 0, 9223372036849990807
2, 3190, 0, 9223372036854775807, 0, 9223372036806925807
2, 3191, 0, 9223372036854775807, 0, 9223372036806910807
2, 3192, 0, 9223372036854775807, 0, 9223372036806895807
2, 3193, 0, 9223372036854775807, 0, 9223372036806880807
2, 3194, 0, 9223372036854775807, 0, 9223372036806865807
2, 3195, 0, 9223372036854775807, 0, 9223372036806850807
2, 3196, 0, 9223372036854775807, 0, 9223372036806835807
2, 3197, 0, 9223372036854775807, 0, 9223372036806820807
2, 3198, 0, 9223372036854775807, 0, 9223372036806805807
2, 3199, 0, 9223372036854775807, 0, 9223372036806790807
2, 32, 0, 9223372036854775807, 0, 9223372036854295807
2, 320, 0, 9223372036854775807, 0, 9223372036849975807
2, 3200, 0, 9223372036854775807, 0, 9223372036806775807
2, 3201, 0, 9223372036854775807, 0, 9223372036806760807
2, 3202, 0, 9223372036854775807, 0, 9223372036806745807
2, 3203, 0, 9223372036854775807, 0, 9223372036806730807
2, 3204, 0, 9223372036854775807, 0, 9223372036806715807
2, 3205, 0, 9223372036854775807, 0, 9223372036806700807
2, 3206, 0, 9223372036854775807, 0, 9223372036806685807
2, 3207, 0, 9223372036854775807, 0, 9223372036806670807
2, 3208, 0, 9223372036854775807, 0, 9223372036806655807
2, 3209, 0, 9223372036854775807, 0, 9223372036806640807
2, 321, 0, 9223372036854775807, 0, 9223372036849960807
2, 3210, 0, 9223372036854775807, 0, 9223372036806625807
2, 3211, 0, 9223372036854775807, 0, 9223372036806610807
2, 3212, 0, 9223372036854775807, 0, 9223372036806595807
2, 3213, 0, 9223372036854775807, 0, 9223372036806580807
2, 3214, 0, 9223372036854775807, 0, 9223372036806565807
2, 3215, 0, 9223372036854775807, 0, 9223372036806550807
2, 3216, 0, 9223372036854775807, 0, 9223372036806535807
2, 3217, 0, 9223372036854775807, 0, 9223372036806520807
2, 3218, 0, 9223372036854775807, 0, 9223372036806505807
2, 3219, 0, 9223372036854775807, 0, 9223372036806490807
2, 322, 0, 9223372036854775807, 0, 9223372036849945807
2, 3220, 0, 9223372036854775807, 0, 9223372036806475807
2, 3221, 0, 9223372036854775807, 0, 9223372036806460807
2, 3222, 0, 9223372036854775807, 0, 9223372036806445807
2, 3223, 0, 9223372036854775807, 0, 9223372036806430807
2, 3224, 0, 9223372036854775807, 0, 9223372036806415807
2, 3225, 0, 9223372036854775807, 0, 9223372036806400807
2, 3226, 0, 9223372036854775807, 0, 9223372036806385807
2, 3227, 0, 9223372036854775807, 0, 9223372036806370807
2, 3228, 0, 9223372036854775807, 0, 9223372036806355807
2, 3229, 0, 9223372036854775807, 0, 9223372036806340807
2, 323, 0, 9223372036854775807, 0, 9223372036849930807
2, 3230, 0, 9223372036854775807, 0, 9223372036806325807
2, 3231, 0, 9223372036854775807, 0, 9223372036806310807
2, 3232, 0, 9223372036854775807, 0, 9223372036806295807
2, 3233, 0, 9223372036854775807, 0, 9223372036806280807
2, 3234, 0, 9223372036854775807, 0, 9223372036806265807
2, 3235, 0, 9223372036854775807, 0, 9223372036806250807
2, 3236, 0, 9223372036854775807, 0, 9223372036806235807
2, 3237, 0, 9223372036854775807, 0, 9223372036806220807
2, 3238, 0, 9223372036854775807, 0, 9223372036806205807
2, 3239, 0, 9223372036854775807, 0, 9223372036806190807
2, 324, 0, 9223372036854775807, 0, 9223372036849915807
2, 3240, 0, 9223372036854775807, 0, 9223372036806175807
2, 3241, 0, 9223372036854775807, 0, 9223372036806160807
2, 3242, 0, 9223372036854775807, 0, 9223372036806145807
2, 3243, 0, 9223372036854775807, 0, 9223372036806130807
2, 3244, 0, 9223372036854775807, 0, 9223372036806115807
2, 3245, 0, 9223372036854775807, 0, 9223372036806100807
2, 3246, 0, 9223372036854775807, 0, 9223372036806085807
2, 3247, 0, 9223372036854775807, 0, 9223372036806070807
2, 3248, 0, 9223372036854775807, 0, 9223372036806055807
2, 3249, 0, 9223372036854775807, 0, 9223372036806040807
2, 325, 0, 9223372036854775807, 0, 9223372036849900807
2, 3250, 0, 9223372036854775807, 0, 9223372036806025807
2, 3251, 0, 9223372036854775807, 0, 9223372036806010807
2, 3252, 0, 9223372036854775807, 0, 9223372036805995807
2, 3253, 0, 9223372036854775807, 0, 9223372036805980807
2, 3254, 0, 9223372036854775807, 0, 9223372036805965807
2, 3255, 0, 9223372036854775807, 0, 9223372036805950807
2, 3256, 0, 9223372036854775807, 0, 9223372036805935807
2, 3257, 0, 9223372036854775807, 0, 9223372036805920807
2, 3258, 0, 9223372036854775807, 0, 9223372036805905807
2, 3259, 0, 9223372036854775807, 0, 9223372036805890807
2, 326, 0, 9223372036854775807, 0, 9223372036849885807
2, 3260, 0, 9223372036854775807, 0, 9223372036805875807
2, 3261, 0, 9223372036854775807, 0, 9223372036805860807
2, 3262, 0, 9223372036854775807, 0, 9223372036805845807
2, 3263, 0, 9223372036854775807, 0, 9223372036805830807
2, 3264, 0, 9223372036854775807, 0, 9223372036805815807
2, 3265, 0, 9223372036854775807, 0, 9223372036805800807
2, 3266, 0, 9223372036854775807, 0, 9223372036805785807
2, 3267, 0, 9223372036854775807, 0, 9223372036805770807
2, 3268, 0, 9223372036854775807, 0, 9223372036805755807
2, 3269, 0, 9223372036854775807, 0, 9223372036805740807
2, 327, 0, 9223372036854775807, 0, 9223372036849870807
2, 3270, 0, 9223372036854775807, 0, 9223372036805725807
2, 3271, 0, 9223372036854775807, 0, 9223372036805710807
2, 3272, 0, 9223372036854775807, 0, 9223372036805695807
2, 3273, 0, 9223372036854775807, 0, 9223372036805680807
2, 3274, 0, 9223372036854775807, 0, 9223372036805665807
2, 3275, 0, 9223372036854775807, 0, 9223372036805650807
2, 3276, 0, 9223372036854775807, 0, 9223372036805635807
2, 3277, 0, 9223372036854775807, 0, 9223372036805620807
2, 3278, 0, 9223372036854775807, 0, 9223372036805605807
2, 3279, 0, 9223372036854775807, 0, 9223372036805590807
2, 328, 0, 9223372036854775807, 0, 9223372036849855807
2, 3280, 0, 9223372036854775807, 0, 9223372036805575807
2, 3281, 0, 9223372036854775807, 0, 9223372036805560807
2, 3282, 0, 9223372036854775807, 0, 9223372036805545807
2, 3283, 0, 9223372036854775807, 0, 9223372036805530807
2, 3284, 0, 9223372036854775807, 0, 9223372036805515807
2, 3285, 0, 9223372036854775807, 0, 9223372036805500807
2, 3286, 0, 9223372036854775807, 0, 9223372036805485807
2, 3287, 0, 9223372036854775807, 0, 9223372036805470807
2, 3288, 0, 9223372036854775807, 0, 9223372036805455807
2, 3289, 0, 9223372036854775807, 0, 9223372036805440807
2, 329, 0, 9223372036854775807, 0, 9223372036849840807
2, 3290, 0, 9223372036854775807, 0, 9223372036805425807
2, 3291, 0, 9223372036854775807, 0, 9223372036805410807
2, 3292, 0, 9223372036854775807, 0, 9223372036805395807
2, 3293, 0, 9223372036854775807, 0, 9223372036805380807
2, 3294, 0, 9223372036854775807, 0, 9223372036805365807
2, 3295, 0, 9223372036854775807, 0, 9223372036805350807
2, 3296, 0, 9223372036854775807, 0, 9223372036805335807
2, 3297, 0, 9223372036854775807, 0, 9223372036805320807
2, 3298, 0, 9223372036854775807, 0, 9223372036805305807
2, 3299, 0, 9223372036854775807, 0, 9223372036805290807
2, 33, 0, 9223372036854775807, 0, 9223372036854280807
2, 330, 0, 9223372036854775807, 0, 9223372036849825807
2, 3300, 0, 9223372036854775807, 0, 9223372036805275807
2, 3301, 0, 9223372036854775807, 0, 9223372036805260807
2, 3302, 0, 9223372036854775807, 0, 9223372036805245807
2, 3303, 0, 9223372036854775807, 0, 9223372036805230807
2, 3304, 0, 9223372036854775807, 0, 9223372036805215807
2, 3305, 0, 9223372036854775807, 0, 9223372036805200807
2, 3306, 0, 9223372036854775807, 0, 9223372036805185807
2, 3307, 0, 9223372036854775807, 0, 9223372036805170807
2, 3308, 0, 9223372036854775807, 0, 9223372036805155807
2, 3309, 0, 9223372036854775807, 0, 9223372036805140807
2, 331, 0, 9223372036854775807, 0, 9223372036849810807
2, 3310, 0, 9223372036854775807, 0, 9223372036805125807
2, 3311, 0, 9223372036854775807, 0, 9223372036805110807
2, 3312, 0, 9223372036854775807, 0, 9223372036805095807
2, 3313, 0, 9223372036854775807, 0, 9223372036805080807
2, 3314, 0, 9223372036854775807, 0, 9223372036805065807
2, 3315, 0, 9223372036854775807, 0, 9223372036805050807
2, 3316, 0, 9223372036854775807, 0, 9223372036805035807
2, 3317, 0, 9223372036854775807, 0, 9223372036805020807
2, 3318, 0, 9223372036854775807, 0, 9223372036805005807
2, 3319, 0, 9223372036854775807, 0, 9223372036804990807
2, 332, 0, 9223372036854775807, 0, 9223372036849795807
2, 3320, 0, 9223372036854775807, 0, 9223372036804975807
2, 3321, 0, 9223372036854775807, 0, 9223372036804960807
2, 3322, 0, 9223372036854775807, 0, 9223372036804945807
2, 3323, 0, 9223372036854775807, 0, 9223372036804930807
2, 3324, 0, 9223372036854775807, 0, 9223372036804915807
2, 3325, 0, 9223372036854775807, 0, 9223372036804900807
2, 3326, 0, 9223372036854775807, 0, 9223372036804885807
2, 3327, 0, 9223372036854775807, 0, 9223372036804870807
2, 3328, 0, 9223372036854775807, 0, 9223372036804855807
2, 3329, 0, 9223372036854775807, 0, 9223372036804840807
2, 333, 0, 9223372036854775807, 0, 9223372036849780807
2, 3330, 0, 9223372036854775807, 0, 9223372036804825807
2, 3331, 0, 9223372036854775807, 0, 9223372036804810807
2, 3332, 0, 9223372036854775807, 0, 9223372036804795807
2, 3333, 0, 9223372036854775807, 0, 9223372036804780807
2, 3334, 0, 9223372036854775807, 0, 9223372036804765807
2, 3335, 0, 9223372036854775807, 0, 9223372036804750807
2, 3336, 0, 9223372036854775807, 0, 9223372036804735807
2, 3337, 0, 9223372036854775807, 0, 9223372036804720807
2, 3338, 0, 9223372036854775807, 0, 9223372036804705807
2, 3339, 0, 9223372036854775807, 0, 9223372036804690807
2, 334, 0, 9223372036854775807, 0, 9223372036849765807
2, 3340, 0, 9223372036854775807, 0, 9223372036804675807
2, 3341, 0, 9223372036854775807, 0, 9223372036804660807
2, 3342, 0, 9223372036854775807, 0, 9223372036804645807
2, 3343, 0, 9223372036854775807, 0, 9223372036804630807
2, 3344, 0, 9223372036854775807, 0, 9223372036804615807
2, 3345, 0, 9223372036854775807, 0, 9223372036804600807
2, 3346, 0, 9223372036854775807, 0, 9223372036804585807
2, 3347, 0, 9223372036854775807, 0, 9223372036804570807
2, 3348, 0, 9223372036854775807, 0, 9223372036804555807
2, 3349, 0, 9223372036854775807, 0, 9223372036804540807
2, 335, 0, 9223372036854775807, 0, 9223372036849750807
2, 3350, 0, 9223372036854775807, 0, 9223372036804525807
2, 3351, 0, 9223372036854775807, 0, 9223372036804510807
2, 3352, 0, 9223372036854775807, 0, 9223372036804495807
2, 3353, 0, 9223372036854775807, 0, 9223372036804480807
2, 3354, 0, 9223372036854775807, 0, 9223372036804465807
2, 3355, 0, 9223372036854775807, 0, 9223372036804450807
2, 3356, 0, 9223372036854775807, 0, 9223372036804435807
2, 3357, 0, 9223372036854775807, 0, 9223372036804420807
2, 3358, 0, 9223372036854775807, 0, 9223372036804405807
2, 3359, 0, 9223372036854775807, 0, 9223372036804390807
2, 336, 0, 9223372036854775807, 0, 9223372036849735807
2, 3360, 0, 9223372036854775807, 0, 9223372036804375807
2, 3361, 0, 9223372036854775807, 0, 9223372036804360807
2, 3362, 0, 9223372036854775807, 0, 9223372036804345807
2, 3363, 0, 9223372036854775807, 0, 9223372036804330807
2, 3364, 0, 9223372036854775807, 0, 9223372036804315807
2, 3365, 0, 9223372036854775807, 0, 9223372036804300807
2, 3366, 0, 9223372036854775807, 0, 9223372036804285807
2, 3367, 0, 9223372036854775807, 0, 9223372036804270807
2, 3368, 0, 9223372036854775807, 0, 9223372036804255807
2, 3369, 0, 9223372036854775807, 0, 9223372036804240807
2, 337, 0, 9223372036854775807, 0, 9223372036849720807
2, 3370, 0, 9223372036854775807, 0, 9223372036804225807
2, 3371, 0, 9223372036854775807, 0, 9223372036804210807
2, 3372, 0, 9223372036854775807, 0, 9223372036804195807
2, 3373, 0, 9223372036854775807, 0, 9223372036804180807
2, 3374, 0, 9223372036854775807, 0, 9223372036804165807
2, 3375, 0, 9223372036854775807, 0, 9223372036804150807
2, 3376, 0, 9223372036854775807, 0, 9223372036804135807
2, 3377, 0, 9223372036854775807, 0, 9223372036804120807
2, 3378, 0, 9223372036854775807, 0, 9223372036804105807
2, 3379, 0, 9223372036854775807, 0, 9223372036804090807
2, 338, 0, 9223372036854775807, 0, 9223372036849705807
2, 3380, 0, 9223372036854775807, 0, 9223372036804075807
2, 3381, 0, 9223372036854775807, 0, 9223372036804060807
2, 3382, 0, 9223372036854775807, 0, 9223372036804045807
2, 3383, 0, 9223372036854775807, 0, 9223372036804030807
2, 3384, 0, 9223372036854775807, 0, 9223372036804015807
2, 3385, 0, 9223372036854775807, 0, 9223372036804000807
2, 3386, 0, 9223372036854775807, 0, 9223372036803985807
2, 3387, 0, 9223372036854775807, 0, 9223372036803970807
2, 3388, 0, 9223372036854775807, 0, 9223372036803955807
2, 3389, 0, 9223372036854775807, 0, 9223372036803940807
2, 339, 0, 9223372036854775807, 0, 9223372036849690807
2, 3390, 0, 9223372036854775807, 0, 9223372036803925807
2, 3391, 0, 9223372036854775807, 0, 9223372036803910807
2, 3392, 0, 9223372036854775807, 0, 9223372036803895807
2, 3393, 0, 9223372036854775807, 0, 9223372036803880807
2, 3394, 0, 9223372036854775807, 0, 9223372036803865807
2, 3395, 0, 9223372036854775807, 0, 9223372036803850807
2, 3396, 0, 9223372036854775807, 0, 9223372036803835807
2, 3397, 0, 9223372036854775807, 0, 9223372036803820807
2, 3398, 0, 9223372036854775807, 0, 9223372036803805807
2, 3399, 0, 9223372036854775807, 0, 9223372036803790807
2, 34, 0, 9223372036854775807, 0, 9223372036854265807
2, 340, 0, 9223372036854775807, 0, 9223372036849675807
2, 3400, 0, 9223372036854775807, 0, 9223372036803775807
2, 3401, 0, 9223372036854775807, 0, 9223372036803760807
2, 3402, 0, 9223372036854775807, 0, 9223372036803745807
2, 3403, 0, 9223372036854775807, 0, 9223372036803730807
2, 3404, 0, 9223372036854775807, 0, 9223372036803715807
2, 3405, 0, 9223372036854775807, 0, 9223372036803700807
2, 3406, 0, 9223372036854775807, 0, 9223372036803685807
2, 3407, 0, 9223372036854775807, 0, 9223372036803670807
2, 3408, 0, 9223372036854775807, 0, 9223372036803655807
2, 3409, 0, 9223372036854775807, 0, 9223372036803640807
2, 341, 0, 9223372036854775807, 0, 9223372036849660807
2, 3410, 0, 9223372036854775807, 0, 9223372036803625807
2, 3411, 0, 9223372036854775807, 0, 9223372036803610807
2, 3412, 0, 9223372036854775807, 0, 9223372036803595807
2, 3413, 0, 9223372036854775807, 0, 9223372036803580807
2, 3414, 0, 9223372036854775807, 0, 9223372036803565807
2, 3415, 0, 9223372036854775807, 0, 9223372036803550807
2, 3416, 0, 9223372036854775807, 0, 9223372036803535807
2, 3417, 0, 9223372036854775807, 0, 9223372036803520807
2, 3418, 0, 9223372036854775807, 0, 9223372036803505807
2, 3419, 0, 9223372036854775807, 0, 9223372036803490807
2, 342, 0, 9223372036854775807, 0, 9223372036849645807
2, 3420, 0, 9223372036854775807, 0, 9223372036803475807
2, 3421, 0, 9223372036854775807, 0, 9223372036803460807
2, 3422, 0, 9223372036854775807, 0, 9223372036803445807
2, 3423, 0, 9223372036854775807, 0, 9223372036803430807
2, 3424, 0, 9223372036854775807, 0, 9223372036803415807
2, 3425, 0, 9223372036854775807, 0, 9223372036803400807
2, 3426, 0, 9223372036854775807, 0, 9223372036803385807
2, 3427, 0, 9223372036854775807, 0, 9223372036803370807
2, 3428, 0, 9223372036854775807, 0, 9223372036803355807
2, 3429, 0, 9223372036854775807, 0, 9223372036803340807
2, 343, 0, 9223372036854775807, 0, 9223372036849630807
2, 3430, 0, 9223372036854775807, 0, 9223372036803325807
2, 3431, 0, 9223372036854775807, 0, 9223372036803310807
2, 3432, 0, 9223372036854775807, 0, 9223372036803295807
2, 3433, 0, 9223372036854775807, 0, 9223372036803280807
2, 3434, 0, 9223372036854775807, 0, 9223372036803265807
2, 3435, 0, 9223372036854775807, 0, 9223372036803250807
2, 3436, 0, 9223372036854775807, 0, 9223372036803235807
2, 3437, 0, 9223372036854775807, 0, 9223372036803220807
2, 3438, 0, 9223372036854775807, 0, 9223372036803205807
2, 3439, 0, 9223372036854775807, 0, 9223372036803190807
2, 344, 0, 9223372036854775807, 0, 9223372036849615807
2, 3440, 0, 9223372036854775807, 0, 9223372036803175807
2, 3441, 0, 9223372036854775807, 0, 9223372036803160807
2, 3442, 0, 9223372036854775807, 0, 9223372036803145807
2, 3443, 0, 9223372036854775807, 0, 9223372036803130807
2, 3444, 0, 9223372036854775807, 0, 9223372036803115807
2, 3445, 0, 9223372036854775807, 0, 9223372036803100807
2, 3446, 0, 9223372036854775807, 0, 9223372036803085807
2, 3447, 0, 9223372036854775807, 0, 9223372036803070807
2, 3448, 0, 9223372036854775807, 0, 9223372036803055807
2, 3449, 0, 9223372036854775807, 0, 9223372036803040807
2, 345, 0, 9223372036854775807, 0, 9223372036849600807
2, 3450, 0, 9223372036854775807, 0, 9223372036803025807
2, 3451, 0, 9223372036854775807, 0, 9223372036803010807
2, 3452, 0, 9223372036854775807, 0, 9223372036802995807
2, 3453, 0, 9223372036854775807, 0, 9223372036802980807
2, 3454, 0, 9223372036854775807, 0, 9223372036802965807
2, 3455, 0, 9223372036854775807, 0, 9223372036802950807
2, 3456, 0, 9223372036854775807, 0, 9223372036802935807
2, 3457, 0, 9223372036854775807, 0, 9223372036802920807
2, 3458, 0, 9223372036854775807, 0, 9223372036802905807
2, 3459, 0, 9223372036854775807, 0, 9223372036802890807
2, 346, 0, 9223372036854775807, 0, 9223372036849585807
2, 3460, 0, 9223372036854775807, 0, 9223372036802875807
2, 3461, 0, 9223372036854775807, 0, 9223372036802860807
2, 3462, 0, 9223372036854775807, 0, 9223372036802845807
2, 3463, 0, 9223372036854775807, 0, 9223372036802830807
2, 3464, 0, 9223372036854775807, 0, 9223372036802815807
2, 3465, 0, 9223372036854775807, 0, 9223372036802800807
2, 3466, 0, 9223372036854775807, 0, 9223372036802785807
2, 3467, 0, 9223372036854775807, 0, 9223372036802770807
2, 3468, 0, 9223372036854775807, 0, 9223372036802755807
2, 3469, 0, 9223372036854775807, 0, 9223372036802740807
2, 347, 0, 9223372036854775807, 0, 9223372036849570807
2, 3470, 0, 9223372036854775807, 0, 9223372036802725807
2, 3471, 0, 9223372036854775807, 0, 9223372036802710807
2, 3472, 0, 9223372036854775807, 0, 9223372036802695807
2, 3473, 0, 9223372036854775807, 0, 9223372036802680807
2, 3474, 0, 9223372036854775807, 0, 9223372036802665807
2, 3475, 0, 9223372036854775807, 0, 9223372036802650807
2, 3476, 0, 9223372036854775807, 0, 9223372036802635807
2, 3477, 0, 9223372036854775807, 0, 9223372036802620807
2, 3478, 0, 9223372036854775807, 0, 9223372036802605807
2, 3479, 0, 9223372036854775807, 0, 9223372036802590807
2, 348, 0, 9223372036854775807, 0, 9223372036849555807
2, 3480, 0, 9223372036854775807, 0, 9223372036802575807
2, 3481, 0, 9223372036854775807, 0, 9223372036802560807
2, 3482, 0, 9223372036854775807, 0, 9223372036802545807
2, 3483, 0, 9223372036854775807, 0, 9223372036802530807
2, 3484, 0, 9223372036854775807, 0, 9223372036802515807
2, 3485, 0, 9223372036854775807, 0, 9223372036802500807
2, 3486, 0, 9223372036854775807, 0, 9223372036802485807
2, 3487, 0, 9223372036854775807, 0, 9223372036802470807
2, 3488, 0, 9223372036854775807, 0, 9223372036802455807
2, 3489, 0, 9223372036854775807, 0, 9223372036802440807
2, 349, 0, 9223372036854775807, 0, 9223372036849540807
2, 3490, 0, 9223372036854775807, 0, 9223372036802425807
2, 3491, 0, 9223372036854775807, 0, 9223372036802410807
2, 3492, 0, 9223372036854775807, 0, 9223372036802395807
2, 3493, 0, 9223372036854775807, 0, 9223372036802380807
2, 3494, 0, 9223372036854775807, 0, 9223372036802365807
2, 3495, 0, 9223372036854775807, 0, 9223372036802350807
2, 3496, 0, 9223372036854775807, 0, 9223372036802335807
2, 3497, 0, 9223372036854775807, 0, 9223372036802320807
2, 3498, 0, 9223372036854775807, 0, 9223372036802305807
2, 3499, 0, 9223372036854775807, 0, 9223372036802290807
2, 35, 0, 9223372036854775807, 0, 9223372036854250807
2, 350, 0, 9223372036854775807, 0, 9223372036849525807
2, 3500, 0, 9223372036854775807, 0, 9223372036802275807
2, 3501, 0, 9223372036854775807, 0, 9223372036802260807
2, 3502, 0, 9223372036854775807, 0, 9223372036802245807
2, 3503, 0, 9223372036854775807, 0, 9223372036802230807
2, 3504, 0, 9223372036854775807, 0, 9223372036802215807
2, 3505, 0, 9223372036854775807, 0, 9223372036802200807
2, 3506, 0, 9223372036854775807, 0, 9223372036802185807
2, 3507, 0, 9223372036854775807, 0, 9223372036802170807
2, 3508, 0, 9223372036854775807, 0, 9223372036802155807
2, 3509, 0, 9223372036854775807, 0, 9223372036802140807
2, 351, 0, 9223372036854775807, 0, 9223372036849510807
2, 3510, 0, 9223372036854775807, 0, 9223372036802125807
2, 3511, 0, 9223372036854775807, 0, 9223372036802110807
2, 3512, 0, 9223372036854775807, 0, 9223372036802095807
2, 3513, 0, 9223372036854775807, 0, 9223372036802080807
2, 3514, 0, 9223372036854775807, 0, 9223372036802065807
2, 3515, 0, 9223372036854775807, 0, 9223372036802050807
2, 3516, 0, 9223372036854775807, 0, 9223372036802035807
2, 3517, 0, 9223372036854775807, 0, 9223372036802020807
2, 3518, 0, 9223372036854775807, 0, 9223372036802005807
2, 3519, 0, 9223372036854775807, 0, 9223372036801990807
2, 352, 0, 9223372036854775807, 0, 9223372036849495807
2, 3520, 0, 9223372036854775807, 0, 9223372036801975807
2, 3521, 0, 9223372036854775807, 0, 9223372036801960807
2, 3522, 0, 9223372036854775807, 0, 9223372036801945807
2, 3523, 0, 9223372036854775807, 0, 9223372036801930807
2, 3524, 0, 9223372036854775807, 0, 9223372036801915807
2, 3525, 0, 9223372036854775807, 0, 9223372036801900807
2, 3526, 0, 9223372036854775807, 0, 9223372036801885807
2, 3527, 0, 9223372036854775807, 0, 9223372036801870807
2, 3528, 0, 9223372036854775807, 0, 9223372036801855807
2, 3529, 0, 9223372036854775807, 0, 9223372036801840807
2, 353, 0, 9223372036854775807, 0, 9223372036849480807
2, 3530, 0, 9223372036854775807, 0, 9223372036801825807
2, 3531, 0, 9223372036854775807, 0, 9223372036801810807
2, 3532, 0, 9223372036854775807, 0, 9223372036801795807
2, 3533, 0, 9223372036854775807, 0, 9223372036801780807
2, 3534, 0, 9223372036854775807, 0, 9223372036801765807
2, 3535, 0, 9223372036854775807, 0, 9223372036801750807
2, 3536, 0, 9223372036854775807, 0, 9223372036801735807
2, 3537, 0, 9223372036854775807, 0, 9223372036801720807
2, 3538, 0, 9223372036854775807, 0, 9223372036801705807
2, 3539, 0, 9223372036854775807, 0, 9223372036801690807
2, 354, 0, 9223372036854775807, 0, 9223372036849465807
2, 3540, 0, 9223372036854775807, 0, 9223372036801675807
2, 3541, 0, 9223372036854775807, 0, 9223372036801660807
2, 3542, 0, 9223372036854775807, 0, 9223372036801645807
2, 3543, 0, 9223372036854775807, 0, 9223372036801630807
2, 3544, 0, 9223372036854775807, 0, 9223372036801615807
2, 3545, 0, 9223372036854775807, 0, 9223372036801600807
2, 3546, 0, 9223372036854775807, 0, 9223372036801585807
2, 3547, 0, 9223372036854775807, 0, 9223372036801570807
2, 3548, 0, 9223372036854775807, 0, 9223372036801555807
2, 3549, 0, 9223372036854775807, 0, 9223372036801540807
2, 355, 0, 9223372036854775807, 0, 9223372036849450807
2, 3550, 0, 9223372036854775807, 0, 9223372036801525807
2, 3551, 0, 9223372036854775807, 0, 9223372036801510807
2, 3552, 0, 9223372036854775807, 0, 9223372036801495807
2, 3553, 0, 9223372036854775807, 0, 9223372036801480807
2, 3554, 0, 9223372036854775807, 0, 9223372036801465807
2, 3555, 0, 9223372036854775807, 0, 9223372036801450807
2, 3556, 0, 9223372036854775807, 0, 9223372036801435807
2, 3557, 0, 9223372036854775807, 0, 9223372036801420807
2, 3558, 0, 9223372036854775807, 0, 9223372036801405807
2, 3559, 0, 9223372036854775807, 0, 9223372036801390807
2, 356, 0, 9223372036854775807, 0, 9223372036849435807
2, 3560, 0, 9223372036854775807, 0, 9223372036801375807
2, 3561, 0, 9223372036854775807, 0, 9223372036801360807
2, 3562, 0, 9223372036854775807, 0, 9223372036801345807
2, 3563, 0, 9223372036854775807, 0, 9223372036801330807
2, 3564, 0, 9223372036854775807, 0, 9223372036801315807
2, 3565, 0, 9223372036854775807, 0, 9223372036801300807
2, 3566, 0, 9223372036854775807, 0, 9223372036801285807
2, 3567, 0, 9223372036854775807, 0, 9223372036801270807
2, 3568, 0, 9223372036854775807, 0, 9223372036801255807
2, 3569, 0, 9223372036854775807, 0, 9223372036801240807
2, 357, 0, 9223372036854775807, 0, 9223372036849420807
2, 3570, 0, 9223372036854775807, 0, 9223372036801225807
2, 3571, 0, 9223372036854775807, 0, 9223372036801210807
2, 3572, 0, 9223372036854775807, 0, 9223372036801195807
2, 3573, 0, 9223372036854775807, 0, 9223372036801180807
2, 3574, 0, 9223372036854775807, 0, 9223372036801165807
2, 3575, 0, 9223372036854775807, 0, 9223372036801150807
2, 3576, 0, 9223372036854775807, 0, 9223372036801135807
2, 3577, 0, 9223372036854775807, 0, 9223372036801120807
2, 3578, 0, 9223372036854775807, 0, 9223372036801105807
2, 3579, 0, 9223372036854775807, 0, 9223372036801090807
2, 358, 0, 9223372036854775807, 0, 9223372036849405807
2, 3580, 0, 9223372036854775807, 0, 9223372036801075807
2, 3581, 0, 9223372036854775807, 0, 9223372036801060807
2, 3582, 0, 9223372036854775807, 0, 9223372036801045807
2, 3583, 0, 9223372036854775807, 0, 9223372036801030807
2, 3584, 0, 9223372036854775807, 0, 9223372036801015807
2, 3585, 0, 9223372036854775807, 0, 9223372036801000807
2, 3586, 0, 9223372036854775807, 0, 9223372036800985807
2, 3587, 0, 9223372036854775807, 0, 9223372036800970807
2, 3588, 0, 9223372036854775807, 0, 9223372036800955807
2, 3589, 0, 9223372036854775807, 0, 9223372036800940807
2, 359, 0, 9223372036854775807, 0, 9223372036849390807
2, 3590, 0, 9223372036854775807, 0, 9223372036800925807
2, 3591, 0, 9223372036854775807, 0, 9223372036800910807
2, 3592, 0, 9223372036854775807, 0, 9223372036800895807
2, 3593, 0, 9223372036854775807, 0, 9223372036800880807
2, 3594, 0, 9223372036854775807, 0, 9223372036800865807
2, 3595, 0, 9223372036854775807, 0, 9223372036800850807
2, 3596, 0, 9223372036854775807, 0, 9223372036800835807
2, 3597, 0, 9223372036854775807, 0, 9223372036800820807
2, 3598, 0, 9223372036854775807, 0, 9223372036800805807
2, 3599, 0, 9223372036854775807, 0, 9223372036800790807
2, 36, 0, 9223372036854775807, 0, 9223372036854235807
2, 360, 0, 9223372036854775807, 0, 9223372036849375807
2, 3600, 0, 9223372036854775807, 0, 9223372036800775807
2, 3601, 0, 9223372036854775807, 0, 9223372036800760807
2, 3602, 0, 9223372036854775807, 0, 9223372036800745807
2, 3603, 0, 9223372036854775807, 0, 9223372036800730807
2, 3604, 0, 9223372036854775807, 0, 9223372036800715807
2, 3605, 0, 9223372036854775807, 0, 9223372036800700807
2, 3606, 0, 9223372036854775807, 0, 9223372036800685807
2, 3607, 0, 9223372036854775807, 0, 9223372036800670807
2, 3608, 0, 9223372036854775807, 0, 9223372036800655807
2, 3609, 0, 9223372036854775807, 0, 9223372036800640807
2, 361, 0, 9223372036854775807, 0, 9223372036849360807
2, 3610, 0, 9223372036854775807, 0, 9223372036800625807
2, 3611, 0, 9223372036854775807, 0, 9223372036800610807
2, 3612, 0, 9223372036854775807, 0, 9223372036800595807
2, 3613, 0, 9223372036854775807, 0, 9223372036800580807
2, 3614, 0, 9223372036854775807, 0, 9223372036800565807
2, 3615, 0, 9223372036854775807, 0, 9223372036800550807
2, 3616, 0, 9223372036854775807, 0, 9223372036800535807
2, 3617, 0, 9223372036854775807, 0, 9223372036800520807
2, 3618, 0, 9223372036854775807, 0, 9223372036800505807
2, 3619, 0, 9223372036854775807, 0, 9223372036800490807
2, 362, 0, 9223372036854775807, 0, 9223372036849345807
2, 3620, 0, 9223372036854775807, 0, 9223372036800475807
2, 3621, 0, 9223372036854775807, 0, 9223372036800460807
2, 3622, 0, 9223372036854775807, 0, 9223372036800445807
2, 3623, 0, 9223372036854775807, 0, 9223372036800430807
2, 3624, 0, 9223372036854775807, 0, 9223372036800415807
2, 3625, 0, 9223372036854775807, 0, 9223372036800400807
2, 3626, 0, 9223372036854775807, 0, 9223372036800385807
2, 3627, 0, 9223372036854775807, 0, 9223372036800370807
2, 3628, 0, 9223372036854775807, 0, 9223372036800355807
2, 3629, 0, 9223372036854775807, 0, 9223372036800340807
2, 363, 0, 9223372036854775807, 0, 9223372036849330807
2, 3630, 0, 9223372036854775807, 0, 9223372036800325807
2, 3631, 0, 9223372036854775807, 0, 9223372036800310807
2, 3632, 0, 9223372036854775807, 0, 9223372036800295807
2, 3633, 0, 9223372036854775807, 0, 9223372036800280807
2, 3634, 0, 9223372036854775807, 0, 9223372036800265807
2, 3635, 0, 9223372036854775807, 0, 9223372036800250807
2, 3636, 0, 9223372036854775807, 0, 9223372036800235807
2, 3637, 0, 9223372036854775807, 0, 9223372036800220807
2, 3638, 0, 9223372036854775807, 0, 9223372036800205807
2, 3639, 0, 9223372036854775807, 0, 9223372036800190807
2, 364, 0, 9223372036854775807, 0, 9223372036849315807
2, 3640, 0, 9223372036854775807, 0, 9223372036800175807
2, 3641, 0, 9223372036854775807, 0, 9223372036800160807
2, 3642, 0, 9223372036854775807, 0, 9223372036800145807
2, 3643, 0, 9223372036854775807, 0, 9223372036800130807
2, 3644, 0, 9223372036854775807, 0, 9223372036800115807
2, 3645, 0, 9223372036854775807, 0, 9223372036800100807
2, 3646, 0, 9223372036854775807, 0, 9223372036800085807
2, 3647, 0, 9223372036854775807, 0, 9223372036800070807
2, 3648, 0, 9223372036854775807, 0, 9223372036800055807
2, 3649, 0, 9223372036854775807, 0, 9223372036800040807
2, 365, 0, 9223372036854775807, 0, 9223372036849300807
2, 3650, 0, 9223372036854775807, 0, 9223372036800025807
2, 3651, 0, 9223372036854775807, 0, 9223372036800010807
2, 3652, 0, 9223372036854775807, 0, 9223372036799995807
2, 3653, 0, 9223372036854775807, 0, 9223372036799980807
2, 3654, 0, 9223372036854775807, 0, 9223372036799965807
2, 3655, 0, 9223372036854775807, 0, 9223372036799950807
2, 3656, 0, 9223372036854775807, 0, 9223372036799935807
2, 3657, 0, 9223372036854775807, 0, 9223372036799920807
2, 3658, 0, 9223372036854775807, 0, 9223372036799905807
2, 3659, 0, 9223372036854775807, 0, 9223372036799890807
2, 366, 0, 9223372036854775807, 0, 9223372036849285807
2, 3660, 0, 9223372036854775807, 0, 9223372036799875807
2, 3661, 0, 9223372036854775807, 0, 9223372036799860807
2, 3662, 0, 9223372036854775807, 0, 9223372036799845807
2, 3663, 0, 9223372036854775807, 0, 9223372036799830807
2, 3664, 0, 9223372036854775807, 0, 9223372036799815807
2, 3665, 0, 9223372036854775807, 0, 9223372036799800807
2, 3666, 0, 9223372036854775807, 0, 9223372036799785807
2, 3667, 0, 9223372036854775807, 0, 9223372036799770807
2, 3668, 0, 9223372036854775807, 0, 9223372036799755807
2, 3669, 0, 9223372036854775807, 0, 9223372036799740807
2, 367, 0, 9223372036854775807, 0, 9223372036849270807
2, 3670, 0, 9223372036854775807, 0, 9223372036799725807
2, 3671, 0, 9223372036854775807, 0, 9223372036799710807
2, 3672, 0, 9223372036854775807, 0, 9223372036799695807
2, 3673, 0, 9223372036854775807, 0, 9223372036799680807
2, 3674, 0, 9223372036854775807, 0, 9223372036799665807
2, 3675, 0, 9223372036854775807, 0, 9223372036799650807
2, 3676, 0, 9223372036854775807, 0, 9223372036799635807
2, 3677, 0, 9223372036854775807, 0, 9223372036799620807
2, 3678, 0, 9223372036854775807, 0, 9223372036799605807
2, 3679, 0, 9223372036854775807, 0, 9223372036799590807
2, 368, 0, 9223372036854775807, 0, 9223372036849255807
2, 3680, 0, 9223372036854775807, 0, 9223372036799575807
2, 3681, 0, 9223372036854775807, 0, 9223372036799560807
2, 3682, 0, 9223372036854775807, 0, 9223372036799545807
2, 3683, 0, 9223372036854775807, 0, 9223372036799530807
2, 3684, 0, 9223372036854775807, 0, 9223372036799515807
2, 3685, 0, 9223372036854775807, 0, 9223372036799500807
2, 3686, 0, 9223372036854775807, 0, 9223372036799485807
2, 3687, 0, 9223372036854775807, 0, 9223372036799470807
2, 3688, 0, 9223372036854775807, 0, 9223372036799455807
2, 3689, 0, 9223372036854775807, 0, 9223372036799440807
2, 369, 0, 9223372036854775807, 0, 9223372036849240807
2, 3690, 0, 9223372036854775807, 0, 9223372036799425807
2, 3691, 0, 9223372036854775807, 0, 9223372036799410807
2, 3692, 0, 9223372036854775807, 0, 9223372036799395807
2, 3693, 0, 9223372036854775807, 0, 9223372036799380807
2, 3694, 0, 9223372036854775807, 0, 9223372036799365807
2, 3695, 0, 9223372036854775807, 0, 9223372036799350807
2, 3696, 0, 9223372036854775807, 0, 9223372036799335807
2, 3697, 0, 9223372036854775807, 0, 9223372036799320807
2, 3698, 0, 9223372036854775807, 0, 9223372036799305807
2, 3699, 0, 9223372036854775807, 0, 9223372036799290807
2, 37, 0, 9223372036854775807, 0, 9223372036854220807
2, 370, 0, 9223372036854775807, 0, 9223372036849225807
2, 3700, 0, 9223372036854775807, 0, 9223372036799275807
2, 3701, 0, 9223372036854775807, 0, 9223372036799260807
2, 3702, 0, 9223372036854775807, 0, 9223372036799245807
2, 3703, 0, 9223372036854775807, 0, 9223372036799230807
2, 3704, 0, 9223372036854775807, 0, 9223372036799215807
2, 3705, 0, 9223372036854775807, 0, 9223372036799200807
2, 3706, 0, 9223372036854775807, 0, 9223372036799185807
2, 3707, 0, 9223372036854775807, 0, 9223372036799170807
2, 3708, 0, 9223372036854775807, 0, 9223372036799155807
2, 3709, 0, 9223372036854775807, 0, 9223372036799140807
2, 371, 0, 9223372036854775807, 0, 9223372036849210807
2, 3710, 0, 9223372036854775807, 0, 9223372036799125807
2, 3711, 0, 9223372036854775807, 0, 9223372036799110807
2, 3712, 0, 9223372036854775807, 0, 9223372036799095807
2, 3713, 0, 9223372036854775807, 0, 9223372036799080807
2, 3714, 0, 9223372036854775807, 0, 9223372036799065807
2, 3715, 0, 9223372036854775807, 0, 9223372036799050807
2, 3716, 0, 9223372036854775807, 0, 9223372036799035807
2, 3717, 0, 9223372036854775807, 0, 9223372036799020807
2, 3718, 0, 9223372036854775807, 0, 9223372036799005807
2, 3719, 0, 9223372036854775807, 0, 9223372036798990807
2, 372, 0, 9223372036854775807, 0, 9223372036849195807
2, 3720, 0, 9223372036854775807, 0, 9223372036798975807
2, 3721, 0, 9223372036854775807, 0, 9223372036798960807
2, 3722, 0, 9223372036854775807, 0, 9223372036798945807
2, 3723, 0, 9223372036854775807, 0, 9223372036798930807
2, 3724, 0, 9223372036854775807, 0, 9223372036798915807
2, 3725, 0, 9223372036854775807, 0, 9223372036798900807
2, 3726, 0, 9223372036854775807, 0, 9223372036798885807
2, 3727, 0, 9223372036854775807, 0, 9223372036798870807
2, 3728, 0, 9223372036854775807, 0, 9223372036798855807
2, 3729, 0, 9223372036854775807, 0, 9223372036798840807
2, 373, 0, 9223372036854775807, 0, 9223372036849180807
2, 3730, 0, 9223372036854775807, 0, 9223372036798825807
2, 3731, 0, 9223372036854775807, 0, 9223372036798810807
2, 3732, 0, 9223372036854775807, 0, 9223372036798795807
2, 3733, 0, 9223372036854775807, 0, 9223372036798780807
2, 3734, 0, 9223372036854775807, 0, 9223372036798765807
2, 3735, 0, 9223372036854775807, 0, 9223372036798750807
2, 3736, 0, 9223372036854775807, 0, 9223372036798735807
2, 3737, 0, 9223372036854775807, 0, 9223372036798720807
2, 3738, 0, 9223372036854775807, 0, 9223372036798705807
2, 3739, 0, 9223372036854775807, 0, 9223372036798690807
2, 374, 0, 9223372036854775807, 0, 9223372036849165807
2, 3740, 0, 9223372036854775807, 0, 9223372036798675807
2, 3741, 0, 9223372036854775807, 0, 9223372036798660807
2, 3742, 0, 9223372036854775807, 0, 9223372036798645807
2, 3743, 0, 9223372036854775807, 0, 9223372036798630807
2, 3744, 0, 9223372036854775807, 0, 9223372036798615807
2, 3745, 0, 9223372036854775807, 0, 9223372036798600807
2, 3746, 0, 9223372036854775807, 0, 9223372036798585807
2, 3747, 0, 9223372036854775807, 0, 9223372036798570807
2, 3748, 0, 9223372036854775807, 0, 9223372036798555807
2, 3749, 0, 9223372036854775807, 0, 9223372036798540807
2, 375, 0, 9223372036854775807, 0, 9223372036849150807
2, 3750, 0, 9223372036854775807, 0, 9223372036798525807
2, 3751, 0, 9223372036854775807, 0, 9223372036798510807
2, 3752, 0, 9223372036854775807, 0, 9223372036798495807
2, 3753, 0, 9223372036854775807, 0, 9223372036798480807
2, 3754, 0, 9223372036854775807, 0, 9223372036798465807
2, 3755, 0, 9223372036854775807, 0, 9223372036798450807
2, 3756, 0, 9223372036854775807, 0, 9223372036798435807
2, 3757, 0, 9223372036854775807, 0, 9223372036798420807
2, 3758, 0, 9223372036854775807, 0, 9223372036798405807
2, 3759, 0, 9223372036854775807, 0, 9223372036798390807
2, 376, 0, 9223372036854775807, 0, 9223372036849135807
2, 3760, 0, 9223372036854775807, 0, 9223372036798375807
2, 3761, 0, 9223372036854775807, 0, 9223372036798360807
2, 3762, 0, 9223372036854775807, 0, 9223372036798345807
2, 3763, 0, 9223372036854775807, 0, 9223372036798330807
2, 3764, 0, 9223372036854775807, 0, 9223372036798315807
2, 3765, 0, 9223372036854775807, 0, 9223372036798300807
2, 3766, 0, 9223372036854775807, 0, 9223372036798285807
2, 3767, 0, 9223372036854775807, 0, 9223372036798270807
2, 3768, 0, 9223372036854775807, 0, 9223372036798255807
2, 3769, 0, 9223372036854775807, 0, 9223372036798240807
2, 377, 0, 9223372036854775807, 0, 9223372036849120807
2, 3770, 0, 9223372036854775807, 0, 9223372036798225807
2, 3771, 0, 9223372036854775807, 0, 9223372036798210807
2, 3772, 0, 9223372036854775807, 0, 9223372036798195807
2, 3773, 0, 9223372036854775807, 0, 9223372036798180807
2, 3774, 0, 9223372036854775807, 0, 9223372036798165807
2, 3775, 0, 9223372036854775807, 0, 9223372036798150807
2, 3776, 0, 9223372036854775807, 0, 9223372036798135807
2, 3777, 0, 9223372036854775807, 0, 9223372036798120807
2, 3778, 0, 9223372036854775807, 0, 9223372036798105807
2, 3779, 0, 9223372036854775807, 0, 9223372036798090807
2, 378, 0, 9223372036854775807, 0, 9223372036849105807
2, 3780, 0, 9223372036854775807, 0, 9223372036798075807
2, 3781, 0, 9223372036854775807, 0, 9223372036798060807
2, 3782, 0, 9223372036854775807, 0, 9223372036798045807
2, 3783, 0, 9223372036854775807, 0, 9223372036798030807
2, 3784, 0, 9223372036854775807, 0, 9223372036798015807
2, 3785, 0, 9223372036854775807, 0, 9223372036798000807
2, 3786, 0, 9223372036854775807, 0, 9223372036797985807
2, 3787, 0, 9223372036854775807, 0, 9223372036797970807
2, 3788, 0, 9223372036854775807, 0, 9223372036797955807
2, 3789, 0, 9223372036854775807, 0, 9223372036797940807
2, 379, 0, 9223372036854775807, 0, 9223372036849090807
2, 3790, 0, 9223372036854775807, 0, 9223372036797925807
2, 3791, 0, 9223372036854775807, 0, 9223372036797910807
2, 3792, 0, 9223372036854775807, 0, 9223372036797895807
2, 3793, 0, 9223372036854775807, 0, 9223372036797880807
2, 3794, 0, 9223372036854775807, 0, 9223372036797865807
2, 3795, 0, 9223372036854775807, 0, 9223372036797850807
2, 3796, 0, 9223372036854775807, 0, 9223372036797835807
2, 3797, 0, 9223372036854775807, 0, 9223372036797820807
2, 3798, 0, 9223372036854775807, 0, 9223372036797805807
2, 3799, 0, 9223372036854775807, 0, 9223372036797790807
2, 38, 0, 9223372036854775807, 0, 9223372036854205807
2, 380, 0, 9223372036854775807, 0, 9223372036849075807
2, 3800, 0, 9223372036854775807, 0, 9223372036797775807
2, 3801, 0, 9223372036854775807, 0, 9223372036797760807
2, 3802, 0, 9223372036854775807, 0, 9223372036797745807
2, 3803, 0, 9223372036854775807, 0, 9223372036797730807
2, 3804, 0, 9223372036854775807, 0, 9223372036797715807
2, 3805, 0, 9223372036854775807, 0, 9223372036797700807
2, 3806, 0, 9223372036854775807, 0, 9223372036797685807
2, 3807, 0, 9223372036854775807, 0, 9223372036797670807
2, 3808, 0, 9223372036854775807, 0, 9223372036797655807
2, 3809, 0, 9223372036854775807, 0, 9223372036797640807
2, 381, 0, 9223372036854775807, 0, 9223372036849060807
2, 3810, 0, 9223372036854775807, 0, 9223372036797625807
2, 3811, 0, 9223372036854775807, 0, 9223372036797610807
2, 3812, 0, 9223372036854775807, 0, 9223372036797595807
2, 3813, 0, 9223372036854775807, 0, 9223372036797580807
2, 3814, 0, 9223372036854775807, 0, 9223372036797565807
2, 3815, 0, 9223372036854775807, 0, 9223372036797550807
2, 3816, 0, 9223372036854775807, 0, 9223372036797535807
2, 3817, 0, 9223372036854775807, 0, 9223372036797520807
2, 3818, 0, 9223372036854775807, 0, 9223372036797505807
2, 3819, 0, 9223372036854775807, 0, 9223372036797490807
2, 382, 0, 9223372036854775807, 0, 9223372036849045807
2, 3820, 0, 9223372036854775807, 0, 9223372036797475807
2, 3821, 0, 9223372036854775807, 0, 9223372036797460807
2, 3822, 0, 9223372036854775807, 0, 9223372036797445807
2, 3823, 0, 9223372036854775807, 0, 9223372036797430807
2, 3824, 0, 9223372036854775807, 0, 9223372036797415807
2, 3825, 0, 9223372036854775807, 0, 9223372036797400807
2, 3826, 0, 9223372036854775807, 0, 9223372036797385807
2, 3827, 0, 9223372036854775807, 0, 9223372036797370807
2, 3828, 0, 9223372036854775807, 0, 9223372036797355807
2, 3829, 0, 9223372036854775807, 0, 9223372036797340807
2, 383, 0, 9223372036854775807, 0, 9223372036849030807
2, 3830, 0, 9223372036854775807, 0, 9223372036797325807
2, 3831, 0, 9223372036854775807, 0, 9223372036797310807
2, 3832, 0, 9223372036854775807, 0, 9223372036797295807
2, 3833, 0, 9223372036854775807, 0, 9223372036797280807
2, 3834, 0, 9223372036854775807, 0, 9223372036797265807
2, 3835, 0, 9223372036854775807, 0, 9223372036797250807
2, 3836, 0, 9223372036854775807, 0, 9223372036797235807
2, 3837, 0, 9223372036854775807, 0, 9223372036797220807
2, 3838, 0, 9223372036854775807, 0, 9223372036797205807
2, 3839, 0, 9223372036854775807, 0, 9223372036797190807
2, 384, 0, 9223372036854775807, 0, 9223372036849015807
2, 3840, 0, 9223372036854775807, 0, 9223372036797175807
2, 3841, 0, 9223372036854775807, 0, 9223372036797160807
2, 3842, 0, 9223372036854775807, 0, 9223372036797145807
2, 3843, 0, 9223372036854775807, 0, 9223372036797130807
2, 3844, 0, 9223372036854775807, 0, 9223372036797115807
2, 3845, 0, 9223372036854775807, 0, 9223372036797100807
2, 3846, 0, 9223372036854775807, 0, 9223372036797085807
2, 3847, 0, 9223372036854775807, 0, 9223372036797070807
2, 3848, 0, 9223372036854775807, 0, 9223372036797055807
2, 3849, 0, 9223372036854775807, 0, 9223372036797040807
2, 385, 0, 9223372036854775807, 0, 9223372036849000807
2, 3850, 0, 9223372036854775807, 0, 9223372036797025807
2, 3851, 0, 9223372036854775807, 0, 9223372036797010807
2, 3852, 0, 9223372036854775807, 0, 9223372036796995807
2, 3853, 0, 9223372036854775807, 0, 9223372036796980807
2, 3854, 0, 9223372036854775807, 0, 9223372036796965807
2, 3855, 0, 9223372036854775807, 0, 9223372036796950807
2, 3856, 0, 9223372036854775807, 0, 9223372036796935807
2, 3857, 0, 9223372036854775807, 0, 9223372036796920807
2, 3858, 0, 9223372036854775807, 0, 9223372036796905807
2, 3859, 0, 9223372036854775807, 0, 9223372036796890807
2, 386, 0, 9223372036854775807, 0, 9223372036848985807
2, 3860, 0, 9223372036854775807, 0, 9223372036796875807
2, 3861, 0, 9223372036854775807, 0, 9223372036796860807
2, 3862, 0, 9223372036854775807, 0, 9223372036796845807
2, 3863, 0, 9223372036854775807, 0, 9223372036796830807
2, 3864, 0, 9223372036854775807, 0, 9223372036796815807
2, 3865, 0, 9223372036854775807, 0, 9223372036796800807
2, 3866, 0, 9223372036854775807, 0, 9223372036796785807
2, 3867, 0, 9223372036854775807, 0, 9223372036796770807
2, 3868, 0, 9223372036854775807, 0, 9223372036796755807
2, 3869, 0, 9223372036854775807, 0, 9223372036796740807
2, 387, 0, 9223372036854775807, 0, 9223372036848970807
2, 3870, 0, 9223372036854775807, 0, 9223372036796725807
2, 3871, 0, 9223372036854775807, 0, 9223372036796710807
2, 3872, 0, 9223372036854775807, 0, 9223372036796695807
2, 3873, 0, 9223372036854775807, 0, 9223372036796680807
2, 3874, 0, 9223372036854775807, 0, 9223372036796665807
2, 3875, 0, 9223372036854775807, 0, 9223372036796650807
2, 3876, 0, 9223372036854775807, 0, 9223372036796635807
2, 3877, 0, 9223372036854775807, 0, 9223372036796620807
2, 3878, 0, 9223372036854775807, 0, 9223372036796605807
2, 3879, 0, 9223372036854775807, 0, 9223372036796590807
2, 388, 0, 9223372036854775807, 0, 9223372036848955807
2, 3880, 0, 9223372036854775807, 0, 9223372036796575807
2, 3881, 0, 9223372036854775807, 0, 9223372036796560807
2, 3882, 0, 9223372036854775807, 0, 9223372036796545807
2, 3883, 0, 9223372036854775807, 0, 9223372036796530807
2, 3884, 0, 9223372036854775807, 0, 9223372036796515807
2, 3885, 0, 9223372036854775807, 0, 9223372036796500807
2, 3886, 0, 9223372036854775807, 0, 9223372036796485807
2, 3887, 0, 9223372036854775807, 0, 9223372036796470807
2, 3888, 0, 9223372036854775807, 0, 9223372036796455807
2, 3889, 0, 9223372036854775807, 0, 9223372036796440807
2, 389, 0, 9223372036854775807, 0, 9223372036848940807
2, 3890, 0, 9223372036854775807, 0, 9223372036796425807
2, 3891, 0, 9223372036854775807, 0, 9223372036796410807
2, 3892, 0, 9223372036854775807, 0, 9223372036796395807
2, 3893, 0, 9223372036854775807, 0, 9223372036796380807
2, 3894, 0, 9223372036854775807, 0, 9223372036796365807
2, 3895, 0, 9223372036854775807, 0, 9223372036796350807
2, 3896, 0, 9223372036854775807, 0, 9223372036796335807
2, 3897, 0, 9223372036854775807, 0, 9223372036796320807
2, 3898, 0, 9223372036854775807, 0, 9223372036796305807
2, 3899, 0, 9223372036854775807, 0, 9223372036796290807
2, 39, 0, 9223372036854775807, 0, 9223372036854190807
2, 390, 0, 9223372036854775807, 0, 9223372036848925807
2, 3900, 0, 9223372036854775807, 0, 9223372036796275807
2, 3901, 0, 9223372036854775807, 0, 9223372036796260807
2, 3902, 0, 9223372036854775807, 0, 9223372036796245807
2, 3903, 0, 9223372036854775807, 0, 9223372036796230807
2, 3904, 0, 9223372036854775807, 0, 9223372036796215807
2, 3905, 0, 9223372036854775807, 0, 9223372036796200807
2, 3906, 0, 9223372036854775807, 0, 9223372036796185807
2, 3907, 0, 9223372036854775807, 0, 9223372036796170807
2, 3908, 0, 9223372036854775807, 0, 9223372036796155807
2, 3909, 0, 9223372036854775807, 0, 9223372036796140807
2, 391, 0, 9223372036854775807, 0, 9223372036848910807
2, 3910, 0, 9223372036854775807, 0, 9223372036796125807
2, 3911, 0, 9223372036854775807, 0, 9223372036796110807
2, 3912, 0, 9223372036854775807, 0, 9223372036796095807
2, 3913, 0, 9223372036854775807, 0, 9223372036796080807
2, 3914, 0, 9223372036854775807, 0, 9223372036796065807
2, 3915, 0, 9223372036854775807, 0, 9223372036796050807
2, 3916, 0, 9223372036854775807, 0, 9223372036796035807
2, 3917, 0, 9223372036854775807, 0, 9223372036796020807
2, 3918, 0, 9223372036854775807, 0, 9223372036796005807
2, 3919, 0, 9223372036854775807, 0, 9223372036795990807
2, 392, 0, 9223372036854775807, 0, 9223372036848895807
2, 3920, 0, 9223372036854775807, 0, 9223372036795975807
2, 3921, 0, 9223372036854775807, 0, 9223372036795960807
2, 3922, 0, 9223372036854775807, 0, 9223372036795945807
2, 3923, 0, 9223372036854775807, 0, 9223372036795930807
2, 3924, 0, 9223372036854775807, 0, 9223372036795915807
2, 3925, 0, 9223372036854775807, 0, 9223372036795900807
2, 3926, 0, 9223372036854775807, 0, 9223372036795885807
2, 3927, 0, 9223372036854775807, 0, 9223372036795870807
2, 3928, 0, 9223372036854775807, 0, 9223372036795855807
2, 3929, 0, 9223372036854775807, 0, 9223372036795840807
2, 393, 0, 9223372036854775807, 0, 9223372036848880807
2, 3930, 0, 9223372036854775807, 0, 9223372036795825807
2, 3931, 0, 9223372036854775807, 0, 9223372036795810807
2, 3932, 0, 9223372036854775807, 0, 9223372036795795807
2, 3933, 0, 9223372036854775807, 0, 9223372036795780807
2, 3934, 0, 9223372036854775807, 0, 9223372036795765807
2, 3935, 0, 9223372036854775807, 0, 9223372036795750807
2, 3936, 0, 9223372036854775807, 0, 9223372036795735807
2, 3937, 0, 9223372036854775807, 0, 9223372036795720807
2, 3938, 0, 9223372036854775807, 0, 9223372036795705807
2, 3939, 0, 9223372036854775807, 0, 9223372036795690807
2, 394, 0, 9223372036854775807, 0, 9223372036848865807
2, 3940, 0, 9223372036854775807, 0, 9223372036795675807
2, 3941, 0, 9223372036854775807, 0, 9223372036795660807
2, 3942, 0, 9223372036854775807, 0, 9223372036795645807
2, 3943, 0, 9223372036854775807, 0, 9223372036795630807
2, 3944, 0, 9223372036854775807, 0, 9223372036795615807
2, 3945, 0, 9223372036854775807, 0, 9223372036795600807
2, 3946, 0, 9223372036854775807, 0, 9223372036795585807
2, 3947, 0, 9223372036854775807, 0, 9223372036795570807
2, 3948, 0, 9223372036854775807, 0, 9223372036795555807
2, 3949, 0, 9223372036854775807, 0, 9223372036795540807
2, 395, 0, 9223372036854775807, 0, 9223372036848850807
2, 3950, 0, 9223372036854775807, 0, 9223372036795525807
2, 3951, 0, 9223372036854775807, 0, 9223372036795510807
2, 3952, 0, 9223372036854775807, 0, 9223372036795495807
2, 3953, 0, 9223372036854775807, 0, 9223372036795480807
2, 3954, 0, 9223372036854775807, 0, 9223372036795465807
2, 3955, 0, 9223372036854775807, 0, 9223372036795450807
2, 3956, 0, 9223372036854775807, 0, 9223372036795435807
2, 3957, 0, 9223372036854775807, 0, 9223372036795420807
2, 3958, 0, 9223372036854775807, 0, 9223372036795405807
2, 3959, 0, 9223372036854775807, 0, 9223372036795390807
2, 396, 0, 9223372036854775807, 0, 9223372036848835807
2, 3960, 0, 9223372036854775807, 0, 9223372036795375807
2, 3961, 0, 9223372036854775807, 0, 9223372036795360807
2, 3962, 0, 9223372036854775807, 0, 9223372036795345807
2, 3963, 0, 9223372036854775807, 0, 9223372036795330807
2, 3964, 0, 9223372036854775807, 0, 9223372036795315807
2, 3965, 0, 9223372036854775807, 0, 9223372036795300807
2, 3966, 0, 9223372036854775807, 0, 9223372036795285807
2, 3967, 0, 9223372036854775807, 0, 9223372036795270807
2, 3968, 0, 9223372036854775807, 0, 9223372036795255807
2, 3969, 0, 9223372036854775807, 0, 9223372036795240807
2, 397, 0, 9223372036854775807, 0, 9223372036848820807
2, 3970, 0, 9223372036854775807, 0, 9223372036795225807
2, 3971, 0, 9223372036854775807, 0, 9223372036795210807
2, 3972, 0, 9223372036854775807, 0, 9223372036795195807
2, 3973, 0, 9223372036854775807, 0, 9223372036795180807
2, 3974, 0, 9223372036854775807, 0, 9223372036795165807
2, 3975, 0, 9223372036854775807, 0, 9223372036795150807
2, 3976, 0, 9223372036854775807, 0, 9223372036795135807
2, 3977, 0, 9223372036854775807, 0, 9223372036795120807
2, 3978, 0, 9223372036854775807, 0, 9223372036795105807
2, 3979, 0, 9223372036854775807, 0, 9223372036795090807
2, 398, 0, 9223372036854775807, 0, 9223372036848805807
2, 3980, 0, 9223372036854775807, 0, 9223372036795075807
2, 3981, 0, 9223372036854775807, 0, 9223372036795060807
2, 3982, 0, 9223372036854775807, 0, 9223372036795045807
2, 3983, 0, 9223372036854775807, 0, 9223372036795030807
2, 3984, 0, 9223372036854775807, 0, 9223372036795015807
2, 3985, 0, 9223372036854775807, 0, 9223372036795000807
2, 3986, 0, 9223372036854775807, 0, 9223372036794985807
2, 3987, 0, 9223372036854775807, 0, 9223372036794970807
2, 3988, 0, 9223372036854775807, 0, 9223372036794955807
2, 3989, 0, 9223372036854775807, 0, 9223372036794940807
2, 399, 0, 9223372036854775807, 0, 9223372036848790807
2, 3990, 0, 9223372036854775807, 0, 9223372036794925807
2, 3991, 0, 9223372036854775807, 0, 9223372036794910807
2, 3992, 0, 9223372036854775807, 0, 9223372036794895807
2, 3993, 0, 9223372036854775807, 0, 9223372036794880807
2, 3994, 0, 9223372036854775807, 0, 9223372036794865807
2, 3995, 0, 9223372036854775807, 0, 9223372036794850807
2, 3996, 0, 9223372036854775807, 0, 9223372036794835807
2, 3997, 0, 9223372036854775807, 0, 9223372036794820807
2, 3998, 0, 9223372036854775807, 0, 9223372036794805807
2, 3999, 0, 9223372036854775807, 0, 9223372036794790807
2, 4, 0, 9223372036854775807, 0, 9223372036854715807
2, 40, 0, 9223372036854775807, 0, 9223372036854175807
2, 400, 0, 9223372036854775807, 0, 9223372036848775807
2, 4000, 0, 9223372036854775807, 0, 9223372036794775807
2, 4001, 0, 9223372036854775807, 0, 9223372036794760807
2, 4002, 0, 9223372036854775807, 0, 9223372036794745807
2, 4003, 0, 9223372036854775807, 0, 9223372036794730807
2, 4004, 0, 9223372036854775807, 0, 9223372036794715807
2, 4005, 0, 9223372036854775807, 0, 9223372036794700807
2, 4006, 0, 9223372036854775807, 0, 9223372036794685807
2, 4007, 0, 9223372036854775807, 0, 9223372036794670807
2, 4008, 0, 9223372036854775807, 0, 9223372036794655807
2, 4009, 0, 9223372036854775807, 0, 9223372036794640807
2, 401, 0, 9223372036854775807, 0, 9223372036848760807
2, 4010, 0, 9223372036854775807, 0, 9223372036794625807
2, 4011, 0, 9223372036854775807, 0, 9223372036794610807
2, 4012, 0, 9223372036854775807, 0, 9223372036794595807
2, 4013, 0, 9223372036854775807, 0, 9223372036794580807
2, 4014, 0, 9223372036854775807, 0, 9223372036794565807
2, 4015, 0, 9223372036854775807, 0, 9223372036794550807
2, 4016, 0, 9223372036854775807, 0, 9223372036794535807
2, 4017, 0, 9223372036854775807, 0, 9223372036794520807
2, 4018, 0, 9223372036854775807, 0, 9223372036794505807
2, 4019, 0, 9223372036854775807, 0, 9223372036794490807
2, 402, 0, 9223372036854775807, 0, 9223372036848745807
2, 4020, 0, 9223372036854775807, 0, 9223372036794475807
2, 4021, 0, 9223372036854775807, 0, 9223372036794460807
2, 4022, 0, 9223372036854775807, 0, 9223372036794445807
2, 4023, 0, 9223372036854775807, 0, 9223372036794430807
2, 4024, 0, 9223372036854775807, 0, 9223372036794415807
2, 4025, 0, 9223372036854775807, 0, 9223372036794400807
2, 4026, 0, 9223372036854775807, 0, 9223372036794385807
2, 4027, 0, 9223372036854775807, 0, 9223372036794370807
2, 4028, 0, 9223372036854775807, 0, 9223372036794355807
2, 4029, 0, 9223372036854775807, 0, 9223372036794340807
2, 403, 0, 9223372036854775807, 0, 9223372036848730807
2, 4030, 0, 9223372036854775807, 0, 9223372036794325807
2, 4031, 0, 9223372036854775807, 0, 9223372036794310807
2, 4032, 0, 9223372036854775807, 0, 9223372036794295807
2, 4033, 0, 9223372036854775807, 0, 9223372036794280807
2, 4034, 0, 9223372036854775807, 0, 9223372036794265807
2, 4035, 0, 9223372036854775807, 0, 9223372036794250807
2, 4036, 0, 9223372036854775807, 0, 9223372036794235807
2, 4037, 0, 9223372036854775807, 0, 9223372036794220807
2, 4038, 0, 9223372036854775807, 0, 9223372036794205807
2, 4039, 0, 9223372036854775807, 0, 9223372036794190807
2, 404, 0, 9223372036854775807, 0, 9223372036848715807
2, 4040, 0, 9223372036854775807, 0, 9223372036794175807
2, 4041, 0, 9223372036854775807, 0, 9223372036794160807
2, 4042, 0, 9223372036854775807, 0, 9223372036794145807
2, 4043, 0, 9223372036854775807, 0, 9223372036794130807
2, 4044, 0, 9223372036854775807, 0, 9223372036794115807
2, 4045, 0, 9223372036854775807, 0, 9223372036794100807
2, 4046, 0, 9223372036854775807, 0, 9223372036794085807
2, 4047, 0, 9223372036854775807, 0, 9223372036794070807
2, 4048, 0, 9223372036854775807, 0, 9223372036794055807
2, 4049, 0, 9223372036854775807, 0, 9223372036794040807
2, 405, 0, 9223372036854775807, 0, 9223372036848700807
2, 4050, 0, 9223372036854775807, 0, 9223372036794025807
2, 4051, 0, 9223372036854775807, 0, 9223372036794010807
2, 4052, 0, 9223372036854775807, 0, 9223372036793995807
2, 4053, 0, 9223372036854775807, 0, 9223372036793980807
2, 4054, 0, 9223372036854775807, 0, 9223372036793965807
2, 4055, 0, 9223372036854775807, 0, 9223372036793950807
2, 4056, 0, 9223372036854775807, 0, 9223372036793935807
2, 4057, 0, 9223372036854775807, 0, 9223372036793920807
2, 4058, 0, 9223372036854775807, 0, 9223372036793905807
2, 4059, 0, 9223372036854775807, 0, 9223372036793890807
2, 406, 0, 9223372036854775807, 0, 9223372036848685807
2, 4060, 0, 9223372036854775807, 0, 9223372036793875807
2, 4061, 0, 9223372036854775807, 0, 9223372036793860807
2, 4062, 0, 9223372036854775807, 0, 9223372036793845807
2, 4063, 0, 9223372036854775807, 0, 9223372036793830807
2, 4064, 0, 9223372036854775807, 0, 9223372036793815807
2, 4065, 0, 9223372036854775807, 0, 9223372036793800807
2, 4066, 0, 9223372036854775807, 0, 9223372036793785807
2, 4067, 0, 9223372036854775807, 0, 9223372036793770807
2, 4068, 0, 9223372036854775807, 0, 9223372036793755807
2, 4069, 0, 9223372036854775807, 0, 9223372036793740807
2, 407, 0, 9223372036854775807, 0, 9223372036848670807
2, 4070, 0, 9223372036854775807, 0, 9223372036793725807
2, 4071, 0, 9223372036854775807, 0, 9223372036793710807
2, 4072, 0, 9223372036854775807, 0, 9223372036793695807
2, 4073, 0, 9223372036854775807, 0, 9223372036793680807
2, 4074, 0, 9223372036854775807, 0, 9223372036793665807
2, 4075, 0, 9223372036854775807, 0, 9223372036793650807
2, 4076, 0, 9223372036854775807, 0, 9223372036793635807
2, 4077, 0, 9223372036854775807, 0, 9223372036793620807
2, 4078, 0, 9223372036854775807, 0, 9223372036793605807
2, 4079, 0, 9223372036854775807, 0, 9223372036793590807
2, 408, 0, 9223372036854775807, 0, 9223372036848655807
2, 4080, 0, 9223372036854775807, 0, 9223372036793575807
2, 4081, 0, 9223372036854775807, 0, 9223372036793560807
2, 4082, 0, 9223372036854775807, 0, 9223372036793545807
2, 4083, 0, 9223372036854775807, 0, 9223372036793530807
2, 4084, 0, 9223372036854775807, 0, 9223372036793515807
2, 4085, 0, 9223372036854775807, 0, 9223372036793500807
2, 4086, 0, 9223372036854775807, 0, 9223372036793485807
2, 4087, 0, 9223372036854775807, 0, 9223372036793470807
2, 4088, 0, 9223372036854775807, 0, 9223372036793455807
2, 4089, 0, 9223372036854775807, 0, 9223372036793440807
2, 409, 0, 9223372036854775807, 0, 9223372036848640807
2, 4090, 0, 9223372036854775807, 0, 9223372036793425807
2, 4091, 0, 9223372036854775807, 0, 9223372036793410807
2, 4092, 0, 9223372036854775807, 0, 9223372036793395807
2, 4093, 0, 9223372036854775807, 0, 9223372036793380807
2, 4094, 0, 9223372036854775807, 0, 9223372036793365807
2, 4095, 0, 9223372036854775807, 0, 9223372036793350807
2, 4096, 0, 9223372036854775807, 0, 9223372036793335807
2, 4097, 0, 9223372036854775807, 0, 9223372036793320807
2, 4098, 0, 9223372036854775807, 0, 9223372036793305807
2, 4099, 0, 9223372036854775807, 0, 9223372036793290807
2, 41, 0, 9223372036854775807, 0, 9223372036854160807
2, 410, 0, 9223372036854775807, 0, 9223372036848625807
2, 4100, 0, 9223372036854775807, 0, 9223372036793275807
2, 4101, 0, 9223372036854775807, 0, 9223372036793260807
2, 4102, 0, 9223372036854775807, 0, 9223372036793245807
2, 4103, 0, 9223372036854775807, 0, 9223372036793230807
2, 4104, 0, 9223372036854775807, 0, 9223372036793215807
2, 4105, 0, 9223372036854775807, 0, 9223372036793200807
2, 4106, 0, 9223372036854775807, 0, 9223372036793185807
2, 4107, 0, 9223372036854775807, 0, 9223372036793170807
2, 4108, 0, 9223372036854775807, 0, 9223372036793155807
2, 4109, 0, 9223372036854775807, 0, 9223372036793140807
2, 411, 0, 9223372036854775807, 0, 9223372036848610807
2, 4110, 0, 9223372036854775807, 0, 9223372036793125807
2, 4111, 0, 9223372036854775807, 0, 9223372036793110807
2, 4112, 0, 9223372036854775807, 0, 9223372036793095807
2, 4113, 0, 9223372036854775807, 0, 9223372036793080807
2, 4114, 0, 9223372036854775807, 0, 9223372036793065807
2, 4115, 0, 9223372036854775807, 0, 9223372036793050807
2, 4116, 0, 9223372036854775807, 0, 9223372036793035807
2, 4117, 0, 9223372036854775807, 0, 9223372036793020807
2, 4118, 0, 9223372036854775807, 0, 9223372036793005807
2, 4119, 0, 9223372036854775807, 0, 9223372036792990807
2, 412, 0, 9223372036854775807, 0, 9223372036848595807
2, 4120, 0, 9223372036854775807, 0, 9223372036792975807
2, 4121, 0, 9223372036854775807, 0, 9223372036792960807
2, 4122, 0, 9223372036854775807, 0, 9223372036792945807
2, 4123, 0, 9223372036854775807, 0, 9223372036792930807
2, 4124, 0, 9223372036854775807, 0, 9223372036792915807
2, 4125, 0, 9223372036854775807, 0, 9223372036792900807
2, 4126, 0, 9223372036854775807, 0, 9223372036792885807
2, 4127, 0, 9223372036854775807, 0, 9223372036792870807
2, 4128, 0, 9223372036854775807, 0, 9223372036792855807
2, 4129, 0, 9223372036854775807, 0, 9223372036792840807
2, 413, 0, 9223372036854775807, 0, 9223372036848580807
2, 4130, 0, 9223372036854775807, 0, 9223372036792825807
2, 4131, 0, 9223372036854775807, 0, 9223372036792810807
2, 4132, 0, 9223372036854775807, 0, 9223372036792795807
2, 4133, 0, 9223372036854775807, 0, 9223372036792780807
2, 4134, 0, 9223372036854775807, 0, 9223372036792765807
2, 4135, 0, 9223372036854775807, 0, 9223372036792750807
2, 4136, 0, 9223372036854775807, 0, 9223372036792735807
2, 4137, 0, 9223372036854775807, 0, 9223372036792720807
2, 4138, 0, 9223372036854775807, 0, 9223372036792705807
2, 4139, 0, 9223372036854775807, 0, 9223372036792690807
2, 414, 0, 9223372036854775807, 0, 9223372036848565807
2, 4140, 0, 9223372036854775807, 0, 9223372036792675807
2, 4141, 0, 9223372036854775807, 0, 9223372036792660807
2, 4142, 0, 9223372036854775807, 0, 9223372036792645807
2, 4143, 0, 9223372036854775807, 0, 9223372036792630807
2, 4144, 0, 9223372036854775807, 0, 9223372036792615807
2, 4145, 0, 9223372036854775807, 0, 9223372036792600807
2, 4146, 0, 9223372036854775807, 0, 9223372036792585807
2, 4147, 0, 9223372036854775807, 0, 9223372036792570807
2, 4148, 0, 9223372036854775807, 0, 9223372036792555807
2, 4149, 0, 9223372036854775807, 0, 9223372036792540807
2, 415, 0, 9223372036854775807, 0, 9223372036848550807
2, 4150, 0, 9223372036854775807, 0, 9223372036792525807
2, 4151, 0, 9223372036854775807, 0, 9223372036792510807
2, 4152, 0, 9223372036854775807, 0, 9223372036792495807
2, 4153, 0, 9223372036854775807, 0, 9223372036792480807
2, 4154, 0, 9223372036854775807, 0, 9223372036792465807
2, 4155, 0, 9223372036854775807, 0, 9223372036792450807
2, 4156, 0, 9223372036854775807, 0, 9223372036792435807
2, 4157, 0, 9223372036854775807, 0, 9223372036792420807
2, 4158, 0, 9223372036854775807, 0, 9223372036792405807
2, 4159, 0, 9223372036854775807, 0, 9223372036792390807
2, 416, 0, 9223372036854775807, 0, 9223372036848535807
2, 4160, 0, 9223372036854775807, 0, 9223372036792375807
2, 4161, 0, 9223372036854775807, 0, 9223372036792360807
2, 4162, 0, 9223372036854775807, 0, 9223372036792345807
2, 4163, 0, 9223372036854775807, 0, 9223372036792330807
2, 4164, 0, 9223372036854775807, 0, 9223372036792315807
2, 4165, 0, 9223372036854775807, 0, 9223372036792300807
2, 4166, 0, 9223372036854775807, 0, 9223372036792285807
2, 4167, 0, 9223372036854775807, 0, 9223372036792270807
2, 4168, 0, 9223372036854775807, 0, 9223372036792255807
2, 4169, 0, 9223372036854775807, 0, 9223372036792240807
2, 417, 0, 9223372036854775807, 0, 9223372036848520807
2, 4170, 0, 9223372036854775807, 0, 9223372036792225807
2, 4171, 0, 9223372036854775807, 0, 9223372036792210807
2, 4172, 0, 9223372036854775807, 0, 9223372036792195807
2, 4173, 0, 9223372036854775807, 0, 9223372036792180807
2, 4174, 0, 9223372036854775807, 0, 9223372036792165807
2, 4175, 0, 9223372036854775807, 0, 9223372036792150807
2, 4176, 0, 9223372036854775807, 0, 9223372036792135807
2, 4177, 0, 9223372036854775807, 0, 9223372036792120807
2, 4178, 0, 9223372036854775807, 0, 9223372036792105807
2, 4179, 0, 9223372036854775807, 0, 9223372036792090807
2, 418, 0, 9223372036854775807, 0, 9223372036848505807
2, 4180, 0, 9223372036854775807, 0, 9223372036792075807
2, 4181, 0, 9223372036854775807, 0, 9223372036792060807
2, 4182, 0, 9223372036854775807, 0, 9223372036792045807
2, 4183, 0, 9223372036854775807, 0, 9223372036792030807
2, 4184, 0, 9223372036854775807, 0, 9223372036792015807
2, 4185, 0, 9223372036854775807, 0, 9223372036792000807
2, 4186, 0, 9223372036854775807, 0, 9223372036791985807
2, 4187, 0, 9223372036854775807, 0, 9223372036791970807
2, 4188, 0, 9223372036854775807, 0, 9223372036791955807
2, 4189, 0, 9223372036854775807, 0, 9223372036791940807
2, 419, 0, 9223372036854775807, 0, 9223372036848490807
2, 4190, 0, 9223372036854775807, 0, 9223372036791925807
2, 4191, 0, 9223372036854775807, 0, 9223372036791910807
2, 4192, 0, 9223372036854775807, 0, 9223372036791895807
2, 4193, 0, 9223372036854775807, 0, 9223372036791880807
2, 4194, 0, 9223372036854775807, 0, 9223372036791865807
2, 4195, 0, 9223372036854775807, 0, 9223372036791850807
2, 4196, 0, 9223372036854775807, 0, 9223372036791835807
2, 4197, 0, 9223372036854775807, 0, 9223372036791820807
2, 4198, 0, 9223372036854775807, 0, 9223372036791805807
2, 4199, 0, 9223372036854775807, 0, 9223372036791790807
2, 42, 0, 9223372036854775807, 0, 9223372036854145807
2, 420, 0, 9223372036854775807, 0, 9223372036848475807
2, 4200, 0, 9223372036854775807, 0, 9223372036791775807
2, 4201, 0, 9223372036854775807, 0, 9223372036791760807
2, 4202, 0, 9223372036854775807, 0, 9223372036791745807
2, 4203, 0, 9223372036854775807, 0, 9223372036791730807
2, 4204, 0, 9223372036854775807, 0, 9223372036791715807
2, 4205, 0, 9223372036854775807, 0, 9223372036791700807
2, 4206, 0, 9223372036854775807, 0, 9223372036791685807
2, 4207, 0, 9223372036854775807, 0, 9223372036791670807
2, 4208, 0, 9223372036854775807, 0, 9223372036791655807
2, 4209, 0, 9223372036854775807, 0, 9223372036791640807
2, 421, 0, 9223372036854775807, 0, 9223372036848460807
2, 4210, 0, 9223372036854775807, 0, 9223372036791625807
2, 4211, 0, 9223372036854775807, 0, 9223372036791610807
2, 4212, 0, 9223372036854775807, 0, 9223372036791595807
2, 4213, 0, 9223372036854775807, 0, 9223372036791580807
2, 4214, 0, 9223372036854775807, 0, 9223372036791565807
2, 4215, 0, 9223372036854775807, 0, 9223372036791550807
2, 4216, 0, 9223372036854775807, 0, 9223372036791535807
2, 4217, 0, 9223372036854775807, 0, 9223372036791520807
2, 4218, 0, 9223372036854775807, 0, 9223372036791505807
2, 4219, 0, 9223372036854775807, 0, 9223372036791490807
2, 422, 0, 9223372036854775807, 0, 9223372036848445807
2, 4220, 0, 9223372036854775807, 0, 9223372036791475807
2, 4221, 0, 9223372036854775807, 0, 9223372036791460807
2, 4222, 0, 9223372036854775807, 0, 9223372036791445807
2, 4223, 0, 9223372036854775807, 0, 9223372036791430807
2, 4224, 0, 9223372036854775807, 0, 9223372036791415807
2, 4225, 0, 9223372036854775807, 0, 9223372036791400807
2, 4226, 0, 9223372036854775807, 0, 9223372036791385807
2, 4227, 0, 9223372036854775807, 0, 9223372036791370807
2, 4228, 0, 9223372036854775807, 0, 9223372036791355807
2, 4229, 0, 9223372036854775807, 0, 9223372036791340807
2, 423, 0, 9223372036854775807, 0, 9223372036848430807
2, 4230, 0, 9223372036854775807, 0, 9223372036791325807
2, 4231, 0, 9223372036854775807, 0, 9223372036791310807
2, 4232, 0, 9223372036854775807, 0, 9223372036791295807
2, 4233, 0, 9223372036854775807, 0, 9223372036791280807
2, 4234, 0, 9223372036854775807, 0, 9223372036791265807
2, 4235, 0, 9223372036854775807, 0, 9223372036791250807
2, 4236, 0, 9223372036854775807, 0, 9223372036791235807
2, 4237, 0, 9223372036854775807, 0, 9223372036791220807
2, 4238, 0, 9223372036854775807, 0, 9223372036791205807
2, 4239, 0, 9223372036854775807, 0, 9223372036791190807
2, 424, 0, 9223372036854775807, 0, 9223372036848415807
2, 4240, 0, 9223372036854775807, 0, 9223372036791175807
2, 4241, 0, 9223372036854775807, 0, 9223372036791160807
2, 4242, 0, 9223372036854775807, 0, 9223372036791145807
2, 4243, 0, 9223372036854775807, 0, 9223372036791130807
2, 4244, 0, 9223372036854775807, 0, 9223372036791115807
2, 4245, 0, 9223372036854775807, 0, 9223372036791100807
2, 4246, 0, 9223372036854775807, 0, 9223372036791085807
2, 4247, 0, 9223372036854775807, 0, 9223372036791070807
2, 4248, 0, 9223372036854775807, 0, 9223372036791055807
2, 4249, 0, 9223372036854775807, 0, 9223372036791040807
2, 425, 0, 9223372036854775807, 0, 9223372036848400807
2, 4250, 0, 9223372036854775807, 0, 9223372036791025807
2, 4251, 0, 9223372036854775807, 0, 9223372036791010807
2, 4252, 0, 9223372036854775807, 0, 9223372036790995807
2, 4253, 0, 9223372036854775807, 0, 9223372036790980807
2, 4254, 0, 9223372036854775807, 0, 9223372036790965807
2, 4255, 0, 9223372036854775807, 0, 9223372036790950807
2, 4256, 0, 9223372036854775807, 0, 9223372036790935807
2, 4257, 0, 9223372036854775807, 0, 9223372036790920807
2, 4258, 0, 9223372036854775807, 0, 9223372036790905807
2, 4259, 0, 9223372036854775807, 0, 9223372036790890807
2, 426, 0, 9223372036854775807, 0, 9223372036848385807
2, 4260, 0, 9223372036854775807, 0, 9223372036790875807
2, 4261, 0, 9223372036854775807, 0, 9223372036790860807
2, 4262, 0, 9223372036854775807, 0, 9223372036790845807
2, 4263, 0, 9223372036854775807, 0, 9223372036790830807
2, 4264, 0, 9223372036854775807, 0, 9223372036790815807
2, 4265, 0, 9223372036854775807, 0, 9223372036790800807
2, 4266, 0, 9223372036854775807, 0, 9223372036790785807
2, 4267, 0, 9223372036854775807, 0, 9223372036790770807
2, 4268, 0, 9223372036854775807, 0, 9223372036790755807
2, 4269, 0, 9223372036854775807, 0, 9223372036790740807
2, 427, 0, 9223372036854775807, 0, 9223372036848370807
2, 4270, 0, 9223372036854775807, 0, 9223372036790725807
2, 4271, 0, 9223372036854775807, 0, 9223372036790710807
2, 4272, 0, 9223372036854775807, 0, 9223372036790695807
2, 4273, 0, 9223372036854775807, 0, 9223372036790680807
2, 4274, 0, 9223372036854775807, 0, 9223372036790665807
2, 4275, 0, 9223372036854775807, 0, 9223372036790650807
2, 4276, 0, 9223372036854775807, 0, 9223372036790635807
2, 4277, 0, 9223372036854775807, 0, 9223372036790620807
2, 4278, 0, 9223372036854775807, 0, 9223372036790605807
2, 4279, 0, 9223372036854775807, 0, 9223372036790590807
2, 428, 0, 9223372036854775807, 0, 9223372036848355807
2, 4280, 0, 9223372036854775807, 0, 9223372036790575807
2, 4281, 0, 9223372036854775807, 0, 9223372036790560807
2, 4282, 0, 9223372036854775807, 0, 9223372036790545807
2, 4283, 0, 9223372036854775807, 0, 9223372036790530807
2, 4284, 0, 9223372036854775807, 0, 9223372036790515807
2, 4285, 0, 9223372036854775807, 0, 9223372036790500807
2, 4286, 0, 9223372036854775807, 0, 9223372036790485807
2, 4287, 0, 9223372036854775807, 0, 9223372036790470807
2, 4288, 0, 9223372036854775807, 0, 9223372036790455807
2, 4289, 0, 9223372036854775807, 0, 9223372036790440807
2, 429, 0, 9223372036854775807, 0, 9223372036848340807
2, 4290, 0, 9223372036854775807, 0, 9223372036790425807
2, 4291, 0, 9223372036854775807, 0, 9223372036790410807
2, 4292, 0, 9223372036854775807, 0, 9223372036790395807
2, 4293, 0, 9223372036854775807, 0, 9223372036790380807
2, 4294, 0, 9223372036854775807, 0, 9223372036790365807
2, 4295, 0, 9223372036854775807, 0, 9223372036790350807
2, 4296, 0, 9223372036854775807, 0, 9223372036790335807
2, 4297, 0, 9223372036854775807, 0, 9223372036790320807
2, 4298, 0, 9223372036854775807, 0, 9223372036790305807
2, 4299, 0, 9223372036854775807, 0, 9223372036790290807
2, 43, 0, 9223372036854775807, 0, 9223372036854130807
2, 430, 0, 9223372036854775807, 0, 9223372036848325807
2, 4300, 0, 9223372036854775807, 0, 9223372036790275807
2, 4301, 0, 9223372036854775807, 0, 9223372036790260807
2, 4302, 0, 9223372036854775807, 0, 9223372036790245807
2, 4303, 0, 9223372036854775807, 0, 9223372036790230807
2, 4304, 0, 9223372036854775807, 0, 9223372036790215807
2, 4305, 0, 9223372036854775807, 0, 9223372036790200807
2, 4306, 0, 9223372036854775807, 0, 9223372036790185807
2, 4307, 0, 9223372036854775807, 0, 9223372036790170807
2, 4308, 0, 9223372036854775807, 0, 9223372036790155807
2, 4309, 0, 9223372036854775807, 0, 9223372036790140807
2, 431, 0, 9223372036854775807, 0, 9223372036848310807
2, 4310, 0, 9223372036854775807, 0, 9223372036790125807
2, 4311, 0, 9223372036854775807, 0, 9223372036790110807
2, 4312, 0, 9223372036854775807, 0, 9223372036790095807
2, 4313, 0, 9223372036854775807, 0, 9223372036790080807
2, 4314, 0, 9223372036854775807, 0, 9223372036790065807
2, 4315, 0, 9223372036854775807, 0, 9223372036790050807
2, 4316, 0, 9223372036854775807, 0, 9223372036790035807
2, 4317, 0, 9223372036854775807, 0, 9223372036790020807
2, 4318, 0, 9223372036854775807, 0, 9223372036790005807
2, 4319, 0, 9223372036854775807, 0, 9223372036789990807
2, 432, 0, 9223372036854775807, 0, 9223372036848295807
2, 4320, 0, 9223372036854775807, 0, 9223372036789975807
2, 4321, 0, 9223372036854775807, 0, 9223372036789960807
2, 4322, 0, 9223372036854775807, 0, 9223372036789945807
2, 4323, 0, 9223372036854775807, 0, 9223372036789930807
2, 4324, 0, 9223372036854775807, 0, 9223372036789915807
2, 4325, 0, 9223372036854775807, 0, 9223372036789900807
2, 4326, 0, 9223372036854775807, 0, 9223372036789885807
2, 4327, 0, 9223372036854775807, 0, 9223372036789870807
2, 4328, 0, 9223372036854775807, 0, 9223372036789855807
2, 4329, 0, 9223372036854775807, 0, 9223372036789840807
2, 433, 0, 9223372036854775807, 0, 9223372036848280807
2, 4330, 0, 9223372036854775807, 0, 9223372036789825807
2, 4331, 0, 9223372036854775807, 0, 9223372036789810807
2, 4332, 0, 9223372036854775807, 0, 9223372036789795807
2, 4333, 0, 9223372036854775807, 0, 9223372036789780807
2, 4334, 0, 9223372036854775807, 0, 9223372036789765807
2, 4335, 0, 9223372036854775807, 0, 9223372036789750807
2, 4336, 0, 9223372036854775807, 0, 9223372036789735807
2, 4337, 0, 9223372036854775807, 0, 9223372036789720807
2, 4338, 0, 9223372036854775807, 0, 9223372036789705807
2, 4339, 0, 9223372036854775807, 0, 9223372036789690807
2, 434, 0, 9223372036854775807, 0, 9223372036848265807
2, 4340, 0, 9223372036854775807, 0, 9223372036789675807
2, 4341, 0, 9223372036854775807, 0, 9223372036789660807
2, 4342, 0, 9223372036854775807, 0, 9223372036789645807
2, 4343, 0, 9223372036854775807, 0, 9223372036789630807
2, 4344, 0, 9223372036854775807, 0, 9223372036789615807
2, 4345, 0, 9223372036854775807, 0, 9223372036789600807
2, 4346, 0, 9223372036854775807, 0, 9223372036789585807
2, 4347, 0, 9223372036854775807, 0, 9223372036789570807
2, 4348, 0, 9223372036854775807, 0, 9223372036789555807
2, 4349, 0, 9223372036854775807, 0, 9223372036789540807
2, 435, 0, 9223372036854775807, 0, 9223372036848250807
2, 4350, 0, 9223372036854775807, 0, 9223372036789525807
2, 4351, 0, 9223372036854775807, 0, 9223372036789510807
2, 4352, 0, 9223372036854775807, 0, 9223372036789495807
2, 4353, 0, 9223372036854775807, 0, 9223372036789480807
2, 4354, 0, 9223372036854775807, 0, 9223372036789465807
2, 4355, 0, 9223372036854775807, 0, 9223372036789450807
2, 4356, 0, 9223372036854775807, 0, 9223372036789435807
2, 4357, 0, 9223372036854775807, 0, 9223372036789420807
2, 4358, 0, 9223372036854775807, 0, 9223372036789405807
2, 4359, 0, 9223372036854775807, 0, 9223372036789390807
2, 436, 0, 9223372036854775807, 0, 9223372036848235807
2, 4360, 0, 9223372036854775807, 0, 9223372036789375807
2, 4361, 0, 9223372036854775807, 0, 9223372036789360807
2, 4362, 0, 9223372036854775807, 0, 9223372036789345807
2, 4363, 0, 9223372036854775807, 0, 9223372036789330807
2, 4364, 0, 9223372036854775807, 0, 9223372036789315807
2, 4365, 0, 9223372036854775807, 0, 9223372036789300807
2, 4366, 0, 9223372036854775807, 0, 9223372036789285807
2, 4367, 0, 9223372036854775807, 0, 9223372036789270807
2, 4368, 0, 9223372036854775807, 0, 9223372036789255807
2, 4369, 0, 9223372036854775807, 0, 9223372036789240807
2, 437, 0, 9223372036854775807, 0, 9223372036848220807
2, 4370, 0, 9223372036854775807, 0, 9223372036789225807
2, 4371, 0, 9223372036854775807, 0, 9223372036789210807
2, 4372, 0, 9223372036854775807, 0, 9223372036789195807
2, 4373, 0, 9223372036854775807, 0, 9223372036789180807
2, 4374, 0, 9223372036854775807, 0, 9223372036789165807
2, 4375, 0, 9223372036854775807, 0, 9223372036789150807
2, 4376, 0, 9223372036854775807, 0, 9223372036789135807
2, 4377, 0, 9223372036854775807, 0, 9223372036789120807
2, 4378, 0, 9223372036854775807, 0, 9223372036789105807
2, 4379, 0, 9223372036854775807, 0, 9223372036789090807
2, 438, 0, 9223372036854775807, 0, 9223372036848205807
2, 4380, 0, 9223372036854775807, 0, 9223372036789075807
2, 4381, 0, 9223372036854775807, 0, 9223372036789060807
2, 4382, 0, 9223372036854775807, 0, 9223372036789045807
2, 4383, 0, 9223372036854775807, 0, 9223372036789030807
2, 4384, 0, 9223372036854775807, 0, 9223372036789015807
2, 4385, 0, 9223372036854775807, 0, 9223372036789000807
2, 4386, 0, 9223372036854775807, 0, 9223372036788985807
2, 4387, 0, 9223372036854775807, 0, 9223372036788970807
2, 4388, 0, 9223372036854775807, 0, 9223372036788955807
2, 4389, 0, 9223372036854775807, 0, 9223372036788940807
2, 439, 0, 9223372036854775807, 0, 9223372036848190807
2, 4390, 0, 9223372036854775807, 0, 9223372036788925807
2, 4391, 0, 9223372036854775807, 0, 9223372036788910807
2, 4392, 0, 9223372036854775807, 0, 9223372036788895807
2, 4393, 0, 9223372036854775807, 0, 9223372036788880807
2, 4394, 0, 9223372036854775807, 0, 9223372036788865807
2, 4395, 0, 9223372036854775807, 0, 9223372036788850807
2, 4396, 0, 9223372036854775807, 0, 9223372036788835807
2, 4397, 0, 9223372036854775807, 0, 9223372036788820807
2, 4398, 0, 9223372036854775807, 0, 9223372036788805807
2, 4399, 0, 9223372036854775807, 0, 9223372036788790807
2, 44, 0, 9223372036854775807, 0, 9223372036854115807
2, 440, 0, 9223372036854775807, 0, 9223372036848175807
2, 4400, 0, 9223372036854775807, 0, 9223372036788775807
2, 4401, 0, 9223372036854775807, 0, 9223372036788760807
2, 4402, 0, 9223372036854775807, 0, 9223372036788745807
2, 4403, 0, 9223372036854775807, 0, 9223372036788730807
2, 4404, 0, 9223372036854775807, 0, 9223372036788715807
2, 4405, 0, 9223372036854775807, 0, 9223372036788700807
2, 4406, 0, 9223372036854775807, 0, 9223372036788685807
2, 4407, 0, 9223372036854775807, 0, 9223372036788670807
2, 4408, 0, 9223372036854775807, 0, 9223372036788655807
2, 4409, 0, 9223372036854775807, 0, 9223372036788640807
2, 441, 0, 9223372036854775807, 0, 9223372036848160807
2, 4410, 0, 9223372036854775807, 0, 9223372036788625807
2, 4411, 0, 9223372036854775807, 0, 9223372036788610807
2, 4412, 0, 9223372036854775807, 0, 9223372036788595807
2, 4413, 0, 9223372036854775807, 0, 9223372036788580807
2, 4414, 0, 9223372036854775807, 0, 9223372036788565807
2, 4415, 0, 9223372036854775807, 0, 9223372036788550807
2, 4416, 0, 9223372036854775807, 0, 9223372036788535807
2, 4417, 0, 9223372036854775807, 0, 9223372036788520807
2, 4418, 0, 9223372036854775807, 0, 9223372036788505807
2, 4419, 0, 9223372036854775807, 0, 9223372036788490807
2, 442, 0, 9223372036854775807, 0, 9223372036848145807
2, 4420, 0, 9223372036854775807, 0, 9223372036788475807
2, 4421, 0, 9223372036854775807, 0, 9223372036788460807
2, 4422, 0, 9223372036854775807, 0, 9223372036788445807
2, 4423, 0, 9223372036854775807, 0, 9223372036788430807
2, 4424, 0, 9223372036854775807, 0, 9223372036788415807
2, 4425, 0, 9223372036854775807, 0, 9223372036788400807
2, 4426, 0, 9223372036854775807, 0, 9223372036788385807
2, 4427, 0, 9223372036854775807, 0, 9223372036788370807
2, 4428, 0, 9223372036854775807, 0, 9223372036788355807
2, 4429, 0, 9223372036854775807, 0, 9223372036788340807
2, 443, 0, 9223372036854775807, 0, 9223372036848130807
2, 4430, 0, 9223372036854775807, 0, 9223372036788325807
2, 4431, 0, 9223372036854775807, 0, 9223372036788310807
2, 4432, 0, 9223372036854775807, 0, 9223372036788295807
2, 4433, 0, 9223372036854775807, 0, 9223372036788280807
2, 4434, 0, 9223372036854775807, 0, 9223372036788265807
2, 4435, 0, 9223372036854775807, 0, 9223372036788250807
2, 4436, 0, 9223372036854775807, 0, 9223372036788235807
2, 4437, 0, 9223372036854775807, 0, 9223372036788220807
2, 4438, 0, 9223372036854775807, 0, 9223372036788205807
2, 4439, 0, 9223372036854775807, 0, 9223372036788190807
2, 444, 0, 9223372036854775807, 0, 9223372036848115807
2, 4440, 0, 9223372036854775807, 0, 9223372036788175807
2, 4441, 0, 9223372036854775807, 0, 9223372036788160807
2, 4442, 0, 9223372036854775807, 0, 9223372036788145807
2, 4443, 0, 9223372036854775807, 0, 9223372036788130807
2, 4444, 0, 9223372036854775807, 0, 9223372036788115807
2, 4445, 0, 9223372036854775807, 0, 9223372036788100807
2, 4446, 0, 9223372036854775807, 0, 9223372036788085807
2, 4447, 0, 9223372036854775807, 0, 9223372036788070807
2, 4448, 0, 9223372036854775807, 0, 9223372036788055807
2, 4449, 0, 9223372036854775807, 0, 9223372036788040807
2, 445, 0, 9223372036854775807, 0, 9223372036848100807
2, 4450, 0, 9223372036854775807, 0, 9223372036788025807
2, 4451, 0, 9223372036854775807, 0, 9223372036788010807
2, 4452, 0, 9223372036854775807, 0, 9223372036787995807
2, 4453, 0, 9223372036854775807, 0, 9223372036787980807
2, 4454, 0, 9223372036854775807, 0, 9223372036787965807
2, 4455, 0, 9223372036854775807, 0, 9223372036787950807
2, 4456, 0, 9223372036854775807, 0, 9223372036787935807
2, 4457, 0, 9223372036854775807, 0, 9223372036787920807
2, 4458, 0, 9223372036854775807, 0, 9223372036787905807
2, 4459, 0, 9223372036854775807, 0, 9223372036787890807
2, 446, 0, 9223372036854775807, 0, 9223372036848085807
2, 4460, 0, 9223372036854775807, 0, 9223372036787875807
2, 4461, 0, 9223372036854775807, 0, 9223372036787860807
2, 4462, 0, 9223372036854775807, 0, 9223372036787845807
2, 4463, 0, 9223372036854775807, 0, 9223372036787830807
2, 4464, 0, 9223372036854775807, 0, 9223372036787815807
2, 4465, 0, 9223372036854775807, 0, 9223372036787800807
2, 4466, 0, 9223372036854775807, 0, 9223372036787785807
2, 4467, 0, 9223372036854775807, 0, 9223372036787770807
2, 4468, 0, 9223372036854775807, 0, 9223372036787755807
2, 4469, 0, 9223372036854775807, 0, 9223372036787740807
2, 447, 0, 9223372036854775807, 0, 9223372036848070807
2, 4470, 0, 9223372036854775807, 0, 9223372036787725807
2, 4471, 0, 9223372036854775807, 0, 9223372036787710807
2, 4472, 0, 9223372036854775807, 0, 9223372036787695807
2, 4473, 0, 9223372036854775807, 0, 9223372036787680807
2, 4474, 0, 9223372036854775807, 0, 9223372036787665807
2, 4475, 0, 9223372036854775807, 0, 9223372036787650807
2, 4476, 0, 9223372036854775807, 0, 9223372036787635807
2, 4477, 0, 9223372036854775807, 0, 9223372036787620807
2, 4478, 0, 9223372036854775807, 0, 9223372036787605807
2, 4479, 0, 9223372036854775807, 0, 9223372036787590807
2, 448, 0, 9223372036854775807, 0, 9223372036848055807
2, 4480, 0, 9223372036854775807, 0, 9223372036787575807
2, 4481, 0, 9223372036854775807, 0, 9223372036787560807
2, 4482, 0, 9223372036854775807, 0, 9223372036787545807
2, 4483, 0, 9223372036854775807, 0, 9223372036787530807
2, 4484, 0, 9223372036854775807, 0, 9223372036787515807
2, 4485, 0, 9223372036854775807, 0, 9223372036787500807
2, 4486, 0, 9223372036854775807, 0, 9223372036787485807
2, 4487, 0, 9223372036854775807, 0, 9223372036787470807
2, 4488, 0, 9223372036854775807, 0, 9223372036787455807
2, 4489, 0, 9223372036854775807, 0, 9223372036787440807
2, 449, 0, 9223372036854775807, 0, 9223372036848040807
2, 4490, 0, 9223372036854775807, 0, 9223372036787425807
2, 4491, 0, 9223372036854775807, 0, 9223372036787410807
2, 4492, 0, 9223372036854775807, 0, 9223372036787395807
2, 4493, 0, 9223372036854775807, 0, 9223372036787380807
2, 4494, 0, 9223372036854775807, 0, 9223372036787365807
2, 4495, 0, 9223372036854775807, 0, 9223372036787350807
2, 4496, 0, 9223372036854775807, 0, 9223372036787335807
2, 4497, 0, 9223372036854775807, 0, 9223372036787320807
2, 4498, 0, 9223372036854775807, 0, 9223372036787305807
2, 4499, 0, 9223372036854775807, 0, 9223372036787290807
2, 45, 0, 9223372036854775807, 0, 9223372036854100807
2, 450, 0, 9223372036854775807, 0, 9223372036848025807
2, 4500, 0, 9223372036854775807, 0, 9223372036787275807
2, 4501, 0, 9223372036854775807, 0, 9223372036787260807
2, 4502, 0, 9223372036854775807, 0, 9223372036787245807
2, 4503, 0, 9223372036854775807, 0, 9223372036787230807
2, 4504, 0, 9223372036854775807, 0, 9223372036787215807
2, 4505, 0, 9223372036854775807, 0, 9223372036787200807
2, 4506, 0, 9223372036854775807, 0, 9223372036787185807
2, 4507, 0, 9223372036854775807, 0, 9223372036787170807
2, 4508, 0, 9223372036854775807, 0, 9223372036787155807
2, 4509, 0, 9223372036854775807, 0, 9223372036787140807
2, 451, 0, 9223372036854775807, 0, 9223372036848010807
2, 4510, 0, 9223372036854775807, 0, 9223372036787125807
2, 4511, 0, 9223372036854775807, 0, 9223372036787110807
2, 4512, 0, 9223372036854775807, 0, 9223372036787095807
2, 4513, 0, 9223372036854775807, 0, 9223372036787080807
2, 4514, 0, 9223372036854775807, 0, 9223372036787065807
2, 4515, 0, 9223372036854775807, 0, 9223372036787050807
2, 4516, 0, 9223372036854775807, 0, 9223372036787035807
2, 4517, 0, 9223372036854775807, 0, 9223372036787020807
2, 4518, 0, 9223372036854775807, 0, 9223372036787005807
2, 4519, 0, 9223372036854775807, 0, 9223372036786990807
2, 452, 0, 9223372036854775807, 0, 9223372036847995807
2, 4520, 0, 9223372036854775807, 0, 9223372036786975807
2, 4521, 0, 9223372036854775807, 0, 9223372036786960807
2, 4522, 0, 9223372036854775807, 0, 9223372036786945807
2, 4523, 0, 9223372036854775807, 0, 9223372036786930807
2, 4524, 0, 9223372036854775807, 0, 9223372036786915807
2, 4525, 0, 9223372036854775807, 0, 9223372036786900807
2, 4526, 0, 9223372036854775807, 0, 9223372036786885807
2, 4527, 0, 9223372036854775807, 0, 9223372036786870807
2, 4528, 0, 9223372036854775807, 0, 9223372036786855807
2, 4529, 0, 9223372036854775807, 0, 9223372036786840807
2, 453, 0, 9223372036854775807, 0, 9223372036847980807
2, 4530, 0, 9223372036854775807, 0, 9223372036786825807
2, 4531, 0, 9223372036854775807, 0, 9223372036786810807
2, 4532, 0, 9223372036854775807, 0, 9223372036786795807
2, 4533, 0, 9223372036854775807, 0, 9223372036786780807
2, 4534, 0, 9223372036854775807, 0, 9223372036786765807
2, 4535, 0, 9223372036854775807, 0, 9223372036786750807
2, 4536, 0, 9223372036854775807, 0, 9223372036786735807
2, 4537, 0, 9223372036854775807, 0, 9223372036786720807
2, 4538, 0, 9223372036854775807, 0, 9223372036786705807
2, 4539, 0, 9223372036854775807, 0, 9223372036786690807
2, 454, 0, 9223372036854775807, 0, 9223372036847965807
2, 4540, 0, 9223372036854775807, 0, 9223372036786675807
2, 4541, 0, 9223372036854775807, 0, 9223372036786660807
2, 4542, 0, 9223372036854775807, 0, 9223372036786645807
2, 4543, 0, 9223372036854775807, 0, 9223372036786630807
2, 4544, 0, 9223372036854775807, 0, 9223372036786615807
2, 4545, 0, 9223372036854775807, 0, 9223372036786600807
2, 4546, 0, 9223372036854775807, 0, 9223372036786585807
2, 4547, 0, 9223372036854775807, 0, 9223372036786570807
2, 4548, 0, 9223372036854775807, 0, 9223372036786555807
2, 4549, 0, 9223372036854775807, 0, 9223372036786540807
2, 455, 0, 9223372036854775807, 0, 9223372036847950807
2, 4550, 0, 9223372036854775807, 0, 9223372036786525807
2, 4551, 0, 9223372036854775807, 0, 9223372036786510807
2, 4552, 0, 9223372036854775807, 0, 9223372036786495807
2, 4553, 0, 9223372036854775807, 0, 9223372036786480807
2, 4554, 0, 9223372036854775807, 0, 9223372036786465807
2, 4555, 0, 9223372036854775807, 0, 9223372036786450807
2, 4556, 0, 9223372036854775807, 0, 9223372036786435807
2, 4557, 0, 9223372036854775807, 0, 9223372036786420807
2, 4558, 0, 9223372036854775807, 0, 9223372036786405807
2, 4559, 0, 9223372036854775807, 0, 9223372036786390807
2, 456, 0, 9223372036854775807, 0, 9223372036847935807
2, 4560, 0, 9223372036854775807, 0, 9223372036786375807
2, 4561, 0, 9223372036854775807, 0, 9223372036786360807
2, 4562, 0, 9223372036854775807, 0, 9223372036786345807
2, 4563, 0, 9223372036854775807, 0, 9223372036786330807
2, 4564, 0, 9223372036854775807, 0, 9223372036786315807
2, 4565, 0, 9223372036854775807, 0, 9223372036786300807
2, 4566, 0, 9223372036854775807, 0, 9223372036786285807
2, 4567, 0, 9223372036854775807, 0, 9223372036786270807
2, 4568, 0, 9223372036854775807, 0, 9223372036786255807
2, 4569, 0, 9223372036854775807, 0, 9223372036786240807
2, 457, 0, 9223372036854775807, 0, 9223372036847920807
2, 4570, 0, 9223372036854775807, 0, 9223372036786225807
2, 4571, 0, 9223372036854775807, 0, 9223372036786210807
2, 4572, 0, 9223372036854775807, 0, 9223372036786195807
2, 4573, 0, 9223372036854775807, 0, 9223372036786180807
2, 4574, 0, 9223372036854775807, 0, 9223372036786165807
2, 4575, 0, 9223372036854775807, 0, 9223372036786150807
2, 4576, 0, 9223372036854775807, 0, 9223372036786135807
2, 4577, 0, 9223372036854775807, 0, 9223372036786120807
2, 4578, 0, 9223372036854775807, 0, 9223372036786105807
2, 4579, 0, 9223372036854775807, 0, 9223372036786090807
2, 458, 0, 9223372036854775807, 0, 9223372036847905807
2, 4580, 0, 9223372036854775807, 0, 9223372036786075807
2, 4581, 0, 9223372036854775807, 0, 9223372036786060807
2, 4582, 0, 9223372036854775807, 0, 9223372036786045807
2, 4583, 0, 9223372036854775807, 0, 9223372036786030807
2, 4584, 0, 9223372036854775807, 0, 9223372036786015807
2, 4585, 0, 9223372036854775807, 0, 9223372036786000807
2, 4586, 0, 9223372036854775807, 0, 9223372036785985807
2, 4587, 0, 9223372036854775807, 0, 9223372036785970807
2, 4588, 0, 9223372036854775807, 0, 9223372036785955807
2, 4589, 0, 9223372036854775807, 0, 9223372036785940807
2, 459, 0, 9223372036854775807, 0, 9223372036847890807
2, 4590, 0, 9223372036854775807, 0, 9223372036785925807
2, 4591, 0, 9223372036854775807, 0, 9223372036785910807
2, 4592, 0, 9223372036854775807, 0, 9223372036785895807
2, 4593, 0, 9223372036854775807, 0, 9223372036785880807
2, 4594, 0, 9223372036854775807, 0, 9223372036785865807
2, 4595, 0, 9223372036854775807, 0, 9223372036785850807
2, 4596, 0, 9223372036854775807, 0, 9223372036785835807
2, 4597, 0, 9223372036854775807, 0, 9223372036785820807
2, 4598, 0, 9223372036854775807, 0, 9223372036785805807
2, 4599, 0, 9223372036854775807, 0, 9223372036785790807
2, 46, 0, 9223372036854775807, 0, 9223372036854085807
2, 460, 0, 9223372036854775807, 0, 9223372036847875807
2, 4600, 0, 9223372036854775807, 0, 9223372036785775807
2, 4601, 0, 9223372036854775807, 0, 9223372036785760807
2, 4602, 0, 9223372036854775807, 0, 9223372036785745807
2, 4603, 0, 9223372036854775807, 0, 9223372036785730807
2, 4604, 0, 9223372036854775807, 0, 9223372036785715807
2, 4605, 0, 9223372036854775807, 0, 9223372036785700807
2, 4606, 0, 9223372036854775807, 0, 9223372036785685807
2, 4607, 0, 9223372036854775807, 0, 9223372036785670807
2, 4608, 0, 9223372036854775807, 0, 9223372036785655807
2, 4609, 0, 9223372036854775807, 0, 9223372036785640807
2, 461, 0, 9223372036854775807, 0, 9223372036847860807
2, 4610, 0, 9223372036854775807, 0, 9223372036785625807
2, 4611, 0, 9223372036854775807, 0, 9223372036785610807
2, 4612, 0, 9223372036854775807, 0, 9223372036785595807
2, 4613, 0, 9223372036854775807, 0, 9223372036785580807
2, 4614, 0, 9223372036854775807, 0, 9223372036785565807
2, 4615, 0, 9223372036854775807, 0, 9223372036785550807
2, 4616, 0, 9223372036854775807, 0, 9223372036785535807
2, 4617, 0, 9223372036854775807, 0, 9223372036785520807
2, 4618, 0, 9223372036854775807, 0, 9223372036785505807
2, 4619, 0, 9223372036854775807, 0, 9223372036785490807
2, 462, 0, 9223372036854775807, 0, 9223372036847845807
2, 4620, 0, 9223372036854775807, 0, 9223372036785475807
2, 4621, 0, 9223372036854775807, 0, 9223372036785460807
2, 4622, 0, 9223372036854775807, 0, 9223372036785445807
2, 4623, 0, 9223372036854775807, 0, 9223372036785430807
2, 4624, 0, 9223372036854775807, 0, 9223372036785415807
2, 4625, 0, 9223372036854775807, 0, 9223372036785400807
2, 4626, 0, 9223372036854775807, 0, 9223372036785385807
2, 4627, 0, 9223372036854775807, 0, 9223372036785370807
2, 4628, 0, 9223372036854775807, 0, 9223372036785355807
2, 4629, 0, 9223372036854775807, 0, 9223372036785340807
2, 463, 0, 9223372036854775807, 0, 9223372036847830807
2, 4630, 0, 9223372036854775807, 0, 9223372036785325807
2, 4631, 0, 9223372036854775807, 0, 9223372036785310807
2, 4632, 0, 9223372036854775807, 0, 9223372036785295807
2, 4633, 0, 9223372036854775807, 0, 9223372036785280807
2, 4634, 0, 9223372036854775807, 0, 9223372036785265807
2, 4635, 0, 9223372036854775807, 0, 9223372036785250807
2, 4636, 0, 9223372036854775807, 0, 9223372036785235807
2, 4637, 0, 9223372036854775807, 0, 9223372036785220807
2, 4638, 0, 9223372036854775807, 0, 9223372036785205807
2, 4639, 0, 9223372036854775807, 0, 9223372036785190807
2, 464, 0, 9223372036854775807, 0, 9223372036847815807
2, 4640, 0, 9223372036854775807, 0, 9223372036785175807
2, 4641, 0, 9223372036854775807, 0, 9223372036785160807
2, 4642, 0, 9223372036854775807, 0, 9223372036785145807
2, 4643, 0, 9223372036854775807, 0, 9223372036785130807
2, 4644, 0, 9223372036854775807, 0, 9223372036785115807
2, 4645, 0, 9223372036854775807, 0, 9223372036785100807
2, 4646, 0, 9223372036854775807, 0, 9223372036785085807
2, 4647, 0, 9223372036854775807, 0, 9223372036785070807
2, 4648, 0, 9223372036854775807, 0, 9223372036785055807
2, 4649, 0, 9223372036854775807, 0, 9223372036785040807
2, 465, 0, 9223372036854775807, 0, 9223372036847800807
2, 4650, 0, 9223372036854775807, 0, 9223372036785025807
2, 4651, 0, 9223372036854775807, 0, 9223372036785010807
2, 4652, 0, 9223372036854775807, 0, 9223372036784995807
2, 4653, 0, 9223372036854775807, 0, 9223372036784980807
2, 4654, 0, 9223372036854775807, 0, 9223372036784965807
2, 4655, 0, 9223372036854775807, 0, 9223372036784950807
2, 4656, 0, 9223372036854775807, 0, 9223372036784935807
2, 4657, 0, 9223372036854775807, 0, 9223372036784920807
2, 4658, 0, 9223372036854775807, 0, 9223372036784905807
2, 4659, 0, 9223372036854775807, 0, 9223372036784890807
2, 466, 0, 9223372036854775807, 0, 9223372036847785807
2, 4660, 0, 9223372036854775807, 0, 9223372036784875807
2, 4661, 0, 9223372036854775807, 0, 9223372036784860807
2, 4662, 0, 9223372036854775807, 0, 9223372036784845807
2, 4663, 0, 9223372036854775807, 0, 9223372036784830807
2, 4664, 0, 9223372036854775807, 0, 9223372036784815807
2, 4665, 0, 9223372036854775807, 0, 9223372036784800807
2, 4666, 0, 9223372036854775807, 0, 9223372036784785807
2, 4667, 0, 9223372036854775807, 0, 9223372036784770807
2, 4668, 0, 9223372036854775807, 0, 9223372036784755807
2, 4669, 0, 9223372036854775807, 0, 9223372036784740807
2, 467, 0, 9223372036854775807, 0, 9223372036847770807
2, 4670, 0, 9223372036854775807, 0, 9223372036784725807
2, 4671, 0, 9223372036854775807, 0, 9223372036784710807
2, 4672, 0, 9223372036854775807, 0, 9223372036784695807
2, 4673, 0, 9223372036854775807, 0, 9223372036784680807
2, 4674, 0, 9223372036854775807, 0, 9223372036784665807
2, 4675, 0, 9223372036854775807, 0, 9223372036784650807
2, 4676, 0, 9223372036854775807, 0, 9223372036784635807
2, 4677, 0, 9223372036854775807, 0, 9223372036784620807
2, 4678, 0, 9223372036854775807, 0, 9223372036784605807
2, 4679, 0, 9223372036854775807, 0, 9223372036784590807
2, 468, 0, 9223372036854775807, 0, 9223372036847755807
2, 4680, 0, 9223372036854775807, 0, 9223372036784575807
2, 4681, 0, 9223372036854775807, 0, 9223372036784560807
2, 4682, 0, 9223372036854775807, 0, 9223372036784545807
2, 4683, 0, 9223372036854775807, 0, 9223372036784530807
2, 4684, 0, 9223372036854775807, 0, 9223372036784515807
2, 4685, 0, 9223372036854775807, 0, 9223372036784500807
2, 4686, 0, 9223372036854775807, 0, 9223372036784485807
2, 4687, 0, 9223372036854775807, 0, 9223372036784470807
2, 4688, 0, 9223372036854775807, 0, 9223372036784455807
2, 4689, 0, 9223372036854775807, 0, 9223372036784440807
2, 469, 0, 9223372036854775807, 0, 9223372036847740807
2, 4690, 0, 9223372036854775807, 0, 9223372036784425807
2, 4691, 0, 9223372036854775807, 0, 9223372036784410807
2, 4692, 0, 9223372036854775807, 0, 9223372036784395807
2, 4693, 0, 9223372036854775807, 0, 9223372036784380807
2, 4694, 0, 9223372036854775807, 0, 9223372036784365807
2, 4695, 0, 9223372036854775807, 0, 9223372036784350807
2, 4696, 0, 9223372036854775807, 0, 9223372036784335807
2, 4697, 0, 9223372036854775807, 0, 9223372036784320807
2, 4698, 0, 9223372036854775807, 0, 9223372036784305807
2, 4699, 0, 9223372036854775807, 0, 9223372036784290807
2, 47, 0, 9223372036854775807, 0, 9223372036854070807
2, 470, 0, 9223372036854775807, 0, 9223372036847725807
2, 4700, 0, 9223372036854775807, 0, 9223372036784275807
2, 4701, 0, 9223372036854775807, 0, 9223372036784260807
2, 4702, 0, 9223372036854775807, 0, 9223372036784245807
2, 4703, 0, 9223372036854775807, 0, 9223372036784230807
2, 4704, 0, 9223372036854775807, 0, 9223372036784215807
2, 4705, 0, 9223372036854775807, 0, 9223372036784200807
2, 4706, 0, 9223372036854775807, 0, 9223372036784185807
2, 4707, 0, 9223372036854775807, 0, 9223372036784170807
2, 4708, 0, 9223372036854775807, 0, 9223372036784155807
2, 4709, 0, 9223372036854775807, 0, 9223372036784140807
2, 471, 0, 9223372036854775807, 0, 9223372036847710807
2, 4710, 0, 9223372036854775807, 0, 9223372036784125807
2, 4711, 0, 9223372036854775807, 0, 9223372036784110807
2, 4712, 0, 9223372036854775807, 0, 9223372036784095807
2, 4713, 0, 9223372036854775807, 0, 9223372036784080807
2, 4714, 0, 9223372036854775807, 0, 9223372036784065807
2, 4715, 0, 9223372036854775807, 0, 9223372036784050807
2, 4716, 0, 9223372036854775807, 0, 9223372036784035807
2, 4717, 0, 9223372036854775807, 0, 9223372036784020807
2, 4718, 0, 9223372036854775807, 0, 9223372036784005807
2, 4719, 0, 9223372036854775807, 0, 9223372036783990807
2, 472, 0, 9223372036854775807, 0, 9223372036847695807
2, 4720, 0, 9223372036854775807, 0, 9223372036783975807
2, 4721, 0, 9223372036854775807, 0, 9223372036783960807
2, 4722, 0, 9223372036854775807, 0, 9223372036783945807
2, 4723, 0, 9223372036854775807, 0, 9223372036783930807
2, 4724, 0, 9223372036854775807, 0, 9223372036783915807
2, 4725, 0, 9223372036854775807, 0, 9223372036783900807
2, 4726, 0, 9223372036854775807, 0, 9223372036783885807
2, 4727, 0, 9223372036854775807, 0, 9223372036783870807
2, 4728, 0, 9223372036854775807, 0, 9223372036783855807
2, 4729, 0, 9223372036854775807, 0, 9223372036783840807
2, 473, 0, 9223372036854775807, 0, 9223372036847680807
2, 4730, 0, 9223372036854775807, 0, 9223372036783825807
2, 4731, 0, 9223372036854775807, 0, 9223372036783810807
2, 4732, 0, 9223372036854775807, 0, 9223372036783795807
2, 4733, 0, 9223372036854775807, 0, 9223372036783780807
2, 4734, 0, 9223372036854775807, 0, 9223372036783765807
2, 4735, 0, 9223372036854775807, 0, 9223372036783750807
2, 4736, 0, 9223372036854775807, 0, 9223372036783735807
2, 4737, 0, 9223372036854775807, 0, 9223372036783720807
2, 4738, 0, 9223372036854775807, 0, 9223372036783705807
2, 4739, 0, 9223372036854775807, 0, 9223372036783690807
2, 474, 0, 9223372036854775807, 0, 9223372036847665807
2, 4740, 0, 9223372036854775807, 0, 9223372036783675807
2, 4741, 0, 9223372036854775807, 0, 9223372036783660807
2, 4742, 0, 9223372036854775807, 0, 9223372036783645807
2, 4743, 0, 9223372036854775807, 0, 9223372036783630807
2, 4744, 0, 9223372036854775807, 0, 9223372036783615807
2, 4745, 0, 9223372036854775807, 0, 9223372036783600807
2, 4746, 0, 9223372036854775807, 0, 9223372036783585807
2, 4747, 0, 9223372036854775807, 0, 9223372036783570807
2, 4748, 0, 9223372036854775807, 0, 9223372036783555807
2, 4749, 0, 9223372036854775807, 0, 9223372036783540807
2, 475, 0, 9223372036854775807, 0, 9223372036847650807
2, 4750, 0, 9223372036854775807, 0, 9223372036783525807
2, 4751, 0, 9223372036854775807, 0, 9223372036783510807
2, 4752, 0, 9223372036854775807, 0, 9223372036783495807
2, 4753, 0, 9223372036854775807, 0, 9223372036783480807
2, 4754, 0, 9223372036854775807, 0, 9223372036783465807
2, 4755, 0, 9223372036854775807, 0, 9223372036783450807
2, 4756, 0, 9223372036854775807, 0, 9223372036783435807
2, 4757, 0, 9223372036854775807, 0, 9223372036783420807
2, 4758, 0, 9223372036854775807, 0, 9223372036783405807
2, 4759, 0, 9223372036854775807, 0, 9223372036783390807
2, 476, 0, 9223372036854775807, 0, 9223372036847635807
2, 4760, 0, 9223372036854775807, 0, 9223372036783375807
2, 4761, 0, 9223372036854775807, 0, 9223372036783360807
2, 4762, 0, 9223372036854775807, 0, 9223372036783345807
2, 4763, 0, 9223372036854775807, 0, 9223372036783330807
2, 4764, 0, 9223372036854775807, 0, 9223372036783315807
2, 4765, 0, 9223372036854775807, 0, 9223372036783300807
2, 4766, 0, 9223372036854775807, 0, 9223372036783285807
2, 4767, 0, 9223372036854775807, 0, 9223372036783270807
2, 4768, 0, 9223372036854775807, 0, 9223372036783255807
2, 4769, 0, 9223372036854775807, 0, 9223372036783240807
2, 477, 0, 9223372036854775807, 0, 9223372036847620807
2, 4770, 0, 9223372036854775807, 0, 9223372036783225807
2, 4771, 0, 9223372036854775807, 0, 9223372036783210807
2, 4772, 0, 9223372036854775807, 0, 9223372036783195807
2, 4773, 0, 9223372036854775807, 0, 9223372036783180807
2, 4774, 0, 9223372036854775807, 0, 9223372036783165807
2, 4775, 0, 9223372036854775807, 0, 9223372036783150807
2, 4776, 0, 9223372036854775807, 0, 9223372036783135807
2, 4777, 0, 9223372036854775807, 0, 9223372036783120807
2, 4778, 0, 9223372036854775807, 0, 9223372036783105807
2, 4779, 0, 9223372036854775807, 0, 9223372036783090807
2, 478, 0, 9223372036854775807, 0, 9223372036847605807
2, 4780, 0, 9223372036854775807, 0, 9223372036783075807
2, 4781, 0, 9223372036854775807, 0, 9223372036783060807
2, 4782, 0, 9223372036854775807, 0, 9223372036783045807
2, 4783, 0, 9223372036854775807, 0, 9223372036783030807
2, 4784, 0, 9223372036854775807, 0, 9223372036783015807
2, 4785, 0, 9223372036854775807, 0, 9223372036783000807
2, 4786, 0, 9223372036854775807, 0, 9223372036782985807
2, 4787, 0, 9223372036854775807, 0, 9223372036782970807
2, 4788, 0, 9223372036854775807, 0, 9223372036782955807
2, 4789, 0, 9223372036854775807, 0, 9223372036782940807
2, 479, 0, 9223372036854775807, 0, 9223372036847590807
2, 4790, 0, 9223372036854775807, 0, 9223372036782925807
2, 4791, 0, 9223372036854775807, 0, 9223372036782910807
2, 4792, 0, 9223372036854775807, 0, 9223372036782895807
2, 4793, 0, 9223372036854775807, 0, 9223372036782880807
2, 4794, 0, 9223372036854775807, 0, 9223372036782865807
2, 4795, 0, 9223372036854775807, 0, 9223372036782850807
2, 4796, 0, 9223372036854775807, 0, 9223372036782835807
2, 4797, 0, 9223372036854775807, 0, 9223372036782820807
2, 4798, 0, 9223372036854775807, 0, 9223372036782805807
2, 4799, 0, 9223372036854775807, 0, 9223372036782790807
2, 48, 0, 9223372036854775807, 0, 9223372036854055807
2, 480, 0, 9223372036854775807, 0, 9223372036847575807
2, 4800, 0, 9223372036854775807, 0, 9223372036782775807
2, 4801, 0, 9223372036854775807, 0, 9223372036782760807
2, 4802, 0, 9223372036854775807, 0, 9223372036782745807
2, 4803, 0, 9223372036854775807, 0, 9223372036782730807
2, 4804, 0, 9223372036854775807, 0, 9223372036782715807
2, 4805, 0, 9223372036854775807, 0, 9223372036782700807
2, 4806, 0, 9223372036854775807, 0, 9223372036782685807
2, 4807, 0, 9223372036854775807, 0, 9223372036782670807
2, 4808, 0, 9223372036854775807, 0, 9223372036782655807
2, 4809, 0, 9223372036854775807, 0, 9223372036782640807
2, 481, 0, 9223372036854775807, 0, 9223372036847560807
2, 4810, 0, 9223372036854775807, 0, 9223372036782625807
2, 4811, 0, 9223372036854775807, 0, 9223372036782610807
2, 4812, 0, 9223372036854775807, 0, 9223372036782595807
2, 4813, 0, 9223372036854775807, 0, 9223372036782580807
2, 4814, 0, 9223372036854775807, 0, 9223372036782565807
2, 4815, 0, 9223372036854775807, 0, 9223372036782550807
2, 4816, 0, 9223372036854775807, 0, 9223372036782535807
2, 4817, 0, 9223372036854775807, 0, 9223372036782520807
2, 4818, 0, 9223372036854775807, 0, 9223372036782505807
2, 4819, 0, 9223372036854775807, 0, 9223372036782490807
2, 482, 0, 9223372036854775807, 0, 9223372036847545807
2, 4820, 0, 9223372036854775807, 0, 9223372036782475807
2, 4821, 0, 9223372036854775807, 0, 9223372036782460807
2, 4822, 0, 9223372036854775807, 0, 9223372036782445807
2, 4823, 0, 9223372036854775807, 0, 9223372036782430807
2, 4824, 0, 9223372036854775807, 0, 9223372036782415807
2, 4825, 0, 9223372036854775807, 0, 9223372036782400807
2, 4826, 0, 9223372036854775807, 0, 9223372036782385807
2, 4827, 0, 9223372036854775807, 0, 9223372036782370807
2, 4828, 0, 9223372036854775807, 0, 9223372036782355807
2, 4829, 0, 9223372036854775807, 0, 9223372036782340807
2, 483, 0, 9223372036854775807, 0, 9223372036847530807
2, 4830, 0, 9223372036854775807, 0, 9223372036782325807
2, 4831, 0, 9223372036854775807, 0, 9223372036782310807
2, 4832, 0, 9223372036854775807, 0, 9223372036782295807
2, 4833, 0, 9223372036854775807, 0, 9223372036782280807
2, 4834, 0, 9223372036854775807, 0, 9223372036782265807
2, 4835, 0, 9223372036854775807, 0, 9223372036782250807
2, 4836, 0, 9223372036854775807, 0, 9223372036782235807
2, 4837, 0, 9223372036854775807, 0, 9223372036782220807
2, 4838, 0, 9223372036854775807, 0, 9223372036782205807
2, 4839, 0, 9223372036854775807, 0, 9223372036782190807
2, 484, 0, 9223372036854775807, 0, 9223372036847515807
2, 4840, 0, 9223372036854775807, 0, 9223372036782175807
2, 4841, 0, 9223372036854775807, 0, 9223372036782160807
2, 4842, 0, 9223372036854775807, 0, 9223372036782145807
2, 4843, 0, 9223372036854775807, 0, 9223372036782130807
2, 4844, 0, 9223372036854775807, 0, 9223372036782115807
2, 4845, 0, 9223372036854775807, 0, 9223372036782100807
2, 4846, 0, 9223372036854775807, 0, 9223372036782085807
2, 4847, 0, 9223372036854775807, 0, 9223372036782070807
2, 4848, 0, 9223372036854775807, 0, 9223372036782055807
2, 4849, 0, 9223372036854775807, 0, 9223372036782040807
2, 485, 0, 9223372036854775807, 0, 9223372036847500807
2, 4850, 0, 9223372036854775807, 0, 9223372036782025807
2, 4851, 0, 9223372036854775807, 0, 9223372036782010807
2, 4852, 0, 9223372036854775807, 0, 9223372036781995807
2, 4853, 0, 9223372036854775807, 0, 9223372036781980807
2, 4854, 0, 9223372036854775807, 0, 9223372036781965807
2, 4855, 0, 9223372036854775807, 0, 9223372036781950807
2, 4856, 0, 9223372036854775807, 0, 9223372036781935807
2, 4857, 0, 9223372036854775807, 0, 9223372036781920807
2, 4858, 0, 9223372036854775807, 0, 9223372036781905807
2, 4859, 0, 9223372036854775807, 0, 9223372036781890807
2, 486, 0, 9223372036854775807, 0, 9223372036847485807
2, 4860, 0, 9223372036854775807, 0, 9223372036781875807
2, 4861, 0, 9223372036854775807, 0, 9223372036781860807
2, 4862, 0, 9223372036854775807, 0, 9223372036781845807
2, 4863, 0, 9223372036854775807, 0, 9223372036781830807
2, 4864, 0, 9223372036854775807, 0, 9223372036781815807
2, 4865, 0, 9223372036854775807, 0, 9223372036781800807
2, 4866, 0, 9223372036854775807, 0, 9223372036781785807
2, 4867, 0, 9223372036854775807, 0, 9223372036781770807
2, 4868, 0, 9223372036854775807, 0, 9223372036781755807
2, 4869, 0, 9223372036854775807, 0, 9223372036781740807
2, 487, 0, 9223372036854775807, 0, 9223372036847470807
2, 4870, 0, 9223372036854775807, 0, 9223372036781725807
2, 4871, 0, 9223372036854775807, 0, 9223372036781710807
2, 4872, 0, 9223372036854775807, 0, 9223372036781695807
2, 4873, 0, 9223372036854775807, 0, 9223372036781680807
2, 4874, 0, 9223372036854775807, 0, 9223372036781665807
2, 4875, 0, 9223372036854775807, 0, 9223372036781650807
2, 4876, 0, 9223372036854775807, 0, 9223372036781635807
2, 4877, 0, 9223372036854775807, 0, 9223372036781620807
2, 4878, 0, 9223372036854775807, 0, 9223372036781605807
2, 4879, 0, 9223372036854775807, 0, 9223372036781590807
2, 488, 0, 9223372036854775807, 0, 9223372036847455807
2, 4880, 0, 9223372036854775807, 0, 9223372036781575807
2, 4881, 0, 9223372036854775807, 0, 9223372036781560807
2, 4882, 0, 9223372036854775807, 0, 9223372036781545807
2, 4883, 0, 9223372036854775807, 0, 9223372036781530807
2, 4884, 0, 9223372036854775807, 0, 9223372036781515807
2, 4885, 0, 9223372036854775807, 0, 9223372036781500807
2, 4886, 0, 9223372036854775807, 0, 9223372036781485807
2, 4887, 0, 9223372036854775807, 0, 9223372036781470807
2, 4888, 0, 9223372036854775807, 0, 9223372036781455807
2, 4889, 0, 9223372036854775807, 0, 9223372036781440807
2, 489, 0, 9223372036854775807, 0, 9223372036847440807
2, 4890, 0, 9223372036854775807, 0, 9223372036781425807
2, 4891, 0, 9223372036854775807, 0, 9223372036781410807
2, 4892, 0, 9223372036854775807, 0, 9223372036781395807
2, 4893, 0, 9223372036854775807, 0, 9223372036781380807
2, 4894, 0, 9223372036854775807, 0, 9223372036781365807
2, 4895, 0, 9223372036854775807, 0, 9223372036781350807
2, 4896, 0, 9223372036854775807, 0, 9223372036781335807
2, 4897, 0, 9223372036854775807, 0, 9223372036781320807
2, 4898, 0, 9223372036854775807, 0, 9223372036781305807
2, 4899, 0, 9223372036854775807, 0, 9223372036781290807
2, 49, 0, 9223372036854775807, 0, 9223372036854040807
2, 490, 0, 9223372036854775807, 0, 9223372036847425807
2, 4900, 0, 9223372036854775807, 0, 9223372036781275807
2, 4901, 0, 9223372036854775807, 0, 9223372036781260807
2, 4902, 0, 9223372036854775807, 0, 9223372036781245807
2, 4903, 0, 9223372036854775807, 0, 9223372036781230807
2, 4904, 0, 9223372036854775807, 0, 9223372036781215807
2, 4905, 0, 9223372036854775807, 0, 9223372036781200807
2, 4906, 0, 9223372036854775807, 0, 9223372036781185807
2, 4907, 0, 9223372036854775807, 0, 9223372036781170807
2, 4908, 0, 9223372036854775807, 0, 9223372036781155807
2, 4909, 0, 9223372036854775807, 0, 9223372036781140807
2, 491, 0, 9223372036854775807, 0, 9223372036847410807
2, 4910, 0, 9223372036854775807, 0, 9223372036781125807
2, 4911, 0, 9223372036854775807, 0, 9223372036781110807
2, 4912, 0, 9223372036854775807, 0, 9223372036781095807
2, 4913, 0, 9223372036854775807, 0, 9223372036781080807
2, 4914, 0, 9223372036854775807, 0, 9223372036781065807
2, 4915, 0, 9223372036854775807, 0, 9223372036781050807
2, 4916, 0, 9223372036854775807, 0, 9223372036781035807
2, 4917, 0, 9223372036854775807, 0, 9223372036781020807
2, 4918, 0, 9223372036854775807, 0, 9223372036781005807
2, 4919, 0, 9223372036854775807, 0, 9223372036780990807
2, 492, 0, 9223372036854775807, 0, 9223372036847395807
2, 4920, 0, 9223372036854775807, 0, 9223372036780975807
2, 4921, 0, 9223372036854775807, 0, 9223372036780960807
2, 4922, 0, 9223372036854775807, 0, 9223372036780945807
2, 4923, 0, 9223372036854775807, 0, 9223372036780930807
2, 4924, 0, 9223372036854775807, 0, 9223372036780915807
2, 4925, 0, 9223372036854775807, 0, 9223372036780900807
2, 4926, 0, 9223372036854775807, 0, 9223372036780885807
2, 4927, 0, 9223372036854775807, 0, 9223372036780870807
2, 4928, 0, 9223372036854775807, 0, 9223372036780855807
2, 4929, 0, 9223372036854775807, 0, 9223372036780840807
2, 493, 0, 9223372036854775807, 0, 9223372036847380807
2, 4930, 0, 9223372036854775807, 0, 9223372036780825807
2, 4931, 0, 9223372036854775807, 0, 9223372036780810807
2, 4932, 0, 9223372036854775807, 0, 9223372036780795807
2, 4933, 0, 9223372036854775807, 0, 9223372036780780807
2, 4934, 0, 9223372036854775807, 0, 9223372036780765807
2, 4935, 0, 9223372036854775807, 0, 9223372036780750807
2, 4936, 0, 9223372036854775807, 0, 9223372036780735807
2, 4937, 0, 9223372036854775807, 0, 9223372036780720807
2, 4938, 0, 9223372036854775807, 0, 9223372036780705807
2, 4939, 0, 9223372036854775807, 0, 9223372036780690807
2, 494, 0, 9223372036854775807, 0, 9223372036847365807
2, 4940, 0, 9223372036854775807, 0, 9223372036780675807
2, 4941, 0, 9223372036854775807, 0, 9223372036780660807
2, 4942, 0, 9223372036854775807, 0, 9223372036780645807
2, 4943, 0, 9223372036854775807, 0, 9223372036780630807
2, 4944, 0, 9223372036854775807, 0, 9223372036780615807
2, 4945, 0, 9223372036854775807, 0, 9223372036780600807
2, 4946, 0, 9223372036854775807, 0, 9223372036780585807
2, 4947, 0, 9223372036854775807, 0, 9223372036780570807
2, 4948, 0, 9223372036854775807, 0, 9223372036780555807
2, 4949, 0, 9223372036854775807, 0, 9223372036780540807
2, 495, 0, 9223372036854775807, 0, 9223372036847350807
2, 4950, 0, 9223372036854775807, 0, 9223372036780525807
2, 4951, 0, 9223372036854775807, 0, 9223372036780510807
2, 4952, 0, 9223372036854775807, 0, 9223372036780495807
2, 4953, 0, 9223372036854775807, 0, 9223372036780480807
2, 4954, 0, 9223372036854775807, 0, 9223372036780465807
2, 4955, 0, 9223372036854775807, 0, 9223372036780450807
2, 4956, 0, 9223372036854775807, 0, 9223372036780435807
2, 4957, 0, 9223372036854775807, 0, 9223372036780420807
2, 4958, 0, 9223372036854775807, 0, 9223372036780405807
2, 4959, 0, 9223372036854775807, 0, 9223372036780390807
2, 496, 0, 9223372036854775807, 0, 9223372036847335807
2, 4960, 0, 9223372036854775807, 0, 9223372036780375807
2, 4961, 0, 9223372036854775807, 0, 9223372036780360807
2, 4962, 0, 9223372036854775807, 0, 9223372036780345807
2, 4963, 0, 9223372036854775807, 0, 9223372036780330807
2, 4964, 0, 9223372036854775807, 0, 9223372036780315807
2, 4965, 0, 9223372036854775807, 0, 9223372036780300807
2, 4966, 0, 9223372036854775807, 0, 9223372036780285807
2, 4967, 0, 9223372036854775807, 0, 9223372036780270807
2, 4968, 0, 9223372036854775807, 0, 9223372036780255807
2, 4969, 0, 9223372036854775807, 0, 9223372036780240807
2, 497, 0, 9223372036854775807, 0, 9223372036847320807
2, 4970, 0, 9223372036854775807, 0, 9223372036780225807
2, 4971, 0, 9223372036854775807, 0, 9223372036780210807
2, 4972, 0, 9223372036854775807, 0, 9223372036780195807
2, 4973, 0, 9223372036854775807, 0, 9223372036780180807
2, 4974, 0, 9223372036854775807, 0, 9223372036780165807
2, 4975, 0, 9223372036854775807, 0, 9223372036780150807
2, 4976, 0, 9223372036854775807, 0, 9223372036780135807
2, 4977, 0, 9223372036854775807, 0, 9223372036780120807
2, 4978, 0, 9223372036854775807, 0, 9223372036780105807
2, 4979, 0, 9223372036854775807, 0, 9223372036780090807
2, 498, 0, 9223372036854775807, 0, 9223372036847305807
2, 4980, 0, 9223372036854775807, 0, 9223372036780075807
2, 4981, 0, 9223372036854775807, 0, 9223372036780060807
2, 4982, 0, 9223372036854775807, 0, 9223372036780045807
2, 4983, 0, 9223372036854775807, 0, 9223372036780030807
2, 4984, 0, 9223372036854775807, 0, 9223372036780015807
2, 4985, 0, 9223372036854775807, 0, 9223372036780000807
2, 4986, 0, 9223372036854775807, 0, 9223372036779985807
2, 4987, 0, 9223372036854775807, 0, 9223372036779970807
2, 4988, 0, 9223372036854775807, 0, 9223372036779955807
2, 4989, 0, 9223372036854775807, 0, 9223372036779940807
2, 499, 0, 9223372036854775807, 0, 9223372036847290807
2, 4990, 0, 9223372036854775807, 0, 9223372036779925807
2, 4991, 0, 9223372036854775807, 0, 9223372036779910807
2, 4992, 0, 9223372036854775807, 0, 9223372036779895807
2, 4993, 0, 9223372036854775807, 0, 9223372036779880807
2, 4994, 0, 9223372036854775807, 0, 9223372036779865807
2, 4995, 0, 9223372036854775807, 0, 9223372036779850807
2, 4996, 0, 9223372036854775807, 0, 9223372036779835807
2, 4997, 0, 9223372036854775807, 0, 9223372036779820807
2, 4998, 0, 9223372036854775807, 0, 9223372036779805807
2, 4999, 0, 9223372036854775807, 0, 9223372036779790807
2, 5, 0, 9223372036854775807, 0, 9223372036854700807
2, 50, 0, 9223372036854775807, 0, 9223372036854025807
2, 500, 0, 9223372036854775807, 0, 9223372036847275807
2, 5000, 0, 9223372036854775807, 0, 9223372036779775807
2, 5001, 0, 9223372036854775807, 0, 9223372036779760807
2, 5002, 0, 9223372036854775807, 0, 9223372036779745807
2, 5003, 0, 9223372036854775807, 0, 9223372036779730807
2, 5004, 0, 9223372036854775807, 0, 9223372036779715807
2, 5005, 0, 9223372036854775807, 0, 9223372036779700807
2, 5006, 0, 9223372036854775807, 0, 9223372036779685807
2, 5007, 0, 9223372036854775807, 0, 9223372036779670807
2, 5008, 0, 9223372036854775807, 0, 9223372036779655807
2, 5009, 0, 9223372036854775807, 0, 9223372036779640807
2, 501, 0, 9223372036854775807, 0, 9223372036847260807
2, 5010, 0, 9223372036854775807, 0, 9223372036779625807
2, 5011, 0, 9223372036854775807, 0, 9223372036779610807
2, 5012, 0, 9223372036854775807, 0, 9223372036779595807
2, 5013, 0, 9223372036854775807, 0, 9223372036779580807
2, 5014, 0, 9223372036854775807, 0, 9223372036779565807
2, 5015, 0, 9223372036854775807, 0, 9223372036779550807
2, 5016, 0, 9223372036854775807, 0, 9223372036779535807
2, 5017, 0, 9223372036854775807, 0, 9223372036779520807
2, 5018, 0, 9223372036854775807, 0, 9223372036779505807
2, 5019, 0, 9223372036854775807, 0, 9223372036779490807
2, 502, 0, 9223372036854775807, 0, 9223372036847245807
2, 5020, 0, 9223372036854775807, 0, 9223372036779475807
2, 5021, 0, 9223372036854775807, 0, 9223372036779460807
2, 5022, 0, 9223372036854775807, 0, 9223372036779445807
2, 5023, 0, 9223372036854775807, 0, 9223372036779430807
2, 5024, 0, 9223372036854775807, 0, 9223372036779415807
2, 5025, 0, 9223372036854775807, 0, 9223372036779400807
2, 5026, 0, 9223372036854775807, 0, 9223372036779385807
2, 5027, 0, 9223372036854775807, 0, 9223372036779370807
2, 5028, 0, 9223372036854775807, 0, 9223372036779355807
2, 5029, 0, 9223372036854775807, 0, 9223372036779340807
2, 503, 0, 9223372036854775807, 0, 9223372036847230807
2, 5030, 0, 9223372036854775807, 0, 9223372036779325807
2, 5031, 0, 9223372036854775807, 0, 9223372036779310807
2, 5032, 0, 9223372036854775807, 0, 9223372036779295807
2, 5033, 0, 9223372036854775807, 0, 9223372036779280807
2, 5034, 0, 9223372036854775807, 0, 9223372036779265807
2, 5035, 0, 9223372036854775807, 0, 9223372036779250807
2, 5036, 0, 9223372036854775807, 0, 9223372036779235807
2, 5037, 0, 9223372036854775807, 0, 9223372036779220807
2, 5038, 0, 9223372036854775807, 0, 9223372036779205807
2, 5039, 0, 9223372036854775807, 0, 9223372036779190807
2, 504, 0, 9223372036854775807, 0, 9223372036847215807
2, 5040, 0, 9223372036854775807, 0, 9223372036779175807
2, 5041, 0, 9223372036854775807, 0, 9223372036779160807
2, 5042, 0, 9223372036854775807, 0, 9223372036779145807
2, 5043, 0, 9223372036854775807, 0, 9223372036779130807
2, 5044, 0, 9223372036854775807, 0, 9223372036779115807
2, 5045, 0, 9223372036854775807, 0, 9223372036779100807
2, 5046, 0, 9223372036854775807, 0, 9223372036779085807
2, 5047, 0, 9223372036854775807, 0, 9223372036779070807
2, 5048, 0, 9223372036854775807, 0, 9223372036779055807
2, 5049, 0, 9223372036854775807, 0, 9223372036779040807
2, 505, 0, 9223372036854775807, 0, 9223372036847200807
2, 5050, 0, 9223372036854775807, 0, 9223372036779025807
2, 5051, 0, 9223372036854775807, 0, 9223372036779010807
2, 5052, 0, 9223372036854775807, 0, 9223372036778995807
2, 5053, 0, 9223372036854775807, 0, 9223372036778980807
2, 5054, 0, 9223372036854775807, 0, 9223372036778965807
2, 5055, 0, 9223372036854775807, 0, 9223372036778950807
2, 5056, 0, 9223372036854775807, 0, 9223372036778935807
2, 5057, 0, 9223372036854775807, 0, 9223372036778920807
2, 5058, 0, 9223372036854775807, 0, 9223372036778905807
2, 5059, 0, 9223372036854775807, 0, 9223372036778890807
2, 506, 0, 9223372036854775807, 0, 9223372036847185807
2, 5060, 0, 9223372036854775807, 0, 9223372036778875807
2, 5061, 0, 9223372036854775807, 0, 9223372036778860807
2, 5062, 0, 9223372036854775807, 0, 9223372036778845807
2, 5063, 0, 9223372036854775807, 0, 9223372036778830807
2, 5064, 0, 9223372036854775807, 0, 9223372036778815807
2, 5065, 0, 9223372036854775807, 0, 9223372036778800807
2, 5066, 0, 9223372036854775807, 0, 9223372036778785807
2, 5067, 0, 9223372036854775807, 0, 9223372036778770807
2, 5068, 0, 9223372036854775807, 0, 9223372036778755807
2, 5069, 0, 9223372036854775807, 0, 9223372036778740807
2, 507, 0, 9223372036854775807, 0, 9223372036847170807
2, 5070, 0, 9223372036854775807, 0, 9223372036778725807
2, 5071, 0, 9223372036854775807, 0, 9223372036778710807
2, 5072, 0, 9223372036854775807, 0, 9223372036778695807
2, 5073, 0, 9223372036854775807, 0, 9223372036778680807
2, 5074, 0, 9223372036854775807, 0, 9223372036778665807
2, 5075, 0, 9223372036854775807, 0, 9223372036778650807
2, 5076, 0, 9223372036854775807, 0, 9223372036778635807
2, 5077, 0, 9223372036854775807, 0, 9223372036778620807
2, 5078, 0, 9223372036854775807, 0, 9223372036778605807
2, 5079, 0, 9223372036854775807, 0, 9223372036778590807
2, 508, 0, 9223372036854775807, 0, 9223372036847155807
2, 5080, 0, 9223372036854775807, 0, 9223372036778575807
2, 5081, 0, 9223372036854775807, 0, 9223372036778560807
2, 5082, 0, 9223372036854775807, 0, 9223372036778545807
2, 5083, 0, 9223372036854775807, 0, 9223372036778530807
2, 5084, 0, 9223372036854775807, 0, 9223372036778515807
2, 5085, 0, 9223372036854775807, 0, 9223372036778500807
2, 5086, 0, 9223372036854775807, 0, 9223372036778485807
2, 5087, 0, 9223372036854775807, 0, 9223372036778470807
2, 5088, 0, 9223372036854775807, 0, 9223372036778455807
2, 5089, 0, 9223372036854775807, 0, 9223372036778440807
2, 509, 0, 9223372036854775807, 0, 9223372036847140807
2, 5090, 0, 9223372036854775807, 0, 9223372036778425807
2, 5091, 0, 9223372036854775807, 0, 9223372036778410807
2, 5092, 0, 9223372036854775807, 0, 9223372036778395807
2, 5093, 0, 9223372036854775807, 0, 9223372036778380807
2, 5094, 0, 9223372036854775807, 0, 9223372036778365807
2, 5095, 0, 9223372036854775807, 0, 9223372036778350807
2, 5096, 0, 9223372036854775807, 0, 9223372036778335807
2, 5097, 0, 9223372036854775807, 0, 9223372036778320807
2, 5098, 0, 9223372036854775807, 0, 9223372036778305807
2, 5099, 0, 9223372036854775807, 0, 9223372036778290807
2, 51, 0, 9223372036854775807, 0, 9223372036854010807
2, 510, 0, 9223372036854775807, 0, 9223372036847125807
2, 5100, 0, 9223372036854775807, 0, 9223372036778275807
2, 5101, 0, 9223372036854775807, 0, 9223372036778260807
2, 5102, 0, 9223372036854775807, 0, 9223372036778245807
2, 5103, 0, 9223372036854775807, 0, 9223372036778230807
2, 5104, 0, 9223372036854775807, 0, 9223372036778215807
2, 5105, 0, 9223372036854775807, 0, 9223372036778200807
2, 5106, 0, 9223372036854775807, 0, 9223372036778185807
2, 5107, 0, 9223372036854775807, 0, 9223372036778170807
2, 5108, 0, 9223372036854775807, 0, 9223372036778155807
2, 5109, 0, 9223372036854775807, 0, 9223372036778140807
2, 511, 0, 9223372036854775807, 0, 9223372036847110807
2, 5110, 0, 9223372036854775807, 0, 9223372036778125807
2, 5111, 0, 9223372036854775807, 0, 9223372036778110807
2, 5112, 0, 9223372036854775807, 0, 9223372036778095807
2, 5113, 0, 9223372036854775807, 0, 9223372036778080807
2, 5114, 0, 9223372036854775807, 0, 9223372036778065807
2, 5115, 0, 9223372036854775807, 0, 9223372036778050807
2, 5116, 0, 9223372036854775807, 0, 9223372036778035807
2, 5117, 0, 9223372036854775807, 0, 9223372036778020807
2, 5118, 0, 9223372036854775807, 0, 9223372036778005807
2, 5119, 0, 9223372036854775807, 0, 9223372036777990807
2, 512, 0, 9223372036854775807, 0, 9223372036847095807
2, 5120, 0, 9223372036854775807, 0, 9223372036777975807
2, 5121, 0, 9223372036854775807, 0, 9223372036777960807
2, 5122, 0, 9223372036854775807, 0, 9223372036777945807
2, 5123, 0, 9223372036854775807, 0, 9223372036777930807
2, 5124, 0, 9223372036854775807, 0, 9223372036777915807
2, 5125, 0, 9223372036854775807, 0, 9223372036777900807
2, 5126, 0, 9223372036854775807, 0, 9223372036777885807
2, 5127, 0, 9223372036854775807, 0, 9223372036777870807
2, 5128, 0, 9223372036854775807, 0, 9223372036777855807
2, 5129, 0, 9223372036854775807, 0, 9223372036777840807
2, 513, 0, 9223372036854775807, 0, 9223372036847080807
2, 5130, 0, 9223372036854775807, 0, 9223372036777825807
2, 5131, 0, 9223372036854775807, 0, 9223372036777810807
2, 5132, 0, 9223372036854775807, 0, 9223372036777795807
2, 5133, 0, 9223372036854775807, 0, 9223372036777780807
2, 5134, 0, 9223372036854775807, 0, 9223372036777765807
2, 5135, 0, 9223372036854775807, 0, 9223372036777750807
2, 5136, 0, 9223372036854775807, 0, 9223372036777735807
2, 5137, 0, 9223372036854775807, 0, 9223372036777720807
2, 5138, 0, 9223372036854775807, 0, 9223372036777705807
2, 5139, 0, 9223372036854775807, 0, 9223372036777690807
2, 514, 0, 9223372036854775807, 0, 9223372036847065807
2, 5140, 0, 9223372036854775807, 0, 9223372036777675807
2, 5141, 0, 9223372036854775807, 0, 9223372036777660807
2, 5142, 0, 9223372036854775807, 0, 9223372036777645807
2, 5143, 0, 9223372036854775807, 0, 9223372036777630807
2, 5144, 0, 9223372036854775807, 0, 9223372036777615807
2, 5145, 0, 9223372036854775807, 0, 9223372036777600807
2, 5146, 0, 9223372036854775807, 0, 9223372036777585807
2, 5147, 0, 9223372036854775807, 0, 9223372036777570807
2, 5148, 0, 9223372036854775807, 0, 9223372036777555807
2, 5149, 0, 9223372036854775807, 0, 9223372036777540807
2, 515, 0, 9223372036854775807, 0, 9223372036847050807
2, 5150, 0, 9223372036854775807, 0, 9223372036777525807
2, 5151, 0, 9223372036854775807, 0, 9223372036777510807
2, 5152, 0, 9223372036854775807, 0, 9223372036777495807
2, 5153, 0, 9223372036854775807, 0, 9223372036777480807
2, 5154, 0, 9223372036854775807, 0, 9223372036777465807
2, 5155, 0, 9223372036854775807, 0, 9223372036777450807
2, 5156, 0, 9223372036854775807, 0, 9223372036777435807
2, 5157, 0, 9223372036854775807, 0, 9223372036777420807
2, 5158, 0, 9223372036854775807, 0, 9223372036777405807
2, 5159, 0, 9223372036854775807, 0, 9223372036777390807
2, 516, 0, 9223372036854775807, 0, 9223372036847035807
2, 5160, 0, 9223372036854775807, 0, 9223372036777375807
2, 5161, 0, 9223372036854775807, 0, 9223372036777360807
2, 5162, 0, 9223372036854775807, 0, 9223372036777345807
2, 5163, 0, 9223372036854775807, 0, 9223372036777330807
2, 5164, 0, 9223372036854775807, 0, 9223372036777315807
2, 5165, 0, 9223372036854775807, 0, 9223372036777300807
2, 5166, 0, 9223372036854775807, 0, 9223372036777285807
2, 5167, 0, 9223372036854775807, 0, 9223372036777270807
2, 5168, 0, 9223372036854775807, 0, 9223372036777255807
2, 5169, 0, 9223372036854775807, 0, 9223372036777240807
2, 517, 0, 9223372036854775807, 0, 9223372036847020807
2, 5170, 0, 9223372036854775807, 0, 9223372036777225807
2, 5171, 0, 9223372036854775807, 0, 9223372036777210807
2, 5172, 0, 9223372036854775807, 0, 9223372036777195807
2, 5173, 0, 9223372036854775807, 0, 9223372036777180807
2, 5174, 0, 9223372036854775807, 0, 9223372036777165807
2, 5175, 0, 9223372036854775807, 0, 9223372036777150807
2, 5176, 0, 9223372036854775807, 0, 9223372036777135807
2, 5177, 0, 9223372036854775807, 0, 9223372036777120807
2, 5178, 0, 9223372036854775807, 0, 9223372036777105807
2, 5179, 0, 9223372036854775807, 0, 9223372036777090807
2, 518, 0, 9223372036854775807, 0, 9223372036847005807
2, 5180, 0, 9223372036854775807, 0, 9223372036777075807
2, 5181, 0, 9223372036854775807, 0, 9223372036777060807
2, 5182, 0, 9223372036854775807, 0, 9223372036777045807
2, 5183, 0, 9223372036854775807, 0, 9223372036777030807
2, 5184, 0, 9223372036854775807, 0, 9223372036777015807
2, 5185, 0, 9223372036854775807, 0, 9223372036777000807
2, 5186, 0, 9223372036854775807, 0, 9223372036776985807
2, 5187, 0, 9223372036854775807, 0, 9223372036776970807
2, 5188, 0, 9223372036854775807, 0, 9223372036776955807
2, 5189, 0, 9223372036854775807, 0, 9223372036776940807
2, 519, 0, 9223372036854775807, 0, 9223372036846990807
2, 5190, 0, 9223372036854775807, 0, 9223372036776925807
2, 5191, 0, 9223372036854775807, 0, 9223372036776910807
2, 5192, 0, 9223372036854775807, 0, 9223372036776895807
2, 5193, 0, 9223372036854775807, 0, 9223372036776880807
2, 5194, 0, 9223372036854775807, 0, 9223372036776865807
2, 5195, 0, 9223372036854775807, 0, 9223372036776850807
2, 5196, 0, 9223372036854775807, 0, 9223372036776835807
2, 5197, 0, 9223372036854775807, 0, 9223372036776820807
2, 5198, 0, 9223372036854775807, 0, 9223372036776805807
2, 5199, 0, 9223372036854775807, 0, 9223372036776790807
2, 52, 0, 9223372036854775807, 0, 9223372036853995807
2, 520, 0, 9223372036854775807, 0, 9223372036846975807
2, 5200, 0, 9223372036854775807, 0, 9223372036776775807
2, 5201, 0, 9223372036854775807, 0, 9223372036776760807
2, 5202, 0, 9223372036854775807, 0, 9223372036776745807
2, 5203, 0, 9223372036854775807, 0, 9223372036776730807
2, 5204, 0, 9223372036854775807, 0, 9223372036776715807
2, 5205, 0, 9223372036854775807, 0, 9223372036776700807
2, 5206, 0, 9223372036854775807, 0, 9223372036776685807
2, 5207, 0, 9223372036854775807, 0, 9223372036776670807
2, 5208, 0, 9223372036854775807, 0, 9223372036776655807
2, 5209, 0, 9223372036854775807, 0, 9223372036776640807
2, 521, 0, 9223372036854775807, 0, 9223372036846960807
2, 5210, 0, 9223372036854775807, 0, 9223372036776625807
2, 5211, 0, 9223372036854775807, 0, 9223372036776610807
2, 5212, 0, 9223372036854775807, 0, 9223372036776595807
2, 5213, 0, 9223372036854775807, 0, 9223372036776580807
2, 5214, 0, 9223372036854775807, 0, 9223372036776565807
2, 5215, 0, 9223372036854775807, 0, 9223372036776550807
2, 5216, 0, 9223372036854775807, 0, 9223372036776535807
2, 5217, 0, 9223372036854775807, 0, 9223372036776520807
2, 5218, 0, 9223372036854775807, 0, 9223372036776505807
2, 5219, 0, 9223372036854775807, 0, 9223372036776490807
2, 522, 0, 9223372036854775807, 0, 9223372036846945807
2, 5220, 0, 9223372036854775807, 0, 9223372036776475807
2, 5221, 0, 9223372036854775807, 0, 9223372036776460807
2, 5222, 0, 9223372036854775807, 0, 9223372036776445807
2, 5223, 0, 9223372036854775807, 0, 9223372036776430807
2, 5224, 0, 9223372036854775807, 0, 9223372036776415807
2, 5225, 0, 9223372036854775807, 0, 9223372036776400807
2, 5226, 0, 9223372036854775807, 0, 9223372036776385807
2, 5227, 0, 9223372036854775807, 0, 9223372036776370807
2, 5228, 0, 9223372036854775807, 0, 9223372036776355807
2, 5229, 0, 9223372036854775807, 0, 9223372036776340807
2, 523, 0, 9223372036854775807, 0, 9223372036846930807
2, 5230, 0, 9223372036854775807, 0, 9223372036776325807
2, 5231, 0, 9223372036854775807, 0, 9223372036776310807
2, 5232, 0, 9223372036854775807, 0, 9223372036776295807
2, 5233, 0, 9223372036854775807, 0, 9223372036776280807
2, 5234, 0, 9223372036854775807, 0, 9223372036776265807
2, 5235, 0, 9223372036854775807, 0, 9223372036776250807
2, 5236, 0, 9223372036854775807, 0, 9223372036776235807
2, 5237, 0, 9223372036854775807, 0, 9223372036776220807
2, 5238, 0, 9223372036854775807, 0, 9223372036776205807
2, 5239, 0, 9223372036854775807, 0, 9223372036776190807
2, 524, 0, 9223372036854775807, 0, 9223372036846915807
2, 5240, 0, 9223372036854775807, 0, 9223372036776175807
2, 5241, 0, 9223372036854775807, 0, 9223372036776160807
2, 5242, 0, 9223372036854775807, 0, 9223372036776145807
2, 5243, 0, 9223372036854775807, 0, 9223372036776130807
2, 5244, 0, 9223372036854775807, 0, 9223372036776115807
2, 5245, 0, 9223372036854775807, 0, 9223372036776100807
2, 5246, 0, 9223372036854775807, 0, 9223372036776085807
2, 5247, 0, 9223372036854775807, 0, 9223372036776070807
2, 5248, 0, 9223372036854775807, 0, 9223372036776055807
2, 5249, 0, 9223372036854775807, 0, 9223372036776040807
2, 525, 0, 9223372036854775807, 0, 9223372036846900807
2, 5250, 0, 9223372036854775807, 0, 9223372036776025807
2, 5251, 0, 9223372036854775807, 0, 9223372036776010807
2, 5252, 0, 9223372036854775807, 0, 9223372036775995807
2, 5253, 0, 9223372036854775807, 0, 9223372036775980807
2, 5254, 0, 9223372036854775807, 0, 9223372036775965807
2, 5255, 0, 9223372036854775807, 0, 9223372036775950807
2, 5256, 0, 9223372036854775807, 0, 9223372036775935807
2, 5257, 0, 9223372036854775807, 0, 9223372036775920807
2, 5258, 0, 9223372036854775807, 0, 9223372036775905807
2, 5259, 0, 9223372036854775807, 0, 9223372036775890807
2, 526, 0, 9223372036854775807, 0, 9223372036846885807
2, 5260, 0, 9223372036854775807, 0, 9223372036775875807
2, 5261, 0, 9223372036854775807, 0, 9223372036775860807
2, 5262, 0, 9223372036854775807, 0, 9223372036775845807
2, 5263, 0, 9223372036854775807, 0, 9223372036775830807
2, 5264, 0, 9223372036854775807, 0, 9223372036775815807
2, 5265, 0, 9223372036854775807, 0, 9223372036775800807
2, 5266, 0, 9223372036854775807, 0, 9223372036775785807
2, 5267, 0, 9223372036854775807, 0, 9223372036775770807
2, 5268, 0, 9223372036854775807, 0, 9223372036775755807
2, 5269, 0, 9223372036854775807, 0, 9223372036775740807
2, 527, 0, 9223372036854775807, 0, 9223372036846870807
2, 5270, 0, 9223372036854775807, 0, 9223372036775725807
2, 5271, 0, 9223372036854775807, 0, 9223372036775710807
2, 5272, 0, 9223372036854775807, 0, 9223372036775695807
2, 5273, 0, 9223372036854775807, 0, 9223372036775680807
2, 5274, 0, 9223372036854775807, 0, 9223372036775665807
2, 5275, 0, 9223372036854775807, 0, 9223372036775650807
2, 5276, 0, 9223372036854775807, 0, 9223372036775635807
2, 5277, 0, 9223372036854775807, 0, 9223372036775620807
2, 5278, 0, 9223372036854775807, 0, 9223372036775605807
2, 5279, 0, 9223372036854775807, 0, 9223372036775590807
2, 528, 0, 9223372036854775807, 0, 9223372036846855807
2, 5280, 0, 9223372036854775807, 0, 9223372036775575807
2, 5281, 0, 9223372036854775807, 0, 9223372036775560807
2, 5282, 0, 9223372036854775807, 0, 9223372036775545807
2, 5283, 0, 9223372036854775807, 0, 9223372036775530807
2, 5284, 0, 9223372036854775807, 0, 9223372036775515807
2, 5285, 0, 9223372036854775807, 0, 9223372036775500807
2, 5286, 0, 9223372036854775807, 0, 9223372036775485807
2, 5287, 0, 9223372036854775807, 0, 9223372036775470807
2, 5288, 0, 9223372036854775807, 0, 9223372036775455807
2, 5289, 0, 9223372036854775807, 0, 9223372036775440807
2, 529, 0, 9223372036854775807, 0, 9223372036846840807
2, 5290, 0, 9223372036854775807, 0, 9223372036775425807
2, 5291, 0, 9223372036854775807, 0, 9223372036775410807
2, 5292, 0, 9223372036854775807, 0, 9223372036775395807
2, 5293, 0, 9223372036854775807, 0, 9223372036775380807
2, 5294, 0, 9223372036854775807, 0, 9223372036775365807
2, 5295, 0, 9223372036854775807, 0, 9223372036775350807
2, 5296, 0, 9223372036854775807, 0, 9223372036775335807
2, 5297, 0, 9223372036854775807, 0, 9223372036775320807
2, 5298, 0, 9223372036854775807, 0, 9223372036775305807
2, 5299, 0, 9223372036854775807, 0, 9223372036775290807
2, 53, 0, 9223372036854775807, 0, 9223372036853980807
2, 530, 0, 9223372036854775807, 0, 9223372036846825807
2, 5300, 0, 9223372036854775807, 0, 9223372036775275807
2, 5301, 0, 9223372036854775807, 0, 9223372036775260807
2, 5302, 0, 9223372036854775807, 0, 9223372036775245807
2, 5303, 0, 9223372036854775807, 0, 9223372036775230807
2, 5304, 0, 9223372036854775807, 0, 9223372036775215807
2, 5305, 0, 9223372036854775807, 0, 9223372036775200807
2, 5306, 0, 9223372036854775807, 0, 9223372036775185807
2, 5307, 0, 9223372036854775807, 0, 9223372036775170807
2, 5308, 0, 9223372036854775807, 0, 9223372036775155807
2, 5309, 0, 9223372036854775807, 0, 9223372036775140807
2, 531, 0, 9223372036854775807, 0, 9223372036846810807
2, 5310, 0, 9223372036854775807, 0, 9223372036775125807
2, 5311, 0, 9223372036854775807, 0, 9223372036775110807
2, 5312, 0, 9223372036854775807, 0, 9223372036775095807
2, 5313, 0, 9223372036854775807, 0, 9223372036775080807
2, 5314, 0, 9223372036854775807, 0, 9223372036775065807
2, 5315, 0, 9223372036854775807, 0, 9223372036775050807
2, 5316, 0, 9223372036854775807, 0, 9223372036775035807
2, 5317, 0, 9223372036854775807, 0, 9223372036775020807
2, 5318, 0, 9223372036854775807, 0, 9223372036775005807
2, 5319, 0, 9223372036854775807, 0, 9223372036774990807
2, 532, 0, 9223372036854775807, 0, 9223372036846795807
2, 5320, 0, 9223372036854775807, 0, 9223372036774975807
2, 5321, 0, 9223372036854775807, 0, 9223372036774960807
2, 5322, 0, 9223372036854775807, 0, 9223372036774945807
2, 5323, 0, 9223372036854775807, 0, 9223372036774930807
2, 5324, 0, 9223372036854775807, 0, 9223372036774915807
2, 5325, 0, 9223372036854775807, 0, 9223372036774900807
2, 5326, 0, 9223372036854775807, 0, 9223372036774885807
2, 5327, 0, 9223372036854775807, 0, 9223372036774870807
2, 5328, 0, 9223372036854775807, 0, 9223372036774855807
2, 5329, 0, 9223372036854775807, 0, 9223372036774840807
2, 533, 0, 9223372036854775807, 0, 9223372036846780807
2, 5330, 0, 9223372036854775807, 0, 9223372036774825807
2, 5331, 0, 9223372036854775807, 0, 9223372036774810807
2, 5332, 0, 9223372036854775807, 0, 9223372036774795807
2, 5333, 0, 9223372036854775807, 0, 9223372036774780807
2, 5334, 0, 9223372036854775807, 0, 9223372036774765807
2, 5335, 0, 9223372036854775807, 0, 9223372036774750807
2, 5336, 0, 9223372036854775807, 0, 9223372036774735807
2, 5337, 0, 9223372036854775807, 0, 9223372036774720807
2, 5338, 0, 9223372036854775807, 0, 9223372036774705807
2, 5339, 0, 9223372036854775807, 0, 9223372036774690807
2, 534, 0, 9223372036854775807, 0, 9223372036846765807
2, 5340, 0, 9223372036854775807, 0, 9223372036774675807
2, 5341, 0, 9223372036854775807, 0, 9223372036774660807
2, 5342, 0, 9223372036854775807, 0, 9223372036774645807
2, 5343, 0, 9223372036854775807, 0, 9223372036774630807
2, 5344, 0, 9223372036854775807, 0, 9223372036774615807
2, 5345, 0, 9223372036854775807, 0, 9223372036774600807
2, 5346, 0, 9223372036854775807, 0, 9223372036774585807
2, 5347, 0, 9223372036854775807, 0, 9223372036774570807
2, 5348, 0, 9223372036854775807, 0, 9223372036774555807
2, 5349, 0, 9223372036854775807, 0, 9223372036774540807
2, 535, 0, 9223372036854775807, 0, 9223372036846750807
2, 5350, 0, 9223372036854775807, 0, 9223372036774525807
2, 5351, 0, 9223372036854775807, 0, 9223372036774510807
2, 5352, 0, 9223372036854775807, 0, 9223372036774495807
2, 5353, 0, 9223372036854775807, 0, 9223372036774480807
2, 5354, 0, 9223372036854775807, 0, 9223372036774465807
2, 5355, 0, 9223372036854775807, 0, 9223372036774450807
2, 5356, 0, 9223372036854775807, 0, 9223372036774435807
2, 5357, 0, 9223372036854775807, 0, 9223372036774420807
2, 5358, 0, 9223372036854775807, 0, 9223372036774405807
2, 5359, 0, 9223372036854775807, 0, 9223372036774390807
2, 536, 0, 9223372036854775807, 0, 9223372036846735807
2, 5360, 0, 9223372036854775807, 0, 9223372036774375807
2, 5361, 0, 9223372036854775807, 0, 9223372036774360807
2, 5362, 0, 9223372036854775807, 0, 9223372036774345807
2, 5363, 0, 9223372036854775807, 0, 9223372036774330807
2, 5364, 0, 9223372036854775807, 0, 9223372036774315807
2, 5365, 0, 9223372036854775807, 0, 9223372036774300807
2, 5366, 0, 9223372036854775807, 0, 9223372036774285807
2, 5367, 0, 9223372036854775807, 0, 9223372036774270807
2, 5368, 0, 9223372036854775807, 0, 9223372036774255807
2, 5369, 0, 9223372036854775807, 0, 9223372036774240807
2, 537, 0, 9223372036854775807, 0, 9223372036846720807
2, 5370, 0, 9223372036854775807, 0, 9223372036774225807
2, 5371, 0, 9223372036854775807, 0, 9223372036774210807
2, 5372, 0, 9223372036854775807, 0, 9223372036774195807
2, 5373, 0, 9223372036854775807, 0, 9223372036774180807
2, 5374, 0, 9223372036854775807, 0, 9223372036774165807
2, 5375, 0, 9223372036854775807, 0, 9223372036774150807
2, 5376, 0, 9223372036854775807, 0, 9223372036774135807
2, 5377, 0, 9223372036854775807, 0, 9223372036774120807
2, 5378, 0, 9223372036854775807, 0, 9223372036774105807
2, 5379, 0, 9223372036854775807, 0, 9223372036774090807
2, 538, 0, 9223372036854775807, 0, 9223372036846705807
2, 5380, 0, 9223372036854775807, 0, 9223372036774075807
2, 5381, 0, 9223372036854775807, 0, 9223372036774060807
2, 5382, 0, 9223372036854775807, 0, 9223372036774045807
2, 5383, 0, 9223372036854775807, 0, 9223372036774030807
2, 5384, 0, 9223372036854775807, 0, 9223372036774015807
2, 5385, 0, 9223372036854775807, 0, 9223372036774000807
2, 5386, 0, 9223372036854775807, 0, 9223372036773985807
2, 5387, 0, 9223372036854775807, 0, 9223372036773970807
2, 5388, 0, 9223372036854775807, 0, 9223372036773955807
2, 5389, 0, 9223372036854775807, 0, 9223372036773940807
2, 539, 0, 9223372036854775807, 0, 9223372036846690807
2, 5390, 0, 9223372036854775807, 0, 9223372036773925807
2, 5391, 0, 9223372036854775807, 0, 9223372036773910807
2, 5392, 0, 9223372036854775807, 0, 9223372036773895807
2, 5393, 0, 9223372036854775807, 0, 9223372036773880807
2, 5394, 0, 9223372036854775807, 0, 9223372036773865807
2, 5395, 0, 9223372036854775807, 0, 9223372036773850807
2, 5396, 0, 9223372036854775807, 0, 9223372036773835807
2, 5397, 0, 9223372036854775807, 0, 9223372036773820807
2, 5398, 0, 9223372036854775807, 0, 9223372036773805807
2, 5399, 0, 9223372036854775807, 0, 9223372036773790807
2, 54, 0, 9223372036854775807, 0, 9223372036853965807
2, 540, 0, 9223372036854775807, 0, 9223372036846675807
2, 5400, 0, 9223372036854775807, 0, 9223372036773775807
2, 5401, 0, 9223372036854775807, 0, 9223372036773760807
2, 5402, 0, 9223372036854775807, 0, 9223372036773745807
2, 5403, 0, 9223372036854775807, 0, 9223372036773730807
2, 5404, 0, 9223372036854775807, 0, 9223372036773715807
2, 5405, 0, 9223372036854775807, 0, 9223372036773700807
2, 5406, 0, 9223372036854775807, 0, 9223372036773685807
2, 5407, 0, 9223372036854775807, 0, 9223372036773670807
2, 5408, 0, 9223372036854775807, 0, 9223372036773655807
2, 5409, 0, 9223372036854775807, 0, 9223372036773640807
2, 541, 0, 9223372036854775807, 0, 9223372036846660807
2, 5410, 0, 9223372036854775807, 0, 9223372036773625807
2, 5411, 0, 9223372036854775807, 0, 9223372036773610807
2, 5412, 0, 9223372036854775807, 0, 9223372036773595807
2, 5413, 0, 9223372036854775807, 0, 9223372036773580807
2, 5414, 0, 9223372036854775807, 0, 9223372036773565807
2, 5415, 0, 9223372036854775807, 0, 9223372036773550807
2, 5416, 0, 9223372036854775807, 0, 9223372036773535807
2, 5417, 0, 9223372036854775807, 0, 9223372036773520807
2, 5418, 0, 9223372036854775807, 0, 9223372036773505807
2, 5419, 0, 9223372036854775807, 0, 9223372036773490807
2, 542, 0, 9223372036854775807, 0, 9223372036846645807
2, 5420, 0, 9223372036854775807, 0, 9223372036773475807
2, 5421, 0, 9223372036854775807, 0, 9223372036773460807
2, 5422, 0, 9223372036854775807, 0, 9223372036773445807
2, 5423, 0, 9223372036854775807, 0, 9223372036773430807
2, 5424, 0, 9223372036854775807, 0, 9223372036773415807
2, 5425, 0, 9223372036854775807, 0, 9223372036773400807
2, 5426, 0, 9223372036854775807, 0, 9223372036773385807
2, 5427, 0, 9223372036854775807, 0, 9223372036773370807
2, 5428, 0, 9223372036854775807, 0, 9223372036773355807
2, 5429, 0, 9223372036854775807, 0, 9223372036773340807
2, 543, 0, 9223372036854775807, 0, 9223372036846630807
2, 5430, 0, 9223372036854775807, 0, 9223372036773325807
2, 5431, 0, 9223372036854775807, 0, 9223372036773310807
2, 5432, 0, 9223372036854775807, 0, 9223372036773295807
2, 5433, 0, 9223372036854775807, 0, 9223372036773280807
2, 5434, 0, 9223372036854775807, 0, 9223372036773265807
2, 5435, 0, 9223372036854775807, 0, 9223372036773250807
2, 5436, 0, 9223372036854775807, 0, 9223372036773235807
2, 5437, 0, 9223372036854775807, 0, 9223372036773220807
2, 5438, 0, 9223372036854775807, 0, 9223372036773205807
2, 5439, 0, 9223372036854775807, 0, 9223372036773190807
2, 544, 0, 9223372036854775807, 0, 9223372036846615807
2, 5440, 0, 9223372036854775807, 0, 9223372036773175807
2, 5441, 0, 9223372036854775807, 0, 9223372036773160807
2, 5442, 0, 9223372036854775807, 0, 9223372036773145807
2, 5443, 0, 9223372036854775807, 0, 9223372036773130807
2, 5444, 0, 9223372036854775807, 0, 9223372036773115807
2, 5445, 0, 9223372036854775807, 0, 9223372036773100807
2, 5446, 0, 9223372036854775807, 0, 9223372036773085807
2, 5447, 0, 9223372036854775807, 0, 9223372036773070807
2, 5448, 0, 9223372036854775807, 0, 9223372036773055807
2, 5449, 0, 9223372036854775807, 0, 9223372036773040807
2, 545, 0, 9223372036854775807, 0, 9223372036846600807
2, 5450, 0, 9223372036854775807, 0, 9223372036773025807
2, 5451, 0, 9223372036854775807, 0, 9223372036773010807
2, 5452, 0, 9223372036854775807, 0, 9223372036772995807
2, 5453, 0, 9223372036854775807, 0, 9223372036772980807
2, 5454, 0, 9223372036854775807, 0, 9223372036772965807
2, 5455, 0, 9223372036854775807, 0, 9223372036772950807
2, 5456, 0, 9223372036854775807, 0, 9223372036772935807
2, 5457, 0, 9223372036854775807, 0, 9223372036772920807
2, 5458, 0, 9223372036854775807, 0, 9223372036772905807
2, 5459, 0, 9223372036854775807, 0, 9223372036772890807
2, 546, 0, 9223372036854775807, 0, 9223372036846585807
2, 5460, 0, 9223372036854775807, 0, 9223372036772875807
2, 5461, 0, 9223372036854775807, 0, 9223372036772860807
2, 5462, 0, 9223372036854775807, 0, 9223372036772845807
2, 5463, 0, 9223372036854775807, 0, 9223372036772830807
2, 5464, 0, 9223372036854775807, 0, 9223372036772815807
2, 5465, 0, 9223372036854775807, 0, 9223372036772800807
2, 5466, 0, 9223372036854775807, 0, 9223372036772785807
2, 5467, 0, 9223372036854775807, 0, 9223372036772770807
2, 5468, 0, 9223372036854775807, 0, 9223372036772755807
2, 5469, 0, 9223372036854775807, 0, 9223372036772740807
2, 547, 0, 9223372036854775807, 0, 9223372036846570807
2, 5470, 0, 9223372036854775807, 0, 9223372036772725807
2, 5471, 0, 9223372036854775807, 0, 9223372036772710807
2, 5472, 0, 9223372036854775807, 0, 9223372036772695807
2, 5473, 0, 9223372036854775807, 0, 9223372036772680807
2, 5474, 0, 9223372036854775807, 0, 9223372036772665807
2, 5475, 0, 9223372036854775807, 0, 9223372036772650807
2, 5476, 0, 9223372036854775807, 0, 9223372036772635807
2, 5477, 0, 9223372036854775807, 0, 9223372036772620807
2, 5478, 0, 9223372036854775807, 0, 9223372036772605807
2, 5479, 0, 9223372036854775807, 0, 9223372036772590807
2, 548, 0, 9223372036854775807, 0, 9223372036846555807
2, 5480, 0, 9223372036854775807, 0, 9223372036772575807
2, 5481, 0, 9223372036854775807, 0, 9223372036772560807
2, 5482, 0, 9223372036854775807, 0, 9223372036772545807
2, 5483, 0, 9223372036854775807, 0, 9223372036772530807
2, 5484, 0, 9223372036854775807, 0, 9223372036772515807
2, 5485, 0, 9223372036854775807, 0, 9223372036772500807
2, 5486, 0, 9223372036854775807, 0, 9223372036772485807
2, 5487, 0, 9223372036854775807, 0, 9223372036772470807
2, 5488, 0, 9223372036854775807, 0, 9223372036772455807
2, 5489, 0, 9223372036854775807, 0, 9223372036772440807
2, 549, 0, 9223372036854775807, 0, 9223372036846540807
2, 5490, 0, 9223372036854775807, 0, 9223372036772425807
2, 5491, 0, 9223372036854775807, 0, 9223372036772410807
2, 5492, 0, 9223372036854775807, 0, 9223372036772395807
2, 5493, 0, 9223372036854775807, 0, 9223372036772380807
2, 5494, 0, 9223372036854775807, 0, 9223372036772365807
2, 5495, 0, 9223372036854775807, 0, 9223372036772350807
2, 5496, 0, 9223372036854775807, 0, 9223372036772335807
2, 5497, 0, 9223372036854775807, 0, 9223372036772320807
2, 5498, 0, 9223372036854775807, 0, 9223372036772305807
2, 5499, 0, 9223372036854775807, 0, 9223372036772290807
2, 55, 0, 9223372036854775807, 0, 9223372036853950807
2, 550, 0, 9223372036854775807, 0, 9223372036846525807
2, 5500, 0, 9223372036854775807, 0, 9223372036772275807
2, 5501, 0, 9223372036854775807, 0, 9223372036772260807
2, 5502, 0, 9223372036854775807, 0, 9223372036772245807
2, 5503, 0, 9223372036854775807, 0, 9223372036772230807
2, 5504, 0, 9223372036854775807, 0, 9223372036772215807
2, 5505, 0, 9223372036854775807, 0, 9223372036772200807
2, 5506, 0, 9223372036854775807, 0, 9223372036772185807
2, 5507, 0, 9223372036854775807, 0, 9223372036772170807
2, 5508, 0, 9223372036854775807, 0, 9223372036772155807
2, 5509, 0, 9223372036854775807, 0, 9223372036772140807
2, 551, 0, 9223372036854775807, 0, 9223372036846510807
2, 5510, 0, 9223372036854775807, 0, 9223372036772125807
2, 5511, 0, 9223372036854775807, 0, 9223372036772110807
2, 5512, 0, 9223372036854775807, 0, 9223372036772095807
2, 5513, 0, 9223372036854775807, 0, 9223372036772080807
2, 5514, 0, 9223372036854775807, 0, 9223372036772065807
2, 5515, 0, 9223372036854775807, 0, 9223372036772050807
2, 5516, 0, 9223372036854775807, 0, 9223372036772035807
2, 5517, 0, 9223372036854775807, 0, 9223372036772020807
2, 5518, 0, 9223372036854775807, 0, 9223372036772005807
2, 5519, 0, 9223372036854775807, 0, 9223372036771990807
2, 552, 0, 9223372036854775807, 0, 9223372036846495807
2, 5520, 0, 9223372036854775807, 0, 9223372036771975807
2, 5521, 0, 9223372036854775807, 0, 9223372036771960807
2, 5522, 0, 9223372036854775807, 0, 9223372036771945807
2, 5523, 0, 9223372036854775807, 0, 9223372036771930807
2, 5524, 0, 9223372036854775807, 0, 9223372036771915807
2, 5525, 0, 9223372036854775807, 0, 9223372036771900807
2, 5526, 0, 9223372036854775807, 0, 9223372036771885807
2, 5527, 0, 9223372036854775807, 0, 9223372036771870807
2, 5528, 0, 9223372036854775807, 0, 9223372036771855807
2, 5529, 0, 9223372036854775807, 0, 9223372036771840807
2, 553, 0, 9223372036854775807, 0, 9223372036846480807
2, 5530, 0, 9223372036854775807, 0, 9223372036771825807
2, 5531, 0, 9223372036854775807, 0, 9223372036771810807
2, 5532, 0, 9223372036854775807, 0, 9223372036771795807
2, 5533, 0, 9223372036854775807, 0, 9223372036771780807
2, 5534, 0, 9223372036854775807, 0, 9223372036771765807
2, 5535, 0, 9223372036854775807, 0, 9223372036771750807
2, 5536, 0, 9223372036854775807, 0, 9223372036771735807
2, 5537, 0, 9223372036854775807, 0, 9223372036771720807
2, 5538, 0, 9223372036854775807, 0, 9223372036771705807
2, 5539, 0, 9223372036854775807, 0, 9223372036771690807
2, 554, 0, 9223372036854775807, 0, 9223372036846465807
2, 5540, 0, 9223372036854775807, 0, 9223372036771675807
2, 5541, 0, 9223372036854775807, 0, 9223372036771660807
2, 5542, 0, 9223372036854775807, 0, 9223372036771645807
2, 5543, 0, 9223372036854775807, 0, 9223372036771630807
2, 5544, 0, 9223372036854775807, 0, 9223372036771615807
2, 5545, 0, 9223372036854775807, 0, 9223372036771600807
2, 5546, 0, 9223372036854775807, 0, 9223372036771585807
2, 5547, 0, 9223372036854775807, 0, 9223372036771570807
2, 5548, 0, 9223372036854775807, 0, 9223372036771555807
2, 5549, 0, 9223372036854775807, 0, 9223372036771540807
2, 555, 0, 9223372036854775807, 0, 9223372036846450807
2, 5550, 0, 9223372036854775807, 0, 9223372036771525807
2, 5551, 0, 9223372036854775807, 0, 9223372036771510807
2, 5552, 0, 9223372036854775807, 0, 9223372036771495807
2, 5553, 0, 9223372036854775807, 0, 9223372036771480807
2, 5554, 0, 9223372036854775807, 0, 9223372036771465807
2, 5555, 0, 9223372036854775807, 0, 9223372036771450807
2, 5556, 0, 9223372036854775807, 0, 9223372036771435807
2, 5557, 0, 9223372036854775807, 0, 9223372036771420807
2, 5558, 0, 9223372036854775807, 0, 9223372036771405807
2, 5559, 0, 9223372036854775807, 0, 9223372036771390807
2, 556, 0, 9223372036854775807, 0, 9223372036846435807
2, 5560, 0, 9223372036854775807, 0, 9223372036771375807
2, 5561, 0, 9223372036854775807, 0, 9223372036771360807
2, 5562, 0, 9223372036854775807, 0, 9223372036771345807
2, 5563, 0, 9223372036854775807, 0, 9223372036771330807
2, 5564, 0, 9223372036854775807, 0, 9223372036771315807
2, 5565, 0, 9223372036854775807, 0, 9223372036771300807
2, 5566, 0, 9223372036854775807, 0, 9223372036771285807
2, 5567, 0, 9223372036854775807, 0, 9223372036771270807
2, 5568, 0, 9223372036854775807, 0, 9223372036771255807
2, 5569, 0, 9223372036854775807, 0, 9223372036771240807
2, 557, 0, 9223372036854775807, 0, 9223372036846420807
2, 5570, 0, 9223372036854775807, 0, 9223372036771225807
2, 5571, 0, 9223372036854775807, 0, 9223372036771210807
2, 5572, 0, 9223372036854775807, 0, 9223372036771195807
2, 5573, 0, 9223372036854775807, 0, 9223372036771180807
2, 5574, 0, 9223372036854775807, 0, 9223372036771165807
2, 5575, 0, 9223372036854775807, 0, 9223372036771150807
2, 5576, 0, 9223372036854775807, 0, 9223372036771135807
2, 5577, 0, 9223372036854775807, 0, 9223372036771120807
2, 5578, 0, 9223372036854775807, 0, 9223372036771105807
2, 5579, 0, 9223372036854775807, 0, 9223372036771090807
2, 558, 0, 9223372036854775807, 0, 9223372036846405807
2, 5580, 0, 9223372036854775807, 0, 9223372036771075807
2, 5581, 0, 9223372036854775807, 0, 9223372036771060807
2, 5582, 0, 9223372036854775807, 0, 9223372036771045807
2, 5583, 0, 9223372036854775807, 0, 9223372036771030807
2, 5584, 0, 9223372036854775807, 0, 9223372036771015807
2, 5585, 0, 9223372036854775807, 0, 9223372036771000807
2, 5586, 0, 9223372036854775807, 0, 9223372036770985807
2, 5587, 0, 9223372036854775807, 0, 9223372036770970807
2, 5588, 0, 9223372036854775807, 0, 9223372036770955807
2, 5589, 0, 9223372036854775807, 0, 9223372036770940807
2, 559, 0, 9223372036854775807, 0, 9223372036846390807
2, 5590, 0, 9223372036854775807, 0, 9223372036770925807
2, 5591, 0, 9223372036854775807, 0, 9223372036770910807
2, 5592, 0, 9223372036854775807, 0, 9223372036770895807
2, 5593, 0, 9223372036854775807, 0, 9223372036770880807
2, 5594, 0, 9223372036854775807, 0, 9223372036770865807
2, 5595, 0, 9223372036854775807, 0, 9223372036770850807
2, 5596, 0, 9223372036854775807, 0, 9223372036770835807
2, 5597, 0, 9223372036854775807, 0, 9223372036770820807
2, 5598, 0, 9223372036854775807, 0, 9223372036770805807
2, 5599, 0, 9223372036854775807, 0, 9223372036770790807
2, 56, 0, 9223372036854775807, 0, 9223372036853935807
2, 560, 0, 9223372036854775807, 0, 9223372036846375807
2, 5600, 0, 9223372036854775807, 0, 9223372036770775807
2, 5601, 0, 9223372036854775807, 0, 9223372036770760807
2, 5602, 0, 9223372036854775807, 0, 9223372036770745807
2, 5603, 0, 9223372036854775807, 0, 9223372036770730807
2, 5604, 0, 9223372036854775807, 0, 9223372036770715807
2, 5605, 0, 9223372036854775807, 0, 9223372036770700807
2, 5606, 0, 9223372036854775807, 0, 9223372036770685807
2, 5607, 0, 9223372036854775807, 0, 9223372036770670807
2, 5608, 0, 9223372036854775807, 0, 9223372036770655807
2, 5609, 0, 9223372036854775807, 0, 9223372036770640807
2, 561, 0, 9223372036854775807, 0, 9223372036846360807
2, 5610, 0, 9223372036854775807, 0, 9223372036770625807
2, 5611, 0, 9223372036854775807, 0, 9223372036770610807
2, 5612, 0, 9223372036854775807, 0, 9223372036770595807
2, 5613, 0, 9223372036854775807, 0, 9223372036770580807
2, 5614, 0, 9223372036854775807, 0, 9223372036770565807
2, 5615, 0, 9223372036854775807, 0, 9223372036770550807
2, 5616, 0, 9223372036854775807, 0, 9223372036770535807
2, 5617, 0, 9223372036854775807, 0, 9223372036770520807
2, 5618, 0, 9223372036854775807, 0, 9223372036770505807
2, 5619, 0, 9223372036854775807, 0, 9223372036770490807
2, 562, 0, 9223372036854775807, 0, 9223372036846345807
2, 5620, 0, 9223372036854775807, 0, 9223372036770475807
2, 5621, 0, 9223372036854775807, 0, 9223372036770460807
2, 5622, 0, 9223372036854775807, 0, 9223372036770445807
2, 5623, 0, 9223372036854775807, 0, 9223372036770430807
2, 5624, 0, 9223372036854775807, 0, 9223372036770415807
2, 5625, 0, 9223372036854775807, 0, 9223372036770400807
2, 5626, 0, 9223372036854775807, 0, 9223372036770385807
2, 5627, 0, 9223372036854775807, 0, 9223372036770370807
2, 5628, 0, 9223372036854775807, 0, 9223372036770355807
2, 5629, 0, 9223372036854775807, 0, 9223372036770340807
2, 563, 0, 9223372036854775807, 0, 9223372036846330807
2, 5630, 0, 9223372036854775807, 0, 9223372036770325807
2, 5631, 0, 9223372036854775807, 0, 9223372036770310807
2, 5632, 0, 9223372036854775807, 0, 9223372036770295807
2, 5633, 0, 9223372036854775807, 0, 9223372036770280807
2, 5634, 0, 9223372036854775807, 0, 9223372036770265807
2, 5635, 0, 9223372036854775807, 0, 9223372036770250807
2, 5636, 0, 9223372036854775807, 0, 9223372036770235807
2, 5637, 0, 9223372036854775807, 0, 9223372036770220807
2, 5638, 0, 9223372036854775807, 0, 9223372036770205807
2, 5639, 0, 9223372036854775807, 0, 9223372036770190807
2, 564, 0, 9223372036854775807, 0, 9223372036846315807
2, 5640, 0, 9223372036854775807, 0, 9223372036770175807
2, 5641, 0, 9223372036854775807, 0, 9223372036770160807
2, 5642, 0, 9223372036854775807, 0, 9223372036770145807
2, 5643, 0, 9223372036854775807, 0, 9223372036770130807
2, 5644, 0, 9223372036854775807, 0, 9223372036770115807
2, 5645, 0, 9223372036854775807, 0, 9223372036770100807
2, 5646, 0, 9223372036854775807, 0, 9223372036770085807
2, 5647, 0, 9223372036854775807, 0, 9223372036770070807
2, 5648, 0, 9223372036854775807, 0, 9223372036770055807
2, 5649, 0, 9223372036854775807, 0, 9223372036770040807
2, 565, 0, 9223372036854775807, 0, 9223372036846300807
2, 5650, 0, 9223372036854775807, 0, 9223372036770025807
2, 5651, 0, 9223372036854775807, 0, 9223372036770010807
2, 5652, 0, 9223372036854775807, 0, 9223372036769995807
2, 5653, 0, 9223372036854775807, 0, 9223372036769980807
2, 5654, 0, 9223372036854775807, 0, 9223372036769965807
2, 5655, 0, 9223372036854775807, 0, 9223372036769950807
2, 5656, 0, 9223372036854775807, 0, 9223372036769935807
2, 5657, 0, 9223372036854775807, 0, 9223372036769920807
2, 5658, 0, 9223372036854775807, 0, 9223372036769905807
2, 5659, 0, 9223372036854775807, 0, 9223372036769890807
2, 566, 0, 9223372036854775807, 0, 9223372036846285807
2, 5660, 0, 9223372036854775807, 0, 9223372036769875807
2, 5661, 0, 9223372036854775807, 0, 9223372036769860807
2, 5662, 0, 9223372036854775807, 0, 9223372036769845807
2, 5663, 0, 9223372036854775807, 0, 9223372036769830807
2, 5664, 0, 9223372036854775807, 0, 9223372036769815807
2, 5665, 0, 9223372036854775807, 0, 9223372036769800807
2, 5666, 0, 9223372036854775807, 0, 9223372036769785807
2, 5667, 0, 9223372036854775807, 0, 9223372036769770807
2, 5668, 0, 9223372036854775807, 0, 9223372036769755807
2, 5669, 0, 9223372036854775807, 0, 9223372036769740807
2, 567, 0, 9223372036854775807, 0, 9223372036846270807
2, 5670, 0, 9223372036854775807, 0, 9223372036769725807
2, 5671, 0, 9223372036854775807, 0, 9223372036769710807
2, 5672, 0, 9223372036854775807, 0, 9223372036769695807
2, 5673, 0, 9223372036854775807, 0, 9223372036769680807
2, 5674, 0, 9223372036854775807, 0, 9223372036769665807
2, 5675, 0, 9223372036854775807, 0, 9223372036769650807
2, 5676, 0, 9223372036854775807, 0, 9223372036769635807
2, 5677, 0, 9223372036854775807, 0, 9223372036769620807
2, 5678, 0, 9223372036854775807, 0, 9223372036769605807
2, 5679, 0, 9223372036854775807, 0, 9223372036769590807
2, 568, 0, 9223372036854775807, 0, 9223372036846255807
2, 5680, 0, 9223372036854775807, 0, 9223372036769575807
2, 5681, 0, 9223372036854775807, 0, 9223372036769560807
2, 5682, 0, 9223372036854775807, 0, 9223372036769545807
2, 5683, 0, 9223372036854775807, 0, 9223372036769530807
2, 5684, 0, 9223372036854775807, 0, 9223372036769515807
2, 5685, 0, 9223372036854775807, 0, 9223372036769500807
2, 5686, 0, 9223372036854775807, 0, 9223372036769485807
2, 5687, 0, 9223372036854775807, 0, 9223372036769470807
2, 5688, 0, 9223372036854775807, 0, 9223372036769455807
2, 5689, 0, 9223372036854775807, 0, 9223372036769440807
2, 569, 0, 9223372036854775807, 0, 9223372036846240807
2, 5690, 0, 9223372036854775807, 0, 9223372036769425807
2, 5691, 0, 9223372036854775807, 0, 9223372036769410807
2, 5692, 0, 9223372036854775807, 0, 9223372036769395807
2, 5693, 0, 9223372036854775807, 0, 9223372036769380807
2, 5694, 0, 9223372036854775807, 0, 9223372036769365807
2, 5695, 0, 9223372036854775807, 0, 9223372036769350807
2, 5696, 0, 9223372036854775807, 0, 9223372036769335807
2, 5697, 0, 9223372036854775807, 0, 9223372036769320807
2, 5698, 0, 9223372036854775807, 0, 9223372036769305807
2, 5699, 0, 9223372036854775807, 0, 9223372036769290807
2, 57, 0, 9223372036854775807, 0, 9223372036853920807
2, 570, 0, 9223372036854775807, 0, 9223372036846225807
2, 5700, 0, 9223372036854775807, 0, 9223372036769275807
2, 5701, 0, 9223372036854775807, 0, 9223372036769260807
2, 5702, 0, 9223372036854775807, 0, 9223372036769245807
2, 5703, 0, 9223372036854775807, 0, 9223372036769230807
2, 5704, 0, 9223372036854775807, 0, 9223372036769215807
2, 5705, 0, 9223372036854775807, 0, 9223372036769200807
2, 5706, 0, 9223372036854775807, 0, 9223372036769185807
2, 5707, 0, 9223372036854775807, 0, 9223372036769170807
2, 5708, 0, 9223372036854775807, 0, 9223372036769155807
2, 5709, 0, 9223372036854775807, 0, 9223372036769140807
2, 571, 0, 9223372036854775807, 0, 9223372036846210807
2, 5710, 0, 9223372036854775807, 0, 9223372036769125807
2, 5711, 0, 9223372036854775807, 0, 9223372036769110807
2, 5712, 0, 9223372036854775807, 0, 9223372036769095807
2, 5713, 0, 9223372036854775807, 0, 9223372036769080807
2, 5714, 0, 9223372036854775807, 0, 9223372036769065807
2, 5715, 0, 9223372036854775807, 0, 9223372036769050807
2, 5716, 0, 9223372036854775807, 0, 9223372036769035807
2, 5717, 0, 9223372036854775807, 0, 9223372036769020807
2, 5718, 0, 9223372036854775807, 0, 9223372036769005807
2, 5719, 0, 9223372036854775807, 0, 9223372036768990807
2, 572, 0, 9223372036854775807, 0, 9223372036846195807
2, 5720, 0, 9223372036854775807, 0, 9223372036768975807
2, 5721, 0, 9223372036854775807, 0, 9223372036768960807
2, 5722, 0, 9223372036854775807, 0, 9223372036768945807
2, 5723, 0, 9223372036854775807, 0, 9223372036768930807
2, 5724, 0, 9223372036854775807, 0, 9223372036768915807
2, 5725, 0, 9223372036854775807, 0, 9223372036768900807
2, 5726, 0, 9223372036854775807, 0, 9223372036768885807
2, 5727, 0, 9223372036854775807, 0, 9223372036768870807
2, 5728, 0, 9223372036854775807, 0, 9223372036768855807
2, 5729, 0, 9223372036854775807, 0, 9223372036768840807
2, 573, 0, 9223372036854775807, 0, 9223372036846180807
2, 5730, 0, 9223372036854775807, 0, 9223372036768825807
2, 5731, 0, 9223372036854775807, 0, 9223372036768810807
2, 5732, 0, 9223372036854775807, 0, 9223372036768795807
2, 5733, 0, 9223372036854775807, 0, 9223372036768780807
2, 5734, 0, 9223372036854775807, 0, 9223372036768765807
2, 5735, 0, 9223372036854775807, 0, 9223372036768750807
2, 5736, 0, 9223372036854775807, 0, 9223372036768735807
2, 5737, 0, 9223372036854775807, 0, 9223372036768720807
2, 5738, 0, 9223372036854775807, 0, 9223372036768705807
2, 5739, 0, 9223372036854775807, 0, 9223372036768690807
2, 574, 0, 9223372036854775807, 0, 9223372036846165807
2, 5740, 0, 9223372036854775807, 0, 9223372036768675807
2, 5741, 0, 9223372036854775807, 0, 9223372036768660807
2, 5742, 0, 9223372036854775807, 0, 9223372036768645807
2, 5743, 0, 9223372036854775807, 0, 9223372036768630807
2, 5744, 0, 9223372036854775807, 0, 9223372036768615807
2, 5745, 0, 9223372036854775807, 0, 9223372036768600807
2, 5746, 0, 9223372036854775807, 0, 9223372036768585807
2, 5747, 0, 9223372036854775807, 0, 9223372036768570807
2, 5748, 0, 9223372036854775807, 0, 9223372036768555807
2, 5749, 0, 9223372036854775807, 0, 9223372036768540807
2, 575, 0, 9223372036854775807, 0, 9223372036846150807
2, 5750, 0, 9223372036854775807, 0, 9223372036768525807
2, 5751, 0, 9223372036854775807, 0, 9223372036768510807
2, 5752, 0, 9223372036854775807, 0, 9223372036768495807
2, 5753, 0, 9223372036854775807, 0, 9223372036768480807
2, 5754, 0, 9223372036854775807, 0, 9223372036768465807
2, 5755, 0, 9223372036854775807, 0, 9223372036768450807
2, 5756, 0, 9223372036854775807, 0, 9223372036768435807
2, 5757, 0, 9223372036854775807, 0, 9223372036768420807
2, 5758, 0, 9223372036854775807, 0, 9223372036768405807
2, 5759, 0, 9223372036854775807, 0, 9223372036768390807
2, 576, 0, 9223372036854775807, 0, 9223372036846135807
2, 5760, 0, 9223372036854775807, 0, 9223372036768375807
2, 5761, 0, 9223372036854775807, 0, 9223372036768360807
2, 5762, 0, 9223372036854775807, 0, 9223372036768345807
2, 5763, 0, 9223372036854775807, 0, 9223372036768330807
2, 5764, 0, 9223372036854775807, 0, 9223372036768315807
2, 5765, 0, 9223372036854775807, 0, 9223372036768300807
2, 5766, 0, 9223372036854775807, 0, 9223372036768285807
2, 5767, 0, 9223372036854775807, 0, 9223372036768270807
2, 5768, 0, 9223372036854775807, 0, 9223372036768255807
2, 5769, 0, 9223372036854775807, 0, 9223372036768240807
2, 577, 0, 9223372036854775807, 0, 9223372036846120807
2, 5770, 0, 9223372036854775807, 0, 9223372036768225807
2, 5771, 0, 9223372036854775807, 0, 9223372036768210807
2, 5772, 0, 9223372036854775807, 0, 9223372036768195807
2, 5773, 0, 9223372036854775807, 0, 9223372036768180807
2, 5774, 0, 9223372036854775807, 0, 9223372036768165807
2, 5775, 0, 9223372036854775807, 0, 9223372036768150807
2, 5776, 0, 9223372036854775807, 0, 9223372036768135807
2, 5777, 0, 9223372036854775807, 0, 9223372036768120807
2, 5778, 0, 9223372036854775807, 0, 9223372036768105807
2, 5779, 0, 9223372036854775807, 0, 9223372036768090807
2, 578, 0, 9223372036854775807, 0, 9223372036846105807
2, 5780, 0, 9223372036854775807, 0, 9223372036768075807
2, 5781, 0, 9223372036854775807, 0, 9223372036768060807
2, 5782, 0, 9223372036854775807, 0, 9223372036768045807
2, 5783, 0, 9223372036854775807, 0, 9223372036768030807
2, 5784, 0, 9223372036854775807, 0, 9223372036768015807
2, 5785, 0, 9223372036854775807, 0, 9223372036768000807
2, 5786, 0, 9223372036854775807, 0, 9223372036767985807
2, 5787, 0, 9223372036854775807, 0, 9223372036767970807
2, 5788, 0, 9223372036854775807, 0, 9223372036767955807
2, 5789, 0, 9223372036854775807, 0, 9223372036767940807
2, 579, 0, 9223372036854775807, 0, 9223372036846090807
2, 5790, 0, 9223372036854775807, 0, 9223372036767925807
2, 5791, 0, 9223372036854775807, 0, 9223372036767910807
2, 5792, 0, 9223372036854775807, 0, 9223372036767895807
2, 5793, 0, 9223372036854775807, 0, 9223372036767880807
2, 5794, 0, 9223372036854775807, 0, 9223372036767865807
2, 5795, 0, 9223372036854775807, 0, 9223372036767850807
2, 5796, 0, 9223372036854775807, 0, 9223372036767835807
2, 5797, 0, 9223372036854775807, 0, 9223372036767820807
2, 5798, 0, 9223372036854775807, 0, 9223372036767805807
2, 5799, 0, 9223372036854775807, 0, 9223372036767790807
2, 58, 0, 9223372036854775807, 0, 9223372036853905807
2, 580, 0, 9223372036854775807, 0, 9223372036846075807
2, 5800, 0, 9223372036854775807, 0, 9223372036767775807
2, 5801, 0, 9223372036854775807, 0, 9223372036767760807
2, 5802, 0, 9223372036854775807, 0, 9223372036767745807
2, 5803, 0, 9223372036854775807, 0, 9223372036767730807
2, 5804, 0, 9223372036854775807, 0, 9223372036767715807
2, 5805, 0, 9223372036854775807, 0, 9223372036767700807
2, 5806, 0, 9223372036854775807, 0, 9223372036767685807
2, 5807, 0, 9223372036854775807, 0, 9223372036767670807
2, 5808, 0, 9223372036854775807, 0, 9223372036767655807
2, 5809, 0, 9223372036854775807, 0, 9223372036767640807
2, 581, 0, 9223372036854775807, 0, 9223372036846060807
2, 5810, 0, 9223372036854775807, 0, 9223372036767625807
2, 5811, 0, 9223372036854775807, 0, 9223372036767610807
2, 5812, 0, 9223372036854775807, 0, 9223372036767595807
2, 5813, 0, 9223372036854775807, 0, 9223372036767580807
2, 5814, 0, 9223372036854775807, 0, 9223372036767565807
2, 5815, 0, 9223372036854775807, 0, 9223372036767550807
2, 5816, 0, 9223372036854775807, 0, 9223372036767535807
2, 5817, 0, 9223372036854775807, 0, 9223372036767520807
2, 5818, 0, 9223372036854775807, 0, 9223372036767505807
2, 5819, 0, 9223372036854775807, 0, 9223372036767490807
2, 582, 0, 9223372036854775807, 0, 9223372036846045807
2, 5820, 0, 9223372036854775807, 0, 9223372036767475807
2, 5821, 0, 9223372036854775807, 0, 9223372036767460807
2, 5822, 0, 9223372036854775807, 0, 9223372036767445807
2, 5823, 0, 9223372036854775807, 0, 9223372036767430807
2, 5824, 0, 9223372036854775807, 0, 9223372036767415807
2, 5825, 0, 9223372036854775807, 0, 9223372036767400807
2, 5826, 0, 9223372036854775807, 0, 9223372036767385807
2, 5827, 0, 9223372036854775807, 0, 9223372036767370807
2, 5828, 0, 9223372036854775807, 0, 9223372036767355807
2, 5829, 0, 9223372036854775807, 0, 9223372036767340807
2, 583, 0, 9223372036854775807, 0, 9223372036846030807
2, 5830, 0, 9223372036854775807, 0, 9223372036767325807
2, 5831, 0, 9223372036854775807, 0, 9223372036767310807
2, 5832, 0, 9223372036854775807, 0, 9223372036767295807
2, 5833, 0, 9223372036854775807, 0, 9223372036767280807
2, 5834, 0, 9223372036854775807, 0, 9223372036767265807
2, 5835, 0, 9223372036854775807, 0, 9223372036767250807
2, 5836, 0, 9223372036854775807, 0, 9223372036767235807
2, 5837, 0, 9223372036854775807, 0, 9223372036767220807
2, 5838, 0, 9223372036854775807, 0, 9223372036767205807
2, 5839, 0, 9223372036854775807, 0, 9223372036767190807
2, 584, 0, 9223372036854775807, 0, 9223372036846015807
2, 5840, 0, 9223372036854775807, 0, 9223372036767175807
2, 5841, 0, 9223372036854775807, 0, 9223372036767160807
2, 5842, 0, 9223372036854775807, 0, 9223372036767145807
2, 5843, 0, 9223372036854775807, 0, 9223372036767130807
2, 5844, 0, 9223372036854775807, 0, 9223372036767115807
2, 5845, 0, 9223372036854775807, 0, 9223372036767100807
2, 5846, 0, 9223372036854775807, 0, 9223372036767085807
2, 5847, 0, 9223372036854775807, 0, 9223372036767070807
2, 5848, 0, 9223372036854775807, 0, 9223372036767055807
2, 5849, 0, 9223372036854775807, 0, 9223372036767040807
2, 585, 0, 9223372036854775807, 0, 9223372036846000807
2, 5850, 0, 9223372036854775807, 0, 9223372036767025807
2, 5851, 0, 9223372036854775807, 0, 9223372036767010807
2, 5852, 0, 9223372036854775807, 0, 9223372036766995807
2, 5853, 0, 9223372036854775807, 0, 9223372036766980807
2, 5854, 0, 9223372036854775807, 0, 9223372036766965807
2, 5855, 0, 9223372036854775807, 0, 9223372036766950807
2, 5856, 0, 9223372036854775807, 0, 9223372036766935807
2, 5857, 0, 9223372036854775807, 0, 9223372036766920807
2, 5858, 0, 9223372036854775807, 0, 9223372036766905807
2, 5859, 0, 9223372036854775807, 0, 9223372036766890807
2, 586, 0, 9223372036854775807, 0, 9223372036845985807
2, 5860, 0, 9223372036854775807, 0, 9223372036766875807
2, 5861, 0, 9223372036854775807, 0, 9223372036766860807
2, 5862, 0, 9223372036854775807, 0, 9223372036766845807
2, 5863, 0, 9223372036854775807, 0, 9223372036766830807
2, 5864, 0, 9223372036854775807, 0, 9223372036766815807
2, 5865, 0, 9223372036854775807, 0, 9223372036766800807
2, 5866, 0, 9223372036854775807, 0, 9223372036766785807
2, 5867, 0, 9223372036854775807, 0, 9223372036766770807
2, 5868, 0, 9223372036854775807, 0, 9223372036766755807
2, 5869, 0, 9223372036854775807, 0, 9223372036766740807
2, 587, 0, 9223372036854775807, 0, 9223372036845970807
2, 5870, 0, 9223372036854775807, 0, 9223372036766725807
2, 5871, 0, 9223372036854775807, 0, 9223372036766710807
2, 5872, 0, 9223372036854775807, 0, 9223372036766695807
2, 5873, 0, 9223372036854775807, 0, 9223372036766680807
2, 5874, 0, 9223372036854775807, 0, 9223372036766665807
2, 5875, 0, 9223372036854775807, 0, 9223372036766650807
2, 5876, 0, 9223372036854775807, 0, 9223372036766635807
2, 5877, 0, 9223372036854775807, 0, 9223372036766620807
2, 5878, 0, 9223372036854775807, 0, 9223372036766605807
2, 5879, 0, 9223372036854775807, 0, 9223372036766590807
2, 588, 0, 9223372036854775807, 0, 9223372036845955807
2, 5880, 0, 9223372036854775807, 0, 9223372036766575807
2, 5881, 0, 9223372036854775807, 0, 9223372036766560807
2, 5882, 0, 9223372036854775807, 0, 9223372036766545807
2, 5883, 0, 9223372036854775807, 0, 9223372036766530807
2, 5884, 0, 9223372036854775807, 0, 9223372036766515807
2, 5885, 0, 9223372036854775807, 0, 9223372036766500807
2, 5886, 0, 9223372036854775807, 0, 9223372036766485807
2, 5887, 0, 9223372036854775807, 0, 9223372036766470807
2, 5888, 0, 9223372036854775807, 0, 9223372036766455807
2, 5889, 0, 9223372036854775807, 0, 9223372036766440807
2, 589, 0, 9223372036854775807, 0, 9223372036845940807
2, 5890, 0, 9223372036854775807, 0, 9223372036766425807
2, 5891, 0, 9223372036854775807, 0, 9223372036766410807
2, 5892, 0, 9223372036854775807, 0, 9223372036766395807
2, 5893, 0, 9223372036854775807, 0, 9223372036766380807
2, 5894, 0, 9223372036854775807, 0, 9223372036766365807
2, 5895, 0, 9223372036854775807, 0, 9223372036766350807
2, 5896, 0, 9223372036854775807, 0, 9223372036766335807
2, 5897, 0, 9223372036854775807, 0, 9223372036766320807
2, 5898, 0, 9223372036854775807, 0, 9223372036766305807
2, 5899, 0, 9223372036854775807, 0, 9223372036766290807
2, 59, 0, 9223372036854775807, 0, 9223372036853890807
2, 590, 0, 9223372036854775807, 0, 9223372036845925807
2, 5900, 0, 9223372036854775807, 0, 9223372036766275807
2, 5901, 0, 9223372036854775807, 0, 9223372036766260807
2, 5902, 0, 9223372036854775807, 0, 9223372036766245807
2, 5903, 0, 9223372036854775807, 0, 9223372036766230807
2, 5904, 0, 9223372036854775807, 0, 9223372036766215807
2, 5905, 0, 9223372036854775807, 0, 9223372036766200807
2, 5906, 0, 9223372036854775807, 0, 9223372036766185807
2, 5907, 0, 9223372036854775807, 0, 9223372036766170807
2, 5908, 0, 9223372036854775807, 0, 9223372036766155807
2, 5909, 0, 9223372036854775807, 0, 9223372036766140807
2, 591, 0, 9223372036854775807, 0, 9223372036845910807
2, 5910, 0, 9223372036854775807, 0, 9223372036766125807
2, 5911, 0, 9223372036854775807, 0, 9223372036766110807
2, 5912, 0, 9223372036854775807, 0, 9223372036766095807
2, 5913, 0, 9223372036854775807, 0, 9223372036766080807
2, 5914, 0, 9223372036854775807, 0, 9223372036766065807
2, 5915, 0, 9223372036854775807, 0, 9223372036766050807
2, 5916, 0, 9223372036854775807, 0, 9223372036766035807
2, 5917, 0, 9223372036854775807, 0, 9223372036766020807
2, 5918, 0, 9223372036854775807, 0, 9223372036766005807
2, 5919, 0, 9223372036854775807, 0, 9223372036765990807
2, 592, 0, 9223372036854775807, 0, 9223372036845895807
2, 5920, 0, 9223372036854775807, 0, 9223372036765975807
2, 5921, 0, 9223372036854775807, 0, 9223372036765960807
2, 5922, 0, 9223372036854775807, 0, 9223372036765945807
2, 5923, 0, 9223372036854775807, 0, 9223372036765930807
2, 5924, 0, 9223372036854775807, 0, 9223372036765915807
2, 5925, 0, 9223372036854775807, 0, 9223372036765900807
2, 5926, 0, 9223372036854775807, 0, 9223372036765885807
2, 5927, 0, 9223372036854775807, 0, 9223372036765870807
2, 5928, 0, 9223372036854775807, 0, 9223372036765855807
2, 5929, 0, 9223372036854775807, 0, 9223372036765840807
2, 593, 0, 9223372036854775807, 0, 9223372036845880807
2, 5930, 0, 9223372036854775807, 0, 9223372036765825807
2, 5931, 0, 9223372036854775807, 0, 9223372036765810807
2, 5932, 0, 9223372036854775807, 0, 9223372036765795807
2, 5933, 0, 9223372036854775807, 0, 9223372036765780807
2, 5934, 0, 9223372036854775807, 0, 9223372036765765807
2, 5935, 0, 9223372036854775807, 0, 9223372036765750807
2, 5936, 0, 9223372036854775807, 0, 9223372036765735807
2, 5937, 0, 9223372036854775807, 0, 9223372036765720807
2, 5938, 0, 9223372036854775807, 0, 9223372036765705807
2, 5939, 0, 9223372036854775807, 0, 9223372036765690807
2, 594, 0, 9223372036854775807, 0, 9223372036845865807
2, 5940, 0, 9223372036854775807, 0, 9223372036765675807
2, 5941, 0, 9223372036854775807, 0, 9223372036765660807
2, 5942, 0, 9223372036854775807, 0, 9223372036765645807
2, 5943, 0, 9223372036854775807, 0, 9223372036765630807
2, 5944, 0, 9223372036854775807, 0, 9223372036765615807
2, 5945, 0, 9223372036854775807, 0, 9223372036765600807
2, 5946, 0, 9223372036854775807, 0, 9223372036765585807
2, 5947, 0, 9223372036854775807, 0, 9223372036765570807
2, 5948, 0, 9223372036854775807, 0, 9223372036765555807
2, 5949, 0, 9223372036854775807, 0, 9223372036765540807
2, 595, 0, 9223372036854775807, 0, 9223372036845850807
2, 5950, 0, 9223372036854775807, 0, 9223372036765525807
2, 5951, 0, 9223372036854775807, 0, 9223372036765510807
2, 5952, 0, 9223372036854775807, 0, 9223372036765495807
2, 5953, 0, 9223372036854775807, 0, 9223372036765480807
2, 5954, 0, 9223372036854775807, 0, 9223372036765465807
2, 5955, 0, 9223372036854775807, 0, 9223372036765450807
2, 5956, 0, 9223372036854775807, 0, 9223372036765435807
2, 5957, 0, 9223372036854775807, 0, 9223372036765420807
2, 5958, 0, 9223372036854775807, 0, 9223372036765405807
2, 5959, 0, 9223372036854775807, 0, 9223372036765390807
2, 596, 0, 9223372036854775807, 0, 9223372036845835807
2, 5960, 0, 9223372036854775807, 0, 9223372036765375807
2, 5961, 0, 9223372036854775807, 0, 9223372036765360807
2, 5962, 0, 9223372036854775807, 0, 9223372036765345807
2, 5963, 0, 9223372036854775807, 0, 9223372036765330807
2, 5964, 0, 9223372036854775807, 0, 9223372036765315807
2, 5965, 0, 9223372036854775807, 0, 9223372036765300807
2, 5966, 0, 9223372036854775807, 0, 9223372036765285807
2, 5967, 0, 9223372036854775807, 0, 9223372036765270807
2, 5968, 0, 9223372036854775807, 0, 9223372036765255807
2, 5969, 0, 9223372036854775807, 0, 9223372036765240807
2, 597, 0, 9223372036854775807, 0, 9223372036845820807
2, 5970, 0, 9223372036854775807, 0, 9223372036765225807
2, 5971, 0, 9223372036854775807, 0, 9223372036765210807
2, 5972, 0, 9223372036854775807, 0, 9223372036765195807
2, 5973, 0, 9223372036854775807, 0, 9223372036765180807
2, 5974, 0, 9223372036854775807, 0, 9223372036765165807
2, 5975, 0, 9223372036854775807, 0, 9223372036765150807
2, 5976, 0, 9223372036854775807, 0, 9223372036765135807
2, 5977, 0, 9223372036854775807, 0, 9223372036765120807
2, 5978, 0, 9223372036854775807, 0, 9223372036765105807
2, 5979, 0, 9223372036854775807, 0, 9223372036765090807
2, 598, 0, 9223372036854775807, 0, 9223372036845805807
2, 5980, 0, 9223372036854775807, 0, 9223372036765075807
2, 5981, 0, 9223372036854775807, 0, 9223372036765060807
2, 5982, 0, 9223372036854775807, 0, 9223372036765045807
2, 5983, 0, 9223372036854775807, 0, 9223372036765030807
2, 5984, 0, 9223372036854775807, 0, 9223372036765015807
2, 5985, 0, 9223372036854775807, 0, 9223372036765000807
2, 5986, 0, 9223372036854775807, 0, 9223372036764985807
2, 5987, 0, 9223372036854775807, 0, 9223372036764970807
2, 5988, 0, 9223372036854775807, 0, 9223372036764955807
2, 5989, 0, 9223372036854775807, 0, 9223372036764940807
2, 599, 0, 9223372036854775807, 0, 9223372036845790807
2, 5990, 0, 9223372036854775807, 0, 9223372036764925807
2, 5991, 0, 9223372036854775807, 0, 9223372036764910807
2, 5992, 0, 9223372036854775807, 0, 9223372036764895807
2, 5993, 0, 9223372036854775807, 0, 9223372036764880807
2, 5994, 0, 9223372036854775807, 0, 9223372036764865807
2, 5995, 0, 9223372036854775807, 0, 9223372036764850807
2, 5996, 0, 9223372036854775807, 0, 9223372036764835807
2, 5997, 0, 9223372036854775807, 0, 9223372036764820807
2, 5998, 0, 9223372036854775807, 0, 9223372036764805807
2, 5999, 0, 9223372036854775807, 0, 9223372036764790807
2, 6, 0, 9223372036854775807, 0, 9223372036854685807
2, 60, 0, 9223372036854775807, 0, 9223372036853875807
2, 600, 0, 9223372036854775807, 0, 9223372036845775807
2, 6000, 0, 9223372036854775807, 0, 9223372036764775807
2, 6001, 0, 9223372036854775807, 0, 9223372036764760807
2, 6002, 0, 9223372036854775807, 0, 9223372036764745807
2, 6003, 0, 9223372036854775807, 0, 9223372036764730807
2, 6004, 0, 9223372036854775807, 0, 9223372036764715807
2, 6005, 0, 9223372036854775807, 0, 9223372036764700807
2, 6006, 0, 9223372036854775807, 0, 9223372036764685807
2, 6007, 0, 9223372036854775807, 0, 9223372036764670807
2, 6008, 0, 9223372036854775807, 0, 9223372036764655807
2, 6009, 0, 9223372036854775807, 0, 9223372036764640807
2, 601, 0, 9223372036854775807, 0, 9223372036845760807
2, 6010, 0, 9223372036854775807, 0, 9223372036764625807
2, 6011, 0, 9223372036854775807, 0, 9223372036764610807
2, 6012, 0, 9223372036854775807, 0, 9223372036764595807
2, 6013, 0, 9223372036854775807, 0, 9223372036764580807
2, 6014, 0, 9223372036854775807, 0, 9223372036764565807
2, 6015, 0, 9223372036854775807, 0, 9223372036764550807
2, 6016, 0, 9223372036854775807, 0, 9223372036764535807
2, 6017, 0, 9223372036854775807, 0, 9223372036764520807
2, 6018, 0, 9223372036854775807, 0, 9223372036764505807
2, 6019, 0, 9223372036854775807, 0, 9223372036764490807
2, 602, 0, 9223372036854775807, 0, 9223372036845745807
2, 6020, 0, 9223372036854775807, 0, 9223372036764475807
2, 6021, 0, 9223372036854775807, 0, 9223372036764460807
2, 6022, 0, 9223372036854775807, 0, 9223372036764445807
2, 6023, 0, 9223372036854775807, 0, 9223372036764430807
2, 6024, 0, 9223372036854775807, 0, 9223372036764415807
2, 6025, 0, 9223372036854775807, 0, 9223372036764400807
2, 6026, 0, 9223372036854775807, 0, 9223372036764385807
2, 6027, 0, 9223372036854775807, 0, 9223372036764370807
2, 6028, 0, 9223372036854775807, 0, 9223372036764355807
2, 6029, 0, 9223372036854775807, 0, 9223372036764340807
2, 603, 0, 9223372036854775807, 0, 9223372036845730807
2, 6030, 0, 9223372036854775807, 0, 9223372036764325807
2, 6031, 0, 9223372036854775807, 0, 9223372036764310807
2, 6032, 0, 9223372036854775807, 0, 9223372036764295807
2, 6033, 0, 9223372036854775807, 0, 9223372036764280807
2, 6034, 0, 9223372036854775807, 0, 9223372036764265807
2, 6035, 0, 9223372036854775807, 0, 9223372036764250807
2, 6036, 0, 9223372036854775807, 0, 9223372036764235807
2, 6037, 0, 9223372036854775807, 0, 9223372036764220807
2, 6038, 0, 9223372036854775807, 0, 9223372036764205807
2, 6039, 0, 9223372036854775807, 0, 9223372036764190807
2, 604, 0, 9223372036854775807, 0, 9223372036845715807
2, 6040, 0, 9223372036854775807, 0, 9223372036764175807
2, 6041, 0, 9223372036854775807, 0, 9223372036764160807
2, 6042, 0, 9223372036854775807, 0, 9223372036764145807
2, 6043, 0, 9223372036854775807, 0, 9223372036764130807
2, 6044, 0, 9223372036854775807, 0, 9223372036764115807
2, 6045, 0, 9223372036854775807, 0, 9223372036764100807
2, 6046, 0, 9223372036854775807, 0, 9223372036764085807
2, 6047, 0, 9223372036854775807, 0, 9223372036764070807
2, 6048, 0, 9223372036854775807, 0, 9223372036764055807
2, 6049, 0, 9223372036854775807, 0, 9223372036764040807
2, 605, 0, 9223372036854775807, 0, 9223372036845700807
2, 6050, 0, 9223372036854775807, 0, 9223372036764025807
2, 6051, 0, 9223372036854775807, 0, 9223372036764010807
2, 6052, 0, 9223372036854775807, 0, 9223372036763995807
2, 6053, 0, 9223372036854775807, 0, 9223372036763980807
2, 6054, 0, 9223372036854775807, 0, 9223372036763965807
2, 6055, 0, 9223372036854775807, 0, 9223372036763950807
2, 6056, 0, 9223372036854775807, 0, 9223372036763935807
2, 6057, 0, 9223372036854775807, 0, 9223372036763920807
2, 6058, 0, 9223372036854775807, 0, 9223372036763905807
2, 6059, 0, 9223372036854775807, 0, 9223372036763890807
2, 606, 0, 9223372036854775807, 0, 9223372036845685807
2, 6060, 0, 9223372036854775807, 0, 9223372036763875807
2, 6061, 0, 9223372036854775807, 0, 9223372036763860807
2, 6062, 0, 9223372036854775807, 0, 9223372036763845807
2, 6063, 0, 9223372036854775807, 0, 9223372036763830807
2, 6064, 0, 9223372036854775807, 0, 9223372036763815807
2, 6065, 0, 9223372036854775807, 0, 9223372036763800807
2, 6066, 0, 9223372036854775807, 0, 9223372036763785807
2, 6067, 0, 9223372036854775807, 0, 9223372036763770807
2, 6068, 0, 9223372036854775807, 0, 9223372036763755807
2, 6069, 0, 9223372036854775807, 0, 9223372036763740807
2, 607, 0, 9223372036854775807, 0, 9223372036845670807
2, 6070, 0, 9223372036854775807, 0, 9223372036763725807
2, 6071, 0, 9223372036854775807, 0, 9223372036763710807
2, 6072, 0, 9223372036854775807, 0, 9223372036763695807
2, 6073, 0, 9223372036854775807, 0, 9223372036763680807
2, 6074, 0, 9223372036854775807, 0, 9223372036763665807
2, 6075, 0, 9223372036854775807, 0, 9223372036763650807
2, 6076, 0, 9223372036854775807, 0, 9223372036763635807
2, 6077, 0, 9223372036854775807, 0, 9223372036763620807
2, 6078, 0, 9223372036854775807, 0, 9223372036763605807
2, 6079, 0, 9223372036854775807, 0, 9223372036763590807
2, 608, 0, 9223372036854775807, 0, 9223372036845655807
2, 6080, 0, 9223372036854775807, 0, 9223372036763575807
2, 6081, 0, 9223372036854775807, 0, 9223372036763560807
2, 6082, 0, 9223372036854775807, 0, 9223372036763545807
2, 6083, 0, 9223372036854775807, 0, 9223372036763530807
2, 6084, 0, 9223372036854775807, 0, 9223372036763515807
2, 6085, 0, 9223372036854775807, 0, 9223372036763500807
2, 6086, 0, 9223372036854775807, 0, 9223372036763485807
2, 6087, 0, 9223372036854775807, 0, 9223372036763470807
2, 6088, 0, 9223372036854775807, 0, 9223372036763455807
2, 6089, 0, 9223372036854775807, 0, 9223372036763440807
2, 609, 0, 9223372036854775807, 0, 9223372036845640807
2, 6090, 0, 9223372036854775807, 0, 9223372036763425807
2, 6091, 0, 9223372036854775807, 0, 9223372036763410807
2, 6092, 0, 9223372036854775807, 0, 9223372036763395807
2, 6093, 0, 9223372036854775807, 0, 9223372036763380807
2, 6094, 0, 9223372036854775807, 0, 9223372036763365807
2, 6095, 0, 9223372036854775807, 0, 9223372036763350807
2, 6096, 0, 9223372036854775807, 0, 9223372036763335807
2, 6097, 0, 9223372036854775807, 0, 9223372036763320807
2, 6098, 0, 9223372036854775807, 0, 9223372036763305807
2, 6099, 0, 9223372036854775807, 0, 9223372036763290807
2, 61, 0, 9223372036854775807, 0, 9223372036853860807
2, 610, 0, 9223372036854775807, 0, 9223372036845625807
2, 6100, 0, 9223372036854775807, 0, 9223372036763275807
2, 6101, 0, 9223372036854775807, 0, 9223372036763260807
2, 6102, 0, 9223372036854775807, 0, 9223372036763245807
2, 6103, 0, 9223372036854775807, 0, 9223372036763230807
2, 6104, 0, 9223372036854775807, 0, 9223372036763215807
2, 6105, 0, 9223372036854775807, 0, 9223372036763200807
2, 6106, 0, 9223372036854775807, 0, 9223372036763185807
2, 6107, 0, 9223372036854775807, 0, 9223372036763170807
2, 6108, 0, 9223372036854775807, 0, 9223372036763155807
2, 6109, 0, 9223372036854775807, 0, 9223372036763140807
2, 611, 0, 9223372036854775807, 0, 9223372036845610807
2, 6110, 0, 9223372036854775807, 0, 9223372036763125807
2, 6111, 0, 9223372036854775807, 0, 9223372036763110807
2, 6112, 0, 9223372036854775807, 0, 9223372036763095807
2, 6113, 0, 9223372036854775807, 0, 9223372036763080807
2, 6114, 0, 9223372036854775807, 0, 9223372036763065807
2, 6115, 0, 9223372036854775807, 0, 9223372036763050807
2, 6116, 0, 9223372036854775807, 0, 9223372036763035807
2, 6117, 0, 9223372036854775807, 0, 9223372036763020807
2, 6118, 0, 9223372036854775807, 0, 9223372036763005807
2, 6119, 0, 9223372036854775807, 0, 9223372036762990807
2, 612, 0, 9223372036854775807, 0, 9223372036845595807
2, 6120, 0, 9223372036854775807, 0, 9223372036762975807
2, 6121, 0, 9223372036854775807, 0, 9223372036762960807
2, 6122, 0, 9223372036854775807, 0, 9223372036762945807
2, 6123, 0, 9223372036854775807, 0, 9223372036762930807
2, 6124, 0, 9223372036854775807, 0, 9223372036762915807
2, 6125, 0, 9223372036854775807, 0, 9223372036762900807
2, 6126, 0, 9223372036854775807, 0, 9223372036762885807
2, 6127, 0, 9223372036854775807, 0, 9223372036762870807
2, 6128, 0, 9223372036854775807, 0, 9223372036762855807
2, 6129, 0, 9223372036854775807, 0, 9223372036762840807
2, 613, 0, 9223372036854775807, 0, 9223372036845580807
2, 6130, 0, 9223372036854775807, 0, 9223372036762825807
2, 6131, 0, 9223372036854775807, 0, 9223372036762810807
2, 6132, 0, 9223372036854775807, 0, 9223372036762795807
2, 6133, 0, 9223372036854775807, 0, 9223372036762780807
2, 6134, 0, 9223372036854775807, 0, 9223372036762765807
2, 6135, 0, 9223372036854775807, 0, 9223372036762750807
2, 6136, 0, 9223372036854775807, 0, 9223372036762735807
2, 6137, 0, 9223372036854775807, 0, 9223372036762720807
2, 6138, 0, 9223372036854775807, 0, 9223372036762705807
2, 6139, 0, 9223372036854775807, 0, 9223372036762690807
2, 614, 0, 9223372036854775807, 0, 9223372036845565807
2, 6140, 0, 9223372036854775807, 0, 9223372036762675807
2, 6141, 0, 9223372036854775807, 0, 9223372036762660807
2, 6142, 0, 9223372036854775807, 0, 9223372036762645807
2, 6143, 0, 9223372036854775807, 0, 9223372036762630807
2, 6144, 0, 9223372036854775807, 0, 9223372036762615807
2, 6145, 0, 9223372036854775807, 0, 9223372036762600807
2, 6146, 0, 9223372036854775807, 0, 9223372036762585807
2, 6147, 0, 9223372036854775807, 0, 9223372036762570807
2, 6148, 0, 9223372036854775807, 0, 9223372036762555807
2, 6149, 0, 9223372036854775807, 0, 9223372036762540807
2, 615, 0, 9223372036854775807, 0, 9223372036845550807
2, 6150, 0, 9223372036854775807, 0, 9223372036762525807
2, 6151, 0, 9223372036854775807, 0, 9223372036762510807
2, 6152, 0, 9223372036854775807, 0, 9223372036762495807
2, 6153, 0, 9223372036854775807, 0, 9223372036762480807
2, 6154, 0, 9223372036854775807, 0, 9223372036762465807
2, 6155, 0, 9223372036854775807, 0, 9223372036762450807
2, 6156, 0, 9223372036854775807, 0, 9223372036762435807
2, 6157, 0, 9223372036854775807, 0, 9223372036762420807
2, 6158, 0, 9223372036854775807, 0, 9223372036762405807
2, 6159, 0, 9223372036854775807, 0, 9223372036762390807
2, 616, 0, 9223372036854775807, 0, 9223372036845535807
2, 6160, 0, 9223372036854775807, 0, 9223372036762375807
2, 6161, 0, 9223372036854775807, 0, 9223372036762360807
2, 6162, 0, 9223372036854775807, 0, 9223372036762345807
2, 6163, 0, 9223372036854775807, 0, 9223372036762330807
2, 6164, 0, 9223372036854775807, 0, 9223372036762315807
2, 6165, 0, 9223372036854775807, 0, 9223372036762300807
2, 6166, 0, 9223372036854775807, 0, 9223372036762285807
2, 6167, 0, 9223372036854775807, 0, 9223372036762270807
2, 6168, 0, 9223372036854775807, 0, 9223372036762255807
2, 6169, 0, 9223372036854775807, 0, 9223372036762240807
2, 617, 0, 9223372036854775807, 0, 9223372036845520807
2, 6170, 0, 9223372036854775807, 0, 9223372036762225807
2, 6171, 0, 9223372036854775807, 0, 9223372036762210807
2, 6172, 0, 9223372036854775807, 0, 9223372036762195807
2, 6173, 0, 9223372036854775807, 0, 9223372036762180807
2, 6174, 0, 9223372036854775807, 0, 9223372036762165807
2, 6175, 0, 9223372036854775807, 0, 9223372036762150807
2, 6176, 0, 9223372036854775807, 0, 9223372036762135807
2, 6177, 0, 9223372036854775807, 0, 9223372036762120807
2, 6178, 0, 9223372036854775807, 0, 9223372036762105807
2, 6179, 0, 9223372036854775807, 0, 9223372036762090807
2, 618, 0, 9223372036854775807, 0, 9223372036845505807
2, 6180, 0, 9223372036854775807, 0, 9223372036762075807
2, 6181, 0, 9223372036854775807, 0, 9223372036762060807
2, 6182, 0, 9223372036854775807, 0, 9223372036762045807
2, 6183, 0, 9223372036854775807, 0, 9223372036762030807
2, 6184, 0, 9223372036854775807, 0, 9223372036762015807
2, 6185, 0, 9223372036854775807, 0, 9223372036762000807
2, 6186, 0, 9223372036854775807, 0, 9223372036761985807
2, 6187, 0, 9223372036854775807, 0, 9223372036761970807
2, 6188, 0, 9223372036854775807, 0, 9223372036761955807
2, 6189, 0, 9223372036854775807, 0, 9223372036761940807
2, 619, 0, 9223372036854775807, 0, 9223372036845490807
2, 6190, 0, 9223372036854775807, 0, 9223372036761925807
2, 6191, 0, 9223372036854775807, 0, 9223372036761910807
2, 6192, 0, 9223372036854775807, 0, 9223372036761895807
2, 6193, 0, 9223372036854775807, 0, 9223372036761880807
2, 6194, 0, 9223372036854775807, 0, 9223372036761865807
2, 6195, 0, 9223372036854775807, 0, 9223372036761850807
2, 6196, 0, 9223372036854775807, 0, 9223372036761835807
2, 6197, 0, 9223372036854775807, 0, 9223372036761820807
2, 6198, 0, 9223372036854775807, 0, 9223372036761805807
2, 6199, 0, 9223372036854775807, 0, 9223372036761790807
2, 62, 0, 9223372036854775807, 0, 9223372036853845807
2, 620, 0, 9223372036854775807, 0, 9223372036845475807
2, 6200, 0, 9223372036854775807, 0, 9223372036761775807
2, 6201, 0, 9223372036854775807, 0, 9223372036761760807
2, 6202, 0, 9223372036854775807, 0, 9223372036761745807
2, 6203, 0, 9223372036854775807, 0, 9223372036761730807
2, 6204, 0, 9223372036854775807, 0, 9223372036761715807
2, 6205, 0, 9223372036854775807, 0, 9223372036761700807
2, 6206, 0, 9223372036854775807, 0, 9223372036761685807
2, 6207, 0, 9223372036854775807, 0, 9223372036761670807
2, 6208, 0, 9223372036854775807, 0, 9223372036761655807
2, 6209, 0, 9223372036854775807, 0, 9223372036761640807
2, 621, 0, 9223372036854775807, 0, 9223372036845460807
2, 6210, 0, 9223372036854775807, 0, 9223372036761625807
2, 6211, 0, 9223372036854775807, 0, 9223372036761610807
2, 6212, 0, 9223372036854775807, 0, 9223372036761595807
2, 6213, 0, 9223372036854775807, 0, 9223372036761580807
2, 6214, 0, 9223372036854775807, 0, 9223372036761565807
2, 6215, 0, 9223372036854775807, 0, 9223372036761550807
2, 6216, 0, 9223372036854775807, 0, 9223372036761535807
2, 6217, 0, 9223372036854775807, 0, 9223372036761520807
2, 6218, 0, 9223372036854775807, 0, 9223372036761505807
2, 6219, 0, 9223372036854775807, 0, 9223372036761490807
2, 622, 0, 9223372036854775807, 0, 9223372036845445807
2, 6220, 0, 9223372036854775807, 0, 9223372036761475807
2, 6221, 0, 9223372036854775807, 0, 9223372036761460807
2, 6222, 0, 9223372036854775807, 0, 9223372036761445807
2, 6223, 0, 9223372036854775807, 0, 9223372036761430807
2, 6224, 0, 9223372036854775807, 0, 9223372036761415807
2, 6225, 0, 9223372036854775807, 0, 9223372036761400807
2, 6226, 0, 9223372036854775807, 0, 9223372036761385807
2, 6227, 0, 9223372036854775807, 0, 9223372036761370807
2, 6228, 0, 9223372036854775807, 0, 9223372036761355807
2, 6229, 0, 9223372036854775807, 0, 9223372036761340807
2, 623, 0, 9223372036854775807, 0, 9223372036845430807
2, 6230, 0, 9223372036854775807, 0, 9223372036761325807
2, 6231, 0, 9223372036854775807, 0, 9223372036761310807
2, 6232, 0, 9223372036854775807, 0, 9223372036761295807
2, 6233, 0, 9223372036854775807, 0, 9223372036761280807
2, 6234, 0, 9223372036854775807, 0, 9223372036761265807
2, 6235, 0, 9223372036854775807, 0, 9223372036761250807
2, 6236, 0, 9223372036854775807, 0, 9223372036761235807
2, 6237, 0, 9223372036854775807, 0, 9223372036761220807
2, 6238, 0, 9223372036854775807, 0, 9223372036761205807
2, 6239, 0, 9223372036854775807, 0, 9223372036761190807
2, 624, 0, 9223372036854775807, 0, 9223372036845415807
2, 6240, 0, 9223372036854775807, 0, 9223372036761175807
2, 6241, 0, 9223372036854775807, 0, 9223372036761160807
2, 6242, 0, 9223372036854775807, 0, 9223372036761145807
2, 6243, 0, 9223372036854775807, 0, 9223372036761130807
2, 6244, 0, 9223372036854775807, 0, 9223372036761115807
2, 6245, 0, 9223372036854775807, 0, 9223372036761100807
2, 6246, 0, 9223372036854775807, 0, 9223372036761085807
2, 6247, 0, 9223372036854775807, 0, 9223372036761070807
2, 6248, 0, 9223372036854775807, 0, 9223372036761055807
2, 6249, 0, 9223372036854775807, 0, 9223372036761040807
2, 625, 0, 9223372036854775807, 0, 9223372036845400807
2, 6250, 0, 9223372036854775807, 0, 9223372036761025807
2, 6251, 0, 9223372036854775807, 0, 9223372036761010807
2, 6252, 0, 9223372036854775807, 0, 9223372036760995807
2, 6253, 0, 9223372036854775807, 0, 9223372036760980807
2, 6254, 0, 9223372036854775807, 0, 9223372036760965807
2, 6255, 0, 9223372036854775807, 0, 9223372036760950807
2, 6256, 0, 9223372036854775807, 0, 9223372036760935807
2, 6257, 0, 9223372036854775807, 0, 9223372036760920807
2, 6258, 0, 9223372036854775807, 0, 9223372036760905807
2, 6259, 0, 9223372036854775807, 0, 9223372036760890807
2, 626, 0, 9223372036854775807, 0, 9223372036845385807
2, 6260, 0, 9223372036854775807, 0, 9223372036760875807
2, 6261, 0, 9223372036854775807, 0, 9223372036760860807
2, 6262, 0, 9223372036854775807, 0, 9223372036760845807
2, 6263, 0, 9223372036854775807, 0, 9223372036760830807
2, 6264, 0, 9223372036854775807, 0, 9223372036760815807
2, 6265, 0, 9223372036854775807, 0, 9223372036760800807
2, 6266, 0, 9223372036854775807, 0, 9223372036760785807
2, 6267, 0, 9223372036854775807, 0, 9223372036760770807
2, 6268, 0, 9223372036854775807, 0, 9223372036760755807
2, 6269, 0, 9223372036854775807, 0, 9223372036760740807
2, 627, 0, 9223372036854775807, 0, 9223372036845370807
2, 6270, 0, 9223372036854775807, 0, 9223372036760725807
2, 6271, 0, 9223372036854775807, 0, 9223372036760710807
2, 6272, 0, 9223372036854775807, 0, 9223372036760695807
2, 6273, 0, 9223372036854775807, 0, 9223372036760680807
2, 6274, 0, 9223372036854775807, 0, 9223372036760665807
2, 6275, 0, 9223372036854775807, 0, 9223372036760650807
2, 6276, 0, 9223372036854775807, 0, 9223372036760635807
2, 6277, 0, 9223372036854775807, 0, 9223372036760620807
2, 6278, 0, 9223372036854775807, 0, 9223372036760605807
2, 6279, 0, 9223372036854775807, 0, 9223372036760590807
2, 628, 0, 9223372036854775807, 0, 9223372036845355807
2, 6280, 0, 9223372036854775807, 0, 9223372036760575807
2, 6281, 0, 9223372036854775807, 0, 9223372036760560807
2, 6282, 0, 9223372036854775807, 0, 9223372036760545807
2, 6283, 0, 9223372036854775807, 0, 9223372036760530807
2, 6284, 0, 9223372036854775807, 0, 9223372036760515807
2, 6285, 0, 9223372036854775807, 0, 9223372036760500807
2, 6286, 0, 9223372036854775807, 0, 9223372036760485807
2, 6287, 0, 9223372036854775807, 0, 9223372036760470807
2, 6288, 0, 9223372036854775807, 0, 9223372036760455807
2, 6289, 0, 9223372036854775807, 0, 9223372036760440807
2, 629, 0, 9223372036854775807, 0, 9223372036845340807
2, 6290, 0, 9223372036854775807, 0, 9223372036760425807
2, 6291, 0, 9223372036854775807, 0, 9223372036760410807
2, 6292, 0, 9223372036854775807, 0, 9223372036760395807
2, 6293, 0, 9223372036854775807, 0, 9223372036760380807
2, 6294, 0, 9223372036854775807, 0, 9223372036760365807
2, 6295, 0, 9223372036854775807, 0, 9223372036760350807
2, 6296, 0, 9223372036854775807, 0, 9223372036760335807
2, 6297, 0, 9223372036854775807, 0, 9223372036760320807
2, 6298, 0, 9223372036854775807, 0, 9223372036760305807
2, 6299, 0, 9223372036854775807, 0, 9223372036760290807
2, 63, 0, 9223372036854775807, 0, 9223372036853830807
2, 630, 0, 9223372036854775807, 0, 9223372036845325807
2, 6300, 0, 9223372036854775807, 0, 9223372036760275807
2, 6301, 0, 9223372036854775807, 0, 9223372036760260807
2, 6302, 0, 9223372036854775807, 0, 9223372036760245807
2, 6303, 0, 9223372036854775807, 0, 9223372036760230807
2, 6304, 0, 9223372036854775807, 0, 9223372036760215807
2, 6305, 0, 9223372036854775807, 0, 9223372036760200807
2, 6306, 0, 9223372036854775807, 0, 9223372036760185807
2, 6307, 0, 9223372036854775807, 0, 9223372036760170807
2, 6308, 0, 9223372036854775807, 0, 9223372036760155807
2, 6309, 0, 9223372036854775807, 0, 9223372036760140807
2, 631, 0, 9223372036854775807, 0, 9223372036845310807
2, 6310, 0, 9223372036854775807, 0, 9223372036760125807
2, 6311, 0, 9223372036854775807, 0, 9223372036760110807
2, 6312, 0, 9223372036854775807, 0, 9223372036760095807
2, 6313, 0, 9223372036854775807, 0, 9223372036760080807
2, 6314, 0, 9223372036854775807, 0, 9223372036760065807
2, 6315, 0, 9223372036854775807, 0, 9223372036760050807
2, 6316, 0, 9223372036854775807, 0, 9223372036760035807
2, 6317, 0, 9223372036854775807, 0, 9223372036760020807
2, 6318, 0, 9223372036854775807, 0, 9223372036760005807
2, 6319, 0, 9223372036854775807, 0, 9223372036759990807
2, 632, 0, 9223372036854775807, 0, 9223372036845295807
2, 6320, 0, 9223372036854775807, 0, 9223372036759975807
2, 6321, 0, 9223372036854775807, 0, 9223372036759960807
2, 6322, 0, 9223372036854775807, 0, 9223372036759945807
2, 6323, 0, 9223372036854775807, 0, 9223372036759930807
2, 6324, 0, 9223372036854775807, 0, 9223372036759915807
2, 6325, 0, 9223372036854775807, 0, 9223372036759900807
2, 6326, 0, 9223372036854775807, 0, 9223372036759885807
2, 6327, 0, 9223372036854775807, 0, 9223372036759870807
2, 6328, 0, 9223372036854775807, 0, 9223372036759855807
2, 6329, 0, 9223372036854775807, 0, 9223372036759840807
2, 633, 0, 9223372036854775807, 0, 9223372036845280807
2, 6330, 0, 9223372036854775807, 0, 9223372036759825807
2, 6331, 0, 9223372036854775807, 0, 9223372036759810807
2, 6332, 0, 9223372036854775807, 0, 9223372036759795807
2, 6333, 0, 9223372036854775807, 0, 9223372036759780807
2, 6334, 0, 9223372036854775807, 0, 9223372036759765807
2, 6335, 0, 9223372036854775807, 0, 9223372036759750807
2, 6336, 0, 9223372036854775807, 0, 9223372036759735807
2, 6337, 0, 9223372036854775807, 0, 9223372036759720807
2, 6338, 0, 9223372036854775807, 0, 9223372036759705807
2, 6339, 0, 9223372036854775807, 0, 9223372036759690807
2, 634, 0, 9223372036854775807, 0, 9223372036845265807
2, 6340, 0, 9223372036854775807, 0, 9223372036759675807
2, 6341, 0, 9223372036854775807, 0, 9223372036759660807
2, 6342, 0, 9223372036854775807, 0, 9223372036759645807
2, 6343, 0, 9223372036854775807, 0, 9223372036759630807
2, 6344, 0, 9223372036854775807, 0, 9223372036759615807
2, 6345, 0, 9223372036854775807, 0, 9223372036759600807
2, 6346, 0, 9223372036854775807, 0, 9223372036759585807
2, 6347, 0, 9223372036854775807, 0, 9223372036759570807
2, 6348, 0, 9223372036854775807, 0, 9223372036759555807
2, 6349, 0, 9223372036854775807, 0, 9223372036759540807
2, 635, 0, 9223372036854775807, 0, 9223372036845250807
2, 6350, 0, 9223372036854775807, 0, 9223372036759525807
2, 6351, 0, 9223372036854775807, 0, 9223372036759510807
2, 6352, 0, 9223372036854775807, 0, 9223372036759495807
2, 6353, 0, 9223372036854775807, 0, 9223372036759480807
2, 6354, 0, 9223372036854775807, 0, 9223372036759465807
2, 6355, 0, 9223372036854775807, 0, 9223372036759450807
2, 6356, 0, 9223372036854775807, 0, 9223372036759435807
2, 6357, 0, 9223372036854775807, 0, 9223372036759420807
2, 6358, 0, 9223372036854775807, 0, 9223372036759405807
2, 6359, 0, 9223372036854775807, 0, 9223372036759390807
2, 636, 0, 9223372036854775807, 0, 9223372036845235807
2, 6360, 0, 9223372036854775807, 0, 9223372036759375807
2, 6361, 0, 9223372036854775807, 0, 9223372036759360807
2, 6362, 0, 9223372036854775807, 0, 9223372036759345807
2, 6363, 0, 9223372036854775807, 0, 9223372036759330807
2, 6364, 0, 9223372036854775807, 0, 9223372036759315807
2, 6365, 0, 9223372036854775807, 0, 9223372036759300807
2, 6366, 0, 9223372036854775807, 0, 9223372036759285807
2, 6367, 0, 9223372036854775807, 0, 9223372036759270807
2, 6368, 0, 9223372036854775807, 0, 9223372036759255807
2, 6369, 0, 9223372036854775807, 0, 9223372036759240807
2, 637, 0, 9223372036854775807, 0, 9223372036845220807
2, 6370, 0, 9223372036854775807, 0, 9223372036759225807
2, 6371, 0, 9223372036854775807, 0, 9223372036759210807
2, 6372, 0, 9223372036854775807, 0, 9223372036759195807
2, 6373, 0, 9223372036854775807, 0, 9223372036759180807
2, 6374, 0, 9223372036854775807, 0, 9223372036759165807
2, 6375, 0, 9223372036854775807, 0, 9223372036759150807
2, 6376, 0, 9223372036854775807, 0, 9223372036759135807
2, 6377, 0, 9223372036854775807, 0, 9223372036759120807
2, 6378, 0, 9223372036854775807, 0, 9223372036759105807
2, 6379, 0, 9223372036854775807, 0, 9223372036759090807
2, 638, 0, 9223372036854775807, 0, 9223372036845205807
2, 6380, 0, 9223372036854775807, 0, 9223372036759075807
2, 6381, 0, 9223372036854775807, 0, 9223372036759060807
2, 6382, 0, 9223372036854775807, 0, 9223372036759045807
2, 6383, 0, 9223372036854775807, 0, 9223372036759030807
2, 6384, 0, 9223372036854775807, 0, 9223372036759015807
2, 6385, 0, 9223372036854775807, 0, 9223372036759000807
2, 6386, 0, 9223372036854775807, 0, 9223372036758985807
2, 6387, 0, 9223372036854775807, 0, 9223372036758970807
2, 6388, 0, 9223372036854775807, 0, 9223372036758955807
2, 6389, 0, 9223372036854775807, 0, 9223372036758940807
2, 639, 0, 9223372036854775807, 0, 9223372036845190807
2, 6390, 0, 9223372036854775807, 0, 9223372036758925807
2, 6391, 0, 9223372036854775807, 0, 9223372036758910807
2, 6392, 0, 9223372036854775807, 0, 9223372036758895807
2, 6393, 0, 9223372036854775807, 0, 9223372036758880807
2, 6394, 0, 9223372036854775807, 0, 9223372036758865807
2, 6395, 0, 9223372036854775807, 0, 9223372036758850807
2, 6396, 0, 9223372036854775807, 0, 9223372036758835807
2, 6397, 0, 9223372036854775807, 0, 9223372036758820807
2, 6398, 0, 9223372036854775807, 0, 9223372036758805807
2, 6399, 0, 9223372036854775807, 0, 9223372036758790807
2, 64, 0, 9223372036854775807, 0, 9223372036853815807
2, 640, 0, 9223372036854775807, 0, 9223372036845175807
2, 6400, 0, 9223372036854775807, 0, 9223372036758775807
2, 6401, 0, 9223372036854775807, 0, 9223372036758760807
2, 6402, 0, 9223372036854775807, 0, 9223372036758745807
2, 6403, 0, 9223372036854775807, 0, 9223372036758730807
2, 6404, 0, 9223372036854775807, 0, 9223372036758715807
2, 6405, 0, 9223372036854775807, 0, 9223372036758700807
2, 6406, 0, 9223372036854775807, 0, 9223372036758685807
2, 6407, 0, 9223372036854775807, 0, 9223372036758670807
2, 6408, 0, 9223372036854775807, 0, 9223372036758655807
2, 6409, 0, 9223372036854775807, 0, 9223372036758640807
2, 641, 0, 9223372036854775807, 0, 9223372036845160807
2, 6410, 0, 9223372036854775807, 0, 9223372036758625807
2, 6411, 0, 9223372036854775807, 0, 9223372036758610807
2, 6412, 0, 9223372036854775807, 0, 9223372036758595807
2, 6413, 0, 9223372036854775807, 0, 9223372036758580807
2, 6414, 0, 9223372036854775807, 0, 9223372036758565807
2, 6415, 0, 9223372036854775807, 0, 9223372036758550807
2, 6416, 0, 9223372036854775807, 0, 9223372036758535807
2, 6417, 0, 9223372036854775807, 0, 9223372036758520807
2, 6418, 0, 9223372036854775807, 0, 9223372036758505807
2, 6419, 0, 9223372036854775807, 0, 9223372036758490807
2, 642, 0, 9223372036854775807, 0, 9223372036845145807
2, 6420, 0, 9223372036854775807, 0, 9223372036758475807
2, 6421, 0, 9223372036854775807, 0, 9223372036758460807
2, 6422, 0, 9223372036854775807, 0, 9223372036758445807
2, 6423, 0, 9223372036854775807, 0, 9223372036758430807
2, 6424, 0, 9223372036854775807, 0, 9223372036758415807
2, 6425, 0, 9223372036854775807, 0, 9223372036758400807
2, 6426, 0, 9223372036854775807, 0, 9223372036758385807
2, 6427, 0, 9223372036854775807, 0, 9223372036758370807
2, 6428, 0, 9223372036854775807, 0, 9223372036758355807
2, 6429, 0, 9223372036854775807, 0, 9223372036758340807
2, 643, 0, 9223372036854775807, 0, 9223372036845130807
2, 6430, 0, 9223372036854775807, 0, 9223372036758325807
2, 6431, 0, 9223372036854775807, 0, 9223372036758310807
2, 6432, 0, 9223372036854775807, 0, 9223372036758295807
2, 6433, 0, 9223372036854775807, 0, 9223372036758280807
2, 6434, 0, 9223372036854775807, 0, 9223372036758265807
2, 6435, 0, 9223372036854775807, 0, 9223372036758250807
2, 6436, 0, 9223372036854775807, 0, 9223372036758235807
2, 6437, 0, 9223372036854775807, 0, 9223372036758220807
2, 6438, 0, 9223372036854775807, 0, 9223372036758205807
2, 6439, 0, 9223372036854775807, 0, 9223372036758190807
2, 644, 0, 9223372036854775807, 0, 9223372036845115807
2, 6440, 0, 9223372036854775807, 0, 9223372036758175807
2, 6441, 0, 9223372036854775807, 0, 9223372036758160807
2, 6442, 0, 9223372036854775807, 0, 9223372036758145807
2, 6443, 0, 9223372036854775807, 0, 9223372036758130807
2, 6444, 0, 9223372036854775807, 0, 9223372036758115807
2, 6445, 0, 9223372036854775807, 0, 9223372036758100807
2, 6446, 0, 9223372036854775807, 0, 9223372036758085807
2, 6447, 0, 9223372036854775807, 0, 9223372036758070807
2, 6448, 0, 9223372036854775807, 0, 9223372036758055807
2, 6449, 0, 9223372036854775807, 0, 9223372036758040807
2, 645, 0, 9223372036854775807, 0, 9223372036845100807
2, 6450, 0, 9223372036854775807, 0, 9223372036758025807
2, 6451, 0, 9223372036854775807, 0, 9223372036758010807
2, 6452, 0, 9223372036854775807, 0, 9223372036757995807
2, 6453, 0, 9223372036854775807, 0, 9223372036757980807
2, 6454, 0, 9223372036854775807, 0, 9223372036757965807
2, 6455, 0, 9223372036854775807, 0, 9223372036757950807
2, 6456, 0, 9223372036854775807, 0, 9223372036757935807
2, 6457, 0, 9223372036854775807, 0, 9223372036757920807
2, 6458, 0, 9223372036854775807, 0, 9223372036757905807
2, 6459, 0, 9223372036854775807, 0, 9223372036757890807
2, 646, 0, 9223372036854775807, 0, 9223372036845085807
2, 6460, 0, 9223372036854775807, 0, 9223372036757875807
2, 6461, 0, 9223372036854775807, 0, 9223372036757860807
2, 6462, 0, 9223372036854775807, 0, 9223372036757845807
2, 6463, 0, 9223372036854775807, 0, 9223372036757830807
2, 6464, 0, 9223372036854775807, 0, 9223372036757815807
2, 6465, 0, 9223372036854775807, 0, 9223372036757800807
2, 6466, 0, 9223372036854775807, 0, 9223372036757785807
2, 6467, 0, 9223372036854775807, 0, 9223372036757770807
2, 6468, 0, 9223372036854775807, 0, 9223372036757755807
2, 6469, 0, 9223372036854775807, 0, 9223372036757740807
2, 647, 0, 9223372036854775807, 0, 9223372036845070807
2, 6470, 0, 9223372036854775807, 0, 9223372036757725807
2, 6471, 0, 9223372036854775807, 0, 9223372036757710807
2, 6472, 0, 9223372036854775807, 0, 9223372036757695807
2, 6473, 0, 9223372036854775807, 0, 9223372036757680807
2, 6474, 0, 9223372036854775807, 0, 9223372036757665807
2, 6475, 0, 9223372036854775807, 0, 9223372036757650807
2, 6476, 0, 9223372036854775807, 0, 9223372036757635807
2, 6477, 0, 9223372036854775807, 0, 9223372036757620807
2, 6478, 0, 9223372036854775807, 0, 9223372036757605807
2, 6479, 0, 9223372036854775807, 0, 9223372036757590807
2, 648, 0, 9223372036854775807, 0, 9223372036845055807
2, 6480, 0, 9223372036854775807, 0, 9223372036757575807
2, 6481, 0, 9223372036854775807, 0, 9223372036757560807
2, 6482, 0, 9223372036854775807, 0, 9223372036757545807
2, 6483, 0, 9223372036854775807, 0, 9223372036757530807
2, 6484, 0, 9223372036854775807, 0, 9223372036757515807
2, 6485, 0, 9223372036854775807, 0, 9223372036757500807
2, 6486, 0, 9223372036854775807, 0, 9223372036757485807
2, 6487, 0, 9223372036854775807, 0, 9223372036757470807
2, 6488, 0, 9223372036854775807, 0, 9223372036757455807
2, 6489, 0, 9223372036854775807, 0, 9223372036757440807
2, 649, 0, 9223372036854775807, 0, 9223372036845040807
2, 6490, 0, 9223372036854775807, 0, 9223372036757425807
2, 6491, 0, 9223372036854775807, 0, 9223372036757410807
2, 6492, 0, 9223372036854775807, 0, 9223372036757395807
2, 6493, 0, 9223372036854775807, 0, 9223372036757380807
2, 6494, 0, 9223372036854775807, 0, 9223372036757365807
2, 6495, 0, 9223372036854775807, 0, 9223372036757350807
2, 6496, 0, 9223372036854775807, 0, 9223372036757335807
2, 6497, 0, 9223372036854775807, 0, 9223372036757320807
2, 6498, 0, 9223372036854775807, 0, 9223372036757305807
2, 6499, 0, 9223372036854775807, 0, 9223372036757290807
2, 65, 0, 9223372036854775807, 0, 9223372036853800807
2, 650, 0, 9223372036854775807, 0, 9223372036845025807
2, 6500, 0, 9223372036854775807, 0, 9223372036757275807
2, 6501, 0, 9223372036854775807, 0, 9223372036757260807
2, 6502, 0, 9223372036854775807, 0, 9223372036757245807
2, 6503, 0, 9223372036854775807, 0, 9223372036757230807
2, 6504, 0, 9223372036854775807, 0, 9223372036757215807
2, 6505, 0, 9223372036854775807, 0, 9223372036757200807
2, 6506, 0, 9223372036854775807, 0, 9223372036757185807
2, 6507, 0, 9223372036854775807, 0, 9223372036757170807
2, 6508, 0, 9223372036854775807, 0, 9223372036757155807
2, 6509, 0, 9223372036854775807, 0, 9223372036757140807
2, 651, 0, 9223372036854775807, 0, 9223372036845010807
2, 6510, 0, 9223372036854775807, 0, 9223372036757125807
2, 6511, 0, 9223372036854775807, 0, 9223372036757110807
2, 6512, 0, 9223372036854775807, 0, 9223372036757095807
2, 6513, 0, 9223372036854775807, 0, 9223372036757080807
2, 6514, 0, 9223372036854775807, 0, 9223372036757065807
2, 6515, 0, 9223372036854775807, 0, 9223372036757050807
2, 6516, 0, 9223372036854775807, 0, 9223372036757035807
2, 6517, 0, 9223372036854775807, 0, 9223372036757020807
2, 6518, 0, 9223372036854775807, 0, 9223372036757005807
2, 6519, 0, 9223372036854775807, 0, 9223372036756990807
2, 652, 0, 9223372036854775807, 0, 9223372036844995807
2, 6520, 0, 9223372036854775807, 0, 9223372036756975807
2, 6521, 0, 9223372036854775807, 0, 9223372036756960807
2, 6522, 0, 9223372036854775807, 0, 9223372036756945807
2, 6523, 0, 9223372036854775807, 0, 9223372036756930807
2, 6524, 0, 9223372036854775807, 0, 9223372036756915807
2, 6525, 0, 9223372036854775807, 0, 9223372036756900807
2, 6526, 0, 9223372036854775807, 0, 9223372036756885807
2, 6527, 0, 9223372036854775807, 0, 9223372036756870807
2, 6528, 0, 9223372036854775807, 0, 9223372036756855807
2, 6529, 0, 9223372036854775807, 0, 9223372036756840807
2, 653, 0, 9223372036854775807, 0, 9223372036844980807
2, 6530, 0, 9223372036854775807, 0, 9223372036756825807
2, 6531, 0, 9223372036854775807, 0, 9223372036756810807
2, 6532, 0, 9223372036854775807, 0, 9223372036756795807
2, 6533, 0, 9223372036854775807, 0, 9223372036756780807
2, 6534, 0, 9223372036854775807, 0, 9223372036756765807
2, 6535, 0, 9223372036854775807, 0, 9223372036756750807
2, 6536, 0, 9223372036854775807, 0, 9223372036756735807
2, 6537, 0, 9223372036854775807, 0, 9223372036756720807
2, 6538, 0, 9223372036854775807, 0, 9223372036756705807
2, 6539, 0, 9223372036854775807, 0, 9223372036756690807
2, 654, 0, 9223372036854775807, 0, 9223372036844965807
2, 6540, 0, 9223372036854775807, 0, 9223372036756675807
2, 6541, 0, 9223372036854775807, 0, 9223372036756660807
2, 6542, 0, 9223372036854775807, 0, 9223372036756645807
2, 6543, 0, 9223372036854775807, 0, 9223372036756630807
2, 6544, 0, 9223372036854775807, 0, 9223372036756615807
2, 6545, 0, 9223372036854775807, 0, 9223372036756600807
2, 6546, 0, 9223372036854775807, 0, 9223372036756585807
2, 6547, 0, 9223372036854775807, 0, 9223372036756570807
2, 6548, 0, 9223372036854775807, 0, 9223372036756555807
2, 6549, 0, 9223372036854775807, 0, 9223372036756540807
2, 655, 0, 9223372036854775807, 0, 9223372036844950807
2, 6550, 0, 9223372036854775807, 0, 9223372036756525807
2, 6551, 0, 9223372036854775807, 0, 9223372036756510807
2, 6552, 0, 9223372036854775807, 0, 9223372036756495807
2, 6553, 0, 9223372036854775807, 0, 9223372036756480807
2, 6554, 0, 9223372036854775807, 0, 9223372036756465807
2, 6555, 0, 9223372036854775807, 0, 9223372036756450807
2, 6556, 0, 9223372036854775807, 0, 9223372036756435807
2, 6557, 0, 9223372036854775807, 0, 9223372036756420807
2, 6558, 0, 9223372036854775807, 0, 9223372036756405807
2, 6559, 0, 9223372036854775807, 0, 9223372036756390807
2, 656, 0, 9223372036854775807, 0, 9223372036844935807
2, 6560, 0, 9223372036854775807, 0, 9223372036756375807
2, 6561, 0, 9223372036854775807, 0, 9223372036756360807
2, 6562, 0, 9223372036854775807, 0, 9223372036756345807
2, 6563, 0, 9223372036854775807, 0, 9223372036756330807
2, 6564, 0, 9223372036854775807, 0, 9223372036756315807
2, 6565, 0, 9223372036854775807, 0, 9223372036756300807
2, 6566, 0, 9223372036854775807, 0, 9223372036756285807
2, 6567, 0, 9223372036854775807, 0, 9223372036756270807
2, 6568, 0, 9223372036854775807, 0, 9223372036756255807
2, 6569, 0, 9223372036854775807, 0, 9223372036756240807
2, 657, 0, 9223372036854775807, 0, 9223372036844920807
2, 6570, 0, 9223372036854775807, 0, 9223372036756225807
2, 6571, 0, 9223372036854775807, 0, 9223372036756210807
2, 6572, 0, 9223372036854775807, 0, 9223372036756195807
2, 6573, 0, 9223372036854775807, 0, 9223372036756180807
2, 6574, 0, 9223372036854775807, 0, 9223372036756165807
2, 6575, 0, 9223372036854775807, 0, 9223372036756150807
2, 6576, 0, 9223372036854775807, 0, 9223372036756135807
2, 6577, 0, 9223372036854775807, 0, 9223372036756120807
2, 6578, 0, 9223372036854775807, 0, 9223372036756105807
2, 6579, 0, 9223372036854775807, 0, 9223372036756090807
2, 658, 0, 9223372036854775807, 0, 9223372036844905807
2, 6580, 0, 9223372036854775807, 0, 9223372036756075807
2, 6581, 0, 9223372036854775807, 0, 9223372036756060807
2, 6582, 0, 9223372036854775807, 0, 9223372036756045807
2, 6583, 0, 9223372036854775807, 0, 9223372036756030807
2, 6584, 0, 9223372036854775807, 0, 9223372036756015807
2, 6585, 0, 9223372036854775807, 0, 9223372036756000807
2, 6586, 0, 9223372036854775807, 0, 9223372036755985807
2, 6587, 0, 9223372036854775807, 0, 9223372036755970807
2, 6588, 0, 9223372036854775807, 0, 9223372036755955807
2, 6589, 0, 9223372036854775807, 0, 9223372036755940807
2, 659, 0, 9223372036854775807, 0, 9223372036844890807
2, 6590, 0, 9223372036854775807, 0, 9223372036755925807
2, 6591, 0, 9223372036854775807, 0, 9223372036755910807
2, 6592, 0, 9223372036854775807, 0, 9223372036755895807
2, 6593, 0, 9223372036854775807, 0, 9223372036755880807
2, 6594, 0, 9223372036854775807, 0, 9223372036755865807
2, 6595, 0, 9223372036854775807, 0, 9223372036755850807
2, 6596, 0, 9223372036854775807, 0, 9223372036755835807
2, 6597, 0, 9223372036854775807, 0, 9223372036755820807
2, 6598, 0, 9223372036854775807, 0, 9223372036755805807
2, 6599, 0, 9223372036854775807, 0, 9223372036755790807
2, 66, 0, 9223372036854775807, 0, 9223372036853785807
2, 660, 0, 9223372036854775807, 0, 9223372036844875807
2, 6600, 0, 9223372036854775807, 0, 9223372036755775807
2, 6601, 0, 9223372036854775807, 0, 9223372036755760807
2, 6602, 0, 9223372036854775807, 0, 9223372036755745807
2, 6603, 0, 9223372036854775807, 0, 9223372036755730807
2, 6604, 0, 9223372036854775807, 0, 9223372036755715807
2, 6605, 0, 9223372036854775807, 0, 9223372036755700807
2, 6606, 0, 9223372036854775807, 0, 9223372036755685807
2, 6607, 0, 9223372036854775807, 0, 9223372036755670807
2, 6608, 0, 9223372036854775807, 0, 9223372036755655807
2, 6609, 0, 9223372036854775807, 0, 9223372036755640807
2, 661, 0, 9223372036854775807, 0, 9223372036844860807
2, 6610, 0, 9223372036854775807, 0, 9223372036755625807
2, 6611, 0, 9223372036854775807, 0, 9223372036755610807
2, 6612, 0, 9223372036854775807, 0, 9223372036755595807
2, 6613, 0, 9223372036854775807, 0, 9223372036755580807
2, 6614, 0, 9223372036854775807, 0, 9223372036755565807
2, 6615, 0, 9223372036854775807, 0, 9223372036755550807
2, 6616, 0, 9223372036854775807, 0, 9223372036755535807
2, 6617, 0, 9223372036854775807, 0, 9223372036755520807
2, 6618, 0, 9223372036854775807, 0, 9223372036755505807
2, 6619, 0, 9223372036854775807, 0, 9223372036755490807
2, 662, 0, 9223372036854775807, 0, 9223372036844845807
2, 6620, 0, 9223372036854775807, 0, 9223372036755475807
2, 6621, 0, 9223372036854775807, 0, 9223372036755460807
2, 6622, 0, 9223372036854775807, 0, 9223372036755445807
2, 6623, 0, 9223372036854775807, 0, 9223372036755430807
2, 6624, 0, 9223372036854775807, 0, 9223372036755415807
2, 6625, 0, 9223372036854775807, 0, 9223372036755400807
2, 6626, 0, 9223372036854775807, 0, 9223372036755385807
2, 6627, 0, 9223372036854775807, 0, 9223372036755370807
2, 6628, 0, 9223372036854775807, 0, 9223372036755355807
2, 6629, 0, 9223372036854775807, 0, 9223372036755340807
2, 663, 0, 9223372036854775807, 0, 9223372036844830807
2, 6630, 0, 9223372036854775807, 0, 9223372036755325807
2, 6631, 0, 9223372036854775807, 0, 9223372036755310807
2, 6632, 0, 9223372036854775807, 0, 9223372036755295807
2, 6633, 0, 9223372036854775807, 0, 9223372036755280807
2, 6634, 0, 9223372036854775807, 0, 9223372036755265807
2, 6635, 0, 9223372036854775807, 0, 9223372036755250807
2, 6636, 0, 9223372036854775807, 0, 9223372036755235807
2, 6637, 0, 9223372036854775807, 0, 9223372036755220807
2, 6638, 0, 9223372036854775807, 0, 9223372036755205807
2, 6639, 0, 9223372036854775807, 0, 9223372036755190807
2, 664, 0, 9223372036854775807, 0, 9223372036844815807
2, 6640, 0, 9223372036854775807, 0, 9223372036755175807
2, 6641, 0, 9223372036854775807, 0, 9223372036755160807
2, 6642, 0, 9223372036854775807, 0, 9223372036755145807
2, 6643, 0, 9223372036854775807, 0, 9223372036755130807
2, 6644, 0, 9223372036854775807, 0, 9223372036755115807
2, 6645, 0, 9223372036854775807, 0, 9223372036755100807
2, 6646, 0, 9223372036854775807, 0, 9223372036755085807
2, 6647, 0, 9223372036854775807, 0, 9223372036755070807
2, 6648, 0, 9223372036854775807, 0, 9223372036755055807
2, 6649, 0, 9223372036854775807, 0, 9223372036755040807
2, 665, 0, 9223372036854775807, 0, 9223372036844800807
2, 6650, 0, 9223372036854775807, 0, 9223372036755025807
2, 6651, 0, 9223372036854775807, 0, 9223372036755010807
2, 6652, 0, 9223372036854775807, 0, 9223372036754995807
2, 6653, 0, 9223372036854775807, 0, 9223372036754980807
2, 6654, 0, 9223372036854775807, 0, 9223372036754965807
2, 6655, 0, 9223372036854775807, 0, 9223372036754950807
2, 6656, 0, 9223372036854775807, 0, 9223372036754935807
2, 6657, 0, 9223372036854775807, 0, 9223372036754920807
2, 6658, 0, 9223372036854775807, 0, 9223372036754905807
2, 6659, 0, 9223372036854775807, 0, 9223372036754890807
2, 666, 0, 9223372036854775807, 0, 9223372036844785807
2, 6660, 0, 9223372036854775807, 0, 9223372036754875807
2, 6661, 0, 9223372036854775807, 0, 9223372036754860807
2, 6662, 0, 9223372036854775807, 0, 9223372036754845807
2, 6663, 0, 9223372036854775807, 0, 9223372036754830807
2, 6664, 0, 9223372036854775807, 0, 9223372036754815807
2, 6665, 0, 9223372036854775807, 0, 9223372036754800807
2, 6666, 0, 9223372036854775807, 0, 9223372036754785807
2, 6667, 0, 9223372036854775807, 0, 9223372036754770807
2, 6668, 0, 9223372036854775807, 0, 9223372036754755807
2, 6669, 0, 9223372036854775807, 0, 9223372036754740807
2, 667, 0, 9223372036854775807, 0, 9223372036844770807
2, 6670, 0, 9223372036854775807, 0, 9223372036754725807
2, 6671, 0, 9223372036854775807, 0, 9223372036754710807
2, 6672, 0, 9223372036854775807, 0, 9223372036754695807
2, 6673, 0, 9223372036854775807, 0, 9223372036754680807
2, 6674, 0, 9223372036854775807, 0, 9223372036754665807
2, 6675, 0, 9223372036854775807, 0, 9223372036754650807
2, 6676, 0, 9223372036854775807, 0, 9223372036754635807
2, 6677, 0, 9223372036854775807, 0, 9223372036754620807
2, 6678, 0, 9223372036854775807, 0, 9223372036754605807
2, 6679, 0, 9223372036854775807, 0, 9223372036754590807
2, 668, 0, 9223372036854775807, 0, 9223372036844755807
2, 6680, 0, 9223372036854775807, 0, 9223372036754575807
2, 6681, 0, 9223372036854775807, 0, 9223372036754560807
2, 6682, 0, 9223372036854775807, 0, 9223372036754545807
2, 6683, 0, 9223372036854775807, 0, 9223372036754530807
2, 6684, 0, 9223372036854775807, 0, 9223372036754515807
2, 6685, 0, 9223372036854775807, 0, 9223372036754500807
2, 6686, 0, 9223372036854775807, 0, 9223372036754485807
2, 6687, 0, 9223372036854775807, 0, 9223372036754470807
2, 6688, 0, 9223372036854775807, 0, 9223372036754455807
2, 6689, 0, 9223372036854775807, 0, 9223372036754440807
2, 669, 0, 9223372036854775807, 0, 9223372036844740807
2, 6690, 0, 9223372036854775807, 0, 9223372036754425807
2, 6691, 0, 9223372036854775807, 0, 9223372036754410807
2, 6692, 0, 9223372036854775807, 0, 9223372036754395807
2, 6693, 0, 9223372036854775807, 0, 9223372036754380807
2, 6694, 0, 9223372036854775807, 0, 9223372036754365807
2, 6695, 0, 9223372036854775807, 0, 9223372036754350807
2, 6696, 0, 9223372036854775807, 0, 9223372036754335807
2, 6697, 0, 9223372036854775807, 0, 9223372036754320807
2, 6698, 0, 9223372036854775807, 0, 9223372036754305807
2, 6699, 0, 9223372036854775807, 0, 9223372036754290807
2, 67, 0, 9223372036854775807, 0, 9223372036853770807
2, 670, 0, 9223372036854775807, 0, 9223372036844725807
2, 6700, 0, 9223372036854775807, 0, 9223372036754275807
2, 6701, 0, 9223372036854775807, 0, 9223372036754260807
2, 6702, 0, 9223372036854775807, 0, 9223372036754245807
2, 6703, 0, 9223372036854775807, 0, 9223372036754230807
2, 6704, 0, 9223372036854775807, 0, 9223372036754215807
2, 6705, 0, 9223372036854775807, 0, 9223372036754200807
2, 6706, 0, 9223372036854775807, 0, 9223372036754185807
2, 6707, 0, 9223372036854775807, 0, 9223372036754170807
2, 6708, 0, 9223372036854775807, 0, 9223372036754155807
2, 6709, 0, 9223372036854775807, 0, 9223372036754140807
2, 671, 0, 9223372036854775807, 0, 9223372036844710807
2, 6710, 0, 9223372036854775807, 0, 9223372036754125807
2, 6711, 0, 9223372036854775807, 0, 9223372036754110807
2, 6712, 0, 9223372036854775807, 0, 9223372036754095807
2, 6713, 0, 9223372036854775807, 0, 9223372036754080807
2, 6714, 0, 9223372036854775807, 0, 9223372036754065807
2, 6715, 0, 9223372036854775807, 0, 9223372036754050807
2, 6716, 0, 9223372036854775807, 0, 9223372036754035807
2, 6717, 0, 9223372036854775807, 0, 9223372036754020807
2, 6718, 0, 9223372036854775807, 0, 9223372036754005807
2, 6719, 0, 9223372036854775807, 0, 9223372036753990807
2, 672, 0, 9223372036854775807, 0, 9223372036844695807
2, 6720, 0, 9223372036854775807, 0, 9223372036753975807
2, 6721, 0, 9223372036854775807, 0, 9223372036753960807
2, 6722, 0, 9223372036854775807, 0, 9223372036753945807
2, 6723, 0, 9223372036854775807, 0, 9223372036753930807
2, 6724, 0, 9223372036854775807, 0, 9223372036753915807
2, 6725, 0, 9223372036854775807, 0, 9223372036753900807
2, 6726, 0, 9223372036854775807, 0, 9223372036753885807
2, 6727, 0, 9223372036854775807, 0, 9223372036753870807
2, 6728, 0, 9223372036854775807, 0, 9223372036753855807
2, 6729, 0, 9223372036854775807, 0, 9223372036753840807
2, 673, 0, 9223372036854775807, 0, 9223372036844680807
2, 6730, 0, 9223372036854775807, 0, 9223372036753825807
2, 6731, 0, 9223372036854775807, 0, 9223372036753810807
2, 6732, 0, 9223372036854775807, 0, 9223372036753795807
2, 6733, 0, 9223372036854775807, 0, 9223372036753780807
2, 6734, 0, 9223372036854775807, 0, 9223372036753765807
2, 6735, 0, 9223372036854775807, 0, 9223372036753750807
2, 6736, 0, 9223372036854775807, 0, 9223372036753735807
2, 6737, 0, 9223372036854775807, 0, 9223372036753720807
2, 6738, 0, 9223372036854775807, 0, 9223372036753705807
2, 6739, 0, 9223372036854775807, 0, 9223372036753690807
2, 674, 0, 9223372036854775807, 0, 9223372036844665807
2, 6740, 0, 9223372036854775807, 0, 9223372036753675807
2, 6741, 0, 9223372036854775807, 0, 9223372036753660807
2, 6742, 0, 9223372036854775807, 0, 9223372036753645807
2, 6743, 0, 9223372036854775807, 0, 9223372036753630807
2, 6744, 0, 9223372036854775807, 0, 9223372036753615807
2, 6745, 0, 9223372036854775807, 0, 9223372036753600807
2, 6746, 0, 9223372036854775807, 0, 9223372036753585807
2, 6747, 0, 9223372036854775807, 0, 9223372036753570807
2, 6748, 0, 9223372036854775807, 0, 9223372036753555807
2, 6749, 0, 9223372036854775807, 0, 9223372036753540807
2, 675, 0, 9223372036854775807, 0, 9223372036844650807
2, 6750, 0, 9223372036854775807, 0, 9223372036753525807
2, 6751, 0, 9223372036854775807, 0, 9223372036753510807
2, 6752, 0, 9223372036854775807, 0, 9223372036753495807
2, 6753, 0, 9223372036854775807, 0, 9223372036753480807
2, 6754, 0, 9223372036854775807, 0, 9223372036753465807
2, 6755, 0, 9223372036854775807, 0, 9223372036753450807
2, 6756, 0, 9223372036854775807, 0, 9223372036753435807
2, 6757, 0, 9223372036854775807, 0, 9223372036753420807
2, 6758, 0, 9223372036854775807, 0, 9223372036753405807
2, 6759, 0, 9223372036854775807, 0, 9223372036753390807
2, 676, 0, 9223372036854775807, 0, 9223372036844635807
2, 6760, 0, 9223372036854775807, 0, 9223372036753375807
2, 6761, 0, 9223372036854775807, 0, 9223372036753360807
2, 6762, 0, 9223372036854775807, 0, 9223372036753345807
2, 6763, 0, 9223372036854775807, 0, 9223372036753330807
2, 6764, 0, 9223372036854775807, 0, 9223372036753315807
2, 6765, 0, 9223372036854775807, 0, 9223372036753300807
2, 6766, 0, 9223372036854775807, 0, 9223372036753285807
2, 6767, 0, 9223372036854775807, 0, 9223372036753270807
2, 6768, 0, 9223372036854775807, 0, 9223372036753255807
2, 6769, 0, 9223372036854775807, 0, 9223372036753240807
2, 677, 0, 9223372036854775807, 0, 9223372036844620807
2, 6770, 0, 9223372036854775807, 0, 9223372036753225807
2, 6771, 0, 9223372036854775807, 0, 9223372036753210807
2, 6772, 0, 9223372036854775807, 0, 9223372036753195807
2, 6773, 0, 9223372036854775807, 0, 9223372036753180807
2, 6774, 0, 9223372036854775807, 0, 9223372036753165807
2, 6775, 0, 9223372036854775807, 0, 9223372036753150807
2, 6776, 0, 9223372036854775807, 0, 9223372036753135807
2, 6777, 0, 9223372036854775807, 0, 9223372036753120807
2, 6778, 0, 9223372036854775807, 0, 9223372036753105807
2, 6779, 0, 9223372036854775807, 0, 9223372036753090807
2, 678, 0, 9223372036854775807, 0, 9223372036844605807
2, 6780, 0, 9223372036854775807, 0, 9223372036753075807
2, 6781, 0, 9223372036854775807, 0, 9223372036753060807
2, 6782, 0, 9223372036854775807, 0, 9223372036753045807
2, 6783, 0, 9223372036854775807, 0, 9223372036753030807
2, 6784, 0, 9223372036854775807, 0, 9223372036753015807
2, 6785, 0, 9223372036854775807, 0, 9223372036753000807
2, 6786, 0, 9223372036854775807, 0, 9223372036752985807
2, 6787, 0, 9223372036854775807, 0, 9223372036752970807
2, 6788, 0, 9223372036854775807, 0, 9223372036752955807
2, 6789, 0, 9223372036854775807, 0, 9223372036752940807
2, 679, 0, 9223372036854775807, 0, 9223372036844590807
2, 6790, 0, 9223372036854775807, 0, 9223372036752925807
2, 6791, 0, 9223372036854775807, 0, 9223372036752910807
2, 6792, 0, 9223372036854775807, 0, 9223372036752895807
2, 6793, 0, 9223372036854775807, 0, 9223372036752880807
2, 6794, 0, 9223372036854775807, 0, 9223372036752865807
2, 6795, 0, 9223372036854775807, 0, 9223372036752850807
2, 6796, 0, 9223372036854775807, 0, 9223372036752835807
2, 6797, 0, 9223372036854775807, 0, 9223372036752820807
2, 6798, 0, 9223372036854775807, 0, 9223372036752805807
2, 6799, 0, 9223372036854775807, 0, 9223372036752790807
2, 68, 0, 9223372036854775807, 0, 9223372036853755807
2, 680, 0, 9223372036854775807, 0, 9223372036844575807
2, 6800, 0, 9223372036854775807, 0, 9223372036752775807
2, 6801, 0, 9223372036854775807, 0, 9223372036752760807
2, 6802, 0, 9223372036854775807, 0, 9223372036752745807
2, 6803, 0, 9223372036854775807, 0, 9223372036752730807
2, 6804, 0, 9223372036854775807, 0, 9223372036752715807
2, 6805, 0, 9223372036854775807, 0, 9223372036752700807
2, 6806, 0, 9223372036854775807, 0, 9223372036752685807
2, 6807, 0, 9223372036854775807, 0, 9223372036752670807
2, 6808, 0, 9223372036854775807, 0, 9223372036752655807
2, 6809, 0, 9223372036854775807, 0, 9223372036752640807
2, 681, 0, 9223372036854775807, 0, 9223372036844560807
2, 6810, 0, 9223372036854775807, 0, 9223372036752625807
2, 6811, 0, 9223372036854775807, 0, 9223372036752610807
2, 6812, 0, 9223372036854775807, 0, 9223372036752595807
2, 6813, 0, 9223372036854775807, 0, 9223372036752580807
2, 6814, 0, 9223372036854775807, 0, 9223372036752565807
2, 6815, 0, 9223372036854775807, 0, 9223372036752550807
2, 6816, 0, 9223372036854775807, 0, 9223372036752535807
2, 6817, 0, 9223372036854775807, 0, 9223372036752520807
2, 6818, 0, 9223372036854775807, 0, 9223372036752505807
2, 6819, 0, 9223372036854775807, 0, 9223372036752490807
2, 682, 0, 9223372036854775807, 0, 9223372036844545807
2, 6820, 0, 9223372036854775807, 0, 9223372036752475807
2, 6821, 0, 9223372036854775807, 0, 9223372036752460807
2, 6822, 0, 9223372036854775807, 0, 9223372036752445807
2, 6823, 0, 9223372036854775807, 0, 9223372036752430807
2, 6824, 0, 9223372036854775807, 0, 9223372036752415807
2, 6825, 0, 9223372036854775807, 0, 9223372036752400807
2, 6826, 0, 9223372036854775807, 0, 9223372036752385807
2, 6827, 0, 9223372036854775807, 0, 9223372036752370807
2, 6828, 0, 9223372036854775807, 0, 9223372036752355807
2, 6829, 0, 9223372036854775807, 0, 9223372036752340807
2, 683, 0, 9223372036854775807, 0, 9223372036844530807
2, 6830, 0, 9223372036854775807, 0, 9223372036752325807
2, 6831, 0, 9223372036854775807, 0, 9223372036752310807
2, 6832, 0, 9223372036854775807, 0, 9223372036752295807
2, 6833, 0, 9223372036854775807, 0, 9223372036752280807
2, 6834, 0, 9223372036854775807, 0, 9223372036752265807
2, 6835, 0, 9223372036854775807, 0, 9223372036752250807
2, 6836, 0, 9223372036854775807, 0, 9223372036752235807
2, 6837, 0, 9223372036854775807, 0, 9223372036752220807
2, 6838, 0, 9223372036854775807, 0, 9223372036752205807
2, 6839, 0, 9223372036854775807, 0, 9223372036752190807
2, 684, 0, 9223372036854775807, 0, 9223372036844515807
2, 6840, 0, 9223372036854775807, 0, 9223372036752175807
2, 6841, 0, 9223372036854775807, 0, 9223372036752160807
2, 6842, 0, 9223372036854775807, 0, 9223372036752145807
2, 6843, 0, 9223372036854775807, 0, 9223372036752130807
2, 6844, 0, 9223372036854775807, 0, 9223372036752115807
2, 6845, 0, 9223372036854775807, 0, 9223372036752100807
2, 6846, 0, 9223372036854775807, 0, 9223372036752085807
2, 6847, 0, 9223372036854775807, 0, 9223372036752070807
2, 6848, 0, 9223372036854775807, 0, 9223372036752055807
2, 6849, 0, 9223372036854775807, 0, 9223372036752040807
2, 685, 0, 9223372036854775807, 0, 9223372036844500807
2, 6850, 0, 9223372036854775807, 0, 9223372036752025807
2, 6851, 0, 9223372036854775807, 0, 9223372036752010807
2, 6852, 0, 9223372036854775807, 0, 9223372036751995807
2, 6853, 0, 9223372036854775807, 0, 9223372036751980807
2, 6854, 0, 9223372036854775807, 0, 9223372036751965807
2, 6855, 0, 9223372036854775807, 0, 9223372036751950807
2, 6856, 0, 9223372036854775807, 0, 9223372036751935807
2, 6857, 0, 9223372036854775807, 0, 9223372036751920807
2, 6858, 0, 9223372036854775807, 0, 9223372036751905807
2, 6859, 0, 9223372036854775807, 0, 9223372036751890807
2, 686, 0, 9223372036854775807, 0, 9223372036844485807
2, 6860, 0, 9223372036854775807, 0, 9223372036751875807
2, 6861, 0, 9223372036854775807, 0, 9223372036751860807
2, 6862, 0, 9223372036854775807, 0, 9223372036751845807
2, 6863, 0, 9223372036854775807, 0, 9223372036751830807
2, 6864, 0, 9223372036854775807, 0, 9223372036751815807
2, 6865, 0, 9223372036854775807, 0, 9223372036751800807
2, 6866, 0, 9223372036854775807, 0, 9223372036751785807
2, 6867, 0, 9223372036854775807, 0, 9223372036751770807
2, 6868, 0, 9223372036854775807, 0, 9223372036751755807
2, 6869, 0, 9223372036854775807, 0, 9223372036751740807
2, 687, 0, 9223372036854775807, 0, 9223372036844470807
2, 6870, 0, 9223372036854775807, 0, 9223372036751725807
2, 6871, 0, 9223372036854775807, 0, 9223372036751710807
2, 6872, 0, 9223372036854775807, 0, 9223372036751695807
2, 6873, 0, 9223372036854775807, 0, 9223372036751680807
2, 6874, 0, 9223372036854775807, 0, 9223372036751665807
2, 6875, 0, 9223372036854775807, 0, 9223372036751650807
2, 6876, 0, 9223372036854775807, 0, 9223372036751635807
2, 6877, 0, 9223372036854775807, 0, 9223372036751620807
2, 6878, 0, 9223372036854775807, 0, 9223372036751605807
2, 6879, 0, 9223372036854775807, 0, 9223372036751590807
2, 688, 0, 9223372036854775807, 0, 9223372036844455807
2, 6880, 0, 9223372036854775807, 0, 9223372036751575807
2, 6881, 0, 9223372036854775807, 0, 9223372036751560807
2, 6882, 0, 9223372036854775807, 0, 9223372036751545807
2, 6883, 0, 9223372036854775807, 0, 9223372036751530807
2, 6884, 0, 9223372036854775807, 0, 9223372036751515807
2, 6885, 0, 9223372036854775807, 0, 9223372036751500807
2, 6886, 0, 9223372036854775807, 0, 9223372036751485807
2, 6887, 0, 9223372036854775807, 0, 9223372036751470807
2, 6888, 0, 9223372036854775807, 0, 9223372036751455807
2, 6889, 0, 9223372036854775807, 0, 9223372036751440807
2, 689, 0, 9223372036854775807, 0, 9223372036844440807
2, 6890, 0, 9223372036854775807, 0, 9223372036751425807
2, 6891, 0, 9223372036854775807, 0, 9223372036751410807
2, 6892, 0, 9223372036854775807, 0, 9223372036751395807
2, 6893, 0, 9223372036854775807, 0, 9223372036751380807
2, 6894, 0, 9223372036854775807, 0, 9223372036751365807
2, 6895, 0, 9223372036854775807, 0, 9223372036751350807
2, 6896, 0, 9223372036854775807, 0, 9223372036751335807
2, 6897, 0, 9223372036854775807, 0, 9223372036751320807
2, 6898, 0, 9223372036854775807, 0, 9223372036751305807
2, 6899, 0, 9223372036854775807, 0, 9223372036751290807
2, 69, 0, 9223372036854775807, 0, 9223372036853740807
2, 690, 0, 9223372036854775807, 0, 9223372036844425807
2, 6900, 0, 9223372036854775807, 0, 9223372036751275807
2, 6901, 0, 9223372036854775807, 0, 9223372036751260807
2, 6902, 0, 9223372036854775807, 0, 9223372036751245807
2, 6903, 0, 9223372036854775807, 0, 9223372036751230807
2, 6904, 0, 9223372036854775807, 0, 9223372036751215807
2, 6905, 0, 9223372036854775807, 0, 9223372036751200807
2, 6906, 0, 9223372036854775807, 0, 9223372036751185807
2, 6907, 0, 9223372036854775807, 0, 9223372036751170807
2, 6908, 0, 9223372036854775807, 0, 9223372036751155807
2, 6909, 0, 9223372036854775807, 0, 9223372036751140807
2, 691, 0, 9223372036854775807, 0, 9223372036844410807
2, 6910, 0, 9223372036854775807, 0, 9223372036751125807
2, 6911, 0, 9223372036854775807, 0, 9223372036751110807
2, 6912, 0, 9223372036854775807, 0, 9223372036751095807
2, 6913, 0, 9223372036854775807, 0, 9223372036751080807
2, 6914, 0, 9223372036854775807, 0, 9223372036751065807
2, 6915, 0, 9223372036854775807, 0, 9223372036751050807
2, 6916, 0, 9223372036854775807, 0, 9223372036751035807
2, 6917, 0, 9223372036854775807, 0, 9223372036751020807
2, 6918, 0, 9223372036854775807, 0, 9223372036751005807
2, 6919, 0, 9223372036854775807, 0, 9223372036750990807
2, 692, 0, 9223372036854775807, 0, 9223372036844395807
2, 6920, 0, 9223372036854775807, 0, 9223372036750975807
2, 6921, 0, 9223372036854775807, 0, 9223372036750960807
2, 6922, 0, 9223372036854775807, 0, 9223372036750945807
2, 6923, 0, 9223372036854775807, 0, 9223372036750930807
2, 6924, 0, 9223372036854775807, 0, 9223372036750915807
2, 6925, 0, 9223372036854775807, 0, 9223372036750900807
2, 6926, 0, 9223372036854775807, 0, 9223372036750885807
2, 6927, 0, 9223372036854775807, 0, 9223372036750870807
2, 6928, 0, 9223372036854775807, 0, 9223372036750855807
2, 6929, 0, 9223372036854775807, 0, 9223372036750840807
2, 693, 0, 9223372036854775807, 0, 9223372036844380807
2, 6930, 0, 9223372036854775807, 0, 9223372036750825807
2, 6931, 0, 9223372036854775807, 0, 9223372036750810807
2, 6932, 0, 9223372036854775807, 0, 9223372036750795807
2, 6933, 0, 9223372036854775807, 0, 9223372036750780807
2, 6934, 0, 9223372036854775807, 0, 9223372036750765807
2, 6935, 0, 9223372036854775807, 0, 9223372036750750807
2, 6936, 0, 9223372036854775807, 0, 9223372036750735807
2, 6937, 0, 9223372036854775807, 0, 9223372036750720807
2, 6938, 0, 9223372036854775807, 0, 9223372036750705807
2, 6939, 0, 9223372036854775807, 0, 9223372036750690807
2, 694, 0, 9223372036854775807, 0, 9223372036844365807
2, 6940, 0, 9223372036854775807, 0, 9223372036750675807
2, 6941, 0, 9223372036854775807, 0, 9223372036750660807
2, 6942, 0, 9223372036854775807, 0, 9223372036750645807
2, 6943, 0, 9223372036854775807, 0, 9223372036750630807
2, 6944, 0, 9223372036854775807, 0, 9223372036750615807
2, 6945, 0, 9223372036854775807, 0, 9223372036750600807
2, 6946, 0, 9223372036854775807, 0, 9223372036750585807
2, 6947, 0, 9223372036854775807, 0, 9223372036750570807
2, 6948, 0, 9223372036854775807, 0, 9223372036750555807
2, 6949, 0, 9223372036854775807, 0, 9223372036750540807
2, 695, 0, 9223372036854775807, 0, 9223372036844350807
2, 6950, 0, 9223372036854775807, 0, 9223372036750525807
2, 6951, 0, 9223372036854775807, 0, 9223372036750510807
2, 6952, 0, 9223372036854775807, 0, 9223372036750495807
2, 6953, 0, 9223372036854775807, 0, 9223372036750480807
2, 6954, 0, 9223372036854775807, 0, 9223372036750465807
2, 6955, 0, 9223372036854775807, 0, 9223372036750450807
2, 6956, 0, 9223372036854775807, 0, 9223372036750435807
2, 6957, 0, 9223372036854775807, 0, 9223372036750420807
2, 6958, 0, 9223372036854775807, 0, 9223372036750405807
2, 6959, 0, 9223372036854775807, 0, 9223372036750390807
2, 696, 0, 9223372036854775807, 0, 9223372036844335807
2, 6960, 0, 9223372036854775807, 0, 9223372036750375807
2, 6961, 0, 9223372036854775807, 0, 9223372036750360807
2, 6962, 0, 9223372036854775807, 0, 9223372036750345807
2, 6963, 0, 9223372036854775807, 0, 9223372036750330807
2, 6964, 0, 9223372036854775807, 0, 9223372036750315807
2, 6965, 0, 9223372036854775807, 0, 9223372036750300807
2, 6966, 0, 9223372036854775807, 0, 9223372036750285807
2, 6967, 0, 9223372036854775807, 0, 9223372036750270807
2, 6968, 0, 9223372036854775807, 0, 9223372036750255807
2, 6969, 0, 9223372036854775807, 0, 9223372036750240807
2, 697, 0, 9223372036854775807, 0, 9223372036844320807
2, 6970, 0, 9223372036854775807, 0, 9223372036750225807
2, 6971, 0, 9223372036854775807, 0, 9223372036750210807
2, 6972, 0, 9223372036854775807, 0, 9223372036750195807
2, 6973, 0, 9223372036854775807, 0, 9223372036750180807
2, 6974, 0, 9223372036854775807, 0, 9223372036750165807
2, 6975, 0, 9223372036854775807, 0, 9223372036750150807
2, 6976, 0, 9223372036854775807, 0, 9223372036750135807
2, 6977, 0, 9223372036854775807, 0, 9223372036750120807
2, 6978, 0, 9223372036854775807, 0, 9223372036750105807
2, 6979, 0, 9223372036854775807, 0, 9223372036750090807
2, 698, 0, 9223372036854775807, 0, 9223372036844305807
2, 6980, 0, 9223372036854775807, 0, 9223372036750075807
2, 6981, 0, 9223372036854775807, 0, 9223372036750060807
2, 6982, 0, 9223372036854775807, 0, 9223372036750045807
2, 6983, 0, 9223372036854775807, 0, 9223372036750030807
2, 6984, 0, 9223372036854775807, 0, 9223372036750015807
2, 6985, 0, 9223372036854775807, 0, 9223372036750000807
2, 6986, 0, 9223372036854775807, 0, 9223372036749985807
2, 6987, 0, 9223372036854775807, 0, 9223372036749970807
2, 6988, 0, 9223372036854775807, 0, 9223372036749955807
2, 6989, 0, 9223372036854775807, 0, 9223372036749940807
2, 699, 0, 9223372036854775807, 0, 9223372036844290807
2, 6990, 0, 9223372036854775807, 0, 9223372036749925807
2, 6991, 0, 9223372036854775807, 0, 9223372036749910807
2, 6992, 0, 9223372036854775807, 0, 9223372036749895807
2, 6993, 0, 9223372036854775807, 0, 9223372036749880807
2, 6994, 0, 9223372036854775807, 0, 9223372036749865807
2, 6995, 0, 9223372036854775807, 0, 9223372036749850807
2, 6996, 0, 9223372036854775807, 0, 9223372036749835807
2, 6997, 0, 9223372036854775807, 0, 9223372036749820807
2, 6998, 0, 9223372036854775807, 0, 9223372036749805807
2, 6999, 0, 9223372036854775807, 0, 9223372036749790807
2, 7, 0, 9223372036854775807, 0, 9223372036854670807
2, 70, 0, 9223372036854775807, 0, 9223372036853725807
2, 700, 0, 9223372036854775807, 0, 9223372036844275807
2, 7000, 0, 9223372036854775807, 0, 9223372036749775807
2, 7001, 0, 9223372036854775807, 0, 9223372036749760807
2, 7002, 0, 9223372036854775807, 0, 9223372036749745807
2, 7003, 0, 9223372036854775807, 0, 9223372036749730807
2, 7004, 0, 9223372036854775807, 0, 9223372036749715807
2, 7005, 0, 9223372036854775807, 0, 9223372036749700807
2, 7006, 0, 9223372036854775807, 0, 9223372036749685807
2, 7007, 0, 9223372036854775807, 0, 9223372036749670807
2, 7008, 0, 9223372036854775807, 0, 9223372036749655807
2, 7009, 0, 9223372036854775807, 0, 9223372036749640807
2, 701, 0, 9223372036854775807, 0, 9223372036844260807
2, 7010, 0, 9223372036854775807, 0, 9223372036749625807
2, 7011, 0, 9223372036854775807, 0, 9223372036749610807
2, 7012, 0, 9223372036854775807, 0, 9223372036749595807
2, 7013, 0, 9223372036854775807, 0, 9223372036749580807
2, 7014, 0, 9223372036854775807, 0, 9223372036749565807
2, 7015, 0, 9223372036854775807, 0, 9223372036749550807
2, 7016, 0, 9223372036854775807, 0, 9223372036749535807
2, 7017, 0, 9223372036854775807, 0, 9223372036749520807
2, 7018, 0, 9223372036854775807, 0, 9223372036749505807
2, 7019, 0, 9223372036854775807, 0, 9223372036749490807
2, 702, 0, 9223372036854775807, 0, 9223372036844245807
2, 7020, 0, 9223372036854775807, 0, 9223372036749475807
2, 7021, 0, 9223372036854775807, 0, 9223372036749460807
2, 7022, 0, 9223372036854775807, 0, 9223372036749445807
2, 7023, 0, 9223372036854775807, 0, 9223372036749430807
2, 7024, 0, 9223372036854775807, 0, 9223372036749415807
2, 7025, 0, 9223372036854775807, 0, 9223372036749400807
2, 7026, 0, 9223372036854775807, 0, 9223372036749385807
2, 7027, 0, 9223372036854775807, 0, 9223372036749370807
2, 7028, 0, 9223372036854775807, 0, 9223372036749355807
2, 7029, 0, 9223372036854775807, 0, 9223372036749340807
2, 703, 0, 9223372036854775807, 0, 9223372036844230807
2, 7030, 0, 9223372036854775807, 0, 9223372036749325807
2, 7031, 0, 9223372036854775807, 0, 9223372036749310807
2, 7032, 0, 9223372036854775807, 0, 9223372036749295807
2, 7033, 0, 9223372036854775807, 0, 9223372036749280807
2, 7034, 0, 9223372036854775807, 0, 9223372036749265807
2, 7035, 0, 9223372036854775807, 0, 9223372036749250807
2, 7036, 0, 9223372036854775807, 0, 9223372036749235807
2, 7037, 0, 9223372036854775807, 0, 9223372036749220807
2, 7038, 0, 9223372036854775807, 0, 9223372036749205807
2, 7039, 0, 9223372036854775807, 0, 9223372036749190807
2, 704, 0, 9223372036854775807, 0, 9223372036844215807
2, 7040, 0, 9223372036854775807, 0, 9223372036749175807
2, 7041, 0, 9223372036854775807, 0, 9223372036749160807
2, 7042, 0, 9223372036854775807, 0, 9223372036749145807
2, 7043, 0, 9223372036854775807, 0, 9223372036749130807
2, 7044, 0, 9223372036854775807, 0, 9223372036749115807
2, 7045, 0, 9223372036854775807, 0, 9223372036749100807
2, 7046, 0, 9223372036854775807, 0, 9223372036749085807
2, 7047, 0, 9223372036854775807, 0, 9223372036749070807
2, 7048, 0, 9223372036854775807, 0, 9223372036749055807
2, 7049, 0, 9223372036854775807, 0, 9223372036749040807
2, 705, 0, 9223372036854775807, 0, 9223372036844200807
2, 7050, 0, 9223372036854775807, 0, 9223372036749025807
2, 7051, 0, 9223372036854775807, 0, 9223372036749010807
2, 7052, 0, 9223372036854775807, 0, 9223372036748995807
2, 7053, 0, 9223372036854775807, 0, 9223372036748980807
2, 7054, 0, 9223372036854775807, 0, 9223372036748965807
2, 7055, 0, 9223372036854775807, 0, 9223372036748950807
2, 7056, 0, 9223372036854775807, 0, 9223372036748935807
2, 7057, 0, 9223372036854775807, 0, 9223372036748920807
2, 7058, 0, 9223372036854775807, 0, 9223372036748905807
2, 7059, 0, 9223372036854775807, 0, 9223372036748890807
2, 706, 0, 9223372036854775807, 0, 9223372036844185807
2, 7060, 0, 9223372036854775807, 0, 9223372036748875807
2, 7061, 0, 9223372036854775807, 0, 9223372036748860807
2, 7062, 0, 9223372036854775807, 0, 9223372036748845807
2, 7063, 0, 9223372036854775807, 0, 9223372036748830807
2, 7064, 0, 9223372036854775807, 0, 9223372036748815807
2, 7065, 0, 9223372036854775807, 0, 9223372036748800807
2, 7066, 0, 9223372036854775807, 0, 9223372036748785807
2, 7067, 0, 9223372036854775807, 0, 9223372036748770807
2, 7068, 0, 9223372036854775807, 0, 9223372036748755807
2, 7069, 0, 9223372036854775807, 0, 9223372036748740807
2, 707, 0, 9223372036854775807, 0, 9223372036844170807
2, 7070, 0, 9223372036854775807, 0, 9223372036748725807
2, 7071, 0, 9223372036854775807, 0, 9223372036748710807
2, 7072, 0, 9223372036854775807, 0, 9223372036748695807
2, 7073, 0, 9223372036854775807, 0, 9223372036748680807
2, 7074, 0, 9223372036854775807, 0, 9223372036748665807
2, 7075, 0, 9223372036854775807, 0, 9223372036748650807
2, 7076, 0, 9223372036854775807, 0, 9223372036748635807
2, 7077, 0, 9223372036854775807, 0, 9223372036748620807
2, 7078, 0, 9223372036854775807, 0, 9223372036748605807
2, 7079, 0, 9223372036854775807, 0, 9223372036748590807
2, 708, 0, 9223372036854775807, 0, 9223372036844155807
2, 7080, 0, 9223372036854775807, 0, 9223372036748575807
2, 7081, 0, 9223372036854775807, 0, 9223372036748560807
2, 7082, 0, 9223372036854775807, 0, 9223372036748545807
2, 7083, 0, 9223372036854775807, 0, 9223372036748530807
2, 7084, 0, 9223372036854775807, 0, 9223372036748515807
2, 7085, 0, 9223372036854775807, 0, 9223372036748500807
2, 7086, 0, 9223372036854775807, 0, 9223372036748485807
2, 7087, 0, 9223372036854775807, 0, 9223372036748470807
2, 7088, 0, 9223372036854775807, 0, 9223372036748455807
2, 7089, 0, 9223372036854775807, 0, 9223372036748440807
2, 709, 0, 9223372036854775807, 0, 9223372036844140807
2, 7090, 0, 9223372036854775807, 0, 9223372036748425807
2, 7091, 0, 9223372036854775807, 0, 9223372036748410807
2, 7092, 0, 9223372036854775807, 0, 9223372036748395807
2, 7093, 0, 9223372036854775807, 0, 9223372036748380807
2, 7094, 0, 9223372036854775807, 0, 9223372036748365807
2, 7095, 0, 9223372036854775807, 0, 9223372036748350807
2, 7096, 0, 9223372036854775807, 0, 9223372036748335807
2, 7097, 0, 9223372036854775807, 0, 9223372036748320807
2, 7098, 0, 9223372036854775807, 0, 9223372036748305807
2, 7099, 0, 9223372036854775807, 0, 9223372036748290807
2, 71, 0, 9223372036854775807, 0, 9223372036853710807
2, 710, 0, 9223372036854775807, 0, 9223372036844125807
2, 7100, 0, 9223372036854775807, 0, 9223372036748275807
2, 7101, 0, 9223372036854775807, 0, 9223372036748260807
2, 7102, 0, 9223372036854775807, 0, 9223372036748245807
2, 7103, 0, 9223372036854775807, 0, 9223372036748230807
2, 7104, 0, 9223372036854775807, 0, 9223372036748215807
2, 7105, 0, 9223372036854775807, 0, 9223372036748200807
2, 7106, 0, 9223372036854775807, 0, 9223372036748185807
2, 7107, 0, 9223372036854775807, 0, 9223372036748170807
2, 7108, 0, 9223372036854775807, 0, 9223372036748155807
2, 7109, 0, 9223372036854775807, 0, 9223372036748140807
2, 711, 0, 9223372036854775807, 0, 9223372036844110807
2, 7110, 0, 9223372036854775807, 0, 9223372036748125807
2, 7111, 0, 9223372036854775807, 0, 9223372036748110807
2, 7112, 0, 9223372036854775807, 0, 9223372036748095807
2, 7113, 0, 9223372036854775807, 0, 9223372036748080807
2, 7114, 0, 9223372036854775807, 0, 9223372036748065807
2, 7115, 0, 9223372036854775807, 0, 9223372036748050807
2, 7116, 0, 9223372036854775807, 0, 9223372036748035807
2, 7117, 0, 9223372036854775807, 0, 9223372036748020807
2, 7118, 0, 9223372036854775807, 0, 9223372036748005807
2, 7119, 0, 9223372036854775807, 0, 9223372036747990807
2, 712, 0, 9223372036854775807, 0, 9223372036844095807
2, 7120, 0, 9223372036854775807, 0, 9223372036747975807
2, 7121, 0, 9223372036854775807, 0, 9223372036747960807
2, 7122, 0, 9223372036854775807, 0, 9223372036747945807
2, 7123, 0, 9223372036854775807, 0, 9223372036747930807
2, 7124, 0, 9223372036854775807, 0, 9223372036747915807
2, 7125, 0, 9223372036854775807, 0, 9223372036747900807
2, 7126, 0, 9223372036854775807, 0, 9223372036747885807
2, 7127, 0, 9223372036854775807, 0, 9223372036747870807
2, 7128, 0, 9223372036854775807, 0, 9223372036747855807
2, 7129, 0, 9223372036854775807, 0, 9223372036747840807
2, 713, 0, 9223372036854775807, 0, 9223372036844080807
2, 7130, 0, 9223372036854775807, 0, 9223372036747825807
2, 7131, 0, 9223372036854775807, 0, 9223372036747810807
2, 7132, 0, 9223372036854775807, 0, 9223372036747795807
2, 7133, 0, 9223372036854775807, 0, 9223372036747780807
2, 7134, 0, 9223372036854775807, 0, 9223372036747765807
2, 7135, 0, 9223372036854775807, 0, 9223372036747750807
2, 7136, 0, 9223372036854775807, 0, 9223372036747735807
2, 7137, 0, 9223372036854775807, 0, 9223372036747720807
2, 7138, 0, 9223372036854775807, 0, 9223372036747705807
2, 7139, 0, 9223372036854775807, 0, 9223372036747690807
2, 714, 0, 9223372036854775807, 0, 9223372036844065807
2, 7140, 0, 9223372036854775807, 0, 9223372036747675807
2, 7141, 0, 9223372036854775807, 0, 9223372036747660807
2, 7142, 0, 9223372036854775807, 0, 9223372036747645807
2, 7143, 0, 9223372036854775807, 0, 9223372036747630807
2, 7144, 0, 9223372036854775807, 0, 9223372036747615807
2, 7145, 0, 9223372036854775807, 0, 9223372036747600807
2, 7146, 0, 9223372036854775807, 0, 9223372036747585807
2, 7147, 0, 9223372036854775807, 0, 9223372036747570807
2, 7148, 0, 9223372036854775807, 0, 9223372036747555807
2, 7149, 0, 9223372036854775807, 0, 9223372036747540807
2, 715, 0, 9223372036854775807, 0, 9223372036844050807
2, 7150, 0, 9223372036854775807, 0, 9223372036747525807
2, 7151, 0, 9223372036854775807, 0, 9223372036747510807
2, 7152, 0, 9223372036854775807, 0, 9223372036747495807
2, 7153, 0, 9223372036854775807, 0, 9223372036747480807
2, 7154, 0, 9223372036854775807, 0, 9223372036747465807
2, 7155, 0, 9223372036854775807, 0, 9223372036747450807
2, 7156, 0, 9223372036854775807, 0, 9223372036747435807
2, 7157, 0, 9223372036854775807, 0, 9223372036747420807
2, 7158, 0, 9223372036854775807, 0, 9223372036747405807
2, 7159, 0, 9223372036854775807, 0, 9223372036747390807
2, 716, 0, 9223372036854775807, 0, 9223372036844035807
2, 7160, 0, 9223372036854775807, 0, 9223372036747375807
2, 7161, 0, 9223372036854775807, 0, 9223372036747360807
2, 7162, 0, 9223372036854775807, 0, 9223372036747345807
2, 7163, 0, 9223372036854775807, 0, 9223372036747330807
2, 7164, 0, 9223372036854775807, 0, 9223372036747315807
2, 7165, 0, 9223372036854775807, 0, 9223372036747300807
2, 7166, 0, 9223372036854775807, 0, 9223372036747285807
2, 7167, 0, 9223372036854775807, 0, 9223372036747270807
2, 7168, 0, 9223372036854775807, 0, 9223372036747255807
2, 7169, 0, 9223372036854775807, 0, 9223372036747240807
2, 717, 0, 9223372036854775807, 0, 9223372036844020807
2, 7170, 0, 9223372036854775807, 0, 9223372036747225807
2, 7171, 0, 9223372036854775807, 0, 9223372036747210807
2, 7172, 0, 9223372036854775807, 0, 9223372036747195807
2, 7173, 0, 9223372036854775807, 0, 9223372036747180807
2, 7174, 0, 9223372036854775807, 0, 9223372036747165807
2, 7175, 0, 9223372036854775807, 0, 9223372036747150807
2, 7176, 0, 9223372036854775807, 0, 9223372036747135807
2, 7177, 0, 9223372036854775807, 0, 9223372036747120807
2, 7178, 0, 9223372036854775807, 0, 9223372036747105807
2, 7179, 0, 9223372036854775807, 0, 9223372036747090807
2, 718, 0, 9223372036854775807, 0, 9223372036844005807
2, 7180, 0, 9223372036854775807, 0, 9223372036747075807
2, 7181, 0, 9223372036854775807, 0, 9223372036747060807
2, 7182, 0, 9223372036854775807, 0, 9223372036747045807
2, 7183, 0, 9223372036854775807, 0, 9223372036747030807
2, 7184, 0, 9223372036854775807, 0, 9223372036747015807
2, 7185, 0, 9223372036854775807, 0, 9223372036747000807
2, 7186, 0, 9223372036854775807, 0, 9223372036746985807
2, 7187, 0, 9223372036854775807, 0, 9223372036746970807
2, 7188, 0, 9223372036854775807, 0, 9223372036746955807
2, 7189, 0, 9223372036854775807, 0, 9223372036746940807
2, 719, 0, 9223372036854775807, 0, 9223372036843990807
2, 7190, 0, 9223372036854775807, 0, 9223372036746925807
2, 7191, 0, 9223372036854775807, 0, 9223372036746910807
2, 7192, 0, 9223372036854775807, 0, 9223372036746895807
2, 7193, 0, 9223372036854775807, 0, 9223372036746880807
2, 7194, 0, 9223372036854775807, 0, 9223372036746865807
2, 7195, 0, 9223372036854775807, 0, 9223372036746850807
2, 7196, 0, 9223372036854775807, 0, 9223372036746835807
2, 7197, 0, 9223372036854775807, 0, 9223372036746820807
2, 7198, 0, 9223372036854775807, 0, 9223372036746805807
2, 7199, 0, 9223372036854775807, 0, 9223372036746790807
2, 72, 0, 9223372036854775807, 0, 9223372036853695807
2, 720, 0, 9223372036854775807, 0, 9223372036843975807
2, 7200, 0, 9223372036854775807, 0, 9223372036746775807
2, 7201, 0, 9223372036854775807, 0, 9223372036746760807
2, 7202, 0, 9223372036854775807, 0, 9223372036746745807
2, 7203, 0, 9223372036854775807, 0, 9223372036746730807
2, 7204, 0, 9223372036854775807, 0, 9223372036746715807
2, 7205, 0, 9223372036854775807, 0, 9223372036746700807
2, 7206, 0, 9223372036854775807, 0, 9223372036746685807
2, 7207, 0, 9223372036854775807, 0, 9223372036746670807
2, 7208, 0, 9223372036854775807, 0, 9223372036746655807
2, 7209, 0, 9223372036854775807, 0, 9223372036746640807
2, 721, 0, 9223372036854775807, 0, 9223372036843960807
2, 7210, 0, 9223372036854775807, 0, 9223372036746625807
2, 7211, 0, 9223372036854775807, 0, 9223372036746610807
2, 7212, 0, 9223372036854775807, 0, 9223372036746595807
2, 7213, 0, 9223372036854775807, 0, 9223372036746580807
2, 7214, 0, 9223372036854775807, 0, 9223372036746565807
2, 7215, 0, 9223372036854775807, 0, 9223372036746550807
2, 7216, 0, 9223372036854775807, 0, 9223372036746535807
2, 7217, 0, 9223372036854775807, 0, 9223372036746520807
2, 7218, 0, 9223372036854775807, 0, 9223372036746505807
2, 7219, 0, 9223372036854775807, 0, 9223372036746490807
2, 722, 0, 9223372036854775807, 0, 9223372036843945807
2, 7220, 0, 9223372036854775807, 0, 9223372036746475807
2, 7221, 0, 9223372036854775807, 0, 9223372036746460807
2, 7222, 0, 9223372036854775807, 0, 9223372036746445807
2, 7223, 0, 9223372036854775807, 0, 9223372036746430807
2, 7224, 0, 9223372036854775807, 0, 9223372036746415807
2, 7225, 0, 9223372036854775807, 0, 9223372036746400807
2, 7226, 0, 9223372036854775807, 0, 9223372036746385807
2, 7227, 0, 9223372036854775807, 0, 9223372036746370807
2, 7228, 0, 9223372036854775807, 0, 9223372036746355807
2, 7229, 0, 9223372036854775807, 0, 9223372036746340807
2, 723, 0, 9223372036854775807, 0, 9223372036843930807
2, 7230, 0, 9223372036854775807, 0, 9223372036746325807
2, 7231, 0, 9223372036854775807, 0, 9223372036746310807
2, 7232, 0, 9223372036854775807, 0, 9223372036746295807
2, 7233, 0, 9223372036854775807, 0, 9223372036746280807
2, 7234, 0, 9223372036854775807, 0, 9223372036746265807
2, 7235, 0, 9223372036854775807, 0, 9223372036746250807
2, 7236, 0, 9223372036854775807, 0, 9223372036746235807
2, 7237, 0, 9223372036854775807, 0, 9223372036746220807
2, 7238, 0, 9223372036854775807, 0, 9223372036746205807
2, 7239, 0, 9223372036854775807, 0, 9223372036746190807
2, 724, 0, 9223372036854775807, 0, 9223372036843915807
2, 7240, 0, 9223372036854775807, 0, 9223372036746175807
2, 7241, 0, 9223372036854775807, 0, 9223372036746160807
2, 7242, 0, 9223372036854775807, 0, 9223372036746145807
2, 7243, 0, 9223372036854775807, 0, 9223372036746130807
2, 7244, 0, 9223372036854775807, 0, 9223372036746115807
2, 7245, 0, 9223372036854775807, 0, 9223372036746100807
2, 7246, 0, 9223372036854775807, 0, 9223372036746085807
2, 7247, 0, 9223372036854775807, 0, 9223372036746070807
2, 7248, 0, 9223372036854775807, 0, 9223372036746055807
2, 7249, 0, 9223372036854775807, 0, 9223372036746040807
2, 725, 0, 9223372036854775807, 0, 9223372036843900807
2, 7250, 0, 9223372036854775807, 0, 9223372036746025807
2, 7251, 0, 9223372036854775807, 0, 9223372036746010807
2, 7252, 0, 9223372036854775807, 0, 9223372036745995807
2, 7253, 0, 9223372036854775807, 0, 9223372036745980807
2, 7254, 0, 9223372036854775807, 0, 9223372036745965807
2, 7255, 0, 9223372036854775807, 0, 9223372036745950807
2, 7256, 0, 9223372036854775807, 0, 9223372036745935807
2, 7257, 0, 9223372036854775807, 0, 9223372036745920807
2, 7258, 0, 9223372036854775807, 0, 9223372036745905807
2, 7259, 0, 9223372036854775807, 0, 9223372036745890807
2, 726, 0, 9223372036854775807, 0, 9223372036843885807
2, 7260, 0, 9223372036854775807, 0, 9223372036745875807
2, 7261, 0, 9223372036854775807, 0, 9223372036745860807
2, 7262, 0, 9223372036854775807, 0, 9223372036745845807
2, 7263, 0, 9223372036854775807, 0, 9223372036745830807
2, 7264, 0, 9223372036854775807, 0, 9223372036745815807
2, 7265, 0, 9223372036854775807, 0, 9223372036745800807
2, 7266, 0, 9223372036854775807, 0, 9223372036745785807
2, 7267, 0, 9223372036854775807, 0, 9223372036745770807
2, 7268, 0, 9223372036854775807, 0, 9223372036745755807
2, 7269, 0, 9223372036854775807, 0, 9223372036745740807
2, 727, 0, 9223372036854775807, 0, 9223372036843870807
2, 7270, 0, 9223372036854775807, 0, 9223372036745725807
2, 7271, 0, 9223372036854775807, 0, 9223372036745710807
2, 7272, 0, 9223372036854775807, 0, 9223372036745695807
2, 7273, 0, 9223372036854775807, 0, 9223372036745680807
2, 7274, 0, 9223372036854775807, 0, 9223372036745665807
2, 7275, 0, 9223372036854775807, 0, 9223372036745650807
2, 7276, 0, 9223372036854775807, 0, 9223372036745635807
2, 7277, 0, 9223372036854775807, 0, 9223372036745620807
2, 7278, 0, 9223372036854775807, 0, 9223372036745605807
2, 7279, 0, 9223372036854775807, 0, 9223372036745590807
2, 728, 0, 9223372036854775807, 0, 9223372036843855807
2, 7280, 0, 9223372036854775807, 0, 9223372036745575807
2, 7281, 0, 9223372036854775807, 0, 9223372036745560807
2, 7282, 0, 9223372036854775807, 0, 9223372036745545807
2, 7283, 0, 9223372036854775807, 0, 9223372036745530807
2, 7284, 0, 9223372036854775807, 0, 9223372036745515807
2, 7285, 0, 9223372036854775807, 0, 9223372036745500807
2, 7286, 0, 9223372036854775807, 0, 9223372036745485807
2, 7287, 0, 9223372036854775807, 0, 9223372036745470807
2, 7288, 0, 9223372036854775807, 0, 9223372036745455807
2, 7289, 0, 9223372036854775807, 0, 9223372036745440807
2, 729, 0, 9223372036854775807, 0, 9223372036843840807
2, 7290, 0, 9223372036854775807, 0, 9223372036745425807
2, 7291, 0, 9223372036854775807, 0, 9223372036745410807
2, 7292, 0, 9223372036854775807, 0, 9223372036745395807
2, 7293, 0, 9223372036854775807, 0, 9223372036745380807
2, 7294, 0, 9223372036854775807, 0, 9223372036745365807
2, 7295, 0, 9223372036854775807, 0, 9223372036745350807
2, 7296, 0, 9223372036854775807, 0, 9223372036745335807
2, 7297, 0, 9223372036854775807, 0, 9223372036745320807
2, 7298, 0, 9223372036854775807, 0, 9223372036745305807
2, 7299, 0, 9223372036854775807, 0, 9223372036745290807
2, 73, 0, 9223372036854775807, 0, 9223372036853680807
2, 730, 0, 9223372036854775807, 0, 9223372036843825807
2, 7300, 0, 9223372036854775807, 0, 9223372036745275807
2, 7301, 0, 9223372036854775807, 0, 9223372036745260807
2, 7302, 0, 9223372036854775807, 0, 9223372036745245807
2, 7303, 0, 9223372036854775807, 0, 9223372036745230807
2, 7304, 0, 9223372036854775807, 0, 9223372036745215807
2, 7305, 0, 9223372036854775807, 0, 9223372036745200807
2, 7306, 0, 9223372036854775807, 0, 9223372036745185807
2, 7307, 0, 9223372036854775807, 0, 9223372036745170807
2, 7308, 0, 9223372036854775807, 0, 9223372036745155807
2, 7309, 0, 9223372036854775807, 0, 9223372036745140807
2, 731, 0, 9223372036854775807, 0, 9223372036843810807
2, 7310, 0, 9223372036854775807, 0, 9223372036745125807
2, 7311, 0, 9223372036854775807, 0, 9223372036745110807
2, 7312, 0, 9223372036854775807, 0, 9223372036745095807
2, 7313, 0, 9223372036854775807, 0, 9223372036745080807
2, 7314, 0, 9223372036854775807, 0, 9223372036745065807
2, 7315, 0, 9223372036854775807, 0, 9223372036745050807
2, 7316, 0, 9223372036854775807, 0, 9223372036745035807
2, 7317, 0, 9223372036854775807, 0, 9223372036745020807
2, 7318, 0, 9223372036854775807, 0, 9223372036745005807
2, 7319, 0, 9223372036854775807, 0, 9223372036744990807
2, 732, 0, 9223372036854775807, 0, 9223372036843795807
2, 7320, 0, 9223372036854775807, 0, 9223372036744975807
2, 7321, 0, 9223372036854775807, 0, 9223372036744960807
2, 7322, 0, 9223372036854775807, 0, 9223372036744945807
2, 7323, 0, 9223372036854775807, 0, 9223372036744930807
2, 7324, 0, 9223372036854775807, 0, 9223372036744915807
2, 7325, 0, 9223372036854775807, 0, 9223372036744900807
2, 7326, 0, 9223372036854775807, 0, 9223372036744885807
2, 7327, 0, 9223372036854775807, 0, 9223372036744870807
2, 7328, 0, 9223372036854775807, 0, 9223372036744855807
2, 7329, 0, 9223372036854775807, 0, 9223372036744840807
2, 733, 0, 9223372036854775807, 0, 9223372036843780807
2, 7330, 0, 9223372036854775807, 0, 9223372036744825807
2, 7331, 0, 9223372036854775807, 0, 9223372036744810807
2, 7332, 0, 9223372036854775807, 0, 9223372036744795807
2, 7333, 0, 9223372036854775807, 0, 9223372036744780807
2, 7334, 0, 9223372036854775807, 0, 9223372036744765807
2, 7335, 0, 9223372036854775807, 0, 9223372036744750807
2, 7336, 0, 9223372036854775807, 0, 9223372036744735807
2, 7337, 0, 9223372036854775807, 0, 9223372036744720807
2, 7338, 0, 9223372036854775807, 0, 9223372036744705807
2, 7339, 0, 9223372036854775807, 0, 9223372036744690807
2, 734, 0, 9223372036854775807, 0, 9223372036843765807
2, 7340, 0, 9223372036854775807, 0, 9223372036744675807
2, 7341, 0, 9223372036854775807, 0, 9223372036744660807
2, 7342, 0, 9223372036854775807, 0, 9223372036744645807
2, 7343, 0, 9223372036854775807, 0, 9223372036744630807
2, 7344, 0, 9223372036854775807, 0, 9223372036744615807
2, 7345, 0, 9223372036854775807, 0, 9223372036744600807
2, 7346, 0, 9223372036854775807, 0, 9223372036744585807
2, 7347, 0, 9223372036854775807, 0, 9223372036744570807
2, 7348, 0, 9223372036854775807, 0, 9223372036744555807
2, 7349, 0, 9223372036854775807, 0, 9223372036744540807
2, 735, 0, 9223372036854775807, 0, 9223372036843750807
2, 7350, 0, 9223372036854775807, 0, 9223372036744525807
2, 7351, 0, 9223372036854775807, 0, 9223372036744510807
2, 7352, 0, 9223372036854775807, 0, 9223372036744495807
2, 7353, 0, 9223372036854775807, 0, 9223372036744480807
2, 7354, 0, 9223372036854775807, 0, 9223372036744465807
2, 7355, 0, 9223372036854775807, 0, 9223372036744450807
2, 7356, 0, 9223372036854775807, 0, 9223372036744435807
2, 7357, 0, 9223372036854775807, 0, 9223372036744420807
2, 7358, 0, 9223372036854775807, 0, 9223372036744405807
2, 7359, 0, 9223372036854775807, 0, 9223372036744390807
2, 736, 0, 9223372036854775807, 0, 9223372036843735807
2, 7360, 0, 9223372036854775807, 0, 9223372036744375807
2, 7361, 0, 9223372036854775807, 0, 9223372036744360807
2, 7362, 0, 9223372036854775807, 0, 9223372036744345807
2, 7363, 0, 9223372036854775807, 0, 9223372036744330807
2, 7364, 0, 9223372036854775807, 0, 9223372036744315807
2, 7365, 0, 9223372036854775807, 0, 9223372036744300807
2, 7366, 0, 9223372036854775807, 0, 9223372036744285807
2, 7367, 0, 9223372036854775807, 0, 9223372036744270807
2, 7368, 0, 9223372036854775807, 0, 9223372036744255807
2, 7369, 0, 9223372036854775807, 0, 9223372036744240807
2, 737, 0, 9223372036854775807, 0, 9223372036843720807
2, 7370, 0, 9223372036854775807, 0, 9223372036744225807
2, 7371, 0, 9223372036854775807, 0, 9223372036744210807
2, 7372, 0, 9223372036854775807, 0, 9223372036744195807
2, 7373, 0, 9223372036854775807, 0, 9223372036744180807
2, 7374, 0, 9223372036854775807, 0, 9223372036744165807
2, 7375, 0, 9223372036854775807, 0, 9223372036744150807
2, 7376, 0, 9223372036854775807, 0, 9223372036744135807
2, 7377, 0, 9223372036854775807, 0, 9223372036744120807
2, 7378, 0, 9223372036854775807, 0, 9223372036744105807
2, 7379, 0, 9223372036854775807, 0, 9223372036744090807
2, 738, 0, 9223372036854775807, 0, 9223372036843705807
2, 7380, 0, 9223372036854775807, 0, 9223372036744075807
2, 7381, 0, 9223372036854775807, 0, 9223372036744060807
2, 7382, 0, 9223372036854775807, 0, 9223372036744045807
2, 7383, 0, 9223372036854775807, 0, 9223372036744030807
2, 7384, 0, 9223372036854775807, 0, 9223372036744015807
2, 7385, 0, 9223372036854775807, 0, 9223372036744000807
2, 7386, 0, 9223372036854775807, 0, 9223372036743985807
2, 7387, 0, 9223372036854775807, 0, 9223372036743970807
2, 7388, 0, 9223372036854775807, 0, 9223372036743955807
2, 7389, 0, 9223372036854775807, 0, 9223372036743940807
2, 739, 0, 9223372036854775807, 0, 9223372036843690807
2, 7390, 0, 9223372036854775807, 0, 9223372036743925807
2, 7391, 0, 9223372036854775807, 0, 9223372036743910807
2, 7392, 0, 9223372036854775807, 0, 9223372036743895807
2, 7393, 0, 9223372036854775807, 0, 9223372036743880807
2, 7394, 0, 9223372036854775807, 0, 9223372036743865807
2, 7395, 0, 9223372036854775807, 0, 9223372036743850807
2, 7396, 0, 9223372036854775807, 0, 9223372036743835807
2, 7397, 0, 9223372036854775807, 0, 9223372036743820807
2, 7398, 0, 9223372036854775807, 0, 9223372036743805807
2, 7399, 0, 9223372036854775807, 0, 9223372036743790807
2, 74, 0, 9223372036854775807, 0, 9223372036853665807
2, 740, 0, 9223372036854775807, 0, 9223372036843675807
2, 7400, 0, 9223372036854775807, 0, 9223372036743775807
2, 7401, 0, 9223372036854775807, 0, 9223372036743760807
2, 7402, 0, 9223372036854775807, 0, 9223372036743745807
2, 7403, 0, 9223372036854775807, 0, 9223372036743730807
2, 7404, 0, 9223372036854775807, 0, 9223372036743715807
2, 7405, 0, 9223372036854775807, 0, 9223372036743700807
2, 7406, 0, 9223372036854775807, 0, 9223372036743685807
2, 7407, 0, 9223372036854775807, 0, 9223372036743670807
2, 7408, 0, 9223372036854775807, 0, 9223372036743655807
2, 7409, 0, 9223372036854775807, 0, 9223372036743640807
2, 741, 0, 9223372036854775807, 0, 9223372036843660807
2, 7410, 0, 9223372036854775807, 0, 9223372036743625807
2, 7411, 0, 9223372036854775807, 0, 9223372036743610807
2, 7412, 0, 9223372036854775807, 0, 9223372036743595807
2, 7413, 0, 9223372036854775807, 0, 9223372036743580807
2, 7414, 0, 9223372036854775807, 0, 9223372036743565807
2, 7415, 0, 9223372036854775807, 0, 9223372036743550807
2, 7416, 0, 9223372036854775807, 0, 9223372036743535807
2, 7417, 0, 9223372036854775807, 0, 9223372036743520807
2, 7418, 0, 9223372036854775807, 0, 9223372036743505807
2, 7419, 0, 9223372036854775807, 0, 9223372036743490807
2, 742, 0, 9223372036854775807, 0, 9223372036843645807
2, 7420, 0, 9223372036854775807, 0, 9223372036743475807
2, 7421, 0, 9223372036854775807, 0, 9223372036743460807
2, 7422, 0, 9223372036854775807, 0, 9223372036743445807
2, 7423, 0, 9223372036854775807, 0, 9223372036743430807
2, 7424, 0, 9223372036854775807, 0, 9223372036743415807
2, 7425, 0, 9223372036854775807, 0, 9223372036743400807
2, 7426, 0, 9223372036854775807, 0, 9223372036743385807
2, 7427, 0, 9223372036854775807, 0, 9223372036743370807
2, 7428, 0, 9223372036854775807, 0, 9223372036743355807
2, 7429, 0, 9223372036854775807, 0, 9223372036743340807
2, 743, 0, 9223372036854775807, 0, 9223372036843630807
2, 7430, 0, 9223372036854775807, 0, 9223372036743325807
2, 7431, 0, 9223372036854775807, 0, 9223372036743310807
2, 7432, 0, 9223372036854775807, 0, 9223372036743295807
2, 7433, 0, 9223372036854775807, 0, 9223372036743280807
2, 7434, 0, 9223372036854775807, 0, 9223372036743265807
2, 7435, 0, 9223372036854775807, 0, 9223372036743250807
2, 7436, 0, 9223372036854775807, 0, 9223372036743235807
2, 7437, 0, 9223372036854775807, 0, 9223372036743220807
2, 7438, 0, 9223372036854775807, 0, 9223372036743205807
2, 7439, 0, 9223372036854775807, 0, 9223372036743190807
2, 744, 0, 9223372036854775807, 0, 9223372036843615807
2, 7440, 0, 9223372036854775807, 0, 9223372036743175807
2, 7441, 0, 9223372036854775807, 0, 9223372036743160807
2, 7442, 0, 9223372036854775807, 0, 9223372036743145807
2, 7443, 0, 9223372036854775807, 0, 9223372036743130807
2, 7444, 0, 9223372036854775807, 0, 9223372036743115807
2, 7445, 0, 9223372036854775807, 0, 9223372036743100807
2, 7446, 0, 9223372036854775807, 0, 9223372036743085807
2, 7447, 0, 9223372036854775807, 0, 9223372036743070807
2, 7448, 0, 9223372036854775807, 0, 9223372036743055807
2, 7449, 0, 9223372036854775807, 0, 9223372036743040807
2, 745, 0, 9223372036854775807, 0, 9223372036843600807
2, 7450, 0, 9223372036854775807, 0, 9223372036743025807
2, 7451, 0, 9223372036854775807, 0, 9223372036743010807
2, 7452, 0, 9223372036854775807, 0, 9223372036742995807
2, 7453, 0, 9223372036854775807, 0, 9223372036742980807
2, 7454, 0, 9223372036854775807, 0, 9223372036742965807
2, 7455, 0, 9223372036854775807, 0, 9223372036742950807
2, 7456, 0, 9223372036854775807, 0, 9223372036742935807
2, 7457, 0, 9223372036854775807, 0, 9223372036742920807
2, 7458, 0, 9223372036854775807, 0, 9223372036742905807
2, 7459, 0, 9223372036854775807, 0, 9223372036742890807
2, 746, 0, 9223372036854775807, 0, 9223372036843585807
2, 7460, 0, 9223372036854775807, 0, 9223372036742875807
2, 7461, 0, 9223372036854775807, 0, 9223372036742860807
2, 7462, 0, 9223372036854775807, 0, 9223372036742845807
2, 7463, 0, 9223372036854775807, 0, 9223372036742830807
2, 7464, 0, 9223372036854775807, 0, 9223372036742815807
2, 7465, 0, 9223372036854775807, 0, 9223372036742800807
2, 7466, 0, 9223372036854775807, 0, 9223372036742785807
2, 7467, 0, 9223372036854775807, 0, 9223372036742770807
2, 7468, 0, 9223372036854775807, 0, 9223372036742755807
2, 7469, 0, 9223372036854775807, 0, 9223372036742740807
2, 747, 0, 9223372036854775807, 0, 9223372036843570807
2, 7470, 0, 9223372036854775807, 0, 9223372036742725807
2, 7471, 0, 9223372036854775807, 0, 9223372036742710807
2, 7472, 0, 9223372036854775807, 0, 9223372036742695807
2, 7473, 0, 9223372036854775807, 0, 9223372036742680807
2, 7474, 0, 9223372036854775807, 0, 9223372036742665807
2, 7475, 0, 9223372036854775807, 0, 9223372036742650807
2, 7476, 0, 9223372036854775807, 0, 9223372036742635807
2, 7477, 0, 9223372036854775807, 0, 9223372036742620807
2, 7478, 0, 9223372036854775807, 0, 9223372036742605807
2, 7479, 0, 9223372036854775807, 0, 9223372036742590807
2, 748, 0, 9223372036854775807, 0, 9223372036843555807
2, 7480, 0, 9223372036854775807, 0, 9223372036742575807
2, 7481, 0, 9223372036854775807, 0, 9223372036742560807
2, 7482, 0, 9223372036854775807, 0, 9223372036742545807
2, 7483, 0, 9223372036854775807, 0, 9223372036742530807
2, 7484, 0, 9223372036854775807, 0, 9223372036742515807
2, 7485, 0, 9223372036854775807, 0, 9223372036742500807
2, 7486, 0, 9223372036854775807, 0, 9223372036742485807
2, 7487, 0, 9223372036854775807, 0, 9223372036742470807
2, 7488, 0, 9223372036854775807, 0, 9223372036742455807
2, 7489, 0, 9223372036854775807, 0, 9223372036742440807
2, 749, 0, 9223372036854775807, 0, 9223372036843540807
2, 7490, 0, 9223372036854775807, 0, 9223372036742425807
2, 7491, 0, 9223372036854775807, 0, 9223372036742410807
2, 7492, 0, 9223372036854775807, 0, 9223372036742395807
2, 7493, 0, 9223372036854775807, 0, 9223372036742380807
2, 7494, 0, 9223372036854775807, 0, 9223372036742365807
2, 7495, 0, 9223372036854775807, 0, 9223372036742350807
2, 7496, 0, 9223372036854775807, 0, 9223372036742335807
2, 7497, 0, 9223372036854775807, 0, 9223372036742320807
2, 7498, 0, 9223372036854775807, 0, 9223372036742305807
2, 7499, 0, 9223372036854775807, 0, 9223372036742290807
2, 75, 0, 9223372036854775807, 0, 9223372036853650807
2, 750, 0, 9223372036854775807, 0, 9223372036843525807
2, 7500, 0, 9223372036854775807, 0, 9223372036742275807
2, 7501, 0, 9223372036854775807, 0, 9223372036742260807
2, 7502, 0, 9223372036854775807, 0, 9223372036742245807
2, 7503, 0, 9223372036854775807, 0, 9223372036742230807
2, 7504, 0, 9223372036854775807, 0, 9223372036742215807
2, 7505, 0, 9223372036854775807, 0, 9223372036742200807
2, 7506, 0, 9223372036854775807, 0, 9223372036742185807
2, 7507, 0, 9223372036854775807, 0, 9223372036742170807
2, 7508, 0, 9223372036854775807, 0, 9223372036742155807
2, 7509, 0, 9223372036854775807, 0, 9223372036742140807
2, 751, 0, 9223372036854775807, 0, 9223372036843510807
2, 7510, 0, 9223372036854775807, 0, 9223372036742125807
2, 7511, 0, 9223372036854775807, 0, 9223372036742110807
2, 7512, 0, 9223372036854775807, 0, 9223372036742095807
2, 7513, 0, 9223372036854775807, 0, 9223372036742080807
2, 7514, 0, 9223372036854775807, 0, 9223372036742065807
2, 7515, 0, 9223372036854775807, 0, 9223372036742050807
2, 7516, 0, 9223372036854775807, 0, 9223372036742035807
2, 7517, 0, 9223372036854775807, 0, 9223372036742020807
2, 7518, 0, 9223372036854775807, 0, 9223372036742005807
2, 7519, 0, 9223372036854775807, 0, 9223372036741990807
2, 752, 0, 9223372036854775807, 0, 9223372036843495807
2, 7520, 0, 9223372036854775807, 0, 9223372036741975807
2, 7521, 0, 9223372036854775807, 0, 9223372036741960807
2, 7522, 0, 9223372036854775807, 0, 9223372036741945807
2, 7523, 0, 9223372036854775807, 0, 9223372036741930807
2, 7524, 0, 9223372036854775807, 0, 9223372036741915807
2, 7525, 0, 9223372036854775807, 0, 9223372036741900807
2, 7526, 0, 9223372036854775807, 0, 9223372036741885807
2, 7527, 0, 9223372036854775807, 0, 9223372036741870807
2, 7528, 0, 9223372036854775807, 0, 9223372036741855807
2, 7529, 0, 9223372036854775807, 0, 9223372036741840807
2, 753, 0, 9223372036854775807, 0, 9223372036843480807
2, 7530, 0, 9223372036854775807, 0, 9223372036741825807
2, 7531, 0, 9223372036854775807, 0, 9223372036741810807
2, 7532, 0, 9223372036854775807, 0, 9223372036741795807
2, 7533, 0, 9223372036854775807, 0, 9223372036741780807
2, 7534, 0, 9223372036854775807, 0, 9223372036741765807
2, 7535, 0, 9223372036854775807, 0, 9223372036741750807
2, 7536, 0, 9223372036854775807, 0, 9223372036741735807
2, 7537, 0, 9223372036854775807, 0, 9223372036741720807
2, 7538, 0, 9223372036854775807, 0, 9223372036741705807
2, 7539, 0, 9223372036854775807, 0, 9223372036741690807
2, 754, 0, 9223372036854775807, 0, 9223372036843465807
2, 7540, 0, 9223372036854775807, 0, 9223372036741675807
2, 7541, 0, 9223372036854775807, 0, 9223372036741660807
2, 7542, 0, 9223372036854775807, 0, 9223372036741645807
2, 7543, 0, 9223372036854775807, 0, 9223372036741630807
2, 7544, 0, 9223372036854775807, 0, 9223372036741615807
2, 7545, 0, 9223372036854775807, 0, 9223372036741600807
2, 7546, 0, 9223372036854775807, 0, 9223372036741585807
2, 7547, 0, 9223372036854775807, 0, 9223372036741570807
2, 7548, 0, 9223372036854775807, 0, 9223372036741555807
2, 7549, 0, 9223372036854775807, 0, 9223372036741540807
2, 755, 0, 9223372036854775807, 0, 9223372036843450807
2, 7550, 0, 9223372036854775807, 0, 9223372036741525807
2, 7551, 0, 9223372036854775807, 0, 9223372036741510807
2, 7552, 0, 9223372036854775807, 0, 9223372036741495807
2, 7553, 0, 9223372036854775807, 0, 9223372036741480807
2, 7554, 0, 9223372036854775807, 0, 9223372036741465807
2, 7555, 0, 9223372036854775807, 0, 9223372036741450807
2, 7556, 0, 9223372036854775807, 0, 9223372036741435807
2, 7557, 0, 9223372036854775807, 0, 9223372036741420807
2, 7558, 0, 9223372036854775807, 0, 9223372036741405807
2, 7559, 0, 9223372036854775807, 0, 9223372036741390807
2, 756, 0, 9223372036854775807, 0, 9223372036843435807
2, 7560, 0, 9223372036854775807, 0, 9223372036741375807
2, 7561, 0, 9223372036854775807, 0, 9223372036741360807
2, 7562, 0, 9223372036854775807, 0, 9223372036741345807
2, 7563, 0, 9223372036854775807, 0, 9223372036741330807
2, 7564, 0, 9223372036854775807, 0, 9223372036741315807
2, 7565, 0, 9223372036854775807, 0, 9223372036741300807
2, 7566, 0, 9223372036854775807, 0, 9223372036741285807
2, 7567, 0, 9223372036854775807, 0, 9223372036741270807
2, 7568, 0, 9223372036854775807, 0, 9223372036741255807
2, 7569, 0, 9223372036854775807, 0, 9223372036741240807
2, 757, 0, 9223372036854775807, 0, 9223372036843420807
2, 7570, 0, 9223372036854775807, 0, 9223372036741225807
2, 7571, 0, 9223372036854775807, 0, 9223372036741210807
2, 7572, 0, 9223372036854775807, 0, 9223372036741195807
2, 7573, 0, 9223372036854775807, 0, 9223372036741180807
2, 7574, 0, 9223372036854775807, 0, 9223372036741165807
2, 7575, 0, 9223372036854775807, 0, 9223372036741150807
2, 7576, 0, 9223372036854775807, 0, 9223372036741135807
2, 7577, 0, 9223372036854775807, 0, 9223372036741120807
2, 7578, 0, 9223372036854775807, 0, 9223372036741105807
2, 7579, 0, 9223372036854775807, 0, 9223372036741090807
2, 758, 0, 9223372036854775807, 0, 9223372036843405807
2, 7580, 0, 9223372036854775807, 0, 9223372036741075807
2, 7581, 0, 9223372036854775807, 0, 9223372036741060807
2, 7582, 0, 9223372036854775807, 0, 9223372036741045807
2, 7583, 0, 9223372036854775807, 0, 9223372036741030807
2, 7584, 0, 9223372036854775807, 0, 9223372036741015807
2, 7585, 0, 9223372036854775807, 0, 9223372036741000807
2, 7586, 0, 9223372036854775807, 0, 9223372036740985807
2, 7587, 0, 9223372036854775807, 0, 9223372036740970807
2, 7588, 0, 9223372036854775807, 0, 9223372036740955807
2, 7589, 0, 9223372036854775807, 0, 9223372036740940807
2, 759, 0, 9223372036854775807, 0, 9223372036843390807
2, 7590, 0, 9223372036854775807, 0, 9223372036740925807
2, 7591, 0, 9223372036854775807, 0, 9223372036740910807
2, 7592, 0, 9223372036854775807, 0, 9223372036740895807
2, 7593, 0, 9223372036854775807, 0, 9223372036740880807
2, 7594, 0, 9223372036854775807, 0, 9223372036740865807
2, 7595, 0, 9223372036854775807, 0, 9223372036740850807
2, 7596, 0, 9223372036854775807, 0, 9223372036740835807
2, 7597, 0, 9223372036854775807, 0, 9223372036740820807
2, 7598, 0, 9223372036854775807, 0, 9223372036740805807
2, 7599, 0, 9223372036854775807, 0, 9223372036740790807
2, 76, 0, 9223372036854775807, 0, 9223372036853635807
2, 760, 0, 9223372036854775807, 0, 9223372036843375807
2, 7600, 0, 9223372036854775807, 0, 9223372036740775807
2, 7601, 0, 9223372036854775807, 0, 9223372036740760807
2, 7602, 0, 9223372036854775807, 0, 9223372036740745807
2, 7603, 0, 9223372036854775807, 0, 9223372036740730807
2, 7604, 0, 9223372036854775807, 0, 9223372036740715807
2, 7605, 0, 9223372036854775807, 0, 9223372036740700807
2, 7606, 0, 9223372036854775807, 0, 9223372036740685807
2, 7607, 0, 9223372036854775807, 0, 9223372036740670807
2, 7608, 0, 9223372036854775807, 0, 9223372036740655807
2, 7609, 0, 9223372036854775807, 0, 9223372036740640807
2, 761, 0, 9223372036854775807, 0, 9223372036843360807
2, 7610, 0, 9223372036854775807, 0, 9223372036740625807
2, 7611, 0, 9223372036854775807, 0, 9223372036740610807
2, 7612, 0, 9223372036854775807, 0, 9223372036740595807
2, 7613, 0, 9223372036854775807, 0, 9223372036740580807
2, 7614, 0, 9223372036854775807, 0, 9223372036740565807
2, 7615, 0, 9223372036854775807, 0, 9223372036740550807
2, 7616, 0, 9223372036854775807, 0, 9223372036740535807
2, 7617, 0, 9223372036854775807, 0, 9223372036740520807
2, 7618, 0, 9223372036854775807, 0, 9223372036740505807
2, 7619, 0, 9223372036854775807, 0, 9223372036740490807
2, 762, 0, 9223372036854775807, 0, 9223372036843345807
2, 7620, 0, 9223372036854775807, 0, 9223372036740475807
2, 7621, 0, 9223372036854775807, 0, 9223372036740460807
2, 7622, 0, 9223372036854775807, 0, 9223372036740445807
2, 7623, 0, 9223372036854775807, 0, 9223372036740430807
2, 7624, 0, 9223372036854775807, 0, 9223372036740415807
2, 7625, 0, 9223372036854775807, 0, 9223372036740400807
2, 7626, 0, 9223372036854775807, 0, 9223372036740385807
2, 7627, 0, 9223372036854775807, 0, 9223372036740370807
2, 7628, 0, 9223372036854775807, 0, 9223372036740355807
2, 7629, 0, 9223372036854775807, 0, 9223372036740340807
2, 763, 0, 9223372036854775807, 0, 9223372036843330807
2, 7630, 0, 9223372036854775807, 0, 9223372036740325807
2, 7631, 0, 9223372036854775807, 0, 9223372036740310807
2, 7632, 0, 9223372036854775807, 0, 9223372036740295807
2, 7633, 0, 9223372036854775807, 0, 9223372036740280807
2, 7634, 0, 9223372036854775807, 0, 9223372036740265807
2, 7635, 0, 9223372036854775807, 0, 9223372036740250807
2, 7636, 0, 9223372036854775807, 0, 9223372036740235807
2, 7637, 0, 9223372036854775807, 0, 9223372036740220807
2, 7638, 0, 9223372036854775807, 0, 9223372036740205807
2, 7639, 0, 9223372036854775807, 0, 9223372036740190807
2, 764, 0, 9223372036854775807, 0, 9223372036843315807
2, 7640, 0, 9223372036854775807, 0, 9223372036740175807
2, 7641, 0, 9223372036854775807, 0, 9223372036740160807
2, 7642, 0, 9223372036854775807, 0, 9223372036740145807
2, 7643, 0, 9223372036854775807, 0, 9223372036740130807
2, 7644, 0, 9223372036854775807, 0, 9223372036740115807
2, 7645, 0, 9223372036854775807, 0, 9223372036740100807
2, 7646, 0, 9223372036854775807, 0, 9223372036740085807
2, 7647, 0, 9223372036854775807, 0, 9223372036740070807
2, 7648, 0, 9223372036854775807, 0, 9223372036740055807
2, 7649, 0, 9223372036854775807, 0, 9223372036740040807
2, 765, 0, 9223372036854775807, 0, 9223372036843300807
2, 7650, 0, 9223372036854775807, 0, 9223372036740025807
2, 7651, 0, 9223372036854775807, 0, 9223372036740010807
2, 7652, 0, 9223372036854775807, 0, 9223372036739995807
2, 7653, 0, 9223372036854775807, 0, 9223372036739980807
2, 7654, 0, 9223372036854775807, 0, 9223372036739965807
2, 7655, 0, 9223372036854775807, 0, 9223372036739950807
2, 7656, 0, 9223372036854775807, 0, 9223372036739935807
2, 7657, 0, 9223372036854775807, 0, 9223372036739920807
2, 7658, 0, 9223372036854775807, 0, 9223372036739905807
2, 7659, 0, 9223372036854775807, 0, 9223372036739890807
2, 766, 0, 9223372036854775807, 0, 9223372036843285807
2, 7660, 0, 9223372036854775807, 0, 9223372036739875807
2, 7661, 0, 9223372036854775807, 0, 9223372036739860807
2, 7662, 0, 9223372036854775807, 0, 9223372036739845807
2, 7663, 0, 9223372036854775807, 0, 9223372036739830807
2, 7664, 0, 9223372036854775807, 0, 9223372036739815807
2, 7665, 0, 9223372036854775807, 0, 9223372036739800807
2, 7666, 0, 9223372036854775807, 0, 9223372036739785807
2, 7667, 0, 9223372036854775807, 0, 9223372036739770807
2, 7668, 0, 9223372036854775807, 0, 9223372036739755807
2, 7669, 0, 9223372036854775807, 0, 9223372036739740807
2, 767, 0, 9223372036854775807, 0, 9223372036843270807
2, 7670, 0, 9223372036854775807, 0, 9223372036739725807
2, 7671, 0, 9223372036854775807, 0, 9223372036739710807
2, 7672, 0, 9223372036854775807, 0, 9223372036739695807
2, 7673, 0, 9223372036854775807, 0, 9223372036739680807
2, 7674, 0, 9223372036854775807, 0, 9223372036739665807
2, 7675, 0, 9223372036854775807, 0, 9223372036739650807
2, 7676, 0, 9223372036854775807, 0, 9223372036739635807
2, 7677, 0, 9223372036854775807, 0, 9223372036739620807
2, 7678, 0, 9223372036854775807, 0, 9223372036739605807
2, 7679, 0, 9223372036854775807, 0, 9223372036739590807
2, 768, 0, 9223372036854775807, 0, 9223372036843255807
2, 7680, 0, 9223372036854775807, 0, 9223372036739575807
2, 7681, 0, 9223372036854775807, 0, 9223372036739560807
2, 7682, 0, 9223372036854775807, 0, 9223372036739545807
2, 7683, 0, 9223372036854775807, 0, 9223372036739530807
2, 7684, 0, 9223372036854775807, 0, 9223372036739515807
2, 7685, 0, 9223372036854775807, 0, 9223372036739500807
2, 7686, 0, 9223372036854775807, 0, 9223372036739485807
2, 7687, 0, 9223372036854775807, 0, 9223372036739470807
2, 7688, 0, 9223372036854775807, 0, 9223372036739455807
2, 7689, 0, 9223372036854775807, 0, 9223372036739440807
2, 769, 0, 9223372036854775807, 0, 9223372036843240807
2, 7690, 0, 9223372036854775807, 0, 9223372036739425807
2, 7691, 0, 9223372036854775807, 0, 9223372036739410807
2, 7692, 0, 9223372036854775807, 0, 9223372036739395807
2, 7693, 0, 9223372036854775807, 0, 9223372036739380807
2, 7694, 0, 9223372036854775807, 0, 9223372036739365807
2, 7695, 0, 9223372036854775807, 0, 9223372036739350807
2, 7696, 0, 9223372036854775807, 0, 9223372036739335807
2, 7697, 0, 9223372036854775807, 0, 9223372036739320807
2, 7698, 0, 9223372036854775807, 0, 9223372036739305807
2, 7699, 0, 9223372036854775807, 0, 9223372036739290807
2, 77, 0, 9223372036854775807, 0, 9223372036853620807
2, 770, 0, 9223372036854775807, 0, 9223372036843225807
2, 7700, 0, 9223372036854775807, 0, 9223372036739275807
2, 7701, 0, 9223372036854775807, 0, 9223372036739260807
2, 7702, 0, 9223372036854775807, 0, 9223372036739245807
2, 7703, 0, 9223372036854775807, 0, 9223372036739230807
2, 7704, 0, 9223372036854775807, 0, 9223372036739215807
2, 7705, 0, 9223372036854775807, 0, 9223372036739200807
2, 7706, 0, 9223372036854775807, 0, 9223372036739185807
2, 7707, 0, 9223372036854775807, 0, 9223372036739170807
2, 7708, 0, 9223372036854775807, 0, 9223372036739155807
2, 7709, 0, 9223372036854775807, 0, 9223372036739140807
2, 771, 0, 9223372036854775807, 0, 9223372036843210807
2, 7710, 0, 9223372036854775807, 0, 9223372036739125807
2, 7711, 0, 9223372036854775807, 0, 9223372036739110807
2, 7712, 0, 9223372036854775807, 0, 9223372036739095807
2, 7713, 0, 9223372036854775807, 0, 9223372036739080807
2, 7714, 0, 9223372036854775807, 0, 9223372036739065807
2, 7715, 0, 9223372036854775807, 0, 9223372036739050807
2, 7716, 0, 9223372036854775807, 0, 9223372036739035807
2, 7717, 0, 9223372036854775807, 0, 9223372036739020807
2, 7718, 0, 9223372036854775807, 0, 9223372036739005807
2, 7719, 0, 9223372036854775807, 0, 9223372036738990807
2, 772, 0, 9223372036854775807, 0, 9223372036843195807
2, 7720, 0, 9223372036854775807, 0, 9223372036738975807
2, 7721, 0, 9223372036854775807, 0, 9223372036738960807
2, 7722, 0, 9223372036854775807, 0, 9223372036738945807
2, 7723, 0, 9223372036854775807, 0, 9223372036738930807
2, 7724, 0, 9223372036854775807, 0, 9223372036738915807
2, 7725, 0, 9223372036854775807, 0, 9223372036738900807
2, 7726, 0, 9223372036854775807, 0, 9223372036738885807
2, 7727, 0, 9223372036854775807, 0, 9223372036738870807
2, 7728, 0, 9223372036854775807, 0, 9223372036738855807
2, 7729, 0, 9223372036854775807, 0, 9223372036738840807
2, 773, 0, 9223372036854775807, 0, 9223372036843180807
2, 7730, 0, 9223372036854775807, 0, 9223372036738825807
2, 7731, 0, 9223372036854775807, 0, 9223372036738810807
2, 7732, 0, 9223372036854775807, 0, 9223372036738795807
2, 7733, 0, 9223372036854775807, 0, 9223372036738780807
2, 7734, 0, 9223372036854775807, 0, 9223372036738765807
2, 7735, 0, 9223372036854775807, 0, 9223372036738750807
2, 7736, 0, 9223372036854775807, 0, 9223372036738735807
2, 7737, 0, 9223372036854775807, 0, 9223372036738720807
2, 7738, 0, 9223372036854775807, 0, 9223372036738705807
2, 7739, 0, 9223372036854775807, 0, 9223372036738690807
2, 774, 0, 9223372036854775807, 0, 9223372036843165807
2, 7740, 0, 9223372036854775807, 0, 9223372036738675807
2, 7741, 0, 9223372036854775807, 0, 9223372036738660807
2, 7742, 0, 9223372036854775807, 0, 9223372036738645807
2, 7743, 0, 9223372036854775807, 0, 9223372036738630807
2, 7744, 0, 9223372036854775807, 0, 9223372036738615807
2, 7745, 0, 9223372036854775807, 0, 9223372036738600807
2, 7746, 0, 9223372036854775807, 0, 9223372036738585807
2, 7747, 0, 9223372036854775807, 0, 9223372036738570807
2, 7748, 0, 9223372036854775807, 0, 9223372036738555807
2, 7749, 0, 9223372036854775807, 0, 9223372036738540807
2, 775, 0, 9223372036854775807, 0, 9223372036843150807
2, 7750, 0, 9223372036854775807, 0, 9223372036738525807
2, 7751, 0, 9223372036854775807, 0, 9223372036738510807
2, 7752, 0, 9223372036854775807, 0, 9223372036738495807
2, 7753, 0, 9223372036854775807, 0, 9223372036738480807
2, 7754, 0, 9223372036854775807, 0, 9223372036738465807
2, 7755, 0, 9223372036854775807, 0, 9223372036738450807
2, 7756, 0, 9223372036854775807, 0, 9223372036738435807
2, 7757, 0, 9223372036854775807, 0, 9223372036738420807
2, 7758, 0, 9223372036854775807, 0, 9223372036738405807
2, 7759, 0, 9223372036854775807, 0, 9223372036738390807
2, 776, 0, 9223372036854775807, 0, 9223372036843135807
2, 7760, 0, 9223372036854775807, 0, 9223372036738375807
2, 7761, 0, 9223372036854775807, 0, 9223372036738360807
2, 7762, 0, 9223372036854775807, 0, 9223372036738345807
2, 7763, 0, 9223372036854775807, 0, 9223372036738330807
2, 7764, 0, 9223372036854775807, 0, 9223372036738315807
2, 7765, 0, 9223372036854775807, 0, 9223372036738300807
2, 7766, 0, 9223372036854775807, 0, 9223372036738285807
2, 7767, 0, 9223372036854775807, 0, 9223372036738270807
2, 7768, 0, 9223372036854775807, 0, 9223372036738255807
2, 7769, 0, 9223372036854775807, 0, 9223372036738240807
2, 777, 0, 9223372036854775807, 0, 9223372036843120807
2, 7770, 0, 9223372036854775807, 0, 9223372036738225807
2, 7771, 0, 9223372036854775807, 0, 9223372036738210807
2, 7772, 0, 9223372036854775807, 0, 9223372036738195807
2, 7773, 0, 9223372036854775807, 0, 9223372036738180807
2, 7774, 0, 9223372036854775807, 0, 9223372036738165807
2, 7775, 0, 9223372036854775807, 0, 9223372036738150807
2, 7776, 0, 9223372036854775807, 0, 9223372036738135807
2, 7777, 0, 9223372036854775807, 0, 9223372036738120807
2, 7778, 0, 9223372036854775807, 0, 9223372036738105807
2, 7779, 0, 9223372036854775807, 0, 9223372036738090807
2, 778, 0, 9223372036854775807, 0, 9223372036843105807
2, 7780, 0, 9223372036854775807, 0, 9223372036738075807
2, 7781, 0, 9223372036854775807, 0, 9223372036738060807
2, 7782, 0, 9223372036854775807, 0, 9223372036738045807
2, 7783, 0, 9223372036854775807, 0, 9223372036738030807
2, 7784, 0, 9223372036854775807, 0, 9223372036738015807
2, 7785, 0, 9223372036854775807, 0, 9223372036738000807
2, 7786, 0, 9223372036854775807, 0, 9223372036737985807
2, 7787, 0, 9223372036854775807, 0, 9223372036737970807
2, 7788, 0, 9223372036854775807, 0, 9223372036737955807
2, 7789, 0, 9223372036854775807, 0, 9223372036737940807
2, 779, 0, 9223372036854775807, 0, 9223372036843090807
2, 7790, 0, 9223372036854775807, 0, 9223372036737925807
2, 7791, 0, 9223372036854775807, 0, 9223372036737910807
2, 7792, 0, 9223372036854775807, 0, 9223372036737895807
2, 7793, 0, 9223372036854775807, 0, 9223372036737880807
2, 7794, 0, 9223372036854775807, 0, 9223372036737865807
2, 7795, 0, 9223372036854775807, 0, 9223372036737850807
2, 7796, 0, 9223372036854775807, 0, 9223372036737835807
2, 7797, 0, 9223372036854775807, 0, 9223372036737820807
2, 7798, 0, 9223372036854775807, 0, 9223372036737805807
2, 7799, 0, 9223372036854775807, 0, 9223372036737790807
2, 78, 0, 9223372036854775807, 0, 9223372036853605807
2, 780, 0, 9223372036854775807, 0, 9223372036843075807
2, 7800, 0, 9223372036854775807, 0, 9223372036737775807
2, 7801, 0, 9223372036854775807, 0, 9223372036737760807
2, 7802, 0, 9223372036854775807, 0, 9223372036737745807
2, 7803, 0, 9223372036854775807, 0, 9223372036737730807
2, 7804, 0, 9223372036854775807, 0, 9223372036737715807
2, 7805, 0, 9223372036854775807, 0, 9223372036737700807
2, 7806, 0, 9223372036854775807, 0, 9223372036737685807
2, 7807, 0, 9223372036854775807, 0, 9223372036737670807
2, 7808, 0, 9223372036854775807, 0, 9223372036737655807
2, 7809, 0, 9223372036854775807, 0, 9223372036737640807
2, 781, 0, 9223372036854775807, 0, 9223372036843060807
2, 7810, 0, 9223372036854775807, 0, 9223372036737625807
2, 7811, 0, 9223372036854775807, 0, 9223372036737610807
2, 7812, 0, 9223372036854775807, 0, 9223372036737595807
2, 7813, 0, 9223372036854775807, 0, 9223372036737580807
2, 7814, 0, 9223372036854775807, 0, 9223372036737565807
2, 7815, 0, 9223372036854775807, 0, 9223372036737550807
2, 7816, 0, 9223372036854775807, 0, 9223372036737535807
2, 7817, 0, 9223372036854775807, 0, 9223372036737520807
2, 7818, 0, 9223372036854775807, 0, 9223372036737505807
2, 7819, 0, 9223372036854775807, 0, 9223372036737490807
2, 782, 0, 9223372036854775807, 0, 9223372036843045807
2, 7820, 0, 9223372036854775807, 0, 9223372036737475807
2, 7821, 0, 9223372036854775807, 0, 9223372036737460807
2, 7822, 0, 9223372036854775807, 0, 9223372036737445807
2, 7823, 0, 9223372036854775807, 0, 9223372036737430807
2, 7824, 0, 9223372036854775807, 0, 9223372036737415807
2, 7825, 0, 9223372036854775807, 0, 9223372036737400807
2, 7826, 0, 9223372036854775807, 0, 9223372036737385807
2, 7827, 0, 9223372036854775807, 0, 9223372036737370807
2, 7828, 0, 9223372036854775807, 0, 9223372036737355807
2, 7829, 0, 9223372036854775807, 0, 9223372036737340807
2, 783, 0, 9223372036854775807, 0, 9223372036843030807
2, 7830, 0, 9223372036854775807, 0, 9223372036737325807
2, 7831, 0, 9223372036854775807, 0, 9223372036737310807
2, 7832, 0, 9223372036854775807, 0, 9223372036737295807
2, 7833, 0, 9223372036854775807, 0, 9223372036737280807
2, 7834, 0, 9223372036854775807, 0, 9223372036737265807
2, 7835, 0, 9223372036854775807, 0, 9223372036737250807
2, 7836, 0, 9223372036854775807, 0, 9223372036737235807
2, 7837, 0, 9223372036854775807, 0, 9223372036737220807
2, 7838, 0, 9223372036854775807, 0, 9223372036737205807
2, 7839, 0, 9223372036854775807, 0, 9223372036737190807
2, 784, 0, 9223372036854775807, 0, 9223372036843015807
2, 7840, 0, 9223372036854775807, 0, 9223372036737175807
2, 7841, 0, 9223372036854775807, 0, 9223372036737160807
2, 7842, 0, 9223372036854775807, 0, 9223372036737145807
2, 7843, 0, 9223372036854775807, 0, 9223372036737130807
2, 7844, 0, 9223372036854775807, 0, 9223372036737115807
2, 7845, 0, 9223372036854775807, 0, 9223372036737100807
2, 7846, 0, 9223372036854775807, 0, 9223372036737085807
2, 7847, 0, 9223372036854775807, 0, 9223372036737070807
2, 7848, 0, 9223372036854775807, 0, 9223372036737055807
2, 7849, 0, 9223372036854775807, 0, 9223372036737040807
2, 785, 0, 9223372036854775807, 0, 9223372036843000807
2, 7850, 0, 9223372036854775807, 0, 9223372036737025807
2, 7851, 0, 9223372036854775807, 0, 9223372036737010807
2, 7852, 0, 9223372036854775807, 0, 9223372036736995807
2, 7853, 0, 9223372036854775807, 0, 9223372036736980807
2, 786, 0, 9223372036854775807, 0, 9223372036842985807
2, 787, 0, 9223372036854775807, 0, 9223372036842970807
2, 788, 0, 9223372036854775807, 0, 9223372036842955807
2, 789, 0, 9223372036854775807, 0, 9223372036842940807
2, 79, 0, 9223372036854775807, 0, 9223372036853590807
2, 790, 0, 9223372036854775807, 0, 9223372036842925807
2, 791, 0, 9223372036854775807, 0, 9223372036842910807
2, 792, 0, 9223372036854775807, 0, 9223372036842895807
2, 793, 0, 9223372036854775807, 0, 9223372036842880807
2, 794, 0, 9223372036854775807, 0, 9223372036842865807
2, 795, 0, 9223372036854775807, 0, 9223372036842850807
2, 796, 0, 9223372036854775807, 0, 9223372036842835807
2, 797, 0, 9223372036854775807, 0, 9223372036842820807
2, 798, 0, 9223372036854775807, 0, 9223372036842805807
2, 799, 0, 9223372036854775807, 0, 9223372036842790807
2, 8, 0, 9223372036854775807, 0, 9223372036854655807
2, 80, 0, 9223372036854775807, 0, 9223372036853575807
2, 800, 0, 9223372036854775807, 0, 9223372036842775807
2, 801, 0, 9223372036854775807, 0, 9223372036842760807
2, 802, 0, 9223372036854775807, 0, 9223372036842745807
2, 803, 0, 9223372036854775807, 0, 9223372036842730807
2, 804, 0, 9223372036854775807, 0, 9223372036842715807
2, 805, 0, 9223372036854775807, 0, 9223372036842700807
2, 806, 0, 9223372036854775807, 0, 9223372036842685807
2, 807, 0, 9223372036854775807, 0, 9223372036842670807
2, 808, 0, 9223372036854775807, 0, 9223372036842655807
2, 809, 0, 9223372036854775807, 0, 9223372036842640807
2, 81, 0, 9223372036854775807, 0, 9223372036853560807
2, 810, 0, 9223372036854775807, 0, 9223372036842625807
2, 811, 0, 9223372036854775807, 0, 9223372036842610807
2, 812, 0, 9223372036854775807, 0, 9223372036842595807
2, 813, 0, 9223372036854775807, 0, 9223372036842580807
2, 814, 0, 9223372036854775807, 0, 9223372036842565807
2, 815, 0, 9223372036854775807, 0, 9223372036842550807
2, 816, 0, 9223372036854775807, 0, 9223372036842535807
2, 817, 0, 9223372036854775807, 0, 9223372036842520807
2, 818, 0, 9223372036854775807, 0, 9223372036842505807
2, 819, 0, 9223372036854775807, 0, 9223372036842490807
2, 82, 0, 9223372036854775807, 0, 9223372036853545807
2, 820, 0, 9223372036854775807, 0, 9223372036842475807
2, 821, 0, 9223372036854775807, 0, 9223372036842460807
2, 822, 0, 9223372036854775807, 0, 9223372036842445807
2, 823, 0, 9223372036854775807, 0, 9223372036842430807
2, 824, 0, 9223372036854775807, 0, 9223372036842415807
2, 825, 0, 9223372036854775807, 0, 9223372036842400807
2, 826, 0, 9223372036854775807, 0, 9223372036842385807
2, 827, 0, 9223372036854775807, 0, 9223372036842370807
2, 828, 0, 9223372036854775807, 0, 9223372036842355807
2, 829, 0, 9223372036854775807, 0, 9223372036842340807
2, 83, 0, 9223372036854775807, 0, 9223372036853530807
2, 830, 0, 9223372036854775807, 0, 9223372036842325807
2, 831, 0, 9223372036854775807, 0, 9223372036842310807
2, 832, 0, 9223372036854775807, 0, 9223372036842295807
2, 833, 0, 9223372036854775807, 0, 9223372036842280807
2, 834, 0, 9223372036854775807, 0, 9223372036842265807
2, 835, 0, 9223372036854775807, 0, 9223372036842250807
2, 836, 0, 9223372036854775807, 0, 9223372036842235807
2, 837, 0, 9223372036854775807, 0, 9223372036842220807
2, 838, 0, 9223372036854775807, 0, 9223372036842205807
2, 839, 0, 9223372036854775807, 0, 9223372036842190807
2, 84, 0, 9223372036854775807, 0, 9223372036853515807
2, 840, 0, 9223372036854775807, 0, 9223372036842175807
2, 841, 0, 9223372036854775807, 0, 9223372036842160807
2, 842, 0, 9223372036854775807, 0, 9223372036842145807
2, 843, 0, 9223372036854775807, 0, 9223372036842130807
2, 844, 0, 9223372036854775807, 0, 9223372036842115807
2, 845, 0, 9223372036854775807, 0, 9223372036842100807
2, 846, 0, 9223372036854775807, 0, 9223372036842085807
2, 847, 0, 9223372036854775807, 0, 9223372036842070807
2, 848, 0, 9223372036854775807, 0, 9223372036842055807
2, 849, 0, 9223372036854775807, 0, 9223372036842040807
2, 85, 0, 9223372036854775807, 0, 9223372036853500807
2, 850, 0, 9223372036854775807, 0, 9223372036842025807
2, 851, 0, 9223372036854775807, 0, 9223372036842010807
2, 852, 0, 9223372036854775807, 0, 9223372036841995807
2, 853, 0, 9223372036854775807, 0, 9223372036841980807
2, 854, 0, 9223372036854775807, 0, 9223372036841965807
2, 855, 0, 9223372036854775807, 0, 9223372036841950807
2, 856, 0, 9223372036854775807, 0, 9223372036841935807
2, 857, 0, 9223372036854775807, 0, 9223372036841920807
2, 858, 0, 9223372036854775807, 0, 9223372036841905807
2, 859, 0, 9223372036854775807, 0, 9223372036841890807
2, 86, 0, 9223372036854775807, 0, 9223372036853485807
2, 860, 0, 9223372036854775807, 0, 9223372036841875807
2, 861, 0, 9223372036854775807, 0, 9223372036841860807
2, 862, 0, 9223372036854775807, 0, 9223372036841845807
2, 863, 0, 9223372036854775807, 0, 9223372036841830807
2, 864, 0, 9223372036854775807, 0, 9223372036841815807
2, 865, 0, 9223372036854775807, 0, 9223372036841800807
2, 866, 0, 9223372036854775807, 0, 9223372036841785807
2, 867, 0, 9223372036854775807, 0, 9223372036841770807
2, 868, 0, 9223372036854775807, 0, 9223372036841755807
2, 869, 0, 9223372036854775807, 0, 9223372036841740807
2, 87, 0, 9223372036854775807, 0, 9223372036853470807
2, 870, 0, 9223372036854775807, 0, 9223372036841725807
2, 871, 0, 9223372036854775807, 0, 9223372036841710807
2, 872, 0, 9223372036854775807, 0, 9223372036841695807
2, 873, 0, 9223372036854775807, 0, 9223372036841680807
2, 874, 0, 9223372036854775807, 0, 9223372036841665807
2, 875, 0, 9223372036854775807, 0, 9223372036841650807
2, 876, 0, 9223372036854775807, 0, 9223372036841635807
2, 877, 0, 9223372036854775807, 0, 9223372036841620807
2, 878, 0, 9223372036854775807, 0, 9223372036841605807
2, 879, 0, 9223372036854775807, 0, 9223372036841590807
2, 88, 0, 9223372036854775807, 0, 9223372036853455807
2, 880, 0, 9223372036854775807, 0, 9223372036841575807
2, 881, 0, 9223372036854775807, 0, 9223372036841560807
2, 882, 0, 9223372036854775807, 0, 9223372036841545807
2, 883, 0, 9223372036854775807, 0, 9223372036841530807
2, 884, 0, 9223372036854775807, 0, 9223372036841515807
2, 885, 0, 9223372036854775807, 0, 9223372036841500807
2, 886, 0, 9223372036854775807, 0, 9223372036841485807
2, 887, 0, 9223372036854775807, 0, 9223372036841470807
2, 888, 0, 9223372036854775807, 0, 9223372036841455807
2, 889, 0, 9223372036854775807, 0, 9223372036841440807
2, 89, 0, 9223372036854775807, 0, 9223372036853440807
2, 890, 0, 9223372036854775807, 0, 9223372036841425807
2, 891, 0, 9223372036854775807, 0, 9223372036841410807
2, 892, 0, 9223372036854775807, 0, 9223372036841395807
2, 893, 0, 9223372036854775807, 0, 9223372036841380807
2, 894, 0, 9223372036854775807, 0, 9223372036841365807
2, 895, 0, 9223372036854775807, 0, 9223372036841350807
2, 896, 0, 9223372036854775807, 0, 9223372036841335807
2, 897, 0, 9223372036854775807, 0, 9223372036841320807
2, 898, 0, 9223372036854775807, 0, 9223372036841305807
2, 899, 0, 9223372036854775807, 0, 9223372036841290807
2, 9, 0, 9223372036854775807, 0, 9223372036854640807
2, 90, 0, 9223372036854775807, 0, 9223372036853425807
2, 900, 0, 9223372036854775807, 0, 9223372036841275807
2, 901, 0, 9223372036854775807, 0, 9223372036841260807
2, 902, 0, 9223372036854775807, 0, 9223372036841245807
2, 903, 0, 9223372036854775807, 0, 9223372036841230807
2, 904, 0, 9223372036854775807, 0, 9223372036841215807
2, 905, 0, 9223372036854775807, 0, 9223372036841200807
2, 906, 0, 9223372036854775807, 0, 9223372036841185807
2, 907, 0, 9223372036854775807, 0, 9223372036841170807
2, 908, 0, 9223372036854775807, 0, 9223372036841155807
2, 909, 0, 9223372036854775807, 0, 9223372036841140807
2, 91, 0, 9223372036854775807, 0, 9223372036853410807
2, 910, 0, 9223372036854775807, 0, 9223372036841125807
2, 911, 0, 9223372036854775807, 0, 9223372036841110807
2, 912, 0, 9223372036854775807, 0, 9223372036841095807
2, 913, 0, 9223372036854775807, 0, 9223372036841080807
2, 914, 0, 9223372036854775807, 0, 9223372036841065807
2, 915, 0, 9223372036854775807, 0, 9223372036841050807
2, 916, 0, 9223372036854775807, 0, 9223372036841035807
2, 917, 0, 9223372036854775807, 0, 9223372036841020807
2, 918, 0, 9223372036854775807, 0, 9223372036841005807
2, 919, 0, 9223372036854775807, 0, 9223372036840990807
2, 92, 0, 9223372036854775807, 0, 9223372036853395807
2, 920, 0, 9223372036854775807, 0, 9223372036840975807
2, 921, 0, 9223372036854775807, 0, 9223372036840960807
2, 922, 0, 9223372036854775807, 0, 9223372036840945807
2, 923, 0, 9223372036854775807, 0, 9223372036840930807
2, 924, 0, 9223372036854775807, 0, 9223372036840915807
2, 925, 0, 9223372036854775807, 0, 9223372036840900807
2, 926, 0, 9223372036854775807, 0, 9223372036840885807
2, 927, 0, 9223372036854775807, 0, 9223372036840870807
2, 928, 0, 9223372036854775807, 0, 9223372036840855807
2, 929, 0, 9223372036854775807, 0, 9223372036840840807
2, 93, 0, 9223372036854775807, 0, 9223372036853380807
2, 930, 0, 9223372036854775807, 0, 9223372036840825807
2, 931, 0, 9223372036854775807, 0, 9223372036840810807
2, 932, 0, 9223372036854775807, 0, 9223372036840795807
2, 933, 0, 9223372036854775807, 0, 9223372036840780807
2, 934, 0, 9223372036854775807, 0, 9223372036840765807
2, 935, 0, 9223372036854775807, 0, 9223372036840750807
2, 936, 0, 9223372036854775807, 0, 9223372036840735807
2, 937, 0, 9223372036854775807, 0, 9223372036840720807
2, 938, 0, 9223372036854775807, 0, 9223372036840705807
2, 939, 0, 9223372036854775807, 0, 9223372036840690807
2, 94, 0, 9223372036854775807, 0, 9223372036853365807
2, 940, 0, 9223372036854775807, 0, 9223372036840675807
2, 941, 0, 9223372036854775807, 0, 9223372036840660807
2, 942, 0, 9223372036854775807, 0, 9223372036840645807
2, 943, 0, 9223372036854775807, 0, 9223372036840630807
2, 944, 0, 9223372036854775807, 0, 9223372036840615807
2, 945, 0, 9223372036854775807, 0, 9223372036840600807
2, 946, 0, 9223372036854775807, 0, 9223372036840585807
2, 947, 0, 9223372036854775807, 0, 9223372036840570807
2, 948, 0, 9223372036854775807, 0, 9223372036840555807
2, 949, 0, 9223372036854775807, 0, 9223372036840540807
2, 95, 0, 9223372036854775807, 0, 9223372036853350807
2, 950, 0, 9223372036854775807, 0, 9223372036840525807
2, 951, 0, 9223372036854775807, 0, 9223372036840510807
2, 952, 0, 9223372036854775807, 0, 9223372036840495807
2, 953, 0, 9223372036854775807, 0, 9223372036840480807
2, 954, 0, 9223372036854775807, 0, 9223372036840465807
2, 955, 0, 9223372036854775807, 0, 9223372036840450807
2, 956, 0, 9223372036854775807, 0, 9223372036840435807
2, 957, 0, 9223372036854775807, 0, 9223372036840420807
2, 958, 0, 9223372036854775807, 0, 9223372036840405807
2, 959, 0, 9223372036854775807, 0, 9223372036840390807
2, 96, 0, 9223372036854775807, 0, 9223372036853335807
2, 960, 0, 9223372036854775807, 0, 9223372036840375807
2, 961, 0, 9223372036854775807, 0, 9223372036840360807
2, 962, 0, 9223372036854775807, 0, 9223372036840345807
2, 963, 0, 9223372036854775807, 0, 9223372036840330807
2, 964, 0, 9223372036854775807, 0, 9223372036840315807
2, 965, 0, 9223372036854775807, 0, 9223372036840300807
2, 966, 0, 9223372036854775807, 0, 9223372036840285807
2, 967, 0, 9223372036854775807, 0, 9223372036840270807
2, 968, 0, 9223372036854775807, 0, 9223372036840255807
2, 969, 0, 9223372036854775807, 0, 9223372036840240807
2, 97, 0, 9223372036854775807, 0, 9223372036853320807
2, 970, 0, 9223372036854775807, 0, 9223372036840225807
2, 971, 0, 9223372036854775807, 0, 9223372036840210807
2, 972, 0, 9223372036854775807, 0, 9223372036840195807
2, 973, 0, 9223372036854775807, 0, 9223372036840180807
2, 974, 0, 9223372036854775807, 0, 9223372036840165807
2, 975, 0, 9223372036854775807, 0, 9223372036840150807
2, 976, 0, 9223372036854775807, 0, 9223372036840135807
2, 977, 0, 9223372036854775807, 0, 9223372036840120807
2, 978, 0, 9223372036854775807, 0, 9223372036840105807
2, 979, 0, 9223372036854775807, 0, 9223372036840090807
2, 98, 0, 9223372036854775807, 0, 9223372036853305807
2, 980, 0, 9223372036854775807, 0, 9223372036840075807
2, 981, 0, 9223372036854775807, 0, 9223372036840060807
2, 982, 0, 9223372036854775807, 0, 9223372036840045807
2, 983, 0, 9223372036854775807, 0, 9223372036840030807
2, 984, 0, 9223372036854775807, 0, 9223372036840015807
2, 985, 0, 9223372036854775807, 0, 9223372036840000807
2, 986, 0, 9223372036854775807, 0, 9223372036839985807
2, 987, 0, 9223372036854775807, 0, 9223372036839970807
2, 988, 0, 9223372036854775807, 0, 9223372036839955807
2, 989, 0, 9223372036854775807, 0, 9223372036839940807
2, 99, 0, 9223372036854775807, 0, 9223372036853290807
2, 990, 0, 9223372036854775807, 0, 9223372036839925807
2, 991, 0, 9223372036854775807, 0, 9223372036839910807
2, 992, 0, 9223372036854775807, 0, 9223372036839895807
2, 993, 0, 9223372036854775807, 0, 9223372036839880807
2, 994, 0, 9223372036854775807, 0, 9223372036839865807
2, 995, 0, 9223372036854775807, 0, 9223372036839850807
2, 996, 0, 9223372036854775807, 0, 9223372036839835807
2, 997, 0, 9223372036854775807, 0, 9223372036839820807
2, 998, 0, 9223372036854775807, 0, 9223372036839805807
2, 999, 0, 9223372036854775807, 0, 9223372036839790807
3, 0, 1626, 10159, 1626, 10159
3, 1, 16626, 29839, 1626, 14839
3, 10, 0, 9223372036854775807, 0, 9223372036854625807
3, 100, 0, 9223372036854775807, 0, 9223372036853275807
3, 1000, 0, 9223372036854775807, 0, 9223372036839775807
3, 1001, 0, 9223372036854775807, 0, 9223372036839760807
3, 1002, 0, 9223372036854775807, 0, 9223372036839745807
3, 1003, 0, 9223372036854775807, 0, 9223372036839730807
3, 1004, 0, 9223372036854775807, 0, 9223372036839715807
3, 1005, 0, 9223372036854775807, 0, 9223372036839700807
3, 1006, 0, 9223372036854775807, 0, 9223372036839685807
3, 1007, 0, 9223372036854775807, 0, 9223372036839670807
3, 1008, 0, 9223372036854775807, 0, 9223372036839655807
3, 1009, 0, 9223372036854775807, 0, 9223372036839640807
3, 101, 0, 9223372036854775807, 0, 9223372036853260807
3, 1010, 0, 9223372036854775807, 0, 9223372036839625807
3, 1011, 0, 9223372036854775807, 0, 9223372036839610807
3, 1012, 0, 9223372036854775807, 0, 9223372036839595807
3, 1013, 0, 9223372036854775807, 0, 9223372036839580807
3, 1014, 0, 9223372036854775807, 0, 9223372036839565807
3, 1015, 0, 9223372036854775807, 0, 9223372036839550807
3, 1016, 0, 9223372036854775807, 0, 9223372036839535807
3, 1017, 0, 9223372036854775807, 0, 9223372036839520807
3, 1018, 0, 9223372036854775807, 0, 9223372036839505807
3, 1019, 0, 9223372036854775807, 0, 9223372036839490807
3, 102, 0, 9223372036854775807, 0, 9223372036853245807
3, 1020, 0, 9223372036854775807, 0, 9223372036839475807
3, 1021, 0, 9223372036854775807, 0, 9223372036839460807
3, 1022, 0, 9223372036854775807, 0, 9223372036839445807
3, 1023, 0, 9223372036854775807, 0, 9223372036839430807
3, 1024, 0, 9223372036854775807, 0, 9223372036839415807
3, 1025, 0, 9223372036854775807, 0, 9223372036839400807
3, 1026, 0, 9223372036854775807, 0, 9223372036839385807
3, 1027, 0, 9223372036854775807, 0, 9223372036839370807
3, 1028, 0, 9223372036854775807, 0, 9223372036839355807
3, 1029, 0, 9223372036854775807, 0, 9223372036839340807
3, 103, 0, 9223372036854775807, 0, 9223372036853230807
3, 1030, 0, 9223372036854775807, 0, 9223372036839325807
3, 1031, 0, 9223372036854775807, 0, 9223372036839310807
3, 1032, 0, 9223372036854775807, 0, 9223372036839295807
3, 1033, 0, 9223372036854775807, 0, 9223372036839280807
3, 1034, 0, 9223372036854775807, 0, 9223372036839265807
3, 1035, 0, 9223372036854775807, 0, 9223372036839250807
3, 1036, 0, 9223372036854775807, 0, 9223372036839235807
3, 1037, 0, 9223372036854775807, 0, 9223372036839220807
3, 1038, 0, 9223372036854775807, 0, 9223372036839205807
3, 1039, 0, 9223372036854775807, 0, 9223372036839190807
3, 104, 0, 9223372036854775807, 0, 9223372036853215807
3, 1040, 0, 9223372036854775807, 0, 9223372036839175807
3, 1041, 0, 9223372036854775807, 0, 9223372036839160807
3, 1042, 0, 9223372036854775807, 0, 9223372036839145807
3, 1043, 0, 9223372036854775807, 0, 9223372036839130807
3, 1044, 0, 9223372036854775807, 0, 9223372036839115807
3, 1045, 0, 9223372036854775807, 0, 9223372036839100807
3, 1046, 0, 9223372036854775807, 0, 9223372036839085807
3, 1047, 0, 9223372036854775807, 0, 9223372036839070807
3, 1048, 0, 9223372036854775807, 0, 9223372036839055807
3, 1049, 0, 9223372036854775807, 0, 9223372036839040807
3, 105, 0, 9223372036854775807, 0, 9223372036853200807
3, 1050, 0, 9223372036854775807, 0, 9223372036839025807
3, 1051, 0, 9223372036854775807, 0, 9223372036839010807
3, 1052, 0, 9223372036854775807, 0, 9223372036838995807
3, 1053, 0, 9223372036854775807, 0, 9223372036838980807
3, 1054, 0, 9223372036854775807, 0, 9223372036838965807
3, 1055, 0, 9223372036854775807, 0, 9223372036838950807
3, 1056, 0, 9223372036854775807, 0, 9223372036838935807
3, 1057, 0, 9223372036854775807, 0, 9223372036838920807
3, 1058, 0, 9223372036854775807, 0, 9223372036838905807
3, 1059, 0, 9223372036854775807, 0, 9223372036838890807
3, 106, 0, 9223372036854775807, 0, 9223372036853185807
3, 1060, 0, 9223372036854775807, 0, 9223372036838875807
3, 1061, 0, 9223372036854775807, 0, 9223372036838860807
3, 1062, 0, 9223372036854775807, 0, 9223372036838845807
3, 1063, 0, 9223372036854775807, 0, 9223372036838830807
3, 1064, 0, 9223372036854775807, 0, 9223372036838815807
3, 1065, 0, 9223372036854775807, 0, 9223372036838800807
3, 1066, 0, 9223372036854775807, 0, 9223372036838785807
3, 1067, 0, 9223372036854775807, 0, 9223372036838770807
3, 1068, 0, 9223372036854775807, 0, 9223372036838755807
3, 1069, 0, 9223372036854775807, 0, 9223372036838740807
3, 107, 0, 9223372036854775807, 0, 9223372036853170807
3, 1070, 0, 9223372036854775807, 0, 9223372036838725807
3, 1071, 0, 9223372036854775807, 0, 9223372036838710807
3, 1072, 0, 9223372036854775807, 0, 9223372036838695807
3, 1073, 0, 9223372036854775807, 0, 9223372036838680807
3, 1074, 0, 9223372036854775807, 0, 9223372036838665807
3, 1075, 0, 9223372036854775807, 0, 9223372036838650807
3, 1076, 0, 9223372036854775807, 0, 9223372036838635807
3, 1077, 0, 9223372036854775807, 0, 9223372036838620807
3, 1078, 0, 9223372036854775807, 0, 9223372036838605807
3, 1079, 0, 9223372036854775807, 0, 9223372036838590807
3, 108, 0, 9223372036854775807, 0, 9223372036853155807
3, 1080, 0, 9223372036854775807, 0, 9223372036838575807
3, 1081, 0, 9223372036854775807, 0, 9223372036838560807
3, 1082, 0, 9223372036854775807, 0, 9223372036838545807
3, 1083, 0, 9223372036854775807, 0, 9223372036838530807
3, 1084, 0, 9223372036854775807, 0, 9223372036838515807
3, 1085, 0, 9223372036854775807, 0, 9223372036838500807
3, 1086, 0, 9223372036854775807, 0, 9223372036838485807
3, 1087, 0, 9223372036854775807, 0, 9223372036838470807
3, 1088, 0, 9223372036854775807, 0, 9223372036838455807
3, 1089, 0, 9223372036854775807, 0, 9223372036838440807
3, 109, 0, 9223372036854775807, 0, 9223372036853140807
3, 1090, 0, 9223372036854775807, 0, 9223372036838425807
3, 1091, 0, 9223372036854775807, 0, 9223372036838410807
3, 1092, 0, 9223372036854775807, 0, 9223372036838395807
3, 1093, 0, 9223372036854775807, 0, 9223372036838380807
3, 1094, 0, 9223372036854775807, 0, 9223372036838365807
3, 1095, 0, 9223372036854775807, 0, 9223372036838350807
3, 1096, 0, 9223372036854775807, 0, 9223372036838335807
3, 1097, 0, 9223372036854775807, 0, 9223372036838320807
3, 1098, 0, 9223372036854775807, 0, 9223372036838305807
3, 1099, 0, 9223372036854775807, 0, 9223372036838290807
3, 11, 0, 9223372036854775807, 0, 9223372036854610807
3, 110, 0, 9223372036854775807, 0, 9223372036853125807
3, 1100, 0, 9223372036854775807, 0, 9223372036838275807
3, 1101, 0, 9223372036854775807, 0, 9223372036838260807
3, 1102, 0, 9223372036854775807, 0, 9223372036838245807
3, 1103, 0, 9223372036854775807, 0, 9223372036838230807
3, 1104, 0, 9223372036854775807, 0, 9223372036838215807
3, 1105, 0, 9223372036854775807, 0, 9223372036838200807
3, 1106, 0, 9223372036854775807, 0, 9223372036838185807
3, 1107, 0, 9223372036854775807, 0, 9223372036838170807
3, 1108, 0, 9223372036854775807, 0, 9223372036838155807
3, 1109, 0, 9223372036854775807, 0, 9223372036838140807
3, 111, 0, 9223372036854775807, 0, 9223372036853110807
3, 1110, 0, 9223372036854775807, 0, 9223372036838125807
3, 1111, 0, 9223372036854775807, 0, 9223372036838110807
3, 1112, 0, 9223372036854775807, 0, 9223372036838095807
3, 1113, 0, 9223372036854775807, 0, 9223372036838080807
3, 1114, 0, 9223372036854775807, 0, 9223372036838065807
3, 1115, 0, 9223372036854775807, 0, 9223372036838050807
3, 1116, 0, 9223372036854775807, 0, 9223372036838035807
3, 1117, 0, 9223372036854775807, 0, 9223372036838020807
3, 1118, 0, 9223372036854775807, 0, 9223372036838005807
3, 1119, 0, 9223372036854775807, 0, 9223372036837990807
3, 112, 0, 9223372036854775807, 0, 9223372036853095807
3, 1120, 0, 9223372036854775807, 0, 9223372036837975807
3, 1121, 0, 9223372036854775807, 0, 9223372036837960807
3, 1122, 0, 9223372036854775807, 0, 9223372036837945807
3, 1123, 0, 9223372036854775807, 0, 9223372036837930807
3, 1124, 0, 9223372036854775807, 0, 9223372036837915807
3, 1125, 0, 9223372036854775807, 0, 9223372036837900807
3, 1126, 0, 9223372036854775807, 0, 9223372036837885807
3, 1127, 0, 9223372036854775807, 0, 9223372036837870807
3, 1128, 0, 9223372036854775807, 0, 9223372036837855807
3, 1129, 0, 9223372036854775807, 0, 9223372036837840807
3, 113, 0, 9223372036854775807, 0, 9223372036853080807
3, 1130, 0, 9223372036854775807, 0, 9223372036837825807
3, 1131, 0, 9223372036854775807, 0, 9223372036837810807
3, 1132, 0, 9223372036854775807, 0, 9223372036837795807
3, 1133, 0, 9223372036854775807, 0, 9223372036837780807
3, 1134, 0, 9223372036854775807, 0, 9223372036837765807
3, 1135, 0, 9223372036854775807, 0, 9223372036837750807
3, 1136, 0, 9223372036854775807, 0, 9223372036837735807
3, 1137, 0, 9223372036854775807, 0, 9223372036837720807
3, 1138, 0, 9223372036854775807, 0, 9223372036837705807
3, 1139, 0, 9223372036854775807, 0, 9223372036837690807
3, 114, 0, 9223372036854775807, 0, 9223372036853065807
3, 1140, 0, 9223372036854775807, 0, 9223372036837675807
3, 1141, 0, 9223372036854775807, 0, 9223372036837660807
3, 1142, 0, 9223372036854775807, 0, 9223372036837645807
3, 1143, 0, 9223372036854775807, 0, 9223372036837630807
3, 1144, 0, 9223372036854775807, 0, 9223372036837615807
3, 1145, 0, 9223372036854775807, 0, 9223372036837600807
3, 1146, 0, 9223372036854775807, 0, 9223372036837585807
3, 1147, 0, 9223372036854775807, 0, 9223372036837570807
3, 1148, 0, 9223372036854775807, 0, 9223372036837555807
3, 1149, 0, 9223372036854775807, 0, 9223372036837540807
3, 115, 0, 9223372036854775807, 0, 9223372036853050807
3, 1150, 0, 9223372036854775807, 0, 9223372036837525807
3, 1151, 0, 9223372036854775807, 0, 9223372036837510807
3, 1152, 0, 9223372036854775807, 0, 9223372036837495807
3, 1153, 0, 9223372036854775807, 0, 9223372036837480807
3, 1154, 0, 9223372036854775807, 0, 9223372036837465807
3, 1155, 0, 9223372036854775807, 0, 9223372036837450807
3, 1156, 0, 9223372036854775807, 0, 9223372036837435807
3, 1157, 0, 9223372036854775807, 0, 9223372036837420807
3, 1158, 0, 9223372036854775807, 0, 9223372036837405807
3, 1159, 0, 9223372036854775807, 0, 9223372036837390807
3, 116, 0, 9223372036854775807, 0, 9223372036853035807
3, 1160, 0, 9223372036854775807, 0, 9223372036837375807
3, 1161, 0, 9223372036854775807, 0, 9223372036837360807
3, 1162, 0, 9223372036854775807, 0, 9223372036837345807
3, 1163, 0, 9223372036854775807, 0, 9223372036837330807
3, 1164, 0, 9223372036854775807, 0, 9223372036837315807
3, 1165, 0, 9223372036854775807, 0, 9223372036837300807
3, 1166, 0, 9223372036854775807, 0, 9223372036837285807
3, 1167, 0, 9223372036854775807, 0, 9223372036837270807
3, 1168, 0, 9223372036854775807, 0, 9223372036837255807
3, 1169, 0, 9223372036854775807, 0, 9223372036837240807
3, 117, 0, 9223372036854775807, 0, 9223372036853020807
3, 1170, 0, 9223372036854775807, 0, 9223372036837225807
3, 1171, 0, 9223372036854775807, 0, 9223372036837210807
3, 1172, 0, 9223372036854775807, 0, 9223372036837195807
3, 1173, 0, 9223372036854775807, 0, 9223372036837180807
3, 1174, 0, 9223372036854775807, 0, 9223372036837165807
3, 1175, 0, 9223372036854775807, 0, 9223372036837150807
3, 1176, 0, 9223372036854775807, 0, 9223372036837135807
3, 1177, 0, 9223372036854775807, 0, 9223372036837120807
3, 1178, 0, 9223372036854775807, 0, 9223372036837105807
3, 1179, 0, 9223372036854775807, 0, 9223372036837090807
3, 118, 0, 9223372036854775807, 0, 9223372036853005807
3, 1180, 0, 9223372036854775807, 0, 9223372036837075807
3, 1181, 0, 9223372036854775807, 0, 9223372036837060807
3, 1182, 0, 9223372036854775807, 0, 9223372036837045807
3, 1183, 0, 9223372036854775807, 0, 9223372036837030807
3, 1184, 0, 9223372036854775807, 0, 9223372036837015807
3, 1185, 0, 9223372036854775807, 0, 9223372036837000807
3, 1186, 0, 9223372036854775807, 0, 9223372036836985807
3, 1187, 0, 9223372036854775807, 0, 9223372036836970807
3, 1188, 0, 9223372036854775807, 0, 9223372036836955807
3, 1189, 0, 9223372036854775807, 0, 9223372036836940807
3, 119, 0, 9223372036854775807, 0, 9223372036852990807
3, 1190, 0, 9223372036854775807, 0, 9223372036836925807
3, 1191, 0, 9223372036854775807, 0, 9223372036836910807
3, 1192, 0, 9223372036854775807, 0, 9223372036836895807
3, 1193, 0, 9223372036854775807, 0, 9223372036836880807
3, 1194, 0, 9223372036854775807, 0, 9223372036836865807
3, 1195, 0, 9223372036854775807, 0, 9223372036836850807
3, 1196, 0, 9223372036854775807, 0, 9223372036836835807
3, 1197, 0, 9223372036854775807, 0, 9223372036836820807
3, 1198, 0, 9223372036854775807, 0, 9223372036836805807
3, 1199, 0, 9223372036854775807, 0, 9223372036836790807
3, 12, 0, 9223372036854775807, 0, 9223372036854595807
3, 120, 0, 9223372036854775807, 0, 9223372036852975807
3, 1200, 0, 9223372036854775807, 0, 9223372036836775807
3, 1201, 0, 9223372036854775807, 0, 9223372036836760807
3, 1202, 0, 9223372036854775807, 0, 9223372036836745807
3, 1203, 0, 9223372036854775807, 0, 9223372036836730807
3, 1204, 0, 9223372036854775807, 0, 9223372036836715807
3, 1205, 0, 9223372036854775807, 0, 9223372036836700807
3, 1206, 0, 9223372036854775807, 0, 9223372036836685807
3, 1207, 0, 9223372036854775807, 0, 9223372036836670807
3, 1208, 0, 9223372036854775807, 0, 9223372036836655807
3, 1209, 0, 9223372036854775807, 0, 9223372036836640807
3, 121, 0, 9223372036854775807, 0, 9223372036852960807
3, 1210, 0, 9223372036854775807, 0, 9223372036836625807
3, 1211, 0, 9223372036854775807, 0, 9223372036836610807
3, 1212, 0, 9223372036854775807, 0, 9223372036836595807
3, 1213, 0, 9223372036854775807, 0, 9223372036836580807
3, 1214, 0, 9223372036854775807, 0, 9223372036836565807
3, 1215, 0, 9223372036854775807, 0, 9223372036836550807
3, 1216, 0, 9223372036854775807, 0, 9223372036836535807
3, 1217, 0, 9223372036854775807, 0, 9223372036836520807
3, 1218, 0, 9223372036854775807, 0, 9223372036836505807
3, 1219, 0, 9223372036854775807, 0, 9223372036836490807
3, 122, 0, 9223372036854775807, 0, 9223372036852945807
3, 1220, 0, 9223372036854775807, 0, 9223372036836475807
3, 1221, 0, 9223372036854775807, 0, 9223372036836460807
3, 1222, 0, 9223372036854775807, 0, 9223372036836445807
3, 1223, 0, 9223372036854775807, 0, 9223372036836430807
3, 1224, 0, 9223372036854775807, 0, 9223372036836415807
3, 1225, 0, 9223372036854775807, 0, 9223372036836400807
3, 1226, 0, 9223372036854775807, 0, 9223372036836385807
3, 1227, 0, 9223372036854775807, 0, 9223372036836370807
3, 1228, 0, 9223372036854775807, 0, 9223372036836355807
3, 1229, 0, 9223372036854775807, 0, 9223372036836340807
3, 123, 0, 9223372036854775807, 0, 9223372036852930807
3, 1230, 0, 9223372036854775807, 0, 9223372036836325807
3, 1231, 0, 9223372036854775807, 0, 9223372036836310807
3, 1232, 0, 9223372036854775807, 0, 9223372036836295807
3, 1233, 0, 9223372036854775807, 0, 9223372036836280807
3, 1234, 0, 9223372036854775807, 0, 9223372036836265807
3, 1235, 0, 9223372036854775807, 0, 9223372036836250807
3, 1236, 0, 9223372036854775807, 0, 9223372036836235807
3, 1237, 0, 9223372036854775807, 0, 9223372036836220807
3, 1238, 0, 9223372036854775807, 0, 9223372036836205807
3, 1239, 0, 9223372036854775807, 0, 9223372036836190807
3, 124, 0, 9223372036854775807, 0, 9223372036852915807
3, 1240, 0, 9223372036854775807, 0, 9223372036836175807
3, 1241, 0, 9223372036854775807, 0, 9223372036836160807
3, 1242, 0, 9223372036854775807, 0, 9223372036836145807
3, 1243, 0, 9223372036854775807, 0, 9223372036836130807
3, 1244, 0, 9223372036854775807, 0, 9223372036836115807
3, 1245, 0, 9223372036854775807, 0, 9223372036836100807
3, 1246, 0, 9223372036854775807, 0, 9223372036836085807
3, 1247, 0, 9223372036854775807, 0, 9223372036836070807
3, 1248, 0, 9223372036854775807, 0, 9223372036836055807
3, 1249, 0, 9223372036854775807, 0, 9223372036836040807
3, 125, 0, 9223372036854775807, 0, 9223372036852900807
3, 1250, 0, 9223372036854775807, 0, 9223372036836025807
3, 1251, 0, 9223372036854775807, 0, 9223372036836010807
3, 1252, 0, 9223372036854775807, 0, 9223372036835995807
3, 1253, 0, 9223372036854775807, 0, 9223372036835980807
3, 1254, 0, 9223372036854775807, 0, 9223372036835965807
3, 1255, 0, 9223372036854775807, 0, 9223372036835950807
3, 1256, 0, 9223372036854775807, 0, 9223372036835935807
3, 1257, 0, 9223372036854775807, 0, 9223372036835920807
3, 1258, 0, 9223372036854775807, 0, 9223372036835905807
3, 1259, 0, 9223372036854775807, 0, 9223372036835890807
3, 126, 0, 9223372036854775807, 0, 9223372036852885807
3, 1260, 0, 9223372036854775807, 0, 9223372036835875807
3, 1261, 0, 9223372036854775807, 0, 9223372036835860807
3, 1262, 0, 9223372036854775807, 0, 9223372036835845807
3, 1263, 0, 9223372036854775807, 0, 9223372036835830807
3, 1264, 0, 9223372036854775807, 0, 9223372036835815807
3, 1265, 0, 9223372036854775807, 0, 9223372036835800807
3, 1266, 0, 9223372036854775807, 0, 9223372036835785807
3, 1267, 0, 9223372036854775807, 0, 9223372036835770807
3, 1268, 0, 9223372036854775807, 0, 9223372036835755807
3, 1269, 0, 9223372036854775807, 0, 9223372036835740807
3, 127, 0, 9223372036854775807, 0, 9223372036852870807
3, 1270, 0, 9223372036854775807, 0, 9223372036835725807
3, 1271, 0, 9223372036854775807, 0, 9223372036835710807
3, 1272, 0, 9223372036854775807, 0, 9223372036835695807
3, 1273, 0, 9223372036854775807, 0, 9223372036835680807
3, 1274, 0, 9223372036854775807, 0, 9223372036835665807
3, 1275, 0, 9223372036854775807, 0, 9223372036835650807
3, 1276, 0, 9223372036854775807, 0, 9223372036835635807
3, 1277, 0, 9223372036854775807, 0, 9223372036835620807
3, 1278, 0, 9223372036854775807, 0, 9223372036835605807
3, 1279, 0, 9223372036854775807, 0, 9223372036835590807
3, 128, 0, 9223372036854775807, 0, 9223372036852855807
3, 1280, 0, 9223372036854775807, 0, 9223372036835575807
3, 1281, 0, 9223372036854775807, 0, 9223372036835560807
3, 1282, 0, 9223372036854775807, 0, 9223372036835545807
3, 1283, 0, 9223372036854775807, 0, 9223372036835530807
3, 1284, 0, 9223372036854775807, 0, 9223372036835515807
3, 1285, 0, 9223372036854775807, 0, 9223372036835500807
3, 1286, 0, 9223372036854775807, 0, 9223372036835485807
3, 1287, 0, 9223372036854775807, 0, 9223372036835470807
3, 1288, 0, 9223372036854775807, 0, 9223372036835455807
3, 1289, 0, 9223372036854775807, 0, 9223372036835440807
3, 129, 0, 9223372036854775807, 0, 9223372036852840807
3, 1290, 0, 9223372036854775807, 0, 9223372036835425807
3, 1291, 0, 9223372036854775807, 0, 9223372036835410807
3, 1292, 0, 9223372036854775807, 0, 9223372036835395807
3, 1293, 0, 9223372036854775807, 0, 9223372036835380807
3, 1294, 0, 9223372036854775807, 0, 9223372036835365807
3, 1295, 0, 9223372036854775807, 0, 9223372036835350807
3, 1296, 0, 9223372036854775807, 0, 9223372036835335807
3, 1297, 0, 9223372036854775807, 0, 9223372036835320807
3, 1298, 0, 9223372036854775807, 0, 9223372036835305807
3, 1299, 0, 9223372036854775807, 0, 9223372036835290807
3, 13, 0, 9223372036854775807, 0, 9223372036854580807
3, 130, 0, 9223372036854775807, 0, 9223372036852825807
3, 1300, 0, 9223372036854775807, 0, 9223372036835275807
3, 1301, 0, 9223372036854775807, 0, 9223372036835260807
3, 1302, 0, 9223372036854775807, 0, 9223372036835245807
3, 1303, 0, 9223372036854775807, 0, 9223372036835230807
3, 1304, 0, 9223372036854775807, 0, 9223372036835215807
3, 1305, 0, 9223372036854775807, 0, 9223372036835200807
3, 1306, 0, 9223372036854775807, 0, 9223372036835185807
3, 1307, 0, 9223372036854775807, 0, 9223372036835170807
3, 1308, 0, 9223372036854775807, 0, 9223372036835155807
3, 1309, 0, 9223372036854775807, 0, 9223372036835140807
3, 131, 0, 9223372036854775807, 0, 9223372036852810807
3, 1310, 0, 9223372036854775807, 0, 9223372036835125807
3, 1311, 0, 9223372036854775807, 0, 9223372036835110807
3, 1312, 0, 9223372036854775807, 0, 9223372036835095807
3, 1313, 0, 9223372036854775807, 0, 9223372036835080807
3, 1314, 0, 9223372036854775807, 0, 9223372036835065807
3, 1315, 0, 9223372036854775807, 0, 9223372036835050807
3, 1316, 0, 9223372036854775807, 0, 9223372036835035807
3, 1317, 0, 9223372036854775807, 0, 9223372036835020807
3, 1318, 0, 9223372036854775807, 0, 9223372036835005807
3, 1319, 0, 9223372036854775807, 0, 9223372036834990807
3, 132, 0, 9223372036854775807, 0, 9223372036852795807
3, 1320, 0, 9223372036854775807, 0, 9223372036834975807
3, 1321, 0, 9223372036854775807, 0, 9223372036834960807
3, 1322, 0, 9223372036854775807, 0, 9223372036834945807
3, 1323, 0, 9223372036854775807, 0, 9223372036834930807
3, 1324, 0, 9223372036854775807, 0, 9223372036834915807
3, 1325, 0, 9223372036854775807, 0, 9223372036834900807
3, 1326, 0, 9223372036854775807, 0, 9223372036834885807
3, 1327, 0, 9223372036854775807, 0, 9223372036834870807
3, 1328, 0, 9223372036854775807, 0, 9223372036834855807
3, 1329, 0, 9223372036854775807, 0, 9223372036834840807
3, 133, 0, 9223372036854775807, 0, 9223372036852780807
3, 1330, 0, 9223372036854775807, 0, 9223372036834825807
3, 1331, 0, 9223372036854775807, 0, 9223372036834810807
3, 1332, 0, 9223372036854775807, 0, 9223372036834795807
3, 1333, 0, 9223372036854775807, 0, 9223372036834780807
3, 1334, 0, 9223372036854775807, 0, 9223372036834765807
3, 1335, 0, 9223372036854775807, 0, 9223372036834750807
3, 1336, 0, 9223372036854775807, 0, 9223372036834735807
3, 1337, 0, 9223372036854775807, 0, 9223372036834720807
3, 1338, 0, 9223372036854775807, 0, 9223372036834705807
3, 1339, 0, 9223372036854775807, 0, 9223372036834690807
3, 134, 0, 9223372036854775807, 0, 9223372036852765807
3, 1340, 0, 9223372036854775807, 0, 9223372036834675807
3, 1341, 0, 9223372036854775807, 0, 9223372036834660807
3, 1342, 0, 9223372036854775807, 0, 9223372036834645807
3, 1343, 0, 9223372036854775807, 0, 9223372036834630807
3, 1344, 0, 9223372036854775807, 0, 9223372036834615807
3, 1345, 0, 9223372036854775807, 0, 9223372036834600807
3, 1346, 0, 9223372036854775807, 0, 9223372036834585807
3, 1347, 0, 9223372036854775807, 0, 9223372036834570807
3, 1348, 0, 9223372036854775807, 0, 9223372036834555807
3, 1349, 0, 9223372036854775807, 0, 9223372036834540807
3, 135, 0, 9223372036854775807, 0, 9223372036852750807
3, 1350, 0, 9223372036854775807, 0, 9223372036834525807
3, 1351, 0, 9223372036854775807, 0, 9223372036834510807
3, 1352, 0, 9223372036854775807, 0, 9223372036834495807
3, 1353, 0, 9223372036854775807, 0, 9223372036834480807
3, 1354, 0, 9223372036854775807, 0, 9223372036834465807
3, 1355, 0, 9223372036854775807, 0, 9223372036834450807
3, 1356, 0, 9223372036854775807, 0, 9223372036834435807
3, 1357, 0, 9223372036854775807, 0, 9223372036834420807
3, 1358, 0, 9223372036854775807, 0, 9223372036834405807
3, 1359, 0, 9223372036854775807, 0, 9223372036834390807
3, 136, 0, 9223372036854775807, 0, 9223372036852735807
3, 1360, 0, 9223372036854775807, 0, 9223372036834375807
3, 1361, 0, 9223372036854775807, 0, 9223372036834360807
3, 1362, 0, 9223372036854775807, 0, 9223372036834345807
3, 1363, 0, 9223372036854775807, 0, 9223372036834330807
3, 1364, 0, 9223372036854775807, 0, 9223372036834315807
3, 1365, 0, 9223372036854775807, 0, 9223372036834300807
3, 1366, 0, 9223372036854775807, 0, 9223372036834285807
3, 1367, 0, 9223372036854775807, 0, 9223372036834270807
3, 1368, 0, 9223372036854775807, 0, 9223372036834255807
3, 1369, 0, 9223372036854775807, 0, 9223372036834240807
3, 137, 0, 9223372036854775807, 0, 9223372036852720807
3, 1370, 0, 9223372036854775807, 0, 9223372036834225807
3, 1371, 0, 9223372036854775807, 0, 9223372036834210807
3, 1372, 0, 9223372036854775807, 0, 9223372036834195807
3, 1373, 0, 9223372036854775807, 0, 9223372036834180807
3, 1374, 0, 9223372036854775807, 0, 9223372036834165807
3, 1375, 0, 9223372036854775807, 0, 9223372036834150807
3, 1376, 0, 9223372036854775807, 0, 9223372036834135807
3, 1377, 0, 9223372036854775807, 0, 9223372036834120807
3, 1378, 0, 9223372036854775807, 0, 9223372036834105807
3, 1379, 0, 9223372036854775807, 0, 9223372036834090807
3, 138, 0, 9223372036854775807, 0, 9223372036852705807
3, 1380, 0, 9223372036854775807, 0, 9223372036834075807
3, 1381, 0, 9223372036854775807, 0, 9223372036834060807
3, 1382, 0, 9223372036854775807, 0, 9223372036834045807
3, 1383, 0, 9223372036854775807, 0, 9223372036834030807
3, 1384, 0, 9223372036854775807, 0, 9223372036834015807
3, 1385, 0, 9223372036854775807, 0, 9223372036834000807
3, 1386, 0, 9223372036854775807, 0, 9223372036833985807
3, 1387, 0, 9223372036854775807, 0, 9223372036833970807
3, 1388, 0, 9223372036854775807, 0, 9223372036833955807
3, 1389, 0, 9223372036854775807, 0, 9223372036833940807
3, 139, 0, 9223372036854775807, 0, 9223372036852690807
3, 1390, 0, 9223372036854775807, 0, 9223372036833925807
3, 1391, 0, 9223372036854775807, 0, 9223372036833910807
3, 1392, 0, 9223372036854775807, 0, 9223372036833895807
3, 1393, 0, 9223372036854775807, 0, 9223372036833880807
3, 1394, 0, 9223372036854775807, 0, 9223372036833865807
3, 1395, 0, 9223372036854775807, 0, 9223372036833850807
3, 1396, 0, 9223372036854775807, 0, 9223372036833835807
3, 1397, 0, 9223372036854775807, 0, 9223372036833820807
3, 1398, 0, 9223372036854775807, 0, 9223372036833805807
3, 1399, 0, 9223372036854775807, 0, 9223372036833790807
3, 14, 0, 9223372036854775807, 0, 9223372036854565807
3, 140, 0, 9223372036854775807, 0, 9223372036852675807
3, 1400, 0, 9223372036854775807, 0, 9223372036833775807
3, 1401, 0, 9223372036854775807, 0, 9223372036833760807
3, 1402, 0, 9223372036854775807, 0, 9223372036833745807
3, 1403, 0, 9223372036854775807, 0, 9223372036833730807
3, 1404, 0, 9223372036854775807, 0, 9223372036833715807
3, 1405, 0, 9223372036854775807, 0, 9223372036833700807
3, 1406, 0, 9223372036854775807, 0, 9223372036833685807
3, 1407, 0, 9223372036854775807, 0, 9223372036833670807
3, 1408, 0, 9223372036854775807, 0, 9223372036833655807
3, 1409, 0, 9223372036854775807, 0, 9223372036833640807
3, 141, 0, 9223372036854775807, 0, 9223372036852660807
3, 1410, 0, 9223372036854775807, 0, 9223372036833625807
3, 1411, 0, 9223372036854775807, 0, 9223372036833610807
3, 1412, 0, 9223372036854775807, 0, 9223372036833595807
3, 1413, 0, 9223372036854775807, 0, 9223372036833580807
3, 1414, 0, 9223372036854775807, 0, 9223372036833565807
3, 1415, 0, 9223372036854775807, 0, 9223372036833550807
3, 1416, 0, 9223372036854775807, 0, 9223372036833535807
3, 1417, 0, 9223372036854775807, 0, 9223372036833520807
3, 1418, 0, 9223372036854775807, 0, 9223372036833505807
3, 1419, 0, 9223372036854775807, 0, 9223372036833490807
3, 142, 0, 9223372036854775807, 0, 9223372036852645807
3, 1420, 0, 9223372036854775807, 0, 9223372036833475807
3, 1421, 0, 9223372036854775807, 0, 9223372036833460807
3, 1422, 0, 9223372036854775807, 0, 9223372036833445807
3, 1423, 0, 9223372036854775807, 0, 9223372036833430807
3, 1424, 0, 9223372036854775807, 0, 9223372036833415807
3, 1425, 0, 9223372036854775807, 0, 9223372036833400807
3, 1426, 0, 9223372036854775807, 0, 9223372036833385807
3, 1427, 0, 9223372036854775807, 0, 9223372036833370807
3, 1428, 0, 9223372036854775807, 0, 9223372036833355807
3, 1429, 0, 9223372036854775807, 0, 9223372036833340807
3, 143, 0, 9223372036854775807, 0, 9223372036852630807
3, 1430, 0, 9223372036854775807, 0, 9223372036833325807
3, 1431, 0, 9223372036854775807, 0, 9223372036833310807
3, 1432, 0, 9223372036854775807, 0, 9223372036833295807
3, 1433, 0, 9223372036854775807, 0, 9223372036833280807
3, 1434, 0, 9223372036854775807, 0, 9223372036833265807
3, 1435, 0, 9223372036854775807, 0, 9223372036833250807
3, 1436, 0, 9223372036854775807, 0, 9223372036833235807
3, 1437, 0, 9223372036854775807, 0, 9223372036833220807
3, 1438, 0, 9223372036854775807, 0, 9223372036833205807
3, 1439, 0, 9223372036854775807, 0, 9223372036833190807
3, 144, 0, 9223372036854775807, 0, 9223372036852615807
3, 1440, 0, 9223372036854775807, 0, 9223372036833175807
3, 1441, 0, 9223372036854775807, 0, 9223372036833160807
3, 1442, 0, 9223372036854775807, 0, 9223372036833145807
3, 1443, 0, 9223372036854775807, 0, 9223372036833130807
3, 1444, 0, 9223372036854775807, 0, 9223372036833115807
3, 1445, 0, 9223372036854775807, 0, 9223372036833100807
3, 1446, 0, 9223372036854775807, 0, 9223372036833085807
3, 1447, 0, 9223372036854775807, 0, 9223372036833070807
3, 1448, 0, 9223372036854775807, 0, 9223372036833055807
3, 1449, 0, 9223372036854775807, 0, 9223372036833040807
3, 145, 0, 9223372036854775807, 0, 9223372036852600807
3, 1450, 0, 9223372036854775807, 0, 9223372036833025807
3, 1451, 0, 9223372036854775807, 0, 9223372036833010807
3, 1452, 0, 9223372036854775807, 0, 9223372036832995807
3, 1453, 0, 9223372036854775807, 0, 9223372036832980807
3, 1454, 0, 9223372036854775807, 0, 9223372036832965807
3, 1455, 0, 9223372036854775807, 0, 9223372036832950807
3, 1456, 0, 9223372036854775807, 0, 9223372036832935807
3, 1457, 0, 9223372036854775807, 0, 9223372036832920807
3, 1458, 0, 9223372036854775807, 0, 9223372036832905807
3, 1459, 0, 9223372036854775807, 0, 9223372036832890807
3, 146, 0, 9223372036854775807, 0, 9223372036852585807
3, 1460, 0, 9223372036854775807, 0, 9223372036832875807
3, 1461, 0, 9223372036854775807, 0, 9223372036832860807
3, 1462, 0, 9223372036854775807, 0, 9223372036832845807
3, 1463, 0, 9223372036854775807, 0, 9223372036832830807
3, 1464, 0, 9223372036854775807, 0, 9223372036832815807
3, 1465, 0, 9223372036854775807, 0, 9223372036832800807
3, 1466, 0, 9223372036854775807, 0, 9223372036832785807
3, 1467, 0, 9223372036854775807, 0, 9223372036832770807
3, 1468, 0, 9223372036854775807, 0, 9223372036832755807
3, 1469, 0, 9223372036854775807, 0, 9223372036832740807
3, 147, 0, 9223372036854775807, 0, 9223372036852570807
3, 1470, 0, 9223372036854775807, 0, 9223372036832725807
3, 1471, 0, 9223372036854775807, 0, 9223372036832710807
3, 1472, 0, 9223372036854775807, 0, 9223372036832695807
3, 1473, 0, 9223372036854775807, 0, 9223372036832680807
3, 1474, 0, 9223372036854775807, 0, 9223372036832665807
3, 1475, 0, 9223372036854775807, 0, 9223372036832650807
3, 1476, 0, 9223372036854775807, 0, 9223372036832635807
3, 1477, 0, 9223372036854775807, 0, 9223372036832620807
3, 1478, 0, 9223372036854775807, 0, 9223372036832605807
3, 1479, 0, 9223372036854775807, 0, 9223372036832590807
3, 148, 0, 9223372036854775807, 0, 9223372036852555807
3, 1480, 0, 9223372036854775807, 0, 9223372036832575807
3, 1481, 0, 9223372036854775807, 0, 9223372036832560807
3, 1482, 0, 9223372036854775807, 0, 9223372036832545807
3, 1483, 0, 9223372036854775807, 0, 9223372036832530807
3, 1484, 0, 9223372036854775807, 0, 9223372036832515807
3, 1485, 0, 9223372036854775807, 0, 9223372036832500807
3, 1486, 0, 9223372036854775807, 0, 9223372036832485807
3, 1487, 0, 9223372036854775807, 0, 9223372036832470807
3, 1488, 0, 9223372036854775807, 0, 9223372036832455807
3, 1489, 0, 9223372036854775807, 0, 9223372036832440807
3, 149, 0, 9223372036854775807, 0, 9223372036852540807
3, 1490, 0, 9223372036854775807, 0, 9223372036832425807
3, 1491, 0, 9223372036854775807, 0, 9223372036832410807
3, 1492, 0, 9223372036854775807, 0, 9223372036832395807
3, 1493, 0, 9223372036854775807, 0, 9223372036832380807
3, 1494, 0, 9223372036854775807, 0, 9223372036832365807
3, 1495, 0, 9223372036854775807, 0, 9223372036832350807
3, 1496, 0, 9223372036854775807, 0, 9223372036832335807
3, 1497, 0, 9223372036854775807, 0, 9223372036832320807
3, 1498, 0, 9223372036854775807, 0, 9223372036832305807
3, 1499, 0, 9223372036854775807, 0, 9223372036832290807
3, 15, 0, 9223372036854775807, 0, 9223372036854550807
3, 150, 0, 9223372036854775807, 0, 9223372036852525807
3, 1500, 0, 9223372036854775807, 0, 9223372036832275807
3, 1501, 0, 9223372036854775807, 0, 9223372036832260807
3, 1502, 0, 9223372036854775807, 0, 9223372036832245807
3, 1503, 0, 9223372036854775807, 0, 9223372036832230807
3, 1504, 0, 9223372036854775807, 0, 9223372036832215807
3, 1505, 0, 9223372036854775807, 0, 9223372036832200807
3, 1506, 0, 9223372036854775807, 0, 9223372036832185807
3, 1507, 0, 9223372036854775807, 0, 9223372036832170807
3, 1508, 0, 9223372036854775807, 0, 9223372036832155807
3, 1509, 0, 9223372036854775807, 0, 9223372036832140807
3, 151, 0, 9223372036854775807, 0, 9223372036852510807
3, 1510, 0, 9223372036854775807, 0, 9223372036832125807
3, 1511, 0, 9223372036854775807, 0, 9223372036832110807
3, 1512, 0, 9223372036854775807, 0, 9223372036832095807
3, 1513, 0, 9223372036854775807, 0, 9223372036832080807
3, 1514, 0, 9223372036854775807, 0, 9223372036832065807
3, 1515, 0, 9223372036854775807, 0, 9223372036832050807
3, 1516, 0, 9223372036854775807, 0, 9223372036832035807
3, 1517, 0, 9223372036854775807, 0, 9223372036832020807
3, 1518, 0, 9223372036854775807, 0, 9223372036832005807
3, 1519, 0, 9223372036854775807, 0, 9223372036831990807
3, 152, 0, 9223372036854775807, 0, 9223372036852495807
3, 1520, 0, 9223372036854775807, 0, 9223372036831975807
3, 1521, 0, 9223372036854775807, 0, 9223372036831960807
3, 1522, 0, 9223372036854775807, 0, 9223372036831945807
3, 1523, 0, 9223372036854775807, 0, 9223372036831930807
3, 1524, 0, 9223372036854775807, 0, 9223372036831915807
3, 1525, 0, 9223372036854775807, 0, 9223372036831900807
3, 1526, 0, 9223372036854775807, 0, 9223372036831885807
3, 1527, 0, 9223372036854775807, 0, 9223372036831870807
3, 1528, 0, 9223372036854775807, 0, 9223372036831855807
3, 1529, 0, 9223372036854775807, 0, 9223372036831840807
3, 153, 0, 9223372036854775807, 0, 9223372036852480807
3, 1530, 0, 9223372036854775807, 0, 9223372036831825807
3, 1531, 0, 9223372036854775807, 0, 9223372036831810807
3, 1532, 0, 9223372036854775807, 0, 9223372036831795807
3, 1533, 0, 9223372036854775807, 0, 9223372036831780807
3, 1534, 0, 9223372036854775807, 0, 9223372036831765807
3, 1535, 0, 9223372036854775807, 0, 9223372036831750807
3, 1536, 0, 9223372036854775807, 0, 9223372036831735807
3, 1537, 0, 9223372036854775807, 0, 9223372036831720807
3, 1538, 0, 9223372036854775807, 0, 9223372036831705807
3, 1539, 0, 9223372036854775807, 0, 9223372036831690807
3, 154, 0, 9223372036854775807, 0, 9223372036852465807
3, 1540, 0, 9223372036854775807, 0, 9223372036831675807
3, 1541, 0, 9223372036854775807, 0, 9223372036831660807
3, 1542, 0, 9223372036854775807, 0, 9223372036831645807
3, 1543, 0, 9223372036854775807, 0, 9223372036831630807
3, 1544, 0, 9223372036854775807, 0, 9223372036831615807
3, 1545, 0, 9223372036854775807, 0, 9223372036831600807
3, 1546, 0, 9223372036854775807, 0, 9223372036831585807
3, 1547, 0, 9223372036854775807, 0, 9223372036831570807
3, 1548, 0, 9223372036854775807, 0, 9223372036831555807
3, 1549, 0, 9223372036854775807, 0, 9223372036831540807
3, 155, 0, 9223372036854775807, 0, 9223372036852450807
3, 1550, 0, 9223372036854775807, 0, 9223372036831525807
3, 1551, 0, 9223372036854775807, 0, 9223372036831510807
3, 1552, 0, 9223372036854775807, 0, 9223372036831495807
3, 1553, 0, 9223372036854775807, 0, 9223372036831480807
3, 1554, 0, 9223372036854775807, 0, 9223372036831465807
3, 1555, 0, 9223372036854775807, 0, 9223372036831450807
3, 1556, 0, 9223372036854775807, 0, 9223372036831435807
3, 1557, 0, 9223372036854775807, 0, 9223372036831420807
3, 1558, 0, 9223372036854775807, 0, 9223372036831405807
3, 1559, 0, 9223372036854775807, 0, 9223372036831390807
3, 156, 0, 9223372036854775807, 0, 9223372036852435807
3, 1560, 0, 9223372036854775807, 0, 9223372036831375807
3, 1561, 0, 9223372036854775807, 0, 9223372036831360807
3, 1562, 0, 9223372036854775807, 0, 9223372036831345807
3, 1563, 0, 9223372036854775807, 0, 9223372036831330807
3, 1564, 0, 9223372036854775807, 0, 9223372036831315807
3, 1565, 0, 9223372036854775807, 0, 9223372036831300807
3, 1566, 0, 9223372036854775807, 0, 9223372036831285807
3, 1567, 0, 9223372036854775807, 0, 9223372036831270807
3, 1568, 0, 9223372036854775807, 0, 9223372036831255807
3, 1569, 0, 9223372036854775807, 0, 9223372036831240807
3, 157, 0, 9223372036854775807, 0, 9223372036852420807
3, 1570, 0, 9223372036854775807, 0, 9223372036831225807
3, 1571, 0, 9223372036854775807, 0, 9223372036831210807
3, 1572, 0, 9223372036854775807, 0, 9223372036831195807
3, 1573, 0, 9223372036854775807, 0, 9223372036831180807
3, 1574, 0, 9223372036854775807, 0, 9223372036831165807
3, 1575, 0, 9223372036854775807, 0, 9223372036831150807
3, 1576, 0, 9223372036854775807, 0, 9223372036831135807
3, 1577, 0, 9223372036854775807, 0, 9223372036831120807
3, 1578, 0, 9223372036854775807, 0, 9223372036831105807
3, 1579, 0, 9223372036854775807, 0, 9223372036831090807
3, 158, 0, 9223372036854775807, 0, 9223372036852405807
3, 1580, 0, 9223372036854775807, 0, 9223372036831075807
3, 1581, 0, 9223372036854775807, 0, 9223372036831060807
3, 1582, 0, 9223372036854775807, 0, 9223372036831045807
3, 1583, 0, 9223372036854775807, 0, 9223372036831030807
3, 1584, 0, 9223372036854775807, 0, 9223372036831015807
3, 1585, 0, 9223372036854775807, 0, 9223372036831000807
3, 1586, 0, 9223372036854775807, 0, 9223372036830985807
3, 1587, 0, 9223372036854775807, 0, 9223372036830970807
3, 1588, 0, 9223372036854775807, 0, 9223372036830955807
3, 1589, 0, 9223372036854775807, 0, 9223372036830940807
3, 159, 0, 9223372036854775807, 0, 9223372036852390807
3, 1590, 0, 9223372036854775807, 0, 9223372036830925807
3, 1591, 0, 9223372036854775807, 0, 9223372036830910807
3, 1592, 0, 9223372036854775807, 0, 9223372036830895807
3, 1593, 0, 9223372036854775807, 0, 9223372036830880807
3, 1594, 0, 9223372036854775807, 0, 9223372036830865807
3, 1595, 0, 9223372036854775807, 0, 9223372036830850807
3, 1596, 0, 9223372036854775807, 0, 9223372036830835807
3, 1597, 0, 9223372036854775807, 0, 9223372036830820807
3, 1598, 0, 9223372036854775807, 0, 9223372036830805807
3, 1599, 0, 9223372036854775807, 0, 9223372036830790807
3, 16, 0, 9223372036854775807, 0, 9223372036854535807
3, 160, 0, 9223372036854775807, 0, 9223372036852375807
3, 1600, 0, 9223372036854775807, 0, 9223372036830775807
3, 1601, 0, 9223372036854775807, 0, 9223372036830760807
3, 1602, 0, 9223372036854775807, 0, 9223372036830745807
3, 1603, 0, 9223372036854775807, 0, 9223372036830730807
3, 1604, 0, 9223372036854775807, 0, 9223372036830715807
3, 1605, 0, 9223372036854775807, 0, 9223372036830700807
3, 1606, 0, 9223372036854775807, 0, 9223372036830685807
3, 1607, 0, 9223372036854775807, 0, 9223372036830670807
3, 1608, 0, 9223372036854775807, 0, 9223372036830655807
3, 1609, 0, 9223372036854775807, 0, 9223372036830640807
3, 161, 0, 9223372036854775807, 0, 9223372036852360807
3, 1610, 0, 9223372036854775807, 0, 9223372036830625807
3, 1611, 0, 9223372036854775807, 0, 9223372036830610807
3, 1612, 0, 9223372036854775807, 0, 9223372036830595807
3, 1613, 0, 9223372036854775807, 0, 9223372036830580807
3, 1614, 0, 9223372036854775807, 0, 9223372036830565807
3, 1615, 0, 9223372036854775807, 0, 9223372036830550807
3, 1616, 0, 9223372036854775807, 0, 9223372036830535807
3, 1617, 0, 9223372036854775807, 0, 9223372036830520807
3, 1618, 0, 9223372036854775807, 0, 9223372036830505807
3, 1619, 0, 9223372036854775807, 0, 9223372036830490807
3, 162, 0, 9223372036854775807, 0, 9223372036852345807
3, 1620, 0, 9223372036854775807, 0, 9223372036830475807
3, 1621, 0, 9223372036854775807, 0, 9223372036830460807
3, 1622, 0, 9223372036854775807, 0, 9223372036830445807
3, 1623, 0, 9223372036854775807, 0, 9223372036830430807
3, 1624, 0, 9223372036854775807, 0, 9223372036830415807
3, 1625, 0, 9223372036854775807, 0, 9223372036830400807
3, 1626, 0, 9223372036854775807, 0, 9223372036830385807
3, 1627, 0, 9223372036854775807, 0, 9223372036830370807
3, 1628, 0, 9223372036854775807, 0, 9223372036830355807
3, 1629, 0, 9223372036854775807, 0, 9223372036830340807
3, 163, 0, 9223372036854775807, 0, 9223372036852330807
3, 1630, 0, 9223372036854775807, 0, 9223372036830325807
3, 1631, 0, 9223372036854775807, 0, 9223372036830310807
3, 1632, 0, 9223372036854775807, 0, 9223372036830295807
3, 1633, 0, 9223372036854775807, 0, 9223372036830280807
3, 1634, 0, 9223372036854775807, 0, 9223372036830265807
3, 1635, 0, 9223372036854775807, 0, 9223372036830250807
3, 1636, 0, 9223372036854775807, 0, 9223372036830235807
3, 1637, 0, 9223372036854775807, 0, 9223372036830220807
3, 1638, 0, 9223372036854775807, 0, 9223372036830205807
3, 1639, 0, 9223372036854775807, 0, 9223372036830190807
3, 164, 0, 9223372036854775807, 0, 9223372036852315807
3, 1640, 0, 9223372036854775807, 0, 9223372036830175807
3, 1641, 0, 9223372036854775807, 0, 9223372036830160807
3, 1642, 0, 9223372036854775807, 0, 9223372036830145807
3, 1643, 0, 9223372036854775807, 0, 9223372036830130807
3, 1644, 0, 9223372036854775807, 0, 9223372036830115807
3, 1645, 0, 9223372036854775807, 0, 9223372036830100807
3, 1646, 0, 9223372036854775807, 0, 9223372036830085807
3, 1647, 0, 9223372036854775807, 0, 9223372036830070807
3, 1648, 0, 9223372036854775807, 0, 9223372036830055807
3, 1649, 0, 9223372036854775807, 0, 9223372036830040807
3, 165, 0, 9223372036854775807, 0, 9223372036852300807
3, 1650, 0, 9223372036854775807, 0, 9223372036830025807
3, 1651, 0, 9223372036854775807, 0, 9223372036830010807
3, 1652, 0, 9223372036854775807, 0, 9223372036829995807
3, 1653, 0, 9223372036854775807, 0, 9223372036829980807
3, 1654, 0, 9223372036854775807, 0, 9223372036829965807
3, 1655, 0, 9223372036854775807, 0, 9223372036829950807
3, 1656, 0, 9223372036854775807, 0, 9223372036829935807
3, 1657, 0, 9223372036854775807, 0, 9223372036829920807
3, 1658, 0, 9223372036854775807, 0, 9223372036829905807
3, 1659, 0, 9223372036854775807, 0, 9223372036829890807
3, 166, 0, 9223372036854775807, 0, 9223372036852285807
3, 1660, 0, 9223372036854775807, 0, 9223372036829875807
3, 1661, 0, 9223372036854775807, 0, 9223372036829860807
3, 1662, 0, 9223372036854775807, 0, 9223372036829845807
3, 1663, 0, 9223372036854775807, 0, 9223372036829830807
3, 1664, 0, 9223372036854775807, 0, 9223372036829815807
3, 1665, 0, 9223372036854775807, 0, 9223372036829800807
3, 1666, 0, 9223372036854775807, 0, 9223372036829785807
3, 1667, 0, 9223372036854775807, 0, 9223372036829770807
3, 1668, 0, 9223372036854775807, 0, 9223372036829755807
3, 1669, 0, 9223372036854775807, 0, 9223372036829740807
3, 167, 0, 9223372036854775807, 0, 9223372036852270807
3, 1670, 0, 9223372036854775807, 0, 9223372036829725807
3, 1671, 0, 9223372036854775807, 0, 9223372036829710807
3, 1672, 0, 9223372036854775807, 0, 9223372036829695807
3, 1673, 0, 9223372036854775807, 0, 9223372036829680807
3, 1674, 0, 9223372036854775807, 0, 9223372036829665807
3, 1675, 0, 9223372036854775807, 0, 9223372036829650807
3, 1676, 0, 9223372036854775807, 0, 9223372036829635807
3, 1677, 0, 9223372036854775807, 0, 9223372036829620807
3, 1678, 0, 9223372036854775807, 0, 9223372036829605807
3, 1679, 0, 9223372036854775807, 0, 9223372036829590807
3, 168, 0, 9223372036854775807, 0, 9223372036852255807
3, 1680, 0, 9223372036854775807, 0, 9223372036829575807
3, 1681, 0, 9223372036854775807, 0, 9223372036829560807
3, 1682, 0, 9223372036854775807, 0, 9223372036829545807
3, 1683, 0, 9223372036854775807, 0, 9223372036829530807
3, 1684, 0, 9223372036854775807, 0, 9223372036829515807
3, 1685, 0, 9223372036854775807, 0, 9223372036829500807
3, 1686, 0, 9223372036854775807, 0, 9223372036829485807
3, 1687, 0, 9223372036854775807, 0, 9223372036829470807
3, 1688, 0, 9223372036854775807, 0, 9223372036829455807
3, 1689, 0, 9223372036854775807, 0, 9223372036829440807
3, 169, 0, 9223372036854775807, 0, 9223372036852240807
3, 1690, 0, 9223372036854775807, 0, 9223372036829425807
3, 1691, 0, 9223372036854775807, 0, 9223372036829410807
3, 1692, 0, 9223372036854775807, 0, 9223372036829395807
3, 1693, 0, 9223372036854775807, 0, 9223372036829380807
3, 1694, 0, 9223372036854775807, 0, 9223372036829365807
3, 1695, 0, 9223372036854775807, 0, 9223372036829350807
3, 1696, 0, 9223372036854775807, 0, 9223372036829335807
3, 1697, 0, 9223372036854775807, 0, 9223372036829320807
3, 1698, 0, 9223372036854775807, 0, 9223372036829305807
3, 1699, 0, 9223372036854775807, 0, 9223372036829290807
3, 17, 0, 9223372036854775807, 0, 9223372036854520807
3, 170, 0, 9223372036854775807, 0, 9223372036852225807
3, 1700, 0, 9223372036854775807, 0, 9223372036829275807
3, 1701, 0, 9223372036854775807, 0, 9223372036829260807
3, 1702, 0, 9223372036854775807, 0, 9223372036829245807
3, 1703, 0, 9223372036854775807, 0, 9223372036829230807
3, 1704, 0, 9223372036854775807, 0, 9223372036829215807
3, 1705, 0, 9223372036854775807, 0, 9223372036829200807
3, 1706, 0, 9223372036854775807, 0, 9223372036829185807
3, 1707, 0, 9223372036854775807, 0, 9223372036829170807
3, 1708, 0, 9223372036854775807, 0, 9223372036829155807
3, 1709, 0, 9223372036854775807, 0, 9223372036829140807
3, 171, 0, 9223372036854775807, 0, 9223372036852210807
3, 1710, 0, 9223372036854775807, 0, 9223372036829125807
3, 1711, 0, 9223372036854775807, 0, 9223372036829110807
3, 1712, 0, 9223372036854775807, 0, 9223372036829095807
3, 1713, 0, 9223372036854775807, 0, 9223372036829080807
3, 1714, 0, 9223372036854775807, 0, 9223372036829065807
3, 1715, 0, 9223372036854775807, 0, 9223372036829050807
3, 1716, 0, 9223372036854775807, 0, 9223372036829035807
3, 1717, 0, 9223372036854775807, 0, 9223372036829020807
3, 1718, 0, 9223372036854775807, 0, 9223372036829005807
3, 1719, 0, 9223372036854775807, 0, 9223372036828990807
3, 172, 0, 9223372036854775807, 0, 9223372036852195807
3, 1720, 0, 9223372036854775807, 0, 9223372036828975807
3, 1721, 0, 9223372036854775807, 0, 9223372036828960807
3, 1722, 0, 9223372036854775807, 0, 9223372036828945807
3, 1723, 0, 9223372036854775807, 0, 9223372036828930807
3, 1724, 0, 9223372036854775807, 0, 9223372036828915807
3, 1725, 0, 9223372036854775807, 0, 9223372036828900807
3, 1726, 0, 9223372036854775807, 0, 9223372036828885807
3, 1727, 0, 9223372036854775807, 0, 9223372036828870807
3, 1728, 0, 9223372036854775807, 0, 9223372036828855807
3, 1729, 0, 9223372036854775807, 0, 9223372036828840807
3, 173, 0, 9223372036854775807, 0, 9223372036852180807
3, 1730, 0, 9223372036854775807, 0, 9223372036828825807
3, 1731, 0, 9223372036854775807, 0, 9223372036828810807
3, 1732, 0, 9223372036854775807, 0, 9223372036828795807
3, 1733, 0, 9223372036854775807, 0, 9223372036828780807
3, 1734, 0, 9223372036854775807, 0, 9223372036828765807
3, 1735, 0, 9223372036854775807, 0, 9223372036828750807
3, 1736, 0, 9223372036854775807, 0, 9223372036828735807
3, 1737, 0, 9223372036854775807, 0, 9223372036828720807
3, 1738, 0, 9223372036854775807, 0, 9223372036828705807
3, 1739, 0, 9223372036854775807, 0, 9223372036828690807
3, 174, 0, 9223372036854775807, 0, 9223372036852165807
3, 1740, 0, 9223372036854775807, 0, 9223372036828675807
3, 1741, 0, 9223372036854775807, 0, 9223372036828660807
3, 1742, 0, 9223372036854775807, 0, 9223372036828645807
3, 1743, 0, 9223372036854775807, 0, 9223372036828630807
3, 1744, 0, 9223372036854775807, 0, 9223372036828615807
3, 1745, 0, 9223372036854775807, 0, 9223372036828600807
3, 1746, 0, 9223372036854775807, 0, 9223372036828585807
3, 1747, 0, 9223372036854775807, 0, 9223372036828570807
3, 1748, 0, 9223372036854775807, 0, 9223372036828555807
3, 1749, 0, 9223372036854775807, 0, 9223372036828540807
3, 175, 0, 9223372036854775807, 0, 9223372036852150807
3, 1750, 0, 9223372036854775807, 0, 9223372036828525807
3, 1751, 0, 9223372036854775807, 0, 9223372036828510807
3, 1752, 0, 9223372036854775807, 0, 9223372036828495807
3, 1753, 0, 9223372036854775807, 0, 9223372036828480807
3, 1754, 0, 9223372036854775807, 0, 9223372036828465807
3, 1755, 0, 9223372036854775807, 0, 9223372036828450807
3, 1756, 0, 9223372036854775807, 0, 9223372036828435807
3, 1757, 0, 9223372036854775807, 0, 9223372036828420807
3, 1758, 0, 9223372036854775807, 0, 9223372036828405807
3, 1759, 0, 9223372036854775807, 0, 9223372036828390807
3, 176, 0, 9223372036854775807, 0, 9223372036852135807
3, 1760, 0, 9223372036854775807, 0, 9223372036828375807
3, 1761, 0, 9223372036854775807, 0, 9223372036828360807
3, 1762, 0, 9223372036854775807, 0, 9223372036828345807
3, 1763, 0, 9223372036854775807, 0, 9223372036828330807
3, 1764, 0, 9223372036854775807, 0, 9223372036828315807
3, 1765, 0, 9223372036854775807, 0, 9223372036828300807
3, 1766, 0, 9223372036854775807, 0, 9223372036828285807
3, 1767, 0, 9223372036854775807, 0, 9223372036828270807
3, 1768, 0, 9223372036854775807, 0, 9223372036828255807
3, 1769, 0, 9223372036854775807, 0, 9223372036828240807
3, 177, 0, 9223372036854775807, 0, 9223372036852120807
3, 1770, 0, 9223372036854775807, 0, 9223372036828225807
3, 1771, 0, 9223372036854775807, 0, 9223372036828210807
3, 1772, 0, 9223372036854775807, 0, 9223372036828195807
3, 1773, 0, 9223372036854775807, 0, 9223372036828180807
3, 1774, 0, 9223372036854775807, 0, 9223372036828165807
3, 1775, 0, 9223372036854775807, 0, 9223372036828150807
3, 1776, 0, 9223372036854775807, 0, 9223372036828135807
3, 1777, 0, 9223372036854775807, 0, 9223372036828120807
3, 1778, 0, 9223372036854775807, 0, 9223372036828105807
3, 1779, 0, 9223372036854775807, 0, 9223372036828090807
3, 178, 0, 9223372036854775807, 0, 9223372036852105807
3, 1780, 0, 9223372036854775807, 0, 9223372036828075807
3, 1781, 0, 9223372036854775807, 0, 9223372036828060807
3, 1782, 0, 9223372036854775807, 0, 9223372036828045807
3, 1783, 0, 9223372036854775807, 0, 9223372036828030807
3, 1784, 0, 9223372036854775807, 0, 9223372036828015807
3, 1785, 0, 9223372036854775807, 0, 9223372036828000807
3, 1786, 0, 9223372036854775807, 0, 9223372036827985807
3, 1787, 0, 9223372036854775807, 0, 9223372036827970807
3, 1788, 0, 9223372036854775807, 0, 9223372036827955807
3, 1789, 0, 9223372036854775807, 0, 9223372036827940807
3, 179, 0, 9223372036854775807, 0, 9223372036852090807
3, 1790, 0, 9223372036854775807, 0, 9223372036827925807
3, 1791, 0, 9223372036854775807, 0, 9223372036827910807
3, 1792, 0, 9223372036854775807, 0, 9223372036827895807
3, 1793, 0, 9223372036854775807, 0, 9223372036827880807
3, 1794, 0, 9223372036854775807, 0, 9223372036827865807
3, 1795, 0, 9223372036854775807, 0, 9223372036827850807
3, 1796, 0, 9223372036854775807, 0, 9223372036827835807
3, 1797, 0, 9223372036854775807, 0, 9223372036827820807
3, 1798, 0, 9223372036854775807, 0, 9223372036827805807
3, 1799, 0, 9223372036854775807, 0, 9223372036827790807
3, 18, 0, 9223372036854775807, 0, 9223372036854505807
3, 180, 0, 9223372036854775807, 0, 9223372036852075807
3, 1800, 0, 9223372036854775807, 0, 9223372036827775807
3, 1801, 0, 9223372036854775807, 0, 9223372036827760807
3, 1802, 0, 9223372036854775807, 0, 9223372036827745807
3, 1803, 0, 9223372036854775807, 0, 9223372036827730807
3, 1804, 0, 9223372036854775807, 0, 9223372036827715807
3, 1805, 0, 9223372036854775807, 0, 9223372036827700807
3, 1806, 0, 9223372036854775807, 0, 9223372036827685807
3, 1807, 0, 9223372036854775807, 0, 9223372036827670807
3, 1808, 0, 9223372036854775807, 0, 9223372036827655807
3, 1809, 0, 9223372036854775807, 0, 9223372036827640807
3, 181, 0, 9223372036854775807, 0, 9223372036852060807
3, 1810, 0, 9223372036854775807, 0, 9223372036827625807
3, 1811, 0, 9223372036854775807, 0, 9223372036827610807
3, 1812, 0, 9223372036854775807, 0, 9223372036827595807
3, 1813, 0, 9223372036854775807, 0, 9223372036827580807
3, 1814, 0, 9223372036854775807, 0, 9223372036827565807
3, 1815, 0, 9223372036854775807, 0, 9223372036827550807
3, 1816, 0, 9223372036854775807, 0, 9223372036827535807
3, 1817, 0, 9223372036854775807, 0, 9223372036827520807
3, 1818, 0, 9223372036854775807, 0, 9223372036827505807
3, 1819, 0, 9223372036854775807, 0, 9223372036827490807
3, 182, 0, 9223372036854775807, 0, 9223372036852045807
3, 1820, 0, 9223372036854775807, 0, 9223372036827475807
3, 1821, 0, 9223372036854775807, 0, 9223372036827460807
3, 1822, 0, 9223372036854775807, 0, 9223372036827445807
3, 1823, 0, 9223372036854775807, 0, 9223372036827430807
3, 1824, 0, 9223372036854775807, 0, 9223372036827415807
3, 1825, 0, 9223372036854775807, 0, 9223372036827400807
3, 1826, 0, 9223372036854775807, 0, 9223372036827385807
3, 1827, 0, 9223372036854775807, 0, 9223372036827370807
3, 1828, 0, 9223372036854775807, 0, 9223372036827355807
3, 1829, 0, 9223372036854775807, 0, 9223372036827340807
3, 183, 0, 9223372036854775807, 0, 9223372036852030807
3, 1830, 0, 9223372036854775807, 0, 9223372036827325807
3, 1831, 0, 9223372036854775807, 0, 9223372036827310807
3, 1832, 0, 9223372036854775807, 0, 9223372036827295807
3, 1833, 0, 9223372036854775807, 0, 9223372036827280807
3, 1834, 0, 9223372036854775807, 0, 9223372036827265807
3, 1835, 0, 9223372036854775807, 0, 9223372036827250807
3, 1836, 0, 9223372036854775807, 0, 9223372036827235807
3, 1837, 0, 9223372036854775807, 0, 9223372036827220807
3, 1838, 0, 9223372036854775807, 0, 9223372036827205807
3, 1839, 0, 9223372036854775807, 0, 9223372036827190807
3, 184, 0, 9223372036854775807, 0, 9223372036852015807
3, 1840, 0, 9223372036854775807, 0, 9223372036827175807
3, 1841, 0, 9223372036854775807, 0, 9223372036827160807
3, 1842, 0, 9223372036854775807, 0, 9223372036827145807
3, 1843, 0, 9223372036854775807, 0, 9223372036827130807
3, 1844, 0, 9223372036854775807, 0, 9223372036827115807
3, 1845, 0, 9223372036854775807, 0, 9223372036827100807
3, 1846, 0, 9223372036854775807, 0, 9223372036827085807
3, 1847, 0, 9223372036854775807, 0, 9223372036827070807
3, 1848, 0, 9223372036854775807, 0, 9223372036827055807
3, 1849, 0, 9223372036854775807, 0, 9223372036827040807
3, 185, 0, 9223372036854775807, 0, 9223372036852000807
3, 1850, 0, 9223372036854775807, 0, 9223372036827025807
3, 1851, 0, 9223372036854775807, 0, 9223372036827010807
3, 1852, 0, 9223372036854775807, 0, 9223372036826995807
3, 1853, 0, 9223372036854775807, 0, 9223372036826980807
3, 1854, 0, 9223372036854775807, 0, 9223372036826965807
3, 1855, 0, 9223372036854775807, 0, 9223372036826950807
3, 1856, 0, 9223372036854775807, 0, 9223372036826935807
3, 1857, 0, 9223372036854775807, 0, 9223372036826920807
3, 1858, 0, 9223372036854775807, 0, 9223372036826905807
3, 1859, 0, 9223372036854775807, 0, 9223372036826890807
3, 186, 0, 9223372036854775807, 0, 9223372036851985807
3, 1860, 0, 9223372036854775807, 0, 9223372036826875807
3, 1861, 0, 9223372036854775807, 0, 9223372036826860807
3, 1862, 0, 9223372036854775807, 0, 9223372036826845807
3, 1863, 0, 9223372036854775807, 0, 9223372036826830807
3, 1864, 0, 9223372036854775807, 0, 9223372036826815807
3, 1865, 0, 9223372036854775807, 0, 9223372036826800807
3, 1866, 0, 9223372036854775807, 0, 9223372036826785807
3, 1867, 0, 9223372036854775807, 0, 9223372036826770807
3, 1868, 0, 9223372036854775807, 0, 9223372036826755807
3, 1869, 0, 9223372036854775807, 0, 9223372036826740807
3, 187, 0, 9223372036854775807, 0, 9223372036851970807
3, 1870, 0, 9223372036854775807, 0, 9223372036826725807
3, 1871, 0, 9223372036854775807, 0, 9223372036826710807
3, 1872, 0, 9223372036854775807, 0, 9223372036826695807
3, 1873, 0, 9223372036854775807, 0, 9223372036826680807
3, 1874, 0, 9223372036854775807, 0, 9223372036826665807
3, 1875, 0, 9223372036854775807, 0, 9223372036826650807
3, 1876, 0, 9223372036854775807, 0, 9223372036826635807
3, 1877, 0, 9223372036854775807, 0, 9223372036826620807
3, 1878, 0, 9223372036854775807, 0, 9223372036826605807
3, 1879, 0, 9223372036854775807, 0, 9223372036826590807
3, 188, 0, 9223372036854775807, 0, 9223372036851955807
3, 1880, 0, 9223372036854775807, 0, 9223372036826575807
3, 1881, 0, 9223372036854775807, 0, 9223372036826560807
3, 1882, 0, 9223372036854775807, 0, 9223372036826545807
3, 1883, 0, 9223372036854775807, 0, 9223372036826530807
3, 1884, 0, 9223372036854775807, 0, 9223372036826515807
3, 1885, 0, 9223372036854775807, 0, 9223372036826500807
3, 1886, 0, 9223372036854775807, 0, 9223372036826485807
3, 1887, 0, 9223372036854775807, 0, 9223372036826470807
3, 1888, 0, 9223372036854775807, 0, 9223372036826455807
3, 1889, 0, 9223372036854775807, 0, 9223372036826440807
3, 189, 0, 9223372036854775807, 0, 9223372036851940807
3, 1890, 0, 9223372036854775807, 0, 9223372036826425807
3, 1891, 0, 9223372036854775807, 0, 9223372036826410807
3, 1892, 0, 9223372036854775807, 0, 9223372036826395807
3, 1893, 0, 9223372036854775807, 0, 9223372036826380807
3, 1894, 0, 9223372036854775807, 0, 9223372036826365807
3, 1895, 0, 9223372036854775807, 0, 9223372036826350807
3, 1896, 0, 9223372036854775807, 0, 9223372036826335807
3, 1897, 0, 9223372036854775807, 0, 9223372036826320807
3, 1898, 0, 9223372036854775807, 0, 9223372036826305807
3, 1899, 0, 9223372036854775807, 0, 9223372036826290807
3, 19, 0, 9223372036854775807, 0, 9223372036854490807
3, 190, 0, 9223372036854775807, 0, 9223372036851925807
3, 1900, 0, 9223372036854775807, 0, 9223372036826275807
3, 1901, 0, 9223372036854775807, 0, 9223372036826260807
3, 1902, 0, 9223372036854775807, 0, 9223372036826245807
3, 1903, 0, 9223372036854775807, 0, 9223372036826230807
3, 1904, 0, 9223372036854775807, 0, 9223372036826215807
3, 1905, 0, 9223372036854775807, 0, 9223372036826200807
3, 1906, 0, 9223372036854775807, 0, 9223372036826185807
3, 1907, 0, 9223372036854775807, 0, 9223372036826170807
3, 1908, 0, 9223372036854775807, 0, 9223372036826155807
3, 1909, 0, 9223372036854775807, 0, 9223372036826140807
3, 191, 0, 9223372036854775807, 0, 9223372036851910807
3, 1910, 0, 9223372036854775807, 0, 9223372036826125807
3, 1911, 0, 9223372036854775807, 0, 9223372036826110807
3, 1912, 0, 9223372036854775807, 0, 9223372036826095807
3, 1913, 0, 9223372036854775807, 0, 9223372036826080807
3, 1914, 0, 9223372036854775807, 0, 9223372036826065807
3, 1915, 0, 9223372036854775807, 0, 9223372036826050807
3, 1916, 0, 9223372036854775807, 0, 9223372036826035807
3, 1917, 0, 9223372036854775807, 0, 9223372036826020807
3, 1918, 0, 9223372036854775807, 0, 9223372036826005807
3, 1919, 0, 9223372036854775807, 0, 9223372036825990807
3, 192, 0, 9223372036854775807, 0, 9223372036851895807
3, 1920, 0, 9223372036854775807, 0, 9223372036825975807
3, 1921, 0, 9223372036854775807, 0, 9223372036825960807
3, 1922, 0, 9223372036854775807, 0, 9223372036825945807
3, 1923, 0, 9223372036854775807, 0, 9223372036825930807
3, 1924, 0, 9223372036854775807, 0, 9223372036825915807
3, 1925, 0, 9223372036854775807, 0, 9223372036825900807
3, 1926, 0, 9223372036854775807, 0, 9223372036825885807
3, 1927, 0, 9223372036854775807, 0, 9223372036825870807
3, 1928, 0, 9223372036854775807, 0, 9223372036825855807
3, 1929, 0, 9223372036854775807, 0, 9223372036825840807
3, 193, 0, 9223372036854775807, 0, 9223372036851880807
3, 1930, 0, 9223372036854775807, 0, 9223372036825825807
3, 1931, 0, 9223372036854775807, 0, 9223372036825810807
3, 1932, 0, 9223372036854775807, 0, 9223372036825795807
3, 1933, 0, 9223372036854775807, 0, 9223372036825780807
3, 1934, 0, 9223372036854775807, 0, 9223372036825765807
3, 1935, 0, 9223372036854775807, 0, 9223372036825750807
3, 1936, 0, 9223372036854775807, 0, 9223372036825735807
3, 1937, 0, 9223372036854775807, 0, 9223372036825720807
3, 1938, 0, 9223372036854775807, 0, 9223372036825705807
3, 1939, 0, 9223372036854775807, 0, 9223372036825690807
3, 194, 0, 9223372036854775807, 0, 9223372036851865807
3, 1940, 0, 9223372036854775807, 0, 9223372036825675807
3, 1941, 0, 9223372036854775807, 0, 9223372036825660807
3, 1942, 0, 9223372036854775807, 0, 9223372036825645807
3, 1943, 0, 9223372036854775807, 0, 9223372036825630807
3, 1944, 0, 9223372036854775807, 0, 9223372036825615807
3, 1945, 0, 9223372036854775807, 0, 9223372036825600807
3, 1946, 0, 9223372036854775807, 0, 9223372036825585807
3, 1947, 0, 9223372036854775807, 0, 9223372036825570807
3, 1948, 0, 9223372036854775807, 0, 9223372036825555807
3, 1949, 0, 9223372036854775807, 0, 9223372036825540807
3, 195, 0, 9223372036854775807, 0, 9223372036851850807
3, 1950, 0, 9223372036854775807, 0, 9223372036825525807
3, 1951, 0, 9223372036854775807, 0, 9223372036825510807
3, 1952, 0, 9223372036854775807, 0, 9223372036825495807
3, 1953, 0, 9223372036854775807, 0, 9223372036825480807
3, 1954, 0, 9223372036854775807, 0, 9223372036825465807
3, 1955, 0, 9223372036854775807, 0, 9223372036825450807
3, 1956, 0, 9223372036854775807, 0, 9223372036825435807
3, 1957, 0, 9223372036854775807, 0, 9223372036825420807
3, 1958, 0, 9223372036854775807, 0, 9223372036825405807
3, 1959, 0, 9223372036854775807, 0, 9223372036825390807
3, 196, 0, 9223372036854775807, 0, 9223372036851835807
3, 1960, 0, 9223372036854775807, 0, 9223372036825375807
3, 1961, 0, 9223372036854775807, 0, 9223372036825360807
3, 1962, 0, 9223372036854775807, 0, 9223372036825345807
3, 1963, 0, 9223372036854775807, 0, 9223372036825330807
3, 1964, 0, 9223372036854775807, 0, 9223372036825315807
3, 1965, 0, 9223372036854775807, 0, 9223372036825300807
3, 1966, 0, 9223372036854775807, 0, 9223372036825285807
3, 1967, 0, 9223372036854775807, 0, 9223372036825270807
3, 1968, 0, 9223372036854775807, 0, 9223372036825255807
3, 1969, 0, 9223372036854775807, 0, 9223372036825240807
3, 197, 0, 9223372036854775807, 0, 9223372036851820807
3, 1970, 0, 9223372036854775807, 0, 9223372036825225807
3, 1971, 0, 9223372036854775807, 0, 9223372036825210807
3, 1972, 0, 9223372036854775807, 0, 9223372036825195807
3, 1973, 0, 9223372036854775807, 0, 9223372036825180807
3, 1974, 0, 9223372036854775807, 0, 9223372036825165807
3, 1975, 0, 9223372036854775807, 0, 9223372036825150807
3, 1976, 0, 9223372036854775807, 0, 9223372036825135807
3, 1977, 0, 9223372036854775807, 0, 9223372036825120807
3, 1978, 0, 9223372036854775807, 0, 9223372036825105807
3, 1979, 0, 9223372036854775807, 0, 9223372036825090807
3, 198, 0, 9223372036854775807, 0, 9223372036851805807
3, 1980, 0, 9223372036854775807, 0, 9223372036825075807
3, 1981, 0, 9223372036854775807, 0, 9223372036825060807
3, 1982, 0, 9223372036854775807, 0, 9223372036825045807
3, 1983, 0, 9223372036854775807, 0, 9223372036825030807
3, 1984, 0, 9223372036854775807, 0, 9223372036825015807
3, 1985, 0, 9223372036854775807, 0, 9223372036825000807
3, 1986, 0, 9223372036854775807, 0, 9223372036824985807
3, 1987, 0, 9223372036854775807, 0, 9223372036824970807
3, 1988, 0, 9223372036854775807, 0, 9223372036824955807
3, 1989, 0, 9223372036854775807, 0, 9223372036824940807
3, 199, 0, 9223372036854775807, 0, 9223372036851790807
3, 1990, 0, 9223372036854775807, 0, 9223372036824925807
3, 1991, 0, 9223372036854775807, 0, 9223372036824910807
3, 1992, 0, 9223372036854775807, 0, 9223372036824895807
3, 1993, 0, 9223372036854775807, 0, 9223372036824880807
3, 1994, 0, 9223372036854775807, 0, 9223372036824865807
3, 1995, 0, 9223372036854775807, 0, 9223372036824850807
3, 1996, 0, 9223372036854775807, 0, 9223372036824835807
3, 1997, 0, 9223372036854775807, 0, 9223372036824820807
3, 1998, 0, 9223372036854775807, 0, 9223372036824805807
3, 1999, 0, 9223372036854775807, 0, 9223372036824790807
3, 2, 0, 9223372036854775807, 0, 9223372036854745807
3, 20, 0, 9223372036854775807, 0, 9223372036854475807
3, 200, 0, 9223372036854775807, 0, 9223372036851775807
3, 2000, 0, 9223372036854775807, 0, 9223372036824775807
3, 2001, 0, 9223372036854775807, 0, 9223372036824760807
3, 2002, 0, 9223372036854775807, 0, 9223372036824745807
3, 2003, 0, 9223372036854775807, 0, 9223372036824730807
3, 2004, 0, 9223372036854775807, 0, 9223372036824715807
3, 2005, 0, 9223372036854775807, 0, 9223372036824700807
3, 2006, 0, 9223372036854775807, 0, 9223372036824685807
3, 2007, 0, 9223372036854775807, 0, 9223372036824670807
3, 2008, 0, 9223372036854775807, 0, 9223372036824655807
3, 2009, 0, 9223372036854775807, 0, 9223372036824640807
3, 201, 0, 9223372036854775807, 0, 9223372036851760807
3, 2010, 0, 9223372036854775807, 0, 9223372036824625807
3, 2011, 0, 9223372036854775807, 0, 9223372036824610807
3, 2012, 0, 9223372036854775807, 0, 9223372036824595807
3, 2013, 0, 9223372036854775807, 0, 9223372036824580807
3, 2014, 0, 9223372036854775807, 0, 9223372036824565807
3, 2015, 0, 9223372036854775807, 0, 9223372036824550807
3, 2016, 0, 9223372036854775807, 0, 9223372036824535807
3, 2017, 0, 9223372036854775807, 0, 9223372036824520807
3, 2018, 0, 9223372036854775807, 0, 9223372036824505807
3, 2019, 0, 9223372036854775807, 0, 9223372036824490807
3, 202, 0, 9223372036854775807, 0, 9223372036851745807
3, 2020, 0, 9223372036854775807, 0, 9223372036824475807
3, 2021, 0, 9223372036854775807, 0, 9223372036824460807
3, 2022, 0, 9223372036854775807, 0, 9223372036824445807
3, 2023, 0, 9223372036854775807, 0, 9223372036824430807
3, 2024, 0, 9223372036854775807, 0, 9223372036824415807
3, 2025, 0, 9223372036854775807, 0, 9223372036824400807
3, 2026, 0, 9223372036854775807, 0, 9223372036824385807
3, 2027, 0, 9223372036854775807, 0, 9223372036824370807
3, 2028, 0, 9223372036854775807, 0, 9223372036824355807
3, 2029, 0, 9223372036854775807, 0, 9223372036824340807
3, 203, 0, 9223372036854775807, 0, 9223372036851730807
3, 2030, 0, 9223372036854775807, 0, 9223372036824325807
3, 2031, 0, 9223372036854775807, 0, 9223372036824310807
3, 2032, 0, 9223372036854775807, 0, 9223372036824295807
3, 2033, 0, 9223372036854775807, 0, 9223372036824280807
3, 2034, 0, 9223372036854775807, 0, 9223372036824265807
3, 2035, 0, 9223372036854775807, 0, 9223372036824250807
3, 2036, 0, 9223372036854775807, 0, 9223372036824235807
3, 2037, 0, 9223372036854775807, 0, 9223372036824220807
3, 2038, 0, 9223372036854775807, 0, 9223372036824205807
3, 2039, 0, 9223372036854775807, 0, 9223372036824190807
3, 204, 0, 9223372036854775807, 0, 9223372036851715807
3, 2040, 0, 9223372036854775807, 0, 9223372036824175807
3, 2041, 0, 9223372036854775807, 0, 9223372036824160807
3, 2042, 0, 9223372036854775807, 0, 9223372036824145807
3, 2043, 0, 9223372036854775807, 0, 9223372036824130807
3, 2044, 0, 9223372036854775807, 0, 9223372036824115807
3, 2045, 0, 9223372036854775807, 0, 9223372036824100807
3, 2046, 0, 9223372036854775807, 0, 9223372036824085807
3, 2047, 0, 9223372036854775807, 0, 9223372036824070807
3, 2048, 0, 9223372036854775807, 0, 9223372036824055807
3, 2049, 0, 9223372036854775807, 0, 9223372036824040807
3, 205, 0, 9223372036854775807, 0, 9223372036851700807
3, 2050, 0, 9223372036854775807, 0, 9223372036824025807
3, 2051, 0, 9223372036854775807, 0, 9223372036824010807
3, 2052, 0, 9223372036854775807, 0, 9223372036823995807
3, 2053, 0, 9223372036854775807, 0, 9223372036823980807
3, 2054, 0, 9223372036854775807, 0, 9223372036823965807
3, 2055, 0, 9223372036854775807, 0, 9223372036823950807
3, 2056, 0, 9223372036854775807, 0, 9223372036823935807
3, 2057, 0, 9223372036854775807, 0, 9223372036823920807
3, 2058, 0, 9223372036854775807, 0, 9223372036823905807
3, 2059, 0, 9223372036854775807, 0, 9223372036823890807
3, 206, 0, 9223372036854775807, 0, 9223372036851685807
3, 2060, 0, 9223372036854775807, 0, 9223372036823875807
3, 2061, 0, 9223372036854775807, 0, 9223372036823860807
3, 2062, 0, 9223372036854775807, 0, 9223372036823845807
3, 2063, 0, 9223372036854775807, 0, 9223372036823830807
3, 2064, 0, 9223372036854775807, 0, 9223372036823815807
3, 2065, 0, 9223372036854775807, 0, 9223372036823800807
3, 2066, 0, 9223372036854775807, 0, 9223372036823785807
3, 2067, 0, 9223372036854775807, 0, 9223372036823770807
3, 2068, 0, 9223372036854775807, 0, 9223372036823755807
3, 2069, 0, 9223372036854775807, 0, 9223372036823740807
3, 207, 0, 9223372036854775807, 0, 9223372036851670807
3, 2070, 0, 9223372036854775807, 0, 9223372036823725807
3, 2071, 0, 9223372036854775807, 0, 9223372036823710807
3, 2072, 0, 9223372036854775807, 0, 9223372036823695807
3, 2073, 0, 9223372036854775807, 0, 9223372036823680807
3, 2074, 0, 9223372036854775807, 0, 9223372036823665807
3, 2075, 0, 9223372036854775807, 0, 9223372036823650807
3, 2076, 0, 9223372036854775807, 0, 9223372036823635807
3, 2077, 0, 9223372036854775807, 0, 9223372036823620807
3, 2078, 0, 9223372036854775807, 0, 9223372036823605807
3, 2079, 0, 9223372036854775807, 0, 9223372036823590807
3, 208, 0, 9223372036854775807, 0, 9223372036851655807
3, 2080, 0, 9223372036854775807, 0, 9223372036823575807
3, 2081, 0, 9223372036854775807, 0, 9223372036823560807
3, 2082, 0, 9223372036854775807, 0, 9223372036823545807
3, 2083, 0, 9223372036854775807, 0, 9223372036823530807
3, 2084, 0, 9223372036854775807, 0, 9223372036823515807
3, 2085, 0, 9223372036854775807, 0, 9223372036823500807
3, 2086, 0, 9223372036854775807, 0, 9223372036823485807
3, 2087, 0, 9223372036854775807, 0, 9223372036823470807
3, 2088, 0, 9223372036854775807, 0, 9223372036823455807
3, 2089, 0, 9223372036854775807, 0, 9223372036823440807
3, 209, 0, 9223372036854775807, 0, 9223372036851640807
3, 2090, 0, 9223372036854775807, 0, 9223372036823425807
3, 2091, 0, 9223372036854775807, 0, 9223372036823410807
3, 2092, 0, 9223372036854775807, 0, 9223372036823395807
3, 2093, 0, 9223372036854775807, 0, 9223372036823380807
3, 2094, 0, 9223372036854775807, 0, 9223372036823365807
3, 2095, 0, 9223372036854775807, 0, 9223372036823350807
3, 2096, 0, 9223372036854775807, 0, 9223372036823335807
3, 2097, 0, 9223372036854775807, 0, 9223372036823320807
3, 2098, 0, 9223372036854775807, 0, 9223372036823305807
3, 2099, 0, 9223372036854775807, 0, 9223372036823290807
3, 21, 0, 9223372036854775807, 0, 9223372036854460807
3, 210, 0, 9223372036854775807, 0, 9223372036851625807
3, 2100, 0, 9223372036854775807, 0, 9223372036823275807
3, 2101, 0, 9223372036854775807, 0, 9223372036823260807
3, 2102, 0, 9223372036854775807, 0, 9223372036823245807
3, 2103, 0, 9223372036854775807, 0, 9223372036823230807
3, 2104, 0, 9223372036854775807, 0, 9223372036823215807
3, 2105, 0, 9223372036854775807, 0, 9223372036823200807
3, 2106, 0, 9223372036854775807, 0, 9223372036823185807
3, 2107, 0, 9223372036854775807, 0, 9223372036823170807
3, 2108, 0, 9223372036854775807, 0, 9223372036823155807
3, 2109, 0, 9223372036854775807, 0, 9223372036823140807
3, 211, 0, 9223372036854775807, 0, 9223372036851610807
3, 2110, 0, 9223372036854775807, 0, 9223372036823125807
3, 2111, 0, 9223372036854775807, 0, 9223372036823110807
3, 2112, 0, 9223372036854775807, 0, 9223372036823095807
3, 2113, 0, 9223372036854775807, 0, 9223372036823080807
3, 2114, 0, 9223372036854775807, 0, 9223372036823065807
3, 2115, 0, 9223372036854775807, 0, 9223372036823050807
3, 2116, 0, 9223372036854775807, 0, 9223372036823035807
3, 2117, 0, 9223372036854775807, 0, 9223372036823020807
3, 2118, 0, 9223372036854775807, 0, 9223372036823005807
3, 2119, 0, 9223372036854775807, 0, 9223372036822990807
3, 212, 0, 9223372036854775807, 0, 9223372036851595807
3, 2120, 0, 9223372036854775807, 0, 9223372036822975807
3, 2121, 0, 9223372036854775807, 0, 9223372036822960807
3, 2122, 0, 9223372036854775807, 0, 9223372036822945807
3, 2123, 0, 9223372036854775807, 0, 9223372036822930807
3, 2124, 0, 9223372036854775807, 0, 9223372036822915807
3, 2125, 0, 9223372036854775807, 0, 9223372036822900807
3, 2126, 0, 9223372036854775807, 0, 9223372036822885807
3, 2127, 0, 9223372036854775807, 0, 9223372036822870807
3, 2128, 0, 9223372036854775807, 0, 9223372036822855807
3, 2129, 0, 9223372036854775807, 0, 9223372036822840807
3, 213, 0, 9223372036854775807, 0, 9223372036851580807
3, 2130, 0, 9223372036854775807, 0, 9223372036822825807
3, 2131, 0, 9223372036854775807, 0, 9223372036822810807
3, 2132, 0, 9223372036854775807, 0, 9223372036822795807
3, 2133, 0, 9223372036854775807, 0, 9223372036822780807
3, 2134, 0, 9223372036854775807, 0, 9223372036822765807
3, 2135, 0, 9223372036854775807, 0, 9223372036822750807
3, 2136, 0, 9223372036854775807, 0, 9223372036822735807
3, 2137, 0, 9223372036854775807, 0, 9223372036822720807
3, 2138, 0, 9223372036854775807, 0, 9223372036822705807
3, 2139, 0, 9223372036854775807, 0, 9223372036822690807
3, 214, 0, 9223372036854775807, 0, 9223372036851565807
3, 2140, 0, 9223372036854775807, 0, 9223372036822675807
3, 2141, 0, 9223372036854775807, 0, 9223372036822660807
3, 2142, 0, 9223372036854775807, 0, 9223372036822645807
3, 2143, 0, 9223372036854775807, 0, 9223372036822630807
3, 2144, 0, 9223372036854775807, 0, 9223372036822615807
3, 2145, 0, 9223372036854775807, 0, 9223372036822600807
3, 2146, 0, 9223372036854775807, 0, 9223372036822585807
3, 2147, 0, 9223372036854775807, 0, 9223372036822570807
3, 2148, 0, 9223372036854775807, 0, 9223372036822555807
3, 2149, 0, 9223372036854775807, 0, 9223372036822540807
3, 215, 0, 9223372036854775807, 0, 9223372036851550807
3, 2150, 0, 9223372036854775807, 0, 9223372036822525807
3, 2151, 0, 9223372036854775807, 0, 9223372036822510807
3, 2152, 0, 9223372036854775807, 0, 9223372036822495807
3, 2153, 0, 9223372036854775807, 0, 9223372036822480807
3, 2154, 0, 9223372036854775807, 0, 9223372036822465807
3, 2155, 0, 9223372036854775807, 0, 9223372036822450807
3, 2156, 0, 9223372036854775807, 0, 9223372036822435807
3, 2157, 0, 9223372036854775807, 0, 9223372036822420807
3, 2158, 0, 9223372036854775807, 0, 9223372036822405807
3, 2159, 0, 9223372036854775807, 0, 9223372036822390807
3, 216, 0, 9223372036854775807, 0, 9223372036851535807
3, 2160, 0, 9223372036854775807, 0, 9223372036822375807
3, 2161, 0, 9223372036854775807, 0, 9223372036822360807
3, 2162, 0, 9223372036854775807, 0, 9223372036822345807
3, 2163, 0, 9223372036854775807, 0, 9223372036822330807
3, 2164, 0, 9223372036854775807, 0, 9223372036822315807
3, 2165, 0, 9223372036854775807, 0, 9223372036822300807
3, 2166, 0, 9223372036854775807, 0, 9223372036822285807
3, 2167, 0, 9223372036854775807, 0, 9223372036822270807
3, 2168, 0, 9223372036854775807, 0, 9223372036822255807
3, 2169, 0, 9223372036854775807, 0, 9223372036822240807
3, 217, 0, 9223372036854775807, 0, 9223372036851520807
3, 2170, 0, 9223372036854775807, 0, 9223372036822225807
3, 2171, 0, 9223372036854775807, 0, 9223372036822210807
3, 2172, 0, 9223372036854775807, 0, 9223372036822195807
3, 2173, 0, 9223372036854775807, 0, 9223372036822180807
3, 2174, 0, 9223372036854775807, 0, 9223372036822165807
3, 2175, 0, 9223372036854775807, 0, 9223372036822150807
3, 2176, 0, 9223372036854775807, 0, 9223372036822135807
3, 2177, 0, 9223372036854775807, 0, 9223372036822120807
3, 2178, 0, 9223372036854775807, 0, 9223372036822105807
3, 2179, 0, 9223372036854775807, 0, 9223372036822090807
3, 218, 0, 9223372036854775807, 0, 9223372036851505807
3, 2180, 0, 9223372036854775807, 0, 9223372036822075807
3, 2181, 0, 9223372036854775807, 0, 9223372036822060807
3, 2182, 0, 9223372036854775807, 0, 9223372036822045807
3, 2183, 0, 9223372036854775807, 0, 9223372036822030807
3, 2184, 0, 9223372036854775807, 0, 9223372036822015807
3, 2185, 0, 9223372036854775807, 0, 9223372036822000807
3, 2186, 0, 9223372036854775807, 0, 9223372036821985807
3, 2187, 0, 9223372036854775807, 0, 9223372036821970807
3, 2188, 0, 9223372036854775807, 0, 9223372036821955807
3, 2189, 0, 9223372036854775807, 0, 9223372036821940807
3, 219, 0, 9223372036854775807, 0, 9223372036851490807
3, 2190, 0, 9223372036854775807, 0, 9223372036821925807
3, 2191, 0, 9223372036854775807, 0, 9223372036821910807
3, 2192, 0, 9223372036854775807, 0, 9223372036821895807
3, 2193, 0, 9223372036854775807, 0, 9223372036821880807
3, 2194, 0, 9223372036854775807, 0, 9223372036821865807
3, 2195, 0, 9223372036854775807, 0, 9223372036821850807
3, 2196, 0, 9223372036854775807, 0, 9223372036821835807
3, 2197, 0, 9223372036854775807, 0, 9223372036821820807
3, 2198, 0, 9223372036854775807, 0, 9223372036821805807
3, 2199, 0, 9223372036854775807, 0, 9223372036821790807
3, 22, 0, 9223372036854775807, 0, 9223372036854445807
3, 220, 0, 9223372036854775807, 0, 9223372036851475807
3, 2200, 0, 9223372036854775807, 0, 9223372036821775807
3, 2201, 0, 9223372036854775807, 0, 9223372036821760807
3, 2202, 0, 9223372036854775807, 0, 9223372036821745807
3, 2203, 0, 9223372036854775807, 0, 9223372036821730807
3, 2204, 0, 9223372036854775807, 0, 9223372036821715807
3, 2205, 0, 9223372036854775807, 0, 9223372036821700807
3, 2206, 0, 9223372036854775807, 0, 9223372036821685807
3, 2207, 0, 9223372036854775807, 0, 9223372036821670807
3, 2208, 0, 9223372036854775807, 0, 9223372036821655807
3, 2209, 0, 9223372036854775807, 0, 9223372036821640807
3, 221, 0, 9223372036854775807, 0, 9223372036851460807
3, 2210, 0, 9223372036854775807, 0, 9223372036821625807
3, 2211, 0, 9223372036854775807, 0, 9223372036821610807
3, 2212, 0, 9223372036854775807, 0, 9223372036821595807
3, 2213, 0, 9223372036854775807, 0, 9223372036821580807
3, 2214, 0, 9223372036854775807, 0, 9223372036821565807
3, 2215, 0, 9223372036854775807, 0, 9223372036821550807
3, 2216, 0, 9223372036854775807, 0, 9223372036821535807
3, 2217, 0, 9223372036854775807, 0, 9223372036821520807
3, 2218, 0, 9223372036854775807, 0, 9223372036821505807
3, 2219, 0, 9223372036854775807, 0, 9223372036821490807
3, 222, 0, 9223372036854775807, 0, 9223372036851445807
3, 2220, 0, 9223372036854775807, 0, 9223372036821475807
3, 2221, 0, 9223372036854775807, 0, 9223372036821460807
3, 2222, 0, 9223372036854775807, 0, 9223372036821445807
3, 2223, 0, 9223372036854775807, 0, 9223372036821430807
3, 2224, 0, 9223372036854775807, 0, 9223372036821415807
3, 2225, 0, 9223372036854775807, 0, 9223372036821400807
3, 2226, 0, 9223372036854775807, 0, 9223372036821385807
3, 2227, 0, 9223372036854775807, 0, 9223372036821370807
3, 2228, 0, 9223372036854775807, 0, 9223372036821355807
3, 2229, 0, 9223372036854775807, 0, 9223372036821340807
3, 223, 0, 9223372036854775807, 0, 9223372036851430807
3, 2230, 0, 9223372036854775807, 0, 9223372036821325807
3, 2231, 0, 9223372036854775807, 0, 9223372036821310807
3, 2232, 0, 9223372036854775807, 0, 9223372036821295807
3, 2233, 0, 9223372036854775807, 0, 9223372036821280807
3, 2234, 0, 9223372036854775807, 0, 9223372036821265807
3, 2235, 0, 9223372036854775807, 0, 9223372036821250807
3, 2236, 0, 9223372036854775807, 0, 9223372036821235807
3, 2237, 0, 9223372036854775807, 0, 9223372036821220807
3, 2238, 0, 9223372036854775807, 0, 9223372036821205807
3, 2239, 0, 9223372036854775807, 0, 9223372036821190807
3, 224, 0, 9223372036854775807, 0, 9223372036851415807
3, 2240, 0, 9223372036854775807, 0, 9223372036821175807
3, 2241, 0, 9223372036854775807, 0, 9223372036821160807
3, 2242, 0, 9223372036854775807, 0, 9223372036821145807
3, 2243, 0, 9223372036854775807, 0, 9223372036821130807
3, 2244, 0, 9223372036854775807, 0, 9223372036821115807
3, 2245, 0, 9223372036854775807, 0, 9223372036821100807
3, 2246, 0, 9223372036854775807, 0, 9223372036821085807
3, 2247, 0, 9223372036854775807, 0, 9223372036821070807
3, 2248, 0, 9223372036854775807, 0, 9223372036821055807
3, 2249, 0, 9223372036854775807, 0, 9223372036821040807
3, 225, 0, 9223372036854775807, 0, 9223372036851400807
3, 2250, 0, 9223372036854775807, 0, 9223372036821025807
3, 2251, 0, 9223372036854775807, 0, 9223372036821010807
3, 2252, 0, 9223372036854775807, 0, 9223372036820995807
3, 2253, 0, 9223372036854775807, 0, 9223372036820980807
3, 2254, 0, 9223372036854775807, 0, 9223372036820965807
3, 2255, 0, 9223372036854775807, 0, 9223372036820950807
3, 2256, 0, 9223372036854775807, 0, 9223372036820935807
3, 2257, 0, 9223372036854775807, 0, 9223372036820920807
3, 2258, 0, 9223372036854775807, 0, 9223372036820905807
3, 2259, 0, 9223372036854775807, 0, 9223372036820890807
3, 226, 0, 9223372036854775807, 0, 9223372036851385807
3, 2260, 0, 9223372036854775807, 0, 9223372036820875807
3, 2261, 0, 9223372036854775807, 0, 9223372036820860807
3, 2262, 0, 9223372036854775807, 0, 9223372036820845807
3, 2263, 0, 9223372036854775807, 0, 9223372036820830807
3, 2264, 0, 9223372036854775807, 0, 9223372036820815807
3, 2265, 0, 9223372036854775807, 0, 9223372036820800807
3, 2266, 0, 9223372036854775807, 0, 9223372036820785807
3, 2267, 0, 9223372036854775807, 0, 9223372036820770807
3, 2268, 0, 9223372036854775807, 0, 9223372036820755807
3, 2269, 0, 9223372036854775807, 0, 9223372036820740807
3, 227, 0, 9223372036854775807, 0, 9223372036851370807
3, 2270, 0, 9223372036854775807, 0, 9223372036820725807
3, 2271, 0, 9223372036854775807, 0, 9223372036820710807
3, 2272, 0, 9223372036854775807, 0, 9223372036820695807
3, 2273, 0, 9223372036854775807, 0, 9223372036820680807
3, 2274, 0, 9223372036854775807, 0, 9223372036820665807
3, 2275, 0, 9223372036854775807, 0, 9223372036820650807
3, 2276, 0, 9223372036854775807, 0, 9223372036820635807
3, 2277, 0, 9223372036854775807, 0, 9223372036820620807
3, 2278, 0, 9223372036854775807, 0, 9223372036820605807
3, 2279, 0, 9223372036854775807, 0, 9223372036820590807
3, 228, 0, 9223372036854775807, 0, 9223372036851355807
3, 2280, 0, 9223372036854775807, 0, 9223372036820575807
3, 2281, 0, 9223372036854775807, 0, 9223372036820560807
3, 2282, 0, 9223372036854775807, 0, 9223372036820545807
3, 2283, 0, 9223372036854775807, 0, 9223372036820530807
3, 2284, 0, 9223372036854775807, 0, 9223372036820515807
3, 2285, 0, 9223372036854775807, 0, 9223372036820500807
3, 2286, 0, 9223372036854775807, 0, 9223372036820485807
3, 2287, 0, 9223372036854775807, 0, 9223372036820470807
3, 2288, 0, 9223372036854775807, 0, 9223372036820455807
3, 2289, 0, 9223372036854775807, 0, 9223372036820440807
3, 229, 0, 9223372036854775807, 0, 9223372036851340807
3, 2290, 0, 9223372036854775807, 0, 9223372036820425807
3, 2291, 0, 9223372036854775807, 0, 9223372036820410807
3, 2292, 0, 9223372036854775807, 0, 9223372036820395807
3, 2293, 0, 9223372036854775807, 0, 9223372036820380807
3, 2294, 0, 9223372036854775807, 0, 9223372036820365807
3, 2295, 0, 9223372036854775807, 0, 9223372036820350807
3, 2296, 0, 9223372036854775807, 0, 9223372036820335807
3, 2297, 0, 9223372036854775807, 0, 9223372036820320807
3, 2298, 0, 9223372036854775807, 0, 9223372036820305807
3, 2299, 0, 9223372036854775807, 0, 9223372036820290807
3, 23, 0, 9223372036854775807, 0, 9223372036854430807
3, 230, 0, 9223372036854775807, 0, 9223372036851325807
3, 2300, 0, 9223372036854775807, 0, 9223372036820275807
3, 2301, 0, 9223372036854775807, 0, 9223372036820260807
3, 2302, 0, 9223372036854775807, 0, 9223372036820245807
3, 2303, 0, 9223372036854775807, 0, 9223372036820230807
3, 2304, 0, 9223372036854775807, 0, 9223372036820215807
3, 2305, 0, 9223372036854775807, 0, 9223372036820200807
3, 2306, 0, 9223372036854775807, 0, 9223372036820185807
3, 2307, 0, 9223372036854775807, 0, 9223372036820170807
3, 2308, 0, 9223372036854775807, 0, 9223372036820155807
3, 2309, 0, 9223372036854775807, 0, 9223372036820140807
3, 231, 0, 9223372036854775807, 0, 9223372036851310807
3, 2310, 0, 9223372036854775807, 0, 9223372036820125807
3, 2311, 0, 9223372036854775807, 0, 9223372036820110807
3, 2312, 0, 9223372036854775807, 0, 9223372036820095807
3, 2313, 0, 9223372036854775807, 0, 9223372036820080807
3, 2314, 0, 9223372036854775807, 0, 9223372036820065807
3, 2315, 0, 9223372036854775807, 0, 9223372036820050807
3, 2316, 0, 9223372036854775807, 0, 9223372036820035807
3, 2317, 0, 9223372036854775807, 0, 9223372036820020807
3, 2318, 0, 9223372036854775807, 0, 9223372036820005807
3, 2319, 0, 9223372036854775807, 0, 9223372036819990807
3, 232, 0, 9223372036854775807, 0, 9223372036851295807
3, 2320, 0, 9223372036854775807, 0, 9223372036819975807
3, 2321, 0, 9223372036854775807, 0, 9223372036819960807
3, 2322, 0, 9223372036854775807, 0, 9223372036819945807
3, 2323, 0, 9223372036854775807, 0, 9223372036819930807
3, 2324, 0, 9223372036854775807, 0, 9223372036819915807
3, 2325, 0, 9223372036854775807, 0, 9223372036819900807
3, 2326, 0, 9223372036854775807, 0, 9223372036819885807
3, 2327, 0, 9223372036854775807, 0, 9223372036819870807
3, 2328, 0, 9223372036854775807, 0, 9223372036819855807
3, 2329, 0, 9223372036854775807, 0, 9223372036819840807
3, 233, 0, 9223372036854775807, 0, 9223372036851280807
3, 2330, 0, 9223372036854775807, 0, 9223372036819825807
3, 2331, 0, 9223372036854775807, 0, 9223372036819810807
3, 2332, 0, 9223372036854775807, 0, 9223372036819795807
3, 2333, 0, 9223372036854775807, 0, 9223372036819780807
3, 2334, 0, 9223372036854775807, 0, 9223372036819765807
3, 2335, 0, 9223372036854775807, 0, 9223372036819750807
3, 2336, 0, 9223372036854775807, 0, 9223372036819735807
3, 2337, 0, 9223372036854775807, 0, 9223372036819720807
3, 2338, 0, 9223372036854775807, 0, 9223372036819705807
3, 2339, 0, 9223372036854775807, 0, 9223372036819690807
3, 234, 0, 9223372036854775807, 0, 9223372036851265807
3, 2340, 0, 9223372036854775807, 0, 9223372036819675807
3, 2341, 0, 9223372036854775807, 0, 9223372036819660807
3, 2342, 0, 9223372036854775807, 0, 9223372036819645807
3, 2343, 0, 9223372036854775807, 0, 9223372036819630807
3, 2344, 0, 9223372036854775807, 0, 9223372036819615807
3, 2345, 0, 9223372036854775807, 0, 9223372036819600807
3, 2346, 0, 9223372036854775807, 0, 9223372036819585807
3, 2347, 0, 9223372036854775807, 0, 9223372036819570807
3, 2348, 0, 9223372036854775807, 0, 9223372036819555807
3, 2349, 0, 9223372036854775807, 0, 9223372036819540807
3, 235, 0, 9223372036854775807, 0, 9223372036851250807
3, 2350, 0, 9223372036854775807, 0, 9223372036819525807
3, 2351, 0, 9223372036854775807, 0, 9223372036819510807
3, 2352, 0, 9223372036854775807, 0, 9223372036819495807
3, 2353, 0, 9223372036854775807, 0, 9223372036819480807
3, 2354, 0, 9223372036854775807, 0, 9223372036819465807
3, 2355, 0, 9223372036854775807, 0, 9223372036819450807
3, 2356, 0, 9223372036854775807, 0, 9223372036819435807
3, 2357, 0, 9223372036854775807, 0, 9223372036819420807
3, 2358, 0, 9223372036854775807, 0, 9223372036819405807
3, 2359, 0, 9223372036854775807, 0, 9223372036819390807
3, 236, 0, 9223372036854775807, 0, 9223372036851235807
3, 2360, 0, 9223372036854775807, 0, 9223372036819375807
3, 2361, 0, 9223372036854775807, 0, 9223372036819360807
3, 2362, 0, 9223372036854775807, 0, 9223372036819345807
3, 2363, 0, 9223372036854775807, 0, 9223372036819330807
3, 2364, 0, 9223372036854775807, 0, 9223372036819315807
3, 2365, 0, 9223372036854775807, 0, 9223372036819300807
3, 2366, 0, 9223372036854775807, 0, 9223372036819285807
3, 2367, 0, 9223372036854775807, 0, 9223372036819270807
3, 2368, 0, 9223372036854775807, 0, 9223372036819255807
3, 2369, 0, 9223372036854775807, 0, 9223372036819240807
3, 237, 0, 9223372036854775807, 0, 9223372036851220807
3, 2370, 0, 9223372036854775807, 0, 9223372036819225807
3, 2371, 0, 9223372036854775807, 0, 9223372036819210807
3, 2372, 0, 9223372036854775807, 0, 9223372036819195807
3, 2373, 0, 9223372036854775807, 0, 9223372036819180807
3, 2374, 0, 9223372036854775807, 0, 9223372036819165807
3, 2375, 0, 9223372036854775807, 0, 9223372036819150807
3, 2376, 0, 9223372036854775807, 0, 9223372036819135807
3, 2377, 0, 9223372036854775807, 0, 9223372036819120807
3, 2378, 0, 9223372036854775807, 0, 9223372036819105807
3, 2379, 0, 9223372036854775807, 0, 9223372036819090807
3, 238, 0, 9223372036854775807, 0, 9223372036851205807
3, 2380, 0, 9223372036854775807, 0, 9223372036819075807
3, 2381, 0, 9223372036854775807, 0, 9223372036819060807
3, 2382, 0, 9223372036854775807, 0, 9223372036819045807
3, 2383, 0, 9223372036854775807, 0, 9223372036819030807
3, 2384, 0, 9223372036854775807, 0, 9223372036819015807
3, 2385, 0, 9223372036854775807, 0, 9223372036819000807
3, 2386, 0, 9223372036854775807, 0, 9223372036818985807
3, 2387, 0, 9223372036854775807, 0, 9223372036818970807
3, 2388, 0, 9223372036854775807, 0, 9223372036818955807
3, 2389, 0, 9223372036854775807, 0, 9223372036818940807
3, 239, 0, 9223372036854775807, 0, 9223372036851190807
3, 2390, 0, 9223372036854775807, 0, 9223372036818925807
3, 2391, 0, 9223372036854775807, 0, 9223372036818910807
3, 2392, 0, 9223372036854775807, 0, 9223372036818895807
3, 2393, 0, 9223372036854775807, 0, 9223372036818880807
3, 2394, 0, 9223372036854775807, 0, 9223372036818865807
3, 2395, 0, 9223372036854775807, 0, 9223372036818850807
3, 2396, 0, 9223372036854775807, 0, 9223372036818835807
3, 2397, 0, 9223372036854775807, 0, 9223372036818820807
3, 2398, 0, 9223372036854775807, 0, 9223372036818805807
3, 2399, 0, 9223372036854775807, 0, 9223372036818790807
3, 24, 0, 9223372036854775807, 0, 9223372036854415807
3, 240, 0, 9223372036854775807, 0, 9223372036851175807
3, 2400, 0, 9223372036854775807, 0, 9223372036818775807
3, 2401, 0, 9223372036854775807, 0, 9223372036818760807
3, 2402, 0, 9223372036854775807, 0, 9223372036818745807
3, 2403, 0, 9223372036854775807, 0, 9223372036818730807
3, 2404, 0, 9223372036854775807, 0, 9223372036818715807
3, 2405, 0, 9223372036854775807, 0, 9223372036818700807
3, 2406, 0, 9223372036854775807, 0, 9223372036818685807
3, 2407, 0, 9223372036854775807, 0, 9223372036818670807
3, 2408, 0, 9223372036854775807, 0, 9223372036818655807
3, 2409, 0, 9223372036854775807, 0, 9223372036818640807
3, 241, 0, 9223372036854775807, 0, 9223372036851160807
3, 2410, 0, 9223372036854775807, 0, 9223372036818625807
3, 2411, 0, 9223372036854775807, 0, 9223372036818610807
3, 2412, 0, 9223372036854775807, 0, 9223372036818595807
3, 2413, 0, 9223372036854775807, 0, 9223372036818580807
3, 2414, 0, 9223372036854775807, 0, 9223372036818565807
3, 2415, 0, 9223372036854775807, 0, 9223372036818550807
3, 2416, 0, 9223372036854775807, 0, 9223372036818535807
3, 2417, 0, 9223372036854775807, 0, 9223372036818520807
3, 2418, 0, 9223372036854775807, 0, 9223372036818505807
3, 2419, 0, 9223372036854775807, 0, 9223372036818490807
3, 242, 0, 9223372036854775807, 0, 9223372036851145807
3, 2420, 0, 9223372036854775807, 0, 9223372036818475807
3, 2421, 0, 9223372036854775807, 0, 9223372036818460807
3, 2422, 0, 9223372036854775807, 0, 9223372036818445807
3, 2423, 0, 9223372036854775807, 0, 9223372036818430807
3, 2424, 0, 9223372036854775807, 0, 9223372036818415807
3, 2425, 0, 9223372036854775807, 0, 9223372036818400807
3, 2426, 0, 9223372036854775807, 0, 9223372036818385807
3, 2427, 0, 9223372036854775807, 0, 9223372036818370807
3, 2428, 0, 9223372036854775807, 0, 9223372036818355807
3, 2429, 0, 9223372036854775807, 0, 9223372036818340807
3, 243, 0, 9223372036854775807, 0, 9223372036851130807
3, 2430, 0, 9223372036854775807, 0, 9223372036818325807
3, 2431, 0, 9223372036854775807, 0, 9223372036818310807
3, 2432, 0, 9223372036854775807, 0, 9223372036818295807
3, 2433, 0, 9223372036854775807, 0, 9223372036818280807
3, 2434, 0, 9223372036854775807, 0, 9223372036818265807
3, 2435, 0, 9223372036854775807, 0, 9223372036818250807
3, 2436, 0, 9223372036854775807, 0, 9223372036818235807
3, 2437, 0, 9223372036854775807, 0, 9223372036818220807
3, 2438, 0, 9223372036854775807, 0, 9223372036818205807
3, 2439, 0, 9223372036854775807, 0, 9223372036818190807
3, 244, 0, 9223372036854775807, 0, 9223372036851115807
3, 2440, 0, 9223372036854775807, 0, 9223372036818175807
3, 2441, 0, 9223372036854775807, 0, 9223372036818160807
3, 2442, 0, 9223372036854775807, 0, 9223372036818145807
3, 2443, 0, 9223372036854775807, 0, 9223372036818130807
3, 2444, 0, 9223372036854775807, 0, 9223372036818115807
3, 2445, 0, 9223372036854775807, 0, 9223372036818100807
3, 2446, 0, 9223372036854775807, 0, 9223372036818085807
3, 2447, 0, 9223372036854775807, 0, 9223372036818070807
3, 2448, 0, 9223372036854775807, 0, 9223372036818055807
3, 2449, 0, 9223372036854775807, 0, 9223372036818040807
3, 245, 0, 9223372036854775807, 0, 9223372036851100807
3, 2450, 0, 9223372036854775807, 0, 9223372036818025807
3, 2451, 0, 9223372036854775807, 0, 9223372036818010807
3, 2452, 0, 9223372036854775807, 0, 9223372036817995807
3, 2453, 0, 9223372036854775807, 0, 9223372036817980807
3, 2454, 0, 9223372036854775807, 0, 9223372036817965807
3, 2455, 0, 9223372036854775807, 0, 9223372036817950807
3, 2456, 0, 9223372036854775807, 0, 9223372036817935807
3, 2457, 0, 9223372036854775807, 0, 9223372036817920807
3, 2458, 0, 9223372036854775807, 0, 9223372036817905807
3, 2459, 0, 9223372036854775807, 0, 9223372036817890807
3, 246, 0, 9223372036854775807, 0, 9223372036851085807
3, 2460, 0, 9223372036854775807, 0, 9223372036817875807
3, 2461, 0, 9223372036854775807, 0, 9223372036817860807
3, 2462, 0, 9223372036854775807, 0, 9223372036817845807
3, 2463, 0, 9223372036854775807, 0, 9223372036817830807
3, 2464, 0, 9223372036854775807, 0, 9223372036817815807
3, 2465, 0, 9223372036854775807, 0, 9223372036817800807
3, 2466, 0, 9223372036854775807, 0, 9223372036817785807
3, 2467, 0, 9223372036854775807, 0, 9223372036817770807
3, 2468, 0, 9223372036854775807, 0, 9223372036817755807
3, 2469, 0, 9223372036854775807, 0, 9223372036817740807
3, 247, 0, 9223372036854775807, 0, 9223372036851070807
3, 2470, 0, 9223372036854775807, 0, 9223372036817725807
3, 2471, 0, 9223372036854775807, 0, 9223372036817710807
3, 2472, 0, 9223372036854775807, 0, 9223372036817695807
3, 2473, 0, 9223372036854775807, 0, 9223372036817680807
3, 2474, 0, 9223372036854775807, 0, 9223372036817665807
3, 2475, 0, 9223372036854775807, 0, 9223372036817650807
3, 2476, 0, 9223372036854775807, 0, 9223372036817635807
3, 2477, 0, 9223372036854775807, 0, 9223372036817620807
3, 2478, 0, 9223372036854775807, 0, 9223372036817605807
3, 2479, 0, 9223372036854775807, 0, 9223372036817590807
3, 248, 0, 9223372036854775807, 0, 9223372036851055807
3, 2480, 0, 9223372036854775807, 0, 9223372036817575807
3, 2481, 0, 9223372036854775807, 0, 9223372036817560807
3, 2482, 0, 9223372036854775807, 0, 9223372036817545807
3, 2483, 0, 9223372036854775807, 0, 9223372036817530807
3, 2484, 0, 9223372036854775807, 0, 9223372036817515807
3, 2485, 0, 9223372036854775807, 0, 9223372036817500807
3, 2486, 0, 9223372036854775807, 0, 9223372036817485807
3, 2487, 0, 9223372036854775807, 0, 9223372036817470807
3, 2488, 0, 9223372036854775807, 0, 9223372036817455807
3, 2489, 0, 9223372036854775807, 0, 9223372036817440807
3, 249, 0, 9223372036854775807, 0, 9223372036851040807
3, 2490, 0, 9223372036854775807, 0, 9223372036817425807
3, 2491, 0, 9223372036854775807, 0, 9223372036817410807
3, 2492, 0, 9223372036854775807, 0, 9223372036817395807
3, 2493, 0, 9223372036854775807, 0, 9223372036817380807
3, 2494, 0, 9223372036854775807, 0, 9223372036817365807
3, 2495, 0, 9223372036854775807, 0, 9223372036817350807
3, 2496, 0, 9223372036854775807, 0, 9223372036817335807
3, 2497, 0, 9223372036854775807, 0, 9223372036817320807
3, 2498, 0, 9223372036854775807, 0, 9223372036817305807
3, 2499, 0, 9223372036854775807, 0, 9223372036817290807
3, 25, 0, 9223372036854775807, 0, 9223372036854400807
3, 250, 0, 9223372036854775807, 0, 9223372036851025807
3, 2500, 0, 9223372036854775807, 0, 9223372036817275807
3, 2501, 0, 9223372036854775807, 0, 9223372036817260807
3, 2502, 0, 9223372036854775807, 0, 9223372036817245807
3, 2503, 0, 9223372036854775807, 0, 9223372036817230807
3, 2504, 0, 9223372036854775807, 0, 9223372036817215807
3, 2505, 0, 9223372036854775807, 0, 9223372036817200807
3, 2506, 0, 9223372036854775807, 0, 9223372036817185807
3, 2507, 0, 9223372036854775807, 0, 9223372036817170807
3, 2508, 0, 9223372036854775807, 0, 9223372036817155807
3, 2509, 0, 9223372036854775807, 0, 9223372036817140807
3, 251, 0, 9223372036854775807, 0, 9223372036851010807
3, 2510, 0, 9223372036854775807, 0, 9223372036817125807
3, 2511, 0, 9223372036854775807, 0, 9223372036817110807
3, 2512, 0, 9223372036854775807, 0, 9223372036817095807
3, 2513, 0, 9223372036854775807, 0, 9223372036817080807
3, 2514, 0, 9223372036854775807, 0, 9223372036817065807
3, 2515, 0, 9223372036854775807, 0, 9223372036817050807
3, 2516, 0, 9223372036854775807, 0, 9223372036817035807
3, 2517, 0, 9223372036854775807, 0, 9223372036817020807
3, 2518, 0, 9223372036854775807, 0, 9223372036817005807
3, 2519, 0, 9223372036854775807, 0, 9223372036816990807
3, 252, 0, 9223372036854775807, 0, 9223372036850995807
3, 2520, 0, 9223372036854775807, 0, 9223372036816975807
3, 2521, 0, 9223372036854775807, 0, 9223372036816960807
3, 2522, 0, 9223372036854775807, 0, 9223372036816945807
3, 2523, 0, 9223372036854775807, 0, 9223372036816930807
3, 2524, 0, 9223372036854775807, 0, 9223372036816915807
3, 2525, 0, 9223372036854775807, 0, 9223372036816900807
3, 2526, 0, 9223372036854775807, 0, 9223372036816885807
3, 2527, 0, 9223372036854775807, 0, 9223372036816870807
3, 2528, 0, 9223372036854775807, 0, 9223372036816855807
3, 2529, 0, 9223372036854775807, 0, 9223372036816840807
3, 253, 0, 9223372036854775807, 0, 9223372036850980807
3, 2530, 0, 9223372036854775807, 0, 9223372036816825807
3, 2531, 0, 9223372036854775807, 0, 9223372036816810807
3, 2532, 0, 9223372036854775807, 0, 9223372036816795807
3, 2533, 0, 9223372036854775807, 0, 9223372036816780807
3, 2534, 0, 9223372036854775807, 0, 9223372036816765807
3, 2535, 0, 9223372036854775807, 0, 9223372036816750807
3, 2536, 0, 9223372036854775807, 0, 9223372036816735807
3, 2537, 0, 9223372036854775807, 0, 9223372036816720807
3, 2538, 0, 9223372036854775807, 0, 9223372036816705807
3, 2539, 0, 9223372036854775807, 0, 9223372036816690807
3, 254, 0, 9223372036854775807, 0, 9223372036850965807
3, 2540, 0, 9223372036854775807, 0, 9223372036816675807
3, 2541, 0, 9223372036854775807, 0, 9223372036816660807
3, 2542, 0, 9223372036854775807, 0, 9223372036816645807
3, 2543, 0, 9223372036854775807, 0, 9223372036816630807
3, 2544, 0, 9223372036854775807, 0, 9223372036816615807
3, 2545, 0, 9223372036854775807, 0, 9223372036816600807
3, 2546, 0, 9223372036854775807, 0, 9223372036816585807
3, 2547, 0, 9223372036854775807, 0, 9223372036816570807
3, 2548, 0, 9223372036854775807, 0, 9223372036816555807
3, 2549, 0, 9223372036854775807, 0, 9223372036816540807
3, 255, 0, 9223372036854775807, 0, 9223372036850950807
3, 2550, 0, 9223372036854775807, 0, 9223372036816525807
3, 2551, 0, 9223372036854775807, 0, 9223372036816510807
3, 2552, 0, 9223372036854775807, 0, 9223372036816495807
3, 2553, 0, 9223372036854775807, 0, 9223372036816480807
3, 2554, 0, 9223372036854775807, 0, 9223372036816465807
3, 2555, 0, 9223372036854775807, 0, 9223372036816450807
3, 2556, 0, 9223372036854775807, 0, 9223372036816435807
3, 2557, 0, 9223372036854775807, 0, 9223372036816420807
3, 2558, 0, 9223372036854775807, 0, 9223372036816405807
3, 2559, 0, 9223372036854775807, 0, 9223372036816390807
3, 256, 0, 9223372036854775807, 0, 9223372036850935807
3, 2560, 0, 9223372036854775807, 0, 9223372036816375807
3, 2561, 0, 9223372036854775807, 0, 9223372036816360807
3, 2562, 0, 9223372036854775807, 0, 9223372036816345807
3, 2563, 0, 9223372036854775807, 0, 9223372036816330807
3, 2564, 0, 9223372036854775807, 0, 9223372036816315807
3, 2565, 0, 9223372036854775807, 0, 9223372036816300807
3, 2566, 0, 9223372036854775807, 0, 9223372036816285807
3, 2567, 0, 9223372036854775807, 0, 9223372036816270807
3, 2568, 0, 9223372036854775807, 0, 9223372036816255807
3, 2569, 0, 9223372036854775807, 0, 9223372036816240807
3, 257, 0, 9223372036854775807, 0, 9223372036850920807
3, 2570, 0, 9223372036854775807, 0, 9223372036816225807
3, 2571, 0, 9223372036854775807, 0, 9223372036816210807
3, 2572, 0, 9223372036854775807, 0, 9223372036816195807
3, 2573, 0, 9223372036854775807, 0, 9223372036816180807
3, 2574, 0, 9223372036854775807, 0, 9223372036816165807
3, 2575, 0, 9223372036854775807, 0, 9223372036816150807
3, 2576, 0, 9223372036854775807, 0, 9223372036816135807
3, 2577, 0, 9223372036854775807, 0, 9223372036816120807
3, 2578, 0, 9223372036854775807, 0, 9223372036816105807
3, 2579, 0, 9223372036854775807, 0, 9223372036816090807
3, 258, 0, 9223372036854775807, 0, 9223372036850905807
3, 2580, 0, 9223372036854775807, 0, 9223372036816075807
3, 2581, 0, 9223372036854775807, 0, 9223372036816060807
3, 2582, 0, 9223372036854775807, 0, 9223372036816045807
3, 2583, 0, 9223372036854775807, 0, 9223372036816030807
3, 2584, 0, 9223372036854775807, 0, 9223372036816015807
3, 2585, 0, 9223372036854775807, 0, 9223372036816000807
3, 2586, 0, 9223372036854775807, 0, 9223372036815985807
3, 2587, 0, 9223372036854775807, 0, 9223372036815970807
3, 2588, 0, 9223372036854775807, 0, 9223372036815955807
3, 2589, 0, 9223372036854775807, 0, 9223372036815940807
3, 259, 0, 9223372036854775807, 0, 9223372036850890807
3, 2590, 0, 9223372036854775807, 0, 9223372036815925807
3, 2591, 0, 9223372036854775807, 0, 9223372036815910807
3, 2592, 0, 9223372036854775807, 0, 9223372036815895807
3, 2593, 0, 9223372036854775807, 0, 9223372036815880807
3, 2594, 0, 9223372036854775807, 0, 9223372036815865807
3, 2595, 0, 9223372036854775807, 0, 9223372036815850807
3, 2596, 0, 9223372036854775807, 0, 9223372036815835807
3, 2597, 0, 9223372036854775807, 0, 9223372036815820807
3, 2598, 0, 9223372036854775807, 0, 9223372036815805807
3, 2599, 0, 9223372036854775807, 0, 9223372036815790807
3, 26, 0, 9223372036854775807, 0, 9223372036854385807
3, 260, 0, 9223372036854775807, 0, 9223372036850875807
3, 2600, 0, 9223372036854775807, 0, 9223372036815775807
3, 2601, 0, 9223372036854775807, 0, 9223372036815760807
3, 2602, 0, 9223372036854775807, 0, 9223372036815745807
3, 2603, 0, 9223372036854775807, 0, 9223372036815730807
3, 2604, 0, 9223372036854775807, 0, 9223372036815715807
3, 2605, 0, 9223372036854775807, 0, 9223372036815700807
3, 2606, 0, 9223372036854775807, 0, 9223372036815685807
3, 2607, 0, 9223372036854775807, 0, 9223372036815670807
3, 2608, 0, 9223372036854775807, 0, 9223372036815655807
3, 2609, 0, 9223372036854775807, 0, 9223372036815640807
3, 261, 0, 9223372036854775807, 0, 9223372036850860807
3, 2610, 0, 9223372036854775807, 0, 9223372036815625807
3, 2611, 0, 9223372036854775807, 0, 9223372036815610807
3, 2612, 0, 9223372036854775807, 0, 9223372036815595807
3, 2613, 0, 9223372036854775807, 0, 9223372036815580807
3, 2614, 0, 9223372036854775807, 0, 9223372036815565807
3, 2615, 0, 9223372036854775807, 0, 9223372036815550807
3, 2616, 0, 9223372036854775807, 0, 9223372036815535807
3, 2617, 0, 9223372036854775807, 0, 9223372036815520807
3, 2618, 0, 9223372036854775807, 0, 9223372036815505807
3, 2619, 0, 9223372036854775807, 0, 9223372036815490807
3, 262, 0, 9223372036854775807, 0, 9223372036850845807
3, 2620, 0, 9223372036854775807, 0, 9223372036815475807
3, 2621, 0, 9223372036854775807, 0, 9223372036815460807
3, 2622, 0, 9223372036854775807, 0, 9223372036815445807
3, 2623, 0, 9223372036854775807, 0, 9223372036815430807
3, 2624, 0, 9223372036854775807, 0, 9223372036815415807
3, 2625, 0, 9223372036854775807, 0, 9223372036815400807
3, 2626, 0, 9223372036854775807, 0, 9223372036815385807
3, 2627, 0, 9223372036854775807, 0, 9223372036815370807
3, 2628, 0, 9223372036854775807, 0, 9223372036815355807
3, 2629, 0, 9223372036854775807, 0, 9223372036815340807
3, 263, 0, 9223372036854775807, 0, 9223372036850830807
3, 2630, 0, 9223372036854775807, 0, 9223372036815325807
3, 2631, 0, 9223372036854775807, 0, 9223372036815310807
3, 2632, 0, 9223372036854775807, 0, 9223372036815295807
3, 2633, 0, 9223372036854775807, 0, 9223372036815280807
3, 2634, 0, 9223372036854775807, 0, 9223372036815265807
3, 2635, 0, 9223372036854775807, 0, 9223372036815250807
3, 2636, 0, 9223372036854775807, 0, 9223372036815235807
3, 2637, 0, 9223372036854775807, 0, 9223372036815220807
3, 2638, 0, 9223372036854775807, 0, 9223372036815205807
3, 2639, 0, 9223372036854775807, 0, 9223372036815190807
3, 264, 0, 9223372036854775807, 0, 9223372036850815807
3, 2640, 0, 9223372036854775807, 0, 9223372036815175807
3, 2641, 0, 9223372036854775807, 0, 9223372036815160807
3, 2642, 0, 9223372036854775807, 0, 9223372036815145807
3, 2643, 0, 9223372036854775807, 0, 9223372036815130807
3, 2644, 0, 9223372036854775807, 0, 9223372036815115807
3, 2645, 0, 9223372036854775807, 0, 9223372036815100807
3, 2646, 0, 9223372036854775807, 0, 9223372036815085807
3, 2647, 0, 9223372036854775807, 0, 9223372036815070807
3, 2648, 0, 9223372036854775807, 0, 9223372036815055807
3, 2649, 0, 9223372036854775807, 0, 9223372036815040807
3, 265, 0, 9223372036854775807, 0, 9223372036850800807
3, 2650, 0, 9223372036854775807, 0, 9223372036815025807
3, 2651, 0, 9223372036854775807, 0, 9223372036815010807
3, 2652, 0, 9223372036854775807, 0, 9223372036814995807
3, 2653, 0, 9223372036854775807, 0, 9223372036814980807
3, 2654, 0, 9223372036854775807, 0, 9223372036814965807
3, 2655, 0, 9223372036854775807, 0, 9223372036814950807
3, 2656, 0, 9223372036854775807, 0, 9223372036814935807
3, 2657, 0, 9223372036854775807, 0, 9223372036814920807
3, 2658, 0, 9223372036854775807, 0, 9223372036814905807
3, 2659, 0, 9223372036854775807, 0, 9223372036814890807
3, 266, 0, 9223372036854775807, 0, 9223372036850785807
3, 2660, 0, 9223372036854775807, 0, 9223372036814875807
3, 2661, 0, 9223372036854775807, 0, 9223372036814860807
3, 2662, 0, 9223372036854775807, 0, 9223372036814845807
3, 2663, 0, 9223372036854775807, 0, 9223372036814830807
3, 2664, 0, 9223372036854775807, 0, 9223372036814815807
3, 2665, 0, 9223372036854775807, 0, 9223372036814800807
3, 2666, 0, 9223372036854775807, 0, 9223372036814785807
3, 2667, 0, 9223372036854775807, 0, 9223372036814770807
3, 2668, 0, 9223372036854775807, 0, 9223372036814755807
3, 2669, 0, 9223372036854775807, 0, 9223372036814740807
3, 267, 0, 9223372036854775807, 0, 9223372036850770807
3, 2670, 0, 9223372036854775807, 0, 9223372036814725807
3, 2671, 0, 9223372036854775807, 0, 9223372036814710807
3, 2672, 0, 9223372036854775807, 0, 9223372036814695807
3, 2673, 0, 9223372036854775807, 0, 9223372036814680807
3, 2674, 0, 9223372036854775807, 0, 9223372036814665807
3, 2675, 0, 9223372036854775807, 0, 9223372036814650807
3, 2676, 0, 9223372036854775807, 0, 9223372036814635807
3, 2677, 0, 9223372036854775807, 0, 9223372036814620807
3, 2678, 0, 9223372036854775807, 0, 9223372036814605807
3, 2679, 0, 9223372036854775807, 0, 9223372036814590807
3, 268, 0, 9223372036854775807, 0, 9223372036850755807
3, 2680, 0, 9223372036854775807, 0, 9223372036814575807
3, 2681, 0, 9223372036854775807, 0, 9223372036814560807
3, 2682, 0, 9223372036854775807, 0, 9223372036814545807
3, 2683, 0, 9223372036854775807, 0, 9223372036814530807
3, 2684, 0, 9223372036854775807, 0, 9223372036814515807
3, 2685, 0, 9223372036854775807, 0, 9223372036814500807
3, 2686, 0, 9223372036854775807, 0, 9223372036814485807
3, 2687, 0, 9223372036854775807, 0, 9223372036814470807
3, 2688, 0, 9223372036854775807, 0, 9223372036814455807
3, 2689, 0, 9223372036854775807, 0, 9223372036814440807
3, 269, 0, 9223372036854775807, 0, 9223372036850740807
3, 2690, 0, 9223372036854775807, 0, 9223372036814425807
3, 2691, 0, 9223372036854775807, 0, 9223372036814410807
3, 2692, 0, 9223372036854775807, 0, 9223372036814395807
3, 2693, 0, 9223372036854775807, 0, 9223372036814380807
3, 2694, 0, 9223372036854775807, 0, 9223372036814365807
3, 2695, 0, 9223372036854775807, 0, 9223372036814350807
3, 2696, 0, 9223372036854775807, 0, 9223372036814335807
3, 2697, 0, 9223372036854775807, 0, 9223372036814320807
3, 2698, 0, 9223372036854775807, 0, 9223372036814305807
3, 2699, 0, 9223372036854775807, 0, 9223372036814290807
3, 27, 0, 9223372036854775807, 0, 9223372036854370807
3, 270, 0, 9223372036854775807, 0, 9223372036850725807
3, 2700, 0, 9223372036854775807, 0, 9223372036814275807
3, 2701, 0, 9223372036854775807, 0, 9223372036814260807
3, 2702, 0, 9223372036854775807, 0, 9223372036814245807
3, 2703, 0, 9223372036854775807, 0, 9223372036814230807
3, 2704, 0, 9223372036854775807, 0, 9223372036814215807
3, 2705, 0, 9223372036854775807, 0, 9223372036814200807
3, 2706, 0, 9223372036854775807, 0, 9223372036814185807
3, 2707, 0, 9223372036854775807, 0, 9223372036814170807
3, 2708, 0, 9223372036854775807, 0, 9223372036814155807
3, 2709, 0, 9223372036854775807, 0, 9223372036814140807
3, 271, 0, 9223372036854775807, 0, 9223372036850710807
3, 2710, 0, 9223372036854775807, 0, 9223372036814125807
3, 2711, 0, 9223372036854775807, 0, 9223372036814110807
3, 2712, 0, 9223372036854775807, 0, 9223372036814095807
3, 2713, 0, 9223372036854775807, 0, 9223372036814080807
3, 2714, 0, 9223372036854775807, 0, 9223372036814065807
3, 2715, 0, 9223372036854775807, 0, 9223372036814050807
3, 2716, 0, 9223372036854775807, 0, 9223372036814035807
3, 2717, 0, 9223372036854775807, 0, 9223372036814020807
3, 2718, 0, 9223372036854775807, 0, 9223372036814005807
3, 2719, 0, 9223372036854775807, 0, 9223372036813990807
3, 272, 0, 9223372036854775807, 0, 9223372036850695807
3, 2720, 0, 9223372036854775807, 0, 9223372036813975807
3, 2721, 0, 9223372036854775807, 0, 9223372036813960807
3, 2722, 0, 9223372036854775807, 0, 9223372036813945807
3, 2723, 0, 9223372036854775807, 0, 9223372036813930807
3, 2724, 0, 9223372036854775807, 0, 9223372036813915807
3, 2725, 0, 9223372036854775807, 0, 9223372036813900807
3, 2726, 0, 9223372036854775807, 0, 9223372036813885807
3, 2727, 0, 9223372036854775807, 0, 9223372036813870807
3, 2728, 0, 9223372036854775807, 0, 9223372036813855807
3, 2729, 0, 9223372036854775807, 0, 9223372036813840807
3, 273, 0, 9223372036854775807, 0, 9223372036850680807
3, 2730, 0, 9223372036854775807, 0, 9223372036813825807
3, 2731, 0, 9223372036854775807, 0, 9223372036813810807
3, 2732, 0, 9223372036854775807, 0, 9223372036813795807
3, 2733, 0, 9223372036854775807, 0, 9223372036813780807
3, 2734, 0, 9223372036854775807, 0, 9223372036813765807
3, 2735, 0, 9223372036854775807, 0, 9223372036813750807
3, 2736, 0, 9223372036854775807, 0, 9223372036813735807
3, 2737, 0, 9223372036854775807, 0, 9223372036813720807
3, 2738, 0, 9223372036854775807, 0, 9223372036813705807
3, 2739, 0, 9223372036854775807, 0, 9223372036813690807
3, 274, 0, 9223372036854775807, 0, 9223372036850665807
3, 2740, 0, 9223372036854775807, 0, 9223372036813675807
3, 2741, 0, 9223372036854775807, 0, 9223372036813660807
3, 2742, 0, 9223372036854775807, 0, 9223372036813645807
3, 2743, 0, 9223372036854775807, 0, 9223372036813630807
3, 2744, 0, 9223372036854775807, 0, 9223372036813615807
3, 2745, 0, 9223372036854775807, 0, 9223372036813600807
3, 2746, 0, 9223372036854775807, 0, 9223372036813585807
3, 2747, 0, 9223372036854775807, 0, 9223372036813570807
3, 2748, 0, 9223372036854775807, 0, 9223372036813555807
3, 2749, 0, 9223372036854775807, 0, 9223372036813540807
3, 275, 0, 9223372036854775807, 0, 9223372036850650807
3, 2750, 0, 9223372036854775807, 0, 9223372036813525807
3, 2751, 0, 9223372036854775807, 0, 9223372036813510807
3, 2752, 0, 9223372036854775807, 0, 9223372036813495807
3, 2753, 0, 9223372036854775807, 0, 9223372036813480807
3, 2754, 0, 9223372036854775807, 0, 9223372036813465807
3, 2755, 0, 9223372036854775807, 0, 9223372036813450807
3, 2756, 0, 9223372036854775807, 0, 9223372036813435807
3, 2757, 0, 9223372036854775807, 0, 9223372036813420807
3, 2758, 0, 9223372036854775807, 0, 9223372036813405807
3, 2759, 0, 9223372036854775807, 0, 9223372036813390807
3, 276, 0, 9223372036854775807, 0, 9223372036850635807
3, 2760, 0, 9223372036854775807, 0, 9223372036813375807
3, 2761, 0, 9223372036854775807, 0, 9223372036813360807
3, 2762, 0, 9223372036854775807, 0, 9223372036813345807
3, 2763, 0, 9223372036854775807, 0, 9223372036813330807
3, 2764, 0, 9223372036854775807, 0, 9223372036813315807
3, 2765, 0, 9223372036854775807, 0, 9223372036813300807
3, 2766, 0, 9223372036854775807, 0, 9223372036813285807
3, 2767, 0, 9223372036854775807, 0, 9223372036813270807
3, 2768, 0, 9223372036854775807, 0, 9223372036813255807
3, 2769, 0, 9223372036854775807, 0, 9223372036813240807
3, 277, 0, 9223372036854775807, 0, 9223372036850620807
3, 2770, 0, 9223372036854775807, 0, 9223372036813225807
3, 2771, 0, 9223372036854775807, 0, 9223372036813210807
3, 2772, 0, 9223372036854775807, 0, 9223372036813195807
3, 2773, 0, 9223372036854775807, 0, 9223372036813180807
3, 2774, 0, 9223372036854775807, 0, 9223372036813165807
3, 2775, 0, 9223372036854775807, 0, 9223372036813150807
3, 2776, 0, 9223372036854775807, 0, 9223372036813135807
3, 2777, 0, 9223372036854775807, 0, 9223372036813120807
3, 2778, 0, 9223372036854775807, 0, 9223372036813105807
3, 2779, 0, 9223372036854775807, 0, 9223372036813090807
3, 278, 0, 9223372036854775807, 0, 9223372036850605807
3, 2780, 0, 9223372036854775807, 0, 9223372036813075807
3, 2781, 0, 9223372036854775807, 0, 9223372036813060807
3, 2782, 0, 9223372036854775807, 0, 9223372036813045807
3, 2783, 0, 9223372036854775807, 0, 9223372036813030807
3, 2784, 0, 9223372036854775807, 0, 9223372036813015807
3, 2785, 0, 9223372036854775807, 0, 9223372036813000807
3, 2786, 0, 9223372036854775807, 0, 9223372036812985807
3, 2787, 0, 9223372036854775807, 0, 9223372036812970807
3, 2788, 0, 9223372036854775807, 0, 9223372036812955807
3, 2789, 0, 9223372036854775807, 0, 9223372036812940807
3, 279, 0, 9223372036854775807, 0, 9223372036850590807
3, 2790, 0, 9223372036854775807, 0, 9223372036812925807
3, 2791, 0, 9223372036854775807, 0, 9223372036812910807
3, 2792, 0, 9223372036854775807, 0, 9223372036812895807
3, 2793, 0, 9223372036854775807, 0, 9223372036812880807
3, 2794, 0, 9223372036854775807, 0, 9223372036812865807
3, 2795, 0, 9223372036854775807, 0, 9223372036812850807
3, 2796, 0, 9223372036854775807, 0, 9223372036812835807
3, 2797, 0, 9223372036854775807, 0, 9223372036812820807
3, 2798, 0, 9223372036854775807, 0, 9223372036812805807
3, 2799, 0, 9223372036854775807, 0, 9223372036812790807
3, 28, 0, 9223372036854775807, 0, 9223372036854355807
3, 280, 0, 9223372036854775807, 0, 9223372036850575807
3, 2800, 0, 9223372036854775807, 0, 9223372036812775807
3, 2801, 0, 9223372036854775807, 0, 9223372036812760807
3, 2802, 0, 9223372036854775807, 0, 9223372036812745807
3, 2803, 0, 9223372036854775807, 0, 9223372036812730807
3, 2804, 0, 9223372036854775807, 0, 9223372036812715807
3, 2805, 0, 9223372036854775807, 0, 9223372036812700807
3, 2806, 0, 9223372036854775807, 0, 9223372036812685807
3, 2807, 0, 9223372036854775807, 0, 9223372036812670807
3, 2808, 0, 9223372036854775807, 0, 9223372036812655807
3, 2809, 0, 9223372036854775807, 0, 9223372036812640807
3, 281, 0, 9223372036854775807, 0, 9223372036850560807
3, 2810, 0, 9223372036854775807, 0, 9223372036812625807
3, 2811, 0, 9223372036854775807, 0, 9223372036812610807
3, 2812, 0, 9223372036854775807, 0, 9223372036812595807
3, 2813, 0, 9223372036854775807, 0, 9223372036812580807
3, 2814, 0, 9223372036854775807, 0, 9223372036812565807
3, 2815, 0, 9223372036854775807, 0, 9223372036812550807
3, 2816, 0, 9223372036854775807, 0, 9223372036812535807
3, 2817, 0, 9223372036854775807, 0, 9223372036812520807
3, 2818, 0, 9223372036854775807, 0, 9223372036812505807
3, 2819, 0, 9223372036854775807, 0, 9223372036812490807
3, 282, 0, 9223372036854775807, 0, 9223372036850545807
3, 2820, 0, 9223372036854775807, 0, 9223372036812475807
3, 2821, 0, 9223372036854775807, 0, 9223372036812460807
3, 2822, 0, 9223372036854775807, 0, 9223372036812445807
3, 2823, 0, 9223372036854775807, 0, 9223372036812430807
3, 2824, 0, 9223372036854775807, 0, 9223372036812415807
3, 2825, 0, 9223372036854775807, 0, 9223372036812400807
3, 2826, 0, 9223372036854775807, 0, 9223372036812385807
3, 2827, 0, 9223372036854775807, 0, 9223372036812370807
3, 2828, 0, 9223372036854775807, 0, 9223372036812355807
3, 2829, 0, 9223372036854775807, 0, 9223372036812340807
3, 283, 0, 9223372036854775807, 0, 9223372036850530807
3, 2830, 0, 9223372036854775807, 0, 9223372036812325807
3, 2831, 0, 9223372036854775807, 0, 9223372036812310807
3, 2832, 0, 9223372036854775807, 0, 9223372036812295807
3, 2833, 0, 9223372036854775807, 0, 9223372036812280807
3, 2834, 0, 9223372036854775807, 0, 9223372036812265807
3, 2835, 0, 9223372036854775807, 0, 9223372036812250807
3, 2836, 0, 9223372036854775807, 0, 9223372036812235807
3, 2837, 0, 9223372036854775807, 0, 9223372036812220807
3, 2838, 0, 9223372036854775807, 0, 9223372036812205807
3, 2839, 0, 9223372036854775807, 0, 9223372036812190807
3, 284, 0, 9223372036854775807, 0, 9223372036850515807
3, 2840, 0, 9223372036854775807, 0, 9223372036812175807
3, 2841, 0, 9223372036854775807, 0, 9223372036812160807
3, 2842, 0, 9223372036854775807, 0, 9223372036812145807
3, 2843, 0, 9223372036854775807, 0, 9223372036812130807
3, 2844, 0, 9223372036854775807, 0, 9223372036812115807
3, 2845, 0, 9223372036854775807, 0, 9223372036812100807
3, 2846, 0, 9223372036854775807, 0, 9223372036812085807
3, 2847, 0, 9223372036854775807, 0, 9223372036812070807
3, 2848, 0, 9223372036854775807, 0, 9223372036812055807
3, 2849, 0, 9223372036854775807, 0, 9223372036812040807
3, 285, 0, 9223372036854775807, 0, 9223372036850500807
3, 2850, 0, 9223372036854775807, 0, 9223372036812025807
3, 2851, 0, 9223372036854775807, 0, 9223372036812010807
3, 2852, 0, 9223372036854775807, 0, 9223372036811995807
3, 2853, 0, 9223372036854775807, 0, 9223372036811980807
3, 2854, 0, 9223372036854775807, 0, 9223372036811965807
3, 2855, 0, 9223372036854775807, 0, 9223372036811950807
3, 2856, 0, 9223372036854775807, 0, 9223372036811935807
3, 2857, 0, 9223372036854775807, 0, 9223372036811920807
3, 2858, 0, 9223372036854775807, 0, 9223372036811905807
3, 2859, 0, 9223372036854775807, 0, 9223372036811890807
3, 286, 0, 9223372036854775807, 0, 9223372036850485807
3, 2860, 0, 9223372036854775807, 0, 9223372036811875807
3, 2861, 0, 9223372036854775807, 0, 9223372036811860807
3, 2862, 0, 9223372036854775807, 0, 9223372036811845807
3, 2863, 0, 9223372036854775807, 0, 9223372036811830807
3, 2864, 0, 9223372036854775807, 0, 9223372036811815807
3, 2865, 0, 9223372036854775807, 0, 9223372036811800807
3, 2866, 0, 9223372036854775807, 0, 9223372036811785807
3, 2867, 0, 9223372036854775807, 0, 9223372036811770807
3, 2868, 0, 9223372036854775807, 0, 9223372036811755807
3, 2869, 0, 9223372036854775807, 0, 9223372036811740807
3, 287, 0, 9223372036854775807, 0, 9223372036850470807
3, 2870, 0, 9223372036854775807, 0, 9223372036811725807
3, 2871, 0, 9223372036854775807, 0, 9223372036811710807
3, 2872, 0, 9223372036854775807, 0, 9223372036811695807
3, 2873, 0, 9223372036854775807, 0, 9223372036811680807
3, 2874, 0, 9223372036854775807, 0, 9223372036811665807
3, 2875, 0, 9223372036854775807, 0, 9223372036811650807
3, 2876, 0, 9223372036854775807, 0, 9223372036811635807
3, 2877, 0, 9223372036854775807, 0, 9223372036811620807
3, 2878, 0, 9223372036854775807, 0, 9223372036811605807
3, 2879, 0, 9223372036854775807, 0, 9223372036811590807
3, 288, 0, 9223372036854775807, 0, 9223372036850455807
3, 2880, 0, 9223372036854775807, 0, 9223372036811575807
3, 2881, 0, 9223372036854775807, 0, 9223372036811560807
3, 2882, 0, 9223372036854775807, 0, 9223372036811545807
3, 2883, 0, 9223372036854775807, 0, 9223372036811530807
3, 2884, 0, 9223372036854775807, 0, 9223372036811515807
3, 2885, 0, 9223372036854775807, 0, 9223372036811500807
3, 2886, 0, 9223372036854775807, 0, 9223372036811485807
3, 2887, 0, 9223372036854775807, 0, 9223372036811470807
3, 2888, 0, 9223372036854775807, 0, 9223372036811455807
3, 2889, 0, 9223372036854775807, 0, 9223372036811440807
3, 289, 0, 9223372036854775807, 0, 9223372036850440807
3, 2890, 0, 9223372036854775807, 0, 9223372036811425807
3, 2891, 0, 9223372036854775807, 0, 9223372036811410807
3, 2892, 0, 9223372036854775807, 0, 9223372036811395807
3, 2893, 0, 9223372036854775807, 0, 9223372036811380807
3, 2894, 0, 9223372036854775807, 0, 9223372036811365807
3, 2895, 0, 9223372036854775807, 0, 9223372036811350807
3, 2896, 0, 9223372036854775807, 0, 9223372036811335807
3, 2897, 0, 9223372036854775807, 0, 9223372036811320807
3, 2898, 0, 9223372036854775807, 0, 9223372036811305807
3, 2899, 0, 9223372036854775807, 0, 9223372036811290807
3, 29, 0, 9223372036854775807, 0, 9223372036854340807
3, 290, 0, 9223372036854775807, 0, 9223372036850425807
3, 2900, 0, 9223372036854775807, 0, 9223372036811275807
3, 2901, 0, 9223372036854775807, 0, 9223372036811260807
3, 2902, 0, 9223372036854775807, 0, 9223372036811245807
3, 2903, 0, 9223372036854775807, 0, 9223372036811230807
3, 2904, 0, 9223372036854775807, 0, 9223372036811215807
3, 2905, 0, 9223372036854775807, 0, 9223372036811200807
3, 2906, 0, 9223372036854775807, 0, 9223372036811185807
3, 2907, 0, 9223372036854775807, 0, 9223372036811170807
3, 2908, 0, 9223372036854775807, 0, 9223372036811155807
3, 2909, 0, 9223372036854775807, 0, 9223372036811140807
3, 291, 0, 9223372036854775807, 0, 9223372036850410807
3, 2910, 0, 9223372036854775807, 0, 9223372036811125807
3, 2911, 0, 9223372036854775807, 0, 9223372036811110807
3, 2912, 0, 9223372036854775807, 0, 9223372036811095807
3, 2913, 0, 9223372036854775807, 0, 9223372036811080807
3, 2914, 0, 9223372036854775807, 0, 9223372036811065807
3, 2915, 0, 9223372036854775807, 0, 9223372036811050807
3, 2916, 0, 9223372036854775807, 0, 9223372036811035807
3, 2917, 0, 9223372036854775807, 0, 9223372036811020807
3, 2918, 0, 9223372036854775807, 0, 9223372036811005807
3, 2919, 0, 9223372036854775807, 0, 9223372036810990807
3, 292, 0, 9223372036854775807, 0, 9223372036850395807
3, 2920, 0, 9223372036854775807, 0, 9223372036810975807
3, 2921, 0, 9223372036854775807, 0, 9223372036810960807
3, 2922, 0, 9223372036854775807, 0, 9223372036810945807
3, 2923, 0, 9223372036854775807, 0, 9223372036810930807
3, 2924, 0, 9223372036854775807, 0, 9223372036810915807
3, 2925, 0, 9223372036854775807, 0, 9223372036810900807
3, 2926, 0, 9223372036854775807, 0, 9223372036810885807
3, 2927, 0, 9223372036854775807, 0, 9223372036810870807
3, 2928, 0, 9223372036854775807, 0, 9223372036810855807
3, 2929, 0, 9223372036854775807, 0, 9223372036810840807
3, 293, 0, 9223372036854775807, 0, 9223372036850380807
3, 2930, 0, 9223372036854775807, 0, 9223372036810825807
3, 2931, 0, 9223372036854775807, 0, 9223372036810810807
3, 2932, 0, 9223372036854775807, 0, 9223372036810795807
3, 2933, 0, 9223372036854775807, 0, 9223372036810780807
3, 2934, 0, 9223372036854775807, 0, 9223372036810765807
3, 2935, 0, 9223372036854775807, 0, 9223372036810750807
3, 2936, 0, 9223372036854775807, 0, 9223372036810735807
3, 2937, 0, 9223372036854775807, 0, 9223372036810720807
3, 2938, 0, 9223372036854775807, 0, 9223372036810705807
3, 2939, 0, 9223372036854775807, 0, 9223372036810690807
3, 294, 0, 9223372036854775807, 0, 9223372036850365807
3, 2940, 0, 9223372036854775807, 0, 9223372036810675807
3, 2941, 0, 9223372036854775807, 0, 9223372036810660807
3, 2942, 0, 9223372036854775807, 0, 9223372036810645807
3, 2943, 0, 9223372036854775807, 0, 9223372036810630807
3, 2944, 0, 9223372036854775807, 0, 9223372036810615807
3, 2945, 0, 9223372036854775807, 0, 9223372036810600807
3, 2946, 0, 9223372036854775807, 0, 9223372036810585807
3, 2947, 0, 9223372036854775807, 0, 9223372036810570807
3, 2948, 0, 9223372036854775807, 0, 9223372036810555807
3, 2949, 0, 9223372036854775807, 0, 9223372036810540807
3, 295, 0, 9223372036854775807, 0, 9223372036850350807
3, 2950, 0, 9223372036854775807, 0, 9223372036810525807
3, 2951, 0, 9223372036854775807, 0, 9223372036810510807
3, 2952, 0, 9223372036854775807, 0, 9223372036810495807
3, 2953, 0, 9223372036854775807, 0, 9223372036810480807
3, 2954, 0, 9223372036854775807, 0, 9223372036810465807
3, 2955, 0, 9223372036854775807, 0, 9223372036810450807
3, 2956, 0, 9223372036854775807, 0, 9223372036810435807
3, 2957, 0, 9223372036854775807, 0, 9223372036810420807
3, 2958, 0, 9223372036854775807, 0, 9223372036810405807
3, 2959, 0, 9223372036854775807, 0, 9223372036810390807
3, 296, 0, 9223372036854775807, 0, 9223372036850335807
3, 2960, 0, 9223372036854775807, 0, 9223372036810375807
3, 2961, 0, 9223372036854775807, 0, 9223372036810360807
3, 2962, 0, 9223372036854775807, 0, 9223372036810345807
3, 2963, 0, 9223372036854775807, 0, 9223372036810330807
3, 2964, 0, 9223372036854775807, 0, 9223372036810315807
3, 2965, 0, 9223372036854775807, 0, 9223372036810300807
3, 2966, 0, 9223372036854775807, 0, 9223372036810285807
3, 2967, 0, 9223372036854775807, 0, 9223372036810270807
3, 2968, 0, 9223372036854775807, 0, 9223372036810255807
3, 2969, 0, 9223372036854775807, 0, 9223372036810240807
3, 297, 0, 9223372036854775807, 0, 9223372036850320807
3, 2970, 0, 9223372036854775807, 0, 9223372036810225807
3, 2971, 0, 9223372036854775807, 0, 9223372036810210807
3, 2972, 0, 9223372036854775807, 0, 9223372036810195807
3, 2973, 0, 9223372036854775807, 0, 9223372036810180807
3, 2974, 0, 9223372036854775807, 0, 9223372036810165807
3, 2975, 0, 9223372036854775807, 0, 9223372036810150807
3, 2976, 0, 9223372036854775807, 0, 9223372036810135807
3, 2977, 0, 9223372036854775807, 0, 9223372036810120807
3, 2978, 0, 9223372036854775807, 0, 9223372036810105807
3, 2979, 0, 9223372036854775807, 0, 9223372036810090807
3, 298, 0, 9223372036854775807, 0, 9223372036850305807
3, 2980, 0, 9223372036854775807, 0, 9223372036810075807
3, 2981, 0, 9223372036854775807, 0, 9223372036810060807
3, 2982, 0, 9223372036854775807, 0, 9223372036810045807
3, 2983, 0, 9223372036854775807, 0, 9223372036810030807
3, 2984, 0, 9223372036854775807, 0, 9223372036810015807
3, 2985, 0, 9223372036854775807, 0, 9223372036810000807
3, 2986, 0, 9223372036854775807, 0, 9223372036809985807
3, 2987, 0, 9223372036854775807, 0, 9223372036809970807
3, 2988, 0, 9223372036854775807, 0, 9223372036809955807
3, 2989, 0, 9223372036854775807, 0, 9223372036809940807
3, 299, 0, 9223372036854775807, 0, 9223372036850290807
3, 2990, 0, 9223372036854775807, 0, 9223372036809925807
3, 2991, 0, 9223372036854775807, 0, 9223372036809910807
3, 2992, 0, 9223372036854775807, 0, 9223372036809895807
3, 2993, 0, 9223372036854775807, 0, 9223372036809880807
3, 2994, 0, 9223372036854775807, 0, 9223372036809865807
3, 2995, 0, 9223372036854775807, 0, 9223372036809850807
3, 2996, 0, 9223372036854775807, 0, 9223372036809835807
3, 2997, 0, 9223372036854775807, 0, 9223372036809820807
3, 2998, 0, 9223372036854775807, 0, 9223372036809805807
3, 2999, 0, 9223372036854775807, 0, 9223372036809790807
3, 3, 0, 9223372036854775807, 0, 9223372036854730807
3, 30, 0, 9223372036854775807, 0, 9223372036854325807
3, 300, 0, 9223372036854775807, 0, 9223372036850275807
3, 3000, 0, 9223372036854775807, 0, 9223372036809775807
3, 3001, 0, 9223372036854775807, 0, 9223372036809760807
3, 3002, 0, 9223372036854775807, 0, 9223372036809745807
3, 3003, 0, 9223372036854775807, 0, 9223372036809730807
3, 3004, 0, 9223372036854775807, 0, 9223372036809715807
3, 3005, 0, 9223372036854775807, 0, 9223372036809700807
3, 3006, 0, 9223372036854775807, 0, 9223372036809685807
3, 3007, 0, 9223372036854775807, 0, 9223372036809670807
3, 3008, 0, 9223372036854775807, 0, 9223372036809655807
3, 3009, 0, 9223372036854775807, 0, 9223372036809640807
3, 301, 0, 9223372036854775807, 0, 9223372036850260807
3, 3010, 0, 9223372036854775807, 0, 9223372036809625807
3, 3011, 0, 9223372036854775807, 0, 9223372036809610807
3, 3012, 0, 9223372036854775807, 0, 9223372036809595807
3, 3013, 0, 9223372036854775807, 0, 9223372036809580807
3, 3014, 0, 9223372036854775807, 0, 9223372036809565807
3, 3015, 0, 9223372036854775807, 0, 9223372036809550807
3, 3016, 0, 9223372036854775807, 0, 9223372036809535807
3, 3017, 0, 9223372036854775807, 0, 9223372036809520807
3, 3018, 0, 9223372036854775807, 0, 9223372036809505807
3, 3019, 0, 9223372036854775807, 0, 9223372036809490807
3, 302, 0, 9223372036854775807, 0, 9223372036850245807
3, 3020, 0, 9223372036854775807, 0, 9223372036809475807
3, 3021, 0, 9223372036854775807, 0, 9223372036809460807
3, 3022, 0, 9223372036854775807, 0, 9223372036809445807
3, 3023, 0, 9223372036854775807, 0, 9223372036809430807
3, 3024, 0, 9223372036854775807, 0, 9223372036809415807
3, 3025, 0, 9223372036854775807, 0, 9223372036809400807
3, 3026, 0, 9223372036854775807, 0, 9223372036809385807
3, 3027, 0, 9223372036854775807, 0, 9223372036809370807
3, 3028, 0, 9223372036854775807, 0, 9223372036809355807
3, 3029, 0, 9223372036854775807, 0, 9223372036809340807
3, 303, 0, 9223372036854775807, 0, 9223372036850230807
3, 3030, 0, 9223372036854775807, 0, 9223372036809325807
3, 3031, 0, 9223372036854775807, 0, 9223372036809310807
3, 3032, 0, 9223372036854775807, 0, 9223372036809295807
3, 3033, 0, 9223372036854775807, 0, 9223372036809280807
3, 3034, 0, 9223372036854775807, 0, 9223372036809265807
3, 3035, 0, 9223372036854775807, 0, 9223372036809250807
3, 3036, 0, 9223372036854775807, 0, 9223372036809235807
3, 3037, 0, 9223372036854775807, 0, 9223372036809220807
3, 3038, 0, 9223372036854775807, 0, 9223372036809205807
3, 3039, 0, 9223372036854775807, 0, 9223372036809190807
3, 304, 0, 9223372036854775807, 0, 9223372036850215807
3, 3040, 0, 9223372036854775807, 0, 9223372036809175807
3, 3041, 0, 9223372036854775807, 0, 9223372036809160807
3, 3042, 0, 9223372036854775807, 0, 9223372036809145807
3, 3043, 0, 9223372036854775807, 0, 9223372036809130807
3, 3044, 0, 9223372036854775807, 0, 9223372036809115807
3, 3045, 0, 9223372036854775807, 0, 9223372036809100807
3, 3046, 0, 9223372036854775807, 0, 9223372036809085807
3, 3047, 0, 9223372036854775807, 0, 9223372036809070807
3, 3048, 0, 9223372036854775807, 0, 9223372036809055807
3, 3049, 0, 9223372036854775807, 0, 9223372036809040807
3, 305, 0, 9223372036854775807, 0, 9223372036850200807
3, 3050, 0, 9223372036854775807, 0, 9223372036809025807
3, 3051, 0, 9223372036854775807, 0, 9223372036809010807
3, 3052, 0, 9223372036854775807, 0, 9223372036808995807
3, 3053, 0, 9223372036854775807, 0, 9223372036808980807
3, 3054, 0, 9223372036854775807, 0, 9223372036808965807
3, 3055, 0, 9223372036854775807, 0, 9223372036808950807
3, 3056, 0, 9223372036854775807, 0, 9223372036808935807
3, 3057, 0, 9223372036854775807, 0, 9223372036808920807
3, 3058, 0, 9223372036854775807, 0, 9223372036808905807
3, 3059, 0, 9223372036854775807, 0, 9223372036808890807
3, 306, 0, 9223372036854775807, 0, 9223372036850185807
3, 3060, 0, 9223372036854775807, 0, 9223372036808875807
3, 3061, 0, 9223372036854775807, 0, 9223372036808860807
3, 3062, 0, 9223372036854775807, 0, 9223372036808845807
3, 3063, 0, 9223372036854775807, 0, 9223372036808830807
3, 3064, 0, 9223372036854775807, 0, 9223372036808815807
3, 3065, 0, 9223372036854775807, 0, 9223372036808800807
3, 3066, 0, 9223372036854775807, 0, 9223372036808785807
3, 3067, 0, 9223372036854775807, 0, 9223372036808770807
3, 3068, 0, 9223372036854775807, 0, 9223372036808755807
3, 3069, 0, 9223372036854775807, 0, 9223372036808740807
3, 307, 0, 9223372036854775807, 0, 9223372036850170807
3, 3070, 0, 9223372036854775807, 0, 9223372036808725807
3, 3071, 0, 9223372036854775807, 0, 9223372036808710807
3, 3072, 0, 9223372036854775807, 0, 9223372036808695807
3, 3073, 0, 9223372036854775807, 0, 9223372036808680807
3, 3074, 0, 9223372036854775807, 0, 9223372036808665807
3, 3075, 0, 9223372036854775807, 0, 9223372036808650807
3, 3076, 0, 9223372036854775807, 0, 9223372036808635807
3, 3077, 0, 9223372036854775807, 0, 9223372036808620807
3, 3078, 0, 9223372036854775807, 0, 9223372036808605807
3, 3079, 0, 9223372036854775807, 0, 9223372036808590807
3, 308, 0, 9223372036854775807, 0, 9223372036850155807
3, 3080, 0, 9223372036854775807, 0, 9223372036808575807
3, 3081, 0, 9223372036854775807, 0, 9223372036808560807
3, 3082, 0, 9223372036854775807, 0, 9223372036808545807
3, 3083, 0, 9223372036854775807, 0, 9223372036808530807
3, 3084, 0, 9223372036854775807, 0, 9223372036808515807
3, 3085, 0, 9223372036854775807, 0, 9223372036808500807
3, 3086, 0, 9223372036854775807, 0, 9223372036808485807
3, 3087, 0, 9223372036854775807, 0, 9223372036808470807
3, 3088, 0, 9223372036854775807, 0, 9223372036808455807
3, 3089, 0, 9223372036854775807, 0, 9223372036808440807
3, 309, 0, 9223372036854775807, 0, 9223372036850140807
3, 3090, 0, 9223372036854775807, 0, 9223372036808425807
3, 3091, 0, 9223372036854775807, 0, 9223372036808410807
3, 3092, 0, 9223372036854775807, 0, 9223372036808395807
3, 3093, 0, 9223372036854775807, 0, 9223372036808380807
3, 3094, 0, 9223372036854775807, 0, 9223372036808365807
3, 3095, 0, 9223372036854775807, 0, 9223372036808350807
3, 3096, 0, 9223372036854775807, 0, 9223372036808335807
3, 3097, 0, 9223372036854775807, 0, 9223372036808320807
3, 3098, 0, 9223372036854775807, 0, 9223372036808305807
3, 3099, 0, 9223372036854775807, 0, 9223372036808290807
3, 31, 0, 9223372036854775807, 0, 9223372036854310807
3, 310, 0, 9223372036854775807, 0, 9223372036850125807
3, 3100, 0, 9223372036854775807, 0, 9223372036808275807
3, 3101, 0, 9223372036854775807, 0, 9223372036808260807
3, 3102, 0, 9223372036854775807, 0, 9223372036808245807
3, 3103, 0, 9223372036854775807, 0, 9223372036808230807
3, 3104, 0, 9223372036854775807, 0, 9223372036808215807
3, 3105, 0, 9223372036854775807, 0, 9223372036808200807
3, 3106, 0, 9223372036854775807, 0, 9223372036808185807
3, 3107, 0, 9223372036854775807, 0, 9223372036808170807
3, 3108, 0, 9223372036854775807, 0, 9223372036808155807
3, 3109, 0, 9223372036854775807, 0, 9223372036808140807
3, 311, 0, 9223372036854775807, 0, 9223372036850110807
3, 3110, 0, 9223372036854775807, 0, 9223372036808125807
3, 3111, 0, 9223372036854775807, 0, 9223372036808110807
3, 3112, 0, 9223372036854775807, 0, 9223372036808095807
3, 3113, 0, 9223372036854775807, 0, 9223372036808080807
3, 3114, 0, 9223372036854775807, 0, 9223372036808065807
3, 3115, 0, 9223372036854775807, 0, 9223372036808050807
3, 3116, 0, 9223372036854775807, 0, 9223372036808035807
3, 3117, 0, 9223372036854775807, 0, 9223372036808020807
3, 3118, 0, 9223372036854775807, 0, 9223372036808005807
3, 3119, 0, 9223372036854775807, 0, 9223372036807990807
3, 312, 0, 9223372036854775807, 0, 9223372036850095807
3, 3120, 0, 9223372036854775807, 0, 9223372036807975807
3, 3121, 0, 9223372036854775807, 0, 9223372036807960807
3, 3122, 0, 9223372036854775807, 0, 9223372036807945807
3, 3123, 0, 9223372036854775807, 0, 9223372036807930807
3, 3124, 0, 9223372036854775807, 0, 9223372036807915807
3, 3125, 0, 9223372036854775807, 0, 9223372036807900807
3, 3126, 0, 9223372036854775807, 0, 9223372036807885807
3, 3127, 0, 9223372036854775807, 0, 9223372036807870807
3, 3128, 0, 9223372036854775807, 0, 9223372036807855807
3, 3129, 0, 9223372036854775807, 0, 9223372036807840807
3, 313, 0, 9223372036854775807, 0, 9223372036850080807
3, 3130, 0, 9223372036854775807, 0, 9223372036807825807
3, 3131, 0, 9223372036854775807, 0, 9223372036807810807
3, 3132, 0, 9223372036854775807, 0, 9223372036807795807
3, 3133, 0, 9223372036854775807, 0, 9223372036807780807
3, 3134, 0, 9223372036854775807, 0, 9223372036807765807
3, 3135, 0, 9223372036854775807, 0, 9223372036807750807
3, 3136, 0, 9223372036854775807, 0, 9223372036807735807
3, 3137, 0, 9223372036854775807, 0, 9223372036807720807
3, 3138, 0, 9223372036854775807, 0, 9223372036807705807
3, 3139, 0, 9223372036854775807, 0, 9223372036807690807
3, 314, 0, 9223372036854775807, 0, 9223372036850065807
3, 3140, 0, 9223372036854775807, 0, 9223372036807675807
3, 3141, 0, 9223372036854775807, 0, 9223372036807660807
3, 3142, 0, 9223372036854775807, 0, 9223372036807645807
3, 3143, 0, 9223372036854775807, 0, 9223372036807630807
3, 3144, 0, 9223372036854775807, 0, 9223372036807615807
3, 3145, 0, 9223372036854775807, 0, 9223372036807600807
3, 3146, 0, 9223372036854775807, 0, 9223372036807585807
3, 3147, 0, 9223372036854775807, 0, 9223372036807570807
3, 3148, 0, 9223372036854775807, 0, 9223372036807555807
3, 3149, 0, 9223372036854775807, 0, 9223372036807540807
3, 315, 0, 9223372036854775807, 0, 9223372036850050807
3, 3150, 0, 9223372036854775807, 0, 9223372036807525807
3, 3151, 0, 9223372036854775807, 0, 9223372036807510807
3, 3152, 0, 9223372036854775807, 0, 9223372036807495807
3, 3153, 0, 9223372036854775807, 0, 9223372036807480807
3, 3154, 0, 9223372036854775807, 0, 9223372036807465807
3, 3155, 0, 9223372036854775807, 0, 9223372036807450807
3, 3156, 0, 9223372036854775807, 0, 9223372036807435807
3, 3157, 0, 9223372036854775807, 0, 9223372036807420807
3, 3158, 0, 9223372036854775807, 0, 9223372036807405807
3, 3159, 0, 9223372036854775807, 0, 9223372036807390807
3, 316, 0, 9223372036854775807, 0, 9223372036850035807
3, 3160, 0, 9223372036854775807, 0, 9223372036807375807
3, 3161, 0, 9223372036854775807, 0, 9223372036807360807
3, 3162, 0, 9223372036854775807, 0, 9223372036807345807
3, 3163, 0, 9223372036854775807, 0, 9223372036807330807
3, 3164, 0, 9223372036854775807, 0, 9223372036807315807
3, 3165, 0, 9223372036854775807, 0, 9223372036807300807
3, 3166, 0, 9223372036854775807, 0, 9223372036807285807
3, 3167, 0, 9223372036854775807, 0, 9223372036807270807
3, 3168, 0, 9223372036854775807, 0, 9223372036807255807
3, 3169, 0, 9223372036854775807, 0, 9223372036807240807
3, 317, 0, 9223372036854775807, 0, 9223372036850020807
3, 3170, 0, 9223372036854775807, 0, 9223372036807225807
3, 3171, 0, 9223372036854775807, 0, 9223372036807210807
3, 3172, 0, 9223372036854775807, 0, 9223372036807195807
3, 3173, 0, 9223372036854775807, 0, 9223372036807180807
3, 3174, 0, 9223372036854775807, 0, 9223372036807165807
3, 3175, 0, 9223372036854775807, 0, 9223372036807150807
3, 3176, 0, 9223372036854775807, 0, 9223372036807135807
3, 3177, 0, 9223372036854775807, 0, 9223372036807120807
3, 3178, 0, 9223372036854775807, 0, 9223372036807105807
3, 3179, 0, 9223372036854775807, 0, 9223372036807090807
3, 318, 0, 9223372036854775807, 0, 9223372036850005807
3, 3180, 0, 9223372036854775807, 0, 9223372036807075807
3, 3181, 0, 9223372036854775807, 0, 9223372036807060807
3, 3182, 0, 9223372036854775807, 0, 9223372036807045807
3, 3183, 0, 9223372036854775807, 0, 9223372036807030807
3, 3184, 0, 9223372036854775807, 0, 9223372036807015807
3, 3185, 0, 9223372036854775807, 0, 9223372036807000807
3, 3186, 0, 9223372036854775807, 0, 9223372036806985807
3, 3187, 0, 9223372036854775807, 0, 9223372036806970807
3, 3188, 0, 9223372036854775807, 0, 9223372036806955807
3, 3189, 0, 9223372036854775807, 0, 9223372036806940807
3, 319, 0, 9223372036854775807, 0, 9223372036849990807
3, 3190, 0, 9223372036854775807, 0, 9223372036806925807
3, 3191, 0, 9223372036854775807, 0, 9223372036806910807
3, 3192, 0, 9223372036854775807, 0, 9223372036806895807
3, 3193, 0, 9223372036854775807, 0, 9223372036806880807
3, 3194, 0, 9223372036854775807, 0, 9223372036806865807
3, 3195, 0, 9223372036854775807, 0, 9223372036806850807
3, 3196, 0, 9223372036854775807, 0, 9223372036806835807
3, 3197, 0, 9223372036854775807, 0, 9223372036806820807
3, 3198, 0, 9223372036854775807, 0, 9223372036806805807
3, 3199, 0, 9223372036854775807, 0, 9223372036806790807
3, 32, 0, 9223372036854775807, 0, 9223372036854295807
3, 320, 0, 9223372036854775807, 0, 9223372036849975807
3, 3200, 0, 9223372036854775807, 0, 9223372036806775807
3, 3201, 0, 9223372036854775807, 0, 9223372036806760807
3, 3202, 0, 9223372036854775807, 0, 9223372036806745807
3, 3203, 0, 9223372036854775807, 0, 9223372036806730807
3, 3204, 0, 9223372036854775807, 0, 9223372036806715807
3, 3205, 0, 9223372036854775807, 0, 9223372036806700807
3, 3206, 0, 9223372036854775807, 0, 9223372036806685807
3, 3207, 0, 9223372036854775807, 0, 9223372036806670807
3, 3208, 0, 9223372036854775807, 0, 9223372036806655807
3, 3209, 0, 9223372036854775807, 0, 9223372036806640807
3, 321, 0, 9223372036854775807, 0, 9223372036849960807
3, 3210, 0, 9223372036854775807, 0, 9223372036806625807
3, 3211, 0, 9223372036854775807, 0, 9223372036806610807
3, 3212, 0, 9223372036854775807, 0, 9223372036806595807
3, 3213, 0, 9223372036854775807, 0, 9223372036806580807
3, 3214, 0, 9223372036854775807, 0, 9223372036806565807
3, 3215, 0, 9223372036854775807, 0, 9223372036806550807
3, 3216, 0, 9223372036854775807, 0, 9223372036806535807
3, 3217, 0, 9223372036854775807, 0, 9223372036806520807
3, 3218, 0, 9223372036854775807, 0, 9223372036806505807
3, 3219, 0, 9223372036854775807, 0, 9223372036806490807
3, 322, 0, 9223372036854775807, 0, 9223372036849945807
3, 3220, 0, 9223372036854775807, 0, 9223372036806475807
3, 3221, 0, 9223372036854775807, 0, 9223372036806460807
3, 3222, 0, 9223372036854775807, 0, 9223372036806445807
3, 3223, 0, 9223372036854775807, 0, 9223372036806430807
3, 3224, 0, 9223372036854775807, 0, 9223372036806415807
3, 3225, 0, 9223372036854775807, 0, 9223372036806400807
3, 3226, 0, 9223372036854775807, 0, 9223372036806385807
3, 3227, 0, 9223372036854775807, 0, 9223372036806370807
3, 3228, 0, 9223372036854775807, 0, 9223372036806355807
3, 3229, 0, 9223372036854775807, 0, 9223372036806340807
3, 323, 0, 9223372036854775807, 0, 9223372036849930807
3, 3230, 0, 9223372036854775807, 0, 9223372036806325807
3, 3231, 0, 9223372036854775807, 0, 9223372036806310807
3, 3232, 0, 9223372036854775807, 0, 9223372036806295807
3, 3233, 0, 9223372036854775807, 0, 9223372036806280807
3, 3234, 0, 9223372036854775807, 0, 9223372036806265807
3, 3235, 0, 9223372036854775807, 0, 9223372036806250807
3, 3236, 0, 9223372036854775807, 0, 9223372036806235807
3, 3237, 0, 9223372036854775807, 0, 9223372036806220807
3, 3238, 0, 9223372036854775807, 0, 9223372036806205807
3, 3239, 0, 9223372036854775807, 0, 9223372036806190807
3, 324, 0, 9223372036854775807, 0, 9223372036849915807
3, 3240, 0, 9223372036854775807, 0, 9223372036806175807
3, 3241, 0, 9223372036854775807, 0, 9223372036806160807
3, 3242, 0, 9223372036854775807, 0, 9223372036806145807
3, 3243, 0, 9223372036854775807, 0, 9223372036806130807
3, 3244, 0, 9223372036854775807, 0, 9223372036806115807
3, 3245, 0, 9223372036854775807, 0, 9223372036806100807
3, 3246, 0, 9223372036854775807, 0, 9223372036806085807
3, 3247, 0, 9223372036854775807, 0, 9223372036806070807
3, 3248, 0, 9223372036854775807, 0, 9223372036806055807
3, 3249, 0, 9223372036854775807, 0, 9223372036806040807
3, 325, 0, 9223372036854775807, 0, 9223372036849900807
3, 3250, 0, 9223372036854775807, 0, 9223372036806025807
3, 3251, 0, 9223372036854775807, 0, 9223372036806010807
3, 3252, 0, 9223372036854775807, 0, 9223372036805995807
3, 3253, 0, 9223372036854775807, 0, 9223372036805980807
3, 3254, 0, 9223372036854775807, 0, 9223372036805965807
3, 3255, 0, 9223372036854775807, 0, 9223372036805950807
3, 3256, 0, 9223372036854775807, 0, 9223372036805935807
3, 3257, 0, 9223372036854775807, 0, 9223372036805920807
3, 3258, 0, 9223372036854775807, 0, 9223372036805905807
3, 3259, 0, 9223372036854775807, 0, 9223372036805890807
3, 326, 0, 9223372036854775807, 0, 9223372036849885807
3, 3260, 0, 9223372036854775807, 0, 9223372036805875807
3, 3261, 0, 9223372036854775807, 0, 9223372036805860807
3, 3262, 0, 9223372036854775807, 0, 9223372036805845807
3, 3263, 0, 9223372036854775807, 0, 9223372036805830807
3, 3264, 0, 9223372036854775807, 0, 9223372036805815807
3, 3265, 0, 9223372036854775807, 0, 9223372036805800807
3, 3266, 0, 9223372036854775807, 0, 9223372036805785807
3, 3267, 0, 9223372036854775807, 0, 9223372036805770807
3, 3268, 0, 9223372036854775807, 0, 9223372036805755807
3, 3269, 0, 9223372036854775807, 0, 9223372036805740807
3, 327, 0, 9223372036854775807, 0, 9223372036849870807
3, 3270, 0, 9223372036854775807, 0, 9223372036805725807
3, 3271, 0, 9223372036854775807, 0, 9223372036805710807
3, 3272, 0, 9223372036854775807, 0, 9223372036805695807
3, 3273, 0, 9223372036854775807, 0, 9223372036805680807
3, 3274, 0, 9223372036854775807, 0, 9223372036805665807
3, 3275, 0, 9223372036854775807, 0, 9223372036805650807
3, 3276, 0, 9223372036854775807, 0, 9223372036805635807
3, 3277, 0, 9223372036854775807, 0, 9223372036805620807
3, 3278, 0, 9223372036854775807, 0, 9223372036805605807
3, 3279, 0, 9223372036854775807, 0, 9223372036805590807
3, 328, 0, 9223372036854775807, 0, 9223372036849855807
3, 3280, 0, 9223372036854775807, 0, 9223372036805575807
3, 3281, 0, 9223372036854775807, 0, 9223372036805560807
3, 3282, 0, 9223372036854775807, 0, 9223372036805545807
3, 3283, 0, 9223372036854775807, 0, 9223372036805530807
3, 3284, 0, 9223372036854775807, 0, 9223372036805515807
3, 3285, 0, 9223372036854775807, 0, 9223372036805500807
3, 3286, 0, 9223372036854775807, 0, 9223372036805485807
3, 3287, 0, 9223372036854775807, 0, 9223372036805470807
3, 3288, 0, 9223372036854775807, 0, 9223372036805455807
3, 3289, 0, 9223372036854775807, 0, 9223372036805440807
3, 329, 0, 9223372036854775807, 0, 9223372036849840807
3, 3290, 0, 9223372036854775807, 0, 9223372036805425807
3, 3291, 0, 9223372036854775807, 0, 9223372036805410807
3, 3292, 0, 9223372036854775807, 0, 9223372036805395807
3, 3293, 0, 9223372036854775807, 0, 9223372036805380807
3, 3294, 0, 9223372036854775807, 0, 9223372036805365807
3, 3295, 0, 9223372036854775807, 0, 9223372036805350807
3, 3296, 0, 9223372036854775807, 0, 9223372036805335807
3, 3297, 0, 9223372036854775807, 0, 9223372036805320807
3, 3298, 0, 9223372036854775807, 0, 9223372036805305807
3, 3299, 0, 9223372036854775807, 0, 9223372036805290807
3, 33, 0, 9223372036854775807, 0, 9223372036854280807
3, 330, 0, 9223372036854775807, 0, 9223372036849825807
3, 3300, 0, 9223372036854775807, 0, 9223372036805275807
3, 3301, 0, 9223372036854775807, 0, 9223372036805260807
3, 3302, 0, 9223372036854775807, 0, 9223372036805245807
3, 3303, 0, 9223372036854775807, 0, 9223372036805230807
3, 3304, 0, 9223372036854775807, 0, 9223372036805215807
3, 3305, 0, 9223372036854775807, 0, 9223372036805200807
3, 3306, 0, 9223372036854775807, 0, 9223372036805185807
3, 3307, 0, 9223372036854775807, 0, 9223372036805170807
3, 3308, 0, 9223372036854775807, 0, 9223372036805155807
3, 3309, 0, 9223372036854775807, 0, 9223372036805140807
3, 331, 0, 9223372036854775807, 0, 9223372036849810807
3, 3310, 0, 9223372036854775807, 0, 9223372036805125807
3, 3311, 0, 9223372036854775807, 0, 9223372036805110807
3, 3312, 0, 9223372036854775807, 0, 9223372036805095807
3, 3313, 0, 9223372036854775807, 0, 9223372036805080807
3, 3314, 0, 9223372036854775807, 0, 9223372036805065807
3, 3315, 0, 9223372036854775807, 0, 9223372036805050807
3, 3316, 0, 9223372036854775807, 0, 9223372036805035807
3, 3317, 0, 9223372036854775807, 0, 9223372036805020807
3, 3318, 0, 9223372036854775807, 0, 9223372036805005807
3, 3319, 0, 9223372036854775807, 0, 9223372036804990807
3, 332, 0, 9223372036854775807, 0, 9223372036849795807
3, 3320, 0, 9223372036854775807, 0, 9223372036804975807
3, 3321, 0, 9223372036854775807, 0, 9223372036804960807
3, 3322, 0, 9223372036854775807, 0, 9223372036804945807
3, 3323, 0, 9223372036854775807, 0, 9223372036804930807
3, 3324, 0, 9223372036854775807, 0, 9223372036804915807
3, 3325, 0, 9223372036854775807, 0, 9223372036804900807
3, 3326, 0, 9223372036854775807, 0, 9223372036804885807
3, 3327, 0, 9223372036854775807, 0, 9223372036804870807
3, 3328, 0, 9223372036854775807, 0, 9223372036804855807
3, 3329, 0, 9223372036854775807, 0, 9223372036804840807
3, 333, 0, 9223372036854775807, 0, 9223372036849780807
3, 3330, 0, 9223372036854775807, 0, 9223372036804825807
3, 3331, 0, 9223372036854775807, 0, 9223372036804810807
3, 3332, 0, 9223372036854775807, 0, 9223372036804795807
3, 3333, 0, 9223372036854775807, 0, 9223372036804780807
3, 3334, 0, 9223372036854775807, 0, 9223372036804765807
3, 3335, 0, 9223372036854775807, 0, 9223372036804750807
3, 3336, 0, 9223372036854775807, 0, 9223372036804735807
3, 3337, 0, 9223372036854775807, 0, 9223372036804720807
3, 3338, 0, 9223372036854775807, 0, 9223372036804705807
3, 3339, 0, 9223372036854775807, 0, 9223372036804690807
3, 334, 0, 9223372036854775807, 0, 9223372036849765807
3, 3340, 0, 9223372036854775807, 0, 9223372036804675807
3, 3341, 0, 9223372036854775807, 0, 9223372036804660807
3, 3342, 0, 9223372036854775807, 0, 9223372036804645807
3, 3343, 0, 9223372036854775807, 0, 9223372036804630807
3, 3344, 0, 9223372036854775807, 0, 9223372036804615807
3, 3345, 0, 9223372036854775807, 0, 9223372036804600807
3, 3346, 0, 9223372036854775807, 0, 9223372036804585807
3, 3347, 0, 9223372036854775807, 0, 9223372036804570807
3, 3348, 0, 9223372036854775807, 0, 9223372036804555807
3, 3349, 0, 9223372036854775807, 0, 9223372036804540807
3, 335, 0, 9223372036854775807, 0, 9223372036849750807
3, 3350, 0, 9223372036854775807, 0, 9223372036804525807
3, 3351, 0, 9223372036854775807, 0, 9223372036804510807
3, 3352, 0, 9223372036854775807, 0, 9223372036804495807
3, 3353, 0, 9223372036854775807, 0, 9223372036804480807
3, 3354, 0, 9223372036854775807, 0, 9223372036804465807
3, 3355, 0, 9223372036854775807, 0, 9223372036804450807
3, 3356, 0, 9223372036854775807, 0, 9223372036804435807
3, 3357, 0, 9223372036854775807, 0, 9223372036804420807
3, 3358, 0, 9223372036854775807, 0, 9223372036804405807
3, 3359, 0, 9223372036854775807, 0, 9223372036804390807
3, 336, 0, 9223372036854775807, 0, 9223372036849735807
3, 3360, 0, 9223372036854775807, 0, 9223372036804375807
3, 3361, 0, 9223372036854775807, 0, 9223372036804360807
3, 3362, 0, 9223372036854775807, 0, 9223372036804345807
3, 3363, 0, 9223372036854775807, 0, 9223372036804330807
3, 3364, 0, 9223372036854775807, 0, 9223372036804315807
3, 3365, 0, 9223372036854775807, 0, 9223372036804300807
3, 3366, 0, 9223372036854775807, 0, 9223372036804285807
3, 3367, 0, 9223372036854775807, 0, 9223372036804270807
3, 3368, 0, 9223372036854775807, 0, 9223372036804255807
3, 3369, 0, 9223372036854775807, 0, 9223372036804240807
3, 337, 0, 9223372036854775807, 0, 9223372036849720807
3, 3370, 0, 9223372036854775807, 0, 9223372036804225807
3, 3371, 0, 9223372036854775807, 0, 9223372036804210807
3, 3372, 0, 9223372036854775807, 0, 9223372036804195807
3, 3373, 0, 9223372036854775807, 0, 9223372036804180807
3, 3374, 0, 9223372036854775807, 0, 9223372036804165807
3, 3375, 0, 9223372036854775807, 0, 9223372036804150807
3, 3376, 0, 9223372036854775807, 0, 9223372036804135807
3, 3377, 0, 9223372036854775807, 0, 9223372036804120807
3, 3378, 0, 9223372036854775807, 0, 9223372036804105807
3, 3379, 0, 9223372036854775807, 0, 9223372036804090807
3, 338, 0, 9223372036854775807, 0, 9223372036849705807
3, 3380, 0, 9223372036854775807, 0, 9223372036804075807
3, 3381, 0, 9223372036854775807, 0, 9223372036804060807
3, 3382, 0, 9223372036854775807, 0, 9223372036804045807
3, 3383, 0, 9223372036854775807, 0, 9223372036804030807
3, 3384, 0, 9223372036854775807, 0, 9223372036804015807
3, 3385, 0, 9223372036854775807, 0, 9223372036804000807
3, 3386, 0, 9223372036854775807, 0, 9223372036803985807
3, 3387, 0, 9223372036854775807, 0, 9223372036803970807
3, 3388, 0, 9223372036854775807, 0, 9223372036803955807
3, 3389, 0, 9223372036854775807, 0, 9223372036803940807
3, 339, 0, 9223372036854775807, 0, 9223372036849690807
3, 3390, 0, 9223372036854775807, 0, 9223372036803925807
3, 3391, 0, 9223372036854775807, 0, 9223372036803910807
3, 3392, 0, 9223372036854775807, 0, 9223372036803895807
3, 3393, 0, 9223372036854775807, 0, 9223372036803880807
3, 3394, 0, 9223372036854775807, 0, 9223372036803865807
3, 3395, 0, 9223372036854775807, 0, 9223372036803850807
3, 3396, 0, 9223372036854775807, 0, 9223372036803835807
3, 3397, 0, 9223372036854775807, 0, 9223372036803820807
3, 3398, 0, 9223372036854775807, 0, 9223372036803805807
3, 3399, 0, 9223372036854775807, 0, 9223372036803790807
3, 34, 0, 9223372036854775807, 0, 9223372036854265807
3, 340, 0, 9223372036854775807, 0, 9223372036849675807
3, 3400, 0, 9223372036854775807, 0, 9223372036803775807
3, 3401, 0, 9223372036854775807, 0, 9223372036803760807
3, 3402, 0, 9223372036854775807, 0, 9223372036803745807
3, 3403, 0, 9223372036854775807, 0, 9223372036803730807
3, 3404, 0, 9223372036854775807, 0, 9223372036803715807
3, 3405, 0, 9223372036854775807, 0, 9223372036803700807
3, 3406, 0, 9223372036854775807, 0, 9223372036803685807
3, 3407, 0, 9223372036854775807, 0, 9223372036803670807
3, 3408, 0, 9223372036854775807, 0, 9223372036803655807
3, 3409, 0, 9223372036854775807, 0, 9223372036803640807
3, 341, 0, 9223372036854775807, 0, 9223372036849660807
3, 3410, 0, 9223372036854775807, 0, 9223372036803625807
3, 3411, 0, 9223372036854775807, 0, 9223372036803610807
3, 3412, 0, 9223372036854775807, 0, 9223372036803595807
3, 3413, 0, 9223372036854775807, 0, 9223372036803580807
3, 3414, 0, 9223372036854775807, 0, 9223372036803565807
3, 3415, 0, 9223372036854775807, 0, 9223372036803550807
3, 3416, 0, 9223372036854775807, 0, 9223372036803535807
3, 3417, 0, 9223372036854775807, 0, 9223372036803520807
3, 3418, 0, 9223372036854775807, 0, 9223372036803505807
3, 3419, 0, 9223372036854775807, 0, 9223372036803490807
3, 342, 0, 9223372036854775807, 0, 9223372036849645807
3, 3420, 0, 9223372036854775807, 0, 9223372036803475807
3, 3421, 0, 9223372036854775807, 0, 9223372036803460807
3, 3422, 0, 9223372036854775807, 0, 9223372036803445807
3, 3423, 0, 9223372036854775807, 0, 9223372036803430807
3, 3424, 0, 9223372036854775807, 0, 9223372036803415807
3, 3425, 0, 9223372036854775807, 0, 9223372036803400807
3, 3426, 0, 9223372036854775807, 0, 9223372036803385807
3, 3427, 0, 9223372036854775807, 0, 9223372036803370807
3, 3428, 0, 9223372036854775807, 0, 9223372036803355807
3, 3429, 0, 9223372036854775807, 0, 9223372036803340807
3, 343, 0, 9223372036854775807, 0, 9223372036849630807
3, 3430, 0, 9223372036854775807, 0, 9223372036803325807
3, 3431, 0, 9223372036854775807, 0, 9223372036803310807
3, 3432, 0, 9223372036854775807, 0, 9223372036803295807
3, 3433, 0, 9223372036854775807, 0, 9223372036803280807
3, 3434, 0, 9223372036854775807, 0, 9223372036803265807
3, 3435, 0, 9223372036854775807, 0, 9223372036803250807
3, 3436, 0, 9223372036854775807, 0, 9223372036803235807
3, 3437, 0, 9223372036854775807, 0, 9223372036803220807
3, 3438, 0, 9223372036854775807, 0, 9223372036803205807
3, 3439, 0, 9223372036854775807, 0, 9223372036803190807
3, 344, 0, 9223372036854775807, 0, 9223372036849615807
3, 3440, 0, 9223372036854775807, 0, 9223372036803175807
3, 3441, 0, 9223372036854775807, 0, 9223372036803160807
3, 3442, 0, 9223372036854775807, 0, 9223372036803145807
3, 3443, 0, 9223372036854775807, 0, 9223372036803130807
3, 3444, 0, 9223372036854775807, 0, 9223372036803115807
3, 3445, 0, 9223372036854775807, 0, 9223372036803100807
3, 3446, 0, 9223372036854775807, 0, 9223372036803085807
3, 3447, 0, 9223372036854775807, 0, 9223372036803070807
3, 3448, 0, 9223372036854775807, 0, 9223372036803055807
3, 3449, 0, 9223372036854775807, 0, 9223372036803040807
3, 345, 0, 9223372036854775807, 0, 9223372036849600807
3, 3450, 0, 9223372036854775807, 0, 9223372036803025807
3, 3451, 0, 9223372036854775807, 0, 9223372036803010807
3, 3452, 0, 9223372036854775807, 0, 9223372036802995807
3, 3453, 0, 9223372036854775807, 0, 9223372036802980807
3, 3454, 0, 9223372036854775807, 0, 9223372036802965807
3, 3455, 0, 9223372036854775807, 0, 9223372036802950807
3, 3456, 0, 9223372036854775807, 0, 9223372036802935807
3, 3457, 0, 9223372036854775807, 0, 9223372036802920807
3, 3458, 0, 9223372036854775807, 0, 9223372036802905807
3, 3459, 0, 9223372036854775807, 0, 9223372036802890807
3, 346, 0, 9223372036854775807, 0, 9223372036849585807
3, 3460, 0, 9223372036854775807, 0, 9223372036802875807
3, 3461, 0, 9223372036854775807, 0, 9223372036802860807
3, 3462, 0, 9223372036854775807, 0, 9223372036802845807
3, 3463, 0, 9223372036854775807, 0, 9223372036802830807
3, 3464, 0, 9223372036854775807, 0, 9223372036802815807
3, 3465, 0, 9223372036854775807, 0, 9223372036802800807
3, 3466, 0, 9223372036854775807, 0, 9223372036802785807
3, 3467, 0, 9223372036854775807, 0, 9223372036802770807
3, 3468, 0, 9223372036854775807, 0, 9223372036802755807
3, 3469, 0, 9223372036854775807, 0, 9223372036802740807
3, 347, 0, 9223372036854775807, 0, 9223372036849570807
3, 3470, 0, 9223372036854775807, 0, 9223372036802725807
3, 3471, 0, 9223372036854775807, 0, 9223372036802710807
3, 3472, 0, 9223372036854775807, 0, 9223372036802695807
3, 3473, 0, 9223372036854775807, 0, 9223372036802680807
3, 3474, 0, 9223372036854775807, 0, 9223372036802665807
3, 3475, 0, 9223372036854775807, 0, 9223372036802650807
3, 3476, 0, 9223372036854775807, 0, 9223372036802635807
3, 3477, 0, 9223372036854775807, 0, 9223372036802620807
3, 3478, 0, 9223372036854775807, 0, 9223372036802605807
3, 3479, 0, 9223372036854775807, 0, 9223372036802590807
3, 348, 0, 9223372036854775807, 0, 9223372036849555807
3, 3480, 0, 9223372036854775807, 0, 9223372036802575807
3, 3481, 0, 9223372036854775807, 0, 9223372036802560807
3, 3482, 0, 9223372036854775807, 0, 9223372036802545807
3, 3483, 0, 9223372036854775807, 0, 9223372036802530807
3, 3484, 0, 9223372036854775807, 0, 9223372036802515807
3, 3485, 0, 9223372036854775807, 0, 9223372036802500807
3, 3486, 0, 9223372036854775807, 0, 9223372036802485807
3, 3487, 0, 9223372036854775807, 0, 9223372036802470807
3, 3488, 0, 9223372036854775807, 0, 9223372036802455807
3, 3489, 0, 9223372036854775807, 0, 9223372036802440807
3, 349, 0, 9223372036854775807, 0, 9223372036849540807
3, 3490, 0, 9223372036854775807, 0, 9223372036802425807
3, 3491, 0, 9223372036854775807, 0, 9223372036802410807
3, 3492, 0, 9223372036854775807, 0, 9223372036802395807
3, 3493, 0, 9223372036854775807, 0, 9223372036802380807
3, 3494, 0, 9223372036854775807, 0, 9223372036802365807
3, 3495, 0, 9223372036854775807, 0, 9223372036802350807
3, 3496, 0, 9223372036854775807, 0, 9223372036802335807
3, 3497, 0, 9223372036854775807, 0, 9223372036802320807
3, 3498, 0, 9223372036854775807, 0, 9223372036802305807
3, 3499, 0, 9223372036854775807, 0, 9223372036802290807
3, 35, 0, 9223372036854775807, 0, 9223372036854250807
3, 350, 0, 9223372036854775807, 0, 9223372036849525807
3, 3500, 0, 9223372036854775807, 0, 9223372036802275807
3, 3501, 0, 9223372036854775807, 0, 9223372036802260807
3, 3502, 0, 9223372036854775807, 0, 9223372036802245807
3, 3503, 0, 9223372036854775807, 0, 9223372036802230807
3, 3504, 0, 9223372036854775807, 0, 9223372036802215807
3, 3505, 0, 9223372036854775807, 0, 9223372036802200807
3, 3506, 0, 9223372036854775807, 0, 9223372036802185807
3, 3507, 0, 9223372036854775807, 0, 9223372036802170807
3, 3508, 0, 9223372036854775807, 0, 9223372036802155807
3, 3509, 0, 9223372036854775807, 0, 9223372036802140807
3, 351, 0, 9223372036854775807, 0, 9223372036849510807
3, 3510, 0, 9223372036854775807, 0, 9223372036802125807
3, 3511, 0, 9223372036854775807, 0, 9223372036802110807
3, 3512, 0, 9223372036854775807, 0, 9223372036802095807
3, 3513, 0, 9223372036854775807, 0, 9223372036802080807
3, 3514, 0, 9223372036854775807, 0, 9223372036802065807
3, 3515, 0, 9223372036854775807, 0, 9223372036802050807
3, 3516, 0, 9223372036854775807, 0, 9223372036802035807
3, 3517, 0, 9223372036854775807, 0, 9223372036802020807
3, 3518, 0, 9223372036854775807, 0, 9223372036802005807
3, 3519, 0, 9223372036854775807, 0, 9223372036801990807
3, 352, 0, 9223372036854775807, 0, 9223372036849495807
3, 3520, 0, 9223372036854775807, 0, 9223372036801975807
3, 3521, 0, 9223372036854775807, 0, 9223372036801960807
3, 3522, 0, 9223372036854775807, 0, 9223372036801945807
3, 3523, 0, 9223372036854775807, 0, 9223372036801930807
3, 3524, 0, 9223372036854775807, 0, 9223372036801915807
3, 3525, 0, 9223372036854775807, 0, 9223372036801900807
3, 3526, 0, 9223372036854775807, 0, 9223372036801885807
3, 3527, 0, 9223372036854775807, 0, 9223372036801870807
3, 3528, 0, 9223372036854775807, 0, 9223372036801855807
3, 3529, 0, 9223372036854775807, 0, 9223372036801840807
3, 353, 0, 9223372036854775807, 0, 9223372036849480807
3, 3530, 0, 9223372036854775807, 0, 9223372036801825807
3, 3531, 0, 9223372036854775807, 0, 9223372036801810807
3, 3532, 0, 9223372036854775807, 0, 9223372036801795807
3, 3533, 0, 9223372036854775807, 0, 9223372036801780807
3, 3534, 0, 9223372036854775807, 0, 9223372036801765807
3, 3535, 0, 9223372036854775807, 0, 9223372036801750807
3, 3536, 0, 9223372036854775807, 0, 9223372036801735807
3, 3537, 0, 9223372036854775807, 0, 9223372036801720807
3, 3538, 0, 9223372036854775807, 0, 9223372036801705807
3, 3539, 0, 9223372036854775807, 0, 9223372036801690807
3, 354, 0, 9223372036854775807, 0, 9223372036849465807
3, 3540, 0, 9223372036854775807, 0, 9223372036801675807
3, 3541, 0, 9223372036854775807, 0, 9223372036801660807
3, 3542, 0, 9223372036854775807, 0, 9223372036801645807
3, 3543, 0, 9223372036854775807, 0, 9223372036801630807
3, 3544, 0, 9223372036854775807, 0, 9223372036801615807
3, 3545, 0, 9223372036854775807, 0, 9223372036801600807
3, 3546, 0, 9223372036854775807, 0, 9223372036801585807
3, 3547, 0, 9223372036854775807, 0, 9223372036801570807
3, 3548, 0, 9223372036854775807, 0, 9223372036801555807
3, 3549, 0, 9223372036854775807, 0, 9223372036801540807
3, 355, 0, 9223372036854775807, 0, 9223372036849450807
3, 3550, 0, 9223372036854775807, 0, 9223372036801525807
3, 3551, 0, 9223372036854775807, 0, 9223372036801510807
3, 3552, 0, 9223372036854775807, 0, 9223372036801495807
3, 3553, 0, 9223372036854775807, 0, 9223372036801480807
3, 3554, 0, 9223372036854775807, 0, 9223372036801465807
3, 3555, 0, 9223372036854775807, 0, 9223372036801450807
3, 3556, 0, 9223372036854775807, 0, 9223372036801435807
3, 3557, 0, 9223372036854775807, 0, 9223372036801420807
3, 3558, 0, 9223372036854775807, 0, 9223372036801405807
3, 3559, 0, 9223372036854775807, 0, 9223372036801390807
3, 356, 0, 9223372036854775807, 0, 9223372036849435807
3, 3560, 0, 9223372036854775807, 0, 9223372036801375807
3, 3561, 0, 9223372036854775807, 0, 9223372036801360807
3, 3562, 0, 9223372036854775807, 0, 9223372036801345807
3, 3563, 0, 9223372036854775807, 0, 9223372036801330807
3, 3564, 0, 9223372036854775807, 0, 9223372036801315807
3, 3565, 0, 9223372036854775807, 0, 9223372036801300807
3, 3566, 0, 9223372036854775807, 0, 9223372036801285807
3, 3567, 0, 9223372036854775807, 0, 9223372036801270807
3, 3568, 0, 9223372036854775807, 0, 9223372036801255807
3, 3569, 0, 9223372036854775807, 0, 9223372036801240807
3, 357, 0, 9223372036854775807, 0, 9223372036849420807
3, 3570, 0, 9223372036854775807, 0, 9223372036801225807
3, 3571, 0, 9223372036854775807, 0, 9223372036801210807
3, 3572, 0, 9223372036854775807, 0, 9223372036801195807
3, 3573, 0, 9223372036854775807, 0, 9223372036801180807
3, 3574, 0, 9223372036854775807, 0, 9223372036801165807
3, 3575, 0, 9223372036854775807, 0, 9223372036801150807
3, 3576, 0, 9223372036854775807, 0, 9223372036801135807
3, 3577, 0, 9223372036854775807, 0, 9223372036801120807
3, 3578, 0, 9223372036854775807, 0, 9223372036801105807
3, 3579, 0, 9223372036854775807, 0, 9223372036801090807
3, 358, 0, 9223372036854775807, 0, 9223372036849405807
3, 3580, 0, 9223372036854775807, 0, 9223372036801075807
3, 3581, 0, 9223372036854775807, 0, 9223372036801060807
3, 3582, 0, 9223372036854775807, 0, 9223372036801045807
3, 3583, 0, 9223372036854775807, 0, 9223372036801030807
3, 3584, 0, 9223372036854775807, 0, 9223372036801015807
3, 3585, 0, 9223372036854775807, 0, 9223372036801000807
3, 3586, 0, 9223372036854775807, 0, 9223372036800985807
3, 3587, 0, 9223372036854775807, 0, 9223372036800970807
3, 3588, 0, 9223372036854775807, 0, 9223372036800955807
3, 3589, 0, 9223372036854775807, 0, 9223372036800940807
3, 359, 0, 9223372036854775807, 0, 9223372036849390807
3, 3590, 0, 9223372036854775807, 0, 9223372036800925807
3, 3591, 0, 9223372036854775807, 0, 9223372036800910807
3, 3592, 0, 9223372036854775807, 0, 9223372036800895807
3, 3593, 0, 9223372036854775807, 0, 9223372036800880807
3, 3594, 0, 9223372036854775807, 0, 9223372036800865807
3, 3595, 0, 9223372036854775807, 0, 9223372036800850807
3, 3596, 0, 9223372036854775807, 0, 9223372036800835807
3, 3597, 0, 9223372036854775807, 0, 9223372036800820807
3, 3598, 0, 9223372036854775807, 0, 9223372036800805807
3, 3599, 0, 9223372036854775807, 0, 9223372036800790807
3, 36, 0, 9223372036854775807, 0, 9223372036854235807
3, 360, 0, 9223372036854775807, 0, 9223372036849375807
3, 3600, 0, 9223372036854775807, 0, 9223372036800775807
3, 3601, 0, 9223372036854775807, 0, 9223372036800760807
3, 3602, 0, 9223372036854775807, 0, 9223372036800745807
3, 3603, 0, 9223372036854775807, 0, 9223372036800730807
3, 3604, 0, 9223372036854775807, 0, 9223372036800715807
3, 3605, 0, 9223372036854775807, 0, 9223372036800700807
3, 3606, 0, 9223372036854775807, 0, 9223372036800685807
3, 3607, 0, 9223372036854775807, 0, 9223372036800670807
3, 3608, 0, 9223372036854775807, 0, 9223372036800655807
3, 3609, 0, 9223372036854775807, 0, 9223372036800640807
3, 361, 0, 9223372036854775807, 0, 9223372036849360807
3, 3610, 0, 9223372036854775807, 0, 9223372036800625807
3, 3611, 0, 9223372036854775807, 0, 9223372036800610807
3, 3612, 0, 9223372036854775807, 0, 9223372036800595807
3, 3613, 0, 9223372036854775807, 0, 9223372036800580807
3, 3614, 0, 9223372036854775807, 0, 9223372036800565807
3, 3615, 0, 9223372036854775807, 0, 9223372036800550807
3, 3616, 0, 9223372036854775807, 0, 9223372036800535807
3, 3617, 0, 9223372036854775807, 0, 9223372036800520807
3, 3618, 0, 9223372036854775807, 0, 9223372036800505807
3, 3619, 0, 9223372036854775807, 0, 9223372036800490807
3, 362, 0, 9223372036854775807, 0, 9223372036849345807
3, 3620, 0, 9223372036854775807, 0, 9223372036800475807
3, 3621, 0, 9223372036854775807, 0, 9223372036800460807
3, 3622, 0, 9223372036854775807, 0, 9223372036800445807
3, 3623, 0, 9223372036854775807, 0, 9223372036800430807
3, 3624, 0, 9223372036854775807, 0, 9223372036800415807
3, 3625, 0, 9223372036854775807, 0, 9223372036800400807
3, 3626, 0, 9223372036854775807, 0, 9223372036800385807
3, 3627, 0, 9223372036854775807, 0, 9223372036800370807
3, 3628, 0, 9223372036854775807, 0, 9223372036800355807
3, 3629, 0, 9223372036854775807, 0, 9223372036800340807
3, 363, 0, 9223372036854775807, 0, 9223372036849330807
3, 3630, 0, 9223372036854775807, 0, 9223372036800325807
3, 3631, 0, 9223372036854775807, 0, 9223372036800310807
3, 3632, 0, 9223372036854775807, 0, 9223372036800295807
3, 3633, 0, 9223372036854775807, 0, 9223372036800280807
3, 3634, 0, 9223372036854775807, 0, 9223372036800265807
3, 3635, 0, 9223372036854775807, 0, 9223372036800250807
3, 3636, 0, 9223372036854775807, 0, 9223372036800235807
3, 3637, 0, 9223372036854775807, 0, 9223372036800220807
3, 3638, 0, 9223372036854775807, 0, 9223372036800205807
3, 3639, 0, 9223372036854775807, 0, 9223372036800190807
3, 364, 0, 9223372036854775807, 0, 9223372036849315807
3, 3640, 0, 9223372036854775807, 0, 9223372036800175807
3, 3641, 0, 9223372036854775807, 0, 9223372036800160807
3, 3642, 0, 9223372036854775807, 0, 9223372036800145807
3, 3643, 0, 9223372036854775807, 0, 9223372036800130807
3, 3644, 0, 9223372036854775807, 0, 9223372036800115807
3, 3645, 0, 9223372036854775807, 0, 9223372036800100807
3, 3646, 0, 9223372036854775807, 0, 9223372036800085807
3, 3647, 0, 9223372036854775807, 0, 9223372036800070807
3, 3648, 0, 9223372036854775807, 0, 9223372036800055807
3, 3649, 0, 9223372036854775807, 0, 9223372036800040807
3, 365, 0, 9223372036854775807, 0, 9223372036849300807
3, 3650, 0, 9223372036854775807, 0, 9223372036800025807
3, 3651, 0, 9223372036854775807, 0, 9223372036800010807
3, 3652, 0, 9223372036854775807, 0, 9223372036799995807
3, 3653, 0, 9223372036854775807, 0, 9223372036799980807
3, 3654, 0, 9223372036854775807, 0, 9223372036799965807
3, 3655, 0, 9223372036854775807, 0, 9223372036799950807
3, 3656, 0, 9223372036854775807, 0, 9223372036799935807
3, 3657, 0, 9223372036854775807, 0, 9223372036799920807
3, 3658, 0, 9223372036854775807, 0, 9223372036799905807
3, 3659, 0, 9223372036854775807, 0, 9223372036799890807
3, 366, 0, 9223372036854775807, 0, 9223372036849285807
3, 3660, 0, 9223372036854775807, 0, 9223372036799875807
3, 3661, 0, 9223372036854775807, 0, 9223372036799860807
3, 3662, 0, 9223372036854775807, 0, 9223372036799845807
3, 3663, 0, 9223372036854775807, 0, 9223372036799830807
3, 3664, 0, 9223372036854775807, 0, 9223372036799815807
3, 3665, 0, 9223372036854775807, 0, 9223372036799800807
3, 3666, 0, 9223372036854775807, 0, 9223372036799785807
3, 3667, 0, 9223372036854775807, 0, 9223372036799770807
3, 3668, 0, 9223372036854775807, 0, 9223372036799755807
3, 3669, 0, 9223372036854775807, 0, 9223372036799740807
3, 367, 0, 9223372036854775807, 0, 9223372036849270807
3, 3670, 0, 9223372036854775807, 0, 9223372036799725807
3, 3671, 0, 9223372036854775807, 0, 9223372036799710807
3, 3672, 0, 9223372036854775807, 0, 9223372036799695807
3, 3673, 0, 9223372036854775807, 0, 9223372036799680807
3, 3674, 0, 9223372036854775807, 0, 9223372036799665807
3, 3675, 0, 9223372036854775807, 0, 9223372036799650807
3, 3676, 0, 9223372036854775807, 0, 9223372036799635807
3, 3677, 0, 9223372036854775807, 0, 9223372036799620807
3, 3678, 0, 9223372036854775807, 0, 9223372036799605807
3, 3679, 0, 9223372036854775807, 0, 9223372036799590807
3, 368, 0, 9223372036854775807, 0, 9223372036849255807
3, 3680, 0, 9223372036854775807, 0, 9223372036799575807
3, 3681, 0, 9223372036854775807, 0, 9223372036799560807
3, 3682, 0, 9223372036854775807, 0, 9223372036799545807
3, 3683, 0, 9223372036854775807, 0, 9223372036799530807
3, 3684, 0, 9223372036854775807, 0, 9223372036799515807
3, 3685, 0, 9223372036854775807, 0, 9223372036799500807
3, 3686, 0, 9223372036854775807, 0, 9223372036799485807
3, 3687, 0, 9223372036854775807, 0, 9223372036799470807
3, 3688, 0, 9223372036854775807, 0, 9223372036799455807
3, 3689, 0, 9223372036854775807, 0, 9223372036799440807
3, 369, 0, 9223372036854775807, 0, 9223372036849240807
3, 3690, 0, 9223372036854775807, 0, 9223372036799425807
3, 3691, 0, 9223372036854775807, 0, 9223372036799410807
3, 3692, 0, 9223372036854775807, 0, 9223372036799395807
3, 3693, 0, 9223372036854775807, 0, 9223372036799380807
3, 3694, 0, 9223372036854775807, 0, 9223372036799365807
3, 3695, 0, 9223372036854775807, 0, 9223372036799350807
3, 3696, 0, 9223372036854775807, 0, 9223372036799335807
3, 3697, 0, 9223372036854775807, 0, 9223372036799320807
3, 3698, 0, 9223372036854775807, 0, 9223372036799305807
3, 3699, 0, 9223372036854775807, 0, 9223372036799290807
3, 37, 0, 9223372036854775807, 0, 9223372036854220807
3, 370, 0, 9223372036854775807, 0, 9223372036849225807
3, 3700, 0, 9223372036854775807, 0, 9223372036799275807
3, 3701, 0, 9223372036854775807, 0, 9223372036799260807
3, 3702, 0, 9223372036854775807, 0, 9223372036799245807
3, 3703, 0, 9223372036854775807, 0, 9223372036799230807
3, 3704, 0, 9223372036854775807, 0, 9223372036799215807
3, 3705, 0, 9223372036854775807, 0, 9223372036799200807
3, 3706, 0, 9223372036854775807, 0, 9223372036799185807
3, 3707, 0, 9223372036854775807, 0, 9223372036799170807
3, 3708, 0, 9223372036854775807, 0, 9223372036799155807
3, 3709, 0, 9223372036854775807, 0, 9223372036799140807
3, 371, 0, 9223372036854775807, 0, 9223372036849210807
3, 3710, 0, 9223372036854775807, 0, 9223372036799125807
3, 3711, 0, 9223372036854775807, 0, 9223372036799110807
3, 3712, 0, 9223372036854775807, 0, 9223372036799095807
3, 3713, 0, 9223372036854775807, 0, 9223372036799080807
3, 3714, 0, 9223372036854775807, 0, 9223372036799065807
3, 3715, 0, 9223372036854775807, 0, 9223372036799050807
3, 3716, 0, 9223372036854775807, 0, 9223372036799035807
3, 3717, 0, 9223372036854775807, 0, 9223372036799020807
3, 3718, 0, 9223372036854775807, 0, 9223372036799005807
3, 3719, 0, 9223372036854775807, 0, 9223372036798990807
3, 372, 0, 9223372036854775807, 0, 9223372036849195807
3, 3720, 0, 9223372036854775807, 0, 9223372036798975807
3, 3721, 0, 9223372036854775807, 0, 9223372036798960807
3, 3722, 0, 9223372036854775807, 0, 9223372036798945807
3, 3723, 0, 9223372036854775807, 0, 9223372036798930807
3, 3724, 0, 9223372036854775807, 0, 9223372036798915807
3, 3725, 0, 9223372036854775807, 0, 9223372036798900807
3, 3726, 0, 9223372036854775807, 0, 9223372036798885807
3, 3727, 0, 9223372036854775807, 0, 9223372036798870807
3, 3728, 0, 9223372036854775807, 0, 9223372036798855807
3, 3729, 0, 9223372036854775807, 0, 9223372036798840807
3, 373, 0, 9223372036854775807, 0, 9223372036849180807
3, 3730, 0, 9223372036854775807, 0, 9223372036798825807
3, 3731, 0, 9223372036854775807, 0, 9223372036798810807
3, 3732, 0, 9223372036854775807, 0, 9223372036798795807
3, 3733, 0, 9223372036854775807, 0, 9223372036798780807
3, 3734, 0, 9223372036854775807, 0, 9223372036798765807
3, 3735, 0, 9223372036854775807, 0, 9223372036798750807
3, 3736, 0, 9223372036854775807, 0, 9223372036798735807
3, 3737, 0, 9223372036854775807, 0, 9223372036798720807
3, 3738, 0, 9223372036854775807, 0, 9223372036798705807
3, 3739, 0, 9223372036854775807, 0, 9223372036798690807
3, 374, 0, 9223372036854775807, 0, 9223372036849165807
3, 3740, 0, 9223372036854775807, 0, 9223372036798675807
3, 3741, 0, 9223372036854775807, 0, 9223372036798660807
3, 3742, 0, 9223372036854775807, 0, 9223372036798645807
3, 3743, 0, 9223372036854775807, 0, 9223372036798630807
3, 3744, 0, 9223372036854775807, 0, 9223372036798615807
3, 3745, 0, 9223372036854775807, 0, 9223372036798600807
3, 3746, 0, 9223372036854775807, 0, 9223372036798585807
3, 3747, 0, 9223372036854775807, 0, 9223372036798570807
3, 3748, 0, 9223372036854775807, 0, 9223372036798555807
3, 3749, 0, 9223372036854775807, 0, 9223372036798540807
3, 375, 0, 9223372036854775807, 0, 9223372036849150807
3, 3750, 0, 9223372036854775807, 0, 9223372036798525807
3, 3751, 0, 9223372036854775807, 0, 9223372036798510807
3, 3752, 0, 9223372036854775807, 0, 9223372036798495807
3, 3753, 0, 9223372036854775807, 0, 9223372036798480807
3, 3754, 0, 9223372036854775807, 0, 9223372036798465807
3, 3755, 0, 9223372036854775807, 0, 9223372036798450807
3, 3756, 0, 9223372036854775807, 0, 9223372036798435807
3, 3757, 0, 9223372036854775807, 0, 9223372036798420807
3, 3758, 0, 9223372036854775807, 0, 9223372036798405807
3, 3759, 0, 9223372036854775807, 0, 9223372036798390807
3, 376, 0, 9223372036854775807, 0, 9223372036849135807
3, 3760, 0, 9223372036854775807, 0, 9223372036798375807
3, 3761, 0, 9223372036854775807, 0, 9223372036798360807
3, 3762, 0, 9223372036854775807, 0, 9223372036798345807
3, 3763, 0, 9223372036854775807, 0, 9223372036798330807
3, 3764, 0, 9223372036854775807, 0, 9223372036798315807
3, 3765, 0, 9223372036854775807, 0, 9223372036798300807
3, 3766, 0, 9223372036854775807, 0, 9223372036798285807
3, 3767, 0, 9223372036854775807, 0, 9223372036798270807
3, 3768, 0, 9223372036854775807, 0, 9223372036798255807
3, 3769, 0, 9223372036854775807, 0, 9223372036798240807
3, 377, 0, 9223372036854775807, 0, 9223372036849120807
3, 3770, 0, 9223372036854775807, 0, 9223372036798225807
3, 3771, 0, 9223372036854775807, 0, 9223372036798210807
3, 3772, 0, 9223372036854775807, 0, 9223372036798195807
3, 3773, 0, 9223372036854775807, 0, 9223372036798180807
3, 3774, 0, 9223372036854775807, 0, 9223372036798165807
3, 3775, 0, 9223372036854775807, 0, 9223372036798150807
3, 3776, 0, 9223372036854775807, 0, 9223372036798135807
3, 3777, 0, 9223372036854775807, 0, 9223372036798120807
3, 3778, 0, 9223372036854775807, 0, 9223372036798105807
3, 3779, 0, 9223372036854775807, 0, 9223372036798090807
3, 378, 0, 9223372036854775807, 0, 9223372036849105807
3, 3780, 0, 9223372036854775807, 0, 9223372036798075807
3, 3781, 0, 9223372036854775807, 0, 9223372036798060807
3, 3782, 0, 9223372036854775807, 0, 9223372036798045807
3, 3783, 0, 9223372036854775807, 0, 9223372036798030807
3, 3784, 0, 9223372036854775807, 0, 9223372036798015807
3, 3785, 0, 9223372036854775807, 0, 9223372036798000807
3, 3786, 0, 9223372036854775807, 0, 9223372036797985807
3, 3787, 0, 9223372036854775807, 0, 9223372036797970807
3, 3788, 0, 9223372036854775807, 0, 9223372036797955807
3, 3789, 0, 9223372036854775807, 0, 9223372036797940807
3, 379, 0, 9223372036854775807, 0, 9223372036849090807
3, 3790, 0, 9223372036854775807, 0, 9223372036797925807
3, 3791, 0, 9223372036854775807, 0, 9223372036797910807
3, 3792, 0, 9223372036854775807, 0, 9223372036797895807
3, 3793, 0, 9223372036854775807, 0, 9223372036797880807
3, 3794, 0, 9223372036854775807, 0, 9223372036797865807
3, 3795, 0, 9223372036854775807, 0, 9223372036797850807
3, 3796, 0, 9223372036854775807, 0, 9223372036797835807
3, 3797, 0, 9223372036854775807, 0, 9223372036797820807
3, 3798, 0, 9223372036854775807, 0, 9223372036797805807
3, 3799, 0, 9223372036854775807, 0, 9223372036797790807
3, 38, 0, 9223372036854775807, 0, 9223372036854205807
3, 380, 0, 9223372036854775807, 0, 9223372036849075807
3, 3800, 0, 9223372036854775807, 0, 9223372036797775807
3, 3801, 0, 9223372036854775807, 0, 9223372036797760807
3, 3802, 0, 9223372036854775807, 0, 9223372036797745807
3, 3803, 0, 9223372036854775807, 0, 9223372036797730807
3, 3804, 0, 9223372036854775807, 0, 9223372036797715807
3, 3805, 0, 9223372036854775807, 0, 9223372036797700807
3, 3806, 0, 9223372036854775807, 0, 9223372036797685807
3, 3807, 0, 9223372036854775807, 0, 9223372036797670807
3, 3808, 0, 9223372036854775807, 0, 9223372036797655807
3, 3809, 0, 9223372036854775807, 0, 9223372036797640807
3, 381, 0, 9223372036854775807, 0, 9223372036849060807
3, 3810, 0, 9223372036854775807, 0, 9223372036797625807
3, 3811, 0, 9223372036854775807, 0, 9223372036797610807
3, 3812, 0, 9223372036854775807, 0, 9223372036797595807
3, 3813, 0, 9223372036854775807, 0, 9223372036797580807
3, 3814, 0, 9223372036854775807, 0, 9223372036797565807
3, 3815, 0, 9223372036854775807, 0, 9223372036797550807
3, 3816, 0, 9223372036854775807, 0, 9223372036797535807
3, 3817, 0, 9223372036854775807, 0, 9223372036797520807
3, 3818, 0, 9223372036854775807, 0, 9223372036797505807
3, 3819, 0, 9223372036854775807, 0, 9223372036797490807
3, 382, 0, 9223372036854775807, 0, 9223372036849045807
3, 3820, 0, 9223372036854775807, 0, 9223372036797475807
3, 3821, 0, 9223372036854775807, 0, 9223372036797460807
3, 3822, 0, 9223372036854775807, 0, 9223372036797445807
3, 3823, 0, 9223372036854775807, 0, 9223372036797430807
3, 3824, 0, 9223372036854775807, 0, 9223372036797415807
3, 3825, 0, 9223372036854775807, 0, 9223372036797400807
3, 3826, 0, 9223372036854775807, 0, 9223372036797385807
3, 3827, 0, 9223372036854775807, 0, 9223372036797370807
3, 3828, 0, 9223372036854775807, 0, 9223372036797355807
3, 3829, 0, 9223372036854775807, 0, 9223372036797340807
3, 383, 0, 9223372036854775807, 0, 9223372036849030807
3, 3830, 0, 9223372036854775807, 0, 9223372036797325807
3, 3831, 0, 9223372036854775807, 0, 9223372036797310807
3, 3832, 0, 9223372036854775807, 0, 9223372036797295807
3, 3833, 0, 9223372036854775807, 0, 9223372036797280807
3, 3834, 0, 9223372036854775807, 0, 9223372036797265807
3, 3835, 0, 9223372036854775807, 0, 9223372036797250807
3, 3836, 0, 9223372036854775807, 0, 9223372036797235807
3, 3837, 0, 9223372036854775807, 0, 9223372036797220807
3, 3838, 0, 9223372036854775807, 0, 9223372036797205807
3, 3839, 0, 9223372036854775807, 0, 9223372036797190807
3, 384, 0, 9223372036854775807, 0, 9223372036849015807
3, 3840, 0, 9223372036854775807, 0, 9223372036797175807
3, 3841, 0, 9223372036854775807, 0, 9223372036797160807
3, 3842, 0, 9223372036854775807, 0, 9223372036797145807
3, 3843, 0, 9223372036854775807, 0, 9223372036797130807
3, 3844, 0, 9223372036854775807, 0, 9223372036797115807
3, 3845, 0, 9223372036854775807, 0, 9223372036797100807
3, 3846, 0, 9223372036854775807, 0, 9223372036797085807
3, 3847, 0, 9223372036854775807, 0, 9223372036797070807
3, 3848, 0, 9223372036854775807, 0, 9223372036797055807
3, 3849, 0, 9223372036854775807, 0, 9223372036797040807
3, 385, 0, 9223372036854775807, 0, 9223372036849000807
3, 3850, 0, 9223372036854775807, 0, 9223372036797025807
3, 3851, 0, 9223372036854775807, 0, 9223372036797010807
3, 3852, 0, 9223372036854775807, 0, 9223372036796995807
3, 3853, 0, 9223372036854775807, 0, 9223372036796980807
3, 3854, 0, 9223372036854775807, 0, 9223372036796965807
3, 3855, 0, 9223372036854775807, 0, 9223372036796950807
3, 3856, 0, 9223372036854775807, 0, 9223372036796935807
3, 3857, 0, 9223372036854775807, 0, 9223372036796920807
3, 3858, 0, 9223372036854775807, 0, 9223372036796905807
3, 3859, 0, 9223372036854775807, 0, 9223372036796890807
3, 386, 0, 9223372036854775807, 0, 9223372036848985807
3, 3860, 0, 9223372036854775807, 0, 9223372036796875807
3, 3861, 0, 9223372036854775807, 0, 9223372036796860807
3, 3862, 0, 9223372036854775807, 0, 9223372036796845807
3, 3863, 0, 9223372036854775807, 0, 9223372036796830807
3, 3864, 0, 9223372036854775807, 0, 9223372036796815807
3, 3865, 0, 9223372036854775807, 0, 9223372036796800807
3, 3866, 0, 9223372036854775807, 0, 9223372036796785807
3, 3867, 0, 9223372036854775807, 0, 9223372036796770807
3, 3868, 0, 9223372036854775807, 0, 9223372036796755807
3, 3869, 0, 9223372036854775807, 0, 9223372036796740807
3, 387, 0, 9223372036854775807, 0, 9223372036848970807
3, 3870, 0, 9223372036854775807, 0, 9223372036796725807
3, 3871, 0, 9223372036854775807, 0, 9223372036796710807
3, 3872, 0, 9223372036854775807, 0, 9223372036796695807
3, 3873, 0, 9223372036854775807, 0, 9223372036796680807
3, 3874, 0, 9223372036854775807, 0, 9223372036796665807
3, 3875, 0, 9223372036854775807, 0, 9223372036796650807
3, 3876, 0, 9223372036854775807, 0, 9223372036796635807
3, 3877, 0, 9223372036854775807, 0, 9223372036796620807
3, 3878, 0, 9223372036854775807, 0, 9223372036796605807
3, 3879, 0, 9223372036854775807, 0, 9223372036796590807
3, 388, 0, 9223372036854775807, 0, 9223372036848955807
3, 3880, 0, 9223372036854775807, 0, 9223372036796575807
3, 3881, 0, 9223372036854775807, 0, 9223372036796560807
3, 3882, 0, 9223372036854775807, 0, 9223372036796545807
3, 3883, 0, 9223372036854775807, 0, 9223372036796530807
3, 3884, 0, 9223372036854775807, 0, 9223372036796515807
3, 3885, 0, 9223372036854775807, 0, 9223372036796500807
3, 3886, 0, 9223372036854775807, 0, 9223372036796485807
3, 3887, 0, 9223372036854775807, 0, 9223372036796470807
3, 3888, 0, 9223372036854775807, 0, 9223372036796455807
3, 3889, 0, 9223372036854775807, 0, 9223372036796440807
3, 389, 0, 9223372036854775807, 0, 9223372036848940807
3, 3890, 0, 9223372036854775807, 0, 9223372036796425807
3, 3891, 0, 9223372036854775807, 0, 9223372036796410807
3, 3892, 0, 9223372036854775807, 0, 9223372036796395807
3, 3893, 0, 9223372036854775807, 0, 9223372036796380807
3, 3894, 0, 9223372036854775807, 0, 9223372036796365807
3, 3895, 0, 9223372036854775807, 0, 9223372036796350807
3, 3896, 0, 9223372036854775807, 0, 9223372036796335807
3, 3897, 0, 9223372036854775807, 0, 9223372036796320807
3, 3898, 0, 9223372036854775807, 0, 9223372036796305807
3, 3899, 0, 9223372036854775807, 0, 9223372036796290807
3, 39, 0, 9223372036854775807, 0, 9223372036854190807
3, 390, 0, 9223372036854775807, 0, 9223372036848925807
3, 3900, 0, 9223372036854775807, 0, 9223372036796275807
3, 3901, 0, 9223372036854775807, 0, 9223372036796260807
3, 3902, 0, 9223372036854775807, 0, 9223372036796245807
3, 3903, 0, 9223372036854775807, 0, 9223372036796230807
3, 3904, 0, 9223372036854775807, 0, 9223372036796215807
3, 3905, 0, 9223372036854775807, 0, 9223372036796200807
3, 3906, 0, 9223372036854775807, 0, 9223372036796185807
3, 3907, 0, 9223372036854775807, 0, 9223372036796170807
3, 3908, 0, 9223372036854775807, 0, 9223372036796155807
3, 3909, 0, 9223372036854775807, 0, 9223372036796140807
3, 391, 0, 9223372036854775807, 0, 9223372036848910807
3, 3910, 0, 9223372036854775807, 0, 9223372036796125807
3, 3911, 0, 9223372036854775807, 0, 9223372036796110807
3, 3912, 0, 9223372036854775807, 0, 9223372036796095807
3, 3913, 0, 9223372036854775807, 0, 9223372036796080807
3, 3914, 0, 9223372036854775807, 0, 9223372036796065807
3, 3915, 0, 9223372036854775807, 0, 9223372036796050807
3, 3916, 0, 9223372036854775807, 0, 9223372036796035807
3, 3917, 0, 9223372036854775807, 0, 9223372036796020807
3, 3918, 0, 9223372036854775807, 0, 9223372036796005807
3, 3919, 0, 9223372036854775807, 0, 9223372036795990807
3, 392, 0, 9223372036854775807, 0, 9223372036848895807
3, 3920, 0, 9223372036854775807, 0, 9223372036795975807
3, 3921, 0, 9223372036854775807, 0, 9223372036795960807
3, 3922, 0, 9223372036854775807, 0, 9223372036795945807
3, 3923, 0, 9223372036854775807, 0, 9223372036795930807
3, 3924, 0, 9223372036854775807, 0, 9223372036795915807
3, 3925, 0, 9223372036854775807, 0, 9223372036795900807
3, 3926, 0, 9223372036854775807, 0, 9223372036795885807
3, 3927, 0, 9223372036854775807, 0, 9223372036795870807
3, 3928, 0, 9223372036854775807, 0, 9223372036795855807
3, 3929, 0, 9223372036854775807, 0, 9223372036795840807
3, 393, 0, 9223372036854775807, 0, 9223372036848880807
3, 3930, 0, 9223372036854775807, 0, 9223372036795825807
3, 3931, 0, 9223372036854775807, 0, 9223372036795810807
3, 3932, 0, 9223372036854775807, 0, 9223372036795795807
3, 3933, 0, 9223372036854775807, 0, 9223372036795780807
3, 3934, 0, 9223372036854775807, 0, 9223372036795765807
3, 3935, 0, 9223372036854775807, 0, 9223372036795750807
3, 3936, 0, 9223372036854775807, 0, 9223372036795735807
3, 3937, 0, 9223372036854775807, 0, 9223372036795720807
3, 3938, 0, 9223372036854775807, 0, 9223372036795705807
3, 3939, 0, 9223372036854775807, 0, 9223372036795690807
3, 394, 0, 9223372036854775807, 0, 9223372036848865807
3, 3940, 0, 9223372036854775807, 0, 9223372036795675807
3, 3941, 0, 9223372036854775807, 0, 9223372036795660807
3, 3942, 0, 9223372036854775807, 0, 9223372036795645807
3, 3943, 0, 9223372036854775807, 0, 9223372036795630807
3, 3944, 0, 9223372036854775807, 0, 9223372036795615807
3, 3945, 0, 9223372036854775807, 0, 9223372036795600807
3, 3946, 0, 9223372036854775807, 0, 9223372036795585807
3, 3947, 0, 9223372036854775807, 0, 9223372036795570807
3, 3948, 0, 9223372036854775807, 0, 9223372036795555807
3, 3949, 0, 9223372036854775807, 0, 9223372036795540807
3, 395, 0, 9223372036854775807, 0, 9223372036848850807
3, 3950, 0, 9223372036854775807, 0, 9223372036795525807
3, 3951, 0, 9223372036854775807, 0, 9223372036795510807
3, 3952, 0, 9223372036854775807, 0, 9223372036795495807
3, 3953, 0, 9223372036854775807, 0, 9223372036795480807
3, 3954, 0, 9223372036854775807, 0, 9223372036795465807
3, 3955, 0, 9223372036854775807, 0, 9223372036795450807
3, 3956, 0, 9223372036854775807, 0, 9223372036795435807
3, 3957, 0, 9223372036854775807, 0, 9223372036795420807
3, 3958, 0, 9223372036854775807, 0, 9223372036795405807
3, 3959, 0, 9223372036854775807, 0, 9223372036795390807
3, 396, 0, 9223372036854775807, 0, 9223372036848835807
3, 3960, 0, 9223372036854775807, 0, 9223372036795375807
3, 3961, 0, 9223372036854775807, 0, 9223372036795360807
3, 3962, 0, 9223372036854775807, 0, 9223372036795345807
3, 3963, 0, 9223372036854775807, 0, 9223372036795330807
3, 3964, 0, 9223372036854775807, 0, 9223372036795315807
3, 3965, 0, 9223372036854775807, 0, 9223372036795300807
3, 3966, 0, 9223372036854775807, 0, 9223372036795285807
3, 3967, 0, 9223372036854775807, 0, 9223372036795270807
3, 3968, 0, 9223372036854775807, 0, 9223372036795255807
3, 3969, 0, 9223372036854775807, 0, 9223372036795240807
3, 397, 0, 9223372036854775807, 0, 9223372036848820807
3, 3970, 0, 9223372036854775807, 0, 9223372036795225807
3, 3971, 0, 9223372036854775807, 0, 9223372036795210807
3, 3972, 0, 9223372036854775807, 0, 9223372036795195807
3, 3973, 0, 9223372036854775807, 0, 9223372036795180807
3, 3974, 0, 9223372036854775807, 0, 9223372036795165807
3, 3975, 0, 9223372036854775807, 0, 9223372036795150807
3, 3976, 0, 9223372036854775807, 0, 9223372036795135807
3, 3977, 0, 9223372036854775807, 0, 9223372036795120807
3, 3978, 0, 9223372036854775807, 0, 9223372036795105807
3, 3979, 0, 9223372036854775807, 0, 9223372036795090807
3, 398, 0, 9223372036854775807, 0, 9223372036848805807
3, 3980, 0, 9223372036854775807, 0, 9223372036795075807
3, 3981, 0, 9223372036854775807, 0, 9223372036795060807
3, 3982, 0, 9223372036854775807, 0, 9223372036795045807
3, 3983, 0, 9223372036854775807, 0, 9223372036795030807
3, 3984, 0, 9223372036854775807, 0, 9223372036795015807
3, 3985, 0, 9223372036854775807, 0, 9223372036795000807
3, 3986, 0, 9223372036854775807, 0, 9223372036794985807
3, 3987, 0, 9223372036854775807, 0, 9223372036794970807
3, 3988, 0, 9223372036854775807, 0, 9223372036794955807
3, 3989, 0, 9223372036854775807, 0, 9223372036794940807
3, 399, 0, 9223372036854775807, 0, 9223372036848790807
3, 3990, 0, 9223372036854775807, 0, 9223372036794925807
3, 3991, 0, 9223372036854775807, 0, 9223372036794910807
3, 3992, 0, 9223372036854775807, 0, 9223372036794895807
3, 3993, 0, 9223372036854775807, 0, 9223372036794880807
3, 3994, 0, 9223372036854775807, 0, 9223372036794865807
3, 3995, 0, 9223372036854775807, 0, 9223372036794850807
3, 3996, 0, 9223372036854775807, 0, 9223372036794835807
3, 3997, 0, 9223372036854775807, 0, 9223372036794820807
3, 3998, 0, 9223372036854775807, 0, 9223372036794805807
3, 3999, 0, 9223372036854775807, 0, 9223372036794790807
3, 4, 0, 9223372036854775807, 0, 9223372036854715807
3, 40, 0, 9223372036854775807, 0, 9223372036854175807
3, 400, 0, 9223372036854775807, 0, 9223372036848775807
3, 4000, 0, 9223372036854775807, 0, 9223372036794775807
3, 4001, 0, 9223372036854775807, 0, 9223372036794760807
3, 4002, 0, 9223372036854775807, 0, 9223372036794745807
3, 4003, 0, 9223372036854775807, 0, 9223372036794730807
3, 4004, 0, 9223372036854775807, 0, 9223372036794715807
3, 4005, 0, 9223372036854775807, 0, 9223372036794700807
3, 4006, 0, 9223372036854775807, 0, 9223372036794685807
3, 4007, 0, 9223372036854775807, 0, 9223372036794670807
3, 4008, 0, 9223372036854775807, 0, 9223372036794655807
3, 4009, 0, 9223372036854775807, 0, 9223372036794640807
3, 401, 0, 9223372036854775807, 0, 9223372036848760807
3, 4010, 0, 9223372036854775807, 0, 9223372036794625807
3, 4011, 0, 9223372036854775807, 0, 9223372036794610807
3, 4012, 0, 9223372036854775807, 0, 9223372036794595807
3, 4013, 0, 9223372036854775807, 0, 9223372036794580807
3, 4014, 0, 9223372036854775807, 0, 9223372036794565807
3, 4015, 0, 9223372036854775807, 0, 9223372036794550807
3, 4016, 0, 9223372036854775807, 0, 9223372036794535807
3, 4017, 0, 9223372036854775807, 0, 9223372036794520807
3, 4018, 0, 9223372036854775807, 0, 9223372036794505807
3, 4019, 0, 9223372036854775807, 0, 9223372036794490807
3, 402, 0, 9223372036854775807, 0, 9223372036848745807
3, 4020, 0, 9223372036854775807, 0, 9223372036794475807
3, 4021, 0, 9223372036854775807, 0, 9223372036794460807
3, 4022, 0, 9223372036854775807, 0, 9223372036794445807
3, 4023, 0, 9223372036854775807, 0, 9223372036794430807
3, 4024, 0, 9223372036854775807, 0, 9223372036794415807
3, 4025, 0, 9223372036854775807, 0, 9223372036794400807
3, 4026, 0, 9223372036854775807, 0, 9223372036794385807
3, 4027, 0, 9223372036854775807, 0, 9223372036794370807
3, 4028, 0, 9223372036854775807, 0, 9223372036794355807
3, 4029, 0, 9223372036854775807, 0, 9223372036794340807
3, 403, 0, 9223372036854775807, 0, 9223372036848730807
3, 4030, 0, 9223372036854775807, 0, 9223372036794325807
3, 4031, 0, 9223372036854775807, 0, 9223372036794310807
3, 4032, 0, 9223372036854775807, 0, 9223372036794295807
3, 4033, 0, 9223372036854775807, 0, 9223372036794280807
3, 4034, 0, 9223372036854775807, 0, 9223372036794265807
3, 4035, 0, 9223372036854775807, 0, 9223372036794250807
3, 4036, 0, 9223372036854775807, 0, 9223372036794235807
3, 4037, 0, 9223372036854775807, 0, 9223372036794220807
3, 4038, 0, 9223372036854775807, 0, 9223372036794205807
3, 4039, 0, 9223372036854775807, 0, 9223372036794190807
3, 404, 0, 9223372036854775807, 0, 9223372036848715807
3, 4040, 0, 9223372036854775807, 0, 9223372036794175807
3, 4041, 0, 9223372036854775807, 0, 9223372036794160807
3, 4042, 0, 9223372036854775807, 0, 9223372036794145807
3, 4043, 0, 9223372036854775807, 0, 9223372036794130807
3, 4044, 0, 9223372036854775807, 0, 9223372036794115807
3, 4045, 0, 9223372036854775807, 0, 9223372036794100807
3, 4046, 0, 9223372036854775807, 0, 9223372036794085807
3, 4047, 0, 9223372036854775807, 0, 9223372036794070807
3, 4048, 0, 9223372036854775807, 0, 9223372036794055807
3, 4049, 0, 9223372036854775807, 0, 9223372036794040807
3, 405, 0, 9223372036854775807, 0, 9223372036848700807
3, 4050, 0, 9223372036854775807, 0, 9223372036794025807
3, 4051, 0, 9223372036854775807, 0, 9223372036794010807
3, 4052, 0, 9223372036854775807, 0, 9223372036793995807
3, 4053, 0, 9223372036854775807, 0, 9223372036793980807
3, 4054, 0, 9223372036854775807, 0, 9223372036793965807
3, 4055, 0, 9223372036854775807, 0, 9223372036793950807
3, 4056, 0, 9223372036854775807, 0, 9223372036793935807
3, 4057, 0, 9223372036854775807, 0, 9223372036793920807
3, 4058, 0, 9223372036854775807, 0, 9223372036793905807
3, 4059, 0, 9223372036854775807, 0, 9223372036793890807
3, 406, 0, 9223372036854775807, 0, 9223372036848685807
3, 4060, 0, 9223372036854775807, 0, 9223372036793875807
3, 4061, 0, 9223372036854775807, 0, 9223372036793860807
3, 4062, 0, 9223372036854775807, 0, 9223372036793845807
3, 4063, 0, 9223372036854775807, 0, 9223372036793830807
3, 4064, 0, 9223372036854775807, 0, 9223372036793815807
3, 4065, 0, 9223372036854775807, 0, 9223372036793800807
3, 4066, 0, 9223372036854775807, 0, 9223372036793785807
3, 4067, 0, 9223372036854775807, 0, 9223372036793770807
3, 4068, 0, 9223372036854775807, 0, 9223372036793755807
3, 4069, 0, 9223372036854775807, 0, 9223372036793740807
3, 407, 0, 9223372036854775807, 0, 9223372036848670807
3, 4070, 0, 9223372036854775807, 0, 9223372036793725807
3, 4071, 0, 9223372036854775807, 0, 9223372036793710807
3, 4072, 0, 9223372036854775807, 0, 9223372036793695807
3, 4073, 0, 9223372036854775807, 0, 9223372036793680807
3, 4074, 0, 9223372036854775807, 0, 9223372036793665807
3, 4075, 0, 9223372036854775807, 0, 9223372036793650807
3, 4076, 0, 9223372036854775807, 0, 9223372036793635807
3, 4077, 0, 9223372036854775807, 0, 9223372036793620807
3, 4078, 0, 9223372036854775807, 0, 9223372036793605807
3, 4079, 0, 9223372036854775807, 0, 9223372036793590807
3, 408, 0, 9223372036854775807, 0, 9223372036848655807
3, 4080, 0, 9223372036854775807, 0, 9223372036793575807
3, 4081, 0, 9223372036854775807, 0, 9223372036793560807
3, 4082, 0, 9223372036854775807, 0, 9223372036793545807
3, 4083, 0, 9223372036854775807, 0, 9223372036793530807
3, 4084, 0, 9223372036854775807, 0, 9223372036793515807
3, 4085, 0, 9223372036854775807, 0, 9223372036793500807
3, 4086, 0, 9223372036854775807, 0, 9223372036793485807
3, 4087, 0, 9223372036854775807, 0, 9223372036793470807
3, 4088, 0, 9223372036854775807, 0, 9223372036793455807
3, 4089, 0, 9223372036854775807, 0, 9223372036793440807
3, 409, 0, 9223372036854775807, 0, 9223372036848640807
3, 4090, 0, 9223372036854775807, 0, 9223372036793425807
3, 4091, 0, 9223372036854775807, 0, 9223372036793410807
3, 4092, 0, 9223372036854775807, 0, 9223372036793395807
3, 4093, 0, 9223372036854775807, 0, 9223372036793380807
3, 4094, 0, 9223372036854775807, 0, 9223372036793365807
3, 4095, 0, 9223372036854775807, 0, 9223372036793350807
3, 4096, 0, 9223372036854775807, 0, 9223372036793335807
3, 4097, 0, 9223372036854775807, 0, 9223372036793320807
3, 4098, 0, 9223372036854775807, 0, 9223372036793305807
3, 4099, 0, 9223372036854775807, 0, 9223372036793290807
3, 41, 0, 9223372036854775807, 0, 9223372036854160807
3, 410, 0, 9223372036854775807, 0, 9223372036848625807
3, 4100, 0, 9223372036854775807, 0, 9223372036793275807
3, 4101, 0, 9223372036854775807, 0, 9223372036793260807
3, 4102, 0, 9223372036854775807, 0, 9223372036793245807
3, 4103, 0, 9223372036854775807, 0, 9223372036793230807
3, 4104, 0, 9223372036854775807, 0, 9223372036793215807
3, 4105, 0, 9223372036854775807, 0, 9223372036793200807
3, 4106, 0, 9223372036854775807, 0, 9223372036793185807
3, 4107, 0, 9223372036854775807, 0, 9223372036793170807
3, 4108, 0, 9223372036854775807, 0, 9223372036793155807
3, 4109, 0, 9223372036854775807, 0, 9223372036793140807
3, 411, 0, 9223372036854775807, 0, 9223372036848610807
3, 4110, 0, 9223372036854775807, 0, 9223372036793125807
3, 4111, 0, 9223372036854775807, 0, 9223372036793110807
3, 4112, 0, 9223372036854775807, 0, 9223372036793095807
3, 4113, 0, 9223372036854775807, 0, 9223372036793080807
3, 4114, 0, 9223372036854775807, 0, 9223372036793065807
3, 4115, 0, 9223372036854775807, 0, 9223372036793050807
3, 4116, 0, 9223372036854775807, 0, 9223372036793035807
3, 4117, 0, 9223372036854775807, 0, 9223372036793020807
3, 4118, 0, 9223372036854775807, 0, 9223372036793005807
3, 4119, 0, 9223372036854775807, 0, 9223372036792990807
3, 412, 0, 9223372036854775807, 0, 9223372036848595807
3, 4120, 0, 9223372036854775807, 0, 9223372036792975807
3, 4121, 0, 9223372036854775807, 0, 9223372036792960807
3, 4122, 0, 9223372036854775807, 0, 9223372036792945807
3, 4123, 0, 9223372036854775807, 0, 9223372036792930807
3, 4124, 0, 9223372036854775807, 0, 9223372036792915807
3, 4125, 0, 9223372036854775807, 0, 9223372036792900807
3, 4126, 0, 9223372036854775807, 0, 9223372036792885807
3, 4127, 0, 9223372036854775807, 0, 9223372036792870807
3, 4128, 0, 9223372036854775807, 0, 9223372036792855807
3, 4129, 0, 9223372036854775807, 0, 9223372036792840807
3, 413, 0, 9223372036854775807, 0, 9223372036848580807
3, 4130, 0, 9223372036854775807, 0, 9223372036792825807
3, 4131, 0, 9223372036854775807, 0, 9223372036792810807
3, 4132, 0, 9223372036854775807, 0, 9223372036792795807
3, 4133, 0, 9223372036854775807, 0, 9223372036792780807
3, 4134, 0, 9223372036854775807, 0, 9223372036792765807
3, 4135, 0, 9223372036854775807, 0, 9223372036792750807
3, 4136, 0, 9223372036854775807, 0, 9223372036792735807
3, 4137, 0, 9223372036854775807, 0, 9223372036792720807
3, 4138, 0, 9223372036854775807, 0, 9223372036792705807
3, 4139, 0, 9223372036854775807, 0, 9223372036792690807
3, 414, 0, 9223372036854775807, 0, 9223372036848565807
3, 4140, 0, 9223372036854775807, 0, 9223372036792675807
3, 4141, 0, 9223372036854775807, 0, 9223372036792660807
3, 4142, 0, 9223372036854775807, 0, 9223372036792645807
3, 4143, 0, 9223372036854775807, 0, 9223372036792630807
3, 4144, 0, 9223372036854775807, 0, 9223372036792615807
3, 4145, 0, 9223372036854775807, 0, 9223372036792600807
3, 4146, 0, 9223372036854775807, 0, 9223372036792585807
3, 4147, 0, 9223372036854775807, 0, 9223372036792570807
3, 4148, 0, 9223372036854775807, 0, 9223372036792555807
3, 4149, 0, 9223372036854775807, 0, 9223372036792540807
3, 415, 0, 9223372036854775807, 0, 9223372036848550807
3, 4150, 0, 9223372036854775807, 0, 9223372036792525807
3, 4151, 0, 9223372036854775807, 0, 9223372036792510807
3, 4152, 0, 9223372036854775807, 0, 9223372036792495807
3, 4153, 0, 9223372036854775807, 0, 9223372036792480807
3, 4154, 0, 9223372036854775807, 0, 9223372036792465807
3, 4155, 0, 9223372036854775807, 0, 9223372036792450807
3, 4156, 0, 9223372036854775807, 0, 9223372036792435807
3, 4157, 0, 9223372036854775807, 0, 9223372036792420807
3, 4158, 0, 9223372036854775807, 0, 9223372036792405807
3, 4159, 0, 9223372036854775807, 0, 9223372036792390807
3, 416, 0, 9223372036854775807, 0, 9223372036848535807
3, 4160, 0, 9223372036854775807, 0, 9223372036792375807
3, 4161, 0, 9223372036854775807, 0, 9223372036792360807
3, 4162, 0, 9223372036854775807, 0, 9223372036792345807
3, 4163, 0, 9223372036854775807, 0, 9223372036792330807
3, 4164, 0, 9223372036854775807, 0, 9223372036792315807
3, 4165, 0, 9223372036854775807, 0, 9223372036792300807
3, 4166, 0, 9223372036854775807, 0, 9223372036792285807
3, 4167, 0, 9223372036854775807, 0, 9223372036792270807
3, 4168, 0, 9223372036854775807, 0, 9223372036792255807
3, 4169, 0, 9223372036854775807, 0, 9223372036792240807
3, 417, 0, 9223372036854775807, 0, 9223372036848520807
3, 4170, 0, 9223372036854775807, 0, 9223372036792225807
3, 4171, 0, 9223372036854775807, 0, 9223372036792210807
3, 4172, 0, 9223372036854775807, 0, 9223372036792195807
3, 4173, 0, 9223372036854775807, 0, 9223372036792180807
3, 4174, 0, 9223372036854775807, 0, 9223372036792165807
3, 4175, 0, 9223372036854775807, 0, 9223372036792150807
3, 4176, 0, 9223372036854775807, 0, 9223372036792135807
3, 4177, 0, 9223372036854775807, 0, 9223372036792120807
3, 4178, 0, 9223372036854775807, 0, 9223372036792105807
3, 4179, 0, 9223372036854775807, 0, 9223372036792090807
3, 418, 0, 9223372036854775807, 0, 9223372036848505807
3, 4180, 0, 9223372036854775807, 0, 9223372036792075807
3, 4181, 0, 9223372036854775807, 0, 9223372036792060807
3, 4182, 0, 9223372036854775807, 0, 9223372036792045807
3, 4183, 0, 9223372036854775807, 0, 9223372036792030807
3, 4184, 0, 9223372036854775807, 0, 9223372036792015807
3, 4185, 0, 9223372036854775807, 0, 9223372036792000807
3, 4186, 0, 9223372036854775807, 0, 9223372036791985807
3, 4187, 0, 9223372036854775807, 0, 9223372036791970807
3, 4188, 0, 9223372036854775807, 0, 9223372036791955807
3, 4189, 0, 9223372036854775807, 0, 9223372036791940807
3, 419, 0, 9223372036854775807, 0, 9223372036848490807
3, 4190, 0, 9223372036854775807, 0, 9223372036791925807
3, 4191, 0, 9223372036854775807, 0, 9223372036791910807
3, 4192, 0, 9223372036854775807, 0, 9223372036791895807
3, 4193, 0, 9223372036854775807, 0, 9223372036791880807
3, 4194, 0, 9223372036854775807, 0, 9223372036791865807
3, 4195, 0, 9223372036854775807, 0, 9223372036791850807
3, 4196, 0, 9223372036854775807, 0, 9223372036791835807
3, 4197, 0, 9223372036854775807, 0, 9223372036791820807
3, 4198, 0, 9223372036854775807, 0, 9223372036791805807
3, 4199, 0, 9223372036854775807, 0, 9223372036791790807
3, 42, 0, 9223372036854775807, 0, 9223372036854145807
3, 420, 0, 9223372036854775807, 0, 9223372036848475807
3, 4200, 0, 9223372036854775807, 0, 9223372036791775807
3, 4201, 0, 9223372036854775807, 0, 9223372036791760807
3, 4202, 0, 9223372036854775807, 0, 9223372036791745807
3, 4203, 0, 9223372036854775807, 0, 9223372036791730807
3, 4204, 0, 9223372036854775807, 0, 9223372036791715807
3, 4205, 0, 9223372036854775807, 0, 9223372036791700807
3, 4206, 0, 9223372036854775807, 0, 9223372036791685807
3, 4207, 0, 9223372036854775807, 0, 9223372036791670807
3, 4208, 0, 9223372036854775807, 0, 9223372036791655807
3, 4209, 0, 9223372036854775807, 0, 9223372036791640807
3, 421, 0, 9223372036854775807, 0, 9223372036848460807
3, 4210, 0, 9223372036854775807, 0, 9223372036791625807
3, 4211, 0, 9223372036854775807, 0, 9223372036791610807
3, 4212, 0, 9223372036854775807, 0, 9223372036791595807
3, 4213, 0, 9223372036854775807, 0, 9223372036791580807
3, 4214, 0, 9223372036854775807, 0, 9223372036791565807
3, 4215, 0, 9223372036854775807, 0, 9223372036791550807
3, 4216, 0, 9223372036854775807, 0, 9223372036791535807
3, 4217, 0, 9223372036854775807, 0, 9223372036791520807
3, 4218, 0, 9223372036854775807, 0, 9223372036791505807
3, 4219, 0, 9223372036854775807, 0, 9223372036791490807
3, 422, 0, 9223372036854775807, 0, 9223372036848445807
3, 4220, 0, 9223372036854775807, 0, 9223372036791475807
3, 4221, 0, 9223372036854775807, 0, 9223372036791460807
3, 4222, 0, 9223372036854775807, 0, 9223372036791445807
3, 4223, 0, 9223372036854775807, 0, 9223372036791430807
3, 4224, 0, 9223372036854775807, 0, 9223372036791415807
3, 4225, 0, 9223372036854775807, 0, 9223372036791400807
3, 4226, 0, 9223372036854775807, 0, 9223372036791385807
3, 4227, 0, 9223372036854775807, 0, 9223372036791370807
3, 4228, 0, 9223372036854775807, 0, 9223372036791355807
3, 4229, 0, 9223372036854775807, 0, 9223372036791340807
3, 423, 0, 9223372036854775807, 0, 9223372036848430807
3, 4230, 0, 9223372036854775807, 0, 9223372036791325807
3, 4231, 0, 9223372036854775807, 0, 9223372036791310807
3, 4232, 0, 9223372036854775807, 0, 9223372036791295807
3, 4233, 0, 9223372036854775807, 0, 9223372036791280807
3, 4234, 0, 9223372036854775807, 0, 9223372036791265807
3, 4235, 0, 9223372036854775807, 0, 9223372036791250807
3, 4236, 0, 9223372036854775807, 0, 9223372036791235807
3, 4237, 0, 9223372036854775807, 0, 9223372036791220807
3, 4238, 0, 9223372036854775807, 0, 9223372036791205807
3, 4239, 0, 9223372036854775807, 0, 9223372036791190807
3, 424, 0, 9223372036854775807, 0, 9223372036848415807
3, 4240, 0, 9223372036854775807, 0, 9223372036791175807
3, 4241, 0, 9223372036854775807, 0, 9223372036791160807
3, 4242, 0, 9223372036854775807, 0, 9223372036791145807
3, 4243, 0, 9223372036854775807, 0, 9223372036791130807
3, 4244, 0, 9223372036854775807, 0, 9223372036791115807
3, 4245, 0, 9223372036854775807, 0, 9223372036791100807
3, 4246, 0, 9223372036854775807, 0, 9223372036791085807
3, 4247, 0, 9223372036854775807, 0, 9223372036791070807
3, 4248, 0, 9223372036854775807, 0, 9223372036791055807
3, 4249, 0, 9223372036854775807, 0, 9223372036791040807
3, 425, 0, 9223372036854775807, 0, 9223372036848400807
3, 4250, 0, 9223372036854775807, 0, 9223372036791025807
3, 4251, 0, 9223372036854775807, 0, 9223372036791010807
3, 4252, 0, 9223372036854775807, 0, 9223372036790995807
3, 4253, 0, 9223372036854775807, 0, 9223372036790980807
3, 4254, 0, 9223372036854775807, 0, 9223372036790965807
3, 4255, 0, 9223372036854775807, 0, 9223372036790950807
3, 4256, 0, 9223372036854775807, 0, 9223372036790935807
3, 4257, 0, 9223372036854775807, 0, 9223372036790920807
3, 4258, 0, 9223372036854775807, 0, 9223372036790905807
3, 4259, 0, 9223372036854775807, 0, 9223372036790890807
3, 426, 0, 9223372036854775807, 0, 9223372036848385807
3, 4260, 0, 9223372036854775807, 0, 9223372036790875807
3, 4261, 0, 9223372036854775807, 0, 9223372036790860807
3, 4262, 0, 9223372036854775807, 0, 9223372036790845807
3, 4263, 0, 9223372036854775807, 0, 9223372036790830807
3, 4264, 0, 9223372036854775807, 0, 9223372036790815807
3, 4265, 0, 9223372036854775807, 0, 9223372036790800807
3, 4266, 0, 9223372036854775807, 0, 9223372036790785807
3, 4267, 0, 9223372036854775807, 0, 9223372036790770807
3, 4268, 0, 9223372036854775807, 0, 9223372036790755807
3, 4269, 0, 9223372036854775807, 0, 9223372036790740807
3, 427, 0, 9223372036854775807, 0, 9223372036848370807
3, 4270, 0, 9223372036854775807, 0, 9223372036790725807
3, 4271, 0, 9223372036854775807, 0, 9223372036790710807
3, 4272, 0, 9223372036854775807, 0, 9223372036790695807
3, 4273, 0, 9223372036854775807, 0, 9223372036790680807
3, 4274, 0, 9223372036854775807, 0, 9223372036790665807
3, 4275, 0, 9223372036854775807, 0, 9223372036790650807
3, 4276, 0, 9223372036854775807, 0, 9223372036790635807
3, 4277, 0, 9223372036854775807, 0, 9223372036790620807
3, 4278, 0, 9223372036854775807, 0, 9223372036790605807
3, 4279, 0, 9223372036854775807, 0, 9223372036790590807
3, 428, 0, 9223372036854775807, 0, 9223372036848355807
3, 4280, 0, 9223372036854775807, 0, 9223372036790575807
3, 4281, 0, 9223372036854775807, 0, 9223372036790560807
3, 4282, 0, 9223372036854775807, 0, 9223372036790545807
3, 4283, 0, 9223372036854775807, 0, 9223372036790530807
3, 4284, 0, 9223372036854775807, 0, 9223372036790515807
3, 4285, 0, 9223372036854775807, 0, 9223372036790500807
3, 4286, 0, 9223372036854775807, 0, 9223372036790485807
3, 4287, 0, 9223372036854775807, 0, 9223372036790470807
3, 4288, 0, 9223372036854775807, 0, 9223372036790455807
3, 4289, 0, 9223372036854775807, 0, 9223372036790440807
3, 429, 0, 9223372036854775807, 0, 9223372036848340807
3, 4290, 0, 9223372036854775807, 0, 9223372036790425807
3, 4291, 0, 9223372036854775807, 0, 9223372036790410807
3, 4292, 0, 9223372036854775807, 0, 9223372036790395807
3, 4293, 0, 9223372036854775807, 0, 9223372036790380807
3, 4294, 0, 9223372036854775807, 0, 9223372036790365807
3, 4295, 0, 9223372036854775807, 0, 9223372036790350807
3, 4296, 0, 9223372036854775807, 0, 9223372036790335807
3, 4297, 0, 9223372036854775807, 0, 9223372036790320807
3, 4298, 0, 9223372036854775807, 0, 9223372036790305807
3, 4299, 0, 9223372036854775807, 0, 9223372036790290807
3, 43, 0, 9223372036854775807, 0, 9223372036854130807
3, 430, 0, 9223372036854775807, 0, 9223372036848325807
3, 4300, 0, 9223372036854775807, 0, 9223372036790275807
3, 4301, 0, 9223372036854775807, 0, 9223372036790260807
3, 4302, 0, 9223372036854775807, 0, 9223372036790245807
3, 4303, 0, 9223372036854775807, 0, 9223372036790230807
3, 4304, 0, 9223372036854775807, 0, 9223372036790215807
3, 4305, 0, 9223372036854775807, 0, 9223372036790200807
3, 4306, 0, 9223372036854775807, 0, 9223372036790185807
3, 4307, 0, 9223372036854775807, 0, 9223372036790170807
3, 4308, 0, 9223372036854775807, 0, 9223372036790155807
3, 4309, 0, 9223372036854775807, 0, 9223372036790140807
3, 431, 0, 9223372036854775807, 0, 9223372036848310807
3, 4310, 0, 9223372036854775807, 0, 9223372036790125807
3, 4311, 0, 9223372036854775807, 0, 9223372036790110807
3, 4312, 0, 9223372036854775807, 0, 9223372036790095807
3, 4313, 0, 9223372036854775807, 0, 9223372036790080807
3, 4314, 0, 9223372036854775807, 0, 9223372036790065807
3, 4315, 0, 9223372036854775807, 0, 9223372036790050807
3, 4316, 0, 9223372036854775807, 0, 9223372036790035807
3, 4317, 0, 9223372036854775807, 0, 9223372036790020807
3, 4318, 0, 9223372036854775807, 0, 9223372036790005807
3, 4319, 0, 9223372036854775807, 0, 9223372036789990807
3, 432, 0, 9223372036854775807, 0, 9223372036848295807
3, 4320, 0, 9223372036854775807, 0, 9223372036789975807
3, 4321, 0, 9223372036854775807, 0, 9223372036789960807
3, 4322, 0, 9223372036854775807, 0, 9223372036789945807
3, 4323, 0, 9223372036854775807, 0, 9223372036789930807
3, 4324, 0, 9223372036854775807, 0, 9223372036789915807
3, 4325, 0, 9223372036854775807, 0, 9223372036789900807
3, 4326, 0, 9223372036854775807, 0, 9223372036789885807
3, 4327, 0, 9223372036854775807, 0, 9223372036789870807
3, 4328, 0, 9223372036854775807, 0, 9223372036789855807
3, 4329, 0, 9223372036854775807, 0, 9223372036789840807
3, 433, 0, 9223372036854775807, 0, 9223372036848280807
3, 4330, 0, 9223372036854775807, 0, 9223372036789825807
3, 4331, 0, 9223372036854775807, 0, 9223372036789810807
3, 4332, 0, 9223372036854775807, 0, 9223372036789795807
3, 4333, 0, 9223372036854775807, 0, 9223372036789780807
3, 4334, 0, 9223372036854775807, 0, 9223372036789765807
3, 4335, 0, 9223372036854775807, 0, 9223372036789750807
3, 4336, 0, 9223372036854775807, 0, 9223372036789735807
3, 4337, 0, 9223372036854775807, 0, 9223372036789720807
3, 4338, 0, 9223372036854775807, 0, 9223372036789705807
3, 4339, 0, 9223372036854775807, 0, 9223372036789690807
3, 434, 0, 9223372036854775807, 0, 9223372036848265807
3, 4340, 0, 9223372036854775807, 0, 9223372036789675807
3, 4341, 0, 9223372036854775807, 0, 9223372036789660807
3, 4342, 0, 9223372036854775807, 0, 9223372036789645807
3, 4343, 0, 9223372036854775807, 0, 9223372036789630807
3, 4344, 0, 9223372036854775807, 0, 9223372036789615807
3, 4345, 0, 9223372036854775807, 0, 9223372036789600807
3, 4346, 0, 9223372036854775807, 0, 9223372036789585807
3, 4347, 0, 9223372036854775807, 0, 9223372036789570807
3, 4348, 0, 9223372036854775807, 0, 9223372036789555807
3, 4349, 0, 9223372036854775807, 0, 9223372036789540807
3, 435, 0, 9223372036854775807, 0, 9223372036848250807
3, 4350, 0, 9223372036854775807, 0, 9223372036789525807
3, 4351, 0, 9223372036854775807, 0, 9223372036789510807
3, 4352, 0, 9223372036854775807, 0, 9223372036789495807
3, 4353, 0, 9223372036854775807, 0, 9223372036789480807
3, 4354, 0, 9223372036854775807, 0, 9223372036789465807
3, 4355, 0, 9223372036854775807, 0, 9223372036789450807
3, 4356, 0, 9223372036854775807, 0, 9223372036789435807
3, 4357, 0, 9223372036854775807, 0, 9223372036789420807
3, 4358, 0, 9223372036854775807, 0, 9223372036789405807
3, 4359, 0, 9223372036854775807, 0, 9223372036789390807
3, 436, 0, 9223372036854775807, 0, 9223372036848235807
3, 4360, 0, 9223372036854775807, 0, 9223372036789375807
3, 4361, 0, 9223372036854775807, 0, 9223372036789360807
3, 4362, 0, 9223372036854775807, 0, 9223372036789345807
3, 4363, 0, 9223372036854775807, 0, 9223372036789330807
3, 4364, 0, 9223372036854775807, 0, 9223372036789315807
3, 4365, 0, 9223372036854775807, 0, 9223372036789300807
3, 4366, 0, 9223372036854775807, 0, 9223372036789285807
3, 4367, 0, 9223372036854775807, 0, 9223372036789270807
3, 4368, 0, 9223372036854775807, 0, 9223372036789255807
3, 4369, 0, 9223372036854775807, 0, 9223372036789240807
3, 437, 0, 9223372036854775807, 0, 9223372036848220807
3, 4370, 0, 9223372036854775807, 0, 9223372036789225807
3, 4371, 0, 9223372036854775807, 0, 9223372036789210807
3, 4372, 0, 9223372036854775807, 0, 9223372036789195807
3, 4373, 0, 9223372036854775807, 0, 9223372036789180807
3, 4374, 0, 9223372036854775807, 0, 9223372036789165807
3, 4375, 0, 9223372036854775807, 0, 9223372036789150807
3, 4376, 0, 9223372036854775807, 0, 9223372036789135807
3, 4377, 0, 9223372036854775807, 0, 9223372036789120807
3, 4378, 0, 9223372036854775807, 0, 9223372036789105807
3, 4379, 0, 9223372036854775807, 0, 9223372036789090807
3, 438, 0, 9223372036854775807, 0, 9223372036848205807
3, 4380, 0, 9223372036854775807, 0, 9223372036789075807
3, 4381, 0, 9223372036854775807, 0, 9223372036789060807
3, 4382, 0, 9223372036854775807, 0, 9223372036789045807
3, 4383, 0, 9223372036854775807, 0, 9223372036789030807
3, 4384, 0, 9223372036854775807, 0, 9223372036789015807
3, 4385, 0, 9223372036854775807, 0, 9223372036789000807
3, 4386, 0, 9223372036854775807, 0, 9223372036788985807
3, 4387, 0, 9223372036854775807, 0, 9223372036788970807
3, 4388, 0, 9223372036854775807, 0, 9223372036788955807
3, 4389, 0, 9223372036854775807, 0, 9223372036788940807
3, 439, 0, 9223372036854775807, 0, 9223372036848190807
3, 4390, 0, 9223372036854775807, 0, 9223372036788925807
3, 4391, 0, 9223372036854775807, 0, 9223372036788910807
3, 4392, 0, 9223372036854775807, 0, 9223372036788895807
3, 4393, 0, 9223372036854775807, 0, 9223372036788880807
3, 4394, 0, 9223372036854775807, 0, 9223372036788865807
3, 4395, 0, 9223372036854775807, 0, 9223372036788850807
3, 4396, 0, 9223372036854775807, 0, 9223372036788835807
3, 4397, 0, 9223372036854775807, 0, 9223372036788820807
3, 4398, 0, 9223372036854775807, 0, 9223372036788805807
3, 4399, 0, 9223372036854775807, 0, 9223372036788790807
3, 44, 0, 9223372036854775807, 0, 9223372036854115807
3, 440, 0, 9223372036854775807, 0, 9223372036848175807
3, 4400, 0, 9223372036854775807, 0, 9223372036788775807
3, 4401, 0, 9223372036854775807, 0, 9223372036788760807
3, 4402, 0, 9223372036854775807, 0, 9223372036788745807
3, 4403, 0, 9223372036854775807, 0, 9223372036788730807
3, 4404, 0, 9223372036854775807, 0, 9223372036788715807
3, 4405, 0, 9223372036854775807, 0, 9223372036788700807
3, 4406, 0, 9223372036854775807, 0, 9223372036788685807
3, 4407, 0, 9223372036854775807, 0, 9223372036788670807
3, 4408, 0, 9223372036854775807, 0, 9223372036788655807
3, 4409, 0, 9223372036854775807, 0, 9223372036788640807
3, 441, 0, 9223372036854775807, 0, 9223372036848160807
3, 4410, 0, 9223372036854775807, 0, 9223372036788625807
3, 4411, 0, 9223372036854775807, 0, 9223372036788610807
3, 4412, 0, 9223372036854775807, 0, 9223372036788595807
3, 4413, 0, 9223372036854775807, 0, 9223372036788580807
3, 4414, 0, 9223372036854775807, 0, 9223372036788565807
3, 4415, 0, 9223372036854775807, 0, 9223372036788550807
3, 4416, 0, 9223372036854775807, 0, 9223372036788535807
3, 4417, 0, 9223372036854775807, 0, 9223372036788520807
3, 4418, 0, 9223372036854775807, 0, 9223372036788505807
3, 4419, 0, 9223372036854775807, 0, 9223372036788490807
3, 442, 0, 9223372036854775807, 0, 9223372036848145807
3, 4420, 0, 9223372036854775807, 0, 9223372036788475807
3, 4421, 0, 9223372036854775807, 0, 9223372036788460807
3, 4422, 0, 9223372036854775807, 0, 9223372036788445807
3, 4423, 0, 9223372036854775807, 0, 9223372036788430807
3, 4424, 0, 9223372036854775807, 0, 9223372036788415807
3, 4425, 0, 9223372036854775807, 0, 9223372036788400807
3, 4426, 0, 9223372036854775807, 0, 9223372036788385807
3, 4427, 0, 9223372036854775807, 0, 9223372036788370807
3, 4428, 0, 9223372036854775807, 0, 9223372036788355807
3, 4429, 0, 9223372036854775807, 0, 9223372036788340807
3, 443, 0, 9223372036854775807, 0, 9223372036848130807
3, 4430, 0, 9223372036854775807, 0, 9223372036788325807
3, 4431, 0, 9223372036854775807, 0, 9223372036788310807
3, 4432, 0, 9223372036854775807, 0, 9223372036788295807
3, 4433, 0, 9223372036854775807, 0, 9223372036788280807
3, 4434, 0, 9223372036854775807, 0, 9223372036788265807
3, 4435, 0, 9223372036854775807, 0, 9223372036788250807
3, 4436, 0, 9223372036854775807, 0, 9223372036788235807
3, 4437, 0, 9223372036854775807, 0, 9223372036788220807
3, 4438, 0, 9223372036854775807, 0, 9223372036788205807
3, 4439, 0, 9223372036854775807, 0, 9223372036788190807
3, 444, 0, 9223372036854775807, 0, 9223372036848115807
3, 4440, 0, 9223372036854775807, 0, 9223372036788175807
3, 4441, 0, 9223372036854775807, 0, 9223372036788160807
3, 4442, 0, 9223372036854775807, 0, 9223372036788145807
3, 4443, 0, 9223372036854775807, 0, 9223372036788130807
3, 4444, 0, 9223372036854775807, 0, 9223372036788115807
3, 4445, 0, 9223372036854775807, 0, 9223372036788100807
3, 4446, 0, 9223372036854775807, 0, 9223372036788085807
3, 4447, 0, 9223372036854775807, 0, 9223372036788070807
3, 4448, 0, 9223372036854775807, 0, 9223372036788055807
3, 4449, 0, 9223372036854775807, 0, 9223372036788040807
3, 445, 0, 9223372036854775807, 0, 9223372036848100807
3, 4450, 0, 9223372036854775807, 0, 9223372036788025807
3, 4451, 0, 9223372036854775807, 0, 9223372036788010807
3, 4452, 0, 9223372036854775807, 0, 9223372036787995807
3, 4453, 0, 9223372036854775807, 0, 9223372036787980807
3, 4454, 0, 9223372036854775807, 0, 9223372036787965807
3, 4455, 0, 9223372036854775807, 0, 9223372036787950807
3, 4456, 0, 9223372036854775807, 0, 9223372036787935807
3, 4457, 0, 9223372036854775807, 0, 9223372036787920807
3, 4458, 0, 9223372036854775807, 0, 9223372036787905807
3, 4459, 0, 9223372036854775807, 0, 9223372036787890807
3, 446, 0, 9223372036854775807, 0, 9223372036848085807
3, 4460, 0, 9223372036854775807, 0, 9223372036787875807
3, 4461, 0, 9223372036854775807, 0, 9223372036787860807
3, 4462, 0, 9223372036854775807, 0, 9223372036787845807
3, 4463, 0, 9223372036854775807, 0, 9223372036787830807
3, 4464, 0, 9223372036854775807, 0, 9223372036787815807
3, 4465, 0, 9223372036854775807, 0, 9223372036787800807
3, 4466, 0, 9223372036854775807, 0, 9223372036787785807
3, 4467, 0, 9223372036854775807, 0, 9223372036787770807
3, 4468, 0, 9223372036854775807, 0, 9223372036787755807
3, 4469, 0, 9223372036854775807, 0, 9223372036787740807
3, 447, 0, 9223372036854775807, 0, 9223372036848070807
3, 4470, 0, 9223372036854775807, 0, 9223372036787725807
3, 4471, 0, 9223372036854775807, 0, 9223372036787710807
3, 4472, 0, 9223372036854775807, 0, 9223372036787695807
3, 4473, 0, 9223372036854775807, 0, 9223372036787680807
3, 4474, 0, 9223372036854775807, 0, 9223372036787665807
3, 4475, 0, 9223372036854775807, 0, 9223372036787650807
3, 4476, 0, 9223372036854775807, 0, 9223372036787635807
3, 4477, 0, 9223372036854775807, 0, 9223372036787620807
3, 4478, 0, 9223372036854775807, 0, 9223372036787605807
3, 4479, 0, 9223372036854775807, 0, 9223372036787590807
3, 448, 0, 9223372036854775807, 0, 9223372036848055807
3, 4480, 0, 9223372036854775807, 0, 9223372036787575807
3, 4481, 0, 9223372036854775807, 0, 9223372036787560807
3, 4482, 0, 9223372036854775807, 0, 9223372036787545807
3, 4483, 0, 9223372036854775807, 0, 9223372036787530807
3, 4484, 0, 9223372036854775807, 0, 9223372036787515807
3, 4485, 0, 9223372036854775807, 0, 9223372036787500807
3, 4486, 0, 9223372036854775807, 0, 9223372036787485807
3, 4487, 0, 9223372036854775807, 0, 9223372036787470807
3, 4488, 0, 9223372036854775807, 0, 9223372036787455807
3, 4489, 0, 9223372036854775807, 0, 9223372036787440807
3, 449, 0, 9223372036854775807, 0, 9223372036848040807
3, 4490, 0, 9223372036854775807, 0, 9223372036787425807
3, 4491, 0, 9223372036854775807, 0, 9223372036787410807
3, 4492, 0, 9223372036854775807, 0, 9223372036787395807
3, 4493, 0, 9223372036854775807, 0, 9223372036787380807
3, 4494, 0, 9223372036854775807, 0, 9223372036787365807
3, 4495, 0, 9223372036854775807, 0, 9223372036787350807
3, 4496, 0, 9223372036854775807, 0, 9223372036787335807
3, 4497, 0, 9223372036854775807, 0, 9223372036787320807
3, 4498, 0, 9223372036854775807, 0, 9223372036787305807
3, 4499, 0, 9223372036854775807, 0, 9223372036787290807
3, 45, 0, 9223372036854775807, 0, 9223372036854100807
3, 450, 0, 9223372036854775807, 0, 9223372036848025807
3, 4500, 0, 9223372036854775807, 0, 9223372036787275807
3, 4501, 0, 9223372036854775807, 0, 9223372036787260807
3, 4502, 0, 9223372036854775807, 0, 9223372036787245807
3, 4503, 0, 9223372036854775807, 0, 9223372036787230807
3, 4504, 0, 9223372036854775807, 0, 9223372036787215807
3, 4505, 0, 9223372036854775807, 0, 9223372036787200807
3, 4506, 0, 9223372036854775807, 0, 9223372036787185807
3, 4507, 0, 9223372036854775807, 0, 9223372036787170807
3, 4508, 0, 9223372036854775807, 0, 9223372036787155807
3, 4509, 0, 9223372036854775807, 0, 9223372036787140807
3, 451, 0, 9223372036854775807, 0, 9223372036848010807
3, 4510, 0, 9223372036854775807, 0, 9223372036787125807
3, 4511, 0, 9223372036854775807, 0, 9223372036787110807
3, 4512, 0, 9223372036854775807, 0, 9223372036787095807
3, 4513, 0, 9223372036854775807, 0, 9223372036787080807
3, 4514, 0, 9223372036854775807, 0, 9223372036787065807
3, 4515, 0, 9223372036854775807, 0, 9223372036787050807
3, 4516, 0, 9223372036854775807, 0, 9223372036787035807
3, 4517, 0, 9223372036854775807, 0, 9223372036787020807
3, 4518, 0, 9223372036854775807, 0, 9223372036787005807
3, 4519, 0, 9223372036854775807, 0, 9223372036786990807
3, 452, 0, 9223372036854775807, 0, 9223372036847995807
3, 4520, 0, 9223372036854775807, 0, 9223372036786975807
3, 4521, 0, 9223372036854775807, 0, 9223372036786960807
3, 4522, 0, 9223372036854775807, 0, 9223372036786945807
3, 4523, 0, 9223372036854775807, 0, 9223372036786930807
3, 4524, 0, 9223372036854775807, 0, 9223372036786915807
3, 4525, 0, 9223372036854775807, 0, 9223372036786900807
3, 4526, 0, 9223372036854775807, 0, 9223372036786885807
3, 4527, 0, 9223372036854775807, 0, 9223372036786870807
3, 4528, 0, 9223372036854775807, 0, 9223372036786855807
3, 4529, 0, 9223372036854775807, 0, 9223372036786840807
3, 453, 0, 9223372036854775807, 0, 9223372036847980807
3, 4530, 0, 9223372036854775807, 0, 9223372036786825807
3, 4531, 0, 9223372036854775807, 0, 9223372036786810807
3, 4532, 0, 9223372036854775807, 0, 9223372036786795807
3, 4533, 0, 9223372036854775807, 0, 9223372036786780807
3, 4534, 0, 9223372036854775807, 0, 9223372036786765807
3, 4535, 0, 9223372036854775807, 0, 9223372036786750807
3, 4536, 0, 9223372036854775807, 0, 9223372036786735807
3, 4537, 0, 9223372036854775807, 0, 9223372036786720807
3, 4538, 0, 9223372036854775807, 0, 9223372036786705807
3, 4539, 0, 9223372036854775807, 0, 9223372036786690807
3, 454, 0, 9223372036854775807, 0, 9223372036847965807
3, 4540, 0, 9223372036854775807, 0, 9223372036786675807
3, 4541, 0, 9223372036854775807, 0, 9223372036786660807
3, 4542, 0, 9223372036854775807, 0, 9223372036786645807
3, 4543, 0, 9223372036854775807, 0, 9223372036786630807
3, 4544, 0, 9223372036854775807, 0, 9223372036786615807
3, 4545, 0, 9223372036854775807, 0, 9223372036786600807
3, 4546, 0, 9223372036854775807, 0, 9223372036786585807
3, 4547, 0, 9223372036854775807, 0, 9223372036786570807
3, 4548, 0, 9223372036854775807, 0, 9223372036786555807
3, 4549, 0, 9223372036854775807, 0, 9223372036786540807
3, 455, 0, 9223372036854775807, 0, 9223372036847950807
3, 4550, 0, 9223372036854775807, 0, 9223372036786525807
3, 4551, 0, 9223372036854775807, 0, 9223372036786510807
3, 4552, 0, 9223372036854775807, 0, 9223372036786495807
3, 4553, 0, 9223372036854775807, 0, 9223372036786480807
3, 4554, 0, 9223372036854775807, 0, 9223372036786465807
3, 4555, 0, 9223372036854775807, 0, 9223372036786450807
3, 4556, 0, 9223372036854775807, 0, 9223372036786435807
3, 4557, 0, 9223372036854775807, 0, 9223372036786420807
3, 4558, 0, 9223372036854775807, 0, 9223372036786405807
3, 4559, 0, 9223372036854775807, 0, 9223372036786390807
3, 456, 0, 9223372036854775807, 0, 9223372036847935807
3, 4560, 0, 9223372036854775807, 0, 9223372036786375807
3, 4561, 0, 9223372036854775807, 0, 9223372036786360807
3, 4562, 0, 9223372036854775807, 0, 9223372036786345807
3, 4563, 0, 9223372036854775807, 0, 9223372036786330807
3, 4564, 0, 9223372036854775807, 0, 9223372036786315807
3, 4565, 0, 9223372036854775807, 0, 9223372036786300807
3, 4566, 0, 9223372036854775807, 0, 9223372036786285807
3, 4567, 0, 9223372036854775807, 0, 9223372036786270807
3, 4568, 0, 9223372036854775807, 0, 9223372036786255807
3, 4569, 0, 9223372036854775807, 0, 9223372036786240807
3, 457, 0, 9223372036854775807, 0, 9223372036847920807
3, 4570, 0, 9223372036854775807, 0, 9223372036786225807
3, 4571, 0, 9223372036854775807, 0, 9223372036786210807
3, 4572, 0, 9223372036854775807, 0, 9223372036786195807
3, 4573, 0, 9223372036854775807, 0, 9223372036786180807
3, 4574, 0, 9223372036854775807, 0, 9223372036786165807
3, 4575, 0, 9223372036854775807, 0, 9223372036786150807
3, 4576, 0, 9223372036854775807, 0, 9223372036786135807
3, 4577, 0, 9223372036854775807, 0, 9223372036786120807
3, 4578, 0, 9223372036854775807, 0, 9223372036786105807
3, 4579, 0, 9223372036854775807, 0, 9223372036786090807
3, 458, 0, 9223372036854775807, 0, 9223372036847905807
3, 4580, 0, 9223372036854775807, 0, 9223372036786075807
3, 4581, 0, 9223372036854775807, 0, 9223372036786060807
3, 4582, 0, 9223372036854775807, 0, 9223372036786045807
3, 4583, 0, 9223372036854775807, 0, 9223372036786030807
3, 4584, 0, 9223372036854775807, 0, 9223372036786015807
3, 4585, 0, 9223372036854775807, 0, 9223372036786000807
3, 4586, 0, 9223372036854775807, 0, 9223372036785985807
3, 4587, 0, 9223372036854775807, 0, 9223372036785970807
3, 4588, 0, 9223372036854775807, 0, 9223372036785955807
3, 4589, 0, 9223372036854775807, 0, 9223372036785940807
3, 459, 0, 9223372036854775807, 0, 9223372036847890807
3, 4590, 0, 9223372036854775807, 0, 9223372036785925807
3, 4591, 0, 9223372036854775807, 0, 9223372036785910807
3, 4592, 0, 9223372036854775807, 0, 9223372036785895807
3, 4593, 0, 9223372036854775807, 0, 9223372036785880807
3, 4594, 0, 9223372036854775807, 0, 9223372036785865807
3, 4595, 0, 9223372036854775807, 0, 9223372036785850807
3, 4596, 0, 9223372036854775807, 0, 9223372036785835807
3, 4597, 0, 9223372036854775807, 0, 9223372036785820807
3, 4598, 0, 9223372036854775807, 0, 9223372036785805807
3, 4599, 0, 9223372036854775807, 0, 9223372036785790807
3, 46, 0, 9223372036854775807, 0, 9223372036854085807
3, 460, 0, 9223372036854775807, 0, 9223372036847875807
3, 4600, 0, 9223372036854775807, 0, 9223372036785775807
3, 4601, 0, 9223372036854775807, 0, 9223372036785760807
3, 4602, 0, 9223372036854775807, 0, 9223372036785745807
3, 4603, 0, 9223372036854775807, 0, 9223372036785730807
3, 4604, 0, 9223372036854775807, 0, 9223372036785715807
3, 4605, 0, 9223372036854775807, 0, 9223372036785700807
3, 4606, 0, 9223372036854775807, 0, 9223372036785685807
3, 4607, 0, 9223372036854775807, 0, 9223372036785670807
3, 4608, 0, 9223372036854775807, 0, 9223372036785655807
3, 4609, 0, 9223372036854775807, 0, 9223372036785640807
3, 461, 0, 9223372036854775807, 0, 9223372036847860807
3, 4610, 0, 9223372036854775807, 0, 9223372036785625807
3, 4611, 0, 9223372036854775807, 0, 9223372036785610807
3, 4612, 0, 9223372036854775807, 0, 9223372036785595807
3, 4613, 0, 9223372036854775807, 0, 9223372036785580807
3, 4614, 0, 9223372036854775807, 0, 9223372036785565807
3, 4615, 0, 9223372036854775807, 0, 9223372036785550807
3, 4616, 0, 9223372036854775807, 0, 9223372036785535807
3, 4617, 0, 9223372036854775807, 0, 9223372036785520807
3, 4618, 0, 9223372036854775807, 0, 9223372036785505807
3, 4619, 0, 9223372036854775807, 0, 9223372036785490807
3, 462, 0, 9223372036854775807, 0, 9223372036847845807
3, 4620, 0, 9223372036854775807, 0, 9223372036785475807
3, 4621, 0, 9223372036854775807, 0, 9223372036785460807
3, 4622, 0, 9223372036854775807, 0, 9223372036785445807
3, 4623, 0, 9223372036854775807, 0, 9223372036785430807
3, 4624, 0, 9223372036854775807, 0, 9223372036785415807
3, 4625, 0, 9223372036854775807, 0, 9223372036785400807
3, 4626, 0, 9223372036854775807, 0, 9223372036785385807
3, 4627, 0, 9223372036854775807, 0, 9223372036785370807
3, 4628, 0, 9223372036854775807, 0, 9223372036785355807
3, 4629, 0, 9223372036854775807, 0, 9223372036785340807
3, 463, 0, 9223372036854775807, 0, 9223372036847830807
3, 4630, 0, 9223372036854775807, 0, 9223372036785325807
3, 4631, 0, 9223372036854775807, 0, 9223372036785310807
3, 4632, 0, 9223372036854775807, 0, 9223372036785295807
3, 4633, 0, 9223372036854775807, 0, 9223372036785280807
3, 4634, 0, 9223372036854775807, 0, 9223372036785265807
3, 4635, 0, 9223372036854775807, 0, 9223372036785250807
3, 4636, 0, 9223372036854775807, 0, 9223372036785235807
3, 4637, 0, 9223372036854775807, 0, 9223372036785220807
3, 4638, 0, 9223372036854775807, 0, 9223372036785205807
3, 4639, 0, 9223372036854775807, 0, 9223372036785190807
3, 464, 0, 9223372036854775807, 0, 9223372036847815807
3, 4640, 0, 9223372036854775807, 0, 9223372036785175807
3, 4641, 0, 9223372036854775807, 0, 9223372036785160807
3, 4642, 0, 9223372036854775807, 0, 9223372036785145807
3, 4643, 0, 9223372036854775807, 0, 9223372036785130807
3, 4644, 0, 9223372036854775807, 0, 9223372036785115807
3, 4645, 0, 9223372036854775807, 0, 9223372036785100807
3, 4646, 0, 9223372036854775807, 0, 9223372036785085807
3, 4647, 0, 9223372036854775807, 0, 9223372036785070807
3, 4648, 0, 9223372036854775807, 0, 9223372036785055807
3, 4649, 0, 9223372036854775807, 0, 9223372036785040807
3, 465, 0, 9223372036854775807, 0, 9223372036847800807
3, 4650, 0, 9223372036854775807, 0, 9223372036785025807
3, 4651, 0, 9223372036854775807, 0, 9223372036785010807
3, 4652, 0, 9223372036854775807, 0, 9223372036784995807
3, 4653, 0, 9223372036854775807, 0, 9223372036784980807
3, 4654, 0, 9223372036854775807, 0, 9223372036784965807
3, 4655, 0, 9223372036854775807, 0, 9223372036784950807
3, 4656, 0, 9223372036854775807, 0, 9223372036784935807
3, 4657, 0, 9223372036854775807, 0, 9223372036784920807
3, 4658, 0, 9223372036854775807, 0, 9223372036784905807
3, 4659, 0, 9223372036854775807, 0, 9223372036784890807
3, 466, 0, 9223372036854775807, 0, 9223372036847785807
3, 4660, 0, 9223372036854775807, 0, 9223372036784875807
3, 4661, 0, 9223372036854775807, 0, 9223372036784860807
3, 4662, 0, 9223372036854775807, 0, 9223372036784845807
3, 4663, 0, 9223372036854775807, 0, 9223372036784830807
3, 4664, 0, 9223372036854775807, 0, 9223372036784815807
3, 4665, 0, 9223372036854775807, 0, 9223372036784800807
3, 4666, 0, 9223372036854775807, 0, 9223372036784785807
3, 4667, 0, 9223372036854775807, 0, 9223372036784770807
3, 4668, 0, 9223372036854775807, 0, 9223372036784755807
3, 4669, 0, 9223372036854775807, 0, 9223372036784740807
3, 467, 0, 9223372036854775807, 0, 9223372036847770807
3, 4670, 0, 9223372036854775807, 0, 9223372036784725807
3, 4671, 0, 9223372036854775807, 0, 9223372036784710807
3, 4672, 0, 9223372036854775807, 0, 9223372036784695807
3, 4673, 0, 9223372036854775807, 0, 9223372036784680807
3, 4674, 0, 9223372036854775807, 0, 9223372036784665807
3, 4675, 0, 9223372036854775807, 0, 9223372036784650807
3, 4676, 0, 9223372036854775807, 0, 9223372036784635807
3, 4677, 0, 9223372036854775807, 0, 9223372036784620807
3, 4678, 0, 9223372036854775807, 0, 9223372036784605807
3, 4679, 0, 9223372036854775807, 0, 9223372036784590807
3, 468, 0, 9223372036854775807, 0, 9223372036847755807
3, 4680, 0, 9223372036854775807, 0, 9223372036784575807
3, 4681, 0, 9223372036854775807, 0, 9223372036784560807
3, 4682, 0, 9223372036854775807, 0, 9223372036784545807
3, 4683, 0, 9223372036854775807, 0, 9223372036784530807
3, 4684, 0, 9223372036854775807, 0, 9223372036784515807
3, 4685, 0, 9223372036854775807, 0, 9223372036784500807
3, 4686, 0, 9223372036854775807, 0, 9223372036784485807
3, 4687, 0, 9223372036854775807, 0, 9223372036784470807
3, 4688, 0, 9223372036854775807, 0, 9223372036784455807
3, 4689, 0, 9223372036854775807, 0, 9223372036784440807
3, 469, 0, 9223372036854775807, 0, 9223372036847740807
3, 4690, 0, 9223372036854775807, 0, 9223372036784425807
3, 4691, 0, 9223372036854775807, 0, 9223372036784410807
3, 4692, 0, 9223372036854775807, 0, 9223372036784395807
3, 4693, 0, 9223372036854775807, 0, 9223372036784380807
3, 4694, 0, 9223372036854775807, 0, 9223372036784365807
3, 4695, 0, 9223372036854775807, 0, 9223372036784350807
3, 4696, 0, 9223372036854775807, 0, 9223372036784335807
3, 4697, 0, 9223372036854775807, 0, 9223372036784320807
3, 4698, 0, 9223372036854775807, 0, 9223372036784305807
3, 4699, 0, 9223372036854775807, 0, 9223372036784290807
3, 47, 0, 9223372036854775807, 0, 9223372036854070807
3, 470, 0, 9223372036854775807, 0, 9223372036847725807
3, 4700, 0, 9223372036854775807, 0, 9223372036784275807
3, 4701, 0, 9223372036854775807, 0, 9223372036784260807
3, 4702, 0, 9223372036854775807, 0, 9223372036784245807
3, 4703, 0, 9223372036854775807, 0, 9223372036784230807
3, 4704, 0, 9223372036854775807, 0, 9223372036784215807
3, 4705, 0, 9223372036854775807, 0, 9223372036784200807
3, 4706, 0, 9223372036854775807, 0, 9223372036784185807
3, 4707, 0, 9223372036854775807, 0, 9223372036784170807
3, 4708, 0, 9223372036854775807, 0, 9223372036784155807
3, 4709, 0, 9223372036854775807, 0, 9223372036784140807
3, 471, 0, 9223372036854775807, 0, 9223372036847710807
3, 4710, 0, 9223372036854775807, 0, 9223372036784125807
3, 4711, 0, 9223372036854775807, 0, 9223372036784110807
3, 4712, 0, 9223372036854775807, 0, 9223372036784095807
3, 4713, 0, 9223372036854775807, 0, 9223372036784080807
3, 4714, 0, 9223372036854775807, 0, 9223372036784065807
3, 4715, 0, 9223372036854775807, 0, 9223372036784050807
3, 4716, 0, 9223372036854775807, 0, 9223372036784035807
3, 4717, 0, 9223372036854775807, 0, 9223372036784020807
3, 4718, 0, 9223372036854775807, 0, 9223372036784005807
3, 4719, 0, 9223372036854775807, 0, 9223372036783990807
3, 472, 0, 9223372036854775807, 0, 9223372036847695807
3, 4720, 0, 9223372036854775807, 0, 9223372036783975807
3, 4721, 0, 9223372036854775807, 0, 9223372036783960807
3, 4722, 0, 9223372036854775807, 0, 9223372036783945807
3, 4723, 0, 9223372036854775807, 0, 9223372036783930807
3, 4724, 0, 9223372036854775807, 0, 9223372036783915807
3, 4725, 0, 9223372036854775807, 0, 9223372036783900807
3, 4726, 0, 9223372036854775807, 0, 9223372036783885807
3, 4727, 0, 9223372036854775807, 0, 9223372036783870807
3, 4728, 0, 9223372036854775807, 0, 9223372036783855807
3, 4729, 0, 9223372036854775807, 0, 9223372036783840807
3, 473, 0, 9223372036854775807, 0, 9223372036847680807
3, 4730, 0, 9223372036854775807, 0, 9223372036783825807
3, 4731, 0, 9223372036854775807, 0, 9223372036783810807
3, 4732, 0, 9223372036854775807, 0, 9223372036783795807
3, 4733, 0, 9223372036854775807, 0, 9223372036783780807
3, 4734, 0, 9223372036854775807, 0, 9223372036783765807
3, 4735, 0, 9223372036854775807, 0, 9223372036783750807
3, 4736, 0, 9223372036854775807, 0, 9223372036783735807
3, 4737, 0, 9223372036854775807, 0, 9223372036783720807
3, 4738, 0, 9223372036854775807, 0, 9223372036783705807
3, 4739, 0, 9223372036854775807, 0, 9223372036783690807
3, 474, 0, 9223372036854775807, 0, 9223372036847665807
3, 4740, 0, 9223372036854775807, 0, 9223372036783675807
3, 4741, 0, 9223372036854775807, 0, 9223372036783660807
3, 4742, 0, 9223372036854775807, 0, 9223372036783645807
3, 4743, 0, 9223372036854775807, 0, 9223372036783630807
3, 4744, 0, 9223372036854775807, 0, 9223372036783615807
3, 4745, 0, 9223372036854775807, 0, 9223372036783600807
3, 4746, 0, 9223372036854775807, 0, 9223372036783585807
3, 4747, 0, 9223372036854775807, 0, 9223372036783570807
3, 4748, 0, 9223372036854775807, 0, 9223372036783555807
3, 4749, 0, 9223372036854775807, 0, 9223372036783540807
3, 475, 0, 9223372036854775807, 0, 9223372036847650807
3, 4750, 0, 9223372036854775807, 0, 9223372036783525807
3, 4751, 0, 9223372036854775807, 0, 9223372036783510807
3, 4752, 0, 9223372036854775807, 0, 9223372036783495807
3, 4753, 0, 9223372036854775807, 0, 9223372036783480807
3, 4754, 0, 9223372036854775807, 0, 9223372036783465807
3, 4755, 0, 9223372036854775807, 0, 9223372036783450807
3, 4756, 0, 9223372036854775807, 0, 9223372036783435807
3, 4757, 0, 9223372036854775807, 0, 9223372036783420807
3, 4758, 0, 9223372036854775807, 0, 9223372036783405807
3, 4759, 0, 9223372036854775807, 0, 9223372036783390807
3, 476, 0, 9223372036854775807, 0, 9223372036847635807
3, 4760, 0, 9223372036854775807, 0, 9223372036783375807
3, 4761, 0, 9223372036854775807, 0, 9223372036783360807
3, 4762, 0, 9223372036854775807, 0, 9223372036783345807
3, 4763, 0, 9223372036854775807, 0, 9223372036783330807
3, 4764, 0, 9223372036854775807, 0, 9223372036783315807
3, 4765, 0, 9223372036854775807, 0, 9223372036783300807
3, 4766, 0, 9223372036854775807, 0, 9223372036783285807
3, 4767, 0, 9223372036854775807, 0, 9223372036783270807
3, 4768, 0, 9223372036854775807, 0, 9223372036783255807
3, 4769, 0, 9223372036854775807, 0, 9223372036783240807
3, 477, 0, 9223372036854775807, 0, 9223372036847620807
3, 4770, 0, 9223372036854775807, 0, 9223372036783225807
3, 4771, 0, 9223372036854775807, 0, 9223372036783210807
3, 4772, 0, 9223372036854775807, 0, 9223372036783195807
3, 4773, 0, 9223372036854775807, 0, 9223372036783180807
3, 4774, 0, 9223372036854775807, 0, 9223372036783165807
3, 4775, 0, 9223372036854775807, 0, 9223372036783150807
3, 4776, 0, 9223372036854775807, 0, 9223372036783135807
3, 4777, 0, 9223372036854775807, 0, 9223372036783120807
3, 4778, 0, 9223372036854775807, 0, 9223372036783105807
3, 4779, 0, 9223372036854775807, 0, 9223372036783090807
3, 478, 0, 9223372036854775807, 0, 9223372036847605807
3, 4780, 0, 9223372036854775807, 0, 9223372036783075807
3, 4781, 0, 9223372036854775807, 0, 9223372036783060807
3, 4782, 0, 9223372036854775807, 0, 9223372036783045807
3, 4783, 0, 9223372036854775807, 0, 9223372036783030807
3, 4784, 0, 9223372036854775807, 0, 9223372036783015807
3, 4785, 0, 9223372036854775807, 0, 9223372036783000807
3, 4786, 0, 9223372036854775807, 0, 9223372036782985807
3, 4787, 0, 9223372036854775807, 0, 9223372036782970807
3, 4788, 0, 9223372036854775807, 0, 9223372036782955807
3, 4789, 0, 9223372036854775807, 0, 9223372036782940807
3, 479, 0, 9223372036854775807, 0, 9223372036847590807
3, 4790, 0, 9223372036854775807, 0, 9223372036782925807
3, 4791, 0, 9223372036854775807, 0, 9223372036782910807
3, 4792, 0, 9223372036854775807, 0, 9223372036782895807
3, 4793, 0, 9223372036854775807, 0, 9223372036782880807
3, 4794, 0, 9223372036854775807, 0, 9223372036782865807
3, 4795, 0, 9223372036854775807, 0, 9223372036782850807
3, 4796, 0, 9223372036854775807, 0, 9223372036782835807
3, 4797, 0, 9223372036854775807, 0, 9223372036782820807
3, 4798, 0, 9223372036854775807, 0, 9223372036782805807
3, 4799, 0, 9223372036854775807, 0, 9223372036782790807
3, 48, 0, 9223372036854775807, 0, 9223372036854055807
3, 480, 0, 9223372036854775807, 0, 9223372036847575807
3, 4800, 0, 9223372036854775807, 0, 9223372036782775807
3, 4801, 0, 9223372036854775807, 0, 9223372036782760807
3, 4802, 0, 9223372036854775807, 0, 9223372036782745807
3, 4803, 0, 9223372036854775807, 0, 9223372036782730807
3, 4804, 0, 9223372036854775807, 0, 9223372036782715807
3, 4805, 0, 9223372036854775807, 0, 9223372036782700807
3, 4806, 0, 9223372036854775807, 0, 9223372036782685807
3, 4807, 0, 9223372036854775807, 0, 9223372036782670807
3, 4808, 0, 9223372036854775807, 0, 9223372036782655807
3, 4809, 0, 9223372036854775807, 0, 9223372036782640807
3, 481, 0, 9223372036854775807, 0, 9223372036847560807
3, 4810, 0, 9223372036854775807, 0, 9223372036782625807
3, 4811, 0, 9223372036854775807, 0, 9223372036782610807
3, 4812, 0, 9223372036854775807, 0, 9223372036782595807
3, 4813, 0, 9223372036854775807, 0, 9223372036782580807
3, 4814, 0, 9223372036854775807, 0, 9223372036782565807
3, 4815, 0, 9223372036854775807, 0, 9223372036782550807
3, 4816, 0, 9223372036854775807, 0, 9223372036782535807
3, 4817, 0, 9223372036854775807, 0, 9223372036782520807
3, 4818, 0, 9223372036854775807, 0, 9223372036782505807
3, 4819, 0, 9223372036854775807, 0, 9223372036782490807
3, 482, 0, 9223372036854775807, 0, 9223372036847545807
3, 4820, 0, 9223372036854775807, 0, 9223372036782475807
3, 4821, 0, 9223372036854775807, 0, 9223372036782460807
3, 4822, 0, 9223372036854775807, 0, 9223372036782445807
3, 4823, 0, 9223372036854775807, 0, 9223372036782430807
3, 4824, 0, 9223372036854775807, 0, 9223372036782415807
3, 4825, 0, 9223372036854775807, 0, 9223372036782400807
3, 4826, 0, 9223372036854775807, 0, 9223372036782385807
3, 4827, 0, 9223372036854775807, 0, 9223372036782370807
3, 4828, 0, 9223372036854775807, 0, 9223372036782355807
3, 4829, 0, 9223372036854775807, 0, 9223372036782340807
3, 483, 0, 9223372036854775807, 0, 9223372036847530807
3, 4830, 0, 9223372036854775807, 0, 9223372036782325807
3, 4831, 0, 9223372036854775807, 0, 9223372036782310807
3, 4832, 0, 9223372036854775807, 0, 9223372036782295807
3, 4833, 0, 9223372036854775807, 0, 9223372036782280807
3, 4834, 0, 9223372036854775807, 0, 9223372036782265807
3, 4835, 0, 9223372036854775807, 0, 9223372036782250807
3, 4836, 0, 9223372036854775807, 0, 9223372036782235807
3, 4837, 0, 9223372036854775807, 0, 9223372036782220807
3, 4838, 0, 9223372036854775807, 0, 9223372036782205807
3, 4839, 0, 9223372036854775807, 0, 9223372036782190807
3, 484, 0, 9223372036854775807, 0, 9223372036847515807
3, 4840, 0, 9223372036854775807, 0, 9223372036782175807
3, 4841, 0, 9223372036854775807, 0, 9223372036782160807
3, 4842, 0, 9223372036854775807, 0, 9223372036782145807
3, 4843, 0, 9223372036854775807, 0, 9223372036782130807
3, 4844, 0, 9223372036854775807, 0, 9223372036782115807
3, 4845, 0, 9223372036854775807, 0, 9223372036782100807
3, 4846, 0, 9223372036854775807, 0, 9223372036782085807
3, 4847, 0, 9223372036854775807, 0, 9223372036782070807
3, 4848, 0, 9223372036854775807, 0, 9223372036782055807
3, 4849, 0, 9223372036854775807, 0, 9223372036782040807
3, 485, 0, 9223372036854775807, 0, 9223372036847500807
3, 4850, 0, 9223372036854775807, 0, 9223372036782025807
3, 4851, 0, 9223372036854775807, 0, 9223372036782010807
3, 4852, 0, 9223372036854775807, 0, 9223372036781995807
3, 4853, 0, 9223372036854775807, 0, 9223372036781980807
3, 4854, 0, 9223372036854775807, 0, 9223372036781965807
3, 4855, 0, 9223372036854775807, 0, 9223372036781950807
3, 4856, 0, 9223372036854775807, 0, 9223372036781935807
3, 4857, 0, 9223372036854775807, 0, 9223372036781920807
3, 4858, 0, 9223372036854775807, 0, 9223372036781905807
3, 4859, 0, 9223372036854775807, 0, 9223372036781890807
3, 486, 0, 9223372036854775807, 0, 9223372036847485807
3, 4860, 0, 9223372036854775807, 0, 9223372036781875807
3, 4861, 0, 9223372036854775807, 0, 9223372036781860807
3, 4862, 0, 9223372036854775807, 0, 9223372036781845807
3, 4863, 0, 9223372036854775807, 0, 9223372036781830807
3, 4864, 0, 9223372036854775807, 0, 9223372036781815807
3, 4865, 0, 9223372036854775807, 0, 9223372036781800807
3, 4866, 0, 9223372036854775807, 0, 9223372036781785807
3, 4867, 0, 9223372036854775807, 0, 9223372036781770807
3, 4868, 0, 9223372036854775807, 0, 9223372036781755807
3, 4869, 0, 9223372036854775807, 0, 9223372036781740807
3, 487, 0, 9223372036854775807, 0, 9223372036847470807
3, 4870, 0, 9223372036854775807, 0, 9223372036781725807
3, 4871, 0, 9223372036854775807, 0, 9223372036781710807
3, 4872, 0, 9223372036854775807, 0, 9223372036781695807
3, 4873, 0, 9223372036854775807, 0, 9223372036781680807
3, 4874, 0, 9223372036854775807, 0, 9223372036781665807
3, 4875, 0, 9223372036854775807, 0, 9223372036781650807
3, 4876, 0, 9223372036854775807, 0, 9223372036781635807
3, 4877, 0, 9223372036854775807, 0, 9223372036781620807
3, 4878, 0, 9223372036854775807, 0, 9223372036781605807
3, 4879, 0, 9223372036854775807, 0, 9223372036781590807
3, 488, 0, 9223372036854775807, 0, 9223372036847455807
3, 4880, 0, 9223372036854775807, 0, 9223372036781575807
3, 4881, 0, 9223372036854775807, 0, 9223372036781560807
3, 4882, 0, 9223372036854775807, 0, 9223372036781545807
3, 4883, 0, 9223372036854775807, 0, 9223372036781530807
3, 4884, 0, 9223372036854775807, 0, 9223372036781515807
3, 4885, 0, 9223372036854775807, 0, 9223372036781500807
3, 4886, 0, 9223372036854775807, 0, 9223372036781485807
3, 4887, 0, 9223372036854775807, 0, 9223372036781470807
3, 4888, 0, 9223372036854775807, 0, 9223372036781455807
3, 4889, 0, 9223372036854775807, 0, 9223372036781440807
3, 489, 0, 9223372036854775807, 0, 9223372036847440807
3, 4890, 0, 9223372036854775807, 0, 9223372036781425807
3, 4891, 0, 9223372036854775807, 0, 9223372036781410807
3, 4892, 0, 9223372036854775807, 0, 9223372036781395807
3, 4893, 0, 9223372036854775807, 0, 9223372036781380807
3, 4894, 0, 9223372036854775807, 0, 9223372036781365807
3, 4895, 0, 9223372036854775807, 0, 9223372036781350807
3, 4896, 0, 9223372036854775807, 0, 9223372036781335807
3, 4897, 0, 9223372036854775807, 0, 9223372036781320807
3, 4898, 0, 9223372036854775807, 0, 9223372036781305807
3, 4899, 0, 9223372036854775807, 0, 9223372036781290807
3, 49, 0, 9223372036854775807, 0, 9223372036854040807
3, 490, 0, 9223372036854775807, 0, 9223372036847425807
3, 4900, 0, 9223372036854775807, 0, 9223372036781275807
3, 4901, 0, 9223372036854775807, 0, 9223372036781260807
3, 4902, 0, 9223372036854775807, 0, 9223372036781245807
3, 4903, 0, 9223372036854775807, 0, 9223372036781230807
3, 4904, 0, 9223372036854775807, 0, 9223372036781215807
3, 4905, 0, 9223372036854775807, 0, 9223372036781200807
3, 4906, 0, 9223372036854775807, 0, 9223372036781185807
3, 4907, 0, 9223372036854775807, 0, 9223372036781170807
3, 4908, 0, 9223372036854775807, 0, 9223372036781155807
3, 4909, 0, 9223372036854775807, 0, 9223372036781140807
3, 491, 0, 9223372036854775807, 0, 9223372036847410807
3, 4910, 0, 9223372036854775807, 0, 9223372036781125807
3, 4911, 0, 9223372036854775807, 0, 9223372036781110807
3, 4912, 0, 9223372036854775807, 0, 9223372036781095807
3, 4913, 0, 9223372036854775807, 0, 9223372036781080807
3, 4914, 0, 9223372036854775807, 0, 9223372036781065807
3, 4915, 0, 9223372036854775807, 0, 9223372036781050807
3, 4916, 0, 9223372036854775807, 0, 9223372036781035807
3, 4917, 0, 9223372036854775807, 0, 9223372036781020807
3, 4918, 0, 9223372036854775807, 0, 9223372036781005807
3, 4919, 0, 9223372036854775807, 0, 9223372036780990807
3, 492, 0, 9223372036854775807, 0, 9223372036847395807
3, 4920, 0, 9223372036854775807, 0, 9223372036780975807
3, 4921, 0, 9223372036854775807, 0, 9223372036780960807
3, 4922, 0, 9223372036854775807, 0, 9223372036780945807
3, 4923, 0, 9223372036854775807, 0, 9223372036780930807
3, 4924, 0, 9223372036854775807, 0, 9223372036780915807
3, 4925, 0, 9223372036854775807, 0, 9223372036780900807
3, 4926, 0, 9223372036854775807, 0, 9223372036780885807
3, 4927, 0, 9223372036854775807, 0, 9223372036780870807
3, 4928, 0, 9223372036854775807, 0, 9223372036780855807
3, 4929, 0, 9223372036854775807, 0, 9223372036780840807
3, 493, 0, 9223372036854775807, 0, 9223372036847380807
3, 4930, 0, 9223372036854775807, 0, 9223372036780825807
3, 4931, 0, 9223372036854775807, 0, 9223372036780810807
3, 4932, 0, 9223372036854775807, 0, 9223372036780795807
3, 4933, 0, 9223372036854775807, 0, 9223372036780780807
3, 4934, 0, 9223372036854775807, 0, 9223372036780765807
3, 4935, 0, 9223372036854775807, 0, 9223372036780750807
3, 4936, 0, 9223372036854775807, 0, 9223372036780735807
3, 4937, 0, 9223372036854775807, 0, 9223372036780720807
3, 4938, 0, 9223372036854775807, 0, 9223372036780705807
3, 4939, 0, 9223372036854775807, 0, 9223372036780690807
3, 494, 0, 9223372036854775807, 0, 9223372036847365807
3, 4940, 0, 9223372036854775807, 0, 9223372036780675807
3, 4941, 0, 9223372036854775807, 0, 9223372036780660807
3, 4942, 0, 9223372036854775807, 0, 9223372036780645807
3, 4943, 0, 9223372036854775807, 0, 9223372036780630807
3, 4944, 0, 9223372036854775807, 0, 9223372036780615807
3, 4945, 0, 9223372036854775807, 0, 9223372036780600807
3, 4946, 0, 9223372036854775807, 0, 9223372036780585807
3, 4947, 0, 9223372036854775807, 0, 9223372036780570807
3, 4948, 0, 9223372036854775807, 0, 9223372036780555807
3, 4949, 0, 9223372036854775807, 0, 9223372036780540807
3, 495, 0, 9223372036854775807, 0, 9223372036847350807
3, 4950, 0, 9223372036854775807, 0, 9223372036780525807
3, 4951, 0, 9223372036854775807, 0, 9223372036780510807
3, 4952, 0, 9223372036854775807, 0, 9223372036780495807
3, 4953, 0, 9223372036854775807, 0, 9223372036780480807
3, 4954, 0, 9223372036854775807, 0, 9223372036780465807
3, 4955, 0, 9223372036854775807, 0, 9223372036780450807
3, 4956, 0, 9223372036854775807, 0, 9223372036780435807
3, 4957, 0, 9223372036854775807, 0, 9223372036780420807
3, 4958, 0, 9223372036854775807, 0, 9223372036780405807
3, 4959, 0, 9223372036854775807, 0, 9223372036780390807
3, 496, 0, 9223372036854775807, 0, 9223372036847335807
3, 4960, 0, 9223372036854775807, 0, 9223372036780375807
3, 4961, 0, 9223372036854775807, 0, 9223372036780360807
3, 4962, 0, 9223372036854775807, 0, 9223372036780345807
3, 4963, 0, 9223372036854775807, 0, 9223372036780330807
3, 4964, 0, 9223372036854775807, 0, 9223372036780315807
3, 4965, 0, 9223372036854775807, 0, 9223372036780300807
3, 4966, 0, 9223372036854775807, 0, 9223372036780285807
3, 4967, 0, 9223372036854775807, 0, 9223372036780270807
3, 4968, 0, 9223372036854775807, 0, 9223372036780255807
3, 4969, 0, 9223372036854775807, 0, 9223372036780240807
3, 497, 0, 9223372036854775807, 0, 9223372036847320807
3, 4970, 0, 9223372036854775807, 0, 9223372036780225807
3, 4971, 0, 9223372036854775807, 0, 9223372036780210807
3, 4972, 0, 9223372036854775807, 0, 9223372036780195807
3, 4973, 0, 9223372036854775807, 0, 9223372036780180807
3, 4974, 0, 9223372036854775807, 0, 9223372036780165807
3, 4975, 0, 9223372036854775807, 0, 9223372036780150807
3, 4976, 0, 9223372036854775807, 0, 9223372036780135807
3, 4977, 0, 9223372036854775807, 0, 9223372036780120807
3, 4978, 0, 9223372036854775807, 0, 9223372036780105807
3, 4979, 0, 9223372036854775807, 0, 9223372036780090807
3, 498, 0, 9223372036854775807, 0, 9223372036847305807
3, 4980, 0, 9223372036854775807, 0, 9223372036780075807
3, 4981, 0, 9223372036854775807, 0, 9223372036780060807
3, 4982, 0, 9223372036854775807, 0, 9223372036780045807
3, 4983, 0, 9223372036854775807, 0, 9223372036780030807
3, 4984, 0, 9223372036854775807, 0, 9223372036780015807
3, 4985, 0, 9223372036854775807, 0, 9223372036780000807
3, 4986, 0, 9223372036854775807, 0, 9223372036779985807
3, 4987, 0, 9223372036854775807, 0, 9223372036779970807
3, 4988, 0, 9223372036854775807, 0, 9223372036779955807
3, 4989, 0, 9223372036854775807, 0, 9223372036779940807
3, 499, 0, 9223372036854775807, 0, 9223372036847290807
3, 4990, 0, 9223372036854775807, 0, 9223372036779925807
3, 4991, 0, 9223372036854775807, 0, 9223372036779910807
3, 4992, 0, 9223372036854775807, 0, 9223372036779895807
3, 4993, 0, 9223372036854775807, 0, 9223372036779880807
3, 4994, 0, 9223372036854775807, 0, 9223372036779865807
3, 4995, 0, 9223372036854775807, 0, 9223372036779850807
3, 4996, 0, 9223372036854775807, 0, 9223372036779835807
3, 4997, 0, 9223372036854775807, 0, 9223372036779820807
3, 4998, 0, 9223372036854775807, 0, 9223372036779805807
3, 4999, 0, 9223372036854775807, 0, 9223372036779790807
3, 5, 0, 9223372036854775807, 0, 9223372036854700807
3, 50, 0, 9223372036854775807, 0, 9223372036854025807
3, 500, 0, 9223372036854775807, 0, 9223372036847275807
3, 5000, 0, 9223372036854775807, 0, 9223372036779775807
3, 5001, 0, 9223372036854775807, 0, 9223372036779760807
3, 5002, 0, 9223372036854775807, 0, 9223372036779745807
3, 5003, 0, 9223372036854775807, 0, 9223372036779730807
3, 5004, 0, 9223372036854775807, 0, 9223372036779715807
3, 5005, 0, 9223372036854775807, 0, 9223372036779700807
3, 5006, 0, 9223372036854775807, 0, 9223372036779685807
3, 5007, 0, 9223372036854775807, 0, 9223372036779670807
3, 5008, 0, 9223372036854775807, 0, 9223372036779655807
3, 5009, 0, 9223372036854775807, 0, 9223372036779640807
3, 501, 0, 9223372036854775807, 0, 9223372036847260807
3, 5010, 0, 9223372036854775807, 0, 9223372036779625807
3, 5011, 0, 9223372036854775807, 0, 9223372036779610807
3, 5012, 0, 9223372036854775807, 0, 9223372036779595807
3, 5013, 0, 9223372036854775807, 0, 9223372036779580807
3, 5014, 0, 9223372036854775807, 0, 9223372036779565807
3, 5015, 0, 9223372036854775807, 0, 9223372036779550807
3, 5016, 0, 9223372036854775807, 0, 9223372036779535807
3, 5017, 0, 9223372036854775807, 0, 9223372036779520807
3, 5018, 0, 9223372036854775807, 0, 9223372036779505807
3, 5019, 0, 9223372036854775807, 0, 9223372036779490807
3, 502, 0, 9223372036854775807, 0, 9223372036847245807
3, 5020, 0, 9223372036854775807, 0, 9223372036779475807
3, 5021, 0, 9223372036854775807, 0, 9223372036779460807
3, 5022, 0, 9223372036854775807, 0, 9223372036779445807
3, 5023, 0, 9223372036854775807, 0, 9223372036779430807
3, 5024, 0, 9223372036854775807, 0, 9223372036779415807
3, 5025, 0, 9223372036854775807, 0, 9223372036779400807
3, 5026, 0, 9223372036854775807, 0, 9223372036779385807
3, 5027, 0, 9223372036854775807, 0, 9223372036779370807
3, 5028, 0, 9223372036854775807, 0, 9223372036779355807
3, 5029, 0, 9223372036854775807, 0, 9223372036779340807
3, 503, 0, 9223372036854775807, 0, 9223372036847230807
3, 5030, 0, 9223372036854775807, 0, 9223372036779325807
3, 5031, 0, 9223372036854775807, 0, 9223372036779310807
3, 5032, 0, 9223372036854775807, 0, 9223372036779295807
3, 5033, 0, 9223372036854775807, 0, 9223372036779280807
3, 5034, 0, 9223372036854775807, 0, 9223372036779265807
3, 5035, 0, 9223372036854775807, 0, 9223372036779250807
3, 5036, 0, 9223372036854775807, 0, 9223372036779235807
3, 5037, 0, 9223372036854775807, 0, 9223372036779220807
3, 5038, 0, 9223372036854775807, 0, 9223372036779205807
3, 5039, 0, 9223372036854775807, 0, 9223372036779190807
3, 504, 0, 9223372036854775807, 0, 9223372036847215807
3, 5040, 0, 9223372036854775807, 0, 9223372036779175807
3, 5041, 0, 9223372036854775807, 0, 9223372036779160807
3, 5042, 0, 9223372036854775807, 0, 9223372036779145807
3, 5043, 0, 9223372036854775807, 0, 9223372036779130807
3, 5044, 0, 9223372036854775807, 0, 9223372036779115807
3, 5045, 0, 9223372036854775807, 0, 9223372036779100807
3, 5046, 0, 9223372036854775807, 0, 9223372036779085807
3, 5047, 0, 9223372036854775807, 0, 9223372036779070807
3, 5048, 0, 9223372036854775807, 0, 9223372036779055807
3, 5049, 0, 9223372036854775807, 0, 9223372036779040807
3, 505, 0, 9223372036854775807, 0, 9223372036847200807
3, 5050, 0, 9223372036854775807, 0, 9223372036779025807
3, 5051, 0, 9223372036854775807, 0, 9223372036779010807
3, 5052, 0, 9223372036854775807, 0, 9223372036778995807
3, 5053, 0, 9223372036854775807, 0, 9223372036778980807
3, 5054, 0, 9223372036854775807, 0, 9223372036778965807
3, 5055, 0, 9223372036854775807, 0, 9223372036778950807
3, 5056, 0, 9223372036854775807, 0, 9223372036778935807
3, 5057, 0, 9223372036854775807, 0, 9223372036778920807
3, 5058, 0, 9223372036854775807, 0, 9223372036778905807
3, 5059, 0, 9223372036854775807, 0, 9223372036778890807
3, 506, 0, 9223372036854775807, 0, 9223372036847185807
3, 5060, 0, 9223372036854775807, 0, 9223372036778875807
3, 5061, 0, 9223372036854775807, 0, 9223372036778860807
3, 5062, 0, 9223372036854775807, 0, 9223372036778845807
3, 5063, 0, 9223372036854775807, 0, 9223372036778830807
3, 5064, 0, 9223372036854775807, 0, 9223372036778815807
3, 5065, 0, 9223372036854775807, 0, 9223372036778800807
3, 5066, 0, 9223372036854775807, 0, 9223372036778785807
3, 5067, 0, 9223372036854775807, 0, 9223372036778770807
3, 5068, 0, 9223372036854775807, 0, 9223372036778755807
3, 5069, 0, 9223372036854775807, 0, 9223372036778740807
3, 507, 0, 9223372036854775807, 0, 9223372036847170807
3, 5070, 0, 9223372036854775807, 0, 9223372036778725807
3, 5071, 0, 9223372036854775807, 0, 9223372036778710807
3, 5072, 0, 9223372036854775807, 0, 9223372036778695807
3, 5073, 0, 9223372036854775807, 0, 9223372036778680807
3, 5074, 0, 9223372036854775807, 0, 9223372036778665807
3, 5075, 0, 9223372036854775807, 0, 9223372036778650807
3, 5076, 0, 9223372036854775807, 0, 9223372036778635807
3, 5077, 0, 9223372036854775807, 0, 9223372036778620807
3, 5078, 0, 9223372036854775807, 0, 9223372036778605807
3, 5079, 0, 9223372036854775807, 0, 9223372036778590807
3, 508, 0, 9223372036854775807, 0, 9223372036847155807
3, 5080, 0, 9223372036854775807, 0, 9223372036778575807
3, 5081, 0, 9223372036854775807, 0, 9223372036778560807
3, 5082, 0, 9223372036854775807, 0, 9223372036778545807
3, 5083, 0, 9223372036854775807, 0, 9223372036778530807
3, 5084, 0, 9223372036854775807, 0, 9223372036778515807
3, 5085, 0, 9223372036854775807, 0, 9223372036778500807
3, 5086, 0, 9223372036854775807, 0, 9223372036778485807
3, 5087, 0, 9223372036854775807, 0, 9223372036778470807
3, 5088, 0, 9223372036854775807, 0, 9223372036778455807
3, 5089, 0, 9223372036854775807, 0, 9223372036778440807
3, 509, 0, 9223372036854775807, 0, 9223372036847140807
3, 5090, 0, 9223372036854775807, 0, 9223372036778425807
3, 5091, 0, 9223372036854775807, 0, 9223372036778410807
3, 5092, 0, 9223372036854775807, 0, 9223372036778395807
3, 5093, 0, 9223372036854775807, 0, 9223372036778380807
3, 5094, 0, 9223372036854775807, 0, 9223372036778365807
3, 5095, 0, 9223372036854775807, 0, 9223372036778350807
3, 5096, 0, 9223372036854775807, 0, 9223372036778335807
3, 5097, 0, 9223372036854775807, 0, 9223372036778320807
3, 5098, 0, 9223372036854775807, 0, 9223372036778305807
3, 5099, 0, 9223372036854775807, 0, 9223372036778290807
3, 51, 0, 9223372036854775807, 0, 9223372036854010807
3, 510, 0, 9223372036854775807, 0, 9223372036847125807
3, 5100, 0, 9223372036854775807, 0, 9223372036778275807
3, 5101, 0, 9223372036854775807, 0, 9223372036778260807
3, 5102, 0, 9223372036854775807, 0, 9223372036778245807
3, 5103, 0, 9223372036854775807, 0, 9223372036778230807
3, 5104, 0, 9223372036854775807, 0, 9223372036778215807
3, 5105, 0, 9223372036854775807, 0, 9223372036778200807
3, 5106, 0, 9223372036854775807, 0, 9223372036778185807
3, 5107, 0, 9223372036854775807, 0, 9223372036778170807
3, 5108, 0, 9223372036854775807, 0, 9223372036778155807
3, 5109, 0, 9223372036854775807, 0, 9223372036778140807
3, 511, 0, 9223372036854775807, 0, 9223372036847110807
3, 5110, 0, 9223372036854775807, 0, 9223372036778125807
3, 5111, 0, 9223372036854775807, 0, 9223372036778110807
3, 5112, 0, 9223372036854775807, 0, 9223372036778095807
3, 5113, 0, 9223372036854775807, 0, 9223372036778080807
3, 5114, 0, 9223372036854775807, 0, 9223372036778065807
3, 5115, 0, 9223372036854775807, 0, 9223372036778050807
3, 5116, 0, 9223372036854775807, 0, 9223372036778035807
3, 5117, 0, 9223372036854775807, 0, 9223372036778020807
3, 5118, 0, 9223372036854775807, 0, 9223372036778005807
3, 5119, 0, 9223372036854775807, 0, 9223372036777990807
3, 512, 0, 9223372036854775807, 0, 9223372036847095807
3, 5120, 0, 9223372036854775807, 0, 9223372036777975807
3, 5121, 0, 9223372036854775807, 0, 9223372036777960807
3, 5122, 0, 9223372036854775807, 0, 9223372036777945807
3, 5123, 0, 9223372036854775807, 0, 9223372036777930807
3, 5124, 0, 9223372036854775807, 0, 9223372036777915807
3, 5125, 0, 9223372036854775807, 0, 9223372036777900807
3, 5126, 0, 9223372036854775807, 0, 9223372036777885807
3, 5127, 0, 9223372036854775807, 0, 9223372036777870807
3, 5128, 0, 9223372036854775807, 0, 9223372036777855807
3, 5129, 0, 9223372036854775807, 0, 9223372036777840807
3, 513, 0, 9223372036854775807, 0, 9223372036847080807
3, 5130, 0, 9223372036854775807, 0, 9223372036777825807
3, 5131, 0, 9223372036854775807, 0, 9223372036777810807
3, 5132, 0, 9223372036854775807, 0, 9223372036777795807
3, 5133, 0, 9223372036854775807, 0, 9223372036777780807
3, 5134, 0, 9223372036854775807, 0, 9223372036777765807
3, 5135, 0, 9223372036854775807, 0, 9223372036777750807
3, 5136, 0, 9223372036854775807, 0, 9223372036777735807
3, 5137, 0, 9223372036854775807, 0, 9223372036777720807
3, 5138, 0, 9223372036854775807, 0, 9223372036777705807
3, 5139, 0, 9223372036854775807, 0, 9223372036777690807
3, 514, 0, 9223372036854775807, 0, 9223372036847065807
3, 5140, 0, 9223372036854775807, 0, 9223372036777675807
3, 5141, 0, 9223372036854775807, 0, 9223372036777660807
3, 5142, 0, 9223372036854775807, 0, 9223372036777645807
3, 5143, 0, 9223372036854775807, 0, 9223372036777630807
3, 5144, 0, 9223372036854775807, 0, 9223372036777615807
3, 5145, 0, 9223372036854775807, 0, 9223372036777600807
3, 5146, 0, 9223372036854775807, 0, 9223372036777585807
3, 5147, 0, 9223372036854775807, 0, 9223372036777570807
3, 5148, 0, 9223372036854775807, 0, 9223372036777555807
3, 5149, 0, 9223372036854775807, 0, 9223372036777540807
3, 515, 0, 9223372036854775807, 0, 9223372036847050807
3, 5150, 0, 9223372036854775807, 0, 9223372036777525807
3, 5151, 0, 9223372036854775807, 0, 9223372036777510807
3, 5152, 0, 9223372036854775807, 0, 9223372036777495807
3, 5153, 0, 9223372036854775807, 0, 9223372036777480807
3, 5154, 0, 9223372036854775807, 0, 9223372036777465807
3, 5155, 0, 9223372036854775807, 0, 9223372036777450807
3, 5156, 0, 9223372036854775807, 0, 9223372036777435807
3, 5157, 0, 9223372036854775807, 0, 9223372036777420807
3, 5158, 0, 9223372036854775807, 0, 9223372036777405807
3, 5159, 0, 9223372036854775807, 0, 9223372036777390807
3, 516, 0, 9223372036854775807, 0, 9223372036847035807
3, 5160, 0, 9223372036854775807, 0, 9223372036777375807
3, 5161, 0, 9223372036854775807, 0, 9223372036777360807
3, 5162, 0, 9223372036854775807, 0, 9223372036777345807
3, 5163, 0, 9223372036854775807, 0, 9223372036777330807
3, 5164, 0, 9223372036854775807, 0, 9223372036777315807
3, 5165, 0, 9223372036854775807, 0, 9223372036777300807
3, 5166, 0, 9223372036854775807, 0, 9223372036777285807
3, 5167, 0, 9223372036854775807, 0, 9223372036777270807
3, 5168, 0, 9223372036854775807, 0, 9223372036777255807
3, 5169, 0, 9223372036854775807, 0, 9223372036777240807
3, 517, 0, 9223372036854775807, 0, 9223372036847020807
3, 5170, 0, 9223372036854775807, 0, 9223372036777225807
3, 5171, 0, 9223372036854775807, 0, 9223372036777210807
3, 5172, 0, 9223372036854775807, 0, 9223372036777195807
3, 5173, 0, 9223372036854775807, 0, 9223372036777180807
3, 5174, 0, 9223372036854775807, 0, 9223372036777165807
3, 5175, 0, 9223372036854775807, 0, 9223372036777150807
3, 5176, 0, 9223372036854775807, 0, 9223372036777135807
3, 5177, 0, 9223372036854775807, 0, 9223372036777120807
3, 5178, 0, 9223372036854775807, 0, 9223372036777105807
3, 5179, 0, 9223372036854775807, 0, 9223372036777090807
3, 518, 0, 9223372036854775807, 0, 9223372036847005807
3, 5180, 0, 9223372036854775807, 0, 9223372036777075807
3, 5181, 0, 9223372036854775807, 0, 9223372036777060807
3, 5182, 0, 9223372036854775807, 0, 9223372036777045807
3, 5183, 0, 9223372036854775807, 0, 9223372036777030807
3, 5184, 0, 9223372036854775807, 0, 9223372036777015807
3, 5185, 0, 9223372036854775807, 0, 9223372036777000807
3, 5186, 0, 9223372036854775807, 0, 9223372036776985807
3, 5187, 0, 9223372036854775807, 0, 9223372036776970807
3, 5188, 0, 9223372036854775807, 0, 9223372036776955807
3, 5189, 0, 9223372036854775807, 0, 9223372036776940807
3, 519, 0, 9223372036854775807, 0, 9223372036846990807
3, 5190, 0, 9223372036854775807, 0, 9223372036776925807
3, 5191, 0, 9223372036854775807, 0, 9223372036776910807
3, 5192, 0, 9223372036854775807, 0, 9223372036776895807
3, 5193, 0, 9223372036854775807, 0, 9223372036776880807
3, 5194, 0, 9223372036854775807, 0, 9223372036776865807
3, 5195, 0, 9223372036854775807, 0, 9223372036776850807
3, 5196, 0, 9223372036854775807, 0, 9223372036776835807
3, 5197, 0, 9223372036854775807, 0, 9223372036776820807
3, 5198, 0, 9223372036854775807, 0, 9223372036776805807
3, 5199, 0, 9223372036854775807, 0, 9223372036776790807
3, 52, 0, 9223372036854775807, 0, 9223372036853995807
3, 520, 0, 9223372036854775807, 0, 9223372036846975807
3, 5200, 0, 9223372036854775807, 0, 9223372036776775807
3, 5201, 0, 9223372036854775807, 0, 9223372036776760807
3, 5202, 0, 9223372036854775807, 0, 9223372036776745807
3, 5203, 0, 9223372036854775807, 0, 9223372036776730807
3, 5204, 0, 9223372036854775807, 0, 9223372036776715807
3, 5205, 0, 9223372036854775807, 0, 9223372036776700807
3, 5206, 0, 9223372036854775807, 0, 9223372036776685807
3, 5207, 0, 9223372036854775807, 0, 9223372036776670807
3, 5208, 0, 9223372036854775807, 0, 9223372036776655807
3, 5209, 0, 9223372036854775807, 0, 9223372036776640807
3, 521, 0, 9223372036854775807, 0, 9223372036846960807
3, 5210, 0, 9223372036854775807, 0, 9223372036776625807
3, 5211, 0, 9223372036854775807, 0, 9223372036776610807
3, 5212, 0, 9223372036854775807, 0, 9223372036776595807
3, 5213, 0, 9223372036854775807, 0, 9223372036776580807
3, 5214, 0, 9223372036854775807, 0, 9223372036776565807
3, 5215, 0, 9223372036854775807, 0, 9223372036776550807
3, 5216, 0, 9223372036854775807, 0, 9223372036776535807
3, 5217, 0, 9223372036854775807, 0, 9223372036776520807
3, 5218, 0, 9223372036854775807, 0, 9223372036776505807
3, 5219, 0, 9223372036854775807, 0, 9223372036776490807
3, 522, 0, 9223372036854775807, 0, 9223372036846945807
3, 5220, 0, 9223372036854775807, 0, 9223372036776475807
3, 5221, 0, 9223372036854775807, 0, 9223372036776460807
3, 5222, 0, 9223372036854775807, 0, 9223372036776445807
3, 5223, 0, 9223372036854775807, 0, 9223372036776430807
3, 5224, 0, 9223372036854775807, 0, 9223372036776415807
3, 5225, 0, 9223372036854775807, 0, 9223372036776400807
3, 5226, 0, 9223372036854775807, 0, 9223372036776385807
3, 5227, 0, 9223372036854775807, 0, 9223372036776370807
3, 5228, 0, 9223372036854775807, 0, 9223372036776355807
3, 5229, 0, 9223372036854775807, 0, 9223372036776340807
3, 523, 0, 9223372036854775807, 0, 9223372036846930807
3, 5230, 0, 9223372036854775807, 0, 9223372036776325807
3, 5231, 0, 9223372036854775807, 0, 9223372036776310807
3, 5232, 0, 9223372036854775807, 0, 9223372036776295807
3, 5233, 0, 9223372036854775807, 0, 9223372036776280807
3, 5234, 0, 9223372036854775807, 0, 9223372036776265807
3, 5235, 0, 9223372036854775807, 0, 9223372036776250807
3, 5236, 0, 9223372036854775807, 0, 9223372036776235807
3, 5237, 0, 9223372036854775807, 0, 9223372036776220807
3, 5238, 0, 9223372036854775807, 0, 9223372036776205807
3, 5239, 0, 9223372036854775807, 0, 9223372036776190807
3, 524, 0, 9223372036854775807, 0, 9223372036846915807
3, 5240, 0, 9223372036854775807, 0, 9223372036776175807
3, 5241, 0, 9223372036854775807, 0, 9223372036776160807
3, 5242, 0, 9223372036854775807, 0, 9223372036776145807
3, 5243, 0, 9223372036854775807, 0, 9223372036776130807
3, 5244, 0, 9223372036854775807, 0, 9223372036776115807
3, 5245, 0, 9223372036854775807, 0, 9223372036776100807
3, 5246, 0, 9223372036854775807, 0, 9223372036776085807
3, 5247, 0, 9223372036854775807, 0, 9223372036776070807
3, 5248, 0, 9223372036854775807, 0, 9223372036776055807
3, 5249, 0, 9223372036854775807, 0, 9223372036776040807
3, 525, 0, 9223372036854775807, 0, 9223372036846900807
3, 5250, 0, 9223372036854775807, 0, 9223372036776025807
3, 5251, 0, 9223372036854775807, 0, 9223372036776010807
3, 5252, 0, 9223372036854775807, 0, 9223372036775995807
3, 5253, 0, 9223372036854775807, 0, 9223372036775980807
3, 5254, 0, 9223372036854775807, 0, 9223372036775965807
3, 5255, 0, 9223372036854775807, 0, 9223372036775950807
3, 5256, 0, 9223372036854775807, 0, 9223372036775935807
3, 5257, 0, 9223372036854775807, 0, 9223372036775920807
3, 5258, 0, 9223372036854775807, 0, 9223372036775905807
3, 5259, 0, 9223372036854775807, 0, 9223372036775890807
3, 526, 0, 9223372036854775807, 0, 9223372036846885807
3, 5260, 0, 9223372036854775807, 0, 9223372036775875807
3, 5261, 0, 9223372036854775807, 0, 9223372036775860807
3, 5262, 0, 9223372036854775807, 0, 9223372036775845807
3, 5263, 0, 9223372036854775807, 0, 9223372036775830807
3, 5264, 0, 9223372036854775807, 0, 9223372036775815807
3, 5265, 0, 9223372036854775807, 0, 9223372036775800807
3, 5266, 0, 9223372036854775807, 0, 9223372036775785807
3, 5267, 0, 9223372036854775807, 0, 9223372036775770807
3, 5268, 0, 9223372036854775807, 0, 9223372036775755807
3, 5269, 0, 9223372036854775807, 0, 9223372036775740807
3, 527, 0, 9223372036854775807, 0, 9223372036846870807
3, 5270, 0, 9223372036854775807, 0, 9223372036775725807
3, 5271, 0, 9223372036854775807, 0, 9223372036775710807
3, 5272, 0, 9223372036854775807, 0, 9223372036775695807
3, 5273, 0, 9223372036854775807, 0, 9223372036775680807
3, 5274, 0, 9223372036854775807, 0, 9223372036775665807
3, 5275, 0, 9223372036854775807, 0, 9223372036775650807
3, 5276, 0, 9223372036854775807, 0, 9223372036775635807
3, 5277, 0, 9223372036854775807, 0, 9223372036775620807
3, 5278, 0, 9223372036854775807, 0, 9223372036775605807
3, 5279, 0, 9223372036854775807, 0, 9223372036775590807
3, 528, 0, 9223372036854775807, 0, 9223372036846855807
3, 5280, 0, 9223372036854775807, 0, 9223372036775575807
3, 5281, 0, 9223372036854775807, 0, 9223372036775560807
3, 5282, 0, 9223372036854775807, 0, 9223372036775545807
3, 5283, 0, 9223372036854775807, 0, 9223372036775530807
3, 5284, 0, 9223372036854775807, 0, 9223372036775515807
3, 5285, 0, 9223372036854775807, 0, 9223372036775500807
3, 5286, 0, 9223372036854775807, 0, 9223372036775485807
3, 5287, 0, 9223372036854775807, 0, 9223372036775470807
3, 5288, 0, 9223372036854775807, 0, 9223372036775455807
3, 5289, 0, 9223372036854775807, 0, 9223372036775440807
3, 529, 0, 9223372036854775807, 0, 9223372036846840807
3, 5290, 0, 9223372036854775807, 0, 9223372036775425807
3, 5291, 0, 9223372036854775807, 0, 9223372036775410807
3, 5292, 0, 9223372036854775807, 0, 9223372036775395807
3, 5293, 0, 9223372036854775807, 0, 9223372036775380807
3, 5294, 0, 9223372036854775807, 0, 9223372036775365807
3, 5295, 0, 9223372036854775807, 0, 9223372036775350807
3, 5296, 0, 9223372036854775807, 0, 9223372036775335807
3, 5297, 0, 9223372036854775807, 0, 9223372036775320807
3, 5298, 0, 9223372036854775807, 0, 9223372036775305807
3, 5299, 0, 9223372036854775807, 0, 9223372036775290807
3, 53, 0, 9223372036854775807, 0, 9223372036853980807
3, 530, 0, 9223372036854775807, 0, 9223372036846825807
3, 5300, 0, 9223372036854775807, 0, 9223372036775275807
3, 5301, 0, 9223372036854775807, 0, 9223372036775260807
3, 5302, 0, 9223372036854775807, 0, 9223372036775245807
3, 5303, 0, 9223372036854775807, 0, 9223372036775230807
3, 5304, 0, 9223372036854775807, 0, 9223372036775215807
3, 5305, 0, 9223372036854775807, 0, 9223372036775200807
3, 5306, 0, 9223372036854775807, 0, 9223372036775185807
3, 5307, 0, 9223372036854775807, 0, 9223372036775170807
3, 5308, 0, 9223372036854775807, 0, 9223372036775155807
3, 5309, 0, 9223372036854775807, 0, 9223372036775140807
3, 531, 0, 9223372036854775807, 0, 9223372036846810807
3, 5310, 0, 9223372036854775807, 0, 9223372036775125807
3, 5311, 0, 9223372036854775807, 0, 9223372036775110807
3, 5312, 0, 9223372036854775807, 0, 9223372036775095807
3, 5313, 0, 9223372036854775807, 0, 9223372036775080807
3, 5314, 0, 9223372036854775807, 0, 9223372036775065807
3, 5315, 0, 9223372036854775807, 0, 9223372036775050807
3, 5316, 0, 9223372036854775807, 0, 9223372036775035807
3, 5317, 0, 9223372036854775807, 0, 9223372036775020807
3, 5318, 0, 9223372036854775807, 0, 9223372036775005807
3, 5319, 0, 9223372036854775807, 0, 9223372036774990807
3, 532, 0, 9223372036854775807, 0, 9223372036846795807
3, 5320, 0, 9223372036854775807, 0, 9223372036774975807
3, 5321, 0, 9223372036854775807, 0, 9223372036774960807
3, 5322, 0, 9223372036854775807, 0, 9223372036774945807
3, 5323, 0, 9223372036854775807, 0, 9223372036774930807
3, 5324, 0, 9223372036854775807, 0, 9223372036774915807
3, 5325, 0, 9223372036854775807, 0, 9223372036774900807
3, 5326, 0, 9223372036854775807, 0, 9223372036774885807
3, 5327, 0, 9223372036854775807, 0, 9223372036774870807
3, 5328, 0, 9223372036854775807, 0, 9223372036774855807
3, 5329, 0, 9223372036854775807, 0, 9223372036774840807
3, 533, 0, 9223372036854775807, 0, 9223372036846780807
3, 5330, 0, 9223372036854775807, 0, 9223372036774825807
3, 5331, 0, 9223372036854775807, 0, 9223372036774810807
3, 5332, 0, 9223372036854775807, 0, 9223372036774795807
3, 5333, 0, 9223372036854775807, 0, 9223372036774780807
3, 5334, 0, 9223372036854775807, 0, 9223372036774765807
3, 5335, 0, 9223372036854775807, 0, 9223372036774750807
3, 5336, 0, 9223372036854775807, 0, 9223372036774735807
3, 5337, 0, 9223372036854775807, 0, 9223372036774720807
3, 5338, 0, 9223372036854775807, 0, 9223372036774705807
3, 5339, 0, 9223372036854775807, 0, 9223372036774690807
3, 534, 0, 9223372036854775807, 0, 9223372036846765807
3, 5340, 0, 9223372036854775807, 0, 9223372036774675807
3, 5341, 0, 9223372036854775807, 0, 9223372036774660807
3, 5342, 0, 9223372036854775807, 0, 9223372036774645807
3, 5343, 0, 9223372036854775807, 0, 9223372036774630807
3, 5344, 0, 9223372036854775807, 0, 9223372036774615807
3, 5345, 0, 9223372036854775807, 0, 9223372036774600807
3, 5346, 0, 9223372036854775807, 0, 9223372036774585807
3, 5347, 0, 9223372036854775807, 0, 9223372036774570807
3, 5348, 0, 9223372036854775807, 0, 9223372036774555807
3, 5349, 0, 9223372036854775807, 0, 9223372036774540807
3, 535, 0, 9223372036854775807, 0, 9223372036846750807
3, 5350, 0, 9223372036854775807, 0, 9223372036774525807
3, 5351, 0, 9223372036854775807, 0, 9223372036774510807
3, 5352, 0, 9223372036854775807, 0, 9223372036774495807
3, 5353, 0, 9223372036854775807, 0, 9223372036774480807
3, 5354, 0, 9223372036854775807, 0, 9223372036774465807
3, 5355, 0, 9223372036854775807, 0, 9223372036774450807
3, 5356, 0, 9223372036854775807, 0, 9223372036774435807
3, 5357, 0, 9223372036854775807, 0, 9223372036774420807
3, 5358, 0, 9223372036854775807, 0, 9223372036774405807
3, 5359, 0, 9223372036854775807, 0, 9223372036774390807
3, 536, 0, 9223372036854775807, 0, 9223372036846735807
3, 5360, 0, 9223372036854775807, 0, 9223372036774375807
3, 5361, 0, 9223372036854775807, 0, 9223372036774360807
3, 5362, 0, 9223372036854775807, 0, 9223372036774345807
3, 5363, 0, 9223372036854775807, 0, 9223372036774330807
3, 5364, 0, 9223372036854775807, 0, 9223372036774315807
3, 5365, 0, 9223372036854775807, 0, 9223372036774300807
3, 5366, 0, 9223372036854775807, 0, 9223372036774285807
3, 5367, 0, 9223372036854775807, 0, 9223372036774270807
3, 5368, 0, 9223372036854775807, 0, 9223372036774255807
3, 5369, 0, 9223372036854775807, 0, 9223372036774240807
3, 537, 0, 9223372036854775807, 0, 9223372036846720807
3, 5370, 0, 9223372036854775807, 0, 9223372036774225807
3, 5371, 0, 9223372036854775807, 0, 9223372036774210807
3, 5372, 0, 9223372036854775807, 0, 9223372036774195807
3, 5373, 0, 9223372036854775807, 0, 9223372036774180807
3, 5374, 0, 9223372036854775807, 0, 9223372036774165807
3, 5375, 0, 9223372036854775807, 0, 9223372036774150807
3, 5376, 0, 9223372036854775807, 0, 9223372036774135807
3, 5377, 0, 9223372036854775807, 0, 9223372036774120807
3, 5378, 0, 9223372036854775807, 0, 9223372036774105807
3, 5379, 0, 9223372036854775807, 0, 9223372036774090807
3, 538, 0, 9223372036854775807, 0, 9223372036846705807
3, 5380, 0, 9223372036854775807, 0, 9223372036774075807
3, 5381, 0, 9223372036854775807, 0, 9223372036774060807
3, 5382, 0, 9223372036854775807, 0, 9223372036774045807
3, 5383, 0, 9223372036854775807, 0, 9223372036774030807
3, 5384, 0, 9223372036854775807, 0, 9223372036774015807
3, 5385, 0, 9223372036854775807, 0, 9223372036774000807
3, 5386, 0, 9223372036854775807, 0, 9223372036773985807
3, 5387, 0, 9223372036854775807, 0, 9223372036773970807
3, 5388, 0, 9223372036854775807, 0, 9223372036773955807
3, 5389, 0, 9223372036854775807, 0, 9223372036773940807
3, 539, 0, 9223372036854775807, 0, 9223372036846690807
3, 5390, 0, 9223372036854775807, 0, 9223372036773925807
3, 5391, 0, 9223372036854775807, 0, 9223372036773910807
3, 5392, 0, 9223372036854775807, 0, 9223372036773895807
3, 5393, 0, 9223372036854775807, 0, 9223372036773880807
3, 5394, 0, 9223372036854775807, 0, 9223372036773865807
3, 5395, 0, 9223372036854775807, 0, 9223372036773850807
3, 5396, 0, 9223372036854775807, 0, 9223372036773835807
3, 5397, 0, 9223372036854775807, 0, 9223372036773820807
3, 5398, 0, 9223372036854775807, 0, 9223372036773805807
3, 5399, 0, 9223372036854775807, 0, 9223372036773790807
3, 54, 0, 9223372036854775807, 0, 9223372036853965807
3, 540, 0, 9223372036854775807, 0, 9223372036846675807
3, 5400, 0, 9223372036854775807, 0, 9223372036773775807
3, 5401, 0, 9223372036854775807, 0, 9223372036773760807
3, 5402, 0, 9223372036854775807, 0, 9223372036773745807
3, 5403, 0, 9223372036854775807, 0, 9223372036773730807
3, 5404, 0, 9223372036854775807, 0, 9223372036773715807
3, 5405, 0, 9223372036854775807, 0, 9223372036773700807
3, 5406, 0, 9223372036854775807, 0, 9223372036773685807
3, 5407, 0, 9223372036854775807, 0, 9223372036773670807
3, 5408, 0, 9223372036854775807, 0, 9223372036773655807
3, 5409, 0, 9223372036854775807, 0, 9223372036773640807
3, 541, 0, 9223372036854775807, 0, 9223372036846660807
3, 5410, 0, 9223372036854775807, 0, 9223372036773625807
3, 5411, 0, 9223372036854775807, 0, 9223372036773610807
3, 5412, 0, 9223372036854775807, 0, 9223372036773595807
3, 5413, 0, 9223372036854775807, 0, 9223372036773580807
3, 5414, 0, 9223372036854775807, 0, 9223372036773565807
3, 5415, 0, 9223372036854775807, 0, 9223372036773550807
3, 5416, 0, 9223372036854775807, 0, 9223372036773535807
3, 5417, 0, 9223372036854775807, 0, 9223372036773520807
3, 5418, 0, 9223372036854775807, 0, 9223372036773505807
3, 5419, 0, 9223372036854775807, 0, 9223372036773490807
3, 542, 0, 9223372036854775807, 0, 9223372036846645807
3, 5420, 0, 9223372036854775807, 0, 9223372036773475807
3, 5421, 0, 9223372036854775807, 0, 9223372036773460807
3, 5422, 0, 9223372036854775807, 0, 9223372036773445807
3, 5423, 0, 9223372036854775807, 0, 9223372036773430807
3, 5424, 0, 9223372036854775807, 0, 9223372036773415807
3, 5425, 0, 9223372036854775807, 0, 9223372036773400807
3, 5426, 0, 9223372036854775807, 0, 9223372036773385807
3, 5427, 0, 9223372036854775807, 0, 9223372036773370807
3, 5428, 0, 9223372036854775807, 0, 9223372036773355807
3, 5429, 0, 9223372036854775807, 0, 9223372036773340807
3, 543, 0, 9223372036854775807, 0, 9223372036846630807
3, 5430, 0, 9223372036854775807, 0, 9223372036773325807
3, 5431, 0, 9223372036854775807, 0, 9223372036773310807
3, 5432, 0, 9223372036854775807, 0, 9223372036773295807
3, 5433, 0, 9223372036854775807, 0, 9223372036773280807
3, 5434, 0, 9223372036854775807, 0, 9223372036773265807
3, 5435, 0, 9223372036854775807, 0, 9223372036773250807
3, 5436, 0, 9223372036854775807, 0, 9223372036773235807
3, 5437, 0, 9223372036854775807, 0, 9223372036773220807
3, 5438, 0, 9223372036854775807, 0, 9223372036773205807
3, 5439, 0, 9223372036854775807, 0, 9223372036773190807
3, 544, 0, 9223372036854775807, 0, 9223372036846615807
3, 5440, 0, 9223372036854775807, 0, 9223372036773175807
3, 5441, 0, 9223372036854775807, 0, 9223372036773160807
3, 5442, 0, 9223372036854775807, 0, 9223372036773145807
3, 5443, 0, 9223372036854775807, 0, 9223372036773130807
3, 5444, 0, 9223372036854775807, 0, 9223372036773115807
3, 5445, 0, 9223372036854775807, 0, 9223372036773100807
3, 5446, 0, 9223372036854775807, 0, 9223372036773085807
3, 5447, 0, 9223372036854775807, 0, 9223372036773070807
3, 5448, 0, 9223372036854775807, 0, 9223372036773055807
3, 5449, 0, 9223372036854775807, 0, 9223372036773040807
3, 545, 0, 9223372036854775807, 0, 9223372036846600807
3, 5450, 0, 9223372036854775807, 0, 9223372036773025807
3, 5451, 0, 9223372036854775807, 0, 9223372036773010807
3, 5452, 0, 9223372036854775807, 0, 9223372036772995807
3, 5453, 0, 9223372036854775807, 0, 9223372036772980807
3, 5454, 0, 9223372036854775807, 0, 9223372036772965807
3, 5455, 0, 9223372036854775807, 0, 9223372036772950807
3, 5456, 0, 9223372036854775807, 0, 9223372036772935807
3, 5457, 0, 9223372036854775807, 0, 9223372036772920807
3, 5458, 0, 9223372036854775807, 0, 9223372036772905807
3, 5459, 0, 9223372036854775807, 0, 9223372036772890807
3, 546, 0, 9223372036854775807, 0, 9223372036846585807
3, 5460, 0, 9223372036854775807, 0, 9223372036772875807
3, 5461, 0, 9223372036854775807, 0, 9223372036772860807
3, 5462, 0, 9223372036854775807, 0, 9223372036772845807
3, 5463, 0, 9223372036854775807, 0, 9223372036772830807
3, 5464, 0, 9223372036854775807, 0, 9223372036772815807
3, 5465, 0, 9223372036854775807, 0, 9223372036772800807
3, 5466, 0, 9223372036854775807, 0, 9223372036772785807
3, 5467, 0, 9223372036854775807, 0, 9223372036772770807
3, 5468, 0, 9223372036854775807, 0, 9223372036772755807
3, 5469, 0, 9223372036854775807, 0, 9223372036772740807
3, 547, 0, 9223372036854775807, 0, 9223372036846570807
3, 5470, 0, 9223372036854775807, 0, 9223372036772725807
3, 5471, 0, 9223372036854775807, 0, 9223372036772710807
3, 5472, 0, 9223372036854775807, 0, 9223372036772695807
3, 5473, 0, 9223372036854775807, 0, 9223372036772680807
3, 5474, 0, 9223372036854775807, 0, 9223372036772665807
3, 5475, 0, 9223372036854775807, 0, 9223372036772650807
3, 5476, 0, 9223372036854775807, 0, 9223372036772635807
3, 5477, 0, 9223372036854775807, 0, 9223372036772620807
3, 5478, 0, 9223372036854775807, 0, 9223372036772605807
3, 5479, 0, 9223372036854775807, 0, 9223372036772590807
3, 548, 0, 9223372036854775807, 0, 9223372036846555807
3, 5480, 0, 9223372036854775807, 0, 9223372036772575807
3, 5481, 0, 9223372036854775807, 0, 9223372036772560807
3, 5482, 0, 9223372036854775807, 0, 9223372036772545807
3, 5483, 0, 9223372036854775807, 0, 9223372036772530807
3, 5484, 0, 9223372036854775807, 0, 9223372036772515807
3, 5485, 0, 9223372036854775807, 0, 9223372036772500807
3, 5486, 0, 9223372036854775807, 0, 9223372036772485807
3, 5487, 0, 9223372036854775807, 0, 9223372036772470807
3, 5488, 0, 9223372036854775807, 0, 9223372036772455807
3, 5489, 0, 9223372036854775807, 0, 9223372036772440807
3, 549, 0, 9223372036854775807, 0, 9223372036846540807
3, 5490, 0, 9223372036854775807, 0, 9223372036772425807
3, 5491, 0, 9223372036854775807, 0, 9223372036772410807
3, 5492, 0, 9223372036854775807, 0, 9223372036772395807
3, 5493, 0, 9223372036854775807, 0, 9223372036772380807
3, 5494, 0, 9223372036854775807, 0, 9223372036772365807
3, 5495, 0, 9223372036854775807, 0, 9223372036772350807
3, 5496, 0, 9223372036854775807, 0, 9223372036772335807
3, 5497, 0, 9223372036854775807, 0, 9223372036772320807
3, 5498, 0, 9223372036854775807, 0, 9223372036772305807
3, 5499, 0, 9223372036854775807, 0, 9223372036772290807
3, 55, 0, 9223372036854775807, 0, 9223372036853950807
3, 550, 0, 9223372036854775807, 0, 9223372036846525807
3, 5500, 0, 9223372036854775807, 0, 9223372036772275807
3, 5501, 0, 9223372036854775807, 0, 9223372036772260807
3, 5502, 0, 9223372036854775807, 0, 9223372036772245807
3, 5503, 0, 9223372036854775807, 0, 9223372036772230807
3, 5504, 0, 9223372036854775807, 0, 9223372036772215807
3, 5505, 0, 9223372036854775807, 0, 9223372036772200807
3, 5506, 0, 9223372036854775807, 0, 9223372036772185807
3, 5507, 0, 9223372036854775807, 0, 9223372036772170807
3, 5508, 0, 9223372036854775807, 0, 9223372036772155807
3, 5509, 0, 9223372036854775807, 0, 9223372036772140807
3, 551, 0, 9223372036854775807, 0, 9223372036846510807
3, 5510, 0, 9223372036854775807, 0, 9223372036772125807
3, 5511, 0, 9223372036854775807, 0, 9223372036772110807
3, 5512, 0, 9223372036854775807, 0, 9223372036772095807
3, 5513, 0, 9223372036854775807, 0, 9223372036772080807
3, 5514, 0, 9223372036854775807, 0, 9223372036772065807
3, 5515, 0, 9223372036854775807, 0, 9223372036772050807
3, 5516, 0, 9223372036854775807, 0, 9223372036772035807
3, 5517, 0, 9223372036854775807, 0, 9223372036772020807
3, 5518, 0, 9223372036854775807, 0, 9223372036772005807
3, 5519, 0, 9223372036854775807, 0, 9223372036771990807
3, 552, 0, 9223372036854775807, 0, 9223372036846495807
3, 5520, 0, 9223372036854775807, 0, 9223372036771975807
3, 5521, 0, 9223372036854775807, 0, 9223372036771960807
3, 5522, 0, 9223372036854775807, 0, 9223372036771945807
3, 5523, 0, 9223372036854775807, 0, 9223372036771930807
3, 5524, 0, 9223372036854775807, 0, 9223372036771915807
3, 5525, 0, 9223372036854775807, 0, 9223372036771900807
3, 5526, 0, 9223372036854775807, 0, 9223372036771885807
3, 5527, 0, 9223372036854775807, 0, 9223372036771870807
3, 5528, 0, 9223372036854775807, 0, 9223372036771855807
3, 5529, 0, 9223372036854775807, 0, 9223372036771840807
3, 553, 0, 9223372036854775807, 0, 9223372036846480807
3, 5530, 0, 9223372036854775807, 0, 9223372036771825807
3, 5531, 0, 9223372036854775807, 0, 9223372036771810807
3, 5532, 0, 9223372036854775807, 0, 9223372036771795807
3, 5533, 0, 9223372036854775807, 0, 9223372036771780807
3, 5534, 0, 9223372036854775807, 0, 9223372036771765807
3, 5535, 0, 9223372036854775807, 0, 9223372036771750807
3, 5536, 0, 9223372036854775807, 0, 9223372036771735807
3, 5537, 0, 9223372036854775807, 0, 9223372036771720807
3, 5538, 0, 9223372036854775807, 0, 9223372036771705807
3, 5539, 0, 9223372036854775807, 0, 9223372036771690807
3, 554, 0, 9223372036854775807, 0, 9223372036846465807
3, 5540, 0, 9223372036854775807, 0, 9223372036771675807
3, 5541, 0, 9223372036854775807, 0, 9223372036771660807
3, 5542, 0, 9223372036854775807, 0, 9223372036771645807
3, 5543, 0, 9223372036854775807, 0, 9223372036771630807
3, 5544, 0, 9223372036854775807, 0, 9223372036771615807
3, 5545, 0, 9223372036854775807, 0, 9223372036771600807
3, 5546, 0, 9223372036854775807, 0, 9223372036771585807
3, 5547, 0, 9223372036854775807, 0, 9223372036771570807
3, 5548, 0, 9223372036854775807, 0, 9223372036771555807
3, 5549, 0, 9223372036854775807, 0, 9223372036771540807
3, 555, 0, 9223372036854775807, 0, 9223372036846450807
3, 5550, 0, 9223372036854775807, 0, 9223372036771525807
3, 5551, 0, 9223372036854775807, 0, 9223372036771510807
3, 5552, 0, 9223372036854775807, 0, 9223372036771495807
3, 5553, 0, 9223372036854775807, 0, 9223372036771480807
3, 5554, 0, 9223372036854775807, 0, 9223372036771465807
3, 5555, 0, 9223372036854775807, 0, 9223372036771450807
3, 5556, 0, 9223372036854775807, 0, 9223372036771435807
3, 5557, 0, 9223372036854775807, 0, 9223372036771420807
3, 5558, 0, 9223372036854775807, 0, 9223372036771405807
3, 5559, 0, 9223372036854775807, 0, 9223372036771390807
3, 556, 0, 9223372036854775807, 0, 9223372036846435807
3, 5560, 0, 9223372036854775807, 0, 9223372036771375807
3, 5561, 0, 9223372036854775807, 0, 9223372036771360807
3, 5562, 0, 9223372036854775807, 0, 9223372036771345807
3, 5563, 0, 9223372036854775807, 0, 9223372036771330807
3, 5564, 0, 9223372036854775807, 0, 9223372036771315807
3, 5565, 0, 9223372036854775807, 0, 9223372036771300807
3, 5566, 0, 9223372036854775807, 0, 9223372036771285807
3, 5567, 0, 9223372036854775807, 0, 9223372036771270807
3, 5568, 0, 9223372036854775807, 0, 9223372036771255807
3, 5569, 0, 9223372036854775807, 0, 9223372036771240807
3, 557, 0, 9223372036854775807, 0, 9223372036846420807
3, 5570, 0, 9223372036854775807, 0, 9223372036771225807
3, 5571, 0, 9223372036854775807, 0, 9223372036771210807
3, 5572, 0, 9223372036854775807, 0, 9223372036771195807
3, 5573, 0, 9223372036854775807, 0, 9223372036771180807
3, 5574, 0, 9223372036854775807, 0, 9223372036771165807
3, 5575, 0, 9223372036854775807, 0, 9223372036771150807
3, 5576, 0, 9223372036854775807, 0, 9223372036771135807
3, 5577, 0, 9223372036854775807, 0, 9223372036771120807
3, 5578, 0, 9223372036854775807, 0, 9223372036771105807
3, 5579, 0, 9223372036854775807, 0, 9223372036771090807
3, 558, 0, 9223372036854775807, 0, 9223372036846405807
3, 5580, 0, 9223372036854775807, 0, 9223372036771075807
3, 5581, 0, 9223372036854775807, 0, 9223372036771060807
3, 5582, 0, 9223372036854775807, 0, 9223372036771045807
3, 5583, 0, 9223372036854775807, 0, 9223372036771030807
3, 5584, 0, 9223372036854775807, 0, 9223372036771015807
3, 5585, 0, 9223372036854775807, 0, 9223372036771000807
3, 5586, 0, 9223372036854775807, 0, 9223372036770985807
3, 5587, 0, 9223372036854775807, 0, 9223372036770970807
3, 5588, 0, 9223372036854775807, 0, 9223372036770955807
3, 5589, 0, 9223372036854775807, 0, 9223372036770940807
3, 559, 0, 9223372036854775807, 0, 9223372036846390807
3, 5590, 0, 9223372036854775807, 0, 9223372036770925807
3, 5591, 0, 9223372036854775807, 0, 9223372036770910807
3, 5592, 0, 9223372036854775807, 0, 9223372036770895807
3, 5593, 0, 9223372036854775807, 0, 9223372036770880807
3, 5594, 0, 9223372036854775807, 0, 9223372036770865807
3, 5595, 0, 9223372036854775807, 0, 9223372036770850807
3, 5596, 0, 9223372036854775807, 0, 9223372036770835807
3, 5597, 0, 9223372036854775807, 0, 9223372036770820807
3, 5598, 0, 9223372036854775807, 0, 9223372036770805807
3, 5599, 0, 9223372036854775807, 0, 9223372036770790807
3, 56, 0, 9223372036854775807, 0, 9223372036853935807
3, 560, 0, 9223372036854775807, 0, 9223372036846375807
3, 5600, 0, 9223372036854775807, 0, 9223372036770775807
3, 5601, 0, 9223372036854775807, 0, 9223372036770760807
3, 5602, 0, 9223372036854775807, 0, 9223372036770745807
3, 5603, 0, 9223372036854775807, 0, 9223372036770730807
3, 5604, 0, 9223372036854775807, 0, 9223372036770715807
3, 5605, 0, 9223372036854775807, 0, 9223372036770700807
3, 5606, 0, 9223372036854775807, 0, 9223372036770685807
3, 5607, 0, 9223372036854775807, 0, 9223372036770670807
3, 5608, 0, 9223372036854775807, 0, 9223372036770655807
3, 5609, 0, 9223372036854775807, 0, 9223372036770640807
3, 561, 0, 9223372036854775807, 0, 9223372036846360807
3, 5610, 0, 9223372036854775807, 0, 9223372036770625807
3, 5611, 0, 9223372036854775807, 0, 9223372036770610807
3, 5612, 0, 9223372036854775807, 0, 9223372036770595807
3, 5613, 0, 9223372036854775807, 0, 9223372036770580807
3, 5614, 0, 9223372036854775807, 0, 9223372036770565807
3, 5615, 0, 9223372036854775807, 0, 9223372036770550807
3, 5616, 0, 9223372036854775807, 0, 9223372036770535807
3, 5617, 0, 9223372036854775807, 0, 9223372036770520807
3, 5618, 0, 9223372036854775807, 0, 9223372036770505807
3, 5619, 0, 9223372036854775807, 0, 9223372036770490807
3, 562, 0, 9223372036854775807, 0, 9223372036846345807
3, 5620, 0, 9223372036854775807, 0, 9223372036770475807
3, 5621, 0, 9223372036854775807, 0, 9223372036770460807
3, 5622, 0, 9223372036854775807, 0, 9223372036770445807
3, 5623, 0, 9223372036854775807, 0, 9223372036770430807
3, 5624, 0, 9223372036854775807, 0, 9223372036770415807
3, 5625, 0, 9223372036854775807, 0, 9223372036770400807
3, 5626, 0, 9223372036854775807, 0, 9223372036770385807
3, 5627, 0, 9223372036854775807, 0, 9223372036770370807
3, 5628, 0, 9223372036854775807, 0, 9223372036770355807
3, 5629, 0, 9223372036854775807, 0, 9223372036770340807
3, 563, 0, 9223372036854775807, 0, 9223372036846330807
3, 5630, 0, 9223372036854775807, 0, 9223372036770325807
3, 5631, 0, 9223372036854775807, 0, 9223372036770310807
3, 5632, 0, 9223372036854775807, 0, 9223372036770295807
3, 5633, 0, 9223372036854775807, 0, 9223372036770280807
3, 5634, 0, 9223372036854775807, 0, 9223372036770265807
3, 5635, 0, 9223372036854775807, 0, 9223372036770250807
3, 5636, 0, 9223372036854775807, 0, 9223372036770235807
3, 5637, 0, 9223372036854775807, 0, 9223372036770220807
3, 5638, 0, 9223372036854775807, 0, 9223372036770205807
3, 5639, 0, 9223372036854775807, 0, 9223372036770190807
3, 564, 0, 9223372036854775807, 0, 9223372036846315807
3, 5640, 0, 9223372036854775807, 0, 9223372036770175807
3, 5641, 0, 9223372036854775807, 0, 9223372036770160807
3, 5642, 0, 9223372036854775807, 0, 9223372036770145807
3, 5643, 0, 9223372036854775807, 0, 9223372036770130807
3, 5644, 0, 9223372036854775807, 0, 9223372036770115807
3, 5645, 0, 9223372036854775807, 0, 9223372036770100807
3, 5646, 0, 9223372036854775807, 0, 9223372036770085807
3, 5647, 0, 9223372036854775807, 0, 9223372036770070807
3, 5648, 0, 9223372036854775807, 0, 9223372036770055807
3, 5649, 0, 9223372036854775807, 0, 9223372036770040807
3, 565, 0, 9223372036854775807, 0, 9223372036846300807
3, 5650, 0, 9223372036854775807, 0, 9223372036770025807
3, 5651, 0, 9223372036854775807, 0, 9223372036770010807
3, 5652, 0, 9223372036854775807, 0, 9223372036769995807
3, 5653, 0, 9223372036854775807, 0, 9223372036769980807
3, 5654, 0, 9223372036854775807, 0, 9223372036769965807
3, 5655, 0, 9223372036854775807, 0, 9223372036769950807
3, 5656, 0, 9223372036854775807, 0, 9223372036769935807
3, 5657, 0, 9223372036854775807, 0, 9223372036769920807
3, 5658, 0, 9223372036854775807, 0, 9223372036769905807
3, 5659, 0, 9223372036854775807, 0, 9223372036769890807
3, 566, 0, 9223372036854775807, 0, 9223372036846285807
3, 5660, 0, 9223372036854775807, 0, 9223372036769875807
3, 5661, 0, 9223372036854775807, 0, 9223372036769860807
3, 5662, 0, 9223372036854775807, 0, 9223372036769845807
3, 5663, 0, 9223372036854775807, 0, 9223372036769830807
3, 5664, 0, 9223372036854775807, 0, 9223372036769815807
3, 5665, 0, 9223372036854775807, 0, 9223372036769800807
3, 5666, 0, 9223372036854775807, 0, 9223372036769785807
3, 5667, 0, 9223372036854775807, 0, 9223372036769770807
3, 5668, 0, 9223372036854775807, 0, 9223372036769755807
3, 5669, 0, 9223372036854775807, 0, 9223372036769740807
3, 567, 0, 9223372036854775807, 0, 9223372036846270807
3, 5670, 0, 9223372036854775807, 0, 9223372036769725807
3, 5671, 0, 9223372036854775807, 0, 9223372036769710807
3, 5672, 0, 9223372036854775807, 0, 9223372036769695807
3, 5673, 0, 9223372036854775807, 0, 9223372036769680807
3, 5674, 0, 9223372036854775807, 0, 9223372036769665807
3, 5675, 0, 9223372036854775807, 0, 9223372036769650807
3, 5676, 0, 9223372036854775807, 0, 9223372036769635807
3, 5677, 0, 9223372036854775807, 0, 9223372036769620807
3, 5678, 0, 9223372036854775807, 0, 9223372036769605807
3, 5679, 0, 9223372036854775807, 0, 9223372036769590807
3, 568, 0, 9223372036854775807, 0, 9223372036846255807
3, 5680, 0, 9223372036854775807, 0, 9223372036769575807
3, 5681, 0, 9223372036854775807, 0, 9223372036769560807
3, 5682, 0, 9223372036854775807, 0, 9223372036769545807
3, 5683, 0, 9223372036854775807, 0, 9223372036769530807
3, 5684, 0, 9223372036854775807, 0, 9223372036769515807
3, 5685, 0, 9223372036854775807, 0, 9223372036769500807
3, 5686, 0, 9223372036854775807, 0, 9223372036769485807
3, 5687, 0, 9223372036854775807, 0, 9223372036769470807
3, 5688, 0, 9223372036854775807, 0, 9223372036769455807
3, 5689, 0, 9223372036854775807, 0, 9223372036769440807
3, 569, 0, 9223372036854775807, 0, 9223372036846240807
3, 5690, 0, 9223372036854775807, 0, 9223372036769425807
3, 5691, 0, 9223372036854775807, 0, 9223372036769410807
3, 5692, 0, 9223372036854775807, 0, 9223372036769395807
3, 5693, 0, 9223372036854775807, 0, 9223372036769380807
3, 5694, 0, 9223372036854775807, 0, 9223372036769365807
3, 5695, 0, 9223372036854775807, 0, 9223372036769350807
3, 5696, 0, 9223372036854775807, 0, 9223372036769335807
3, 5697, 0, 9223372036854775807, 0, 9223372036769320807
3, 5698, 0, 9223372036854775807, 0, 9223372036769305807
3, 5699, 0, 9223372036854775807, 0, 9223372036769290807
3, 57, 0, 9223372036854775807, 0, 9223372036853920807
3, 570, 0, 9223372036854775807, 0, 9223372036846225807
3, 5700, 0, 9223372036854775807, 0, 9223372036769275807
3, 5701, 0, 9223372036854775807, 0, 9223372036769260807
3, 5702, 0, 9223372036854775807, 0, 9223372036769245807
3, 5703, 0, 9223372036854775807, 0, 9223372036769230807
3, 5704, 0, 9223372036854775807, 0, 9223372036769215807
3, 5705, 0, 9223372036854775807, 0, 9223372036769200807
3, 5706, 0, 9223372036854775807, 0, 9223372036769185807
3, 5707, 0, 9223372036854775807, 0, 9223372036769170807
3, 5708, 0, 9223372036854775807, 0, 9223372036769155807
3, 5709, 0, 9223372036854775807, 0, 9223372036769140807
3, 571, 0, 9223372036854775807, 0, 9223372036846210807
3, 5710, 0, 9223372036854775807, 0, 9223372036769125807
3, 5711, 0, 9223372036854775807, 0, 9223372036769110807
3, 5712, 0, 9223372036854775807, 0, 9223372036769095807
3, 5713, 0, 9223372036854775807, 0, 9223372036769080807
3, 5714, 0, 9223372036854775807, 0, 9223372036769065807
3, 5715, 0, 9223372036854775807, 0, 9223372036769050807
3, 5716, 0, 9223372036854775807, 0, 9223372036769035807
3, 5717, 0, 9223372036854775807, 0, 9223372036769020807
3, 5718, 0, 9223372036854775807, 0, 9223372036769005807
3, 5719, 0, 9223372036854775807, 0, 9223372036768990807
3, 572, 0, 9223372036854775807, 0, 9223372036846195807
3, 5720, 0, 9223372036854775807, 0, 9223372036768975807
3, 5721, 0, 9223372036854775807, 0, 9223372036768960807
3, 5722, 0, 9223372036854775807, 0, 9223372036768945807
3, 5723, 0, 9223372036854775807, 0, 9223372036768930807
3, 5724, 0, 9223372036854775807, 0, 9223372036768915807
3, 5725, 0, 9223372036854775807, 0, 9223372036768900807
3, 5726, 0, 9223372036854775807, 0, 9223372036768885807
3, 5727, 0, 9223372036854775807, 0, 9223372036768870807
3, 5728, 0, 9223372036854775807, 0, 9223372036768855807
3, 5729, 0, 9223372036854775807, 0, 9223372036768840807
3, 573, 0, 9223372036854775807, 0, 9223372036846180807
3, 5730, 0, 9223372036854775807, 0, 9223372036768825807
3, 5731, 0, 9223372036854775807, 0, 9223372036768810807
3, 5732, 0, 9223372036854775807, 0, 9223372036768795807
3, 5733, 0, 9223372036854775807, 0, 9223372036768780807
3, 5734, 0, 9223372036854775807, 0, 9223372036768765807
3, 5735, 0, 9223372036854775807, 0, 9223372036768750807
3, 5736, 0, 9223372036854775807, 0, 9223372036768735807
3, 5737, 0, 9223372036854775807, 0, 9223372036768720807
3, 5738, 0, 9223372036854775807, 0, 9223372036768705807
3, 5739, 0, 9223372036854775807, 0, 9223372036768690807
3, 574, 0, 9223372036854775807, 0, 9223372036846165807
3, 5740, 0, 9223372036854775807, 0, 9223372036768675807
3, 5741, 0, 9223372036854775807, 0, 9223372036768660807
3, 5742, 0, 9223372036854775807, 0, 9223372036768645807
3, 5743, 0, 9223372036854775807, 0, 9223372036768630807
3, 5744, 0, 9223372036854775807, 0, 9223372036768615807
3, 5745, 0, 9223372036854775807, 0, 9223372036768600807
3, 5746, 0, 9223372036854775807, 0, 9223372036768585807
3, 5747, 0, 9223372036854775807, 0, 9223372036768570807
3, 5748, 0, 9223372036854775807, 0, 9223372036768555807
3, 5749, 0, 9223372036854775807, 0, 9223372036768540807
3, 575, 0, 9223372036854775807, 0, 9223372036846150807
3, 5750, 0, 9223372036854775807, 0, 9223372036768525807
3, 5751, 0, 9223372036854775807, 0, 9223372036768510807
3, 5752, 0, 9223372036854775807, 0, 9223372036768495807
3, 5753, 0, 9223372036854775807, 0, 9223372036768480807
3, 5754, 0, 9223372036854775807, 0, 9223372036768465807
3, 5755, 0, 9223372036854775807, 0, 9223372036768450807
3, 5756, 0, 9223372036854775807, 0, 9223372036768435807
3, 5757, 0, 9223372036854775807, 0, 9223372036768420807
3, 5758, 0, 9223372036854775807, 0, 9223372036768405807
3, 5759, 0, 9223372036854775807, 0, 9223372036768390807
3, 576, 0, 9223372036854775807, 0, 9223372036846135807
3, 5760, 0, 9223372036854775807, 0, 9223372036768375807
3, 5761, 0, 9223372036854775807, 0, 9223372036768360807
3, 5762, 0, 9223372036854775807, 0, 9223372036768345807
3, 5763, 0, 9223372036854775807, 0, 9223372036768330807
3, 5764, 0, 9223372036854775807, 0, 9223372036768315807
3, 5765, 0, 9223372036854775807, 0, 9223372036768300807
3, 5766, 0, 9223372036854775807, 0, 9223372036768285807
3, 5767, 0, 9223372036854775807, 0, 9223372036768270807
3, 5768, 0, 9223372036854775807, 0, 9223372036768255807
3, 5769, 0, 9223372036854775807, 0, 9223372036768240807
3, 577, 0, 9223372036854775807, 0, 9223372036846120807
3, 5770, 0, 9223372036854775807, 0, 9223372036768225807
3, 5771, 0, 9223372036854775807, 0, 9223372036768210807
3, 5772, 0, 9223372036854775807, 0, 9223372036768195807
3, 5773, 0, 9223372036854775807, 0, 9223372036768180807
3, 5774, 0, 9223372036854775807, 0, 9223372036768165807
3, 5775, 0, 9223372036854775807, 0, 9223372036768150807
3, 5776, 0, 9223372036854775807, 0, 9223372036768135807
3, 5777, 0, 9223372036854775807, 0, 9223372036768120807
3, 5778, 0, 9223372036854775807, 0, 9223372036768105807
3, 5779, 0, 9223372036854775807, 0, 9223372036768090807
3, 578, 0, 9223372036854775807, 0, 9223372036846105807
3, 5780, 0, 9223372036854775807, 0, 9223372036768075807
3, 5781, 0, 9223372036854775807, 0, 9223372036768060807
3, 5782, 0, 9223372036854775807, 0, 9223372036768045807
3, 5783, 0, 9223372036854775807, 0, 9223372036768030807
3, 5784, 0, 9223372036854775807, 0, 9223372036768015807
3, 5785, 0, 9223372036854775807, 0, 9223372036768000807
3, 5786, 0, 9223372036854775807, 0, 9223372036767985807
3, 5787, 0, 9223372036854775807, 0, 9223372036767970807
3, 5788, 0, 9223372036854775807, 0, 9223372036767955807
3, 5789, 0, 9223372036854775807, 0, 9223372036767940807
3, 579, 0, 9223372036854775807, 0, 9223372036846090807
3, 5790, 0, 9223372036854775807, 0, 9223372036767925807
3, 5791, 0, 9223372036854775807, 0, 9223372036767910807
3, 5792, 0, 9223372036854775807, 0, 9223372036767895807
3, 5793, 0, 9223372036854775807, 0, 9223372036767880807
3, 5794, 0, 9223372036854775807, 0, 9223372036767865807
3, 5795, 0, 9223372036854775807, 0, 9223372036767850807
3, 5796, 0, 9223372036854775807, 0, 9223372036767835807
3, 5797, 0, 9223372036854775807, 0, 9223372036767820807
3, 5798, 0, 9223372036854775807, 0, 9223372036767805807
3, 5799, 0, 9223372036854775807, 0, 9223372036767790807
3, 58, 0, 9223372036854775807, 0, 9223372036853905807
3, 580, 0, 9223372036854775807, 0, 9223372036846075807
3, 5800, 0, 9223372036854775807, 0, 9223372036767775807
3, 5801, 0, 9223372036854775807, 0, 9223372036767760807
3, 5802, 0, 9223372036854775807, 0, 9223372036767745807
3, 5803, 0, 9223372036854775807, 0, 9223372036767730807
3, 5804, 0, 9223372036854775807, 0, 9223372036767715807
3, 5805, 0, 9223372036854775807, 0, 9223372036767700807
3, 5806, 0, 9223372036854775807, 0, 9223372036767685807
3, 5807, 0, 9223372036854775807, 0, 9223372036767670807
3, 5808, 0, 9223372036854775807, 0, 9223372036767655807
3, 5809, 0, 9223372036854775807, 0, 9223372036767640807
3, 581, 0, 9223372036854775807, 0, 9223372036846060807
3, 5810, 0, 9223372036854775807, 0, 9223372036767625807
3, 5811, 0, 9223372036854775807, 0, 9223372036767610807
3, 5812, 0, 9223372036854775807, 0, 9223372036767595807
3, 5813, 0, 9223372036854775807, 0, 9223372036767580807
3, 5814, 0, 9223372036854775807, 0, 9223372036767565807
3, 5815, 0, 9223372036854775807, 0, 9223372036767550807
3, 5816, 0, 9223372036854775807, 0, 9223372036767535807
3, 5817, 0, 9223372036854775807, 0, 9223372036767520807
3, 5818, 0, 9223372036854775807, 0, 9223372036767505807
3, 5819, 0, 9223372036854775807, 0, 9223372036767490807
3, 582, 0, 9223372036854775807, 0, 9223372036846045807
3, 5820, 0, 9223372036854775807, 0, 9223372036767475807
3, 5821, 0, 9223372036854775807, 0, 9223372036767460807
3, 5822, 0, 9223372036854775807, 0, 9223372036767445807
3, 5823, 0, 9223372036854775807, 0, 9223372036767430807
3, 5824, 0, 9223372036854775807, 0, 9223372036767415807
3, 5825, 0, 9223372036854775807, 0, 9223372036767400807
3, 5826, 0, 9223372036854775807, 0, 9223372036767385807
3, 5827, 0, 9223372036854775807, 0, 9223372036767370807
3, 5828, 0, 9223372036854775807, 0, 9223372036767355807
3, 5829, 0, 9223372036854775807, 0, 9223372036767340807
3, 583, 0, 9223372036854775807, 0, 9223372036846030807
3, 5830, 0, 9223372036854775807, 0, 9223372036767325807
3, 5831, 0, 9223372036854775807, 0, 9223372036767310807
3, 5832, 0, 9223372036854775807, 0, 9223372036767295807
3, 5833, 0, 9223372036854775807, 0, 9223372036767280807
3, 5834, 0, 9223372036854775807, 0, 9223372036767265807
3, 5835, 0, 9223372036854775807, 0, 9223372036767250807
3, 5836, 0, 9223372036854775807, 0, 9223372036767235807
3, 5837, 0, 9223372036854775807, 0, 9223372036767220807
3, 5838, 0, 9223372036854775807, 0, 9223372036767205807
3, 5839, 0, 9223372036854775807, 0, 9223372036767190807
3, 584, 0, 9223372036854775807, 0, 9223372036846015807
3, 5840, 0, 9223372036854775807, 0, 9223372036767175807
3, 5841, 0, 9223372036854775807, 0, 9223372036767160807
3, 5842, 0, 9223372036854775807, 0, 9223372036767145807
3, 5843, 0, 9223372036854775807, 0, 9223372036767130807
3, 5844, 0, 9223372036854775807, 0, 9223372036767115807
3, 5845, 0, 9223372036854775807, 0, 9223372036767100807
3, 5846, 0, 9223372036854775807, 0, 9223372036767085807
3, 5847, 0, 9223372036854775807, 0, 9223372036767070807
3, 5848, 0, 9223372036854775807, 0, 9223372036767055807
3, 5849, 0, 9223372036854775807, 0, 9223372036767040807
3, 585, 0, 9223372036854775807, 0, 9223372036846000807
3, 5850, 0, 9223372036854775807, 0, 9223372036767025807
3, 5851, 0, 9223372036854775807, 0, 9223372036767010807
3, 5852, 0, 9223372036854775807, 0, 9223372036766995807
3, 5853, 0, 9223372036854775807, 0, 9223372036766980807
3, 5854, 0, 9223372036854775807, 0, 9223372036766965807
3, 5855, 0, 9223372036854775807, 0, 9223372036766950807
3, 5856, 0, 9223372036854775807, 0, 9223372036766935807
3, 5857, 0, 9223372036854775807, 0, 9223372036766920807
3, 5858, 0, 9223372036854775807, 0, 9223372036766905807
3, 5859, 0, 9223372036854775807, 0, 9223372036766890807
3, 586, 0, 9223372036854775807, 0, 9223372036845985807
3, 5860, 0, 9223372036854775807, 0, 9223372036766875807
3, 5861, 0, 9223372036854775807, 0, 9223372036766860807
3, 5862, 0, 9223372036854775807, 0, 9223372036766845807
3, 5863, 0, 9223372036854775807, 0, 9223372036766830807
3, 5864, 0, 9223372036854775807, 0, 9223372036766815807
3, 5865, 0, 9223372036854775807, 0, 9223372036766800807
3, 5866, 0, 9223372036854775807, 0, 9223372036766785807
3, 5867, 0, 9223372036854775807, 0, 9223372036766770807
3, 5868, 0, 9223372036854775807, 0, 9223372036766755807
3, 5869, 0, 9223372036854775807, 0, 9223372036766740807
3, 587, 0, 9223372036854775807, 0, 9223372036845970807
3, 5870, 0, 9223372036854775807, 0, 9223372036766725807
3, 5871, 0, 9223372036854775807, 0, 9223372036766710807
3, 5872, 0, 9223372036854775807, 0, 9223372036766695807
3, 5873, 0, 9223372036854775807, 0, 9223372036766680807
3, 5874, 0, 9223372036854775807, 0, 9223372036766665807
3, 5875, 0, 9223372036854775807, 0, 9223372036766650807
3, 5876, 0, 9223372036854775807, 0, 9223372036766635807
3, 5877, 0, 9223372036854775807, 0, 9223372036766620807
3, 5878, 0, 9223372036854775807, 0, 9223372036766605807
3, 5879, 0, 9223372036854775807, 0, 9223372036766590807
3, 588, 0, 9223372036854775807, 0, 9223372036845955807
3, 5880, 0, 9223372036854775807, 0, 9223372036766575807
3, 5881, 0, 9223372036854775807, 0, 9223372036766560807
3, 5882, 0, 9223372036854775807, 0, 9223372036766545807
3, 5883, 0, 9223372036854775807, 0, 9223372036766530807
3, 5884, 0, 9223372036854775807, 0, 9223372036766515807
3, 5885, 0, 9223372036854775807, 0, 9223372036766500807
3, 5886, 0, 9223372036854775807, 0, 9223372036766485807
3, 5887, 0, 9223372036854775807, 0, 9223372036766470807
3, 5888, 0, 9223372036854775807, 0, 9223372036766455807
3, 5889, 0, 9223372036854775807, 0, 9223372036766440807
3, 589, 0, 9223372036854775807, 0, 9223372036845940807
3, 5890, 0, 9223372036854775807, 0, 9223372036766425807
3, 5891, 0, 9223372036854775807, 0, 9223372036766410807
3, 5892, 0, 9223372036854775807, 0, 9223372036766395807
3, 5893, 0, 9223372036854775807, 0, 9223372036766380807
3, 5894, 0, 9223372036854775807, 0, 9223372036766365807
3, 5895, 0, 9223372036854775807, 0, 9223372036766350807
3, 5896, 0, 9223372036854775807, 0, 9223372036766335807
3, 5897, 0, 9223372036854775807, 0, 9223372036766320807
3, 5898, 0, 9223372036854775807, 0, 9223372036766305807
3, 5899, 0, 9223372036854775807, 0, 9223372036766290807
3, 59, 0, 9223372036854775807, 0, 9223372036853890807
3, 590, 0, 9223372036854775807, 0, 9223372036845925807
3, 5900, 0, 9223372036854775807, 0, 9223372036766275807
3, 5901, 0, 9223372036854775807, 0, 9223372036766260807
3, 5902, 0, 9223372036854775807, 0, 9223372036766245807
3, 5903, 0, 9223372036854775807, 0, 9223372036766230807
3, 5904, 0, 9223372036854775807, 0, 9223372036766215807
3, 5905, 0, 9223372036854775807, 0, 9223372036766200807
3, 5906, 0, 9223372036854775807, 0, 9223372036766185807
3, 5907, 0, 9223372036854775807, 0, 9223372036766170807
3, 5908, 0, 9223372036854775807, 0, 9223372036766155807
3, 5909, 0, 9223372036854775807, 0, 9223372036766140807
3, 591, 0, 9223372036854775807, 0, 9223372036845910807
3, 5910, 0, 9223372036854775807, 0, 9223372036766125807
3, 5911, 0, 9223372036854775807, 0, 9223372036766110807
3, 5912, 0, 9223372036854775807, 0, 9223372036766095807
3, 5913, 0, 9223372036854775807, 0, 9223372036766080807
3, 5914, 0, 9223372036854775807, 0, 9223372036766065807
3, 5915, 0, 9223372036854775807, 0, 9223372036766050807
3, 5916, 0, 9223372036854775807, 0, 9223372036766035807
3, 5917, 0, 9223372036854775807, 0, 9223372036766020807
3, 5918, 0, 9223372036854775807, 0, 9223372036766005807
3, 5919, 0, 9223372036854775807, 0, 9223372036765990807
3, 592, 0, 9223372036854775807, 0, 9223372036845895807
3, 5920, 0, 9223372036854775807, 0, 9223372036765975807
3, 5921, 0, 9223372036854775807, 0, 9223372036765960807
3, 5922, 0, 9223372036854775807, 0, 9223372036765945807
3, 5923, 0, 9223372036854775807, 0, 9223372036765930807
3, 5924, 0, 9223372036854775807, 0, 9223372036765915807
3, 5925, 0, 9223372036854775807, 0, 9223372036765900807
3, 5926, 0, 9223372036854775807, 0, 9223372036765885807
3, 5927, 0, 9223372036854775807, 0, 9223372036765870807
3, 5928, 0, 9223372036854775807, 0, 9223372036765855807
3, 5929, 0, 9223372036854775807, 0, 9223372036765840807
3, 593, 0, 9223372036854775807, 0, 9223372036845880807
3, 5930, 0, 9223372036854775807, 0, 9223372036765825807
3, 5931, 0, 9223372036854775807, 0, 9223372036765810807
3, 5932, 0, 9223372036854775807, 0, 9223372036765795807
3, 5933, 0, 9223372036854775807, 0, 9223372036765780807
3, 5934, 0, 9223372036854775807, 0, 9223372036765765807
3, 5935, 0, 9223372036854775807, 0, 9223372036765750807
3, 5936, 0, 9223372036854775807, 0, 9223372036765735807
3, 5937, 0, 9223372036854775807, 0, 9223372036765720807
3, 5938, 0, 9223372036854775807, 0, 9223372036765705807
3, 5939, 0, 9223372036854775807, 0, 9223372036765690807
3, 594, 0, 9223372036854775807, 0, 9223372036845865807
3, 5940, 0, 9223372036854775807, 0, 9223372036765675807
3, 5941, 0, 9223372036854775807, 0, 9223372036765660807
3, 5942, 0, 9223372036854775807, 0, 9223372036765645807
3, 5943, 0, 9223372036854775807, 0, 9223372036765630807
3, 5944, 0, 9223372036854775807, 0, 9223372036765615807
3, 5945, 0, 9223372036854775807, 0, 9223372036765600807
3, 5946, 0, 9223372036854775807, 0, 9223372036765585807
3, 5947, 0, 9223372036854775807, 0, 9223372036765570807
3, 5948, 0, 9223372036854775807, 0, 9223372036765555807
3, 5949, 0, 9223372036854775807, 0, 9223372036765540807
3, 595, 0, 9223372036854775807, 0, 9223372036845850807
3, 5950, 0, 9223372036854775807, 0, 9223372036765525807
3, 5951, 0, 9223372036854775807, 0, 9223372036765510807
3, 5952, 0, 9223372036854775807, 0, 9223372036765495807
3, 5953, 0, 9223372036854775807, 0, 9223372036765480807
3, 5954, 0, 9223372036854775807, 0, 9223372036765465807
3, 5955, 0, 9223372036854775807, 0, 9223372036765450807
3, 5956, 0, 9223372036854775807, 0, 9223372036765435807
3, 5957, 0, 9223372036854775807, 0, 9223372036765420807
3, 5958, 0, 9223372036854775807, 0, 9223372036765405807
3, 5959, 0, 9223372036854775807, 0, 9223372036765390807
3, 596, 0, 9223372036854775807, 0, 9223372036845835807
3, 5960, 0, 9223372036854775807, 0, 9223372036765375807
3, 5961, 0, 9223372036854775807, 0, 9223372036765360807
3, 5962, 0, 9223372036854775807, 0, 9223372036765345807
3, 5963, 0, 9223372036854775807, 0, 9223372036765330807
3, 5964, 0, 9223372036854775807, 0, 9223372036765315807
3, 5965, 0, 9223372036854775807, 0, 9223372036765300807
3, 5966, 0, 9223372036854775807, 0, 9223372036765285807
3, 5967, 0, 9223372036854775807, 0, 9223372036765270807
3, 5968, 0, 9223372036854775807, 0, 9223372036765255807
3, 5969, 0, 9223372036854775807, 0, 9223372036765240807
3, 597, 0, 9223372036854775807, 0, 9223372036845820807
3, 5970, 0, 9223372036854775807, 0, 9223372036765225807
3, 5971, 0, 9223372036854775807, 0, 9223372036765210807
3, 5972, 0, 9223372036854775807, 0, 9223372036765195807
3, 5973, 0, 9223372036854775807, 0, 9223372036765180807
3, 5974, 0, 9223372036854775807, 0, 9223372036765165807
3, 5975, 0, 9223372036854775807, 0, 9223372036765150807
3, 5976, 0, 9223372036854775807, 0, 9223372036765135807
3, 5977, 0, 9223372036854775807, 0, 9223372036765120807
3, 5978, 0, 9223372036854775807, 0, 9223372036765105807
3, 5979, 0, 9223372036854775807, 0, 9223372036765090807
3, 598, 0, 9223372036854775807, 0, 9223372036845805807
3, 5980, 0, 9223372036854775807, 0, 9223372036765075807
3, 5981, 0, 9223372036854775807, 0, 9223372036765060807
3, 5982, 0, 9223372036854775807, 0, 9223372036765045807
3, 5983, 0, 9223372036854775807, 0, 9223372036765030807
3, 5984, 0, 9223372036854775807, 0, 9223372036765015807
3, 5985, 0, 9223372036854775807, 0, 9223372036765000807
3, 5986, 0, 9223372036854775807, 0, 9223372036764985807
3, 5987, 0, 9223372036854775807, 0, 9223372036764970807
3, 5988, 0, 9223372036854775807, 0, 9223372036764955807
3, 5989, 0, 9223372036854775807, 0, 9223372036764940807
3, 599, 0, 9223372036854775807, 0, 9223372036845790807
3, 5990, 0, 9223372036854775807, 0, 9223372036764925807
3, 5991, 0, 9223372036854775807, 0, 9223372036764910807
3, 5992, 0, 9223372036854775807, 0, 9223372036764895807
3, 5993, 0, 9223372036854775807, 0, 9223372036764880807
3, 5994, 0, 9223372036854775807, 0, 9223372036764865807
3, 5995, 0, 9223372036854775807, 0, 9223372036764850807
3, 5996, 0, 9223372036854775807, 0, 9223372036764835807
3, 5997, 0, 9223372036854775807, 0, 9223372036764820807
3, 5998, 0, 9223372036854775807, 0, 9223372036764805807
3, 5999, 0, 9223372036854775807, 0, 9223372036764790807
3, 6, 0, 9223372036854775807, 0, 9223372036854685807
3, 60, 0, 9223372036854775807, 0, 9223372036853875807
3, 600, 0, 9223372036854775807, 0, 9223372036845775807
3, 6000, 0, 9223372036854775807, 0, 9223372036764775807
3, 6001, 0, 9223372036854775807, 0, 9223372036764760807
3, 6002, 0, 9223372036854775807, 0, 9223372036764745807
3, 6003, 0, 9223372036854775807, 0, 9223372036764730807
3, 6004, 0, 9223372036854775807, 0, 9223372036764715807
3, 6005, 0, 9223372036854775807, 0, 9223372036764700807
3, 6006, 0, 9223372036854775807, 0, 9223372036764685807
3, 6007, 0, 9223372036854775807, 0, 9223372036764670807
3, 6008, 0, 9223372036854775807, 0, 9223372036764655807
3, 6009, 0, 9223372036854775807, 0, 9223372036764640807
3, 601, 0, 9223372036854775807, 0, 9223372036845760807
3, 6010, 0, 9223372036854775807, 0, 9223372036764625807
3, 6011, 0, 9223372036854775807, 0, 9223372036764610807
3, 6012, 0, 9223372036854775807, 0, 9223372036764595807
3, 6013, 0, 9223372036854775807, 0, 9223372036764580807
3, 6014, 0, 9223372036854775807, 0, 9223372036764565807
3, 6015, 0, 9223372036854775807, 0, 9223372036764550807
3, 6016, 0, 9223372036854775807, 0, 9223372036764535807
3, 6017, 0, 9223372036854775807, 0, 9223372036764520807
3, 6018, 0, 9223372036854775807, 0, 9223372036764505807
3, 6019, 0, 9223372036854775807, 0, 9223372036764490807
3, 602, 0, 9223372036854775807, 0, 9223372036845745807
3, 6020, 0, 9223372036854775807, 0, 9223372036764475807
3, 6021, 0, 9223372036854775807, 0, 9223372036764460807
3, 6022, 0, 9223372036854775807, 0, 9223372036764445807
3, 6023, 0, 9223372036854775807, 0, 9223372036764430807
3, 6024, 0, 9223372036854775807, 0, 9223372036764415807
3, 6025, 0, 9223372036854775807, 0, 9223372036764400807
3, 6026, 0, 9223372036854775807, 0, 9223372036764385807
3, 6027, 0, 9223372036854775807, 0, 9223372036764370807
3, 6028, 0, 9223372036854775807, 0, 9223372036764355807
3, 6029, 0, 9223372036854775807, 0, 9223372036764340807
3, 603, 0, 9223372036854775807, 0, 9223372036845730807
3, 6030, 0, 9223372036854775807, 0, 9223372036764325807
3, 6031, 0, 9223372036854775807, 0, 9223372036764310807
3, 6032, 0, 9223372036854775807, 0, 9223372036764295807
3, 6033, 0, 9223372036854775807, 0, 9223372036764280807
3, 6034, 0, 9223372036854775807, 0, 9223372036764265807
3, 6035, 0, 9223372036854775807, 0, 9223372036764250807
3, 6036, 0, 9223372036854775807, 0, 9223372036764235807
3, 6037, 0, 9223372036854775807, 0, 9223372036764220807
3, 6038, 0, 9223372036854775807, 0, 9223372036764205807
3, 6039, 0, 9223372036854775807, 0, 9223372036764190807
3, 604, 0, 9223372036854775807, 0, 9223372036845715807
3, 6040, 0, 9223372036854775807, 0, 9223372036764175807
3, 6041, 0, 9223372036854775807, 0, 9223372036764160807
3, 6042, 0, 9223372036854775807, 0, 9223372036764145807
3, 6043, 0, 9223372036854775807, 0, 9223372036764130807
3, 6044, 0, 9223372036854775807, 0, 9223372036764115807
3, 6045, 0, 9223372036854775807, 0, 9223372036764100807
3, 6046, 0, 9223372036854775807, 0, 9223372036764085807
3, 6047, 0, 9223372036854775807, 0, 9223372036764070807
3, 6048, 0, 9223372036854775807, 0, 9223372036764055807
3, 6049, 0, 9223372036854775807, 0, 9223372036764040807
3, 605, 0, 9223372036854775807, 0, 9223372036845700807
3, 6050, 0, 9223372036854775807, 0, 9223372036764025807
3, 6051, 0, 9223372036854775807, 0, 9223372036764010807
3, 6052, 0, 9223372036854775807, 0, 9223372036763995807
3, 6053, 0, 9223372036854775807, 0, 9223372036763980807
3, 6054, 0, 9223372036854775807, 0, 9223372036763965807
3, 6055, 0, 9223372036854775807, 0, 9223372036763950807
3, 6056, 0, 9223372036854775807, 0, 9223372036763935807
3, 6057, 0, 9223372036854775807, 0, 9223372036763920807
3, 6058, 0, 9223372036854775807, 0, 9223372036763905807
3, 6059, 0, 9223372036854775807, 0, 9223372036763890807
3, 606, 0, 9223372036854775807, 0, 9223372036845685807
3, 6060, 0, 9223372036854775807, 0, 9223372036763875807
3, 6061, 0, 9223372036854775807, 0, 9223372036763860807
3, 6062, 0, 9223372036854775807, 0, 9223372036763845807
3, 6063, 0, 9223372036854775807, 0, 9223372036763830807
3, 6064, 0, 9223372036854775807, 0, 9223372036763815807
3, 6065, 0, 9223372036854775807, 0, 9223372036763800807
3, 6066, 0, 9223372036854775807, 0, 9223372036763785807
3, 6067, 0, 9223372036854775807, 0, 9223372036763770807
3, 6068, 0, 9223372036854775807, 0, 9223372036763755807
3, 6069, 0, 9223372036854775807, 0, 9223372036763740807
3, 607, 0, 9223372036854775807, 0, 9223372036845670807
3, 6070, 0, 9223372036854775807, 0, 9223372036763725807
3, 6071, 0, 9223372036854775807, 0, 9223372036763710807
3, 6072, 0, 9223372036854775807, 0, 9223372036763695807
3, 6073, 0, 9223372036854775807, 0, 9223372036763680807
3, 6074, 0, 9223372036854775807, 0, 9223372036763665807
3, 6075, 0, 9223372036854775807, 0, 9223372036763650807
3, 6076, 0, 9223372036854775807, 0, 9223372036763635807
3, 6077, 0, 9223372036854775807, 0, 9223372036763620807
3, 6078, 0, 9223372036854775807, 0, 9223372036763605807
3, 6079, 0, 9223372036854775807, 0, 9223372036763590807
3, 608, 0, 9223372036854775807, 0, 9223372036845655807
3, 6080, 0, 9223372036854775807, 0, 9223372036763575807
3, 6081, 0, 9223372036854775807, 0, 9223372036763560807
3, 6082, 0, 9223372036854775807, 0, 9223372036763545807
3, 6083, 0, 9223372036854775807, 0, 9223372036763530807
3, 6084, 0, 9223372036854775807, 0, 9223372036763515807
3, 6085, 0, 9223372036854775807, 0, 9223372036763500807
3, 6086, 0, 9223372036854775807, 0, 9223372036763485807
3, 6087, 0, 9223372036854775807, 0, 9223372036763470807
3, 6088, 0, 9223372036854775807, 0, 9223372036763455807
3, 6089, 0, 9223372036854775807, 0, 9223372036763440807
3, 609, 0, 9223372036854775807, 0, 9223372036845640807
3, 6090, 0, 9223372036854775807, 0, 9223372036763425807
3, 6091, 0, 9223372036854775807, 0, 9223372036763410807
3, 6092, 0, 9223372036854775807, 0, 9223372036763395807
3, 6093, 0, 9223372036854775807, 0, 9223372036763380807
3, 6094, 0, 9223372036854775807, 0, 9223372036763365807
3, 6095, 0, 9223372036854775807, 0, 9223372036763350807
3, 6096, 0, 9223372036854775807, 0, 9223372036763335807
3, 6097, 0, 9223372036854775807, 0, 9223372036763320807
3, 6098, 0, 9223372036854775807, 0, 9223372036763305807
3, 6099, 0, 9223372036854775807, 0, 9223372036763290807
3, 61, 0, 9223372036854775807, 0, 9223372036853860807
3, 610, 0, 9223372036854775807, 0, 9223372036845625807
3, 6100, 0, 9223372036854775807, 0, 9223372036763275807
3, 6101, 0, 9223372036854775807, 0, 9223372036763260807
3, 6102, 0, 9223372036854775807, 0, 9223372036763245807
3, 6103, 0, 9223372036854775807, 0, 9223372036763230807
3, 6104, 0, 9223372036854775807, 0, 9223372036763215807
3, 6105, 0, 9223372036854775807, 0, 9223372036763200807
3, 6106, 0, 9223372036854775807, 0, 9223372036763185807
3, 6107, 0, 9223372036854775807, 0, 9223372036763170807
3, 6108, 0, 9223372036854775807, 0, 9223372036763155807
3, 6109, 0, 9223372036854775807, 0, 9223372036763140807
3, 611, 0, 9223372036854775807, 0, 9223372036845610807
3, 6110, 0, 9223372036854775807, 0, 9223372036763125807
3, 6111, 0, 9223372036854775807, 0, 9223372036763110807
3, 6112, 0, 9223372036854775807, 0, 9223372036763095807
3, 6113, 0, 9223372036854775807, 0, 9223372036763080807
3, 6114, 0, 9223372036854775807, 0, 9223372036763065807
3, 6115, 0, 9223372036854775807, 0, 9223372036763050807
3, 6116, 0, 9223372036854775807, 0, 9223372036763035807
3, 6117, 0, 9223372036854775807, 0, 9223372036763020807
3, 6118, 0, 9223372036854775807, 0, 9223372036763005807
3, 6119, 0, 9223372036854775807, 0, 9223372036762990807
3, 612, 0, 9223372036854775807, 0, 9223372036845595807
3, 6120, 0, 9223372036854775807, 0, 9223372036762975807
3, 6121, 0, 9223372036854775807, 0, 9223372036762960807
3, 6122, 0, 9223372036854775807, 0, 9223372036762945807
3, 6123, 0, 9223372036854775807, 0, 9223372036762930807
3, 6124, 0, 9223372036854775807, 0, 9223372036762915807
3, 6125, 0, 9223372036854775807, 0, 9223372036762900807
3, 6126, 0, 9223372036854775807, 0, 9223372036762885807
3, 6127, 0, 9223372036854775807, 0, 9223372036762870807
3, 6128, 0, 9223372036854775807, 0, 9223372036762855807
3, 6129, 0, 9223372036854775807, 0, 9223372036762840807
3, 613, 0, 9223372036854775807, 0, 9223372036845580807
3, 6130, 0, 9223372036854775807, 0, 9223372036762825807
3, 6131, 0, 9223372036854775807, 0, 9223372036762810807
3, 6132, 0, 9223372036854775807, 0, 9223372036762795807
3, 6133, 0, 9223372036854775807, 0, 9223372036762780807
3, 6134, 0, 9223372036854775807, 0, 9223372036762765807
3, 6135, 0, 9223372036854775807, 0, 9223372036762750807
3, 6136, 0, 9223372036854775807, 0, 9223372036762735807
3, 6137, 0, 9223372036854775807, 0, 9223372036762720807
3, 6138, 0, 9223372036854775807, 0, 9223372036762705807
3, 6139, 0, 9223372036854775807, 0, 9223372036762690807
3, 614, 0, 9223372036854775807, 0, 9223372036845565807
3, 6140, 0, 9223372036854775807, 0, 9223372036762675807
3, 6141, 0, 9223372036854775807, 0, 9223372036762660807
3, 6142, 0, 9223372036854775807, 0, 9223372036762645807
3, 6143, 0, 9223372036854775807, 0, 9223372036762630807
3, 6144, 0, 9223372036854775807, 0, 9223372036762615807
3, 6145, 0, 9223372036854775807, 0, 9223372036762600807
3, 6146, 0, 9223372036854775807, 0, 9223372036762585807
3, 6147, 0, 9223372036854775807, 0, 9223372036762570807
3, 6148, 0, 9223372036854775807, 0, 9223372036762555807
3, 6149, 0, 9223372036854775807, 0, 9223372036762540807
3, 615, 0, 9223372036854775807, 0, 9223372036845550807
3, 6150, 0, 9223372036854775807, 0, 9223372036762525807
3, 6151, 0, 9223372036854775807, 0, 9223372036762510807
3, 6152, 0, 9223372036854775807, 0, 9223372036762495807
3, 6153, 0, 9223372036854775807, 0, 9223372036762480807
3, 6154, 0, 9223372036854775807, 0, 9223372036762465807
3, 6155, 0, 9223372036854775807, 0, 9223372036762450807
3, 6156, 0, 9223372036854775807, 0, 9223372036762435807
3, 6157, 0, 9223372036854775807, 0, 9223372036762420807
3, 6158, 0, 9223372036854775807, 0, 9223372036762405807
3, 6159, 0, 9223372036854775807, 0, 9223372036762390807
3, 616, 0, 9223372036854775807, 0, 9223372036845535807
3, 6160, 0, 9223372036854775807, 0, 9223372036762375807
3, 6161, 0, 9223372036854775807, 0, 9223372036762360807
3, 6162, 0, 9223372036854775807, 0, 9223372036762345807
3, 6163, 0, 9223372036854775807, 0, 9223372036762330807
3, 6164, 0, 9223372036854775807, 0, 9223372036762315807
3, 6165, 0, 9223372036854775807, 0, 9223372036762300807
3, 6166, 0, 9223372036854775807, 0, 9223372036762285807
3, 6167, 0, 9223372036854775807, 0, 9223372036762270807
3, 6168, 0, 9223372036854775807, 0, 9223372036762255807
3, 6169, 0, 9223372036854775807, 0, 9223372036762240807
3, 617, 0, 9223372036854775807, 0, 9223372036845520807
3, 6170, 0, 9223372036854775807, 0, 9223372036762225807
3, 6171, 0, 9223372036854775807, 0, 9223372036762210807
3, 6172, 0, 9223372036854775807, 0, 9223372036762195807
3, 6173, 0, 9223372036854775807, 0, 9223372036762180807
3, 6174, 0, 9223372036854775807, 0, 9223372036762165807
3, 6175, 0, 9223372036854775807, 0, 9223372036762150807
3, 6176, 0, 9223372036854775807, 0, 9223372036762135807
3, 6177, 0, 9223372036854775807, 0, 9223372036762120807
3, 6178, 0, 9223372036854775807, 0, 9223372036762105807
3, 6179, 0, 9223372036854775807, 0, 9223372036762090807
3, 618, 0, 9223372036854775807, 0, 9223372036845505807
3, 6180, 0, 9223372036854775807, 0, 9223372036762075807
3, 6181, 0, 9223372036854775807, 0, 9223372036762060807
3, 6182, 0, 9223372036854775807, 0, 9223372036762045807
3, 6183, 0, 9223372036854775807, 0, 9223372036762030807
3, 6184, 0, 9223372036854775807, 0, 9223372036762015807
3, 6185, 0, 9223372036854775807, 0, 9223372036762000807
3, 6186, 0, 9223372036854775807, 0, 9223372036761985807
3, 6187, 0, 9223372036854775807, 0, 9223372036761970807
3, 6188, 0, 9223372036854775807, 0, 9223372036761955807
3, 6189, 0, 9223372036854775807, 0, 9223372036761940807
3, 619, 0, 9223372036854775807, 0, 9223372036845490807
3, 6190, 0, 9223372036854775807, 0, 9223372036761925807
3, 6191, 0, 9223372036854775807, 0, 9223372036761910807
3, 6192, 0, 9223372036854775807, 0, 9223372036761895807
3, 6193, 0, 9223372036854775807, 0, 9223372036761880807
3, 6194, 0, 9223372036854775807, 0, 9223372036761865807
3, 6195, 0, 9223372036854775807, 0, 9223372036761850807
3, 6196, 0, 9223372036854775807, 0, 9223372036761835807
3, 6197, 0, 9223372036854775807, 0, 9223372036761820807
3, 6198, 0, 9223372036854775807, 0, 9223372036761805807
3, 6199, 0, 9223372036854775807, 0, 9223372036761790807
3, 62, 0, 9223372036854775807, 0, 9223372036853845807
3, 620, 0, 9223372036854775807, 0, 9223372036845475807
3, 6200, 0, 9223372036854775807, 0, 9223372036761775807
3, 6201, 0, 9223372036854775807, 0, 9223372036761760807
3, 6202, 0, 9223372036854775807, 0, 9223372036761745807
3, 6203, 0, 9223372036854775807, 0, 9223372036761730807
3, 6204, 0, 9223372036854775807, 0, 9223372036761715807
3, 6205, 0, 9223372036854775807, 0, 9223372036761700807
3, 6206, 0, 9223372036854775807, 0, 9223372036761685807
3, 6207, 0, 9223372036854775807, 0, 9223372036761670807
3, 6208, 0, 9223372036854775807, 0, 9223372036761655807
3, 6209, 0, 9223372036854775807, 0, 9223372036761640807
3, 621, 0, 9223372036854775807, 0, 9223372036845460807
3, 6210, 0, 9223372036854775807, 0, 9223372036761625807
3, 6211, 0, 9223372036854775807, 0, 9223372036761610807
3, 6212, 0, 9223372036854775807, 0, 9223372036761595807
3, 6213, 0, 9223372036854775807, 0, 9223372036761580807
3, 6214, 0, 9223372036854775807, 0, 9223372036761565807
3, 6215, 0, 9223372036854775807, 0, 9223372036761550807
3, 6216, 0, 9223372036854775807, 0, 9223372036761535807
3, 6217, 0, 9223372036854775807, 0, 9223372036761520807
3, 6218, 0, 9223372036854775807, 0, 9223372036761505807
3, 6219, 0, 9223372036854775807, 0, 9223372036761490807
3, 622, 0, 9223372036854775807, 0, 9223372036845445807
3, 6220, 0, 9223372036854775807, 0, 9223372036761475807
3, 6221, 0, 9223372036854775807, 0, 9223372036761460807
3, 6222, 0, 9223372036854775807, 0, 9223372036761445807
3, 6223, 0, 9223372036854775807, 0, 9223372036761430807
3, 6224, 0, 9223372036854775807, 0, 9223372036761415807
3, 6225, 0, 9223372036854775807, 0, 9223372036761400807
3, 6226, 0, 9223372036854775807, 0, 9223372036761385807
3, 6227, 0, 9223372036854775807, 0, 9223372036761370807
3, 6228, 0, 9223372036854775807, 0, 9223372036761355807
3, 6229, 0, 9223372036854775807, 0, 9223372036761340807
3, 623, 0, 9223372036854775807, 0, 9223372036845430807
3, 6230, 0, 9223372036854775807, 0, 9223372036761325807
3, 6231, 0, 9223372036854775807, 0, 9223372036761310807
3, 6232, 0, 9223372036854775807, 0, 9223372036761295807
3, 6233, 0, 9223372036854775807, 0, 9223372036761280807
3, 6234, 0, 9223372036854775807, 0, 9223372036761265807
3, 6235, 0, 9223372036854775807, 0, 9223372036761250807
3, 6236, 0, 9223372036854775807, 0, 9223372036761235807
3, 6237, 0, 9223372036854775807, 0, 9223372036761220807
3, 6238, 0, 9223372036854775807, 0, 9223372036761205807
3, 6239, 0, 9223372036854775807, 0, 9223372036761190807
3, 624, 0, 9223372036854775807, 0, 9223372036845415807
3, 6240, 0, 9223372036854775807, 0, 9223372036761175807
3, 6241, 0, 9223372036854775807, 0, 9223372036761160807
3, 6242, 0, 9223372036854775807, 0, 9223372036761145807
3, 6243, 0, 9223372036854775807, 0, 9223372036761130807
3, 6244, 0, 9223372036854775807, 0, 9223372036761115807
3, 6245, 0, 9223372036854775807, 0, 9223372036761100807
3, 6246, 0, 9223372036854775807, 0, 9223372036761085807
3, 6247, 0, 9223372036854775807, 0, 9223372036761070807
3, 6248, 0, 9223372036854775807, 0, 9223372036761055807
3, 6249, 0, 9223372036854775807, 0, 9223372036761040807
3, 625, 0, 9223372036854775807, 0, 9223372036845400807
3, 6250, 0, 9223372036854775807, 0, 9223372036761025807
3, 6251, 0, 9223372036854775807, 0, 9223372036761010807
3, 6252, 0, 9223372036854775807, 0, 9223372036760995807
3, 6253, 0, 9223372036854775807, 0, 9223372036760980807
3, 6254, 0, 9223372036854775807, 0, 9223372036760965807
3, 6255, 0, 9223372036854775807, 0, 9223372036760950807
3, 6256, 0, 9223372036854775807, 0, 9223372036760935807
3, 6257, 0, 9223372036854775807, 0, 9223372036760920807
3, 6258, 0, 9223372036854775807, 0, 9223372036760905807
3, 6259, 0, 9223372036854775807, 0, 9223372036760890807
3, 626, 0, 9223372036854775807, 0, 9223372036845385807
3, 6260, 0, 9223372036854775807, 0, 9223372036760875807
3, 6261, 0, 9223372036854775807, 0, 9223372036760860807
3, 6262, 0, 9223372036854775807, 0, 9223372036760845807
3, 6263, 0, 9223372036854775807, 0, 9223372036760830807
3, 6264, 0, 9223372036854775807, 0, 9223372036760815807
3, 6265, 0, 9223372036854775807, 0, 9223372036760800807
3, 6266, 0, 9223372036854775807, 0, 9223372036760785807
3, 6267, 0, 9223372036854775807, 0, 9223372036760770807
3, 6268, 0, 9223372036854775807, 0, 9223372036760755807
3, 6269, 0, 9223372036854775807, 0, 9223372036760740807
3, 627, 0, 9223372036854775807, 0, 9223372036845370807
3, 6270, 0, 9223372036854775807, 0, 9223372036760725807
3, 6271, 0, 9223372036854775807, 0, 9223372036760710807
3, 6272, 0, 9223372036854775807, 0, 9223372036760695807
3, 6273, 0, 9223372036854775807, 0, 9223372036760680807
3, 6274, 0, 9223372036854775807, 0, 9223372036760665807
3, 6275, 0, 9223372036854775807, 0, 9223372036760650807
3, 6276, 0, 9223372036854775807, 0, 9223372036760635807
3, 6277, 0, 9223372036854775807, 0, 9223372036760620807
3, 6278, 0, 9223372036854775807, 0, 9223372036760605807
3, 6279, 0, 9223372036854775807, 0, 9223372036760590807
3, 628, 0, 9223372036854775807, 0, 9223372036845355807
3, 6280, 0, 9223372036854775807, 0, 9223372036760575807
3, 6281, 0, 9223372036854775807, 0, 9223372036760560807
3, 6282, 0, 9223372036854775807, 0, 9223372036760545807
3, 6283, 0, 9223372036854775807, 0, 9223372036760530807
3, 6284, 0, 9223372036854775807, 0, 9223372036760515807
3, 6285, 0, 9223372036854775807, 0, 9223372036760500807
3, 6286, 0, 9223372036854775807, 0, 9223372036760485807
3, 6287, 0, 9223372036854775807, 0, 9223372036760470807
3, 6288, 0, 9223372036854775807, 0, 9223372036760455807
3, 6289, 0, 9223372036854775807, 0, 9223372036760440807
3, 629, 0, 9223372036854775807, 0, 9223372036845340807
3, 6290, 0, 9223372036854775807, 0, 9223372036760425807
3, 6291, 0, 9223372036854775807, 0, 9223372036760410807
3, 6292, 0, 9223372036854775807, 0, 9223372036760395807
3, 6293, 0, 9223372036854775807, 0, 9223372036760380807
3, 6294, 0, 9223372036854775807, 0, 9223372036760365807
3, 6295, 0, 9223372036854775807, 0, 9223372036760350807
3, 6296, 0, 9223372036854775807, 0, 9223372036760335807
3, 6297, 0, 9223372036854775807, 0, 9223372036760320807
3, 6298, 0, 9223372036854775807, 0, 9223372036760305807
3, 6299, 0, 9223372036854775807, 0, 9223372036760290807
3, 63, 0, 9223372036854775807, 0, 9223372036853830807
3, 630, 0, 9223372036854775807, 0, 9223372036845325807
3, 6300, 0, 9223372036854775807, 0, 9223372036760275807
3, 6301, 0, 9223372036854775807, 0, 9223372036760260807
3, 6302, 0, 9223372036854775807, 0, 9223372036760245807
3, 6303, 0, 9223372036854775807, 0, 9223372036760230807
3, 6304, 0, 9223372036854775807, 0, 9223372036760215807
3, 6305, 0, 9223372036854775807, 0, 9223372036760200807
3, 6306, 0, 9223372036854775807, 0, 9223372036760185807
3, 6307, 0, 9223372036854775807, 0, 9223372036760170807
3, 6308, 0, 9223372036854775807, 0, 9223372036760155807
3, 6309, 0, 9223372036854775807, 0, 9223372036760140807
3, 631, 0, 9223372036854775807, 0, 9223372036845310807
3, 6310, 0, 9223372036854775807, 0, 9223372036760125807
3, 6311, 0, 9223372036854775807, 0, 9223372036760110807
3, 6312, 0, 9223372036854775807, 0, 9223372036760095807
3, 6313, 0, 9223372036854775807, 0, 9223372036760080807
3, 6314, 0, 9223372036854775807, 0, 9223372036760065807
3, 6315, 0, 9223372036854775807, 0, 9223372036760050807
3, 6316, 0, 9223372036854775807, 0, 9223372036760035807
3, 6317, 0, 9223372036854775807, 0, 9223372036760020807
3, 6318, 0, 9223372036854775807, 0, 9223372036760005807
3, 6319, 0, 9223372036854775807, 0, 9223372036759990807
3, 632, 0, 9223372036854775807, 0, 9223372036845295807
3, 6320, 0, 9223372036854775807, 0, 9223372036759975807
3, 6321, 0, 9223372036854775807, 0, 9223372036759960807
3, 6322, 0, 9223372036854775807, 0, 9223372036759945807
3, 6323, 0, 9223372036854775807, 0, 9223372036759930807
3, 6324, 0, 9223372036854775807, 0, 9223372036759915807
3, 6325, 0, 9223372036854775807, 0, 9223372036759900807
3, 6326, 0, 9223372036854775807, 0, 9223372036759885807
3, 6327, 0, 9223372036854775807, 0, 9223372036759870807
3, 6328, 0, 9223372036854775807, 0, 9223372036759855807
3, 6329, 0, 9223372036854775807, 0, 9223372036759840807
3, 633, 0, 9223372036854775807, 0, 9223372036845280807
3, 6330, 0, 9223372036854775807, 0, 9223372036759825807
3, 6331, 0, 9223372036854775807, 0, 9223372036759810807
3, 6332, 0, 9223372036854775807, 0, 9223372036759795807
3, 6333, 0, 9223372036854775807, 0, 9223372036759780807
3, 6334, 0, 9223372036854775807, 0, 9223372036759765807
3, 6335, 0, 9223372036854775807, 0, 9223372036759750807
3, 6336, 0, 9223372036854775807, 0, 9223372036759735807
3, 6337, 0, 9223372036854775807, 0, 9223372036759720807
3, 6338, 0, 9223372036854775807, 0, 9223372036759705807
3, 6339, 0, 9223372036854775807, 0, 9223372036759690807
3, 634, 0, 9223372036854775807, 0, 9223372036845265807
3, 6340, 0, 9223372036854775807, 0, 9223372036759675807
3, 6341, 0, 9223372036854775807, 0, 9223372036759660807
3, 6342, 0, 9223372036854775807, 0, 9223372036759645807
3, 6343, 0, 9223372036854775807, 0, 9223372036759630807
3, 6344, 0, 9223372036854775807, 0, 9223372036759615807
3, 6345, 0, 9223372036854775807, 0, 9223372036759600807
3, 6346, 0, 9223372036854775807, 0, 9223372036759585807
3, 6347, 0, 9223372036854775807, 0, 9223372036759570807
3, 6348, 0, 9223372036854775807, 0, 9223372036759555807
3, 6349, 0, 9223372036854775807, 0, 9223372036759540807
3, 635, 0, 9223372036854775807, 0, 9223372036845250807
3, 6350, 0, 9223372036854775807, 0, 9223372036759525807
3, 6351, 0, 9223372036854775807, 0, 9223372036759510807
3, 6352, 0, 9223372036854775807, 0, 9223372036759495807
3, 6353, 0, 9223372036854775807, 0, 9223372036759480807
3, 6354, 0, 9223372036854775807, 0, 9223372036759465807
3, 6355, 0, 9223372036854775807, 0, 9223372036759450807
3, 6356, 0, 9223372036854775807, 0, 9223372036759435807
3, 6357, 0, 9223372036854775807, 0, 9223372036759420807
3, 6358, 0, 9223372036854775807, 0, 9223372036759405807
3, 6359, 0, 9223372036854775807, 0, 9223372036759390807
3, 636, 0, 9223372036854775807, 0, 9223372036845235807
3, 6360, 0, 9223372036854775807, 0, 9223372036759375807
3, 6361, 0, 9223372036854775807, 0, 9223372036759360807
3, 6362, 0, 9223372036854775807, 0, 9223372036759345807
3, 6363, 0, 9223372036854775807, 0, 9223372036759330807
3, 6364, 0, 9223372036854775807, 0, 9223372036759315807
3, 6365, 0, 9223372036854775807, 0, 9223372036759300807
3, 6366, 0, 9223372036854775807, 0, 9223372036759285807
3, 6367, 0, 9223372036854775807, 0, 9223372036759270807
3, 6368, 0, 9223372036854775807, 0, 9223372036759255807
3, 6369, 0, 9223372036854775807, 0, 9223372036759240807
3, 637, 0, 9223372036854775807, 0, 9223372036845220807
3, 6370, 0, 9223372036854775807, 0, 9223372036759225807
3, 6371, 0, 9223372036854775807, 0, 9223372036759210807
3, 6372, 0, 9223372036854775807, 0, 9223372036759195807
3, 6373, 0, 9223372036854775807, 0, 9223372036759180807
3, 6374, 0, 9223372036854775807, 0, 9223372036759165807
3, 6375, 0, 9223372036854775807, 0, 9223372036759150807
3, 6376, 0, 9223372036854775807, 0, 9223372036759135807
3, 6377, 0, 9223372036854775807, 0, 9223372036759120807
3, 6378, 0, 9223372036854775807, 0, 9223372036759105807
3, 6379, 0, 9223372036854775807, 0, 9223372036759090807
3, 638, 0, 9223372036854775807, 0, 9223372036845205807
3, 6380, 0, 9223372036854775807, 0, 9223372036759075807
3, 6381, 0, 9223372036854775807, 0, 9223372036759060807
3, 6382, 0, 9223372036854775807, 0, 9223372036759045807
3, 6383, 0, 9223372036854775807, 0, 9223372036759030807
3, 6384, 0, 9223372036854775807, 0, 9223372036759015807
3, 6385, 0, 9223372036854775807, 0, 9223372036759000807
3, 6386, 0, 9223372036854775807, 0, 9223372036758985807
3, 6387, 0, 9223372036854775807, 0, 9223372036758970807
3, 6388, 0, 9223372036854775807, 0, 9223372036758955807
3, 6389, 0, 9223372036854775807, 0, 9223372036758940807
3, 639, 0, 9223372036854775807, 0, 9223372036845190807
3, 6390, 0, 9223372036854775807, 0, 9223372036758925807
3, 6391, 0, 9223372036854775807, 0, 9223372036758910807
3, 6392, 0, 9223372036854775807, 0, 9223372036758895807
3, 6393, 0, 9223372036854775807, 0, 9223372036758880807
3, 6394, 0, 9223372036854775807, 0, 9223372036758865807
3, 6395, 0, 9223372036854775807, 0, 9223372036758850807
3, 6396, 0, 9223372036854775807, 0, 9223372036758835807
3, 6397, 0, 9223372036854775807, 0, 9223372036758820807
3, 6398, 0, 9223372036854775807, 0, 9223372036758805807
3, 6399, 0, 9223372036854775807, 0, 9223372036758790807
3, 64, 0, 9223372036854775807, 0, 9223372036853815807
3, 640, 0, 9223372036854775807, 0, 9223372036845175807
3, 6400, 0, 9223372036854775807, 0, 9223372036758775807
3, 6401, 0, 9223372036854775807, 0, 9223372036758760807
3, 6402, 0, 9223372036854775807, 0, 9223372036758745807
3, 6403, 0, 9223372036854775807, 0, 9223372036758730807
3, 6404, 0, 9223372036854775807, 0, 9223372036758715807
3, 6405, 0, 9223372036854775807, 0, 9223372036758700807
3, 6406, 0, 9223372036854775807, 0, 9223372036758685807
3, 6407, 0, 9223372036854775807, 0, 9223372036758670807
3, 6408, 0, 9223372036854775807, 0, 9223372036758655807
3, 6409, 0, 9223372036854775807, 0, 9223372036758640807
3, 641, 0, 9223372036854775807, 0, 9223372036845160807
3, 6410, 0, 9223372036854775807, 0, 9223372036758625807
3, 6411, 0, 9223372036854775807, 0, 9223372036758610807
3, 6412, 0, 9223372036854775807, 0, 9223372036758595807
3, 6413, 0, 9223372036854775807, 0, 9223372036758580807
3, 6414, 0, 9223372036854775807, 0, 9223372036758565807
3, 6415, 0, 9223372036854775807, 0, 9223372036758550807
3, 6416, 0, 9223372036854775807, 0, 9223372036758535807
3, 6417, 0, 9223372036854775807, 0, 9223372036758520807
3, 6418, 0, 9223372036854775807, 0, 9223372036758505807
3, 6419, 0, 9223372036854775807, 0, 9223372036758490807
3, 642, 0, 9223372036854775807, 0, 9223372036845145807
3, 6420, 0, 9223372036854775807, 0, 9223372036758475807
3, 6421, 0, 9223372036854775807, 0, 9223372036758460807
3, 6422, 0, 9223372036854775807, 0, 9223372036758445807
3, 6423, 0, 9223372036854775807, 0, 9223372036758430807
3, 6424, 0, 9223372036854775807, 0, 9223372036758415807
3, 6425, 0, 9223372036854775807, 0, 9223372036758400807
3, 6426, 0, 9223372036854775807, 0, 9223372036758385807
3, 6427, 0, 9223372036854775807, 0, 9223372036758370807
3, 6428, 0, 9223372036854775807, 0, 9223372036758355807
3, 6429, 0, 9223372036854775807, 0, 9223372036758340807
3, 643, 0, 9223372036854775807, 0, 9223372036845130807
3, 6430, 0, 9223372036854775807, 0, 9223372036758325807
3, 6431, 0, 9223372036854775807, 0, 9223372036758310807
3, 6432, 0, 9223372036854775807, 0, 9223372036758295807
3, 6433, 0, 9223372036854775807, 0, 9223372036758280807
3, 6434, 0, 9223372036854775807, 0, 9223372036758265807
3, 6435, 0, 9223372036854775807, 0, 9223372036758250807
3, 6436, 0, 9223372036854775807, 0, 9223372036758235807
3, 6437, 0, 9223372036854775807, 0, 9223372036758220807
3, 6438, 0, 9223372036854775807, 0, 9223372036758205807
3, 6439, 0, 9223372036854775807, 0, 9223372036758190807
3, 644, 0, 9223372036854775807, 0, 9223372036845115807
3, 6440, 0, 9223372036854775807, 0, 9223372036758175807
3, 6441, 0, 9223372036854775807, 0, 9223372036758160807
3, 6442, 0, 9223372036854775807, 0, 9223372036758145807
3, 6443, 0, 9223372036854775807, 0, 9223372036758130807
3, 6444, 0, 9223372036854775807, 0, 9223372036758115807
3, 6445, 0, 9223372036854775807, 0, 9223372036758100807
3, 6446, 0, 9223372036854775807, 0, 9223372036758085807
3, 6447, 0, 9223372036854775807, 0, 9223372036758070807
3, 6448, 0, 9223372036854775807, 0, 9223372036758055807
3, 6449, 0, 9223372036854775807, 0, 9223372036758040807
3, 645, 0, 9223372036854775807, 0, 9223372036845100807
3, 6450, 0, 9223372036854775807, 0, 9223372036758025807
3, 6451, 0, 9223372036854775807, 0, 9223372036758010807
3, 6452, 0, 9223372036854775807, 0, 9223372036757995807
3, 6453, 0, 9223372036854775807, 0, 9223372036757980807
3, 6454, 0, 9223372036854775807, 0, 9223372036757965807
3, 6455, 0, 9223372036854775807, 0, 9223372036757950807
3, 6456, 0, 9223372036854775807, 0, 9223372036757935807
3, 6457, 0, 9223372036854775807, 0, 9223372036757920807
3, 6458, 0, 9223372036854775807, 0, 9223372036757905807
3, 6459, 0, 9223372036854775807, 0, 9223372036757890807
3, 646, 0, 9223372036854775807, 0, 9223372036845085807
3, 6460, 0, 9223372036854775807, 0, 9223372036757875807
3, 6461, 0, 9223372036854775807, 0, 9223372036757860807
3, 6462, 0, 9223372036854775807, 0, 9223372036757845807
3, 6463, 0, 9223372036854775807, 0, 9223372036757830807
3, 6464, 0, 9223372036854775807, 0, 9223372036757815807
3, 6465, 0, 9223372036854775807, 0, 9223372036757800807
3, 6466, 0, 9223372036854775807, 0, 9223372036757785807
3, 6467, 0, 9223372036854775807, 0, 9223372036757770807
3, 6468, 0, 9223372036854775807, 0, 9223372036757755807
3, 6469, 0, 9223372036854775807, 0, 9223372036757740807
3, 647, 0, 9223372036854775807, 0, 9223372036845070807
3, 6470, 0, 9223372036854775807, 0, 9223372036757725807
3, 6471, 0, 9223372036854775807, 0, 9223372036757710807
3, 6472, 0, 9223372036854775807, 0, 9223372036757695807
3, 6473, 0, 9223372036854775807, 0, 9223372036757680807
3, 6474, 0, 9223372036854775807, 0, 9223372036757665807
3, 6475, 0, 9223372036854775807, 0, 9223372036757650807
3, 6476, 0, 9223372036854775807, 0, 9223372036757635807
3, 6477, 0, 9223372036854775807, 0, 9223372036757620807
3, 6478, 0, 9223372036854775807, 0, 9223372036757605807
3, 6479, 0, 9223372036854775807, 0, 9223372036757590807
3, 648, 0, 9223372036854775807, 0, 9223372036845055807
3, 6480, 0, 9223372036854775807, 0, 9223372036757575807
3, 6481, 0, 9223372036854775807, 0, 9223372036757560807
3, 6482, 0, 9223372036854775807, 0, 9223372036757545807
3, 6483, 0, 9223372036854775807, 0, 9223372036757530807
3, 6484, 0, 9223372036854775807, 0, 9223372036757515807
3, 6485, 0, 9223372036854775807, 0, 9223372036757500807
3, 6486, 0, 9223372036854775807, 0, 9223372036757485807
3, 6487, 0, 9223372036854775807, 0, 9223372036757470807
3, 6488, 0, 9223372036854775807, 0, 9223372036757455807
3, 6489, 0, 9223372036854775807, 0, 9223372036757440807
3, 649, 0, 9223372036854775807, 0, 9223372036845040807
3, 6490, 0, 9223372036854775807, 0, 9223372036757425807
3, 6491, 0, 9223372036854775807, 0, 9223372036757410807
3, 6492, 0, 9223372036854775807, 0, 9223372036757395807
3, 6493, 0, 9223372036854775807, 0, 9223372036757380807
3, 6494, 0, 9223372036854775807, 0, 9223372036757365807
3, 6495, 0, 9223372036854775807, 0, 9223372036757350807
3, 6496, 0, 9223372036854775807, 0, 9223372036757335807
3, 6497, 0, 9223372036854775807, 0, 9223372036757320807
3, 6498, 0, 9223372036854775807, 0, 9223372036757305807
3, 6499, 0, 9223372036854775807, 0, 9223372036757290807
3, 65, 0, 9223372036854775807, 0, 9223372036853800807
3, 650, 0, 9223372036854775807, 0, 9223372036845025807
3, 6500, 0, 9223372036854775807, 0, 9223372036757275807
3, 6501, 0, 9223372036854775807, 0, 9223372036757260807
3, 6502, 0, 9223372036854775807, 0, 9223372036757245807
3, 6503, 0, 9223372036854775807, 0, 9223372036757230807
3, 6504, 0, 9223372036854775807, 0, 9223372036757215807
3, 6505, 0, 9223372036854775807, 0, 9223372036757200807
3, 6506, 0, 9223372036854775807, 0, 9223372036757185807
3, 6507, 0, 9223372036854775807, 0, 9223372036757170807
3, 6508, 0, 9223372036854775807, 0, 9223372036757155807
3, 6509, 0, 9223372036854775807, 0, 9223372036757140807
3, 651, 0, 9223372036854775807, 0, 9223372036845010807
3, 6510, 0, 9223372036854775807, 0, 9223372036757125807
3, 6511, 0, 9223372036854775807, 0, 9223372036757110807
3, 6512, 0, 9223372036854775807, 0, 9223372036757095807
3, 6513, 0, 9223372036854775807, 0, 9223372036757080807
3, 6514, 0, 9223372036854775807, 0, 9223372036757065807
3, 6515, 0, 9223372036854775807, 0, 9223372036757050807
3, 6516, 0, 9223372036854775807, 0, 9223372036757035807
3, 6517, 0, 9223372036854775807, 0, 9223372036757020807
3, 6518, 0, 9223372036854775807, 0, 9223372036757005807
3, 6519, 0, 9223372036854775807, 0, 9223372036756990807
3, 652, 0, 9223372036854775807, 0, 9223372036844995807
3, 6520, 0, 9223372036854775807, 0, 9223372036756975807
3, 6521, 0, 9223372036854775807, 0, 9223372036756960807
3, 6522, 0, 9223372036854775807, 0, 9223372036756945807
3, 6523, 0, 9223372036854775807, 0, 9223372036756930807
3, 6524, 0, 9223372036854775807, 0, 9223372036756915807
3, 6525, 0, 9223372036854775807, 0, 9223372036756900807
3, 6526, 0, 9223372036854775807, 0, 9223372036756885807
3, 6527, 0, 9223372036854775807, 0, 9223372036756870807
3, 6528, 0, 9223372036854775807, 0, 9223372036756855807
3, 6529, 0, 9223372036854775807, 0, 9223372036756840807
3, 653, 0, 9223372036854775807, 0, 9223372036844980807
3, 6530, 0, 9223372036854775807, 0, 9223372036756825807
3, 6531, 0, 9223372036854775807, 0, 9223372036756810807
3, 6532, 0, 9223372036854775807, 0, 9223372036756795807
3, 6533, 0, 9223372036854775807, 0, 9223372036756780807
3, 6534, 0, 9223372036854775807, 0, 9223372036756765807
3, 6535, 0, 9223372036854775807, 0, 9223372036756750807
3, 6536, 0, 9223372036854775807, 0, 9223372036756735807
3, 6537, 0, 9223372036854775807, 0, 9223372036756720807
3, 6538, 0, 9223372036854775807, 0, 9223372036756705807
3, 6539, 0, 9223372036854775807, 0, 9223372036756690807
3, 654, 0, 9223372036854775807, 0, 9223372036844965807
3, 6540, 0, 9223372036854775807, 0, 9223372036756675807
3, 6541, 0, 9223372036854775807, 0, 9223372036756660807
3, 6542, 0, 9223372036854775807, 0, 9223372036756645807
3, 6543, 0, 9223372036854775807, 0, 9223372036756630807
3, 6544, 0, 9223372036854775807, 0, 9223372036756615807
3, 6545, 0, 9223372036854775807, 0, 9223372036756600807
3, 6546, 0, 9223372036854775807, 0, 9223372036756585807
3, 6547, 0, 9223372036854775807, 0, 9223372036756570807
3, 6548, 0, 9223372036854775807, 0, 9223372036756555807
3, 6549, 0, 9223372036854775807, 0, 9223372036756540807
3, 655, 0, 9223372036854775807, 0, 9223372036844950807
3, 6550, 0, 9223372036854775807, 0, 9223372036756525807
3, 6551, 0, 9223372036854775807, 0, 9223372036756510807
3, 6552, 0, 9223372036854775807, 0, 9223372036756495807
3, 6553, 0, 9223372036854775807, 0, 9223372036756480807
3, 6554, 0, 9223372036854775807, 0, 9223372036756465807
3, 6555, 0, 9223372036854775807, 0, 9223372036756450807
3, 6556, 0, 9223372036854775807, 0, 9223372036756435807
3, 6557, 0, 9223372036854775807, 0, 9223372036756420807
3, 6558, 0, 9223372036854775807, 0, 9223372036756405807
3, 6559, 0, 9223372036854775807, 0, 9223372036756390807
3, 656, 0, 9223372036854775807, 0, 9223372036844935807
3, 6560, 0, 9223372036854775807, 0, 9223372036756375807
3, 6561, 0, 9223372036854775807, 0, 9223372036756360807
3, 6562, 0, 9223372036854775807, 0, 9223372036756345807
3, 6563, 0, 9223372036854775807, 0, 9223372036756330807
3, 6564, 0, 9223372036854775807, 0, 9223372036756315807
3, 6565, 0, 9223372036854775807, 0, 9223372036756300807
3, 6566, 0, 9223372036854775807, 0, 9223372036756285807
3, 6567, 0, 9223372036854775807, 0, 9223372036756270807
3, 6568, 0, 9223372036854775807, 0, 9223372036756255807
3, 6569, 0, 9223372036854775807, 0, 9223372036756240807
3, 657, 0, 9223372036854775807, 0, 9223372036844920807
3, 6570, 0, 9223372036854775807, 0, 9223372036756225807
3, 6571, 0, 9223372036854775807, 0, 9223372036756210807
3, 6572, 0, 9223372036854775807, 0, 9223372036756195807
3, 6573, 0, 9223372036854775807, 0, 9223372036756180807
3, 6574, 0, 9223372036854775807, 0, 9223372036756165807
3, 6575, 0, 9223372036854775807, 0, 9223372036756150807
3, 6576, 0, 9223372036854775807, 0, 9223372036756135807
3, 6577, 0, 9223372036854775807, 0, 9223372036756120807
3, 6578, 0, 9223372036854775807, 0, 9223372036756105807
3, 6579, 0, 9223372036854775807, 0, 9223372036756090807
3, 658, 0, 9223372036854775807, 0, 9223372036844905807
3, 6580, 0, 9223372036854775807, 0, 9223372036756075807
3, 6581, 0, 9223372036854775807, 0, 9223372036756060807
3, 6582, 0, 9223372036854775807, 0, 9223372036756045807
3, 6583, 0, 9223372036854775807, 0, 9223372036756030807
3, 6584, 0, 9223372036854775807, 0, 9223372036756015807
3, 6585, 0, 9223372036854775807, 0, 9223372036756000807
3, 6586, 0, 9223372036854775807, 0, 9223372036755985807
3, 6587, 0, 9223372036854775807, 0, 9223372036755970807
3, 6588, 0, 9223372036854775807, 0, 9223372036755955807
3, 6589, 0, 9223372036854775807, 0, 9223372036755940807
3, 659, 0, 9223372036854775807, 0, 9223372036844890807
3, 6590, 0, 9223372036854775807, 0, 9223372036755925807
3, 6591, 0, 9223372036854775807, 0, 9223372036755910807
3, 6592, 0, 9223372036854775807, 0, 9223372036755895807
3, 6593, 0, 9223372036854775807, 0, 9223372036755880807
3, 6594, 0, 9223372036854775807, 0, 9223372036755865807
3, 6595, 0, 9223372036854775807, 0, 9223372036755850807
3, 6596, 0, 9223372036854775807, 0, 9223372036755835807
3, 6597, 0, 9223372036854775807, 0, 9223372036755820807
3, 6598, 0, 9223372036854775807, 0, 9223372036755805807
3, 6599, 0, 9223372036854775807, 0, 9223372036755790807
3, 66, 0, 9223372036854775807, 0, 9223372036853785807
3, 660, 0, 9223372036854775807, 0, 9223372036844875807
3, 6600, 0, 9223372036854775807, 0, 9223372036755775807
3, 6601, 0, 9223372036854775807, 0, 9223372036755760807
3, 6602, 0, 9223372036854775807, 0, 9223372036755745807
3, 6603, 0, 9223372036854775807, 0, 9223372036755730807
3, 6604, 0, 9223372036854775807, 0, 9223372036755715807
3, 6605, 0, 9223372036854775807, 0, 9223372036755700807
3, 6606, 0, 9223372036854775807, 0, 9223372036755685807
3, 6607, 0, 9223372036854775807, 0, 9223372036755670807
3, 6608, 0, 9223372036854775807, 0, 9223372036755655807
3, 6609, 0, 9223372036854775807, 0, 9223372036755640807
3, 661, 0, 9223372036854775807, 0, 9223372036844860807
3, 6610, 0, 9223372036854775807, 0, 9223372036755625807
3, 6611, 0, 9223372036854775807, 0, 9223372036755610807
3, 6612, 0, 9223372036854775807, 0, 9223372036755595807
3, 6613, 0, 9223372036854775807, 0, 9223372036755580807
3, 6614, 0, 9223372036854775807, 0, 9223372036755565807
3, 6615, 0, 9223372036854775807, 0, 9223372036755550807
3, 6616, 0, 9223372036854775807, 0, 9223372036755535807
3, 6617, 0, 9223372036854775807, 0, 9223372036755520807
3, 6618, 0, 9223372036854775807, 0, 9223372036755505807
3, 6619, 0, 9223372036854775807, 0, 9223372036755490807
3, 662, 0, 9223372036854775807, 0, 9223372036844845807
3, 6620, 0, 9223372036854775807, 0, 9223372036755475807
3, 6621, 0, 9223372036854775807, 0, 9223372036755460807
3, 6622, 0, 9223372036854775807, 0, 9223372036755445807
3, 6623, 0, 9223372036854775807, 0, 9223372036755430807
3, 6624, 0, 9223372036854775807, 0, 9223372036755415807
3, 6625, 0, 9223372036854775807, 0, 9223372036755400807
3, 6626, 0, 9223372036854775807, 0, 9223372036755385807
3, 6627, 0, 9223372036854775807, 0, 9223372036755370807
3, 6628, 0, 9223372036854775807, 0, 9223372036755355807
3, 6629, 0, 9223372036854775807, 0, 9223372036755340807
3, 663, 0, 9223372036854775807, 0, 9223372036844830807
3, 6630, 0, 9223372036854775807, 0, 9223372036755325807
3, 6631, 0, 9223372036854775807, 0, 9223372036755310807
3, 6632, 0, 9223372036854775807, 0, 9223372036755295807
3, 6633, 0, 9223372036854775807, 0, 9223372036755280807
3, 6634, 0, 9223372036854775807, 0, 9223372036755265807
3, 6635, 0, 9223372036854775807, 0, 9223372036755250807
3, 6636, 0, 9223372036854775807, 0, 9223372036755235807
3, 6637, 0, 9223372036854775807, 0, 9223372036755220807
3, 6638, 0, 9223372036854775807, 0, 9223372036755205807
3, 6639, 0, 9223372036854775807, 0, 9223372036755190807
3, 664, 0, 9223372036854775807, 0, 9223372036844815807
3, 6640, 0, 9223372036854775807, 0, 9223372036755175807
3, 6641, 0, 9223372036854775807, 0, 9223372036755160807
3, 6642, 0, 9223372036854775807, 0, 9223372036755145807
3, 6643, 0, 9223372036854775807, 0, 9223372036755130807
3, 6644, 0, 9223372036854775807, 0, 9223372036755115807
3, 6645, 0, 9223372036854775807, 0, 9223372036755100807
3, 6646, 0, 9223372036854775807, 0, 9223372036755085807
3, 6647, 0, 9223372036854775807, 0, 9223372036755070807
3, 6648, 0, 9223372036854775807, 0, 9223372036755055807
3, 6649, 0, 9223372036854775807, 0, 9223372036755040807
3, 665, 0, 9223372036854775807, 0, 9223372036844800807
3, 6650, 0, 9223372036854775807, 0, 9223372036755025807
3, 6651, 0, 9223372036854775807, 0, 9223372036755010807
3, 6652, 0, 9223372036854775807, 0, 9223372036754995807
3, 6653, 0, 9223372036854775807, 0, 9223372036754980807
3, 6654, 0, 9223372036854775807, 0, 9223372036754965807
3, 6655, 0, 9223372036854775807, 0, 9223372036754950807
3, 6656, 0, 9223372036854775807, 0, 9223372036754935807
3, 6657, 0, 9223372036854775807, 0, 9223372036754920807
3, 6658, 0, 9223372036854775807, 0, 9223372036754905807
3, 6659, 0, 9223372036854775807, 0, 9223372036754890807
3, 666, 0, 9223372036854775807, 0, 9223372036844785807
3, 6660, 0, 9223372036854775807, 0, 9223372036754875807
3, 6661, 0, 9223372036854775807, 0, 9223372036754860807
3, 6662, 0, 9223372036854775807, 0, 9223372036754845807
3, 6663, 0, 9223372036854775807, 0, 9223372036754830807
3, 6664, 0, 9223372036854775807, 0, 9223372036754815807
3, 6665, 0, 9223372036854775807, 0, 9223372036754800807
3, 6666, 0, 9223372036854775807, 0, 9223372036754785807
3, 6667, 0, 9223372036854775807, 0, 9223372036754770807
3, 6668, 0, 9223372036854775807, 0, 9223372036754755807
3, 6669, 0, 9223372036854775807, 0, 9223372036754740807
3, 667, 0, 9223372036854775807, 0, 9223372036844770807
3, 6670, 0, 9223372036854775807, 0, 9223372036754725807
3, 6671, 0, 9223372036854775807, 0, 9223372036754710807
3, 6672, 0, 9223372036854775807, 0, 9223372036754695807
3, 6673, 0, 9223372036854775807, 0, 9223372036754680807
3, 6674, 0, 9223372036854775807, 0, 9223372036754665807
3, 6675, 0, 9223372036854775807, 0, 9223372036754650807
3, 6676, 0, 9223372036854775807, 0, 9223372036754635807
3, 6677, 0, 9223372036854775807, 0, 9223372036754620807
3, 6678, 0, 9223372036854775807, 0, 9223372036754605807
3, 6679, 0, 9223372036854775807, 0, 9223372036754590807
3, 668, 0, 9223372036854775807, 0, 9223372036844755807
3, 6680, 0, 9223372036854775807, 0, 9223372036754575807
3, 6681, 0, 9223372036854775807, 0, 9223372036754560807
3, 6682, 0, 9223372036854775807, 0, 9223372036754545807
3, 6683, 0, 9223372036854775807, 0, 9223372036754530807
3, 6684, 0, 9223372036854775807, 0, 9223372036754515807
3, 6685, 0, 9223372036854775807, 0, 9223372036754500807
3, 6686, 0, 9223372036854775807, 0, 9223372036754485807
3, 6687, 0, 9223372036854775807, 0, 9223372036754470807
3, 6688, 0, 9223372036854775807, 0, 9223372036754455807
3, 6689, 0, 9223372036854775807, 0, 9223372036754440807
3, 669, 0, 9223372036854775807, 0, 9223372036844740807
3, 6690, 0, 9223372036854775807, 0, 9223372036754425807
3, 6691, 0, 9223372036854775807, 0, 9223372036754410807
3, 6692, 0, 9223372036854775807, 0, 9223372036754395807
3, 6693, 0, 9223372036854775807, 0, 9223372036754380807
3, 6694, 0, 9223372036854775807, 0, 9223372036754365807
3, 6695, 0, 9223372036854775807, 0, 9223372036754350807
3, 6696, 0, 9223372036854775807, 0, 9223372036754335807
3, 6697, 0, 9223372036854775807, 0, 9223372036754320807
3, 6698, 0, 9223372036854775807, 0, 9223372036754305807
3, 6699, 0, 9223372036854775807, 0, 9223372036754290807
3, 67, 0, 9223372036854775807, 0, 9223372036853770807
3, 670, 0, 9223372036854775807, 0, 9223372036844725807
3, 6700, 0, 9223372036854775807, 0, 9223372036754275807
3, 6701, 0, 9223372036854775807, 0, 9223372036754260807
3, 6702, 0, 9223372036854775807, 0, 9223372036754245807
3, 6703, 0, 9223372036854775807, 0, 9223372036754230807
3, 6704, 0, 9223372036854775807, 0, 9223372036754215807
3, 6705, 0, 9223372036854775807, 0, 9223372036754200807
3, 6706, 0, 9223372036854775807, 0, 9223372036754185807
3, 6707, 0, 9223372036854775807, 0, 9223372036754170807
3, 6708, 0, 9223372036854775807, 0, 9223372036754155807
3, 6709, 0, 9223372036854775807, 0, 9223372036754140807
3, 671, 0, 9223372036854775807, 0, 9223372036844710807
3, 6710, 0, 9223372036854775807, 0, 9223372036754125807
3, 6711, 0, 9223372036854775807, 0, 9223372036754110807
3, 6712, 0, 9223372036854775807, 0, 9223372036754095807
3, 6713, 0, 9223372036854775807, 0, 9223372036754080807
3, 6714, 0, 9223372036854775807, 0, 9223372036754065807
3, 6715, 0, 9223372036854775807, 0, 9223372036754050807
3, 6716, 0, 9223372036854775807, 0, 9223372036754035807
3, 6717, 0, 9223372036854775807, 0, 9223372036754020807
3, 6718, 0, 9223372036854775807, 0, 9223372036754005807
3, 6719, 0, 9223372036854775807, 0, 9223372036753990807
3, 672, 0, 9223372036854775807, 0, 9223372036844695807
3, 6720, 0, 9223372036854775807, 0, 9223372036753975807
3, 6721, 0, 9223372036854775807, 0, 9223372036753960807
3, 6722, 0, 9223372036854775807, 0, 9223372036753945807
3, 6723, 0, 9223372036854775807, 0, 9223372036753930807
3, 6724, 0, 9223372036854775807, 0, 9223372036753915807
3, 6725, 0, 9223372036854775807, 0, 9223372036753900807
3, 6726, 0, 9223372036854775807, 0, 9223372036753885807
3, 6727, 0, 9223372036854775807, 0, 9223372036753870807
3, 6728, 0, 9223372036854775807, 0, 9223372036753855807
3, 6729, 0, 9223372036854775807, 0, 9223372036753840807
3, 673, 0, 9223372036854775807, 0, 9223372036844680807
3, 6730, 0, 9223372036854775807, 0, 9223372036753825807
3, 6731, 0, 9223372036854775807, 0, 9223372036753810807
3, 6732, 0, 9223372036854775807, 0, 9223372036753795807
3, 6733, 0, 9223372036854775807, 0, 9223372036753780807
3, 6734, 0, 9223372036854775807, 0, 9223372036753765807
3, 6735, 0, 9223372036854775807, 0, 9223372036753750807
3, 6736, 0, 9223372036854775807, 0, 9223372036753735807
3, 6737, 0, 9223372036854775807, 0, 9223372036753720807
3, 6738, 0, 9223372036854775807, 0, 9223372036753705807
3, 6739, 0, 9223372036854775807, 0, 9223372036753690807
3, 674, 0, 9223372036854775807, 0, 9223372036844665807
3, 6740, 0, 9223372036854775807, 0, 9223372036753675807
3, 6741, 0, 9223372036854775807, 0, 9223372036753660807
3, 6742, 0, 9223372036854775807, 0, 9223372036753645807
3, 6743, 0, 9223372036854775807, 0, 9223372036753630807
3, 6744, 0, 9223372036854775807, 0, 9223372036753615807
3, 6745, 0, 9223372036854775807, 0, 9223372036753600807
3, 6746, 0, 9223372036854775807, 0, 9223372036753585807
3, 6747, 0, 9223372036854775807, 0, 9223372036753570807
3, 6748, 0, 9223372036854775807, 0, 9223372036753555807
3, 6749, 0, 9223372036854775807, 0, 9223372036753540807
3, 675, 0, 9223372036854775807, 0, 9223372036844650807
3, 6750, 0, 9223372036854775807, 0, 9223372036753525807
3, 6751, 0, 9223372036854775807, 0, 9223372036753510807
3, 6752, 0, 9223372036854775807, 0, 9223372036753495807
3, 6753, 0, 9223372036854775807, 0, 9223372036753480807
3, 6754, 0, 9223372036854775807, 0, 9223372036753465807
3, 6755, 0, 9223372036854775807, 0, 9223372036753450807
3, 6756, 0, 9223372036854775807, 0, 9223372036753435807
3, 6757, 0, 9223372036854775807, 0, 9223372036753420807
3, 6758, 0, 9223372036854775807, 0, 9223372036753405807
3, 6759, 0, 9223372036854775807, 0, 9223372036753390807
3, 676, 0, 9223372036854775807, 0, 9223372036844635807
3, 6760, 0, 9223372036854775807, 0, 9223372036753375807
3, 6761, 0, 9223372036854775807, 0, 9223372036753360807
3, 6762, 0, 9223372036854775807, 0, 9223372036753345807
3, 6763, 0, 9223372036854775807, 0, 9223372036753330807
3, 6764, 0, 9223372036854775807, 0, 9223372036753315807
3, 6765, 0, 9223372036854775807, 0, 9223372036753300807
3, 6766, 0, 9223372036854775807, 0, 9223372036753285807
3, 6767, 0, 9223372036854775807, 0, 9223372036753270807
3, 6768, 0, 9223372036854775807, 0, 9223372036753255807
3, 6769, 0, 9223372036854775807, 0, 9223372036753240807
3, 677, 0, 9223372036854775807, 0, 9223372036844620807
3, 6770, 0, 9223372036854775807, 0, 9223372036753225807
3, 6771, 0, 9223372036854775807, 0, 9223372036753210807
3, 6772, 0, 9223372036854775807, 0, 9223372036753195807
3, 6773, 0, 9223372036854775807, 0, 9223372036753180807
3, 6774, 0, 9223372036854775807, 0, 9223372036753165807
3, 6775, 0, 9223372036854775807, 0, 9223372036753150807
3, 6776, 0, 9223372036854775807, 0, 9223372036753135807
3, 6777, 0, 9223372036854775807, 0, 9223372036753120807
3, 6778, 0, 9223372036854775807, 0, 9223372036753105807
3, 6779, 0, 9223372036854775807, 0, 9223372036753090807
3, 678, 0, 9223372036854775807, 0, 9223372036844605807
3, 6780, 0, 9223372036854775807, 0, 9223372036753075807
3, 6781, 0, 9223372036854775807, 0, 9223372036753060807
3, 6782, 0, 9223372036854775807, 0, 9223372036753045807
3, 6783, 0, 9223372036854775807, 0, 9223372036753030807
3, 6784, 0, 9223372036854775807, 0, 9223372036753015807
3, 6785, 0, 9223372036854775807, 0, 9223372036753000807
3, 6786, 0, 9223372036854775807, 0, 9223372036752985807
3, 6787, 0, 9223372036854775807, 0, 9223372036752970807
3, 6788, 0, 9223372036854775807, 0, 9223372036752955807
3, 6789, 0, 9223372036854775807, 0, 9223372036752940807
3, 679, 0, 9223372036854775807, 0, 9223372036844590807
3, 6790, 0, 9223372036854775807, 0, 9223372036752925807
3, 6791, 0, 9223372036854775807, 0, 9223372036752910807
3, 6792, 0, 9223372036854775807, 0, 9223372036752895807
3, 6793, 0, 9223372036854775807, 0, 9223372036752880807
3, 6794, 0, 9223372036854775807, 0, 9223372036752865807
3, 6795, 0, 9223372036854775807, 0, 9223372036752850807
3, 6796, 0, 9223372036854775807, 0, 9223372036752835807
3, 6797, 0, 9223372036854775807, 0, 9223372036752820807
3, 6798, 0, 9223372036854775807, 0, 9223372036752805807
3, 6799, 0, 9223372036854775807, 0, 9223372036752790807
3, 68, 0, 9223372036854775807, 0, 9223372036853755807
3, 680, 0, 9223372036854775807, 0, 9223372036844575807
3, 6800, 0, 9223372036854775807, 0, 9223372036752775807
3, 6801, 0, 9223372036854775807, 0, 9223372036752760807
3, 6802, 0, 9223372036854775807, 0, 9223372036752745807
3, 6803, 0, 9223372036854775807, 0, 9223372036752730807
3, 6804, 0, 9223372036854775807, 0, 9223372036752715807
3, 6805, 0, 9223372036854775807, 0, 9223372036752700807
3, 6806, 0, 9223372036854775807, 0, 9223372036752685807
3, 6807, 0, 9223372036854775807, 0, 9223372036752670807
3, 6808, 0, 9223372036854775807, 0, 9223372036752655807
3, 6809, 0, 9223372036854775807, 0, 9223372036752640807
3, 681, 0, 9223372036854775807, 0, 9223372036844560807
3, 6810, 0, 9223372036854775807, 0, 9223372036752625807
3, 6811, 0, 9223372036854775807, 0, 9223372036752610807
3, 6812, 0, 9223372036854775807, 0, 9223372036752595807
3, 6813, 0, 9223372036854775807, 0, 9223372036752580807
3, 6814, 0, 9223372036854775807, 0, 9223372036752565807
3, 6815, 0, 9223372036854775807, 0, 9223372036752550807
3, 6816, 0, 9223372036854775807, 0, 9223372036752535807
3, 6817, 0, 9223372036854775807, 0, 9223372036752520807
3, 6818, 0, 9223372036854775807, 0, 9223372036752505807
3, 6819, 0, 9223372036854775807, 0, 9223372036752490807
3, 682, 0, 9223372036854775807, 0, 9223372036844545807
3, 6820, 0, 9223372036854775807, 0, 9223372036752475807
3, 6821, 0, 9223372036854775807, 0, 9223372036752460807
3, 6822, 0, 9223372036854775807, 0, 9223372036752445807
3, 6823, 0, 9223372036854775807, 0, 9223372036752430807
3, 6824, 0, 9223372036854775807, 0, 9223372036752415807
3, 6825, 0, 9223372036854775807, 0, 9223372036752400807
3, 6826, 0, 9223372036854775807, 0, 9223372036752385807
3, 6827, 0, 9223372036854775807, 0, 9223372036752370807
3, 6828, 0, 9223372036854775807, 0, 9223372036752355807
3, 6829, 0, 9223372036854775807, 0, 9223372036752340807
3, 683, 0, 9223372036854775807, 0, 9223372036844530807
3, 6830, 0, 9223372036854775807, 0, 9223372036752325807
3, 6831, 0, 9223372036854775807, 0, 9223372036752310807
3, 6832, 0, 9223372036854775807, 0, 9223372036752295807
3, 6833, 0, 9223372036854775807, 0, 9223372036752280807
3, 6834, 0, 9223372036854775807, 0, 9223372036752265807
3, 6835, 0, 9223372036854775807, 0, 9223372036752250807
3, 6836, 0, 9223372036854775807, 0, 9223372036752235807
3, 6837, 0, 9223372036854775807, 0, 9223372036752220807
3, 6838, 0, 9223372036854775807, 0, 9223372036752205807
3, 6839, 0, 9223372036854775807, 0, 9223372036752190807
3, 684, 0, 9223372036854775807, 0, 9223372036844515807
3, 6840, 0, 9223372036854775807, 0, 9223372036752175807
3, 6841, 0, 9223372036854775807, 0, 9223372036752160807
3, 6842, 0, 9223372036854775807, 0, 9223372036752145807
3, 6843, 0, 9223372036854775807, 0, 9223372036752130807
3, 6844, 0, 9223372036854775807, 0, 9223372036752115807
3, 6845, 0, 9223372036854775807, 0, 9223372036752100807
3, 6846, 0, 9223372036854775807, 0, 9223372036752085807
3, 6847, 0, 9223372036854775807, 0, 9223372036752070807
3, 6848, 0, 9223372036854775807, 0, 9223372036752055807
3, 6849, 0, 9223372036854775807, 0, 9223372036752040807
3, 685, 0, 9223372036854775807, 0, 9223372036844500807
3, 6850, 0, 9223372036854775807, 0, 9223372036752025807
3, 6851, 0, 9223372036854775807, 0, 9223372036752010807
3, 6852, 0, 9223372036854775807, 0, 9223372036751995807
3, 6853, 0, 9223372036854775807, 0, 9223372036751980807
3, 6854, 0, 9223372036854775807, 0, 9223372036751965807
3, 6855, 0, 9223372036854775807, 0, 9223372036751950807
3, 6856, 0, 9223372036854775807, 0, 9223372036751935807
3, 6857, 0, 9223372036854775807, 0, 9223372036751920807
3, 6858, 0, 9223372036854775807, 0, 9223372036751905807
3, 6859, 0, 9223372036854775807, 0, 9223372036751890807
3, 686, 0, 9223372036854775807, 0, 9223372036844485807
3, 6860, 0, 9223372036854775807, 0, 9223372036751875807
3, 6861, 0, 9223372036854775807, 0, 9223372036751860807
3, 6862, 0, 9223372036854775807, 0, 9223372036751845807
3, 6863, 0, 9223372036854775807, 0, 9223372036751830807
3, 6864, 0, 9223372036854775807, 0, 9223372036751815807
3, 6865, 0, 9223372036854775807, 0, 9223372036751800807
3, 6866, 0, 9223372036854775807, 0, 9223372036751785807
3, 6867, 0, 9223372036854775807, 0, 9223372036751770807
3, 6868, 0, 9223372036854775807, 0, 9223372036751755807
3, 6869, 0, 9223372036854775807, 0, 9223372036751740807
3, 687, 0, 9223372036854775807, 0, 9223372036844470807
3, 6870, 0, 9223372036854775807, 0, 9223372036751725807
3, 6871, 0, 9223372036854775807, 0, 9223372036751710807
3, 6872, 0, 9223372036854775807, 0, 9223372036751695807
3, 6873, 0, 9223372036854775807, 0, 9223372036751680807
3, 6874, 0, 9223372036854775807, 0, 9223372036751665807
3, 6875, 0, 9223372036854775807, 0, 9223372036751650807
3, 6876, 0, 9223372036854775807, 0, 9223372036751635807
3, 6877, 0, 9223372036854775807, 0, 9223372036751620807
3, 6878, 0, 9223372036854775807, 0, 9223372036751605807
3, 6879, 0, 9223372036854775807, 0, 9223372036751590807
3, 688, 0, 9223372036854775807, 0, 9223372036844455807
3, 6880, 0, 9223372036854775807, 0, 9223372036751575807
3, 6881, 0, 9223372036854775807, 0, 9223372036751560807
3, 6882, 0, 9223372036854775807, 0, 9223372036751545807
3, 6883, 0, 9223372036854775807, 0, 9223372036751530807
3, 6884, 0, 9223372036854775807, 0, 9223372036751515807
3, 6885, 0, 9223372036854775807, 0, 9223372036751500807
3, 6886, 0, 9223372036854775807, 0, 9223372036751485807
3, 6887, 0, 9223372036854775807, 0, 9223372036751470807
3, 6888, 0, 9223372036854775807, 0, 9223372036751455807
3, 6889, 0, 9223372036854775807, 0, 9223372036751440807
3, 689, 0, 9223372036854775807, 0, 9223372036844440807
3, 6890, 0, 9223372036854775807, 0, 9223372036751425807
3, 6891, 0, 9223372036854775807, 0, 9223372036751410807
3, 6892, 0, 9223372036854775807, 0, 9223372036751395807
3, 6893, 0, 9223372036854775807, 0, 9223372036751380807
3, 6894, 0, 9223372036854775807, 0, 9223372036751365807
3, 6895, 0, 9223372036854775807, 0, 9223372036751350807
3, 6896, 0, 9223372036854775807, 0, 9223372036751335807
3, 6897, 0, 9223372036854775807, 0, 9223372036751320807
3, 6898, 0, 9223372036854775807, 0, 9223372036751305807
3, 6899, 0, 9223372036854775807, 0, 9223372036751290807
3, 69, 0, 9223372036854775807, 0, 9223372036853740807
3, 690, 0, 9223372036854775807, 0, 9223372036844425807
3, 6900, 0, 9223372036854775807, 0, 9223372036751275807
3, 6901, 0, 9223372036854775807, 0, 9223372036751260807
3, 6902, 0, 9223372036854775807, 0, 9223372036751245807
3, 6903, 0, 9223372036854775807, 0, 9223372036751230807
3, 6904, 0, 9223372036854775807, 0, 9223372036751215807
3, 6905, 0, 9223372036854775807, 0, 9223372036751200807
3, 6906, 0, 9223372036854775807, 0, 9223372036751185807
3, 6907, 0, 9223372036854775807, 0, 9223372036751170807
3, 6908, 0, 9223372036854775807, 0, 9223372036751155807
3, 6909, 0, 9223372036854775807, 0, 9223372036751140807
3, 691, 0, 9223372036854775807, 0, 9223372036844410807
3, 6910, 0, 9223372036854775807, 0, 9223372036751125807
3, 6911, 0, 9223372036854775807, 0, 9223372036751110807
3, 6912, 0, 9223372036854775807, 0, 9223372036751095807
3, 6913, 0, 9223372036854775807, 0, 9223372036751080807
3, 6914, 0, 9223372036854775807, 0, 9223372036751065807
3, 6915, 0, 9223372036854775807, 0, 9223372036751050807
3, 6916, 0, 9223372036854775807, 0, 9223372036751035807
3, 6917, 0, 9223372036854775807, 0, 9223372036751020807
3, 6918, 0, 9223372036854775807, 0, 9223372036751005807
3, 6919, 0, 9223372036854775807, 0, 9223372036750990807
3, 692, 0, 9223372036854775807, 0, 9223372036844395807
3, 6920, 0, 9223372036854775807, 0, 9223372036750975807
3, 6921, 0, 9223372036854775807, 0, 9223372036750960807
3, 6922, 0, 9223372036854775807, 0, 9223372036750945807
3, 6923, 0, 9223372036854775807, 0, 9223372036750930807
3, 6924, 0, 9223372036854775807, 0, 9223372036750915807
3, 6925, 0, 9223372036854775807, 0, 9223372036750900807
3, 6926, 0, 9223372036854775807, 0, 9223372036750885807
3, 6927, 0, 9223372036854775807, 0, 9223372036750870807
3, 6928, 0, 9223372036854775807, 0, 9223372036750855807
3, 6929, 0, 9223372036854775807, 0, 9223372036750840807
3, 693, 0, 9223372036854775807, 0, 9223372036844380807
3, 6930, 0, 9223372036854775807, 0, 9223372036750825807
3, 6931, 0, 9223372036854775807, 0, 9223372036750810807
3, 6932, 0, 9223372036854775807, 0, 9223372036750795807
3, 6933, 0, 9223372036854775807, 0, 9223372036750780807
3, 6934, 0, 9223372036854775807, 0, 9223372036750765807
3, 6935, 0, 9223372036854775807, 0, 9223372036750750807
3, 6936, 0, 9223372036854775807, 0, 9223372036750735807
3, 6937, 0, 9223372036854775807, 0, 9223372036750720807
3, 6938, 0, 9223372036854775807, 0, 9223372036750705807
3, 6939, 0, 9223372036854775807, 0, 9223372036750690807
3, 694, 0, 9223372036854775807, 0, 9223372036844365807
3, 6940, 0, 9223372036854775807, 0, 9223372036750675807
3, 6941, 0, 9223372036854775807, 0, 9223372036750660807
3, 6942, 0, 9223372036854775807, 0, 9223372036750645807
3, 6943, 0, 9223372036854775807, 0, 9223372036750630807
3, 6944, 0, 9223372036854775807, 0, 9223372036750615807
3, 6945, 0, 9223372036854775807, 0, 9223372036750600807
3, 6946, 0, 9223372036854775807, 0, 9223372036750585807
3, 6947, 0, 9223372036854775807, 0, 9223372036750570807
3, 6948, 0, 9223372036854775807, 0, 9223372036750555807
3, 6949, 0, 9223372036854775807, 0, 9223372036750540807
3, 695, 0, 9223372036854775807, 0, 9223372036844350807
3, 6950, 0, 9223372036854775807, 0, 9223372036750525807
3, 6951, 0, 9223372036854775807, 0, 9223372036750510807
3, 6952, 0, 9223372036854775807, 0, 9223372036750495807
3, 6953, 0, 9223372036854775807, 0, 9223372036750480807
3, 6954, 0, 9223372036854775807, 0, 9223372036750465807
3, 6955, 0, 9223372036854775807, 0, 9223372036750450807
3, 6956, 0, 9223372036854775807, 0, 9223372036750435807
3, 6957, 0, 9223372036854775807, 0, 9223372036750420807
3, 6958, 0, 9223372036854775807, 0, 9223372036750405807
3, 6959, 0, 9223372036854775807, 0, 9223372036750390807
3, 696, 0, 9223372036854775807, 0, 9223372036844335807
3, 6960, 0, 9223372036854775807, 0, 9223372036750375807
3, 6961, 0, 9223372036854775807, 0, 9223372036750360807
3, 6962, 0, 9223372036854775807, 0, 9223372036750345807
3, 6963, 0, 9223372036854775807, 0, 9223372036750330807
3, 6964, 0, 9223372036854775807, 0, 9223372036750315807
3, 6965, 0, 9223372036854775807, 0, 9223372036750300807
3, 6966, 0, 9223372036854775807, 0, 9223372036750285807
3, 6967, 0, 9223372036854775807, 0, 9223372036750270807
3, 6968, 0, 9223372036854775807, 0, 9223372036750255807
3, 6969, 0, 9223372036854775807, 0, 9223372036750240807
3, 697, 0, 9223372036854775807, 0, 9223372036844320807
3, 6970, 0, 9223372036854775807, 0, 9223372036750225807
3, 6971, 0, 9223372036854775807, 0, 9223372036750210807
3, 6972, 0, 9223372036854775807, 0, 9223372036750195807
3, 6973, 0, 9223372036854775807, 0, 9223372036750180807
3, 6974, 0, 9223372036854775807, 0, 9223372036750165807
3, 6975, 0, 9223372036854775807, 0, 9223372036750150807
3, 6976, 0, 9223372036854775807, 0, 9223372036750135807
3, 6977, 0, 9223372036854775807, 0, 9223372036750120807
3, 6978, 0, 9223372036854775807, 0, 9223372036750105807
3, 6979, 0, 9223372036854775807, 0, 9223372036750090807
3, 698, 0, 9223372036854775807, 0, 9223372036844305807
3, 6980, 0, 9223372036854775807, 0, 9223372036750075807
3, 6981, 0, 9223372036854775807, 0, 9223372036750060807
3, 6982, 0, 9223372036854775807, 0, 9223372036750045807
3, 6983, 0, 9223372036854775807, 0, 9223372036750030807
3, 6984, 0, 9223372036854775807, 0, 9223372036750015807
3, 6985, 0, 9223372036854775807, 0, 9223372036750000807
3, 6986, 0, 9223372036854775807, 0, 9223372036749985807
3, 6987, 0, 9223372036854775807, 0, 9223372036749970807
3, 6988, 0, 9223372036854775807, 0, 9223372036749955807
3, 6989, 0, 9223372036854775807, 0, 9223372036749940807
3, 699, 0, 9223372036854775807, 0, 9223372036844290807
3, 6990, 0, 9223372036854775807, 0, 9223372036749925807
3, 6991, 0, 9223372036854775807, 0, 9223372036749910807
3, 6992, 0, 9223372036854775807, 0, 9223372036749895807
3, 6993, 0, 9223372036854775807, 0, 9223372036749880807
3, 6994, 0, 9223372036854775807, 0, 9223372036749865807
3, 6995, 0, 9223372036854775807, 0, 9223372036749850807
3, 6996, 0, 9223372036854775807, 0, 9223372036749835807
3, 6997, 0, 9223372036854775807, 0, 9223372036749820807
3, 6998, 0, 9223372036854775807, 0, 9223372036749805807
3, 6999, 0, 9223372036854775807, 0, 9223372036749790807
3, 7, 0, 9223372036854775807, 0, 9223372036854670807
3, 70, 0, 9223372036854775807, 0, 9223372036853725807
3, 700, 0, 9223372036854775807, 0, 9223372036844275807
3, 7000, 0, 9223372036854775807, 0, 9223372036749775807
3, 7001, 0, 9223372036854775807, 0, 9223372036749760807
3, 7002, 0, 9223372036854775807, 0, 9223372036749745807
3, 7003, 0, 9223372036854775807, 0, 9223372036749730807
3, 7004, 0, 9223372036854775807, 0, 9223372036749715807
3, 7005, 0, 9223372036854775807, 0, 9223372036749700807
3, 7006, 0, 9223372036854775807, 0, 9223372036749685807
3, 7007, 0, 9223372036854775807, 0, 9223372036749670807
3, 7008, 0, 9223372036854775807, 0, 9223372036749655807
3, 7009, 0, 9223372036854775807, 0, 9223372036749640807
3, 701, 0, 9223372036854775807, 0, 9223372036844260807
3, 7010, 0, 9223372036854775807, 0, 9223372036749625807
3, 7011, 0, 9223372036854775807, 0, 9223372036749610807
3, 7012, 0, 9223372036854775807, 0, 9223372036749595807
3, 7013, 0, 9223372036854775807, 0, 9223372036749580807
3, 7014, 0, 9223372036854775807, 0, 9223372036749565807
3, 7015, 0, 9223372036854775807, 0, 9223372036749550807
3, 7016, 0, 9223372036854775807, 0, 9223372036749535807
3, 7017, 0, 9223372036854775807, 0, 9223372036749520807
3, 7018, 0, 9223372036854775807, 0, 9223372036749505807
3, 7019, 0, 9223372036854775807, 0, 9223372036749490807
3, 702, 0, 9223372036854775807, 0, 9223372036844245807
3, 7020, 0, 9223372036854775807, 0, 9223372036749475807
3, 7021, 0, 9223372036854775807, 0, 9223372036749460807
3, 7022, 0, 9223372036854775807, 0, 9223372036749445807
3, 7023, 0, 9223372036854775807, 0, 9223372036749430807
3, 7024, 0, 9223372036854775807, 0, 9223372036749415807
3, 7025, 0, 9223372036854775807, 0, 9223372036749400807
3, 7026, 0, 9223372036854775807, 0, 9223372036749385807
3, 7027, 0, 9223372036854775807, 0, 9223372036749370807
3, 7028, 0, 9223372036854775807, 0, 9223372036749355807
3, 7029, 0, 9223372036854775807, 0, 9223372036749340807
3, 703, 0, 9223372036854775807, 0, 9223372036844230807
3, 7030, 0, 9223372036854775807, 0, 9223372036749325807
3, 7031, 0, 9223372036854775807, 0, 9223372036749310807
3, 7032, 0, 9223372036854775807, 0, 9223372036749295807
3, 7033, 0, 9223372036854775807, 0, 9223372036749280807
3, 7034, 0, 9223372036854775807, 0, 9223372036749265807
3, 7035, 0, 9223372036854775807, 0, 9223372036749250807
3, 7036, 0, 9223372036854775807, 0, 9223372036749235807
3, 7037, 0, 9223372036854775807, 0, 9223372036749220807
3, 7038, 0, 9223372036854775807, 0, 9223372036749205807
3, 7039, 0, 9223372036854775807, 0, 9223372036749190807
3, 704, 0, 9223372036854775807, 0, 9223372036844215807
3, 7040, 0, 9223372036854775807, 0, 9223372036749175807
3, 7041, 0, 9223372036854775807, 0, 9223372036749160807
3, 7042, 0, 9223372036854775807, 0, 9223372036749145807
3, 7043, 0, 9223372036854775807, 0, 9223372036749130807
3, 7044, 0, 9223372036854775807, 0, 9223372036749115807
3, 7045, 0, 9223372036854775807, 0, 9223372036749100807
3, 7046, 0, 9223372036854775807, 0, 9223372036749085807
3, 7047, 0, 9223372036854775807, 0, 9223372036749070807
3, 7048, 0, 9223372036854775807, 0, 9223372036749055807
3, 7049, 0, 9223372036854775807, 0, 9223372036749040807
3, 705, 0, 9223372036854775807, 0, 9223372036844200807
3, 7050, 0, 9223372036854775807, 0, 9223372036749025807
3, 7051, 0, 9223372036854775807, 0, 9223372036749010807
3, 7052, 0, 9223372036854775807, 0, 9223372036748995807
3, 7053, 0, 9223372036854775807, 0, 9223372036748980807
3, 7054, 0, 9223372036854775807, 0, 9223372036748965807
3, 7055, 0, 9223372036854775807, 0, 9223372036748950807
3, 7056, 0, 9223372036854775807, 0, 9223372036748935807
3, 7057, 0, 9223372036854775807, 0, 9223372036748920807
3, 7058, 0, 9223372036854775807, 0, 9223372036748905807
3, 7059, 0, 9223372036854775807, 0, 9223372036748890807
3, 706, 0, 9223372036854775807, 0, 9223372036844185807
3, 7060, 0, 9223372036854775807, 0, 9223372036748875807
3, 7061, 0, 9223372036854775807, 0, 9223372036748860807
3, 7062, 0, 9223372036854775807, 0, 9223372036748845807
3, 7063, 0, 9223372036854775807, 0, 9223372036748830807
3, 7064, 0, 9223372036854775807, 0, 9223372036748815807
3, 7065, 0, 9223372036854775807, 0, 9223372036748800807
3, 7066, 0, 9223372036854775807, 0, 9223372036748785807
3, 7067, 0, 9223372036854775807, 0, 9223372036748770807
3, 7068, 0, 9223372036854775807, 0, 9223372036748755807
3, 7069, 0, 9223372036854775807, 0, 9223372036748740807
3, 707, 0, 9223372036854775807, 0, 9223372036844170807
3, 7070, 0, 9223372036854775807, 0, 9223372036748725807
3, 7071, 0, 9223372036854775807, 0, 9223372036748710807
3, 7072, 0, 9223372036854775807, 0, 9223372036748695807
3, 7073, 0, 9223372036854775807, 0, 9223372036748680807
3, 7074, 0, 9223372036854775807, 0, 9223372036748665807
3, 7075, 0, 9223372036854775807, 0, 9223372036748650807
3, 7076, 0, 9223372036854775807, 0, 9223372036748635807
3, 7077, 0, 9223372036854775807, 0, 9223372036748620807
3, 7078, 0, 9223372036854775807, 0, 9223372036748605807
3, 7079, 0, 9223372036854775807, 0, 9223372036748590807
3, 708, 0, 9223372036854775807, 0, 9223372036844155807
3, 7080, 0, 9223372036854775807, 0, 9223372036748575807
3, 7081, 0, 9223372036854775807, 0, 9223372036748560807
3, 7082, 0, 9223372036854775807, 0, 9223372036748545807
3, 7083, 0, 9223372036854775807, 0, 9223372036748530807
3, 7084, 0, 9223372036854775807, 0, 9223372036748515807
3, 7085, 0, 9223372036854775807, 0, 9223372036748500807
3, 7086, 0, 9223372036854775807, 0, 9223372036748485807
3, 7087, 0, 9223372036854775807, 0, 9223372036748470807
3, 7088, 0, 9223372036854775807, 0, 9223372036748455807
3, 7089, 0, 9223372036854775807, 0, 9223372036748440807
3, 709, 0, 9223372036854775807, 0, 9223372036844140807
3, 7090, 0, 9223372036854775807, 0, 9223372036748425807
3, 7091, 0, 9223372036854775807, 0, 9223372036748410807
3, 7092, 0, 9223372036854775807, 0, 9223372036748395807
3, 7093, 0, 9223372036854775807, 0, 9223372036748380807
3, 7094, 0, 9223372036854775807, 0, 9223372036748365807
3, 7095, 0, 9223372036854775807, 0, 9223372036748350807
3, 7096, 0, 9223372036854775807, 0, 9223372036748335807
3, 7097, 0, 9223372036854775807, 0, 9223372036748320807
3, 7098, 0, 9223372036854775807, 0, 9223372036748305807
3, 7099, 0, 9223372036854775807, 0, 9223372036748290807
3, 71, 0, 9223372036854775807, 0, 9223372036853710807
3, 710, 0, 9223372036854775807, 0, 9223372036844125807
3, 7100, 0, 9223372036854775807, 0, 9223372036748275807
3, 7101, 0, 9223372036854775807, 0, 9223372036748260807
3, 7102, 0, 9223372036854775807, 0, 9223372036748245807
3, 7103, 0, 9223372036854775807, 0, 9223372036748230807
3, 7104, 0, 9223372036854775807, 0, 9223372036748215807
3, 7105, 0, 9223372036854775807, 0, 9223372036748200807
3, 7106, 0, 9223372036854775807, 0, 9223372036748185807
3, 7107, 0, 9223372036854775807, 0, 9223372036748170807
3, 7108, 0, 9223372036854775807, 0, 9223372036748155807
3, 7109, 0, 9223372036854775807, 0, 9223372036748140807
3, 711, 0, 9223372036854775807, 0, 9223372036844110807
3, 7110, 0, 9223372036854775807, 0, 9223372036748125807
3, 7111, 0, 9223372036854775807, 0, 9223372036748110807
3, 7112, 0, 9223372036854775807, 0, 9223372036748095807
3, 7113, 0, 9223372036854775807, 0, 9223372036748080807
3, 7114, 0, 9223372036854775807, 0, 9223372036748065807
3, 7115, 0, 9223372036854775807, 0, 9223372036748050807
3, 7116, 0, 9223372036854775807, 0, 9223372036748035807
3, 7117, 0, 9223372036854775807, 0, 9223372036748020807
3, 7118, 0, 9223372036854775807, 0, 9223372036748005807
3, 7119, 0, 9223372036854775807, 0, 9223372036747990807
3, 712, 0, 9223372036854775807, 0, 9223372036844095807
3, 7120, 0, 9223372036854775807, 0, 9223372036747975807
3, 7121, 0, 9223372036854775807, 0, 9223372036747960807
3, 7122, 0, 9223372036854775807, 0, 9223372036747945807
3, 7123, 0, 9223372036854775807, 0, 9223372036747930807
3, 7124, 0, 9223372036854775807, 0, 9223372036747915807
3, 7125, 0, 9223372036854775807, 0, 9223372036747900807
3, 7126, 0, 9223372036854775807, 0, 9223372036747885807
3, 7127, 0, 9223372036854775807, 0, 9223372036747870807
3, 7128, 0, 9223372036854775807, 0, 9223372036747855807
3, 7129, 0, 9223372036854775807, 0, 9223372036747840807
3, 713, 0, 9223372036854775807, 0, 9223372036844080807
3, 7130, 0, 9223372036854775807, 0, 9223372036747825807
3, 7131, 0, 9223372036854775807, 0, 9223372036747810807
3, 7132, 0, 9223372036854775807, 0, 9223372036747795807
3, 7133, 0, 9223372036854775807, 0, 9223372036747780807
3, 7134, 0, 9223372036854775807, 0, 9223372036747765807
3, 7135, 0, 9223372036854775807, 0, 9223372036747750807
3, 7136, 0, 9223372036854775807, 0, 9223372036747735807
3, 7137, 0, 9223372036854775807, 0, 9223372036747720807
3, 7138, 0, 9223372036854775807, 0, 9223372036747705807
3, 7139, 0, 9223372036854775807, 0, 9223372036747690807
3, 714, 0, 9223372036854775807, 0, 9223372036844065807
3, 7140, 0, 9223372036854775807, 0, 9223372036747675807
3, 7141, 0, 9223372036854775807, 0, 9223372036747660807
3, 7142, 0, 9223372036854775807, 0, 9223372036747645807
3, 7143, 0, 9223372036854775807, 0, 9223372036747630807
3, 7144, 0, 9223372036854775807, 0, 9223372036747615807
3, 7145, 0, 9223372036854775807, 0, 9223372036747600807
3, 7146, 0, 9223372036854775807, 0, 9223372036747585807
3, 7147, 0, 9223372036854775807, 0, 9223372036747570807
3, 7148, 0, 9223372036854775807, 0, 9223372036747555807
3, 7149, 0, 9223372036854775807, 0, 9223372036747540807
3, 715, 0, 9223372036854775807, 0, 9223372036844050807
3, 7150, 0, 9223372036854775807, 0, 9223372036747525807
3, 7151, 0, 9223372036854775807, 0, 9223372036747510807
3, 7152, 0, 9223372036854775807, 0, 9223372036747495807
3, 7153, 0, 9223372036854775807, 0, 9223372036747480807
3, 7154, 0, 9223372036854775807, 0, 9223372036747465807
3, 7155, 0, 9223372036854775807, 0, 9223372036747450807
3, 7156, 0, 9223372036854775807, 0, 9223372036747435807
3, 7157, 0, 9223372036854775807, 0, 9223372036747420807
3, 7158, 0, 9223372036854775807, 0, 9223372036747405807
3, 7159, 0, 9223372036854775807, 0, 9223372036747390807
3, 716, 0, 9223372036854775807, 0, 9223372036844035807
3, 7160, 0, 9223372036854775807, 0, 9223372036747375807
3, 7161, 0, 9223372036854775807, 0, 9223372036747360807
3, 7162, 0, 9223372036854775807, 0, 9223372036747345807
3, 7163, 0, 9223372036854775807, 0, 9223372036747330807
3, 7164, 0, 9223372036854775807, 0, 9223372036747315807
3, 7165, 0, 9223372036854775807, 0, 9223372036747300807
3, 7166, 0, 9223372036854775807, 0, 9223372036747285807
3, 7167, 0, 9223372036854775807, 0, 9223372036747270807
3, 7168, 0, 9223372036854775807, 0, 9223372036747255807
3, 7169, 0, 9223372036854775807, 0, 9223372036747240807
3, 717, 0, 9223372036854775807, 0, 9223372036844020807
3, 7170, 0, 9223372036854775807, 0, 9223372036747225807
3, 7171, 0, 9223372036854775807, 0, 9223372036747210807
3, 7172, 0, 9223372036854775807, 0, 9223372036747195807
3, 7173, 0, 9223372036854775807, 0, 9223372036747180807
3, 7174, 0, 9223372036854775807, 0, 9223372036747165807
3, 7175, 0, 9223372036854775807, 0, 9223372036747150807
3, 7176, 0, 9223372036854775807, 0, 9223372036747135807
3, 7177, 0, 9223372036854775807, 0, 9223372036747120807
3, 7178, 0, 9223372036854775807, 0, 9223372036747105807
3, 7179, 0, 9223372036854775807, 0, 9223372036747090807
3, 718, 0, 9223372036854775807, 0, 9223372036844005807
3, 7180, 0, 9223372036854775807, 0, 9223372036747075807
3, 7181, 0, 9223372036854775807, 0, 9223372036747060807
3, 7182, 0, 9223372036854775807, 0, 9223372036747045807
3, 7183, 0, 9223372036854775807, 0, 9223372036747030807
3, 7184, 0, 9223372036854775807, 0, 9223372036747015807
3, 7185, 0, 9223372036854775807, 0, 9223372036747000807
3, 7186, 0, 9223372036854775807, 0, 9223372036746985807
3, 7187, 0, 9223372036854775807, 0, 9223372036746970807
3, 7188, 0, 9223372036854775807, 0, 9223372036746955807
3, 7189, 0, 9223372036854775807, 0, 9223372036746940807
3, 719, 0, 9223372036854775807, 0, 9223372036843990807
3, 7190, 0, 9223372036854775807, 0, 9223372036746925807
3, 7191, 0, 9223372036854775807, 0, 9223372036746910807
3, 7192, 0, 9223372036854775807, 0, 9223372036746895807
3, 7193, 0, 9223372036854775807, 0, 9223372036746880807
3, 7194, 0, 9223372036854775807, 0, 9223372036746865807
3, 7195, 0, 9223372036854775807, 0, 9223372036746850807
3, 7196, 0, 9223372036854775807, 0, 9223372036746835807
3, 7197, 0, 9223372036854775807, 0, 9223372036746820807
3, 7198, 0, 9223372036854775807, 0, 9223372036746805807
3, 7199, 0, 9223372036854775807, 0, 9223372036746790807
3, 72, 0, 9223372036854775807, 0, 9223372036853695807
3, 720, 0, 9223372036854775807, 0, 9223372036843975807
3, 7200, 0, 9223372036854775807, 0, 9223372036746775807
3, 7201, 0, 9223372036854775807, 0, 9223372036746760807
3, 7202, 0, 9223372036854775807, 0, 9223372036746745807
3, 7203, 0, 9223372036854775807, 0, 9223372036746730807
3, 7204, 0, 9223372036854775807, 0, 9223372036746715807
3, 7205, 0, 9223372036854775807, 0, 9223372036746700807
3, 7206, 0, 9223372036854775807, 0, 9223372036746685807
3, 7207, 0, 9223372036854775807, 0, 9223372036746670807
3, 7208, 0, 9223372036854775807, 0, 9223372036746655807
3, 7209, 0, 9223372036854775807, 0, 9223372036746640807
3, 721, 0, 9223372036854775807, 0, 9223372036843960807
3, 7210, 0, 9223372036854775807, 0, 9223372036746625807
3, 7211, 0, 9223372036854775807, 0, 9223372036746610807
3, 7212, 0, 9223372036854775807, 0, 9223372036746595807
3, 7213, 0, 9223372036854775807, 0, 9223372036746580807
3, 7214, 0, 9223372036854775807, 0, 9223372036746565807
3, 7215, 0, 9223372036854775807, 0, 9223372036746550807
3, 7216, 0, 9223372036854775807, 0, 9223372036746535807
3, 7217, 0, 9223372036854775807, 0, 9223372036746520807
3, 7218, 0, 9223372036854775807, 0, 9223372036746505807
3, 7219, 0, 9223372036854775807, 0, 9223372036746490807
3, 722, 0, 9223372036854775807, 0, 9223372036843945807
3, 7220, 0, 9223372036854775807, 0, 9223372036746475807
3, 7221, 0, 9223372036854775807, 0, 9223372036746460807
3, 7222, 0, 9223372036854775807, 0, 9223372036746445807
3, 7223, 0, 9223372036854775807, 0, 9223372036746430807
3, 7224, 0, 9223372036854775807, 0, 9223372036746415807
3, 7225, 0, 9223372036854775807, 0, 9223372036746400807
3, 7226, 0, 9223372036854775807, 0, 9223372036746385807
3, 7227, 0, 9223372036854775807, 0, 9223372036746370807
3, 7228, 0, 9223372036854775807, 0, 9223372036746355807
3, 7229, 0, 9223372036854775807, 0, 9223372036746340807
3, 723, 0, 9223372036854775807, 0, 9223372036843930807
3, 7230, 0, 9223372036854775807, 0, 9223372036746325807
3, 7231, 0, 9223372036854775807, 0, 9223372036746310807
3, 7232, 0, 9223372036854775807, 0, 9223372036746295807
3, 7233, 0, 9223372036854775807, 0, 9223372036746280807
3, 7234, 0, 9223372036854775807, 0, 9223372036746265807
3, 7235, 0, 9223372036854775807, 0, 9223372036746250807
3, 7236, 0, 9223372036854775807, 0, 9223372036746235807
3, 7237, 0, 9223372036854775807, 0, 9223372036746220807
3, 7238, 0, 9223372036854775807, 0, 9223372036746205807
3, 7239, 0, 9223372036854775807, 0, 9223372036746190807
3, 724, 0, 9223372036854775807, 0, 9223372036843915807
3, 7240, 0, 9223372036854775807, 0, 9223372036746175807
3, 7241, 0, 9223372036854775807, 0, 9223372036746160807
3, 7242, 0, 9223372036854775807, 0, 9223372036746145807
3, 7243, 0, 9223372036854775807, 0, 9223372036746130807
3, 7244, 0, 9223372036854775807, 0, 9223372036746115807
3, 7245, 0, 9223372036854775807, 0, 9223372036746100807
3, 7246, 0, 9223372036854775807, 0, 9223372036746085807
3, 7247, 0, 9223372036854775807, 0, 9223372036746070807
3, 7248, 0, 9223372036854775807, 0, 9223372036746055807
3, 7249, 0, 9223372036854775807, 0, 9223372036746040807
3, 725, 0, 9223372036854775807, 0, 9223372036843900807
3, 7250, 0, 9223372036854775807, 0, 9223372036746025807
3, 7251, 0, 9223372036854775807, 0, 9223372036746010807
3, 7252, 0, 9223372036854775807, 0, 9223372036745995807
3, 7253, 0, 9223372036854775807, 0, 9223372036745980807
3, 7254, 0, 9223372036854775807, 0, 9223372036745965807
3, 7255, 0, 9223372036854775807, 0, 9223372036745950807
3, 7256, 0, 9223372036854775807, 0, 9223372036745935807
3, 7257, 0, 9223372036854775807, 0, 9223372036745920807
3, 7258, 0, 9223372036854775807, 0, 9223372036745905807
3, 7259, 0, 9223372036854775807, 0, 9223372036745890807
3, 726, 0, 9223372036854775807, 0, 9223372036843885807
3, 7260, 0, 9223372036854775807, 0, 9223372036745875807
3, 7261, 0, 9223372036854775807, 0, 9223372036745860807
3, 7262, 0, 9223372036854775807, 0, 9223372036745845807
3, 7263, 0, 9223372036854775807, 0, 9223372036745830807
3, 7264, 0, 9223372036854775807, 0, 9223372036745815807
3, 7265, 0, 9223372036854775807, 0, 9223372036745800807
3, 7266, 0, 9223372036854775807, 0, 9223372036745785807
3, 7267, 0, 9223372036854775807, 0, 9223372036745770807
3, 7268, 0, 9223372036854775807, 0, 9223372036745755807
3, 7269, 0, 9223372036854775807, 0, 9223372036745740807
3, 727, 0, 9223372036854775807, 0, 9223372036843870807
3, 7270, 0, 9223372036854775807, 0, 9223372036745725807
3, 7271, 0, 9223372036854775807, 0, 9223372036745710807
3, 7272, 0, 9223372036854775807, 0, 9223372036745695807
3, 7273, 0, 9223372036854775807, 0, 9223372036745680807
3, 7274, 0, 9223372036854775807, 0, 9223372036745665807
3, 7275, 0, 9223372036854775807, 0, 9223372036745650807
3, 7276, 0, 9223372036854775807, 0, 9223372036745635807
3, 7277, 0, 9223372036854775807, 0, 9223372036745620807
3, 7278, 0, 9223372036854775807, 0, 9223372036745605807
3, 7279, 0, 9223372036854775807, 0, 9223372036745590807
3, 728, 0, 9223372036854775807, 0, 9223372036843855807
3, 7280, 0, 9223372036854775807, 0, 9223372036745575807
3, 7281, 0, 9223372036854775807, 0, 9223372036745560807
3, 7282, 0, 9223372036854775807, 0, 9223372036745545807
3, 7283, 0, 9223372036854775807, 0, 9223372036745530807
3, 7284, 0, 9223372036854775807, 0, 9223372036745515807
3, 7285, 0, 9223372036854775807, 0, 9223372036745500807
3, 7286, 0, 9223372036854775807, 0, 9223372036745485807
3, 7287, 0, 9223372036854775807, 0, 9223372036745470807
3, 7288, 0, 9223372036854775807, 0, 9223372036745455807
3, 7289, 0, 9223372036854775807, 0, 9223372036745440807
3, 729, 0, 9223372036854775807, 0, 9223372036843840807
3, 7290, 0, 9223372036854775807, 0, 9223372036745425807
3, 7291, 0, 9223372036854775807, 0, 9223372036745410807
3, 7292, 0, 9223372036854775807, 0, 9223372036745395807
3, 7293, 0, 9223372036854775807, 0, 9223372036745380807
3, 7294, 0, 9223372036854775807, 0, 9223372036745365807
3, 7295, 0, 9223372036854775807, 0, 9223372036745350807
3, 7296, 0, 9223372036854775807, 0, 9223372036745335807
3, 7297, 0, 9223372036854775807, 0, 9223372036745320807
3, 7298, 0, 9223372036854775807, 0, 9223372036745305807
3, 7299, 0, 9223372036854775807, 0, 9223372036745290807
3, 73, 0, 9223372036854775807, 0, 9223372036853680807
3, 730, 0, 9223372036854775807, 0, 9223372036843825807
3, 7300, 0, 9223372036854775807, 0, 9223372036745275807
3, 7301, 0, 9223372036854775807, 0, 9223372036745260807
3, 7302, 0, 9223372036854775807, 0, 9223372036745245807
3, 7303, 0, 9223372036854775807, 0, 9223372036745230807
3, 7304, 0, 9223372036854775807, 0, 9223372036745215807
3, 7305, 0, 9223372036854775807, 0, 9223372036745200807
3, 7306, 0, 9223372036854775807, 0, 9223372036745185807
3, 7307, 0, 9223372036854775807, 0, 9223372036745170807
3, 7308, 0, 9223372036854775807, 0, 9223372036745155807
3, 7309, 0, 9223372036854775807, 0, 9223372036745140807
3, 731, 0, 9223372036854775807, 0, 9223372036843810807
3, 7310, 0, 9223372036854775807, 0, 9223372036745125807
3, 7311, 0, 9223372036854775807, 0, 9223372036745110807
3, 7312, 0, 9223372036854775807, 0, 9223372036745095807
3, 7313, 0, 9223372036854775807, 0, 9223372036745080807
3, 7314, 0, 9223372036854775807, 0, 9223372036745065807
3, 7315, 0, 9223372036854775807, 0, 9223372036745050807
3, 7316, 0, 9223372036854775807, 0, 9223372036745035807
3, 7317, 0, 9223372036854775807, 0, 9223372036745020807
3, 7318, 0, 9223372036854775807, 0, 9223372036745005807
3, 7319, 0, 9223372036854775807, 0, 9223372036744990807
3, 732, 0, 9223372036854775807, 0, 9223372036843795807
3, 7320, 0, 9223372036854775807, 0, 9223372036744975807
3, 7321, 0, 9223372036854775807, 0, 9223372036744960807
3, 7322, 0, 9223372036854775807, 0, 9223372036744945807
3, 7323, 0, 9223372036854775807, 0, 9223372036744930807
3, 7324, 0, 9223372036854775807, 0, 9223372036744915807
3, 7325, 0, 9223372036854775807, 0, 9223372036744900807
3, 7326, 0, 9223372036854775807, 0, 9223372036744885807
3, 7327, 0, 9223372036854775807, 0, 9223372036744870807
3, 7328, 0, 9223372036854775807, 0, 9223372036744855807
3, 7329, 0, 9223372036854775807, 0, 9223372036744840807
3, 733, 0, 9223372036854775807, 0, 9223372036843780807
3, 7330, 0, 9223372036854775807, 0, 9223372036744825807
3, 7331, 0, 9223372036854775807, 0, 9223372036744810807
3, 7332, 0, 9223372036854775807, 0, 9223372036744795807
3, 7333, 0, 9223372036854775807, 0, 9223372036744780807
3, 7334, 0, 9223372036854775807, 0, 9223372036744765807
3, 7335, 0, 9223372036854775807, 0, 9223372036744750807
3, 7336, 0, 9223372036854775807, 0, 9223372036744735807
3, 7337, 0, 9223372036854775807, 0, 9223372036744720807
3, 7338, 0, 9223372036854775807, 0, 9223372036744705807
3, 7339, 0, 9223372036854775807, 0, 9223372036744690807
3, 734, 0, 9223372036854775807, 0, 9223372036843765807
3, 7340, 0, 9223372036854775807, 0, 9223372036744675807
3, 7341, 0, 9223372036854775807, 0, 9223372036744660807
3, 7342, 0, 9223372036854775807, 0, 9223372036744645807
3, 7343, 0, 9223372036854775807, 0, 9223372036744630807
3, 7344, 0, 9223372036854775807, 0, 9223372036744615807
3, 7345, 0, 9223372036854775807, 0, 9223372036744600807
3, 7346, 0, 9223372036854775807, 0, 9223372036744585807
3, 7347, 0, 9223372036854775807, 0, 9223372036744570807
3, 7348, 0, 9223372036854775807, 0, 9223372036744555807
3, 7349, 0, 9223372036854775807, 0, 9223372036744540807
3, 735, 0, 9223372036854775807, 0, 9223372036843750807
3, 7350, 0, 9223372036854775807, 0, 9223372036744525807
3, 7351, 0, 9223372036854775807, 0, 9223372036744510807
3, 7352, 0, 9223372036854775807, 0, 9223372036744495807
3, 7353, 0, 9223372036854775807, 0, 9223372036744480807
3, 7354, 0, 9223372036854775807, 0, 9223372036744465807
3, 7355, 0, 9223372036854775807, 0, 9223372036744450807
3, 7356, 0, 9223372036854775807, 0, 9223372036744435807
3, 7357, 0, 9223372036854775807, 0, 9223372036744420807
3, 7358, 0, 9223372036854775807, 0, 9223372036744405807
3, 7359, 0, 9223372036854775807, 0, 9223372036744390807
3, 736, 0, 9223372036854775807, 0, 9223372036843735807
3, 7360, 0, 9223372036854775807, 0, 9223372036744375807
3, 7361, 0, 9223372036854775807, 0, 9223372036744360807
3, 7362, 0, 9223372036854775807, 0, 9223372036744345807
3, 7363, 0, 9223372036854775807, 0, 9223372036744330807
3, 7364, 0, 9223372036854775807, 0, 9223372036744315807
3, 7365, 0, 9223372036854775807, 0, 9223372036744300807
3, 7366, 0, 9223372036854775807, 0, 9223372036744285807
3, 7367, 0, 9223372036854775807, 0, 9223372036744270807
3, 7368, 0, 9223372036854775807, 0, 9223372036744255807
3, 7369, 0, 9223372036854775807, 0, 9223372036744240807
3, 737, 0, 9223372036854775807, 0, 9223372036843720807
3, 7370, 0, 9223372036854775807, 0, 9223372036744225807
3, 7371, 0, 9223372036854775807, 0, 9223372036744210807
3, 7372, 0, 9223372036854775807, 0, 9223372036744195807
3, 7373, 0, 9223372036854775807, 0, 9223372036744180807
3, 7374, 0, 9223372036854775807, 0, 9223372036744165807
3, 7375, 0, 9223372036854775807, 0, 9223372036744150807
3, 7376, 0, 9223372036854775807, 0, 9223372036744135807
3, 7377, 0, 9223372036854775807, 0, 9223372036744120807
3, 7378, 0, 9223372036854775807, 0, 9223372036744105807
3, 7379, 0, 9223372036854775807, 0, 9223372036744090807
3, 738, 0, 9223372036854775807, 0, 9223372036843705807
3, 7380, 0, 9223372036854775807, 0, 9223372036744075807
3, 7381, 0, 9223372036854775807, 0, 9223372036744060807
3, 7382, 0, 9223372036854775807, 0, 9223372036744045807
3, 7383, 0, 9223372036854775807, 0, 9223372036744030807
3, 7384, 0, 9223372036854775807, 0, 9223372036744015807
3, 7385, 0, 9223372036854775807, 0, 9223372036744000807
3, 7386, 0, 9223372036854775807, 0, 9223372036743985807
3, 7387, 0, 9223372036854775807, 0, 9223372036743970807
3, 7388, 0, 9223372036854775807, 0, 9223372036743955807
3, 7389, 0, 9223372036854775807, 0, 9223372036743940807
3, 739, 0, 9223372036854775807, 0, 9223372036843690807
3, 7390, 0, 9223372036854775807, 0, 9223372036743925807
3, 7391, 0, 9223372036854775807, 0, 9223372036743910807
3, 7392, 0, 9223372036854775807, 0, 9223372036743895807
3, 7393, 0, 9223372036854775807, 0, 9223372036743880807
3, 7394, 0, 9223372036854775807, 0, 9223372036743865807
3, 7395, 0, 9223372036854775807, 0, 9223372036743850807
3, 7396, 0, 9223372036854775807, 0, 9223372036743835807
3, 7397, 0, 9223372036854775807, 0, 9223372036743820807
3, 7398, 0, 9223372036854775807, 0, 9223372036743805807
3, 7399, 0, 9223372036854775807, 0, 9223372036743790807
3, 74, 0, 9223372036854775807, 0, 9223372036853665807
3, 740, 0, 9223372036854775807, 0, 9223372036843675807
3, 7400, 0, 9223372036854775807, 0, 9223372036743775807
3, 7401, 0, 9223372036854775807, 0, 9223372036743760807
3, 7402, 0, 9223372036854775807, 0, 9223372036743745807
3, 7403, 0, 9223372036854775807, 0, 9223372036743730807
3, 7404, 0, 9223372036854775807, 0, 9223372036743715807
3, 7405, 0, 9223372036854775807, 0, 9223372036743700807
3, 7406, 0, 9223372036854775807, 0, 9223372036743685807
3, 7407, 0, 9223372036854775807, 0, 9223372036743670807
3, 7408, 0, 9223372036854775807, 0, 9223372036743655807
3, 7409, 0, 9223372036854775807, 0, 9223372036743640807
3, 741, 0, 9223372036854775807, 0, 9223372036843660807
3, 7410, 0, 9223372036854775807, 0, 9223372036743625807
3, 7411, 0, 9223372036854775807, 0, 9223372036743610807
3, 7412, 0, 9223372036854775807, 0, 9223372036743595807
3, 7413, 0, 9223372036854775807, 0, 9223372036743580807
3, 7414, 0, 9223372036854775807, 0, 9223372036743565807
3, 7415, 0, 9223372036854775807, 0, 9223372036743550807
3, 7416, 0, 9223372036854775807, 0, 9223372036743535807
3, 7417, 0, 9223372036854775807, 0, 9223372036743520807
3, 7418, 0, 9223372036854775807, 0, 9223372036743505807
3, 7419, 0, 9223372036854775807, 0, 9223372036743490807
3, 742, 0, 9223372036854775807, 0, 9223372036843645807
3, 7420, 0, 9223372036854775807, 0, 9223372036743475807
3, 7421, 0, 9223372036854775807, 0, 9223372036743460807
3, 7422, 0, 9223372036854775807, 0, 9223372036743445807
3, 7423, 0, 9223372036854775807, 0, 9223372036743430807
3, 7424, 0, 9223372036854775807, 0, 9223372036743415807
3, 7425, 0, 9223372036854775807, 0, 9223372036743400807
3, 7426, 0, 9223372036854775807, 0, 9223372036743385807
3, 7427, 0, 9223372036854775807, 0, 9223372036743370807
3, 7428, 0, 9223372036854775807, 0, 9223372036743355807
3, 7429, 0, 9223372036854775807, 0, 9223372036743340807
3, 743, 0, 9223372036854775807, 0, 9223372036843630807
3, 7430, 0, 9223372036854775807, 0, 9223372036743325807
3, 7431, 0, 9223372036854775807, 0, 9223372036743310807
3, 7432, 0, 9223372036854775807, 0, 9223372036743295807
3, 7433, 0, 9223372036854775807, 0, 9223372036743280807
3, 7434, 0, 9223372036854775807, 0, 9223372036743265807
3, 7435, 0, 9223372036854775807, 0, 9223372036743250807
3, 7436, 0, 9223372036854775807, 0, 9223372036743235807
3, 7437, 0, 9223372036854775807, 0, 9223372036743220807
3, 7438, 0, 9223372036854775807, 0, 9223372036743205807
3, 7439, 0, 9223372036854775807, 0, 9223372036743190807
3, 744, 0, 9223372036854775807, 0, 9223372036843615807
3, 7440, 0, 9223372036854775807, 0, 9223372036743175807
3, 7441, 0, 9223372036854775807, 0, 9223372036743160807
3, 7442, 0, 9223372036854775807, 0, 9223372036743145807
3, 7443, 0, 9223372036854775807, 0, 9223372036743130807
3, 7444, 0, 9223372036854775807, 0, 9223372036743115807
3, 7445, 0, 9223372036854775807, 0, 9223372036743100807
3, 7446, 0, 9223372036854775807, 0, 9223372036743085807
3, 7447, 0, 9223372036854775807, 0, 9223372036743070807
3, 7448, 0, 9223372036854775807, 0, 9223372036743055807
3, 7449, 0, 9223372036854775807, 0, 9223372036743040807
3, 745, 0, 9223372036854775807, 0, 9223372036843600807
3, 7450, 0, 9223372036854775807, 0, 9223372036743025807
3, 7451, 0, 9223372036854775807, 0, 9223372036743010807
3, 7452, 0, 9223372036854775807, 0, 9223372036742995807
3, 7453, 0, 9223372036854775807, 0, 9223372036742980807
3, 7454, 0, 9223372036854775807, 0, 9223372036742965807
3, 7455, 0, 9223372036854775807, 0, 9223372036742950807
3, 7456, 0, 9223372036854775807, 0, 9223372036742935807
3, 7457, 0, 9223372036854775807, 0, 9223372036742920807
3, 7458, 0, 9223372036854775807, 0, 9223372036742905807
3, 7459, 0, 9223372036854775807, 0, 9223372036742890807
3, 746, 0, 9223372036854775807, 0, 9223372036843585807
3, 7460, 0, 9223372036854775807, 0, 9223372036742875807
3, 7461, 0, 9223372036854775807, 0, 9223372036742860807
3, 7462, 0, 9223372036854775807, 0, 9223372036742845807
3, 7463, 0, 9223372036854775807, 0, 9223372036742830807
3, 7464, 0, 9223372036854775807, 0, 9223372036742815807
3, 7465, 0, 9223372036854775807, 0, 9223372036742800807
3, 7466, 0, 9223372036854775807, 0, 9223372036742785807
3, 7467, 0, 9223372036854775807, 0, 9223372036742770807
3, 7468, 0, 9223372036854775807, 0, 9223372036742755807
3, 7469, 0, 9223372036854775807, 0, 9223372036742740807
3, 747, 0, 9223372036854775807, 0, 9223372036843570807
3, 7470, 0, 9223372036854775807, 0, 9223372036742725807
3, 7471, 0, 9223372036854775807, 0, 9223372036742710807
3, 7472, 0, 9223372036854775807, 0, 9223372036742695807
3, 7473, 0, 9223372036854775807, 0, 9223372036742680807
3, 7474, 0, 9223372036854775807, 0, 9223372036742665807
3, 7475, 0, 9223372036854775807, 0, 9223372036742650807
3, 7476, 0, 9223372036854775807, 0, 9223372036742635807
3, 7477, 0, 9223372036854775807, 0, 9223372036742620807
3, 7478, 0, 9223372036854775807, 0, 9223372036742605807
3, 7479, 0, 9223372036854775807, 0, 9223372036742590807
3, 748, 0, 9223372036854775807, 0, 9223372036843555807
3, 7480, 0, 9223372036854775807, 0, 9223372036742575807
3, 7481, 0, 9223372036854775807, 0, 9223372036742560807
3, 7482, 0, 9223372036854775807, 0, 9223372036742545807
3, 7483, 0, 9223372036854775807, 0, 9223372036742530807
3, 7484, 0, 9223372036854775807, 0, 9223372036742515807
3, 7485, 0, 9223372036854775807, 0, 9223372036742500807
3, 7486, 0, 9223372036854775807, 0, 9223372036742485807
3, 7487, 0, 9223372036854775807, 0, 9223372036742470807
3, 7488, 0, 9223372036854775807, 0, 9223372036742455807
3, 7489, 0, 9223372036854775807, 0, 9223372036742440807
3, 749, 0, 9223372036854775807, 0, 9223372036843540807
3, 7490, 0, 9223372036854775807, 0, 9223372036742425807
3, 7491, 0, 9223372036854775807, 0, 9223372036742410807
3, 7492, 0, 9223372036854775807, 0, 9223372036742395807
3, 7493, 0, 9223372036854775807, 0, 9223372036742380807
3, 7494, 0, 9223372036854775807, 0, 9223372036742365807
3, 7495, 0, 9223372036854775807, 0, 9223372036742350807
3, 7496, 0, 9223372036854775807, 0, 9223372036742335807
3, 7497, 0, 9223372036854775807, 0, 9223372036742320807
3, 7498, 0, 9223372036854775807, 0, 9223372036742305807
3, 7499, 0, 9223372036854775807, 0, 9223372036742290807
3, 75, 0, 9223372036854775807, 0, 9223372036853650807
3, 750, 0, 9223372036854775807, 0, 9223372036843525807
3, 7500, 0, 9223372036854775807, 0, 9223372036742275807
3, 7501, 0, 9223372036854775807, 0, 9223372036742260807
3, 7502, 0, 9223372036854775807, 0, 9223372036742245807
3, 7503, 0, 9223372036854775807, 0, 9223372036742230807
3, 7504, 0, 9223372036854775807, 0, 9223372036742215807
3, 7505, 0, 9223372036854775807, 0, 9223372036742200807
3, 7506, 0, 9223372036854775807, 0, 9223372036742185807
3, 7507, 0, 9223372036854775807, 0, 9223372036742170807
3, 7508, 0, 9223372036854775807, 0, 9223372036742155807
3, 7509, 0, 9223372036854775807, 0, 9223372036742140807
3, 751, 0, 9223372036854775807, 0, 9223372036843510807
3, 7510, 0, 9223372036854775807, 0, 9223372036742125807
3, 7511, 0, 9223372036854775807, 0, 9223372036742110807
3, 7512, 0, 9223372036854775807, 0, 9223372036742095807
3, 7513, 0, 9223372036854775807, 0, 9223372036742080807
3, 7514, 0, 9223372036854775807, 0, 9223372036742065807
3, 7515, 0, 9223372036854775807, 0, 9223372036742050807
3, 7516, 0, 9223372036854775807, 0, 9223372036742035807
3, 7517, 0, 9223372036854775807, 0, 9223372036742020807
3, 7518, 0, 9223372036854775807, 0, 9223372036742005807
3, 7519, 0, 9223372036854775807, 0, 9223372036741990807
3, 752, 0, 9223372036854775807, 0, 9223372036843495807
3, 7520, 0, 9223372036854775807, 0, 9223372036741975807
3, 7521, 0, 9223372036854775807, 0, 9223372036741960807
3, 7522, 0, 9223372036854775807, 0, 9223372036741945807
3, 7523, 0, 9223372036854775807, 0, 9223372036741930807
3, 7524, 0, 9223372036854775807, 0, 9223372036741915807
3, 7525, 0, 9223372036854775807, 0, 9223372036741900807
3, 7526, 0, 9223372036854775807, 0, 9223372036741885807
3, 7527, 0, 9223372036854775807, 0, 9223372036741870807
3, 7528, 0, 9223372036854775807, 0, 9223372036741855807
3, 7529, 0, 9223372036854775807, 0, 9223372036741840807
3, 753, 0, 9223372036854775807, 0, 9223372036843480807
3, 7530, 0, 9223372036854775807, 0, 9223372036741825807
3, 7531, 0, 9223372036854775807, 0, 9223372036741810807
3, 7532, 0, 9223372036854775807, 0, 9223372036741795807
3, 7533, 0, 9223372036854775807, 0, 9223372036741780807
3, 7534, 0, 9223372036854775807, 0, 9223372036741765807
3, 7535, 0, 9223372036854775807, 0, 9223372036741750807
3, 7536, 0, 9223372036854775807, 0, 9223372036741735807
3, 7537, 0, 9223372036854775807, 0, 9223372036741720807
3, 7538, 0, 9223372036854775807, 0, 9223372036741705807
3, 7539, 0, 9223372036854775807, 0, 9223372036741690807
3, 754, 0, 9223372036854775807, 0, 9223372036843465807
3, 7540, 0, 9223372036854775807, 0, 9223372036741675807
3, 7541, 0, 9223372036854775807, 0, 9223372036741660807
3, 7542, 0, 9223372036854775807, 0, 9223372036741645807
3, 7543, 0, 9223372036854775807, 0, 9223372036741630807
3, 7544, 0, 9223372036854775807, 0, 9223372036741615807
3, 7545, 0, 9223372036854775807, 0, 9223372036741600807
3, 7546, 0, 9223372036854775807, 0, 9223372036741585807
3, 7547, 0, 9223372036854775807, 0, 9223372036741570807
3, 7548, 0, 9223372036854775807, 0, 9223372036741555807
3, 7549, 0, 9223372036854775807, 0, 9223372036741540807
3, 755, 0, 9223372036854775807, 0, 9223372036843450807
3, 7550, 0, 9223372036854775807, 0, 9223372036741525807
3, 7551, 0, 9223372036854775807, 0, 9223372036741510807
3, 7552, 0, 9223372036854775807, 0, 9223372036741495807
3, 7553, 0, 9223372036854775807, 0, 9223372036741480807
3, 7554, 0, 9223372036854775807, 0, 9223372036741465807
3, 7555, 0, 9223372036854775807, 0, 9223372036741450807
3, 7556, 0, 9223372036854775807, 0, 9223372036741435807
3, 7557, 0, 9223372036854775807, 0, 9223372036741420807
3, 7558, 0, 9223372036854775807, 0, 9223372036741405807
3, 7559, 0, 9223372036854775807, 0, 9223372036741390807
3, 756, 0, 9223372036854775807, 0, 9223372036843435807
3, 7560, 0, 9223372036854775807, 0, 9223372036741375807
3, 7561, 0, 9223372036854775807, 0, 9223372036741360807
3, 7562, 0, 9223372036854775807, 0, 9223372036741345807
3, 7563, 0, 9223372036854775807, 0, 9223372036741330807
3, 7564, 0, 9223372036854775807, 0, 9223372036741315807
3, 7565, 0, 9223372036854775807, 0, 9223372036741300807
3, 7566, 0, 9223372036854775807, 0, 9223372036741285807
3, 7567, 0, 9223372036854775807, 0, 9223372036741270807
3, 7568, 0, 9223372036854775807, 0, 9223372036741255807
3, 7569, 0, 9223372036854775807, 0, 9223372036741240807
3, 757, 0, 9223372036854775807, 0, 9223372036843420807
3, 7570, 0, 9223372036854775807, 0, 9223372036741225807
3, 7571, 0, 9223372036854775807, 0, 9223372036741210807
3, 7572, 0, 9223372036854775807, 0, 9223372036741195807
3, 7573, 0, 9223372036854775807, 0, 9223372036741180807
3, 7574, 0, 9223372036854775807, 0, 9223372036741165807
3, 7575, 0, 9223372036854775807, 0, 9223372036741150807
3, 7576, 0, 9223372036854775807, 0, 9223372036741135807
3, 7577, 0, 9223372036854775807, 0, 9223372036741120807
3, 7578, 0, 9223372036854775807, 0, 9223372036741105807
3, 7579, 0, 9223372036854775807, 0, 9223372036741090807
3, 758, 0, 9223372036854775807, 0, 9223372036843405807
3, 7580, 0, 9223372036854775807, 0, 9223372036741075807
3, 7581, 0, 9223372036854775807, 0, 9223372036741060807
3, 7582, 0, 9223372036854775807, 0, 9223372036741045807
3, 7583, 0, 9223372036854775807, 0, 9223372036741030807
3, 7584, 0, 9223372036854775807, 0, 9223372036741015807
3, 7585, 0, 9223372036854775807, 0, 9223372036741000807
3, 7586, 0, 9223372036854775807, 0, 9223372036740985807
3, 7587, 0, 9223372036854775807, 0, 9223372036740970807
3, 7588, 0, 9223372036854775807, 0, 9223372036740955807
3, 7589, 0, 9223372036854775807, 0, 9223372036740940807
3, 759, 0, 9223372036854775807, 0, 9223372036843390807
3, 7590, 0, 9223372036854775807, 0, 9223372036740925807
3, 7591, 0, 9223372036854775807, 0, 9223372036740910807
3, 7592, 0, 9223372036854775807, 0, 9223372036740895807
3, 7593, 0, 9223372036854775807, 0, 9223372036740880807
3, 7594, 0, 9223372036854775807, 0, 9223372036740865807
3, 7595, 0, 9223372036854775807, 0, 9223372036740850807
3, 7596, 0, 9223372036854775807, 0, 9223372036740835807
3, 7597, 0, 9223372036854775807, 0, 9223372036740820807
3, 7598, 0, 9223372036854775807, 0, 9223372036740805807
3, 7599, 0, 9223372036854775807, 0, 9223372036740790807
3, 76, 0, 9223372036854775807, 0, 9223372036853635807
3, 760, 0, 9223372036854775807, 0, 9223372036843375807
3, 7600, 0, 9223372036854775807, 0, 9223372036740775807
3, 7601, 0, 9223372036854775807, 0, 9223372036740760807
3, 7602, 0, 9223372036854775807, 0, 9223372036740745807
3, 7603, 0, 9223372036854775807, 0, 9223372036740730807
3, 7604, 0, 9223372036854775807, 0, 9223372036740715807
3, 7605, 0, 9223372036854775807, 0, 9223372036740700807
3, 7606, 0, 9223372036854775807, 0, 9223372036740685807
3, 7607, 0, 9223372036854775807, 0, 9223372036740670807
3, 7608, 0, 9223372036854775807, 0, 9223372036740655807
3, 7609, 0, 9223372036854775807, 0, 9223372036740640807
3, 761, 0, 9223372036854775807, 0, 9223372036843360807
3, 7610, 0, 9223372036854775807, 0, 9223372036740625807
3, 7611, 0, 9223372036854775807, 0, 9223372036740610807
3, 7612, 0, 9223372036854775807, 0, 9223372036740595807
3, 7613, 0, 9223372036854775807, 0, 9223372036740580807
3, 7614, 0, 9223372036854775807, 0, 9223372036740565807
3, 7615, 0, 9223372036854775807, 0, 9223372036740550807
3, 7616, 0, 9223372036854775807, 0, 9223372036740535807
3, 7617, 0, 9223372036854775807, 0, 9223372036740520807
3, 7618, 0, 9223372036854775807, 0, 9223372036740505807
3, 7619, 0, 9223372036854775807, 0, 9223372036740490807
3, 762, 0, 9223372036854775807, 0, 9223372036843345807
3, 7620, 0, 9223372036854775807, 0, 9223372036740475807
3, 7621, 0, 9223372036854775807, 0, 9223372036740460807
3, 7622, 0, 9223372036854775807, 0, 9223372036740445807
3, 7623, 0, 9223372036854775807, 0, 9223372036740430807
3, 7624, 0, 9223372036854775807, 0, 9223372036740415807
3, 7625, 0, 9223372036854775807, 0, 9223372036740400807
3, 7626, 0, 9223372036854775807, 0, 9223372036740385807
3, 7627, 0, 9223372036854775807, 0, 9223372036740370807
3, 7628, 0, 9223372036854775807, 0, 9223372036740355807
3, 7629, 0, 9223372036854775807, 0, 9223372036740340807
3, 763, 0, 9223372036854775807, 0, 9223372036843330807
3, 7630, 0, 9223372036854775807, 0, 9223372036740325807
3, 7631, 0, 9223372036854775807, 0, 9223372036740310807
3, 7632, 0, 9223372036854775807, 0, 9223372036740295807
3, 7633, 0, 9223372036854775807, 0, 9223372036740280807
3, 7634, 0, 9223372036854775807, 0, 9223372036740265807
3, 7635, 0, 9223372036854775807, 0, 9223372036740250807
3, 7636, 0, 9223372036854775807, 0, 9223372036740235807
3, 7637, 0, 9223372036854775807, 0, 9223372036740220807
3, 7638, 0, 9223372036854775807, 0, 9223372036740205807
3, 7639, 0, 9223372036854775807, 0, 9223372036740190807
3, 764, 0, 9223372036854775807, 0, 9223372036843315807
3, 7640, 0, 9223372036854775807, 0, 9223372036740175807
3, 7641, 0, 9223372036854775807, 0, 9223372036740160807
3, 7642, 0, 9223372036854775807, 0, 9223372036740145807
3, 7643, 0, 9223372036854775807, 0, 9223372036740130807
3, 7644, 0, 9223372036854775807, 0, 9223372036740115807
3, 7645, 0, 9223372036854775807, 0, 9223372036740100807
3, 7646, 0, 9223372036854775807, 0, 9223372036740085807
3, 7647, 0, 9223372036854775807, 0, 9223372036740070807
3, 7648, 0, 9223372036854775807, 0, 9223372036740055807
3, 7649, 0, 9223372036854775807, 0, 9223372036740040807
3, 765, 0, 9223372036854775807, 0, 9223372036843300807
3, 7650, 0, 9223372036854775807, 0, 9223372036740025807
3, 7651, 0, 9223372036854775807, 0, 9223372036740010807
3, 7652, 0, 9223372036854775807, 0, 9223372036739995807
3, 7653, 0, 9223372036854775807, 0, 9223372036739980807
3, 7654, 0, 9223372036854775807, 0, 9223372036739965807
3, 7655, 0, 9223372036854775807, 0, 9223372036739950807
3, 7656, 0, 9223372036854775807, 0, 9223372036739935807
3, 7657, 0, 9223372036854775807, 0, 9223372036739920807
3, 7658, 0, 9223372036854775807, 0, 9223372036739905807
3, 7659, 0, 9223372036854775807, 0, 9223372036739890807
3, 766, 0, 9223372036854775807, 0, 9223372036843285807
3, 7660, 0, 9223372036854775807, 0, 9223372036739875807
3, 7661, 0, 9223372036854775807, 0, 9223372036739860807
3, 7662, 0, 9223372036854775807, 0, 9223372036739845807
3, 7663, 0, 9223372036854775807, 0, 9223372036739830807
3, 7664, 0, 9223372036854775807, 0, 9223372036739815807
3, 7665, 0, 9223372036854775807, 0, 9223372036739800807
3, 7666, 0, 9223372036854775807, 0, 9223372036739785807
3, 7667, 0, 9223372036854775807, 0, 9223372036739770807
3, 7668, 0, 9223372036854775807, 0, 9223372036739755807
3, 7669, 0, 9223372036854775807, 0, 9223372036739740807
3, 767, 0, 9223372036854775807, 0, 9223372036843270807
3, 7670, 0, 9223372036854775807, 0, 9223372036739725807
3, 7671, 0, 9223372036854775807, 0, 9223372036739710807
3, 7672, 0, 9223372036854775807, 0, 9223372036739695807
3, 7673, 0, 9223372036854775807, 0, 9223372036739680807
3, 7674, 0, 9223372036854775807, 0, 9223372036739665807
3, 7675, 0, 9223372036854775807, 0, 9223372036739650807
3, 7676, 0, 9223372036854775807, 0, 9223372036739635807
3, 7677, 0, 9223372036854775807, 0, 9223372036739620807
3, 7678, 0, 9223372036854775807, 0, 9223372036739605807
3, 7679, 0, 9223372036854775807, 0, 9223372036739590807
3, 768, 0, 9223372036854775807, 0, 9223372036843255807
3, 7680, 0, 9223372036854775807, 0, 9223372036739575807
3, 7681, 0, 9223372036854775807, 0, 9223372036739560807
3, 7682, 0, 9223372036854775807, 0, 9223372036739545807
3, 7683, 0, 9223372036854775807, 0, 9223372036739530807
3, 7684, 0, 9223372036854775807, 0, 9223372036739515807
3, 7685, 0, 9223372036854775807, 0, 9223372036739500807
3, 7686, 0, 9223372036854775807, 0, 9223372036739485807
3, 7687, 0, 9223372036854775807, 0, 9223372036739470807
3, 7688, 0, 9223372036854775807, 0, 9223372036739455807
3, 7689, 0, 9223372036854775807, 0, 9223372036739440807
3, 769, 0, 9223372036854775807, 0, 9223372036843240807
3, 7690, 0, 9223372036854775807, 0, 9223372036739425807
3, 7691, 0, 9223372036854775807, 0, 9223372036739410807
3, 7692, 0, 9223372036854775807, 0, 9223372036739395807
3, 7693, 0, 9223372036854775807, 0, 9223372036739380807
3, 7694, 0, 9223372036854775807, 0, 9223372036739365807
3, 7695, 0, 9223372036854775807, 0, 9223372036739350807
3, 7696, 0, 9223372036854775807, 0, 9223372036739335807
3, 7697, 0, 9223372036854775807, 0, 9223372036739320807
3, 7698, 0, 9223372036854775807, 0, 9223372036739305807
3, 7699, 0, 9223372036854775807, 0, 9223372036739290807
3, 77, 0, 9223372036854775807, 0, 9223372036853620807
3, 770, 0, 9223372036854775807, 0, 9223372036843225807
3, 7700, 0, 9223372036854775807, 0, 9223372036739275807
3, 7701, 0, 9223372036854775807, 0, 9223372036739260807
3, 7702, 0, 9223372036854775807, 0, 9223372036739245807
3, 7703, 0, 9223372036854775807, 0, 9223372036739230807
3, 7704, 0, 9223372036854775807, 0, 9223372036739215807
3, 7705, 0, 9223372036854775807, 0, 9223372036739200807
3, 7706, 0, 9223372036854775807, 0, 9223372036739185807
3, 7707, 0, 9223372036854775807, 0, 9223372036739170807
3, 7708, 0, 9223372036854775807, 0, 9223372036739155807
3, 7709, 0, 9223372036854775807, 0, 9223372036739140807
3, 771, 0, 9223372036854775807, 0, 9223372036843210807
3, 7710, 0, 9223372036854775807, 0, 9223372036739125807
3, 7711, 0, 9223372036854775807, 0, 9223372036739110807
3, 7712, 0, 9223372036854775807, 0, 9223372036739095807
3, 7713, 0, 9223372036854775807, 0, 9223372036739080807
3, 7714, 0, 9223372036854775807, 0, 9223372036739065807
3, 7715, 0, 9223372036854775807, 0, 9223372036739050807
3, 7716, 0, 9223372036854775807, 0, 9223372036739035807
3, 7717, 0, 9223372036854775807, 0, 9223372036739020807
3, 7718, 0, 9223372036854775807, 0, 9223372036739005807
3, 7719, 0, 9223372036854775807, 0, 9223372036738990807
3, 772, 0, 9223372036854775807, 0, 9223372036843195807
3, 7720, 0, 9223372036854775807, 0, 9223372036738975807
3, 7721, 0, 9223372036854775807, 0, 9223372036738960807
3, 7722, 0, 9223372036854775807, 0, 9223372036738945807
3, 7723, 0, 9223372036854775807, 0, 9223372036738930807
3, 7724, 0, 9223372036854775807, 0, 9223372036738915807
3, 7725, 0, 9223372036854775807, 0, 9223372036738900807
3, 7726, 0, 9223372036854775807, 0, 9223372036738885807
3, 7727, 0, 9223372036854775807, 0, 9223372036738870807
3, 7728, 0, 9223372036854775807, 0, 9223372036738855807
3, 7729, 0, 9223372036854775807, 0, 9223372036738840807
3, 773, 0, 9223372036854775807, 0, 9223372036843180807
3, 7730, 0, 9223372036854775807, 0, 9223372036738825807
3, 7731, 0, 9223372036854775807, 0, 9223372036738810807
3, 7732, 0, 9223372036854775807, 0, 9223372036738795807
3, 7733, 0, 9223372036854775807, 0, 9223372036738780807
3, 7734, 0, 9223372036854775807, 0, 9223372036738765807
3, 7735, 0, 9223372036854775807, 0, 9223372036738750807
3, 7736, 0, 9223372036854775807, 0, 9223372036738735807
3, 7737, 0, 9223372036854775807, 0, 9223372036738720807
3, 7738, 0, 9223372036854775807, 0, 9223372036738705807
3, 7739, 0, 9223372036854775807, 0, 9223372036738690807
3, 774, 0, 9223372036854775807, 0, 9223372036843165807
3, 7740, 0, 9223372036854775807, 0, 9223372036738675807
3, 7741, 0, 9223372036854775807, 0, 9223372036738660807
3, 7742, 0, 9223372036854775807, 0, 9223372036738645807
3, 7743, 0, 9223372036854775807, 0, 9223372036738630807
3, 7744, 0, 9223372036854775807, 0, 9223372036738615807
3, 7745, 0, 9223372036854775807, 0, 9223372036738600807
3, 7746, 0, 9223372036854775807, 0, 9223372036738585807
3, 7747, 0, 9223372036854775807, 0, 9223372036738570807
3, 7748, 0, 9223372036854775807, 0, 9223372036738555807
3, 7749, 0, 9223372036854775807, 0, 9223372036738540807
3, 775, 0, 9223372036854775807, 0, 9223372036843150807
3, 7750, 0, 9223372036854775807, 0, 9223372036738525807
3, 7751, 0, 9223372036854775807, 0, 9223372036738510807
3, 7752, 0, 9223372036854775807, 0, 9223372036738495807
3, 7753, 0, 9223372036854775807, 0, 9223372036738480807
3, 7754, 0, 9223372036854775807, 0, 9223372036738465807
3, 7755, 0, 9223372036854775807, 0, 9223372036738450807
3, 7756, 0, 9223372036854775807, 0, 9223372036738435807
3, 7757, 0, 9223372036854775807, 0, 9223372036738420807
3, 7758, 0, 9223372036854775807, 0, 9223372036738405807
3, 7759, 0, 9223372036854775807, 0, 9223372036738390807
3, 776, 0, 9223372036854775807, 0, 9223372036843135807
3, 7760, 0, 9223372036854775807, 0, 9223372036738375807
3, 7761, 0, 9223372036854775807, 0, 9223372036738360807
3, 7762, 0, 9223372036854775807, 0, 9223372036738345807
3, 7763, 0, 9223372036854775807, 0, 9223372036738330807
3, 7764, 0, 9223372036854775807, 0, 9223372036738315807
3, 7765, 0, 9223372036854775807, 0, 9223372036738300807
3, 7766, 0, 9223372036854775807, 0, 9223372036738285807
3, 7767, 0, 9223372036854775807, 0, 9223372036738270807
3, 7768, 0, 9223372036854775807, 0, 9223372036738255807
3, 7769, 0, 9223372036854775807, 0, 9223372036738240807
3, 777, 0, 9223372036854775807, 0, 9223372036843120807
3, 7770, 0, 9223372036854775807, 0, 9223372036738225807
3, 7771, 0, 9223372036854775807, 0, 9223372036738210807
3, 7772, 0, 9223372036854775807, 0, 9223372036738195807
3, 7773, 0, 9223372036854775807, 0, 9223372036738180807
3, 7774, 0, 9223372036854775807, 0, 9223372036738165807
3, 7775, 0, 9223372036854775807, 0, 9223372036738150807
3, 7776, 0, 9223372036854775807, 0, 9223372036738135807
3, 7777, 0, 9223372036854775807, 0, 9223372036738120807
3, 7778, 0, 9223372036854775807, 0, 9223372036738105807
3, 7779, 0, 9223372036854775807, 0, 9223372036738090807
3, 778, 0, 9223372036854775807, 0, 9223372036843105807
3, 7780, 0, 9223372036854775807, 0, 9223372036738075807
3, 7781, 0, 9223372036854775807, 0, 9223372036738060807
3, 7782, 0, 9223372036854775807, 0, 9223372036738045807
3, 7783, 0, 9223372036854775807, 0, 9223372036738030807
3, 7784, 0, 9223372036854775807, 0, 9223372036738015807
3, 7785, 0, 9223372036854775807, 0, 9223372036738000807
3, 7786, 0, 9223372036854775807, 0, 9223372036737985807
3, 7787, 0, 9223372036854775807, 0, 9223372036737970807
3, 7788, 0, 9223372036854775807, 0, 9223372036737955807
3, 7789, 0, 9223372036854775807, 0, 9223372036737940807
3, 779, 0, 9223372036854775807, 0, 9223372036843090807
3, 7790, 0, 9223372036854775807, 0, 9223372036737925807
3, 7791, 0, 9223372036854775807, 0, 9223372036737910807
3, 7792, 0, 9223372036854775807, 0, 9223372036737895807
3, 7793, 0, 9223372036854775807, 0, 9223372036737880807
3, 7794, 0, 9223372036854775807, 0, 9223372036737865807
3, 7795, 0, 9223372036854775807, 0, 9223372036737850807
3, 7796, 0, 9223372036854775807, 0, 9223372036737835807
3, 7797, 0, 9223372036854775807, 0, 9223372036737820807
3, 7798, 0, 9223372036854775807, 0, 9223372036737805807
3, 7799, 0, 9223372036854775807, 0, 9223372036737790807
3, 78, 0, 9223372036854775807, 0, 9223372036853605807
3, 780, 0, 9223372036854775807, 0, 9223372036843075807
3, 7800, 0, 9223372036854775807, 0, 9223372036737775807
3, 7801, 0, 9223372036854775807, 0, 9223372036737760807
3, 7802, 0, 9223372036854775807, 0, 9223372036737745807
3, 7803, 0, 9223372036854775807, 0, 9223372036737730807
3, 7804, 0, 9223372036854775807, 0, 9223372036737715807
3, 7805, 0, 9223372036854775807, 0, 9223372036737700807
3, 7806, 0, 9223372036854775807, 0, 9223372036737685807
3, 7807, 0, 9223372036854775807, 0, 9223372036737670807
3, 7808, 0, 9223372036854775807, 0, 9223372036737655807
3, 7809, 0, 9223372036854775807, 0, 9223372036737640807
3, 781, 0, 9223372036854775807, 0, 9223372036843060807
3, 7810, 0, 9223372036854775807, 0, 9223372036737625807
3, 7811, 0, 9223372036854775807, 0, 9223372036737610807
3, 7812, 0, 9223372036854775807, 0, 9223372036737595807
3, 7813, 0, 9223372036854775807, 0, 9223372036737580807
3, 7814, 0, 9223372036854775807, 0, 9223372036737565807
3, 7815, 0, 9223372036854775807, 0, 9223372036737550807
3, 7816, 0, 9223372036854775807, 0, 9223372036737535807
3, 7817, 0, 9223372036854775807, 0, 9223372036737520807
3, 7818, 0, 9223372036854775807, 0, 9223372036737505807
3, 7819, 0, 9223372036854775807, 0, 9223372036737490807
3, 782, 0, 9223372036854775807, 0, 9223372036843045807
3, 7820, 0, 9223372036854775807, 0, 9223372036737475807
3, 7821, 0, 9223372036854775807, 0, 9223372036737460807
3, 7822, 0, 9223372036854775807, 0, 9223372036737445807
3, 7823, 0, 9223372036854775807, 0, 9223372036737430807
3, 7824, 0, 9223372036854775807, 0, 9223372036737415807
3, 7825, 0, 9223372036854775807, 0, 9223372036737400807
3, 7826, 0, 9223372036854775807, 0, 9223372036737385807
3, 7827, 0, 9223372036854775807, 0, 9223372036737370807
3, 7828, 0, 9223372036854775807, 0, 9223372036737355807
3, 7829, 0, 9223372036854775807, 0, 9223372036737340807
3, 783, 0, 9223372036854775807, 0, 9223372036843030807
3, 7830, 0, 9223372036854775807, 0, 9223372036737325807
3, 7831, 0, 9223372036854775807, 0, 9223372036737310807
3, 7832, 0, 9223372036854775807, 0, 9223372036737295807
3, 7833, 0, 9223372036854775807, 0, 9223372036737280807
3, 7834, 0, 9223372036854775807, 0, 9223372036737265807
3, 7835, 0, 9223372036854775807, 0, 9223372036737250807
3, 7836, 0, 9223372036854775807, 0, 9223372036737235807
3, 7837, 0, 9223372036854775807, 0, 9223372036737220807
3, 7838, 0, 9223372036854775807, 0, 9223372036737205807
3, 7839, 0, 9223372036854775807, 0, 9223372036737190807
3, 784, 0, 9223372036854775807, 0, 9223372036843015807
3, 7840, 0, 9223372036854775807, 0, 9223372036737175807
3, 7841, 0, 9223372036854775807, 0, 9223372036737160807
3, 7842, 0, 9223372036854775807, 0, 9223372036737145807
3, 7843, 0, 9223372036854775807, 0, 9223372036737130807
3, 7844, 0, 9223372036854775807, 0, 9223372036737115807
3, 7845, 0, 9223372036854775807, 0, 9223372036737100807
3, 7846, 0, 9223372036854775807, 0, 9223372036737085807
3, 7847, 0, 9223372036854775807, 0, 9223372036737070807
3, 7848, 0, 9223372036854775807, 0, 9223372036737055807
3, 7849, 0, 9223372036854775807, 0, 9223372036737040807
3, 785, 0, 9223372036854775807, 0, 9223372036843000807
3, 7850, 0, 9223372036854775807, 0, 9223372036737025807
3, 7851, 0, 9223372036854775807, 0, 9223372036737010807
3, 7852, 0, 9223372036854775807, 0, 9223372036736995807
3, 7853, 0, 9223372036854775807, 0, 9223372036736980807
3, 786, 0, 9223372036854775807, 0, 9223372036842985807
3, 787, 0, 9223372036854775807, 0, 9223372036842970807
3, 788, 0, 9223372036854775807, 0, 9223372036842955807
3, 789, 0, 9223372036854775807, 0, 9223372036842940807
3, 79, 0, 9223372036854775807, 0, 9223372036853590807
3, 790, 0, 9223372036854775807, 0, 9223372036842925807
3, 791, 0, 9223372036854775807, 0, 9223372036842910807
3, 792, 0, 9223372036854775807, 0, 9223372036842895807
3, 793, 0, 9223372036854775807, 0, 9223372036842880807
3, 794, 0, 9223372036854775807, 0, 9223372036842865807
3, 795, 0, 9223372036854775807, 0, 9223372036842850807
3, 796, 0, 9223372036854775807, 0, 9223372036842835807
3, 797, 0, 9223372036854775807, 0, 9223372036842820807
3, 798, 0, 9223372036854775807, 0, 9223372036842805807
3, 799, 0, 9223372036854775807, 0, 9223372036842790807
3, 8, 0, 9223372036854775807, 0, 9223372036854655807
3, 80, 0, 9223372036854775807, 0, 9223372036853575807
3, 800, 0, 9223372036854775807, 0, 9223372036842775807
3, 801, 0, 9223372036854775807, 0, 9223372036842760807
3, 802, 0, 9223372036854775807, 0, 9223372036842745807
3, 803, 0, 9223372036854775807, 0, 9223372036842730807
3, 804, 0, 9223372036854775807, 0, 9223372036842715807
3, 805, 0, 9223372036854775807, 0, 9223372036842700807
3, 806, 0, 9223372036854775807, 0, 9223372036842685807
3, 807, 0, 9223372036854775807, 0, 9223372036842670807
3, 808, 0, 9223372036854775807, 0, 9223372036842655807
3, 809, 0, 9223372036854775807, 0, 9223372036842640807
3, 81, 0, 9223372036854775807, 0, 9223372036853560807
3, 810, 0, 9223372036854775807, 0, 9223372036842625807
3, 811, 0, 9223372036854775807, 0, 9223372036842610807
3, 812, 0, 9223372036854775807, 0, 9223372036842595807
3, 813, 0, 9223372036854775807, 0, 9223372036842580807
3, 814, 0, 9223372036854775807, 0, 9223372036842565807
3, 815, 0, 9223372036854775807, 0, 9223372036842550807
3, 816, 0, 9223372036854775807, 0, 9223372036842535807
3, 817, 0, 9223372036854775807, 0, 9223372036842520807
3, 818, 0, 9223372036854775807, 0, 9223372036842505807
3, 819, 0, 9223372036854775807, 0, 9223372036842490807
3, 82, 0, 9223372036854775807, 0, 9223372036853545807
3, 820, 0, 9223372036854775807, 0, 9223372036842475807
3, 821, 0, 9223372036854775807, 0, 9223372036842460807
3, 822, 0, 9223372036854775807, 0, 9223372036842445807
3, 823, 0, 9223372036854775807, 0, 9223372036842430807
3, 824, 0, 9223372036854775807, 0, 9223372036842415807
3, 825, 0, 9223372036854775807, 0, 9223372036842400807
3, 826, 0, 9223372036854775807, 0, 9223372036842385807
3, 827, 0, 9223372036854775807, 0, 9223372036842370807
3, 828, 0, 9223372036854775807, 0, 9223372036842355807
3, 829, 0, 9223372036854775807, 0, 9223372036842340807
3, 83, 0, 9223372036854775807, 0, 9223372036853530807
3, 830, 0, 9223372036854775807, 0, 9223372036842325807
3, 831, 0, 9223372036854775807, 0, 9223372036842310807
3, 832, 0, 9223372036854775807, 0, 9223372036842295807
3, 833, 0, 9223372036854775807, 0, 9223372036842280807
3, 834, 0, 9223372036854775807, 0, 9223372036842265807
3, 835, 0, 9223372036854775807, 0, 9223372036842250807
3, 836, 0, 9223372036854775807, 0, 9223372036842235807
3, 837, 0, 9223372036854775807, 0, 9223372036842220807
3, 838, 0, 9223372036854775807, 0, 9223372036842205807
3, 839, 0, 9223372036854775807, 0, 9223372036842190807
3, 84, 0, 9223372036854775807, 0, 9223372036853515807
3, 840, 0, 9223372036854775807, 0, 9223372036842175807
3, 841, 0, 9223372036854775807, 0, 9223372036842160807
3, 842, 0, 9223372036854775807, 0, 9223372036842145807
3, 843, 0, 9223372036854775807, 0, 9223372036842130807
3, 844, 0, 9223372036854775807, 0, 9223372036842115807
3, 845, 0, 9223372036854775807, 0, 9223372036842100807
3, 846, 0, 9223372036854775807, 0, 9223372036842085807
3, 847, 0, 9223372036854775807, 0, 9223372036842070807
3, 848, 0, 9223372036854775807, 0, 9223372036842055807
3, 849, 0, 9223372036854775807, 0, 9223372036842040807
3, 85, 0, 9223372036854775807, 0, 9223372036853500807
3, 850, 0, 9223372036854775807, 0, 9223372036842025807
3, 851, 0, 9223372036854775807, 0, 9223372036842010807
3, 852, 0, 9223372036854775807, 0, 9223372036841995807
3, 853, 0, 9223372036854775807, 0, 9223372036841980807
3, 854, 0, 9223372036854775807, 0, 9223372036841965807
3, 855, 0, 9223372036854775807, 0, 9223372036841950807
3, 856, 0, 9223372036854775807, 0, 9223372036841935807
3, 857, 0, 9223372036854775807, 0, 9223372036841920807
3, 858, 0, 9223372036854775807, 0, 9223372036841905807
3, 859, 0, 9223372036854775807, 0, 9223372036841890807
3, 86, 0, 9223372036854775807, 0, 9223372036853485807
3, 860, 0, 9223372036854775807, 0, 9223372036841875807
3, 861, 0, 9223372036854775807, 0, 9223372036841860807
3, 862, 0, 9223372036854775807, 0, 9223372036841845807
3, 863, 0, 9223372036854775807, 0, 9223372036841830807
3, 864, 0, 9223372036854775807, 0, 9223372036841815807
3, 865, 0, 9223372036854775807, 0, 9223372036841800807
3, 866, 0, 9223372036854775807, 0, 9223372036841785807
3, 867, 0, 9223372036854775807, 0, 9223372036841770807
3, 868, 0, 9223372036854775807, 0, 9223372036841755807
3, 869, 0, 9223372036854775807, 0, 9223372036841740807
3, 87, 0, 9223372036854775807, 0, 9223372036853470807
3, 870, 0, 9223372036854775807, 0, 9223372036841725807
3, 871, 0, 9223372036854775807, 0, 9223372036841710807
3, 872, 0, 9223372036854775807, 0, 9223372036841695807
3, 873, 0, 9223372036854775807, 0, 9223372036841680807
3, 874, 0, 9223372036854775807, 0, 9223372036841665807
3, 875, 0, 9223372036854775807, 0, 9223372036841650807
3, 876, 0, 9223372036854775807, 0, 9223372036841635807
3, 877, 0, 9223372036854775807, 0, 9223372036841620807
3, 878, 0, 9223372036854775807, 0, 9223372036841605807
3, 879, 0, 9223372036854775807, 0, 9223372036841590807
3, 88, 0, 9223372036854775807, 0, 9223372036853455807
3, 880, 0, 9223372036854775807, 0, 9223372036841575807
3, 881, 0, 9223372036854775807, 0, 9223372036841560807
3, 882, 0, 9223372036854775807, 0, 9223372036841545807
3, 883, 0, 9223372036854775807, 0, 9223372036841530807
3, 884, 0, 9223372036854775807, 0, 9223372036841515807
3, 885, 0, 9223372036854775807, 0, 9223372036841500807
3, 886, 0, 9223372036854775807, 0, 9223372036841485807
3, 887, 0, 9223372036854775807, 0, 9223372036841470807
3, 888, 0, 9223372036854775807, 0, 9223372036841455807
3, 889, 0, 9223372036854775807, 0, 9223372036841440807
3, 89, 0, 9223372036854775807, 0, 9223372036853440807
3, 890, 0, 9223372036854775807, 0, 9223372036841425807
3, 891, 0, 9223372036854775807, 0, 9223372036841410807
3, 892, 0, 9223372036854775807, 0, 9223372036841395807
3, 893, 0, 9223372036854775807, 0, 9223372036841380807
3, 894, 0, 9223372036854775807, 0, 9223372036841365807
3, 895, 0, 9223372036854775807, 0, 9223372036841350807
3, 896, 0, 9223372036854775807, 0, 9223372036841335807
3, 897, 0, 9223372036854775807, 0, 9223372036841320807
3, 898, 0, 9223372036854775807, 0, 9223372036841305807
3, 899, 0, 9223372036854775807, 0, 9223372036841290807
3, 9, 0, 9223372036854775807, 0, 9223372036854640807
3, 90, 0, 9223372036854775807, 0, 9223372036853425807
3, 900, 0, 9223372036854775807, 0, 9223372036841275807
3, 901, 0, 9223372036854775807, 0, 9223372036841260807
3, 902, 0, 9223372036854775807, 0, 9223372036841245807
3, 903, 0, 9223372036854775807, 0, 9223372036841230807
3, 904, 0, 9223372036854775807, 0, 9223372036841215807
3, 905, 0, 9223372036854775807, 0, 9223372036841200807
3, 906, 0, 9223372036854775807, 0, 9223372036841185807
3, 907, 0, 9223372036854775807, 0, 9223372036841170807
3, 908, 0, 9223372036854775807, 0, 9223372036841155807
3, 909, 0, 9223372036854775807, 0, 9223372036841140807
3, 91, 0, 9223372036854775807, 0, 9223372036853410807
3, 910, 0, 9223372036854775807, 0, 9223372036841125807
3, 911, 0, 9223372036854775807, 0, 9223372036841110807
3, 912, 0, 9223372036854775807, 0, 9223372036841095807
3, 913, 0, 9223372036854775807, 0, 9223372036841080807
3, 914, 0, 9223372036854775807, 0, 9223372036841065807
3, 915, 0, 9223372036854775807, 0, 9223372036841050807
3, 916, 0, 9223372036854775807, 0, 9223372036841035807
3, 917, 0, 9223372036854775807, 0, 9223372036841020807
3, 918, 0, 9223372036854775807, 0, 9223372036841005807
3, 919, 0, 9223372036854775807, 0, 9223372036840990807
3, 92, 0, 9223372036854775807, 0, 9223372036853395807
3, 920, 0, 9223372036854775807, 0, 9223372036840975807
3, 921, 0, 9223372036854775807, 0, 9223372036840960807
3, 922, 0, 9223372036854775807, 0, 9223372036840945807
3, 923, 0, 9223372036854775807, 0, 9223372036840930807
3, 924, 0, 9223372036854775807, 0, 9223372036840915807
3, 925, 0, 9223372036854775807, 0, 9223372036840900807
3, 926, 0, 9223372036854775807, 0, 9223372036840885807
3, 927, 0, 9223372036854775807, 0, 9223372036840870807
3, 928, 0, 9223372036854775807, 0, 9223372036840855807
3, 929, 0, 9223372036854775807, 0, 9223372036840840807
3, 93, 0, 9223372036854775807, 0, 9223372036853380807
3, 930, 0, 9223372036854775807, 0, 9223372036840825807
3, 931, 0, 9223372036854775807, 0, 9223372036840810807
3, 932, 0, 9223372036854775807, 0, 9223372036840795807
3, 933, 0, 9223372036854775807, 0, 9223372036840780807
3, 934, 0, 9223372036854775807, 0, 9223372036840765807
3, 935, 0, 9223372036854775807, 0, 9223372036840750807
3, 936, 0, 9223372036854775807, 0, 9223372036840735807
3, 937, 0, 9223372036854775807, 0, 9223372036840720807
3, 938, 0, 9223372036854775807, 0, 9223372036840705807
3, 939, 0, 9223372036854775807, 0, 9223372036840690807
3, 94, 0, 9223372036854775807, 0, 9223372036853365807
3, 940, 0, 9223372036854775807, 0, 9223372036840675807
3, 941, 0, 9223372036854775807, 0, 9223372036840660807
3, 942, 0, 9223372036854775807, 0, 9223372036840645807
3, 943, 0, 9223372036854775807, 0, 9223372036840630807
3, 944, 0, 9223372036854775807, 0, 9223372036840615807
3, 945, 0, 9223372036854775807, 0, 9223372036840600807
3, 946, 0, 9223372036854775807, 0, 9223372036840585807
3, 947, 0, 9223372036854775807, 0, 9223372036840570807
3, 948, 0, 9223372036854775807, 0, 9223372036840555807
3, 949, 0, 9223372036854775807, 0, 9223372036840540807
3, 95, 0, 9223372036854775807, 0, 9223372036853350807
3, 950, 0, 9223372036854775807, 0, 9223372036840525807
3, 951, 0, 9223372036854775807, 0, 9223372036840510807
3, 952, 0, 9223372036854775807, 0, 9223372036840495807
3, 953, 0, 9223372036854775807, 0, 9223372036840480807
3, 954, 0, 9223372036854775807, 0, 9223372036840465807
3, 955, 0, 9223372036854775807, 0, 9223372036840450807
3, 956, 0, 9223372036854775807, 0, 9223372036840435807
3, 957, 0, 9223372036854775807, 0, 9223372036840420807
3, 958, 0, 9223372036854775807, 0, 9223372036840405807
3, 959, 0, 9223372036854775807, 0, 9223372036840390807
3, 96, 0, 9223372036854775807, 0, 9223372036853335807
3, 960, 0, 9223372036854775807, 0, 9223372036840375807
3, 961, 0, 9223372036854775807, 0, 9223372036840360807
3, 962, 0, 9223372036854775807, 0, 9223372036840345807
3, 963, 0, 9223372036854775807, 0, 9223372036840330807
3, 964, 0, 9223372036854775807, 0, 9223372036840315807
3, 965, 0, 9223372036854775807, 0, 9223372036840300807
3, 966, 0, 9223372036854775807, 0, 9223372036840285807
3, 967, 0, 9223372036854775807, 0, 9223372036840270807
3, 968, 0, 9223372036854775807, 0, 9223372036840255807
3, 969, 0, 9223372036854775807, 0, 9223372036840240807
3, 97, 0, 9223372036854775807, 0, 9223372036853320807
3, 970, 0, 9223372036854775807, 0, 9223372036840225807
3, 971, 0, 9223372036854775807, 0, 9223372036840210807
3, 972, 0, 9223372036854775807, 0, 9223372036840195807
3, 973, 0, 9223372036854775807, 0, 9223372036840180807
3, 974, 0, 9223372036854775807, 0, 9223372036840165807
3, 975, 0, 9223372036854775807, 0, 9223372036840150807
3, 976, 0, 9223372036854775807, 0, 9223372036840135807
3, 977, 0, 9223372036854775807, 0, 9223372036840120807
3, 978, 0, 9223372036854775807, 0, 9223372036840105807
3, 979, 0, 9223372036854775807, 0, 9223372036840090807
3, 98, 0, 9223372036854775807, 0, 9223372036853305807
3, 980, 0, 9223372036854775807, 0, 9223372036840075807
3, 981, 0, 9223372036854775807, 0, 9223372036840060807
3, 982, 0, 9223372036854775807, 0, 9223372036840045807
3, 983, 0, 9223372036854775807, 0, 9223372036840030807
3, 984, 0, 9223372036854775807, 0, 9223372036840015807
3, 985, 0, 9223372036854775807, 0, 9223372036840000807
3, 986, 0, 9223372036854775807, 0, 9223372036839985807
3, 987, 0, 9223372036854775807, 0, 9223372036839970807
3, 988, 0, 9223372036854775807, 0, 9223372036839955807
3, 989, 0, 9223372036854775807, 0, 9223372036839940807
3, 99, 0, 9223372036854775807, 0, 9223372036853290807
3, 990, 0, 9223372036854775807, 0, 9223372036839925807
3, 991, 0, 9223372036854775807, 0, 9223372036839910807
3, 992, 0, 9223372036854775807, 0, 9223372036839895807
3, 993, 0, 9223372036854775807, 0, 9223372036839880807
3, 994, 0, 9223372036854775807, 0, 9223372036839865807
3, 995, 0, 9223372036854775807, 0, 9223372036839850807
3, 996, 0, 9223372036854775807, 0, 9223372036839835807
3, 997, 0, 9223372036854775807, 0, 9223372036839820807
3, 998, 0, 9223372036854775807, 0, 9223372036839805807
3, 999, 0, 9223372036854775807, 0, 9223372036839790807
4, 0, 692, 8602, 692, 8602
4, 1, 0, 9223372036854775807, 0, 9223372036854740807
4, 10, 0, 9223372036854775807, 0, 9223372036854425807
4, 100, 0, 9223372036854775807, 0, 9223372036851275807
4, 1000, 0, 9223372036854775807, 0, 9223372036819775807
4, 1001, 0, 9223372036854775807, 0, 9223372036819740807
4, 1002, 0, 9223372036854775807, 0, 9223372036819705807
4, 1003, 0, 9223372036854775807, 0, 9223372036819670807
4, 1004, 0, 9223372036854775807, 0, 9223372036819635807
4, 1005, 0, 9223372036854775807, 0, 9223372036819600807
4, 1006, 0, 9223372036854775807, 0, 9223372036819565807
4, 1007, 0, 9223372036854775807, 0, 9223372036819530807
4, 1008, 0, 9223372036854775807, 0, 9223372036819495807
4, 1009, 0, 9223372036854775807, 0, 9223372036819460807
4, 101, 0, 9223372036854775807, 0, 9223372036851240807
4, 1010, 0, 9223372036854775807, 0, 9223372036819425807
4, 1011, 0, 9223372036854775807, 0, 9223372036819390807
4, 1012, 0, 9223372036854775807, 0, 9223372036819355807
4, 1013, 0, 9223372036854775807, 0, 9223372036819320807
4, 1014, 0, 9223372036854775807, 0, 9223372036819285807
4, 1015, 0, 9223372036854775807, 0, 9223372036819250807
4, 1016, 0, 9223372036854775807, 0, 9223372036819215807
4, 1017, 0, 9223372036854775807, 0, 9223372036819180807
4, 1018, 0, 9223372036854775807, 0, 9223372036819145807
4, 1019, 0, 9223372036854775807, 0, 9223372036819110807
4, 102, 0, 9223372036854775807, 0, 9223372036851205807
4, 1020, 0, 9223372036854775807, 0, 9223372036819075807
4, 1021, 0, 9223372036854775807, 0, 9223372036819040807
4, 1022, 0, 9223372036854775807, 0, 9223372036819005807
4, 1023, 0, 9223372036854775807, 0, 9223372036818970807
4, 1024, 0, 9223372036854775807, 0, 9223372036818935807
4, 1025, 0, 9223372036854775807, 0, 9223372036818900807
4, 1026, 0, 9223372036854775807, 0, 9223372036818865807
4, 1027, 0, 9223372036854775807, 0, 9223372036818830807
4, 1028, 0, 9223372036854775807, 0, 9223372036818795807
4, 1029, 0, 9223372036854775807, 0, 9223372036818760807
4, 103, 0, 9223372036854775807, 0, 9223372036851170807
4, 1030, 0, 9223372036854775807, 0, 9223372036818725807
4, 1031, 0, 9223372036854775807, 0, 9223372036818690807
4, 1032, 0, 9223372036854775807, 0, 9223372036818655807
4, 1033, 0, 9223372036854775807, 0, 9223372036818620807
4, 1034, 0, 9223372036854775807, 0, 9223372036818585807
4, 1035, 0, 9223372036854775807, 0, 9223372036818550807
4, 1036, 0, 9223372036854775807, 0, 9223372036818515807
4, 1037, 0, 9223372036854775807, 0, 9223372036818480807
4, 1038, 0, 9223372036854775807, 0, 9223372036818445807
4, 1039, 0, 9223372036854775807, 0, 9223372036818410807
4, 104, 0, 9223372036854775807, 0, 9223372036851135807
4, 1040, 0, 9223372036854775807, 0, 9223372036818375807
4, 1041, 0, 9223372036854775807, 0, 9223372036818340807
4, 1042, 0, 9223372036854775807, 0, 9223372036818305807
4, 1043, 0, 9223372036854775807, 0, 9223372036818270807
4, 1044, 0, 9223372036854775807, 0, 9223372036818235807
4, 1045, 0, 9223372036854775807, 0, 9223372036818200807
4, 1046, 0, 9223372036854775807, 0, 9223372036818165807
4, 1047, 0, 9223372036854775807, 0, 9223372036818130807
4, 1048, 0, 9223372036854775807, 0, 9223372036818095807
4, 1049, 0, 9223372036854775807, 0, 9223372036818060807
4, 105, 0, 9223372036854775807, 0, 9223372036851100807
4, 1050, 0, 9223372036854775807, 0, 9223372036818025807
4, 1051, 0, 9223372036854775807, 0, 9223372036817990807
4, 1052, 0, 9223372036854775807, 0, 9223372036817955807
4, 1053, 0, 9223372036854775807, 0, 9223372036817920807
4, 1054, 0, 9223372036854775807, 0, 9223372036817885807
4, 1055, 0, 9223372036854775807, 0, 9223372036817850807
4, 1056, 0, 9223372036854775807, 0, 9223372036817815807
4, 1057, 0, 9223372036854775807, 0, 9223372036817780807
4, 1058, 0, 9223372036854775807, 0, 9223372036817745807
4, 1059, 0, 9223372036854775807, 0, 9223372036817710807
4, 106, 0, 9223372036854775807, 0, 9223372036851065807
4, 1060, 0, 9223372036854775807, 0, 9223372036817675807
4, 1061, 0, 9223372036854775807, 0, 9223372036817640807
4, 1062, 0, 9223372036854775807, 0, 9223372036817605807
4, 1063, 0, 9223372036854775807, 0, 9223372036817570807
4, 1064, 0, 9223372036854775807, 0, 9223372036817535807
4, 1065, 0, 9223372036854775807, 0, 9223372036817500807
4, 1066, 0, 9223372036854775807, 0, 9223372036817465807
4, 1067, 0, 9223372036854775807, 0, 9223372036817430807
4, 1068, 0, 9223372036854775807, 0, 9223372036817395807
4, 1069, 0, 9223372036854775807, 0, 9223372036817360807
4, 107, 0, 9223372036854775807, 0, 9223372036851030807
4, 1070, 0, 9223372036854775807, 0, 9223372036817325807
4, 1071, 0, 9223372036854775807, 0, 9223372036817290807
4, 1072, 0, 9223372036854775807, 0, 9223372036817255807
4, 1073, 0, 9223372036854775807, 0, 9223372036817220807
4, 1074, 0, 9223372036854775807, 0, 9223372036817185807
4, 1075, 0, 9223372036854775807, 0, 9223372036817150807
4, 1076, 0, 9223372036854775807, 0, 9223372036817115807
4, 1077, 0, 9223372036854775807, 0, 9223372036817080807
4, 1078, 0, 9223372036854775807, 0, 9223372036817045807
4, 1079, 0, 9223372036854775807, 0, 9223372036817010807
4, 108, 0, 9223372036854775807, 0, 9223372036850995807
4, 1080, 0, 9223372036854775807, 0, 9223372036816975807
4, 1081, 0, 9223372036854775807, 0, 9223372036816940807
4, 1082, 0, 9223372036854775807, 0, 9223372036816905807
4, 1083, 0, 9223372036854775807, 0, 9223372036816870807
4, 1084, 0, 9223372036854775807, 0, 9223372036816835807
4, 1085, 0, 9223372036854775807, 0, 9223372036816800807
4, 1086, 0, 9223372036854775807, 0, 9223372036816765807
4, 1087, 0, 9223372036854775807, 0, 9223372036816730807
4, 1088, 0, 9223372036854775807, 0, 9223372036816695807
4, 1089, 0, 9223372036854775807, 0, 9223372036816660807
4, 109, 0, 9223372036854775807, 0, 9223372036850960807
4, 1090, 0, 9223372036854775807, 0, 9223372036816625807
4, 1091, 0, 9223372036854775807, 0, 9223372036816590807
4, 1092, 0, 9223372036854775807, 0, 9223372036816555807
4, 1093, 0, 9223372036854775807, 0, 9223372036816520807
4, 1094, 0, 9223372036854775807, 0, 9223372036816485807
4, 1095, 0, 9223372036854775807, 0, 9223372036816450807
4, 1096, 0, 9223372036854775807, 0, 9223372036816415807
4, 1097, 0, 9223372036854775807, 0, 9223372036816380807
4, 1098, 0, 9223372036854775807, 0, 9223372036816345807
4, 1099, 0, 9223372036854775807, 0, 9223372036816310807
4, 11, 0, 9223372036854775807, 0, 9223372036854390807
4, 110, 0, 9223372036854775807, 0, 9223372036850925807
4, 1100, 0, 9223372036854775807, 0, 9223372036816275807
4, 1101, 0, 9223372036854775807, 0, 9223372036816240807
4, 1102, 0, 9223372036854775807, 0, 9223372036816205807
4, 1103, 0, 9223372036854775807, 0, 9223372036816170807
4, 1104, 0, 9223372036854775807, 0, 9223372036816135807
4, 1105, 0, 9223372036854775807, 0, 9223372036816100807
4, 1106, 0, 9223372036854775807, 0, 9223372036816065807
4, 1107, 0, 9223372036854775807, 0, 9223372036816030807
4, 1108, 0, 9223372036854775807, 0, 9223372036815995807
4, 1109, 0, 9223372036854775807, 0, 9223372036815960807
4, 111, 0, 9223372036854775807, 0, 9223372036850890807
4, 1110, 0, 9223372036854775807, 0, 9223372036815925807
4, 1111, 0, 9223372036854775807, 0, 9223372036815890807
4, 1112, 0, 9223372036854775807, 0, 9223372036815855807
4, 1113, 0, 9223372036854775807, 0, 9223372036815820807
4, 1114, 0, 9223372036854775807, 0, 9223372036815785807
4, 1115, 0, 9223372036854775807, 0, 9223372036815750807
4, 1116, 0, 9223372036854775807, 0, 9223372036815715807
4, 1117, 0, 9223372036854775807, 0, 9223372036815680807
4, 1118, 0, 9223372036854775807, 0, 9223372036815645807
4, 1119, 0, 9223372036854775807, 0, 9223372036815610807
4, 112, 0, 9223372036854775807, 0, 9223372036850855807
4, 1120, 0, 9223372036854775807, 0, 9223372036815575807
4, 1121, 0, 9223372036854775807, 0, 9223372036815540807
4, 1122, 0, 9223372036854775807, 0, 9223372036815505807
4, 1123, 0, 9223372036854775807, 0, 9223372036815470807
4, 1124, 0, 9223372036854775807, 0, 9223372036815435807
4, 1125, 0, 9223372036854775807, 0, 9223372036815400807
4, 1126, 0, 9223372036854775807, 0, 9223372036815365807
4, 1127, 0, 9223372036854775807, 0, 9223372036815330807
4, 1128, 0, 9223372036854775807, 0, 9223372036815295807
4, 1129, 0, 9223372036854775807, 0, 9223372036815260807
4, 113, 0, 9223372036854775807, 0, 9223372036850820807
4, 1130, 0, 9223372036854775807, 0, 9223372036815225807
4, 1131, 0, 9223372036854775807, 0, 9223372036815190807
4, 1132, 0, 9223372036854775807, 0, 9223372036815155807
4, 1133, 0, 9223372036854775807, 0, 9223372036815120807
4, 1134, 0, 9223372036854775807, 0, 9223372036815085807
4, 1135, 0, 9223372036854775807, 0, 9223372036815050807
4, 1136, 0, 9223372036854775807, 0, 9223372036815015807
4, 1137, 0, 9223372036854775807, 0, 9223372036814980807
4, 1138, 0, 9223372036854775807, 0, 9223372036814945807
4, 1139, 0, 9223372036854775807, 0, 9223372036814910807
4, 114, 0, 9223372036854775807, 0, 9223372036850785807
4, 1140, 0, 9223372036854775807, 0, 9223372036814875807
4, 1141, 0, 9223372036854775807, 0, 9223372036814840807
4, 1142, 0, 9223372036854775807, 0, 9223372036814805807
4, 1143, 0, 9223372036854775807, 0, 9223372036814770807
4, 1144, 0, 9223372036854775807, 0, 9223372036814735807
4, 1145, 0, 9223372036854775807, 0, 9223372036814700807
4, 1146, 0, 9223372036854775807, 0, 9223372036814665807
4, 1147, 0, 9223372036854775807, 0, 9223372036814630807
4, 1148, 0, 9223372036854775807, 0, 9223372036814595807
4, 1149, 0, 9223372036854775807, 0, 9223372036814560807
4, 115, 0, 9223372036854775807, 0, 9223372036850750807
4, 1150, 0, 9223372036854775807, 0, 9223372036814525807
4, 1151, 0, 9223372036854775807, 0, 9223372036814490807
4, 1152, 0, 9223372036854775807, 0, 9223372036814455807
4, 1153, 0, 9223372036854775807, 0, 9223372036814420807
4, 1154, 0, 9223372036854775807, 0, 9223372036814385807
4, 1155, 0, 9223372036854775807, 0, 9223372036814350807
4, 1156, 0, 9223372036854775807, 0, 9223372036814315807
4, 1157, 0, 9223372036854775807, 0, 9223372036814280807
4, 1158, 0, 9223372036854775807, 0, 9223372036814245807
4, 1159, 0, 9223372036854775807, 0, 9223372036814210807
4, 116, 0, 9223372036854775807, 0, 9223372036850715807
4, 1160, 0, 9223372036854775807, 0, 9223372036814175807
4, 1161, 0, 9223372036854775807, 0, 9223372036814140807
4, 1162, 0, 9223372036854775807, 0, 9223372036814105807
4, 1163, 0, 9223372036854775807, 0, 9223372036814070807
4, 1164, 0, 9223372036854775807, 0, 9223372036814035807
4, 1165, 0, 9223372036854775807, 0, 9223372036814000807
4, 1166, 0, 9223372036854775807, 0, 9223372036813965807
4, 1167, 0, 9223372036854775807, 0, 9223372036813930807
4, 1168, 0, 9223372036854775807, 0, 9223372036813895807
4, 1169, 0, 9223372036854775807, 0, 9223372036813860807
4, 117, 0, 9223372036854775807, 0, 9223372036850680807
4, 1170, 0, 9223372036854775807, 0, 9223372036813825807
4, 1171, 0, 9223372036854775807, 0, 9223372036813790807
4, 1172, 0, 9223372036854775807, 0, 9223372036813755807
4, 1173, 0, 9223372036854775807, 0, 9223372036813720807
4, 1174, 0, 9223372036854775807, 0, 9223372036813685807
4, 1175, 0, 9223372036854775807, 0, 9223372036813650807
4, 1176, 0, 9223372036854775807, 0, 9223372036813615807
4, 1177, 0, 9223372036854775807, 0, 9223372036813580807
4, 1178, 0, 9223372036854775807, 0, 9223372036813545807
4, 1179, 0, 9223372036854775807, 0, 9223372036813510807
4, 118, 0, 9223372036854775807, 0, 9223372036850645807
4, 1180, 0, 9223372036854775807, 0, 9223372036813475807
4, 1181, 0, 9223372036854775807, 0, 9223372036813440807
4, 1182, 0, 9223372036854775807, 0, 9223372036813405807
4, 1183, 0, 9223372036854775807, 0, 9223372036813370807
4, 1184, 0, 9223372036854775807, 0, 9223372036813335807
4, 1185, 0, 9223372036854775807, 0, 9223372036813300807
4, 1186, 0, 9223372036854775807, 0, 9223372036813265807
4, 1187, 0, 9223372036854775807, 0, 9223372036813230807
4, 1188, 0, 9223372036854775807, 0, 9223372036813195807
4, 1189, 0, 9223372036854775807, 0, 9223372036813160807
4, 119, 0, 9223372036854775807, 0, 9223372036850610807
4, 1190, 0, 9223372036854775807, 0, 9223372036813125807
4, 1191, 0, 9223372036854775807, 0, 9223372036813090807
4, 1192, 0, 9223372036854775807, 0, 9223372036813055807
4, 1193, 0, 9223372036854775807, 0, 9223372036813020807
4, 1194, 0, 9223372036854775807, 0, 9223372036812985807
4, 1195, 0, 9223372036854775807, 0, 9223372036812950807
4, 1196, 0, 9223372036854775807, 0, 9223372036812915807
4, 1197, 0, 9223372036854775807, 0, 9223372036812880807
4, 1198, 0, 9223372036854775807, 0, 9223372036812845807
4, 1199, 0, 9223372036854775807, 0, 9223372036812810807
4, 12, 0, 9223372036854775807, 0, 9223372036854355807
4, 120, 0, 9223372036854775807, 0, 9223372036850575807
4, 1200, 0, 9223372036854775807, 0, 9223372036812775807
4, 1201, 0, 9223372036854775807, 0, 9223372036812740807
4, 1202, 0, 9223372036854775807, 0, 9223372036812705807
4, 1203, 0, 9223372036854775807, 0, 9223372036812670807
4, 1204, 0, 9223372036854775807, 0, 9223372036812635807
4, 1205, 0, 9223372036854775807, 0, 9223372036812600807
4, 1206, 0, 9223372036854775807, 0, 9223372036812565807
4, 1207, 0, 9223372036854775807, 0, 9223372036812530807
4, 1208, 0, 9223372036854775807, 0, 9223372036812495807
4, 1209, 0, 9223372036854775807, 0, 9223372036812460807
4, 121, 0, 9223372036854775807, 0, 9223372036850540807
4, 1210, 0, 9223372036854775807, 0, 9223372036812425807
4, 1211, 0, 9223372036854775807, 0, 9223372036812390807
4, 1212, 0, 9223372036854775807, 0, 9223372036812355807
4, 1213, 0, 9223372036854775807, 0, 9223372036812320807
4, 1214, 0, 9223372036854775807, 0, 9223372036812285807
4, 1215, 0, 9223372036854775807, 0, 9223372036812250807
4, 1216, 0, 9223372036854775807, 0, 9223372036812215807
4, 1217, 0, 9223372036854775807, 0, 9223372036812180807
4, 1218, 0, 9223372036854775807, 0, 9223372036812145807
4, 1219, 0, 9223372036854775807, 0, 9223372036812110807
4, 122, 0, 9223372036854775807, 0, 9223372036850505807
4, 1220, 0, 9223372036854775807, 0, 9223372036812075807
4, 1221, 0, 9223372036854775807, 0, 9223372036812040807
4, 1222, 0, 9223372036854775807, 0, 9223372036812005807
4, 1223, 0, 9223372036854775807, 0, 9223372036811970807
4, 1224, 0, 9223372036854775807, 0, 9223372036811935807
4, 1225, 0, 9223372036854775807, 0, 9223372036811900807
4, 1226, 0, 9223372036854775807, 0, 9223372036811865807
4, 1227, 0, 9223372036854775807, 0, 9223372036811830807
4, 1228, 0, 9223372036854775807, 0, 9223372036811795807
4, 1229, 0, 9223372036854775807, 0, 9223372036811760807
4, 123, 0, 9223372036854775807, 0, 9223372036850470807
4, 1230, 0, 9223372036854775807, 0, 9223372036811725807
4, 1231, 0, 9223372036854775807, 0, 9223372036811690807
4, 1232, 0, 9223372036854775807, 0, 9223372036811655807
4, 1233, 0, 9223372036854775807, 0, 9223372036811620807
4, 1234, 0, 9223372036854775807, 0, 9223372036811585807
4, 1235, 0, 9223372036854775807, 0, 9223372036811550807
4, 1236, 0, 9223372036854775807, 0, 9223372036811515807
4, 1237, 0, 9223372036854775807, 0, 9223372036811480807
4, 1238, 0, 9223372036854775807, 0, 9223372036811445807
4, 1239, 0, 9223372036854775807, 0, 9223372036811410807
4, 124, 0, 9223372036854775807, 0, 9223372036850435807
4, 1240, 0, 9223372036854775807, 0, 9223372036811375807
4, 1241, 0, 9223372036854775807, 0, 9223372036811340807
4, 1242, 0, 9223372036854775807, 0, 9223372036811305807
4, 1243, 0, 9223372036854775807, 0, 9223372036811270807
4, 1244, 0, 9223372036854775807, 0, 9223372036811235807
4, 1245, 0, 9223372036854775807, 0, 9223372036811200807
4, 1246, 0, 9223372036854775807, 0, 9223372036811165807
4, 1247, 0, 9223372036854775807, 0, 9223372036811130807
4, 1248, 0, 9223372036854775807, 0, 9223372036811095807
4, 1249, 0, 9223372036854775807, 0, 9223372036811060807
4, 125, 0, 9223372036854775807, 0, 9223372036850400807
4, 1250, 0, 9223372036854775807, 0, 9223372036811025807
4, 1251, 0, 9223372036854775807, 0, 9223372036810990807
4, 1252, 0, 9223372036854775807, 0, 9223372036810955807
4, 1253, 0, 9223372036854775807, 0, 9223372036810920807
4, 1254, 0, 9223372036854775807, 0, 9223372036810885807
4, 1255, 0, 9223372036854775807, 0, 9223372036810850807
4, 1256, 0, 9223372036854775807, 0, 9223372036810815807
4, 1257, 0, 9223372036854775807, 0, 9223372036810780807
4, 1258, 0, 9223372036854775807, 0, 9223372036810745807
4, 1259, 0, 9223372036854775807, 0, 9223372036810710807
4, 126, 0, 9223372036854775807, 0, 9223372036850365807
4, 1260, 0, 9223372036854775807, 0, 9223372036810675807
4, 1261, 0, 9223372036854775807, 0, 9223372036810640807
4, 1262, 0, 9223372036854775807, 0, 9223372036810605807
4, 1263, 0, 9223372036854775807, 0, 9223372036810570807
4, 1264, 0, 9223372036854775807, 0, 9223372036810535807
4, 1265, 0, 9223372036854775807, 0, 9223372036810500807
4, 1266, 0, 9223372036854775807, 0, 9223372036810465807
4, 1267, 0, 9223372036854775807, 0, 9223372036810430807
4, 1268, 0, 9223372036854775807, 0, 9223372036810395807
4, 1269, 0, 9223372036854775807, 0, 9223372036810360807
4, 127, 0, 9223372036854775807, 0, 9223372036850330807
4, 1270, 0, 9223372036854775807, 0, 9223372036810325807
4, 1271, 0, 9223372036854775807, 0, 9223372036810290807
4, 1272, 0, 9223372036854775807, 0, 9223372036810255807
4, 1273, 0, 9223372036854775807, 0, 9223372036810220807
4, 1274, 0, 9223372036854775807, 0, 9223372036810185807
4, 1275, 0, 9223372036854775807, 0, 9223372036810150807
4, 1276, 0, 9223372036854775807, 0, 9223372036810115807
4, 1277, 0, 9223372036854775807, 0, 9223372036810080807
4, 1278, 0, 9223372036854775807, 0, 9223372036810045807
4, 1279, 0, 9223372036854775807, 0, 9223372036810010807
4, 128, 0, 9223372036854775807, 0, 9223372036850295807
4, 1280, 0, 9223372036854775807, 0, 9223372036809975807
4, 1281, 0, 9223372036854775807, 0, 9223372036809940807
4, 1282, 0, 9223372036854775807, 0, 9223372036809905807
4, 1283, 0, 9223372036854775807, 0, 9223372036809870807
4, 1284, 0, 9223372036854775807, 0, 9223372036809835807
4, 1285, 0, 9223372036854775807, 0, 9223372036809800807
4, 1286, 0, 9223372036854775807, 0, 9223372036809765807
4, 1287, 0, 9223372036854775807, 0, 9223372036809730807
4, 1288, 0, 9223372036854775807, 0, 9223372036809695807
4, 1289, 0, 9223372036854775807, 0, 9223372036809660807
4, 129, 0, 9223372036854775807, 0, 9223372036850260807
4, 1290, 0, 9223372036854775807, 0, 9223372036809625807
4, 1291, 0, 9223372036854775807, 0, 9223372036809590807
4, 1292, 0, 9223372036854775807, 0, 9223372036809555807
4, 1293, 0, 9223372036854775807, 0, 9223372036809520807
4, 1294, 0, 9223372036854775807, 0, 9223372036809485807
4, 1295, 0, 9223372036854775807, 0, 9223372036809450807
4, 1296, 0, 9223372036854775807, 0, 9223372036809415807
4, 1297, 0, 9223372036854775807, 0, 9223372036809380807
4, 1298, 0, 9223372036854775807, 0, 9223372036809345807
4, 1299, 0, 9223372036854775807, 0, 9223372036809310807
4, 13, 0, 9223372036854775807, 0, 9223372036854320807
4, 130, 0, 9223372036854775807, 0, 9223372036850225807
4, 1300, 0, 9223372036854775807, 0, 9223372036809275807
4, 1301, 0, 9223372036854775807, 0, 9223372036809240807
4, 1302, 0, 9223372036854775807, 0, 9223372036809205807
4, 1303, 0, 9223372036854775807, 0, 9223372036809170807
4, 1304, 0, 9223372036854775807, 0, 9223372036809135807
4, 1305, 0, 9223372036854775807, 0, 9223372036809100807
4, 1306, 0, 9223372036854775807, 0, 9223372036809065807
4, 1307, 0, 9223372036854775807, 0, 9223372036809030807
4, 1308, 0, 9223372036854775807, 0, 9223372036808995807
4, 1309, 0, 9223372036854775807, 0, 9223372036808960807
4, 131, 0, 9223372036854775807, 0, 9223372036850190807
4, 1310, 0, 9223372036854775807, 0, 9223372036808925807
4, 1311, 0, 9223372036854775807, 0, 9223372036808890807
4, 1312, 0, 9223372036854775807, 0, 9223372036808855807
4, 1313, 0, 9223372036854775807, 0, 9223372036808820807
4, 1314, 0, 9223372036854775807, 0, 9223372036808785807
4, 1315, 0, 9223372036854775807, 0, 9223372036808750807
4, 1316, 0, 9223372036854775807, 0, 9223372036808715807
4, 1317, 0, 9223372036854775807, 0, 9223372036808680807
4, 1318, 0, 9223372036854775807, 0, 9223372036808645807
4, 1319, 0, 9223372036854775807, 0, 9223372036808610807
4, 132, 0, 9223372036854775807, 0, 9223372036850155807
4, 1320, 0, 9223372036854775807, 0, 9223372036808575807
4, 1321, 0, 9223372036854775807, 0, 9223372036808540807
4, 1322, 0, 9223372036854775807, 0, 9223372036808505807
4, 1323, 0, 9223372036854775807, 0, 9223372036808470807
4, 1324, 0, 9223372036854775807, 0, 9223372036808435807
4, 1325, 0, 9223372036854775807, 0, 9223372036808400807
4, 1326, 0, 9223372036854775807, 0, 9223372036808365807
4, 1327, 0, 9223372036854775807, 0, 9223372036808330807
4, 1328, 0, 9223372036854775807, 0, 9223372036808295807
4, 1329, 0, 9223372036854775807, 0, 9223372036808260807
4, 133, 0, 9223372036854775807, 0, 9223372036850120807
4, 1330, 0, 9223372036854775807, 0, 9223372036808225807
4, 1331, 0, 9223372036854775807, 0, 9223372036808190807
4, 1332, 0, 9223372036854775807, 0, 9223372036808155807
4, 1333, 0, 9223372036854775807, 0, 9223372036808120807
4, 1334, 0, 9223372036854775807, 0, 9223372036808085807
4, 1335, 0, 9223372036854775807, 0, 9223372036808050807
4, 1336, 0, 9223372036854775807, 0, 9223372036808015807
4, 1337, 0, 9223372036854775807, 0, 9223372036807980807
4, 1338, 0, 9223372036854775807, 0, 9223372036807945807
4, 1339, 0, 9223372036854775807, 0, 9223372036807910807
4, 134, 0, 9223372036854775807, 0, 9223372036850085807
4, 1340, 0, 9223372036854775807, 0, 9223372036807875807
4, 1341, 0, 9223372036854775807, 0, 9223372036807840807
4, 1342, 0, 9223372036854775807, 0, 9223372036807805807
4, 1343, 0, 9223372036854775807, 0, 9223372036807770807
4, 1344, 0, 9223372036854775807, 0, 9223372036807735807
4, 1345, 0, 9223372036854775807, 0, 9223372036807700807
4, 1346, 0, 9223372036854775807, 0, 9223372036807665807
4, 1347, 0, 9223372036854775807, 0, 9223372036807630807
4, 1348, 0, 9223372036854775807, 0, 9223372036807595807
4, 1349, 0, 9223372036854775807, 0, 9223372036807560807
4, 135, 0, 9223372036854775807, 0, 9223372036850050807
4, 1350, 0, 9223372036854775807, 0, 9223372036807525807
4, 1351, 0, 9223372036854775807, 0, 9223372036807490807
4, 1352, 0, 9223372036854775807, 0, 9223372036807455807
4, 1353, 0, 9223372036854775807, 0, 9223372036807420807
4, 1354, 0, 9223372036854775807, 0, 9223372036807385807
4, 1355, 0, 9223372036854775807, 0, 9223372036807350807
4, 1356, 0, 9223372036854775807, 0, 9223372036807315807
4, 1357, 0, 9223372036854775807, 0, 9223372036807280807
4, 1358, 0, 9223372036854775807, 0, 9223372036807245807
4, 1359, 0, 9223372036854775807, 0, 9223372036807210807
4, 136, 0, 9223372036854775807, 0, 9223372036850015807
4, 1360, 0, 9223372036854775807, 0, 9223372036807175807
4, 1361, 0, 9223372036854775807, 0, 9223372036807140807
4, 1362, 0, 9223372036854775807, 0, 9223372036807105807
4, 1363, 0, 9223372036854775807, 0, 9223372036807070807
4, 1364, 0, 9223372036854775807, 0, 9223372036807035807
4, 1365, 0, 9223372036854775807, 0, 9223372036807000807
4, 1366, 0, 9223372036854775807, 0, 9223372036806965807
4, 1367, 0, 9223372036854775807, 0, 9223372036806930807
4, 1368, 0, 9223372036854775807, 0, 9223372036806895807
4, 1369, 0, 9223372036854775807, 0, 9223372036806860807
4, 137, 0, 9223372036854775807, 0, 9223372036849980807
4, 1370, 0, 9223372036854775807, 0, 9223372036806825807
4, 1371, 0, 9223372036854775807, 0, 9223372036806790807
4, 1372, 0, 9223372036854775807, 0, 9223372036806755807
4, 1373, 0, 9223372036854775807, 0, 9223372036806720807
4, 1374, 0, 9223372036854775807, 0, 9223372036806685807
4, 1375, 0, 9223372036854775807, 0, 9223372036806650807
4, 1376, 0, 9223372036854775807, 0, 9223372036806615807
4, 1377, 0, 9223372036854775807, 0, 9223372036806580807
4, 1378, 0, 9223372036854775807, 0, 9223372036806545807
4, 1379, 0, 9223372036854775807, 0, 9223372036806510807
4, 138, 0, 9223372036854775807, 0, 9223372036849945807
4, 1380, 0, 9223372036854775807, 0, 9223372036806475807
4, 1381, 0, 9223372036854775807, 0, 9223372036806440807
4, 1382, 0, 9223372036854775807, 0, 9223372036806405807
4, 1383, 0, 9223372036854775807, 0, 9223372036806370807
4, 1384, 0, 9223372036854775807, 0, 9223372036806335807
4, 1385, 0, 9223372036854775807, 0, 9223372036806300807
4, 1386, 0, 9223372036854775807, 0, 9223372036806265807
4, 1387, 0, 9223372036854775807, 0, 9223372036806230807
4, 1388, 0, 9223372036854775807, 0, 9223372036806195807
4, 1389, 0, 9223372036854775807, 0, 9223372036806160807
4, 139, 0, 9223372036854775807, 0, 9223372036849910807
4, 1390, 0, 9223372036854775807, 0, 9223372036806125807
4, 1391, 0, 9223372036854775807, 0, 9223372036806090807
4, 1392, 0, 9223372036854775807, 0, 9223372036806055807
4, 1393, 0, 9223372036854775807, 0, 9223372036806020807
4, 1394, 0, 9223372036854775807, 0, 9223372036805985807
4, 1395, 0, 9223372036854775807, 0, 9223372036805950807
4, 1396, 0, 9223372036854775807, 0, 9223372036805915807
4, 1397, 0, 9223372036854775807, 0, 9223372036805880807
4, 1398, 0, 9223372036854775807, 0, 9223372036805845807
4, 1399, 0, 9223372036854775807, 0, 9223372036805810807
4, 14, 0, 9223372036854775807, 0, 9223372036854285807
4, 140, 0, 9223372036854775807, 0, 9223372036849875807
4, 1400, 0, 9223372036854775807, 0, 9223372036805775807
4, 1401, 0, 9223372036854775807, 0, 9223372036805740807
4, 1402, 0, 9223372036854775807, 0, 9223372036805705807
4, 1403, 0, 9223372036854775807, 0, 9223372036805670807
4, 1404, 0, 9223372036854775807, 0, 9223372036805635807
4, 1405, 0, 9223372036854775807, 0, 9223372036805600807
4, 1406, 0, 9223372036854775807, 0, 9223372036805565807
4, 1407, 0, 9223372036854775807, 0, 9223372036805530807
4, 1408, 0, 9223372036854775807, 0, 9223372036805495807
4, 1409, 0, 9223372036854775807, 0, 9223372036805460807
4, 141, 0, 9223372036854775807, 0, 9223372036849840807
4, 1410, 0, 9223372036854775807, 0, 9223372036805425807
4, 1411, 0, 9223372036854775807, 0, 9223372036805390807
4, 1412, 0, 9223372036854775807, 0, 9223372036805355807
4, 1413, 0, 9223372036854775807, 0, 9223372036805320807
4, 1414, 0, 9223372036854775807, 0, 9223372036805285807
4, 1415, 0, 9223372036854775807, 0, 9223372036805250807
4, 1416, 0, 9223372036854775807, 0, 9223372036805215807
4, 1417, 0, 9223372036854775807, 0, 9223372036805180807
4, 1418, 0, 9223372036854775807, 0, 9223372036805145807
4, 1419, 0, 9223372036854775807, 0, 9223372036805110807
4, 142, 0, 9223372036854775807, 0, 9223372036849805807
4, 1420, 0, 9223372036854775807, 0, 9223372036805075807
4, 1421, 0, 9223372036854775807, 0, 9223372036805040807
4, 1422, 0, 9223372036854775807, 0, 9223372036805005807
4, 1423, 0, 9223372036854775807, 0, 9223372036804970807
4, 1424, 0, 9223372036854775807, 0, 9223372036804935807
4, 1425, 0, 9223372036854775807, 0, 9223372036804900807
4, 1426, 0, 9223372036854775807, 0, 9223372036804865807
4, 1427, 0, 9223372036854775807, 0, 9223372036804830807
4, 1428, 0, 9223372036854775807, 0, 9223372036804795807
4, 1429, 0, 9223372036854775807, 0, 9223372036804760807
4, 143, 0, 9223372036854775807, 0, 9223372036849770807
4, 1430, 0, 9223372036854775807, 0, 9223372036804725807
4, 1431, 0, 9223372036854775807, 0, 9223372036804690807
4, 1432, 0, 9223372036854775807, 0, 9223372036804655807
4, 1433, 0, 9223372036854775807, 0, 9223372036804620807
4, 1434, 0, 9223372036854775807, 0, 9223372036804585807
4, 1435, 0, 9223372036854775807, 0, 9223372036804550807
4, 1436, 0, 9223372036854775807, 0, 9223372036804515807
4, 1437, 0, 9223372036854775807, 0, 9223372036804480807
4, 1438, 0, 9223372036854775807, 0, 9223372036804445807
4, 1439, 0, 9223372036854775807, 0, 9223372036804410807
4, 144, 0, 9223372036854775807, 0, 9223372036849735807
4, 1440, 0, 9223372036854775807, 0, 9223372036804375807
4, 1441, 0, 9223372036854775807, 0, 9223372036804340807
4, 1442, 0, 9223372036854775807, 0, 9223372036804305807
4, 1443, 0, 9223372036854775807, 0, 9223372036804270807
4, 1444, 0, 9223372036854775807, 0, 9223372036804235807
4, 1445, 0, 9223372036854775807, 0, 9223372036804200807
4, 1446, 0, 9223372036854775807, 0, 9223372036804165807
4, 1447, 0, 9223372036854775807, 0, 9223372036804130807
4, 1448, 0, 9223372036854775807, 0, 9223372036804095807
4, 1449, 0, 9223372036854775807, 0, 9223372036804060807
4, 145, 0, 9223372036854775807, 0, 9223372036849700807
4, 1450, 0, 9223372036854775807, 0, 9223372036804025807
4, 1451, 0, 9223372036854775807, 0, 9223372036803990807
4, 1452, 0, 9223372036854775807, 0, 9223372036803955807
4, 1453, 0, 9223372036854775807, 0, 9223372036803920807
4, 1454, 0, 9223372036854775807, 0, 9223372036803885807
4, 1455, 0, 9223372036854775807, 0, 9223372036803850807
4, 1456, 0, 9223372036854775807, 0, 9223372036803815807
4, 1457, 0, 9223372036854775807, 0, 9223372036803780807
4, 1458, 0, 9223372036854775807, 0, 9223372036803745807
4, 1459, 0, 9223372036854775807, 0, 9223372036803710807
4, 146, 0, 9223372036854775807, 0, 9223372036849665807
4, 1460, 0, 9223372036854775807, 0, 9223372036803675807
4, 1461, 0, 9223372036854775807, 0, 9223372036803640807
4, 1462, 0, 9223372036854775807, 0, 9223372036803605807
4, 1463, 0, 9223372036854775807, 0, 9223372036803570807
4, 1464, 0, 9223372036854775807, 0, 9223372036803535807
4, 1465, 0, 9223372036854775807, 0, 9223372036803500807
4, 1466, 0, 9223372036854775807, 0, 9223372036803465807
4, 1467, 0, 9223372036854775807, 0, 9223372036803430807
4, 1468, 0, 9223372036854775807, 0, 9223372036803395807
4, 1469, 0, 9223372036854775807, 0, 9223372036803360807
4, 147, 0, 9223372036854775807, 0, 9223372036849630807
4, 1470, 0, 9223372036854775807, 0, 9223372036803325807
4, 1471, 0, 9223372036854775807, 0, 9223372036803290807
4, 1472, 0, 9223372036854775807, 0, 9223372036803255807
4, 1473, 0, 9223372036854775807, 0, 9223372036803220807
4, 1474, 0, 9223372036854775807, 0, 9223372036803185807
4, 1475, 0, 9223372036854775807, 0, 9223372036803150807
4, 1476, 0, 9223372036854775807, 0, 9223372036803115807
4, 1477, 0, 9223372036854775807, 0, 9223372036803080807
4, 1478, 0, 9223372036854775807, 0, 9223372036803045807
4, 1479, 0, 9223372036854775807, 0, 9223372036803010807
4, 148, 0, 9223372036854775807, 0, 9223372036849595807
4, 1480, 0, 9223372036854775807, 0, 9223372036802975807
4, 1481, 0, 9223372036854775807, 0, 9223372036802940807
4, 1482, 0, 9223372036854775807, 0, 9223372036802905807
4, 1483, 0, 9223372036854775807, 0, 9223372036802870807
4, 1484, 0, 9223372036854775807, 0, 9223372036802835807
4, 1485, 0, 9223372036854775807, 0, 9223372036802800807
4, 1486, 0, 9223372036854775807, 0, 9223372036802765807
4, 1487, 0, 9223372036854775807, 0, 9223372036802730807
4, 1488, 0, 9223372036854775807, 0, 9223372036802695807
4, 1489, 0, 9223372036854775807, 0, 9223372036802660807
4, 149, 0, 9223372036854775807, 0, 9223372036849560807
4, 1490, 0, 9223372036854775807, 0, 9223372036802625807
4, 1491, 0, 9223372036854775807, 0, 9223372036802590807
4, 1492, 0, 9223372036854775807, 0, 9223372036802555807
4, 1493, 0, 9223372036854775807, 0, 9223372036802520807
4, 1494, 0, 9223372036854775807, 0, 9223372036802485807
4, 1495, 0, 9223372036854775807, 0, 9223372036802450807
4, 1496, 0, 9223372036854775807, 0, 9223372036802415807
4, 1497, 0, 9223372036854775807, 0, 9223372036802380807
4, 1498, 0, 9223372036854775807, 0, 9223372036802345807
4, 1499, 0, 9223372036854775807, 0, 9223372036802310807
4, 15, 0, 9223372036854775807, 0, 9223372036854250807
4, 150, 0, 9223372036854775807, 0, 9223372036849525807
4, 1500, 0, 9223372036854775807, 0, 9223372036802275807
4, 1501, 0, 9223372036854775807, 0, 9223372036802240807
4, 1502, 0, 9223372036854775807, 0, 9223372036802205807
4, 1503, 0, 9223372036854775807, 0, 9223372036802170807
4, 1504, 0, 9223372036854775807, 0, 9223372036802135807
4, 1505, 0, 9223372036854775807, 0, 9223372036802100807
4, 1506, 0, 9223372036854775807, 0, 9223372036802065807
4, 1507, 0, 9223372036854775807, 0, 9223372036802030807
4, 1508, 0, 9223372036854775807, 0, 9223372036801995807
4, 1509, 0, 9223372036854775807, 0, 9223372036801960807
4, 151, 0, 9223372036854775807, 0, 9223372036849490807
4, 1510, 0, 9223372036854775807, 0, 9223372036801925807
4, 1511, 0, 9223372036854775807, 0, 9223372036801890807
4, 1512, 0, 9223372036854775807, 0, 9223372036801855807
4, 1513, 0, 9223372036854775807, 0, 9223372036801820807
4, 1514, 0, 9223372036854775807, 0, 9223372036801785807
4, 1515, 0, 9223372036854775807, 0, 9223372036801750807
4, 1516, 0, 9223372036854775807, 0, 9223372036801715807
4, 1517, 0, 9223372036854775807, 0, 9223372036801680807
4, 1518, 0, 9223372036854775807, 0, 9223372036801645807
4, 1519, 0, 9223372036854775807, 0, 9223372036801610807
4, 152, 0, 9223372036854775807, 0, 9223372036849455807
4, 1520, 0, 9223372036854775807, 0, 9223372036801575807
4, 1521, 0, 9223372036854775807, 0, 9223372036801540807
4, 1522, 0, 9223372036854775807, 0, 9223372036801505807
4, 1523, 0, 9223372036854775807, 0, 9223372036801470807
4, 1524, 0, 9223372036854775807, 0, 9223372036801435807
4, 1525, 0, 9223372036854775807, 0, 9223372036801400807
4, 1526, 0, 9223372036854775807, 0, 9223372036801365807
4, 1527, 0, 9223372036854775807, 0, 9223372036801330807
4, 1528, 0, 9223372036854775807, 0, 9223372036801295807
4, 1529, 0, 9223372036854775807, 0, 9223372036801260807
4, 153, 0, 9223372036854775807, 0, 9223372036849420807
4, 1530, 0, 9223372036854775807, 0, 9223372036801225807
4, 1531, 0, 9223372036854775807, 0, 9223372036801190807
4, 1532, 0, 9223372036854775807, 0, 9223372036801155807
4, 1533, 0, 9223372036854775807, 0, 9223372036801120807
4, 1534, 0, 9223372036854775807, 0, 9223372036801085807
4, 1535, 0, 9223372036854775807, 0, 9223372036801050807
4, 1536, 0, 9223372036854775807, 0, 9223372036801015807
4, 1537, 0, 9223372036854775807, 0, 9223372036800980807
4, 1538, 0, 9223372036854775807, 0, 9223372036800945807
4, 1539, 0, 9223372036854775807, 0, 9223372036800910807
4, 154, 0, 9223372036854775807, 0, 9223372036849385807
4, 1540, 0, 9223372036854775807, 0, 9223372036800875807
4, 1541, 0, 9223372036854775807, 0, 9223372036800840807
4, 1542, 0, 9223372036854775807, 0, 9223372036800805807
4, 1543, 0, 9223372036854775807, 0, 9223372036800770807
4, 1544, 0, 9223372036854775807, 0, 9223372036800735807
4, 1545, 0, 9223372036854775807, 0, 9223372036800700807
4, 1546, 0, 9223372036854775807, 0, 9223372036800665807
4, 1547, 0, 9223372036854775807, 0, 9223372036800630807
4, 1548, 0, 9223372036854775807, 0, 9223372036800595807
4, 1549, 0, 9223372036854775807, 0, 9223372036800560807
4, 155, 0, 9223372036854775807, 0, 9223372036849350807
4, 1550, 0, 9223372036854775807, 0, 9223372036800525807
4, 1551, 0, 9223372036854775807, 0, 9223372036800490807
4, 1552, 0, 9223372036854775807, 0, 9223372036800455807
4, 1553, 0, 9223372036854775807, 0, 9223372036800420807
4, 1554, 0, 9223372036854775807, 0, 9223372036800385807
4, 1555, 0, 9223372036854775807, 0, 9223372036800350807
4, 1556, 0, 9223372036854775807, 0, 9223372036800315807
4, 1557, 0, 9223372036854775807, 0, 9223372036800280807
4, 1558, 0, 9223372036854775807, 0, 9223372036800245807
4, 1559, 0, 9223372036854775807, 0, 9223372036800210807
4, 156, 0, 9223372036854775807, 0, 9223372036849315807
4, 1560, 0, 9223372036854775807, 0, 9223372036800175807
4, 1561, 0, 9223372036854775807, 0, 9223372036800140807
4, 1562, 0, 9223372036854775807, 0, 9223372036800105807
4, 1563, 0, 9223372036854775807, 0, 9223372036800070807
4, 1564, 0, 9223372036854775807, 0, 9223372036800035807
4, 1565, 0, 9223372036854775807, 0, 9223372036800000807
4, 1566, 0, 9223372036854775807, 0, 9223372036799965807
4, 1567, 0, 9223372036854775807, 0, 9223372036799930807
4, 1568, 0, 9223372036854775807, 0, 9223372036799895807
4, 1569, 0, 9223372036854775807, 0, 9223372036799860807
4, 157, 0, 9223372036854775807, 0, 9223372036849280807
4, 1570, 0, 9223372036854775807, 0, 9223372036799825807
4, 1571, 0, 9223372036854775807, 0, 9223372036799790807
4, 1572, 0, 9223372036854775807, 0, 9223372036799755807
4, 1573, 0, 9223372036854775807, 0, 9223372036799720807
4, 1574, 0, 9223372036854775807, 0, 9223372036799685807
4, 1575, 0, 9223372036854775807, 0, 9223372036799650807
4, 1576, 0, 9223372036854775807, 0, 9223372036799615807
4, 1577, 0, 9223372036854775807, 0, 9223372036799580807
4, 1578, 0, 9223372036854775807, 0, 9223372036799545807
4, 1579, 0, 9223372036854775807, 0, 9223372036799510807
4, 158, 0, 9223372036854775807, 0, 9223372036849245807
4, 1580, 0, 9223372036854775807, 0, 9223372036799475807
4, 1581, 0, 9223372036854775807, 0, 9223372036799440807
4, 1582, 0, 9223372036854775807, 0, 9223372036799405807
4, 1583, 0, 9223372036854775807, 0, 9223372036799370807
4, 1584, 0, 9223372036854775807, 0, 9223372036799335807
4, 1585, 0, 9223372036854775807, 0, 9223372036799300807
4, 1586, 0, 9223372036854775807, 0, 9223372036799265807
4, 1587, 0, 9223372036854775807, 0, 9223372036799230807
4, 1588, 0, 9223372036854775807, 0, 9223372036799195807
4, 1589, 0, 9223372036854775807, 0, 9223372036799160807
4, 159, 0, 9223372036854775807, 0, 9223372036849210807
4, 1590, 0, 9223372036854775807, 0, 9223372036799125807
4, 1591, 0, 9223372036854775807, 0, 9223372036799090807
4, 1592, 0, 9223372036854775807, 0, 9223372036799055807
4, 1593, 0, 9223372036854775807, 0, 9223372036799020807
4, 1594, 0, 9223372036854775807, 0, 9223372036798985807
4, 1595, 0, 9223372036854775807, 0, 9223372036798950807
4, 1596, 0, 9223372036854775807, 0, 9223372036798915807
4, 1597, 0, 9223372036854775807, 0, 9223372036798880807
4, 1598, 0, 9223372036854775807, 0, 9223372036798845807
4, 1599, 0, 9223372036854775807, 0, 9223372036798810807
4, 16, 0, 9223372036854775807, 0, 9223372036854215807
4, 160, 0, 9223372036854775807, 0, 9223372036849175807
4, 1600, 0, 9223372036854775807, 0, 9223372036798775807
4, 1601, 0, 9223372036854775807, 0, 9223372036798740807
4, 1602, 0, 9223372036854775807, 0, 9223372036798705807
4, 1603, 0, 9223372036854775807, 0, 9223372036798670807
4, 1604, 0, 9223372036854775807, 0, 9223372036798635807
4, 1605, 0, 9223372036854775807, 0, 9223372036798600807
4, 1606, 0, 9223372036854775807, 0, 9223372036798565807
4, 1607, 0, 9223372036854775807, 0, 9223372036798530807
4, 1608, 0, 9223372036854775807, 0, 9223372036798495807
4, 1609, 0, 9223372036854775807, 0, 9223372036798460807
4, 161, 0, 9223372036854775807, 0, 9223372036849140807
4, 1610, 0, 9223372036854775807, 0, 9223372036798425807
4, 1611, 0, 9223372036854775807, 0, 9223372036798390807
4, 1612, 0, 9223372036854775807, 0, 9223372036798355807
4, 1613, 0, 9223372036854775807, 0, 9223372036798320807
4, 1614, 0, 9223372036854775807, 0, 9223372036798285807
4, 1615, 0, 9223372036854775807, 0, 9223372036798250807
4, 1616, 0, 9223372036854775807, 0, 9223372036798215807
4, 1617, 0, 9223372036854775807, 0, 9223372036798180807
4, 1618, 0, 9223372036854775807, 0, 9223372036798145807
4, 1619, 0, 9223372036854775807, 0, 9223372036798110807
4, 162, 0, 9223372036854775807, 0, 9223372036849105807
4, 1620, 0, 9223372036854775807, 0, 9223372036798075807
4, 1621, 0, 9223372036854775807, 0, 9223372036798040807
4, 1622, 0, 9223372036854775807, 0, 9223372036798005807
4, 1623, 0, 9223372036854775807, 0, 9223372036797970807
4, 1624, 0, 9223372036854775807, 0, 9223372036797935807
4, 1625, 0, 9223372036854775807, 0, 9223372036797900807
4, 1626, 0, 9223372036854775807, 0, 9223372036797865807
4, 1627, 0, 9223372036854775807, 0, 9223372036797830807
4, 1628, 0, 9223372036854775807, 0, 9223372036797795807
4, 1629, 0, 9223372036854775807, 0, 9223372036797760807
4, 163, 0, 9223372036854775807, 0, 9223372036849070807
4, 1630, 0, 9223372036854775807, 0, 9223372036797725807
4, 1631, 0, 9223372036854775807, 0, 9223372036797690807
4, 1632, 0, 9223372036854775807, 0, 9223372036797655807
4, 1633, 0, 9223372036854775807, 0, 9223372036797620807
4, 1634, 0, 9223372036854775807, 0, 9223372036797585807
4, 1635, 0, 9223372036854775807, 0, 9223372036797550807
4, 1636, 0, 9223372036854775807, 0, 9223372036797515807
4, 1637, 0, 9223372036854775807, 0, 9223372036797480807
4, 1638, 0, 9223372036854775807, 0, 9223372036797445807
4, 1639, 0, 9223372036854775807, 0, 9223372036797410807
4, 164, 0, 9223372036854775807, 0, 9223372036849035807
4, 1640, 0, 9223372036854775807, 0, 9223372036797375807
4, 1641, 0, 9223372036854775807, 0, 9223372036797340807
4, 1642, 0, 9223372036854775807, 0, 9223372036797305807
4, 1643, 0, 9223372036854775807, 0, 9223372036797270807
4, 1644, 0, 9223372036854775807, 0, 9223372036797235807
4, 1645, 0, 9223372036854775807, 0, 9223372036797200807
4, 1646, 0, 9223372036854775807, 0, 9223372036797165807
4, 1647, 0, 9223372036854775807, 0, 9223372036797130807
4, 1648, 0, 9223372036854775807, 0, 9223372036797095807
4, 1649, 0, 9223372036854775807, 0, 9223372036797060807
4, 165, 0, 9223372036854775807, 0, 9223372036849000807
4, 1650, 0, 9223372036854775807, 0, 9223372036797025807
4, 1651, 0, 9223372036854775807, 0, 9223372036796990807
4, 1652, 0, 9223372036854775807, 0, 9223372036796955807
4, 1653, 0, 9223372036854775807, 0, 9223372036796920807
4, 1654, 0, 9223372036854775807, 0, 9223372036796885807
4, 1655, 0, 9223372036854775807, 0, 9223372036796850807
4, 1656, 0, 9223372036854775807, 0, 9223372036796815807
4, 1657, 0, 9223372036854775807, 0, 9223372036796780807
4, 1658, 0, 9223372036854775807, 0, 9223372036796745807
4, 1659, 0, 9223372036854775807, 0, 9223372036796710807
4, 166, 0, 9223372036854775807, 0, 9223372036848965807
4, 1660, 0, 9223372036854775807, 0, 9223372036796675807
4, 1661, 0, 9223372036854775807, 0, 9223372036796640807
4, 1662, 0, 9223372036854775807, 0, 9223372036796605807
4, 1663, 0, 9223372036854775807, 0, 9223372036796570807
4, 1664, 0, 9223372036854775807, 0, 9223372036796535807
4, 1665, 0, 9223372036854775807, 0, 9223372036796500807
4, 1666, 0, 9223372036854775807, 0, 9223372036796465807
4, 1667, 0, 9223372036854775807, 0, 9223372036796430807
4, 1668, 0, 9223372036854775807, 0, 9223372036796395807
4, 1669, 0, 9223372036854775807, 0, 9223372036796360807
4, 167, 0, 9223372036854775807, 0, 9223372036848930807
4, 1670, 0, 9223372036854775807, 0, 9223372036796325807
4, 1671, 0, 9223372036854775807, 0, 9223372036796290807
4, 1672, 0, 9223372036854775807, 0, 9223372036796255807
4, 1673, 0, 9223372036854775807, 0, 9223372036796220807
4, 1674, 0, 9223372036854775807, 0, 9223372036796185807
4, 1675, 0, 9223372036854775807, 0, 9223372036796150807
4, 1676, 0, 9223372036854775807, 0, 9223372036796115807
4, 1677, 0, 9223372036854775807, 0, 9223372036796080807
4, 1678, 0, 9223372036854775807, 0, 9223372036796045807
4, 1679, 0, 9223372036854775807, 0, 9223372036796010807
4, 168, 0, 9223372036854775807, 0, 9223372036848895807
4, 1680, 0, 9223372036854775807, 0, 9223372036795975807
4, 1681, 0, 9223372036854775807, 0, 9223372036795940807
4, 1682, 0, 9223372036854775807, 0, 9223372036795905807
4, 1683, 0, 9223372036854775807, 0, 9223372036795870807
4, 1684, 0, 9223372036854775807, 0, 9223372036795835807
4, 1685, 0, 9223372036854775807, 0, 9223372036795800807
4, 1686, 0, 9223372036854775807, 0, 9223372036795765807
4, 1687, 0, 9223372036854775807, 0, 9223372036795730807
4, 1688, 0, 9223372036854775807, 0, 9223372036795695807
4, 1689, 0, 9223372036854775807, 0, 9223372036795660807
4, 169, 0, 9223372036854775807, 0, 9223372036848860807
4, 1690, 0, 9223372036854775807, 0, 9223372036795625807
4, 1691, 0, 9223372036854775807, 0, 9223372036795590807
4, 1692, 0, 9223372036854775807, 0, 9223372036795555807
4, 1693, 0, 9223372036854775807, 0, 9223372036795520807
4, 1694, 0, 9223372036854775807, 0, 9223372036795485807
4, 1695, 0, 9223372036854775807, 0, 9223372036795450807
4, 1696, 0, 9223372036854775807, 0, 9223372036795415807
4, 1697, 0, 9223372036854775807, 0, 9223372036795380807
4, 1698, 0, 9223372036854775807, 0, 9223372036795345807
4, 1699, 0, 9223372036854775807, 0, 9223372036795310807
4, 17, 0, 9223372036854775807, 0, 9223372036854180807
4, 170, 0, 9223372036854775807, 0, 9223372036848825807
4, 1700, 0, 9223372036854775807, 0, 9223372036795275807
4, 1701, 0, 9223372036854775807, 0, 9223372036795240807
4, 1702, 0, 9223372036854775807, 0, 9223372036795205807
4, 1703, 0, 9223372036854775807, 0, 9223372036795170807
4, 1704, 0, 9223372036854775807, 0, 9223372036795135807
4, 1705, 0, 9223372036854775807, 0, 9223372036795100807
4, 1706, 0, 9223372036854775807, 0, 9223372036795065807
4, 1707, 0, 9223372036854775807, 0, 9223372036795030807
4, 1708, 0, 9223372036854775807, 0, 9223372036794995807
4, 1709, 0, 9223372036854775807, 0, 9223372036794960807
4, 171, 0, 9223372036854775807, 0, 9223372036848790807
4, 1710, 0, 9223372036854775807, 0, 9223372036794925807
4, 1711, 0, 9223372036854775807, 0, 9223372036794890807
4, 1712, 0, 9223372036854775807, 0, 9223372036794855807
4, 1713, 0, 9223372036854775807, 0, 9223372036794820807
4, 1714, 0, 9223372036854775807, 0, 9223372036794785807
4, 1715, 0, 9223372036854775807, 0, 9223372036794750807
4, 1716, 0, 9223372036854775807, 0, 9223372036794715807
4, 1717, 0, 9223372036854775807, 0, 9223372036794680807
4, 1718, 0, 9223372036854775807, 0, 9223372036794645807
4, 1719, 0, 9223372036854775807, 0, 9223372036794610807
4, 172, 0, 9223372036854775807, 0, 9223372036848755807
4, 1720, 0, 9223372036854775807, 0, 9223372036794575807
4, 1721, 0, 9223372036854775807, 0, 9223372036794540807
4, 1722, 0, 9223372036854775807, 0, 9223372036794505807
4, 1723, 0, 9223372036854775807, 0, 9223372036794470807
4, 1724, 0, 9223372036854775807, 0, 9223372036794435807
4, 1725, 0, 9223372036854775807, 0, 9223372036794400807
4, 1726, 0, 9223372036854775807, 0, 9223372036794365807
4, 1727, 0, 9223372036854775807, 0, 9223372036794330807
4, 1728, 0, 9223372036854775807, 0, 9223372036794295807
4, 1729, 0, 9223372036854775807, 0, 9223372036794260807
4, 173, 0, 9223372036854775807, 0, 9223372036848720807
4, 1730, 0, 9223372036854775807, 0, 9223372036794225807
4, 1731, 0, 9223372036854775807, 0, 9223372036794190807
4, 1732, 0, 9223372036854775807, 0, 9223372036794155807
4, 1733, 0, 9223372036854775807, 0, 9223372036794120807
4, 1734, 0, 9223372036854775807, 0, 9223372036794085807
4, 1735, 0, 9223372036854775807, 0, 9223372036794050807
4, 1736, 0, 9223372036854775807, 0, 9223372036794015807
4, 1737, 0, 9223372036854775807, 0, 9223372036793980807
4, 1738, 0, 9223372036854775807, 0, 9223372036793945807
4, 1739, 0, 9223372036854775807, 0, 9223372036793910807
4, 174, 0, 9223372036854775807, 0, 9223372036848685807
4, 1740, 0, 9223372036854775807, 0, 9223372036793875807
4, 1741, 0, 9223372036854775807, 0, 9223372036793840807
4, 1742, 0, 9223372036854775807, 0, 9223372036793805807
4, 1743, 0, 9223372036854775807, 0, 9223372036793770807
4, 1744, 0, 9223372036854775807, 0, 9223372036793735807
4, 1745, 0, 9223372036854775807, 0, 9223372036793700807
4, 1746, 0, 9223372036854775807, 0, 9223372036793665807
4, 1747, 0, 9223372036854775807, 0, 9223372036793630807
4, 1748, 0, 9223372036854775807, 0, 9223372036793595807
4, 1749, 0, 9223372036854775807, 0, 9223372036793560807
4, 175, 0, 9223372036854775807, 0, 9223372036848650807
4, 1750, 0, 9223372036854775807, 0, 9223372036793525807
4, 1751, 0, 9223372036854775807, 0, 9223372036793490807
4, 1752, 0, 9223372036854775807, 0, 9223372036793455807
4, 1753, 0, 9223372036854775807, 0, 9223372036793420807
4, 1754, 0, 9223372036854775807, 0, 9223372036793385807
4, 1755, 0, 9223372036854775807, 0, 9223372036793350807
4, 1756, 0, 9223372036854775807, 0, 9223372036793315807
4, 1757, 0, 9223372036854775807, 0, 9223372036793280807
4, 1758, 0, 9223372036854775807, 0, 9223372036793245807
4, 1759, 0, 9223372036854775807, 0, 9223372036793210807
4, 176, 0, 9223372036854775807, 0, 9223372036848615807
4, 1760, 0, 9223372036854775807, 0, 9223372036793175807
4, 1761, 0, 9223372036854775807, 0, 9223372036793140807
4, 1762, 0, 9223372036854775807, 0, 9223372036793105807
4, 1763, 0, 9223372036854775807, 0, 9223372036793070807
4, 1764, 0, 9223372036854775807, 0, 9223372036793035807
4, 1765, 0, 9223372036854775807, 0, 9223372036793000807
4, 1766, 0, 9223372036854775807, 0, 9223372036792965807
4, 1767, 0, 9223372036854775807, 0, 9223372036792930807
4, 1768, 0, 9223372036854775807, 0, 9223372036792895807
4, 1769, 0, 9223372036854775807, 0, 9223372036792860807
4, 177, 0, 9223372036854775807, 0, 9223372036848580807
4, 1770, 0, 9223372036854775807, 0, 9223372036792825807
4, 1771, 0, 9223372036854775807, 0, 9223372036792790807
4, 1772, 0, 9223372036854775807, 0, 9223372036792755807
4, 1773, 0, 9223372036854775807, 0, 9223372036792720807
4, 1774, 0, 9223372036854775807, 0, 9223372036792685807
4, 1775, 0, 9223372036854775807, 0, 9223372036792650807
4, 1776, 0, 9223372036854775807, 0, 9223372036792615807
4, 1777, 0, 9223372036854775807, 0, 9223372036792580807
4, 1778, 0, 9223372036854775807, 0, 9223372036792545807
4, 1779, 0, 9223372036854775807, 0, 9223372036792510807
4, 178, 0, 9223372036854775807, 0, 9223372036848545807
4, 1780, 0, 9223372036854775807, 0, 9223372036792475807
4, 1781, 0, 9223372036854775807, 0, 9223372036792440807
4, 1782, 0, 9223372036854775807, 0, 9223372036792405807
4, 1783, 0, 9223372036854775807, 0, 9223372036792370807
4, 1784, 0, 9223372036854775807, 0, 9223372036792335807
4, 1785, 0, 9223372036854775807, 0, 9223372036792300807
4, 1786, 0, 9223372036854775807, 0, 9223372036792265807
4, 1787, 0, 9223372036854775807, 0, 9223372036792230807
4, 1788, 0, 9223372036854775807, 0, 9223372036792195807
4, 1789, 0, 9223372036854775807, 0, 9223372036792160807
4, 179, 0, 9223372036854775807, 0, 9223372036848510807
4, 1790, 0, 9223372036854775807, 0, 9223372036792125807
4, 1791, 0, 9223372036854775807, 0, 9223372036792090807
4, 1792, 0, 9223372036854775807, 0, 9223372036792055807
4, 1793, 0, 9223372036854775807, 0, 9223372036792020807
4, 1794, 0, 9223372036854775807, 0, 9223372036791985807
4, 1795, 0, 9223372036854775807, 0, 9223372036791950807
4, 1796, 0, 9223372036854775807, 0, 9223372036791915807
4, 1797, 0, 9223372036854775807, 0, 9223372036791880807
4, 1798, 0, 9223372036854775807, 0, 9223372036791845807
4, 1799, 0, 9223372036854775807, 0, 9223372036791810807
4, 18, 0, 9223372036854775807, 0, 9223372036854145807
4, 180, 0, 9223372036854775807, 0, 9223372036848475807
4, 1800, 0, 9223372036854775807, 0, 9223372036791775807
4, 1801, 0, 9223372036854775807, 0, 9223372036791740807
4, 1802, 0, 9223372036854775807, 0, 9223372036791705807
4, 1803, 0, 9223372036854775807, 0, 9223372036791670807
4, 1804, 0, 9223372036854775807, 0, 9223372036791635807
4, 1805, 0, 9223372036854775807, 0, 9223372036791600807
4, 1806, 0, 9223372036854775807, 0, 9223372036791565807
4, 1807, 0, 9223372036854775807, 0, 9223372036791530807
4, 1808, 0, 9223372036854775807, 0, 9223372036791495807
4, 1809, 0, 9223372036854775807, 0, 9223372036791460807
4, 181, 0, 9223372036854775807, 0, 9223372036848440807
4, 1810, 0, 9223372036854775807, 0, 9223372036791425807
4, 1811, 0, 9223372036854775807, 0, 9223372036791390807
4, 1812, 0, 9223372036854775807, 0, 9223372036791355807
4, 1813, 0, 9223372036854775807, 0, 9223372036791320807
4, 1814, 0, 9223372036854775807, 0, 9223372036791285807
4, 1815, 0, 9223372036854775807, 0, 9223372036791250807
4, 1816, 0, 9223372036854775807, 0, 9223372036791215807
4, 1817, 0, 9223372036854775807, 0, 9223372036791180807
4, 1818, 0, 9223372036854775807, 0, 9223372036791145807
4, 1819, 0, 9223372036854775807, 0, 9223372036791110807
4, 182, 0, 9223372036854775807, 0, 9223372036848405807
4, 1820, 0, 9223372036854775807, 0, 9223372036791075807
4, 1821, 0, 9223372036854775807, 0, 9223372036791040807
4, 1822, 0, 9223372036854775807, 0, 9223372036791005807
4, 1823, 0, 9223372036854775807, 0, 9223372036790970807
4, 1824, 0, 9223372036854775807, 0, 9223372036790935807
4, 1825, 0, 9223372036854775807, 0, 9223372036790900807
4, 1826, 0, 9223372036854775807, 0, 9223372036790865807
4, 1827, 0, 9223372036854775807, 0, 9223372036790830807
4, 1828, 0, 9223372036854775807, 0, 9223372036790795807
4, 1829, 0, 9223372036854775807, 0, 9223372036790760807
4, 183, 0, 9223372036854775807, 0, 9223372036848370807
4, 1830, 0, 9223372036854775807, 0, 9223372036790725807
4, 1831, 0, 9223372036854775807, 0, 9223372036790690807
4, 1832, 0, 9223372036854775807, 0, 9223372036790655807
4, 1833, 0, 9223372036854775807, 0, 9223372036790620807
4, 1834, 0, 9223372036854775807, 0, 9223372036790585807
4, 1835, 0, 9223372036854775807, 0, 9223372036790550807
4, 1836, 0, 9223372036854775807, 0, 9223372036790515807
4, 1837, 0, 9223372036854775807, 0, 9223372036790480807
4, 1838, 0, 9223372036854775807, 0, 9223372036790445807
4, 1839, 0, 9223372036854775807, 0, 9223372036790410807
4, 184, 0, 9223372036854775807, 0, 9223372036848335807
4, 1840, 0, 9223372036854775807, 0, 9223372036790375807
4, 1841, 0, 9223372036854775807, 0, 9223372036790340807
4, 1842, 0, 9223372036854775807, 0, 9223372036790305807
4, 1843, 0, 9223372036854775807, 0, 9223372036790270807
4, 1844, 0, 9223372036854775807, 0, 9223372036790235807
4, 1845, 0, 9223372036854775807, 0, 9223372036790200807
4, 1846, 0, 9223372036854775807, 0, 9223372036790165807
4, 1847, 0, 9223372036854775807, 0, 9223372036790130807
4, 1848, 0, 9223372036854775807, 0, 9223372036790095807
4, 1849, 0, 9223372036854775807, 0, 9223372036790060807
4, 185, 0, 9223372036854775807, 0, 9223372036848300807
4, 1850, 0, 9223372036854775807, 0, 9223372036790025807
4, 1851, 0, 9223372036854775807, 0, 9223372036789990807
4, 1852, 0, 9223372036854775807, 0, 9223372036789955807
4, 1853, 0, 9223372036854775807, 0, 9223372036789920807
4, 1854, 0, 9223372036854775807, 0, 9223372036789885807
4, 1855, 0, 9223372036854775807, 0, 9223372036789850807
4, 1856, 0, 9223372036854775807, 0, 9223372036789815807
4, 1857, 0, 9223372036854775807, 0, 9223372036789780807
4, 1858, 0, 9223372036854775807, 0, 9223372036789745807
4, 1859, 0, 9223372036854775807, 0, 9223372036789710807
4, 186, 0, 9223372036854775807, 0, 9223372036848265807
4, 1860, 0, 9223372036854775807, 0, 9223372036789675807
4, 1861, 0, 9223372036854775807, 0, 9223372036789640807
4, 1862, 0, 9223372036854775807, 0, 9223372036789605807
4, 1863, 0, 9223372036854775807, 0, 9223372036789570807
4, 1864, 0, 9223372036854775807, 0, 9223372036789535807
4, 1865, 0, 9223372036854775807, 0, 9223372036789500807
4, 1866, 0, 9223372036854775807, 0, 9223372036789465807
4, 1867, 0, 9223372036854775807, 0, 9223372036789430807
4, 1868, 0, 9223372036854775807, 0, 9223372036789395807
4, 1869, 0, 9223372036854775807, 0, 9223372036789360807
4, 187, 0, 9223372036854775807, 0, 9223372036848230807
4, 1870, 0, 9223372036854775807, 0, 9223372036789325807
4, 1871, 0, 9223372036854775807, 0, 9223372036789290807
4, 1872, 0, 9223372036854775807, 0, 9223372036789255807
4, 1873, 0, 9223372036854775807, 0, 9223372036789220807
4, 1874, 0, 9223372036854775807, 0, 9223372036789185807
4, 1875, 0, 9223372036854775807, 0, 9223372036789150807
4, 1876, 0, 9223372036854775807, 0, 9223372036789115807
4, 1877, 0, 9223372036854775807, 0, 9223372036789080807
4, 1878, 0, 9223372036854775807, 0, 9223372036789045807
4, 1879, 0, 9223372036854775807, 0, 9223372036789010807
4, 188, 0, 9223372036854775807, 0, 9223372036848195807
4, 1880, 0, 9223372036854775807, 0, 9223372036788975807
4, 1881, 0, 9223372036854775807, 0, 9223372036788940807
4, 1882, 0, 9223372036854775807, 0, 9223372036788905807
4, 1883, 0, 9223372036854775807, 0, 9223372036788870807
4, 1884, 0, 9223372036854775807, 0, 9223372036788835807
4, 1885, 0, 9223372036854775807, 0, 9223372036788800807
4, 1886, 0, 9223372036854775807, 0, 9223372036788765807
4, 1887, 0, 9223372036854775807, 0, 9223372036788730807
4, 1888, 0, 9223372036854775807, 0, 9223372036788695807
4, 1889, 0, 9223372036854775807, 0, 9223372036788660807
4, 189, 0, 9223372036854775807, 0, 9223372036848160807
4, 1890, 0, 9223372036854775807, 0, 9223372036788625807
4, 1891, 0, 9223372036854775807, 0, 9223372036788590807
4, 1892, 0, 9223372036854775807, 0, 9223372036788555807
4, 1893, 0, 9223372036854775807, 0, 9223372036788520807
4, 1894, 0, 9223372036854775807, 0, 9223372036788485807
4, 1895, 0, 9223372036854775807, 0, 9223372036788450807
4, 1896, 0, 9223372036854775807, 0, 9223372036788415807
4, 1897, 0, 9223372036854775807, 0, 9223372036788380807
4, 1898, 0, 9223372036854775807, 0, 9223372036788345807
4, 1899, 0, 9223372036854775807, 0, 9223372036788310807
4, 19, 0, 9223372036854775807, 0, 9223372036854110807
4, 190, 0, 9223372036854775807, 0, 9223372036848125807
4, 1900, 0, 9223372036854775807, 0, 9223372036788275807
4, 1901, 0, 9223372036854775807, 0, 9223372036788240807
4, 1902, 0, 9223372036854775807, 0, 9223372036788205807
4, 1903, 0, 9223372036854775807, 0, 9223372036788170807
4, 1904, 0, 9223372036854775807, 0, 9223372036788135807
4, 1905, 0, 9223372036854775807, 0, 9223372036788100807
4, 1906, 0, 9223372036854775807, 0, 9223372036788065807
4, 1907, 0, 9223372036854775807, 0, 9223372036788030807
4, 1908, 0, 9223372036854775807, 0, 9223372036787995807
4, 1909, 0, 9223372036854775807, 0, 9223372036787960807
4, 191, 0, 9223372036854775807, 0, 9223372036848090807
4, 1910, 0, 9223372036854775807, 0, 9223372036787925807
4, 1911, 0, 9223372036854775807, 0, 9223372036787890807
4, 1912, 0, 9223372036854775807, 0, 9223372036787855807
4, 1913, 0, 9223372036854775807, 0, 9223372036787820807
4, 1914, 0, 9223372036854775807, 0, 9223372036787785807
4, 1915, 0, 9223372036854775807, 0, 9223372036787750807
4, 1916, 0, 9223372036854775807, 0, 9223372036787715807
4, 1917, 0, 9223372036854775807, 0, 9223372036787680807
4, 1918, 0, 9223372036854775807, 0, 9223372036787645807
4, 1919, 0, 9223372036854775807, 0, 9223372036787610807
4, 192, 0, 9223372036854775807, 0, 9223372036848055807
4, 1920, 0, 9223372036854775807, 0, 9223372036787575807
4, 1921, 0, 9223372036854775807, 0, 9223372036787540807
4, 1922, 0, 9223372036854775807, 0, 9223372036787505807
4, 1923, 0, 9223372036854775807, 0, 9223372036787470807
4, 1924, 0, 9223372036854775807, 0, 9223372036787435807
4, 1925, 0, 9223372036854775807, 0, 9223372036787400807
4, 1926, 0, 9223372036854775807, 0, 9223372036787365807
4, 1927, 0, 9223372036854775807, 0, 9223372036787330807
4, 1928, 0, 9223372036854775807, 0, 9223372036787295807
4, 1929, 0, 9223372036854775807, 0, 9223372036787260807
4, 193, 0, 9223372036854775807, 0, 9223372036848020807
4, 1930, 0, 9223372036854775807, 0, 9223372036787225807
4, 1931, 0, 9223372036854775807, 0, 9223372036787190807
4, 1932, 0, 9223372036854775807, 0, 9223372036787155807
4, 1933, 0, 9223372036854775807, 0, 9223372036787120807
4, 1934, 0, 9223372036854775807, 0, 9223372036787085807
4, 1935, 0, 9223372036854775807, 0, 9223372036787050807
4, 1936, 0, 9223372036854775807, 0, 9223372036787015807
4, 1937, 0, 9223372036854775807, 0, 9223372036786980807
4, 1938, 0, 9223372036854775807, 0, 9223372036786945807
4, 1939, 0, 9223372036854775807, 0, 9223372036786910807
4, 194, 0, 9223372036854775807, 0, 9223372036847985807
4, 1940, 0, 9223372036854775807, 0, 9223372036786875807
4, 1941, 0, 9223372036854775807, 0, 9223372036786840807
4, 1942, 0, 9223372036854775807, 0, 9223372036786805807
4, 1943, 0, 9223372036854775807, 0, 9223372036786770807
4, 1944, 0, 9223372036854775807, 0, 9223372036786735807
4, 1945, 0, 9223372036854775807, 0, 9223372036786700807
4, 1946, 0, 9223372036854775807, 0, 9223372036786665807
4, 1947, 0, 9223372036854775807, 0, 9223372036786630807
4, 1948, 0, 9223372036854775807, 0, 9223372036786595807
4, 1949, 0, 9223372036854775807, 0, 9223372036786560807
4, 195, 0, 9223372036854775807, 0, 9223372036847950807
4, 1950, 0, 9223372036854775807, 0, 9223372036786525807
4, 1951, 0, 9223372036854775807, 0, 9223372036786490807
4, 1952, 0, 9223372036854775807, 0, 9223372036786455807
4, 1953, 0, 9223372036854775807, 0, 9223372036786420807
4, 1954, 0, 9223372036854775807, 0, 9223372036786385807
4, 1955, 0, 9223372036854775807, 0, 9223372036786350807
4, 1956, 0, 9223372036854775807, 0, 9223372036786315807
4, 1957, 0, 9223372036854775807, 0, 9223372036786280807
4, 1958, 0, 9223372036854775807, 0, 9223372036786245807
4, 1959, 0, 9223372036854775807, 0, 9223372036786210807
4, 196, 0, 9223372036854775807, 0, 9223372036847915807
4, 1960, 0, 9223372036854775807, 0, 9223372036786175807
4, 1961, 0, 9223372036854775807, 0, 9223372036786140807
4, 1962, 0, 9223372036854775807, 0, 9223372036786105807
4, 1963, 0, 9223372036854775807, 0, 9223372036786070807
4, 1964, 0, 9223372036854775807, 0, 9223372036786035807
4, 1965, 0, 9223372036854775807, 0, 9223372036786000807
4, 1966, 0, 9223372036854775807, 0, 9223372036785965807
4, 1967, 0, 9223372036854775807, 0, 9223372036785930807
4, 1968, 0, 9223372036854775807, 0, 9223372036785895807
4, 1969, 0, 9223372036854775807, 0, 9223372036785860807
4, 197, 0, 9223372036854775807, 0, 9223372036847880807
4, 1970, 0, 9223372036854775807, 0, 9223372036785825807
4, 1971, 0, 9223372036854775807, 0, 9223372036785790807
4, 1972, 0, 9223372036854775807, 0, 9223372036785755807
4, 1973, 0, 9223372036854775807, 0, 9223372036785720807
4, 1974, 0, 9223372036854775807, 0, 9223372036785685807
4, 1975, 0, 9223372036854775807, 0, 9223372036785650807
4, 1976, 0, 9223372036854775807, 0, 9223372036785615807
4, 1977, 0, 9223372036854775807, 0, 9223372036785580807
4, 1978, 0, 9223372036854775807, 0, 9223372036785545807
4, 1979, 0, 9223372036854775807, 0, 9223372036785510807
4, 198, 0, 9223372036854775807, 0, 9223372036847845807
4, 1980, 0, 9223372036854775807, 0, 9223372036785475807
4, 1981, 0, 9223372036854775807, 0, 9223372036785440807
4, 1982, 0, 9223372036854775807, 0, 9223372036785405807
4, 1983, 0, 9223372036854775807, 0, 9223372036785370807
4, 1984, 0, 9223372036854775807, 0, 9223372036785335807
4, 1985, 0, 9223372036854775807, 0, 9223372036785300807
4, 1986, 0, 9223372036854775807, 0, 9223372036785265807
4, 1987, 0, 9223372036854775807, 0, 9223372036785230807
4, 1988, 0, 9223372036854775807, 0, 9223372036785195807
4, 1989, 0, 9223372036854775807, 0, 9223372036785160807
4, 199, 0, 9223372036854775807, 0, 9223372036847810807
4, 1990, 0, 9223372036854775807, 0, 9223372036785125807
4, 1991, 0, 9223372036854775807, 0, 9223372036785090807
4, 1992, 0, 9223372036854775807, 0, 9223372036785055807
4, 1993, 0, 9223372036854775807, 0, 9223372036785020807
4, 1994, 0, 9223372036854775807, 0, 9223372036784985807
4, 1995, 0, 9223372036854775807, 0, 9223372036784950807
4, 1996, 0, 9223372036854775807, 0, 9223372036784915807
4, 1997, 0, 9223372036854775807, 0, 9223372036784880807
4, 1998, 0, 9223372036854775807, 0, 9223372036784845807
4, 1999, 0, 9223372036854775807, 0, 9223372036784810807
4, 2, 0, 9223372036854775807, 0, 9223372036854705807
4, 20, 0, 9223372036854775807, 0, 9223372036854075807
4, 200, 0, 9223372036854775807, 0, 9223372036847775807
4, 2000, 0, 9223372036854775807, 0, 9223372036784775807
4, 2001, 0, 9223372036854775807, 0, 9223372036784740807
4, 2002, 0, 9223372036854775807, 0, 9223372036784705807
4, 2003, 0, 9223372036854775807, 0, 9223372036784670807
4, 2004, 0, 9223372036854775807, 0, 9223372036784635807
4, 2005, 0, 9223372036854775807, 0, 9223372036784600807
4, 2006, 0, 9223372036854775807, 0, 9223372036784565807
4, 2007, 0, 9223372036854775807, 0, 9223372036784530807
4, 2008, 0, 9223372036854775807, 0, 9223372036784495807
4, 2009, 0, 9223372036854775807, 0, 9223372036784460807
4, 201, 0, 9223372036854775807, 0, 9223372036847740807
4, 2010, 0, 9223372036854775807, 0, 9223372036784425807
4, 2011, 0, 9223372036854775807, 0, 9223372036784390807
4, 2012, 0, 9223372036854775807, 0, 9223372036784355807
4, 2013, 0, 9223372036854775807, 0, 9223372036784320807
4, 2014, 0, 9223372036854775807, 0, 9223372036784285807
4, 2015, 0, 9223372036854775807, 0, 9223372036784250807
4, 2016, 0, 9223372036854775807, 0, 9223372036784215807
4, 2017, 0, 9223372036854775807, 0, 9223372036784180807
4, 2018, 0, 9223372036854775807, 0, 9223372036784145807
4, 2019, 0, 9223372036854775807, 0, 9223372036784110807
4, 202, 0, 9223372036854775807, 0, 9223372036847705807
4, 2020, 0, 9223372036854775807, 0, 9223372036784075807
4, 2021, 0, 9223372036854775807, 0, 9223372036784040807
4, 2022, 0, 9223372036854775807, 0, 9223372036784005807
4, 2023, 0, 9223372036854775807, 0, 9223372036783970807
4, 2024, 0, 9223372036854775807, 0, 9223372036783935807
4, 2025, 0, 9223372036854775807, 0, 9223372036783900807
4, 2026, 0, 9223372036854775807, 0, 9223372036783865807
4, 2027, 0, 9223372036854775807, 0, 9223372036783830807
4, 2028, 0, 9223372036854775807, 0, 9223372036783795807
4, 2029, 0, 9223372036854775807, 0, 9223372036783760807
4, 203, 0, 9223372036854775807, 0, 9223372036847670807
4, 2030, 0, 9223372036854775807, 0, 9223372036783725807
4, 2031, 0, 9223372036854775807, 0, 9223372036783690807
4, 2032, 0, 9223372036854775807, 0, 9223372036783655807
4, 2033, 0, 9223372036854775807, 0, 9223372036783620807
4, 2034, 0, 9223372036854775807, 0, 9223372036783585807
4, 2035, 0, 9223372036854775807, 0, 9223372036783550807
4, 2036, 0, 9223372036854775807, 0, 9223372036783515807
4, 2037, 0, 9223372036854775807, 0, 9223372036783480807
4, 2038, 0, 9223372036854775807, 0, 9223372036783445807
4, 2039, 0, 9223372036854775807, 0, 9223372036783410807
4, 204, 0, 9223372036854775807, 0, 9223372036847635807
4, 2040, 0, 9223372036854775807, 0, 9223372036783375807
4, 2041, 0, 9223372036854775807, 0, 9223372036783340807
4, 2042, 0, 9223372036854775807, 0, 9223372036783305807
4, 2043, 0, 9223372036854775807, 0, 9223372036783270807
4, 2044, 0, 9223372036854775807, 0, 9223372036783235807
4, 2045, 0, 9223372036854775807, 0, 9223372036783200807
4, 2046, 0, 9223372036854775807, 0, 9223372036783165807
4, 2047, 0, 9223372036854775807, 0, 9223372036783130807
4, 2048, 0, 9223372036854775807, 0, 9223372036783095807
4, 2049, 0, 9223372036854775807, 0, 9223372036783060807
4, 205, 0, 9223372036854775807, 0, 9223372036847600807
4, 2050, 0, 9223372036854775807, 0, 9223372036783025807
4, 2051, 0, 9223372036854775807, 0, 9223372036782990807
4, 2052, 0, 9223372036854775807, 0, 9223372036782955807
4, 2053, 0, 9223372036854775807, 0, 9223372036782920807
4, 2054, 0, 9223372036854775807, 0, 9223372036782885807
4, 2055, 0, 9223372036854775807, 0, 9223372036782850807
4, 2056, 0, 9223372036854775807, 0, 9223372036782815807
4, 2057, 0, 9223372036854775807, 0, 9223372036782780807
4, 2058, 0, 9223372036854775807, 0, 9223372036782745807
4, 2059, 0, 9223372036854775807, 0, 9223372036782710807
4, 206, 0, 9223372036854775807, 0, 9223372036847565807
4, 2060, 0, 9223372036854775807, 0, 9223372036782675807
4, 2061, 0, 9223372036854775807, 0, 9223372036782640807
4, 2062, 0, 9223372036854775807, 0, 9223372036782605807
4, 2063, 0, 9223372036854775807, 0, 9223372036782570807
4, 2064, 0, 9223372036854775807, 0, 9223372036782535807
4, 2065, 0, 9223372036854775807, 0, 9223372036782500807
4, 2066, 0, 9223372036854775807, 0, 9223372036782465807
4, 2067, 0, 9223372036854775807, 0, 9223372036782430807
4, 2068, 0, 9223372036854775807, 0, 9223372036782395807
4, 2069, 0, 9223372036854775807, 0, 9223372036782360807
4, 207, 0, 9223372036854775807, 0, 9223372036847530807
4, 2070, 0, 9223372036854775807, 0, 9223372036782325807
4, 2071, 0, 9223372036854775807, 0, 9223372036782290807
4, 2072, 0, 9223372036854775807, 0, 9223372036782255807
4, 2073, 0, 9223372036854775807, 0, 9223372036782220807
4, 2074, 0, 9223372036854775807, 0, 9223372036782185807
4, 2075, 0, 9223372036854775807, 0, 9223372036782150807
4, 2076, 0, 9223372036854775807, 0, 9223372036782115807
4, 2077, 0, 9223372036854775807, 0, 9223372036782080807
4, 2078, 0, 9223372036854775807, 0, 9223372036782045807
4, 2079, 0, 9223372036854775807, 0, 9223372036782010807
4, 208, 0, 9223372036854775807, 0, 9223372036847495807
4, 2080, 0, 9223372036854775807, 0, 9223372036781975807
4, 2081, 0, 9223372036854775807, 0, 9223372036781940807
4, 2082, 0, 9223372036854775807, 0, 9223372036781905807
4, 2083, 0, 9223372036854775807, 0, 9223372036781870807
4, 2084, 0, 9223372036854775807, 0, 9223372036781835807
4, 2085, 0, 9223372036854775807, 0, 9223372036781800807
4, 2086, 0, 9223372036854775807, 0, 9223372036781765807
4, 2087, 0, 9223372036854775807, 0, 9223372036781730807
4, 2088, 0, 9223372036854775807, 0, 9223372036781695807
4, 2089, 0, 9223372036854775807, 0, 9223372036781660807
4, 209, 0, 9223372036854775807, 0, 9223372036847460807
4, 2090, 0, 9223372036854775807, 0, 9223372036781625807
4, 2091, 0, 9223372036854775807, 0, 9223372036781590807
4, 2092, 0, 9223372036854775807, 0, 9223372036781555807
4, 2093, 0, 9223372036854775807, 0, 9223372036781520807
4, 2094, 0, 9223372036854775807, 0, 9223372036781485807
4, 2095, 0, 9223372036854775807, 0, 9223372036781450807
4, 2096, 0, 9223372036854775807, 0, 9223372036781415807
4, 2097, 0, 9223372036854775807, 0, 9223372036781380807
4, 2098, 0, 9223372036854775807, 0, 9223372036781345807
4, 2099, 0, 9223372036854775807, 0, 9223372036781310807
4, 21, 0, 9223372036854775807, 0, 9223372036854040807
4, 210, 0, 9223372036854775807, 0, 9223372036847425807
4, 2100, 0, 9223372036854775807, 0, 9223372036781275807
4, 2101, 0, 9223372036854775807, 0, 9223372036781240807
4, 2102, 0, 9223372036854775807, 0, 9223372036781205807
4, 2103, 0, 9223372036854775807, 0, 9223372036781170807
4, 2104, 0, 9223372036854775807, 0, 9223372036781135807
4, 2105, 0, 9223372036854775807, 0, 9223372036781100807
4, 2106, 0, 9223372036854775807, 0, 9223372036781065807
4, 2107, 0, 9223372036854775807, 0, 9223372036781030807
4, 2108, 0, 9223372036854775807, 0, 9223372036780995807
4, 2109, 0, 9223372036854775807, 0, 9223372036780960807
4, 211, 0, 9223372036854775807, 0, 9223372036847390807
4, 2110, 0, 9223372036854775807, 0, 9223372036780925807
4, 2111, 0, 9223372036854775807, 0, 9223372036780890807
4, 2112, 0, 9223372036854775807, 0, 9223372036780855807
4, 2113, 0, 9223372036854775807, 0, 9223372036780820807
4, 2114, 0, 9223372036854775807, 0, 9223372036780785807
4, 2115, 0, 9223372036854775807, 0, 9223372036780750807
4, 2116, 0, 9223372036854775807, 0, 9223372036780715807
4, 2117, 0, 9223372036854775807, 0, 9223372036780680807
4, 2118, 0, 9223372036854775807, 0, 9223372036780645807
4, 2119, 0, 9223372036854775807, 0, 9223372036780610807
4, 212, 0, 9223372036854775807, 0, 9223372036847355807
4, 2120, 0, 9223372036854775807, 0, 9223372036780575807
4, 2121, 0, 9223372036854775807, 0, 9223372036780540807
4, 2122, 0, 9223372036854775807, 0, 9223372036780505807
4, 2123, 0, 9223372036854775807, 0, 9223372036780470807
4, 2124, 0, 9223372036854775807, 0, 9223372036780435807
4, 2125, 0, 9223372036854775807, 0, 9223372036780400807
4, 2126, 0, 9223372036854775807, 0, 9223372036780365807
4, 2127, 0, 9223372036854775807, 0, 9223372036780330807
4, 2128, 0, 9223372036854775807, 0, 9223372036780295807
4, 2129, 0, 9223372036854775807, 0, 9223372036780260807
4, 213, 0, 9223372036854775807, 0, 9223372036847320807
4, 2130, 0, 9223372036854775807, 0, 9223372036780225807
4, 2131, 0, 9223372036854775807, 0, 9223372036780190807
4, 2132, 0, 9223372036854775807, 0, 9223372036780155807
4, 2133, 0, 9223372036854775807, 0, 9223372036780120807
4, 2134, 0, 9223372036854775807, 0, 9223372036780085807
4, 2135, 0, 9223372036854775807, 0, 9223372036780050807
4, 2136, 0, 9223372036854775807, 0, 9223372036780015807
4, 2137, 0, 9223372036854775807, 0, 9223372036779980807
4, 2138, 0, 9223372036854775807, 0, 9223372036779945807
4, 2139, 0, 9223372036854775807, 0, 9223372036779910807
4, 214, 0, 9223372036854775807, 0, 9223372036847285807
4, 2140, 0, 9223372036854775807, 0, 9223372036779875807
4, 2141, 0, 9223372036854775807, 0, 9223372036779840807
4, 2142, 0, 9223372036854775807, 0, 9223372036779805807
4, 2143, 0, 9223372036854775807, 0, 9223372036779770807
4, 2144, 0, 9223372036854775807, 0, 9223372036779735807
4, 2145, 0, 9223372036854775807, 0, 9223372036779700807
4, 2146, 0, 9223372036854775807, 0, 9223372036779665807
4, 2147, 0, 9223372036854775807, 0, 9223372036779630807
4, 2148, 0, 9223372036854775807, 0, 9223372036779595807
4, 2149, 0, 9223372036854775807, 0, 9223372036779560807
4, 215, 0, 9223372036854775807, 0, 9223372036847250807
4, 2150, 0, 9223372036854775807, 0, 9223372036779525807
4, 2151, 0, 9223372036854775807, 0, 9223372036779490807
4, 2152, 0, 9223372036854775807, 0, 9223372036779455807
4, 2153, 0, 9223372036854775807, 0, 9223372036779420807
4, 2154, 0, 9223372036854775807, 0, 9223372036779385807
4, 2155, 0, 9223372036854775807, 0, 9223372036779350807
4, 2156, 0, 9223372036854775807, 0, 9223372036779315807
4, 2157, 0, 9223372036854775807, 0, 9223372036779280807
4, 2158, 0, 9223372036854775807, 0, 9223372036779245807
4, 2159, 0, 9223372036854775807, 0, 9223372036779210807
4, 216, 0, 9223372036854775807, 0, 9223372036847215807
4, 2160, 0, 9223372036854775807, 0, 9223372036779175807
4, 2161, 0, 9223372036854775807, 0, 9223372036779140807
4, 2162, 0, 9223372036854775807, 0, 9223372036779105807
4, 2163, 0, 9223372036854775807, 0, 9223372036779070807
4, 2164, 0, 9223372036854775807, 0, 9223372036779035807
4, 2165, 0, 9223372036854775807, 0, 9223372036779000807
4, 2166, 0, 9223372036854775807, 0, 9223372036778965807
4, 2167, 0, 9223372036854775807, 0, 9223372036778930807
4, 2168, 0, 9223372036854775807, 0, 9223372036778895807
4, 2169, 0, 9223372036854775807, 0, 9223372036778860807
4, 217, 0, 9223372036854775807, 0, 9223372036847180807
4, 2170, 0, 9223372036854775807, 0, 9223372036778825807
4, 2171, 0, 9223372036854775807, 0, 9223372036778790807
4, 2172, 0, 9223372036854775807, 0, 9223372036778755807
4, 2173, 0, 9223372036854775807, 0, 9223372036778720807
4, 2174, 0, 9223372036854775807, 0, 9223372036778685807
4, 2175, 0, 9223372036854775807, 0, 9223372036778650807
4, 2176, 0, 9223372036854775807, 0, 9223372036778615807
4, 2177, 0, 9223372036854775807, 0, 9223372036778580807
4, 2178, 0, 9223372036854775807, 0, 9223372036778545807
4, 2179, 0, 9223372036854775807, 0, 9223372036778510807
4, 218, 0, 9223372036854775807, 0, 9223372036847145807
4, 2180, 0, 9223372036854775807, 0, 9223372036778475807
4, 2181, 0, 9223372036854775807, 0, 9223372036778440807
4, 2182, 0, 9223372036854775807, 0, 9223372036778405807
4, 2183, 0, 9223372036854775807, 0, 9223372036778370807
4, 2184, 0, 9223372036854775807, 0, 9223372036778335807
4, 2185, 0, 9223372036854775807, 0, 9223372036778300807
4, 2186, 0, 9223372036854775807, 0, 9223372036778265807
4, 2187, 0, 9223372036854775807, 0, 9223372036778230807
4, 2188, 0, 9223372036854775807, 0, 9223372036778195807
4, 2189, 0, 9223372036854775807, 0, 9223372036778160807
4, 219, 0, 9223372036854775807, 0, 9223372036847110807
4, 2190, 0, 9223372036854775807, 0, 9223372036778125807
4, 2191, 0, 9223372036854775807, 0, 9223372036778090807
4, 2192, 0, 9223372036854775807, 0, 9223372036778055807
4, 2193, 0, 9223372036854775807, 0, 9223372036778020807
4, 2194, 0, 9223372036854775807, 0, 9223372036777985807
4, 2195, 0, 9223372036854775807, 0, 9223372036777950807
4, 2196, 0, 9223372036854775807, 0, 9223372036777915807
4, 2197, 0, 9223372036854775807, 0, 9223372036777880807
4, 2198, 0, 9223372036854775807, 0, 9223372036777845807
4, 2199, 0, 9223372036854775807, 0, 9223372036777810807
4, 22, 0, 9223372036854775807, 0, 9223372036854005807
4, 220, 0, 9223372036854775807, 0, 9223372036847075807
4, 2200, 0, 9223372036854775807, 0, 9223372036777775807
4, 2201, 0, 9223372036854775807, 0, 9223372036777740807
4, 2202, 0, 9223372036854775807, 0, 9223372036777705807
4, 2203, 0, 9223372036854775807, 0, 9223372036777670807
4, 2204, 0, 9223372036854775807, 0, 9223372036777635807
4, 2205, 0, 9223372036854775807, 0, 9223372036777600807
4, 2206, 0, 9223372036854775807, 0, 9223372036777565807
4, 2207, 0, 9223372036854775807, 0, 9223372036777530807
4, 2208, 0, 9223372036854775807, 0, 9223372036777495807
4, 2209, 0, 9223372036854775807, 0, 9223372036777460807
4, 221, 0, 9223372036854775807, 0, 9223372036847040807
4, 2210, 0, 9223372036854775807, 0, 9223372036777425807
4, 2211, 0, 9223372036854775807, 0, 9223372036777390807
4, 2212, 0, 9223372036854775807, 0, 9223372036777355807
4, 2213, 0, 9223372036854775807, 0, 9223372036777320807
4, 2214, 0, 9223372036854775807, 0, 9223372036777285807
4, 2215, 0, 9223372036854775807, 0, 9223372036777250807
4, 2216, 0, 9223372036854775807, 0, 9223372036777215807
4, 2217, 0, 9223372036854775807, 0, 9223372036777180807
4, 2218, 0, 9223372036854775807, 0, 9223372036777145807
4, 2219, 0, 9223372036854775807, 0, 9223372036777110807
4, 222, 0, 9223372036854775807, 0, 9223372036847005807
4, 2220, 0, 9223372036854775807, 0, 9223372036777075807
4, 2221, 0, 9223372036854775807, 0, 9223372036777040807
4, 2222, 0, 9223372036854775807, 0, 9223372036777005807
4, 2223, 0, 9223372036854775807, 0, 9223372036776970807
4, 2224, 0, 9223372036854775807, 0, 9223372036776935807
4, 2225, 0, 9223372036854775807, 0, 9223372036776900807
4, 2226, 0, 9223372036854775807, 0, 9223372036776865807
4, 2227, 0, 9223372036854775807, 0, 9223372036776830807
4, 2228, 0, 9223372036854775807, 0, 9223372036776795807
4, 2229, 0, 9223372036854775807, 0, 9223372036776760807
4, 223, 0, 9223372036854775807, 0, 9223372036846970807
4, 2230, 0, 9223372036854775807, 0, 9223372036776725807
4, 2231, 0, 9223372036854775807, 0, 9223372036776690807
4, 2232, 0, 9223372036854775807, 0, 9223372036776655807
4, 2233, 0, 9223372036854775807, 0, 9223372036776620807
4, 2234, 0, 9223372036854775807, 0, 9223372036776585807
4, 2235, 0, 9223372036854775807, 0, 9223372036776550807
4, 2236, 0, 9223372036854775807, 0, 9223372036776515807
4, 2237, 0, 9223372036854775807, 0, 9223372036776480807
4, 2238, 0, 9223372036854775807, 0, 9223372036776445807
4, 2239, 0, 9223372036854775807, 0, 9223372036776410807
4, 224, 0, 9223372036854775807, 0, 9223372036846935807
4, 2240, 0, 9223372036854775807, 0, 9223372036776375807
4, 2241, 0, 9223372036854775807, 0, 9223372036776340807
4, 2242, 0, 9223372036854775807, 0, 9223372036776305807
4, 2243, 0, 9223372036854775807, 0, 9223372036776270807
4, 2244, 0, 9223372036854775807, 0, 9223372036776235807
4, 2245, 0, 9223372036854775807, 0, 9223372036776200807
4, 2246, 0, 9223372036854775807, 0, 9223372036776165807
4, 2247, 0, 9223372036854775807, 0, 9223372036776130807
4, 2248, 0, 9223372036854775807, 0, 9223372036776095807
4, 2249, 0, 9223372036854775807, 0, 9223372036776060807
4, 225, 0, 9223372036854775807, 0, 9223372036846900807
4, 2250, 0, 9223372036854775807, 0, 9223372036776025807
4, 2251, 0, 9223372036854775807, 0, 9223372036775990807
4, 2252, 0, 9223372036854775807, 0, 9223372036775955807
4, 2253, 0, 9223372036854775807, 0, 9223372036775920807
4, 2254, 0, 9223372036854775807, 0, 9223372036775885807
4, 2255, 0, 9223372036854775807, 0, 9223372036775850807
4, 2256, 0, 9223372036854775807, 0, 9223372036775815807
4, 2257, 0, 9223372036854775807, 0, 9223372036775780807
4, 2258, 0, 9223372036854775807, 0, 9223372036775745807
4, 2259, 0, 9223372036854775807, 0, 9223372036775710807
4, 226, 0, 9223372036854775807, 0, 9223372036846865807
4, 2260, 0, 9223372036854775807, 0, 9223372036775675807
4, 2261, 0, 9223372036854775807, 0, 9223372036775640807
4, 2262, 0, 9223372036854775807, 0, 9223372036775605807
4, 2263, 0, 9223372036854775807, 0, 9223372036775570807
4, 2264, 0, 9223372036854775807, 0, 9223372036775535807
4, 2265, 0, 9223372036854775807, 0, 9223372036775500807
4, 2266, 0, 9223372036854775807, 0, 9223372036775465807
4, 2267, 0, 9223372036854775807, 0, 9223372036775430807
4, 2268, 0, 9223372036854775807, 0, 9223372036775395807
4, 2269, 0, 9223372036854775807, 0, 9223372036775360807
4, 227, 0, 9223372036854775807, 0, 9223372036846830807
4, 2270, 0, 9223372036854775807, 0, 9223372036775325807
4, 2271, 0, 9223372036854775807, 0, 9223372036775290807
4, 2272, 0, 9223372036854775807, 0, 9223372036775255807
4, 2273, 0, 9223372036854775807, 0, 9223372036775220807
4, 2274, 0, 9223372036854775807, 0, 9223372036775185807
4, 2275, 0, 9223372036854775807, 0, 9223372036775150807
4, 2276, 0, 9223372036854775807, 0, 9223372036775115807
4, 2277, 0, 9223372036854775807, 0, 9223372036775080807
4, 2278, 0, 9223372036854775807, 0, 9223372036775045807
4, 2279, 0, 9223372036854775807, 0, 9223372036775010807
4, 228, 0, 9223372036854775807, 0, 9223372036846795807
4, 2280, 0, 9223372036854775807, 0, 9223372036774975807
4, 2281, 0, 9223372036854775807, 0, 9223372036774940807
4, 2282, 0, 9223372036854775807, 0, 9223372036774905807
4, 2283, 0, 9223372036854775807, 0, 9223372036774870807
4, 2284, 0, 9223372036854775807, 0, 9223372036774835807
4, 2285, 0, 9223372036854775807, 0, 9223372036774800807
4, 2286, 0, 9223372036854775807, 0, 9223372036774765807
4, 2287, 0, 9223372036854775807, 0, 9223372036774730807
4, 2288, 0, 9223372036854775807, 0, 9223372036774695807
4, 2289, 0, 9223372036854775807, 0, 9223372036774660807
4, 229, 0, 9223372036854775807, 0, 9223372036846760807
4, 2290, 0, 9223372036854775807, 0, 9223372036774625807
4, 2291, 0, 9223372036854775807, 0, 9223372036774590807
4, 2292, 0, 9223372036854775807, 0, 9223372036774555807
4, 2293, 0, 9223372036854775807, 0, 9223372036774520807
4, 2294, 0, 9223372036854775807, 0, 9223372036774485807
4, 2295, 0, 9223372036854775807, 0, 9223372036774450807
4, 2296, 0, 9223372036854775807, 0, 9223372036774415807
4, 2297, 0, 9223372036854775807, 0, 9223372036774380807
4, 2298, 0, 9223372036854775807, 0, 9223372036774345807
4, 2299, 0, 9223372036854775807, 0, 9223372036774310807
4, 23, 0, 9223372036854775807, 0, 9223372036853970807
4, 230, 0, 9223372036854775807, 0, 9223372036846725807
4, 2300, 0, 9223372036854775807, 0, 9223372036774275807
4, 2301, 0, 9223372036854775807, 0, 9223372036774240807
4, 2302, 0, 9223372036854775807, 0, 9223372036774205807
4, 2303, 0, 9223372036854775807, 0, 9223372036774170807
4, 2304, 0, 9223372036854775807, 0, 9223372036774135807
4, 2305, 0, 9223372036854775807, 0, 9223372036774100807
4, 2306, 0, 9223372036854775807, 0, 9223372036774065807
4, 2307, 0, 9223372036854775807, 0, 9223372036774030807
4, 2308, 0, 9223372036854775807, 0, 9223372036773995807
4, 2309, 0, 9223372036854775807, 0, 9223372036773960807
4, 231, 0, 9223372036854775807, 0, 9223372036846690807
4, 2310, 0, 9223372036854775807, 0, 9223372036773925807
4, 2311, 0, 9223372036854775807, 0, 9223372036773890807
4, 2312, 0, 9223372036854775807, 0, 9223372036773855807
4, 2313, 0, 9223372036854775807, 0, 9223372036773820807
4, 2314, 0, 9223372036854775807, 0, 9223372036773785807
4, 2315, 0, 9223372036854775807, 0, 9223372036773750807
4, 2316, 0, 9223372036854775807, 0, 9223372036773715807
4, 2317, 0, 9223372036854775807, 0, 9223372036773680807
4, 2318, 0, 9223372036854775807, 0, 9223372036773645807
4, 2319, 0, 9223372036854775807, 0, 9223372036773610807
4, 232, 0, 9223372036854775807, 0, 9223372036846655807
4, 2320, 0, 9223372036854775807, 0, 9223372036773575807
4, 2321, 0, 9223372036854775807, 0, 9223372036773540807
4, 2322, 0, 9223372036854775807, 0, 9223372036773505807
4, 2323, 0, 9223372036854775807, 0, 9223372036773470807
4, 2324, 0, 9223372036854775807, 0, 9223372036773435807
4, 2325, 0, 9223372036854775807, 0, 9223372036773400807
4, 2326, 0, 9223372036854775807, 0, 9223372036773365807
4, 2327, 0, 9223372036854775807, 0, 9223372036773330807
4, 2328, 0, 9223372036854775807, 0, 9223372036773295807
4, 2329, 0, 9223372036854775807, 0, 9223372036773260807
4, 233, 0, 9223372036854775807, 0, 9223372036846620807
4, 2330, 0, 9223372036854775807, 0, 9223372036773225807
4, 2331, 0, 9223372036854775807, 0, 9223372036773190807
4, 2332, 0, 9223372036854775807, 0, 9223372036773155807
4, 2333, 0, 9223372036854775807, 0, 9223372036773120807
4, 2334, 0, 9223372036854775807, 0, 9223372036773085807
4, 2335, 0, 9223372036854775807, 0, 9223372036773050807
4, 2336, 0, 9223372036854775807, 0, 9223372036773015807
4, 2337, 0, 9223372036854775807, 0, 9223372036772980807
4, 2338, 0, 9223372036854775807, 0, 9223372036772945807
4, 2339, 0, 9223372036854775807, 0, 9223372036772910807
4, 234, 0, 9223372036854775807, 0, 9223372036846585807
4, 2340, 0, 9223372036854775807, 0, 9223372036772875807
4, 2341, 0, 9223372036854775807, 0, 9223372036772840807
4, 2342, 0, 9223372036854775807, 0, 9223372036772805807
4, 2343, 0, 9223372036854775807, 0, 9223372036772770807
4, 2344, 0, 9223372036854775807, 0, 9223372036772735807
4, 2345, 0, 9223372036854775807, 0, 9223372036772700807
4, 2346, 0, 9223372036854775807, 0, 9223372036772665807
4, 2347, 0, 9223372036854775807, 0, 9223372036772630807
4, 2348, 0, 9223372036854775807, 0, 9223372036772595807
4, 2349, 0, 9223372036854775807, 0, 9223372036772560807
4, 235, 0, 9223372036854775807, 0, 9223372036846550807
4, 2350, 0, 9223372036854775807, 0, 9223372036772525807
4, 2351, 0, 9223372036854775807, 0, 9223372036772490807
4, 2352, 0, 9223372036854775807, 0, 9223372036772455807
4, 2353, 0, 9223372036854775807, 0, 9223372036772420807
4, 2354, 0, 9223372036854775807, 0, 9223372036772385807
4, 2355, 0, 9223372036854775807, 0, 9223372036772350807
4, 2356, 0, 9223372036854775807, 0, 9223372036772315807
4, 2357, 0, 9223372036854775807, 0, 9223372036772280807
4, 2358, 0, 9223372036854775807, 0, 9223372036772245807
4, 2359, 0, 9223372036854775807, 0, 9223372036772210807
4, 236, 0, 9223372036854775807, 0, 9223372036846515807
4, 2360, 0, 9223372036854775807, 0, 9223372036772175807
4, 2361, 0, 9223372036854775807, 0, 9223372036772140807
4, 2362, 0, 9223372036854775807, 0, 9223372036772105807
4, 2363, 0, 9223372036854775807, 0, 9223372036772070807
4, 2364, 0, 9223372036854775807, 0, 9223372036772035807
4, 2365, 0, 9223372036854775807, 0, 9223372036772000807
4, 2366, 0, 9223372036854775807, 0, 9223372036771965807
4, 2367, 0, 9223372036854775807, 0, 9223372036771930807
4, 2368, 0, 9223372036854775807, 0, 9223372036771895807
4, 2369, 0, 9223372036854775807, 0, 9223372036771860807
4, 237, 0, 9223372036854775807, 0, 9223372036846480807
4, 2370, 0, 9223372036854775807, 0, 9223372036771825807
4, 2371, 0, 9223372036854775807, 0, 9223372036771790807
4, 2372, 0, 9223372036854775807, 0, 9223372036771755807
4, 2373, 0, 9223372036854775807, 0, 9223372036771720807
4, 2374, 0, 9223372036854775807, 0, 9223372036771685807
4, 2375, 0, 9223372036854775807, 0, 9223372036771650807
4, 2376, 0, 9223372036854775807, 0, 9223372036771615807
4, 2377, 0, 9223372036854775807, 0, 9223372036771580807
4, 2378, 0, 9223372036854775807, 0, 9223372036771545807
4, 2379, 0, 9223372036854775807, 0, 9223372036771510807
4, 238, 0, 9223372036854775807, 0, 9223372036846445807
4, 2380, 0, 9223372036854775807, 0, 9223372036771475807
4, 2381, 0, 9223372036854775807, 0, 9223372036771440807
4, 2382, 0, 9223372036854775807, 0, 9223372036771405807
4, 2383, 0, 9223372036854775807, 0, 9223372036771370807
4, 2384, 0, 9223372036854775807, 0, 9223372036771335807
4, 2385, 0, 9223372036854775807, 0, 9223372036771300807
4, 2386, 0, 9223372036854775807, 0, 9223372036771265807
4, 2387, 0, 9223372036854775807, 0, 9223372036771230807
4, 2388, 0, 9223372036854775807, 0, 9223372036771195807
4, 2389, 0, 9223372036854775807, 0, 9223372036771160807
4, 239, 0, 9223372036854775807, 0, 9223372036846410807
4, 2390, 0, 9223372036854775807, 0, 9223372036771125807
4, 2391, 0, 9223372036854775807, 0, 9223372036771090807
4, 2392, 0, 9223372036854775807, 0, 9223372036771055807
4, 2393, 0, 9223372036854775807, 0, 9223372036771020807
4, 2394, 0, 9223372036854775807, 0, 9223372036770985807
4, 2395, 0, 9223372036854775807, 0, 9223372036770950807
4, 2396, 0, 9223372036854775807, 0, 9223372036770915807
4, 2397, 0, 9223372036854775807, 0, 9223372036770880807
4, 2398, 0, 9223372036854775807, 0, 9223372036770845807
4, 2399, 0, 9223372036854775807, 0, 9223372036770810807
4, 24, 0, 9223372036854775807, 0, 9223372036853935807
4, 240, 0, 9223372036854775807, 0, 9223372036846375807
4, 2400, 0, 9223372036854775807, 0, 9223372036770775807
4, 2401, 0, 9223372036854775807, 0, 9223372036770740807
4, 2402, 0, 9223372036854775807, 0, 9223372036770705807
4, 2403, 0, 9223372036854775807, 0, 9223372036770670807
4, 2404, 0, 9223372036854775807, 0, 9223372036770635807
4, 2405, 0, 9223372036854775807, 0, 9223372036770600807
4, 2406, 0, 9223372036854775807, 0, 9223372036770565807
4, 2407, 0, 9223372036854775807, 0, 9223372036770530807
4, 2408, 0, 9223372036854775807, 0, 9223372036770495807
4, 2409, 0, 9223372036854775807, 0, 9223372036770460807
4, 241, 0, 9223372036854775807, 0, 9223372036846340807
4, 2410, 0, 9223372036854775807, 0, 9223372036770425807
4, 2411, 0, 9223372036854775807, 0, 9223372036770390807
4, 2412, 0, 9223372036854775807, 0, 9223372036770355807
4, 2413, 0, 9223372036854775807, 0, 9223372036770320807
4, 2414, 0, 9223372036854775807, 0, 9223372036770285807
4, 2415, 0, 9223372036854775807, 0, 9223372036770250807
4, 2416, 0, 9223372036854775807, 0, 9223372036770215807
4, 2417, 0, 9223372036854775807, 0, 9223372036770180807
4, 2418, 0, 9223372036854775807, 0, 9223372036770145807
4, 2419, 0, 9223372036854775807, 0, 9223372036770110807
4, 242, 0, 9223372036854775807, 0, 9223372036846305807
4, 2420, 0, 9223372036854775807, 0, 9223372036770075807
4, 2421, 0, 9223372036854775807, 0, 9223372036770040807
4, 2422, 0, 9223372036854775807, 0, 9223372036770005807
4, 2423, 0, 9223372036854775807, 0, 9223372036769970807
4, 2424, 0, 9223372036854775807, 0, 9223372036769935807
4, 2425, 0, 9223372036854775807, 0, 9223372036769900807
4, 2426, 0, 9223372036854775807, 0, 9223372036769865807
4, 2427, 0, 9223372036854775807, 0, 9223372036769830807
4, 2428, 0, 9223372036854775807, 0, 9223372036769795807
4, 2429, 0, 9223372036854775807, 0, 9223372036769760807
4, 243, 0, 9223372036854775807, 0, 9223372036846270807
4, 2430, 0, 9223372036854775807, 0, 9223372036769725807
4, 2431, 0, 9223372036854775807, 0, 9223372036769690807
4, 2432, 0, 9223372036854775807, 0, 9223372036769655807
4, 2433, 0, 9223372036854775807, 0, 9223372036769620807
4, 2434, 0, 9223372036854775807, 0, 9223372036769585807
4, 2435, 0, 9223372036854775807, 0, 9223372036769550807
4, 2436, 0, 9223372036854775807, 0, 9223372036769515807
4, 2437, 0, 9223372036854775807, 0, 9223372036769480807
4, 2438, 0, 9223372036854775807, 0, 9223372036769445807
4, 2439, 0, 9223372036854775807, 0, 9223372036769410807
4, 244, 0, 9223372036854775807, 0, 9223372036846235807
4, 2440, 0, 9223372036854775807, 0, 9223372036769375807
4, 2441, 0, 9223372036854775807, 0, 9223372036769340807
4, 2442, 0, 9223372036854775807, 0, 9223372036769305807
4, 2443, 0, 9223372036854775807, 0, 9223372036769270807
4, 2444, 0, 9223372036854775807, 0, 9223372036769235807
4, 2445, 0, 9223372036854775807, 0, 9223372036769200807
4, 2446, 0, 9223372036854775807, 0, 9223372036769165807
4, 2447, 0, 9223372036854775807, 0, 9223372036769130807
4, 2448, 0, 9223372036854775807, 0, 9223372036769095807
4, 2449, 0, 9223372036854775807, 0, 9223372036769060807
4, 245, 0, 9223372036854775807, 0, 9223372036846200807
4, 2450, 0, 9223372036854775807, 0, 9223372036769025807
4, 2451, 0, 9223372036854775807, 0, 9223372036768990807
4, 2452, 0, 9223372036854775807, 0, 9223372036768955807
4, 2453, 0, 9223372036854775807, 0, 9223372036768920807
4, 2454, 0, 9223372036854775807, 0, 9223372036768885807
4, 2455, 0, 9223372036854775807, 0, 9223372036768850807
4, 2456, 0, 9223372036854775807, 0, 9223372036768815807
4, 2457, 0, 9223372036854775807, 0, 9223372036768780807
4, 2458, 0, 9223372036854775807, 0, 9223372036768745807
4, 2459, 0, 9223372036854775807, 0, 9223372036768710807
4, 246, 0, 9223372036854775807, 0, 9223372036846165807
4, 2460, 0, 9223372036854775807, 0, 9223372036768675807
4, 2461, 0, 9223372036854775807, 0, 9223372036768640807
4, 2462, 0, 9223372036854775807, 0, 9223372036768605807
4, 2463, 0, 9223372036854775807, 0, 9223372036768570807
4, 2464, 0, 9223372036854775807, 0, 9223372036768535807
4, 2465, 0, 9223372036854775807, 0, 9223372036768500807
4, 2466, 0, 9223372036854775807, 0, 9223372036768465807
4, 2467, 0, 9223372036854775807, 0, 9223372036768430807
4, 2468, 0, 9223372036854775807, 0, 9223372036768395807
4, 2469, 0, 9223372036854775807, 0, 9223372036768360807
4, 247, 0, 9223372036854775807, 0, 9223372036846130807
4, 2470, 0, 9223372036854775807, 0, 9223372036768325807
4, 2471, 0, 9223372036854775807, 0, 9223372036768290807
4, 2472, 0, 9223372036854775807, 0, 9223372036768255807
4, 2473, 0, 9223372036854775807, 0, 9223372036768220807
4, 2474, 0, 9223372036854775807, 0, 9223372036768185807
4, 2475, 0, 9223372036854775807, 0, 9223372036768150807
4, 2476, 0, 9223372036854775807, 0, 9223372036768115807
4, 2477, 0, 9223372036854775807, 0, 9223372036768080807
4, 2478, 0, 9223372036854775807, 0, 9223372036768045807
4, 2479, 0, 9223372036854775807, 0, 9223372036768010807
4, 248, 0, 9223372036854775807, 0, 9223372036846095807
4, 2480, 0, 9223372036854775807, 0, 9223372036767975807
4, 2481, 0, 9223372036854775807, 0, 9223372036767940807
4, 2482, 0, 9223372036854775807, 0, 9223372036767905807
4, 2483, 0, 9223372036854775807, 0, 9223372036767870807
4, 2484, 0, 9223372036854775807, 0, 9223372036767835807
4, 2485, 0, 9223372036854775807, 0, 9223372036767800807
4, 2486, 0, 9223372036854775807, 0, 9223372036767765807
4, 2487, 0, 9223372036854775807, 0, 9223372036767730807
4, 2488, 0, 9223372036854775807, 0, 9223372036767695807
4, 2489, 0, 9223372036854775807, 0, 9223372036767660807
4, 249, 0, 9223372036854775807, 0, 9223372036846060807
4, 2490, 0, 9223372036854775807, 0, 9223372036767625807
4, 2491, 0, 9223372036854775807, 0, 9223372036767590807
4, 2492, 0, 9223372036854775807, 0, 9223372036767555807
4, 2493, 0, 9223372036854775807, 0, 9223372036767520807
4, 2494, 0, 9223372036854775807, 0, 9223372036767485807
4, 2495, 0, 9223372036854775807, 0, 9223372036767450807
4, 2496, 0, 9223372036854775807, 0, 9223372036767415807
4, 2497, 0, 9223372036854775807, 0, 9223372036767380807
4, 2498, 0, 9223372036854775807, 0, 9223372036767345807
4, 2499, 0, 9223372036854775807, 0, 9223372036767310807
4, 25, 0, 9223372036854775807, 0, 9223372036853900807
4, 250, 0, 9223372036854775807, 0, 9223372036846025807
4, 2500, 0, 9223372036854775807, 0, 9223372036767275807
4, 2501, 0, 9223372036854775807, 0, 9223372036767240807
4, 2502, 0, 9223372036854775807, 0, 9223372036767205807
4, 2503, 0, 9223372036854775807, 0, 9223372036767170807
4, 2504, 0, 9223372036854775807, 0, 9223372036767135807
4, 2505, 0, 9223372036854775807, 0, 9223372036767100807
4, 2506, 0, 9223372036854775807, 0, 9223372036767065807
4, 2507, 0, 9223372036854775807, 0, 9223372036767030807
4, 2508, 0, 9223372036854775807, 0, 9223372036766995807
4, 2509, 0, 9223372036854775807, 0, 9223372036766960807
4, 251, 0, 9223372036854775807, 0, 9223372036845990807
4, 2510, 0, 9223372036854775807, 0, 9223372036766925807
4, 2511, 0, 9223372036854775807, 0, 9223372036766890807
4, 2512, 0, 9223372036854775807, 0, 9223372036766855807
4, 2513, 0, 9223372036854775807, 0, 9223372036766820807
4, 2514, 0, 9223372036854775807, 0, 9223372036766785807
4, 2515, 0, 9223372036854775807, 0, 9223372036766750807
4, 2516, 0, 9223372036854775807, 0, 9223372036766715807
4, 2517, 0, 9223372036854775807, 0, 9223372036766680807
4, 2518, 0, 9223372036854775807, 0, 9223372036766645807
4, 2519, 0, 9223372036854775807, 0, 9223372036766610807
4, 252, 0, 9223372036854775807, 0, 9223372036845955807
4, 2520, 0, 9223372036854775807, 0, 9223372036766575807
4, 2521, 0, 9223372036854775807, 0, 9223372036766540807
4, 2522, 0, 9223372036854775807, 0, 9223372036766505807
4, 2523, 0, 9223372036854775807, 0, 9223372036766470807
4, 2524, 0, 9223372036854775807, 0, 9223372036766435807
4, 2525, 0, 9223372036854775807, 0, 9223372036766400807
4, 2526, 0, 9223372036854775807, 0, 9223372036766365807
4, 2527, 0, 9223372036854775807, 0, 9223372036766330807
4, 2528, 0, 9223372036854775807, 0, 9223372036766295807
4, 2529, 0, 9223372036854775807, 0, 9223372036766260807
4, 253, 0, 9223372036854775807, 0, 9223372036845920807
4, 2530, 0, 9223372036854775807, 0, 9223372036766225807
4, 2531, 0, 9223372036854775807, 0, 9223372036766190807
4, 2532, 0, 9223372036854775807, 0, 9223372036766155807
4, 2533, 0, 9223372036854775807, 0, 9223372036766120807
4, 2534, 0, 9223372036854775807, 0, 9223372036766085807
4, 2535, 0, 9223372036854775807, 0, 9223372036766050807
4, 2536, 0, 9223372036854775807, 0, 9223372036766015807
4, 2537, 0, 9223372036854775807, 0, 9223372036765980807
4, 2538, 0, 9223372036854775807, 0, 9223372036765945807
4, 2539, 0, 9223372036854775807, 0, 9223372036765910807
4, 254, 0, 9223372036854775807, 0, 9223372036845885807
4, 2540, 0, 9223372036854775807, 0, 9223372036765875807
4, 2541, 0, 9223372036854775807, 0, 9223372036765840807
4, 2542, 0, 9223372036854775807, 0, 9223372036765805807
4, 2543, 0, 9223372036854775807, 0, 9223372036765770807
4, 2544, 0, 9223372036854775807, 0, 9223372036765735807
4, 2545, 0, 9223372036854775807, 0, 9223372036765700807
4, 2546, 0, 9223372036854775807, 0, 9223372036765665807
4, 2547, 0, 9223372036854775807, 0, 9223372036765630807
4, 2548, 0, 9223372036854775807, 0, 9223372036765595807
4, 2549, 0, 9223372036854775807, 0, 9223372036765560807
4, 255, 0, 9223372036854775807, 0, 9223372036845850807
4, 2550, 0, 9223372036854775807, 0, 9223372036765525807
4, 2551, 0, 9223372036854775807, 0, 9223372036765490807
4, 2552, 0, 9223372036854775807, 0, 9223372036765455807
4, 2553, 0, 9223372036854775807, 0, 9223372036765420807
4, 2554, 0, 9223372036854775807, 0, 9223372036765385807
4, 2555, 0, 9223372036854775807, 0, 9223372036765350807
4, 2556, 0, 9223372036854775807, 0, 9223372036765315807
4, 2557, 0, 9223372036854775807, 0, 9223372036765280807
4, 2558, 0, 9223372036854775807, 0, 9223372036765245807
4, 2559, 0, 9223372036854775807, 0, 9223372036765210807
4, 256, 0, 9223372036854775807, 0, 9223372036845815807
4, 2560, 0, 9223372036854775807, 0, 9223372036765175807
4, 2561, 0, 9223372036854775807, 0, 9223372036765140807
4, 2562, 0, 9223372036854775807, 0, 9223372036765105807
4, 2563, 0, 9223372036854775807, 0, 9223372036765070807
4, 2564, 0, 9223372036854775807, 0, 9223372036765035807
4, 2565, 0, 9223372036854775807, 0, 9223372036765000807
4, 2566, 0, 9223372036854775807, 0, 9223372036764965807
4, 2567, 0, 9223372036854775807, 0, 9223372036764930807
4, 2568, 0, 9223372036854775807, 0, 9223372036764895807
4, 2569, 0, 9223372036854775807, 0, 9223372036764860807
4, 257, 0, 9223372036854775807, 0, 9223372036845780807
4, 2570, 0, 9223372036854775807, 0, 9223372036764825807
4, 2571, 0, 9223372036854775807, 0, 9223372036764790807
4, 2572, 0, 9223372036854775807, 0, 9223372036764755807
4, 2573, 0, 9223372036854775807, 0, 9223372036764720807
4, 2574, 0, 9223372036854775807, 0, 9223372036764685807
4, 2575, 0, 9223372036854775807, 0, 9223372036764650807
4, 2576, 0, 9223372036854775807, 0, 9223372036764615807
4, 2577, 0, 9223372036854775807, 0, 9223372036764580807
4, 2578, 0, 9223372036854775807, 0, 9223372036764545807
4, 2579, 0, 9223372036854775807, 0, 9223372036764510807
4, 258, 0, 9223372036854775807, 0, 9223372036845745807
4, 2580, 0, 9223372036854775807, 0, 9223372036764475807
4, 2581, 0, 9223372036854775807, 0, 9223372036764440807
4, 2582, 0, 9223372036854775807, 0, 9223372036764405807
4, 2583, 0, 9223372036854775807, 0, 9223372036764370807
4, 2584, 0, 9223372036854775807, 0, 9223372036764335807
4, 2585, 0, 9223372036854775807, 0, 9223372036764300807
4, 2586, 0, 9223372036854775807, 0, 9223372036764265807
4, 2587, 0, 9223372036854775807, 0, 9223372036764230807
4, 2588, 0, 9223372036854775807, 0, 9223372036764195807
4, 2589, 0, 9223372036854775807, 0, 9223372036764160807
4, 259, 0, 9223372036854775807, 0, 9223372036845710807
4, 2590, 0, 9223372036854775807, 0, 9223372036764125807
4, 2591, 0, 9223372036854775807, 0, 9223372036764090807
4, 2592, 0, 9223372036854775807, 0, 9223372036764055807
4, 2593, 0, 9223372036854775807, 0, 9223372036764020807
4, 2594, 0, 9223372036854775807, 0, 9223372036763985807
4, 2595, 0, 9223372036854775807, 0, 9223372036763950807
4, 2596, 0, 9223372036854775807, 0, 9223372036763915807
4, 2597, 0, 9223372036854775807, 0, 9223372036763880807
4, 2598, 0, 9223372036854775807, 0, 9223372036763845807
4, 2599, 0, 9223372036854775807, 0, 9223372036763810807
4, 26, 0, 9223372036854775807, 0, 9223372036853865807
4, 260, 0, 9223372036854775807, 0, 9223372036845675807
4, 2600, 0, 9223372036854775807, 0, 9223372036763775807
4, 2601, 0, 9223372036854775807, 0, 9223372036763740807
4, 2602, 0, 9223372036854775807, 0, 9223372036763705807
4, 2603, 0, 9223372036854775807, 0, 9223372036763670807
4, 2604, 0, 9223372036854775807, 0, 9223372036763635807
4, 2605, 0, 9223372036854775807, 0, 9223372036763600807
4, 2606, 0, 9223372036854775807, 0, 9223372036763565807
4, 2607, 0, 9223372036854775807, 0, 9223372036763530807
4, 2608, 0, 9223372036854775807, 0, 9223372036763495807
4, 2609, 0, 9223372036854775807, 0, 9223372036763460807
4, 261, 0, 9223372036854775807, 0, 9223372036845640807
4, 2610, 0, 9223372036854775807, 0, 9223372036763425807
4, 2611, 0, 9223372036854775807, 0, 9223372036763390807
4, 2612, 0, 9223372036854775807, 0, 9223372036763355807
4, 2613, 0, 9223372036854775807, 0, 9223372036763320807
4, 2614, 0, 9223372036854775807, 0, 9223372036763285807
4, 2615, 0, 9223372036854775807, 0, 9223372036763250807
4, 2616, 0, 9223372036854775807, 0, 9223372036763215807
4, 2617, 0, 9223372036854775807, 0, 9223372036763180807
4, 2618, 0, 9223372036854775807, 0, 9223372036763145807
4, 2619, 0, 9223372036854775807, 0, 9223372036763110807
4, 262, 0, 9223372036854775807, 0, 9223372036845605807
4, 2620, 0, 9223372036854775807, 0, 9223372036763075807
4, 2621, 0, 9223372036854775807, 0, 9223372036763040807
4, 2622, 0, 9223372036854775807, 0, 9223372036763005807
4, 2623, 0, 9223372036854775807, 0, 9223372036762970807
4, 2624, 0, 9223372036854775807, 0, 9223372036762935807
4, 2625, 0, 9223372036854775807, 0, 9223372036762900807
4, 2626, 0, 9223372036854775807, 0, 9223372036762865807
4, 2627, 0, 9223372036854775807, 0, 9223372036762830807
4, 2628, 0, 9223372036854775807, 0, 9223372036762795807
4, 2629, 0, 9223372036854775807, 0, 9223372036762760807
4, 263, 0, 9223372036854775807, 0, 9223372036845570807
4, 2630, 0, 9223372036854775807, 0, 9223372036762725807
4, 2631, 0, 9223372036854775807, 0, 9223372036762690807
4, 2632, 0, 9223372036854775807, 0, 9223372036762655807
4, 2633, 0, 9223372036854775807, 0, 9223372036762620807
4, 2634, 0, 9223372036854775807, 0, 9223372036762585807
4, 2635, 0, 9223372036854775807, 0, 9223372036762550807
4, 2636, 0, 9223372036854775807, 0, 9223372036762515807
4, 2637, 0, 9223372036854775807, 0, 9223372036762480807
4, 2638, 0, 9223372036854775807, 0, 9223372036762445807
4, 2639, 0, 9223372036854775807, 0, 9223372036762410807
4, 264, 0, 9223372036854775807, 0, 9223372036845535807
4, 2640, 0, 9223372036854775807, 0, 9223372036762375807
4, 2641, 0, 9223372036854775807, 0, 9223372036762340807
4, 2642, 0, 9223372036854775807, 0, 9223372036762305807
4, 2643, 0, 9223372036854775807, 0, 9223372036762270807
4, 2644, 0, 9223372036854775807, 0, 9223372036762235807
4, 2645, 0, 9223372036854775807, 0, 9223372036762200807
4, 2646, 0, 9223372036854775807, 0, 9223372036762165807
4, 2647, 0, 9223372036854775807, 0, 9223372036762130807
4, 2648, 0, 9223372036854775807, 0, 9223372036762095807
4, 2649, 0, 9223372036854775807, 0, 9223372036762060807
4, 265, 0, 9223372036854775807, 0, 9223372036845500807
4, 2650, 0, 9223372036854775807, 0, 9223372036762025807
4, 2651, 0, 9223372036854775807, 0, 9223372036761990807
4, 2652, 0, 9223372036854775807, 0, 9223372036761955807
4, 2653, 0, 9223372036854775807, 0, 9223372036761920807
4, 2654, 0, 9223372036854775807, 0, 9223372036761885807
4, 2655, 0, 9223372036854775807, 0, 9223372036761850807
4, 2656, 0, 9223372036854775807, 0, 9223372036761815807
4, 2657, 0, 9223372036854775807, 0, 9223372036761780807
4, 2658, 0, 9223372036854775807, 0, 9223372036761745807
4, 2659, 0, 9223372036854775807, 0, 9223372036761710807
4, 266, 0, 9223372036854775807, 0, 9223372036845465807
4, 2660, 0, 9223372036854775807, 0, 9223372036761675807
4, 2661, 0, 9223372036854775807, 0, 9223372036761640807
4, 2662, 0, 9223372036854775807, 0, 9223372036761605807
4, 2663, 0, 9223372036854775807, 0, 9223372036761570807
4, 2664, 0, 9223372036854775807, 0, 9223372036761535807
4, 2665, 0, 9223372036854775807, 0, 9223372036761500807
4, 2666, 0, 9223372036854775807, 0, 9223372036761465807
4, 2667, 0, 9223372036854775807, 0, 9223372036761430807
4, 2668, 0, 9223372036854775807, 0, 9223372036761395807
4, 2669, 0, 9223372036854775807, 0, 9223372036761360807
4, 267, 0, 9223372036854775807, 0, 9223372036845430807
4, 2670, 0, 9223372036854775807, 0, 9223372036761325807
4, 2671, 0, 9223372036854775807, 0, 9223372036761290807
4, 2672, 0, 9223372036854775807, 0, 9223372036761255807
4, 2673, 0, 9223372036854775807, 0, 9223372036761220807
4, 2674, 0, 9223372036854775807, 0, 9223372036761185807
4, 2675, 0, 9223372036854775807, 0, 9223372036761150807
4, 2676, 0, 9223372036854775807, 0, 9223372036761115807
4, 2677, 0, 9223372036854775807, 0, 9223372036761080807
4, 2678, 0, 9223372036854775807, 0, 9223372036761045807
4, 2679, 0, 9223372036854775807, 0, 9223372036761010807
4, 268, 0, 9223372036854775807, 0, 9223372036845395807
4, 2680, 0, 9223372036854775807, 0, 9223372036760975807
4, 2681, 0, 9223372036854775807, 0, 9223372036760940807
4, 2682, 0, 9223372036854775807, 0, 9223372036760905807
4, 2683, 0, 9223372036854775807, 0, 9223372036760870807
4, 2684, 0, 9223372036854775807, 0, 9223372036760835807
4, 2685, 0, 9223372036854775807, 0, 9223372036760800807
4, 2686, 0, 9223372036854775807, 0, 9223372036760765807
4, 2687, 0, 9223372036854775807, 0, 9223372036760730807
4, 2688, 0, 9223372036854775807, 0, 9223372036760695807
4, 2689, 0, 9223372036854775807, 0, 9223372036760660807
4, 269, 0, 9223372036854775807, 0, 9223372036845360807
4, 2690, 0, 9223372036854775807, 0, 9223372036760625807
4, 2691, 0, 9223372036854775807, 0, 9223372036760590807
4, 2692, 0, 9223372036854775807, 0, 9223372036760555807
4, 2693, 0, 9223372036854775807, 0, 9223372036760520807
4, 2694, 0, 9223372036854775807, 0, 9223372036760485807
4, 2695, 0, 9223372036854775807, 0, 9223372036760450807
4, 2696, 0, 9223372036854775807, 0, 9223372036760415807
4, 2697, 0, 9223372036854775807, 0, 9223372036760380807
4, 2698, 0, 9223372036854775807, 0, 9223372036760345807
4, 2699, 0, 9223372036854775807, 0, 9223372036760310807
4, 27, 0, 9223372036854775807, 0, 9223372036853830807
4, 270, 0, 9223372036854775807, 0, 9223372036845325807
4, 2700, 0, 9223372036854775807, 0, 9223372036760275807
4, 2701, 0, 9223372036854775807, 0, 9223372036760240807
4, 2702, 0, 9223372036854775807, 0, 9223372036760205807
4, 2703, 0, 9223372036854775807, 0, 9223372036760170807
4, 2704, 0, 9223372036854775807, 0, 9223372036760135807
4, 2705, 0, 9223372036854775807, 0, 9223372036760100807
4, 2706, 0, 9223372036854775807, 0, 9223372036760065807
4, 2707, 0, 9223372036854775807, 0, 9223372036760030807
4, 2708, 0, 9223372036854775807, 0, 9223372036759995807
4, 2709, 0, 9223372036854775807, 0, 9223372036759960807
4, 271, 0, 9223372036854775807, 0, 9223372036845290807
4, 2710, 0, 9223372036854775807, 0, 9223372036759925807
4, 2711, 0, 9223372036854775807, 0, 9223372036759890807
4, 2712, 0, 9223372036854775807, 0, 9223372036759855807
4, 2713, 0, 9223372036854775807, 0, 9223372036759820807
4, 2714, 0, 9223372036854775807, 0, 9223372036759785807
4, 2715, 0, 9223372036854775807, 0, 9223372036759750807
4, 2716, 0, 9223372036854775807, 0, 9223372036759715807
4, 2717, 0, 9223372036854775807, 0, 9223372036759680807
4, 2718, 0, 9223372036854775807, 0, 9223372036759645807
4, 2719, 0, 9223372036854775807, 0, 9223372036759610807
4, 272, 0, 9223372036854775807, 0, 9223372036845255807
4, 2720, 0, 9223372036854775807, 0, 9223372036759575807
4, 2721, 0, 9223372036854775807, 0, 9223372036759540807
4, 2722, 0, 9223372036854775807, 0, 9223372036759505807
4, 2723, 0, 9223372036854775807, 0, 9223372036759470807
4, 2724, 0, 9223372036854775807, 0, 9223372036759435807
4, 2725, 0, 9223372036854775807, 0, 9223372036759400807
4, 2726, 0, 9223372036854775807, 0, 9223372036759365807
4, 2727, 0, 9223372036854775807, 0, 9223372036759330807
4, 2728, 0, 9223372036854775807, 0, 9223372036759295807
4, 2729, 0, 9223372036854775807, 0, 9223372036759260807
4, 273, 0, 9223372036854775807, 0, 9223372036845220807
4, 2730, 0, 9223372036854775807, 0, 9223372036759225807
4, 2731, 0, 9223372036854775807, 0, 9223372036759190807
4, 2732, 0, 9223372036854775807, 0, 9223372036759155807
4, 2733, 0, 9223372036854775807, 0, 9223372036759120807
4, 2734, 0, 9223372036854775807, 0, 9223372036759085807
4, 2735, 0, 9223372036854775807, 0, 9223372036759050807
4, 2736, 0, 9223372036854775807, 0, 9223372036759015807
4, 2737, 0, 9223372036854775807, 0, 9223372036758980807
4, 2738, 0, 9223372036854775807, 0, 9223372036758945807
4, 2739, 0, 9223372036854775807, 0, 9223372036758910807
4, 274, 0, 9223372036854775807, 0, 9223372036845185807
4, 2740, 0, 9223372036854775807, 0, 9223372036758875807
4, 2741, 0, 9223372036854775807, 0, 9223372036758840807
4, 2742, 0, 9223372036854775807, 0, 9223372036758805807
4, 2743, 0, 9223372036854775807, 0, 9223372036758770807
4, 2744, 0, 9223372036854775807, 0, 9223372036758735807
4, 2745, 0, 9223372036854775807, 0, 9223372036758700807
4, 2746, 0, 9223372036854775807, 0, 9223372036758665807
4, 2747, 0, 9223372036854775807, 0, 9223372036758630807
4, 2748, 0, 9223372036854775807, 0, 9223372036758595807
4, 2749, 0, 9223372036854775807, 0, 9223372036758560807
4, 275, 0, 9223372036854775807, 0, 9223372036845150807
4, 2750, 0, 9223372036854775807, 0, 9223372036758525807
4, 2751, 0, 9223372036854775807, 0, 9223372036758490807
4, 2752, 0, 9223372036854775807, 0, 9223372036758455807
4, 2753, 0, 9223372036854775807, 0, 9223372036758420807
4, 2754, 0, 9223372036854775807, 0, 9223372036758385807
4, 2755, 0, 9223372036854775807, 0, 9223372036758350807
4, 2756, 0, 9223372036854775807, 0, 9223372036758315807
4, 2757, 0, 9223372036854775807, 0, 9223372036758280807
4, 2758, 0, 9223372036854775807, 0, 9223372036758245807
4, 2759, 0, 9223372036854775807, 0, 9223372036758210807
4, 276, 0, 9223372036854775807, 0, 9223372036845115807
4, 2760, 0, 9223372036854775807, 0, 9223372036758175807
4, 2761, 0, 9223372036854775807, 0, 9223372036758140807
4, 2762, 0, 9223372036854775807, 0, 9223372036758105807
4, 2763, 0, 9223372036854775807, 0, 9223372036758070807
4, 2764, 0, 9223372036854775807, 0, 9223372036758035807
4, 2765, 0, 9223372036854775807, 0, 9223372036758000807
4, 2766, 0, 9223372036854775807, 0, 9223372036757965807
4, 2767, 0, 9223372036854775807, 0, 9223372036757930807
4, 2768, 0, 9223372036854775807, 0, 9223372036757895807
4, 2769, 0, 9223372036854775807, 0, 9223372036757860807
4, 277, 0, 9223372036854775807, 0, 9223372036845080807
4, 2770, 0, 9223372036854775807, 0, 9223372036757825807
4, 2771, 0, 9223372036854775807, 0, 9223372036757790807
4, 2772, 0, 9223372036854775807, 0, 9223372036757755807
4, 2773, 0, 9223372036854775807, 0, 9223372036757720807
4, 2774, 0, 9223372036854775807, 0, 9223372036757685807
4, 2775, 0, 9223372036854775807, 0, 9223372036757650807
4, 2776, 0, 9223372036854775807, 0, 9223372036757615807
4, 2777, 0, 9223372036854775807, 0, 9223372036757580807
4, 2778, 0, 9223372036854775807, 0, 9223372036757545807
4, 2779, 0, 9223372036854775807, 0, 9223372036757510807
4, 278, 0, 9223372036854775807, 0, 9223372036845045807
4, 2780, 0, 9223372036854775807, 0, 9223372036757475807
4, 2781, 0, 9223372036854775807, 0, 9223372036757440807
4, 2782, 0, 9223372036854775807, 0, 9223372036757405807
4, 2783, 0, 9223372036854775807, 0, 9223372036757370807
4, 2784, 0, 9223372036854775807, 0, 9223372036757335807
4, 2785, 0, 9223372036854775807, 0, 9223372036757300807
4, 2786, 0, 9223372036854775807, 0, 9223372036757265807
4, 2787, 0, 9223372036854775807, 0, 9223372036757230807
4, 2788, 0, 9223372036854775807, 0, 9223372036757195807
4, 2789, 0, 9223372036854775807, 0, 9223372036757160807
4, 279, 0, 9223372036854775807, 0, 9223372036845010807
4, 2790, 0, 9223372036854775807, 0, 9223372036757125807
4, 2791, 0, 9223372036854775807, 0, 9223372036757090807
4, 2792, 0, 9223372036854775807, 0, 9223372036757055807
4, 2793, 0, 9223372036854775807, 0, 9223372036757020807
4, 2794, 0, 9223372036854775807, 0, 9223372036756985807
4, 2795, 0, 9223372036854775807, 0, 9223372036756950807
4, 2796, 0, 9223372036854775807, 0, 9223372036756915807
4, 2797, 0, 9223372036854775807, 0, 9223372036756880807
4, 2798, 0, 9223372036854775807, 0, 9223372036756845807
4, 2799, 0, 9223372036854775807, 0, 9223372036756810807
4, 28, 0, 9223372036854775807, 0, 9223372036853795807
4, 280, 0, 9223372036854775807, 0, 9223372036844975807
4, 2800, 0, 9223372036854775807, 0, 9223372036756775807
4, 2801, 0, 9223372036854775807, 0, 9223372036756740807
4, 2802, 0, 9223372036854775807, 0, 9223372036756705807
4, 2803, 0, 9223372036854775807, 0, 9223372036756670807
4, 2804, 0, 9223372036854775807, 0, 9223372036756635807
4, 2805, 0, 9223372036854775807, 0, 9223372036756600807
4, 2806, 0, 9223372036854775807, 0, 9223372036756565807
4, 2807, 0, 9223372036854775807, 0, 9223372036756530807
4, 2808, 0, 9223372036854775807, 0, 9223372036756495807
4, 2809, 0, 9223372036854775807, 0, 9223372036756460807
4, 281, 0, 9223372036854775807, 0, 9223372036844940807
4, 2810, 0, 9223372036854775807, 0, 9223372036756425807
4, 2811, 0, 9223372036854775807, 0, 9223372036756390807
4, 2812, 0, 9223372036854775807, 0, 9223372036756355807
4, 2813, 0, 9223372036854775807, 0, 9223372036756320807
4, 2814, 0, 9223372036854775807, 0, 9223372036756285807
4, 2815, 0, 9223372036854775807, 0, 9223372036756250807
4, 2816, 0, 9223372036854775807, 0, 9223372036756215807
4, 2817, 0, 9223372036854775807, 0, 9223372036756180807
4, 2818, 0, 9223372036854775807, 0, 9223372036756145807
4, 2819, 0, 9223372036854775807, 0, 9223372036756110807
4, 282, 0, 9223372036854775807, 0, 9223372036844905807
4, 2820, 0, 9223372036854775807, 0, 9223372036756075807
4, 2821, 0, 9223372036854775807, 0, 9223372036756040807
4, 2822, 0, 9223372036854775807, 0, 9223372036756005807
4, 2823, 0, 9223372036854775807, 0, 9223372036755970807
4, 2824, 0, 9223372036854775807, 0, 9223372036755935807
4, 2825, 0, 9223372036854775807, 0, 9223372036755900807
4, 2826, 0, 9223372036854775807, 0, 9223372036755865807
4, 2827, 0, 9223372036854775807, 0, 9223372036755830807
4, 2828, 0, 9223372036854775807, 0, 9223372036755795807
4, 2829, 0, 9223372036854775807, 0, 9223372036755760807
4, 283, 0, 9223372036854775807, 0, 9223372036844870807
4, 2830, 0, 9223372036854775807, 0, 9223372036755725807
4, 2831, 0, 9223372036854775807, 0, 9223372036755690807
4, 2832, 0, 9223372036854775807, 0, 9223372036755655807
4, 2833, 0, 9223372036854775807, 0, 9223372036755620807
4, 2834, 0, 9223372036854775807, 0, 9223372036755585807
4, 2835, 0, 9223372036854775807, 0, 9223372036755550807
4, 2836, 0, 9223372036854775807, 0, 9223372036755515807
4, 2837, 0, 9223372036854775807, 0, 9223372036755480807
4, 2838, 0, 9223372036854775807, 0, 9223372036755445807
4, 2839, 0, 9223372036854775807, 0, 9223372036755410807
4, 284, 0, 9223372036854775807, 0, 9223372036844835807
4, 2840, 0, 9223372036854775807, 0, 9223372036755375807
4, 2841, 0, 9223372036854775807, 0, 9223372036755340807
4, 2842, 0, 9223372036854775807, 0, 9223372036755305807
4, 2843, 0, 9223372036854775807, 0, 9223372036755270807
4, 2844, 0, 9223372036854775807, 0, 9223372036755235807
4, 2845, 0, 9223372036854775807, 0, 9223372036755200807
4, 2846, 0, 9223372036854775807, 0, 9223372036755165807
4, 2847, 0, 9223372036854775807, 0, 9223372036755130807
4, 2848, 0, 9223372036854775807, 0, 9223372036755095807
4, 2849, 0, 9223372036854775807, 0, 9223372036755060807
4, 285, 0, 9223372036854775807, 0, 9223372036844800807
4, 2850, 0, 9223372036854775807, 0, 9223372036755025807
4, 2851, 0, 9223372036854775807, 0, 9223372036754990807
4, 2852, 0, 9223372036854775807, 0, 9223372036754955807
4, 2853, 0, 9223372036854775807, 0, 9223372036754920807
4, 2854, 0, 9223372036854775807, 0, 9223372036754885807
4, 2855, 0, 9223372036854775807, 0, 9223372036754850807
4, 2856, 0, 9223372036854775807, 0, 9223372036754815807
4, 2857, 0, 9223372036854775807, 0, 9223372036754780807
4, 2858, 0, 9223372036854775807, 0, 9223372036754745807
4, 2859, 0, 9223372036854775807, 0, 9223372036754710807
4, 286, 0, 9223372036854775807, 0, 9223372036844765807
4, 2860, 0, 9223372036854775807, 0, 9223372036754675807
4, 2861, 0, 9223372036854775807, 0, 9223372036754640807
4, 2862, 0, 9223372036854775807, 0, 9223372036754605807
4, 2863, 0, 9223372036854775807, 0, 9223372036754570807
4, 2864, 0, 9223372036854775807, 0, 9223372036754535807
4, 2865, 0, 9223372036854775807, 0, 9223372036754500807
4, 2866, 0, 9223372036854775807, 0, 9223372036754465807
4, 2867, 0, 9223372036854775807, 0, 9223372036754430807
4, 2868, 0, 9223372036854775807, 0, 9223372036754395807
4, 2869, 0, 9223372036854775807, 0, 9223372036754360807
4, 287, 0, 9223372036854775807, 0, 9223372036844730807
4, 2870, 0, 9223372036854775807, 0, 9223372036754325807
4, 2871, 0, 9223372036854775807, 0, 9223372036754290807
4, 2872, 0, 9223372036854775807, 0, 9223372036754255807
4, 2873, 0, 9223372036854775807, 0, 9223372036754220807
4, 2874, 0, 9223372036854775807, 0, 9223372036754185807
4, 2875, 0, 9223372036854775807, 0, 9223372036754150807
4, 2876, 0, 9223372036854775807, 0, 9223372036754115807
4, 2877, 0, 9223372036854775807, 0, 9223372036754080807
4, 2878, 0, 9223372036854775807, 0, 9223372036754045807
4, 2879, 0, 9223372036854775807, 0, 9223372036754010807
4, 288, 0, 9223372036854775807, 0, 9223372036844695807
4, 2880, 0, 9223372036854775807, 0, 9223372036753975807
4, 2881, 0, 9223372036854775807, 0, 9223372036753940807
4, 2882, 0, 9223372036854775807, 0, 9223372036753905807
4, 2883, 0, 9223372036854775807, 0, 9223372036753870807
4, 2884, 0, 9223372036854775807, 0, 9223372036753835807
4, 2885, 0, 9223372036854775807, 0, 9223372036753800807
4, 2886, 0, 9223372036854775807, 0, 9223372036753765807
4, 2887, 0, 9223372036854775807, 0, 9223372036753730807
4, 2888, 0, 9223372036854775807, 0, 9223372036753695807
4, 2889, 0, 9223372036854775807, 0, 9223372036753660807
4, 289, 0, 9223372036854775807, 0, 9223372036844660807
4, 2890, 0, 9223372036854775807, 0, 9223372036753625807
4, 2891, 0, 9223372036854775807, 0, 9223372036753590807
4, 2892, 0, 9223372036854775807, 0, 9223372036753555807
4, 2893, 0, 9223372036854775807, 0, 9223372036753520807
4, 2894, 0, 9223372036854775807, 0, 9223372036753485807
4, 2895, 0, 9223372036854775807, 0, 9223372036753450807
4, 2896, 0, 9223372036854775807, 0, 9223372036753415807
4, 2897, 0, 9223372036854775807, 0, 9223372036753380807
4, 2898, 0, 9223372036854775807, 0, 9223372036753345807
4, 2899, 0, 9223372036854775807, 0, 9223372036753310807
4, 29, 0, 9223372036854775807, 0, 9223372036853760807
4, 290, 0, 9223372036854775807, 0, 9223372036844625807
4, 2900, 0, 9223372036854775807, 0, 9223372036753275807
4, 2901, 0, 9223372036854775807, 0, 9223372036753240807
4, 2902, 0, 9223372036854775807, 0, 9223372036753205807
4, 2903, 0, 9223372036854775807, 0, 9223372036753170807
4, 2904, 0, 9223372036854775807, 0, 9223372036753135807
4, 2905, 0, 9223372036854775807, 0, 9223372036753100807
4, 2906, 0, 9223372036854775807, 0, 9223372036753065807
4, 2907, 0, 9223372036854775807, 0, 9223372036753030807
4, 2908, 0, 9223372036854775807, 0, 9223372036752995807
4, 2909, 0, 9223372036854775807, 0, 9223372036752960807
4, 291, 0, 9223372036854775807, 0, 9223372036844590807
4, 2910, 0, 9223372036854775807, 0, 9223372036752925807
4, 2911, 0, 9223372036854775807, 0, 9223372036752890807
4, 2912, 0, 9223372036854775807, 0, 9223372036752855807
4, 2913, 0, 9223372036854775807, 0, 9223372036752820807
4, 2914, 0, 9223372036854775807, 0, 9223372036752785807
4, 2915, 0, 9223372036854775807, 0, 9223372036752750807
4, 2916, 0, 9223372036854775807, 0, 9223372036752715807
4, 2917, 0, 9223372036854775807, 0, 9223372036752680807
4, 2918, 0, 9223372036854775807, 0, 9223372036752645807
4, 2919, 0, 9223372036854775807, 0, 9223372036752610807
4, 292, 0, 9223372036854775807, 0, 9223372036844555807
4, 2920, 0, 9223372036854775807, 0, 9223372036752575807
4, 2921, 0, 9223372036854775807, 0, 9223372036752540807
4, 2922, 0, 9223372036854775807, 0, 9223372036752505807
4, 2923, 0, 9223372036854775807, 0, 9223372036752470807
4, 2924, 0, 9223372036854775807, 0, 9223372036752435807
4, 2925, 0, 9223372036854775807, 0, 9223372036752400807
4, 2926, 0, 9223372036854775807, 0, 9223372036752365807
4, 2927, 0, 9223372036854775807, 0, 9223372036752330807
4, 2928, 0, 9223372036854775807, 0, 9223372036752295807
4, 2929, 0, 9223372036854775807, 0, 9223372036752260807
4, 293, 0, 9223372036854775807, 0, 9223372036844520807
4, 2930, 0, 9223372036854775807, 0, 9223372036752225807
4, 2931, 0, 9223372036854775807, 0, 9223372036752190807
4, 2932, 0, 9223372036854775807, 0, 9223372036752155807
4, 2933, 0, 9223372036854775807, 0, 9223372036752120807
4, 2934, 0, 9223372036854775807, 0, 9223372036752085807
4, 2935, 0, 9223372036854775807, 0, 9223372036752050807
4, 2936, 0, 9223372036854775807, 0, 9223372036752015807
4, 2937, 0, 9223372036854775807, 0, 9223372036751980807
4, 2938, 0, 9223372036854775807, 0, 9223372036751945807
4, 2939, 0, 9223372036854775807, 0, 9223372036751910807
4, 294, 0, 9223372036854775807, 0, 9223372036844485807
4, 2940, 0, 9223372036854775807, 0, 9223372036751875807
4, 2941, 0, 9223372036854775807, 0, 9223372036751840807
4, 2942, 0, 9223372036854775807, 0, 9223372036751805807
4, 2943, 0, 9223372036854775807, 0, 9223372036751770807
4, 2944, 0, 9223372036854775807, 0, 9223372036751735807
4, 2945, 0, 9223372036854775807, 0, 9223372036751700807
4, 2946, 0, 9223372036854775807, 0, 9223372036751665807
4, 2947, 0, 9223372036854775807, 0, 9223372036751630807
4, 2948, 0, 9223372036854775807, 0, 9223372036751595807
4, 2949, 0, 9223372036854775807, 0, 9223372036751560807
4, 295, 0, 9223372036854775807, 0, 9223372036844450807
4, 2950, 0, 9223372036854775807, 0, 9223372036751525807
4, 2951, 0, 9223372036854775807, 0, 9223372036751490807
4, 2952, 0, 9223372036854775807, 0, 9223372036751455807
4, 2953, 0, 9223372036854775807, 0, 9223372036751420807
4, 2954, 0, 9223372036854775807, 0, 9223372036751385807
4, 2955, 0, 9223372036854775807, 0, 9223372036751350807
4, 2956, 0, 9223372036854775807, 0, 9223372036751315807
4, 2957, 0, 9223372036854775807, 0, 9223372036751280807
4, 2958, 0, 9223372036854775807, 0, 9223372036751245807
4, 2959, 0, 9223372036854775807, 0, 9223372036751210807
4, 296, 0, 9223372036854775807, 0, 9223372036844415807
4, 2960, 0, 9223372036854775807, 0, 9223372036751175807
4, 2961, 0, 9223372036854775807, 0, 9223372036751140807
4, 2962, 0, 9223372036854775807, 0, 9223372036751105807
4, 2963, 0, 9223372036854775807, 0, 9223372036751070807
4, 2964, 0, 9223372036854775807, 0, 9223372036751035807
4, 2965, 0, 9223372036854775807, 0, 9223372036751000807
4, 2966, 0, 9223372036854775807, 0, 9223372036750965807
4, 2967, 0, 9223372036854775807, 0, 9223372036750930807
4, 2968, 0, 9223372036854775807, 0, 9223372036750895807
4, 2969, 0, 9223372036854775807, 0, 9223372036750860807
4, 297, 0, 9223372036854775807, 0, 9223372036844380807
4, 2970, 0, 9223372036854775807, 0, 9223372036750825807
4, 2971, 0, 9223372036854775807, 0, 9223372036750790807
4, 2972, 0, 9223372036854775807, 0, 9223372036750755807
4, 2973, 0, 9223372036854775807, 0, 9223372036750720807
4, 2974, 0, 9223372036854775807, 0, 9223372036750685807
4, 2975, 0, 9223372036854775807, 0, 9223372036750650807
4, 2976, 0, 9223372036854775807, 0, 9223372036750615807
4, 2977, 0, 9223372036854775807, 0, 9223372036750580807
4, 2978, 0, 9223372036854775807, 0, 9223372036750545807
4, 2979, 0, 9223372036854775807, 0, 9223372036750510807
4, 298, 0, 9223372036854775807, 0, 9223372036844345807
4, 2980, 0, 9223372036854775807, 0, 9223372036750475807
4, 2981, 0, 9223372036854775807, 0, 9223372036750440807
4, 2982, 0, 9223372036854775807, 0, 9223372036750405807
4, 2983, 0, 9223372036854775807, 0, 9223372036750370807
4, 2984, 0, 9223372036854775807, 0, 9223372036750335807
4, 2985, 0, 9223372036854775807, 0, 9223372036750300807
4, 2986, 0, 9223372036854775807, 0, 9223372036750265807
4, 2987, 0, 9223372036854775807, 0, 9223372036750230807
4, 2988, 0, 9223372036854775807, 0, 9223372036750195807
4, 2989, 0, 9223372036854775807, 0, 9223372036750160807
4, 299, 0, 9223372036854775807, 0, 9223372036844310807
4, 2990, 0, 9223372036854775807, 0, 9223372036750125807
4, 2991, 0, 9223372036854775807, 0, 9223372036750090807
4, 2992, 0, 9223372036854775807, 0, 9223372036750055807
4, 2993, 0, 9223372036854775807, 0, 9223372036750020807
4, 2994, 0, 9223372036854775807, 0, 9223372036749985807
4, 2995, 0, 9223372036854775807, 0, 9223372036749950807
4, 2996, 0, 9223372036854775807, 0, 9223372036749915807
4, 2997, 0, 9223372036854775807, 0, 9223372036749880807
4, 2998, 0, 9223372036854775807, 0, 9223372036749845807
4, 2999, 0, 9223372036854775807, 0, 9223372036749810807
4, 3, 0, 9223372036854775807, 0, 9223372036854670807
4, 30, 0, 9223372036854775807, 0, 9223372036853725807
4, 300, 0, 9223372036854775807, 0, 9223372036844275807
4, 3000, 0, 9223372036854775807, 0, 9223372036749775807
4, 3001, 0, 9223372036854775807, 0, 9223372036749740807
4, 3002, 0, 9223372036854775807, 0, 9223372036749705807
4, 3003, 0, 9223372036854775807, 0, 9223372036749670807
4, 3004, 0, 9223372036854775807, 0, 9223372036749635807
4, 3005, 0, 9223372036854775807, 0, 9223372036749600807
4, 3006, 0, 9223372036854775807, 0, 9223372036749565807
4, 3007, 0, 9223372036854775807, 0, 9223372036749530807
4, 3008, 0, 9223372036854775807, 0, 9223372036749495807
4, 3009, 0, 9223372036854775807, 0, 9223372036749460807
4, 301, 0, 9223372036854775807, 0, 9223372036844240807
4, 3010, 0, 9223372036854775807, 0, 9223372036749425807
4, 3011, 0, 9223372036854775807, 0, 9223372036749390807
4, 3012, 0, 9223372036854775807, 0, 9223372036749355807
4, 3013, 0, 9223372036854775807, 0, 9223372036749320807
4, 3014, 0, 9223372036854775807, 0, 9223372036749285807
4, 3015, 0, 9223372036854775807, 0, 9223372036749250807
4, 3016, 0, 9223372036854775807, 0, 9223372036749215807
4, 3017, 0, 9223372036854775807, 0, 9223372036749180807
4, 3018, 0, 9223372036854775807, 0, 9223372036749145807
4, 3019, 0, 9223372036854775807, 0, 9223372036749110807
4, 302, 0, 9223372036854775807, 0, 9223372036844205807
4, 3020, 0, 9223372036854775807, 0, 9223372036749075807
4, 3021, 0, 9223372036854775807, 0, 9223372036749040807
4, 3022, 0, 9223372036854775807, 0, 9223372036749005807
4, 3023, 0, 9223372036854775807, 0, 9223372036748970807
4, 3024, 0, 9223372036854775807, 0, 9223372036748935807
4, 3025, 0, 9223372036854775807, 0, 9223372036748900807
4, 3026, 0, 9223372036854775807, 0, 9223372036748865807
4, 3027, 0, 9223372036854775807, 0, 9223372036748830807
4, 3028, 0, 9223372036854775807, 0, 9223372036748795807
4, 3029, 0, 9223372036854775807, 0, 9223372036748760807
4, 303, 0, 9223372036854775807, 0, 9223372036844170807
4, 3030, 0, 9223372036854775807, 0, 9223372036748725807
4, 3031, 0, 9223372036854775807, 0, 9223372036748690807
4, 3032, 0, 9223372036854775807, 0, 9223372036748655807
4, 3033, 0, 9223372036854775807, 0, 9223372036748620807
4, 3034, 0, 9223372036854775807, 0, 9223372036748585807
4, 3035, 0, 9223372036854775807, 0, 9223372036748550807
4, 3036, 0, 9223372036854775807, 0, 9223372036748515807
4, 3037, 0, 9223372036854775807, 0, 9223372036748480807
4, 3038, 0, 9223372036854775807, 0, 9223372036748445807
4, 3039, 0, 9223372036854775807, 0, 9223372036748410807
4, 304, 0, 9223372036854775807, 0, 9223372036844135807
4, 3040, 0, 9223372036854775807, 0, 9223372036748375807
4, 3041, 0, 9223372036854775807, 0, 9223372036748340807
4, 3042, 0, 9223372036854775807, 0, 9223372036748305807
4, 3043, 0, 9223372036854775807, 0, 9223372036748270807
4, 3044, 0, 9223372036854775807, 0, 9223372036748235807
4, 3045, 0, 9223372036854775807, 0, 9223372036748200807
4, 3046, 0, 9223372036854775807, 0, 9223372036748165807
4, 3047, 0, 9223372036854775807, 0, 9223372036748130807
4, 3048, 0, 9223372036854775807, 0, 9223372036748095807
4, 3049, 0, 9223372036854775807, 0, 9223372036748060807
4, 305, 0, 9223372036854775807, 0, 9223372036844100807
4, 3050, 0, 9223372036854775807, 0, 9223372036748025807
4, 3051, 0, 9223372036854775807, 0, 9223372036747990807
4, 3052, 0, 9223372036854775807, 0, 9223372036747955807
4, 3053, 0, 9223372036854775807, 0, 9223372036747920807
4, 3054, 0, 9223372036854775807, 0, 9223372036747885807
4, 3055, 0, 9223372036854775807, 0, 9223372036747850807
4, 3056, 0, 9223372036854775807, 0, 9223372036747815807
4, 3057, 0, 9223372036854775807, 0, 9223372036747780807
4, 3058, 0, 9223372036854775807, 0, 9223372036747745807
4, 3059, 0, 9223372036854775807, 0, 9223372036747710807
4, 306, 0, 9223372036854775807, 0, 9223372036844065807
4, 3060, 0, 9223372036854775807, 0, 9223372036747675807
4, 3061, 0, 9223372036854775807, 0, 9223372036747640807
4, 3062, 0, 9223372036854775807, 0, 9223372036747605807
4, 3063, 0, 9223372036854775807, 0, 9223372036747570807
4, 3064, 0, 9223372036854775807, 0, 9223372036747535807
4, 3065, 0, 9223372036854775807, 0, 9223372036747500807
4, 3066, 0, 9223372036854775807, 0, 9223372036747465807
4, 3067, 0, 9223372036854775807, 0, 9223372036747430807
4, 3068, 0, 9223372036854775807, 0, 9223372036747395807
4, 3069, 0, 9223372036854775807, 0, 9223372036747360807
4, 307, 0, 9223372036854775807, 0, 9223372036844030807
4, 3070, 0, 9223372036854775807, 0, 9223372036747325807
4, 3071, 0, 9223372036854775807, 0, 9223372036747290807
4, 3072, 0, 9223372036854775807, 0, 9223372036747255807
4, 3073, 0, 9223372036854775807, 0, 9223372036747220807
4, 3074, 0, 9223372036854775807, 0, 9223372036747185807
4, 3075, 0, 9223372036854775807, 0, 9223372036747150807
4, 3076, 0, 9223372036854775807, 0, 9223372036747115807
4, 3077, 0, 9223372036854775807, 0, 9223372036747080807
4, 3078, 0, 9223372036854775807, 0, 9223372036747045807
4, 3079, 0, 9223372036854775807, 0, 9223372036747010807
4, 308, 0, 9223372036854775807, 0, 9223372036843995807
4, 3080, 0, 9223372036854775807, 0, 9223372036746975807
4, 3081, 0, 9223372036854775807, 0, 9223372036746940807
4, 3082, 0, 9223372036854775807, 0, 9223372036746905807
4, 3083, 0, 9223372036854775807, 0, 9223372036746870807
4, 3084, 0, 9223372036854775807, 0, 9223372036746835807
4, 3085, 0, 9223372036854775807, 0, 9223372036746800807
4, 3086, 0, 9223372036854775807, 0, 9223372036746765807
4, 3087, 0, 9223372036854775807, 0, 9223372036746730807
4, 3088, 0, 9223372036854775807, 0, 9223372036746695807
4, 3089, 0, 9223372036854775807, 0, 9223372036746660807
4, 309, 0, 9223372036854775807, 0, 9223372036843960807
4, 3090, 0, 9223372036854775807, 0, 9223372036746625807
4, 3091, 0, 9223372036854775807, 0, 9223372036746590807
4, 3092, 0, 9223372036854775807, 0, 9223372036746555807
4, 3093, 0, 9223372036854775807, 0, 9223372036746520807
4, 3094, 0, 9223372036854775807, 0, 9223372036746485807
4, 3095, 0, 9223372036854775807, 0, 9223372036746450807
4, 3096, 0, 9223372036854775807, 0, 9223372036746415807
4, 3097, 0, 9223372036854775807, 0, 9223372036746380807
4, 3098, 0, 9223372036854775807, 0, 9223372036746345807
4, 3099, 0, 9223372036854775807, 0, 9223372036746310807
4, 31, 0, 9223372036854775807, 0, 9223372036853690807
4, 310, 0, 9223372036854775807, 0, 9223372036843925807
4, 3100, 0, 9223372036854775807, 0, 9223372036746275807
4, 3101, 0, 9223372036854775807, 0, 9223372036746240807
4, 3102, 0, 9223372036854775807, 0, 9223372036746205807
4, 3103, 0, 9223372036854775807, 0, 9223372036746170807
4, 3104, 0, 9223372036854775807, 0, 9223372036746135807
4, 3105, 0, 9223372036854775807, 0, 9223372036746100807
4, 3106, 0, 9223372036854775807, 0, 9223372036746065807
4, 3107, 0, 9223372036854775807, 0, 9223372036746030807
4, 3108, 0, 9223372036854775807, 0, 9223372036745995807
4, 3109, 0, 9223372036854775807, 0, 9223372036745960807
4, 311, 0, 9223372036854775807, 0, 9223372036843890807
4, 3110, 0, 9223372036854775807, 0, 9223372036745925807
4, 3111, 0, 9223372036854775807, 0, 9223372036745890807
4, 3112, 0, 9223372036854775807, 0, 9223372036745855807
4, 3113, 0, 9223372036854775807, 0, 9223372036745820807
4, 3114, 0, 9223372036854775807, 0, 9223372036745785807
4, 3115, 0, 9223372036854775807, 0, 9223372036745750807
4, 3116, 0, 9223372036854775807, 0, 9223372036745715807
4, 3117, 0, 9223372036854775807, 0, 9223372036745680807
4, 3118, 0, 9223372036854775807, 0, 9223372036745645807
4, 3119, 0, 9223372036854775807, 0, 9223372036745610807
4, 312, 0, 9223372036854775807, 0, 9223372036843855807
4, 3120, 0, 9223372036854775807, 0, 9223372036745575807
4, 3121, 0, 9223372036854775807, 0, 9223372036745540807
4, 3122, 0, 9223372036854775807, 0, 9223372036745505807
4, 3123, 0, 9223372036854775807, 0, 9223372036745470807
4, 3124, 0, 9223372036854775807, 0, 9223372036745435807
4, 3125, 0, 9223372036854775807, 0, 9223372036745400807
4, 3126, 0, 9223372036854775807, 0, 9223372036745365807
4, 3127, 0, 9223372036854775807, 0, 9223372036745330807
4, 3128, 0, 9223372036854775807, 0, 9223372036745295807
4, 3129, 0, 9223372036854775807, 0, 9223372036745260807
4, 313, 0, 9223372036854775807, 0, 9223372036843820807
4, 3130, 0, 9223372036854775807, 0, 9223372036745225807
4, 3131, 0, 9223372036854775807, 0, 9223372036745190807
4, 3132, 0, 9223372036854775807, 0, 9223372036745155807
4, 3133, 0, 9223372036854775807, 0, 9223372036745120807
4, 3134, 0, 9223372036854775807, 0, 9223372036745085807
4, 3135, 0, 9223372036854775807, 0, 9223372036745050807
4, 3136, 0, 9223372036854775807, 0, 9223372036745015807
4, 3137, 0, 9223372036854775807, 0, 9223372036744980807
4, 3138, 0, 9223372036854775807, 0, 9223372036744945807
4, 3139, 0, 9223372036854775807, 0, 9223372036744910807
4, 314, 0, 9223372036854775807, 0, 9223372036843785807
4, 3140, 0, 9223372036854775807, 0, 9223372036744875807
4, 3141, 0, 9223372036854775807, 0, 9223372036744840807
4, 3142, 0, 9223372036854775807, 0, 9223372036744805807
4, 3143, 0, 9223372036854775807, 0, 9223372036744770807
4, 3144, 0, 9223372036854775807, 0, 9223372036744735807
4, 3145, 0, 9223372036854775807, 0, 9223372036744700807
4, 3146, 0, 9223372036854775807, 0, 9223372036744665807
4, 3147, 0, 9223372036854775807, 0, 9223372036744630807
4, 3148, 0, 9223372036854775807, 0, 9223372036744595807
4, 3149, 0, 9223372036854775807, 0, 9223372036744560807
4, 315, 0, 9223372036854775807, 0, 9223372036843750807
4, 3150, 0, 9223372036854775807, 0, 9223372036744525807
4, 3151, 0, 9223372036854775807, 0, 9223372036744490807
4, 3152, 0, 9223372036854775807, 0, 9223372036744455807
4, 3153, 0, 9223372036854775807, 0, 9223372036744420807
4, 3154, 0, 9223372036854775807, 0, 9223372036744385807
4, 3155, 0, 9223372036854775807, 0, 9223372036744350807
4, 3156, 0, 9223372036854775807, 0, 9223372036744315807
4, 3157, 0, 9223372036854775807, 0, 9223372036744280807
4, 3158, 0, 9223372036854775807, 0, 9223372036744245807
4, 3159, 0, 9223372036854775807, 0, 9223372036744210807
4, 316, 0, 9223372036854775807, 0, 9223372036843715807
4, 3160, 0, 9223372036854775807, 0, 9223372036744175807
4, 3161, 0, 9223372036854775807, 0, 9223372036744140807
4, 3162, 0, 9223372036854775807, 0, 9223372036744105807
4, 3163, 0, 9223372036854775807, 0, 9223372036744070807
4, 3164, 0, 9223372036854775807, 0, 9223372036744035807
4, 3165, 0, 9223372036854775807, 0, 9223372036744000807
4, 3166, 0, 9223372036854775807, 0, 9223372036743965807
4, 3167, 0, 9223372036854775807, 0, 9223372036743930807
4, 3168, 0, 9223372036854775807, 0, 9223372036743895807
4, 3169, 0, 9223372036854775807, 0, 9223372036743860807
4, 317, 0, 9223372036854775807, 0, 9223372036843680807
4, 3170, 0, 9223372036854775807, 0, 9223372036743825807
4, 3171, 0, 9223372036854775807, 0, 9223372036743790807
4, 3172, 0, 9223372036854775807, 0, 9223372036743755807
4, 3173, 0, 9223372036854775807, 0, 9223372036743720807
4, 3174, 0, 9223372036854775807, 0, 9223372036743685807
4, 3175, 0, 9223372036854775807, 0, 9223372036743650807
4, 3176, 0, 9223372036854775807, 0, 9223372036743615807
4, 3177, 0, 9223372036854775807, 0, 9223372036743580807
4, 3178, 0, 9223372036854775807, 0, 9223372036743545807
4, 3179, 0, 9223372036854775807, 0, 9223372036743510807
4, 318, 0, 9223372036854775807, 0, 9223372036843645807
4, 3180, 0, 9223372036854775807, 0, 9223372036743475807
4, 3181, 0, 9223372036854775807, 0, 9223372036743440807
4, 3182, 0, 9223372036854775807, 0, 9223372036743405807
4, 3183, 0, 9223372036854775807, 0, 9223372036743370807
4, 3184, 0, 9223372036854775807, 0, 9223372036743335807
4, 3185, 0, 9223372036854775807, 0, 9223372036743300807
4, 3186, 0, 9223372036854775807, 0, 9223372036743265807
4, 3187, 0, 9223372036854775807, 0, 9223372036743230807
4, 3188, 0, 9223372036854775807, 0, 9223372036743195807
4, 3189, 0, 9223372036854775807, 0, 9223372036743160807
4, 319, 0, 9223372036854775807, 0, 9223372036843610807
4, 3190, 0, 9223372036854775807, 0, 9223372036743125807
4, 3191, 0, 9223372036854775807, 0, 9223372036743090807
4, 3192, 0, 9223372036854775807, 0, 9223372036743055807
4, 3193, 0, 9223372036854775807, 0, 9223372036743020807
4, 3194, 0, 9223372036854775807, 0, 9223372036742985807
4, 3195, 0, 9223372036854775807, 0, 9223372036742950807
4, 3196, 0, 9223372036854775807, 0, 9223372036742915807
4, 3197, 0, 9223372036854775807, 0, 9223372036742880807
4, 3198, 0, 9223372036854775807, 0, 9223372036742845807
4, 3199, 0, 9223372036854775807, 0, 9223372036742810807
4, 32, 0, 9223372036854775807, 0, 9223372036853655807
4, 320, 0, 9223372036854775807, 0, 9223372036843575807
4, 3200, 0, 9223372036854775807, 0, 9223372036742775807
4, 3201, 0, 9223372036854775807, 0, 9223372036742740807
4, 3202, 0, 9223372036854775807, 0, 9223372036742705807
4, 3203, 0, 9223372036854775807, 0, 9223372036742670807
4, 3204, 0, 9223372036854775807, 0, 9223372036742635807
4, 3205, 0, 9223372036854775807, 0, 9223372036742600807
4, 3206, 0, 9223372036854775807, 0, 9223372036742565807
4, 3207, 0, 9223372036854775807, 0, 9223372036742530807
4, 3208, 0, 9223372036854775807, 0, 9223372036742495807
4, 3209, 0, 9223372036854775807, 0, 9223372036742460807
4, 321, 0, 9223372036854775807, 0, 9223372036843540807
4, 3210, 0, 9223372036854775807, 0, 9223372036742425807
4, 3211, 0, 9223372036854775807, 0, 9223372036742390807
4, 3212, 0, 9223372036854775807, 0, 9223372036742355807
4, 3213, 0, 9223372036854775807, 0, 9223372036742320807
4, 3214, 0, 9223372036854775807, 0, 9223372036742285807
4, 3215, 0, 9223372036854775807, 0, 9223372036742250807
4, 3216, 0, 9223372036854775807, 0, 9223372036742215807
4, 3217, 0, 9223372036854775807, 0, 9223372036742180807
4, 3218, 0, 9223372036854775807, 0, 9223372036742145807
4, 3219, 0, 9223372036854775807, 0, 9223372036742110807
4, 322, 0, 9223372036854775807, 0, 9223372036843505807
4, 3220, 0, 9223372036854775807, 0, 9223372036742075807
4, 3221, 0, 9223372036854775807, 0, 9223372036742040807
4, 3222, 0, 9223372036854775807, 0, 9223372036742005807
4, 3223, 0, 9223372036854775807, 0, 9223372036741970807
4, 3224, 0, 9223372036854775807, 0, 9223372036741935807
4, 3225, 0, 9223372036854775807, 0, 9223372036741900807
4, 3226, 0, 9223372036854775807, 0, 9223372036741865807
4, 3227, 0, 9223372036854775807, 0, 9223372036741830807
4, 3228, 0, 9223372036854775807, 0, 9223372036741795807
4, 3229, 0, 9223372036854775807, 0, 9223372036741760807
4, 323, 0, 9223372036854775807, 0, 9223372036843470807
4, 3230, 0, 9223372036854775807, 0, 9223372036741725807
4, 3231, 0, 9223372036854775807, 0, 9223372036741690807
4, 3232, 0, 9223372036854775807, 0, 9223372036741655807
4, 3233, 0, 9223372036854775807, 0, 9223372036741620807
4, 3234, 0, 9223372036854775807, 0, 9223372036741585807
4, 3235, 0, 9223372036854775807, 0, 9223372036741550807
4, 3236, 0, 9223372036854775807, 0, 9223372036741515807
4, 3237, 0, 9223372036854775807, 0, 9223372036741480807
4, 3238, 0, 9223372036854775807, 0, 9223372036741445807
4, 3239, 0, 9223372036854775807, 0, 9223372036741410807
4, 324, 0, 9223372036854775807, 0, 9223372036843435807
4, 3240, 0, 9223372036854775807, 0, 9223372036741375807
4, 3241, 0, 9223372036854775807, 0, 9223372036741340807
4, 3242, 0, 9223372036854775807, 0, 9223372036741305807
4, 3243, 0, 9223372036854775807, 0, 9223372036741270807
4, 3244, 0, 9223372036854775807, 0, 9223372036741235807
4, 3245, 0, 9223372036854775807, 0, 9223372036741200807
4, 3246, 0, 9223372036854775807, 0, 9223372036741165807
4, 3247, 0, 9223372036854775807, 0, 9223372036741130807
4, 3248, 0, 9223372036854775807, 0, 9223372036741095807
4, 3249, 0, 9223372036854775807, 0, 9223372036741060807
4, 325, 0, 9223372036854775807, 0, 9223372036843400807
4, 3250, 0, 9223372036854775807, 0, 9223372036741025807
4, 3251, 0, 9223372036854775807, 0, 9223372036740990807
4, 3252, 0, 9223372036854775807, 0, 9223372036740955807
4, 3253, 0, 9223372036854775807, 0, 9223372036740920807
4, 3254, 0, 9223372036854775807, 0, 9223372036740885807
4, 3255, 0, 9223372036854775807, 0, 9223372036740850807
4, 3256, 0, 9223372036854775807, 0, 9223372036740815807
4, 3257, 0, 9223372036854775807, 0, 9223372036740780807
4, 3258, 0, 9223372036854775807, 0, 9223372036740745807
4, 3259, 0, 9223372036854775807, 0, 9223372036740710807
4, 326, 0, 9223372036854775807, 0, 9223372036843365807
4, 3260, 0, 9223372036854775807, 0, 9223372036740675807
4, 3261, 0, 9223372036854775807, 0, 9223372036740640807
4, 3262, 0, 9223372036854775807, 0, 9223372036740605807
4, 3263, 0, 9223372036854775807, 0, 9223372036740570807
4, 3264, 0, 9223372036854775807, 0, 9223372036740535807
4, 3265, 0, 9223372036854775807, 0, 9223372036740500807
4, 3266, 0, 9223372036854775807, 0, 9223372036740465807
4, 3267, 0, 9223372036854775807, 0, 9223372036740430807
4, 3268, 0, 9223372036854775807, 0, 9223372036740395807
4, 3269, 0, 9223372036854775807, 0, 9223372036740360807
4, 327, 0, 9223372036854775807, 0, 9223372036843330807
4, 3270, 0, 9223372036854775807, 0, 9223372036740325807
4, 3271, 0, 9223372036854775807, 0, 9223372036740290807
4, 3272, 0, 9223372036854775807, 0, 9223372036740255807
4, 3273, 0, 9223372036854775807, 0, 9223372036740220807
4, 3274, 0, 9223372036854775807, 0, 9223372036740185807
4, 3275, 0, 9223372036854775807, 0, 9223372036740150807
4, 3276, 0, 9223372036854775807, 0, 9223372036740115807
4, 3277, 0, 9223372036854775807, 0, 9223372036740080807
4, 3278, 0, 9223372036854775807, 0, 9223372036740045807
4, 3279, 0, 9223372036854775807, 0, 9223372036740010807
4, 328, 0, 9223372036854775807, 0, 9223372036843295807
4, 3280, 0, 9223372036854775807, 0, 9223372036739975807
4, 3281, 0, 9223372036854775807, 0, 9223372036739940807
4, 3282, 0, 9223372036854775807, 0, 9223372036739905807
4, 3283, 0, 9223372036854775807, 0, 9223372036739870807
4, 3284, 0, 9223372036854775807, 0, 9223372036739835807
4, 3285, 0, 9223372036854775807, 0, 9223372036739800807
4, 3286, 0, 9223372036854775807, 0, 9223372036739765807
4, 3287, 0, 9223372036854775807, 0, 9223372036739730807
4, 3288, 0, 9223372036854775807, 0, 9223372036739695807
4, 3289, 0, 9223372036854775807, 0, 9223372036739660807
4, 329, 0, 9223372036854775807, 0, 9223372036843260807
4, 3290, 0, 9223372036854775807, 0, 9223372036739625807
4, 3291, 0, 9223372036854775807, 0, 9223372036739590807
4, 3292, 0, 9223372036854775807, 0, 9223372036739555807
4, 3293, 0, 9223372036854775807, 0, 9223372036739520807
4, 3294, 0, 9223372036854775807, 0, 9223372036739485807
4, 3295, 0, 9223372036854775807, 0, 9223372036739450807
4, 3296, 0, 9223372036854775807, 0, 9223372036739415807
4, 3297, 0, 9223372036854775807, 0, 9223372036739380807
4, 3298, 0, 9223372036854775807, 0, 9223372036739345807
4, 3299, 0, 9223372036854775807, 0, 9223372036739310807
4, 33, 0, 9223372036854775807, 0, 9223372036853620807
4, 330, 0, 9223372036854775807, 0, 9223372036843225807
4, 3300, 0, 9223372036854775807, 0, 9223372036739275807
4, 3301, 0, 9223372036854775807, 0, 9223372036739240807
4, 3302, 0, 9223372036854775807, 0, 9223372036739205807
4, 3303, 0, 9223372036854775807, 0, 9223372036739170807
4, 3304, 0, 9223372036854775807, 0, 9223372036739135807
4, 3305, 0, 9223372036854775807, 0, 9223372036739100807
4, 3306, 0, 9223372036854775807, 0, 9223372036739065807
4, 3307, 0, 9223372036854775807, 0, 9223372036739030807
4, 3308, 0, 9223372036854775807, 0, 9223372036738995807
4, 3309, 0, 9223372036854775807, 0, 9223372036738960807
4, 331, 0, 9223372036854775807, 0, 9223372036843190807
4, 3310, 0, 9223372036854775807, 0, 9223372036738925807
4, 3311, 0, 9223372036854775807, 0, 9223372036738890807
4, 3312, 0, 9223372036854775807, 0, 9223372036738855807
4, 3313, 0, 9223372036854775807, 0, 9223372036738820807
4, 3314, 0, 9223372036854775807, 0, 9223372036738785807
4, 3315, 0, 9223372036854775807, 0, 9223372036738750807
4, 3316, 0, 9223372036854775807, 0, 9223372036738715807
4, 3317, 0, 9223372036854775807, 0, 9223372036738680807
4, 3318, 0, 9223372036854775807, 0, 9223372036738645807
4, 3319, 0, 9223372036854775807, 0, 9223372036738610807
4, 332, 0, 9223372036854775807, 0, 9223372036843155807
4, 3320, 0, 9223372036854775807, 0, 9223372036738575807
4, 3321, 0, 9223372036854775807, 0, 9223372036738540807
4, 3322, 0, 9223372036854775807, 0, 9223372036738505807
4, 3323, 0, 9223372036854775807, 0, 9223372036738470807
4, 3324, 0, 9223372036854775807, 0, 9223372036738435807
4, 3325, 0, 9223372036854775807, 0, 9223372036738400807
4, 3326, 0, 9223372036854775807, 0, 9223372036738365807
4, 3327, 0, 9223372036854775807, 0, 9223372036738330807
4, 3328, 0, 9223372036854775807, 0, 9223372036738295807
4, 3329, 0, 9223372036854775807, 0, 9223372036738260807
4, 333, 0, 9223372036854775807, 0, 9223372036843120807
4, 3330, 0, 9223372036854775807, 0, 9223372036738225807
4, 3331, 0, 9223372036854775807, 0, 9223372036738190807
4, 3332, 0, 9223372036854775807, 0, 9223372036738155807
4, 3333, 0, 9223372036854775807, 0, 9223372036738120807
4, 3334, 0, 9223372036854775807, 0, 9223372036738085807
4, 3335, 0, 9223372036854775807, 0, 9223372036738050807
4, 3336, 0, 9223372036854775807, 0, 9223372036738015807
4, 3337, 0, 9223372036854775807, 0, 9223372036737980807
4, 3338, 0, 9223372036854775807, 0, 9223372036737945807
4, 3339, 0, 9223372036854775807, 0, 9223372036737910807
4, 334, 0, 9223372036854775807, 0, 9223372036843085807
4, 3340, 0, 9223372036854775807, 0, 9223372036737875807
4, 3341, 0, 9223372036854775807, 0, 9223372036737840807
4, 3342, 0, 9223372036854775807, 0, 9223372036737805807
4, 3343, 0, 9223372036854775807, 0, 9223372036737770807
4, 3344, 0, 9223372036854775807, 0, 9223372036737735807
4, 3345, 0, 9223372036854775807, 0, 9223372036737700807
4, 3346, 0, 9223372036854775807, 0, 9223372036737665807
4, 3347, 0, 9223372036854775807, 0, 9223372036737630807
4, 3348, 0, 9223372036854775807, 0, 9223372036737595807
4, 3349, 0, 9223372036854775807, 0, 9223372036737560807
4, 335, 0, 9223372036854775807, 0, 9223372036843050807
4, 3350, 0, 9223372036854775807, 0, 9223372036737525807
4, 3351, 0, 9223372036854775807, 0, 9223372036737490807
4, 3352, 0, 9223372036854775807, 0, 9223372036737455807
4, 3353, 0, 9223372036854775807, 0, 9223372036737420807
4, 3354, 0, 9223372036854775807, 0, 9223372036737385807
4, 3355, 0, 9223372036854775807, 0, 9223372036737350807
4, 3356, 0, 9223372036854775807, 0, 9223372036737315807
4, 3357, 0, 9223372036854775807, 0, 9223372036737280807
4, 3358, 0, 9223372036854775807, 0, 9223372036737245807
4, 3359, 0, 9223372036854775807, 0, 9223372036737210807
4, 336, 0, 9223372036854775807, 0, 9223372036843015807
4, 3360, 0, 9223372036854775807, 0, 9223372036737175807
4, 3361, 0, 9223372036854775807, 0, 9223372036737140807
4, 3362, 0, 9223372036854775807, 0, 9223372036737105807
4, 3363, 0, 9223372036854775807, 0, 9223372036737070807
4, 3364, 0, 9223372036854775807, 0, 9223372036737035807
4, 3365, 0, 9223372036854775807, 0, 9223372036737000807
4, 337, 0, 9223372036854775807, 0, 9223372036842980807
4, 338, 0, 9223372036854775807, 0, 9223372036842945807
4, 339, 0, 9223372036854775807, 0, 9223372036842910807
4, 34, 0, 9223372036854775807, 0, 9223372036853585807
4, 340, 0, 9223372036854775807, 0, 9223372036842875807
4, 341, 0, 9223372036854775807, 0, 9223372036842840807
4, 342, 0, 9223372036854775807, 0, 9223372036842805807
4, 343, 0, 9223372036854775807, 0, 9223372036842770807
4, 344, 0, 9223372036854775807, 0, 9223372036842735807
4, 345, 0, 9223372036854775807, 0, 9223372036842700807
4, 346, 0, 9223372036854775807, 0, 9223372036842665807
4, 347, 0, 9223372036854775807, 0, 9223372036842630807
4, 348, 0, 9223372036854775807, 0, 9223372036842595807
4, 349, 0, 9223372036854775807, 0, 9223372036842560807
4, 35, 0, 9223372036854775807, 0, 9223372036853550807
4, 350, 0, 9223372036854775807, 0, 9223372036842525807
4, 351, 0, 9223372036854775807, 0, 9223372036842490807
4, 352, 0, 9223372036854775807, 0, 9223372036842455807
4, 353, 0, 9223372036854775807, 0, 9223372036842420807
4, 354, 0, 9223372036854775807, 0, 9223372036842385807
4, 355, 0, 9223372036854775807, 0, 9223372036842350807
4, 356, 0, 9223372036854775807, 0, 9223372036842315807
4, 357, 0, 9223372036854775807, 0, 9223372036842280807
4, 358, 0, 9223372036854775807, 0, 9223372036842245807
4, 359, 0, 9223372036854775807, 0, 9223372036842210807
4, 36, 0, 9223372036854775807, 0, 9223372036853515807
4, 360, 0, 9223372036854775807, 0, 9223372036842175807
4, 361, 0, 9223372036854775807, 0, 9223372036842140807
4, 362, 0, 9223372036854775807, 0, 9223372036842105807
4, 363, 0, 9223372036854775807, 0, 9223372036842070807
4, 364, 0, 9223372036854775807, 0, 9223372036842035807
4, 365, 0, 9223372036854775807, 0, 9223372036842000807
4, 366, 0, 9223372036854775807, 0, 9223372036841965807
4, 367, 0, 9223372036854775807, 0, 9223372036841930807
4, 368, 0, 9223372036854775807, 0, 9223372036841895807
4, 369, 0, 9223372036854775807, 0, 9223372036841860807
4, 37, 0, 9223372036854775807, 0, 9223372036853480807
4, 370, 0, 9223372036854775807, 0, 9223372036841825807
4, 371, 0, 9223372036854775807, 0, 9223372036841790807
4, 372, 0, 9223372036854775807, 0, 9223372036841755807
4, 373, 0, 9223372036854775807, 0, 9223372036841720807
4, 374, 0, 9223372036854775807, 0, 9223372036841685807
4, 375, 0, 9223372036854775807, 0, 9223372036841650807
4, 376, 0, 9223372036854775807, 0, 9223372036841615807
4, 377, 0, 9223372036854775807, 0, 9223372036841580807
4, 378, 0, 9223372036854775807, 0, 9223372036841545807
4, 379, 0, 9223372036854775807, 0, 9223372036841510807
4, 38, 0, 9223372036854775807, 0, 9223372036853445807
4, 380, 0, 9223372036854775807, 0, 9223372036841475807
4, 381, 0, 9223372036854775807, 0, 9223372036841440807
4, 382, 0, 9223372036854775807, 0, 9223372036841405807
4, 383, 0, 9223372036854775807, 0, 9223372036841370807
4, 384, 0, 9223372036854775807, 0, 9223372036841335807
4, 385, 0, 9223372036854775807, 0, 9223372036841300807
4, 386, 0, 9223372036854775807, 0, 9223372036841265807
4, 387, 0, 9223372036854775807, 0, 9223372036841230807
4, 388, 0, 9223372036854775807, 0, 9223372036841195807
4, 389, 0, 9223372036854775807, 0, 9223372036841160807
4, 39, 0, 9223372036854775807, 0, 9223372036853410807
4, 390, 0, 9223372036854775807, 0, 9223372036841125807
4, 391, 0, 9223372036854775807, 0, 9223372036841090807
4, 392, 0, 9223372036854775807, 0, 9223372036841055807
4, 393, 0, 9223372036854775807, 0, 9223372036841020807
4, 394, 0, 9223372036854775807, 0, 9223372036840985807
4, 395, 0, 9223372036854775807, 0, 9223372036840950807
4, 396, 0, 9223372036854775807, 0, 9223372036840915807
4, 397, 0, 9223372036854775807, 0, 9223372036840880807
4, 398, 0, 9223372036854775807, 0, 9223372036840845807
4, 399, 0, 9223372036854775807, 0, 9223372036840810807
4, 4, 0, 9223372036854775807, 0, 9223372036854635807
4, 40, 0, 9223372036854775807, 0, 9223372036853375807
4, 400, 0, 9223372036854775807, 0, 9223372036840775807
4, 401, 0, 9223372036854775807, 0, 9223372036840740807
4, 402, 0, 9223372036854775807, 0, 9223372036840705807
4, 403, 0, 9223372036854775807, 0, 9223372036840670807
4, 404, 0, 9223372036854775807, 0, 9223372036840635807
4, 405, 0, 9223372036854775807, 0, 9223372036840600807
4, 406, 0, 9223372036854775807, 0, 9223372036840565807
4, 407, 0, 9223372036854775807, 0, 9223372036840530807
4, 408, 0, 9223372036854775807, 0, 9223372036840495807
4, 409, 0, 9223372036854775807, 0, 9223372036840460807
4, 41, 0, 9223372036854775807, 0, 9223372036853340807
4, 410, 0, 9223372036854775807, 0, 9223372036840425807
4, 411, 0, 9223372036854775807, 0, 9223372036840390807
4, 412, 0, 9223372036854775807, 0, 9223372036840355807
4, 413, 0, 9223372036854775807, 0, 9223372036840320807
4, 414, 0, 9223372036854775807, 0, 9223372036840285807
4, 415, 0, 9223372036854775807, 0, 9223372036840250807
4, 416, 0, 9223372036854775807, 0, 9223372036840215807
4, 417, 0, 9223372036854775807, 0, 9223372036840180807
4, 418, 0, 9223372036854775807, 0, 9223372036840145807
4, 419, 0, 9223372036854775807, 0, 9223372036840110807
4, 42, 0, 9223372036854775807, 0, 9223372036853305807
4, 420, 0, 9223372036854775807, 0, 9223372036840075807
4, 421, 0, 9223372036854775807, 0, 9223372036840040807
4, 422, 0, 9223372036854775807, 0, 9223372036840005807
4, 423, 0, 9223372036854775807, 0, 9223372036839970807
4, 424, 0, 9223372036854775807, 0, 9223372036839935807
4, 425, 0, 9223372036854775807, 0, 9223372036839900807
4, 426, 0, 9223372036854775807, 0, 9223372036839865807
4, 427, 0, 9223372036854775807, 0, 9223372036839830807
4, 428, 0, 9223372036854775807, 0, 9223372036839795807
4, 429, 0, 9223372036854775807, 0, 9223372036839760807
4, 43, 0, 9223372036854775807, 0, 9223372036853270807
4, 430, 0, 9223372036854775807, 0, 9223372036839725807
4, 431, 0, 9223372036854775807, 0, 9223372036839690807
4, 432, 0, 9223372036854775807, 0, 9223372036839655807
4, 433, 0, 9223372036854775807, 0, 9223372036839620807
4, 434, 0, 9223372036854775807, 0, 9223372036839585807
4, 435, 0, 9223372036854775807, 0, 9223372036839550807
4, 436, 0, 9223372036854775807, 0, 9223372036839515807
4, 437, 0, 9223372036854775807, 0, 9223372036839480807
4, 438, 0, 9223372036854775807, 0, 9223372036839445807
4, 439, 0, 9223372036854775807, 0, 9223372036839410807
4, 44, 0, 9223372036854775807, 0, 9223372036853235807
4, 440, 0, 9223372036854775807, 0, 9223372036839375807
4, 441, 0, 9223372036854775807, 0, 9223372036839340807
4, 442, 0, 9223372036854775807, 0, 9223372036839305807
4, 443, 0, 9223372036854775807, 0, 9223372036839270807
4, 444, 0, 9223372036854775807, 0, 9223372036839235807
4, 445, 0, 9223372036854775807, 0, 9223372036839200807
4, 446, 0, 9223372036854775807, 0, 9223372036839165807
4, 447, 0, 9223372036854775807, 0, 9223372036839130807
4, 448, 0, 9223372036854775807, 0, 9223372036839095807
4, 449, 0, 9223372036854775807, 0, 9223372036839060807
4, 45, 0, 9223372036854775807, 0, 9223372036853200807
4, 450, 0, 9223372036854775807, 0, 9223372036839025807
4, 451, 0, 9223372036854775807, 0, 9223372036838990807
4, 452, 0, 9223372036854775807, 0, 9223372036838955807
4, 453, 0, 9223372036854775807, 0, 9223372036838920807
4, 454, 0, 9223372036854775807, 0, 9223372036838885807
4, 455, 0, 9223372036854775807, 0, 9223372036838850807
4, 456, 0, 9223372036854775807, 0, 9223372036838815807
4, 457, 0, 9223372036854775807, 0, 9223372036838780807
4, 458, 0, 9223372036854775807, 0, 9223372036838745807
4, 459, 0, 9223372036854775807, 0, 9223372036838710807
4, 46, 0, 9223372036854775807, 0, 9223372036853165807
4, 460, 0, 9223372036854775807, 0, 9223372036838675807
4, 461, 0, 9223372036854775807, 0, 9223372036838640807
4, 462, 0, 9223372036854775807, 0, 9223372036838605807
4, 463, 0, 9223372036854775807, 0, 9223372036838570807
4, 464, 0, 9223372036854775807, 0, 9223372036838535807
4, 465, 0, 9223372036854775807, 0, 9223372036838500807
4, 466, 0, 9223372036854775807, 0, 9223372036838465807
4, 467, 0, 9223372036854775807, 0, 9223372036838430807
4, 468, 0, 9223372036854775807, 0, 9223372036838395807
4, 469, 0, 9223372036854775807, 0, 9223372036838360807
4, 47, 0, 9223372036854775807, 0, 9223372036853130807
4, 470, 0, 9223372036854775807, 0, 9223372036838325807
4, 471, 0, 9223372036854775807, 0, 9223372036838290807
4, 472, 0, 9223372036854775807, 0, 9223372036838255807
4, 473, 0, 9223372036854775807, 0, 9223372036838220807
4, 474, 0, 9223372036854775807, 0, 9223372036838185807
4, 475, 0, 9223372036854775807, 0, 9223372036838150807
4, 476, 0, 9223372036854775807, 0, 9223372036838115807
4, 477, 0, 9223372036854775807, 0, 9223372036838080807
4, 478, 0, 9223372036854775807, 0, 9223372036838045807
4, 479, 0, 9223372036854775807, 0, 9223372036838010807
4, 48, 0, 9223372036854775807, 0, 9223372036853095807
4, 480, 0, 9223372036854775807, 0, 9223372036837975807
4, 481, 0, 9223372036854775807, 0, 9223372036837940807
4, 482, 0, 9223372036854775807, 0, 9223372036837905807
4, 483, 0, 9223372036854775807, 0, 9223372036837870807
4, 484, 0, 9223372036854775807, 0, 9223372036837835807
4, 485, 0, 9223372036854775807, 0, 9223372036837800807
4, 486, 0, 9223372036854775807, 0, 9223372036837765807
4, 487, 0, 9223372036854775807, 0, 9223372036837730807
4, 488, 0, 9223372036854775807, 0, 9223372036837695807
4, 489, 0, 9223372036854775807, 0, 9223372036837660807
4, 49, 0, 9223372036854775807, 0, 9223372036853060807
4, 490, 0, 9223372036854775807, 0, 9223372036837625807
4, 491, 0, 9223372036854775807, 0, 9223372036837590807
4, 492, 0, 9223372036854775807, 0, 9223372036837555807
4, 493, 0, 9223372036854775807, 0, 9223372036837520807
4, 494, 0, 9223372036854775807, 0, 9223372036837485807
4, 495, 0, 9223372036854775807, 0, 9223372036837450807
4, 496, 0, 9223372036854775807, 0, 9223372036837415807
4, 497, 0, 9223372036854775807, 0, 9223372036837380807
4, 498, 0, 9223372036854775807, 0, 9223372036837345807
4, 499, 0, 9223372036854775807, 0, 9223372036837310807
4, 5, 0, 9223372036854775807, 0, 9223372036854600807
4, 50, 0, 9223372036854775807, 0, 9223372036853025807
4, 500, 0, 9223372036854775807, 0, 9223372036837275807
4, 501, 0, 9223372036854775807, 0, 9223372036837240807
4, 502, 0, 9223372036854775807, 0, 9223372036837205807
4, 503, 0, 9223372036854775807, 0, 9223372036837170807
4, 504, 0, 9223372036854775807, 0, 9223372036837135807
4, 505, 0, 9223372036854775807, 0, 9223372036837100807
4, 506, 0, 9223372036854775807, 0, 9223372036837065807
4, 507, 0, 9223372036854775807, 0, 9223372036837030807
4, 508, 0, 9223372036854775807, 0, 9223372036836995807
4, 509, 0, 9223372036854775807, 0, 9223372036836960807
4, 51, 0, 9223372036854775807, 0, 9223372036852990807
4, 510, 0, 9223372036854775807, 0, 9223372036836925807
4, 511, 0, 9223372036854775807, 0, 9223372036836890807
4, 512, 0, 9223372036854775807, 0, 9223372036836855807
4, 513, 0, 9223372036854775807, 0, 9223372036836820807
4, 514, 0, 9223372036854775807, 0, 9223372036836785807
4, 515, 0, 9223372036854775807, 0, 9223372036836750807
4, 516, 0, 9223372036854775807, 0, 9223372036836715807
4, 517, 0, 9223372036854775807, 0, 9223372036836680807
4, 518, 0, 9223372036854775807, 0, 9223372036836645807
4, 519, 0, 9223372036854775807, 0, 9223372036836610807
4, 52, 0, 9223372036854775807, 0, 9223372036852955807
4, 520, 0, 9223372036854775807, 0, 9223372036836575807
4, 521, 0, 9223372036854775807, 0, 9223372036836540807
4, 522, 0, 9223372036854775807, 0, 9223372036836505807
4, 523, 0, 9223372036854775807, 0, 9223372036836470807
4, 524, 0, 9223372036854775807, 0, 9223372036836435807
4, 525, 0, 9223372036854775807, 0, 9223372036836400807
4, 526, 0, 9223372036854775807, 0, 9223372036836365807
4, 527, 0, 9223372036854775807, 0, 9223372036836330807
4, 528, 0, 9223372036854775807, 0, 9223372036836295807
4, 529, 0, 9223372036854775807, 0, 9223372036836260807
4, 53, 0, 9223372036854775807, 0, 9223372036852920807
4, 530, 0, 9223372036854775807, 0, 9223372036836225807
4, 531, 0, 9223372036854775807, 0, 9223372036836190807
4, 532, 0, 9223372036854775807, 0, 9223372036836155807
4, 533, 0, 9223372036854775807, 0, 9223372036836120807
4, 534, 0, 9223372036854775807, 0, 9223372036836085807
4, 535, 0, 9223372036854775807, 0, 9223372036836050807
4, 536, 0, 9223372036854775807, 0, 9223372036836015807
4, 537, 0, 9223372036854775807, 0, 9223372036835980807
4, 538, 0, 9223372036854775807, 0, 9223372036835945807
4, 539, 0, 9223372036854775807, 0, 9223372036835910807
4, 54, 0, 9223372036854775807, 0, 9223372036852885807
4, 540, 0, 9223372036854775807, 0, 9223372036835875807
4, 541, 0, 9223372036854775807, 0, 9223372036835840807
4, 542, 0, 9223372036854775807, 0, 9223372036835805807
4, 543, 0, 9223372036854775807, 0, 9223372036835770807
4, 544, 0, 9223372036854775807, 0, 9223372036835735807
4, 545, 0, 9223372036854775807, 0, 9223372036835700807
4, 546, 0, 9223372036854775807, 0, 9223372036835665807
4, 547, 0, 9223372036854775807, 0, 9223372036835630807
4, 548, 0, 9223372036854775807, 0, 9223372036835595807
4, 549, 0, 9223372036854775807, 0, 9223372036835560807
4, 55, 0, 9223372036854775807, 0, 9223372036852850807
4, 550, 0, 9223372036854775807, 0, 9223372036835525807
4, 551, 0, 9223372036854775807, 0, 9223372036835490807
4, 552, 0, 9223372036854775807, 0, 9223372036835455807
4, 553, 0, 9223372036854775807, 0, 9223372036835420807
4, 554, 0, 9223372036854775807, 0, 9223372036835385807
4, 555, 0, 9223372036854775807, 0, 9223372036835350807
4, 556, 0, 9223372036854775807, 0, 9223372036835315807
4, 557, 0, 9223372036854775807, 0, 9223372036835280807
4, 558, 0, 9223372036854775807, 0, 9223372036835245807
4, 559, 0, 9223372036854775807, 0, 9223372036835210807
4, 56, 0, 9223372036854775807, 0, 9223372036852815807
4, 560, 0, 9223372036854775807, 0, 9223372036835175807
4, 561, 0, 9223372036854775807, 0, 9223372036835140807
4, 562, 0, 9223372036854775807, 0, 9223372036835105807
4, 563, 0, 9223372036854775807, 0, 9223372036835070807
4, 564, 0, 9223372036854775807, 0, 9223372036835035807
4, 565, 0, 9223372036854775807, 0, 9223372036835000807
4, 566, 0, 9223372036854775807, 0, 9223372036834965807
4, 567, 0, 9223372036854775807, 0, 9223372036834930807
4, 568, 0, 9223372036854775807, 0, 9223372036834895807
4, 569, 0, 9223372036854775807, 0, 9223372036834860807
4, 57, 0, 9223372036854775807, 0, 9223372036852780807
4, 570, 0, 9223372036854775807, 0, 9223372036834825807
4, 571, 0, 9223372036854775807, 0, 9223372036834790807
4, 572, 0, 9223372036854775807, 0, 9223372036834755807
4, 573, 0, 9223372036854775807, 0, 9223372036834720807
4, 574, 0, 9223372036854775807, 0, 9223372036834685807
4, 575, 0, 9223372036854775807, 0, 9223372036834650807
4, 576, 0, 9223372036854775807, 0, 9223372036834615807
4, 577, 0, 9223372036854775807, 0, 9223372036834580807
4, 578, 0, 9223372036854775807, 0, 9223372036834545807
4, 579, 0, 9223372036854775807, 0, 9223372036834510807
4, 58, 0, 9223372036854775807, 0, 9223372036852745807
4, 580, 0, 9223372036854775807, 0, 9223372036834475807
4, 581, 0, 9223372036854775807, 0, 9223372036834440807
4, 582, 0, 9223372036854775807, 0, 9223372036834405807
4, 583, 0, 9223372036854775807, 0, 9223372036834370807
4, 584, 0, 9223372036854775807, 0, 9223372036834335807
4, 585, 0, 9223372036854775807, 0, 9223372036834300807
4, 586, 0, 9223372036854775807, 0, 9223372036834265807
4, 587, 0, 9223372036854775807, 0, 9223372036834230807
4, 588, 0, 9223372036854775807, 0, 9223372036834195807
4, 589, 0, 9223372036854775807, 0, 9223372036834160807
4, 59, 0, 9223372036854775807, 0, 9223372036852710807
4, 590, 0, 9223372036854775807, 0, 9223372036834125807
4, 591, 0, 9223372036854775807, 0, 9223372036834090807
4, 592, 0, 9223372036854775807, 0, 9223372036834055807
4, 593, 0, 9223372036854775807, 0, 9223372036834020807
4, 594, 0, 9223372036854775807, 0, 9223372036833985807
4, 595, 0, 9223372036854775807, 0, 9223372036833950807
4, 596, 0, 9223372036854775807, 0, 9223372036833915807
4, 597, 0, 9223372036854775807, 0, 9223372036833880807
4, 598, 0, 9223372036854775807, 0, 9223372036833845807
4, 599, 0, 9223372036854775807, 0, 9223372036833810807
4, 6, 0, 9223372036854775807, 0, 9223372036854565807
4, 60, 0, 9223372036854775807, 0, 9223372036852675807
4, 600, 0, 9223372036854775807, 0, 9223372036833775807
4, 601, 0, 9223372036854775807, 0, 9223372036833740807
4, 602, 0, 9223372036854775807, 0, 9223372036833705807
4, 603, 0, 9223372036854775807, 0, 9223372036833670807
4, 604, 0, 9223372036854775807, 0, 9223372036833635807
4, 605, 0, 9223372036854775807, 0, 9223372036833600807
4, 606, 0, 9223372036854775807, 0, 9223372036833565807
4, 607, 0, 9223372036854775807, 0, 9223372036833530807
4, 608, 0, 9223372036854775807, 0, 9223372036833495807
4, 609, 0, 9223372036854775807, 0, 9223372036833460807
4, 61, 0, 9223372036854775807, 0, 9223372036852640807
4, 610, 0, 9223372036854775807, 0, 9223372036833425807
4, 611, 0, 9223372036854775807, 0, 9223372036833390807
4, 612, 0, 9223372036854775807, 0, 9223372036833355807
4, 613, 0, 9223372036854775807, 0, 9223372036833320807
4, 614, 0, 9223372036854775807, 0, 9223372036833285807
4, 615, 0, 9223372036854775807, 0, 9223372036833250807
4, 616, 0, 9223372036854775807, 0, 9223372036833215807
4, 617, 0, 9223372036854775807, 0, 9223372036833180807
4, 618, 0, 9223372036854775807, 0, 9223372036833145807
4, 619, 0, 9223372036854775807, 0, 9223372036833110807
4, 62, 0, 9223372036854775807, 0, 9223372036852605807
4, 620, 0, 9223372036854775807, 0, 9223372036833075807
4, 621, 0, 9223372036854775807, 0, 9223372036833040807
4, 622, 0, 9223372036854775807, 0, 9223372036833005807
4, 623, 0, 9223372036854775807, 0, 9223372036832970807
4, 624, 0, 9223372036854775807, 0, 9223372036832935807
4, 625, 0, 9223372036854775807, 0, 9223372036832900807
4, 626, 0, 9223372036854775807, 0, 9223372036832865807
4, 627, 0, 9223372036854775807, 0, 9223372036832830807
4, 628, 0, 9223372036854775807, 0, 9223372036832795807
4, 629, 0, 9223372036854775807, 0, 9223372036832760807
4, 63, 0, 9223372036854775807, 0, 9223372036852570807
4, 630, 0, 9223372036854775807, 0, 9223372036832725807
4, 631, 0, 9223372036854775807, 0, 9223372036832690807
4, 632, 0, 9223372036854775807, 0, 9223372036832655807
4, 633, 0, 9223372036854775807, 0, 9223372036832620807
4, 634, 0, 9223372036854775807, 0, 9223372036832585807
4, 635, 0, 9223372036854775807, 0, 9223372036832550807
4, 636, 0, 9223372036854775807, 0, 9223372036832515807
4, 637, 0, 9223372036854775807, 0, 9223372036832480807
4, 638, 0, 9223372036854775807, 0, 9223372036832445807
4, 639, 0, 9223372036854775807, 0, 9223372036832410807
4, 64, 0, 9223372036854775807, 0, 9223372036852535807
4, 640, 0, 9223372036854775807, 0, 9223372036832375807
4, 641, 0, 9223372036854775807, 0, 9223372036832340807
4, 642, 0, 9223372036854775807, 0, 9223372036832305807
4, 643, 0, 9223372036854775807, 0, 9223372036832270807
4, 644, 0, 9223372036854775807, 0, 9223372036832235807
4, 645, 0, 9223372036854775807, 0, 9223372036832200807
4, 646, 0, 9223372036854775807, 0, 9223372036832165807
4, 647, 0, 9223372036854775807, 0, 9223372036832130807
4, 648, 0, 9223372036854775807, 0, 9223372036832095807
4, 649, 0, 9223372036854775807, 0, 9223372036832060807
4, 65, 0, 9223372036854775807, 0, 9223372036852500807
4, 650, 0, 9223372036854775807, 0, 9223372036832025807
4, 651, 0, 9223372036854775807, 0, 9223372036831990807
4, 652, 0, 9223372036854775807, 0, 9223372036831955807
4, 653, 0, 9223372036854775807, 0, 9223372036831920807
4, 654, 0, 9223372036854775807, 0, 9223372036831885807
4, 655, 0, 9223372036854775807, 0, 9223372036831850807
4, 656, 0, 9223372036854775807, 0, 9223372036831815807
4, 657, 0, 9223372036854775807, 0, 9223372036831780807
4, 658, 0, 9223372036854775807, 0, 9223372036831745807
4, 659, 0, 9223372036854775807, 0, 9223372036831710807
4, 66, 0, 9223372036854775807, 0, 9223372036852465807
4, 660, 0, 9223372036854775807, 0, 9223372036831675807
4, 661, 0, 9223372036854775807, 0, 9223372036831640807
4, 662, 0, 9223372036854775807, 0, 9223372036831605807
4, 663, 0, 9223372036854775807, 0, 9223372036831570807
4, 664, 0, 9223372036854775807, 0, 9223372036831535807
4, 665, 0, 9223372036854775807, 0, 9223372036831500807
4, 666, 0, 9223372036854775807, 0, 9223372036831465807
4, 667, 0, 9223372036854775807, 0, 9223372036831430807
4, 668, 0, 9223372036854775807, 0, 9223372036831395807
4, 669, 0, 9223372036854775807, 0, 9223372036831360807
4, 67, 0, 9223372036854775807, 0, 9223372036852430807
4, 670, 0, 9223372036854775807, 0, 9223372036831325807
4, 671, 0, 9223372036854775807, 0, 9223372036831290807
4, 672, 0, 9223372036854775807, 0, 9223372036831255807
4, 673, 0, 9223372036854775807, 0, 9223372036831220807
4, 674, 0, 9223372036854775807, 0, 9223372036831185807
4, 675, 0, 9223372036854775807, 0, 9223372036831150807
4, 676, 0, 9223372036854775807, 0, 9223372036831115807
4, 677, 0, 9223372036854775807, 0, 9223372036831080807
4, 678, 0, 9223372036854775807, 0, 9223372036831045807
4, 679, 0, 9223372036854775807, 0, 9223372036831010807
4, 68, 0, 9223372036854775807, 0, 9223372036852395807
4, 680, 0, 9223372036854775807, 0, 9223372036830975807
4, 681, 0, 9223372036854775807, 0, 9223372036830940807
4, 682, 0, 9223372036854775807, 0, 9223372036830905807
4, 683, 0, 9223372036854775807, 0, 9223372036830870807
4, 684, 0, 9223372036854775807, 0, 9223372036830835807
4, 685, 0, 9223372036854775807, 0, 9223372036830800807
4, 686, 0, 9223372036854775807, 0, 9223372036830765807
4, 687, 0, 9223372036854775807, 0, 9223372036830730807
4, 688, 0, 9223372036854775807, 0, 9223372036830695807
4, 689, 0, 9223372036854775807, 0, 9223372036830660807
4, 69, 0, 9223372036854775807, 0, 9223372036852360807
4, 690, 0, 9223372036854775807, 0, 9223372036830625807
4, 691, 0, 9223372036854775807, 0, 9223372036830590807
4, 692, 0, 9223372036854775807, 0, 9223372036830555807
4, 693, 0, 9223372036854775807, 0, 9223372036830520807
4, 694, 0, 9223372036854775807, 0, 9223372036830485807
4, 695, 0, 9223372036854775807, 0, 9223372036830450807
4, 696, 0, 9223372036854775807, 0, 9223372036830415807
4, 697, 0, 9223372036854775807, 0, 9223372036830380807
4, 698, 0, 9223372036854775807, 0, 9223372036830345807
4, 699, 0, 9223372036854775807, 0, 9223372036830310807
4, 7, 0, 9223372036854775807, 0, 9223372036854530807
4, 70, 0, 9223372036854775807, 0, 9223372036852325807
4, 700, 0, 9223372036854775807, 0, 9223372036830275807
4, 701, 0, 9223372036854775807, 0, 9223372036830240807
4, 702, 0, 9223372036854775807, 0, 9223372036830205807
4, 703, 0, 9223372036854775807, 0, 9223372036830170807
4, 704, 0, 9223372036854775807, 0, 9223372036830135807
4, 705, 0, 9223372036854775807, 0, 9223372036830100807
4, 706, 0, 9223372036854775807, 0, 9223372036830065807
4, 707, 0, 9223372036854775807, 0, 9223372036830030807
4, 708, 0, 9223372036854775807, 0, 9223372036829995807
4, 709, 0, 9223372036854775807, 0, 9223372036829960807
4, 71, 0, 9223372036854775807, 0, 9223372036852290807
4, 710, 0, 9223372036854775807, 0, 9223372036829925807
4, 711, 0, 9223372036854775807, 0, 9223372036829890807
4, 712, 0, 9223372036854775807, 0, 9223372036829855807
4, 713, 0, 9223372036854775807, 0, 9223372036829820807
4, 714, 0, 9223372036854775807, 0, 9223372036829785807
4, 715, 0, 9223372036854775807, 0, 9223372036829750807
4, 716, 0, 9223372036854775807, 0, 9223372036829715807
4, 717, 0, 9223372036854775807, 0, 9223372036829680807
4, 718, 0, 9223372036854775807, 0, 9223372036829645807
4, 719, 0, 9223372036854775807, 0, 9223372036829610807
4, 72, 0, 9223372036854775807, 0, 9223372036852255807
4, 720, 0, 9223372036854775807, 0, 9223372036829575807
4, 721, 0, 9223372036854775807, 0, 9223372036829540807
4, 722, 0, 9223372036854775807, 0, 9223372036829505807
4, 723, 0, 9223372036854775807, 0, 9223372036829470807
4, 724, 0, 9223372036854775807, 0, 9223372036829435807
4, 725, 0, 9223372036854775807, 0, 9223372036829400807
4, 726, 0, 9223372036854775807, 0, 9223372036829365807
4, 727, 0, 9223372036854775807, 0, 9223372036829330807
4, 728, 0, 9223372036854775807, 0, 9223372036829295807
4, 729, 0, 9223372036854775807, 0, 9223372036829260807
4, 73, 0, 9223372036854775807, 0, 9223372036852220807
4, 730, 0, 9223372036854775807, 0, 9223372036829225807
4, 731, 0, 9223372036854775807, 0, 9223372036829190807
4, 732, 0, 9223372036854775807, 0, 9223372036829155807
4, 733, 0, 9223372036854775807, 0, 9223372036829120807
4, 734, 0, 9223372036854775807, 0, 9223372036829085807
4, 735, 0, 9223372036854775807, 0, 9223372036829050807
4, 736, 0, 9223372036854775807, 0, 9223372036829015807
4, 737, 0, 9223372036854775807, 0, 9223372036828980807
4, 738, 0, 9223372036854775807, 0, 9223372036828945807
4, 739, 0, 9223372036854775807, 0, 9223372036828910807
4, 74, 0, 9223372036854775807, 0, 9223372036852185807
4, 740, 0, 9223372036854775807, 0, 9223372036828875807
4, 741, 0, 9223372036854775807, 0, 9223372036828840807
4, 742, 0, 9223372036854775807, 0, 9223372036828805807
4, 743, 0, 9223372036854775807, 0, 9223372036828770807
4, 744, 0, 9223372036854775807, 0, 9223372036828735807
4, 745, 0, 9223372036854775807, 0, 9223372036828700807
4, 746, 0, 9223372036854775807, 0, 9223372036828665807
4, 747, 0, 9223372036854775807, 0, 9223372036828630807
4, 748, 0, 9223372036854775807, 0, 9223372036828595807
4, 749, 0, 9223372036854775807, 0, 9223372036828560807
4, 75, 0, 9223372036854775807, 0, 9223372036852150807
4, 750, 0, 9223372036854775807, 0, 9223372036828525807
4, 751, 0, 9223372036854775807, 0, 9223372036828490807
4, 752, 0, 9223372036854775807, 0, 9223372036828455807
4, 753, 0, 9223372036854775807, 0, 9223372036828420807
4, 754, 0, 9223372036854775807, 0, 9223372036828385807
4, 755, 0, 9223372036854775807, 0, 9223372036828350807
4, 756, 0, 9223372036854775807, 0, 9223372036828315807
4, 757, 0, 9223372036854775807, 0, 9223372036828280807
4, 758, 0, 9223372036854775807, 0, 9223372036828245807
4, 759, 0, 9223372036854775807, 0, 9223372036828210807
4, 76, 0, 9223372036854775807, 0, 9223372036852115807
4, 760, 0, 9223372036854775807, 0, 9223372036828175807
4, 761, 0, 9223372036854775807, 0, 9223372036828140807
4, 762, 0, 9223372036854775807, 0, 9223372036828105807
4, 763, 0, 9223372036854775807, 0, 9223372036828070807
4, 764, 0, 9223372036854775807, 0, 9223372036828035807
4, 765, 0, 9223372036854775807, 0, 9223372036828000807
4, 766, 0, 9223372036854775807, 0, 9223372036827965807
4, 767, 0, 9223372036854775807, 0, 9223372036827930807
4, 768, 0, 9223372036854775807, 0, 9223372036827895807
4, 769, 0, 9223372036854775807, 0, 9223372036827860807
4, 77, 0, 9223372036854775807, 0, 9223372036852080807
4, 770, 0, 9223372036854775807, 0, 9223372036827825807
4, 771, 0, 9223372036854775807, 0, 9223372036827790807
4, 772, 0, 9223372036854775807, 0, 9223372036827755807
4, 773, 0, 9223372036854775807, 0, 9223372036827720807
4, 774, 0, 9223372036854775807, 0, 9223372036827685807
4, 775, 0, 9223372036854775807, 0, 9223372036827650807
4, 776, 0, 9223372036854775807, 0, 9223372036827615807
4, 777, 0, 9223372036854775807, 0, 9223372036827580807
4, 778, 0, 9223372036854775807, 0, 9223372036827545807
4, 779, 0, 9223372036854775807, 0, 9223372036827510807
4, 78, 0, 9223372036854775807, 0, 9223372036852045807
4, 780, 0, 9223372036854775807, 0, 9223372036827475807
4, 781, 0, 9223372036854775807, 0, 9223372036827440807
4, 782, 0, 9223372036854775807, 0, 9223372036827405807
4, 783, 0, 9223372036854775807, 0, 9223372036827370807
4, 784, 0, 9223372036854775807, 0, 9223372036827335807
4, 785, 0, 9223372036854775807, 0, 9223372036827300807
4, 786, 0, 9223372036854775807, 0, 9223372036827265807
4, 787, 0, 9223372036854775807, 0, 9223372036827230807
4, 788, 0, 9223372036854775807, 0, 9223372036827195807
4, 789, 0, 9223372036854775807, 0, 9223372036827160807
4, 79, 0, 9223372036854775807, 0, 9223372036852010807
4, 790, 0, 9223372036854775807, 0, 9223372036827125807
4, 791, 0, 9223372036854775807, 0, 9223372036827090807
4, 792, 0, 9223372036854775807, 0, 9223372036827055807
4, 793, 0, 9223372036854775807, 0, 9223372036827020807
4, 794, 0, 9223372036854775807, 0, 9223372036826985807
4, 795, 0, 9223372036854775807, 0, 9223372036826950807
4, 796, 0, 9223372036854775807, 0, 9223372036826915807
4, 797, 0, 9223372036854775807, 0, 9223372036826880807
4, 798, 0, 9223372036854775807, 0, 9223372036826845807
4, 799, 0, 9223372036854775807, 0, 9223372036826810807
4, 8, 0, 9223372036854775807, 0, 9223372036854495807
4, 80, 0, 9223372036854775807, 0, 9223372036851975807
4, 800, 0, 9223372036854775807, 0, 9223372036826775807
4, 801, 0, 9223372036854775807, 0, 9223372036826740807
4, 802, 0, 9223372036854775807, 0, 9223372036826705807
4, 803, 0, 9223372036854775807, 0, 9223372036826670807
4, 804, 0, 9223372036854775807, 0, 9223372036826635807
4, 805, 0, 9223372036854775807, 0, 9223372036826600807
4, 806, 0, 9223372036854775807, 0, 9223372036826565807
4, 807, 0, 9223372036854775807, 0, 9223372036826530807
4, 808, 0, 9223372036854775807, 0, 9223372036826495807
4, 809, 0, 9223372036854775807, 0, 9223372036826460807
4, 81, 0, 9223372036854775807, 0, 9223372036851940807
4, 810, 0, 9223372036854775807, 0, 9223372036826425807
4, 811, 0, 9223372036854775807, 0, 9223372036826390807
4, 812, 0, 9223372036854775807, 0, 9223372036826355807
4, 813, 0, 9223372036854775807, 0, 9223372036826320807
4, 814, 0, 9223372036854775807, 0, 9223372036826285807
4, 815, 0, 9223372036854775807, 0, 9223372036826250807
4, 816, 0, 9223372036854775807, 0, 9223372036826215807
4, 817, 0, 9223372036854775807, 0, 9223372036826180807
4, 818, 0, 9223372036854775807, 0, 9223372036826145807
4, 819, 0, 9223372036854775807, 0, 9223372036826110807
4, 82, 0, 9223372036854775807, 0, 9223372036851905807
4, 820, 0, 9223372036854775807, 0, 9223372036826075807
4, 821, 0, 9223372036854775807, 0, 9223372036826040807
4, 822, 0, 9223372036854775807, 0, 9223372036826005807
4, 823, 0, 9223372036854775807, 0, 9223372036825970807
4, 824, 0, 9223372036854775807, 0, 9223372036825935807
4, 825, 0, 9223372036854775807, 0, 9223372036825900807
4, 826, 0, 9223372036854775807, 0, 9223372036825865807
4, 827, 0, 9223372036854775807, 0, 9223372036825830807
4, 828, 0, 9223372036854775807, 0, 9223372036825795807
4, 829, 0, 9223372036854775807, 0, 9223372036825760807
4, 83, 0, 9223372036854775807, 0, 9223372036851870807
4, 830, 0, 9223372036854775807, 0, 9223372036825725807
4, 831, 0, 9223372036854775807, 0, 9223372036825690807
4, 832, 0, 9223372036854775807, 0, 9223372036825655807
4, 833, 0, 9223372036854775807, 0, 9223372036825620807
4, 834, 0, 9223372036854775807, 0, 9223372036825585807
4, 835, 0, 9223372036854775807, 0, 9223372036825550807
4, 836, 0, 9223372036854775807, 0, 9223372036825515807
4, 837, 0, 9223372036854775807, 0, 9223372036825480807
4, 838, 0, 9223372036854775807, 0, 9223372036825445807
4, 839, 0, 9223372036854775807, 0, 9223372036825410807
4, 84, 0, 9223372036854775807, 0, 9223372036851835807
4, 840, 0, 9223372036854775807, 0, 9223372036825375807
4, 841, 0, 9223372036854775807, 0, 9223372036825340807
4, 842, 0, 9223372036854775807, 0, 9223372036825305807
4, 843, 0, 9223372036854775807, 0, 9223372036825270807
4, 844, 0, 9223372036854775807, 0, 9223372036825235807
4, 845, 0, 9223372036854775807, 0, 9223372036825200807
4, 846, 0, 9223372036854775807, 0, 9223372036825165807
4, 847, 0, 9223372036854775807, 0, 9223372036825130807
4, 848, 0, 9223372036854775807, 0, 9223372036825095807
4, 849, 0, 9223372036854775807, 0, 9223372036825060807
4, 85, 0, 9223372036854775807, 0, 9223372036851800807
4, 850, 0, 9223372036854775807, 0, 9223372036825025807
4, 851, 0, 9223372036854775807, 0, 9223372036824990807
4, 852, 0, 9223372036854775807, 0, 9223372036824955807
4, 853, 0, 9223372036854775807, 0, 9223372036824920807
4, 854, 0, 9223372036854775807, 0, 9223372036824885807
4, 855, 0, 9223372036854775807, 0, 9223372036824850807
4, 856, 0, 9223372036854775807, 0, 9223372036824815807
4, 857, 0, 9223372036854775807, 0, 9223372036824780807
4, 858, 0, 9223372036854775807, 0, 9223372036824745807
4, 859, 0, 9223372036854775807, 0, 9223372036824710807
4, 86, 0, 9223372036854775807, 0, 9223372036851765807
4, 860, 0, 9223372036854775807, 0, 9223372036824675807
4, 861, 0, 9223372036854775807, 0, 9223372036824640807
4, 862, 0, 9223372036854775807, 0, 9223372036824605807
4, 863, 0, 9223372036854775807, 0, 9223372036824570807
4, 864, 0, 9223372036854775807, 0, 9223372036824535807
4, 865, 0, 9223372036854775807, 0, 9223372036824500807
4, 866, 0, 9223372036854775807, 0, 9223372036824465807
4, 867, 0, 9223372036854775807, 0, 9223372036824430807
4, 868, 0, 9223372036854775807, 0, 9223372036824395807
4, 869, 0, 9223372036854775807, 0, 9223372036824360807
4, 87, 0, 9223372036854775807, 0, 9223372036851730807
4, 870, 0, 9223372036854775807, 0, 9223372036824325807
4, 871, 0, 9223372036854775807, 0, 9223372036824290807
4, 872, 0, 9223372036854775807, 0, 9223372036824255807
4, 873, 0, 9223372036854775807, 0, 9223372036824220807
4, 874, 0, 9223372036854775807, 0, 9223372036824185807
4, 875, 0, 9223372036854775807, 0, 9223372036824150807
4, 876, 0, 9223372036854775807, 0, 9223372036824115807
4, 877, 0, 9223372036854775807, 0, 9223372036824080807
4, 878, 0, 9223372036854775807, 0, 9223372036824045807
4, 879, 0, 9223372036854775807, 0, 9223372036824010807
4, 88, 0, 9223372036854775807, 0, 9223372036851695807
4, 880, 0, 9223372036854775807, 0, 9223372036823975807
4, 881, 0, 9223372036854775807, 0, 9223372036823940807
4, 882, 0, 9223372036854775807, 0, 9223372036823905807
4, 883, 0, 9223372036854775807, 0, 9223372036823870807
4, 884, 0, 9223372036854775807, 0, 9223372036823835807
4, 885, 0, 9223372036854775807, 0, 9223372036823800807
4, 886, 0, 9223372036854775807, 0, 9223372036823765807
4, 887, 0, 9223372036854775807, 0, 9223372036823730807
4, 888, 0, 9223372036854775807, 0, 9223372036823695807
4, 889, 0, 9223372036854775807, 0, 9223372036823660807
4, 89, 0, 9223372036854775807, 0, 9223372036851660807
4, 890, 0, 9223372036854775807, 0, 9223372036823625807
4, 891, 0, 9223372036854775807, 0, 9223372036823590807
4, 892, 0, 9223372036854775807, 0, 9223372036823555807
4, 893, 0, 9223372036854775807, 0, 9223372036823520807
4, 894, 0, 9223372036854775807, 0, 9223372036823485807
4, 895, 0, 9223372036854775807, 0, 9223372036823450807
4, 896, 0, 9223372036854775807, 0, 9223372036823415807
4, 897, 0, 9223372036854775807, 0, 9223372036823380807
4, 898, 0, 9223372036854775807, 0, 9223372036823345807
4, 899, 0, 9223372036854775807, 0, 9223372036823310807
4, 9, 0, 9223372036854775807, 0, 9223372036854460807
4, 90, 0, 9223372036854775807, 0, 9223372036851625807
4, 900, 0, 9223372036854775807, 0, 9223372036823275807
4, 901, 0, 9223372036854775807, 0, 9223372036823240807
4, 902, 0, 9223372036854775807, 0, 9223372036823205807
4, 903, 0, 9223372036854775807, 0, 9223372036823170807
4, 904, 0, 9223372036854775807, 0, 9223372036823135807
4, 905, 0, 9223372036854775807, 0, 9223372036823100807
4, 906, 0, 9223372036854775807, 0, 9223372036823065807
4, 907, 0, 9223372036854775807, 0, 9223372036823030807
4, 908, 0, 9223372036854775807, 0, 9223372036822995807
4, 909, 0, 9223372036854775807, 0, 9223372036822960807
4, 91, 0, 9223372036854775807, 0, 9223372036851590807
4, 910, 0, 9223372036854775807, 0, 9223372036822925807
4, 911, 0, 9223372036854775807, 0, 9223372036822890807
4, 912, 0, 9223372036854775807, 0, 9223372036822855807
4, 913, 0, 9223372036854775807, 0, 9223372036822820807
4, 914, 0, 9223372036854775807, 0, 9223372036822785807
4, 915, 0, 9223372036854775807, 0, 9223372036822750807
4, 916, 0, 9223372036854775807, 0, 9223372036822715807
4, 917, 0, 9223372036854775807, 0, 9223372036822680807
4, 918, 0, 9223372036854775807, 0, 9223372036822645807
4, 919, 0, 9223372036854775807, 0, 9223372036822610807
4, 92, 0, 9223372036854775807, 0, 9223372036851555807
4, 920, 0, 9223372036854775807, 0, 9223372036822575807
4, 921, 0, 9223372036854775807, 0, 9223372036822540807
4, 922, 0, 9223372036854775807, 0, 9223372036822505807
4, 923, 0, 9223372036854775807, 0, 9223372036822470807
4, 924, 0, 9223372036854775807, 0, 9223372036822435807
4, 925, 0, 9223372036854775807, 0, 9223372036822400807
4, 926, 0, 9223372036854775807, 0, 9223372036822365807
4, 927, 0, 9223372036854775807, 0, 9223372036822330807
4, 928, 0, 9223372036854775807, 0, 9223372036822295807
4, 929, 0, 9223372036854775807, 0, 9223372036822260807
4, 93, 0, 9223372036854775807, 0, 9223372036851520807
4, 930, 0, 9223372036854775807, 0, 9223372036822225807
4, 931, 0, 9223372036854775807, 0, 9223372036822190807
4, 932, 0, 9223372036854775807, 0, 9223372036822155807
4, 933, 0, 9223372036854775807, 0, 9223372036822120807
4, 934, 0, 9223372036854775807, 0, 9223372036822085807
4, 935, 0, 9223372036854775807, 0, 9223372036822050807
4, 936, 0, 9223372036854775807, 0, 9223372036822015807
4, 937, 0, 9223372036854775807, 0, 9223372036821980807
4, 938, 0, 9223372036854775807, 0, 9223372036821945807
4, 939, 0, 9223372036854775807, 0, 9223372036821910807
4, 94, 0, 9223372036854775807, 0, 9223372036851485807
4, 940, 0, 9223372036854775807, 0, 9223372036821875807
4, 941, 0, 9223372036854775807, 0, 9223372036821840807
4, 942, 0, 9223372036854775807, 0, 9223372036821805807
4, 943, 0, 9223372036854775807, 0, 9223372036821770807
4, 944, 0, 9223372036854775807, 0, 9223372036821735807
4, 945, 0, 9223372036854775807, 0, 9223372036821700807
4, 946, 0, 9223372036854775807, 0, 9223372036821665807
4, 947, 0, 9223372036854775807, 0, 9223372036821630807
4, 948, 0, 9223372036854775807, 0, 9223372036821595807
4, 949, 0, 9223372036854775807, 0, 9223372036821560807
4, 95, 0, 9223372036854775807, 0, 9223372036851450807
4, 950, 0, 9223372036854775807, 0, 9223372036821525807
4, 951, 0, 9223372036854775807, 0, 9223372036821490807
4, 952, 0, 9223372036854775807, 0, 9223372036821455807
4, 953, 0, 9223372036854775807, 0, 9223372036821420807
4, 954, 0, 9223372036854775807, 0, 9223372036821385807
4, 955, 0, 9223372036854775807, 0, 9223372036821350807
4, 956, 0, 9223372036854775807, 0, 9223372036821315807
4, 957, 0, 9223372036854775807, 0, 9223372036821280807
4, 958, 0, 9223372036854775807, 0, 9223372036821245807
4, 959, 0, 9223372036854775807, 0, 9223372036821210807
4, 96, 0, 9223372036854775807, 0, 9223372036851415807
4, 960, 0, 9223372036854775807, 0, 9223372036821175807
4, 961, 0, 9223372036854775807, 0, 9223372036821140807
4, 962, 0, 9223372036854775807, 0, 9223372036821105807
4, 963, 0, 9223372036854775807, 0, 9223372036821070807
4, 964, 0, 9223372036854775807, 0, 9223372036821035807
4, 965, 0, 9223372036854775807, 0, 9223372036821000807
4, 966, 0, 9223372036854775807, 0, 9223372036820965807
4, 967, 0, 9223372036854775807, 0, 9223372036820930807
4, 968, 0, 9223372036854775807, 0, 9223372036820895807
4, 969, 0, 9223372036854775807, 0, 9223372036820860807
4, 97, 0, 9223372036854775807, 0, 9223372036851380807
4, 970, 0, 9223372036854775807, 0, 9223372036820825807
4, 971, 0, 9223372036854775807, 0, 9223372036820790807
4, 972, 0, 9223372036854775807, 0, 9223372036820755807
4, 973, 0, 9223372036854775807, 0, 9223372036820720807
4, 974, 0, 9223372036854775807, 0, 9223372036820685807
4, 975, 0, 9223372036854775807, 0, 9223372036820650807
4, 976, 0, 9223372036854775807, 0, 9223372036820615807
4, 977, 0, 9223372036854775807, 0, 9223372036820580807
4, 978, 0, 9223372036854775807, 0, 9223372036820545807
4, 979, 0, 9223372036854775807, 0, 9223372036820510807
4, 98, 0, 9223372036854775807, 0, 9223372036851345807
4, 980, 0, 9223372036854775807, 0, 9223372036820475807
4, 981, 0, 9223372036854775807, 0, 9223372036820440807
4, 982, 0, 9223372036854775807, 0, 9223372036820405807
4, 983, 0, 9223372036854775807, 0, 9223372036820370807
4, 984, 0, 9223372036854775807, 0, 9223372036820335807
4, 985, 0, 9223372036854775807, 0, 9223372036820300807
4, 986, 0, 9223372036854775807, 0, 9223372036820265807
4, 987, 0, 9223372036854775807, 0, 9223372036820230807
4, 988, 0, 9223372036854775807, 0, 9223372036820195807
4, 989, 0, 9223372036854775807, 0, 9223372036820160807
4, 99, 0, 9223372036854775807, 0, 9223372036851310807
4, 990, 0, 9223372036854775807, 0, 9223372036820125807
4, 991, 0, 9223372036854775807, 0, 9223372036820090807
4, 992, 0, 9223372036854775807, 0, 9223372036820055807
4, 993, 0, 9223372036854775807, 0, 9223372036820020807
4, 994, 0, 9223372036854775807, 0, 9223372036819985807
4, 995, 0, 9223372036854775807, 0, 9223372036819950807
4, 996, 0, 9223372036854775807, 0, 9223372036819915807
4, 997, 0, 9223372036854775807, 0, 9223372036819880807
4, 998, 0, 9223372036854775807, 0, 9223372036819845807
4, 999, 0, 9223372036854775807, 0, 9223372036819810807
5, 0, 10084, 22951, 10084, 22951
5, 1, 0, 9223372036854775807, 0, 9223372036854740807
5, 10, 0, 9223372036854775807, 0, 9223372036854425807
5, 100, 0, 9223372036854775807, 0, 9223372036851275807
5, 1000, 0, 9223372036854775807, 0, 9223372036819775807
5, 1001, 0, 9223372036854775807, 0, 9223372036819740807
5, 1002, 0, 9223372036854775807, 0, 9223372036819705807
5, 1003, 0, 9223372036854775807, 0, 9223372036819670807
5, 1004, 0, 9223372036854775807, 0, 9223372036819635807
5, 1005, 0, 9223372036854775807, 0, 9223372036819600807
5, 1006, 0, 9223372036854775807, 0, 9223372036819565807
5, 1007, 0, 9223372036854775807, 0, 9223372036819530807
5, 1008, 0, 9223372036854775807, 0, 9223372036819495807
5, 1009, 0, 9223372036854775807, 0, 9223372036819460807
5, 101, 0, 9223372036854775807, 0, 9223372036851240807
5, 1010, 0, 9223372036854775807, 0, 9223372036819425807
5, 1011, 0, 9223372036854775807, 0, 9223372036819390807
5, 1012, 0, 9223372036854775807, 0, 9223372036819355807
5, 1013, 0, 9223372036854775807, 0, 9223372036819320807
5, 1014, 0, 9223372036854775807, 0, 9223372036819285807
5, 1015, 0, 9223372036854775807, 0, 9223372036819250807
5, 1016, 0, 9223372036854775807, 0, 9223372036819215807
5, 1017, 0, 9223372036854775807, 0, 9223372036819180807
5, 1018, 0, 9223372036854775807, 0, 9223372036819145807
5, 1019, 0, 9223372036854775807, 0, 9223372036819110807
5, 102, 0, 9223372036854775807, 0, 9223372036851205807
5, 1020, 0, 9223372036854775807, 0, 9223372036819075807
5, 1021, 0, 9223372036854775807, 0, 9223372036819040807
5, 1022, 0, 9223372036854775807, 0, 9223372036819005807
5, 1023, 0, 9223372036854775807, 0, 9223372036818970807
5, 1024, 0, 9223372036854775807, 0, 9223372036818935807
5, 1025, 0, 9223372036854775807, 0, 9223372036818900807
5, 1026, 0, 9223372036854775807, 0, 9223372036818865807
5, 1027, 0, 9223372036854775807, 0, 9223372036818830807
5, 1028, 0, 9223372036854775807, 0, 9223372036818795807
5, 1029, 0, 9223372036854775807, 0, 9223372036818760807
5, 103, 0, 9223372036854775807, 0, 9223372036851170807
5, 1030, 0, 9223372036854775807, 0, 9223372036818725807
5, 1031, 0, 9223372036854775807, 0, 9223372036818690807
5, 1032, 0, 9223372036854775807, 0, 9223372036818655807
5, 1033, 0, 9223372036854775807, 0, 9223372036818620807
5, 1034, 0, 9223372036854775807, 0, 9223372036818585807
5, 1035, 0, 9223372036854775807, 0, 9223372036818550807
5, 1036, 0, 9223372036854775807, 0, 9223372036818515807
5, 1037, 0, 9223372036854775807, 0, 9223372036818480807
5, 1038, 0, 9223372036854775807, 0, 9223372036818445807
5, 1039, 0, 9223372036854775807, 0, 9223372036818410807
5, 104, 0, 9223372036854775807, 0, 9223372036851135807
5, 1040, 0, 9223372036854775807, 0, 9223372036818375807
5, 1041, 0, 9223372036854775807, 0, 9223372036818340807
5, 1042, 0, 9223372036854775807, 0, 9223372036818305807
5, 1043, 0, 9223372036854775807, 0, 9223372036818270807
5, 1044, 0, 9223372036854775807, 0, 9223372036818235807
5, 1045, 0, 9223372036854775807, 0, 9223372036818200807
5, 1046, 0, 9223372036854775807, 0, 9223372036818165807
5, 1047, 0, 9223372036854775807, 0, 9223372036818130807
5, 1048, 0, 9223372036854775807, 0, 9223372036818095807
5, 1049, 0, 9223372036854775807, 0, 9223372036818060807
5, 105, 0, 9223372036854775807, 0, 9223372036851100807
5, 1050, 0, 9223372036854775807, 0, 9223372036818025807
5, 1051, 0, 9223372036854775807, 0, 9223372036817990807
5, 1052, 0, 9223372036854775807, 0, 9223372036817955807
5, 1053, 0, 9223372036854775807, 0, 9223372036817920807
5, 1054, 0, 9223372036854775807, 0, 9223372036817885807
5, 1055, 0, 9223372036854775807, 0, 9223372036817850807
5, 1056, 0, 9223372036854775807, 0, 9223372036817815807
5, 1057, 0, 9223372036854775807, 0, 9223372036817780807
5, 1058, 0, 9223372036854775807, 0, 9223372036817745807
5, 1059, 0, 9223372036854775807, 0, 9223372036817710807
5, 106, 0, 9223372036854775807, 0, 9223372036851065807
5, 1060, 0, 9223372036854775807, 0, 9223372036817675807
5, 1061, 0, 9223372036854775807, 0, 9223372036817640807
5, 1062, 0, 9223372036854775807, 0, 9223372036817605807
5, 1063, 0, 9223372036854775807, 0, 9223372036817570807
5, 1064, 0, 9223372036854775807, 0, 9223372036817535807
5, 1065, 0, 9223372036854775807, 0, 9223372036817500807
5, 1066, 0, 9223372036854775807, 0, 9223372036817465807
5, 1067, 0, 9223372036854775807, 0, 9223372036817430807
5, 1068, 0, 9223372036854775807, 0, 9223372036817395807
5, 1069, 0, 9223372036854775807, 0, 9223372036817360807
5, 107, 0, 9223372036854775807, 0, 9223372036851030807
5, 1070, 0, 9223372036854775807, 0, 9223372036817325807
5, 1071, 0, 9223372036854775807, 0, 9223372036817290807
5, 1072, 0, 9223372036854775807, 0, 9223372036817255807
5, 1073, 0, 9223372036854775807, 0, 9223372036817220807
5, 1074, 0, 9223372036854775807, 0, 9223372036817185807
5, 1075, 0, 9223372036854775807, 0, 9223372036817150807
5, 1076, 0, 9223372036854775807, 0, 9223372036817115807
5, 1077, 0, 9223372036854775807, 0, 9223372036817080807
5, 1078, 0, 9223372036854775807, 0, 9223372036817045807
5, 1079, 0, 9223372036854775807, 0, 9223372036817010807
5, 108, 0, 9223372036854775807, 0, 9223372036850995807
5, 1080, 0, 9223372036854775807, 0, 9223372036816975807
5, 1081, 0, 9223372036854775807, 0, 9223372036816940807
5, 1082, 0, 9223372036854775807, 0, 9223372036816905807
5, 1083, 0, 9223372036854775807, 0, 9223372036816870807
5, 1084, 0, 9223372036854775807, 0, 9223372036816835807
5, 1085, 0, 9223372036854775807, 0, 9223372036816800807
5, 1086, 0, 9223372036854775807, 0, 9223372036816765807
5, 1087, 0, 9223372036854775807, 0, 9223372036816730807
5, 1088, 0, 9223372036854775807, 0, 9223372036816695807
5, 1089, 0, 9223372036854775807, 0, 9223372036816660807
5, 109, 0, 9223372036854775807, 0, 9223372036850960807
5, 1090, 0, 9223372036854775807, 0, 9223372036816625807
5, 1091, 0, 9223372036854775807, 0, 9223372036816590807
5, 1092, 0, 9223372036854775807, 0, 9223372036816555807
5, 1093, 0, 9223372036854775807, 0, 9223372036816520807
5, 1094, 0, 9223372036854775807, 0, 9223372036816485807
5, 1095, 0, 9223372036854775807, 0, 9223372036816450807
5, 1096, 0, 9223372036854775807, 0, 9223372036816415807
5, 1097, 0, 9223372036854775807, 0, 9223372036816380807
5, 1098, 0, 9223372036854775807, 0, 9223372036816345807
5, 1099, 0, 9223372036854775807, 0, 9223372036816310807
5, 11, 0, 9223372036854775807, 0, 9223372036854390807
5, 110, 0, 9223372036854775807, 0, 9223372036850925807
5, 1100, 0, 9223372036854775807, 0, 9223372036816275807
5, 1101, 0, 9223372036854775807, 0, 9223372036816240807
5, 1102, 0, 9223372036854775807, 0, 9223372036816205807
5, 1103, 0, 9223372036854775807, 0, 9223372036816170807
5, 1104, 0, 9223372036854775807, 0, 9223372036816135807
5, 1105, 0, 9223372036854775807, 0, 9223372036816100807
5, 1106, 0, 9223372036854775807, 0, 9223372036816065807
5, 1107, 0, 9223372036854775807, 0, 9223372036816030807
5, 1108, 0, 9223372036854775807, 0, 9223372036815995807
5, 1109, 0, 9223372036854775807, 0, 9223372036815960807
5, 111, 0, 9223372036854775807, 0, 9223372036850890807
5, 1110, 0, 9223372036854775807, 0, 9223372036815925807
5, 1111, 0, 9223372036854775807, 0, 9223372036815890807
5, 1112, 0, 9223372036854775807, 0, 9223372036815855807
5, 1113, 0, 9223372036854775807, 0, 9223372036815820807
5, 1114, 0, 9223372036854775807, 0, 9223372036815785807
5, 1115, 0, 9223372036854775807, 0, 9223372036815750807
5, 1116, 0, 9223372036854775807, 0, 9223372036815715807
5, 1117, 0, 9223372036854775807, 0, 9223372036815680807
5, 1118, 0, 9223372036854775807, 0, 9223372036815645807
5, 1119, 0, 9223372036854775807, 0, 9223372036815610807
5, 112, 0, 9223372036854775807, 0, 9223372036850855807
5, 1120, 0, 9223372036854775807, 0, 9223372036815575807
5, 1121, 0, 9223372036854775807, 0, 9223372036815540807
5, 1122, 0, 9223372036854775807, 0, 9223372036815505807
5, 1123, 0, 9223372036854775807, 0, 9223372036815470807
5, 1124, 0, 9223372036854775807, 0, 9223372036815435807
5, 1125, 0, 9223372036854775807, 0, 9223372036815400807
5, 1126, 0, 9223372036854775807, 0, 9223372036815365807
5, 1127, 0, 9223372036854775807, 0, 9223372036815330807
5, 1128, 0, 9223372036854775807, 0, 9223372036815295807
5, 1129, 0, 9223372036854775807, 0, 9223372036815260807
5, 113, 0, 9223372036854775807, 0, 9223372036850820807
5, 1130, 0, 9223372036854775807, 0, 9223372036815225807
5, 1131, 0, 9223372036854775807, 0, 9223372036815190807
5, 1132, 0, 9223372036854775807, 0, 9223372036815155807
5, 1133, 0, 9223372036854775807, 0, 9223372036815120807
5, 1134, 0, 9223372036854775807, 0, 9223372036815085807
5, 1135, 0, 9223372036854775807, 0, 9223372036815050807
5, 1136, 0, 9223372036854775807, 0, 9223372036815015807
5, 1137, 0, 9223372036854775807, 0, 9223372036814980807
5, 1138, 0, 9223372036854775807, 0, 9223372036814945807
5, 1139, 0, 9223372036854775807, 0, 9223372036814910807
5, 114, 0, 9223372036854775807, 0, 9223372036850785807
5, 1140, 0, 9223372036854775807, 0, 9223372036814875807
5, 1141, 0, 9223372036854775807, 0, 9223372036814840807
5, 1142, 0, 9223372036854775807, 0, 9223372036814805807
5, 1143, 0, 9223372036854775807, 0, 9223372036814770807
5, 1144, 0, 9223372036854775807, 0, 9223372036814735807
5, 1145, 0, 9223372036854775807, 0, 9223372036814700807
5, 1146, 0, 9223372036854775807, 0, 9223372036814665807
5, 1147, 0, 9223372036854775807, 0, 9223372036814630807
5, 1148, 0, 9223372036854775807, 0, 9223372036814595807
5, 1149, 0, 9223372036854775807, 0, 9223372036814560807
5, 115, 0, 9223372036854775807, 0, 9223372036850750807
5, 1150, 0, 9223372036854775807, 0, 9223372036814525807
5, 1151, 0, 9223372036854775807, 0, 9223372036814490807
5, 1152, 0, 9223372036854775807, 0, 9223372036814455807
5, 1153, 0, 9223372036854775807, 0, 9223372036814420807
5, 1154, 0, 9223372036854775807, 0, 9223372036814385807
5, 1155, 0, 9223372036854775807, 0, 9223372036814350807
5, 1156, 0, 9223372036854775807, 0, 9223372036814315807
5, 1157, 0, 9223372036854775807, 0, 9223372036814280807
5, 1158, 0, 9223372036854775807, 0, 9223372036814245807
5, 1159, 0, 9223372036854775807, 0, 9223372036814210807
5, 116, 0, 9223372036854775807, 0, 9223372036850715807
5, 1160, 0, 9223372036854775807, 0, 9223372036814175807
5, 1161, 0, 9223372036854775807, 0, 9223372036814140807
5, 1162, 0, 9223372036854775807, 0, 9223372036814105807
5, 1163, 0, 9223372036854775807, 0, 9223372036814070807
5, 1164, 0, 9223372036854775807, 0, 9223372036814035807
5, 1165, 0, 9223372036854775807, 0, 9223372036814000807
5, 1166, 0, 9223372036854775807, 0, 9223372036813965807
5, 1167, 0, 9223372036854775807, 0, 9223372036813930807
5, 1168, 0, 9223372036854775807, 0, 9223372036813895807
5, 1169, 0, 9223372036854775807, 0, 9223372036813860807
5, 117, 0, 9223372036854775807, 0, 9223372036850680807
5, 1170, 0, 9223372036854775807, 0, 9223372036813825807
5, 1171, 0, 9223372036854775807, 0, 9223372036813790807
5, 1172, 0, 9223372036854775807, 0, 9223372036813755807
5, 1173, 0, 9223372036854775807, 0, 9223372036813720807
5, 1174, 0, 9223372036854775807, 0, 9223372036813685807
5, 1175, 0, 9223372036854775807, 0, 9223372036813650807
5, 1176, 0, 9223372036854775807, 0, 9223372036813615807
5, 1177, 0, 9223372036854775807, 0, 9223372036813580807
5, 1178, 0, 9223372036854775807, 0, 9223372036813545807
5, 1179, 0, 9223372036854775807, 0, 9223372036813510807
5, 118, 0, 9223372036854775807, 0, 9223372036850645807
5, 1180, 0, 9223372036854775807, 0, 9223372036813475807
5, 1181, 0, 9223372036854775807, 0, 9223372036813440807
5, 1182, 0, 9223372036854775807, 0, 9223372036813405807
5, 1183, 0, 9223372036854775807, 0, 9223372036813370807
5, 1184, 0, 9223372036854775807, 0, 9223372036813335807
5, 1185, 0, 9223372036854775807, 0, 9223372036813300807
5, 1186, 0, 9223372036854775807, 0, 9223372036813265807
5, 1187, 0, 9223372036854775807, 0, 9223372036813230807
5, 1188, 0, 9223372036854775807, 0, 9223372036813195807
5, 1189, 0, 9223372036854775807, 0, 9223372036813160807
5, 119, 0, 9223372036854775807, 0, 9223372036850610807
5, 1190, 0, 9223372036854775807, 0, 9223372036813125807
5, 1191, 0, 9223372036854775807, 0, 9223372036813090807
5, 1192, 0, 9223372036854775807, 0, 9223372036813055807
5, 1193, 0, 9223372036854775807, 0, 9223372036813020807
5, 1194, 0, 9223372036854775807, 0, 9223372036812985807
5, 1195, 0, 9223372036854775807, 0, 9223372036812950807
5, 1196, 0, 9223372036854775807, 0, 9223372036812915807
5, 1197, 0, 9223372036854775807, 0, 9223372036812880807
5, 1198, 0, 9223372036854775807, 0, 9223372036812845807
5, 1199, 0, 9223372036854775807, 0, 9223372036812810807
5, 12, 0, 9223372036854775807, 0, 9223372036854355807
5, 120, 0, 9223372036854775807, 0, 9223372036850575807
5, 1200, 0, 9223372036854775807, 0, 9223372036812775807
5, 1201, 0, 9223372036854775807, 0, 9223372036812740807
5, 1202, 0, 9223372036854775807, 0, 9223372036812705807
5, 1203, 0, 9223372036854775807, 0, 9223372036812670807
5, 1204, 0, 9223372036854775807, 0, 9223372036812635807
5, 1205, 0, 9223372036854775807, 0, 9223372036812600807
5, 1206, 0, 9223372036854775807, 0, 9223372036812565807
5, 1207, 0, 9223372036854775807, 0, 9223372036812530807
5, 1208, 0, 9223372036854775807, 0, 9223372036812495807
5, 1209, 0, 9223372036854775807, 0, 9223372036812460807
5, 121, 0, 9223372036854775807, 0, 9223372036850540807
5, 1210, 0, 9223372036854775807, 0, 9223372036812425807
5, 1211, 0, 9223372036854775807, 0, 9223372036812390807
5, 1212, 0, 9223372036854775807, 0, 9223372036812355807
5, 1213, 0, 9223372036854775807, 0, 9223372036812320807
5, 1214, 0, 9223372036854775807, 0, 9223372036812285807
5, 1215, 0, 9223372036854775807, 0, 9223372036812250807
5, 1216, 0, 9223372036854775807, 0, 9223372036812215807
5, 1217, 0, 9223372036854775807, 0, 9223372036812180807
5, 1218, 0, 9223372036854775807, 0, 9223372036812145807
5, 1219, 0, 9223372036854775807, 0, 9223372036812110807
5, 122, 0, 9223372036854775807, 0, 9223372036850505807
5, 1220, 0, 9223372036854775807, 0, 9223372036812075807
5, 1221, 0, 9223372036854775807, 0, 9223372036812040807
5, 1222, 0, 9223372036854775807, 0, 9223372036812005807
5, 1223, 0, 9223372036854775807, 0, 9223372036811970807
5, 1224, 0, 9223372036854775807, 0, 9223372036811935807
5, 1225, 0, 9223372036854775807, 0, 9223372036811900807
5, 1226, 0, 9223372036854775807, 0, 9223372036811865807
5, 1227, 0, 9223372036854775807, 0, 9223372036811830807
5, 1228, 0, 9223372036854775807, 0, 9223372036811795807
5, 1229, 0, 9223372036854775807, 0, 9223372036811760807
5, 123, 0, 9223372036854775807, 0, 9223372036850470807
5, 1230, 0, 9223372036854775807, 0, 9223372036811725807
5, 1231, 0, 9223372036854775807, 0, 9223372036811690807
5, 1232, 0, 9223372036854775807, 0, 9223372036811655807
5, 1233, 0, 9223372036854775807, 0, 9223372036811620807
5, 1234, 0, 9223372036854775807, 0, 9223372036811585807
5, 1235, 0, 9223372036854775807, 0, 9223372036811550807
5, 1236, 0, 9223372036854775807, 0, 9223372036811515807
5, 1237, 0, 9223372036854775807, 0, 9223372036811480807
5, 1238, 0, 9223372036854775807, 0, 9223372036811445807
5, 1239, 0, 9223372036854775807, 0, 9223372036811410807
5, 124, 0, 9223372036854775807, 0, 9223372036850435807
5, 1240, 0, 9223372036854775807, 0, 9223372036811375807
5, 1241, 0, 9223372036854775807, 0, 9223372036811340807
5, 1242, 0, 9223372036854775807, 0, 9223372036811305807
5, 1243, 0, 9223372036854775807, 0, 9223372036811270807
5, 1244, 0, 9223372036854775807, 0, 9223372036811235807
5, 1245, 0, 9223372036854775807, 0, 9223372036811200807
5, 1246, 0, 9223372036854775807, 0, 9223372036811165807
5, 1247, 0, 9223372036854775807, 0, 9223372036811130807
5, 1248, 0, 9223372036854775807, 0, 9223372036811095807
5, 1249, 0, 9223372036854775807, 0, 9223372036811060807
5, 125, 0, 9223372036854775807, 0, 9223372036850400807
5, 1250, 0, 9223372036854775807, 0, 9223372036811025807
5, 1251, 0, 9223372036854775807, 0, 9223372036810990807
5, 1252, 0, 9223372036854775807, 0, 9223372036810955807
5, 1253, 0, 9223372036854775807, 0, 9223372036810920807
5, 1254, 0, 9223372036854775807, 0, 9223372036810885807
5, 1255, 0, 9223372036854775807, 0, 9223372036810850807
5, 1256, 0, 9223372036854775807, 0, 9223372036810815807
5, 1257, 0, 9223372036854775807, 0, 9223372036810780807
5, 1258, 0, 9223372036854775807, 0, 9223372036810745807
5, 1259, 0, 9223372036854775807, 0, 9223372036810710807
5, 126, 0, 9223372036854775807, 0, 9223372036850365807
5, 1260, 0, 9223372036854775807, 0, 9223372036810675807
5, 1261, 0, 9223372036854775807, 0, 9223372036810640807
5, 1262, 0, 9223372036854775807, 0, 9223372036810605807
5, 1263, 0, 9223372036854775807, 0, 9223372036810570807
5, 1264, 0, 9223372036854775807, 0, 9223372036810535807
5, 1265, 0, 9223372036854775807, 0, 9223372036810500807
5, 1266, 0, 9223372036854775807, 0, 9223372036810465807
5, 1267, 0, 9223372036854775807, 0, 9223372036810430807
5, 1268, 0, 9223372036854775807, 0, 9223372036810395807
5, 1269, 0, 9223372036854775807, 0, 9223372036810360807
5, 127, 0, 9223372036854775807, 0, 9223372036850330807
5, 1270, 0, 9223372036854775807, 0, 9223372036810325807
5, 1271, 0, 9223372036854775807, 0, 9223372036810290807
5, 1272, 0, 9223372036854775807, 0, 9223372036810255807
5, 1273, 0, 9223372036854775807, 0, 9223372036810220807
5, 1274, 0, 9223372036854775807, 0, 9223372036810185807
5, 1275, 0, 9223372036854775807, 0, 9223372036810150807
5, 1276, 0, 9223372036854775807, 0, 9223372036810115807
5, 1277, 0, 9223372036854775807, 0, 9223372036810080807
5, 1278, 0, 9223372036854775807, 0, 9223372036810045807
5, 1279, 0, 9223372036854775807, 0, 9223372036810010807
5, 128, 0, 9223372036854775807, 0, 9223372036850295807
5, 1280, 0, 9223372036854775807, 0, 9223372036809975807
5, 1281, 0, 9223372036854775807, 0, 9223372036809940807
5, 1282, 0, 9223372036854775807, 0, 9223372036809905807
5, 1283, 0, 9223372036854775807, 0, 9223372036809870807
5, 1284, 0, 9223372036854775807, 0, 9223372036809835807
5, 1285, 0, 9223372036854775807, 0, 9223372036809800807
5, 1286, 0, 9223372036854775807, 0, 9223372036809765807
5, 1287, 0, 9223372036854775807, 0, 9223372036809730807
5, 1288, 0, 9223372036854775807, 0, 9223372036809695807
5, 1289, 0, 9223372036854775807, 0, 9223372036809660807
5, 129, 0, 9223372036854775807, 0, 9223372036850260807
5, 1290, 0, 9223372036854775807, 0, 9223372036809625807
5, 1291, 0, 9223372036854775807, 0, 9223372036809590807
5, 1292, 0, 9223372036854775807, 0, 9223372036809555807
5, 1293, 0, 9223372036854775807, 0, 9223372036809520807
5, 1294, 0, 9223372036854775807, 0, 9223372036809485807
5, 1295, 0, 9223372036854775807, 0, 9223372036809450807
5, 1296, 0, 9223372036854775807, 0, 9223372036809415807
5, 1297, 0, 9223372036854775807, 0, 9223372036809380807
5, 1298, 0, 9223372036854775807, 0, 9223372036809345807
5, 1299, 0, 9223372036854775807, 0, 9223372036809310807
5, 13, 0, 9223372036854775807, 0, 9223372036854320807
5, 130, 0, 9223372036854775807, 0, 9223372036850225807
5, 1300, 0, 9223372036854775807, 0, 9223372036809275807
5, 1301, 0, 9223372036854775807, 0, 9223372036809240807
5, 1302, 0, 9223372036854775807, 0, 9223372036809205807
5, 1303, 0, 9223372036854775807, 0, 9223372036809170807
5, 1304, 0, 9223372036854775807, 0, 9223372036809135807
5, 1305, 0, 9223372036854775807, 0, 9223372036809100807
5, 1306, 0, 9223372036854775807, 0, 9223372036809065807
5, 1307, 0, 9223372036854775807, 0, 9223372036809030807
5, 1308, 0, 9223372036854775807, 0, 9223372036808995807
5, 1309, 0, 9223372036854775807, 0, 9223372036808960807
5, 131, 0, 9223372036854775807, 0, 9223372036850190807
5, 1310, 0, 9223372036854775807, 0, 9223372036808925807
5, 1311, 0, 9223372036854775807, 0, 9223372036808890807
5, 1312, 0, 9223372036854775807, 0, 9223372036808855807
5, 1313, 0, 9223372036854775807, 0, 9223372036808820807
5, 1314, 0, 9223372036854775807, 0, 9223372036808785807
5, 1315, 0, 9223372036854775807, 0, 9223372036808750807
5, 1316, 0, 9223372036854775807, 0, 9223372036808715807
5, 1317, 0, 9223372036854775807, 0, 9223372036808680807
5, 1318, 0, 9223372036854775807, 0, 9223372036808645807
5, 1319, 0, 9223372036854775807, 0, 9223372036808610807
5, 132, 0, 9223372036854775807, 0, 9223372036850155807
5, 1320, 0, 9223372036854775807, 0, 9223372036808575807
5, 1321, 0, 9223372036854775807, 0, 9223372036808540807
5, 1322, 0, 9223372036854775807, 0, 9223372036808505807
5, 1323, 0, 9223372036854775807, 0, 9223372036808470807
5, 1324, 0, 9223372036854775807, 0, 9223372036808435807
5, 1325, 0, 9223372036854775807, 0, 9223372036808400807
5, 1326, 0, 9223372036854775807, 0, 9223372036808365807
5, 1327, 0, 9223372036854775807, 0, 9223372036808330807
5, 1328, 0, 9223372036854775807, 0, 9223372036808295807
5, 1329, 0, 9223372036854775807, 0, 9223372036808260807
5, 133, 0, 9223372036854775807, 0, 9223372036850120807
5, 1330, 0, 9223372036854775807, 0, 9223372036808225807
5, 1331, 0, 9223372036854775807, 0, 9223372036808190807
5, 1332, 0, 9223372036854775807, 0, 9223372036808155807
5, 1333, 0, 9223372036854775807, 0, 9223372036808120807
5, 1334, 0, 9223372036854775807, 0, 9223372036808085807
5, 1335, 0, 9223372036854775807, 0, 9223372036808050807
5, 1336, 0, 9223372036854775807, 0, 9223372036808015807
5, 1337, 0, 9223372036854775807, 0, 9223372036807980807
5, 1338, 0, 9223372036854775807, 0, 9223372036807945807
5, 1339, 0, 9223372036854775807, 0, 9223372036807910807
5, 134, 0, 9223372036854775807, 0, 9223372036850085807
5, 1340, 0, 9223372036854775807, 0, 9223372036807875807
5, 1341, 0, 9223372036854775807, 0, 9223372036807840807
5, 1342, 0, 9223372036854775807, 0, 9223372036807805807
5, 1343, 0, 9223372036854775807, 0, 9223372036807770807
5, 1344, 0, 9223372036854775807, 0, 9223372036807735807
5, 1345, 0, 9223372036854775807, 0, 9223372036807700807
5, 1346, 0, 9223372036854775807, 0, 9223372036807665807
5, 1347, 0, 9223372036854775807, 0, 9223372036807630807
5, 1348, 0, 9223372036854775807, 0, 9223372036807595807
5, 1349, 0, 9223372036854775807, 0, 9223372036807560807
5, 135, 0, 9223372036854775807, 0, 9223372036850050807
5, 1350, 0, 9223372036854775807, 0, 9223372036807525807
5, 1351, 0, 9223372036854775807, 0, 9223372036807490807
5, 1352, 0, 9223372036854775807, 0, 9223372036807455807
5, 1353, 0, 9223372036854775807, 0, 9223372036807420807
5, 1354, 0, 9223372036854775807, 0, 9223372036807385807
5, 1355, 0, 9223372036854775807, 0, 9223372036807350807
5, 1356, 0, 9223372036854775807, 0, 9223372036807315807
5, 1357, 0, 9223372036854775807, 0, 9223372036807280807
5, 1358, 0, 9223372036854775807, 0, 9223372036807245807
5, 1359, 0, 9223372036854775807, 0, 9223372036807210807
5, 136, 0, 9223372036854775807, 0, 9223372036850015807
5, 1360, 0, 9223372036854775807, 0, 9223372036807175807
5, 1361, 0, 9223372036854775807, 0, 9223372036807140807
5, 1362, 0, 9223372036854775807, 0, 9223372036807105807
5, 1363, 0, 9223372036854775807, 0, 9223372036807070807
5, 1364, 0, 9223372036854775807, 0, 9223372036807035807
5, 1365, 0, 9223372036854775807, 0, 9223372036807000807
5, 1366, 0, 9223372036854775807, 0, 9223372036806965807
5, 1367, 0, 9223372036854775807, 0, 9223372036806930807
5, 1368, 0, 9223372036854775807, 0, 9223372036806895807
5, 1369, 0, 9223372036854775807, 0, 9223372036806860807
5, 137, 0, 9223372036854775807, 0, 9223372036849980807
5, 1370, 0, 9223372036854775807, 0, 9223372036806825807
5, 1371, 0, 9223372036854775807, 0, 9223372036806790807
5, 1372, 0, 9223372036854775807, 0, 9223372036806755807
5, 1373, 0, 9223372036854775807, 0, 9223372036806720807
5, 1374, 0, 9223372036854775807, 0, 9223372036806685807
5, 1375, 0, 9223372036854775807, 0, 9223372036806650807
5, 1376, 0, 9223372036854775807, 0, 9223372036806615807
5, 1377, 0, 9223372036854775807, 0, 9223372036806580807
5, 1378, 0, 9223372036854775807, 0, 9223372036806545807
5, 1379, 0, 9223372036854775807, 0, 9223372036806510807
5, 138, 0, 9223372036854775807, 0, 9223372036849945807
5, 1380, 0, 9223372036854775807, 0, 9223372036806475807
5, 1381, 0, 9223372036854775807, 0, 9223372036806440807
5, 1382, 0, 9223372036854775807, 0, 9223372036806405807
5, 1383, 0, 9223372036854775807, 0, 9223372036806370807
5, 1384, 0, 9223372036854775807, 0, 9223372036806335807
5, 1385, 0, 9223372036854775807, 0, 9223372036806300807
5, 1386, 0, 9223372036854775807, 0, 9223372036806265807
5, 1387, 0, 9223372036854775807, 0, 9223372036806230807
5, 1388, 0, 9223372036854775807, 0, 9223372036806195807
5, 1389, 0, 9223372036854775807, 0, 9223372036806160807
5, 139, 0, 9223372036854775807, 0, 9223372036849910807
5, 1390, 0, 9223372036854775807, 0, 9223372036806125807
5, 1391, 0, 9223372036854775807, 0, 9223372036806090807
5, 1392, 0, 9223372036854775807, 0, 9223372036806055807
5, 1393, 0, 9223372036854775807, 0, 9223372036806020807
5, 1394, 0, 9223372036854775807, 0, 9223372036805985807
5, 1395, 0, 9223372036854775807, 0, 9223372036805950807
5, 1396, 0, 9223372036854775807, 0, 9223372036805915807
5, 1397, 0, 9223372036854775807, 0, 9223372036805880807
5, 1398, 0, 9223372036854775807, 0, 9223372036805845807
5, 1399, 0, 9223372036854775807, 0, 9223372036805810807
5, 14, 0, 9223372036854775807, 0, 9223372036854285807
5, 140, 0, 9223372036854775807, 0, 9223372036849875807
5, 1400, 0, 9223372036854775807, 0, 9223372036805775807
5, 1401, 0, 9223372036854775807, 0, 9223372036805740807
5, 1402, 0, 9223372036854775807, 0, 9223372036805705807
5, 1403, 0, 9223372036854775807, 0, 9223372036805670807
5, 1404, 0, 9223372036854775807, 0, 9223372036805635807
5, 1405, 0, 9223372036854775807, 0, 9223372036805600807
5, 1406, 0, 9223372036854775807, 0, 9223372036805565807
5, 1407, 0, 9223372036854775807, 0, 9223372036805530807
5, 1408, 0, 9223372036854775807, 0, 9223372036805495807
5, 1409, 0, 9223372036854775807, 0, 9223372036805460807
5, 141, 0, 9223372036854775807, 0, 9223372036849840807
5, 1410, 0, 9223372036854775807, 0, 9223372036805425807
5, 1411, 0, 9223372036854775807, 0, 9223372036805390807
5, 1412, 0, 9223372036854775807, 0, 9223372036805355807
5, 1413, 0, 9223372036854775807, 0, 9223372036805320807
5, 1414, 0, 9223372036854775807, 0, 9223372036805285807
5, 1415, 0, 9223372036854775807, 0, 9223372036805250807
5, 1416, 0, 9223372036854775807, 0, 9223372036805215807
5, 1417, 0, 9223372036854775807, 0, 9223372036805180807
5, 1418, 0, 9223372036854775807, 0, 9223372036805145807
5, 1419, 0, 9223372036854775807, 0, 9223372036805110807
5, 142, 0, 9223372036854775807, 0, 9223372036849805807
5, 1420, 0, 9223372036854775807, 0, 9223372036805075807
5, 1421, 0, 9223372036854775807, 0, 9223372036805040807
5, 1422, 0, 9223372036854775807, 0, 9223372036805005807
5, 1423, 0, 9223372036854775807, 0, 9223372036804970807
5, 1424, 0, 9223372036854775807, 0, 9223372036804935807
5, 1425, 0, 9223372036854775807, 0, 9223372036804900807
5, 1426, 0, 9223372036854775807, 0, 9223372036804865807
5, 1427, 0, 9223372036854775807, 0, 9223372036804830807
5, 1428, 0, 9223372036854775807, 0, 9223372036804795807
5, 1429, 0, 9223372036854775807, 0, 9223372036804760807
5, 143, 0, 9223372036854775807, 0, 9223372036849770807
5, 1430, 0, 9223372036854775807, 0, 9223372036804725807
5, 1431, 0, 9223372036854775807, 0, 9223372036804690807
5, 1432, 0, 9223372036854775807, 0, 9223372036804655807
5, 1433, 0, 9223372036854775807, 0, 9223372036804620807
5, 1434, 0, 9223372036854775807, 0, 9223372036804585807
5, 1435, 0, 9223372036854775807, 0, 9223372036804550807
5, 1436, 0, 9223372036854775807, 0, 9223372036804515807
5, 1437, 0, 9223372036854775807, 0, 9223372036804480807
5, 1438, 0, 9223372036854775807, 0, 9223372036804445807
5, 1439, 0, 9223372036854775807, 0, 9223372036804410807
5, 144, 0, 9223372036854775807, 0, 9223372036849735807
5, 1440, 0, 9223372036854775807, 0, 9223372036804375807
5, 1441, 0, 9223372036854775807, 0, 9223372036804340807
5, 1442, 0, 9223372036854775807, 0, 9223372036804305807
5, 1443, 0, 9223372036854775807, 0, 9223372036804270807
5, 1444, 0, 9223372036854775807, 0, 9223372036804235807
5, 1445, 0, 9223372036854775807, 0, 9223372036804200807
5, 1446, 0, 9223372036854775807, 0, 9223372036804165807
5, 1447, 0, 9223372036854775807, 0, 9223372036804130807
5, 1448, 0, 9223372036854775807, 0, 9223372036804095807
5, 1449, 0, 9223372036854775807, 0, 9223372036804060807
5, 145, 0, 9223372036854775807, 0, 9223372036849700807
5, 1450, 0, 9223372036854775807, 0, 9223372036804025807
5, 1451, 0, 9223372036854775807, 0, 9223372036803990807
5, 1452, 0, 9223372036854775807, 0, 9223372036803955807
5, 1453, 0, 9223372036854775807, 0, 9223372036803920807
5, 1454, 0, 9223372036854775807, 0, 9223372036803885807
5, 1455, 0, 9223372036854775807, 0, 9223372036803850807
5, 1456, 0, 9223372036854775807, 0, 9223372036803815807
5, 1457, 0, 9223372036854775807, 0, 9223372036803780807
5, 1458, 0, 9223372036854775807, 0, 9223372036803745807
5, 1459, 0, 9223372036854775807, 0, 9223372036803710807
5, 146, 0, 9223372036854775807, 0, 9223372036849665807
5, 1460, 0, 9223372036854775807, 0, 9223372036803675807
5, 1461, 0, 9223372036854775807, 0, 9223372036803640807
5, 1462, 0, 9223372036854775807, 0, 9223372036803605807
5, 1463, 0, 9223372036854775807, 0, 9223372036803570807
5, 1464, 0, 9223372036854775807, 0, 9223372036803535807
5, 1465, 0, 9223372036854775807, 0, 9223372036803500807
5, 1466, 0, 9223372036854775807, 0, 9223372036803465807
5, 1467, 0, 9223372036854775807, 0, 9223372036803430807
5, 1468, 0, 9223372036854775807, 0, 9223372036803395807
5, 1469, 0, 9223372036854775807, 0, 9223372036803360807
5, 147, 0, 9223372036854775807, 0, 9223372036849630807
5, 1470, 0, 9223372036854775807, 0, 9223372036803325807
5, 1471, 0, 9223372036854775807, 0, 9223372036803290807
5, 1472, 0, 9223372036854775807, 0, 9223372036803255807
5, 1473, 0, 9223372036854775807, 0, 9223372036803220807
5, 1474, 0, 9223372036854775807, 0, 9223372036803185807
5, 1475, 0, 9223372036854775807, 0, 9223372036803150807
5, 1476, 0, 9223372036854775807, 0, 9223372036803115807
5, 1477, 0, 9223372036854775807, 0, 9223372036803080807
5, 1478, 0, 9223372036854775807, 0, 9223372036803045807
5, 1479, 0, 9223372036854775807, 0, 9223372036803010807
5, 148, 0, 9223372036854775807, 0, 9223372036849595807
5, 1480, 0, 9223372036854775807, 0, 9223372036802975807
5, 1481, 0, 9223372036854775807, 0, 9223372036802940807
5, 1482, 0, 9223372036854775807, 0, 9223372036802905807
5, 1483, 0, 9223372036854775807, 0, 9223372036802870807
5, 1484, 0, 9223372036854775807, 0, 9223372036802835807
5, 1485, 0, 9223372036854775807, 0, 9223372036802800807
5, 1486, 0, 9223372036854775807, 0, 9223372036802765807
5, 1487, 0, 9223372036854775807, 0, 9223372036802730807
5, 1488, 0, 9223372036854775807, 0, 9223372036802695807
5, 1489, 0, 9223372036854775807, 0, 9223372036802660807
5, 149, 0, 9223372036854775807, 0, 9223372036849560807
5, 1490, 0, 9223372036854775807, 0, 9223372036802625807
5, 1491, 0, 9223372036854775807, 0, 9223372036802590807
5, 1492, 0, 9223372036854775807, 0, 9223372036802555807
5, 1493, 0, 9223372036854775807, 0, 9223372036802520807
5, 1494, 0, 9223372036854775807, 0, 9223372036802485807
5, 1495, 0, 9223372036854775807, 0, 9223372036802450807
5, 1496, 0, 9223372036854775807, 0, 9223372036802415807
5, 1497, 0, 9223372036854775807, 0, 9223372036802380807
5, 1498, 0, 9223372036854775807, 0, 9223372036802345807
5, 1499, 0, 9223372036854775807, 0, 9223372036802310807
5, 15, 0, 9223372036854775807, 0, 9223372036854250807
5, 150, 0, 9223372036854775807, 0, 9223372036849525807
5, 1500, 0, 9223372036854775807, 0, 9223372036802275807
5, 1501, 0, 9223372036854775807, 0, 9223372036802240807
5, 1502, 0, 9223372036854775807, 0, 9223372036802205807
5, 1503, 0, 9223372036854775807, 0, 9223372036802170807
5, 1504, 0, 9223372036854775807, 0, 9223372036802135807
5, 1505, 0, 9223372036854775807, 0, 9223372036802100807
5, 1506, 0, 9223372036854775807, 0, 9223372036802065807
5, 1507, 0, 9223372036854775807, 0, 9223372036802030807
5, 1508, 0, 9223372036854775807, 0, 9223372036801995807
5, 1509, 0, 9223372036854775807, 0, 9223372036801960807
5, 151, 0, 9223372036854775807, 0, 9223372036849490807
5, 1510, 0, 9223372036854775807, 0, 9223372036801925807
5, 1511, 0, 9223372036854775807, 0, 9223372036801890807
5, 1512, 0, 9223372036854775807, 0, 9223372036801855807
5, 1513, 0, 9223372036854775807, 0, 9223372036801820807
5, 1514, 0, 9223372036854775807, 0, 9223372036801785807
5, 1515, 0, 9223372036854775807, 0, 9223372036801750807
5, 1516, 0, 9223372036854775807, 0, 9223372036801715807
5, 1517, 0, 9223372036854775807, 0, 9223372036801680807
5, 1518, 0, 9223372036854775807, 0, 9223372036801645807
5, 1519, 0, 9223372036854775807, 0, 9223372036801610807
5, 152, 0, 9223372036854775807, 0, 9223372036849455807
5, 1520, 0, 9223372036854775807, 0, 9223372036801575807
5, 1521, 0, 9223372036854775807, 0, 9223372036801540807
5, 1522, 0, 9223372036854775807, 0, 9223372036801505807
5, 1523, 0, 9223372036854775807, 0, 9223372036801470807
5, 1524, 0, 9223372036854775807, 0, 9223372036801435807
5, 1525, 0, 9223372036854775807, 0, 9223372036801400807
5, 1526, 0, 9223372036854775807, 0, 9223372036801365807
5, 1527, 0, 9223372036854775807, 0, 9223372036801330807
5, 1528, 0, 9223372036854775807, 0, 9223372036801295807
5, 1529, 0, 9223372036854775807, 0, 9223372036801260807
5, 153, 0, 9223372036854775807, 0, 9223372036849420807
5, 1530, 0, 9223372036854775807, 0, 9223372036801225807
5, 1531, 0, 9223372036854775807, 0, 9223372036801190807
5, 1532, 0, 9223372036854775807, 0, 9223372036801155807
5, 1533, 0, 9223372036854775807, 0, 9223372036801120807
5, 1534, 0, 9223372036854775807, 0, 9223372036801085807
5, 1535, 0, 9223372036854775807, 0, 9223372036801050807
5, 1536, 0, 9223372036854775807, 0, 9223372036801015807
5, 1537, 0, 9223372036854775807, 0, 9223372036800980807
5, 1538, 0, 9223372036854775807, 0, 9223372036800945807
5, 1539, 0, 9223372036854775807, 0, 9223372036800910807
5, 154, 0, 9223372036854775807, 0, 9223372036849385807
5, 1540, 0, 9223372036854775807, 0, 9223372036800875807
5, 1541, 0, 9223372036854775807, 0, 9223372036800840807
5, 1542, 0, 9223372036854775807, 0, 9223372036800805807
5, 1543, 0, 9223372036854775807, 0, 9223372036800770807
5, 1544, 0, 9223372036854775807, 0, 9223372036800735807
5, 1545, 0, 9223372036854775807, 0, 9223372036800700807
5, 1546, 0, 9223372036854775807, 0, 9223372036800665807
5, 1547, 0, 9223372036854775807, 0, 9223372036800630807
5, 1548, 0, 9223372036854775807, 0, 9223372036800595807
5, 1549, 0, 9223372036854775807, 0, 9223372036800560807
5, 155, 0, 9223372036854775807, 0, 9223372036849350807
5, 1550, 0, 9223372036854775807, 0, 9223372036800525807
5, 1551, 0, 9223372036854775807, 0, 9223372036800490807
5, 1552, 0, 9223372036854775807, 0, 9223372036800455807
5, 1553, 0, 9223372036854775807, 0, 9223372036800420807
5, 1554, 0, 9223372036854775807, 0, 9223372036800385807
5, 1555, 0, 9223372036854775807, 0, 9223372036800350807
5, 1556, 0, 9223372036854775807, 0, 9223372036800315807
5, 1557, 0, 9223372036854775807, 0, 9223372036800280807
5, 1558, 0, 9223372036854775807, 0, 9223372036800245807
5, 1559, 0, 9223372036854775807, 0, 9223372036800210807
5, 156, 0, 9223372036854775807, 0, 9223372036849315807
5, 1560, 0, 9223372036854775807, 0, 9223372036800175807
5, 1561, 0, 9223372036854775807, 0, 9223372036800140807
5, 1562, 0, 9223372036854775807, 0, 9223372036800105807
5, 1563, 0, 9223372036854775807, 0, 9223372036800070807
5, 1564, 0, 9223372036854775807, 0, 9223372036800035807
5, 1565, 0, 9223372036854775807, 0, 9223372036800000807
5, 1566, 0, 9223372036854775807, 0, 9223372036799965807
5, 1567, 0, 9223372036854775807, 0, 9223372036799930807
5, 1568, 0, 9223372036854775807, 0, 9223372036799895807
5, 1569, 0, 9223372036854775807, 0, 9223372036799860807
5, 157, 0, 9223372036854775807, 0, 9223372036849280807
5, 1570, 0, 9223372036854775807, 0, 9223372036799825807
5, 1571, 0, 9223372036854775807, 0, 9223372036799790807
5, 1572, 0, 9223372036854775807, 0, 9223372036799755807
5, 1573, 0, 9223372036854775807, 0, 9223372036799720807
5, 1574, 0, 9223372036854775807, 0, 9223372036799685807
5, 1575, 0, 9223372036854775807, 0, 9223372036799650807
5, 1576, 0, 9223372036854775807, 0, 9223372036799615807
5, 1577, 0, 9223372036854775807, 0, 9223372036799580807
5, 1578, 0, 9223372036854775807, 0, 9223372036799545807
5, 1579, 0, 9223372036854775807, 0, 9223372036799510807
5, 158, 0, 9223372036854775807, 0, 9223372036849245807
5, 1580, 0, 9223372036854775807, 0, 9223372036799475807
5, 1581, 0, 9223372036854775807, 0, 9223372036799440807
5, 1582, 0, 9223372036854775807, 0, 9223372036799405807
5, 1583, 0, 9223372036854775807, 0, 9223372036799370807
5, 1584, 0, 9223372036854775807, 0, 9223372036799335807
5, 1585, 0, 9223372036854775807, 0, 9223372036799300807
5, 1586, 0, 9223372036854775807, 0, 9223372036799265807
5, 1587, 0, 9223372036854775807, 0, 9223372036799230807
5, 1588, 0, 9223372036854775807, 0, 9223372036799195807
5, 1589, 0, 9223372036854775807, 0, 9223372036799160807
5, 159, 0, 9223372036854775807, 0, 9223372036849210807
5, 1590, 0, 9223372036854775807, 0, 9223372036799125807
5, 1591, 0, 9223372036854775807, 0, 9223372036799090807
5, 1592, 0, 9223372036854775807, 0, 9223372036799055807
5, 1593, 0, 9223372036854775807, 0, 9223372036799020807
5, 1594, 0, 9223372036854775807, 0, 9223372036798985807
5, 1595, 0, 9223372036854775807, 0, 9223372036798950807
5, 1596, 0, 9223372036854775807, 0, 9223372036798915807
5, 1597, 0, 9223372036854775807, 0, 9223372036798880807
5, 1598, 0, 9223372036854775807, 0, 9223372036798845807
5, 1599, 0, 9223372036854775807, 0, 9223372036798810807
5, 16, 0, 9223372036854775807, 0, 9223372036854215807
5, 160, 0, 9223372036854775807, 0, 9223372036849175807
5, 1600, 0, 9223372036854775807, 0, 9223372036798775807
5, 1601, 0, 9223372036854775807, 0, 9223372036798740807
5, 1602, 0, 9223372036854775807, 0, 9223372036798705807
5, 1603, 0, 9223372036854775807, 0, 9223372036798670807
5, 1604, 0, 9223372036854775807, 0, 9223372036798635807
5, 1605, 0, 9223372036854775807, 0, 9223372036798600807
5, 1606, 0, 9223372036854775807, 0, 9223372036798565807
5, 1607, 0, 9223372036854775807, 0, 9223372036798530807
5, 1608, 0, 9223372036854775807, 0, 9223372036798495807
5, 1609, 0, 9223372036854775807, 0, 9223372036798460807
5, 161, 0, 9223372036854775807, 0, 9223372036849140807
5, 1610, 0, 9223372036854775807, 0, 9223372036798425807
5, 1611, 0, 9223372036854775807, 0, 9223372036798390807
5, 1612, 0, 9223372036854775807, 0, 9223372036798355807
5, 1613, 0, 9223372036854775807, 0, 9223372036798320807
5, 1614, 0, 9223372036854775807, 0, 9223372036798285807
5, 1615, 0, 9223372036854775807, 0, 9223372036798250807
5, 1616, 0, 9223372036854775807, 0, 9223372036798215807
5, 1617, 0, 9223372036854775807, 0, 9223372036798180807
5, 1618, 0, 9223372036854775807, 0, 9223372036798145807
5, 1619, 0, 9223372036854775807, 0, 9223372036798110807
5, 162, 0, 9223372036854775807, 0, 9223372036849105807
5, 1620, 0, 9223372036854775807, 0, 9223372036798075807
5, 1621, 0, 9223372036854775807, 0, 9223372036798040807
5, 1622, 0, 9223372036854775807, 0, 9223372036798005807
5, 1623, 0, 9223372036854775807, 0, 9223372036797970807
5, 1624, 0, 9223372036854775807, 0, 9223372036797935807
5, 1625, 0, 9223372036854775807, 0, 9223372036797900807
5, 1626, 0, 9223372036854775807, 0, 9223372036797865807
5, 1627, 0, 9223372036854775807, 0, 9223372036797830807
5, 1628, 0, 9223372036854775807, 0, 9223372036797795807
5, 1629, 0, 9223372036854775807, 0, 9223372036797760807
5, 163, 0, 9223372036854775807, 0, 9223372036849070807
5, 1630, 0, 9223372036854775807, 0, 9223372036797725807
5, 1631, 0, 9223372036854775807, 0, 9223372036797690807
5, 1632, 0, 9223372036854775807, 0, 9223372036797655807
5, 1633, 0, 9223372036854775807, 0, 9223372036797620807
5, 1634, 0, 9223372036854775807, 0, 9223372036797585807
5, 1635, 0, 9223372036854775807, 0, 9223372036797550807
5, 1636, 0, 9223372036854775807, 0, 9223372036797515807
5, 1637, 0, 9223372036854775807, 0, 9223372036797480807
5, 1638, 0, 9223372036854775807, 0, 9223372036797445807
5, 1639, 0, 9223372036854775807, 0, 9223372036797410807
5, 164, 0, 9223372036854775807, 0, 9223372036849035807
5, 1640, 0, 9223372036854775807, 0, 9223372036797375807
5, 1641, 0, 9223372036854775807, 0, 9223372036797340807
5, 1642, 0, 9223372036854775807, 0, 9223372036797305807
5, 1643, 0, 9223372036854775807, 0, 9223372036797270807
5, 1644, 0, 9223372036854775807, 0, 9223372036797235807
5, 1645, 0, 9223372036854775807, 0, 9223372036797200807
5, 1646, 0, 9223372036854775807, 0, 9223372036797165807
5, 1647, 0, 9223372036854775807, 0, 9223372036797130807
5, 1648, 0, 9223372036854775807, 0, 9223372036797095807
5, 1649, 0, 9223372036854775807, 0, 9223372036797060807
5, 165, 0, 9223372036854775807, 0, 9223372036849000807
5, 1650, 0, 9223372036854775807, 0, 9223372036797025807
5, 1651, 0, 9223372036854775807, 0, 9223372036796990807
5, 1652, 0, 9223372036854775807, 0, 9223372036796955807
5, 1653, 0, 9223372036854775807, 0, 9223372036796920807
5, 1654, 0, 9223372036854775807, 0, 9223372036796885807
5, 1655, 0, 9223372036854775807, 0, 9223372036796850807
5, 1656, 0, 9223372036854775807, 0, 9223372036796815807
5, 1657, 0, 9223372036854775807, 0, 9223372036796780807
5, 1658, 0, 9223372036854775807, 0, 9223372036796745807
5, 1659, 0, 9223372036854775807, 0, 9223372036796710807
5, 166, 0, 9223372036854775807, 0, 9223372036848965807
5, 1660, 0, 9223372036854775807, 0, 9223372036796675807
5, 1661, 0, 9223372036854775807, 0, 9223372036796640807
5, 1662, 0, 9223372036854775807, 0, 9223372036796605807
5, 1663, 0, 9223372036854775807, 0, 9223372036796570807
5, 1664, 0, 9223372036854775807, 0, 9223372036796535807
5, 1665, 0, 9223372036854775807, 0, 9223372036796500807
5, 1666, 0, 9223372036854775807, 0, 9223372036796465807
5, 1667, 0, 9223372036854775807, 0, 9223372036796430807
5, 1668, 0, 9223372036854775807, 0, 9223372036796395807
5, 1669, 0, 9223372036854775807, 0, 9223372036796360807
5, 167, 0, 9223372036854775807, 0, 9223372036848930807
5, 1670, 0, 9223372036854775807, 0, 9223372036796325807
5, 1671, 0, 9223372036854775807, 0, 9223372036796290807
5, 1672, 0, 9223372036854775807, 0, 9223372036796255807
5, 1673, 0, 9223372036854775807, 0, 9223372036796220807
5, 1674, 0, 9223372036854775807, 0, 9223372036796185807
5, 1675, 0, 9223372036854775807, 0, 9223372036796150807
5, 1676, 0, 9223372036854775807, 0, 9223372036796115807
5, 1677, 0, 9223372036854775807, 0, 9223372036796080807
5, 1678, 0, 9223372036854775807, 0, 9223372036796045807
5, 1679, 0, 9223372036854775807, 0, 9223372036796010807
5, 168, 0, 9223372036854775807, 0, 9223372036848895807
5, 1680, 0, 9223372036854775807, 0, 9223372036795975807
5, 1681, 0, 9223372036854775807, 0, 9223372036795940807
5, 1682, 0, 9223372036854775807, 0, 9223372036795905807
5, 1683, 0, 9223372036854775807, 0, 9223372036795870807
5, 1684, 0, 9223372036854775807, 0, 9223372036795835807
5, 1685, 0, 9223372036854775807, 0, 9223372036795800807
5, 1686, 0, 9223372036854775807, 0, 9223372036795765807
5, 1687, 0, 9223372036854775807, 0, 9223372036795730807
5, 1688, 0, 9223372036854775807, 0, 9223372036795695807
5, 1689, 0, 9223372036854775807, 0, 9223372036795660807
5, 169, 0, 9223372036854775807, 0, 9223372036848860807
5, 1690, 0, 9223372036854775807, 0, 9223372036795625807
5, 1691, 0, 9223372036854775807, 0, 9223372036795590807
5, 1692, 0, 9223372036854775807, 0, 9223372036795555807
5, 1693, 0, 9223372036854775807, 0, 9223372036795520807
5, 1694, 0, 9223372036854775807, 0, 9223372036795485807
5, 1695, 0, 9223372036854775807, 0, 9223372036795450807
5, 1696, 0, 9223372036854775807, 0, 9223372036795415807
5, 1697, 0, 9223372036854775807, 0, 9223372036795380807
5, 1698, 0, 9223372036854775807, 0, 9223372036795345807
5, 1699, 0, 9223372036854775807, 0, 9223372036795310807
5, 17, 0, 9223372036854775807, 0, 9223372036854180807
5, 170, 0, 9223372036854775807, 0, 9223372036848825807
5, 1700, 0, 9223372036854775807, 0, 9223372036795275807
5, 1701, 0, 9223372036854775807, 0, 9223372036795240807
5, 1702, 0, 9223372036854775807, 0, 9223372036795205807
5, 1703, 0, 9223372036854775807, 0, 9223372036795170807
5, 1704, 0, 9223372036854775807, 0, 9223372036795135807
5, 1705, 0, 9223372036854775807, 0, 9223372036795100807
5, 1706, 0, 9223372036854775807, 0, 9223372036795065807
5, 1707, 0, 9223372036854775807, 0, 9223372036795030807
5, 1708, 0, 9223372036854775807, 0, 9223372036794995807
5, 1709, 0, 9223372036854775807, 0, 9223372036794960807
5, 171, 0, 9223372036854775807, 0, 9223372036848790807
5, 1710, 0, 9223372036854775807, 0, 9223372036794925807
5, 1711, 0, 9223372036854775807, 0, 9223372036794890807
5, 1712, 0, 9223372036854775807, 0, 9223372036794855807
5, 1713, 0, 9223372036854775807, 0, 9223372036794820807
5, 1714, 0, 9223372036854775807, 0, 9223372036794785807
5, 1715, 0, 9223372036854775807, 0, 9223372036794750807
5, 1716, 0, 9223372036854775807, 0, 9223372036794715807
5, 1717, 0, 9223372036854775807, 0, 9223372036794680807
5, 1718, 0, 9223372036854775807, 0, 9223372036794645807
5, 1719, 0, 9223372036854775807, 0, 9223372036794610807
5, 172, 0, 9223372036854775807, 0, 9223372036848755807
5, 1720, 0, 9223372036854775807, 0, 9223372036794575807
5, 1721, 0, 9223372036854775807, 0, 9223372036794540807
5, 1722, 0, 9223372036854775807, 0, 9223372036794505807
5, 1723, 0, 9223372036854775807, 0, 9223372036794470807
5, 1724, 0, 9223372036854775807, 0, 9223372036794435807
5, 1725, 0, 9223372036854775807, 0, 9223372036794400807
5, 1726, 0, 9223372036854775807, 0, 9223372036794365807
5, 1727, 0, 9223372036854775807, 0, 9223372036794330807
5, 1728, 0, 9223372036854775807, 0, 9223372036794295807
5, 1729, 0, 9223372036854775807, 0, 9223372036794260807
5, 173, 0, 9223372036854775807, 0, 9223372036848720807
5, 1730, 0, 9223372036854775807, 0, 9223372036794225807
5, 1731, 0, 9223372036854775807, 0, 9223372036794190807
5, 1732, 0, 9223372036854775807, 0, 9223372036794155807
5, 1733, 0, 9223372036854775807, 0, 9223372036794120807
5, 1734, 0, 9223372036854775807, 0, 9223372036794085807
5, 1735, 0, 9223372036854775807, 0, 9223372036794050807
5, 1736, 0, 9223372036854775807, 0, 9223372036794015807
5, 1737, 0, 9223372036854775807, 0, 9223372036793980807
5, 1738, 0, 9223372036854775807, 0, 9223372036793945807
5, 1739, 0, 9223372036854775807, 0, 9223372036793910807
5, 174, 0, 9223372036854775807, 0, 9223372036848685807
5, 1740, 0, 9223372036854775807, 0, 9223372036793875807
5, 1741, 0, 9223372036854775807, 0, 9223372036793840807
5, 1742, 0, 9223372036854775807, 0, 9223372036793805807
5, 1743, 0, 9223372036854775807, 0, 9223372036793770807
5, 1744, 0, 9223372036854775807, 0, 9223372036793735807
5, 1745, 0, 9223372036854775807, 0, 9223372036793700807
5, 1746, 0, 9223372036854775807, 0, 9223372036793665807
5, 1747, 0, 9223372036854775807, 0, 9223372036793630807
5, 1748, 0, 9223372036854775807, 0, 9223372036793595807
5, 1749, 0, 9223372036854775807, 0, 9223372036793560807
5, 175, 0, 9223372036854775807, 0, 9223372036848650807
5, 1750, 0, 9223372036854775807, 0, 9223372036793525807
5, 1751, 0, 9223372036854775807, 0, 9223372036793490807
5, 1752, 0, 9223372036854775807, 0, 9223372036793455807
5, 1753, 0, 9223372036854775807, 0, 9223372036793420807
5, 1754, 0, 9223372036854775807, 0, 9223372036793385807
5, 1755, 0, 9223372036854775807, 0, 9223372036793350807
5, 1756, 0, 9223372036854775807, 0, 9223372036793315807
5, 1757, 0, 9223372036854775807, 0, 9223372036793280807
5, 1758, 0, 9223372036854775807, 0, 9223372036793245807
5, 1759, 0, 9223372036854775807, 0, 9223372036793210807
5, 176, 0, 9223372036854775807, 0, 9223372036848615807
5, 1760, 0, 9223372036854775807, 0, 9223372036793175807
5, 1761, 0, 9223372036854775807, 0, 9223372036793140807
5, 1762, 0, 9223372036854775807, 0, 9223372036793105807
5, 1763, 0, 9223372036854775807, 0, 9223372036793070807
5, 1764, 0, 9223372036854775807, 0, 9223372036793035807
5, 1765, 0, 9223372036854775807, 0, 9223372036793000807
5, 1766, 0, 9223372036854775807, 0, 9223372036792965807
5, 1767, 0, 9223372036854775807, 0, 9223372036792930807
5, 1768, 0, 9223372036854775807, 0, 9223372036792895807
5, 1769, 0, 9223372036854775807, 0, 9223372036792860807
5, 177, 0, 9223372036854775807, 0, 9223372036848580807
5, 1770, 0, 9223372036854775807, 0, 9223372036792825807
5, 1771, 0, 9223372036854775807, 0, 9223372036792790807
5, 1772, 0, 9223372036854775807, 0, 9223372036792755807
5, 1773, 0, 9223372036854775807, 0, 9223372036792720807
5, 1774, 0, 9223372036854775807, 0, 9223372036792685807
5, 1775, 0, 9223372036854775807, 0, 9223372036792650807
5, 1776, 0, 9223372036854775807, 0, 9223372036792615807
5, 1777, 0, 9223372036854775807, 0, 9223372036792580807
5, 1778, 0, 9223372036854775807, 0, 9223372036792545807
5, 1779, 0, 9223372036854775807, 0, 9223372036792510807
5, 178, 0, 9223372036854775807, 0, 9223372036848545807
5, 1780, 0, 9223372036854775807, 0, 9223372036792475807
5, 1781, 0, 9223372036854775807, 0, 9223372036792440807
5, 1782, 0, 9223372036854775807, 0, 9223372036792405807
5, 1783, 0, 9223372036854775807, 0, 9223372036792370807
5, 1784, 0, 9223372036854775807, 0, 9223372036792335807
5, 1785, 0, 9223372036854775807, 0, 9223372036792300807
5, 1786, 0, 9223372036854775807, 0, 9223372036792265807
5, 1787, 0, 9223372036854775807, 0, 9223372036792230807
5, 1788, 0, 9223372036854775807, 0, 9223372036792195807
5, 1789, 0, 9223372036854775807, 0, 9223372036792160807
5, 179, 0, 9223372036854775807, 0, 9223372036848510807
5, 1790, 0, 9223372036854775807, 0, 9223372036792125807
5, 1791, 0, 9223372036854775807, 0, 9223372036792090807
5, 1792, 0, 9223372036854775807, 0, 9223372036792055807
5, 1793, 0, 9223372036854775807, 0, 9223372036792020807
5, 1794, 0, 9223372036854775807, 0, 9223372036791985807
5, 1795, 0, 9223372036854775807, 0, 9223372036791950807
5, 1796, 0, 9223372036854775807, 0, 9223372036791915807
5, 1797, 0, 9223372036854775807, 0, 9223372036791880807
5, 1798, 0, 9223372036854775807, 0, 9223372036791845807
5, 1799, 0, 9223372036854775807, 0, 9223372036791810807
5, 18, 0, 9223372036854775807, 0, 9223372036854145807
5, 180, 0, 9223372036854775807, 0, 9223372036848475807
5, 1800, 0, 9223372036854775807, 0, 9223372036791775807
5, 1801, 0, 9223372036854775807, 0, 9223372036791740807
5, 1802, 0, 9223372036854775807, 0, 9223372036791705807
5, 1803, 0, 9223372036854775807, 0, 9223372036791670807
5, 1804, 0, 9223372036854775807, 0, 9223372036791635807
5, 1805, 0, 9223372036854775807, 0, 9223372036791600807
5, 1806, 0, 9223372036854775807, 0, 9223372036791565807
5, 1807, 0, 9223372036854775807, 0, 9223372036791530807
5, 1808, 0, 9223372036854775807, 0, 9223372036791495807
5, 1809, 0, 9223372036854775807, 0, 9223372036791460807
5, 181, 0, 9223372036854775807, 0, 9223372036848440807
5, 1810, 0, 9223372036854775807, 0, 9223372036791425807
5, 1811, 0, 9223372036854775807, 0, 9223372036791390807
5, 1812, 0, 9223372036854775807, 0, 9223372036791355807
5, 1813, 0, 9223372036854775807, 0, 9223372036791320807
5, 1814, 0, 9223372036854775807, 0, 9223372036791285807
5, 1815, 0, 9223372036854775807, 0, 9223372036791250807
5, 1816, 0, 9223372036854775807, 0, 9223372036791215807
5, 1817, 0, 9223372036854775807, 0, 9223372036791180807
5, 1818, 0, 9223372036854775807, 0, 9223372036791145807
5, 1819, 0, 9223372036854775807, 0, 9223372036791110807
5, 182, 0, 9223372036854775807, 0, 9223372036848405807
5, 1820, 0, 9223372036854775807, 0, 9223372036791075807
5, 1821, 0, 9223372036854775807, 0, 9223372036791040807
5, 1822, 0, 9223372036854775807, 0, 9223372036791005807
5, 1823, 0, 9223372036854775807, 0, 9223372036790970807
5, 1824, 0, 9223372036854775807, 0, 9223372036790935807
5, 1825, 0, 9223372036854775807, 0, 9223372036790900807
5, 1826, 0, 9223372036854775807, 0, 9223372036790865807
5, 1827, 0, 9223372036854775807, 0, 9223372036790830807
5, 1828, 0, 9223372036854775807, 0, 9223372036790795807
5, 1829, 0, 9223372036854775807, 0, 9223372036790760807
5, 183, 0, 9223372036854775807, 0, 9223372036848370807
5, 1830, 0, 9223372036854775807, 0, 9223372036790725807
5, 1831, 0, 9223372036854775807, 0, 9223372036790690807
5, 1832, 0, 9223372036854775807, 0, 9223372036790655807
5, 1833, 0, 9223372036854775807, 0, 9223372036790620807
5, 1834, 0, 9223372036854775807, 0, 9223372036790585807
5, 1835, 0, 9223372036854775807, 0, 9223372036790550807
5, 1836, 0, 9223372036854775807, 0, 9223372036790515807
5, 1837, 0, 9223372036854775807, 0, 9223372036790480807
5, 1838, 0, 9223372036854775807, 0, 9223372036790445807
5, 1839, 0, 9223372036854775807, 0, 9223372036790410807
5, 184, 0, 9223372036854775807, 0, 9223372036848335807
5, 1840, 0, 9223372036854775807, 0, 9223372036790375807
5, 1841, 0, 9223372036854775807, 0, 9223372036790340807
5, 1842, 0, 9223372036854775807, 0, 9223372036790305807
5, 1843, 0, 9223372036854775807, 0, 9223372036790270807
5, 1844, 0, 9223372036854775807, 0, 9223372036790235807
5, 1845, 0, 9223372036854775807, 0, 9223372036790200807
5, 1846, 0, 9223372036854775807, 0, 9223372036790165807
5, 1847, 0, 9223372036854775807, 0, 9223372036790130807
5, 1848, 0, 9223372036854775807, 0, 9223372036790095807
5, 1849, 0, 9223372036854775807, 0, 9223372036790060807
5, 185, 0, 9223372036854775807, 0, 9223372036848300807
5, 1850, 0, 9223372036854775807, 0, 9223372036790025807
5, 1851, 0, 9223372036854775807, 0, 9223372036789990807
5, 1852, 0, 9223372036854775807, 0, 9223372036789955807
5, 1853, 0, 9223372036854775807, 0, 9223372036789920807
5, 1854, 0, 9223372036854775807, 0, 9223372036789885807
5, 1855, 0, 9223372036854775807, 0, 9223372036789850807
5, 1856, 0, 9223372036854775807, 0, 9223372036789815807
5, 1857, 0, 9223372036854775807, 0, 9223372036789780807
5, 1858, 0, 9223372036854775807, 0, 9223372036789745807
5, 1859, 0, 9223372036854775807, 0, 9223372036789710807
5, 186, 0, 9223372036854775807, 0, 9223372036848265807
5, 1860, 0, 9223372036854775807, 0, 9223372036789675807
5, 1861, 0, 9223372036854775807, 0, 9223372036789640807
5, 1862, 0, 9223372036854775807, 0, 9223372036789605807
5, 1863, 0, 9223372036854775807, 0, 9223372036789570807
5, 1864, 0, 9223372036854775807, 0, 9223372036789535807
5, 1865, 0, 9223372036854775807, 0, 9223372036789500807
5, 1866, 0, 9223372036854775807, 0, 9223372036789465807
5, 1867, 0, 9223372036854775807, 0, 9223372036789430807
5, 1868, 0, 9223372036854775807, 0, 9223372036789395807
5, 1869, 0, 9223372036854775807, 0, 9223372036789360807
5, 187, 0, 9223372036854775807, 0, 9223372036848230807
5, 1870, 0, 9223372036854775807, 0, 9223372036789325807
5, 1871, 0, 9223372036854775807, 0, 9223372036789290807
5, 1872, 0, 9223372036854775807, 0, 9223372036789255807
5, 1873, 0, 9223372036854775807, 0, 9223372036789220807
5, 1874, 0, 9223372036854775807, 0, 9223372036789185807
5, 1875, 0, 9223372036854775807, 0, 9223372036789150807
5, 1876, 0, 9223372036854775807, 0, 9223372036789115807
5, 1877, 0, 9223372036854775807, 0, 9223372036789080807
5, 1878, 0, 9223372036854775807, 0, 9223372036789045807
5, 1879, 0, 9223372036854775807, 0, 9223372036789010807
5, 188, 0, 9223372036854775807, 0, 9223372036848195807
5, 1880, 0, 9223372036854775807, 0, 9223372036788975807
5, 1881, 0, 9223372036854775807, 0, 9223372036788940807
5, 1882, 0, 9223372036854775807, 0, 9223372036788905807
5, 1883, 0, 9223372036854775807, 0, 9223372036788870807
5, 1884, 0, 9223372036854775807, 0, 9223372036788835807
5, 1885, 0, 9223372036854775807, 0, 9223372036788800807
5, 1886, 0, 9223372036854775807, 0, 9223372036788765807
5, 1887, 0, 9223372036854775807, 0, 9223372036788730807
5, 1888, 0, 9223372036854775807, 0, 9223372036788695807
5, 1889, 0, 9223372036854775807, 0, 9223372036788660807
5, 189, 0, 9223372036854775807, 0, 9223372036848160807
5, 1890, 0, 9223372036854775807, 0, 9223372036788625807
5, 1891, 0, 9223372036854775807, 0, 9223372036788590807
5, 1892, 0, 9223372036854775807, 0, 9223372036788555807
5, 1893, 0, 9223372036854775807, 0, 9223372036788520807
5, 1894, 0, 9223372036854775807, 0, 9223372036788485807
5, 1895, 0, 9223372036854775807, 0, 9223372036788450807
5, 1896, 0, 9223372036854775807, 0, 9223372036788415807
5, 1897, 0, 9223372036854775807, 0, 9223372036788380807
5, 1898, 0, 9223372036854775807, 0, 9223372036788345807
5, 1899, 0, 9223372036854775807, 0, 9223372036788310807
5, 19, 0, 9223372036854775807, 0, 9223372036854110807
5, 190, 0, 9223372036854775807, 0, 9223372036848125807
5, 1900, 0, 9223372036854775807, 0, 9223372036788275807
5, 1901, 0, 9223372036854775807, 0, 9223372036788240807
5, 1902, 0, 9223372036854775807, 0, 9223372036788205807
5, 1903, 0, 9223372036854775807, 0, 9223372036788170807
5, 1904, 0, 9223372036854775807, 0, 9223372036788135807
5, 1905, 0, 9223372036854775807, 0, 9223372036788100807
5, 1906, 0, 9223372036854775807, 0, 9223372036788065807
5, 1907, 0, 9223372036854775807, 0, 9223372036788030807
5, 1908, 0, 9223372036854775807, 0, 9223372036787995807
5, 1909, 0, 9223372036854775807, 0, 9223372036787960807
5, 191, 0, 9223372036854775807, 0, 9223372036848090807
5, 1910, 0, 9223372036854775807, 0, 9223372036787925807
5, 1911, 0, 9223372036854775807, 0, 9223372036787890807
5, 1912, 0, 9223372036854775807, 0, 9223372036787855807
5, 1913, 0, 9223372036854775807, 0, 9223372036787820807
5, 1914, 0, 9223372036854775807, 0, 9223372036787785807
5, 1915, 0, 9223372036854775807, 0, 9223372036787750807
5, 1916, 0, 9223372036854775807, 0, 9223372036787715807
5, 1917, 0, 9223372036854775807, 0, 9223372036787680807
5, 1918, 0, 9223372036854775807, 0, 9223372036787645807
5, 1919, 0, 9223372036854775807, 0, 9223372036787610807
5, 192, 0, 9223372036854775807, 0, 9223372036848055807
5, 1920, 0, 9223372036854775807, 0, 9223372036787575807
5, 1921, 0, 9223372036854775807, 0, 9223372036787540807
5, 1922, 0, 9223372036854775807, 0, 9223372036787505807
5, 1923, 0, 9223372036854775807, 0, 9223372036787470807
5, 1924, 0, 9223372036854775807, 0, 9223372036787435807
5, 1925, 0, 9223372036854775807, 0, 9223372036787400807
5, 1926, 0, 9223372036854775807, 0, 9223372036787365807
5, 1927, 0, 9223372036854775807, 0, 9223372036787330807
5, 1928, 0, 9223372036854775807, 0, 9223372036787295807
5, 1929, 0, 9223372036854775807, 0, 9223372036787260807
5, 193, 0, 9223372036854775807, 0, 9223372036848020807
5, 1930, 0, 9223372036854775807, 0, 9223372036787225807
5, 1931, 0, 9223372036854775807, 0, 9223372036787190807
5, 1932, 0, 9223372036854775807, 0, 9223372036787155807
5, 1933, 0, 9223372036854775807, 0, 9223372036787120807
5, 1934, 0, 9223372036854775807, 0, 9223372036787085807
5, 1935, 0, 9223372036854775807, 0, 9223372036787050807
5, 1936, 0, 9223372036854775807, 0, 9223372036787015807
5, 1937, 0, 9223372036854775807, 0, 9223372036786980807
5, 1938, 0, 9223372036854775807, 0, 9223372036786945807
5, 1939, 0, 9223372036854775807, 0, 9223372036786910807
5, 194, 0, 9223372036854775807, 0, 9223372036847985807
5, 1940, 0, 9223372036854775807, 0, 9223372036786875807
5, 1941, 0, 9223372036854775807, 0, 9223372036786840807
5, 1942, 0, 9223372036854775807, 0, 9223372036786805807
5, 1943, 0, 9223372036854775807, 0, 9223372036786770807
5, 1944, 0, 9223372036854775807, 0, 9223372036786735807
5, 1945, 0, 9223372036854775807, 0, 9223372036786700807
5, 1946, 0, 9223372036854775807, 0, 9223372036786665807
5, 1947, 0, 9223372036854775807, 0, 9223372036786630807
5, 1948, 0, 9223372036854775807, 0, 9223372036786595807
5, 1949, 0, 9223372036854775807, 0, 9223372036786560807
5, 195, 0, 9223372036854775807, 0, 9223372036847950807
5, 1950, 0, 9223372036854775807, 0, 9223372036786525807
5, 1951, 0, 9223372036854775807, 0, 9223372036786490807
5, 1952, 0, 9223372036854775807, 0, 9223372036786455807
5, 1953, 0, 9223372036854775807, 0, 9223372036786420807
5, 1954, 0, 9223372036854775807, 0, 9223372036786385807
5, 1955, 0, 9223372036854775807, 0, 9223372036786350807
5, 1956, 0, 9223372036854775807, 0, 9223372036786315807
5, 1957, 0, 9223372036854775807, 0, 9223372036786280807
5, 1958, 0, 9223372036854775807, 0, 9223372036786245807
5, 1959, 0, 9223372036854775807, 0, 9223372036786210807
5, 196, 0, 9223372036854775807, 0, 9223372036847915807
5, 1960, 0, 9223372036854775807, 0, 9223372036786175807
5, 1961, 0, 9223372036854775807, 0, 9223372036786140807
5, 1962, 0, 9223372036854775807, 0, 9223372036786105807
5, 1963, 0, 9223372036854775807, 0, 9223372036786070807
5, 1964, 0, 9223372036854775807, 0, 9223372036786035807
5, 1965, 0, 9223372036854775807, 0, 9223372036786000807
5, 1966, 0, 9223372036854775807, 0, 9223372036785965807
5, 1967, 0, 9223372036854775807, 0, 9223372036785930807
5, 1968, 0, 9223372036854775807, 0, 9223372036785895807
5, 1969, 0, 9223372036854775807, 0, 9223372036785860807
5, 197, 0, 9223372036854775807, 0, 9223372036847880807
5, 1970, 0, 9223372036854775807, 0, 9223372036785825807
5, 1971, 0, 9223372036854775807, 0, 9223372036785790807
5, 1972, 0, 9223372036854775807, 0, 9223372036785755807
5, 1973, 0, 9223372036854775807, 0, 9223372036785720807
5, 1974, 0, 9223372036854775807, 0, 9223372036785685807
5, 1975, 0, 9223372036854775807, 0, 9223372036785650807
5, 1976, 0, 9223372036854775807, 0, 9223372036785615807
5, 1977, 0, 9223372036854775807, 0, 9223372036785580807
5, 1978, 0, 9223372036854775807, 0, 9223372036785545807
5, 1979, 0, 9223372036854775807, 0, 9223372036785510807
5, 198, 0, 9223372036854775807, 0, 9223372036847845807
5, 1980, 0, 9223372036854775807, 0, 9223372036785475807
5, 1981, 0, 9223372036854775807, 0, 9223372036785440807
5, 1982, 0, 9223372036854775807, 0, 9223372036785405807
5, 1983, 0, 9223372036854775807, 0, 9223372036785370807
5, 1984, 0, 9223372036854775807, 0, 9223372036785335807
5, 1985, 0, 9223372036854775807, 0, 9223372036785300807
5, 1986, 0, 9223372036854775807, 0, 9223372036785265807
5, 1987, 0, 9223372036854775807, 0, 9223372036785230807
5, 1988, 0, 9223372036854775807, 0, 9223372036785195807
5, 1989, 0, 9223372036854775807, 0, 9223372036785160807
5, 199, 0, 9223372036854775807, 0, 9223372036847810807
5, 1990, 0, 9223372036854775807, 0, 9223372036785125807
5, 1991, 0, 9223372036854775807, 0, 9223372036785090807
5, 1992, 0, 9223372036854775807, 0, 9223372036785055807
5, 1993, 0, 9223372036854775807, 0, 9223372036785020807
5, 1994, 0, 9223372036854775807, 0, 9223372036784985807
5, 1995, 0, 9223372036854775807, 0, 9223372036784950807
5, 1996, 0, 9223372036854775807, 0, 9223372036784915807
5, 1997, 0, 9223372036854775807, 0, 9223372036784880807
5, 1998, 0, 9223372036854775807, 0, 9223372036784845807
5, 1999, 0, 9223372036854775807, 0, 9223372036784810807
5, 2, 0, 9223372036854775807, 0, 9223372036854705807
5, 20, 0, 9223372036854775807, 0, 9223372036854075807
5, 200, 0, 9223372036854775807, 0, 9223372036847775807
5, 2000, 0, 9223372036854775807, 0, 9223372036784775807
5, 2001, 0, 9223372036854775807, 0, 9223372036784740807
5, 2002, 0, 9223372036854775807, 0, 9223372036784705807
5, 2003, 0, 9223372036854775807, 0, 9223372036784670807
5, 2004, 0, 9223372036854775807, 0, 9223372036784635807
5, 2005, 0, 9223372036854775807, 0, 9223372036784600807
5, 2006, 0, 9223372036854775807, 0, 9223372036784565807
5, 2007, 0, 9223372036854775807, 0, 9223372036784530807
5, 2008, 0, 9223372036854775807, 0, 9223372036784495807
5, 2009, 0, 9223372036854775807, 0, 9223372036784460807
5, 201, 0, 9223372036854775807, 0, 9223372036847740807
5, 2010, 0, 9223372036854775807, 0, 9223372036784425807
5, 2011, 0, 9223372036854775807, 0, 9223372036784390807
5, 2012, 0, 9223372036854775807, 0, 9223372036784355807
5, 2013, 0, 9223372036854775807, 0, 9223372036784320807
5, 2014, 0, 9223372036854775807, 0, 9223372036784285807
5, 2015, 0, 9223372036854775807, 0, 9223372036784250807
5, 2016, 0, 9223372036854775807, 0, 9223372036784215807
5, 2017, 0, 9223372036854775807, 0, 9223372036784180807
5, 2018, 0, 9223372036854775807, 0, 9223372036784145807
5, 2019, 0, 9223372036854775807, 0, 9223372036784110807
5, 202, 0, 9223372036854775807, 0, 9223372036847705807
5, 2020, 0, 9223372036854775807, 0, 9223372036784075807
5, 2021, 0, 9223372036854775807, 0, 9223372036784040807
5, 2022, 0, 9223372036854775807, 0, 9223372036784005807
5, 2023, 0, 9223372036854775807, 0, 9223372036783970807
5, 2024, 0, 9223372036854775807, 0, 9223372036783935807
5, 2025, 0, 9223372036854775807, 0, 9223372036783900807
5, 2026, 0, 9223372036854775807, 0, 9223372036783865807
5, 2027, 0, 9223372036854775807, 0, 9223372036783830807
5, 2028, 0, 9223372036854775807, 0, 9223372036783795807
5, 2029, 0, 9223372036854775807, 0, 9223372036783760807
5, 203, 0, 9223372036854775807, 0, 9223372036847670807
5, 2030, 0, 9223372036854775807, 0, 9223372036783725807
5, 2031, 0, 9223372036854775807, 0, 9223372036783690807
5, 2032, 0, 9223372036854775807, 0, 9223372036783655807
5, 2033, 0, 9223372036854775807, 0, 9223372036783620807
5, 2034, 0, 9223372036854775807, 0, 9223372036783585807
5, 2035, 0, 9223372036854775807, 0, 9223372036783550807
5, 2036, 0, 9223372036854775807, 0, 9223372036783515807
5, 2037, 0, 9223372036854775807, 0, 9223372036783480807
5, 2038, 0, 9223372036854775807, 0, 9223372036783445807
5, 2039, 0, 9223372036854775807, 0, 9223372036783410807
5, 204, 0, 9223372036854775807, 0, 9223372036847635807
5, 2040, 0, 9223372036854775807, 0, 9223372036783375807
5, 2041, 0, 9223372036854775807, 0, 9223372036783340807
5, 2042, 0, 9223372036854775807, 0, 9223372036783305807
5, 2043, 0, 9223372036854775807, 0, 9223372036783270807
5, 2044, 0, 9223372036854775807, 0, 9223372036783235807
5, 2045, 0, 9223372036854775807, 0, 9223372036783200807
5, 2046, 0, 9223372036854775807, 0, 9223372036783165807
5, 2047, 0, 9223372036854775807, 0, 9223372036783130807
5, 2048, 0, 9223372036854775807, 0, 9223372036783095807
5, 2049, 0, 9223372036854775807, 0, 9223372036783060807
5, 205, 0, 9223372036854775807, 0, 9223372036847600807
5, 2050, 0, 9223372036854775807, 0, 9223372036783025807
5, 2051, 0, 9223372036854775807, 0, 9223372036782990807
5, 2052, 0, 9223372036854775807, 0, 9223372036782955807
5, 2053, 0, 9223372036854775807, 0, 9223372036782920807
5, 2054, 0, 9223372036854775807, 0, 9223372036782885807
5, 2055, 0, 9223372036854775807, 0, 9223372036782850807
5, 2056, 0, 9223372036854775807, 0, 9223372036782815807
5, 2057, 0, 9223372036854775807, 0, 9223372036782780807
5, 2058, 0, 9223372036854775807, 0, 9223372036782745807
5, 2059, 0, 9223372036854775807, 0, 9223372036782710807
5, 206, 0, 9223372036854775807, 0, 9223372036847565807
5, 2060, 0, 9223372036854775807, 0, 9223372036782675807
5, 2061, 0, 9223372036854775807, 0, 9223372036782640807
5, 2062, 0, 9223372036854775807, 0, 9223372036782605807
5, 2063, 0, 9223372036854775807, 0, 9223372036782570807
5, 2064, 0, 9223372036854775807, 0, 9223372036782535807
5, 2065, 0, 9223372036854775807, 0, 9223372036782500807
5, 2066, 0, 9223372036854775807, 0, 9223372036782465807
5, 2067, 0, 9223372036854775807, 0, 9223372036782430807
5, 2068, 0, 9223372036854775807, 0, 9223372036782395807
5, 2069, 0, 9223372036854775807, 0, 9223372036782360807
5, 207, 0, 9223372036854775807, 0, 9223372036847530807
5, 2070, 0, 9223372036854775807, 0, 9223372036782325807
5, 2071, 0, 9223372036854775807, 0, 9223372036782290807
5, 2072, 0, 9223372036854775807, 0, 9223372036782255807
5, 2073, 0, 9223372036854775807, 0, 9223372036782220807
5, 2074, 0, 9223372036854775807, 0, 9223372036782185807
5, 2075, 0, 9223372036854775807, 0, 9223372036782150807
5, 2076, 0, 9223372036854775807, 0, 9223372036782115807
5, 2077, 0, 9223372036854775807, 0, 9223372036782080807
5, 2078, 0, 9223372036854775807, 0, 9223372036782045807
5, 2079, 0, 9223372036854775807, 0, 9223372036782010807
5, 208, 0, 9223372036854775807, 0, 9223372036847495807
5, 2080, 0, 9223372036854775807, 0, 9223372036781975807
5, 2081, 0, 9223372036854775807, 0, 9223372036781940807
5, 2082, 0, 9223372036854775807, 0, 9223372036781905807
5, 2083, 0, 9223372036854775807, 0, 9223372036781870807
5, 2084, 0, 9223372036854775807, 0, 9223372036781835807
5, 2085, 0, 9223372036854775807, 0, 9223372036781800807
5, 2086, 0, 9223372036854775807, 0, 9223372036781765807
5, 2087, 0, 9223372036854775807, 0, 9223372036781730807
5, 2088, 0, 9223372036854775807, 0, 9223372036781695807
5, 2089, 0, 9223372036854775807, 0, 9223372036781660807
5, 209, 0, 9223372036854775807, 0, 9223372036847460807
5, 2090, 0, 9223372036854775807, 0, 9223372036781625807
5, 2091, 0, 9223372036854775807, 0, 9223372036781590807
5, 2092, 0, 9223372036854775807, 0, 9223372036781555807
5, 2093, 0, 9223372036854775807, 0, 9223372036781520807
5, 2094, 0, 9223372036854775807, 0, 9223372036781485807
5, 2095, 0, 9223372036854775807, 0, 9223372036781450807
5, 2096, 0, 9223372036854775807, 0, 9223372036781415807
5, 2097, 0, 9223372036854775807, 0, 9223372036781380807
5, 2098, 0, 9223372036854775807, 0, 9223372036781345807
5, 2099, 0, 9223372036854775807, 0, 9223372036781310807
5, 21, 0, 9223372036854775807, 0, 9223372036854040807
5, 210, 0, 9223372036854775807, 0, 9223372036847425807
5, 2100, 0, 9223372036854775807, 0, 9223372036781275807
5, 2101, 0, 9223372036854775807, 0, 9223372036781240807
5, 2102, 0, 9223372036854775807, 0, 9223372036781205807
5, 2103, 0, 9223372036854775807, 0, 9223372036781170807
5, 2104, 0, 9223372036854775807, 0, 9223372036781135807
5, 2105, 0, 9223372036854775807, 0, 9223372036781100807
5, 2106, 0, 9223372036854775807, 0, 9223372036781065807
5, 2107, 0, 9223372036854775807, 0, 9223372036781030807
5, 2108, 0, 9223372036854775807, 0, 9223372036780995807
5, 2109, 0, 9223372036854775807, 0, 9223372036780960807
5, 211, 0, 9223372036854775807, 0, 9223372036847390807
5, 2110, 0, 9223372036854775807, 0, 9223372036780925807
5, 2111, 0, 9223372036854775807, 0, 9223372036780890807
5, 2112, 0, 9223372036854775807, 0, 9223372036780855807
5, 2113, 0, 9223372036854775807, 0, 9223372036780820807
5, 2114, 0, 9223372036854775807, 0, 9223372036780785807
5, 2115, 0, 9223372036854775807, 0, 9223372036780750807
5, 2116, 0, 9223372036854775807, 0, 9223372036780715807
5, 2117, 0, 9223372036854775807, 0, 9223372036780680807
5, 2118, 0, 9223372036854775807, 0, 9223372036780645807
5, 2119, 0, 9223372036854775807, 0, 9223372036780610807
5, 212, 0, 9223372036854775807, 0, 9223372036847355807
5, 2120, 0, 9223372036854775807, 0, 9223372036780575807
5, 2121, 0, 9223372036854775807, 0, 9223372036780540807
5, 2122, 0, 9223372036854775807, 0, 9223372036780505807
5, 2123, 0, 9223372036854775807, 0, 9223372036780470807
5, 2124, 0, 9223372036854775807, 0, 9223372036780435807
5, 2125, 0, 9223372036854775807, 0, 9223372036780400807
5, 2126, 0, 9223372036854775807, 0, 9223372036780365807
5, 2127, 0, 9223372036854775807, 0, 9223372036780330807
5, 2128, 0, 9223372036854775807, 0, 9223372036780295807
5, 2129, 0, 9223372036854775807, 0, 9223372036780260807
5, 213, 0, 9223372036854775807, 0, 9223372036847320807
5, 2130, 0, 9223372036854775807, 0, 9223372036780225807
5, 2131, 0, 9223372036854775807, 0, 9223372036780190807
5, 2132, 0, 9223372036854775807, 0, 9223372036780155807
5, 2133, 0, 9223372036854775807, 0, 9223372036780120807
5, 2134, 0, 9223372036854775807, 0, 9223372036780085807
5, 2135, 0, 9223372036854775807, 0, 9223372036780050807
5, 2136, 0, 9223372036854775807, 0, 9223372036780015807
5, 2137, 0, 9223372036854775807, 0, 9223372036779980807
5, 2138, 0, 9223372036854775807, 0, 9223372036779945807
5, 2139, 0, 9223372036854775807, 0, 9223372036779910807
5, 214, 0, 9223372036854775807, 0, 9223372036847285807
5, 2140, 0, 9223372036854775807, 0, 9223372036779875807
5, 2141, 0, 9223372036854775807, 0, 9223372036779840807
5, 2142, 0, 9223372036854775807, 0, 9223372036779805807
5, 2143, 0, 9223372036854775807, 0, 9223372036779770807
5, 2144, 0, 9223372036854775807, 0, 9223372036779735807
5, 2145, 0, 9223372036854775807, 0, 9223372036779700807
5, 2146, 0, 9223372036854775807, 0, 9223372036779665807
5, 2147, 0, 9223372036854775807, 0, 9223372036779630807
5, 2148, 0, 9223372036854775807, 0, 9223372036779595807
5, 2149, 0, 9223372036854775807, 0, 9223372036779560807
5, 215, 0, 9223372036854775807, 0, 9223372036847250807
5, 2150, 0, 9223372036854775807, 0, 9223372036779525807
5, 2151, 0, 9223372036854775807, 0, 9223372036779490807
5, 2152, 0, 9223372036854775807, 0, 9223372036779455807
5, 2153, 0, 9223372036854775807, 0, 9223372036779420807
5, 2154, 0, 9223372036854775807, 0, 9223372036779385807
5, 2155, 0, 9223372036854775807, 0, 9223372036779350807
5, 2156, 0, 9223372036854775807, 0, 9223372036779315807
5, 2157, 0, 9223372036854775807, 0, 9223372036779280807
5, 2158, 0, 9223372036854775807, 0, 9223372036779245807
5, 2159, 0, 9223372036854775807, 0, 9223372036779210807
5, 216, 0, 9223372036854775807, 0, 9223372036847215807
5, 2160, 0, 9223372036854775807, 0, 9223372036779175807
5, 2161, 0, 9223372036854775807, 0, 9223372036779140807
5, 2162, 0, 9223372036854775807, 0, 9223372036779105807
5, 2163, 0, 9223372036854775807, 0, 9223372036779070807
5, 2164, 0, 9223372036854775807, 0, 9223372036779035807
5, 2165, 0, 9223372036854775807, 0, 9223372036779000807
5, 2166, 0, 9223372036854775807, 0, 9223372036778965807
5, 2167, 0, 9223372036854775807, 0, 9223372036778930807
5, 2168, 0, 9223372036854775807, 0, 9223372036778895807
5, 2169, 0, 9223372036854775807, 0, 9223372036778860807
5, 217, 0, 9223372036854775807, 0, 9223372036847180807
5, 2170, 0, 9223372036854775807, 0, 9223372036778825807
5, 2171, 0, 9223372036854775807, 0, 9223372036778790807
5, 2172, 0, 9223372036854775807, 0, 9223372036778755807
5, 2173, 0, 9223372036854775807, 0, 9223372036778720807
5, 2174, 0, 9223372036854775807, 0, 9223372036778685807
5, 2175, 0, 9223372036854775807, 0, 9223372036778650807
5, 2176, 0, 9223372036854775807, 0, 9223372036778615807
5, 2177, 0, 9223372036854775807, 0, 9223372036778580807
5, 2178, 0, 9223372036854775807, 0, 9223372036778545807
5, 2179, 0, 9223372036854775807, 0, 9223372036778510807
5, 218, 0, 9223372036854775807, 0, 9223372036847145807
5, 2180, 0, 9223372036854775807, 0, 9223372036778475807
5, 2181, 0, 9223372036854775807, 0, 9223372036778440807
5, 2182, 0, 9223372036854775807, 0, 9223372036778405807
5, 2183, 0, 9223372036854775807, 0, 9223372036778370807
5, 2184, 0, 9223372036854775807, 0, 9223372036778335807
5, 2185, 0, 9223372036854775807, 0, 9223372036778300807
5, 2186, 0, 9223372036854775807, 0, 9223372036778265807
5, 2187, 0, 9223372036854775807, 0, 9223372036778230807
5, 2188, 0, 9223372036854775807, 0, 9223372036778195807
5, 2189, 0, 9223372036854775807, 0, 9223372036778160807
5, 219, 0, 9223372036854775807, 0, 9223372036847110807
5, 2190, 0, 9223372036854775807, 0, 9223372036778125807
5, 2191, 0, 9223372036854775807, 0, 9223372036778090807
5, 2192, 0, 9223372036854775807, 0, 9223372036778055807
5, 2193, 0, 9223372036854775807, 0, 9223372036778020807
5, 2194, 0, 9223372036854775807, 0, 9223372036777985807
5, 2195, 0, 9223372036854775807, 0, 9223372036777950807
5, 2196, 0, 9223372036854775807, 0, 9223372036777915807
5, 2197, 0, 9223372036854775807, 0, 9223372036777880807
5, 2198, 0, 9223372036854775807, 0, 9223372036777845807
5, 2199, 0, 9223372036854775807, 0, 9223372036777810807
5, 22, 0, 9223372036854775807, 0, 9223372036854005807
5, 220, 0, 9223372036854775807, 0, 9223372036847075807
5, 2200, 0, 9223372036854775807, 0, 9223372036777775807
5, 2201, 0, 9223372036854775807, 0, 9223372036777740807
5, 2202, 0, 9223372036854775807, 0, 9223372036777705807
5, 2203, 0, 9223372036854775807, 0, 9223372036777670807
5, 2204, 0, 9223372036854775807, 0, 9223372036777635807
5, 2205, 0, 9223372036854775807, 0, 9223372036777600807
5, 2206, 0, 9223372036854775807, 0, 9223372036777565807
5, 2207, 0, 9223372036854775807, 0, 9223372036777530807
5, 2208, 0, 9223372036854775807, 0, 9223372036777495807
5, 2209, 0, 9223372036854775807, 0, 9223372036777460807
5, 221, 0, 9223372036854775807, 0, 9223372036847040807
5, 2210, 0, 9223372036854775807, 0, 9223372036777425807
5, 2211, 0, 9223372036854775807, 0, 9223372036777390807
5, 2212, 0, 9223372036854775807, 0, 9223372036777355807
5, 2213, 0, 9223372036854775807, 0, 9223372036777320807
5, 2214, 0, 9223372036854775807, 0, 9223372036777285807
5, 2215, 0, 9223372036854775807, 0, 9223372036777250807
5, 2216, 0, 9223372036854775807, 0, 9223372036777215807
5, 2217, 0, 9223372036854775807, 0, 9223372036777180807
5, 2218, 0, 9223372036854775807, 0, 9223372036777145807
5, 2219, 0, 9223372036854775807, 0, 9223372036777110807
5, 222, 0, 9223372036854775807, 0, 9223372036847005807
5, 2220, 0, 9223372036854775807, 0, 9223372036777075807
5, 2221, 0, 9223372036854775807, 0, 9223372036777040807
5, 2222, 0, 9223372036854775807, 0, 9223372036777005807
5, 2223, 0, 9223372036854775807, 0, 9223372036776970807
5, 2224, 0, 9223372036854775807, 0, 9223372036776935807
5, 2225, 0, 9223372036854775807, 0, 9223372036776900807
5, 2226, 0, 9223372036854775807, 0, 9223372036776865807
5, 2227, 0, 9223372036854775807, 0, 9223372036776830807
5, 2228, 0, 9223372036854775807, 0, 9223372036776795807
5, 2229, 0, 9223372036854775807, 0, 9223372036776760807
5, 223, 0, 9223372036854775807, 0, 9223372036846970807
5, 2230, 0, 9223372036854775807, 0, 9223372036776725807
5, 2231, 0, 9223372036854775807, 0, 9223372036776690807
5, 2232, 0, 9223372036854775807, 0, 9223372036776655807
5, 2233, 0, 9223372036854775807, 0, 9223372036776620807
5, 2234, 0, 9223372036854775807, 0, 9223372036776585807
5, 2235, 0, 9223372036854775807, 0, 9223372036776550807
5, 2236, 0, 9223372036854775807, 0, 9223372036776515807
5, 2237, 0, 9223372036854775807, 0, 9223372036776480807
5, 2238, 0, 9223372036854775807, 0, 9223372036776445807
5, 2239, 0, 9223372036854775807, 0, 9223372036776410807
5, 224, 0, 9223372036854775807, 0, 9223372036846935807
5, 2240, 0, 9223372036854775807, 0, 9223372036776375807
5, 2241, 0, 9223372036854775807, 0, 9223372036776340807
5, 2242, 0, 9223372036854775807, 0, 9223372036776305807
5, 2243, 0, 9223372036854775807, 0, 9223372036776270807
5, 2244, 0, 9223372036854775807, 0, 9223372036776235807
5, 2245, 0, 9223372036854775807, 0, 9223372036776200807
5, 2246, 0, 9223372036854775807, 0, 9223372036776165807
5, 2247, 0, 9223372036854775807, 0, 9223372036776130807
5, 2248, 0, 9223372036854775807, 0, 9223372036776095807
5, 2249, 0, 9223372036854775807, 0, 9223372036776060807
5, 225, 0, 9223372036854775807, 0, 9223372036846900807
5, 2250, 0, 9223372036854775807, 0, 9223372036776025807
5, 2251, 0, 9223372036854775807, 0, 9223372036775990807
5, 2252, 0, 9223372036854775807, 0, 9223372036775955807
5, 2253, 0, 9223372036854775807, 0, 9223372036775920807
5, 2254, 0, 9223372036854775807, 0, 9223372036775885807
5, 2255, 0, 9223372036854775807, 0, 9223372036775850807
5, 2256, 0, 9223372036854775807, 0, 9223372036775815807
5, 2257, 0, 9223372036854775807, 0, 9223372036775780807
5, 2258, 0, 9223372036854775807, 0, 9223372036775745807
5, 2259, 0, 9223372036854775807, 0, 9223372036775710807
5, 226, 0, 9223372036854775807, 0, 9223372036846865807
5, 2260, 0, 9223372036854775807, 0, 9223372036775675807
5, 2261, 0, 9223372036854775807, 0, 9223372036775640807
5, 2262, 0, 9223372036854775807, 0, 9223372036775605807
5, 2263, 0, 9223372036854775807, 0, 9223372036775570807
5, 2264, 0, 9223372036854775807, 0, 9223372036775535807
5, 2265, 0, 9223372036854775807, 0, 9223372036775500807
5, 2266, 0, 9223372036854775807, 0, 9223372036775465807
5, 2267, 0, 9223372036854775807, 0, 9223372036775430807
5, 2268, 0, 9223372036854775807, 0, 9223372036775395807
5, 2269, 0, 9223372036854775807, 0, 9223372036775360807
5, 227, 0, 9223372036854775807, 0, 9223372036846830807
5, 2270, 0, 9223372036854775807, 0, 9223372036775325807
5, 2271, 0, 9223372036854775807, 0, 9223372036775290807
5, 2272, 0, 9223372036854775807, 0, 9223372036775255807
5, 2273, 0, 9223372036854775807, 0, 9223372036775220807
5, 2274, 0, 9223372036854775807, 0, 9223372036775185807
5, 2275, 0, 9223372036854775807, 0, 9223372036775150807
5, 2276, 0, 9223372036854775807, 0, 9223372036775115807
5, 2277, 0, 9223372036854775807, 0, 9223372036775080807
5, 2278, 0, 9223372036854775807, 0, 9223372036775045807
5, 2279, 0, 9223372036854775807, 0, 9223372036775010807
5, 228, 0, 9223372036854775807, 0, 9223372036846795807
5, 2280, 0, 9223372036854775807, 0, 9223372036774975807
5, 2281, 0, 9223372036854775807, 0, 9223372036774940807
5, 2282, 0, 9223372036854775807, 0, 9223372036774905807
5, 2283, 0, 9223372036854775807, 0, 9223372036774870807
5, 2284, 0, 9223372036854775807, 0, 9223372036774835807
5, 2285, 0, 9223372036854775807, 0, 9223372036774800807
5, 2286, 0, 9223372036854775807, 0, 9223372036774765807
5, 2287, 0, 9223372036854775807, 0, 9223372036774730807
5, 2288, 0, 9223372036854775807, 0, 9223372036774695807
5, 2289, 0, 9223372036854775807, 0, 9223372036774660807
5, 229, 0, 9223372036854775807, 0, 9223372036846760807
5, 2290, 0, 9223372036854775807, 0, 9223372036774625807
5, 2291, 0, 9223372036854775807, 0, 9223372036774590807
5, 2292, 0, 9223372036854775807, 0, 9223372036774555807
5, 2293, 0, 9223372036854775807, 0, 9223372036774520807
5, 2294, 0, 9223372036854775807, 0, 9223372036774485807
5, 2295, 0, 9223372036854775807, 0, 9223372036774450807
5, 2296, 0, 9223372036854775807, 0, 9223372036774415807
5, 2297, 0, 9223372036854775807, 0, 9223372036774380807
5, 2298, 0, 9223372036854775807, 0, 9223372036774345807
5, 2299, 0, 9223372036854775807, 0, 9223372036774310807
5, 23, 0, 9223372036854775807, 0, 9223372036853970807
5, 230, 0, 9223372036854775807, 0, 9223372036846725807
5, 2300, 0, 9223372036854775807, 0, 9223372036774275807
5, 2301, 0, 9223372036854775807, 0, 9223372036774240807
5, 2302, 0, 9223372036854775807, 0, 9223372036774205807
5, 2303, 0, 9223372036854775807, 0, 9223372036774170807
5, 2304, 0, 9223372036854775807, 0, 9223372036774135807
5, 2305, 0, 9223372036854775807, 0, 9223372036774100807
5, 2306, 0, 9223372036854775807, 0, 9223372036774065807
5, 2307, 0, 9223372036854775807, 0, 9223372036774030807
5, 2308, 0, 9223372036854775807, 0, 9223372036773995807
5, 2309, 0, 9223372036854775807, 0, 9223372036773960807
5, 231, 0, 9223372036854775807, 0, 9223372036846690807
5, 2310, 0, 9223372036854775807, 0, 9223372036773925807
5, 2311, 0, 9223372036854775807, 0, 9223372036773890807
5, 2312, 0, 9223372036854775807, 0, 9223372036773855807
5, 2313, 0, 9223372036854775807, 0, 9223372036773820807
5, 2314, 0, 9223372036854775807, 0, 9223372036773785807
5, 2315, 0, 9223372036854775807, 0, 9223372036773750807
5, 2316, 0, 9223372036854775807, 0, 9223372036773715807
5, 2317, 0, 9223372036854775807, 0, 9223372036773680807
5, 2318, 0, 9223372036854775807, 0, 9223372036773645807
5, 2319, 0, 9223372036854775807, 0, 9223372036773610807
5, 232, 0, 9223372036854775807, 0, 9223372036846655807
5, 2320, 0, 9223372036854775807, 0, 9223372036773575807
5, 2321, 0, 9223372036854775807, 0, 9223372036773540807
5, 2322, 0, 9223372036854775807, 0, 9223372036773505807
5, 2323, 0, 9223372036854775807, 0, 9223372036773470807
5, 2324, 0, 9223372036854775807, 0, 9223372036773435807
5, 2325, 0, 9223372036854775807, 0, 9223372036773400807
5, 2326, 0, 9223372036854775807, 0, 9223372036773365807
5, 2327, 0, 9223372036854775807, 0, 9223372036773330807
5, 2328, 0, 9223372036854775807, 0, 9223372036773295807
5, 2329, 0, 9223372036854775807, 0, 9223372036773260807
5, 233, 0, 9223372036854775807, 0, 9223372036846620807
5, 2330, 0, 9223372036854775807, 0, 9223372036773225807
5, 2331, 0, 9223372036854775807, 0, 9223372036773190807
5, 2332, 0, 9223372036854775807, 0, 9223372036773155807
5, 2333, 0, 9223372036854775807, 0, 9223372036773120807
5, 2334, 0, 9223372036854775807, 0, 9223372036773085807
5, 2335, 0, 9223372036854775807, 0, 9223372036773050807
5, 2336, 0, 9223372036854775807, 0, 9223372036773015807
5, 2337, 0, 9223372036854775807, 0, 9223372036772980807
5, 2338, 0, 9223372036854775807, 0, 9223372036772945807
5, 2339, 0, 9223372036854775807, 0, 9223372036772910807
5, 234, 0, 9223372036854775807, 0, 9223372036846585807
5, 2340, 0, 9223372036854775807, 0, 9223372036772875807
5, 2341, 0, 9223372036854775807, 0, 9223372036772840807
5, 2342, 0, 9223372036854775807, 0, 9223372036772805807
5, 2343, 0, 9223372036854775807, 0, 9223372036772770807
5, 2344, 0, 9223372036854775807, 0, 9223372036772735807
5, 2345, 0, 9223372036854775807, 0, 9223372036772700807
5, 2346, 0, 9223372036854775807, 0, 9223372036772665807
5, 2347, 0, 9223372036854775807, 0, 9223372036772630807
5, 2348, 0, 9223372036854775807, 0, 9223372036772595807
5, 2349, 0, 9223372036854775807, 0, 9223372036772560807
5, 235, 0, 9223372036854775807, 0, 9223372036846550807
5, 2350, 0, 9223372036854775807, 0, 9223372036772525807
5, 2351, 0, 9223372036854775807, 0, 9223372036772490807
5, 2352, 0, 9223372036854775807, 0, 9223372036772455807
5, 2353, 0, 9223372036854775807, 0, 9223372036772420807
5, 2354, 0, 9223372036854775807, 0, 9223372036772385807
5, 2355, 0, 9223372036854775807, 0, 9223372036772350807
5, 2356, 0, 9223372036854775807, 0, 9223372036772315807
5, 2357, 0, 9223372036854775807, 0, 9223372036772280807
5, 2358, 0, 9223372036854775807, 0, 9223372036772245807
5, 2359, 0, 9223372036854775807, 0, 9223372036772210807
5, 236, 0, 9223372036854775807, 0, 9223372036846515807
5, 2360, 0, 9223372036854775807, 0, 9223372036772175807
5, 2361, 0, 9223372036854775807, 0, 9223372036772140807
5, 2362, 0, 9223372036854775807, 0, 9223372036772105807
5, 2363, 0, 9223372036854775807, 0, 9223372036772070807
5, 2364, 0, 9223372036854775807, 0, 9223372036772035807
5, 2365, 0, 9223372036854775807, 0, 9223372036772000807
5, 2366, 0, 9223372036854775807, 0, 9223372036771965807
5, 2367, 0, 9223372036854775807, 0, 9223372036771930807
5, 2368, 0, 9223372036854775807, 0, 9223372036771895807
5, 2369, 0, 9223372036854775807, 0, 9223372036771860807
5, 237, 0, 9223372036854775807, 0, 9223372036846480807
5, 2370, 0, 9223372036854775807, 0, 9223372036771825807
5, 2371, 0, 9223372036854775807, 0, 9223372036771790807
5, 2372, 0, 9223372036854775807, 0, 9223372036771755807
5, 2373, 0, 9223372036854775807, 0, 9223372036771720807
5, 2374, 0, 9223372036854775807, 0, 9223372036771685807
5, 2375, 0, 9223372036854775807, 0, 9223372036771650807
5, 2376, 0, 9223372036854775807, 0, 9223372036771615807
5, 2377, 0, 9223372036854775807, 0, 9223372036771580807
5, 2378, 0, 9223372036854775807, 0, 9223372036771545807
5, 2379, 0, 9223372036854775807, 0, 9223372036771510807
5, 238, 0, 9223372036854775807, 0, 9223372036846445807
5, 2380, 0, 9223372036854775807, 0, 9223372036771475807
5, 2381, 0, 9223372036854775807, 0, 9223372036771440807
5, 2382, 0, 9223372036854775807, 0, 9223372036771405807
5, 2383, 0, 9223372036854775807, 0, 9223372036771370807
5, 2384, 0, 9223372036854775807, 0, 9223372036771335807
5, 2385, 0, 9223372036854775807, 0, 9223372036771300807
5, 2386, 0, 9223372036854775807, 0, 9223372036771265807
5, 2387, 0, 9223372036854775807, 0, 9223372036771230807
5, 2388, 0, 9223372036854775807, 0, 9223372036771195807
5, 2389, 0, 9223372036854775807, 0, 9223372036771160807
5, 239, 0, 9223372036854775807, 0, 9223372036846410807
5, 2390, 0, 9223372036854775807, 0, 9223372036771125807
5, 2391, 0, 9223372036854775807, 0, 9223372036771090807
5, 2392, 0, 9223372036854775807, 0, 9223372036771055807
5, 2393, 0, 9223372036854775807, 0, 9223372036771020807
5, 2394, 0, 9223372036854775807, 0, 9223372036770985807
5, 2395, 0, 9223372036854775807, 0, 9223372036770950807
5, 2396, 0, 9223372036854775807, 0, 9223372036770915807
5, 2397, 0, 9223372036854775807, 0, 9223372036770880807
5, 2398, 0, 9223372036854775807, 0, 9223372036770845807
5, 2399, 0, 9223372036854775807, 0, 9223372036770810807
5, 24, 0, 9223372036854775807, 0, 9223372036853935807
5, 240, 0, 9223372036854775807, 0, 9223372036846375807
5, 2400, 0, 9223372036854775807, 0, 9223372036770775807
5, 2401, 0, 9223372036854775807, 0, 9223372036770740807
5, 2402, 0, 9223372036854775807, 0, 9223372036770705807
5, 2403, 0, 9223372036854775807, 0, 9223372036770670807
5, 2404, 0, 9223372036854775807, 0, 9223372036770635807
5, 2405, 0, 9223372036854775807, 0, 9223372036770600807
5, 2406, 0, 9223372036854775807, 0, 9223372036770565807
5, 2407, 0, 9223372036854775807, 0, 9223372036770530807
5, 2408, 0, 9223372036854775807, 0, 9223372036770495807
5, 2409, 0, 9223372036854775807, 0, 9223372036770460807
5, 241, 0, 9223372036854775807, 0, 9223372036846340807
5, 2410, 0, 9223372036854775807, 0, 9223372036770425807
5, 2411, 0, 9223372036854775807, 0, 9223372036770390807
5, 2412, 0, 9223372036854775807, 0, 9223372036770355807
5, 2413, 0, 9223372036854775807, 0, 9223372036770320807
5, 2414, 0, 9223372036854775807, 0, 9223372036770285807
5, 2415, 0, 9223372036854775807, 0, 9223372036770250807
5, 2416, 0, 9223372036854775807, 0, 9223372036770215807
5, 2417, 0, 9223372036854775807, 0, 9223372036770180807
5, 2418, 0, 9223372036854775807, 0, 9223372036770145807
5, 2419, 0, 9223372036854775807, 0, 9223372036770110807
5, 242, 0, 9223372036854775807, 0, 9223372036846305807
5, 2420, 0, 9223372036854775807, 0, 9223372036770075807
5, 2421, 0, 9223372036854775807, 0, 9223372036770040807
5, 2422, 0, 9223372036854775807, 0, 9223372036770005807
5, 2423, 0, 9223372036854775807, 0, 9223372036769970807
5, 2424, 0, 9223372036854775807, 0, 9223372036769935807
5, 2425, 0, 9223372036854775807, 0, 9223372036769900807
5, 2426, 0, 9223372036854775807, 0, 9223372036769865807
5, 2427, 0, 9223372036854775807, 0, 9223372036769830807
5, 2428, 0, 9223372036854775807, 0, 9223372036769795807
5, 2429, 0, 9223372036854775807, 0, 9223372036769760807
5, 243, 0, 9223372036854775807, 0, 9223372036846270807
5, 2430, 0, 9223372036854775807, 0, 9223372036769725807
5, 2431, 0, 9223372036854775807, 0, 9223372036769690807
5, 2432, 0, 9223372036854775807, 0, 9223372036769655807
5, 2433, 0, 9223372036854775807, 0, 9223372036769620807
5, 2434, 0, 9223372036854775807, 0, 9223372036769585807
5, 2435, 0, 9223372036854775807, 0, 9223372036769550807
5, 2436, 0, 9223372036854775807, 0, 9223372036769515807
5, 2437, 0, 9223372036854775807, 0, 9223372036769480807
5, 2438, 0, 9223372036854775807, 0, 9223372036769445807
5, 2439, 0, 9223372036854775807, 0, 9223372036769410807
5, 244, 0, 9223372036854775807, 0, 9223372036846235807
5, 2440, 0, 9223372036854775807, 0, 9223372036769375807
5, 2441, 0, 9223372036854775807, 0, 9223372036769340807
5, 2442, 0, 9223372036854775807, 0, 9223372036769305807
5, 2443, 0, 9223372036854775807, 0, 9223372036769270807
5, 2444, 0, 9223372036854775807, 0, 9223372036769235807
5, 2445, 0, 9223372036854775807, 0, 9223372036769200807
5, 2446, 0, 9223372036854775807, 0, 9223372036769165807
5, 2447, 0, 9223372036854775807, 0, 9223372036769130807
5, 2448, 0, 9223372036854775807, 0, 9223372036769095807
5, 2449, 0, 9223372036854775807, 0, 9223372036769060807
5, 245, 0, 9223372036854775807, 0, 9223372036846200807
5, 2450, 0, 9223372036854775807, 0, 9223372036769025807
5, 2451, 0, 9223372036854775807, 0, 9223372036768990807
5, 2452, 0, 9223372036854775807, 0, 9223372036768955807
5, 2453, 0, 9223372036854775807, 0, 9223372036768920807
5, 2454, 0, 9223372036854775807, 0, 9223372036768885807
5, 2455, 0, 9223372036854775807, 0, 9223372036768850807
5, 2456, 0, 9223372036854775807, 0, 9223372036768815807
5, 2457, 0, 9223372036854775807, 0, 9223372036768780807
5, 2458, 0, 9223372036854775807, 0, 9223372036768745807
5, 2459, 0, 9223372036854775807, 0, 9223372036768710807
5, 246, 0, 9223372036854775807, 0, 9223372036846165807
5, 2460, 0, 9223372036854775807, 0, 9223372036768675807
5, 2461, 0, 9223372036854775807, 0, 9223372036768640807
5, 2462, 0, 9223372036854775807, 0, 9223372036768605807
5, 2463, 0, 9223372036854775807, 0, 9223372036768570807
5, 2464, 0, 9223372036854775807, 0, 9223372036768535807
5, 2465, 0, 9223372036854775807, 0, 9223372036768500807
5, 2466, 0, 9223372036854775807, 0, 9223372036768465807
5, 2467, 0, 9223372036854775807, 0, 9223372036768430807
5, 2468, 0, 9223372036854775807, 0, 9223372036768395807
5, 2469, 0, 9223372036854775807, 0, 9223372036768360807
5, 247, 0, 9223372036854775807, 0, 9223372036846130807
5, 2470, 0, 9223372036854775807, 0, 9223372036768325807
5, 2471, 0, 9223372036854775807, 0, 9223372036768290807
5, 2472, 0, 9223372036854775807, 0, 9223372036768255807
5, 2473, 0, 9223372036854775807, 0, 9223372036768220807
5, 2474, 0, 9223372036854775807, 0, 9223372036768185807
5, 2475, 0, 9223372036854775807, 0, 9223372036768150807
5, 2476, 0, 9223372036854775807, 0, 9223372036768115807
5, 2477, 0, 9223372036854775807, 0, 9223372036768080807
5, 2478, 0, 9223372036854775807, 0, 9223372036768045807
5, 2479, 0, 9223372036854775807, 0, 9223372036768010807
5, 248, 0, 9223372036854775807, 0, 9223372036846095807
5, 2480, 0, 9223372036854775807, 0, 9223372036767975807
5, 2481, 0, 9223372036854775807, 0, 9223372036767940807
5, 2482, 0, 9223372036854775807, 0, 9223372036767905807
5, 2483, 0, 9223372036854775807, 0, 9223372036767870807
5, 2484, 0, 9223372036854775807, 0, 9223372036767835807
5, 2485, 0, 9223372036854775807, 0, 9223372036767800807
5, 2486, 0, 9223372036854775807, 0, 9223372036767765807
5, 2487, 0, 9223372036854775807, 0, 9223372036767730807
5, 2488, 0, 9223372036854775807, 0, 9223372036767695807
5, 2489, 0, 9223372036854775807, 0, 9223372036767660807
5, 249, 0, 9223372036854775807, 0, 9223372036846060807
5, 2490, 0, 9223372036854775807, 0, 9223372036767625807
5, 2491, 0, 9223372036854775807, 0, 9223372036767590807
5, 2492, 0, 9223372036854775807, 0, 9223372036767555807
5, 2493, 0, 9223372036854775807, 0, 9223372036767520807
5, 2494, 0, 9223372036854775807, 0, 9223372036767485807
5, 2495, 0, 9223372036854775807, 0, 9223372036767450807
5, 2496, 0, 9223372036854775807, 0, 9223372036767415807
5, 2497, 0, 9223372036854775807, 0, 9223372036767380807
5, 2498, 0, 9223372036854775807, 0, 9223372036767345807
5, 2499, 0, 9223372036854775807, 0, 9223372036767310807
5, 25, 0, 9223372036854775807, 0, 9223372036853900807
5, 250, 0, 9223372036854775807, 0, 9223372036846025807
5, 2500, 0, 9223372036854775807, 0, 9223372036767275807
5, 2501, 0, 9223372036854775807, 0, 9223372036767240807
5, 2502, 0, 9223372036854775807, 0, 9223372036767205807
5, 2503, 0, 9223372036854775807, 0, 9223372036767170807
5, 2504, 0, 9223372036854775807, 0, 9223372036767135807
5, 2505, 0, 9223372036854775807, 0, 9223372036767100807
5, 2506, 0, 9223372036854775807, 0, 9223372036767065807
5, 2507, 0, 9223372036854775807, 0, 9223372036767030807
5, 2508, 0, 9223372036854775807, 0, 9223372036766995807
5, 2509, 0, 9223372036854775807, 0, 9223372036766960807
5, 251, 0, 9223372036854775807, 0, 9223372036845990807
5, 2510, 0, 9223372036854775807, 0, 9223372036766925807
5, 2511, 0, 9223372036854775807, 0, 9223372036766890807
5, 2512, 0, 9223372036854775807, 0, 9223372036766855807
5, 2513, 0, 9223372036854775807, 0, 9223372036766820807
5, 2514, 0, 9223372036854775807, 0, 9223372036766785807
5, 2515, 0, 9223372036854775807, 0, 9223372036766750807
5, 2516, 0, 9223372036854775807, 0, 9223372036766715807
5, 2517, 0, 9223372036854775807, 0, 9223372036766680807
5, 2518, 0, 9223372036854775807, 0, 9223372036766645807
5, 2519, 0, 9223372036854775807, 0, 9223372036766610807
5, 252, 0, 9223372036854775807, 0, 9223372036845955807
5, 2520, 0, 9223372036854775807, 0, 9223372036766575807
5, 2521, 0, 9223372036854775807, 0, 9223372036766540807
5, 2522, 0, 9223372036854775807, 0, 9223372036766505807
5, 2523, 0, 9223372036854775807, 0, 9223372036766470807
5, 2524, 0, 9223372036854775807, 0, 9223372036766435807
5, 2525, 0, 9223372036854775807, 0, 9223372036766400807
5, 2526, 0, 9223372036854775807, 0, 9223372036766365807
5, 2527, 0, 9223372036854775807, 0, 9223372036766330807
5, 2528, 0, 9223372036854775807, 0, 9223372036766295807
5, 2529, 0, 9223372036854775807, 0, 9223372036766260807
5, 253, 0, 9223372036854775807, 0, 9223372036845920807
5, 2530, 0, 9223372036854775807, 0, 9223372036766225807
5, 2531, 0, 9223372036854775807, 0, 9223372036766190807
5, 2532, 0, 9223372036854775807, 0, 9223372036766155807
5, 2533, 0, 9223372036854775807, 0, 9223372036766120807
5, 2534, 0, 9223372036854775807, 0, 9223372036766085807
5, 2535, 0, 9223372036854775807, 0, 9223372036766050807
5, 2536, 0, 9223372036854775807, 0, 9223372036766015807
5, 2537, 0, 9223372036854775807, 0, 9223372036765980807
5, 2538, 0, 9223372036854775807, 0, 9223372036765945807
5, 2539, 0, 9223372036854775807, 0, 9223372036765910807
5, 254, 0, 9223372036854775807, 0, 9223372036845885807
5, 2540, 0, 9223372036854775807, 0, 9223372036765875807
5, 2541, 0, 9223372036854775807, 0, 9223372036765840807
5, 2542, 0, 9223372036854775807, 0, 9223372036765805807
5, 2543, 0, 9223372036854775807, 0, 9223372036765770807
5, 2544, 0, 9223372036854775807, 0, 9223372036765735807
5, 2545, 0, 9223372036854775807, 0, 9223372036765700807
5, 2546, 0, 9223372036854775807, 0, 9223372036765665807
5, 2547, 0, 9223372036854775807, 0, 9223372036765630807
5, 2548, 0, 9223372036854775807, 0, 9223372036765595807
5, 2549, 0, 9223372036854775807, 0, 9223372036765560807
5, 255, 0, 9223372036854775807, 0, 9223372036845850807
5, 2550, 0, 9223372036854775807, 0, 9223372036765525807
5, 2551, 0, 9223372036854775807, 0, 9223372036765490807
5, 2552, 0, 9223372036854775807, 0, 9223372036765455807
5, 2553, 0, 9223372036854775807, 0, 9223372036765420807
5, 2554, 0, 9223372036854775807, 0, 9223372036765385807
5, 2555, 0, 9223372036854775807, 0, 9223372036765350807
5, 2556, 0, 9223372036854775807, 0, 9223372036765315807
5, 2557, 0, 9223372036854775807, 0, 9223372036765280807
5, 2558, 0, 9223372036854775807, 0, 9223372036765245807
5, 2559, 0, 9223372036854775807, 0, 9223372036765210807
5, 256, 0, 9223372036854775807, 0, 9223372036845815807
5, 2560, 0, 9223372036854775807, 0, 9223372036765175807
5, 2561, 0, 9223372036854775807, 0, 9223372036765140807
5, 2562, 0, 9223372036854775807, 0, 9223372036765105807
5, 2563, 0, 9223372036854775807, 0, 9223372036765070807
5, 2564, 0, 9223372036854775807, 0, 9223372036765035807
5, 2565, 0, 9223372036854775807, 0, 9223372036765000807
5, 2566, 0, 9223372036854775807, 0, 9223372036764965807
5, 2567, 0, 9223372036854775807, 0, 9223372036764930807
5, 2568, 0, 9223372036854775807, 0, 9223372036764895807
5, 2569, 0, 9223372036854775807, 0, 9223372036764860807
5, 257, 0, 9223372036854775807, 0, 9223372036845780807
5, 2570, 0, 9223372036854775807, 0, 9223372036764825807
5, 2571, 0, 9223372036854775807, 0, 9223372036764790807
5, 2572, 0, 9223372036854775807, 0, 9223372036764755807
5, 2573, 0, 9223372036854775807, 0, 9223372036764720807
5, 2574, 0, 9223372036854775807, 0, 9223372036764685807
5, 2575, 0, 9223372036854775807, 0, 9223372036764650807
5, 2576, 0, 9223372036854775807, 0, 9223372036764615807
5, 2577, 0, 9223372036854775807, 0, 9223372036764580807
5, 2578, 0, 9223372036854775807, 0, 9223372036764545807
5, 2579, 0, 9223372036854775807, 0, 9223372036764510807
5, 258, 0, 9223372036854775807, 0, 9223372036845745807
5, 2580, 0, 9223372036854775807, 0, 9223372036764475807
5, 2581, 0, 9223372036854775807, 0, 9223372036764440807
5, 2582, 0, 9223372036854775807, 0, 9223372036764405807
5, 2583, 0, 9223372036854775807, 0, 9223372036764370807
5, 2584, 0, 9223372036854775807, 0, 9223372036764335807
5, 2585, 0, 9223372036854775807, 0, 9223372036764300807
5, 2586, 0, 9223372036854775807, 0, 9223372036764265807
5, 2587, 0, 9223372036854775807, 0, 9223372036764230807
5, 2588, 0, 9223372036854775807, 0, 9223372036764195807
5, 2589, 0, 9223372036854775807, 0, 9223372036764160807
5, 259, 0, 9223372036854775807, 0, 9223372036845710807
5, 2590, 0, 9223372036854775807, 0, 9223372036764125807
5, 2591, 0, 9223372036854775807, 0, 9223372036764090807
5, 2592, 0, 9223372036854775807, 0, 9223372036764055807
5, 2593, 0, 9223372036854775807, 0, 9223372036764020807
5, 2594, 0, 9223372036854775807, 0, 9223372036763985807
5, 2595, 0, 9223372036854775807, 0, 9223372036763950807
5, 2596, 0, 9223372036854775807, 0, 9223372036763915807
5, 2597, 0, 9223372036854775807, 0, 9223372036763880807
5, 2598, 0, 9223372036854775807, 0, 9223372036763845807
5, 2599, 0, 9223372036854775807, 0, 9223372036763810807
5, 26, 0, 9223372036854775807, 0, 9223372036853865807
5, 260, 0, 9223372036854775807, 0, 9223372036845675807
5, 2600, 0, 9223372036854775807, 0, 9223372036763775807
5, 2601, 0, 9223372036854775807, 0, 9223372036763740807
5, 2602, 0, 9223372036854775807, 0, 9223372036763705807
5, 2603, 0, 9223372036854775807, 0, 9223372036763670807
5, 2604, 0, 9223372036854775807, 0, 9223372036763635807
5, 2605, 0, 9223372036854775807, 0, 9223372036763600807
5, 2606, 0, 9223372036854775807, 0, 9223372036763565807
5, 2607, 0, 9223372036854775807, 0, 9223372036763530807
5, 2608, 0, 9223372036854775807, 0, 9223372036763495807
5, 2609, 0, 9223372036854775807, 0, 9223372036763460807
5, 261, 0, 9223372036854775807, 0, 9223372036845640807
5, 2610, 0, 9223372036854775807, 0, 9223372036763425807
5, 2611, 0, 9223372036854775807, 0, 9223372036763390807
5, 2612, 0, 9223372036854775807, 0, 9223372036763355807
5, 2613, 0, 9223372036854775807, 0, 9223372036763320807
5, 2614, 0, 9223372036854775807, 0, 9223372036763285807
5, 2615, 0, 9223372036854775807, 0, 9223372036763250807
5, 2616, 0, 9223372036854775807, 0, 9223372036763215807
5, 2617, 0, 9223372036854775807, 0, 9223372036763180807
5, 2618, 0, 9223372036854775807, 0, 9223372036763145807
5, 2619, 0, 9223372036854775807, 0, 9223372036763110807
5, 262, 0, 9223372036854775807, 0, 9223372036845605807
5, 2620, 0, 9223372036854775807, 0, 9223372036763075807
5, 2621, 0, 9223372036854775807, 0, 9223372036763040807
5, 2622, 0, 9223372036854775807, 0, 9223372036763005807
5, 2623, 0, 9223372036854775807, 0, 9223372036762970807
5, 2624, 0, 9223372036854775807, 0, 9223372036762935807
5, 2625, 0, 9223372036854775807, 0, 9223372036762900807
5, 2626, 0, 9223372036854775807, 0, 9223372036762865807
5, 2627, 0, 9223372036854775807, 0, 9223372036762830807
5, 2628, 0, 9223372036854775807, 0, 9223372036762795807
5, 2629, 0, 9223372036854775807, 0, 9223372036762760807
5, 263, 0, 9223372036854775807, 0, 9223372036845570807
5, 2630, 0, 9223372036854775807, 0, 9223372036762725807
5, 2631, 0, 9223372036854775807, 0, 9223372036762690807
5, 2632, 0, 9223372036854775807, 0, 9223372036762655807
5, 2633, 0, 9223372036854775807, 0, 9223372036762620807
5, 2634, 0, 9223372036854775807, 0, 9223372036762585807
5, 2635, 0, 9223372036854775807, 0, 9223372036762550807
5, 2636, 0, 9223372036854775807, 0, 9223372036762515807
5, 2637, 0, 9223372036854775807, 0, 9223372036762480807
5, 2638, 0, 9223372036854775807, 0, 9223372036762445807
5, 2639, 0, 9223372036854775807, 0, 9223372036762410807
5, 264, 0, 9223372036854775807, 0, 9223372036845535807
5, 2640, 0, 9223372036854775807, 0, 9223372036762375807
5, 2641, 0, 9223372036854775807, 0, 9223372036762340807
5, 2642, 0, 9223372036854775807, 0, 9223372036762305807
5, 2643, 0, 9223372036854775807, 0, 9223372036762270807
5, 2644, 0, 9223372036854775807, 0, 9223372036762235807
5, 2645, 0, 9223372036854775807, 0, 9223372036762200807
5, 2646, 0, 9223372036854775807, 0, 9223372036762165807
5, 2647, 0, 9223372036854775807, 0, 9223372036762130807
5, 2648, 0, 9223372036854775807, 0, 9223372036762095807
5, 2649, 0, 9223372036854775807, 0, 9223372036762060807
5, 265, 0, 9223372036854775807, 0, 9223372036845500807
5, 2650, 0, 9223372036854775807, 0, 9223372036762025807
5, 2651, 0, 9223372036854775807, 0, 9223372036761990807
5, 2652, 0, 9223372036854775807, 0, 9223372036761955807
5, 2653, 0, 9223372036854775807, 0, 9223372036761920807
5, 2654, 0, 9223372036854775807, 0, 9223372036761885807
5, 2655, 0, 9223372036854775807, 0, 9223372036761850807
5, 2656, 0, 9223372036854775807, 0, 9223372036761815807
5, 2657, 0, 9223372036854775807, 0, 9223372036761780807
5, 2658, 0, 9223372036854775807, 0, 9223372036761745807
5, 2659, 0, 9223372036854775807, 0, 9223372036761710807
5, 266, 0, 9223372036854775807, 0, 9223372036845465807
5, 2660, 0, 9223372036854775807, 0, 9223372036761675807
5, 2661, 0, 9223372036854775807, 0, 9223372036761640807
5, 2662, 0, 9223372036854775807, 0, 9223372036761605807
5, 2663, 0, 9223372036854775807, 0, 9223372036761570807
5, 2664, 0, 9223372036854775807, 0, 9223372036761535807
5, 2665, 0, 9223372036854775807, 0, 9223372036761500807
5, 2666, 0, 9223372036854775807, 0, 9223372036761465807
5, 2667, 0, 9223372036854775807, 0, 9223372036761430807
5, 2668, 0, 9223372036854775807, 0, 9223372036761395807
5, 2669, 0, 9223372036854775807, 0, 9223372036761360807
5, 267, 0, 9223372036854775807, 0, 9223372036845430807
5, 2670, 0, 9223372036854775807, 0, 9223372036761325807
5, 2671, 0, 9223372036854775807, 0, 9223372036761290807
5, 2672, 0, 9223372036854775807, 0, 9223372036761255807
5, 2673, 0, 9223372036854775807, 0, 9223372036761220807
5, 2674, 0, 9223372036854775807, 0, 9223372036761185807
5, 2675, 0, 9223372036854775807, 0, 9223372036761150807
5, 2676, 0, 9223372036854775807, 0, 9223372036761115807
5, 2677, 0, 9223372036854775807, 0, 9223372036761080807
5, 2678, 0, 9223372036854775807, 0, 9223372036761045807
5, 2679, 0, 9223372036854775807, 0, 9223372036761010807
5, 268, 0, 9223372036854775807, 0, 9223372036845395807
5, 2680, 0, 9223372036854775807, 0, 9223372036760975807
5, 2681, 0, 9223372036854775807, 0, 9223372036760940807
5, 2682, 0, 9223372036854775807, 0, 9223372036760905807
5, 2683, 0, 9223372036854775807, 0, 9223372036760870807
5, 2684, 0, 9223372036854775807, 0, 9223372036760835807
5, 2685, 0, 9223372036854775807, 0, 9223372036760800807
5, 2686, 0, 9223372036854775807, 0, 9223372036760765807
5, 2687, 0, 9223372036854775807, 0, 9223372036760730807
5, 2688, 0, 9223372036854775807, 0, 9223372036760695807
5, 2689, 0, 9223372036854775807, 0, 9223372036760660807
5, 269, 0, 9223372036854775807, 0, 9223372036845360807
5, 2690, 0, 9223372036854775807, 0, 9223372036760625807
5, 2691, 0, 9223372036854775807, 0, 9223372036760590807
5, 2692, 0, 9223372036854775807, 0, 9223372036760555807
5, 2693, 0, 9223372036854775807, 0, 9223372036760520807
5, 2694, 0, 9223372036854775807, 0, 9223372036760485807
5, 2695, 0, 9223372036854775807, 0, 9223372036760450807
5, 2696, 0, 9223372036854775807, 0, 9223372036760415807
5, 2697, 0, 9223372036854775807, 0, 9223372036760380807
5, 2698, 0, 9223372036854775807, 0, 9223372036760345807
5, 2699, 0, 9223372036854775807, 0, 9223372036760310807
5, 27, 0, 9223372036854775807, 0, 9223372036853830807
5, 270, 0, 9223372036854775807, 0, 9223372036845325807
5, 2700, 0, 9223372036854775807, 0, 9223372036760275807
5, 2701, 0, 9223372036854775807, 0, 9223372036760240807
5, 2702, 0, 9223372036854775807, 0, 9223372036760205807
5, 2703, 0, 9223372036854775807, 0, 9223372036760170807
5, 2704, 0, 9223372036854775807, 0, 9223372036760135807
5, 2705, 0, 9223372036854775807, 0, 9223372036760100807
5, 2706, 0, 9223372036854775807, 0, 9223372036760065807
5, 2707, 0, 9223372036854775807, 0, 9223372036760030807
5, 2708, 0, 9223372036854775807, 0, 9223372036759995807
5, 2709, 0, 9223372036854775807, 0, 9223372036759960807
5, 271, 0, 9223372036854775807, 0, 9223372036845290807
5, 2710, 0, 9223372036854775807, 0, 9223372036759925807
5, 2711, 0, 9223372036854775807, 0, 9223372036759890807
5, 2712, 0, 9223372036854775807, 0, 9223372036759855807
5, 2713, 0, 9223372036854775807, 0, 9223372036759820807
5, 2714, 0, 9223372036854775807, 0, 9223372036759785807
5, 2715, 0, 9223372036854775807, 0, 9223372036759750807
5, 2716, 0, 9223372036854775807, 0, 9223372036759715807
5, 2717, 0, 9223372036854775807, 0, 9223372036759680807
5, 2718, 0, 9223372036854775807, 0, 9223372036759645807
5, 2719, 0, 9223372036854775807, 0, 9223372036759610807
5, 272, 0, 9223372036854775807, 0, 9223372036845255807
5, 2720, 0, 9223372036854775807, 0, 9223372036759575807
5, 2721, 0, 9223372036854775807, 0, 9223372036759540807
5, 2722, 0, 9223372036854775807, 0, 9223372036759505807
5, 2723, 0, 9223372036854775807, 0, 9223372036759470807
5, 2724, 0, 9223372036854775807, 0, 9223372036759435807
5, 2725, 0, 9223372036854775807, 0, 9223372036759400807
5, 2726, 0, 9223372036854775807, 0, 9223372036759365807
5, 2727, 0, 9223372036854775807, 0, 9223372036759330807
5, 2728, 0, 9223372036854775807, 0, 9223372036759295807
5, 2729, 0, 9223372036854775807, 0, 9223372036759260807
5, 273, 0, 9223372036854775807, 0, 9223372036845220807
5, 2730, 0, 9223372036854775807, 0, 9223372036759225807
5, 2731, 0, 9223372036854775807, 0, 9223372036759190807
5, 2732, 0, 9223372036854775807, 0, 9223372036759155807
5, 2733, 0, 9223372036854775807, 0, 9223372036759120807
5, 2734, 0, 9223372036854775807, 0, 9223372036759085807
5, 2735, 0, 9223372036854775807, 0, 9223372036759050807
5, 2736, 0, 9223372036854775807, 0, 9223372036759015807
5, 2737, 0, 9223372036854775807, 0, 9223372036758980807
5, 2738, 0, 9223372036854775807, 0, 9223372036758945807
5, 2739, 0, 9223372036854775807, 0, 9223372036758910807
5, 274, 0, 9223372036854775807, 0, 9223372036845185807
5, 2740, 0, 9223372036854775807, 0, 9223372036758875807
5, 2741, 0, 9223372036854775807, 0, 9223372036758840807
5, 2742, 0, 9223372036854775807, 0, 9223372036758805807
5, 2743, 0, 9223372036854775807, 0, 9223372036758770807
5, 2744, 0, 9223372036854775807, 0, 9223372036758735807
5, 2745, 0, 9223372036854775807, 0, 9223372036758700807
5, 2746, 0, 9223372036854775807, 0, 9223372036758665807
5, 2747, 0, 9223372036854775807, 0, 9223372036758630807
5, 2748, 0, 9223372036854775807, 0, 9223372036758595807
5, 2749, 0, 9223372036854775807, 0, 9223372036758560807
5, 275, 0, 9223372036854775807, 0, 9223372036845150807
5, 2750, 0, 9223372036854775807, 0, 9223372036758525807
5, 2751, 0, 9223372036854775807, 0, 9223372036758490807
5, 2752, 0, 9223372036854775807, 0, 9223372036758455807
5, 2753, 0, 9223372036854775807, 0, 9223372036758420807
5, 2754, 0, 9223372036854775807, 0, 9223372036758385807
5, 2755, 0, 9223372036854775807, 0, 9223372036758350807
5, 2756, 0, 9223372036854775807, 0, 9223372036758315807
5, 2757, 0, 9223372036854775807, 0, 9223372036758280807
5, 2758, 0, 9223372036854775807, 0, 9223372036758245807
5, 2759, 0, 9223372036854775807, 0, 9223372036758210807
5, 276, 0, 9223372036854775807, 0, 9223372036845115807
5, 2760, 0, 9223372036854775807, 0, 9223372036758175807
5, 2761, 0, 9223372036854775807, 0, 9223372036758140807
5, 2762, 0, 9223372036854775807, 0, 9223372036758105807
5, 2763, 0, 9223372036854775807, 0, 9223372036758070807
5, 2764, 0, 9223372036854775807, 0, 9223372036758035807
5, 2765, 0, 9223372036854775807, 0, 9223372036758000807
5, 2766, 0, 9223372036854775807, 0, 9223372036757965807
5, 2767, 0, 9223372036854775807, 0, 9223372036757930807
5, 2768, 0, 9223372036854775807, 0, 9223372036757895807
5, 2769, 0, 9223372036854775807, 0, 9223372036757860807
5, 277, 0, 9223372036854775807, 0, 9223372036845080807
5, 2770, 0, 9223372036854775807, 0, 9223372036757825807
5, 2771, 0, 9223372036854775807, 0, 9223372036757790807
5, 2772, 0, 9223372036854775807, 0, 9223372036757755807
5, 2773, 0, 9223372036854775807, 0, 9223372036757720807
5, 2774, 0, 9223372036854775807, 0, 9223372036757685807
5, 2775, 0, 9223372036854775807, 0, 9223372036757650807
5, 2776, 0, 9223372036854775807, 0, 9223372036757615807
5, 2777, 0, 9223372036854775807, 0, 9223372036757580807
5, 2778, 0, 9223372036854775807, 0, 9223372036757545807
5, 2779, 0, 9223372036854775807, 0, 9223372036757510807
5, 278, 0, 9223372036854775807, 0, 9223372036845045807
5, 2780, 0, 9223372036854775807, 0, 9223372036757475807
5, 2781, 0, 9223372036854775807, 0, 9223372036757440807
5, 2782, 0, 9223372036854775807, 0, 9223372036757405807
5, 2783, 0, 9223372036854775807, 0, 9223372036757370807
5, 2784, 0, 9223372036854775807, 0, 9223372036757335807
5, 2785, 0, 9223372036854775807, 0, 9223372036757300807
5, 2786, 0, 9223372036854775807, 0, 9223372036757265807
5, 2787, 0, 9223372036854775807, 0, 9223372036757230807
5, 2788, 0, 9223372036854775807, 0, 9223372036757195807
5, 2789, 0, 9223372036854775807, 0, 9223372036757160807
5, 279, 0, 9223372036854775807, 0, 9223372036845010807
5, 2790, 0, 9223372036854775807, 0, 9223372036757125807
5, 2791, 0, 9223372036854775807, 0, 9223372036757090807
5, 2792, 0, 9223372036854775807, 0, 9223372036757055807
5, 2793, 0, 9223372036854775807, 0, 9223372036757020807
5, 2794, 0, 9223372036854775807, 0, 9223372036756985807
5, 2795, 0, 9223372036854775807, 0, 9223372036756950807
5, 2796, 0, 9223372036854775807, 0, 9223372036756915807
5, 2797, 0, 9223372036854775807, 0, 9223372036756880807
5, 2798, 0, 9223372036854775807, 0, 9223372036756845807
5, 2799, 0, 9223372036854775807, 0, 9223372036756810807
5, 28, 0, 9223372036854775807, 0, 9223372036853795807
5, 280, 0, 9223372036854775807, 0, 9223372036844975807
5, 2800, 0, 9223372036854775807, 0, 9223372036756775807
5, 2801, 0, 9223372036854775807, 0, 9223372036756740807
5, 2802, 0, 9223372036854775807, 0, 9223372036756705807
5, 2803, 0, 9223372036854775807, 0, 9223372036756670807
5, 2804, 0, 9223372036854775807, 0, 9223372036756635807
5, 2805, 0, 9223372036854775807, 0, 9223372036756600807
5, 2806, 0, 9223372036854775807, 0, 9223372036756565807
5, 2807, 0, 9223372036854775807, 0, 9223372036756530807
5, 2808, 0, 9223372036854775807, 0, 9223372036756495807
5, 2809, 0, 9223372036854775807, 0, 9223372036756460807
5, 281, 0, 9223372036854775807, 0, 9223372036844940807
5, 2810, 0, 9223372036854775807, 0, 9223372036756425807
5, 2811, 0, 9223372036854775807, 0, 9223372036756390807
5, 2812, 0, 9223372036854775807, 0, 9223372036756355807
5, 2813, 0, 9223372036854775807, 0, 9223372036756320807
5, 2814, 0, 9223372036854775807, 0, 9223372036756285807
5, 2815, 0, 9223372036854775807, 0, 9223372036756250807
5, 2816, 0, 9223372036854775807, 0, 9223372036756215807
5, 2817, 0, 9223372036854775807, 0, 9223372036756180807
5, 2818, 0, 9223372036854775807, 0, 9223372036756145807
5, 2819, 0, 9223372036854775807, 0, 9223372036756110807
5, 282, 0, 9223372036854775807, 0, 9223372036844905807
5, 2820, 0, 9223372036854775807, 0, 9223372036756075807
5, 2821, 0, 9223372036854775807, 0, 9223372036756040807
5, 2822, 0, 9223372036854775807, 0, 9223372036756005807
5, 2823, 0, 9223372036854775807, 0, 9223372036755970807
5, 2824, 0, 9223372036854775807, 0, 9223372036755935807
5, 2825, 0, 9223372036854775807, 0, 9223372036755900807
5, 2826, 0, 9223372036854775807, 0, 9223372036755865807
5, 2827, 0, 9223372036854775807, 0, 9223372036755830807
5, 2828, 0, 9223372036854775807, 0, 9223372036755795807
5, 2829, 0, 9223372036854775807, 0, 9223372036755760807
5, 283, 0, 9223372036854775807, 0, 9223372036844870807
5, 2830, 0, 9223372036854775807, 0, 9223372036755725807
5, 2831, 0, 9223372036854775807, 0, 9223372036755690807
5, 2832, 0, 9223372036854775807, 0, 9223372036755655807
5, 2833, 0, 9223372036854775807, 0, 9223372036755620807
5, 2834, 0, 9223372036854775807, 0, 9223372036755585807
5, 2835, 0, 9223372036854775807, 0, 9223372036755550807
5, 2836, 0, 9223372036854775807, 0, 9223372036755515807
5, 2837, 0, 9223372036854775807, 0, 9223372036755480807
5, 2838, 0, 9223372036854775807, 0, 9223372036755445807
5, 2839, 0, 9223372036854775807, 0, 9223372036755410807
5, 284, 0, 9223372036854775807, 0, 9223372036844835807
5, 2840, 0, 9223372036854775807, 0, 9223372036755375807
5, 2841, 0, 9223372036854775807, 0, 9223372036755340807
5, 2842, 0, 9223372036854775807, 0, 9223372036755305807
5, 2843, 0, 9223372036854775807, 0, 9223372036755270807
5, 2844, 0, 9223372036854775807, 0, 9223372036755235807
5, 2845, 0, 9223372036854775807, 0, 9223372036755200807
5, 2846, 0, 9223372036854775807, 0, 9223372036755165807
5, 2847, 0, 9223372036854775807, 0, 9223372036755130807
5, 2848, 0, 9223372036854775807, 0, 9223372036755095807
5, 2849, 0, 9223372036854775807, 0, 9223372036755060807
5, 285, 0, 9223372036854775807, 0, 9223372036844800807
5, 2850, 0, 9223372036854775807, 0, 9223372036755025807
5, 2851, 0, 9223372036854775807, 0, 9223372036754990807
5, 2852, 0, 9223372036854775807, 0, 9223372036754955807
5, 2853, 0, 9223372036854775807, 0, 9223372036754920807
5, 2854, 0, 9223372036854775807, 0, 9223372036754885807
5, 2855, 0, 9223372036854775807, 0, 9223372036754850807
5, 2856, 0, 9223372036854775807, 0, 9223372036754815807
5, 2857, 0, 9223372036854775807, 0, 9223372036754780807
5, 2858, 0, 9223372036854775807, 0, 9223372036754745807
5, 2859, 0, 9223372036854775807, 0, 9223372036754710807
5, 286, 0, 9223372036854775807, 0, 9223372036844765807
5, 2860, 0, 9223372036854775807, 0, 9223372036754675807
5, 2861, 0, 9223372036854775807, 0, 9223372036754640807
5, 2862, 0, 9223372036854775807, 0, 9223372036754605807
5, 2863, 0, 9223372036854775807, 0, 9223372036754570807
5, 2864, 0, 9223372036854775807, 0, 9223372036754535807
5, 2865, 0, 9223372036854775807, 0, 9223372036754500807
5, 2866, 0, 9223372036854775807, 0, 9223372036754465807
5, 2867, 0, 9223372036854775807, 0, 9223372036754430807
5, 2868, 0, 9223372036854775807, 0, 9223372036754395807
5, 2869, 0, 9223372036854775807, 0, 9223372036754360807
5, 287, 0, 9223372036854775807, 0, 9223372036844730807
5, 2870, 0, 9223372036854775807, 0, 9223372036754325807
5, 2871, 0, 9223372036854775807, 0, 9223372036754290807
5, 2872, 0, 9223372036854775807, 0, 9223372036754255807
5, 2873, 0, 9223372036854775807, 0, 9223372036754220807
5, 2874, 0, 9223372036854775807, 0, 9223372036754185807
5, 2875, 0, 9223372036854775807, 0, 9223372036754150807
5, 2876, 0, 9223372036854775807, 0, 9223372036754115807
5, 2877, 0, 9223372036854775807, 0, 9223372036754080807
5, 2878, 0, 9223372036854775807, 0, 9223372036754045807
5, 2879, 0, 9223372036854775807, 0, 9223372036754010807
5, 288, 0, 9223372036854775807, 0, 9223372036844695807
5, 2880, 0, 9223372036854775807, 0, 9223372036753975807
5, 2881, 0, 9223372036854775807, 0, 9223372036753940807
5, 2882, 0, 9223372036854775807, 0, 9223372036753905807
5, 2883, 0, 9223372036854775807, 0, 9223372036753870807
5, 2884, 0, 9223372036854775807, 0, 9223372036753835807
5, 2885, 0, 9223372036854775807, 0, 9223372036753800807
5, 2886, 0, 9223372036854775807, 0, 9223372036753765807
5, 2887, 0, 9223372036854775807, 0, 9223372036753730807
5, 2888, 0, 9223372036854775807, 0, 9223372036753695807
5, 2889, 0, 9223372036854775807, 0, 9223372036753660807
5, 289, 0, 9223372036854775807, 0, 9223372036844660807
5, 2890, 0, 9223372036854775807, 0, 9223372036753625807
5, 2891, 0, 9223372036854775807, 0, 9223372036753590807
5, 2892, 0, 9223372036854775807, 0, 9223372036753555807
5, 2893, 0, 9223372036854775807, 0, 9223372036753520807
5, 2894, 0, 9223372036854775807, 0, 9223372036753485807
5, 2895, 0, 9223372036854775807, 0, 9223372036753450807
5, 2896, 0, 9223372036854775807, 0, 9223372036753415807
5, 2897, 0, 9223372036854775807, 0, 9223372036753380807
5, 2898, 0, 9223372036854775807, 0, 9223372036753345807
5, 2899, 0, 9223372036854775807, 0, 9223372036753310807
5, 29, 0, 9223372036854775807, 0, 9223372036853760807
5, 290, 0, 9223372036854775807, 0, 9223372036844625807
5, 2900, 0, 9223372036854775807, 0, 9223372036753275807
5, 2901, 0, 9223372036854775807, 0, 9223372036753240807
5, 2902, 0, 9223372036854775807, 0, 9223372036753205807
5, 2903, 0, 9223372036854775807, 0, 9223372036753170807
5, 2904, 0, 9223372036854775807, 0, 9223372036753135807
5, 2905, 0, 9223372036854775807, 0, 9223372036753100807
5, 2906, 0, 9223372036854775807, 0, 9223372036753065807
5, 2907, 0, 9223372036854775807, 0, 9223372036753030807
5, 2908, 0, 9223372036854775807, 0, 9223372036752995807
5, 2909, 0, 9223372036854775807, 0, 9223372036752960807
5, 291, 0, 9223372036854775807, 0, 9223372036844590807
5, 2910, 0, 9223372036854775807, 0, 9223372036752925807
5, 2911, 0, 9223372036854775807, 0, 9223372036752890807
5, 2912, 0, 9223372036854775807, 0, 9223372036752855807
5, 2913, 0, 9223372036854775807, 0, 9223372036752820807
5, 2914, 0, 9223372036854775807, 0, 9223372036752785807
5, 2915, 0, 9223372036854775807, 0, 9223372036752750807
5, 2916, 0, 9223372036854775807, 0, 9223372036752715807
5, 2917, 0, 9223372036854775807, 0, 9223372036752680807
5, 2918, 0, 9223372036854775807, 0, 9223372036752645807
5, 2919, 0, 9223372036854775807, 0, 9223372036752610807
5, 292, 0, 9223372036854775807, 0, 9223372036844555807
5, 2920, 0, 9223372036854775807, 0, 9223372036752575807
5, 2921, 0, 9223372036854775807, 0, 9223372036752540807
5, 2922, 0, 9223372036854775807, 0, 9223372036752505807
5, 2923, 0, 9223372036854775807, 0, 9223372036752470807
5, 2924, 0, 9223372036854775807, 0, 9223372036752435807
5, 2925, 0, 9223372036854775807, 0, 9223372036752400807
5, 2926, 0, 9223372036854775807, 0, 9223372036752365807
5, 2927, 0, 9223372036854775807, 0, 9223372036752330807
5, 2928, 0, 9223372036854775807, 0, 9223372036752295807
5, 2929, 0, 9223372036854775807, 0, 9223372036752260807
5, 293, 0, 9223372036854775807, 0, 9223372036844520807
5, 2930, 0, 9223372036854775807, 0, 9223372036752225807
5, 2931, 0, 9223372036854775807, 0, 9223372036752190807
5, 2932, 0, 9223372036854775807, 0, 9223372036752155807
5, 2933, 0, 9223372036854775807, 0, 9223372036752120807
5, 2934, 0, 9223372036854775807, 0, 9223372036752085807
5, 2935, 0, 9223372036854775807, 0, 9223372036752050807
5, 2936, 0, 9223372036854775807, 0, 9223372036752015807
5, 2937, 0, 9223372036854775807, 0, 9223372036751980807
5, 2938, 0, 9223372036854775807, 0, 9223372036751945807
5, 2939, 0, 9223372036854775807, 0, 9223372036751910807
5, 294, 0, 9223372036854775807, 0, 9223372036844485807
5, 2940, 0, 9223372036854775807, 0, 9223372036751875807
5, 2941, 0, 9223372036854775807, 0, 9223372036751840807
5, 2942, 0, 9223372036854775807, 0, 9223372036751805807
5, 2943, 0, 9223372036854775807, 0, 9223372036751770807
5, 2944, 0, 9223372036854775807, 0, 9223372036751735807
5, 2945, 0, 9223372036854775807, 0, 9223372036751700807
5, 2946, 0, 9223372036854775807, 0, 9223372036751665807
5, 2947, 0, 9223372036854775807, 0, 9223372036751630807
5, 2948, 0, 9223372036854775807, 0, 9223372036751595807
5, 2949, 0, 9223372036854775807, 0, 9223372036751560807
5, 295, 0, 9223372036854775807, 0, 9223372036844450807
5, 2950, 0, 9223372036854775807, 0, 9223372036751525807
5, 2951, 0, 9223372036854775807, 0, 9223372036751490807
5, 2952, 0, 9223372036854775807, 0, 9223372036751455807
5, 2953, 0, 9223372036854775807, 0, 9223372036751420807
5, 2954, 0, 9223372036854775807, 0, 9223372036751385807
5, 2955, 0, 9223372036854775807, 0, 9223372036751350807
5, 2956, 0, 9223372036854775807, 0, 9223372036751315807
5, 2957, 0, 9223372036854775807, 0, 9223372036751280807
5, 2958, 0, 9223372036854775807, 0, 9223372036751245807
5, 2959, 0, 9223372036854775807, 0, 9223372036751210807
5, 296, 0, 9223372036854775807, 0, 9223372036844415807
5, 2960, 0, 9223372036854775807, 0, 9223372036751175807
5, 2961, 0, 9223372036854775807, 0, 9223372036751140807
5, 2962, 0, 9223372036854775807, 0, 9223372036751105807
5, 2963, 0, 9223372036854775807, 0, 9223372036751070807
5, 2964, 0, 9223372036854775807, 0, 9223372036751035807
5, 2965, 0, 9223372036854775807, 0, 9223372036751000807
5, 2966, 0, 9223372036854775807, 0, 9223372036750965807
5, 2967, 0, 9223372036854775807, 0, 9223372036750930807
5, 2968, 0, 9223372036854775807, 0, 9223372036750895807
5, 2969, 0, 9223372036854775807, 0, 9223372036750860807
5, 297, 0, 9223372036854775807, 0, 9223372036844380807
5, 2970, 0, 9223372036854775807, 0, 9223372036750825807
5, 2971, 0, 9223372036854775807, 0, 9223372036750790807
5, 2972, 0, 9223372036854775807, 0, 9223372036750755807
5, 2973, 0, 9223372036854775807, 0, 9223372036750720807
5, 2974, 0, 9223372036854775807, 0, 9223372036750685807
5, 2975, 0, 9223372036854775807, 0, 9223372036750650807
5, 2976, 0, 9223372036854775807, 0, 9223372036750615807
5, 2977, 0, 9223372036854775807, 0, 9223372036750580807
5, 2978, 0, 9223372036854775807, 0, 9223372036750545807
5, 2979, 0, 9223372036854775807, 0, 9223372036750510807
5, 298, 0, 9223372036854775807, 0, 9223372036844345807
5, 2980, 0, 9223372036854775807, 0, 9223372036750475807
5, 2981, 0, 9223372036854775807, 0, 9223372036750440807
5, 2982, 0, 9223372036854775807, 0, 9223372036750405807
5, 2983, 0, 9223372036854775807, 0, 9223372036750370807
5, 2984, 0, 9223372036854775807, 0, 9223372036750335807
5, 2985, 0, 9223372036854775807, 0, 9223372036750300807
5, 2986, 0, 9223372036854775807, 0, 9223372036750265807
5, 2987, 0, 9223372036854775807, 0, 9223372036750230807
5, 2988, 0, 9223372036854775807, 0, 9223372036750195807
5, 2989, 0, 9223372036854775807, 0, 9223372036750160807
5, 299, 0, 9223372036854775807, 0, 9223372036844310807
5, 2990, 0, 9223372036854775807, 0, 9223372036750125807
5, 2991, 0, 9223372036854775807, 0, 9223372036750090807
5, 2992, 0, 9223372036854775807, 0, 9223372036750055807
5, 2993, 0, 9223372036854775807, 0, 9223372036750020807
5, 2994, 0, 9223372036854775807, 0, 9223372036749985807
5, 2995, 0, 9223372036854775807, 0, 9223372036749950807
5, 2996, 0, 9223372036854775807, 0, 9223372036749915807
5, 2997, 0, 9223372036854775807, 0, 9223372036749880807
5, 2998, 0, 9223372036854775807, 0, 9223372036749845807
5, 2999, 0, 9223372036854775807, 0, 9223372036749810807
5, 3, 0, 9223372036854775807, 0, 9223372036854670807
5, 30, 0, 9223372036854775807, 0, 9223372036853725807
5, 300, 0, 9223372036854775807, 0, 9223372036844275807
5, 3000, 0, 9223372036854775807, 0, 9223372036749775807
5, 3001, 0, 9223372036854775807, 0, 9223372036749740807
5, 3002, 0, 9223372036854775807, 0, 9223372036749705807
5, 3003, 0, 9223372036854775807, 0, 9223372036749670807
5, 3004, 0, 9223372036854775807, 0, 9223372036749635807
5, 3005, 0, 9223372036854775807, 0, 9223372036749600807
5, 3006, 0, 9223372036854775807, 0, 9223372036749565807
5, 3007, 0, 9223372036854775807, 0, 9223372036749530807
5, 3008, 0, 9223372036854775807, 0, 9223372036749495807
5, 3009, 0, 9223372036854775807, 0, 9223372036749460807
5, 301, 0, 9223372036854775807, 0, 9223372036844240807
5, 3010, 0, 9223372036854775807, 0, 9223372036749425807
5, 3011, 0, 9223372036854775807, 0, 9223372036749390807
5, 3012, 0, 9223372036854775807, 0, 9223372036749355807
5, 3013, 0, 9223372036854775807, 0, 9223372036749320807
5, 3014, 0, 9223372036854775807, 0, 9223372036749285807
5, 3015, 0, 9223372036854775807, 0, 9223372036749250807
5, 3016, 0, 9223372036854775807, 0, 9223372036749215807
5, 3017, 0, 9223372036854775807, 0, 9223372036749180807
5, 3018, 0, 9223372036854775807, 0, 9223372036749145807
5, 3019, 0, 9223372036854775807, 0, 9223372036749110807
5, 302, 0, 9223372036854775807, 0, 9223372036844205807
5, 3020, 0, 9223372036854775807, 0, 9223372036749075807
5, 3021, 0, 9223372036854775807, 0, 9223372036749040807
5, 3022, 0, 9223372036854775807, 0, 9223372036749005807
5, 3023, 0, 9223372036854775807, 0, 9223372036748970807
5, 3024, 0, 9223372036854775807, 0, 9223372036748935807
5, 3025, 0, 9223372036854775807, 0, 9223372036748900807
5, 3026, 0, 9223372036854775807, 0, 9223372036748865807
5, 3027, 0, 9223372036854775807, 0, 9223372036748830807
5, 3028, 0, 9223372036854775807, 0, 9223372036748795807
5, 3029, 0, 9223372036854775807, 0, 9223372036748760807
5, 303, 0, 9223372036854775807, 0, 9223372036844170807
5, 3030, 0, 9223372036854775807, 0, 9223372036748725807
5, 3031, 0, 9223372036854775807, 0, 9223372036748690807
5, 3032, 0, 9223372036854775807, 0, 9223372036748655807
5, 3033, 0, 9223372036854775807, 0, 9223372036748620807
5, 3034, 0, 9223372036854775807, 0, 9223372036748585807
5, 3035, 0, 9223372036854775807, 0, 9223372036748550807
5, 3036, 0, 9223372036854775807, 0, 9223372036748515807
5, 3037, 0, 9223372036854775807, 0, 9223372036748480807
5, 3038, 0, 9223372036854775807, 0, 9223372036748445807
5, 3039, 0, 9223372036854775807, 0, 9223372036748410807
5, 304, 0, 9223372036854775807, 0, 9223372036844135807
5, 3040, 0, 9223372036854775807, 0, 9223372036748375807
5, 3041, 0, 9223372036854775807, 0, 9223372036748340807
5, 3042, 0, 9223372036854775807, 0, 9223372036748305807
5, 3043, 0, 9223372036854775807, 0, 9223372036748270807
5, 3044, 0, 9223372036854775807, 0, 9223372036748235807
5, 3045, 0, 9223372036854775807, 0, 9223372036748200807
5, 3046, 0, 9223372036854775807, 0, 9223372036748165807
5, 3047, 0, 9223372036854775807, 0, 9223372036748130807
5, 3048, 0, 9223372036854775807, 0, 9223372036748095807
5, 3049, 0, 9223372036854775807, 0, 9223372036748060807
5, 305, 0, 9223372036854775807, 0, 9223372036844100807
5, 3050, 0, 9223372036854775807, 0, 9223372036748025807
5, 3051, 0, 9223372036854775807, 0, 9223372036747990807
5, 3052, 0, 9223372036854775807, 0, 9223372036747955807
5, 3053, 0, 9223372036854775807, 0, 9223372036747920807
5, 3054, 0, 9223372036854775807, 0, 9223372036747885807
5, 3055, 0, 9223372036854775807, 0, 9223372036747850807
5, 3056, 0, 9223372036854775807, 0, 9223372036747815807
5, 3057, 0, 9223372036854775807, 0, 9223372036747780807
5, 3058, 0, 9223372036854775807, 0, 9223372036747745807
5, 3059, 0, 9223372036854775807, 0, 9223372036747710807
5, 306, 0, 9223372036854775807, 0, 9223372036844065807
5, 3060, 0, 9223372036854775807, 0, 9223372036747675807
5, 3061, 0, 9223372036854775807, 0, 9223372036747640807
5, 3062, 0, 9223372036854775807, 0, 9223372036747605807
5, 3063, 0, 9223372036854775807, 0, 9223372036747570807
5, 3064, 0, 9223372036854775807, 0, 9223372036747535807
5, 3065, 0, 9223372036854775807, 0, 9223372036747500807
5, 3066, 0, 9223372036854775807, 0, 9223372036747465807
5, 3067, 0, 9223372036854775807, 0, 9223372036747430807
5, 3068, 0, 9223372036854775807, 0, 9223372036747395807
5, 3069, 0, 9223372036854775807, 0, 9223372036747360807
5, 307, 0, 9223372036854775807, 0, 9223372036844030807
5, 3070, 0, 9223372036854775807, 0, 9223372036747325807
5, 3071, 0, 9223372036854775807, 0, 9223372036747290807
5, 3072, 0, 9223372036854775807, 0, 9223372036747255807
5, 3073, 0, 9223372036854775807, 0, 9223372036747220807
5, 3074, 0, 9223372036854775807, 0, 9223372036747185807
5, 3075, 0, 9223372036854775807, 0, 9223372036747150807
5, 3076, 0, 9223372036854775807, 0, 9223372036747115807
5, 3077, 0, 9223372036854775807, 0, 9223372036747080807
5, 3078, 0, 9223372036854775807, 0, 9223372036747045807
5, 3079, 0, 9223372036854775807, 0, 9223372036747010807
5, 308, 0, 9223372036854775807, 0, 9223372036843995807
5, 3080, 0, 9223372036854775807, 0, 9223372036746975807
5, 3081, 0, 9223372036854775807, 0, 9223372036746940807
5, 3082, 0, 9223372036854775807, 0, 9223372036746905807
5, 3083, 0, 9223372036854775807, 0, 9223372036746870807
5, 3084, 0, 9223372036854775807, 0, 9223372036746835807
5, 3085, 0, 9223372036854775807, 0, 9223372036746800807
5, 3086, 0, 9223372036854775807, 0, 9223372036746765807
5, 3087, 0, 9223372036854775807, 0, 9223372036746730807
5, 3088, 0, 9223372036854775807, 0, 9223372036746695807
5, 3089, 0, 9223372036854775807, 0, 9223372036746660807
5, 309, 0, 9223372036854775807, 0, 9223372036843960807
5, 3090, 0, 9223372036854775807, 0, 9223372036746625807
5, 3091, 0, 9223372036854775807, 0, 9223372036746590807
5, 3092, 0, 9223372036854775807, 0, 9223372036746555807
5, 3093, 0, 9223372036854775807, 0, 9223372036746520807
5, 3094, 0, 9223372036854775807, 0, 9223372036746485807
5, 3095, 0, 9223372036854775807, 0, 9223372036746450807
5, 3096, 0, 9223372036854775807, 0, 9223372036746415807
5, 3097, 0, 9223372036854775807, 0, 9223372036746380807
5, 3098, 0, 9223372036854775807, 0, 9223372036746345807
5, 3099, 0, 9223372036854775807, 0, 9223372036746310807
5, 31, 0, 9223372036854775807, 0, 9223372036853690807
5, 310, 0, 9223372036854775807, 0, 9223372036843925807
5, 3100, 0, 9223372036854775807, 0, 9223372036746275807
5, 3101, 0, 9223372036854775807, 0, 9223372036746240807
5, 3102, 0, 9223372036854775807, 0, 9223372036746205807
5, 3103, 0, 9223372036854775807, 0, 9223372036746170807
5, 3104, 0, 9223372036854775807, 0, 9223372036746135807
5, 3105, 0, 9223372036854775807, 0, 9223372036746100807
5, 3106, 0, 9223372036854775807, 0, 9223372036746065807
5, 3107, 0, 9223372036854775807, 0, 9223372036746030807
5, 3108, 0, 9223372036854775807, 0, 9223372036745995807
5, 3109, 0, 9223372036854775807, 0, 9223372036745960807
5, 311, 0, 9223372036854775807, 0, 9223372036843890807
5, 3110, 0, 9223372036854775807, 0, 9223372036745925807
5, 3111, 0, 9223372036854775807, 0, 9223372036745890807
5, 3112, 0, 9223372036854775807, 0, 9223372036745855807
5, 3113, 0, 9223372036854775807, 0, 9223372036745820807
5, 3114, 0, 9223372036854775807, 0, 9223372036745785807
5, 3115, 0, 9223372036854775807, 0, 9223372036745750807
5, 3116, 0, 9223372036854775807, 0, 9223372036745715807
5, 3117, 0, 9223372036854775807, 0, 9223372036745680807
5, 3118, 0, 9223372036854775807, 0, 9223372036745645807
5, 3119, 0, 9223372036854775807, 0, 9223372036745610807
5, 312, 0, 9223372036854775807, 0, 9223372036843855807
5, 3120, 0, 9223372036854775807, 0, 9223372036745575807
5, 3121, 0, 9223372036854775807, 0, 9223372036745540807
5, 3122, 0, 9223372036854775807, 0, 9223372036745505807
5, 3123, 0, 9223372036854775807, 0, 9223372036745470807
5, 3124, 0, 9223372036854775807, 0, 9223372036745435807
5, 3125, 0, 9223372036854775807, 0, 9223372036745400807
5, 3126, 0, 9223372036854775807, 0, 9223372036745365807
5, 3127, 0, 9223372036854775807, 0, 9223372036745330807
5, 3128, 0, 9223372036854775807, 0, 9223372036745295807
5, 3129, 0, 9223372036854775807, 0, 9223372036745260807
5, 313, 0, 9223372036854775807, 0, 9223372036843820807
5, 3130, 0, 9223372036854775807, 0, 9223372036745225807
5, 3131, 0, 9223372036854775807, 0, 9223372036745190807
5, 3132, 0, 9223372036854775807, 0, 9223372036745155807
5, 3133, 0, 9223372036854775807, 0, 9223372036745120807
5, 3134, 0, 9223372036854775807, 0, 9223372036745085807
5, 3135, 0, 9223372036854775807, 0, 9223372036745050807
5, 3136, 0, 9223372036854775807, 0, 9223372036745015807
5, 3137, 0, 9223372036854775807, 0, 9223372036744980807
5, 3138, 0, 9223372036854775807, 0, 9223372036744945807
5, 3139, 0, 9223372036854775807, 0, 9223372036744910807
5, 314, 0, 9223372036854775807, 0, 9223372036843785807
5, 3140, 0, 9223372036854775807, 0, 9223372036744875807
5, 3141, 0, 9223372036854775807, 0, 9223372036744840807
5, 3142, 0, 9223372036854775807, 0, 9223372036744805807
5, 3143, 0, 9223372036854775807, 0, 9223372036744770807
5, 3144, 0, 9223372036854775807, 0, 9223372036744735807
5, 3145, 0, 9223372036854775807, 0, 9223372036744700807
5, 3146, 0, 9223372036854775807, 0, 9223372036744665807
5, 3147, 0, 9223372036854775807, 0, 9223372036744630807
5, 3148, 0, 9223372036854775807, 0, 9223372036744595807
5, 3149, 0, 9223372036854775807, 0, 9223372036744560807
5, 315, 0, 9223372036854775807, 0, 9223372036843750807
5, 3150, 0, 9223372036854775807, 0, 9223372036744525807
5, 3151, 0, 9223372036854775807, 0, 9223372036744490807
5, 3152, 0, 9223372036854775807, 0, 9223372036744455807
5, 3153, 0, 9223372036854775807, 0, 9223372036744420807
5, 3154, 0, 9223372036854775807, 0, 9223372036744385807
5, 3155, 0, 9223372036854775807, 0, 9223372036744350807
5, 3156, 0, 9223372036854775807, 0, 9223372036744315807
5, 3157, 0, 9223372036854775807, 0, 9223372036744280807
5, 3158, 0, 9223372036854775807, 0, 9223372036744245807
5, 3159, 0, 9223372036854775807, 0, 9223372036744210807
5, 316, 0, 9223372036854775807, 0, 9223372036843715807
5, 3160, 0, 9223372036854775807, 0, 9223372036744175807
5, 3161, 0, 9223372036854775807, 0, 9223372036744140807
5, 3162, 0, 9223372036854775807, 0, 9223372036744105807
5, 3163, 0, 9223372036854775807, 0, 9223372036744070807
5, 3164, 0, 9223372036854775807, 0, 9223372036744035807
5, 3165, 0, 9223372036854775807, 0, 9223372036744000807
5, 3166, 0, 9223372036854775807, 0, 9223372036743965807
5, 3167, 0, 9223372036854775807, 0, 9223372036743930807
5, 3168, 0, 9223372036854775807, 0, 9223372036743895807
5, 3169, 0, 9223372036854775807, 0, 9223372036743860807
5, 317, 0, 9223372036854775807, 0, 9223372036843680807
5, 3170, 0, 9223372036854775807, 0, 9223372036743825807
5, 3171, 0, 9223372036854775807, 0, 9223372036743790807
5, 3172, 0, 9223372036854775807, 0, 9223372036743755807
5, 3173, 0, 9223372036854775807, 0, 9223372036743720807
5, 3174, 0, 9223372036854775807, 0, 9223372036743685807
5, 3175, 0, 9223372036854775807, 0, 9223372036743650807
5, 3176, 0, 9223372036854775807, 0, 9223372036743615807
5, 3177, 0, 9223372036854775807, 0, 9223372036743580807
5, 3178, 0, 9223372036854775807, 0, 9223372036743545807
5, 3179, 0, 9223372036854775807, 0, 9223372036743510807
5, 318, 0, 9223372036854775807, 0, 9223372036843645807
5, 3180, 0, 9223372036854775807, 0, 9223372036743475807
5, 3181, 0, 9223372036854775807, 0, 9223372036743440807
5, 3182, 0, 9223372036854775807, 0, 9223372036743405807
5, 3183, 0, 9223372036854775807, 0, 9223372036743370807
5, 3184, 0, 9223372036854775807, 0, 9223372036743335807
5, 3185, 0, 9223372036854775807, 0, 9223372036743300807
5, 3186, 0, 9223372036854775807, 0, 9223372036743265807
5, 3187, 0, 9223372036854775807, 0, 9223372036743230807
5, 3188, 0, 9223372036854775807, 0, 9223372036743195807
5, 3189, 0, 9223372036854775807, 0, 9223372036743160807
5, 319, 0, 9223372036854775807, 0, 9223372036843610807
5, 3190, 0, 9223372036854775807, 0, 9223372036743125807
5, 3191, 0, 9223372036854775807, 0, 9223372036743090807
5, 3192, 0, 9223372036854775807, 0, 9223372036743055807
5, 3193, 0, 9223372036854775807, 0, 9223372036743020807
5, 3194, 0, 9223372036854775807, 0, 9223372036742985807
5, 3195, 0, 9223372036854775807, 0, 9223372036742950807
5, 3196, 0, 9223372036854775807, 0, 9223372036742915807
5, 3197, 0, 9223372036854775807, 0, 9223372036742880807
5, 3198, 0, 9223372036854775807, 0, 9223372036742845807
5, 3199, 0, 9223372036854775807, 0, 9223372036742810807
5, 32, 0, 9223372036854775807, 0, 9223372036853655807
5, 320, 0, 9223372036854775807, 0, 9223372036843575807
5, 3200, 0, 9223372036854775807, 0, 9223372036742775807
5, 3201, 0, 9223372036854775807, 0, 9223372036742740807
5, 3202, 0, 9223372036854775807, 0, 9223372036742705807
5, 3203, 0, 9223372036854775807, 0, 9223372036742670807
5, 3204, 0, 9223372036854775807, 0, 9223372036742635807
5, 3205, 0, 9223372036854775807, 0, 9223372036742600807
5, 3206, 0, 9223372036854775807, 0, 9223372036742565807
5, 3207, 0, 9223372036854775807, 0, 9223372036742530807
5, 3208, 0, 9223372036854775807, 0, 9223372036742495807
5, 3209, 0, 9223372036854775807, 0, 9223372036742460807
5, 321, 0, 9223372036854775807, 0, 9223372036843540807
5, 3210, 0, 9223372036854775807, 0, 9223372036742425807
5, 3211, 0, 9223372036854775807, 0, 9223372036742390807
5, 3212, 0, 9223372036854775807, 0, 9223372036742355807
5, 3213, 0, 9223372036854775807, 0, 9223372036742320807
5, 3214, 0, 9223372036854775807, 0, 9223372036742285807
5, 3215, 0, 9223372036854775807, 0, 9223372036742250807
5, 3216, 0, 9223372036854775807, 0, 9223372036742215807
5, 3217, 0, 9223372036854775807, 0, 9223372036742180807
5, 3218, 0, 9223372036854775807, 0, 9223372036742145807
5, 3219, 0, 9223372036854775807, 0, 9223372036742110807
5, 322, 0, 9223372036854775807, 0, 9223372036843505807
5, 3220, 0, 9223372036854775807, 0, 9223372036742075807
5, 3221, 0, 9223372036854775807, 0, 9223372036742040807
5, 3222, 0, 9223372036854775807, 0, 9223372036742005807
5, 3223, 0, 9223372036854775807, 0, 9223372036741970807
5, 3224, 0, 9223372036854775807, 0, 9223372036741935807
5, 3225, 0, 9223372036854775807, 0, 9223372036741900807
5, 3226, 0, 9223372036854775807, 0, 9223372036741865807
5, 3227, 0, 9223372036854775807, 0, 9223372036741830807
5, 3228, 0, 9223372036854775807, 0, 9223372036741795807
5, 3229, 0, 9223372036854775807, 0, 9223372036741760807
5, 323, 0, 9223372036854775807, 0, 9223372036843470807
5, 3230, 0, 9223372036854775807, 0, 9223372036741725807
5, 3231, 0, 9223372036854775807, 0, 9223372036741690807
5, 3232, 0, 9223372036854775807, 0, 9223372036741655807
5, 3233, 0, 9223372036854775807, 0, 9223372036741620807
5, 3234, 0, 9223372036854775807, 0, 9223372036741585807
5, 3235, 0, 9223372036854775807, 0, 9223372036741550807
5, 3236, 0, 9223372036854775807, 0, 9223372036741515807
5, 3237, 0, 9223372036854775807, 0, 9223372036741480807
5, 3238, 0, 9223372036854775807, 0, 9223372036741445807
5, 3239, 0, 9223372036854775807, 0, 9223372036741410807
5, 324, 0, 9223372036854775807, 0, 9223372036843435807
5, 3240, 0, 9223372036854775807, 0, 9223372036741375807
5, 3241, 0, 9223372036854775807, 0, 9223372036741340807
5, 3242, 0, 9223372036854775807, 0, 9223372036741305807
5, 3243, 0, 9223372036854775807, 0, 9223372036741270807
5, 3244, 0, 9223372036854775807, 0, 9223372036741235807
5, 3245, 0, 9223372036854775807, 0, 9223372036741200807
5, 3246, 0, 9223372036854775807, 0, 9223372036741165807
5, 3247, 0, 9223372036854775807, 0, 9223372036741130807
5, 3248, 0, 9223372036854775807, 0, 9223372036741095807
5, 3249, 0, 9223372036854775807, 0, 9223372036741060807
5, 325, 0, 9223372036854775807, 0, 9223372036843400807
5, 3250, 0, 9223372036854775807, 0, 9223372036741025807
5, 3251, 0, 9223372036854775807, 0, 9223372036740990807
5, 3252, 0, 9223372036854775807, 0, 9223372036740955807
5, 3253, 0, 9223372036854775807, 0, 9223372036740920807
5, 3254, 0, 9223372036854775807, 0, 9223372036740885807
5, 3255, 0, 9223372036854775807, 0, 9223372036740850807
5, 3256, 0, 9223372036854775807, 0, 9223372036740815807
5, 3257, 0, 9223372036854775807, 0, 9223372036740780807
5, 3258, 0, 9223372036854775807, 0, 9223372036740745807
5, 3259, 0, 9223372036854775807, 0, 9223372036740710807
5, 326, 0, 9223372036854775807, 0, 9223372036843365807
5, 3260, 0, 9223372036854775807, 0, 9223372036740675807
5, 3261, 0, 9223372036854775807, 0, 9223372036740640807
5, 3262, 0, 9223372036854775807, 0, 9223372036740605807
5, 3263, 0, 9223372036854775807, 0, 9223372036740570807
5, 3264, 0, 9223372036854775807, 0, 9223372036740535807
5, 3265, 0, 9223372036854775807, 0, 9223372036740500807
5, 3266, 0, 9223372036854775807, 0, 9223372036740465807
5, 3267, 0, 9223372036854775807, 0, 9223372036740430807
5, 3268, 0, 9223372036854775807, 0, 9223372036740395807
5, 3269, 0, 9223372036854775807, 0, 9223372036740360807
5, 327, 0, 9223372036854775807, 0, 9223372036843330807
5, 3270, 0, 9223372036854775807, 0, 9223372036740325807
5, 3271, 0, 9223372036854775807, 0, 9223372036740290807
5, 3272, 0, 9223372036854775807, 0, 9223372036740255807
5, 3273, 0, 9223372036854775807, 0, 9223372036740220807
5, 3274, 0, 9223372036854775807, 0, 9223372036740185807
5, 3275, 0, 9223372036854775807, 0, 9223372036740150807
5, 3276, 0, 9223372036854775807, 0, 9223372036740115807
5, 3277, 0, 9223372036854775807, 0, 9223372036740080807
5, 3278, 0, 9223372036854775807, 0, 9223372036740045807
5, 3279, 0, 9223372036854775807, 0, 9223372036740010807
5, 328, 0, 9223372036854775807, 0, 9223372036843295807
5, 3280, 0, 9223372036854775807, 0, 9223372036739975807
5, 3281, 0, 9223372036854775807, 0, 9223372036739940807
5, 3282, 0, 9223372036854775807, 0, 9223372036739905807
5, 3283, 0, 9223372036854775807, 0, 9223372036739870807
5, 3284, 0, 9223372036854775807, 0, 9223372036739835807
5, 3285, 0, 9223372036854775807, 0, 9223372036739800807
5, 3286, 0, 9223372036854775807, 0, 9223372036739765807
5, 3287, 0, 9223372036854775807, 0, 9223372036739730807
5, 3288, 0, 9223372036854775807, 0, 9223372036739695807
5, 3289, 0, 9223372036854775807, 0, 9223372036739660807
5, 329, 0, 9223372036854775807, 0, 9223372036843260807
5, 3290, 0, 9223372036854775807, 0, 9223372036739625807
5, 3291, 0, 9223372036854775807, 0, 9223372036739590807
5, 3292, 0, 9223372036854775807, 0, 9223372036739555807
5, 3293, 0, 9223372036854775807, 0, 9223372036739520807
5, 3294, 0, 9223372036854775807, 0, 9223372036739485807
5, 3295, 0, 9223372036854775807, 0, 9223372036739450807
5, 3296, 0, 9223372036854775807, 0, 9223372036739415807
5, 3297, 0, 9223372036854775807, 0, 9223372036739380807
5, 3298, 0, 9223372036854775807, 0, 9223372036739345807
5, 3299, 0, 9223372036854775807, 0, 9223372036739310807
5, 33, 0, 9223372036854775807, 0, 9223372036853620807
5, 330, 0, 9223372036854775807, 0, 9223372036843225807
5, 3300, 0, 9223372036854775807, 0, 9223372036739275807
5, 3301, 0, 9223372036854775807, 0, 9223372036739240807
5, 3302, 0, 9223372036854775807, 0, 9223372036739205807
5, 3303, 0, 9223372036854775807, 0, 9223372036739170807
5, 3304, 0, 9223372036854775807, 0, 9223372036739135807
5, 3305, 0, 9223372036854775807, 0, 9223372036739100807
5, 3306, 0, 9223372036854775807, 0, 9223372036739065807
5, 3307, 0, 9223372036854775807, 0, 9223372036739030807
5, 3308, 0, 9223372036854775807, 0, 9223372036738995807
5, 3309, 0, 9223372036854775807, 0, 9223372036738960807
5, 331, 0, 9223372036854775807, 0, 9223372036843190807
5, 3310, 0, 9223372036854775807, 0, 9223372036738925807
5, 3311, 0, 9223372036854775807, 0, 9223372036738890807
5, 3312, 0, 9223372036854775807, 0, 9223372036738855807
5, 3313, 0, 9223372036854775807, 0, 9223372036738820807
5, 3314, 0, 9223372036854775807, 0, 9223372036738785807
5, 3315, 0, 9223372036854775807, 0, 9223372036738750807
5, 3316, 0, 9223372036854775807, 0, 9223372036738715807
5, 3317, 0, 9223372036854775807, 0, 9223372036738680807
5, 3318, 0, 9223372036854775807, 0, 9223372036738645807
5, 3319, 0, 9223372036854775807, 0, 9223372036738610807
5, 332, 0, 9223372036854775807, 0, 9223372036843155807
5, 3320, 0, 9223372036854775807, 0, 9223372036738575807
5, 3321, 0, 9223372036854775807, 0, 9223372036738540807
5, 3322, 0, 9223372036854775807, 0, 9223372036738505807
5, 3323, 0, 9223372036854775807, 0, 9223372036738470807
5, 3324, 0, 9223372036854775807, 0, 9223372036738435807
5, 3325, 0, 9223372036854775807, 0, 9223372036738400807
5, 3326, 0, 9223372036854775807, 0, 9223372036738365807
5, 3327, 0, 9223372036854775807, 0, 9223372036738330807
5, 3328, 0, 9223372036854775807, 0, 9223372036738295807
5, 3329, 0, 9223372036854775807, 0, 9223372036738260807
5, 333, 0, 9223372036854775807, 0, 9223372036843120807
5, 3330, 0, 9223372036854775807, 0, 9223372036738225807
5, 3331, 0, 9223372036854775807, 0, 9223372036738190807
5, 3332, 0, 9223372036854775807, 0, 9223372036738155807
5, 3333, 0, 9223372036854775807, 0, 9223372036738120807
5, 3334, 0, 9223372036854775807, 0, 9223372036738085807
5, 3335, 0, 9223372036854775807, 0, 9223372036738050807
5, 3336, 0, 9223372036854775807, 0, 9223372036738015807
5, 3337, 0, 9223372036854775807, 0, 9223372036737980807
5, 3338, 0, 9223372036854775807, 0, 9223372036737945807
5, 3339, 0, 9223372036854775807, 0, 9223372036737910807
5, 334, 0, 9223372036854775807, 0, 9223372036843085807
5, 3340, 0, 9223372036854775807, 0, 9223372036737875807
5, 3341, 0, 9223372036854775807, 0, 9223372036737840807
5, 3342, 0, 9223372036854775807, 0, 9223372036737805807
5, 3343, 0, 9223372036854775807, 0, 9223372036737770807
5, 3344, 0, 9223372036854775807, 0, 9223372036737735807
5, 3345, 0, 9223372036854775807, 0, 9223372036737700807
5, 3346, 0, 9223372036854775807, 0, 9223372036737665807
5, 3347, 0, 9223372036854775807, 0, 9223372036737630807
5, 3348, 0, 9223372036854775807, 0, 9223372036737595807
5, 3349, 0, 9223372036854775807, 0, 9223372036737560807
5, 335, 0, 9223372036854775807, 0, 9223372036843050807
5, 3350, 0, 9223372036854775807, 0, 9223372036737525807
5, 3351, 0, 9223372036854775807, 0, 9223372036737490807
5, 3352, 0, 9223372036854775807, 0, 9223372036737455807
5, 3353, 0, 9223372036854775807, 0, 9223372036737420807
5, 3354, 0, 9223372036854775807, 0, 9223372036737385807
5, 3355, 0, 9223372036854775807, 0, 9223372036737350807
5, 3356, 0, 9223372036854775807, 0, 9223372036737315807
5, 3357, 0, 9223372036854775807, 0, 9223372036737280807
5, 3358, 0, 9223372036854775807, 0, 9223372036737245807
5, 3359, 0, 9223372036854775807, 0, 9223372036737210807
5, 336, 0, 9223372036854775807, 0, 9223372036843015807
5, 3360, 0, 9223372036854775807, 0, 9223372036737175807
5, 3361, 0, 9223372036854775807, 0, 9223372036737140807
5, 3362, 0, 9223372036854775807, 0, 9223372036737105807
5, 3363, 0, 9223372036854775807, 0, 9223372036737070807
5, 3364, 0, 9223372036854775807, 0, 9223372036737035807
5, 3365, 0, 9223372036854775807, 0, 9223372036737000807
5, 337, 0, 9223372036854775807, 0, 9223372036842980807
5, 338, 0, 9223372036854775807, 0, 9223372036842945807
5, 339, 0, 9223372036854775807, 0, 9223372036842910807
5, 34, 0, 9223372036854775807, 0, 9223372036853585807
5, 340, 0, 9223372036854775807, 0, 9223372036842875807
5, 341, 0, 9223372036854775807, 0, 9223372036842840807
5, 342, 0, 9223372036854775807, 0, 9223372036842805807
5, 343, 0, 9223372036854775807, 0, 9223372036842770807
5, 344, 0, 9223372036854775807, 0, 9223372036842735807
5, 345, 0, 9223372036854775807, 0, 9223372036842700807
5, 346, 0, 9223372036854775807, 0, 9223372036842665807
5, 347, 0, 9223372036854775807, 0, 9223372036842630807
5, 348, 0, 9223372036854775807, 0, 9223372036842595807
5, 349, 0, 9223372036854775807, 0, 9223372036842560807
5, 35, 0, 9223372036854775807, 0, 9223372036853550807
5, 350, 0, 9223372036854775807, 0, 9223372036842525807
5, 351, 0, 9223372036854775807, 0, 9223372036842490807
5, 352, 0, 9223372036854775807, 0, 9223372036842455807
5, 353, 0, 9223372036854775807, 0, 9223372036842420807
5, 354, 0, 9223372036854775807, 0, 9223372036842385807
5, 355, 0, 9223372036854775807, 0, 9223372036842350807
5, 356, 0, 9223372036854775807, 0, 9223372036842315807
5, 357, 0, 9223372036854775807, 0, 9223372036842280807
5, 358, 0, 9223372036854775807, 0, 9223372036842245807
5, 359, 0, 9223372036854775807, 0, 9223372036842210807
5, 36, 0, 9223372036854775807, 0, 9223372036853515807
5, 360, 0, 9223372036854775807, 0, 9223372036842175807
5, 361, 0, 9223372036854775807, 0, 9223372036842140807
5, 362, 0, 9223372036854775807, 0, 9223372036842105807
5, 363, 0, 9223372036854775807, 0, 9223372036842070807
5, 364, 0, 9223372036854775807, 0, 9223372036842035807
5, 365, 0, 9223372036854775807, 0, 9223372036842000807
5, 366, 0, 9223372036854775807, 0, 9223372036841965807
5, 367, 0, 9223372036854775807, 0, 9223372036841930807
5, 368, 0, 9223372036854775807, 0, 9223372036841895807
5, 369, 0, 9223372036854775807, 0, 9223372036841860807
5, 37, 0, 9223372036854775807, 0, 9223372036853480807
5, 370, 0, 9223372036854775807, 0, 9223372036841825807
5, 371, 0, 9223372036854775807, 0, 9223372036841790807
5, 372, 0, 9223372036854775807, 0, 9223372036841755807
5, 373, 0, 9223372036854775807, 0, 9223372036841720807
5, 374, 0, 9223372036854775807, 0, 9223372036841685807
5, 375, 0, 9223372036854775807, 0, 9223372036841650807
5, 376, 0, 9223372036854775807, 0, 9223372036841615807
5, 377, 0, 9223372036854775807, 0, 9223372036841580807
5, 378, 0, 9223372036854775807, 0, 9223372036841545807
5, 379, 0, 9223372036854775807, 0, 9223372036841510807
5, 38, 0, 9223372036854775807, 0, 9223372036853445807
5, 380, 0, 9223372036854775807, 0, 9223372036841475807
5, 381, 0, 9223372036854775807, 0, 9223372036841440807
5, 382, 0, 9223372036854775807, 0, 9223372036841405807
5, 383, 0, 9223372036854775807, 0, 9223372036841370807
5, 384, 0, 9223372036854775807, 0, 9223372036841335807
5, 385, 0, 9223372036854775807, 0, 9223372036841300807
5, 386, 0, 9223372036854775807, 0, 9223372036841265807
5, 387, 0, 9223372036854775807, 0, 9223372036841230807
5, 388, 0, 9223372036854775807, 0, 9223372036841195807
5, 389, 0, 9223372036854775807, 0, 9223372036841160807
5, 39, 0, 9223372036854775807, 0, 9223372036853410807
5, 390, 0, 9223372036854775807, 0, 9223372036841125807
5, 391, 0, 9223372036854775807, 0, 9223372036841090807
5, 392, 0, 9223372036854775807, 0, 9223372036841055807
5, 393, 0, 9223372036854775807, 0, 9223372036841020807
5, 394, 0, 9223372036854775807, 0, 9223372036840985807
5, 395, 0, 9223372036854775807, 0, 9223372036840950807
5, 396, 0, 9223372036854775807, 0, 9223372036840915807
5, 397, 0, 9223372036854775807, 0, 9223372036840880807
5, 398, 0, 9223372036854775807, 0, 9223372036840845807
5, 399, 0, 9223372036854775807, 0, 9223372036840810807
5, 4, 0, 9223372036854775807, 0, 9223372036854635807
5, 40, 0, 9223372036854775807, 0, 9223372036853375807
5, 400, 0, 9223372036854775807, 0, 9223372036840775807
5, 401, 0, 9223372036854775807, 0, 9223372036840740807
5, 402, 0, 9223372036854775807, 0, 9223372036840705807
5, 403, 0, 9223372036854775807, 0, 9223372036840670807
5, 404, 0, 9223372036854775807, 0, 9223372036840635807
5, 405, 0, 9223372036854775807, 0, 9223372036840600807
5, 406, 0, 9223372036854775807, 0, 9223372036840565807
5, 407, 0, 9223372036854775807, 0, 9223372036840530807
5, 408, 0, 9223372036854775807, 0, 9223372036840495807
5, 409, 0, 9223372036854775807, 0, 9223372036840460807
5, 41, 0, 9223372036854775807, 0, 9223372036853340807
5, 410, 0, 9223372036854775807, 0, 9223372036840425807
5, 411, 0, 9223372036854775807, 0, 9223372036840390807
5, 412, 0, 9223372036854775807, 0, 9223372036840355807
5, 413, 0, 9223372036854775807, 0, 9223372036840320807
5, 414, 0, 9223372036854775807, 0, 9223372036840285807
5, 415, 0, 9223372036854775807, 0, 9223372036840250807
5, 416, 0, 9223372036854775807, 0, 9223372036840215807
5, 417, 0, 9223372036854775807, 0, 9223372036840180807
5, 418, 0, 9223372036854775807, 0, 9223372036840145807
5, 419, 0, 9223372036854775807, 0, 9223372036840110807
5, 42, 0, 9223372036854775807, 0, 9223372036853305807
5, 420, 0, 9223372036854775807, 0, 9223372036840075807
5, 421, 0, 9223372036854775807, 0, 9223372036840040807
5, 422, 0, 9223372036854775807, 0, 9223372036840005807
5, 423, 0, 9223372036854775807, 0, 9223372036839970807
5, 424, 0, 9223372036854775807, 0, 9223372036839935807
5, 425, 0, 9223372036854775807, 0, 9223372036839900807
5, 426, 0, 9223372036854775807, 0, 9223372036839865807
5, 427, 0, 9223372036854775807, 0, 9223372036839830807
5, 428, 0, 9223372036854775807, 0, 9223372036839795807
5, 429, 0, 9223372036854775807, 0, 9223372036839760807
5, 43, 0, 9223372036854775807, 0, 9223372036853270807
5, 430, 0, 9223372036854775807, 0, 9223372036839725807
5, 431, 0, 9223372036854775807, 0, 9223372036839690807
5, 432, 0, 9223372036854775807, 0, 9223372036839655807
5, 433, 0, 9223372036854775807, 0, 9223372036839620807
5, 434, 0, 9223372036854775807, 0, 9223372036839585807
5, 435, 0, 9223372036854775807, 0, 9223372036839550807
5, 436, 0, 9223372036854775807, 0, 9223372036839515807
5, 437, 0, 9223372036854775807, 0, 9223372036839480807
5, 438, 0, 9223372036854775807, 0, 9223372036839445807
5, 439, 0, 9223372036854775807, 0, 9223372036839410807
5, 44, 0, 9223372036854775807, 0, 9223372036853235807
5, 440, 0, 9223372036854775807, 0, 9223372036839375807
5, 441, 0, 9223372036854775807, 0, 9223372036839340807
5, 442, 0, 9223372036854775807, 0, 9223372036839305807
5, 443, 0, 9223372036854775807, 0, 9223372036839270807
5, 444, 0, 9223372036854775807, 0, 9223372036839235807
5, 445, 0, 9223372036854775807, 0, 9223372036839200807
5, 446, 0, 9223372036854775807, 0, 9223372036839165807
5, 447, 0, 9223372036854775807, 0, 9223372036839130807
5, 448, 0, 9223372036854775807, 0, 9223372036839095807
5, 449, 0, 9223372036854775807, 0, 9223372036839060807
5, 45, 0, 9223372036854775807, 0, 9223372036853200807
5, 450, 0, 9223372036854775807, 0, 9223372036839025807
5, 451, 0, 9223372036854775807, 0, 9223372036838990807
5, 452, 0, 9223372036854775807, 0, 9223372036838955807
5, 453, 0, 9223372036854775807, 0, 9223372036838920807
5, 454, 0, 9223372036854775807, 0, 9223372036838885807
5, 455, 0, 9223372036854775807, 0, 9223372036838850807
5, 456, 0, 9223372036854775807, 0, 9223372036838815807
5, 457, 0, 9223372036854775807, 0, 9223372036838780807
5, 458, 0, 9223372036854775807, 0, 9223372036838745807
5, 459, 0, 9223372036854775807, 0, 9223372036838710807
5, 46, 0, 9223372036854775807, 0, 9223372036853165807
5, 460, 0, 9223372036854775807, 0, 9223372036838675807
5, 461, 0, 9223372036854775807, 0, 9223372036838640807
5, 462, 0, 9223372036854775807, 0, 9223372036838605807
5, 463, 0, 9223372036854775807, 0, 9223372036838570807
5, 464, 0, 9223372036854775807, 0, 9223372036838535807
5, 465, 0, 9223372036854775807, 0, 9223372036838500807
5, 466, 0, 9223372036854775807, 0, 9223372036838465807
5, 467, 0, 9223372036854775807, 0, 9223372036838430807
5, 468, 0, 9223372036854775807, 0, 9223372036838395807
5, 469, 0, 9223372036854775807, 0, 9223372036838360807
5, 47, 0, 9223372036854775807, 0, 9223372036853130807
5, 470, 0, 9223372036854775807, 0, 9223372036838325807
5, 471, 0, 9223372036854775807, 0, 9223372036838290807
5, 472, 0, 9223372036854775807, 0, 9223372036838255807
5, 473, 0, 9223372036854775807, 0, 9223372036838220807
5, 474, 0, 9223372036854775807, 0, 9223372036838185807
5, 475, 0, 9223372036854775807, 0, 9223372036838150807
5, 476, 0, 9223372036854775807, 0, 9223372036838115807
5, 477, 0, 9223372036854775807, 0, 9223372036838080807
5, 478, 0, 9223372036854775807, 0, 9223372036838045807
5, 479, 0, 9223372036854775807, 0, 9223372036838010807
5, 48, 0, 9223372036854775807, 0, 9223372036853095807
5, 480, 0, 9223372036854775807, 0, 9223372036837975807
5, 481, 0, 9223372036854775807, 0, 9223372036837940807
5, 482, 0, 9223372036854775807, 0, 9223372036837905807
5, 483, 0, 9223372036854775807, 0, 9223372036837870807
5, 484, 0, 9223372036854775807, 0, 9223372036837835807
5, 485, 0, 9223372036854775807, 0, 9223372036837800807
5, 486, 0, 9223372036854775807, 0, 9223372036837765807
5, 487, 0, 9223372036854775807, 0, 9223372036837730807
5, 488, 0, 9223372036854775807, 0, 9223372036837695807
5, 489, 0, 9223372036854775807, 0, 9223372036837660807
5, 49, 0, 9223372036854775807, 0, 9223372036853060807
5, 490, 0, 9223372036854775807, 0, 9223372036837625807
5, 491, 0, 9223372036854775807, 0, 9223372036837590807
5, 492, 0, 9223372036854775807, 0, 9223372036837555807
5, 493, 0, 9223372036854775807, 0, 9223372036837520807
5, 494, 0, 9223372036854775807, 0, 9223372036837485807
5, 495, 0, 9223372036854775807, 0, 9223372036837450807
5, 496, 0, 9223372036854775807, 0, 9223372036837415807
5, 497, 0, 9223372036854775807, 0, 9223372036837380807
5, 498, 0, 9223372036854775807, 0, 9223372036837345807
5, 499, 0, 9223372036854775807, 0, 9223372036837310807
5, 5, 0, 9223372036854775807, 0, 9223372036854600807
5, 50, 0, 9223372036854775807, 0, 9223372036853025807
5, 500, 0, 9223372036854775807, 0, 9223372036837275807
5, 501, 0, 9223372036854775807, 0, 9223372036837240807
5, 502, 0, 9223372036854775807, 0, 9223372036837205807
5, 503, 0, 9223372036854775807, 0, 9223372036837170807
5, 504, 0, 9223372036854775807, 0, 9223372036837135807
5, 505, 0, 9223372036854775807, 0, 9223372036837100807
5, 506, 0, 9223372036854775807, 0, 9223372036837065807
5, 507, 0, 9223372036854775807, 0, 9223372036837030807
5, 508, 0, 9223372036854775807, 0, 9223372036836995807
5, 509, 0, 9223372036854775807, 0, 9223372036836960807
5, 51, 0, 9223372036854775807, 0, 9223372036852990807
5, 510, 0, 9223372036854775807, 0, 9223372036836925807
5, 511, 0, 9223372036854775807, 0, 9223372036836890807
5, 512, 0, 9223372036854775807, 0, 9223372036836855807
5, 513, 0, 9223372036854775807, 0, 9223372036836820807
5, 514, 0, 9223372036854775807, 0, 9223372036836785807
5, 515, 0, 9223372036854775807, 0, 9223372036836750807
5, 516, 0, 9223372036854775807, 0, 9223372036836715807
5, 517, 0, 9223372036854775807, 0, 9223372036836680807
5, 518, 0, 9223372036854775807, 0, 9223372036836645807
5, 519, 0, 9223372036854775807, 0, 9223372036836610807
5, 52, 0, 9223372036854775807, 0, 9223372036852955807
5, 520, 0, 9223372036854775807, 0, 9223372036836575807
5, 521, 0, 9223372036854775807, 0, 9223372036836540807
5, 522, 0, 9223372036854775807, 0, 9223372036836505807
5, 523, 0, 9223372036854775807, 0, 9223372036836470807
5, 524, 0, 9223372036854775807, 0, 9223372036836435807
5, 525, 0, 9223372036854775807, 0, 9223372036836400807
5, 526, 0, 9223372036854775807, 0, 9223372036836365807
5, 527, 0, 9223372036854775807, 0, 9223372036836330807
5, 528, 0, 9223372036854775807, 0, 9223372036836295807
5, 529, 0, 9223372036854775807, 0, 9223372036836260807
5, 53, 0, 9223372036854775807, 0, 9223372036852920807
5, 530, 0, 9223372036854775807, 0, 9223372036836225807
5, 531, 0, 9223372036854775807, 0, 9223372036836190807
5, 532, 0, 9223372036854775807, 0, 9223372036836155807
5, 533, 0, 9223372036854775807, 0, 9223372036836120807
5, 534, 0, 9223372036854775807, 0, 9223372036836085807
5, 535, 0, 9223372036854775807, 0, 9223372036836050807
5, 536, 0, 9223372036854775807, 0, 9223372036836015807
5, 537, 0, 9223372036854775807, 0, 9223372036835980807
5, 538, 0, 9223372036854775807, 0, 9223372036835945807
5, 539, 0, 9223372036854775807, 0, 9223372036835910807
5, 54, 0, 9223372036854775807, 0, 9223372036852885807
5, 540, 0, 9223372036854775807, 0, 9223372036835875807
5, 541, 0, 9223372036854775807, 0, 9223372036835840807
5, 542, 0, 9223372036854775807, 0, 9223372036835805807
5, 543, 0, 9223372036854775807, 0, 9223372036835770807
5, 544, 0, 9223372036854775807, 0, 9223372036835735807
5, 545, 0, 9223372036854775807, 0, 9223372036835700807
5, 546, 0, 9223372036854775807, 0, 9223372036835665807
5, 547, 0, 9223372036854775807, 0, 9223372036835630807
5, 548, 0, 9223372036854775807, 0, 9223372036835595807
5, 549, 0, 9223372036854775807, 0, 9223372036835560807
5, 55, 0, 9223372036854775807, 0, 9223372036852850807
5, 550, 0, 9223372036854775807, 0, 9223372036835525807
5, 551, 0, 9223372036854775807, 0, 9223372036835490807
5, 552, 0, 9223372036854775807, 0, 9223372036835455807
5, 553, 0, 9223372036854775807, 0, 9223372036835420807
5, 554, 0, 9223372036854775807, 0, 9223372036835385807
5, 555, 0, 9223372036854775807, 0, 9223372036835350807
5, 556, 0, 9223372036854775807, 0, 9223372036835315807
5, 557, 0, 9223372036854775807, 0, 9223372036835280807
5, 558, 0, 9223372036854775807, 0, 9223372036835245807
5, 559, 0, 9223372036854775807, 0, 9223372036835210807
5, 56, 0, 9223372036854775807, 0, 9223372036852815807
5, 560, 0, 9223372036854775807, 0, 9223372036835175807
5, 561, 0, 9223372036854775807, 0, 9223372036835140807
5, 562, 0, 9223372036854775807, 0, 9223372036835105807
5, 563, 0, 9223372036854775807, 0, 9223372036835070807
5, 564, 0, 9223372036854775807, 0, 9223372036835035807
5, 565, 0, 9223372036854775807, 0, 9223372036835000807
5, 566, 0, 9223372036854775807, 0, 9223372036834965807
5, 567, 0, 9223372036854775807, 0, 9223372036834930807
5, 568, 0, 9223372036854775807, 0, 9223372036834895807
5, 569, 0, 9223372036854775807, 0, 9223372036834860807
5, 57, 0, 9223372036854775807, 0, 9223372036852780807
5, 570, 0, 9223372036854775807, 0, 9223372036834825807
5, 571, 0, 9223372036854775807, 0, 9223372036834790807
5, 572, 0, 9223372036854775807, 0, 9223372036834755807
5, 573, 0, 9223372036854775807, 0, 9223372036834720807
5, 574, 0, 9223372036854775807, 0, 9223372036834685807
5, 575, 0, 9223372036854775807, 0, 9223372036834650807
5, 576, 0, 9223372036854775807, 0, 9223372036834615807
5, 577, 0, 9223372036854775807, 0, 9223372036834580807
5, 578, 0, 9223372036854775807, 0, 9223372036834545807
5, 579, 0, 9223372036854775807, 0, 9223372036834510807
5, 58, 0, 9223372036854775807, 0, 9223372036852745807
5, 580, 0, 9223372036854775807, 0, 9223372036834475807
5, 581, 0, 9223372036854775807, 0, 9223372036834440807
5, 582, 0, 9223372036854775807, 0, 9223372036834405807
5, 583, 0, 9223372036854775807, 0, 9223372036834370807
5, 584, 0, 9223372036854775807, 0, 9223372036834335807
5, 585, 0, 9223372036854775807, 0, 9223372036834300807
5, 586, 0, 9223372036854775807, 0, 9223372036834265807
5, 587, 0, 9223372036854775807, 0, 9223372036834230807
5, 588, 0, 9223372036854775807, 0, 9223372036834195807
5, 589, 0, 9223372036854775807, 0, 9223372036834160807
5, 59, 0, 9223372036854775807, 0, 9223372036852710807
5, 590, 0, 9223372036854775807, 0, 9223372036834125807
5, 591, 0, 9223372036854775807, 0, 9223372036834090807
5, 592, 0, 9223372036854775807, 0, 9223372036834055807
5, 593, 0, 9223372036854775807, 0, 9223372036834020807
5, 594, 0, 9223372036854775807, 0, 9223372036833985807
5, 595, 0, 9223372036854775807, 0, 9223372036833950807
5, 596, 0, 9223372036854775807, 0, 9223372036833915807
5, 597, 0, 9223372036854775807, 0, 9223372036833880807
5, 598, 0, 9223372036854775807, 0, 9223372036833845807
5, 599, 0, 9223372036854775807, 0, 9223372036833810807
5, 6, 0, 9223372036854775807, 0, 9223372036854565807
5, 60, 0, 9223372036854775807, 0, 9223372036852675807
5, 600, 0, 9223372036854775807, 0, 9223372036833775807
5, 601, 0, 9223372036854775807, 0, 9223372036833740807
5, 602, 0, 9223372036854775807, 0, 9223372036833705807
5, 603, 0, 9223372036854775807, 0, 9223372036833670807
5, 604, 0, 9223372036854775807, 0, 9223372036833635807
5, 605, 0, 9223372036854775807, 0, 9223372036833600807
5, 606, 0, 9223372036854775807, 0, 9223372036833565807
5, 607, 0, 9223372036854775807, 0, 9223372036833530807
5, 608, 0, 9223372036854775807, 0, 9223372036833495807
5, 609, 0, 9223372036854775807, 0, 9223372036833460807
5, 61, 0, 9223372036854775807, 0, 9223372036852640807
5, 610, 0, 9223372036854775807, 0, 9223372036833425807
5, 611, 0, 9223372036854775807, 0, 9223372036833390807
5, 612, 0, 9223372036854775807, 0, 9223372036833355807
5, 613, 0, 9223372036854775807, 0, 9223372036833320807
5, 614, 0, 9223372036854775807, 0, 9223372036833285807
5, 615, 0, 9223372036854775807, 0, 9223372036833250807
5, 616, 0, 9223372036854775807, 0, 9223372036833215807
5, 617, 0, 9223372036854775807, 0, 9223372036833180807
5, 618, 0, 9223372036854775807, 0, 9223372036833145807
5, 619, 0, 9223372036854775807, 0, 9223372036833110807
5, 62, 0, 9223372036854775807, 0, 9223372036852605807
5, 620, 0, 9223372036854775807, 0, 9223372036833075807
5, 621, 0, 9223372036854775807, 0, 9223372036833040807
5, 622, 0, 9223372036854775807, 0, 9223372036833005807
5, 623, 0, 9223372036854775807, 0, 9223372036832970807
5, 624, 0, 9223372036854775807, 0, 9223372036832935807
5, 625, 0, 9223372036854775807, 0, 9223372036832900807
5, 626, 0, 9223372036854775807, 0, 9223372036832865807
5, 627, 0, 9223372036854775807, 0, 9223372036832830807
5, 628, 0, 9223372036854775807, 0, 9223372036832795807
5, 629, 0, 9223372036854775807, 0, 9223372036832760807
5, 63, 0, 9223372036854775807, 0, 9223372036852570807
5, 630, 0, 9223372036854775807, 0, 9223372036832725807
5, 631, 0, 9223372036854775807, 0, 9223372036832690807
5, 632, 0, 9223372036854775807, 0, 9223372036832655807
5, 633, 0, 9223372036854775807, 0, 9223372036832620807
5, 634, 0, 9223372036854775807, 0, 9223372036832585807
5, 635, 0, 9223372036854775807, 0, 9223372036832550807
5, 636, 0, 9223372036854775807, 0, 9223372036832515807
5, 637, 0, 9223372036854775807, 0, 9223372036832480807
5, 638, 0, 9223372036854775807, 0, 9223372036832445807
5, 639, 0, 9223372036854775807, 0, 9223372036832410807
5, 64, 0, 9223372036854775807, 0, 9223372036852535807
5, 640, 0, 9223372036854775807, 0, 9223372036832375807
5, 641, 0, 9223372036854775807, 0, 9223372036832340807
5, 642, 0, 9223372036854775807, 0, 9223372036832305807
5, 643, 0, 9223372036854775807, 0, 9223372036832270807
5, 644, 0, 9223372036854775807, 0, 9223372036832235807
5, 645, 0, 9223372036854775807, 0, 9223372036832200807
5, 646, 0, 9223372036854775807, 0, 9223372036832165807
5, 647, 0, 9223372036854775807, 0, 9223372036832130807
5, 648, 0, 9223372036854775807, 0, 9223372036832095807
5, 649, 0, 9223372036854775807, 0, 9223372036832060807
5, 65, 0, 9223372036854775807, 0, 9223372036852500807
5, 650, 0, 9223372036854775807, 0, 9223372036832025807
5, 651, 0, 9223372036854775807, 0, 9223372036831990807
5, 652, 0, 9223372036854775807, 0, 9223372036831955807
5, 653, 0, 9223372036854775807, 0, 9223372036831920807
5, 654, 0, 9223372036854775807, 0, 9223372036831885807
5, 655, 0, 9223372036854775807, 0, 9223372036831850807
5, 656, 0, 9223372036854775807, 0, 9223372036831815807
5, 657, 0, 9223372036854775807, 0, 9223372036831780807
5, 658, 0, 9223372036854775807, 0, 9223372036831745807
5, 659, 0, 9223372036854775807, 0, 9223372036831710807
5, 66, 0, 9223372036854775807, 0, 9223372036852465807
5, 660, 0, 9223372036854775807, 0, 9223372036831675807
5, 661, 0, 9223372036854775807, 0, 9223372036831640807
5, 662, 0, 9223372036854775807, 0, 9223372036831605807
5, 663, 0, 9223372036854775807, 0, 9223372036831570807
5, 664, 0, 9223372036854775807, 0, 9223372036831535807
5, 665, 0, 9223372036854775807, 0, 9223372036831500807
5, 666, 0, 9223372036854775807, 0, 9223372036831465807
5, 667, 0, 9223372036854775807, 0, 9223372036831430807
5, 668, 0, 9223372036854775807, 0, 9223372036831395807
5, 669, 0, 9223372036854775807, 0, 9223372036831360807
5, 67, 0, 9223372036854775807, 0, 9223372036852430807
5, 670, 0, 9223372036854775807, 0, 9223372036831325807
5, 671, 0, 9223372036854775807, 0, 9223372036831290807
5, 672, 0, 9223372036854775807, 0, 9223372036831255807
5, 673, 0, 9223372036854775807, 0, 9223372036831220807
5, 674, 0, 9223372036854775807, 0, 9223372036831185807
5, 675, 0, 9223372036854775807, 0, 9223372036831150807
5, 676, 0, 9223372036854775807, 0, 9223372036831115807
5, 677, 0, 9223372036854775807, 0, 9223372036831080807
5, 678, 0, 9223372036854775807, 0, 9223372036831045807
5, 679, 0, 9223372036854775807, 0, 9223372036831010807
5, 68, 0, 9223372036854775807, 0, 9223372036852395807
5, 680, 0, 9223372036854775807, 0, 9223372036830975807
5, 681, 0, 9223372036854775807, 0, 9223372036830940807
5, 682, 0, 9223372036854775807, 0, 9223372036830905807
5, 683, 0, 9223372036854775807, 0, 9223372036830870807
5, 684, 0, 9223372036854775807, 0, 9223372036830835807
5, 685, 0, 9223372036854775807, 0, 9223372036830800807
5, 686, 0, 9223372036854775807, 0, 9223372036830765807
5, 687, 0, 9223372036854775807, 0, 9223372036830730807
5, 688, 0, 9223372036854775807, 0, 9223372036830695807
5, 689, 0, 9223372036854775807, 0, 9223372036830660807
5, 69, 0, 9223372036854775807, 0, 9223372036852360807
5, 690, 0, 9223372036854775807, 0, 9223372036830625807
5, 691, 0, 9223372036854775807, 0, 9223372036830590807
5, 692, 0, 9223372036854775807, 0, 9223372036830555807
5, 693, 0, 9223372036854775807, 0, 9223372036830520807
5, 694, 0, 9223372036854775807, 0, 9223372036830485807
5, 695, 0, 9223372036854775807, 0, 9223372036830450807
5, 696, 0, 9223372036854775807, 0, 9223372036830415807
5, 697, 0, 9223372036854775807, 0, 9223372036830380807
5, 698, 0, 9223372036854775807, 0, 9223372036830345807
5, 699, 0, 9223372036854775807, 0, 9223372036830310807
5, 7, 0, 9223372036854775807, 0, 9223372036854530807
5, 70, 0, 9223372036854775807, 0, 9223372036852325807
5, 700, 0, 9223372036854775807, 0, 9223372036830275807
5, 701, 0, 9223372036854775807, 0, 9223372036830240807
5, 702, 0, 9223372036854775807, 0, 9223372036830205807
5, 703, 0, 9223372036854775807, 0, 9223372036830170807
5, 704, 0, 9223372036854775807, 0, 9223372036830135807
5, 705, 0, 9223372036854775807, 0, 9223372036830100807
5, 706, 0, 9223372036854775807, 0, 9223372036830065807
5, 707, 0, 9223372036854775807, 0, 9223372036830030807
5, 708, 0, 9223372036854775807, 0, 9223372036829995807
5, 709, 0, 9223372036854775807, 0, 9223372036829960807
5, 71, 0, 9223372036854775807, 0, 9223372036852290807
5, 710, 0, 9223372036854775807, 0, 9223372036829925807
5, 711, 0, 9223372036854775807, 0, 9223372036829890807
5, 712, 0, 9223372036854775807, 0, 9223372036829855807
5, 713, 0, 9223372036854775807, 0, 9223372036829820807
5, 714, 0, 9223372036854775807, 0, 9223372036829785807
5, 715, 0, 9223372036854775807, 0, 9223372036829750807
5, 716, 0, 9223372036854775807, 0, 9223372036829715807
5, 717, 0, 9223372036854775807, 0, 9223372036829680807
5, 718, 0, 9223372036854775807, 0, 9223372036829645807
5, 719, 0, 9223372036854775807, 0, 9223372036829610807
5, 72, 0, 9223372036854775807, 0, 9223372036852255807
5, 720, 0, 9223372036854775807, 0, 9223372036829575807
5, 721, 0, 9223372036854775807, 0, 9223372036829540807
5, 722, 0, 9223372036854775807, 0, 9223372036829505807
5, 723, 0, 9223372036854775807, 0, 9223372036829470807
5, 724, 0, 9223372036854775807, 0, 9223372036829435807
5, 725, 0, 9223372036854775807, 0, 9223372036829400807
5, 726, 0, 9223372036854775807, 0, 9223372036829365807
5, 727, 0, 9223372036854775807, 0, 9223372036829330807
5, 728, 0, 9223372036854775807, 0, 9223372036829295807
5, 729, 0, 9223372036854775807, 0, 9223372036829260807
5, 73, 0, 9223372036854775807, 0, 9223372036852220807
5, 730, 0, 9223372036854775807, 0, 9223372036829225807
5, 731, 0, 9223372036854775807, 0, 9223372036829190807
5, 732, 0, 9223372036854775807, 0, 9223372036829155807
5, 733, 0, 9223372036854775807, 0, 9223372036829120807
5, 734, 0, 9223372036854775807, 0, 9223372036829085807
5, 735, 0, 9223372036854775807, 0, 9223372036829050807
5, 736, 0, 9223372036854775807, 0, 9223372036829015807
5, 737, 0, 9223372036854775807, 0, 9223372036828980807
5, 738, 0, 9223372036854775807, 0, 9223372036828945807
5, 739, 0, 9223372036854775807, 0, 9223372036828910807
5, 74, 0, 9223372036854775807, 0, 9223372036852185807
5, 740, 0, 9223372036854775807, 0, 9223372036828875807
5, 741, 0, 9223372036854775807, 0, 9223372036828840807
5, 742, 0, 9223372036854775807, 0, 9223372036828805807
5, 743, 0, 9223372036854775807, 0, 9223372036828770807
5, 744, 0, 9223372036854775807, 0, 9223372036828735807
5, 745, 0, 9223372036854775807, 0, 9223372036828700807
5, 746, 0, 9223372036854775807, 0, 9223372036828665807
5, 747, 0, 9223372036854775807, 0, 9223372036828630807
5, 748, 0, 9223372036854775807, 0, 9223372036828595807
5, 749, 0, 9223372036854775807, 0, 9223372036828560807
5, 75, 0, 9223372036854775807, 0, 9223372036852150807
5, 750, 0, 9223372036854775807, 0, 9223372036828525807
5, 751, 0, 9223372036854775807, 0, 9223372036828490807
5, 752, 0, 9223372036854775807, 0, 9223372036828455807
5, 753, 0, 9223372036854775807, 0, 9223372036828420807
5, 754, 0, 9223372036854775807, 0, 9223372036828385807
5, 755, 0, 9223372036854775807, 0, 9223372036828350807
5, 756, 0, 9223372036854775807, 0, 9223372036828315807
5, 757, 0, 9223372036854775807, 0, 9223372036828280807
5, 758, 0, 9223372036854775807, 0, 9223372036828245807
5, 759, 0, 9223372036854775807, 0, 9223372036828210807
5, 76, 0, 9223372036854775807, 0, 9223372036852115807
5, 760, 0, 9223372036854775807, 0, 9223372036828175807
5, 761, 0, 9223372036854775807, 0, 9223372036828140807
5, 762, 0, 9223372036854775807, 0, 9223372036828105807
5, 763, 0, 9223372036854775807, 0, 9223372036828070807
5, 764, 0, 9223372036854775807, 0, 9223372036828035807
5, 765, 0, 9223372036854775807, 0, 9223372036828000807
5, 766, 0, 9223372036854775807, 0, 9223372036827965807
5, 767, 0, 9223372036854775807, 0, 9223372036827930807
5, 768, 0, 9223372036854775807, 0, 9223372036827895807
5, 769, 0, 9223372036854775807, 0, 9223372036827860807
5, 77, 0, 9223372036854775807, 0, 9223372036852080807
5, 770, 0, 9223372036854775807, 0, 9223372036827825807
5, 771, 0, 9223372036854775807, 0, 9223372036827790807
5, 772, 0, 9223372036854775807, 0, 9223372036827755807
5, 773, 0, 9223372036854775807, 0, 9223372036827720807
5, 774, 0, 9223372036854775807, 0, 9223372036827685807
5, 775, 0, 9223372036854775807, 0, 9223372036827650807
5, 776, 0, 9223372036854775807, 0, 9223372036827615807
5, 777, 0, 9223372036854775807, 0, 9223372036827580807
5, 778, 0, 9223372036854775807, 0, 9223372036827545807
5, 779, 0, 9223372036854775807, 0, 9223372036827510807
5, 78, 0, 9223372036854775807, 0, 9223372036852045807
5, 780, 0, 9223372036854775807, 0, 9223372036827475807
5, 781, 0, 9223372036854775807, 0, 9223372036827440807
5, 782, 0, 9223372036854775807, 0, 9223372036827405807
5, 783, 0, 9223372036854775807, 0, 9223372036827370807
5, 784, 0, 9223372036854775807, 0, 9223372036827335807
5, 785, 0, 9223372036854775807, 0, 9223372036827300807
5, 786, 0, 9223372036854775807, 0, 9223372036827265807
5, 787, 0, 9223372036854775807, 0, 9223372036827230807
5, 788, 0, 9223372036854775807, 0, 9223372036827195807
5, 789, 0, 9223372036854775807, 0, 9223372036827160807
5, 79, 0, 9223372036854775807, 0, 9223372036852010807
5, 790, 0, 9223372036854775807, 0, 9223372036827125807
5, 791, 0, 9223372036854775807, 0, 9223372036827090807
5, 792, 0, 9223372036854775807, 0, 9223372036827055807
5, 793, 0, 9223372036854775807, 0, 9223372036827020807
5, 794, 0, 9223372036854775807, 0, 9223372036826985807
5, 795, 0, 9223372036854775807, 0, 9223372036826950807
5, 796, 0, 9223372036854775807, 0, 9223372036826915807
5, 797, 0, 9223372036854775807, 0, 9223372036826880807
5, 798, 0, 9223372036854775807, 0, 9223372036826845807
5, 799, 0, 9223372036854775807, 0, 9223372036826810807
5, 8, 0, 9223372036854775807, 0, 9223372036854495807
5, 80, 0, 9223372036854775807, 0, 9223372036851975807
5, 800, 0, 9223372036854775807, 0, 9223372036826775807
5, 801, 0, 9223372036854775807, 0, 9223372036826740807
5, 802, 0, 9223372036854775807, 0, 9223372036826705807
5, 803, 0, 9223372036854775807, 0, 9223372036826670807
5, 804, 0, 9223372036854775807, 0, 9223372036826635807
5, 805, 0, 9223372036854775807, 0, 9223372036826600807
5, 806, 0, 9223372036854775807, 0, 9223372036826565807
5, 807, 0, 9223372036854775807, 0, 9223372036826530807
5, 808, 0, 9223372036854775807, 0, 9223372036826495807
5, 809, 0, 9223372036854775807, 0, 9223372036826460807
5, 81, 0, 9223372036854775807, 0, 9223372036851940807
5, 810, 0, 9223372036854775807, 0, 9223372036826425807
5, 811, 0, 9223372036854775807, 0, 9223372036826390807
5, 812, 0, 9223372036854775807, 0, 9223372036826355807
5, 813, 0, 9223372036854775807, 0, 9223372036826320807
5, 814, 0, 9223372036854775807, 0, 9223372036826285807
5, 815, 0, 9223372036854775807, 0, 9223372036826250807
5, 816, 0, 9223372036854775807, 0, 9223372036826215807
5, 817, 0, 9223372036854775807, 0, 9223372036826180807
5, 818, 0, 9223372036854775807, 0, 9223372036826145807
5, 819, 0, 9223372036854775807, 0, 9223372036826110807
5, 82, 0, 9223372036854775807, 0, 9223372036851905807
5, 820, 0, 9223372036854775807, 0, 9223372036826075807
5, 821, 0, 9223372036854775807, 0, 9223372036826040807
5, 822, 0, 9223372036854775807, 0, 9223372036826005807
5, 823, 0, 9223372036854775807, 0, 9223372036825970807
5, 824, 0, 9223372036854775807, 0, 9223372036825935807
5, 825, 0, 9223372036854775807, 0, 9223372036825900807
5, 826, 0, 9223372036854775807, 0, 9223372036825865807
5, 827, 0, 9223372036854775807, 0, 9223372036825830807
5, 828, 0, 9223372036854775807, 0, 9223372036825795807
5, 829, 0, 9223372036854775807, 0, 9223372036825760807
5, 83, 0, 9223372036854775807, 0, 9223372036851870807
5, 830, 0, 9223372036854775807, 0, 9223372036825725807
5, 831, 0, 9223372036854775807, 0, 9223372036825690807
5, 832, 0, 9223372036854775807, 0, 9223372036825655807
5, 833, 0, 9223372036854775807, 0, 9223372036825620807
5, 834, 0, 9223372036854775807, 0, 9223372036825585807
5, 835, 0, 9223372036854775807, 0, 9223372036825550807
5, 836, 0, 9223372036854775807, 0, 9223372036825515807
5, 837, 0, 9223372036854775807, 0, 9223372036825480807
5, 838, 0, 9223372036854775807, 0, 9223372036825445807
5, 839, 0, 9223372036854775807, 0, 9223372036825410807
5, 84, 0, 9223372036854775807, 0, 9223372036851835807
5, 840, 0, 9223372036854775807, 0, 9223372036825375807
5, 841, 0, 9223372036854775807, 0, 9223372036825340807
5, 842, 0, 9223372036854775807, 0, 9223372036825305807
5, 843, 0, 9223372036854775807, 0, 9223372036825270807
5, 844, 0, 9223372036854775807, 0, 9223372036825235807
5, 845, 0, 9223372036854775807, 0, 9223372036825200807
5, 846, 0, 9223372036854775807, 0, 9223372036825165807
5, 847, 0, 9223372036854775807, 0, 9223372036825130807
5, 848, 0, 9223372036854775807, 0, 9223372036825095807
5, 849, 0, 9223372036854775807, 0, 9223372036825060807
5, 85, 0, 9223372036854775807, 0, 9223372036851800807
5, 850, 0, 9223372036854775807, 0, 9223372036825025807
5, 851, 0, 9223372036854775807, 0, 9223372036824990807
5, 852, 0, 9223372036854775807, 0, 9223372036824955807
5, 853, 0, 9223372036854775807, 0, 9223372036824920807
5, 854, 0, 9223372036854775807, 0, 9223372036824885807
5, 855, 0, 9223372036854775807, 0, 9223372036824850807
5, 856, 0, 9223372036854775807, 0, 9223372036824815807
5, 857, 0, 9223372036854775807, 0, 9223372036824780807
5, 858, 0, 9223372036854775807, 0, 9223372036824745807
5, 859, 0, 9223372036854775807, 0, 9223372036824710807
5, 86, 0, 9223372036854775807, 0, 9223372036851765807
5, 860, 0, 9223372036854775807, 0, 9223372036824675807
5, 861, 0, 9223372036854775807, 0, 9223372036824640807
5, 862, 0, 9223372036854775807, 0, 9223372036824605807
5, 863, 0, 9223372036854775807, 0, 9223372036824570807
5, 864, 0, 9223372036854775807, 0, 9223372036824535807
5, 865, 0, 9223372036854775807, 0, 9223372036824500807
5, 866, 0, 9223372036854775807, 0, 9223372036824465807
5, 867, 0, 9223372036854775807, 0, 9223372036824430807
5, 868, 0, 9223372036854775807, 0, 9223372036824395807
5, 869, 0, 9223372036854775807, 0, 9223372036824360807
5, 87, 0, 9223372036854775807, 0, 9223372036851730807
5, 870, 0, 9223372036854775807, 0, 9223372036824325807
5, 871, 0, 9223372036854775807, 0, 9223372036824290807
5, 872, 0, 9223372036854775807, 0, 9223372036824255807
5, 873, 0, 9223372036854775807, 0, 9223372036824220807
5, 874, 0, 9223372036854775807, 0, 9223372036824185807
5, 875, 0, 9223372036854775807, 0, 9223372036824150807
5, 876, 0, 9223372036854775807, 0, 9223372036824115807
5, 877, 0, 9223372036854775807, 0, 9223372036824080807
5, 878, 0, 9223372036854775807, 0, 9223372036824045807
5, 879, 0, 9223372036854775807, 0, 9223372036824010807
5, 88, 0, 9223372036854775807, 0, 9223372036851695807
5, 880, 0, 9223372036854775807, 0, 9223372036823975807
5, 881, 0, 9223372036854775807, 0, 9223372036823940807
5, 882, 0, 9223372036854775807, 0, 9223372036823905807
5, 883, 0, 9223372036854775807, 0, 9223372036823870807
5, 884, 0, 9223372036854775807, 0, 9223372036823835807
5, 885, 0, 9223372036854775807, 0, 9223372036823800807
5, 886, 0, 9223372036854775807, 0, 9223372036823765807
5, 887, 0, 9223372036854775807, 0, 9223372036823730807
5, 888, 0, 9223372036854775807, 0, 9223372036823695807
5, 889, 0, 9223372036854775807, 0, 9223372036823660807
5, 89, 0, 9223372036854775807, 0, 9223372036851660807
5, 890, 0, 9223372036854775807, 0, 9223372036823625807
5, 891, 0, 9223372036854775807, 0, 9223372036823590807
5, 892, 0, 9223372036854775807, 0, 9223372036823555807
5, 893, 0, 9223372036854775807, 0, 9223372036823520807
5, 894, 0, 9223372036854775807, 0, 9223372036823485807
5, 895, 0, 9223372036854775807, 0, 9223372036823450807
5, 896, 0, 9223372036854775807, 0, 9223372036823415807
5, 897, 0, 9223372036854775807, 0, 9223372036823380807
5, 898, 0, 9223372036854775807, 0, 9223372036823345807
5, 899, 0, 9223372036854775807, 0, 9223372036823310807
5, 9, 0, 9223372036854775807, 0, 9223372036854460807
5, 90, 0, 9223372036854775807, 0, 9223372036851625807
5, 900, 0, 9223372036854775807, 0, 9223372036823275807
5, 901, 0, 9223372036854775807, 0, 9223372036823240807
5, 902, 0, 9223372036854775807, 0, 9223372036823205807
5, 903, 0, 9223372036854775807, 0, 9223372036823170807
5, 904, 0, 9223372036854775807, 0, 9223372036823135807
5, 905, 0, 9223372036854775807, 0, 9223372036823100807
5, 906, 0, 9223372036854775807, 0, 9223372036823065807
5, 907, 0, 9223372036854775807, 0, 9223372036823030807
5, 908, 0, 9223372036854775807, 0, 9223372036822995807
5, 909, 0, 9223372036854775807, 0, 9223372036822960807
5, 91, 0, 9223372036854775807, 0, 9223372036851590807
5, 910, 0, 9223372036854775807, 0, 9223372036822925807
5, 911, 0, 9223372036854775807, 0, 9223372036822890807
5, 912, 0, 9223372036854775807, 0, 9223372036822855807
5, 913, 0, 9223372036854775807, 0, 9223372036822820807
5, 914, 0, 9223372036854775807, 0, 9223372036822785807
5, 915, 0, 9223372036854775807, 0, 9223372036822750807
5, 916, 0, 9223372036854775807, 0, 9223372036822715807
5, 917, 0, 9223372036854775807, 0, 9223372036822680807
5, 918, 0, 9223372036854775807, 0, 9223372036822645807
5, 919, 0, 9223372036854775807, 0, 9223372036822610807
5, 92, 0, 9223372036854775807, 0, 9223372036851555807
5, 920, 0, 9223372036854775807, 0, 9223372036822575807
5, 921, 0, 9223372036854775807, 0, 9223372036822540807
5, 922, 0, 9223372036854775807, 0, 9223372036822505807
5, 923, 0, 9223372036854775807, 0, 9223372036822470807
5, 924, 0, 9223372036854775807, 0, 9223372036822435807
5, 925, 0, 9223372036854775807, 0, 9223372036822400807
5, 926, 0, 9223372036854775807, 0, 9223372036822365807
5, 927, 0, 9223372036854775807, 0, 9223372036822330807
5, 928, 0, 9223372036854775807, 0, 9223372036822295807
5, 929, 0, 9223372036854775807, 0, 9223372036822260807
5, 93, 0, 9223372036854775807, 0, 9223372036851520807
5, 930, 0, 9223372036854775807, 0, 9223372036822225807
5, 931, 0, 9223372036854775807, 0, 9223372036822190807
5, 932, 0, 9223372036854775807, 0, 9223372036822155807
5, 933, 0, 9223372036854775807, 0, 9223372036822120807
5, 934, 0, 9223372036854775807, 0, 9223372036822085807
5, 935, 0, 9223372036854775807, 0, 9223372036822050807
5, 936, 0, 9223372036854775807, 0, 9223372036822015807
5, 937, 0, 9223372036854775807, 0, 9223372036821980807
5, 938, 0, 9223372036854775807, 0, 9223372036821945807
5, 939, 0, 9223372036854775807, 0, 9223372036821910807
5, 94, 0, 9223372036854775807, 0, 9223372036851485807
5, 940, 0, 9223372036854775807, 0, 9223372036821875807
5, 941, 0, 9223372036854775807, 0, 9223372036821840807
5, 942, 0, 9223372036854775807, 0, 9223372036821805807
5, 943, 0, 9223372036854775807, 0, 9223372036821770807
5, 944, 0, 9223372036854775807, 0, 9223372036821735807
5, 945, 0, 9223372036854775807, 0, 9223372036821700807
5, 946, 0, 9223372036854775807, 0, 9223372036821665807
5, 947, 0, 9223372036854775807, 0, 9223372036821630807
5, 948, 0, 9223372036854775807, 0, 9223372036821595807
5, 949, 0, 9223372036854775807, 0, 9223372036821560807
5, 95, 0, 9223372036854775807, 0, 9223372036851450807
5, 950, 0, 9223372036854775807, 0, 9223372036821525807
5, 951, 0, 9223372036854775807, 0, 9223372036821490807
5, 952, 0, 9223372036854775807, 0, 9223372036821455807
5, 953, 0, 9223372036854775807, 0, 9223372036821420807
5, 954, 0, 9223372036854775807, 0, 9223372036821385807
5, 955, 0, 9223372036854775807, 0, 9223372036821350807
5, 956, 0, 9223372036854775807, 0, 9223372036821315807
5, 957, 0, 9223372036854775807, 0, 9223372036821280807
5, 958, 0, 9223372036854775807, 0, 9223372036821245807
5, 959, 0, 9223372036854775807, 0, 9223372036821210807
5, 96, 0, 9223372036854775807, 0, 9223372036851415807
5, 960, 0, 9223372036854775807, 0, 9223372036821175807
5, 961, 0, 9223372036854775807, 0, 9223372036821140807
5, 962, 0, 9223372036854775807, 0, 9223372036821105807
5, 963, 0, 9223372036854775807, 0, 9223372036821070807
5, 964, 0, 9223372036854775807, 0, 9223372036821035807
5, 965, 0, 9223372036854775807, 0, 9223372036821000807
5, 966, 0, 9223372036854775807, 0, 9223372036820965807
5, 967, 0, 9223372036854775807, 0, 9223372036820930807
5, 968, 0, 9223372036854775807, 0, 9223372036820895807
5, 969, 0, 9223372036854775807, 0, 9223372036820860807
5, 97, 0, 9223372036854775807, 0, 9223372036851380807
5, 970, 0, 9223372036854775807, 0, 9223372036820825807
5, 971, 0, 9223372036854775807, 0, 9223372036820790807
5, 972, 0, 9223372036854775807, 0, 9223372036820755807
5, 973, 0, 9223372036854775807, 0, 9223372036820720807
5, 974, 0, 9223372036854775807, 0, 9223372036820685807
5, 975, 0, 9223372036854775807, 0, 9223372036820650807
5, 976, 0, 9223372036854775807, 0, 9223372036820615807
5, 977, 0, 9223372036854775807, 0, 9223372036820580807
5, 978, 0, 9223372036854775807, 0, 9223372036820545807
5, 979, 0, 9223372036854775807, 0, 9223372036820510807
5, 98, 0, 9223372036854775807, 0, 9223372036851345807
5, 980, 0, 9223372036854775807, 0, 9223372036820475807
5, 981, 0, 9223372036854775807, 0, 9223372036820440807
5, 982, 0, 9223372036854775807, 0, 9223372036820405807
5, 983, 0, 9223372036854775807, 0, 9223372036820370807
5, 984, 0, 9223372036854775807, 0, 9223372036820335807
5, 985, 0, 9223372036854775807, 0, 9223372036820300807
5, 986, 0, 9223372036854775807, 0, 9223372036820265807
5, 987, 0, 9223372036854775807, 0, 9223372036820230807
5, 988, 0, 9223372036854775807, 0, 9223372036820195807
5, 989, 0, 9223372036854775807, 0, 9223372036820160807
5, 99, 0, 9223372036854775807, 0, 9223372036851310807
5, 990, 0, 9223372036854775807, 0, 9223372036820125807
5, 991, 0, 9223372036854775807, 0, 9223372036820090807
5, 992, 0, 9223372036854775807, 0, 9223372036820055807
5, 993, 0, 9223372036854775807, 0, 9223372036820020807
5, 994, 0, 9223372036854775807, 0, 9223372036819985807
5, 995, 0, 9223372036854775807, 0, 9223372036819950807
5, 996, 0, 9223372036854775807, 0, 9223372036819915807
5, 997, 0, 9223372036854775807, 0, 9223372036819880807
5, 998, 0, 9223372036854775807, 0, 9223372036819845807
5, 999, 0, 9223372036854775807, 0, 9223372036819810807
6, 0, 518, 19439, 518, 19439
6, 1, 0, 9223372036854775807, 0, 9223372036854740807
6, 10, 0, 9223372036854775807, 0, 9223372036854425807
6, 100, 0, 9223372036854775807, 0, 9223372036851275807
6, 1000, 0, 9223372036854775807, 0, 9223372036819775807
6, 1001, 0, 9223372036854775807, 0, 9223372036819740807
6, 1002, 0, 9223372036854775807, 0, 9223372036819705807
6, 1003, 0, 9223372036854775807, 0, 9223372036819670807
6, 1004, 0, 9223372036854775807, 0, 9223372036819635807
6, 1005, 0, 9223372036854775807, 0, 9223372036819600807
6, 1006, 0, 9223372036854775807, 0, 9223372036819565807
6, 1007, 0, 9223372036854775807, 0, 9223372036819530807
6, 1008, 0, 9223372036854775807, 0, 9223372036819495807
6, 1009, 0, 9223372036854775807, 0, 9223372036819460807
6, 101, 0, 9223372036854775807, 0, 9223372036851240807
6, 1010, 0, 9223372036854775807, 0, 9223372036819425807
6, 1011, 0, 9223372036854775807, 0, 9223372036819390807
6, 1012, 0, 9223372036854775807, 0, 9223372036819355807
6, 1013, 0, 9223372036854775807, 0, 9223372036819320807
6, 1014, 0, 9223372036854775807, 0, 9223372036819285807
6, 1015, 0, 9223372036854775807, 0, 9223372036819250807
6, 1016, 0, 9223372036854775807, 0, 9223372036819215807
6, 1017, 0, 9223372036854775807, 0, 9223372036819180807
6, 1018, 0, 9223372036854775807, 0, 9223372036819145807
6, 1019, 0, 9223372036854775807, 0, 9223372036819110807
6, 102, 0, 9223372036854775807, 0, 9223372036851205807
6, 1020, 0, 9223372036854775807, 0, 9223372036819075807
6, 1021, 0, 9223372036854775807, 0, 9223372036819040807
6, 1022, 0, 9223372036854775807, 0, 9223372036819005807
6, 1023, 0, 9223372036854775807, 0, 9223372036818970807
6, 1024, 0, 9223372036854775807, 0, 9223372036818935807
6, 1025, 0, 9223372036854775807, 0, 9223372036818900807
6, 1026, 0, 9223372036854775807, 0, 9223372036818865807
6, 1027, 0, 9223372036854775807, 0, 9223372036818830807
6, 1028, 0, 9223372036854775807, 0, 9223372036818795807
6, 1029, 0, 9223372036854775807, 0, 9223372036818760807
6, 103, 0, 9223372036854775807, 0, 9223372036851170807
6, 1030, 0, 9223372036854775807, 0, 9223372036818725807
6, 1031, 0, 9223372036854775807, 0, 9223372036818690807
6, 1032, 0, 9223372036854775807, 0, 9223372036818655807
6, 1033, 0, 9223372036854775807, 0, 9223372036818620807
6, 1034, 0, 9223372036854775807, 0, 9223372036818585807
6, 1035, 0, 9223372036854775807, 0, 9223372036818550807
6, 1036, 0, 9223372036854775807, 0, 9223372036818515807
6, 1037, 0, 9223372036854775807, 0, 9223372036818480807
6, 1038, 0, 9223372036854775807, 0, 9223372036818445807
6, 1039, 0, 9223372036854775807, 0, 9223372036818410807
6, 104, 0, 9223372036854775807, 0, 9223372036851135807
6, 1040, 0, 9223372036854775807, 0, 9223372036818375807
6, 1041, 0, 9223372036854775807, 0, 9223372036818340807
6, 1042, 0, 9223372036854775807, 0, 9223372036818305807
6, 1043, 0, 9223372036854775807, 0, 9223372036818270807
6, 1044, 0, 9223372036854775807, 0, 9223372036818235807
6, 1045, 0, 9223372036854775807, 0, 9223372036818200807
6, 1046, 0, 9223372036854775807, 0, 9223372036818165807
6, 1047, 0, 9223372036854775807, 0, 9223372036818130807
6, 1048, 0, 9223372036854775807, 0, 9223372036818095807
6, 1049, 0, 9223372036854775807, 0, 9223372036818060807
6, 105, 0, 9223372036854775807, 0, 9223372036851100807
6, 1050, 0, 9223372036854775807, 0, 9223372036818025807
6, 1051, 0, 9223372036854775807, 0, 9223372036817990807
6, 1052, 0, 9223372036854775807, 0, 9223372036817955807
6, 1053, 0, 9223372036854775807, 0, 9223372036817920807
6, 1054, 0, 9223372036854775807, 0, 9223372036817885807
6, 1055, 0, 9223372036854775807, 0, 9223372036817850807
6, 1056, 0, 9223372036854775807, 0, 9223372036817815807
6, 1057, 0, 9223372036854775807, 0, 9223372036817780807
6, 1058, 0, 9223372036854775807, 0, 9223372036817745807
6, 1059, 0, 9223372036854775807, 0, 9223372036817710807
6, 106, 0, 9223372036854775807, 0, 9223372036851065807
6, 1060, 0, 9223372036854775807, 0, 9223372036817675807
6, 1061, 0, 9223372036854775807, 0, 9223372036817640807
6, 1062, 0, 9223372036854775807, 0, 9223372036817605807
6, 1063, 0, 9223372036854775807, 0, 9223372036817570807
6, 1064, 0, 9223372036854775807, 0, 9223372036817535807
6, 1065, 0, 9223372036854775807, 0, 9223372036817500807
6, 1066, 0, 9223372036854775807, 0, 9223372036817465807
6, 1067, 0, 9223372036854775807, 0, 9223372036817430807
6, 1068, 0, 9223372036854775807, 0, 9223372036817395807
6, 1069, 0, 9223372036854775807, 0, 9223372036817360807
6, 107, 0, 9223372036854775807, 0, 9223372036851030807
6, 1070, 0, 9223372036854775807, 0, 9223372036817325807
6, 1071, 0, 9223372036854775807, 0, 9223372036817290807
6, 1072, 0, 9223372036854775807, 0, 9223372036817255807
6, 1073, 0, 9223372036854775807, 0, 9223372036817220807
6, 1074, 0, 9223372036854775807, 0, 9223372036817185807
6, 1075, 0, 9223372036854775807, 0, 9223372036817150807
6, 1076, 0, 9223372036854775807, 0, 9223372036817115807
6, 1077, 0, 9223372036854775807, 0, 9223372036817080807
6, 1078, 0, 9223372036854775807, 0, 9223372036817045807
6, 1079, 0, 9223372036854775807, 0, 9223372036817010807
6, 108, 0, 9223372036854775807, 0, 9223372036850995807
6, 1080, 0, 9223372036854775807, 0, 9223372036816975807
6, 1081, 0, 9223372036854775807, 0, 9223372036816940807
6, 1082, 0, 9223372036854775807, 0, 9223372036816905807
6, 1083, 0, 9223372036854775807, 0, 9223372036816870807
6, 1084, 0, 9223372036854775807, 0, 9223372036816835807
6, 1085, 0, 9223372036854775807, 0, 9223372036816800807
6, 1086, 0, 9223372036854775807, 0, 9223372036816765807
6, 1087, 0, 9223372036854775807, 0, 9223372036816730807
6, 1088, 0, 9223372036854775807, 0, 9223372036816695807
6, 1089, 0, 9223372036854775807, 0, 9223372036816660807
6, 109, 0, 9223372036854775807, 0, 9223372036850960807
6, 1090, 0, 9223372036854775807, 0, 9223372036816625807
6, 1091, 0, 9223372036854775807, 0, 9223372036816590807
6, 1092, 0, 9223372036854775807, 0, 9223372036816555807
6, 1093, 0, 9223372036854775807, 0, 9223372036816520807
6, 1094, 0, 9223372036854775807, 0, 9223372036816485807
6, 1095, 0, 9223372036854775807, 0, 9223372036816450807
6, 1096, 0, 9223372036854775807, 0, 9223372036816415807
6, 1097, 0, 9223372036854775807, 0, 9223372036816380807
6, 1098, 0, 9223372036854775807, 0, 9223372036816345807
6, 1099, 0, 9223372036854775807, 0, 9223372036816310807
6, 11, 0, 9223372036854775807, 0, 9223372036854390807
6, 110, 0, 9223372036854775807, 0, 9223372036850925807
6, 1100, 0, 9223372036854775807, 0, 9223372036816275807
6, 1101, 0, 9223372036854775807, 0, 9223372036816240807
6, 1102, 0, 9223372036854775807, 0, 9223372036816205807
6, 1103, 0, 9223372036854775807, 0, 9223372036816170807
6, 1104, 0, 9223372036854775807, 0, 9223372036816135807
6, 1105, 0, 9223372036854775807, 0, 9223372036816100807
6, 1106, 0, 9223372036854775807, 0, 9223372036816065807
6, 1107, 0, 9223372036854775807, 0, 9223372036816030807
6, 1108, 0, 9223372036854775807, 0, 9223372036815995807
6, 1109, 0, 9223372036854775807, 0, 9223372036815960807
6, 111, 0, 9223372036854775807, 0, 9223372036850890807
6, 1110, 0, 9223372036854775807, 0, 9223372036815925807
6, 1111, 0, 9223372036854775807, 0, 9223372036815890807
6, 1112, 0, 9223372036854775807, 0, 9223372036815855807
6, 1113, 0, 9223372036854775807, 0, 9223372036815820807
6, 1114, 0, 9223372036854775807, 0, 9223372036815785807
6, 1115, 0, 9223372036854775807, 0, 9223372036815750807
6, 1116, 0, 9223372036854775807, 0, 9223372036815715807
6, 1117, 0, 9223372036854775807, 0, 9223372036815680807
6, 1118, 0, 9223372036854775807, 0, 9223372036815645807
6, 1119, 0, 9223372036854775807, 0, 9223372036815610807
6, 112, 0, 9223372036854775807, 0, 9223372036850855807
6, 1120, 0, 9223372036854775807, 0, 9223372036815575807
6, 1121, 0, 9223372036854775807, 0, 9223372036815540807
6, 1122, 0, 9223372036854775807, 0, 9223372036815505807
6, 1123, 0, 9223372036854775807, 0, 9223372036815470807
6, 1124, 0, 9223372036854775807, 0, 9223372036815435807
6, 1125, 0, 9223372036854775807, 0, 9223372036815400807
6, 1126, 0, 9223372036854775807, 0, 9223372036815365807
6, 1127, 0, 9223372036854775807, 0, 9223372036815330807
6, 1128, 0, 9223372036854775807, 0, 9223372036815295807
6, 1129, 0, 9223372036854775807, 0, 9223372036815260807
6, 113, 0, 9223372036854775807, 0, 9223372036850820807
6, 1130, 0, 9223372036854775807, 0, 9223372036815225807
6, 1131, 0, 9223372036854775807, 0, 9223372036815190807
6, 1132, 0, 9223372036854775807, 0, 9223372036815155807
6, 1133, 0, 9223372036854775807, 0, 9223372036815120807
6, 1134, 0, 9223372036854775807, 0, 9223372036815085807
6, 1135, 0, 9223372036854775807, 0, 9223372036815050807
6, 1136, 0, 9223372036854775807, 0, 9223372036815015807
6, 1137, 0, 9223372036854775807, 0, 9223372036814980807
6, 1138, 0, 9223372036854775807, 0, 9223372036814945807
6, 1139, 0, 9223372036854775807, 0, 9223372036814910807
6, 114, 0, 9223372036854775807, 0, 9223372036850785807
6, 1140, 0, 9223372036854775807, 0, 9223372036814875807
6, 1141, 0, 9223372036854775807, 0, 9223372036814840807
6, 1142, 0, 9223372036854775807, 0, 9223372036814805807
6, 1143, 0, 9223372036854775807, 0, 9223372036814770807
6, 1144, 0, 9223372036854775807, 0, 9223372036814735807
6, 1145, 0, 9223372036854775807, 0, 9223372036814700807
6, 1146, 0, 9223372036854775807, 0, 9223372036814665807
6, 1147, 0, 9223372036854775807, 0, 9223372036814630807
6, 1148, 0, 9223372036854775807, 0, 9223372036814595807
6, 1149, 0, 9223372036854775807, 0, 9223372036814560807
6, 115, 0, 9223372036854775807, 0, 9223372036850750807
6, 1150, 0, 9223372036854775807, 0, 9223372036814525807
6, 1151, 0, 9223372036854775807, 0, 9223372036814490807
6, 1152, 0, 9223372036854775807, 0, 9223372036814455807
6, 1153, 0, 9223372036854775807, 0, 9223372036814420807
6, 1154, 0, 9223372036854775807, 0, 9223372036814385807
6, 1155, 0, 9223372036854775807, 0, 9223372036814350807
6, 1156, 0, 9223372036854775807, 0, 9223372036814315807
6, 1157, 0, 9223372036854775807, 0, 9223372036814280807
6, 1158, 0, 9223372036854775807, 0, 9223372036814245807
6, 1159, 0, 9223372036854775807, 0, 9223372036814210807
6, 116, 0, 9223372036854775807, 0, 9223372036850715807
6, 1160, 0, 9223372036854775807, 0, 9223372036814175807
6, 1161, 0, 9223372036854775807, 0, 9223372036814140807
6, 1162, 0, 9223372036854775807, 0, 9223372036814105807
6, 1163, 0, 9223372036854775807, 0, 9223372036814070807
6, 1164, 0, 9223372036854775807, 0, 9223372036814035807
6, 1165, 0, 9223372036854775807, 0, 9223372036814000807
6, 1166, 0, 9223372036854775807, 0, 9223372036813965807
6, 1167, 0, 9223372036854775807, 0, 9223372036813930807
6, 1168, 0, 9223372036854775807, 0, 9223372036813895807
6, 1169, 0, 9223372036854775807, 0, 9223372036813860807
6, 117, 0, 9223372036854775807, 0, 9223372036850680807
6, 1170, 0, 9223372036854775807, 0, 9223372036813825807
6, 1171, 0, 9223372036854775807, 0, 9223372036813790807
6, 1172, 0, 9223372036854775807, 0, 9223372036813755807
6, 1173, 0, 9223372036854775807, 0, 9223372036813720807
6, 1174, 0, 9223372036854775807, 0, 9223372036813685807
6, 1175, 0, 9223372036854775807, 0, 9223372036813650807
6, 1176, 0, 9223372036854775807, 0, 9223372036813615807
6, 1177, 0, 9223372036854775807, 0, 9223372036813580807
6, 1178, 0, 9223372036854775807, 0, 9223372036813545807
6, 1179, 0, 9223372036854775807, 0, 9223372036813510807
6, 118, 0, 9223372036854775807, 0, 9223372036850645807
6, 1180, 0, 9223372036854775807, 0, 9223372036813475807
6, 1181, 0, 9223372036854775807, 0, 9223372036813440807
6, 1182, 0, 9223372036854775807, 0, 9223372036813405807
6, 1183, 0, 9223372036854775807, 0, 9223372036813370807
6, 1184, 0, 9223372036854775807, 0, 9223372036813335807
6, 1185, 0, 9223372036854775807, 0, 9223372036813300807
6, 1186, 0, 9223372036854775807, 0, 9223372036813265807
6, 1187, 0, 9223372036854775807, 0, 9223372036813230807
6, 1188, 0, 9223372036854775807, 0, 9223372036813195807
6, 1189, 0, 9223372036854775807, 0, 9223372036813160807
6, 119, 0, 9223372036854775807, 0, 9223372036850610807
6, 1190, 0, 9223372036854775807, 0, 9223372036813125807
6, 1191, 0, 9223372036854775807, 0, 9223372036813090807
6, 1192, 0, 9223372036854775807, 0, 9223372036813055807
6, 1193, 0, 9223372036854775807, 0, 9223372036813020807
6, 1194, 0, 9223372036854775807, 0, 9223372036812985807
6, 1195, 0, 9223372036854775807, 0, 9223372036812950807
6, 1196, 0, 9223372036854775807, 0, 9223372036812915807
6, 1197, 0, 9223372036854775807, 0, 9223372036812880807
6, 1198, 0, 9223372036854775807, 0, 9223372036812845807
6, 1199, 0, 9223372036854775807, 0, 9223372036812810807
6, 12, 0, 9223372036854775807, 0, 9223372036854355807
6, 120, 0, 9223372036854775807, 0, 9223372036850575807
6, 1200, 0, 9223372036854775807, 0, 9223372036812775807
6, 1201, 0, 9223372036854775807, 0, 9223372036812740807
6, 1202, 0, 9223372036854775807, 0, 9223372036812705807
6, 1203, 0, 9223372036854775807, 0, 9223372036812670807
6, 1204, 0, 9223372036854775807, 0, 9223372036812635807
6, 1205, 0, 9223372036854775807, 0, 9223372036812600807
6, 1206, 0, 9223372036854775807, 0, 9223372036812565807
6, 1207, 0, 9223372036854775807, 0, 9223372036812530807
6, 1208, 0, 9223372036854775807, 0, 9223372036812495807
6, 1209, 0, 9223372036854775807, 0, 9223372036812460807
6, 121, 0, 9223372036854775807, 0, 9223372036850540807
6, 1210, 0, 9223372036854775807, 0, 9223372036812425807
6, 1211, 0, 9223372036854775807, 0, 9223372036812390807
6, 1212, 0, 9223372036854775807, 0, 9223372036812355807
6, 1213, 0, 9223372036854775807, 0, 9223372036812320807
6, 1214, 0, 9223372036854775807, 0, 9223372036812285807
6, 1215, 0, 9223372036854775807, 0, 9223372036812250807
6, 1216, 0, 9223372036854775807, 0, 9223372036812215807
6, 1217, 0, 9223372036854775807, 0, 9223372036812180807
6, 1218, 0, 9223372036854775807, 0, 9223372036812145807
6, 1219, 0, 9223372036854775807, 0, 9223372036812110807
6, 122, 0, 9223372036854775807, 0, 9223372036850505807
6, 1220, 0, 9223372036854775807, 0, 9223372036812075807
6, 1221, 0, 9223372036854775807, 0, 9223372036812040807
6, 1222, 0, 9223372036854775807, 0, 9223372036812005807
6, 1223, 0, 9223372036854775807, 0, 9223372036811970807
6, 1224, 0, 9223372036854775807, 0, 9223372036811935807
6, 1225, 0, 9223372036854775807, 0, 9223372036811900807
6, 1226, 0, 9223372036854775807, 0, 9223372036811865807
6, 1227, 0, 9223372036854775807, 0, 9223372036811830807
6, 1228, 0, 9223372036854775807, 0, 9223372036811795807
6, 1229, 0, 9223372036854775807, 0, 9223372036811760807
6, 123, 0, 9223372036854775807, 0, 9223372036850470807
6, 1230, 0, 9223372036854775807, 0, 9223372036811725807
6, 1231, 0, 9223372036854775807, 0, 9223372036811690807
6, 1232, 0, 9223372036854775807, 0, 9223372036811655807
6, 1233, 0, 9223372036854775807, 0, 9223372036811620807
6, 1234, 0, 9223372036854775807, 0, 9223372036811585807
6, 1235, 0, 9223372036854775807, 0, 9223372036811550807
6, 1236, 0, 9223372036854775807, 0, 9223372036811515807
6, 1237, 0, 9223372036854775807, 0, 9223372036811480807
6, 1238, 0, 9223372036854775807, 0, 9223372036811445807
6, 1239, 0, 9223372036854775807, 0, 9223372036811410807
6, 124, 0, 9223372036854775807, 0, 9223372036850435807
6, 1240, 0, 9223372036854775807, 0, 9223372036811375807
6, 1241, 0, 9223372036854775807, 0, 9223372036811340807
6, 1242, 0, 9223372036854775807, 0, 9223372036811305807
6, 1243, 0, 9223372036854775807, 0, 9223372036811270807
6, 1244, 0, 9223372036854775807, 0, 9223372036811235807
6, 1245, 0, 9223372036854775807, 0, 9223372036811200807
6, 1246, 0, 9223372036854775807, 0, 9223372036811165807
6, 1247, 0, 9223372036854775807, 0, 9223372036811130807
6, 1248, 0, 9223372036854775807, 0, 9223372036811095807
6, 1249, 0, 9223372036854775807, 0, 9223372036811060807
6, 125, 0, 9223372036854775807, 0, 9223372036850400807
6, 1250, 0, 9223372036854775807, 0, 9223372036811025807
6, 1251, 0, 9223372036854775807, 0, 9223372036810990807
6, 1252, 0, 9223372036854775807, 0, 9223372036810955807
6, 1253, 0, 9223372036854775807, 0, 9223372036810920807
6, 1254, 0, 9223372036854775807, 0, 9223372036810885807
6, 1255, 0, 9223372036854775807, 0, 9223372036810850807
6, 1256, 0, 9223372036854775807, 0, 9223372036810815807
6, 1257, 0, 9223372036854775807, 0, 9223372036810780807
6, 1258, 0, 9223372036854775807, 0, 9223372036810745807
6, 1259, 0, 9223372036854775807, 0, 9223372036810710807
6, 126, 0, 9223372036854775807, 0, 9223372036850365807
6, 1260, 0, 9223372036854775807, 0, 9223372036810675807
6, 1261, 0, 9223372036854775807, 0, 9223372036810640807
6, 1262, 0, 9223372036854775807, 0, 9223372036810605807
6, 1263, 0, 9223372036854775807, 0, 9223372036810570807
6, 1264, 0, 9223372036854775807, 0, 9223372036810535807
6, 1265, 0, 9223372036854775807, 0, 9223372036810500807
6, 1266, 0, 9223372036854775807, 0, 9223372036810465807
6, 1267, 0, 9223372036854775807, 0, 9223372036810430807
6, 1268, 0, 9223372036854775807, 0, 9223372036810395807
6, 1269, 0, 9223372036854775807, 0, 9223372036810360807
6, 127, 0, 9223372036854775807, 0, 9223372036850330807
6, 1270, 0, 9223372036854775807, 0, 9223372036810325807
6, 1271, 0, 9223372036854775807, 0, 9223372036810290807
6, 1272, 0, 9223372036854775807, 0, 9223372036810255807
6, 1273, 0, 9223372036854775807, 0, 9223372036810220807
6, 1274, 0, 9223372036854775807, 0, 9223372036810185807
6, 1275, 0, 9223372036854775807, 0, 9223372036810150807
6, 1276, 0, 9223372036854775807, 0, 9223372036810115807
6, 1277, 0, 9223372036854775807, 0, 9223372036810080807
6, 1278, 0, 9223372036854775807, 0, 9223372036810045807
6, 1279, 0, 9223372036854775807, 0, 9223372036810010807
6, 128, 0, 9223372036854775807, 0, 9223372036850295807
6, 1280, 0, 9223372036854775807, 0, 9223372036809975807
6, 1281, 0, 9223372036854775807, 0, 9223372036809940807
6, 1282, 0, 9223372036854775807, 0, 9223372036809905807
6, 1283, 0, 9223372036854775807, 0, 9223372036809870807
6, 1284, 0, 9223372036854775807, 0, 9223372036809835807
6, 1285, 0, 9223372036854775807, 0, 9223372036809800807
6, 1286, 0, 9223372036854775807, 0, 9223372036809765807
6, 1287, 0, 9223372036854775807, 0, 9223372036809730807
6, 1288, 0, 9223372036854775807, 0, 9223372036809695807
6, 1289, 0, 9223372036854775807, 0, 9223372036809660807
6, 129, 0, 9223372036854775807, 0, 9223372036850260807
6, 1290, 0, 9223372036854775807, 0, 9223372036809625807
6, 1291, 0, 9223372036854775807, 0, 9223372036809590807
6, 1292, 0, 9223372036854775807, 0, 9223372036809555807
6, 1293, 0, 9223372036854775807, 0, 9223372036809520807
6, 1294, 0, 9223372036854775807, 0, 9223372036809485807
6, 1295, 0, 9223372036854775807, 0, 9223372036809450807
6, 1296, 0, 9223372036854775807, 0, 9223372036809415807
6, 1297, 0, 9223372036854775807, 0, 9223372036809380807
6, 1298, 0, 9223372036854775807, 0, 9223372036809345807
6, 1299, 0, 9223372036854775807, 0, 9223372036809310807
6, 13, 0, 9223372036854775807, 0, 9223372036854320807
6, 130, 0, 9223372036854775807, 0, 9223372036850225807
6, 1300, 0, 9223372036854775807, 0, 9223372036809275807
6, 1301, 0, 9223372036854775807, 0, 9223372036809240807
6, 1302, 0, 9223372036854775807, 0, 9223372036809205807
6, 1303, 0, 9223372036854775807, 0, 9223372036809170807
6, 1304, 0, 9223372036854775807, 0, 9223372036809135807
6, 1305, 0, 9223372036854775807, 0, 9223372036809100807
6, 1306, 0, 9223372036854775807, 0, 9223372036809065807
6, 1307, 0, 9223372036854775807, 0, 9223372036809030807
6, 1308, 0, 9223372036854775807, 0, 9223372036808995807
6, 1309, 0, 9223372036854775807, 0, 9223372036808960807
6, 131, 0, 9223372036854775807, 0, 9223372036850190807
6, 1310, 0, 9223372036854775807, 0, 9223372036808925807
6, 1311, 0, 9223372036854775807, 0, 9223372036808890807
6, 1312, 0, 9223372036854775807, 0, 9223372036808855807
6, 1313, 0, 9223372036854775807, 0, 9223372036808820807
6, 1314, 0, 9223372036854775807, 0, 9223372036808785807
6, 1315, 0, 9223372036854775807, 0, 9223372036808750807
6, 1316, 0, 9223372036854775807, 0, 9223372036808715807
6, 1317, 0, 9223372036854775807, 0, 9223372036808680807
6, 1318, 0, 9223372036854775807, 0, 9223372036808645807
6, 1319, 0, 9223372036854775807, 0, 9223372036808610807
6, 132, 0, 9223372036854775807, 0, 9223372036850155807
6, 1320, 0, 9223372036854775807, 0, 9223372036808575807
6, 1321, 0, 9223372036854775807, 0, 9223372036808540807
6, 1322, 0, 9223372036854775807, 0, 9223372036808505807
6, 1323, 0, 9223372036854775807, 0, 9223372036808470807
6, 1324, 0, 9223372036854775807, 0, 9223372036808435807
6, 1325, 0, 9223372036854775807, 0, 9223372036808400807
6, 1326, 0, 9223372036854775807, 0, 9223372036808365807
6, 1327, 0, 9223372036854775807, 0, 9223372036808330807
6, 1328, 0, 9223372036854775807, 0, 9223372036808295807
6, 1329, 0, 9223372036854775807, 0, 9223372036808260807
6, 133, 0, 9223372036854775807, 0, 9223372036850120807
6, 1330, 0, 9223372036854775807, 0, 9223372036808225807
6, 1331, 0, 9223372036854775807, 0, 9223372036808190807
6, 1332, 0, 9223372036854775807, 0, 9223372036808155807
6, 1333, 0, 9223372036854775807, 0, 9223372036808120807
6, 1334, 0, 9223372036854775807, 0, 9223372036808085807
6, 1335, 0, 9223372036854775807, 0, 9223372036808050807
6, 1336, 0, 9223372036854775807, 0, 9223372036808015807
6, 1337, 0, 9223372036854775807, 0, 9223372036807980807
6, 1338, 0, 9223372036854775807, 0, 9223372036807945807
6, 1339, 0, 9223372036854775807, 0, 9223372036807910807
6, 134, 0, 9223372036854775807, 0, 9223372036850085807
6, 1340, 0, 9223372036854775807, 0, 9223372036807875807
6, 1341, 0, 9223372036854775807, 0, 9223372036807840807
6, 1342, 0, 9223372036854775807, 0, 9223372036807805807
6, 1343, 0, 9223372036854775807, 0, 9223372036807770807
6, 1344, 0, 9223372036854775807, 0, 9223372036807735807
6, 1345, 0, 9223372036854775807, 0, 9223372036807700807
6, 1346, 0, 9223372036854775807, 0, 9223372036807665807
6, 1347, 0, 9223372036854775807, 0, 9223372036807630807
6, 1348, 0, 9223372036854775807, 0, 9223372036807595807
6, 1349, 0, 9223372036854775807, 0, 9223372036807560807
6, 135, 0, 9223372036854775807, 0, 9223372036850050807
6, 1350, 0, 9223372036854775807, 0, 9223372036807525807
6, 1351, 0, 9223372036854775807, 0, 9223372036807490807
6, 1352, 0, 9223372036854775807, 0, 9223372036807455807
6, 1353, 0, 9223372036854775807, 0, 9223372036807420807
6, 1354, 0, 9223372036854775807, 0, 9223372036807385807
6, 1355, 0, 9223372036854775807, 0, 9223372036807350807
6, 1356, 0, 9223372036854775807, 0, 9223372036807315807
6, 1357, 0, 9223372036854775807, 0, 9223372036807280807
6, 1358, 0, 9223372036854775807, 0, 9223372036807245807
6, 1359, 0, 9223372036854775807, 0, 9223372036807210807
6, 136, 0, 9223372036854775807, 0, 9223372036850015807
6, 1360, 0, 9223372036854775807, 0, 9223372036807175807
6, 1361, 0, 9223372036854775807, 0, 9223372036807140807
6, 1362, 0, 9223372036854775807, 0, 9223372036807105807
6, 1363, 0, 9223372036854775807, 0, 9223372036807070807
6, 1364, 0, 9223372036854775807, 0, 9223372036807035807
6, 1365, 0, 9223372036854775807, 0, 9223372036807000807
6, 1366, 0, 9223372036854775807, 0, 9223372036806965807
6, 1367, 0, 9223372036854775807, 0, 9223372036806930807
6, 1368, 0, 9223372036854775807, 0, 9223372036806895807
6, 1369, 0, 9223372036854775807, 0, 9223372036806860807
6, 137, 0, 9223372036854775807, 0, 9223372036849980807
6, 1370, 0, 9223372036854775807, 0, 9223372036806825807
6, 1371, 0, 9223372036854775807, 0, 9223372036806790807
6, 1372, 0, 9223372036854775807, 0, 9223372036806755807
6, 1373, 0, 9223372036854775807, 0, 9223372036806720807
6, 1374, 0, 9223372036854775807, 0, 9223372036806685807
6, 1375, 0, 9223372036854775807, 0, 9223372036806650807
6, 1376, 0, 9223372036854775807, 0, 9223372036806615807
6, 1377, 0, 9223372036854775807, 0, 9223372036806580807
6, 1378, 0, 9223372036854775807, 0, 9223372036806545807
6, 1379, 0, 9223372036854775807, 0, 9223372036806510807
6, 138, 0, 9223372036854775807, 0, 9223372036849945807
6, 1380, 0, 9223372036854775807, 0, 9223372036806475807
6, 1381, 0, 9223372036854775807, 0, 9223372036806440807
6, 1382, 0, 9223372036854775807, 0, 9223372036806405807
6, 1383, 0, 9223372036854775807, 0, 9223372036806370807
6, 1384, 0, 9223372036854775807, 0, 9223372036806335807
6, 1385, 0, 9223372036854775807, 0, 9223372036806300807
6, 1386, 0, 9223372036854775807, 0, 9223372036806265807
6, 1387, 0, 9223372036854775807, 0, 9223372036806230807
6, 1388, 0, 9223372036854775807, 0, 9223372036806195807
6, 1389, 0, 9223372036854775807, 0, 9223372036806160807
6, 139, 0, 9223372036854775807, 0, 9223372036849910807
6, 1390, 0, 9223372036854775807, 0, 9223372036806125807
6, 1391, 0, 9223372036854775807, 0, 9223372036806090807
6, 1392, 0, 9223372036854775807, 0, 9223372036806055807
6, 1393, 0, 9223372036854775807, 0, 9223372036806020807
6, 1394, 0, 9223372036854775807, 0, 9223372036805985807
6, 1395, 0, 9223372036854775807, 0, 9223372036805950807
6, 1396, 0, 9223372036854775807, 0, 9223372036805915807
6, 1397, 0, 9223372036854775807, 0, 9223372036805880807
6, 1398, 0, 9223372036854775807, 0, 9223372036805845807
6, 1399, 0, 9223372036854775807, 0, 9223372036805810807
6, 14, 0, 9223372036854775807, 0, 9223372036854285807
6, 140, 0, 9223372036854775807, 0, 9223372036849875807
6, 1400, 0, 9223372036854775807, 0, 9223372036805775807
6, 1401, 0, 9223372036854775807, 0, 9223372036805740807
6, 1402, 0, 9223372036854775807, 0, 9223372036805705807
6, 1403, 0, 9223372036854775807, 0, 9223372036805670807
6, 1404, 0, 9223372036854775807, 0, 9223372036805635807
6, 1405, 0, 9223372036854775807, 0, 9223372036805600807
6, 1406, 0, 9223372036854775807, 0, 9223372036805565807
6, 1407, 0, 9223372036854775807, 0, 9223372036805530807
6, 1408, 0, 9223372036854775807, 0, 9223372036805495807
6, 1409, 0, 9223372036854775807, 0, 9223372036805460807
6, 141, 0, 9223372036854775807, 0, 9223372036849840807
6, 1410, 0, 9223372036854775807, 0, 9223372036805425807
6, 1411, 0, 9223372036854775807, 0, 9223372036805390807
6, 1412, 0, 9223372036854775807, 0, 9223372036805355807
6, 1413, 0, 9223372036854775807, 0, 9223372036805320807
6, 1414, 0, 9223372036854775807, 0, 9223372036805285807
6, 1415, 0, 9223372036854775807, 0, 9223372036805250807
6, 1416, 0, 9223372036854775807, 0, 9223372036805215807
6, 1417, 0, 9223372036854775807, 0, 9223372036805180807
6, 1418, 0, 9223372036854775807, 0, 9223372036805145807
6, 1419, 0, 9223372036854775807, 0, 9223372036805110807
6, 142, 0, 9223372036854775807, 0, 9223372036849805807
6, 1420, 0, 9223372036854775807, 0, 9223372036805075807
6, 1421, 0, 9223372036854775807, 0, 9223372036805040807
6, 1422, 0, 9223372036854775807, 0, 9223372036805005807
6, 1423, 0, 9223372036854775807, 0, 9223372036804970807
6, 1424, 0, 9223372036854775807, 0, 9223372036804935807
6, 1425, 0, 9223372036854775807, 0, 9223372036804900807
6, 1426, 0, 9223372036854775807, 0, 9223372036804865807
6, 1427, 0, 9223372036854775807, 0, 9223372036804830807
6, 1428, 0, 9223372036854775807, 0, 9223372036804795807
6, 1429, 0, 9223372036854775807, 0, 9223372036804760807
6, 143, 0, 9223372036854775807, 0, 9223372036849770807
6, 1430, 0, 9223372036854775807, 0, 9223372036804725807
6, 1431, 0, 9223372036854775807, 0, 9223372036804690807
6, 1432, 0, 9223372036854775807, 0, 9223372036804655807
6, 1433, 0, 9223372036854775807, 0, 9223372036804620807
6, 1434, 0, 9223372036854775807, 0, 9223372036804585807
6, 1435, 0, 9223372036854775807, 0, 9223372036804550807
6, 1436, 0, 9223372036854775807, 0, 9223372036804515807
6, 1437, 0, 9223372036854775807, 0, 9223372036804480807
6, 1438, 0, 9223372036854775807, 0, 9223372036804445807
6, 1439, 0, 9223372036854775807, 0, 9223372036804410807
6, 144, 0, 9223372036854775807, 0, 9223372036849735807
6, 1440, 0, 9223372036854775807, 0, 9223372036804375807
6, 1441, 0, 9223372036854775807, 0, 9223372036804340807
6, 1442, 0, 9223372036854775807, 0, 9223372036804305807
6, 1443, 0, 9223372036854775807, 0, 9223372036804270807
6, 1444, 0, 9223372036854775807, 0, 9223372036804235807
6, 1445, 0, 9223372036854775807, 0, 9223372036804200807
6, 1446, 0, 9223372036854775807, 0, 9223372036804165807
6, 1447, 0, 9223372036854775807, 0, 9223372036804130807
6, 1448, 0, 9223372036854775807, 0, 9223372036804095807
6, 1449, 0, 9223372036854775807, 0, 9223372036804060807
6, 145, 0, 9223372036854775807, 0, 9223372036849700807
6, 1450, 0, 9223372036854775807, 0, 9223372036804025807
6, 1451, 0, 9223372036854775807, 0, 9223372036803990807
6, 1452, 0, 9223372036854775807, 0, 9223372036803955807
6, 1453, 0, 9223372036854775807, 0, 9223372036803920807
6, 1454, 0, 9223372036854775807, 0, 9223372036803885807
6, 1455, 0, 9223372036854775807, 0, 9223372036803850807
6, 1456, 0, 9223372036854775807, 0, 9223372036803815807
6, 1457, 0, 9223372036854775807, 0, 9223372036803780807
6, 1458, 0, 9223372036854775807, 0, 9223372036803745807
6, 1459, 0, 9223372036854775807, 0, 9223372036803710807
6, 146, 0, 9223372036854775807, 0, 9223372036849665807
6, 1460, 0, 9223372036854775807, 0, 9223372036803675807
6, 1461, 0, 9223372036854775807, 0, 9223372036803640807
6, 1462, 0, 9223372036854775807, 0, 9223372036803605807
6, 1463, 0, 9223372036854775807, 0, 9223372036803570807
6, 1464, 0, 9223372036854775807, 0, 9223372036803535807
6, 1465, 0, 9223372036854775807, 0, 9223372036803500807
6, 1466, 0, 9223372036854775807, 0, 9223372036803465807
6, 1467, 0, 9223372036854775807, 0, 9223372036803430807
6, 1468, 0, 9223372036854775807, 0, 9223372036803395807
6, 1469, 0, 9223372036854775807, 0, 9223372036803360807
6, 147, 0, 9223372036854775807, 0, 9223372036849630807
6, 1470, 0, 9223372036854775807, 0, 9223372036803325807
6, 1471, 0, 9223372036854775807, 0, 9223372036803290807
6, 1472, 0, 9223372036854775807, 0, 9223372036803255807
6, 1473, 0, 9223372036854775807, 0, 9223372036803220807
6, 1474, 0, 9223372036854775807, 0, 9223372036803185807
6, 1475, 0, 9223372036854775807, 0, 9223372036803150807
6, 1476, 0, 9223372036854775807, 0, 9223372036803115807
6, 1477, 0, 9223372036854775807, 0, 9223372036803080807
6, 1478, 0, 9223372036854775807, 0, 9223372036803045807
6, 1479, 0, 9223372036854775807, 0, 9223372036803010807
6, 148, 0, 9223372036854775807, 0, 9223372036849595807
6, 1480, 0, 9223372036854775807, 0, 9223372036802975807
6, 1481, 0, 9223372036854775807, 0, 9223372036802940807
6, 1482, 0, 9223372036854775807, 0, 9223372036802905807
6, 1483, 0, 9223372036854775807, 0, 9223372036802870807
6, 1484, 0, 9223372036854775807, 0, 9223372036802835807
6, 1485, 0, 9223372036854775807, 0, 9223372036802800807
6, 1486, 0, 9223372036854775807, 0, 9223372036802765807
6, 1487, 0, 9223372036854775807, 0, 9223372036802730807
6, 1488, 0, 9223372036854775807, 0, 9223372036802695807
6, 1489, 0, 9223372036854775807, 0, 9223372036802660807
6, 149, 0, 9223372036854775807, 0, 9223372036849560807
6, 1490, 0, 9223372036854775807, 0, 9223372036802625807
6, 1491, 0, 9223372036854775807, 0, 9223372036802590807
6, 1492, 0, 9223372036854775807, 0, 9223372036802555807
6, 1493, 0, 9223372036854775807, 0, 9223372036802520807
6, 1494, 0, 9223372036854775807, 0, 9223372036802485807
6, 1495, 0, 9223372036854775807, 0, 9223372036802450807
6, 1496, 0, 9223372036854775807, 0, 9223372036802415807
6, 1497, 0, 9223372036854775807, 0, 9223372036802380807
6, 1498, 0, 9223372036854775807, 0, 9223372036802345807
6, 1499, 0, 9223372036854775807, 0, 9223372036802310807
6, 15, 0, 9223372036854775807, 0, 9223372036854250807
6, 150, 0, 9223372036854775807, 0, 9223372036849525807
6, 1500, 0, 9223372036854775807, 0, 9223372036802275807
6, 1501, 0, 9223372036854775807, 0, 9223372036802240807
6, 1502, 0, 9223372036854775807, 0, 9223372036802205807
6, 1503, 0, 9223372036854775807, 0, 9223372036802170807
6, 1504, 0, 9223372036854775807, 0, 9223372036802135807
6, 1505, 0, 9223372036854775807, 0, 9223372036802100807
6, 1506, 0, 9223372036854775807, 0, 9223372036802065807
6, 1507, 0, 9223372036854775807, 0, 9223372036802030807
6, 1508, 0, 9223372036854775807, 0, 9223372036801995807
6, 1509, 0, 9223372036854775807, 0, 9223372036801960807
6, 151, 0, 9223372036854775807, 0, 9223372036849490807
6, 1510, 0, 9223372036854775807, 0, 9223372036801925807
6, 1511, 0, 9223372036854775807, 0, 9223372036801890807
6, 1512, 0, 9223372036854775807, 0, 9223372036801855807
6, 1513, 0, 9223372036854775807, 0, 9223372036801820807
6, 1514, 0, 9223372036854775807, 0, 9223372036801785807
6, 1515, 0, 9223372036854775807, 0, 9223372036801750807
6, 1516, 0, 9223372036854775807, 0, 9223372036801715807
6, 1517, 0, 9223372036854775807, 0, 9223372036801680807
6, 1518, 0, 9223372036854775807, 0, 9223372036801645807
6, 1519, 0, 9223372036854775807, 0, 9223372036801610807
6, 152, 0, 9223372036854775807, 0, 9223372036849455807
6, 1520, 0, 9223372036854775807, 0, 9223372036801575807
6, 1521, 0, 9223372036854775807, 0, 9223372036801540807
6, 1522, 0, 9223372036854775807, 0, 9223372036801505807
6, 1523, 0, 9223372036854775807, 0, 9223372036801470807
6, 1524, 0, 9223372036854775807, 0, 9223372036801435807
6, 1525, 0, 9223372036854775807, 0, 9223372036801400807
6, 1526, 0, 9223372036854775807, 0, 9223372036801365807
6, 1527, 0, 9223372036854775807, 0, 9223372036801330807
6, 1528, 0, 9223372036854775807, 0, 9223372036801295807
6, 1529, 0, 9223372036854775807, 0, 9223372036801260807
6, 153, 0, 9223372036854775807, 0, 9223372036849420807
6, 1530, 0, 9223372036854775807, 0, 9223372036801225807
6, 1531, 0, 9223372036854775807, 0, 9223372036801190807
6, 1532, 0, 9223372036854775807, 0, 9223372036801155807
6, 1533, 0, 9223372036854775807, 0, 9223372036801120807
6, 1534, 0, 9223372036854775807, 0, 9223372036801085807
6, 1535, 0, 9223372036854775807, 0, 9223372036801050807
6, 1536, 0, 9223372036854775807, 0, 9223372036801015807
6, 1537, 0, 9223372036854775807, 0, 9223372036800980807
6, 1538, 0, 9223372036854775807, 0, 9223372036800945807
6, 1539, 0, 9223372036854775807, 0, 9223372036800910807
6, 154, 0, 9223372036854775807, 0, 9223372036849385807
6, 1540, 0, 9223372036854775807, 0, 9223372036800875807
6, 1541, 0, 9223372036854775807, 0, 9223372036800840807
6, 1542, 0, 9223372036854775807, 0, 9223372036800805807
6, 1543, 0, 9223372036854775807, 0, 9223372036800770807
6, 1544, 0, 9223372036854775807, 0, 9223372036800735807
6, 1545, 0, 9223372036854775807, 0, 9223372036800700807
6, 1546, 0, 9223372036854775807, 0, 9223372036800665807
6, 1547, 0, 9223372036854775807, 0, 9223372036800630807
6, 1548, 0, 9223372036854775807, 0, 9223372036800595807
6, 1549, 0, 9223372036854775807, 0, 9223372036800560807
6, 155, 0, 9223372036854775807, 0, 9223372036849350807
6, 1550, 0, 9223372036854775807, 0, 9223372036800525807
6, 1551, 0, 9223372036854775807, 0, 9223372036800490807
6, 1552, 0, 9223372036854775807, 0, 9223372036800455807
6, 1553, 0, 9223372036854775807, 0, 9223372036800420807
6, 1554, 0, 9223372036854775807, 0, 9223372036800385807
6, 1555, 0, 9223372036854775807, 0, 9223372036800350807
6, 1556, 0, 9223372036854775807, 0, 9223372036800315807
6, 1557, 0, 9223372036854775807, 0, 9223372036800280807
6, 1558, 0, 9223372036854775807, 0, 9223372036800245807
6, 1559, 0, 9223372036854775807, 0, 9223372036800210807
6, 156, 0, 9223372036854775807, 0, 9223372036849315807
6, 1560, 0, 9223372036854775807, 0, 9223372036800175807
6, 1561, 0, 9223372036854775807, 0, 9223372036800140807
6, 1562, 0, 9223372036854775807, 0, 9223372036800105807
6, 1563, 0, 9223372036854775807, 0, 9223372036800070807
6, 1564, 0, 9223372036854775807, 0, 9223372036800035807
6, 1565, 0, 9223372036854775807, 0, 9223372036800000807
6, 1566, 0, 9223372036854775807, 0, 9223372036799965807
6, 1567, 0, 9223372036854775807, 0, 9223372036799930807
6, 1568, 0, 9223372036854775807, 0, 9223372036799895807
6, 1569, 0, 9223372036854775807, 0, 9223372036799860807
6, 157, 0, 9223372036854775807, 0, 9223372036849280807
6, 1570, 0, 9223372036854775807, 0, 9223372036799825807
6, 1571, 0, 9223372036854775807, 0, 9223372036799790807
6, 1572, 0, 9223372036854775807, 0, 9223372036799755807
6, 1573, 0, 9223372036854775807, 0, 9223372036799720807
6, 1574, 0, 9223372036854775807, 0, 9223372036799685807
6, 1575, 0, 9223372036854775807, 0, 9223372036799650807
6, 1576, 0, 9223372036854775807, 0, 9223372036799615807
6, 1577, 0, 9223372036854775807, 0, 9223372036799580807
6, 1578, 0, 9223372036854775807, 0, 9223372036799545807
6, 1579, 0, 9223372036854775807, 0, 9223372036799510807
6, 158, 0, 9223372036854775807, 0, 9223372036849245807
6, 1580, 0, 9223372036854775807, 0, 9223372036799475807
6, 1581, 0, 9223372036854775807, 0, 9223372036799440807
6, 1582, 0, 9223372036854775807, 0, 9223372036799405807
6, 1583, 0, 9223372036854775807, 0, 9223372036799370807
6, 1584, 0, 9223372036854775807, 0, 9223372036799335807
6, 1585, 0, 9223372036854775807, 0, 9223372036799300807
6, 1586, 0, 9223372036854775807, 0, 9223372036799265807
6, 1587, 0, 9223372036854775807, 0, 9223372036799230807
6, 1588, 0, 9223372036854775807, 0, 9223372036799195807
6, 1589, 0, 9223372036854775807, 0, 9223372036799160807
6, 159, 0, 9223372036854775807, 0, 9223372036849210807
6, 1590, 0, 9223372036854775807, 0, 9223372036799125807
6, 1591, 0, 9223372036854775807, 0, 9223372036799090807
6, 1592, 0, 9223372036854775807, 0, 9223372036799055807
6, 1593, 0, 9223372036854775807, 0, 9223372036799020807
6, 1594, 0, 9223372036854775807, 0, 9223372036798985807
6, 1595, 0, 9223372036854775807, 0, 9223372036798950807
6, 1596, 0, 9223372036854775807, 0, 9223372036798915807
6, 1597, 0, 9223372036854775807, 0, 9223372036798880807
6, 1598, 0, 9223372036854775807, 0, 9223372036798845807
6, 1599, 0, 9223372036854775807, 0, 9223372036798810807
6, 16, 0, 9223372036854775807, 0, 9223372036854215807
6, 160, 0, 9223372036854775807, 0, 9223372036849175807
6, 1600, 0, 9223372036854775807, 0, 9223372036798775807
6, 1601, 0, 9223372036854775807, 0, 9223372036798740807
6, 1602, 0, 9223372036854775807, 0, 9223372036798705807
6, 1603, 0, 9223372036854775807, 0, 9223372036798670807
6, 1604, 0, 9223372036854775807, 0, 9223372036798635807
6, 1605, 0, 9223372036854775807, 0, 9223372036798600807
6, 1606, 0, 9223372036854775807, 0, 9223372036798565807
6, 1607, 0, 9223372036854775807, 0, 9223372036798530807
6, 1608, 0, 9223372036854775807, 0, 9223372036798495807
6, 1609, 0, 9223372036854775807, 0, 9223372036798460807
6, 161, 0, 9223372036854775807, 0, 9223372036849140807
6, 1610, 0, 9223372036854775807, 0, 9223372036798425807
6, 1611, 0, 9223372036854775807, 0, 9223372036798390807
6, 1612, 0, 9223372036854775807, 0, 9223372036798355807
6, 1613, 0, 9223372036854775807, 0, 9223372036798320807
6, 1614, 0, 9223372036854775807, 0, 9223372036798285807
6, 1615, 0, 9223372036854775807, 0, 9223372036798250807
6, 1616, 0, 9223372036854775807, 0, 9223372036798215807
6, 1617, 0, 9223372036854775807, 0, 9223372036798180807
6, 1618, 0, 9223372036854775807, 0, 9223372036798145807
6, 1619, 0, 9223372036854775807, 0, 9223372036798110807
6, 162, 0, 9223372036854775807, 0, 9223372036849105807
6, 1620, 0, 9223372036854775807, 0, 9223372036798075807
6, 1621, 0, 9223372036854775807, 0, 9223372036798040807
6, 1622, 0, 9223372036854775807, 0, 9223372036798005807
6, 1623, 0, 9223372036854775807, 0, 9223372036797970807
6, 1624, 0, 9223372036854775807, 0, 9223372036797935807
6, 1625, 0, 9223372036854775807, 0, 9223372036797900807
6, 1626, 0, 9223372036854775807, 0, 9223372036797865807
6, 1627, 0, 9223372036854775807, 0, 9223372036797830807
6, 1628, 0, 9223372036854775807, 0, 9223372036797795807
6, 1629, 0, 9223372036854775807, 0, 9223372036797760807
6, 163, 0, 9223372036854775807, 0, 9223372036849070807
6, 1630, 0, 9223372036854775807, 0, 9223372036797725807
6, 1631, 0, 9223372036854775807, 0, 9223372036797690807
6, 1632, 0, 9223372036854775807, 0, 9223372036797655807
6, 1633, 0, 9223372036854775807, 0, 9223372036797620807
6, 1634, 0, 9223372036854775807, 0, 9223372036797585807
6, 1635, 0, 9223372036854775807, 0, 9223372036797550807
6, 1636, 0, 9223372036854775807, 0, 9223372036797515807
6, 1637, 0, 9223372036854775807, 0, 9223372036797480807
6, 1638, 0, 9223372036854775807, 0, 9223372036797445807
6, 1639, 0, 9223372036854775807, 0, 9223372036797410807
6, 164, 0, 9223372036854775807, 0, 9223372036849035807
6, 1640, 0, 9223372036854775807, 0, 9223372036797375807
6, 1641, 0, 9223372036854775807, 0, 9223372036797340807
6, 1642, 0, 9223372036854775807, 0, 9223372036797305807
6, 1643, 0, 9223372036854775807, 0, 9223372036797270807
6, 1644, 0, 9223372036854775807, 0, 9223372036797235807
6, 1645, 0, 9223372036854775807, 0, 9223372036797200807
6, 1646, 0, 9223372036854775807, 0, 9223372036797165807
6, 1647, 0, 9223372036854775807, 0, 9223372036797130807
6, 1648, 0, 9223372036854775807, 0, 9223372036797095807
6, 1649, 0, 9223372036854775807, 0, 9223372036797060807
6, 165, 0, 9223372036854775807, 0, 9223372036849000807
6, 1650, 0, 9223372036854775807, 0, 9223372036797025807
6, 1651, 0, 9223372036854775807, 0, 9223372036796990807
6, 1652, 0, 9223372036854775807, 0, 9223372036796955807
6, 1653, 0, 9223372036854775807, 0, 9223372036796920807
6, 1654, 0, 9223372036854775807, 0, 9223372036796885807
6, 1655, 0, 9223372036854775807, 0, 9223372036796850807
6, 1656, 0, 9223372036854775807, 0, 9223372036796815807
6, 1657, 0, 9223372036854775807, 0, 9223372036796780807
6, 1658, 0, 9223372036854775807, 0, 9223372036796745807
6, 1659, 0, 9223372036854775807, 0, 9223372036796710807
6, 166, 0, 9223372036854775807, 0, 9223372036848965807
6, 1660, 0, 9223372036854775807, 0, 9223372036796675807
6, 1661, 0, 9223372036854775807, 0, 9223372036796640807
6, 1662, 0, 9223372036854775807, 0, 9223372036796605807
6, 1663, 0, 9223372036854775807, 0, 9223372036796570807
6, 1664, 0, 9223372036854775807, 0, 9223372036796535807
6, 1665, 0, 9223372036854775807, 0, 9223372036796500807
6, 1666, 0, 9223372036854775807, 0, 9223372036796465807
6, 1667, 0, 9223372036854775807, 0, 9223372036796430807
6, 1668, 0, 9223372036854775807, 0, 9223372036796395807
6, 1669, 0, 9223372036854775807, 0, 9223372036796360807
6, 167, 0, 9223372036854775807, 0, 9223372036848930807
6, 1670, 0, 9223372036854775807, 0, 9223372036796325807
6, 1671, 0, 9223372036854775807, 0, 9223372036796290807
6, 1672, 0, 9223372036854775807, 0, 9223372036796255807
6, 1673, 0, 9223372036854775807, 0, 9223372036796220807
6, 1674, 0, 9223372036854775807, 0, 9223372036796185807
6, 1675, 0, 9223372036854775807, 0, 9223372036796150807
6, 1676, 0, 9223372036854775807, 0, 9223372036796115807
6, 1677, 0, 9223372036854775807, 0, 9223372036796080807
6, 1678, 0, 9223372036854775807, 0, 9223372036796045807
6, 1679, 0, 9223372036854775807, 0, 9223372036796010807
6, 168, 0, 9223372036854775807, 0, 9223372036848895807
6, 1680, 0, 9223372036854775807, 0, 9223372036795975807
6, 1681, 0, 9223372036854775807, 0, 9223372036795940807
6, 1682, 0, 9223372036854775807, 0, 9223372036795905807
6, 1683, 0, 9223372036854775807, 0, 9223372036795870807
6, 1684, 0, 9223372036854775807, 0, 9223372036795835807
6, 1685, 0, 9223372036854775807, 0, 9223372036795800807
6, 1686, 0, 9223372036854775807, 0, 9223372036795765807
6, 1687, 0, 9223372036854775807, 0, 9223372036795730807
6, 1688, 0, 9223372036854775807, 0, 9223372036795695807
6, 1689, 0, 9223372036854775807, 0, 9223372036795660807
6, 169, 0, 9223372036854775807, 0, 9223372036848860807
6, 1690, 0, 9223372036854775807, 0, 9223372036795625807
6, 1691, 0, 9223372036854775807, 0, 9223372036795590807
6, 1692, 0, 9223372036854775807, 0, 9223372036795555807
6, 1693, 0, 9223372036854775807, 0, 9223372036795520807
6, 1694, 0, 9223372036854775807, 0, 9223372036795485807
6, 1695, 0, 9223372036854775807, 0, 9223372036795450807
6, 1696, 0, 9223372036854775807, 0, 9223372036795415807
6, 1697, 0, 9223372036854775807, 0, 9223372036795380807
6, 1698, 0, 9223372036854775807, 0, 9223372036795345807
6, 1699, 0, 9223372036854775807, 0, 9223372036795310807
6, 17, 0, 9223372036854775807, 0, 9223372036854180807
6, 170, 0, 9223372036854775807, 0, 9223372036848825807
6, 1700, 0, 9223372036854775807, 0, 9223372036795275807
6, 1701, 0, 9223372036854775807, 0, 9223372036795240807
6, 1702, 0, 9223372036854775807, 0, 9223372036795205807
6, 1703, 0, 9223372036854775807, 0, 9223372036795170807
6, 1704, 0, 9223372036854775807, 0, 9223372036795135807
6, 1705, 0, 9223372036854775807, 0, 9223372036795100807
6, 1706, 0, 9223372036854775807, 0, 9223372036795065807
6, 1707, 0, 9223372036854775807, 0, 9223372036795030807
6, 1708, 0, 9223372036854775807, 0, 9223372036794995807
6, 1709, 0, 9223372036854775807, 0, 9223372036794960807
6, 171, 0, 9223372036854775807, 0, 9223372036848790807
6, 1710, 0, 9223372036854775807, 0, 9223372036794925807
6, 1711, 0, 9223372036854775807, 0, 9223372036794890807
6, 1712, 0, 9223372036854775807, 0, 9223372036794855807
6, 1713, 0, 9223372036854775807, 0, 9223372036794820807
6, 1714, 0, 9223372036854775807, 0, 9223372036794785807
6, 1715, 0, 9223372036854775807, 0, 9223372036794750807
6, 1716, 0, 9223372036854775807, 0, 9223372036794715807
6, 1717, 0, 9223372036854775807, 0, 9223372036794680807
6, 1718, 0, 9223372036854775807, 0, 9223372036794645807
6, 1719, 0, 9223372036854775807, 0, 9223372036794610807
6, 172, 0, 9223372036854775807, 0, 9223372036848755807
6, 1720, 0, 9223372036854775807, 0, 9223372036794575807
6, 1721, 0, 9223372036854775807, 0, 9223372036794540807
6, 1722, 0, 9223372036854775807, 0, 9223372036794505807
6, 1723, 0, 9223372036854775807, 0, 9223372036794470807
6, 1724, 0, 9223372036854775807, 0, 9223372036794435807
6, 1725, 0, 9223372036854775807, 0, 9223372036794400807
6, 1726, 0, 9223372036854775807, 0, 9223372036794365807
6, 1727, 0, 9223372036854775807, 0, 9223372036794330807
6, 1728, 0, 9223372036854775807, 0, 9223372036794295807
6, 1729, 0, 9223372036854775807, 0, 9223372036794260807
6, 173, 0, 9223372036854775807, 0, 9223372036848720807
6, 1730, 0, 9223372036854775807, 0, 9223372036794225807
6, 1731, 0, 9223372036854775807, 0, 9223372036794190807
6, 1732, 0, 9223372036854775807, 0, 9223372036794155807
6, 1733, 0, 9223372036854775807, 0, 9223372036794120807
6, 1734, 0, 9223372036854775807, 0, 9223372036794085807
6, 1735, 0, 9223372036854775807, 0, 9223372036794050807
6, 1736, 0, 9223372036854775807, 0, 9223372036794015807
6, 1737, 0, 9223372036854775807, 0, 9223372036793980807
6, 1738, 0, 9223372036854775807, 0, 9223372036793945807
6, 1739, 0, 9223372036854775807, 0, 9223372036793910807
6, 174, 0, 9223372036854775807, 0, 9223372036848685807
6, 1740, 0, 9223372036854775807, 0, 9223372036793875807
6, 1741, 0, 9223372036854775807, 0, 9223372036793840807
6, 1742, 0, 9223372036854775807, 0, 9223372036793805807
6, 1743, 0, 9223372036854775807, 0, 9223372036793770807
6, 1744, 0, 9223372036854775807, 0, 9223372036793735807
6, 1745, 0, 9223372036854775807, 0, 9223372036793700807
6, 1746, 0, 9223372036854775807, 0, 9223372036793665807
6, 1747, 0, 9223372036854775807, 0, 9223372036793630807
6, 1748, 0, 9223372036854775807, 0, 9223372036793595807
6, 1749, 0, 9223372036854775807, 0, 9223372036793560807
6, 175, 0, 9223372036854775807, 0, 9223372036848650807
6, 1750, 0, 9223372036854775807, 0, 9223372036793525807
6, 1751, 0, 9223372036854775807, 0, 9223372036793490807
6, 1752, 0, 9223372036854775807, 0, 9223372036793455807
6, 1753, 0, 9223372036854775807, 0, 9223372036793420807
6, 1754, 0, 9223372036854775807, 0, 9223372036793385807
6, 1755, 0, 9223372036854775807, 0, 9223372036793350807
6, 1756, 0, 9223372036854775807, 0, 9223372036793315807
6, 1757, 0, 9223372036854775807, 0, 9223372036793280807
6, 1758, 0, 9223372036854775807, 0, 9223372036793245807
6, 1759, 0, 9223372036854775807, 0, 9223372036793210807
6, 176, 0, 9223372036854775807, 0, 9223372036848615807
6, 1760, 0, 9223372036854775807, 0, 9223372036793175807
6, 1761, 0, 9223372036854775807, 0, 9223372036793140807
6, 1762, 0, 9223372036854775807, 0, 9223372036793105807
6, 1763, 0, 9223372036854775807, 0, 9223372036793070807
6, 1764, 0, 9223372036854775807, 0, 9223372036793035807
6, 1765, 0, 9223372036854775807, 0, 9223372036793000807
6, 1766, 0, 9223372036854775807, 0, 9223372036792965807
6, 1767, 0, 9223372036854775807, 0, 9223372036792930807
6, 1768, 0, 9223372036854775807, 0, 9223372036792895807
6, 1769, 0, 9223372036854775807, 0, 9223372036792860807
6, 177, 0, 9223372036854775807, 0, 9223372036848580807
6, 1770, 0, 9223372036854775807, 0, 9223372036792825807
6, 1771, 0, 9223372036854775807, 0, 9223372036792790807
6, 1772, 0, 9223372036854775807, 0, 9223372036792755807
6, 1773, 0, 9223372036854775807, 0, 9223372036792720807
6, 1774, 0, 9223372036854775807, 0, 9223372036792685807
6, 1775, 0, 9223372036854775807, 0, 9223372036792650807
6, 1776, 0, 9223372036854775807, 0, 9223372036792615807
6, 1777, 0, 9223372036854775807, 0, 9223372036792580807
6, 1778, 0, 9223372036854775807, 0, 9223372036792545807
6, 1779, 0, 9223372036854775807, 0, 9223372036792510807
6, 178, 0, 9223372036854775807, 0, 9223372036848545807
6, 1780, 0, 9223372036854775807, 0, 9223372036792475807
6, 1781, 0, 9223372036854775807, 0, 9223372036792440807
6, 1782, 0, 9223372036854775807, 0, 9223372036792405807
6, 1783, 0, 9223372036854775807, 0, 9223372036792370807
6, 1784, 0, 9223372036854775807, 0, 9223372036792335807
6, 1785, 0, 9223372036854775807, 0, 9223372036792300807
6, 1786, 0, 9223372036854775807, 0, 9223372036792265807
6, 1787, 0, 9223372036854775807, 0, 9223372036792230807
6, 1788, 0, 9223372036854775807, 0, 9223372036792195807
6, 1789, 0, 9223372036854775807, 0, 9223372036792160807
6, 179, 0, 9223372036854775807, 0, 9223372036848510807
6, 1790, 0, 9223372036854775807, 0, 9223372036792125807
6, 1791, 0, 9223372036854775807, 0, 9223372036792090807
6, 1792, 0, 9223372036854775807, 0, 9223372036792055807
6, 1793, 0, 9223372036854775807, 0, 9223372036792020807
6, 1794, 0, 9223372036854775807, 0, 9223372036791985807
6, 1795, 0, 9223372036854775807, 0, 9223372036791950807
6, 1796, 0, 9223372036854775807, 0, 9223372036791915807
6, 1797, 0, 9223372036854775807, 0, 9223372036791880807
6, 1798, 0, 9223372036854775807, 0, 9223372036791845807
6, 1799, 0, 9223372036854775807, 0, 9223372036791810807
6, 18, 0, 9223372036854775807, 0, 9223372036854145807
6, 180, 0, 9223372036854775807, 0, 9223372036848475807
6, 1800, 0, 9223372036854775807, 0, 9223372036791775807
6, 1801, 0, 9223372036854775807, 0, 9223372036791740807
6, 1802, 0, 9223372036854775807, 0, 9223372036791705807
6, 1803, 0, 9223372036854775807, 0, 9223372036791670807
6, 1804, 0, 9223372036854775807, 0, 9223372036791635807
6, 1805, 0, 9223372036854775807, 0, 9223372036791600807
6, 1806, 0, 9223372036854775807, 0, 9223372036791565807
6, 1807, 0, 9223372036854775807, 0, 9223372036791530807
6, 1808, 0, 9223372036854775807, 0, 9223372036791495807
6, 1809, 0, 9223372036854775807, 0, 9223372036791460807
6, 181, 0, 9223372036854775807, 0, 9223372036848440807
6, 1810, 0, 9223372036854775807, 0, 9223372036791425807
6, 1811, 0, 9223372036854775807, 0, 9223372036791390807
6, 1812, 0, 9223372036854775807, 0, 9223372036791355807
6, 1813, 0, 9223372036854775807, 0, 9223372036791320807
6, 1814, 0, 9223372036854775807, 0, 9223372036791285807
6, 1815, 0, 9223372036854775807, 0, 9223372036791250807
6, 1816, 0, 9223372036854775807, 0, 9223372036791215807
6, 1817, 0, 9223372036854775807, 0, 9223372036791180807
6, 1818, 0, 9223372036854775807, 0, 9223372036791145807
6, 1819, 0, 9223372036854775807, 0, 9223372036791110807
6, 182, 0, 9223372036854775807, 0, 9223372036848405807
6, 1820, 0, 9223372036854775807, 0, 9223372036791075807
6, 1821, 0, 9223372036854775807, 0, 9223372036791040807
6, 1822, 0, 9223372036854775807, 0, 9223372036791005807
6, 1823, 0, 9223372036854775807, 0, 9223372036790970807
6, 1824, 0, 9223372036854775807, 0, 9223372036790935807
6, 1825, 0, 9223372036854775807, 0, 9223372036790900807
6, 1826, 0, 9223372036854775807, 0, 9223372036790865807
6, 1827, 0, 9223372036854775807, 0, 9223372036790830807
6, 1828, 0, 9223372036854775807, 0, 9223372036790795807
6, 1829, 0, 9223372036854775807, 0, 9223372036790760807
6, 183, 0, 9223372036854775807, 0, 9223372036848370807
6, 1830, 0, 9223372036854775807, 0, 9223372036790725807
6, 1831, 0, 9223372036854775807, 0, 9223372036790690807
6, 1832, 0, 9223372036854775807, 0, 9223372036790655807
6, 1833, 0, 9223372036854775807, 0, 9223372036790620807
6, 1834, 0, 9223372036854775807, 0, 9223372036790585807
6, 1835, 0, 9223372036854775807, 0, 9223372036790550807
6, 1836, 0, 9223372036854775807, 0, 9223372036790515807
6, 1837, 0, 9223372036854775807, 0, 9223372036790480807
6, 1838, 0, 9223372036854775807, 0, 9223372036790445807
6, 1839, 0, 9223372036854775807, 0, 9223372036790410807
6, 184, 0, 9223372036854775807, 0, 9223372036848335807
6, 1840, 0, 9223372036854775807, 0, 9223372036790375807
6, 1841, 0, 9223372036854775807, 0, 9223372036790340807
6, 1842, 0, 9223372036854775807, 0, 9223372036790305807
6, 1843, 0, 9223372036854775807, 0, 9223372036790270807
6, 1844, 0, 9223372036854775807, 0, 9223372036790235807
6, 1845, 0, 9223372036854775807, 0, 9223372036790200807
6, 1846, 0, 9223372036854775807, 0, 9223372036790165807
6, 1847, 0, 9223372036854775807, 0, 9223372036790130807
6, 1848, 0, 9223372036854775807, 0, 9223372036790095807
6, 1849, 0, 9223372036854775807, 0, 9223372036790060807
6, 185, 0, 9223372036854775807, 0, 9223372036848300807
6, 1850, 0, 9223372036854775807, 0, 9223372036790025807
6, 1851, 0, 9223372036854775807, 0, 9223372036789990807
6, 1852, 0, 9223372036854775807, 0, 9223372036789955807
6, 1853, 0, 9223372036854775807, 0, 9223372036789920807
6, 1854, 0, 9223372036854775807, 0, 9223372036789885807
6, 1855, 0, 9223372036854775807, 0, 9223372036789850807
6, 1856, 0, 9223372036854775807, 0, 9223372036789815807
6, 1857, 0, 9223372036854775807, 0, 9223372036789780807
6, 1858, 0, 9223372036854775807, 0, 9223372036789745807
6, 1859, 0, 9223372036854775807, 0, 9223372036789710807
6, 186, 0, 9223372036854775807, 0, 9223372036848265807
6, 1860, 0, 9223372036854775807, 0, 9223372036789675807
6, 1861, 0, 9223372036854775807, 0, 9223372036789640807
6, 1862, 0, 9223372036854775807, 0, 9223372036789605807
6, 1863, 0, 9223372036854775807, 0, 9223372036789570807
6, 1864, 0, 9223372036854775807, 0, 9223372036789535807
6, 1865, 0, 9223372036854775807, 0, 9223372036789500807
6, 1866, 0, 9223372036854775807, 0, 9223372036789465807
6, 1867, 0, 9223372036854775807, 0, 9223372036789430807
6, 1868, 0, 9223372036854775807, 0, 9223372036789395807
6, 1869, 0, 9223372036854775807, 0, 9223372036789360807
6, 187, 0, 9223372036854775807, 0, 9223372036848230807
6, 1870, 0, 9223372036854775807, 0, 9223372036789325807
6, 1871, 0, 9223372036854775807, 0, 9223372036789290807
6, 1872, 0, 9223372036854775807, 0, 9223372036789255807
6, 1873, 0, 9223372036854775807, 0, 9223372036789220807
6, 1874, 0, 9223372036854775807, 0, 9223372036789185807
6, 1875, 0, 9223372036854775807, 0, 9223372036789150807
6, 1876, 0, 9223372036854775807, 0, 9223372036789115807
6, 1877, 0, 9223372036854775807, 0, 9223372036789080807
6, 1878, 0, 9223372036854775807, 0, 9223372036789045807
6, 1879, 0, 9223372036854775807, 0, 9223372036789010807
6, 188, 0, 9223372036854775807, 0, 9223372036848195807
6, 1880, 0, 9223372036854775807, 0, 9223372036788975807
6, 1881, 0, 9223372036854775807, 0, 9223372036788940807
6, 1882, 0, 9223372036854775807, 0, 9223372036788905807
6, 1883, 0, 9223372036854775807, 0, 9223372036788870807
6, 1884, 0, 9223372036854775807, 0, 9223372036788835807
6, 1885, 0, 9223372036854775807, 0, 9223372036788800807
6, 1886, 0, 9223372036854775807, 0, 9223372036788765807
6, 1887, 0, 9223372036854775807, 0, 9223372036788730807
6, 1888, 0, 9223372036854775807, 0, 9223372036788695807
6, 1889, 0, 9223372036854775807, 0, 9223372036788660807
6, 189, 0, 9223372036854775807, 0, 9223372036848160807
6, 1890, 0, 9223372036854775807, 0, 9223372036788625807
6, 1891, 0, 9223372036854775807, 0, 9223372036788590807
6, 1892, 0, 9223372036854775807, 0, 9223372036788555807
6, 1893, 0, 9223372036854775807, 0, 9223372036788520807
6, 1894, 0, 9223372036854775807, 0, 9223372036788485807
6, 1895, 0, 9223372036854775807, 0, 9223372036788450807
6, 1896, 0, 9223372036854775807, 0, 9223372036788415807
6, 1897, 0, 9223372036854775807, 0, 9223372036788380807
6, 1898, 0, 9223372036854775807, 0, 9223372036788345807
6, 1899, 0, 9223372036854775807, 0, 9223372036788310807
6, 19, 0, 9223372036854775807, 0, 9223372036854110807
6, 190, 0, 9223372036854775807, 0, 9223372036848125807
6, 1900, 0, 9223372036854775807, 0, 9223372036788275807
6, 1901, 0, 9223372036854775807, 0, 9223372036788240807
6, 1902, 0, 9223372036854775807, 0, 9223372036788205807
6, 1903, 0, 9223372036854775807, 0, 9223372036788170807
6, 1904, 0, 9223372036854775807, 0, 9223372036788135807
6, 1905, 0, 9223372036854775807, 0, 9223372036788100807
6, 1906, 0, 9223372036854775807, 0, 9223372036788065807
6, 1907, 0, 9223372036854775807, 0, 9223372036788030807
6, 1908, 0, 9223372036854775807, 0, 9223372036787995807
6, 1909, 0, 9223372036854775807, 0, 9223372036787960807
6, 191, 0, 9223372036854775807, 0, 9223372036848090807
6, 1910, 0, 9223372036854775807, 0, 9223372036787925807
6, 1911, 0, 9223372036854775807, 0, 9223372036787890807
6, 1912, 0, 9223372036854775807, 0, 9223372036787855807
6, 1913, 0, 9223372036854775807, 0, 9223372036787820807
6, 1914, 0, 9223372036854775807, 0, 9223372036787785807
6, 1915, 0, 9223372036854775807, 0, 9223372036787750807
6, 1916, 0, 9223372036854775807, 0, 9223372036787715807
6, 1917, 0, 9223372036854775807, 0, 9223372036787680807
6, 1918, 0, 9223372036854775807, 0, 9223372036787645807
6, 1919, 0, 9223372036854775807, 0, 9223372036787610807
6, 192, 0, 9223372036854775807, 0, 9223372036848055807
6, 1920, 0, 9223372036854775807, 0, 9223372036787575807
6, 1921, 0, 9223372036854775807, 0, 9223372036787540807
6, 1922, 0, 9223372036854775807, 0, 9223372036787505807
6, 1923, 0, 9223372036854775807, 0, 9223372036787470807
6, 1924, 0, 9223372036854775807, 0, 9223372036787435807
6, 1925, 0, 9223372036854775807, 0, 9223372036787400807
6, 1926, 0, 9223372036854775807, 0, 9223372036787365807
6, 1927, 0, 9223372036854775807, 0, 9223372036787330807
6, 1928, 0, 9223372036854775807, 0, 9223372036787295807
6, 1929, 0, 9223372036854775807, 0, 9223372036787260807
6, 193, 0, 9223372036854775807, 0, 9223372036848020807
6, 1930, 0, 9223372036854775807, 0, 9223372036787225807
6, 1931, 0, 9223372036854775807, 0, 9223372036787190807
6, 1932, 0, 9223372036854775807, 0, 9223372036787155807
6, 1933, 0, 9223372036854775807, 0, 9223372036787120807
6, 1934, 0, 9223372036854775807, 0, 9223372036787085807
6, 1935, 0, 9223372036854775807, 0, 9223372036787050807
6, 1936, 0, 9223372036854775807, 0, 9223372036787015807
6, 1937, 0, 9223372036854775807, 0, 9223372036786980807
6, 1938, 0, 9223372036854775807, 0, 9223372036786945807
6, 1939, 0, 9223372036854775807, 0, 9223372036786910807
6, 194, 0, 9223372036854775807, 0, 9223372036847985807
6, 1940, 0, 9223372036854775807, 0, 9223372036786875807
6, 1941, 0, 9223372036854775807, 0, 9223372036786840807
6, 1942, 0, 9223372036854775807, 0, 9223372036786805807
6, 1943, 0, 9223372036854775807, 0, 9223372036786770807
6, 1944, 0, 9223372036854775807, 0, 9223372036786735807
6, 1945, 0, 9223372036854775807, 0, 9223372036786700807
6, 1946, 0, 9223372036854775807, 0, 9223372036786665807
6, 1947, 0, 9223372036854775807, 0, 9223372036786630807
6, 1948, 0, 9223372036854775807, 0, 9223372036786595807
6, 1949, 0, 9223372036854775807, 0, 9223372036786560807
6, 195, 0, 9223372036854775807, 0, 9223372036847950807
6, 1950, 0, 9223372036854775807, 0, 9223372036786525807
6, 1951, 0, 9223372036854775807, 0, 9223372036786490807
6, 1952, 0, 9223372036854775807, 0, 9223372036786455807
6, 1953, 0, 9223372036854775807, 0, 9223372036786420807
6, 1954, 0, 9223372036854775807, 0, 9223372036786385807
6, 1955, 0, 9223372036854775807, 0, 9223372036786350807
6, 1956, 0, 9223372036854775807, 0, 9223372036786315807
6, 1957, 0, 9223372036854775807, 0, 9223372036786280807
6, 1958, 0, 9223372036854775807, 0, 9223372036786245807
6, 1959, 0, 9223372036854775807, 0, 9223372036786210807
6, 196, 0, 9223372036854775807, 0, 9223372036847915807
6, 1960, 0, 9223372036854775807, 0, 9223372036786175807
6, 1961, 0, 9223372036854775807, 0, 9223372036786140807
6, 1962, 0, 9223372036854775807, 0, 9223372036786105807
6, 1963, 0, 9223372036854775807, 0, 9223372036786070807
6, 1964, 0, 9223372036854775807, 0, 9223372036786035807
6, 1965, 0, 9223372036854775807, 0, 9223372036786000807
6, 1966, 0, 9223372036854775807, 0, 9223372036785965807
6, 1967, 0, 9223372036854775807, 0, 9223372036785930807
6, 1968, 0, 9223372036854775807, 0, 9223372036785895807
6, 1969, 0, 9223372036854775807, 0, 9223372036785860807
6, 197, 0, 9223372036854775807, 0, 9223372036847880807
6, 1970, 0, 9223372036854775807, 0, 9223372036785825807
6, 1971, 0, 9223372036854775807, 0, 9223372036785790807
6, 1972, 0, 9223372036854775807, 0, 9223372036785755807
6, 1973, 0, 9223372036854775807, 0, 9223372036785720807
6, 1974, 0, 9223372036854775807, 0, 9223372036785685807
6, 1975, 0, 9223372036854775807, 0, 9223372036785650807
6, 1976, 0, 9223372036854775807, 0, 9223372036785615807
6, 1977, 0, 9223372036854775807, 0, 9223372036785580807
6, 1978, 0, 9223372036854775807, 0, 9223372036785545807
6, 1979, 0, 9223372036854775807, 0, 9223372036785510807
6, 198, 0, 9223372036854775807, 0, 9223372036847845807
6, 1980, 0, 9223372036854775807, 0, 9223372036785475807
6, 1981, 0, 9223372036854775807, 0, 9223372036785440807
6, 1982, 0, 9223372036854775807, 0, 9223372036785405807
6, 1983, 0, 9223372036854775807, 0, 9223372036785370807
6, 1984, 0, 9223372036854775807, 0, 9223372036785335807
6, 1985, 0, 9223372036854775807, 0, 9223372036785300807
6, 1986, 0, 9223372036854775807, 0, 9223372036785265807
6, 1987, 0, 9223372036854775807, 0, 9223372036785230807
6, 1988, 0, 9223372036854775807, 0, 9223372036785195807
6, 1989, 0, 9223372036854775807, 0, 9223372036785160807
6, 199, 0, 9223372036854775807, 0, 9223372036847810807
6, 1990, 0, 9223372036854775807, 0, 9223372036785125807
6, 1991, 0, 9223372036854775807, 0, 9223372036785090807
6, 1992, 0, 9223372036854775807, 0, 9223372036785055807
6, 1993, 0, 9223372036854775807, 0, 9223372036785020807
6, 1994, 0, 9223372036854775807, 0, 9223372036784985807
6, 1995, 0, 9223372036854775807, 0, 9223372036784950807
6, 1996, 0, 9223372036854775807, 0, 9223372036784915807
6, 1997, 0, 9223372036854775807, 0, 9223372036784880807
6, 1998, 0, 9223372036854775807, 0, 9223372036784845807
6, 1999, 0, 9223372036854775807, 0, 9223372036784810807
6, 2, 0, 9223372036854775807, 0, 9223372036854705807
6, 20, 0, 9223372036854775807, 0, 9223372036854075807
6, 200, 0, 9223372036854775807, 0, 9223372036847775807
6, 2000, 0, 9223372036854775807, 0, 9223372036784775807
6, 2001, 0, 9223372036854775807, 0, 9223372036784740807
6, 2002, 0, 9223372036854775807, 0, 9223372036784705807
6, 2003, 0, 9223372036854775807, 0, 9223372036784670807
6, 2004, 0, 9223372036854775807, 0, 9223372036784635807
6, 2005, 0, 9223372036854775807, 0, 9223372036784600807
6, 2006, 0, 9223372036854775807, 0, 9223372036784565807
6, 2007, 0, 9223372036854775807, 0, 9223372036784530807
6, 2008, 0, 9223372036854775807, 0, 9223372036784495807
6, 2009, 0, 9223372036854775807, 0, 9223372036784460807
6, 201, 0, 9223372036854775807, 0, 9223372036847740807
6, 2010, 0, 9223372036854775807, 0, 9223372036784425807
6, 2011, 0, 9223372036854775807, 0, 9223372036784390807
6, 2012, 0, 9223372036854775807, 0, 9223372036784355807
6, 2013, 0, 9223372036854775807, 0, 9223372036784320807
6, 2014, 0, 9223372036854775807, 0, 9223372036784285807
6, 2015, 0, 9223372036854775807, 0, 9223372036784250807
6, 2016, 0, 9223372036854775807, 0, 9223372036784215807
6, 2017, 0, 9223372036854775807, 0, 9223372036784180807
6, 2018, 0, 9223372036854775807, 0, 9223372036784145807
6, 2019, 0, 9223372036854775807, 0, 9223372036784110807
6, 202, 0, 9223372036854775807, 0, 9223372036847705807
6, 2020, 0, 9223372036854775807, 0, 9223372036784075807
6, 2021, 0, 9223372036854775807, 0, 9223372036784040807
6, 2022, 0, 9223372036854775807, 0, 9223372036784005807
6, 2023, 0, 9223372036854775807, 0, 9223372036783970807
6, 2024, 0, 9223372036854775807, 0, 9223372036783935807
6, 2025, 0, 9223372036854775807, 0, 9223372036783900807
6, 2026, 0, 9223372036854775807, 0, 9223372036783865807
6, 2027, 0, 9223372036854775807, 0, 9223372036783830807
6, 2028, 0, 9223372036854775807, 0, 9223372036783795807
6, 2029, 0, 9223372036854775807, 0, 9223372036783760807
6, 203, 0, 9223372036854775807, 0, 9223372036847670807
6, 2030, 0, 9223372036854775807, 0, 9223372036783725807
6, 2031, 0, 9223372036854775807, 0, 9223372036783690807
6, 2032, 0, 9223372036854775807, 0, 9223372036783655807
6, 2033, 0, 9223372036854775807, 0, 9223372036783620807
6, 2034, 0, 9223372036854775807, 0, 9223372036783585807
6, 2035, 0, 9223372036854775807, 0, 9223372036783550807
6, 2036, 0, 9223372036854775807, 0, 9223372036783515807
6, 2037, 0, 9223372036854775807, 0, 9223372036783480807
6, 2038, 0, 9223372036854775807, 0, 9223372036783445807
6, 2039, 0, 9223372036854775807, 0, 9223372036783410807
6, 204, 0, 9223372036854775807, 0, 9223372036847635807
6, 2040, 0, 9223372036854775807, 0, 9223372036783375807
6, 2041, 0, 9223372036854775807, 0, 9223372036783340807
6, 2042, 0, 9223372036854775807, 0, 9223372036783305807
6, 2043, 0, 9223372036854775807, 0, 9223372036783270807
6, 2044, 0, 9223372036854775807, 0, 9223372036783235807
6, 2045, 0, 9223372036854775807, 0, 9223372036783200807
6, 2046, 0, 9223372036854775807, 0, 9223372036783165807
6, 2047, 0, 9223372036854775807, 0, 9223372036783130807
6, 2048, 0, 9223372036854775807, 0, 9223372036783095807
6, 2049, 0, 9223372036854775807, 0, 9223372036783060807
6, 205, 0, 9223372036854775807, 0, 9223372036847600807
6, 2050, 0, 9223372036854775807, 0, 9223372036783025807
6, 2051, 0, 9223372036854775807, 0, 9223372036782990807
6, 2052, 0, 9223372036854775807, 0, 9223372036782955807
6, 2053, 0, 9223372036854775807, 0, 9223372036782920807
6, 2054, 0, 9223372036854775807, 0, 9223372036782885807
6, 2055, 0, 9223372036854775807, 0, 9223372036782850807
6, 2056, 0, 9223372036854775807, 0, 9223372036782815807
6, 2057, 0, 9223372036854775807, 0, 9223372036782780807
6, 2058, 0, 9223372036854775807, 0, 9223372036782745807
6, 2059, 0, 9223372036854775807, 0, 9223372036782710807
6, 206, 0, 9223372036854775807, 0, 9223372036847565807
6, 2060, 0, 9223372036854775807, 0, 9223372036782675807
6, 2061, 0, 9223372036854775807, 0, 9223372036782640807
6, 2062, 0, 9223372036854775807, 0, 9223372036782605807
6, 2063, 0, 9223372036854775807, 0, 9223372036782570807
6, 2064, 0, 9223372036854775807, 0, 9223372036782535807
6, 2065, 0, 9223372036854775807, 0, 9223372036782500807
6, 2066, 0, 9223372036854775807, 0, 9223372036782465807
6, 2067, 0, 9223372036854775807, 0, 9223372036782430807
6, 2068, 0, 9223372036854775807, 0, 9223372036782395807
6, 2069, 0, 9223372036854775807, 0, 9223372036782360807
6, 207, 0, 9223372036854775807, 0, 9223372036847530807
6, 2070, 0, 9223372036854775807, 0, 9223372036782325807
6, 2071, 0, 9223372036854775807, 0, 9223372036782290807
6, 2072, 0, 9223372036854775807, 0, 9223372036782255807
6, 2073, 0, 9223372036854775807, 0, 9223372036782220807
6, 2074, 0, 9223372036854775807, 0, 9223372036782185807
6, 2075, 0, 9223372036854775807, 0, 9223372036782150807
6, 2076, 0, 9223372036854775807, 0, 9223372036782115807
6, 2077, 0, 9223372036854775807, 0, 9223372036782080807
6, 2078, 0, 9223372036854775807, 0, 9223372036782045807
6, 2079, 0, 9223372036854775807, 0, 9223372036782010807
6, 208, 0, 9223372036854775807, 0, 9223372036847495807
6, 2080, 0, 9223372036854775807, 0, 9223372036781975807
6, 2081, 0, 9223372036854775807, 0, 9223372036781940807
6, 2082, 0, 9223372036854775807, 0, 9223372036781905807
6, 2083, 0, 9223372036854775807, 0, 9223372036781870807
6, 2084, 0, 9223372036854775807, 0, 9223372036781835807
6, 2085, 0, 9223372036854775807, 0, 9223372036781800807
6, 2086, 0, 9223372036854775807, 0, 9223372036781765807
6, 2087, 0, 9223372036854775807, 0, 9223372036781730807
6, 2088, 0, 9223372036854775807, 0, 9223372036781695807
6, 2089, 0, 9223372036854775807, 0, 9223372036781660807
6, 209, 0, 9223372036854775807, 0, 9223372036847460807
6, 2090, 0, 9223372036854775807, 0, 9223372036781625807
6, 2091, 0, 9223372036854775807, 0, 9223372036781590807
6, 2092, 0, 9223372036854775807, 0, 9223372036781555807
6, 2093, 0, 9223372036854775807, 0, 9223372036781520807
6, 2094, 0, 9223372036854775807, 0, 9223372036781485807
6, 2095, 0, 9223372036854775807, 0, 9223372036781450807
6, 2096, 0, 9223372036854775807, 0, 9223372036781415807
6, 2097, 0, 9223372036854775807, 0, 9223372036781380807
6, 2098, 0, 9223372036854775807, 0, 9223372036781345807
6, 2099, 0, 9223372036854775807, 0, 9223372036781310807
6, 21, 0, 9223372036854775807, 0, 9223372036854040807
6, 210, 0, 9223372036854775807, 0, 9223372036847425807
6, 2100, 0, 9223372036854775807, 0, 9223372036781275807
6, 2101, 0, 9223372036854775807, 0, 9223372036781240807
6, 2102, 0, 9223372036854775807, 0, 9223372036781205807
6, 2103, 0, 9223372036854775807, 0, 9223372036781170807
6, 2104, 0, 9223372036854775807, 0, 9223372036781135807
6, 2105, 0, 9223372036854775807, 0, 9223372036781100807
6, 2106, 0, 9223372036854775807, 0, 9223372036781065807
6, 2107, 0, 9223372036854775807, 0, 9223372036781030807
6, 2108, 0, 9223372036854775807, 0, 9223372036780995807
6, 2109, 0, 9223372036854775807, 0, 9223372036780960807
6, 211, 0, 9223372036854775807, 0, 9223372036847390807
6, 2110, 0, 9223372036854775807, 0, 9223372036780925807
6, 2111, 0, 9223372036854775807, 0, 9223372036780890807
6, 2112, 0, 9223372036854775807, 0, 9223372036780855807
6, 2113, 0, 9223372036854775807, 0, 9223372036780820807
6, 2114, 0, 9223372036854775807, 0, 9223372036780785807
6, 2115, 0, 9223372036854775807, 0, 9223372036780750807
6, 2116, 0, 9223372036854775807, 0, 9223372036780715807
6, 2117, 0, 9223372036854775807, 0, 9223372036780680807
6, 2118, 0, 9223372036854775807, 0, 9223372036780645807
6, 2119, 0, 9223372036854775807, 0, 9223372036780610807
6, 212, 0, 9223372036854775807, 0, 9223372036847355807
6, 2120, 0, 9223372036854775807, 0, 9223372036780575807
6, 2121, 0, 9223372036854775807, 0, 9223372036780540807
6, 2122, 0, 9223372036854775807, 0, 9223372036780505807
6, 2123, 0, 9223372036854775807, 0, 9223372036780470807
6, 2124, 0, 9223372036854775807, 0, 9223372036780435807
6, 2125, 0, 9223372036854775807, 0, 9223372036780400807
6, 2126, 0, 9223372036854775807, 0, 9223372036780365807
6, 2127, 0, 9223372036854775807, 0, 9223372036780330807
6, 2128, 0, 9223372036854775807, 0, 9223372036780295807
6, 2129, 0, 9223372036854775807, 0, 9223372036780260807
6, 213, 0, 9223372036854775807, 0, 9223372036847320807
6, 2130, 0, 9223372036854775807, 0, 9223372036780225807
6, 2131, 0, 9223372036854775807, 0, 9223372036780190807
6, 2132, 0, 9223372036854775807, 0, 9223372036780155807
6, 2133, 0, 9223372036854775807, 0, 9223372036780120807
6, 2134, 0, 9223372036854775807, 0, 9223372036780085807
6, 2135, 0, 9223372036854775807, 0, 9223372036780050807
6, 2136, 0, 9223372036854775807, 0, 9223372036780015807
6, 2137, 0, 9223372036854775807, 0, 9223372036779980807
6, 2138, 0, 9223372036854775807, 0, 9223372036779945807
6, 2139, 0, 9223372036854775807, 0, 9223372036779910807
6, 214, 0, 9223372036854775807, 0, 9223372036847285807
6, 2140, 0, 9223372036854775807, 0, 9223372036779875807
6, 2141, 0, 9223372036854775807, 0, 9223372036779840807
6, 2142, 0, 9223372036854775807, 0, 9223372036779805807
6, 2143, 0, 9223372036854775807, 0, 9223372036779770807
6, 2144, 0, 9223372036854775807, 0, 9223372036779735807
6, 2145, 0, 9223372036854775807, 0, 9223372036779700807
6, 2146, 0, 9223372036854775807, 0, 9223372036779665807
6, 2147, 0, 9223372036854775807, 0, 9223372036779630807
6, 2148, 0, 9223372036854775807, 0, 9223372036779595807
6, 2149, 0, 9223372036854775807, 0, 9223372036779560807
6, 215, 0, 9223372036854775807, 0, 9223372036847250807
6, 2150, 0, 9223372036854775807, 0, 9223372036779525807
6, 2151, 0, 9223372036854775807, 0, 9223372036779490807
6, 2152, 0, 9223372036854775807, 0, 9223372036779455807
6, 2153, 0, 9223372036854775807, 0, 9223372036779420807
6, 2154, 0, 9223372036854775807, 0, 9223372036779385807
6, 2155, 0, 9223372036854775807, 0, 9223372036779350807
6, 2156, 0, 9223372036854775807, 0, 9223372036779315807
6, 2157, 0, 9223372036854775807, 0, 9223372036779280807
6, 2158, 0, 9223372036854775807, 0, 9223372036779245807
6, 2159, 0, 9223372036854775807, 0, 9223372036779210807
6, 216, 0, 9223372036854775807, 0, 9223372036847215807
6, 2160, 0, 9223372036854775807, 0, 9223372036779175807
6, 2161, 0, 9223372036854775807, 0, 9223372036779140807
6, 2162, 0, 9223372036854775807, 0, 9223372036779105807
6, 2163, 0, 9223372036854775807, 0, 9223372036779070807
6, 2164, 0, 9223372036854775807, 0, 9223372036779035807
6, 2165, 0, 9223372036854775807, 0, 9223372036779000807
6, 2166, 0, 9223372036854775807, 0, 9223372036778965807
6, 2167, 0, 9223372036854775807, 0, 9223372036778930807
6, 2168, 0, 9223372036854775807, 0, 9223372036778895807
6, 2169, 0, 9223372036854775807, 0, 9223372036778860807
6, 217, 0, 9223372036854775807, 0, 9223372036847180807
6, 2170, 0, 9223372036854775807, 0, 9223372036778825807
6, 2171, 0, 9223372036854775807, 0, 9223372036778790807
6, 2172, 0, 9223372036854775807, 0, 9223372036778755807
6, 2173, 0, 9223372036854775807, 0, 9223372036778720807
6, 2174, 0, 9223372036854775807, 0, 9223372036778685807
6, 2175, 0, 9223372036854775807, 0, 9223372036778650807
6, 2176, 0, 9223372036854775807, 0, 9223372036778615807
6, 2177, 0, 9223372036854775807, 0, 9223372036778580807
6, 2178, 0, 9223372036854775807, 0, 9223372036778545807
6, 2179, 0, 9223372036854775807, 0, 9223372036778510807
6, 218, 0, 9223372036854775807, 0, 9223372036847145807
6, 2180, 0, 9223372036854775807, 0, 9223372036778475807
6, 2181, 0, 9223372036854775807, 0, 9223372036778440807
6, 2182, 0, 9223372036854775807, 0, 9223372036778405807
6, 2183, 0, 9223372036854775807, 0, 9223372036778370807
6, 2184, 0, 9223372036854775807, 0, 9223372036778335807
6, 2185, 0, 9223372036854775807, 0, 9223372036778300807
6, 2186, 0, 9223372036854775807, 0, 9223372036778265807
6, 2187, 0, 9223372036854775807, 0, 9223372036778230807
6, 2188, 0, 9223372036854775807, 0, 9223372036778195807
6, 2189, 0, 9223372036854775807, 0, 9223372036778160807
6, 219, 0, 9223372036854775807, 0, 9223372036847110807
6, 2190, 0, 9223372036854775807, 0, 9223372036778125807
6, 2191, 0, 9223372036854775807, 0, 9223372036778090807
6, 2192, 0, 9223372036854775807, 0, 9223372036778055807
6, 2193, 0, 9223372036854775807, 0, 9223372036778020807
6, 2194, 0, 9223372036854775807, 0, 9223372036777985807
6, 2195, 0, 9223372036854775807, 0, 9223372036777950807
6, 2196, 0, 9223372036854775807, 0, 9223372036777915807
6, 2197, 0, 9223372036854775807, 0, 9223372036777880807
6, 2198, 0, 9223372036854775807, 0, 9223372036777845807
6, 2199, 0, 9223372036854775807, 0, 9223372036777810807
6, 22, 0, 9223372036854775807, 0, 9223372036854005807
6, 220, 0, 9223372036854775807, 0, 9223372036847075807
6, 2200, 0, 9223372036854775807, 0, 9223372036777775807
6, 2201, 0, 9223372036854775807, 0, 9223372036777740807
6, 2202, 0, 9223372036854775807, 0, 9223372036777705807
6, 2203, 0, 9223372036854775807, 0, 9223372036777670807
6, 2204, 0, 9223372036854775807, 0, 9223372036777635807
6, 2205, 0, 9223372036854775807, 0, 9223372036777600807
6, 2206, 0, 9223372036854775807, 0, 9223372036777565807
6, 2207, 0, 9223372036854775807, 0, 9223372036777530807
6, 2208, 0, 9223372036854775807, 0, 9223372036777495807
6, 2209, 0, 9223372036854775807, 0, 9223372036777460807
6, 221, 0, 9223372036854775807, 0, 9223372036847040807
6, 2210, 0, 9223372036854775807, 0, 9223372036777425807
6, 2211, 0, 9223372036854775807, 0, 9223372036777390807
6, 2212, 0, 9223372036854775807, 0, 9223372036777355807
6, 2213, 0, 9223372036854775807, 0, 9223372036777320807
6, 2214, 0, 9223372036854775807, 0, 9223372036777285807
6, 2215, 0, 9223372036854775807, 0, 9223372036777250807
6, 2216, 0, 9223372036854775807, 0, 9223372036777215807
6, 2217, 0, 9223372036854775807, 0, 9223372036777180807
6, 2218, 0, 9223372036854775807, 0, 9223372036777145807
6, 2219, 0, 9223372036854775807, 0, 9223372036777110807
6, 222, 0, 9223372036854775807, 0, 9223372036847005807
6, 2220, 0, 9223372036854775807, 0, 9223372036777075807
6, 2221, 0, 9223372036854775807, 0, 9223372036777040807
6, 2222, 0, 9223372036854775807, 0, 9223372036777005807
6, 2223, 0, 9223372036854775807, 0, 9223372036776970807
6, 2224, 0, 9223372036854775807, 0, 9223372036776935807
6, 2225, 0, 9223372036854775807, 0, 9223372036776900807
6, 2226, 0, 9223372036854775807, 0, 9223372036776865807
6, 2227, 0, 9223372036854775807, 0, 9223372036776830807
6, 2228, 0, 9223372036854775807, 0, 9223372036776795807
6, 2229, 0, 9223372036854775807, 0, 9223372036776760807
6, 223, 0, 9223372036854775807, 0, 9223372036846970807
6, 2230, 0, 9223372036854775807, 0, 9223372036776725807
6, 2231, 0, 9223372036854775807, 0, 9223372036776690807
6, 2232, 0, 9223372036854775807, 0, 9223372036776655807
6, 2233, 0, 9223372036854775807, 0, 9223372036776620807
6, 2234, 0, 9223372036854775807, 0, 9223372036776585807
6, 2235, 0, 9223372036854775807, 0, 9223372036776550807
6, 2236, 0, 9223372036854775807, 0, 9223372036776515807
6, 2237, 0, 9223372036854775807, 0, 9223372036776480807
6, 2238, 0, 9223372036854775807, 0, 9223372036776445807
6, 2239, 0, 9223372036854775807, 0, 9223372036776410807
6, 224, 0, 9223372036854775807, 0, 9223372036846935807
6, 2240, 0, 9223372036854775807, 0, 9223372036776375807
6, 2241, 0, 9223372036854775807, 0, 9223372036776340807
6, 2242, 0, 9223372036854775807, 0, 9223372036776305807
6, 2243, 0, 9223372036854775807, 0, 9223372036776270807
6, 2244, 0, 9223372036854775807, 0, 9223372036776235807
6, 2245, 0, 9223372036854775807, 0, 9223372036776200807
6, 2246, 0, 9223372036854775807, 0, 9223372036776165807
6, 2247, 0, 9223372036854775807, 0, 9223372036776130807
6, 2248, 0, 9223372036854775807, 0, 9223372036776095807
6, 2249, 0, 9223372036854775807, 0, 9223372036776060807
6, 225, 0, 9223372036854775807, 0, 9223372036846900807
6, 2250, 0, 9223372036854775807, 0, 9223372036776025807
6, 2251, 0, 9223372036854775807, 0, 9223372036775990807
6, 2252, 0, 9223372036854775807, 0, 9223372036775955807
6, 2253, 0, 9223372036854775807, 0, 9223372036775920807
6, 2254, 0, 9223372036854775807, 0, 9223372036775885807
6, 2255, 0, 9223372036854775807, 0, 9223372036775850807
6, 2256, 0, 9223372036854775807, 0, 9223372036775815807
6, 2257, 0, 9223372036854775807, 0, 9223372036775780807
6, 2258, 0, 9223372036854775807, 0, 9223372036775745807
6, 2259, 0, 9223372036854775807, 0, 9223372036775710807
6, 226, 0, 9223372036854775807, 0, 9223372036846865807
6, 2260, 0, 9223372036854775807, 0, 9223372036775675807
6, 2261, 0, 9223372036854775807, 0, 9223372036775640807
6, 2262, 0, 9223372036854775807, 0, 9223372036775605807
6, 2263, 0, 9223372036854775807, 0, 9223372036775570807
6, 2264, 0, 9223372036854775807, 0, 9223372036775535807
6, 2265, 0, 9223372036854775807, 0, 9223372036775500807
6, 2266, 0, 9223372036854775807, 0, 9223372036775465807
6, 2267, 0, 9223372036854775807, 0, 9223372036775430807
6, 2268, 0, 9223372036854775807, 0, 9223372036775395807
6, 2269, 0, 9223372036854775807, 0, 9223372036775360807
6, 227, 0, 9223372036854775807, 0, 9223372036846830807
6, 2270, 0, 9223372036854775807, 0, 9223372036775325807
6, 2271, 0, 9223372036854775807, 0, 9223372036775290807
6, 2272, 0, 9223372036854775807, 0, 9223372036775255807
6, 2273, 0, 9223372036854775807, 0, 9223372036775220807
6, 2274, 0, 9223372036854775807, 0, 9223372036775185807
6, 2275, 0, 9223372036854775807, 0, 9223372036775150807
6, 2276, 0, 9223372036854775807, 0, 9223372036775115807
6, 2277, 0, 9223372036854775807, 0, 9223372036775080807
6, 2278, 0, 9223372036854775807, 0, 9223372036775045807
6, 2279, 0, 9223372036854775807, 0, 9223372036775010807
6, 228, 0, 9223372036854775807, 0, 9223372036846795807
6, 2280, 0, 9223372036854775807, 0, 9223372036774975807
6, 2281, 0, 9223372036854775807, 0, 9223372036774940807
6, 2282, 0, 9223372036854775807, 0, 9223372036774905807
6, 2283, 0, 9223372036854775807, 0, 9223372036774870807
6, 2284, 0, 9223372036854775807, 0, 9223372036774835807
6, 2285, 0, 9223372036854775807, 0, 9223372036774800807
6, 2286, 0, 9223372036854775807, 0, 9223372036774765807
6, 2287, 0, 9223372036854775807, 0, 9223372036774730807
6, 2288, 0, 9223372036854775807, 0, 9223372036774695807
6, 2289, 0, 9223372036854775807, 0, 9223372036774660807
6, 229, 0, 9223372036854775807, 0, 9223372036846760807
6, 2290, 0, 9223372036854775807, 0, 9223372036774625807
6, 2291, 0, 9223372036854775807, 0, 9223372036774590807
6, 2292, 0, 9223372036854775807, 0, 9223372036774555807
6, 2293, 0, 9223372036854775807, 0, 9223372036774520807
6, 2294, 0, 9223372036854775807, 0, 9223372036774485807
6, 2295, 0, 9223372036854775807, 0, 9223372036774450807
6, 2296, 0, 9223372036854775807, 0, 9223372036774415807
6, 2297, 0, 9223372036854775807, 0, 9223372036774380807
6, 2298, 0, 9223372036854775807, 0, 9223372036774345807
6, 2299, 0, 9223372036854775807, 0, 9223372036774310807
6, 23, 0, 9223372036854775807, 0, 9223372036853970807
6, 230, 0, 9223372036854775807, 0, 9223372036846725807
6, 2300, 0, 9223372036854775807, 0, 9223372036774275807
6, 2301, 0, 9223372036854775807, 0, 9223372036774240807
6, 2302, 0, 9223372036854775807, 0, 9223372036774205807
6, 2303, 0, 9223372036854775807, 0, 9223372036774170807
6, 2304, 0, 9223372036854775807, 0, 9223372036774135807
6, 2305, 0, 9223372036854775807, 0, 9223372036774100807
6, 2306, 0, 9223372036854775807, 0, 9223372036774065807
6, 2307, 0, 9223372036854775807, 0, 9223372036774030807
6, 2308, 0, 9223372036854775807, 0, 9223372036773995807
6, 2309, 0, 9223372036854775807, 0, 9223372036773960807
6, 231, 0, 9223372036854775807, 0, 9223372036846690807
6, 2310, 0, 9223372036854775807, 0, 9223372036773925807
6, 2311, 0, 9223372036854775807, 0, 9223372036773890807
6, 2312, 0, 9223372036854775807, 0, 9223372036773855807
6, 2313, 0, 9223372036854775807, 0, 9223372036773820807
6, 2314, 0, 9223372036854775807, 0, 9223372036773785807
6, 2315, 0, 9223372036854775807, 0, 9223372036773750807
6, 2316, 0, 9223372036854775807, 0, 9223372036773715807
6, 2317, 0, 9223372036854775807, 0, 9223372036773680807
6, 2318, 0, 9223372036854775807, 0, 9223372036773645807
6, 2319, 0, 9223372036854775807, 0, 9223372036773610807
6, 232, 0, 9223372036854775807, 0, 9223372036846655807
6, 2320, 0, 9223372036854775807, 0, 9223372036773575807
6, 2321, 0, 9223372036854775807, 0, 9223372036773540807
6, 2322, 0, 9223372036854775807, 0, 9223372036773505807
6, 2323, 0, 9223372036854775807, 0, 9223372036773470807
6, 2324, 0, 9223372036854775807, 0, 9223372036773435807
6, 2325, 0, 9223372036854775807, 0, 9223372036773400807
6, 2326, 0, 9223372036854775807, 0, 9223372036773365807
6, 2327, 0, 9223372036854775807, 0, 9223372036773330807
6, 2328, 0, 9223372036854775807, 0, 9223372036773295807
6, 2329, 0, 9223372036854775807, 0, 9223372036773260807
6, 233, 0, 9223372036854775807, 0, 9223372036846620807
6, 2330, 0, 9223372036854775807, 0, 9223372036773225807
6, 2331, 0, 9223372036854775807, 0, 9223372036773190807
6, 2332, 0, 9223372036854775807, 0, 9223372036773155807
6, 2333, 0, 9223372036854775807, 0, 9223372036773120807
6, 2334, 0, 9223372036854775807, 0, 9223372036773085807
6, 2335, 0, 9223372036854775807, 0, 9223372036773050807
6, 2336, 0, 9223372036854775807, 0, 9223372036773015807
6, 2337, 0, 9223372036854775807, 0, 9223372036772980807
6, 2338, 0, 9223372036854775807, 0, 9223372036772945807
6, 2339, 0, 9223372036854775807, 0, 9223372036772910807
6, 234, 0, 9223372036854775807, 0, 9223372036846585807
6, 2340, 0, 9223372036854775807, 0, 9223372036772875807
6, 2341, 0, 9223372036854775807, 0, 9223372036772840807
6, 2342, 0, 9223372036854775807, 0, 9223372036772805807
6, 2343, 0, 9223372036854775807, 0, 9223372036772770807
6, 2344, 0, 9223372036854775807, 0, 9223372036772735807
6, 2345, 0, 9223372036854775807, 0, 9223372036772700807
6, 2346, 0, 9223372036854775807, 0, 9223372036772665807
6, 2347, 0, 9223372036854775807, 0, 9223372036772630807
6, 2348, 0, 9223372036854775807, 0, 9223372036772595807
6, 2349, 0, 9223372036854775807, 0, 9223372036772560807
6, 235, 0, 9223372036854775807, 0, 9223372036846550807
6, 2350, 0, 9223372036854775807, 0, 9223372036772525807
6, 2351, 0, 9223372036854775807, 0, 9223372036772490807
6, 2352, 0, 9223372036854775807, 0, 9223372036772455807
6, 2353, 0, 9223372036854775807, 0, 9223372036772420807
6, 2354, 0, 9223372036854775807, 0, 9223372036772385807
6, 2355, 0, 9223372036854775807, 0, 9223372036772350807
6, 2356, 0, 9223372036854775807, 0, 9223372036772315807
6, 2357, 0, 9223372036854775807, 0, 9223372036772280807
6, 2358, 0, 9223372036854775807, 0, 9223372036772245807
6, 2359, 0, 9223372036854775807, 0, 9223372036772210807
6, 236, 0, 9223372036854775807, 0, 9223372036846515807
6, 2360, 0, 9223372036854775807, 0, 9223372036772175807
6, 2361, 0, 9223372036854775807, 0, 9223372036772140807
6, 2362, 0, 9223372036854775807, 0, 9223372036772105807
6, 2363, 0, 9223372036854775807, 0, 9223372036772070807
6, 2364, 0, 9223372036854775807, 0, 9223372036772035807
6, 2365, 0, 9223372036854775807, 0, 9223372036772000807
6, 2366, 0, 9223372036854775807, 0, 9223372036771965807
6, 2367, 0, 9223372036854775807, 0, 9223372036771930807
6, 2368, 0, 9223372036854775807, 0, 9223372036771895807
6, 2369, 0, 9223372036854775807, 0, 9223372036771860807
6, 237, 0, 9223372036854775807, 0, 9223372036846480807
6, 2370, 0, 9223372036854775807, 0, 9223372036771825807
6, 2371, 0, 9223372036854775807, 0, 9223372036771790807
6, 2372, 0, 9223372036854775807, 0, 9223372036771755807
6, 2373, 0, 9223372036854775807, 0, 9223372036771720807
6, 2374, 0, 9223372036854775807, 0, 9223372036771685807
6, 2375, 0, 9223372036854775807, 0, 9223372036771650807
6, 2376, 0, 9223372036854775807, 0, 9223372036771615807
6, 2377, 0, 9223372036854775807, 0, 9223372036771580807
6, 2378, 0, 9223372036854775807, 0, 9223372036771545807
6, 2379, 0, 9223372036854775807, 0, 9223372036771510807
6, 238, 0, 9223372036854775807, 0, 9223372036846445807
6, 2380, 0, 9223372036854775807, 0, 9223372036771475807
6, 2381, 0, 9223372036854775807, 0, 9223372036771440807
6, 2382, 0, 9223372036854775807, 0, 9223372036771405807
6, 2383, 0, 9223372036854775807, 0, 9223372036771370807
6, 2384, 0, 9223372036854775807, 0, 9223372036771335807
6, 2385, 0, 9223372036854775807, 0, 9223372036771300807
6, 2386, 0, 9223372036854775807, 0, 9223372036771265807
6, 2387, 0, 9223372036854775807, 0, 9223372036771230807
6, 2388, 0, 9223372036854775807, 0, 9223372036771195807
6, 2389, 0, 9223372036854775807, 0, 9223372036771160807
6, 239, 0, 9223372036854775807, 0, 9223372036846410807
6, 2390, 0, 9223372036854775807, 0, 9223372036771125807
6, 2391, 0, 9223372036854775807, 0, 9223372036771090807
6, 2392, 0, 9223372036854775807, 0, 9223372036771055807
6, 2393, 0, 9223372036854775807, 0, 9223372036771020807
6, 2394, 0, 9223372036854775807, 0, 9223372036770985807
6, 2395, 0, 9223372036854775807, 0, 9223372036770950807
6, 2396, 0, 9223372036854775807, 0, 9223372036770915807
6, 2397, 0, 9223372036854775807, 0, 9223372036770880807
6, 2398, 0, 9223372036854775807, 0, 9223372036770845807
6, 2399, 0, 9223372036854775807, 0, 9223372036770810807
6, 24, 0, 9223372036854775807, 0, 9223372036853935807
6, 240, 0, 9223372036854775807, 0, 9223372036846375807
6, 2400, 0, 9223372036854775807, 0, 9223372036770775807
6, 2401, 0, 9223372036854775807, 0, 9223372036770740807
6, 2402, 0, 9223372036854775807, 0, 9223372036770705807
6, 2403, 0, 9223372036854775807, 0, 9223372036770670807
6, 2404, 0, 9223372036854775807, 0, 9223372036770635807
6, 2405, 0, 9223372036854775807, 0, 9223372036770600807
6, 2406, 0, 9223372036854775807, 0, 9223372036770565807
6, 2407, 0, 9223372036854775807, 0, 9223372036770530807
6, 2408, 0, 9223372036854775807, 0, 9223372036770495807
6, 2409, 0, 9223372036854775807, 0, 9223372036770460807
6, 241, 0, 9223372036854775807, 0, 9223372036846340807
6, 2410, 0, 9223372036854775807, 0, 9223372036770425807
6, 2411, 0, 9223372036854775807, 0, 9223372036770390807
6, 2412, 0, 9223372036854775807, 0, 9223372036770355807
6, 2413, 0, 9223372036854775807, 0, 9223372036770320807
6, 2414, 0, 9223372036854775807, 0, 9223372036770285807
6, 2415, 0, 9223372036854775807, 0, 9223372036770250807
6, 2416, 0, 9223372036854775807, 0, 9223372036770215807
6, 2417, 0, 9223372036854775807, 0, 9223372036770180807
6, 2418, 0, 9223372036854775807, 0, 9223372036770145807
6, 2419, 0, 9223372036854775807, 0, 9223372036770110807
6, 242, 0, 9223372036854775807, 0, 9223372036846305807
6, 2420, 0, 9223372036854775807, 0, 9223372036770075807
6, 2421, 0, 9223372036854775807, 0, 9223372036770040807
6, 2422, 0, 9223372036854775807, 0, 9223372036770005807
6, 2423, 0, 9223372036854775807, 0, 9223372036769970807
6, 2424, 0, 9223372036854775807, 0, 9223372036769935807
6, 2425, 0, 9223372036854775807, 0, 9223372036769900807
6, 2426, 0, 9223372036854775807, 0, 9223372036769865807
6, 2427, 0, 9223372036854775807, 0, 9223372036769830807
6, 2428, 0, 9223372036854775807, 0, 9223372036769795807
6, 2429, 0, 9223372036854775807, 0, 9223372036769760807
6, 243, 0, 9223372036854775807, 0, 9223372036846270807
6, 2430, 0, 9223372036854775807, 0, 9223372036769725807
6, 2431, 0, 9223372036854775807, 0, 9223372036769690807
6, 2432, 0, 9223372036854775807, 0, 9223372036769655807
6, 2433, 0, 9223372036854775807, 0, 9223372036769620807
6, 2434, 0, 9223372036854775807, 0, 9223372036769585807
6, 2435, 0, 9223372036854775807, 0, 9223372036769550807
6, 2436, 0, 9223372036854775807, 0, 9223372036769515807
6, 2437, 0, 9223372036854775807, 0, 9223372036769480807
6, 2438, 0, 9223372036854775807, 0, 9223372036769445807
6, 2439, 0, 9223372036854775807, 0, 9223372036769410807
6, 244, 0, 9223372036854775807, 0, 9223372036846235807
6, 2440, 0, 9223372036854775807, 0, 9223372036769375807
6, 2441, 0, 9223372036854775807, 0, 9223372036769340807
6, 2442, 0, 9223372036854775807, 0, 9223372036769305807
6, 2443, 0, 9223372036854775807, 0, 9223372036769270807
6, 2444, 0, 9223372036854775807, 0, 9223372036769235807
6, 2445, 0, 9223372036854775807, 0, 9223372036769200807
6, 2446, 0, 9223372036854775807, 0, 9223372036769165807
6, 2447, 0, 9223372036854775807, 0, 9223372036769130807
6, 2448, 0, 9223372036854775807, 0, 9223372036769095807
6, 2449, 0, 9223372036854775807, 0, 9223372036769060807
6, 245, 0, 9223372036854775807, 0, 9223372036846200807
6, 2450, 0, 9223372036854775807, 0, 9223372036769025807
6, 2451, 0, 9223372036854775807, 0, 9223372036768990807
6, 2452, 0, 9223372036854775807, 0, 9223372036768955807
6, 2453, 0, 9223372036854775807, 0, 9223372036768920807
6, 2454, 0, 9223372036854775807, 0, 9223372036768885807
6, 2455, 0, 9223372036854775807, 0, 9223372036768850807
6, 2456, 0, 9223372036854775807, 0, 9223372036768815807
6, 2457, 0, 9223372036854775807, 0, 9223372036768780807
6, 2458, 0, 9223372036854775807, 0, 9223372036768745807
6, 2459, 0, 9223372036854775807, 0, 9223372036768710807
6, 246, 0, 9223372036854775807, 0, 9223372036846165807
6, 2460, 0, 9223372036854775807, 0, 9223372036768675807
6, 2461, 0, 9223372036854775807, 0, 9223372036768640807
6, 2462, 0, 9223372036854775807, 0, 9223372036768605807
6, 2463, 0, 9223372036854775807, 0, 9223372036768570807
6, 2464, 0, 9223372036854775807, 0, 9223372036768535807
6, 2465, 0, 9223372036854775807, 0, 9223372036768500807
6, 2466, 0, 9223372036854775807, 0, 9223372036768465807
6, 2467, 0, 9223372036854775807, 0, 9223372036768430807
6, 2468, 0, 9223372036854775807, 0, 9223372036768395807
6, 2469, 0, 9223372036854775807, 0, 9223372036768360807
6, 247, 0, 9223372036854775807, 0, 9223372036846130807
6, 2470, 0, 9223372036854775807, 0, 9223372036768325807
6, 2471, 0, 9223372036854775807, 0, 9223372036768290807
6, 2472, 0, 9223372036854775807, 0, 9223372036768255807
6, 2473, 0, 9223372036854775807, 0, 9223372036768220807
6, 2474, 0, 9223372036854775807, 0, 9223372036768185807
6, 2475, 0, 9223372036854775807, 0, 9223372036768150807
6, 2476, 0, 9223372036854775807, 0, 9223372036768115807
6, 2477, 0, 9223372036854775807, 0, 9223372036768080807
6, 2478, 0, 9223372036854775807, 0, 9223372036768045807
6, 2479, 0, 9223372036854775807, 0, 9223372036768010807
6, 248, 0, 9223372036854775807, 0, 9223372036846095807
6, 2480, 0, 9223372036854775807, 0, 9223372036767975807
6, 2481, 0, 9223372036854775807, 0, 9223372036767940807
6, 2482, 0, 9223372036854775807, 0, 9223372036767905807
6, 2483, 0, 9223372036854775807, 0, 9223372036767870807
6, 2484, 0, 9223372036854775807, 0, 9223372036767835807
6, 2485, 0, 9223372036854775807, 0, 9223372036767800807
6, 2486, 0, 9223372036854775807, 0, 9223372036767765807
6, 2487, 0, 9223372036854775807, 0, 9223372036767730807
6, 2488, 0, 9223372036854775807, 0, 9223372036767695807
6, 2489, 0, 9223372036854775807, 0, 9223372036767660807
6, 249, 0, 9223372036854775807, 0, 9223372036846060807
6, 2490, 0, 9223372036854775807, 0, 9223372036767625807
6, 2491, 0, 9223372036854775807, 0, 9223372036767590807
6, 2492, 0, 9223372036854775807, 0, 9223372036767555807
6, 2493, 0, 9223372036854775807, 0, 9223372036767520807
6, 2494, 0, 9223372036854775807, 0, 9223372036767485807
6, 2495, 0, 9223372036854775807, 0, 9223372036767450807
6, 2496, 0, 9223372036854775807, 0, 9223372036767415807
6, 2497, 0, 9223372036854775807, 0, 9223372036767380807
6, 2498, 0, 9223372036854775807, 0, 9223372036767345807
6, 2499, 0, 9223372036854775807, 0, 9223372036767310807
6, 25, 0, 9223372036854775807, 0, 9223372036853900807
6, 250, 0, 9223372036854775807, 0, 9223372036846025807
6, 2500, 0, 9223372036854775807, 0, 9223372036767275807
6, 2501, 0, 9223372036854775807, 0, 9223372036767240807
6, 2502, 0, 9223372036854775807, 0, 9223372036767205807
6, 2503, 0, 9223372036854775807, 0, 9223372036767170807
6, 2504, 0, 9223372036854775807, 0, 9223372036767135807
6, 2505, 0, 9223372036854775807, 0, 9223372036767100807
6, 2506, 0, 9223372036854775807, 0, 9223372036767065807
6, 2507, 0, 9223372036854775807, 0, 9223372036767030807
6, 2508, 0, 9223372036854775807, 0, 9223372036766995807
6, 2509, 0, 9223372036854775807, 0, 9223372036766960807
6, 251, 0, 9223372036854775807, 0, 9223372036845990807
6, 2510, 0, 9223372036854775807, 0, 9223372036766925807
6, 2511, 0, 9223372036854775807, 0, 9223372036766890807
6, 2512, 0, 9223372036854775807, 0, 9223372036766855807
6, 2513, 0, 9223372036854775807, 0, 9223372036766820807
6, 2514, 0, 9223372036854775807, 0, 9223372036766785807
6, 2515, 0, 9223372036854775807, 0, 9223372036766750807
6, 2516, 0, 9223372036854775807, 0, 9223372036766715807
6, 2517, 0, 9223372036854775807, 0, 9223372036766680807
6, 2518, 0, 9223372036854775807, 0, 9223372036766645807
6, 2519, 0, 9223372036854775807, 0, 9223372036766610807
6, 252, 0, 9223372036854775807, 0, 9223372036845955807
6, 2520, 0, 9223372036854775807, 0, 9223372036766575807
6, 2521, 0, 9223372036854775807, 0, 9223372036766540807
6, 2522, 0, 9223372036854775807, 0, 9223372036766505807
6, 2523, 0, 9223372036854775807, 0, 9223372036766470807
6, 2524, 0, 9223372036854775807, 0, 9223372036766435807
6, 2525, 0, 9223372036854775807, 0, 9223372036766400807
6, 2526, 0, 9223372036854775807, 0, 9223372036766365807
6, 2527, 0, 9223372036854775807, 0, 9223372036766330807
6, 2528, 0, 9223372036854775807, 0, 9223372036766295807
6, 2529, 0, 9223372036854775807, 0, 9223372036766260807
6, 253, 0, 9223372036854775807, 0, 9223372036845920807
6, 2530, 0, 9223372036854775807, 0, 9223372036766225807
6, 2531, 0, 9223372036854775807, 0, 9223372036766190807
6, 2532, 0, 9223372036854775807, 0, 9223372036766155807
6, 2533, 0, 9223372036854775807, 0, 9223372036766120807
6, 2534, 0, 9223372036854775807, 0, 9223372036766085807
6, 2535, 0, 9223372036854775807, 0, 9223372036766050807
6, 2536, 0, 9223372036854775807, 0, 9223372036766015807
6, 2537, 0, 9223372036854775807, 0, 9223372036765980807
6, 2538, 0, 9223372036854775807, 0, 9223372036765945807
6, 2539, 0, 9223372036854775807, 0, 9223372036765910807
6, 254, 0, 9223372036854775807, 0, 9223372036845885807
6, 2540, 0, 9223372036854775807, 0, 9223372036765875807
6, 2541, 0, 9223372036854775807, 0, 9223372036765840807
6, 2542, 0, 9223372036854775807, 0, 9223372036765805807
6, 2543, 0, 9223372036854775807, 0, 9223372036765770807
6, 2544, 0, 9223372036854775807, 0, 9223372036765735807
6, 2545, 0, 9223372036854775807, 0, 9223372036765700807
6, 2546, 0, 9223372036854775807, 0, 9223372036765665807
6, 2547, 0, 9223372036854775807, 0, 9223372036765630807
6, 2548, 0, 9223372036854775807, 0, 9223372036765595807
6, 2549, 0, 9223372036854775807, 0, 9223372036765560807
6, 255, 0, 9223372036854775807, 0, 9223372036845850807
6, 2550, 0, 9223372036854775807, 0, 9223372036765525807
6, 2551, 0, 9223372036854775807, 0, 9223372036765490807
6, 2552, 0, 9223372036854775807, 0, 9223372036765455807
6, 2553, 0, 9223372036854775807, 0, 9223372036765420807
6, 2554, 0, 9223372036854775807, 0, 9223372036765385807
6, 2555, 0, 9223372036854775807, 0, 9223372036765350807
6, 2556, 0, 9223372036854775807, 0, 9223372036765315807
6, 2557, 0, 9223372036854775807, 0, 9223372036765280807
6, 2558, 0, 9223372036854775807, 0, 9223372036765245807
6, 2559, 0, 9223372036854775807, 0, 9223372036765210807
6, 256, 0, 9223372036854775807, 0, 9223372036845815807
6, 2560, 0, 9223372036854775807, 0, 9223372036765175807
6, 2561, 0, 9223372036854775807, 0, 9223372036765140807
6, 2562, 0, 9223372036854775807, 0, 9223372036765105807
6, 2563, 0, 9223372036854775807, 0, 9223372036765070807
6, 2564, 0, 9223372036854775807, 0, 9223372036765035807
6, 2565, 0, 9223372036854775807, 0, 9223372036765000807
6, 2566, 0, 9223372036854775807, 0, 9223372036764965807
6, 2567, 0, 9223372036854775807, 0, 9223372036764930807
6, 2568, 0, 9223372036854775807, 0, 9223372036764895807
6, 2569, 0, 9223372036854775807, 0, 9223372036764860807
6, 257, 0, 9223372036854775807, 0, 9223372036845780807
6, 2570, 0, 9223372036854775807, 0, 9223372036764825807
6, 2571, 0, 9223372036854775807, 0, 9223372036764790807
6, 2572, 0, 9223372036854775807, 0, 9223372036764755807
6, 2573, 0, 9223372036854775807, 0, 9223372036764720807
6, 2574, 0, 9223372036854775807, 0, 9223372036764685807
6, 2575, 0, 9223372036854775807, 0, 9223372036764650807
6, 2576, 0, 9223372036854775807, 0, 9223372036764615807
6, 2577, 0, 9223372036854775807, 0, 9223372036764580807
6, 2578, 0, 9223372036854775807, 0, 9223372036764545807
6, 2579, 0, 9223372036854775807, 0, 9223372036764510807
6, 258, 0, 9223372036854775807, 0, 9223372036845745807
6, 2580, 0, 9223372036854775807, 0, 9223372036764475807
6, 2581, 0, 9223372036854775807, 0, 9223372036764440807
6, 2582, 0, 9223372036854775807, 0, 9223372036764405807
6, 2583, 0, 9223372036854775807, 0, 9223372036764370807
6, 2584, 0, 9223372036854775807, 0, 9223372036764335807
6, 2585, 0, 9223372036854775807, 0, 9223372036764300807
6, 2586, 0, 9223372036854775807, 0, 9223372036764265807
6, 2587, 0, 9223372036854775807, 0, 9223372036764230807
6, 2588, 0, 9223372036854775807, 0, 9223372036764195807
6, 2589, 0, 9223372036854775807, 0, 9223372036764160807
6, 259, 0, 9223372036854775807, 0, 9223372036845710807
6, 2590, 0, 9223372036854775807, 0, 9223372036764125807
6, 2591, 0, 9223372036854775807, 0, 9223372036764090807
6, 2592, 0, 9223372036854775807, 0, 9223372036764055807
6, 2593, 0, 9223372036854775807, 0, 9223372036764020807
6, 2594, 0, 9223372036854775807, 0, 9223372036763985807
6, 2595, 0, 9223372036854775807, 0, 9223372036763950807
6, 2596, 0, 9223372036854775807, 0, 9223372036763915807
6, 2597, 0, 9223372036854775807, 0, 9223372036763880807
6, 2598, 0, 9223372036854775807, 0, 9223372036763845807
6, 2599, 0, 9223372036854775807, 0, 9223372036763810807
6, 26, 0, 9223372036854775807, 0, 9223372036853865807
6, 260, 0, 9223372036854775807, 0, 9223372036845675807
6, 2600, 0, 9223372036854775807, 0, 9223372036763775807
6, 2601, 0, 9223372036854775807, 0, 9223372036763740807
6, 2602, 0, 9223372036854775807, 0, 9223372036763705807
6, 2603, 0, 9223372036854775807, 0, 9223372036763670807
6, 2604, 0, 9223372036854775807, 0, 9223372036763635807
6, 2605, 0, 9223372036854775807, 0, 9223372036763600807
6, 2606, 0, 9223372036854775807, 0, 9223372036763565807
6, 2607, 0, 9223372036854775807, 0, 9223372036763530807
6, 2608, 0, 9223372036854775807, 0, 9223372036763495807
6, 2609, 0, 9223372036854775807, 0, 9223372036763460807
6, 261, 0, 9223372036854775807, 0, 9223372036845640807
6, 2610, 0, 9223372036854775807, 0, 9223372036763425807
6, 2611, 0, 9223372036854775807, 0, 9223372036763390807
6, 2612, 0, 9223372036854775807, 0, 9223372036763355807
6, 2613, 0, 9223372036854775807, 0, 9223372036763320807
6, 2614, 0, 9223372036854775807, 0, 9223372036763285807
6, 2615, 0, 9223372036854775807, 0, 9223372036763250807
6, 2616, 0, 9223372036854775807, 0, 9223372036763215807
6, 2617, 0, 9223372036854775807, 0, 9223372036763180807
6, 2618, 0, 9223372036854775807, 0, 9223372036763145807
6, 2619, 0, 9223372036854775807, 0, 9223372036763110807
6, 262, 0, 9223372036854775807, 0, 9223372036845605807
6, 2620, 0, 9223372036854775807, 0, 9223372036763075807
6, 2621, 0, 9223372036854775807, 0, 9223372036763040807
6, 2622, 0, 9223372036854775807, 0, 9223372036763005807
6, 2623, 0, 9223372036854775807, 0, 9223372036762970807
6, 2624, 0, 9223372036854775807, 0, 9223372036762935807
6, 2625, 0, 9223372036854775807, 0, 9223372036762900807
6, 2626, 0, 9223372036854775807, 0, 9223372036762865807
6, 2627, 0, 9223372036854775807, 0, 9223372036762830807
6, 2628, 0, 9223372036854775807, 0, 9223372036762795807
6, 2629, 0, 9223372036854775807, 0, 9223372036762760807
6, 263, 0, 9223372036854775807, 0, 9223372036845570807
6, 2630, 0, 9223372036854775807, 0, 9223372036762725807
6, 2631, 0, 9223372036854775807, 0, 9223372036762690807
6, 2632, 0, 9223372036854775807, 0, 9223372036762655807
6, 2633, 0, 9223372036854775807, 0, 9223372036762620807
6, 2634, 0, 9223372036854775807, 0, 9223372036762585807
6, 2635, 0, 9223372036854775807, 0, 9223372036762550807
6, 2636, 0, 9223372036854775807, 0, 9223372036762515807
6, 2637, 0, 9223372036854775807, 0, 9223372036762480807
6, 2638, 0, 9223372036854775807, 0, 9223372036762445807
6, 2639, 0, 9223372036854775807, 0, 9223372036762410807
6, 264, 0, 9223372036854775807, 0, 9223372036845535807
6, 2640, 0, 9223372036854775807, 0, 9223372036762375807
6, 2641, 0, 9223372036854775807, 0, 9223372036762340807
6, 2642, 0, 9223372036854775807, 0, 9223372036762305807
6, 2643, 0, 9223372036854775807, 0, 9223372036762270807
6, 2644, 0, 9223372036854775807, 0, 9223372036762235807
6, 2645, 0, 9223372036854775807, 0, 9223372036762200807
6, 2646, 0, 9223372036854775807, 0, 9223372036762165807
6, 2647, 0, 9223372036854775807, 0, 9223372036762130807
6, 2648, 0, 9223372036854775807, 0, 9223372036762095807
6, 2649, 0, 9223372036854775807, 0, 9223372036762060807
6, 265, 0, 9223372036854775807, 0, 9223372036845500807
6, 2650, 0, 9223372036854775807, 0, 9223372036762025807
6, 2651, 0, 9223372036854775807, 0, 9223372036761990807
6, 2652, 0, 9223372036854775807, 0, 9223372036761955807
6, 2653, 0, 9223372036854775807, 0, 9223372036761920807
6, 2654, 0, 9223372036854775807, 0, 9223372036761885807
6, 2655, 0, 9223372036854775807, 0, 9223372036761850807
6, 2656, 0, 9223372036854775807, 0, 9223372036761815807
6, 2657, 0, 9223372036854775807, 0, 9223372036761780807
6, 2658, 0, 9223372036854775807, 0, 9223372036761745807
6, 2659, 0, 9223372036854775807, 0, 9223372036761710807
6, 266, 0, 9223372036854775807, 0, 9223372036845465807
6, 2660, 0, 9223372036854775807, 0, 9223372036761675807
6, 2661, 0, 9223372036854775807, 0, 9223372036761640807
6, 2662, 0, 9223372036854775807, 0, 9223372036761605807
6, 2663, 0, 9223372036854775807, 0, 9223372036761570807
6, 2664, 0, 9223372036854775807, 0, 9223372036761535807
6, 2665, 0, 9223372036854775807, 0, 9223372036761500807
6, 2666, 0, 9223372036854775807, 0, 9223372036761465807
6, 2667, 0, 9223372036854775807, 0, 9223372036761430807
6, 2668, 0, 9223372036854775807, 0, 9223372036761395807
6, 2669, 0, 9223372036854775807, 0, 9223372036761360807
6, 267, 0, 9223372036854775807, 0, 9223372036845430807
6, 2670, 0, 9223372036854775807, 0, 9223372036761325807
6, 2671, 0, 9223372036854775807, 0, 9223372036761290807
6, 2672, 0, 9223372036854775807, 0, 9223372036761255807
6, 2673, 0, 9223372036854775807, 0, 9223372036761220807
6, 2674, 0, 9223372036854775807, 0, 9223372036761185807
6, 2675, 0, 9223372036854775807, 0, 9223372036761150807
6, 2676, 0, 9223372036854775807, 0, 9223372036761115807
6, 2677, 0, 9223372036854775807, 0, 9223372036761080807
6, 2678, 0, 9223372036854775807, 0, 9223372036761045807
6, 2679, 0, 9223372036854775807, 0, 9223372036761010807
6, 268, 0, 9223372036854775807, 0, 9223372036845395807
6, 2680, 0, 9223372036854775807, 0, 9223372036760975807
6, 2681, 0, 9223372036854775807, 0, 9223372036760940807
6, 2682, 0, 9223372036854775807, 0, 9223372036760905807
6, 2683, 0, 9223372036854775807, 0, 9223372036760870807
6, 2684, 0, 9223372036854775807, 0, 9223372036760835807
6, 2685, 0, 9223372036854775807, 0, 9223372036760800807
6, 2686, 0, 9223372036854775807, 0, 9223372036760765807
6, 2687, 0, 9223372036854775807, 0, 9223372036760730807
6, 2688, 0, 9223372036854775807, 0, 9223372036760695807
6, 2689, 0, 9223372036854775807, 0, 9223372036760660807
6, 269, 0, 9223372036854775807, 0, 9223372036845360807
6, 2690, 0, 9223372036854775807, 0, 9223372036760625807
6, 2691, 0, 9223372036854775807, 0, 9223372036760590807
6, 2692, 0, 9223372036854775807, 0, 9223372036760555807
6, 2693, 0, 9223372036854775807, 0, 9223372036760520807
6, 2694, 0, 9223372036854775807, 0, 9223372036760485807
6, 2695, 0, 9223372036854775807, 0, 9223372036760450807
6, 2696, 0, 9223372036854775807, 0, 9223372036760415807
6, 2697, 0, 9223372036854775807, 0, 9223372036760380807
6, 2698, 0, 9223372036854775807, 0, 9223372036760345807
6, 2699, 0, 9223372036854775807, 0, 9223372036760310807
6, 27, 0, 9223372036854775807, 0, 9223372036853830807
6, 270, 0, 9223372036854775807, 0, 9223372036845325807
6, 2700, 0, 9223372036854775807, 0, 9223372036760275807
6, 2701, 0, 9223372036854775807, 0, 9223372036760240807
6, 2702, 0, 9223372036854775807, 0, 9223372036760205807
6, 2703, 0, 9223372036854775807, 0, 9223372036760170807
6, 2704, 0, 9223372036854775807, 0, 9223372036760135807
6, 2705, 0, 9223372036854775807, 0, 9223372036760100807
6, 2706, 0, 9223372036854775807, 0, 9223372036760065807
6, 2707, 0, 9223372036854775807, 0, 9223372036760030807
6, 2708, 0, 9223372036854775807, 0, 9223372036759995807
6, 2709, 0, 9223372036854775807, 0, 9223372036759960807
6, 271, 0, 9223372036854775807, 0, 9223372036845290807
6, 2710, 0, 9223372036854775807, 0, 9223372036759925807
6, 2711, 0, 9223372036854775807, 0, 9223372036759890807
6, 2712, 0, 9223372036854775807, 0, 9223372036759855807
6, 2713, 0, 9223372036854775807, 0, 9223372036759820807
6, 2714, 0, 9223372036854775807, 0, 9223372036759785807
6, 2715, 0, 9223372036854775807, 0, 9223372036759750807
6, 2716, 0, 9223372036854775807, 0, 9223372036759715807
6, 2717, 0, 9223372036854775807, 0, 9223372036759680807
6, 2718, 0, 9223372036854775807, 0, 9223372036759645807
6, 2719, 0, 9223372036854775807, 0, 9223372036759610807
6, 272, 0, 9223372036854775807, 0, 9223372036845255807
6, 2720, 0, 9223372036854775807, 0, 9223372036759575807
6, 2721, 0, 9223372036854775807, 0, 9223372036759540807
6, 2722, 0, 9223372036854775807, 0, 9223372036759505807
6, 2723, 0, 9223372036854775807, 0, 9223372036759470807
6, 2724, 0, 9223372036854775807, 0, 9223372036759435807
6, 2725, 0, 9223372036854775807, 0, 9223372036759400807
6, 2726, 0, 9223372036854775807, 0, 9223372036759365807
6, 2727, 0, 9223372036854775807, 0, 9223372036759330807
6, 2728, 0, 9223372036854775807, 0, 9223372036759295807
6, 2729, 0, 9223372036854775807, 0, 9223372036759260807
6, 273, 0, 9223372036854775807, 0, 9223372036845220807
6, 2730, 0, 9223372036854775807, 0, 9223372036759225807
6, 2731, 0, 9223372036854775807, 0, 9223372036759190807
6, 2732, 0, 9223372036854775807, 0, 9223372036759155807
6, 2733, 0, 9223372036854775807, 0, 9223372036759120807
6, 2734, 0, 9223372036854775807, 0, 9223372036759085807
6, 2735, 0, 9223372036854775807, 0, 9223372036759050807
6, 2736, 0, 9223372036854775807, 0, 9223372036759015807
6, 2737, 0, 9223372036854775807, 0, 9223372036758980807
6, 2738, 0, 9223372036854775807, 0, 9223372036758945807
6, 2739, 0, 9223372036854775807, 0, 9223372036758910807
6, 274, 0, 9223372036854775807, 0, 9223372036845185807
6, 2740, 0, 9223372036854775807, 0, 9223372036758875807
6, 2741, 0, 9223372036854775807, 0, 9223372036758840807
6, 2742, 0, 9223372036854775807, 0, 9223372036758805807
6, 2743, 0, 9223372036854775807, 0, 9223372036758770807
6, 2744, 0, 9223372036854775807, 0, 9223372036758735807
6, 2745, 0, 9223372036854775807, 0, 9223372036758700807
6, 2746, 0, 9223372036854775807, 0, 9223372036758665807
6, 2747, 0, 9223372036854775807, 0, 9223372036758630807
6, 2748, 0, 9223372036854775807, 0, 9223372036758595807
6, 2749, 0, 9223372036854775807, 0, 9223372036758560807
6, 275, 0, 9223372036854775807, 0, 9223372036845150807
6, 2750, 0, 9223372036854775807, 0, 9223372036758525807
6, 2751, 0, 9223372036854775807, 0, 9223372036758490807
6, 2752, 0, 9223372036854775807, 0, 9223372036758455807
6, 2753, 0, 9223372036854775807, 0, 9223372036758420807
6, 2754, 0, 9223372036854775807, 0, 9223372036758385807
6, 2755, 0, 9223372036854775807, 0, 9223372036758350807
6, 2756, 0, 9223372036854775807, 0, 9223372036758315807
6, 2757, 0, 9223372036854775807, 0, 9223372036758280807
6, 2758, 0, 9223372036854775807, 0, 9223372036758245807
6, 2759, 0, 9223372036854775807, 0, 9223372036758210807
6, 276, 0, 9223372036854775807, 0, 9223372036845115807
6, 2760, 0, 9223372036854775807, 0, 9223372036758175807
6, 2761, 0, 9223372036854775807, 0, 9223372036758140807
6, 2762, 0, 9223372036854775807, 0, 9223372036758105807
6, 2763, 0, 9223372036854775807, 0, 9223372036758070807
6, 2764, 0, 9223372036854775807, 0, 9223372036758035807
6, 2765, 0, 9223372036854775807, 0, 9223372036758000807
6, 2766, 0, 9223372036854775807, 0, 9223372036757965807
6, 2767, 0, 9223372036854775807, 0, 9223372036757930807
6, 2768, 0, 9223372036854775807, 0, 9223372036757895807
6, 2769, 0, 9223372036854775807, 0, 9223372036757860807
6, 277, 0, 9223372036854775807, 0, 9223372036845080807
6, 2770, 0, 9223372036854775807, 0, 9223372036757825807
6, 2771, 0, 9223372036854775807, 0, 9223372036757790807
6, 2772, 0, 9223372036854775807, 0, 9223372036757755807
6, 2773, 0, 9223372036854775807, 0, 9223372036757720807
6, 2774, 0, 9223372036854775807, 0, 9223372036757685807
6, 2775, 0, 9223372036854775807, 0, 9223372036757650807
6, 2776, 0, 9223372036854775807, 0, 9223372036757615807
6, 2777, 0, 9223372036854775807, 0, 9223372036757580807
6, 2778, 0, 9223372036854775807, 0, 9223372036757545807
6, 2779, 0, 9223372036854775807, 0, 9223372036757510807
6, 278, 0, 9223372036854775807, 0, 9223372036845045807
6, 2780, 0, 9223372036854775807, 0, 9223372036757475807
6, 2781, 0, 9223372036854775807, 0, 9223372036757440807
6, 2782, 0, 9223372036854775807, 0, 9223372036757405807
6, 2783, 0, 9223372036854775807, 0, 9223372036757370807
6, 2784, 0, 9223372036854775807, 0, 9223372036757335807
6, 2785, 0, 9223372036854775807, 0, 9223372036757300807
6, 2786, 0, 9223372036854775807, 0, 9223372036757265807
6, 2787, 0, 9223372036854775807, 0, 9223372036757230807
6, 2788, 0, 9223372036854775807, 0, 9223372036757195807
6, 2789, 0, 9223372036854775807, 0, 9223372036757160807
6, 279, 0, 9223372036854775807, 0, 9223372036845010807
6, 2790, 0, 9223372036854775807, 0, 9223372036757125807
6, 2791, 0, 9223372036854775807, 0, 9223372036757090807
6, 2792, 0, 9223372036854775807, 0, 9223372036757055807
6, 2793, 0, 9223372036854775807, 0, 9223372036757020807
6, 2794, 0, 9223372036854775807, 0, 9223372036756985807
6, 2795, 0, 9223372036854775807, 0, 9223372036756950807
6, 2796, 0, 9223372036854775807, 0, 9223372036756915807
6, 2797, 0, 9223372036854775807, 0, 9223372036756880807
6, 2798, 0, 9223372036854775807, 0, 9223372036756845807
6, 2799, 0, 9223372036854775807, 0, 9223372036756810807
6, 28, 0, 9223372036854775807, 0, 9223372036853795807
6, 280, 0, 9223372036854775807, 0, 9223372036844975807
6, 2800, 0, 9223372036854775807, 0, 9223372036756775807
6, 2801, 0, 9223372036854775807, 0, 9223372036756740807
6, 2802, 0, 9223372036854775807, 0, 9223372036756705807
6, 2803, 0, 9223372036854775807, 0, 9223372036756670807
6, 2804, 0, 9223372036854775807, 0, 9223372036756635807
6, 2805, 0, 9223372036854775807, 0, 9223372036756600807
6, 2806, 0, 9223372036854775807, 0, 9223372036756565807
6, 2807, 0, 9223372036854775807, 0, 9223372036756530807
6, 2808, 0, 9223372036854775807, 0, 9223372036756495807
6, 2809, 0, 9223372036854775807, 0, 9223372036756460807
6, 281, 0, 9223372036854775807, 0, 9223372036844940807
6, 2810, 0, 9223372036854775807, 0, 9223372036756425807
6, 2811, 0, 9223372036854775807, 0, 9223372036756390807
6, 2812, 0, 9223372036854775807, 0, 9223372036756355807
6, 2813, 0, 9223372036854775807, 0, 9223372036756320807
6, 2814, 0, 9223372036854775807, 0, 9223372036756285807
6, 2815, 0, 9223372036854775807, 0, 9223372036756250807
6, 2816, 0, 9223372036854775807, 0, 9223372036756215807
6, 2817, 0, 9223372036854775807, 0, 9223372036756180807
6, 2818, 0, 9223372036854775807, 0, 9223372036756145807
6, 2819, 0, 9223372036854775807, 0, 9223372036756110807
6, 282, 0, 9223372036854775807, 0, 9223372036844905807
6, 2820, 0, 9223372036854775807, 0, 9223372036756075807
6, 2821, 0, 9223372036854775807, 0, 9223372036756040807
6, 2822, 0, 9223372036854775807, 0, 9223372036756005807
6, 2823, 0, 9223372036854775807, 0, 9223372036755970807
6, 2824, 0, 9223372036854775807, 0, 9223372036755935807
6, 2825, 0, 9223372036854775807, 0, 9223372036755900807
6, 2826, 0, 9223372036854775807, 0, 9223372036755865807
6, 2827, 0, 9223372036854775807, 0, 9223372036755830807
6, 2828, 0, 9223372036854775807, 0, 9223372036755795807
6, 2829, 0, 9223372036854775807, 0, 9223372036755760807
6, 283, 0, 9223372036854775807, 0, 9223372036844870807
6, 2830, 0, 9223372036854775807, 0, 9223372036755725807
6, 2831, 0, 9223372036854775807, 0, 9223372036755690807
6, 2832, 0, 9223372036854775807, 0, 9223372036755655807
6, 2833, 0, 9223372036854775807, 0, 9223372036755620807
6, 2834, 0, 9223372036854775807, 0, 9223372036755585807
6, 2835, 0, 9223372036854775807, 0, 9223372036755550807
6, 2836, 0, 9223372036854775807, 0, 9223372036755515807
6, 2837, 0, 9223372036854775807, 0, 9223372036755480807
6, 2838, 0, 9223372036854775807, 0, 9223372036755445807
6, 2839, 0, 9223372036854775807, 0, 9223372036755410807
6, 284, 0, 9223372036854775807, 0, 9223372036844835807
6, 2840, 0, 9223372036854775807, 0, 9223372036755375807
6, 2841, 0, 9223372036854775807, 0, 9223372036755340807
6, 2842, 0, 9223372036854775807, 0, 9223372036755305807
6, 2843, 0, 9223372036854775807, 0, 9223372036755270807
6, 2844, 0, 9223372036854775807, 0, 9223372036755235807
6, 2845, 0, 9223372036854775807, 0, 9223372036755200807
6, 2846, 0, 9223372036854775807, 0, 9223372036755165807
6, 2847, 0, 9223372036854775807, 0, 9223372036755130807
6, 2848, 0, 9223372036854775807, 0, 9223372036755095807
6, 2849, 0, 9223372036854775807, 0, 9223372036755060807
6, 285, 0, 9223372036854775807, 0, 9223372036844800807
6, 2850, 0, 9223372036854775807, 0, 9223372036755025807
6, 2851, 0, 9223372036854775807, 0, 9223372036754990807
6, 2852, 0, 9223372036854775807, 0, 9223372036754955807
6, 2853, 0, 9223372036854775807, 0, 9223372036754920807
6, 2854, 0, 9223372036854775807, 0, 9223372036754885807
6, 2855, 0, 9223372036854775807, 0, 9223372036754850807
6, 2856, 0, 9223372036854775807, 0, 9223372036754815807
6, 2857, 0, 9223372036854775807, 0, 9223372036754780807
6, 2858, 0, 9223372036854775807, 0, 9223372036754745807
6, 2859, 0, 9223372036854775807, 0, 9223372036754710807
6, 286, 0, 9223372036854775807, 0, 9223372036844765807
6, 2860, 0, 9223372036854775807, 0, 9223372036754675807
6, 2861, 0, 9223372036854775807, 0, 9223372036754640807
6, 2862, 0, 9223372036854775807, 0, 9223372036754605807
6, 2863, 0, 9223372036854775807, 0, 9223372036754570807
6, 2864, 0, 9223372036854775807, 0, 9223372036754535807
6, 2865, 0, 9223372036854775807, 0, 9223372036754500807
6, 2866, 0, 9223372036854775807, 0, 9223372036754465807
6, 2867, 0, 9223372036854775807, 0, 9223372036754430807
6, 2868, 0, 9223372036854775807, 0, 9223372036754395807
6, 2869, 0, 9223372036854775807, 0, 9223372036754360807
6, 287, 0, 9223372036854775807, 0, 9223372036844730807
6, 2870, 0, 9223372036854775807, 0, 9223372036754325807
6, 2871, 0, 9223372036854775807, 0, 9223372036754290807
6, 2872, 0, 9223372036854775807, 0, 9223372036754255807
6, 2873, 0, 9223372036854775807, 0, 9223372036754220807
6, 2874, 0, 9223372036854775807, 0, 9223372036754185807
6, 2875, 0, 9223372036854775807, 0, 9223372036754150807
6, 2876, 0, 9223372036854775807, 0, 9223372036754115807
6, 2877, 0, 9223372036854775807, 0, 9223372036754080807
6, 2878, 0, 9223372036854775807, 0, 9223372036754045807
6, 2879, 0, 9223372036854775807, 0, 9223372036754010807
6, 288, 0, 9223372036854775807, 0, 9223372036844695807
6, 2880, 0, 9223372036854775807, 0, 9223372036753975807
6, 2881, 0, 9223372036854775807, 0, 9223372036753940807
6, 2882, 0, 9223372036854775807, 0, 9223372036753905807
6, 2883, 0, 9223372036854775807, 0, 9223372036753870807
6, 2884, 0, 9223372036854775807, 0, 9223372036753835807
6, 2885, 0, 9223372036854775807, 0, 9223372036753800807
6, 2886, 0, 9223372036854775807, 0, 9223372036753765807
6, 2887, 0, 9223372036854775807, 0, 9223372036753730807
6, 2888, 0, 9223372036854775807, 0, 9223372036753695807
6, 2889, 0, 9223372036854775807, 0, 9223372036753660807
6, 289, 0, 9223372036854775807, 0, 9223372036844660807
6, 2890, 0, 9223372036854775807, 0, 9223372036753625807
6, 2891, 0, 9223372036854775807, 0, 9223372036753590807
6, 2892, 0, 9223372036854775807, 0, 9223372036753555807
6, 2893, 0, 9223372036854775807, 0, 9223372036753520807
6, 2894, 0, 9223372036854775807, 0, 9223372036753485807
6, 2895, 0, 9223372036854775807, 0, 9223372036753450807
6, 2896, 0, 9223372036854775807, 0, 9223372036753415807
6, 2897, 0, 9223372036854775807, 0, 9223372036753380807
6, 2898, 0, 9223372036854775807, 0, 9223372036753345807
6, 2899, 0, 9223372036854775807, 0, 9223372036753310807
6, 29, 0, 9223372036854775807, 0, 9223372036853760807
6, 290, 0, 9223372036854775807, 0, 9223372036844625807
6, 2900, 0, 9223372036854775807, 0, 9223372036753275807
6, 2901, 0, 9223372036854775807, 0, 9223372036753240807
6, 2902, 0, 9223372036854775807, 0, 9223372036753205807
6, 2903, 0, 9223372036854775807, 0, 9223372036753170807
6, 2904, 0, 9223372036854775807, 0, 9223372036753135807
6, 2905, 0, 9223372036854775807, 0, 9223372036753100807
6, 2906, 0, 9223372036854775807, 0, 9223372036753065807
6, 2907, 0, 9223372036854775807, 0, 9223372036753030807
6, 2908, 0, 9223372036854775807, 0, 9223372036752995807
6, 2909, 0, 9223372036854775807, 0, 9223372036752960807
6, 291, 0, 9223372036854775807, 0, 9223372036844590807
6, 2910, 0, 9223372036854775807, 0, 9223372036752925807
6, 2911, 0, 9223372036854775807, 0, 9223372036752890807
6, 2912, 0, 9223372036854775807, 0, 9223372036752855807
6, 2913, 0, 9223372036854775807, 0, 9223372036752820807
6, 2914, 0, 9223372036854775807, 0, 9223372036752785807
6, 2915, 0, 9223372036854775807, 0, 9223372036752750807
6, 2916, 0, 9223372036854775807, 0, 9223372036752715807
6, 2917, 0, 9223372036854775807, 0, 9223372036752680807
6, 2918, 0, 9223372036854775807, 0, 9223372036752645807
6, 2919, 0, 9223372036854775807, 0, 9223372036752610807
6, 292, 0, 9223372036854775807, 0, 9223372036844555807
6, 2920, 0, 9223372036854775807, 0, 9223372036752575807
6, 2921, 0, 9223372036854775807, 0, 9223372036752540807
6, 2922, 0, 9223372036854775807, 0, 9223372036752505807
6, 2923, 0, 9223372036854775807, 0, 9223372036752470807
6, 2924, 0, 9223372036854775807, 0, 9223372036752435807
6, 2925, 0, 9223372036854775807, 0, 9223372036752400807
6, 2926, 0, 9223372036854775807, 0, 9223372036752365807
6, 2927, 0, 9223372036854775807, 0, 9223372036752330807
6, 2928, 0, 9223372036854775807, 0, 9223372036752295807
6, 2929, 0, 9223372036854775807, 0, 9223372036752260807
6, 293, 0, 9223372036854775807, 0, 9223372036844520807
6, 2930, 0, 9223372036854775807, 0, 9223372036752225807
6, 2931, 0, 9223372036854775807, 0, 9223372036752190807
6, 2932, 0, 9223372036854775807, 0, 9223372036752155807
6, 2933, 0, 9223372036854775807, 0, 9223372036752120807
6, 2934, 0, 9223372036854775807, 0, 9223372036752085807
6, 2935, 0, 9223372036854775807, 0, 9223372036752050807
6, 2936, 0, 9223372036854775807, 0, 9223372036752015807
6, 2937, 0, 9223372036854775807, 0, 9223372036751980807
6, 2938, 0, 9223372036854775807, 0, 9223372036751945807
6, 2939, 0, 9223372036854775807, 0, 9223372036751910807
6, 294, 0, 9223372036854775807, 0, 9223372036844485807
6, 2940, 0, 9223372036854775807, 0, 9223372036751875807
6, 2941, 0, 9223372036854775807, 0, 9223372036751840807
6, 2942, 0, 9223372036854775807, 0, 9223372036751805807
6, 2943, 0, 9223372036854775807, 0, 9223372036751770807
6, 2944, 0, 9223372036854775807, 0, 9223372036751735807
6, 2945, 0, 9223372036854775807, 0, 9223372036751700807
6, 2946, 0, 9223372036854775807, 0, 9223372036751665807
6, 2947, 0, 9223372036854775807, 0, 9223372036751630807
6, 2948, 0, 9223372036854775807, 0, 9223372036751595807
6, 2949, 0, 9223372036854775807, 0, 9223372036751560807
6, 295, 0, 9223372036854775807, 0, 9223372036844450807
6, 2950, 0, 9223372036854775807, 0, 9223372036751525807
6, 2951, 0, 9223372036854775807, 0, 9223372036751490807
6, 2952, 0, 9223372036854775807, 0, 9223372036751455807
6, 2953, 0, 9223372036854775807, 0, 9223372036751420807
6, 2954, 0, 9223372036854775807, 0, 9223372036751385807
6, 2955, 0, 9223372036854775807, 0, 9223372036751350807
6, 2956, 0, 9223372036854775807, 0, 9223372036751315807
6, 2957, 0, 9223372036854775807, 0, 9223372036751280807
6, 2958, 0, 9223372036854775807, 0, 9223372036751245807
6, 2959, 0, 9223372036854775807, 0, 9223372036751210807
6, 296, 0, 9223372036854775807, 0, 9223372036844415807
6, 2960, 0, 9223372036854775807, 0, 9223372036751175807
6, 2961, 0, 9223372036854775807, 0, 9223372036751140807
6, 2962, 0, 9223372036854775807, 0, 9223372036751105807
6, 2963, 0, 9223372036854775807, 0, 9223372036751070807
6, 2964, 0, 9223372036854775807, 0, 9223372036751035807
6, 2965, 0, 9223372036854775807, 0, 9223372036751000807
6, 2966, 0, 9223372036854775807, 0, 9223372036750965807
6, 2967, 0, 9223372036854775807, 0, 9223372036750930807
6, 2968, 0, 9223372036854775807, 0, 9223372036750895807
6, 2969, 0, 9223372036854775807, 0, 9223372036750860807
6, 297, 0, 9223372036854775807, 0, 9223372036844380807
6, 2970, 0, 9223372036854775807, 0, 9223372036750825807
6, 2971, 0, 9223372036854775807, 0, 9223372036750790807
6, 2972, 0, 9223372036854775807, 0, 9223372036750755807
6, 2973, 0, 9223372036854775807, 0, 9223372036750720807
6, 2974, 0, 9223372036854775807, 0, 9223372036750685807
6, 2975, 0, 9223372036854775807, 0, 9223372036750650807
6, 2976, 0, 9223372036854775807, 0, 9223372036750615807
6, 2977, 0, 9223372036854775807, 0, 9223372036750580807
6, 2978, 0, 9223372036854775807, 0, 9223372036750545807
6, 2979, 0, 9223372036854775807, 0, 9223372036750510807
6, 298, 0, 9223372036854775807, 0, 9223372036844345807
6, 2980, 0, 9223372036854775807, 0, 9223372036750475807
6, 2981, 0, 9223372036854775807, 0, 9223372036750440807
6, 2982, 0, 9223372036854775807, 0, 9223372036750405807
6, 2983, 0, 9223372036854775807, 0, 9223372036750370807
6, 2984, 0, 9223372036854775807, 0, 9223372036750335807
6, 2985, 0, 9223372036854775807, 0, 9223372036750300807
6, 2986, 0, 9223372036854775807, 0, 9223372036750265807
6, 2987, 0, 9223372036854775807, 0, 9223372036750230807
6, 2988, 0, 9223372036854775807, 0, 9223372036750195807
6, 2989, 0, 9223372036854775807, 0, 9223372036750160807
6, 299, 0, 9223372036854775807, 0, 9223372036844310807
6, 2990, 0, 9223372036854775807, 0, 9223372036750125807
6, 2991, 0, 9223372036854775807, 0, 9223372036750090807
6, 2992, 0, 9223372036854775807, 0, 9223372036750055807
6, 2993, 0, 9223372036854775807, 0, 9223372036750020807
6, 2994, 0, 9223372036854775807, 0, 9223372036749985807
6, 2995, 0, 9223372036854775807, 0, 9223372036749950807
6, 2996, 0, 9223372036854775807, 0, 9223372036749915807
6, 2997, 0, 9223372036854775807, 0, 9223372036749880807
6, 2998, 0, 9223372036854775807, 0, 9223372036749845807
6, 2999, 0, 9223372036854775807, 0, 9223372036749810807
6, 3, 0, 9223372036854775807, 0, 9223372036854670807
6, 30, 0, 9223372036854775807, 0, 9223372036853725807
6, 300, 0, 9223372036854775807, 0, 9223372036844275807
6, 3000, 0, 9223372036854775807, 0, 9223372036749775807
6, 3001, 0, 9223372036854775807, 0, 9223372036749740807
6, 3002, 0, 9223372036854775807, 0, 9223372036749705807
6, 3003, 0, 9223372036854775807, 0, 9223372036749670807
6, 3004, 0, 9223372036854775807, 0, 9223372036749635807
6, 3005, 0, 9223372036854775807, 0, 9223372036749600807
6, 3006, 0, 9223372036854775807, 0, 9223372036749565807
6, 3007, 0, 9223372036854775807, 0, 9223372036749530807
6, 3008, 0, 9223372036854775807, 0, 9223372036749495807
6, 3009, 0, 9223372036854775807, 0, 9223372036749460807
6, 301, 0, 9223372036854775807, 0, 9223372036844240807
6, 3010, 0, 9223372036854775807, 0, 9223372036749425807
6, 3011, 0, 9223372036854775807, 0, 9223372036749390807
6, 3012, 0, 9223372036854775807, 0, 9223372036749355807
6, 3013, 0, 9223372036854775807, 0, 9223372036749320807
6, 3014, 0, 9223372036854775807, 0, 9223372036749285807
6, 3015, 0, 9223372036854775807, 0, 9223372036749250807
6, 3016, 0, 9223372036854775807, 0, 9223372036749215807
6, 3017, 0, 9223372036854775807, 0, 9223372036749180807
6, 3018, 0, 9223372036854775807, 0, 9223372036749145807
6, 3019, 0, 9223372036854775807, 0, 9223372036749110807
6, 302, 0, 9223372036854775807, 0, 9223372036844205807
6, 3020, 0, 9223372036854775807, 0, 9223372036749075807
6, 3021, 0, 9223372036854775807, 0, 9223372036749040807
6, 3022, 0, 9223372036854775807, 0, 9223372036749005807
6, 3023, 0, 9223372036854775807, 0, 9223372036748970807
6, 3024, 0, 9223372036854775807, 0, 9223372036748935807
6, 3025, 0, 9223372036854775807, 0, 9223372036748900807
6, 3026, 0, 9223372036854775807, 0, 9223372036748865807
6, 3027, 0, 9223372036854775807, 0, 9223372036748830807
6, 3028, 0, 9223372036854775807, 0, 9223372036748795807
6, 3029, 0, 9223372036854775807, 0, 9223372036748760807
6, 303, 0, 9223372036854775807, 0, 9223372036844170807
6, 3030, 0, 9223372036854775807, 0, 9223372036748725807
6, 3031, 0, 9223372036854775807, 0, 9223372036748690807
6, 3032, 0, 9223372036854775807, 0, 9223372036748655807
6, 3033, 0, 9223372036854775807, 0, 9223372036748620807
6, 3034, 0, 9223372036854775807, 0, 9223372036748585807
6, 3035, 0, 9223372036854775807, 0, 9223372036748550807
6, 3036, 0, 9223372036854775807, 0, 9223372036748515807
6, 3037, 0, 9223372036854775807, 0, 9223372036748480807
6, 3038, 0, 9223372036854775807, 0, 9223372036748445807
6, 3039, 0, 9223372036854775807, 0, 9223372036748410807
6, 304, 0, 9223372036854775807, 0, 9223372036844135807
6, 3040, 0, 9223372036854775807, 0, 9223372036748375807
6, 3041, 0, 9223372036854775807, 0, 9223372036748340807
6, 3042, 0, 9223372036854775807, 0, 9223372036748305807
6, 3043, 0, 9223372036854775807, 0, 9223372036748270807
6, 3044, 0, 9223372036854775807, 0, 9223372036748235807
6, 3045, 0, 9223372036854775807, 0, 9223372036748200807
6, 3046, 0, 9223372036854775807, 0, 9223372036748165807
6, 3047, 0, 9223372036854775807, 0, 9223372036748130807
6, 3048, 0, 9223372036854775807, 0, 9223372036748095807
6, 3049, 0, 9223372036854775807, 0, 9223372036748060807
6, 305, 0, 9223372036854775807, 0, 9223372036844100807
6, 3050, 0, 9223372036854775807, 0, 9223372036748025807
6, 3051, 0, 9223372036854775807, 0, 9223372036747990807
6, 3052, 0, 9223372036854775807, 0, 9223372036747955807
6, 3053, 0, 9223372036854775807, 0, 9223372036747920807
6, 3054, 0, 9223372036854775807, 0, 9223372036747885807
6, 3055, 0, 9223372036854775807, 0, 9223372036747850807
6, 3056, 0, 9223372036854775807, 0, 9223372036747815807
6, 3057, 0, 9223372036854775807, 0, 9223372036747780807
6, 3058, 0, 9223372036854775807, 0, 9223372036747745807
6, 3059, 0, 9223372036854775807, 0, 9223372036747710807
6, 306, 0, 9223372036854775807, 0, 9223372036844065807
6, 3060, 0, 9223372036854775807, 0, 9223372036747675807
6, 3061, 0, 9223372036854775807, 0, 9223372036747640807
6, 3062, 0, 9223372036854775807, 0, 9223372036747605807
6, 3063, 0, 9223372036854775807, 0, 9223372036747570807
6, 3064, 0, 9223372036854775807, 0, 9223372036747535807
6, 3065, 0, 9223372036854775807, 0, 9223372036747500807
6, 3066, 0, 9223372036854775807, 0, 9223372036747465807
6, 3067, 0, 9223372036854775807, 0, 9223372036747430807
6, 3068, 0, 9223372036854775807, 0, 9223372036747395807
6, 3069, 0, 9223372036854775807, 0, 9223372036747360807
6, 307, 0, 9223372036854775807, 0, 9223372036844030807
6, 3070, 0, 9223372036854775807, 0, 9223372036747325807
6, 3071, 0, 9223372036854775807, 0, 9223372036747290807
6, 3072, 0, 9223372036854775807, 0, 9223372036747255807
6, 3073, 0, 9223372036854775807, 0, 9223372036747220807
6, 3074, 0, 9223372036854775807, 0, 9223372036747185807
6, 3075, 0, 9223372036854775807, 0, 9223372036747150807
6, 3076, 0, 9223372036854775807, 0, 9223372036747115807
6, 3077, 0, 9223372036854775807, 0, 9223372036747080807
6, 3078, 0, 9223372036854775807, 0, 9223372036747045807
6, 3079, 0, 9223372036854775807, 0, 9223372036747010807
6, 308, 0, 9223372036854775807, 0, 9223372036843995807
6, 3080, 0, 9223372036854775807, 0, 9223372036746975807
6, 3081, 0, 9223372036854775807, 0, 9223372036746940807
6, 3082, 0, 9223372036854775807, 0, 9223372036746905807
6, 3083, 0, 9223372036854775807, 0, 9223372036746870807
6, 3084, 0, 9223372036854775807, 0, 9223372036746835807
6, 3085, 0, 9223372036854775807, 0, 9223372036746800807
6, 3086, 0, 9223372036854775807, 0, 9223372036746765807
6, 3087, 0, 9223372036854775807, 0, 9223372036746730807
6, 3088, 0, 9223372036854775807, 0, 9223372036746695807
6, 3089, 0, 9223372036854775807, 0, 9223372036746660807
6, 309, 0, 9223372036854775807, 0, 9223372036843960807
6, 3090, 0, 9223372036854775807, 0, 9223372036746625807
6, 3091, 0, 9223372036854775807, 0, 9223372036746590807
6, 3092, 0, 9223372036854775807, 0, 9223372036746555807
6, 3093, 0, 9223372036854775807, 0, 9223372036746520807
6, 3094, 0, 9223372036854775807, 0, 9223372036746485807
6, 3095, 0, 9223372036854775807, 0, 9223372036746450807
6, 3096, 0, 9223372036854775807, 0, 9223372036746415807
6, 3097, 0, 9223372036854775807, 0, 9223372036746380807
6, 3098, 0, 9223372036854775807, 0, 9223372036746345807
6, 3099, 0, 9223372036854775807, 0, 9223372036746310807
6, 31, 0, 9223372036854775807, 0, 9223372036853690807
6, 310, 0, 9223372036854775807, 0, 9223372036843925807
6, 3100, 0, 9223372036854775807, 0, 9223372036746275807
6, 3101, 0, 9223372036854775807, 0, 9223372036746240807
6, 3102, 0, 9223372036854775807, 0, 9223372036746205807
6, 3103, 0, 9223372036854775807, 0, 9223372036746170807
6, 3104, 0, 9223372036854775807, 0, 9223372036746135807
6, 3105, 0, 9223372036854775807, 0, 9223372036746100807
6, 3106, 0, 9223372036854775807, 0, 9223372036746065807
6, 3107, 0, 9223372036854775807, 0, 9223372036746030807
6, 3108, 0, 9223372036854775807, 0, 9223372036745995807
6, 3109, 0, 9223372036854775807, 0, 9223372036745960807
6, 311, 0, 9223372036854775807, 0, 9223372036843890807
6, 3110, 0, 9223372036854775807, 0, 9223372036745925807
6, 3111, 0, 9223372036854775807, 0, 9223372036745890807
6, 3112, 0, 9223372036854775807, 0, 9223372036745855807
6, 3113, 0, 9223372036854775807, 0, 9223372036745820807
6, 3114, 0, 9223372036854775807, 0, 9223372036745785807
6, 3115, 0, 9223372036854775807, 0, 9223372036745750807
6, 3116, 0, 9223372036854775807, 0, 9223372036745715807
6, 3117, 0, 9223372036854775807, 0, 9223372036745680807
6, 3118, 0, 9223372036854775807, 0, 9223372036745645807
6, 3119, 0, 9223372036854775807, 0, 9223372036745610807
6, 312, 0, 9223372036854775807, 0, 9223372036843855807
6, 3120, 0, 9223372036854775807, 0, 9223372036745575807
6, 3121, 0, 9223372036854775807, 0, 9223372036745540807
6, 3122, 0, 9223372036854775807, 0, 9223372036745505807
6, 3123, 0, 9223372036854775807, 0, 9223372036745470807
6, 3124, 0, 9223372036854775807, 0, 9223372036745435807
6, 3125, 0, 9223372036854775807, 0, 9223372036745400807
6, 3126, 0, 9223372036854775807, 0, 9223372036745365807
6, 3127, 0, 9223372036854775807, 0, 9223372036745330807
6, 3128, 0, 9223372036854775807, 0, 9223372036745295807
6, 3129, 0, 9223372036854775807, 0, 9223372036745260807
6, 313, 0, 9223372036854775807, 0, 9223372036843820807
6, 3130, 0, 9223372036854775807, 0, 9223372036745225807
6, 3131, 0, 9223372036854775807, 0, 9223372036745190807
6, 3132, 0, 9223372036854775807, 0, 9223372036745155807
6, 3133, 0, 9223372036854775807, 0, 9223372036745120807
6, 3134, 0, 9223372036854775807, 0, 9223372036745085807
6, 3135, 0, 9223372036854775807, 0, 9223372036745050807
6, 3136, 0, 9223372036854775807, 0, 9223372036745015807
6, 3137, 0, 9223372036854775807, 0, 9223372036744980807
6, 3138, 0, 9223372036854775807, 0, 9223372036744945807
6, 3139, 0, 9223372036854775807, 0, 9223372036744910807
6, 314, 0, 9223372036854775807, 0, 9223372036843785807
6, 3140, 0, 9223372036854775807, 0, 9223372036744875807
6, 3141, 0, 9223372036854775807, 0, 9223372036744840807
6, 3142, 0, 9223372036854775807, 0, 9223372036744805807
6, 3143, 0, 9223372036854775807, 0, 9223372036744770807
6, 3144, 0, 9223372036854775807, 0, 9223372036744735807
6, 3145, 0, 9223372036854775807, 0, 9223372036744700807
6, 3146, 0, 9223372036854775807, 0, 9223372036744665807
6, 3147, 0, 9223372036854775807, 0, 9223372036744630807
6, 3148, 0, 9223372036854775807, 0, 9223372036744595807
6, 3149, 0, 9223372036854775807, 0, 9223372036744560807
6, 315, 0, 9223372036854775807, 0, 9223372036843750807
6, 3150, 0, 9223372036854775807, 0, 9223372036744525807
6, 3151, 0, 9223372036854775807, 0, 9223372036744490807
6, 3152, 0, 9223372036854775807, 0, 9223372036744455807
6, 3153, 0, 9223372036854775807, 0, 9223372036744420807
6, 3154, 0, 9223372036854775807, 0, 9223372036744385807
6, 3155, 0, 9223372036854775807, 0, 9223372036744350807
6, 3156, 0, 9223372036854775807, 0, 9223372036744315807
6, 3157, 0, 9223372036854775807, 0, 9223372036744280807
6, 3158, 0, 9223372036854775807, 0, 9223372036744245807
6, 3159, 0, 9223372036854775807, 0, 9223372036744210807
6, 316, 0, 9223372036854775807, 0, 9223372036843715807
6, 3160, 0, 9223372036854775807, 0, 9223372036744175807
6, 3161, 0, 9223372036854775807, 0, 9223372036744140807
6, 3162, 0, 9223372036854775807, 0, 9223372036744105807
6, 3163, 0, 9223372036854775807, 0, 9223372036744070807
6, 3164, 0, 9223372036854775807, 0, 9223372036744035807
6, 3165, 0, 9223372036854775807, 0, 9223372036744000807
6, 3166, 0, 9223372036854775807, 0, 9223372036743965807
6, 3167, 0, 9223372036854775807, 0, 9223372036743930807
6, 3168, 0, 9223372036854775807, 0, 9223372036743895807
6, 3169, 0, 9223372036854775807, 0, 9223372036743860807
6, 317, 0, 9223372036854775807, 0, 9223372036843680807
6, 3170, 0, 9223372036854775807, 0, 9223372036743825807
6, 3171, 0, 9223372036854775807, 0, 9223372036743790807
6, 3172, 0, 9223372036854775807, 0, 9223372036743755807
6, 3173, 0, 9223372036854775807, 0, 9223372036743720807
6, 3174, 0, 9223372036854775807, 0, 9223372036743685807
6, 3175, 0, 9223372036854775807, 0, 9223372036743650807
6, 3176, 0, 9223372036854775807, 0, 9223372036743615807
6, 3177, 0, 9223372036854775807, 0, 9223372036743580807
6, 3178, 0, 9223372036854775807, 0, 9223372036743545807
6, 3179, 0, 9223372036854775807, 0, 9223372036743510807
6, 318, 0, 9223372036854775807, 0, 9223372036843645807
6, 3180, 0, 9223372036854775807, 0, 9223372036743475807
6, 3181, 0, 9223372036854775807, 0, 9223372036743440807
6, 3182, 0, 9223372036854775807, 0, 9223372036743405807
6, 3183, 0, 9223372036854775807, 0, 9223372036743370807
6, 3184, 0, 9223372036854775807, 0, 9223372036743335807
6, 3185, 0, 9223372036854775807, 0, 9223372036743300807
6, 3186, 0, 9223372036854775807, 0, 9223372036743265807
6, 3187, 0, 9223372036854775807, 0, 9223372036743230807
6, 3188, 0, 9223372036854775807, 0, 9223372036743195807
6, 3189, 0, 9223372036854775807, 0, 9223372036743160807
6, 319, 0, 9223372036854775807, 0, 9223372036843610807
6, 3190, 0, 9223372036854775807, 0, 9223372036743125807
6, 3191, 0, 9223372036854775807, 0, 9223372036743090807
6, 3192, 0, 9223372036854775807, 0, 9223372036743055807
6, 3193, 0, 9223372036854775807, 0, 9223372036743020807
6, 3194, 0, 9223372036854775807, 0, 9223372036742985807
6, 3195, 0, 9223372036854775807, 0, 9223372036742950807
6, 3196, 0, 9223372036854775807, 0, 9223372036742915807
6, 3197, 0, 9223372036854775807, 0, 9223372036742880807
6, 3198, 0, 9223372036854775807, 0, 9223372036742845807
6, 3199, 0, 9223372036854775807, 0, 9223372036742810807
6, 32, 0, 9223372036854775807, 0, 9223372036853655807
6, 320, 0, 9223372036854775807, 0, 9223372036843575807
6, 3200, 0, 9223372036854775807, 0, 9223372036742775807
6, 3201, 0, 9223372036854775807, 0, 9223372036742740807
6, 3202, 0, 9223372036854775807, 0, 9223372036742705807
6, 3203, 0, 9223372036854775807, 0, 9223372036742670807
6, 3204, 0, 9223372036854775807, 0, 9223372036742635807
6, 3205, 0, 9223372036854775807, 0, 9223372036742600807
6, 3206, 0, 9223372036854775807, 0, 9223372036742565807
6, 3207, 0, 9223372036854775807, 0, 9223372036742530807
6, 3208, 0, 9223372036854775807, 0, 9223372036742495807
6, 3209, 0, 9223372036854775807, 0, 9223372036742460807
6, 321, 0, 9223372036854775807, 0, 9223372036843540807
6, 3210, 0, 9223372036854775807, 0, 9223372036742425807
6, 3211, 0, 9223372036854775807, 0, 9223372036742390807
6, 3212, 0, 9223372036854775807, 0, 9223372036742355807
6, 3213, 0, 9223372036854775807, 0, 9223372036742320807
6, 3214, 0, 9223372036854775807, 0, 9223372036742285807
6, 3215, 0, 9223372036854775807, 0, 9223372036742250807
6, 3216, 0, 9223372036854775807, 0, 9223372036742215807
6, 3217, 0, 9223372036854775807, 0, 9223372036742180807
6, 3218, 0, 9223372036854775807, 0, 9223372036742145807
6, 3219, 0, 9223372036854775807, 0, 9223372036742110807
6, 322, 0, 9223372036854775807, 0, 9223372036843505807
6, 3220, 0, 9223372036854775807, 0, 9223372036742075807
6, 3221, 0, 9223372036854775807, 0, 9223372036742040807
6, 3222, 0, 9223372036854775807, 0, 9223372036742005807
6, 3223, 0, 9223372036854775807, 0, 9223372036741970807
6, 3224, 0, 9223372036854775807, 0, 9223372036741935807
6, 3225, 0, 9223372036854775807, 0, 9223372036741900807
6, 3226, 0, 9223372036854775807, 0, 9223372036741865807
6, 3227, 0, 9223372036854775807, 0, 9223372036741830807
6, 3228, 0, 9223372036854775807, 0, 9223372036741795807
6, 3229, 0, 9223372036854775807, 0, 9223372036741760807
6, 323, 0, 9223372036854775807, 0, 9223372036843470807
6, 3230, 0, 9223372036854775807, 0, 9223372036741725807
6, 3231, 0, 9223372036854775807, 0, 9223372036741690807
6, 3232, 0, 9223372036854775807, 0, 9223372036741655807
6, 3233, 0, 9223372036854775807, 0, 9223372036741620807
6, 3234, 0, 9223372036854775807, 0, 9223372036741585807
6, 3235, 0, 9223372036854775807, 0, 9223372036741550807
6, 3236, 0, 9223372036854775807, 0, 9223372036741515807
6, 3237, 0, 9223372036854775807, 0, 9223372036741480807
6, 3238, 0, 9223372036854775807, 0, 9223372036741445807
6, 3239, 0, 9223372036854775807, 0, 9223372036741410807
6, 324, 0, 9223372036854775807, 0, 9223372036843435807
6, 3240, 0, 9223372036854775807, 0, 9223372036741375807
6, 3241, 0, 9223372036854775807, 0, 9223372036741340807
6, 3242, 0, 9223372036854775807, 0, 9223372036741305807
6, 3243, 0, 9223372036854775807, 0, 9223372036741270807
6, 3244, 0, 9223372036854775807, 0, 9223372036741235807
6, 3245, 0, 9223372036854775807, 0, 9223372036741200807
6, 3246, 0, 9223372036854775807, 0, 9223372036741165807
6, 3247, 0, 9223372036854775807, 0, 9223372036741130807
6, 3248, 0, 9223372036854775807, 0, 9223372036741095807
6, 3249, 0, 9223372036854775807, 0, 9223372036741060807
6, 325, 0, 9223372036854775807, 0, 9223372036843400807
6, 3250, 0, 9223372036854775807, 0, 9223372036741025807
6, 3251, 0, 9223372036854775807, 0, 9223372036740990807
6, 3252, 0, 9223372036854775807, 0, 9223372036740955807
6, 3253, 0, 9223372036854775807, 0, 9223372036740920807
6, 3254, 0, 9223372036854775807, 0, 9223372036740885807
6, 3255, 0, 9223372036854775807, 0, 9223372036740850807
6, 3256, 0, 9223372036854775807, 0, 9223372036740815807
6, 3257, 0, 9223372036854775807, 0, 9223372036740780807
6, 3258, 0, 9223372036854775807, 0, 9223372036740745807
6, 3259, 0, 9223372036854775807, 0, 9223372036740710807
6, 326, 0, 9223372036854775807, 0, 9223372036843365807
6, 3260, 0, 9223372036854775807, 0, 9223372036740675807
6, 3261, 0, 9223372036854775807, 0, 9223372036740640807
6, 3262, 0, 9223372036854775807, 0, 9223372036740605807
6, 3263, 0, 9223372036854775807, 0, 9223372036740570807
6, 3264, 0, 9223372036854775807, 0, 9223372036740535807
6, 3265, 0, 9223372036854775807, 0, 9223372036740500807
6, 3266, 0, 9223372036854775807, 0, 9223372036740465807
6, 3267, 0, 9223372036854775807, 0, 9223372036740430807
6, 3268, 0, 9223372036854775807, 0, 9223372036740395807
6, 3269, 0, 9223372036854775807, 0, 9223372036740360807
6, 327, 0, 9223372036854775807, 0, 9223372036843330807
6, 3270, 0, 9223372036854775807, 0, 9223372036740325807
6, 3271, 0, 9223372036854775807, 0, 9223372036740290807
6, 3272, 0, 9223372036854775807, 0, 9223372036740255807
6, 3273, 0, 9223372036854775807, 0, 9223372036740220807
6, 3274, 0, 9223372036854775807, 0, 9223372036740185807
6, 3275, 0, 9223372036854775807, 0, 9223372036740150807
6, 3276, 0, 9223372036854775807, 0, 9223372036740115807
6, 3277, 0, 9223372036854775807, 0, 9223372036740080807
6, 3278, 0, 9223372036854775807, 0, 9223372036740045807
6, 3279, 0, 9223372036854775807, 0, 9223372036740010807
6, 328, 0, 9223372036854775807, 0, 9223372036843295807
6, 3280, 0, 9223372036854775807, 0, 9223372036739975807
6, 3281, 0, 9223372036854775807, 0, 9223372036739940807
6, 3282, 0, 9223372036854775807, 0, 9223372036739905807
6, 3283, 0, 9223372036854775807, 0, 9223372036739870807
6, 3284, 0, 9223372036854775807, 0, 9223372036739835807
6, 3285, 0, 9223372036854775807, 0, 9223372036739800807
6, 3286, 0, 9223372036854775807, 0, 9223372036739765807
6, 3287, 0, 9223372036854775807, 0, 9223372036739730807
6, 3288, 0, 9223372036854775807, 0, 9223372036739695807
6, 3289, 0, 9223372036854775807, 0, 9223372036739660807
6, 329, 0, 9223372036854775807, 0, 9223372036843260807
6, 3290, 0, 9223372036854775807, 0, 9223372036739625807
6, 3291, 0, 9223372036854775807, 0, 9223372036739590807
6, 3292, 0, 9223372036854775807, 0, 9223372036739555807
6, 3293, 0, 9223372036854775807, 0, 9223372036739520807
6, 3294, 0, 9223372036854775807, 0, 9223372036739485807
6, 3295, 0, 9223372036854775807, 0, 9223372036739450807
6, 3296, 0, 9223372036854775807, 0, 9223372036739415807
6, 3297, 0, 9223372036854775807, 0, 9223372036739380807
6, 3298, 0, 9223372036854775807, 0, 9223372036739345807
6, 3299, 0, 9223372036854775807, 0, 9223372036739310807
6, 33, 0, 9223372036854775807, 0, 9223372036853620807
6, 330, 0, 9223372036854775807, 0, 9223372036843225807
6, 3300, 0, 9223372036854775807, 0, 9223372036739275807
6, 3301, 0, 9223372036854775807, 0, 9223372036739240807
6, 3302, 0, 9223372036854775807, 0, 9223372036739205807
6, 3303, 0, 9223372036854775807, 0, 9223372036739170807
6, 3304, 0, 9223372036854775807, 0, 9223372036739135807
6, 3305, 0, 9223372036854775807, 0, 9223372036739100807
6, 3306, 0, 9223372036854775807, 0, 9223372036739065807
6, 3307, 0, 9223372036854775807, 0, 9223372036739030807
6, 3308, 0, 9223372036854775807, 0, 9223372036738995807
6, 3309, 0, 9223372036854775807, 0, 9223372036738960807
6, 331, 0, 9223372036854775807, 0, 9223372036843190807
6, 3310, 0, 9223372036854775807, 0, 9223372036738925807
6, 3311, 0, 9223372036854775807, 0, 9223372036738890807
6, 3312, 0, 9223372036854775807, 0, 9223372036738855807
6, 3313, 0, 9223372036854775807, 0, 9223372036738820807
6, 3314, 0, 9223372036854775807, 0, 9223372036738785807
6, 3315, 0, 9223372036854775807, 0, 9223372036738750807
6, 3316, 0, 9223372036854775807, 0, 9223372036738715807
6, 3317, 0, 9223372036854775807, 0, 9223372036738680807
6, 3318, 0, 9223372036854775807, 0, 9223372036738645807
6, 3319, 0, 9223372036854775807, 0, 9223372036738610807
6, 332, 0, 9223372036854775807, 0, 9223372036843155807
6, 3320, 0, 9223372036854775807, 0, 9223372036738575807
6, 3321, 0, 9223372036854775807, 0, 9223372036738540807
6, 3322, 0, 9223372036854775807, 0, 9223372036738505807
6, 3323, 0, 9223372036854775807, 0, 9223372036738470807
6, 3324, 0, 9223372036854775807, 0, 9223372036738435807
6, 3325, 0, 9223372036854775807, 0, 9223372036738400807
6, 3326, 0, 9223372036854775807, 0, 9223372036738365807
6, 3327, 0, 9223372036854775807, 0, 9223372036738330807
6, 3328, 0, 9223372036854775807, 0, 9223372036738295807
6, 3329, 0, 9223372036854775807, 0, 9223372036738260807
6, 333, 0, 9223372036854775807, 0, 9223372036843120807
6, 3330, 0, 9223372036854775807, 0, 9223372036738225807
6, 3331, 0, 9223372036854775807, 0, 9223372036738190807
6, 3332, 0, 9223372036854775807, 0, 9223372036738155807
6, 3333, 0, 9223372036854775807, 0, 9223372036738120807
6, 3334, 0, 9223372036854775807, 0, 9223372036738085807
6, 3335, 0, 9223372036854775807, 0, 9223372036738050807
6, 3336, 0, 9223372036854775807, 0, 9223372036738015807
6, 3337, 0, 9223372036854775807, 0, 9223372036737980807
6, 3338, 0, 9223372036854775807, 0, 9223372036737945807
6, 3339, 0, 9223372036854775807, 0, 9223372036737910807
6, 334, 0, 9223372036854775807, 0, 9223372036843085807
6, 3340, 0, 9223372036854775807, 0, 9223372036737875807
6, 3341, 0, 9223372036854775807, 0, 9223372036737840807
6, 3342, 0, 9223372036854775807, 0, 9223372036737805807
6, 3343, 0, 9223372036854775807, 0, 9223372036737770807
6, 3344, 0, 9223372036854775807, 0, 9223372036737735807
6, 3345, 0, 9223372036854775807, 0, 9223372036737700807
6, 3346, 0, 9223372036854775807, 0, 9223372036737665807
6, 3347, 0, 9223372036854775807, 0, 9223372036737630807
6, 3348, 0, 9223372036854775807, 0, 9223372036737595807
6, 3349, 0, 9223372036854775807, 0, 9223372036737560807
6, 335, 0, 9223372036854775807, 0, 9223372036843050807
6, 3350, 0, 9223372036854775807, 0, 9223372036737525807
6, 3351, 0, 9223372036854775807, 0, 9223372036737490807
6, 3352, 0, 9223372036854775807, 0, 9223372036737455807
6, 3353, 0, 9223372036854775807, 0, 9223372036737420807
6, 3354, 0, 9223372036854775807, 0, 9223372036737385807
6, 3355, 0, 9223372036854775807, 0, 9223372036737350807
6, 3356, 0, 9223372036854775807, 0, 9223372036737315807
6, 3357, 0, 9223372036854775807, 0, 9223372036737280807
6, 3358, 0, 9223372036854775807, 0, 9223372036737245807
6, 3359, 0, 9223372036854775807, 0, 9223372036737210807
6, 336, 0, 9223372036854775807, 0, 9223372036843015807
6, 3360, 0, 9223372036854775807, 0, 9223372036737175807
6, 3361, 0, 9223372036854775807, 0, 9223372036737140807
6, 3362, 0, 9223372036854775807, 0, 9223372036737105807
6, 3363, 0, 9223372036854775807, 0, 9223372036737070807
6, 3364, 0, 9223372036854775807, 0, 9223372036737035807
6, 3365, 0, 9223372036854775807, 0, 9223372036737000807
6, 337, 0, 9223372036854775807, 0, 9223372036842980807
6, 338, 0, 9223372036854775807, 0, 9223372036842945807
6, 339, 0, 9223372036854775807, 0, 9223372036842910807
6, 34, 0, 9223372036854775807, 0, 9223372036853585807
6, 340, 0, 9223372036854775807, 0, 9223372036842875807
6, 341, 0, 9223372036854775807, 0, 9223372036842840807
6, 342, 0, 9223372036854775807, 0, 9223372036842805807
6, 343, 0, 9223372036854775807, 0, 9223372036842770807
6, 344, 0, 9223372036854775807, 0, 9223372036842735807
6, 345, 0, 9223372036854775807, 0, 9223372036842700807
6, 346, 0, 9223372036854775807, 0, 9223372036842665807
6, 347, 0, 9223372036854775807, 0, 9223372036842630807
6, 348, 0, 9223372036854775807, 0, 9223372036842595807
6, 349, 0, 9223372036854775807, 0, 9223372036842560807
6, 35, 0, 9223372036854775807, 0, 9223372036853550807
6, 350, 0, 9223372036854775807, 0, 9223372036842525807
6, 351, 0, 9223372036854775807, 0, 9223372036842490807
6, 352, 0, 9223372036854775807, 0, 9223372036842455807
6, 353, 0, 9223372036854775807, 0, 9223372036842420807
6, 354, 0, 9223372036854775807, 0, 9223372036842385807
6, 355, 0, 9223372036854775807, 0, 9223372036842350807
6, 356, 0, 9223372036854775807, 0, 9223372036842315807
6, 357, 0, 9223372036854775807, 0, 9223372036842280807
6, 358, 0, 9223372036854775807, 0, 9223372036842245807
6, 359, 0, 9223372036854775807, 0, 9223372036842210807
6, 36, 0, 9223372036854775807, 0, 9223372036853515807
6, 360, 0, 9223372036854775807, 0, 9223372036842175807
6, 361, 0, 9223372036854775807, 0, 9223372036842140807
6, 362, 0, 9223372036854775807, 0, 9223372036842105807
6, 363, 0, 9223372036854775807, 0, 9223372036842070807
6, 364, 0, 9223372036854775807, 0, 9223372036842035807
6, 365, 0, 9223372036854775807, 0, 9223372036842000807
6, 366, 0, 9223372036854775807, 0, 9223372036841965807
6, 367, 0, 9223372036854775807, 0, 9223372036841930807
6, 368, 0, 9223372036854775807, 0, 9223372036841895807
6, 369, 0, 9223372036854775807, 0, 9223372036841860807
6, 37, 0, 9223372036854775807, 0, 9223372036853480807
6, 370, 0, 9223372036854775807, 0, 9223372036841825807
6, 371, 0, 9223372036854775807, 0, 9223372036841790807
6, 372, 0, 9223372036854775807, 0, 9223372036841755807
6, 373, 0, 9223372036854775807, 0, 9223372036841720807
6, 374, 0, 9223372036854775807, 0, 9223372036841685807
6, 375, 0, 9223372036854775807, 0, 9223372036841650807
6, 376, 0, 9223372036854775807, 0, 9223372036841615807
6, 377, 0, 9223372036854775807, 0, 9223372036841580807
6, 378, 0, 9223372036854775807, 0, 9223372036841545807
6, 379, 0, 9223372036854775807, 0, 9223372036841510807
6, 38, 0, 9223372036854775807, 0, 9223372036853445807
6, 380, 0, 9223372036854775807, 0, 9223372036841475807
6, 381, 0, 9223372036854775807, 0, 9223372036841440807
6, 382, 0, 9223372036854775807, 0, 9223372036841405807
6, 383, 0, 9223372036854775807, 0, 9223372036841370807
6, 384, 0, 9223372036854775807, 0, 9223372036841335807
6, 385, 0, 9223372036854775807, 0, 9223372036841300807
6, 386, 0, 9223372036854775807, 0, 9223372036841265807
6, 387, 0, 9223372036854775807, 0, 9223372036841230807
6, 388, 0, 9223372036854775807, 0, 9223372036841195807
6, 389, 0, 9223372036854775807, 0, 9223372036841160807
6, 39, 0, 9223372036854775807, 0, 9223372036853410807
6, 390, 0, 9223372036854775807, 0, 9223372036841125807
6, 391, 0, 9223372036854775807, 0, 9223372036841090807
6, 392, 0, 9223372036854775807, 0, 9223372036841055807
6, 393, 0, 9223372036854775807, 0, 9223372036841020807
6, 394, 0, 9223372036854775807, 0, 9223372036840985807
6, 395, 0, 9223372036854775807, 0, 9223372036840950807
6, 396, 0, 9223372036854775807, 0, 9223372036840915807
6, 397, 0, 9223372036854775807, 0, 9223372036840880807
6, 398, 0, 9223372036854775807, 0, 9223372036840845807
6, 399, 0, 9223372036854775807, 0, 9223372036840810807
6, 4, 0, 9223372036854775807, 0, 9223372036854635807
6, 40, 0, 9223372036854775807, 0, 9223372036853375807
6, 400, 0, 9223372036854775807, 0, 9223372036840775807
6, 401, 0, 9223372036854775807, 0, 9223372036840740807
6, 402, 0, 9223372036854775807, 0, 9223372036840705807
6, 403, 0, 9223372036854775807, 0, 9223372036840670807
6, 404, 0, 9223372036854775807, 0, 9223372036840635807
6, 405, 0, 9223372036854775807, 0, 9223372036840600807
6, 406, 0, 9223372036854775807, 0, 9223372036840565807
6, 407, 0, 9223372036854775807, 0, 9223372036840530807
6, 408, 0, 9223372036854775807, 0, 9223372036840495807
6, 409, 0, 9223372036854775807, 0, 9223372036840460807
6, 41, 0, 9223372036854775807, 0, 9223372036853340807
6, 410, 0, 9223372036854775807, 0, 9223372036840425807
6, 411, 0, 9223372036854775807, 0, 9223372036840390807
6, 412, 0, 9223372036854775807, 0, 9223372036840355807
6, 413, 0, 9223372036854775807, 0, 9223372036840320807
6, 414, 0, 9223372036854775807, 0, 9223372036840285807
6, 415, 0, 9223372036854775807, 0, 9223372036840250807
6, 416, 0, 9223372036854775807, 0, 9223372036840215807
6, 417, 0, 9223372036854775807, 0, 9223372036840180807
6, 418, 0, 9223372036854775807, 0, 9223372036840145807
6, 419, 0, 9223372036854775807, 0, 9223372036840110807
6, 42, 0, 9223372036854775807, 0, 9223372036853305807
6, 420, 0, 9223372036854775807, 0, 9223372036840075807
6, 421, 0, 9223372036854775807, 0, 9223372036840040807
6, 422, 0, 9223372036854775807, 0, 9223372036840005807
6, 423, 0, 9223372036854775807, 0, 9223372036839970807
6, 424, 0, 9223372036854775807, 0, 9223372036839935807
6, 425, 0, 9223372036854775807, 0, 9223372036839900807
6, 426, 0, 9223372036854775807, 0, 9223372036839865807
6, 427, 0, 9223372036854775807, 0, 9223372036839830807
6, 428, 0, 9223372036854775807, 0, 9223372036839795807
6, 429, 0, 9223372036854775807, 0, 9223372036839760807
6, 43, 0, 9223372036854775807, 0, 9223372036853270807
6, 430, 0, 9223372036854775807, 0, 9223372036839725807
6, 431, 0, 9223372036854775807, 0, 9223372036839690807
6, 432, 0, 9223372036854775807, 0, 9223372036839655807
6, 433, 0, 9223372036854775807, 0, 9223372036839620807
6, 434, 0, 9223372036854775807, 0, 9223372036839585807
6, 435, 0, 9223372036854775807, 0, 9223372036839550807
6, 436, 0, 9223372036854775807, 0, 9223372036839515807
6, 437, 0, 9223372036854775807, 0, 9223372036839480807
6, 438, 0, 9223372036854775807, 0, 9223372036839445807
6, 439, 0, 9223372036854775807, 0, 9223372036839410807
6, 44, 0, 9223372036854775807, 0, 9223372036853235807
6, 440, 0, 9223372036854775807, 0, 9223372036839375807
6, 441, 0, 9223372036854775807, 0, 9223372036839340807
6, 442, 0, 9223372036854775807, 0, 9223372036839305807
6, 443, 0, 9223372036854775807, 0, 9223372036839270807
6, 444, 0, 9223372036854775807, 0, 9223372036839235807
6, 445, 0, 9223372036854775807, 0, 9223372036839200807
6, 446, 0, 9223372036854775807, 0, 9223372036839165807
6, 447, 0, 9223372036854775807, 0, 9223372036839130807
6, 448, 0, 9223372036854775807, 0, 9223372036839095807
6, 449, 0, 9223372036854775807, 0, 9223372036839060807
6, 45, 0, 9223372036854775807, 0, 9223372036853200807
6, 450, 0, 9223372036854775807, 0, 9223372036839025807
6, 451, 0, 9223372036854775807, 0, 9223372036838990807
6, 452, 0, 9223372036854775807, 0, 9223372036838955807
6, 453, 0, 9223372036854775807, 0, 9223372036838920807
6, 454, 0, 9223372036854775807, 0, 9223372036838885807
6, 455, 0, 9223372036854775807, 0, 9223372036838850807
6, 456, 0, 9223372036854775807, 0, 9223372036838815807
6, 457, 0, 9223372036854775807, 0, 9223372036838780807
6, 458, 0, 9223372036854775807, 0, 9223372036838745807
6, 459, 0, 9223372036854775807, 0, 9223372036838710807
6, 46, 0, 9223372036854775807, 0, 9223372036853165807
6, 460, 0, 9223372036854775807, 0, 9223372036838675807
6, 461, 0, 9223372036854775807, 0, 9223372036838640807
6, 462, 0, 9223372036854775807, 0, 9223372036838605807
6, 463, 0, 9223372036854775807, 0, 9223372036838570807
6, 464, 0, 9223372036854775807, 0, 9223372036838535807
6, 465, 0, 9223372036854775807, 0, 9223372036838500807
6, 466, 0, 9223372036854775807, 0, 9223372036838465807
6, 467, 0, 9223372036854775807, 0, 9223372036838430807
6, 468, 0, 9223372036854775807, 0, 9223372036838395807
6, 469, 0, 9223372036854775807, 0, 9223372036838360807
6, 47, 0, 9223372036854775807, 0, 9223372036853130807
6, 470, 0, 9223372036854775807, 0, 9223372036838325807
6, 471, 0, 9223372036854775807, 0, 9223372036838290807
6, 472, 0, 9223372036854775807, 0, 9223372036838255807
6, 473, 0, 9223372036854775807, 0, 9223372036838220807
6, 474, 0, 9223372036854775807, 0, 9223372036838185807
6, 475, 0, 9223372036854775807, 0, 9223372036838150807
6, 476, 0, 9223372036854775807, 0, 9223372036838115807
6, 477, 0, 9223372036854775807, 0, 9223372036838080807
6, 478, 0, 9223372036854775807, 0, 9223372036838045807
6, 479, 0, 9223372036854775807, 0, 9223372036838010807
6, 48, 0, 9223372036854775807, 0, 9223372036853095807
6, 480, 0, 9223372036854775807, 0, 9223372036837975807
6, 481, 0, 9223372036854775807, 0, 9223372036837940807
6, 482, 0, 9223372036854775807, 0, 9223372036837905807
6, 483, 0, 9223372036854775807, 0, 9223372036837870807
6, 484, 0, 9223372036854775807, 0, 9223372036837835807
6, 485, 0, 9223372036854775807, 0, 9223372036837800807
6, 486, 0, 9223372036854775807, 0, 9223372036837765807
6, 487, 0, 9223372036854775807, 0, 9223372036837730807
6, 488, 0, 9223372036854775807, 0, 9223372036837695807
6, 489, 0, 9223372036854775807, 0, 9223372036837660807
6, 49, 0, 9223372036854775807, 0, 9223372036853060807
6, 490, 0, 9223372036854775807, 0, 9223372036837625807
6, 491, 0, 9223372036854775807, 0, 9223372036837590807
6, 492, 0, 9223372036854775807, 0, 9223372036837555807
6, 493, 0, 9223372036854775807, 0, 9223372036837520807
6, 494, 0, 9223372036854775807, 0, 9223372036837485807
6, 495, 0, 9223372036854775807, 0, 9223372036837450807
6, 496, 0, 9223372036854775807, 0, 9223372036837415807
6, 497, 0, 9223372036854775807, 0, 9223372036837380807
6, 498, 0, 9223372036854775807, 0, 9223372036837345807
6, 499, 0, 9223372036854775807, 0, 9223372036837310807
6, 5, 0, 9223372036854775807, 0, 9223372036854600807
6, 50, 0, 9223372036854775807, 0, 9223372036853025807
6, 500, 0, 9223372036854775807, 0, 9223372036837275807
6, 501, 0, 9223372036854775807, 0, 9223372036837240807
6, 502, 0, 9223372036854775807, 0, 9223372036837205807
6, 503, 0, 9223372036854775807, 0, 9223372036837170807
6, 504, 0, 9223372036854775807, 0, 9223372036837135807
6, 505, 0, 9223372036854775807, 0, 9223372036837100807
6, 506, 0, 9223372036854775807, 0, 9223372036837065807
6, 507, 0, 9223372036854775807, 0, 9223372036837030807
6, 508, 0, 9223372036854775807, 0, 9223372036836995807
6, 509, 0, 9223372036854775807, 0, 9223372036836960807
6, 51, 0, 9223372036854775807, 0, 9223372036852990807
6, 510, 0, 9223372036854775807, 0, 9223372036836925807
6, 511, 0, 9223372036854775807, 0, 9223372036836890807
6, 512, 0, 9223372036854775807, 0, 9223372036836855807
6, 513, 0, 9223372036854775807, 0, 9223372036836820807
6, 514, 0, 9223372036854775807, 0, 9223372036836785807
6, 515, 0, 9223372036854775807, 0, 9223372036836750807
6, 516, 0, 9223372036854775807, 0, 9223372036836715807
6, 517, 0, 9223372036854775807, 0, 9223372036836680807
6, 518, 0, 9223372036854775807, 0, 9223372036836645807
6, 519, 0, 9223372036854775807, 0, 9223372036836610807
6, 52, 0, 9223372036854775807, 0, 9223372036852955807
6, 520, 0, 9223372036854775807, 0, 9223372036836575807
6, 521, 0, 9223372036854775807, 0, 9223372036836540807
6, 522, 0, 9223372036854775807, 0, 9223372036836505807
6, 523, 0, 9223372036854775807, 0, 9223372036836470807
6, 524, 0, 9223372036854775807, 0, 9223372036836435807
6, 525, 0, 9223372036854775807, 0, 9223372036836400807
6, 526, 0, 9223372036854775807, 0, 9223372036836365807
6, 527, 0, 9223372036854775807, 0, 9223372036836330807
6, 528, 0, 9223372036854775807, 0, 9223372036836295807
6, 529, 0, 9223372036854775807, 0, 9223372036836260807
6, 53, 0, 9223372036854775807, 0, 9223372036852920807
6, 530, 0, 9223372036854775807, 0, 9223372036836225807
6, 531, 0, 9223372036854775807, 0, 9223372036836190807
6, 532, 0, 9223372036854775807, 0, 9223372036836155807
6, 533, 0, 9223372036854775807, 0, 9223372036836120807
6, 534, 0, 9223372036854775807, 0, 9223372036836085807
6, 535, 0, 9223372036854775807, 0, 9223372036836050807
6, 536, 0, 9223372036854775807, 0, 9223372036836015807
6, 537, 0, 9223372036854775807, 0, 9223372036835980807
6, 538, 0, 9223372036854775807, 0, 9223372036835945807
6, 539, 0, 9223372036854775807, 0, 9223372036835910807
6, 54, 0, 9223372036854775807, 0, 9223372036852885807
6, 540, 0, 9223372036854775807, 0, 9223372036835875807
6, 541, 0, 9223372036854775807, 0, 9223372036835840807
6, 542, 0, 9223372036854775807, 0, 9223372036835805807
6, 543, 0, 9223372036854775807, 0, 9223372036835770807
6, 544, 0, 9223372036854775807, 0, 9223372036835735807
6, 545, 0, 9223372036854775807, 0, 9223372036835700807
6, 546, 0, 9223372036854775807, 0, 9223372036835665807
6, 547, 0, 9223372036854775807, 0, 9223372036835630807
6, 548, 0, 9223372036854775807, 0, 9223372036835595807
6, 549, 0, 9223372036854775807, 0, 9223372036835560807
6, 55, 0, 9223372036854775807, 0, 9223372036852850807
6, 550, 0, 9223372036854775807, 0, 9223372036835525807
6, 551, 0, 9223372036854775807, 0, 9223372036835490807
6, 552, 0, 9223372036854775807, 0, 9223372036835455807
6, 553, 0, 9223372036854775807, 0, 9223372036835420807
6, 554, 0, 9223372036854775807, 0, 9223372036835385807
6, 555, 0, 9223372036854775807, 0, 9223372036835350807
6, 556, 0, 9223372036854775807, 0, 9223372036835315807
6, 557, 0, 9223372036854775807, 0, 9223372036835280807
6, 558, 0, 9223372036854775807, 0, 9223372036835245807
6, 559, 0, 9223372036854775807, 0, 9223372036835210807
6, 56, 0, 9223372036854775807, 0, 9223372036852815807
6, 560, 0, 9223372036854775807, 0, 9223372036835175807
6, 561, 0, 9223372036854775807, 0, 9223372036835140807
6, 562, 0, 9223372036854775807, 0, 9223372036835105807
6, 563, 0, 9223372036854775807, 0, 9223372036835070807
6, 564, 0, 9223372036854775807, 0, 9223372036835035807
6, 565, 0, 9223372036854775807, 0, 9223372036835000807
6, 566, 0, 9223372036854775807, 0, 9223372036834965807
6, 567, 0, 9223372036854775807, 0, 9223372036834930807
6, 568, 0, 9223372036854775807, 0, 9223372036834895807
6, 569, 0, 9223372036854775807, 0, 9223372036834860807
6, 57, 0, 9223372036854775807, 0, 9223372036852780807
6, 570, 0, 9223372036854775807, 0, 9223372036834825807
6, 571, 0, 9223372036854775807, 0, 9223372036834790807
6, 572, 0, 9223372036854775807, 0, 9223372036834755807
6, 573, 0, 9223372036854775807, 0, 9223372036834720807
6, 574, 0, 9223372036854775807, 0, 9223372036834685807
6, 575, 0, 9223372036854775807, 0, 9223372036834650807
6, 576, 0, 9223372036854775807, 0, 9223372036834615807
6, 577, 0, 9223372036854775807, 0, 9223372036834580807
6, 578, 0, 9223372036854775807, 0, 9223372036834545807
6, 579, 0, 9223372036854775807, 0, 9223372036834510807
6, 58, 0, 9223372036854775807, 0, 9223372036852745807
6, 580, 0, 9223372036854775807, 0, 9223372036834475807
6, 581, 0, 9223372036854775807, 0, 9223372036834440807
6, 582, 0, 9223372036854775807, 0, 9223372036834405807
6, 583, 0, 9223372036854775807, 0, 9223372036834370807
6, 584, 0, 9223372036854775807, 0, 9223372036834335807
6, 585, 0, 9223372036854775807, 0, 9223372036834300807
6, 586, 0, 9223372036854775807, 0, 9223372036834265807
6, 587, 0, 9223372036854775807, 0, 9223372036834230807
6, 588, 0, 9223372036854775807, 0, 9223372036834195807
6, 589, 0, 9223372036854775807, 0, 9223372036834160807
6, 59, 0, 9223372036854775807, 0, 9223372036852710807
6, 590, 0, 9223372036854775807, 0, 9223372036834125807
6, 591, 0, 9223372036854775807, 0, 9223372036834090807
6, 592, 0, 9223372036854775807, 0, 9223372036834055807
6, 593, 0, 9223372036854775807, 0, 9223372036834020807
6, 594, 0, 9223372036854775807, 0, 9223372036833985807
6, 595, 0, 9223372036854775807, 0, 9223372036833950807
6, 596, 0, 9223372036854775807, 0, 9223372036833915807
6, 597, 0, 9223372036854775807, 0, 9223372036833880807
6, 598, 0, 9223372036854775807, 0, 9223372036833845807
6, 599, 0, 9223372036854775807, 0, 9223372036833810807
6, 6, 0, 9223372036854775807, 0, 9223372036854565807
6, 60, 0, 9223372036854775807, 0, 9223372036852675807
6, 600, 0, 9223372036854775807, 0, 9223372036833775807
6, 601, 0, 9223372036854775807, 0, 9223372036833740807
6, 602, 0, 9223372036854775807, 0, 9223372036833705807
6, 603, 0, 9223372036854775807, 0, 9223372036833670807
6, 604, 0, 9223372036854775807, 0, 9223372036833635807
6, 605, 0, 9223372036854775807, 0, 9223372036833600807
6, 606, 0, 9223372036854775807, 0, 9223372036833565807
6, 607, 0, 9223372036854775807, 0, 9223372036833530807
6, 608, 0, 9223372036854775807, 0, 9223372036833495807
6, 609, 0, 9223372036854775807, 0, 9223372036833460807
6, 61, 0, 9223372036854775807, 0, 9223372036852640807
6, 610, 0, 9223372036854775807, 0, 9223372036833425807
6, 611, 0, 9223372036854775807, 0, 9223372036833390807
6, 612, 0, 9223372036854775807, 0, 9223372036833355807
6, 613, 0, 9223372036854775807, 0, 9223372036833320807
6, 614, 0, 9223372036854775807, 0, 9223372036833285807
6, 615, 0, 9223372036854775807, 0, 9223372036833250807
6, 616, 0, 9223372036854775807, 0, 9223372036833215807
6, 617, 0, 9223372036854775807, 0, 9223372036833180807
6, 618, 0, 9223372036854775807, 0, 9223372036833145807
6, 619, 0, 9223372036854775807, 0, 9223372036833110807
6, 62, 0, 9223372036854775807, 0, 9223372036852605807
6, 620, 0, 9223372036854775807, 0, 9223372036833075807
6, 621, 0, 9223372036854775807, 0, 9223372036833040807
6, 622, 0, 9223372036854775807, 0, 9223372036833005807
6, 623, 0, 9223372036854775807, 0, 9223372036832970807
6, 624, 0, 9223372036854775807, 0, 9223372036832935807
6, 625, 0, 9223372036854775807, 0, 9223372036832900807
6, 626, 0, 9223372036854775807, 0, 9223372036832865807
6, 627, 0, 9223372036854775807, 0, 9223372036832830807
6, 628, 0, 9223372036854775807, 0, 9223372036832795807
6, 629, 0, 9223372036854775807, 0, 9223372036832760807
6, 63, 0, 9223372036854775807, 0, 9223372036852570807
6, 630, 0, 9223372036854775807, 0, 9223372036832725807
6, 631, 0, 9223372036854775807, 0, 9223372036832690807
6, 632, 0, 9223372036854775807, 0, 9223372036832655807
6, 633, 0, 9223372036854775807, 0, 9223372036832620807
6, 634, 0, 9223372036854775807, 0, 9223372036832585807
6, 635, 0, 9223372036854775807, 0, 9223372036832550807
6, 636, 0, 9223372036854775807, 0, 9223372036832515807
6, 637, 0, 9223372036854775807, 0, 9223372036832480807
6, 638, 0, 9223372036854775807, 0, 9223372036832445807
6, 639, 0, 9223372036854775807, 0, 9223372036832410807
6, 64, 0, 9223372036854775807, 0, 9223372036852535807
6, 640, 0, 9223372036854775807, 0, 9223372036832375807
6, 641, 0, 9223372036854775807, 0, 9223372036832340807
6, 642, 0, 9223372036854775807, 0, 9223372036832305807
6, 643, 0, 9223372036854775807, 0, 9223372036832270807
6, 644, 0, 9223372036854775807, 0, 9223372036832235807
6, 645, 0, 9223372036854775807, 0, 9223372036832200807
6, 646, 0, 9223372036854775807, 0, 9223372036832165807
6, 647, 0, 9223372036854775807, 0, 9223372036832130807
6, 648, 0, 9223372036854775807, 0, 9223372036832095807
6, 649, 0, 9223372036854775807, 0, 9223372036832060807
6, 65, 0, 9223372036854775807, 0, 9223372036852500807
6, 650, 0, 9223372036854775807, 0, 9223372036832025807
6, 651, 0, 9223372036854775807, 0, 9223372036831990807
6, 652, 0, 9223372036854775807, 0, 9223372036831955807
6, 653, 0, 9223372036854775807, 0, 9223372036831920807
6, 654, 0, 9223372036854775807, 0, 9223372036831885807
6, 655, 0, 9223372036854775807, 0, 9223372036831850807
6, 656, 0, 9223372036854775807, 0, 9223372036831815807
6, 657, 0, 9223372036854775807, 0, 9223372036831780807
6, 658, 0, 9223372036854775807, 0, 9223372036831745807
6, 659, 0, 9223372036854775807, 0, 9223372036831710807
6, 66, 0, 9223372036854775807, 0, 9223372036852465807
6, 660, 0, 9223372036854775807, 0, 9223372036831675807
6, 661, 0, 9223372036854775807, 0, 9223372036831640807
6, 662, 0, 9223372036854775807, 0, 9223372036831605807
6, 663, 0, 9223372036854775807, 0, 9223372036831570807
6, 664, 0, 9223372036854775807, 0, 9223372036831535807
6, 665, 0, 9223372036854775807, 0, 9223372036831500807
6, 666, 0, 9223372036854775807, 0, 9223372036831465807
6, 667, 0, 9223372036854775807, 0, 9223372036831430807
6, 668, 0, 9223372036854775807, 0, 9223372036831395807
6, 669, 0, 9223372036854775807, 0, 9223372036831360807
6, 67, 0, 9223372036854775807, 0, 9223372036852430807
6, 670, 0, 9223372036854775807, 0, 9223372036831325807
6, 671, 0, 9223372036854775807, 0, 9223372036831290807
6, 672, 0, 9223372036854775807, 0, 9223372036831255807
6, 673, 0, 9223372036854775807, 0, 9223372036831220807
6, 674, 0, 9223372036854775807, 0, 9223372036831185807
6, 675, 0, 9223372036854775807, 0, 9223372036831150807
6, 676, 0, 9223372036854775807, 0, 9223372036831115807
6, 677, 0, 9223372036854775807, 0, 9223372036831080807
6, 678, 0, 9223372036854775807, 0, 9223372036831045807
6, 679, 0, 9223372036854775807, 0, 9223372036831010807
6, 68, 0, 9223372036854775807, 0, 9223372036852395807
6, 680, 0, 9223372036854775807, 0, 9223372036830975807
6, 681, 0, 9223372036854775807, 0, 9223372036830940807
6, 682, 0, 9223372036854775807, 0, 9223372036830905807
6, 683, 0, 9223372036854775807, 0, 9223372036830870807
6, 684, 0, 9223372036854775807, 0, 9223372036830835807
6, 685, 0, 9223372036854775807, 0, 9223372036830800807
6, 686, 0, 9223372036854775807, 0, 9223372036830765807
6, 687, 0, 9223372036854775807, 0, 9223372036830730807
6, 688, 0, 9223372036854775807, 0, 9223372036830695807
6, 689, 0, 9223372036854775807, 0, 9223372036830660807
6, 69, 0, 9223372036854775807, 0, 9223372036852360807
6, 690, 0, 9223372036854775807, 0, 9223372036830625807
6, 691, 0, 9223372036854775807, 0, 9223372036830590807
6, 692, 0, 9223372036854775807, 0, 9223372036830555807
6, 693, 0, 9223372036854775807, 0, 9223372036830520807
6, 694, 0, 9223372036854775807, 0, 9223372036830485807
6, 695, 0, 9223372036854775807, 0, 9223372036830450807
6, 696, 0, 9223372036854775807, 0, 9223372036830415807
6, 697, 0, 9223372036854775807, 0, 9223372036830380807
6, 698, 0, 9223372036854775807, 0, 9223372036830345807
6, 699, 0, 9223372036854775807, 0, 9223372036830310807
6, 7, 0, 9223372036854775807, 0, 9223372036854530807
6, 70, 0, 9223372036854775807, 0, 9223372036852325807
6, 700, 0, 9223372036854775807, 0, 9223372036830275807
6, 701, 0, 9223372036854775807, 0, 9223372036830240807
6, 702, 0, 9223372036854775807, 0, 9223372036830205807
6, 703, 0, 9223372036854775807, 0, 9223372036830170807
6, 704, 0, 9223372036854775807, 0, 9223372036830135807
6, 705, 0, 9223372036854775807, 0, 9223372036830100807
6, 706, 0, 9223372036854775807, 0, 9223372036830065807
6, 707, 0, 9223372036854775807, 0, 9223372036830030807
6, 708, 0, 9223372036854775807, 0, 9223372036829995807
6, 709, 0, 9223372036854775807, 0, 9223372036829960807
6, 71, 0, 9223372036854775807, 0, 9223372036852290807
6, 710, 0, 9223372036854775807, 0, 9223372036829925807
6, 711, 0, 9223372036854775807, 0, 9223372036829890807
6, 712, 0, 9223372036854775807, 0, 9223372036829855807
6, 713, 0, 9223372036854775807, 0, 9223372036829820807
6, 714, 0, 9223372036854775807, 0, 9223372036829785807
6, 715, 0, 9223372036854775807, 0, 9223372036829750807
6, 716, 0, 9223372036854775807, 0, 9223372036829715807
6, 717, 0, 9223372036854775807, 0, 9223372036829680807
6, 718, 0, 9223372036854775807, 0, 9223372036829645807
6, 719, 0, 9223372036854775807, 0, 9223372036829610807
6, 72, 0, 9223372036854775807, 0, 9223372036852255807
6, 720, 0, 9223372036854775807, 0, 9223372036829575807
6, 721, 0, 9223372036854775807, 0, 9223372036829540807
6, 722, 0, 9223372036854775807, 0, 9223372036829505807
6, 723, 0, 9223372036854775807, 0, 9223372036829470807
6, 724, 0, 9223372036854775807, 0, 9223372036829435807
6, 725, 0, 9223372036854775807, 0, 9223372036829400807
6, 726, 0, 9223372036854775807, 0, 9223372036829365807
6, 727, 0, 9223372036854775807, 0, 9223372036829330807
6, 728, 0, 9223372036854775807, 0, 9223372036829295807
6, 729, 0, 9223372036854775807, 0, 9223372036829260807
6, 73, 0, 9223372036854775807, 0, 9223372036852220807
6, 730, 0, 9223372036854775807, 0, 9223372036829225807
6, 731, 0, 9223372036854775807, 0, 9223372036829190807
6, 732, 0, 9223372036854775807, 0, 9223372036829155807
6, 733, 0, 9223372036854775807, 0, 9223372036829120807
6, 734, 0, 9223372036854775807, 0, 9223372036829085807
6, 735, 0, 9223372036854775807, 0, 9223372036829050807
6, 736, 0, 9223372036854775807, 0, 9223372036829015807
6, 737, 0, 9223372036854775807, 0, 9223372036828980807
6, 738, 0, 9223372036854775807, 0, 9223372036828945807
6, 739, 0, 9223372036854775807, 0, 9223372036828910807
6, 74, 0, 9223372036854775807, 0, 9223372036852185807
6, 740, 0, 9223372036854775807, 0, 9223372036828875807
6, 741, 0, 9223372036854775807, 0, 9223372036828840807
6, 742, 0, 9223372036854775807, 0, 9223372036828805807
6, 743, 0, 9223372036854775807, 0, 9223372036828770807
6, 744, 0, 9223372036854775807, 0, 9223372036828735807
6, 745, 0, 9223372036854775807, 0, 9223372036828700807
6, 746, 0, 9223372036854775807, 0, 9223372036828665807
6, 747, 0, 9223372036854775807, 0, 9223372036828630807
6, 748, 0, 9223372036854775807, 0, 9223372036828595807
6, 749, 0, 9223372036854775807, 0, 9223372036828560807
6, 75, 0, 9223372036854775807, 0, 9223372036852150807
6, 750, 0, 9223372036854775807, 0, 9223372036828525807
6, 751, 0, 9223372036854775807, 0, 9223372036828490807
6, 752, 0, 9223372036854775807, 0, 9223372036828455807
6, 753, 0, 9223372036854775807, 0, 9223372036828420807
6, 754, 0, 9223372036854775807, 0, 9223372036828385807
6, 755, 0, 9223372036854775807, 0, 9223372036828350807
6, 756, 0, 9223372036854775807, 0, 9223372036828315807
6, 757, 0, 9223372036854775807, 0, 9223372036828280807
6, 758, 0, 9223372036854775807, 0, 9223372036828245807
6, 759, 0, 9223372036854775807, 0, 9223372036828210807
6, 76, 0, 9223372036854775807, 0, 9223372036852115807
6, 760, 0, 9223372036854775807, 0, 9223372036828175807
6, 761, 0, 9223372036854775807, 0, 9223372036828140807
6, 762, 0, 9223372036854775807, 0, 9223372036828105807
6, 763, 0, 9223372036854775807, 0, 9223372036828070807
6, 764, 0, 9223372036854775807, 0, 9223372036828035807
6, 765, 0, 9223372036854775807, 0, 9223372036828000807
6, 766, 0, 9223372036854775807, 0, 9223372036827965807
6, 767, 0, 9223372036854775807, 0, 9223372036827930807
6, 768, 0, 9223372036854775807, 0, 9223372036827895807
6, 769, 0, 9223372036854775807, 0, 9223372036827860807
6, 77, 0, 9223372036854775807, 0, 9223372036852080807
6, 770, 0, 9223372036854775807, 0, 9223372036827825807
6, 771, 0, 9223372036854775807, 0, 9223372036827790807
6, 772, 0, 9223372036854775807, 0, 9223372036827755807
6, 773, 0, 9223372036854775807, 0, 9223372036827720807
6, 774, 0, 9223372036854775807, 0, 9223372036827685807
6, 775, 0, 9223372036854775807, 0, 9223372036827650807
6, 776, 0, 9223372036854775807, 0, 9223372036827615807
6, 777, 0, 9223372036854775807, 0, 9223372036827580807
6, 778, 0, 9223372036854775807, 0, 9223372036827545807
6, 779, 0, 9223372036854775807, 0, 9223372036827510807
6, 78, 0, 9223372036854775807, 0, 9223372036852045807
6, 780, 0, 9223372036854775807, 0, 9223372036827475807
6, 781, 0, 9223372036854775807, 0, 9223372036827440807
6, 782, 0, 9223372036854775807, 0, 9223372036827405807
6, 783, 0, 9223372036854775807, 0, 9223372036827370807
6, 784, 0, 9223372036854775807, 0, 9223372036827335807
6, 785, 0, 9223372036854775807, 0, 9223372036827300807
6, 786, 0, 9223372036854775807, 0, 9223372036827265807
6, 787, 0, 9223372036854775807, 0, 9223372036827230807
6, 788, 0, 9223372036854775807, 0, 9223372036827195807
6, 789, 0, 9223372036854775807, 0, 9223372036827160807
6, 79, 0, 9223372036854775807, 0, 9223372036852010807
6, 790, 0, 9223372036854775807, 0, 9223372036827125807
6, 791, 0, 9223372036854775807, 0, 9223372036827090807
6, 792, 0, 9223372036854775807, 0, 9223372036827055807
6, 793, 0, 9223372036854775807, 0, 9223372036827020807
6, 794, 0, 9223372036854775807, 0, 9223372036826985807
6, 795, 0, 9223372036854775807, 0, 9223372036826950807
6, 796, 0, 9223372036854775807, 0, 9223372036826915807
6, 797, 0, 9223372036854775807, 0, 9223372036826880807
6, 798, 0, 9223372036854775807, 0, 9223372036826845807
6, 799, 0, 9223372036854775807, 0, 9223372036826810807
6, 8, 0, 9223372036854775807, 0, 9223372036854495807
6, 80, 0, 9223372036854775807, 0, 9223372036851975807
6, 800, 0, 9223372036854775807, 0, 9223372036826775807
6, 801, 0, 9223372036854775807, 0, 9223372036826740807
6, 802, 0, 9223372036854775807, 0, 9223372036826705807
6, 803, 0, 9223372036854775807, 0, 9223372036826670807
6, 804, 0, 9223372036854775807, 0, 9223372036826635807
6, 805, 0, 9223372036854775807, 0, 9223372036826600807
6, 806, 0, 9223372036854775807, 0, 9223372036826565807
6, 807, 0, 9223372036854775807, 0, 9223372036826530807
6, 808, 0, 9223372036854775807, 0, 9223372036826495807
6, 809, 0, 9223372036854775807, 0, 9223372036826460807
6, 81, 0, 9223372036854775807, 0, 9223372036851940807
6, 810, 0, 9223372036854775807, 0, 9223372036826425807
6, 811, 0, 9223372036854775807, 0, 9223372036826390807
6, 812, 0, 9223372036854775807, 0, 9223372036826355807
6, 813, 0, 9223372036854775807, 0, 9223372036826320807
6, 814, 0, 9223372036854775807, 0, 9223372036826285807
6, 815, 0, 9223372036854775807, 0, 9223372036826250807
6, 816, 0, 9223372036854775807, 0, 9223372036826215807
6, 817, 0, 9223372036854775807, 0, 9223372036826180807
6, 818, 0, 9223372036854775807, 0, 9223372036826145807
6, 819, 0, 9223372036854775807, 0, 9223372036826110807
6, 82, 0, 9223372036854775807, 0, 9223372036851905807
6, 820, 0, 9223372036854775807, 0, 9223372036826075807
6, 821, 0, 9223372036854775807, 0, 9223372036826040807
6, 822, 0, 9223372036854775807, 0, 9223372036826005807
6, 823, 0, 9223372036854775807, 0, 9223372036825970807
6, 824, 0, 9223372036854775807, 0, 9223372036825935807
6, 825, 0, 9223372036854775807, 0, 9223372036825900807
6, 826, 0, 9223372036854775807, 0, 9223372036825865807
6, 827, 0, 9223372036854775807, 0, 9223372036825830807
6, 828, 0, 9223372036854775807, 0, 9223372036825795807
6, 829, 0, 9223372036854775807, 0, 9223372036825760807
6, 83, 0, 9223372036854775807, 0, 9223372036851870807
6, 830, 0, 9223372036854775807, 0, 9223372036825725807
6, 831, 0, 9223372036854775807, 0, 9223372036825690807
6, 832, 0, 9223372036854775807, 0, 9223372036825655807
6, 833, 0, 9223372036854775807, 0, 9223372036825620807
6, 834, 0, 9223372036854775807, 0, 9223372036825585807
6, 835, 0, 9223372036854775807, 0, 9223372036825550807
6, 836, 0, 9223372036854775807, 0, 9223372036825515807
6, 837, 0, 9223372036854775807, 0, 9223372036825480807
6, 838, 0, 9223372036854775807, 0, 9223372036825445807
6, 839, 0, 9223372036854775807, 0, 9223372036825410807
6, 84, 0, 9223372036854775807, 0, 9223372036851835807
6, 840, 0, 9223372036854775807, 0, 9223372036825375807
6, 841, 0, 9223372036854775807, 0, 9223372036825340807
6, 842, 0, 9223372036854775807, 0, 9223372036825305807
6, 843, 0, 9223372036854775807, 0, 9223372036825270807
6, 844, 0, 9223372036854775807, 0, 9223372036825235807
6, 845, 0, 9223372036854775807, 0, 9223372036825200807
6, 846, 0, 9223372036854775807, 0, 9223372036825165807
6, 847, 0, 9223372036854775807, 0, 9223372036825130807
6, 848, 0, 9223372036854775807, 0, 9223372036825095807
6, 849, 0, 9223372036854775807, 0, 9223372036825060807
6, 85, 0, 9223372036854775807, 0, 9223372036851800807
6, 850, 0, 9223372036854775807, 0, 9223372036825025807
6, 851, 0, 9223372036854775807, 0, 9223372036824990807
6, 852, 0, 9223372036854775807, 0, 9223372036824955807
6, 853, 0, 9223372036854775807, 0, 9223372036824920807
6, 854, 0, 9223372036854775807, 0, 9223372036824885807
6, 855, 0, 9223372036854775807, 0, 9223372036824850807
6, 856, 0, 9223372036854775807, 0, 9223372036824815807
6, 857, 0, 9223372036854775807, 0, 9223372036824780807
6, 858, 0, 9223372036854775807, 0, 9223372036824745807
6, 859, 0, 9223372036854775807, 0, 9223372036824710807
6, 86, 0, 9223372036854775807, 0, 9223372036851765807
6, 860, 0, 9223372036854775807, 0, 9223372036824675807
6, 861, 0, 9223372036854775807, 0, 9223372036824640807
6, 862, 0, 9223372036854775807, 0, 9223372036824605807
6, 863, 0, 9223372036854775807, 0, 9223372036824570807
6, 864, 0, 9223372036854775807, 0, 9223372036824535807
6, 865, 0, 9223372036854775807, 0, 9223372036824500807
6, 866, 0, 9223372036854775807, 0, 9223372036824465807
6, 867, 0, 9223372036854775807, 0, 9223372036824430807
6, 868, 0, 9223372036854775807, 0, 9223372036824395807
6, 869, 0, 9223372036854775807, 0, 9223372036824360807
6, 87, 0, 9223372036854775807, 0, 9223372036851730807
6, 870, 0, 9223372036854775807, 0, 9223372036824325807
6, 871, 0, 9223372036854775807, 0, 9223372036824290807
6, 872, 0, 9223372036854775807, 0, 9223372036824255807
6, 873, 0, 9223372036854775807, 0, 9223372036824220807
6, 874, 0, 9223372036854775807, 0, 9223372036824185807
6, 875, 0, 9223372036854775807, 0, 9223372036824150807
6, 876, 0, 9223372036854775807, 0, 9223372036824115807
6, 877, 0, 9223372036854775807, 0, 9223372036824080807
6, 878, 0, 9223372036854775807, 0, 9223372036824045807
6, 879, 0, 9223372036854775807, 0, 9223372036824010807
6, 88, 0, 9223372036854775807, 0, 9223372036851695807
6, 880, 0, 9223372036854775807, 0, 9223372036823975807
6, 881, 0, 9223372036854775807, 0, 9223372036823940807
6, 882, 0, 9223372036854775807, 0, 9223372036823905807
6, 883, 0, 9223372036854775807, 0, 9223372036823870807
6, 884, 0, 9223372036854775807, 0, 9223372036823835807
6, 885, 0, 9223372036854775807, 0, 9223372036823800807
6, 886, 0, 9223372036854775807, 0, 9223372036823765807
6, 887, 0, 9223372036854775807, 0, 9223372036823730807
6, 888, 0, 9223372036854775807, 0, 9223372036823695807
6, 889, 0, 9223372036854775807, 0, 9223372036823660807
6, 89, 0, 9223372036854775807, 0, 9223372036851660807
6, 890, 0, 9223372036854775807, 0, 9223372036823625807
6, 891, 0, 9223372036854775807, 0, 9223372036823590807
6, 892, 0, 9223372036854775807, 0, 9223372036823555807
6, 893, 0, 9223372036854775807, 0, 9223372036823520807
6, 894, 0, 9223372036854775807, 0, 9223372036823485807
6, 895, 0, 9223372036854775807, 0, 9223372036823450807
6, 896, 0, 9223372036854775807, 0, 9223372036823415807
6, 897, 0, 9223372036854775807, 0, 9223372036823380807
6, 898, 0, 9223372036854775807, 0, 9223372036823345807
6, 899, 0, 9223372036854775807, 0, 9223372036823310807
6, 9, 0, 9223372036854775807, 0, 9223372036854460807
6, 90, 0, 9223372036854775807, 0, 9223372036851625807
6, 900, 0, 9223372036854775807, 0, 9223372036823275807
6, 901, 0, 9223372036854775807, 0, 9223372036823240807
6, 902, 0, 9223372036854775807, 0, 9223372036823205807
6, 903, 0, 9223372036854775807, 0, 9223372036823170807
6, 904, 0, 9223372036854775807, 0, 9223372036823135807
6, 905, 0, 9223372036854775807, 0, 9223372036823100807
6, 906, 0, 9223372036854775807, 0, 9223372036823065807
6, 907, 0, 9223372036854775807, 0, 9223372036823030807
6, 908, 0, 9223372036854775807, 0, 9223372036822995807
6, 909, 0, 9223372036854775807, 0, 9223372036822960807
6, 91, 0, 9223372036854775807, 0, 9223372036851590807
6, 910, 0, 9223372036854775807, 0, 9223372036822925807
6, 911, 0, 9223372036854775807, 0, 9223372036822890807
6, 912, 0, 9223372036854775807, 0, 9223372036822855807
6, 913, 0, 9223372036854775807, 0, 9223372036822820807
6, 914, 0, 9223372036854775807, 0, 9223372036822785807
6, 915, 0, 9223372036854775807, 0, 9223372036822750807
6, 916, 0, 9223372036854775807, 0, 9223372036822715807
6, 917, 0, 9223372036854775807, 0, 9223372036822680807
6, 918, 0, 9223372036854775807, 0, 9223372036822645807
6, 919, 0, 9223372036854775807, 0, 9223372036822610807
6, 92, 0, 9223372036854775807, 0, 9223372036851555807
6, 920, 0, 9223372036854775807, 0, 9223372036822575807
6, 921, 0, 9223372036854775807, 0, 9223372036822540807
6, 922, 0, 9223372036854775807, 0, 9223372036822505807
6, 923, 0, 9223372036854775807, 0, 9223372036822470807
6, 924, 0, 9223372036854775807, 0, 9223372036822435807
6, 925, 0, 9223372036854775807, 0, 9223372036822400807
6, 926, 0, 9223372036854775807, 0, 9223372036822365807
6, 927, 0, 9223372036854775807, 0, 9223372036822330807
6, 928, 0, 9223372036854775807, 0, 9223372036822295807
6, 929, 0, 9223372036854775807, 0, 9223372036822260807
6, 93, 0, 9223372036854775807, 0, 9223372036851520807
6, 930, 0, 9223372036854775807, 0, 9223372036822225807
6, 931, 0, 9223372036854775807, 0, 9223372036822190807
6, 932, 0, 9223372036854775807, 0, 9223372036822155807
6, 933, 0, 9223372036854775807, 0, 9223372036822120807
6, 934, 0, 9223372036854775807, 0, 9223372036822085807
6, 935, 0, 9223372036854775807, 0, 9223372036822050807
6, 936, 0, 9223372036854775807, 0, 9223372036822015807
6, 937, 0, 9223372036854775807, 0, 9223372036821980807
6, 938, 0, 9223372036854775807, 0, 9223372036821945807
6, 939, 0, 9223372036854775807, 0, 9223372036821910807
6, 94, 0, 9223372036854775807, 0, 9223372036851485807
6, 940, 0, 9223372036854775807, 0, 9223372036821875807
6, 941, 0, 9223372036854775807, 0, 9223372036821840807
6, 942, 0, 9223372036854775807, 0, 9223372036821805807
6, 943, 0, 9223372036854775807, 0, 9223372036821770807
6, 944, 0, 9223372036854775807, 0, 9223372036821735807
6, 945, 0, 9223372036854775807, 0, 9223372036821700807
6, 946, 0, 9223372036854775807, 0, 9223372036821665807
6, 947, 0, 9223372036854775807, 0, 9223372036821630807
6, 948, 0, 9223372036854775807, 0, 9223372036821595807
6, 949, 0, 9223372036854775807, 0, 9223372036821560807
6, 95, 0, 9223372036854775807, 0, 9223372036851450807
6, 950, 0, 9223372036854775807, 0, 9223372036821525807
6, 951, 0, 9223372036854775807, 0, 9223372036821490807
6, 952, 0, 9223372036854775807, 0, 9223372036821455807
6, 953, 0, 9223372036854775807, 0, 9223372036821420807
6, 954, 0, 9223372036854775807, 0, 9223372036821385807
6, 955, 0, 9223372036854775807, 0, 9223372036821350807
6, 956, 0, 9223372036854775807, 0, 9223372036821315807
6, 957, 0, 9223372036854775807, 0, 9223372036821280807
6, 958, 0, 9223372036854775807, 0, 9223372036821245807
6, 959, 0, 9223372036854775807, 0, 9223372036821210807
6, 96, 0, 9223372036854775807, 0, 9223372036851415807
6, 960, 0, 9223372036854775807, 0, 9223372036821175807
6, 961, 0, 9223372036854775807, 0, 9223372036821140807
6, 962, 0, 9223372036854775807, 0, 9223372036821105807
6, 963, 0, 9223372036854775807, 0, 9223372036821070807
6, 964, 0, 9223372036854775807, 0, 9223372036821035807
6, 965, 0, 9223372036854775807, 0, 9223372036821000807
6, 966, 0, 9223372036854775807, 0, 9223372036820965807
6, 967, 0, 9223372036854775807, 0, 9223372036820930807
6, 968, 0, 9223372036854775807, 0, 9223372036820895807
6, 969, 0, 9223372036854775807, 0, 9223372036820860807
6, 97, 0, 9223372036854775807, 0, 9223372036851380807
6, 970, 0, 9223372036854775807, 0, 9223372036820825807
6, 971, 0, 9223372036854775807, 0, 9223372036820790807
6, 972, 0, 9223372036854775807, 0, 9223372036820755807
6, 973, 0, 9223372036854775807, 0, 9223372036820720807
6, 974, 0, 9223372036854775807, 0, 9223372036820685807
6, 975, 0, 9223372036854775807, 0, 9223372036820650807
6, 976, 0, 9223372036854775807, 0, 9223372036820615807
6, 977, 0, 9223372036854775807, 0, 9223372036820580807
6, 978, 0, 9223372036854775807, 0, 9223372036820545807
6, 979, 0, 9223372036854775807, 0, 9223372036820510807
6, 98, 0, 9223372036854775807, 0, 9223372036851345807
6, 980, 0, 9223372036854775807, 0, 9223372036820475807
6, 981, 0, 9223372036854775807, 0, 9223372036820440807
6, 982, 0, 9223372036854775807, 0, 9223372036820405807
6, 983, 0, 9223372036854775807, 0, 9223372036820370807
6, 984, 0, 9223372036854775807, 0, 9223372036820335807
6, 985, 0, 9223372036854775807, 0, 9223372036820300807
6, 986, 0, 9223372036854775807, 0, 9223372036820265807
6, 987, 0, 9223372036854775807, 0, 9223372036820230807
6, 988, 0, 9223372036854775807, 0, 9223372036820195807
6, 989, 0, 9223372036854775807, 0, 9223372036820160807
6, 99, 0, 9223372036854775807, 0, 9223372036851310807
6, 990, 0, 9223372036854775807, 0, 9223372036820125807
6, 991, 0, 9223372036854775807, 0, 9223372036820090807
6, 992, 0, 9223372036854775807, 0, 9223372036820055807
6, 993, 0, 9223372036854775807, 0, 9223372036820020807
6, 994, 0, 9223372036854775807, 0, 9223372036819985807
6, 995, 0, 9223372036854775807, 0, 9223372036819950807
6, 996, 0, 9223372036854775807, 0, 9223372036819915807
6, 997, 0, 9223372036854775807, 0, 9223372036819880807
6, 998, 0, 9223372036854775807, 0, 9223372036819845807
6, 999, 0, 9223372036854775807, 0, 9223372036819810807
7, 0, 3764, 20439, 3764, 20439
7, 1, 0, 9223372036854775807, 0, 9223372036854730807
7, 10, 0, 9223372036854775807, 0, 9223372036854325807
7, 100, 0, 9223372036854775807, 0, 9223372036850275807
7, 1000, 0, 9223372036854775807, 0, 9223372036809775807
7, 1001, 0, 9223372036854775807, 0, 9223372036809730807
7, 1002, 0, 9223372036854775807, 0, 9223372036809685807
7, 1003, 0, 9223372036854775807, 0, 9223372036809640807
7, 1004, 0, 9223372036854775807, 0, 9223372036809595807
7, 1005, 0, 9223372036854775807, 0, 9223372036809550807
7, 1006, 0, 9223372036854775807, 0, 9223372036809505807
7, 1007, 0, 9223372036854775807, 0, 9223372036809460807
7, 1008, 0, 9223372036854775807, 0, 9223372036809415807
7, 1009, 0, 9223372036854775807, 0, 9223372036809370807
7, 101, 0, 9223372036854775807, 0, 9223372036850230807
7, 1010, 0, 9223372036854775807, 0, 9223372036809325807
7, 1011, 0, 9223372036854775807, 0, 9223372036809280807
7, 1012, 0, 9223372036854775807, 0, 9223372036809235807
7, 1013, 0, 9223372036854775807, 0, 9223372036809190807
7, 1014, 0, 9223372036854775807, 0, 9223372036809145807
7, 1015, 0, 9223372036854775807, 0, 9223372036809100807
7, 1016, 0, 9223372036854775807, 0, 9223372036809055807
7, 1017, 0, 9223372036854775807, 0, 9223372036809010807
7, 1018, 0, 9223372036854775807, 0, 9223372036808965807
7, 1019, 0, 9223372036854775807, 0, 9223372036808920807
7, 102, 0, 9223372036854775807, 0, 9223372036850185807
7, 1020, 0, 9223372036854775807, 0, 9223372036808875807
7, 1021, 0, 9223372036854775807, 0, 9223372036808830807
7, 1022, 0, 9223372036854775807, 0, 9223372036808785807
7, 1023, 0, 9223372036854775807, 0, 9223372036808740807
7, 1024, 0, 9223372036854775807, 0, 9223372036808695807
7, 1025, 0, 9223372036854775807, 0, 9223372036808650807
7, 1026, 0, 9223372036854775807, 0, 9223372036808605807
7, 1027, 0, 9223372036854775807, 0, 9223372036808560807
7, 1028, 0, 9223372036854775807, 0, 9223372036808515807
7, 1029, 0, 9223372036854775807, 0, 9223372036808470807
7, 103, 0, 9223372036854775807, 0, 9223372036850140807
7, 1030, 0, 9223372036854775807, 0, 9223372036808425807
7, 1031, 0, 9223372036854775807, 0, 9223372036808380807
7, 1032, 0, 9223372036854775807, 0, 9223372036808335807
7, 1033, 0, 9223372036854775807, 0, 9223372036808290807
7, 1034, 0, 9223372036854775807, 0, 9223372036808245807
7, 1035, 0, 9223372036854775807, 0, 9223372036808200807
7, 1036, 0, 9223372036854775807, 0, 9223372036808155807
7, 1037, 0, 9223372036854775807, 0, 9223372036808110807
7, 1038, 0, 9223372036854775807, 0, 9223372036808065807
7, 1039, 0, 9223372036854775807, 0, 9223372036808020807
7, 104, 0, 9223372036854775807, 0, 9223372036850095807
7, 1040, 0, 9223372036854775807, 0, 9223372036807975807
7, 1041, 0, 9223372036854775807, 0, 9223372036807930807
7, 1042, 0, 9223372036854775807, 0, 9223372036807885807
7, 1043, 0, 9223372036854775807, 0, 9223372036807840807
7, 1044, 0, 9223372036854775807, 0, 9223372036807795807
7, 1045, 0, 9223372036854775807, 0, 9223372036807750807
7, 1046, 0, 9223372036854775807, 0, 9223372036807705807
7, 1047, 0, 9223372036854775807, 0, 9223372036807660807
7, 1048, 0, 9223372036854775807, 0, 9223372036807615807
7, 1049, 0, 9223372036854775807, 0, 9223372036807570807
7, 105, 0, 9223372036854775807, 0, 9223372036850050807
7, 1050, 0, 9223372036854775807, 0, 9223372036807525807
7, 1051, 0, 9223372036854775807, 0, 9223372036807480807
7, 1052, 0, 9223372036854775807, 0, 9223372036807435807
7, 1053, 0, 9223372036854775807, 0, 9223372036807390807
7, 1054, 0, 9223372036854775807, 0, 9223372036807345807
7, 1055, 0, 9223372036854775807, 0, 9223372036807300807
7, 1056, 0, 9223372036854775807, 0, 9223372036807255807
7, 1057, 0, 9223372036854775807, 0, 9223372036807210807
7, 1058, 0, 9223372036854775807, 0, 9223372036807165807
7, 1059, 0, 9223372036854775807, 0, 9223372036807120807
7, 106, 0, 9223372036854775807, 0, 9223372036850005807
7, 1060, 0, 9223372036854775807, 0, 9223372036807075807
7, 1061, 0, 9223372036854775807, 0, 9223372036807030807
7, 1062, 0, 9223372036854775807, 0, 9223372036806985807
7, 1063, 0, 9223372036854775807, 0, 9223372036806940807
7, 1064, 0, 9223372036854775807, 0, 9223372036806895807
7, 1065, 0, 9223372036854775807, 0, 9223372036806850807
7, 1066, 0, 9223372036854775807, 0, 9223372036806805807
7, 1067, 0, 9223372036854775807, 0, 9223372036806760807
7, 1068, 0, 9223372036854775807, 0, 9223372036806715807
7, 1069, 0, 9223372036854775807, 0, 9223372036806670807
7, 107, 0, 9223372036854775807, 0, 9223372036849960807
7, 1070, 0, 9223372036854775807, 0, 9223372036806625807
7, 1071, 0, 9223372036854775807, 0, 9223372036806580807
7, 1072, 0, 9223372036854775807, 0, 9223372036806535807
7, 1073, 0, 9223372036854775807, 0, 9223372036806490807
7, 1074, 0, 9223372036854775807, 0, 9223372036806445807
7, 1075, 0, 9223372036854775807, 0, 9223372036806400807
7, 1076, 0, 9223372036854775807, 0, 9223372036806355807
7, 1077, 0, 9223372036854775807, 0, 9223372036806310807
7, 1078, 0, 9223372036854775807, 0, 9223372036806265807
7, 1079, 0, 9223372036854775807, 0, 9223372036806220807
7, 108, 0, 9223372036854775807, 0, 9223372036849915807
7, 1080, 0, 9223372036854775807, 0, 9223372036806175807
7, 1081, 0, 9223372036854775807, 0, 9223372036806130807
7, 1082, 0, 9223372036854775807, 0, 9223372036806085807
7, 1083, 0, 9223372036854775807, 0, 9223372036806040807
7, 1084, 0, 9223372036854775807, 0, 9223372036805995807
7, 1085, 0, 9223372036854775807, 0, 9223372036805950807
7, 1086, 0, 9223372036854775807, 0, 9223372036805905807
7, 1087, 0, 9223372036854775807, 0, 9223372036805860807
7, 1088, 0, 9223372036854775807, 0, 9223372036805815807
7, 1089, 0, 9223372036854775807, 0, 9223372036805770807
7, 109, 0, 9223372036854775807, 0, 9223372036849870807
7, 1090, 0, 9223372036854775807, 0, 9223372036805725807
7, 1091, 0, 9223372036854775807, 0, 9223372036805680807
7, 1092, 0, 9223372036854775807, 0, 9223372036805635807
7, 1093, 0, 9223372036854775807, 0, 9223372036805590807
7, 1094, 0, 9223372036854775807, 0, 9223372036805545807
7, 1095, 0, 9223372036854775807, 0, 9223372036805500807
7, 1096, 0, 9223372036854775807, 0, 9223372036805455807
7, 1097, 0, 9223372036854775807, 0, 9223372036805410807
7, 1098, 0, 9223372036854775807, 0, 9223372036805365807
7, 1099, 0, 9223372036854775807, 0, 9223372036805320807
7, 11, 0, 9223372036854775807, 0, 9223372036854280807
7, 110, 0, 9223372036854775807, 0, 9223372036849825807
7, 1100, 0, 9223372036854775807, 0, 9223372036805275807
7, 1101, 0, 9223372036854775807, 0, 9223372036805230807
7, 1102, 0, 9223372036854775807, 0, 9223372036805185807
7, 1103, 0, 9223372036854775807, 0, 9223372036805140807
7, 1104, 0, 9223372036854775807, 0, 9223372036805095807
7, 1105, 0, 9223372036854775807, 0, 9223372036805050807
7, 1106, 0, 9223372036854775807, 0, 9223372036805005807
7, 1107, 0, 9223372036854775807, 0, 9223372036804960807
7, 1108, 0, 9223372036854775807, 0, 9223372036804915807
7, 1109, 0, 9223372036854775807, 0, 9223372036804870807
7, 111, 0, 9223372036854775807, 0, 9223372036849780807
7, 1110, 0, 9223372036854775807, 0, 9223372036804825807
7, 1111, 0, 9223372036854775807, 0, 9223372036804780807
7, 1112, 0, 9223372036854775807, 0, 9223372036804735807
7, 1113, 0, 9223372036854775807, 0, 9223372036804690807
7, 1114, 0, 9223372036854775807, 0, 9223372036804645807
7, 1115, 0, 9223372036854775807, 0, 9223372036804600807
7, 1116, 0, 9223372036854775807, 0, 9223372036804555807
7, 1117, 0, 9223372036854775807, 0, 9223372036804510807
7, 1118, 0, 9223372036854775807, 0, 9223372036804465807
7, 1119, 0, 9223372036854775807, 0, 9223372036804420807
7, 112, 0, 9223372036854775807, 0, 9223372036849735807
7, 1120, 0, 9223372036854775807, 0, 9223372036804375807
7, 1121, 0, 9223372036854775807, 0, 9223372036804330807
7, 1122, 0, 9223372036854775807, 0, 9223372036804285807
7, 1123, 0, 9223372036854775807, 0, 9223372036804240807
7, 1124, 0, 9223372036854775807, 0, 9223372036804195807
7, 1125, 0, 9223372036854775807, 0, 9223372036804150807
7, 1126, 0, 9223372036854775807, 0, 9223372036804105807
7, 1127, 0, 9223372036854775807, 0, 9223372036804060807
7, 1128, 0, 9223372036854775807, 0, 9223372036804015807
7, 1129, 0, 9223372036854775807, 0, 9223372036803970807
7, 113, 0, 9223372036854775807, 0, 9223372036849690807
7, 1130, 0, 9223372036854775807, 0, 9223372036803925807
7, 1131, 0, 9223372036854775807, 0, 9223372036803880807
7, 1132, 0, 9223372036854775807, 0, 9223372036803835807
7, 1133, 0, 9223372036854775807, 0, 9223372036803790807
7, 1134, 0, 9223372036854775807, 0, 9223372036803745807
7, 1135, 0, 9223372036854775807, 0, 9223372036803700807
7, 1136, 0, 9223372036854775807, 0, 9223372036803655807
7, 1137, 0, 9223372036854775807, 0, 9223372036803610807
7, 1138, 0, 9223372036854775807, 0, 9223372036803565807
7, 1139, 0, 9223372036854775807, 0, 9223372036803520807
7, 114, 0, 9223372036854775807, 0, 9223372036849645807
7, 1140, 0, 9223372036854775807, 0, 9223372036803475807
7, 1141, 0, 9223372036854775807, 0, 9223372036803430807
7, 1142, 0, 9223372036854775807, 0, 9223372036803385807
7, 1143, 0, 9223372036854775807, 0, 9223372036803340807
7, 1144, 0, 9223372036854775807, 0, 9223372036803295807
7, 1145, 0, 9223372036854775807, 0, 9223372036803250807
7, 1146, 0, 9223372036854775807, 0, 9223372036803205807
7, 1147, 0, 9223372036854775807, 0, 9223372036803160807
7, 1148, 0, 9223372036854775807, 0, 9223372036803115807
7, 1149, 0, 9223372036854775807, 0, 9223372036803070807
7, 115, 0, 9223372036854775807, 0, 9223372036849600807
7, 1150, 0, 9223372036854775807, 0, 9223372036803025807
7, 1151, 0, 9223372036854775807, 0, 9223372036802980807
7, 1152, 0, 9223372036854775807, 0, 9223372036802935807
7, 1153, 0, 9223372036854775807, 0, 9223372036802890807
7, 1154, 0, 9223372036854775807, 0, 9223372036802845807
7, 1155, 0, 9223372036854775807, 0, 9223372036802800807
7, 1156, 0, 9223372036854775807, 0, 9223372036802755807
7, 1157, 0, 9223372036854775807, 0, 9223372036802710807
7, 1158, 0, 9223372036854775807, 0, 9223372036802665807
7, 1159, 0, 9223372036854775807, 0, 9223372036802620807
7, 116, 0, 9223372036854775807, 0, 9223372036849555807
7, 1160, 0, 9223372036854775807, 0, 9223372036802575807
7, 1161, 0, 9223372036854775807, 0, 9223372036802530807
7, 1162, 0, 9223372036854775807, 0, 9223372036802485807
7, 1163, 0, 9223372036854775807, 0, 9223372036802440807
7, 1164, 0, 9223372036854775807, 0, 9223372036802395807
7, 1165, 0, 9223372036854775807, 0, 9223372036802350807
7, 1166, 0, 9223372036854775807, 0, 9223372036802305807
7, 1167, 0, 9223372036854775807, 0, 9223372036802260807
7, 1168, 0, 9223372036854775807, 0, 9223372036802215807
7, 1169, 0, 9223372036854775807, 0, 9223372036802170807
7, 117, 0, 9223372036854775807, 0, 9223372036849510807
7, 1170, 0, 9223372036854775807, 0, 9223372036802125807
7, 1171, 0, 9223372036854775807, 0, 9223372036802080807
7, 1172, 0, 9223372036854775807, 0, 9223372036802035807
7, 1173, 0, 9223372036854775807, 0, 9223372036801990807
7, 1174, 0, 9223372036854775807, 0, 9223372036801945807
7, 1175, 0, 9223372036854775807, 0, 9223372036801900807
7, 1176, 0, 9223372036854775807, 0, 9223372036801855807
7, 1177, 0, 9223372036854775807, 0, 9223372036801810807
7, 1178, 0, 9223372036854775807, 0, 9223372036801765807
7, 1179, 0, 9223372036854775807, 0, 9223372036801720807
7, 118, 0, 9223372036854775807, 0, 9223372036849465807
7, 1180, 0, 9223372036854775807, 0, 9223372036801675807
7, 1181, 0, 9223372036854775807, 0, 9223372036801630807
7, 1182, 0, 9223372036854775807, 0, 9223372036801585807
7, 1183, 0, 9223372036854775807, 0, 9223372036801540807
7, 1184, 0, 9223372036854775807, 0, 9223372036801495807
7, 1185, 0, 9223372036854775807, 0, 9223372036801450807
7, 1186, 0, 9223372036854775807, 0, 9223372036801405807
7, 1187, 0, 9223372036854775807, 0, 9223372036801360807
7, 1188, 0, 9223372036854775807, 0, 9223372036801315807
7, 1189, 0, 9223372036854775807, 0, 9223372036801270807
7, 119, 0, 9223372036854775807, 0, 9223372036849420807
7, 1190, 0, 9223372036854775807, 0, 9223372036801225807
7, 1191, 0, 9223372036854775807, 0, 9223372036801180807
7, 1192, 0, 9223372036854775807, 0, 9223372036801135807
7, 1193, 0, 9223372036854775807, 0, 9223372036801090807
7, 1194, 0, 9223372036854775807, 0, 9223372036801045807
7, 1195, 0, 9223372036854775807, 0, 9223372036801000807
7, 1196, 0, 9223372036854775807, 0, 9223372036800955807
7, 1197, 0, 9223372036854775807, 0, 9223372036800910807
7, 1198, 0, 9223372036854775807, 0, 9223372036800865807
7, 1199, 0, 9223372036854775807, 0, 9223372036800820807
7, 12, 0, 9223372036854775807, 0, 9223372036854235807
7, 120, 0, 9223372036854775807, 0, 9223372036849375807
7, 1200, 0, 9223372036854775807, 0, 9223372036800775807
7, 1201, 0, 9223372036854775807, 0, 9223372036800730807
7, 1202, 0, 9223372036854775807, 0, 9223372036800685807
7, 1203, 0, 9223372036854775807, 0, 9223372036800640807
7, 1204, 0, 9223372036854775807, 0, 9223372036800595807
7, 1205, 0, 9223372036854775807, 0, 9223372036800550807
7, 1206, 0, 9223372036854775807, 0, 9223372036800505807
7, 1207, 0, 9223372036854775807, 0, 9223372036800460807
7, 1208, 0, 9223372036854775807, 0, 9223372036800415807
7, 1209, 0, 9223372036854775807, 0, 9223372036800370807
7, 121, 0, 9223372036854775807, 0, 9223372036849330807
7, 1210, 0, 9223372036854775807, 0, 9223372036800325807
7, 1211, 0, 9223372036854775807, 0, 9223372036800280807
7, 1212, 0, 9223372036854775807, 0, 9223372036800235807
7, 1213, 0, 9223372036854775807, 0, 9223372036800190807
7, 1214, 0, 9223372036854775807, 0, 9223372036800145807
7, 1215, 0, 9223372036854775807, 0, 9223372036800100807
7, 1216, 0, 9223372036854775807, 0, 9223372036800055807
7, 1217, 0, 9223372036854775807, 0, 9223372036800010807
7, 1218, 0, 9223372036854775807, 0, 9223372036799965807
7, 1219, 0, 9223372036854775807, 0, 9223372036799920807
7, 122, 0, 9223372036854775807, 0, 9223372036849285807
7, 1220, 0, 9223372036854775807, 0, 9223372036799875807
7, 1221, 0, 9223372036854775807, 0, 9223372036799830807
7, 1222, 0, 9223372036854775807, 0, 9223372036799785807
7, 1223, 0, 9223372036854775807, 0, 9223372036799740807
7, 1224, 0, 9223372036854775807, 0, 9223372036799695807
7, 1225, 0, 9223372036854775807, 0, 9223372036799650807
7, 1226, 0, 9223372036854775807, 0, 9223372036799605807
7, 1227, 0, 9223372036854775807, 0, 9223372036799560807
7, 1228, 0, 9223372036854775807, 0, 9223372036799515807
7, 1229, 0, 9223372036854775807, 0, 9223372036799470807
7, 123, 0, 9223372036854775807, 0, 9223372036849240807
7, 1230, 0, 9223372036854775807, 0, 9223372036799425807
7, 1231, 0, 9223372036854775807, 0, 9223372036799380807
7, 1232, 0, 9223372036854775807, 0, 9223372036799335807
7, 1233, 0, 9223372036854775807, 0, 9223372036799290807
7, 1234, 0, 9223372036854775807, 0, 9223372036799245807
7, 1235, 0, 9223372036854775807, 0, 9223372036799200807
7, 1236, 0, 9223372036854775807, 0, 9223372036799155807
7, 1237, 0, 9223372036854775807, 0, 9223372036799110807
7, 1238, 0, 9223372036854775807, 0, 9223372036799065807
7, 1239, 0, 9223372036854775807, 0, 9223372036799020807
7, 124, 0, 9223372036854775807, 0, 9223372036849195807
7, 1240, 0, 9223372036854775807, 0, 9223372036798975807
7, 1241, 0, 9223372036854775807, 0, 9223372036798930807
7, 1242, 0, 9223372036854775807, 0, 9223372036798885807
7, 1243, 0, 9223372036854775807, 0, 9223372036798840807
7, 1244, 0, 9223372036854775807, 0, 9223372036798795807
7, 1245, 0, 9223372036854775807, 0, 9223372036798750807
7, 1246, 0, 9223372036854775807, 0, 9223372036798705807
7, 1247, 0, 9223372036854775807, 0, 9223372036798660807
7, 1248, 0, 9223372036854775807, 0, 9223372036798615807
7, 1249, 0, 9223372036854775807, 0, 9223372036798570807
7, 125, 0, 9223372036854775807, 0, 9223372036849150807
7, 1250, 0, 9223372036854775807, 0, 9223372036798525807
7, 1251, 0, 9223372036854775807, 0, 9223372036798480807
7, 1252, 0, 9223372036854775807, 0, 9223372036798435807
7, 1253, 0, 9223372036854775807, 0, 9223372036798390807
7, 1254, 0, 9223372036854775807, 0, 9223372036798345807
7, 1255, 0, 9223372036854775807, 0, 9223372036798300807
7, 1256, 0, 9223372036854775807, 0, 9223372036798255807
7, 1257, 0, 9223372036854775807, 0, 9223372036798210807
7, 1258, 0, 9223372036854775807, 0, 9223372036798165807
7, 1259, 0, 9223372036854775807, 0, 9223372036798120807
7, 126, 0, 9223372036854775807, 0, 9223372036849105807
7, 1260, 0, 9223372036854775807, 0, 9223372036798075807
7, 1261, 0, 9223372036854775807, 0, 9223372036798030807
7, 1262, 0, 9223372036854775807, 0, 9223372036797985807
7, 1263, 0, 9223372036854775807, 0, 9223372036797940807
7, 1264, 0, 9223372036854775807, 0, 9223372036797895807
7, 1265, 0, 9223372036854775807, 0, 9223372036797850807
7, 1266, 0, 9223372036854775807, 0, 9223372036797805807
7, 1267, 0, 9223372036854775807, 0, 9223372036797760807
7, 1268, 0, 9223372036854775807, 0, 9223372036797715807
7, 1269, 0, 9223372036854775807, 0, 9223372036797670807
7, 127, 0, 9223372036854775807, 0, 9223372036849060807
7, 1270, 0, 9223372036854775807, 0, 9223372036797625807
7, 1271, 0, 9223372036854775807, 0, 9223372036797580807
7, 1272, 0, 9223372036854775807, 0, 9223372036797535807
7, 1273, 0, 9223372036854775807, 0, 9223372036797490807
7, 1274, 0, 9223372036854775807, 0, 9223372036797445807
7, 1275, 0, 9223372036854775807, 0, 9223372036797400807
7, 1276, 0, 9223372036854775807, 0, 9223372036797355807
7, 1277, 0, 9223372036854775807, 0, 9223372036797310807
7, 1278, 0, 9223372036854775807, 0, 9223372036797265807
7, 1279, 0, 9223372036854775807, 0, 9223372036797220807
7, 128, 0, 9223372036854775807, 0, 9223372036849015807
7, 1280, 0, 9223372036854775807, 0, 9223372036797175807
7, 1281, 0, 9223372036854775807, 0, 9223372036797130807
7, 1282, 0, 9223372036854775807, 0, 9223372036797085807
7, 1283, 0, 9223372036854775807, 0, 9223372036797040807
7, 1284, 0, 9223372036854775807, 0, 9223372036796995807
7, 1285, 0, 9223372036854775807, 0, 9223372036796950807
7, 1286, 0, 9223372036854775807, 0, 9223372036796905807
7, 1287, 0, 9223372036854775807, 0, 9223372036796860807
7, 1288, 0, 9223372036854775807, 0, 9223372036796815807
7, 1289, 0, 9223372036854775807, 0, 9223372036796770807
7, 129, 0, 9223372036854775807, 0, 9223372036848970807
7, 1290, 0, 9223372036854775807, 0, 9223372036796725807
7, 1291, 0, 9223372036854775807, 0, 9223372036796680807
7, 1292, 0, 9223372036854775807, 0, 9223372036796635807
7, 1293, 0, 9223372036854775807, 0, 9223372036796590807
7, 1294, 0, 9223372036854775807, 0, 9223372036796545807
7, 1295, 0, 9223372036854775807, 0, 9223372036796500807
7, 1296, 0, 9223372036854775807, 0, 9223372036796455807
7, 1297, 0, 9223372036854775807, 0, 9223372036796410807
7, 1298, 0, 9223372036854775807, 0, 9223372036796365807
7, 1299, 0, 9223372036854775807, 0, 9223372036796320807
7, 13, 0, 9223372036854775807, 0, 9223372036854190807
7, 130, 0, 9223372036854775807, 0, 9223372036848925807
7, 1300, 0, 9223372036854775807, 0, 9223372036796275807
7, 1301, 0, 9223372036854775807, 0, 9223372036796230807
7, 1302, 0, 9223372036854775807, 0, 9223372036796185807
7, 1303, 0, 9223372036854775807, 0, 9223372036796140807
7, 1304, 0, 9223372036854775807, 0, 9223372036796095807
7, 1305, 0, 9223372036854775807, 0, 9223372036796050807
7, 1306, 0, 9223372036854775807, 0, 9223372036796005807
7, 1307, 0, 9223372036854775807, 0, 9223372036795960807
7, 1308, 0, 9223372036854775807, 0, 9223372036795915807
7, 1309, 0, 9223372036854775807, 0, 9223372036795870807
7, 131, 0, 9223372036854775807, 0, 9223372036848880807
7, 1310, 0, 9223372036854775807, 0, 9223372036795825807
7, 1311, 0, 9223372036854775807, 0, 9223372036795780807
7, 1312, 0, 9223372036854775807, 0, 9223372036795735807
7, 1313, 0, 9223372036854775807, 0, 9223372036795690807
7, 1314, 0, 9223372036854775807, 0, 9223372036795645807
7, 1315, 0, 9223372036854775807, 0, 9223372036795600807
7, 1316, 0, 9223372036854775807, 0, 9223372036795555807
7, 1317, 0, 9223372036854775807, 0, 9223372036795510807
7, 1318, 0, 9223372036854775807, 0, 9223372036795465807
7, 1319, 0, 9223372036854775807, 0, 9223372036795420807
7, 132, 0, 9223372036854775807, 0, 9223372036848835807
7, 1320, 0, 9223372036854775807, 0, 9223372036795375807
7, 1321, 0, 9223372036854775807, 0, 9223372036795330807
7, 1322, 0, 9223372036854775807, 0, 9223372036795285807
7, 1323, 0, 9223372036854775807, 0, 9223372036795240807
7, 1324, 0, 9223372036854775807, 0, 9223372036795195807
7, 1325, 0, 9223372036854775807, 0, 9223372036795150807
7, 1326, 0, 9223372036854775807, 0, 9223372036795105807
7, 1327, 0, 9223372036854775807, 0, 9223372036795060807
7, 1328, 0, 9223372036854775807, 0, 9223372036795015807
7, 1329, 0, 9223372036854775807, 0, 9223372036794970807
7, 133, 0, 9223372036854775807, 0, 9223372036848790807
7, 1330, 0, 9223372036854775807, 0, 9223372036794925807
7, 1331, 0, 9223372036854775807, 0, 9223372036794880807
7, 1332, 0, 9223372036854775807, 0, 9223372036794835807
7, 1333, 0, 9223372036854775807, 0, 9223372036794790807
7, 1334, 0, 9223372036854775807, 0, 9223372036794745807
7, 1335, 0, 9223372036854775807, 0, 9223372036794700807
7, 1336, 0, 9223372036854775807, 0, 9223372036794655807
7, 1337, 0, 9223372036854775807, 0, 9223372036794610807
7, 1338, 0, 9223372036854775807, 0, 9223372036794565807
7, 1339, 0, 9223372036854775807, 0, 9223372036794520807
7, 134, 0, 9223372036854775807, 0, 9223372036848745807
7, 1340, 0, 9223372036854775807, 0, 9223372036794475807
7, 1341, 0, 9223372036854775807, 0, 9223372036794430807
7, 1342, 0, 9223372036854775807, 0, 9223372036794385807
7, 1343, 0, 9223372036854775807, 0, 9223372036794340807
7, 1344, 0, 9223372036854775807, 0, 9223372036794295807
7, 1345, 0, 9223372036854775807, 0, 9223372036794250807
7, 1346, 0, 9223372036854775807, 0, 9223372036794205807
7, 1347, 0, 9223372036854775807, 0, 9223372036794160807
7, 1348, 0, 9223372036854775807, 0, 9223372036794115807
7, 1349, 0, 9223372036854775807, 0, 9223372036794070807
7, 135, 0, 9223372036854775807, 0, 9223372036848700807
7, 1350, 0, 9223372036854775807, 0, 9223372036794025807
7, 1351, 0, 9223372036854775807, 0, 9223372036793980807
7, 1352, 0, 9223372036854775807, 0, 9223372036793935807
7, 1353, 0, 9223372036854775807, 0, 9223372036793890807
7, 1354, 0, 9223372036854775807, 0, 9223372036793845807
7, 1355, 0, 9223372036854775807, 0, 9223372036793800807
7, 1356, 0, 9223372036854775807, 0, 9223372036793755807
7, 1357, 0, 9223372036854775807, 0, 9223372036793710807
7, 1358, 0, 9223372036854775807, 0, 9223372036793665807
7, 1359, 0, 9223372036854775807, 0, 9223372036793620807
7, 136, 0, 9223372036854775807, 0, 9223372036848655807
7, 1360, 0, 9223372036854775807, 0, 9223372036793575807
7, 1361, 0, 9223372036854775807, 0, 9223372036793530807
7, 1362, 0, 9223372036854775807, 0, 9223372036793485807
7, 1363, 0, 9223372036854775807, 0, 9223372036793440807
7, 1364, 0, 9223372036854775807, 0, 9223372036793395807
7, 1365, 0, 9223372036854775807, 0, 9223372036793350807
7, 1366, 0, 9223372036854775807, 0, 9223372036793305807
7, 1367, 0, 9223372036854775807, 0, 9223372036793260807
7, 1368, 0, 9223372036854775807, 0, 9223372036793215807
7, 1369, 0, 9223372036854775807, 0, 9223372036793170807
7, 137, 0, 9223372036854775807, 0, 9223372036848610807
7, 1370, 0, 9223372036854775807, 0, 9223372036793125807
7, 1371, 0, 9223372036854775807, 0, 9223372036793080807
7, 1372, 0, 9223372036854775807, 0, 9223372036793035807
7, 1373, 0, 9223372036854775807, 0, 9223372036792990807
7, 1374, 0, 9223372036854775807, 0, 9223372036792945807
7, 1375, 0, 9223372036854775807, 0, 9223372036792900807
7, 1376, 0, 9223372036854775807, 0, 9223372036792855807
7, 1377, 0, 9223372036854775807, 0, 9223372036792810807
7, 1378, 0, 9223372036854775807, 0, 9223372036792765807
7, 1379, 0, 9223372036854775807, 0, 9223372036792720807
7, 138, 0, 9223372036854775807, 0, 9223372036848565807
7, 1380, 0, 9223372036854775807, 0, 9223372036792675807
7, 1381, 0, 9223372036854775807, 0, 9223372036792630807
7, 1382, 0, 9223372036854775807, 0, 9223372036792585807
7, 1383, 0, 9223372036854775807, 0, 9223372036792540807
7, 1384, 0, 9223372036854775807, 0, 9223372036792495807
7, 1385, 0, 9223372036854775807, 0, 9223372036792450807
7, 1386, 0, 9223372036854775807, 0, 9223372036792405807
7, 1387, 0, 9223372036854775807, 0, 9223372036792360807
7, 1388, 0, 9223372036854775807, 0, 9223372036792315807
7, 1389, 0, 9223372036854775807, 0, 9223372036792270807
7, 139, 0, 9223372036854775807, 0, 9223372036848520807
7, 1390, 0, 9223372036854775807, 0, 9223372036792225807
7, 1391, 0, 9223372036854775807, 0, 9223372036792180807
7, 1392, 0, 9223372036854775807, 0, 9223372036792135807
7, 1393, 0, 9223372036854775807, 0, 9223372036792090807
7, 1394, 0, 9223372036854775807, 0, 9223372036792045807
7, 1395, 0, 9223372036854775807, 0, 9223372036792000807
7, 1396, 0, 9223372036854775807, 0, 9223372036791955807
7, 1397, 0, 9223372036854775807, 0, 9223372036791910807
7, 1398, 0, 9223372036854775807, 0, 9223372036791865807
7, 1399, 0, 9223372036854775807, 0, 9223372036791820807
7, 14, 0, 9223372036854775807, 0, 9223372036854145807
7, 140, 0, 9223372036854775807, 0, 9223372036848475807
7, 1400, 0, 9223372036854775807, 0, 9223372036791775807
7, 1401, 0, 9223372036854775807, 0, 9223372036791730807
7, 1402, 0, 9223372036854775807, 0, 9223372036791685807
7, 1403, 0, 9223372036854775807, 0, 9223372036791640807
7, 1404, 0, 9223372036854775807, 0, 9223372036791595807
7, 1405, 0, 9223372036854775807, 0, 9223372036791550807
7, 1406, 0, 9223372036854775807, 0, 9223372036791505807
7, 1407, 0, 9223372036854775807, 0, 9223372036791460807
7, 1408, 0, 9223372036854775807, 0, 9223372036791415807
7, 1409, 0, 9223372036854775807, 0, 9223372036791370807
7, 141, 0, 9223372036854775807, 0, 9223372036848430807
7, 1410, 0, 9223372036854775807, 0, 9223372036791325807
7, 1411, 0, 9223372036854775807, 0, 9223372036791280807
7, 1412, 0, 9223372036854775807, 0, 9223372036791235807
7, 1413, 0, 9223372036854775807, 0, 9223372036791190807
7, 1414, 0, 9223372036854775807, 0, 9223372036791145807
7, 1415, 0, 9223372036854775807, 0, 9223372036791100807
7, 1416, 0, 9223372036854775807, 0, 9223372036791055807
7, 1417, 0, 9223372036854775807, 0, 9223372036791010807
7, 1418, 0, 9223372036854775807, 0, 9223372036790965807
7, 1419, 0, 9223372036854775807, 0, 9223372036790920807
7, 142, 0, 9223372036854775807, 0, 9223372036848385807
7, 1420, 0, 9223372036854775807, 0, 9223372036790875807
7, 1421, 0, 9223372036854775807, 0, 9223372036790830807
7, 1422, 0, 9223372036854775807, 0, 9223372036790785807
7, 1423, 0, 9223372036854775807, 0, 9223372036790740807
7, 1424, 0, 9223372036854775807, 0, 9223372036790695807
7, 1425, 0, 9223372036854775807, 0, 9223372036790650807
7, 1426, 0, 9223372036854775807, 0, 9223372036790605807
7, 1427, 0, 9223372036854775807, 0, 9223372036790560807
7, 1428, 0, 9223372036854775807, 0, 9223372036790515807
7, 1429, 0, 9223372036854775807, 0, 9223372036790470807
7, 143, 0, 9223372036854775807, 0, 9223372036848340807
7, 1430, 0, 9223372036854775807, 0, 9223372036790425807
7, 1431, 0, 9223372036854775807, 0, 9223372036790380807
7, 1432, 0, 9223372036854775807, 0, 9223372036790335807
7, 1433, 0, 9223372036854775807, 0, 9223372036790290807
7, 1434, 0, 9223372036854775807, 0, 9223372036790245807
7, 1435, 0, 9223372036854775807, 0, 9223372036790200807
7, 1436, 0, 9223372036854775807, 0, 9223372036790155807
7, 1437, 0, 9223372036854775807, 0, 9223372036790110807
7, 1438, 0, 9223372036854775807, 0, 9223372036790065807
7, 1439, 0, 9223372036854775807, 0, 9223372036790020807
7, 144, 0, 9223372036854775807, 0, 9223372036848295807
7, 1440, 0, 9223372036854775807, 0, 9223372036789975807
7, 1441, 0, 9223372036854775807, 0, 9223372036789930807
7, 1442, 0, 9223372036854775807, 0, 9223372036789885807
7, 1443, 0, 9223372036854775807, 0, 9223372036789840807
7, 1444, 0, 9223372036854775807, 0, 9223372036789795807
7, 1445, 0, 9223372036854775807, 0, 9223372036789750807
7, 1446, 0, 9223372036854775807, 0, 9223372036789705807
7, 1447, 0, 9223372036854775807, 0, 9223372036789660807
7, 1448, 0, 9223372036854775807, 0, 9223372036789615807
7, 1449, 0, 9223372036854775807, 0, 9223372036789570807
7, 145, 0, 9223372036854775807, 0, 9223372036848250807
7, 1450, 0, 9223372036854775807, 0, 9223372036789525807
7, 1451, 0, 9223372036854775807, 0, 9223372036789480807
7, 1452, 0, 9223372036854775807, 0, 9223372036789435807
7, 1453, 0, 9223372036854775807, 0, 9223372036789390807
7, 1454, 0, 9223372036854775807, 0, 9223372036789345807
7, 1455, 0, 9223372036854775807, 0, 9223372036789300807
7, 1456, 0, 9223372036854775807, 0, 9223372036789255807
7, 1457, 0, 9223372036854775807, 0, 9223372036789210807
7, 1458, 0, 9223372036854775807, 0, 9223372036789165807
7, 1459, 0, 9223372036854775807, 0, 9223372036789120807
7, 146, 0, 9223372036854775807, 0, 9223372036848205807
7, 1460, 0, 9223372036854775807, 0, 9223372036789075807
7, 1461, 0, 9223372036854775807, 0, 9223372036789030807
7, 1462, 0, 9223372036854775807, 0, 9223372036788985807
7, 1463, 0, 9223372036854775807, 0, 9223372036788940807
7, 1464, 0, 9223372036854775807, 0, 9223372036788895807
7, 1465, 0, 9223372036854775807, 0, 9223372036788850807
7, 1466, 0, 9223372036854775807, 0, 9223372036788805807
7, 1467, 0, 9223372036854775807, 0, 9223372036788760807
7, 1468, 0, 9223372036854775807, 0, 9223372036788715807
7, 1469, 0, 9223372036854775807, 0, 9223372036788670807
7, 147, 0, 9223372036854775807, 0, 9223372036848160807
7, 1470, 0, 9223372036854775807, 0, 9223372036788625807
7, 1471, 0, 9223372036854775807, 0, 9223372036788580807
7, 1472, 0, 9223372036854775807, 0, 9223372036788535807
7, 1473, 0, 9223372036854775807, 0, 9223372036788490807
7, 1474, 0, 9223372036854775807, 0, 9223372036788445807
7, 1475, 0, 9223372036854775807, 0, 9223372036788400807
7, 1476, 0, 9223372036854775807, 0, 9223372036788355807
7, 1477, 0, 9223372036854775807, 0, 9223372036788310807
7, 1478, 0, 9223372036854775807, 0, 9223372036788265807
7, 1479, 0, 9223372036854775807, 0, 9223372036788220807
7, 148, 0, 9223372036854775807, 0, 9223372036848115807
7, 1480, 0, 9223372036854775807, 0, 9223372036788175807
7, 1481, 0, 9223372036854775807, 0, 9223372036788130807
7, 1482, 0, 9223372036854775807, 0, 9223372036788085807
7, 1483, 0, 9223372036854775807, 0, 9223372036788040807
7, 1484, 0, 9223372036854775807, 0, 9223372036787995807
7, 1485, 0, 9223372036854775807, 0, 9223372036787950807
7, 1486, 0, 9223372036854775807, 0, 9223372036787905807
7, 1487, 0, 9223372036854775807, 0, 9223372036787860807
7, 1488, 0, 9223372036854775807, 0, 9223372036787815807
7, 1489, 0, 9223372036854775807, 0, 9223372036787770807
7, 149, 0, 9223372036854775807, 0, 9223372036848070807
7, 1490, 0, 9223372036854775807, 0, 9223372036787725807
7, 1491, 0, 9223372036854775807, 0, 9223372036787680807
7, 1492, 0, 9223372036854775807, 0, 9223372036787635807
7, 1493, 0, 9223372036854775807, 0, 9223372036787590807
7, 1494, 0, 9223372036854775807, 0, 9223372036787545807
7, 1495, 0, 9223372036854775807, 0, 9223372036787500807
7, 1496, 0, 9223372036854775807, 0, 9223372036787455807
7, 1497, 0, 9223372036854775807, 0, 9223372036787410807
7, 1498, 0, 9223372036854775807, 0, 9223372036787365807
7, 1499, 0, 9223372036854775807, 0, 9223372036787320807
7, 15, 0, 9223372036854775807, 0, 9223372036854100807
7, 150, 0, 9223372036854775807, 0, 9223372036848025807
7, 1500, 0, 9223372036854775807, 0, 9223372036787275807
7, 1501, 0, 9223372036854775807, 0, 9223372036787230807
7, 1502, 0, 9223372036854775807, 0, 9223372036787185807
7, 1503, 0, 9223372036854775807, 0, 9223372036787140807
7, 1504, 0, 9223372036854775807, 0, 9223372036787095807
7, 1505, 0, 9223372036854775807, 0, 9223372036787050807
7, 1506, 0, 9223372036854775807, 0, 9223372036787005807
7, 1507, 0, 9223372036854775807, 0, 9223372036786960807
7, 1508, 0, 9223372036854775807, 0, 9223372036786915807
7, 1509, 0, 9223372036854775807, 0, 9223372036786870807
7, 151, 0, 9223372036854775807, 0, 9223372036847980807
7, 1510, 0, 9223372036854775807, 0, 9223372036786825807
7, 1511, 0, 9223372036854775807, 0, 9223372036786780807
7, 1512, 0, 9223372036854775807, 0, 9223372036786735807
7, 1513, 0, 9223372036854775807, 0, 9223372036786690807
7, 1514, 0, 9223372036854775807, 0, 9223372036786645807
7, 1515, 0, 9223372036854775807, 0, 9223372036786600807
7, 1516, 0, 9223372036854775807, 0, 9223372036786555807
7, 1517, 0, 9223372036854775807, 0, 9223372036786510807
7, 1518, 0, 9223372036854775807, 0, 9223372036786465807
7, 1519, 0, 9223372036854775807, 0, 9223372036786420807
7, 152, 0, 9223372036854775807, 0, 9223372036847935807
7, 1520, 0, 9223372036854775807, 0, 9223372036786375807
7, 1521, 0, 9223372036854775807, 0, 9223372036786330807
7, 1522, 0, 9223372036854775807, 0, 9223372036786285807
7, 1523, 0, 9223372036854775807, 0, 9223372036786240807
7, 1524, 0, 9223372036854775807, 0, 9223372036786195807
7, 1525, 0, 9223372036854775807, 0, 9223372036786150807
7, 1526, 0, 9223372036854775807, 0, 9223372036786105807
7, 1527, 0, 9223372036854775807, 0, 9223372036786060807
7, 1528, 0, 9223372036854775807, 0, 9223372036786015807
7, 1529, 0, 9223372036854775807, 0, 9223372036785970807
7, 153, 0, 9223372036854775807, 0, 9223372036847890807
7, 1530, 0, 9223372036854775807, 0, 9223372036785925807
7, 1531, 0, 9223372036854775807, 0, 9223372036785880807
7, 1532, 0, 9223372036854775807, 0, 9223372036785835807
7, 1533, 0, 9223372036854775807, 0, 9223372036785790807
7, 1534, 0, 9223372036854775807, 0, 9223372036785745807
7, 1535, 0, 9223372036854775807, 0, 9223372036785700807
7, 1536, 0, 9223372036854775807, 0, 9223372036785655807
7, 1537, 0, 9223372036854775807, 0, 9223372036785610807
7, 1538, 0, 9223372036854775807, 0, 9223372036785565807
7, 1539, 0, 9223372036854775807, 0, 9223372036785520807
7, 154, 0, 9223372036854775807, 0, 9223372036847845807
7, 1540, 0, 9223372036854775807, 0, 9223372036785475807
7, 1541, 0, 9223372036854775807, 0, 9223372036785430807
7, 1542, 0, 9223372036854775807, 0, 9223372036785385807
7, 1543, 0, 9223372036854775807, 0, 9223372036785340807
7, 1544, 0, 9223372036854775807, 0, 9223372036785295807
7, 1545, 0, 9223372036854775807, 0, 9223372036785250807
7, 1546, 0, 9223372036854775807, 0, 9223372036785205807
7, 1547, 0, 9223372036854775807, 0, 9223372036785160807
7, 1548, 0, 9223372036854775807, 0, 9223372036785115807
7, 1549, 0, 9223372036854775807, 0, 9223372036785070807
7, 155, 0, 9223372036854775807, 0, 9223372036847800807
7, 1550, 0, 9223372036854775807, 0, 9223372036785025807
7, 1551, 0, 9223372036854775807, 0, 9223372036784980807
7, 1552, 0, 9223372036854775807, 0, 9223372036784935807
7, 1553, 0, 9223372036854775807, 0, 9223372036784890807
7, 1554, 0, 9223372036854775807, 0, 9223372036784845807
7, 1555, 0, 9223372036854775807, 0, 9223372036784800807
7, 1556, 0, 9223372036854775807, 0, 9223372036784755807
7, 1557, 0, 9223372036854775807, 0, 9223372036784710807
7, 1558, 0, 9223372036854775807, 0, 9223372036784665807
7, 1559, 0, 9223372036854775807, 0, 9223372036784620807
7, 156, 0, 9223372036854775807, 0, 9223372036847755807
7, 1560, 0, 9223372036854775807, 0, 9223372036784575807
7, 1561, 0, 9223372036854775807, 0, 9223372036784530807
7, 1562, 0, 9223372036854775807, 0, 9223372036784485807
7, 1563, 0, 9223372036854775807, 0, 9223372036784440807
7, 1564, 0, 9223372036854775807, 0, 9223372036784395807
7, 1565, 0, 9223372036854775807, 0, 9223372036784350807
7, 1566, 0, 9223372036854775807, 0, 9223372036784305807
7, 1567, 0, 9223372036854775807, 0, 9223372036784260807
7, 1568, 0, 9223372036854775807, 0, 9223372036784215807
7, 1569, 0, 9223372036854775807, 0, 9223372036784170807
7, 157, 0, 9223372036854775807, 0, 9223372036847710807
7, 1570, 0, 9223372036854775807, 0, 9223372036784125807
7, 1571, 0, 9223372036854775807, 0, 9223372036784080807
7, 1572, 0, 9223372036854775807, 0, 9223372036784035807
7, 1573, 0, 9223372036854775807, 0, 9223372036783990807
7, 1574, 0, 9223372036854775807, 0, 9223372036783945807
7, 1575, 0, 9223372036854775807, 0, 9223372036783900807
7, 1576, 0, 9223372036854775807, 0, 9223372036783855807
7, 1577, 0, 9223372036854775807, 0, 9223372036783810807
7, 1578, 0, 9223372036854775807, 0, 9223372036783765807
7, 1579, 0, 9223372036854775807, 0, 9223372036783720807
7, 158, 0, 9223372036854775807, 0, 9223372036847665807
7, 1580, 0, 9223372036854775807, 0, 9223372036783675807
7, 1581, 0, 9223372036854775807, 0, 9223372036783630807
7, 1582, 0, 9223372036854775807, 0, 9223372036783585807
7, 1583, 0, 9223372036854775807, 0, 9223372036783540807
7, 1584, 0, 9223372036854775807, 0, 9223372036783495807
7, 1585, 0, 9223372036854775807, 0, 9223372036783450807
7, 1586, 0, 9223372036854775807, 0, 9223372036783405807
7, 1587, 0, 9223372036854775807, 0, 9223372036783360807
7, 1588, 0, 9223372036854775807, 0, 9223372036783315807
7, 1589, 0, 9223372036854775807, 0, 9223372036783270807
7, 159, 0, 9223372036854775807, 0, 9223372036847620807
7, 1590, 0, 9223372036854775807, 0, 9223372036783225807
7, 1591, 0, 9223372036854775807, 0, 9223372036783180807
7, 1592, 0, 9223372036854775807, 0, 9223372036783135807
7, 1593, 0, 9223372036854775807, 0, 9223372036783090807
7, 1594, 0, 9223372036854775807, 0, 9223372036783045807
7, 1595, 0, 9223372036854775807, 0, 9223372036783000807
7, 1596, 0, 9223372036854775807, 0, 9223372036782955807
7, 1597, 0, 9223372036854775807, 0, 9223372036782910807
7, 1598, 0, 9223372036854775807, 0, 9223372036782865807
7, 1599, 0, 9223372036854775807, 0, 9223372036782820807
7, 16, 0, 9223372036854775807, 0, 9223372036854055807
7, 160, 0, 9223372036854775807, 0, 9223372036847575807
7, 1600, 0, 9223372036854775807, 0, 9223372036782775807
7, 1601, 0, 9223372036854775807, 0, 9223372036782730807
7, 1602, 0, 9223372036854775807, 0, 9223372036782685807
7, 1603, 0, 9223372036854775807, 0, 9223372036782640807
7, 1604, 0, 9223372036854775807, 0, 9223372036782595807
7, 1605, 0, 9223372036854775807, 0, 9223372036782550807
7, 1606, 0, 9223372036854775807, 0, 9223372036782505807
7, 1607, 0, 9223372036854775807, 0, 9223372036782460807
7, 1608, 0, 9223372036854775807, 0, 9223372036782415807
7, 1609, 0, 9223372036854775807, 0, 9223372036782370807
7, 161, 0, 9223372036854775807, 0, 9223372036847530807
7, 1610, 0, 9223372036854775807, 0, 9223372036782325807
7, 1611, 0, 9223372036854775807, 0, 9223372036782280807
7, 1612, 0, 9223372036854775807, 0, 9223372036782235807
7, 1613, 0, 9223372036854775807, 0, 9223372036782190807
7, 1614, 0, 9223372036854775807, 0, 9223372036782145807
7, 1615, 0, 9223372036854775807, 0, 9223372036782100807
7, 1616, 0, 9223372036854775807, 0, 9223372036782055807
7, 1617, 0, 9223372036854775807, 0, 9223372036782010807
7, 1618, 0, 9223372036854775807, 0, 9223372036781965807
7, 1619, 0, 9223372036854775807, 0, 9223372036781920807
7, 162, 0, 9223372036854775807, 0, 9223372036847485807
7, 1620, 0, 9223372036854775807, 0, 9223372036781875807
7, 1621, 0, 9223372036854775807, 0, 9223372036781830807
7, 1622, 0, 9223372036854775807, 0, 9223372036781785807
7, 1623, 0, 9223372036854775807, 0, 9223372036781740807
7, 1624, 0, 9223372036854775807, 0, 9223372036781695807
7, 1625, 0, 9223372036854775807, 0, 9223372036781650807
7, 1626, 0, 9223372036854775807, 0, 9223372036781605807
7, 1627, 0, 9223372036854775807, 0, 9223372036781560807
7, 1628, 0, 9223372036854775807, 0, 9223372036781515807
7, 1629, 0, 9223372036854775807, 0, 9223372036781470807
7, 163, 0, 9223372036854775807, 0, 9223372036847440807
7, 1630, 0, 9223372036854775807, 0, 9223372036781425807
7, 1631, 0, 9223372036854775807, 0, 9223372036781380807
7, 1632, 0, 9223372036854775807, 0, 9223372036781335807
7, 1633, 0, 9223372036854775807, 0, 9223372036781290807
7, 1634, 0, 9223372036854775807, 0, 9223372036781245807
7, 1635, 0, 9223372036854775807, 0, 9223372036781200807
7, 1636, 0, 9223372036854775807, 0, 9223372036781155807
7, 1637, 0, 9223372036854775807, 0, 9223372036781110807
7, 1638, 0, 9223372036854775807, 0, 9223372036781065807
7, 1639, 0, 9223372036854775807, 0, 9223372036781020807
7, 164, 0, 9223372036854775807, 0, 9223372036847395807
7, 1640, 0, 9223372036854775807, 0, 9223372036780975807
7, 1641, 0, 9223372036854775807, 0, 9223372036780930807
7, 1642, 0, 9223372036854775807, 0, 9223372036780885807
7, 1643, 0, 9223372036854775807, 0, 9223372036780840807
7, 1644, 0, 9223372036854775807, 0, 9223372036780795807
7, 1645, 0, 9223372036854775807, 0, 9223372036780750807
7, 1646, 0, 9223372036854775807, 0, 9223372036780705807
7, 1647, 0, 9223372036854775807, 0, 9223372036780660807
7, 1648, 0, 9223372036854775807, 0, 9223372036780615807
7, 1649, 0, 9223372036854775807, 0, 9223372036780570807
7, 165, 0, 9223372036854775807, 0, 9223372036847350807
7, 1650, 0, 9223372036854775807, 0, 9223372036780525807
7, 1651, 0, 9223372036854775807, 0, 9223372036780480807
7, 1652, 0, 9223372036854775807, 0, 9223372036780435807
7, 1653, 0, 9223372036854775807, 0, 9223372036780390807
7, 1654, 0, 9223372036854775807, 0, 9223372036780345807
7, 1655, 0, 9223372036854775807, 0, 9223372036780300807
7, 1656, 0, 9223372036854775807, 0, 9223372036780255807
7, 1657, 0, 9223372036854775807, 0, 9223372036780210807
7, 1658, 0, 9223372036854775807, 0, 9223372036780165807
7, 1659, 0, 9223372036854775807, 0, 9223372036780120807
7, 166, 0, 9223372036854775807, 0, 9223372036847305807
7, 1660, 0, 9223372036854775807, 0, 9223372036780075807
7, 1661, 0, 9223372036854775807, 0, 9223372036780030807
7, 1662, 0, 9223372036854775807, 0, 9223372036779985807
7, 1663, 0, 9223372036854775807, 0, 9223372036779940807
7, 1664, 0, 9223372036854775807, 0, 9223372036779895807
7, 1665, 0, 9223372036854775807, 0, 9223372036779850807
7, 1666, 0, 9223372036854775807, 0, 9223372036779805807
7, 1667, 0, 9223372036854775807, 0, 9223372036779760807
7, 1668, 0, 9223372036854775807, 0, 9223372036779715807
7, 1669, 0, 9223372036854775807, 0, 9223372036779670807
7, 167, 0, 9223372036854775807, 0, 9223372036847260807
7, 1670, 0, 9223372036854775807, 0, 9223372036779625807
7, 1671, 0, 9223372036854775807, 0, 9223372036779580807
7, 1672, 0, 9223372036854775807, 0, 9223372036779535807
7, 1673, 0, 9223372036854775807, 0, 9223372036779490807
7, 1674, 0, 9223372036854775807, 0, 9223372036779445807
7, 1675, 0, 9223372036854775807, 0, 9223372036779400807
7, 1676, 0, 9223372036854775807, 0, 9223372036779355807
7, 1677, 0, 9223372036854775807, 0, 9223372036779310807
7, 1678, 0, 9223372036854775807, 0, 9223372036779265807
7, 1679, 0, 9223372036854775807, 0, 9223372036779220807
7, 168, 0, 9223372036854775807, 0, 9223372036847215807
7, 1680, 0, 9223372036854775807, 0, 9223372036779175807
7, 1681, 0, 9223372036854775807, 0, 9223372036779130807
7, 1682, 0, 9223372036854775807, 0, 9223372036779085807
7, 1683, 0, 9223372036854775807, 0, 9223372036779040807
7, 1684, 0, 9223372036854775807, 0, 9223372036778995807
7, 1685, 0, 9223372036854775807, 0, 9223372036778950807
7, 1686, 0, 9223372036854775807, 0, 9223372036778905807
7, 1687, 0, 9223372036854775807, 0, 9223372036778860807
7, 1688, 0, 9223372036854775807, 0, 9223372036778815807
7, 1689, 0, 9223372036854775807, 0, 9223372036778770807
7, 169, 0, 9223372036854775807, 0, 9223372036847170807
7, 1690, 0, 9223372036854775807, 0, 9223372036778725807
7, 1691, 0, 9223372036854775807, 0, 9223372036778680807
7, 1692, 0, 9223372036854775807, 0, 9223372036778635807
7, 1693, 0, 9223372036854775807, 0, 9223372036778590807
7, 1694, 0, 9223372036854775807, 0, 9223372036778545807
7, 1695, 0, 9223372036854775807, 0, 9223372036778500807
7, 1696, 0, 9223372036854775807, 0, 9223372036778455807
7, 1697, 0, 9223372036854775807, 0, 9223372036778410807
7, 1698, 0, 9223372036854775807, 0, 9223372036778365807
7, 1699, 0, 9223372036854775807, 0, 9223372036778320807
7, 17, 0, 9223372036854775807, 0, 9223372036854010807
7, 170, 0, 9223372036854775807, 0, 9223372036847125807
7, 1700, 0, 9223372036854775807, 0, 9223372036778275807
7, 1701, 0, 9223372036854775807, 0, 9223372036778230807
7, 1702, 0, 9223372036854775807, 0, 9223372036778185807
7, 1703, 0, 9223372036854775807, 0, 9223372036778140807
7, 1704, 0, 9223372036854775807, 0, 9223372036778095807
7, 1705, 0, 9223372036854775807, 0, 9223372036778050807
7, 1706, 0, 9223372036854775807, 0, 9223372036778005807
7, 1707, 0, 9223372036854775807, 0, 9223372036777960807
7, 1708, 0, 9223372036854775807, 0, 9223372036777915807
7, 1709, 0, 9223372036854775807, 0, 9223372036777870807
7, 171, 0, 9223372036854775807, 0, 9223372036847080807
7, 1710, 0, 9223372036854775807, 0, 9223372036777825807
7, 1711, 0, 9223372036854775807, 0, 9223372036777780807
7, 1712, 0, 9223372036854775807, 0, 9223372036777735807
7, 1713, 0, 9223372036854775807, 0, 9223372036777690807
7, 1714, 0, 9223372036854775807, 0, 9223372036777645807
7, 1715, 0, 9223372036854775807, 0, 9223372036777600807
7, 1716, 0, 9223372036854775807, 0, 9223372036777555807
7, 1717, 0, 9223372036854775807, 0, 9223372036777510807
7, 1718, 0, 9223372036854775807, 0, 9223372036777465807
7, 1719, 0, 9223372036854775807, 0, 9223372036777420807
7, 172, 0, 9223372036854775807, 0, 9223372036847035807
7, 1720, 0, 9223372036854775807, 0, 9223372036777375807
7, 1721, 0, 9223372036854775807, 0, 9223372036777330807
7, 1722, 0, 9223372036854775807, 0, 9223372036777285807
7, 1723, 0, 9223372036854775807, 0, 9223372036777240807
7, 1724, 0, 9223372036854775807, 0, 9223372036777195807
7, 1725, 0, 9223372036854775807, 0, 9223372036777150807
7, 1726, 0, 9223372036854775807, 0, 9223372036777105807
7, 1727, 0, 9223372036854775807, 0, 9223372036777060807
7, 1728, 0, 9223372036854775807, 0, 9223372036777015807
7, 1729, 0, 9223372036854775807, 0, 9223372036776970807
7, 173, 0, 9223372036854775807, 0, 9223372036846990807
7, 1730, 0, 9223372036854775807, 0, 9223372036776925807
7, 1731, 0, 9223372036854775807, 0, 9223372036776880807
7, 1732, 0, 9223372036854775807, 0, 9223372036776835807
7, 1733, 0, 9223372036854775807, 0, 9223372036776790807
7, 1734, 0, 9223372036854775807, 0, 9223372036776745807
7, 1735, 0, 9223372036854775807, 0, 9223372036776700807
7, 1736, 0, 9223372036854775807, 0, 9223372036776655807
7, 1737, 0, 9223372036854775807, 0, 9223372036776610807
7, 1738, 0, 9223372036854775807, 0, 9223372036776565807
7, 1739, 0, 9223372036854775807, 0, 9223372036776520807
7, 174, 0, 9223372036854775807, 0, 9223372036846945807
7, 1740, 0, 9223372036854775807, 0, 9223372036776475807
7, 1741, 0, 9223372036854775807, 0, 9223372036776430807
7, 1742, 0, 9223372036854775807, 0, 9223372036776385807
7, 1743, 0, 9223372036854775807, 0, 9223372036776340807
7, 1744, 0, 9223372036854775807, 0, 9223372036776295807
7, 1745, 0, 9223372036854775807, 0, 9223372036776250807
7, 1746, 0, 9223372036854775807, 0, 9223372036776205807
7, 1747, 0, 9223372036854775807, 0, 9223372036776160807
7, 1748, 0, 9223372036854775807, 0, 9223372036776115807
7, 1749, 0, 9223372036854775807, 0, 9223372036776070807
7, 175, 0, 9223372036854775807, 0, 9223372036846900807
7, 1750, 0, 9223372036854775807, 0, 9223372036776025807
7, 1751, 0, 9223372036854775807, 0, 9223372036775980807
7, 1752, 0, 9223372036854775807, 0, 9223372036775935807
7, 1753, 0, 9223372036854775807, 0, 9223372036775890807
7, 1754, 0, 9223372036854775807, 0, 9223372036775845807
7, 1755, 0, 9223372036854775807, 0, 9223372036775800807
7, 1756, 0, 9223372036854775807, 0, 9223372036775755807
7, 1757, 0, 9223372036854775807, 0, 9223372036775710807
7, 1758, 0, 9223372036854775807, 0, 9223372036775665807
7, 1759, 0, 9223372036854775807, 0, 9223372036775620807
7, 176, 0, 9223372036854775807, 0, 9223372036846855807
7, 1760, 0, 9223372036854775807, 0, 9223372036775575807
7, 1761, 0, 9223372036854775807, 0, 9223372036775530807
7, 1762, 0, 9223372036854775807, 0, 9223372036775485807
7, 1763, 0, 9223372036854775807, 0, 9223372036775440807
7, 1764, 0, 9223372036854775807, 0, 9223372036775395807
7, 1765, 0, 9223372036854775807, 0, 9223372036775350807
7, 1766, 0, 9223372036854775807, 0, 9223372036775305807
7, 1767, 0, 9223372036854775807, 0, 9223372036775260807
7, 1768, 0, 9223372036854775807, 0, 9223372036775215807
7, 1769, 0, 9223372036854775807, 0, 9223372036775170807
7, 177, 0, 9223372036854775807, 0, 9223372036846810807
7, 1770, 0, 9223372036854775807, 0, 9223372036775125807
7, 1771, 0, 9223372036854775807, 0, 9223372036775080807
7, 1772, 0, 9223372036854775807, 0, 9223372036775035807
7, 1773, 0, 9223372036854775807, 0, 9223372036774990807
7, 1774, 0, 9223372036854775807, 0, 9223372036774945807
7, 1775, 0, 9223372036854775807, 0, 9223372036774900807
7, 1776, 0, 9223372036854775807, 0, 9223372036774855807
7, 1777, 0, 9223372036854775807, 0, 9223372036774810807
7, 1778, 0, 9223372036854775807, 0, 9223372036774765807
7, 1779, 0, 9223372036854775807, 0, 9223372036774720807
7, 178, 0, 9223372036854775807, 0, 9223372036846765807
7, 1780, 0, 9223372036854775807, 0, 9223372036774675807
7, 1781, 0, 9223372036854775807, 0, 9223372036774630807
7, 1782, 0, 9223372036854775807, 0, 9223372036774585807
7, 1783, 0, 9223372036854775807, 0, 9223372036774540807
7, 1784, 0, 9223372036854775807, 0, 9223372036774495807
7, 1785, 0, 9223372036854775807, 0, 9223372036774450807
7, 1786, 0, 9223372036854775807, 0, 9223372036774405807
7, 1787, 0, 9223372036854775807, 0, 9223372036774360807
7, 1788, 0, 9223372036854775807, 0, 9223372036774315807
7, 1789, 0, 9223372036854775807, 0, 9223372036774270807
7, 179, 0, 9223372036854775807, 0, 9223372036846720807
7, 1790, 0, 9223372036854775807, 0, 9223372036774225807
7, 1791, 0, 9223372036854775807, 0, 9223372036774180807
7, 1792, 0, 9223372036854775807, 0, 9223372036774135807
7, 1793, 0, 9223372036854775807, 0, 9223372036774090807
7, 1794, 0, 9223372036854775807, 0, 9223372036774045807
7, 1795, 0, 9223372036854775807, 0, 9223372036774000807
7, 1796, 0, 9223372036854775807, 0, 9223372036773955807
7, 1797, 0, 9223372036854775807, 0, 9223372036773910807
7, 1798, 0, 9223372036854775807, 0, 9223372036773865807
7, 1799, 0, 9223372036854775807, 0, 9223372036773820807
7, 18, 0, 9223372036854775807, 0, 9223372036853965807
7, 180, 0, 9223372036854775807, 0, 9223372036846675807
7, 1800, 0, 9223372036854775807, 0, 9223372036773775807
7, 1801, 0, 9223372036854775807, 0, 9223372036773730807
7, 1802, 0, 9223372036854775807, 0, 9223372036773685807
7, 1803, 0, 9223372036854775807, 0, 9223372036773640807
7, 1804, 0, 9223372036854775807, 0, 9223372036773595807
7, 1805, 0, 9223372036854775807, 0, 9223372036773550807
7, 1806, 0, 9223372036854775807, 0, 9223372036773505807
7, 1807, 0, 9223372036854775807, 0, 9223372036773460807
7, 1808, 0, 9223372036854775807, 0, 9223372036773415807
7, 1809, 0, 9223372036854775807, 0, 9223372036773370807
7, 181, 0, 9223372036854775807, 0, 9223372036846630807
7, 1810, 0, 9223372036854775807, 0, 9223372036773325807
7, 1811, 0, 9223372036854775807, 0, 9223372036773280807
7, 1812, 0, 9223372036854775807, 0, 9223372036773235807
7, 1813, 0, 9223372036854775807, 0, 9223372036773190807
7, 1814, 0, 9223372036854775807, 0, 9223372036773145807
7, 1815, 0, 9223372036854775807, 0, 9223372036773100807
7, 1816, 0, 9223372036854775807, 0, 9223372036773055807
7, 1817, 0, 9223372036854775807, 0, 9223372036773010807
7, 1818, 0, 9223372036854775807, 0, 9223372036772965807
7, 1819, 0, 9223372036854775807, 0, 9223372036772920807
7, 182, 0, 9223372036854775807, 0, 9223372036846585807
7, 1820, 0, 9223372036854775807, 0, 9223372036772875807
7, 1821, 0, 9223372036854775807, 0, 9223372036772830807
7, 1822, 0, 9223372036854775807, 0, 9223372036772785807
7, 1823, 0, 9223372036854775807, 0, 9223372036772740807
7, 1824, 0, 9223372036854775807, 0, 9223372036772695807
7, 1825, 0, 9223372036854775807, 0, 9223372036772650807
7, 1826, 0, 9223372036854775807, 0, 9223372036772605807
7, 1827, 0, 9223372036854775807, 0, 9223372036772560807
7, 1828, 0, 9223372036854775807, 0, 9223372036772515807
7, 1829, 0, 9223372036854775807, 0, 9223372036772470807
7, 183, 0, 9223372036854775807, 0, 9223372036846540807
7, 1830, 0, 9223372036854775807, 0, 9223372036772425807
7, 1831, 0, 9223372036854775807, 0, 9223372036772380807
7, 1832, 0, 9223372036854775807, 0, 9223372036772335807
7, 1833, 0, 9223372036854775807, 0, 9223372036772290807
7, 1834, 0, 9223372036854775807, 0, 9223372036772245807
7, 1835, 0, 9223372036854775807, 0, 9223372036772200807
7, 1836, 0, 9223372036854775807, 0, 9223372036772155807
7, 1837, 0, 9223372036854775807, 0, 9223372036772110807
7, 1838, 0, 9223372036854775807, 0, 9223372036772065807
7, 1839, 0, 9223372036854775807, 0, 9223372036772020807
7, 184, 0, 9223372036854775807, 0, 9223372036846495807
7, 1840, 0, 9223372036854775807, 0, 9223372036771975807
7, 1841, 0, 9223372036854775807, 0, 9223372036771930807
7, 1842, 0, 9223372036854775807, 0, 9223372036771885807
7, 1843, 0, 9223372036854775807, 0, 9223372036771840807
7, 1844, 0, 9223372036854775807, 0, 9223372036771795807
7, 1845, 0, 9223372036854775807, 0, 9223372036771750807
7, 1846, 0, 9223372036854775807, 0, 9223372036771705807
7, 1847, 0, 9223372036854775807, 0, 9223372036771660807
7, 1848, 0, 9223372036854775807, 0, 9223372036771615807
7, 1849, 0, 9223372036854775807, 0, 9223372036771570807
7, 185, 0, 9223372036854775807, 0, 9223372036846450807
7, 1850, 0, 9223372036854775807, 0, 9223372036771525807
7, 1851, 0, 9223372036854775807, 0, 9223372036771480807
7, 1852, 0, 9223372036854775807, 0, 9223372036771435807
7, 1853, 0, 9223372036854775807, 0, 9223372036771390807
7, 1854, 0, 9223372036854775807, 0, 9223372036771345807
7, 1855, 0, 9223372036854775807, 0, 9223372036771300807
7, 1856, 0, 9223372036854775807, 0, 9223372036771255807
7, 1857, 0, 9223372036854775807, 0, 9223372036771210807
7, 1858, 0, 9223372036854775807, 0, 9223372036771165807
7, 1859, 0, 9223372036854775807, 0, 9223372036771120807
7, 186, 0, 9223372036854775807, 0, 9223372036846405807
7, 1860, 0, 9223372036854775807, 0, 9223372036771075807
7, 1861, 0, 9223372036854775807, 0, 9223372036771030807
7, 1862, 0, 9223372036854775807, 0, 9223372036770985807
7, 1863, 0, 9223372036854775807, 0, 9223372036770940807
7, 1864, 0, 9223372036854775807, 0, 9223372036770895807
7, 1865, 0, 9223372036854775807, 0, 9223372036770850807
7, 1866, 0, 9223372036854775807, 0, 9223372036770805807
7, 1867, 0, 9223372036854775807, 0, 9223372036770760807
7, 1868, 0, 9223372036854775807, 0, 9223372036770715807
7, 1869, 0, 9223372036854775807, 0, 9223372036770670807
7, 187, 0, 9223372036854775807, 0, 9223372036846360807
7, 1870, 0, 9223372036854775807, 0, 9223372036770625807
7, 1871, 0, 9223372036854775807, 0, 9223372036770580807
7, 1872, 0, 9223372036854775807, 0, 9223372036770535807
7, 1873, 0, 9223372036854775807, 0, 9223372036770490807
7, 1874, 0, 9223372036854775807, 0, 9223372036770445807
7, 1875, 0, 9223372036854775807, 0, 9223372036770400807
7, 1876, 0, 9223372036854775807, 0, 9223372036770355807
7, 1877, 0, 9223372036854775807, 0, 9223372036770310807
7, 1878, 0, 9223372036854775807, 0, 9223372036770265807
7, 1879, 0, 9223372036854775807, 0, 9223372036770220807
7, 188, 0, 9223372036854775807, 0, 9223372036846315807
7, 1880, 0, 9223372036854775807, 0, 9223372036770175807
7, 1881, 0, 9223372036854775807, 0, 9223372036770130807
7, 1882, 0, 9223372036854775807, 0, 9223372036770085807
7, 1883, 0, 9223372036854775807, 0, 9223372036770040807
7, 1884, 0, 9223372036854775807, 0, 9223372036769995807
7, 1885, 0, 9223372036854775807, 0, 9223372036769950807
7, 1886, 0, 9223372036854775807, 0, 9223372036769905807
7, 1887, 0, 9223372036854775807, 0, 9223372036769860807
7, 1888, 0, 9223372036854775807, 0, 9223372036769815807
7, 1889, 0, 9223372036854775807, 0, 9223372036769770807
7, 189, 0, 9223372036854775807, 0, 9223372036846270807
7, 1890, 0, 9223372036854775807, 0, 9223372036769725807
7, 1891, 0, 9223372036854775807, 0, 9223372036769680807
7, 1892, 0, 9223372036854775807, 0, 9223372036769635807
7, 1893, 0, 9223372036854775807, 0, 9223372036769590807
7, 1894, 0, 9223372036854775807, 0, 9223372036769545807
7, 1895, 0, 9223372036854775807, 0, 9223372036769500807
7, 1896, 0, 9223372036854775807, 0, 9223372036769455807
7, 1897, 0, 9223372036854775807, 0, 9223372036769410807
7, 1898, 0, 9223372036854775807, 0, 9223372036769365807
7, 1899, 0, 9223372036854775807, 0, 9223372036769320807
7, 19, 0, 9223372036854775807, 0, 9223372036853920807
7, 190, 0, 9223372036854775807, 0, 9223372036846225807
7, 1900, 0, 9223372036854775807, 0, 9223372036769275807
7, 1901, 0, 9223372036854775807, 0, 9223372036769230807
7, 1902, 0, 9223372036854775807, 0, 9223372036769185807
7, 1903, 0, 9223372036854775807, 0, 9223372036769140807
7, 1904, 0, 9223372036854775807, 0, 9223372036769095807
7, 1905, 0, 9223372036854775807, 0, 9223372036769050807
7, 1906, 0, 9223372036854775807, 0, 9223372036769005807
7, 1907, 0, 9223372036854775807, 0, 9223372036768960807
7, 1908, 0, 9223372036854775807, 0, 9223372036768915807
7, 1909, 0, 9223372036854775807, 0, 9223372036768870807
7, 191, 0, 9223372036854775807, 0, 9223372036846180807
7, 1910, 0, 9223372036854775807, 0, 9223372036768825807
7, 1911, 0, 9223372036854775807, 0, 9223372036768780807
7, 1912, 0, 9223372036854775807, 0, 9223372036768735807
7, 1913, 0, 9223372036854775807, 0, 9223372036768690807
7, 1914, 0, 9223372036854775807, 0, 9223372036768645807
7, 1915, 0, 9223372036854775807, 0, 9223372036768600807
7, 1916, 0, 9223372036854775807, 0, 9223372036768555807
7, 1917, 0, 9223372036854775807, 0, 9223372036768510807
7, 1918, 0, 9223372036854775807, 0, 9223372036768465807
7, 1919, 0, 9223372036854775807, 0, 9223372036768420807
7, 192, 0, 9223372036854775807, 0, 9223372036846135807
7, 1920, 0, 9223372036854775807, 0, 9223372036768375807
7, 1921, 0, 9223372036854775807, 0, 9223372036768330807
7, 1922, 0, 9223372036854775807, 0, 9223372036768285807
7, 1923, 0, 9223372036854775807, 0, 9223372036768240807
7, 1924, 0, 9223372036854775807, 0, 9223372036768195807
7, 1925, 0, 9223372036854775807, 0, 9223372036768150807
7, 1926, 0, 9223372036854775807, 0, 9223372036768105807
7, 1927, 0, 9223372036854775807, 0, 9223372036768060807
7, 1928, 0, 9223372036854775807, 0, 9223372036768015807
7, 1929, 0, 9223372036854775807, 0, 9223372036767970807
7, 193, 0, 9223372036854775807, 0, 9223372036846090807
7, 1930, 0, 9223372036854775807, 0, 9223372036767925807
7, 1931, 0, 9223372036854775807, 0, 9223372036767880807
7, 1932, 0, 9223372036854775807, 0, 9223372036767835807
7, 1933, 0, 9223372036854775807, 0, 9223372036767790807
7, 1934, 0, 9223372036854775807, 0, 9223372036767745807
7, 1935, 0, 9223372036854775807, 0, 9223372036767700807
7, 1936, 0, 9223372036854775807, 0, 9223372036767655807
7, 1937, 0, 9223372036854775807, 0, 9223372036767610807
7, 1938, 0, 9223372036854775807, 0, 9223372036767565807
7, 1939, 0, 9223372036854775807, 0, 9223372036767520807
7, 194, 0, 9223372036854775807, 0, 9223372036846045807
7, 1940, 0, 9223372036854775807, 0, 9223372036767475807
7, 1941, 0, 9223372036854775807, 0, 9223372036767430807
7, 1942, 0, 9223372036854775807, 0, 9223372036767385807
7, 1943, 0, 9223372036854775807, 0, 9223372036767340807
7, 1944, 0, 9223372036854775807, 0, 9223372036767295807
7, 1945, 0, 9223372036854775807, 0, 9223372036767250807
7, 1946, 0, 9223372036854775807, 0, 9223372036767205807
7, 1947, 0, 9223372036854775807, 0, 9223372036767160807
7, 1948, 0, 9223372036854775807, 0, 9223372036767115807
7, 1949, 0, 9223372036854775807, 0, 9223372036767070807
7, 195, 0, 9223372036854775807, 0, 9223372036846000807
7, 1950, 0, 9223372036854775807, 0, 9223372036767025807
7, 1951, 0, 9223372036854775807, 0, 9223372036766980807
7, 1952, 0, 9223372036854775807, 0, 9223372036766935807
7, 1953, 0, 9223372036854775807, 0, 9223372036766890807
7, 1954, 0, 9223372036854775807, 0, 9223372036766845807
7, 1955, 0, 9223372036854775807, 0, 9223372036766800807
7, 1956, 0, 9223372036854775807, 0, 9223372036766755807
7, 1957, 0, 9223372036854775807, 0, 9223372036766710807
7, 1958, 0, 9223372036854775807, 0, 9223372036766665807
7, 1959, 0, 9223372036854775807, 0, 9223372036766620807
7, 196, 0, 9223372036854775807, 0, 9223372036845955807
7, 1960, 0, 9223372036854775807, 0, 9223372036766575807
7, 1961, 0, 9223372036854775807, 0, 9223372036766530807
7, 1962, 0, 9223372036854775807, 0, 9223372036766485807
7, 1963, 0, 9223372036854775807, 0, 9223372036766440807
7, 1964, 0, 9223372036854775807, 0, 9223372036766395807
7, 1965, 0, 9223372036854775807, 0, 9223372036766350807
7, 1966, 0, 9223372036854775807, 0, 9223372036766305807
7, 1967, 0, 9223372036854775807, 0, 9223372036766260807
7, 1968, 0, 9223372036854775807, 0, 9223372036766215807
7, 1969, 0, 9223372036854775807, 0, 9223372036766170807
7, 197, 0, 9223372036854775807, 0, 9223372036845910807
7, 1970, 0, 9223372036854775807, 0, 9223372036766125807
7, 1971, 0, 9223372036854775807, 0, 9223372036766080807
7, 1972, 0, 9223372036854775807, 0, 9223372036766035807
7, 1973, 0, 9223372036854775807, 0, 9223372036765990807
7, 1974, 0, 9223372036854775807, 0, 9223372036765945807
7, 1975, 0, 9223372036854775807, 0, 9223372036765900807
7, 1976, 0, 9223372036854775807, 0, 9223372036765855807
7, 1977, 0, 9223372036854775807, 0, 9223372036765810807
7, 1978, 0, 9223372036854775807, 0, 9223372036765765807
7, 1979, 0, 9223372036854775807, 0, 9223372036765720807
7, 198, 0, 9223372036854775807, 0, 9223372036845865807
7, 1980, 0, 9223372036854775807, 0, 9223372036765675807
7, 1981, 0, 9223372036854775807, 0, 9223372036765630807
7, 1982, 0, 9223372036854775807, 0, 9223372036765585807
7, 1983, 0, 9223372036854775807, 0, 9223372036765540807
7, 1984, 0, 9223372036854775807, 0, 9223372036765495807
7, 1985, 0, 9223372036854775807, 0, 9223372036765450807
7, 1986, 0, 9223372036854775807, 0, 9223372036765405807
7, 1987, 0, 9223372036854775807, 0, 9223372036765360807
7, 1988, 0, 9223372036854775807, 0, 9223372036765315807
7, 1989, 0, 9223372036854775807, 0, 9223372036765270807
7, 199, 0, 9223372036854775807, 0, 9223372036845820807
7, 1990, 0, 9223372036854775807, 0, 9223372036765225807
7, 1991, 0, 9223372036854775807, 0, 9223372036765180807
7, 1992, 0, 9223372036854775807, 0, 9223372036765135807
7, 1993, 0, 9223372036854775807, 0, 9223372036765090807
7, 1994, 0, 9223372036854775807, 0, 9223372036765045807
7, 1995, 0, 9223372036854775807, 0, 9223372036765000807
7, 1996, 0, 9223372036854775807, 0, 9223372036764955807
7, 1997, 0, 9223372036854775807, 0, 9223372036764910807
7, 1998, 0, 9223372036854775807, 0, 9223372036764865807
7, 1999, 0, 9223372036854775807, 0, 9223372036764820807
7, 2, 0, 9223372036854775807, 0, 9223372036854685807
7, 20, 0, 9223372036854775807, 0, 9223372036853875807
7, 200, 0, 9223372036854775807, 0, 9223372036845775807
7, 2000, 0, 9223372036854775807, 0, 9223372036764775807
7, 2001, 0, 9223372036854775807, 0, 9223372036764730807
7, 2002, 0, 9223372036854775807, 0, 9223372036764685807
7, 2003, 0, 9223372036854775807, 0, 9223372036764640807
7, 2004, 0, 9223372036854775807, 0, 9223372036764595807
7, 2005, 0, 9223372036854775807, 0, 9223372036764550807
7, 2006, 0, 9223372036854775807, 0, 9223372036764505807
7, 2007, 0, 9223372036854775807, 0, 9223372036764460807
7, 2008, 0, 9223372036854775807, 0, 9223372036764415807
7, 2009, 0, 9223372036854775807, 0, 9223372036764370807
7, 201, 0, 9223372036854775807, 0, 9223372036845730807
7, 2010, 0, 9223372036854775807, 0, 9223372036764325807
7, 2011, 0, 9223372036854775807, 0, 9223372036764280807
7, 2012, 0, 9223372036854775807, 0, 9223372036764235807
7, 2013, 0, 9223372036854775807, 0, 9223372036764190807
7, 2014, 0, 9223372036854775807, 0, 9223372036764145807
7, 2015, 0, 9223372036854775807, 0, 9223372036764100807
7, 2016, 0, 9223372036854775807, 0, 9223372036764055807
7, 2017, 0, 9223372036854775807, 0, 9223372036764010807
7, 2018, 0, 9223372036854775807, 0, 9223372036763965807
7, 2019, 0, 9223372036854775807, 0, 9223372036763920807
7, 202, 0, 9223372036854775807, 0, 9223372036845685807
7, 2020, 0, 9223372036854775807, 0, 9223372036763875807
7, 2021, 0, 9223372036854775807, 0, 9223372036763830807
7, 2022, 0, 9223372036854775807, 0, 9223372036763785807
7, 2023, 0, 9223372036854775807, 0, 9223372036763740807
7, 2024, 0, 9223372036854775807, 0, 9223372036763695807
7, 2025, 0, 9223372036854775807, 0, 9223372036763650807
7, 2026, 0, 9223372036854775807, 0, 9223372036763605807
7, 2027, 0, 9223372036854775807, 0, 9223372036763560807
7, 2028, 0, 9223372036854775807, 0, 9223372036763515807
7, 2029, 0, 9223372036854775807, 0, 9223372036763470807
7, 203, 0, 9223372036854775807, 0, 9223372036845640807
7, 2030, 0, 9223372036854775807, 0, 9223372036763425807
7, 2031, 0, 9223372036854775807, 0, 9223372036763380807
7, 2032, 0, 9223372036854775807, 0, 9223372036763335807
7, 2033, 0, 9223372036854775807, 0, 9223372036763290807
7, 2034, 0, 9223372036854775807, 0, 9223372036763245807
7, 2035, 0, 9223372036854775807, 0, 9223372036763200807
7, 2036, 0, 9223372036854775807, 0, 9223372036763155807
7, 2037, 0, 9223372036854775807, 0, 9223372036763110807
7, 2038, 0, 9223372036854775807, 0, 9223372036763065807
7, 2039, 0, 9223372036854775807, 0, 9223372036763020807
7, 204, 0, 9223372036854775807, 0, 9223372036845595807
7, 2040, 0, 9223372036854775807, 0, 9223372036762975807
7, 2041, 0, 9223372036854775807, 0, 9223372036762930807
7, 2042, 0, 9223372036854775807, 0, 9223372036762885807
7, 2043, 0, 9223372036854775807, 0, 9223372036762840807
7, 2044, 0, 9223372036854775807, 0, 9223372036762795807
7, 2045, 0, 9223372036854775807, 0, 9223372036762750807
7, 2046, 0, 9223372036854775807, 0, 9223372036762705807
7, 2047, 0, 9223372036854775807, 0, 9223372036762660807
7, 2048, 0, 9223372036854775807, 0, 9223372036762615807
7, 2049, 0, 9223372036854775807, 0, 9223372036762570807
7, 205, 0, 9223372036854775807, 0, 9223372036845550807
7, 2050, 0, 9223372036854775807, 0, 9223372036762525807
7, 2051, 0, 9223372036854775807, 0, 9223372036762480807
7, 2052, 0, 9223372036854775807, 0, 9223372036762435807
7, 2053, 0, 9223372036854775807, 0, 9223372036762390807
7, 2054, 0, 9223372036854775807, 0, 9223372036762345807
7, 2055, 0, 9223372036854775807, 0, 9223372036762300807
7, 2056, 0, 9223372036854775807, 0, 9223372036762255807
7, 2057, 0, 9223372036854775807, 0, 9223372036762210807
7, 2058, 0, 9223372036854775807, 0, 9223372036762165807
7, 2059, 0, 9223372036854775807, 0, 9223372036762120807
7, 206, 0, 9223372036854775807, 0, 9223372036845505807
7, 2060, 0, 9223372036854775807, 0, 9223372036762075807
7, 2061, 0, 9223372036854775807, 0, 9223372036762030807
7, 2062, 0, 9223372036854775807, 0, 9223372036761985807
7, 2063, 0, 9223372036854775807, 0, 9223372036761940807
7, 2064, 0, 9223372036854775807, 0, 9223372036761895807
7, 2065, 0, 9223372036854775807, 0, 9223372036761850807
7, 2066, 0, 9223372036854775807, 0, 9223372036761805807
7, 2067, 0, 9223372036854775807, 0, 9223372036761760807
7, 2068, 0, 9223372036854775807, 0, 9223372036761715807
7, 2069, 0, 9223372036854775807, 0, 9223372036761670807
7, 207, 0, 9223372036854775807, 0, 9223372036845460807
7, 2070, 0, 9223372036854775807, 0, 9223372036761625807
7, 2071, 0, 9223372036854775807, 0, 9223372036761580807
7, 2072, 0, 9223372036854775807, 0, 9223372036761535807
7, 2073, 0, 9223372036854775807, 0, 9223372036761490807
7, 2074, 0, 9223372036854775807, 0, 9223372036761445807
7, 2075, 0, 9223372036854775807, 0, 9223372036761400807
7, 2076, 0, 9223372036854775807, 0, 9223372036761355807
7, 2077, 0, 9223372036854775807, 0, 9223372036761310807
7, 2078, 0, 9223372036854775807, 0, 9223372036761265807
7, 2079, 0, 9223372036854775807, 0, 9223372036761220807
7, 208, 0, 9223372036854775807, 0, 9223372036845415807
7, 2080, 0, 9223372036854775807, 0, 9223372036761175807
7, 2081, 0, 9223372036854775807, 0, 9223372036761130807
7, 2082, 0, 9223372036854775807, 0, 9223372036761085807
7, 2083, 0, 9223372036854775807, 0, 9223372036761040807
7, 2084, 0, 9223372036854775807, 0, 9223372036760995807
7, 2085, 0, 9223372036854775807, 0, 9223372036760950807
7, 2086, 0, 9223372036854775807, 0, 9223372036760905807
7, 2087, 0, 9223372036854775807, 0, 9223372036760860807
7, 2088, 0, 9223372036854775807, 0, 9223372036760815807
7, 2089, 0, 9223372036854775807, 0, 9223372036760770807
7, 209, 0, 9223372036854775807, 0, 9223372036845370807
7, 2090, 0, 9223372036854775807, 0, 9223372036760725807
7, 2091, 0, 9223372036854775807, 0, 9223372036760680807
7, 2092, 0, 9223372036854775807, 0, 9223372036760635807
7, 2093, 0, 9223372036854775807, 0, 9223372036760590807
7, 2094, 0, 9223372036854775807, 0, 9223372036760545807
7, 2095, 0, 9223372036854775807, 0, 9223372036760500807
7, 2096, 0, 9223372036854775807, 0, 9223372036760455807
7, 2097, 0, 9223372036854775807, 0, 9223372036760410807
7, 2098, 0, 9223372036854775807, 0, 9223372036760365807
7, 2099, 0, 9223372036854775807, 0, 9223372036760320807
7, 21, 0, 9223372036854775807, 0, 9223372036853830807
7, 210, 0, 9223372036854775807, 0, 9223372036845325807
7, 2100, 0, 9223372036854775807, 0, 9223372036760275807
7, 2101, 0, 9223372036854775807, 0, 9223372036760230807
7, 2102, 0, 9223372036854775807, 0, 9223372036760185807
7, 2103, 0, 9223372036854775807, 0, 9223372036760140807
7, 2104, 0, 9223372036854775807, 0, 9223372036760095807
7, 2105, 0, 9223372036854775807, 0, 9223372036760050807
7, 2106, 0, 9223372036854775807, 0, 9223372036760005807
7, 2107, 0, 9223372036854775807, 0, 9223372036759960807
7, 2108, 0, 9223372036854775807, 0, 9223372036759915807
7, 2109, 0, 9223372036854775807, 0, 9223372036759870807
7, 211, 0, 9223372036854775807, 0, 9223372036845280807
7, 2110, 0, 9223372036854775807, 0, 9223372036759825807
7, 2111, 0, 9223372036854775807, 0, 9223372036759780807
7, 2112, 0, 9223372036854775807, 0, 9223372036759735807
7, 2113, 0, 9223372036854775807, 0, 9223372036759690807
7, 2114, 0, 9223372036854775807, 0, 9223372036759645807
7, 2115, 0, 9223372036854775807, 0, 9223372036759600807
7, 2116, 0, 9223372036854775807, 0, 9223372036759555807
7, 2117, 0, 9223372036854775807, 0, 9223372036759510807
7, 2118, 0, 9223372036854775807, 0, 9223372036759465807
7, 2119, 0, 9223372036854775807, 0, 9223372036759420807
7, 212, 0, 9223372036854775807, 0, 9223372036845235807
7, 2120, 0, 9223372036854775807, 0, 9223372036759375807
7, 2121, 0, 9223372036854775807, 0, 9223372036759330807
7, 2122, 0, 9223372036854775807, 0, 9223372036759285807
7, 2123, 0, 9223372036854775807, 0, 9223372036759240807
7, 2124, 0, 9223372036854775807, 0, 9223372036759195807
7, 2125, 0, 9223372036854775807, 0, 9223372036759150807
7, 2126, 0, 9223372036854775807, 0, 9223372036759105807
7, 2127, 0, 9223372036854775807, 0, 9223372036759060807
7, 2128, 0, 9223372036854775807, 0, 9223372036759015807
7, 2129, 0, 9223372036854775807, 0, 9223372036758970807
7, 213, 0, 9223372036854775807, 0, 9223372036845190807
7, 2130, 0, 9223372036854775807, 0, 9223372036758925807
7, 2131, 0, 9223372036854775807, 0, 9223372036758880807
7, 2132, 0, 9223372036854775807, 0, 9223372036758835807
7, 2133, 0, 9223372036854775807, 0, 9223372036758790807
7, 2134, 0, 9223372036854775807, 0, 9223372036758745807
7, 2135, 0, 9223372036854775807, 0, 9223372036758700807
7, 2136, 0, 9223372036854775807, 0, 9223372036758655807
7, 2137, 0, 9223372036854775807, 0, 9223372036758610807
7, 2138, 0, 9223372036854775807, 0, 9223372036758565807
7, 2139, 0, 9223372036854775807, 0, 9223372036758520807
7, 214, 0, 9223372036854775807, 0, 9223372036845145807
7, 2140, 0, 9223372036854775807, 0, 9223372036758475807
7, 2141, 0, 9223372036854775807, 0, 9223372036758430807
7, 2142, 0, 9223372036854775807, 0, 9223372036758385807
7, 2143, 0, 9223372036854775807, 0, 9223372036758340807
7, 2144, 0, 9223372036854775807, 0, 9223372036758295807
7, 2145, 0, 9223372036854775807, 0, 9223372036758250807
7, 2146, 0, 9223372036854775807, 0, 9223372036758205807
7, 2147, 0, 9223372036854775807, 0, 9223372036758160807
7, 2148, 0, 9223372036854775807, 0, 9223372036758115807
7, 2149, 0, 9223372036854775807, 0, 9223372036758070807
7, 215, 0, 9223372036854775807, 0, 9223372036845100807
7, 2150, 0, 9223372036854775807, 0, 9223372036758025807
7, 2151, 0, 9223372036854775807, 0, 9223372036757980807
7, 2152, 0, 9223372036854775807, 0, 9223372036757935807
7, 2153, 0, 9223372036854775807, 0, 9223372036757890807
7, 2154, 0, 9223372036854775807, 0, 9223372036757845807
7, 2155, 0, 9223372036854775807, 0, 9223372036757800807
7, 2156, 0, 9223372036854775807, 0, 9223372036757755807
7, 2157, 0, 9223372036854775807, 0, 9223372036757710807
7, 2158, 0, 9223372036854775807, 0, 9223372036757665807
7, 2159, 0, 9223372036854775807, 0, 9223372036757620807
7, 216, 0, 9223372036854775807, 0, 9223372036845055807
7, 2160, 0, 9223372036854775807, 0, 9223372036757575807
7, 2161, 0, 9223372036854775807, 0, 9223372036757530807
7, 2162, 0, 9223372036854775807, 0, 9223372036757485807
7, 2163, 0, 9223372036854775807, 0, 9223372036757440807
7, 2164, 0, 9223372036854775807, 0, 9223372036757395807
7, 2165, 0, 9223372036854775807, 0, 9223372036757350807
7, 2166, 0, 9223372036854775807, 0, 9223372036757305807
7, 2167, 0, 9223372036854775807, 0, 9223372036757260807
7, 2168, 0, 9223372036854775807, 0, 9223372036757215807
7, 2169, 0, 9223372036854775807, 0, 9223372036757170807
7, 217, 0, 9223372036854775807, 0, 9223372036845010807
7, 2170, 0, 9223372036854775807, 0, 9223372036757125807
7, 2171, 0, 9223372036854775807, 0, 9223372036757080807
7, 2172, 0, 9223372036854775807, 0, 9223372036757035807
7, 2173, 0, 9223372036854775807, 0, 9223372036756990807
7, 2174, 0, 9223372036854775807, 0, 9223372036756945807
7, 2175, 0, 9223372036854775807, 0, 9223372036756900807
7, 2176, 0, 9223372036854775807, 0, 9223372036756855807
7, 2177, 0, 9223372036854775807, 0, 9223372036756810807
7, 2178, 0, 9223372036854775807, 0, 9223372036756765807
7, 2179, 0, 9223372036854775807, 0, 9223372036756720807
7, 218, 0, 9223372036854775807, 0, 9223372036844965807
7, 2180, 0, 9223372036854775807, 0, 9223372036756675807
7, 2181, 0, 9223372036854775807, 0, 9223372036756630807
7, 2182, 0, 9223372036854775807, 0, 9223372036756585807
7, 2183, 0, 9223372036854775807, 0, 9223372036756540807
7, 2184, 0, 9223372036854775807, 0, 9223372036756495807
7, 2185, 0, 9223372036854775807, 0, 9223372036756450807
7, 2186, 0, 9223372036854775807, 0, 9223372036756405807
7, 2187, 0, 9223372036854775807, 0, 9223372036756360807
7, 2188, 0, 9223372036854775807, 0, 9223372036756315807
7, 2189, 0, 9223372036854775807, 0, 9223372036756270807
7, 219, 0, 9223372036854775807, 0, 9223372036844920807
7, 2190, 0, 9223372036854775807, 0, 9223372036756225807
7, 2191, 0, 9223372036854775807, 0, 9223372036756180807
7, 2192, 0, 9223372036854775807, 0, 9223372036756135807
7, 2193, 0, 9223372036854775807, 0, 9223372036756090807
7, 2194, 0, 9223372036854775807, 0, 9223372036756045807
7, 2195, 0, 9223372036854775807, 0, 9223372036756000807
7, 2196, 0, 9223372036854775807, 0, 9223372036755955807
7, 2197, 0, 9223372036854775807, 0, 9223372036755910807
7, 2198, 0, 9223372036854775807, 0, 9223372036755865807
7, 2199, 0, 9223372036854775807, 0, 9223372036755820807
7, 22, 0, 9223372036854775807, 0, 9223372036853785807
7, 220, 0, 9223372036854775807, 0, 9223372036844875807
7, 2200, 0, 9223372036854775807, 0, 9223372036755775807
7, 2201, 0, 9223372036854775807, 0, 9223372036755730807
7, 2202, 0, 9223372036854775807, 0, 9223372036755685807
7, 2203, 0, 9223372036854775807, 0, 9223372036755640807
7, 2204, 0, 9223372036854775807, 0, 9223372036755595807
7, 2205, 0, 9223372036854775807, 0, 9223372036755550807
7, 2206, 0, 9223372036854775807, 0, 9223372036755505807
7, 2207, 0, 9223372036854775807, 0, 9223372036755460807
7, 2208, 0, 9223372036854775807, 0, 9223372036755415807
7, 2209, 0, 9223372036854775807, 0, 9223372036755370807
7, 221, 0, 9223372036854775807, 0, 9223372036844830807
7, 2210, 0, 9223372036854775807, 0, 9223372036755325807
7, 2211, 0, 9223372036854775807, 0, 9223372036755280807
7, 2212, 0, 9223372036854775807, 0, 9223372036755235807
7, 2213, 0, 9223372036854775807, 0, 9223372036755190807
7, 2214, 0, 9223372036854775807, 0, 9223372036755145807
7, 2215, 0, 9223372036854775807, 0, 9223372036755100807
7, 2216, 0, 9223372036854775807, 0, 9223372036755055807
7, 2217, 0, 9223372036854775807, 0, 9223372036755010807
7, 2218, 0, 9223372036854775807, 0, 9223372036754965807
7, 2219, 0, 9223372036854775807, 0, 9223372036754920807
7, 222, 0, 9223372036854775807, 0, 9223372036844785807
7, 2220, 0, 9223372036854775807, 0, 9223372036754875807
7, 2221, 0, 9223372036854775807, 0, 9223372036754830807
7, 2222, 0, 9223372036854775807, 0, 9223372036754785807
7, 2223, 0, 9223372036854775807, 0, 9223372036754740807
7, 2224, 0, 9223372036854775807, 0, 9223372036754695807
7, 2225, 0, 9223372036854775807, 0, 9223372036754650807
7, 2226, 0, 9223372036854775807, 0, 9223372036754605807
7, 2227, 0, 9223372036854775807, 0, 9223372036754560807
7, 2228, 0, 9223372036854775807, 0, 9223372036754515807
7, 2229, 0, 9223372036854775807, 0, 9223372036754470807
7, 223, 0, 9223372036854775807, 0, 9223372036844740807
7, 2230, 0, 9223372036854775807, 0, 9223372036754425807
7, 2231, 0, 9223372036854775807, 0, 9223372036754380807
7, 2232, 0, 9223372036854775807, 0, 9223372036754335807
7, 2233, 0, 9223372036854775807, 0, 9223372036754290807
7, 2234, 0, 9223372036854775807, 0, 9223372036754245807
7, 2235, 0, 9223372036854775807, 0, 9223372036754200807
7, 2236, 0, 9223372036854775807, 0, 9223372036754155807
7, 2237, 0, 9223372036854775807, 0, 9223372036754110807
7, 2238, 0, 9223372036854775807, 0, 9223372036754065807
7, 2239, 0, 9223372036854775807, 0, 9223372036754020807
7, 224, 0, 9223372036854775807, 0, 9223372036844695807
7, 2240, 0, 9223372036854775807, 0, 9223372036753975807
7, 2241, 0, 9223372036854775807, 0, 9223372036753930807
7, 2242, 0, 9223372036854775807, 0, 9223372036753885807
7, 2243, 0, 9223372036854775807, 0, 9223372036753840807
7, 2244, 0, 9223372036854775807, 0, 9223372036753795807
7, 2245, 0, 9223372036854775807, 0, 9223372036753750807
7, 2246, 0, 9223372036854775807, 0, 9223372036753705807
7, 2247, 0, 9223372036854775807, 0, 9223372036753660807
7, 2248, 0, 9223372036854775807, 0, 9223372036753615807
7, 2249, 0, 9223372036854775807, 0, 9223372036753570807
7, 225, 0, 9223372036854775807, 0, 9223372036844650807
7, 2250, 0, 9223372036854775807, 0, 9223372036753525807
7, 2251, 0, 9223372036854775807, 0, 9223372036753480807
7, 2252, 0, 9223372036854775807, 0, 9223372036753435807
7, 2253, 0, 9223372036854775807, 0, 9223372036753390807
7, 2254, 0, 9223372036854775807, 0, 9223372036753345807
7, 2255, 0, 9223372036854775807, 0, 9223372036753300807
7, 2256, 0, 9223372036854775807, 0, 9223372036753255807
7, 2257, 0, 9223372036854775807, 0, 9223372036753210807
7, 2258, 0, 9223372036854775807, 0, 9223372036753165807
7, 2259, 0, 9223372036854775807, 0, 9223372036753120807
7, 226, 0, 9223372036854775807, 0, 9223372036844605807
7, 2260, 0, 9223372036854775807, 0, 9223372036753075807
7, 2261, 0, 9223372036854775807, 0, 9223372036753030807
7, 2262, 0, 9223372036854775807, 0, 9223372036752985807
7, 2263, 0, 9223372036854775807, 0, 9223372036752940807
7, 2264, 0, 9223372036854775807, 0, 9223372036752895807
7, 2265, 0, 9223372036854775807, 0, 9223372036752850807
7, 2266, 0, 9223372036854775807, 0, 9223372036752805807
7, 2267, 0, 9223372036854775807, 0, 9223372036752760807
7, 2268, 0, 9223372036854775807, 0, 9223372036752715807
7, 2269, 0, 9223372036854775807, 0, 9223372036752670807
7, 227, 0, 9223372036854775807, 0, 9223372036844560807
7, 2270, 0, 9223372036854775807, 0, 9223372036752625807
7, 2271, 0, 9223372036854775807, 0, 9223372036752580807
7, 2272, 0, 9223372036854775807, 0, 9223372036752535807
7, 2273, 0, 9223372036854775807, 0, 9223372036752490807
7, 2274, 0, 9223372036854775807, 0, 9223372036752445807
7, 2275, 0, 9223372036854775807, 0, 9223372036752400807
7, 2276, 0, 9223372036854775807, 0, 9223372036752355807
7, 2277, 0, 9223372036854775807, 0, 9223372036752310807
7, 2278, 0, 9223372036854775807, 0, 9223372036752265807
7, 2279, 0, 9223372036854775807, 0, 9223372036752220807
7, 228, 0, 9223372036854775807, 0, 9223372036844515807
7, 2280, 0, 9223372036854775807, 0, 9223372036752175807
7, 2281, 0, 9223372036854775807, 0, 9223372036752130807
7, 2282, 0, 9223372036854775807, 0, 9223372036752085807
7, 2283, 0, 9223372036854775807, 0, 9223372036752040807
7, 2284, 0, 9223372036854775807, 0, 9223372036751995807
7, 2285, 0, 9223372036854775807, 0, 9223372036751950807
7, 2286, 0, 9223372036854775807, 0, 9223372036751905807
7, 2287, 0, 9223372036854775807, 0, 9223372036751860807
7, 2288, 0, 9223372036854775807, 0, 9223372036751815807
7, 2289, 0, 9223372036854775807, 0, 9223372036751770807
7, 229, 0, 9223372036854775807, 0, 9223372036844470807
7, 2290, 0, 9223372036854775807, 0, 9223372036751725807
7, 2291, 0, 9223372036854775807, 0, 9223372036751680807
7, 2292, 0, 9223372036854775807, 0, 9223372036751635807
7, 2293, 0, 9223372036854775807, 0, 9223372036751590807
7, 2294, 0, 9223372036854775807, 0, 9223372036751545807
7, 2295, 0, 9223372036854775807, 0, 9223372036751500807
7, 2296, 0, 9223372036854775807, 0, 9223372036751455807
7, 2297, 0, 9223372036854775807, 0, 9223372036751410807
7, 2298, 0, 9223372036854775807, 0, 9223372036751365807
7, 2299, 0, 9223372036854775807, 0, 9223372036751320807
7, 23, 0, 9223372036854775807, 0, 9223372036853740807
7, 230, 0, 9223372036854775807, 0, 9223372036844425807
7, 2300, 0, 9223372036854775807, 0, 9223372036751275807
7, 2301, 0, 9223372036854775807, 0, 9223372036751230807
7, 2302, 0, 9223372036854775807, 0, 9223372036751185807
7, 2303, 0, 9223372036854775807, 0, 9223372036751140807
7, 2304, 0, 9223372036854775807, 0, 9223372036751095807
7, 2305, 0, 9223372036854775807, 0, 9223372036751050807
7, 2306, 0, 9223372036854775807, 0, 9223372036751005807
7, 2307, 0, 9223372036854775807, 0, 9223372036750960807
7, 2308, 0, 9223372036854775807, 0, 9223372036750915807
7, 2309, 0, 9223372036854775807, 0, 9223372036750870807
7, 231, 0, 9223372036854775807, 0, 9223372036844380807
7, 2310, 0, 9223372036854775807, 0, 9223372036750825807
7, 2311, 0, 9223372036854775807, 0, 9223372036750780807
7, 2312, 0, 9223372036854775807, 0, 9223372036750735807
7, 2313, 0, 9223372036854775807, 0, 9223372036750690807
7, 2314, 0, 9223372036854775807, 0, 9223372036750645807
7, 2315, 0, 9223372036854775807, 0, 9223372036750600807
7, 2316, 0, 9223372036854775807, 0, 9223372036750555807
7, 2317, 0, 9223372036854775807, 0, 9223372036750510807
7, 2318, 0, 9223372036854775807, 0, 9223372036750465807
7, 2319, 0, 9223372036854775807, 0, 9223372036750420807
7, 232, 0, 9223372036854775807, 0, 9223372036844335807
7, 2320, 0, 9223372036854775807, 0, 9223372036750375807
7, 2321, 0, 9223372036854775807, 0, 9223372036750330807
7, 2322, 0, 9223372036854775807, 0, 9223372036750285807
7, 2323, 0, 9223372036854775807, 0, 9223372036750240807
7, 2324, 0, 9223372036854775807, 0, 9223372036750195807
7, 2325, 0, 9223372036854775807, 0, 9223372036750150807
7, 2326, 0, 9223372036854775807, 0, 9223372036750105807
7, 2327, 0, 9223372036854775807, 0, 9223372036750060807
7, 2328, 0, 9223372036854775807, 0, 9223372036750015807
7, 2329, 0, 9223372036854775807, 0, 9223372036749970807
7, 233, 0, 9223372036854775807, 0, 9223372036844290807
7, 2330, 0, 9223372036854775807, 0, 9223372036749925807
7, 2331, 0, 9223372036854775807, 0, 9223372036749880807
7, 2332, 0, 9223372036854775807, 0, 9223372036749835807
7, 2333, 0, 9223372036854775807, 0, 9223372036749790807
7, 2334, 0, 9223372036854775807, 0, 9223372036749745807
7, 2335, 0, 9223372036854775807, 0, 9223372036749700807
7, 2336, 0, 9223372036854775807, 0, 9223372036749655807
7, 2337, 0, 9223372036854775807, 0, 9223372036749610807
7, 2338, 0, 9223372036854775807, 0, 9223372036749565807
7, 2339, 0, 9223372036854775807, 0, 9223372036749520807
7, 234, 0, 9223372036854775807, 0, 9223372036844245807
7, 2340, 0, 9223372036854775807, 0, 9223372036749475807
7, 2341, 0, 9223372036854775807, 0, 9223372036749430807
7, 2342, 0, 9223372036854775807, 0, 9223372036749385807
7, 2343, 0, 9223372036854775807, 0, 9223372036749340807
7, 2344, 0, 9223372036854775807, 0, 9223372036749295807
7, 2345, 0, 9223372036854775807, 0, 9223372036749250807
7, 2346, 0, 9223372036854775807, 0, 9223372036749205807
7, 2347, 0, 9223372036854775807, 0, 9223372036749160807
7, 2348, 0, 9223372036854775807, 0, 9223372036749115807
7, 2349, 0, 9223372036854775807, 0, 9223372036749070807
7, 235, 0, 9223372036854775807, 0, 9223372036844200807
7, 2350, 0, 9223372036854775807, 0, 9223372036749025807
7, 2351, 0, 9223372036854775807, 0, 9223372036748980807
7, 2352, 0, 9223372036854775807, 0, 9223372036748935807
7, 2353, 0, 9223372036854775807, 0, 9223372036748890807
7, 2354, 0, 9223372036854775807, 0, 9223372036748845807
7, 2355, 0, 9223372036854775807, 0, 9223372036748800807
7, 2356, 0, 9223372036854775807, 0, 9223372036748755807
7, 2357, 0, 9223372036854775807, 0, 9223372036748710807
7, 2358, 0, 9223372036854775807, 0, 9223372036748665807
7, 2359, 0, 9223372036854775807, 0, 9223372036748620807
7, 236, 0, 9223372036854775807, 0, 9223372036844155807
7, 2360, 0, 9223372036854775807, 0, 9223372036748575807
7, 2361, 0, 9223372036854775807, 0, 9223372036748530807
7, 2362, 0, 9223372036854775807, 0, 9223372036748485807
7, 2363, 0, 9223372036854775807, 0, 9223372036748440807
7, 2364, 0, 9223372036854775807, 0, 9223372036748395807
7, 2365, 0, 9223372036854775807, 0, 9223372036748350807
7, 2366, 0, 9223372036854775807, 0, 9223372036748305807
7, 2367, 0, 9223372036854775807, 0, 9223372036748260807
7, 2368, 0, 9223372036854775807, 0, 9223372036748215807
7, 2369, 0, 9223372036854775807, 0, 9223372036748170807
7, 237, 0, 9223372036854775807, 0, 9223372036844110807
7, 2370, 0, 9223372036854775807, 0, 9223372036748125807
7, 2371, 0, 9223372036854775807, 0, 9223372036748080807
7, 2372, 0, 9223372036854775807, 0, 9223372036748035807
7, 2373, 0, 9223372036854775807, 0, 9223372036747990807
7, 2374, 0, 9223372036854775807, 0, 9223372036747945807
7, 2375, 0, 9223372036854775807, 0, 9223372036747900807
7, 2376, 0, 9223372036854775807, 0, 9223372036747855807
7, 2377, 0, 9223372036854775807, 0, 9223372036747810807
7, 2378, 0, 9223372036854775807, 0, 9223372036747765807
7, 2379, 0, 9223372036854775807, 0, 9223372036747720807
7, 238, 0, 9223372036854775807, 0, 9223372036844065807
7, 2380, 0, 9223372036854775807, 0, 9223372036747675807
7, 2381, 0, 9223372036854775807, 0, 9223372036747630807
7, 2382, 0, 9223372036854775807, 0, 9223372036747585807
7, 2383, 0, 9223372036854775807, 0, 9223372036747540807
7, 2384, 0, 9223372036854775807, 0, 9223372036747495807
7, 2385, 0, 9223372036854775807, 0, 9223372036747450807
7, 2386, 0, 9223372036854775807, 0, 9223372036747405807
7, 2387, 0, 9223372036854775807, 0, 9223372036747360807
7, 2388, 0, 9223372036854775807, 0, 9223372036747315807
7, 2389, 0, 9223372036854775807, 0, 9223372036747270807
7, 239, 0, 9223372036854775807, 0, 9223372036844020807
7, 2390, 0, 9223372036854775807, 0, 9223372036747225807
7, 2391, 0, 9223372036854775807, 0, 9223372036747180807
7, 2392, 0, 9223372036854775807, 0, 9223372036747135807
7, 2393, 0, 9223372036854775807, 0, 9223372036747090807
7, 2394, 0, 9223372036854775807, 0, 9223372036747045807
7, 2395, 0, 9223372036854775807, 0, 9223372036747000807
7, 2396, 0, 9223372036854775807, 0, 9223372036746955807
7, 2397, 0, 9223372036854775807, 0, 9223372036746910807
7, 2398, 0, 9223372036854775807, 0, 9223372036746865807
7, 2399, 0, 9223372036854775807, 0, 9223372036746820807
7, 24, 0, 9223372036854775807, 0, 9223372036853695807
7, 240, 0, 9223372036854775807, 0, 9223372036843975807
7, 2400, 0, 9223372036854775807, 0, 9223372036746775807
7, 2401, 0, 9223372036854775807, 0, 9223372036746730807
7, 2402, 0, 9223372036854775807, 0, 9223372036746685807
7, 2403, 0, 9223372036854775807, 0, 9223372036746640807
7, 2404, 0, 9223372036854775807, 0, 9223372036746595807
7, 2405, 0, 9223372036854775807, 0, 9223372036746550807
7, 2406, 0, 9223372036854775807, 0, 9223372036746505807
7, 2407, 0, 9223372036854775807, 0, 9223372036746460807
7, 2408, 0, 9223372036854775807, 0, 9223372036746415807
7, 2409, 0, 9223372036854775807, 0, 9223372036746370807
7, 241, 0, 9223372036854775807, 0, 9223372036843930807
7, 2410, 0, 9223372036854775807, 0, 9223372036746325807
7, 2411, 0, 9223372036854775807, 0, 9223372036746280807
7, 2412, 0, 9223372036854775807, 0, 9223372036746235807
7, 2413, 0, 9223372036854775807, 0, 9223372036746190807
7, 2414, 0, 9223372036854775807, 0, 9223372036746145807
7, 2415, 0, 9223372036854775807, 0, 9223372036746100807
7, 2416, 0, 9223372036854775807, 0, 9223372036746055807
7, 2417, 0, 9223372036854775807, 0, 9223372036746010807
7, 2418, 0, 9223372036854775807, 0, 9223372036745965807
7, 2419, 0, 9223372036854775807, 0, 9223372036745920807
7, 242, 0, 9223372036854775807, 0, 9223372036843885807
7, 2420, 0, 9223372036854775807, 0, 9223372036745875807
7, 2421, 0, 9223372036854775807, 0, 9223372036745830807
7, 2422, 0, 9223372036854775807, 0, 9223372036745785807
7, 2423, 0, 9223372036854775807, 0, 9223372036745740807
7, 2424, 0, 9223372036854775807, 0, 9223372036745695807
7, 2425, 0, 9223372036854775807, 0, 9223372036745650807
7, 2426, 0, 9223372036854775807, 0, 9223372036745605807
7, 2427, 0, 9223372036854775807, 0, 9223372036745560807
7, 2428, 0, 9223372036854775807, 0, 9223372036745515807
7, 2429, 0, 9223372036854775807, 0, 9223372036745470807
7, 243, 0, 9223372036854775807, 0, 9223372036843840807
7, 2430, 0, 9223372036854775807, 0, 9223372036745425807
7, 2431, 0, 9223372036854775807, 0, 9223372036745380807
7, 2432, 0, 9223372036854775807, 0, 9223372036745335807
7, 2433, 0, 9223372036854775807, 0, 9223372036745290807
7, 2434, 0, 9223372036854775807, 0, 9223372036745245807
7, 2435, 0, 9223372036854775807, 0, 9223372036745200807
7, 2436, 0, 9223372036854775807, 0, 9223372036745155807
7, 2437, 0, 9223372036854775807, 0, 9223372036745110807
7, 2438, 0, 9223372036854775807, 0, 9223372036745065807
7, 2439, 0, 9223372036854775807, 0, 9223372036745020807
7, 244, 0, 9223372036854775807, 0, 9223372036843795807
7, 2440, 0, 9223372036854775807, 0, 9223372036744975807
7, 2441, 0, 9223372036854775807, 0, 9223372036744930807
7, 2442, 0, 9223372036854775807, 0, 9223372036744885807
7, 2443, 0, 9223372036854775807, 0, 9223372036744840807
7, 2444, 0, 9223372036854775807, 0, 9223372036744795807
7, 2445, 0, 9223372036854775807, 0, 9223372036744750807
7, 2446, 0, 9223372036854775807, 0, 9223372036744705807
7, 2447, 0, 9223372036854775807, 0, 9223372036744660807
7, 2448, 0, 9223372036854775807, 0, 9223372036744615807
7, 2449, 0, 9223372036854775807, 0, 9223372036744570807
7, 245, 0, 9223372036854775807, 0, 9223372036843750807
7, 2450, 0, 9223372036854775807, 0, 9223372036744525807
7, 2451, 0, 9223372036854775807, 0, 9223372036744480807
7, 2452, 0, 9223372036854775807, 0, 9223372036744435807
7, 2453, 0, 9223372036854775807, 0, 9223372036744390807
7, 2454, 0, 9223372036854775807, 0, 9223372036744345807
7, 2455, 0, 9223372036854775807, 0, 9223372036744300807
7, 2456, 0, 9223372036854775807, 0, 9223372036744255807
7, 2457, 0, 9223372036854775807, 0, 9223372036744210807
7, 2458, 0, 9223372036854775807, 0, 9223372036744165807
7, 2459, 0, 9223372036854775807, 0, 9223372036744120807
7, 246, 0, 9223372036854775807, 0, 9223372036843705807
7, 2460, 0, 9223372036854775807, 0, 9223372036744075807
7, 2461, 0, 9223372036854775807, 0, 9223372036744030807
7, 2462, 0, 9223372036854775807, 0, 9223372036743985807
7, 2463, 0, 9223372036854775807, 0, 9223372036743940807
7, 2464, 0, 9223372036854775807, 0, 9223372036743895807
7, 2465, 0, 9223372036854775807, 0, 9223372036743850807
7, 2466, 0, 9223372036854775807, 0, 9223372036743805807
7, 2467, 0, 9223372036854775807, 0, 9223372036743760807
7, 2468, 0, 9223372036854775807, 0, 9223372036743715807
7, 2469, 0, 9223372036854775807, 0, 9223372036743670807
7, 247, 0, 9223372036854775807, 0, 9223372036843660807
7, 2470, 0, 9223372036854775807, 0, 9223372036743625807
7, 2471, 0, 9223372036854775807, 0, 9223372036743580807
7, 2472, 0, 9223372036854775807, 0, 9223372036743535807
7, 2473, 0, 9223372036854775807, 0, 9223372036743490807
7, 2474, 0, 9223372036854775807, 0, 9223372036743445807
7, 2475, 0, 9223372036854775807, 0, 9223372036743400807
7, 2476, 0, 9223372036854775807, 0, 9223372036743355807
7, 2477, 0, 9223372036854775807, 0, 9223372036743310807
7, 2478, 0, 9223372036854775807, 0, 9223372036743265807
7, 2479, 0, 9223372036854775807, 0, 9223372036743220807
7, 248, 0, 9223372036854775807, 0, 9223372036843615807
7, 2480, 0, 9223372036854775807, 0, 9223372036743175807
7, 2481, 0, 9223372036854775807, 0, 9223372036743130807
7, 2482, 0, 9223372036854775807, 0, 9223372036743085807
7, 2483, 0, 9223372036854775807, 0, 9223372036743040807
7, 2484, 0, 9223372036854775807, 0, 9223372036742995807
7, 2485, 0, 9223372036854775807, 0, 9223372036742950807
7, 2486, 0, 9223372036854775807, 0, 9223372036742905807
7, 2487, 0, 9223372036854775807, 0, 9223372036742860807
7, 2488, 0, 9223372036854775807, 0, 9223372036742815807
7, 2489, 0, 9223372036854775807, 0, 9223372036742770807
7, 249, 0, 9223372036854775807, 0, 9223372036843570807
7, 2490, 0, 9223372036854775807, 0, 9223372036742725807
7, 2491, 0, 9223372036854775807, 0, 9223372036742680807
7, 2492, 0, 9223372036854775807, 0, 9223372036742635807
7, 2493, 0, 9223372036854775807, 0, 9223372036742590807
7, 2494, 0, 9223372036854775807, 0, 9223372036742545807
7, 2495, 0, 9223372036854775807, 0, 9223372036742500807
7, 2496, 0, 9223372036854775807, 0, 9223372036742455807
7, 2497, 0, 9223372036854775807, 0, 9223372036742410807
7, 2498, 0, 9223372036854775807, 0, 9223372036742365807
7, 2499, 0, 9223372036854775807, 0, 9223372036742320807
7, 25, 0, 9223372036854775807, 0, 9223372036853650807
7, 250, 0, 9223372036854775807, 0, 9223372036843525807
7, 2500, 0, 9223372036854775807, 0, 9223372036742275807
7, 2501, 0, 9223372036854775807, 0, 9223372036742230807
7, 2502, 0, 9223372036854775807, 0, 9223372036742185807
7, 2503, 0, 9223372036854775807, 0, 9223372036742140807
7, 2504, 0, 9223372036854775807, 0, 9223372036742095807
7, 2505, 0, 9223372036854775807, 0, 9223372036742050807
7, 2506, 0, 9223372036854775807, 0, 9223372036742005807
7, 2507, 0, 9223372036854775807, 0, 9223372036741960807
7, 2508, 0, 9223372036854775807, 0, 9223372036741915807
7, 2509, 0, 9223372036854775807, 0, 9223372036741870807
7, 251, 0, 9223372036854775807, 0, 9223372036843480807
7, 2510, 0, 9223372036854775807, 0, 9223372036741825807
7, 2511, 0, 9223372036854775807, 0, 9223372036741780807
7, 2512, 0, 9223372036854775807, 0, 9223372036741735807
7, 2513, 0, 9223372036854775807, 0, 9223372036741690807
7, 2514, 0, 9223372036854775807, 0, 9223372036741645807
7, 2515, 0, 9223372036854775807, 0, 9223372036741600807
7, 2516, 0, 9223372036854775807, 0, 9223372036741555807
7, 2517, 0, 9223372036854775807, 0, 9223372036741510807
7, 2518, 0, 9223372036854775807, 0, 9223372036741465807
7, 2519, 0, 9223372036854775807, 0, 9223372036741420807
7, 252, 0, 9223372036854775807, 0, 9223372036843435807
7, 2520, 0, 9223372036854775807, 0, 9223372036741375807
7, 2521, 0, 9223372036854775807, 0, 9223372036741330807
7, 2522, 0, 9223372036854775807, 0, 9223372036741285807
7, 2523, 0, 9223372036854775807, 0, 9223372036741240807
7, 2524, 0, 9223372036854775807, 0, 9223372036741195807
7, 2525, 0, 9223372036854775807, 0, 9223372036741150807
7, 2526, 0, 9223372036854775807, 0, 9223372036741105807
7, 2527, 0, 9223372036854775807, 0, 9223372036741060807
7, 2528, 0, 9223372036854775807, 0, 9223372036741015807
7, 2529, 0, 9223372036854775807, 0, 9223372036740970807
7, 253, 0, 9223372036854775807, 0, 9223372036843390807
7, 2530, 0, 9223372036854775807, 0, 9223372036740925807
7, 2531, 0, 9223372036854775807, 0, 9223372036740880807
7, 2532, 0, 9223372036854775807, 0, 9223372036740835807
7, 2533, 0, 9223372036854775807, 0, 9223372036740790807
7, 2534, 0, 9223372036854775807, 0, 9223372036740745807
7, 2535, 0, 9223372036854775807, 0, 9223372036740700807
7, 2536, 0, 9223372036854775807, 0, 9223372036740655807
7, 2537, 0, 9223372036854775807, 0, 9223372036740610807
7, 2538, 0, 9223372036854775807, 0, 9223372036740565807
7, 2539, 0, 9223372036854775807, 0, 9223372036740520807
7, 254, 0, 9223372036854775807, 0, 9223372036843345807
7, 2540, 0, 9223372036854775807, 0, 9223372036740475807
7, 2541, 0, 9223372036854775807, 0, 9223372036740430807
7, 2542, 0, 9223372036854775807, 0, 9223372036740385807
7, 2543, 0, 9223372036854775807, 0, 9223372036740340807
7, 2544, 0, 9223372036854775807, 0, 9223372036740295807
7, 2545, 0, 9223372036854775807, 0, 9223372036740250807
7, 2546, 0, 9223372036854775807, 0, 9223372036740205807
7, 2547, 0, 9223372036854775807, 0, 9223372036740160807
7, 2548, 0, 9223372036854775807, 0, 9223372036740115807
7, 2549, 0, 9223372036854775807, 0, 9223372036740070807
7, 255, 0, 9223372036854775807, 0, 9223372036843300807
7, 2550, 0, 9223372036854775807, 0, 9223372036740025807
7, 2551, 0, 9223372036854775807, 0, 9223372036739980807
7, 2552, 0, 9223372036854775807, 0, 9223372036739935807
7, 2553, 0, 9223372036854775807, 0, 9223372036739890807
7, 2554, 0, 9223372036854775807, 0, 9223372036739845807
7, 2555, 0, 9223372036854775807, 0, 9223372036739800807
7, 2556, 0, 9223372036854775807, 0, 9223372036739755807
7, 2557, 0, 9223372036854775807, 0, 9223372036739710807
7, 2558, 0, 9223372036854775807, 0, 9223372036739665807
7, 2559, 0, 9223372036854775807, 0, 9223372036739620807
7, 256, 0, 9223372036854775807, 0, 9223372036843255807
7, 2560, 0, 9223372036854775807, 0, 9223372036739575807
7, 2561, 0, 9223372036854775807, 0, 9223372036739530807
7, 2562, 0, 9223372036854775807, 0, 9223372036739485807
7, 2563, 0, 9223372036854775807, 0, 9223372036739440807
7, 2564, 0, 9223372036854775807, 0, 9223372036739395807
7, 2565, 0, 9223372036854775807, 0, 9223372036739350807
7, 2566, 0, 9223372036854775807, 0, 9223372036739305807
7, 2567, 0, 9223372036854775807, 0, 9223372036739260807
7, 2568, 0, 9223372036854775807, 0, 9223372036739215807
7, 2569, 0, 9223372036854775807, 0, 9223372036739170807
7, 257, 0, 9223372036854775807, 0, 9223372036843210807
7, 2570, 0, 9223372036854775807, 0, 9223372036739125807
7, 2571, 0, 9223372036854775807, 0, 9223372036739080807
7, 2572, 0, 9223372036854775807, 0, 9223372036739035807
7, 2573, 0, 9223372036854775807, 0, 9223372036738990807
7, 2574, 0, 9223372036854775807, 0, 9223372036738945807
7, 2575, 0, 9223372036854775807, 0, 9223372036738900807
7, 2576, 0, 9223372036854775807, 0, 9223372036738855807
7, 2577, 0, 9223372036854775807, 0, 9223372036738810807
7, 2578, 0, 9223372036854775807, 0, 9223372036738765807
7, 2579, 0, 9223372036854775807, 0, 9223372036738720807
7, 258, 0, 9223372036854775807, 0, 9223372036843165807
7, 2580, 0, 9223372036854775807, 0, 9223372036738675807
7, 2581, 0, 9223372036854775807, 0, 9223372036738630807
7, 2582, 0, 9223372036854775807, 0, 9223372036738585807
7, 2583, 0, 9223372036854775807, 0, 9223372036738540807
7, 2584, 0, 9223372036854775807, 0, 9223372036738495807
7, 2585, 0, 9223372036854775807, 0, 9223372036738450807
7, 2586, 0, 9223372036854775807, 0, 9223372036738405807
7, 2587, 0, 9223372036854775807, 0, 9223372036738360807
7, 2588, 0, 9223372036854775807, 0, 9223372036738315807
7, 2589, 0, 9223372036854775807, 0, 9223372036738270807
7, 259, 0, 9223372036854775807, 0, 9223372036843120807
7, 2590, 0, 9223372036854775807, 0, 9223372036738225807
7, 2591, 0, 9223372036854775807, 0, 9223372036738180807
7, 2592, 0, 9223372036854775807, 0, 9223372036738135807
7, 2593, 0, 9223372036854775807, 0, 9223372036738090807
7, 2594, 0, 9223372036854775807, 0, 9223372036738045807
7, 2595, 0, 9223372036854775807, 0, 9223372036738000807
7, 2596, 0, 9223372036854775807, 0, 9223372036737955807
7, 2597, 0, 9223372036854775807, 0, 9223372036737910807
7, 2598, 0, 9223372036854775807, 0, 9223372036737865807
7, 2599, 0, 9223372036854775807, 0, 9223372036737820807
7, 26, 0, 9223372036854775807, 0, 9223372036853605807
7, 260, 0, 9223372036854775807, 0, 9223372036843075807
7, 2600, 0, 9223372036854775807, 0, 9223372036737775807
7, 2601, 0, 9223372036854775807, 0, 9223372036737730807
7, 2602, 0, 9223372036854775807, 0, 9223372036737685807
7, 2603, 0, 9223372036854775807, 0, 9223372036737640807
7, 2604, 0, 9223372036854775807, 0, 9223372036737595807
7, 2605, 0, 9223372036854775807, 0, 9223372036737550807
7, 2606, 0, 9223372036854775807, 0, 9223372036737505807
7, 2607, 0, 9223372036854775807, 0, 9223372036737460807
7, 2608, 0, 9223372036854775807, 0, 9223372036737415807
7, 2609, 0, 9223372036854775807, 0, 9223372036737370807
7, 261, 0, 9223372036854775807, 0, 9223372036843030807
7, 2610, 0, 9223372036854775807, 0, 9223372036737325807
7, 2611, 0, 9223372036854775807, 0, 9223372036737280807
7, 2612, 0, 9223372036854775807, 0, 9223372036737235807
7, 2613, 0, 9223372036854775807, 0, 9223372036737190807
7, 2614, 0, 9223372036854775807, 0, 9223372036737145807
7, 2615, 0, 9223372036854775807, 0, 9223372036737100807
7, 2616, 0, 9223372036854775807, 0, 9223372036737055807
7, 2617, 0, 9223372036854775807, 0, 9223372036737010807
7, 262, 0, 9223372036854775807, 0, 9223372036842985807
7, 263, 0, 9223372036854775807, 0, 9223372036842940807
7, 264, 0, 9223372036854775807, 0, 9223372036842895807
7, 265, 0, 9223372036854775807, 0, 9223372036842850807
7, 266, 0, 9223372036854775807, 0, 9223372036842805807
7, 267, 0, 9223372036854775807, 0, 9223372036842760807
7, 268, 0, 9223372036854775807, 0, 9223372036842715807
7, 269, 0, 9223372036854775807, 0, 9223372036842670807
7, 27, 0, 9223372036854775807, 0, 9223372036853560807
7, 270, 0, 9223372036854775807, 0, 9223372036842625807
7, 271, 0, 9223372036854775807, 0, 9223372036842580807
7, 272, 0, 9223372036854775807, 0, 9223372036842535807
7, 273, 0, 9223372036854775807, 0, 9223372036842490807
7, 274, 0, 9223372036854775807, 0, 9223372036842445807
7, 275, 0, 9223372036854775807, 0, 9223372036842400807
7, 276, 0, 9223372036854775807, 0, 9223372036842355807
7, 277, 0, 9223372036854775807, 0, 9223372036842310807
7, 278, 0, 9223372036854775807, 0, 9223372036842265807
7, 279, 0, 9223372036854775807, 0, 9223372036842220807
7, 28, 0, 9223372036854775807, 0, 9223372036853515807
7, 280, 0, 9223372036854775807, 0, 9223372036842175807
7, 281, 0, 9223372036854775807, 0, 9223372036842130807
7, 282, 0, 9223372036854775807, 0, 9223372036842085807
7, 283, 0, 9223372036854775807, 0, 9223372036842040807
7, 284, 0, 9223372036854775807, 0, 9223372036841995807
7, 285, 0, 9223372036854775807, 0, 9223372036841950807
7, 286, 0, 9223372036854775807, 0, 9223372036841905807
7, 287, 0, 9223372036854775807, 0, 9223372036841860807
7, 288, 0, 9223372036854775807, 0, 9223372036841815807
7, 289, 0, 9223372036854775807, 0, 9223372036841770807
7, 29, 0, 9223372036854775807, 0, 9223372036853470807
7, 290, 0, 9223372036854775807, 0, 9223372036841725807
7, 291, 0, 9223372036854775807, 0, 9223372036841680807
7, 292, 0, 9223372036854775807, 0, 9223372036841635807
7, 293, 0, 9223372036854775807, 0, 9223372036841590807
7, 294, 0, 9223372036854775807, 0, 9223372036841545807
7, 295, 0, 9223372036854775807, 0, 9223372036841500807
7, 296, 0, 9223372036854775807, 0, 9223372036841455807
7, 297, 0, 9223372036854775807, 0, 9223372036841410807
7, 298, 0, 9223372036854775807, 0, 9223372036841365807
7, 299, 0, 9223372036854775807, 0, 9223372036841320807
7, 3, 0, 9223372036854775807, 0, 9223372036854640807
7, 30, 0, 9223372036854775807, 0, 9223372036853425807
7, 300, 0, 9223372036854775807, 0, 9223372036841275807
7, 301, 0, 9223372036854775807, 0, 9223372036841230807
7, 302, 0, 9223372036854775807, 0, 9223372036841185807
7, 303, 0, 9223372036854775807, 0, 9223372036841140807
7, 304, 0, 9223372036854775807, 0, 9223372036841095807
7, 305, 0, 9223372036854775807, 0, 9223372036841050807
7, 306, 0, 9223372036854775807, 0, 9223372036841005807
7, 307, 0, 9223372036854775807, 0, 9223372036840960807
7, 308, 0, 9223372036854775807, 0, 9223372036840915807
7, 309, 0, 9223372036854775807, 0, 9223372036840870807
7, 31, 0, 9223372036854775807, 0, 9223372036853380807
7, 310, 0, 9223372036854775807, 0, 9223372036840825807
7, 311, 0, 9223372036854775807, 0, 9223372036840780807
7, 312, 0, 9223372036854775807, 0, 9223372036840735807
7, 313, 0, 9223372036854775807, 0, 9223372036840690807
7, 314, 0, 9223372036854775807, 0, 9223372036840645807
7, 315, 0, 9223372036854775807, 0, 9223372036840600807
7, 316, 0, 9223372036854775807, 0, 9223372036840555807
7, 317, 0, 9223372036854775807, 0, 9223372036840510807
7, 318, 0, 9223372036854775807, 0, 9223372036840465807
7, 319, 0, 9223372036854775807, 0, 9223372036840420807
7, 32, 0, 9223372036854775807, 0, 9223372036853335807
7, 320, 0, 9223372036854775807, 0, 9223372036840375807
7, 321, 0, 9223372036854775807, 0, 9223372036840330807
7, 322, 0, 9223372036854775807, 0, 9223372036840285807
7, 323, 0, 9223372036854775807, 0, 9223372036840240807
7, 324, 0, 9223372036854775807, 0, 9223372036840195807
7, 325, 0, 9223372036854775807, 0, 9223372036840150807
7, 326, 0, 9223372036854775807, 0, 9223372036840105807
7, 327, 0, 9223372036854775807, 0, 9223372036840060807
7, 328, 0, 9223372036854775807, 0, 9223372036840015807
7, 329, 0, 9223372036854775807, 0, 9223372036839970807
7, 33, 0, 9223372036854775807, 0, 9223372036853290807
7, 330, 0, 9223372036854775807, 0, 9223372036839925807
7, 331, 0, 9223372036854775807, 0, 9223372036839880807
7, 332, 0, 9223372036854775807, 0, 9223372036839835807
7, 333, 0, 9223372036854775807, 0, 9223372036839790807
7, 334, 0, 9223372036854775807, 0, 9223372036839745807
7, 335, 0, 9223372036854775807, 0, 9223372036839700807
7, 336, 0, 9223372036854775807, 0, 9223372036839655807
7, 337, 0, 9223372036854775807, 0, 9223372036839610807
7, 338, 0, 9223372036854775807, 0, 9223372036839565807
7, 339, 0, 9223372036854775807, 0, 9223372036839520807
7, 34, 0, 9223372036854775807, 0, 9223372036853245807
7, 340, 0, 9223372036854775807, 0, 9223372036839475807
7, 341, 0, 9223372036854775807, 0, 9223372036839430807
7, 342, 0, 9223372036854775807, 0, 9223372036839385807
7, 343, 0, 9223372036854775807, 0, 9223372036839340807
7, 344, 0, 9223372036854775807, 0, 9223372036839295807
7, 345, 0, 9223372036854775807, 0, 9223372036839250807
7, 346, 0, 9223372036854775807, 0, 9223372036839205807
7, 347, 0, 9223372036854775807, 0, 9223372036839160807
7, 348, 0, 9223372036854775807, 0, 9223372036839115807
7, 349, 0, 9223372036854775807, 0, 9223372036839070807
7, 35, 0, 9223372036854775807, 0, 9223372036853200807
7, 350, 0, 9223372036854775807, 0, 9223372036839025807
7, 351, 0, 9223372036854775807, 0, 9223372036838980807
7, 352, 0, 9223372036854775807, 0, 9223372036838935807
7, 353, 0, 9223372036854775807, 0, 9223372036838890807
7, 354, 0, 9223372036854775807, 0, 9223372036838845807
7, 355, 0, 9223372036854775807, 0, 9223372036838800807
7, 356, 0, 9223372036854775807, 0, 9223372036838755807
7, 357, 0, 9223372036854775807, 0, 9223372036838710807
7, 358, 0, 9223372036854775807, 0, 9223372036838665807
7, 359, 0, 9223372036854775807, 0, 9223372036838620807
7, 36, 0, 9223372036854775807, 0, 9223372036853155807
7, 360, 0, 9223372036854775807, 0, 9223372036838575807
7, 361, 0, 9223372036854775807, 0, 9223372036838530807
7, 362, 0, 9223372036854775807, 0, 9223372036838485807
7, 363, 0, 9223372036854775807, 0, 9223372036838440807
7, 364, 0, 9223372036854775807, 0, 9223372036838395807
7, 365, 0, 9223372036854775807, 0, 9223372036838350807
7, 366, 0, 9223372036854775807, 0, 9223372036838305807
7, 367, 0, 9223372036854775807, 0, 9223372036838260807
7, 368, 0, 9223372036854775807, 0, 9223372036838215807
7, 369, 0, 9223372036854775807, 0, 9223372036838170807
7, 37, 0, 9223372036854775807, 0, 9223372036853110807
7, 370, 0, 9223372036854775807, 0, 9223372036838125807
7, 371, 0, 9223372036854775807, 0, 9223372036838080807
7, 372, 0, 9223372036854775807, 0, 9223372036838035807
7, 373, 0, 9223372036854775807, 0, 9223372036837990807
7, 374, 0, 9223372036854775807, 0, 9223372036837945807
7, 375, 0, 9223372036854775807, 0, 9223372036837900807
7, 376, 0, 9223372036854775807, 0, 9223372036837855807
7, 377, 0, 9223372036854775807, 0, 9223372036837810807
7, 378, 0, 9223372036854775807, 0, 9223372036837765807
7, 379, 0, 9223372036854775807, 0, 9223372036837720807
7, 38, 0, 9223372036854775807, 0, 9223372036853065807
7, 380, 0, 9223372036854775807, 0, 9223372036837675807
7, 381, 0, 9223372036854775807, 0, 9223372036837630807
7, 382, 0, 9223372036854775807, 0, 9223372036837585807
7, 383, 0, 9223372036854775807, 0, 9223372036837540807
7, 384, 0, 9223372036854775807, 0, 9223372036837495807
7, 385, 0, 9223372036854775807, 0, 9223372036837450807
7, 386, 0, 9223372036854775807, 0, 9223372036837405807
7, 387, 0, 9223372036854775807, 0, 9223372036837360807
7, 388, 0, 9223372036854775807, 0, 9223372036837315807
7, 389, 0, 9223372036854775807, 0, 9223372036837270807
7, 39, 0, 9223372036854775807, 0, 9223372036853020807
7, 390, 0, 9223372036854775807, 0, 9223372036837225807
7, 391, 0, 9223372036854775807, 0, 9223372036837180807
7, 392, 0, 9223372036854775807, 0, 9223372036837135807
7, 393, 0, 9223372036854775807, 0, 9223372036837090807
7, 394, 0, 9223372036854775807, 0, 9223372036837045807
7, 395, 0, 9223372036854775807, 0, 9223372036837000807
7, 396, 0, 9223372036854775807, 0, 9223372036836955807
7, 397, 0, 9223372036854775807, 0, 9223372036836910807
7, 398, 0, 9223372036854775807, 0, 9223372036836865807
7, 399, 0, 9223372036854775807, 0, 9223372036836820807
7, 4, 0, 9223372036854775807, 0, 9223372036854595807
7, 40, 0, 9223372036854775807, 0, 9223372036852975807
7, 400, 0, 9223372036854775807, 0, 9223372036836775807
7, 401, 0, 9223372036854775807, 0, 9223372036836730807
7, 402, 0, 9223372036854775807, 0, 9223372036836685807
7, 403, 0, 9223372036854775807, 0, 9223372036836640807
7, 404, 0, 9223372036854775807, 0, 9223372036836595807
7, 405, 0, 9223372036854775807, 0, 9223372036836550807
7, 406, 0, 9223372036854775807, 0, 9223372036836505807
7, 407, 0, 9223372036854775807, 0, 9223372036836460807
7, 408, 0, 9223372036854775807, 0, 9223372036836415807
7, 409, 0, 9223372036854775807, 0, 9223372036836370807
7, 41, 0, 9223372036854775807, 0, 9223372036852930807
7, 410, 0, 9223372036854775807, 0, 9223372036836325807
7, 411, 0, 9223372036854775807, 0, 9223372036836280807
7, 412, 0, 9223372036854775807, 0, 9223372036836235807
7, 413, 0, 9223372036854775807, 0, 9223372036836190807
7, 414, 0, 9223372036854775807, 0, 9223372036836145807
7, 415, 0, 9223372036854775807, 0, 9223372036836100807
7, 416, 0, 9223372036854775807, 0, 9223372036836055807
7, 417, 0, 9223372036854775807, 0, 9223372036836010807
7, 418, 0, 9223372036854775807, 0, 9223372036835965807
7, 419, 0, 9223372036854775807, 0, 9223372036835920807
7, 42, 0, 9223372036854775807, 0, 9223372036852885807
7, 420, 0, 9223372036854775807, 0, 9223372036835875807
7, 421, 0, 9223372036854775807, 0, 9223372036835830807
7, 422, 0, 9223372036854775807, 0, 9223372036835785807
7, 423, 0, 9223372036854775807, 0, 9223372036835740807
7, 424, 0, 9223372036854775807, 0, 9223372036835695807
7, 425, 0, 9223372036854775807, 0, 9223372036835650807
7, 426, 0, 9223372036854775807, 0, 9223372036835605807
7, 427, 0, 9223372036854775807, 0, 9223372036835560807
7, 428, 0, 9223372036854775807, 0, 9223372036835515807
7, 429, 0, 9223372036854775807, 0, 9223372036835470807
7, 43, 0, 9223372036854775807, 0, 9223372036852840807
7, 430, 0, 9223372036854775807, 0, 9223372036835425807
7, 431, 0, 9223372036854775807, 0, 9223372036835380807
7, 432, 0, 9223372036854775807, 0, 9223372036835335807
7, 433, 0, 9223372036854775807, 0, 9223372036835290807
7, 434, 0, 9223372036854775807, 0, 9223372036835245807
7, 435, 0, 9223372036854775807, 0, 9223372036835200807
7, 436, 0, 9223372036854775807, 0, 9223372036835155807
7, 437, 0, 9223372036854775807, 0, 9223372036835110807
7, 438, 0, 9223372036854775807, 0, 9223372036835065807
7, 439, 0, 9223372036854775807, 0, 9223372036835020807
7, 44, 0, 9223372036854775807, 0, 9223372036852795807
7, 440, 0, 9223372036854775807, 0, 9223372036834975807
7, 441, 0, 9223372036854775807, 0, 9223372036834930807
7, 442, 0, 9223372036854775807, 0, 9223372036834885807
7, 443, 0, 9223372036854775807, 0, 9223372036834840807
7, 444, 0, 9223372036854775807, 0, 9223372036834795807
7, 445, 0, 9223372036854775807, 0, 9223372036834750807
7, 446, 0, 9223372036854775807, 0, 9223372036834705807
7, 447, 0, 9223372036854775807, 0, 9223372036834660807
7, 448, 0, 9223372036854775807, 0, 9223372036834615807
7, 449, 0, 9223372036854775807, 0, 9223372036834570807
7, 45, 0, 9223372036854775807, 0, 9223372036852750807
7, 450, 0, 9223372036854775807, 0, 9223372036834525807
7, 451, 0, 9223372036854775807, 0, 9223372036834480807
7, 452, 0, 9223372036854775807, 0, 9223372036834435807
7, 453, 0, 9223372036854775807, 0, 9223372036834390807
7, 454, 0, 9223372036854775807, 0, 9223372036834345807
7, 455, 0, 9223372036854775807, 0, 9223372036834300807
7, 456, 0, 9223372036854775807, 0, 9223372036834255807
7, 457, 0, 9223372036854775807, 0, 9223372036834210807
7, 458, 0, 9223372036854775807, 0, 9223372036834165807
7, 459, 0, 9223372036854775807, 0, 9223372036834120807
7, 46, 0, 9223372036854775807, 0, 9223372036852705807
7, 460, 0, 9223372036854775807, 0, 9223372036834075807
7, 461, 0, 9223372036854775807, 0, 9223372036834030807
7, 462, 0, 9223372036854775807, 0, 9223372036833985807
7, 463, 0, 9223372036854775807, 0, 9223372036833940807
7, 464, 0, 9223372036854775807, 0, 9223372036833895807
7, 465, 0, 9223372036854775807, 0, 9223372036833850807
7, 466, 0, 9223372036854775807, 0, 9223372036833805807
7, 467, 0, 9223372036854775807, 0, 9223372036833760807
7, 468, 0, 9223372036854775807, 0, 9223372036833715807
7, 469, 0, 9223372036854775807, 0, 9223372036833670807
7, 47, 0, 9223372036854775807, 0, 9223372036852660807
7, 470, 0, 9223372036854775807, 0, 9223372036833625807
7, 471, 0, 9223372036854775807, 0, 9223372036833580807
7, 472, 0, 9223372036854775807, 0, 9223372036833535807
7, 473, 0, 9223372036854775807, 0, 9223372036833490807
7, 474, 0, 9223372036854775807, 0, 9223372036833445807
7, 475, 0, 9223372036854775807, 0, 9223372036833400807
7, 476, 0, 9223372036854775807, 0, 9223372036833355807
7, 477, 0, 9223372036854775807, 0, 9223372036833310807
7, 478, 0, 9223372036854775807, 0, 9223372036833265807
7, 479, 0, 9223372036854775807, 0, 9223372036833220807
7, 48, 0, 9223372036854775807, 0, 9223372036852615807
7, 480, 0, 9223372036854775807, 0, 9223372036833175807
7, 481, 0, 9223372036854775807, 0, 9223372036833130807
7, 482, 0, 9223372036854775807, 0, 9223372036833085807
7, 483, 0, 9223372036854775807, 0, 9223372036833040807
7, 484, 0, 9223372036854775807, 0, 9223372036832995807
7, 485, 0, 9223372036854775807, 0, 9223372036832950807
7, 486, 0, 9223372036854775807, 0, 9223372036832905807
7, 487, 0, 9223372036854775807, 0, 9223372036832860807
7, 488, 0, 9223372036854775807, 0, 9223372036832815807
7, 489, 0, 9223372036854775807, 0, 9223372036832770807
7, 49, 0, 9223372036854775807, 0, 9223372036852570807
7, 490, 0, 9223372036854775807, 0, 9223372036832725807
7, 491, 0, 9223372036854775807, 0, 9223372036832680807
7, 492, 0, 9223372036854775807, 0, 9223372036832635807
7, 493, 0, 9223372036854775807, 0, 9223372036832590807
7, 494, 0, 9223372036854775807, 0, 9223372036832545807
7, 495, 0, 9223372036854775807, 0, 9223372036832500807
7, 496, 0, 9223372036854775807, 0, 9223372036832455807
7, 497, 0, 9223372036854775807, 0, 9223372036832410807
7, 498, 0, 9223372036854775807, 0, 9223372036832365807
7, 499, 0, 9223372036854775807, 0, 9223372036832320807
7, 5, 0, 9223372036854775807, 0, 9223372036854550807
7, 50, 0, 9223372036854775807, 0, 9223372036852525807
7, 500, 0, 9223372036854775807, 0, 9223372036832275807
7, 501, 0, 9223372036854775807, 0, 9223372036832230807
7, 502, 0, 9223372036854775807, 0, 9223372036832185807
7, 503, 0, 9223372036854775807, 0, 9223372036832140807
7, 504, 0, 9223372036854775807, 0, 9223372036832095807
7, 505, 0, 9223372036854775807, 0, 9223372036832050807
7, 506, 0, 9223372036854775807, 0, 9223372036832005807
7, 507, 0, 9223372036854775807, 0, 9223372036831960807
7, 508, 0, 9223372036854775807, 0, 9223372036831915807
7, 509, 0, 9223372036854775807, 0, 9223372036831870807
7, 51, 0, 9223372036854775807, 0, 9223372036852480807
7, 510, 0, 9223372036854775807, 0, 9223372036831825807
7, 511, 0, 9223372036854775807, 0, 9223372036831780807
7, 512, 0, 9223372036854775807, 0, 9223372036831735807
7, 513, 0, 9223372036854775807, 0, 9223372036831690807
7, 514, 0, 9223372036854775807, 0, 9223372036831645807
7, 515, 0, 9223372036854775807, 0, 9223372036831600807
7, 516, 0, 9223372036854775807, 0, 9223372036831555807
7, 517, 0, 9223372036854775807, 0, 9223372036831510807
7, 518, 0, 9223372036854775807, 0, 9223372036831465807
7, 519, 0, 9223372036854775807, 0, 9223372036831420807
7, 52, 0, 9223372036854775807, 0, 9223372036852435807
7, 520, 0, 9223372036854775807, 0, 9223372036831375807
7, 521, 0, 9223372036854775807, 0, 9223372036831330807
7, 522, 0, 9223372036854775807, 0, 9223372036831285807
7, 523, 0, 9223372036854775807, 0, 9223372036831240807
7, 524, 0, 9223372036854775807, 0, 9223372036831195807
7, 525, 0, 9223372036854775807, 0, 9223372036831150807
7, 526, 0, 9223372036854775807, 0, 9223372036831105807
7, 527, 0, 9223372036854775807, 0, 9223372036831060807
7, 528, 0, 9223372036854775807, 0, 9223372036831015807
7, 529, 0, 9223372036854775807, 0, 9223372036830970807
7, 53, 0, 9223372036854775807, 0, 9223372036852390807
7, 530, 0, 9223372036854775807, 0, 9223372036830925807
7, 531, 0, 9223372036854775807, 0, 9223372036830880807
7, 532, 0, 9223372036854775807, 0, 9223372036830835807
7, 533, 0, 9223372036854775807, 0, 9223372036830790807
7, 534, 0, 9223372036854775807, 0, 9223372036830745807
7, 535, 0, 9223372036854775807, 0, 9223372036830700807
7, 536, 0, 9223372036854775807, 0, 9223372036830655807
7, 537, 0, 9223372036854775807, 0, 9223372036830610807
7, 538, 0, 9223372036854775807, 0, 9223372036830565807
7, 539, 0, 9223372036854775807, 0, 9223372036830520807
7, 54, 0, 9223372036854775807, 0, 9223372036852345807
7, 540, 0, 9223372036854775807, 0, 9223372036830475807
7, 541, 0, 9223372036854775807, 0, 9223372036830430807
7, 542, 0, 9223372036854775807, 0, 9223372036830385807
7, 543, 0, 9223372036854775807, 0, 9223372036830340807
7, 544, 0, 9223372036854775807, 0, 9223372036830295807
7, 545, 0, 9223372036854775807, 0, 9223372036830250807
7, 546, 0, 9223372036854775807, 0, 9223372036830205807
7, 547, 0, 9223372036854775807, 0, 9223372036830160807
7, 548, 0, 9223372036854775807, 0, 9223372036830115807
7, 549, 0, 9223372036854775807, 0, 9223372036830070807
7, 55, 0, 9223372036854775807, 0, 9223372036852300807
7, 550, 0, 9223372036854775807, 0, 9223372036830025807
7, 551, 0, 9223372036854775807, 0, 9223372036829980807
7, 552, 0, 9223372036854775807, 0, 9223372036829935807
7, 553, 0, 9223372036854775807, 0, 9223372036829890807
7, 554, 0, 9223372036854775807, 0, 9223372036829845807
7, 555, 0, 9223372036854775807, 0, 9223372036829800807
7, 556, 0, 9223372036854775807, 0, 9223372036829755807
7, 557, 0, 9223372036854775807, 0, 9223372036829710807
7, 558, 0, 9223372036854775807, 0, 9223372036829665807
7, 559, 0, 9223372036854775807, 0, 9223372036829620807
7, 56, 0, 9223372036854775807, 0, 9223372036852255807
7, 560, 0, 9223372036854775807, 0, 9223372036829575807
7, 561, 0, 9223372036854775807, 0, 9223372036829530807
7, 562, 0, 9223372036854775807, 0, 9223372036829485807
7, 563, 0, 9223372036854775807, 0, 9223372036829440807
7, 564, 0, 9223372036854775807, 0, 9223372036829395807
7, 565, 0, 9223372036854775807, 0, 9223372036829350807
7, 566, 0, 9223372036854775807, 0, 9223372036829305807
7, 567, 0, 9223372036854775807, 0, 9223372036829260807
7, 568, 0, 9223372036854775807, 0, 9223372036829215807
7, 569, 0, 9223372036854775807, 0, 9223372036829170807
7, 57, 0, 9223372036854775807, 0, 9223372036852210807
7, 570, 0, 9223372036854775807, 0, 9223372036829125807
7, 571, 0, 9223372036854775807, 0, 9223372036829080807
7, 572, 0, 9223372036854775807, 0, 9223372036829035807
7, 573, 0, 9223372036854775807, 0, 9223372036828990807
7, 574, 0, 9223372036854775807, 0, 9223372036828945807
7, 575, 0, 9223372036854775807, 0, 9223372036828900807
7, 576, 0, 9223372036854775807, 0, 9223372036828855807
7, 577, 0, 9223372036854775807, 0, 9223372036828810807
7, 578, 0, 9223372036854775807, 0, 9223372036828765807
7, 579, 0, 9223372036854775807, 0, 9223372036828720807
7, 58, 0, 9223372036854775807, 0, 9223372036852165807
7, 580, 0, 9223372036854775807, 0, 9223372036828675807
7, 581, 0, 9223372036854775807, 0, 9223372036828630807
7, 582, 0, 9223372036854775807, 0, 9223372036828585807
7, 583, 0, 9223372036854775807, 0, 9223372036828540807
7, 584, 0, 9223372036854775807, 0, 9223372036828495807
7, 585, 0, 9223372036854775807, 0, 9223372036828450807
7, 586, 0, 9223372036854775807, 0, 9223372036828405807
7, 587, 0, 9223372036854775807, 0, 9223372036828360807
7, 588, 0, 9223372036854775807, 0, 9223372036828315807
7, 589, 0, 9223372036854775807, 0, 9223372036828270807
7, 59, 0, 9223372036854775807, 0, 9223372036852120807
7, 590, 0, 9223372036854775807, 0, 9223372036828225807
7, 591, 0, 9223372036854775807, 0, 9223372036828180807
7, 592, 0, 9223372036854775807, 0, 9223372036828135807
7, 593, 0, 9223372036854775807, 0, 9223372036828090807
7, 594, 0, 9223372036854775807, 0, 9223372036828045807
7, 595, 0, 9223372036854775807, 0, 9223372036828000807
7, 596, 0, 9223372036854775807, 0, 9223372036827955807
7, 597, 0, 9223372036854775807, 0, 9223372036827910807
7, 598, 0, 9223372036854775807, 0, 9223372036827865807
7, 599, 0, 9223372036854775807, 0, 9223372036827820807
7, 6, 0, 9223372036854775807, 0, 9223372036854505807
7, 60, 0, 9223372036854775807, 0, 9223372036852075807
7, 600, 0, 9223372036854775807, 0, 9223372036827775807
7, 601, 0, 9223372036854775807, 0, 9223372036827730807
7, 602, 0, 9223372036854775807, 0, 9223372036827685807
7, 603, 0, 9223372036854775807, 0, 9223372036827640807
7, 604, 0, 9223372036854775807, 0, 9223372036827595807
7, 605, 0, 9223372036854775807, 0, 9223372036827550807
7, 606, 0, 9223372036854775807, 0, 9223372036827505807
7, 607, 0, 9223372036854775807, 0, 9223372036827460807
7, 608, 0, 9223372036854775807, 0, 9223372036827415807
7, 609, 0, 9223372036854775807, 0, 9223372036827370807
7, 61, 0, 9223372036854775807, 0, 9223372036852030807
7, 610, 0, 9223372036854775807, 0, 9223372036827325807
7, 611, 0, 9223372036854775807, 0, 9223372036827280807
7, 612, 0, 9223372036854775807, 0, 9223372036827235807
7, 613, 0, 9223372036854775807, 0, 9223372036827190807
7, 614, 0, 9223372036854775807, 0, 9223372036827145807
7, 615, 0, 9223372036854775807, 0, 9223372036827100807
7, 616, 0, 9223372036854775807, 0, 9223372036827055807
7, 617, 0, 9223372036854775807, 0, 9223372036827010807
7, 618, 0, 9223372036854775807, 0, 9223372036826965807
7, 619, 0, 9223372036854775807, 0, 9223372036826920807
7, 62, 0, 9223372036854775807, 0, 9223372036851985807
7, 620, 0, 9223372036854775807, 0, 9223372036826875807
7, 621, 0, 9223372036854775807, 0, 9223372036826830807
7, 622, 0, 9223372036854775807, 0, 9223372036826785807
7, 623, 0, 9223372036854775807, 0, 9223372036826740807
7, 624, 0, 9223372036854775807, 0, 9223372036826695807
7, 625, 0, 9223372036854775807, 0, 9223372036826650807
7, 626, 0, 9223372036854775807, 0, 9223372036826605807
7, 627, 0, 9223372036854775807, 0, 9223372036826560807
7, 628, 0, 9223372036854775807, 0, 9223372036826515807
7, 629, 0, 9223372036854775807, 0, 9223372036826470807
7, 63, 0, 9223372036854775807, 0, 9223372036851940807
7, 630, 0, 9223372036854775807, 0, 9223372036826425807
7, 631, 0, 9223372036854775807, 0, 9223372036826380807
7, 632, 0, 9223372036854775807, 0, 9223372036826335807
7, 633, 0, 9223372036854775807, 0, 9223372036826290807
7, 634, 0, 9223372036854775807, 0, 9223372036826245807
7, 635, 0, 9223372036854775807, 0, 9223372036826200807
7, 636, 0, 9223372036854775807, 0, 9223372036826155807
7, 637, 0, 9223372036854775807, 0, 9223372036826110807
7, 638, 0, 9223372036854775807, 0, 9223372036826065807
7, 639, 0, 9223372036854775807, 0, 9223372036826020807
7, 64, 0, 9223372036854775807, 0, 9223372036851895807
7, 640, 0, 9223372036854775807, 0, 9223372036825975807
7, 641, 0, 9223372036854775807, 0, 9223372036825930807
7, 642, 0, 9223372036854775807, 0, 9223372036825885807
7, 643, 0, 9223372036854775807, 0, 9223372036825840807
7, 644, 0, 9223372036854775807, 0, 9223372036825795807
7, 645, 0, 9223372036854775807, 0, 9223372036825750807
7, 646, 0, 9223372036854775807, 0, 9223372036825705807
7, 647, 0, 9223372036854775807, 0, 9223372036825660807
7, 648, 0, 9223372036854775807, 0, 9223372036825615807
7, 649, 0, 9223372036854775807, 0, 9223372036825570807
7, 65, 0, 9223372036854775807, 0, 9223372036851850807
7, 650, 0, 9223372036854775807, 0, 9223372036825525807
7, 651, 0, 9223372036854775807, 0, 9223372036825480807
7, 652, 0, 9223372036854775807, 0, 9223372036825435807
7, 653, 0, 9223372036854775807, 0, 9223372036825390807
7, 654, 0, 9223372036854775807, 0, 9223372036825345807
7, 655, 0, 9223372036854775807, 0, 9223372036825300807
7, 656, 0, 9223372036854775807, 0, 9223372036825255807
7, 657, 0, 9223372036854775807, 0, 9223372036825210807
7, 658, 0, 9223372036854775807, 0, 9223372036825165807
7, 659, 0, 9223372036854775807, 0, 9223372036825120807
7, 66, 0, 9223372036854775807, 0, 9223372036851805807
7, 660, 0, 9223372036854775807, 0, 9223372036825075807
7, 661, 0, 9223372036854775807, 0, 9223372036825030807
7, 662, 0, 9223372036854775807, 0, 9223372036824985807
7, 663, 0, 9223372036854775807, 0, 9223372036824940807
7, 664, 0, 9223372036854775807, 0, 9223372036824895807
7, 665, 0, 9223372036854775807, 0, 9223372036824850807
7, 666, 0, 9223372036854775807, 0, 9223372036824805807
7, 667, 0, 9223372036854775807, 0, 9223372036824760807
7, 668, 0, 9223372036854775807, 0, 9223372036824715807
7, 669, 0, 9223372036854775807, 0, 9223372036824670807
7, 67, 0, 9223372036854775807, 0, 9223372036851760807
7, 670, 0, 9223372036854775807, 0, 9223372036824625807
7, 671, 0, 9223372036854775807, 0, 9223372036824580807
7, 672, 0, 9223372036854775807, 0, 9223372036824535807
7, 673, 0, 9223372036854775807, 0, 9223372036824490807
7, 674, 0, 9223372036854775807, 0, 9223372036824445807
7, 675, 0, 9223372036854775807, 0, 9223372036824400807
7, 676, 0, 9223372036854775807, 0, 9223372036824355807
7, 677, 0, 9223372036854775807, 0, 9223372036824310807
7, 678, 0, 9223372036854775807, 0, 9223372036824265807
7, 679, 0, 9223372036854775807, 0, 9223372036824220807
7, 68, 0, 9223372036854775807, 0, 9223372036851715807
7, 680, 0, 9223372036854775807, 0, 9223372036824175807
7, 681, 0, 9223372036854775807, 0, 9223372036824130807
7, 682, 0, 9223372036854775807, 0, 9223372036824085807
7, 683, 0, 9223372036854775807, 0, 9223372036824040807
7, 684, 0, 9223372036854775807, 0, 9223372036823995807
7, 685, 0, 9223372036854775807, 0, 9223372036823950807
7, 686, 0, 9223372036854775807, 0, 9223372036823905807
7, 687, 0, 9223372036854775807, 0, 9223372036823860807
7, 688, 0, 9223372036854775807, 0, 9223372036823815807
7, 689, 0, 9223372036854775807, 0, 9223372036823770807
7, 69, 0, 9223372036854775807, 0, 9223372036851670807
7, 690, 0, 9223372036854775807, 0, 9223372036823725807
7, 691, 0, 9223372036854775807, 0, 9223372036823680807
7, 692, 0, 9223372036854775807, 0, 9223372036823635807
7, 693, 0, 9223372036854775807, 0, 9223372036823590807
7, 694, 0, 9223372036854775807, 0, 9223372036823545807
7, 695, 0, 9223372036854775807, 0, 9223372036823500807
7, 696, 0, 9223372036854775807, 0, 9223372036823455807
7, 697, 0, 9223372036854775807, 0, 9223372036823410807
7, 698, 0, 9223372036854775807, 0, 9223372036823365807
7, 699, 0, 9223372036854775807, 0, 9223372036823320807
7, 7, 0, 9223372036854775807, 0, 9223372036854460807
7, 70, 0, 9223372036854775807, 0, 9223372036851625807
7, 700, 0, 9223372036854775807, 0, 9223372036823275807
7, 701, 0, 9223372036854775807, 0, 9223372036823230807
7, 702, 0, 9223372036854775807, 0, 9223372036823185807
7, 703, 0, 9223372036854775807, 0, 9223372036823140807
7, 704, 0, 9223372036854775807, 0, 9223372036823095807
7, 705, 0, 9223372036854775807, 0, 9223372036823050807
7, 706, 0, 9223372036854775807, 0, 9223372036823005807
7, 707, 0, 9223372036854775807, 0, 9223372036822960807
7, 708, 0, 9223372036854775807, 0, 9223372036822915807
7, 709, 0, 9223372036854775807, 0, 9223372036822870807
7, 71, 0, 9223372036854775807, 0, 9223372036851580807
7, 710, 0, 9223372036854775807, 0, 9223372036822825807
7, 711, 0, 9223372036854775807, 0, 9223372036822780807
7, 712, 0, 9223372036854775807, 0, 9223372036822735807
7, 713, 0, 9223372036854775807, 0, 9223372036822690807
7, 714, 0, 9223372036854775807, 0, 9223372036822645807
7, 715, 0, 9223372036854775807, 0, 9223372036822600807
7, 716, 0, 9223372036854775807, 0, 9223372036822555807
7, 717, 0, 9223372036854775807, 0, 9223372036822510807
7, 718, 0, 9223372036854775807, 0, 9223372036822465807
7, 719, 0, 9223372036854775807, 0, 9223372036822420807
7, 72, 0, 9223372036854775807, 0, 9223372036851535807
7, 720, 0, 9223372036854775807, 0, 9223372036822375807
7, 721, 0, 9223372036854775807, 0, 9223372036822330807
7, 722, 0, 9223372036854775807, 0, 9223372036822285807
7, 723, 0, 9223372036854775807, 0, 9223372036822240807
7, 724, 0, 9223372036854775807, 0, 9223372036822195807
7, 725, 0, 9223372036854775807, 0, 9223372036822150807
7, 726, 0, 9223372036854775807, 0, 9223372036822105807
7, 727, 0, 9223372036854775807, 0, 9223372036822060807
7, 728, 0, 9223372036854775807, 0, 9223372036822015807
7, 729, 0, 9223372036854775807, 0, 9223372036821970807
7, 73, 0, 9223372036854775807, 0, 9223372036851490807
7, 730, 0, 9223372036854775807, 0, 9223372036821925807
7, 731, 0, 9223372036854775807, 0, 9223372036821880807
7, 732, 0, 9223372036854775807, 0, 9223372036821835807
7, 733, 0, 9223372036854775807, 0, 9223372036821790807
7, 734, 0, 9223372036854775807, 0, 9223372036821745807
7, 735, 0, 9223372036854775807, 0, 9223372036821700807
7, 736, 0, 9223372036854775807, 0, 9223372036821655807
7, 737, 0, 9223372036854775807, 0, 9223372036821610807
7, 738, 0, 9223372036854775807, 0, 9223372036821565807
7, 739, 0, 9223372036854775807, 0, 9223372036821520807
7, 74, 0, 9223372036854775807, 0, 9223372036851445807
7, 740, 0, 9223372036854775807, 0, 9223372036821475807
7, 741, 0, 9223372036854775807, 0, 9223372036821430807
7, 742, 0, 9223372036854775807, 0, 9223372036821385807
7, 743, 0, 9223372036854775807, 0, 9223372036821340807
7, 744, 0, 9223372036854775807, 0, 9223372036821295807
7, 745, 0, 9223372036854775807, 0, 9223372036821250807
7, 746, 0, 9223372036854775807, 0, 9223372036821205807
7, 747, 0, 9223372036854775807, 0, 9223372036821160807
7, 748, 0, 9223372036854775807, 0, 9223372036821115807
7, 749, 0, 9223372036854775807, 0, 9223372036821070807
7, 75, 0, 9223372036854775807, 0, 9223372036851400807
7, 750, 0, 9223372036854775807, 0, 9223372036821025807
7, 751, 0, 9223372036854775807, 0, 9223372036820980807
7, 752, 0, 9223372036854775807, 0, 9223372036820935807
7, 753, 0, 9223372036854775807, 0, 9223372036820890807
7, 754, 0, 9223372036854775807, 0, 9223372036820845807
7, 755, 0, 9223372036854775807, 0, 9223372036820800807
7, 756, 0, 9223372036854775807, 0, 9223372036820755807
7, 757, 0, 9223372036854775807, 0, 9223372036820710807
7, 758, 0, 9223372036854775807, 0, 9223372036820665807
7, 759, 0, 9223372036854775807, 0, 9223372036820620807
7, 76, 0, 9223372036854775807, 0, 9223372036851355807
7, 760, 0, 9223372036854775807, 0, 9223372036820575807
7, 761, 0, 9223372036854775807, 0, 9223372036820530807
7, 762, 0, 9223372036854775807, 0, 9223372036820485807
7, 763, 0, 9223372036854775807, 0, 9223372036820440807
7, 764, 0, 9223372036854775807, 0, 9223372036820395807
7, 765, 0, 9223372036854775807, 0, 9223372036820350807
7, 766, 0, 9223372036854775807, 0, 9223372036820305807
7, 767, 0, 9223372036854775807, 0, 9223372036820260807
7, 768, 0, 9223372036854775807, 0, 9223372036820215807
7, 769, 0, 9223372036854775807, 0, 9223372036820170807
7, 77, 0, 9223372036854775807, 0, 9223372036851310807
7, 770, 0, 9223372036854775807, 0, 9223372036820125807
7, 771, 0, 9223372036854775807, 0, 9223372036820080807
7, 772, 0, 9223372036854775807, 0, 9223372036820035807
7, 773, 0, 9223372036854775807, 0, 9223372036819990807
7, 774, 0, 9223372036854775807, 0, 9223372036819945807
7, 775, 0, 9223372036854775807, 0, 9223372036819900807
7, 776, 0, 9223372036854775807, 0, 9223372036819855807
7, 777, 0, 9223372036854775807, 0, 9223372036819810807
7, 778, 0, 9223372036854775807, 0, 9223372036819765807
7, 779, 0, 9223372036854775807, 0, 9223372036819720807
7, 78, 0, 9223372036854775807, 0, 9223372036851265807
7, 780, 0, 9223372036854775807, 0, 9223372036819675807
7, 781, 0, 9223372036854775807, 0, 9223372036819630807
7, 782, 0, 9223372036854775807, 0, 9223372036819585807
7, 783, 0, 9223372036854775807, 0, 9223372036819540807
7, 784, 0, 9223372036854775807, 0, 9223372036819495807
7, 785, 0, 9223372036854775807, 0, 9223372036819450807
7, 786, 0, 9223372036854775807, 0, 9223372036819405807
7, 787, 0, 9223372036854775807, 0, 9223372036819360807
7, 788, 0, 9223372036854775807, 0, 9223372036819315807
7, 789, 0, 9223372036854775807, 0, 9223372036819270807
7, 79, 0, 9223372036854775807, 0, 9223372036851220807
7, 790, 0, 9223372036854775807, 0, 9223372036819225807
7, 791, 0, 9223372036854775807, 0, 9223372036819180807
7, 792, 0, 9223372036854775807, 0, 9223372036819135807
7, 793, 0, 9223372036854775807, 0, 9223372036819090807
7, 794, 0, 9223372036854775807, 0, 9223372036819045807
7, 795, 0, 9223372036854775807, 0, 9223372036819000807
7, 796, 0, 9223372036854775807, 0, 9223372036818955807
7, 797, 0, 9223372036854775807, 0, 9223372036818910807
7, 798, 0, 9223372036854775807, 0, 9223372036818865807
7, 799, 0, 9223372036854775807, 0, 9223372036818820807
7, 8, 0, 9223372036854775807, 0, 9223372036854415807
7, 80, 0, 9223372036854775807, 0, 9223372036851175807
7, 800, 0, 9223372036854775807, 0, 9223372036818775807
7, 801, 0, 9223372036854775807, 0, 9223372036818730807
7, 802, 0, 9223372036854775807, 0, 9223372036818685807
7, 803, 0, 9223372036854775807, 0, 9223372036818640807
7, 804, 0, 9223372036854775807, 0, 9223372036818595807
7, 805, 0, 9223372036854775807, 0, 9223372036818550807
7, 806, 0, 9223372036854775807, 0, 9223372036818505807
7, 807, 0, 9223372036854775807, 0, 9223372036818460807
7, 808, 0, 9223372036854775807, 0, 9223372036818415807
7, 809, 0, 9223372036854775807, 0, 9223372036818370807
7, 81, 0, 9223372036854775807, 0, 9223372036851130807
7, 810, 0, 9223372036854775807, 0, 9223372036818325807
7, 811, 0, 9223372036854775807, 0, 9223372036818280807
7, 812, 0, 9223372036854775807, 0, 9223372036818235807
7, 813, 0, 9223372036854775807, 0, 9223372036818190807
7, 814, 0, 9223372036854775807, 0, 9223372036818145807
7, 815, 0, 9223372036854775807, 0, 9223372036818100807
7, 816, 0, 9223372036854775807, 0, 9223372036818055807
7, 817, 0, 9223372036854775807, 0, 9223372036818010807
7, 818, 0, 9223372036854775807, 0, 9223372036817965807
7, 819, 0, 9223372036854775807, 0, 9223372036817920807
7, 82, 0, 9223372036854775807, 0, 9223372036851085807
7, 820, 0, 9223372036854775807, 0, 9223372036817875807
7, 821, 0, 9223372036854775807, 0, 9223372036817830807
7, 822, 0, 9223372036854775807, 0, 9223372036817785807
7, 823, 0, 9223372036854775807, 0, 9223372036817740807
7, 824, 0, 9223372036854775807, 0, 9223372036817695807
7, 825, 0, 9223372036854775807, 0, 9223372036817650807
7, 826, 0, 9223372036854775807, 0, 9223372036817605807
7, 827, 0, 9223372036854775807, 0, 9223372036817560807
7, 828, 0, 9223372036854775807, 0, 9223372036817515807
7, 829, 0, 9223372036854775807, 0, 9223372036817470807
7, 83, 0, 9223372036854775807, 0, 9223372036851040807
7, 830, 0, 9223372036854775807, 0, 9223372036817425807
7, 831, 0, 9223372036854775807, 0, 9223372036817380807
7, 832, 0, 9223372036854775807, 0, 9223372036817335807
7, 833, 0, 9223372036854775807, 0, 9223372036817290807
7, 834, 0, 9223372036854775807, 0, 9223372036817245807
7, 835, 0, 9223372036854775807, 0, 9223372036817200807
7, 836, 0, 9223372036854775807, 0, 9223372036817155807
7, 837, 0, 9223372036854775807, 0, 9223372036817110807
7, 838, 0, 9223372036854775807, 0, 9223372036817065807
7, 839, 0, 9223372036854775807, 0, 9223372036817020807
7, 84, 0, 9223372036854775807, 0, 9223372036850995807
7, 840, 0, 9223372036854775807, 0, 9223372036816975807
7, 841, 0, 9223372036854775807, 0, 9223372036816930807
7, 842, 0, 9223372036854775807, 0, 9223372036816885807
7, 843, 0, 9223372036854775807, 0, 9223372036816840807
7, 844, 0, 9223372036854775807, 0, 9223372036816795807
7, 845, 0, 9223372036854775807, 0, 9223372036816750807
7, 846, 0, 9223372036854775807, 0, 9223372036816705807
7, 847, 0, 9223372036854775807, 0, 9223372036816660807
7, 848, 0, 9223372036854775807, 0, 9223372036816615807
7, 849, 0, 9223372036854775807, 0, 9223372036816570807
7, 85, 0, 9223372036854775807, 0, 9223372036850950807
7, 850, 0, 9223372036854775807, 0, 9223372036816525807
7, 851, 0, 9223372036854775807, 0, 9223372036816480807
7, 852, 0, 9223372036854775807, 0, 9223372036816435807
7, 853, 0, 9223372036854775807, 0, 9223372036816390807
7, 854, 0, 9223372036854775807, 0, 9223372036816345807
7, 855, 0, 9223372036854775807, 0, 9223372036816300807
7, 856, 0, 9223372036854775807, 0, 9223372036816255807
7, 857, 0, 9223372036854775807, 0, 9223372036816210807
7, 858, 0, 9223372036854775807, 0, 9223372036816165807
7, 859, 0, 9223372036854775807, 0, 9223372036816120807
7, 86, 0, 9223372036854775807, 0, 9223372036850905807
7, 860, 0, 9223372036854775807, 0, 9223372036816075807
7, 861, 0, 9223372036854775807, 0, 9223372036816030807
7, 862, 0, 9223372036854775807, 0, 9223372036815985807
7, 863, 0, 9223372036854775807, 0, 9223372036815940807
7, 864, 0, 9223372036854775807, 0, 9223372036815895807
7, 865, 0, 9223372036854775807, 0, 9223372036815850807
7, 866, 0, 9223372036854775807, 0, 9223372036815805807
7, 867, 0, 9223372036854775807, 0, 9223372036815760807
7, 868, 0, 9223372036854775807, 0, 9223372036815715807
7, 869, 0, 9223372036854775807, 0, 9223372036815670807
7, 87, 0, 9223372036854775807, 0, 9223372036850860807
7, 870, 0, 9223372036854775807, 0, 9223372036815625807
7, 871, 0, 9223372036854775807, 0, 9223372036815580807
7, 872, 0, 9223372036854775807, 0, 9223372036815535807
7, 873, 0, 9223372036854775807, 0, 9223372036815490807
7, 874, 0, 9223372036854775807, 0, 9223372036815445807
7, 875, 0, 9223372036854775807, 0, 9223372036815400807
7, 876, 0, 9223372036854775807, 0, 9223372036815355807
7, 877, 0, 9223372036854775807, 0, 9223372036815310807
7, 878, 0, 9223372036854775807, 0, 9223372036815265807
7, 879, 0, 9223372036854775807, 0, 9223372036815220807
7, 88, 0, 9223372036854775807, 0, 9223372036850815807
7, 880, 0, 9223372036854775807, 0, 9223372036815175807
7, 881, 0, 9223372036854775807, 0, 9223372036815130807
7, 882, 0, 9223372036854775807, 0, 9223372036815085807
7, 883, 0, 9223372036854775807, 0, 9223372036815040807
7, 884, 0, 9223372036854775807, 0, 9223372036814995807
7, 885, 0, 9223372036854775807, 0, 9223372036814950807
7, 886, 0, 9223372036854775807, 0, 9223372036814905807
7, 887, 0, 9223372036854775807, 0, 9223372036814860807
7, 888, 0, 9223372036854775807, 0, 9223372036814815807
7, 889, 0, 9223372036854775807, 0, 9223372036814770807
7, 89, 0, 9223372036854775807, 0, 9223372036850770807
7, 890, 0, 9223372036854775807, 0, 9223372036814725807
7, 891, 0, 9223372036854775807, 0, 9223372036814680807
7, 892, 0, 9223372036854775807, 0, 9223372036814635807
7, 893, 0, 9223372036854775807, 0, 9223372036814590807
7, 894, 0, 9223372036854775807, 0, 9223372036814545807
7, 895, 0, 9223372036854775807, 0, 9223372036814500807
7, 896, 0, 9223372036854775807, 0, 9223372036814455807
7, 897, 0, 9223372036854775807, 0, 9223372036814410807
7, 898, 0, 9223372036854775807, 0, 9223372036814365807
7, 899, 0, 9223372036854775807, 0, 9223372036814320807
7, 9, 0, 9223372036854775807, 0, 9223372036854370807
7, 90, 0, 9223372036854775807, 0, 9223372036850725807
7, 900, 0, 9223372036854775807, 0, 9223372036814275807
7, 901, 0, 9223372036854775807, 0, 9223372036814230807
7, 902, 0, 9223372036854775807, 0, 9223372036814185807
7, 903, 0, 9223372036854775807, 0, 9223372036814140807
7, 904, 0, 9223372036854775807, 0, 9223372036814095807
7, 905, 0, 9223372036854775807, 0, 9223372036814050807
7, 906, 0, 9223372036854775807, 0, 9223372036814005807
7, 907, 0, 9223372036854775807, 0, 9223372036813960807
7, 908, 0, 9223372036854775807, 0, 9223372036813915807
7, 909, 0, 9223372036854775807, 0, 9223372036813870807
7, 91, 0, 9223372036854775807, 0, 9223372036850680807
7, 910, 0, 9223372036854775807, 0, 9223372036813825807
7, 911, 0, 9223372036854775807, 0, 9223372036813780807
7, 912, 0, 9223372036854775807, 0, 9223372036813735807
7, 913, 0, 9223372036854775807, 0, 9223372036813690807
7, 914, 0, 9223372036854775807, 0, 9223372036813645807
7, 915, 0, 9223372036854775807, 0, 9223372036813600807
7, 916, 0, 9223372036854775807, 0, 9223372036813555807
7, 917, 0, 9223372036854775807, 0, 9223372036813510807
7, 918, 0, 9223372036854775807, 0, 9223372036813465807
7, 919, 0, 9223372036854775807, 0, 9223372036813420807
7, 92, 0, 9223372036854775807, 0, 9223372036850635807
7, 920, 0, 9223372036854775807, 0, 9223372036813375807
7, 921, 0, 9223372036854775807, 0, 9223372036813330807
7, 922, 0, 9223372036854775807, 0, 9223372036813285807
7, 923, 0, 9223372036854775807, 0, 9223372036813240807
7, 924, 0, 9223372036854775807, 0, 9223372036813195807
7, 925, 0, 9223372036854775807, 0, 9223372036813150807
7, 926, 0, 9223372036854775807, 0, 9223372036813105807
7, 927, 0, 9223372036854775807, 0, 9223372036813060807
7, 928, 0, 9223372036854775807, 0, 9223372036813015807
7, 929, 0, 9223372036854775807, 0, 9223372036812970807
7, 93, 0, 9223372036854775807, 0, 9223372036850590807
7, 930, 0, 9223372036854775807, 0, 9223372036812925807
7, 931, 0, 9223372036854775807, 0, 9223372036812880807
7, 932, 0, 9223372036854775807, 0, 9223372036812835807
7, 933, 0, 9223372036854775807, 0, 9223372036812790807
7, 934, 0, 9223372036854775807, 0, 9223372036812745807
7, 935, 0, 9223372036854775807, 0, 9223372036812700807
7, 936, 0, 9223372036854775807, 0, 9223372036812655807
7, 937, 0, 9223372036854775807, 0, 9223372036812610807
7, 938, 0, 9223372036854775807, 0, 9223372036812565807
7, 939, 0, 9223372036854775807, 0, 9223372036812520807
7, 94, 0, 9223372036854775807, 0, 9223372036850545807
7, 940, 0, 9223372036854775807, 0, 9223372036812475807
7, 941, 0, 9223372036854775807, 0, 9223372036812430807
7, 942, 0, 9223372036854775807, 0, 9223372036812385807
7, 943, 0, 9223372036854775807, 0, 9223372036812340807
7, 944, 0, 9223372036854775807, 0, 9223372036812295807
7, 945, 0, 9223372036854775807, 0, 9223372036812250807
7, 946, 0, 9223372036854775807, 0, 9223372036812205807
7, 947, 0, 9223372036854775807, 0, 9223372036812160807
7, 948, 0, 9223372036854775807, 0, 9223372036812115807
7, 949, 0, 9223372036854775807, 0, 9223372036812070807
7, 95, 0, 9223372036854775807, 0, 9223372036850500807
7, 950, 0, 9223372036854775807, 0, 9223372036812025807
7, 951, 0, 9223372036854775807, 0, 9223372036811980807
7, 952, 0, 9223372036854775807, 0, 9223372036811935807
7, 953, 0, 9223372036854775807, 0, 9223372036811890807
7, 954, 0, 9223372036854775807, 0, 9223372036811845807
7, 955, 0, 9223372036854775807, 0, 9223372036811800807
7, 956, 0, 9223372036854775807, 0, 9223372036811755807
7, 957, 0, 9223372036854775807, 0, 9223372036811710807
7, 958, 0, 9223372036854775807, 0, 9223372036811665807
7, 959, 0, 9223372036854775807, 0, 9223372036811620807
7, 96, 0, 9223372036854775807, 0, 9223372036850455807
7, 960, 0, 9223372036854775807, 0, 9223372036811575807
7, 961, 0, 9223372036854775807, 0, 9223372036811530807
7, 962, 0, 9223372036854775807, 0, 9223372036811485807
7, 963, 0, 9223372036854775807, 0, 9223372036811440807
7, 964, 0, 9223372036854775807, 0, 9223372036811395807
7, 965, 0, 9223372036854775807, 0, 9223372036811350807
7, 966, 0, 9223372036854775807, 0, 9223372036811305807
7, 967, 0, 9223372036854775807, 0, 9223372036811260807
7, 968, 0, 9223372036854775807, 0, 9223372036811215807
7, 969, 0, 9223372036854775807, 0, 9223372036811170807
7, 97, 0, 9223372036854775807, 0, 9223372036850410807
7, 970, 0, 9223372036854775807, 0, 9223372036811125807
7, 971, 0, 9223372036854775807, 0, 9223372036811080807
7, 972, 0, 9223372036854775807, 0, 9223372036811035807
7, 973, 0, 9223372036854775807, 0, 9223372036810990807
7, 974, 0, 9223372036854775807, 0, 9223372036810945807
7, 975, 0, 9223372036854775807, 0, 9223372036810900807
7, 976, 0, 9223372036854775807, 0, 9223372036810855807
7, 977, 0, 9223372036854775807, 0, 9223372036810810807
7, 978, 0, 9223372036854775807, 0, 9223372036810765807
7, 979, 0, 9223372036854775807, 0, 9223372036810720807
7, 98, 0, 9223372036854775807, 0, 9223372036850365807
7, 980, 0, 9223372036854775807, 0, 9223372036810675807
7, 981, 0, 9223372036854775807, 0, 9223372036810630807
7, 982, 0, 9223372036854775807, 0, 9223372036810585807
7, 983, 0, 9223372036854775807, 0, 9223372036810540807
7, 984, 0, 9223372036854775807, 0, 9223372036810495807
7, 985, 0, 9223372036854775807, 0, 9223372036810450807
7, 986, 0, 9223372036854775807, 0, 9223372036810405807
7, 987, 0, 9223372036854775807, 0, 9223372036810360807
7, 988, 0, 9223372036854775807, 0, 9223372036810315807
7, 989, 0, 9223372036854775807, 0, 9223372036810270807
7, 99, 0, 9223372036854775807, 0, 9223372036850320807
7, 990, 0, 9223372036854775807, 0, 9223372036810225807
7, 991, 0, 9223372036854775807, 0, 9223372036810180807
7, 992, 0, 9223372036854775807, 0, 9223372036810135807
7, 993, 0, 9223372036854775807, 0, 9223372036810090807
7, 994, 0, 9223372036854775807, 0, 9223372036810045807
7, 995, 0, 9223372036854775807, 0, 9223372036810000807
7, 996, 0, 9223372036854775807, 0, 9223372036809955807
7, 997, 0, 9223372036854775807, 0, 9223372036809910807
7, 998, 0, 9223372036854775807, 0, 9223372036809865807
7, 999, 0, 9223372036854775807, 0, 9223372036809820807
8, 0, 18752, 44078, 18752, 44078
8, 1, 0, 9223372036854775807, 0, 9223372036854720807
8, 10, 0, 9223372036854775807, 0, 9223372036854225807
8, 100, 0, 9223372036854775807, 0, 9223372036849275807
8, 1000, 0, 9223372036854775807, 0, 9223372036799775807
8, 1001, 0, 9223372036854775807, 0, 9223372036799720807
8, 1002, 0, 9223372036854775807, 0, 9223372036799665807
8, 1003, 0, 9223372036854775807, 0, 9223372036799610807
8, 1004, 0, 9223372036854775807, 0, 9223372036799555807
8, 1005, 0, 9223372036854775807, 0, 9223372036799500807
8, 1006, 0, 9223372036854775807, 0, 9223372036799445807
8, 1007, 0, 9223372036854775807, 0, 9223372036799390807
8, 1008, 0, 9223372036854775807, 0, 9223372036799335807
8, 1009, 0, 9223372036854775807, 0, 9223372036799280807
8, 101, 0, 9223372036854775807, 0, 9223372036849220807
8, 1010, 0, 9223372036854775807, 0, 9223372036799225807
8, 1011, 0, 9223372036854775807, 0, 9223372036799170807
8, 1012, 0, 9223372036854775807, 0, 9223372036799115807
8, 1013, 0, 9223372036854775807, 0, 9223372036799060807
8, 1014, 0, 9223372036854775807, 0, 9223372036799005807
8, 1015, 0, 9223372036854775807, 0, 9223372036798950807
8, 1016, 0, 9223372036854775807, 0, 9223372036798895807
8, 1017, 0, 9223372036854775807, 0, 9223372036798840807
8, 1018, 0, 9223372036854775807, 0, 9223372036798785807
8, 1019, 0, 9223372036854775807, 0, 9223372036798730807
8, 102, 0, 9223372036854775807, 0, 9223372036849165807
8, 1020, 0, 9223372036854775807, 0, 9223372036798675807
8, 1021, 0, 9223372036854775807, 0, 9223372036798620807
8, 1022, 0, 9223372036854775807, 0, 9223372036798565807
8, 1023, 0, 9223372036854775807, 0, 9223372036798510807
8, 1024, 0, 9223372036854775807, 0, 9223372036798455807
8, 1025, 0, 9223372036854775807, 0, 9223372036798400807
8, 1026, 0, 9223372036854775807, 0, 9223372036798345807
8, 1027, 0, 9223372036854775807, 0, 9223372036798290807
8, 1028, 0, 9223372036854775807, 0, 9223372036798235807
8, 1029, 0, 9223372036854775807, 0, 9223372036798180807
8, 103, 0, 9223372036854775807, 0, 9223372036849110807
8, 1030, 0, 9223372036854775807, 0, 9223372036798125807
8, 1031, 0, 9223372036854775807, 0, 9223372036798070807
8, 1032, 0, 9223372036854775807, 0, 9223372036798015807
8, 1033, 0, 9223372036854775807, 0, 9223372036797960807
8, 1034, 0, 9223372036854775807, 0, 9223372036797905807
8, 1035, 0, 9223372036854775807, 0, 9223372036797850807
8, 1036, 0, 9223372036854775807, 0, 9223372036797795807
8, 1037, 0, 9223372036854775807, 0, 9223372036797740807
8, 1038, 0, 9223372036854775807, 0, 9223372036797685807
8, 1039, 0, 9223372036854775807, 0, 9223372036797630807
8, 104, 0, 9223372036854775807, 0, 9223372036849055807
8, 1040, 0, 9223372036854775807, 0, 9223372036797575807
8, 1041, 0, 9223372036854775807, 0, 9223372036797520807
8, 1042, 0, 9223372036854775807, 0, 9223372036797465807
8, 1043, 0, 9223372036854775807, 0, 9223372036797410807
8, 1044, 0, 9223372036854775807, 0, 9223372036797355807
8, 1045, 0, 9223372036854775807, 0, 9223372036797300807
8, 1046, 0, 9223372036854775807, 0, 9223372036797245807
8, 1047, 0, 9223372036854775807, 0, 9223372036797190807
8, 1048, 0, 9223372036854775807, 0, 9223372036797135807
8, 1049, 0, 9223372036854775807, 0, 9223372036797080807
8, 105, 0, 9223372036854775807, 0, 9223372036849000807
8, 1050, 0, 9223372036854775807, 0, 9223372036797025807
8, 1051, 0, 9223372036854775807, 0, 9223372036796970807
8, 1052, 0, 9223372036854775807, 0, 9223372036796915807
8, 1053, 0, 9223372036854775807, 0, 9223372036796860807
8, 1054, 0, 9223372036854775807, 0, 9223372036796805807
8, 1055, 0, 9223372036854775807, 0, 9223372036796750807
8, 1056, 0, 9223372036854775807, 0, 9223372036796695807
8, 1057, 0, 9223372036854775807, 0, 9223372036796640807
8, 1058, 0, 9223372036854775807, 0, 9223372036796585807
8, 1059, 0, 9223372036854775807, 0, 9223372036796530807
8, 106, 0, 9223372036854775807, 0, 9223372036848945807
8, 1060, 0, 9223372036854775807, 0, 9223372036796475807
8, 1061, 0, 9223372036854775807, 0, 9223372036796420807
8, 1062, 0, 9223372036854775807, 0, 9223372036796365807
8, 1063, 0, 9223372036854775807, 0, 9223372036796310807
8, 1064, 0, 9223372036854775807, 0, 9223372036796255807
8, 1065, 0, 9223372036854775807, 0, 9223372036796200807
8, 1066, 0, 9223372036854775807, 0, 9223372036796145807
8, 1067, 0, 9223372036854775807, 0, 9223372036796090807
8, 1068, 0, 9223372036854775807, 0, 9223372036796035807
8, 1069, 0, 9223372036854775807, 0, 9223372036795980807
8, 107, 0, 9223372036854775807, 0, 9223372036848890807
8, 1070, 0, 9223372036854775807, 0, 9223372036795925807
8, 1071, 0, 9223372036854775807, 0, 9223372036795870807
8, 1072, 0, 9223372036854775807, 0, 9223372036795815807
8, 1073, 0, 9223372036854775807, 0, 9223372036795760807
8, 1074, 0, 9223372036854775807, 0, 9223372036795705807
8, 1075, 0, 9223372036854775807, 0, 9223372036795650807
8, 1076, 0, 9223372036854775807, 0, 9223372036795595807
8, 1077, 0, 9223372036854775807, 0, 9223372036795540807
8, 1078, 0, 9223372036854775807, 0, 9223372036795485807
8, 1079, 0, 9223372036854775807, 0, 9223372036795430807
8, 108, 0, 9223372036854775807, 0, 9223372036848835807
8, 1080, 0, 9223372036854775807, 0, 9223372036795375807
8, 1081, 0, 9223372036854775807, 0, 9223372036795320807
8, 1082, 0, 9223372036854775807, 0, 9223372036795265807
8, 1083, 0, 9223372036854775807, 0, 9223372036795210807
8, 1084, 0, 9223372036854775807, 0, 9223372036795155807
8, 1085, 0, 9223372036854775807, 0, 9223372036795100807
8, 1086, 0, 9223372036854775807, 0, 9223372036795045807
8, 1087, 0, 9223372036854775807, 0, 9223372036794990807
8, 1088, 0, 9223372036854775807, 0, 9223372036794935807
8, 1089, 0, 9223372036854775807, 0, 9223372036794880807
8, 109, 0, 9223372036854775807, 0, 9223372036848780807
8, 1090, 0, 9223372036854775807, 0, 9223372036794825807
8, 1091, 0, 9223372036854775807, 0, 9223372036794770807
8, 1092, 0, 9223372036854775807, 0, 9223372036794715807
8, 1093, 0, 9223372036854775807, 0, 9223372036794660807
8, 1094, 0, 9223372036854775807, 0, 9223372036794605807
8, 1095, 0, 9223372036854775807, 0, 9223372036794550807
8, 1096, 0, 9223372036854775807, 0, 9223372036794495807
8, 1097, 0, 9223372036854775807, 0, 9223372036794440807
8, 1098, 0, 9223372036854775807, 0, 9223372036794385807
8, 1099, 0, 9223372036854775807, 0, 9223372036794330807
8, 11, 0, 9223372036854775807, 0, 9223372036854170807
8, 110, 0, 9223372036854775807, 0, 9223372036848725807
8, 1100, 0, 9223372036854775807, 0, 9223372036794275807
8, 1101, 0, 9223372036854775807, 0, 9223372036794220807
8, 1102, 0, 9223372036854775807, 0, 9223372036794165807
8, 1103, 0, 9223372036854775807, 0, 9223372036794110807
8, 1104, 0, 9223372036854775807, 0, 9223372036794055807
8, 1105, 0, 9223372036854775807, 0, 9223372036794000807
8, 1106, 0, 9223372036854775807, 0, 9223372036793945807
8, 1107, 0, 9223372036854775807, 0, 9223372036793890807
8, 1108, 0, 9223372036854775807, 0, 9223372036793835807
8, 1109, 0, 9223372036854775807, 0, 9223372036793780807
8, 111, 0, 9223372036854775807, 0, 9223372036848670807
8, 1110, 0, 9223372036854775807, 0, 9223372036793725807
8, 1111, 0, 9223372036854775807, 0, 9223372036793670807
8, 1112, 0, 9223372036854775807, 0, 9223372036793615807
8, 1113, 0, 9223372036854775807, 0, 9223372036793560807
8, 1114, 0, 9223372036854775807, 0, 9223372036793505807
8, 1115, 0, 9223372036854775807, 0, 9223372036793450807
8, 1116, 0, 9223372036854775807, 0, 9223372036793395807
8, 1117, 0, 9223372036854775807, 0, 9223372036793340807
8, 1118, 0, 9223372036854775807, 0, 9223372036793285807
8, 1119, 0, 9223372036854775807, 0, 9223372036793230807
8, 112, 0, 9223372036854775807, 0, 9223372036848615807
8, 1120, 0, 9223372036854775807, 0, 9223372036793175807
8, 1121, 0, 9223372036854775807, 0, 9223372036793120807
8, 1122, 0, 9223372036854775807, 0, 9223372036793065807
8, 1123, 0, 9223372036854775807, 0, 9223372036793010807
8, 1124, 0, 9223372036854775807, 0, 9223372036792955807
8, 1125, 0, 9223372036854775807, 0, 9223372036792900807
8, 1126, 0, 9223372036854775807, 0, 9223372036792845807
8, 1127, 0, 9223372036854775807, 0, 9223372036792790807
8, 1128, 0, 9223372036854775807, 0, 9223372036792735807
8, 1129, 0, 9223372036854775807, 0, 9223372036792680807
8, 113, 0, 9223372036854775807, 0, 9223372036848560807
8, 1130, 0, 9223372036854775807, 0, 9223372036792625807
8, 1131, 0, 9223372036854775807, 0, 9223372036792570807
8, 1132, 0, 9223372036854775807, 0, 9223372036792515807
8, 1133, 0, 9223372036854775807, 0, 9223372036792460807
8, 1134, 0, 9223372036854775807, 0, 9223372036792405807
8, 1135, 0, 9223372036854775807, 0, 9223372036792350807
8, 1136, 0, 9223372036854775807, 0, 9223372036792295807
8, 1137, 0, 9223372036854775807, 0, 9223372036792240807
8, 1138, 0, 9223372036854775807, 0, 9223372036792185807
8, 1139, 0, 9223372036854775807, 0, 9223372036792130807
8, 114, 0, 9223372036854775807, 0, 9223372036848505807
8, 1140, 0, 9223372036854775807, 0, 9223372036792075807
8, 1141, 0, 9223372036854775807, 0, 9223372036792020807
8, 1142, 0, 9223372036854775807, 0, 9223372036791965807
8, 1143, 0, 9223372036854775807, 0, 9223372036791910807
8, 1144, 0, 9223372036854775807, 0, 9223372036791855807
8, 1145, 0, 9223372036854775807, 0, 9223372036791800807
8, 1146, 0, 9223372036854775807, 0, 9223372036791745807
8, 1147, 0, 9223372036854775807, 0, 9223372036791690807
8, 1148, 0, 9223372036854775807, 0, 9223372036791635807
8, 1149, 0, 9223372036854775807, 0, 9223372036791580807
8, 115, 0, 9223372036854775807, 0, 9223372036848450807
8, 1150, 0, 9223372036854775807, 0, 9223372036791525807
8, 1151, 0, 9223372036854775807, 0, 9223372036791470807
8, 1152, 0, 9223372036854775807, 0, 9223372036791415807
8, 1153, 0, 9223372036854775807, 0, 9223372036791360807
8, 1154, 0, 9223372036854775807, 0, 9223372036791305807
8, 1155, 0, 9223372036854775807, 0, 9223372036791250807
8, 1156, 0, 9223372036854775807, 0, 9223372036791195807
8, 1157, 0, 9223372036854775807, 0, 9223372036791140807
8, 1158, 0, 9223372036854775807, 0, 9223372036791085807
8, 1159, 0, 9223372036854775807, 0, 9223372036791030807
8, 116, 0, 9223372036854775807, 0, 9223372036848395807
8, 1160, 0, 9223372036854775807, 0, 9223372036790975807
8, 1161, 0, 9223372036854775807, 0, 9223372036790920807
8, 1162, 0, 9223372036854775807, 0, 9223372036790865807
8, 1163, 0, 9223372036854775807, 0, 9223372036790810807
8, 1164, 0, 9223372036854775807, 0, 9223372036790755807
8, 1165, 0, 9223372036854775807, 0, 9223372036790700807
8, 1166, 0, 9223372036854775807, 0, 9223372036790645807
8, 1167, 0, 9223372036854775807, 0, 9223372036790590807
8, 1168, 0, 9223372036854775807, 0, 9223372036790535807
8, 1169, 0, 9223372036854775807, 0, 9223372036790480807
8, 117, 0, 9223372036854775807, 0, 9223372036848340807
8, 1170, 0, 9223372036854775807, 0, 9223372036790425807
8, 1171, 0, 9223372036854775807, 0, 9223372036790370807
8, 1172, 0, 9223372036854775807, 0, 9223372036790315807
8, 1173, 0, 9223372036854775807, 0, 9223372036790260807
8, 1174, 0, 9223372036854775807, 0, 9223372036790205807
8, 1175, 0, 9223372036854775807, 0, 9223372036790150807
8, 1176, 0, 9223372036854775807, 0, 9223372036790095807
8, 1177, 0, 9223372036854775807, 0, 9223372036790040807
8, 1178, 0, 9223372036854775807, 0, 9223372036789985807
8, 1179, 0, 9223372036854775807, 0, 9223372036789930807
8, 118, 0, 9223372036854775807, 0, 9223372036848285807
8, 1180, 0, 9223372036854775807, 0, 9223372036789875807
8, 1181, 0, 9223372036854775807, 0, 9223372036789820807
8, 1182, 0, 9223372036854775807, 0, 9223372036789765807
8, 1183, 0, 9223372036854775807, 0, 9223372036789710807
8, 1184, 0, 9223372036854775807, 0, 9223372036789655807
8, 1185, 0, 9223372036854775807, 0, 9223372036789600807
8, 1186, 0, 9223372036854775807, 0, 9223372036789545807
8, 1187, 0, 9223372036854775807, 0, 9223372036789490807
8, 1188, 0, 9223372036854775807, 0, 9223372036789435807
8, 1189, 0, 9223372036854775807, 0, 9223372036789380807
8, 119, 0, 9223372036854775807, 0, 9223372036848230807
8, 1190, 0, 9223372036854775807, 0, 9223372036789325807
8, 1191, 0, 9223372036854775807, 0, 9223372036789270807
8, 1192, 0, 9223372036854775807, 0, 9223372036789215807
8, 1193, 0, 9223372036854775807, 0, 9223372036789160807
8, 1194, 0, 9223372036854775807, 0, 9223372036789105807
8, 1195, 0, 9223372036854775807, 0, 9223372036789050807
8, 1196, 0, 9223372036854775807, 0, 9223372036788995807
8, 1197, 0, 9223372036854775807, 0, 9223372036788940807
8, 1198, 0, 9223372036854775807, 0, 9223372036788885807
8, 1199, 0, 9223372036854775807, 0, 9223372036788830807
8, 12, 0, 9223372036854775807, 0, 9223372036854115807
8, 120, 0, 9223372036854775807, 0, 9223372036848175807
8, 1200, 0, 9223372036854775807, 0, 9223372036788775807
8, 1201, 0, 9223372036854775807, 0, 9223372036788720807
8, 1202, 0, 9223372036854775807, 0, 9223372036788665807
8, 1203, 0, 9223372036854775807, 0, 9223372036788610807
8, 1204, 0, 9223372036854775807, 0, 9223372036788555807
8, 1205, 0, 9223372036854775807, 0, 9223372036788500807
8, 1206, 0, 9223372036854775807, 0, 9223372036788445807
8, 1207, 0, 9223372036854775807, 0, 9223372036788390807
8, 1208, 0, 9223372036854775807, 0, 9223372036788335807
8, 1209, 0, 9223372036854775807, 0, 9223372036788280807
8, 121, 0, 9223372036854775807, 0, 9223372036848120807
8, 1210, 0, 9223372036854775807, 0, 9223372036788225807
8, 1211, 0, 9223372036854775807, 0, 9223372036788170807
8, 1212, 0, 9223372036854775807, 0, 9223372036788115807
8, 1213, 0, 9223372036854775807, 0, 9223372036788060807
8, 1214, 0, 9223372036854775807, 0, 9223372036788005807
8, 1215, 0, 9223372036854775807, 0, 9223372036787950807
8, 1216, 0, 9223372036854775807, 0, 9223372036787895807
8, 1217, 0, 9223372036854775807, 0, 9223372036787840807
8, 1218, 0, 9223372036854775807, 0, 9223372036787785807
8, 1219, 0, 9223372036854775807, 0, 9223372036787730807
8, 122, 0, 9223372036854775807, 0, 9223372036848065807
8, 1220, 0, 9223372036854775807, 0, 9223372036787675807
8, 1221, 0, 9223372036854775807, 0, 9223372036787620807
8, 1222, 0, 9223372036854775807, 0, 9223372036787565807
8, 1223, 0, 9223372036854775807, 0, 9223372036787510807
8, 1224, 0, 9223372036854775807, 0, 9223372036787455807
8, 1225, 0, 9223372036854775807, 0, 9223372036787400807
8, 1226, 0, 9223372036854775807, 0, 9223372036787345807
8, 1227, 0, 9223372036854775807, 0, 9223372036787290807
8, 1228, 0, 9223372036854775807, 0, 9223372036787235807
8, 1229, 0, 9223372036854775807, 0, 9223372036787180807
8, 123, 0, 9223372036854775807, 0, 9223372036848010807
8, 1230, 0, 9223372036854775807, 0, 9223372036787125807
8, 1231, 0, 9223372036854775807, 0, 9223372036787070807
8, 1232, 0, 9223372036854775807, 0, 9223372036787015807
8, 1233, 0, 9223372036854775807, 0, 9223372036786960807
8, 1234, 0, 9223372036854775807, 0, 9223372036786905807
8, 1235, 0, 9223372036854775807, 0, 9223372036786850807
8, 1236, 0, 9223372036854775807, 0, 9223372036786795807
8, 1237, 0, 9223372036854775807, 0, 9223372036786740807
8, 1238, 0, 9223372036854775807, 0, 9223372036786685807
8, 1239, 0, 9223372036854775807, 0, 9223372036786630807
8, 124, 0, 9223372036854775807, 0, 9223372036847955807
8, 1240, 0, 9223372036854775807, 0, 9223372036786575807
8, 1241, 0, 9223372036854775807, 0, 9223372036786520807
8, 1242, 0, 9223372036854775807, 0, 9223372036786465807
8, 1243, 0, 9223372036854775807, 0, 9223372036786410807
8, 1244, 0, 9223372036854775807, 0, 9223372036786355807
8, 1245, 0, 9223372036854775807, 0, 9223372036786300807
8, 1246, 0, 9223372036854775807, 0, 9223372036786245807
8, 1247, 0, 9223372036854775807, 0, 9223372036786190807
8, 1248, 0, 9223372036854775807, 0, 9223372036786135807
8, 1249, 0, 9223372036854775807, 0, 9223372036786080807
8, 125, 0, 9223372036854775807, 0, 9223372036847900807
8, 1250, 0, 9223372036854775807, 0, 9223372036786025807
8, 1251, 0, 9223372036854775807, 0, 9223372036785970807
8, 1252, 0, 9223372036854775807, 0, 9223372036785915807
8, 1253, 0, 9223372036854775807, 0, 9223372036785860807
8, 1254, 0, 9223372036854775807, 0, 9223372036785805807
8, 1255, 0, 9223372036854775807, 0, 9223372036785750807
8, 1256, 0, 9223372036854775807, 0, 9223372036785695807
8, 1257, 0, 9223372036854775807, 0, 9223372036785640807
8, 1258, 0, 9223372036854775807, 0, 9223372036785585807
8, 1259, 0, 9223372036854775807, 0, 9223372036785530807
8, 126, 0, 9223372036854775807, 0, 9223372036847845807
8, 1260, 0, 9223372036854775807, 0, 9223372036785475807
8, 1261, 0, 9223372036854775807, 0, 9223372036785420807
8, 1262, 0, 9223372036854775807, 0, 9223372036785365807
8, 1263, 0, 9223372036854775807, 0, 9223372036785310807
8, 1264, 0, 9223372036854775807, 0, 9223372036785255807
8, 1265, 0, 9223372036854775807, 0, 9223372036785200807
8, 1266, 0, 9223372036854775807, 0, 9223372036785145807
8, 1267, 0, 9223372036854775807, 0, 9223372036785090807
8, 1268, 0, 9223372036854775807, 0, 9223372036785035807
8, 1269, 0, 9223372036854775807, 0, 9223372036784980807
8, 127, 0, 9223372036854775807, 0, 9223372036847790807
8, 1270, 0, 9223372036854775807, 0, 9223372036784925807
8, 1271, 0, 9223372036854775807, 0, 9223372036784870807
8, 1272, 0, 9223372036854775807, 0, 9223372036784815807
8, 1273, 0, 9223372036854775807, 0, 9223372036784760807
8, 1274, 0, 9223372036854775807, 0, 9223372036784705807
8, 1275, 0, 9223372036854775807, 0, 9223372036784650807
8, 1276, 0, 9223372036854775807, 0, 9223372036784595807
8, 1277, 0, 9223372036854775807, 0, 9223372036784540807
8, 1278, 0, 9223372036854775807, 0, 9223372036784485807
8, 1279, 0, 9223372036854775807, 0, 9223372036784430807
8, 128, 0, 9223372036854775807, 0, 9223372036847735807
8, 1280, 0, 9223372036854775807, 0, 9223372036784375807
8, 1281, 0, 9223372036854775807, 0, 9223372036784320807
8, 1282, 0, 9223372036854775807, 0, 9223372036784265807
8, 1283, 0, 9223372036854775807, 0, 9223372036784210807
8, 1284, 0, 9223372036854775807, 0, 9223372036784155807
8, 1285, 0, 9223372036854775807, 0, 9223372036784100807
8, 1286, 0, 9223372036854775807, 0, 9223372036784045807
8, 1287, 0, 9223372036854775807, 0, 9223372036783990807
8, 1288, 0, 9223372036854775807, 0, 9223372036783935807
8, 1289, 0, 9223372036854775807, 0, 9223372036783880807
8, 129, 0, 9223372036854775807, 0, 9223372036847680807
8, 1290, 0, 9223372036854775807, 0, 9223372036783825807
8, 1291, 0, 9223372036854775807, 0, 9223372036783770807
8, 1292, 0, 9223372036854775807, 0, 9223372036783715807
8, 1293, 0, 9223372036854775807, 0, 9223372036783660807
8, 1294, 0, 9223372036854775807, 0, 9223372036783605807
8, 1295, 0, 9223372036854775807, 0, 9223372036783550807
8, 1296, 0, 9223372036854775807, 0, 9223372036783495807
8, 1297, 0, 9223372036854775807, 0, 9223372036783440807
8, 1298, 0, 9223372036854775807, 0, 9223372036783385807
8, 1299, 0, 9223372036854775807, 0, 9223372036783330807
8, 13, 0, 9223372036854775807, 0, 9223372036854060807
8, 130, 0, 9223372036854775807, 0, 9223372036847625807
8, 1300, 0, 9223372036854775807, 0, 9223372036783275807
8, 1301, 0, 9223372036854775807, 0, 9223372036783220807
8, 1302, 0, 9223372036854775807, 0, 9223372036783165807
8, 1303, 0, 9223372036854775807, 0, 9223372036783110807
8, 1304, 0, 9223372036854775807, 0, 9223372036783055807
8, 1305, 0, 9223372036854775807, 0, 9223372036783000807
8, 1306, 0, 9223372036854775807, 0, 9223372036782945807
8, 1307, 0, 9223372036854775807, 0, 9223372036782890807
8, 1308, 0, 9223372036854775807, 0, 9223372036782835807
8, 1309, 0, 9223372036854775807, 0, 9223372036782780807
8, 131, 0, 9223372036854775807, 0, 9223372036847570807
8, 1310, 0, 9223372036854775807, 0, 9223372036782725807
8, 1311, 0, 9223372036854775807, 0, 9223372036782670807
8, 1312, 0, 9223372036854775807, 0, 9223372036782615807
8, 1313, 0, 9223372036854775807, 0, 9223372036782560807
8, 1314, 0, 9223372036854775807, 0, 9223372036782505807
8, 1315, 0, 9223372036854775807, 0, 9223372036782450807
8, 1316, 0, 9223372036854775807, 0, 9223372036782395807
8, 1317, 0, 9223372036854775807, 0, 9223372036782340807
8, 1318, 0, 9223372036854775807, 0, 9223372036782285807
8, 1319, 0, 9223372036854775807, 0, 9223372036782230807
8, 132, 0, 9223372036854775807, 0, 9223372036847515807
8, 1320, 0, 9223372036854775807, 0, 9223372036782175807
8, 1321, 0, 9223372036854775807, 0, 9223372036782120807
8, 1322, 0, 9223372036854775807, 0, 9223372036782065807
8, 1323, 0, 9223372036854775807, 0, 9223372036782010807
8, 1324, 0, 9223372036854775807, 0, 9223372036781955807
8, 1325, 0, 9223372036854775807, 0, 9223372036781900807
8, 1326, 0, 9223372036854775807, 0, 9223372036781845807
8, 1327, 0, 9223372036854775807, 0, 9223372036781790807
8, 1328, 0, 9223372036854775807, 0, 9223372036781735807
8, 1329, 0, 9223372036854775807, 0, 9223372036781680807
8, 133, 0, 9223372036854775807, 0, 9223372036847460807
8, 1330, 0, 9223372036854775807, 0, 9223372036781625807
8, 1331, 0, 9223372036854775807, 0, 9223372036781570807
8, 1332, 0, 9223372036854775807, 0, 9223372036781515807
8, 1333, 0, 9223372036854775807, 0, 9223372036781460807
8, 1334, 0, 9223372036854775807, 0, 9223372036781405807
8, 1335, 0, 9223372036854775807, 0, 9223372036781350807
8, 1336, 0, 9223372036854775807, 0, 9223372036781295807
8, 1337, 0, 9223372036854775807, 0, 9223372036781240807
8, 1338, 0, 9223372036854775807, 0, 9223372036781185807
8, 1339, 0, 9223372036854775807, 0, 9223372036781130807
8, 134, 0, 9223372036854775807, 0, 9223372036847405807
8, 1340, 0, 9223372036854775807, 0, 9223372036781075807
8, 1341, 0, 9223372036854775807, 0, 9223372036781020807
8, 1342, 0, 9223372036854775807, 0, 9223372036780965807
8, 1343, 0, 9223372036854775807, 0, 9223372036780910807
8, 1344, 0, 9223372036854775807, 0, 9223372036780855807
8, 1345, 0, 9223372036854775807, 0, 9223372036780800807
8, 1346, 0, 9223372036854775807, 0, 9223372036780745807
8, 1347, 0, 9223372036854775807, 0, 9223372036780690807
8, 1348, 0, 9223372036854775807, 0, 9223372036780635807
8, 1349, 0, 9223372036854775807, 0, 9223372036780580807
8, 135, 0, 9223372036854775807, 0, 9223372036847350807
8, 1350, 0, 9223372036854775807, 0, 9223372036780525807
8, 1351, 0, 9223372036854775807, 0, 9223372036780470807
8, 1352, 0, 9223372036854775807, 0, 9223372036780415807
8, 1353, 0, 9223372036854775807, 0, 9223372036780360807
8, 1354, 0, 9223372036854775807, 0, 9223372036780305807
8, 1355, 0, 9223372036854775807, 0, 9223372036780250807
8, 1356, 0, 9223372036854775807, 0, 9223372036780195807
8, 1357, 0, 9223372036854775807, 0, 9223372036780140807
8, 1358, 0, 9223372036854775807, 0, 9223372036780085807
8, 1359, 0, 9223372036854775807, 0, 9223372036780030807
8, 136, 0, 9223372036854775807, 0, 9223372036847295807
8, 1360, 0, 9223372036854775807, 0, 9223372036779975807
8, 1361, 0, 9223372036854775807, 0, 9223372036779920807
8, 1362, 0, 9223372036854775807, 0, 9223372036779865807
8, 1363, 0, 9223372036854775807, 0, 9223372036779810807
8, 1364, 0, 9223372036854775807, 0, 9223372036779755807
8, 1365, 0, 9223372036854775807, 0, 9223372036779700807
8, 1366, 0, 9223372036854775807, 0, 9223372036779645807
8, 1367, 0, 9223372036854775807, 0, 9223372036779590807
8, 1368, 0, 9223372036854775807, 0, 9223372036779535807
8, 1369, 0, 9223372036854775807, 0, 9223372036779480807
8, 137, 0, 9223372036854775807, 0, 9223372036847240807
8, 1370, 0, 9223372036854775807, 0, 9223372036779425807
8, 1371, 0, 9223372036854775807, 0, 9223372036779370807
8, 1372, 0, 9223372036854775807, 0, 9223372036779315807
8, 1373, 0, 9223372036854775807, 0, 9223372036779260807
8, 1374, 0, 9223372036854775807, 0, 9223372036779205807
8, 1375, 0, 9223372036854775807, 0, 9223372036779150807
8, 1376, 0, 9223372036854775807, 0, 9223372036779095807
8, 1377, 0, 9223372036854775807, 0, 9223372036779040807
8, 1378, 0, 9223372036854775807, 0, 9223372036778985807
8, 1379, 0, 9223372036854775807, 0, 9223372036778930807
8, 138, 0, 9223372036854775807, 0, 9223372036847185807
8, 1380, 0, 9223372036854775807, 0, 9223372036778875807
8, 1381, 0, 9223372036854775807, 0, 9223372036778820807
8, 1382, 0, 9223372036854775807, 0, 9223372036778765807
8, 1383, 0, 9223372036854775807, 0, 9223372036778710807
8, 1384, 0, 9223372036854775807, 0, 9223372036778655807
8, 1385, 0, 9223372036854775807, 0, 9223372036778600807
8, 1386, 0, 9223372036854775807, 0, 9223372036778545807
8, 1387, 0, 9223372036854775807, 0, 9223372036778490807
8, 1388, 0, 9223372036854775807, 0, 9223372036778435807
8, 1389, 0, 9223372036854775807, 0, 9223372036778380807
8, 139, 0, 9223372036854775807, 0, 9223372036847130807
8, 1390, 0, 9223372036854775807, 0, 9223372036778325807
8, 1391, 0, 9223372036854775807, 0, 9223372036778270807
8, 1392, 0, 9223372036854775807, 0, 9223372036778215807
8, 1393, 0, 9223372036854775807, 0, 9223372036778160807
8, 1394, 0, 9223372036854775807, 0, 9223372036778105807
8, 1395, 0, 9223372036854775807, 0, 9223372036778050807
8, 1396, 0, 9223372036854775807, 0, 9223372036777995807
8, 1397, 0, 9223372036854775807, 0, 9223372036777940807
8, 1398, 0, 9223372036854775807, 0, 9223372036777885807
8, 1399, 0, 9223372036854775807, 0, 9223372036777830807
8, 14, 0, 9223372036854775807, 0, 9223372036854005807
8, 140, 0, 9223372036854775807, 0, 9223372036847075807
8, 1400, 0, 9223372036854775807, 0, 9223372036777775807
8, 1401, 0, 9223372036854775807, 0, 9223372036777720807
8, 1402, 0, 9223372036854775807, 0, 9223372036777665807
8, 1403, 0, 9223372036854775807, 0, 9223372036777610807
8, 1404, 0, 9223372036854775807, 0, 9223372036777555807
8, 1405, 0, 9223372036854775807, 0, 9223372036777500807
8, 1406, 0, 9223372036854775807, 0, 9223372036777445807
8, 1407, 0, 9223372036854775807, 0, 9223372036777390807
8, 1408, 0, 9223372036854775807, 0, 9223372036777335807
8, 1409, 0, 9223372036854775807, 0, 9223372036777280807
8, 141, 0, 9223372036854775807, 0, 9223372036847020807
8, 1410, 0, 9223372036854775807, 0, 9223372036777225807
8, 1411, 0, 9223372036854775807, 0, 9223372036777170807
8, 1412, 0, 9223372036854775807, 0, 9223372036777115807
8, 1413, 0, 9223372036854775807, 0, 9223372036777060807
8, 1414, 0, 9223372036854775807, 0, 9223372036777005807
8, 1415, 0, 9223372036854775807, 0, 9223372036776950807
8, 1416, 0, 9223372036854775807, 0, 9223372036776895807
8, 1417, 0, 9223372036854775807, 0, 9223372036776840807
8, 1418, 0, 9223372036854775807, 0, 9223372036776785807
8, 1419, 0, 9223372036854775807, 0, 9223372036776730807
8, 142, 0, 9223372036854775807, 0, 9223372036846965807
8, 1420, 0, 9223372036854775807, 0, 9223372036776675807
8, 1421, 0, 9223372036854775807, 0, 9223372036776620807
8, 1422, 0, 9223372036854775807, 0, 9223372036776565807
8, 1423, 0, 9223372036854775807, 0, 9223372036776510807
8, 1424, 0, 9223372036854775807, 0, 9223372036776455807
8, 1425, 0, 9223372036854775807, 0, 9223372036776400807
8, 1426, 0, 9223372036854775807, 0, 9223372036776345807
8, 1427, 0, 9223372036854775807, 0, 9223372036776290807
8, 1428, 0, 9223372036854775807, 0, 9223372036776235807
8, 1429, 0, 9223372036854775807, 0, 9223372036776180807
8, 143, 0, 9223372036854775807, 0, 9223372036846910807
8, 1430, 0, 9223372036854775807, 0, 9223372036776125807
8, 1431, 0, 9223372036854775807, 0, 9223372036776070807
8, 1432, 0, 9223372036854775807, 0, 9223372036776015807
8, 1433, 0, 9223372036854775807, 0, 9223372036775960807
8, 1434, 0, 9223372036854775807, 0, 9223372036775905807
8, 1435, 0, 9223372036854775807, 0, 9223372036775850807
8, 1436, 0, 9223372036854775807, 0, 9223372036775795807
8, 1437, 0, 9223372036854775807, 0, 9223372036775740807
8, 1438, 0, 9223372036854775807, 0, 9223372036775685807
8, 1439, 0, 9223372036854775807, 0, 9223372036775630807
8, 144, 0, 9223372036854775807, 0, 9223372036846855807
8, 1440, 0, 9223372036854775807, 0, 9223372036775575807
8, 1441, 0, 9223372036854775807, 0, 9223372036775520807
8, 1442, 0, 9223372036854775807, 0, 9223372036775465807
8, 1443, 0, 9223372036854775807, 0, 9223372036775410807
8, 1444, 0, 9223372036854775807, 0, 9223372036775355807
8, 1445, 0, 9223372036854775807, 0, 9223372036775300807
8, 1446, 0, 9223372036854775807, 0, 9223372036775245807
8, 1447, 0, 9223372036854775807, 0, 9223372036775190807
8, 1448, 0, 9223372036854775807, 0, 9223372036775135807
8, 1449, 0, 9223372036854775807, 0, 9223372036775080807
8, 145, 0, 9223372036854775807, 0, 9223372036846800807
8, 1450, 0, 9223372036854775807, 0, 9223372036775025807
8, 1451, 0, 9223372036854775807, 0, 9223372036774970807
8, 1452, 0, 9223372036854775807, 0, 9223372036774915807
8, 1453, 0, 9223372036854775807, 0, 9223372036774860807
8, 1454, 0, 9223372036854775807, 0, 9223372036774805807
8, 1455, 0, 9223372036854775807, 0, 9223372036774750807
8, 1456, 0, 9223372036854775807, 0, 9223372036774695807
8, 1457, 0, 9223372036854775807, 0, 9223372036774640807
8, 1458, 0, 9223372036854775807, 0, 9223372036774585807
8, 1459, 0, 9223372036854775807, 0, 9223372036774530807
8, 146, 0, 9223372036854775807, 0, 9223372036846745807
8, 1460, 0, 9223372036854775807, 0, 9223372036774475807
8, 1461, 0, 9223372036854775807, 0, 9223372036774420807
8, 1462, 0, 9223372036854775807, 0, 9223372036774365807
8, 1463, 0, 9223372036854775807, 0, 9223372036774310807
8, 1464, 0, 9223372036854775807, 0, 9223372036774255807
8, 1465, 0, 9223372036854775807, 0, 9223372036774200807
8, 1466, 0, 9223372036854775807, 0, 9223372036774145807
8, 1467, 0, 9223372036854775807, 0, 9223372036774090807
8, 1468, 0, 9223372036854775807, 0, 9223372036774035807
8, 1469, 0, 9223372036854775807, 0, 9223372036773980807
8, 147, 0, 9223372036854775807, 0, 9223372036846690807
8, 1470, 0, 9223372036854775807, 0, 9223372036773925807
8, 1471, 0, 9223372036854775807, 0, 9223372036773870807
8, 1472, 0, 9223372036854775807, 0, 9223372036773815807
8, 1473, 0, 9223372036854775807, 0, 9223372036773760807
8, 1474, 0, 9223372036854775807, 0, 9223372036773705807
8, 1475, 0, 9223372036854775807, 0, 9223372036773650807
8, 1476, 0, 9223372036854775807, 0, 9223372036773595807
8, 1477, 0, 9223372036854775807, 0, 9223372036773540807
8, 1478, 0, 9223372036854775807, 0, 9223372036773485807
8, 1479, 0, 9223372036854775807, 0, 9223372036773430807
8, 148, 0, 9223372036854775807, 0, 9223372036846635807
8, 1480, 0, 9223372036854775807, 0, 9223372036773375807
8, 1481, 0, 9223372036854775807, 0, 9223372036773320807
8, 1482, 0, 9223372036854775807, 0, 9223372036773265807
8, 1483, 0, 9223372036854775807, 0, 9223372036773210807
8, 1484, 0, 9223372036854775807, 0, 9223372036773155807
8, 1485, 0, 9223372036854775807, 0, 9223372036773100807
8, 1486, 0, 9223372036854775807, 0, 9223372036773045807
8, 1487, 0, 9223372036854775807, 0, 9223372036772990807
8, 1488, 0, 9223372036854775807, 0, 9223372036772935807
8, 1489, 0, 9223372036854775807, 0, 9223372036772880807
8, 149, 0, 9223372036854775807, 0, 9223372036846580807
8, 1490, 0, 9223372036854775807, 0, 9223372036772825807
8, 1491, 0, 9223372036854775807, 0, 9223372036772770807
8, 1492, 0, 9223372036854775807, 0, 9223372036772715807
8, 1493, 0, 9223372036854775807, 0, 9223372036772660807
8, 1494, 0, 9223372036854775807, 0, 9223372036772605807
8, 1495, 0, 9223372036854775807, 0, 9223372036772550807
8, 1496, 0, 9223372036854775807, 0, 9223372036772495807
8, 1497, 0, 9223372036854775807, 0, 9223372036772440807
8, 1498, 0, 9223372036854775807, 0, 9223372036772385807
8, 1499, 0, 9223372036854775807, 0, 9223372036772330807
8, 15, 0, 9223372036854775807, 0, 9223372036853950807
8, 150, 0, 9223372036854775807, 0, 9223372036846525807
8, 1500, 0, 9223372036854775807, 0, 9223372036772275807
8, 1501, 0, 9223372036854775807, 0, 9223372036772220807
8, 1502, 0, 9223372036854775807, 0, 9223372036772165807
8, 1503, 0, 9223372036854775807, 0, 9223372036772110807
8, 1504, 0, 9223372036854775807, 0, 9223372036772055807
8, 1505, 0, 9223372036854775807, 0, 9223372036772000807
8, 1506, 0, 9223372036854775807, 0, 9223372036771945807
8, 1507, 0, 9223372036854775807, 0, 9223372036771890807
8, 1508, 0, 9223372036854775807, 0, 9223372036771835807
8, 1509, 0, 9223372036854775807, 0, 9223372036771780807
8, 151, 0, 9223372036854775807, 0, 9223372036846470807
8, 1510, 0, 9223372036854775807, 0, 9223372036771725807
8, 1511, 0, 9223372036854775807, 0, 9223372036771670807
8, 1512, 0, 9223372036854775807, 0, 9223372036771615807
8, 1513, 0, 9223372036854775807, 0, 9223372036771560807
8, 1514, 0, 9223372036854775807, 0, 9223372036771505807
8, 1515, 0, 9223372036854775807, 0, 9223372036771450807
8, 1516, 0, 9223372036854775807, 0, 9223372036771395807
8, 1517, 0, 9223372036854775807, 0, 9223372036771340807
8, 1518, 0, 9223372036854775807, 0, 9223372036771285807
8, 1519, 0, 9223372036854775807, 0, 9223372036771230807
8, 152, 0, 9223372036854775807, 0, 9223372036846415807
8, 1520, 0, 9223372036854775807, 0, 9223372036771175807
8, 1521, 0, 9223372036854775807, 0, 9223372036771120807
8, 1522, 0, 9223372036854775807, 0, 9223372036771065807
8, 1523, 0, 9223372036854775807, 0, 9223372036771010807
8, 1524, 0, 9223372036854775807, 0, 9223372036770955807
8, 1525, 0, 9223372036854775807, 0, 9223372036770900807
8, 1526, 0, 9223372036854775807, 0, 9223372036770845807
8, 1527, 0, 9223372036854775807, 0, 9223372036770790807
8, 1528, 0, 9223372036854775807, 0, 9223372036770735807
8, 1529, 0, 9223372036854775807, 0, 9223372036770680807
8, 153, 0, 9223372036854775807, 0, 9223372036846360807
8, 1530, 0, 9223372036854775807, 0, 9223372036770625807
8, 1531, 0, 9223372036854775807, 0, 9223372036770570807
8, 1532, 0, 9223372036854775807, 0, 9223372036770515807
8, 1533, 0, 9223372036854775807, 0, 9223372036770460807
8, 1534, 0, 9223372036854775807, 0, 9223372036770405807
8, 1535, 0, 9223372036854775807, 0, 9223372036770350807
8, 1536, 0, 9223372036854775807, 0, 9223372036770295807
8, 1537, 0, 9223372036854775807, 0, 9223372036770240807
8, 1538, 0, 9223372036854775807, 0, 9223372036770185807
8, 1539, 0, 9223372036854775807, 0, 9223372036770130807
8, 154, 0, 9223372036854775807, 0, 9223372036846305807
8, 1540, 0, 9223372036854775807, 0, 9223372036770075807
8, 1541, 0, 9223372036854775807, 0, 9223372036770020807
8, 1542, 0, 9223372036854775807, 0, 9223372036769965807
8, 1543, 0, 9223372036854775807, 0, 9223372036769910807
8, 1544, 0, 9223372036854775807, 0, 9223372036769855807
8, 1545, 0, 9223372036854775807, 0, 9223372036769800807
8, 1546, 0, 9223372036854775807, 0, 9223372036769745807
8, 1547, 0, 9223372036854775807, 0, 9223372036769690807
8, 1548, 0, 9223372036854775807, 0, 9223372036769635807
8, 1549, 0, 9223372036854775807, 0, 9223372036769580807
8, 155, 0, 9223372036854775807, 0, 9223372036846250807
8, 1550, 0, 9223372036854775807, 0, 9223372036769525807
8, 1551, 0, 9223372036854775807, 0, 9223372036769470807
8, 1552, 0, 9223372036854775807, 0, 9223372036769415807
8, 1553, 0, 9223372036854775807, 0, 9223372036769360807
8, 1554, 0, 9223372036854775807, 0, 9223372036769305807
8, 1555, 0, 9223372036854775807, 0, 9223372036769250807
8, 1556, 0, 9223372036854775807, 0, 9223372036769195807
8, 1557, 0, 9223372036854775807, 0, 9223372036769140807
8, 1558, 0, 9223372036854775807, 0, 9223372036769085807
8, 1559, 0, 9223372036854775807, 0, 9223372036769030807
8, 156, 0, 9223372036854775807, 0, 9223372036846195807
8, 1560, 0, 9223372036854775807, 0, 9223372036768975807
8, 1561, 0, 9223372036854775807, 0, 9223372036768920807
8, 1562, 0, 9223372036854775807, 0, 9223372036768865807
8, 1563, 0, 9223372036854775807, 0, 9223372036768810807
8, 1564, 0, 9223372036854775807, 0, 9223372036768755807
8, 1565, 0, 9223372036854775807, 0, 9223372036768700807
8, 1566, 0, 9223372036854775807, 0, 9223372036768645807
8, 1567, 0, 9223372036854775807, 0, 9223372036768590807
8, 1568, 0, 9223372036854775807, 0, 9223372036768535807
8, 1569, 0, 9223372036854775807, 0, 9223372036768480807
8, 157, 0, 9223372036854775807, 0, 9223372036846140807
8, 1570, 0, 9223372036854775807, 0, 9223372036768425807
8, 1571, 0, 9223372036854775807, 0, 9223372036768370807
8, 1572, 0, 9223372036854775807, 0, 9223372036768315807
8, 1573, 0, 9223372036854775807, 0, 9223372036768260807
8, 1574, 0, 9223372036854775807, 0, 9223372036768205807
8, 1575, 0, 9223372036854775807, 0, 9223372036768150807
8, 1576, 0, 9223372036854775807, 0, 9223372036768095807
8, 1577, 0, 9223372036854775807, 0, 9223372036768040807
8, 1578, 0, 9223372036854775807, 0, 9223372036767985807
8, 1579, 0, 9223372036854775807, 0, 9223372036767930807
8, 158, 0, 9223372036854775807, 0, 9223372036846085807
8, 1580, 0, 9223372036854775807, 0, 9223372036767875807
8, 1581, 0, 9223372036854775807, 0, 9223372036767820807
8, 1582, 0, 9223372036854775807, 0, 9223372036767765807
8, 1583, 0, 9223372036854775807, 0, 9223372036767710807
8, 1584, 0, 9223372036854775807, 0, 9223372036767655807
8, 1585, 0, 9223372036854775807, 0, 9223372036767600807
8, 1586, 0, 9223372036854775807, 0, 9223372036767545807
8, 1587, 0, 9223372036854775807, 0, 9223372036767490807
8, 1588, 0, 9223372036854775807, 0, 9223372036767435807
8, 1589, 0, 9223372036854775807, 0, 9223372036767380807
8, 159, 0, 9223372036854775807, 0, 9223372036846030807
8, 1590, 0, 9223372036854775807, 0, 9223372036767325807
8, 1591, 0, 9223372036854775807, 0, 9223372036767270807
8, 1592, 0, 9223372036854775807, 0, 9223372036767215807
8, 1593, 0, 9223372036854775807, 0, 9223372036767160807
8, 1594, 0, 9223372036854775807, 0, 9223372036767105807
8, 1595, 0, 9223372036854775807, 0, 9223372036767050807
8, 1596, 0, 9223372036854775807, 0, 9223372036766995807
8, 1597, 0, 9223372036854775807, 0, 9223372036766940807
8, 1598, 0, 9223372036854775807, 0, 9223372036766885807
8, 1599, 0, 9223372036854775807, 0, 9223372036766830807
8, 16, 0, 9223372036854775807, 0, 9223372036853895807
8, 160, 0, 9223372036854775807, 0, 9223372036845975807
8, 1600, 0, 9223372036854775807, 0, 9223372036766775807
8, 1601, 0, 9223372036854775807, 0, 9223372036766720807
8, 1602, 0, 9223372036854775807, 0, 9223372036766665807
8, 1603, 0, 9223372036854775807, 0, 9223372036766610807
8, 1604, 0, 9223372036854775807, 0, 9223372036766555807
8, 1605, 0, 9223372036854775807, 0, 9223372036766500807
8, 1606, 0, 9223372036854775807, 0, 9223372036766445807
8, 1607, 0, 9223372036854775807, 0, 9223372036766390807
8, 1608, 0, 9223372036854775807, 0, 9223372036766335807
8, 1609, 0, 9223372036854775807, 0, 9223372036766280807
8, 161, 0, 9223372036854775807, 0, 9223372036845920807
8, 1610, 0, 9223372036854775807, 0, 9223372036766225807
8, 1611, 0, 9223372036854775807, 0, 9223372036766170807
8, 1612, 0, 9223372036854775807, 0, 9223372036766115807
8, 1613, 0, 9223372036854775807, 0, 9223372036766060807
8, 1614, 0, 9223372036854775807, 0, 9223372036766005807
8, 1615, 0, 9223372036854775807, 0, 9223372036765950807
8, 1616, 0, 9223372036854775807, 0, 9223372036765895807
8, 1617, 0, 9223372036854775807, 0, 9223372036765840807
8, 1618, 0, 9223372036854775807, 0, 9223372036765785807
8, 1619, 0, 9223372036854775807, 0, 9223372036765730807
8, 162, 0, 9223372036854775807, 0, 9223372036845865807
8, 1620, 0, 9223372036854775807, 0, 9223372036765675807
8, 1621, 0, 9223372036854775807, 0, 9223372036765620807
8, 1622, 0, 9223372036854775807, 0, 9223372036765565807
8, 1623, 0, 9223372036854775807, 0, 9223372036765510807
8, 1624, 0, 9223372036854775807, 0, 9223372036765455807
8, 1625, 0, 9223372036854775807, 0, 9223372036765400807
8, 1626, 0, 9223372036854775807, 0, 9223372036765345807
8, 1627, 0, 9223372036854775807, 0, 9223372036765290807
8, 1628, 0, 9223372036854775807, 0, 9223372036765235807
8, 1629, 0, 9223372036854775807, 0, 9223372036765180807
8, 163, 0, 9223372036854775807, 0, 9223372036845810807
8, 1630, 0, 9223372036854775807, 0, 9223372036765125807
8, 1631, 0, 9223372036854775807, 0, 9223372036765070807
8, 1632, 0, 9223372036854775807, 0, 9223372036765015807
8, 1633, 0, 9223372036854775807, 0, 9223372036764960807
8, 1634, 0, 9223372036854775807, 0, 9223372036764905807
8, 1635, 0, 9223372036854775807, 0, 9223372036764850807
8, 1636, 0, 9223372036854775807, 0, 9223372036764795807
8, 1637, 0, 9223372036854775807, 0, 9223372036764740807
8, 1638, 0, 9223372036854775807, 0, 9223372036764685807
8, 1639, 0, 9223372036854775807, 0, 9223372036764630807
8, 164, 0, 9223372036854775807, 0, 9223372036845755807
8, 1640, 0, 9223372036854775807, 0, 9223372036764575807
8, 1641, 0, 9223372036854775807, 0, 9223372036764520807
8, 1642, 0, 9223372036854775807, 0, 9223372036764465807
8, 1643, 0, 9223372036854775807, 0, 9223372036764410807
8, 1644, 0, 9223372036854775807, 0, 9223372036764355807
8, 1645, 0, 9223372036854775807, 0, 9223372036764300807
8, 1646, 0, 9223372036854775807, 0, 9223372036764245807
8, 1647, 0, 9223372036854775807, 0, 9223372036764190807
8, 1648, 0, 9223372036854775807, 0, 9223372036764135807
8, 1649, 0, 9223372036854775807, 0, 9223372036764080807
8, 165, 0, 9223372036854775807, 0, 9223372036845700807
8, 1650, 0, 9223372036854775807, 0, 9223372036764025807
8, 1651, 0, 9223372036854775807, 0, 9223372036763970807
8, 1652, 0, 9223372036854775807, 0, 9223372036763915807
8, 1653, 0, 9223372036854775807, 0, 9223372036763860807
8, 1654, 0, 9223372036854775807, 0, 9223372036763805807
8, 1655, 0, 9223372036854775807, 0, 9223372036763750807
8, 1656, 0, 9223372036854775807, 0, 9223372036763695807
8, 1657, 0, 9223372036854775807, 0, 9223372036763640807
8, 1658, 0, 9223372036854775807, 0, 9223372036763585807
8, 1659, 0, 9223372036854775807, 0, 9223372036763530807
8, 166, 0, 9223372036854775807, 0, 9223372036845645807
8, 1660, 0, 9223372036854775807, 0, 9223372036763475807
8, 1661, 0, 9223372036854775807, 0, 9223372036763420807
8, 1662, 0, 9223372036854775807, 0, 9223372036763365807
8, 1663, 0, 9223372036854775807, 0, 9223372036763310807
8, 1664, 0, 9223372036854775807, 0, 9223372036763255807
8, 1665, 0, 9223372036854775807, 0, 9223372036763200807
8, 1666, 0, 9223372036854775807, 0, 9223372036763145807
8, 1667, 0, 9223372036854775807, 0, 9223372036763090807
8, 1668, 0, 9223372036854775807, 0, 9223372036763035807
8, 1669, 0, 9223372036854775807, 0, 9223372036762980807
8, 167, 0, 9223372036854775807, 0, 9223372036845590807
8, 1670, 0, 9223372036854775807, 0, 9223372036762925807
8, 1671, 0, 9223372036854775807, 0, 9223372036762870807
8, 1672, 0, 9223372036854775807, 0, 9223372036762815807
8, 1673, 0, 9223372036854775807, 0, 9223372036762760807
8, 1674, 0, 9223372036854775807, 0, 9223372036762705807
8, 1675, 0, 9223372036854775807, 0, 9223372036762650807
8, 1676, 0, 9223372036854775807, 0, 9223372036762595807
8, 1677, 0, 9223372036854775807, 0, 9223372036762540807
8, 1678, 0, 9223372036854775807, 0, 9223372036762485807
8, 1679, 0, 9223372036854775807, 0, 9223372036762430807
8, 168, 0, 9223372036854775807, 0, 9223372036845535807
8, 1680, 0, 9223372036854775807, 0, 9223372036762375807
8, 1681, 0, 9223372036854775807, 0, 9223372036762320807
8, 1682, 0, 9223372036854775807, 0, 9223372036762265807
8, 1683, 0, 9223372036854775807, 0, 9223372036762210807
8, 1684, 0, 9223372036854775807, 0, 9223372036762155807
8, 1685, 0, 9223372036854775807, 0, 9223372036762100807
8, 1686, 0, 9223372036854775807, 0, 9223372036762045807
8, 1687, 0, 9223372036854775807, 0, 9223372036761990807
8, 1688, 0, 9223372036854775807, 0, 9223372036761935807
8, 1689, 0, 9223372036854775807, 0, 9223372036761880807
8, 169, 0, 9223372036854775807, 0, 9223372036845480807
8, 1690, 0, 9223372036854775807, 0, 9223372036761825807
8, 1691, 0, 9223372036854775807, 0, 9223372036761770807
8, 1692, 0, 9223372036854775807, 0, 9223372036761715807
8, 1693, 0, 9223372036854775807, 0, 9223372036761660807
8, 1694, 0, 9223372036854775807, 0, 9223372036761605807
8, 1695, 0, 9223372036854775807, 0, 9223372036761550807
8, 1696, 0, 9223372036854775807, 0, 9223372036761495807
8, 1697, 0, 9223372036854775807, 0, 9223372036761440807
8, 1698, 0, 9223372036854775807, 0, 9223372036761385807
8, 1699, 0, 9223372036854775807, 0, 9223372036761330807
8, 17, 0, 9223372036854775807, 0, 9223372036853840807
8, 170, 0, 9223372036854775807, 0, 9223372036845425807
8, 1700, 0, 9223372036854775807, 0, 9223372036761275807
8, 1701, 0, 9223372036854775807, 0, 9223372036761220807
8, 1702, 0, 9223372036854775807, 0, 9223372036761165807
8, 1703, 0, 9223372036854775807, 0, 9223372036761110807
8, 1704, 0, 9223372036854775807, 0, 9223372036761055807
8, 1705, 0, 9223372036854775807, 0, 9223372036761000807
8, 1706, 0, 9223372036854775807, 0, 9223372036760945807
8, 1707, 0, 9223372036854775807, 0, 9223372036760890807
8, 1708, 0, 9223372036854775807, 0, 9223372036760835807
8, 1709, 0, 9223372036854775807, 0, 9223372036760780807
8, 171, 0, 9223372036854775807, 0, 9223372036845370807
8, 1710, 0, 9223372036854775807, 0, 9223372036760725807
8, 1711, 0, 9223372036854775807, 0, 9223372036760670807
8, 1712, 0, 9223372036854775807, 0, 9223372036760615807
8, 1713, 0, 9223372036854775807, 0, 9223372036760560807
8, 1714, 0, 9223372036854775807, 0, 9223372036760505807
8, 1715, 0, 9223372036854775807, 0, 9223372036760450807
8, 1716, 0, 9223372036854775807, 0, 9223372036760395807
8, 1717, 0, 9223372036854775807, 0, 9223372036760340807
8, 1718, 0, 9223372036854775807, 0, 9223372036760285807
8, 1719, 0, 9223372036854775807, 0, 9223372036760230807
8, 172, 0, 9223372036854775807, 0, 9223372036845315807
8, 1720, 0, 9223372036854775807, 0, 9223372036760175807
8, 1721, 0, 9223372036854775807, 0, 9223372036760120807
8, 1722, 0, 9223372036854775807, 0, 9223372036760065807
8, 1723, 0, 9223372036854775807, 0, 9223372036760010807
8, 1724, 0, 9223372036854775807, 0, 9223372036759955807
8, 1725, 0, 9223372036854775807, 0, 9223372036759900807
8, 1726, 0, 9223372036854775807, 0, 9223372036759845807
8, 1727, 0, 9223372036854775807, 0, 9223372036759790807
8, 1728, 0, 9223372036854775807, 0, 9223372036759735807
8, 1729, 0, 9223372036854775807, 0, 9223372036759680807
8, 173, 0, 9223372036854775807, 0, 9223372036845260807
8, 1730, 0, 9223372036854775807, 0, 9223372036759625807
8, 1731, 0, 9223372036854775807, 0, 9223372036759570807
8, 1732, 0, 9223372036854775807, 0, 9223372036759515807
8, 1733, 0, 9223372036854775807, 0, 9223372036759460807
8, 1734, 0, 9223372036854775807, 0, 9223372036759405807
8, 1735, 0, 9223372036854775807, 0, 9223372036759350807
8, 1736, 0, 9223372036854775807, 0, 9223372036759295807
8, 1737, 0, 9223372036854775807, 0, 9223372036759240807
8, 1738, 0, 9223372036854775807, 0, 9223372036759185807
8, 1739, 0, 9223372036854775807, 0, 9223372036759130807
8, 174, 0, 9223372036854775807, 0, 9223372036845205807
8, 1740, 0, 9223372036854775807, 0, 9223372036759075807
8, 1741, 0, 9223372036854775807, 0, 9223372036759020807
8, 1742, 0, 9223372036854775807, 0, 9223372036758965807
8, 1743, 0, 9223372036854775807, 0, 9223372036758910807
8, 1744, 0, 9223372036854775807, 0, 9223372036758855807
8, 1745, 0, 9223372036854775807, 0, 9223372036758800807
8, 1746, 0, 9223372036854775807, 0, 9223372036758745807
8, 1747, 0, 9223372036854775807, 0, 9223372036758690807
8, 1748, 0, 9223372036854775807, 0, 9223372036758635807
8, 1749, 0, 9223372036854775807, 0, 9223372036758580807
8, 175, 0, 9223372036854775807, 0, 9223372036845150807
8, 1750, 0, 9223372036854775807, 0, 9223372036758525807
8, 1751, 0, 9223372036854775807, 0, 9223372036758470807
8, 1752, 0, 9223372036854775807, 0, 9223372036758415807
8, 1753, 0, 9223372036854775807, 0, 9223372036758360807
8, 1754, 0, 9223372036854775807, 0, 9223372036758305807
8, 1755, 0, 9223372036854775807, 0, 9223372036758250807
8, 1756, 0, 9223372036854775807, 0, 9223372036758195807
8, 1757, 0, 9223372036854775807, 0, 9223372036758140807
8, 1758, 0, 9223372036854775807, 0, 9223372036758085807
8, 1759, 0, 9223372036854775807, 0, 9223372036758030807
8, 176, 0, 9223372036854775807, 0, 9223372036845095807
8, 1760, 0, 9223372036854775807, 0, 9223372036757975807
8, 1761, 0, 9223372036854775807, 0, 9223372036757920807
8, 1762, 0, 9223372036854775807, 0, 9223372036757865807
8, 1763, 0, 9223372036854775807, 0, 9223372036757810807
8, 1764, 0, 9223372036854775807, 0, 9223372036757755807
8, 1765, 0, 9223372036854775807, 0, 9223372036757700807
8, 1766, 0, 9223372036854775807, 0, 9223372036757645807
8, 1767, 0, 9223372036854775807, 0, 9223372036757590807
8, 1768, 0, 9223372036854775807, 0, 9223372036757535807
8, 1769, 0, 9223372036854775807, 0, 9223372036757480807
8, 177, 0, 9223372036854775807, 0, 9223372036845040807
8, 1770, 0, 9223372036854775807, 0, 9223372036757425807
8, 1771, 0, 9223372036854775807, 0, 9223372036757370807
8, 1772, 0, 9223372036854775807, 0, 9223372036757315807
8, 1773, 0, 9223372036854775807, 0, 9223372036757260807
8, 1774, 0, 9223372036854775807, 0, 9223372036757205807
8, 1775, 0, 9223372036854775807, 0, 9223372036757150807
8, 1776, 0, 9223372036854775807, 0, 9223372036757095807
8, 1777, 0, 9223372036854775807, 0, 9223372036757040807
8, 1778, 0, 9223372036854775807, 0, 9223372036756985807
8, 1779, 0, 9223372036854775807, 0, 9223372036756930807
8, 178, 0, 9223372036854775807, 0, 9223372036844985807
8, 1780, 0, 9223372036854775807, 0, 9223372036756875807
8, 1781, 0, 9223372036854775807, 0, 9223372036756820807
8, 1782, 0, 9223372036854775807, 0, 9223372036756765807
8, 1783, 0, 9223372036854775807, 0, 9223372036756710807
8, 1784, 0, 9223372036854775807, 0, 9223372036756655807
8, 1785, 0, 9223372036854775807, 0, 9223372036756600807
8, 1786, 0, 9223372036854775807, 0, 9223372036756545807
8, 1787, 0, 9223372036854775807, 0, 9223372036756490807
8, 1788, 0, 9223372036854775807, 0, 9223372036756435807
8, 1789, 0, 9223372036854775807, 0, 9223372036756380807
8, 179, 0, 9223372036854775807, 0, 9223372036844930807
8, 1790, 0, 9223372036854775807, 0, 9223372036756325807
8, 1791, 0, 9223372036854775807, 0, 9223372036756270807
8, 1792, 0, 9223372036854775807, 0, 9223372036756215807
8, 1793, 0, 9223372036854775807, 0, 9223372036756160807
8, 1794, 0, 9223372036854775807, 0, 9223372036756105807
8, 1795, 0, 9223372036854775807, 0, 9223372036756050807
8, 1796, 0, 9223372036854775807, 0, 9223372036755995807
8, 1797, 0, 9223372036854775807, 0, 9223372036755940807
8, 1798, 0, 9223372036854775807, 0, 9223372036755885807
8, 1799, 0, 9223372036854775807, 0, 9223372036755830807
8, 18, 0, 9223372036854775807, 0, 9223372036853785807
8, 180, 0, 9223372036854775807, 0, 9223372036844875807
8, 1800, 0, 9223372036854775807, 0, 9223372036755775807
8, 1801, 0, 9223372036854775807, 0, 9223372036755720807
8, 1802, 0, 9223372036854775807, 0, 9223372036755665807
8, 1803, 0, 9223372036854775807, 0, 9223372036755610807
8, 1804, 0, 9223372036854775807, 0, 9223372036755555807
8, 1805, 0, 9223372036854775807, 0, 9223372036755500807
8, 1806, 0, 9223372036854775807, 0, 9223372036755445807
8, 1807, 0, 9223372036854775807, 0, 9223372036755390807
8, 1808, 0, 9223372036854775807, 0, 9223372036755335807
8, 1809, 0, 9223372036854775807, 0, 9223372036755280807
8, 181, 0, 9223372036854775807, 0, 9223372036844820807
8, 1810, 0, 9223372036854775807, 0, 9223372036755225807
8, 1811, 0, 9223372036854775807, 0, 9223372036755170807
8, 1812, 0, 9223372036854775807, 0, 9223372036755115807
8, 1813, 0, 9223372036854775807, 0, 9223372036755060807
8, 1814, 0, 9223372036854775807, 0, 9223372036755005807
8, 1815, 0, 9223372036854775807, 0, 9223372036754950807
8, 1816, 0, 9223372036854775807, 0, 9223372036754895807
8, 1817, 0, 9223372036854775807, 0, 9223372036754840807
8, 1818, 0, 9223372036854775807, 0, 9223372036754785807
8, 1819, 0, 9223372036854775807, 0, 9223372036754730807
8, 182, 0, 9223372036854775807, 0, 9223372036844765807
8, 1820, 0, 9223372036854775807, 0, 9223372036754675807
8, 1821, 0, 9223372036854775807, 0, 9223372036754620807
8, 1822, 0, 9223372036854775807, 0, 9223372036754565807
8, 1823, 0, 9223372036854775807, 0, 9223372036754510807
8, 1824, 0, 9223372036854775807, 0, 9223372036754455807
8, 1825, 0, 9223372036854775807, 0, 9223372036754400807
8, 1826, 0, 9223372036854775807, 0, 9223372036754345807
8, 1827, 0, 9223372036854775807, 0, 9223372036754290807
8, 1828, 0, 9223372036854775807, 0, 9223372036754235807
8, 1829, 0, 9223372036854775807, 0, 9223372036754180807
8, 183, 0, 9223372036854775807, 0, 9223372036844710807
8, 1830, 0, 9223372036854775807, 0, 9223372036754125807
8, 1831, 0, 9223372036854775807, 0, 9223372036754070807
8, 1832, 0, 9223372036854775807, 0, 9223372036754015807
8, 1833, 0, 9223372036854775807, 0, 9223372036753960807
8, 1834, 0, 9223372036854775807, 0, 9223372036753905807
8, 1835, 0, 9223372036854775807, 0, 9223372036753850807
8, 1836, 0, 9223372036854775807, 0, 9223372036753795807
8, 1837, 0, 9223372036854775807, 0, 9223372036753740807
8, 1838, 0, 9223372036854775807, 0, 9223372036753685807
8, 1839, 0, 9223372036854775807, 0, 9223372036753630807
8, 184, 0, 9223372036854775807, 0, 9223372036844655807
8, 1840, 0, 9223372036854775807, 0, 9223372036753575807
8, 1841, 0, 9223372036854775807, 0, 9223372036753520807
8, 1842, 0, 9223372036854775807, 0, 9223372036753465807
8, 1843, 0, 9223372036854775807, 0, 9223372036753410807
8, 1844, 0, 9223372036854775807, 0, 9223372036753355807
8, 1845, 0, 9223372036854775807, 0, 9223372036753300807
8, 1846, 0, 9223372036854775807, 0, 9223372036753245807
8, 1847, 0, 9223372036854775807, 0, 9223372036753190807
8, 1848, 0, 9223372036854775807, 0, 9223372036753135807
8, 1849, 0, 9223372036854775807, 0, 9223372036753080807
8, 185, 0, 9223372036854775807, 0, 9223372036844600807
8, 1850, 0, 9223372036854775807, 0, 9223372036753025807
8, 1851, 0, 9223372036854775807, 0, 9223372036752970807
8, 1852, 0, 9223372036854775807, 0, 9223372036752915807
8, 1853, 0, 9223372036854775807, 0, 9223372036752860807
8, 1854, 0, 9223372036854775807, 0, 9223372036752805807
8, 1855, 0, 9223372036854775807, 0, 9223372036752750807
8, 1856, 0, 9223372036854775807, 0, 9223372036752695807
8, 1857, 0, 9223372036854775807, 0, 9223372036752640807
8, 1858, 0, 9223372036854775807, 0, 9223372036752585807
8, 1859, 0, 9223372036854775807, 0, 9223372036752530807
8, 186, 0, 9223372036854775807, 0, 9223372036844545807
8, 1860, 0, 9223372036854775807, 0, 9223372036752475807
8, 1861, 0, 9223372036854775807, 0, 9223372036752420807
8, 1862, 0, 9223372036854775807, 0, 9223372036752365807
8, 1863, 0, 9223372036854775807, 0, 9223372036752310807
8, 1864, 0, 9223372036854775807, 0, 9223372036752255807
8, 1865, 0, 9223372036854775807, 0, 9223372036752200807
8, 1866, 0, 9223372036854775807, 0, 9223372036752145807
8, 1867, 0, 9223372036854775807, 0, 9223372036752090807
8, 1868, 0, 9223372036854775807, 0, 9223372036752035807
8, 1869, 0, 9223372036854775807, 0, 9223372036751980807
8, 187, 0, 9223372036854775807, 0, 9223372036844490807
8, 1870, 0, 9223372036854775807, 0, 9223372036751925807
8, 1871, 0, 9223372036854775807, 0, 9223372036751870807
8, 1872, 0, 9223372036854775807, 0, 9223372036751815807
8, 1873, 0, 9223372036854775807, 0, 9223372036751760807
8, 1874, 0, 9223372036854775807, 0, 9223372036751705807
8, 1875, 0, 9223372036854775807, 0, 9223372036751650807
8, 1876, 0, 9223372036854775807, 0, 9223372036751595807
8, 1877, 0, 9223372036854775807, 0, 9223372036751540807
8, 1878, 0, 9223372036854775807, 0, 9223372036751485807
8, 1879, 0, 9223372036854775807, 0, 9223372036751430807
8, 188, 0, 9223372036854775807, 0, 9223372036844435807
8, 1880, 0, 9223372036854775807, 0, 9223372036751375807
8, 1881, 0, 9223372036854775807, 0, 9223372036751320807
8, 1882, 0, 9223372036854775807, 0, 9223372036751265807
8, 1883, 0, 9223372036854775807, 0, 9223372036751210807
8, 1884, 0, 9223372036854775807, 0, 9223372036751155807
8, 1885, 0, 9223372036854775807, 0, 9223372036751100807
8, 1886, 0, 9223372036854775807, 0, 9223372036751045807
8, 1887, 0, 9223372036854775807, 0, 9223372036750990807
8, 1888, 0, 9223372036854775807, 0, 9223372036750935807
8, 1889, 0, 9223372036854775807, 0, 9223372036750880807
8, 189, 0, 9223372036854775807, 0, 9223372036844380807
8, 1890, 0, 9223372036854775807, 0, 9223372036750825807
8, 1891, 0, 9223372036854775807, 0, 9223372036750770807
8, 1892, 0, 9223372036854775807, 0, 9223372036750715807
8, 1893, 0, 9223372036854775807, 0, 9223372036750660807
8, 1894, 0, 9223372036854775807, 0, 9223372036750605807
8, 1895, 0, 9223372036854775807, 0, 9223372036750550807
8, 1896, 0, 9223372036854775807, 0, 9223372036750495807
8, 1897, 0, 9223372036854775807, 0, 9223372036750440807
8, 1898, 0, 9223372036854775807, 0, 9223372036750385807
8, 1899, 0, 9223372036854775807, 0, 9223372036750330807
8, 19, 0, 9223372036854775807, 0, 9223372036853730807
8, 190, 0, 9223372036854775807, 0, 9223372036844325807
8, 1900, 0, 9223372036854775807, 0, 9223372036750275807
8, 1901, 0, 9223372036854775807, 0, 9223372036750220807
8, 1902, 0, 9223372036854775807, 0, 9223372036750165807
8, 1903, 0, 9223372036854775807, 0, 9223372036750110807
8, 1904, 0, 9223372036854775807, 0, 9223372036750055807
8, 1905, 0, 9223372036854775807, 0, 9223372036750000807
8, 1906, 0, 9223372036854775807, 0, 9223372036749945807
8, 1907, 0, 9223372036854775807, 0, 9223372036749890807
8, 1908, 0, 9223372036854775807, 0, 9223372036749835807
8, 1909, 0, 9223372036854775807, 0, 9223372036749780807
8, 191, 0, 9223372036854775807, 0, 9223372036844270807
8, 1910, 0, 9223372036854775807, 0, 9223372036749725807
8, 1911, 0, 9223372036854775807, 0, 9223372036749670807
8, 1912, 0, 9223372036854775807, 0, 9223372036749615807
8, 1913, 0, 9223372036854775807, 0, 9223372036749560807
8, 1914, 0, 9223372036854775807, 0, 9223372036749505807
8, 1915, 0, 9223372036854775807, 0, 9223372036749450807
8, 1916, 0, 9223372036854775807, 0, 9223372036749395807
8, 1917, 0, 9223372036854775807, 0, 9223372036749340807
8, 1918, 0, 9223372036854775807, 0, 9223372036749285807
8, 1919, 0, 9223372036854775807, 0, 9223372036749230807
8, 192, 0, 9223372036854775807, 0, 9223372036844215807
8, 1920, 0, 9223372036854775807, 0, 9223372036749175807
8, 1921, 0, 9223372036854775807, 0, 9223372036749120807
8, 1922, 0, 9223372036854775807, 0, 9223372036749065807
8, 1923, 0, 9223372036854775807, 0, 9223372036749010807
8, 1924, 0, 9223372036854775807, 0, 9223372036748955807
8, 1925, 0, 9223372036854775807, 0, 9223372036748900807
8, 1926, 0, 9223372036854775807, 0, 9223372036748845807
8, 1927, 0, 9223372036854775807, 0, 9223372036748790807
8, 1928, 0, 9223372036854775807, 0, 9223372036748735807
8, 1929, 0, 9223372036854775807, 0, 9223372036748680807
8, 193, 0, 9223372036854775807, 0, 9223372036844160807
8, 1930, 0, 9223372036854775807, 0, 9223372036748625807
8, 1931, 0, 9223372036854775807, 0, 9223372036748570807
8, 1932, 0, 9223372036854775807, 0, 9223372036748515807
8, 1933, 0, 9223372036854775807, 0, 9223372036748460807
8, 1934, 0, 9223372036854775807, 0, 9223372036748405807
8, 1935, 0, 9223372036854775807, 0, 9223372036748350807
8, 1936, 0, 9223372036854775807, 0, 9223372036748295807
8, 1937, 0, 9223372036854775807, 0, 9223372036748240807
8, 1938, 0, 9223372036854775807, 0, 9223372036748185807
8, 1939, 0, 9223372036854775807, 0, 9223372036748130807
8, 194, 0, 9223372036854775807, 0, 9223372036844105807
8, 1940, 0, 9223372036854775807, 0, 9223372036748075807
8, 1941, 0, 9223372036854775807, 0, 9223372036748020807
8, 1942, 0, 9223372036854775807, 0, 9223372036747965807
8, 1943, 0, 9223372036854775807, 0, 9223372036747910807
8, 1944, 0, 9223372036854775807, 0, 9223372036747855807
8, 1945, 0, 9223372036854775807, 0, 9223372036747800807
8, 1946, 0, 9223372036854775807, 0, 9223372036747745807
8, 1947, 0, 9223372036854775807, 0, 9223372036747690807
8, 1948, 0, 9223372036854775807, 0, 9223372036747635807
8, 1949, 0, 9223372036854775807, 0, 9223372036747580807
8, 195, 0, 9223372036854775807, 0, 9223372036844050807
8, 1950, 0, 9223372036854775807, 0, 9223372036747525807
8, 1951, 0, 9223372036854775807, 0, 9223372036747470807
8, 1952, 0, 9223372036854775807, 0, 9223372036747415807
8, 1953, 0, 9223372036854775807, 0, 9223372036747360807
8, 1954, 0, 9223372036854775807, 0, 9223372036747305807
8, 1955, 0, 9223372036854775807, 0, 9223372036747250807
8, 1956, 0, 9223372036854775807, 0, 9223372036747195807
8, 1957, 0, 9223372036854775807, 0, 9223372036747140807
8, 1958, 0, 9223372036854775807, 0, 9223372036747085807
8, 1959, 0, 9223372036854775807, 0, 9223372036747030807
8, 196, 0, 9223372036854775807, 0, 9223372036843995807
8, 1960, 0, 9223372036854775807, 0, 9223372036746975807
8, 1961, 0, 9223372036854775807, 0, 9223372036746920807
8, 1962, 0, 9223372036854775807, 0, 9223372036746865807
8, 1963, 0, 9223372036854775807, 0, 9223372036746810807
8, 1964, 0, 9223372036854775807, 0, 9223372036746755807
8, 1965, 0, 9223372036854775807, 0, 9223372036746700807
8, 1966, 0, 9223372036854775807, 0, 9223372036746645807
8, 1967, 0, 9223372036854775807, 0, 9223372036746590807
8, 1968, 0, 9223372036854775807, 0, 9223372036746535807
8, 1969, 0, 9223372036854775807, 0, 9223372036746480807
8, 197, 0, 9223372036854775807, 0, 9223372036843940807
8, 1970, 0, 9223372036854775807, 0, 9223372036746425807
8, 1971, 0, 9223372036854775807, 0, 9223372036746370807
8, 1972, 0, 9223372036854775807, 0, 9223372036746315807
8, 1973, 0, 9223372036854775807, 0, 9223372036746260807
8, 1974, 0, 9223372036854775807, 0, 9223372036746205807
8, 1975, 0, 9223372036854775807, 0, 9223372036746150807
8, 1976, 0, 9223372036854775807, 0, 9223372036746095807
8, 1977, 0, 9223372036854775807, 0, 9223372036746040807
8, 1978, 0, 9223372036854775807, 0, 9223372036745985807
8, 1979, 0, 9223372036854775807, 0, 9223372036745930807
8, 198, 0, 9223372036854775807, 0, 9223372036843885807
8, 1980, 0, 9223372036854775807, 0, 9223372036745875807
8, 1981, 0, 9223372036854775807, 0, 9223372036745820807
8, 1982, 0, 9223372036854775807, 0, 9223372036745765807
8, 1983, 0, 9223372036854775807, 0, 9223372036745710807
8, 1984, 0, 9223372036854775807, 0, 9223372036745655807
8, 1985, 0, 9223372036854775807, 0, 9223372036745600807
8, 1986, 0, 9223372036854775807, 0, 9223372036745545807
8, 1987, 0, 9223372036854775807, 0, 9223372036745490807
8, 1988, 0, 9223372036854775807, 0, 9223372036745435807
8, 1989, 0, 9223372036854775807, 0, 9223372036745380807
8, 199, 0, 9223372036854775807, 0, 9223372036843830807
8, 1990, 0, 9223372036854775807, 0, 9223372036745325807
8, 1991, 0, 9223372036854775807, 0, 9223372036745270807
8, 1992, 0, 9223372036854775807, 0, 9223372036745215807
8, 1993, 0, 9223372036854775807, 0, 9223372036745160807
8, 1994, 0, 9223372036854775807, 0, 9223372036745105807
8, 1995, 0, 9223372036854775807, 0, 9223372036745050807
8, 1996, 0, 9223372036854775807, 0, 9223372036744995807
8, 1997, 0, 9223372036854775807, 0, 9223372036744940807
8, 1998, 0, 9223372036854775807, 0, 9223372036744885807
8, 1999, 0, 9223372036854775807, 0, 9223372036744830807
8, 2, 0, 9223372036854775807, 0, 9223372036854665807
8, 20, 0, 9223372036854775807, 0, 9223372036853675807
8, 200, 0, 9223372036854775807, 0, 9223372036843775807
8, 2000, 0, 9223372036854775807, 0, 9223372036744775807
8, 2001, 0, 9223372036854775807, 0, 9223372036744720807
8, 2002, 0, 9223372036854775807, 0, 9223372036744665807
8, 2003, 0, 9223372036854775807, 0, 9223372036744610807
8, 2004, 0, 9223372036854775807, 0, 9223372036744555807
8, 2005, 0, 9223372036854775807, 0, 9223372036744500807
8, 2006, 0, 9223372036854775807, 0, 9223372036744445807
8, 2007, 0, 9223372036854775807, 0, 9223372036744390807
8, 2008, 0, 9223372036854775807, 0, 9223372036744335807
8, 2009, 0, 9223372036854775807, 0, 9223372036744280807
8, 201, 0, 9223372036854775807, 0, 9223372036843720807
8, 2010, 0, 9223372036854775807, 0, 9223372036744225807
8, 2011, 0, 9223372036854775807, 0, 9223372036744170807
8, 2012, 0, 9223372036854775807, 0, 9223372036744115807
8, 2013, 0, 9223372036854775807, 0, 9223372036744060807
8, 2014, 0, 9223372036854775807, 0, 9223372036744005807
8, 2015, 0, 9223372036854775807, 0, 9223372036743950807
8, 2016, 0, 9223372036854775807, 0, 9223372036743895807
8, 2017, 0, 9223372036854775807, 0, 9223372036743840807
8, 2018, 0, 9223372036854775807, 0, 9223372036743785807
8, 2019, 0, 9223372036854775807, 0, 9223372036743730807
8, 202, 0, 9223372036854775807, 0, 9223372036843665807
8, 2020, 0, 9223372036854775807, 0, 9223372036743675807
8, 2021, 0, 9223372036854775807, 0, 9223372036743620807
8, 2022, 0, 9223372036854775807, 0, 9223372036743565807
8, 2023, 0, 9223372036854775807, 0, 9223372036743510807
8, 2024, 0, 9223372036854775807, 0, 9223372036743455807
8, 2025, 0, 9223372036854775807, 0, 9223372036743400807
8, 2026, 0, 9223372036854775807, 0, 9223372036743345807
8, 2027, 0, 9223372036854775807, 0, 9223372036743290807
8, 2028, 0, 9223372036854775807, 0, 9223372036743235807
8, 2029, 0, 9223372036854775807, 0, 9223372036743180807
8, 203, 0, 9223372036854775807, 0, 9223372036843610807
8, 2030, 0, 9223372036854775807, 0, 9223372036743125807
8, 2031, 0, 9223372036854775807, 0, 9223372036743070807
8, 2032, 0, 9223372036854775807, 0, 9223372036743015807
8, 2033, 0, 9223372036854775807, 0, 9223372036742960807
8, 2034, 0, 9223372036854775807, 0, 9223372036742905807
8, 2035, 0, 9223372036854775807, 0, 9223372036742850807
8, 2036, 0, 9223372036854775807, 0, 9223372036742795807
8, 2037, 0, 9223372036854775807, 0, 9223372036742740807
8, 2038, 0, 9223372036854775807, 0, 9223372036742685807
8, 2039, 0, 9223372036854775807, 0, 9223372036742630807
8, 204, 0, 9223372036854775807, 0, 9223372036843555807
8, 2040, 0, 9223372036854775807, 0, 9223372036742575807
8, 2041, 0, 9223372036854775807, 0, 9223372036742520807
8, 2042, 0, 9223372036854775807, 0, 9223372036742465807
8, 2043, 0, 9223372036854775807, 0, 9223372036742410807
8, 2044, 0, 9223372036854775807, 0, 9223372036742355807
8, 2045, 0, 9223372036854775807, 0, 9223372036742300807
8, 2046, 0, 9223372036854775807, 0, 9223372036742245807
8, 2047, 0, 9223372036854775807, 0, 9223372036742190807
8, 2048, 0, 9223372036854775807, 0, 9223372036742135807
8, 2049, 0, 9223372036854775807, 0, 9223372036742080807
8, 205, 0, 9223372036854775807, 0, 9223372036843500807
8, 2050, 0, 9223372036854775807, 0, 9223372036742025807
8, 2051, 0, 9223372036854775807, 0, 9223372036741970807
8, 2052, 0, 9223372036854775807, 0, 9223372036741915807
8, 2053, 0, 9223372036854775807, 0, 9223372036741860807
8, 2054, 0, 9223372036854775807, 0, 9223372036741805807
8, 2055, 0, 9223372036854775807, 0, 9223372036741750807
8, 2056, 0, 9223372036854775807, 0, 9223372036741695807
8, 2057, 0, 9223372036854775807, 0, 9223372036741640807
8, 2058, 0, 9223372036854775807, 0, 9223372036741585807
8, 2059, 0, 9223372036854775807, 0, 9223372036741530807
8, 206, 0, 9223372036854775807, 0, 9223372036843445807
8, 2060, 0, 9223372036854775807, 0, 9223372036741475807
8, 2061, 0, 9223372036854775807, 0, 9223372036741420807
8, 2062, 0, 9223372036854775807, 0, 9223372036741365807
8, 2063, 0, 9223372036854775807, 0, 9223372036741310807
8, 2064, 0, 9223372036854775807, 0, 9223372036741255807
8, 2065, 0, 9223372036854775807, 0, 9223372036741200807
8, 2066, 0, 9223372036854775807, 0, 9223372036741145807
8, 2067, 0, 9223372036854775807, 0, 9223372036741090807
8, 2068, 0, 9223372036854775807, 0, 9223372036741035807
8, 2069, 0, 9223372036854775807, 0, 9223372036740980807
8, 207, 0, 9223372036854775807, 0, 9223372036843390807
8, 2070, 0, 9223372036854775807, 0, 9223372036740925807
8, 2071, 0, 9223372036854775807, 0, 9223372036740870807
8, 2072, 0, 9223372036854775807, 0, 9223372036740815807
8, 2073, 0, 9223372036854775807, 0, 9223372036740760807
8, 2074, 0, 9223372036854775807, 0, 9223372036740705807
8, 2075, 0, 9223372036854775807, 0, 9223372036740650807
8, 2076, 0, 9223372036854775807, 0, 9223372036740595807
8, 2077, 0, 9223372036854775807, 0, 9223372036740540807
8, 2078, 0, 9223372036854775807, 0, 9223372036740485807
8, 2079, 0, 9223372036854775807, 0, 9223372036740430807
8, 208, 0, 9223372036854775807, 0, 9223372036843335807
8, 2080, 0, 9223372036854775807, 0, 9223372036740375807
8, 2081, 0, 9223372036854775807, 0, 9223372036740320807
8, 2082, 0, 9223372036854775807, 0, 9223372036740265807
8, 2083, 0, 9223372036854775807, 0, 9223372036740210807
8, 2084, 0, 9223372036854775807, 0, 9223372036740155807
8, 2085, 0, 9223372036854775807, 0, 9223372036740100807
8, 2086, 0, 9223372036854775807, 0, 9223372036740045807
8, 2087, 0, 9223372036854775807, 0, 9223372036739990807
8, 2088, 0, 9223372036854775807, 0, 9223372036739935807
8, 2089, 0, 9223372036854775807, 0, 9223372036739880807
8, 209, 0, 9223372036854775807, 0, 9223372036843280807
8, 2090, 0, 9223372036854775807, 0, 9223372036739825807
8, 2091, 0, 9223372036854775807, 0, 9223372036739770807
8, 2092, 0, 9223372036854775807, 0, 9223372036739715807
8, 2093, 0, 9223372036854775807, 0, 9223372036739660807
8, 2094, 0, 9223372036854775807, 0, 9223372036739605807
8, 2095, 0, 9223372036854775807, 0, 9223372036739550807
8, 2096, 0, 9223372036854775807, 0, 9223372036739495807
8, 2097, 0, 9223372036854775807, 0, 9223372036739440807
8, 2098, 0, 9223372036854775807, 0, 9223372036739385807
8, 2099, 0, 9223372036854775807, 0, 9223372036739330807
8, 21, 0, 9223372036854775807, 0, 9223372036853620807
8, 210, 0, 9223372036854775807, 0, 9223372036843225807
8, 2100, 0, 9223372036854775807, 0, 9223372036739275807
8, 2101, 0, 9223372036854775807, 0, 9223372036739220807
8, 2102, 0, 9223372036854775807, 0, 9223372036739165807
8, 2103, 0, 9223372036854775807, 0, 9223372036739110807
8, 2104, 0, 9223372036854775807, 0, 9223372036739055807
8, 2105, 0, 9223372036854775807, 0, 9223372036739000807
8, 2106, 0, 9223372036854775807, 0, 9223372036738945807
8, 2107, 0, 9223372036854775807, 0, 9223372036738890807
8, 2108, 0, 9223372036854775807, 0, 9223372036738835807
8, 2109, 0, 9223372036854775807, 0, 9223372036738780807
8, 211, 0, 9223372036854775807, 0, 9223372036843170807
8, 2110, 0, 9223372036854775807, 0, 9223372036738725807
8, 2111, 0, 9223372036854775807, 0, 9223372036738670807
8, 2112, 0, 9223372036854775807, 0, 9223372036738615807
8, 2113, 0, 9223372036854775807, 0, 9223372036738560807
8, 2114, 0, 9223372036854775807, 0, 9223372036738505807
8, 2115, 0, 9223372036854775807, 0, 9223372036738450807
8, 2116, 0, 9223372036854775807, 0, 9223372036738395807
8, 2117, 0, 9223372036854775807, 0, 9223372036738340807
8, 2118, 0, 9223372036854775807, 0, 9223372036738285807
8, 2119, 0, 9223372036854775807, 0, 9223372036738230807
8, 212, 0, 9223372036854775807, 0, 9223372036843115807
8, 2120, 0, 9223372036854775807, 0, 9223372036738175807
8, 2121, 0, 9223372036854775807, 0, 9223372036738120807
8, 2122, 0, 9223372036854775807, 0, 9223372036738065807
8, 2123, 0, 9223372036854775807, 0, 9223372036738010807
8, 2124, 0, 9223372036854775807, 0, 9223372036737955807
8, 2125, 0, 9223372036854775807, 0, 9223372036737900807
8, 2126, 0, 9223372036854775807, 0, 9223372036737845807
8, 2127, 0, 9223372036854775807, 0, 9223372036737790807
8, 2128, 0, 9223372036854775807, 0, 9223372036737735807
8, 2129, 0, 9223372036854775807, 0, 9223372036737680807
8, 213, 0, 9223372036854775807, 0, 9223372036843060807
8, 2130, 0, 9223372036854775807, 0, 9223372036737625807
8, 2131, 0, 9223372036854775807, 0, 9223372036737570807
8, 2132, 0, 9223372036854775807, 0, 9223372036737515807
8, 2133, 0, 9223372036854775807, 0, 9223372036737460807
8, 2134, 0, 9223372036854775807, 0, 9223372036737405807
8, 2135, 0, 9223372036854775807, 0, 9223372036737350807
8, 2136, 0, 9223372036854775807, 0, 9223372036737295807
8, 2137, 0, 9223372036854775807, 0, 9223372036737240807
8, 2138, 0, 9223372036854775807, 0, 9223372036737185807
8, 2139, 0, 9223372036854775807, 0, 9223372036737130807
8, 214, 0, 9223372036854775807, 0, 9223372036843005807
8, 2140, 0, 9223372036854775807, 0, 9223372036737075807
8, 2141, 0, 9223372036854775807, 0, 9223372036737020807
8, 215, 0, 9223372036854775807, 0, 9223372036842950807
8, 216, 0, 9223372036854775807, 0, 9223372036842895807
8, 217, 0, 9223372036854775807, 0, 9223372036842840807
8, 218, 0, 9223372036854775807, 0, 9223372036842785807
8, 219, 0, 9223372036854775807, 0, 9223372036842730807
8, 22, 0, 9223372036854775807, 0, 9223372036853565807
8, 220, 0, 9223372036854775807, 0, 9223372036842675807
8, 221, 0, 9223372036854775807, 0, 9223372036842620807
8, 222, 0, 9223372036854775807, 0, 9223372036842565807
8, 223, 0, 9223372036854775807, 0, 9223372036842510807
8, 224, 0, 9223372036854775807, 0, 9223372036842455807
8, 225, 0, 9223372036854775807, 0, 9223372036842400807
8, 226, 0, 9223372036854775807, 0, 9223372036842345807
8, 227, 0, 9223372036854775807, 0, 9223372036842290807
8, 228, 0, 9223372036854775807, 0, 9223372036842235807
8, 229, 0, 9223372036854775807, 0, 9223372036842180807
8, 23, 0, 9223372036854775807, 0, 9223372036853510807
8, 230, 0, 9223372036854775807, 0, 9223372036842125807
8, 231, 0, 9223372036854775807, 0, 9223372036842070807
8, 232, 0, 9223372036854775807, 0, 9223372036842015807
8, 233, 0, 9223372036854775807, 0, 9223372036841960807
8, 234, 0, 9223372036854775807, 0, 9223372036841905807
8, 235, 0, 9223372036854775807, 0, 9223372036841850807
8, 236, 0, 9223372036854775807, 0, 9223372036841795807
8, 237, 0, 9223372036854775807, 0, 9223372036841740807
8, 238, 0, 9223372036854775807, 0, 9223372036841685807
8, 239, 0, 9223372036854775807, 0, 9223372036841630807
8, 24, 0, 9223372036854775807, 0, 9223372036853455807
8, 240, 0, 9223372036854775807, 0, 9223372036841575807
8, 241, 0, 9223372036854775807, 0, 9223372036841520807
8, 242, 0, 9223372036854775807, 0, 9223372036841465807
8, 243, 0, 9223372036854775807, 0, 9223372036841410807
8, 244, 0, 9223372036854775807, 0, 9223372036841355807
8, 245, 0, 9223372036854775807, 0, 9223372036841300807
8, 246, 0, 9223372036854775807, 0, 9223372036841245807
8, 247, 0, 9223372036854775807, 0, 9223372036841190807
8, 248, 0, 9223372036854775807, 0, 9223372036841135807
8, 249, 0, 9223372036854775807, 0, 9223372036841080807
8, 25, 0, 9223372036854775807, 0, 9223372036853400807
8, 250, 0, 9223372036854775807, 0, 9223372036841025807
8, 251, 0, 9223372036854775807, 0, 9223372036840970807
8, 252, 0, 9223372036854775807, 0, 9223372036840915807
8, 253, 0, 9223372036854775807, 0, 9223372036840860807
8, 254, 0, 9223372036854775807, 0, 9223372036840805807
8, 255, 0, 9223372036854775807, 0, 9223372036840750807
8, 256, 0, 9223372036854775807, 0, 9223372036840695807
8, 257, 0, 9223372036854775807, 0, 9223372036840640807
8, 258, 0, 9223372036854775807, 0, 9223372036840585807
8, 259, 0, 9223372036854775807, 0, 9223372036840530807
8, 26, 0, 9223372036854775807, 0, 9223372036853345807
8, 260, 0, 9223372036854775807, 0, 9223372036840475807
8, 261, 0, 9223372036854775807, 0, 9223372036840420807
8, 262, 0, 9223372036854775807, 0, 9223372036840365807
8, 263, 0, 9223372036854775807, 0, 9223372036840310807
8, 264, 0, 9223372036854775807, 0, 9223372036840255807
8, 265, 0, 9223372036854775807, 0, 9223372036840200807
8, 266, 0, 9223372036854775807, 0, 9223372036840145807
8, 267, 0, 9223372036854775807, 0, 9223372036840090807
8, 268, 0, 9223372036854775807, 0, 9223372036840035807
8, 269, 0, 9223372036854775807, 0, 9223372036839980807
8, 27, 0, 9223372036854775807, 0, 9223372036853290807
8, 270, 0, 9223372036854775807, 0, 9223372036839925807
8, 271, 0, 9223372036854775807, 0, 9223372036839870807
8, 272, 0, 9223372036854775807, 0, 9223372036839815807
8, 273, 0, 9223372036854775807, 0, 9223372036839760807
8, 274, 0, 9223372036854775807, 0, 9223372036839705807
8, 275, 0, 9223372036854775807, 0, 9223372036839650807
8, 276, 0, 9223372036854775807, 0, 9223372036839595807
8, 277, 0, 9223372036854775807, 0, 9223372036839540807
8, 278, 0, 9223372036854775807, 0, 9223372036839485807
8, 279, 0, 9223372036854775807, 0, 9223372036839430807
8, 28, 0, 9223372036854775807, 0, 9223372036853235807
8, 280, 0, 9223372036854775807, 0, 9223372036839375807
8, 281, 0, 9223372036854775807, 0, 9223372036839320807
8, 282, 0, 9223372036854775807, 0, 9223372036839265807
8, 283, 0, 9223372036854775807, 0, 9223372036839210807
8, 284, 0, 9223372036854775807, 0, 9223372036839155807
8, 285, 0, 9223372036854775807, 0, 9223372036839100807
8, 286, 0, 9223372036854775807, 0, 9223372036839045807
8, 287, 0, 9223372036854775807, 0, 9223372036838990807
8, 288, 0, 9223372036854775807, 0, 9223372036838935807
8, 289, 0, 9223372036854775807, 0, 9223372036838880807
8, 29, 0, 9223372036854775807, 0, 9223372036853180807
8, 290, 0, 9223372036854775807, 0, 9223372036838825807
8, 291, 0, 9223372036854775807, 0, 9223372036838770807
8, 292, 0, 9223372036854775807, 0, 9223372036838715807
8, 293, 0, 9223372036854775807, 0, 9223372036838660807
8, 294, 0, 9223372036854775807, 0, 9223372036838605807
8, 295, 0, 9223372036854775807, 0, 9223372036838550807
8, 296, 0, 9223372036854775807, 0, 9223372036838495807
8, 297, 0, 9223372036854775807, 0, 9223372036838440807
8, 298, 0, 9223372036854775807, 0, 9223372036838385807
8, 299, 0, 9223372036854775807, 0, 9223372036838330807
8, 3, 0, 9223372036854775807, 0, 9223372036854610807
8, 30, 0, 9223372036854775807, 0, 9223372036853125807
8, 300, 0, 9223372036854775807, 0, 9223372036838275807
8, 301, 0, 9223372036854775807, 0, 9223372036838220807
8, 302, 0, 9223372036854775807, 0, 9223372036838165807
8, 303, 0, 9223372036854775807, 0, 9223372036838110807
8, 304, 0, 9223372036854775807, 0, 9223372036838055807
8, 305, 0, 9223372036854775807, 0, 9223372036838000807
8, 306, 0, 9223372036854775807, 0, 9223372036837945807
8, 307, 0, 9223372036854775807, 0, 9223372036837890807
8, 308, 0, 9223372036854775807, 0, 9223372036837835807
8, 309, 0, 9223372036854775807, 0, 9223372036837780807
8, 31, 0, 9223372036854775807, 0, 9223372036853070807
8, 310, 0, 9223372036854775807, 0, 9223372036837725807
8, 311, 0, 9223372036854775807, 0, 9223372036837670807
8, 312, 0, 9223372036854775807, 0, 9223372036837615807
8, 313, 0, 9223372036854775807, 0, 9223372036837560807
8, 314, 0, 9223372036854775807, 0, 9223372036837505807
8, 315, 0, 9223372036854775807, 0, 9223372036837450807
8, 316, 0, 9223372036854775807, 0, 9223372036837395807
8, 317, 0, 9223372036854775807, 0, 9223372036837340807
8, 318, 0, 9223372036854775807, 0, 9223372036837285807
8, 319, 0, 9223372036854775807, 0, 9223372036837230807
8, 32, 0, 9223372036854775807, 0, 9223372036853015807
8, 320, 0, 9223372036854775807, 0, 9223372036837175807
8, 321, 0, 9223372036854775807, 0, 9223372036837120807
8, 322, 0, 9223372036854775807, 0, 9223372036837065807
8, 323, 0, 9223372036854775807, 0, 9223372036837010807
8, 324, 0, 9223372036854775807, 0, 9223372036836955807
8, 325, 0, 9223372036854775807, 0, 9223372036836900807
8, 326, 0, 9223372036854775807, 0, 9223372036836845807
8, 327, 0, 9223372036854775807, 0, 9223372036836790807
8, 328, 0, 9223372036854775807, 0, 9223372036836735807
8, 329, 0, 9223372036854775807, 0, 9223372036836680807
8, 33, 0, 9223372036854775807, 0, 9223372036852960807
8, 330, 0, 9223372036854775807, 0, 9223372036836625807
8, 331, 0, 9223372036854775807, 0, 9223372036836570807
8, 332, 0, 9223372036854775807, 0, 9223372036836515807
8, 333, 0, 9223372036854775807, 0, 9223372036836460807
8, 334, 0, 9223372036854775807, 0, 9223372036836405807
8, 335, 0, 9223372036854775807, 0, 9223372036836350807
8, 336, 0, 9223372036854775807, 0, 9223372036836295807
8, 337, 0, 9223372036854775807, 0, 9223372036836240807
8, 338, 0, 9223372036854775807, 0, 9223372036836185807
8, 339, 0, 9223372036854775807, 0, 9223372036836130807
8, 34, 0, 9223372036854775807, 0, 9223372036852905807
8, 340, 0, 9223372036854775807, 0, 9223372036836075807
8, 341, 0, 9223372036854775807, 0, 9223372036836020807
8, 342, 0, 9223372036854775807, 0, 9223372036835965807
8, 343, 0, 9223372036854775807, 0, 9223372036835910807
8, 344, 0, 9223372036854775807, 0, 9223372036835855807
8, 345, 0, 9223372036854775807, 0, 9223372036835800807
8, 346, 0, 9223372036854775807, 0, 9223372036835745807
8, 347, 0, 9223372036854775807, 0, 9223372036835690807
8, 348, 0, 9223372036854775807, 0, 9223372036835635807
8, 349, 0, 9223372036854775807, 0, 9223372036835580807
8, 35, 0, 9223372036854775807, 0, 9223372036852850807
8, 350, 0, 9223372036854775807, 0, 9223372036835525807
8, 351, 0, 9223372036854775807, 0, 9223372036835470807
8, 352, 0, 9223372036854775807, 0, 9223372036835415807
8, 353, 0, 9223372036854775807, 0, 9223372036835360807
8, 354, 0, 9223372036854775807, 0, 9223372036835305807
8, 355, 0, 9223372036854775807, 0, 9223372036835250807
8, 356, 0, 9223372036854775807, 0, 9223372036835195807
8, 357, 0, 9223372036854775807, 0, 9223372036835140807
8, 358, 0, 9223372036854775807, 0, 9223372036835085807
8, 359, 0, 9223372036854775807, 0, 9223372036835030807
8, 36, 0, 9223372036854775807, 0, 9223372036852795807
8, 360, 0, 9223372036854775807, 0, 9223372036834975807
8, 361, 0, 9223372036854775807, 0, 9223372036834920807
8, 362, 0, 9223372036854775807, 0, 9223372036834865807
8, 363, 0, 9223372036854775807, 0, 9223372036834810807
8, 364, 0, 9223372036854775807, 0, 9223372036834755807
8, 365, 0, 9223372036854775807, 0, 9223372036834700807
8, 366, 0, 9223372036854775807, 0, 9223372036834645807
8, 367, 0, 9223372036854775807, 0, 9223372036834590807
8, 368, 0, 9223372036854775807, 0, 9223372036834535807
8, 369, 0, 9223372036854775807, 0, 9223372036834480807
8, 37, 0, 9223372036854775807, 0, 9223372036852740807
8, 370, 0, 9223372036854775807, 0, 9223372036834425807
8, 371, 0, 9223372036854775807, 0, 9223372036834370807
8, 372, 0, 9223372036854775807, 0, 9223372036834315807
8, 373, 0, 9223372036854775807, 0, 9223372036834260807
8, 374, 0, 9223372036854775807, 0, 9223372036834205807
8, 375, 0, 9223372036854775807, 0, 9223372036834150807
8, 376, 0, 9223372036854775807, 0, 9223372036834095807
8, 377, 0, 9223372036854775807, 0, 9223372036834040807
8, 378, 0, 9223372036854775807, 0, 9223372036833985807
8, 379, 0, 9223372036854775807, 0, 9223372036833930807
8, 38, 0, 9223372036854775807, 0, 9223372036852685807
8, 380, 0, 9223372036854775807, 0, 9223372036833875807
8, 381, 0, 9223372036854775807, 0, 9223372036833820807
8, 382, 0, 9223372036854775807, 0, 9223372036833765807
8, 383, 0, 9223372036854775807, 0, 9223372036833710807
8, 384, 0, 9223372036854775807, 0, 9223372036833655807
8, 385, 0, 9223372036854775807, 0, 9223372036833600807
8, 386, 0, 9223372036854775807, 0, 9223372036833545807
8, 387, 0, 9223372036854775807, 0, 9223372036833490807
8, 388, 0, 9223372036854775807, 0, 9223372036833435807
8, 389, 0, 9223372036854775807, 0, 9223372036833380807
8, 39, 0, 9223372036854775807, 0, 9223372036852630807
8, 390, 0, 9223372036854775807, 0, 9223372036833325807
8, 391, 0, 9223372036854775807, 0, 9223372036833270807
8, 392, 0, 9223372036854775807, 0, 9223372036833215807
8, 393, 0, 9223372036854775807, 0, 9223372036833160807
8, 394, 0, 9223372036854775807, 0, 9223372036833105807
8, 395, 0, 9223372036854775807, 0, 9223372036833050807
8, 396, 0, 9223372036854775807, 0, 9223372036832995807
8, 397, 0, 9223372036854775807, 0, 9223372036832940807
8, 398, 0, 9223372036854775807, 0, 9223372036832885807
8, 399, 0, 9223372036854775807, 0, 9223372036832830807
8, 4, 0, 9223372036854775807, 0, 9223372036854555807
8, 40, 0, 9223372036854775807, 0, 9223372036852575807
8, 400, 0, 9223372036854775807, 0, 9223372036832775807
8, 401, 0, 9223372036854775807, 0, 9223372036832720807
8, 402, 0, 9223372036854775807, 0, 9223372036832665807
8, 403, 0, 9223372036854775807, 0, 9223372036832610807
8, 404, 0, 9223372036854775807, 0, 9223372036832555807
8, 405, 0, 9223372036854775807, 0, 9223372036832500807
8, 406, 0, 9223372036854775807, 0, 9223372036832445807
8, 407, 0, 9223372036854775807, 0, 9223372036832390807
8, 408, 0, 9223372036854775807, 0, 9223372036832335807
8, 409, 0, 9223372036854775807, 0, 9223372036832280807
8, 41, 0, 9223372036854775807, 0, 9223372036852520807
8, 410, 0, 9223372036854775807, 0, 9223372036832225807
8, 411, 0, 9223372036854775807, 0, 9223372036832170807
8, 412, 0, 9223372036854775807, 0, 9223372036832115807
8, 413, 0, 9223372036854775807, 0, 9223372036832060807
8, 414, 0, 9223372036854775807, 0, 9223372036832005807
8, 415, 0, 9223372036854775807, 0, 9223372036831950807
8, 416, 0, 9223372036854775807, 0, 9223372036831895807
8, 417, 0, 9223372036854775807, 0, 9223372036831840807
8, 418, 0, 9223372036854775807, 0, 9223372036831785807
8, 419, 0, 9223372036854775807, 0, 9223372036831730807
8, 42, 0, 9223372036854775807, 0, 9223372036852465807
8, 420, 0, 9223372036854775807, 0, 9223372036831675807
8, 421, 0, 9223372036854775807, 0, 9223372036831620807
8, 422, 0, 9223372036854775807, 0, 9223372036831565807
8, 423, 0, 9223372036854775807, 0, 9223372036831510807
8, 424, 0, 9223372036854775807, 0, 9223372036831455807
8, 425, 0, 9223372036854775807, 0, 9223372036831400807
8, 426, 0, 9223372036854775807, 0, 9223372036831345807
8, 427, 0, 9223372036854775807, 0, 9223372036831290807
8, 428, 0, 9223372036854775807, 0, 9223372036831235807
8, 429, 0, 9223372036854775807, 0, 9223372036831180807
8, 43, 0, 9223372036854775807, 0, 9223372036852410807
8, 430, 0, 9223372036854775807, 0, 9223372036831125807
8, 431, 0, 9223372036854775807, 0, 9223372036831070807
8, 432, 0, 9223372036854775807, 0, 9223372036831015807
8, 433, 0, 9223372036854775807, 0, 9223372036830960807
8, 434, 0, 9223372036854775807, 0, 9223372036830905807
8, 435, 0, 9223372036854775807, 0, 9223372036830850807
8, 436, 0, 9223372036854775807, 0, 9223372036830795807
8, 437, 0, 9223372036854775807, 0, 9223372036830740807
8, 438, 0, 9223372036854775807, 0, 9223372036830685807
8, 439, 0, 9223372036854775807, 0, 9223372036830630807
8, 44, 0, 9223372036854775807, 0, 9223372036852355807
8, 440, 0, 9223372036854775807, 0, 9223372036830575807
8, 441, 0, 9223372036854775807, 0, 9223372036830520807
8, 442, 0, 9223372036854775807, 0, 9223372036830465807
8, 443, 0, 9223372036854775807, 0, 9223372036830410807
8, 444, 0, 9223372036854775807, 0, 9223372036830355807
8, 445, 0, 9223372036854775807, 0, 9223372036830300807
8, 446, 0, 9223372036854775807, 0, 9223372036830245807
8, 447, 0, 9223372036854775807, 0, 9223372036830190807
8, 448, 0, 9223372036854775807, 0, 9223372036830135807
8, 449, 0, 9223372036854775807, 0, 9223372036830080807
8, 45, 0, 9223372036854775807, 0, 9223372036852300807
8, 450, 0, 9223372036854775807, 0, 9223372036830025807
8, 451, 0, 9223372036854775807, 0, 9223372036829970807
8, 452, 0, 9223372036854775807, 0, 9223372036829915807
8, 453, 0, 9223372036854775807, 0, 9223372036829860807
8, 454, 0, 9223372036854775807, 0, 9223372036829805807
8, 455, 0, 9223372036854775807, 0, 9223372036829750807
8, 456, 0, 9223372036854775807, 0, 9223372036829695807
8, 457, 0, 9223372036854775807, 0, 9223372036829640807
8, 458, 0, 9223372036854775807, 0, 9223372036829585807
8, 459, 0, 9223372036854775807, 0, 9223372036829530807
8, 46, 0, 9223372036854775807, 0, 9223372036852245807
8, 460, 0, 9223372036854775807, 0, 9223372036829475807
8, 461, 0, 9223372036854775807, 0, 9223372036829420807
8, 462, 0, 9223372036854775807, 0, 9223372036829365807
8, 463, 0, 9223372036854775807, 0, 9223372036829310807
8, 464, 0, 9223372036854775807, 0, 9223372036829255807
8, 465, 0, 9223372036854775807, 0, 9223372036829200807
8, 466, 0, 9223372036854775807, 0, 9223372036829145807
8, 467, 0, 9223372036854775807, 0, 9223372036829090807
8, 468, 0, 9223372036854775807, 0, 9223372036829035807
8, 469, 0, 9223372036854775807, 0, 9223372036828980807
8, 47, 0, 9223372036854775807, 0, 9223372036852190807
8, 470, 0, 9223372036854775807, 0, 9223372036828925807
8, 471, 0, 9223372036854775807, 0, 9223372036828870807
8, 472, 0, 9223372036854775807, 0, 9223372036828815807
8, 473, 0, 9223372036854775807, 0, 9223372036828760807
8, 474, 0, 9223372036854775807, 0, 9223372036828705807
8, 475, 0, 9223372036854775807, 0, 9223372036828650807
8, 476, 0, 9223372036854775807, 0, 9223372036828595807
8, 477, 0, 9223372036854775807, 0, 9223372036828540807
8, 478, 0, 9223372036854775807, 0, 9223372036828485807
8, 479, 0, 9223372036854775807, 0, 9223372036828430807
8, 48, 0, 9223372036854775807, 0, 9223372036852135807
8, 480, 0, 9223372036854775807, 0, 9223372036828375807
8, 481, 0, 9223372036854775807, 0, 9223372036828320807
8, 482, 0, 9223372036854775807, 0, 9223372036828265807
8, 483, 0, 9223372036854775807, 0, 9223372036828210807
8, 484, 0, 9223372036854775807, 0, 9223372036828155807
8, 485, 0, 9223372036854775807, 0, 9223372036828100807
8, 486, 0, 9223372036854775807, 0, 9223372036828045807
8, 487, 0, 9223372036854775807, 0, 9223372036827990807
8, 488, 0, 9223372036854775807, 0, 9223372036827935807
8, 489, 0, 9223372036854775807, 0, 9223372036827880807
8, 49, 0, 9223372036854775807, 0, 9223372036852080807
8, 490, 0, 9223372036854775807, 0, 9223372036827825807
8, 491, 0, 9223372036854775807, 0, 9223372036827770807
8, 492, 0, 9223372036854775807, 0, 9223372036827715807
8, 493, 0, 9223372036854775807, 0, 9223372036827660807
8, 494, 0, 9223372036854775807, 0, 9223372036827605807
8, 495, 0, 9223372036854775807, 0, 9223372036827550807
8, 496, 0, 9223372036854775807, 0, 9223372036827495807
8, 497, 0, 9223372036854775807, 0, 9223372036827440807
8, 498, 0, 9223372036854775807, 0, 9223372036827385807
8, 499, 0, 9223372036854775807, 0, 9223372036827330807
8, 5, 0, 9223372036854775807, 0, 9223372036854500807
8, 50, 0, 9223372036854775807, 0, 9223372036852025807
8, 500, 0, 9223372036854775807, 0, 9223372036827275807
8, 501, 0, 9223372036854775807, 0, 9223372036827220807
8, 502, 0, 9223372036854775807, 0, 9223372036827165807
8, 503, 0, 9223372036854775807, 0, 9223372036827110807
8, 504, 0, 9223372036854775807, 0, 9223372036827055807
8, 505, 0, 9223372036854775807, 0, 9223372036827000807
8, 506, 0, 9223372036854775807, 0, 9223372036826945807
8, 507, 0, 9223372036854775807, 0, 9223372036826890807
8, 508, 0, 9223372036854775807, 0, 9223372036826835807
8, 509, 0, 9223372036854775807, 0, 9223372036826780807
8, 51, 0, 9223372036854775807, 0, 9223372036851970807
8, 510, 0, 9223372036854775807, 0, 9223372036826725807
8, 511, 0, 9223372036854775807, 0, 9223372036826670807
8, 512, 0, 9223372036854775807, 0, 9223372036826615807
8, 513, 0, 9223372036854775807, 0, 9223372036826560807
8, 514, 0, 9223372036854775807, 0, 9223372036826505807
8, 515, 0, 9223372036854775807, 0, 9223372036826450807
8, 516, 0, 9223372036854775807, 0, 9223372036826395807
8, 517, 0, 9223372036854775807, 0, 9223372036826340807
8, 518, 0, 9223372036854775807, 0, 9223372036826285807
8, 519, 0, 9223372036854775807, 0, 9223372036826230807
8, 52, 0, 9223372036854775807, 0, 9223372036851915807
8, 520, 0, 9223372036854775807, 0, 9223372036826175807
8, 521, 0, 9223372036854775807, 0, 9223372036826120807
8, 522, 0, 9223372036854775807, 0, 9223372036826065807
8, 523, 0, 9223372036854775807, 0, 9223372036826010807
8, 524, 0, 9223372036854775807, 0, 9223372036825955807
8, 525, 0, 9223372036854775807, 0, 9223372036825900807
8, 526, 0, 9223372036854775807, 0, 9223372036825845807
8, 527, 0, 9223372036854775807, 0, 9223372036825790807
8, 528, 0, 9223372036854775807, 0, 9223372036825735807
8, 529, 0, 9223372036854775807, 0, 9223372036825680807
8, 53, 0, 9223372036854775807, 0, 9223372036851860807
8, 530, 0, 9223372036854775807, 0, 9223372036825625807
8, 531, 0, 9223372036854775807, 0, 9223372036825570807
8, 532, 0, 9223372036854775807, 0, 9223372036825515807
8, 533, 0, 9223372036854775807, 0, 9223372036825460807
8, 534, 0, 9223372036854775807, 0, 9223372036825405807
8, 535, 0, 9223372036854775807, 0, 9223372036825350807
8, 536, 0, 9223372036854775807, 0, 9223372036825295807
8, 537, 0, 9223372036854775807, 0, 9223372036825240807
8, 538, 0, 9223372036854775807, 0, 9223372036825185807
8, 539, 0, 9223372036854775807, 0, 9223372036825130807
8, 54, 0, 9223372036854775807, 0, 9223372036851805807
8, 540, 0, 9223372036854775807, 0, 9223372036825075807
8, 541, 0, 9223372036854775807, 0, 9223372036825020807
8, 542, 0, 9223372036854775807, 0, 9223372036824965807
8, 543, 0, 9223372036854775807, 0, 9223372036824910807
8, 544, 0, 9223372036854775807, 0, 9223372036824855807
8, 545, 0, 9223372036854775807, 0, 9223372036824800807
8, 546, 0, 9223372036854775807, 0, 9223372036824745807
8, 547, 0, 9223372036854775807, 0, 9223372036824690807
8, 548, 0, 9223372036854775807, 0, 9223372036824635807
8, 549, 0, 9223372036854775807, 0, 9223372036824580807
8, 55, 0, 9223372036854775807, 0, 9223372036851750807
8, 550, 0, 9223372036854775807, 0, 9223372036824525807
8, 551, 0, 9223372036854775807, 0, 9223372036824470807
8, 552, 0, 9223372036854775807, 0, 9223372036824415807
8, 553, 0, 9223372036854775807, 0, 9223372036824360807
8, 554, 0, 9223372036854775807, 0, 9223372036824305807
8, 555, 0, 9223372036854775807, 0, 9223372036824250807
8, 556, 0, 9223372036854775807, 0, 9223372036824195807
8, 557, 0, 9223372036854775807, 0, 9223372036824140807
8, 558, 0, 9223372036854775807, 0, 9223372036824085807
8, 559, 0, 9223372036854775807, 0, 9223372036824030807
8, 56, 0, 9223372036854775807, 0, 9223372036851695807
8, 560, 0, 9223372036854775807, 0, 9223372036823975807
8, 561, 0, 9223372036854775807, 0, 9223372036823920807
8, 562, 0, 9223372036854775807, 0, 9223372036823865807
8, 563, 0, 9223372036854775807, 0, 9223372036823810807
8, 564, 0, 9223372036854775807, 0, 9223372036823755807
8, 565, 0, 9223372036854775807, 0, 9223372036823700807
8, 566, 0, 9223372036854775807, 0, 9223372036823645807
8, 567, 0, 9223372036854775807, 0, 9223372036823590807
8, 568, 0, 9223372036854775807, 0, 9223372036823535807
8, 569, 0, 9223372036854775807, 0, 9223372036823480807
8, 57, 0, 9223372036854775807, 0, 9223372036851640807
8, 570, 0, 9223372036854775807, 0, 9223372036823425807
8, 571, 0, 9223372036854775807, 0, 9223372036823370807
8, 572, 0, 9223372036854775807, 0, 9223372036823315807
8, 573, 0, 9223372036854775807, 0, 9223372036823260807
8, 574, 0, 9223372036854775807, 0, 9223372036823205807
8, 575, 0, 9223372036854775807, 0, 9223372036823150807
8, 576, 0, 9223372036854775807, 0, 9223372036823095807
8, 577, 0, 9223372036854775807, 0, 9223372036823040807
8, 578, 0, 9223372036854775807, 0, 9223372036822985807
8, 579, 0, 9223372036854775807, 0, 9223372036822930807
8, 58, 0, 9223372036854775807, 0, 9223372036851585807
8, 580, 0, 9223372036854775807, 0, 9223372036822875807
8, 581, 0, 9223372036854775807, 0, 9223372036822820807
8, 582, 0, 9223372036854775807, 0, 9223372036822765807
8, 583, 0, 9223372036854775807, 0, 9223372036822710807
8, 584, 0, 9223372036854775807, 0, 9223372036822655807
8, 585, 0, 9223372036854775807, 0, 9223372036822600807
8, 586, 0, 9223372036854775807, 0, 9223372036822545807
8, 587, 0, 9223372036854775807, 0, 9223372036822490807
8, 588, 0, 9223372036854775807, 0, 9223372036822435807
8, 589, 0, 9223372036854775807, 0, 9223372036822380807
8, 59, 0, 9223372036854775807, 0, 9223372036851530807
8, 590, 0, 9223372036854775807, 0, 9223372036822325807
8, 591, 0, 9223372036854775807, 0, 9223372036822270807
8, 592, 0, 9223372036854775807, 0, 9223372036822215807
8, 593, 0, 9223372036854775807, 0, 9223372036822160807
8, 594, 0, 9223372036854775807, 0, 9223372036822105807
8, 595, 0, 9223372036854775807, 0, 9223372036822050807
8, 596, 0, 9223372036854775807, 0, 9223372036821995807
8, 597, 0, 9223372036854775807, 0, 9223372036821940807
8, 598, 0, 9223372036854775807, 0, 9223372036821885807
8, 599, 0, 9223372036854775807, 0, 9223372036821830807
8, 6, 0, 9223372036854775807, 0, 9223372036854445807
8, 60, 0, 9223372036854775807, 0, 9223372036851475807
8, 600, 0, 9223372036854775807, 0, 9223372036821775807
8, 601, 0, 9223372036854775807, 0, 9223372036821720807
8, 602, 0, 9223372036854775807, 0, 9223372036821665807
8, 603, 0, 9223372036854775807, 0, 9223372036821610807
8, 604, 0, 9223372036854775807, 0, 9223372036821555807
8, 605, 0, 9223372036854775807, 0, 9223372036821500807
8, 606, 0, 9223372036854775807, 0, 9223372036821445807
8, 607, 0, 9223372036854775807, 0, 9223372036821390807
8, 608, 0, 9223372036854775807, 0, 9223372036821335807
8, 609, 0, 9223372036854775807, 0, 9223372036821280807
8, 61, 0, 9223372036854775807, 0, 9223372036851420807
8, 610, 0, 9223372036854775807, 0, 9223372036821225807
8, 611, 0, 9223372036854775807, 0, 9223372036821170807
8, 612, 0, 9223372036854775807, 0, 9223372036821115807
8, 613, 0, 9223372036854775807, 0, 9223372036821060807
8, 614, 0, 9223372036854775807, 0, 9223372036821005807
8, 615, 0, 9223372036854775807, 0, 9223372036820950807
8, 616, 0, 9223372036854775807, 0, 9223372036820895807
8, 617, 0, 9223372036854775807, 0, 9223372036820840807
8, 618, 0, 9223372036854775807, 0, 9223372036820785807
8, 619, 0, 9223372036854775807, 0, 9223372036820730807
8, 62, 0, 9223372036854775807, 0, 9223372036851365807
8, 620, 0, 9223372036854775807, 0, 9223372036820675807
8, 621, 0, 9223372036854775807, 0, 9223372036820620807
8, 622, 0, 9223372036854775807, 0, 9223372036820565807
8, 623, 0, 9223372036854775807, 0, 9223372036820510807
8, 624, 0, 9223372036854775807, 0, 9223372036820455807
8, 625, 0, 9223372036854775807, 0, 9223372036820400807
8, 626, 0, 9223372036854775807, 0, 9223372036820345807
8, 627, 0, 9223372036854775807, 0, 9223372036820290807
8, 628, 0, 9223372036854775807, 0, 9223372036820235807
8, 629, 0, 9223372036854775807, 0, 9223372036820180807
8, 63, 0, 9223372036854775807, 0, 9223372036851310807
8, 630, 0, 9223372036854775807, 0, 9223372036820125807
8, 631, 0, 9223372036854775807, 0, 9223372036820070807
8, 632, 0, 9223372036854775807, 0, 9223372036820015807
8, 633, 0, 9223372036854775807, 0, 9223372036819960807
8, 634, 0, 9223372036854775807, 0, 9223372036819905807
8, 635, 0, 9223372036854775807, 0, 9223372036819850807
8, 636, 0, 9223372036854775807, 0, 9223372036819795807
8, 637, 0, 9223372036854775807, 0, 9223372036819740807
8, 638, 0, 9223372036854775807, 0, 9223372036819685807
8, 639, 0, 9223372036854775807, 0, 9223372036819630807
8, 64, 0, 9223372036854775807, 0, 9223372036851255807
8, 640, 0, 9223372036854775807, 0, 9223372036819575807
8, 641, 0, 9223372036854775807, 0, 9223372036819520807
8, 642, 0, 9223372036854775807, 0, 9223372036819465807
8, 643, 0, 9223372036854775807, 0, 9223372036819410807
8, 644, 0, 9223372036854775807, 0, 9223372036819355807
8, 645, 0, 9223372036854775807, 0, 9223372036819300807
8, 646, 0, 9223372036854775807, 0, 9223372036819245807
8, 647, 0, 9223372036854775807, 0, 9223372036819190807
8, 648, 0, 9223372036854775807, 0, 9223372036819135807
8, 649, 0, 9223372036854775807, 0, 9223372036819080807
8, 65, 0, 9223372036854775807, 0, 9223372036851200807
8, 650, 0, 9223372036854775807, 0, 9223372036819025807
8, 651, 0, 9223372036854775807, 0, 9223372036818970807
8, 652, 0, 9223372036854775807, 0, 9223372036818915807
8, 653, 0, 9223372036854775807, 0, 9223372036818860807
8, 654, 0, 9223372036854775807, 0, 9223372036818805807
8, 655, 0, 9223372036854775807, 0, 9223372036818750807
8, 656, 0, 9223372036854775807, 0, 9223372036818695807
8, 657, 0, 9223372036854775807, 0, 9223372036818640807
8, 658, 0, 9223372036854775807, 0, 9223372036818585807
8, 659, 0, 9223372036854775807, 0, 9223372036818530807
8, 66, 0, 9223372036854775807, 0, 9223372036851145807
8, 660, 0, 9223372036854775807, 0, 9223372036818475807
8, 661, 0, 9223372036854775807, 0, 9223372036818420807
8, 662, 0, 9223372036854775807, 0, 9223372036818365807
8, 663, 0, 9223372036854775807, 0, 9223372036818310807
8, 664, 0, 9223372036854775807, 0, 9223372036818255807
8, 665, 0, 9223372036854775807, 0, 9223372036818200807
8, 666, 0, 9223372036854775807, 0, 9223372036818145807
8, 667, 0, 9223372036854775807, 0, 9223372036818090807
8, 668, 0, 9223372036854775807, 0, 9223372036818035807
8, 669, 0, 9223372036854775807, 0, 9223372036817980807
8, 67, 0, 9223372036854775807, 0, 9223372036851090807
8, 670, 0, 9223372036854775807, 0, 9223372036817925807
8, 671, 0, 9223372036854775807, 0, 9223372036817870807
8, 672, 0, 9223372036854775807, 0, 9223372036817815807
8, 673, 0, 9223372036854775807, 0, 9223372036817760807
8, 674, 0, 9223372036854775807, 0, 9223372036817705807
8, 675, 0, 9223372036854775807, 0, 9223372036817650807
8, 676, 0, 9223372036854775807, 0, 9223372036817595807
8, 677, 0, 9223372036854775807, 0, 9223372036817540807
8, 678, 0, 9223372036854775807, 0, 9223372036817485807
8, 679, 0, 9223372036854775807, 0, 9223372036817430807
8, 68, 0, 9223372036854775807, 0, 9223372036851035807
8, 680, 0, 9223372036854775807, 0, 9223372036817375807
8, 681, 0, 9223372036854775807, 0, 9223372036817320807
8, 682, 0, 9223372036854775807, 0, 9223372036817265807
8, 683, 0, 9223372036854775807, 0, 9223372036817210807
8, 684, 0, 9223372036854775807, 0, 9223372036817155807
8, 685, 0, 9223372036854775807, 0, 9223372036817100807
8, 686, 0, 9223372036854775807, 0, 9223372036817045807
8, 687, 0, 9223372036854775807, 0, 9223372036816990807
8, 688, 0, 9223372036854775807, 0, 9223372036816935807
8, 689, 0, 9223372036854775807, 0, 9223372036816880807
8, 69, 0, 9223372036854775807, 0, 9223372036850980807
8, 690, 0, 9223372036854775807, 0, 9223372036816825807
8, 691, 0, 9223372036854775807, 0, 9223372036816770807
8, 692, 0, 9223372036854775807, 0, 9223372036816715807
8, 693, 0, 9223372036854775807, 0, 9223372036816660807
8, 694, 0, 9223372036854775807, 0, 9223372036816605807
8, 695, 0, 9223372036854775807, 0, 9223372036816550807
8, 696, 0, 9223372036854775807, 0, 9223372036816495807
8, 697, 0, 9223372036854775807, 0, 9223372036816440807
8, 698, 0, 9223372036854775807, 0, 9223372036816385807
8, 699, 0, 9223372036854775807, 0, 9223372036816330807
8, 7, 0, 9223372036854775807, 0, 9223372036854390807
8, 70, 0, 9223372036854775807, 0, 9223372036850925807
8, 700, 0, 9223372036854775807, 0, 9223372036816275807
8, 701, 0, 9223372036854775807, 0, 9223372036816220807
8, 702, 0, 9223372036854775807, 0, 9223372036816165807
8, 703, 0, 9223372036854775807, 0, 9223372036816110807
8, 704, 0, 9223372036854775807, 0, 9223372036816055807
8, 705, 0, 9223372036854775807, 0, 9223372036816000807
8, 706, 0, 9223372036854775807, 0, 9223372036815945807
8, 707, 0, 9223372036854775807, 0, 9223372036815890807
8, 708, 0, 9223372036854775807, 0, 9223372036815835807
8, 709, 0, 9223372036854775807, 0, 9223372036815780807
8, 71, 0, 9223372036854775807, 0, 9223372036850870807
8, 710, 0, 9223372036854775807, 0, 9223372036815725807
8, 711, 0, 9223372036854775807, 0, 9223372036815670807
8, 712, 0, 9223372036854775807, 0, 9223372036815615807
8, 713, 0, 9223372036854775807, 0, 9223372036815560807
8, 714, 0, 9223372036854775807, 0, 9223372036815505807
8, 715, 0, 9223372036854775807, 0, 9223372036815450807
8, 716, 0, 9223372036854775807, 0, 9223372036815395807
8, 717, 0, 9223372036854775807, 0, 9223372036815340807
8, 718, 0, 9223372036854775807, 0, 9223372036815285807
8, 719, 0, 9223372036854775807, 0, 9223372036815230807
8, 72, 0, 9223372036854775807, 0, 9223372036850815807
8, 720, 0, 9223372036854775807, 0, 9223372036815175807
8, 721, 0, 9223372036854775807, 0, 9223372036815120807
8, 722, 0, 9223372036854775807, 0, 9223372036815065807
8, 723, 0, 9223372036854775807, 0, 9223372036815010807
8, 724, 0, 9223372036854775807, 0, 9223372036814955807
8, 725, 0, 9223372036854775807, 0, 9223372036814900807
8, 726, 0, 9223372036854775807, 0, 9223372036814845807
8, 727, 0, 9223372036854775807, 0, 9223372036814790807
8, 728, 0, 9223372036854775807, 0, 9223372036814735807
8, 729, 0, 9223372036854775807, 0, 9223372036814680807
8, 73, 0, 9223372036854775807, 0, 9223372036850760807
8, 730, 0, 9223372036854775807, 0, 9223372036814625807
8, 731, 0, 9223372036854775807, 0, 9223372036814570807
8, 732, 0, 9223372036854775807, 0, 9223372036814515807
8, 733, 0, 9223372036854775807, 0, 9223372036814460807
8, 734, 0, 9223372036854775807, 0, 9223372036814405807
8, 735, 0, 9223372036854775807, 0, 9223372036814350807
8, 736, 0, 9223372036854775807, 0, 9223372036814295807
8, 737, 0, 9223372036854775807, 0, 9223372036814240807
8, 738, 0, 9223372036854775807, 0, 9223372036814185807
8, 739, 0, 9223372036854775807, 0, 9223372036814130807
8, 74, 0, 9223372036854775807, 0, 9223372036850705807
8, 740, 0, 9223372036854775807, 0, 9223372036814075807
8, 741, 0, 9223372036854775807, 0, 9223372036814020807
8, 742, 0, 9223372036854775807, 0, 9223372036813965807
8, 743, 0, 9223372036854775807, 0, 9223372036813910807
8, 744, 0, 9223372036854775807, 0, 9223372036813855807
8, 745, 0, 9223372036854775807, 0, 9223372036813800807
8, 746, 0, 9223372036854775807, 0, 9223372036813745807
8, 747, 0, 9223372036854775807, 0, 9223372036813690807
8, 748, 0, 9223372036854775807, 0, 9223372036813635807
8, 749, 0, 9223372036854775807, 0, 9223372036813580807
8, 75, 0, 9223372036854775807, 0, 9223372036850650807
8, 750, 0, 9223372036854775807, 0, 9223372036813525807
8, 751, 0, 9223372036854775807, 0, 9223372036813470807
8, 752, 0, 9223372036854775807, 0, 9223372036813415807
8, 753, 0, 9223372036854775807, 0, 9223372036813360807
8, 754, 0, 9223372036854775807, 0, 9223372036813305807
8, 755, 0, 9223372036854775807, 0, 9223372036813250807
8, 756, 0, 9223372036854775807, 0, 9223372036813195807
8, 757, 0, 9223372036854775807, 0, 9223372036813140807
8, 758, 0, 9223372036854775807, 0, 9223372036813085807
8, 759, 0, 9223372036854775807, 0, 9223372036813030807
8, 76, 0, 9223372036854775807, 0, 9223372036850595807
8, 760, 0, 9223372036854775807, 0, 9223372036812975807
8, 761, 0, 9223372036854775807, 0, 9223372036812920807
8, 762, 0, 9223372036854775807, 0, 9223372036812865807
8, 763, 0, 9223372036854775807, 0, 9223372036812810807
8, 764, 0, 9223372036854775807, 0, 9223372036812755807
8, 765, 0, 9223372036854775807, 0, 9223372036812700807
8, 766, 0, 9223372036854775807, 0, 9223372036812645807
8, 767, 0, 9223372036854775807, 0, 9223372036812590807
8, 768, 0, 9223372036854775807, 0, 9223372036812535807
8, 769, 0, 9223372036854775807, 0, 9223372036812480807
8, 77, 0, 9223372036854775807, 0, 9223372036850540807
8, 770, 0, 9223372036854775807, 0, 9223372036812425807
8, 771, 0, 9223372036854775807, 0, 9223372036812370807
8, 772, 0, 9223372036854775807, 0, 9223372036812315807
8, 773, 0, 9223372036854775807, 0, 9223372036812260807
8, 774, 0, 9223372036854775807, 0, 9223372036812205807
8, 775, 0, 9223372036854775807, 0, 9223372036812150807
8, 776, 0, 9223372036854775807, 0, 9223372036812095807
8, 777, 0, 9223372036854775807, 0, 9223372036812040807
8, 778, 0, 9223372036854775807, 0, 9223372036811985807
8, 779, 0, 9223372036854775807, 0, 9223372036811930807
8, 78, 0, 9223372036854775807, 0, 9223372036850485807
8, 780, 0, 9223372036854775807, 0, 9223372036811875807
8, 781, 0, 9223372036854775807, 0, 9223372036811820807
8, 782, 0, 9223372036854775807, 0, 9223372036811765807
8, 783, 0, 9223372036854775807, 0, 9223372036811710807
8, 784, 0, 9223372036854775807, 0, 9223372036811655807
8, 785, 0, 9223372036854775807, 0, 9223372036811600807
8, 786, 0, 9223372036854775807, 0, 9223372036811545807
8, 787, 0, 9223372036854775807, 0, 9223372036811490807
8, 788, 0, 9223372036854775807, 0, 9223372036811435807
8, 789, 0, 9223372036854775807, 0, 9223372036811380807
8, 79, 0, 9223372036854775807, 0, 9223372036850430807
8, 790, 0, 9223372036854775807, 0, 9223372036811325807
8, 791, 0, 9223372036854775807, 0, 9223372036811270807
8, 792, 0, 9223372036854775807, 0, 9223372036811215807
8, 793, 0, 9223372036854775807, 0, 9223372036811160807
8, 794, 0, 9223372036854775807, 0, 9223372036811105807
8, 795, 0, 9223372036854775807, 0, 9223372036811050807
8, 796, 0, 9223372036854775807, 0, 9223372036810995807
8, 797, 0, 9223372036854775807, 0, 9223372036810940807
8, 798, 0, 9223372036854775807, 0, 9223372036810885807
8, 799, 0, 9223372036854775807, 0, 9223372036810830807
8, 8, 0, 9223372036854775807, 0, 9223372036854335807
8, 80, 0, 9223372036854775807, 0, 9223372036850375807
8, 800, 0, 9223372036854775807, 0, 9223372036810775807
8, 801, 0, 9223372036854775807, 0, 9223372036810720807
8, 802, 0, 9223372036854775807, 0, 9223372036810665807
8, 803, 0, 9223372036854775807, 0, 9223372036810610807
8, 804, 0, 9223372036854775807, 0, 9223372036810555807
8, 805, 0, 9223372036854775807, 0, 9223372036810500807
8, 806, 0, 9223372036854775807, 0, 9223372036810445807
8, 807, 0, 9223372036854775807, 0, 9223372036810390807
8, 808, 0, 9223372036854775807, 0, 9223372036810335807
8, 809, 0, 9223372036854775807, 0, 9223372036810280807
8, 81, 0, 9223372036854775807, 0, 9223372036850320807
8, 810, 0, 9223372036854775807, 0, 9223372036810225807
8, 811, 0, 9223372036854775807, 0, 9223372036810170807
8, 812, 0, 9223372036854775807, 0, 9223372036810115807
8, 813, 0, 9223372036854775807, 0, 9223372036810060807
8, 814, 0, 9223372036854775807, 0, 9223372036810005807
8, 815, 0, 9223372036854775807, 0, 9223372036809950807
8, 816, 0, 9223372036854775807, 0, 9223372036809895807
8, 817, 0, 9223372036854775807, 0, 9223372036809840807
8, 818, 0, 9223372036854775807, 0, 9223372036809785807
8, 819, 0, 9223372036854775807, 0, 9223372036809730807
8, 82, 0, 9223372036854775807, 0, 9223372036850265807
8, 820, 0, 9223372036854775807, 0, 9223372036809675807
8, 821, 0, 9223372036854775807, 0, 9223372036809620807
8, 822, 0, 9223372036854775807, 0, 9223372036809565807
8, 823, 0, 9223372036854775807, 0, 9223372036809510807
8, 824, 0, 9223372036854775807, 0, 9223372036809455807
8, 825, 0, 9223372036854775807, 0, 9223372036809400807
8, 826, 0, 9223372036854775807, 0, 9223372036809345807
8, 827, 0, 9223372036854775807, 0, 9223372036809290807
8, 828, 0, 9223372036854775807, 0, 9223372036809235807
8, 829, 0, 9223372036854775807, 0, 9223372036809180807
8, 83, 0, 9223372036854775807, 0, 9223372036850210807
8, 830, 0, 9223372036854775807, 0, 9223372036809125807
8, 831, 0, 9223372036854775807, 0, 9223372036809070807
8, 832, 0, 9223372036854775807, 0, 9223372036809015807
8, 833, 0, 9223372036854775807, 0, 9223372036808960807
8, 834, 0, 9223372036854775807, 0, 9223372036808905807
8, 835, 0, 9223372036854775807, 0, 9223372036808850807
8, 836, 0, 9223372036854775807, 0, 9223372036808795807
8, 837, 0, 9223372036854775807, 0, 9223372036808740807
8, 838, 0, 9223372036854775807, 0, 9223372036808685807
8, 839, 0, 9223372036854775807, 0, 9223372036808630807
8, 84, 0, 9223372036854775807, 0, 9223372036850155807
8, 840, 0, 9223372036854775807, 0, 9223372036808575807
8, 841, 0, 9223372036854775807, 0, 9223372036808520807
8, 842, 0, 9223372036854775807, 0, 9223372036808465807
8, 843, 0, 9223372036854775807, 0, 9223372036808410807
8, 844, 0, 9223372036854775807, 0, 9223372036808355807
8, 845, 0, 9223372036854775807, 0, 9223372036808300807
8, 846, 0, 9223372036854775807, 0, 9223372036808245807
8, 847, 0, 9223372036854775807, 0, 9223372036808190807
8, 848, 0, 9223372036854775807, 0, 9223372036808135807
8, 849, 0, 9223372036854775807, 0, 9223372036808080807
8, 85, 0, 9223372036854775807, 0, 9223372036850100807
8, 850, 0, 9223372036854775807, 0, 9223372036808025807
8, 851, 0, 9223372036854775807, 0, 9223372036807970807
8, 852, 0, 9223372036854775807, 0, 9223372036807915807
8, 853, 0, 9223372036854775807, 0, 9223372036807860807
8, 854, 0, 9223372036854775807, 0, 9223372036807805807
8, 855, 0, 9223372036854775807, 0, 9223372036807750807
8, 856, 0, 9223372036854775807, 0, 9223372036807695807
8, 857, 0, 9223372036854775807, 0, 9223372036807640807
8, 858, 0, 9223372036854775807, 0, 9223372036807585807
8, 859, 0, 9223372036854775807, 0, 9223372036807530807
8, 86, 0, 9223372036854775807, 0, 9223372036850045807
8, 860, 0, 9223372036854775807, 0, 9223372036807475807
8, 861, 0, 9223372036854775807, 0, 9223372036807420807
8, 862, 0, 9223372036854775807, 0, 9223372036807365807
8, 863, 0, 9223372036854775807, 0, 9223372036807310807
8, 864, 0, 9223372036854775807, 0, 9223372036807255807
8, 865, 0, 9223372036854775807, 0, 9223372036807200807
8, 866, 0, 9223372036854775807, 0, 9223372036807145807
8, 867, 0, 9223372036854775807, 0, 9223372036807090807
8, 868, 0, 9223372036854775807, 0, 9223372036807035807
8, 869, 0, 9223372036854775807, 0, 9223372036806980807
8, 87, 0, 9223372036854775807, 0, 9223372036849990807
8, 870, 0, 9223372036854775807, 0, 9223372036806925807
8, 871, 0, 9223372036854775807, 0, 9223372036806870807
8, 872, 0, 9223372036854775807, 0, 9223372036806815807
8, 873, 0, 9223372036854775807, 0, 9223372036806760807
8, 874, 0, 9223372036854775807, 0, 9223372036806705807
8, 875, 0, 9223372036854775807, 0, 9223372036806650807
8, 876, 0, 9223372036854775807, 0, 9223372036806595807
8, 877, 0, 9223372036854775807, 0, 9223372036806540807
8, 878, 0, 9223372036854775807, 0, 9223372036806485807
8, 879, 0, 9223372036854775807, 0, 9223372036806430807
8, 88, 0, 9223372036854775807, 0, 9223372036849935807
8, 880, 0, 9223372036854775807, 0, 9223372036806375807
8, 881, 0, 9223372036854775807, 0, 9223372036806320807
8, 882, 0, 9223372036854775807, 0, 9223372036806265807
8, 883, 0, 9223372036854775807, 0, 9223372036806210807
8, 884, 0, 9223372036854775807, 0, 9223372036806155807
8, 885, 0, 9223372036854775807, 0, 9223372036806100807
8, 886, 0, 9223372036854775807, 0, 9223372036806045807
8, 887, 0, 9223372036854775807, 0, 9223372036805990807
8, 888, 0, 9223372036854775807, 0, 9223372036805935807
8, 889, 0, 9223372036854775807, 0, 9223372036805880807
8, 89, 0, 9223372036854775807, 0, 9223372036849880807
8, 890, 0, 9223372036854775807, 0, 9223372036805825807
8, 891, 0, 9223372036854775807, 0, 9223372036805770807
8, 892, 0, 9223372036854775807, 0, 9223372036805715807
8, 893, 0, 9223372036854775807, 0, 9223372036805660807
8, 894, 0, 9223372036854775807, 0, 9223372036805605807
8, 895, 0, 9223372036854775807, 0, 9223372036805550807
8, 896, 0, 9223372036854775807, 0, 9223372036805495807
8, 897, 0, 9223372036854775807, 0, 9223372036805440807
8, 898, 0, 9223372036854775807, 0, 9223372036805385807
8, 899, 0, 9223372036854775807, 0, 9223372036805330807
8, 9, 0, 9223372036854775807, 0, 9223372036854280807
8, 90, 0, 9223372036854775807, 0, 9223372036849825807
8, 900, 0, 9223372036854775807, 0, 9223372036805275807
8, 901, 0, 9223372036854775807, 0, 9223372036805220807
8, 902, 0, 9223372036854775807, 0, 9223372036805165807
8, 903, 0, 9223372036854775807, 0, 9223372036805110807
8, 904, 0, 9223372036854775807, 0, 9223372036805055807
8, 905, 0, 9223372036854775807, 0, 9223372036805000807
8, 906, 0, 9223372036854775807, 0, 9223372036804945807
8, 907, 0, 9223372036854775807, 0, 9223372036804890807
8, 908, 0, 9223372036854775807, 0, 9223372036804835807
8, 909, 0, 9223372036854775807, 0, 9223372036804780807
8, 91, 0, 9223372036854775807, 0, 9223372036849770807
8, 910, 0, 9223372036854775807, 0, 9223372036804725807
8, 911, 0, 9223372036854775807, 0, 9223372036804670807
8, 912, 0, 9223372036854775807, 0, 9223372036804615807
8, 913, 0, 9223372036854775807, 0, 9223372036804560807
8, 914, 0, 9223372036854775807, 0, 9223372036804505807
8, 915, 0, 9223372036854775807, 0, 9223372036804450807
8, 916, 0, 9223372036854775807, 0, 9223372036804395807
8, 917, 0, 9223372036854775807, 0, 9223372036804340807
8, 918, 0, 9223372036854775807, 0, 9223372036804285807
8, 919, 0, 9223372036854775807, 0, 9223372036804230807
8, 92, 0, 9223372036854775807, 0, 9223372036849715807
8, 920, 0, 9223372036854775807, 0, 9223372036804175807
8, 921, 0, 9223372036854775807, 0, 9223372036804120807
8, 922, 0, 9223372036854775807, 0, 9223372036804065807
8, 923, 0, 9223372036854775807, 0, 9223372036804010807
8, 924, 0, 9223372036854775807, 0, 9223372036803955807
8, 925, 0, 9223372036854775807, 0, 9223372036803900807
8, 926, 0, 9223372036854775807, 0, 9223372036803845807
8, 927, 0, 9223372036854775807, 0, 9223372036803790807
8, 928, 0, 9223372036854775807, 0, 9223372036803735807
8, 929, 0, 9223372036854775807, 0, 9223372036803680807
8, 93, 0, 9223372036854775807, 0, 9223372036849660807
8, 930, 0, 9223372036854775807, 0, 9223372036803625807
8, 931, 0, 9223372036854775807, 0, 9223372036803570807
8, 932, 0, 9223372036854775807, 0, 9223372036803515807
8, 933, 0, 9223372036854775807, 0, 9223372036803460807
8, 934, 0, 9223372036854775807, 0, 9223372036803405807
8, 935, 0, 9223372036854775807, 0, 9223372036803350807
8, 936, 0, 9223372036854775807, 0, 9223372036803295807
8, 937, 0, 9223372036854775807, 0, 9223372036803240807
8, 938, 0, 9223372036854775807, 0, 9223372036803185807
8, 939, 0, 9223372036854775807, 0, 9223372036803130807
8, 94, 0, 9223372036854775807, 0, 9223372036849605807
8, 940, 0, 9223372036854775807, 0, 9223372036803075807
8, 941, 0, 9223372036854775807, 0, 9223372036803020807
8, 942, 0, 9223372036854775807, 0, 9223372036802965807
8, 943, 0, 9223372036854775807, 0, 9223372036802910807
8, 944, 0, 9223372036854775807, 0, 9223372036802855807
8, 945, 0, 9223372036854775807, 0, 9223372036802800807
8, 946, 0, 9223372036854775807, 0, 9223372036802745807
8, 947, 0, 9223372036854775807, 0, 9223372036802690807
8, 948, 0, 9223372036854775807, 0, 9223372036802635807
8, 949, 0, 9223372036854775807, 0, 9223372036802580807
8, 95, 0, 9223372036854775807, 0, 9223372036849550807
8, 950, 0, 9223372036854775807, 0, 9223372036802525807
8, 951, 0, 9223372036854775807, 0, 9223372036802470807
8, 952, 0, 9223372036854775807, 0, 9223372036802415807
8, 953, 0, 9223372036854775807, 0, 9223372036802360807
8, 954, 0, 9223372036854775807, 0, 9223372036802305807
8, 955, 0, 9223372036854775807, 0, 9223372036802250807
8, 956, 0, 9223372036854775807, 0, 9223372036802195807
8, 957, 0, 9223372036854775807, 0, 9223372036802140807
8, 958, 0, 9223372036854775807, 0, 9223372036802085807
8, 959, 0, 9223372036854775807, 0, 9223372036802030807
8, 96, 0, 9223372036854775807, 0, 9223372036849495807
8, 960, 0, 9223372036854775807, 0, 9223372036801975807
8, 961, 0, 9223372036854775807, 0, 9223372036801920807
8, 962, 0, 9223372036854775807, 0, 9223372036801865807
8, 963, 0, 9223372036854775807, 0, 9223372036801810807
8, 964, 0, 9223372036854775807, 0, 9223372036801755807
8, 965, 0, 9223372036854775807, 0, 9223372036801700807
8, 966, 0, 9223372036854775807, 0, 9223372036801645807
8, 967, 0, 9223372036854775807, 0, 9223372036801590807
8, 968, 0, 9223372036854775807, 0, 9223372036801535807
8, 969, 0, 9223372036854775807, 0, 9223372036801480807
8, 97, 0, 9223372036854775807, 0, 9223372036849440807
8, 970, 0, 9223372036854775807, 0, 9223372036801425807
8, 971, 0, 9223372036854775807, 0, 9223372036801370807
8, 972, 0, 9223372036854775807, 0, 9223372036801315807
8, 973, 0, 9223372036854775807, 0, 9223372036801260807
8, 974, 0, 9223372036854775807, 0, 9223372036801205807
8, 975, 0, 9223372036854775807, 0, 9223372036801150807
8, 976, 0, 9223372036854775807, 0, 9223372036801095807
8, 977, 0, 9223372036854775807, 0, 9223372036801040807
8, 978, 0, 9223372036854775807, 0, 9223372036800985807
8, 979, 0, 9223372036854775807, 0, 9223372036800930807
8, 98, 0, 9223372036854775807, 0, 9223372036849385807
8, 980, 0, 9223372036854775807, 0, 9223372036800875807
8, 981, 0, 9223372036854775807, 0, 9223372036800820807
8, 982, 0, 9223372036854775807, 0, 9223372036800765807
8, 983, 0, 9223372036854775807, 0, 9223372036800710807
8, 984, 0, 9223372036854775807, 0, 9223372036800655807
8, 985, 0, 9223372036854775807, 0, 9223372036800600807
8, 986, 0, 9223372036854775807, 0, 9223372036800545807
8, 987, 0, 9223372036854775807, 0, 9223372036800490807
8, 988, 0, 9223372036854775807, 0, 9223372036800435807
8, 989, 0, 9223372036854775807, 0, 9223372036800380807
8, 99, 0, 9223372036854775807, 0, 9223372036849330807
8, 990, 0, 9223372036854775807, 0, 9223372036800325807
8, 991, 0, 9223372036854775807, 0, 9223372036800270807
8, 992, 0, 9223372036854775807, 0, 9223372036800215807
8, 993, 0, 9223372036854775807, 0, 9223372036800160807
8, 994, 0, 9223372036854775807, 0, 9223372036800105807
8, 995, 0, 9223372036854775807, 0, 9223372036800050807
8, 996, 0, 9223372036854775807, 0, 9223372036799995807
8, 997, 0, 9223372036854775807, 0, 9223372036799940807
8, 998, 0, 9223372036854775807, 0, 9223372036799885807
8, 999, 0, 9223372036854775807, 0, 9223372036799830807
9, 0, 144, 25209, 144, 25209
9, 1, 0, 9223372036854775807, 0, 9223372036854690807
9, 10, 0, 9223372036854775807, 0, 9223372036853925807
9, 100, 0, 9223372036854775807, 0, 9223372036846275807
9, 1000, 0, 9223372036854775807, 0, 9223372036769775807
9, 1001, 0, 9223372036854775807, 0, 9223372036769690807
9, 1002, 0, 9223372036854775807, 0, 9223372036769605807
9, 1003, 0, 9223372036854775807, 0, 9223372036769520807
9, 1004, 0, 9223372036854775807, 0, 9223372036769435807
9, 1005, 0, 9223372036854775807, 0, 9223372036769350807
9, 1006, 0, 9223372036854775807, 0, 9223372036769265807
9, 1007, 0, 9223372036854775807, 0, 9223372036769180807
9, 1008, 0, 9223372036854775807, 0, 9223372036769095807
9, 1009, 0, 9223372036854775807, 0, 9223372036769010807
9, 101, 0, 9223372036854775807, 0, 9223372036846190807
9, 1010, 0, 9223372036854775807, 0, 9223372036768925807
9, 1011, 0, 9223372036854775807, 0, 9223372036768840807
9, 1012, 0, 9223372036854775807, 0, 9223372036768755807
9, 1013, 0, 9223372036854775807, 0, 9223372036768670807
9, 1014, 0, 9223372036854775807, 0, 9223372036768585807
9, 1015, 0, 9223372036854775807, 0, 9223372036768500807
9, 1016, 0, 9223372036854775807, 0, 9223372036768415807
9, 1017, 0, 9223372036854775807, 0, 9223372036768330807
9, 1018, 0, 9223372036854775807, 0, 9223372036768245807
9, 1019, 0, 9223372036854775807, 0, 9223372036768160807
9, 102, 0, 9223372036854775807, 0, 9223372036846105807
9, 1020, 0, 9223372036854775807, 0, 9223372036768075807
9, 1021, 0, 9223372036854775807, 0, 9223372036767990807
9, 1022, 0, 9223372036854775807, 0, 9223372036767905807
9, 1023, 0, 9223372036854775807, 0, 9223372036767820807
9, 1024, 0, 9223372036854775807, 0, 9223372036767735807
9, 1025, 0, 9223372036854775807, 0, 9223372036767650807
9, 1026, 0, 9223372036854775807, 0, 9223372036767565807
9, 1027, 0, 9223372036854775807, 0, 9223372036767480807
9, 1028, 0, 9223372036854775807, 0, 9223372036767395807
9, 1029, 0, 9223372036854775807, 0, 9223372036767310807
9, 103, 0, 9223372036854775807, 0, 9223372036846020807
9, 1030, 0, 9223372036854775807, 0, 9223372036767225807
9, 1031, 0, 9223372036854775807, 0, 9223372036767140807
9, 1032, 0, 9223372036854775807, 0, 9223372036767055807
9, 1033, 0, 9223372036854775807, 0, 9223372036766970807
9, 1034, 0, 9223372036854775807, 0, 9223372036766885807
9, 1035, 0, 9223372036854775807, 0, 9223372036766800807
9, 1036, 0, 9223372036854775807, 0, 9223372036766715807
9, 1037, 0, 9223372036854775807, 0, 9223372036766630807
9, 1038, 0, 9223372036854775807, 0, 9223372036766545807
9, 1039, 0, 9223372036854775807, 0, 9223372036766460807
9, 104, 0, 9223372036854775807, 0, 9223372036845935807
9, 1040, 0, 9223372036854775807, 0, 9223372036766375807
9, 1041, 0, 9223372036854775807, 0, 9223372036766290807
9, 1042, 0, 9223372036854775807, 0, 9223372036766205807
9, 1043, 0, 9223372036854775807, 0, 9223372036766120807
9, 1044, 0, 9223372036854775807, 0, 9223372036766035807
9, 1045, 0, 9223372036854775807, 0, 9223372036765950807
9, 1046, 0, 9223372036854775807, 0, 9223372036765865807
9, 1047, 0, 9223372036854775807, 0, 9223372036765780807
9, 1048, 0, 9223372036854775807, 0, 9223372036765695807
9, 1049, 0, 9223372036854775807, 0, 9223372036765610807
9, 105, 0, 9223372036854775807, 0, 9223372036845850807
9, 1050, 0, 9223372036854775807, 0, 9223372036765525807
9, 1051, 0, 9223372036854775807, 0, 9223372036765440807
9, 1052, 0, 9223372036854775807, 0, 9223372036765355807
9, 1053, 0, 9223372036854775807, 0, 9223372036765270807
9, 1054, 0, 9223372036854775807, 0, 9223372036765185807
9, 1055, 0, 9223372036854775807, 0, 9223372036765100807
9, 1056, 0, 9223372036854775807, 0, 9223372036765015807
9, 1057, 0, 9223372036854775807, 0, 9223372036764930807
9, 1058, 0, 9223372036854775807, 0, 9223372036764845807
9, 1059, 0, 9223372036854775807, 0, 9223372036764760807
9, 106, 0, 9223372036854775807, 0, 9223372036845765807
9, 1060, 0, 9223372036854775807, 0, 9223372036764675807
9, 1061, 0, 9223372036854775807, 0, 9223372036764590807
9, 1062, 0, 9223372036854775807, 0, 9223372036764505807
9, 1063, 0, 9223372036854775807, 0, 9223372036764420807
9, 1064, 0, 9223372036854775807, 0, 9223372036764335807
9, 1065, 0, 9223372036854775807, 0, 9223372036764250807
9, 1066, 0, 9223372036854775807, 0, 9223372036764165807
9, 1067, 0, 9223372036854775807, 0, 9223372036764080807
9, 1068, 0, 9223372036854775807, 0, 9223372036763995807
9, 1069, 0, 9223372036854775807, 0, 9223372036763910807
9, 107, 0, 9223372036854775807, 0, 9223372036845680807
9, 1070, 0, 9223372036854775807, 0, 9223372036763825807
9, 1071, 0, 9223372036854775807, 0, 9223372036763740807
9, 1072, 0, 9223372036854775807, 0, 9223372036763655807
9, 1073, 0, 9223372036854775807, 0, 9223372036763570807
9, 1074, 0, 9223372036854775807, 0, 9223372036763485807
9, 1075, 0, 9223372036854775807, 0, 9223372036763400807
9, 1076, 0, 9223372036854775807, 0, 9223372036763315807
9, 1077, 0, 9223372036854775807, 0, 9223372036763230807
9, 1078, 0, 9223372036854775807, 0, 9223372036763145807
9, 1079, 0, 9223372036854775807, 0, 9223372036763060807
9, 108, 0, 9223372036854775807, 0, 9223372036845595807
9, 1080, 0, 9223372036854775807, 0, 9223372036762975807
9, 1081, 0, 9223372036854775807, 0, 9223372036762890807
9, 1082, 0, 9223372036854775807, 0, 9223372036762805807
9, 1083, 0, 9223372036854775807, 0, 9223372036762720807
9, 1084, 0, 9223372036854775807, 0, 9223372036762635807
9, 1085, 0, 9223372036854775807, 0, 9223372036762550807
9, 1086, 0, 9223372036854775807, 0, 9223372036762465807
9, 1087, 0, 9223372036854775807, 0, 9223372036762380807
9, 1088, 0, 9223372036854775807, 0, 9223372036762295807
9, 1089, 0, 9223372036854775807, 0, 9223372036762210807
9, 109, 0, 9223372036854775807, 0, 9223372036845510807
9, 1090, 0, 9223372036854775807, 0, 9223372036762125807
9, 1091, 0, 9223372036854775807, 0, 9223372036762040807
9, 1092, 0, 9223372036854775807, 0, 9223372036761955807
9, 1093, 0, 9223372036854775807, 0, 9223372036761870807
9, 1094, 0, 9223372036854775807, 0, 9223372036761785807
9, 1095, 0, 9223372036854775807, 0, 9223372036761700807
9, 1096, 0, 9223372036854775807, 0, 9223372036761615807
9, 1097, 0, 9223372036854775807, 0, 9223372036761530807
9, 1098, 0, 9223372036854775807, 0, 9223372036761445807
9, 1099, 0, 9223372036854775807, 0, 9223372036761360807
9, 11, 0, 9223372036854775807, 0, 9223372036853840807
9, 110, 0, 9223372036854775807, 0, 9223372036845425807
9, 1100, 0, 9223372036854775807, 0, 9223372036761275807
9, 1101, 0, 9223372036854775807, 0, 9223372036761190807
9, 1102, 0, 9223372036854775807, 0, 9223372036761105807
9, 1103, 0, 9223372036854775807, 0, 9223372036761020807
9, 1104, 0, 9223372036854775807, 0, 9223372036760935807
9, 1105, 0, 9223372036854775807, 0, 9223372036760850807
9, 1106, 0, 9223372036854775807, 0, 9223372036760765807
9, 1107, 0, 9223372036854775807, 0, 9223372036760680807
9, 1108, 0, 9223372036854775807, 0, 9223372036760595807
9, 1109, 0, 9223372036854775807, 0, 9223372036760510807
9, 111, 0, 9223372036854775807, 0, 9223372036845340807
9, 1110, 0, 9223372036854775807, 0, 9223372036760425807
9, 1111, 0, 9223372036854775807, 0, 9223372036760340807
9, 1112, 0, 9223372036854775807, 0, 9223372036760255807
9, 1113, 0, 9223372036854775807, 0, 9223372036760170807
9, 1114, 0, 9223372036854775807, 0, 9223372036760085807
9, 1115, 0, 9223372036854775807, 0, 9223372036760000807
9, 1116, 0, 9223372036854775807, 0, 9223372036759915807
9, 1117, 0, 9223372036854775807, 0, 9223372036759830807
9, 1118, 0, 9223372036854775807, 0, 9223372036759745807
9, 1119, 0, 9223372036854775807, 0, 9223372036759660807
9, 112, 0, 9223372036854775807, 0, 9223372036845255807
9, 1120, 0, 9223372036854775807, 0, 9223372036759575807
9, 1121, 0, 9223372036854775807, 0, 9223372036759490807
9, 1122, 0, 9223372036854775807, 0, 9223372036759405807
9, 1123, 0, 9223372036854775807, 0, 9223372036759320807
9, 1124, 0, 9223372036854775807, 0, 9223372036759235807
9, 1125, 0, 9223372036854775807, 0, 9223372036759150807
9, 1126, 0, 9223372036854775807, 0, 9223372036759065807
9, 1127, 0, 9223372036854775807, 0, 9223372036758980807
9, 1128, 0, 9223372036854775807, 0, 9223372036758895807
9, 1129, 0, 9223372036854775807, 0, 9223372036758810807
9, 113, 0, 9223372036854775807, 0, 9223372036845170807
9, 1130, 0, 9223372036854775807, 0, 9223372036758725807
9, 1131, 0, 9223372036854775807, 0, 9223372036758640807
9, 1132, 0, 9223372036854775807, 0, 9223372036758555807
9, 1133, 0, 9223372036854775807, 0, 9223372036758470807
9, 1134, 0, 9223372036854775807, 0, 9223372036758385807
9, 1135, 0, 9223372036854775807, 0, 9223372036758300807
9, 1136, 0, 9223372036854775807, 0, 9223372036758215807
9, 1137, 0, 9223372036854775807, 0, 9223372036758130807
9, 1138, 0, 9223372036854775807, 0, 9223372036758045807
9, 1139, 0, 9223372036854775807, 0, 9223372036757960807
9, 114, 0, 9223372036854775807, 0, 9223372036845085807
9, 1140, 0, 9223372036854775807, 0, 9223372036757875807
9, 1141, 0, 9223372036854775807, 0, 9223372036757790807
9, 1142, 0, 9223372036854775807, 0, 9223372036757705807
9, 1143, 0, 9223372036854775807, 0, 9223372036757620807
9, 1144, 0, 9223372036854775807, 0, 9223372036757535807
9, 1145, 0, 9223372036854775807, 0, 9223372036757450807
9, 1146, 0, 9223372036854775807, 0, 9223372036757365807
9, 1147, 0, 9223372036854775807, 0, 9223372036757280807
9, 1148, 0, 9223372036854775807, 0, 9223372036757195807
9, 1149, 0, 9223372036854775807, 0, 9223372036757110807
9, 115, 0, 9223372036854775807, 0, 9223372036845000807
9, 1150, 0, 9223372036854775807, 0, 9223372036757025807
9, 1151, 0, 9223372036854775807, 0, 9223372036756940807
9, 1152, 0, 9223372036854775807, 0, 9223372036756855807
9, 1153, 0, 9223372036854775807, 0, 9223372036756770807
9, 1154, 0, 9223372036854775807, 0, 9223372036756685807
9, 1155, 0, 9223372036854775807, 0, 9223372036756600807
9, 1156, 0, 9223372036854775807, 0, 9223372036756515807
9, 1157, 0, 9223372036854775807, 0, 9223372036756430807
9, 1158, 0, 9223372036854775807, 0, 9223372036756345807
9, 1159, 0, 9223372036854775807, 0, 9223372036756260807
9, 116, 0, 9223372036854775807, 0, 9223372036844915807
9, 1160, 0, 9223372036854775807, 0, 9223372036756175807
9, 1161, 0, 9223372036854775807, 0, 9223372036756090807
9, 1162, 0, 9223372036854775807, 0, 9223372036756005807
9, 1163, 0, 9223372036854775807, 0, 9223372036755920807
9, 1164, 0, 9223372036854775807, 0, 9223372036755835807
9, 1165, 0, 9223372036854775807, 0, 9223372036755750807
9, 1166, 0, 9223372036854775807, 0, 9223372036755665807
9, 1167, 0, 9223372036854775807, 0, 9223372036755580807
9, 1168, 0, 9223372036854775807, 0, 9223372036755495807
9, 1169, 0, 9223372036854775807, 0, 9223372036755410807
9, 117, 0, 9223372036854775807, 0, 9223372036844830807
9, 1170, 0, 9223372036854775807, 0, 9223372036755325807
9, 1171, 0, 9223372036854775807, 0, 9223372036755240807
9, 1172, 0, 9223372036854775807, 0, 9223372036755155807
9, 1173, 0, 9223372036854775807, 0, 9223372036755070807
9, 1174, 0, 9223372036854775807, 0, 9223372036754985807
9, 1175, 0, 9223372036854775807, 0, 9223372036754900807
9, 1176, 0, 9223372036854775807, 0, 9223372036754815807
9, 1177, 0, 9223372036854775807, 0, 9223372036754730807
9, 1178, 0, 9223372036854775807, 0, 9223372036754645807
9, 1179, 0, 9223372036854775807, 0, 9223372036754560807
9, 118, 0, 9223372036854775807, 0, 9223372036844745807
9, 1180, 0, 9223372036854775807, 0, 9223372036754475807
9, 1181, 0, 9223372036854775807, 0, 9223372036754390807
9, 1182, 0, 9223372036854775807, 0, 9223372036754305807
9, 1183, 0, 9223372036854775807, 0, 9223372036754220807
9, 1184, 0, 9223372036854775807, 0, 9223372036754135807
9, 1185, 0, 9223372036854775807, 0, 9223372036754050807
9, 1186, 0, 9223372036854775807, 0, 9223372036753965807
9, 1187, 0, 9223372036854775807, 0, 9223372036753880807
9, 1188, 0, 9223372036854775807, 0, 9223372036753795807
9, 1189, 0, 9223372036854775807, 0, 9223372036753710807
9, 119, 0, 9223372036854775807, 0, 9223372036844660807
9, 1190, 0, 9223372036854775807, 0, 9223372036753625807
9, 1191, 0, 9223372036854775807, 0, 9223372036753540807
9, 1192, 0, 9223372036854775807, 0, 9223372036753455807
9, 1193, 0, 9223372036854775807, 0, 9223372036753370807
9, 1194, 0, 9223372036854775807, 0, 9223372036753285807
9, 1195, 0, 9223372036854775807, 0, 9223372036753200807
9, 1196, 0, 9223372036854775807, 0, 9223372036753115807
9, 1197, 0, 9223372036854775807, 0, 9223372036753030807
9, 1198, 0, 9223372036854775807, 0, 9223372036752945807
9, 1199, 0, 9223372036854775807, 0, 9223372036752860807
9, 12, 0, 9223372036854775807, 0, 9223372036853755807
9, 120, 0, 9223372036854775807, 0, 9223372036844575807
9, 1200, 0, 9223372036854775807, 0, 9223372036752775807
9, 1201, 0, 9223372036854775807, 0, 9223372036752690807
9, 1202, 0, 9223372036854775807, 0, 9223372036752605807
9, 1203, 0, 9223372036854775807, 0, 9223372036752520807
9, 1204, 0, 9223372036854775807, 0, 9223372036752435807
9, 1205, 0, 9223372036854775807, 0, 9223372036752350807
9, 1206, 0, 9223372036854775807, 0, 9223372036752265807
9, 1207, 0, 9223372036854775807, 0, 9223372036752180807
9, 1208, 0, 9223372036854775807, 0, 9223372036752095807
9, 1209, 0, 9223372036854775807, 0, 9223372036752010807
9, 121, 0, 9223372036854775807, 0, 9223372036844490807
9, 1210, 0, 9223372036854775807, 0, 9223372036751925807
9, 1211, 0, 9223372036854775807, 0, 9223372036751840807
9, 1212, 0, 9223372036854775807, 0, 9223372036751755807
9, 1213, 0, 9223372036854775807, 0, 9223372036751670807
9, 1214, 0, 9223372036854775807, 0, 9223372036751585807
9, 1215, 0, 9223372036854775807, 0, 9223372036751500807
9, 1216, 0, 9223372036854775807, 0, 9223372036751415807
9, 1217, 0, 9223372036854775807, 0, 9223372036751330807
9, 1218, 0, 9223372036854775807, 0, 9223372036751245807
9, 1219, 0, 9223372036854775807, 0, 9223372036751160807
9, 122, 0, 9223372036854775807, 0, 9223372036844405807
9, 1220, 0, 9223372036854775807, 0, 9223372036751075807
9, 1221, 0, 9223372036854775807, 0, 9223372036750990807
9, 1222, 0, 9223372036854775807, 0, 9223372036750905807
9, 1223, 0, 9223372036854775807, 0, 9223372036750820807
9, 1224, 0, 9223372036854775807, 0, 9223372036750735807
9, 1225, 0, 9223372036854775807, 0, 9223372036750650807
9, 1226, 0, 9223372036854775807, 0, 9223372036750565807
9, 1227, 0, 9223372036854775807, 0, 9223372036750480807
9, 1228, 0, 9223372036854775807, 0, 9223372036750395807
9, 1229, 0, 9223372036854775807, 0, 9223372036750310807
9, 123, 0, 9223372036854775807, 0, 9223372036844320807
9, 1230, 0, 9223372036854775807, 0, 9223372036750225807
9, 1231, 0, 9223372036854775807, 0, 9223372036750140807
9, 1232, 0, 9223372036854775807, 0, 9223372036750055807
9, 1233, 0, 9223372036854775807, 0, 9223372036749970807
9, 1234, 0, 9223372036854775807, 0, 9223372036749885807
9, 1235, 0, 9223372036854775807, 0, 9223372036749800807
9, 1236, 0, 9223372036854775807, 0, 9223372036749715807
9, 1237, 0, 9223372036854775807, 0, 9223372036749630807
9, 1238, 0, 9223372036854775807, 0, 9223372036749545807
9, 1239, 0, 9223372036854775807, 0, 9223372036749460807
9, 124, 0, 9223372036854775807, 0, 9223372036844235807
9, 1240, 0, 9223372036854775807, 0, 9223372036749375807
9, 1241, 0, 9223372036854775807, 0, 9223372036749290807
9, 1242, 0, 9223372036854775807, 0, 9223372036749205807
9, 1243, 0, 9223372036854775807, 0, 9223372036749120807
9, 1244, 0, 9223372036854775807, 0, 9223372036749035807
9, 1245, 0, 9223372036854775807, 0, 9223372036748950807
9, 1246, 0, 9223372036854775807, 0, 9223372036748865807
9, 1247, 0, 9223372036854775807, 0, 9223372036748780807
9, 1248, 0, 9223372036854775807, 0, 9223372036748695807
9, 1249, 0, 9223372036854775807, 0, 9223372036748610807
9, 125, 0, 9223372036854775807, 0, 9223372036844150807
9, 1250, 0, 9223372036854775807, 0, 9223372036748525807
9, 1251, 0, 9223372036854775807, 0, 9223372036748440807
9, 1252, 0, 9223372036854775807, 0, 9223372036748355807
9, 1253, 0, 9223372036854775807, 0, 9223372036748270807
9, 1254, 0, 9223372036854775807, 0, 9223372036748185807
9, 1255, 0, 9223372036854775807, 0, 9223372036748100807
9, 1256, 0, 9223372036854775807, 0, 9223372036748015807
9, 1257, 0, 9223372036854775807, 0, 9223372036747930807
9, 1258, 0, 9223372036854775807, 0, 9223372036747845807
9, 1259, 0, 9223372036854775807, 0, 9223372036747760807
9, 126, 0, 9223372036854775807, 0, 9223372036844065807
9, 1260, 0, 9223372036854775807, 0, 9223372036747675807
9, 1261, 0, 9223372036854775807, 0, 9223372036747590807
9, 1262, 0, 9223372036854775807, 0, 9223372036747505807
9, 1263, 0, 9223372036854775807, 0, 9223372036747420807
9, 1264, 0, 9223372036854775807, 0, 9223372036747335807
9, 1265, 0, 9223372036854775807, 0, 9223372036747250807
9, 1266, 0, 9223372036854775807, 0, 9223372036747165807
9, 1267, 0, 9223372036854775807, 0, 9223372036747080807
9, 1268, 0, 9223372036854775807, 0, 9223372036746995807
9, 1269, 0, 9223372036854775807, 0, 9223372036746910807
9, 127, 0, 9223372036854775807, 0, 9223372036843980807
9, 1270, 0, 9223372036854775807, 0, 9223372036746825807
9, 1271, 0, 9223372036854775807, 0, 9223372036746740807
9, 1272, 0, 9223372036854775807, 0, 9223372036746655807
9, 1273, 0, 9223372036854775807, 0, 9223372036746570807
9, 1274, 0, 9223372036854775807, 0, 9223372036746485807
9, 1275, 0, 9223372036854775807, 0, 9223372036746400807
9, 1276, 0, 9223372036854775807, 0, 9223372036746315807
9, 1277, 0, 9223372036854775807, 0, 9223372036746230807
9, 1278, 0, 9223372036854775807, 0, 9223372036746145807
9, 1279, 0, 9223372036854775807, 0, 9223372036746060807
9, 128, 0, 9223372036854775807, 0, 9223372036843895807
9, 1280, 0, 9223372036854775807, 0, 9223372036745975807
9, 1281, 0, 9223372036854775807, 0, 9223372036745890807
9, 1282, 0, 9223372036854775807, 0, 9223372036745805807
9, 1283, 0, 9223372036854775807, 0, 9223372036745720807
9, 1284, 0, 9223372036854775807, 0, 9223372036745635807
9, 1285, 0, 9223372036854775807, 0, 9223372036745550807
9, 1286, 0, 9223372036854775807, 0, 9223372036745465807
9, 1287, 0, 9223372036854775807, 0, 9223372036745380807
9, 1288, 0, 9223372036854775807, 0, 9223372036745295807
9, 1289, 0, 9223372036854775807, 0, 9223372036745210807
9, 129, 0, 9223372036854775807, 0, 9223372036843810807
9, 1290, 0, 9223372036854775807, 0, 9223372036745125807
9, 1291, 0, 9223372036854775807, 0, 9223372036745040807
9, 1292, 0, 9223372036854775807, 0, 9223372036744955807
9, 1293, 0, 9223372036854775807, 0, 9223372036744870807
9, 1294, 0, 9223372036854775807, 0, 9223372036744785807
9, 1295, 0, 9223372036854775807, 0, 9223372036744700807
9, 1296, 0, 9223372036854775807, 0, 9223372036744615807
9, 1297, 0, 9223372036854775807, 0, 9223372036744530807
9, 1298, 0, 9223372036854775807, 0, 9223372036744445807
9, 1299, 0, 9223372036854775807, 0, 9223372036744360807
9, 13, 0, 9223372036854775807, 0, 9223372036853670807
9, 130, 0, 9223372036854775807, 0, 9223372036843725807
9, 1300, 0, 9223372036854775807, 0, 9223372036744275807
9, 1301, 0, 9223372036854775807, 0, 9223372036744190807
9, 1302, 0, 9223372036854775807, 0, 9223372036744105807
9, 1303, 0, 9223372036854775807, 0, 9223372036744020807
9, 1304, 0, 9223372036854775807, 0, 9223372036743935807
9, 1305, 0, 9223372036854775807, 0, 9223372036743850807
9, 1306, 0, 9223372036854775807, 0, 9223372036743765807
9, 1307, 0, 9223372036854775807, 0, 9223372036743680807
9, 1308, 0, 9223372036854775807, 0, 9223372036743595807
9, 1309, 0, 9223372036854775807, 0, 9223372036743510807
9, 131, 0, 9223372036854775807, 0, 9223372036843640807
9, 1310, 0, 9223372036854775807, 0, 9223372036743425807
9, 1311, 0, 9223372036854775807, 0, 9223372036743340807
9, 1312, 0, 9223372036854775807, 0, 9223372036743255807
9, 1313, 0, 9223372036854775807, 0, 9223372036743170807
9, 1314, 0, 9223372036854775807, 0, 9223372036743085807
9, 1315, 0, 9223372036854775807, 0, 9223372036743000807
9, 1316, 0, 9223372036854775807, 0, 9223372036742915807
9, 1317, 0, 9223372036854775807, 0, 9223372036742830807
9, 1318, 0, 9223372036854775807, 0, 9223372036742745807
9, 1319, 0, 9223372036854775807, 0, 9223372036742660807
9, 132, 0, 9223372036854775807, 0, 9223372036843555807
9, 1320, 0, 9223372036854775807, 0, 9223372036742575807
9, 1321, 0, 9223372036854775807, 0, 9223372036742490807
9, 1322, 0, 9223372036854775807, 0, 9223372036742405807
9, 1323, 0, 9223372036854775807, 0, 9223372036742320807
9, 1324, 0, 9223372036854775807, 0, 9223372036742235807
9, 1325, 0, 9223372036854775807, 0, 9223372036742150807
9, 1326, 0, 9223372036854775807, 0, 9223372036742065807
9, 1327, 0, 9223372036854775807, 0, 9223372036741980807
9, 1328, 0, 9223372036854775807, 0, 9223372036741895807
9, 1329, 0, 9223372036854775807, 0, 9223372036741810807
9, 133, 0, 9223372036854775807, 0, 9223372036843470807
9, 1330, 0, 9223372036854775807, 0, 9223372036741725807
9, 1331, 0, 9223372036854775807, 0, 9223372036741640807
9, 1332, 0, 9223372036854775807, 0, 9223372036741555807
9, 1333, 0, 9223372036854775807, 0, 9223372036741470807
9, 1334, 0, 9223372036854775807, 0, 9223372036741385807
9, 1335, 0, 9223372036854775807, 0, 9223372036741300807
9, 1336, 0, 9223372036854775807, 0, 9223372036741215807
9, 1337, 0, 9223372036854775807, 0, 9223372036741130807
9, 1338, 0, 9223372036854775807, 0, 9223372036741045807
9, 1339, 0, 9223372036854775807, 0, 9223372036740960807
9, 134, 0, 9223372036854775807, 0, 9223372036843385807
9, 1340, 0, 9223372036854775807, 0, 9223372036740875807
9, 1341, 0, 9223372036854775807, 0, 9223372036740790807
9, 1342, 0, 9223372036854775807, 0, 9223372036740705807
9, 1343, 0, 9223372036854775807, 0, 9223372036740620807
9, 1344, 0, 9223372036854775807, 0, 9223372036740535807
9, 1345, 0, 9223372036854775807, 0, 9223372036740450807
9, 1346, 0, 9223372036854775807, 0, 9223372036740365807
9, 1347, 0, 9223372036854775807, 0, 9223372036740280807
9, 1348, 0, 9223372036854775807, 0, 9223372036740195807
9, 1349, 0, 9223372036854775807, 0, 9223372036740110807
9, 135, 0, 9223372036854775807, 0, 9223372036843300807
9, 1350, 0, 9223372036854775807, 0, 9223372036740025807
9, 1351, 0, 9223372036854775807, 0, 9223372036739940807
9, 1352, 0, 9223372036854775807, 0, 9223372036739855807
9, 1353, 0, 9223372036854775807, 0, 9223372036739770807
9, 1354, 0, 9223372036854775807, 0, 9223372036739685807
9, 1355, 0, 9223372036854775807, 0, 9223372036739600807
9, 1356, 0, 9223372036854775807, 0, 9223372036739515807
9, 1357, 0, 9223372036854775807, 0, 9223372036739430807
9, 1358, 0, 9223372036854775807, 0, 9223372036739345807
9, 1359, 0, 9223372036854775807, 0, 9223372036739260807
9, 136, 0, 9223372036854775807, 0, 9223372036843215807
9, 1360, 0, 9223372036854775807, 0, 9223372036739175807
9, 1361, 0, 9223372036854775807, 0, 9223372036739090807
9, 1362, 0, 9223372036854775807, 0, 9223372036739005807
9, 1363, 0, 9223372036854775807, 0, 9223372036738920807
9, 1364, 0, 9223372036854775807, 0, 9223372036738835807
9, 1365, 0, 9223372036854775807, 0, 9223372036738750807
9, 1366, 0, 9223372036854775807, 0, 9223372036738665807
9, 1367, 0, 9223372036854775807, 0, 9223372036738580807
9, 1368, 0, 9223372036854775807, 0, 9223372036738495807
9, 1369, 0, 9223372036854775807, 0, 9223372036738410807
9, 137, 0, 9223372036854775807, 0, 9223372036843130807
9, 1370, 0, 9223372036854775807, 0, 9223372036738325807
9, 1371, 0, 9223372036854775807, 0, 9223372036738240807
9, 1372, 0, 9223372036854775807, 0, 9223372036738155807
9, 1373, 0, 9223372036854775807, 0, 9223372036738070807
9, 1374, 0, 9223372036854775807, 0, 9223372036737985807
9, 1375, 0, 9223372036854775807, 0, 9223372036737900807
9, 1376, 0, 9223372036854775807, 0, 9223372036737815807
9, 1377, 0, 9223372036854775807, 0, 9223372036737730807
9, 1378, 0, 9223372036854775807, 0, 9223372036737645807
9, 1379, 0, 9223372036854775807, 0, 9223372036737560807
9, 138, 0, 9223372036854775807, 0, 9223372036843045807
9, 1380, 0, 9223372036854775807, 0, 9223372036737475807
9, 1381, 0, 9223372036854775807, 0, 9223372036737390807
9, 1382, 0, 9223372036854775807, 0, 9223372036737305807
9, 1383, 0, 9223372036854775807, 0, 9223372036737220807
9, 1384, 0, 9223372036854775807, 0, 9223372036737135807
9, 1385, 0, 9223372036854775807, 0, 9223372036737050807
9, 139, 0, 9223372036854775807, 0, 9223372036842960807
9, 14, 0, 9223372036854775807, 0, 9223372036853585807
9, 140, 0, 9223372036854775807, 0, 9223372036842875807
9, 141, 0, 9223372036854775807, 0, 9223372036842790807
9, 142, 0, 9223372036854775807, 0, 9223372036842705807
9, 143, 0, 9223372036854775807, 0, 9223372036842620807
9, 144, 0, 9223372036854775807, 0, 9223372036842535807
9, 145, 0, 9223372036854775807, 0, 9223372036842450807
9, 146, 0, 9223372036854775807, 0, 9223372036842365807
9, 147, 0, 9223372036854775807, 0, 9223372036842280807
9, 148, 0, 9223372036854775807, 0, 9223372036842195807
9, 149, 0, 9223372036854775807, 0, 9223372036842110807
9, 15, 0, 9223372036854775807, 0, 9223372036853500807
9, 150, 0, 9223372036854775807, 0, 9223372036842025807
9, 151, 0, 9223372036854775807, 0, 9223372036841940807
9, 152, 0, 9223372036854775807, 0, 9223372036841855807
9, 153, 0, 9223372036854775807, 0, 9223372036841770807
9, 154, 0, 9223372036854775807, 0, 9223372036841685807
9, 155, 0, 9223372036854775807, 0, 9223372036841600807
9, 156, 0, 9223372036854775807, 0, 9223372036841515807
9, 157, 0, 9223372036854775807, 0, 9223372036841430807
9, 158, 0, 9223372036854775807, 0, 9223372036841345807
9, 159, 0, 9223372036854775807, 0, 9223372036841260807
9, 16, 0, 9223372036854775807, 0, 9223372036853415807
9, 160, 0, 9223372036854775807, 0, 9223372036841175807
9, 161, 0, 9223372036854775807, 0, 9223372036841090807
9, 162, 0, 9223372036854775807, 0, 9223372036841005807
9, 163, 0, 9223372036854775807, 0, 9223372036840920807
9, 164, 0, 9223372036854775807, 0, 9223372036840835807
9, 165, 0, 9223372036854775807, 0, 9223372036840750807
9, 166, 0, 9223372036854775807, 0, 9223372036840665807
9, 167, 0, 9223372036854775807, 0, 9223372036840580807
9, 168, 0, 9223372036854775807, 0, 9223372036840495807
9, 169, 0, 9223372036854775807, 0, 9223372036840410807
9, 17, 0, 9223372036854775807, 0, 9223372036853330807
9, 170, 0, 9223372036854775807, 0, 9223372036840325807
9, 171, 0, 9223372036854775807, 0, 9223372036840240807
9, 172, 0, 9223372036854775807, 0, 9223372036840155807
9, 173, 0, 9223372036854775807, 0, 9223372036840070807
9, 174, 0, 9223372036854775807, 0, 9223372036839985807
9, 175, 0, 9223372036854775807, 0, 9223372036839900807
9, 176, 0, 9223372036854775807, 0, 9223372036839815807
9, 177, 0, 9223372036854775807, 0, 9223372036839730807
9, 178, 0, 9223372036854775807, 0, 9223372036839645807
9, 179, 0, 9223372036854775807, 0, 9223372036839560807
9, 18, 0, 9223372036854775807, 0, 9223372036853245807
9, 180, 0, 9223372036854775807, 0, 9223372036839475807
9, 181, 0, 9223372036854775807, 0, 9223372036839390807
9, 182, 0, 9223372036854775807, 0, 9223372036839305807
9, 183, 0, 9223372036854775807, 0, 9223372036839220807
9, 184, 0, 9223372036854775807, 0, 9223372036839135807
9, 185, 0, 9223372036854775807, 0, 9223372036839050807
9, 186, 0, 9223372036854775807, 0, 9223372036838965807
9, 187, 0, 9223372036854775807, 0, 9223372036838880807
9, 188, 0, 9223372036854775807, 0, 9223372036838795807
9, 189, 0, 9223372036854775807, 0, 9223372036838710807
9, 19, 0, 9223372036854775807, 0, 9223372036853160807
9, 190, 0, 9223372036854775807, 0, 9223372036838625807
9, 191, 0, 9223372036854775807, 0, 9223372036838540807
9, 192, 0, 9223372036854775807, 0, 9223372036838455807
9, 193, 0, 9223372036854775807, 0, 9223372036838370807
9, 194, 0, 9223372036854775807, 0, 9223372036838285807
9, 195, 0, 9223372036854775807, 0, 9223372036838200807
9, 196, 0, 9223372036854775807, 0, 9223372036838115807
9, 197, 0, 9223372036854775807, 0, 9223372036838030807
9, 198, 0, 9223372036854775807, 0, 9223372036837945807
9, 199, 0, 9223372036854775807, 0, 9223372036837860807
9, 2, 0, 9223372036854775807, 0, 9223372036854605807
9, 20, 0, 9223372036854775807, 0, 9223372036853075807
9, 200, 0, 9223372036854775807, 0, 9223372036837775807
9, 201, 0, 9223372036854775807, 0, 9223372036837690807
9, 202, 0, 9223372036854775807, 0, 9223372036837605807
9, 203, 0, 9223372036854775807, 0, 9223372036837520807
9, 204, 0, 9223372036854775807, 0, 9223372036837435807
9, 205, 0, 9223372036854775807, 0, 9223372036837350807
9, 206, 0, 9223372036854775807, 0, 9223372036837265807
9, 207, 0, 9223372036854775807, 0, 9223372036837180807
9, 208, 0, 9223372036854775807, 0, 9223372036837095807
9, 209, 0, 9223372036854775807, 0, 9223372036837010807
9, 21, 0, 9223372036854775807, 0, 9223372036852990807
9, 210, 0, 9223372036854775807, 0, 9223372036836925807
9, 211, 0, 9223372036854775807, 0, 9223372036836840807
9, 212, 0, 9223372036854775807, 0, 9223372036836755807
9, 213, 0, 9223372036854775807, 0, 9223372036836670807
9, 214, 0, 9223372036854775807, 0, 9223372036836585807
9, 215, 0, 9223372036854775807, 0, 9223372036836500807
9, 216, 0, 9223372036854775807, 0, 9223372036836415807
9, 217, 0, 9223372036854775807, 0, 9223372036836330807
9, 218, 0, 9223372036854775807, 0, 9223372036836245807
9, 219, 0, 9223372036854775807, 0, 9223372036836160807
9, 22, 0, 9223372036854775807, 0, 9223372036852905807
9, 220, 0, 9223372036854775807, 0, 9223372036836075807
9, 221, 0, 9223372036854775807, 0, 9223372036835990807
9, 222, 0, 9223372036854775807, 0, 9223372036835905807
9, 223, 0, 9223372036854775807, 0, 9223372036835820807
9, 224, 0, 9223372036854775807, 0, 9223372036835735807
9, 225, 0, 9223372036854775807, 0, 9223372036835650807
9, 226, 0, 9223372036854775807, 0, 9223372036835565807
9, 227, 0, 9223372036854775807, 0, 9223372036835480807
9, 228, 0, 9223372036854775807, 0, 9223372036835395807
9, 229, 0, 9223372036854775807, 0, 9223372036835310807
9, 23, 0, 9223372036854775807, 0, 9223372036852820807
9, 230, 0, 9223372036854775807, 0, 9223372036835225807
9, 231, 0, 9223372036854775807, 0, 9223372036835140807
9, 232, 0, 9223372036854775807, 0, 9223372036835055807
9, 233, 0, 9223372036854775807, 0, 9223372036834970807
9, 234, 0, 9223372036854775807, 0, 9223372036834885807
9, 235, 0, 9223372036854775807, 0, 9223372036834800807
9, 236, 0, 9223372036854775807, 0, 9223372036834715807
9, 237, 0, 9223372036854775807, 0, 9223372036834630807
9, 238, 0, 9223372036854775807, 0, 9223372036834545807
9, 239, 0, 9223372036854775807, 0, 9223372036834460807
9, 24, 0, 9223372036854775807, 0, 9223372036852735807
9, 240, 0, 9223372036854775807, 0, 9223372036834375807
9, 241, 0, 9223372036854775807, 0, 9223372036834290807
9, 242, 0, 9223372036854775807, 0, 9223372036834205807
9, 243, 0, 9223372036854775807, 0, 9223372036834120807
9, 244, 0, 9223372036854775807, 0, 9223372036834035807
9, 245, 0, 9223372036854775807, 0, 9223372036833950807
9, 246, 0, 9223372036854775807, 0, 9223372036833865807
9, 247, 0, 9223372036854775807, 0, 9223372036833780807
9, 248, 0, 9223372036854775807, 0, 9223372036833695807
9, 249, 0, 9223372036854775807, 0, 9223372036833610807
9, 25, 0, 9223372036854775807, 0, 9223372036852650807
9, 250, 0, 9223372036854775807, 0, 9223372036833525807
9, 251, 0, 9223372036854775807, 0, 9223372036833440807
9, 252, 0, 9223372036854775807, 0, 9223372036833355807
9, 253, 0, 9223372036854775807, 0, 9223372036833270807
9, 254, 0, 9223372036854775807, 0, 9223372036833185807
9, 255, 0, 9223372036854775807, 0, 9223372036833100807
9, 256, 0, 9223372036854775807, 0, 9223372036833015807
9, 257, 0, 9223372036854775807, 0, 9223372036832930807
9, 258, 0, 9223372036854775807, 0, 9223372036832845807
9, 259, 0, 9223372036854775807, 0, 9223372036832760807
9, 26, 0, 9223372036854775807, 0, 9223372036852565807
9, 260, 0, 9223372036854775807, 0, 9223372036832675807
9, 261, 0, 9223372036854775807, 0, 9223372036832590807
9, 262, 0, 9223372036854775807, 0, 9223372036832505807
9, 263, 0, 9223372036854775807, 0, 9223372036832420807
9, 264, 0, 9223372036854775807, 0, 9223372036832335807
9, 265, 0, 9223372036854775807, 0, 9223372036832250807
9, 266, 0, 9223372036854775807, 0, 9223372036832165807
9, 267, 0, 9223372036854775807, 0, 9223372036832080807
9, 268, 0, 9223372036854775807, 0, 9223372036831995807
9, 269, 0, 9223372036854775807, 0, 9223372036831910807
9, 27, 0, 9223372036854775807, 0, 9223372036852480807
9, 270, 0, 9223372036854775807, 0, 9223372036831825807
9, 271, 0, 9223372036854775807, 0, 9223372036831740807
9, 272, 0, 9223372036854775807, 0, 9223372036831655807
9, 273, 0, 9223372036854775807, 0, 9223372036831570807
9, 274, 0, 9223372036854775807, 0, 9223372036831485807
9, 275, 0, 9223372036854775807, 0, 9223372036831400807
9, 276, 0, 9223372036854775807, 0, 9223372036831315807
9, 277, 0, 9223372036854775807, 0, 9223372036831230807
9, 278, 0, 9223372036854775807, 0, 9223372036831145807
9, 279, 0, 9223372036854775807, 0, 9223372036831060807
9, 28, 0, 9223372036854775807, 0, 9223372036852395807
9, 280, 0, 9223372036854775807, 0, 9223372036830975807
9, 281, 0, 9223372036854775807, 0, 9223372036830890807
9, 282, 0, 9223372036854775807, 0, 9223372036830805807
9, 283, 0, 9223372036854775807, 0, 9223372036830720807
9, 284, 0, 9223372036854775807, 0, 9223372036830635807
9, 285, 0, 9223372036854775807, 0, 9223372036830550807
9, 286, 0, 9223372036854775807, 0, 9223372036830465807
9, 287, 0, 9223372036854775807, 0, 9223372036830380807
9, 288, 0, 9223372036854775807, 0, 9223372036830295807
9, 289, 0, 9223372036854775807, 0, 9223372036830210807
9, 29, 0, 9223372036854775807, 0, 9223372036852310807
9, 290, 0, 9223372036854775807, 0, 9223372036830125807
9, 291, 0, 9223372036854775807, 0, 9223372036830040807
9, 292, 0, 9223372036854775807, 0, 9223372036829955807
9, 293, 0, 9223372036854775807, 0, 9223372036829870807
9, 294, 0, 9223372036854775807, 0, 9223372036829785807
9, 295, 0, 9223372036854775807, 0, 9223372036829700807
9, 296, 0, 9223372036854775807, 0, 9223372036829615807
9, 297, 0, 9223372036854775807, 0, 9223372036829530807
9, 298, 0, 9223372036854775807, 0, 9223372036829445807
9, 299, 0, 9223372036854775807, 0, 9223372036829360807
9, 3, 0, 9223372036854775807, 0, 9223372036854520807
9, 30, 0, 9223372036854775807, 0, 9223372036852225807
9, 300, 0, 9223372036854775807, 0, 9223372036829275807
9, 301, 0, 9223372036854775807, 0, 9223372036829190807
9, 302, 0, 9223372036854775807, 0, 9223372036829105807
9, 303, 0, 9223372036854775807, 0, 9223372036829020807
9, 304, 0, 9223372036854775807, 0, 9223372036828935807
9, 305, 0, 9223372036854775807, 0, 9223372036828850807
9, 306, 0, 9223372036854775807, 0, 9223372036828765807
9, 307, 0, 9223372036854775807, 0, 9223372036828680807
9, 308, 0, 9223372036854775807, 0, 9223372036828595807
9, 309, 0, 9223372036854775807, 0, 9223372036828510807
9, 31, 0, 9223372036854775807, 0, 9223372036852140807
9, 310, 0, 9223372036854775807, 0, 9223372036828425807
9, 311, 0, 9223372036854775807, 0, 9223372036828340807
9, 312, 0, 9223372036854775807, 0, 9223372036828255807
9, 313, 0, 9223372036854775807, 0, 9223372036828170807
9, 314, 0, 9223372036854775807, 0, 9223372036828085807
9, 315, 0, 9223372036854775807, 0, 9223372036828000807
9, 316, 0, 9223372036854775807, 0, 9223372036827915807
9, 317, 0, 9223372036854775807, 0, 9223372036827830807
9, 318, 0, 9223372036854775807, 0, 9223372036827745807
9, 319, 0, 9223372036854775807, 0, 9223372036827660807
9, 32, 0, 9223372036854775807, 0, 9223372036852055807
9, 320, 0, 9223372036854775807, 0, 9223372036827575807
9, 321, 0, 9223372036854775807, 0, 9223372036827490807
9, 322, 0, 9223372036854775807, 0, 9223372036827405807
9, 323, 0, 9223372036854775807, 0, 9223372036827320807
9, 324, 0, 9223372036854775807, 0, 9223372036827235807
9, 325, 0, 9223372036854775807, 0, 9223372036827150807
9, 326, 0, 9223372036854775807, 0, 9223372036827065807
9, 327, 0, 9223372036854775807, 0, 9223372036826980807
9, 328, 0, 9223372036854775807, 0, 9223372036826895807
9, 329, 0, 9223372036854775807, 0, 9223372036826810807
9, 33, 0, 9223372036854775807, 0, 9223372036851970807
9, 330, 0, 9223372036854775807, 0, 9223372036826725807
9, 331, 0, 9223372036854775807, 0, 9223372036826640807
9, 332, 0, 9223372036854775807, 0, 9223372036826555807
9, 333, 0, 9223372036854775807, 0, 9223372036826470807
9, 334, 0, 9223372036854775807, 0, 9223372036826385807
9, 335, 0, 9223372036854775807, 0, 9223372036826300807
9, 336, 0, 9223372036854775807, 0, 9223372036826215807
9, 337, 0, 9223372036854775807, 0, 9223372036826130807
9, 338, 0, 9223372036854775807, 0, 9223372036826045807
9, 339, 0, 9223372036854775807, 0, 9223372036825960807
9, 34, 0, 9223372036854775807, 0, 9223372036851885807
9, 340, 0, 9223372036854775807, 0, 9223372036825875807
9, 341, 0, 9223372036854775807, 0, 9223372036825790807
9, 342, 0, 9223372036854775807, 0, 9223372036825705807
9, 343, 0, 9223372036854775807, 0, 9223372036825620807
9, 344, 0, 9223372036854775807, 0, 9223372036825535807
9, 345, 0, 9223372036854775807, 0, 9223372036825450807
9, 346, 0, 9223372036854775807, 0, 9223372036825365807
9, 347, 0, 9223372036854775807, 0, 9223372036825280807
9, 348, 0, 9223372036854775807, 0, 9223372036825195807
9, 349, 0, 9223372036854775807, 0, 9223372036825110807
9, 35, 0, 9223372036854775807, 0, 9223372036851800807
9, 350, 0, 9223372036854775807, 0, 9223372036825025807
9, 351, 0, 9223372036854775807, 0, 9223372036824940807
9, 352, 0, 9223372036854775807, 0, 9223372036824855807
9, 353, 0, 9223372036854775807, 0, 9223372036824770807
9, 354, 0, 9223372036854775807, 0, 9223372036824685807
9, 355, 0, 9223372036854775807, 0, 9223372036824600807
9, 356, 0, 9223372036854775807, 0, 9223372036824515807
9, 357, 0, 9223372036854775807, 0, 9223372036824430807
9, 358, 0, 9223372036854775807, 0, 9223372036824345807
9, 359, 0, 9223372036854775807, 0, 9223372036824260807
9, 36, 0, 9223372036854775807, 0, 9223372036851715807
9, 360, 0, 9223372036854775807, 0, 9223372036824175807
9, 361, 0, 9223372036854775807, 0, 9223372036824090807
9, 362, 0, 9223372036854775807, 0, 9223372036824005807
9, 363, 0, 9223372036854775807, 0, 9223372036823920807
9, 364, 0, 9223372036854775807, 0, 9223372036823835807
9, 365, 0, 9223372036854775807, 0, 9223372036823750807
9, 366, 0, 9223372036854775807, 0, 9223372036823665807
9, 367, 0, 9223372036854775807, 0, 9223372036823580807
9, 368, 0, 9223372036854775807, 0, 9223372036823495807
9, 369, 0, 9223372036854775807, 0, 9223372036823410807
9, 37, 0, 9223372036854775807, 0, 9223372036851630807
9, 370, 0, 9223372036854775807, 0, 9223372036823325807
9, 371, 0, 9223372036854775807, 0, 9223372036823240807
9, 372, 0, 9223372036854775807, 0, 9223372036823155807
9, 373, 0, 9223372036854775807, 0, 9223372036823070807
9, 374, 0, 9223372036854775807, 0, 9223372036822985807
9, 375, 0, 9223372036854775807, 0, 9223372036822900807
9, 376, 0, 9223372036854775807, 0, 9223372036822815807
9, 377, 0, 9223372036854775807, 0, 9223372036822730807
9, 378, 0, 9223372036854775807, 0, 9223372036822645807
9, 379, 0, 9223372036854775807, 0, 9223372036822560807
9, 38, 0, 9223372036854775807, 0, 9223372036851545807
9, 380, 0, 9223372036854775807, 0, 9223372036822475807
9, 381, 0, 9223372036854775807, 0, 9223372036822390807
9, 382, 0, 9223372036854775807, 0, 9223372036822305807
9, 383, 0, 9223372036854775807, 0, 9223372036822220807
9, 384, 0, 9223372036854775807, 0, 9223372036822135807
9, 385, 0, 9223372036854775807, 0, 9223372036822050807
9, 386, 0, 9223372036854775807, 0, 9223372036821965807
9, 387, 0, 9223372036854775807, 0, 9223372036821880807
9, 388, 0, 9223372036854775807, 0, 9223372036821795807
9, 389, 0, 9223372036854775807, 0, 9223372036821710807
9, 39, 0, 9223372036854775807, 0, 9223372036851460807
9, 390, 0, 9223372036854775807, 0, 9223372036821625807
9, 391, 0, 9223372036854775807, 0, 9223372036821540807
9, 392, 0, 9223372036854775807, 0, 9223372036821455807
9, 393, 0, 9223372036854775807, 0, 9223372036821370807
9, 394, 0, 9223372036854775807, 0, 9223372036821285807
9, 395, 0, 9223372036854775807, 0, 9223372036821200807
9, 396, 0, 9223372036854775807, 0, 9223372036821115807
9, 397, 0, 9223372036854775807, 0, 9223372036821030807
9, 398, 0, 9223372036854775807, 0, 9223372036820945807
9, 399, 0, 9223372036854775807, 0, 9223372036820860807
9, 4, 0, 9223372036854775807, 0, 9223372036854435807
9, 40, 0, 9223372036854775807, 0, 9223372036851375807
9, 400, 0, 9223372036854775807, 0, 9223372036820775807
9, 401, 0, 9223372036854775807, 0, 9223372036820690807
9, 402, 0, 9223372036854775807, 0, 9223372036820605807
9, 403, 0, 9223372036854775807, 0, 9223372036820520807
9, 404, 0, 9223372036854775807, 0, 9223372036820435807
9, 405, 0, 9223372036854775807, 0, 9223372036820350807
9, 406, 0, 9223372036854775807, 0, 9223372036820265807
9, 407, 0, 9223372036854775807, 0, 9223372036820180807
9, 408, 0, 9223372036854775807, 0, 9223372036820095807
9, 409, 0, 9223372036854775807, 0, 9223372036820010807
9, 41, 0, 9223372036854775807, 0, 9223372036851290807
9, 410, 0, 9223372036854775807, 0, 9223372036819925807
9, 411, 0, 9223372036854775807, 0, 9223372036819840807
9, 412, 0, 9223372036854775807, 0, 9223372036819755807
9, 413, 0, 9223372036854775807, 0, 9223372036819670807
9, 414, 0, 9223372036854775807, 0, 9223372036819585807
9, 415, 0, 9223372036854775807, 0, 9223372036819500807
9, 416, 0, 9223372036854775807, 0, 9223372036819415807
9, 417, 0, 9223372036854775807, 0, 9223372036819330807
9, 418, 0, 9223372036854775807, 0, 9223372036819245807
9, 419, 0, 9223372036854775807, 0, 9223372036819160807
9, 42, 0, 9223372036854775807, 0, 9223372036851205807
9, 420, 0, 9223372036854775807, 0, 9223372036819075807
9, 421, 0, 9223372036854775807, 0, 9223372036818990807
9, 422, 0, 9223372036854775807, 0, 9223372036818905807
9, 423, 0, 9223372036854775807, 0, 9223372036818820807
9, 424, 0, 9223372036854775807, 0, 9223372036818735807
9, 425, 0, 9223372036854775807, 0, 9223372036818650807
9, 426, 0, 9223372036854775807, 0, 9223372036818565807
9, 427, 0, 9223372036854775807, 0, 9223372036818480807
9, 428, 0, 9223372036854775807, 0, 9223372036818395807
9, 429, 0, 9223372036854775807, 0, 9223372036818310807
9, 43, 0, 9223372036854775807, 0, 9223372036851120807
9, 430, 0, 9223372036854775807, 0, 9223372036818225807
9, 431, 0, 9223372036854775807, 0, 9223372036818140807
9, 432, 0, 9223372036854775807, 0, 9223372036818055807
9, 433, 0, 9223372036854775807, 0, 9223372036817970807
9, 434, 0, 9223372036854775807, 0, 9223372036817885807
9, 435, 0, 9223372036854775807, 0, 9223372036817800807
9, 436, 0, 9223372036854775807, 0, 9223372036817715807
9, 437, 0, 9223372036854775807, 0, 9223372036817630807
9, 438, 0, 9223372036854775807, 0, 9223372036817545807
9, 439, 0, 9223372036854775807, 0, 9223372036817460807
9, 44, 0, 9223372036854775807, 0, 9223372036851035807
9, 440, 0, 9223372036854775807, 0, 9223372036817375807
9, 441, 0, 9223372036854775807, 0, 9223372036817290807
9, 442, 0, 9223372036854775807, 0, 9223372036817205807
9, 443, 0, 9223372036854775807, 0, 9223372036817120807
9, 444, 0, 9223372036854775807, 0, 9223372036817035807
9, 445, 0, 9223372036854775807, 0, 9223372036816950807
9, 446, 0, 9223372036854775807, 0, 9223372036816865807
9, 447, 0, 9223372036854775807, 0, 9223372036816780807
9, 448, 0, 9223372036854775807, 0, 9223372036816695807
9, 449, 0, 9223372036854775807, 0, 9223372036816610807
9, 45, 0, 9223372036854775807, 0, 9223372036850950807
9, 450, 0, 9223372036854775807, 0, 9223372036816525807
9, 451, 0, 9223372036854775807, 0, 9223372036816440807
9, 452, 0, 9223372036854775807, 0, 9223372036816355807
9, 453, 0, 9223372036854775807, 0, 9223372036816270807
9, 454, 0, 9223372036854775807, 0, 9223372036816185807
9, 455, 0, 9223372036854775807, 0, 9223372036816100807
9, 456, 0, 9223372036854775807, 0, 9223372036816015807
9, 457, 0, 9223372036854775807, 0, 9223372036815930807
9, 458, 0, 9223372036854775807, 0, 9223372036815845807
9, 459, 0, 9223372036854775807, 0, 9223372036815760807
9, 46, 0, 9223372036854775807, 0, 9223372036850865807
9, 460, 0, 9223372036854775807, 0, 9223372036815675807
9, 461, 0, 9223372036854775807, 0, 9223372036815590807
9, 462, 0, 9223372036854775807, 0, 9223372036815505807
9, 463, 0, 9223372036854775807, 0, 9223372036815420807
9, 464, 0, 9223372036854775807, 0, 9223372036815335807
9, 465, 0, 9223372036854775807, 0, 9223372036815250807
9, 466, 0, 9223372036854775807, 0, 9223372036815165807
9, 467, 0, 9223372036854775807, 0, 9223372036815080807
9, 468, 0, 9223372036854775807, 0, 9223372036814995807
9, 469, 0, 9223372036854775807, 0, 9223372036814910807
9, 47, 0, 9223372036854775807, 0, 9223372036850780807
9, 470, 0, 9223372036854775807, 0, 9223372036814825807
9, 471, 0, 9223372036854775807, 0, 9223372036814740807
9, 472, 0, 9223372036854775807, 0, 9223372036814655807
9, 473, 0, 9223372036854775807, 0, 9223372036814570807
9, 474, 0, 9223372036854775807, 0, 9223372036814485807
9, 475, 0, 9223372036854775807, 0, 9223372036814400807
9, 476, 0, 9223372036854775807, 0, 9223372036814315807
9, 477, 0, 9223372036854775807, 0, 9223372036814230807
9, 478, 0, 9223372036854775807, 0, 9223372036814145807
9, 479, 0, 9223372036854775807, 0, 9223372036814060807
9, 48, 0, 9223372036854775807, 0, 9223372036850695807
9, 480, 0, 9223372036854775807, 0, 9223372036813975807
9, 481, 0, 9223372036854775807, 0, 9223372036813890807
9, 482, 0, 9223372036854775807, 0, 9223372036813805807
9, 483, 0, 9223372036854775807, 0, 9223372036813720807
9, 484, 0, 9223372036854775807, 0, 9223372036813635807
9, 485, 0, 9223372036854775807, 0, 9223372036813550807
9, 486, 0, 9223372036854775807, 0, 9223372036813465807
9, 487, 0, 9223372036854775807, 0, 9223372036813380807
9, 488, 0, 9223372036854775807, 0, 9223372036813295807
9, 489, 0, 9223372036854775807, 0, 9223372036813210807
9, 49, 0, 9223372036854775807, 0, 9223372036850610807
9, 490, 0, 9223372036854775807, 0, 9223372036813125807
9, 491, 0, 9223372036854775807, 0, 9223372036813040807
9, 492, 0, 9223372036854775807, 0, 9223372036812955807
9, 493, 0, 9223372036854775807, 0, 9223372036812870807
9, 494, 0, 9223372036854775807, 0, 9223372036812785807
9, 495, 0, 9223372036854775807, 0, 9223372036812700807
9, 496, 0, 9223372036854775807, 0, 9223372036812615807
9, 497, 0, 9223372036854775807, 0, 9223372036812530807
9, 498, 0, 9223372036854775807, 0, 9223372036812445807
9, 499, 0, 9223372036854775807, 0, 9223372036812360807
9, 5, 0, 9223372036854775807, 0, 9223372036854350807
9, 50, 0, 9223372036854775807, 0, 9223372036850525807
9, 500, 0, 9223372036854775807, 0, 9223372036812275807
9, 501, 0, 9223372036854775807, 0, 9223372036812190807
9, 502, 0, 9223372036854775807, 0, 9223372036812105807
9, 503, 0, 9223372036854775807, 0, 9223372036812020807
9, 504, 0, 9223372036854775807, 0, 9223372036811935807
9, 505, 0, 9223372036854775807, 0, 9223372036811850807
9, 506, 0, 9223372036854775807, 0, 9223372036811765807
9, 507, 0, 9223372036854775807, 0, 9223372036811680807
9, 508, 0, 9223372036854775807, 0, 9223372036811595807
9, 509, 0, 9223372036854775807, 0, 9223372036811510807
9, 51, 0, 9223372036854775807, 0, 9223372036850440807
9, 510, 0, 9223372036854775807, 0, 9223372036811425807
9, 511, 0, 9223372036854775807, 0, 9223372036811340807
9, 512, 0, 9223372036854775807, 0, 9223372036811255807
9, 513, 0, 9223372036854775807, 0, 9223372036811170807
9, 514, 0, 9223372036854775807, 0, 9223372036811085807
9, 515, 0, 9223372036854775807, 0, 9223372036811000807
9, 516, 0, 9223372036854775807, 0, 9223372036810915807
9, 517, 0, 9223372036854775807, 0, 9223372036810830807
9, 518, 0, 9223372036854775807, 0, 9223372036810745807
9, 519, 0, 9223372036854775807, 0, 9223372036810660807
9, 52, 0, 9223372036854775807, 0, 9223372036850355807
9, 520, 0, 9223372036854775807, 0, 9223372036810575807
9, 521, 0, 9223372036854775807, 0, 9223372036810490807
9, 522, 0, 9223372036854775807, 0, 9223372036810405807
9, 523, 0, 9223372036854775807, 0, 9223372036810320807
9, 524, 0, 9223372036854775807, 0, 9223372036810235807
9, 525, 0, 9223372036854775807, 0, 9223372036810150807
9, 526, 0, 9223372036854775807, 0, 9223372036810065807
9, 527, 0, 9223372036854775807, 0, 9223372036809980807
9, 528, 0, 9223372036854775807, 0, 9223372036809895807
9, 529, 0, 9223372036854775807, 0, 9223372036809810807
9, 53, 0, 9223372036854775807, 0, 9223372036850270807
9, 530, 0, 9223372036854775807, 0, 9223372036809725807
9, 531, 0, 9223372036854775807, 0, 9223372036809640807
9, 532, 0, 9223372036854775807, 0, 9223372036809555807
9, 533, 0, 9223372036854775807, 0, 9223372036809470807
9, 534, 0, 9223372036854775807, 0, 9223372036809385807
9, 535, 0, 9223372036854775807, 0, 9223372036809300807
9, 536, 0, 9223372036854775807, 0, 9223372036809215807
9, 537, 0, 9223372036854775807, 0, 9223372036809130807
9, 538, 0, 9223372036854775807, 0, 9223372036809045807
9, 539, 0, 9223372036854775807, 0, 9223372036808960807
9, 54, 0, 9223372036854775807, 0, 9223372036850185807
9, 540, 0, 9223372036854775807, 0, 9223372036808875807
9, 541, 0, 9223372036854775807, 0, 9223372036808790807
9, 542, 0, 9223372036854775807, 0, 9223372036808705807
9, 543, 0, 9223372036854775807, 0, 9223372036808620807
9, 544, 0, 9223372036854775807, 0, 9223372036808535807
9, 545, 0, 9223372036854775807, 0, 9223372036808450807
9, 546, 0, 9223372036854775807, 0, 9223372036808365807
9, 547, 0, 9223372036854775807, 0, 9223372036808280807
9, 548, 0, 9223372036854775807, 0, 9223372036808195807
9, 549, 0, 9223372036854775807, 0, 9223372036808110807
9, 55, 0, 9223372036854775807, 0, 9223372036850100807
9, 550, 0, 9223372036854775807, 0, 9223372036808025807
9, 551, 0, 9223372036854775807, 0, 9223372036807940807
9, 552, 0, 9223372036854775807, 0, 9223372036807855807
9, 553, 0, 9223372036854775807, 0, 9223372036807770807
9, 554, 0, 9223372036854775807, 0, 9223372036807685807
9, 555, 0, 9223372036854775807, 0, 9223372036807600807
9, 556, 0, 9223372036854775807, 0, 9223372036807515807
9, 557, 0, 9223372036854775807, 0, 9223372036807430807
9, 558, 0, 9223372036854775807, 0, 9223372036807345807
9, 559, 0, 9223372036854775807, 0, 9223372036807260807
9, 56, 0, 9223372036854775807, 0, 9223372036850015807
9, 560, 0, 9223372036854775807, 0, 9223372036807175807
9, 561, 0, 9223372036854775807, 0, 9223372036807090807
9, 562, 0, 9223372036854775807, 0, 9223372036807005807
9, 563, 0, 9223372036854775807, 0, 9223372036806920807
9, 564, 0, 9223372036854775807, 0, 9223372036806835807
9, 565, 0, 9223372036854775807, 0, 9223372036806750807
9, 566, 0, 9223372036854775807, 0, 9223372036806665807
9, 567, 0, 9223372036854775807, 0, 9223372036806580807
9, 568, 0, 9223372036854775807, 0, 9223372036806495807
9, 569, 0, 9223372036854775807, 0, 9223372036806410807
9, 57, 0, 9223372036854775807, 0, 9223372036849930807
9, 570, 0, 9223372036854775807, 0, 9223372036806325807
9, 571, 0, 9223372036854775807, 0, 9223372036806240807
9, 572, 0, 9223372036854775807, 0, 9223372036806155807
9, 573, 0, 9223372036854775807, 0, 9223372036806070807
9, 574, 0, 9223372036854775807, 0, 9223372036805985807
9, 575, 0, 9223372036854775807, 0, 9223372036805900807
9, 576, 0, 9223372036854775807, 0, 9223372036805815807
9, 577, 0, 9223372036854775807, 0, 9223372036805730807
9, 578, 0, 9223372036854775807, 0, 9223372036805645807
9, 579, 0, 9223372036854775807, 0, 9223372036805560807
9, 58, 0, 9223372036854775807, 0, 9223372036849845807
9, 580, 0, 9223372036854775807, 0, 9223372036805475807
9, 581, 0, 9223372036854775807, 0, 9223372036805390807
9, 582, 0, 9223372036854775807, 0, 9223372036805305807
9, 583, 0, 9223372036854775807, 0, 9223372036805220807
9, 584, 0, 9223372036854775807, 0, 9223372036805135807
9, 585, 0, 9223372036854775807, 0, 9223372036805050807
9, 586, 0, 9223372036854775807, 0, 9223372036804965807
9, 587, 0, 9223372036854775807, 0, 9223372036804880807
9, 588, 0, 9223372036854775807, 0, 9223372036804795807
9, 589, 0, 9223372036854775807, 0, 9223372036804710807
9, 59, 0, 9223372036854775807, 0, 9223372036849760807
9, 590, 0, 9223372036854775807, 0, 9223372036804625807
9, 591, 0, 9223372036854775807, 0, 9223372036804540807
9, 592, 0, 9223372036854775807, 0, 9223372036804455807
9, 593, 0, 9223372036854775807, 0, 9223372036804370807
9, 594, 0, 9223372036854775807, 0, 9223372036804285807
9, 595, 0, 9223372036854775807, 0, 9223372036804200807
9, 596, 0, 9223372036854775807, 0, 9223372036804115807
9, 597, 0, 9223372036854775807, 0, 9223372036804030807
9, 598, 0, 9223372036854775807, 0, 9223372036803945807
9, 599, 0, 9223372036854775807, 0, 9223372036803860807
9, 6, 0, 9223372036854775807, 0, 9223372036854265807
9, 60, 0, 9223372036854775807, 0, 9223372036849675807
9, 600, 0, 9223372036854775807, 0, 9223372036803775807
9, 601, 0, 9223372036854775807, 0, 9223372036803690807
9, 602, 0, 9223372036854775807, 0, 9223372036803605807
9, 603, 0, 9223372036854775807, 0, 9223372036803520807
9, 604, 0, 9223372036854775807, 0, 9223372036803435807
9, 605, 0, 9223372036854775807, 0, 9223372036803350807
9, 606, 0, 9223372036854775807, 0, 9223372036803265807
9, 607, 0, 9223372036854775807, 0, 9223372036803180807
9, 608, 0, 9223372036854775807, 0, 9223372036803095807
9, 609, 0, 9223372036854775807, 0, 9223372036803010807
9, 61, 0, 9223372036854775807, 0, 9223372036849590807
9, 610, 0, 9223372036854775807, 0, 9223372036802925807
9, 611, 0, 9223372036854775807, 0, 9223372036802840807
9, 612, 0, 9223372036854775807, 0, 9223372036802755807
9, 613, 0, 9223372036854775807, 0, 9223372036802670807
9, 614, 0, 9223372036854775807, 0, 9223372036802585807
9, 615, 0, 9223372036854775807, 0, 9223372036802500807
9, 616, 0, 9223372036854775807, 0, 9223372036802415807
9, 617, 0, 9223372036854775807, 0, 9223372036802330807
9, 618, 0, 9223372036854775807, 0, 9223372036802245807
9, 619, 0, 9223372036854775807, 0, 9223372036802160807
9, 62, 0, 9223372036854775807, 0, 9223372036849505807
9, 620, 0, 9223372036854775807, 0, 9223372036802075807
9, 621, 0, 9223372036854775807, 0, 9223372036801990807
9, 622, 0, 9223372036854775807, 0, 9223372036801905807
9, 623, 0, 9223372036854775807, 0, 9223372036801820807
9, 624, 0, 9223372036854775807, 0, 9223372036801735807
9, 625, 0, 9223372036854775807, 0, 9223372036801650807
9, 626, 0, 9223372036854775807, 0, 9223372036801565807
9, 627, 0, 9223372036854775807, 0, 9223372036801480807
9, 628, 0, 9223372036854775807, 0, 9223372036801395807
9, 629, 0, 9223372036854775807, 0, 9223372036801310807
9, 63, 0, 9223372036854775807, 0, 9223372036849420807
9, 630, 0, 9223372036854775807, 0, 9223372036801225807
9, 631, 0, 9223372036854775807, 0, 9223372036801140807
9, 632, 0, 9223372036854775807, 0, 9223372036801055807
9, 633, 0, 9223372036854775807, 0, 9223372036800970807
9, 634, 0, 9223372036854775807, 0, 9223372036800885807
9, 635, 0, 9223372036854775807, 0, 9223372036800800807
9, 636, 0, 9223372036854775807, 0, 9223372036800715807
9, 637, 0, 9223372036854775807, 0, 9223372036800630807
9, 638, 0, 9223372036854775807, 0, 9223372036800545807
9, 639, 0, 9223372036854775807, 0, 9223372036800460807
9, 64, 0, 9223372036854775807, 0, 9223372036849335807
9, 640, 0, 9223372036854775807, 0, 9223372036800375807
9, 641, 0, 9223372036854775807, 0, 9223372036800290807
9, 642, 0, 9223372036854775807, 0, 9223372036800205807
9, 643, 0, 9223372036854775807, 0, 9223372036800120807
9, 644, 0, 9223372036854775807, 0, 9223372036800035807
9, 645, 0, 9223372036854775807, 0, 9223372036799950807
9, 646, 0, 9223372036854775807, 0, 9223372036799865807
9, 647, 0, 9223372036854775807, 0, 9223372036799780807
9, 648, 0, 9223372036854775807, 0, 9223372036799695807
9, 649, 0, 9223372036854775807, 0, 9223372036799610807
9, 65, 0, 9223372036854775807, 0, 9223372036849250807
9, 650, 0, 9223372036854775807, 0, 9223372036799525807
9, 651, 0, 9223372036854775807, 0, 9223372036799440807
9, 652, 0, 9223372036854775807, 0, 9223372036799355807
9, 653, 0, 9223372036854775807, 0, 9223372036799270807
9, 654, 0, 9223372036854775807, 0, 9223372036799185807
9, 655, 0, 9223372036854775807, 0, 9223372036799100807
9, 656, 0, 9223372036854775807, 0, 9223372036799015807
9, 657, 0, 9223372036854775807, 0, 9223372036798930807
9, 658, 0, 9223372036854775807, 0, 9223372036798845807
9, 659, 0, 9223372036854775807, 0, 9223372036798760807
9, 66, 0, 9223372036854775807, 0, 9223372036849165807
9, 660, 0, 9223372036854775807, 0, 9223372036798675807
9, 661, 0, 9223372036854775807, 0, 9223372036798590807
9, 662, 0, 9223372036854775807, 0, 9223372036798505807
9, 663, 0, 9223372036854775807, 0, 9223372036798420807
9, 664, 0, 9223372036854775807, 0, 9223372036798335807
9, 665, 0, 9223372036854775807, 0, 9223372036798250807
9, 666, 0, 9223372036854775807, 0, 9223372036798165807
9, 667, 0, 9223372036854775807, 0, 9223372036798080807
9, 668, 0, 9223372036854775807, 0, 9223372036797995807
9, 669, 0, 9223372036854775807, 0, 9223372036797910807
9, 67, 0, 9223372036854775807, 0, 9223372036849080807
9, 670, 0, 9223372036854775807, 0, 9223372036797825807
9, 671, 0, 9223372036854775807, 0, 9223372036797740807
9, 672, 0, 9223372036854775807, 0, 9223372036797655807
9, 673, 0, 9223372036854775807, 0, 9223372036797570807
9, 674, 0, 9223372036854775807, 0, 9223372036797485807
9, 675, 0, 9223372036854775807, 0, 9223372036797400807
9, 676, 0, 9223372036854775807, 0, 9223372036797315807
9, 677, 0, 9223372036854775807, 0, 9223372036797230807
9, 678, 0, 9223372036854775807, 0, 9223372036797145807
9, 679, 0, 9223372036854775807, 0, 9223372036797060807
9, 68, 0, 9223372036854775807, 0, 9223372036848995807
9, 680, 0, 9223372036854775807, 0, 9223372036796975807
9, 681, 0, 9223372036854775807, 0, 9223372036796890807
9, 682, 0, 9223372036854775807, 0, 9223372036796805807
9, 683, 0, 9223372036854775807, 0, 9223372036796720807
9, 684, 0, 9223372036854775807, 0, 9223372036796635807
9, 685, 0, 9223372036854775807, 0, 9223372036796550807
9, 686, 0, 9223372036854775807, 0, 9223372036796465807
9, 687, 0, 9223372036854775807, 0, 9223372036796380807
9, 688, 0, 9223372036854775807, 0, 9223372036796295807
9, 689, 0, 9223372036854775807, 0, 9223372036796210807
9, 69, 0, 9223372036854775807, 0, 9223372036848910807
9, 690, 0, 9223372036854775807, 0, 9223372036796125807
9, 691, 0, 9223372036854775807, 0, 9223372036796040807
9, 692, 0, 9223372036854775807, 0, 9223372036795955807
9, 693, 0, 9223372036854775807, 0, 9223372036795870807
9, 694, 0, 9223372036854775807, 0, 9223372036795785807
9, 695, 0, 9223372036854775807, 0, 9223372036795700807
9, 696, 0, 9223372036854775807, 0, 9223372036795615807
9, 697, 0, 9223372036854775807, 0, 9223372036795530807
9, 698, 0, 9223372036854775807, 0, 9223372036795445807
9, 699, 0, 9223372036854775807, 0, 9223372036795360807
9, 7, 0, 9223372036854775807, 0, 9223372036854180807
9, 70, 0, 9223372036854775807, 0, 9223372036848825807
9, 700, 0, 9223372036854775807, 0, 9223372036795275807
9, 701, 0, 9223372036854775807, 0, 9223372036795190807
9, 702, 0, 9223372036854775807, 0, 9223372036795105807
9, 703, 0, 9223372036854775807, 0, 9223372036795020807
9, 704, 0, 9223372036854775807, 0, 9223372036794935807
9, 705, 0, 9223372036854775807, 0, 9223372036794850807
9, 706, 0, 9223372036854775807, 0, 9223372036794765807
9, 707, 0, 9223372036854775807, 0, 9223372036794680807
9, 708, 0, 9223372036854775807, 0, 9223372036794595807
9, 709, 0, 9223372036854775807, 0, 9223372036794510807
9, 71, 0, 9223372036854775807, 0, 9223372036848740807
9, 710, 0, 9223372036854775807, 0, 9223372036794425807
9, 711, 0, 9223372036854775807, 0, 9223372036794340807
9, 712, 0, 9223372036854775807, 0, 9223372036794255807
9, 713, 0, 9223372036854775807, 0, 9223372036794170807
9, 714, 0, 9223372036854775807, 0, 9223372036794085807
9, 715, 0, 9223372036854775807, 0, 9223372036794000807
9, 716, 0, 9223372036854775807, 0, 9223372036793915807
9, 717, 0, 9223372036854775807, 0, 9223372036793830807
9, 718, 0, 9223372036854775807, 0, 9223372036793745807
9, 719, 0, 9223372036854775807, 0, 9223372036793660807
9, 72, 0, 9223372036854775807, 0, 9223372036848655807
9, 720, 0, 9223372036854775807, 0, 9223372036793575807
9, 721, 0, 9223372036854775807, 0, 9223372036793490807
9, 722, 0, 9223372036854775807, 0, 9223372036793405807
9, 723, 0, 9223372036854775807, 0, 9223372036793320807
9, 724, 0, 9223372036854775807, 0, 9223372036793235807
9, 725, 0, 9223372036854775807, 0, 9223372036793150807
9, 726, 0, 9223372036854775807, 0, 9223372036793065807
9, 727, 0, 9223372036854775807, 0, 9223372036792980807
9, 728, 0, 9223372036854775807, 0, 9223372036792895807
9, 729, 0, 9223372036854775807, 0, 9223372036792810807
9, 73, 0, 9223372036854775807, 0, 9223372036848570807
9, 730, 0, 9223372036854775807, 0, 9223372036792725807
9, 731, 0, 9223372036854775807, 0, 9223372036792640807
9, 732, 0, 9223372036854775807, 0, 9223372036792555807
9, 733, 0, 9223372036854775807, 0, 9223372036792470807
9, 734, 0, 9223372036854775807, 0, 9223372036792385807
9, 735, 0, 9223372036854775807, 0, 9223372036792300807
9, 736, 0, 9223372036854775807, 0, 9223372036792215807
9, 737, 0, 9223372036854775807, 0, 9223372036792130807
9, 738, 0, 9223372036854775807, 0, 9223372036792045807
9, 739, 0, 9223372036854775807, 0, 9223372036791960807
9, 74, 0, 9223372036854775807, 0, 9223372036848485807
9, 740, 0, 9223372036854775807, 0, 9223372036791875807
9, 741, 0, 9223372036854775807, 0, 9223372036791790807
9, 742, 0, 9223372036854775807, 0, 9223372036791705807
9, 743, 0, 9223372036854775807, 0, 9223372036791620807
9, 744, 0, 9223372036854775807, 0, 9223372036791535807
9, 745, 0, 9223372036854775807, 0, 9223372036791450807
9, 746, 0, 9223372036854775807, 0, 9223372036791365807
9, 747, 0, 9223372036854775807, 0, 9223372036791280807
9, 748, 0, 9223372036854775807, 0, 9223372036791195807
9, 749, 0, 9223372036854775807, 0, 9223372036791110807
9, 75, 0, 9223372036854775807, 0, 9223372036848400807
9, 750, 0, 9223372036854775807, 0, 9223372036791025807
9, 751, 0, 9223372036854775807, 0, 9223372036790940807
9, 752, 0, 9223372036854775807, 0, 9223372036790855807
9, 753, 0, 9223372036854775807, 0, 9223372036790770807
9, 754, 0, 9223372036854775807, 0, 9223372036790685807
9, 755, 0, 9223372036854775807, 0, 9223372036790600807
9, 756, 0, 9223372036854775807, 0, 9223372036790515807
9, 757, 0, 9223372036854775807, 0, 9223372036790430807
9, 758, 0, 9223372036854775807, 0, 9223372036790345807
9, 759, 0, 9223372036854775807, 0, 9223372036790260807
9, 76, 0, 9223372036854775807, 0, 9223372036848315807
9, 760, 0, 9223372036854775807, 0, 9223372036790175807
9, 761, 0, 9223372036854775807, 0, 9223372036790090807
9, 762, 0, 9223372036854775807, 0, 9223372036790005807
9, 763, 0, 9223372036854775807, 0, 9223372036789920807
9, 764, 0, 9223372036854775807, 0, 9223372036789835807
9, 765, 0, 9223372036854775807, 0, 9223372036789750807
9, 766, 0, 9223372036854775807, 0, 9223372036789665807
9, 767, 0, 9223372036854775807, 0, 9223372036789580807
9, 768, 0, 9223372036854775807, 0, 9223372036789495807
9, 769, 0, 9223372036854775807, 0, 9223372036789410807
9, 77, 0, 9223372036854775807, 0, 9223372036848230807
9, 770, 0, 9223372036854775807, 0, 9223372036789325807
9, 771, 0, 9223372036854775807, 0, 9223372036789240807
9, 772, 0, 9223372036854775807, 0, 9223372036789155807
9, 773, 0, 9223372036854775807, 0, 9223372036789070807
9, 774, 0, 9223372036854775807, 0, 9223372036788985807
9, 775, 0, 9223372036854775807, 0, 9223372036788900807
9, 776, 0, 9223372036854775807, 0, 9223372036788815807
9, 777, 0, 9223372036854775807, 0, 9223372036788730807
9, 778, 0, 9223372036854775807, 0, 9223372036788645807
9, 779, 0, 9223372036854775807, 0, 9223372036788560807
9, 78, 0, 9223372036854775807, 0, 9223372036848145807
9, 780, 0, 9223372036854775807, 0, 9223372036788475807
9, 781, 0, 9223372036854775807, 0, 9223372036788390807
9, 782, 0, 9223372036854775807, 0, 9223372036788305807
9, 783, 0, 9223372036854775807, 0, 9223372036788220807
9, 784, 0, 9223372036854775807, 0, 9223372036788135807
9, 785, 0, 9223372036854775807, 0, 9223372036788050807
9, 786, 0, 9223372036854775807, 0, 9223372036787965807
9, 787, 0, 9223372036854775807, 0, 9223372036787880807
9, 788, 0, 9223372036854775807, 0, 9223372036787795807
9, 789, 0, 9223372036854775807, 0, 9223372036787710807
9, 79, 0, 9223372036854775807, 0, 9223372036848060807
9, 790, 0, 9223372036854775807, 0, 9223372036787625807
9, 791, 0, 9223372036854775807, 0, 9223372036787540807
9, 792, 0, 9223372036854775807, 0, 9223372036787455807
9, 793, 0, 9223372036854775807, 0, 9223372036787370807
9, 794, 0, 9223372036854775807, 0, 9223372036787285807
9, 795, 0, 9223372036854775807, 0, 9223372036787200807
9, 796, 0, 9223372036854775807, 0, 9223372036787115807
9, 797, 0, 9223372036854775807, 0, 9223372036787030807
9, 798, 0, 9223372036854775807, 0, 9223372036786945807
9, 799, 0, 9223372036854775807, 0, 9223372036786860807
9, 8, 0, 9223372036854775807, 0, 9223372036854095807
9, 80, 0, 9223372036854775807, 0, 9223372036847975807
9, 800, 0, 9223372036854775807, 0, 9223372036786775807
9, 801, 0, 9223372036854775807, 0, 9223372036786690807
9, 802, 0, 9223372036854775807, 0, 9223372036786605807
9, 803, 0, 9223372036854775807, 0, 9223372036786520807
9, 804, 0, 9223372036854775807, 0, 9223372036786435807
9, 805, 0, 9223372036854775807, 0, 9223372036786350807
9, 806, 0, 9223372036854775807, 0, 9223372036786265807
9, 807, 0, 9223372036854775807, 0, 9223372036786180807
9, 808, 0, 9223372036854775807, 0, 9223372036786095807
9, 809, 0, 9223372036854775807, 0, 9223372036786010807
9, 81, 0, 9223372036854775807, 0, 9223372036847890807
9, 810, 0, 9223372036854775807, 0, 9223372036785925807
9, 811, 0, 9223372036854775807, 0, 9223372036785840807
9, 812, 0, 9223372036854775807, 0, 9223372036785755807
9, 813, 0, 9223372036854775807, 0, 9223372036785670807
9, 814, 0, 9223372036854775807, 0, 9223372036785585807
9, 815, 0, 9223372036854775807, 0, 9223372036785500807
9, 816, 0, 9223372036854775807, 0, 9223372036785415807
9, 817, 0, 9223372036854775807, 0, 9223372036785330807
9, 818, 0, 9223372036854775807, 0, 9223372036785245807
9, 819, 0, 9223372036854775807, 0, 9223372036785160807
9, 82, 0, 9223372036854775807, 0, 9223372036847805807
9, 820, 0, 9223372036854775807, 0, 9223372036785075807
9, 821, 0, 9223372036854775807, 0, 9223372036784990807
9, 822, 0, 9223372036854775807, 0, 9223372036784905807
9, 823, 0, 9223372036854775807, 0, 9223372036784820807
9, 824, 0, 9223372036854775807, 0, 9223372036784735807
9, 825, 0, 9223372036854775807, 0, 9223372036784650807
9, 826, 0, 9223372036854775807, 0, 9223372036784565807
9, 827, 0, 9223372036854775807, 0, 9223372036784480807
9, 828, 0, 9223372036854775807, 0, 9223372036784395807
9, 829, 0, 9223372036854775807, 0, 9223372036784310807
9, 83, 0, 9223372036854775807, 0, 9223372036847720807
9, 830, 0, 9223372036854775807, 0, 9223372036784225807
9, 831, 0, 9223372036854775807, 0, 9223372036784140807
9, 832, 0, 9223372036854775807, 0, 9223372036784055807
9, 833, 0, 9223372036854775807, 0, 9223372036783970807
9, 834, 0, 9223372036854775807, 0, 9223372036783885807
9, 835, 0, 9223372036854775807, 0, 9223372036783800807
9, 836, 0, 9223372036854775807, 0, 9223372036783715807
9, 837, 0, 9223372036854775807, 0, 9223372036783630807
9, 838, 0, 9223372036854775807, 0, 9223372036783545807
9, 839, 0, 9223372036854775807, 0, 9223372036783460807
9, 84, 0, 9223372036854775807, 0, 9223372036847635807
9, 840, 0, 9223372036854775807, 0, 9223372036783375807
9, 841, 0, 9223372036854775807, 0, 9223372036783290807
9, 842, 0, 9223372036854775807, 0, 9223372036783205807
9, 843, 0, 9223372036854775807, 0, 9223372036783120807
9, 844, 0, 9223372036854775807, 0, 9223372036783035807
9, 845, 0, 9223372036854775807, 0, 9223372036782950807
9, 846, 0, 9223372036854775807, 0, 9223372036782865807
9, 847, 0, 9223372036854775807, 0, 9223372036782780807
9, 848, 0, 9223372036854775807, 0, 9223372036782695807
9, 849, 0, 9223372036854775807, 0, 9223372036782610807
9, 85, 0, 9223372036854775807, 0, 9223372036847550807
9, 850, 0, 9223372036854775807, 0, 9223372036782525807
9, 851, 0, 9223372036854775807, 0, 9223372036782440807
9, 852, 0, 9223372036854775807, 0, 9223372036782355807
9, 853, 0, 9223372036854775807, 0, 9223372036782270807
9, 854, 0, 9223372036854775807, 0, 9223372036782185807
9, 855, 0, 9223372036854775807, 0, 9223372036782100807
9, 856, 0, 9223372036854775807, 0, 9223372036782015807
9, 857, 0, 9223372036854775807, 0, 9223372036781930807
9, 858, 0, 9223372036854775807, 0, 9223372036781845807
9, 859, 0, 9223372036854775807, 0, 9223372036781760807
9, 86, 0, 9223372036854775807, 0, 9223372036847465807
9, 860, 0, 9223372036854775807, 0, 9223372036781675807
9, 861, 0, 9223372036854775807, 0, 9223372036781590807
9, 862, 0, 9223372036854775807, 0, 9223372036781505807
9, 863, 0, 9223372036854775807, 0, 9223372036781420807
9, 864, 0, 9223372036854775807, 0, 9223372036781335807
9, 865, 0, 9223372036854775807, 0, 9223372036781250807
9, 866, 0, 9223372036854775807, 0, 9223372036781165807
9, 867, 0, 9223372036854775807, 0, 9223372036781080807
9, 868, 0, 9223372036854775807, 0, 9223372036780995807
9, 869, 0, 9223372036854775807, 0, 9223372036780910807
9, 87, 0, 9223372036854775807, 0, 9223372036847380807
9, 870, 0, 9223372036854775807, 0, 9223372036780825807
9, 871, 0, 9223372036854775807, 0, 9223372036780740807
9, 872, 0, 9223372036854775807, 0, 9223372036780655807
9, 873, 0, 9223372036854775807, 0, 9223372036780570807
9, 874, 0, 9223372036854775807, 0, 9223372036780485807
9, 875, 0, 9223372036854775807, 0, 9223372036780400807
9, 876, 0, 9223372036854775807, 0, 9223372036780315807
9, 877, 0, 9223372036854775807, 0, 9223372036780230807
9, 878, 0, 9223372036854775807, 0, 9223372036780145807
9, 879, 0, 9223372036854775807, 0, 9223372036780060807
9, 88, 0, 9223372036854775807, 0, 9223372036847295807
9, 880, 0, 9223372036854775807, 0, 9223372036779975807
9, 881, 0, 9223372036854775807, 0, 9223372036779890807
9, 882, 0, 9223372036854775807, 0, 9223372036779805807
9, 883, 0, 9223372036854775807, 0, 9223372036779720807
9, 884, 0, 9223372036854775807, 0, 9223372036779635807
9, 885, 0, 9223372036854775807, 0, 9223372036779550807
9, 886, 0, 9223372036854775807, 0, 9223372036779465807
9, 887, 0, 9223372036854775807, 0, 9223372036779380807
9, 888, 0, 9223372036854775807, 0, 9223372036779295807
9, 889, 0, 9223372036854775807, 0, 9223372036779210807
9, 89, 0, 9223372036854775807, 0, 9223372036847210807
9, 890, 0, 9223372036854775807, 0, 9223372036779125807
9, 891, 0, 9223372036854775807, 0, 9223372036779040807
9, 892, 0, 9223372036854775807, 0, 9223372036778955807
9, 893, 0, 9223372036854775807, 0, 9223372036778870807
9, 894, 0, 9223372036854775807, 0, 9223372036778785807
9, 895, 0, 9223372036854775807, 0, 9223372036778700807
9, 896, 0, 9223372036854775807, 0, 9223372036778615807
9, 897, 0, 9223372036854775807, 0, 9223372036778530807
9, 898, 0, 9223372036854775807, 0, 9223372036778445807
9, 899, 0, 9223372036854775807, 0, 9223372036778360807
9, 9, 0, 9223372036854775807, 0, 9223372036854010807
9, 90, 0, 9223372036854775807, 0, 9223372036847125807
9, 900, 0, 9223372036854775807, 0, 9223372036778275807
9, 901, 0, 9223372036854775807, 0, 9223372036778190807
9, 902, 0, 9223372036854775807, 0, 9223372036778105807
9, 903, 0, 9223372036854775807, 0, 9223372036778020807
9, 904, 0, 9223372036854775807, 0, 9223372036777935807
9, 905, 0, 9223372036854775807, 0, 9223372036777850807
9, 906, 0, 9223372036854775807, 0, 9223372036777765807
9, 907, 0, 9223372036854775807, 0, 9223372036777680807
9, 908, 0, 9223372036854775807, 0, 9223372036777595807
9, 909, 0, 9223372036854775807, 0, 9223372036777510807
9, 91, 0, 9223372036854775807, 0, 9223372036847040807
9, 910, 0, 9223372036854775807, 0, 9223372036777425807
9, 911, 0, 9223372036854775807, 0, 9223372036777340807
9, 912, 0, 9223372036854775807, 0, 9223372036777255807
9, 913, 0, 9223372036854775807, 0, 9223372036777170807
9, 914, 0, 9223372036854775807, 0, 9223372036777085807
9, 915, 0, 9223372036854775807, 0, 9223372036777000807
9, 916, 0, 9223372036854775807, 0, 9223372036776915807
9, 917, 0, 9223372036854775807, 0, 9223372036776830807
9, 918, 0, 9223372036854775807, 0, 9223372036776745807
9, 919, 0, 9223372036854775807, 0, 9223372036776660807
9, 92, 0, 9223372036854775807, 0, 9223372036846955807
9, 920, 0, 9223372036854775807, 0, 9223372036776575807
9, 921, 0, 9223372036854775807, 0, 9223372036776490807
9, 922, 0, 9223372036854775807, 0, 9223372036776405807
9, 923, 0, 9223372036854775807, 0, 9223372036776320807
9, 924, 0, 9223372036854775807, 0, 9223372036776235807
9, 925, 0, 9223372036854775807, 0, 9223372036776150807
9, 926, 0, 9223372036854775807, 0, 9223372036776065807
9, 927, 0, 9223372036854775807, 0, 9223372036775980807
9, 928, 0, 9223372036854775807, 0, 9223372036775895807
9, 929, 0, 9223372036854775807, 0, 9223372036775810807
9, 93, 0, 9223372036854775807, 0, 9223372036846870807
9, 930, 0, 9223372036854775807, 0, 9223372036775725807
9, 931, 0, 9223372036854775807, 0, 9223372036775640807
9, 932, 0, 9223372036854775807, 0, 9223372036775555807
9, 933, 0, 9223372036854775807, 0, 9223372036775470807
9, 934, 0, 9223372036854775807, 0, 9223372036775385807
9, 935, 0, 9223372036854775807, 0, 9223372036775300807
9, 936, 0, 9223372036854775807, 0, 9223372036775215807
9, 937, 0, 9223372036854775807, 0, 9223372036775130807
9, 938, 0, 9223372036854775807, 0, 9223372036775045807
9, 939, 0, 9223372036854775807, 0, 9223372036774960807
9, 94, 0, 9223372036854775807, 0, 9223372036846785807
9, 940, 0, 9223372036854775807, 0, 9223372036774875807
9, 941, 0, 9223372036854775807, 0, 9223372036774790807
9, 942, 0, 9223372036854775807, 0, 9223372036774705807
9, 943, 0, 9223372036854775807, 0, 9223372036774620807
9, 944, 0, 9223372036854775807, 0, 9223372036774535807
9, 945, 0, 9223372036854775807, 0, 9223372036774450807
9, 946, 0, 9223372036854775807, 0, 9223372036774365807
9, 947, 0, 9223372036854775807, 0, 9223372036774280807
9, 948, 0, 9223372036854775807, 0, 9223372036774195807
9, 949, 0, 9223372036854775807, 0, 9223372036774110807
9, 95, 0, 9223372036854775807, 0, 9223372036846700807
9, 950, 0, 9223372036854775807, 0, 9223372036774025807
9, 951, 0, 9223372036854775807, 0, 9223372036773940807
9, 952, 0, 9223372036854775807, 0, 9223372036773855807
9, 953, 0, 9223372036854775807, 0, 9223372036773770807
9, 954, 0, 9223372036854775807, 0, 9223372036773685807
9, 955, 0, 9223372036854775807, 0, 9223372036773600807
9, 956, 0, 9223372036854775807, 0, 9223372036773515807
9, 957, 0, 9223372036854775807, 0, 9223372036773430807
9, 958, 0, 9223372036854775807, 0, 9223372036773345807
9, 959, 0, 9223372036854775807, 0, 9223372036773260807
9, 96, 0, 9223372036854775807, 0, 9223372036846615807
9, 960, 0, 9223372036854775807, 0, 9223372036773175807
9, 961, 0, 9223372036854775807, 0, 9223372036773090807
9, 962, 0, 9223372036854775807, 0, 9223372036773005807
9, 963, 0, 9223372036854775807, 0, 9223372036772920807
9, 964, 0, 9223372036854775807, 0, 9223372036772835807
9, 965, 0, 9223372036854775807, 0, 9223372036772750807
9, 966, 0, 9223372036854775807, 0, 9223372036772665807
9, 967, 0, 9223372036854775807, 0, 9223372036772580807
9, 968, 0, 9223372036854775807, 0, 9223372036772495807
9, 969, 0, 9223372036854775807, 0, 9223372036772410807
9, 97, 0, 9223372036854775807, 0, 9223372036846530807
9, 970, 0, 9223372036854775807, 0, 9223372036772325807
9, 971, 0, 9223372036854775807, 0, 9223372036772240807
9, 972, 0, 9223372036854775807, 0, 9223372036772155807
9, 973, 0, 9223372036854775807, 0, 9223372036772070807
9, 974, 0, 9223372036854775807, 0, 9223372036771985807
9, 975, 0, 9223372036854775807, 0, 9223372036771900807
9, 976, 0, 9223372036854775807, 0, 9223372036771815807
9, 977, 0, 9223372036854775807, 0, 9223372036771730807
9, 978, 0, 9223372036854775807, 0, 9223372036771645807
9, 979, 0, 9223372036854775807, 0, 9223372036771560807
9, 98, 0, 9223372036854775807, 0, 9223372036846445807
9, 980, 0, 9223372036854775807, 0, 9223372036771475807
9, 981, 0, 9223372036854775807, 0, 9223372036771390807
9, 982, 0, 9223372036854775807, 0, 9223372036771305807
9, 983, 0, 9223372036854775807, 0, 9223372036771220807
9, 984, 0, 9223372036854775807, 0, 9223372036771135807
9, 985, 0, 9223372036854775807, 0, 9223372036771050807
9, 986, 0, 9223372036854775807, 0, 9223372036770965807
9, 987, 0, 9223372036854775807, 0, 9223372036770880807
9, 988, 0, 9223372036854775807, 0, 9223372036770795807
9, 989, 0, 9223372036854775807, 0, 9223372036770710807
9, 99, 0, 9223372036854775807, 0, 9223372036846360807
9, 990, 0, 9223372036854775807, 0, 9223372036770625807
9, 991, 0, 9223372036854775807, 0, 9223372036770540807
9, 992, 0, 9223372036854775807, 0, 9223372036770455807
9, 993, 0, 9223372036854775807, 0, 9223372036770370807
9, 994, 0, 9223372036854775807, 0, 9223372036770285807
9, 995, 0, 9223372036854775807, 0, 9223372036770200807
9, 996, 0, 9223372036854775807, 0, 9223372036770115807
9, 997, 0, 9223372036854775807, 0, 9223372036770030807
9, 998, 0, 9223372036854775807, 0, 9223372036769945807
9, 999, 0, 9223372036854775807, 0, 9223372036769860807
