Task ID, Job ID, BCCT, WCCT, BCRT, WCRT
0, 0, 258, 1442, 258, 1442
0, 1, 0, 9223372036854775807, 0, 9223372036854774807
0, 10, 0, 9223372036854775807, 0, 9223372036854765807
0, 100, 0, 9223372036854775807, 0, 9223372036854675807
0, 101, 0, 9223372036854775807, 0, 9223372036854674807
0, 102, 0, 9223372036854775807, 0, 9223372036854673807
0, 103, 0, 9223372036854775807, 0, 9223372036854672807
0, 104, 0, 9223372036854775807, 0, 9223372036854671807
0, 105, 0, 9223372036854775807, 0, 9223372036854670807
0, 106, 0, 9223372036854775807, 0, 9223372036854669807
0, 107, 0, 9223372036854775807, 0, 9223372036854668807
0, 108, 0, 9223372036854775807, 0, 9223372036854667807
0, 109, 0, 9223372036854775807, 0, 9223372036854666807
0, 11, 0, 9223372036854775807, 0, 9223372036854764807
0, 110, 0, 9223372036854775807, 0, 9223372036854665807
0, 111, 0, 9223372036854775807, 0, 9223372036854664807
0, 112, 0, 9223372036854775807, 0, 9223372036854663807
0, 113, 0, 9223372036854775807, 0, 9223372036854662807
0, 114, 0, 9223372036854775807, 0, 9223372036854661807
0, 115, 0, 9223372036854775807, 0, 9223372036854660807
0, 116, 0, 9223372036854775807, 0, 9223372036854659807
0, 117, 0, 9223372036854775807, 0, 9223372036854658807
0, 118, 0, 9223372036854775807, 0, 9223372036854657807
0, 119, 0, 9223372036854775807, 0, 9223372036854656807
0, 12, 0, 9223372036854775807, 0, 9223372036854763807
0, 120, 0, 9223372036854775807, 0, 9223372036854655807
0, 121, 0, 9223372036854775807, 0, 9223372036854654807
0, 122, 0, 9223372036854775807, 0, 9223372036854653807
0, 123, 0, 9223372036854775807, 0, 9223372036854652807
0, 124, 0, 9223372036854775807, 0, 9223372036854651807
0, 125, 0, 9223372036854775807, 0, 9223372036854650807
0, 126, 0, 9223372036854775807, 0, 9223372036854649807
0, 127, 0, 9223372036854775807, 0, 9223372036854648807
0, 128, 0, 9223372036854775807, 0, 9223372036854647807
0, 129, 0, 9223372036854775807, 0, 9223372036854646807
0, 13, 0, 9223372036854775807, 0, 9223372036854762807
0, 130, 0, 9223372036854775807, 0, 9223372036854645807
0, 131, 0, 9223372036854775807, 0, 9223372036854644807
0, 132, 0, 9223372036854775807, 0, 9223372036854643807
0, 133, 0, 9223372036854775807, 0, 9223372036854642807
0, 134, 0, 9223372036854775807, 0, 9223372036854641807
0, 135, 0, 9223372036854775807, 0, 9223372036854640807
0, 136, 0, 9223372036854775807, 0, 9223372036854639807
0, 137, 0, 9223372036854775807, 0, 9223372036854638807
0, 138, 0, 9223372036854775807, 0, 9223372036854637807
0, 139, 0, 9223372036854775807, 0, 9223372036854636807
0, 14, 0, 9223372036854775807, 0, 9223372036854761807
0, 140, 0, 9223372036854775807, 0, 9223372036854635807
0, 141, 0, 9223372036854775807, 0, 9223372036854634807
0, 142, 0, 9223372036854775807, 0, 9223372036854633807
0, 143, 0, 9223372036854775807, 0, 9223372036854632807
0, 144, 0, 9223372036854775807, 0, 9223372036854631807
0, 145, 0, 9223372036854775807, 0, 9223372036854630807
0, 146, 0, 9223372036854775807, 0, 9223372036854629807
0, 147, 0, 9223372036854775807, 0, 9223372036854628807
0, 148, 0, 9223372036854775807, 0, 9223372036854627807
0, 149, 0, 9223372036854775807, 0, 9223372036854626807
0, 15, 0, 9223372036854775807, 0, 9223372036854760807
0, 150, 0, 9223372036854775807, 0, 9223372036854625807
0, 151, 0, 9223372036854775807, 0, 9223372036854624807
0, 152, 0, 9223372036854775807, 0, 9223372036854623807
0, 153, 0, 9223372036854775807, 0, 9223372036854622807
0, 154, 0, 9223372036854775807, 0, 9223372036854621807
0, 155, 0, 9223372036854775807, 0, 9223372036854620807
0, 156, 0, 9223372036854775807, 0, 9223372036854619807
0, 157, 0, 9223372036854775807, 0, 9223372036854618807
0, 158, 0, 9223372036854775807, 0, 9223372036854617807
0, 159, 0, 9223372036854775807, 0, 9223372036854616807
0, 16, 0, 9223372036854775807, 0, 9223372036854759807
0, 160, 0, 9223372036854775807, 0, 9223372036854615807
0, 161, 0, 9223372036854775807, 0, 9223372036854614807
0, 162, 0, 9223372036854775807, 0, 9223372036854613807
0, 163, 0, 9223372036854775807, 0, 9223372036854612807
0, 164, 0, 9223372036854775807, 0, 9223372036854611807
0, 165, 0, 9223372036854775807, 0, 9223372036854610807
0, 166, 0, 9223372036854775807, 0, 9223372036854609807
0, 167, 0, 9223372036854775807, 0, 9223372036854608807
0, 168, 0, 9223372036854775807, 0, 9223372036854607807
0, 169, 0, 9223372036854775807, 0, 9223372036854606807
0, 17, 0, 9223372036854775807, 0, 9223372036854758807
0, 170, 0, 9223372036854775807, 0, 9223372036854605807
0, 171, 0, 9223372036854775807, 0, 9223372036854604807
0, 172, 0, 9223372036854775807, 0, 9223372036854603807
0, 173, 0, 9223372036854775807, 0, 9223372036854602807
0, 174, 0, 9223372036854775807, 0, 9223372036854601807
0, 175, 0, 9223372036854775807, 0, 9223372036854600807
0, 176, 0, 9223372036854775807, 0, 9223372036854599807
0, 177, 0, 9223372036854775807, 0, 9223372036854598807
0, 178, 0, 9223372036854775807, 0, 9223372036854597807
0, 179, 0, 9223372036854775807, 0, 9223372036854596807
0, 18, 0, 9223372036854775807, 0, 9223372036854757807
0, 180, 0, 9223372036854775807, 0, 9223372036854595807
0, 181, 0, 9223372036854775807, 0, 9223372036854594807
0, 182, 0, 9223372036854775807, 0, 9223372036854593807
0, 183, 0, 9223372036854775807, 0, 9223372036854592807
0, 184, 0, 9223372036854775807, 0, 9223372036854591807
0, 185, 0, 9223372036854775807, 0, 9223372036854590807
0, 186, 0, 9223372036854775807, 0, 9223372036854589807
0, 187, 0, 9223372036854775807, 0, 9223372036854588807
0, 188, 0, 9223372036854775807, 0, 9223372036854587807
0, 189, 0, 9223372036854775807, 0, 9223372036854586807
0, 19, 0, 9223372036854775807, 0, 9223372036854756807
0, 190, 0, 9223372036854775807, 0, 9223372036854585807
0, 191, 0, 9223372036854775807, 0, 9223372036854584807
0, 192, 0, 9223372036854775807, 0, 9223372036854583807
0, 193, 0, 9223372036854775807, 0, 9223372036854582807
0, 194, 0, 9223372036854775807, 0, 9223372036854581807
0, 195, 0, 9223372036854775807, 0, 9223372036854580807
0, 196, 0, 9223372036854775807, 0, 9223372036854579807
0, 197, 0, 9223372036854775807, 0, 9223372036854578807
0, 198, 0, 9223372036854775807, 0, 9223372036854577807
0, 199, 0, 9223372036854775807, 0, 9223372036854576807
0, 2, 0, 9223372036854775807, 0, 9223372036854773807
0, 20, 0, 9223372036854775807, 0, 9223372036854755807
0, 200, 0, 9223372036854775807, 0, 9223372036854575807
0, 201, 0, 9223372036854775807, 0, 9223372036854574807
0, 202, 0, 9223372036854775807, 0, 9223372036854573807
0, 203, 0, 9223372036854775807, 0, 9223372036854572807
0, 204, 0, 9223372036854775807, 0, 9223372036854571807
0, 205, 0, 9223372036854775807, 0, 9223372036854570807
0, 206, 0, 9223372036854775807, 0, 9223372036854569807
0, 207, 0, 9223372036854775807, 0, 9223372036854568807
0, 208, 0, 9223372036854775807, 0, 9223372036854567807
0, 209, 0, 9223372036854775807, 0, 9223372036854566807
0, 21, 0, 9223372036854775807, 0, 9223372036854754807
0, 210, 0, 9223372036854775807, 0, 9223372036854565807
0, 211, 0, 9223372036854775807, 0, 9223372036854564807
0, 212, 0, 9223372036854775807, 0, 9223372036854563807
0, 213, 0, 9223372036854775807, 0, 9223372036854562807
0, 214, 0, 9223372036854775807, 0, 9223372036854561807
0, 215, 0, 9223372036854775807, 0, 9223372036854560807
0, 216, 0, 9223372036854775807, 0, 9223372036854559807
0, 217, 0, 9223372036854775807, 0, 9223372036854558807
0, 218, 0, 9223372036854775807, 0, 9223372036854557807
0, 219, 0, 9223372036854775807, 0, 9223372036854556807
0, 22, 0, 9223372036854775807, 0, 9223372036854753807
0, 220, 0, 9223372036854775807, 0, 9223372036854555807
0, 221, 0, 9223372036854775807, 0, 9223372036854554807
0, 222, 0, 9223372036854775807, 0, 9223372036854553807
0, 223, 0, 9223372036854775807, 0, 9223372036854552807
0, 224, 0, 9223372036854775807, 0, 9223372036854551807
0, 225, 0, 9223372036854775807, 0, 9223372036854550807
0, 226, 0, 9223372036854775807, 0, 9223372036854549807
0, 227, 0, 9223372036854775807, 0, 9223372036854548807
0, 228, 0, 9223372036854775807, 0, 9223372036854547807
0, 229, 0, 9223372036854775807, 0, 9223372036854546807
0, 23, 0, 9223372036854775807, 0, 9223372036854752807
0, 230, 0, 9223372036854775807, 0, 9223372036854545807
0, 231, 0, 9223372036854775807, 0, 9223372036854544807
0, 232, 0, 9223372036854775807, 0, 9223372036854543807
0, 233, 0, 9223372036854775807, 0, 9223372036854542807
0, 234, 0, 9223372036854775807, 0, 9223372036854541807
0, 235, 0, 9223372036854775807, 0, 9223372036854540807
0, 236, 0, 9223372036854775807, 0, 9223372036854539807
0, 237, 0, 9223372036854775807, 0, 9223372036854538807
0, 238, 0, 9223372036854775807, 0, 9223372036854537807
0, 239, 0, 9223372036854775807, 0, 9223372036854536807
0, 24, 0, 9223372036854775807, 0, 9223372036854751807
0, 240, 0, 9223372036854775807, 0, 9223372036854535807
0, 241, 0, 9223372036854775807, 0, 9223372036854534807
0, 242, 0, 9223372036854775807, 0, 9223372036854533807
0, 243, 0, 9223372036854775807, 0, 9223372036854532807
0, 244, 0, 9223372036854775807, 0, 9223372036854531807
0, 245, 0, 9223372036854775807, 0, 9223372036854530807
0, 246, 0, 9223372036854775807, 0, 9223372036854529807
0, 247, 0, 9223372036854775807, 0, 9223372036854528807
0, 248, 0, 9223372036854775807, 0, 9223372036854527807
0, 249, 0, 9223372036854775807, 0, 9223372036854526807
0, 25, 0, 9223372036854775807, 0, 9223372036854750807
0, 250, 0, 9223372036854775807, 0, 9223372036854525807
0, 251, 0, 9223372036854775807, 0, 9223372036854524807
0, 252, 0, 9223372036854775807, 0, 9223372036854523807
0, 253, 0, 9223372036854775807, 0, 9223372036854522807
0, 254, 0, 9223372036854775807, 0, 9223372036854521807
0, 255, 0, 9223372036854775807, 0, 9223372036854520807
0, 256, 0, 9223372036854775807, 0, 9223372036854519807
0, 257, 0, 9223372036854775807, 0, 9223372036854518807
0, 258, 0, 9223372036854775807, 0, 9223372036854517807
0, 259, 0, 9223372036854775807, 0, 9223372036854516807
0, 26, 0, 9223372036854775807, 0, 9223372036854749807
0, 260, 0, 9223372036854775807, 0, 9223372036854515807
0, 261, 0, 9223372036854775807, 0, 9223372036854514807
0, 262, 0, 9223372036854775807, 0, 9223372036854513807
0, 263, 0, 9223372036854775807, 0, 9223372036854512807
0, 264, 0, 9223372036854775807, 0, 9223372036854511807
0, 265, 0, 9223372036854775807, 0, 9223372036854510807
0, 266, 0, 9223372036854775807, 0, 9223372036854509807
0, 267, 0, 9223372036854775807, 0, 9223372036854508807
0, 268, 0, 9223372036854775807, 0, 9223372036854507807
0, 269, 0, 9223372036854775807, 0, 9223372036854506807
0, 27, 0, 9223372036854775807, 0, 9223372036854748807
0, 270, 0, 9223372036854775807, 0, 9223372036854505807
0, 271, 0, 9223372036854775807, 0, 9223372036854504807
0, 272, 0, 9223372036854775807, 0, 9223372036854503807
0, 273, 0, 9223372036854775807, 0, 9223372036854502807
0, 274, 0, 9223372036854775807, 0, 9223372036854501807
0, 275, 0, 9223372036854775807, 0, 9223372036854500807
0, 276, 0, 9223372036854775807, 0, 9223372036854499807
0, 277, 0, 9223372036854775807, 0, 9223372036854498807
0, 278, 0, 9223372036854775807, 0, 9223372036854497807
0, 279, 0, 9223372036854775807, 0, 9223372036854496807
0, 28, 0, 9223372036854775807, 0, 9223372036854747807
0, 280, 0, 9223372036854775807, 0, 9223372036854495807
0, 281, 0, 9223372036854775807, 0, 9223372036854494807
0, 282, 0, 9223372036854775807, 0, 9223372036854493807
0, 283, 0, 9223372036854775807, 0, 9223372036854492807
0, 284, 0, 9223372036854775807, 0, 9223372036854491807
0, 285, 0, 9223372036854775807, 0, 9223372036854490807
0, 286, 0, 9223372036854775807, 0, 9223372036854489807
0, 287, 0, 9223372036854775807, 0, 9223372036854488807
0, 288, 0, 9223372036854775807, 0, 9223372036854487807
0, 289, 0, 9223372036854775807, 0, 9223372036854486807
0, 29, 0, 9223372036854775807, 0, 9223372036854746807
0, 290, 0, 9223372036854775807, 0, 9223372036854485807
0, 291, 0, 9223372036854775807, 0, 9223372036854484807
0, 292, 0, 9223372036854775807, 0, 9223372036854483807
0, 293, 0, 9223372036854775807, 0, 9223372036854482807
0, 294, 0, 9223372036854775807, 0, 9223372036854481807
0, 295, 0, 9223372036854775807, 0, 9223372036854480807
0, 296, 0, 9223372036854775807, 0, 9223372036854479807
0, 297, 0, 9223372036854775807, 0, 9223372036854478807
0, 298, 0, 9223372036854775807, 0, 9223372036854477807
0, 299, 0, 9223372036854775807, 0, 9223372036854476807
0, 3, 0, 9223372036854775807, 0, 9223372036854772807
0, 30, 0, 9223372036854775807, 0, 9223372036854745807
0, 31, 0, 9223372036854775807, 0, 9223372036854744807
0, 32, 0, 9223372036854775807, 0, 9223372036854743807
0, 33, 0, 9223372036854775807, 0, 9223372036854742807
0, 34, 0, 9223372036854775807, 0, 9223372036854741807
0, 35, 0, 9223372036854775807, 0, 9223372036854740807
0, 36, 0, 9223372036854775807, 0, 9223372036854739807
0, 37, 0, 9223372036854775807, 0, 9223372036854738807
0, 38, 0, 9223372036854775807, 0, 9223372036854737807
0, 39, 0, 9223372036854775807, 0, 9223372036854736807
0, 4, 0, 9223372036854775807, 0, 9223372036854771807
0, 40, 0, 9223372036854775807, 0, 9223372036854735807
0, 41, 0, 9223372036854775807, 0, 9223372036854734807
0, 42, 0, 9223372036854775807, 0, 9223372036854733807
0, 43, 0, 9223372036854775807, 0, 9223372036854732807
0, 44, 0, 9223372036854775807, 0, 9223372036854731807
0, 45, 0, 9223372036854775807, 0, 9223372036854730807
0, 46, 0, 9223372036854775807, 0, 9223372036854729807
0, 47, 0, 9223372036854775807, 0, 9223372036854728807
0, 48, 0, 9223372036854775807, 0, 9223372036854727807
0, 49, 0, 9223372036854775807, 0, 9223372036854726807
0, 5, 0, 9223372036854775807, 0, 9223372036854770807
0, 50, 0, 9223372036854775807, 0, 9223372036854725807
0, 51, 0, 9223372036854775807, 0, 9223372036854724807
0, 52, 0, 9223372036854775807, 0, 9223372036854723807
0, 53, 0, 9223372036854775807, 0, 9223372036854722807
0, 54, 0, 9223372036854775807, 0, 9223372036854721807
0, 55, 0, 9223372036854775807, 0, 9223372036854720807
0, 56, 0, 9223372036854775807, 0, 9223372036854719807
0, 57, 0, 9223372036854775807, 0, 9223372036854718807
0, 58, 0, 9223372036854775807, 0, 9223372036854717807
0, 59, 0, 9223372036854775807, 0, 9223372036854716807
0, 6, 0, 9223372036854775807, 0, 9223372036854769807
0, 60, 0, 9223372036854775807, 0, 9223372036854715807
0, 61, 0, 9223372036854775807, 0, 9223372036854714807
0, 62, 0, 9223372036854775807, 0, 9223372036854713807
0, 63, 0, 9223372036854775807, 0, 9223372036854712807
0, 64, 0, 9223372036854775807, 0, 9223372036854711807
0, 65, 0, 9223372036854775807, 0, 9223372036854710807
0, 66, 0, 9223372036854775807, 0, 9223372036854709807
0, 67, 0, 9223372036854775807, 0, 9223372036854708807
0, 68, 0, 9223372036854775807, 0, 9223372036854707807
0, 69, 0, 9223372036854775807, 0, 9223372036854706807
0, 7, 0, 9223372036854775807, 0, 9223372036854768807
0, 70, 0, 9223372036854775807, 0, 9223372036854705807
0, 71, 0, 9223372036854775807, 0, 9223372036854704807
0, 72, 0, 9223372036854775807, 0, 9223372036854703807
0, 73, 0, 9223372036854775807, 0, 9223372036854702807
0, 74, 0, 9223372036854775807, 0, 9223372036854701807
0, 75, 0, 9223372036854775807, 0, 9223372036854700807
0, 76, 0, 9223372036854775807, 0, 9223372036854699807
0, 77, 0, 9223372036854775807, 0, 9223372036854698807
0, 78, 0, 9223372036854775807, 0, 9223372036854697807
0, 79, 0, 9223372036854775807, 0, 9223372036854696807
0, 8, 0, 9223372036854775807, 0, 9223372036854767807
0, 80, 0, 9223372036854775807, 0, 9223372036854695807
0, 81, 0, 9223372036854775807, 0, 9223372036854694807
0, 82, 0, 9223372036854775807, 0, 9223372036854693807
0, 83, 0, 9223372036854775807, 0, 9223372036854692807
0, 84, 0, 9223372036854775807, 0, 9223372036854691807
0, 85, 0, 9223372036854775807, 0, 9223372036854690807
0, 86, 0, 9223372036854775807, 0, 9223372036854689807
0, 87, 0, 9223372036854775807, 0, 9223372036854688807
0, 88, 0, 9223372036854775807, 0, 9223372036854687807
0, 89, 0, 9223372036854775807, 0, 9223372036854686807
0, 9, 0, 9223372036854775807, 0, 9223372036854766807
0, 90, 0, 9223372036854775807, 0, 9223372036854685807
0, 91, 0, 9223372036854775807, 0, 9223372036854684807
0, 92, 0, 9223372036854775807, 0, 9223372036854683807
0, 93, 0, 9223372036854775807, 0, 9223372036854682807
0, 94, 0, 9223372036854775807, 0, 9223372036854681807
0, 95, 0, 9223372036854775807, 0, 9223372036854680807
0, 96, 0, 9223372036854775807, 0, 9223372036854679807
0, 97, 0, 9223372036854775807, 0, 9223372036854678807
0, 98, 0, 9223372036854775807, 0, 9223372036854677807
0, 99, 0, 9223372036854775807, 0, 9223372036854676807
1, 0, 260, 912, 260, 912
1, 1, 0, 9223372036854775807, 0, 9223372036854774807
1, 10, 0, 9223372036854775807, 0, 9223372036854765807
1, 100, 0, 9223372036854775807, 0, 9223372036854675807
1, 101, 0, 9223372036854775807, 0, 9223372036854674807
1, 102, 0, 9223372036854775807, 0, 9223372036854673807
1, 103, 0, 9223372036854775807, 0, 9223372036854672807
1, 104, 0, 9223372036854775807, 0, 9223372036854671807
1, 105, 0, 9223372036854775807, 0, 9223372036854670807
1, 106, 0, 9223372036854775807, 0, 9223372036854669807
1, 107, 0, 9223372036854775807, 0, 9223372036854668807
1, 108, 0, 9223372036854775807, 0, 9223372036854667807
1, 109, 0, 9223372036854775807, 0, 9223372036854666807
1, 11, 0, 9223372036854775807, 0, 9223372036854764807
1, 110, 0, 9223372036854775807, 0, 9223372036854665807
1, 111, 0, 9223372036854775807, 0, 9223372036854664807
1, 112, 0, 9223372036854775807, 0, 9223372036854663807
1, 113, 0, 9223372036854775807, 0, 9223372036854662807
1, 114, 0, 9223372036854775807, 0, 9223372036854661807
1, 115, 0, 9223372036854775807, 0, 9223372036854660807
1, 116, 0, 9223372036854775807, 0, 9223372036854659807
1, 117, 0, 9223372036854775807, 0, 9223372036854658807
1, 118, 0, 9223372036854775807, 0, 9223372036854657807
1, 119, 0, 9223372036854775807, 0, 9223372036854656807
1, 12, 0, 9223372036854775807, 0, 9223372036854763807
1, 120, 0, 9223372036854775807, 0, 9223372036854655807
1, 121, 0, 9223372036854775807, 0, 9223372036854654807
1, 122, 0, 9223372036854775807, 0, 9223372036854653807
1, 123, 0, 9223372036854775807, 0, 9223372036854652807
1, 124, 0, 9223372036854775807, 0, 9223372036854651807
1, 125, 0, 9223372036854775807, 0, 9223372036854650807
1, 126, 0, 9223372036854775807, 0, 9223372036854649807
1, 127, 0, 9223372036854775807, 0, 9223372036854648807
1, 128, 0, 9223372036854775807, 0, 9223372036854647807
1, 129, 0, 9223372036854775807, 0, 9223372036854646807
1, 13, 0, 9223372036854775807, 0, 9223372036854762807
1, 130, 0, 9223372036854775807, 0, 9223372036854645807
1, 131, 0, 9223372036854775807, 0, 9223372036854644807
1, 132, 0, 9223372036854775807, 0, 9223372036854643807
1, 133, 0, 9223372036854775807, 0, 9223372036854642807
1, 134, 0, 9223372036854775807, 0, 9223372036854641807
1, 135, 0, 9223372036854775807, 0, 9223372036854640807
1, 136, 0, 9223372036854775807, 0, 9223372036854639807
1, 137, 0, 9223372036854775807, 0, 9223372036854638807
1, 138, 0, 9223372036854775807, 0, 9223372036854637807
1, 139, 0, 9223372036854775807, 0, 9223372036854636807
1, 14, 0, 9223372036854775807, 0, 9223372036854761807
1, 140, 0, 9223372036854775807, 0, 9223372036854635807
1, 141, 0, 9223372036854775807, 0, 9223372036854634807
1, 142, 0, 9223372036854775807, 0, 9223372036854633807
1, 143, 0, 9223372036854775807, 0, 9223372036854632807
1, 144, 0, 9223372036854775807, 0, 9223372036854631807
1, 145, 0, 9223372036854775807, 0, 9223372036854630807
1, 146, 0, 9223372036854775807, 0, 9223372036854629807
1, 147, 0, 9223372036854775807, 0, 9223372036854628807
1, 148, 0, 9223372036854775807, 0, 9223372036854627807
1, 149, 0, 9223372036854775807, 0, 9223372036854626807
1, 15, 0, 9223372036854775807, 0, 9223372036854760807
1, 150, 0, 9223372036854775807, 0, 9223372036854625807
1, 151, 0, 9223372036854775807, 0, 9223372036854624807
1, 152, 0, 9223372036854775807, 0, 9223372036854623807
1, 153, 0, 9223372036854775807, 0, 9223372036854622807
1, 154, 0, 9223372036854775807, 0, 9223372036854621807
1, 155, 0, 9223372036854775807, 0, 9223372036854620807
1, 156, 0, 9223372036854775807, 0, 9223372036854619807
1, 157, 0, 9223372036854775807, 0, 9223372036854618807
1, 158, 0, 9223372036854775807, 0, 9223372036854617807
1, 159, 0, 9223372036854775807, 0, 9223372036854616807
1, 16, 0, 9223372036854775807, 0, 9223372036854759807
1, 160, 0, 9223372036854775807, 0, 9223372036854615807
1, 161, 0, 9223372036854775807, 0, 9223372036854614807
1, 162, 0, 9223372036854775807, 0, 9223372036854613807
1, 163, 0, 9223372036854775807, 0, 9223372036854612807
1, 164, 0, 9223372036854775807, 0, 9223372036854611807
1, 165, 0, 9223372036854775807, 0, 9223372036854610807
1, 166, 0, 9223372036854775807, 0, 9223372036854609807
1, 167, 0, 9223372036854775807, 0, 9223372036854608807
1, 168, 0, 9223372036854775807, 0, 9223372036854607807
1, 169, 0, 9223372036854775807, 0, 9223372036854606807
1, 17, 0, 9223372036854775807, 0, 9223372036854758807
1, 170, 0, 9223372036854775807, 0, 9223372036854605807
1, 171, 0, 9223372036854775807, 0, 9223372036854604807
1, 172, 0, 9223372036854775807, 0, 9223372036854603807
1, 173, 0, 9223372036854775807, 0, 9223372036854602807
1, 174, 0, 9223372036854775807, 0, 9223372036854601807
1, 175, 0, 9223372036854775807, 0, 9223372036854600807
1, 176, 0, 9223372036854775807, 0, 9223372036854599807
1, 177, 0, 9223372036854775807, 0, 9223372036854598807
1, 178, 0, 9223372036854775807, 0, 9223372036854597807
1, 179, 0, 9223372036854775807, 0, 9223372036854596807
1, 18, 0, 9223372036854775807, 0, 9223372036854757807
1, 180, 0, 9223372036854775807, 0, 9223372036854595807
1, 181, 0, 9223372036854775807, 0, 9223372036854594807
1, 182, 0, 9223372036854775807, 0, 9223372036854593807
1, 183, 0, 9223372036854775807, 0, 9223372036854592807
1, 184, 0, 9223372036854775807, 0, 9223372036854591807
1, 185, 0, 9223372036854775807, 0, 9223372036854590807
1, 186, 0, 9223372036854775807, 0, 9223372036854589807
1, 187, 0, 9223372036854775807, 0, 9223372036854588807
1, 188, 0, 9223372036854775807, 0, 9223372036854587807
1, 189, 0, 9223372036854775807, 0, 9223372036854586807
1, 19, 0, 9223372036854775807, 0, 9223372036854756807
1, 190, 0, 9223372036854775807, 0, 9223372036854585807
1, 191, 0, 9223372036854775807, 0, 9223372036854584807
1, 192, 0, 9223372036854775807, 0, 9223372036854583807
1, 193, 0, 9223372036854775807, 0, 9223372036854582807
1, 194, 0, 9223372036854775807, 0, 9223372036854581807
1, 195, 0, 9223372036854775807, 0, 9223372036854580807
1, 196, 0, 9223372036854775807, 0, 9223372036854579807
1, 197, 0, 9223372036854775807, 0, 9223372036854578807
1, 198, 0, 9223372036854775807, 0, 9223372036854577807
1, 199, 0, 9223372036854775807, 0, 9223372036854576807
1, 2, 0, 9223372036854775807, 0, 9223372036854773807
1, 20, 0, 9223372036854775807, 0, 9223372036854755807
1, 200, 0, 9223372036854775807, 0, 9223372036854575807
1, 201, 0, 9223372036854775807, 0, 9223372036854574807
1, 202, 0, 9223372036854775807, 0, 9223372036854573807
1, 203, 0, 9223372036854775807, 0, 9223372036854572807
1, 204, 0, 9223372036854775807, 0, 9223372036854571807
1, 205, 0, 9223372036854775807, 0, 9223372036854570807
1, 206, 0, 9223372036854775807, 0, 9223372036854569807
1, 207, 0, 9223372036854775807, 0, 9223372036854568807
1, 208, 0, 9223372036854775807, 0, 9223372036854567807
1, 209, 0, 9223372036854775807, 0, 9223372036854566807
1, 21, 0, 9223372036854775807, 0, 9223372036854754807
1, 210, 0, 9223372036854775807, 0, 9223372036854565807
1, 211, 0, 9223372036854775807, 0, 9223372036854564807
1, 212, 0, 9223372036854775807, 0, 9223372036854563807
1, 213, 0, 9223372036854775807, 0, 9223372036854562807
1, 214, 0, 9223372036854775807, 0, 9223372036854561807
1, 215, 0, 9223372036854775807, 0, 9223372036854560807
1, 216, 0, 9223372036854775807, 0, 9223372036854559807
1, 217, 0, 9223372036854775807, 0, 9223372036854558807
1, 218, 0, 9223372036854775807, 0, 9223372036854557807
1, 219, 0, 9223372036854775807, 0, 9223372036854556807
1, 22, 0, 9223372036854775807, 0, 9223372036854753807
1, 220, 0, 9223372036854775807, 0, 9223372036854555807
1, 221, 0, 9223372036854775807, 0, 9223372036854554807
1, 222, 0, 9223372036854775807, 0, 9223372036854553807
1, 223, 0, 9223372036854775807, 0, 9223372036854552807
1, 224, 0, 9223372036854775807, 0, 9223372036854551807
1, 225, 0, 9223372036854775807, 0, 9223372036854550807
1, 226, 0, 9223372036854775807, 0, 9223372036854549807
1, 227, 0, 9223372036854775807, 0, 9223372036854548807
1, 228, 0, 9223372036854775807, 0, 9223372036854547807
1, 229, 0, 9223372036854775807, 0, 9223372036854546807
1, 23, 0, 9223372036854775807, 0, 9223372036854752807
1, 230, 0, 9223372036854775807, 0, 9223372036854545807
1, 231, 0, 9223372036854775807, 0, 9223372036854544807
1, 232, 0, 9223372036854775807, 0, 9223372036854543807
1, 233, 0, 9223372036854775807, 0, 9223372036854542807
1, 234, 0, 9223372036854775807, 0, 9223372036854541807
1, 235, 0, 9223372036854775807, 0, 9223372036854540807
1, 236, 0, 9223372036854775807, 0, 9223372036854539807
1, 237, 0, 9223372036854775807, 0, 9223372036854538807
1, 238, 0, 9223372036854775807, 0, 9223372036854537807
1, 239, 0, 9223372036854775807, 0, 9223372036854536807
1, 24, 0, 9223372036854775807, 0, 9223372036854751807
1, 240, 0, 9223372036854775807, 0, 9223372036854535807
1, 241, 0, 9223372036854775807, 0, 9223372036854534807
1, 242, 0, 9223372036854775807, 0, 9223372036854533807
1, 243, 0, 9223372036854775807, 0, 9223372036854532807
1, 244, 0, 9223372036854775807, 0, 9223372036854531807
1, 245, 0, 9223372036854775807, 0, 9223372036854530807
1, 246, 0, 9223372036854775807, 0, 9223372036854529807
1, 247, 0, 9223372036854775807, 0, 9223372036854528807
1, 248, 0, 9223372036854775807, 0, 9223372036854527807
1, 249, 0, 9223372036854775807, 0, 9223372036854526807
1, 25, 0, 9223372036854775807, 0, 9223372036854750807
1, 250, 0, 9223372036854775807, 0, 9223372036854525807
1, 251, 0, 9223372036854775807, 0, 9223372036854524807
1, 252, 0, 9223372036854775807, 0, 9223372036854523807
1, 253, 0, 9223372036854775807, 0, 9223372036854522807
1, 254, 0, 9223372036854775807, 0, 9223372036854521807
1, 255, 0, 9223372036854775807, 0, 9223372036854520807
1, 256, 0, 9223372036854775807, 0, 9223372036854519807
1, 257, 0, 9223372036854775807, 0, 9223372036854518807
1, 258, 0, 9223372036854775807, 0, 9223372036854517807
1, 259, 0, 9223372036854775807, 0, 9223372036854516807
1, 26, 0, 9223372036854775807, 0, 9223372036854749807
1, 260, 0, 9223372036854775807, 0, 9223372036854515807
1, 261, 0, 9223372036854775807, 0, 9223372036854514807
1, 262, 0, 9223372036854775807, 0, 9223372036854513807
1, 263, 0, 9223372036854775807, 0, 9223372036854512807
1, 264, 0, 9223372036854775807, 0, 9223372036854511807
1, 265, 0, 9223372036854775807, 0, 9223372036854510807
1, 266, 0, 9223372036854775807, 0, 9223372036854509807
1, 267, 0, 9223372036854775807, 0, 9223372036854508807
1, 268, 0, 9223372036854775807, 0, 9223372036854507807
1, 269, 0, 9223372036854775807, 0, 9223372036854506807
1, 27, 0, 9223372036854775807, 0, 9223372036854748807
1, 270, 0, 9223372036854775807, 0, 9223372036854505807
1, 271, 0, 9223372036854775807, 0, 9223372036854504807
1, 272, 0, 9223372036854775807, 0, 9223372036854503807
1, 273, 0, 9223372036854775807, 0, 9223372036854502807
1, 274, 0, 9223372036854775807, 0, 9223372036854501807
1, 275, 0, 9223372036854775807, 0, 9223372036854500807
1, 276, 0, 9223372036854775807, 0, 9223372036854499807
1, 277, 0, 9223372036854775807, 0, 9223372036854498807
1, 278, 0, 9223372036854775807, 0, 9223372036854497807
1, 279, 0, 9223372036854775807, 0, 9223372036854496807
1, 28, 0, 9223372036854775807, 0, 9223372036854747807
1, 280, 0, 9223372036854775807, 0, 9223372036854495807
1, 281, 0, 9223372036854775807, 0, 9223372036854494807
1, 282, 0, 9223372036854775807, 0, 9223372036854493807
1, 283, 0, 9223372036854775807, 0, 9223372036854492807
1, 284, 0, 9223372036854775807, 0, 9223372036854491807
1, 285, 0, 9223372036854775807, 0, 9223372036854490807
1, 286, 0, 9223372036854775807, 0, 9223372036854489807
1, 287, 0, 9223372036854775807, 0, 9223372036854488807
1, 288, 0, 9223372036854775807, 0, 9223372036854487807
1, 289, 0, 9223372036854775807, 0, 9223372036854486807
1, 29, 0, 9223372036854775807, 0, 9223372036854746807
1, 290, 0, 9223372036854775807, 0, 9223372036854485807
1, 291, 0, 9223372036854775807, 0, 9223372036854484807
1, 292, 0, 9223372036854775807, 0, 9223372036854483807
1, 293, 0, 9223372036854775807, 0, 9223372036854482807
1, 294, 0, 9223372036854775807, 0, 9223372036854481807
1, 295, 0, 9223372036854775807, 0, 9223372036854480807
1, 296, 0, 9223372036854775807, 0, 9223372036854479807
1, 297, 0, 9223372036854775807, 0, 9223372036854478807
1, 298, 0, 9223372036854775807, 0, 9223372036854477807
1, 299, 0, 9223372036854775807, 0, 9223372036854476807
1, 3, 0, 9223372036854775807, 0, 9223372036854772807
1, 30, 0, 9223372036854775807, 0, 9223372036854745807
1, 31, 0, 9223372036854775807, 0, 9223372036854744807
1, 32, 0, 9223372036854775807, 0, 9223372036854743807
1, 33, 0, 9223372036854775807, 0, 9223372036854742807
1, 34, 0, 9223372036854775807, 0, 9223372036854741807
1, 35, 0, 9223372036854775807, 0, 9223372036854740807
1, 36, 0, 9223372036854775807, 0, 9223372036854739807
1, 37, 0, 9223372036854775807, 0, 9223372036854738807
1, 38, 0, 9223372036854775807, 0, 9223372036854737807
1, 39, 0, 9223372036854775807, 0, 9223372036854736807
1, 4, 0, 9223372036854775807, 0, 9223372036854771807
1, 40, 0, 9223372036854775807, 0, 9223372036854735807
1, 41, 0, 9223372036854775807, 0, 9223372036854734807
1, 42, 0, 9223372036854775807, 0, 9223372036854733807
1, 43, 0, 9223372036854775807, 0, 9223372036854732807
1, 44, 0, 9223372036854775807, 0, 9223372036854731807
1, 45, 0, 9223372036854775807, 0, 9223372036854730807
1, 46, 0, 9223372036854775807, 0, 9223372036854729807
1, 47, 0, 9223372036854775807, 0, 9223372036854728807
1, 48, 0, 9223372036854775807, 0, 9223372036854727807
1, 49, 0, 9223372036854775807, 0, 9223372036854726807
1, 5, 0, 9223372036854775807, 0, 9223372036854770807
1, 50, 0, 9223372036854775807, 0, 9223372036854725807
1, 51, 0, 9223372036854775807, 0, 9223372036854724807
1, 52, 0, 9223372036854775807, 0, 9223372036854723807
1, 53, 0, 9223372036854775807, 0, 9223372036854722807
1, 54, 0, 9223372036854775807, 0, 9223372036854721807
1, 55, 0, 9223372036854775807, 0, 9223372036854720807
1, 56, 0, 9223372036854775807, 0, 9223372036854719807
1, 57, 0, 9223372036854775807, 0, 9223372036854718807
1, 58, 0, 9223372036854775807, 0, 9223372036854717807
1, 59, 0, 9223372036854775807, 0, 9223372036854716807
1, 6, 0, 9223372036854775807, 0, 9223372036854769807
1, 60, 0, 9223372036854775807, 0, 9223372036854715807
1, 61, 0, 9223372036854775807, 0, 9223372036854714807
1, 62, 0, 9223372036854775807, 0, 9223372036854713807
1, 63, 0, 9223372036854775807, 0, 9223372036854712807
1, 64, 0, 9223372036854775807, 0, 9223372036854711807
1, 65, 0, 9223372036854775807, 0, 9223372036854710807
1, 66, 0, 9223372036854775807, 0, 9223372036854709807
1, 67, 0, 9223372036854775807, 0, 9223372036854708807
1, 68, 0, 9223372036854775807, 0, 9223372036854707807
1, 69, 0, 9223372036854775807, 0, 9223372036854706807
1, 7, 0, 9223372036854775807, 0, 9223372036854768807
1, 70, 0, 9223372036854775807, 0, 9223372036854705807
1, 71, 0, 9223372036854775807, 0, 9223372036854704807
1, 72, 0, 9223372036854775807, 0, 9223372036854703807
1, 73, 0, 9223372036854775807, 0, 9223372036854702807
1, 74, 0, 9223372036854775807, 0, 9223372036854701807
1, 75, 0, 9223372036854775807, 0, 9223372036854700807
1, 76, 0, 9223372036854775807, 0, 9223372036854699807
1, 77, 0, 9223372036854775807, 0, 9223372036854698807
1, 78, 0, 9223372036854775807, 0, 9223372036854697807
1, 79, 0, 9223372036854775807, 0, 9223372036854696807
1, 8, 0, 9223372036854775807, 0, 9223372036854767807
1, 80, 0, 9223372036854775807, 0, 9223372036854695807
1, 81, 0, 9223372036854775807, 0, 9223372036854694807
1, 82, 0, 9223372036854775807, 0, 9223372036854693807
1, 83, 0, 9223372036854775807, 0, 9223372036854692807
1, 84, 0, 9223372036854775807, 0, 9223372036854691807
1, 85, 0, 9223372036854775807, 0, 9223372036854690807
1, 86, 0, 9223372036854775807, 0, 9223372036854689807
1, 87, 0, 9223372036854775807, 0, 9223372036854688807
1, 88, 0, 9223372036854775807, 0, 9223372036854687807
1, 89, 0, 9223372036854775807, 0, 9223372036854686807
1, 9, 0, 9223372036854775807, 0, 9223372036854766807
1, 90, 0, 9223372036854775807, 0, 9223372036854685807
1, 91, 0, 9223372036854775807, 0, 9223372036854684807
1, 92, 0, 9223372036854775807, 0, 9223372036854683807
1, 93, 0, 9223372036854775807, 0, 9223372036854682807
1, 94, 0, 9223372036854775807, 0, 9223372036854681807
1, 95, 0, 9223372036854775807, 0, 9223372036854680807
1, 96, 0, 9223372036854775807, 0, 9223372036854679807
1, 97, 0, 9223372036854775807, 0, 9223372036854678807
1, 98, 0, 9223372036854775807, 0, 9223372036854677807
1, 99, 0, 9223372036854775807, 0, 9223372036854676807
2, 0, 62, 582, 62, 582
2, 1, 0, 9223372036854775807, 0, 9223372036854773807
2, 10, 0, 9223372036854775807, 0, 9223372036854755807
2, 100, 0, 9223372036854775807, 0, 9223372036854575807
2, 101, 0, 9223372036854775807, 0, 9223372036854573807
2, 102, 0, 9223372036854775807, 0, 9223372036854571807
2, 103, 0, 9223372036854775807, 0, 9223372036854569807
2, 104, 0, 9223372036854775807, 0, 9223372036854567807
2, 105, 0, 9223372036854775807, 0, 9223372036854565807
2, 106, 0, 9223372036854775807, 0, 9223372036854563807
2, 107, 0, 9223372036854775807, 0, 9223372036854561807
2, 108, 0, 9223372036854775807, 0, 9223372036854559807
2, 109, 0, 9223372036854775807, 0, 9223372036854557807
2, 11, 0, 9223372036854775807, 0, 9223372036854753807
2, 110, 0, 9223372036854775807, 0, 9223372036854555807
2, 111, 0, 9223372036854775807, 0, 9223372036854553807
2, 112, 0, 9223372036854775807, 0, 9223372036854551807
2, 113, 0, 9223372036854775807, 0, 9223372036854549807
2, 114, 0, 9223372036854775807, 0, 9223372036854547807
2, 115, 0, 9223372036854775807, 0, 9223372036854545807
2, 116, 0, 9223372036854775807, 0, 9223372036854543807
2, 117, 0, 9223372036854775807, 0, 9223372036854541807
2, 118, 0, 9223372036854775807, 0, 9223372036854539807
2, 119, 0, 9223372036854775807, 0, 9223372036854537807
2, 12, 0, 9223372036854775807, 0, 9223372036854751807
2, 120, 0, 9223372036854775807, 0, 9223372036854535807
2, 121, 0, 9223372036854775807, 0, 9223372036854533807
2, 122, 0, 9223372036854775807, 0, 9223372036854531807
2, 123, 0, 9223372036854775807, 0, 9223372036854529807
2, 124, 0, 9223372036854775807, 0, 9223372036854527807
2, 125, 0, 9223372036854775807, 0, 9223372036854525807
2, 126, 0, 9223372036854775807, 0, 9223372036854523807
2, 127, 0, 9223372036854775807, 0, 9223372036854521807
2, 128, 0, 9223372036854775807, 0, 9223372036854519807
2, 129, 0, 9223372036854775807, 0, 9223372036854517807
2, 13, 0, 9223372036854775807, 0, 9223372036854749807
2, 130, 0, 9223372036854775807, 0, 9223372036854515807
2, 131, 0, 9223372036854775807, 0, 9223372036854513807
2, 132, 0, 9223372036854775807, 0, 9223372036854511807
2, 133, 0, 9223372036854775807, 0, 9223372036854509807
2, 134, 0, 9223372036854775807, 0, 9223372036854507807
2, 135, 0, 9223372036854775807, 0, 9223372036854505807
2, 136, 0, 9223372036854775807, 0, 9223372036854503807
2, 137, 0, 9223372036854775807, 0, 9223372036854501807
2, 138, 0, 9223372036854775807, 0, 9223372036854499807
2, 139, 0, 9223372036854775807, 0, 9223372036854497807
2, 14, 0, 9223372036854775807, 0, 9223372036854747807
2, 140, 0, 9223372036854775807, 0, 9223372036854495807
2, 141, 0, 9223372036854775807, 0, 9223372036854493807
2, 142, 0, 9223372036854775807, 0, 9223372036854491807
2, 143, 0, 9223372036854775807, 0, 9223372036854489807
2, 144, 0, 9223372036854775807, 0, 9223372036854487807
2, 145, 0, 9223372036854775807, 0, 9223372036854485807
2, 146, 0, 9223372036854775807, 0, 9223372036854483807
2, 147, 0, 9223372036854775807, 0, 9223372036854481807
2, 148, 0, 9223372036854775807, 0, 9223372036854479807
2, 149, 0, 9223372036854775807, 0, 9223372036854477807
2, 15, 0, 9223372036854775807, 0, 9223372036854745807
2, 16, 0, 9223372036854775807, 0, 9223372036854743807
2, 17, 0, 9223372036854775807, 0, 9223372036854741807
2, 18, 0, 9223372036854775807, 0, 9223372036854739807
2, 19, 0, 9223372036854775807, 0, 9223372036854737807
2, 2, 0, 9223372036854775807, 0, 9223372036854771807
2, 20, 0, 9223372036854775807, 0, 9223372036854735807
2, 21, 0, 9223372036854775807, 0, 9223372036854733807
2, 22, 0, 9223372036854775807, 0, 9223372036854731807
2, 23, 0, 9223372036854775807, 0, 9223372036854729807
2, 24, 0, 9223372036854775807, 0, 9223372036854727807
2, 25, 0, 9223372036854775807, 0, 9223372036854725807
2, 26, 0, 9223372036854775807, 0, 9223372036854723807
2, 27, 0, 9223372036854775807, 0, 9223372036854721807
2, 28, 0, 9223372036854775807, 0, 9223372036854719807
2, 29, 0, 9223372036854775807, 0, 9223372036854717807
2, 3, 0, 9223372036854775807, 0, 9223372036854769807
2, 30, 0, 9223372036854775807, 0, 9223372036854715807
2, 31, 0, 9223372036854775807, 0, 9223372036854713807
2, 32, 0, 9223372036854775807, 0, 9223372036854711807
2, 33, 0, 9223372036854775807, 0, 9223372036854709807
2, 34, 0, 9223372036854775807, 0, 9223372036854707807
2, 35, 0, 9223372036854775807, 0, 9223372036854705807
2, 36, 0, 9223372036854775807, 0, 9223372036854703807
2, 37, 0, 9223372036854775807, 0, 9223372036854701807
2, 38, 0, 9223372036854775807, 0, 9223372036854699807
2, 39, 0, 9223372036854775807, 0, 9223372036854697807
2, 4, 0, 9223372036854775807, 0, 9223372036854767807
2, 40, 0, 9223372036854775807, 0, 9223372036854695807
2, 41, 0, 9223372036854775807, 0, 9223372036854693807
2, 42, 0, 9223372036854775807, 0, 9223372036854691807
2, 43, 0, 9223372036854775807, 0, 9223372036854689807
2, 44, 0, 9223372036854775807, 0, 9223372036854687807
2, 45, 0, 9223372036854775807, 0, 9223372036854685807
2, 46, 0, 9223372036854775807, 0, 9223372036854683807
2, 47, 0, 9223372036854775807, 0, 9223372036854681807
2, 48, 0, 9223372036854775807, 0, 9223372036854679807
2, 49, 0, 9223372036854775807, 0, 9223372036854677807
2, 5, 0, 9223372036854775807, 0, 9223372036854765807
2, 50, 0, 9223372036854775807, 0, 9223372036854675807
2, 51, 0, 9223372036854775807, 0, 9223372036854673807
2, 52, 0, 9223372036854775807, 0, 9223372036854671807
2, 53, 0, 9223372036854775807, 0, 9223372036854669807
2, 54, 0, 9223372036854775807, 0, 9223372036854667807
2, 55, 0, 9223372036854775807, 0, 9223372036854665807
2, 56, 0, 9223372036854775807, 0, 9223372036854663807
2, 57, 0, 9223372036854775807, 0, 9223372036854661807
2, 58, 0, 9223372036854775807, 0, 9223372036854659807
2, 59, 0, 9223372036854775807, 0, 9223372036854657807
2, 6, 0, 9223372036854775807, 0, 9223372036854763807
2, 60, 0, 9223372036854775807, 0, 9223372036854655807
2, 61, 0, 9223372036854775807, 0, 9223372036854653807
2, 62, 0, 9223372036854775807, 0, 9223372036854651807
2, 63, 0, 9223372036854775807, 0, 9223372036854649807
2, 64, 0, 9223372036854775807, 0, 9223372036854647807
2, 65, 0, 9223372036854775807, 0, 9223372036854645807
2, 66, 0, 9223372036854775807, 0, 9223372036854643807
2, 67, 0, 9223372036854775807, 0, 9223372036854641807
2, 68, 0, 9223372036854775807, 0, 9223372036854639807
2, 69, 0, 9223372036854775807, 0, 9223372036854637807
2, 7, 0, 9223372036854775807, 0, 9223372036854761807
2, 70, 0, 9223372036854775807, 0, 9223372036854635807
2, 71, 0, 9223372036854775807, 0, 9223372036854633807
2, 72, 0, 9223372036854775807, 0, 9223372036854631807
2, 73, 0, 9223372036854775807, 0, 9223372036854629807
2, 74, 0, 9223372036854775807, 0, 9223372036854627807
2, 75, 0, 9223372036854775807, 0, 9223372036854625807
2, 76, 0, 9223372036854775807, 0, 9223372036854623807
2, 77, 0, 9223372036854775807, 0, 9223372036854621807
2, 78, 0, 9223372036854775807, 0, 9223372036854619807
2, 79, 0, 9223372036854775807, 0, 9223372036854617807
2, 8, 0, 9223372036854775807, 0, 9223372036854759807
2, 80, 0, 9223372036854775807, 0, 9223372036854615807
2, 81, 0, 9223372036854775807, 0, 9223372036854613807
2, 82, 0, 9223372036854775807, 0, 9223372036854611807
2, 83, 0, 9223372036854775807, 0, 9223372036854609807
2, 84, 0, 9223372036854775807, 0, 9223372036854607807
2, 85, 0, 9223372036854775807, 0, 9223372036854605807
2, 86, 0, 9223372036854775807, 0, 9223372036854603807
2, 87, 0, 9223372036854775807, 0, 9223372036854601807
2, 88, 0, 9223372036854775807, 0, 9223372036854599807
2, 89, 0, 9223372036854775807, 0, 9223372036854597807
2, 9, 0, 9223372036854775807, 0, 9223372036854757807
2, 90, 0, 9223372036854775807, 0, 9223372036854595807
2, 91, 0, 9223372036854775807, 0, 9223372036854593807
2, 92, 0, 9223372036854775807, 0, 9223372036854591807
2, 93, 0, 9223372036854775807, 0, 9223372036854589807
2, 94, 0, 9223372036854775807, 0, 9223372036854587807
2, 95, 0, 9223372036854775807, 0, 9223372036854585807
2, 96, 0, 9223372036854775807, 0, 9223372036854583807
2, 97, 0, 9223372036854775807, 0, 9223372036854581807
2, 98, 0, 9223372036854775807, 0, 9223372036854579807
2, 99, 0, 9223372036854775807, 0, 9223372036854577807
3, 0, 53, 290, 53, 290
3, 1, 0, 9223372036854775807, 0, 9223372036854773807
3, 10, 0, 9223372036854775807, 0, 9223372036854755807
3, 100, 0, 9223372036854775807, 0, 9223372036854575807
3, 101, 0, 9223372036854775807, 0, 9223372036854573807
3, 102, 0, 9223372036854775807, 0, 9223372036854571807
3, 103, 0, 9223372036854775807, 0, 9223372036854569807
3, 104, 0, 9223372036854775807, 0, 9223372036854567807
3, 105, 0, 9223372036854775807, 0, 9223372036854565807
3, 106, 0, 9223372036854775807, 0, 9223372036854563807
3, 107, 0, 9223372036854775807, 0, 9223372036854561807
3, 108, 0, 9223372036854775807, 0, 9223372036854559807
3, 109, 0, 9223372036854775807, 0, 9223372036854557807
3, 11, 0, 9223372036854775807, 0, 9223372036854753807
3, 110, 0, 9223372036854775807, 0, 9223372036854555807
3, 111, 0, 9223372036854775807, 0, 9223372036854553807
3, 112, 0, 9223372036854775807, 0, 9223372036854551807
3, 113, 0, 9223372036854775807, 0, 9223372036854549807
3, 114, 0, 9223372036854775807, 0, 9223372036854547807
3, 115, 0, 9223372036854775807, 0, 9223372036854545807
3, 116, 0, 9223372036854775807, 0, 9223372036854543807
3, 117, 0, 9223372036854775807, 0, 9223372036854541807
3, 118, 0, 9223372036854775807, 0, 9223372036854539807
3, 119, 0, 9223372036854775807, 0, 9223372036854537807
3, 12, 0, 9223372036854775807, 0, 9223372036854751807
3, 120, 0, 9223372036854775807, 0, 9223372036854535807
3, 121, 0, 9223372036854775807, 0, 9223372036854533807
3, 122, 0, 9223372036854775807, 0, 9223372036854531807
3, 123, 0, 9223372036854775807, 0, 9223372036854529807
3, 124, 0, 9223372036854775807, 0, 9223372036854527807
3, 125, 0, 9223372036854775807, 0, 9223372036854525807
3, 126, 0, 9223372036854775807, 0, 9223372036854523807
3, 127, 0, 9223372036854775807, 0, 9223372036854521807
3, 128, 0, 9223372036854775807, 0, 9223372036854519807
3, 129, 0, 9223372036854775807, 0, 9223372036854517807
3, 13, 0, 9223372036854775807, 0, 9223372036854749807
3, 130, 0, 9223372036854775807, 0, 9223372036854515807
3, 131, 0, 9223372036854775807, 0, 9223372036854513807
3, 132, 0, 9223372036854775807, 0, 9223372036854511807
3, 133, 0, 9223372036854775807, 0, 9223372036854509807
3, 134, 0, 9223372036854775807, 0, 9223372036854507807
3, 135, 0, 9223372036854775807, 0, 9223372036854505807
3, 136, 0, 9223372036854775807, 0, 9223372036854503807
3, 137, 0, 9223372036854775807, 0, 9223372036854501807
3, 138, 0, 9223372036854775807, 0, 9223372036854499807
3, 139, 0, 9223372036854775807, 0, 9223372036854497807
3, 14, 0, 9223372036854775807, 0, 9223372036854747807
3, 140, 0, 9223372036854775807, 0, 9223372036854495807
3, 141, 0, 9223372036854775807, 0, 9223372036854493807
3, 142, 0, 9223372036854775807, 0, 9223372036854491807
3, 143, 0, 9223372036854775807, 0, 9223372036854489807
3, 144, 0, 9223372036854775807, 0, 9223372036854487807
3, 145, 0, 9223372036854775807, 0, 9223372036854485807
3, 146, 0, 9223372036854775807, 0, 9223372036854483807
3, 147, 0, 9223372036854775807, 0, 9223372036854481807
3, 148, 0, 9223372036854775807, 0, 9223372036854479807
3, 149, 0, 9223372036854775807, 0, 9223372036854477807
3, 15, 0, 9223372036854775807, 0, 9223372036854745807
3, 16, 0, 9223372036854775807, 0, 9223372036854743807
3, 17, 0, 9223372036854775807, 0, 9223372036854741807
3, 18, 0, 9223372036854775807, 0, 9223372036854739807
3, 19, 0, 9223372036854775807, 0, 9223372036854737807
3, 2, 0, 9223372036854775807, 0, 9223372036854771807
3, 20, 0, 9223372036854775807, 0, 9223372036854735807
3, 21, 0, 9223372036854775807, 0, 9223372036854733807
3, 22, 0, 9223372036854775807, 0, 9223372036854731807
3, 23, 0, 9223372036854775807, 0, 9223372036854729807
3, 24, 0, 9223372036854775807, 0, 9223372036854727807
3, 25, 0, 9223372036854775807, 0, 9223372036854725807
3, 26, 0, 9223372036854775807, 0, 9223372036854723807
3, 27, 0, 9223372036854775807, 0, 9223372036854721807
3, 28, 0, 9223372036854775807, 0, 9223372036854719807
3, 29, 0, 9223372036854775807, 0, 9223372036854717807
3, 3, 0, 9223372036854775807, 0, 9223372036854769807
3, 30, 0, 9223372036854775807, 0, 9223372036854715807
3, 31, 0, 9223372036854775807, 0, 9223372036854713807
3, 32, 0, 9223372036854775807, 0, 9223372036854711807
3, 33, 0, 9223372036854775807, 0, 9223372036854709807
3, 34, 0, 9223372036854775807, 0, 9223372036854707807
3, 35, 0, 9223372036854775807, 0, 9223372036854705807
3, 36, 0, 9223372036854775807, 0, 9223372036854703807
3, 37, 0, 9223372036854775807, 0, 9223372036854701807
3, 38, 0, 9223372036854775807, 0, 9223372036854699807
3, 39, 0, 9223372036854775807, 0, 9223372036854697807
3, 4, 0, 9223372036854775807, 0, 9223372036854767807
3, 40, 0, 9223372036854775807, 0, 9223372036854695807
3, 41, 0, 9223372036854775807, 0, 9223372036854693807
3, 42, 0, 9223372036854775807, 0, 9223372036854691807
3, 43, 0, 9223372036854775807, 0, 9223372036854689807
3, 44, 0, 9223372036854775807, 0, 9223372036854687807
3, 45, 0, 9223372036854775807, 0, 9223372036854685807
3, 46, 0, 9223372036854775807, 0, 9223372036854683807
3, 47, 0, 9223372036854775807, 0, 9223372036854681807
3, 48, 0, 9223372036854775807, 0, 9223372036854679807
3, 49, 0, 9223372036854775807, 0, 9223372036854677807
3, 5, 0, 9223372036854775807, 0, 9223372036854765807
3, 50, 0, 9223372036854775807, 0, 9223372036854675807
3, 51, 0, 9223372036854775807, 0, 9223372036854673807
3, 52, 0, 9223372036854775807, 0, 9223372036854671807
3, 53, 0, 9223372036854775807, 0, 9223372036854669807
3, 54, 0, 9223372036854775807, 0, 9223372036854667807
3, 55, 0, 9223372036854775807, 0, 9223372036854665807
3, 56, 0, 9223372036854775807, 0, 9223372036854663807
3, 57, 0, 9223372036854775807, 0, 9223372036854661807
3, 58, 0, 9223372036854775807, 0, 9223372036854659807
3, 59, 0, 9223372036854775807, 0, 9223372036854657807
3, 6, 0, 9223372036854775807, 0, 9223372036854763807
3, 60, 0, 9223372036854775807, 0, 9223372036854655807
3, 61, 0, 9223372036854775807, 0, 9223372036854653807
3, 62, 0, 9223372036854775807, 0, 9223372036854651807
3, 63, 0, 9223372036854775807, 0, 9223372036854649807
3, 64, 0, 9223372036854775807, 0, 9223372036854647807
3, 65, 0, 9223372036854775807, 0, 9223372036854645807
3, 66, 0, 9223372036854775807, 0, 9223372036854643807
3, 67, 0, 9223372036854775807, 0, 9223372036854641807
3, 68, 0, 9223372036854775807, 0, 9223372036854639807
3, 69, 0, 9223372036854775807, 0, 9223372036854637807
3, 7, 0, 9223372036854775807, 0, 9223372036854761807
3, 70, 0, 9223372036854775807, 0, 9223372036854635807
3, 71, 0, 9223372036854775807, 0, 9223372036854633807
3, 72, 0, 9223372036854775807, 0, 9223372036854631807
3, 73, 0, 9223372036854775807, 0, 9223372036854629807
3, 74, 0, 9223372036854775807, 0, 9223372036854627807
3, 75, 0, 9223372036854775807, 0, 9223372036854625807
3, 76, 0, 9223372036854775807, 0, 9223372036854623807
3, 77, 0, 9223372036854775807, 0, 9223372036854621807
3, 78, 0, 9223372036854775807, 0, 9223372036854619807
3, 79, 0, 9223372036854775807, 0, 9223372036854617807
3, 8, 0, 9223372036854775807, 0, 9223372036854759807
3, 80, 0, 9223372036854775807, 0, 9223372036854615807
3, 81, 0, 9223372036854775807, 0, 9223372036854613807
3, 82, 0, 9223372036854775807, 0, 9223372036854611807
3, 83, 0, 9223372036854775807, 0, 9223372036854609807
3, 84, 0, 9223372036854775807, 0, 9223372036854607807
3, 85, 0, 9223372036854775807, 0, 9223372036854605807
3, 86, 0, 9223372036854775807, 0, 9223372036854603807
3, 87, 0, 9223372036854775807, 0, 9223372036854601807
3, 88, 0, 9223372036854775807, 0, 9223372036854599807
3, 89, 0, 9223372036854775807, 0, 9223372036854597807
3, 9, 0, 9223372036854775807, 0, 9223372036854757807
3, 90, 0, 9223372036854775807, 0, 9223372036854595807
3, 91, 0, 9223372036854775807, 0, 9223372036854593807
3, 92, 0, 9223372036854775807, 0, 9223372036854591807
3, 93, 0, 9223372036854775807, 0, 9223372036854589807
3, 94, 0, 9223372036854775807, 0, 9223372036854587807
3, 95, 0, 9223372036854775807, 0, 9223372036854585807
3, 96, 0, 9223372036854775807, 0, 9223372036854583807
3, 97, 0, 9223372036854775807, 0, 9223372036854581807
3, 98, 0, 9223372036854775807, 0, 9223372036854579807
3, 99, 0, 9223372036854775807, 0, 9223372036854577807
4, 0, 578, 1263, 578, 1263
4, 1, 0, 9223372036854775807, 0, 9223372036854769807
4, 10, 0, 9223372036854775807, 0, 9223372036854715807
4, 11, 0, 9223372036854775807, 0, 9223372036854709807
4, 12, 0, 9223372036854775807, 0, 9223372036854703807
4, 13, 0, 9223372036854775807, 0, 9223372036854697807
4, 14, 0, 9223372036854775807, 0, 9223372036854691807
4, 15, 0, 9223372036854775807, 0, 9223372036854685807
4, 16, 0, 9223372036854775807, 0, 9223372036854679807
4, 17, 0, 9223372036854775807, 0, 9223372036854673807
4, 18, 0, 9223372036854775807, 0, 9223372036854667807
4, 19, 0, 9223372036854775807, 0, 9223372036854661807
4, 2, 0, 9223372036854775807, 0, 9223372036854763807
4, 20, 0, 9223372036854775807, 0, 9223372036854655807
4, 21, 0, 9223372036854775807, 0, 9223372036854649807
4, 22, 0, 9223372036854775807, 0, 9223372036854643807
4, 23, 0, 9223372036854775807, 0, 9223372036854637807
4, 24, 0, 9223372036854775807, 0, 9223372036854631807
4, 25, 0, 9223372036854775807, 0, 9223372036854625807
4, 26, 0, 9223372036854775807, 0, 9223372036854619807
4, 27, 0, 9223372036854775807, 0, 9223372036854613807
4, 28, 0, 9223372036854775807, 0, 9223372036854607807
4, 29, 0, 9223372036854775807, 0, 9223372036854601807
4, 3, 0, 9223372036854775807, 0, 9223372036854757807
4, 30, 0, 9223372036854775807, 0, 9223372036854595807
4, 31, 0, 9223372036854775807, 0, 9223372036854589807
4, 32, 0, 9223372036854775807, 0, 9223372036854583807
4, 33, 0, 9223372036854775807, 0, 9223372036854577807
4, 34, 0, 9223372036854775807, 0, 9223372036854571807
4, 35, 0, 9223372036854775807, 0, 9223372036854565807
4, 36, 0, 9223372036854775807, 0, 9223372036854559807
4, 37, 0, 9223372036854775807, 0, 9223372036854553807
4, 38, 0, 9223372036854775807, 0, 9223372036854547807
4, 39, 0, 9223372036854775807, 0, 9223372036854541807
4, 4, 0, 9223372036854775807, 0, 9223372036854751807
4, 40, 0, 9223372036854775807, 0, 9223372036854535807
4, 41, 0, 9223372036854775807, 0, 9223372036854529807
4, 42, 0, 9223372036854775807, 0, 9223372036854523807
4, 43, 0, 9223372036854775807, 0, 9223372036854517807
4, 44, 0, 9223372036854775807, 0, 9223372036854511807
4, 45, 0, 9223372036854775807, 0, 9223372036854505807
4, 46, 0, 9223372036854775807, 0, 9223372036854499807
4, 47, 0, 9223372036854775807, 0, 9223372036854493807
4, 48, 0, 9223372036854775807, 0, 9223372036854487807
4, 49, 0, 9223372036854775807, 0, 9223372036854481807
4, 5, 0, 9223372036854775807, 0, 9223372036854745807
4, 6, 0, 9223372036854775807, 0, 9223372036854739807
4, 7, 0, 9223372036854775807, 0, 9223372036854733807
4, 8, 0, 9223372036854775807, 0, 9223372036854727807
4, 9, 0, 9223372036854775807, 0, 9223372036854721807
5, 0, 221, 667, 221, 667
5, 1, 0, 9223372036854775807, 0, 9223372036854769807
5, 10, 0, 9223372036854775807, 0, 9223372036854715807
5, 11, 0, 9223372036854775807, 0, 9223372036854709807
5, 12, 0, 9223372036854775807, 0, 9223372036854703807
5, 13, 0, 9223372036854775807, 0, 9223372036854697807
5, 14, 0, 9223372036854775807, 0, 9223372036854691807
5, 15, 0, 9223372036854775807, 0, 9223372036854685807
5, 16, 0, 9223372036854775807, 0, 9223372036854679807
5, 17, 0, 9223372036854775807, 0, 9223372036854673807
5, 18, 0, 9223372036854775807, 0, 9223372036854667807
5, 19, 0, 9223372036854775807, 0, 9223372036854661807
5, 2, 0, 9223372036854775807, 0, 9223372036854763807
5, 20, 0, 9223372036854775807, 0, 9223372036854655807
5, 21, 0, 9223372036854775807, 0, 9223372036854649807
5, 22, 0, 9223372036854775807, 0, 9223372036854643807
5, 23, 0, 9223372036854775807, 0, 9223372036854637807
5, 24, 0, 9223372036854775807, 0, 9223372036854631807
5, 25, 0, 9223372036854775807, 0, 9223372036854625807
5, 26, 0, 9223372036854775807, 0, 9223372036854619807
5, 27, 0, 9223372036854775807, 0, 9223372036854613807
5, 28, 0, 9223372036854775807, 0, 9223372036854607807
5, 29, 0, 9223372036854775807, 0, 9223372036854601807
5, 3, 0, 9223372036854775807, 0, 9223372036854757807
5, 30, 0, 9223372036854775807, 0, 9223372036854595807
5, 31, 0, 9223372036854775807, 0, 9223372036854589807
5, 32, 0, 9223372036854775807, 0, 9223372036854583807
5, 33, 0, 9223372036854775807, 0, 9223372036854577807
5, 34, 0, 9223372036854775807, 0, 9223372036854571807
5, 35, 0, 9223372036854775807, 0, 9223372036854565807
5, 36, 0, 9223372036854775807, 0, 9223372036854559807
5, 37, 0, 9223372036854775807, 0, 9223372036854553807
5, 38, 0, 9223372036854775807, 0, 9223372036854547807
5, 39, 0, 9223372036854775807, 0, 9223372036854541807
5, 4, 0, 9223372036854775807, 0, 9223372036854751807
5, 40, 0, 9223372036854775807, 0, 9223372036854535807
5, 41, 0, 9223372036854775807, 0, 9223372036854529807
5, 42, 0, 9223372036854775807, 0, 9223372036854523807
5, 43, 0, 9223372036854775807, 0, 9223372036854517807
5, 44, 0, 9223372036854775807, 0, 9223372036854511807
5, 45, 0, 9223372036854775807, 0, 9223372036854505807
5, 46, 0, 9223372036854775807, 0, 9223372036854499807
5, 47, 0, 9223372036854775807, 0, 9223372036854493807
5, 48, 0, 9223372036854775807, 0, 9223372036854487807
5, 49, 0, 9223372036854775807, 0, 9223372036854481807
5, 5, 0, 9223372036854775807, 0, 9223372036854745807
5, 6, 0, 9223372036854775807, 0, 9223372036854739807
5, 7, 0, 9223372036854775807, 0, 9223372036854733807
5, 8, 0, 9223372036854775807, 0, 9223372036854727807
5, 9, 0, 9223372036854775807, 0, 9223372036854721807
6, 0, 131, 516, 131, 516
6, 1, 0, 9223372036854775807, 0, 9223372036854765807
6, 10, 0, 9223372036854775807, 0, 9223372036854675807
6, 11, 0, 9223372036854775807, 0, 9223372036854665807
6, 12, 0, 9223372036854775807, 0, 9223372036854655807
6, 13, 0, 9223372036854775807, 0, 9223372036854645807
6, 14, 0, 9223372036854775807, 0, 9223372036854635807
6, 15, 0, 9223372036854775807, 0, 9223372036854625807
6, 16, 0, 9223372036854775807, 0, 9223372036854615807
6, 17, 0, 9223372036854775807, 0, 9223372036854605807
6, 18, 0, 9223372036854775807, 0, 9223372036854595807
6, 19, 0, 9223372036854775807, 0, 9223372036854585807
6, 2, 0, 9223372036854775807, 0, 9223372036854755807
6, 20, 0, 9223372036854775807, 0, 9223372036854575807
6, 21, 0, 9223372036854775807, 0, 9223372036854565807
6, 22, 0, 9223372036854775807, 0, 9223372036854555807
6, 23, 0, 9223372036854775807, 0, 9223372036854545807
6, 24, 0, 9223372036854775807, 0, 9223372036854535807
6, 25, 0, 9223372036854775807, 0, 9223372036854525807
6, 26, 0, 9223372036854775807, 0, 9223372036854515807
6, 27, 0, 9223372036854775807, 0, 9223372036854505807
6, 28, 0, 9223372036854775807, 0, 9223372036854495807
6, 29, 0, 9223372036854775807, 0, 9223372036854485807
6, 3, 0, 9223372036854775807, 0, 9223372036854745807
6, 4, 0, 9223372036854775807, 0, 9223372036854735807
6, 5, 0, 9223372036854775807, 0, 9223372036854725807
6, 6, 0, 9223372036854775807, 0, 9223372036854715807
6, 7, 0, 9223372036854775807, 0, 9223372036854705807
6, 8, 0, 9223372036854775807, 0, 9223372036854695807
6, 9, 0, 9223372036854775807, 0, 9223372036854685807
7, 0, 773, 1586, 773, 1586
7, 1, 0, 9223372036854775807, 0, 9223372036854765807
7, 10, 0, 9223372036854775807, 0, 9223372036854675807
7, 11, 0, 9223372036854775807, 0, 9223372036854665807
7, 12, 0, 9223372036854775807, 0, 9223372036854655807
7, 13, 0, 9223372036854775807, 0, 9223372036854645807
7, 14, 0, 9223372036854775807, 0, 9223372036854635807
7, 15, 0, 9223372036854775807, 0, 9223372036854625807
7, 16, 0, 9223372036854775807, 0, 9223372036854615807
7, 17, 0, 9223372036854775807, 0, 9223372036854605807
7, 18, 0, 9223372036854775807, 0, 9223372036854595807
7, 19, 0, 9223372036854775807, 0, 9223372036854585807
7, 2, 0, 9223372036854775807, 0, 9223372036854755807
7, 20, 0, 9223372036854775807, 0, 9223372036854575807
7, 21, 0, 9223372036854775807, 0, 9223372036854565807
7, 22, 0, 9223372036854775807, 0, 9223372036854555807
7, 23, 0, 9223372036854775807, 0, 9223372036854545807
7, 24, 0, 9223372036854775807, 0, 9223372036854535807
7, 25, 0, 9223372036854775807, 0, 9223372036854525807
7, 26, 0, 9223372036854775807, 0, 9223372036854515807
7, 27, 0, 9223372036854775807, 0, 9223372036854505807
7, 28, 0, 9223372036854775807, 0, 9223372036854495807
7, 29, 0, 9223372036854775807, 0, 9223372036854485807
7, 3, 0, 9223372036854775807, 0, 9223372036854745807
7, 4, 0, 9223372036854775807, 0, 9223372036854735807
7, 5, 0, 9223372036854775807, 0, 9223372036854725807
7, 6, 0, 9223372036854775807, 0, 9223372036854715807
7, 7, 0, 9223372036854775807, 0, 9223372036854705807
7, 8, 0, 9223372036854775807, 0, 9223372036854695807
7, 9, 0, 9223372036854775807, 0, 9223372036854685807
8, 0, 5532, 9519, 5532, 9519
8, 1, 0, 9223372036854775807, 0, 9223372036854675807
8, 2, 0, 9223372036854775807, 0, 9223372036854575807
9, 0, 10599, 17963, 10599, 17963
9, 1, 0, 9223372036854775807, 0, 9223372036854675807
9, 2, 0, 9223372036854775807, 0, 9223372036854575807
