Task ID, Job ID, BCCT, WCCT, BCRT, WCRT
0, 0, 8, 33, 8, 33
0, 1, 108, 119, 8, 19
0, 10, 1008, 1017, 8, 17
0, 100, 10008, 10033, 8, 33
0, 101, 10108, 10119, 8, 19
0, 102, 10208, 10219, 8, 19
0, 103, 10308, 10317, 8, 17
0, 104, 10408, 10417, 8, 17
0, 105, 10508, 10517, 8, 17
0, 106, 10608, 10617, 8, 17
0, 107, 10708, 10717, 8, 17
0, 108, 10808, 10817, 8, 17
0, 109, 10908, 10917, 8, 17
0, 11, 1108, 1117, 8, 17
0, 110, 11008, 11017, 8, 17
0, 111, 11108, 11117, 8, 17
0, 112, 11208, 11217, 8, 17
0, 113, 11308, 11317, 8, 17
0, 114, 11408, 11417, 8, 17
0, 115, 11508, 11517, 8, 17
0, 116, 11608, 11617, 8, 17
0, 117, 11708, 11717, 8, 17
0, 118, 11808, 11817, 8, 17
0, 119, 11908, 11917, 8, 17
0, 12, 1208, 1217, 8, 17
0, 120, 12008, 12021, 8, 21
0, 121, 12108, 12117, 8, 17
0, 122, 12208, 12217, 8, 17
0, 123, 12308, 12317, 8, 17
0, 124, 12408, 12417, 8, 17
0, 125, 12508, 12517, 8, 17
0, 126, 12608, 12617, 8, 17
0, 127, 12708, 12717, 8, 17
0, 128, 12808, 12817, 8, 17
0, 129, 12908, 12917, 8, 17
0, 13, 1308, 1317, 8, 17
0, 130, 13008, 13017, 8, 17
0, 131, 13108, 13117, 8, 17
0, 132, 13208, 13217, 8, 17
0, 133, 13308, 13317, 8, 17
0, 134, 13408, 13417, 8, 17
0, 135, 13508, 13517, 8, 17
0, 136, 13608, 13617, 8, 17
0, 137, 13708, 13717, 8, 17
0, 138, 13808, 13817, 8, 17
0, 139, 13908, 13917, 8, 17
0, 14, 1408, 1417, 8, 17
0, 140, 14008, 14021, 8, 21
0, 141, 14108, 14117, 8, 17
0, 142, 14208, 14217, 8, 17
0, 143, 14308, 14317, 8, 17
0, 144, 14408, 14417, 8, 17
0, 145, 14508, 14517, 8, 17
0, 146, 14608, 14617, 8, 17
0, 147, 14708, 14717, 8, 17
0, 148, 14808, 14817, 8, 17
0, 149, 14908, 14917, 8, 17
0, 15, 1508, 1517, 8, 17
0, 150, 15008, 15019, 8, 19
0, 151, 15108, 15117, 8, 17
0, 152, 15208, 15217, 8, 17
0, 153, 15308, 15317, 8, 17
0, 154, 15408, 15417, 8, 17
0, 155, 15508, 15517, 8, 17
0, 156, 15608, 15617, 8, 17
0, 157, 15708, 15717, 8, 17
0, 158, 15808, 15817, 8, 17
0, 159, 15908, 15917, 8, 17
0, 16, 1608, 1617, 8, 17
0, 160, 16008, 16021, 8, 21
0, 161, 16108, 16117, 8, 17
0, 162, 16208, 16217, 8, 17
0, 163, 16308, 16317, 8, 17
0, 164, 16408, 16417, 8, 17
0, 165, 16508, 16517, 8, 17
0, 166, 16608, 16617, 8, 17
0, 167, 16708, 16717, 8, 17
0, 168, 16808, 16817, 8, 17
0, 169, 16908, 16917, 8, 17
0, 17, 1708, 1717, 8, 17
0, 170, 17008, 17017, 8, 17
0, 171, 17108, 17117, 8, 17
0, 172, 17208, 17217, 8, 17
0, 173, 17308, 17317, 8, 17
0, 174, 17408, 17417, 8, 17
0, 175, 17508, 17517, 8, 17
0, 176, 17608, 17617, 8, 17
0, 177, 17708, 17717, 8, 17
0, 178, 17808, 17817, 8, 17
0, 179, 17908, 17917, 8, 17
0, 18, 1808, 1817, 8, 17
0, 180, 18008, 18021, 8, 21
0, 181, 18108, 18117, 8, 17
0, 182, 18208, 18217, 8, 17
0, 183, 18308, 18317, 8, 17
0, 184, 18408, 18417, 8, 17
0, 185, 18508, 18517, 8, 17
0, 186, 18608, 18617, 8, 17
0, 187, 18708, 18717, 8, 17
0, 188, 18808, 18817, 8, 17
0, 189, 18908, 18917, 8, 17
0, 19, 1908, 1917, 8, 17
0, 190, 19008, 19017, 8, 17
0, 191, 19108, 19117, 8, 17
0, 192, 19208, 19217, 8, 17
0, 193, 19308, 19317, 8, 17
0, 194, 19408, 19417, 8, 17
0, 195, 19508, 19517, 8, 17
0, 196, 19608, 19617, 8, 17
0, 197, 19708, 19717, 8, 17
0, 198, 19808, 19817, 8, 17
0, 199, 19908, 19917, 8, 17
0, 2, 208, 219, 8, 19
0, 20, 2008, 2021, 8, 21
0, 200, 20008, 20033, 8, 33
0, 201, 20108, 20119, 8, 19
0, 202, 20208, 20219, 8, 19
0, 203, 20308, 20317, 8, 17
0, 204, 20408, 20417, 8, 17
0, 205, 20508, 20517, 8, 17
0, 206, 20608, 20617, 8, 17
0, 207, 20708, 20717, 8, 17
0, 208, 20808, 20817, 8, 17
0, 209, 20908, 20917, 8, 17
0, 21, 2108, 2117, 8, 17
0, 210, 21008, 21017, 8, 17
0, 211, 21108, 21117, 8, 17
0, 212, 21208, 21217, 8, 17
0, 213, 21308, 21317, 8, 17
0, 214, 21408, 21417, 8, 17
0, 215, 21508, 21517, 8, 17
0, 216, 21608, 21617, 8, 17
0, 217, 21708, 21717, 8, 17
0, 218, 21808, 21817, 8, 17
0, 219, 21908, 21917, 8, 17
0, 22, 2208, 2217, 8, 17
0, 220, 22008, 22021, 8, 21
0, 221, 22108, 22117, 8, 17
0, 222, 22208, 22217, 8, 17
0, 223, 22308, 22317, 8, 17
0, 224, 22408, 22417, 8, 17
0, 225, 22508, 22517, 8, 17
0, 226, 22608, 22617, 8, 17
0, 227, 22708, 22717, 8, 17
0, 228, 22808, 22817, 8, 17
0, 229, 22908, 22917, 8, 17
0, 23, 2308, 2317, 8, 17
0, 230, 23008, 23017, 8, 17
0, 231, 23108, 23117, 8, 17
0, 232, 23208, 23217, 8, 17
0, 233, 23308, 23317, 8, 17
0, 234, 23408, 23417, 8, 17
0, 235, 23508, 23517, 8, 17
0, 236, 23608, 23617, 8, 17
0, 237, 23708, 23717, 8, 17
0, 238, 23808, 23817, 8, 17
0, 239, 23908, 23917, 8, 17
0, 24, 2408, 2417, 8, 17
0, 240, 24008, 24021, 8, 21
0, 241, 24108, 24117, 8, 17
0, 242, 24208, 24217, 8, 17
0, 243, 24308, 24317, 8, 17
0, 244, 24408, 24417, 8, 17
0, 245, 24508, 24517, 8, 17
0, 246, 24608, 24617, 8, 17
0, 247, 24708, 24717, 8, 17
0, 248, 24808, 24817, 8, 17
0, 249, 24908, 24917, 8, 17
0, 25, 2508, 2517, 8, 17
0, 250, 25008, 25019, 8, 19
0, 251, 25108, 25117, 8, 17
0, 252, 25208, 25217, 8, 17
0, 253, 25308, 25317, 8, 17
0, 254, 25408, 25417, 8, 17
0, 255, 25508, 25517, 8, 17
0, 256, 25608, 25617, 8, 17
0, 257, 25708, 25717, 8, 17
0, 258, 25808, 25817, 8, 17
0, 259, 25908, 25917, 8, 17
0, 26, 2608, 2617, 8, 17
0, 260, 26008, 26021, 8, 21
0, 261, 26108, 26117, 8, 17
0, 262, 26208, 26217, 8, 17
0, 263, 26308, 26317, 8, 17
0, 264, 26408, 26417, 8, 17
0, 265, 26508, 26517, 8, 17
0, 266, 26608, 26617, 8, 17
0, 267, 26708, 26717, 8, 17
0, 268, 26808, 26817, 8, 17
0, 269, 26908, 26917, 8, 17
0, 27, 2708, 2717, 8, 17
0, 270, 27008, 27017, 8, 17
0, 271, 27108, 27117, 8, 17
0, 272, 27208, 27217, 8, 17
0, 273, 27308, 27317, 8, 17
0, 274, 27408, 27417, 8, 17
0, 275, 27508, 27517, 8, 17
0, 276, 27608, 27617, 8, 17
0, 277, 27708, 27717, 8, 17
0, 278, 27808, 27817, 8, 17
0, 279, 27908, 27917, 8, 17
0, 28, 2808, 2817, 8, 17
0, 280, 28008, 28021, 8, 21
0, 281, 28108, 28117, 8, 17
0, 282, 28208, 28217, 8, 17
0, 283, 28308, 28317, 8, 17
0, 284, 28408, 28417, 8, 17
0, 285, 28508, 28517, 8, 17
0, 286, 28608, 28617, 8, 17
0, 287, 28708, 28717, 8, 17
0, 288, 28808, 28817, 8, 17
0, 289, 28908, 28917, 8, 17
0, 29, 2908, 2917, 8, 17
0, 290, 29008, 29017, 8, 17
0, 291, 29108, 29117, 8, 17
0, 292, 29208, 29217, 8, 17
0, 293, 29308, 29317, 8, 17
0, 294, 29408, 29417, 8, 17
0, 295, 29508, 29517, 8, 17
0, 296, 29608, 29617, 8, 17
0, 297, 29708, 29717, 8, 17
0, 298, 29808, 29817, 8, 17
0, 299, 29908, 29917, 8, 17
0, 3, 308, 317, 8, 17
0, 30, 3008, 3017, 8, 17
0, 300, 30008, 30033, 8, 33
0, 301, 30108, 30119, 8, 19
0, 302, 30208, 30219, 8, 19
0, 303, 30308, 30317, 8, 17
0, 304, 30408, 30417, 8, 17
0, 305, 30508, 30517, 8, 17
0, 306, 30608, 30617, 8, 17
0, 307, 30708, 30717, 8, 17
0, 308, 30808, 30817, 8, 17
0, 309, 30908, 30917, 8, 17
0, 31, 3108, 3117, 8, 17
0, 310, 31008, 31017, 8, 17
0, 311, 31108, 31117, 8, 17
0, 312, 31208, 31217, 8, 17
0, 313, 31308, 31317, 8, 17
0, 314, 31408, 31417, 8, 17
0, 315, 31508, 31517, 8, 17
0, 316, 31608, 31617, 8, 17
0, 317, 31708, 31717, 8, 17
0, 318, 31808, 31817, 8, 17
0, 319, 31908, 31917, 8, 17
0, 32, 3208, 3217, 8, 17
0, 320, 32008, 32021, 8, 21
0, 321, 32108, 32117, 8, 17
0, 322, 32208, 32217, 8, 17
0, 323, 32308, 32317, 8, 17
0, 324, 32408, 32417, 8, 17
0, 325, 32508, 32517, 8, 17
0, 326, 32608, 32617, 8, 17
0, 327, 32708, 32717, 8, 17
0, 328, 32808, 32817, 8, 17
0, 329, 32908, 32917, 8, 17
0, 33, 3308, 3317, 8, 17
0, 330, 33008, 33017, 8, 17
0, 331, 33108, 33117, 8, 17
0, 332, 33208, 33217, 8, 17
0, 333, 33308, 33317, 8, 17
0, 334, 33408, 33417, 8, 17
0, 335, 33508, 33517, 8, 17
0, 336, 33608, 33617, 8, 17
0, 337, 33708, 33717, 8, 17
0, 338, 33808, 33817, 8, 17
0, 339, 33908, 33917, 8, 17
0, 34, 3408, 3417, 8, 17
0, 340, 34008, 34021, 8, 21
0, 341, 34108, 34117, 8, 17
0, 342, 34208, 34217, 8, 17
0, 343, 34308, 34317, 8, 17
0, 344, 34408, 34417, 8, 17
0, 345, 34508, 34517, 8, 17
0, 346, 34608, 34617, 8, 17
0, 347, 34708, 34717, 8, 17
0, 348, 34808, 34817, 8, 17
0, 349, 34908, 34917, 8, 17
0, 35, 3508, 3517, 8, 17
0, 350, 35008, 35019, 8, 19
0, 351, 35108, 35117, 8, 17
0, 352, 35208, 35217, 8, 17
0, 353, 35308, 35317, 8, 17
0, 354, 35408, 35417, 8, 17
0, 355, 35508, 35517, 8, 17
0, 356, 35608, 35617, 8, 17
0, 357, 35708, 35717, 8, 17
0, 358, 35808, 35817, 8, 17
0, 359, 35908, 35917, 8, 17
0, 36, 3608, 3617, 8, 17
0, 360, 36008, 36021, 8, 21
0, 361, 36108, 36117, 8, 17
0, 362, 36208, 36217, 8, 17
0, 363, 36308, 36317, 8, 17
0, 364, 36408, 36417, 8, 17
0, 365, 36508, 36517, 8, 17
0, 366, 36608, 36617, 8, 17
0, 367, 36708, 36717, 8, 17
0, 368, 36808, 36817, 8, 17
0, 369, 36908, 36917, 8, 17
0, 37, 3708, 3717, 8, 17
0, 370, 37008, 37017, 8, 17
0, 371, 37108, 37117, 8, 17
0, 372, 37208, 37217, 8, 17
0, 373, 37308, 37317, 8, 17
0, 374, 37408, 37417, 8, 17
0, 375, 37508, 37517, 8, 17
0, 376, 37608, 37617, 8, 17
0, 377, 37708, 37717, 8, 17
0, 378, 37808, 37817, 8, 17
0, 379, 37908, 37917, 8, 17
0, 38, 3808, 3817, 8, 17
0, 380, 38008, 38021, 8, 21
0, 381, 38108, 38117, 8, 17
0, 382, 38208, 38217, 8, 17
0, 383, 38308, 38317, 8, 17
0, 384, 38408, 38417, 8, 17
0, 385, 38508, 38517, 8, 17
0, 386, 38608, 38617, 8, 17
0, 387, 38708, 38717, 8, 17
0, 388, 38808, 38817, 8, 17
0, 389, 38908, 38917, 8, 17
0, 39, 3908, 3917, 8, 17
0, 390, 39008, 39017, 8, 17
0, 391, 39108, 39117, 8, 17
0, 392, 39208, 39217, 8, 17
0, 393, 39308, 39317, 8, 17
0, 394, 39408, 39417, 8, 17
0, 395, 39508, 39517, 8, 17
0, 396, 39608, 39617, 8, 17
0, 397, 39708, 39717, 8, 17
0, 398, 39808, 39817, 8, 17
0, 399, 39908, 39917, 8, 17
0, 4, 408, 417, 8, 17
0, 40, 4008, 4021, 8, 21
0, 400, 40008, 40033, 8, 33
0, 401, 40108, 40119, 8, 19
0, 402, 40208, 40219, 8, 19
0, 403, 40308, 40317, 8, 17
0, 404, 40408, 40417, 8, 17
0, 405, 40508, 40517, 8, 17
0, 406, 40608, 40617, 8, 17
0, 407, 40708, 40717, 8, 17
0, 408, 40808, 40817, 8, 17
0, 409, 40908, 40917, 8, 17
0, 41, 4108, 4117, 8, 17
0, 410, 41008, 41017, 8, 17
0, 411, 41108, 41117, 8, 17
0, 412, 41208, 41217, 8, 17
0, 413, 41308, 41317, 8, 17
0, 414, 41408, 41417, 8, 17
0, 415, 41508, 41517, 8, 17
0, 416, 41608, 41617, 8, 17
0, 417, 41708, 41717, 8, 17
0, 418, 41808, 41817, 8, 17
0, 419, 41908, 41917, 8, 17
0, 42, 4208, 4217, 8, 17
0, 420, 42008, 42021, 8, 21
0, 421, 42108, 42117, 8, 17
0, 422, 42208, 42217, 8, 17
0, 423, 42308, 42317, 8, 17
0, 424, 42408, 42417, 8, 17
0, 425, 42508, 42517, 8, 17
0, 426, 42608, 42617, 8, 17
0, 427, 42708, 42717, 8, 17
0, 428, 42808, 42817, 8, 17
0, 429, 42908, 42917, 8, 17
0, 43, 4308, 4317, 8, 17
0, 430, 43008, 43017, 8, 17
0, 431, 43108, 43117, 8, 17
0, 432, 43208, 43217, 8, 17
0, 433, 43308, 43317, 8, 17
0, 434, 43408, 43417, 8, 17
0, 435, 43508, 43517, 8, 17
0, 436, 43608, 43617, 8, 17
0, 437, 43708, 43717, 8, 17
0, 438, 43808, 43817, 8, 17
0, 439, 43908, 43917, 8, 17
0, 44, 4408, 4417, 8, 17
0, 440, 44008, 44021, 8, 21
0, 441, 44108, 44117, 8, 17
0, 442, 44208, 44217, 8, 17
0, 443, 44308, 44317, 8, 17
0, 444, 44408, 44417, 8, 17
0, 445, 44508, 44517, 8, 17
0, 446, 44608, 44617, 8, 17
0, 447, 44708, 44717, 8, 17
0, 448, 44808, 44817, 8, 17
0, 449, 44908, 44917, 8, 17
0, 45, 4508, 4517, 8, 17
0, 450, 45008, 45019, 8, 19
0, 451, 45108, 45117, 8, 17
0, 452, 45208, 45217, 8, 17
0, 453, 45308, 45317, 8, 17
0, 454, 45408, 45417, 8, 17
0, 455, 45508, 45517, 8, 17
0, 456, 45608, 45617, 8, 17
0, 457, 45708, 45717, 8, 17
0, 458, 45808, 45817, 8, 17
0, 459, 45908, 45917, 8, 17
0, 46, 4608, 4617, 8, 17
0, 460, 46008, 46021, 8, 21
0, 461, 46108, 46117, 8, 17
0, 462, 46208, 46217, 8, 17
0, 463, 46308, 46317, 8, 17
0, 464, 46408, 46417, 8, 17
0, 465, 46508, 46517, 8, 17
0, 466, 46608, 46617, 8, 17
0, 467, 46708, 46717, 8, 17
0, 468, 46808, 46817, 8, 17
0, 469, 46908, 46917, 8, 17
0, 47, 4708, 4717, 8, 17
0, 470, 47008, 47017, 8, 17
0, 471, 47108, 47117, 8, 17
0, 472, 47208, 47217, 8, 17
0, 473, 47308, 47317, 8, 17
0, 474, 47408, 47417, 8, 17
0, 475, 47508, 47517, 8, 17
0, 476, 47608, 47617, 8, 17
0, 477, 47708, 47717, 8, 17
0, 478, 47808, 47817, 8, 17
0, 479, 47908, 47917, 8, 17
0, 48, 4808, 4817, 8, 17
0, 480, 48008, 48021, 8, 21
0, 481, 48108, 48117, 8, 17
0, 482, 48208, 48217, 8, 17
0, 483, 48308, 48317, 8, 17
0, 484, 48408, 48417, 8, 17
0, 485, 48508, 48517, 8, 17
0, 486, 48608, 48617, 8, 17
0, 487, 48708, 48717, 8, 17
0, 488, 48808, 48817, 8, 17
0, 489, 48908, 48917, 8, 17
0, 49, 4908, 4917, 8, 17
0, 490, 49008, 49017, 8, 17
0, 491, 49108, 49117, 8, 17
0, 492, 49208, 49217, 8, 17
0, 493, 49308, 49317, 8, 17
0, 494, 49408, 49417, 8, 17
0, 495, 49508, 49517, 8, 17
0, 496, 49608, 49617, 8, 17
0, 497, 49708, 49717, 8, 17
0, 498, 49808, 49817, 8, 17
0, 499, 49908, 49917, 8, 17
0, 5, 508, 517, 8, 17
0, 50, 5008, 5019, 8, 19
0, 500, 50008, 50033, 8, 33
0, 501, 50108, 50119, 8, 19
0, 502, 50208, 50219, 8, 19
0, 503, 50308, 50317, 8, 17
0, 504, 50408, 50417, 8, 17
0, 505, 50508, 50517, 8, 17
0, 506, 50608, 50617, 8, 17
0, 507, 50708, 50717, 8, 17
0, 508, 50808, 50817, 8, 17
0, 509, 50908, 50917, 8, 17
0, 51, 5108, 5117, 8, 17
0, 510, 51008, 51017, 8, 17
0, 511, 51108, 51117, 8, 17
0, 512, 51208, 51217, 8, 17
0, 513, 51308, 51317, 8, 17
0, 514, 51408, 51417, 8, 17
0, 515, 51508, 51517, 8, 17
0, 516, 51608, 51617, 8, 17
0, 517, 51708, 51717, 8, 17
0, 518, 51808, 51817, 8, 17
0, 519, 51908, 51917, 8, 17
0, 52, 5208, 5217, 8, 17
0, 520, 52008, 52021, 8, 21
0, 521, 52108, 52117, 8, 17
0, 522, 52208, 52217, 8, 17
0, 523, 52308, 52317, 8, 17
0, 524, 52408, 52417, 8, 17
0, 525, 52508, 52517, 8, 17
0, 526, 52608, 52617, 8, 17
0, 527, 52708, 52717, 8, 17
0, 528, 52808, 52817, 8, 17
0, 529, 52908, 52917, 8, 17
0, 53, 5308, 5317, 8, 17
0, 530, 53008, 53017, 8, 17
0, 531, 53108, 53117, 8, 17
0, 532, 53208, 53217, 8, 17
0, 533, 53308, 53317, 8, 17
0, 534, 53408, 53417, 8, 17
0, 535, 53508, 53517, 8, 17
0, 536, 53608, 53617, 8, 17
0, 537, 53708, 53717, 8, 17
0, 538, 53808, 53817, 8, 17
0, 539, 53908, 53917, 8, 17
0, 54, 5408, 5417, 8, 17
0, 540, 54008, 54021, 8, 21
0, 541, 54108, 54117, 8, 17
0, 542, 54208, 54217, 8, 17
0, 543, 54308, 54317, 8, 17
0, 544, 54408, 54417, 8, 17
0, 545, 54508, 54517, 8, 17
0, 546, 54608, 54617, 8, 17
0, 547, 54708, 54717, 8, 17
0, 548, 54808, 54817, 8, 17
0, 549, 54908, 54917, 8, 17
0, 55, 5508, 5517, 8, 17
0, 550, 55008, 55019, 8, 19
0, 551, 55108, 55117, 8, 17
0, 552, 55208, 55217, 8, 17
0, 553, 55308, 55317, 8, 17
0, 554, 55408, 55417, 8, 17
0, 555, 55508, 55517, 8, 17
0, 556, 55608, 55617, 8, 17
0, 557, 55708, 55717, 8, 17
0, 558, 55808, 55817, 8, 17
0, 559, 55908, 55917, 8, 17
0, 56, 5608, 5617, 8, 17
0, 560, 56008, 56021, 8, 21
0, 561, 56108, 56117, 8, 17
0, 562, 56208, 56217, 8, 17
0, 563, 56308, 56317, 8, 17
0, 564, 56408, 56417, 8, 17
0, 565, 56508, 56517, 8, 17
0, 566, 56608, 56617, 8, 17
0, 567, 56708, 56717, 8, 17
0, 568, 56808, 56817, 8, 17
0, 569, 56908, 56917, 8, 17
0, 57, 5708, 5717, 8, 17
0, 570, 57008, 57017, 8, 17
0, 571, 57108, 57117, 8, 17
0, 572, 57208, 57217, 8, 17
0, 573, 57308, 57317, 8, 17
0, 574, 57408, 57417, 8, 17
0, 575, 57508, 57517, 8, 17
0, 576, 57608, 57617, 8, 17
0, 577, 57708, 57717, 8, 17
0, 578, 57808, 57817, 8, 17
0, 579, 57908, 57917, 8, 17
0, 58, 5808, 5817, 8, 17
0, 580, 58008, 58021, 8, 21
0, 581, 58108, 58117, 8, 17
0, 582, 58208, 58217, 8, 17
0, 583, 58308, 58317, 8, 17
0, 584, 58408, 58417, 8, 17
0, 585, 58508, 58517, 8, 17
0, 586, 58608, 58617, 8, 17
0, 587, 58708, 58717, 8, 17
0, 588, 58808, 58817, 8, 17
0, 589, 58908, 58917, 8, 17
0, 59, 5908, 5917, 8, 17
0, 590, 59008, 59017, 8, 17
0, 591, 59108, 59117, 8, 17
0, 592, 59208, 59217, 8, 17
0, 593, 59308, 59317, 8, 17
0, 594, 59408, 59417, 8, 17
0, 595, 59508, 59517, 8, 17
0, 596, 59608, 59617, 8, 17
0, 597, 59708, 59717, 8, 17
0, 598, 59808, 59817, 8, 17
0, 599, 59908, 59917, 8, 17
0, 6, 608, 617, 8, 17
0, 60, 6008, 6021, 8, 21
0, 600, 60008, 60033, 8, 33
0, 601, 60108, 60119, 8, 19
0, 602, 60208, 60219, 8, 19
0, 603, 60308, 60317, 8, 17
0, 604, 60408, 60417, 8, 17
0, 605, 60508, 60517, 8, 17
0, 606, 60608, 60617, 8, 17
0, 607, 60708, 60717, 8, 17
0, 608, 60808, 60817, 8, 17
0, 609, 60908, 60917, 8, 17
0, 61, 6108, 6117, 8, 17
0, 610, 61008, 61017, 8, 17
0, 611, 61108, 61117, 8, 17
0, 612, 61208, 61217, 8, 17
0, 613, 61308, 61317, 8, 17
0, 614, 61408, 61417, 8, 17
0, 615, 61508, 61517, 8, 17
0, 616, 61608, 61617, 8, 17
0, 617, 61708, 61717, 8, 17
0, 618, 61808, 61817, 8, 17
0, 619, 61908, 61917, 8, 17
0, 62, 6208, 6217, 8, 17
0, 620, 62008, 62021, 8, 21
0, 621, 62108, 62117, 8, 17
0, 622, 62208, 62217, 8, 17
0, 623, 62308, 62317, 8, 17
0, 624, 62408, 62417, 8, 17
0, 625, 62508, 62517, 8, 17
0, 626, 62608, 62617, 8, 17
0, 627, 62708, 62717, 8, 17
0, 628, 62808, 62817, 8, 17
0, 629, 62908, 62917, 8, 17
0, 63, 6308, 6317, 8, 17
0, 630, 63008, 63017, 8, 17
0, 631, 63108, 63117, 8, 17
0, 632, 63208, 63217, 8, 17
0, 633, 63308, 63317, 8, 17
0, 634, 63408, 63417, 8, 17
0, 635, 63508, 63517, 8, 17
0, 636, 63608, 63617, 8, 17
0, 637, 63708, 63717, 8, 17
0, 638, 63808, 63817, 8, 17
0, 639, 63908, 63917, 8, 17
0, 64, 6408, 6417, 8, 17
0, 640, 64008, 64021, 8, 21
0, 641, 64108, 64117, 8, 17
0, 642, 64208, 64217, 8, 17
0, 643, 64308, 64317, 8, 17
0, 644, 64408, 64417, 8, 17
0, 645, 64508, 64517, 8, 17
0, 646, 64608, 64617, 8, 17
0, 647, 64708, 64717, 8, 17
0, 648, 64808, 64817, 8, 17
0, 649, 64908, 64917, 8, 17
0, 65, 6508, 6517, 8, 17
0, 650, 65008, 65019, 8, 19
0, 651, 65108, 65117, 8, 17
0, 652, 65208, 65217, 8, 17
0, 653, 65308, 65317, 8, 17
0, 654, 65408, 65417, 8, 17
0, 655, 65508, 65517, 8, 17
0, 656, 65608, 65617, 8, 17
0, 657, 65708, 65717, 8, 17
0, 658, 65808, 65817, 8, 17
0, 659, 65908, 65917, 8, 17
0, 66, 6608, 6617, 8, 17
0, 660, 66008, 66021, 8, 21
0, 661, 66108, 66117, 8, 17
0, 662, 66208, 66217, 8, 17
0, 663, 66308, 66317, 8, 17
0, 664, 66408, 66417, 8, 17
0, 665, 66508, 66517, 8, 17
0, 666, 66608, 66617, 8, 17
0, 667, 66708, 66717, 8, 17
0, 668, 66808, 66817, 8, 17
0, 669, 66908, 66917, 8, 17
0, 67, 6708, 6717, 8, 17
0, 670, 67008, 67017, 8, 17
0, 671, 67108, 67117, 8, 17
0, 672, 67208, 67217, 8, 17
0, 673, 67308, 67317, 8, 17
0, 674, 67408, 67417, 8, 17
0, 675, 67508, 67517, 8, 17
0, 676, 67608, 67617, 8, 17
0, 677, 67708, 67717, 8, 17
0, 678, 67808, 67817, 8, 17
0, 679, 67908, 67917, 8, 17
0, 68, 6808, 6817, 8, 17
0, 680, 68008, 68021, 8, 21
0, 681, 68108, 68117, 8, 17
0, 682, 68208, 68217, 8, 17
0, 683, 68308, 68317, 8, 17
0, 684, 68408, 68417, 8, 17
0, 685, 68508, 68517, 8, 17
0, 686, 68608, 68617, 8, 17
0, 687, 68708, 68717, 8, 17
0, 688, 68808, 68817, 8, 17
0, 689, 68908, 68917, 8, 17
0, 69, 6908, 6917, 8, 17
0, 690, 69008, 69017, 8, 17
0, 691, 69108, 69117, 8, 17
0, 692, 69208, 69217, 8, 17
0, 693, 69308, 69317, 8, 17
0, 694, 69408, 69417, 8, 17
0, 695, 69508, 69517, 8, 17
0, 696, 69608, 69617, 8, 17
0, 697, 69708, 69717, 8, 17
0, 698, 69808, 69817, 8, 17
0, 699, 69908, 69917, 8, 17
0, 7, 708, 717, 8, 17
0, 70, 7008, 7017, 8, 17
0, 700, 70008, 70033, 8, 33
0, 701, 70108, 70119, 8, 19
0, 702, 70208, 70219, 8, 19
0, 703, 70308, 70317, 8, 17
0, 704, 70408, 70417, 8, 17
0, 705, 70508, 70517, 8, 17
0, 706, 70608, 70617, 8, 17
0, 707, 70708, 70717, 8, 17
0, 708, 70808, 70817, 8, 17
0, 709, 70908, 70917, 8, 17
0, 71, 7108, 7117, 8, 17
0, 710, 71008, 71017, 8, 17
0, 711, 71108, 71117, 8, 17
0, 712, 71208, 71217, 8, 17
0, 713, 71308, 71317, 8, 17
0, 714, 71408, 71417, 8, 17
0, 715, 71508, 71517, 8, 17
0, 716, 71608, 71617, 8, 17
0, 717, 71708, 71717, 8, 17
0, 718, 71808, 71817, 8, 17
0, 719, 71908, 71917, 8, 17
0, 72, 7208, 7217, 8, 17
0, 720, 72008, 72021, 8, 21
0, 721, 72108, 72117, 8, 17
0, 722, 72208, 72217, 8, 17
0, 723, 72308, 72317, 8, 17
0, 724, 72408, 72417, 8, 17
0, 725, 72508, 72517, 8, 17
0, 726, 72608, 72617, 8, 17
0, 727, 72708, 72717, 8, 17
0, 728, 72808, 72817, 8, 17
0, 729, 72908, 72917, 8, 17
0, 73, 7308, 7317, 8, 17
0, 730, 73008, 73017, 8, 17
0, 731, 73108, 73117, 8, 17
0, 732, 73208, 73217, 8, 17
0, 733, 73308, 73317, 8, 17
0, 734, 73408, 73417, 8, 17
0, 735, 73508, 73517, 8, 17
0, 736, 73608, 73617, 8, 17
0, 737, 73708, 73717, 8, 17
0, 738, 73808, 73817, 8, 17
0, 739, 73908, 73917, 8, 17
0, 74, 7408, 7417, 8, 17
0, 740, 74008, 74021, 8, 21
0, 741, 74108, 74117, 8, 17
0, 742, 74208, 74217, 8, 17
0, 743, 74308, 74317, 8, 17
0, 744, 74408, 74417, 8, 17
0, 745, 74508, 74517, 8, 17
0, 746, 74608, 74617, 8, 17
0, 747, 74708, 74717, 8, 17
0, 748, 74808, 74817, 8, 17
0, 749, 74908, 74917, 8, 17
0, 75, 7508, 7517, 8, 17
0, 750, 75008, 75019, 8, 19
0, 751, 75108, 75117, 8, 17
0, 752, 75208, 75217, 8, 17
0, 753, 75308, 75317, 8, 17
0, 754, 75408, 75417, 8, 17
0, 755, 75508, 75517, 8, 17
0, 756, 75608, 75617, 8, 17
0, 757, 75708, 75717, 8, 17
0, 758, 75808, 75817, 8, 17
0, 759, 75908, 75917, 8, 17
0, 76, 7608, 7617, 8, 17
0, 760, 76008, 76021, 8, 21
0, 761, 76108, 76117, 8, 17
0, 762, 76208, 76217, 8, 17
0, 763, 76308, 76317, 8, 17
0, 764, 76408, 76417, 8, 17
0, 765, 76508, 76517, 8, 17
0, 766, 76608, 76617, 8, 17
0, 767, 76708, 76717, 8, 17
0, 768, 76808, 76817, 8, 17
0, 769, 76908, 76917, 8, 17
0, 77, 7708, 7717, 8, 17
0, 770, 77008, 77017, 8, 17
0, 771, 77108, 77117, 8, 17
0, 772, 77208, 77217, 8, 17
0, 773, 77308, 77317, 8, 17
0, 774, 77408, 77417, 8, 17
0, 775, 77508, 77517, 8, 17
0, 776, 77608, 77617, 8, 17
0, 777, 77708, 77717, 8, 17
0, 778, 77808, 77817, 8, 17
0, 779, 77908, 77917, 8, 17
0, 78, 7808, 7817, 8, 17
0, 780, 78008, 78021, 8, 21
0, 781, 78108, 78117, 8, 17
0, 782, 78208, 78217, 8, 17
0, 783, 78308, 78317, 8, 17
0, 784, 78408, 78417, 8, 17
0, 785, 78508, 78517, 8, 17
0, 786, 78608, 78617, 8, 17
0, 787, 78708, 78717, 8, 17
0, 788, 78808, 78817, 8, 17
0, 789, 78908, 78917, 8, 17
0, 79, 7908, 7917, 8, 17
0, 790, 79008, 79017, 8, 17
0, 791, 79108, 79117, 8, 17
0, 792, 79208, 79217, 8, 17
0, 793, 79308, 79317, 8, 17
0, 794, 79408, 79417, 8, 17
0, 795, 79508, 79517, 8, 17
0, 796, 79608, 79617, 8, 17
0, 797, 79708, 79717, 8, 17
0, 798, 79808, 79817, 8, 17
0, 799, 79908, 79917, 8, 17
0, 8, 808, 817, 8, 17
0, 80, 8008, 8021, 8, 21
0, 800, 80008, 80033, 8, 33
0, 801, 80108, 80119, 8, 19
0, 802, 80208, 80219, 8, 19
0, 803, 80308, 80317, 8, 17
0, 804, 80408, 80417, 8, 17
0, 805, 80508, 80517, 8, 17
0, 806, 80608, 80617, 8, 17
0, 807, 80708, 80717, 8, 17
0, 808, 80808, 80817, 8, 17
0, 809, 80908, 80917, 8, 17
0, 81, 8108, 8117, 8, 17
0, 810, 81008, 81017, 8, 17
0, 811, 81108, 81117, 8, 17
0, 812, 81208, 81217, 8, 17
0, 813, 81308, 81317, 8, 17
0, 814, 81408, 81417, 8, 17
0, 815, 81508, 81517, 8, 17
0, 816, 81608, 81617, 8, 17
0, 817, 81708, 81717, 8, 17
0, 818, 81808, 81817, 8, 17
0, 819, 81908, 81917, 8, 17
0, 82, 8208, 8217, 8, 17
0, 820, 82008, 82021, 8, 21
0, 821, 82108, 82117, 8, 17
0, 822, 82208, 82217, 8, 17
0, 823, 82308, 82317, 8, 17
0, 824, 82408, 82417, 8, 17
0, 825, 82508, 82517, 8, 17
0, 826, 82608, 82617, 8, 17
0, 827, 82708, 82717, 8, 17
0, 828, 82808, 82817, 8, 17
0, 829, 82908, 82917, 8, 17
0, 83, 8308, 8317, 8, 17
0, 830, 83008, 83017, 8, 17
0, 831, 83108, 83117, 8, 17
0, 832, 83208, 83217, 8, 17
0, 833, 83308, 83317, 8, 17
0, 834, 83408, 83417, 8, 17
0, 835, 83508, 83517, 8, 17
0, 836, 83608, 83617, 8, 17
0, 837, 83708, 83717, 8, 17
0, 838, 83808, 83817, 8, 17
0, 839, 83908, 83917, 8, 17
0, 84, 8408, 8417, 8, 17
0, 840, 84008, 84021, 8, 21
0, 841, 84108, 84117, 8, 17
0, 842, 84208, 84217, 8, 17
0, 843, 84308, 84317, 8, 17
0, 844, 84408, 84417, 8, 17
0, 845, 84508, 84517, 8, 17
0, 846, 84608, 84617, 8, 17
0, 847, 84708, 84717, 8, 17
0, 848, 84808, 84817, 8, 17
0, 849, 84908, 84917, 8, 17
0, 85, 8508, 8517, 8, 17
0, 850, 85008, 85019, 8, 19
0, 851, 85108, 85117, 8, 17
0, 852, 85208, 85217, 8, 17
0, 853, 85308, 85317, 8, 17
0, 854, 85408, 85417, 8, 17
0, 855, 85508, 85517, 8, 17
0, 856, 85608, 85617, 8, 17
0, 857, 85708, 85717, 8, 17
0, 858, 85808, 85817, 8, 17
0, 859, 85908, 85917, 8, 17
0, 86, 8608, 8617, 8, 17
0, 860, 86008, 86021, 8, 21
0, 861, 86108, 86117, 8, 17
0, 862, 86208, 86217, 8, 17
0, 863, 86308, 86317, 8, 17
0, 864, 86408, 86417, 8, 17
0, 865, 86508, 86517, 8, 17
0, 866, 86608, 86617, 8, 17
0, 867, 86708, 86717, 8, 17
0, 868, 86808, 86817, 8, 17
0, 869, 86908, 86917, 8, 17
0, 87, 8708, 8717, 8, 17
0, 870, 87008, 87017, 8, 17
0, 871, 87108, 87117, 8, 17
0, 872, 87208, 87217, 8, 17
0, 873, 87308, 87317, 8, 17
0, 874, 87408, 87417, 8, 17
0, 875, 87508, 87517, 8, 17
0, 876, 87608, 87617, 8, 17
0, 877, 87708, 87717, 8, 17
0, 878, 87808, 87817, 8, 17
0, 879, 87908, 87917, 8, 17
0, 88, 8808, 8817, 8, 17
0, 880, 88008, 88021, 8, 21
0, 881, 88108, 88117, 8, 17
0, 882, 88208, 88217, 8, 17
0, 883, 88308, 88317, 8, 17
0, 884, 88408, 88417, 8, 17
0, 885, 88508, 88517, 8, 17
0, 886, 88608, 88617, 8, 17
0, 887, 88708, 88717, 8, 17
0, 888, 88808, 88817, 8, 17
0, 889, 88908, 88917, 8, 17
0, 89, 8908, 8917, 8, 17
0, 890, 89008, 89017, 8, 17
0, 891, 89108, 89117, 8, 17
0, 892, 89208, 89217, 8, 17
0, 893, 89308, 89317, 8, 17
0, 894, 89408, 89417, 8, 17
0, 895, 89508, 89517, 8, 17
0, 896, 89608, 89617, 8, 17
0, 897, 89708, 89717, 8, 17
0, 898, 89808, 89817, 8, 17
0, 899, 89908, 89917, 8, 17
0, 9, 908, 917, 8, 17
0, 90, 9008, 9017, 8, 17
0, 900, 90008, 90033, 8, 33
0, 901, 90108, 90119, 8, 19
0, 902, 90208, 90219, 8, 19
0, 903, 90308, 90317, 8, 17
0, 904, 90408, 90417, 8, 17
0, 905, 90508, 90517, 8, 17
0, 906, 90608, 90617, 8, 17
0, 907, 90708, 90717, 8, 17
0, 908, 90808, 90817, 8, 17
0, 909, 90908, 90917, 8, 17
0, 91, 9108, 9117, 8, 17
0, 910, 91008, 91017, 8, 17
0, 911, 91108, 91117, 8, 17
0, 912, 91208, 91217, 8, 17
0, 913, 91308, 91317, 8, 17
0, 914, 91408, 91417, 8, 17
0, 915, 91508, 91517, 8, 17
0, 916, 91608, 91617, 8, 17
0, 917, 91708, 91717, 8, 17
0, 918, 91808, 91817, 8, 17
0, 919, 91908, 91917, 8, 17
0, 92, 9208, 9217, 8, 17
0, 920, 92008, 92021, 8, 21
0, 921, 92108, 92117, 8, 17
0, 922, 92208, 92217, 8, 17
0, 923, 92308, 92317, 8, 17
0, 924, 92408, 92417, 8, 17
0, 925, 92508, 92517, 8, 17
0, 926, 92608, 92617, 8, 17
0, 927, 92708, 92717, 8, 17
0, 928, 92808, 92817, 8, 17
0, 929, 92908, 92917, 8, 17
0, 93, 9308, 9317, 8, 17
0, 930, 93008, 93017, 8, 17
0, 931, 93108, 93117, 8, 17
0, 932, 93208, 93217, 8, 17
0, 933, 93308, 93317, 8, 17
0, 934, 93408, 93417, 8, 17
0, 935, 93508, 93517, 8, 17
0, 936, 93608, 93617, 8, 17
0, 937, 93708, 93717, 8, 17
0, 938, 93808, 93817, 8, 17
0, 939, 93908, 93917, 8, 17
0, 94, 9408, 9417, 8, 17
0, 940, 94008, 94021, 8, 21
0, 941, 94108, 94117, 8, 17
0, 942, 94208, 94217, 8, 17
0, 943, 94308, 94317, 8, 17
0, 944, 94408, 94417, 8, 17
0, 945, 94508, 94517, 8, 17
0, 946, 94608, 94617, 8, 17
0, 947, 94708, 94717, 8, 17
0, 948, 94808, 94817, 8, 17
0, 949, 94908, 94917, 8, 17
0, 95, 9508, 9517, 8, 17
0, 950, 95008, 95019, 8, 19
0, 951, 95108, 95117, 8, 17
0, 952, 95208, 95217, 8, 17
0, 953, 95308, 95317, 8, 17
0, 954, 95408, 95417, 8, 17
0, 955, 95508, 95517, 8, 17
0, 956, 95608, 95617, 8, 17
0, 957, 95708, 95717, 8, 17
0, 958, 95808, 95817, 8, 17
0, 959, 95908, 95917, 8, 17
0, 96, 9608, 9617, 8, 17
0, 960, 96008, 96021, 8, 21
0, 961, 96108, 96117, 8, 17
0, 962, 96208, 96217, 8, 17
0, 963, 96308, 96317, 8, 17
0, 964, 96408, 96417, 8, 17
0, 965, 96508, 96517, 8, 17
0, 966, 96608, 96617, 8, 17
0, 967, 96708, 96717, 8, 17
0, 968, 96808, 96817, 8, 17
0, 969, 96908, 96917, 8, 17
0, 97, 9708, 9717, 8, 17
0, 970, 97008, 97017, 8, 17
0, 971, 97108, 97117, 8, 17
0, 972, 97208, 97217, 8, 17
0, 973, 97308, 97317, 8, 17
0, 974, 97408, 97417, 8, 17
0, 975, 97508, 97517, 8, 17
0, 976, 97608, 97617, 8, 17
0, 977, 97708, 97717, 8, 17
0, 978, 97808, 97817, 8, 17
0, 979, 97908, 97917, 8, 17
0, 98, 9808, 9817, 8, 17
0, 980, 98008, 98021, 8, 21
0, 981, 98108, 98117, 8, 17
0, 982, 98208, 98217, 8, 17
0, 983, 98308, 98317, 8, 17
0, 984, 98408, 98417, 8, 17
0, 985, 98508, 98517, 8, 17
0, 986, 98608, 98617, 8, 17
0, 987, 98708, 98717, 8, 17
0, 988, 98808, 98817, 8, 17
0, 989, 98908, 98917, 8, 17
0, 99, 9908, 9917, 8, 17
0, 990, 99008, 99017, 8, 17
0, 991, 99108, 99117, 8, 17
0, 992, 99208, 99217, 8, 17
0, 993, 99308, 99317, 8, 17
0, 994, 99408, 99417, 8, 17
0, 995, 99508, 99517, 8, 17
0, 996, 99608, 99617, 8, 17
0, 997, 99708, 99717, 8, 17
0, 998, 99808, 99817, 8, 17
0, 999, 99908, 99917, 8, 17
1, 0, 3, 37, 3, 37
1, 1, 203, 217, 3, 17
1, 10, 2003, 2022, 3, 22
1, 100, 20003, 20037, 3, 37
1, 101, 20203, 20217, 3, 17
1, 102, 20403, 20415, 3, 15
1, 103, 20603, 20615, 3, 15
1, 104, 20803, 20815, 3, 15
1, 105, 21003, 21015, 3, 15
1, 106, 21203, 21215, 3, 15
1, 107, 21403, 21415, 3, 15
1, 108, 21603, 21615, 3, 15
1, 109, 21803, 21815, 3, 15
1, 11, 2203, 2215, 3, 15
1, 110, 22003, 22022, 3, 22
1, 111, 22203, 22215, 3, 15
1, 112, 22403, 22415, 3, 15
1, 113, 22603, 22615, 3, 15
1, 114, 22803, 22815, 3, 15
1, 115, 23003, 23015, 3, 15
1, 116, 23203, 23215, 3, 15
1, 117, 23403, 23415, 3, 15
1, 118, 23603, 23615, 3, 15
1, 119, 23803, 23815, 3, 15
1, 12, 2403, 2415, 3, 15
1, 120, 24003, 24022, 3, 22
1, 121, 24203, 24215, 3, 15
1, 122, 24403, 24415, 3, 15
1, 123, 24603, 24615, 3, 15
1, 124, 24803, 24815, 3, 15
1, 125, 25003, 25017, 3, 17
1, 126, 25203, 25215, 3, 15
1, 127, 25403, 25415, 3, 15
1, 128, 25603, 25615, 3, 15
1, 129, 25803, 25815, 3, 15
1, 13, 2603, 2615, 3, 15
1, 130, 26003, 26022, 3, 22
1, 131, 26203, 26215, 3, 15
1, 132, 26403, 26415, 3, 15
1, 133, 26603, 26615, 3, 15
1, 134, 26803, 26815, 3, 15
1, 135, 27003, 27015, 3, 15
1, 136, 27203, 27215, 3, 15
1, 137, 27403, 27415, 3, 15
1, 138, 27603, 27615, 3, 15
1, 139, 27803, 27815, 3, 15
1, 14, 2803, 2815, 3, 15
1, 140, 28003, 28022, 3, 22
1, 141, 28203, 28215, 3, 15
1, 142, 28403, 28415, 3, 15
1, 143, 28603, 28615, 3, 15
1, 144, 28803, 28815, 3, 15
1, 145, 29003, 29015, 3, 15
1, 146, 29203, 29215, 3, 15
1, 147, 29403, 29415, 3, 15
1, 148, 29603, 29615, 3, 15
1, 149, 29803, 29815, 3, 15
1, 15, 3003, 3015, 3, 15
1, 150, 30003, 30037, 3, 37
1, 151, 30203, 30217, 3, 17
1, 152, 30403, 30415, 3, 15
1, 153, 30603, 30615, 3, 15
1, 154, 30803, 30815, 3, 15
1, 155, 31003, 31015, 3, 15
1, 156, 31203, 31215, 3, 15
1, 157, 31403, 31415, 3, 15
1, 158, 31603, 31615, 3, 15
1, 159, 31803, 31815, 3, 15
1, 16, 3203, 3215, 3, 15
1, 160, 32003, 32022, 3, 22
1, 161, 32203, 32215, 3, 15
1, 162, 32403, 32415, 3, 15
1, 163, 32603, 32615, 3, 15
1, 164, 32803, 32815, 3, 15
1, 165, 33003, 33015, 3, 15
1, 166, 33203, 33215, 3, 15
1, 167, 33403, 33415, 3, 15
1, 168, 33603, 33615, 3, 15
1, 169, 33803, 33815, 3, 15
1, 17, 3403, 3415, 3, 15
1, 170, 34003, 34022, 3, 22
1, 171, 34203, 34215, 3, 15
1, 172, 34403, 34415, 3, 15
1, 173, 34603, 34615, 3, 15
1, 174, 34803, 34815, 3, 15
1, 175, 35003, 35017, 3, 17
1, 176, 35203, 35215, 3, 15
1, 177, 35403, 35415, 3, 15
1, 178, 35603, 35615, 3, 15
1, 179, 35803, 35815, 3, 15
1, 18, 3603, 3615, 3, 15
1, 180, 36003, 36022, 3, 22
1, 181, 36203, 36215, 3, 15
1, 182, 36403, 36415, 3, 15
1, 183, 36603, 36615, 3, 15
1, 184, 36803, 36815, 3, 15
1, 185, 37003, 37015, 3, 15
1, 186, 37203, 37215, 3, 15
1, 187, 37403, 37415, 3, 15
1, 188, 37603, 37615, 3, 15
1, 189, 37803, 37815, 3, 15
1, 19, 3803, 3815, 3, 15
1, 190, 38003, 38022, 3, 22
1, 191, 38203, 38215, 3, 15
1, 192, 38403, 38415, 3, 15
1, 193, 38603, 38615, 3, 15
1, 194, 38803, 38815, 3, 15
1, 195, 39003, 39015, 3, 15
1, 196, 39203, 39215, 3, 15
1, 197, 39403, 39415, 3, 15
1, 198, 39603, 39615, 3, 15
1, 199, 39803, 39815, 3, 15
1, 2, 403, 415, 3, 15
1, 20, 4003, 4022, 3, 22
1, 200, 40003, 40037, 3, 37
1, 201, 40203, 40217, 3, 17
1, 202, 40403, 40415, 3, 15
1, 203, 40603, 40615, 3, 15
1, 204, 40803, 40815, 3, 15
1, 205, 41003, 41015, 3, 15
1, 206, 41203, 41215, 3, 15
1, 207, 41403, 41415, 3, 15
1, 208, 41603, 41615, 3, 15
1, 209, 41803, 41815, 3, 15
1, 21, 4203, 4215, 3, 15
1, 210, 42003, 42022, 3, 22
1, 211, 42203, 42215, 3, 15
1, 212, 42403, 42415, 3, 15
1, 213, 42603, 42615, 3, 15
1, 214, 42803, 42815, 3, 15
1, 215, 43003, 43015, 3, 15
1, 216, 43203, 43215, 3, 15
1, 217, 43403, 43415, 3, 15
1, 218, 43603, 43615, 3, 15
1, 219, 43803, 43815, 3, 15
1, 22, 4403, 4415, 3, 15
1, 220, 44003, 44022, 3, 22
1, 221, 44203, 44215, 3, 15
1, 222, 44403, 44415, 3, 15
1, 223, 44603, 44615, 3, 15
1, 224, 44803, 44815, 3, 15
1, 225, 45003, 45017, 3, 17
1, 226, 45203, 45215, 3, 15
1, 227, 45403, 45415, 3, 15
1, 228, 45603, 45615, 3, 15
1, 229, 45803, 45815, 3, 15
1, 23, 4603, 4615, 3, 15
1, 230, 46003, 46022, 3, 22
1, 231, 46203, 46215, 3, 15
1, 232, 46403, 46415, 3, 15
1, 233, 46603, 46615, 3, 15
1, 234, 46803, 46815, 3, 15
1, 235, 47003, 47015, 3, 15
1, 236, 47203, 47215, 3, 15
1, 237, 47403, 47415, 3, 15
1, 238, 47603, 47615, 3, 15
1, 239, 47803, 47815, 3, 15
1, 24, 4803, 4815, 3, 15
1, 240, 48003, 48022, 3, 22
1, 241, 48203, 48215, 3, 15
1, 242, 48403, 48415, 3, 15
1, 243, 48603, 48615, 3, 15
1, 244, 48803, 48815, 3, 15
1, 245, 49003, 49015, 3, 15
1, 246, 49203, 49215, 3, 15
1, 247, 49403, 49415, 3, 15
1, 248, 49603, 49615, 3, 15
1, 249, 49803, 49815, 3, 15
1, 25, 5003, 5017, 3, 17
1, 250, 50003, 50037, 3, 37
1, 251, 50203, 50217, 3, 17
1, 252, 50403, 50415, 3, 15
1, 253, 50603, 50615, 3, 15
1, 254, 50803, 50815, 3, 15
1, 255, 51003, 51015, 3, 15
1, 256, 51203, 51215, 3, 15
1, 257, 51403, 51415, 3, 15
1, 258, 51603, 51615, 3, 15
1, 259, 51803, 51815, 3, 15
1, 26, 5203, 5215, 3, 15
1, 260, 52003, 52022, 3, 22
1, 261, 52203, 52215, 3, 15
1, 262, 52403, 52415, 3, 15
1, 263, 52603, 52615, 3, 15
1, 264, 52803, 52815, 3, 15
1, 265, 53003, 53015, 3, 15
1, 266, 53203, 53215, 3, 15
1, 267, 53403, 53415, 3, 15
1, 268, 53603, 53615, 3, 15
1, 269, 53803, 53815, 3, 15
1, 27, 5403, 5415, 3, 15
1, 270, 54003, 54022, 3, 22
1, 271, 54203, 54215, 3, 15
1, 272, 54403, 54415, 3, 15
1, 273, 54603, 54615, 3, 15
1, 274, 54803, 54815, 3, 15
1, 275, 55003, 55017, 3, 17
1, 276, 55203, 55215, 3, 15
1, 277, 55403, 55415, 3, 15
1, 278, 55603, 55615, 3, 15
1, 279, 55803, 55815, 3, 15
1, 28, 5603, 5615, 3, 15
1, 280, 56003, 56022, 3, 22
1, 281, 56203, 56215, 3, 15
1, 282, 56403, 56415, 3, 15
1, 283, 56603, 56615, 3, 15
1, 284, 56803, 56815, 3, 15
1, 285, 57003, 57015, 3, 15
1, 286, 57203, 57215, 3, 15
1, 287, 57403, 57415, 3, 15
1, 288, 57603, 57615, 3, 15
1, 289, 57803, 57815, 3, 15
1, 29, 5803, 5815, 3, 15
1, 290, 58003, 58022, 3, 22
1, 291, 58203, 58215, 3, 15
1, 292, 58403, 58415, 3, 15
1, 293, 58603, 58615, 3, 15
1, 294, 58803, 58815, 3, 15
1, 295, 59003, 59015, 3, 15
1, 296, 59203, 59215, 3, 15
1, 297, 59403, 59415, 3, 15
1, 298, 59603, 59615, 3, 15
1, 299, 59803, 59815, 3, 15
1, 3, 603, 615, 3, 15
1, 30, 6003, 6022, 3, 22
1, 300, 60003, 60037, 3, 37
1, 301, 60203, 60217, 3, 17
1, 302, 60403, 60415, 3, 15
1, 303, 60603, 60615, 3, 15
1, 304, 60803, 60815, 3, 15
1, 305, 61003, 61015, 3, 15
1, 306, 61203, 61215, 3, 15
1, 307, 61403, 61415, 3, 15
1, 308, 61603, 61615, 3, 15
1, 309, 61803, 61815, 3, 15
1, 31, 6203, 6215, 3, 15
1, 310, 62003, 62022, 3, 22
1, 311, 62203, 62215, 3, 15
1, 312, 62403, 62415, 3, 15
1, 313, 62603, 62615, 3, 15
1, 314, 62803, 62815, 3, 15
1, 315, 63003, 63015, 3, 15
1, 316, 63203, 63215, 3, 15
1, 317, 63403, 63415, 3, 15
1, 318, 63603, 63615, 3, 15
1, 319, 63803, 63815, 3, 15
1, 32, 6403, 6415, 3, 15
1, 320, 64003, 64022, 3, 22
1, 321, 64203, 64215, 3, 15
1, 322, 64403, 64415, 3, 15
1, 323, 64603, 64615, 3, 15
1, 324, 64803, 64815, 3, 15
1, 325, 65003, 65017, 3, 17
1, 326, 65203, 65215, 3, 15
1, 327, 65403, 65415, 3, 15
1, 328, 65603, 65615, 3, 15
1, 329, 65803, 65815, 3, 15
1, 33, 6603, 6615, 3, 15
1, 330, 66003, 66022, 3, 22
1, 331, 66203, 66215, 3, 15
1, 332, 66403, 66415, 3, 15
1, 333, 66603, 66615, 3, 15
1, 334, 66803, 66815, 3, 15
1, 335, 67003, 67015, 3, 15
1, 336, 67203, 67215, 3, 15
1, 337, 67403, 67415, 3, 15
1, 338, 67603, 67615, 3, 15
1, 339, 67803, 67815, 3, 15
1, 34, 6803, 6815, 3, 15
1, 340, 68003, 68022, 3, 22
1, 341, 68203, 68215, 3, 15
1, 342, 68403, 68415, 3, 15
1, 343, 68603, 68615, 3, 15
1, 344, 68803, 68815, 3, 15
1, 345, 69003, 69015, 3, 15
1, 346, 69203, 69215, 3, 15
1, 347, 69403, 69415, 3, 15
1, 348, 69603, 69615, 3, 15
1, 349, 69803, 69815, 3, 15
1, 35, 7003, 7015, 3, 15
1, 350, 70003, 70037, 3, 37
1, 351, 70203, 70217, 3, 17
1, 352, 70403, 70415, 3, 15
1, 353, 70603, 70615, 3, 15
1, 354, 70803, 70815, 3, 15
1, 355, 71003, 71015, 3, 15
1, 356, 71203, 71215, 3, 15
1, 357, 71403, 71415, 3, 15
1, 358, 71603, 71615, 3, 15
1, 359, 71803, 71815, 3, 15
1, 36, 7203, 7215, 3, 15
1, 360, 72003, 72022, 3, 22
1, 361, 72203, 72215, 3, 15
1, 362, 72403, 72415, 3, 15
1, 363, 72603, 72615, 3, 15
1, 364, 72803, 72815, 3, 15
1, 365, 73003, 73015, 3, 15
1, 366, 73203, 73215, 3, 15
1, 367, 73403, 73415, 3, 15
1, 368, 73603, 73615, 3, 15
1, 369, 73803, 73815, 3, 15
1, 37, 7403, 7415, 3, 15
1, 370, 74003, 74022, 3, 22
1, 371, 74203, 74215, 3, 15
1, 372, 74403, 74415, 3, 15
1, 373, 74603, 74615, 3, 15
1, 374, 74803, 74815, 3, 15
1, 375, 75003, 75017, 3, 17
1, 376, 75203, 75215, 3, 15
1, 377, 75403, 75415, 3, 15
1, 378, 75603, 75615, 3, 15
1, 379, 75803, 75815, 3, 15
1, 38, 7603, 7615, 3, 15
1, 380, 76003, 76022, 3, 22
1, 381, 76203, 76215, 3, 15
1, 382, 76403, 76415, 3, 15
1, 383, 76603, 76615, 3, 15
1, 384, 76803, 76815, 3, 15
1, 385, 77003, 77015, 3, 15
1, 386, 77203, 77215, 3, 15
1, 387, 77403, 77415, 3, 15
1, 388, 77603, 77615, 3, 15
1, 389, 77803, 77815, 3, 15
1, 39, 7803, 7815, 3, 15
1, 390, 78003, 78022, 3, 22
1, 391, 78203, 78215, 3, 15
1, 392, 78403, 78415, 3, 15
1, 393, 78603, 78615, 3, 15
1, 394, 78803, 78815, 3, 15
1, 395, 79003, 79015, 3, 15
1, 396, 79203, 79215, 3, 15
1, 397, 79403, 79415, 3, 15
1, 398, 79603, 79615, 3, 15
1, 399, 79803, 79815, 3, 15
1, 4, 803, 815, 3, 15
1, 40, 8003, 8022, 3, 22
1, 400, 80003, 80037, 3, 37
1, 401, 80203, 80217, 3, 17
1, 402, 80403, 80415, 3, 15
1, 403, 80603, 80615, 3, 15
1, 404, 80803, 80815, 3, 15
1, 405, 81003, 81015, 3, 15
1, 406, 81203, 81215, 3, 15
1, 407, 81403, 81415, 3, 15
1, 408, 81603, 81615, 3, 15
1, 409, 81803, 81815, 3, 15
1, 41, 8203, 8215, 3, 15
1, 410, 82003, 82022, 3, 22
1, 411, 82203, 82215, 3, 15
1, 412, 82403, 82415, 3, 15
1, 413, 82603, 82615, 3, 15
1, 414, 82803, 82815, 3, 15
1, 415, 83003, 83015, 3, 15
1, 416, 83203, 83215, 3, 15
1, 417, 83403, 83415, 3, 15
1, 418, 83603, 83615, 3, 15
1, 419, 83803, 83815, 3, 15
1, 42, 8403, 8415, 3, 15
1, 420, 84003, 84022, 3, 22
1, 421, 84203, 84215, 3, 15
1, 422, 84403, 84415, 3, 15
1, 423, 84603, 84615, 3, 15
1, 424, 84803, 84815, 3, 15
1, 425, 85003, 85017, 3, 17
1, 426, 85203, 85215, 3, 15
1, 427, 85403, 85415, 3, 15
1, 428, 85603, 85615, 3, 15
1, 429, 85803, 85815, 3, 15
1, 43, 8603, 8615, 3, 15
1, 430, 86003, 86022, 3, 22
1, 431, 86203, 86215, 3, 15
1, 432, 86403, 86415, 3, 15
1, 433, 86603, 86615, 3, 15
1, 434, 86803, 86815, 3, 15
1, 435, 87003, 87015, 3, 15
1, 436, 87203, 87215, 3, 15
1, 437, 87403, 87415, 3, 15
1, 438, 87603, 87615, 3, 15
1, 439, 87803, 87815, 3, 15
1, 44, 8803, 8815, 3, 15
1, 440, 88003, 88022, 3, 22
1, 441, 88203, 88215, 3, 15
1, 442, 88403, 88415, 3, 15
1, 443, 88603, 88615, 3, 15
1, 444, 88803, 88815, 3, 15
1, 445, 89003, 89015, 3, 15
1, 446, 89203, 89215, 3, 15
1, 447, 89403, 89415, 3, 15
1, 448, 89603, 89615, 3, 15
1, 449, 89803, 89815, 3, 15
1, 45, 9003, 9015, 3, 15
1, 450, 90003, 90037, 3, 37
1, 451, 90203, 90217, 3, 17
1, 452, 90403, 90415, 3, 15
1, 453, 90603, 90615, 3, 15
1, 454, 90803, 90815, 3, 15
1, 455, 91003, 91015, 3, 15
1, 456, 91203, 91215, 3, 15
1, 457, 91403, 91415, 3, 15
1, 458, 91603, 91615, 3, 15
1, 459, 91803, 91815, 3, 15
1, 46, 9203, 9215, 3, 15
1, 460, 92003, 92022, 3, 22
1, 461, 92203, 92215, 3, 15
1, 462, 92403, 92415, 3, 15
1, 463, 92603, 92615, 3, 15
1, 464, 92803, 92815, 3, 15
1, 465, 93003, 93015, 3, 15
1, 466, 93203, 93215, 3, 15
1, 467, 93403, 93415, 3, 15
1, 468, 93603, 93615, 3, 15
1, 469, 93803, 93815, 3, 15
1, 47, 9403, 9415, 3, 15
1, 470, 94003, 94022, 3, 22
1, 471, 94203, 94215, 3, 15
1, 472, 94403, 94415, 3, 15
1, 473, 94603, 94615, 3, 15
1, 474, 94803, 94815, 3, 15
1, 475, 95003, 95017, 3, 17
1, 476, 95203, 95215, 3, 15
1, 477, 95403, 95415, 3, 15
1, 478, 95603, 95615, 3, 15
1, 479, 95803, 95815, 3, 15
1, 48, 9603, 9615, 3, 15
1, 480, 96003, 96022, 3, 22
1, 481, 96203, 96215, 3, 15
1, 482, 96403, 96415, 3, 15
1, 483, 96603, 96615, 3, 15
1, 484, 96803, 96815, 3, 15
1, 485, 97003, 97015, 3, 15
1, 486, 97203, 97215, 3, 15
1, 487, 97403, 97415, 3, 15
1, 488, 97603, 97615, 3, 15
1, 489, 97803, 97815, 3, 15
1, 49, 9803, 9815, 3, 15
1, 490, 98003, 98022, 3, 22
1, 491, 98203, 98215, 3, 15
1, 492, 98403, 98415, 3, 15
1, 493, 98603, 98615, 3, 15
1, 494, 98803, 98815, 3, 15
1, 495, 99003, 99015, 3, 15
1, 496, 99203, 99215, 3, 15
1, 497, 99403, 99415, 3, 15
1, 498, 99603, 99615, 3, 15
1, 499, 99803, 99815, 3, 15
1, 5, 1003, 1015, 3, 15
1, 50, 10003, 10037, 3, 37
1, 51, 10203, 10217, 3, 17
1, 52, 10403, 10415, 3, 15
1, 53, 10603, 10615, 3, 15
1, 54, 10803, 10815, 3, 15
1, 55, 11003, 11015, 3, 15
1, 56, 11203, 11215, 3, 15
1, 57, 11403, 11415, 3, 15
1, 58, 11603, 11615, 3, 15
1, 59, 11803, 11815, 3, 15
1, 6, 1203, 1215, 3, 15
1, 60, 12003, 12022, 3, 22
1, 61, 12203, 12215, 3, 15
1, 62, 12403, 12415, 3, 15
1, 63, 12603, 12615, 3, 15
1, 64, 12803, 12815, 3, 15
1, 65, 13003, 13015, 3, 15
1, 66, 13203, 13215, 3, 15
1, 67, 13403, 13415, 3, 15
1, 68, 13603, 13615, 3, 15
1, 69, 13803, 13815, 3, 15
1, 7, 1403, 1415, 3, 15
1, 70, 14003, 14022, 3, 22
1, 71, 14203, 14215, 3, 15
1, 72, 14403, 14415, 3, 15
1, 73, 14603, 14615, 3, 15
1, 74, 14803, 14815, 3, 15
1, 75, 15003, 15017, 3, 17
1, 76, 15203, 15215, 3, 15
1, 77, 15403, 15415, 3, 15
1, 78, 15603, 15615, 3, 15
1, 79, 15803, 15815, 3, 15
1, 8, 1603, 1615, 3, 15
1, 80, 16003, 16022, 3, 22
1, 81, 16203, 16215, 3, 15
1, 82, 16403, 16415, 3, 15
1, 83, 16603, 16615, 3, 15
1, 84, 16803, 16815, 3, 15
1, 85, 17003, 17015, 3, 15
1, 86, 17203, 17215, 3, 15
1, 87, 17403, 17415, 3, 15
1, 88, 17603, 17615, 3, 15
1, 89, 17803, 17815, 3, 15
1, 9, 1803, 1815, 3, 15
1, 90, 18003, 18022, 3, 22
1, 91, 18203, 18215, 3, 15
1, 92, 18403, 18415, 3, 15
1, 93, 18603, 18615, 3, 15
1, 94, 18803, 18815, 3, 15
1, 95, 19003, 19015, 3, 15
1, 96, 19203, 19215, 3, 15
1, 97, 19403, 19415, 3, 15
1, 98, 19603, 19615, 3, 15
1, 99, 19803, 19815, 3, 15
2, 0, 11, 44, 11, 44
2, 1, 511, 542, 11, 42
2, 10, 5011, 5042, 11, 42
2, 100, 50011, 50044, 11, 44
2, 101, 50511, 50542, 11, 42
2, 102, 51011, 51042, 11, 42
2, 103, 51511, 51542, 11, 42
2, 104, 52011, 52042, 11, 42
2, 105, 52511, 52542, 11, 42
2, 106, 53011, 53042, 11, 42
2, 107, 53511, 53542, 11, 42
2, 108, 54011, 54042, 11, 42
2, 109, 54511, 54542, 11, 42
2, 11, 5511, 5542, 11, 42
2, 110, 55011, 55042, 11, 42
2, 111, 55511, 55542, 11, 42
2, 112, 56011, 56042, 11, 42
2, 113, 56511, 56542, 11, 42
2, 114, 57011, 57042, 11, 42
2, 115, 57511, 57542, 11, 42
2, 116, 58011, 58042, 11, 42
2, 117, 58511, 58542, 11, 42
2, 118, 59011, 59042, 11, 42
2, 119, 59511, 59542, 11, 42
2, 12, 6011, 6042, 11, 42
2, 120, 60011, 60044, 11, 44
2, 121, 60511, 60542, 11, 42
2, 122, 61011, 61042, 11, 42
2, 123, 61511, 61542, 11, 42
2, 124, 62011, 62042, 11, 42
2, 125, 62511, 62542, 11, 42
2, 126, 63011, 63042, 11, 42
2, 127, 63511, 63542, 11, 42
2, 128, 64011, 64042, 11, 42
2, 129, 64511, 64542, 11, 42
2, 13, 6511, 6542, 11, 42
2, 130, 65011, 65042, 11, 42
2, 131, 65511, 65542, 11, 42
2, 132, 66011, 66042, 11, 42
2, 133, 66511, 66542, 11, 42
2, 134, 67011, 67042, 11, 42
2, 135, 67511, 67542, 11, 42
2, 136, 68011, 68042, 11, 42
2, 137, 68511, 68542, 11, 42
2, 138, 69011, 69042, 11, 42
2, 139, 69511, 69542, 11, 42
2, 14, 7011, 7042, 11, 42
2, 140, 70011, 70044, 11, 44
2, 141, 70511, 70542, 11, 42
2, 142, 71011, 71042, 11, 42
2, 143, 71511, 71542, 11, 42
2, 144, 72011, 72042, 11, 42
2, 145, 72511, 72542, 11, 42
2, 146, 73011, 73042, 11, 42
2, 147, 73511, 73542, 11, 42
2, 148, 74011, 74042, 11, 42
2, 149, 74511, 74542, 11, 42
2, 15, 7511, 7542, 11, 42
2, 150, 75011, 75042, 11, 42
2, 151, 75511, 75542, 11, 42
2, 152, 76011, 76042, 11, 42
2, 153, 76511, 76542, 11, 42
2, 154, 77011, 77042, 11, 42
2, 155, 77511, 77542, 11, 42
2, 156, 78011, 78042, 11, 42
2, 157, 78511, 78542, 11, 42
2, 158, 79011, 79042, 11, 42
2, 159, 79511, 79542, 11, 42
2, 16, 8011, 8042, 11, 42
2, 160, 80011, 80044, 11, 44
2, 161, 80511, 80542, 11, 42
2, 162, 81011, 81042, 11, 42
2, 163, 81511, 81542, 11, 42
2, 164, 82011, 82042, 11, 42
2, 165, 82511, 82542, 11, 42
2, 166, 83011, 83042, 11, 42
2, 167, 83511, 83542, 11, 42
2, 168, 84011, 84042, 11, 42
2, 169, 84511, 84542, 11, 42
2, 17, 8511, 8542, 11, 42
2, 170, 85011, 85042, 11, 42
2, 171, 85511, 85542, 11, 42
2, 172, 86011, 86042, 11, 42
2, 173, 86511, 86542, 11, 42
2, 174, 87011, 87042, 11, 42
2, 175, 87511, 87542, 11, 42
2, 176, 88011, 88042, 11, 42
2, 177, 88511, 88542, 11, 42
2, 178, 89011, 89042, 11, 42
2, 179, 89511, 89542, 11, 42
2, 18, 9011, 9042, 11, 42
2, 180, 90011, 90044, 11, 44
2, 181, 90511, 90542, 11, 42
2, 182, 91011, 91042, 11, 42
2, 183, 91511, 91542, 11, 42
2, 184, 92011, 92042, 11, 42
2, 185, 92511, 92542, 11, 42
2, 186, 93011, 93042, 11, 42
2, 187, 93511, 93542, 11, 42
2, 188, 94011, 94042, 11, 42
2, 189, 94511, 94542, 11, 42
2, 19, 9511, 9542, 11, 42
2, 190, 95011, 95042, 11, 42
2, 191, 95511, 95542, 11, 42
2, 192, 96011, 96042, 11, 42
2, 193, 96511, 96542, 11, 42
2, 194, 97011, 97042, 11, 42
2, 195, 97511, 97542, 11, 42
2, 196, 98011, 98042, 11, 42
2, 197, 98511, 98542, 11, 42
2, 198, 99011, 99042, 11, 42
2, 199, 99511, 99542, 11, 42
2, 2, 1011, 1042, 11, 42
2, 20, 10011, 10044, 11, 44
2, 21, 10511, 10542, 11, 42
2, 22, 11011, 11042, 11, 42
2, 23, 11511, 11542, 11, 42
2, 24, 12011, 12042, 11, 42
2, 25, 12511, 12542, 11, 42
2, 26, 13011, 13042, 11, 42
2, 27, 13511, 13542, 11, 42
2, 28, 14011, 14042, 11, 42
2, 29, 14511, 14542, 11, 42
2, 3, 1511, 1542, 11, 42
2, 30, 15011, 15042, 11, 42
2, 31, 15511, 15542, 11, 42
2, 32, 16011, 16042, 11, 42
2, 33, 16511, 16542, 11, 42
2, 34, 17011, 17042, 11, 42
2, 35, 17511, 17542, 11, 42
2, 36, 18011, 18042, 11, 42
2, 37, 18511, 18542, 11, 42
2, 38, 19011, 19042, 11, 42
2, 39, 19511, 19542, 11, 42
2, 4, 2011, 2042, 11, 42
2, 40, 20011, 20044, 11, 44
2, 41, 20511, 20542, 11, 42
2, 42, 21011, 21042, 11, 42
2, 43, 21511, 21542, 11, 42
2, 44, 22011, 22042, 11, 42
2, 45, 22511, 22542, 11, 42
2, 46, 23011, 23042, 11, 42
2, 47, 23511, 23542, 11, 42
2, 48, 24011, 24042, 11, 42
2, 49, 24511, 24542, 11, 42
2, 5, 2511, 2542, 11, 42
2, 50, 25011, 25042, 11, 42
2, 51, 25511, 25542, 11, 42
2, 52, 26011, 26042, 11, 42
2, 53, 26511, 26542, 11, 42
2, 54, 27011, 27042, 11, 42
2, 55, 27511, 27542, 11, 42
2, 56, 28011, 28042, 11, 42
2, 57, 28511, 28542, 11, 42
2, 58, 29011, 29042, 11, 42
2, 59, 29511, 29542, 11, 42
2, 6, 3011, 3042, 11, 42
2, 60, 30011, 30044, 11, 44
2, 61, 30511, 30542, 11, 42
2, 62, 31011, 31042, 11, 42
2, 63, 31511, 31542, 11, 42
2, 64, 32011, 32042, 11, 42
2, 65, 32511, 32542, 11, 42
2, 66, 33011, 33042, 11, 42
2, 67, 33511, 33542, 11, 42
2, 68, 34011, 34042, 11, 42
2, 69, 34511, 34542, 11, 42
2, 7, 3511, 3542, 11, 42
2, 70, 35011, 35042, 11, 42
2, 71, 35511, 35542, 11, 42
2, 72, 36011, 36042, 11, 42
2, 73, 36511, 36542, 11, 42
2, 74, 37011, 37042, 11, 42
2, 75, 37511, 37542, 11, 42
2, 76, 38011, 38042, 11, 42
2, 77, 38511, 38542, 11, 42
2, 78, 39011, 39042, 11, 42
2, 79, 39511, 39542, 11, 42
2, 8, 4011, 4042, 11, 42
2, 80, 40011, 40044, 11, 44
2, 81, 40511, 40542, 11, 42
2, 82, 41011, 41042, 11, 42
2, 83, 41511, 41542, 11, 42
2, 84, 42011, 42042, 11, 42
2, 85, 42511, 42542, 11, 42
2, 86, 43011, 43042, 11, 42
2, 87, 43511, 43542, 11, 42
2, 88, 44011, 44042, 11, 42
2, 89, 44511, 44542, 11, 42
2, 9, 4511, 4542, 11, 42
2, 90, 45011, 45042, 11, 42
2, 91, 45511, 45542, 11, 42
2, 92, 46011, 46042, 11, 42
2, 93, 46511, 46542, 11, 42
2, 94, 47011, 47042, 11, 42
2, 95, 47511, 47542, 11, 42
2, 96, 48011, 48042, 11, 42
2, 97, 48511, 48542, 11, 42
2, 98, 49011, 49042, 11, 42
2, 99, 49511, 49542, 11, 42
3, 0, 85, 193, 85, 193
3, 1, 1085, 1191, 85, 191
3, 10, 10085, 10193, 85, 193
3, 11, 11085, 11191, 85, 191
3, 12, 12085, 12191, 85, 191
3, 13, 13085, 13191, 85, 191
3, 14, 14085, 14191, 85, 191
3, 15, 15085, 15191, 85, 191
3, 16, 16085, 16191, 85, 191
3, 17, 17085, 17191, 85, 191
3, 18, 18085, 18191, 85, 191
3, 19, 19085, 19191, 85, 191
3, 2, 2085, 2191, 85, 191
3, 20, 20085, 20193, 85, 193
3, 21, 21085, 21191, 85, 191
3, 22, 22085, 22191, 85, 191
3, 23, 23085, 23191, 85, 191
3, 24, 24085, 24191, 85, 191
3, 25, 25085, 25191, 85, 191
3, 26, 26085, 26191, 85, 191
3, 27, 27085, 27191, 85, 191
3, 28, 28085, 28191, 85, 191
3, 29, 29085, 29191, 85, 191
3, 3, 3085, 3191, 85, 191
3, 30, 30085, 30193, 85, 193
3, 31, 31085, 31191, 85, 191
3, 32, 32085, 32191, 85, 191
3, 33, 33085, 33191, 85, 191
3, 34, 34085, 34191, 85, 191
3, 35, 35085, 35191, 85, 191
3, 36, 36085, 36191, 85, 191
3, 37, 37085, 37191, 85, 191
3, 38, 38085, 38191, 85, 191
3, 39, 39085, 39191, 85, 191
3, 4, 4085, 4191, 85, 191
3, 40, 40085, 40193, 85, 193
3, 41, 41085, 41191, 85, 191
3, 42, 42085, 42191, 85, 191
3, 43, 43085, 43191, 85, 191
3, 44, 44085, 44191, 85, 191
3, 45, 45085, 45191, 85, 191
3, 46, 46085, 46191, 85, 191
3, 47, 47085, 47191, 85, 191
3, 48, 48085, 48191, 85, 191
3, 49, 49085, 49191, 85, 191
3, 5, 5085, 5191, 85, 191
3, 50, 50085, 50193, 85, 193
3, 51, 51085, 51191, 85, 191
3, 52, 52085, 52191, 85, 191
3, 53, 53085, 53191, 85, 191
3, 54, 54085, 54191, 85, 191
3, 55, 55085, 55191, 85, 191
3, 56, 56085, 56191, 85, 191
3, 57, 57085, 57191, 85, 191
3, 58, 58085, 58191, 85, 191
3, 59, 59085, 59191, 85, 191
3, 6, 6085, 6191, 85, 191
3, 60, 60085, 60193, 85, 193
3, 61, 61085, 61191, 85, 191
3, 62, 62085, 62191, 85, 191
3, 63, 63085, 63191, 85, 191
3, 64, 64085, 64191, 85, 191
3, 65, 65085, 65191, 85, 191
3, 66, 66085, 66191, 85, 191
3, 67, 67085, 67191, 85, 191
3, 68, 68085, 68191, 85, 191
3, 69, 69085, 69191, 85, 191
3, 7, 7085, 7191, 85, 191
3, 70, 70085, 70193, 85, 193
3, 71, 71085, 71191, 85, 191
3, 72, 72085, 72191, 85, 191
3, 73, 73085, 73191, 85, 191
3, 74, 74085, 74191, 85, 191
3, 75, 75085, 75191, 85, 191
3, 76, 76085, 76191, 85, 191
3, 77, 77085, 77191, 85, 191
3, 78, 78085, 78191, 85, 191
3, 79, 79085, 79191, 85, 191
3, 8, 8085, 8191, 85, 191
3, 80, 80085, 80193, 85, 193
3, 81, 81085, 81191, 85, 191
3, 82, 82085, 82191, 85, 191
3, 83, 83085, 83191, 85, 191
3, 84, 84085, 84191, 85, 191
3, 85, 85085, 85191, 85, 191
3, 86, 86085, 86191, 85, 191
3, 87, 87085, 87191, 85, 191
3, 88, 88085, 88191, 85, 191
3, 89, 89085, 89191, 85, 191
3, 9, 9085, 9191, 85, 191
3, 90, 90085, 90193, 85, 193
3, 91, 91085, 91191, 85, 191
3, 92, 92085, 92191, 85, 191
3, 93, 93085, 93191, 85, 191
3, 94, 94085, 94191, 85, 191
3, 95, 95085, 95191, 85, 191
3, 96, 96085, 96191, 85, 191
3, 97, 97085, 97191, 85, 191
3, 98, 98085, 98191, 85, 191
3, 99, 99085, 99191, 85, 191
4, 0, 105, 276, 105, 276
4, 1, 2105, 2274, 105, 274
4, 10, 20105, 20276, 105, 276
4, 11, 22105, 22274, 105, 274
4, 12, 24105, 24274, 105, 274
4, 13, 26105, 26274, 105, 274
4, 14, 28105, 28274, 105, 274
4, 15, 30105, 30276, 105, 276
4, 16, 32105, 32274, 105, 274
4, 17, 34105, 34274, 105, 274
4, 18, 36105, 36274, 105, 274
4, 19, 38105, 38274, 105, 274
4, 2, 4105, 4274, 105, 274
4, 20, 40105, 40276, 105, 276
4, 21, 42105, 42274, 105, 274
4, 22, 44105, 44274, 105, 274
4, 23, 46105, 46274, 105, 274
4, 24, 48105, 48274, 105, 274
4, 25, 50105, 50276, 105, 276
4, 26, 52105, 52274, 105, 274
4, 27, 54105, 54274, 105, 274
4, 28, 56105, 56274, 105, 274
4, 29, 58105, 58274, 105, 274
4, 3, 6105, 6274, 105, 274
4, 30, 60105, 60276, 105, 276
4, 31, 62105, 62274, 105, 274
4, 32, 64105, 64274, 105, 274
4, 33, 66105, 66274, 105, 274
4, 34, 68105, 68274, 105, 274
4, 35, 70105, 70276, 105, 276
4, 36, 72105, 72274, 105, 274
4, 37, 74105, 74274, 105, 274
4, 38, 76105, 76274, 105, 274
4, 39, 78105, 78274, 105, 274
4, 4, 8105, 8274, 105, 274
4, 40, 80105, 80276, 105, 276
4, 41, 82105, 82274, 105, 274
4, 42, 84105, 84274, 105, 274
4, 43, 86105, 86274, 105, 274
4, 44, 88105, 88274, 105, 274
4, 45, 90105, 90276, 105, 276
4, 46, 92105, 92274, 105, 274
4, 47, 94105, 94274, 105, 274
4, 48, 96105, 96274, 105, 274
4, 49, 98105, 98274, 105, 274
4, 5, 10105, 10276, 105, 276
4, 6, 12105, 12274, 105, 274
4, 7, 14105, 14274, 105, 274
4, 8, 16105, 16274, 105, 274
4, 9, 18105, 18274, 105, 274
5, 0, 2, 253, 2, 253
5, 1, 5002, 5253, 2, 253
5, 10, 50002, 50253, 2, 253
5, 11, 55002, 55253, 2, 253
5, 12, 60002, 60253, 2, 253
5, 13, 65002, 65253, 2, 253
5, 14, 70002, 70253, 2, 253
5, 15, 75002, 75253, 2, 253
5, 16, 80002, 80253, 2, 253
5, 17, 85002, 85253, 2, 253
5, 18, 90002, 90253, 2, 253
5, 19, 95002, 95253, 2, 253
5, 2, 10002, 10253, 2, 253
5, 3, 15002, 15253, 2, 253
5, 4, 20002, 20253, 2, 253
5, 5, 25002, 25253, 2, 253
5, 6, 30002, 30253, 2, 253
5, 7, 35002, 35253, 2, 253
5, 8, 40002, 40253, 2, 253
5, 9, 45002, 45253, 2, 253
6, 0, 2, 253, 2, 253
6, 1, 5002, 5253, 2, 253
6, 10, 50002, 50253, 2, 253
6, 11, 55002, 55253, 2, 253
6, 12, 60002, 60253, 2, 253
6, 13, 65002, 65253, 2, 253
6, 14, 70002, 70253, 2, 253
6, 15, 75002, 75253, 2, 253
6, 16, 80002, 80253, 2, 253
6, 17, 85002, 85253, 2, 253
6, 18, 90002, 90253, 2, 253
6, 19, 95002, 95253, 2, 253
6, 2, 10002, 10253, 2, 253
6, 3, 15002, 15253, 2, 253
6, 4, 20002, 20253, 2, 253
6, 5, 25002, 25253, 2, 253
6, 6, 30002, 30253, 2, 253
6, 7, 35002, 35253, 2, 253
6, 8, 40002, 40253, 2, 253
6, 9, 45002, 45253, 2, 253
7, 0, 17, 528, 17, 528
7, 1, 10017, 10528, 17, 528
7, 2, 20017, 20528, 17, 528
7, 3, 30017, 30528, 17, 528
7, 4, 40017, 40528, 17, 528
7, 5, 50017, 50528, 17, 528
7, 6, 60017, 60528, 17, 528
7, 7, 70017, 70528, 17, 528
7, 8, 80017, 80528, 17, 528
7, 9, 90017, 90528, 17, 528
8, 0, 1, 1006, 1, 1006
8, 1, 20001, 21006, 1, 1006
8, 2, 40001, 41006, 1, 1006
8, 3, 60001, 61006, 1, 1006
8, 4, 80001, 81006, 1, 1006
9, 0, 1, 5012, 1, 5012
