Task ID, Job ID, BCCT, WCCT, BCRT, WCRT
0, 0, 17, 87, 17, 87
0, 1, 117, 187, 17, 87
0, 10, 1017, 1033, 17, 33
0, 100, 10017, 10087, 17, 87
0, 101, 10117, 10187, 17, 87
0, 102, 10217, 10233, 17, 33
0, 103, 10317, 10333, 17, 33
0, 104, 10417, 10433, 17, 33
0, 105, 10517, 10533, 17, 33
0, 106, 10617, 10633, 17, 33
0, 107, 10717, 10733, 17, 33
0, 108, 10817, 10833, 17, 33
0, 109, 10917, 10933, 17, 33
0, 11, 1117, 1133, 17, 33
0, 110, 11017, 11033, 17, 33
0, 111, 11117, 11133, 17, 33
0, 112, 11217, 11233, 17, 33
0, 113, 11317, 11333, 17, 33
0, 114, 11417, 11433, 17, 33
0, 115, 11517, 11533, 17, 33
0, 116, 11617, 11633, 17, 33
0, 117, 11717, 11733, 17, 33
0, 118, 11817, 11833, 17, 33
0, 119, 11917, 11933, 17, 33
0, 12, 1217, 1233, 17, 33
0, 120, 12017, 12033, 17, 33
0, 121, 12117, 12133, 17, 33
0, 122, 12217, 12233, 17, 33
0, 123, 12317, 12333, 17, 33
0, 124, 12417, 12433, 17, 33
0, 125, 12517, 12533, 17, 33
0, 126, 12617, 12633, 17, 33
0, 127, 12717, 12733, 17, 33
0, 128, 12817, 12833, 17, 33
0, 129, 12917, 12933, 17, 33
0, 13, 1317, 1333, 17, 33
0, 130, 13017, 13033, 17, 33
0, 131, 13117, 13133, 17, 33
0, 132, 13217, 13233, 17, 33
0, 133, 13317, 13333, 17, 33
0, 134, 13417, 13433, 17, 33
0, 135, 13517, 13533, 17, 33
0, 136, 13617, 13633, 17, 33
0, 137, 13717, 13733, 17, 33
0, 138, 13817, 13833, 17, 33
0, 139, 13917, 13933, 17, 33
0, 14, 1417, 1433, 17, 33
0, 140, 14017, 14033, 17, 33
0, 141, 14117, 14133, 17, 33
0, 142, 14217, 14233, 17, 33
0, 143, 14317, 14333, 17, 33
0, 144, 14417, 14433, 17, 33
0, 145, 14517, 14533, 17, 33
0, 146, 14617, 14633, 17, 33
0, 147, 14717, 14733, 17, 33
0, 148, 14817, 14833, 17, 33
0, 149, 14917, 14933, 17, 33
0, 15, 1517, 1533, 17, 33
0, 150, 15017, 15033, 17, 33
0, 151, 15117, 15133, 17, 33
0, 152, 15217, 15233, 17, 33
0, 153, 15317, 15333, 17, 33
0, 154, 15417, 15433, 17, 33
0, 155, 15517, 15533, 17, 33
0, 156, 15617, 15633, 17, 33
0, 157, 15717, 15733, 17, 33
0, 158, 15817, 15833, 17, 33
0, 159, 15917, 15933, 17, 33
0, 16, 1617, 1633, 17, 33
0, 160, 16017, 16033, 17, 33
0, 161, 16117, 16133, 17, 33
0, 162, 16217, 16233, 17, 33
0, 163, 16317, 16333, 17, 33
0, 164, 16417, 16433, 17, 33
0, 165, 16517, 16533, 17, 33
0, 166, 16617, 16633, 17, 33
0, 167, 16717, 16733, 17, 33
0, 168, 16817, 16833, 17, 33
0, 169, 16917, 16933, 17, 33
0, 17, 1717, 1733, 17, 33
0, 170, 17017, 17033, 17, 33
0, 171, 17117, 17133, 17, 33
0, 172, 17217, 17233, 17, 33
0, 173, 17317, 17333, 17, 33
0, 174, 17417, 17433, 17, 33
0, 175, 17517, 17533, 17, 33
0, 176, 17617, 17633, 17, 33
0, 177, 17717, 17733, 17, 33
0, 178, 17817, 17833, 17, 33
0, 179, 17917, 17933, 17, 33
0, 18, 1817, 1833, 17, 33
0, 180, 18017, 18033, 17, 33
0, 181, 18117, 18133, 17, 33
0, 182, 18217, 18233, 17, 33
0, 183, 18317, 18333, 17, 33
0, 184, 18417, 18433, 17, 33
0, 185, 18517, 18533, 17, 33
0, 186, 18617, 18633, 17, 33
0, 187, 18717, 18733, 17, 33
0, 188, 18817, 18833, 17, 33
0, 189, 18917, 18933, 17, 33
0, 19, 1917, 1933, 17, 33
0, 190, 19017, 19033, 17, 33
0, 191, 19117, 19133, 17, 33
0, 192, 19217, 19233, 17, 33
0, 193, 19317, 19333, 17, 33
0, 194, 19417, 19433, 17, 33
0, 195, 19517, 19533, 17, 33
0, 196, 19617, 19633, 17, 33
0, 197, 19717, 19733, 17, 33
0, 198, 19817, 19833, 17, 33
0, 199, 19917, 19933, 17, 33
0, 2, 217, 233, 17, 33
0, 20, 2017, 2033, 17, 33
0, 200, 20017, 20087, 17, 87
0, 201, 20117, 20187, 17, 87
0, 202, 20217, 20233, 17, 33
0, 203, 20317, 20333, 17, 33
0, 204, 20417, 20433, 17, 33
0, 205, 20517, 20533, 17, 33
0, 206, 20617, 20633, 17, 33
0, 207, 20717, 20733, 17, 33
0, 208, 20817, 20833, 17, 33
0, 209, 20917, 20933, 17, 33
0, 21, 2117, 2133, 17, 33
0, 210, 21017, 21033, 17, 33
0, 211, 21117, 21133, 17, 33
0, 212, 21217, 21233, 17, 33
0, 213, 21317, 21333, 17, 33
0, 214, 21417, 21433, 17, 33
0, 215, 21517, 21533, 17, 33
0, 216, 21617, 21633, 17, 33
0, 217, 21717, 21733, 17, 33
0, 218, 21817, 21833, 17, 33
0, 219, 21917, 21933, 17, 33
0, 22, 2217, 2233, 17, 33
0, 220, 22017, 22033, 17, 33
0, 221, 22117, 22133, 17, 33
0, 222, 22217, 22233, 17, 33
0, 223, 22317, 22333, 17, 33
0, 224, 22417, 22433, 17, 33
0, 225, 22517, 22533, 17, 33
0, 226, 22617, 22633, 17, 33
0, 227, 22717, 22733, 17, 33
0, 228, 22817, 22833, 17, 33
0, 229, 22917, 22933, 17, 33
0, 23, 2317, 2333, 17, 33
0, 230, 23017, 23033, 17, 33
0, 231, 23117, 23133, 17, 33
0, 232, 23217, 23233, 17, 33
0, 233, 23317, 23333, 17, 33
0, 234, 23417, 23433, 17, 33
0, 235, 23517, 23533, 17, 33
0, 236, 23617, 23633, 17, 33
0, 237, 23717, 23733, 17, 33
0, 238, 23817, 23833, 17, 33
0, 239, 23917, 23933, 17, 33
0, 24, 2417, 2433, 17, 33
0, 240, 24017, 24033, 17, 33
0, 241, 24117, 24133, 17, 33
0, 242, 24217, 24233, 17, 33
0, 243, 24317, 24333, 17, 33
0, 244, 24417, 24433, 17, 33
0, 245, 24517, 24533, 17, 33
0, 246, 24617, 24633, 17, 33
0, 247, 24717, 24733, 17, 33
0, 248, 24817, 24833, 17, 33
0, 249, 24917, 24933, 17, 33
0, 25, 2517, 2533, 17, 33
0, 250, 25017, 25033, 17, 33
0, 251, 25117, 25133, 17, 33
0, 252, 25217, 25233, 17, 33
0, 253, 25317, 25333, 17, 33
0, 254, 25417, 25433, 17, 33
0, 255, 25517, 25533, 17, 33
0, 256, 25617, 25633, 17, 33
0, 257, 25717, 25733, 17, 33
0, 258, 25817, 25833, 17, 33
0, 259, 25917, 25933, 17, 33
0, 26, 2617, 2633, 17, 33
0, 260, 26017, 26033, 17, 33
0, 261, 26117, 26133, 17, 33
0, 262, 26217, 26233, 17, 33
0, 263, 26317, 26333, 17, 33
0, 264, 26417, 26433, 17, 33
0, 265, 26517, 26533, 17, 33
0, 266, 26617, 26633, 17, 33
0, 267, 26717, 26733, 17, 33
0, 268, 26817, 26833, 17, 33
0, 269, 26917, 26933, 17, 33
0, 27, 2717, 2733, 17, 33
0, 270, 27017, 27033, 17, 33
0, 271, 27117, 27133, 17, 33
0, 272, 27217, 27233, 17, 33
0, 273, 27317, 27333, 17, 33
0, 274, 27417, 27433, 17, 33
0, 275, 27517, 27533, 17, 33
0, 276, 27617, 27633, 17, 33
0, 277, 27717, 27733, 17, 33
0, 278, 27817, 27833, 17, 33
0, 279, 27917, 27933, 17, 33
0, 28, 2817, 2833, 17, 33
0, 280, 28017, 28033, 17, 33
0, 281, 28117, 28133, 17, 33
0, 282, 28217, 28233, 17, 33
0, 283, 28317, 28333, 17, 33
0, 284, 28417, 28433, 17, 33
0, 285, 28517, 28533, 17, 33
0, 286, 28617, 28633, 17, 33
0, 287, 28717, 28733, 17, 33
0, 288, 28817, 28833, 17, 33
0, 289, 28917, 28933, 17, 33
0, 29, 2917, 2933, 17, 33
0, 290, 29017, 29033, 17, 33
0, 291, 29117, 29133, 17, 33
0, 292, 29217, 29233, 17, 33
0, 293, 29317, 29333, 17, 33
0, 294, 29417, 29433, 17, 33
0, 295, 29517, 29533, 17, 33
0, 296, 29617, 29633, 17, 33
0, 297, 29717, 29733, 17, 33
0, 298, 29817, 29833, 17, 33
0, 299, 29917, 29933, 17, 33
0, 3, 317, 333, 17, 33
0, 30, 3017, 3033, 17, 33
0, 300, 30017, 30087, 17, 87
0, 301, 30117, 30187, 17, 87
0, 302, 30217, 30233, 17, 33
0, 303, 30317, 30333, 17, 33
0, 304, 30417, 30433, 17, 33
0, 305, 30517, 30533, 17, 33
0, 306, 30617, 30633, 17, 33
0, 307, 30717, 30733, 17, 33
0, 308, 30817, 30833, 17, 33
0, 309, 30917, 30933, 17, 33
0, 31, 3117, 3133, 17, 33
0, 310, 31017, 31033, 17, 33
0, 311, 31117, 31133, 17, 33
0, 312, 31217, 31233, 17, 33
0, 313, 31317, 31333, 17, 33
0, 314, 31417, 31433, 17, 33
0, 315, 31517, 31533, 17, 33
0, 316, 31617, 31633, 17, 33
0, 317, 31717, 31733, 17, 33
0, 318, 31817, 31833, 17, 33
0, 319, 31917, 31933, 17, 33
0, 32, 3217, 3233, 17, 33
0, 320, 32017, 32033, 17, 33
0, 321, 32117, 32133, 17, 33
0, 322, 32217, 32233, 17, 33
0, 323, 32317, 32333, 17, 33
0, 324, 32417, 32433, 17, 33
0, 325, 32517, 32533, 17, 33
0, 326, 32617, 32633, 17, 33
0, 327, 32717, 32733, 17, 33
0, 328, 32817, 32833, 17, 33
0, 329, 32917, 32933, 17, 33
0, 33, 3317, 3333, 17, 33
0, 330, 33017, 33033, 17, 33
0, 331, 33117, 33133, 17, 33
0, 332, 33217, 33233, 17, 33
0, 333, 33317, 33333, 17, 33
0, 334, 33417, 33433, 17, 33
0, 335, 33517, 33533, 17, 33
0, 336, 33617, 33633, 17, 33
0, 337, 33717, 33733, 17, 33
0, 338, 33817, 33833, 17, 33
0, 339, 33917, 33933, 17, 33
0, 34, 3417, 3433, 17, 33
0, 340, 34017, 34033, 17, 33
0, 341, 34117, 34133, 17, 33
0, 342, 34217, 34233, 17, 33
0, 343, 34317, 34333, 17, 33
0, 344, 34417, 34433, 17, 33
0, 345, 34517, 34533, 17, 33
0, 346, 34617, 34633, 17, 33
0, 347, 34717, 34733, 17, 33
0, 348, 34817, 34833, 17, 33
0, 349, 34917, 34933, 17, 33
0, 35, 3517, 3533, 17, 33
0, 350, 35017, 35033, 17, 33
0, 351, 35117, 35133, 17, 33
0, 352, 35217, 35233, 17, 33
0, 353, 35317, 35333, 17, 33
0, 354, 35417, 35433, 17, 33
0, 355, 35517, 35533, 17, 33
0, 356, 35617, 35633, 17, 33
0, 357, 35717, 35733, 17, 33
0, 358, 35817, 35833, 17, 33
0, 359, 35917, 35933, 17, 33
0, 36, 3617, 3633, 17, 33
0, 360, 36017, 36033, 17, 33
0, 361, 36117, 36133, 17, 33
0, 362, 36217, 36233, 17, 33
0, 363, 36317, 36333, 17, 33
0, 364, 36417, 36433, 17, 33
0, 365, 36517, 36533, 17, 33
0, 366, 36617, 36633, 17, 33
0, 367, 36717, 36733, 17, 33
0, 368, 36817, 36833, 17, 33
0, 369, 36917, 36933, 17, 33
0, 37, 3717, 3733, 17, 33
0, 370, 37017, 37033, 17, 33
0, 371, 37117, 37133, 17, 33
0, 372, 37217, 37233, 17, 33
0, 373, 37317, 37333, 17, 33
0, 374, 37417, 37433, 17, 33
0, 375, 37517, 37533, 17, 33
0, 376, 37617, 37633, 17, 33
0, 377, 37717, 37733, 17, 33
0, 378, 37817, 37833, 17, 33
0, 379, 37917, 37933, 17, 33
0, 38, 3817, 3833, 17, 33
0, 380, 38017, 38033, 17, 33
0, 381, 38117, 38133, 17, 33
0, 382, 38217, 38233, 17, 33
0, 383, 38317, 38333, 17, 33
0, 384, 38417, 38433, 17, 33
0, 385, 38517, 38533, 17, 33
0, 386, 38617, 38633, 17, 33
0, 387, 38717, 38733, 17, 33
0, 388, 38817, 38833, 17, 33
0, 389, 38917, 38933, 17, 33
0, 39, 3917, 3933, 17, 33
0, 390, 39017, 39033, 17, 33
0, 391, 39117, 39133, 17, 33
0, 392, 39217, 39233, 17, 33
0, 393, 39317, 39333, 17, 33
0, 394, 39417, 39433, 17, 33
0, 395, 39517, 39533, 17, 33
0, 396, 39617, 39633, 17, 33
0, 397, 39717, 39733, 17, 33
0, 398, 39817, 39833, 17, 33
0, 399, 39917, 39933, 17, 33
0, 4, 417, 433, 17, 33
0, 40, 4017, 4033, 17, 33
0, 400, 40017, 40087, 17, 87
0, 401, 40117, 40187, 17, 87
0, 402, 40217, 40233, 17, 33
0, 403, 40317, 40333, 17, 33
0, 404, 40417, 40433, 17, 33
0, 405, 40517, 40533, 17, 33
0, 406, 40617, 40633, 17, 33
0, 407, 40717, 40733, 17, 33
0, 408, 40817, 40833, 17, 33
0, 409, 40917, 40933, 17, 33
0, 41, 4117, 4133, 17, 33
0, 410, 41017, 41033, 17, 33
0, 411, 41117, 41133, 17, 33
0, 412, 41217, 41233, 17, 33
0, 413, 41317, 41333, 17, 33
0, 414, 41417, 41433, 17, 33
0, 415, 41517, 41533, 17, 33
0, 416, 41617, 41633, 17, 33
0, 417, 41717, 41733, 17, 33
0, 418, 41817, 41833, 17, 33
0, 419, 41917, 41933, 17, 33
0, 42, 4217, 4233, 17, 33
0, 420, 42017, 42033, 17, 33
0, 421, 42117, 42133, 17, 33
0, 422, 42217, 42233, 17, 33
0, 423, 42317, 42333, 17, 33
0, 424, 42417, 42433, 17, 33
0, 425, 42517, 42533, 17, 33
0, 426, 42617, 42633, 17, 33
0, 427, 42717, 42733, 17, 33
0, 428, 42817, 42833, 17, 33
0, 429, 42917, 42933, 17, 33
0, 43, 4317, 4333, 17, 33
0, 430, 43017, 43033, 17, 33
0, 431, 43117, 43133, 17, 33
0, 432, 43217, 43233, 17, 33
0, 433, 43317, 43333, 17, 33
0, 434, 43417, 43433, 17, 33
0, 435, 43517, 43533, 17, 33
0, 436, 43617, 43633, 17, 33
0, 437, 43717, 43733, 17, 33
0, 438, 43817, 43833, 17, 33
0, 439, 43917, 43933, 17, 33
0, 44, 4417, 4433, 17, 33
0, 440, 44017, 44033, 17, 33
0, 441, 44117, 44133, 17, 33
0, 442, 44217, 44233, 17, 33
0, 443, 44317, 44333, 17, 33
0, 444, 44417, 44433, 17, 33
0, 445, 44517, 44533, 17, 33
0, 446, 44617, 44633, 17, 33
0, 447, 44717, 44733, 17, 33
0, 448, 44817, 44833, 17, 33
0, 449, 44917, 44933, 17, 33
0, 45, 4517, 4533, 17, 33
0, 450, 45017, 45033, 17, 33
0, 451, 45117, 45133, 17, 33
0, 452, 45217, 45233, 17, 33
0, 453, 45317, 45333, 17, 33
0, 454, 45417, 45433, 17, 33
0, 455, 45517, 45533, 17, 33
0, 456, 45617, 45633, 17, 33
0, 457, 45717, 45733, 17, 33
0, 458, 45817, 45833, 17, 33
0, 459, 45917, 45933, 17, 33
0, 46, 4617, 4633, 17, 33
0, 460, 46017, 46033, 17, 33
0, 461, 46117, 46133, 17, 33
0, 462, 46217, 46233, 17, 33
0, 463, 46317, 46333, 17, 33
0, 464, 46417, 46433, 17, 33
0, 465, 46517, 46533, 17, 33
0, 466, 46617, 46633, 17, 33
0, 467, 46717, 46733, 17, 33
0, 468, 46817, 46833, 17, 33
0, 469, 46917, 46933, 17, 33
0, 47, 4717, 4733, 17, 33
0, 470, 47017, 47033, 17, 33
0, 471, 47117, 47133, 17, 33
0, 472, 47217, 47233, 17, 33
0, 473, 47317, 47333, 17, 33
0, 474, 47417, 47433, 17, 33
0, 475, 47517, 47533, 17, 33
0, 476, 47617, 47633, 17, 33
0, 477, 47717, 47733, 17, 33
0, 478, 47817, 47833, 17, 33
0, 479, 47917, 47933, 17, 33
0, 48, 4817, 4833, 17, 33
0, 480, 48017, 48033, 17, 33
0, 481, 48117, 48133, 17, 33
0, 482, 48217, 48233, 17, 33
0, 483, 48317, 48333, 17, 33
0, 484, 48417, 48433, 17, 33
0, 485, 48517, 48533, 17, 33
0, 486, 48617, 48633, 17, 33
0, 487, 48717, 48733, 17, 33
0, 488, 48817, 48833, 17, 33
0, 489, 48917, 48933, 17, 33
0, 49, 4917, 4933, 17, 33
0, 490, 49017, 49033, 17, 33
0, 491, 49117, 49133, 17, 33
0, 492, 49217, 49233, 17, 33
0, 493, 49317, 49333, 17, 33
0, 494, 49417, 49433, 17, 33
0, 495, 49517, 49533, 17, 33
0, 496, 49617, 49633, 17, 33
0, 497, 49717, 49733, 17, 33
0, 498, 49817, 49833, 17, 33
0, 499, 49917, 49933, 17, 33
0, 5, 517, 533, 17, 33
0, 50, 5017, 5033, 17, 33
0, 500, 50017, 50087, 17, 87
0, 501, 50117, 50187, 17, 87
0, 502, 50217, 50233, 17, 33
0, 503, 50317, 50333, 17, 33
0, 504, 50417, 50433, 17, 33
0, 505, 50517, 50533, 17, 33
0, 506, 50617, 50633, 17, 33
0, 507, 50717, 50733, 17, 33
0, 508, 50817, 50833, 17, 33
0, 509, 50917, 50933, 17, 33
0, 51, 5117, 5133, 17, 33
0, 510, 51017, 51033, 17, 33
0, 511, 51117, 51133, 17, 33
0, 512, 51217, 51233, 17, 33
0, 513, 51317, 51333, 17, 33
0, 514, 51417, 51433, 17, 33
0, 515, 51517, 51533, 17, 33
0, 516, 51617, 51633, 17, 33
0, 517, 51717, 51733, 17, 33
0, 518, 51817, 51833, 17, 33
0, 519, 51917, 51933, 17, 33
0, 52, 5217, 5233, 17, 33
0, 520, 52017, 52033, 17, 33
0, 521, 52117, 52133, 17, 33
0, 522, 52217, 52233, 17, 33
0, 523, 52317, 52333, 17, 33
0, 524, 52417, 52433, 17, 33
0, 525, 52517, 52533, 17, 33
0, 526, 52617, 52633, 17, 33
0, 527, 52717, 52733, 17, 33
0, 528, 52817, 52833, 17, 33
0, 529, 52917, 52933, 17, 33
0, 53, 5317, 5333, 17, 33
0, 530, 53017, 53033, 17, 33
0, 531, 53117, 53133, 17, 33
0, 532, 53217, 53233, 17, 33
0, 533, 53317, 53333, 17, 33
0, 534, 53417, 53433, 17, 33
0, 535, 53517, 53533, 17, 33
0, 536, 53617, 53633, 17, 33
0, 537, 53717, 53733, 17, 33
0, 538, 53817, 53833, 17, 33
0, 539, 53917, 53933, 17, 33
0, 54, 5417, 5433, 17, 33
0, 540, 54017, 54033, 17, 33
0, 541, 54117, 54133, 17, 33
0, 542, 54217, 54233, 17, 33
0, 543, 54317, 54333, 17, 33
0, 544, 54417, 54433, 17, 33
0, 545, 54517, 54533, 17, 33
0, 546, 54617, 54633, 17, 33
0, 547, 54717, 54733, 17, 33
0, 548, 54817, 54833, 17, 33
0, 549, 54917, 54933, 17, 33
0, 55, 5517, 5533, 17, 33
0, 550, 55017, 55033, 17, 33
0, 551, 55117, 55133, 17, 33
0, 552, 55217, 55233, 17, 33
0, 553, 55317, 55333, 17, 33
0, 554, 55417, 55433, 17, 33
0, 555, 55517, 55533, 17, 33
0, 556, 55617, 55633, 17, 33
0, 557, 55717, 55733, 17, 33
0, 558, 55817, 55833, 17, 33
0, 559, 55917, 55933, 17, 33
0, 56, 5617, 5633, 17, 33
0, 560, 56017, 56033, 17, 33
0, 561, 56117, 56133, 17, 33
0, 562, 56217, 56233, 17, 33
0, 563, 56317, 56333, 17, 33
0, 564, 56417, 56433, 17, 33
0, 565, 56517, 56533, 17, 33
0, 566, 56617, 56633, 17, 33
0, 567, 56717, 56733, 17, 33
0, 568, 56817, 56833, 17, 33
0, 569, 56917, 56933, 17, 33
0, 57, 5717, 5733, 17, 33
0, 570, 57017, 57033, 17, 33
0, 571, 57117, 57133, 17, 33
0, 572, 57217, 57233, 17, 33
0, 573, 57317, 57333, 17, 33
0, 574, 57417, 57433, 17, 33
0, 575, 57517, 57533, 17, 33
0, 576, 57617, 57633, 17, 33
0, 577, 57717, 57733, 17, 33
0, 578, 57817, 57833, 17, 33
0, 579, 57917, 57933, 17, 33
0, 58, 5817, 5833, 17, 33
0, 580, 58017, 58033, 17, 33
0, 581, 58117, 58133, 17, 33
0, 582, 58217, 58233, 17, 33
0, 583, 58317, 58333, 17, 33
0, 584, 58417, 58433, 17, 33
0, 585, 58517, 58533, 17, 33
0, 586, 58617, 58633, 17, 33
0, 587, 58717, 58733, 17, 33
0, 588, 58817, 58833, 17, 33
0, 589, 58917, 58933, 17, 33
0, 59, 5917, 5933, 17, 33
0, 590, 59017, 59033, 17, 33
0, 591, 59117, 59133, 17, 33
0, 592, 59217, 59233, 17, 33
0, 593, 59317, 59333, 17, 33
0, 594, 59417, 59433, 17, 33
0, 595, 59517, 59533, 17, 33
0, 596, 59617, 59633, 17, 33
0, 597, 59717, 59733, 17, 33
0, 598, 59817, 59833, 17, 33
0, 599, 59917, 59933, 17, 33
0, 6, 617, 633, 17, 33
0, 60, 6017, 6033, 17, 33
0, 600, 60017, 60087, 17, 87
0, 601, 60117, 60187, 17, 87
0, 602, 60217, 60233, 17, 33
0, 603, 60317, 60333, 17, 33
0, 604, 60417, 60433, 17, 33
0, 605, 60517, 60533, 17, 33
0, 606, 60617, 60633, 17, 33
0, 607, 60717, 60733, 17, 33
0, 608, 60817, 60833, 17, 33
0, 609, 60917, 60933, 17, 33
0, 61, 6117, 6133, 17, 33
0, 610, 61017, 61033, 17, 33
0, 611, 61117, 61133, 17, 33
0, 612, 61217, 61233, 17, 33
0, 613, 61317, 61333, 17, 33
0, 614, 61417, 61433, 17, 33
0, 615, 61517, 61533, 17, 33
0, 616, 61617, 61633, 17, 33
0, 617, 61717, 61733, 17, 33
0, 618, 61817, 61833, 17, 33
0, 619, 61917, 61933, 17, 33
0, 62, 6217, 6233, 17, 33
0, 620, 62017, 62033, 17, 33
0, 621, 62117, 62133, 17, 33
0, 622, 62217, 62233, 17, 33
0, 623, 62317, 62333, 17, 33
0, 624, 62417, 62433, 17, 33
0, 625, 62517, 62533, 17, 33
0, 626, 62617, 62633, 17, 33
0, 627, 62717, 62733, 17, 33
0, 628, 62817, 62833, 17, 33
0, 629, 62917, 62933, 17, 33
0, 63, 6317, 6333, 17, 33
0, 630, 63017, 63033, 17, 33
0, 631, 63117, 63133, 17, 33
0, 632, 63217, 63233, 17, 33
0, 633, 63317, 63333, 17, 33
0, 634, 63417, 63433, 17, 33
0, 635, 63517, 63533, 17, 33
0, 636, 63617, 63633, 17, 33
0, 637, 63717, 63733, 17, 33
0, 638, 63817, 63833, 17, 33
0, 639, 63917, 63933, 17, 33
0, 64, 6417, 6433, 17, 33
0, 640, 64017, 64033, 17, 33
0, 641, 64117, 64133, 17, 33
0, 642, 64217, 64233, 17, 33
0, 643, 64317, 64333, 17, 33
0, 644, 64417, 64433, 17, 33
0, 645, 64517, 64533, 17, 33
0, 646, 64617, 64633, 17, 33
0, 647, 64717, 64733, 17, 33
0, 648, 64817, 64833, 17, 33
0, 649, 64917, 64933, 17, 33
0, 65, 6517, 6533, 17, 33
0, 650, 65017, 65033, 17, 33
0, 651, 65117, 65133, 17, 33
0, 652, 65217, 65233, 17, 33
0, 653, 65317, 65333, 17, 33
0, 654, 65417, 65433, 17, 33
0, 655, 65517, 65533, 17, 33
0, 656, 65617, 65633, 17, 33
0, 657, 65717, 65733, 17, 33
0, 658, 65817, 65833, 17, 33
0, 659, 65917, 65933, 17, 33
0, 66, 6617, 6633, 17, 33
0, 660, 66017, 66033, 17, 33
0, 661, 66117, 66133, 17, 33
0, 662, 66217, 66233, 17, 33
0, 663, 66317, 66333, 17, 33
0, 664, 66417, 66433, 17, 33
0, 665, 66517, 66533, 17, 33
0, 666, 66617, 66633, 17, 33
0, 667, 66717, 66733, 17, 33
0, 668, 66817, 66833, 17, 33
0, 669, 66917, 66933, 17, 33
0, 67, 6717, 6733, 17, 33
0, 670, 67017, 67033, 17, 33
0, 671, 67117, 67133, 17, 33
0, 672, 67217, 67233, 17, 33
0, 673, 67317, 67333, 17, 33
0, 674, 67417, 67433, 17, 33
0, 675, 67517, 67533, 17, 33
0, 676, 67617, 67633, 17, 33
0, 677, 67717, 67733, 17, 33
0, 678, 67817, 67833, 17, 33
0, 679, 67917, 67933, 17, 33
0, 68, 6817, 6833, 17, 33
0, 680, 68017, 68033, 17, 33
0, 681, 68117, 68133, 17, 33
0, 682, 68217, 68233, 17, 33
0, 683, 68317, 68333, 17, 33
0, 684, 68417, 68433, 17, 33
0, 685, 68517, 68533, 17, 33
0, 686, 68617, 68633, 17, 33
0, 687, 68717, 68733, 17, 33
0, 688, 68817, 68833, 17, 33
0, 689, 68917, 68933, 17, 33
0, 69, 6917, 6933, 17, 33
0, 690, 69017, 69033, 17, 33
0, 691, 69117, 69133, 17, 33
0, 692, 69217, 69233, 17, 33
0, 693, 69317, 69333, 17, 33
0, 694, 69417, 69433, 17, 33
0, 695, 69517, 69533, 17, 33
0, 696, 69617, 69633, 17, 33
0, 697, 69717, 69733, 17, 33
0, 698, 69817, 69833, 17, 33
0, 699, 69917, 69933, 17, 33
0, 7, 717, 733, 17, 33
0, 70, 7017, 7033, 17, 33
0, 700, 70017, 70087, 17, 87
0, 701, 70117, 70187, 17, 87
0, 702, 70217, 70233, 17, 33
0, 703, 70317, 70333, 17, 33
0, 704, 70417, 70433, 17, 33
0, 705, 70517, 70533, 17, 33
0, 706, 70617, 70633, 17, 33
0, 707, 70717, 70733, 17, 33
0, 708, 70817, 70833, 17, 33
0, 709, 70917, 70933, 17, 33
0, 71, 7117, 7133, 17, 33
0, 710, 71017, 71033, 17, 33
0, 711, 71117, 71133, 17, 33
0, 712, 71217, 71233, 17, 33
0, 713, 71317, 71333, 17, 33
0, 714, 71417, 71433, 17, 33
0, 715, 71517, 71533, 17, 33
0, 716, 71617, 71633, 17, 33
0, 717, 71717, 71733, 17, 33
0, 718, 71817, 71833, 17, 33
0, 719, 71917, 71933, 17, 33
0, 72, 7217, 7233, 17, 33
0, 720, 72017, 72033, 17, 33
0, 721, 72117, 72133, 17, 33
0, 722, 72217, 72233, 17, 33
0, 723, 72317, 72333, 17, 33
0, 724, 72417, 72433, 17, 33
0, 725, 72517, 72533, 17, 33
0, 726, 72617, 72633, 17, 33
0, 727, 72717, 72733, 17, 33
0, 728, 72817, 72833, 17, 33
0, 729, 72917, 72933, 17, 33
0, 73, 7317, 7333, 17, 33
0, 730, 73017, 73033, 17, 33
0, 731, 73117, 73133, 17, 33
0, 732, 73217, 73233, 17, 33
0, 733, 73317, 73333, 17, 33
0, 734, 73417, 73433, 17, 33
0, 735, 73517, 73533, 17, 33
0, 736, 73617, 73633, 17, 33
0, 737, 73717, 73733, 17, 33
0, 738, 73817, 73833, 17, 33
0, 739, 73917, 73933, 17, 33
0, 74, 7417, 7433, 17, 33
0, 740, 74017, 74033, 17, 33
0, 741, 74117, 74133, 17, 33
0, 742, 74217, 74233, 17, 33
0, 743, 74317, 74333, 17, 33
0, 744, 74417, 74433, 17, 33
0, 745, 74517, 74533, 17, 33
0, 746, 74617, 74633, 17, 33
0, 747, 74717, 74733, 17, 33
0, 748, 74817, 74833, 17, 33
0, 749, 74917, 74933, 17, 33
0, 75, 7517, 7533, 17, 33
0, 750, 75017, 75033, 17, 33
0, 751, 75117, 75133, 17, 33
0, 752, 75217, 75233, 17, 33
0, 753, 75317, 75333, 17, 33
0, 754, 75417, 75433, 17, 33
0, 755, 75517, 75533, 17, 33
0, 756, 75617, 75633, 17, 33
0, 757, 75717, 75733, 17, 33
0, 758, 75817, 75833, 17, 33
0, 759, 75917, 75933, 17, 33
0, 76, 7617, 7633, 17, 33
0, 760, 76017, 76033, 17, 33
0, 761, 76117, 76133, 17, 33
0, 762, 76217, 76233, 17, 33
0, 763, 76317, 76333, 17, 33
0, 764, 76417, 76433, 17, 33
0, 765, 76517, 76533, 17, 33
0, 766, 76617, 76633, 17, 33
0, 767, 76717, 76733, 17, 33
0, 768, 76817, 76833, 17, 33
0, 769, 76917, 76933, 17, 33
0, 77, 7717, 7733, 17, 33
0, 770, 77017, 77033, 17, 33
0, 771, 77117, 77133, 17, 33
0, 772, 77217, 77233, 17, 33
0, 773, 77317, 77333, 17, 33
0, 774, 77417, 77433, 17, 33
0, 775, 77517, 77533, 17, 33
0, 776, 77617, 77633, 17, 33
0, 777, 77717, 77733, 17, 33
0, 778, 77817, 77833, 17, 33
0, 779, 77917, 77933, 17, 33
0, 78, 7817, 7833, 17, 33
0, 780, 78017, 78033, 17, 33
0, 781, 78117, 78133, 17, 33
0, 782, 78217, 78233, 17, 33
0, 783, 78317, 78333, 17, 33
0, 784, 78417, 78433, 17, 33
0, 785, 78517, 78533, 17, 33
0, 786, 78617, 78633, 17, 33
0, 787, 78717, 78733, 17, 33
0, 788, 78817, 78833, 17, 33
0, 789, 78917, 78933, 17, 33
0, 79, 7917, 7933, 17, 33
0, 790, 79017, 79033, 17, 33
0, 791, 79117, 79133, 17, 33
0, 792, 79217, 79233, 17, 33
0, 793, 79317, 79333, 17, 33
0, 794, 79417, 79433, 17, 33
0, 795, 79517, 79533, 17, 33
0, 796, 79617, 79633, 17, 33
0, 797, 79717, 79733, 17, 33
0, 798, 79817, 79833, 17, 33
0, 799, 79917, 79933, 17, 33
0, 8, 817, 833, 17, 33
0, 80, 8017, 8033, 17, 33
0, 800, 80017, 80087, 17, 87
0, 801, 80117, 80187, 17, 87
0, 802, 80217, 80233, 17, 33
0, 803, 80317, 80333, 17, 33
0, 804, 80417, 80433, 17, 33
0, 805, 80517, 80533, 17, 33
0, 806, 80617, 80633, 17, 33
0, 807, 80717, 80733, 17, 33
0, 808, 80817, 80833, 17, 33
0, 809, 80917, 80933, 17, 33
0, 81, 8117, 8133, 17, 33
0, 810, 81017, 81033, 17, 33
0, 811, 81117, 81133, 17, 33
0, 812, 81217, 81233, 17, 33
0, 813, 81317, 81333, 17, 33
0, 814, 81417, 81433, 17, 33
0, 815, 81517, 81533, 17, 33
0, 816, 81617, 81633, 17, 33
0, 817, 81717, 81733, 17, 33
0, 818, 81817, 81833, 17, 33
0, 819, 81917, 81933, 17, 33
0, 82, 8217, 8233, 17, 33
0, 820, 82017, 82033, 17, 33
0, 821, 82117, 82133, 17, 33
0, 822, 82217, 82233, 17, 33
0, 823, 82317, 82333, 17, 33
0, 824, 82417, 82433, 17, 33
0, 825, 82517, 82533, 17, 33
0, 826, 82617, 82633, 17, 33
0, 827, 82717, 82733, 17, 33
0, 828, 82817, 82833, 17, 33
0, 829, 82917, 82933, 17, 33
0, 83, 8317, 8333, 17, 33
0, 830, 83017, 83033, 17, 33
0, 831, 83117, 83133, 17, 33
0, 832, 83217, 83233, 17, 33
0, 833, 83317, 83333, 17, 33
0, 834, 83417, 83433, 17, 33
0, 835, 83517, 83533, 17, 33
0, 836, 83617, 83633, 17, 33
0, 837, 83717, 83733, 17, 33
0, 838, 83817, 83833, 17, 33
0, 839, 83917, 83933, 17, 33
0, 84, 8417, 8433, 17, 33
0, 840, 84017, 84033, 17, 33
0, 841, 84117, 84133, 17, 33
0, 842, 84217, 84233, 17, 33
0, 843, 84317, 84333, 17, 33
0, 844, 84417, 84433, 17, 33
0, 845, 84517, 84533, 17, 33
0, 846, 84617, 84633, 17, 33
0, 847, 84717, 84733, 17, 33
0, 848, 84817, 84833, 17, 33
0, 849, 84917, 84933, 17, 33
0, 85, 8517, 8533, 17, 33
0, 850, 85017, 85033, 17, 33
0, 851, 85117, 85133, 17, 33
0, 852, 85217, 85233, 17, 33
0, 853, 85317, 85333, 17, 33
0, 854, 85417, 85433, 17, 33
0, 855, 85517, 85533, 17, 33
0, 856, 85617, 85633, 17, 33
0, 857, 85717, 85733, 17, 33
0, 858, 85817, 85833, 17, 33
0, 859, 85917, 85933, 17, 33
0, 86, 8617, 8633, 17, 33
0, 860, 86017, 86033, 17, 33
0, 861, 86117, 86133, 17, 33
0, 862, 86217, 86233, 17, 33
0, 863, 86317, 86333, 17, 33
0, 864, 86417, 86433, 17, 33
0, 865, 86517, 86533, 17, 33
0, 866, 86617, 86633, 17, 33
0, 867, 86717, 86733, 17, 33
0, 868, 86817, 86833, 17, 33
0, 869, 86917, 86933, 17, 33
0, 87, 8717, 8733, 17, 33
0, 870, 87017, 87033, 17, 33
0, 871, 87117, 87133, 17, 33
0, 872, 87217, 87233, 17, 33
0, 873, 87317, 87333, 17, 33
0, 874, 87417, 87433, 17, 33
0, 875, 87517, 87533, 17, 33
0, 876, 87617, 87633, 17, 33
0, 877, 87717, 87733, 17, 33
0, 878, 87817, 87833, 17, 33
0, 879, 87917, 87933, 17, 33
0, 88, 8817, 8833, 17, 33
0, 880, 88017, 88033, 17, 33
0, 881, 88117, 88133, 17, 33
0, 882, 88217, 88233, 17, 33
0, 883, 88317, 88333, 17, 33
0, 884, 88417, 88433, 17, 33
0, 885, 88517, 88533, 17, 33
0, 886, 88617, 88633, 17, 33
0, 887, 88717, 88733, 17, 33
0, 888, 88817, 88833, 17, 33
0, 889, 88917, 88933, 17, 33
0, 89, 8917, 8933, 17, 33
0, 890, 89017, 89033, 17, 33
0, 891, 89117, 89133, 17, 33
0, 892, 89217, 89233, 17, 33
0, 893, 89317, 89333, 17, 33
0, 894, 89417, 89433, 17, 33
0, 895, 89517, 89533, 17, 33
0, 896, 89617, 89633, 17, 33
0, 897, 89717, 89733, 17, 33
0, 898, 89817, 89833, 17, 33
0, 899, 89917, 89933, 17, 33
0, 9, 917, 933, 17, 33
0, 90, 9017, 9033, 17, 33
0, 900, 90017, 90087, 17, 87
0, 901, 90117, 90187, 17, 87
0, 902, 90217, 90233, 17, 33
0, 903, 90317, 90333, 17, 33
0, 904, 90417, 90433, 17, 33
0, 905, 90517, 90533, 17, 33
0, 906, 90617, 90633, 17, 33
0, 907, 90717, 90733, 17, 33
0, 908, 90817, 90833, 17, 33
0, 909, 90917, 90933, 17, 33
0, 91, 9117, 9133, 17, 33
0, 910, 91017, 91033, 17, 33
0, 911, 91117, 91133, 17, 33
0, 912, 91217, 91233, 17, 33
0, 913, 91317, 91333, 17, 33
0, 914, 91417, 91433, 17, 33
0, 915, 91517, 91533, 17, 33
0, 916, 91617, 91633, 17, 33
0, 917, 91717, 91733, 17, 33
0, 918, 91817, 91833, 17, 33
0, 919, 91917, 91933, 17, 33
0, 92, 9217, 9233, 17, 33
0, 920, 92017, 92033, 17, 33
0, 921, 92117, 92133, 17, 33
0, 922, 92217, 92233, 17, 33
0, 923, 92317, 92333, 17, 33
0, 924, 92417, 92433, 17, 33
0, 925, 92517, 92533, 17, 33
0, 926, 92617, 92633, 17, 33
0, 927, 92717, 92733, 17, 33
0, 928, 92817, 92833, 17, 33
0, 929, 92917, 92933, 17, 33
0, 93, 9317, 9333, 17, 33
0, 930, 93017, 93033, 17, 33
0, 931, 93117, 93133, 17, 33
0, 932, 93217, 93233, 17, 33
0, 933, 93317, 93333, 17, 33
0, 934, 93417, 93433, 17, 33
0, 935, 93517, 93533, 17, 33
0, 936, 93617, 93633, 17, 33
0, 937, 93717, 93733, 17, 33
0, 938, 93817, 93833, 17, 33
0, 939, 93917, 93933, 17, 33
0, 94, 9417, 9433, 17, 33
0, 940, 94017, 94033, 17, 33
0, 941, 94117, 94133, 17, 33
0, 942, 94217, 94233, 17, 33
0, 943, 94317, 94333, 17, 33
0, 944, 94417, 94433, 17, 33
0, 945, 94517, 94533, 17, 33
0, 946, 94617, 94633, 17, 33
0, 947, 94717, 94733, 17, 33
0, 948, 94817, 94833, 17, 33
0, 949, 94917, 94933, 17, 33
0, 95, 9517, 9533, 17, 33
0, 950, 95017, 95033, 17, 33
0, 951, 95117, 95133, 17, 33
0, 952, 95217, 95233, 17, 33
0, 953, 95317, 95333, 17, 33
0, 954, 95417, 95433, 17, 33
0, 955, 95517, 95533, 17, 33
0, 956, 95617, 95633, 17, 33
0, 957, 95717, 95733, 17, 33
0, 958, 95817, 95833, 17, 33
0, 959, 95917, 95933, 17, 33
0, 96, 9617, 9633, 17, 33
0, 960, 96017, 96033, 17, 33
0, 961, 96117, 96133, 17, 33
0, 962, 96217, 96233, 17, 33
0, 963, 96317, 96333, 17, 33
0, 964, 96417, 96433, 17, 33
0, 965, 96517, 96533, 17, 33
0, 966, 96617, 96633, 17, 33
0, 967, 96717, 96733, 17, 33
0, 968, 96817, 96833, 17, 33
0, 969, 96917, 96933, 17, 33
0, 97, 9717, 9733, 17, 33
0, 970, 97017, 97033, 17, 33
0, 971, 97117, 97133, 17, 33
0, 972, 97217, 97233, 17, 33
0, 973, 97317, 97333, 17, 33
0, 974, 97417, 97433, 17, 33
0, 975, 97517, 97533, 17, 33
0, 976, 97617, 97633, 17, 33
0, 977, 97717, 97733, 17, 33
0, 978, 97817, 97833, 17, 33
0, 979, 97917, 97933, 17, 33
0, 98, 9817, 9833, 17, 33
0, 980, 98017, 98033, 17, 33
0, 981, 98117, 98133, 17, 33
0, 982, 98217, 98233, 17, 33
0, 983, 98317, 98333, 17, 33
0, 984, 98417, 98433, 17, 33
0, 985, 98517, 98533, 17, 33
0, 986, 98617, 98633, 17, 33
0, 987, 98717, 98733, 17, 33
0, 988, 98817, 98833, 17, 33
0, 989, 98917, 98933, 17, 33
0, 99, 9917, 9933, 17, 33
0, 990, 99017, 99033, 17, 33
0, 991, 99117, 99133, 17, 33
0, 992, 99217, 99233, 17, 33
0, 993, 99317, 99333, 17, 33
0, 994, 99417, 99433, 17, 33
0, 995, 99517, 99533, 17, 33
0, 996, 99617, 99633, 17, 33
0, 997, 99717, 99733, 17, 33
0, 998, 99817, 99833, 17, 33
0, 999, 99917, 99933, 17, 33
1, 0, 1, 77, 1, 77
1, 1, 201, 217, 1, 17
1, 10, 2001, 2011, 1, 11
1, 100, 20001, 20077, 1, 77
1, 101, 20201, 20217, 1, 17
1, 102, 20401, 20411, 1, 11
1, 103, 20601, 20611, 1, 11
1, 104, 20801, 20811, 1, 11
1, 105, 21001, 21011, 1, 11
1, 106, 21201, 21211, 1, 11
1, 107, 21401, 21411, 1, 11
1, 108, 21601, 21611, 1, 11
1, 109, 21801, 21811, 1, 11
1, 11, 2201, 2211, 1, 11
1, 110, 22001, 22011, 1, 11
1, 111, 22201, 22211, 1, 11
1, 112, 22401, 22411, 1, 11
1, 113, 22601, 22611, 1, 11
1, 114, 22801, 22811, 1, 11
1, 115, 23001, 23011, 1, 11
1, 116, 23201, 23211, 1, 11
1, 117, 23401, 23411, 1, 11
1, 118, 23601, 23611, 1, 11
1, 119, 23801, 23811, 1, 11
1, 12, 2401, 2411, 1, 11
1, 120, 24001, 24011, 1, 11
1, 121, 24201, 24211, 1, 11
1, 122, 24401, 24411, 1, 11
1, 123, 24601, 24611, 1, 11
1, 124, 24801, 24811, 1, 11
1, 125, 25001, 25011, 1, 11
1, 126, 25201, 25211, 1, 11
1, 127, 25401, 25411, 1, 11
1, 128, 25601, 25611, 1, 11
1, 129, 25801, 25811, 1, 11
1, 13, 2601, 2611, 1, 11
1, 130, 26001, 26011, 1, 11
1, 131, 26201, 26211, 1, 11
1, 132, 26401, 26411, 1, 11
1, 133, 26601, 26611, 1, 11
1, 134, 26801, 26811, 1, 11
1, 135, 27001, 27011, 1, 11
1, 136, 27201, 27211, 1, 11
1, 137, 27401, 27411, 1, 11
1, 138, 27601, 27611, 1, 11
1, 139, 27801, 27811, 1, 11
1, 14, 2801, 2811, 1, 11
1, 140, 28001, 28011, 1, 11
1, 141, 28201, 28211, 1, 11
1, 142, 28401, 28411, 1, 11
1, 143, 28601, 28611, 1, 11
1, 144, 28801, 28811, 1, 11
1, 145, 29001, 29011, 1, 11
1, 146, 29201, 29211, 1, 11
1, 147, 29401, 29411, 1, 11
1, 148, 29601, 29611, 1, 11
1, 149, 29801, 29811, 1, 11
1, 15, 3001, 3011, 1, 11
1, 150, 30001, 30077, 1, 77
1, 151, 30201, 30217, 1, 17
1, 152, 30401, 30411, 1, 11
1, 153, 30601, 30611, 1, 11
1, 154, 30801, 30811, 1, 11
1, 155, 31001, 31011, 1, 11
1, 156, 31201, 31211, 1, 11
1, 157, 31401, 31411, 1, 11
1, 158, 31601, 31611, 1, 11
1, 159, 31801, 31811, 1, 11
1, 16, 3201, 3211, 1, 11
1, 160, 32001, 32011, 1, 11
1, 161, 32201, 32211, 1, 11
1, 162, 32401, 32411, 1, 11
1, 163, 32601, 32611, 1, 11
1, 164, 32801, 32811, 1, 11
1, 165, 33001, 33011, 1, 11
1, 166, 33201, 33211, 1, 11
1, 167, 33401, 33411, 1, 11
1, 168, 33601, 33611, 1, 11
1, 169, 33801, 33811, 1, 11
1, 17, 3401, 3411, 1, 11
1, 170, 34001, 34011, 1, 11
1, 171, 34201, 34211, 1, 11
1, 172, 34401, 34411, 1, 11
1, 173, 34601, 34611, 1, 11
1, 174, 34801, 34811, 1, 11
1, 175, 35001, 35011, 1, 11
1, 176, 35201, 35211, 1, 11
1, 177, 35401, 35411, 1, 11
1, 178, 35601, 35611, 1, 11
1, 179, 35801, 35811, 1, 11
1, 18, 3601, 3611, 1, 11
1, 180, 36001, 36011, 1, 11
1, 181, 36201, 36211, 1, 11
1, 182, 36401, 36411, 1, 11
1, 183, 36601, 36611, 1, 11
1, 184, 36801, 36811, 1, 11
1, 185, 37001, 37011, 1, 11
1, 186, 37201, 37211, 1, 11
1, 187, 37401, 37411, 1, 11
1, 188, 37601, 37611, 1, 11
1, 189, 37801, 37811, 1, 11
1, 19, 3801, 3811, 1, 11
1, 190, 38001, 38011, 1, 11
1, 191, 38201, 38211, 1, 11
1, 192, 38401, 38411, 1, 11
1, 193, 38601, 38611, 1, 11
1, 194, 38801, 38811, 1, 11
1, 195, 39001, 39011, 1, 11
1, 196, 39201, 39211, 1, 11
1, 197, 39401, 39411, 1, 11
1, 198, 39601, 39611, 1, 11
1, 199, 39801, 39811, 1, 11
1, 2, 401, 411, 1, 11
1, 20, 4001, 4011, 1, 11
1, 200, 40001, 40077, 1, 77
1, 201, 40201, 40217, 1, 17
1, 202, 40401, 40411, 1, 11
1, 203, 40601, 40611, 1, 11
1, 204, 40801, 40811, 1, 11
1, 205, 41001, 41011, 1, 11
1, 206, 41201, 41211, 1, 11
1, 207, 41401, 41411, 1, 11
1, 208, 41601, 41611, 1, 11
1, 209, 41801, 41811, 1, 11
1, 21, 4201, 4211, 1, 11
1, 210, 42001, 42011, 1, 11
1, 211, 42201, 42211, 1, 11
1, 212, 42401, 42411, 1, 11
1, 213, 42601, 42611, 1, 11
1, 214, 42801, 42811, 1, 11
1, 215, 43001, 43011, 1, 11
1, 216, 43201, 43211, 1, 11
1, 217, 43401, 43411, 1, 11
1, 218, 43601, 43611, 1, 11
1, 219, 43801, 43811, 1, 11
1, 22, 4401, 4411, 1, 11
1, 220, 44001, 44011, 1, 11
1, 221, 44201, 44211, 1, 11
1, 222, 44401, 44411, 1, 11
1, 223, 44601, 44611, 1, 11
1, 224, 44801, 44811, 1, 11
1, 225, 45001, 45011, 1, 11
1, 226, 45201, 45211, 1, 11
1, 227, 45401, 45411, 1, 11
1, 228, 45601, 45611, 1, 11
1, 229, 45801, 45811, 1, 11
1, 23, 4601, 4611, 1, 11
1, 230, 46001, 46011, 1, 11
1, 231, 46201, 46211, 1, 11
1, 232, 46401, 46411, 1, 11
1, 233, 46601, 46611, 1, 11
1, 234, 46801, 46811, 1, 11
1, 235, 47001, 47011, 1, 11
1, 236, 47201, 47211, 1, 11
1, 237, 47401, 47411, 1, 11
1, 238, 47601, 47611, 1, 11
1, 239, 47801, 47811, 1, 11
1, 24, 4801, 4811, 1, 11
1, 240, 48001, 48011, 1, 11
1, 241, 48201, 48211, 1, 11
1, 242, 48401, 48411, 1, 11
1, 243, 48601, 48611, 1, 11
1, 244, 48801, 48811, 1, 11
1, 245, 49001, 49011, 1, 11
1, 246, 49201, 49211, 1, 11
1, 247, 49401, 49411, 1, 11
1, 248, 49601, 49611, 1, 11
1, 249, 49801, 49811, 1, 11
1, 25, 5001, 5011, 1, 11
1, 250, 50001, 50077, 1, 77
1, 251, 50201, 50217, 1, 17
1, 252, 50401, 50411, 1, 11
1, 253, 50601, 50611, 1, 11
1, 254, 50801, 50811, 1, 11
1, 255, 51001, 51011, 1, 11
1, 256, 51201, 51211, 1, 11
1, 257, 51401, 51411, 1, 11
1, 258, 51601, 51611, 1, 11
1, 259, 51801, 51811, 1, 11
1, 26, 5201, 5211, 1, 11
1, 260, 52001, 52011, 1, 11
1, 261, 52201, 52211, 1, 11
1, 262, 52401, 52411, 1, 11
1, 263, 52601, 52611, 1, 11
1, 264, 52801, 52811, 1, 11
1, 265, 53001, 53011, 1, 11
1, 266, 53201, 53211, 1, 11
1, 267, 53401, 53411, 1, 11
1, 268, 53601, 53611, 1, 11
1, 269, 53801, 53811, 1, 11
1, 27, 5401, 5411, 1, 11
1, 270, 54001, 54011, 1, 11
1, 271, 54201, 54211, 1, 11
1, 272, 54401, 54411, 1, 11
1, 273, 54601, 54611, 1, 11
1, 274, 54801, 54811, 1, 11
1, 275, 55001, 55011, 1, 11
1, 276, 55201, 55211, 1, 11
1, 277, 55401, 55411, 1, 11
1, 278, 55601, 55611, 1, 11
1, 279, 55801, 55811, 1, 11
1, 28, 5601, 5611, 1, 11
1, 280, 56001, 56011, 1, 11
1, 281, 56201, 56211, 1, 11
1, 282, 56401, 56411, 1, 11
1, 283, 56601, 56611, 1, 11
1, 284, 56801, 56811, 1, 11
1, 285, 57001, 57011, 1, 11
1, 286, 57201, 57211, 1, 11
1, 287, 57401, 57411, 1, 11
1, 288, 57601, 57611, 1, 11
1, 289, 57801, 57811, 1, 11
1, 29, 5801, 5811, 1, 11
1, 290, 58001, 58011, 1, 11
1, 291, 58201, 58211, 1, 11
1, 292, 58401, 58411, 1, 11
1, 293, 58601, 58611, 1, 11
1, 294, 58801, 58811, 1, 11
1, 295, 59001, 59011, 1, 11
1, 296, 59201, 59211, 1, 11
1, 297, 59401, 59411, 1, 11
1, 298, 59601, 59611, 1, 11
1, 299, 59801, 59811, 1, 11
1, 3, 601, 611, 1, 11
1, 30, 6001, 6011, 1, 11
1, 300, 60001, 60077, 1, 77
1, 301, 60201, 60217, 1, 17
1, 302, 60401, 60411, 1, 11
1, 303, 60601, 60611, 1, 11
1, 304, 60801, 60811, 1, 11
1, 305, 61001, 61011, 1, 11
1, 306, 61201, 61211, 1, 11
1, 307, 61401, 61411, 1, 11
1, 308, 61601, 61611, 1, 11
1, 309, 61801, 61811, 1, 11
1, 31, 6201, 6211, 1, 11
1, 310, 62001, 62011, 1, 11
1, 311, 62201, 62211, 1, 11
1, 312, 62401, 62411, 1, 11
1, 313, 62601, 62611, 1, 11
1, 314, 62801, 62811, 1, 11
1, 315, 63001, 63011, 1, 11
1, 316, 63201, 63211, 1, 11
1, 317, 63401, 63411, 1, 11
1, 318, 63601, 63611, 1, 11
1, 319, 63801, 63811, 1, 11
1, 32, 6401, 6411, 1, 11
1, 320, 64001, 64011, 1, 11
1, 321, 64201, 64211, 1, 11
1, 322, 64401, 64411, 1, 11
1, 323, 64601, 64611, 1, 11
1, 324, 64801, 64811, 1, 11
1, 325, 65001, 65011, 1, 11
1, 326, 65201, 65211, 1, 11
1, 327, 65401, 65411, 1, 11
1, 328, 65601, 65611, 1, 11
1, 329, 65801, 65811, 1, 11
1, 33, 6601, 6611, 1, 11
1, 330, 66001, 66011, 1, 11
1, 331, 66201, 66211, 1, 11
1, 332, 66401, 66411, 1, 11
1, 333, 66601, 66611, 1, 11
1, 334, 66801, 66811, 1, 11
1, 335, 67001, 67011, 1, 11
1, 336, 67201, 67211, 1, 11
1, 337, 67401, 67411, 1, 11
1, 338, 67601, 67611, 1, 11
1, 339, 67801, 67811, 1, 11
1, 34, 6801, 6811, 1, 11
1, 340, 68001, 68011, 1, 11
1, 341, 68201, 68211, 1, 11
1, 342, 68401, 68411, 1, 11
1, 343, 68601, 68611, 1, 11
1, 344, 68801, 68811, 1, 11
1, 345, 69001, 69011, 1, 11
1, 346, 69201, 69211, 1, 11
1, 347, 69401, 69411, 1, 11
1, 348, 69601, 69611, 1, 11
1, 349, 69801, 69811, 1, 11
1, 35, 7001, 7011, 1, 11
1, 350, 70001, 70077, 1, 77
1, 351, 70201, 70217, 1, 17
1, 352, 70401, 70411, 1, 11
1, 353, 70601, 70611, 1, 11
1, 354, 70801, 70811, 1, 11
1, 355, 71001, 71011, 1, 11
1, 356, 71201, 71211, 1, 11
1, 357, 71401, 71411, 1, 11
1, 358, 71601, 71611, 1, 11
1, 359, 71801, 71811, 1, 11
1, 36, 7201, 7211, 1, 11
1, 360, 72001, 72011, 1, 11
1, 361, 72201, 72211, 1, 11
1, 362, 72401, 72411, 1, 11
1, 363, 72601, 72611, 1, 11
1, 364, 72801, 72811, 1, 11
1, 365, 73001, 73011, 1, 11
1, 366, 73201, 73211, 1, 11
1, 367, 73401, 73411, 1, 11
1, 368, 73601, 73611, 1, 11
1, 369, 73801, 73811, 1, 11
1, 37, 7401, 7411, 1, 11
1, 370, 74001, 74011, 1, 11
1, 371, 74201, 74211, 1, 11
1, 372, 74401, 74411, 1, 11
1, 373, 74601, 74611, 1, 11
1, 374, 74801, 74811, 1, 11
1, 375, 75001, 75011, 1, 11
1, 376, 75201, 75211, 1, 11
1, 377, 75401, 75411, 1, 11
1, 378, 75601, 75611, 1, 11
1, 379, 75801, 75811, 1, 11
1, 38, 7601, 7611, 1, 11
1, 380, 76001, 76011, 1, 11
1, 381, 76201, 76211, 1, 11
1, 382, 76401, 76411, 1, 11
1, 383, 76601, 76611, 1, 11
1, 384, 76801, 76811, 1, 11
1, 385, 77001, 77011, 1, 11
1, 386, 77201, 77211, 1, 11
1, 387, 77401, 77411, 1, 11
1, 388, 77601, 77611, 1, 11
1, 389, 77801, 77811, 1, 11
1, 39, 7801, 7811, 1, 11
1, 390, 78001, 78011, 1, 11
1, 391, 78201, 78211, 1, 11
1, 392, 78401, 78411, 1, 11
1, 393, 78601, 78611, 1, 11
1, 394, 78801, 78811, 1, 11
1, 395, 79001, 79011, 1, 11
1, 396, 79201, 79211, 1, 11
1, 397, 79401, 79411, 1, 11
1, 398, 79601, 79611, 1, 11
1, 399, 79801, 79811, 1, 11
1, 4, 801, 811, 1, 11
1, 40, 8001, 8011, 1, 11
1, 400, 80001, 80077, 1, 77
1, 401, 80201, 80217, 1, 17
1, 402, 80401, 80411, 1, 11
1, 403, 80601, 80611, 1, 11
1, 404, 80801, 80811, 1, 11
1, 405, 81001, 81011, 1, 11
1, 406, 81201, 81211, 1, 11
1, 407, 81401, 81411, 1, 11
1, 408, 81601, 81611, 1, 11
1, 409, 81801, 81811, 1, 11
1, 41, 8201, 8211, 1, 11
1, 410, 82001, 82011, 1, 11
1, 411, 82201, 82211, 1, 11
1, 412, 82401, 82411, 1, 11
1, 413, 82601, 82611, 1, 11
1, 414, 82801, 82811, 1, 11
1, 415, 83001, 83011, 1, 11
1, 416, 83201, 83211, 1, 11
1, 417, 83401, 83411, 1, 11
1, 418, 83601, 83611, 1, 11
1, 419, 83801, 83811, 1, 11
1, 42, 8401, 8411, 1, 11
1, 420, 84001, 84011, 1, 11
1, 421, 84201, 84211, 1, 11
1, 422, 84401, 84411, 1, 11
1, 423, 84601, 84611, 1, 11
1, 424, 84801, 84811, 1, 11
1, 425, 85001, 85011, 1, 11
1, 426, 85201, 85211, 1, 11
1, 427, 85401, 85411, 1, 11
1, 428, 85601, 85611, 1, 11
1, 429, 85801, 85811, 1, 11
1, 43, 8601, 8611, 1, 11
1, 430, 86001, 86011, 1, 11
1, 431, 86201, 86211, 1, 11
1, 432, 86401, 86411, 1, 11
1, 433, 86601, 86611, 1, 11
1, 434, 86801, 86811, 1, 11
1, 435, 87001, 87011, 1, 11
1, 436, 87201, 87211, 1, 11
1, 437, 87401, 87411, 1, 11
1, 438, 87601, 87611, 1, 11
1, 439, 87801, 87811, 1, 11
1, 44, 8801, 8811, 1, 11
1, 440, 88001, 88011, 1, 11
1, 441, 88201, 88211, 1, 11
1, 442, 88401, 88411, 1, 11
1, 443, 88601, 88611, 1, 11
1, 444, 88801, 88811, 1, 11
1, 445, 89001, 89011, 1, 11
1, 446, 89201, 89211, 1, 11
1, 447, 89401, 89411, 1, 11
1, 448, 89601, 89611, 1, 11
1, 449, 89801, 89811, 1, 11
1, 45, 9001, 9011, 1, 11
1, 450, 90001, 90077, 1, 77
1, 451, 90201, 90217, 1, 17
1, 452, 90401, 90411, 1, 11
1, 453, 90601, 90611, 1, 11
1, 454, 90801, 90811, 1, 11
1, 455, 91001, 91011, 1, 11
1, 456, 91201, 91211, 1, 11
1, 457, 91401, 91411, 1, 11
1, 458, 91601, 91611, 1, 11
1, 459, 91801, 91811, 1, 11
1, 46, 9201, 9211, 1, 11
1, 460, 92001, 92011, 1, 11
1, 461, 92201, 92211, 1, 11
1, 462, 92401, 92411, 1, 11
1, 463, 92601, 92611, 1, 11
1, 464, 92801, 92811, 1, 11
1, 465, 93001, 93011, 1, 11
1, 466, 93201, 93211, 1, 11
1, 467, 93401, 93411, 1, 11
1, 468, 93601, 93611, 1, 11
1, 469, 93801, 93811, 1, 11
1, 47, 9401, 9411, 1, 11
1, 470, 94001, 94011, 1, 11
1, 471, 94201, 94211, 1, 11
1, 472, 94401, 94411, 1, 11
1, 473, 94601, 94611, 1, 11
1, 474, 94801, 94811, 1, 11
1, 475, 95001, 95011, 1, 11
1, 476, 95201, 95211, 1, 11
1, 477, 95401, 95411, 1, 11
1, 478, 95601, 95611, 1, 11
1, 479, 95801, 95811, 1, 11
1, 48, 9601, 9611, 1, 11
1, 480, 96001, 96011, 1, 11
1, 481, 96201, 96211, 1, 11
1, 482, 96401, 96411, 1, 11
1, 483, 96601, 96611, 1, 11
1, 484, 96801, 96811, 1, 11
1, 485, 97001, 97011, 1, 11
1, 486, 97201, 97211, 1, 11
1, 487, 97401, 97411, 1, 11
1, 488, 97601, 97611, 1, 11
1, 489, 97801, 97811, 1, 11
1, 49, 9801, 9811, 1, 11
1, 490, 98001, 98011, 1, 11
1, 491, 98201, 98211, 1, 11
1, 492, 98401, 98411, 1, 11
1, 493, 98601, 98611, 1, 11
1, 494, 98801, 98811, 1, 11
1, 495, 99001, 99011, 1, 11
1, 496, 99201, 99211, 1, 11
1, 497, 99401, 99411, 1, 11
1, 498, 99601, 99611, 1, 11
1, 499, 99801, 99811, 1, 11
1, 5, 1001, 1011, 1, 11
1, 50, 10001, 10077, 1, 77
1, 51, 10201, 10217, 1, 17
1, 52, 10401, 10411, 1, 11
1, 53, 10601, 10611, 1, 11
1, 54, 10801, 10811, 1, 11
1, 55, 11001, 11011, 1, 11
1, 56, 11201, 11211, 1, 11
1, 57, 11401, 11411, 1, 11
1, 58, 11601, 11611, 1, 11
1, 59, 11801, 11811, 1, 11
1, 6, 1201, 1211, 1, 11
1, 60, 12001, 12011, 1, 11
1, 61, 12201, 12211, 1, 11
1, 62, 12401, 12411, 1, 11
1, 63, 12601, 12611, 1, 11
1, 64, 12801, 12811, 1, 11
1, 65, 13001, 13011, 1, 11
1, 66, 13201, 13211, 1, 11
1, 67, 13401, 13411, 1, 11
1, 68, 13601, 13611, 1, 11
1, 69, 13801, 13811, 1, 11
1, 7, 1401, 1411, 1, 11
1, 70, 14001, 14011, 1, 11
1, 71, 14201, 14211, 1, 11
1, 72, 14401, 14411, 1, 11
1, 73, 14601, 14611, 1, 11
1, 74, 14801, 14811, 1, 11
1, 75, 15001, 15011, 1, 11
1, 76, 15201, 15211, 1, 11
1, 77, 15401, 15411, 1, 11
1, 78, 15601, 15611, 1, 11
1, 79, 15801, 15811, 1, 11
1, 8, 1601, 1611, 1, 11
1, 80, 16001, 16011, 1, 11
1, 81, 16201, 16211, 1, 11
1, 82, 16401, 16411, 1, 11
1, 83, 16601, 16611, 1, 11
1, 84, 16801, 16811, 1, 11
1, 85, 17001, 17011, 1, 11
1, 86, 17201, 17211, 1, 11
1, 87, 17401, 17411, 1, 11
1, 88, 17601, 17611, 1, 11
1, 89, 17801, 17811, 1, 11
1, 9, 1801, 1811, 1, 11
1, 90, 18001, 18011, 1, 11
1, 91, 18201, 18211, 1, 11
1, 92, 18401, 18411, 1, 11
1, 93, 18601, 18611, 1, 11
1, 94, 18801, 18811, 1, 11
1, 95, 19001, 19011, 1, 11
1, 96, 19201, 19211, 1, 11
1, 97, 19401, 19411, 1, 11
1, 98, 19601, 19611, 1, 11
1, 99, 19801, 19811, 1, 11
2, 0, 1, 92, 1, 92
2, 1, 501, 526, 1, 26
2, 10, 5001, 5026, 1, 26
2, 100, 50001, 50092, 1, 92
2, 101, 50501, 50526, 1, 26
2, 102, 51001, 51026, 1, 26
2, 103, 51501, 51526, 1, 26
2, 104, 52001, 52026, 1, 26
2, 105, 52501, 52526, 1, 26
2, 106, 53001, 53026, 1, 26
2, 107, 53501, 53526, 1, 26
2, 108, 54001, 54026, 1, 26
2, 109, 54501, 54526, 1, 26
2, 11, 5501, 5526, 1, 26
2, 110, 55001, 55026, 1, 26
2, 111, 55501, 55526, 1, 26
2, 112, 56001, 56026, 1, 26
2, 113, 56501, 56526, 1, 26
2, 114, 57001, 57026, 1, 26
2, 115, 57501, 57526, 1, 26
2, 116, 58001, 58026, 1, 26
2, 117, 58501, 58526, 1, 26
2, 118, 59001, 59026, 1, 26
2, 119, 59501, 59526, 1, 26
2, 12, 6001, 6026, 1, 26
2, 120, 60001, 60092, 1, 92
2, 121, 60501, 60526, 1, 26
2, 122, 61001, 61026, 1, 26
2, 123, 61501, 61526, 1, 26
2, 124, 62001, 62026, 1, 26
2, 125, 62501, 62526, 1, 26
2, 126, 63001, 63026, 1, 26
2, 127, 63501, 63526, 1, 26
2, 128, 64001, 64026, 1, 26
2, 129, 64501, 64526, 1, 26
2, 13, 6501, 6526, 1, 26
2, 130, 65001, 65026, 1, 26
2, 131, 65501, 65526, 1, 26
2, 132, 66001, 66026, 1, 26
2, 133, 66501, 66526, 1, 26
2, 134, 67001, 67026, 1, 26
2, 135, 67501, 67526, 1, 26
2, 136, 68001, 68026, 1, 26
2, 137, 68501, 68526, 1, 26
2, 138, 69001, 69026, 1, 26
2, 139, 69501, 69526, 1, 26
2, 14, 7001, 7026, 1, 26
2, 140, 70001, 70092, 1, 92
2, 141, 70501, 70526, 1, 26
2, 142, 71001, 71026, 1, 26
2, 143, 71501, 71526, 1, 26
2, 144, 72001, 72026, 1, 26
2, 145, 72501, 72526, 1, 26
2, 146, 73001, 73026, 1, 26
2, 147, 73501, 73526, 1, 26
2, 148, 74001, 74026, 1, 26
2, 149, 74501, 74526, 1, 26
2, 15, 7501, 7526, 1, 26
2, 150, 75001, 75026, 1, 26
2, 151, 75501, 75526, 1, 26
2, 152, 76001, 76026, 1, 26
2, 153, 76501, 76526, 1, 26
2, 154, 77001, 77026, 1, 26
2, 155, 77501, 77526, 1, 26
2, 156, 78001, 78026, 1, 26
2, 157, 78501, 78526, 1, 26
2, 158, 79001, 79026, 1, 26
2, 159, 79501, 79526, 1, 26
2, 16, 8001, 8026, 1, 26
2, 160, 80001, 80092, 1, 92
2, 161, 80501, 80526, 1, 26
2, 162, 81001, 81026, 1, 26
2, 163, 81501, 81526, 1, 26
2, 164, 82001, 82026, 1, 26
2, 165, 82501, 82526, 1, 26
2, 166, 83001, 83026, 1, 26
2, 167, 83501, 83526, 1, 26
2, 168, 84001, 84026, 1, 26
2, 169, 84501, 84526, 1, 26
2, 17, 8501, 8526, 1, 26
2, 170, 85001, 85026, 1, 26
2, 171, 85501, 85526, 1, 26
2, 172, 86001, 86026, 1, 26
2, 173, 86501, 86526, 1, 26
2, 174, 87001, 87026, 1, 26
2, 175, 87501, 87526, 1, 26
2, 176, 88001, 88026, 1, 26
2, 177, 88501, 88526, 1, 26
2, 178, 89001, 89026, 1, 26
2, 179, 89501, 89526, 1, 26
2, 18, 9001, 9026, 1, 26
2, 180, 90001, 90092, 1, 92
2, 181, 90501, 90526, 1, 26
2, 182, 91001, 91026, 1, 26
2, 183, 91501, 91526, 1, 26
2, 184, 92001, 92026, 1, 26
2, 185, 92501, 92526, 1, 26
2, 186, 93001, 93026, 1, 26
2, 187, 93501, 93526, 1, 26
2, 188, 94001, 94026, 1, 26
2, 189, 94501, 94526, 1, 26
2, 19, 9501, 9526, 1, 26
2, 190, 95001, 95026, 1, 26
2, 191, 95501, 95526, 1, 26
2, 192, 96001, 96026, 1, 26
2, 193, 96501, 96526, 1, 26
2, 194, 97001, 97026, 1, 26
2, 195, 97501, 97526, 1, 26
2, 196, 98001, 98026, 1, 26
2, 197, 98501, 98526, 1, 26
2, 198, 99001, 99026, 1, 26
2, 199, 99501, 99526, 1, 26
2, 2, 1001, 1026, 1, 26
2, 20, 10001, 10092, 1, 92
2, 21, 10501, 10526, 1, 26
2, 22, 11001, 11026, 1, 26
2, 23, 11501, 11526, 1, 26
2, 24, 12001, 12026, 1, 26
2, 25, 12501, 12526, 1, 26
2, 26, 13001, 13026, 1, 26
2, 27, 13501, 13526, 1, 26
2, 28, 14001, 14026, 1, 26
2, 29, 14501, 14526, 1, 26
2, 3, 1501, 1526, 1, 26
2, 30, 15001, 15026, 1, 26
2, 31, 15501, 15526, 1, 26
2, 32, 16001, 16026, 1, 26
2, 33, 16501, 16526, 1, 26
2, 34, 17001, 17026, 1, 26
2, 35, 17501, 17526, 1, 26
2, 36, 18001, 18026, 1, 26
2, 37, 18501, 18526, 1, 26
2, 38, 19001, 19026, 1, 26
2, 39, 19501, 19526, 1, 26
2, 4, 2001, 2026, 1, 26
2, 40, 20001, 20092, 1, 92
2, 41, 20501, 20526, 1, 26
2, 42, 21001, 21026, 1, 26
2, 43, 21501, 21526, 1, 26
2, 44, 22001, 22026, 1, 26
2, 45, 22501, 22526, 1, 26
2, 46, 23001, 23026, 1, 26
2, 47, 23501, 23526, 1, 26
2, 48, 24001, 24026, 1, 26
2, 49, 24501, 24526, 1, 26
2, 5, 2501, 2526, 1, 26
2, 50, 25001, 25026, 1, 26
2, 51, 25501, 25526, 1, 26
2, 52, 26001, 26026, 1, 26
2, 53, 26501, 26526, 1, 26
2, 54, 27001, 27026, 1, 26
2, 55, 27501, 27526, 1, 26
2, 56, 28001, 28026, 1, 26
2, 57, 28501, 28526, 1, 26
2, 58, 29001, 29026, 1, 26
2, 59, 29501, 29526, 1, 26
2, 6, 3001, 3026, 1, 26
2, 60, 30001, 30092, 1, 92
2, 61, 30501, 30526, 1, 26
2, 62, 31001, 31026, 1, 26
2, 63, 31501, 31526, 1, 26
2, 64, 32001, 32026, 1, 26
2, 65, 32501, 32526, 1, 26
2, 66, 33001, 33026, 1, 26
2, 67, 33501, 33526, 1, 26
2, 68, 34001, 34026, 1, 26
2, 69, 34501, 34526, 1, 26
2, 7, 3501, 3526, 1, 26
2, 70, 35001, 35026, 1, 26
2, 71, 35501, 35526, 1, 26
2, 72, 36001, 36026, 1, 26
2, 73, 36501, 36526, 1, 26
2, 74, 37001, 37026, 1, 26
2, 75, 37501, 37526, 1, 26
2, 76, 38001, 38026, 1, 26
2, 77, 38501, 38526, 1, 26
2, 78, 39001, 39026, 1, 26
2, 79, 39501, 39526, 1, 26
2, 8, 4001, 4026, 1, 26
2, 80, 40001, 40092, 1, 92
2, 81, 40501, 40526, 1, 26
2, 82, 41001, 41026, 1, 26
2, 83, 41501, 41526, 1, 26
2, 84, 42001, 42026, 1, 26
2, 85, 42501, 42526, 1, 26
2, 86, 43001, 43026, 1, 26
2, 87, 43501, 43526, 1, 26
2, 88, 44001, 44026, 1, 26
2, 89, 44501, 44526, 1, 26
2, 9, 4501, 4526, 1, 26
2, 90, 45001, 45026, 1, 26
2, 91, 45501, 45526, 1, 26
2, 92, 46001, 46026, 1, 26
2, 93, 46501, 46526, 1, 26
2, 94, 47001, 47026, 1, 26
2, 95, 47501, 47526, 1, 26
2, 96, 48001, 48026, 1, 26
2, 97, 48501, 48526, 1, 26
2, 98, 49001, 49026, 1, 26
2, 99, 49501, 49526, 1, 26
3, 0, 83, 216, 83, 216
3, 1, 1083, 1188, 83, 188
3, 10, 10083, 10216, 83, 216
3, 11, 11083, 11188, 83, 188
3, 12, 12083, 12188, 83, 188
3, 13, 13083, 13188, 83, 188
3, 14, 14083, 14188, 83, 188
3, 15, 15083, 15188, 83, 188
3, 16, 16083, 16188, 83, 188
3, 17, 17083, 17188, 83, 188
3, 18, 18083, 18188, 83, 188
3, 19, 19083, 19188, 83, 188
3, 2, 2083, 2188, 83, 188
3, 20, 20083, 20216, 83, 216
3, 21, 21083, 21188, 83, 188
3, 22, 22083, 22188, 83, 188
3, 23, 23083, 23188, 83, 188
3, 24, 24083, 24188, 83, 188
3, 25, 25083, 25188, 83, 188
3, 26, 26083, 26188, 83, 188
3, 27, 27083, 27188, 83, 188
3, 28, 28083, 28188, 83, 188
3, 29, 29083, 29188, 83, 188
3, 3, 3083, 3188, 83, 188
3, 30, 30083, 30216, 83, 216
3, 31, 31083, 31188, 83, 188
3, 32, 32083, 32188, 83, 188
3, 33, 33083, 33188, 83, 188
3, 34, 34083, 34188, 83, 188
3, 35, 35083, 35188, 83, 188
3, 36, 36083, 36188, 83, 188
3, 37, 37083, 37188, 83, 188
3, 38, 38083, 38188, 83, 188
3, 39, 39083, 39188, 83, 188
3, 4, 4083, 4188, 83, 188
3, 40, 40083, 40216, 83, 216
3, 41, 41083, 41188, 83, 188
3, 42, 42083, 42188, 83, 188
3, 43, 43083, 43188, 83, 188
3, 44, 44083, 44188, 83, 188
3, 45, 45083, 45188, 83, 188
3, 46, 46083, 46188, 83, 188
3, 47, 47083, 47188, 83, 188
3, 48, 48083, 48188, 83, 188
3, 49, 49083, 49188, 83, 188
3, 5, 5083, 5188, 83, 188
3, 50, 50083, 50216, 83, 216
3, 51, 51083, 51188, 83, 188
3, 52, 52083, 52188, 83, 188
3, 53, 53083, 53188, 83, 188
3, 54, 54083, 54188, 83, 188
3, 55, 55083, 55188, 83, 188
3, 56, 56083, 56188, 83, 188
3, 57, 57083, 57188, 83, 188
3, 58, 58083, 58188, 83, 188
3, 59, 59083, 59188, 83, 188
3, 6, 6083, 6188, 83, 188
3, 60, 60083, 60216, 83, 216
3, 61, 61083, 61188, 83, 188
3, 62, 62083, 62188, 83, 188
3, 63, 63083, 63188, 83, 188
3, 64, 64083, 64188, 83, 188
3, 65, 65083, 65188, 83, 188
3, 66, 66083, 66188, 83, 188
3, 67, 67083, 67188, 83, 188
3, 68, 68083, 68188, 83, 188
3, 69, 69083, 69188, 83, 188
3, 7, 7083, 7188, 83, 188
3, 70, 70083, 70216, 83, 216
3, 71, 71083, 71188, 83, 188
3, 72, 72083, 72188, 83, 188
3, 73, 73083, 73188, 83, 188
3, 74, 74083, 74188, 83, 188
3, 75, 75083, 75188, 83, 188
3, 76, 76083, 76188, 83, 188
3, 77, 77083, 77188, 83, 188
3, 78, 78083, 78188, 83, 188
3, 79, 79083, 79188, 83, 188
3, 8, 8083, 8188, 83, 188
3, 80, 80083, 80216, 83, 216
3, 81, 81083, 81188, 83, 188
3, 82, 82083, 82188, 83, 188
3, 83, 83083, 83188, 83, 188
3, 84, 84083, 84188, 83, 188
3, 85, 85083, 85188, 83, 188
3, 86, 86083, 86188, 83, 188
3, 87, 87083, 87188, 83, 188
3, 88, 88083, 88188, 83, 188
3, 89, 89083, 89188, 83, 188
3, 9, 9083, 9188, 83, 188
3, 90, 90083, 90216, 83, 216
3, 91, 91083, 91188, 83, 188
3, 92, 92083, 92188, 83, 188
3, 93, 93083, 93188, 83, 188
3, 94, 94083, 94188, 83, 188
3, 95, 95083, 95188, 83, 188
3, 96, 96083, 96188, 83, 188
3, 97, 97083, 97188, 83, 188
3, 98, 98083, 98188, 83, 188
3, 99, 99083, 99188, 83, 188
4, 0, 22, 163, 22, 163
4, 1, 2022, 2145, 22, 145
4, 10, 20022, 20163, 22, 163
4, 11, 22022, 22145, 22, 145
4, 12, 24022, 24145, 22, 145
4, 13, 26022, 26145, 22, 145
4, 14, 28022, 28145, 22, 145
4, 15, 30022, 30163, 22, 163
4, 16, 32022, 32145, 22, 145
4, 17, 34022, 34145, 22, 145
4, 18, 36022, 36145, 22, 145
4, 19, 38022, 38145, 22, 145
4, 2, 4022, 4145, 22, 145
4, 20, 40022, 40163, 22, 163
4, 21, 42022, 42145, 22, 145
4, 22, 44022, 44145, 22, 145
4, 23, 46022, 46145, 22, 145
4, 24, 48022, 48145, 22, 145
4, 25, 50022, 50163, 22, 163
4, 26, 52022, 52145, 22, 145
4, 27, 54022, 54145, 22, 145
4, 28, 56022, 56145, 22, 145
4, 29, 58022, 58145, 22, 145
4, 3, 6022, 6145, 22, 145
4, 30, 60022, 60163, 22, 163
4, 31, 62022, 62145, 22, 145
4, 32, 64022, 64145, 22, 145
4, 33, 66022, 66145, 22, 145
4, 34, 68022, 68145, 22, 145
4, 35, 70022, 70163, 22, 163
4, 36, 72022, 72145, 22, 145
4, 37, 74022, 74145, 22, 145
4, 38, 76022, 76145, 22, 145
4, 39, 78022, 78145, 22, 145
4, 4, 8022, 8145, 22, 145
4, 40, 80022, 80163, 22, 163
4, 41, 82022, 82145, 22, 145
4, 42, 84022, 84145, 22, 145
4, 43, 86022, 86145, 22, 145
4, 44, 88022, 88145, 22, 145
4, 45, 90022, 90163, 22, 163
4, 46, 92022, 92145, 22, 145
4, 47, 94022, 94145, 22, 145
4, 48, 96022, 96145, 22, 145
4, 49, 98022, 98145, 22, 145
4, 5, 10022, 10163, 22, 163
4, 6, 12022, 12145, 22, 145
4, 7, 14022, 14145, 22, 145
4, 8, 16022, 16145, 22, 145
4, 9, 18022, 18145, 22, 145
5, 0, 1, 251, 1, 251
5, 1, 5001, 5251, 1, 251
5, 10, 50001, 50251, 1, 251
5, 11, 55001, 55251, 1, 251
5, 12, 60001, 60251, 1, 251
5, 13, 65001, 65251, 1, 251
5, 14, 70001, 70251, 1, 251
5, 15, 75001, 75251, 1, 251
5, 16, 80001, 80251, 1, 251
5, 17, 85001, 85251, 1, 251
5, 18, 90001, 90251, 1, 251
5, 19, 95001, 95251, 1, 251
5, 2, 10001, 10251, 1, 251
5, 3, 15001, 15251, 1, 251
5, 4, 20001, 20251, 1, 251
5, 5, 25001, 25251, 1, 251
5, 6, 30001, 30251, 1, 251
5, 7, 35001, 35251, 1, 251
5, 8, 40001, 40251, 1, 251
5, 9, 45001, 45251, 1, 251
6, 0, 17, 537, 17, 537
6, 1, 10017, 10537, 17, 537
6, 2, 20017, 20537, 17, 537
6, 3, 30017, 30537, 17, 537
6, 4, 40017, 40537, 17, 537
6, 5, 50017, 50537, 17, 537
6, 6, 60017, 60537, 17, 537
6, 7, 70017, 70537, 17, 537
6, 8, 80017, 80537, 17, 537
6, 9, 90017, 90537, 17, 537
7, 0, 17, 542, 17, 542
7, 1, 10017, 10542, 17, 542
7, 2, 20017, 20542, 17, 542
7, 3, 30017, 30542, 17, 542
7, 4, 40017, 40542, 17, 542
7, 5, 50017, 50542, 17, 542
7, 6, 60017, 60542, 17, 542
7, 7, 70017, 70542, 17, 542
7, 8, 80017, 80542, 17, 542
7, 9, 90017, 90542, 17, 542
8, 0, 1, 1043, 1, 1043
8, 1, 20001, 21043, 1, 1043
8, 2, 40001, 41043, 1, 1043
8, 3, 60001, 61043, 1, 1043
8, 4, 80001, 81043, 1, 1043
9, 0, 1, 5043, 1, 5043
