Task ID, Job ID, BCCT, WCCT, BCRT, WCRT
0, 0, 251, 1765, 251, 1765
0, 1, 10251, 11386, 251, 1386
0, 10, 100251, 101528, 251, 1528
0, 100, 1000251, 1001528, 251, 1528
0, 101, 1010251, 1011386, 251, 1386
0, 102, 1020251, 1021548, 251, 1548
0, 103, 1030251, 1031386, 251, 1386
0, 104, 1040251, 1041386, 251, 1386
0, 105, 1050251, 1051765, 251, 1765
0, 106, 1060251, 1061386, 251, 1386
0, 107, 1070251, 1071386, 251, 1386
0, 108, 1080251, 1081548, 251, 1548
0, 109, 1090251, 1091386, 251, 1386
0, 11, 110251, 111528, 251, 1528
0, 110, 1100251, 1101728, 251, 1728
0, 111, 1110251, 1111548, 251, 1548
0, 112, 1120251, 1121386, 251, 1386
0, 113, 1130251, 1131386, 251, 1386
0, 114, 1140251, 1141548, 251, 1548
0, 115, 1150251, 1151528, 251, 1528
0, 116, 1160251, 1161528, 251, 1528
0, 117, 1170251, 1171548, 251, 1548
0, 118, 1180251, 1181386, 251, 1386
0, 119, 1190251, 1191386, 251, 1386
0, 12, 120251, 121548, 251, 1548
0, 120, 1200251, 1201728, 251, 1728
0, 121, 1210251, 1211528, 251, 1528
0, 122, 1220251, 1221386, 251, 1386
0, 123, 1230251, 1231548, 251, 1548
0, 124, 1240251, 1241386, 251, 1386
0, 125, 1250251, 1251528, 251, 1528
0, 126, 1260251, 1261548, 251, 1548
0, 127, 1270251, 1271528, 251, 1528
0, 128, 1280251, 1281386, 251, 1386
0, 129, 1290251, 1291548, 251, 1548
0, 13, 130251, 131386, 251, 1386
0, 130, 1300251, 1301528, 251, 1528
0, 131, 1310251, 1311386, 251, 1386
0, 132, 1320251, 1321728, 251, 1728
0, 133, 1330251, 1331386, 251, 1386
0, 134, 1340251, 1341386, 251, 1386
0, 135, 1350251, 1351728, 251, 1728
0, 136, 1360251, 1361386, 251, 1386
0, 137, 1370251, 1371386, 251, 1386
0, 138, 1380251, 1381728, 251, 1728
0, 139, 1390251, 1391386, 251, 1386
0, 14, 140251, 141386, 251, 1386
0, 140, 1400251, 1401528, 251, 1528
0, 141, 1410251, 1411548, 251, 1548
0, 142, 1420251, 1421386, 251, 1386
0, 143, 1430251, 1431528, 251, 1528
0, 144, 1440251, 1441548, 251, 1548
0, 145, 1450251, 1451528, 251, 1528
0, 146, 1460251, 1461386, 251, 1386
0, 147, 1470251, 1471548, 251, 1548
0, 148, 1480251, 1481386, 251, 1386
0, 149, 1490251, 1491528, 251, 1528
0, 15, 150251, 151728, 251, 1728
0, 150, 1500251, 1501728, 251, 1728
0, 151, 1510251, 1511386, 251, 1386
0, 152, 1520251, 1521386, 251, 1386
0, 153, 1530251, 1531548, 251, 1548
0, 154, 1540251, 1541528, 251, 1528
0, 155, 1550251, 1551528, 251, 1528
0, 156, 1560251, 1561548, 251, 1548
0, 157, 1570251, 1571386, 251, 1386
0, 158, 1580251, 1581386, 251, 1386
0, 159, 1590251, 1591548, 251, 1548
0, 16, 160251, 161386, 251, 1386
0, 160, 1600251, 1601728, 251, 1728
0, 161, 1610251, 1611386, 251, 1386
0, 162, 1620251, 1621548, 251, 1548
0, 163, 1630251, 1631386, 251, 1386
0, 164, 1640251, 1641386, 251, 1386
0, 17, 170251, 171528, 251, 1528
0, 18, 180251, 181548, 251, 1548
0, 19, 190251, 191386, 251, 1386
0, 2, 20251, 21386, 251, 1386
0, 20, 200251, 201528, 251, 1528
0, 21, 210251, 211548, 251, 1548
0, 22, 220251, 221528, 251, 1528
0, 23, 230251, 231386, 251, 1386
0, 24, 240251, 241548, 251, 1548
0, 25, 250251, 251528, 251, 1528
0, 26, 260251, 261386, 251, 1386
0, 27, 270251, 271548, 251, 1548
0, 28, 280251, 281528, 251, 1528
0, 29, 290251, 291386, 251, 1386
0, 3, 30251, 31548, 251, 1548
0, 30, 300251, 301728, 251, 1728
0, 31, 310251, 311386, 251, 1386
0, 32, 320251, 321386, 251, 1386
0, 33, 330251, 331728, 251, 1728
0, 34, 340251, 341386, 251, 1386
0, 35, 350251, 351528, 251, 1528
0, 36, 360251, 361548, 251, 1548
0, 37, 370251, 371386, 251, 1386
0, 38, 380251, 381386, 251, 1386
0, 39, 390251, 391728, 251, 1728
0, 4, 40251, 41386, 251, 1386
0, 40, 400251, 401528, 251, 1528
0, 41, 410251, 411386, 251, 1386
0, 42, 420251, 421548, 251, 1548
0, 43, 430251, 431386, 251, 1386
0, 44, 440251, 441528, 251, 1528
0, 45, 450251, 451728, 251, 1728
0, 46, 460251, 461386, 251, 1386
0, 47, 470251, 471386, 251, 1386
0, 48, 480251, 481548, 251, 1548
0, 49, 490251, 491386, 251, 1386
0, 5, 50251, 51528, 251, 1528
0, 50, 500251, 501728, 251, 1728
0, 51, 510251, 511548, 251, 1548
0, 52, 520251, 521386, 251, 1386
0, 53, 530251, 531386, 251, 1386
0, 54, 540251, 541548, 251, 1548
0, 55, 550251, 551728, 251, 1728
0, 56, 560251, 561386, 251, 1386
0, 57, 570251, 571548, 251, 1548
0, 58, 580251, 581386, 251, 1386
0, 59, 590251, 591386, 251, 1386
0, 6, 60251, 61728, 251, 1728
0, 60, 600251, 601728, 251, 1728
0, 61, 610251, 611528, 251, 1528
0, 62, 620251, 621386, 251, 1386
0, 63, 630251, 631548, 251, 1548
0, 64, 640251, 641386, 251, 1386
0, 65, 650251, 651528, 251, 1528
0, 66, 660251, 661728, 251, 1728
0, 67, 670251, 671386, 251, 1386
0, 68, 680251, 681386, 251, 1386
0, 69, 690251, 691548, 251, 1548
0, 7, 70251, 71386, 251, 1386
0, 70, 700251, 701528, 251, 1528
0, 71, 710251, 711386, 251, 1386
0, 72, 720251, 721728, 251, 1728
0, 73, 730251, 731386, 251, 1386
0, 74, 740251, 741386, 251, 1386
0, 75, 750251, 751728, 251, 1728
0, 76, 760251, 761386, 251, 1386
0, 77, 770251, 771528, 251, 1528
0, 78, 780251, 781548, 251, 1548
0, 79, 790251, 791386, 251, 1386
0, 8, 80251, 81386, 251, 1386
0, 80, 800251, 801528, 251, 1528
0, 81, 810251, 811548, 251, 1548
0, 82, 820251, 821386, 251, 1386
0, 83, 830251, 831528, 251, 1528
0, 84, 840251, 841548, 251, 1548
0, 85, 850251, 851528, 251, 1528
0, 86, 860251, 861386, 251, 1386
0, 87, 870251, 871548, 251, 1548
0, 88, 880251, 881528, 251, 1528
0, 89, 890251, 891386, 251, 1386
0, 9, 90251, 91548, 251, 1548
0, 90, 900251, 901728, 251, 1728
0, 91, 910251, 911386, 251, 1386
0, 92, 920251, 921386, 251, 1386
0, 93, 930251, 931548, 251, 1548
0, 94, 940251, 941528, 251, 1528
0, 95, 950251, 951528, 251, 1528
0, 96, 960251, 961548, 251, 1548
0, 97, 970251, 971386, 251, 1386
0, 98, 980251, 981386, 251, 1386
0, 99, 990251, 991728, 251, 1728
1, 0, 367, 2374, 367, 2374
1, 1, 10367, 11579, 367, 1579
1, 10, 100367, 101921, 367, 1921
1, 100, 1000367, 1001921, 367, 1921
1, 101, 1010367, 1011579, 367, 1579
1, 102, 1020367, 1021921, 367, 1921
1, 103, 1030367, 1031579, 367, 1579
1, 104, 1040367, 1041579, 367, 1579
1, 105, 1050367, 1052374, 367, 2374
1, 106, 1060367, 1061579, 367, 1579
1, 107, 1070367, 1071579, 367, 1579
1, 108, 1080367, 1081921, 367, 1921
1, 109, 1090367, 1091579, 367, 1579
1, 11, 110367, 111921, 367, 1921
1, 110, 1100367, 1101958, 367, 1958
1, 111, 1110367, 1111921, 367, 1921
1, 112, 1120367, 1121579, 367, 1579
1, 113, 1130367, 1131579, 367, 1579
1, 114, 1140367, 1141921, 367, 1921
1, 115, 1150367, 1151921, 367, 1921
1, 116, 1160367, 1161921, 367, 1921
1, 117, 1170367, 1171921, 367, 1921
1, 118, 1180367, 1181579, 367, 1579
1, 119, 1190367, 1191579, 367, 1579
1, 12, 120367, 121921, 367, 1921
1, 120, 1200367, 1201958, 367, 1958
1, 121, 1210367, 1211921, 367, 1921
1, 122, 1220367, 1221579, 367, 1579
1, 123, 1230367, 1231921, 367, 1921
1, 124, 1240367, 1241579, 367, 1579
1, 125, 1250367, 1251921, 367, 1921
1, 126, 1260367, 1261921, 367, 1921
1, 127, 1270367, 1271921, 367, 1921
1, 128, 1280367, 1281579, 367, 1579
1, 129, 1290367, 1291921, 367, 1921
1, 13, 130367, 131579, 367, 1579
1, 130, 1300367, 1301921, 367, 1921
1, 131, 1310367, 1311579, 367, 1579
1, 132, 1320367, 1321958, 367, 1958
1, 133, 1330367, 1331579, 367, 1579
1, 134, 1340367, 1341579, 367, 1579
1, 135, 1350367, 1351958, 367, 1958
1, 136, 1360367, 1361579, 367, 1579
1, 137, 1370367, 1371579, 367, 1579
1, 138, 1380367, 1381958, 367, 1958
1, 139, 1390367, 1391579, 367, 1579
1, 14, 140367, 141579, 367, 1579
1, 140, 1400367, 1401921, 367, 1921
1, 141, 1410367, 1411921, 367, 1921
1, 142, 1420367, 1421579, 367, 1579
1, 143, 1430367, 1431921, 367, 1921
1, 144, 1440367, 1441921, 367, 1921
1, 145, 1450367, 1451921, 367, 1921
1, 146, 1460367, 1461579, 367, 1579
1, 147, 1470367, 1471921, 367, 1921
1, 148, 1480367, 1481579, 367, 1579
1, 149, 1490367, 1491921, 367, 1921
1, 15, 150367, 151958, 367, 1958
1, 150, 1500367, 1501958, 367, 1958
1, 151, 1510367, 1511579, 367, 1579
1, 152, 1520367, 1521579, 367, 1579
1, 153, 1530367, 1531921, 367, 1921
1, 154, 1540367, 1541921, 367, 1921
1, 155, 1550367, 1551921, 367, 1921
1, 156, 1560367, 1561921, 367, 1921
1, 157, 1570367, 1571579, 367, 1579
1, 158, 1580367, 1581579, 367, 1579
1, 159, 1590367, 1591921, 367, 1921
1, 16, 160367, 161579, 367, 1579
1, 160, 1600367, 1601958, 367, 1958
1, 161, 1610367, 1611579, 367, 1579
1, 162, 1620367, 1621921, 367, 1921
1, 163, 1630367, 1631579, 367, 1579
1, 164, 1640367, 1641579, 367, 1579
1, 17, 170367, 171921, 367, 1921
1, 18, 180367, 181921, 367, 1921
1, 19, 190367, 191579, 367, 1579
1, 2, 20367, 21579, 367, 1579
1, 20, 200367, 201921, 367, 1921
1, 21, 210367, 211921, 367, 1921
1, 22, 220367, 221921, 367, 1921
1, 23, 230367, 231579, 367, 1579
1, 24, 240367, 241921, 367, 1921
1, 25, 250367, 251921, 367, 1921
1, 26, 260367, 261579, 367, 1579
1, 27, 270367, 271921, 367, 1921
1, 28, 280367, 281921, 367, 1921
1, 29, 290367, 291579, 367, 1579
1, 3, 30367, 31921, 367, 1921
1, 30, 300367, 301958, 367, 1958
1, 31, 310367, 311579, 367, 1579
1, 32, 320367, 321579, 367, 1579
1, 33, 330367, 331958, 367, 1958
1, 34, 340367, 341579, 367, 1579
1, 35, 350367, 351921, 367, 1921
1, 36, 360367, 361921, 367, 1921
1, 37, 370367, 371579, 367, 1579
1, 38, 380367, 381579, 367, 1579
1, 39, 390367, 391958, 367, 1958
1, 4, 40367, 41579, 367, 1579
1, 40, 400367, 401921, 367, 1921
1, 41, 410367, 411579, 367, 1579
1, 42, 420367, 421921, 367, 1921
1, 43, 430367, 431579, 367, 1579
1, 44, 440367, 441921, 367, 1921
1, 45, 450367, 451958, 367, 1958
1, 46, 460367, 461579, 367, 1579
1, 47, 470367, 471579, 367, 1579
1, 48, 480367, 481921, 367, 1921
1, 49, 490367, 491579, 367, 1579
1, 5, 50367, 51921, 367, 1921
1, 50, 500367, 501958, 367, 1958
1, 51, 510367, 511921, 367, 1921
1, 52, 520367, 521579, 367, 1579
1, 53, 530367, 531579, 367, 1579
1, 54, 540367, 541921, 367, 1921
1, 55, 550367, 551958, 367, 1958
1, 56, 560367, 561579, 367, 1579
1, 57, 570367, 571921, 367, 1921
1, 58, 580367, 581579, 367, 1579
1, 59, 590367, 591579, 367, 1579
1, 6, 60367, 61958, 367, 1958
1, 60, 600367, 601958, 367, 1958
1, 61, 610367, 611921, 367, 1921
1, 62, 620367, 621579, 367, 1579
1, 63, 630367, 631921, 367, 1921
1, 64, 640367, 641579, 367, 1579
1, 65, 650367, 651921, 367, 1921
1, 66, 660367, 661958, 367, 1958
1, 67, 670367, 671579, 367, 1579
1, 68, 680367, 681579, 367, 1579
1, 69, 690367, 691921, 367, 1921
1, 7, 70367, 71579, 367, 1579
1, 70, 700367, 701921, 367, 1921
1, 71, 710367, 711579, 367, 1579
1, 72, 720367, 721958, 367, 1958
1, 73, 730367, 731579, 367, 1579
1, 74, 740367, 741579, 367, 1579
1, 75, 750367, 751958, 367, 1958
1, 76, 760367, 761579, 367, 1579
1, 77, 770367, 771921, 367, 1921
1, 78, 780367, 781921, 367, 1921
1, 79, 790367, 791579, 367, 1579
1, 8, 80367, 81579, 367, 1579
1, 80, 800367, 801921, 367, 1921
1, 81, 810367, 811921, 367, 1921
1, 82, 820367, 821579, 367, 1579
1, 83, 830367, 831921, 367, 1921
1, 84, 840367, 841921, 367, 1921
1, 85, 850367, 851921, 367, 1921
1, 86, 860367, 861579, 367, 1579
1, 87, 870367, 871921, 367, 1921
1, 88, 880367, 881921, 367, 1921
1, 89, 890367, 891579, 367, 1579
1, 9, 90367, 91921, 367, 1921
1, 90, 900367, 901958, 367, 1958
1, 91, 910367, 911579, 367, 1579
1, 92, 920367, 921579, 367, 1579
1, 93, 930367, 931921, 367, 1921
1, 94, 940367, 941921, 367, 1921
1, 95, 950367, 951921, 367, 1921
1, 96, 960367, 961921, 367, 1921
1, 97, 970367, 971579, 367, 1579
1, 98, 980367, 981579, 367, 1579
1, 99, 990367, 991958, 367, 1958
2, 0, 146, 2008, 146, 2008
2, 1, 10146, 11353, 146, 1353
2, 10, 100146, 101590, 146, 1590
2, 100, 1000146, 1001590, 146, 1590
2, 101, 1010146, 1011353, 146, 1353
2, 102, 1020146, 1021590, 146, 1590
2, 103, 1030146, 1031353, 146, 1353
2, 104, 1040146, 1041353, 146, 1353
2, 105, 1050146, 1052008, 146, 2008
2, 106, 1060146, 1061353, 146, 1353
2, 107, 1070146, 1071353, 146, 1353
2, 108, 1080146, 1081590, 146, 1590
2, 109, 1090146, 1091353, 146, 1353
2, 11, 110146, 111590, 146, 1590
2, 110, 1100146, 1101971, 146, 1971
2, 111, 1110146, 1111590, 146, 1590
2, 112, 1120146, 1121353, 146, 1353
2, 113, 1130146, 1131353, 146, 1353
2, 114, 1140146, 1141590, 146, 1590
2, 115, 1150146, 1151590, 146, 1590
2, 116, 1160146, 1161590, 146, 1590
2, 117, 1170146, 1171590, 146, 1590
2, 118, 1180146, 1181353, 146, 1353
2, 119, 1190146, 1191353, 146, 1353
2, 12, 120146, 121590, 146, 1590
2, 120, 1200146, 1201971, 146, 1971
2, 121, 1210146, 1211590, 146, 1590
2, 122, 1220146, 1221353, 146, 1353
2, 123, 1230146, 1231590, 146, 1590
2, 124, 1240146, 1241353, 146, 1353
2, 125, 1250146, 1251590, 146, 1590
2, 126, 1260146, 1261590, 146, 1590
2, 127, 1270146, 1271590, 146, 1590
2, 128, 1280146, 1281353, 146, 1353
2, 129, 1290146, 1291590, 146, 1590
2, 13, 130146, 131353, 146, 1353
2, 130, 1300146, 1301590, 146, 1590
2, 131, 1310146, 1311353, 146, 1353
2, 132, 1320146, 1321971, 146, 1971
2, 133, 1330146, 1331353, 146, 1353
2, 134, 1340146, 1341353, 146, 1353
2, 135, 1350146, 1351971, 146, 1971
2, 136, 1360146, 1361353, 146, 1353
2, 137, 1370146, 1371353, 146, 1353
2, 138, 1380146, 1381971, 146, 1971
2, 139, 1390146, 1391353, 146, 1353
2, 14, 140146, 141353, 146, 1353
2, 140, 1400146, 1401590, 146, 1590
2, 141, 1410146, 1411590, 146, 1590
2, 142, 1420146, 1421353, 146, 1353
2, 143, 1430146, 1431590, 146, 1590
2, 144, 1440146, 1441590, 146, 1590
2, 145, 1450146, 1451590, 146, 1590
2, 146, 1460146, 1461353, 146, 1353
2, 147, 1470146, 1471590, 146, 1590
2, 148, 1480146, 1481353, 146, 1353
2, 149, 1490146, 1491590, 146, 1590
2, 15, 150146, 151971, 146, 1971
2, 150, 1500146, 1501971, 146, 1971
2, 151, 1510146, 1511353, 146, 1353
2, 152, 1520146, 1521353, 146, 1353
2, 153, 1530146, 1531590, 146, 1590
2, 154, 1540146, 1541590, 146, 1590
2, 155, 1550146, 1551590, 146, 1590
2, 156, 1560146, 1561590, 146, 1590
2, 157, 1570146, 1571353, 146, 1353
2, 158, 1580146, 1581353, 146, 1353
2, 159, 1590146, 1591590, 146, 1590
2, 16, 160146, 161353, 146, 1353
2, 160, 1600146, 1601971, 146, 1971
2, 161, 1610146, 1611353, 146, 1353
2, 162, 1620146, 1621590, 146, 1590
2, 163, 1630146, 1631353, 146, 1353
2, 164, 1640146, 1641353, 146, 1353
2, 17, 170146, 171590, 146, 1590
2, 18, 180146, 181590, 146, 1590
2, 19, 190146, 191353, 146, 1353
2, 2, 20146, 21353, 146, 1353
2, 20, 200146, 201590, 146, 1590
2, 21, 210146, 211590, 146, 1590
2, 22, 220146, 221590, 146, 1590
2, 23, 230146, 231353, 146, 1353
2, 24, 240146, 241590, 146, 1590
2, 25, 250146, 251590, 146, 1590
2, 26, 260146, 261353, 146, 1353
2, 27, 270146, 271590, 146, 1590
2, 28, 280146, 281590, 146, 1590
2, 29, 290146, 291353, 146, 1353
2, 3, 30146, 31590, 146, 1590
2, 30, 300146, 301971, 146, 1971
2, 31, 310146, 311353, 146, 1353
2, 32, 320146, 321353, 146, 1353
2, 33, 330146, 331971, 146, 1971
2, 34, 340146, 341353, 146, 1353
2, 35, 350146, 351590, 146, 1590
2, 36, 360146, 361590, 146, 1590
2, 37, 370146, 371353, 146, 1353
2, 38, 380146, 381353, 146, 1353
2, 39, 390146, 391971, 146, 1971
2, 4, 40146, 41353, 146, 1353
2, 40, 400146, 401590, 146, 1590
2, 41, 410146, 411353, 146, 1353
2, 42, 420146, 421590, 146, 1590
2, 43, 430146, 431353, 146, 1353
2, 44, 440146, 441590, 146, 1590
2, 45, 450146, 451971, 146, 1971
2, 46, 460146, 461353, 146, 1353
2, 47, 470146, 471353, 146, 1353
2, 48, 480146, 481590, 146, 1590
2, 49, 490146, 491353, 146, 1353
2, 5, 50146, 51590, 146, 1590
2, 50, 500146, 501971, 146, 1971
2, 51, 510146, 511590, 146, 1590
2, 52, 520146, 521353, 146, 1353
2, 53, 530146, 531353, 146, 1353
2, 54, 540146, 541590, 146, 1590
2, 55, 550146, 551971, 146, 1971
2, 56, 560146, 561353, 146, 1353
2, 57, 570146, 571590, 146, 1590
2, 58, 580146, 581353, 146, 1353
2, 59, 590146, 591353, 146, 1353
2, 6, 60146, 61971, 146, 1971
2, 60, 600146, 601971, 146, 1971
2, 61, 610146, 611590, 146, 1590
2, 62, 620146, 621353, 146, 1353
2, 63, 630146, 631590, 146, 1590
2, 64, 640146, 641353, 146, 1353
2, 65, 650146, 651590, 146, 1590
2, 66, 660146, 661971, 146, 1971
2, 67, 670146, 671353, 146, 1353
2, 68, 680146, 681353, 146, 1353
2, 69, 690146, 691590, 146, 1590
2, 7, 70146, 71353, 146, 1353
2, 70, 700146, 701590, 146, 1590
2, 71, 710146, 711353, 146, 1353
2, 72, 720146, 721971, 146, 1971
2, 73, 730146, 731353, 146, 1353
2, 74, 740146, 741353, 146, 1353
2, 75, 750146, 751971, 146, 1971
2, 76, 760146, 761353, 146, 1353
2, 77, 770146, 771590, 146, 1590
2, 78, 780146, 781590, 146, 1590
2, 79, 790146, 791353, 146, 1353
2, 8, 80146, 81353, 146, 1353
2, 80, 800146, 801590, 146, 1590
2, 81, 810146, 811590, 146, 1590
2, 82, 820146, 821353, 146, 1353
2, 83, 830146, 831590, 146, 1590
2, 84, 840146, 841590, 146, 1590
2, 85, 850146, 851590, 146, 1590
2, 86, 860146, 861353, 146, 1353
2, 87, 870146, 871590, 146, 1590
2, 88, 880146, 881590, 146, 1590
2, 89, 890146, 891353, 146, 1353
2, 9, 90146, 91590, 146, 1590
2, 90, 900146, 901971, 146, 1971
2, 91, 910146, 911353, 146, 1353
2, 92, 920146, 921353, 146, 1353
2, 93, 930146, 931590, 146, 1590
2, 94, 940146, 941590, 146, 1590
2, 95, 950146, 951590, 146, 1590
2, 96, 960146, 961590, 146, 1590
2, 97, 970146, 971353, 146, 1353
2, 98, 980146, 981353, 146, 1353
2, 99, 990146, 991971, 146, 1971
3, 0, 487, 2819, 487, 2819
3, 1, 10487, 11779, 487, 1779
3, 10, 100487, 102158, 487, 2158
3, 100, 1000487, 1002158, 487, 2158
3, 101, 1010487, 1011779, 487, 1779
3, 102, 1020487, 1022197, 487, 2197
3, 103, 1030487, 1031779, 487, 1779
3, 104, 1040487, 1041779, 487, 1779
3, 105, 1050487, 1052819, 487, 2819
3, 106, 1060487, 1061779, 487, 1779
3, 107, 1070487, 1071779, 487, 1779
3, 108, 1080487, 1082197, 487, 2197
3, 109, 1090487, 1091779, 487, 1779
3, 11, 110487, 112158, 487, 2158
3, 110, 1100487, 1102440, 487, 2440
3, 111, 1110487, 1112197, 487, 2197
3, 112, 1120487, 1121779, 487, 1779
3, 113, 1130487, 1131779, 487, 1779
3, 114, 1140487, 1142197, 487, 2197
3, 115, 1150487, 1152158, 487, 2158
3, 116, 1160487, 1162158, 487, 2158
3, 117, 1170487, 1172197, 487, 2197
3, 118, 1180487, 1181779, 487, 1779
3, 119, 1190487, 1191779, 487, 1779
3, 12, 120487, 122197, 487, 2197
3, 120, 1200487, 1202574, 487, 2574
3, 121, 1210487, 1212158, 487, 2158
3, 122, 1220487, 1221779, 487, 1779
3, 123, 1230487, 1232197, 487, 2197
3, 124, 1240487, 1241779, 487, 1779
3, 125, 1250487, 1252158, 487, 2158
3, 126, 1260487, 1262197, 487, 2197
3, 127, 1270487, 1272158, 487, 2158
3, 128, 1280487, 1281779, 487, 1779
3, 129, 1290487, 1292197, 487, 2197
3, 13, 130487, 131779, 487, 1779
3, 130, 1300487, 1302158, 487, 2158
3, 131, 1310487, 1311779, 487, 1779
3, 132, 1320487, 1322602, 487, 2602
3, 133, 1330487, 1331779, 487, 1779
3, 134, 1340487, 1341779, 487, 1779
3, 135, 1350487, 1352574, 487, 2574
3, 136, 1360487, 1361779, 487, 1779
3, 137, 1370487, 1371779, 487, 1779
3, 138, 1380487, 1382602, 487, 2602
3, 139, 1390487, 1391779, 487, 1779
3, 14, 140487, 141779, 487, 1779
3, 140, 1400487, 1402158, 487, 2158
3, 141, 1410487, 1412197, 487, 2197
3, 142, 1420487, 1421779, 487, 1779
3, 143, 1430487, 1432158, 487, 2158
3, 144, 1440487, 1442197, 487, 2197
3, 145, 1450487, 1452158, 487, 2158
3, 146, 1460487, 1461779, 487, 1779
3, 147, 1470487, 1472197, 487, 2197
3, 148, 1480487, 1481779, 487, 1779
3, 149, 1490487, 1492158, 487, 2158
3, 15, 150487, 152574, 487, 2574
3, 150, 1500487, 1502574, 487, 2574
3, 151, 1510487, 1511779, 487, 1779
3, 152, 1520487, 1521779, 487, 1779
3, 153, 1530487, 1532197, 487, 2197
3, 154, 1540487, 1542158, 487, 2158
3, 155, 1550487, 1552158, 487, 2158
3, 156, 1560487, 1562197, 487, 2197
3, 157, 1570487, 1571779, 487, 1779
3, 158, 1580487, 1581779, 487, 1779
3, 159, 1590487, 1592197, 487, 2197
3, 16, 160487, 161779, 487, 1779
3, 160, 1600487, 1602440, 487, 2440
3, 161, 1610487, 1611779, 487, 1779
3, 162, 1620487, 1622197, 487, 2197
3, 163, 1630487, 1631779, 487, 1779
3, 164, 1640487, 1641779, 487, 1779
3, 17, 170487, 172158, 487, 2158
3, 18, 180487, 182197, 487, 2197
3, 19, 190487, 191779, 487, 1779
3, 2, 20487, 21779, 487, 1779
3, 20, 200487, 202158, 487, 2158
3, 21, 210487, 212197, 487, 2197
3, 22, 220487, 222158, 487, 2158
3, 23, 230487, 231779, 487, 1779
3, 24, 240487, 242197, 487, 2197
3, 25, 250487, 252158, 487, 2158
3, 26, 260487, 261779, 487, 1779
3, 27, 270487, 272197, 487, 2197
3, 28, 280487, 282158, 487, 2158
3, 29, 290487, 291779, 487, 1779
3, 3, 30487, 32197, 487, 2197
3, 30, 300487, 302574, 487, 2574
3, 31, 310487, 311779, 487, 1779
3, 32, 320487, 321779, 487, 1779
3, 33, 330487, 332602, 487, 2602
3, 34, 340487, 341779, 487, 1779
3, 35, 350487, 352158, 487, 2158
3, 36, 360487, 362197, 487, 2197
3, 37, 370487, 371779, 487, 1779
3, 38, 380487, 381779, 487, 1779
3, 39, 390487, 392602, 487, 2602
3, 4, 40487, 41779, 487, 1779
3, 40, 400487, 402158, 487, 2158
3, 41, 410487, 411779, 487, 1779
3, 42, 420487, 422197, 487, 2197
3, 43, 430487, 431779, 487, 1779
3, 44, 440487, 442158, 487, 2158
3, 45, 450487, 452574, 487, 2574
3, 46, 460487, 461779, 487, 1779
3, 47, 470487, 471779, 487, 1779
3, 48, 480487, 482197, 487, 2197
3, 49, 490487, 491779, 487, 1779
3, 5, 50487, 52158, 487, 2158
3, 50, 500487, 502440, 487, 2440
3, 51, 510487, 512197, 487, 2197
3, 52, 520487, 521779, 487, 1779
3, 53, 530487, 531779, 487, 1779
3, 54, 540487, 542197, 487, 2197
3, 55, 550487, 552440, 487, 2440
3, 56, 560487, 561779, 487, 1779
3, 57, 570487, 572197, 487, 2197
3, 58, 580487, 581779, 487, 1779
3, 59, 590487, 591779, 487, 1779
3, 6, 60487, 62602, 487, 2602
3, 60, 600487, 602574, 487, 2574
3, 61, 610487, 612158, 487, 2158
3, 62, 620487, 621779, 487, 1779
3, 63, 630487, 632197, 487, 2197
3, 64, 640487, 641779, 487, 1779
3, 65, 650487, 652158, 487, 2158
3, 66, 660487, 662602, 487, 2602
3, 67, 670487, 671779, 487, 1779
3, 68, 680487, 681779, 487, 1779
3, 69, 690487, 692197, 487, 2197
3, 7, 70487, 71779, 487, 1779
3, 70, 700487, 702158, 487, 2158
3, 71, 710487, 711779, 487, 1779
3, 72, 720487, 722602, 487, 2602
3, 73, 730487, 731779, 487, 1779
3, 74, 740487, 741779, 487, 1779
3, 75, 750487, 752574, 487, 2574
3, 76, 760487, 761779, 487, 1779
3, 77, 770487, 772158, 487, 2158
3, 78, 780487, 782197, 487, 2197
3, 79, 790487, 791779, 487, 1779
3, 8, 80487, 81779, 487, 1779
3, 80, 800487, 802158, 487, 2158
3, 81, 810487, 812197, 487, 2197
3, 82, 820487, 821779, 487, 1779
3, 83, 830487, 832158, 487, 2158
3, 84, 840487, 842197, 487, 2197
3, 85, 850487, 852158, 487, 2158
3, 86, 860487, 861779, 487, 1779
3, 87, 870487, 872197, 487, 2197
3, 88, 880487, 882158, 487, 2158
3, 89, 890487, 891779, 487, 1779
3, 9, 90487, 92197, 487, 2197
3, 90, 900487, 902574, 487, 2574
3, 91, 910487, 911779, 487, 1779
3, 92, 920487, 921779, 487, 1779
3, 93, 930487, 932197, 487, 2197
3, 94, 940487, 942158, 487, 2158
3, 95, 950487, 952158, 487, 2158
3, 96, 960487, 962197, 487, 2197
3, 97, 970487, 971779, 487, 1779
3, 98, 980487, 981779, 487, 1779
3, 99, 990487, 992602, 487, 2602
4, 0, 509, 3007, 509, 3007
4, 1, 10509, 11816, 509, 1816
4, 10, 100509, 102158, 509, 2158
4, 100, 1000509, 1002158, 509, 2158
4, 101, 1010509, 1011816, 509, 1816
4, 102, 1020509, 1022234, 509, 2234
4, 103, 1030509, 1031816, 509, 1816
4, 104, 1040509, 1041816, 509, 1816
4, 105, 1050509, 1052872, 509, 2872
4, 106, 1060509, 1061816, 509, 1816
4, 107, 1070509, 1071816, 509, 1816
4, 108, 1080509, 1082234, 509, 2234
4, 109, 1090509, 1091816, 509, 1816
4, 11, 110509, 112158, 509, 2158
4, 110, 1100509, 1102477, 509, 2477
4, 111, 1110509, 1112234, 509, 2234
4, 112, 1120509, 1121816, 509, 1816
4, 113, 1130509, 1131816, 509, 1816
4, 114, 1140509, 1142234, 509, 2234
4, 115, 1150509, 1152158, 509, 2158
4, 116, 1160509, 1162158, 509, 2158
4, 117, 1170509, 1172234, 509, 2234
4, 118, 1180509, 1181816, 509, 1816
4, 119, 1190509, 1191816, 509, 1816
4, 12, 120509, 122234, 509, 2234
4, 120, 1200509, 1202611, 509, 2611
4, 121, 1210509, 1212158, 509, 2158
4, 122, 1220509, 1221816, 509, 1816
4, 123, 1230509, 1232234, 509, 2234
4, 124, 1240509, 1241816, 509, 1816
4, 125, 1250509, 1252158, 509, 2158
4, 126, 1260509, 1262234, 509, 2234
4, 127, 1270509, 1272158, 509, 2158
4, 128, 1280509, 1281816, 509, 1816
4, 129, 1290509, 1292234, 509, 2234
4, 13, 130509, 131816, 509, 1816
4, 130, 1300509, 1302158, 509, 2158
4, 131, 1310509, 1311816, 509, 1816
4, 132, 1320509, 1322639, 509, 2639
4, 133, 1330509, 1331816, 509, 1816
4, 134, 1340509, 1341816, 509, 1816
4, 135, 1350509, 1352611, 509, 2611
4, 136, 1360509, 1361816, 509, 1816
4, 137, 1370509, 1371816, 509, 1816
4, 138, 1380509, 1382639, 509, 2639
4, 139, 1390509, 1391816, 509, 1816
4, 14, 140509, 141816, 509, 1816
4, 140, 1400509, 1402158, 509, 2158
4, 141, 1410509, 1412234, 509, 2234
4, 142, 1420509, 1421816, 509, 1816
4, 143, 1430509, 1432158, 509, 2158
4, 144, 1440509, 1442234, 509, 2234
4, 145, 1450509, 1452158, 509, 2158
4, 146, 1460509, 1461816, 509, 1816
4, 147, 1470509, 1472234, 509, 2234
4, 148, 1480509, 1481816, 509, 1816
4, 149, 1490509, 1492158, 509, 2158
4, 15, 150509, 152611, 509, 2611
4, 150, 1500509, 1502611, 509, 2611
4, 151, 1510509, 1511816, 509, 1816
4, 152, 1520509, 1521816, 509, 1816
4, 153, 1530509, 1532234, 509, 2234
4, 154, 1540509, 1542158, 509, 2158
4, 155, 1550509, 1552158, 509, 2158
4, 156, 1560509, 1562234, 509, 2234
4, 157, 1570509, 1571816, 509, 1816
4, 158, 1580509, 1581816, 509, 1816
4, 159, 1590509, 1592234, 509, 2234
4, 16, 160509, 161816, 509, 1816
4, 160, 1600509, 1602477, 509, 2477
4, 161, 1610509, 1611816, 509, 1816
4, 162, 1620509, 1622234, 509, 2234
4, 163, 1630509, 1631816, 509, 1816
4, 164, 1640509, 1641816, 509, 1816
4, 17, 170509, 172158, 509, 2158
4, 18, 180509, 182234, 509, 2234
4, 19, 190509, 191816, 509, 1816
4, 2, 20509, 21816, 509, 1816
4, 20, 200509, 202158, 509, 2158
4, 21, 210509, 212234, 509, 2234
4, 22, 220509, 222158, 509, 2158
4, 23, 230509, 231816, 509, 1816
4, 24, 240509, 242234, 509, 2234
4, 25, 250509, 252158, 509, 2158
4, 26, 260509, 261816, 509, 1816
4, 27, 270509, 272234, 509, 2234
4, 28, 280509, 282158, 509, 2158
4, 29, 290509, 291816, 509, 1816
4, 3, 30509, 32234, 509, 2234
4, 30, 300509, 302611, 509, 2611
4, 31, 310509, 311816, 509, 1816
4, 32, 320509, 321816, 509, 1816
4, 33, 330509, 332639, 509, 2639
4, 34, 340509, 341816, 509, 1816
4, 35, 350509, 352158, 509, 2158
4, 36, 360509, 362234, 509, 2234
4, 37, 370509, 371816, 509, 1816
4, 38, 380509, 381816, 509, 1816
4, 39, 390509, 392639, 509, 2639
4, 4, 40509, 41816, 509, 1816
4, 40, 400509, 402158, 509, 2158
4, 41, 410509, 411816, 509, 1816
4, 42, 420509, 422234, 509, 2234
4, 43, 430509, 431816, 509, 1816
4, 44, 440509, 442158, 509, 2158
4, 45, 450509, 452611, 509, 2611
4, 46, 460509, 461816, 509, 1816
4, 47, 470509, 471816, 509, 1816
4, 48, 480509, 482234, 509, 2234
4, 49, 490509, 491816, 509, 1816
4, 5, 50509, 52158, 509, 2158
4, 50, 500509, 502477, 509, 2477
4, 51, 510509, 512234, 509, 2234
4, 52, 520509, 521816, 509, 1816
4, 53, 530509, 531816, 509, 1816
4, 54, 540509, 542234, 509, 2234
4, 55, 550509, 552477, 509, 2477
4, 56, 560509, 561816, 509, 1816
4, 57, 570509, 572234, 509, 2234
4, 58, 580509, 581816, 509, 1816
4, 59, 590509, 591816, 509, 1816
4, 6, 60509, 62639, 509, 2639
4, 60, 600509, 602611, 509, 2611
4, 61, 610509, 612158, 509, 2158
4, 62, 620509, 621816, 509, 1816
4, 63, 630509, 632234, 509, 2234
4, 64, 640509, 641816, 509, 1816
4, 65, 650509, 652158, 509, 2158
4, 66, 660509, 662639, 509, 2639
4, 67, 670509, 671816, 509, 1816
4, 68, 680509, 681816, 509, 1816
4, 69, 690509, 692234, 509, 2234
4, 7, 70509, 71816, 509, 1816
4, 70, 700509, 702158, 509, 2158
4, 71, 710509, 711816, 509, 1816
4, 72, 720509, 722639, 509, 2639
4, 73, 730509, 731816, 509, 1816
4, 74, 740509, 741816, 509, 1816
4, 75, 750509, 752611, 509, 2611
4, 76, 760509, 761816, 509, 1816
4, 77, 770509, 772158, 509, 2158
4, 78, 780509, 782234, 509, 2234
4, 79, 790509, 791816, 509, 1816
4, 8, 80509, 81816, 509, 1816
4, 80, 800509, 802158, 509, 2158
4, 81, 810509, 812234, 509, 2234
4, 82, 820509, 821816, 509, 1816
4, 83, 830509, 832158, 509, 2158
4, 84, 840509, 842234, 509, 2234
4, 85, 850509, 852158, 509, 2158
4, 86, 860509, 861816, 509, 1816
4, 87, 870509, 872234, 509, 2234
4, 88, 880509, 882158, 509, 2158
4, 89, 890509, 891816, 509, 1816
4, 9, 90509, 92234, 509, 2234
4, 90, 900509, 902611, 509, 2611
4, 91, 910509, 911816, 509, 1816
4, 92, 920509, 921816, 509, 1816
4, 93, 930509, 932234, 509, 2234
4, 94, 940509, 942158, 509, 2158
4, 95, 950509, 952158, 509, 2158
4, 96, 960509, 962234, 509, 2234
4, 97, 970509, 971816, 509, 1816
4, 98, 980509, 981816, 509, 1816
4, 99, 990509, 992639, 509, 2639
5, 0, 282, 3286, 282, 3286
5, 1, 10282, 11580, 282, 1580
5, 10, 100282, 101816, 282, 1816
5, 100, 1000282, 1001816, 282, 1816
5, 101, 1010282, 1011580, 282, 1580
5, 102, 1020282, 1022017, 282, 2017
5, 103, 1030282, 1031580, 282, 1580
5, 104, 1040282, 1041580, 282, 1580
5, 105, 1050282, 1052628, 282, 2628
5, 106, 1060282, 1061580, 282, 1580
5, 107, 1070282, 1071580, 282, 1580
5, 108, 1080282, 1082017, 282, 2017
5, 109, 1090282, 1091580, 282, 1580
5, 11, 110282, 111816, 282, 1816
5, 110, 1100282, 1102232, 282, 2232
5, 111, 1110282, 1112017, 282, 2017
5, 112, 1120282, 1121580, 282, 1580
5, 113, 1130282, 1131580, 282, 1580
5, 114, 1140282, 1142017, 282, 2017
5, 115, 1150282, 1151816, 282, 1816
5, 116, 1160282, 1161816, 282, 1816
5, 117, 1170282, 1172017, 282, 2017
5, 118, 1180282, 1181580, 282, 1580
5, 119, 1190282, 1191580, 282, 1580
5, 12, 120282, 122017, 282, 2017
5, 120, 1200282, 1202260, 282, 2260
5, 121, 1210282, 1211816, 282, 1816
5, 122, 1220282, 1221580, 282, 1580
5, 123, 1230282, 1232017, 282, 2017
5, 124, 1240282, 1241580, 282, 1580
5, 125, 1250282, 1251816, 282, 1816
5, 126, 1260282, 1262017, 282, 2017
5, 127, 1270282, 1271816, 282, 1816
5, 128, 1280282, 1281580, 282, 1580
5, 129, 1290282, 1292017, 282, 2017
5, 13, 130282, 131580, 282, 1580
5, 130, 1300282, 1301816, 282, 1816
5, 131, 1310282, 1311580, 282, 1580
5, 132, 1320282, 1322653, 282, 2653
5, 133, 1330282, 1331580, 282, 1580
5, 134, 1340282, 1341580, 282, 1580
5, 135, 1350282, 1352260, 282, 2260
5, 136, 1360282, 1361580, 282, 1580
5, 137, 1370282, 1371580, 282, 1580
5, 138, 1380282, 1382493, 282, 2493
5, 139, 1390282, 1391580, 282, 1580
5, 14, 140282, 141580, 282, 1580
5, 140, 1400282, 1401816, 282, 1816
5, 141, 1410282, 1412017, 282, 2017
5, 142, 1420282, 1421580, 282, 1580
5, 143, 1430282, 1431816, 282, 1816
5, 144, 1440282, 1442017, 282, 2017
5, 145, 1450282, 1451816, 282, 1816
5, 146, 1460282, 1461580, 282, 1580
5, 147, 1470282, 1472017, 282, 2017
5, 148, 1480282, 1481580, 282, 1580
5, 149, 1490282, 1491816, 282, 1816
5, 15, 150282, 152260, 282, 2260
5, 150, 1500282, 1502260, 282, 2260
5, 151, 1510282, 1511580, 282, 1580
5, 152, 1520282, 1521580, 282, 1580
5, 153, 1530282, 1532017, 282, 2017
5, 154, 1540282, 1541816, 282, 1816
5, 155, 1550282, 1551816, 282, 1816
5, 156, 1560282, 1562017, 282, 2017
5, 157, 1570282, 1571580, 282, 1580
5, 158, 1580282, 1581580, 282, 1580
5, 159, 1590282, 1592017, 282, 2017
5, 16, 160282, 161580, 282, 1580
5, 160, 1600282, 1602232, 282, 2232
5, 161, 1610282, 1611580, 282, 1580
5, 162, 1620282, 1622017, 282, 2017
5, 163, 1630282, 1631580, 282, 1580
5, 164, 1640282, 1641580, 282, 1580
5, 17, 170282, 171816, 282, 1816
5, 18, 180282, 182017, 282, 2017
5, 19, 190282, 191580, 282, 1580
5, 2, 20282, 21580, 282, 1580
5, 20, 200282, 201816, 282, 1816
5, 21, 210282, 212017, 282, 2017
5, 22, 220282, 221816, 282, 1816
5, 23, 230282, 231580, 282, 1580
5, 24, 240282, 242017, 282, 2017
5, 25, 250282, 251816, 282, 1816
5, 26, 260282, 261580, 282, 1580
5, 27, 270282, 272017, 282, 2017
5, 28, 280282, 281816, 282, 1816
5, 29, 290282, 291580, 282, 1580
5, 3, 30282, 32017, 282, 2017
5, 30, 300282, 302260, 282, 2260
5, 31, 310282, 311580, 282, 1580
5, 32, 320282, 321580, 282, 1580
5, 33, 330282, 332653, 282, 2653
5, 34, 340282, 341580, 282, 1580
5, 35, 350282, 351816, 282, 1816
5, 36, 360282, 362017, 282, 2017
5, 37, 370282, 371580, 282, 1580
5, 38, 380282, 381580, 282, 1580
5, 39, 390282, 392493, 282, 2493
5, 4, 40282, 41580, 282, 1580
5, 40, 400282, 401816, 282, 1816
5, 41, 410282, 411580, 282, 1580
5, 42, 420282, 422017, 282, 2017
5, 43, 430282, 431580, 282, 1580
5, 44, 440282, 441816, 282, 1816
5, 45, 450282, 452260, 282, 2260
5, 46, 460282, 461580, 282, 1580
5, 47, 470282, 471580, 282, 1580
5, 48, 480282, 482017, 282, 2017
5, 49, 490282, 491580, 282, 1580
5, 5, 50282, 51816, 282, 1816
5, 50, 500282, 502232, 282, 2232
5, 51, 510282, 512017, 282, 2017
5, 52, 520282, 521580, 282, 1580
5, 53, 530282, 531580, 282, 1580
5, 54, 540282, 542017, 282, 2017
5, 55, 550282, 552232, 282, 2232
5, 56, 560282, 561580, 282, 1580
5, 57, 570282, 572017, 282, 2017
5, 58, 580282, 581580, 282, 1580
5, 59, 590282, 591580, 282, 1580
5, 6, 60282, 62493, 282, 2493
5, 60, 600282, 602260, 282, 2260
5, 61, 610282, 611816, 282, 1816
5, 62, 620282, 621580, 282, 1580
5, 63, 630282, 632017, 282, 2017
5, 64, 640282, 641580, 282, 1580
5, 65, 650282, 651816, 282, 1816
5, 66, 660282, 662653, 282, 2653
5, 67, 670282, 671580, 282, 1580
5, 68, 680282, 681580, 282, 1580
5, 69, 690282, 692017, 282, 2017
5, 7, 70282, 71580, 282, 1580
5, 70, 700282, 701816, 282, 1816
5, 71, 710282, 711580, 282, 1580
5, 72, 720282, 722493, 282, 2493
5, 73, 730282, 731580, 282, 1580
5, 74, 740282, 741580, 282, 1580
5, 75, 750282, 752260, 282, 2260
5, 76, 760282, 761580, 282, 1580
5, 77, 770282, 771816, 282, 1816
5, 78, 780282, 782017, 282, 2017
5, 79, 790282, 791580, 282, 1580
5, 8, 80282, 81580, 282, 1580
5, 80, 800282, 801816, 282, 1816
5, 81, 810282, 812017, 282, 2017
5, 82, 820282, 821580, 282, 1580
5, 83, 830282, 831816, 282, 1816
5, 84, 840282, 842017, 282, 2017
5, 85, 850282, 851816, 282, 1816
5, 86, 860282, 861580, 282, 1580
5, 87, 870282, 872017, 282, 2017
5, 88, 880282, 881816, 282, 1816
5, 89, 890282, 891580, 282, 1580
5, 9, 90282, 92017, 282, 2017
5, 90, 900282, 902260, 282, 2260
5, 91, 910282, 911580, 282, 1580
5, 92, 920282, 921580, 282, 1580
5, 93, 930282, 932017, 282, 2017
5, 94, 940282, 941816, 282, 1816
5, 95, 950282, 951816, 282, 1816
5, 96, 960282, 962017, 282, 2017
5, 97, 970282, 971580, 282, 1580
5, 98, 980282, 981580, 282, 1580
5, 99, 990282, 992653, 282, 2653
6, 0, 379, 3485, 379, 3485
6, 1, 15379, 16381, 379, 1381
6, 10, 150379, 152589, 379, 2589
6, 100, 1500379, 1502589, 379, 2589
6, 101, 1515379, 1516381, 379, 1381
6, 102, 1530379, 1532185, 379, 2185
6, 103, 1545379, 1546381, 379, 1381
6, 104, 1560379, 1562185, 379, 2185
6, 105, 1575379, 1576381, 379, 1381
6, 106, 1590379, 1592185, 379, 2185
6, 107, 1605379, 1606381, 379, 1381
6, 108, 1620379, 1622185, 379, 2185
6, 109, 1635379, 1636381, 379, 1381
6, 11, 165379, 166381, 379, 1381
6, 12, 180379, 182185, 379, 2185
6, 13, 195379, 196381, 379, 1381
6, 14, 210379, 212185, 379, 2185
6, 15, 225379, 226381, 379, 1381
6, 16, 240379, 242185, 379, 2185
6, 17, 255379, 256381, 379, 1381
6, 18, 270379, 272185, 379, 2185
6, 19, 285379, 286381, 379, 1381
6, 2, 30379, 32185, 379, 2185
6, 20, 300379, 302589, 379, 2589
6, 21, 315379, 316381, 379, 1381
6, 22, 330379, 333008, 379, 3008
6, 23, 345379, 346381, 379, 1381
6, 24, 360379, 362185, 379, 2185
6, 25, 375379, 376381, 379, 1381
6, 26, 390379, 392655, 379, 2655
6, 27, 405379, 406381, 379, 1381
6, 28, 420379, 422185, 379, 2185
6, 29, 435379, 436381, 379, 1381
6, 3, 45379, 46381, 379, 1381
6, 30, 450379, 452589, 379, 2589
6, 31, 465379, 466381, 379, 1381
6, 32, 480379, 482185, 379, 2185
6, 33, 495379, 496381, 379, 1381
6, 34, 510379, 512185, 379, 2185
6, 35, 525379, 526381, 379, 1381
6, 36, 540379, 542185, 379, 2185
6, 37, 555379, 556381, 379, 1381
6, 38, 570379, 572185, 379, 2185
6, 39, 585379, 586381, 379, 1381
6, 4, 60379, 62655, 379, 2655
6, 40, 600379, 602589, 379, 2589
6, 41, 615379, 616381, 379, 1381
6, 42, 630379, 632185, 379, 2185
6, 43, 645379, 646381, 379, 1381
6, 44, 660379, 663008, 379, 3008
6, 45, 675379, 676381, 379, 1381
6, 46, 690379, 692185, 379, 2185
6, 47, 705379, 706381, 379, 1381
6, 48, 720379, 722655, 379, 2655
6, 49, 735379, 736381, 379, 1381
6, 5, 75379, 76381, 379, 1381
6, 50, 750379, 752589, 379, 2589
6, 51, 765379, 766381, 379, 1381
6, 52, 780379, 782185, 379, 2185
6, 53, 795379, 796381, 379, 1381
6, 54, 810379, 812185, 379, 2185
6, 55, 825379, 826381, 379, 1381
6, 56, 840379, 842185, 379, 2185
6, 57, 855379, 856381, 379, 1381
6, 58, 870379, 872185, 379, 2185
6, 59, 885379, 886381, 379, 1381
6, 6, 90379, 92185, 379, 2185
6, 60, 900379, 902589, 379, 2589
6, 61, 915379, 916381, 379, 1381
6, 62, 930379, 932185, 379, 2185
6, 63, 945379, 946381, 379, 1381
6, 64, 960379, 962185, 379, 2185
6, 65, 975379, 976381, 379, 1381
6, 66, 990379, 993008, 379, 3008
6, 67, 1005379, 1006381, 379, 1381
6, 68, 1020379, 1022185, 379, 2185
6, 69, 1035379, 1036381, 379, 1381
6, 7, 105379, 106381, 379, 1381
6, 70, 1050379, 1053124, 379, 3124
6, 71, 1065379, 1066381, 379, 1381
6, 72, 1080379, 1082185, 379, 2185
6, 73, 1095379, 1096381, 379, 1381
6, 74, 1110379, 1112185, 379, 2185
6, 75, 1125379, 1126381, 379, 1381
6, 76, 1140379, 1142185, 379, 2185
6, 77, 1155379, 1156381, 379, 1381
6, 78, 1170379, 1172185, 379, 2185
6, 79, 1185379, 1186381, 379, 1381
6, 8, 120379, 122185, 379, 2185
6, 80, 1200379, 1202589, 379, 2589
6, 81, 1215379, 1216381, 379, 1381
6, 82, 1230379, 1232185, 379, 2185
6, 83, 1245379, 1246381, 379, 1381
6, 84, 1260379, 1262185, 379, 2185
6, 85, 1275379, 1276381, 379, 1381
6, 86, 1290379, 1292185, 379, 2185
6, 87, 1305379, 1306381, 379, 1381
6, 88, 1320379, 1323008, 379, 3008
6, 89, 1335379, 1336381, 379, 1381
6, 9, 135379, 136381, 379, 1381
6, 90, 1350379, 1352589, 379, 2589
6, 91, 1365379, 1366381, 379, 1381
6, 92, 1380379, 1382655, 379, 2655
6, 93, 1395379, 1396381, 379, 1381
6, 94, 1410379, 1412185, 379, 2185
6, 95, 1425379, 1426381, 379, 1381
6, 96, 1440379, 1442185, 379, 2185
6, 97, 1455379, 1456381, 379, 1381
6, 98, 1470379, 1472185, 379, 2185
6, 99, 1485379, 1486381, 379, 1381
7, 0, 2834, 6955, 2834, 6955
7, 1, 17834, 20473, 2834, 5473
7, 10, 152834, 156486, 2834, 6486
7, 100, 1502834, 1506486, 2834, 6486
7, 101, 1517834, 1520473, 2834, 5473
7, 102, 1532834, 1536070, 2834, 6070
7, 103, 1547834, 1550473, 2834, 5473
7, 104, 1562834, 1566070, 2834, 6070
7, 105, 1577834, 1580473, 2834, 5473
7, 106, 1592834, 1596070, 2834, 6070
7, 107, 1607834, 1610473, 2834, 5473
7, 108, 1622834, 1626070, 2834, 6070
7, 109, 1637834, 1640473, 2834, 5473
7, 11, 167834, 170473, 2834, 5473
7, 12, 182834, 186070, 2834, 6070
7, 13, 197834, 200473, 2834, 5473
7, 14, 212834, 216070, 2834, 6070
7, 15, 227834, 230473, 2834, 5473
7, 16, 242834, 246070, 2834, 6070
7, 17, 257834, 260473, 2834, 5473
7, 18, 272834, 276070, 2834, 6070
7, 19, 287834, 290473, 2834, 5473
7, 2, 32834, 36070, 2834, 6070
7, 20, 302834, 306486, 2834, 6486
7, 21, 317834, 320473, 2834, 5473
7, 22, 332834, 336645, 2834, 6645
7, 23, 347834, 350473, 2834, 5473
7, 24, 362834, 366070, 2834, 6070
7, 25, 377834, 380473, 2834, 5473
7, 26, 392834, 396645, 2834, 6645
7, 27, 407834, 410473, 2834, 5473
7, 28, 422834, 426070, 2834, 6070
7, 29, 437834, 440473, 2834, 5473
7, 3, 47834, 50473, 2834, 5473
7, 30, 452834, 456486, 2834, 6486
7, 31, 467834, 470473, 2834, 5473
7, 32, 482834, 486070, 2834, 6070
7, 33, 497834, 500473, 2834, 5473
7, 34, 512834, 516070, 2834, 6070
7, 35, 527834, 530473, 2834, 5473
7, 36, 542834, 546070, 2834, 6070
7, 37, 557834, 560473, 2834, 5473
7, 38, 572834, 576070, 2834, 6070
7, 39, 587834, 590473, 2834, 5473
7, 4, 62834, 66645, 2834, 6645
7, 40, 602834, 606486, 2834, 6486
7, 41, 617834, 620473, 2834, 5473
7, 42, 632834, 636070, 2834, 6070
7, 43, 647834, 650473, 2834, 5473
7, 44, 662834, 666645, 2834, 6645
7, 45, 677834, 680473, 2834, 5473
7, 46, 692834, 696070, 2834, 6070
7, 47, 707834, 710473, 2834, 5473
7, 48, 722834, 726645, 2834, 6645
7, 49, 737834, 740473, 2834, 5473
7, 5, 77834, 80473, 2834, 5473
7, 50, 752834, 756486, 2834, 6486
7, 51, 767834, 770473, 2834, 5473
7, 52, 782834, 786070, 2834, 6070
7, 53, 797834, 800473, 2834, 5473
7, 54, 812834, 816070, 2834, 6070
7, 55, 827834, 830473, 2834, 5473
7, 56, 842834, 846070, 2834, 6070
7, 57, 857834, 860473, 2834, 5473
7, 58, 872834, 876070, 2834, 6070
7, 59, 887834, 890473, 2834, 5473
7, 6, 92834, 96070, 2834, 6070
7, 60, 902834, 906486, 2834, 6486
7, 61, 917834, 920473, 2834, 5473
7, 62, 932834, 936070, 2834, 6070
7, 63, 947834, 950473, 2834, 5473
7, 64, 962834, 966070, 2834, 6070
7, 65, 977834, 980473, 2834, 5473
7, 66, 992834, 996645, 2834, 6645
7, 67, 1007834, 1010473, 2834, 5473
7, 68, 1022834, 1026070, 2834, 6070
7, 69, 1037834, 1040473, 2834, 5473
7, 7, 107834, 110473, 2834, 5473
7, 70, 1052834, 1056747, 2834, 6747
7, 71, 1067834, 1070473, 2834, 5473
7, 72, 1082834, 1086070, 2834, 6070
7, 73, 1097834, 1100473, 2834, 5473
7, 74, 1112834, 1116070, 2834, 6070
7, 75, 1127834, 1130473, 2834, 5473
7, 76, 1142834, 1146070, 2834, 6070
7, 77, 1157834, 1160473, 2834, 5473
7, 78, 1172834, 1176070, 2834, 6070
7, 79, 1187834, 1190473, 2834, 5473
7, 8, 122834, 126070, 2834, 6070
7, 80, 1202834, 1206486, 2834, 6486
7, 81, 1217834, 1220473, 2834, 5473
7, 82, 1232834, 1236070, 2834, 6070
7, 83, 1247834, 1250473, 2834, 5473
7, 84, 1262834, 1266070, 2834, 6070
7, 85, 1277834, 1280473, 2834, 5473
7, 86, 1292834, 1296070, 2834, 6070
7, 87, 1307834, 1310473, 2834, 5473
7, 88, 1322834, 1326645, 2834, 6645
7, 89, 1337834, 1340473, 2834, 5473
7, 9, 137834, 140473, 2834, 5473
7, 90, 1352834, 1356486, 2834, 6486
7, 91, 1367834, 1370473, 2834, 5473
7, 92, 1382834, 1386645, 2834, 6645
7, 93, 1397834, 1400473, 2834, 5473
7, 94, 1412834, 1416070, 2834, 6070
7, 95, 1427834, 1430473, 2834, 5473
7, 96, 1442834, 1446070, 2834, 6070
7, 97, 1457834, 1460473, 2834, 5473
7, 98, 1472834, 1476070, 2834, 6070
7, 99, 1487834, 1490473, 2834, 5473
8, 0, 759, 3903, 759, 3903
8, 1, 50759, 53764, 759, 3764
8, 10, 500759, 503764, 759, 3764
8, 11, 550759, 553764, 759, 3764
8, 12, 600759, 603764, 759, 3764
8, 13, 650759, 653764, 759, 3764
8, 14, 700759, 703764, 759, 3764
8, 15, 750759, 753764, 759, 3764
8, 16, 800759, 803764, 759, 3764
8, 17, 850759, 853764, 759, 3764
8, 18, 900759, 903764, 759, 3764
8, 19, 950759, 953764, 759, 3764
8, 2, 100759, 103764, 759, 3764
8, 20, 1000759, 1003764, 759, 3764
8, 21, 1050759, 1053764, 759, 3764
8, 22, 1100759, 1103764, 759, 3764
8, 23, 1150759, 1153764, 759, 3764
8, 24, 1200759, 1203764, 759, 3764
8, 25, 1250759, 1253764, 759, 3764
8, 26, 1300759, 1303764, 759, 3764
8, 27, 1350759, 1353764, 759, 3764
8, 28, 1400759, 1403764, 759, 3764
8, 29, 1450759, 1453764, 759, 3764
8, 3, 150759, 153764, 759, 3764
8, 30, 1500759, 1503764, 759, 3764
8, 31, 1550759, 1553764, 759, 3764
8, 32, 1600759, 1603764, 759, 3764
8, 4, 200759, 203764, 759, 3764
8, 5, 250759, 253764, 759, 3764
8, 6, 300759, 303764, 759, 3764
8, 7, 350759, 353764, 759, 3764
8, 8, 400759, 403764, 759, 3764
8, 9, 450759, 453764, 759, 3764
9, 0, 2565, 7024, 2565, 7024
9, 1, 57565, 62024, 2565, 7024
9, 10, 552565, 557024, 2565, 7024
9, 11, 607565, 612024, 2565, 7024
9, 12, 662565, 667024, 2565, 7024
9, 13, 717565, 722024, 2565, 7024
9, 14, 772565, 777024, 2565, 7024
9, 15, 827565, 832024, 2565, 7024
9, 16, 882565, 887024, 2565, 7024
9, 17, 937565, 942024, 2565, 7024
9, 18, 992565, 997024, 2565, 7024
9, 19, 1047565, 1052024, 2565, 7024
9, 2, 112565, 117024, 2565, 7024
9, 20, 1102565, 1107024, 2565, 7024
9, 21, 1157565, 1162024, 2565, 7024
9, 22, 1212565, 1217024, 2565, 7024
9, 23, 1267565, 1272024, 2565, 7024
9, 24, 1322565, 1327024, 2565, 7024
9, 25, 1377565, 1382024, 2565, 7024
9, 26, 1432565, 1437024, 2565, 7024
9, 27, 1487565, 1492024, 2565, 7024
9, 28, 1542565, 1547024, 2565, 7024
9, 29, 1597565, 1602024, 2565, 7024
9, 3, 167565, 172024, 2565, 7024
9, 4, 222565, 227024, 2565, 7024
9, 5, 277565, 282024, 2565, 7024
9, 6, 332565, 337024, 2565, 7024
9, 7, 387565, 392024, 2565, 7024
9, 8, 442565, 447024, 2565, 7024
9, 9, 497565, 502024, 2565, 7024
