Task ID, Job ID, BCCT, WCCT, BCRT, WCRT
0, 0, 30, 124, 30, 124
0, 1, 130, 169, 30, 69
0, 10, 1030, 1055, 30, 55
0, 100, 0, 9223372036854775807, 0, 9223372036854765807
0, 101, 0, 9223372036854775807, 0, 9223372036854765707
0, 102, 0, 9223372036854775807, 0, 9223372036854765607
0, 103, 0, 9223372036854775807, 0, 9223372036854765507
0, 104, 0, 9223372036854775807, 0, 9223372036854765407
0, 105, 0, 9223372036854775807, 0, 9223372036854765307
0, 106, 0, 9223372036854775807, 0, 9223372036854765207
0, 107, 0, 9223372036854775807, 0, 9223372036854765107
0, 108, 0, 9223372036854775807, 0, 9223372036854765007
0, 109, 0, 9223372036854775807, 0, 9223372036854764907
0, 11, 1130, 1155, 30, 55
0, 110, 0, 9223372036854775807, 0, 9223372036854764807
0, 111, 0, 9223372036854775807, 0, 9223372036854764707
0, 112, 0, 9223372036854775807, 0, 9223372036854764607
0, 113, 0, 9223372036854775807, 0, 9223372036854764507
0, 114, 0, 9223372036854775807, 0, 9223372036854764407
0, 115, 0, 9223372036854775807, 0, 9223372036854764307
0, 116, 0, 9223372036854775807, 0, 9223372036854764207
0, 117, 0, 9223372036854775807, 0, 9223372036854764107
0, 118, 0, 9223372036854775807, 0, 9223372036854764007
0, 119, 0, 9223372036854775807, 0, 9223372036854763907
0, 12, 1230, 1255, 30, 55
0, 120, 0, 9223372036854775807, 0, 9223372036854763807
0, 121, 0, 9223372036854775807, 0, 9223372036854763707
0, 122, 0, 9223372036854775807, 0, 9223372036854763607
0, 123, 0, 9223372036854775807, 0, 9223372036854763507
0, 124, 0, 9223372036854775807, 0, 9223372036854763407
0, 125, 0, 9223372036854775807, 0, 9223372036854763307
0, 126, 0, 9223372036854775807, 0, 9223372036854763207
0, 127, 0, 9223372036854775807, 0, 9223372036854763107
0, 128, 0, 9223372036854775807, 0, 9223372036854763007
0, 129, 0, 9223372036854775807, 0, 9223372036854762907
0, 13, 1330, 1355, 30, 55
0, 130, 0, 9223372036854775807, 0, 9223372036854762807
0, 131, 0, 9223372036854775807, 0, 9223372036854762707
0, 132, 0, 9223372036854775807, 0, 9223372036854762607
0, 133, 0, 9223372036854775807, 0, 9223372036854762507
0, 134, 0, 9223372036854775807, 0, 9223372036854762407
0, 135, 0, 9223372036854775807, 0, 9223372036854762307
0, 136, 0, 9223372036854775807, 0, 9223372036854762207
0, 137, 0, 9223372036854775807, 0, 9223372036854762107
0, 138, 0, 9223372036854775807, 0, 9223372036854762007
0, 139, 0, 9223372036854775807, 0, 9223372036854761907
0, 14, 1430, 1455, 30, 55
0, 140, 0, 9223372036854775807, 0, 9223372036854761807
0, 141, 0, 9223372036854775807, 0, 9223372036854761707
0, 142, 0, 9223372036854775807, 0, 9223372036854761607
0, 143, 0, 9223372036854775807, 0, 9223372036854761507
0, 144, 0, 9223372036854775807, 0, 9223372036854761407
0, 145, 0, 9223372036854775807, 0, 9223372036854761307
0, 146, 0, 9223372036854775807, 0, 9223372036854761207
0, 147, 0, 9223372036854775807, 0, 9223372036854761107
0, 148, 0, 9223372036854775807, 0, 9223372036854761007
0, 149, 0, 9223372036854775807, 0, 9223372036854760907
0, 15, 1530, 1555, 30, 55
0, 150, 0, 9223372036854775807, 0, 9223372036854760807
0, 151, 0, 9223372036854775807, 0, 9223372036854760707
0, 152, 0, 9223372036854775807, 0, 9223372036854760607
0, 153, 0, 9223372036854775807, 0, 9223372036854760507
0, 154, 0, 9223372036854775807, 0, 9223372036854760407
0, 155, 0, 9223372036854775807, 0, 9223372036854760307
0, 156, 0, 9223372036854775807, 0, 9223372036854760207
0, 157, 0, 9223372036854775807, 0, 9223372036854760107
0, 158, 0, 9223372036854775807, 0, 9223372036854760007
0, 159, 0, 9223372036854775807, 0, 9223372036854759907
0, 16, 1630, 1655, 30, 55
0, 160, 0, 9223372036854775807, 0, 9223372036854759807
0, 161, 0, 9223372036854775807, 0, 9223372036854759707
0, 162, 0, 9223372036854775807, 0, 9223372036854759607
0, 163, 0, 9223372036854775807, 0, 9223372036854759507
0, 164, 0, 9223372036854775807, 0, 9223372036854759407
0, 165, 0, 9223372036854775807, 0, 9223372036854759307
0, 166, 0, 9223372036854775807, 0, 9223372036854759207
0, 167, 0, 9223372036854775807, 0, 9223372036854759107
0, 168, 0, 9223372036854775807, 0, 9223372036854759007
0, 169, 0, 9223372036854775807, 0, 9223372036854758907
0, 17, 1730, 1755, 30, 55
0, 170, 0, 9223372036854775807, 0, 9223372036854758807
0, 171, 0, 9223372036854775807, 0, 9223372036854758707
0, 172, 0, 9223372036854775807, 0, 9223372036854758607
0, 173, 0, 9223372036854775807, 0, 9223372036854758507
0, 174, 0, 9223372036854775807, 0, 9223372036854758407
0, 175, 0, 9223372036854775807, 0, 9223372036854758307
0, 176, 0, 9223372036854775807, 0, 9223372036854758207
0, 177, 0, 9223372036854775807, 0, 9223372036854758107
0, 178, 0, 9223372036854775807, 0, 9223372036854758007
0, 179, 0, 9223372036854775807, 0, 9223372036854757907
0, 18, 1830, 1855, 30, 55
0, 180, 0, 9223372036854775807, 0, 9223372036854757807
0, 181, 0, 9223372036854775807, 0, 9223372036854757707
0, 182, 0, 9223372036854775807, 0, 9223372036854757607
0, 183, 0, 9223372036854775807, 0, 9223372036854757507
0, 184, 0, 9223372036854775807, 0, 9223372036854757407
0, 185, 0, 9223372036854775807, 0, 9223372036854757307
0, 186, 0, 9223372036854775807, 0, 9223372036854757207
0, 187, 0, 9223372036854775807, 0, 9223372036854757107
0, 188, 0, 9223372036854775807, 0, 9223372036854757007
0, 189, 0, 9223372036854775807, 0, 9223372036854756907
0, 19, 1930, 1955, 30, 55
0, 190, 0, 9223372036854775807, 0, 9223372036854756807
0, 191, 0, 9223372036854775807, 0, 9223372036854756707
0, 192, 0, 9223372036854775807, 0, 9223372036854756607
0, 193, 0, 9223372036854775807, 0, 9223372036854756507
0, 194, 0, 9223372036854775807, 0, 9223372036854756407
0, 195, 0, 9223372036854775807, 0, 9223372036854756307
0, 196, 0, 9223372036854775807, 0, 9223372036854756207
0, 197, 0, 9223372036854775807, 0, 9223372036854756107
0, 198, 0, 9223372036854775807, 0, 9223372036854756007
0, 199, 0, 9223372036854775807, 0, 9223372036854755907
0, 2, 230, 275, 30, 75
0, 20, 2030, 2057, 30, 57
0, 200, 0, 9223372036854775807, 0, 9223372036854755807
0, 201, 0, 9223372036854775807, 0, 9223372036854755707
0, 202, 0, 9223372036854775807, 0, 9223372036854755607
0, 203, 0, 9223372036854775807, 0, 9223372036854755507
0, 204, 0, 9223372036854775807, 0, 9223372036854755407
0, 205, 0, 9223372036854775807, 0, 9223372036854755307
0, 206, 0, 9223372036854775807, 0, 9223372036854755207
0, 207, 0, 9223372036854775807, 0, 9223372036854755107
0, 208, 0, 9223372036854775807, 0, 9223372036854755007
0, 209, 0, 9223372036854775807, 0, 9223372036854754907
0, 21, 2130, 2155, 30, 55
0, 210, 0, 9223372036854775807, 0, 9223372036854754807
0, 211, 0, 9223372036854775807, 0, 9223372036854754707
0, 212, 0, 9223372036854775807, 0, 9223372036854754607
0, 213, 0, 9223372036854775807, 0, 9223372036854754507
0, 214, 0, 9223372036854775807, 0, 9223372036854754407
0, 215, 0, 9223372036854775807, 0, 9223372036854754307
0, 216, 0, 9223372036854775807, 0, 9223372036854754207
0, 217, 0, 9223372036854775807, 0, 9223372036854754107
0, 218, 0, 9223372036854775807, 0, 9223372036854754007
0, 219, 0, 9223372036854775807, 0, 9223372036854753907
0, 22, 2230, 2255, 30, 55
0, 220, 0, 9223372036854775807, 0, 9223372036854753807
0, 221, 0, 9223372036854775807, 0, 9223372036854753707
0, 222, 0, 9223372036854775807, 0, 9223372036854753607
0, 223, 0, 9223372036854775807, 0, 9223372036854753507
0, 224, 0, 9223372036854775807, 0, 9223372036854753407
0, 225, 0, 9223372036854775807, 0, 9223372036854753307
0, 226, 0, 9223372036854775807, 0, 9223372036854753207
0, 227, 0, 9223372036854775807, 0, 9223372036854753107
0, 228, 0, 9223372036854775807, 0, 9223372036854753007
0, 229, 0, 9223372036854775807, 0, 9223372036854752907
0, 23, 2330, 2355, 30, 55
0, 230, 0, 9223372036854775807, 0, 9223372036854752807
0, 231, 0, 9223372036854775807, 0, 9223372036854752707
0, 232, 0, 9223372036854775807, 0, 9223372036854752607
0, 233, 0, 9223372036854775807, 0, 9223372036854752507
0, 234, 0, 9223372036854775807, 0, 9223372036854752407
0, 235, 0, 9223372036854775807, 0, 9223372036854752307
0, 236, 0, 9223372036854775807, 0, 9223372036854752207
0, 237, 0, 9223372036854775807, 0, 9223372036854752107
0, 238, 0, 9223372036854775807, 0, 9223372036854752007
0, 239, 0, 9223372036854775807, 0, 9223372036854751907
0, 24, 2430, 2455, 30, 55
0, 240, 0, 9223372036854775807, 0, 9223372036854751807
0, 241, 0, 9223372036854775807, 0, 9223372036854751707
0, 242, 0, 9223372036854775807, 0, 9223372036854751607
0, 243, 0, 9223372036854775807, 0, 9223372036854751507
0, 244, 0, 9223372036854775807, 0, 9223372036854751407
0, 245, 0, 9223372036854775807, 0, 9223372036854751307
0, 246, 0, 9223372036854775807, 0, 9223372036854751207
0, 247, 0, 9223372036854775807, 0, 9223372036854751107
0, 248, 0, 9223372036854775807, 0, 9223372036854751007
0, 249, 0, 9223372036854775807, 0, 9223372036854750907
0, 25, 2530, 2555, 30, 55
0, 250, 0, 9223372036854775807, 0, 9223372036854750807
0, 251, 0, 9223372036854775807, 0, 9223372036854750707
0, 252, 0, 9223372036854775807, 0, 9223372036854750607
0, 253, 0, 9223372036854775807, 0, 9223372036854750507
0, 254, 0, 9223372036854775807, 0, 9223372036854750407
0, 255, 0, 9223372036854775807, 0, 9223372036854750307
0, 256, 0, 9223372036854775807, 0, 9223372036854750207
0, 257, 0, 9223372036854775807, 0, 9223372036854750107
0, 258, 0, 9223372036854775807, 0, 9223372036854750007
0, 259, 0, 9223372036854775807, 0, 9223372036854749907
0, 26, 2630, 2655, 30, 55
0, 260, 0, 9223372036854775807, 0, 9223372036854749807
0, 261, 0, 9223372036854775807, 0, 9223372036854749707
0, 262, 0, 9223372036854775807, 0, 9223372036854749607
0, 263, 0, 9223372036854775807, 0, 9223372036854749507
0, 264, 0, 9223372036854775807, 0, 9223372036854749407
0, 265, 0, 9223372036854775807, 0, 9223372036854749307
0, 266, 0, 9223372036854775807, 0, 9223372036854749207
0, 267, 0, 9223372036854775807, 0, 9223372036854749107
0, 268, 0, 9223372036854775807, 0, 9223372036854749007
0, 269, 0, 9223372036854775807, 0, 9223372036854748907
0, 27, 2730, 2755, 30, 55
0, 270, 0, 9223372036854775807, 0, 9223372036854748807
0, 271, 0, 9223372036854775807, 0, 9223372036854748707
0, 272, 0, 9223372036854775807, 0, 9223372036854748607
0, 273, 0, 9223372036854775807, 0, 9223372036854748507
0, 274, 0, 9223372036854775807, 0, 9223372036854748407
0, 275, 0, 9223372036854775807, 0, 9223372036854748307
0, 276, 0, 9223372036854775807, 0, 9223372036854748207
0, 277, 0, 9223372036854775807, 0, 9223372036854748107
0, 278, 0, 9223372036854775807, 0, 9223372036854748007
0, 279, 0, 9223372036854775807, 0, 9223372036854747907
0, 28, 2830, 2855, 30, 55
0, 280, 0, 9223372036854775807, 0, 9223372036854747807
0, 281, 0, 9223372036854775807, 0, 9223372036854747707
0, 282, 0, 9223372036854775807, 0, 9223372036854747607
0, 283, 0, 9223372036854775807, 0, 9223372036854747507
0, 284, 0, 9223372036854775807, 0, 9223372036854747407
0, 285, 0, 9223372036854775807, 0, 9223372036854747307
0, 286, 0, 9223372036854775807, 0, 9223372036854747207
0, 287, 0, 9223372036854775807, 0, 9223372036854747107
0, 288, 0, 9223372036854775807, 0, 9223372036854747007
0, 289, 0, 9223372036854775807, 0, 9223372036854746907
0, 29, 2930, 2955, 30, 55
0, 290, 0, 9223372036854775807, 0, 9223372036854746807
0, 291, 0, 9223372036854775807, 0, 9223372036854746707
0, 292, 0, 9223372036854775807, 0, 9223372036854746607
0, 293, 0, 9223372036854775807, 0, 9223372036854746507
0, 294, 0, 9223372036854775807, 0, 9223372036854746407
0, 295, 0, 9223372036854775807, 0, 9223372036854746307
0, 296, 0, 9223372036854775807, 0, 9223372036854746207
0, 297, 0, 9223372036854775807, 0, 9223372036854746107
0, 298, 0, 9223372036854775807, 0, 9223372036854746007
0, 299, 0, 9223372036854775807, 0, 9223372036854745907
0, 3, 330, 355, 30, 55
0, 30, 3030, 3055, 30, 55
0, 300, 0, 9223372036854775807, 0, 9223372036854745807
0, 301, 0, 9223372036854775807, 0, 9223372036854745707
0, 302, 0, 9223372036854775807, 0, 9223372036854745607
0, 303, 0, 9223372036854775807, 0, 9223372036854745507
0, 304, 0, 9223372036854775807, 0, 9223372036854745407
0, 305, 0, 9223372036854775807, 0, 9223372036854745307
0, 306, 0, 9223372036854775807, 0, 9223372036854745207
0, 307, 0, 9223372036854775807, 0, 9223372036854745107
0, 308, 0, 9223372036854775807, 0, 9223372036854745007
0, 309, 0, 9223372036854775807, 0, 9223372036854744907
0, 31, 3130, 3155, 30, 55
0, 310, 0, 9223372036854775807, 0, 9223372036854744807
0, 311, 0, 9223372036854775807, 0, 9223372036854744707
0, 312, 0, 9223372036854775807, 0, 9223372036854744607
0, 313, 0, 9223372036854775807, 0, 9223372036854744507
0, 314, 0, 9223372036854775807, 0, 9223372036854744407
0, 315, 0, 9223372036854775807, 0, 9223372036854744307
0, 316, 0, 9223372036854775807, 0, 9223372036854744207
0, 317, 0, 9223372036854775807, 0, 9223372036854744107
0, 318, 0, 9223372036854775807, 0, 9223372036854744007
0, 319, 0, 9223372036854775807, 0, 9223372036854743907
0, 32, 3230, 3255, 30, 55
0, 320, 0, 9223372036854775807, 0, 9223372036854743807
0, 321, 0, 9223372036854775807, 0, 9223372036854743707
0, 322, 0, 9223372036854775807, 0, 9223372036854743607
0, 323, 0, 9223372036854775807, 0, 9223372036854743507
0, 324, 0, 9223372036854775807, 0, 9223372036854743407
0, 325, 0, 9223372036854775807, 0, 9223372036854743307
0, 326, 0, 9223372036854775807, 0, 9223372036854743207
0, 327, 0, 9223372036854775807, 0, 9223372036854743107
0, 328, 0, 9223372036854775807, 0, 9223372036854743007
0, 329, 0, 9223372036854775807, 0, 9223372036854742907
0, 33, 3330, 3355, 30, 55
0, 330, 0, 9223372036854775807, 0, 9223372036854742807
0, 331, 0, 9223372036854775807, 0, 9223372036854742707
0, 332, 0, 9223372036854775807, 0, 9223372036854742607
0, 333, 0, 9223372036854775807, 0, 9223372036854742507
0, 334, 0, 9223372036854775807, 0, 9223372036854742407
0, 335, 0, 9223372036854775807, 0, 9223372036854742307
0, 336, 0, 9223372036854775807, 0, 9223372036854742207
0, 337, 0, 9223372036854775807, 0, 9223372036854742107
0, 338, 0, 9223372036854775807, 0, 9223372036854742007
0, 339, 0, 9223372036854775807, 0, 9223372036854741907
0, 34, 3430, 3455, 30, 55
0, 340, 0, 9223372036854775807, 0, 9223372036854741807
0, 341, 0, 9223372036854775807, 0, 9223372036854741707
0, 342, 0, 9223372036854775807, 0, 9223372036854741607
0, 343, 0, 9223372036854775807, 0, 9223372036854741507
0, 344, 0, 9223372036854775807, 0, 9223372036854741407
0, 345, 0, 9223372036854775807, 0, 9223372036854741307
0, 346, 0, 9223372036854775807, 0, 9223372036854741207
0, 347, 0, 9223372036854775807, 0, 9223372036854741107
0, 348, 0, 9223372036854775807, 0, 9223372036854741007
0, 349, 0, 9223372036854775807, 0, 9223372036854740907
0, 35, 3530, 3555, 30, 55
0, 350, 0, 9223372036854775807, 0, 9223372036854740807
0, 351, 0, 9223372036854775807, 0, 9223372036854740707
0, 352, 0, 9223372036854775807, 0, 9223372036854740607
0, 353, 0, 9223372036854775807, 0, 9223372036854740507
0, 354, 0, 9223372036854775807, 0, 9223372036854740407
0, 355, 0, 9223372036854775807, 0, 9223372036854740307
0, 356, 0, 9223372036854775807, 0, 9223372036854740207
0, 357, 0, 9223372036854775807, 0, 9223372036854740107
0, 358, 0, 9223372036854775807, 0, 9223372036854740007
0, 359, 0, 9223372036854775807, 0, 9223372036854739907
0, 36, 3630, 3655, 30, 55
0, 360, 0, 9223372036854775807, 0, 9223372036854739807
0, 361, 0, 9223372036854775807, 0, 9223372036854739707
0, 362, 0, 9223372036854775807, 0, 9223372036854739607
0, 363, 0, 9223372036854775807, 0, 9223372036854739507
0, 364, 0, 9223372036854775807, 0, 9223372036854739407
0, 365, 0, 9223372036854775807, 0, 9223372036854739307
0, 366, 0, 9223372036854775807, 0, 9223372036854739207
0, 367, 0, 9223372036854775807, 0, 9223372036854739107
0, 368, 0, 9223372036854775807, 0, 9223372036854739007
0, 369, 0, 9223372036854775807, 0, 9223372036854738907
0, 37, 3730, 3755, 30, 55
0, 370, 0, 9223372036854775807, 0, 9223372036854738807
0, 371, 0, 9223372036854775807, 0, 9223372036854738707
0, 372, 0, 9223372036854775807, 0, 9223372036854738607
0, 373, 0, 9223372036854775807, 0, 9223372036854738507
0, 374, 0, 9223372036854775807, 0, 9223372036854738407
0, 375, 0, 9223372036854775807, 0, 9223372036854738307
0, 376, 0, 9223372036854775807, 0, 9223372036854738207
0, 377, 0, 9223372036854775807, 0, 9223372036854738107
0, 378, 0, 9223372036854775807, 0, 9223372036854738007
0, 379, 0, 9223372036854775807, 0, 9223372036854737907
0, 38, 3830, 3855, 30, 55
0, 380, 0, 9223372036854775807, 0, 9223372036854737807
0, 381, 0, 9223372036854775807, 0, 9223372036854737707
0, 382, 0, 9223372036854775807, 0, 9223372036854737607
0, 383, 0, 9223372036854775807, 0, 9223372036854737507
0, 384, 0, 9223372036854775807, 0, 9223372036854737407
0, 385, 0, 9223372036854775807, 0, 9223372036854737307
0, 386, 0, 9223372036854775807, 0, 9223372036854737207
0, 387, 0, 9223372036854775807, 0, 9223372036854737107
0, 388, 0, 9223372036854775807, 0, 9223372036854737007
0, 389, 0, 9223372036854775807, 0, 9223372036854736907
0, 39, 3930, 3955, 30, 55
0, 390, 0, 9223372036854775807, 0, 9223372036854736807
0, 391, 0, 9223372036854775807, 0, 9223372036854736707
0, 392, 0, 9223372036854775807, 0, 9223372036854736607
0, 393, 0, 9223372036854775807, 0, 9223372036854736507
0, 394, 0, 9223372036854775807, 0, 9223372036854736407
0, 395, 0, 9223372036854775807, 0, 9223372036854736307
0, 396, 0, 9223372036854775807, 0, 9223372036854736207
0, 397, 0, 9223372036854775807, 0, 9223372036854736107
0, 398, 0, 9223372036854775807, 0, 9223372036854736007
0, 399, 0, 9223372036854775807, 0, 9223372036854735907
0, 4, 430, 457, 30, 57
0, 40, 4030, 4057, 30, 57
0, 400, 0, 9223372036854775807, 0, 9223372036854735807
0, 401, 0, 9223372036854775807, 0, 9223372036854735707
0, 402, 0, 9223372036854775807, 0, 9223372036854735607
0, 403, 0, 9223372036854775807, 0, 9223372036854735507
0, 404, 0, 9223372036854775807, 0, 9223372036854735407
0, 405, 0, 9223372036854775807, 0, 9223372036854735307
0, 406, 0, 9223372036854775807, 0, 9223372036854735207
0, 407, 0, 9223372036854775807, 0, 9223372036854735107
0, 408, 0, 9223372036854775807, 0, 9223372036854735007
0, 409, 0, 9223372036854775807, 0, 9223372036854734907
0, 41, 4130, 4155, 30, 55
0, 410, 0, 9223372036854775807, 0, 9223372036854734807
0, 411, 0, 9223372036854775807, 0, 9223372036854734707
0, 412, 0, 9223372036854775807, 0, 9223372036854734607
0, 413, 0, 9223372036854775807, 0, 9223372036854734507
0, 414, 0, 9223372036854775807, 0, 9223372036854734407
0, 415, 0, 9223372036854775807, 0, 9223372036854734307
0, 416, 0, 9223372036854775807, 0, 9223372036854734207
0, 417, 0, 9223372036854775807, 0, 9223372036854734107
0, 418, 0, 9223372036854775807, 0, 9223372036854734007
0, 419, 0, 9223372036854775807, 0, 9223372036854733907
0, 42, 4230, 4255, 30, 55
0, 420, 0, 9223372036854775807, 0, 9223372036854733807
0, 421, 0, 9223372036854775807, 0, 9223372036854733707
0, 422, 0, 9223372036854775807, 0, 9223372036854733607
0, 423, 0, 9223372036854775807, 0, 9223372036854733507
0, 424, 0, 9223372036854775807, 0, 9223372036854733407
0, 425, 0, 9223372036854775807, 0, 9223372036854733307
0, 426, 0, 9223372036854775807, 0, 9223372036854733207
0, 427, 0, 9223372036854775807, 0, 9223372036854733107
0, 428, 0, 9223372036854775807, 0, 9223372036854733007
0, 429, 0, 9223372036854775807, 0, 9223372036854732907
0, 43, 4330, 4355, 30, 55
0, 430, 0, 9223372036854775807, 0, 9223372036854732807
0, 431, 0, 9223372036854775807, 0, 9223372036854732707
0, 432, 0, 9223372036854775807, 0, 9223372036854732607
0, 433, 0, 9223372036854775807, 0, 9223372036854732507
0, 434, 0, 9223372036854775807, 0, 9223372036854732407
0, 435, 0, 9223372036854775807, 0, 9223372036854732307
0, 436, 0, 9223372036854775807, 0, 9223372036854732207
0, 437, 0, 9223372036854775807, 0, 9223372036854732107
0, 438, 0, 9223372036854775807, 0, 9223372036854732007
0, 439, 0, 9223372036854775807, 0, 9223372036854731907
0, 44, 4430, 4455, 30, 55
0, 440, 0, 9223372036854775807, 0, 9223372036854731807
0, 441, 0, 9223372036854775807, 0, 9223372036854731707
0, 442, 0, 9223372036854775807, 0, 9223372036854731607
0, 443, 0, 9223372036854775807, 0, 9223372036854731507
0, 444, 0, 9223372036854775807, 0, 9223372036854731407
0, 445, 0, 9223372036854775807, 0, 9223372036854731307
0, 446, 0, 9223372036854775807, 0, 9223372036854731207
0, 447, 0, 9223372036854775807, 0, 9223372036854731107
0, 448, 0, 9223372036854775807, 0, 9223372036854731007
0, 449, 0, 9223372036854775807, 0, 9223372036854730907
0, 45, 4530, 4555, 30, 55
0, 450, 0, 9223372036854775807, 0, 9223372036854730807
0, 451, 0, 9223372036854775807, 0, 9223372036854730707
0, 452, 0, 9223372036854775807, 0, 9223372036854730607
0, 453, 0, 9223372036854775807, 0, 9223372036854730507
0, 454, 0, 9223372036854775807, 0, 9223372036854730407
0, 455, 0, 9223372036854775807, 0, 9223372036854730307
0, 456, 0, 9223372036854775807, 0, 9223372036854730207
0, 457, 0, 9223372036854775807, 0, 9223372036854730107
0, 458, 0, 9223372036854775807, 0, 9223372036854730007
0, 459, 0, 9223372036854775807, 0, 9223372036854729907
0, 46, 4630, 4655, 30, 55
0, 460, 0, 9223372036854775807, 0, 9223372036854729807
0, 461, 0, 9223372036854775807, 0, 9223372036854729707
0, 462, 0, 9223372036854775807, 0, 9223372036854729607
0, 463, 0, 9223372036854775807, 0, 9223372036854729507
0, 464, 0, 9223372036854775807, 0, 9223372036854729407
0, 465, 0, 9223372036854775807, 0, 9223372036854729307
0, 466, 0, 9223372036854775807, 0, 9223372036854729207
0, 467, 0, 9223372036854775807, 0, 9223372036854729107
0, 468, 0, 9223372036854775807, 0, 9223372036854729007
0, 469, 0, 9223372036854775807, 0, 9223372036854728907
0, 47, 4730, 4755, 30, 55
0, 470, 0, 9223372036854775807, 0, 9223372036854728807
0, 471, 0, 9223372036854775807, 0, 9223372036854728707
0, 472, 0, 9223372036854775807, 0, 9223372036854728607
0, 473, 0, 9223372036854775807, 0, 9223372036854728507
0, 474, 0, 9223372036854775807, 0, 9223372036854728407
0, 475, 0, 9223372036854775807, 0, 9223372036854728307
0, 476, 0, 9223372036854775807, 0, 9223372036854728207
0, 477, 0, 9223372036854775807, 0, 9223372036854728107
0, 478, 0, 9223372036854775807, 0, 9223372036854728007
0, 479, 0, 9223372036854775807, 0, 9223372036854727907
0, 48, 4830, 4855, 30, 55
0, 480, 0, 9223372036854775807, 0, 9223372036854727807
0, 481, 0, 9223372036854775807, 0, 9223372036854727707
0, 482, 0, 9223372036854775807, 0, 9223372036854727607
0, 483, 0, 9223372036854775807, 0, 9223372036854727507
0, 484, 0, 9223372036854775807, 0, 9223372036854727407
0, 485, 0, 9223372036854775807, 0, 9223372036854727307
0, 486, 0, 9223372036854775807, 0, 9223372036854727207
0, 487, 0, 9223372036854775807, 0, 9223372036854727107
0, 488, 0, 9223372036854775807, 0, 9223372036854727007
0, 489, 0, 9223372036854775807, 0, 9223372036854726907
0, 49, 4930, 4955, 30, 55
0, 490, 0, 9223372036854775807, 0, 9223372036854726807
0, 491, 0, 9223372036854775807, 0, 9223372036854726707
0, 492, 0, 9223372036854775807, 0, 9223372036854726607
0, 493, 0, 9223372036854775807, 0, 9223372036854726507
0, 494, 0, 9223372036854775807, 0, 9223372036854726407
0, 495, 0, 9223372036854775807, 0, 9223372036854726307
0, 496, 0, 9223372036854775807, 0, 9223372036854726207
0, 497, 0, 9223372036854775807, 0, 9223372036854726107
0, 498, 0, 9223372036854775807, 0, 9223372036854726007
0, 499, 0, 9223372036854775807, 0, 9223372036854725907
0, 5, 530, 555, 30, 55
0, 50, 5030, 5057, 30, 57
0, 500, 0, 9223372036854775807, 0, 9223372036854725807
0, 501, 0, 9223372036854775807, 0, 9223372036854725707
0, 502, 0, 9223372036854775807, 0, 9223372036854725607
0, 503, 0, 9223372036854775807, 0, 9223372036854725507
0, 504, 0, 9223372036854775807, 0, 9223372036854725407
0, 505, 0, 9223372036854775807, 0, 9223372036854725307
0, 506, 0, 9223372036854775807, 0, 9223372036854725207
0, 507, 0, 9223372036854775807, 0, 9223372036854725107
0, 508, 0, 9223372036854775807, 0, 9223372036854725007
0, 509, 0, 9223372036854775807, 0, 9223372036854724907
0, 51, 5130, 5155, 30, 55
0, 510, 0, 9223372036854775807, 0, 9223372036854724807
0, 511, 0, 9223372036854775807, 0, 9223372036854724707
0, 512, 0, 9223372036854775807, 0, 9223372036854724607
0, 513, 0, 9223372036854775807, 0, 9223372036854724507
0, 514, 0, 9223372036854775807, 0, 9223372036854724407
0, 515, 0, 9223372036854775807, 0, 9223372036854724307
0, 516, 0, 9223372036854775807, 0, 9223372036854724207
0, 517, 0, 9223372036854775807, 0, 9223372036854724107
0, 518, 0, 9223372036854775807, 0, 9223372036854724007
0, 519, 0, 9223372036854775807, 0, 9223372036854723907
0, 52, 5230, 5255, 30, 55
0, 520, 0, 9223372036854775807, 0, 9223372036854723807
0, 521, 0, 9223372036854775807, 0, 9223372036854723707
0, 522, 0, 9223372036854775807, 0, 9223372036854723607
0, 523, 0, 9223372036854775807, 0, 9223372036854723507
0, 524, 0, 9223372036854775807, 0, 9223372036854723407
0, 525, 0, 9223372036854775807, 0, 9223372036854723307
0, 526, 0, 9223372036854775807, 0, 9223372036854723207
0, 527, 0, 9223372036854775807, 0, 9223372036854723107
0, 528, 0, 9223372036854775807, 0, 9223372036854723007
0, 529, 0, 9223372036854775807, 0, 9223372036854722907
0, 53, 0, 9223372036854775807, 0, 9223372036854770507
0, 530, 0, 9223372036854775807, 0, 9223372036854722807
0, 531, 0, 9223372036854775807, 0, 9223372036854722707
0, 532, 0, 9223372036854775807, 0, 9223372036854722607
0, 533, 0, 9223372036854775807, 0, 9223372036854722507
0, 534, 0, 9223372036854775807, 0, 9223372036854722407
0, 535, 0, 9223372036854775807, 0, 9223372036854722307
0, 536, 0, 9223372036854775807, 0, 9223372036854722207
0, 537, 0, 9223372036854775807, 0, 9223372036854722107
0, 538, 0, 9223372036854775807, 0, 9223372036854722007
0, 539, 0, 9223372036854775807, 0, 9223372036854721907
0, 54, 0, 9223372036854775807, 0, 9223372036854770407
0, 540, 0, 9223372036854775807, 0, 9223372036854721807
0, 541, 0, 9223372036854775807, 0, 9223372036854721707
0, 542, 0, 9223372036854775807, 0, 9223372036854721607
0, 543, 0, 9223372036854775807, 0, 9223372036854721507
0, 544, 0, 9223372036854775807, 0, 9223372036854721407
0, 545, 0, 9223372036854775807, 0, 9223372036854721307
0, 546, 0, 9223372036854775807, 0, 9223372036854721207
0, 547, 0, 9223372036854775807, 0, 9223372036854721107
0, 548, 0, 9223372036854775807, 0, 9223372036854721007
0, 549, 0, 9223372036854775807, 0, 9223372036854720907
0, 55, 0, 9223372036854775807, 0, 9223372036854770307
0, 550, 0, 9223372036854775807, 0, 9223372036854720807
0, 551, 0, 9223372036854775807, 0, 9223372036854720707
0, 552, 0, 9223372036854775807, 0, 9223372036854720607
0, 553, 0, 9223372036854775807, 0, 9223372036854720507
0, 554, 0, 9223372036854775807, 0, 9223372036854720407
0, 555, 0, 9223372036854775807, 0, 9223372036854720307
0, 556, 0, 9223372036854775807, 0, 9223372036854720207
0, 557, 0, 9223372036854775807, 0, 9223372036854720107
0, 558, 0, 9223372036854775807, 0, 9223372036854720007
0, 559, 0, 9223372036854775807, 0, 9223372036854719907
0, 56, 0, 9223372036854775807, 0, 9223372036854770207
0, 560, 0, 9223372036854775807, 0, 9223372036854719807
0, 561, 0, 9223372036854775807, 0, 9223372036854719707
0, 562, 0, 9223372036854775807, 0, 9223372036854719607
0, 563, 0, 9223372036854775807, 0, 9223372036854719507
0, 564, 0, 9223372036854775807, 0, 9223372036854719407
0, 565, 0, 9223372036854775807, 0, 9223372036854719307
0, 566, 0, 9223372036854775807, 0, 9223372036854719207
0, 567, 0, 9223372036854775807, 0, 9223372036854719107
0, 568, 0, 9223372036854775807, 0, 9223372036854719007
0, 569, 0, 9223372036854775807, 0, 9223372036854718907
0, 57, 0, 9223372036854775807, 0, 9223372036854770107
0, 570, 0, 9223372036854775807, 0, 9223372036854718807
0, 571, 0, 9223372036854775807, 0, 9223372036854718707
0, 572, 0, 9223372036854775807, 0, 9223372036854718607
0, 573, 0, 9223372036854775807, 0, 9223372036854718507
0, 574, 0, 9223372036854775807, 0, 9223372036854718407
0, 575, 0, 9223372036854775807, 0, 9223372036854718307
0, 576, 0, 9223372036854775807, 0, 9223372036854718207
0, 577, 0, 9223372036854775807, 0, 9223372036854718107
0, 578, 0, 9223372036854775807, 0, 9223372036854718007
0, 579, 0, 9223372036854775807, 0, 9223372036854717907
0, 58, 0, 9223372036854775807, 0, 9223372036854770007
0, 580, 0, 9223372036854775807, 0, 9223372036854717807
0, 581, 0, 9223372036854775807, 0, 9223372036854717707
0, 582, 0, 9223372036854775807, 0, 9223372036854717607
0, 583, 0, 9223372036854775807, 0, 9223372036854717507
0, 584, 0, 9223372036854775807, 0, 9223372036854717407
0, 585, 0, 9223372036854775807, 0, 9223372036854717307
0, 586, 0, 9223372036854775807, 0, 9223372036854717207
0, 587, 0, 9223372036854775807, 0, 9223372036854717107
0, 588, 0, 9223372036854775807, 0, 9223372036854717007
0, 589, 0, 9223372036854775807, 0, 9223372036854716907
0, 59, 0, 9223372036854775807, 0, 9223372036854769907
0, 590, 0, 9223372036854775807, 0, 9223372036854716807
0, 591, 0, 9223372036854775807, 0, 9223372036854716707
0, 592, 0, 9223372036854775807, 0, 9223372036854716607
0, 593, 0, 9223372036854775807, 0, 9223372036854716507
0, 594, 0, 9223372036854775807, 0, 9223372036854716407
0, 595, 0, 9223372036854775807, 0, 9223372036854716307
0, 596, 0, 9223372036854775807, 0, 9223372036854716207
0, 597, 0, 9223372036854775807, 0, 9223372036854716107
0, 598, 0, 9223372036854775807, 0, 9223372036854716007
0, 599, 0, 9223372036854775807, 0, 9223372036854715907
0, 6, 630, 655, 30, 55
0, 60, 0, 9223372036854775807, 0, 9223372036854769807
0, 600, 0, 9223372036854775807, 0, 9223372036854715807
0, 601, 0, 9223372036854775807, 0, 9223372036854715707
0, 602, 0, 9223372036854775807, 0, 9223372036854715607
0, 603, 0, 9223372036854775807, 0, 9223372036854715507
0, 604, 0, 9223372036854775807, 0, 9223372036854715407
0, 605, 0, 9223372036854775807, 0, 9223372036854715307
0, 606, 0, 9223372036854775807, 0, 9223372036854715207
0, 607, 0, 9223372036854775807, 0, 9223372036854715107
0, 608, 0, 9223372036854775807, 0, 9223372036854715007
0, 609, 0, 9223372036854775807, 0, 9223372036854714907
0, 61, 0, 9223372036854775807, 0, 9223372036854769707
0, 610, 0, 9223372036854775807, 0, 9223372036854714807
0, 611, 0, 9223372036854775807, 0, 9223372036854714707
0, 612, 0, 9223372036854775807, 0, 9223372036854714607
0, 613, 0, 9223372036854775807, 0, 9223372036854714507
0, 614, 0, 9223372036854775807, 0, 9223372036854714407
0, 615, 0, 9223372036854775807, 0, 9223372036854714307
0, 616, 0, 9223372036854775807, 0, 9223372036854714207
0, 617, 0, 9223372036854775807, 0, 9223372036854714107
0, 618, 0, 9223372036854775807, 0, 9223372036854714007
0, 619, 0, 9223372036854775807, 0, 9223372036854713907
0, 62, 0, 9223372036854775807, 0, 9223372036854769607
0, 620, 0, 9223372036854775807, 0, 9223372036854713807
0, 621, 0, 9223372036854775807, 0, 9223372036854713707
0, 622, 0, 9223372036854775807, 0, 9223372036854713607
0, 623, 0, 9223372036854775807, 0, 9223372036854713507
0, 624, 0, 9223372036854775807, 0, 9223372036854713407
0, 625, 0, 9223372036854775807, 0, 9223372036854713307
0, 626, 0, 9223372036854775807, 0, 9223372036854713207
0, 627, 0, 9223372036854775807, 0, 9223372036854713107
0, 628, 0, 9223372036854775807, 0, 9223372036854713007
0, 629, 0, 9223372036854775807, 0, 9223372036854712907
0, 63, 0, 9223372036854775807, 0, 9223372036854769507
0, 630, 0, 9223372036854775807, 0, 9223372036854712807
0, 631, 0, 9223372036854775807, 0, 9223372036854712707
0, 632, 0, 9223372036854775807, 0, 9223372036854712607
0, 633, 0, 9223372036854775807, 0, 9223372036854712507
0, 634, 0, 9223372036854775807, 0, 9223372036854712407
0, 635, 0, 9223372036854775807, 0, 9223372036854712307
0, 636, 0, 9223372036854775807, 0, 9223372036854712207
0, 637, 0, 9223372036854775807, 0, 9223372036854712107
0, 638, 0, 9223372036854775807, 0, 9223372036854712007
0, 639, 0, 9223372036854775807, 0, 9223372036854711907
0, 64, 0, 9223372036854775807, 0, 9223372036854769407
0, 640, 0, 9223372036854775807, 0, 9223372036854711807
0, 641, 0, 9223372036854775807, 0, 9223372036854711707
0, 642, 0, 9223372036854775807, 0, 9223372036854711607
0, 643, 0, 9223372036854775807, 0, 9223372036854711507
0, 644, 0, 9223372036854775807, 0, 9223372036854711407
0, 645, 0, 9223372036854775807, 0, 9223372036854711307
0, 646, 0, 9223372036854775807, 0, 9223372036854711207
0, 647, 0, 9223372036854775807, 0, 9223372036854711107
0, 648, 0, 9223372036854775807, 0, 9223372036854711007
0, 649, 0, 9223372036854775807, 0, 9223372036854710907
0, 65, 0, 9223372036854775807, 0, 9223372036854769307
0, 650, 0, 9223372036854775807, 0, 9223372036854710807
0, 651, 0, 9223372036854775807, 0, 9223372036854710707
0, 652, 0, 9223372036854775807, 0, 9223372036854710607
0, 653, 0, 9223372036854775807, 0, 9223372036854710507
0, 654, 0, 9223372036854775807, 0, 9223372036854710407
0, 655, 0, 9223372036854775807, 0, 9223372036854710307
0, 656, 0, 9223372036854775807, 0, 9223372036854710207
0, 657, 0, 9223372036854775807, 0, 9223372036854710107
0, 658, 0, 9223372036854775807, 0, 9223372036854710007
0, 659, 0, 9223372036854775807, 0, 9223372036854709907
0, 66, 0, 9223372036854775807, 0, 9223372036854769207
0, 660, 0, 9223372036854775807, 0, 9223372036854709807
0, 661, 0, 9223372036854775807, 0, 9223372036854709707
0, 662, 0, 9223372036854775807, 0, 9223372036854709607
0, 663, 0, 9223372036854775807, 0, 9223372036854709507
0, 664, 0, 9223372036854775807, 0, 9223372036854709407
0, 665, 0, 9223372036854775807, 0, 9223372036854709307
0, 666, 0, 9223372036854775807, 0, 9223372036854709207
0, 667, 0, 9223372036854775807, 0, 9223372036854709107
0, 668, 0, 9223372036854775807, 0, 9223372036854709007
0, 669, 0, 9223372036854775807, 0, 9223372036854708907
0, 67, 0, 9223372036854775807, 0, 9223372036854769107
0, 670, 0, 9223372036854775807, 0, 9223372036854708807
0, 671, 0, 9223372036854775807, 0, 9223372036854708707
0, 672, 0, 9223372036854775807, 0, 9223372036854708607
0, 673, 0, 9223372036854775807, 0, 9223372036854708507
0, 674, 0, 9223372036854775807, 0, 9223372036854708407
0, 675, 0, 9223372036854775807, 0, 9223372036854708307
0, 676, 0, 9223372036854775807, 0, 9223372036854708207
0, 677, 0, 9223372036854775807, 0, 9223372036854708107
0, 678, 0, 9223372036854775807, 0, 9223372036854708007
0, 679, 0, 9223372036854775807, 0, 9223372036854707907
0, 68, 0, 9223372036854775807, 0, 9223372036854769007
0, 680, 0, 9223372036854775807, 0, 9223372036854707807
0, 681, 0, 9223372036854775807, 0, 9223372036854707707
0, 682, 0, 9223372036854775807, 0, 9223372036854707607
0, 683, 0, 9223372036854775807, 0, 9223372036854707507
0, 684, 0, 9223372036854775807, 0, 9223372036854707407
0, 685, 0, 9223372036854775807, 0, 9223372036854707307
0, 686, 0, 9223372036854775807, 0, 9223372036854707207
0, 687, 0, 9223372036854775807, 0, 9223372036854707107
0, 688, 0, 9223372036854775807, 0, 9223372036854707007
0, 689, 0, 9223372036854775807, 0, 9223372036854706907
0, 69, 0, 9223372036854775807, 0, 9223372036854768907
0, 690, 0, 9223372036854775807, 0, 9223372036854706807
0, 691, 0, 9223372036854775807, 0, 9223372036854706707
0, 692, 0, 9223372036854775807, 0, 9223372036854706607
0, 693, 0, 9223372036854775807, 0, 9223372036854706507
0, 694, 0, 9223372036854775807, 0, 9223372036854706407
0, 695, 0, 9223372036854775807, 0, 9223372036854706307
0, 696, 0, 9223372036854775807, 0, 9223372036854706207
0, 697, 0, 9223372036854775807, 0, 9223372036854706107
0, 698, 0, 9223372036854775807, 0, 9223372036854706007
0, 699, 0, 9223372036854775807, 0, 9223372036854705907
0, 7, 730, 755, 30, 55
0, 70, 0, 9223372036854775807, 0, 9223372036854768807
0, 700, 0, 9223372036854775807, 0, 9223372036854705807
0, 701, 0, 9223372036854775807, 0, 9223372036854705707
0, 702, 0, 9223372036854775807, 0, 9223372036854705607
0, 703, 0, 9223372036854775807, 0, 9223372036854705507
0, 704, 0, 9223372036854775807, 0, 9223372036854705407
0, 705, 0, 9223372036854775807, 0, 9223372036854705307
0, 706, 0, 9223372036854775807, 0, 9223372036854705207
0, 707, 0, 9223372036854775807, 0, 9223372036854705107
0, 708, 0, 9223372036854775807, 0, 9223372036854705007
0, 709, 0, 9223372036854775807, 0, 9223372036854704907
0, 71, 0, 9223372036854775807, 0, 9223372036854768707
0, 710, 0, 9223372036854775807, 0, 9223372036854704807
0, 711, 0, 9223372036854775807, 0, 9223372036854704707
0, 712, 0, 9223372036854775807, 0, 9223372036854704607
0, 713, 0, 9223372036854775807, 0, 9223372036854704507
0, 714, 0, 9223372036854775807, 0, 9223372036854704407
0, 715, 0, 9223372036854775807, 0, 9223372036854704307
0, 716, 0, 9223372036854775807, 0, 9223372036854704207
0, 717, 0, 9223372036854775807, 0, 9223372036854704107
0, 718, 0, 9223372036854775807, 0, 9223372036854704007
0, 719, 0, 9223372036854775807, 0, 9223372036854703907
0, 72, 0, 9223372036854775807, 0, 9223372036854768607
0, 720, 0, 9223372036854775807, 0, 9223372036854703807
0, 721, 0, 9223372036854775807, 0, 9223372036854703707
0, 722, 0, 9223372036854775807, 0, 9223372036854703607
0, 723, 0, 9223372036854775807, 0, 9223372036854703507
0, 724, 0, 9223372036854775807, 0, 9223372036854703407
0, 725, 0, 9223372036854775807, 0, 9223372036854703307
0, 726, 0, 9223372036854775807, 0, 9223372036854703207
0, 727, 0, 9223372036854775807, 0, 9223372036854703107
0, 728, 0, 9223372036854775807, 0, 9223372036854703007
0, 729, 0, 9223372036854775807, 0, 9223372036854702907
0, 73, 0, 9223372036854775807, 0, 9223372036854768507
0, 730, 0, 9223372036854775807, 0, 9223372036854702807
0, 731, 0, 9223372036854775807, 0, 9223372036854702707
0, 732, 0, 9223372036854775807, 0, 9223372036854702607
0, 733, 0, 9223372036854775807, 0, 9223372036854702507
0, 734, 0, 9223372036854775807, 0, 9223372036854702407
0, 735, 0, 9223372036854775807, 0, 9223372036854702307
0, 736, 0, 9223372036854775807, 0, 9223372036854702207
0, 737, 0, 9223372036854775807, 0, 9223372036854702107
0, 738, 0, 9223372036854775807, 0, 9223372036854702007
0, 739, 0, 9223372036854775807, 0, 9223372036854701907
0, 74, 0, 9223372036854775807, 0, 9223372036854768407
0, 740, 0, 9223372036854775807, 0, 9223372036854701807
0, 741, 0, 9223372036854775807, 0, 9223372036854701707
0, 742, 0, 9223372036854775807, 0, 9223372036854701607
0, 743, 0, 9223372036854775807, 0, 9223372036854701507
0, 744, 0, 9223372036854775807, 0, 9223372036854701407
0, 745, 0, 9223372036854775807, 0, 9223372036854701307
0, 746, 0, 9223372036854775807, 0, 9223372036854701207
0, 747, 0, 9223372036854775807, 0, 9223372036854701107
0, 748, 0, 9223372036854775807, 0, 9223372036854701007
0, 749, 0, 9223372036854775807, 0, 9223372036854700907
0, 75, 0, 9223372036854775807, 0, 9223372036854768307
0, 750, 0, 9223372036854775807, 0, 9223372036854700807
0, 751, 0, 9223372036854775807, 0, 9223372036854700707
0, 752, 0, 9223372036854775807, 0, 9223372036854700607
0, 753, 0, 9223372036854775807, 0, 9223372036854700507
0, 754, 0, 9223372036854775807, 0, 9223372036854700407
0, 755, 0, 9223372036854775807, 0, 9223372036854700307
0, 756, 0, 9223372036854775807, 0, 9223372036854700207
0, 757, 0, 9223372036854775807, 0, 9223372036854700107
0, 758, 0, 9223372036854775807, 0, 9223372036854700007
0, 759, 0, 9223372036854775807, 0, 9223372036854699907
0, 76, 0, 9223372036854775807, 0, 9223372036854768207
0, 760, 0, 9223372036854775807, 0, 9223372036854699807
0, 761, 0, 9223372036854775807, 0, 9223372036854699707
0, 762, 0, 9223372036854775807, 0, 9223372036854699607
0, 763, 0, 9223372036854775807, 0, 9223372036854699507
0, 764, 0, 9223372036854775807, 0, 9223372036854699407
0, 765, 0, 9223372036854775807, 0, 9223372036854699307
0, 766, 0, 9223372036854775807, 0, 9223372036854699207
0, 767, 0, 9223372036854775807, 0, 9223372036854699107
0, 768, 0, 9223372036854775807, 0, 9223372036854699007
0, 769, 0, 9223372036854775807, 0, 9223372036854698907
0, 77, 0, 9223372036854775807, 0, 9223372036854768107
0, 770, 0, 9223372036854775807, 0, 9223372036854698807
0, 771, 0, 9223372036854775807, 0, 9223372036854698707
0, 772, 0, 9223372036854775807, 0, 9223372036854698607
0, 773, 0, 9223372036854775807, 0, 9223372036854698507
0, 774, 0, 9223372036854775807, 0, 9223372036854698407
0, 775, 0, 9223372036854775807, 0, 9223372036854698307
0, 776, 0, 9223372036854775807, 0, 9223372036854698207
0, 777, 0, 9223372036854775807, 0, 9223372036854698107
0, 778, 0, 9223372036854775807, 0, 9223372036854698007
0, 779, 0, 9223372036854775807, 0, 9223372036854697907
0, 78, 0, 9223372036854775807, 0, 9223372036854768007
0, 780, 0, 9223372036854775807, 0, 9223372036854697807
0, 781, 0, 9223372036854775807, 0, 9223372036854697707
0, 782, 0, 9223372036854775807, 0, 9223372036854697607
0, 783, 0, 9223372036854775807, 0, 9223372036854697507
0, 784, 0, 9223372036854775807, 0, 9223372036854697407
0, 785, 0, 9223372036854775807, 0, 9223372036854697307
0, 786, 0, 9223372036854775807, 0, 9223372036854697207
0, 787, 0, 9223372036854775807, 0, 9223372036854697107
0, 788, 0, 9223372036854775807, 0, 9223372036854697007
0, 789, 0, 9223372036854775807, 0, 9223372036854696907
0, 79, 0, 9223372036854775807, 0, 9223372036854767907
0, 790, 0, 9223372036854775807, 0, 9223372036854696807
0, 791, 0, 9223372036854775807, 0, 9223372036854696707
0, 792, 0, 9223372036854775807, 0, 9223372036854696607
0, 793, 0, 9223372036854775807, 0, 9223372036854696507
0, 794, 0, 9223372036854775807, 0, 9223372036854696407
0, 795, 0, 9223372036854775807, 0, 9223372036854696307
0, 796, 0, 9223372036854775807, 0, 9223372036854696207
0, 797, 0, 9223372036854775807, 0, 9223372036854696107
0, 798, 0, 9223372036854775807, 0, 9223372036854696007
0, 799, 0, 9223372036854775807, 0, 9223372036854695907
0, 8, 830, 855, 30, 55
0, 80, 0, 9223372036854775807, 0, 9223372036854767807
0, 800, 0, 9223372036854775807, 0, 9223372036854695807
0, 801, 0, 9223372036854775807, 0, 9223372036854695707
0, 802, 0, 9223372036854775807, 0, 9223372036854695607
0, 803, 0, 9223372036854775807, 0, 9223372036854695507
0, 804, 0, 9223372036854775807, 0, 9223372036854695407
0, 805, 0, 9223372036854775807, 0, 9223372036854695307
0, 806, 0, 9223372036854775807, 0, 9223372036854695207
0, 807, 0, 9223372036854775807, 0, 9223372036854695107
0, 808, 0, 9223372036854775807, 0, 9223372036854695007
0, 809, 0, 9223372036854775807, 0, 9223372036854694907
0, 81, 0, 9223372036854775807, 0, 9223372036854767707
0, 810, 0, 9223372036854775807, 0, 9223372036854694807
0, 811, 0, 9223372036854775807, 0, 9223372036854694707
0, 812, 0, 9223372036854775807, 0, 9223372036854694607
0, 813, 0, 9223372036854775807, 0, 9223372036854694507
0, 814, 0, 9223372036854775807, 0, 9223372036854694407
0, 815, 0, 9223372036854775807, 0, 9223372036854694307
0, 816, 0, 9223372036854775807, 0, 9223372036854694207
0, 817, 0, 9223372036854775807, 0, 9223372036854694107
0, 818, 0, 9223372036854775807, 0, 9223372036854694007
0, 819, 0, 9223372036854775807, 0, 9223372036854693907
0, 82, 0, 9223372036854775807, 0, 9223372036854767607
0, 820, 0, 9223372036854775807, 0, 9223372036854693807
0, 821, 0, 9223372036854775807, 0, 9223372036854693707
0, 822, 0, 9223372036854775807, 0, 9223372036854693607
0, 823, 0, 9223372036854775807, 0, 9223372036854693507
0, 824, 0, 9223372036854775807, 0, 9223372036854693407
0, 825, 0, 9223372036854775807, 0, 9223372036854693307
0, 826, 0, 9223372036854775807, 0, 9223372036854693207
0, 827, 0, 9223372036854775807, 0, 9223372036854693107
0, 828, 0, 9223372036854775807, 0, 9223372036854693007
0, 829, 0, 9223372036854775807, 0, 9223372036854692907
0, 83, 0, 9223372036854775807, 0, 9223372036854767507
0, 830, 0, 9223372036854775807, 0, 9223372036854692807
0, 831, 0, 9223372036854775807, 0, 9223372036854692707
0, 832, 0, 9223372036854775807, 0, 9223372036854692607
0, 833, 0, 9223372036854775807, 0, 9223372036854692507
0, 834, 0, 9223372036854775807, 0, 9223372036854692407
0, 835, 0, 9223372036854775807, 0, 9223372036854692307
0, 836, 0, 9223372036854775807, 0, 9223372036854692207
0, 837, 0, 9223372036854775807, 0, 9223372036854692107
0, 838, 0, 9223372036854775807, 0, 9223372036854692007
0, 839, 0, 9223372036854775807, 0, 9223372036854691907
0, 84, 0, 9223372036854775807, 0, 9223372036854767407
0, 840, 0, 9223372036854775807, 0, 9223372036854691807
0, 841, 0, 9223372036854775807, 0, 9223372036854691707
0, 842, 0, 9223372036854775807, 0, 9223372036854691607
0, 843, 0, 9223372036854775807, 0, 9223372036854691507
0, 844, 0, 9223372036854775807, 0, 9223372036854691407
0, 845, 0, 9223372036854775807, 0, 9223372036854691307
0, 846, 0, 9223372036854775807, 0, 9223372036854691207
0, 847, 0, 9223372036854775807, 0, 9223372036854691107
0, 848, 0, 9223372036854775807, 0, 9223372036854691007
0, 849, 0, 9223372036854775807, 0, 9223372036854690907
0, 85, 0, 9223372036854775807, 0, 9223372036854767307
0, 850, 0, 9223372036854775807, 0, 9223372036854690807
0, 851, 0, 9223372036854775807, 0, 9223372036854690707
0, 852, 0, 9223372036854775807, 0, 9223372036854690607
0, 853, 0, 9223372036854775807, 0, 9223372036854690507
0, 854, 0, 9223372036854775807, 0, 9223372036854690407
0, 855, 0, 9223372036854775807, 0, 9223372036854690307
0, 856, 0, 9223372036854775807, 0, 9223372036854690207
0, 857, 0, 9223372036854775807, 0, 9223372036854690107
0, 858, 0, 9223372036854775807, 0, 9223372036854690007
0, 859, 0, 9223372036854775807, 0, 9223372036854689907
0, 86, 0, 9223372036854775807, 0, 9223372036854767207
0, 860, 0, 9223372036854775807, 0, 9223372036854689807
0, 861, 0, 9223372036854775807, 0, 9223372036854689707
0, 862, 0, 9223372036854775807, 0, 9223372036854689607
0, 863, 0, 9223372036854775807, 0, 9223372036854689507
0, 864, 0, 9223372036854775807, 0, 9223372036854689407
0, 865, 0, 9223372036854775807, 0, 9223372036854689307
0, 866, 0, 9223372036854775807, 0, 9223372036854689207
0, 867, 0, 9223372036854775807, 0, 9223372036854689107
0, 868, 0, 9223372036854775807, 0, 9223372036854689007
0, 869, 0, 9223372036854775807, 0, 9223372036854688907
0, 87, 0, 9223372036854775807, 0, 9223372036854767107
0, 870, 0, 9223372036854775807, 0, 9223372036854688807
0, 871, 0, 9223372036854775807, 0, 9223372036854688707
0, 872, 0, 9223372036854775807, 0, 9223372036854688607
0, 873, 0, 9223372036854775807, 0, 9223372036854688507
0, 874, 0, 9223372036854775807, 0, 9223372036854688407
0, 875, 0, 9223372036854775807, 0, 9223372036854688307
0, 876, 0, 9223372036854775807, 0, 9223372036854688207
0, 877, 0, 9223372036854775807, 0, 9223372036854688107
0, 878, 0, 9223372036854775807, 0, 9223372036854688007
0, 879, 0, 9223372036854775807, 0, 9223372036854687907
0, 88, 0, 9223372036854775807, 0, 9223372036854767007
0, 880, 0, 9223372036854775807, 0, 9223372036854687807
0, 881, 0, 9223372036854775807, 0, 9223372036854687707
0, 882, 0, 9223372036854775807, 0, 9223372036854687607
0, 883, 0, 9223372036854775807, 0, 9223372036854687507
0, 884, 0, 9223372036854775807, 0, 9223372036854687407
0, 885, 0, 9223372036854775807, 0, 9223372036854687307
0, 886, 0, 9223372036854775807, 0, 9223372036854687207
0, 887, 0, 9223372036854775807, 0, 9223372036854687107
0, 888, 0, 9223372036854775807, 0, 9223372036854687007
0, 889, 0, 9223372036854775807, 0, 9223372036854686907
0, 89, 0, 9223372036854775807, 0, 9223372036854766907
0, 890, 0, 9223372036854775807, 0, 9223372036854686807
0, 891, 0, 9223372036854775807, 0, 9223372036854686707
0, 892, 0, 9223372036854775807, 0, 9223372036854686607
0, 893, 0, 9223372036854775807, 0, 9223372036854686507
0, 894, 0, 9223372036854775807, 0, 9223372036854686407
0, 895, 0, 9223372036854775807, 0, 9223372036854686307
0, 896, 0, 9223372036854775807, 0, 9223372036854686207
0, 897, 0, 9223372036854775807, 0, 9223372036854686107
0, 898, 0, 9223372036854775807, 0, 9223372036854686007
0, 899, 0, 9223372036854775807, 0, 9223372036854685907
0, 9, 930, 955, 30, 55
0, 90, 0, 9223372036854775807, 0, 9223372036854766807
0, 900, 0, 9223372036854775807, 0, 9223372036854685807
0, 901, 0, 9223372036854775807, 0, 9223372036854685707
0, 902, 0, 9223372036854775807, 0, 9223372036854685607
0, 903, 0, 9223372036854775807, 0, 9223372036854685507
0, 904, 0, 9223372036854775807, 0, 9223372036854685407
0, 905, 0, 9223372036854775807, 0, 9223372036854685307
0, 906, 0, 9223372036854775807, 0, 9223372036854685207
0, 907, 0, 9223372036854775807, 0, 9223372036854685107
0, 908, 0, 9223372036854775807, 0, 9223372036854685007
0, 909, 0, 9223372036854775807, 0, 9223372036854684907
0, 91, 0, 9223372036854775807, 0, 9223372036854766707
0, 910, 0, 9223372036854775807, 0, 9223372036854684807
0, 911, 0, 9223372036854775807, 0, 9223372036854684707
0, 912, 0, 9223372036854775807, 0, 9223372036854684607
0, 913, 0, 9223372036854775807, 0, 9223372036854684507
0, 914, 0, 9223372036854775807, 0, 9223372036854684407
0, 915, 0, 9223372036854775807, 0, 9223372036854684307
0, 916, 0, 9223372036854775807, 0, 9223372036854684207
0, 917, 0, 9223372036854775807, 0, 9223372036854684107
0, 918, 0, 9223372036854775807, 0, 9223372036854684007
0, 919, 0, 9223372036854775807, 0, 9223372036854683907
0, 92, 0, 9223372036854775807, 0, 9223372036854766607
0, 920, 0, 9223372036854775807, 0, 9223372036854683807
0, 921, 0, 9223372036854775807, 0, 9223372036854683707
0, 922, 0, 9223372036854775807, 0, 9223372036854683607
0, 923, 0, 9223372036854775807, 0, 9223372036854683507
0, 924, 0, 9223372036854775807, 0, 9223372036854683407
0, 925, 0, 9223372036854775807, 0, 9223372036854683307
0, 926, 0, 9223372036854775807, 0, 9223372036854683207
0, 927, 0, 9223372036854775807, 0, 9223372036854683107
0, 928, 0, 9223372036854775807, 0, 9223372036854683007
0, 929, 0, 9223372036854775807, 0, 9223372036854682907
0, 93, 0, 9223372036854775807, 0, 9223372036854766507
0, 930, 0, 9223372036854775807, 0, 9223372036854682807
0, 931, 0, 9223372036854775807, 0, 9223372036854682707
0, 932, 0, 9223372036854775807, 0, 9223372036854682607
0, 933, 0, 9223372036854775807, 0, 9223372036854682507
0, 934, 0, 9223372036854775807, 0, 9223372036854682407
0, 935, 0, 9223372036854775807, 0, 9223372036854682307
0, 936, 0, 9223372036854775807, 0, 9223372036854682207
0, 937, 0, 9223372036854775807, 0, 9223372036854682107
0, 938, 0, 9223372036854775807, 0, 9223372036854682007
0, 939, 0, 9223372036854775807, 0, 9223372036854681907
0, 94, 0, 9223372036854775807, 0, 9223372036854766407
0, 940, 0, 9223372036854775807, 0, 9223372036854681807
0, 941, 0, 9223372036854775807, 0, 9223372036854681707
0, 942, 0, 9223372036854775807, 0, 9223372036854681607
0, 943, 0, 9223372036854775807, 0, 9223372036854681507
0, 944, 0, 9223372036854775807, 0, 9223372036854681407
0, 945, 0, 9223372036854775807, 0, 9223372036854681307
0, 946, 0, 9223372036854775807, 0, 9223372036854681207
0, 947, 0, 9223372036854775807, 0, 9223372036854681107
0, 948, 0, 9223372036854775807, 0, 9223372036854681007
0, 949, 0, 9223372036854775807, 0, 9223372036854680907
0, 95, 0, 9223372036854775807, 0, 9223372036854766307
0, 950, 0, 9223372036854775807, 0, 9223372036854680807
0, 951, 0, 9223372036854775807, 0, 9223372036854680707
0, 952, 0, 9223372036854775807, 0, 9223372036854680607
0, 953, 0, 9223372036854775807, 0, 9223372036854680507
0, 954, 0, 9223372036854775807, 0, 9223372036854680407
0, 955, 0, 9223372036854775807, 0, 9223372036854680307
0, 956, 0, 9223372036854775807, 0, 9223372036854680207
0, 957, 0, 9223372036854775807, 0, 9223372036854680107
0, 958, 0, 9223372036854775807, 0, 9223372036854680007
0, 959, 0, 9223372036854775807, 0, 9223372036854679907
0, 96, 0, 9223372036854775807, 0, 9223372036854766207
0, 960, 0, 9223372036854775807, 0, 9223372036854679807
0, 961, 0, 9223372036854775807, 0, 9223372036854679707
0, 962, 0, 9223372036854775807, 0, 9223372036854679607
0, 963, 0, 9223372036854775807, 0, 9223372036854679507
0, 964, 0, 9223372036854775807, 0, 9223372036854679407
0, 965, 0, 9223372036854775807, 0, 9223372036854679307
0, 966, 0, 9223372036854775807, 0, 9223372036854679207
0, 967, 0, 9223372036854775807, 0, 9223372036854679107
0, 968, 0, 9223372036854775807, 0, 9223372036854679007
0, 969, 0, 9223372036854775807, 0, 9223372036854678907
0, 97, 0, 9223372036854775807, 0, 9223372036854766107
0, 970, 0, 9223372036854775807, 0, 9223372036854678807
0, 971, 0, 9223372036854775807, 0, 9223372036854678707
0, 972, 0, 9223372036854775807, 0, 9223372036854678607
0, 973, 0, 9223372036854775807, 0, 9223372036854678507
0, 974, 0, 9223372036854775807, 0, 9223372036854678407
0, 975, 0, 9223372036854775807, 0, 9223372036854678307
0, 976, 0, 9223372036854775807, 0, 9223372036854678207
0, 977, 0, 9223372036854775807, 0, 9223372036854678107
0, 978, 0, 9223372036854775807, 0, 9223372036854678007
0, 979, 0, 9223372036854775807, 0, 9223372036854677907
0, 98, 0, 9223372036854775807, 0, 9223372036854766007
0, 980, 0, 9223372036854775807, 0, 9223372036854677807
0, 981, 0, 9223372036854775807, 0, 9223372036854677707
0, 982, 0, 9223372036854775807, 0, 9223372036854677607
0, 983, 0, 9223372036854775807, 0, 9223372036854677507
0, 984, 0, 9223372036854775807, 0, 9223372036854677407
0, 985, 0, 9223372036854775807, 0, 9223372036854677307
0, 986, 0, 9223372036854775807, 0, 9223372036854677207
0, 987, 0, 9223372036854775807, 0, 9223372036854677107
0, 988, 0, 9223372036854775807, 0, 9223372036854677007
0, 989, 0, 9223372036854775807, 0, 9223372036854676907
0, 99, 0, 9223372036854775807, 0, 9223372036854765907
0, 990, 0, 9223372036854775807, 0, 9223372036854676807
0, 991, 0, 9223372036854775807, 0, 9223372036854676707
0, 992, 0, 9223372036854775807, 0, 9223372036854676607
0, 993, 0, 9223372036854775807, 0, 9223372036854676507
0, 994, 0, 9223372036854775807, 0, 9223372036854676407
0, 995, 0, 9223372036854775807, 0, 9223372036854676307
0, 996, 0, 9223372036854775807, 0, 9223372036854676207
0, 997, 0, 9223372036854775807, 0, 9223372036854676107
0, 998, 0, 9223372036854775807, 0, 9223372036854676007
0, 999, 0, 9223372036854775807, 0, 9223372036854675907
1, 0, 13, 100, 13, 100
1, 1, 213, 281, 13, 81
1, 10, 2013, 2033, 13, 33
1, 100, 0, 9223372036854775807, 0, 9223372036854755807
1, 101, 0, 9223372036854775807, 0, 9223372036854755607
1, 102, 0, 9223372036854775807, 0, 9223372036854755407
1, 103, 0, 9223372036854775807, 0, 9223372036854755207
1, 104, 0, 9223372036854775807, 0, 9223372036854755007
1, 105, 0, 9223372036854775807, 0, 9223372036854754807
1, 106, 0, 9223372036854775807, 0, 9223372036854754607
1, 107, 0, 9223372036854775807, 0, 9223372036854754407
1, 108, 0, 9223372036854775807, 0, 9223372036854754207
1, 109, 0, 9223372036854775807, 0, 9223372036854754007
1, 11, 2213, 2231, 13, 31
1, 110, 0, 9223372036854775807, 0, 9223372036854753807
1, 111, 0, 9223372036854775807, 0, 9223372036854753607
1, 112, 0, 9223372036854775807, 0, 9223372036854753407
1, 113, 0, 9223372036854775807, 0, 9223372036854753207
1, 114, 0, 9223372036854775807, 0, 9223372036854753007
1, 115, 0, 9223372036854775807, 0, 9223372036854752807
1, 116, 0, 9223372036854775807, 0, 9223372036854752607
1, 117, 0, 9223372036854775807, 0, 9223372036854752407
1, 118, 0, 9223372036854775807, 0, 9223372036854752207
1, 119, 0, 9223372036854775807, 0, 9223372036854752007
1, 12, 2413, 2431, 13, 31
1, 120, 0, 9223372036854775807, 0, 9223372036854751807
1, 121, 0, 9223372036854775807, 0, 9223372036854751607
1, 122, 0, 9223372036854775807, 0, 9223372036854751407
1, 123, 0, 9223372036854775807, 0, 9223372036854751207
1, 124, 0, 9223372036854775807, 0, 9223372036854751007
1, 125, 0, 9223372036854775807, 0, 9223372036854750807
1, 126, 0, 9223372036854775807, 0, 9223372036854750607
1, 127, 0, 9223372036854775807, 0, 9223372036854750407
1, 128, 0, 9223372036854775807, 0, 9223372036854750207
1, 129, 0, 9223372036854775807, 0, 9223372036854750007
1, 13, 2613, 2631, 13, 31
1, 130, 0, 9223372036854775807, 0, 9223372036854749807
1, 131, 0, 9223372036854775807, 0, 9223372036854749607
1, 132, 0, 9223372036854775807, 0, 9223372036854749407
1, 133, 0, 9223372036854775807, 0, 9223372036854749207
1, 134, 0, 9223372036854775807, 0, 9223372036854749007
1, 135, 0, 9223372036854775807, 0, 9223372036854748807
1, 136, 0, 9223372036854775807, 0, 9223372036854748607
1, 137, 0, 9223372036854775807, 0, 9223372036854748407
1, 138, 0, 9223372036854775807, 0, 9223372036854748207
1, 139, 0, 9223372036854775807, 0, 9223372036854748007
1, 14, 2813, 2831, 13, 31
1, 140, 0, 9223372036854775807, 0, 9223372036854747807
1, 141, 0, 9223372036854775807, 0, 9223372036854747607
1, 142, 0, 9223372036854775807, 0, 9223372036854747407
1, 143, 0, 9223372036854775807, 0, 9223372036854747207
1, 144, 0, 9223372036854775807, 0, 9223372036854747007
1, 145, 0, 9223372036854775807, 0, 9223372036854746807
1, 146, 0, 9223372036854775807, 0, 9223372036854746607
1, 147, 0, 9223372036854775807, 0, 9223372036854746407
1, 148, 0, 9223372036854775807, 0, 9223372036854746207
1, 149, 0, 9223372036854775807, 0, 9223372036854746007
1, 15, 3013, 3031, 13, 31
1, 150, 0, 9223372036854775807, 0, 9223372036854745807
1, 151, 0, 9223372036854775807, 0, 9223372036854745607
1, 152, 0, 9223372036854775807, 0, 9223372036854745407
1, 153, 0, 9223372036854775807, 0, 9223372036854745207
1, 154, 0, 9223372036854775807, 0, 9223372036854745007
1, 155, 0, 9223372036854775807, 0, 9223372036854744807
1, 156, 0, 9223372036854775807, 0, 9223372036854744607
1, 157, 0, 9223372036854775807, 0, 9223372036854744407
1, 158, 0, 9223372036854775807, 0, 9223372036854744207
1, 159, 0, 9223372036854775807, 0, 9223372036854744007
1, 16, 3213, 3231, 13, 31
1, 160, 0, 9223372036854775807, 0, 9223372036854743807
1, 161, 0, 9223372036854775807, 0, 9223372036854743607
1, 162, 0, 9223372036854775807, 0, 9223372036854743407
1, 163, 0, 9223372036854775807, 0, 9223372036854743207
1, 164, 0, 9223372036854775807, 0, 9223372036854743007
1, 165, 0, 9223372036854775807, 0, 9223372036854742807
1, 166, 0, 9223372036854775807, 0, 9223372036854742607
1, 167, 0, 9223372036854775807, 0, 9223372036854742407
1, 168, 0, 9223372036854775807, 0, 9223372036854742207
1, 169, 0, 9223372036854775807, 0, 9223372036854742007
1, 17, 3413, 3431, 13, 31
1, 170, 0, 9223372036854775807, 0, 9223372036854741807
1, 171, 0, 9223372036854775807, 0, 9223372036854741607
1, 172, 0, 9223372036854775807, 0, 9223372036854741407
1, 173, 0, 9223372036854775807, 0, 9223372036854741207
1, 174, 0, 9223372036854775807, 0, 9223372036854741007
1, 175, 0, 9223372036854775807, 0, 9223372036854740807
1, 176, 0, 9223372036854775807, 0, 9223372036854740607
1, 177, 0, 9223372036854775807, 0, 9223372036854740407
1, 178, 0, 9223372036854775807, 0, 9223372036854740207
1, 179, 0, 9223372036854775807, 0, 9223372036854740007
1, 18, 3613, 3631, 13, 31
1, 180, 0, 9223372036854775807, 0, 9223372036854739807
1, 181, 0, 9223372036854775807, 0, 9223372036854739607
1, 182, 0, 9223372036854775807, 0, 9223372036854739407
1, 183, 0, 9223372036854775807, 0, 9223372036854739207
1, 184, 0, 9223372036854775807, 0, 9223372036854739007
1, 185, 0, 9223372036854775807, 0, 9223372036854738807
1, 186, 0, 9223372036854775807, 0, 9223372036854738607
1, 187, 0, 9223372036854775807, 0, 9223372036854738407
1, 188, 0, 9223372036854775807, 0, 9223372036854738207
1, 189, 0, 9223372036854775807, 0, 9223372036854738007
1, 19, 3813, 3831, 13, 31
1, 190, 0, 9223372036854775807, 0, 9223372036854737807
1, 191, 0, 9223372036854775807, 0, 9223372036854737607
1, 192, 0, 9223372036854775807, 0, 9223372036854737407
1, 193, 0, 9223372036854775807, 0, 9223372036854737207
1, 194, 0, 9223372036854775807, 0, 9223372036854737007
1, 195, 0, 9223372036854775807, 0, 9223372036854736807
1, 196, 0, 9223372036854775807, 0, 9223372036854736607
1, 197, 0, 9223372036854775807, 0, 9223372036854736407
1, 198, 0, 9223372036854775807, 0, 9223372036854736207
1, 199, 0, 9223372036854775807, 0, 9223372036854736007
1, 2, 413, 431, 13, 31
1, 20, 4013, 4033, 13, 33
1, 200, 0, 9223372036854775807, 0, 9223372036854735807
1, 201, 0, 9223372036854775807, 0, 9223372036854735607
1, 202, 0, 9223372036854775807, 0, 9223372036854735407
1, 203, 0, 9223372036854775807, 0, 9223372036854735207
1, 204, 0, 9223372036854775807, 0, 9223372036854735007
1, 205, 0, 9223372036854775807, 0, 9223372036854734807
1, 206, 0, 9223372036854775807, 0, 9223372036854734607
1, 207, 0, 9223372036854775807, 0, 9223372036854734407
1, 208, 0, 9223372036854775807, 0, 9223372036854734207
1, 209, 0, 9223372036854775807, 0, 9223372036854734007
1, 21, 4213, 4231, 13, 31
1, 210, 0, 9223372036854775807, 0, 9223372036854733807
1, 211, 0, 9223372036854775807, 0, 9223372036854733607
1, 212, 0, 9223372036854775807, 0, 9223372036854733407
1, 213, 0, 9223372036854775807, 0, 9223372036854733207
1, 214, 0, 9223372036854775807, 0, 9223372036854733007
1, 215, 0, 9223372036854775807, 0, 9223372036854732807
1, 216, 0, 9223372036854775807, 0, 9223372036854732607
1, 217, 0, 9223372036854775807, 0, 9223372036854732407
1, 218, 0, 9223372036854775807, 0, 9223372036854732207
1, 219, 0, 9223372036854775807, 0, 9223372036854732007
1, 22, 4413, 4431, 13, 31
1, 220, 0, 9223372036854775807, 0, 9223372036854731807
1, 221, 0, 9223372036854775807, 0, 9223372036854731607
1, 222, 0, 9223372036854775807, 0, 9223372036854731407
1, 223, 0, 9223372036854775807, 0, 9223372036854731207
1, 224, 0, 9223372036854775807, 0, 9223372036854731007
1, 225, 0, 9223372036854775807, 0, 9223372036854730807
1, 226, 0, 9223372036854775807, 0, 9223372036854730607
1, 227, 0, 9223372036854775807, 0, 9223372036854730407
1, 228, 0, 9223372036854775807, 0, 9223372036854730207
1, 229, 0, 9223372036854775807, 0, 9223372036854730007
1, 23, 4613, 4631, 13, 31
1, 230, 0, 9223372036854775807, 0, 9223372036854729807
1, 231, 0, 9223372036854775807, 0, 9223372036854729607
1, 232, 0, 9223372036854775807, 0, 9223372036854729407
1, 233, 0, 9223372036854775807, 0, 9223372036854729207
1, 234, 0, 9223372036854775807, 0, 9223372036854729007
1, 235, 0, 9223372036854775807, 0, 9223372036854728807
1, 236, 0, 9223372036854775807, 0, 9223372036854728607
1, 237, 0, 9223372036854775807, 0, 9223372036854728407
1, 238, 0, 9223372036854775807, 0, 9223372036854728207
1, 239, 0, 9223372036854775807, 0, 9223372036854728007
1, 24, 4813, 4831, 13, 31
1, 240, 0, 9223372036854775807, 0, 9223372036854727807
1, 241, 0, 9223372036854775807, 0, 9223372036854727607
1, 242, 0, 9223372036854775807, 0, 9223372036854727407
1, 243, 0, 9223372036854775807, 0, 9223372036854727207
1, 244, 0, 9223372036854775807, 0, 9223372036854727007
1, 245, 0, 9223372036854775807, 0, 9223372036854726807
1, 246, 0, 9223372036854775807, 0, 9223372036854726607
1, 247, 0, 9223372036854775807, 0, 9223372036854726407
1, 248, 0, 9223372036854775807, 0, 9223372036854726207
1, 249, 0, 9223372036854775807, 0, 9223372036854726007
1, 25, 5013, 5033, 13, 33
1, 250, 0, 9223372036854775807, 0, 9223372036854725807
1, 251, 0, 9223372036854775807, 0, 9223372036854725607
1, 252, 0, 9223372036854775807, 0, 9223372036854725407
1, 253, 0, 9223372036854775807, 0, 9223372036854725207
1, 254, 0, 9223372036854775807, 0, 9223372036854725007
1, 255, 0, 9223372036854775807, 0, 9223372036854724807
1, 256, 0, 9223372036854775807, 0, 9223372036854724607
1, 257, 0, 9223372036854775807, 0, 9223372036854724407
1, 258, 0, 9223372036854775807, 0, 9223372036854724207
1, 259, 0, 9223372036854775807, 0, 9223372036854724007
1, 26, 5213, 5231, 13, 31
1, 260, 0, 9223372036854775807, 0, 9223372036854723807
1, 261, 0, 9223372036854775807, 0, 9223372036854723607
1, 262, 0, 9223372036854775807, 0, 9223372036854723407
1, 263, 0, 9223372036854775807, 0, 9223372036854723207
1, 264, 0, 9223372036854775807, 0, 9223372036854723007
1, 265, 0, 9223372036854775807, 0, 9223372036854722807
1, 266, 0, 9223372036854775807, 0, 9223372036854722607
1, 267, 0, 9223372036854775807, 0, 9223372036854722407
1, 268, 0, 9223372036854775807, 0, 9223372036854722207
1, 269, 0, 9223372036854775807, 0, 9223372036854722007
1, 27, 0, 9223372036854775807, 0, 9223372036854770407
1, 270, 0, 9223372036854775807, 0, 9223372036854721807
1, 271, 0, 9223372036854775807, 0, 9223372036854721607
1, 272, 0, 9223372036854775807, 0, 9223372036854721407
1, 273, 0, 9223372036854775807, 0, 9223372036854721207
1, 274, 0, 9223372036854775807, 0, 9223372036854721007
1, 275, 0, 9223372036854775807, 0, 9223372036854720807
1, 276, 0, 9223372036854775807, 0, 9223372036854720607
1, 277, 0, 9223372036854775807, 0, 9223372036854720407
1, 278, 0, 9223372036854775807, 0, 9223372036854720207
1, 279, 0, 9223372036854775807, 0, 9223372036854720007
1, 28, 0, 9223372036854775807, 0, 9223372036854770207
1, 280, 0, 9223372036854775807, 0, 9223372036854719807
1, 281, 0, 9223372036854775807, 0, 9223372036854719607
1, 282, 0, 9223372036854775807, 0, 9223372036854719407
1, 283, 0, 9223372036854775807, 0, 9223372036854719207
1, 284, 0, 9223372036854775807, 0, 9223372036854719007
1, 285, 0, 9223372036854775807, 0, 9223372036854718807
1, 286, 0, 9223372036854775807, 0, 9223372036854718607
1, 287, 0, 9223372036854775807, 0, 9223372036854718407
1, 288, 0, 9223372036854775807, 0, 9223372036854718207
1, 289, 0, 9223372036854775807, 0, 9223372036854718007
1, 29, 0, 9223372036854775807, 0, 9223372036854770007
1, 290, 0, 9223372036854775807, 0, 9223372036854717807
1, 291, 0, 9223372036854775807, 0, 9223372036854717607
1, 292, 0, 9223372036854775807, 0, 9223372036854717407
1, 293, 0, 9223372036854775807, 0, 9223372036854717207
1, 294, 0, 9223372036854775807, 0, 9223372036854717007
1, 295, 0, 9223372036854775807, 0, 9223372036854716807
1, 296, 0, 9223372036854775807, 0, 9223372036854716607
1, 297, 0, 9223372036854775807, 0, 9223372036854716407
1, 298, 0, 9223372036854775807, 0, 9223372036854716207
1, 299, 0, 9223372036854775807, 0, 9223372036854716007
1, 3, 613, 631, 13, 31
1, 30, 0, 9223372036854775807, 0, 9223372036854769807
1, 300, 0, 9223372036854775807, 0, 9223372036854715807
1, 301, 0, 9223372036854775807, 0, 9223372036854715607
1, 302, 0, 9223372036854775807, 0, 9223372036854715407
1, 303, 0, 9223372036854775807, 0, 9223372036854715207
1, 304, 0, 9223372036854775807, 0, 9223372036854715007
1, 305, 0, 9223372036854775807, 0, 9223372036854714807
1, 306, 0, 9223372036854775807, 0, 9223372036854714607
1, 307, 0, 9223372036854775807, 0, 9223372036854714407
1, 308, 0, 9223372036854775807, 0, 9223372036854714207
1, 309, 0, 9223372036854775807, 0, 9223372036854714007
1, 31, 0, 9223372036854775807, 0, 9223372036854769607
1, 310, 0, 9223372036854775807, 0, 9223372036854713807
1, 311, 0, 9223372036854775807, 0, 9223372036854713607
1, 312, 0, 9223372036854775807, 0, 9223372036854713407
1, 313, 0, 9223372036854775807, 0, 9223372036854713207
1, 314, 0, 9223372036854775807, 0, 9223372036854713007
1, 315, 0, 9223372036854775807, 0, 9223372036854712807
1, 316, 0, 9223372036854775807, 0, 9223372036854712607
1, 317, 0, 9223372036854775807, 0, 9223372036854712407
1, 318, 0, 9223372036854775807, 0, 9223372036854712207
1, 319, 0, 9223372036854775807, 0, 9223372036854712007
1, 32, 0, 9223372036854775807, 0, 9223372036854769407
1, 320, 0, 9223372036854775807, 0, 9223372036854711807
1, 321, 0, 9223372036854775807, 0, 9223372036854711607
1, 322, 0, 9223372036854775807, 0, 9223372036854711407
1, 323, 0, 9223372036854775807, 0, 9223372036854711207
1, 324, 0, 9223372036854775807, 0, 9223372036854711007
1, 325, 0, 9223372036854775807, 0, 9223372036854710807
1, 326, 0, 9223372036854775807, 0, 9223372036854710607
1, 327, 0, 9223372036854775807, 0, 9223372036854710407
1, 328, 0, 9223372036854775807, 0, 9223372036854710207
1, 329, 0, 9223372036854775807, 0, 9223372036854710007
1, 33, 0, 9223372036854775807, 0, 9223372036854769207
1, 330, 0, 9223372036854775807, 0, 9223372036854709807
1, 331, 0, 9223372036854775807, 0, 9223372036854709607
1, 332, 0, 9223372036854775807, 0, 9223372036854709407
1, 333, 0, 9223372036854775807, 0, 9223372036854709207
1, 334, 0, 9223372036854775807, 0, 9223372036854709007
1, 335, 0, 9223372036854775807, 0, 9223372036854708807
1, 336, 0, 9223372036854775807, 0, 9223372036854708607
1, 337, 0, 9223372036854775807, 0, 9223372036854708407
1, 338, 0, 9223372036854775807, 0, 9223372036854708207
1, 339, 0, 9223372036854775807, 0, 9223372036854708007
1, 34, 0, 9223372036854775807, 0, 9223372036854769007
1, 340, 0, 9223372036854775807, 0, 9223372036854707807
1, 341, 0, 9223372036854775807, 0, 9223372036854707607
1, 342, 0, 9223372036854775807, 0, 9223372036854707407
1, 343, 0, 9223372036854775807, 0, 9223372036854707207
1, 344, 0, 9223372036854775807, 0, 9223372036854707007
1, 345, 0, 9223372036854775807, 0, 9223372036854706807
1, 346, 0, 9223372036854775807, 0, 9223372036854706607
1, 347, 0, 9223372036854775807, 0, 9223372036854706407
1, 348, 0, 9223372036854775807, 0, 9223372036854706207
1, 349, 0, 9223372036854775807, 0, 9223372036854706007
1, 35, 0, 9223372036854775807, 0, 9223372036854768807
1, 350, 0, 9223372036854775807, 0, 9223372036854705807
1, 351, 0, 9223372036854775807, 0, 9223372036854705607
1, 352, 0, 9223372036854775807, 0, 9223372036854705407
1, 353, 0, 9223372036854775807, 0, 9223372036854705207
1, 354, 0, 9223372036854775807, 0, 9223372036854705007
1, 355, 0, 9223372036854775807, 0, 9223372036854704807
1, 356, 0, 9223372036854775807, 0, 9223372036854704607
1, 357, 0, 9223372036854775807, 0, 9223372036854704407
1, 358, 0, 9223372036854775807, 0, 9223372036854704207
1, 359, 0, 9223372036854775807, 0, 9223372036854704007
1, 36, 0, 9223372036854775807, 0, 9223372036854768607
1, 360, 0, 9223372036854775807, 0, 9223372036854703807
1, 361, 0, 9223372036854775807, 0, 9223372036854703607
1, 362, 0, 9223372036854775807, 0, 9223372036854703407
1, 363, 0, 9223372036854775807, 0, 9223372036854703207
1, 364, 0, 9223372036854775807, 0, 9223372036854703007
1, 365, 0, 9223372036854775807, 0, 9223372036854702807
1, 366, 0, 9223372036854775807, 0, 9223372036854702607
1, 367, 0, 9223372036854775807, 0, 9223372036854702407
1, 368, 0, 9223372036854775807, 0, 9223372036854702207
1, 369, 0, 9223372036854775807, 0, 9223372036854702007
1, 37, 0, 9223372036854775807, 0, 9223372036854768407
1, 370, 0, 9223372036854775807, 0, 9223372036854701807
1, 371, 0, 9223372036854775807, 0, 9223372036854701607
1, 372, 0, 9223372036854775807, 0, 9223372036854701407
1, 373, 0, 9223372036854775807, 0, 9223372036854701207
1, 374, 0, 9223372036854775807, 0, 9223372036854701007
1, 375, 0, 9223372036854775807, 0, 9223372036854700807
1, 376, 0, 9223372036854775807, 0, 9223372036854700607
1, 377, 0, 9223372036854775807, 0, 9223372036854700407
1, 378, 0, 9223372036854775807, 0, 9223372036854700207
1, 379, 0, 9223372036854775807, 0, 9223372036854700007
1, 38, 0, 9223372036854775807, 0, 9223372036854768207
1, 380, 0, 9223372036854775807, 0, 9223372036854699807
1, 381, 0, 9223372036854775807, 0, 9223372036854699607
1, 382, 0, 9223372036854775807, 0, 9223372036854699407
1, 383, 0, 9223372036854775807, 0, 9223372036854699207
1, 384, 0, 9223372036854775807, 0, 9223372036854699007
1, 385, 0, 9223372036854775807, 0, 9223372036854698807
1, 386, 0, 9223372036854775807, 0, 9223372036854698607
1, 387, 0, 9223372036854775807, 0, 9223372036854698407
1, 388, 0, 9223372036854775807, 0, 9223372036854698207
1, 389, 0, 9223372036854775807, 0, 9223372036854698007
1, 39, 0, 9223372036854775807, 0, 9223372036854768007
1, 390, 0, 9223372036854775807, 0, 9223372036854697807
1, 391, 0, 9223372036854775807, 0, 9223372036854697607
1, 392, 0, 9223372036854775807, 0, 9223372036854697407
1, 393, 0, 9223372036854775807, 0, 9223372036854697207
1, 394, 0, 9223372036854775807, 0, 9223372036854697007
1, 395, 0, 9223372036854775807, 0, 9223372036854696807
1, 396, 0, 9223372036854775807, 0, 9223372036854696607
1, 397, 0, 9223372036854775807, 0, 9223372036854696407
1, 398, 0, 9223372036854775807, 0, 9223372036854696207
1, 399, 0, 9223372036854775807, 0, 9223372036854696007
1, 4, 813, 831, 13, 31
1, 40, 0, 9223372036854775807, 0, 9223372036854767807
1, 400, 0, 9223372036854775807, 0, 9223372036854695807
1, 401, 0, 9223372036854775807, 0, 9223372036854695607
1, 402, 0, 9223372036854775807, 0, 9223372036854695407
1, 403, 0, 9223372036854775807, 0, 9223372036854695207
1, 404, 0, 9223372036854775807, 0, 9223372036854695007
1, 405, 0, 9223372036854775807, 0, 9223372036854694807
1, 406, 0, 9223372036854775807, 0, 9223372036854694607
1, 407, 0, 9223372036854775807, 0, 9223372036854694407
1, 408, 0, 9223372036854775807, 0, 9223372036854694207
1, 409, 0, 9223372036854775807, 0, 9223372036854694007
1, 41, 0, 9223372036854775807, 0, 9223372036854767607
1, 410, 0, 9223372036854775807, 0, 9223372036854693807
1, 411, 0, 9223372036854775807, 0, 9223372036854693607
1, 412, 0, 9223372036854775807, 0, 9223372036854693407
1, 413, 0, 9223372036854775807, 0, 9223372036854693207
1, 414, 0, 9223372036854775807, 0, 9223372036854693007
1, 415, 0, 9223372036854775807, 0, 9223372036854692807
1, 416, 0, 9223372036854775807, 0, 9223372036854692607
1, 417, 0, 9223372036854775807, 0, 9223372036854692407
1, 418, 0, 9223372036854775807, 0, 9223372036854692207
1, 419, 0, 9223372036854775807, 0, 9223372036854692007
1, 42, 0, 9223372036854775807, 0, 9223372036854767407
1, 420, 0, 9223372036854775807, 0, 9223372036854691807
1, 421, 0, 9223372036854775807, 0, 9223372036854691607
1, 422, 0, 9223372036854775807, 0, 9223372036854691407
1, 423, 0, 9223372036854775807, 0, 9223372036854691207
1, 424, 0, 9223372036854775807, 0, 9223372036854691007
1, 425, 0, 9223372036854775807, 0, 9223372036854690807
1, 426, 0, 9223372036854775807, 0, 9223372036854690607
1, 427, 0, 9223372036854775807, 0, 9223372036854690407
1, 428, 0, 9223372036854775807, 0, 9223372036854690207
1, 429, 0, 9223372036854775807, 0, 9223372036854690007
1, 43, 0, 9223372036854775807, 0, 9223372036854767207
1, 430, 0, 9223372036854775807, 0, 9223372036854689807
1, 431, 0, 9223372036854775807, 0, 9223372036854689607
1, 432, 0, 9223372036854775807, 0, 9223372036854689407
1, 433, 0, 9223372036854775807, 0, 9223372036854689207
1, 434, 0, 9223372036854775807, 0, 9223372036854689007
1, 435, 0, 9223372036854775807, 0, 9223372036854688807
1, 436, 0, 9223372036854775807, 0, 9223372036854688607
1, 437, 0, 9223372036854775807, 0, 9223372036854688407
1, 438, 0, 9223372036854775807, 0, 9223372036854688207
1, 439, 0, 9223372036854775807, 0, 9223372036854688007
1, 44, 0, 9223372036854775807, 0, 9223372036854767007
1, 440, 0, 9223372036854775807, 0, 9223372036854687807
1, 441, 0, 9223372036854775807, 0, 9223372036854687607
1, 442, 0, 9223372036854775807, 0, 9223372036854687407
1, 443, 0, 9223372036854775807, 0, 9223372036854687207
1, 444, 0, 9223372036854775807, 0, 9223372036854687007
1, 445, 0, 9223372036854775807, 0, 9223372036854686807
1, 446, 0, 9223372036854775807, 0, 9223372036854686607
1, 447, 0, 9223372036854775807, 0, 9223372036854686407
1, 448, 0, 9223372036854775807, 0, 9223372036854686207
1, 449, 0, 9223372036854775807, 0, 9223372036854686007
1, 45, 0, 9223372036854775807, 0, 9223372036854766807
1, 450, 0, 9223372036854775807, 0, 9223372036854685807
1, 451, 0, 9223372036854775807, 0, 9223372036854685607
1, 452, 0, 9223372036854775807, 0, 9223372036854685407
1, 453, 0, 9223372036854775807, 0, 9223372036854685207
1, 454, 0, 9223372036854775807, 0, 9223372036854685007
1, 455, 0, 9223372036854775807, 0, 9223372036854684807
1, 456, 0, 9223372036854775807, 0, 9223372036854684607
1, 457, 0, 9223372036854775807, 0, 9223372036854684407
1, 458, 0, 9223372036854775807, 0, 9223372036854684207
1, 459, 0, 9223372036854775807, 0, 9223372036854684007
1, 46, 0, 9223372036854775807, 0, 9223372036854766607
1, 460, 0, 9223372036854775807, 0, 9223372036854683807
1, 461, 0, 9223372036854775807, 0, 9223372036854683607
1, 462, 0, 9223372036854775807, 0, 9223372036854683407
1, 463, 0, 9223372036854775807, 0, 9223372036854683207
1, 464, 0, 9223372036854775807, 0, 9223372036854683007
1, 465, 0, 9223372036854775807, 0, 9223372036854682807
1, 466, 0, 9223372036854775807, 0, 9223372036854682607
1, 467, 0, 9223372036854775807, 0, 9223372036854682407
1, 468, 0, 9223372036854775807, 0, 9223372036854682207
1, 469, 0, 9223372036854775807, 0, 9223372036854682007
1, 47, 0, 9223372036854775807, 0, 9223372036854766407
1, 470, 0, 9223372036854775807, 0, 9223372036854681807
1, 471, 0, 9223372036854775807, 0, 9223372036854681607
1, 472, 0, 9223372036854775807, 0, 9223372036854681407
1, 473, 0, 9223372036854775807, 0, 9223372036854681207
1, 474, 0, 9223372036854775807, 0, 9223372036854681007
1, 475, 0, 9223372036854775807, 0, 9223372036854680807
1, 476, 0, 9223372036854775807, 0, 9223372036854680607
1, 477, 0, 9223372036854775807, 0, 9223372036854680407
1, 478, 0, 9223372036854775807, 0, 9223372036854680207
1, 479, 0, 9223372036854775807, 0, 9223372036854680007
1, 48, 0, 9223372036854775807, 0, 9223372036854766207
1, 480, 0, 9223372036854775807, 0, 9223372036854679807
1, 481, 0, 9223372036854775807, 0, 9223372036854679607
1, 482, 0, 9223372036854775807, 0, 9223372036854679407
1, 483, 0, 9223372036854775807, 0, 9223372036854679207
1, 484, 0, 9223372036854775807, 0, 9223372036854679007
1, 485, 0, 9223372036854775807, 0, 9223372036854678807
1, 486, 0, 9223372036854775807, 0, 9223372036854678607
1, 487, 0, 9223372036854775807, 0, 9223372036854678407
1, 488, 0, 9223372036854775807, 0, 9223372036854678207
1, 489, 0, 9223372036854775807, 0, 9223372036854678007
1, 49, 0, 9223372036854775807, 0, 9223372036854766007
1, 490, 0, 9223372036854775807, 0, 9223372036854677807
1, 491, 0, 9223372036854775807, 0, 9223372036854677607
1, 492, 0, 9223372036854775807, 0, 9223372036854677407
1, 493, 0, 9223372036854775807, 0, 9223372036854677207
1, 494, 0, 9223372036854775807, 0, 9223372036854677007
1, 495, 0, 9223372036854775807, 0, 9223372036854676807
1, 496, 0, 9223372036854775807, 0, 9223372036854676607
1, 497, 0, 9223372036854775807, 0, 9223372036854676407
1, 498, 0, 9223372036854775807, 0, 9223372036854676207
1, 499, 0, 9223372036854775807, 0, 9223372036854676007
1, 5, 1013, 1031, 13, 31
1, 50, 0, 9223372036854775807, 0, 9223372036854765807
1, 51, 0, 9223372036854775807, 0, 9223372036854765607
1, 52, 0, 9223372036854775807, 0, 9223372036854765407
1, 53, 0, 9223372036854775807, 0, 9223372036854765207
1, 54, 0, 9223372036854775807, 0, 9223372036854765007
1, 55, 0, 9223372036854775807, 0, 9223372036854764807
1, 56, 0, 9223372036854775807, 0, 9223372036854764607
1, 57, 0, 9223372036854775807, 0, 9223372036854764407
1, 58, 0, 9223372036854775807, 0, 9223372036854764207
1, 59, 0, 9223372036854775807, 0, 9223372036854764007
1, 6, 1213, 1231, 13, 31
1, 60, 0, 9223372036854775807, 0, 9223372036854763807
1, 61, 0, 9223372036854775807, 0, 9223372036854763607
1, 62, 0, 9223372036854775807, 0, 9223372036854763407
1, 63, 0, 9223372036854775807, 0, 9223372036854763207
1, 64, 0, 9223372036854775807, 0, 9223372036854763007
1, 65, 0, 9223372036854775807, 0, 9223372036854762807
1, 66, 0, 9223372036854775807, 0, 9223372036854762607
1, 67, 0, 9223372036854775807, 0, 9223372036854762407
1, 68, 0, 9223372036854775807, 0, 9223372036854762207
1, 69, 0, 9223372036854775807, 0, 9223372036854762007
1, 7, 1413, 1431, 13, 31
1, 70, 0, 9223372036854775807, 0, 9223372036854761807
1, 71, 0, 9223372036854775807, 0, 9223372036854761607
1, 72, 0, 9223372036854775807, 0, 9223372036854761407
1, 73, 0, 9223372036854775807, 0, 9223372036854761207
1, 74, 0, 9223372036854775807, 0, 9223372036854761007
1, 75, 0, 9223372036854775807, 0, 9223372036854760807
1, 76, 0, 9223372036854775807, 0, 9223372036854760607
1, 77, 0, 9223372036854775807, 0, 9223372036854760407
1, 78, 0, 9223372036854775807, 0, 9223372036854760207
1, 79, 0, 9223372036854775807, 0, 9223372036854760007
1, 8, 1613, 1631, 13, 31
1, 80, 0, 9223372036854775807, 0, 9223372036854759807
1, 81, 0, 9223372036854775807, 0, 9223372036854759607
1, 82, 0, 9223372036854775807, 0, 9223372036854759407
1, 83, 0, 9223372036854775807, 0, 9223372036854759207
1, 84, 0, 9223372036854775807, 0, 9223372036854759007
1, 85, 0, 9223372036854775807, 0, 9223372036854758807
1, 86, 0, 9223372036854775807, 0, 9223372036854758607
1, 87, 0, 9223372036854775807, 0, 9223372036854758407
1, 88, 0, 9223372036854775807, 0, 9223372036854758207
1, 89, 0, 9223372036854775807, 0, 9223372036854758007
1, 9, 1813, 1831, 13, 31
1, 90, 0, 9223372036854775807, 0, 9223372036854757807
1, 91, 0, 9223372036854775807, 0, 9223372036854757607
1, 92, 0, 9223372036854775807, 0, 9223372036854757407
1, 93, 0, 9223372036854775807, 0, 9223372036854757207
1, 94, 0, 9223372036854775807, 0, 9223372036854757007
1, 95, 0, 9223372036854775807, 0, 9223372036854756807
1, 96, 0, 9223372036854775807, 0, 9223372036854756607
1, 97, 0, 9223372036854775807, 0, 9223372036854756407
1, 98, 0, 9223372036854775807, 0, 9223372036854756207
1, 99, 0, 9223372036854775807, 0, 9223372036854756007
2, 0, 2, 153, 2, 153
2, 1, 502, 528, 2, 28
2, 10, 5002, 5036, 2, 36
2, 100, 0, 9223372036854775807, 0, 9223372036854725807
2, 101, 0, 9223372036854775807, 0, 9223372036854725307
2, 102, 0, 9223372036854775807, 0, 9223372036854724807
2, 103, 0, 9223372036854775807, 0, 9223372036854724307
2, 104, 0, 9223372036854775807, 0, 9223372036854723807
2, 105, 0, 9223372036854775807, 0, 9223372036854723307
2, 106, 0, 9223372036854775807, 0, 9223372036854722807
2, 107, 0, 9223372036854775807, 0, 9223372036854722307
2, 108, 0, 9223372036854775807, 0, 9223372036854721807
2, 109, 0, 9223372036854775807, 0, 9223372036854721307
2, 11, 0, 9223372036854775807, 0, 9223372036854770307
2, 110, 0, 9223372036854775807, 0, 9223372036854720807
2, 111, 0, 9223372036854775807, 0, 9223372036854720307
2, 112, 0, 9223372036854775807, 0, 9223372036854719807
2, 113, 0, 9223372036854775807, 0, 9223372036854719307
2, 114, 0, 9223372036854775807, 0, 9223372036854718807
2, 115, 0, 9223372036854775807, 0, 9223372036854718307
2, 116, 0, 9223372036854775807, 0, 9223372036854717807
2, 117, 0, 9223372036854775807, 0, 9223372036854717307
2, 118, 0, 9223372036854775807, 0, 9223372036854716807
2, 119, 0, 9223372036854775807, 0, 9223372036854716307
2, 12, 0, 9223372036854775807, 0, 9223372036854769807
2, 120, 0, 9223372036854775807, 0, 9223372036854715807
2, 121, 0, 9223372036854775807, 0, 9223372036854715307
2, 122, 0, 9223372036854775807, 0, 9223372036854714807
2, 123, 0, 9223372036854775807, 0, 9223372036854714307
2, 124, 0, 9223372036854775807, 0, 9223372036854713807
2, 125, 0, 9223372036854775807, 0, 9223372036854713307
2, 126, 0, 9223372036854775807, 0, 9223372036854712807
2, 127, 0, 9223372036854775807, 0, 9223372036854712307
2, 128, 0, 9223372036854775807, 0, 9223372036854711807
2, 129, 0, 9223372036854775807, 0, 9223372036854711307
2, 13, 0, 9223372036854775807, 0, 9223372036854769307
2, 130, 0, 9223372036854775807, 0, 9223372036854710807
2, 131, 0, 9223372036854775807, 0, 9223372036854710307
2, 132, 0, 9223372036854775807, 0, 9223372036854709807
2, 133, 0, 9223372036854775807, 0, 9223372036854709307
2, 134, 0, 9223372036854775807, 0, 9223372036854708807
2, 135, 0, 9223372036854775807, 0, 9223372036854708307
2, 136, 0, 9223372036854775807, 0, 9223372036854707807
2, 137, 0, 9223372036854775807, 0, 9223372036854707307
2, 138, 0, 9223372036854775807, 0, 9223372036854706807
2, 139, 0, 9223372036854775807, 0, 9223372036854706307
2, 14, 0, 9223372036854775807, 0, 9223372036854768807
2, 140, 0, 9223372036854775807, 0, 9223372036854705807
2, 141, 0, 9223372036854775807, 0, 9223372036854705307
2, 142, 0, 9223372036854775807, 0, 9223372036854704807
2, 143, 0, 9223372036854775807, 0, 9223372036854704307
2, 144, 0, 9223372036854775807, 0, 9223372036854703807
2, 145, 0, 9223372036854775807, 0, 9223372036854703307
2, 146, 0, 9223372036854775807, 0, 9223372036854702807
2, 147, 0, 9223372036854775807, 0, 9223372036854702307
2, 148, 0, 9223372036854775807, 0, 9223372036854701807
2, 149, 0, 9223372036854775807, 0, 9223372036854701307
2, 15, 0, 9223372036854775807, 0, 9223372036854768307
2, 150, 0, 9223372036854775807, 0, 9223372036854700807
2, 151, 0, 9223372036854775807, 0, 9223372036854700307
2, 152, 0, 9223372036854775807, 0, 9223372036854699807
2, 153, 0, 9223372036854775807, 0, 9223372036854699307
2, 154, 0, 9223372036854775807, 0, 9223372036854698807
2, 155, 0, 9223372036854775807, 0, 9223372036854698307
2, 156, 0, 9223372036854775807, 0, 9223372036854697807
2, 157, 0, 9223372036854775807, 0, 9223372036854697307
2, 158, 0, 9223372036854775807, 0, 9223372036854696807
2, 159, 0, 9223372036854775807, 0, 9223372036854696307
2, 16, 0, 9223372036854775807, 0, 9223372036854767807
2, 160, 0, 9223372036854775807, 0, 9223372036854695807
2, 161, 0, 9223372036854775807, 0, 9223372036854695307
2, 162, 0, 9223372036854775807, 0, 9223372036854694807
2, 163, 0, 9223372036854775807, 0, 9223372036854694307
2, 164, 0, 9223372036854775807, 0, 9223372036854693807
2, 165, 0, 9223372036854775807, 0, 9223372036854693307
2, 166, 0, 9223372036854775807, 0, 9223372036854692807
2, 167, 0, 9223372036854775807, 0, 9223372036854692307
2, 168, 0, 9223372036854775807, 0, 9223372036854691807
2, 169, 0, 9223372036854775807, 0, 9223372036854691307
2, 17, 0, 9223372036854775807, 0, 9223372036854767307
2, 170, 0, 9223372036854775807, 0, 9223372036854690807
2, 171, 0, 9223372036854775807, 0, 9223372036854690307
2, 172, 0, 9223372036854775807, 0, 9223372036854689807
2, 173, 0, 9223372036854775807, 0, 9223372036854689307
2, 174, 0, 9223372036854775807, 0, 9223372036854688807
2, 175, 0, 9223372036854775807, 0, 9223372036854688307
2, 176, 0, 9223372036854775807, 0, 9223372036854687807
2, 177, 0, 9223372036854775807, 0, 9223372036854687307
2, 178, 0, 9223372036854775807, 0, 9223372036854686807
2, 179, 0, 9223372036854775807, 0, 9223372036854686307
2, 18, 0, 9223372036854775807, 0, 9223372036854766807
2, 180, 0, 9223372036854775807, 0, 9223372036854685807
2, 181, 0, 9223372036854775807, 0, 9223372036854685307
2, 182, 0, 9223372036854775807, 0, 9223372036854684807
2, 183, 0, 9223372036854775807, 0, 9223372036854684307
2, 184, 0, 9223372036854775807, 0, 9223372036854683807
2, 185, 0, 9223372036854775807, 0, 9223372036854683307
2, 186, 0, 9223372036854775807, 0, 9223372036854682807
2, 187, 0, 9223372036854775807, 0, 9223372036854682307
2, 188, 0, 9223372036854775807, 0, 9223372036854681807
2, 189, 0, 9223372036854775807, 0, 9223372036854681307
2, 19, 0, 9223372036854775807, 0, 9223372036854766307
2, 190, 0, 9223372036854775807, 0, 9223372036854680807
2, 191, 0, 9223372036854775807, 0, 9223372036854680307
2, 192, 0, 9223372036854775807, 0, 9223372036854679807
2, 193, 0, 9223372036854775807, 0, 9223372036854679307
2, 194, 0, 9223372036854775807, 0, 9223372036854678807
2, 195, 0, 9223372036854775807, 0, 9223372036854678307
2, 196, 0, 9223372036854775807, 0, 9223372036854677807
2, 197, 0, 9223372036854775807, 0, 9223372036854677307
2, 198, 0, 9223372036854775807, 0, 9223372036854676807
2, 199, 0, 9223372036854775807, 0, 9223372036854676307
2, 2, 1002, 1028, 2, 28
2, 20, 0, 9223372036854775807, 0, 9223372036854765807
2, 21, 0, 9223372036854775807, 0, 9223372036854765307
2, 22, 0, 9223372036854775807, 0, 9223372036854764807
2, 23, 0, 9223372036854775807, 0, 9223372036854764307
2, 24, 0, 9223372036854775807, 0, 9223372036854763807
2, 25, 0, 9223372036854775807, 0, 9223372036854763307
2, 26, 0, 9223372036854775807, 0, 9223372036854762807
2, 27, 0, 9223372036854775807, 0, 9223372036854762307
2, 28, 0, 9223372036854775807, 0, 9223372036854761807
2, 29, 0, 9223372036854775807, 0, 9223372036854761307
2, 3, 1502, 1528, 2, 28
2, 30, 0, 9223372036854775807, 0, 9223372036854760807
2, 31, 0, 9223372036854775807, 0, 9223372036854760307
2, 32, 0, 9223372036854775807, 0, 9223372036854759807
2, 33, 0, 9223372036854775807, 0, 9223372036854759307
2, 34, 0, 9223372036854775807, 0, 9223372036854758807
2, 35, 0, 9223372036854775807, 0, 9223372036854758307
2, 36, 0, 9223372036854775807, 0, 9223372036854757807
2, 37, 0, 9223372036854775807, 0, 9223372036854757307
2, 38, 0, 9223372036854775807, 0, 9223372036854756807
2, 39, 0, 9223372036854775807, 0, 9223372036854756307
2, 4, 2002, 2036, 2, 36
2, 40, 0, 9223372036854775807, 0, 9223372036854755807
2, 41, 0, 9223372036854775807, 0, 9223372036854755307
2, 42, 0, 9223372036854775807, 0, 9223372036854754807
2, 43, 0, 9223372036854775807, 0, 9223372036854754307
2, 44, 0, 9223372036854775807, 0, 9223372036854753807
2, 45, 0, 9223372036854775807, 0, 9223372036854753307
2, 46, 0, 9223372036854775807, 0, 9223372036854752807
2, 47, 0, 9223372036854775807, 0, 9223372036854752307
2, 48, 0, 9223372036854775807, 0, 9223372036854751807
2, 49, 0, 9223372036854775807, 0, 9223372036854751307
2, 5, 2502, 2528, 2, 28
2, 50, 0, 9223372036854775807, 0, 9223372036854750807
2, 51, 0, 9223372036854775807, 0, 9223372036854750307
2, 52, 0, 9223372036854775807, 0, 9223372036854749807
2, 53, 0, 9223372036854775807, 0, 9223372036854749307
2, 54, 0, 9223372036854775807, 0, 9223372036854748807
2, 55, 0, 9223372036854775807, 0, 9223372036854748307
2, 56, 0, 9223372036854775807, 0, 9223372036854747807
2, 57, 0, 9223372036854775807, 0, 9223372036854747307
2, 58, 0, 9223372036854775807, 0, 9223372036854746807
2, 59, 0, 9223372036854775807, 0, 9223372036854746307
2, 6, 3002, 3028, 2, 28
2, 60, 0, 9223372036854775807, 0, 9223372036854745807
2, 61, 0, 9223372036854775807, 0, 9223372036854745307
2, 62, 0, 9223372036854775807, 0, 9223372036854744807
2, 63, 0, 9223372036854775807, 0, 9223372036854744307
2, 64, 0, 9223372036854775807, 0, 9223372036854743807
2, 65, 0, 9223372036854775807, 0, 9223372036854743307
2, 66, 0, 9223372036854775807, 0, 9223372036854742807
2, 67, 0, 9223372036854775807, 0, 9223372036854742307
2, 68, 0, 9223372036854775807, 0, 9223372036854741807
2, 69, 0, 9223372036854775807, 0, 9223372036854741307
2, 7, 3502, 3528, 2, 28
2, 70, 0, 9223372036854775807, 0, 9223372036854740807
2, 71, 0, 9223372036854775807, 0, 9223372036854740307
2, 72, 0, 9223372036854775807, 0, 9223372036854739807
2, 73, 0, 9223372036854775807, 0, 9223372036854739307
2, 74, 0, 9223372036854775807, 0, 9223372036854738807
2, 75, 0, 9223372036854775807, 0, 9223372036854738307
2, 76, 0, 9223372036854775807, 0, 9223372036854737807
2, 77, 0, 9223372036854775807, 0, 9223372036854737307
2, 78, 0, 9223372036854775807, 0, 9223372036854736807
2, 79, 0, 9223372036854775807, 0, 9223372036854736307
2, 8, 4002, 4036, 2, 36
2, 80, 0, 9223372036854775807, 0, 9223372036854735807
2, 81, 0, 9223372036854775807, 0, 9223372036854735307
2, 82, 0, 9223372036854775807, 0, 9223372036854734807
2, 83, 0, 9223372036854775807, 0, 9223372036854734307
2, 84, 0, 9223372036854775807, 0, 9223372036854733807
2, 85, 0, 9223372036854775807, 0, 9223372036854733307
2, 86, 0, 9223372036854775807, 0, 9223372036854732807
2, 87, 0, 9223372036854775807, 0, 9223372036854732307
2, 88, 0, 9223372036854775807, 0, 9223372036854731807
2, 89, 0, 9223372036854775807, 0, 9223372036854731307
2, 9, 4502, 4528, 2, 28
2, 90, 0, 9223372036854775807, 0, 9223372036854730807
2, 91, 0, 9223372036854775807, 0, 9223372036854730307
2, 92, 0, 9223372036854775807, 0, 9223372036854729807
2, 93, 0, 9223372036854775807, 0, 9223372036854729307
2, 94, 0, 9223372036854775807, 0, 9223372036854728807
2, 95, 0, 9223372036854775807, 0, 9223372036854728307
2, 96, 0, 9223372036854775807, 0, 9223372036854727807
2, 97, 0, 9223372036854775807, 0, 9223372036854727307
2, 98, 0, 9223372036854775807, 0, 9223372036854726807
2, 99, 0, 9223372036854775807, 0, 9223372036854726307
3, 0, 492, 895, 492, 895
3, 1, 1492, 1869, 492, 869
3, 10, 0, 9223372036854775807, 0, 9223372036854765807
3, 11, 0, 9223372036854775807, 0, 9223372036854764807
3, 12, 0, 9223372036854775807, 0, 9223372036854763807
3, 13, 0, 9223372036854775807, 0, 9223372036854762807
3, 14, 0, 9223372036854775807, 0, 9223372036854761807
3, 15, 0, 9223372036854775807, 0, 9223372036854760807
3, 16, 0, 9223372036854775807, 0, 9223372036854759807
3, 17, 0, 9223372036854775807, 0, 9223372036854758807
3, 18, 0, 9223372036854775807, 0, 9223372036854757807
3, 19, 0, 9223372036854775807, 0, 9223372036854756807
3, 2, 2492, 2869, 492, 869
3, 20, 0, 9223372036854775807, 0, 9223372036854755807
3, 21, 0, 9223372036854775807, 0, 9223372036854754807
3, 22, 0, 9223372036854775807, 0, 9223372036854753807
3, 23, 0, 9223372036854775807, 0, 9223372036854752807
3, 24, 0, 9223372036854775807, 0, 9223372036854751807
3, 25, 0, 9223372036854775807, 0, 9223372036854750807
3, 26, 0, 9223372036854775807, 0, 9223372036854749807
3, 27, 0, 9223372036854775807, 0, 9223372036854748807
3, 28, 0, 9223372036854775807, 0, 9223372036854747807
3, 29, 0, 9223372036854775807, 0, 9223372036854746807
3, 3, 3492, 3869, 492, 869
3, 30, 0, 9223372036854775807, 0, 9223372036854745807
3, 31, 0, 9223372036854775807, 0, 9223372036854744807
3, 32, 0, 9223372036854775807, 0, 9223372036854743807
3, 33, 0, 9223372036854775807, 0, 9223372036854742807
3, 34, 0, 9223372036854775807, 0, 9223372036854741807
3, 35, 0, 9223372036854775807, 0, 9223372036854740807
3, 36, 0, 9223372036854775807, 0, 9223372036854739807
3, 37, 0, 9223372036854775807, 0, 9223372036854738807
3, 38, 0, 9223372036854775807, 0, 9223372036854737807
3, 39, 0, 9223372036854775807, 0, 9223372036854736807
3, 4, 4492, 4869, 492, 869
3, 40, 0, 9223372036854775807, 0, 9223372036854735807
3, 41, 0, 9223372036854775807, 0, 9223372036854734807
3, 42, 0, 9223372036854775807, 0, 9223372036854733807
3, 43, 0, 9223372036854775807, 0, 9223372036854732807
3, 44, 0, 9223372036854775807, 0, 9223372036854731807
3, 45, 0, 9223372036854775807, 0, 9223372036854730807
3, 46, 0, 9223372036854775807, 0, 9223372036854729807
3, 47, 0, 9223372036854775807, 0, 9223372036854728807
3, 48, 0, 9223372036854775807, 0, 9223372036854727807
3, 49, 0, 9223372036854775807, 0, 9223372036854726807
3, 5, 5492, 5869, 492, 869
3, 50, 0, 9223372036854775807, 0, 9223372036854725807
3, 51, 0, 9223372036854775807, 0, 9223372036854724807
3, 52, 0, 9223372036854775807, 0, 9223372036854723807
3, 53, 0, 9223372036854775807, 0, 9223372036854722807
3, 54, 0, 9223372036854775807, 0, 9223372036854721807
3, 55, 0, 9223372036854775807, 0, 9223372036854720807
3, 56, 0, 9223372036854775807, 0, 9223372036854719807
3, 57, 0, 9223372036854775807, 0, 9223372036854718807
3, 58, 0, 9223372036854775807, 0, 9223372036854717807
3, 59, 0, 9223372036854775807, 0, 9223372036854716807
3, 6, 0, 9223372036854775807, 0, 9223372036854769807
3, 60, 0, 9223372036854775807, 0, 9223372036854715807
3, 61, 0, 9223372036854775807, 0, 9223372036854714807
3, 62, 0, 9223372036854775807, 0, 9223372036854713807
3, 63, 0, 9223372036854775807, 0, 9223372036854712807
3, 64, 0, 9223372036854775807, 0, 9223372036854711807
3, 65, 0, 9223372036854775807, 0, 9223372036854710807
3, 66, 0, 9223372036854775807, 0, 9223372036854709807
3, 67, 0, 9223372036854775807, 0, 9223372036854708807
3, 68, 0, 9223372036854775807, 0, 9223372036854707807
3, 69, 0, 9223372036854775807, 0, 9223372036854706807
3, 7, 0, 9223372036854775807, 0, 9223372036854768807
3, 70, 0, 9223372036854775807, 0, 9223372036854705807
3, 71, 0, 9223372036854775807, 0, 9223372036854704807
3, 72, 0, 9223372036854775807, 0, 9223372036854703807
3, 73, 0, 9223372036854775807, 0, 9223372036854702807
3, 74, 0, 9223372036854775807, 0, 9223372036854701807
3, 75, 0, 9223372036854775807, 0, 9223372036854700807
3, 76, 0, 9223372036854775807, 0, 9223372036854699807
3, 77, 0, 9223372036854775807, 0, 9223372036854698807
3, 78, 0, 9223372036854775807, 0, 9223372036854697807
3, 79, 0, 9223372036854775807, 0, 9223372036854696807
3, 8, 0, 9223372036854775807, 0, 9223372036854767807
3, 80, 0, 9223372036854775807, 0, 9223372036854695807
3, 81, 0, 9223372036854775807, 0, 9223372036854694807
3, 82, 0, 9223372036854775807, 0, 9223372036854693807
3, 83, 0, 9223372036854775807, 0, 9223372036854692807
3, 84, 0, 9223372036854775807, 0, 9223372036854691807
3, 85, 0, 9223372036854775807, 0, 9223372036854690807
3, 86, 0, 9223372036854775807, 0, 9223372036854689807
3, 87, 0, 9223372036854775807, 0, 9223372036854688807
3, 88, 0, 9223372036854775807, 0, 9223372036854687807
3, 89, 0, 9223372036854775807, 0, 9223372036854686807
3, 9, 0, 9223372036854775807, 0, 9223372036854766807
3, 90, 0, 9223372036854775807, 0, 9223372036854685807
3, 91, 0, 9223372036854775807, 0, 9223372036854684807
3, 92, 0, 9223372036854775807, 0, 9223372036854683807
3, 93, 0, 9223372036854775807, 0, 9223372036854682807
3, 94, 0, 9223372036854775807, 0, 9223372036854681807
3, 95, 0, 9223372036854775807, 0, 9223372036854680807
3, 96, 0, 9223372036854775807, 0, 9223372036854679807
3, 97, 0, 9223372036854775807, 0, 9223372036854678807
3, 98, 0, 9223372036854775807, 0, 9223372036854677807
3, 99, 0, 9223372036854775807, 0, 9223372036854676807
4, 0, 164, 407, 164, 407
4, 1, 2164, 2389, 164, 389
4, 10, 0, 9223372036854775807, 0, 9223372036854755807
4, 11, 0, 9223372036854775807, 0, 9223372036854753807
4, 12, 0, 9223372036854775807, 0, 9223372036854751807
4, 13, 0, 9223372036854775807, 0, 9223372036854749807
4, 14, 0, 9223372036854775807, 0, 9223372036854747807
4, 15, 0, 9223372036854775807, 0, 9223372036854745807
4, 16, 0, 9223372036854775807, 0, 9223372036854743807
4, 17, 0, 9223372036854775807, 0, 9223372036854741807
4, 18, 0, 9223372036854775807, 0, 9223372036854739807
4, 19, 0, 9223372036854775807, 0, 9223372036854737807
4, 2, 4164, 4389, 164, 389
4, 20, 0, 9223372036854775807, 0, 9223372036854735807
4, 21, 0, 9223372036854775807, 0, 9223372036854733807
4, 22, 0, 9223372036854775807, 0, 9223372036854731807
4, 23, 0, 9223372036854775807, 0, 9223372036854729807
4, 24, 0, 9223372036854775807, 0, 9223372036854727807
4, 25, 0, 9223372036854775807, 0, 9223372036854725807
4, 26, 0, 9223372036854775807, 0, 9223372036854723807
4, 27, 0, 9223372036854775807, 0, 9223372036854721807
4, 28, 0, 9223372036854775807, 0, 9223372036854719807
4, 29, 0, 9223372036854775807, 0, 9223372036854717807
4, 3, 0, 9223372036854775807, 0, 9223372036854769807
4, 30, 0, 9223372036854775807, 0, 9223372036854715807
4, 31, 0, 9223372036854775807, 0, 9223372036854713807
4, 32, 0, 9223372036854775807, 0, 9223372036854711807
4, 33, 0, 9223372036854775807, 0, 9223372036854709807
4, 34, 0, 9223372036854775807, 0, 9223372036854707807
4, 35, 0, 9223372036854775807, 0, 9223372036854705807
4, 36, 0, 9223372036854775807, 0, 9223372036854703807
4, 37, 0, 9223372036854775807, 0, 9223372036854701807
4, 38, 0, 9223372036854775807, 0, 9223372036854699807
4, 39, 0, 9223372036854775807, 0, 9223372036854697807
4, 4, 0, 9223372036854775807, 0, 9223372036854767807
4, 40, 0, 9223372036854775807, 0, 9223372036854695807
4, 41, 0, 9223372036854775807, 0, 9223372036854693807
4, 42, 0, 9223372036854775807, 0, 9223372036854691807
4, 43, 0, 9223372036854775807, 0, 9223372036854689807
4, 44, 0, 9223372036854775807, 0, 9223372036854687807
4, 45, 0, 9223372036854775807, 0, 9223372036854685807
4, 46, 0, 9223372036854775807, 0, 9223372036854683807
4, 47, 0, 9223372036854775807, 0, 9223372036854681807
4, 48, 0, 9223372036854775807, 0, 9223372036854679807
4, 49, 0, 9223372036854775807, 0, 9223372036854677807
4, 5, 0, 9223372036854775807, 0, 9223372036854765807
4, 6, 0, 9223372036854775807, 0, 9223372036854763807
4, 7, 0, 9223372036854775807, 0, 9223372036854761807
4, 8, 0, 9223372036854775807, 0, 9223372036854759807
4, 9, 0, 9223372036854775807, 0, 9223372036854757807
5, 0, 42, 169, 42, 169
5, 1, 5042, 5320, 42, 320
5, 10, 0, 9223372036854775807, 0, 9223372036854725807
5, 11, 0, 9223372036854775807, 0, 9223372036854720807
5, 12, 0, 9223372036854775807, 0, 9223372036854715807
5, 13, 0, 9223372036854775807, 0, 9223372036854710807
5, 14, 0, 9223372036854775807, 0, 9223372036854705807
5, 15, 0, 9223372036854775807, 0, 9223372036854700807
5, 16, 0, 9223372036854775807, 0, 9223372036854695807
5, 17, 0, 9223372036854775807, 0, 9223372036854690807
5, 18, 0, 9223372036854775807, 0, 9223372036854685807
5, 19, 0, 9223372036854775807, 0, 9223372036854680807
5, 2, 0, 9223372036854775807, 0, 9223372036854765807
5, 3, 0, 9223372036854775807, 0, 9223372036854760807
5, 4, 0, 9223372036854775807, 0, 9223372036854755807
5, 5, 0, 9223372036854775807, 0, 9223372036854750807
5, 6, 0, 9223372036854775807, 0, 9223372036854745807
5, 7, 0, 9223372036854775807, 0, 9223372036854740807
5, 8, 0, 9223372036854775807, 0, 9223372036854735807
5, 9, 0, 9223372036854775807, 0, 9223372036854730807
6, 0, 116, 709, 116, 709
6, 1, 0, 9223372036854775807, 0, 9223372036854765807
6, 2, 0, 9223372036854775807, 0, 9223372036854755807
6, 3, 0, 9223372036854775807, 0, 9223372036854745807
6, 4, 0, 9223372036854775807, 0, 9223372036854735807
6, 5, 0, 9223372036854775807, 0, 9223372036854725807
6, 6, 0, 9223372036854775807, 0, 9223372036854715807
6, 7, 0, 9223372036854775807, 0, 9223372036854705807
6, 8, 0, 9223372036854775807, 0, 9223372036854695807
6, 9, 0, 9223372036854775807, 0, 9223372036854685807
7, 0, 1, 1254, 1, 1254
7, 1, 0, 9223372036854775807, 0, 9223372036854755807
7, 2, 0, 9223372036854775807, 0, 9223372036854735807
7, 3, 0, 9223372036854775807, 0, 9223372036854715807
7, 4, 0, 9223372036854775807, 0, 9223372036854695807
8, 0, 1, 5272, 1, 5272
9, 0, 1, 5272, 1, 5272
