Task ID, Job ID, BCCT, WCCT, BCRT, WCRT
0, 0, 282, 4047, 282, 4047
0, 1, 10282, 10970, 282, 970
0, 10, 100282, 100970, 282, 970
0, 100, 1000282, 1000970, 282, 970
0, 1000, 10000282, 10000970, 282, 970
0, 10000, 100000282, 100002056, 282, 2056
0, 10001, 100010282, 100010970, 282, 970
0, 10002, 100020282, 100020970, 282, 970
0, 10003, 100030282, 100030970, 282, 970
0, 10004, 100040282, 100040970, 282, 970
0, 10005, 100050282, 100051244, 282, 1244
0, 10006, 100060282, 100060970, 282, 970
0, 10007, 100070282, 100070970, 282, 970
0, 10008, 100080282, 100081244, 282, 1244
0, 10009, 100090282, 100090970, 282, 970
0, 1001, 10010282, 10010970, 282, 970
0, 10010, 100100282, 100102072, 282, 2072
0, 10011, 100110282, 100110970, 282, 970
0, 10012, 100120282, 100120970, 282, 970
0, 10013, 100130282, 100130970, 282, 970
0, 10014, 100140282, 100141669, 282, 1669
0, 10015, 100150282, 100150970, 282, 970
0, 10016, 100160282, 100160970, 282, 970
0, 10017, 100170282, 100171669, 282, 1669
0, 10018, 100180282, 100180970, 282, 970
0, 10019, 100190282, 100190970, 282, 970
0, 1002, 10020282, 10020970, 282, 970
0, 10020, 100200282, 100201244, 282, 1244
0, 10021, 100210282, 100210970, 282, 970
0, 10022, 100220282, 100220970, 282, 970
0, 10023, 100230282, 100230970, 282, 970
0, 10024, 100240282, 100244047, 282, 4047
0, 10025, 100250282, 100251669, 282, 1669
0, 10026, 100260282, 100260970, 282, 970
0, 10027, 100270282, 100270970, 282, 970
0, 10028, 100280282, 100280970, 282, 970
0, 10029, 100290282, 100290970, 282, 970
0, 1003, 10030282, 10030970, 282, 970
0, 10030, 100300282, 100300970, 282, 970
0, 10031, 100310282, 100312081, 282, 2081
0, 10032, 100320282, 100322056, 282, 2056
0, 10033, 100330282, 100330970, 282, 970
0, 10034, 100340282, 100340970, 282, 970
0, 10035, 100350282, 100351244, 282, 1244
0, 10036, 100360282, 100360970, 282, 970
0, 10037, 100370282, 100370970, 282, 970
0, 10038, 100380282, 100382056, 282, 2056
0, 10039, 100390282, 100390970, 282, 970
0, 1004, 10040282, 10040970, 282, 970
0, 10040, 100400282, 100402056, 282, 2056
0, 10041, 100410282, 100411244, 282, 1244
0, 10042, 100420282, 100420970, 282, 970
0, 10043, 100430282, 100430970, 282, 970
0, 10044, 100440282, 100440970, 282, 970
0, 10045, 100450282, 100452072, 282, 2072
0, 10046, 100460282, 100460970, 282, 970
0, 10047, 100470282, 100470970, 282, 970
0, 10048, 100480282, 100480970, 282, 970
0, 10049, 100490282, 100492818, 282, 2818
0, 1005, 10050282, 10051669, 282, 1669
0, 10050, 100500282, 100501669, 282, 1669
0, 10051, 100510282, 100510970, 282, 970
0, 10052, 100520282, 100522056, 282, 2056
0, 10053, 100530282, 100530970, 282, 970
0, 10054, 100540282, 100540970, 282, 970
0, 10055, 100550282, 100550970, 282, 970
0, 10056, 100560282, 100562056, 282, 2056
0, 10057, 100570282, 100571435, 282, 1435
0, 10058, 100580282, 100580970, 282, 970
0, 10059, 100590282, 100592081, 282, 2081
0, 1006, 10060282, 10060970, 282, 970
0, 10060, 100600282, 100600970, 282, 970
0, 10061, 100610282, 100610970, 282, 970
0, 10062, 100620282, 100620970, 282, 970
0, 10063, 100630282, 100630970, 282, 970
0, 10064, 100640282, 100640970, 282, 970
0, 10065, 100650282, 100651244, 282, 1244
0, 10066, 100660282, 100662081, 282, 2081
0, 10067, 100670282, 100670970, 282, 970
0, 10068, 100680282, 100680970, 282, 970
0, 10069, 100690282, 100690970, 282, 970
0, 1007, 10070282, 10070970, 282, 970
0, 10070, 100700282, 100700970, 282, 970
0, 10071, 100710282, 100710970, 282, 970
0, 10072, 100720282, 100720970, 282, 970
0, 10073, 100730282, 100732081, 282, 2081
0, 10074, 100740282, 100741244, 282, 1244
0, 10075, 100750282, 100750970, 282, 970
0, 10076, 100760282, 100760970, 282, 970
0, 10077, 100770282, 100770970, 282, 970
0, 10078, 100780282, 100780970, 282, 970
0, 10079, 100790282, 100790970, 282, 970
0, 1008, 10080282, 10082081, 282, 2081
0, 10080, 100800282, 100802081, 282, 2081
0, 10081, 100810282, 100810970, 282, 970
0, 10082, 100820282, 100820970, 282, 970
0, 10083, 100830282, 100830970, 282, 970
0, 10084, 100840282, 100840970, 282, 970
0, 10085, 100850282, 100850970, 282, 970
0, 10086, 100860282, 100860970, 282, 970
0, 10087, 100870282, 100870970, 282, 970
0, 10088, 100880282, 100880970, 282, 970
0, 10089, 100890282, 100890970, 282, 970
0, 1009, 10090282, 10090970, 282, 970
0, 10090, 100900282, 100900970, 282, 970
0, 10091, 100910282, 100912057, 282, 2057
0, 10092, 100920282, 100921244, 282, 1244
0, 10093, 100930282, 100930970, 282, 970
0, 10094, 100940282, 100942056, 282, 2056
0, 10095, 100950282, 100950970, 282, 970
0, 10096, 100960282, 100960970, 282, 970
0, 10097, 100970282, 100970970, 282, 970
0, 10098, 100980282, 100981669, 282, 1669
0, 10099, 100990282, 100990970, 282, 970
0, 101, 1010282, 1010970, 282, 970
0, 1010, 10100282, 10100970, 282, 970
0, 10100, 101000282, 101000970, 282, 970
0, 10101, 101010282, 101012081, 282, 2081
0, 10102, 101020282, 101020970, 282, 970
0, 10103, 101030282, 101030970, 282, 970
0, 10104, 101040282, 101041244, 282, 1244
0, 10105, 101050282, 101050970, 282, 970
0, 10106, 101060282, 101060970, 282, 970
0, 10107, 101070282, 101070970, 282, 970
0, 10108, 101080282, 101082081, 282, 2081
0, 10109, 101090282, 101090970, 282, 970
0, 1011, 10110282, 10110970, 282, 970
0, 10110, 101100282, 101101669, 282, 1669
0, 10111, 101110282, 101110970, 282, 970
0, 10112, 101120282, 101120970, 282, 970
0, 10113, 101130282, 101130970, 282, 970
0, 10114, 101140282, 101140970, 282, 970
0, 10115, 101150282, 101152081, 282, 2081
0, 10116, 101160282, 101161244, 282, 1244
0, 10117, 101170282, 101170970, 282, 970
0, 10118, 101180282, 101180970, 282, 970
0, 10119, 101190282, 101190970, 282, 970
0, 1012, 10120282, 10120970, 282, 970
0, 10120, 101200282, 101200970, 282, 970
0, 10121, 101210282, 101210970, 282, 970
0, 10122, 101220282, 101222056, 282, 2056
0, 10123, 101230282, 101230970, 282, 970
0, 10124, 101240282, 101240970, 282, 970
0, 10125, 101250282, 101251244, 282, 1244
0, 10126, 101260282, 101260970, 282, 970
0, 10127, 101270282, 101270970, 282, 970
0, 10128, 101280282, 101281244, 282, 1244
0, 10129, 101290282, 101290970, 282, 970
0, 1013, 10130282, 10130970, 282, 970
0, 10130, 101300282, 101300970, 282, 970
0, 10131, 101310282, 101310970, 282, 970
0, 10132, 101320282, 101320970, 282, 970
0, 10133, 101330282, 101334126, 282, 4126
0, 10134, 101340282, 101341244, 282, 1244
0, 10135, 101350282, 101350970, 282, 970
0, 10136, 101360282, 101362081, 282, 2081
0, 10137, 101370282, 101370970, 282, 970
0, 10138, 101380282, 101380970, 282, 970
0, 10139, 101390282, 101390970, 282, 970
0, 1014, 10140282, 10141244, 282, 1244
0, 10140, 101400282, 101401669, 282, 1669
0, 10141, 101410282, 101410970, 282, 970
0, 10142, 101420282, 101420970, 282, 970
0, 10143, 101430282, 101432081, 282, 2081
0, 10144, 101440282, 101440970, 282, 970
0, 10145, 101450282, 101450970, 282, 970
0, 10146, 101460282, 101460970, 282, 970
0, 10147, 101470282, 101470970, 282, 970
0, 10148, 101480282, 101480970, 282, 970
0, 10149, 101490282, 101490970, 282, 970
0, 1015, 10150282, 10152081, 282, 2081
0, 10150, 101500282, 101502081, 282, 2081
0, 10151, 101510282, 101510970, 282, 970
0, 10152, 101520282, 101521669, 282, 1669
0, 10153, 101530282, 101530970, 282, 970
0, 10154, 101540282, 101540970, 282, 970
0, 10155, 101550282, 101550970, 282, 970
0, 10156, 101560282, 101560970, 282, 970
0, 10157, 101570282, 101570970, 282, 970
0, 10158, 101580282, 101581244, 282, 1244
0, 10159, 101590282, 101590970, 282, 970
0, 1016, 10160282, 10160970, 282, 970
0, 10160, 101600282, 101602056, 282, 2056
0, 10161, 101610282, 101610970, 282, 970
0, 10162, 101620282, 101620970, 282, 970
0, 10163, 101630282, 101630970, 282, 970
0, 10164, 101640282, 101642056, 282, 2056
0, 10165, 101650282, 101650970, 282, 970
0, 10166, 101660282, 101660970, 282, 970
0, 10167, 101670282, 101670970, 282, 970
0, 10168, 101680282, 101682056, 282, 2056
0, 10169, 101690282, 101690970, 282, 970
0, 1017, 10170282, 10170970, 282, 970
0, 10170, 101700282, 101701244, 282, 1244
0, 10171, 101710282, 101710970, 282, 970
0, 10172, 101720282, 101720970, 282, 970
0, 10173, 101730282, 101730970, 282, 970
0, 10174, 101740282, 101740970, 282, 970
0, 10175, 101750282, 101750970, 282, 970
0, 10176, 101760282, 101761669, 282, 1669
0, 10177, 101770282, 101770970, 282, 970
0, 10178, 101780282, 101782081, 282, 2081
0, 10179, 101790282, 101790970, 282, 970
0, 1018, 10180282, 10180970, 282, 970
0, 10180, 101800282, 101800970, 282, 970
0, 10181, 101810282, 101810970, 282, 970
0, 10182, 101820282, 101821244, 282, 1244
0, 10183, 101830282, 101830970, 282, 970
0, 10184, 101840282, 101840970, 282, 970
0, 10185, 101850282, 101852981, 282, 2981
0, 10186, 101860282, 101860970, 282, 970
0, 10187, 101870282, 101870970, 282, 970
0, 10188, 101880282, 101880970, 282, 970
0, 10189, 101890282, 101890970, 282, 970
0, 1019, 10190282, 10190970, 282, 970
0, 10190, 101900282, 101900970, 282, 970
0, 10191, 101910282, 101910970, 282, 970
0, 10192, 101920282, 101924047, 282, 4047
0, 10193, 101930282, 101932072, 282, 2072
0, 10194, 101940282, 101941244, 282, 1244
0, 10195, 101950282, 101950970, 282, 970
0, 10196, 101960282, 101960970, 282, 970
0, 10197, 101970282, 101970970, 282, 970
0, 10198, 101980282, 101980970, 282, 970
0, 10199, 101990282, 101990970, 282, 970
0, 102, 1020282, 1021669, 282, 1669
0, 1020, 10200282, 10201669, 282, 1669
0, 10200, 102000282, 102002056, 282, 2056
0, 10201, 102010282, 102010970, 282, 970
0, 10202, 102020282, 102020970, 282, 970
0, 10203, 102030282, 102031244, 282, 1244
0, 10204, 102040282, 102040970, 282, 970
0, 10205, 102050282, 102050970, 282, 970
0, 10206, 102060282, 102062056, 282, 2056
0, 10207, 102070282, 102070970, 282, 970
0, 10208, 102080282, 102080970, 282, 970
0, 10209, 102090282, 102090970, 282, 970
0, 1021, 10210282, 10210970, 282, 970
0, 10210, 102100282, 102102056, 282, 2056
0, 10211, 102110282, 102110970, 282, 970
0, 10212, 102120282, 102120970, 282, 970
0, 10213, 102130282, 102130970, 282, 970
0, 10214, 102140282, 102140970, 282, 970
0, 10215, 102150282, 102150970, 282, 970
0, 10216, 102160282, 102160970, 282, 970
0, 10217, 102170282, 102170970, 282, 970
0, 10218, 102180282, 102181244, 282, 1244
0, 10219, 102190282, 102190970, 282, 970
0, 1022, 10220282, 10222081, 282, 2081
0, 10220, 102200282, 102202081, 282, 2081
0, 10221, 102210282, 102210970, 282, 970
0, 10222, 102220282, 102220970, 282, 970
0, 10223, 102230282, 102230970, 282, 970
0, 10224, 102240282, 102241669, 282, 1669
0, 10225, 102250282, 102250970, 282, 970
0, 10226, 102260282, 102260970, 282, 970
0, 10227, 102270282, 102272081, 282, 2081
0, 10228, 102280282, 102281060, 282, 1060
0, 10229, 102290282, 102290970, 282, 970
0, 1023, 10230282, 10230970, 282, 970
0, 10230, 102300282, 102301244, 282, 1244
0, 10231, 102310282, 102310970, 282, 970
0, 10232, 102320282, 102320970, 282, 970
0, 10233, 102330282, 102330970, 282, 970
0, 10234, 102340282, 102342081, 282, 2081
0, 10235, 102350282, 102350970, 282, 970
0, 10236, 102360282, 102361244, 282, 1244
0, 10237, 102370282, 102370970, 282, 970
0, 10238, 102380282, 102380970, 282, 970
0, 10239, 102390282, 102390970, 282, 970
0, 1024, 10240282, 10240970, 282, 970
0, 10240, 102400282, 102400970, 282, 970
0, 10241, 102410282, 102410970, 282, 970
0, 10242, 102420282, 102420970, 282, 970
0, 10243, 102430282, 102430970, 282, 970
0, 10244, 102440282, 102440970, 282, 970
0, 10245, 102450282, 102451669, 282, 1669
0, 10246, 102460282, 102460970, 282, 970
0, 10247, 102470282, 102470970, 282, 970
0, 10248, 102480282, 102482081, 282, 2081
0, 10249, 102490282, 102490970, 282, 970
0, 1025, 10250282, 10250970, 282, 970
0, 10250, 102500282, 102500970, 282, 970
0, 10251, 102510282, 102510970, 282, 970
0, 10252, 102520282, 102520970, 282, 970
0, 10253, 102530282, 102530970, 282, 970
0, 10254, 102540282, 102541244, 282, 1244
0, 10255, 102550282, 102552072, 282, 2072
0, 10256, 102560282, 102560970, 282, 970
0, 10257, 102570282, 102570970, 282, 970
0, 10258, 102580282, 102580970, 282, 970
0, 10259, 102590282, 102590970, 282, 970
0, 1026, 10260282, 10261244, 282, 1244
0, 10260, 102600282, 102601669, 282, 1669
0, 10261, 102610282, 102610970, 282, 970
0, 10262, 102620282, 102622081, 282, 2081
0, 10263, 102630282, 102630970, 282, 970
0, 10264, 102640282, 102640970, 282, 970
0, 10265, 102650282, 102650970, 282, 970
0, 10266, 102660282, 102661244, 282, 1244
0, 10267, 102670282, 102670970, 282, 970
0, 10268, 102680282, 102680970, 282, 970
0, 10269, 102690282, 102692081, 282, 2081
0, 1027, 10270282, 10270970, 282, 970
0, 10270, 102700282, 102700970, 282, 970
0, 10271, 102710282, 102710970, 282, 970
0, 10272, 102720282, 102721244, 282, 1244
0, 10273, 102730282, 102730970, 282, 970
0, 10274, 102740282, 102740970, 282, 970
0, 10275, 102750282, 102750970, 282, 970
0, 10276, 102760282, 102762056, 282, 2056
0, 10277, 102770282, 102770970, 282, 970
0, 10278, 102780282, 102781244, 282, 1244
0, 10279, 102790282, 102790970, 282, 970
0, 1028, 10280282, 10280970, 282, 970
0, 10280, 102800282, 102802056, 282, 2056
0, 10281, 102810282, 102810970, 282, 970
0, 10282, 102820282, 102820970, 282, 970
0, 10283, 102830282, 102830970, 282, 970
0, 10284, 102840282, 102840970, 282, 970
0, 10285, 102850282, 102850970, 282, 970
0, 10286, 102860282, 102860970, 282, 970
0, 10287, 102870282, 102871244, 282, 1244
0, 10288, 102880282, 102880970, 282, 970
0, 10289, 102890282, 102890970, 282, 970
0, 1029, 10290282, 10292081, 282, 2081
0, 10290, 102900282, 102902072, 282, 2072
0, 10291, 102910282, 102910970, 282, 970
0, 10292, 102920282, 102920970, 282, 970
0, 10293, 102930282, 102930970, 282, 970
0, 10294, 102940282, 102940970, 282, 970
0, 10295, 102950282, 102950970, 282, 970
0, 10296, 102960282, 102961669, 282, 1669
0, 10297, 102970282, 102972081, 282, 2081
0, 10298, 102980282, 102980970, 282, 970
0, 10299, 102990282, 102990970, 282, 970
0, 103, 1030282, 1030970, 282, 970
0, 1030, 10300282, 10301183, 282, 1183
0, 10300, 103000282, 103000970, 282, 970
0, 10301, 103010282, 103010970, 282, 970
0, 10302, 103020282, 103021244, 282, 1244
0, 10303, 103030282, 103030970, 282, 970
0, 10304, 103040282, 103044047, 282, 4047
0, 10305, 103050282, 103051244, 282, 1244
0, 10306, 103060282, 103060970, 282, 970
0, 10307, 103070282, 103070970, 282, 970
0, 10308, 103080282, 103081244, 282, 1244
0, 10309, 103090282, 103090970, 282, 970
0, 1031, 10310282, 10310970, 282, 970
0, 10310, 103100282, 103100970, 282, 970
0, 10311, 103110282, 103112081, 282, 2081
0, 10312, 103120282, 103121183, 282, 1183
0, 10313, 103130282, 103130970, 282, 970
0, 10314, 103140282, 103141244, 282, 1244
0, 10315, 103150282, 103150970, 282, 970
0, 10316, 103160282, 103160970, 282, 970
0, 10317, 103170282, 103170970, 282, 970
0, 10318, 103180282, 103182056, 282, 2056
0, 10319, 103190282, 103190970, 282, 970
0, 1032, 10320282, 10321669, 282, 1669
0, 10320, 103200282, 103202056, 282, 2056
0, 10321, 103210282, 103210970, 282, 970
0, 10322, 103220282, 103220970, 282, 970
0, 10323, 103230282, 103230970, 282, 970
0, 10324, 103240282, 103240970, 282, 970
0, 10325, 103250282, 103252072, 282, 2072
0, 10326, 103260282, 103260970, 282, 970
0, 10327, 103270282, 103270970, 282, 970
0, 10328, 103280282, 103280970, 282, 970
0, 10329, 103290282, 103291526, 282, 1526
0, 1033, 10330282, 10330970, 282, 970
0, 10330, 103300282, 103300970, 282, 970
0, 10331, 103310282, 103310970, 282, 970
0, 10332, 103320282, 103322056, 282, 2056
0, 10333, 103330282, 103330970, 282, 970
0, 10334, 103340282, 103340970, 282, 970
0, 10335, 103350282, 103350970, 282, 970
0, 10336, 103360282, 103362056, 282, 2056
0, 10337, 103370282, 103370970, 282, 970
0, 10338, 103380282, 103381244, 282, 1244
0, 10339, 103390282, 103392081, 282, 2081
0, 1034, 10340282, 10340970, 282, 970
0, 10340, 103400282, 103400970, 282, 970
0, 10341, 103410282, 103410970, 282, 970
0, 10342, 103420282, 103420970, 282, 970
0, 10343, 103430282, 103430970, 282, 970
0, 10344, 103440282, 103441244, 282, 1244
0, 10345, 103450282, 103450970, 282, 970
0, 10346, 103460282, 103462081, 282, 2081
0, 10347, 103470282, 103471244, 282, 1244
0, 10348, 103480282, 103480970, 282, 970
0, 10349, 103490282, 103490970, 282, 970
0, 1035, 10350282, 10350970, 282, 970
0, 10350, 103500282, 103501669, 282, 1669
0, 10351, 103510282, 103510970, 282, 970
0, 10352, 103520282, 103520970, 282, 970
0, 10353, 103530282, 103532081, 282, 2081
0, 10354, 103540282, 103540970, 282, 970
0, 10355, 103550282, 103550970, 282, 970
0, 10356, 103560282, 103561244, 282, 1244
0, 10357, 103570282, 103570970, 282, 970
0, 10358, 103580282, 103580970, 282, 970
0, 10359, 103590282, 103590970, 282, 970
0, 1036, 10360282, 10362056, 282, 2056
0, 10360, 103600282, 103602081, 282, 2081
0, 10361, 103610282, 103610970, 282, 970
0, 10362, 103620282, 103621244, 282, 1244
0, 10363, 103630282, 103630970, 282, 970
0, 10364, 103640282, 103640970, 282, 970
0, 10365, 103650282, 103650970, 282, 970
0, 10366, 103660282, 103660970, 282, 970
0, 10367, 103670282, 103670970, 282, 970
0, 10368, 103680282, 103681244, 282, 1244
0, 10369, 103690282, 103690970, 282, 970
0, 1037, 10370282, 10370970, 282, 970
0, 10370, 103700282, 103700970, 282, 970
0, 10371, 103710282, 103711244, 282, 1244
0, 10372, 103720282, 103720970, 282, 970
0, 10373, 103730282, 103730970, 282, 970
0, 10374, 103740282, 103742056, 282, 2056
0, 10375, 103750282, 103750970, 282, 970
0, 10376, 103760282, 103760970, 282, 970
0, 10377, 103770282, 103770970, 282, 970
0, 10378, 103780282, 103780970, 282, 970
0, 10379, 103790282, 103790970, 282, 970
0, 1038, 10380282, 10381244, 282, 1244
0, 10380, 103800282, 103801669, 282, 1669
0, 10381, 103810282, 103812081, 282, 2081
0, 10382, 103820282, 103820970, 282, 970
0, 10383, 103830282, 103830970, 282, 970
0, 10384, 103840282, 103840970, 282, 970
0, 10385, 103850282, 103850970, 282, 970
0, 10386, 103860282, 103860970, 282, 970
0, 10387, 103870282, 103870970, 282, 970
0, 10388, 103880282, 103882081, 282, 2081
0, 10389, 103890282, 103891244, 282, 1244
0, 1039, 10390282, 10390970, 282, 970
0, 10390, 103900282, 103900970, 282, 970
0, 10391, 103910282, 103910970, 282, 970
0, 10392, 103920282, 103921669, 282, 1669
0, 10393, 103930282, 103930970, 282, 970
0, 10394, 103940282, 103940970, 282, 970
0, 10395, 103950282, 103952072, 282, 2072
0, 10396, 103960282, 103960970, 282, 970
0, 10397, 103970282, 103970970, 282, 970
0, 10398, 103980282, 103981244, 282, 1244
0, 10399, 103990282, 103990970, 282, 970
0, 104, 1040282, 1040970, 282, 970
0, 1040, 10400282, 10402072, 282, 2072
0, 10400, 104000282, 104000970, 282, 970
0, 10401, 104010282, 104010970, 282, 970
0, 10402, 104020282, 104022056, 282, 2056
0, 10403, 104030282, 104030970, 282, 970
0, 10404, 104040282, 104041244, 282, 1244
0, 10405, 104050282, 104050970, 282, 970
0, 10406, 104060282, 104060970, 282, 970
0, 10407, 104070282, 104070970, 282, 970
0, 10408, 104080282, 104080970, 282, 970
0, 10409, 104090282, 104090970, 282, 970
0, 1041, 10410282, 10410970, 282, 970
0, 10410, 104100282, 104101244, 282, 1244
0, 10411, 104110282, 104110970, 282, 970
0, 10412, 104120282, 104120970, 282, 970
0, 10413, 104130282, 104131244, 282, 1244
0, 10414, 104140282, 104140970, 282, 970
0, 10415, 104150282, 104150970, 282, 970
0, 10416, 104160282, 104162081, 282, 2081
0, 10417, 104170282, 104170970, 282, 970
0, 10418, 104180282, 104180970, 282, 970
0, 10419, 104190282, 104190970, 282, 970
0, 1042, 10420282, 10420970, 282, 970
0, 10420, 104200282, 104200970, 282, 970
0, 10421, 104210282, 104210970, 282, 970
0, 10422, 104220282, 104221244, 282, 1244
0, 10423, 104230282, 104232081, 282, 2081
0, 10424, 104240282, 104240970, 282, 970
0, 10425, 104250282, 104250970, 282, 970
0, 10426, 104260282, 104260970, 282, 970
0, 10427, 104270282, 104270970, 282, 970
0, 10428, 104280282, 104280970, 282, 970
0, 10429, 104290282, 104290970, 282, 970
0, 1043, 10430282, 10430970, 282, 970
0, 10430, 104300282, 104302081, 282, 2081
0, 10431, 104310282, 104310970, 282, 970
0, 10432, 104320282, 104320970, 282, 970
0, 10433, 104330282, 104330970, 282, 970
0, 10434, 104340282, 104341244, 282, 1244
0, 10435, 104350282, 104350970, 282, 970
0, 10436, 104360282, 104360970, 282, 970
0, 10437, 104370282, 104371669, 282, 1669
0, 10438, 104380282, 104380970, 282, 970
0, 10439, 104390282, 104390970, 282, 970
0, 1044, 10440282, 10440970, 282, 970
0, 10440, 104400282, 104402056, 282, 2056
0, 10441, 104410282, 104410970, 282, 970
0, 10442, 104420282, 104420970, 282, 970
0, 10443, 104430282, 104430970, 282, 970
0, 10444, 104440282, 104442056, 282, 2056
0, 10445, 104450282, 104450970, 282, 970
0, 10446, 104460282, 104460970, 282, 970
0, 10447, 104470282, 104470970, 282, 970
0, 10448, 104480282, 104482461, 282, 2461
0, 10449, 104490282, 104491244, 282, 1244
0, 1045, 10450282, 10450970, 282, 970
0, 10450, 104500282, 104500970, 282, 970
0, 10451, 104510282, 104510970, 282, 970
0, 10452, 104520282, 104520970, 282, 970
0, 10453, 104530282, 104530970, 282, 970
0, 10454, 104540282, 104540970, 282, 970
0, 10455, 104550282, 104551669, 282, 1669
0, 10456, 104560282, 104560970, 282, 970
0, 10457, 104570282, 104570970, 282, 970
0, 10458, 104580282, 104582081, 282, 2081
0, 10459, 104590282, 104590970, 282, 970
0, 1046, 10460282, 10460970, 282, 970
0, 10460, 104600282, 104600970, 282, 970
0, 10461, 104610282, 104610970, 282, 970
0, 10462, 104620282, 104620970, 282, 970
0, 10463, 104630282, 104630970, 282, 970
0, 10464, 104640282, 104641669, 282, 1669
0, 10465, 104650282, 104652081, 282, 2081
0, 10466, 104660282, 104662056, 282, 2056
0, 10467, 104670282, 104670970, 282, 970
0, 10468, 104680282, 104680970, 282, 970
0, 10469, 104690282, 104690970, 282, 970
0, 1047, 10470282, 10471244, 282, 1244
0, 10470, 104700282, 104701244, 282, 1244
0, 10471, 104710282, 104710970, 282, 970
0, 10472, 104720282, 104724047, 282, 4047
0, 10473, 104730282, 104730970, 282, 970
0, 10474, 104740282, 104740970, 282, 970
0, 10475, 104750282, 104750970, 282, 970
0, 10476, 104760282, 104761244, 282, 1244
0, 10477, 104770282, 104770970, 282, 970
0, 10478, 104780282, 104780970, 282, 970
0, 10479, 104790282, 104791669, 282, 1669
0, 1048, 10480282, 10480970, 282, 970
0, 10480, 104800282, 104800970, 282, 970
0, 10481, 104810282, 104810970, 282, 970
0, 10482, 104820282, 104821244, 282, 1244
0, 10483, 104830282, 104830970, 282, 970
0, 10484, 104840282, 104840970, 282, 970
0, 10485, 104850282, 104850970, 282, 970
0, 10486, 104860282, 104862056, 282, 2056
0, 10487, 104870282, 104870970, 282, 970
0, 10488, 104880282, 104881244, 282, 1244
0, 10489, 104890282, 104890970, 282, 970
0, 1049, 10490282, 10490970, 282, 970
0, 10490, 104900282, 104903282, 282, 3282
0, 10491, 104910282, 104910970, 282, 970
0, 10492, 104920282, 104920970, 282, 970
0, 10493, 104930282, 104930970, 282, 970
0, 10494, 104940282, 104940970, 282, 970
0, 10495, 104950282, 104950970, 282, 970
0, 10496, 104960282, 104960970, 282, 970
0, 10497, 104970282, 104970970, 282, 970
0, 10498, 104980282, 104980970, 282, 970
0, 10499, 104990282, 104990970, 282, 970
0, 105, 1050282, 1052081, 282, 2081
0, 1050, 10500282, 10502072, 282, 2072
0, 10500, 105000282, 105002081, 282, 2081
0, 10501, 105010282, 105010970, 282, 970
0, 10502, 105020282, 105020970, 282, 970
0, 10503, 105030282, 105030970, 282, 970
0, 10504, 105040282, 105040970, 282, 970
0, 10505, 105050282, 105050970, 282, 970
0, 10506, 105060282, 105061244, 282, 1244
0, 10507, 105070282, 105072081, 282, 2081
0, 10508, 105080282, 105080970, 282, 970
0, 10509, 105090282, 105090970, 282, 970
0, 1051, 10510282, 10510970, 282, 970
0, 10510, 105100282, 105100970, 282, 970
0, 10511, 105110282, 105110970, 282, 970
0, 10512, 105120282, 105121244, 282, 1244
0, 10513, 105130282, 105130970, 282, 970
0, 10514, 105140282, 105142056, 282, 2056
0, 10515, 105150282, 105151244, 282, 1244
0, 10516, 105160282, 105160970, 282, 970
0, 10517, 105170282, 105170970, 282, 970
0, 10518, 105180282, 105181244, 282, 1244
0, 10519, 105190282, 105190970, 282, 970
0, 1052, 10520282, 10520970, 282, 970
0, 10520, 105200282, 105200970, 282, 970
0, 10521, 105210282, 105211669, 282, 1669
0, 10522, 105220282, 105220970, 282, 970
0, 10523, 105230282, 105230970, 282, 970
0, 10524, 105240282, 105241244, 282, 1244
0, 10525, 105250282, 105250970, 282, 970
0, 10526, 105260282, 105260970, 282, 970
0, 10527, 105270282, 105270970, 282, 970
0, 10528, 105280282, 105282081, 282, 2081
0, 10529, 105290282, 105290970, 282, 970
0, 1053, 10530282, 10530970, 282, 970
0, 10530, 105300282, 105301244, 282, 1244
0, 10531, 105310282, 105310970, 282, 970
0, 10532, 105320282, 105320970, 282, 970
0, 10533, 105330282, 105330970, 282, 970
0, 10534, 105340282, 105340970, 282, 970
0, 10535, 105350282, 105352072, 282, 2072
0, 10536, 105360282, 105361244, 282, 1244
0, 10537, 105370282, 105370970, 282, 970
0, 10538, 105380282, 105380970, 282, 970
0, 10539, 105390282, 105390970, 282, 970
0, 1054, 10540282, 10540970, 282, 970
0, 10540, 105400282, 105400970, 282, 970
0, 10541, 105410282, 105410970, 282, 970
0, 10542, 105420282, 105422081, 282, 2081
0, 10543, 105430282, 105430970, 282, 970
0, 10544, 105440282, 105440970, 282, 970
0, 10545, 105450282, 105450970, 282, 970
0, 10546, 105460282, 105460970, 282, 970
0, 10547, 105470282, 105470970, 282, 970
0, 10548, 105480282, 105480970, 282, 970
0, 10549, 105490282, 105492081, 282, 2081
0, 1055, 10550282, 10550970, 282, 970
0, 10550, 105500282, 105502072, 282, 2072
0, 10551, 105510282, 105510970, 282, 970
0, 10552, 105520282, 105520970, 282, 970
0, 10553, 105530282, 105530970, 282, 970
0, 10554, 105540282, 105540970, 282, 970
0, 10555, 105550282, 105550970, 282, 970
0, 10556, 105560282, 105562056, 282, 2056
0, 10557, 105570282, 105570970, 282, 970
0, 10558, 105580282, 105580970, 282, 970
0, 10559, 105590282, 105590970, 282, 970
0, 1056, 10560282, 10561669, 282, 1669
0, 10560, 105600282, 105602072, 282, 2072
0, 10561, 105610282, 105610970, 282, 970
0, 10562, 105620282, 105620970, 282, 970
0, 10563, 105630282, 105631669, 282, 1669
0, 10564, 105640282, 105640970, 282, 970
0, 10565, 105650282, 105650970, 282, 970
0, 10566, 105660282, 105661244, 282, 1244
0, 10567, 105670282, 105670970, 282, 970
0, 10568, 105680282, 105680970, 282, 970
0, 10569, 105690282, 105690970, 282, 970
0, 1057, 10570282, 10572081, 282, 2081
0, 10570, 105700282, 105702072, 282, 2072
0, 10571, 105710282, 105710970, 282, 970
0, 10572, 105720282, 105720970, 282, 970
0, 10573, 105730282, 105730970, 282, 970
0, 10574, 105740282, 105740970, 282, 970
0, 10575, 105750282, 105751244, 282, 1244
0, 10576, 105760282, 105760970, 282, 970
0, 10577, 105770282, 105772081, 282, 2081
0, 10578, 105780282, 105780970, 282, 970
0, 10579, 105790282, 105790970, 282, 970
0, 1058, 10580282, 10580970, 282, 970
0, 10580, 105800282, 105800970, 282, 970
0, 10581, 105810282, 105810970, 282, 970
0, 10582, 105820282, 105820970, 282, 970
0, 10583, 105830282, 105830970, 282, 970
0, 10584, 105840282, 105844047, 282, 4047
0, 10585, 105850282, 105850970, 282, 970
0, 10586, 105860282, 105860970, 282, 970
0, 10587, 105870282, 105870970, 282, 970
0, 10588, 105880282, 105880970, 282, 970
0, 10589, 105890282, 105890970, 282, 970
0, 1059, 10590282, 10590970, 282, 970
0, 10590, 105900282, 105901244, 282, 1244
0, 10591, 105910282, 105912081, 282, 2081
0, 10592, 105920282, 105920970, 282, 970
0, 10593, 105930282, 105931244, 282, 1244
0, 10594, 105940282, 105940970, 282, 970
0, 10595, 105950282, 105950970, 282, 970
0, 10596, 105960282, 105960970, 282, 970
0, 10597, 105970282, 105970970, 282, 970
0, 10598, 105980282, 105982056, 282, 2056
0, 10599, 105990282, 105990970, 282, 970
0, 106, 1060282, 1060970, 282, 970
0, 1060, 10600282, 10600970, 282, 970
0, 10600, 106000282, 106002056, 282, 2056
0, 10601, 106010282, 106011669, 282, 1669
0, 10602, 106020282, 106021669, 282, 1669
0, 10603, 106030282, 106030970, 282, 970
0, 10604, 106040282, 106040970, 282, 970
0, 10605, 106050282, 106052072, 282, 2072
0, 10606, 106060282, 106060970, 282, 970
0, 10607, 106070282, 106070970, 282, 970
0, 10608, 106080282, 106081669, 282, 1669
0, 10609, 106090282, 106090970, 282, 970
0, 1061, 10610282, 10610970, 282, 970
0, 10610, 106100282, 106100970, 282, 970
0, 10611, 106110282, 106110970, 282, 970
0, 10612, 106120282, 106122056, 282, 2056
0, 10613, 106130282, 106130970, 282, 970
0, 10614, 106140282, 106140970, 282, 970
0, 10615, 106150282, 106150970, 282, 970
0, 10616, 106160282, 106160970, 282, 970
0, 10617, 106170282, 106170970, 282, 970
0, 10618, 106180282, 106180970, 282, 970
0, 10619, 106190282, 106192081, 282, 2081
0, 1062, 10620282, 10620970, 282, 970
0, 10620, 106200282, 106201244, 282, 1244
0, 10621, 106210282, 106210970, 282, 970
0, 10622, 106220282, 106220970, 282, 970
0, 10623, 106230282, 106230970, 282, 970
0, 10624, 106240282, 106240970, 282, 970
0, 10625, 106250282, 106250970, 282, 970
0, 10626, 106260282, 106262081, 282, 2081
0, 10627, 106270282, 106270970, 282, 970
0, 10628, 106280282, 106280970, 282, 970
0, 10629, 106290282, 106290970, 282, 970
0, 1063, 10630282, 10630970, 282, 970
0, 10630, 106300282, 106300970, 282, 970
0, 10631, 106310282, 106310970, 282, 970
0, 10632, 106320282, 106321244, 282, 1244
0, 10633, 106330282, 106330970, 282, 970
0, 10634, 106340282, 106340970, 282, 970
0, 10635, 106350282, 106351244, 282, 1244
0, 10636, 106360282, 106360970, 282, 970
0, 10637, 106370282, 106370970, 282, 970
0, 10638, 106380282, 106380970, 282, 970
0, 10639, 106390282, 106390970, 282, 970
0, 1064, 10640282, 10644047, 282, 4047
0, 10640, 106400282, 106402081, 282, 2081
0, 10641, 106410282, 106410970, 282, 970
0, 10642, 106420282, 106420970, 282, 970
0, 10643, 106430282, 106430970, 282, 970
0, 10644, 106440282, 106441669, 282, 1669
0, 10645, 106450282, 106450970, 282, 970
0, 10646, 106460282, 106460970, 282, 970
0, 10647, 106470282, 106471669, 282, 1669
0, 10648, 106480282, 106480970, 282, 970
0, 10649, 106490282, 106490970, 282, 970
0, 1065, 10650282, 10652072, 282, 2072
0, 10650, 106500282, 106501244, 282, 1244
0, 10651, 106510282, 106510970, 282, 970
0, 10652, 106520282, 106520970, 282, 970
0, 10653, 106530282, 106530970, 282, 970
0, 10654, 106540282, 106542056, 282, 2056
0, 10655, 106550282, 106550970, 282, 970
0, 10656, 106560282, 106561244, 282, 1244
0, 10657, 106570282, 106570970, 282, 970
0, 10658, 106580282, 106580970, 282, 970
0, 10659, 106590282, 106590970, 282, 970
0, 1066, 10660282, 10660970, 282, 970
0, 10660, 106600282, 106600970, 282, 970
0, 10661, 106610282, 106612081, 282, 2081
0, 10662, 106620282, 106621244, 282, 1244
0, 10663, 106630282, 106630970, 282, 970
0, 10664, 106640282, 106640970, 282, 970
0, 10665, 106650282, 106651244, 282, 1244
0, 10666, 106660282, 106660970, 282, 970
0, 10667, 106670282, 106670970, 282, 970
0, 10668, 106680282, 106682081, 282, 2081
0, 10669, 106690282, 106690970, 282, 970
0, 1067, 10670282, 10670970, 282, 970
0, 10670, 106700282, 106700970, 282, 970
0, 10671, 106710282, 106710970, 282, 970
0, 10672, 106720282, 106720970, 282, 970
0, 10673, 106730282, 106730970, 282, 970
0, 10674, 106740282, 106740970, 282, 970
0, 10675, 106750282, 106752072, 282, 2072
0, 10676, 106760282, 106760970, 282, 970
0, 10677, 106770282, 106770970, 282, 970
0, 10678, 106780282, 106780970, 282, 970
0, 10679, 106790282, 106790970, 282, 970
0, 1068, 10680282, 10681244, 282, 1244
0, 10680, 106800282, 106801669, 282, 1669
0, 10681, 106810282, 106810970, 282, 970
0, 10682, 106820282, 106822056, 282, 2056
0, 10683, 106830282, 106830970, 282, 970
0, 10684, 106840282, 106840970, 282, 970
0, 10685, 106850282, 106850970, 282, 970
0, 10686, 106860282, 106861669, 282, 1669
0, 10687, 106870282, 106870970, 282, 970
0, 10688, 106880282, 106880970, 282, 970
0, 10689, 106890282, 106891669, 282, 1669
0, 1069, 10690282, 10690970, 282, 970
0, 10690, 106900282, 106900970, 282, 970
0, 10691, 106910282, 106910970, 282, 970
0, 10692, 106920282, 106920970, 282, 970
0, 10693, 106930282, 106930970, 282, 970
0, 10694, 106940282, 106940970, 282, 970
0, 10695, 106950282, 106951244, 282, 1244
0, 10696, 106960282, 106964047, 282, 4047
0, 10697, 106970282, 106970970, 282, 970
0, 10698, 106980282, 106980970, 282, 970
0, 10699, 106990282, 106990970, 282, 970
0, 107, 1070282, 1070970, 282, 970
0, 1070, 10700282, 10700970, 282, 970
0, 10700, 107000282, 107000970, 282, 970
0, 10701, 107010282, 107010970, 282, 970
0, 10702, 107020282, 107020970, 282, 970
0, 10703, 107030282, 107032081, 282, 2081
0, 10704, 107040282, 107041669, 282, 1669
0, 10705, 107050282, 107050970, 282, 970
0, 10706, 107060282, 107060970, 282, 970
0, 10707, 107070282, 107070970, 282, 970
0, 10708, 107080282, 107080970, 282, 970
0, 10709, 107090282, 107090970, 282, 970
0, 1071, 10710282, 10712081, 282, 2081
0, 10710, 107100282, 107102081, 282, 2081
0, 10711, 107110282, 107110970, 282, 970
0, 10712, 107120282, 107120970, 282, 970
0, 10713, 107130282, 107130970, 282, 970
0, 10714, 107140282, 107140970, 282, 970
0, 10715, 107150282, 107150970, 282, 970
0, 10716, 107160282, 107160970, 282, 970
0, 10717, 107170282, 107170970, 282, 970
0, 10718, 107180282, 107180970, 282, 970
0, 10719, 107190282, 107190970, 282, 970
0, 1072, 10720282, 10720970, 282, 970
0, 10720, 107200282, 107202056, 282, 2056
0, 10721, 107210282, 107211482, 282, 1482
0, 10722, 107220282, 107221244, 282, 1244
0, 10723, 107230282, 107230970, 282, 970
0, 10724, 107240282, 107242056, 282, 2056
0, 10725, 107250282, 107250970, 282, 970
0, 10726, 107260282, 107260970, 282, 970
0, 10727, 107270282, 107270970, 282, 970
0, 10728, 107280282, 107282199, 282, 2199
0, 10729, 107290282, 107290970, 282, 970
0, 1073, 10730282, 10730970, 282, 970
0, 10730, 107300282, 107300970, 282, 970
0, 10731, 107310282, 107311669, 282, 1669
0, 10732, 107320282, 107320970, 282, 970
0, 10733, 107330282, 107330970, 282, 970
0, 10734, 107340282, 107340970, 282, 970
0, 10735, 107350282, 107350970, 282, 970
0, 10736, 107360282, 107360970, 282, 970
0, 10737, 107370282, 107371244, 282, 1244
0, 10738, 107380282, 107382081, 282, 2081
0, 10739, 107390282, 107390970, 282, 970
0, 1074, 10740282, 10741244, 282, 1244
0, 10740, 107400282, 107401244, 282, 1244
0, 10741, 107410282, 107410970, 282, 970
0, 10742, 107420282, 107420970, 282, 970
0, 10743, 107430282, 107430970, 282, 970
0, 10744, 107440282, 107440970, 282, 970
0, 10745, 107450282, 107452081, 282, 2081
0, 10746, 107460282, 107461244, 282, 1244
0, 10747, 107470282, 107470970, 282, 970
0, 10748, 107480282, 107480970, 282, 970
0, 10749, 107490282, 107490970, 282, 970
0, 1075, 10750282, 10750970, 282, 970
0, 10750, 107500282, 107500970, 282, 970
0, 10751, 107510282, 107510970, 282, 970
0, 10752, 107520282, 107522081, 282, 2081
0, 10753, 107530282, 107530970, 282, 970
0, 10754, 107540282, 107540970, 282, 970
0, 10755, 107550282, 107551244, 282, 1244
0, 10756, 107560282, 107560970, 282, 970
0, 10757, 107570282, 107570970, 282, 970
0, 10758, 107580282, 107580970, 282, 970
0, 10759, 107590282, 107590970, 282, 970
0, 1076, 10760282, 10760970, 282, 970
0, 10760, 107600282, 107600970, 282, 970
0, 10761, 107610282, 107610970, 282, 970
0, 10762, 107620282, 107620970, 282, 970
0, 10763, 107630282, 107631536, 282, 1536
0, 10764, 107640282, 107641244, 282, 1244
0, 10765, 107650282, 107650970, 282, 970
0, 10766, 107660282, 107662056, 282, 2056
0, 10767, 107670282, 107670970, 282, 970
0, 10768, 107680282, 107680970, 282, 970
0, 10769, 107690282, 107690970, 282, 970
0, 1077, 10770282, 10770970, 282, 970
0, 10770, 107700282, 107702056, 282, 2056
0, 10771, 107710282, 107710970, 282, 970
0, 10772, 107720282, 107720970, 282, 970
0, 10773, 107730282, 107731669, 282, 1669
0, 10774, 107740282, 107740970, 282, 970
0, 10775, 107750282, 107750970, 282, 970
0, 10776, 107760282, 107761244, 282, 1244
0, 10777, 107770282, 107770970, 282, 970
0, 10778, 107780282, 107780970, 282, 970
0, 10779, 107790282, 107790970, 282, 970
0, 1078, 10780282, 10782056, 282, 2056
0, 10780, 107800282, 107802081, 282, 2081
0, 10781, 107810282, 107810970, 282, 970
0, 10782, 107820282, 107820970, 282, 970
0, 10783, 107830282, 107830970, 282, 970
0, 10784, 107840282, 107840970, 282, 970
0, 10785, 107850282, 107850970, 282, 970
0, 10786, 107860282, 107860970, 282, 970
0, 10787, 107870282, 107872081, 282, 2081
0, 10788, 107880282, 107881244, 282, 1244
0, 10789, 107890282, 107890970, 282, 970
0, 1079, 10790282, 10790970, 282, 970
0, 10790, 107900282, 107900970, 282, 970
0, 10791, 107910282, 107910970, 282, 970
0, 10792, 107920282, 107920970, 282, 970
0, 10793, 107930282, 107930970, 282, 970
0, 10794, 107940282, 107942056, 282, 2056
0, 10795, 107950282, 107950970, 282, 970
0, 10796, 107960282, 107960970, 282, 970
0, 10797, 107970282, 107970970, 282, 970
0, 10798, 107980282, 107980970, 282, 970
0, 10799, 107990282, 107990970, 282, 970
0, 108, 1080282, 1080970, 282, 970
0, 1080, 10800282, 10802056, 282, 2056
0, 10800, 108000282, 108001669, 282, 1669
0, 10801, 108010282, 108010970, 282, 970
0, 10802, 108020282, 108020970, 282, 970
0, 10803, 108030282, 108030970, 282, 970
0, 10804, 108040282, 108040970, 282, 970
0, 10805, 108050282, 108052213, 282, 2213
0, 10806, 108060282, 108061244, 282, 1244
0, 10807, 108070282, 108070970, 282, 970
0, 10808, 108080282, 108082081, 282, 2081
0, 10809, 108090282, 108090970, 282, 970
0, 1081, 10810282, 10810970, 282, 970
0, 10810, 108100282, 108100970, 282, 970
0, 10811, 108110282, 108110970, 282, 970
0, 10812, 108120282, 108121669, 282, 1669
0, 10813, 108130282, 108130970, 282, 970
0, 10814, 108140282, 108140970, 282, 970
0, 10815, 108150282, 108152081, 282, 2081
0, 10816, 108160282, 108160970, 282, 970
0, 10817, 108170282, 108170970, 282, 970
0, 10818, 108180282, 108180970, 282, 970
0, 10819, 108190282, 108190970, 282, 970
0, 1082, 10820282, 10820970, 282, 970
0, 10820, 108200282, 108200970, 282, 970
0, 10821, 108210282, 108210970, 282, 970
0, 10822, 108220282, 108222081, 282, 2081
0, 10823, 108230282, 108230970, 282, 970
0, 10824, 108240282, 108241244, 282, 1244
0, 10825, 108250282, 108250970, 282, 970
0, 10826, 108260282, 108260970, 282, 970
0, 10827, 108270282, 108270970, 282, 970
0, 10828, 108280282, 108280970, 282, 970
0, 10829, 108290282, 108292081, 282, 2081
0, 1083, 10830282, 10830970, 282, 970
0, 10830, 108300282, 108301669, 282, 1669
0, 10831, 108310282, 108310970, 282, 970
0, 10832, 108320282, 108320970, 282, 970
0, 10833, 108330282, 108330970, 282, 970
0, 10834, 108340282, 108340970, 282, 970
0, 10835, 108350282, 108350970, 282, 970
0, 10836, 108360282, 108362056, 282, 2056
0, 10837, 108370282, 108370970, 282, 970
0, 10838, 108380282, 108380970, 282, 970
0, 10839, 108390282, 108390970, 282, 970
0, 1084, 10840282, 10840970, 282, 970
0, 10840, 108400282, 108402072, 282, 2072
0, 10841, 108410282, 108410970, 282, 970
0, 10842, 108420282, 108420970, 282, 970
0, 10843, 108430282, 108430970, 282, 970
0, 10844, 108440282, 108440970, 282, 970
0, 10845, 108450282, 108450970, 282, 970
0, 10846, 108460282, 108460970, 282, 970
0, 10847, 108470282, 108473282, 282, 3282
0, 10848, 108480282, 108481669, 282, 1669
0, 10849, 108490282, 108490970, 282, 970
0, 1085, 10850282, 10852072, 282, 2072
0, 10850, 108500282, 108502072, 282, 2072
0, 10851, 108510282, 108510970, 282, 970
0, 10852, 108520282, 108520970, 282, 970
0, 10853, 108530282, 108530970, 282, 970
0, 10854, 108540282, 108541244, 282, 1244
0, 10855, 108550282, 108550970, 282, 970
0, 10856, 108560282, 108560970, 282, 970
0, 10857, 108570282, 108572081, 282, 2081
0, 10858, 108580282, 108580970, 282, 970
0, 10859, 108590282, 108590970, 282, 970
0, 1086, 10860282, 10860970, 282, 970
0, 10860, 108600282, 108601244, 282, 1244
0, 10861, 108610282, 108610970, 282, 970
0, 10862, 108620282, 108620970, 282, 970
0, 10863, 108630282, 108630970, 282, 970
0, 10864, 108640282, 108644047, 282, 4047
0, 10865, 108650282, 108651669, 282, 1669
0, 10866, 108660282, 108661244, 282, 1244
0, 10867, 108670282, 108670970, 282, 970
0, 10868, 108680282, 108680970, 282, 970
0, 10869, 108690282, 108690970, 282, 970
0, 1087, 10870282, 10870970, 282, 970
0, 10870, 108700282, 108700970, 282, 970
0, 10871, 108710282, 108710970, 282, 970
0, 10872, 108720282, 108721669, 282, 1669
0, 10873, 108730282, 108730970, 282, 970
0, 10874, 108740282, 108740970, 282, 970
0, 10875, 108750282, 108751594, 282, 1594
0, 10876, 108760282, 108760970, 282, 970
0, 10877, 108770282, 108770970, 282, 970
0, 10878, 108780282, 108782056, 282, 2056
0, 10879, 108790282, 108790970, 282, 970
0, 1088, 10880282, 10880970, 282, 970
0, 10880, 108800282, 108802056, 282, 2056
0, 10881, 108810282, 108810970, 282, 970
0, 10882, 108820282, 108820970, 282, 970
0, 10883, 108830282, 108830970, 282, 970
0, 10884, 108840282, 108840970, 282, 970
0, 10885, 108850282, 108852072, 282, 2072
0, 10886, 108860282, 108860970, 282, 970
0, 10887, 108870282, 108870970, 282, 970
0, 10888, 108880282, 108880970, 282, 970
0, 10889, 108890282, 108890970, 282, 970
0, 1089, 10890282, 10891244, 282, 1244
0, 10890, 108900282, 108901669, 282, 1669
0, 10891, 108910282, 108910970, 282, 970
0, 10892, 108920282, 108922056, 282, 2056
0, 10893, 108930282, 108930970, 282, 970
0, 10894, 108940282, 108940970, 282, 970
0, 10895, 108950282, 108950970, 282, 970
0, 10896, 108960282, 108961669, 282, 1669
0, 10897, 108970282, 108970970, 282, 970
0, 10898, 108980282, 108980970, 282, 970
0, 10899, 108990282, 108992081, 282, 2081
0, 109, 1090282, 1090970, 282, 970
0, 1090, 10900282, 10900970, 282, 970
0, 10900, 109000282, 109000970, 282, 970
0, 10901, 109010282, 109010970, 282, 970
0, 10902, 109020282, 109020970, 282, 970
0, 10903, 109030282, 109030970, 282, 970
0, 10904, 109040282, 109040970, 282, 970
0, 10905, 109050282, 109050970, 282, 970
0, 10906, 109060282, 109062081, 282, 2081
0, 10907, 109070282, 109071669, 282, 1669
0, 10908, 109080282, 109081244, 282, 1244
0, 10909, 109090282, 109090970, 282, 970
0, 1091, 10910282, 10910970, 282, 970
0, 10910, 109100282, 109100970, 282, 970
0, 10911, 109110282, 109110970, 282, 970
0, 10912, 109120282, 109120970, 282, 970
0, 10913, 109130282, 109130970, 282, 970
0, 10914, 109140282, 109141244, 282, 1244
0, 10915, 109150282, 109150970, 282, 970
0, 10916, 109160282, 109160970, 282, 970
0, 10917, 109170282, 109171244, 282, 1244
0, 10918, 109180282, 109180970, 282, 970
0, 10919, 109190282, 109190970, 282, 970
0, 1092, 10920282, 10922056, 282, 2056
0, 10920, 109200282, 109202081, 282, 2081
0, 10921, 109210282, 109210970, 282, 970
0, 10922, 109220282, 109220970, 282, 970
0, 10923, 109230282, 109230970, 282, 970
0, 10924, 109240282, 109240970, 282, 970
0, 10925, 109250282, 109250970, 282, 970
0, 10926, 109260282, 109261244, 282, 1244
0, 10927, 109270282, 109270970, 282, 970
0, 10928, 109280282, 109280970, 282, 970
0, 10929, 109290282, 109290970, 282, 970
0, 1093, 10930282, 10930970, 282, 970
0, 10930, 109300282, 109300970, 282, 970
0, 10931, 109310282, 109310970, 282, 970
0, 10932, 109320282, 109321244, 282, 1244
0, 10933, 109330282, 109330970, 282, 970
0, 10934, 109340282, 109342081, 282, 2081
0, 10935, 109350282, 109350970, 282, 970
0, 10936, 109360282, 109360970, 282, 970
0, 10937, 109370282, 109370970, 282, 970
0, 10938, 109380282, 109381244, 282, 1244
0, 10939, 109390282, 109390970, 282, 970
0, 1094, 10940282, 10940970, 282, 970
0, 10940, 109400282, 109400970, 282, 970
0, 10941, 109410282, 109412081, 282, 2081
0, 10942, 109420282, 109420970, 282, 970
0, 10943, 109430282, 109430970, 282, 970
0, 10944, 109440282, 109441244, 282, 1244
0, 10945, 109450282, 109450970, 282, 970
0, 10946, 109460282, 109460970, 282, 970
0, 10947, 109470282, 109470970, 282, 970
0, 10948, 109480282, 109482081, 282, 2081
0, 10949, 109490282, 109490970, 282, 970
0, 1095, 10950282, 10950970, 282, 970
0, 10950, 109500282, 109501669, 282, 1669
0, 10951, 109510282, 109510970, 282, 970
0, 10952, 109520282, 109520970, 282, 970
0, 10953, 109530282, 109530970, 282, 970
0, 10954, 109540282, 109540970, 282, 970
0, 10955, 109550282, 109552072, 282, 2072
0, 10956, 109560282, 109560970, 282, 970
0, 10957, 109570282, 109570970, 282, 970
0, 10958, 109580282, 109580970, 282, 970
0, 10959, 109590282, 109591244, 282, 1244
0, 1096, 10960282, 10960970, 282, 970
0, 10960, 109600282, 109600970, 282, 970
0, 10961, 109610282, 109610970, 282, 970
0, 10962, 109620282, 109622056, 282, 2056
0, 10963, 109630282, 109630970, 282, 970
0, 10964, 109640282, 109640970, 282, 970
0, 10965, 109650282, 109651244, 282, 1244
0, 10966, 109660282, 109660970, 282, 970
0, 10967, 109670282, 109670970, 282, 970
0, 10968, 109680282, 109681669, 282, 1669
0, 10969, 109690282, 109690970, 282, 970
0, 1097, 10970282, 10970970, 282, 970
0, 10970, 109700282, 109700970, 282, 970
0, 10971, 109710282, 109710970, 282, 970
0, 10972, 109720282, 109720970, 282, 970
0, 10973, 109730282, 109730970, 282, 970
0, 10974, 109740282, 109741244, 282, 1244
0, 10975, 109750282, 109750970, 282, 970
0, 10976, 109760282, 109764047, 282, 4047
0, 10977, 109770282, 109770970, 282, 970
0, 10978, 109780282, 109780970, 282, 970
0, 10979, 109790282, 109790970, 282, 970
0, 1098, 10980282, 10981244, 282, 1244
0, 10980, 109800282, 109801669, 282, 1669
0, 10981, 109810282, 109810970, 282, 970
0, 10982, 109820282, 109820970, 282, 970
0, 10983, 109830282, 109832081, 282, 2081
0, 10984, 109840282, 109842056, 282, 2056
0, 10985, 109850282, 109850970, 282, 970
0, 10986, 109860282, 109861244, 282, 1244
0, 10987, 109870282, 109870970, 282, 970
0, 10988, 109880282, 109880970, 282, 970
0, 10989, 109890282, 109890970, 282, 970
0, 1099, 10990282, 10992081, 282, 2081
0, 10990, 109900282, 109902072, 282, 2072
0, 10991, 109910282, 109910970, 282, 970
0, 10992, 109920282, 109921669, 282, 1669
0, 10993, 109930282, 109930970, 282, 970
0, 10994, 109940282, 109940970, 282, 970
0, 10995, 109950282, 109950970, 282, 970
0, 10996, 109960282, 109960970, 282, 970
0, 10997, 109970282, 109970970, 282, 970
0, 10998, 109980282, 109980970, 282, 970
0, 10999, 109990282, 109990970, 282, 970
0, 11, 110282, 110970, 282, 970
0, 110, 1100282, 1100970, 282, 970
0, 1100, 11000282, 11000970, 282, 970
0, 11000, 110000282, 110002056, 282, 2056
0, 11001, 110010282, 110011669, 282, 1669
0, 11002, 110020282, 110020970, 282, 970
0, 11003, 110030282, 110030970, 282, 970
0, 11004, 110040282, 110042056, 282, 2056
0, 11005, 110050282, 110050970, 282, 970
0, 11006, 110060282, 110060970, 282, 970
0, 11007, 110070282, 110070970, 282, 970
0, 11008, 110080282, 110082056, 282, 2056
0, 11009, 110090282, 110090970, 282, 970
0, 1101, 11010282, 11010970, 282, 970
0, 11010, 110100282, 110101669, 282, 1669
0, 11011, 110110282, 110112081, 282, 2081
0, 11012, 110120282, 110120970, 282, 970
0, 11013, 110130282, 110130970, 282, 970
0, 11014, 110140282, 110140970, 282, 970
0, 11015, 110150282, 110150970, 282, 970
0, 11016, 110160282, 110161669, 282, 1669
0, 11017, 110170282, 110170970, 282, 970
0, 11018, 110180282, 110182081, 282, 2081
0, 11019, 110190282, 110190970, 282, 970
0, 1102, 11020282, 11020970, 282, 970
0, 11020, 110200282, 110200970, 282, 970
0, 11021, 110210282, 110210970, 282, 970
0, 11022, 110220282, 110221244, 282, 1244
0, 11023, 110230282, 110230970, 282, 970
0, 11024, 110240282, 110240970, 282, 970
0, 11025, 110250282, 110252081, 282, 2081
0, 11026, 110260282, 110262056, 282, 2056
0, 11027, 110270282, 110270970, 282, 970
0, 11028, 110280282, 110281244, 282, 1244
0, 11029, 110290282, 110290970, 282, 970
0, 1103, 11030282, 11030970, 282, 970
0, 11030, 110300282, 110300970, 282, 970
0, 11031, 110310282, 110310970, 282, 970
0, 11032, 110320282, 110322081, 282, 2081
0, 11033, 110330282, 110330970, 282, 970
0, 11034, 110340282, 110341244, 282, 1244
0, 11035, 110350282, 110350970, 282, 970
0, 11036, 110360282, 110360970, 282, 970
0, 11037, 110370282, 110370970, 282, 970
0, 11038, 110380282, 110380970, 282, 970
0, 11039, 110390282, 110390970, 282, 970
0, 1104, 11040282, 11041244, 282, 1244
0, 11040, 110400282, 110401669, 282, 1669
0, 11041, 110410282, 110410970, 282, 970
0, 11042, 110420282, 110420970, 282, 970
0, 11043, 110430282, 110431669, 282, 1669
0, 11044, 110440282, 110440970, 282, 970
0, 11045, 110450282, 110450970, 282, 970
0, 11046, 110460282, 110462056, 282, 2056
0, 11047, 110470282, 110470970, 282, 970
0, 11048, 110480282, 110480970, 282, 970
0, 11049, 110490282, 110490970, 282, 970
0, 1105, 11050282, 11050970, 282, 970
0, 11050, 110500282, 110502056, 282, 2056
0, 11051, 110510282, 110510970, 282, 970
0, 11052, 110520282, 110521244, 282, 1244
0, 11053, 110530282, 110532081, 282, 2081
0, 11054, 110540282, 110540970, 282, 970
0, 11055, 110550282, 110550970, 282, 970
0, 11056, 110560282, 110560970, 282, 970
0, 11057, 110570282, 110570970, 282, 970
0, 11058, 110580282, 110580970, 282, 970
0, 11059, 110590282, 110590970, 282, 970
0, 1106, 11060282, 11062081, 282, 2081
0, 11060, 110600282, 110602081, 282, 2081
0, 11061, 110610282, 110611032, 282, 1032
0, 11062, 110620282, 110620970, 282, 970
0, 11063, 110630282, 110630970, 282, 970
0, 11064, 110640282, 110641669, 282, 1669
0, 11065, 110650282, 110650970, 282, 970
0, 11066, 110660282, 110660970, 282, 970
0, 11067, 110670282, 110672081, 282, 2081
0, 11068, 110680282, 110680970, 282, 970
0, 11069, 110690282, 110690970, 282, 970
0, 1107, 11070282, 11071545, 282, 1545
0, 11070, 110700282, 110701244, 282, 1244
0, 11071, 110710282, 110710970, 282, 970
0, 11072, 110720282, 110720970, 282, 970
0, 11073, 110730282, 110730970, 282, 970
0, 11074, 110740282, 110742056, 282, 2056
0, 11075, 110750282, 110750970, 282, 970
0, 11076, 110760282, 110761244, 282, 1244
0, 11077, 110770282, 110770970, 282, 970
0, 11078, 110780282, 110780970, 282, 970
0, 11079, 110790282, 110790970, 282, 970
0, 1108, 11080282, 11080970, 282, 970
0, 11080, 110800282, 110800970, 282, 970
0, 11081, 110810282, 110810970, 282, 970
0, 11082, 110820282, 110820970, 282, 970
0, 11083, 110830282, 110830970, 282, 970
0, 11084, 110840282, 110840970, 282, 970
0, 11085, 110850282, 110851669, 282, 1669
0, 11086, 110860282, 110860970, 282, 970
0, 11087, 110870282, 110870970, 282, 970
0, 11088, 110880282, 110882081, 282, 2081
0, 11089, 110890282, 110890970, 282, 970
0, 1109, 11090282, 11090970, 282, 970
0, 11090, 110900282, 110900970, 282, 970
0, 11091, 110910282, 110910970, 282, 970
0, 11092, 110920282, 110920970, 282, 970
0, 11093, 110930282, 110930970, 282, 970
0, 11094, 110940282, 110941244, 282, 1244
0, 11095, 110950282, 110952081, 282, 2081
0, 11096, 110960282, 110960970, 282, 970
0, 11097, 110970282, 110970970, 282, 970
0, 11098, 110980282, 110980970, 282, 970
0, 11099, 110990282, 110990970, 282, 970
0, 111, 1110282, 1110970, 282, 970
0, 1110, 11100282, 11101669, 282, 1669
0, 11100, 111000282, 111001244, 282, 1244
0, 11101, 111010282, 111010970, 282, 970
0, 11102, 111020282, 111022081, 282, 2081
0, 11103, 111030282, 111031545, 282, 1545
0, 11104, 111040282, 111040970, 282, 970
0, 11105, 111050282, 111050970, 282, 970
0, 11106, 111060282, 111061244, 282, 1244
0, 11107, 111070282, 111070970, 282, 970
0, 11108, 111080282, 111080970, 282, 970
0, 11109, 111090282, 111091669, 282, 1669
0, 1111, 11110282, 11110970, 282, 970
0, 11110, 111100282, 111100970, 282, 970
0, 11111, 111110282, 111110970, 282, 970
0, 11112, 111120282, 111121669, 282, 1669
0, 11113, 111130282, 111130970, 282, 970
0, 11114, 111140282, 111140970, 282, 970
0, 11115, 111150282, 111150970, 282, 970
0, 11116, 111160282, 111162056, 282, 2056
0, 11117, 111170282, 111170970, 282, 970
0, 11118, 111180282, 111181244, 282, 1244
0, 11119, 111190282, 111190970, 282, 970
0, 1112, 11120282, 11120970, 282, 970
0, 11120, 111200282, 111202072, 282, 2072
0, 11121, 111210282, 111210970, 282, 970
0, 11122, 111220282, 111220970, 282, 970
0, 11123, 111230282, 111230970, 282, 970
0, 11124, 111240282, 111240970, 282, 970
0, 11125, 111250282, 111250970, 282, 970
0, 11126, 111260282, 111260970, 282, 970
0, 11127, 111270282, 111271244, 282, 1244
0, 11128, 111280282, 111280970, 282, 970
0, 11129, 111290282, 111290970, 282, 970
0, 1113, 11130282, 11131669, 282, 1669
0, 11130, 111300282, 111302081, 282, 2081
0, 11131, 111310282, 111310970, 282, 970
0, 11132, 111320282, 111320970, 282, 970
0, 11133, 111330282, 111330970, 282, 970
0, 11134, 111340282, 111340970, 282, 970
0, 11135, 111350282, 111350970, 282, 970
0, 11136, 111360282, 111361669, 282, 1669
0, 11137, 111370282, 111372159, 282, 2159
0, 11138, 111380282, 111380970, 282, 970
0, 11139, 111390282, 111390970, 282, 970
0, 1114, 11140282, 11140970, 282, 970
0, 11140, 111400282, 111400970, 282, 970
0, 11141, 111410282, 111410970, 282, 970
0, 11142, 111420282, 111420970, 282, 970
0, 11143, 111430282, 111430970, 282, 970
0, 11144, 111440282, 111444047, 282, 4047
0, 11145, 111450282, 111451669, 282, 1669
0, 11146, 111460282, 111460970, 282, 970
0, 11147, 111470282, 111470970, 282, 970
0, 11148, 111480282, 111481244, 282, 1244
0, 11149, 111490282, 111490970, 282, 970
0, 1115, 11150282, 11150970, 282, 970
0, 11150, 111500282, 111500970, 282, 970
0, 11151, 111510282, 111511669, 282, 1669
0, 11152, 111520282, 111520970, 282, 970
0, 11153, 111530282, 111530970, 282, 970
0, 11154, 111540282, 111541244, 282, 1244
0, 11155, 111550282, 111550970, 282, 970
0, 11156, 111560282, 111560970, 282, 970
0, 11157, 111570282, 111570970, 282, 970
0, 11158, 111580282, 111582056, 282, 2056
0, 11159, 111590282, 111590970, 282, 970
0, 1116, 11160282, 11161244, 282, 1244
0, 11160, 111600282, 111601669, 282, 1669
0, 11161, 111610282, 111610970, 282, 970
0, 11162, 111620282, 111620970, 282, 970
0, 11163, 111630282, 111630970, 282, 970
0, 11164, 111640282, 111640970, 282, 970
0, 11165, 111650282, 111652072, 282, 2072
0, 11166, 111660282, 111660970, 282, 970
0, 11167, 111670282, 111670970, 282, 970
0, 11168, 111680282, 111680970, 282, 970
0, 11169, 111690282, 111691244, 282, 1244
0, 1117, 11170282, 11170970, 282, 970
0, 11170, 111700282, 111700970, 282, 970
0, 11171, 111710282, 111710970, 282, 970
0, 11172, 111720282, 111722081, 282, 2081
0, 11173, 111730282, 111730970, 282, 970
0, 11174, 111740282, 111740970, 282, 970
0, 11175, 111750282, 111750970, 282, 970
0, 11176, 111760282, 111760970, 282, 970
0, 11177, 111770282, 111770970, 282, 970
0, 11178, 111780282, 111781244, 282, 1244
0, 11179, 111790282, 111792081, 282, 2081
0, 1118, 11180282, 11180970, 282, 970
0, 11180, 111800282, 111802056, 282, 2056
0, 11181, 111810282, 111810970, 282, 970
0, 11182, 111820282, 111820970, 282, 970
0, 11183, 111830282, 111830970, 282, 970
0, 11184, 111840282, 111841244, 282, 1244
0, 11185, 111850282, 111850970, 282, 970
0, 11186, 111860282, 111862081, 282, 2081
0, 11187, 111870282, 111870970, 282, 970
0, 11188, 111880282, 111880970, 282, 970
0, 11189, 111890282, 111890970, 282, 970
0, 1119, 11190282, 11190970, 282, 970
0, 11190, 111900282, 111901669, 282, 1669
0, 11191, 111910282, 111910970, 282, 970
0, 11192, 111920282, 111920970, 282, 970
0, 11193, 111930282, 111931669, 282, 1669
0, 11194, 111940282, 111940970, 282, 970
0, 11195, 111950282, 111950970, 282, 970
0, 11196, 111960282, 111961244, 282, 1244
0, 11197, 111970282, 111970970, 282, 970
0, 11198, 111980282, 111980970, 282, 970
0, 11199, 111990282, 111990970, 282, 970
0, 112, 1120282, 1124047, 282, 4047
0, 1120, 11200282, 11202081, 282, 2081
0, 11200, 112000282, 112002081, 282, 2081
0, 11201, 112010282, 112010970, 282, 970
0, 11202, 112020282, 112020970, 282, 970
0, 11203, 112030282, 112030970, 282, 970
0, 11204, 112040282, 112043282, 282, 3282
0, 11205, 112050282, 112051244, 282, 1244
0, 11206, 112060282, 112060970, 282, 970
0, 11207, 112070282, 112070970, 282, 970
0, 11208, 112080282, 112081244, 282, 1244
0, 11209, 112090282, 112090970, 282, 970
0, 1121, 11210282, 11210970, 282, 970
0, 11210, 112100282, 112100970, 282, 970
0, 11211, 112110282, 112110970, 282, 970
0, 11212, 112120282, 112120970, 282, 970
0, 11213, 112130282, 112130970, 282, 970
0, 11214, 112140282, 112142081, 282, 2081
0, 11215, 112150282, 112150970, 282, 970
0, 11216, 112160282, 112160970, 282, 970
0, 11217, 112170282, 112170970, 282, 970
0, 11218, 112180282, 112180970, 282, 970
0, 11219, 112190282, 112190970, 282, 970
0, 1122, 11220282, 11221244, 282, 1244
0, 11220, 112200282, 112201669, 282, 1669
0, 11221, 112210282, 112212081, 282, 2081
0, 11222, 112220282, 112220970, 282, 970
0, 11223, 112230282, 112230970, 282, 970
0, 11224, 112240282, 112240970, 282, 970
0, 11225, 112250282, 112250970, 282, 970
0, 11226, 112260282, 112260970, 282, 970
0, 11227, 112270282, 112270970, 282, 970
0, 11228, 112280282, 112282056, 282, 2056
0, 11229, 112290282, 112290970, 282, 970
0, 1123, 11230282, 11230970, 282, 970
0, 11230, 112300282, 112300970, 282, 970
0, 11231, 112310282, 112310970, 282, 970
0, 11232, 112320282, 112321669, 282, 1669
0, 11233, 112330282, 112330970, 282, 970
0, 11234, 112340282, 112340970, 282, 970
0, 11235, 112350282, 112352072, 282, 2072
0, 11236, 112360282, 112360970, 282, 970
0, 11237, 112370282, 112370970, 282, 970
0, 11238, 112380282, 112381244, 282, 1244
0, 11239, 112390282, 112390970, 282, 970
0, 1124, 11240282, 11240970, 282, 970
0, 11240, 112400282, 112402056, 282, 2056
0, 11241, 112410282, 112410970, 282, 970
0, 11242, 112420282, 112422056, 282, 2056
0, 11243, 112430282, 112430970, 282, 970
0, 11244, 112440282, 112440970, 282, 970
0, 11245, 112450282, 112450970, 282, 970
0, 11246, 112460282, 112460970, 282, 970
0, 11247, 112470282, 112470970, 282, 970
0, 11248, 112480282, 112480970, 282, 970
0, 11249, 112490282, 112492081, 282, 2081
0, 1125, 11250282, 11251244, 282, 1244
0, 11250, 112500282, 112501244, 282, 1244
0, 11251, 112510282, 112510970, 282, 970
0, 11252, 112520282, 112520970, 282, 970
0, 11253, 112530282, 112530970, 282, 970
0, 11254, 112540282, 112540970, 282, 970
0, 11255, 112550282, 112550970, 282, 970
0, 11256, 112560282, 112564047, 282, 4047
0, 11257, 112570282, 112570970, 282, 970
0, 11258, 112580282, 112580970, 282, 970
0, 11259, 112590282, 112590970, 282, 970
0, 1126, 11260282, 11260970, 282, 970
0, 11260, 112600282, 112600970, 282, 970
0, 11261, 112610282, 112610970, 282, 970
0, 11262, 112620282, 112620970, 282, 970
0, 11263, 112630282, 112632081, 282, 2081
0, 11264, 112640282, 112641094, 282, 1094
0, 11265, 112650282, 112651244, 282, 1244
0, 11266, 112660282, 112660970, 282, 970
0, 11267, 112670282, 112670970, 282, 970
0, 11268, 112680282, 112680970, 282, 970
0, 11269, 112690282, 112690970, 282, 970
0, 1127, 11270282, 11270970, 282, 970
0, 11270, 112700282, 112702072, 282, 2072
0, 11271, 112710282, 112710970, 282, 970
0, 11272, 112720282, 112720970, 282, 970
0, 11273, 112730282, 112730970, 282, 970
0, 11274, 112740282, 112741669, 282, 1669
0, 11275, 112750282, 112750970, 282, 970
0, 11276, 112760282, 112760970, 282, 970
0, 11277, 112770282, 112771669, 282, 1669
0, 11278, 112780282, 112780970, 282, 970
0, 11279, 112790282, 112790970, 282, 970
0, 1128, 11280282, 11281244, 282, 1244
0, 11280, 112800282, 112802056, 282, 2056
0, 11281, 112810282, 112810970, 282, 970
0, 11282, 112820282, 112820970, 282, 970
0, 11283, 112830282, 112830970, 282, 970
0, 11284, 112840282, 112842056, 282, 2056
0, 11285, 112850282, 112850970, 282, 970
0, 11286, 112860282, 112860970, 282, 970
0, 11287, 112870282, 112870970, 282, 970
0, 11288, 112880282, 112882056, 282, 2056
0, 11289, 112890282, 112890970, 282, 970
0, 1129, 11290282, 11290970, 282, 970
0, 11290, 112900282, 112900970, 282, 970
0, 11291, 112910282, 112912081, 282, 2081
0, 11292, 112920282, 112920970, 282, 970
0, 11293, 112930282, 112930970, 282, 970
0, 11294, 112940282, 112940970, 282, 970
0, 11295, 112950282, 112951244, 282, 1244
0, 11296, 112960282, 112960970, 282, 970
0, 11297, 112970282, 112970970, 282, 970
0, 11298, 112980282, 112982081, 282, 2081
0, 11299, 112990282, 112990970, 282, 970
0, 113, 1130282, 1132072, 282, 2072
0, 1130, 11300282, 11300970, 282, 970
0, 11300, 113000282, 113000970, 282, 970
0, 11301, 113010282, 113010970, 282, 970
0, 11302, 113020282, 113020970, 282, 970
0, 11303, 113030282, 113030970, 282, 970
0, 11304, 113040282, 113041244, 282, 1244
0, 11305, 113050282, 113052081, 282, 2081
0, 11306, 113060282, 113060970, 282, 970
0, 11307, 113070282, 113070970, 282, 970
0, 11308, 113080282, 113080970, 282, 970
0, 11309, 113090282, 113090970, 282, 970
0, 1131, 11310282, 11311244, 282, 1244
0, 11310, 113100282, 113101244, 282, 1244
0, 11311, 113110282, 113110970, 282, 970
0, 11312, 113120282, 113122081, 282, 2081
0, 11313, 113130282, 113130970, 282, 970
0, 11314, 113140282, 113140970, 282, 970
0, 11315, 113150282, 113150970, 282, 970
0, 11316, 113160282, 113161669, 282, 1669
0, 11317, 113170282, 113170970, 282, 970
0, 11318, 113180282, 113180970, 282, 970
0, 11319, 113190282, 113191669, 282, 1669
0, 1132, 11320282, 11320970, 282, 970
0, 11320, 113200282, 113200970, 282, 970
0, 11321, 113210282, 113210970, 282, 970
0, 11322, 113220282, 113221244, 282, 1244
0, 11323, 113230282, 113231897, 282, 1897
0, 11324, 113240282, 113240970, 282, 970
0, 11325, 113250282, 113251244, 282, 1244
0, 11326, 113260282, 113262056, 282, 2056
0, 11327, 113270282, 113270970, 282, 970
0, 11328, 113280282, 113281244, 282, 1244
0, 11329, 113290282, 113290970, 282, 970
0, 1133, 11330282, 11330970, 282, 970
0, 11330, 113300282, 113300970, 282, 970
0, 11331, 113310282, 113310970, 282, 970
0, 11332, 113320282, 113320970, 282, 970
0, 11333, 113330282, 113332081, 282, 2081
0, 11334, 113340282, 113340970, 282, 970
0, 11335, 113350282, 113350970, 282, 970
0, 11336, 113360282, 113360970, 282, 970
0, 11337, 113370282, 113370970, 282, 970
0, 11338, 113380282, 113380970, 282, 970
0, 11339, 113390282, 113390970, 282, 970
0, 1134, 11340282, 11342056, 282, 2056
0, 11340, 113400282, 113402081, 282, 2081
0, 11341, 113410282, 113410970, 282, 970
0, 11342, 113420282, 113420970, 282, 970
0, 11343, 113430282, 113430970, 282, 970
0, 11344, 113440282, 113440970, 282, 970
0, 11345, 113450282, 113450970, 282, 970
0, 11346, 113460282, 113460970, 282, 970
0, 11347, 113470282, 113470970, 282, 970
0, 11348, 113480282, 113480970, 282, 970
0, 11349, 113490282, 113490970, 282, 970
0, 1135, 11350282, 11350970, 282, 970
0, 11350, 113500282, 113500970, 282, 970
0, 11351, 113510282, 113510970, 282, 970
0, 11352, 113520282, 113521244, 282, 1244
0, 11353, 113530282, 113530970, 282, 970
0, 11354, 113540282, 113542056, 282, 2056
0, 11355, 113550282, 113550970, 282, 970
0, 11356, 113560282, 113560970, 282, 970
0, 11357, 113570282, 113570970, 282, 970
0, 11358, 113580282, 113581669, 282, 1669
0, 11359, 113590282, 113590970, 282, 970
0, 1136, 11360282, 11360970, 282, 970
0, 11360, 113600282, 113600970, 282, 970
0, 11361, 113610282, 113611669, 282, 1669
0, 11362, 113620282, 113620970, 282, 970
0, 11363, 113630282, 113630970, 282, 970
0, 11364, 113640282, 113640970, 282, 970
0, 11365, 113650282, 113650970, 282, 970
0, 11366, 113660282, 113660970, 282, 970
0, 11367, 113670282, 113670970, 282, 970
0, 11368, 113680282, 113682648, 282, 2648
0, 11369, 113690282, 113690970, 282, 970
0, 1137, 11370282, 11370970, 282, 970
0, 11370, 113700282, 113701244, 282, 1244
0, 11371, 113710282, 113710970, 282, 970
0, 11372, 113720282, 113720970, 282, 970
0, 11373, 113730282, 113730970, 282, 970
0, 11374, 113740282, 113740970, 282, 970
0, 11375, 113750282, 113752081, 282, 2081
0, 11376, 113760282, 113761669, 282, 1669
0, 11377, 113770282, 113770970, 282, 970
0, 11378, 113780282, 113780970, 282, 970
0, 11379, 113790282, 113790970, 282, 970
0, 1138, 11380282, 11380970, 282, 970
0, 11380, 113800282, 113800970, 282, 970
0, 11381, 113810282, 113810970, 282, 970
0, 11382, 113820282, 113822081, 282, 2081
0, 11383, 113830282, 113830970, 282, 970
0, 11384, 113840282, 113840970, 282, 970
0, 11385, 113850282, 113851244, 282, 1244
0, 11386, 113860282, 113860970, 282, 970
0, 11387, 113870282, 113870970, 282, 970
0, 11388, 113880282, 113880970, 282, 970
0, 11389, 113890282, 113890970, 282, 970
0, 1139, 11390282, 11390970, 282, 970
0, 11390, 113900282, 113900970, 282, 970
0, 11391, 113910282, 113910970, 282, 970
0, 11392, 113920282, 113920970, 282, 970
0, 11393, 113930282, 113930970, 282, 970
0, 11394, 113940282, 113940970, 282, 970
0, 11395, 113950282, 113950970, 282, 970
0, 11396, 113960282, 113962056, 282, 2056
0, 11397, 113970282, 113970970, 282, 970
0, 11398, 113980282, 113980970, 282, 970
0, 11399, 113990282, 113990970, 282, 970
0, 114, 1140282, 1140970, 282, 970
0, 1140, 11400282, 11401669, 282, 1669
0, 11400, 114000282, 114002072, 282, 2072
0, 11401, 114010282, 114010970, 282, 970
0, 11402, 114020282, 114020970, 282, 970
0, 11403, 114030282, 114031669, 282, 1669
0, 11404, 114040282, 114040970, 282, 970
0, 11405, 114050282, 114050970, 282, 970
0, 11406, 114060282, 114060970, 282, 970
0, 11407, 114070282, 114070970, 282, 970
0, 11408, 114080282, 114082030, 282, 2030
0, 11409, 114090282, 114091453, 282, 1453
0, 1141, 11410282, 11412081, 282, 2081
0, 11410, 114100282, 114102081, 282, 2081
0, 11411, 114110282, 114110970, 282, 970
0, 11412, 114120282, 114120970, 282, 970
0, 11413, 114130282, 114130970, 282, 970
0, 11414, 114140282, 114140970, 282, 970
0, 11415, 114150282, 114150970, 282, 970
0, 11416, 114160282, 114160970, 282, 970
0, 11417, 114170282, 114174047, 282, 4047
0, 11418, 114180282, 114181244, 282, 1244
0, 11419, 114190282, 114190970, 282, 970
0, 1142, 11420282, 11420970, 282, 970
0, 11420, 114200282, 114200970, 282, 970
0, 11421, 114210282, 114210970, 282, 970
0, 11422, 114220282, 114220970, 282, 970
0, 11423, 114230282, 114230970, 282, 970
0, 11424, 114240282, 114244047, 282, 4047
0, 11425, 114250282, 114250970, 282, 970
0, 11426, 114260282, 114260970, 282, 970
0, 11427, 114270282, 114270970, 282, 970
0, 11428, 114280282, 114280970, 282, 970
0, 11429, 114290282, 114290970, 282, 970
0, 1143, 11430282, 11430970, 282, 970
0, 11430, 114300282, 114301244, 282, 1244
0, 11431, 114310282, 114310970, 282, 970
0, 11432, 114320282, 114320970, 282, 970
0, 11433, 114330282, 114330970, 282, 970
0, 11434, 114340282, 114340970, 282, 970
0, 11435, 114350282, 114350970, 282, 970
0, 11436, 114360282, 114361244, 282, 1244
0, 11437, 114370282, 114370970, 282, 970
0, 11438, 114380282, 114382056, 282, 2056
0, 11439, 114390282, 114390970, 282, 970
0, 1144, 11440282, 11440970, 282, 970
0, 11440, 114400282, 114400970, 282, 970
0, 11441, 114410282, 114410970, 282, 970
0, 11442, 114420282, 114421669, 282, 1669
0, 11443, 114430282, 114430970, 282, 970
0, 11444, 114440282, 114440970, 282, 970
0, 11445, 114450282, 114452072, 282, 2072
0, 11446, 114460282, 114460970, 282, 970
0, 11447, 114470282, 114470970, 282, 970
0, 11448, 114480282, 114481244, 282, 1244
0, 11449, 114490282, 114490970, 282, 970
0, 1145, 11450282, 11450970, 282, 970
0, 11450, 114500282, 114500970, 282, 970
0, 11451, 114510282, 114510970, 282, 970
0, 11452, 114520282, 114522081, 282, 2081
0, 11453, 114530282, 114530970, 282, 970
0, 11454, 114540282, 114540970, 282, 970
0, 11455, 114550282, 114550970, 282, 970
0, 11456, 114560282, 114560970, 282, 970
0, 11457, 114570282, 114570970, 282, 970
0, 11458, 114580282, 114580970, 282, 970
0, 11459, 114590282, 114592081, 282, 2081
0, 1146, 11460282, 11460970, 282, 970
0, 11460, 114600282, 114602056, 282, 2056
0, 11461, 114610282, 114610970, 282, 970
0, 11462, 114620282, 114620970, 282, 970
0, 11463, 114630282, 114630970, 282, 970
0, 11464, 114640282, 114640970, 282, 970
0, 11465, 114650282, 114650970, 282, 970
0, 11466, 114660282, 114662056, 282, 2056
0, 11467, 114670282, 114670970, 282, 970
0, 11468, 114680282, 114680970, 282, 970
0, 11469, 114690282, 114690970, 282, 970
0, 1147, 11470282, 11470970, 282, 970
0, 11470, 114700282, 114700970, 282, 970
0, 11471, 114710282, 114710970, 282, 970
0, 11472, 114720282, 114721244, 282, 1244
0, 11473, 114730282, 114730970, 282, 970
0, 11474, 114740282, 114740970, 282, 970
0, 11475, 114750282, 114751244, 282, 1244
0, 11476, 114760282, 114760970, 282, 970
0, 11477, 114770282, 114770970, 282, 970
0, 11478, 114780282, 114781244, 282, 1244
0, 11479, 114790282, 114790970, 282, 970
0, 1148, 11480282, 11482081, 282, 2081
0, 11480, 114800282, 114802081, 282, 2081
0, 11481, 114810282, 114810970, 282, 970
0, 11482, 114820282, 114820970, 282, 970
0, 11483, 114830282, 114830970, 282, 970
0, 11484, 114840282, 114841669, 282, 1669
0, 11485, 114850282, 114850970, 282, 970
0, 11486, 114860282, 114860970, 282, 970
0, 11487, 114870282, 114871669, 282, 1669
0, 11488, 114880282, 114880970, 282, 970
0, 11489, 114890282, 114890970, 282, 970
0, 1149, 11490282, 11490970, 282, 970
0, 11490, 114900282, 114901244, 282, 1244
0, 11491, 114910282, 114910970, 282, 970
0, 11492, 114920282, 114920970, 282, 970
0, 11493, 114930282, 114930970, 282, 970
0, 11494, 114940282, 114942081, 282, 2081
0, 11495, 114950282, 114950970, 282, 970
0, 11496, 114960282, 114961244, 282, 1244
0, 11497, 114970282, 114970970, 282, 970
0, 11498, 114980282, 114980970, 282, 970
0, 11499, 114990282, 114990970, 282, 970
0, 115, 1150282, 1150970, 282, 970
0, 1150, 11500282, 11500970, 282, 970
0, 11500, 115000282, 115000970, 282, 970
0, 11501, 115010282, 115012081, 282, 2081
0, 11502, 115020282, 115021244, 282, 1244
0, 11503, 115030282, 115030970, 282, 970
0, 11504, 115040282, 115040970, 282, 970
0, 11505, 115050282, 115051244, 282, 1244
0, 11506, 115060282, 115060970, 282, 970
0, 11507, 115070282, 115070970, 282, 970
0, 11508, 115080282, 115082056, 282, 2056
0, 11509, 115090282, 115090970, 282, 970
0, 1151, 11510282, 11510970, 282, 970
0, 11510, 115100282, 115100970, 282, 970
0, 11511, 115110282, 115110970, 282, 970
0, 11512, 115120282, 115122056, 282, 2056
0, 11513, 115130282, 115130970, 282, 970
0, 11514, 115140282, 115140970, 282, 970
0, 11515, 115150282, 115152072, 282, 2072
0, 11516, 115160282, 115160970, 282, 970
0, 11517, 115170282, 115170970, 282, 970
0, 11518, 115180282, 115180970, 282, 970
0, 11519, 115190282, 115190970, 282, 970
0, 1152, 11520282, 11521669, 282, 1669
0, 11520, 115200282, 115202056, 282, 2056
0, 11521, 115210282, 115210970, 282, 970
0, 11522, 115220282, 115222056, 282, 2056
0, 11523, 115230282, 115230970, 282, 970
0, 11524, 115240282, 115240970, 282, 970
0, 11525, 115250282, 115250970, 282, 970
0, 11526, 115260282, 115261669, 282, 1669
0, 11527, 115270282, 115270970, 282, 970
0, 11528, 115280282, 115280970, 282, 970
0, 11529, 115290282, 115292081, 282, 2081
0, 1153, 11530282, 11530970, 282, 970
0, 11530, 115300282, 115300970, 282, 970
0, 11531, 115310282, 115310970, 282, 970
0, 11532, 115320282, 115320970, 282, 970
0, 11533, 115330282, 115330970, 282, 970
0, 11534, 115340282, 115340970, 282, 970
0, 11535, 115350282, 115351244, 282, 1244
0, 11536, 115360282, 115364047, 282, 4047
0, 11537, 115370282, 115371400, 282, 1400
0, 11538, 115380282, 115380970, 282, 970
0, 11539, 115390282, 115390970, 282, 970
0, 1154, 11540282, 11540970, 282, 970
0, 11540, 115400282, 115400970, 282, 970
0, 11541, 115410282, 115410970, 282, 970
0, 11542, 115420282, 115420970, 282, 970
0, 11543, 115430282, 115432081, 282, 2081
0, 11544, 115440282, 115441669, 282, 1669
0, 11545, 115450282, 115450970, 282, 970
0, 11546, 115460282, 115460970, 282, 970
0, 11547, 115470282, 115470970, 282, 970
0, 11548, 115480282, 115480970, 282, 970
0, 11549, 115490282, 115490970, 282, 970
0, 1155, 11550282, 11552072, 282, 2072
0, 11550, 115500282, 115502072, 282, 2072
0, 11551, 115510282, 115510970, 282, 970
0, 11552, 115520282, 115520970, 282, 970
0, 11553, 115530282, 115531244, 282, 1244
0, 11554, 115540282, 115540970, 282, 970
0, 11555, 115550282, 115550970, 282, 970
0, 11556, 115560282, 115560970, 282, 970
0, 11557, 115570282, 115570970, 282, 970
0, 11558, 115580282, 115580970, 282, 970
0, 11559, 115590282, 115590970, 282, 970
0, 1156, 11560282, 11560970, 282, 970
0, 11560, 115600282, 115602056, 282, 2056
0, 11561, 115610282, 115614016, 282, 4016
0, 11562, 115620282, 115621244, 282, 1244
0, 11563, 115630282, 115630970, 282, 970
0, 11564, 115640282, 115642056, 282, 2056
0, 11565, 115650282, 115650970, 282, 970
0, 11566, 115660282, 115660970, 282, 970
0, 11567, 115670282, 115670970, 282, 970
0, 11568, 115680282, 115681669, 282, 1669
0, 11569, 115690282, 115690970, 282, 970
0, 1157, 11570282, 11570970, 282, 970
0, 11570, 115700282, 115700970, 282, 970
0, 11571, 115710282, 115712081, 282, 2081
0, 11572, 115720282, 115720970, 282, 970
0, 11573, 115730282, 115730970, 282, 970
0, 11574, 115740282, 115740970, 282, 970
0, 11575, 115750282, 115750970, 282, 970
0, 11576, 115760282, 115760970, 282, 970
0, 11577, 115770282, 115770970, 282, 970
0, 11578, 115780282, 115782081, 282, 2081
0, 11579, 115790282, 115790970, 282, 970
0, 1158, 11580282, 11581244, 282, 1244
0, 11580, 115800282, 115801669, 282, 1669
0, 11581, 115810282, 115810970, 282, 970
0, 11582, 115820282, 115820970, 282, 970
0, 11583, 115830282, 115830970, 282, 970
0, 11584, 115840282, 115840970, 282, 970
0, 11585, 115850282, 115852072, 282, 2072
0, 11586, 115860282, 115861244, 282, 1244
0, 11587, 115870282, 115870970, 282, 970
0, 11588, 115880282, 115880970, 282, 970
0, 11589, 115890282, 115890970, 282, 970
0, 1159, 11590282, 11590970, 282, 970
0, 11590, 115900282, 115900970, 282, 970
0, 11591, 115910282, 115910970, 282, 970
0, 11592, 115920282, 115922081, 282, 2081
0, 11593, 115930282, 115930970, 282, 970
0, 11594, 115940282, 115940970, 282, 970
0, 11595, 115950282, 115951244, 282, 1244
0, 11596, 115960282, 115960970, 282, 970
0, 11597, 115970282, 115970970, 282, 970
0, 11598, 115980282, 115980970, 282, 970
0, 11599, 115990282, 115990970, 282, 970
0, 116, 1160282, 1160970, 282, 970
0, 1160, 11600282, 11600970, 282, 970
0, 11600, 116000282, 116000970, 282, 970
0, 11601, 116010282, 116010970, 282, 970
0, 11602, 116020282, 116020970, 282, 970
0, 11603, 116030282, 116030970, 282, 970
0, 11604, 116040282, 116041244, 282, 1244
0, 11605, 116050282, 116050970, 282, 970
0, 11606, 116060282, 116062056, 282, 2056
0, 11607, 116070282, 116070970, 282, 970
0, 11608, 116080282, 116080970, 282, 970
0, 11609, 116090282, 116090970, 282, 970
0, 1161, 11610282, 11610970, 282, 970
0, 11610, 116100282, 116101669, 282, 1669
0, 11611, 116110282, 116110970, 282, 970
0, 11612, 116120282, 116120970, 282, 970
0, 11613, 116130282, 116132081, 282, 2081
0, 11614, 116140282, 116140970, 282, 970
0, 11615, 116150282, 116150970, 282, 970
0, 11616, 116160282, 116161244, 282, 1244
0, 11617, 116170282, 116170970, 282, 970
0, 11618, 116180282, 116180970, 282, 970
0, 11619, 116190282, 116190970, 282, 970
0, 1162, 11620282, 11622056, 282, 2056
0, 11620, 116200282, 116202081, 282, 2081
0, 11621, 116210282, 116211233, 282, 1233
0, 11622, 116220282, 116221244, 282, 1244
0, 11623, 116230282, 116230970, 282, 970
0, 11624, 116240282, 116240970, 282, 970
0, 11625, 116250282, 116250970, 282, 970
0, 11626, 116260282, 116260970, 282, 970
0, 11627, 116270282, 116270970, 282, 970
0, 11628, 116280282, 116281244, 282, 1244
0, 11629, 116290282, 116290970, 282, 970
0, 1163, 11630282, 11630970, 282, 970
0, 11630, 116300282, 116300970, 282, 970
0, 11631, 116310282, 116311244, 282, 1244
0, 11632, 116320282, 116320970, 282, 970
0, 11633, 116330282, 116330970, 282, 970
0, 11634, 116340282, 116342056, 282, 2056
0, 11635, 116350282, 116350970, 282, 970
0, 11636, 116360282, 116360970, 282, 970
0, 11637, 116370282, 116370970, 282, 970
0, 11638, 116380282, 116380970, 282, 970
0, 11639, 116390282, 116390970, 282, 970
0, 1164, 11640282, 11640970, 282, 970
0, 11640, 116400282, 116402056, 282, 2056
0, 11641, 116410282, 116410970, 282, 970
0, 11642, 116420282, 116420970, 282, 970
0, 11643, 116430282, 116430970, 282, 970
0, 11644, 116440282, 116440970, 282, 970
0, 11645, 116450282, 116450970, 282, 970
0, 11646, 116460282, 116461244, 282, 1244
0, 11647, 116470282, 116470970, 282, 970
0, 11648, 116480282, 116482980, 282, 2980
0, 11649, 116490282, 116490970, 282, 970
0, 1165, 11650282, 11650970, 282, 970
0, 11650, 116500282, 116500970, 282, 970
0, 11651, 116510282, 116510970, 282, 970
0, 11652, 116520282, 116521244, 282, 1244
0, 11653, 116530282, 116530970, 282, 970
0, 11654, 116540282, 116540970, 282, 970
0, 11655, 116550282, 116552081, 282, 2081
0, 11656, 116560282, 116562056, 282, 2056
0, 11657, 116570282, 116570970, 282, 970
0, 11658, 116580282, 116581244, 282, 1244
0, 11659, 116590282, 116590970, 282, 970
0, 1166, 11660282, 11662057, 282, 2057
0, 11660, 116600282, 116600970, 282, 970
0, 11661, 116610282, 116610970, 282, 970
0, 11662, 116620282, 116622081, 282, 2081
0, 11663, 116630282, 116630970, 282, 970
0, 11664, 116640282, 116641669, 282, 1669
0, 11665, 116650282, 116650970, 282, 970
0, 11666, 116660282, 116660970, 282, 970
0, 11667, 116670282, 116670970, 282, 970
0, 11668, 116680282, 116680970, 282, 970
0, 11669, 116690282, 116690970, 282, 970
0, 1167, 11670282, 11670970, 282, 970
0, 11670, 116700282, 116701244, 282, 1244
0, 11671, 116710282, 116710970, 282, 970
0, 11672, 116720282, 116720970, 282, 970
0, 11673, 116730282, 116731384, 282, 1384
0, 11674, 116740282, 116740970, 282, 970
0, 11675, 116750282, 116750970, 282, 970
0, 11676, 116760282, 116762056, 282, 2056
0, 11677, 116770282, 116770970, 282, 970
0, 11678, 116780282, 116780970, 282, 970
0, 11679, 116790282, 116790970, 282, 970
0, 1168, 11680282, 11680970, 282, 970
0, 11680, 116800282, 116802072, 282, 2072
0, 11681, 116810282, 116810970, 282, 970
0, 11682, 116820282, 116821244, 282, 1244
0, 11683, 116830282, 116830970, 282, 970
0, 11684, 116840282, 116840970, 282, 970
0, 11685, 116850282, 116850970, 282, 970
0, 11686, 116860282, 116860970, 282, 970
0, 11687, 116870282, 116870970, 282, 970
0, 11688, 116880282, 116881669, 282, 1669
0, 11689, 116890282, 116890970, 282, 970
0, 1169, 11690282, 11690970, 282, 970
0, 11690, 116900282, 116902081, 282, 2081
0, 11691, 116910282, 116910970, 282, 970
0, 11692, 116920282, 116920970, 282, 970
0, 11693, 116930282, 116930970, 282, 970
0, 11694, 116940282, 116941244, 282, 1244
0, 11695, 116950282, 116950970, 282, 970
0, 11696, 116960282, 116960970, 282, 970
0, 11697, 116970282, 116972081, 282, 2081
0, 11698, 116980282, 116980970, 282, 970
0, 11699, 116990282, 116990970, 282, 970
0, 117, 1170282, 1170970, 282, 970
0, 1170, 11700282, 11701244, 282, 1244
0, 11700, 117000282, 117001244, 282, 1244
0, 11701, 117010282, 117010970, 282, 970
0, 11702, 117020282, 117020970, 282, 970
0, 11703, 117030282, 117030970, 282, 970
0, 11704, 117040282, 117042081, 282, 2081
0, 11705, 117050282, 117050970, 282, 970
0, 11706, 117060282, 117061244, 282, 1244
0, 11707, 117070282, 117070970, 282, 970
0, 11708, 117080282, 117080970, 282, 970
0, 11709, 117090282, 117090970, 282, 970
0, 1171, 11710282, 11710970, 282, 970
0, 11710, 117100282, 117100970, 282, 970
0, 11711, 117110282, 117110970, 282, 970
0, 11712, 117120282, 117121244, 282, 1244
0, 11713, 117130282, 117130970, 282, 970
0, 11714, 117140282, 117140970, 282, 970
0, 11715, 117150282, 117151669, 282, 1669
0, 11716, 117160282, 117160970, 282, 970
0, 11717, 117170282, 117170970, 282, 970
0, 11718, 117180282, 117182056, 282, 2056
0, 11719, 117190282, 117190970, 282, 970
0, 1172, 11720282, 11720970, 282, 970
0, 11720, 117200282, 117200970, 282, 970
0, 11721, 117210282, 117210970, 282, 970
0, 11722, 117220282, 117220970, 282, 970
0, 11723, 117230282, 117230970, 282, 970
0, 11724, 117240282, 117241244, 282, 1244
0, 11725, 117250282, 117252081, 282, 2081
0, 11726, 117260282, 117260970, 282, 970
0, 11727, 117270282, 117270970, 282, 970
0, 11728, 117280282, 117280970, 282, 970
0, 11729, 117290282, 117290970, 282, 970
0, 1173, 11730282, 11731244, 282, 1244
0, 11730, 117300282, 117301669, 282, 1669
0, 11731, 117310282, 117310970, 282, 970
0, 11732, 117320282, 117322081, 282, 2081
0, 11733, 117330282, 117330970, 282, 970
0, 11734, 117340282, 117340970, 282, 970
0, 11735, 117350282, 117350970, 282, 970
0, 11736, 117360282, 117361669, 282, 1669
0, 11737, 117370282, 117370970, 282, 970
0, 11738, 117380282, 117380970, 282, 970
0, 11739, 117390282, 117392081, 282, 2081
0, 1174, 11740282, 11740970, 282, 970
0, 11740, 117400282, 117401183, 282, 1183
0, 11741, 117410282, 117410970, 282, 970
0, 11742, 117420282, 117421244, 282, 1244
0, 11743, 117430282, 117430970, 282, 970
0, 11744, 117440282, 117440970, 282, 970
0, 11745, 117450282, 117450970, 282, 970
0, 11746, 117460282, 117462056, 282, 2056
0, 11747, 117470282, 117470970, 282, 970
0, 11748, 117480282, 117481244, 282, 1244
0, 11749, 117490282, 117490970, 282, 970
0, 1175, 11750282, 11750970, 282, 970
0, 11750, 117500282, 117502056, 282, 2056
0, 11751, 117510282, 117510970, 282, 970
0, 11752, 117520282, 117520970, 282, 970
0, 11753, 117530282, 117530970, 282, 970
0, 11754, 117540282, 117540970, 282, 970
0, 11755, 117550282, 117550970, 282, 970
0, 11756, 117560282, 117560970, 282, 970
0, 11757, 117570282, 117571244, 282, 1244
0, 11758, 117580282, 117580970, 282, 970
0, 11759, 117590282, 117590970, 282, 970
0, 1176, 11760282, 11762588, 282, 2588
0, 11760, 117600282, 117602081, 282, 2081
0, 11761, 117610282, 117610970, 282, 970
0, 11762, 117620282, 117620970, 282, 970
0, 11763, 117630282, 117630970, 282, 970
0, 11764, 117640282, 117640970, 282, 970
0, 11765, 117650282, 117650970, 282, 970
0, 11766, 117660282, 117661244, 282, 1244
0, 11767, 117670282, 117672081, 282, 2081
0, 11768, 117680282, 117680970, 282, 970
0, 11769, 117690282, 117690970, 282, 970
0, 1177, 11770282, 11770970, 282, 970
0, 11770, 117700282, 117700970, 282, 970
0, 11771, 117710282, 117710970, 282, 970
0, 11772, 117720282, 117720970, 282, 970
0, 11773, 117730282, 117730970, 282, 970
0, 11774, 117740282, 117742081, 282, 2081
0, 11775, 117750282, 117751244, 282, 1244
0, 11776, 117760282, 117760970, 282, 970
0, 11777, 117770282, 117770970, 282, 970
0, 11778, 117780282, 117781244, 282, 1244
0, 11779, 117790282, 117790970, 282, 970
0, 1178, 11780282, 11780970, 282, 970
0, 11780, 117800282, 117800970, 282, 970
0, 11781, 117810282, 117812081, 282, 2081
0, 11782, 117820282, 117820970, 282, 970
0, 11783, 117830282, 117830970, 282, 970
0, 11784, 117840282, 117841244, 282, 1244
0, 11785, 117850282, 117850970, 282, 970
0, 11786, 117860282, 117860970, 282, 970
0, 11787, 117870282, 117870970, 282, 970
0, 11788, 117880282, 117882056, 282, 2056
0, 11789, 117890282, 117890970, 282, 970
0, 1179, 11790282, 11790970, 282, 970
0, 11790, 117900282, 117901669, 282, 1669
0, 11791, 117910282, 117910970, 282, 970
0, 11792, 117920282, 117922056, 282, 2056
0, 11793, 117930282, 117930970, 282, 970
0, 11794, 117940282, 117940970, 282, 970
0, 11795, 117950282, 117952072, 282, 2072
0, 11796, 117960282, 117960970, 282, 970
0, 11797, 117970282, 117970970, 282, 970
0, 11798, 117980282, 117980970, 282, 970
0, 11799, 117990282, 117991244, 282, 1244
0, 118, 1180282, 1180970, 282, 970
0, 1180, 11800282, 11800970, 282, 970
0, 11800, 118000282, 118002056, 282, 2056
0, 11801, 118010282, 118010970, 282, 970
0, 11802, 118020282, 118022056, 282, 2056
0, 11803, 118030282, 118030970, 282, 970
0, 11804, 118040282, 118040970, 282, 970
0, 11805, 118050282, 118050970, 282, 970
0, 11806, 118060282, 118060970, 282, 970
0, 11807, 118070282, 118070970, 282, 970
0, 11808, 118080282, 118081669, 282, 1669
0, 11809, 118090282, 118092081, 282, 2081
0, 1181, 11810282, 11810970, 282, 970
0, 11810, 118100282, 118100970, 282, 970
0, 11811, 118110282, 118110970, 282, 970
0, 11812, 118120282, 118120970, 282, 970
0, 11813, 118130282, 118130970, 282, 970
0, 11814, 118140282, 118140970, 282, 970
0, 11815, 118150282, 118150970, 282, 970
0, 11816, 118160282, 118164047, 282, 4047
0, 11817, 118170282, 118171669, 282, 1669
0, 11818, 118180282, 118180970, 282, 970
0, 11819, 118190282, 118190970, 282, 970
0, 1182, 11820282, 11821244, 282, 1244
0, 11820, 118200282, 118201669, 282, 1669
0, 11821, 118210282, 118210970, 282, 970
0, 11822, 118220282, 118220970, 282, 970
0, 11823, 118230282, 118231669, 282, 1669
0, 11824, 118240282, 118240970, 282, 970
0, 11825, 118250282, 118252072, 282, 2072
0, 11826, 118260282, 118261244, 282, 1244
0, 11827, 118270282, 118270970, 282, 970
0, 11828, 118280282, 118280970, 282, 970
0, 11829, 118290282, 118290970, 282, 970
0, 1183, 11830282, 11832081, 282, 2081
0, 11830, 118300282, 118302072, 282, 2072
0, 11831, 118310282, 118310970, 282, 970
0, 11832, 118320282, 118321669, 282, 1669
0, 11833, 118330282, 118330970, 282, 970
0, 11834, 118340282, 118340970, 282, 970
0, 11835, 118350282, 118351244, 282, 1244
0, 11836, 118360282, 118360970, 282, 970
0, 11837, 118370282, 118370970, 282, 970
0, 11838, 118380282, 118380970, 282, 970
0, 11839, 118390282, 118390970, 282, 970
0, 1184, 11840282, 11840970, 282, 970
0, 11840, 118400282, 118400970, 282, 970
0, 11841, 118410282, 118411244, 282, 1244
0, 11842, 118420282, 118420970, 282, 970
0, 11843, 118430282, 118430970, 282, 970
0, 11844, 118440282, 118442056, 282, 2056
0, 11845, 118450282, 118450970, 282, 970
0, 11846, 118460282, 118460970, 282, 970
0, 11847, 118470282, 118470970, 282, 970
0, 11848, 118480282, 118480970, 282, 970
0, 11849, 118490282, 118490970, 282, 970
0, 1185, 11850282, 11851021, 282, 1021
0, 11850, 118500282, 118501669, 282, 1669
0, 11851, 118510282, 118512081, 282, 2081
0, 11852, 118520282, 118520970, 282, 970
0, 11853, 118530282, 118530970, 282, 970
0, 11854, 118540282, 118540970, 282, 970
0, 11855, 118550282, 118550970, 282, 970
0, 11856, 118560282, 118561244, 282, 1244
0, 11857, 118570282, 118570970, 282, 970
0, 11858, 118580282, 118582081, 282, 2081
0, 11859, 118590282, 118590970, 282, 970
0, 1186, 11860282, 11860970, 282, 970
0, 11860, 118600282, 118600970, 282, 970
0, 11861, 118610282, 118610970, 282, 970
0, 11862, 118620282, 118621244, 282, 1244
0, 11863, 118630282, 118630970, 282, 970
0, 11864, 118640282, 118640970, 282, 970
0, 11865, 118650282, 118652072, 282, 2072
0, 11866, 118660282, 118660970, 282, 970
0, 11867, 118670282, 118670970, 282, 970
0, 11868, 118680282, 118681244, 282, 1244
0, 11869, 118690282, 118690970, 282, 970
0, 1187, 11870282, 11870970, 282, 970
0, 11870, 118700282, 118700970, 282, 970
0, 11871, 118710282, 118710970, 282, 970
0, 11872, 118720282, 118722081, 282, 2081
0, 11873, 118730282, 118730970, 282, 970
0, 11874, 118740282, 118740970, 282, 970
0, 11875, 118750282, 118750970, 282, 970
0, 11876, 118760282, 118762057, 282, 2057
0, 11877, 118770282, 118770970, 282, 970
0, 11878, 118780282, 118780970, 282, 970
0, 11879, 118790282, 118790970, 282, 970
0, 1188, 11880282, 11880970, 282, 970
0, 11880, 118800282, 118801669, 282, 1669
0, 11881, 118810282, 118810970, 282, 970
0, 11882, 118820282, 118820970, 282, 970
0, 11883, 118830282, 118831244, 282, 1244
0, 11884, 118840282, 118840970, 282, 970
0, 11885, 118850282, 118850970, 282, 970
0, 11886, 118860282, 118862081, 282, 2081
0, 11887, 118870282, 118870970, 282, 970
0, 11888, 118880282, 118880970, 282, 970
0, 11889, 118890282, 118890970, 282, 970
0, 1189, 11890282, 11890970, 282, 970
0, 11890, 118900282, 118900970, 282, 970
0, 11891, 118910282, 118910970, 282, 970
0, 11892, 118920282, 118921244, 282, 1244
0, 11893, 118930282, 118932081, 282, 2081
0, 11894, 118940282, 118940970, 282, 970
0, 11895, 118950282, 118951021, 282, 1021
0, 11896, 118960282, 118960970, 282, 970
0, 11897, 118970282, 118970970, 282, 970
0, 11898, 118980282, 118980970, 282, 970
0, 11899, 118990282, 118990970, 282, 970
0, 119, 1190282, 1192081, 282, 2081
0, 1190, 11900282, 11902081, 282, 2081
0, 11900, 119000282, 119002081, 282, 2081
0, 11901, 119010282, 119010970, 282, 970
0, 11902, 119020282, 119020970, 282, 970
0, 11903, 119030282, 119030970, 282, 970
0, 11904, 119040282, 119041669, 282, 1669
0, 11905, 119050282, 119050970, 282, 970
0, 11906, 119060282, 119060970, 282, 970
0, 11907, 119070282, 119071669, 282, 1669
0, 11908, 119080282, 119080970, 282, 970
0, 11909, 119090282, 119090970, 282, 970
0, 1191, 11910282, 11910970, 282, 970
0, 11910, 119100282, 119101669, 282, 1669
0, 11911, 119110282, 119110970, 282, 970
0, 11912, 119120282, 119120970, 282, 970
0, 11913, 119130282, 119130970, 282, 970
0, 11914, 119140282, 119142056, 282, 2056
0, 11915, 119150282, 119150970, 282, 970
0, 11916, 119160282, 119160970, 282, 970
0, 11917, 119170282, 119170970, 282, 970
0, 11918, 119180282, 119184126, 282, 4126
0, 11919, 119190282, 119191244, 282, 1244
0, 1192, 11920282, 11920970, 282, 970
0, 11920, 119200282, 119202056, 282, 2056
0, 11921, 119210282, 119212081, 282, 2081
0, 11922, 119220282, 119220970, 282, 970
0, 11923, 119230282, 119230970, 282, 970
0, 11924, 119240282, 119240970, 282, 970
0, 11925, 119250282, 119251244, 282, 1244
0, 11926, 119260282, 119260970, 282, 970
0, 11927, 119270282, 119270970, 282, 970
0, 11928, 119280282, 119284047, 282, 4047
0, 11929, 119290282, 119290970, 282, 970
0, 1193, 11930282, 11930970, 282, 970
0, 11930, 119300282, 119300970, 282, 970
0, 11931, 119310282, 119310970, 282, 970
0, 11932, 119320282, 119320970, 282, 970
0, 11933, 119330282, 119330970, 282, 970
0, 11934, 119340282, 119341244, 282, 1244
0, 11935, 119350282, 119352081, 282, 2081
0, 11936, 119360282, 119360970, 282, 970
0, 11937, 119370282, 119370970, 282, 970
0, 11938, 119380282, 119380970, 282, 970
0, 11939, 119390282, 119390970, 282, 970
0, 1194, 11940282, 11941244, 282, 1244
0, 11940, 119400282, 119401244, 282, 1244
0, 11941, 119410282, 119410970, 282, 970
0, 11942, 119420282, 119422056, 282, 2056
0, 11943, 119430282, 119430970, 282, 970
0, 11944, 119440282, 119440970, 282, 970
0, 11945, 119450282, 119450970, 282, 970
0, 11946, 119460282, 119461669, 282, 1669
0, 11947, 119470282, 119470970, 282, 970
0, 11948, 119480282, 119480970, 282, 970
0, 11949, 119490282, 119491669, 282, 1669
0, 1195, 11950282, 11950970, 282, 970
0, 11950, 119500282, 119500970, 282, 970
0, 11951, 119510282, 119510970, 282, 970
0, 11952, 119520282, 119521669, 282, 1669
0, 11953, 119530282, 119530970, 282, 970
0, 11954, 119540282, 119540970, 282, 970
0, 11955, 119550282, 119550970, 282, 970
0, 11956, 119560282, 119562056, 282, 2056
0, 11957, 119570282, 119570970, 282, 970
0, 11958, 119580282, 119580970, 282, 970
0, 11959, 119590282, 119590970, 282, 970
0, 1196, 11960282, 11960970, 282, 970
0, 11960, 119600282, 119602072, 282, 2072
0, 11961, 119610282, 119611669, 282, 1669
0, 11962, 119620282, 119620970, 282, 970
0, 11963, 119630282, 119632081, 282, 2081
0, 11964, 119640282, 119640970, 282, 970
0, 11965, 119650282, 119650970, 282, 970
0, 11966, 119660282, 119660970, 282, 970
0, 11967, 119670282, 119670970, 282, 970
0, 11968, 119680282, 119680970, 282, 970
0, 11969, 119690282, 119690970, 282, 970
0, 1197, 11970282, 11971669, 282, 1669
0, 11970, 119700282, 119702081, 282, 2081
0, 11971, 119710282, 119710970, 282, 970
0, 11972, 119720282, 119720970, 282, 970
0, 11973, 119730282, 119730970, 282, 970
0, 11974, 119740282, 119740970, 282, 970
0, 11975, 119750282, 119750970, 282, 970
0, 11976, 119760282, 119761244, 282, 1244
0, 11977, 119770282, 119772081, 282, 2081
0, 11978, 119780282, 119780970, 282, 970
0, 11979, 119790282, 119790970, 282, 970
0, 1198, 11980282, 11980970, 282, 970
0, 11980, 119800282, 119800970, 282, 970
0, 11981, 119810282, 119810970, 282, 970
0, 11982, 119820282, 119820970, 282, 970
0, 11983, 119830282, 119830970, 282, 970
0, 11984, 119840282, 119842081, 282, 2081
0, 11985, 119850282, 119851244, 282, 1244
0, 11986, 119860282, 119860970, 282, 970
0, 11987, 119870282, 119870970, 282, 970
0, 11988, 119880282, 119881669, 282, 1669
0, 11989, 119890282, 119890970, 282, 970
0, 1199, 11990282, 11990970, 282, 970
0, 11990, 119900282, 119900970, 282, 970
0, 11991, 119910282, 119911669, 282, 1669
0, 11992, 119920282, 119920970, 282, 970
0, 11993, 119930282, 119930970, 282, 970
0, 11994, 119940282, 119941244, 282, 1244
0, 11995, 119950282, 119950970, 282, 970
0, 11996, 119960282, 119960970, 282, 970
0, 11997, 119970282, 119970970, 282, 970
0, 11998, 119980282, 119982056, 282, 2056
0, 11999, 119990282, 119990970, 282, 970
0, 12, 120282, 120970, 282, 970
0, 120, 1200282, 1202056, 282, 2056
0, 1200, 12000282, 12002056, 282, 2056
0, 12000, 120000282, 120001669, 282, 1669
0, 12001, 120010282, 120010970, 282, 970
0, 12002, 120020282, 120020970, 282, 970
0, 12003, 120030282, 120030970, 282, 970
0, 12004, 120040282, 120040970, 282, 970
0, 12005, 120050282, 120052081, 282, 2081
0, 12006, 120060282, 120060970, 282, 970
0, 12007, 120070282, 120070970, 282, 970
0, 12008, 120080282, 120080970, 282, 970
0, 12009, 120090282, 120090970, 282, 970
0, 1201, 12010282, 12010970, 282, 970
0, 12010, 120100282, 120100970, 282, 970
0, 12011, 120110282, 120110970, 282, 970
0, 12012, 120120282, 120122081, 282, 2081
0, 12013, 120130282, 120130970, 282, 970
0, 12014, 120140282, 120140970, 282, 970
0, 12015, 120150282, 120150970, 282, 970
0, 12016, 120160282, 120160970, 282, 970
0, 12017, 120170282, 120170970, 282, 970
0, 12018, 120180282, 120180970, 282, 970
0, 12019, 120190282, 120192081, 282, 2081
0, 1202, 12020282, 12020970, 282, 970
0, 12020, 120200282, 120200970, 282, 970
0, 12021, 120210282, 120210970, 282, 970
0, 12022, 120220282, 120220970, 282, 970
0, 12023, 120230282, 120230970, 282, 970
0, 12024, 120240282, 120241244, 282, 1244
0, 12025, 120250282, 120250970, 282, 970
0, 12026, 120260282, 120262056, 282, 2056
0, 12027, 120270282, 120270970, 282, 970
0, 12028, 120280282, 120280970, 282, 970
0, 12029, 120290282, 120290970, 282, 970
0, 1203, 12030282, 12030970, 282, 970
0, 12030, 120300282, 120302056, 282, 2056
0, 12031, 120310282, 120310970, 282, 970
0, 12032, 120320282, 120320970, 282, 970
0, 12033, 120330282, 120331669, 282, 1669
0, 12034, 120340282, 120340970, 282, 970
0, 12035, 120350282, 120350970, 282, 970
0, 12036, 120360282, 120361244, 282, 1244
0, 12037, 120370282, 120370970, 282, 970
0, 12038, 120380282, 120380970, 282, 970
0, 12039, 120390282, 120390970, 282, 970
0, 1204, 12040282, 12042056, 282, 2056
0, 12040, 120400282, 120402081, 282, 2081
0, 12041, 120410282, 120410970, 282, 970
0, 12042, 120420282, 120420970, 282, 970
0, 12043, 120430282, 120430970, 282, 970
0, 12044, 120440282, 120440970, 282, 970
0, 12045, 120450282, 120451244, 282, 1244
0, 12046, 120460282, 120460970, 282, 970
0, 12047, 120470282, 120472081, 282, 2081
0, 12048, 120480282, 120481244, 282, 1244
0, 12049, 120490282, 120490970, 282, 970
0, 1205, 12050282, 12050970, 282, 970
0, 12050, 120500282, 120500970, 282, 970
0, 12051, 120510282, 120510970, 282, 970
0, 12052, 120520282, 120520970, 282, 970
0, 12053, 120530282, 120530970, 282, 970
0, 12054, 120540282, 120542081, 282, 2081
0, 12055, 120550282, 120552072, 282, 2072
0, 12056, 120560282, 120560970, 282, 970
0, 12057, 120570282, 120570970, 282, 970
0, 12058, 120580282, 120580970, 282, 970
0, 12059, 120590282, 120590970, 282, 970
0, 1206, 12060282, 12060970, 282, 970
0, 12060, 120600282, 120601244, 282, 1244
0, 12061, 120610282, 120610970, 282, 970
0, 12062, 120620282, 120620970, 282, 970
0, 12063, 120630282, 120630970, 282, 970
0, 12064, 120640282, 120640970, 282, 970
0, 12065, 120650282, 120651286, 282, 1286
0, 12066, 120660282, 120660970, 282, 970
0, 12067, 120670282, 120670970, 282, 970
0, 12068, 120680282, 120682056, 282, 2056
0, 12069, 120690282, 120690970, 282, 970
0, 1207, 12070282, 12070970, 282, 970
0, 12070, 120700282, 120700970, 282, 970
0, 12071, 120710282, 120710970, 282, 970
0, 12072, 120720282, 120722056, 282, 2056
0, 12073, 120730282, 120730970, 282, 970
0, 12074, 120740282, 120740970, 282, 970
0, 12075, 120750282, 120752072, 282, 2072
0, 12076, 120760282, 120760970, 282, 970
0, 12077, 120770282, 120770970, 282, 970
0, 12078, 120780282, 120780970, 282, 970
0, 12079, 120790282, 120790970, 282, 970
0, 1208, 12080282, 12085899, 282, 5899
0, 12080, 120800282, 120802056, 282, 2056
0, 12081, 120810282, 120811244, 282, 1244
0, 12082, 120820282, 120822056, 282, 2056
0, 12083, 120830282, 120830970, 282, 970
0, 12084, 120840282, 120840970, 282, 970
0, 12085, 120850282, 120850970, 282, 970
0, 12086, 120860282, 120860970, 282, 970
0, 12087, 120870282, 120870970, 282, 970
0, 12088, 120880282, 120880970, 282, 970
0, 12089, 120890282, 120893522, 282, 3522
0, 1209, 12090282, 12091244, 282, 1244
0, 12090, 120900282, 120901669, 282, 1669
0, 12091, 120910282, 120910970, 282, 970
0, 12092, 120920282, 120920970, 282, 970
0, 12093, 120930282, 120930970, 282, 970
0, 12094, 120940282, 120940970, 282, 970
0, 12095, 120950282, 120950970, 282, 970
0, 12096, 120960282, 120964047, 282, 4047
0, 12097, 120970282, 120970970, 282, 970
0, 12098, 120980282, 120980970, 282, 970
0, 12099, 120990282, 120990970, 282, 970
0, 121, 1210282, 1210970, 282, 970
0, 1210, 12100282, 12100970, 282, 970
0, 12100, 121000282, 121000970, 282, 970
0, 12101, 121010282, 121010970, 282, 970
0, 12102, 121020282, 121020970, 282, 970
0, 12103, 121030282, 121030970, 282, 970
0, 12104, 121040282, 121040970, 282, 970
0, 12105, 121050282, 121051244, 282, 1244
0, 12106, 121060282, 121060970, 282, 970
0, 12107, 121070282, 121070970, 282, 970
0, 12108, 121080282, 121080970, 282, 970
0, 12109, 121090282, 121090970, 282, 970
0, 1211, 12110282, 12110970, 282, 970
0, 12110, 121100282, 121102072, 282, 2072
0, 12111, 121110282, 121110970, 282, 970
0, 12112, 121120282, 121120970, 282, 970
0, 12113, 121130282, 121130970, 282, 970
0, 12114, 121140282, 121141669, 282, 1669
0, 12115, 121150282, 121150970, 282, 970
0, 12116, 121160282, 121160970, 282, 970
0, 12117, 121170282, 121171669, 282, 1669
0, 12118, 121180282, 121180970, 282, 970
0, 12119, 121190282, 121190970, 282, 970
0, 1212, 12120282, 12120970, 282, 970
0, 12120, 121200282, 121201669, 282, 1669
0, 12121, 121210282, 121210970, 282, 970
0, 12122, 121220282, 121220970, 282, 970
0, 12123, 121230282, 121230970, 282, 970
0, 12124, 121240282, 121242081, 282, 2081
0, 12125, 121250282, 121250970, 282, 970
0, 12126, 121260282, 121260970, 282, 970
0, 12127, 121270282, 121270970, 282, 970
0, 12128, 121280282, 121280970, 282, 970
0, 12129, 121290282, 121290970, 282, 970
0, 1213, 12130282, 12130970, 282, 970
0, 12130, 121300282, 121300970, 282, 970
0, 12131, 121310282, 121312081, 282, 2081
0, 12132, 121320282, 121321244, 282, 1244
0, 12133, 121330282, 121330970, 282, 970
0, 12134, 121340282, 121340970, 282, 970
0, 12135, 121350282, 121351244, 282, 1244
0, 12136, 121360282, 121360970, 282, 970
0, 12137, 121370282, 121370970, 282, 970
0, 12138, 121380282, 121382081, 282, 2081
0, 12139, 121390282, 121390970, 282, 970
0, 1214, 12140282, 12140970, 282, 970
0, 12140, 121400282, 121400970, 282, 970
0, 12141, 121410282, 121410970, 282, 970
0, 12142, 121420282, 121420970, 282, 970
0, 12143, 121430282, 121430970, 282, 970
0, 12144, 121440282, 121441244, 282, 1244
0, 12145, 121450282, 121452072, 282, 2072
0, 12146, 121460282, 121460970, 282, 970
0, 12147, 121470282, 121470970, 282, 970
0, 12148, 121480282, 121480970, 282, 970
0, 12149, 121490282, 121490970, 282, 970
0, 1215, 12150282, 12151244, 282, 1244
0, 12150, 121500282, 121501244, 282, 1244
0, 12151, 121510282, 121510970, 282, 970
0, 12152, 121520282, 121522081, 282, 2081
0, 12153, 121530282, 121530970, 282, 970
0, 12154, 121540282, 121540970, 282, 970
0, 12155, 121550282, 121550970, 282, 970
0, 12156, 121560282, 121561669, 282, 1669
0, 12157, 121570282, 121570970, 282, 970
0, 12158, 121580282, 121580970, 282, 970
0, 12159, 121590282, 121591669, 282, 1669
0, 1216, 12160282, 12160970, 282, 970
0, 12160, 121600282, 121600970, 282, 970
0, 12161, 121610282, 121610970, 282, 970
0, 12162, 121620282, 121620970, 282, 970
0, 12163, 121630282, 121630970, 282, 970
0, 12164, 121640282, 121640970, 282, 970
0, 12165, 121650282, 121651244, 282, 1244
0, 12166, 121660282, 121662081, 282, 2081
0, 12167, 121670282, 121670970, 282, 970
0, 12168, 121680282, 121681244, 282, 1244
0, 12169, 121690282, 121690970, 282, 970
0, 1217, 12170282, 12171669, 282, 1669
0, 12170, 121700282, 121700970, 282, 970
0, 12171, 121710282, 121710970, 282, 970
0, 12172, 121720282, 121720970, 282, 970
0, 12173, 121730282, 121732081, 282, 2081
0, 12174, 121740282, 121741244, 282, 1244
0, 12175, 121750282, 121750970, 282, 970
0, 12176, 121760282, 121760970, 282, 970
0, 12177, 121770282, 121770970, 282, 970
0, 12178, 121780282, 121780970, 282, 970
0, 12179, 121790282, 121790970, 282, 970
0, 1218, 12180282, 12182081, 282, 2081
0, 12180, 121800282, 121802072, 282, 2072
0, 12181, 121810282, 121810970, 282, 970
0, 12182, 121820282, 121820970, 282, 970
0, 12183, 121830282, 121830970, 282, 970
0, 12184, 121840282, 121840970, 282, 970
0, 12185, 121850282, 121850970, 282, 970
0, 12186, 121860282, 121860970, 282, 970
0, 12187, 121870282, 121870970, 282, 970
0, 12188, 121880282, 121880970, 282, 970
0, 12189, 121890282, 121890970, 282, 970
0, 1219, 12190282, 12190970, 282, 970
0, 12190, 121900282, 121900970, 282, 970
0, 12191, 121910282, 121911962, 282, 1962
0, 12192, 121920282, 121921669, 282, 1669
0, 12193, 121930282, 121930970, 282, 970
0, 12194, 121940282, 121942056, 282, 2056
0, 12195, 121950282, 121950970, 282, 970
0, 12196, 121960282, 121960970, 282, 970
0, 12197, 121970282, 121970970, 282, 970
0, 12198, 121980282, 121981669, 282, 1669
0, 12199, 121990282, 121990970, 282, 970
0, 122, 1220282, 1220970, 282, 970
0, 1220, 12200282, 12200970, 282, 970
0, 12200, 122000282, 122002056, 282, 2056
0, 12201, 122010282, 122011669, 282, 1669
0, 12202, 122020282, 122020970, 282, 970
0, 12203, 122030282, 122030970, 282, 970
0, 12204, 122040282, 122040970, 282, 970
0, 12205, 122050282, 122050970, 282, 970
0, 12206, 122060282, 122060970, 282, 970
0, 12207, 122070282, 122070970, 282, 970
0, 12208, 122080282, 122084047, 282, 4047
0, 12209, 122090282, 122091400, 282, 1400
0, 1221, 12210282, 12210970, 282, 970
0, 12210, 122100282, 122101244, 282, 1244
0, 12211, 122110282, 122110970, 282, 970
0, 12212, 122120282, 122120970, 282, 970
0, 12213, 122130282, 122130970, 282, 970
0, 12214, 122140282, 122140970, 282, 970
0, 12215, 122150282, 122152081, 282, 2081
0, 12216, 122160282, 122161669, 282, 1669
0, 12217, 122170282, 122170970, 282, 970
0, 12218, 122180282, 122180970, 282, 970
0, 12219, 122190282, 122190970, 282, 970
0, 1222, 12220282, 12220970, 282, 970
0, 12220, 122200282, 122200970, 282, 970
0, 12221, 122210282, 122210970, 282, 970
0, 12222, 122220282, 122222056, 282, 2056
0, 12223, 122230282, 122230970, 282, 970
0, 12224, 122240282, 122240970, 282, 970
0, 12225, 122250282, 122251669, 282, 1669
0, 12226, 122260282, 122260970, 282, 970
0, 12227, 122270282, 122270970, 282, 970
0, 12228, 122280282, 122280970, 282, 970
0, 12229, 122290282, 122290970, 282, 970
0, 1223, 12230282, 12230970, 282, 970
0, 12230, 122300282, 122300970, 282, 970
0, 12231, 122310282, 122310970, 282, 970
0, 12232, 122320282, 122320970, 282, 970
0, 12233, 122330282, 122334720, 282, 4720
0, 12234, 122340282, 122341244, 282, 1244
0, 12235, 122350282, 122350970, 282, 970
0, 12236, 122360282, 122362056, 282, 2056
0, 12237, 122370282, 122370970, 282, 970
0, 12238, 122380282, 122380970, 282, 970
0, 12239, 122390282, 122390970, 282, 970
0, 1224, 12240282, 12241669, 282, 1669
0, 12240, 122400282, 122402072, 282, 2072
0, 12241, 122410282, 122410970, 282, 970
0, 12242, 122420282, 122420970, 282, 970
0, 12243, 122430282, 122432081, 282, 2081
0, 12244, 122440282, 122440970, 282, 970
0, 12245, 122450282, 122450970, 282, 970
0, 12246, 122460282, 122460970, 282, 970
0, 12247, 122470282, 122470970, 282, 970
0, 12248, 122480282, 122480970, 282, 970
0, 12249, 122490282, 122490970, 282, 970
0, 1225, 12250282, 12252081, 282, 2081
0, 12250, 122500282, 122502081, 282, 2081
0, 12251, 122510282, 122510970, 282, 970
0, 12252, 122520282, 122521244, 282, 1244
0, 12253, 122530282, 122530970, 282, 970
0, 12254, 122540282, 122540970, 282, 970
0, 12255, 122550282, 122550970, 282, 970
0, 12256, 122560282, 122560970, 282, 970
0, 12257, 122570282, 122572081, 282, 2081
0, 12258, 122580282, 122581244, 282, 1244
0, 12259, 122590282, 122590970, 282, 970
0, 1226, 12260282, 12261897, 282, 1897
0, 12260, 122600282, 122600970, 282, 970
0, 12261, 122610282, 122610970, 282, 970
0, 12262, 122620282, 122620970, 282, 970
0, 12263, 122630282, 122630970, 282, 970
0, 12264, 122640282, 122642081, 282, 2081
0, 12265, 122650282, 122650970, 282, 970
0, 12266, 122660282, 122660970, 282, 970
0, 12267, 122670282, 122670970, 282, 970
0, 12268, 122680282, 122680970, 282, 970
0, 12269, 122690282, 122690970, 282, 970
0, 1227, 12270282, 12270970, 282, 970
0, 12270, 122700282, 122701244, 282, 1244
0, 12271, 122710282, 122710970, 282, 970
0, 12272, 122720282, 122720970, 282, 970
0, 12273, 122730282, 122730970, 282, 970
0, 12274, 122740282, 122740970, 282, 970
0, 12275, 122750282, 122753282, 282, 3282
0, 12276, 122760282, 122761244, 282, 1244
0, 12277, 122770282, 122770970, 282, 970
0, 12278, 122780282, 122782056, 282, 2056
0, 12279, 122790282, 122790970, 282, 970
0, 1228, 12280282, 12280970, 282, 970
0, 12280, 122800282, 122800970, 282, 970
0, 12281, 122810282, 122810970, 282, 970
0, 12282, 122820282, 122821244, 282, 1244
0, 12283, 122830282, 122830970, 282, 970
0, 12284, 122840282, 122840970, 282, 970
0, 12285, 122850282, 122852081, 282, 2081
0, 12286, 122860282, 122860970, 282, 970
0, 12287, 122870282, 122870970, 282, 970
0, 12288, 122880282, 122881244, 282, 1244
0, 12289, 122890282, 122890970, 282, 970
0, 1229, 12290282, 12290970, 282, 970
0, 12290, 122900282, 122900970, 282, 970
0, 12291, 122910282, 122910970, 282, 970
0, 12292, 122920282, 122922081, 282, 2081
0, 12293, 122930282, 122932029, 282, 2029
0, 12294, 122940282, 122941244, 282, 1244
0, 12295, 122950282, 122950970, 282, 970
0, 12296, 122960282, 122960970, 282, 970
0, 12297, 122970282, 122970970, 282, 970
0, 12298, 122980282, 122980970, 282, 970
0, 12299, 122990282, 122990970, 282, 970
0, 123, 1230282, 1230970, 282, 970
0, 1230, 12300282, 12301244, 282, 1244
0, 12300, 123000282, 123001669, 282, 1669
0, 12301, 123010282, 123010970, 282, 970
0, 12302, 123020282, 123020970, 282, 970
0, 12303, 123030282, 123030970, 282, 970
0, 12304, 123040282, 123040970, 282, 970
0, 12305, 123050282, 123050970, 282, 970
0, 12306, 123060282, 123062056, 282, 2056
0, 12307, 123070282, 123070970, 282, 970
0, 12308, 123080282, 123080970, 282, 970
0, 12309, 123090282, 123090970, 282, 970
0, 1231, 12310282, 12310970, 282, 970
0, 12310, 123100282, 123102056, 282, 2056
0, 12311, 123110282, 123110970, 282, 970
0, 12312, 123120282, 123121244, 282, 1244
0, 12313, 123130282, 123130970, 282, 970
0, 12314, 123140282, 123140970, 282, 970
0, 12315, 123150282, 123150970, 282, 970
0, 12316, 123160282, 123160970, 282, 970
0, 12317, 123170282, 123170970, 282, 970
0, 12318, 123180282, 123181244, 282, 1244
0, 12319, 123190282, 123190970, 282, 970
0, 1232, 12320282, 12322081, 282, 2081
0, 12320, 123200282, 123202081, 282, 2081
0, 12321, 123210282, 123210970, 282, 970
0, 12322, 123220282, 123220970, 282, 970
0, 12323, 123230282, 123230970, 282, 970
0, 12324, 123240282, 123241244, 282, 1244
0, 12325, 123250282, 123250970, 282, 970
0, 12326, 123260282, 123260970, 282, 970
0, 12327, 123270282, 123272081, 282, 2081
0, 12328, 123280282, 123280970, 282, 970
0, 12329, 123290282, 123290970, 282, 970
0, 1233, 12330282, 12330970, 282, 970
0, 12330, 123300282, 123301244, 282, 1244
0, 12331, 123310282, 123310970, 282, 970
0, 12332, 123320282, 123320970, 282, 970
0, 12333, 123330282, 123330970, 282, 970
0, 12334, 123340282, 123342081, 282, 2081
0, 12335, 123350282, 123352072, 282, 2072
0, 12336, 123360282, 123361669, 282, 1669
0, 12337, 123370282, 123370970, 282, 970
0, 12338, 123380282, 123380970, 282, 970
0, 12339, 123390282, 123390970, 282, 970
0, 1234, 12340282, 12340970, 282, 970
0, 12340, 123400282, 123400970, 282, 970
0, 12341, 123410282, 123410970, 282, 970
0, 12342, 123420282, 123421244, 282, 1244
0, 12343, 123430282, 123430970, 282, 970
0, 12344, 123440282, 123440970, 282, 970
0, 12345, 123450282, 123451669, 282, 1669
0, 12346, 123460282, 123460970, 282, 970
0, 12347, 123470282, 123470970, 282, 970
0, 12348, 123480282, 123482056, 282, 2056
0, 12349, 123490282, 123490970, 282, 970
0, 1235, 12350282, 12350970, 282, 970
0, 12350, 123500282, 123500970, 282, 970
0, 12351, 123510282, 123510970, 282, 970
0, 12352, 123520282, 123522056, 282, 2056
0, 12353, 123530282, 123530970, 282, 970
0, 12354, 123540282, 123541244, 282, 1244
0, 12355, 123550282, 123552072, 282, 2072
0, 12356, 123560282, 123560970, 282, 970
0, 12357, 123570282, 123570970, 282, 970
0, 12358, 123580282, 123580970, 282, 970
0, 12359, 123590282, 123590970, 282, 970
0, 1236, 12360282, 12361244, 282, 1244
0, 12360, 123600282, 123602056, 282, 2056
0, 12361, 123610282, 123610970, 282, 970
0, 12362, 123620282, 123622081, 282, 2081
0, 12363, 123630282, 123630970, 282, 970
0, 12364, 123640282, 123640970, 282, 970
0, 12365, 123650282, 123650970, 282, 970
0, 12366, 123660282, 123661244, 282, 1244
0, 12367, 123670282, 123670970, 282, 970
0, 12368, 123680282, 123680970, 282, 970
0, 12369, 123690282, 123692081, 282, 2081
0, 1237, 12370282, 12370970, 282, 970
0, 12370, 123700282, 123701736, 282, 1736
0, 12371, 123710282, 123710970, 282, 970
0, 12372, 123720282, 123720970, 282, 970
0, 12373, 123730282, 123730970, 282, 970
0, 12374, 123740282, 123740970, 282, 970
0, 12375, 123750282, 123750970, 282, 970
0, 12376, 123760282, 123764047, 282, 4047
0, 12377, 123770282, 123771400, 282, 1400
0, 12378, 123780282, 123781244, 282, 1244
0, 12379, 123790282, 123790970, 282, 970
0, 1238, 12380282, 12380970, 282, 970
0, 12380, 123800282, 123800970, 282, 970
0, 12381, 123810282, 123810970, 282, 970
0, 12382, 123820282, 123820970, 282, 970
0, 12383, 123830282, 123830970, 282, 970
0, 12384, 123840282, 123841244, 282, 1244
0, 12385, 123850282, 123850970, 282, 970
0, 12386, 123860282, 123860970, 282, 970
0, 12387, 123870282, 123871244, 282, 1244
0, 12388, 123880282, 123880970, 282, 970
0, 12389, 123890282, 123890970, 282, 970
0, 1239, 12390282, 12391669, 282, 1669
0, 12390, 123900282, 123902072, 282, 2072
0, 12391, 123910282, 123910970, 282, 970
0, 12392, 123920282, 123920970, 282, 970
0, 12393, 123930282, 123930970, 282, 970
0, 12394, 123940282, 123940970, 282, 970
0, 12395, 123950282, 123950970, 282, 970
0, 12396, 123960282, 123961244, 282, 1244
0, 12397, 123970282, 123970970, 282, 970
0, 12398, 123980282, 123980970, 282, 970
0, 12399, 123990282, 123990970, 282, 970
0, 124, 1240282, 1240970, 282, 970
0, 1240, 12400282, 12400970, 282, 970
0, 12400, 124000282, 124000970, 282, 970
0, 12401, 124010282, 124010970, 282, 970
0, 12402, 124020282, 124021244, 282, 1244
0, 12403, 124030282, 124030970, 282, 970
0, 12404, 124040282, 124042081, 282, 2081
0, 12405, 124050282, 124050970, 282, 970
0, 12406, 124060282, 124060970, 282, 970
0, 12407, 124070282, 124070970, 282, 970
0, 12408, 124080282, 124081669, 282, 1669
0, 12409, 124090282, 124090970, 282, 970
0, 1241, 12410282, 12410970, 282, 970
0, 12410, 124100282, 124100970, 282, 970
0, 12411, 124110282, 124112081, 282, 2081
0, 12412, 124120282, 124120970, 282, 970
0, 12413, 124130282, 124130970, 282, 970
0, 12414, 124140282, 124140970, 282, 970
0, 12415, 124150282, 124150970, 282, 970
0, 12416, 124160282, 124160970, 282, 970
0, 12417, 124170282, 124170970, 282, 970
0, 12418, 124180282, 124182056, 282, 2056
0, 12419, 124190282, 124190970, 282, 970
0, 1242, 12420282, 12421244, 282, 1244
0, 12420, 124200282, 124201669, 282, 1669
0, 12421, 124210282, 124210970, 282, 970
0, 12422, 124220282, 124220970, 282, 970
0, 12423, 124230282, 124230970, 282, 970
0, 12424, 124240282, 124240970, 282, 970
0, 12425, 124250282, 124252072, 282, 2072
0, 12426, 124260282, 124260970, 282, 970
0, 12427, 124270282, 124270970, 282, 970
0, 12428, 124280282, 124280970, 282, 970
0, 12429, 124290282, 124291244, 282, 1244
0, 1243, 12430282, 12430970, 282, 970
0, 12430, 124300282, 124300970, 282, 970
0, 12431, 124310282, 124310970, 282, 970
0, 12432, 124320282, 124322081, 282, 2081
0, 12433, 124330282, 124330970, 282, 970
0, 12434, 124340282, 124340970, 282, 970
0, 12435, 124350282, 124350970, 282, 970
0, 12436, 124360282, 124360970, 282, 970
0, 12437, 124370282, 124370970, 282, 970
0, 12438, 124380282, 124381244, 282, 1244
0, 12439, 124390282, 124392081, 282, 2081
0, 1244, 12440282, 12440970, 282, 970
0, 12440, 124400282, 124400970, 282, 970
0, 12441, 124410282, 124410970, 282, 970
0, 12442, 124420282, 124420970, 282, 970
0, 12443, 124430282, 124430970, 282, 970
0, 12444, 124440282, 124441244, 282, 1244
0, 12445, 124450282, 124450970, 282, 970
0, 12446, 124460282, 124462081, 282, 2081
0, 12447, 124470282, 124470970, 282, 970
0, 12448, 124480282, 124480970, 282, 970
0, 12449, 124490282, 124490970, 282, 970
0, 1245, 12450282, 12450970, 282, 970
0, 12450, 124500282, 124501669, 282, 1669
0, 12451, 124510282, 124510970, 282, 970
0, 12452, 124520282, 124520970, 282, 970
0, 12453, 124530282, 124532081, 282, 2081
0, 12454, 124540282, 124540970, 282, 970
0, 12455, 124550282, 124550970, 282, 970
0, 12456, 124560282, 124561669, 282, 1669
0, 12457, 124570282, 124570970, 282, 970
0, 12458, 124580282, 124580970, 282, 970
0, 12459, 124590282, 124590970, 282, 970
0, 1246, 12460282, 12462056, 282, 2056
0, 12460, 124600282, 124602072, 282, 2072
0, 12461, 124610282, 124610970, 282, 970
0, 12462, 124620282, 124621244, 282, 1244
0, 12463, 124630282, 124630970, 282, 970
0, 12464, 124640282, 124642056, 282, 2056
0, 12465, 124650282, 124650970, 282, 970
0, 12466, 124660282, 124660970, 282, 970
0, 12467, 124670282, 124670970, 282, 970
0, 12468, 124680282, 124680970, 282, 970
0, 12469, 124690282, 124690970, 282, 970
0, 1247, 12470282, 12470970, 282, 970
0, 12470, 124700282, 124700970, 282, 970
0, 12471, 124710282, 124711244, 282, 1244
0, 12472, 124720282, 124720970, 282, 970
0, 12473, 124730282, 124730970, 282, 970
0, 12474, 124740282, 124742056, 282, 2056
0, 12475, 124750282, 124750970, 282, 970
0, 12476, 124760282, 124760970, 282, 970
0, 12477, 124770282, 124770970, 282, 970
0, 12478, 124780282, 124780970, 282, 970
0, 12479, 124790282, 124790970, 282, 970
0, 1248, 12480282, 12481244, 282, 1244
0, 12480, 124800282, 124802056, 282, 2056
0, 12481, 124810282, 124812081, 282, 2081
0, 12482, 124820282, 124820970, 282, 970
0, 12483, 124830282, 124830970, 282, 970
0, 12484, 124840282, 124840970, 282, 970
0, 12485, 124850282, 124850970, 282, 970
0, 12486, 124860282, 124860970, 282, 970
0, 12487, 124870282, 124870970, 282, 970
0, 12488, 124880282, 124884047, 282, 4047
0, 12489, 124890282, 124891669, 282, 1669
0, 1249, 12490282, 12490970, 282, 970
0, 12490, 124900282, 124900970, 282, 970
0, 12491, 124910282, 124910970, 282, 970
0, 12492, 124920282, 124921244, 282, 1244
0, 12493, 124930282, 124930970, 282, 970
0, 12494, 124940282, 124940970, 282, 970
0, 12495, 124950282, 124952081, 282, 2081
0, 12496, 124960282, 124960970, 282, 970
0, 12497, 124970282, 124970970, 282, 970
0, 12498, 124980282, 124981244, 282, 1244
0, 12499, 124990282, 124990970, 282, 970
0, 125, 1250282, 1250970, 282, 970
0, 1250, 12500282, 12502056, 282, 2056
0, 12500, 125000282, 125000970, 282, 970
0, 12501, 125010282, 125010970, 282, 970
0, 12502, 125020282, 125022056, 282, 2056
0, 12503, 125030282, 125030970, 282, 970
0, 12504, 125040282, 125041669, 282, 1669
0, 12505, 125050282, 125050970, 282, 970
0, 12506, 125060282, 125061626, 282, 1626
0, 12507, 125070282, 125070970, 282, 970
0, 12508, 125080282, 125080970, 282, 970
0, 12509, 125090282, 125090970, 282, 970
0, 1251, 12510282, 12510970, 282, 970
0, 12510, 125100282, 125101244, 282, 1244
0, 12511, 125110282, 125110970, 282, 970
0, 12512, 125120282, 125120970, 282, 970
0, 12513, 125130282, 125131683, 282, 1683
0, 12514, 125140282, 125140970, 282, 970
0, 12515, 125150282, 125150970, 282, 970
0, 12516, 125160282, 125162056, 282, 2056
0, 12517, 125170282, 125170970, 282, 970
0, 12518, 125180282, 125180970, 282, 970
0, 12519, 125190282, 125190970, 282, 970
0, 1252, 12520282, 12520970, 282, 970
0, 12520, 125200282, 125202056, 282, 2056
0, 12521, 125210282, 125210970, 282, 970
0, 12522, 125220282, 125221244, 282, 1244
0, 12523, 125230282, 125232081, 282, 2081
0, 12524, 125240282, 125240970, 282, 970
0, 12525, 125250282, 125250970, 282, 970
0, 12526, 125260282, 125260970, 282, 970
0, 12527, 125270282, 125270970, 282, 970
0, 12528, 125280282, 125281244, 282, 1244
0, 12529, 125290282, 125290970, 282, 970
0, 1253, 12530282, 12531391, 282, 1391
0, 12530, 125300282, 125302081, 282, 2081
0, 12531, 125310282, 125311545, 282, 1545
0, 12532, 125320282, 125320970, 282, 970
0, 12533, 125330282, 125330970, 282, 970
0, 12534, 125340282, 125341244, 282, 1244
0, 12535, 125350282, 125350970, 282, 970
0, 12536, 125360282, 125360970, 282, 970
0, 12537, 125370282, 125371669, 282, 1669
0, 12538, 125380282, 125380970, 282, 970
0, 12539, 125390282, 125390970, 282, 970
0, 1254, 12540282, 12540970, 282, 970
0, 12540, 125400282, 125401669, 282, 1669
0, 12541, 125410282, 125410970, 282, 970
0, 12542, 125420282, 125420970, 282, 970
0, 12543, 125430282, 125430970, 282, 970
0, 12544, 125440282, 125442081, 282, 2081
0, 12545, 125450282, 125450970, 282, 970
0, 12546, 125460282, 125461244, 282, 1244
0, 12547, 125470282, 125470970, 282, 970
0, 12548, 125480282, 125480970, 282, 970
0, 12549, 125490282, 125490970, 282, 970
0, 1255, 12550282, 12550970, 282, 970
0, 12550, 125500282, 125500970, 282, 970
0, 12551, 125510282, 125510970, 282, 970
0, 12552, 125520282, 125521244, 282, 1244
0, 12553, 125530282, 125530970, 282, 970
0, 12554, 125540282, 125540970, 282, 970
0, 12555, 125550282, 125551669, 282, 1669
0, 12556, 125560282, 125560970, 282, 970
0, 12557, 125570282, 125570970, 282, 970
0, 12558, 125580282, 125582056, 282, 2056
0, 12559, 125590282, 125590970, 282, 970
0, 1256, 12560282, 12560970, 282, 970
0, 12560, 125600282, 125600970, 282, 970
0, 12561, 125610282, 125610970, 282, 970
0, 12562, 125620282, 125620970, 282, 970
0, 12563, 125630282, 125630970, 282, 970
0, 12564, 125640282, 125641244, 282, 1244
0, 12565, 125650282, 125652081, 282, 2081
0, 12566, 125660282, 125660970, 282, 970
0, 12567, 125670282, 125670970, 282, 970
0, 12568, 125680282, 125680970, 282, 970
0, 12569, 125690282, 125690970, 282, 970
0, 1257, 12570282, 12570970, 282, 970
0, 12570, 125700282, 125701244, 282, 1244
0, 12571, 125710282, 125710970, 282, 970
0, 12572, 125720282, 125722081, 282, 2081
0, 12573, 125730282, 125730970, 282, 970
0, 12574, 125740282, 125740970, 282, 970
0, 12575, 125750282, 125750970, 282, 970
0, 12576, 125760282, 125761669, 282, 1669
0, 12577, 125770282, 125770970, 282, 970
0, 12578, 125780282, 125780970, 282, 970
0, 12579, 125790282, 125791669, 282, 1669
0, 1258, 12580282, 12580970, 282, 970
0, 12580, 125800282, 125800970, 282, 970
0, 12581, 125810282, 125810970, 282, 970
0, 12582, 125820282, 125821244, 282, 1244
0, 12583, 125830282, 125830970, 282, 970
0, 12584, 125840282, 125840970, 282, 970
0, 12585, 125850282, 125850970, 282, 970
0, 12586, 125860282, 125862056, 282, 2056
0, 12587, 125870282, 125870970, 282, 970
0, 12588, 125880282, 125880970, 282, 970
0, 12589, 125890282, 125890970, 282, 970
0, 1259, 12590282, 12590970, 282, 970
0, 12590, 125900282, 125902056, 282, 2056
0, 12591, 125910282, 125910970, 282, 970
0, 12592, 125920282, 125920970, 282, 970
0, 12593, 125930282, 125930970, 282, 970
0, 12594, 125940282, 125940970, 282, 970
0, 12595, 125950282, 125950970, 282, 970
0, 12596, 125960282, 125960970, 282, 970
0, 12597, 125970282, 125971244, 282, 1244
0, 12598, 125980282, 125980970, 282, 970
0, 12599, 125990282, 125990970, 282, 970
0, 126, 1260282, 1262056, 282, 2056
0, 1260, 12600282, 12602081, 282, 2081
0, 12600, 126000282, 126003451, 282, 3451
0, 12601, 126010282, 126010970, 282, 970
0, 12602, 126020282, 126020970, 282, 970
0, 12603, 126030282, 126030970, 282, 970
0, 12604, 126040282, 126040970, 282, 970
0, 12605, 126050282, 126050970, 282, 970
0, 12606, 126060282, 126061244, 282, 1244
0, 12607, 126070282, 126072081, 282, 2081
0, 12608, 126080282, 126080970, 282, 970
0, 12609, 126090282, 126090970, 282, 970
0, 1261, 12610282, 12610970, 282, 970
0, 12610, 126100282, 126100970, 282, 970
0, 12611, 126110282, 126110970, 282, 970
0, 12612, 126120282, 126120970, 282, 970
0, 12613, 126130282, 126130970, 282, 970
0, 12614, 126140282, 126142081, 282, 2081
0, 12615, 126150282, 126151244, 282, 1244
0, 12616, 126160282, 126160970, 282, 970
0, 12617, 126170282, 126170970, 282, 970
0, 12618, 126180282, 126181244, 282, 1244
0, 12619, 126190282, 126190970, 282, 970
0, 1262, 12620282, 12620970, 282, 970
0, 12620, 126200282, 126200970, 282, 970
0, 12621, 126210282, 126211669, 282, 1669
0, 12622, 126220282, 126220970, 282, 970
0, 12623, 126230282, 126230970, 282, 970
0, 12624, 126240282, 126241669, 282, 1669
0, 12625, 126250282, 126250970, 282, 970
0, 12626, 126260282, 126260970, 282, 970
0, 12627, 126270282, 126270970, 282, 970
0, 12628, 126280282, 126282056, 282, 2056
0, 12629, 126290282, 126290970, 282, 970
0, 1263, 12630282, 12630970, 282, 970
0, 12630, 126300282, 126301244, 282, 1244
0, 12631, 126310282, 126310970, 282, 970
0, 12632, 126320282, 126324741, 282, 4741
0, 12633, 126330282, 126330970, 282, 970
0, 12634, 126340282, 126340970, 282, 970
0, 12635, 126350282, 126352072, 282, 2072
0, 12636, 126360282, 126360970, 282, 970
0, 12637, 126370282, 126370970, 282, 970
0, 12638, 126380282, 126380970, 282, 970
0, 12639, 126390282, 126390970, 282, 970
0, 1264, 12640282, 12640970, 282, 970
0, 12640, 126400282, 126402056, 282, 2056
0, 12641, 126410282, 126411669, 282, 1669
0, 12642, 126420282, 126422081, 282, 2081
0, 12643, 126430282, 126430970, 282, 970
0, 12644, 126440282, 126440970, 282, 970
0, 12645, 126450282, 126450970, 282, 970
0, 12646, 126460282, 126460970, 282, 970
0, 12647, 126470282, 126470970, 282, 970
0, 12648, 126480282, 126481669, 282, 1669
0, 12649, 126490282, 126492081, 282, 2081
0, 1265, 12650282, 12650970, 282, 970
0, 12650, 126500282, 126502056, 282, 2056
0, 12651, 126510282, 126510970, 282, 970
0, 12652, 126520282, 126520970, 282, 970
0, 12653, 126530282, 126530970, 282, 970
0, 12654, 126540282, 126540970, 282, 970
0, 12655, 126550282, 126550970, 282, 970
0, 12656, 126560282, 126562081, 282, 2081
0, 12657, 126570282, 126570970, 282, 970
0, 12658, 126580282, 126580970, 282, 970
0, 12659, 126590282, 126590970, 282, 970
0, 1266, 12660282, 12660970, 282, 970
0, 12660, 126600282, 126601669, 282, 1669
0, 12661, 126610282, 126610970, 282, 970
0, 12662, 126620282, 126620970, 282, 970
0, 12663, 126630282, 126631669, 282, 1669
0, 12664, 126640282, 126640970, 282, 970
0, 12665, 126650282, 126650970, 282, 970
0, 12666, 126660282, 126661244, 282, 1244
0, 12667, 126670282, 126670970, 282, 970
0, 12668, 126680282, 126680970, 282, 970
0, 12669, 126690282, 126690970, 282, 970
0, 1267, 12670282, 12672081, 282, 2081
0, 12670, 126700282, 126702072, 282, 2072
0, 12671, 126710282, 126710970, 282, 970
0, 12672, 126720282, 126721244, 282, 1244
0, 12673, 126730282, 126730970, 282, 970
0, 12674, 126740282, 126740970, 282, 970
0, 12675, 126750282, 126751244, 282, 1244
0, 12676, 126760282, 126760970, 282, 970
0, 12677, 126770282, 126771903, 282, 1903
0, 12678, 126780282, 126780970, 282, 970
0, 12679, 126790282, 126790970, 282, 970
0, 1268, 12680282, 12682353, 282, 2353
0, 12680, 126800282, 126800970, 282, 970
0, 12681, 126810282, 126810970, 282, 970
0, 12682, 126820282, 126820970, 282, 970
0, 12683, 126830282, 126830970, 282, 970
0, 12684, 126840282, 126842081, 282, 2081
0, 12685, 126850282, 126850970, 282, 970
0, 12686, 126860282, 126860970, 282, 970
0, 12687, 126870282, 126870970, 282, 970
0, 12688, 126880282, 126880970, 282, 970
0, 12689, 126890282, 126890970, 282, 970
0, 1269, 12690282, 12690970, 282, 970
0, 12690, 126900282, 126901244, 282, 1244
0, 12691, 126910282, 126912081, 282, 2081
0, 12692, 126920282, 126922056, 282, 2056
0, 12693, 126930282, 126930970, 282, 970
0, 12694, 126940282, 126940970, 282, 970
0, 12695, 126950282, 126950970, 282, 970
0, 12696, 126960282, 126961244, 282, 1244
0, 12697, 126970282, 126970970, 282, 970
0, 12698, 126980282, 126982056, 282, 2056
0, 12699, 126990282, 126990970, 282, 970
0, 127, 1270282, 1270970, 282, 970
0, 1270, 12700282, 12700970, 282, 970
0, 12700, 127000282, 127000970, 282, 970
0, 12701, 127010282, 127010970, 282, 970
0, 12702, 127020282, 127021669, 282, 1669
0, 12703, 127030282, 127030970, 282, 970
0, 12704, 127040282, 127040970, 282, 970
0, 12705, 127050282, 127052072, 282, 2072
0, 12706, 127060282, 127060970, 282, 970
0, 12707, 127070282, 127070970, 282, 970
0, 12708, 127080282, 127081244, 282, 1244
0, 12709, 127090282, 127090970, 282, 970
0, 1271, 12710282, 12710970, 282, 970
0, 12710, 127100282, 127100970, 282, 970
0, 12711, 127110282, 127110970, 282, 970
0, 12712, 127120282, 127122081, 282, 2081
0, 12713, 127130282, 127130970, 282, 970
0, 12714, 127140282, 127140970, 282, 970
0, 12715, 127150282, 127150970, 282, 970
0, 12716, 127160282, 127160970, 282, 970
0, 12717, 127170282, 127170970, 282, 970
0, 12718, 127180282, 127180970, 282, 970
0, 12719, 127190282, 127192081, 282, 2081
0, 1272, 12720282, 12721244, 282, 1244
0, 12720, 127200282, 127201669, 282, 1669
0, 12721, 127210282, 127210970, 282, 970
0, 12722, 127220282, 127220970, 282, 970
0, 12723, 127230282, 127230970, 282, 970
0, 12724, 127240282, 127240970, 282, 970
0, 12725, 127250282, 127250970, 282, 970
0, 12726, 127260282, 127262081, 282, 2081
0, 12727, 127270282, 127270970, 282, 970
0, 12728, 127280282, 127280970, 282, 970
0, 12729, 127290282, 127290970, 282, 970
0, 1273, 12730282, 12730970, 282, 970
0, 12730, 127300282, 127300970, 282, 970
0, 12731, 127310282, 127310970, 282, 970
0, 12732, 127320282, 127320970, 282, 970
0, 12733, 127330282, 127332081, 282, 2081
0, 12734, 127340282, 127340970, 282, 970
0, 12735, 127350282, 127351244, 282, 1244
0, 12736, 127360282, 127360970, 282, 970
0, 12737, 127370282, 127370970, 282, 970
0, 12738, 127380282, 127380970, 282, 970
0, 12739, 127390282, 127390970, 282, 970
0, 1274, 12740282, 12742056, 282, 2056
0, 12740, 127400282, 127402072, 282, 2072
0, 12741, 127410282, 127410970, 282, 970
0, 12742, 127420282, 127420970, 282, 970
0, 12743, 127430282, 127430970, 282, 970
0, 12744, 127440282, 127442056, 282, 2056
0, 12745, 127450282, 127450970, 282, 970
0, 12746, 127460282, 127460970, 282, 970
0, 12747, 127470282, 127471669, 282, 1669
0, 12748, 127480282, 127480970, 282, 970
0, 12749, 127490282, 127490970, 282, 970
0, 1275, 12750282, 12751244, 282, 1244
0, 12750, 127500282, 127501669, 282, 1669
0, 12751, 127510282, 127510970, 282, 970
0, 12752, 127520282, 127520970, 282, 970
0, 12753, 127530282, 127530970, 282, 970
0, 12754, 127540282, 127542056, 282, 2056
0, 12755, 127550282, 127550970, 282, 970
0, 12756, 127560282, 127560970, 282, 970
0, 12757, 127570282, 127570970, 282, 970
0, 12758, 127580282, 127580970, 282, 970
0, 12759, 127590282, 127590970, 282, 970
0, 1276, 12760282, 12760970, 282, 970
0, 12760, 127600282, 127602056, 282, 2056
0, 12761, 127610282, 127612081, 282, 2081
0, 12762, 127620282, 127620970, 282, 970
0, 12763, 127630282, 127630970, 282, 970
0, 12764, 127640282, 127640970, 282, 970
0, 12765, 127650282, 127651244, 282, 1244
0, 12766, 127660282, 127660970, 282, 970
0, 12767, 127670282, 127670970, 282, 970
0, 12768, 127680282, 127684047, 282, 4047
0, 12769, 127690282, 127691768, 282, 1768
0, 1277, 12770282, 12770970, 282, 970
0, 12770, 127700282, 127700970, 282, 970
0, 12771, 127710282, 127710970, 282, 970
0, 12772, 127720282, 127720970, 282, 970
0, 12773, 127730282, 127730970, 282, 970
0, 12774, 127740282, 127740970, 282, 970
0, 12775, 127750282, 127752072, 282, 2072
0, 12776, 127760282, 127760970, 282, 970
0, 12777, 127770282, 127771244, 282, 1244
0, 12778, 127780282, 127780970, 282, 970
0, 12779, 127790282, 127790970, 282, 970
0, 1278, 12780282, 12781669, 282, 1669
0, 12780, 127800282, 127801244, 282, 1244
0, 12781, 127810282, 127810970, 282, 970
0, 12782, 127820282, 127822056, 282, 2056
0, 12783, 127830282, 127830970, 282, 970
0, 12784, 127840282, 127840970, 282, 970
0, 12785, 127850282, 127850970, 282, 970
0, 12786, 127860282, 127861669, 282, 1669
0, 12787, 127870282, 127870970, 282, 970
0, 12788, 127880282, 127880970, 282, 970
0, 12789, 127890282, 127891669, 282, 1669
0, 1279, 12790282, 12790970, 282, 970
0, 12790, 127900282, 127900970, 282, 970
0, 12791, 127910282, 127910970, 282, 970
0, 12792, 127920282, 127921244, 282, 1244
0, 12793, 127930282, 127930970, 282, 970
0, 12794, 127940282, 127940970, 282, 970
0, 12795, 127950282, 127951244, 282, 1244
0, 12796, 127960282, 127962056, 282, 2056
0, 12797, 127970282, 127970970, 282, 970
0, 12798, 127980282, 127980970, 282, 970
0, 12799, 127990282, 127990970, 282, 970
0, 128, 1280282, 1280970, 282, 970
0, 1280, 12800282, 12800970, 282, 970
0, 12800, 128000282, 128002056, 282, 2056
0, 12801, 128010282, 128010970, 282, 970
0, 12802, 128020282, 128020970, 282, 970
0, 12803, 128030282, 128032081, 282, 2081
0, 12804, 128040282, 128041244, 282, 1244
0, 12805, 128050282, 128050970, 282, 970
0, 12806, 128060282, 128060970, 282, 970
0, 12807, 128070282, 128070970, 282, 970
0, 12808, 128080282, 128080970, 282, 970
0, 12809, 128090282, 128090970, 282, 970
0, 1281, 12810282, 12811669, 282, 1669
0, 12810, 128100282, 128102081, 282, 2081
0, 12811, 128110282, 128110970, 282, 970
0, 12812, 128120282, 128120970, 282, 970
0, 12813, 128130282, 128130970, 282, 970
0, 12814, 128140282, 128140970, 282, 970
0, 12815, 128150282, 128150970, 282, 970
0, 12816, 128160282, 128161244, 282, 1244
0, 12817, 128170282, 128170970, 282, 970
0, 12818, 128180282, 128180970, 282, 970
0, 12819, 128190282, 128190970, 282, 970
0, 1282, 12820282, 12820970, 282, 970
0, 12820, 128200282, 128200970, 282, 970
0, 12821, 128210282, 128210970, 282, 970
0, 12822, 128220282, 128220970, 282, 970
0, 12823, 128230282, 128230970, 282, 970
0, 12824, 128240282, 128242081, 282, 2081
0, 12825, 128250282, 128250970, 282, 970
0, 12826, 128260282, 128260970, 282, 970
0, 12827, 128270282, 128270970, 282, 970
0, 12828, 128280282, 128281669, 282, 1669
0, 12829, 128290282, 128290970, 282, 970
0, 1283, 12830282, 12830970, 282, 970
0, 12830, 128300282, 128300970, 282, 970
0, 12831, 128310282, 128311669, 282, 1669
0, 12832, 128320282, 128320970, 282, 970
0, 12833, 128330282, 128330970, 282, 970
0, 12834, 128340282, 128340970, 282, 970
0, 12835, 128350282, 128350970, 282, 970
0, 12836, 128360282, 128360970, 282, 970
0, 12837, 128370282, 128370970, 282, 970
0, 12838, 128380282, 128382081, 282, 2081
0, 12839, 128390282, 128390970, 282, 970
0, 1284, 12840282, 12841244, 282, 1244
0, 12840, 128400282, 128401669, 282, 1669
0, 12841, 128410282, 128410970, 282, 970
0, 12842, 128420282, 128420970, 282, 970
0, 12843, 128430282, 128430970, 282, 970
0, 12844, 128440282, 128440970, 282, 970
0, 12845, 128450282, 128452081, 282, 2081
0, 12846, 128460282, 128461577, 282, 1577
0, 12847, 128470282, 128470970, 282, 970
0, 12848, 128480282, 128480970, 282, 970
0, 12849, 128490282, 128490970, 282, 970
0, 1285, 12850282, 12850970, 282, 970
0, 12850, 128500282, 128500970, 282, 970
0, 12851, 128510282, 128510970, 282, 970
0, 12852, 128520282, 128522081, 282, 2081
0, 12853, 128530282, 128530970, 282, 970
0, 12854, 128540282, 128540970, 282, 970
0, 12855, 128550282, 128551244, 282, 1244
0, 12856, 128560282, 128560970, 282, 970
0, 12857, 128570282, 128570970, 282, 970
0, 12858, 128580282, 128580970, 282, 970
0, 12859, 128590282, 128590970, 282, 970
0, 1286, 12860282, 12860970, 282, 970
0, 12860, 128600282, 128600970, 282, 970
0, 12861, 128610282, 128610970, 282, 970
0, 12862, 128620282, 128620970, 282, 970
0, 12863, 128630282, 128630970, 282, 970
0, 12864, 128640282, 128641244, 282, 1244
0, 12865, 128650282, 128650970, 282, 970
0, 12866, 128660282, 128662056, 282, 2056
0, 12867, 128670282, 128670970, 282, 970
0, 12868, 128680282, 128680970, 282, 970
0, 12869, 128690282, 128690970, 282, 970
0, 1287, 12870282, 12870970, 282, 970
0, 12870, 128700282, 128702056, 282, 2056
0, 12871, 128710282, 128710970, 282, 970
0, 12872, 128720282, 128720970, 282, 970
0, 12873, 128730282, 128731669, 282, 1669
0, 12874, 128740282, 128740970, 282, 970
0, 12875, 128750282, 128750970, 282, 970
0, 12876, 128760282, 128760970, 282, 970
0, 12877, 128770282, 128770970, 282, 970
0, 12878, 128780282, 128780970, 282, 970
0, 12879, 128790282, 128790970, 282, 970
0, 1288, 12880282, 12882081, 282, 2081
0, 12880, 128800282, 128804047, 282, 4047
0, 12881, 128810282, 128811951, 282, 1951
0, 12882, 128820282, 128820970, 282, 970
0, 12883, 128830282, 128830970, 282, 970
0, 12884, 128840282, 128840970, 282, 970
0, 12885, 128850282, 128850970, 282, 970
0, 12886, 128860282, 128860970, 282, 970
0, 12887, 128870282, 128872081, 282, 2081
0, 12888, 128880282, 128882056, 282, 2056
0, 12889, 128890282, 128890970, 282, 970
0, 1289, 12890282, 12890970, 282, 970
0, 12890, 128900282, 128900970, 282, 970
0, 12891, 128910282, 128910970, 282, 970
0, 12892, 128920282, 128920970, 282, 970
0, 12893, 128930282, 128930970, 282, 970
0, 12894, 128940282, 128942056, 282, 2056
0, 12895, 128950282, 128950970, 282, 970
0, 12896, 128960282, 128960970, 282, 970
0, 12897, 128970282, 128971244, 282, 1244
0, 12898, 128980282, 128980970, 282, 970
0, 12899, 128990282, 128990970, 282, 970
0, 129, 1290282, 1291244, 282, 1244
0, 1290, 12900282, 12901244, 282, 1244
0, 12900, 129000282, 129001244, 282, 1244
0, 12901, 129010282, 129010970, 282, 970
0, 12902, 129020282, 129020970, 282, 970
0, 12903, 129030282, 129030970, 282, 970
0, 12904, 129040282, 129040970, 282, 970
0, 12905, 129050282, 129052072, 282, 2072
0, 12906, 129060282, 129061244, 282, 1244
0, 12907, 129070282, 129070970, 282, 970
0, 12908, 129080282, 129082056, 282, 2056
0, 12909, 129090282, 129090970, 282, 970
0, 1291, 12910282, 12910970, 282, 970
0, 12910, 129100282, 129100970, 282, 970
0, 12911, 129110282, 129110970, 282, 970
0, 12912, 129120282, 129122056, 282, 2056
0, 12913, 129130282, 129132072, 282, 2072
0, 12914, 129140282, 129140970, 282, 970
0, 12915, 129150282, 129152081, 282, 2081
0, 12916, 129160282, 129160970, 282, 970
0, 12917, 129170282, 129170970, 282, 970
0, 12918, 129180282, 129180970, 282, 970
0, 12919, 129190282, 129190970, 282, 970
0, 1292, 12920282, 12920970, 282, 970
0, 12920, 129200282, 129202056, 282, 2056
0, 12921, 129210282, 129210970, 282, 970
0, 12922, 129220282, 129222081, 282, 2081
0, 12923, 129230282, 129230970, 282, 970
0, 12924, 129240282, 129240970, 282, 970
0, 12925, 129250282, 129250970, 282, 970
0, 12926, 129260282, 129260970, 282, 970
0, 12927, 129270282, 129270970, 282, 970
0, 12928, 129280282, 129280970, 282, 970
0, 12929, 129290282, 129292081, 282, 2081
0, 1293, 12930282, 12930970, 282, 970
0, 12930, 129300282, 129301669, 282, 1669
0, 12931, 129310282, 129310970, 282, 970
0, 12932, 129320282, 129320970, 282, 970
0, 12933, 129330282, 129330970, 282, 970
0, 12934, 129340282, 129340970, 282, 970
0, 12935, 129350282, 129350970, 282, 970
0, 12936, 129360282, 129362081, 282, 2081
0, 12937, 129370282, 129370970, 282, 970
0, 12938, 129380282, 129380970, 282, 970
0, 12939, 129390282, 129390970, 282, 970
0, 1294, 12940282, 12940970, 282, 970
0, 12940, 129400282, 129402056, 282, 2056
0, 12941, 129410282, 129410970, 282, 970
0, 12942, 129420282, 129420970, 282, 970
0, 12943, 129430282, 129430970, 282, 970
0, 12944, 129440282, 129440970, 282, 970
0, 12945, 129450282, 129450970, 282, 970
0, 12946, 129460282, 129460970, 282, 970
0, 12947, 129470282, 129472213, 282, 2213
0, 12948, 129480282, 129481244, 282, 1244
0, 12949, 129490282, 129490970, 282, 970
0, 1295, 12950282, 12952081, 282, 2081
0, 12950, 129500282, 129502072, 282, 2072
0, 12951, 129510282, 129510970, 282, 970
0, 12952, 129520282, 129520970, 282, 970
0, 12953, 129530282, 129530970, 282, 970
0, 12954, 129540282, 129541669, 282, 1669
0, 12955, 129550282, 129550970, 282, 970
0, 12956, 129560282, 129560970, 282, 970
0, 12957, 129570282, 129572081, 282, 2081
0, 12958, 129580282, 129580970, 282, 970
0, 12959, 129590282, 129590970, 282, 970
0, 1296, 12960282, 12961244, 282, 1244
0, 12960, 129600282, 129601669, 282, 1669
0, 12961, 129610282, 129610970, 282, 970
0, 12962, 129620282, 129620970, 282, 970
0, 12963, 129630282, 129630970, 282, 970
0, 12964, 129640282, 129642081, 282, 2081
0, 12965, 129650282, 129652008, 282, 2008
0, 12966, 129660282, 129661244, 282, 1244
0, 12967, 129670282, 129670970, 282, 970
0, 12968, 129680282, 129680970, 282, 970
0, 12969, 129690282, 129690970, 282, 970
0, 1297, 12970282, 12970970, 282, 970
0, 12970, 129700282, 129700970, 282, 970
0, 12971, 129710282, 129712081, 282, 2081
0, 12972, 129720282, 129721244, 282, 1244
0, 12973, 129730282, 129730970, 282, 970
0, 12974, 129740282, 129740970, 282, 970
0, 12975, 129750282, 129751244, 282, 1244
0, 12976, 129760282, 129760970, 282, 970
0, 12977, 129770282, 129770970, 282, 970
0, 12978, 129780282, 129782056, 282, 2056
0, 12979, 129790282, 129790970, 282, 970
0, 1298, 12980282, 12980970, 282, 970
0, 12980, 129800282, 129800970, 282, 970
0, 12981, 129810282, 129810970, 282, 970
0, 12982, 129820282, 129820970, 282, 970
0, 12983, 129830282, 129830970, 282, 970
0, 12984, 129840282, 129841244, 282, 1244
0, 12985, 129850282, 129852072, 282, 2072
0, 12986, 129860282, 129860970, 282, 970
0, 12987, 129870282, 129870970, 282, 970
0, 12988, 129880282, 129880970, 282, 970
0, 12989, 129890282, 129893282, 282, 3282
0, 1299, 12990282, 12990970, 282, 970
0, 12990, 129900282, 129901669, 282, 1669
0, 12991, 129910282, 129910970, 282, 970
0, 12992, 129920282, 129922081, 282, 2081
0, 12993, 129930282, 129930970, 282, 970
0, 12994, 129940282, 129940970, 282, 970
0, 12995, 129950282, 129950970, 282, 970
0, 12996, 129960282, 129961244, 282, 1244
0, 12997, 129970282, 129970970, 282, 970
0, 12998, 129980282, 129980970, 282, 970
0, 12999, 129990282, 129992081, 282, 2081
0, 13, 130282, 130970, 282, 970
0, 130, 1300282, 1302056, 282, 2056
0, 1300, 13000282, 13000970, 282, 970
0, 13000, 130000282, 130000970, 282, 970
0, 13001, 130010282, 130010970, 282, 970
0, 13002, 130020282, 130020970, 282, 970
0, 13003, 130030282, 130030970, 282, 970
0, 13004, 130040282, 130040970, 282, 970
0, 13005, 130050282, 130051244, 282, 1244
0, 13006, 130060282, 130062081, 282, 2081
0, 13007, 130070282, 130070970, 282, 970
0, 13008, 130080282, 130081669, 282, 1669
0, 13009, 130090282, 130090970, 282, 970
0, 1301, 13010282, 13010970, 282, 970
0, 13010, 130100282, 130100970, 282, 970
0, 13011, 130110282, 130110970, 282, 970
0, 13012, 130120282, 130120970, 282, 970
0, 13013, 130130282, 130130970, 282, 970
0, 13014, 130140282, 130141244, 282, 1244
0, 13015, 130150282, 130150970, 282, 970
0, 13016, 130160282, 130160970, 282, 970
0, 13017, 130170282, 130170970, 282, 970
0, 13018, 130180282, 130180970, 282, 970
0, 13019, 130190282, 130190970, 282, 970
0, 1302, 13020282, 13022081, 282, 2081
0, 13020, 130200282, 130202072, 282, 2072
0, 13021, 130210282, 130210970, 282, 970
0, 13022, 130220282, 130220970, 282, 970
0, 13023, 130230282, 130230970, 282, 970
0, 13024, 130240282, 130242056, 282, 2056
0, 13025, 130250282, 130250970, 282, 970
0, 13026, 130260282, 130260970, 282, 970
0, 13027, 130270282, 130270970, 282, 970
0, 13028, 130280282, 130280970, 282, 970
0, 13029, 130290282, 130290970, 282, 970
0, 1303, 13030282, 13030970, 282, 970
0, 13030, 130300282, 130300970, 282, 970
0, 13031, 130310282, 130310970, 282, 970
0, 13032, 130320282, 130321669, 282, 1669
0, 13033, 130330282, 130330970, 282, 970
0, 13034, 130340282, 130342056, 282, 2056
0, 13035, 130350282, 130350970, 282, 970
0, 13036, 130360282, 130360970, 282, 970
0, 13037, 130370282, 130370970, 282, 970
0, 13038, 130380282, 130381244, 282, 1244
0, 13039, 130390282, 130390970, 282, 970
0, 1304, 13040282, 13040970, 282, 970
0, 13040, 130400282, 130402056, 282, 2056
0, 13041, 130410282, 130412985, 282, 2985
0, 13042, 130420282, 130420970, 282, 970
0, 13043, 130430282, 130430970, 282, 970
0, 13044, 130440282, 130440970, 282, 970
0, 13045, 130450282, 130450970, 282, 970
0, 13046, 130460282, 130460970, 282, 970
0, 13047, 130470282, 130470970, 282, 970
0, 13048, 130480282, 130484047, 282, 4047
0, 13049, 130490282, 130491400, 282, 1400
0, 1305, 13050282, 13050970, 282, 970
0, 13050, 130500282, 130501669, 282, 1669
0, 13051, 130510282, 130510970, 282, 970
0, 13052, 130520282, 130520970, 282, 970
0, 13053, 130530282, 130530970, 282, 970
0, 13054, 130540282, 130540970, 282, 970
0, 13055, 130550282, 130552072, 282, 2072
0, 13056, 130560282, 130561669, 282, 1669
0, 13057, 130570282, 130570970, 282, 970
0, 13058, 130580282, 130580970, 282, 970
0, 13059, 130590282, 130591244, 282, 1244
0, 1306, 13060282, 13060970, 282, 970
0, 13060, 130600282, 130600970, 282, 970
0, 13061, 130610282, 130610970, 282, 970
0, 13062, 130620282, 130622056, 282, 2056
0, 13063, 130630282, 130630970, 282, 970
0, 13064, 130640282, 130640970, 282, 970
0, 13065, 130650282, 130651244, 282, 1244
0, 13066, 130660282, 130660970, 282, 970
0, 13067, 130670282, 130670970, 282, 970
0, 13068, 130680282, 130680970, 282, 970
0, 13069, 130690282, 130690970, 282, 970
0, 1307, 13070282, 13070970, 282, 970
0, 13070, 130700282, 130700970, 282, 970
0, 13071, 130710282, 130710970, 282, 970
0, 13072, 130720282, 130720970, 282, 970
0, 13073, 130730282, 130730970, 282, 970
0, 13074, 130740282, 130741244, 282, 1244
0, 13075, 130750282, 130750970, 282, 970
0, 13076, 130760282, 130762081, 282, 2081
0, 13077, 130770282, 130770970, 282, 970
0, 13078, 130780282, 130780970, 282, 970
0, 13079, 130790282, 130790970, 282, 970
0, 1308, 13080282, 13080970, 282, 970
0, 13080, 130800282, 130802056, 282, 2056
0, 13081, 130810282, 130810970, 282, 970
0, 13082, 130820282, 130820970, 282, 970
0, 13083, 130830282, 130832081, 282, 2081
0, 13084, 130840282, 130841336, 282, 1336
0, 13085, 130850282, 130850970, 282, 970
0, 13086, 130860282, 130860970, 282, 970
0, 13087, 130870282, 130870970, 282, 970
0, 13088, 130880282, 130880970, 282, 970
0, 13089, 130890282, 130890970, 282, 970
0, 1309, 13090282, 13092081, 282, 2081
0, 13090, 130900282, 130902081, 282, 2081
0, 13091, 130910282, 130910970, 282, 970
0, 13092, 130920282, 130921244, 282, 1244
0, 13093, 130930282, 130930970, 282, 970
0, 13094, 130940282, 130940970, 282, 970
0, 13095, 130950282, 130950970, 282, 970
0, 13096, 130960282, 130960970, 282, 970
0, 13097, 130970282, 130970970, 282, 970
0, 13098, 130980282, 130980970, 282, 970
0, 13099, 130990282, 130990970, 282, 970
0, 131, 1310282, 1310970, 282, 970
0, 1310, 13100282, 13100970, 282, 970
0, 13100, 131000282, 131000970, 282, 970
0, 13101, 131010282, 131011244, 282, 1244
0, 13102, 131020282, 131020970, 282, 970
0, 13103, 131030282, 131030970, 282, 970
0, 13104, 131040282, 131042081, 282, 2081
0, 13105, 131050282, 131050970, 282, 970
0, 13106, 131060282, 131060970, 282, 970
0, 13107, 131070282, 131070970, 282, 970
0, 13108, 131080282, 131082056, 282, 2056
0, 13109, 131090282, 131090970, 282, 970
0, 1311, 13110282, 13110970, 282, 970
0, 13110, 131100282, 131101669, 282, 1669
0, 13111, 131110282, 131110970, 282, 970
0, 13112, 131120282, 131120970, 282, 970
0, 13113, 131130282, 131130970, 282, 970
0, 13114, 131140282, 131140970, 282, 970
0, 13115, 131150282, 131150970, 282, 970
0, 13116, 131160282, 131161244, 282, 1244
0, 13117, 131170282, 131170970, 282, 970
0, 13118, 131180282, 131182081, 282, 2081
0, 13119, 131190282, 131190970, 282, 970
0, 1312, 13120282, 13120970, 282, 970
0, 13120, 131200282, 131200970, 282, 970
0, 13121, 131210282, 131210970, 282, 970
0, 13122, 131220282, 131221244, 282, 1244
0, 13123, 131230282, 131230970, 282, 970
0, 13124, 131240282, 131240970, 282, 970
0, 13125, 131250282, 131252081, 282, 2081
0, 13126, 131260282, 131260970, 282, 970
0, 13127, 131270282, 131270970, 282, 970
0, 13128, 131280282, 131281244, 282, 1244
0, 13129, 131290282, 131290970, 282, 970
0, 1313, 13130282, 13130970, 282, 970
0, 13130, 131300282, 131300970, 282, 970
0, 13131, 131310282, 131310970, 282, 970
0, 13132, 131320282, 131322056, 282, 2056
0, 13133, 131330282, 131330970, 282, 970
0, 13134, 131340282, 131341244, 282, 1244
0, 13135, 131350282, 131350970, 282, 970
0, 13136, 131360282, 131360970, 282, 970
0, 13137, 131370282, 131370970, 282, 970
0, 13138, 131380282, 131380970, 282, 970
0, 13139, 131390282, 131390970, 282, 970
0, 1314, 13140282, 13140970, 282, 970
0, 13140, 131400282, 131401244, 282, 1244
0, 13141, 131410282, 131410970, 282, 970
0, 13142, 131420282, 131420970, 282, 970
0, 13143, 131430282, 131431244, 282, 1244
0, 13144, 131440282, 131440970, 282, 970
0, 13145, 131450282, 131450970, 282, 970
0, 13146, 131460282, 131462056, 282, 2056
0, 13147, 131470282, 131470970, 282, 970
0, 13148, 131480282, 131480970, 282, 970
0, 13149, 131490282, 131490970, 282, 970
0, 1315, 13150282, 13150970, 282, 970
0, 13150, 131500282, 131502056, 282, 2056
0, 13151, 131510282, 131510970, 282, 970
0, 13152, 131520282, 131521669, 282, 1669
0, 13153, 131530282, 131531172, 282, 1172
0, 13154, 131540282, 131540970, 282, 970
0, 13155, 131550282, 131550970, 282, 970
0, 13156, 131560282, 131560970, 282, 970
0, 13157, 131570282, 131570970, 282, 970
0, 13158, 131580282, 131581244, 282, 1244
0, 13159, 131590282, 131590970, 282, 970
0, 1316, 13160282, 13162056, 282, 2056
0, 13160, 131600282, 131604047, 282, 4047
0, 13161, 131610282, 131611244, 282, 1244
0, 13162, 131620282, 131620970, 282, 970
0, 13163, 131630282, 131630970, 282, 970
0, 13164, 131640282, 131641244, 282, 1244
0, 13165, 131650282, 131650970, 282, 970
0, 13166, 131660282, 131660970, 282, 970
0, 13167, 131670282, 131672081, 282, 2081
0, 13168, 131680282, 131681183, 282, 1183
0, 13169, 131690282, 131690970, 282, 970
0, 1317, 13170282, 13170970, 282, 970
0, 13170, 131700282, 131701669, 282, 1669
0, 13171, 131710282, 131710970, 282, 970
0, 13172, 131720282, 131720970, 282, 970
0, 13173, 131730282, 131730970, 282, 970
0, 13174, 131740282, 131742056, 282, 2056
0, 13175, 131750282, 131750970, 282, 970
0, 13176, 131760282, 131761669, 282, 1669
0, 13177, 131770282, 131770970, 282, 970
0, 13178, 131780282, 131780970, 282, 970
0, 13179, 131790282, 131790970, 282, 970
0, 1318, 13180282, 13180970, 282, 970
0, 13180, 131800282, 131800970, 282, 970
0, 13181, 131810282, 131810970, 282, 970
0, 13182, 131820282, 131820970, 282, 970
0, 13183, 131830282, 131830970, 282, 970
0, 13184, 131840282, 131840970, 282, 970
0, 13185, 131850282, 131851669, 282, 1669
0, 13186, 131860282, 131860970, 282, 970
0, 13187, 131870282, 131870970, 282, 970
0, 13188, 131880282, 131882056, 282, 2056
0, 13189, 131890282, 131890970, 282, 970
0, 1319, 13190282, 13190970, 282, 970
0, 13190, 131900282, 131900970, 282, 970
0, 13191, 131910282, 131910970, 282, 970
0, 13192, 131920282, 131922056, 282, 2056
0, 13193, 131930282, 131930970, 282, 970
0, 13194, 131940282, 131941244, 282, 1244
0, 13195, 131950282, 131952081, 282, 2081
0, 13196, 131960282, 131960970, 282, 970
0, 13197, 131970282, 131970970, 282, 970
0, 13198, 131980282, 131980970, 282, 970
0, 13199, 131990282, 131990970, 282, 970
0, 132, 1320282, 1320970, 282, 970
0, 1320, 13200282, 13202072, 282, 2072
0, 13200, 132000282, 132001669, 282, 1669
0, 13201, 132010282, 132010970, 282, 970
0, 13202, 132020282, 132022081, 282, 2081
0, 13203, 132030282, 132031032, 282, 1032
0, 13204, 132040282, 132040970, 282, 970
0, 13205, 132050282, 132050970, 282, 970
0, 13206, 132060282, 132061244, 282, 1244
0, 13207, 132070282, 132070970, 282, 970
0, 13208, 132080282, 132080970, 282, 970
0, 13209, 132090282, 132092081, 282, 2081
0, 1321, 13210282, 13210970, 282, 970
0, 13210, 132100282, 132100970, 282, 970
0, 13211, 132110282, 132110970, 282, 970
0, 13212, 132120282, 132121244, 282, 1244
0, 13213, 132130282, 132130970, 282, 970
0, 13214, 132140282, 132140970, 282, 970
0, 13215, 132150282, 132150970, 282, 970
0, 13216, 132160282, 132162081, 282, 2081
0, 13217, 132170282, 132170970, 282, 970
0, 13218, 132180282, 132181244, 282, 1244
0, 13219, 132190282, 132190970, 282, 970
0, 1322, 13220282, 13220970, 282, 970
0, 13220, 132200282, 132202056, 282, 2056
0, 13221, 132210282, 132210970, 282, 970
0, 13222, 132220282, 132220970, 282, 970
0, 13223, 132230282, 132230970, 282, 970
0, 13224, 132240282, 132241244, 282, 1244
0, 13225, 132250282, 132250970, 282, 970
0, 13226, 132260282, 132260970, 282, 970
0, 13227, 132270282, 132271244, 282, 1244
0, 13228, 132280282, 132280970, 282, 970
0, 13229, 132290282, 132290970, 282, 970
0, 1323, 13230282, 13231669, 282, 1669
0, 13230, 132300282, 132302072, 282, 2072
0, 13231, 132310282, 132310970, 282, 970
0, 13232, 132320282, 132320970, 282, 970
0, 13233, 132330282, 132330970, 282, 970
0, 13234, 132340282, 132340970, 282, 970
0, 13235, 132350282, 132350970, 282, 970
0, 13236, 132360282, 132361244, 282, 1244
0, 13237, 132370282, 132372081, 282, 2081
0, 13238, 132380282, 132380970, 282, 970
0, 13239, 132390282, 132390970, 282, 970
0, 1324, 13240282, 13240970, 282, 970
0, 13240, 132400282, 132400970, 282, 970
0, 13241, 132410282, 132410970, 282, 970
0, 13242, 132420282, 132420970, 282, 970
0, 13243, 132430282, 132430970, 282, 970
0, 13244, 132440282, 132442081, 282, 2081
0, 13245, 132450282, 132451669, 282, 1669
0, 13246, 132460282, 132460970, 282, 970
0, 13247, 132470282, 132470970, 282, 970
0, 13248, 132480282, 132481669, 282, 1669
0, 13249, 132490282, 132490970, 282, 970
0, 1325, 13250282, 13250970, 282, 970
0, 13250, 132500282, 132500970, 282, 970
0, 13251, 132510282, 132511669, 282, 1669
0, 13252, 132520282, 132520970, 282, 970
0, 13253, 132530282, 132530970, 282, 970
0, 13254, 132540282, 132541244, 282, 1244
0, 13255, 132550282, 132550970, 282, 970
0, 13256, 132560282, 132560970, 282, 970
0, 13257, 132570282, 132570970, 282, 970
0, 13258, 132580282, 132582056, 282, 2056
0, 13259, 132590282, 132590970, 282, 970
0, 1326, 13260282, 13261244, 282, 1244
0, 13260, 132600282, 132601669, 282, 1669
0, 13261, 132610282, 132610970, 282, 970
0, 13262, 132620282, 132620970, 282, 970
0, 13263, 132630282, 132630970, 282, 970
0, 13264, 132640282, 132640970, 282, 970
0, 13265, 132650282, 132652072, 282, 2072
0, 13266, 132660282, 132660970, 282, 970
0, 13267, 132670282, 132670970, 282, 970
0, 13268, 132680282, 132680970, 282, 970
0, 13269, 132690282, 132691244, 282, 1244
0, 1327, 13270282, 13270970, 282, 970
0, 13270, 132700282, 132700970, 282, 970
0, 13271, 132710282, 132710970, 282, 970
0, 13272, 132720282, 132722081, 282, 2081
0, 13273, 132730282, 132730970, 282, 970
0, 13274, 132740282, 132740970, 282, 970
0, 13275, 132750282, 132750970, 282, 970
0, 13276, 132760282, 132760970, 282, 970
0, 13277, 132770282, 132770970, 282, 970
0, 13278, 132780282, 132781244, 282, 1244
0, 13279, 132790282, 132792081, 282, 2081
0, 1328, 13280282, 13280970, 282, 970
0, 13280, 132800282, 132802056, 282, 2056
0, 13281, 132810282, 132810970, 282, 970
0, 13282, 132820282, 132820970, 282, 970
0, 13283, 132830282, 132830970, 282, 970
0, 13284, 132840282, 132840970, 282, 970
0, 13285, 132850282, 132850970, 282, 970
0, 13286, 132860282, 132862081, 282, 2081
0, 13287, 132870282, 132870970, 282, 970
0, 13288, 132880282, 132880970, 282, 970
0, 13289, 132890282, 132890970, 282, 970
0, 1329, 13290282, 13290970, 282, 970
0, 13290, 132900282, 132901669, 282, 1669
0, 13291, 132910282, 132910970, 282, 970
0, 13292, 132920282, 132920970, 282, 970
0, 13293, 132930282, 132931669, 282, 1669
0, 13294, 132940282, 132940970, 282, 970
0, 13295, 132950282, 132950970, 282, 970
0, 13296, 132960282, 132961669, 282, 1669
0, 13297, 132970282, 132970970, 282, 970
0, 13298, 132980282, 132980970, 282, 970
0, 13299, 132990282, 132990970, 282, 970
0, 133, 1330282, 1330970, 282, 970
0, 1330, 13300282, 13302072, 282, 2072
0, 13300, 133000282, 133002072, 282, 2072
0, 13301, 133010282, 133010970, 282, 970
0, 13302, 133020282, 133020970, 282, 970
0, 13303, 133030282, 133030970, 282, 970
0, 13304, 133040282, 133042056, 282, 2056
0, 13305, 133050282, 133051669, 282, 1669
0, 13306, 133060282, 133060970, 282, 970
0, 13307, 133070282, 133070970, 282, 970
0, 13308, 133080282, 133080970, 282, 970
0, 13309, 133090282, 133090970, 282, 970
0, 1331, 13310282, 13310970, 282, 970
0, 13310, 133100282, 133100970, 282, 970
0, 13311, 133110282, 133111244, 282, 1244
0, 13312, 133120282, 133120970, 282, 970
0, 13313, 133130282, 133130970, 282, 970
0, 13314, 133140282, 133142081, 282, 2081
0, 13315, 133150282, 133150970, 282, 970
0, 13316, 133160282, 133160970, 282, 970
0, 13317, 133170282, 133170970, 282, 970
0, 13318, 133180282, 133180970, 282, 970
0, 13319, 133190282, 133190970, 282, 970
0, 1332, 13320282, 13320970, 282, 970
0, 13320, 133200282, 133202056, 282, 2056
0, 13321, 133210282, 133212081, 282, 2081
0, 13322, 133220282, 133220970, 282, 970
0, 13323, 133230282, 133230970, 282, 970
0, 13324, 133240282, 133240970, 282, 970
0, 13325, 133250282, 133250970, 282, 970
0, 13326, 133260282, 133260970, 282, 970
0, 13327, 133270282, 133270970, 282, 970
0, 13328, 133280282, 133284047, 282, 4047
0, 13329, 133290282, 133291150, 282, 1150
0, 1333, 13330282, 13330970, 282, 970
0, 13330, 133300282, 133300970, 282, 970
0, 13331, 133310282, 133310970, 282, 970
0, 13332, 133320282, 133321244, 282, 1244
0, 13333, 133330282, 133330970, 282, 970
0, 13334, 133340282, 133340970, 282, 970
0, 13335, 133350282, 133352072, 282, 2072
0, 13336, 133360282, 133360970, 282, 970
0, 13337, 133370282, 133370970, 282, 970
0, 13338, 133380282, 133381244, 282, 1244
0, 13339, 133390282, 133390970, 282, 970
0, 1334, 13340282, 13340970, 282, 970
0, 13340, 133400282, 133400970, 282, 970
0, 13341, 133410282, 133410970, 282, 970
0, 13342, 133420282, 133422056, 282, 2056
0, 13343, 133430282, 133430970, 282, 970
0, 13344, 133440282, 133441244, 282, 1244
0, 13345, 133450282, 133450970, 282, 970
0, 13346, 133460282, 133463282, 282, 3282
0, 13347, 133470282, 133470970, 282, 970
0, 13348, 133480282, 133480970, 282, 970
0, 13349, 133490282, 133490970, 282, 970
0, 1335, 13350282, 13351244, 282, 1244
0, 13350, 133500282, 133501244, 282, 1244
0, 13351, 133510282, 133510970, 282, 970
0, 13352, 133520282, 133520970, 282, 970
0, 13353, 133530282, 133530970, 282, 970
0, 13354, 133540282, 133540970, 282, 970
0, 13355, 133550282, 133550970, 282, 970
0, 13356, 133560282, 133562081, 282, 2081
0, 13357, 133570282, 133570970, 282, 970
0, 13358, 133580282, 133580970, 282, 970
0, 13359, 133590282, 133590970, 282, 970
0, 1336, 13360282, 13360970, 282, 970
0, 13360, 133600282, 133602056, 282, 2056
0, 13361, 133610282, 133610970, 282, 970
0, 13362, 133620282, 133621244, 282, 1244
0, 13363, 133630282, 133632081, 282, 2081
0, 13364, 133640282, 133641868, 282, 1868
0, 13365, 133650282, 133651244, 282, 1244
0, 13366, 133660282, 133660970, 282, 970
0, 13367, 133670282, 133670970, 282, 970
0, 13368, 133680282, 133681244, 282, 1244
0, 13369, 133690282, 133690970, 282, 970
0, 1337, 13370282, 13372081, 282, 2081
0, 13370, 133700282, 133702072, 282, 2072
0, 13371, 133710282, 133710970, 282, 970
0, 13372, 133720282, 133720970, 282, 970
0, 13373, 133730282, 133730970, 282, 970
0, 13374, 133740282, 133741244, 282, 1244
0, 13375, 133750282, 133750970, 282, 970
0, 13376, 133760282, 133760970, 282, 970
0, 13377, 133770282, 133771669, 282, 1669
0, 13378, 133780282, 133780970, 282, 970
0, 13379, 133790282, 133790970, 282, 970
0, 1338, 13380282, 13381011, 282, 1011
0, 13380, 133800282, 133801669, 282, 1669
0, 13381, 133810282, 133810970, 282, 970
0, 13382, 133820282, 133820970, 282, 970
0, 13383, 133830282, 133830970, 282, 970
0, 13384, 133840282, 133842081, 282, 2081
0, 13385, 133850282, 133850970, 282, 970
0, 13386, 133860282, 133860970, 282, 970
0, 13387, 133870282, 133870970, 282, 970
0, 13388, 133880282, 133880970, 282, 970
0, 13389, 133890282, 133890970, 282, 970
0, 1339, 13390282, 13390970, 282, 970
0, 13390, 133900282, 133900970, 282, 970
0, 13391, 133910282, 133911627, 282, 1627
0, 13392, 133920282, 133921244, 282, 1244
0, 13393, 133930282, 133930970, 282, 970
0, 13394, 133940282, 133940970, 282, 970
0, 13395, 133950282, 133951244, 282, 1244
0, 13396, 133960282, 133960970, 282, 970
0, 13397, 133970282, 133970970, 282, 970
0, 13398, 133980282, 133982081, 282, 2081
0, 13399, 133990282, 133990970, 282, 970
0, 134, 1340282, 1340970, 282, 970
0, 1340, 13400282, 13400970, 282, 970
0, 13400, 134000282, 134000970, 282, 970
0, 13401, 134010282, 134010970, 282, 970
0, 13402, 134020282, 134020970, 282, 970
0, 13403, 134030282, 134030970, 282, 970
0, 13404, 134040282, 134040970, 282, 970
0, 13405, 134050282, 134052081, 282, 2081
0, 13406, 134060282, 134062056, 282, 2056
0, 13407, 134070282, 134070970, 282, 970
0, 13408, 134080282, 134080970, 282, 970
0, 13409, 134090282, 134090970, 282, 970
0, 1341, 13410282, 13410970, 282, 970
0, 13410, 134100282, 134101244, 282, 1244
0, 13411, 134110282, 134110970, 282, 970
0, 13412, 134120282, 134122056, 282, 2056
0, 13413, 134130282, 134130970, 282, 970
0, 13414, 134140282, 134140970, 282, 970
0, 13415, 134150282, 134150970, 282, 970
0, 13416, 134160282, 134162056, 282, 2056
0, 13417, 134170282, 134170970, 282, 970
0, 13418, 134180282, 134180970, 282, 970
0, 13419, 134190282, 134191669, 282, 1669
0, 1342, 13420282, 13420970, 282, 970
0, 13420, 134200282, 134200970, 282, 970
0, 13421, 134210282, 134210970, 282, 970
0, 13422, 134220282, 134221244, 282, 1244
0, 13423, 134230282, 134230970, 282, 970
0, 13424, 134240282, 134240970, 282, 970
0, 13425, 134250282, 134251244, 282, 1244
0, 13426, 134260282, 134262056, 282, 2056
0, 13427, 134270282, 134270970, 282, 970
0, 13428, 134280282, 134280970, 282, 970
0, 13429, 134290282, 134290970, 282, 970
0, 1343, 13430282, 13430970, 282, 970
0, 13430, 134300282, 134302056, 282, 2056
0, 13431, 134310282, 134310970, 282, 970
0, 13432, 134320282, 134320970, 282, 970
0, 13433, 134330282, 134332081, 282, 2081
0, 13434, 134340282, 134340970, 282, 970
0, 13435, 134350282, 134350970, 282, 970
0, 13436, 134360282, 134360970, 282, 970
0, 13437, 134370282, 134370970, 282, 970
0, 13438, 134380282, 134380970, 282, 970
0, 13439, 134390282, 134390970, 282, 970
0, 1344, 13440282, 13444047, 282, 4047
0, 13440, 134400282, 134404047, 282, 4047
0, 13441, 134410282, 134410970, 282, 970
0, 13442, 134420282, 134420970, 282, 970
0, 13443, 134430282, 134430970, 282, 970
0, 13444, 134440282, 134440970, 282, 970
0, 13445, 134450282, 134450970, 282, 970
0, 13446, 134460282, 134460970, 282, 970
0, 13447, 134470282, 134472081, 282, 2081
0, 13448, 134480282, 134480970, 282, 970
0, 13449, 134490282, 134491244, 282, 1244
0, 1345, 13450282, 13452079, 282, 2079
0, 13450, 134500282, 134500970, 282, 970
0, 13451, 134510282, 134510970, 282, 970
0, 13452, 134520282, 134520970, 282, 970
0, 13453, 134530282, 134530970, 282, 970
0, 13454, 134540282, 134542056, 282, 2056
0, 13455, 134550282, 134550970, 282, 970
0, 13456, 134560282, 134560970, 282, 970
0, 13457, 134570282, 134571669, 282, 1669
0, 13458, 134580282, 134581669, 282, 1669
0, 13459, 134590282, 134590970, 282, 970
0, 1346, 13460282, 13460970, 282, 970
0, 13460, 134600282, 134600970, 282, 970
0, 13461, 134610282, 134611669, 282, 1669
0, 13462, 134620282, 134620970, 282, 970
0, 13463, 134630282, 134630970, 282, 970
0, 13464, 134640282, 134641669, 282, 1669
0, 13465, 134650282, 134650970, 282, 970
0, 13466, 134660282, 134660970, 282, 970
0, 13467, 134670282, 134670970, 282, 970
0, 13468, 134680282, 134682056, 282, 2056
0, 13469, 134690282, 134690970, 282, 970
0, 1347, 13470282, 13470970, 282, 970
0, 13470, 134700282, 134701244, 282, 1244
0, 13471, 134710282, 134710970, 282, 970
0, 13472, 134720282, 134720970, 282, 970
0, 13473, 134730282, 134730970, 282, 970
0, 13474, 134740282, 134740970, 282, 970
0, 13475, 134750282, 134752081, 282, 2081
0, 13476, 134760282, 134761244, 282, 1244
0, 13477, 134770282, 134770970, 282, 970
0, 13478, 134780282, 134780970, 282, 970
0, 13479, 134790282, 134790970, 282, 970
0, 1348, 13480282, 13480970, 282, 970
0, 13480, 134800282, 134800970, 282, 970
0, 13481, 134810282, 134810970, 282, 970
0, 13482, 134820282, 134822081, 282, 2081
0, 13483, 134830282, 134831942, 282, 1942
0, 13484, 134840282, 134840970, 282, 970
0, 13485, 134850282, 134850970, 282, 970
0, 13486, 134860282, 134860970, 282, 970
0, 13487, 134870282, 134870970, 282, 970
0, 13488, 134880282, 134881244, 282, 1244
0, 13489, 134890282, 134890970, 282, 970
0, 1349, 13490282, 13490970, 282, 970
0, 13490, 134900282, 134900970, 282, 970
0, 13491, 134910282, 134910970, 282, 970
0, 13492, 134920282, 134920970, 282, 970
0, 13493, 134930282, 134930970, 282, 970
0, 13494, 134940282, 134940970, 282, 970
0, 13495, 134950282, 134950970, 282, 970
0, 13496, 134960282, 134962081, 282, 2081
0, 13497, 134970282, 134970970, 282, 970
0, 13498, 134980282, 134980970, 282, 970
0, 13499, 134990282, 134990970, 282, 970
0, 135, 1350282, 1350970, 282, 970
0, 1350, 13500282, 13501244, 282, 1244
0, 13500, 135000282, 135002056, 282, 2056
0, 13501, 135010282, 135010970, 282, 970
0, 13502, 135020282, 135020970, 282, 970
0, 13503, 135030282, 135031669, 282, 1669
0, 13504, 135040282, 135040970, 282, 970
0, 13505, 135050282, 135050970, 282, 970
0, 13506, 135060282, 135060970, 282, 970
0, 13507, 135070282, 135070970, 282, 970
0, 13508, 135080282, 135080970, 282, 970
0, 13509, 135090282, 135090970, 282, 970
0, 1351, 13510282, 13510970, 282, 970
0, 13510, 135100282, 135102072, 282, 2072
0, 13511, 135110282, 135110970, 282, 970
0, 13512, 135120282, 135121244, 282, 1244
0, 13513, 135130282, 135130970, 282, 970
0, 13514, 135140282, 135140970, 282, 970
0, 13515, 135150282, 135151244, 282, 1244
0, 13516, 135160282, 135160970, 282, 970
0, 13517, 135170282, 135172081, 282, 2081
0, 13518, 135180282, 135181244, 282, 1244
0, 13519, 135190282, 135190970, 282, 970
0, 1352, 13520282, 13520970, 282, 970
0, 13520, 135200282, 135200970, 282, 970
0, 13521, 135210282, 135210970, 282, 970
0, 13522, 135220282, 135220970, 282, 970
0, 13523, 135230282, 135230970, 282, 970
0, 13524, 135240282, 135242081, 282, 2081
0, 13525, 135250282, 135251476, 282, 1476
0, 13526, 135260282, 135260970, 282, 970
0, 13527, 135270282, 135270970, 282, 970
0, 13528, 135280282, 135280970, 282, 970
0, 13529, 135290282, 135290970, 282, 970
0, 1353, 13530282, 13531244, 282, 1244
0, 13530, 135300282, 135301244, 282, 1244
0, 13531, 135310282, 135310970, 282, 970
0, 13532, 135320282, 135320970, 282, 970
0, 13533, 135330282, 135330970, 282, 970
0, 13534, 135340282, 135340970, 282, 970
0, 13535, 135350282, 135350970, 282, 970
0, 13536, 135360282, 135361244, 282, 1244
0, 13537, 135370282, 135370970, 282, 970
0, 13538, 135380282, 135382056, 282, 2056
0, 13539, 135390282, 135390970, 282, 970
0, 1354, 13540282, 13540970, 282, 970
0, 13540, 135400282, 135400970, 282, 970
0, 13541, 135410282, 135410970, 282, 970
0, 13542, 135420282, 135421669, 282, 1669
0, 13543, 135430282, 135430970, 282, 970
0, 13544, 135440282, 135440970, 282, 970
0, 13545, 135450282, 135452072, 282, 2072
0, 13546, 135460282, 135460970, 282, 970
0, 13547, 135470282, 135470970, 282, 970
0, 13548, 135480282, 135480970, 282, 970
0, 13549, 135490282, 135490970, 282, 970
0, 1355, 13550282, 13550970, 282, 970
0, 13550, 135500282, 135500970, 282, 970
0, 13551, 135510282, 135510970, 282, 970
0, 13552, 135520282, 135523431, 282, 3431
0, 13553, 135530282, 135530970, 282, 970
0, 13554, 135540282, 135540970, 282, 970
0, 13555, 135550282, 135550970, 282, 970
0, 13556, 135560282, 135560970, 282, 970
0, 13557, 135570282, 135570970, 282, 970
0, 13558, 135580282, 135580970, 282, 970
0, 13559, 135590282, 135592081, 282, 2081
0, 1356, 13560282, 13560970, 282, 970
0, 13560, 135600282, 135602056, 282, 2056
0, 13561, 135610282, 135610970, 282, 970
0, 13562, 135620282, 135620970, 282, 970
0, 13563, 135630282, 135630970, 282, 970
0, 13564, 135640282, 135640970, 282, 970
0, 13565, 135650282, 135650970, 282, 970
0, 13566, 135660282, 135662081, 282, 2081
0, 13567, 135670282, 135670970, 282, 970
0, 13568, 135680282, 135680970, 282, 970
0, 13569, 135690282, 135690970, 282, 970
0, 1357, 13570282, 13570970, 282, 970
0, 13570, 135700282, 135700970, 282, 970
0, 13571, 135710282, 135710970, 282, 970
0, 13572, 135720282, 135720970, 282, 970
0, 13573, 135730282, 135730970, 282, 970
0, 13574, 135740282, 135740970, 282, 970
0, 13575, 135750282, 135751244, 282, 1244
0, 13576, 135760282, 135760970, 282, 970
0, 13577, 135770282, 135771551, 282, 1551
0, 13578, 135780282, 135781244, 282, 1244
0, 13579, 135790282, 135790970, 282, 970
0, 1358, 13580282, 13582056, 282, 2056
0, 13580, 135800282, 135802072, 282, 2072
0, 13581, 135810282, 135810970, 282, 970
0, 13582, 135820282, 135820970, 282, 970
0, 13583, 135830282, 135830970, 282, 970
0, 13584, 135840282, 135842056, 282, 2056
0, 13585, 135850282, 135850970, 282, 970
0, 13586, 135860282, 135860970, 282, 970
0, 13587, 135870282, 135871669, 282, 1669
0, 13588, 135880282, 135880970, 282, 970
0, 13589, 135890282, 135890970, 282, 970
0, 1359, 13590282, 13590970, 282, 970
0, 13590, 135900282, 135901244, 282, 1244
0, 13591, 135910282, 135910970, 282, 970
0, 13592, 135920282, 135920970, 282, 970
0, 13593, 135930282, 135931244, 282, 1244
0, 13594, 135940282, 135942081, 282, 2081
0, 13595, 135950282, 135950970, 282, 970
0, 13596, 135960282, 135960970, 282, 970
0, 13597, 135970282, 135970970, 282, 970
0, 13598, 135980282, 135980970, 282, 970
0, 13599, 135990282, 135990970, 282, 970
0, 136, 1360282, 1360970, 282, 970
0, 1360, 13600282, 13602056, 282, 2056
0, 13600, 136000282, 136002056, 282, 2056
0, 13601, 136010282, 136012081, 282, 2081
0, 13602, 136020282, 136021244, 282, 1244
0, 13603, 136030282, 136030970, 282, 970
0, 13604, 136040282, 136040970, 282, 970
0, 13605, 136050282, 136051244, 282, 1244
0, 13606, 136060282, 136060970, 282, 970
0, 13607, 136070282, 136070970, 282, 970
0, 13608, 136080282, 136082081, 282, 2081
0, 13609, 136090282, 136090970, 282, 970
0, 1361, 13610282, 13610970, 282, 970
0, 13610, 136100282, 136100970, 282, 970
0, 13611, 136110282, 136110970, 282, 970
0, 13612, 136120282, 136120970, 282, 970
0, 13613, 136130282, 136130970, 282, 970
0, 13614, 136140282, 136140970, 282, 970
0, 13615, 136150282, 136152072, 282, 2072
0, 13616, 136160282, 136160970, 282, 970
0, 13617, 136170282, 136170970, 282, 970
0, 13618, 136180282, 136180970, 282, 970
0, 13619, 136190282, 136190970, 282, 970
0, 1362, 13620282, 13621669, 282, 1669
0, 13620, 136200282, 136201669, 282, 1669
0, 13621, 136210282, 136210970, 282, 970
0, 13622, 136220282, 136222056, 282, 2056
0, 13623, 136230282, 136230970, 282, 970
0, 13624, 136240282, 136240970, 282, 970
0, 13625, 136250282, 136250970, 282, 970
0, 13626, 136260282, 136261669, 282, 1669
0, 13627, 136270282, 136270970, 282, 970
0, 13628, 136280282, 136280970, 282, 970
0, 13629, 136290282, 136291669, 282, 1669
0, 1363, 13630282, 13630970, 282, 970
0, 13630, 136300282, 136300970, 282, 970
0, 13631, 136310282, 136310970, 282, 970
0, 13632, 136320282, 136321244, 282, 1244
0, 13633, 136330282, 136330970, 282, 970
0, 13634, 136340282, 136340970, 282, 970
0, 13635, 136350282, 136351244, 282, 1244
0, 13636, 136360282, 136362081, 282, 2081
0, 13637, 136370282, 136370970, 282, 970
0, 13638, 136380282, 136380970, 282, 970
0, 13639, 136390282, 136390970, 282, 970
0, 1364, 13640282, 13640970, 282, 970
0, 13640, 136400282, 136402056, 282, 2056
0, 13641, 136410282, 136410970, 282, 970
0, 13642, 136420282, 136420970, 282, 970
0, 13643, 136430282, 136432081, 282, 2081
0, 13644, 136440282, 136441244, 282, 1244
0, 13645, 136450282, 136450970, 282, 970
0, 13646, 136460282, 136460970, 282, 970
0, 13647, 136470282, 136470970, 282, 970
0, 13648, 136480282, 136480970, 282, 970
0, 13649, 136490282, 136490970, 282, 970
0, 1365, 13650282, 13652072, 282, 2072
0, 13650, 136500282, 136502072, 282, 2072
0, 13651, 136510282, 136510970, 282, 970
0, 13652, 136520282, 136520970, 282, 970
0, 13653, 136530282, 136530970, 282, 970
0, 13654, 136540282, 136540970, 282, 970
0, 13655, 136550282, 136550970, 282, 970
0, 13656, 136560282, 136561244, 282, 1244
0, 13657, 136570282, 136570970, 282, 970
0, 13658, 136580282, 136580970, 282, 970
0, 13659, 136590282, 136590970, 282, 970
0, 1366, 13660282, 13660970, 282, 970
0, 13660, 136600282, 136600970, 282, 970
0, 13661, 136610282, 136612057, 282, 2057
0, 13662, 136620282, 136621244, 282, 1244
0, 13663, 136630282, 136630970, 282, 970
0, 13664, 136640282, 136642081, 282, 2081
0, 13665, 136650282, 136650970, 282, 970
0, 13666, 136660282, 136660970, 282, 970
0, 13667, 136670282, 136670970, 282, 970
0, 13668, 136680282, 136681669, 282, 1669
0, 13669, 136690282, 136690970, 282, 970
0, 1367, 13670282, 13670970, 282, 970
0, 13670, 136700282, 136700970, 282, 970
0, 13671, 136710282, 136712081, 282, 2081
0, 13672, 136720282, 136720970, 282, 970
0, 13673, 136730282, 136730970, 282, 970
0, 13674, 136740282, 136740970, 282, 970
0, 13675, 136750282, 136750970, 282, 970
0, 13676, 136760282, 136760970, 282, 970
0, 13677, 136770282, 136770970, 282, 970
0, 13678, 136780282, 136782081, 282, 2081
0, 13679, 136790282, 136790970, 282, 970
0, 1368, 13680282, 13681244, 282, 1244
0, 13680, 136800282, 136802056, 282, 2056
0, 13681, 136810282, 136810970, 282, 970
0, 13682, 136820282, 136820970, 282, 970
0, 13683, 136830282, 136830970, 282, 970
0, 13684, 136840282, 136840970, 282, 970
0, 13685, 136850282, 136852081, 282, 2081
0, 13686, 136860282, 136861244, 282, 1244
0, 13687, 136870282, 136870970, 282, 970
0, 13688, 136880282, 136880970, 282, 970
0, 13689, 136890282, 136890970, 282, 970
0, 1369, 13690282, 13690970, 282, 970
0, 13690, 136900282, 136900970, 282, 970
0, 13691, 136910282, 136910970, 282, 970
0, 13692, 136920282, 136922056, 282, 2056
0, 13693, 136930282, 136930970, 282, 970
0, 13694, 136940282, 136940970, 282, 970
0, 13695, 136950282, 136951244, 282, 1244
0, 13696, 136960282, 136962056, 282, 2056
0, 13697, 136970282, 136970970, 282, 970
0, 13698, 136980282, 136980970, 282, 970
0, 13699, 136990282, 136990970, 282, 970
0, 137, 1370282, 1374016, 282, 4016
0, 1370, 13700282, 13700970, 282, 970
0, 13700, 137000282, 137000970, 282, 970
0, 13701, 137010282, 137010970, 282, 970
0, 13702, 137020282, 137020970, 282, 970
0, 13703, 137030282, 137034126, 282, 4126
0, 13704, 137040282, 137041669, 282, 1669
0, 13705, 137050282, 137050970, 282, 970
0, 13706, 137060282, 137062056, 282, 2056
0, 13707, 137070282, 137070970, 282, 970
0, 13708, 137080282, 137080970, 282, 970
0, 13709, 137090282, 137090970, 282, 970
0, 1371, 13710282, 13710970, 282, 970
0, 13710, 137100282, 137101669, 282, 1669
0, 13711, 137110282, 137110970, 282, 970
0, 13712, 137120282, 137120970, 282, 970
0, 13713, 137130282, 137132081, 282, 2081
0, 13714, 137140282, 137140970, 282, 970
0, 13715, 137150282, 137150970, 282, 970
0, 13716, 137160282, 137160970, 282, 970
0, 13717, 137170282, 137170970, 282, 970
0, 13718, 137180282, 137180970, 282, 970
0, 13719, 137190282, 137190970, 282, 970
0, 1372, 13720282, 13722056, 282, 2056
0, 13720, 137200282, 137204047, 282, 4047
0, 13721, 137210282, 137211951, 282, 1951
0, 13722, 137220282, 137221244, 282, 1244
0, 13723, 137230282, 137230970, 282, 970
0, 13724, 137240282, 137240970, 282, 970
0, 13725, 137250282, 137250970, 282, 970
0, 13726, 137260282, 137260970, 282, 970
0, 13727, 137270282, 137270970, 282, 970
0, 13728, 137280282, 137281669, 282, 1669
0, 13729, 137290282, 137290970, 282, 970
0, 1373, 13730282, 13730970, 282, 970
0, 13730, 137300282, 137300970, 282, 970
0, 13731, 137310282, 137311244, 282, 1244
0, 13732, 137320282, 137320970, 282, 970
0, 13733, 137330282, 137330970, 282, 970
0, 13734, 137340282, 137342056, 282, 2056
0, 13735, 137350282, 137350970, 282, 970
0, 13736, 137360282, 137360970, 282, 970
0, 13737, 137370282, 137370970, 282, 970
0, 13738, 137380282, 137380970, 282, 970
0, 13739, 137390282, 137390970, 282, 970
0, 1374, 13740282, 13740970, 282, 970
0, 13740, 137400282, 137401244, 282, 1244
0, 13741, 137410282, 137410970, 282, 970
0, 13742, 137420282, 137420970, 282, 970
0, 13743, 137430282, 137430970, 282, 970
0, 13744, 137440282, 137440970, 282, 970
0, 13745, 137450282, 137450970, 282, 970
0, 13746, 137460282, 137461244, 282, 1244
0, 13747, 137470282, 137470970, 282, 970
0, 13748, 137480282, 137482056, 282, 2056
0, 13749, 137490282, 137490970, 282, 970
0, 1375, 13750282, 13750970, 282, 970
0, 13750, 137500282, 137500970, 282, 970
0, 13751, 137510282, 137510970, 282, 970
0, 13752, 137520282, 137521669, 282, 1669
0, 13753, 137530282, 137530970, 282, 970
0, 13754, 137540282, 137540970, 282, 970
0, 13755, 137550282, 137552081, 282, 2081
0, 13756, 137560282, 137560970, 282, 970
0, 13757, 137570282, 137570970, 282, 970
0, 13758, 137580282, 137580970, 282, 970
0, 13759, 137590282, 137590970, 282, 970
0, 1376, 13760282, 13760970, 282, 970
0, 13760, 137600282, 137600970, 282, 970
0, 13761, 137610282, 137610970, 282, 970
0, 13762, 137620282, 137622081, 282, 2081
0, 13763, 137630282, 137632353, 282, 2353
0, 13764, 137640282, 137641244, 282, 1244
0, 13765, 137650282, 137650970, 282, 970
0, 13766, 137660282, 137660970, 282, 970
0, 13767, 137670282, 137670970, 282, 970
0, 13768, 137680282, 137680970, 282, 970
0, 13769, 137690282, 137690970, 282, 970
0, 1377, 13770282, 13770970, 282, 970
0, 13770, 137700282, 137701669, 282, 1669
0, 13771, 137710282, 137710970, 282, 970
0, 13772, 137720282, 137720970, 282, 970
0, 13773, 137730282, 137731244, 282, 1244
0, 13774, 137740282, 137740970, 282, 970
0, 13775, 137750282, 137750970, 282, 970
0, 13776, 137760282, 137762081, 282, 2081
0, 13777, 137770282, 137770970, 282, 970
0, 13778, 137780282, 137780970, 282, 970
0, 13779, 137790282, 137790970, 282, 970
0, 1378, 13780282, 13780970, 282, 970
0, 13780, 137800282, 137802056, 282, 2056
0, 13781, 137810282, 137810970, 282, 970
0, 13782, 137820282, 137820970, 282, 970
0, 13783, 137830282, 137830970, 282, 970
0, 13784, 137840282, 137840970, 282, 970
0, 13785, 137850282, 137850970, 282, 970
0, 13786, 137860282, 137860970, 282, 970
0, 13787, 137870282, 137870970, 282, 970
0, 13788, 137880282, 137881244, 282, 1244
0, 13789, 137890282, 137890970, 282, 970
0, 1379, 13790282, 13792081, 282, 2081
0, 13790, 137900282, 137902081, 282, 2081
0, 13791, 137910282, 137910970, 282, 970
0, 13792, 137920282, 137920970, 282, 970
0, 13793, 137930282, 137930970, 282, 970
0, 13794, 137940282, 137941244, 282, 1244
0, 13795, 137950282, 137950970, 282, 970
0, 13796, 137960282, 137960970, 282, 970
0, 13797, 137970282, 137972081, 282, 2081
0, 13798, 137980282, 137981060, 282, 1060
0, 13799, 137990282, 137990970, 282, 970
0, 138, 1380282, 1381244, 282, 1244
0, 1380, 13800282, 13801669, 282, 1669
0, 13800, 138000282, 138001669, 282, 1669
0, 13801, 138010282, 138010970, 282, 970
0, 13802, 138020282, 138020970, 282, 970
0, 13803, 138030282, 138030970, 282, 970
0, 13804, 138040282, 138042081, 282, 2081
0, 13805, 138050282, 138050970, 282, 970
0, 13806, 138060282, 138061244, 282, 1244
0, 13807, 138070282, 138070970, 282, 970
0, 13808, 138080282, 138080970, 282, 970
0, 13809, 138090282, 138090970, 282, 970
0, 1381, 13810282, 13810970, 282, 970
0, 13810, 138100282, 138100970, 282, 970
0, 13811, 138110282, 138110970, 282, 970
0, 13812, 138120282, 138120970, 282, 970
0, 13813, 138130282, 138130970, 282, 970
0, 13814, 138140282, 138140970, 282, 970
0, 13815, 138150282, 138151669, 282, 1669
0, 13816, 138160282, 138160970, 282, 970
0, 13817, 138170282, 138170970, 282, 970
0, 13818, 138180282, 138182056, 282, 2056
0, 13819, 138190282, 138190970, 282, 970
0, 1382, 13820282, 13820970, 282, 970
0, 13820, 138200282, 138200970, 282, 970
0, 13821, 138210282, 138210970, 282, 970
0, 13822, 138220282, 138220970, 282, 970
0, 13823, 138230282, 138230970, 282, 970
0, 13824, 138240282, 138241669, 282, 1669
0, 13825, 138250282, 138252072, 282, 2072
0, 13826, 138260282, 138260970, 282, 970
0, 13827, 138270282, 138270970, 282, 970
0, 13828, 138280282, 138280970, 282, 970
0, 13829, 138290282, 138290970, 282, 970
0, 1383, 13830282, 13830970, 282, 970
0, 13830, 138300282, 138301669, 282, 1669
0, 13831, 138310282, 138310970, 282, 970
0, 13832, 138320282, 138324047, 282, 4047
0, 13833, 138330282, 138330970, 282, 970
0, 13834, 138340282, 138340970, 282, 970
0, 13835, 138350282, 138350970, 282, 970
0, 13836, 138360282, 138361244, 282, 1244
0, 13837, 138370282, 138370970, 282, 970
0, 13838, 138380282, 138380970, 282, 970
0, 13839, 138390282, 138392081, 282, 2081
0, 1384, 13840282, 13840970, 282, 970
0, 13840, 138400282, 138402056, 282, 2056
0, 13841, 138410282, 138410970, 282, 970
0, 13842, 138420282, 138420970, 282, 970
0, 13843, 138430282, 138430970, 282, 970
0, 13844, 138440282, 138440970, 282, 970
0, 13845, 138450282, 138450970, 282, 970
0, 13846, 138460282, 138462056, 282, 2056
0, 13847, 138470282, 138470970, 282, 970
0, 13848, 138480282, 138481669, 282, 1669
0, 13849, 138490282, 138490970, 282, 970
0, 1385, 13850282, 13850970, 282, 970
0, 13850, 138500282, 138500970, 282, 970
0, 13851, 138510282, 138510970, 282, 970
0, 13852, 138520282, 138520970, 282, 970
0, 13853, 138530282, 138530970, 282, 970
0, 13854, 138540282, 138540970, 282, 970
0, 13855, 138550282, 138550970, 282, 970
0, 13856, 138560282, 138560970, 282, 970
0, 13857, 138570282, 138571669, 282, 1669
0, 13858, 138580282, 138580970, 282, 970
0, 13859, 138590282, 138590970, 282, 970
0, 1386, 13860282, 13862081, 282, 2081
0, 13860, 138600282, 138602072, 282, 2072
0, 13861, 138610282, 138610970, 282, 970
0, 13862, 138620282, 138620970, 282, 970
0, 13863, 138630282, 138630970, 282, 970
0, 13864, 138640282, 138642056, 282, 2056
0, 13865, 138650282, 138652072, 282, 2072
0, 13866, 138660282, 138661244, 282, 1244
0, 13867, 138670282, 138672081, 282, 2081
0, 13868, 138680282, 138680970, 282, 970
0, 13869, 138690282, 138690970, 282, 970
0, 1387, 13870282, 13870970, 282, 970
0, 13870, 138700282, 138700970, 282, 970
0, 13871, 138710282, 138710970, 282, 970
0, 13872, 138720282, 138721669, 282, 1669
0, 13873, 138730282, 138730970, 282, 970
0, 13874, 138740282, 138742081, 282, 2081
0, 13875, 138750282, 138751244, 282, 1244
0, 13876, 138760282, 138760970, 282, 970
0, 13877, 138770282, 138770970, 282, 970
0, 13878, 138780282, 138781244, 282, 1244
0, 13879, 138790282, 138790970, 282, 970
0, 1388, 13880282, 13880970, 282, 970
0, 13880, 138800282, 138800970, 282, 970
0, 13881, 138810282, 138812081, 282, 2081
0, 13882, 138820282, 138822056, 282, 2056
0, 13883, 138830282, 138830970, 282, 970
0, 13884, 138840282, 138841244, 282, 1244
0, 13885, 138850282, 138850970, 282, 970
0, 13886, 138860282, 138860970, 282, 970
0, 13887, 138870282, 138870970, 282, 970
0, 13888, 138880282, 138882081, 282, 2081
0, 13889, 138890282, 138890970, 282, 970
0, 1389, 13890282, 13890970, 282, 970
0, 13890, 138900282, 138901669, 282, 1669
0, 13891, 138910282, 138910970, 282, 970
0, 13892, 138920282, 138920970, 282, 970
0, 13893, 138930282, 138930970, 282, 970
0, 13894, 138940282, 138940970, 282, 970
0, 13895, 138950282, 138952072, 282, 2072
0, 13896, 138960282, 138961244, 282, 1244
0, 13897, 138970282, 138970970, 282, 970
0, 13898, 138980282, 138980970, 282, 970
0, 13899, 138990282, 138991244, 282, 1244
0, 139, 1390282, 1390970, 282, 970
0, 1390, 13900282, 13900970, 282, 970
0, 13900, 139000282, 139000970, 282, 970
0, 13901, 139010282, 139010970, 282, 970
0, 13902, 139020282, 139022056, 282, 2056
0, 13903, 139030282, 139030970, 282, 970
0, 13904, 139040282, 139040970, 282, 970
0, 13905, 139050282, 139050970, 282, 970
0, 13906, 139060282, 139060970, 282, 970
0, 13907, 139070282, 139070970, 282, 970
0, 13908, 139080282, 139081244, 282, 1244
0, 13909, 139090282, 139092081, 282, 2081
0, 1391, 13910282, 13910970, 282, 970
0, 13910, 139100282, 139100970, 282, 970
0, 13911, 139110282, 139110970, 282, 970
0, 13912, 139120282, 139120970, 282, 970
0, 13913, 139130282, 139130970, 282, 970
0, 13914, 139140282, 139140970, 282, 970
0, 13915, 139150282, 139150970, 282, 970
0, 13916, 139160282, 139162081, 282, 2081
0, 13917, 139170282, 139171255, 282, 1255
0, 13918, 139180282, 139180970, 282, 970
0, 13919, 139190282, 139190970, 282, 970
0, 1392, 13920282, 13921244, 282, 1244
0, 13920, 139200282, 139202056, 282, 2056
0, 13921, 139210282, 139210970, 282, 970
0, 13922, 139220282, 139220970, 282, 970
0, 13923, 139230282, 139232081, 282, 2081
0, 13924, 139240282, 139240970, 282, 970
0, 13925, 139250282, 139250970, 282, 970
0, 13926, 139260282, 139261244, 282, 1244
0, 13927, 139270282, 139270970, 282, 970
0, 13928, 139280282, 139280970, 282, 970
0, 13929, 139290282, 139290970, 282, 970
0, 1393, 13930282, 13930970, 282, 970
0, 13930, 139300282, 139302072, 282, 2072
0, 13931, 139310282, 139310970, 282, 970
0, 13932, 139320282, 139321244, 282, 1244
0, 13933, 139330282, 139330970, 282, 970
0, 13934, 139340282, 139340970, 282, 970
0, 13935, 139350282, 139350970, 282, 970
0, 13936, 139360282, 139360970, 282, 970
0, 13937, 139370282, 139370970, 282, 970
0, 13938, 139380282, 139380970, 282, 970
0, 13939, 139390282, 139390970, 282, 970
0, 1394, 13940282, 13940970, 282, 970
0, 13940, 139400282, 139400970, 282, 970
0, 13941, 139410282, 139411244, 282, 1244
0, 13942, 139420282, 139420970, 282, 970
0, 13943, 139430282, 139430970, 282, 970
0, 13944, 139440282, 139442081, 282, 2081
0, 13945, 139450282, 139450970, 282, 970
0, 13946, 139460282, 139460970, 282, 970
0, 13947, 139470282, 139470970, 282, 970
0, 13948, 139480282, 139480970, 282, 970
0, 13949, 139490282, 139490970, 282, 970
0, 1395, 13950282, 13951244, 282, 1244
0, 13950, 139500282, 139501669, 282, 1669
0, 13951, 139510282, 139512081, 282, 2081
0, 13952, 139520282, 139520970, 282, 970
0, 13953, 139530282, 139530970, 282, 970
0, 13954, 139540282, 139540970, 282, 970
0, 13955, 139550282, 139550970, 282, 970
0, 13956, 139560282, 139560970, 282, 970
0, 13957, 139570282, 139570970, 282, 970
0, 13958, 139580282, 139582081, 282, 2081
0, 13959, 139590282, 139591244, 282, 1244
0, 1396, 13960282, 13960970, 282, 970
0, 13960, 139600282, 139602056, 282, 2056
0, 13961, 139610282, 139610970, 282, 970
0, 13962, 139620282, 139621244, 282, 1244
0, 13963, 139630282, 139630970, 282, 970
0, 13964, 139640282, 139640970, 282, 970
0, 13965, 139650282, 139652072, 282, 2072
0, 13966, 139660282, 139660970, 282, 970
0, 13967, 139670282, 139670970, 282, 970
0, 13968, 139680282, 139681669, 282, 1669
0, 13969, 139690282, 139690970, 282, 970
0, 1397, 13970282, 13970970, 282, 970
0, 13970, 139700282, 139700970, 282, 970
0, 13971, 139710282, 139710970, 282, 970
0, 13972, 139720282, 139722056, 282, 2056
0, 13973, 139730282, 139730970, 282, 970
0, 13974, 139740282, 139741244, 282, 1244
0, 13975, 139750282, 139750970, 282, 970
0, 13976, 139760282, 139762056, 282, 2056
0, 13977, 139770282, 139770970, 282, 970
0, 13978, 139780282, 139780970, 282, 970
0, 13979, 139790282, 139790970, 282, 970
0, 1398, 13980282, 13980970, 282, 970
0, 13980, 139800282, 139801244, 282, 1244
0, 13981, 139810282, 139810970, 282, 970
0, 13982, 139820282, 139820970, 282, 970
0, 13983, 139830282, 139831244, 282, 1244
0, 13984, 139840282, 139840970, 282, 970
0, 13985, 139850282, 139850970, 282, 970
0, 13986, 139860282, 139862056, 282, 2056
0, 13987, 139870282, 139870970, 282, 970
0, 13988, 139880282, 139880970, 282, 970
0, 13989, 139890282, 139890970, 282, 970
0, 1399, 13990282, 13990970, 282, 970
0, 13990, 139900282, 139900970, 282, 970
0, 13991, 139910282, 139910970, 282, 970
0, 13992, 139920282, 139921669, 282, 1669
0, 13993, 139930282, 139932159, 282, 2159
0, 13994, 139940282, 139940970, 282, 970
0, 13995, 139950282, 139950970, 282, 970
0, 13996, 139960282, 139960970, 282, 970
0, 13997, 139970282, 139970970, 282, 970
0, 13998, 139980282, 139980970, 282, 970
0, 13999, 139990282, 139990970, 282, 970
0, 14, 140282, 142056, 282, 2056
0, 140, 1400282, 1402072, 282, 2072
0, 1400, 14000282, 14002081, 282, 2081
0, 14000, 140000282, 140004047, 282, 4047
0, 14001, 140010282, 140011244, 282, 1244
0, 14002, 140020282, 140020970, 282, 970
0, 14003, 140030282, 140030970, 282, 970
0, 14004, 140040282, 140041244, 282, 1244
0, 14005, 140050282, 140050970, 282, 970
0, 14006, 140060282, 140060970, 282, 970
0, 14007, 140070282, 140071669, 282, 1669
0, 14008, 140080282, 140080970, 282, 970
0, 14009, 140090282, 140090970, 282, 970
0, 1401, 14010282, 14010970, 282, 970
0, 14010, 140100282, 140101669, 282, 1669
0, 14011, 140110282, 140110970, 282, 970
0, 14012, 140120282, 140120970, 282, 970
0, 14013, 140130282, 140130970, 282, 970
0, 14014, 140140282, 140142056, 282, 2056
0, 14015, 140150282, 140150970, 282, 970
0, 14016, 140160282, 140161244, 282, 1244
0, 14017, 140170282, 140170970, 282, 970
0, 14018, 140180282, 140182056, 282, 2056
0, 14019, 140190282, 140190970, 282, 970
0, 1402, 14020282, 14020970, 282, 970
0, 14020, 140200282, 140200970, 282, 970
0, 14021, 140210282, 140210970, 282, 970
0, 14022, 140220282, 140220970, 282, 970
0, 14023, 140230282, 140230970, 282, 970
0, 14024, 140240282, 140240970, 282, 970
0, 14025, 140250282, 140251669, 282, 1669
0, 14026, 140260282, 140260970, 282, 970
0, 14027, 140270282, 140270970, 282, 970
0, 14028, 140280282, 140282081, 282, 2081
0, 14029, 140290282, 140290970, 282, 970
0, 1403, 14030282, 14030970, 282, 970
0, 14030, 140300282, 140300970, 282, 970
0, 14031, 140310282, 140310970, 282, 970
0, 14032, 140320282, 140320970, 282, 970
0, 14033, 140330282, 140330970, 282, 970
0, 14034, 140340282, 140341244, 282, 1244
0, 14035, 140350282, 140352081, 282, 2081
0, 14036, 140360282, 140360970, 282, 970
0, 14037, 140370282, 140370970, 282, 970
0, 14038, 140380282, 140380970, 282, 970
0, 14039, 140390282, 140390970, 282, 970
0, 1404, 14040282, 14041669, 282, 1669
0, 14040, 140400282, 140401669, 282, 1669
0, 14041, 140410282, 140410970, 282, 970
0, 14042, 140420282, 140422081, 282, 2081
0, 14043, 140430282, 140430970, 282, 970
0, 14044, 140440282, 140440970, 282, 970
0, 14045, 140450282, 140450970, 282, 970
0, 14046, 140460282, 140461244, 282, 1244
0, 14047, 140470282, 140470970, 282, 970
0, 14048, 140480282, 140480970, 282, 970
0, 14049, 140490282, 140491669, 282, 1669
0, 1405, 14050282, 14050970, 282, 970
0, 14050, 140500282, 140500970, 282, 970
0, 14051, 140510282, 140510970, 282, 970
0, 14052, 140520282, 140521244, 282, 1244
0, 14053, 140530282, 140530970, 282, 970
0, 14054, 140540282, 140540970, 282, 970
0, 14055, 140550282, 140550970, 282, 970
0, 14056, 140560282, 140562081, 282, 2081
0, 14057, 140570282, 140570970, 282, 970
0, 14058, 140580282, 140580970, 282, 970
0, 14059, 140590282, 140590970, 282, 970
0, 1406, 14060282, 14060970, 282, 970
0, 14060, 140600282, 140603282, 282, 3282
0, 14061, 140610282, 140610970, 282, 970
0, 14062, 140620282, 140620970, 282, 970
0, 14063, 140630282, 140630970, 282, 970
0, 14064, 140640282, 140641244, 282, 1244
0, 14065, 140650282, 140650970, 282, 970
0, 14066, 140660282, 140660970, 282, 970
0, 14067, 140670282, 140670970, 282, 970
0, 14068, 140680282, 140680970, 282, 970
0, 14069, 140690282, 140690970, 282, 970
0, 1407, 14070282, 14071669, 282, 1669
0, 14070, 140700282, 140702081, 282, 2081
0, 14071, 140710282, 140710970, 282, 970
0, 14072, 140720282, 140720970, 282, 970
0, 14073, 140730282, 140730970, 282, 970
0, 14074, 140740282, 140740970, 282, 970
0, 14075, 140750282, 140750970, 282, 970
0, 14076, 140760282, 140761244, 282, 1244
0, 14077, 140770282, 140772081, 282, 2081
0, 14078, 140780282, 140780970, 282, 970
0, 14079, 140790282, 140790970, 282, 970
0, 1408, 14080282, 14080970, 282, 970
0, 14080, 140800282, 140800970, 282, 970
0, 14081, 140810282, 140810970, 282, 970
0, 14082, 140820282, 140820970, 282, 970
0, 14083, 140830282, 140830970, 282, 970
0, 14084, 140840282, 140842056, 282, 2056
0, 14085, 140850282, 140851244, 282, 1244
0, 14086, 140860282, 140860970, 282, 970
0, 14087, 140870282, 140870970, 282, 970
0, 14088, 140880282, 140881669, 282, 1669
0, 14089, 140890282, 140890970, 282, 970
0, 1409, 14090282, 14090970, 282, 970
0, 14090, 140900282, 140900970, 282, 970
0, 14091, 140910282, 140911669, 282, 1669
0, 14092, 140920282, 140920970, 282, 970
0, 14093, 140930282, 140930970, 282, 970
0, 14094, 140940282, 140941244, 282, 1244
0, 14095, 140950282, 140950970, 282, 970
0, 14096, 140960282, 140960970, 282, 970
0, 14097, 140970282, 140970970, 282, 970
0, 14098, 140980282, 140982056, 282, 2056
0, 14099, 140990282, 140990970, 282, 970
0, 141, 1410282, 1410970, 282, 970
0, 1410, 14100282, 14101244, 282, 1244
0, 14100, 141000282, 141001244, 282, 1244
0, 14101, 141010282, 141010970, 282, 970
0, 14102, 141020282, 141020970, 282, 970
0, 14103, 141030282, 141030970, 282, 970
0, 14104, 141040282, 141040970, 282, 970
0, 14105, 141050282, 141052081, 282, 2081
0, 14106, 141060282, 141060970, 282, 970
0, 14107, 141070282, 141070970, 282, 970
0, 14108, 141080282, 141080970, 282, 970
0, 14109, 141090282, 141090970, 282, 970
0, 1411, 14110282, 14110970, 282, 970
0, 14110, 141100282, 141100970, 282, 970
0, 14111, 141110282, 141110970, 282, 970
0, 14112, 141120282, 141124047, 282, 4047
0, 14113, 141130282, 141132072, 282, 2072
0, 14114, 141140282, 141140970, 282, 970
0, 14115, 141150282, 141150970, 282, 970
0, 14116, 141160282, 141160970, 282, 970
0, 14117, 141170282, 141170970, 282, 970
0, 14118, 141180282, 141180970, 282, 970
0, 14119, 141190282, 141192081, 282, 2081
0, 1412, 14120282, 14120970, 282, 970
0, 14120, 141200282, 141203114, 282, 3114
0, 14121, 141210282, 141211290, 282, 1290
0, 14122, 141220282, 141220970, 282, 970
0, 14123, 141230282, 141230970, 282, 970
0, 14124, 141240282, 141240970, 282, 970
0, 14125, 141250282, 141250970, 282, 970
0, 14126, 141260282, 141262056, 282, 2056
0, 14127, 141270282, 141270970, 282, 970
0, 14128, 141280282, 141280970, 282, 970
0, 14129, 141290282, 141290970, 282, 970
0, 1413, 14130282, 14130970, 282, 970
0, 14130, 141300282, 141302056, 282, 2056
0, 14131, 141310282, 141310970, 282, 970
0, 14132, 141320282, 141320970, 282, 970
0, 14133, 141330282, 141331669, 282, 1669
0, 14134, 141340282, 141340970, 282, 970
0, 14135, 141350282, 141350970, 282, 970
0, 14136, 141360282, 141361669, 282, 1669
0, 14137, 141370282, 141370970, 282, 970
0, 14138, 141380282, 141380970, 282, 970
0, 14139, 141390282, 141390970, 282, 970
0, 1414, 14140282, 14142081, 282, 2081
0, 14140, 141400282, 141402072, 282, 2072
0, 14141, 141410282, 141410970, 282, 970
0, 14142, 141420282, 141420970, 282, 970
0, 14143, 141430282, 141430970, 282, 970
0, 14144, 141440282, 141442056, 282, 2056
0, 14145, 141450282, 141451244, 282, 1244
0, 14146, 141460282, 141460970, 282, 970
0, 14147, 141470282, 141472081, 282, 2081
0, 14148, 141480282, 141480970, 282, 970
0, 14149, 141490282, 141490970, 282, 970
0, 1415, 14150282, 14150970, 282, 970
0, 14150, 141500282, 141500970, 282, 970
0, 14151, 141510282, 141510970, 282, 970
0, 14152, 141520282, 141520970, 282, 970
0, 14153, 141530282, 141530970, 282, 970
0, 14154, 141540282, 141542081, 282, 2081
0, 14155, 141550282, 141550970, 282, 970
0, 14156, 141560282, 141560970, 282, 970
0, 14157, 141570282, 141570970, 282, 970
0, 14158, 141580282, 141580970, 282, 970
0, 14159, 141590282, 141590970, 282, 970
0, 1416, 14160282, 14161244, 282, 1244
0, 14160, 141600282, 141601669, 282, 1669
0, 14161, 141610282, 141612081, 282, 2081
0, 14162, 141620282, 141620970, 282, 970
0, 14163, 141630282, 141630970, 282, 970
0, 14164, 141640282, 141640970, 282, 970
0, 14165, 141650282, 141650970, 282, 970
0, 14166, 141660282, 141660970, 282, 970
0, 14167, 141670282, 141670970, 282, 970
0, 14168, 141680282, 141682081, 282, 2081
0, 14169, 141690282, 141690970, 282, 970
0, 1417, 14170282, 14170970, 282, 970
0, 14170, 141700282, 141700970, 282, 970
0, 14171, 141710282, 141710970, 282, 970
0, 14172, 141720282, 141721669, 282, 1669
0, 14173, 141730282, 141730970, 282, 970
0, 14174, 141740282, 141740970, 282, 970
0, 14175, 141750282, 141752072, 282, 2072
0, 14176, 141760282, 141760970, 282, 970
0, 14177, 141770282, 141770970, 282, 970
0, 14178, 141780282, 141781244, 282, 1244
0, 14179, 141790282, 141790970, 282, 970
0, 1418, 14180282, 14180970, 282, 970
0, 14180, 141800282, 141800970, 282, 970
0, 14181, 141810282, 141810970, 282, 970
0, 14182, 141820282, 141822056, 282, 2056
0, 14183, 141830282, 141830970, 282, 970
0, 14184, 141840282, 141841244, 282, 1244
0, 14185, 141850282, 141850970, 282, 970
0, 14186, 141860282, 141860970, 282, 970
0, 14187, 141870282, 141870970, 282, 970
0, 14188, 141880282, 141880970, 282, 970
0, 14189, 141890282, 141892081, 282, 2081
0, 1419, 14190282, 14190970, 282, 970
0, 14190, 141900282, 141901244, 282, 1244
0, 14191, 141910282, 141910970, 282, 970
0, 14192, 141920282, 141920970, 282, 970
0, 14193, 141930282, 141930970, 282, 970
0, 14194, 141940282, 141940970, 282, 970
0, 14195, 141950282, 141950970, 282, 970
0, 14196, 141960282, 141962081, 282, 2081
0, 14197, 141970282, 141970970, 282, 970
0, 14198, 141980282, 141980970, 282, 970
0, 14199, 141990282, 141990970, 282, 970
0, 142, 1420282, 1420970, 282, 970
0, 1420, 14200282, 14200970, 282, 970
0, 14200, 142000282, 142002056, 282, 2056
0, 14201, 142010282, 142010970, 282, 970
0, 14202, 142020282, 142020970, 282, 970
0, 14203, 142030282, 142030970, 282, 970
0, 14204, 142040282, 142040970, 282, 970
0, 14205, 142050282, 142051244, 282, 1244
0, 14206, 142060282, 142060970, 282, 970
0, 14207, 142070282, 142070970, 282, 970
0, 14208, 142080282, 142081244, 282, 1244
0, 14209, 142090282, 142090970, 282, 970
0, 1421, 14210282, 14212081, 282, 2081
0, 14210, 142100282, 142102072, 282, 2072
0, 14211, 142110282, 142110970, 282, 970
0, 14212, 142120282, 142120970, 282, 970
0, 14213, 142130282, 142130970, 282, 970
0, 14214, 142140282, 142141669, 282, 1669
0, 14215, 142150282, 142150970, 282, 970
0, 14216, 142160282, 142160970, 282, 970
0, 14217, 142170282, 142171669, 282, 1669
0, 14218, 142180282, 142180970, 282, 970
0, 14219, 142190282, 142190970, 282, 970
0, 1422, 14220282, 14221244, 282, 1244
0, 14220, 142200282, 142201244, 282, 1244
0, 14221, 142210282, 142210970, 282, 970
0, 14222, 142220282, 142220970, 282, 970
0, 14223, 142230282, 142230970, 282, 970
0, 14224, 142240282, 142242081, 282, 2081
0, 14225, 142250282, 142250970, 282, 970
0, 14226, 142260282, 142260970, 282, 970
0, 14227, 142270282, 142270970, 282, 970
0, 14228, 142280282, 142280970, 282, 970
0, 14229, 142290282, 142290970, 282, 970
0, 1423, 14230282, 14230970, 282, 970
0, 14230, 142300282, 142300970, 282, 970
0, 14231, 142310282, 142312081, 282, 2081
0, 14232, 142320282, 142321669, 282, 1669
0, 14233, 142330282, 142330970, 282, 970
0, 14234, 142340282, 142340970, 282, 970
0, 14235, 142350282, 142351244, 282, 1244
0, 14236, 142360282, 142360970, 282, 970
0, 14237, 142370282, 142370970, 282, 970
0, 14238, 142380282, 142382081, 282, 2081
0, 14239, 142390282, 142390970, 282, 970
0, 1424, 14240282, 14240970, 282, 970
0, 14240, 142400282, 142402056, 282, 2056
0, 14241, 142410282, 142410970, 282, 970
0, 14242, 142420282, 142420970, 282, 970
0, 14243, 142430282, 142430970, 282, 970
0, 14244, 142440282, 142440970, 282, 970
0, 14245, 142450282, 142452072, 282, 2072
0, 14246, 142460282, 142460970, 282, 970
0, 14247, 142470282, 142470970, 282, 970
0, 14248, 142480282, 142480970, 282, 970
0, 14249, 142490282, 142490970, 282, 970
0, 1425, 14250282, 14251244, 282, 1244
0, 14250, 142500282, 142501244, 282, 1244
0, 14251, 142510282, 142510970, 282, 970
0, 14252, 142520282, 142522056, 282, 2056
0, 14253, 142530282, 142530970, 282, 970
0, 14254, 142540282, 142540970, 282, 970
0, 14255, 142550282, 142550970, 282, 970
0, 14256, 142560282, 142562056, 282, 2056
0, 14257, 142570282, 142570970, 282, 970
0, 14258, 142580282, 142580970, 282, 970
0, 14259, 142590282, 142591669, 282, 1669
0, 1426, 14260282, 14260970, 282, 970
0, 14260, 142600282, 142600970, 282, 970
0, 14261, 142610282, 142610970, 282, 970
0, 14262, 142620282, 142620970, 282, 970
0, 14263, 142630282, 142630970, 282, 970
0, 14264, 142640282, 142640970, 282, 970
0, 14265, 142650282, 142651669, 282, 1669
0, 14266, 142660282, 142662081, 282, 2081
0, 14267, 142670282, 142670970, 282, 970
0, 14268, 142680282, 142680970, 282, 970
0, 14269, 142690282, 142690970, 282, 970
0, 1427, 14270282, 14270970, 282, 970
0, 14270, 142700282, 142700970, 282, 970
0, 14271, 142710282, 142710970, 282, 970
0, 14272, 142720282, 142720970, 282, 970
0, 14273, 142730282, 142734047, 282, 4047
0, 14274, 142740282, 142741244, 282, 1244
0, 14275, 142750282, 142750970, 282, 970
0, 14276, 142760282, 142760970, 282, 970
0, 14277, 142770282, 142770970, 282, 970
0, 14278, 142780282, 142780970, 282, 970
0, 14279, 142790282, 142790970, 282, 970
0, 1428, 14280282, 14282081, 282, 2081
0, 1429, 14290282, 14290970, 282, 970
0, 143, 1430282, 1430970, 282, 970
0, 1430, 14300282, 14300970, 282, 970
0, 1431, 14310282, 14310970, 282, 970
0, 1432, 14320282, 14320970, 282, 970
0, 1433, 14330282, 14330970, 282, 970
0, 1434, 14340282, 14340970, 282, 970
0, 1435, 14350282, 14352072, 282, 2072
0, 1436, 14360282, 14360970, 282, 970
0, 1437, 14370282, 14370970, 282, 970
0, 1438, 14380282, 14380970, 282, 970
0, 1439, 14390282, 14390970, 282, 970
0, 144, 1440282, 1441669, 282, 1669
0, 1440, 14400282, 14401669, 282, 1669
0, 1441, 14410282, 14410970, 282, 970
0, 1442, 14420282, 14422056, 282, 2056
0, 1443, 14430282, 14430970, 282, 970
0, 1444, 14440282, 14440970, 282, 970
0, 1445, 14450282, 14450970, 282, 970
0, 1446, 14460282, 14461669, 282, 1669
0, 1447, 14470282, 14470970, 282, 970
0, 1448, 14480282, 14480970, 282, 970
0, 1449, 14490282, 14491669, 282, 1669
0, 145, 1450282, 1450970, 282, 970
0, 1450, 14500282, 14500970, 282, 970
0, 1451, 14510282, 14510970, 282, 970
0, 1452, 14520282, 14520970, 282, 970
0, 1453, 14530282, 14530970, 282, 970
0, 1454, 14540282, 14540970, 282, 970
0, 1455, 14550282, 14551244, 282, 1244
0, 1456, 14560282, 14564047, 282, 4047
0, 1457, 14570282, 14571400, 282, 1400
0, 1458, 14580282, 14580970, 282, 970
0, 1459, 14590282, 14590970, 282, 970
0, 146, 1460282, 1460970, 282, 970
0, 1460, 14600282, 14600970, 282, 970
0, 1461, 14610282, 14610970, 282, 970
0, 1462, 14620282, 14620970, 282, 970
0, 1463, 14630282, 14632081, 282, 2081
0, 1464, 14640282, 14641669, 282, 1669
0, 1465, 14650282, 14650970, 282, 970
0, 1466, 14660282, 14660970, 282, 970
0, 1467, 14670282, 14670970, 282, 970
0, 1468, 14680282, 14680970, 282, 970
0, 1469, 14690282, 14690970, 282, 970
0, 147, 1470282, 1472081, 282, 2081
0, 1470, 14700282, 14702072, 282, 2072
0, 1471, 14710282, 14710970, 282, 970
0, 1472, 14720282, 14720970, 282, 970
0, 1473, 14730282, 14730970, 282, 970
0, 1474, 14740282, 14740970, 282, 970
0, 1475, 14750282, 14750970, 282, 970
0, 1476, 14760282, 14760970, 282, 970
0, 1477, 14770282, 14770970, 282, 970
0, 1478, 14780282, 14780970, 282, 970
0, 1479, 14790282, 14790970, 282, 970
0, 148, 1480282, 1480970, 282, 970
0, 1480, 14800282, 14802056, 282, 2056
0, 1481, 14810282, 14815525, 282, 5525
0, 1482, 14820282, 14821244, 282, 1244
0, 1483, 14830282, 14830970, 282, 970
0, 1484, 14840282, 14842056, 282, 2056
0, 1485, 14850282, 14850970, 282, 970
0, 1486, 14860282, 14860970, 282, 970
0, 1487, 14870282, 14870970, 282, 970
0, 1488, 14880282, 14882056, 282, 2056
0, 1489, 14890282, 14891435, 282, 1435
0, 149, 1490282, 1490970, 282, 970
0, 1490, 14900282, 14900970, 282, 970
0, 1491, 14910282, 14912081, 282, 2081
0, 1492, 14920282, 14920970, 282, 970
0, 1493, 14930282, 14930970, 282, 970
0, 1494, 14940282, 14940970, 282, 970
0, 1495, 14950282, 14950970, 282, 970
0, 1496, 14960282, 14960970, 282, 970
0, 1497, 14970282, 14970970, 282, 970
0, 1498, 14980282, 14982081, 282, 2081
0, 1499, 14990282, 14990970, 282, 970
0, 15, 150282, 150970, 282, 970
0, 150, 1500282, 1501244, 282, 1244
0, 1500, 15000282, 15001244, 282, 1244
0, 1501, 15010282, 15010970, 282, 970
0, 1502, 15020282, 15020970, 282, 970
0, 1503, 15030282, 15030970, 282, 970
0, 1504, 15040282, 15040970, 282, 970
0, 1505, 15050282, 15052081, 282, 2081
0, 1506, 15060282, 15061244, 282, 1244
0, 1507, 15070282, 15070970, 282, 970
0, 1508, 15080282, 15080970, 282, 970
0, 1509, 15090282, 15090970, 282, 970
0, 151, 1510282, 1510970, 282, 970
0, 1510, 15100282, 15100970, 282, 970
0, 1511, 15110282, 15110970, 282, 970
0, 1512, 15120282, 15122081, 282, 2081
0, 1513, 15130282, 15130970, 282, 970
0, 1514, 15140282, 15140970, 282, 970
0, 1515, 15150282, 15151244, 282, 1244
0, 1516, 15160282, 15160970, 282, 970
0, 1517, 15170282, 15170970, 282, 970
0, 1518, 15180282, 15180970, 282, 970
0, 1519, 15190282, 15190970, 282, 970
0, 152, 1520282, 1520970, 282, 970
0, 1520, 15200282, 15200970, 282, 970
0, 1521, 15210282, 15210970, 282, 970
0, 1522, 15220282, 15220970, 282, 970
0, 1523, 15230282, 15233079, 282, 3079
0, 1524, 15240282, 15241244, 282, 1244
0, 1525, 15250282, 15250970, 282, 970
0, 1526, 15260282, 15262056, 282, 2056
0, 1527, 15270282, 15270970, 282, 970
0, 1528, 15280282, 15280970, 282, 970
0, 1529, 15290282, 15290970, 282, 970
0, 153, 1530282, 1530970, 282, 970
0, 1530, 15300282, 15302056, 282, 2056
0, 1531, 15310282, 15310970, 282, 970
0, 1532, 15320282, 15320970, 282, 970
0, 1533, 15330282, 15332081, 282, 2081
0, 1534, 15340282, 15340970, 282, 970
0, 1535, 15350282, 15350970, 282, 970
0, 1536, 15360282, 15361244, 282, 1244
0, 1537, 15370282, 15370970, 282, 970
0, 1538, 15380282, 15380970, 282, 970
0, 1539, 15390282, 15390970, 282, 970
0, 154, 1540282, 1542081, 282, 2081
0, 1540, 15400282, 15402081, 282, 2081
0, 1541, 15410282, 15410970, 282, 970
0, 1542, 15420282, 15421244, 282, 1244
0, 1543, 15430282, 15430970, 282, 970
0, 1544, 15440282, 15440970, 282, 970
0, 1545, 15450282, 15450970, 282, 970
0, 1546, 15460282, 15460970, 282, 970
0, 1547, 15470282, 15472081, 282, 2081
0, 1548, 15480282, 15481244, 282, 1244
0, 1549, 15490282, 15490970, 282, 970
0, 155, 1550282, 1552072, 282, 2072
0, 1550, 15500282, 15500970, 282, 970
0, 1551, 15510282, 15510970, 282, 970
0, 1552, 15520282, 15520970, 282, 970
0, 1553, 15530282, 15530970, 282, 970
0, 1554, 15540282, 15542056, 282, 2056
0, 1555, 15550282, 15550970, 282, 970
0, 1556, 15560282, 15560970, 282, 970
0, 1557, 15570282, 15570970, 282, 970
0, 1558, 15580282, 15580970, 282, 970
0, 1559, 15590282, 15590970, 282, 970
0, 156, 1560282, 1561244, 282, 1244
0, 1560, 15600282, 15601669, 282, 1669
0, 1561, 15610282, 15610970, 282, 970
0, 1562, 15620282, 15620970, 282, 970
0, 1563, 15630282, 15630970, 282, 970
0, 1564, 15640282, 15640970, 282, 970
0, 1565, 15650282, 15653282, 282, 3282
0, 1566, 15660282, 15661244, 282, 1244
0, 1567, 15670282, 15670970, 282, 970
0, 1568, 15680282, 15682081, 282, 2081
0, 1569, 15690282, 15690970, 282, 970
0, 157, 1570282, 1570970, 282, 970
0, 1570, 15700282, 15700970, 282, 970
0, 1571, 15710282, 15710970, 282, 970
0, 1572, 15720282, 15721244, 282, 1244
0, 1573, 15730282, 15730970, 282, 970
0, 1574, 15740282, 15740970, 282, 970
0, 1575, 15750282, 15752081, 282, 2081
0, 1576, 15760282, 15760970, 282, 970
0, 1577, 15770282, 15770970, 282, 970
0, 1578, 15780282, 15780970, 282, 970
0, 1579, 15790282, 15790970, 282, 970
0, 158, 1580282, 1580970, 282, 970
0, 1580, 15800282, 15800970, 282, 970
0, 1581, 15810282, 15810970, 282, 970
0, 1582, 15820282, 15822081, 282, 2081
0, 1583, 15830282, 15832029, 282, 2029
0, 1584, 15840282, 15841669, 282, 1669
0, 1585, 15850282, 15850970, 282, 970
0, 1586, 15860282, 15860970, 282, 970
0, 1587, 15870282, 15870970, 282, 970
0, 1588, 15880282, 15880970, 282, 970
0, 1589, 15890282, 15890970, 282, 970
0, 159, 1590282, 1590970, 282, 970
0, 1590, 15900282, 15901669, 282, 1669
0, 1591, 15910282, 15910970, 282, 970
0, 1592, 15920282, 15920970, 282, 970
0, 1593, 15930282, 15930970, 282, 970
0, 1594, 15940282, 15940970, 282, 970
0, 1595, 15950282, 15950970, 282, 970
0, 1596, 15960282, 15962056, 282, 2056
0, 1597, 15970282, 15970970, 282, 970
0, 1598, 15980282, 15980970, 282, 970
0, 1599, 15990282, 15990970, 282, 970
0, 16, 160282, 160970, 282, 970
0, 160, 1600282, 1600970, 282, 970
0, 1600, 16000282, 16002072, 282, 2072
0, 1601, 16010282, 16010970, 282, 970
0, 1602, 16020282, 16020970, 282, 970
0, 1603, 16030282, 16030970, 282, 970
0, 1604, 16040282, 16040970, 282, 970
0, 1605, 16050282, 16050970, 282, 970
0, 1606, 16060282, 16060970, 282, 970
0, 1607, 16070282, 16070970, 282, 970
0, 1608, 16080282, 16081669, 282, 1669
0, 1609, 16090282, 16090970, 282, 970
0, 161, 1610282, 1610970, 282, 970
0, 1610, 16100282, 16102072, 282, 2072
0, 1611, 16110282, 16110970, 282, 970
0, 1612, 16120282, 16120970, 282, 970
0, 1613, 16130282, 16130970, 282, 970
0, 1614, 16140282, 16141244, 282, 1244
0, 1615, 16150282, 16150970, 282, 970
0, 1616, 16160282, 16160970, 282, 970
0, 1617, 16170282, 16172981, 282, 2981
0, 1618, 16180282, 16181466, 282, 1466
0, 1619, 16190282, 16190970, 282, 970
0, 162, 1620282, 1621244, 282, 1244
0, 1620, 16200282, 16201244, 282, 1244
0, 1621, 16210282, 16210970, 282, 970
0, 1622, 16220282, 16220970, 282, 970
0, 1623, 16230282, 16230970, 282, 970
0, 1624, 16240282, 16244047, 282, 4047
0, 1625, 16250282, 16251669, 282, 1669
0, 1626, 16260282, 16261244, 282, 1244
0, 1627, 16270282, 16270970, 282, 970
0, 1628, 16280282, 16280970, 282, 970
0, 1629, 16290282, 16290970, 282, 970
0, 163, 1630282, 1630970, 282, 970
0, 1630, 16300282, 16300970, 282, 970
0, 1631, 16310282, 16310970, 282, 970
0, 1632, 16320282, 16321669, 282, 1669
0, 1633, 16330282, 16330970, 282, 970
0, 1634, 16340282, 16340970, 282, 970
0, 1635, 16350282, 16351669, 282, 1669
0, 1636, 16360282, 16360970, 282, 970
0, 1637, 16370282, 16370970, 282, 970
0, 1638, 16380282, 16382056, 282, 2056
0, 1639, 16390282, 16390970, 282, 970
0, 164, 1640282, 1640970, 282, 970
0, 1640, 16400282, 16400970, 282, 970
0, 1641, 16410282, 16410970, 282, 970
0, 1642, 16420282, 16420970, 282, 970
0, 1643, 16430282, 16430970, 282, 970
0, 1644, 16440282, 16441226, 282, 1226
0, 1645, 16450282, 16452072, 282, 2072
0, 1646, 16460282, 16460970, 282, 970
0, 1647, 16470282, 16470970, 282, 970
0, 1648, 16480282, 16480970, 282, 970
0, 1649, 16490282, 16490970, 282, 970
0, 165, 1650282, 1651244, 282, 1244
0, 1650, 16500282, 16501669, 282, 1669
0, 1651, 16510282, 16510970, 282, 970
0, 1652, 16520282, 16522081, 282, 2081
0, 1653, 16530282, 16530970, 282, 970
0, 1654, 16540282, 16540970, 282, 970
0, 1655, 16550282, 16550970, 282, 970
0, 1656, 16560282, 16561669, 282, 1669
0, 1657, 16570282, 16570970, 282, 970
0, 1658, 16580282, 16580970, 282, 970
0, 1659, 16590282, 16592081, 282, 2081
0, 166, 1660282, 1660970, 282, 970
0, 1660, 16600282, 16602001, 282, 2001
0, 1661, 16610282, 16610970, 282, 970
0, 1662, 16620282, 16620970, 282, 970
0, 1663, 16630282, 16630970, 282, 970
0, 1664, 16640282, 16640970, 282, 970
0, 1665, 16650282, 16650970, 282, 970
0, 1666, 16660282, 16662081, 282, 2081
0, 1667, 16670282, 16670970, 282, 970
0, 1668, 16680282, 16681244, 282, 1244
0, 1669, 16690282, 16690970, 282, 970
0, 167, 1670282, 1670970, 282, 970
0, 1670, 16700282, 16700970, 282, 970
0, 1671, 16710282, 16710970, 282, 970
0, 1672, 16720282, 16720970, 282, 970
0, 1673, 16730282, 16730970, 282, 970
0, 1674, 16740282, 16740970, 282, 970
0, 1675, 16750282, 16750970, 282, 970
0, 1676, 16760282, 16760970, 282, 970
0, 1677, 16770282, 16771244, 282, 1244
0, 1678, 16780282, 16780970, 282, 970
0, 1679, 16790282, 16790970, 282, 970
0, 168, 1680282, 1682081, 282, 2081
0, 1680, 16800282, 16802081, 282, 2081
0, 1681, 16810282, 16810970, 282, 970
0, 1682, 16820282, 16820970, 282, 970
0, 1683, 16830282, 16830970, 282, 970
0, 1684, 16840282, 16840970, 282, 970
0, 1685, 16850282, 16850970, 282, 970
0, 1686, 16860282, 16861244, 282, 1244
0, 1687, 16870282, 16870970, 282, 970
0, 1688, 16880282, 16880970, 282, 970
0, 1689, 16890282, 16890970, 282, 970
0, 169, 1690282, 1690970, 282, 970
0, 1690, 16900282, 16900970, 282, 970
0, 1691, 16910282, 16910970, 282, 970
0, 1692, 16920282, 16921244, 282, 1244
0, 1693, 16930282, 16930970, 282, 970
0, 1694, 16940282, 16942081, 282, 2081
0, 1695, 16950282, 16950970, 282, 970
0, 1696, 16960282, 16960970, 282, 970
0, 1697, 16970282, 16970970, 282, 970
0, 1698, 16980282, 16981244, 282, 1244
0, 1699, 16990282, 16990970, 282, 970
0, 17, 170282, 170970, 282, 970
0, 170, 1700282, 1700970, 282, 970
0, 1700, 17000282, 17000970, 282, 970
0, 1701, 17010282, 17012081, 282, 2081
0, 1702, 17020282, 17020970, 282, 970
0, 1703, 17030282, 17030970, 282, 970
0, 1704, 17040282, 17041244, 282, 1244
0, 1705, 17050282, 17050970, 282, 970
0, 1706, 17060282, 17060970, 282, 970
0, 1707, 17070282, 17070970, 282, 970
0, 1708, 17080282, 17082056, 282, 2056
0, 1709, 17090282, 17090970, 282, 970
0, 171, 1710282, 1710970, 282, 970
0, 1710, 17100282, 17101669, 282, 1669
0, 1711, 17110282, 17110970, 282, 970
0, 1712, 17120282, 17120970, 282, 970
0, 1713, 17130282, 17130970, 282, 970
0, 1714, 17140282, 17140970, 282, 970
0, 1715, 17150282, 17152072, 282, 2072
0, 1716, 17160282, 17160970, 282, 970
0, 1717, 17170282, 17170970, 282, 970
0, 1718, 17180282, 17180970, 282, 970
0, 1719, 17190282, 17191244, 282, 1244
0, 172, 1720282, 1720970, 282, 970
0, 1720, 17200282, 17202056, 282, 2056
0, 1721, 17210282, 17210970, 282, 970
0, 1722, 17220282, 17222056, 282, 2056
0, 1723, 17230282, 17230970, 282, 970
0, 1724, 17240282, 17240970, 282, 970
0, 1725, 17250282, 17250970, 282, 970
0, 1726, 17260282, 17260970, 282, 970
0, 1727, 17270282, 17270970, 282, 970
0, 1728, 17280282, 17281669, 282, 1669
0, 1729, 17290282, 17292081, 282, 2081
0, 173, 1730282, 1730970, 282, 970
0, 1730, 17300282, 17300970, 282, 970
0, 1731, 17310282, 17310970, 282, 970
0, 1732, 17320282, 17320970, 282, 970
0, 1733, 17330282, 17330970, 282, 970
0, 1734, 17340282, 17341244, 282, 1244
0, 1735, 17350282, 17350970, 282, 970
0, 1736, 17360282, 17364047, 282, 4047
0, 1737, 17370282, 17370970, 282, 970
0, 1738, 17380282, 17380970, 282, 970
0, 1739, 17390282, 17390970, 282, 970
0, 174, 1740282, 1740970, 282, 970
0, 1740, 17400282, 17401669, 282, 1669
0, 1741, 17410282, 17410970, 282, 970
0, 1742, 17420282, 17420970, 282, 970
0, 1743, 17430282, 17432081, 282, 2081
0, 1744, 17440282, 17440970, 282, 970
0, 1745, 17450282, 17450970, 282, 970
0, 1746, 17460282, 17461244, 282, 1244
0, 1747, 17470282, 17470970, 282, 970
0, 1748, 17480282, 17480970, 282, 970
0, 1749, 17490282, 17490970, 282, 970
0, 175, 1750282, 1752072, 282, 2072
0, 1750, 17500282, 17502072, 282, 2072
0, 1751, 17510282, 17510970, 282, 970
0, 1752, 17520282, 17521669, 282, 1669
0, 1753, 17530282, 17530970, 282, 970
0, 1754, 17540282, 17540970, 282, 970
0, 1755, 17550282, 17550970, 282, 970
0, 1756, 17560282, 17560970, 282, 970
0, 1757, 17570282, 17570970, 282, 970
0, 1758, 17580282, 17580970, 282, 970
0, 1759, 17590282, 17590970, 282, 970
0, 176, 1760282, 1760970, 282, 970
0, 1760, 17600282, 17602056, 282, 2056
0, 1761, 17610282, 17611526, 282, 1526
0, 1762, 17620282, 17620970, 282, 970
0, 1763, 17630282, 17630970, 282, 970
0, 1764, 17640282, 17642056, 282, 2056
0, 1765, 17650282, 17650970, 282, 970
0, 1766, 17660282, 17660970, 282, 970
0, 1767, 17670282, 17670970, 282, 970
0, 1768, 17680282, 17682056, 282, 2056
0, 1769, 17690282, 17690970, 282, 970
0, 177, 1770282, 1770970, 282, 970
0, 1770, 17700282, 17701669, 282, 1669
0, 1771, 17710282, 17712081, 282, 2081
0, 1772, 17720282, 17720970, 282, 970
0, 1773, 17730282, 17730970, 282, 970
0, 1774, 17740282, 17740970, 282, 970
0, 1775, 17750282, 17750970, 282, 970
0, 1776, 17760282, 17761244, 282, 1244
0, 1777, 17770282, 17770970, 282, 970
0, 1778, 17780282, 17782081, 282, 2081
0, 1779, 17790282, 17791244, 282, 1244
0, 178, 1780282, 1780970, 282, 970
0, 1780, 17800282, 17800970, 282, 970
0, 1781, 17810282, 17810970, 282, 970
0, 1782, 17820282, 17821244, 282, 1244
0, 1783, 17830282, 17830970, 282, 970
0, 1784, 17840282, 17840970, 282, 970
0, 1785, 17850282, 17852081, 282, 2081
0, 1786, 17860282, 17860970, 282, 970
0, 1787, 17870282, 17870970, 282, 970
0, 1788, 17880282, 17881244, 282, 1244
0, 1789, 17890282, 17890970, 282, 970
0, 179, 1790282, 1790970, 282, 970
0, 1790, 17900282, 17900970, 282, 970
0, 1791, 17910282, 17910970, 282, 970
0, 1792, 17920282, 17922081, 282, 2081
0, 1793, 17930282, 17930970, 282, 970
0, 1794, 17940282, 17941244, 282, 1244
0, 1795, 17950282, 17950970, 282, 970
0, 1796, 17960282, 17960970, 282, 970
0, 1797, 17970282, 17970970, 282, 970
0, 1798, 17980282, 17980970, 282, 970
0, 1799, 17990282, 17990970, 282, 970
0, 18, 180282, 182056, 282, 2056
0, 180, 1800282, 1801669, 282, 1669
0, 1800, 18000282, 18001669, 282, 1669
0, 1801, 18010282, 18010970, 282, 970
0, 1802, 18020282, 18020970, 282, 970
0, 1803, 18030282, 18031897, 282, 1897
0, 1804, 18040282, 18040970, 282, 970
0, 1805, 18050282, 18050970, 282, 970
0, 1806, 18060282, 18062056, 282, 2056
0, 1807, 18070282, 18070970, 282, 970
0, 1808, 18080282, 18080970, 282, 970
0, 1809, 18090282, 18090970, 282, 970
0, 181, 1810282, 1810970, 282, 970
0, 1810, 18100282, 18100970, 282, 970
0, 1811, 18110282, 18110970, 282, 970
0, 1812, 18120282, 18121244, 282, 1244
0, 1813, 18130282, 18132081, 282, 2081
0, 1814, 18140282, 18140970, 282, 970
0, 1815, 18150282, 18150970, 282, 970
0, 1816, 18160282, 18160970, 282, 970
0, 1817, 18170282, 18170970, 282, 970
0, 1818, 18180282, 18180970, 282, 970
0, 1819, 18190282, 18190970, 282, 970
0, 182, 1820282, 1822056, 282, 2056
0, 1820, 18200282, 18202081, 282, 2081
0, 1821, 18210282, 18211545, 282, 1545
0, 1822, 18220282, 18220970, 282, 970
0, 1823, 18230282, 18230970, 282, 970
0, 1824, 18240282, 18241669, 282, 1669
0, 1825, 18250282, 18250970, 282, 970
0, 1826, 18260282, 18260970, 282, 970
0, 1827, 18270282, 18271669, 282, 1669
0, 1828, 18280282, 18280970, 282, 970
0, 1829, 18290282, 18290970, 282, 970
0, 183, 1830282, 1830970, 282, 970
0, 1830, 18300282, 18301669, 282, 1669
0, 1831, 18310282, 18310970, 282, 970
0, 1832, 18320282, 18320970, 282, 970
0, 1833, 18330282, 18330970, 282, 970
0, 1834, 18340282, 18342056, 282, 2056
0, 1835, 18350282, 18350970, 282, 970
0, 1836, 18360282, 18361244, 282, 1244
0, 1837, 18370282, 18370970, 282, 970
0, 1838, 18380282, 18380970, 282, 970
0, 1839, 18390282, 18390970, 282, 970
0, 184, 1840282, 1840970, 282, 970
0, 1840, 18400282, 18400970, 282, 970
0, 1841, 18410282, 18410970, 282, 970
0, 1842, 18420282, 18420970, 282, 970
0, 1843, 18430282, 18430970, 282, 970
0, 1844, 18440282, 18440970, 282, 970
0, 1845, 18450282, 18451669, 282, 1669
0, 1846, 18460282, 18460970, 282, 970
0, 1847, 18470282, 18470970, 282, 970
0, 1848, 18480282, 18482081, 282, 2081
0, 1849, 18490282, 18490970, 282, 970
0, 185, 1850282, 1850970, 282, 970
0, 1850, 18500282, 18500970, 282, 970
0, 1851, 18510282, 18510970, 282, 970
0, 1852, 18520282, 18520970, 282, 970
0, 1853, 18530282, 18530970, 282, 970
0, 1854, 18540282, 18541244, 282, 1244
0, 1855, 18550282, 18552081, 282, 2081
0, 1856, 18560282, 18560970, 282, 970
0, 1857, 18570282, 18570970, 282, 970
0, 1858, 18580282, 18580970, 282, 970
0, 1859, 18590282, 18590970, 282, 970
0, 186, 1860282, 1861244, 282, 1244
0, 1860, 18600282, 18601244, 282, 1244
0, 1861, 18610282, 18610970, 282, 970
0, 1862, 18620282, 18622081, 282, 2081
0, 1863, 18630282, 18630970, 282, 970
0, 1864, 18640282, 18640970, 282, 970
0, 1865, 18650282, 18650970, 282, 970
0, 1866, 18660282, 18661244, 282, 1244
0, 1867, 18670282, 18670970, 282, 970
0, 1868, 18680282, 18680970, 282, 970
0, 1869, 18690282, 18691669, 282, 1669
0, 187, 1870282, 1870970, 282, 970
0, 1870, 18700282, 18700970, 282, 970
0, 1871, 18710282, 18710970, 282, 970
0, 1872, 18720282, 18721669, 282, 1669
0, 1873, 18730282, 18730970, 282, 970
0, 1874, 18740282, 18740970, 282, 970
0, 1875, 18750282, 18750970, 282, 970
0, 1876, 18760282, 18762056, 282, 2056
0, 1877, 18770282, 18770970, 282, 970
0, 1878, 18780282, 18780970, 282, 970
0, 1879, 18790282, 18790970, 282, 970
0, 188, 1880282, 1880970, 282, 970
0, 1880, 18800282, 18802072, 282, 2072
0, 1881, 18810282, 18811244, 282, 1244
0, 1882, 18820282, 18820970, 282, 970
0, 1883, 18830282, 18830970, 282, 970
0, 1884, 18840282, 18840970, 282, 970
0, 1885, 18850282, 18850970, 282, 970
0, 1886, 18860282, 18860970, 282, 970
0, 1887, 18870282, 18871244, 282, 1244
0, 1888, 18880282, 18880970, 282, 970
0, 1889, 18890282, 18890970, 282, 970
0, 189, 1890282, 1892081, 282, 2081
0, 1890, 18900282, 18902081, 282, 2081
0, 1891, 18910282, 18910970, 282, 970
0, 1892, 18920282, 18920970, 282, 970
0, 1893, 18930282, 18930970, 282, 970
0, 1894, 18940282, 18940970, 282, 970
0, 1895, 18950282, 18950970, 282, 970
0, 1896, 18960282, 18961669, 282, 1669
0, 1897, 18970282, 18972081, 282, 2081
0, 1898, 18980282, 18982056, 282, 2056
0, 1899, 18990282, 18990970, 282, 970
0, 19, 190282, 190970, 282, 970
0, 190, 1900282, 1900970, 282, 970
0, 1900, 19000282, 19000970, 282, 970
0, 1901, 19010282, 19010970, 282, 970
0, 1902, 19020282, 19020970, 282, 970
0, 1903, 19030282, 19030970, 282, 970
0, 1904, 19040282, 19044047, 282, 4047
0, 1905, 19050282, 19051244, 282, 1244
0, 1906, 19060282, 19060970, 282, 970
0, 1907, 19070282, 19070970, 282, 970
0, 1908, 19080282, 19081244, 282, 1244
0, 1909, 19090282, 19090970, 282, 970
0, 191, 1910282, 1910970, 282, 970
0, 1910, 19100282, 19100970, 282, 970
0, 1911, 19110282, 19111669, 282, 1669
0, 1912, 19120282, 19120970, 282, 970
0, 1913, 19130282, 19130970, 282, 970
0, 1914, 19140282, 19141244, 282, 1244
0, 1915, 19150282, 19150970, 282, 970
0, 1916, 19160282, 19160970, 282, 970
0, 1917, 19170282, 19170970, 282, 970
0, 1918, 19180282, 19182056, 282, 2056
0, 1919, 19190282, 19190970, 282, 970
0, 192, 1920282, 1921244, 282, 1244
0, 1920, 19200282, 19201669, 282, 1669
0, 1921, 19210282, 19210970, 282, 970
0, 1922, 19220282, 19223282, 282, 3282
0, 1923, 19230282, 19230970, 282, 970
0, 1924, 19240282, 19240970, 282, 970
0, 1925, 19250282, 19252072, 282, 2072
0, 1926, 19260282, 19260970, 282, 970
0, 1927, 19270282, 19270970, 282, 970
0, 1928, 19280282, 19280970, 282, 970
0, 1929, 19290282, 19290970, 282, 970
0, 193, 1930282, 1930970, 282, 970
0, 1930, 19300282, 19300970, 282, 970
0, 1931, 19310282, 19310970, 282, 970
0, 1932, 19320282, 19322081, 282, 2081
0, 1933, 19330282, 19330970, 282, 970
0, 1934, 19340282, 19340970, 282, 970
0, 1935, 19350282, 19350970, 282, 970
0, 1936, 19360282, 19360970, 282, 970
0, 1937, 19370282, 19370970, 282, 970
0, 1938, 19380282, 19381244, 282, 1244
0, 1939, 19390282, 19392081, 282, 2081
0, 194, 1940282, 1940970, 282, 970
0, 1940, 19400282, 19400970, 282, 970
0, 1941, 19410282, 19410970, 282, 970
0, 1942, 19420282, 19420970, 282, 970
0, 1943, 19430282, 19430970, 282, 970
0, 1944, 19440282, 19441244, 282, 1244
0, 1945, 19450282, 19450970, 282, 970
0, 1946, 19460282, 19462056, 282, 2056
0, 1947, 19470282, 19470970, 282, 970
0, 1948, 19480282, 19480970, 282, 970
0, 1949, 19490282, 19490970, 282, 970
0, 195, 1950282, 1950970, 282, 970
0, 1950, 19500282, 19501669, 282, 1669
0, 1951, 19510282, 19510970, 282, 970
0, 1952, 19520282, 19520970, 282, 970
0, 1953, 19530282, 19531669, 282, 1669
0, 1954, 19540282, 19540970, 282, 970
0, 1955, 19550282, 19550970, 282, 970
0, 1956, 19560282, 19561244, 282, 1244
0, 1957, 19570282, 19570970, 282, 970
0, 1958, 19580282, 19580970, 282, 970
0, 1959, 19590282, 19590970, 282, 970
0, 196, 1960282, 1962081, 282, 2081
0, 1960, 19600282, 19602081, 282, 2081
0, 1961, 19610282, 19610970, 282, 970
0, 1962, 19620282, 19620970, 282, 970
0, 1963, 19630282, 19630970, 282, 970
0, 1964, 19640282, 19640970, 282, 970
0, 1965, 19650282, 19651244, 282, 1244
0, 1966, 19660282, 19660970, 282, 970
0, 1967, 19670282, 19671903, 282, 1903
0, 1968, 19680282, 19681244, 282, 1244
0, 1969, 19690282, 19690970, 282, 970
0, 197, 1970282, 1971669, 282, 1669
0, 1970, 19700282, 19700970, 282, 970
0, 1971, 19710282, 19710970, 282, 970
0, 1972, 19720282, 19720970, 282, 970
0, 1973, 19730282, 19730970, 282, 970
0, 1974, 19740282, 19742081, 282, 2081
0, 1975, 19750282, 19750970, 282, 970
0, 1976, 19760282, 19760970, 282, 970
0, 1977, 19770282, 19770970, 282, 970
0, 1978, 19780282, 19780970, 282, 970
0, 1979, 19790282, 19790970, 282, 970
0, 198, 1980282, 1981244, 282, 1244
0, 1980, 19800282, 19801244, 282, 1244
0, 1981, 19810282, 19812081, 282, 2081
0, 1982, 19820282, 19822056, 282, 2056
0, 1983, 19830282, 19830970, 282, 970
0, 1984, 19840282, 19840970, 282, 970
0, 1985, 19850282, 19850970, 282, 970
0, 1986, 19860282, 19860970, 282, 970
0, 1987, 19870282, 19870970, 282, 970
0, 1988, 19880282, 19882056, 282, 2056
0, 1989, 19890282, 19890970, 282, 970
0, 199, 1990282, 1990970, 282, 970
0, 1990, 19900282, 19900970, 282, 970
0, 1991, 19910282, 19910970, 282, 970
0, 1992, 19920282, 19922056, 282, 2056
0, 1993, 19930282, 19930970, 282, 970
0, 1994, 19940282, 19940970, 282, 970
0, 1995, 19950282, 19952072, 282, 2072
0, 1996, 19960282, 19960970, 282, 970
0, 1997, 19970282, 19970970, 282, 970
0, 1998, 19980282, 19981244, 282, 1244
0, 1999, 19990282, 19990970, 282, 970
0, 2, 20282, 20970, 282, 970
0, 20, 200282, 200970, 282, 970
0, 200, 2000282, 2002056, 282, 2056
0, 2000, 20000282, 20002056, 282, 2056
0, 2001, 20010282, 20010970, 282, 970
0, 2002, 20020282, 20022056, 282, 2056
0, 2003, 20030282, 20030970, 282, 970
0, 2004, 20040282, 20040970, 282, 970
0, 2005, 20050282, 20050970, 282, 970
0, 2006, 20060282, 20060970, 282, 970
0, 2007, 20070282, 20070970, 282, 970
0, 2008, 20080282, 20080970, 282, 970
0, 2009, 20090282, 20092081, 282, 2081
0, 201, 2010282, 2010970, 282, 970
0, 2010, 20100282, 20101244, 282, 1244
0, 2011, 20110282, 20110970, 282, 970
0, 2012, 20120282, 20120970, 282, 970
0, 2013, 20130282, 20130970, 282, 970
0, 2014, 20140282, 20140970, 282, 970
0, 2015, 20150282, 20150970, 282, 970
0, 2016, 20160282, 20164047, 282, 4047
0, 2017, 20170282, 20171072, 282, 1072
0, 2018, 20180282, 20180970, 282, 970
0, 2019, 20190282, 20190970, 282, 970
0, 202, 2020282, 2020970, 282, 970
0, 2020, 20200282, 20200970, 282, 970
0, 2021, 20210282, 20210970, 282, 970
0, 2022, 20220282, 20220970, 282, 970
0, 2023, 20230282, 20232081, 282, 2081
0, 2024, 20240282, 20240970, 282, 970
0, 2025, 20250282, 20251669, 282, 1669
0, 2026, 20260282, 20260970, 282, 970
0, 2027, 20270282, 20270970, 282, 970
0, 2028, 20280282, 20280970, 282, 970
0, 2029, 20290282, 20290970, 282, 970
0, 203, 2030282, 2030970, 282, 970
0, 2030, 20300282, 20302072, 282, 2072
0, 2031, 20310282, 20310970, 282, 970
0, 2032, 20320282, 20320970, 282, 970
0, 2033, 20330282, 20332722, 282, 2722
0, 2034, 20340282, 20341669, 282, 1669
0, 2035, 20350282, 20350970, 282, 970
0, 2036, 20360282, 20360970, 282, 970
0, 2037, 20370282, 20371669, 282, 1669
0, 2038, 20380282, 20380970, 282, 970
0, 2039, 20390282, 20390970, 282, 970
0, 204, 2040282, 2041244, 282, 1244
0, 2040, 20400282, 20402056, 282, 2056
0, 2041, 20410282, 20410970, 282, 970
0, 2042, 20420282, 20420970, 282, 970
0, 2043, 20430282, 20430970, 282, 970
0, 2044, 20440282, 20442056, 282, 2056
0, 2045, 20450282, 20450970, 282, 970
0, 2046, 20460282, 20460970, 282, 970
0, 2047, 20470282, 20470970, 282, 970
0, 2048, 20480282, 20480970, 282, 970
0, 2049, 20490282, 20490970, 282, 970
0, 205, 2050282, 2050970, 282, 970
0, 2050, 20500282, 20500970, 282, 970
0, 2051, 20510282, 20512081, 282, 2081
0, 2052, 20520282, 20520970, 282, 970
0, 2053, 20530282, 20530970, 282, 970
0, 2054, 20540282, 20540970, 282, 970
0, 2055, 20550282, 20551244, 282, 1244
0, 2056, 20560282, 20560970, 282, 970
0, 2057, 20570282, 20570970, 282, 970
0, 2058, 20580282, 20582081, 282, 2081
0, 2059, 20590282, 20590970, 282, 970
0, 206, 2060282, 2060970, 282, 970
0, 2060, 20600282, 20600970, 282, 970
0, 2061, 20610282, 20610970, 282, 970
0, 2062, 20620282, 20620970, 282, 970
0, 2063, 20630282, 20630970, 282, 970
0, 2064, 20640282, 20641244, 282, 1244
0, 2065, 20650282, 20652072, 282, 2072
0, 2066, 20660282, 20660970, 282, 970
0, 2067, 20670282, 20670970, 282, 970
0, 2068, 20680282, 20680970, 282, 970
0, 2069, 20690282, 20690970, 282, 970
0, 207, 2070282, 2071244, 282, 1244
0, 2070, 20700282, 20701244, 282, 1244
0, 2071, 20710282, 20710970, 282, 970
0, 2072, 20720282, 20722081, 282, 2081
0, 2073, 20730282, 20730970, 282, 970
0, 2074, 20740282, 20740970, 282, 970
0, 2075, 20750282, 20750970, 282, 970
0, 2076, 20760282, 20761669, 282, 1669
0, 2077, 20770282, 20770970, 282, 970
0, 2078, 20780282, 20780970, 282, 970
0, 2079, 20790282, 20791669, 282, 1669
0, 208, 2080282, 2080970, 282, 970
0, 2080, 20800282, 20800970, 282, 970
0, 2081, 20810282, 20810970, 282, 970
0, 2082, 20820282, 20820970, 282, 970
0, 2083, 20830282, 20830970, 282, 970
0, 2084, 20840282, 20840970, 282, 970
0, 2085, 20850282, 20851244, 282, 1244
0, 2086, 20860282, 20862056, 282, 2056
0, 2087, 20870282, 20870970, 282, 970
0, 2088, 20880282, 20881244, 282, 1244
0, 2089, 20890282, 20890970, 282, 970
0, 209, 2090282, 2090970, 282, 970
0, 2090, 20900282, 20900970, 282, 970
0, 2091, 20910282, 20910970, 282, 970
0, 2092, 20920282, 20920970, 282, 970
0, 2093, 20930282, 20932081, 282, 2081
0, 2094, 20940282, 20941244, 282, 1244
0, 2095, 20950282, 20950970, 282, 970
0, 2096, 20960282, 20960970, 282, 970
0, 2097, 20970282, 20970970, 282, 970
0, 2098, 20980282, 20980970, 282, 970
0, 2099, 20990282, 20990970, 282, 970
0, 21, 210282, 211669, 282, 1669
0, 210, 2100282, 2102072, 282, 2072
0, 2100, 21000282, 21002081, 282, 2081
0, 2101, 21010282, 21010970, 282, 970
0, 2102, 21020282, 21020970, 282, 970
0, 2103, 21030282, 21030970, 282, 970
0, 2104, 21040282, 21040970, 282, 970
0, 2105, 21050282, 21050970, 282, 970
0, 2106, 21060282, 21060970, 282, 970
0, 2107, 21070282, 21070970, 282, 970
0, 2108, 21080282, 21080970, 282, 970
0, 2109, 21090282, 21090970, 282, 970
0, 211, 2110282, 2110970, 282, 970
0, 2110, 21100282, 21100970, 282, 970
0, 2111, 21110282, 21110970, 282, 970
0, 2112, 21120282, 21121244, 282, 1244
0, 2113, 21130282, 21130970, 282, 970
0, 2114, 21140282, 21142056, 282, 2056
0, 2115, 21150282, 21150970, 282, 970
0, 2116, 21160282, 21160970, 282, 970
0, 2117, 21170282, 21170970, 282, 970
0, 2118, 21180282, 21181669, 282, 1669
0, 2119, 21190282, 21190970, 282, 970
0, 212, 2120282, 2120970, 282, 970
0, 2120, 21200282, 21200970, 282, 970
0, 2121, 21210282, 21211669, 282, 1669
0, 2122, 21220282, 21220970, 282, 970
0, 2123, 21230282, 21230970, 282, 970
0, 2124, 21240282, 21240970, 282, 970
0, 2125, 21250282, 21250970, 282, 970
0, 2126, 21260282, 21260970, 282, 970
0, 2127, 21270282, 21270970, 282, 970
0, 2128, 21280282, 21283615, 282, 3615
0, 2129, 21290282, 21290970, 282, 970
0, 213, 2130282, 2130970, 282, 970
0, 2130, 21300282, 21301244, 282, 1244
0, 2131, 21310282, 21310970, 282, 970
0, 2132, 21320282, 21320970, 282, 970
0, 2133, 21330282, 21330970, 282, 970
0, 2134, 21340282, 21340970, 282, 970
0, 2135, 21350282, 21352081, 282, 2081
0, 2136, 21360282, 21361669, 282, 1669
0, 2137, 21370282, 21370970, 282, 970
0, 2138, 21380282, 21380970, 282, 970
0, 2139, 21390282, 21390970, 282, 970
0, 214, 2140282, 2140970, 282, 970
0, 2140, 21400282, 21400970, 282, 970
0, 2141, 21410282, 21410970, 282, 970
0, 2142, 21420282, 21422081, 282, 2081
0, 2143, 21430282, 21430970, 282, 970
0, 2144, 21440282, 21440970, 282, 970
0, 2145, 21450282, 21451244, 282, 1244
0, 2146, 21460282, 21460970, 282, 970
0, 2147, 21470282, 21470970, 282, 970
0, 2148, 21480282, 21480970, 282, 970
0, 2149, 21490282, 21490970, 282, 970
0, 215, 2150282, 2150970, 282, 970
0, 2150, 21500282, 21500970, 282, 970
0, 2151, 21510282, 21510970, 282, 970
0, 2152, 21520282, 21520970, 282, 970
0, 2153, 21530282, 21532129, 282, 2129
0, 2154, 21540282, 21541244, 282, 1244
0, 2155, 21550282, 21550970, 282, 970
0, 2156, 21560282, 21562056, 282, 2056
0, 2157, 21570282, 21570970, 282, 970
0, 2158, 21580282, 21580970, 282, 970
0, 2159, 21590282, 21590970, 282, 970
0, 216, 2160282, 2161669, 282, 1669
0, 2160, 21600282, 21602072, 282, 2072
0, 2161, 21610282, 21610970, 282, 970
0, 2162, 21620282, 21620970, 282, 970
0, 2163, 21630282, 21631669, 282, 1669
0, 2164, 21640282, 21640970, 282, 970
0, 2165, 21650282, 21650970, 282, 970
0, 2166, 21660282, 21660970, 282, 970
0, 2167, 21670282, 21670970, 282, 970
0, 2168, 21680282, 21680970, 282, 970
0, 2169, 21690282, 21691244, 282, 1244
0, 217, 2170282, 2170970, 282, 970
0, 2170, 21700282, 21702081, 282, 2081
0, 2171, 21710282, 21710970, 282, 970
0, 2172, 21720282, 21720970, 282, 970
0, 2173, 21730282, 21730970, 282, 970
0, 2174, 21740282, 21740970, 282, 970
0, 2175, 21750282, 21750970, 282, 970
0, 2176, 21760282, 21760970, 282, 970
0, 2177, 21770282, 21772081, 282, 2081
0, 2178, 21780282, 21781244, 282, 1244
0, 2179, 21790282, 21790970, 282, 970
0, 218, 2180282, 2180970, 282, 970
0, 2180, 21800282, 21800970, 282, 970
0, 2181, 21810282, 21810970, 282, 970
0, 2182, 21820282, 21820970, 282, 970
0, 2183, 21830282, 21830970, 282, 970
0, 2184, 21840282, 21842081, 282, 2081
0, 2185, 21850282, 21850970, 282, 970
0, 2186, 21860282, 21860970, 282, 970
0, 2187, 21870282, 21870970, 282, 970
0, 2188, 21880282, 21880970, 282, 970
0, 2189, 21890282, 21890970, 282, 970
0, 219, 2190282, 2190970, 282, 970
0, 2190, 21900282, 21901244, 282, 1244
0, 2191, 21910282, 21910970, 282, 970
0, 2192, 21920282, 21920970, 282, 970
0, 2193, 21930282, 21930970, 282, 970
0, 2194, 21940282, 21940970, 282, 970
0, 2195, 21950282, 21950970, 282, 970
0, 2196, 21960282, 21961244, 282, 1244
0, 2197, 21970282, 21970970, 282, 970
0, 2198, 21980282, 21982056, 282, 2056
0, 2199, 21990282, 21990970, 282, 970
0, 22, 220282, 220970, 282, 970
0, 220, 2200282, 2200970, 282, 970
0, 2200, 22000282, 22000970, 282, 970
0, 2201, 22010282, 22010970, 282, 970
0, 2202, 22020282, 22021669, 282, 1669
0, 2203, 22030282, 22030970, 282, 970
0, 2204, 22040282, 22040970, 282, 970
0, 2205, 22050282, 22052072, 282, 2072
0, 2206, 22060282, 22060970, 282, 970
0, 2207, 22070282, 22070970, 282, 970
0, 2208, 22080282, 22081244, 282, 1244
0, 2209, 22090282, 22090970, 282, 970
0, 221, 2210282, 2210970, 282, 970
0, 2210, 22100282, 22100970, 282, 970
0, 2211, 22110282, 22110970, 282, 970
0, 2212, 22120282, 22122081, 282, 2081
0, 2213, 22130282, 22130970, 282, 970
0, 2214, 22140282, 22140970, 282, 970
0, 2215, 22150282, 22150970, 282, 970
0, 2216, 22160282, 22160970, 282, 970
0, 2217, 22170282, 22170970, 282, 970
0, 2218, 22180282, 22180970, 282, 970
0, 2219, 22190282, 22192081, 282, 2081
0, 222, 2220282, 2221244, 282, 1244
0, 2220, 22200282, 22201669, 282, 1669
0, 2221, 22210282, 22210970, 282, 970
0, 2222, 22220282, 22220970, 282, 970
0, 2223, 22230282, 22230970, 282, 970
0, 2224, 22240282, 22240970, 282, 970
0, 2225, 22250282, 22250970, 282, 970
0, 2226, 22260282, 22262056, 282, 2056
0, 2227, 22270282, 22270970, 282, 970
0, 2228, 22280282, 22280970, 282, 970
0, 2229, 22290282, 22290970, 282, 970
0, 223, 2230282, 2230970, 282, 970
0, 2230, 22300282, 22302056, 282, 2056
0, 2231, 22310282, 22310970, 282, 970
0, 2232, 22320282, 22321244, 282, 1244
0, 2233, 22330282, 22330970, 282, 970
0, 2234, 22340282, 22340970, 282, 970
0, 2235, 22350282, 22350970, 282, 970
0, 2236, 22360282, 22360970, 282, 970
0, 2237, 22370282, 22372213, 282, 2213
0, 2238, 22380282, 22381244, 282, 1244
0, 2239, 22390282, 22390970, 282, 970
0, 224, 2240282, 2242980, 282, 2980
0, 2240, 22400282, 22402081, 282, 2081
0, 2241, 22410282, 22410970, 282, 970
0, 2242, 22420282, 22420970, 282, 970
0, 2243, 22430282, 22430970, 282, 970
0, 2244, 22440282, 22441669, 282, 1669
0, 2245, 22450282, 22450970, 282, 970
0, 2246, 22460282, 22460970, 282, 970
0, 2247, 22470282, 22472081, 282, 2081
0, 2248, 22480282, 22480970, 282, 970
0, 2249, 22490282, 22490970, 282, 970
0, 225, 2250282, 2250970, 282, 970
0, 2250, 22500282, 22501244, 282, 1244
0, 2251, 22510282, 22510970, 282, 970
0, 2252, 22520282, 22520970, 282, 970
0, 2253, 22530282, 22530970, 282, 970
0, 2254, 22540282, 22542081, 282, 2081
0, 2255, 22550282, 22552008, 282, 2008
0, 2256, 22560282, 22561669, 282, 1669
0, 2257, 22570282, 22570970, 282, 970
0, 2258, 22580282, 22580970, 282, 970
0, 2259, 22590282, 22590970, 282, 970
0, 226, 2260282, 2260970, 282, 970
0, 2260, 22600282, 22600970, 282, 970
0, 2261, 22610282, 22612081, 282, 2081
0, 2262, 22620282, 22621244, 282, 1244
0, 2263, 22630282, 22630970, 282, 970
0, 2264, 22640282, 22640970, 282, 970
0, 2265, 22650282, 22651244, 282, 1244
0, 2266, 22660282, 22660970, 282, 970
0, 2267, 22670282, 22670970, 282, 970
0, 2268, 22680282, 22682056, 282, 2056
0, 2269, 22690282, 22690970, 282, 970
0, 227, 2270282, 2270970, 282, 970
0, 2270, 22700282, 22700970, 282, 970
0, 2271, 22710282, 22710970, 282, 970
0, 2272, 22720282, 22722056, 282, 2056
0, 2273, 22730282, 22730970, 282, 970
0, 2274, 22740282, 22740970, 282, 970
0, 2275, 22750282, 22752072, 282, 2072
0, 2276, 22760282, 22760970, 282, 970
0, 2277, 22770282, 22770970, 282, 970
0, 2278, 22780282, 22780970, 282, 970
0, 2279, 22790282, 22793282, 282, 3282
0, 228, 2280282, 2281244, 282, 1244
0, 2280, 22800282, 22802056, 282, 2056
0, 2281, 22810282, 22810970, 282, 970
0, 2282, 22820282, 22822056, 282, 2056
0, 2283, 22830282, 22830970, 282, 970
0, 2284, 22840282, 22840970, 282, 970
0, 2285, 22850282, 22850970, 282, 970
0, 2286, 22860282, 22861244, 282, 1244
0, 2287, 22870282, 22870970, 282, 970
0, 2288, 22880282, 22880970, 282, 970
0, 2289, 22890282, 22892081, 282, 2081
0, 229, 2290282, 2290970, 282, 970
0, 2290, 22900282, 22900970, 282, 970
0, 2291, 22910282, 22910970, 282, 970
0, 2292, 22920282, 22920970, 282, 970
0, 2293, 22930282, 22930970, 282, 970
0, 2294, 22940282, 22940970, 282, 970
0, 2295, 22950282, 22951244, 282, 1244
0, 2296, 22960282, 22964047, 282, 4047
0, 2297, 22970282, 22971400, 282, 1400
0, 2298, 22980282, 22981244, 282, 1244
0, 2299, 22990282, 22990970, 282, 970
0, 23, 230282, 230970, 282, 970
0, 230, 2300282, 2300970, 282, 970
0, 2300, 23000282, 23000970, 282, 970
0, 2301, 23010282, 23010970, 282, 970
0, 2302, 23020282, 23020970, 282, 970
0, 2303, 23030282, 23030970, 282, 970
0, 2304, 23040282, 23041669, 282, 1669
0, 2305, 23050282, 23050970, 282, 970
0, 2306, 23060282, 23060970, 282, 970
0, 2307, 23070282, 23071244, 282, 1244
0, 2308, 23080282, 23080970, 282, 970
0, 2309, 23090282, 23090970, 282, 970
0, 231, 2310282, 2312081, 282, 2081
0, 2310, 23100282, 23102072, 282, 2072
0, 2311, 23110282, 23110970, 282, 970
0, 2312, 23120282, 23120970, 282, 970
0, 2313, 23130282, 23130970, 282, 970
0, 2314, 23140282, 23140970, 282, 970
0, 2315, 23150282, 23150970, 282, 970
0, 2316, 23160282, 23160970, 282, 970
0, 2317, 23170282, 23170970, 282, 970
0, 2318, 23180282, 23180970, 282, 970
0, 2319, 23190282, 23190970, 282, 970
0, 232, 2320282, 2321114, 282, 1114
0, 2320, 23200282, 23200970, 282, 970
0, 2321, 23210282, 23210970, 282, 970
0, 2322, 23220282, 23221244, 282, 1244
0, 2323, 23230282, 23230970, 282, 970
0, 2324, 23240282, 23242056, 282, 2056
0, 2325, 23250282, 23250970, 282, 970
0, 2326, 23260282, 23260970, 282, 970
0, 2327, 23270282, 23270970, 282, 970
0, 2328, 23280282, 23281669, 282, 1669
0, 2329, 23290282, 23290970, 282, 970
0, 233, 2330282, 2330970, 282, 970
0, 2330, 23300282, 23300970, 282, 970
0, 2331, 23310282, 23312081, 282, 2081
0, 2332, 23320282, 23320970, 282, 970
0, 2333, 23330282, 23330970, 282, 970
0, 2334, 23340282, 23340970, 282, 970
0, 2335, 23350282, 23350970, 282, 970
0, 2336, 23360282, 23360970, 282, 970
0, 2337, 23370282, 23370970, 282, 970
0, 2338, 23380282, 23382081, 282, 2081
0, 2339, 23390282, 23390970, 282, 970
0, 234, 2340282, 2341005, 282, 1005
0, 2340, 23400282, 23401669, 282, 1669
0, 2341, 23410282, 23410970, 282, 970
0, 2342, 23420282, 23420970, 282, 970
0, 2343, 23430282, 23430970, 282, 970
0, 2344, 23440282, 23440970, 282, 970
0, 2345, 23450282, 23452072, 282, 2072
0, 2346, 23460282, 23461244, 282, 1244
0, 2347, 23470282, 23470970, 282, 970
0, 2348, 23480282, 23480970, 282, 970
0, 2349, 23490282, 23491244, 282, 1244
0, 235, 2350282, 2350970, 282, 970
0, 2350, 23500282, 23500970, 282, 970
0, 2351, 23510282, 23510970, 282, 970
0, 2352, 23520282, 23522081, 282, 2081
0, 2353, 23530282, 23530970, 282, 970
0, 2354, 23540282, 23540970, 282, 970
0, 2355, 23550282, 23551244, 282, 1244
0, 2356, 23560282, 23560970, 282, 970
0, 2357, 23570282, 23570970, 282, 970
0, 2358, 23580282, 23580970, 282, 970
0, 2359, 23590282, 23590970, 282, 970
0, 236, 2360282, 2360970, 282, 970
0, 2360, 23600282, 23600970, 282, 970
0, 2361, 23610282, 23610970, 282, 970
0, 2362, 23620282, 23620970, 282, 970
0, 2363, 23630282, 23630970, 282, 970
0, 2364, 23640282, 23641244, 282, 1244
0, 2365, 23650282, 23650970, 282, 970
0, 2366, 23660282, 23662081, 282, 2081
0, 2367, 23670282, 23670970, 282, 970
0, 2368, 23680282, 23680970, 282, 970
0, 2369, 23690282, 23690970, 282, 970
0, 237, 2370282, 2370970, 282, 970
0, 2370, 23700282, 23701669, 282, 1669
0, 2371, 23710282, 23710970, 282, 970
0, 2372, 23720282, 23720970, 282, 970
0, 2373, 23730282, 23732081, 282, 2081
0, 2374, 23740282, 23741336, 282, 1336
0, 2375, 23750282, 23750970, 282, 970
0, 2376, 23760282, 23761244, 282, 1244
0, 2377, 23770282, 23770970, 282, 970
0, 2378, 23780282, 23780970, 282, 970
0, 2379, 23790282, 23790970, 282, 970
0, 238, 2380282, 2382081, 282, 2081
0, 2380, 23800282, 23802081, 282, 2081
0, 2381, 23810282, 23810970, 282, 970
0, 2382, 23820282, 23821244, 282, 1244
0, 2383, 23830282, 23830970, 282, 970
0, 2384, 23840282, 23840970, 282, 970
0, 2385, 23850282, 23850970, 282, 970
0, 2386, 23860282, 23860970, 282, 970
0, 2387, 23870282, 23870970, 282, 970
0, 2388, 23880282, 23880970, 282, 970
0, 2389, 23890282, 23890970, 282, 970
0, 239, 2390282, 2390970, 282, 970
0, 2390, 23900282, 23900970, 282, 970
0, 2391, 23910282, 23911244, 282, 1244
0, 2392, 23920282, 23920970, 282, 970
0, 2393, 23930282, 23930970, 282, 970
0, 2394, 23940282, 23942056, 282, 2056
0, 2395, 23950282, 23950970, 282, 970
0, 2396, 23960282, 23960970, 282, 970
0, 2397, 23970282, 23970970, 282, 970
0, 2398, 23980282, 23982056, 282, 2056
0, 2399, 23990282, 23990970, 282, 970
0, 24, 240282, 241244, 282, 1244
0, 240, 2400282, 2402056, 282, 2056
0, 2400, 24000282, 24002056, 282, 2056
0, 2401, 24010282, 24010970, 282, 970
0, 2402, 24020282, 24020970, 282, 970
0, 2403, 24030282, 24030970, 282, 970
0, 2404, 24040282, 24040970, 282, 970
0, 2405, 24050282, 24050970, 282, 970
0, 2406, 24060282, 24061244, 282, 1244
0, 2407, 24070282, 24070970, 282, 970
0, 2408, 24080282, 24084047, 282, 4047
0, 2409, 24090282, 24090970, 282, 970
0, 241, 2410282, 2410970, 282, 970
0, 2410, 24100282, 24100970, 282, 970
0, 2411, 24110282, 24110970, 282, 970
0, 2412, 24120282, 24121244, 282, 1244
0, 2413, 24130282, 24130970, 282, 970
0, 2414, 24140282, 24140970, 282, 970
0, 2415, 24150282, 24152081, 282, 2081
0, 2416, 24160282, 24162056, 282, 2056
0, 2417, 24170282, 24170970, 282, 970
0, 2418, 24180282, 24180970, 282, 970
0, 2419, 24190282, 24190970, 282, 970
0, 242, 2420282, 2420970, 282, 970
0, 2420, 24200282, 24200970, 282, 970
0, 2421, 24210282, 24210970, 282, 970
0, 2422, 24220282, 24222056, 282, 2056
0, 2423, 24230282, 24230970, 282, 970
0, 2424, 24240282, 24241669, 282, 1669
0, 2425, 24250282, 24250970, 282, 970
0, 2426, 24260282, 24260970, 282, 970
0, 2427, 24270282, 24270970, 282, 970
0, 2428, 24280282, 24280970, 282, 970
0, 2429, 24290282, 24290970, 282, 970
0, 243, 2430282, 2430970, 282, 970
0, 2430, 24300282, 24301244, 282, 1244
0, 2431, 24310282, 24310970, 282, 970
0, 2432, 24320282, 24320970, 282, 970
0, 2433, 24330282, 24332981, 282, 2981
0, 2434, 24340282, 24340970, 282, 970
0, 2435, 24350282, 24350970, 282, 970
0, 2436, 24360282, 24362056, 282, 2056
0, 2437, 24370282, 24370970, 282, 970
0, 2438, 24380282, 24380970, 282, 970
0, 2439, 24390282, 24390970, 282, 970
0, 244, 2440282, 2440970, 282, 970
0, 2440, 24400282, 24402072, 282, 2072
0, 2441, 24410282, 24410970, 282, 970
0, 2442, 24420282, 24421244, 282, 1244
0, 2443, 24430282, 24432081, 282, 2081
0, 2444, 24440282, 24440970, 282, 970
0, 2445, 24450282, 24450970, 282, 970
0, 2446, 24460282, 24460970, 282, 970
0, 2447, 24470282, 24470970, 282, 970
0, 2448, 24480282, 24481669, 282, 1669
0, 2449, 24490282, 24490970, 282, 970
0, 245, 2450282, 2452072, 282, 2072
0, 2450, 24500282, 24502081, 282, 2081
0, 2451, 24510282, 24510970, 282, 970
0, 2452, 24520282, 24520970, 282, 970
0, 2453, 24530282, 24530970, 282, 970
0, 2454, 24540282, 24541244, 282, 1244
0, 2455, 24550282, 24550970, 282, 970
0, 2456, 24560282, 24560970, 282, 970
0, 2457, 24570282, 24572081, 282, 2081
0, 2458, 24580282, 24582056, 282, 2056
0, 2459, 24590282, 24590970, 282, 970
0, 246, 2460282, 2460970, 282, 970
0, 2460, 24600282, 24601669, 282, 1669
0, 2461, 24610282, 24610970, 282, 970
0, 2462, 24620282, 24620970, 282, 970
0, 2463, 24630282, 24630970, 282, 970
0, 2464, 24640282, 24642081, 282, 2081
0, 2465, 24650282, 24650970, 282, 970
0, 2466, 24660282, 24661244, 282, 1244
0, 2467, 24670282, 24670970, 282, 970
0, 2468, 24680282, 24680970, 282, 970
0, 2469, 24690282, 24690970, 282, 970
0, 247, 2470282, 2470970, 282, 970
0, 2470, 24700282, 24700970, 282, 970
0, 2471, 24710282, 24710970, 282, 970
0, 2472, 24720282, 24721244, 282, 1244
0, 2473, 24730282, 24730970, 282, 970
0, 2474, 24740282, 24740970, 282, 970
0, 2475, 24750282, 24751669, 282, 1669
0, 2476, 24760282, 24760970, 282, 970
0, 2477, 24770282, 24770970, 282, 970
0, 2478, 24780282, 24782056, 282, 2056
0, 2479, 24790282, 24790970, 282, 970
0, 248, 2480282, 2480970, 282, 970
0, 2480, 24800282, 24800970, 282, 970
0, 2481, 24810282, 24810970, 282, 970
0, 2482, 24820282, 24820970, 282, 970
0, 2483, 24830282, 24830970, 282, 970
0, 2484, 24840282, 24841244, 282, 1244
0, 2485, 24850282, 24852081, 282, 2081
0, 2486, 24860282, 24860970, 282, 970
0, 2487, 24870282, 24870970, 282, 970
0, 2488, 24880282, 24880970, 282, 970
0, 2489, 24890282, 24890970, 282, 970
0, 249, 2490282, 2491669, 282, 1669
0, 2490, 24900282, 24901244, 282, 1244
0, 2491, 24910282, 24910970, 282, 970
0, 2492, 24920282, 24922081, 282, 2081
0, 2493, 24930282, 24931032, 282, 1032
0, 2494, 24940282, 24940970, 282, 970
0, 2495, 24950282, 24950970, 282, 970
0, 2496, 24960282, 24961669, 282, 1669
0, 2497, 24970282, 24970970, 282, 970
0, 2498, 24980282, 24980970, 282, 970
0, 2499, 24990282, 24992081, 282, 2081
0, 25, 250282, 250970, 282, 970
0, 250, 2500282, 2500970, 282, 970
0, 2500, 25000282, 25000970, 282, 970
0, 2501, 25010282, 25010970, 282, 970
0, 2502, 25020282, 25020970, 282, 970
0, 2503, 25030282, 25030970, 282, 970
0, 2504, 25040282, 25040970, 282, 970
0, 2505, 25050282, 25050970, 282, 970
0, 2506, 25060282, 25062056, 282, 2056
0, 2507, 25070282, 25070970, 282, 970
0, 2508, 25080282, 25081244, 282, 1244
0, 2509, 25090282, 25090970, 282, 970
0, 251, 2510282, 2510970, 282, 970
0, 2510, 25100282, 25102056, 282, 2056
0, 2511, 25110282, 25110970, 282, 970
0, 2512, 25120282, 25120970, 282, 970
0, 2513, 25130282, 25130970, 282, 970
0, 2514, 25140282, 25140970, 282, 970
0, 2515, 25150282, 25150970, 282, 970
0, 2516, 25160282, 25160970, 282, 970
0, 2517, 25170282, 25171244, 282, 1244
0, 2518, 25180282, 25180970, 282, 970
0, 2519, 25190282, 25190970, 282, 970
0, 252, 2520282, 2522056, 282, 2056
0, 2520, 25200282, 25202081, 282, 2081
0, 2521, 25210282, 25210970, 282, 970
0, 2522, 25220282, 25220970, 282, 970
0, 2523, 25230282, 25230970, 282, 970
0, 2524, 25240282, 25240970, 282, 970
0, 2525, 25250282, 25250970, 282, 970
0, 2526, 25260282, 25261244, 282, 1244
0, 2527, 25270282, 25272081, 282, 2081
0, 2528, 25280282, 25280970, 282, 970
0, 2529, 25290282, 25290970, 282, 970
0, 253, 2530282, 2530970, 282, 970
0, 2530, 25300282, 25300970, 282, 970
0, 2531, 25310282, 25310970, 282, 970
0, 2532, 25320282, 25320970, 282, 970
0, 2533, 25330282, 25330970, 282, 970
0, 2534, 25340282, 25342081, 282, 2081
0, 2535, 25350282, 25351669, 282, 1669
0, 2536, 25360282, 25360970, 282, 970
0, 2537, 25370282, 25370970, 282, 970
0, 2538, 25380282, 25381244, 282, 1244
0, 2539, 25390282, 25390970, 282, 970
0, 254, 2540282, 2540970, 282, 970
0, 2540, 25400282, 25400970, 282, 970
0, 2541, 25410282, 25411669, 282, 1669
0, 2542, 25420282, 25420970, 282, 970
0, 2543, 25430282, 25430970, 282, 970
0, 2544, 25440282, 25441669, 282, 1669
0, 2545, 25450282, 25450970, 282, 970
0, 2546, 25460282, 25460970, 282, 970
0, 2547, 25470282, 25470970, 282, 970
0, 2548, 25480282, 25482056, 282, 2056
0, 2549, 25490282, 25490970, 282, 970
0, 255, 2550282, 2551244, 282, 1244
0, 2550, 25500282, 25501669, 282, 1669
0, 2551, 25510282, 25510970, 282, 970
0, 2552, 25520282, 25522056, 282, 2056
0, 2553, 25530282, 25530970, 282, 970
0, 2554, 25540282, 25540970, 282, 970
0, 2555, 25550282, 25552072, 282, 2072
0, 2556, 25560282, 25560970, 282, 970
0, 2557, 25570282, 25570970, 282, 970
0, 2558, 25580282, 25580970, 282, 970
0, 2559, 25590282, 25591244, 282, 1244
0, 256, 2560282, 2562056, 282, 2056
0, 2560, 25600282, 25602056, 282, 2056
0, 2561, 25610282, 25610970, 282, 970
0, 2562, 25620282, 25622056, 282, 2056
0, 2563, 25630282, 25630970, 282, 970
0, 2564, 25640282, 25640970, 282, 970
0, 2565, 25650282, 25650970, 282, 970
0, 2566, 25660282, 25660970, 282, 970
0, 2567, 25670282, 25670970, 282, 970
0, 2568, 25680282, 25681669, 282, 1669
0, 2569, 25690282, 25692735, 282, 2735
0, 257, 2570282, 2570970, 282, 970
0, 2570, 25700282, 25701373, 282, 1373
0, 2571, 25710282, 25710970, 282, 970
0, 2572, 25720282, 25720970, 282, 970
0, 2573, 25730282, 25730970, 282, 970
0, 2574, 25740282, 25740970, 282, 970
0, 2575, 25750282, 25750970, 282, 970
0, 2576, 25760282, 25764047, 282, 4047
0, 2577, 25770282, 25771244, 282, 1244
0, 2578, 25780282, 25780970, 282, 970
0, 2579, 25790282, 25790970, 282, 970
0, 258, 2580282, 2581244, 282, 1244
0, 2580, 25800282, 25801669, 282, 1669
0, 2581, 25810282, 25810970, 282, 970
0, 2582, 25820282, 25820970, 282, 970
0, 2583, 25830282, 25831669, 282, 1669
0, 2584, 25840282, 25840970, 282, 970
0, 2585, 25850282, 25850970, 282, 970
0, 2586, 25860282, 25861244, 282, 1244
0, 2587, 25870282, 25870970, 282, 970
0, 2588, 25880282, 25880970, 282, 970
0, 2589, 25890282, 25890970, 282, 970
0, 259, 2590282, 2590970, 282, 970
0, 2590, 25900282, 25902072, 282, 2072
0, 2591, 25910282, 25910970, 282, 970
0, 2592, 25920282, 25921244, 282, 1244
0, 2593, 25930282, 25930970, 282, 970
0, 2594, 25940282, 25940970, 282, 970
0, 2595, 25950282, 25951244, 282, 1244
0, 2596, 25960282, 25960970, 282, 970
0, 2597, 25970282, 25970970, 282, 970
0, 2598, 25980282, 25980970, 282, 970
0, 2599, 25990282, 25990970, 282, 970
0, 26, 260282, 260970, 282, 970
0, 260, 2600282, 2600970, 282, 970
0, 2600, 26000282, 26000970, 282, 970
0, 2601, 26010282, 26011244, 282, 1244
0, 2602, 26020282, 26020970, 282, 970
0, 2603, 26030282, 26030970, 282, 970
0, 2604, 26040282, 26042081, 282, 2081
0, 2605, 26050282, 26050970, 282, 970
0, 2606, 26060282, 26060970, 282, 970
0, 2607, 26070282, 26070970, 282, 970
0, 2608, 26080282, 26080970, 282, 970
0, 2609, 26090282, 26090970, 282, 970
0, 261, 2610282, 2610970, 282, 970
0, 2610, 26100282, 26101669, 282, 1669
0, 2611, 26110282, 26112081, 282, 2081
0, 2612, 26120282, 26120970, 282, 970
0, 2613, 26130282, 26130970, 282, 970
0, 2614, 26140282, 26140970, 282, 970
0, 2615, 26150282, 26150970, 282, 970
0, 2616, 26160282, 26161244, 282, 1244
0, 2617, 26170282, 26170970, 282, 970
0, 2618, 26180282, 26182081, 282, 2081
0, 2619, 26190282, 26190970, 282, 970
0, 262, 2620282, 2620970, 282, 970
0, 2620, 26200282, 26200970, 282, 970
0, 2621, 26210282, 26210970, 282, 970
0, 2622, 26220282, 26221244, 282, 1244
0, 2623, 26230282, 26230970, 282, 970
0, 2624, 26240282, 26240970, 282, 970
0, 2625, 26250282, 26252072, 282, 2072
0, 2626, 26260282, 26260970, 282, 970
0, 2627, 26270282, 26270970, 282, 970
0, 2628, 26280282, 26281244, 282, 1244
0, 2629, 26290282, 26290970, 282, 970
0, 263, 2630282, 2630970, 282, 970
0, 2630, 26300282, 26300970, 282, 970
0, 2631, 26310282, 26310970, 282, 970
0, 2632, 26320282, 26322081, 282, 2081
0, 2633, 26330282, 26330970, 282, 970
0, 2634, 26340282, 26340970, 282, 970
0, 2635, 26350282, 26350970, 282, 970
0, 2636, 26360282, 26363282, 282, 3282
0, 2637, 26370282, 26370970, 282, 970
0, 2638, 26380282, 26380970, 282, 970
0, 2639, 26390282, 26390970, 282, 970
0, 264, 2640282, 2641669, 282, 1669
0, 2640, 26400282, 26401669, 282, 1669
0, 2641, 26410282, 26410970, 282, 970
0, 2642, 26420282, 26420970, 282, 970
0, 2643, 26430282, 26430970, 282, 970
0, 2644, 26440282, 26440970, 282, 970
0, 2645, 26450282, 26450970, 282, 970
0, 2646, 26460282, 26462081, 282, 2081
0, 2647, 26470282, 26470970, 282, 970
0, 2648, 26480282, 26480970, 282, 970
0, 2649, 26490282, 26490970, 282, 970
0, 265, 2650282, 2650970, 282, 970
0, 2650, 26500282, 26500970, 282, 970
0, 2651, 26510282, 26510970, 282, 970
0, 2652, 26520282, 26521244, 282, 1244
0, 2653, 26530282, 26532081, 282, 2081
0, 2654, 26540282, 26541868, 282, 1868
0, 2655, 26550282, 26551244, 282, 1244
0, 2656, 26560282, 26560970, 282, 970
0, 2657, 26570282, 26570970, 282, 970
0, 2658, 26580282, 26580970, 282, 970
0, 2659, 26590282, 26590970, 282, 970
0, 266, 2660282, 2662081, 282, 2081
0, 2660, 26600282, 26602072, 282, 2072
0, 2661, 26610282, 26610970, 282, 970
0, 2662, 26620282, 26620970, 282, 970
0, 2663, 26630282, 26630970, 282, 970
0, 2664, 26640282, 26641669, 282, 1669
0, 2665, 26650282, 26650970, 282, 970
0, 2666, 26660282, 26660970, 282, 970
0, 2667, 26670282, 26671669, 282, 1669
0, 2668, 26680282, 26680970, 282, 970
0, 2669, 26690282, 26690970, 282, 970
0, 267, 2670282, 2670970, 282, 970
0, 2670, 26700282, 26701669, 282, 1669
0, 2671, 26710282, 26710970, 282, 970
0, 2672, 26720282, 26720970, 282, 970
0, 2673, 26730282, 26730970, 282, 970
0, 2674, 26740282, 26742056, 282, 2056
0, 2675, 26750282, 26750970, 282, 970
0, 2676, 26760282, 26760970, 282, 970
0, 2677, 26770282, 26770970, 282, 970
0, 2678, 26780282, 26780970, 282, 970
0, 2679, 26790282, 26790970, 282, 970
0, 268, 2680282, 2680970, 282, 970
0, 2680, 26800282, 26802056, 282, 2056
0, 2681, 26810282, 26812081, 282, 2081
0, 2682, 26820282, 26820970, 282, 970
0, 2683, 26830282, 26830970, 282, 970
0, 2684, 26840282, 26840970, 282, 970
0, 2685, 26850282, 26851244, 282, 1244
0, 2686, 26860282, 26860970, 282, 970
0, 2687, 26870282, 26870970, 282, 970
0, 2688, 26880282, 26884047, 282, 4047
0, 2689, 26890282, 26890970, 282, 970
0, 269, 2690282, 2690970, 282, 970
0, 2690, 26900282, 26900970, 282, 970
0, 2691, 26910282, 26910970, 282, 970
0, 2692, 26920282, 26920970, 282, 970
0, 2693, 26930282, 26930970, 282, 970
0, 2694, 26940282, 26940970, 282, 970
0, 2695, 26950282, 26952081, 282, 2081
0, 2696, 26960282, 26963114, 282, 3114
0, 2697, 26970282, 26971244, 282, 1244
0, 2698, 26980282, 26980970, 282, 970
0, 2699, 26990282, 26990970, 282, 970
0, 27, 270282, 270970, 282, 970
0, 270, 2700282, 2701669, 282, 1669
0, 2700, 27000282, 27001244, 282, 1244
0, 2701, 27010282, 27010970, 282, 970
0, 2702, 27020282, 27022056, 282, 2056
0, 2703, 27030282, 27030970, 282, 970
0, 2704, 27040282, 27040970, 282, 970
0, 2705, 27050282, 27050970, 282, 970
0, 2706, 27060282, 27061669, 282, 1669
0, 2707, 27070282, 27070970, 282, 970
0, 2708, 27080282, 27080970, 282, 970
0, 2709, 27090282, 27091669, 282, 1669
0, 271, 2710282, 2710970, 282, 970
0, 2710, 27100282, 27100970, 282, 970
0, 2711, 27110282, 27110970, 282, 970
0, 2712, 27120282, 27121669, 282, 1669
0, 2713, 27130282, 27130970, 282, 970
0, 2714, 27140282, 27140970, 282, 970
0, 2715, 27150282, 27151244, 282, 1244
0, 2716, 27160282, 27162056, 282, 2056
0, 2717, 27170282, 27170970, 282, 970
0, 2718, 27180282, 27180970, 282, 970
0, 2719, 27190282, 27190970, 282, 970
0, 272, 2720282, 2720970, 282, 970
0, 2720, 27200282, 27202072, 282, 2072
0, 2721, 27210282, 27210970, 282, 970
0, 2722, 27220282, 27220970, 282, 970
0, 2723, 27230282, 27232081, 282, 2081
0, 2724, 27240282, 27240970, 282, 970
0, 2725, 27250282, 27250970, 282, 970
0, 2726, 27260282, 27260970, 282, 970
0, 2727, 27270282, 27270970, 282, 970
0, 2728, 27280282, 27280970, 282, 970
0, 2729, 27290282, 27290970, 282, 970
0, 273, 2730282, 2732081, 282, 2081
0, 2730, 27300282, 27302081, 282, 2081
0, 2731, 27310282, 27310970, 282, 970
0, 2732, 27320282, 27320970, 282, 970
0, 2733, 27330282, 27330970, 282, 970
0, 2734, 27340282, 27340970, 282, 970
0, 2735, 27350282, 27350970, 282, 970
0, 2736, 27360282, 27361244, 282, 1244
0, 2737, 27370282, 27372081, 282, 2081
0, 2738, 27380282, 27380970, 282, 970
0, 2739, 27390282, 27390970, 282, 970
0, 274, 2740282, 2740970, 282, 970
0, 2740, 27400282, 27400970, 282, 970
0, 2741, 27410282, 27410970, 282, 970
0, 2742, 27420282, 27420970, 282, 970
0, 2743, 27430282, 27430970, 282, 970
0, 2744, 27440282, 27442081, 282, 2081
0, 2745, 27450282, 27450970, 282, 970
0, 2746, 27460282, 27460970, 282, 970
0, 2747, 27470282, 27470970, 282, 970
0, 2748, 27480282, 27481669, 282, 1669
0, 2749, 27490282, 27490970, 282, 970
0, 275, 2750282, 2750970, 282, 970
0, 2750, 27500282, 27500970, 282, 970
0, 2751, 27510282, 27511669, 282, 1669
0, 2752, 27520282, 27520970, 282, 970
0, 2753, 27530282, 27530970, 282, 970
0, 2754, 27540282, 27541244, 282, 1244
0, 2755, 27550282, 27550970, 282, 970
0, 2756, 27560282, 27560970, 282, 970
0, 2757, 27570282, 27570970, 282, 970
0, 2758, 27580282, 27582056, 282, 2056
0, 2759, 27590282, 27590970, 282, 970
0, 276, 2760282, 2760970, 282, 970
0, 2760, 27600282, 27601669, 282, 1669
0, 2761, 27610282, 27610970, 282, 970
0, 2762, 27620282, 27620970, 282, 970
0, 2763, 27630282, 27630970, 282, 970
0, 2764, 27640282, 27640970, 282, 970
0, 2765, 27650282, 27652081, 282, 2081
0, 2766, 27660282, 27661244, 282, 1244
0, 2767, 27670282, 27670970, 282, 970
0, 2768, 27680282, 27680970, 282, 970
0, 2769, 27690282, 27690970, 282, 970
0, 277, 2770282, 2770970, 282, 970
0, 2770, 27700282, 27700970, 282, 970
0, 2771, 27710282, 27710970, 282, 970
0, 2772, 27720282, 27722081, 282, 2081
0, 2773, 27730282, 27731942, 282, 1942
0, 2774, 27740282, 27740970, 282, 970
0, 2775, 27750282, 27750970, 282, 970
0, 2776, 27760282, 27760970, 282, 970
0, 2777, 27770282, 27770970, 282, 970
0, 2778, 27780282, 27780970, 282, 970
0, 2779, 27790282, 27790970, 282, 970
0, 278, 2780282, 2780970, 282, 970
0, 2780, 27800282, 27800970, 282, 970
0, 2781, 27810282, 27810970, 282, 970
0, 2782, 27820282, 27820970, 282, 970
0, 2783, 27830282, 27830970, 282, 970
0, 2784, 27840282, 27841244, 282, 1244
0, 2785, 27850282, 27850970, 282, 970
0, 2786, 27860282, 27862056, 282, 2056
0, 2787, 27870282, 27870970, 282, 970
0, 2788, 27880282, 27880970, 282, 970
0, 2789, 27890282, 27890970, 282, 970
0, 279, 2790282, 2790970, 282, 970
0, 2790, 27900282, 27902056, 282, 2056
0, 2791, 27910282, 27910970, 282, 970
0, 2792, 27920282, 27920970, 282, 970
0, 2793, 27930282, 27931669, 282, 1669
0, 2794, 27940282, 27940970, 282, 970
0, 2795, 27950282, 27950970, 282, 970
0, 2796, 27960282, 27960970, 282, 970
0, 2797, 27970282, 27970970, 282, 970
0, 2798, 27980282, 27980970, 282, 970
0, 2799, 27990282, 27990970, 282, 970
0, 28, 280282, 282081, 282, 2081
0, 280, 2800282, 2802081, 282, 2081
0, 2800, 28000282, 28002081, 282, 2081
0, 2801, 28010282, 28010970, 282, 970
0, 2802, 28020282, 28020970, 282, 970
0, 2803, 28030282, 28030970, 282, 970
0, 2804, 28040282, 28040970, 282, 970
0, 2805, 28050282, 28051244, 282, 1244
0, 2806, 28060282, 28060970, 282, 970
0, 2807, 28070282, 28072081, 282, 2081
0, 2808, 28080282, 28081669, 282, 1669
0, 2809, 28090282, 28090970, 282, 970
0, 281, 2810282, 2810970, 282, 970
0, 2810, 28100282, 28100970, 282, 970
0, 2811, 28110282, 28110970, 282, 970
0, 2812, 28120282, 28120970, 282, 970
0, 2813, 28130282, 28130970, 282, 970
0, 2814, 28140282, 28142081, 282, 2081
0, 2815, 28150282, 28151476, 282, 1476
0, 2816, 28160282, 28160970, 282, 970
0, 2817, 28170282, 28170970, 282, 970
0, 2818, 28180282, 28180970, 282, 970
0, 2819, 28190282, 28190970, 282, 970
0, 282, 2820282, 2821244, 282, 1244
0, 2820, 28200282, 28201244, 282, 1244
0, 2821, 28210282, 28210970, 282, 970
0, 2822, 28220282, 28220970, 282, 970
0, 2823, 28230282, 28230970, 282, 970
0, 2824, 28240282, 28240970, 282, 970
0, 2825, 28250282, 28251274, 282, 1274
0, 2826, 28260282, 28260970, 282, 970
0, 2827, 28270282, 28270970, 282, 970
0, 2828, 28280282, 28282056, 282, 2056
0, 2829, 28290282, 28290970, 282, 970
0, 283, 2830282, 2830970, 282, 970
0, 2830, 28300282, 28300970, 282, 970
0, 2831, 28310282, 28310970, 282, 970
0, 2832, 28320282, 28322056, 282, 2056
0, 2833, 28330282, 28330970, 282, 970
0, 2834, 28340282, 28340970, 282, 970
0, 2835, 28350282, 28352072, 282, 2072
0, 2836, 28360282, 28360970, 282, 970
0, 2837, 28370282, 28370970, 282, 970
0, 2838, 28380282, 28380970, 282, 970
0, 2839, 28390282, 28390970, 282, 970
0, 284, 2840282, 2840970, 282, 970
0, 2840, 28400282, 28402056, 282, 2056
0, 2841, 28410282, 28411244, 282, 1244
0, 2842, 28420282, 28422081, 282, 2081
0, 2843, 28430282, 28430970, 282, 970
0, 2844, 28440282, 28440970, 282, 970
0, 2845, 28450282, 28450970, 282, 970
0, 2846, 28460282, 28460970, 282, 970
0, 2847, 28470282, 28470970, 282, 970
0, 2848, 28480282, 28480970, 282, 970
0, 2849, 28490282, 28492205, 282, 2205
0, 285, 2850282, 2850970, 282, 970
0, 2850, 28500282, 28501669, 282, 1669
0, 2851, 28510282, 28510970, 282, 970
0, 2852, 28520282, 28520970, 282, 970
0, 2853, 28530282, 28530970, 282, 970
0, 2854, 28540282, 28540970, 282, 970
0, 2855, 28550282, 28550970, 282, 970
0, 2856, 28560282, 28564047, 282, 4047
0, 2857, 28570282, 28570970, 282, 970
0, 2858, 28580282, 28580970, 282, 970
0, 2859, 28590282, 28590970, 282, 970
0, 286, 2860282, 2860970, 282, 970
0, 2860, 28600282, 28600970, 282, 970
0, 2861, 28610282, 28610970, 282, 970
0, 2862, 28620282, 28620970, 282, 970
0, 2863, 28630282, 28630970, 282, 970
0, 2864, 28640282, 28640970, 282, 970
0, 2865, 28650282, 28651244, 282, 1244
0, 2866, 28660282, 28660970, 282, 970
0, 2867, 28670282, 28670970, 282, 970
0, 2868, 28680282, 28680970, 282, 970
0, 2869, 28690282, 28690970, 282, 970
0, 287, 2870282, 2870970, 282, 970
0, 2870, 28700282, 28702072, 282, 2072
0, 2871, 28710282, 28710970, 282, 970
0, 2872, 28720282, 28720970, 282, 970
0, 2873, 28730282, 28730970, 282, 970
0, 2874, 28740282, 28741669, 282, 1669
0, 2875, 28750282, 28750970, 282, 970
0, 2876, 28760282, 28760970, 282, 970
0, 2877, 28770282, 28771669, 282, 1669
0, 2878, 28780282, 28780970, 282, 970
0, 2879, 28790282, 28790970, 282, 970
0, 288, 2880282, 2881244, 282, 1244
0, 2880, 28800282, 28801669, 282, 1669
0, 2881, 28810282, 28810970, 282, 970
0, 2882, 28820282, 28820970, 282, 970
0, 2883, 28830282, 28830970, 282, 970
0, 2884, 28840282, 28842081, 282, 2081
0, 2885, 28850282, 28850970, 282, 970
0, 2886, 28860282, 28860970, 282, 970
0, 2887, 28870282, 28870970, 282, 970
0, 2888, 28880282, 28880970, 282, 970
0, 2889, 28890282, 28890970, 282, 970
0, 289, 2890282, 2890970, 282, 970
0, 2890, 28900282, 28900970, 282, 970
0, 2891, 28910282, 28912081, 282, 2081
0, 2892, 28920282, 28921669, 282, 1669
0, 2893, 28930282, 28930970, 282, 970
0, 2894, 28940282, 28940970, 282, 970
0, 2895, 28950282, 28951244, 282, 1244
0, 2896, 28960282, 28960970, 282, 970
0, 2897, 28970282, 28970970, 282, 970
0, 2898, 28980282, 28982056, 282, 2056
0, 2899, 28990282, 28990970, 282, 970
0, 29, 290282, 290970, 282, 970
0, 290, 2900282, 2900970, 282, 970
0, 2900, 29000282, 29000970, 282, 970
0, 2901, 29010282, 29010970, 282, 970
0, 2902, 29020282, 29020970, 282, 970
0, 2903, 29030282, 29030970, 282, 970
0, 2904, 29040282, 29041244, 282, 1244
0, 2905, 29050282, 29052072, 282, 2072
0, 2906, 29060282, 29060970, 282, 970
0, 2907, 29070282, 29070970, 282, 970
0, 2908, 29080282, 29080970, 282, 970
0, 2909, 29090282, 29090970, 282, 970
0, 291, 2910282, 2911244, 282, 1244
0, 2910, 29100282, 29101669, 282, 1669
0, 2911, 29110282, 29110970, 282, 970
0, 2912, 29120282, 29122081, 282, 2081
0, 2913, 29130282, 29130970, 282, 970
0, 2914, 29140282, 29140970, 282, 970
0, 2915, 29150282, 29150970, 282, 970
0, 2916, 29160282, 29161669, 282, 1669
0, 2917, 29170282, 29170970, 282, 970
0, 2918, 29180282, 29180970, 282, 970
0, 2919, 29190282, 29191669, 282, 1669
0, 292, 2920282, 2920970, 282, 970
0, 2920, 29200282, 29200970, 282, 970
0, 2921, 29210282, 29210970, 282, 970
0, 2922, 29220282, 29220970, 282, 970
0, 2923, 29230282, 29230970, 282, 970
0, 2924, 29240282, 29240970, 282, 970
0, 2925, 29250282, 29251244, 282, 1244
0, 2926, 29260282, 29262081, 282, 2081
0, 2927, 29270282, 29270970, 282, 970
0, 2928, 29280282, 29281244, 282, 1244
0, 2929, 29290282, 29290970, 282, 970
0, 293, 2930282, 2930970, 282, 970
0, 2930, 29300282, 29300970, 282, 970
0, 2931, 29310282, 29310970, 282, 970
0, 2932, 29320282, 29320970, 282, 970
0, 2933, 29330282, 29332081, 282, 2081
0, 2934, 29340282, 29341244, 282, 1244
0, 2935, 29350282, 29350970, 282, 970
0, 2936, 29360282, 29360970, 282, 970
0, 2937, 29370282, 29370970, 282, 970
0, 2938, 29380282, 29380970, 282, 970
0, 2939, 29390282, 29390970, 282, 970
0, 294, 2940282, 2942056, 282, 2056
0, 2940, 29400282, 29402072, 282, 2072
0, 2941, 29410282, 29410970, 282, 970
0, 2942, 29420282, 29420970, 282, 970
0, 2943, 29430282, 29430970, 282, 970
0, 2944, 29440282, 29442056, 282, 2056
0, 2945, 29450282, 29450970, 282, 970
0, 2946, 29460282, 29460970, 282, 970
0, 2947, 29470282, 29470970, 282, 970
0, 2948, 29480282, 29480970, 282, 970
0, 2949, 29490282, 29490970, 282, 970
0, 295, 2950282, 2950970, 282, 970
0, 2950, 29500282, 29500970, 282, 970
0, 2951, 29510282, 29512057, 282, 2057
0, 2952, 29520282, 29521669, 282, 1669
0, 2953, 29530282, 29530970, 282, 970
0, 2954, 29540282, 29542056, 282, 2056
0, 2955, 29550282, 29550970, 282, 970
0, 2956, 29560282, 29560970, 282, 970
0, 2957, 29570282, 29570970, 282, 970
0, 2958, 29580282, 29581669, 282, 1669
0, 2959, 29590282, 29590970, 282, 970
0, 296, 2960282, 2960970, 282, 970
0, 2960, 29600282, 29602056, 282, 2056
0, 2961, 29610282, 29612081, 282, 2081
0, 2962, 29620282, 29620970, 282, 970
0, 2963, 29630282, 29630970, 282, 970
0, 2964, 29640282, 29640970, 282, 970
0, 2965, 29650282, 29650970, 282, 970
0, 2966, 29660282, 29660970, 282, 970
0, 2967, 29670282, 29670970, 282, 970
0, 2968, 29680282, 29684047, 282, 4047
0, 2969, 29690282, 29691400, 282, 1400
0, 297, 2970282, 2970970, 282, 970
0, 2970, 29700282, 29701669, 282, 1669
0, 2971, 29710282, 29710970, 282, 970
0, 2972, 29720282, 29720970, 282, 970
0, 2973, 29730282, 29730970, 282, 970
0, 2974, 29740282, 29740970, 282, 970
0, 2975, 29750282, 29752081, 282, 2081
0, 2976, 29760282, 29761669, 282, 1669
0, 2977, 29770282, 29770970, 282, 970
0, 2978, 29780282, 29780970, 282, 970
0, 2979, 29790282, 29790970, 282, 970
0, 298, 2980282, 2980970, 282, 970
0, 2980, 29800282, 29800970, 282, 970
0, 2981, 29810282, 29810970, 282, 970
0, 2982, 29820282, 29822056, 282, 2056
0, 2983, 29830282, 29830970, 282, 970
0, 2984, 29840282, 29840970, 282, 970
0, 2985, 29850282, 29851526, 282, 1526
0, 2986, 29860282, 29860970, 282, 970
0, 2987, 29870282, 29870970, 282, 970
0, 2988, 29880282, 29880970, 282, 970
0, 2989, 29890282, 29890970, 282, 970
0, 299, 2990282, 2990970, 282, 970
0, 2990, 29900282, 29900970, 282, 970
0, 2991, 29910282, 29910970, 282, 970
0, 2992, 29920282, 29920970, 282, 970
0, 2993, 29930282, 29934730, 282, 4730
0, 2994, 29940282, 29941244, 282, 1244
0, 2995, 29950282, 29950970, 282, 970
0, 2996, 29960282, 29962056, 282, 2056
0, 2997, 29970282, 29970970, 282, 970
0, 2998, 29980282, 29980970, 282, 970
0, 2999, 29990282, 29990970, 282, 970
0, 3, 30282, 30970, 282, 970
0, 30, 300282, 301244, 282, 1244
0, 300, 3000282, 3001669, 282, 1669
0, 3000, 30000282, 30002056, 282, 2056
0, 3001, 30010282, 30010970, 282, 970
0, 3002, 30020282, 30020970, 282, 970
0, 3003, 30030282, 30032081, 282, 2081
0, 3004, 30040282, 30040970, 282, 970
0, 3005, 30050282, 30050970, 282, 970
0, 3006, 30060282, 30060970, 282, 970
0, 3007, 30070282, 30070970, 282, 970
0, 3008, 30080282, 30080970, 282, 970
0, 3009, 30090282, 30090970, 282, 970
0, 301, 3010282, 3011301, 282, 1301
0, 3010, 30100282, 30102081, 282, 2081
0, 3011, 30110282, 30110970, 282, 970
0, 3012, 30120282, 30121244, 282, 1244
0, 3013, 30130282, 30130970, 282, 970
0, 3014, 30140282, 30140970, 282, 970
0, 3015, 30150282, 30150970, 282, 970
0, 3016, 30160282, 30160970, 282, 970
0, 3017, 30170282, 30170970, 282, 970
0, 3018, 30180282, 30181244, 282, 1244
0, 3019, 30190282, 30190970, 282, 970
0, 302, 3020282, 3020970, 282, 970
0, 3020, 30200282, 30200970, 282, 970
0, 3021, 30210282, 30210970, 282, 970
0, 3022, 30220282, 30220970, 282, 970
0, 3023, 30230282, 30230970, 282, 970
0, 3024, 30240282, 30242081, 282, 2081
0, 3025, 30250282, 30250970, 282, 970
0, 3026, 30260282, 30260970, 282, 970
0, 3027, 30270282, 30270970, 282, 970
0, 3028, 30280282, 30280970, 282, 970
0, 3029, 30290282, 30290970, 282, 970
0, 303, 3030282, 3030970, 282, 970
0, 3030, 30300282, 30301244, 282, 1244
0, 3031, 30310282, 30310970, 282, 970
0, 3032, 30320282, 30320970, 282, 970
0, 3033, 30330282, 30330970, 282, 970
0, 3034, 30340282, 30340970, 282, 970
0, 3035, 30350282, 30350970, 282, 970
0, 3036, 30360282, 30361244, 282, 1244
0, 3037, 30370282, 30370970, 282, 970
0, 3038, 30380282, 30382056, 282, 2056
0, 3039, 30390282, 30390970, 282, 970
0, 304, 3040282, 3040970, 282, 970
0, 3040, 30400282, 30400970, 282, 970
0, 3041, 30410282, 30410970, 282, 970
0, 3042, 30420282, 30421244, 282, 1244
0, 3043, 30430282, 30430970, 282, 970
0, 3044, 30440282, 30440970, 282, 970
0, 3045, 30450282, 30452081, 282, 2081
0, 3046, 30460282, 30460970, 282, 970
0, 3047, 30470282, 30470970, 282, 970
0, 3048, 30480282, 30481244, 282, 1244
0, 3049, 30490282, 30490970, 282, 970
0, 305, 3050282, 3050970, 282, 970
0, 3050, 30500282, 30500970, 282, 970
0, 3051, 30510282, 30510970, 282, 970
0, 3052, 30520282, 30522081, 282, 2081
0, 3053, 30530282, 30532353, 282, 2353
0, 3054, 30540282, 30541244, 282, 1244
0, 3055, 30550282, 30550970, 282, 970
0, 3056, 30560282, 30560970, 282, 970
0, 3057, 30570282, 30570970, 282, 970
0, 3058, 30580282, 30580970, 282, 970
0, 3059, 30590282, 30590970, 282, 970
0, 306, 3060282, 3061244, 282, 1244
0, 3060, 30600282, 30601669, 282, 1669
0, 3061, 30610282, 30610970, 282, 970
0, 3062, 30620282, 30620970, 282, 970
0, 3063, 30630282, 30631244, 282, 1244
0, 3064, 30640282, 30640970, 282, 970
0, 3065, 30650282, 30650970, 282, 970
0, 3066, 30660282, 30662056, 282, 2056
0, 3067, 30670282, 30670970, 282, 970
0, 3068, 30680282, 30680970, 282, 970
0, 3069, 30690282, 30690970, 282, 970
0, 307, 3070282, 3070970, 282, 970
0, 3070, 30700282, 30702056, 282, 2056
0, 3071, 30710282, 30710970, 282, 970
0, 3072, 30720282, 30721244, 282, 1244
0, 3073, 30730282, 30730970, 282, 970
0, 3074, 30740282, 30740970, 282, 970
0, 3075, 30750282, 30750970, 282, 970
0, 3076, 30760282, 30760970, 282, 970
0, 3077, 30770282, 30770970, 282, 970
0, 3078, 30780282, 30781244, 282, 1244
0, 3079, 30790282, 30790970, 282, 970
0, 308, 3080282, 3082081, 282, 2081
0, 3080, 30800282, 30803556, 282, 3556
0, 3081, 30810282, 30810970, 282, 970
0, 3082, 30820282, 30820970, 282, 970
0, 3083, 30830282, 30830970, 282, 970
0, 3084, 30840282, 30841244, 282, 1244
0, 3085, 30850282, 30850970, 282, 970
0, 3086, 30860282, 30860970, 282, 970
0, 3087, 30870282, 30872081, 282, 2081
0, 3088, 30880282, 30882001, 282, 2001
0, 3089, 30890282, 30890970, 282, 970
0, 309, 3090282, 3090970, 282, 970
0, 3090, 30900282, 30901669, 282, 1669
0, 3091, 30910282, 30910970, 282, 970
0, 3092, 30920282, 30920970, 282, 970
0, 3093, 30930282, 30930970, 282, 970
0, 3094, 30940282, 30942081, 282, 2081
0, 3095, 30950282, 30950970, 282, 970
0, 3096, 30960282, 30961669, 282, 1669
0, 3097, 30970282, 30970970, 282, 970
0, 3098, 30980282, 30980970, 282, 970
0, 3099, 30990282, 30990970, 282, 970
0, 31, 310282, 310970, 282, 970
0, 310, 3100282, 3100970, 282, 970
0, 3100, 31000282, 31000970, 282, 970
0, 3101, 31010282, 31010970, 282, 970
0, 3102, 31020282, 31020970, 282, 970
0, 3103, 31030282, 31030970, 282, 970
0, 3104, 31040282, 31040970, 282, 970
0, 3105, 31050282, 31051669, 282, 1669
0, 3106, 31060282, 31060970, 282, 970
0, 3107, 31070282, 31070970, 282, 970
0, 3108, 31080282, 31082056, 282, 2056
0, 3109, 31090282, 31090970, 282, 970
0, 311, 3110282, 3110970, 282, 970
0, 3110, 31100282, 31100970, 282, 970
0, 3111, 31110282, 31110970, 282, 970
0, 3112, 31120282, 31122056, 282, 2056
0, 3113, 31130282, 31131257, 282, 1257
0, 3114, 31140282, 31141244, 282, 1244
0, 3115, 31150282, 31152072, 282, 2072
0, 3116, 31160282, 31160970, 282, 970
0, 3117, 31170282, 31170970, 282, 970
0, 3118, 31180282, 31180970, 282, 970
0, 3119, 31190282, 31190970, 282, 970
0, 312, 3120282, 3121669, 282, 1669
0, 3120, 31200282, 31202056, 282, 2056
0, 3121, 31210282, 31210970, 282, 970
0, 3122, 31220282, 31222081, 282, 2081
0, 3123, 31230282, 31230970, 282, 970
0, 3124, 31240282, 31240970, 282, 970
0, 3125, 31250282, 31250970, 282, 970
0, 3126, 31260282, 31261244, 282, 1244
0, 3127, 31270282, 31270970, 282, 970
0, 3128, 31280282, 31280970, 282, 970
0, 3129, 31290282, 31292081, 282, 2081
0, 313, 3130282, 3130970, 282, 970
0, 3130, 31300282, 31302056, 282, 2056
0, 3131, 31310282, 31310970, 282, 970
0, 3132, 31320282, 31320970, 282, 970
0, 3133, 31330282, 31330970, 282, 970
0, 3134, 31340282, 31340970, 282, 970
0, 3135, 31350282, 31350970, 282, 970
0, 3136, 31360282, 31362081, 282, 2081
0, 3137, 31370282, 31370970, 282, 970
0, 3138, 31380282, 31381244, 282, 1244
0, 3139, 31390282, 31390970, 282, 970
0, 314, 3140282, 3140970, 282, 970
0, 3140, 31400282, 31400970, 282, 970
0, 3141, 31410282, 31410970, 282, 970
0, 3142, 31420282, 31420970, 282, 970
0, 3143, 31430282, 31430970, 282, 970
0, 3144, 31440282, 31441244, 282, 1244
0, 3145, 31450282, 31450970, 282, 970
0, 3146, 31460282, 31460970, 282, 970
0, 3147, 31470282, 31471244, 282, 1244
0, 3148, 31480282, 31480970, 282, 970
0, 3149, 31490282, 31490970, 282, 970
0, 315, 3150282, 3152081, 282, 2081
0, 3150, 31500282, 31502072, 282, 2072
0, 3151, 31510282, 31510970, 282, 970
0, 3152, 31520282, 31520970, 282, 970
0, 3153, 31530282, 31530970, 282, 970
0, 3154, 31540282, 31540970, 282, 970
0, 3155, 31550282, 31550970, 282, 970
0, 3156, 31560282, 31561244, 282, 1244
0, 3157, 31570282, 31572081, 282, 2081
0, 3158, 31580282, 31580970, 282, 970
0, 3159, 31590282, 31590970, 282, 970
0, 316, 3160282, 3161481, 282, 1481
0, 3160, 31600282, 31600970, 282, 970
0, 3161, 31610282, 31610970, 282, 970
0, 3162, 31620282, 31621244, 282, 1244
0, 3163, 31630282, 31630970, 282, 970
0, 3164, 31640282, 31642081, 282, 2081
0, 3165, 31650282, 31651244, 282, 1244
0, 3166, 31660282, 31660970, 282, 970
0, 3167, 31670282, 31670970, 282, 970
0, 3168, 31680282, 31681669, 282, 1669
0, 3169, 31690282, 31690970, 282, 970
0, 317, 3170282, 3170970, 282, 970
0, 3170, 31700282, 31700970, 282, 970
0, 3171, 31710282, 31712081, 282, 2081
0, 3172, 31720282, 31721071, 282, 1071
0, 3173, 31730282, 31730970, 282, 970
0, 3174, 31740282, 31741244, 282, 1244
0, 3175, 31750282, 31750970, 282, 970
0, 3176, 31760282, 31760970, 282, 970
0, 3177, 31770282, 31770970, 282, 970
0, 3178, 31780282, 31782056, 282, 2056
0, 3179, 31790282, 31790970, 282, 970
0, 318, 3180282, 3181244, 282, 1244
0, 3180, 31800282, 31801669, 282, 1669
0, 3181, 31810282, 31810970, 282, 970
0, 3182, 31820282, 31820970, 282, 970
0, 3183, 31830282, 31830970, 282, 970
0, 3184, 31840282, 31840970, 282, 970
0, 3185, 31850282, 31852072, 282, 2072
0, 3186, 31860282, 31860970, 282, 970
0, 3187, 31870282, 31870970, 282, 970
0, 3188, 31880282, 31880970, 282, 970
0, 3189, 31890282, 31891244, 282, 1244
0, 319, 3190282, 3190970, 282, 970
0, 3190, 31900282, 31900970, 282, 970
0, 3191, 31910282, 31910970, 282, 970
0, 3192, 31920282, 31922081, 282, 2081
0, 3193, 31930282, 31930970, 282, 970
0, 3194, 31940282, 31940970, 282, 970
0, 3195, 31950282, 31950970, 282, 970
0, 3196, 31960282, 31960970, 282, 970
0, 3197, 31970282, 31970970, 282, 970
0, 3198, 31980282, 31981244, 282, 1244
0, 3199, 31990282, 31992081, 282, 2081
0, 32, 320282, 320970, 282, 970
0, 320, 3200282, 3200970, 282, 970
0, 3200, 32000282, 32000970, 282, 970
0, 3201, 32010282, 32010970, 282, 970
0, 3202, 32020282, 32020970, 282, 970
0, 3203, 32030282, 32030970, 282, 970
0, 3204, 32040282, 32040970, 282, 970
0, 3205, 32050282, 32050970, 282, 970
0, 3206, 32060282, 32062081, 282, 2081
0, 3207, 32070282, 32071255, 282, 1255
0, 3208, 32080282, 32080970, 282, 970
0, 3209, 32090282, 32090970, 282, 970
0, 321, 3210282, 3210970, 282, 970
0, 3210, 32100282, 32101669, 282, 1669
0, 3211, 32110282, 32110970, 282, 970
0, 3212, 32120282, 32120970, 282, 970
0, 3213, 32130282, 32132081, 282, 2081
0, 3214, 32140282, 32140970, 282, 970
0, 3215, 32150282, 32150970, 282, 970
0, 3216, 32160282, 32161369, 282, 1369
0, 3217, 32170282, 32170970, 282, 970
0, 3218, 32180282, 32180970, 282, 970
0, 3219, 32190282, 32190970, 282, 970
0, 322, 3220282, 3222056, 282, 2056
0, 3220, 32200282, 32202072, 282, 2072
0, 3221, 32210282, 32210970, 282, 970
0, 3222, 32220282, 32221244, 282, 1244
0, 3223, 32230282, 32230970, 282, 970
0, 3224, 32240282, 32242056, 282, 2056
0, 3225, 32250282, 32250970, 282, 970
0, 3226, 32260282, 32260970, 282, 970
0, 3227, 32270282, 32270970, 282, 970
0, 3228, 32280282, 32280970, 282, 970
0, 3229, 32290282, 32290970, 282, 970
0, 323, 3230282, 3230970, 282, 970
0, 3230, 32300282, 32300970, 282, 970
0, 3231, 32310282, 32311244, 282, 1244
0, 3232, 32320282, 32320970, 282, 970
0, 3233, 32330282, 32330970, 282, 970
0, 3234, 32340282, 32342056, 282, 2056
0, 3235, 32350282, 32350970, 282, 970
0, 3236, 32360282, 32360970, 282, 970
0, 3237, 32370282, 32370970, 282, 970
0, 3238, 32380282, 32380970, 282, 970
0, 3239, 32390282, 32390970, 282, 970
0, 324, 3240282, 3241244, 282, 1244
0, 3240, 32400282, 32402056, 282, 2056
0, 3241, 32410282, 32412081, 282, 2081
0, 3242, 32420282, 32420970, 282, 970
0, 3243, 32430282, 32430970, 282, 970
0, 3244, 32440282, 32440970, 282, 970
0, 3245, 32450282, 32450970, 282, 970
0, 3246, 32460282, 32460970, 282, 970
0, 3247, 32470282, 32470970, 282, 970
0, 3248, 32480282, 32484047, 282, 4047
0, 3249, 32490282, 32491669, 282, 1669
0, 325, 3250282, 3250970, 282, 970
0, 3250, 32500282, 32500970, 282, 970
0, 3251, 32510282, 32510970, 282, 970
0, 3252, 32520282, 32521244, 282, 1244
0, 3253, 32530282, 32530970, 282, 970
0, 3254, 32540282, 32540970, 282, 970
0, 3255, 32550282, 32552072, 282, 2072
0, 3256, 32560282, 32560970, 282, 970
0, 3257, 32570282, 32571912, 282, 1912
0, 3258, 32580282, 32581244, 282, 1244
0, 3259, 32590282, 32590970, 282, 970
0, 326, 3260282, 3260970, 282, 970
0, 3260, 32600282, 32600970, 282, 970
0, 3261, 32610282, 32610970, 282, 970
0, 3262, 32620282, 32622056, 282, 2056
0, 3263, 32630282, 32630970, 282, 970
0, 3264, 32640282, 32641669, 282, 1669
0, 3265, 32650282, 32650970, 282, 970
0, 3266, 32660282, 32660970, 282, 970
0, 3267, 32670282, 32670970, 282, 970
0, 3268, 32680282, 32680970, 282, 970
0, 3269, 32690282, 32690970, 282, 970
0, 327, 3270282, 3270970, 282, 970
0, 3270, 32700282, 32701244, 282, 1244
0, 3271, 32710282, 32710970, 282, 970
0, 3272, 32720282, 32720970, 282, 970
0, 3273, 32730282, 32731244, 282, 1244
0, 3274, 32740282, 32740970, 282, 970
0, 3275, 32750282, 32750970, 282, 970
0, 3276, 32760282, 32762056, 282, 2056
0, 3277, 32770282, 32770970, 282, 970
0, 3278, 32780282, 32780970, 282, 970
0, 3279, 32790282, 32790970, 282, 970
0, 328, 3280282, 3280970, 282, 970
0, 3280, 32800282, 32802056, 282, 2056
0, 3281, 32810282, 32810970, 282, 970
0, 3282, 32820282, 32821244, 282, 1244
0, 3283, 32830282, 32832081, 282, 2081
0, 3284, 32840282, 32840970, 282, 970
0, 3285, 32850282, 32850970, 282, 970
0, 3286, 32860282, 32860970, 282, 970
0, 3287, 32870282, 32870970, 282, 970
0, 3288, 32880282, 32881244, 282, 1244
0, 3289, 32890282, 32890970, 282, 970
0, 329, 3290282, 3290970, 282, 970
0, 3290, 32900282, 32902081, 282, 2081
0, 3291, 32910282, 32910970, 282, 970
0, 3292, 32920282, 32920970, 282, 970
0, 3293, 32930282, 32930970, 282, 970
0, 3294, 32940282, 32941244, 282, 1244
0, 3295, 32950282, 32950970, 282, 970
0, 3296, 32960282, 32960970, 282, 970
0, 3297, 32970282, 32971669, 282, 1669
0, 3298, 32980282, 32980970, 282, 970
0, 3299, 32990282, 32990970, 282, 970
0, 33, 330282, 330970, 282, 970
0, 330, 3300282, 3301244, 282, 1244
0, 3300, 33000282, 33001669, 282, 1669
0, 3301, 33010282, 33010970, 282, 970
0, 3302, 33020282, 33020970, 282, 970
0, 3303, 33030282, 33030970, 282, 970
0, 3304, 33040282, 33042081, 282, 2081
0, 3305, 33050282, 33050970, 282, 970
0, 3306, 33060282, 33060970, 282, 970
0, 3307, 33070282, 33070970, 282, 970
0, 3308, 33080282, 33082056, 282, 2056
0, 3309, 33090282, 33090970, 282, 970
0, 331, 3310282, 3310970, 282, 970
0, 3310, 33100282, 33100970, 282, 970
0, 3311, 33110282, 33110970, 282, 970
0, 3312, 33120282, 33121244, 282, 1244
0, 3313, 33130282, 33130970, 282, 970
0, 3314, 33140282, 33140970, 282, 970
0, 3315, 33150282, 33151669, 282, 1669
0, 3316, 33160282, 33160970, 282, 970
0, 3317, 33170282, 33170970, 282, 970
0, 3318, 33180282, 33182081, 282, 2081
0, 3319, 33190282, 33190970, 282, 970
0, 332, 3320282, 3320970, 282, 970
0, 3320, 33200282, 33200970, 282, 970
0, 3321, 33210282, 33210970, 282, 970
0, 3322, 33220282, 33220970, 282, 970
0, 3323, 33230282, 33230970, 282, 970
0, 3324, 33240282, 33241244, 282, 1244
0, 3325, 33250282, 33252081, 282, 2081
0, 3326, 33260282, 33260970, 282, 970
0, 3327, 33270282, 33270970, 282, 970
0, 3328, 33280282, 33280970, 282, 970
0, 3329, 33290282, 33290970, 282, 970
0, 333, 3330282, 3331669, 282, 1669
0, 3330, 33300282, 33301244, 282, 1244
0, 3331, 33310282, 33310970, 282, 970
0, 3332, 33320282, 33322081, 282, 2081
0, 3333, 33330282, 33330970, 282, 970
0, 3334, 33340282, 33340970, 282, 970
0, 3335, 33350282, 33350970, 282, 970
0, 3336, 33360282, 33361669, 282, 1669
0, 3337, 33370282, 33370970, 282, 970
0, 3338, 33380282, 33380970, 282, 970
0, 3339, 33390282, 33391669, 282, 1669
0, 334, 3340282, 3340970, 282, 970
0, 3340, 33400282, 33400970, 282, 970
0, 3341, 33410282, 33410970, 282, 970
0, 3342, 33420282, 33421244, 282, 1244
0, 3343, 33430282, 33430970, 282, 970
0, 3344, 33440282, 33440970, 282, 970
0, 3345, 33450282, 33450970, 282, 970
0, 3346, 33460282, 33462056, 282, 2056
0, 3347, 33470282, 33470970, 282, 970
0, 3348, 33480282, 33480970, 282, 970
0, 3349, 33490282, 33490970, 282, 970
0, 335, 3350282, 3350970, 282, 970
0, 3350, 33500282, 33503282, 282, 3282
0, 3351, 33510282, 33510970, 282, 970
0, 3352, 33520282, 33520970, 282, 970
0, 3353, 33530282, 33530970, 282, 970
0, 3354, 33540282, 33540970, 282, 970
0, 3355, 33550282, 33550970, 282, 970
0, 3356, 33560282, 33560970, 282, 970
0, 3357, 33570282, 33570970, 282, 970
0, 3358, 33580282, 33580970, 282, 970
0, 3359, 33590282, 33590970, 282, 970
0, 336, 3360282, 3362081, 282, 2081
0, 3360, 33600282, 33604047, 282, 4047
0, 3361, 33610282, 33610970, 282, 970
0, 3362, 33620282, 33620970, 282, 970
0, 3363, 33630282, 33630970, 282, 970
0, 3364, 33640282, 33640970, 282, 970
0, 3365, 33650282, 33650970, 282, 970
0, 3366, 33660282, 33661244, 282, 1244
0, 3367, 33670282, 33672081, 282, 2081
0, 3368, 33680282, 33680970, 282, 970
0, 3369, 33690282, 33691244, 282, 1244
0, 337, 3370282, 3370970, 282, 970
0, 3370, 33700282, 33700970, 282, 970
0, 3371, 33710282, 33710970, 282, 970
0, 3372, 33720282, 33720970, 282, 970
0, 3373, 33730282, 33730970, 282, 970
0, 3374, 33740282, 33742056, 282, 2056
0, 3375, 33750282, 33751244, 282, 1244
0, 3376, 33760282, 33760970, 282, 970
0, 3377, 33770282, 33770970, 282, 970
0, 3378, 33780282, 33781244, 282, 1244
0, 3379, 33790282, 33790970, 282, 970
0, 338, 3380282, 3380970, 282, 970
0, 3380, 33800282, 33800970, 282, 970
0, 3381, 33810282, 33811669, 282, 1669
0, 3382, 33820282, 33820970, 282, 970
0, 3383, 33830282, 33830970, 282, 970
0, 3384, 33840282, 33841669, 282, 1669
0, 3385, 33850282, 33852072, 282, 2072
0, 3386, 33860282, 33860970, 282, 970
0, 3387, 33870282, 33870970, 282, 970
0, 3388, 33880282, 33882056, 282, 2056
0, 3389, 33890282, 33890970, 282, 970
0, 339, 3390282, 3390970, 282, 970
0, 3390, 33900282, 33901244, 282, 1244
0, 3391, 33910282, 33910970, 282, 970
0, 3392, 33920282, 33922056, 282, 2056
0, 3393, 33930282, 33931669, 282, 1669
0, 3394, 33940282, 33940970, 282, 970
0, 3395, 33950282, 33952081, 282, 2081
0, 3396, 33960282, 33960970, 282, 970
0, 3397, 33970282, 33970970, 282, 970
0, 3398, 33980282, 33980970, 282, 970
0, 3399, 33990282, 33990970, 282, 970
0, 34, 340282, 340970, 282, 970
0, 340, 3400282, 3402056, 282, 2056
0, 3400, 34000282, 34002056, 282, 2056
0, 3401, 34010282, 34010970, 282, 970
0, 3402, 34020282, 34022081, 282, 2081
0, 3403, 34030282, 34030970, 282, 970
0, 3404, 34040282, 34040970, 282, 970
0, 3405, 34050282, 34050970, 282, 970
0, 3406, 34060282, 34060970, 282, 970
0, 3407, 34070282, 34070970, 282, 970
0, 3408, 34080282, 34081244, 282, 1244
0, 3409, 34090282, 34092081, 282, 2081
0, 341, 3410282, 3410970, 282, 970
0, 3410, 34100282, 34100970, 282, 970
0, 3411, 34110282, 34110970, 282, 970
0, 3412, 34120282, 34120970, 282, 970
0, 3413, 34130282, 34130970, 282, 970
0, 3414, 34140282, 34140970, 282, 970
0, 3415, 34150282, 34150970, 282, 970
0, 3416, 34160282, 34162081, 282, 2081
0, 3417, 34170282, 34170970, 282, 970
0, 3418, 34180282, 34180970, 282, 970
0, 3419, 34190282, 34190970, 282, 970
0, 342, 3420282, 3421244, 282, 1244
0, 3420, 34200282, 34202056, 282, 2056
0, 3421, 34210282, 34210970, 282, 970
0, 3422, 34220282, 34220970, 282, 970
0, 3423, 34230282, 34231669, 282, 1669
0, 3424, 34240282, 34240970, 282, 970
0, 3425, 34250282, 34250970, 282, 970
0, 3426, 34260282, 34261244, 282, 1244
0, 3427, 34270282, 34270970, 282, 970
0, 3428, 34280282, 34280970, 282, 970
0, 3429, 34290282, 34290970, 282, 970
0, 343, 3430282, 3432081, 282, 2081
0, 3430, 34300282, 34302072, 282, 2072
0, 3431, 34310282, 34310970, 282, 970
0, 3432, 34320282, 34321244, 282, 1244
0, 3433, 34330282, 34330970, 282, 970
0, 3434, 34340282, 34340970, 282, 970
0, 3435, 34350282, 34351244, 282, 1244
0, 3436, 34360282, 34360970, 282, 970
0, 3437, 34370282, 34372081, 282, 2081
0, 3438, 34380282, 34380970, 282, 970
0, 3439, 34390282, 34390970, 282, 970
0, 344, 3440282, 3440970, 282, 970
0, 3440, 34400282, 34400970, 282, 970
0, 3441, 34410282, 34410970, 282, 970
0, 3442, 34420282, 34420970, 282, 970
0, 3443, 34430282, 34430970, 282, 970
0, 3444, 34440282, 34442081, 282, 2081
0, 3445, 34450282, 34450970, 282, 970
0, 3446, 34460282, 34460970, 282, 970
0, 3447, 34470282, 34470970, 282, 970
0, 3448, 34480282, 34480970, 282, 970
0, 3449, 34490282, 34490970, 282, 970
0, 345, 3450282, 3450970, 282, 970
0, 3450, 34500282, 34501244, 282, 1244
0, 3451, 34510282, 34512081, 282, 2081
0, 3452, 34520282, 34520970, 282, 970
0, 3453, 34530282, 34530970, 282, 970
0, 3454, 34540282, 34540970, 282, 970
0, 3455, 34550282, 34550970, 282, 970
0, 3456, 34560282, 34561244, 282, 1244
0, 3457, 34570282, 34570970, 282, 970
0, 3458, 34580282, 34582056, 282, 2056
0, 3459, 34590282, 34590970, 282, 970
0, 346, 3460282, 3460970, 282, 970
0, 3460, 34600282, 34600970, 282, 970
0, 3461, 34610282, 34610970, 282, 970
0, 3462, 34620282, 34621669, 282, 1669
0, 3463, 34630282, 34630970, 282, 970
0, 3464, 34640282, 34640970, 282, 970
0, 3465, 34650282, 34652072, 282, 2072
0, 3466, 34660282, 34660970, 282, 970
0, 3467, 34670282, 34670970, 282, 970
0, 3468, 34680282, 34681244, 282, 1244
0, 3469, 34690282, 34690970, 282, 970
0, 347, 3470282, 3470970, 282, 970
0, 3470, 34700282, 34700970, 282, 970
0, 3471, 34710282, 34710970, 282, 970
0, 3472, 34720282, 34722081, 282, 2081
0, 3473, 34730282, 34730970, 282, 970
0, 3474, 34740282, 34740970, 282, 970
0, 3475, 34750282, 34750970, 282, 970
0, 3476, 34760282, 34760970, 282, 970
0, 3477, 34770282, 34770970, 282, 970
0, 3478, 34780282, 34780970, 282, 970
0, 3479, 34790282, 34792081, 282, 2081
0, 348, 3480282, 3480970, 282, 970
0, 3480, 34800282, 34801669, 282, 1669
0, 3481, 34810282, 34810970, 282, 970
0, 3482, 34820282, 34820970, 282, 970
0, 3483, 34830282, 34830970, 282, 970
0, 3484, 34840282, 34840970, 282, 970
0, 3485, 34850282, 34850970, 282, 970
0, 3486, 34860282, 34862081, 282, 2081
0, 3487, 34870282, 34870970, 282, 970
0, 3488, 34880282, 34880970, 282, 970
0, 3489, 34890282, 34890970, 282, 970
0, 349, 3490282, 3490970, 282, 970
0, 3490, 34900282, 34900970, 282, 970
0, 3491, 34910282, 34910970, 282, 970
0, 3492, 34920282, 34920970, 282, 970
0, 3493, 34930282, 34930970, 282, 970
0, 3494, 34940282, 34940970, 282, 970
0, 3495, 34950282, 34951244, 282, 1244
0, 3496, 34960282, 34960970, 282, 970
0, 3497, 34970282, 34970970, 282, 970
0, 3498, 34980282, 34980970, 282, 970
0, 3499, 34990282, 34990970, 282, 970
0, 35, 350282, 352081, 282, 2081
0, 350, 3500282, 3502081, 282, 2081
0, 3500, 35000282, 35002072, 282, 2072
0, 3501, 35010282, 35010970, 282, 970
0, 3502, 35020282, 35020970, 282, 970
0, 3503, 35030282, 35030970, 282, 970
0, 3504, 35040282, 35042056, 282, 2056
0, 3505, 35050282, 35050970, 282, 970
0, 3506, 35060282, 35060970, 282, 970
0, 3507, 35070282, 35071669, 282, 1669
0, 3508, 35080282, 35080970, 282, 970
0, 3509, 35090282, 35090970, 282, 970
0, 351, 3510282, 3511032, 282, 1032
0, 3510, 35100282, 35101244, 282, 1244
0, 3511, 35110282, 35110970, 282, 970
0, 3512, 35120282, 35120970, 282, 970
0, 3513, 35130282, 35130970, 282, 970
0, 3514, 35140282, 35142056, 282, 2056
0, 3515, 35150282, 35150970, 282, 970
0, 3516, 35160282, 35160970, 282, 970
0, 3517, 35170282, 35170970, 282, 970
0, 3518, 35180282, 35180970, 282, 970
0, 3519, 35190282, 35190970, 282, 970
0, 352, 3520282, 3520970, 282, 970
0, 3520, 35200282, 35202056, 282, 2056
0, 3521, 35210282, 35214047, 282, 4047
0, 3522, 35220282, 35221244, 282, 1244
0, 3523, 35230282, 35230970, 282, 970
0, 3524, 35240282, 35240970, 282, 970
0, 3525, 35250282, 35251244, 282, 1244
0, 3526, 35260282, 35260970, 282, 970
0, 3527, 35270282, 35270970, 282, 970
0, 3528, 35280282, 35284047, 282, 4047
0, 3529, 35290282, 35290970, 282, 970
0, 353, 3530282, 3530970, 282, 970
0, 3530, 35300282, 35300970, 282, 970
0, 3531, 35310282, 35310970, 282, 970
0, 3532, 35320282, 35320970, 282, 970
0, 3533, 35330282, 35330970, 282, 970
0, 3534, 35340282, 35340970, 282, 970
0, 3535, 35350282, 35352072, 282, 2072
0, 3536, 35360282, 35360970, 282, 970
0, 3537, 35370282, 35370970, 282, 970
0, 3538, 35380282, 35380970, 282, 970
0, 3539, 35390282, 35390970, 282, 970
0, 354, 3540282, 3541244, 282, 1244
0, 3540, 35400282, 35401244, 282, 1244
0, 3541, 35410282, 35410970, 282, 970
0, 3542, 35420282, 35422056, 282, 2056
0, 3543, 35430282, 35430970, 282, 970
0, 3544, 35440282, 35440970, 282, 970
0, 3545, 35450282, 35450970, 282, 970
0, 3546, 35460282, 35461669, 282, 1669
0, 3547, 35470282, 35470970, 282, 970
0, 3548, 35480282, 35480970, 282, 970
0, 3549, 35490282, 35491669, 282, 1669
0, 355, 3550282, 3550970, 282, 970
0, 3550, 35500282, 35500970, 282, 970
0, 3551, 35510282, 35510970, 282, 970
0, 3552, 35520282, 35521244, 282, 1244
0, 3553, 35530282, 35530970, 282, 970
0, 3554, 35540282, 35540970, 282, 970
0, 3555, 35550282, 35551244, 282, 1244
0, 3556, 35560282, 35562081, 282, 2081
0, 3557, 35570282, 35570970, 282, 970
0, 3558, 35580282, 35580970, 282, 970
0, 3559, 35590282, 35590970, 282, 970
0, 356, 3560282, 3560970, 282, 970
0, 3560, 35600282, 35602056, 282, 2056
0, 3561, 35610282, 35610970, 282, 970
0, 3562, 35620282, 35620970, 282, 970
0, 3563, 35630282, 35632081, 282, 2081
0, 3564, 35640282, 35641244, 282, 1244
0, 3565, 35650282, 35650970, 282, 970
0, 3566, 35660282, 35660970, 282, 970
0, 3567, 35670282, 35670970, 282, 970
0, 3568, 35680282, 35680970, 282, 970
0, 3569, 35690282, 35690970, 282, 970
0, 357, 3570282, 3572081, 282, 2081
0, 3570, 35700282, 35702081, 282, 2081
0, 3571, 35710282, 35710970, 282, 970
0, 3572, 35720282, 35720970, 282, 970
0, 3573, 35730282, 35730970, 282, 970
0, 3574, 35740282, 35740970, 282, 970
0, 3575, 35750282, 35750970, 282, 970
0, 3576, 35760282, 35761244, 282, 1244
0, 3577, 35770282, 35770970, 282, 970
0, 3578, 35780282, 35780970, 282, 970
0, 3579, 35790282, 35790970, 282, 970
0, 358, 3580282, 3580970, 282, 970
0, 3580, 35800282, 35800970, 282, 970
0, 3581, 35810282, 35810970, 282, 970
0, 3582, 35820282, 35820970, 282, 970
0, 3583, 35830282, 35830970, 282, 970
0, 3584, 35840282, 35842081, 282, 2081
0, 3585, 35850282, 35850970, 282, 970
0, 3586, 35860282, 35860970, 282, 970
0, 3587, 35870282, 35870970, 282, 970
0, 3588, 35880282, 35882056, 282, 2056
0, 3589, 35890282, 35890970, 282, 970
0, 359, 3590282, 3590970, 282, 970
0, 3590, 35900282, 35900970, 282, 970
0, 3591, 35910282, 35911669, 282, 1669
0, 3592, 35920282, 35920970, 282, 970
0, 3593, 35930282, 35930970, 282, 970
0, 3594, 35940282, 35940970, 282, 970
0, 3595, 35950282, 35950970, 282, 970
0, 3596, 35960282, 35960970, 282, 970
0, 3597, 35970282, 35970970, 282, 970
0, 3598, 35980282, 35982081, 282, 2081
0, 3599, 35990282, 35990970, 282, 970
0, 36, 360282, 361669, 282, 1669
0, 360, 3600282, 3601669, 282, 1669
0, 3600, 36000282, 36001669, 282, 1669
0, 3601, 36010282, 36010970, 282, 970
0, 3602, 36020282, 36020970, 282, 970
0, 3603, 36030282, 36030970, 282, 970
0, 3604, 36040282, 36040970, 282, 970
0, 3605, 36050282, 36052081, 282, 2081
0, 3606, 36060282, 36061669, 282, 1669
0, 3607, 36070282, 36070970, 282, 970
0, 3608, 36080282, 36080970, 282, 970
0, 3609, 36090282, 36090970, 282, 970
0, 361, 3610282, 3610970, 282, 970
0, 3610, 36100282, 36100970, 282, 970
0, 3611, 36110282, 36110970, 282, 970
0, 3612, 36120282, 36122056, 282, 2056
0, 3613, 36130282, 36130970, 282, 970
0, 3614, 36140282, 36140970, 282, 970
0, 3615, 36150282, 36151244, 282, 1244
0, 3616, 36160282, 36160970, 282, 970
0, 3617, 36170282, 36170970, 282, 970
0, 3618, 36180282, 36180970, 282, 970
0, 3619, 36190282, 36190970, 282, 970
0, 362, 3620282, 3620970, 282, 970
0, 3620, 36200282, 36200970, 282, 970
0, 3621, 36210282, 36210970, 282, 970
0, 3622, 36220282, 36220970, 282, 970
0, 3623, 36230282, 36231536, 282, 1536
0, 3624, 36240282, 36241669, 282, 1669
0, 3625, 36250282, 36250970, 282, 970
0, 3626, 36260282, 36262056, 282, 2056
0, 3627, 36270282, 36270970, 282, 970
0, 3628, 36280282, 36280970, 282, 970
0, 3629, 36290282, 36290970, 282, 970
0, 363, 3630282, 3630970, 282, 970
0, 3630, 36300282, 36302056, 282, 2056
0, 3631, 36310282, 36310970, 282, 970
0, 3632, 36320282, 36320970, 282, 970
0, 3633, 36330282, 36331669, 282, 1669
0, 3634, 36340282, 36340970, 282, 970
0, 3635, 36350282, 36350970, 282, 970
0, 3636, 36360282, 36360970, 282, 970
0, 3637, 36370282, 36370970, 282, 970
0, 3638, 36380282, 36380970, 282, 970
0, 3639, 36390282, 36390970, 282, 970
0, 364, 3640282, 3642056, 282, 2056
0, 3640, 36400282, 36404047, 282, 4047
0, 3641, 36410282, 36411951, 282, 1951
0, 3642, 36420282, 36420970, 282, 970
0, 3643, 36430282, 36430970, 282, 970
0, 3644, 36440282, 36440970, 282, 970
0, 3645, 36450282, 36450970, 282, 970
0, 3646, 36460282, 36460970, 282, 970
0, 3647, 36470282, 36472081, 282, 2081
0, 3648, 36480282, 36481669, 282, 1669
0, 3649, 36490282, 36490970, 282, 970
0, 365, 3650282, 3650970, 282, 970
0, 3650, 36500282, 36500970, 282, 970
0, 3651, 36510282, 36510970, 282, 970
0, 3652, 36520282, 36520970, 282, 970
0, 3653, 36530282, 36530970, 282, 970
0, 3654, 36540282, 36542056, 282, 2056
0, 3655, 36550282, 36550970, 282, 970
0, 3656, 36560282, 36560970, 282, 970
0, 3657, 36570282, 36571244, 282, 1244
0, 3658, 36580282, 36580970, 282, 970
0, 3659, 36590282, 36590970, 282, 970
0, 366, 3660282, 3661244, 282, 1244
0, 3660, 36600282, 36601244, 282, 1244
0, 3661, 36610282, 36610970, 282, 970
0, 3662, 36620282, 36620970, 282, 970
0, 3663, 36630282, 36630970, 282, 970
0, 3664, 36640282, 36640970, 282, 970
0, 3665, 36650282, 36652998, 282, 2998
0, 3666, 36660282, 36661244, 282, 1244
0, 3667, 36670282, 36670970, 282, 970
0, 3668, 36680282, 36682056, 282, 2056
0, 3669, 36690282, 36690970, 282, 970
0, 367, 3670282, 3670970, 282, 970
0, 3670, 36700282, 36700970, 282, 970
0, 3671, 36710282, 36710970, 282, 970
0, 3672, 36720282, 36722056, 282, 2056
0, 3673, 36730282, 36730970, 282, 970
0, 3674, 36740282, 36740970, 282, 970
0, 3675, 36750282, 36752081, 282, 2081
0, 3676, 36760282, 36760970, 282, 970
0, 3677, 36770282, 36770970, 282, 970
0, 3678, 36780282, 36780970, 282, 970
0, 3679, 36790282, 36790970, 282, 970
0, 368, 3680282, 3682056, 282, 2056
0, 3680, 36800282, 36800970, 282, 970
0, 3681, 36810282, 36810970, 282, 970
0, 3682, 36820282, 36822081, 282, 2081
0, 3683, 36830282, 36830970, 282, 970
0, 3684, 36840282, 36841244, 282, 1244
0, 3685, 36850282, 36850970, 282, 970
0, 3686, 36860282, 36860970, 282, 970
0, 3687, 36870282, 36870970, 282, 970
0, 3688, 36880282, 36880970, 282, 970
0, 3689, 36890282, 36892081, 282, 2081
0, 369, 3690282, 3690970, 282, 970
0, 3690, 36900282, 36901669, 282, 1669
0, 3691, 36910282, 36910970, 282, 970
0, 3692, 36920282, 36920970, 282, 970
0, 3693, 36930282, 36930970, 282, 970
0, 3694, 36940282, 36940970, 282, 970
0, 3695, 36950282, 36950970, 282, 970
0, 3696, 36960282, 36962081, 282, 2081
0, 3697, 36970282, 36970970, 282, 970
0, 3698, 36980282, 36980970, 282, 970
0, 3699, 36990282, 36990970, 282, 970
0, 37, 370282, 370970, 282, 970
0, 370, 3700282, 3700970, 282, 970
0, 3700, 37000282, 37002056, 282, 2056
0, 3701, 37010282, 37010970, 282, 970
0, 3702, 37020282, 37020970, 282, 970
0, 3703, 37030282, 37030970, 282, 970
0, 3704, 37040282, 37040970, 282, 970
0, 3705, 37050282, 37050970, 282, 970
0, 3706, 37060282, 37060970, 282, 970
0, 3707, 37070282, 37073282, 282, 3282
0, 3708, 37080282, 37081244, 282, 1244
0, 3709, 37090282, 37090970, 282, 970
0, 371, 3710282, 3710970, 282, 970
0, 3710, 37100282, 37102072, 282, 2072
0, 3711, 37110282, 37110970, 282, 970
0, 3712, 37120282, 37120970, 282, 970
0, 3713, 37130282, 37130970, 282, 970
0, 3714, 37140282, 37141244, 282, 1244
0, 3715, 37150282, 37150970, 282, 970
0, 3716, 37160282, 37160970, 282, 970
0, 3717, 37170282, 37172081, 282, 2081
0, 3718, 37180282, 37180970, 282, 970
0, 3719, 37190282, 37190970, 282, 970
0, 372, 3720282, 3720970, 282, 970
0, 3720, 37200282, 37201669, 282, 1669
0, 3721, 37210282, 37210970, 282, 970
0, 3722, 37220282, 37220970, 282, 970
0, 3723, 37230282, 37230970, 282, 970
0, 3724, 37240282, 37242081, 282, 2081
0, 3725, 37250282, 37252072, 282, 2072
0, 3726, 37260282, 37261244, 282, 1244
0, 3727, 37270282, 37270970, 282, 970
0, 3728, 37280282, 37280970, 282, 970
0, 3729, 37290282, 37290970, 282, 970
0, 373, 3730282, 3730970, 282, 970
0, 3730, 37300282, 37300970, 282, 970
0, 3731, 37310282, 37310970, 282, 970
0, 3732, 37320282, 37321244, 282, 1244
0, 3733, 37330282, 37330970, 282, 970
0, 3734, 37340282, 37340970, 282, 970
0, 3735, 37350282, 37351244, 282, 1244
0, 3736, 37360282, 37360970, 282, 970
0, 3737, 37370282, 37370970, 282, 970
0, 3738, 37380282, 37382056, 282, 2056
0, 3739, 37390282, 37390970, 282, 970
0, 374, 3740282, 3740970, 282, 970
0, 3740, 37400282, 37400970, 282, 970
0, 3741, 37410282, 37410970, 282, 970
0, 3742, 37420282, 37420970, 282, 970
0, 3743, 37430282, 37430970, 282, 970
0, 3744, 37440282, 37441244, 282, 1244
0, 3745, 37450282, 37452072, 282, 2072
0, 3746, 37460282, 37460970, 282, 970
0, 3747, 37470282, 37470970, 282, 970
0, 3748, 37480282, 37480970, 282, 970
0, 3749, 37490282, 37490970, 282, 970
0, 375, 3750282, 3751669, 282, 1669
0, 3750, 37500282, 37501669, 282, 1669
0, 3751, 37510282, 37510970, 282, 970
0, 3752, 37520282, 37522081, 282, 2081
0, 3753, 37530282, 37530970, 282, 970
0, 3754, 37540282, 37540970, 282, 970
0, 3755, 37550282, 37550970, 282, 970
0, 3756, 37560282, 37561244, 282, 1244
0, 3757, 37570282, 37570970, 282, 970
0, 3758, 37580282, 37580970, 282, 970
0, 3759, 37590282, 37592081, 282, 2081
0, 376, 3760282, 3760970, 282, 970
0, 3760, 37600282, 37602056, 282, 2056
0, 3761, 37610282, 37610970, 282, 970
0, 3762, 37620282, 37620970, 282, 970
0, 3763, 37630282, 37630970, 282, 970
0, 3764, 37640282, 37640970, 282, 970
0, 3765, 37650282, 37650970, 282, 970
0, 3766, 37660282, 37662081, 282, 2081
0, 3767, 37670282, 37671669, 282, 1669
0, 3768, 37680282, 37681669, 282, 1669
0, 3769, 37690282, 37690970, 282, 970
0, 377, 3770282, 3770970, 282, 970
0, 3770, 37700282, 37700970, 282, 970
0, 3771, 37710282, 37710970, 282, 970
0, 3772, 37720282, 37720970, 282, 970
0, 3773, 37730282, 37730970, 282, 970
0, 3774, 37740282, 37741244, 282, 1244
0, 3775, 37750282, 37750970, 282, 970
0, 3776, 37760282, 37760970, 282, 970
0, 3777, 37770282, 37771244, 282, 1244
0, 3778, 37780282, 37780970, 282, 970
0, 3779, 37790282, 37790970, 282, 970
0, 378, 3780282, 3782056, 282, 2056
0, 3780, 37800282, 37802072, 282, 2072
0, 3781, 37810282, 37810970, 282, 970
0, 3782, 37820282, 37820970, 282, 970
0, 3783, 37830282, 37830970, 282, 970
0, 3784, 37840282, 37842056, 282, 2056
0, 3785, 37850282, 37850991, 282, 991
0, 3786, 37860282, 37861244, 282, 1244
0, 3787, 37870282, 37870970, 282, 970
0, 3788, 37880282, 37880970, 282, 970
0, 3789, 37890282, 37890970, 282, 970
0, 379, 3790282, 3790970, 282, 970
0, 3790, 37900282, 37900970, 282, 970
0, 3791, 37910282, 37910970, 282, 970
0, 3792, 37920282, 37921669, 282, 1669
0, 3793, 37930282, 37930970, 282, 970
0, 3794, 37940282, 37942081, 282, 2081
0, 3795, 37950282, 37950970, 282, 970
0, 3796, 37960282, 37960970, 282, 970
0, 3797, 37970282, 37970970, 282, 970
0, 3798, 37980282, 37981244, 282, 1244
0, 3799, 37990282, 37990970, 282, 970
0, 38, 380282, 380970, 282, 970
0, 380, 3800282, 3800970, 282, 970
0, 3800, 38000282, 38002056, 282, 2056
0, 3801, 38010282, 38012081, 282, 2081
0, 3802, 38020282, 38020970, 282, 970
0, 3803, 38030282, 38030970, 282, 970
0, 3804, 38040282, 38040970, 282, 970
0, 3805, 38050282, 38050970, 282, 970
0, 3806, 38060282, 38060970, 282, 970
0, 3807, 38070282, 38070970, 282, 970
0, 3808, 38080282, 38084047, 282, 4047
0, 3809, 38090282, 38091400, 282, 1400
0, 381, 3810282, 3810970, 282, 970
0, 3810, 38100282, 38101669, 282, 1669
0, 3811, 38110282, 38110970, 282, 970
0, 3812, 38120282, 38120970, 282, 970
0, 3813, 38130282, 38130970, 282, 970
0, 3814, 38140282, 38140970, 282, 970
0, 3815, 38150282, 38152072, 282, 2072
0, 3816, 38160282, 38161244, 282, 1244
0, 3817, 38170282, 38170970, 282, 970
0, 3818, 38180282, 38180970, 282, 970
0, 3819, 38190282, 38191244, 282, 1244
0, 382, 3820282, 3820970, 282, 970
0, 3820, 38200282, 38200970, 282, 970
0, 3821, 38210282, 38210970, 282, 970
0, 3822, 38220282, 38222056, 282, 2056
0, 3823, 38230282, 38230970, 282, 970
0, 3824, 38240282, 38240970, 282, 970
0, 3825, 38250282, 38251244, 282, 1244
0, 3826, 38260282, 38260970, 282, 970
0, 3827, 38270282, 38270970, 282, 970
0, 3828, 38280282, 38281244, 282, 1244
0, 3829, 38290282, 38290970, 282, 970
0, 383, 3830282, 3830970, 282, 970
0, 3830, 38300282, 38300970, 282, 970
0, 3831, 38310282, 38310970, 282, 970
0, 3832, 38320282, 38320970, 282, 970
0, 3833, 38330282, 38330970, 282, 970
0, 3834, 38340282, 38341244, 282, 1244
0, 3835, 38350282, 38350970, 282, 970
0, 3836, 38360282, 38362081, 282, 2081
0, 3837, 38370282, 38370970, 282, 970
0, 3838, 38380282, 38380970, 282, 970
0, 3839, 38390282, 38390970, 282, 970
0, 384, 3840282, 3841669, 282, 1669
0, 3840, 38400282, 38402056, 282, 2056
0, 3841, 38410282, 38410970, 282, 970
0, 3842, 38420282, 38420970, 282, 970
0, 3843, 38430282, 38432081, 282, 2081
0, 3844, 38440282, 38440970, 282, 970
0, 3845, 38450282, 38450970, 282, 970
0, 3846, 38460282, 38460970, 282, 970
0, 3847, 38470282, 38470970, 282, 970
0, 3848, 38480282, 38480970, 282, 970
0, 3849, 38490282, 38490970, 282, 970
0, 385, 3850282, 3852081, 282, 2081
0, 3850, 38500282, 38502072, 282, 2072
0, 3851, 38510282, 38510970, 282, 970
0, 3852, 38520282, 38521244, 282, 1244
0, 3853, 38530282, 38530970, 282, 970
0, 3854, 38540282, 38540970, 282, 970
0, 3855, 38550282, 38550970, 282, 970
0, 3856, 38560282, 38560970, 282, 970
0, 3857, 38570282, 38570970, 282, 970
0, 3858, 38580282, 38580970, 282, 970
0, 3859, 38590282, 38590970, 282, 970
0, 386, 3860282, 3860970, 282, 970
0, 3860, 38600282, 38600970, 282, 970
0, 3861, 38610282, 38611244, 282, 1244
0, 3862, 38620282, 38620970, 282, 970
0, 3863, 38630282, 38630970, 282, 970
0, 3864, 38640282, 38642081, 282, 2081
0, 3865, 38650282, 38650970, 282, 970
0, 3866, 38660282, 38660970, 282, 970
0, 3867, 38670282, 38670970, 282, 970
0, 3868, 38680282, 38680970, 282, 970
0, 3869, 38690282, 38690970, 282, 970
0, 387, 3870282, 3870970, 282, 970
0, 3870, 38700282, 38701669, 282, 1669
0, 3871, 38710282, 38711301, 282, 1301
0, 3872, 38720282, 38720970, 282, 970
0, 3873, 38730282, 38730970, 282, 970
0, 3874, 38740282, 38740970, 282, 970
0, 3875, 38750282, 38750970, 282, 970
0, 3876, 38760282, 38761244, 282, 1244
0, 3877, 38770282, 38770970, 282, 970
0, 3878, 38780282, 38782081, 282, 2081
0, 3879, 38790282, 38790970, 282, 970
0, 388, 3880282, 3880970, 282, 970
0, 3880, 38800282, 38800970, 282, 970
0, 3881, 38810282, 38810970, 282, 970
0, 3882, 38820282, 38821244, 282, 1244
0, 3883, 38830282, 38830970, 282, 970
0, 3884, 38840282, 38840970, 282, 970
0, 3885, 38850282, 38852081, 282, 2081
0, 3886, 38860282, 38861481, 282, 1481
0, 3887, 38870282, 38870970, 282, 970
0, 3888, 38880282, 38881669, 282, 1669
0, 3889, 38890282, 38890970, 282, 970
0, 389, 3890282, 3890970, 282, 970
0, 3890, 38900282, 38900970, 282, 970
0, 3891, 38910282, 38910970, 282, 970
0, 3892, 38920282, 38922056, 282, 2056
0, 3893, 38930282, 38930970, 282, 970
0, 3894, 38940282, 38941244, 282, 1244
0, 3895, 38950282, 38950970, 282, 970
0, 3896, 38960282, 38962056, 282, 2056
0, 3897, 38970282, 38970970, 282, 970
0, 3898, 38980282, 38980970, 282, 970
0, 3899, 38990282, 38990970, 282, 970
0, 39, 390282, 390970, 282, 970
0, 390, 3900282, 3901244, 282, 1244
0, 3900, 39000282, 39001244, 282, 1244
0, 3901, 39010282, 39010970, 282, 970
0, 3902, 39020282, 39020970, 282, 970
0, 3903, 39030282, 39031669, 282, 1669
0, 3904, 39040282, 39040970, 282, 970
0, 3905, 39050282, 39050970, 282, 970
0, 3906, 39060282, 39062056, 282, 2056
0, 3907, 39070282, 39070970, 282, 970
0, 3908, 39080282, 39080970, 282, 970
0, 3909, 39090282, 39090970, 282, 970
0, 391, 3910282, 3910970, 282, 970
0, 3910, 39100282, 39102056, 282, 2056
0, 3911, 39110282, 39110970, 282, 970
0, 3912, 39120282, 39121669, 282, 1669
0, 3913, 39130282, 39132081, 282, 2081
0, 3914, 39140282, 39140970, 282, 970
0, 3915, 39150282, 39150970, 282, 970
0, 3916, 39160282, 39160970, 282, 970
0, 3917, 39170282, 39170970, 282, 970
0, 3918, 39180282, 39180970, 282, 970
0, 3919, 39190282, 39190970, 282, 970
0, 392, 3920282, 3924047, 282, 4047
0, 3920, 39200282, 39204047, 282, 4047
0, 3921, 39210282, 39211669, 282, 1669
0, 3922, 39220282, 39220970, 282, 970
0, 3923, 39230282, 39230970, 282, 970
0, 3924, 39240282, 39241244, 282, 1244
0, 3925, 39250282, 39250970, 282, 970
0, 3926, 39260282, 39260970, 282, 970
0, 3927, 39270282, 39272081, 282, 2081
0, 3928, 39280282, 39280970, 282, 970
0, 3929, 39290282, 39290970, 282, 970
0, 393, 3930282, 3931864, 282, 1864
0, 3930, 39300282, 39301669, 282, 1669
0, 3931, 39310282, 39310970, 282, 970
0, 3932, 39320282, 39320970, 282, 970
0, 3933, 39330282, 39330970, 282, 970
0, 3934, 39340282, 39342056, 282, 2056
0, 3935, 39350282, 39350970, 282, 970
0, 3936, 39360282, 39361669, 282, 1669
0, 3937, 39370282, 39370970, 282, 970
0, 3938, 39380282, 39380970, 282, 970
0, 3939, 39390282, 39390970, 282, 970
0, 394, 3940282, 3940970, 282, 970
0, 3940, 39400282, 39400970, 282, 970
0, 3941, 39410282, 39410970, 282, 970
0, 3942, 39420282, 39420970, 282, 970
0, 3943, 39430282, 39430970, 282, 970
0, 3944, 39440282, 39440970, 282, 970
0, 3945, 39450282, 39451669, 282, 1669
0, 3946, 39460282, 39460970, 282, 970
0, 3947, 39470282, 39470970, 282, 970
0, 3948, 39480282, 39482056, 282, 2056
0, 3949, 39490282, 39490970, 282, 970
0, 395, 3950282, 3950970, 282, 970
0, 3950, 39500282, 39500970, 282, 970
0, 3951, 39510282, 39510970, 282, 970
0, 3952, 39520282, 39520970, 282, 970
0, 3953, 39530282, 39530970, 282, 970
0, 3954, 39540282, 39541244, 282, 1244
0, 3955, 39550282, 39552081, 282, 2081
0, 3956, 39560282, 39560970, 282, 970
0, 3957, 39570282, 39570970, 282, 970
0, 3958, 39580282, 39580970, 282, 970
0, 3959, 39590282, 39590970, 282, 970
0, 396, 3960282, 3961244, 282, 1244
0, 3960, 39600282, 39601669, 282, 1669
0, 3961, 39610282, 39610970, 282, 970
0, 3962, 39620282, 39622081, 282, 2081
0, 3963, 39630282, 39631545, 282, 1545
0, 3964, 39640282, 39640970, 282, 970
0, 3965, 39650282, 39650970, 282, 970
0, 3966, 39660282, 39661244, 282, 1244
0, 3967, 39670282, 39670970, 282, 970
0, 3968, 39680282, 39680970, 282, 970
0, 3969, 39690282, 39691669, 282, 1669
0, 397, 3970282, 3970970, 282, 970
0, 3970, 39700282, 39700970, 282, 970
0, 3971, 39710282, 39710970, 282, 970
0, 3972, 39720282, 39721244, 282, 1244
0, 3973, 39730282, 39730970, 282, 970
0, 3974, 39740282, 39740970, 282, 970
0, 3975, 39750282, 39750970, 282, 970
0, 3976, 39760282, 39762081, 282, 2081
0, 3977, 39770282, 39770970, 282, 970
0, 3978, 39780282, 39781244, 282, 1244
0, 3979, 39790282, 39790970, 282, 970
0, 398, 3980282, 3980970, 282, 970
0, 3980, 39800282, 39802056, 282, 2056
0, 3981, 39810282, 39810970, 282, 970
0, 3982, 39820282, 39820970, 282, 970
0, 3983, 39830282, 39830970, 282, 970
0, 3984, 39840282, 39841244, 282, 1244
0, 3985, 39850282, 39850970, 282, 970
0, 3986, 39860282, 39860970, 282, 970
0, 3987, 39870282, 39871244, 282, 1244
0, 3988, 39880282, 39880970, 282, 970
0, 3989, 39890282, 39890970, 282, 970
0, 399, 3990282, 3991669, 282, 1669
0, 3990, 39900282, 39902072, 282, 2072
0, 3991, 39910282, 39910970, 282, 970
0, 3992, 39920282, 39920970, 282, 970
0, 3993, 39930282, 39930970, 282, 970
0, 3994, 39940282, 39940970, 282, 970
0, 3995, 39950282, 39950970, 282, 970
0, 3996, 39960282, 39961244, 282, 1244
0, 3997, 39970282, 39972081, 282, 2081
0, 3998, 39980282, 39980970, 282, 970
0, 3999, 39990282, 39990970, 282, 970
0, 4, 40282, 40970, 282, 970
0, 40, 400282, 400970, 282, 970
0, 400, 4000282, 4002056, 282, 2056
0, 4000, 40000282, 40000970, 282, 970
0, 4001, 40010282, 40010970, 282, 970
0, 4002, 40020282, 40020970, 282, 970
0, 4003, 40030282, 40030970, 282, 970
0, 4004, 40040282, 40042081, 282, 2081
0, 4005, 40050282, 40051244, 282, 1244
0, 4006, 40060282, 40060970, 282, 970
0, 4007, 40070282, 40070970, 282, 970
0, 4008, 40080282, 40081669, 282, 1669
0, 4009, 40090282, 40090970, 282, 970
0, 401, 4010282, 4011916, 282, 1916
0, 4010, 40100282, 40100970, 282, 970
0, 4011, 40110282, 40111669, 282, 1669
0, 4012, 40120282, 40120970, 282, 970
0, 4013, 40130282, 40130970, 282, 970
0, 4014, 40140282, 40141244, 282, 1244
0, 4015, 40150282, 40150970, 282, 970
0, 4016, 40160282, 40160970, 282, 970
0, 4017, 40170282, 40170970, 282, 970
0, 4018, 40180282, 40182056, 282, 2056
0, 4019, 40190282, 40190970, 282, 970
0, 402, 4020282, 4021244, 282, 1244
0, 4020, 40200282, 40201244, 282, 1244
0, 4021, 40210282, 40210970, 282, 970
0, 4022, 40220282, 40220970, 282, 970
0, 4023, 40230282, 40230970, 282, 970
0, 4024, 40240282, 40240970, 282, 970
0, 4025, 40250282, 40252072, 282, 2072
0, 4026, 40260282, 40260970, 282, 970
0, 4027, 40270282, 40270970, 282, 970
0, 4028, 40280282, 40280970, 282, 970
0, 4029, 40290282, 40291244, 282, 1244
0, 403, 4030282, 4030970, 282, 970
0, 4030, 40300282, 40300970, 282, 970
0, 4031, 40310282, 40310970, 282, 970
0, 4032, 40320282, 40324047, 282, 4047
0, 4033, 40330282, 40330970, 282, 970
0, 4034, 40340282, 40340970, 282, 970
0, 4035, 40350282, 40350970, 282, 970
0, 4036, 40360282, 40360970, 282, 970
0, 4037, 40370282, 40370970, 282, 970
0, 4038, 40380282, 40381244, 282, 1244
0, 4039, 40390282, 40392081, 282, 2081
0, 404, 4040282, 4040970, 282, 970
0, 4040, 40400282, 40402072, 282, 2072
0, 4041, 40410282, 40410970, 282, 970
0, 4042, 40420282, 40420970, 282, 970
0, 4043, 40430282, 40430970, 282, 970
0, 4044, 40440282, 40440970, 282, 970
0, 4045, 40450282, 40450970, 282, 970
0, 4046, 40460282, 40462081, 282, 2081
0, 4047, 40470282, 40470970, 282, 970
0, 4048, 40480282, 40480970, 282, 970
0, 4049, 40490282, 40490970, 282, 970
0, 405, 4050282, 4050970, 282, 970
0, 4050, 40500282, 40501669, 282, 1669
0, 4051, 40510282, 40510970, 282, 970
0, 4052, 40520282, 40520970, 282, 970
0, 4053, 40530282, 40531669, 282, 1669
0, 4054, 40540282, 40540970, 282, 970
0, 4055, 40550282, 40550970, 282, 970
0, 4056, 40560282, 40561669, 282, 1669
0, 4057, 40570282, 40570970, 282, 970
0, 4058, 40580282, 40580970, 282, 970
0, 4059, 40590282, 40590970, 282, 970
0, 406, 4060282, 4062056, 282, 2056
0, 4060, 40600282, 40602072, 282, 2072
0, 4061, 40610282, 40610970, 282, 970
0, 4062, 40620282, 40620970, 282, 970
0, 4063, 40630282, 40630970, 282, 970
0, 4064, 40640282, 40644741, 282, 4741
0, 4065, 40650282, 40651244, 282, 1244
0, 4066, 40660282, 40660970, 282, 970
0, 4067, 40670282, 40670970, 282, 970
0, 4068, 40680282, 40680970, 282, 970
0, 4069, 40690282, 40690970, 282, 970
0, 407, 4070282, 4070970, 282, 970
0, 4070, 40700282, 40700970, 282, 970
0, 4071, 40710282, 40710970, 282, 970
0, 4072, 40720282, 40720970, 282, 970
0, 4073, 40730282, 40732722, 282, 2722
0, 4074, 40740282, 40742081, 282, 2081
0, 4075, 40750282, 40750970, 282, 970
0, 4076, 40760282, 40760970, 282, 970
0, 4077, 40770282, 40770970, 282, 970
0, 4078, 40780282, 40780970, 282, 970
0, 4079, 40790282, 40790970, 282, 970
0, 408, 4080282, 4081669, 282, 1669
0, 4080, 40800282, 40802056, 282, 2056
0, 4081, 40810282, 40812081, 282, 2081
0, 4082, 40820282, 40821882, 282, 1882
0, 4083, 40830282, 40830970, 282, 970
0, 4084, 40840282, 40840970, 282, 970
0, 4085, 40850282, 40850970, 282, 970
0, 4086, 40860282, 40860970, 282, 970
0, 4087, 40870282, 40870970, 282, 970
0, 4088, 40880282, 40882081, 282, 2081
0, 4089, 40890282, 40890970, 282, 970
0, 409, 4090282, 4090970, 282, 970
0, 4090, 40900282, 40900970, 282, 970
0, 4091, 40910282, 40910970, 282, 970
0, 4092, 40920282, 40921244, 282, 1244
0, 4093, 40930282, 40930970, 282, 970
0, 4094, 40940282, 40940970, 282, 970
0, 4095, 40950282, 40952072, 282, 2072
0, 4096, 40960282, 40960970, 282, 970
0, 4097, 40970282, 40970970, 282, 970
0, 4098, 40980282, 40981244, 282, 1244
0, 4099, 40990282, 40990970, 282, 970
0, 41, 410282, 410970, 282, 970
0, 410, 4100282, 4102056, 282, 2056
0, 4100, 41000282, 41000970, 282, 970
0, 4101, 41010282, 41010970, 282, 970
0, 4102, 41020282, 41022056, 282, 2056
0, 4103, 41030282, 41030970, 282, 970
0, 4104, 41040282, 41041244, 282, 1244
0, 4105, 41050282, 41050970, 282, 970
0, 4106, 41060282, 41060970, 282, 970
0, 4107, 41070282, 41070970, 282, 970
0, 4108, 41080282, 41080970, 282, 970
0, 4109, 41090282, 41091627, 282, 1627
0, 411, 4110282, 4110970, 282, 970
0, 4110, 41100282, 41101244, 282, 1244
0, 4111, 41110282, 41110970, 282, 970
0, 4112, 41120282, 41120970, 282, 970
0, 4113, 41130282, 41130970, 282, 970
0, 4114, 41140282, 41140970, 282, 970
0, 4115, 41150282, 41150970, 282, 970
0, 4116, 41160282, 41162081, 282, 2081
0, 4117, 41170282, 41170970, 282, 970
0, 4118, 41180282, 41180970, 282, 970
0, 4119, 41190282, 41190970, 282, 970
0, 412, 4120282, 4120970, 282, 970
0, 4120, 41200282, 41202056, 282, 2056
0, 4121, 41210282, 41210970, 282, 970
0, 4122, 41220282, 41220970, 282, 970
0, 4123, 41230282, 41232081, 282, 2081
0, 4124, 41240282, 41240970, 282, 970
0, 4125, 41250282, 41251244, 282, 1244
0, 4126, 41260282, 41260970, 282, 970
0, 4127, 41270282, 41270970, 282, 970
0, 4128, 41280282, 41281244, 282, 1244
0, 4129, 41290282, 41290970, 282, 970
0, 413, 4130282, 4130970, 282, 970
0, 4130, 41300282, 41302072, 282, 2072
0, 4131, 41310282, 41310970, 282, 970
0, 4132, 41320282, 41320970, 282, 970
0, 4133, 41330282, 41330970, 282, 970
0, 4134, 41340282, 41341669, 282, 1669
0, 4135, 41350282, 41350970, 282, 970
0, 4136, 41360282, 41360970, 282, 970
0, 4137, 41370282, 41371669, 282, 1669
0, 4138, 41380282, 41380970, 282, 970
0, 4139, 41390282, 41390970, 282, 970
0, 414, 4140282, 4140970, 282, 970
0, 4140, 41400282, 41401669, 282, 1669
0, 4141, 41410282, 41410970, 282, 970
0, 4142, 41420282, 41420970, 282, 970
0, 4143, 41430282, 41430970, 282, 970
0, 4144, 41440282, 41442081, 282, 2081
0, 4145, 41450282, 41450970, 282, 970
0, 4146, 41460282, 41460970, 282, 970
0, 4147, 41470282, 41470970, 282, 970
0, 4148, 41480282, 41480970, 282, 970
0, 4149, 41490282, 41490970, 282, 970
0, 415, 4150282, 4150970, 282, 970
0, 4150, 41500282, 41500970, 282, 970
0, 4151, 41510282, 41512081, 282, 2081
0, 4152, 41520282, 41521244, 282, 1244
0, 4153, 41530282, 41530970, 282, 970
0, 4154, 41540282, 41540970, 282, 970
0, 4155, 41550282, 41551244, 282, 1244
0, 4156, 41560282, 41560970, 282, 970
0, 4157, 41570282, 41570970, 282, 970
0, 4158, 41580282, 41582081, 282, 2081
0, 4159, 41590282, 41590970, 282, 970
0, 416, 4160282, 4160970, 282, 970
0, 4160, 41600282, 41601135, 282, 1135
0, 4161, 41610282, 41610970, 282, 970
0, 4162, 41620282, 41620970, 282, 970
0, 4163, 41630282, 41630970, 282, 970
0, 4164, 41640282, 41640970, 282, 970
0, 4165, 41650282, 41652081, 282, 2081
0, 4166, 41660282, 41660970, 282, 970
0, 4167, 41670282, 41670970, 282, 970
0, 4168, 41680282, 41680970, 282, 970
0, 4169, 41690282, 41690970, 282, 970
0, 417, 4170282, 4171244, 282, 1244
0, 4170, 41700282, 41701244, 282, 1244
0, 4171, 41710282, 41710970, 282, 970
0, 4172, 41720282, 41722056, 282, 2056
0, 4173, 41730282, 41730970, 282, 970
0, 4174, 41740282, 41740970, 282, 970
0, 4175, 41750282, 41750970, 282, 970
0, 4176, 41760282, 41762056, 282, 2056
0, 4177, 41770282, 41770970, 282, 970
0, 4178, 41780282, 41780970, 282, 970
0, 4179, 41790282, 41791669, 282, 1669
0, 418, 4180282, 4180970, 282, 970
0, 4180, 41800282, 41800970, 282, 970
0, 4181, 41810282, 41810970, 282, 970
0, 4182, 41820282, 41821244, 282, 1244
0, 4183, 41830282, 41831897, 282, 1897
0, 4184, 41840282, 41840970, 282, 970
0, 4185, 41850282, 41851244, 282, 1244
0, 4186, 41860282, 41862056, 282, 2056
0, 4187, 41870282, 41870970, 282, 970
0, 4188, 41880282, 41880970, 282, 970
0, 4189, 41890282, 41890970, 282, 970
0, 419, 4190282, 4190970, 282, 970
0, 4190, 41900282, 41900970, 282, 970
0, 4191, 41910282, 41910970, 282, 970
0, 4192, 41920282, 41920970, 282, 970
0, 4193, 41930282, 41932081, 282, 2081
0, 4194, 41940282, 41941244, 282, 1244
0, 4195, 41950282, 41950970, 282, 970
0, 4196, 41960282, 41960970, 282, 970
0, 4197, 41970282, 41970970, 282, 970
0, 4198, 41980282, 41980970, 282, 970
0, 4199, 41990282, 41990970, 282, 970
0, 42, 420282, 422056, 282, 2056
0, 420, 4200282, 4202072, 282, 2072
0, 4200, 42000282, 42004047, 282, 4047
0, 4201, 42010282, 42011344, 282, 1344
0, 4202, 42020282, 42020970, 282, 970
0, 4203, 42030282, 42030970, 282, 970
0, 4204, 42040282, 42040970, 282, 970
0, 4205, 42050282, 42050970, 282, 970
0, 4206, 42060282, 42060970, 282, 970
0, 4207, 42070282, 42070970, 282, 970
0, 4208, 42080282, 42080970, 282, 970
0, 4209, 42090282, 42091244, 282, 1244
0, 421, 4210282, 4210970, 282, 970
0, 4210, 42100282, 42100970, 282, 970
0, 4211, 42110282, 42110970, 282, 970
0, 4212, 42120282, 42120970, 282, 970
0, 4213, 42130282, 42130970, 282, 970
0, 4214, 42140282, 42142056, 282, 2056
0, 4215, 42150282, 42150970, 282, 970
0, 4216, 42160282, 42160970, 282, 970
0, 4217, 42170282, 42170970, 282, 970
0, 4218, 42180282, 42181669, 282, 1669
0, 4219, 42190282, 42190970, 282, 970
0, 422, 4220282, 4220970, 282, 970
0, 4220, 42200282, 42200970, 282, 970
0, 4221, 42210282, 42211669, 282, 1669
0, 4222, 42220282, 42220970, 282, 970
0, 4223, 42230282, 42230970, 282, 970
0, 4224, 42240282, 42241244, 282, 1244
0, 4225, 42250282, 42250970, 282, 970
0, 4226, 42260282, 42260970, 282, 970
0, 4227, 42270282, 42270970, 282, 970
0, 4228, 42280282, 42282081, 282, 2081
0, 4229, 42290282, 42290970, 282, 970
0, 423, 4230282, 4230970, 282, 970
0, 4230, 42300282, 42301244, 282, 1244
0, 4231, 42310282, 42310970, 282, 970
0, 4232, 42320282, 42320970, 282, 970
0, 4233, 42330282, 42330970, 282, 970
0, 4234, 42340282, 42340970, 282, 970
0, 4235, 42350282, 42352081, 282, 2081
0, 4236, 42360282, 42361244, 282, 1244
0, 4237, 42370282, 42370970, 282, 970
0, 4238, 42380282, 42380970, 282, 970
0, 4239, 42390282, 42390970, 282, 970
0, 424, 4240282, 4240970, 282, 970
0, 4240, 42400282, 42400970, 282, 970
0, 4241, 42410282, 42410970, 282, 970
0, 4242, 42420282, 42422081, 282, 2081
0, 4243, 42430282, 42430970, 282, 970
0, 4244, 42440282, 42440970, 282, 970
0, 4245, 42450282, 42451244, 282, 1244
0, 4246, 42460282, 42460970, 282, 970
0, 4247, 42470282, 42470970, 282, 970
0, 4248, 42480282, 42481244, 282, 1244
0, 4249, 42490282, 42490970, 282, 970
0, 425, 4250282, 4250970, 282, 970
0, 4250, 42500282, 42500970, 282, 970
0, 4251, 42510282, 42510970, 282, 970
0, 4252, 42520282, 42520970, 282, 970
0, 4253, 42530282, 42530970, 282, 970
0, 4254, 42540282, 42540970, 282, 970
0, 4255, 42550282, 42550970, 282, 970
0, 4256, 42560282, 42562081, 282, 2081
0, 4257, 42570282, 42570970, 282, 970
0, 4258, 42580282, 42580970, 282, 970
0, 4259, 42590282, 42590970, 282, 970
0, 426, 4260282, 4261244, 282, 1244
0, 4260, 42600282, 42602056, 282, 2056
0, 4261, 42610282, 42610970, 282, 970
0, 4262, 42620282, 42620970, 282, 970
0, 4263, 42630282, 42631669, 282, 1669
0, 4264, 42640282, 42640970, 282, 970
0, 4265, 42650282, 42650970, 282, 970
0, 4266, 42660282, 42660970, 282, 970
0, 4267, 42670282, 42670970, 282, 970
0, 4268, 42680282, 42680970, 282, 970
0, 4269, 42690282, 42690970, 282, 970
0, 427, 4270282, 4272081, 282, 2081
0, 4270, 42700282, 42702081, 282, 2081
0, 4271, 42710282, 42710970, 282, 970
0, 4272, 42720282, 42721244, 282, 1244
0, 4273, 42730282, 42730970, 282, 970
0, 4274, 42740282, 42740970, 282, 970
0, 4275, 42750282, 42750970, 282, 970
0, 4276, 42760282, 42760970, 282, 970
0, 4277, 42770282, 42772081, 282, 2081
0, 4278, 42780282, 42781244, 282, 1244
0, 4279, 42790282, 42790970, 282, 970
0, 428, 4280282, 4280970, 282, 970
0, 4280, 42800282, 42800970, 282, 970
0, 4281, 42810282, 42810970, 282, 970
0, 4282, 42820282, 42820970, 282, 970
0, 4283, 42830282, 42830970, 282, 970
0, 4284, 42840282, 42842081, 282, 2081
0, 4285, 42850282, 42850970, 282, 970
0, 4286, 42860282, 42860970, 282, 970
0, 4287, 42870282, 42870970, 282, 970
0, 4288, 42880282, 42880970, 282, 970
0, 4289, 42890282, 42890970, 282, 970
0, 429, 4290282, 4290970, 282, 970
0, 4290, 42900282, 42901244, 282, 1244
0, 4291, 42910282, 42910970, 282, 970
0, 4292, 42920282, 42920970, 282, 970
0, 4293, 42930282, 42930970, 282, 970
0, 4294, 42940282, 42940970, 282, 970
0, 4295, 42950282, 42950970, 282, 970
0, 4296, 42960282, 42961330, 282, 1330
0, 4297, 42970282, 42970970, 282, 970
0, 4298, 42980282, 42982056, 282, 2056
0, 4299, 42990282, 42990970, 282, 970
0, 43, 430282, 430970, 282, 970
0, 430, 4300282, 4300970, 282, 970
0, 4300, 43000282, 43000970, 282, 970
0, 4301, 43010282, 43010970, 282, 970
0, 4302, 43020282, 43021669, 282, 1669
0, 4303, 43030282, 43030970, 282, 970
0, 4304, 43040282, 43040970, 282, 970
0, 4305, 43050282, 43052072, 282, 2072
0, 4306, 43060282, 43060970, 282, 970
0, 4307, 43070282, 43070970, 282, 970
0, 4308, 43080282, 43080970, 282, 970
0, 4309, 43090282, 43090970, 282, 970
0, 431, 4310282, 4310970, 282, 970
0, 4310, 43100282, 43100970, 282, 970
0, 4311, 43110282, 43110970, 282, 970
0, 4312, 43120282, 43124047, 282, 4047
0, 4313, 43130282, 43132072, 282, 2072
0, 4314, 43140282, 43140970, 282, 970
0, 4315, 43150282, 43150970, 282, 970
0, 4316, 43160282, 43160970, 282, 970
0, 4317, 43170282, 43170970, 282, 970
0, 4318, 43180282, 43180970, 282, 970
0, 4319, 43190282, 43192081, 282, 2081
0, 432, 4320282, 4321244, 282, 1244
0, 4320, 43200282, 43202060, 282, 2060
0, 4321, 43210282, 43210970, 282, 970
0, 4322, 43220282, 43220970, 282, 970
0, 4323, 43230282, 43230970, 282, 970
0, 4324, 43240282, 43240970, 282, 970
0, 4325, 43250282, 43250970, 282, 970
0, 4326, 43260282, 43262056, 282, 2056
0, 4327, 43270282, 43270970, 282, 970
0, 4328, 43280282, 43280970, 282, 970
0, 4329, 43290282, 43291244, 282, 1244
0, 433, 4330282, 4330970, 282, 970
0, 4330, 43300282, 43301687, 282, 1687
0, 4331, 43310282, 43310970, 282, 970
0, 4332, 43320282, 43320970, 282, 970
0, 4333, 43330282, 43330970, 282, 970
0, 4334, 43340282, 43340970, 282, 970
0, 4335, 43350282, 43351244, 282, 1244
0, 4336, 43360282, 43360970, 282, 970
0, 4337, 43370282, 43370970, 282, 970
0, 4338, 43380282, 43381244, 282, 1244
0, 4339, 43390282, 43390970, 282, 970
0, 434, 4340282, 4342081, 282, 2081
0, 4340, 43400282, 43402072, 282, 2072
0, 4341, 43410282, 43410970, 282, 970
0, 4342, 43420282, 43420970, 282, 970
0, 4343, 43430282, 43430970, 282, 970
0, 4344, 43440282, 43442056, 282, 2056
0, 4345, 43450282, 43452072, 282, 2072
0, 4346, 43460282, 43460970, 282, 970
0, 4347, 43470282, 43472081, 282, 2081
0, 4348, 43480282, 43480970, 282, 970
0, 4349, 43490282, 43490970, 282, 970
0, 435, 4350282, 4351244, 282, 1244
0, 4350, 43500282, 43501244, 282, 1244
0, 4351, 43510282, 43510970, 282, 970
0, 4352, 43520282, 43520970, 282, 970
0, 4353, 43530282, 43530970, 282, 970
0, 4354, 43540282, 43542081, 282, 2081
0, 4355, 43550282, 43550970, 282, 970
0, 4356, 43560282, 43560970, 282, 970
0, 4357, 43570282, 43570970, 282, 970
0, 4358, 43580282, 43580970, 282, 970
0, 4359, 43590282, 43590970, 282, 970
0, 436, 4360282, 4360970, 282, 970
0, 4360, 43600282, 43600970, 282, 970
0, 4361, 43610282, 43612081, 282, 2081
0, 4362, 43620282, 43621244, 282, 1244
0, 4363, 43630282, 43630970, 282, 970
0, 4364, 43640282, 43640970, 282, 970
0, 4365, 43650282, 43651244, 282, 1244
0, 4366, 43660282, 43660970, 282, 970
0, 4367, 43670282, 43670970, 282, 970
0, 4368, 43680282, 43682081, 282, 2081
0, 4369, 43690282, 43690970, 282, 970
0, 437, 4370282, 4370970, 282, 970
0, 4370, 43700282, 43700970, 282, 970
0, 4371, 43710282, 43710970, 282, 970
0, 4372, 43720282, 43720970, 282, 970
0, 4373, 43730282, 43730970, 282, 970
0, 4374, 43740282, 43740970, 282, 970
0, 4375, 43750282, 43752072, 282, 2072
0, 4376, 43760282, 43760970, 282, 970
0, 4377, 43770282, 43770970, 282, 970
0, 4378, 43780282, 43780970, 282, 970
0, 4379, 43790282, 43790970, 282, 970
0, 438, 4380282, 4381244, 282, 1244
0, 4380, 43800282, 43801669, 282, 1669
0, 4381, 43810282, 43810970, 282, 970
0, 4382, 43820282, 43822056, 282, 2056
0, 4383, 43830282, 43830970, 282, 970
0, 4384, 43840282, 43840970, 282, 970
0, 4385, 43850282, 43850970, 282, 970
0, 4386, 43860282, 43861669, 282, 1669
0, 4387, 43870282, 43870970, 282, 970
0, 4388, 43880282, 43880970, 282, 970
0, 4389, 43890282, 43892081, 282, 2081
0, 439, 4390282, 4390970, 282, 970
0, 4390, 43900282, 43900970, 282, 970
0, 4391, 43910282, 43910970, 282, 970
0, 4392, 43920282, 43921244, 282, 1244
0, 4393, 43930282, 43930970, 282, 970
0, 4394, 43940282, 43940970, 282, 970
0, 4395, 43950282, 43951244, 282, 1244
0, 4396, 43960282, 43962081, 282, 2081
0, 4397, 43970282, 43970970, 282, 970
0, 4398, 43980282, 43980970, 282, 970
0, 4399, 43990282, 43990970, 282, 970
0, 44, 440282, 440970, 282, 970
0, 440, 4400282, 4400970, 282, 970
0, 4400, 44000282, 44002056, 282, 2056
0, 4401, 44010282, 44010970, 282, 970
0, 4402, 44020282, 44020970, 282, 970
0, 4403, 44030282, 44032081, 282, 2081
0, 4404, 44040282, 44041244, 282, 1244
0, 4405, 44050282, 44050970, 282, 970
0, 4406, 44060282, 44060970, 282, 970
0, 4407, 44070282, 44070970, 282, 970
0, 4408, 44080282, 44080970, 282, 970
0, 4409, 44090282, 44090970, 282, 970
0, 441, 4410282, 4411669, 282, 1669
0, 4410, 44100282, 44102072, 282, 2072
0, 4411, 44110282, 44110970, 282, 970
0, 4412, 44120282, 44120970, 282, 970
0, 4413, 44130282, 44130970, 282, 970
0, 4414, 44140282, 44140970, 282, 970
0, 4415, 44150282, 44150970, 282, 970
0, 4416, 44160282, 44161244, 282, 1244
0, 4417, 44170282, 44170970, 282, 970
0, 4418, 44180282, 44180970, 282, 970
0, 4419, 44190282, 44190970, 282, 970
0, 442, 4420282, 4420970, 282, 970
0, 4420, 44200282, 44200970, 282, 970
0, 4421, 44210282, 44213282, 282, 3282
0, 4422, 44220282, 44221244, 282, 1244
0, 4423, 44230282, 44230970, 282, 970
0, 4424, 44240282, 44242081, 282, 2081
0, 4425, 44250282, 44250970, 282, 970
0, 4426, 44260282, 44260970, 282, 970
0, 4427, 44270282, 44270970, 282, 970
0, 4428, 44280282, 44281244, 282, 1244
0, 4429, 44290282, 44290970, 282, 970
0, 443, 4430282, 4430970, 282, 970
0, 4430, 44300282, 44300970, 282, 970
0, 4431, 44310282, 44312081, 282, 2081
0, 4432, 44320282, 44320970, 282, 970
0, 4433, 44330282, 44330970, 282, 970
0, 4434, 44340282, 44340970, 282, 970
0, 4435, 44350282, 44350970, 282, 970
0, 4436, 44360282, 44360970, 282, 970
0, 4437, 44370282, 44370970, 282, 970
0, 4438, 44380282, 44382081, 282, 2081
0, 4439, 44390282, 44390970, 282, 970
0, 444, 4440282, 4441244, 282, 1244
0, 4440, 44400282, 44402056, 282, 2056
0, 4441, 44410282, 44410970, 282, 970
0, 4442, 44420282, 44420970, 282, 970
0, 4443, 44430282, 44430970, 282, 970
0, 4444, 44440282, 44440970, 282, 970
0, 4445, 44450282, 44452072, 282, 2072
0, 4446, 44460282, 44461244, 282, 1244
0, 4447, 44470282, 44470970, 282, 970
0, 4448, 44480282, 44480970, 282, 970
0, 4449, 44490282, 44490970, 282, 970
0, 445, 4450282, 4450970, 282, 970
0, 4450, 44500282, 44500970, 282, 970
0, 4451, 44510282, 44510970, 282, 970
0, 4452, 44520282, 44522056, 282, 2056
0, 4453, 44530282, 44530970, 282, 970
0, 4454, 44540282, 44540970, 282, 970
0, 4455, 44550282, 44551244, 282, 1244
0, 4456, 44560282, 44562056, 282, 2056
0, 4457, 44570282, 44570970, 282, 970
0, 4458, 44580282, 44580970, 282, 970
0, 4459, 44590282, 44590970, 282, 970
0, 446, 4460282, 4460970, 282, 970
0, 4460, 44600282, 44600970, 282, 970
0, 4461, 44610282, 44610970, 282, 970
0, 4462, 44620282, 44620970, 282, 970
0, 4463, 44630282, 44630970, 282, 970
0, 4464, 44640282, 44641669, 282, 1669
0, 4465, 44650282, 44650970, 282, 970
0, 4466, 44660282, 44662056, 282, 2056
0, 4467, 44670282, 44670970, 282, 970
0, 4468, 44680282, 44680970, 282, 970
0, 4469, 44690282, 44690970, 282, 970
0, 447, 4470282, 4470970, 282, 970
0, 4470, 44700282, 44701669, 282, 1669
0, 4471, 44710282, 44710970, 282, 970
0, 4472, 44720282, 44720970, 282, 970
0, 4473, 44730282, 44732981, 282, 2981
0, 4474, 44740282, 44740970, 282, 970
0, 4475, 44750282, 44750970, 282, 970
0, 4476, 44760282, 44760970, 282, 970
0, 4477, 44770282, 44770970, 282, 970
0, 4478, 44780282, 44780970, 282, 970
0, 4479, 44790282, 44790970, 282, 970
0, 448, 4480282, 4482081, 282, 2081
0, 4480, 44800282, 44804047, 282, 4047
0, 4481, 44810282, 44811951, 282, 1951
0, 4482, 44820282, 44821244, 282, 1244
0, 4483, 44830282, 44830970, 282, 970
0, 4484, 44840282, 44840970, 282, 970
0, 4485, 44850282, 44850970, 282, 970
0, 4486, 44860282, 44860970, 282, 970
0, 4487, 44870282, 44870970, 282, 970
0, 4488, 44880282, 44881669, 282, 1669
0, 4489, 44890282, 44890970, 282, 970
0, 449, 4490282, 4490970, 282, 970
0, 4490, 44900282, 44900970, 282, 970
0, 4491, 44910282, 44911244, 282, 1244
0, 4492, 44920282, 44920970, 282, 970
0, 4493, 44930282, 44930970, 282, 970
0, 4494, 44940282, 44942056, 282, 2056
0, 4495, 44950282, 44950970, 282, 970
0, 4496, 44960282, 44960970, 282, 970
0, 4497, 44970282, 44970970, 282, 970
0, 4498, 44980282, 44980980, 282, 980
0, 4499, 44990282, 44990970, 282, 970
0, 45, 450282, 451244, 282, 1244
0, 450, 4500282, 4501244, 282, 1244
0, 4500, 45000282, 45001669, 282, 1669
0, 4501, 45010282, 45010970, 282, 970
0, 4502, 45020282, 45020970, 282, 970
0, 4503, 45030282, 45030970, 282, 970
0, 4504, 45040282, 45040970, 282, 970
0, 4505, 45050282, 45050970, 282, 970
0, 4506, 45060282, 45061244, 282, 1244
0, 4507, 45070282, 45070970, 282, 970
0, 4508, 45080282, 45082081, 282, 2081
0, 4509, 45090282, 45090970, 282, 970
0, 451, 4510282, 4510970, 282, 970
0, 4510, 45100282, 45100970, 282, 970
0, 4511, 45110282, 45110970, 282, 970
0, 4512, 45120282, 45121669, 282, 1669
0, 4513, 45130282, 45130970, 282, 970
0, 4514, 45140282, 45140970, 282, 970
0, 4515, 45150282, 45152081, 282, 2081
0, 4516, 45160282, 45161427, 282, 1427
0, 4517, 45170282, 45170970, 282, 970
0, 4518, 45180282, 45180970, 282, 970
0, 4519, 45190282, 45190970, 282, 970
0, 452, 4520282, 4520970, 282, 970
0, 4520, 45200282, 45200970, 282, 970
0, 4521, 45210282, 45210970, 282, 970
0, 4522, 45220282, 45222081, 282, 2081
0, 4523, 45230282, 45230970, 282, 970
0, 4524, 45240282, 45241244, 282, 1244
0, 4525, 45250282, 45250970, 282, 970
0, 4526, 45260282, 45260970, 282, 970
0, 4527, 45270282, 45270970, 282, 970
0, 4528, 45280282, 45280970, 282, 970
0, 4529, 45290282, 45290970, 282, 970
0, 453, 4530282, 4530970, 282, 970
0, 4530, 45300282, 45301244, 282, 1244
0, 4531, 45310282, 45310970, 282, 970
0, 4532, 45320282, 45320970, 282, 970
0, 4533, 45330282, 45331244, 282, 1244
0, 4534, 45340282, 45340970, 282, 970
0, 4535, 45350282, 45350970, 282, 970
0, 4536, 45360282, 45362081, 282, 2081
0, 4537, 45370282, 45370970, 282, 970
0, 4538, 45380282, 45380970, 282, 970
0, 4539, 45390282, 45390970, 282, 970
0, 454, 4540282, 4540970, 282, 970
0, 4540, 45400282, 45402056, 282, 2056
0, 4541, 45410282, 45410970, 282, 970
0, 4542, 45420282, 45421244, 282, 1244
0, 4543, 45430282, 45430970, 282, 970
0, 4544, 45440282, 45440970, 282, 970
0, 4545, 45450282, 45450970, 282, 970
0, 4546, 45460282, 45460970, 282, 970
0, 4547, 45470282, 45470970, 282, 970
0, 4548, 45480282, 45481244, 282, 1244
0, 4549, 45490282, 45490970, 282, 970
0, 455, 4550282, 4552072, 282, 2072
0, 4550, 45500282, 45502081, 282, 2081
0, 4551, 45510282, 45510970, 282, 970
0, 4552, 45520282, 45520970, 282, 970
0, 4553, 45530282, 45530970, 282, 970
0, 4554, 45540282, 45541244, 282, 1244
0, 4555, 45550282, 45550970, 282, 970
0, 4556, 45560282, 45560970, 282, 970
0, 4557, 45570282, 45572081, 282, 2081
0, 4558, 45580282, 45580970, 282, 970
0, 4559, 45590282, 45590970, 282, 970
0, 456, 4560282, 4561244, 282, 1244
0, 4560, 45600282, 45601669, 282, 1669
0, 4561, 45610282, 45610970, 282, 970
0, 4562, 45620282, 45620970, 282, 970
0, 4563, 45630282, 45630970, 282, 970
0, 4564, 45640282, 45642056, 282, 2056
0, 4565, 45650282, 45650970, 282, 970
0, 4566, 45660282, 45661244, 282, 1244
0, 4567, 45670282, 45670970, 282, 970
0, 4568, 45680282, 45682056, 282, 2056
0, 4569, 45690282, 45690970, 282, 970
0, 457, 4570282, 4570970, 282, 970
0, 4570, 45700282, 45700970, 282, 970
0, 4571, 45710282, 45710970, 282, 970
0, 4572, 45720282, 45720970, 282, 970
0, 4573, 45730282, 45730970, 282, 970
0, 4574, 45740282, 45740970, 282, 970
0, 4575, 45750282, 45751669, 282, 1669
0, 4576, 45760282, 45760970, 282, 970
0, 4577, 45770282, 45770970, 282, 970
0, 4578, 45780282, 45782056, 282, 2056
0, 4579, 45790282, 45790970, 282, 970
0, 458, 4580282, 4580970, 282, 970
0, 4580, 45800282, 45800970, 282, 970
0, 4581, 45810282, 45810970, 282, 970
0, 4582, 45820282, 45820970, 282, 970
0, 4583, 45830282, 45830970, 282, 970
0, 4584, 45840282, 45841669, 282, 1669
0, 4585, 45850282, 45852081, 282, 2081
0, 4586, 45860282, 45860970, 282, 970
0, 4587, 45870282, 45870970, 282, 970
0, 4588, 45880282, 45880970, 282, 970
0, 4589, 45890282, 45890970, 282, 970
0, 459, 4590282, 4591244, 282, 1244
0, 4590, 45900282, 45901669, 282, 1669
0, 4591, 45910282, 45910970, 282, 970
0, 4592, 45920282, 45924047, 282, 4047
0, 4593, 45930282, 45930983, 282, 983
0, 4594, 45940282, 45940970, 282, 970
0, 4595, 45950282, 45950970, 282, 970
0, 4596, 45960282, 45961244, 282, 1244
0, 4597, 45970282, 45970970, 282, 970
0, 4598, 45980282, 45980970, 282, 970
0, 4599, 45990282, 45992081, 282, 2081
0, 46, 460282, 460970, 282, 970
0, 460, 4600282, 4600970, 282, 970
0, 4600, 46000282, 46002056, 282, 2056
0, 4601, 46010282, 46010970, 282, 970
0, 4602, 46020282, 46021244, 282, 1244
0, 4603, 46030282, 46030970, 282, 970
0, 4604, 46040282, 46040970, 282, 970
0, 4605, 46050282, 46050970, 282, 970
0, 4606, 46060282, 46062056, 282, 2056
0, 4607, 46070282, 46070970, 282, 970
0, 4608, 46080282, 46081669, 282, 1669
0, 4609, 46090282, 46090970, 282, 970
0, 461, 4610282, 4610970, 282, 970
0, 4610, 46100282, 46102056, 282, 2056
0, 4611, 46110282, 46110970, 282, 970
0, 4612, 46120282, 46120970, 282, 970
0, 4613, 46130282, 46130970, 282, 970
0, 4614, 46140282, 46140970, 282, 970
0, 4615, 46150282, 46150970, 282, 970
0, 4616, 46160282, 46160970, 282, 970
0, 4617, 46170282, 46171526, 282, 1526
0, 4618, 46180282, 46180970, 282, 970
0, 4619, 46190282, 46190970, 282, 970
0, 462, 4620282, 4622081, 282, 2081
0, 4620, 46200282, 46202072, 282, 2072
0, 4621, 46210282, 46210970, 282, 970
0, 4622, 46220282, 46220970, 282, 970
0, 4623, 46230282, 46230970, 282, 970
0, 4624, 46240282, 46242056, 282, 2056
0, 4625, 46250282, 46250970, 282, 970
0, 4626, 46260282, 46261244, 282, 1244
0, 4627, 46270282, 46272081, 282, 2081
0, 4628, 46280282, 46280970, 282, 970
0, 4629, 46290282, 46290970, 282, 970
0, 463, 4630282, 4630970, 282, 970
0, 4630, 46300282, 46300970, 282, 970
0, 4631, 46310282, 46310970, 282, 970
0, 4632, 46320282, 46321244, 282, 1244
0, 4633, 46330282, 46330970, 282, 970
0, 4634, 46340282, 46342081, 282, 2081
0, 4635, 46350282, 46351244, 282, 1244
0, 4636, 46360282, 46360970, 282, 970
0, 4637, 46370282, 46370970, 282, 970
0, 4638, 46380282, 46381244, 282, 1244
0, 4639, 46390282, 46390970, 282, 970
0, 464, 4640282, 4640970, 282, 970
0, 4640, 46400282, 46400970, 282, 970
0, 4641, 46410282, 46412081, 282, 2081
0, 4642, 46420282, 46420970, 282, 970
0, 4643, 46430282, 46430970, 282, 970
0, 4644, 46440282, 46441244, 282, 1244
0, 4645, 46450282, 46450970, 282, 970
0, 4646, 46460282, 46460970, 282, 970
0, 4647, 46470282, 46470970, 282, 970
0, 4648, 46480282, 46482081, 282, 2081
0, 4649, 46490282, 46490970, 282, 970
0, 465, 4650282, 4650970, 282, 970
0, 4650, 46500282, 46501669, 282, 1669
0, 4651, 46510282, 46510970, 282, 970
0, 4652, 46520282, 46520970, 282, 970
0, 4653, 46530282, 46530970, 282, 970
0, 4654, 46540282, 46540970, 282, 970
0, 4655, 46550282, 46552072, 282, 2072
0, 4656, 46560282, 46561244, 282, 1244
0, 4657, 46570282, 46570970, 282, 970
0, 4658, 46580282, 46580970, 282, 970
0, 4659, 46590282, 46591244, 282, 1244
0, 466, 4660282, 4660970, 282, 970
0, 4660, 46600282, 46600970, 282, 970
0, 4661, 46610282, 46610970, 282, 970
0, 4662, 46620282, 46622056, 282, 2056
0, 4663, 46630282, 46630970, 282, 970
0, 4664, 46640282, 46640970, 282, 970
0, 4665, 46650282, 46650970, 282, 970
0, 4666, 46660282, 46660970, 282, 970
0, 4667, 46670282, 46670970, 282, 970
0, 4668, 46680282, 46681244, 282, 1244
0, 4669, 46690282, 46692081, 282, 2081
0, 467, 4670282, 4670970, 282, 970
0, 4670, 46700282, 46700970, 282, 970
0, 4671, 46710282, 46710970, 282, 970
0, 4672, 46720282, 46720970, 282, 970
0, 4673, 46730282, 46730970, 282, 970
0, 4674, 46740282, 46740970, 282, 970
0, 4675, 46750282, 46750970, 282, 970
0, 4676, 46760282, 46762081, 282, 2081
0, 4677, 46770282, 46771545, 282, 1545
0, 4678, 46780282, 46780970, 282, 970
0, 4679, 46790282, 46790970, 282, 970
0, 468, 4680282, 4681244, 282, 1244
0, 4680, 46800282, 46802056, 282, 2056
0, 4681, 46810282, 46810970, 282, 970
0, 4682, 46820282, 46820970, 282, 970
0, 4683, 46830282, 46831669, 282, 1669
0, 4684, 46840282, 46840970, 282, 970
0, 4685, 46850282, 46850970, 282, 970
0, 4686, 46860282, 46861244, 282, 1244
0, 4687, 46870282, 46870970, 282, 970
0, 4688, 46880282, 46880970, 282, 970
0, 4689, 46890282, 46890970, 282, 970
0, 469, 4690282, 4692081, 282, 2081
0, 4690, 46900282, 46902072, 282, 2072
0, 4691, 46910282, 46910970, 282, 970
0, 4692, 46920282, 46921244, 282, 1244
0, 4693, 46930282, 46930970, 282, 970
0, 4694, 46940282, 46940970, 282, 970
0, 4695, 46950282, 46951244, 282, 1244
0, 4696, 46960282, 46960970, 282, 970
0, 4697, 46970282, 46970970, 282, 970
0, 4698, 46980282, 46980970, 282, 970
0, 4699, 46990282, 46990970, 282, 970
0, 47, 470282, 470970, 282, 970
0, 470, 4700282, 4702056, 282, 2056
0, 4700, 47000282, 47000970, 282, 970
0, 4701, 47010282, 47011244, 282, 1244
0, 4702, 47020282, 47020970, 282, 970
0, 4703, 47030282, 47030970, 282, 970
0, 4704, 47040282, 47042081, 282, 2081
0, 4705, 47050282, 47050970, 282, 970
0, 4706, 47060282, 47060970, 282, 970
0, 4707, 47070282, 47070970, 282, 970
0, 4708, 47080282, 47080970, 282, 970
0, 4709, 47090282, 47090970, 282, 970
0, 471, 4710282, 4710970, 282, 970
0, 4710, 47100282, 47101669, 282, 1669
0, 4711, 47110282, 47112081, 282, 2081
0, 4712, 47120282, 47120970, 282, 970
0, 4713, 47130282, 47130970, 282, 970
0, 4714, 47140282, 47140970, 282, 970
0, 4715, 47150282, 47150970, 282, 970
0, 4716, 47160282, 47160970, 282, 970
0, 4717, 47170282, 47170970, 282, 970
0, 4718, 47180282, 47182081, 282, 2081
0, 4719, 47190282, 47190970, 282, 970
0, 472, 4720282, 4720970, 282, 970
0, 4720, 47200282, 47202056, 282, 2056
0, 4721, 47210282, 47210970, 282, 970
0, 4722, 47220282, 47221244, 282, 1244
0, 4723, 47230282, 47230970, 282, 970
0, 4724, 47240282, 47240970, 282, 970
0, 4725, 47250282, 47252072, 282, 2072
0, 4726, 47260282, 47260970, 282, 970
0, 4727, 47270282, 47270970, 282, 970
0, 4728, 47280282, 47281669, 282, 1669
0, 4729, 47290282, 47290970, 282, 970
0, 473, 4730282, 4730970, 282, 970
0, 4730, 47300282, 47300970, 282, 970
0, 4731, 47310282, 47310970, 282, 970
0, 4732, 47320282, 47322056, 282, 2056
0, 4733, 47330282, 47330970, 282, 970
0, 4734, 47340282, 47340970, 282, 970
0, 4735, 47350282, 47350970, 282, 970
0, 4736, 47360282, 47363206, 282, 3206
0, 4737, 47370282, 47371244, 282, 1244
0, 4738, 47380282, 47380970, 282, 970
0, 4739, 47390282, 47390970, 282, 970
0, 474, 4740282, 4740970, 282, 970
0, 4740, 47400282, 47401244, 282, 1244
0, 4741, 47410282, 47410970, 282, 970
0, 4742, 47420282, 47420970, 282, 970
0, 4743, 47430282, 47431244, 282, 1244
0, 4744, 47440282, 47440970, 282, 970
0, 4745, 47450282, 47450970, 282, 970
0, 4746, 47460282, 47462081, 282, 2081
0, 4747, 47470282, 47470970, 282, 970
0, 4748, 47480282, 47480970, 282, 970
0, 4749, 47490282, 47490970, 282, 970
0, 475, 4750282, 4750970, 282, 970
0, 4750, 47500282, 47500970, 282, 970
0, 4751, 47510282, 47510970, 282, 970
0, 4752, 47520282, 47521669, 282, 1669
0, 4753, 47530282, 47532081, 282, 2081
0, 4754, 47540282, 47540970, 282, 970
0, 4755, 47550282, 47551244, 282, 1244
0, 4756, 47560282, 47560970, 282, 970
0, 4757, 47570282, 47570970, 282, 970
0, 4758, 47580282, 47580970, 282, 970
0, 4759, 47590282, 47590970, 282, 970
0, 476, 4760282, 4762081, 282, 2081
0, 4760, 47600282, 47604047, 282, 4047
0, 4761, 47610282, 47611150, 282, 1150
0, 4762, 47620282, 47620970, 282, 970
0, 4763, 47630282, 47630970, 282, 970
0, 4764, 47640282, 47641244, 282, 1244
0, 4765, 47650282, 47650970, 282, 970
0, 4766, 47660282, 47660970, 282, 970
0, 4767, 47670282, 47671669, 282, 1669
0, 4768, 47680282, 47680970, 282, 970
0, 4769, 47690282, 47690970, 282, 970
0, 477, 4770282, 4770970, 282, 970
0, 4770, 47700282, 47701669, 282, 1669
0, 4771, 47710282, 47710970, 282, 970
0, 4772, 47720282, 47720970, 282, 970
0, 4773, 47730282, 47730970, 282, 970
0, 4774, 47740282, 47742056, 282, 2056
0, 4775, 47750282, 47750970, 282, 970
0, 4776, 47760282, 47761244, 282, 1244
0, 4777, 47770282, 47770970, 282, 970
0, 4778, 47780282, 47784126, 282, 4126
0, 4779, 47790282, 47791244, 282, 1244
0, 478, 4780282, 4780970, 282, 970
0, 4780, 47800282, 47800970, 282, 970
0, 4781, 47810282, 47811432, 282, 1432
0, 4782, 47820282, 47820970, 282, 970
0, 4783, 47830282, 47830970, 282, 970
0, 4784, 47840282, 47840970, 282, 970
0, 4785, 47850282, 47851244, 282, 1244
0, 4786, 47860282, 47860970, 282, 970
0, 4787, 47870282, 47870970, 282, 970
0, 4788, 47880282, 47882081, 282, 2081
0, 4789, 47890282, 47890970, 282, 970
0, 479, 4790282, 4790970, 282, 970
0, 4790, 47900282, 47900970, 282, 970
0, 4791, 47910282, 47910970, 282, 970
0, 4792, 47920282, 47920970, 282, 970
0, 4793, 47930282, 47930970, 282, 970
0, 4794, 47940282, 47941244, 282, 1244
0, 4795, 47950282, 47952081, 282, 2081
0, 4796, 47960282, 47960970, 282, 970
0, 4797, 47970282, 47970970, 282, 970
0, 4798, 47980282, 47980970, 282, 970
0, 4799, 47990282, 47990970, 282, 970
0, 48, 480282, 481244, 282, 1244
0, 480, 4800282, 4802056, 282, 2056
0, 4800, 48000282, 48001669, 282, 1669
0, 4801, 48010282, 48010970, 282, 970
0, 4802, 48020282, 48022056, 282, 2056
0, 4803, 48030282, 48030970, 282, 970
0, 4804, 48040282, 48040970, 282, 970
0, 4805, 48050282, 48050970, 282, 970
0, 4806, 48060282, 48061244, 282, 1244
0, 4807, 48070282, 48070970, 282, 970
0, 4808, 48080282, 48080970, 282, 970
0, 4809, 48090282, 48091669, 282, 1669
0, 481, 4810282, 4810970, 282, 970
0, 4810, 48100282, 48100970, 282, 970
0, 4811, 48110282, 48110970, 282, 970
0, 4812, 48120282, 48121244, 282, 1244
0, 4813, 48130282, 48130970, 282, 970
0, 4814, 48140282, 48140970, 282, 970
0, 4815, 48150282, 48150970, 282, 970
0, 4816, 48160282, 48162081, 282, 2081
0, 4817, 48170282, 48170970, 282, 970
0, 4818, 48180282, 48180970, 282, 970
0, 4819, 48190282, 48190970, 282, 970
0, 482, 4820282, 4820970, 282, 970
0, 4820, 48200282, 48202056, 282, 2056
0, 4821, 48210282, 48210970, 282, 970
0, 4822, 48220282, 48220970, 282, 970
0, 4823, 48230282, 48231391, 282, 1391
0, 4824, 48240282, 48241244, 282, 1244
0, 4825, 48250282, 48250970, 282, 970
0, 4826, 48260282, 48260970, 282, 970
0, 4827, 48270282, 48270970, 282, 970
0, 4828, 48280282, 48280970, 282, 970
0, 4829, 48290282, 48290970, 282, 970
0, 483, 4830282, 4831669, 282, 1669
0, 4830, 48300282, 48302081, 282, 2081
0, 4831, 48310282, 48310970, 282, 970
0, 4832, 48320282, 48320970, 282, 970
0, 4833, 48330282, 48330970, 282, 970
0, 4834, 48340282, 48340970, 282, 970
0, 4835, 48350282, 48350970, 282, 970
0, 4836, 48360282, 48360970, 282, 970
0, 4837, 48370282, 48372081, 282, 2081
0, 4838, 48380282, 48382353, 282, 2353
0, 4839, 48390282, 48390970, 282, 970
0, 484, 4840282, 4840970, 282, 970
0, 4840, 48400282, 48402056, 282, 2056
0, 4841, 48410282, 48410970, 282, 970
0, 4842, 48420282, 48420970, 282, 970
0, 4843, 48430282, 48430970, 282, 970
0, 4844, 48440282, 48442056, 282, 2056
0, 4845, 48450282, 48451244, 282, 1244
0, 4846, 48460282, 48460970, 282, 970
0, 4847, 48470282, 48470970, 282, 970
0, 4848, 48480282, 48482056, 282, 2056
0, 4849, 48490282, 48490970, 282, 970
0, 485, 4850282, 4850970, 282, 970
0, 4850, 48500282, 48500970, 282, 970
0, 4851, 48510282, 48511669, 282, 1669
0, 4852, 48520282, 48520970, 282, 970
0, 4853, 48530282, 48530970, 282, 970
0, 4854, 48540282, 48541244, 282, 1244
0, 4855, 48550282, 48550970, 282, 970
0, 4856, 48560282, 48560970, 282, 970
0, 4857, 48570282, 48570970, 282, 970
0, 4858, 48580282, 48582056, 282, 2056
0, 4859, 48590282, 48590970, 282, 970
0, 486, 4860282, 4861244, 282, 1244
0, 4860, 48600282, 48601244, 282, 1244
0, 4861, 48610282, 48610970, 282, 970
0, 4862, 48620282, 48620970, 282, 970
0, 4863, 48630282, 48630970, 282, 970
0, 4864, 48640282, 48640970, 282, 970
0, 4865, 48650282, 48652081, 282, 2081
0, 4866, 48660282, 48660970, 282, 970
0, 4867, 48670282, 48670970, 282, 970
0, 4868, 48680282, 48680970, 282, 970
0, 4869, 48690282, 48690970, 282, 970
0, 487, 4870282, 4870970, 282, 970
0, 4870, 48700282, 48700970, 282, 970
0, 4871, 48710282, 48710970, 282, 970
0, 4872, 48720282, 48724047, 282, 4047
0, 4873, 48730282, 48732072, 282, 2072
0, 4874, 48740282, 48740970, 282, 970
0, 4875, 48750282, 48750970, 282, 970
0, 4876, 48760282, 48760970, 282, 970
0, 4877, 48770282, 48770970, 282, 970
0, 4878, 48780282, 48780970, 282, 970
0, 4879, 48790282, 48792081, 282, 2081
0, 488, 4880282, 4880970, 282, 970
0, 4880, 48800282, 48802056, 282, 2056
0, 4881, 48810282, 48811244, 282, 1244
0, 4882, 48820282, 48820970, 282, 970
0, 4883, 48830282, 48830970, 282, 970
0, 4884, 48840282, 48840970, 282, 970
0, 4885, 48850282, 48850970, 282, 970
0, 4886, 48860282, 48862056, 282, 2056
0, 4887, 48870282, 48870970, 282, 970
0, 4888, 48880282, 48880970, 282, 970
0, 4889, 48890282, 48890970, 282, 970
0, 489, 4890282, 4890970, 282, 970
0, 4890, 48900282, 48902056, 282, 2056
0, 4891, 48910282, 48910970, 282, 970
0, 4892, 48920282, 48920970, 282, 970
0, 4893, 48930282, 48931669, 282, 1669
0, 4894, 48940282, 48940970, 282, 970
0, 4895, 48950282, 48950970, 282, 970
0, 4896, 48960282, 48961669, 282, 1669
0, 4897, 48970282, 48970970, 282, 970
0, 4898, 48980282, 48980970, 282, 970
0, 4899, 48990282, 48990970, 282, 970
0, 49, 490282, 490970, 282, 970
0, 490, 4900282, 4902072, 282, 2072
0, 4900, 49000282, 49002072, 282, 2072
0, 4901, 49010282, 49010970, 282, 970
0, 4902, 49020282, 49020970, 282, 970
0, 4903, 49030282, 49030970, 282, 970
0, 4904, 49040282, 49040970, 282, 970
0, 4905, 49050282, 49051244, 282, 1244
0, 4906, 49060282, 49060970, 282, 970
0, 4907, 49070282, 49072081, 282, 2081
0, 4908, 49080282, 49080970, 282, 970
0, 4909, 49090282, 49090970, 282, 970
0, 491, 4910282, 4910970, 282, 970
0, 4910, 49100282, 49100970, 282, 970
0, 4911, 49110282, 49110970, 282, 970
0, 4912, 49120282, 49120970, 282, 970
0, 4913, 49130282, 49130970, 282, 970
0, 4914, 49140282, 49142081, 282, 2081
0, 4915, 49150282, 49152072, 282, 2072
0, 4916, 49160282, 49160970, 282, 970
0, 4917, 49170282, 49170970, 282, 970
0, 4918, 49180282, 49180970, 282, 970
0, 4919, 49190282, 49190970, 282, 970
0, 492, 4920282, 4920970, 282, 970
0, 4920, 49200282, 49201669, 282, 1669
0, 4921, 49210282, 49210970, 282, 970
0, 4922, 49220282, 49220970, 282, 970
0, 4923, 49230282, 49230970, 282, 970
0, 4924, 49240282, 49240970, 282, 970
0, 4925, 49250282, 49250970, 282, 970
0, 4926, 49260282, 49260970, 282, 970
0, 4927, 49270282, 49270970, 282, 970
0, 4928, 49280282, 49282081, 282, 2081
0, 4929, 49290282, 49290970, 282, 970
0, 493, 4930282, 4930970, 282, 970
0, 4930, 49300282, 49300970, 282, 970
0, 4931, 49310282, 49310970, 282, 970
0, 4932, 49320282, 49321669, 282, 1669
0, 4933, 49330282, 49330970, 282, 970
0, 4934, 49340282, 49340970, 282, 970
0, 4935, 49350282, 49352072, 282, 2072
0, 4936, 49360282, 49360970, 282, 970
0, 4937, 49370282, 49370970, 282, 970
0, 4938, 49380282, 49380970, 282, 970
0, 4939, 49390282, 49390970, 282, 970
0, 494, 4940282, 4943282, 282, 3282
0, 4940, 49400282, 49400970, 282, 970
0, 4941, 49410282, 49410970, 282, 970
0, 4942, 49420282, 49422056, 282, 2056
0, 4943, 49430282, 49430970, 282, 970
0, 4944, 49440282, 49441244, 282, 1244
0, 4945, 49450282, 49450970, 282, 970
0, 4946, 49460282, 49460970, 282, 970
0, 4947, 49470282, 49470970, 282, 970
0, 4948, 49480282, 49480970, 282, 970
0, 4949, 49490282, 49492081, 282, 2081
0, 495, 4950282, 4951244, 282, 1244
0, 4950, 49500282, 49501669, 282, 1669
0, 4951, 49510282, 49510970, 282, 970
0, 4952, 49520282, 49520970, 282, 970
0, 4953, 49530282, 49530970, 282, 970
0, 4954, 49540282, 49540970, 282, 970
0, 4955, 49550282, 49550970, 282, 970
0, 4956, 49560282, 49562081, 282, 2081
0, 4957, 49570282, 49570970, 282, 970
0, 4958, 49580282, 49580970, 282, 970
0, 4959, 49590282, 49590970, 282, 970
0, 496, 4960282, 4960970, 282, 970
0, 4960, 49600282, 49602056, 282, 2056
0, 4961, 49610282, 49610970, 282, 970
0, 4962, 49620282, 49620970, 282, 970
0, 4963, 49630282, 49630970, 282, 970
0, 4964, 49640282, 49640970, 282, 970
0, 4965, 49650282, 49651244, 282, 1244
0, 4966, 49660282, 49660970, 282, 970
0, 4967, 49670282, 49670970, 282, 970
0, 4968, 49680282, 49681244, 282, 1244
0, 4969, 49690282, 49690970, 282, 970
0, 497, 4970282, 4971139, 282, 1139
0, 4970, 49700282, 49702072, 282, 2072
0, 4971, 49710282, 49710970, 282, 970
0, 4972, 49720282, 49720970, 282, 970
0, 4973, 49730282, 49730970, 282, 970
0, 4974, 49740282, 49741669, 282, 1669
0, 4975, 49750282, 49750970, 282, 970
0, 4976, 49760282, 49760970, 282, 970
0, 4977, 49770282, 49771669, 282, 1669
0, 4978, 49780282, 49780970, 282, 970
0, 4979, 49790282, 49790970, 282, 970
0, 498, 4980282, 4980970, 282, 970
0, 4980, 49800282, 49801244, 282, 1244
0, 4981, 49810282, 49810970, 282, 970
0, 4982, 49820282, 49820970, 282, 970
0, 4983, 49830282, 49830970, 282, 970
0, 4984, 49840282, 49843757, 282, 3757
0, 4985, 49850282, 49850970, 282, 970
0, 4986, 49860282, 49860970, 282, 970
0, 4987, 49870282, 49870970, 282, 970
0, 4988, 49880282, 49880970, 282, 970
0, 4989, 49890282, 49890970, 282, 970
0, 499, 4990282, 4990970, 282, 970
0, 4990, 49900282, 49900970, 282, 970
0, 4991, 49910282, 49912081, 282, 2081
0, 4992, 49920282, 49921669, 282, 1669
0, 4993, 49930282, 49930970, 282, 970
0, 4994, 49940282, 49940970, 282, 970
0, 4995, 49950282, 49951244, 282, 1244
0, 4996, 49960282, 49960970, 282, 970
0, 4997, 49970282, 49970970, 282, 970
0, 4998, 49980282, 49982081, 282, 2081
0, 4999, 49990282, 49990970, 282, 970
0, 5, 50282, 50970, 282, 970
0, 50, 500282, 500970, 282, 970
0, 500, 5000282, 5000970, 282, 970
0, 5000, 50000282, 50002056, 282, 2056
0, 5001, 50010282, 50010970, 282, 970
0, 5002, 50020282, 50020970, 282, 970
0, 5003, 50030282, 50030970, 282, 970
0, 5004, 50040282, 50040970, 282, 970
0, 5005, 50050282, 50052072, 282, 2072
0, 5006, 50060282, 50060970, 282, 970
0, 5007, 50070282, 50070970, 282, 970
0, 5008, 50080282, 50080970, 282, 970
0, 5009, 50090282, 50090970, 282, 970
0, 501, 5010282, 5010970, 282, 970
0, 5010, 50100282, 50101669, 282, 1669
0, 5011, 50110282, 50110970, 282, 970
0, 5012, 50120282, 50122056, 282, 2056
0, 5013, 50130282, 50130970, 282, 970
0, 5014, 50140282, 50140970, 282, 970
0, 5015, 50150282, 50150970, 282, 970
0, 5016, 50160282, 50162056, 282, 2056
0, 5017, 50170282, 50170970, 282, 970
0, 5018, 50180282, 50180970, 282, 970
0, 5019, 50190282, 50191669, 282, 1669
0, 502, 5020282, 5020970, 282, 970
0, 5020, 50200282, 50200970, 282, 970
0, 5021, 50210282, 50210970, 282, 970
0, 5022, 50220282, 50220970, 282, 970
0, 5023, 50230282, 50230970, 282, 970
0, 5024, 50240282, 50240970, 282, 970
0, 5025, 50250282, 50251526, 282, 1526
0, 5026, 50260282, 50262081, 282, 2081
0, 5027, 50270282, 50270970, 282, 970
0, 5028, 50280282, 50280970, 282, 970
0, 5029, 50290282, 50290970, 282, 970
0, 503, 5030282, 5030970, 282, 970
0, 5030, 50300282, 50300970, 282, 970
0, 5031, 50310282, 50310970, 282, 970
0, 5032, 50320282, 50320970, 282, 970
0, 5033, 50330282, 50332273, 282, 2273
0, 5034, 50340282, 50342056, 282, 2056
0, 5035, 50350282, 50350970, 282, 970
0, 5036, 50360282, 50360970, 282, 970
0, 5037, 50370282, 50370970, 282, 970
0, 5038, 50380282, 50380970, 282, 970
0, 5039, 50390282, 50390970, 282, 970
0, 504, 5040282, 5044047, 282, 4047
0, 5040, 50400282, 50402081, 282, 2081
0, 5041, 50410282, 50410970, 282, 970
0, 5042, 50420282, 50420970, 282, 970
0, 5043, 50430282, 50430970, 282, 970
0, 5044, 50440282, 50440970, 282, 970
0, 5045, 50450282, 50450970, 282, 970
0, 5046, 50460282, 50460970, 282, 970
0, 5047, 50470282, 50470970, 282, 970
0, 5048, 50480282, 50480970, 282, 970
0, 5049, 50490282, 50490970, 282, 970
0, 505, 5050282, 5050970, 282, 970
0, 5050, 50500282, 50500970, 282, 970
0, 5051, 50510282, 50511962, 282, 1962
0, 5052, 50520282, 50521244, 282, 1244
0, 5053, 50530282, 50530970, 282, 970
0, 5054, 50540282, 50542056, 282, 2056
0, 5055, 50550282, 50550970, 282, 970
0, 5056, 50560282, 50560970, 282, 970
0, 5057, 50570282, 50570970, 282, 970
0, 5058, 50580282, 50581669, 282, 1669
0, 5059, 50590282, 50590970, 282, 970
0, 506, 5060282, 5060970, 282, 970
0, 5060, 50600282, 50600970, 282, 970
0, 5061, 50610282, 50611669, 282, 1669
0, 5062, 50620282, 50620970, 282, 970
0, 5063, 50630282, 50630970, 282, 970
0, 5064, 50640282, 50641244, 282, 1244
0, 5065, 50650282, 50650970, 282, 970
0, 5066, 50660282, 50660970, 282, 970
0, 5067, 50670282, 50670970, 282, 970
0, 5068, 50680282, 50682081, 282, 2081
0, 5069, 50690282, 50690970, 282, 970
0, 507, 5070282, 5070970, 282, 970
0, 5070, 50700282, 50701244, 282, 1244
0, 5071, 50710282, 50710970, 282, 970
0, 5072, 50720282, 50720970, 282, 970
0, 5073, 50730282, 50730970, 282, 970
0, 5074, 50740282, 50740970, 282, 970
0, 5075, 50750282, 50752081, 282, 2081
0, 5076, 50760282, 50761244, 282, 1244
0, 5077, 50770282, 50770970, 282, 970
0, 5078, 50780282, 50780970, 282, 970
0, 5079, 50790282, 50790970, 282, 970
0, 508, 5080282, 5080970, 282, 970
0, 5080, 50800282, 50800970, 282, 970
0, 5081, 50810282, 50810970, 282, 970
0, 5082, 50820282, 50822056, 282, 2056
0, 5083, 50830282, 50830970, 282, 970
0, 5084, 50840282, 50840970, 282, 970
0, 5085, 50850282, 50851244, 282, 1244
0, 5086, 50860282, 50860970, 282, 970
0, 5087, 50870282, 50870970, 282, 970
0, 5088, 50880282, 50881244, 282, 1244
0, 5089, 50890282, 50890970, 282, 970
0, 509, 5090282, 5090970, 282, 970
0, 5090, 50900282, 50900970, 282, 970
0, 5091, 50910282, 50910970, 282, 970
0, 5092, 50920282, 50920970, 282, 970
0, 5093, 50930282, 50933079, 282, 3079
0, 5094, 50940282, 50941244, 282, 1244
0, 5095, 50950282, 50950970, 282, 970
0, 5096, 50960282, 50962081, 282, 2081
0, 5097, 50970282, 50970970, 282, 970
0, 5098, 50980282, 50980970, 282, 970
0, 5099, 50990282, 50990970, 282, 970
0, 51, 510282, 510970, 282, 970
0, 510, 5100282, 5101669, 282, 1669
0, 5100, 51000282, 51002056, 282, 2056
0, 5101, 51010282, 51010970, 282, 970
0, 5102, 51020282, 51020970, 282, 970
0, 5103, 51030282, 51032081, 282, 2081
0, 5104, 51040282, 51040970, 282, 970
0, 5105, 51050282, 51050970, 282, 970
0, 5106, 51060282, 51060970, 282, 970
0, 5107, 51070282, 51070970, 282, 970
0, 5108, 51080282, 51080970, 282, 970
0, 5109, 51090282, 51090970, 282, 970
0, 511, 5110282, 5112081, 282, 2081
0, 5110, 51100282, 51102081, 282, 2081
0, 5111, 51110282, 51110970, 282, 970
0, 5112, 51120282, 51121669, 282, 1669
0, 5113, 51130282, 51130970, 282, 970
0, 5114, 51140282, 51140970, 282, 970
0, 5115, 51150282, 51150970, 282, 970
0, 5116, 51160282, 51160970, 282, 970
0, 5117, 51170282, 51172081, 282, 2081
0, 5118, 51180282, 51181244, 282, 1244
0, 5119, 51190282, 51190970, 282, 970
0, 512, 5120282, 5120970, 282, 970
0, 5120, 51200282, 51202056, 282, 2056
0, 5121, 51210282, 51210970, 282, 970
0, 5122, 51220282, 51220970, 282, 970
0, 5123, 51230282, 51230970, 282, 970
0, 5124, 51240282, 51242056, 282, 2056
0, 5125, 51250282, 51250970, 282, 970
0, 5126, 51260282, 51260970, 282, 970
0, 5127, 51270282, 51270970, 282, 970
0, 5128, 51280282, 51282056, 282, 2056
0, 5129, 51290282, 51290970, 282, 970
0, 513, 5130282, 5130970, 282, 970
0, 5130, 51300282, 51301244, 282, 1244
0, 5131, 51310282, 51310970, 282, 970
0, 5132, 51320282, 51320970, 282, 970
0, 5133, 51330282, 51330970, 282, 970
0, 5134, 51340282, 51340970, 282, 970
0, 5135, 51350282, 51353282, 282, 3282
0, 5136, 51360282, 51361669, 282, 1669
0, 5137, 51370282, 51370970, 282, 970
0, 5138, 51380282, 51382056, 282, 2056
0, 5139, 51390282, 51390970, 282, 970
0, 514, 5140282, 5140970, 282, 970
0, 5140, 51400282, 51400970, 282, 970
0, 5141, 51410282, 51410970, 282, 970
0, 5142, 51420282, 51421244, 282, 1244
0, 5143, 51430282, 51430970, 282, 970
0, 5144, 51440282, 51440970, 282, 970
0, 5145, 51450282, 51452081, 282, 2081
0, 5146, 51460282, 51460970, 282, 970
0, 5147, 51470282, 51470970, 282, 970
0, 5148, 51480282, 51480970, 282, 970
0, 5149, 51490282, 51490970, 282, 970
0, 515, 5150282, 5150970, 282, 970
0, 5150, 51500282, 51500970, 282, 970
0, 5151, 51510282, 51510970, 282, 970
0, 5152, 51520282, 51524047, 282, 4047
0, 5153, 51530282, 51532072, 282, 2072
0, 5154, 51540282, 51541244, 282, 1244
0, 5155, 51550282, 51550970, 282, 970
0, 5156, 51560282, 51560970, 282, 970
0, 5157, 51570282, 51570970, 282, 970
0, 5158, 51580282, 51580970, 282, 970
0, 5159, 51590282, 51590970, 282, 970
0, 516, 5160282, 5160970, 282, 970
0, 5160, 51600282, 51602056, 282, 2056
0, 5161, 51610282, 51610970, 282, 970
0, 5162, 51620282, 51620970, 282, 970
0, 5163, 51630282, 51631244, 282, 1244
0, 5164, 51640282, 51640970, 282, 970
0, 5165, 51650282, 51650970, 282, 970
0, 5166, 51660282, 51662056, 282, 2056
0, 5167, 51670282, 51670970, 282, 970
0, 5168, 51680282, 51680970, 282, 970
0, 5169, 51690282, 51690970, 282, 970
0, 517, 5170282, 5170970, 282, 970
0, 5170, 51700282, 51702056, 282, 2056
0, 5171, 51710282, 51710970, 282, 970
0, 5172, 51720282, 51720970, 282, 970
0, 5173, 51730282, 51730970, 282, 970
0, 5174, 51740282, 51740970, 282, 970
0, 5175, 51750282, 51750970, 282, 970
0, 5176, 51760282, 51760970, 282, 970
0, 5177, 51770282, 51770970, 282, 970
0, 5178, 51780282, 51781244, 282, 1244
0, 5179, 51790282, 51790970, 282, 970
0, 518, 5180282, 5182056, 282, 2056
0, 5180, 51800282, 51802072, 282, 2072
0, 5181, 51810282, 51810970, 282, 970
0, 5182, 51820282, 51820970, 282, 970
0, 5183, 51830282, 51830970, 282, 970
0, 5184, 51840282, 51841669, 282, 1669
0, 5185, 51850282, 51850970, 282, 970
0, 5186, 51860282, 51860970, 282, 970
0, 5187, 51870282, 51872081, 282, 2081
0, 5188, 51880282, 51880970, 282, 970
0, 5189, 51890282, 51890970, 282, 970
0, 519, 5190282, 5190970, 282, 970
0, 5190, 51900282, 51901244, 282, 1244
0, 5191, 51910282, 51910970, 282, 970
0, 5192, 51920282, 51920970, 282, 970
0, 5193, 51930282, 51930970, 282, 970
0, 5194, 51940282, 51942081, 282, 2081
0, 5195, 51950282, 51952072, 282, 2072
0, 5196, 51960282, 51961244, 282, 1244
0, 5197, 51970282, 51970970, 282, 970
0, 5198, 51980282, 51980970, 282, 970
0, 5199, 51990282, 51990970, 282, 970
0, 52, 520282, 520970, 282, 970
0, 520, 5200282, 5202056, 282, 2056
0, 5200, 52000282, 52000970, 282, 970
0, 5201, 52010282, 52010970, 282, 970
0, 5202, 52020282, 52021244, 282, 1244
0, 5203, 52030282, 52030970, 282, 970
0, 5204, 52040282, 52040970, 282, 970
0, 5205, 52050282, 52051669, 282, 1669
0, 5206, 52060282, 52060970, 282, 970
0, 5207, 52070282, 52070970, 282, 970
0, 5208, 52080282, 52082081, 282, 2081
0, 5209, 52090282, 52090970, 282, 970
0, 521, 5210282, 5210970, 282, 970
0, 5210, 52100282, 52100970, 282, 970
0, 5211, 52110282, 52110970, 282, 970
0, 5212, 52120282, 52120970, 282, 970
0, 5213, 52130282, 52130970, 282, 970
0, 5214, 52140282, 52140970, 282, 970
0, 5215, 52150282, 52152072, 282, 2072
0, 5216, 52160282, 52160970, 282, 970
0, 5217, 52170282, 52170970, 282, 970
0, 5218, 52180282, 52180970, 282, 970
0, 5219, 52190282, 52190970, 282, 970
0, 522, 5220282, 5221244, 282, 1244
0, 5220, 52200282, 52201669, 282, 1669
0, 5221, 52210282, 52210970, 282, 970
0, 5222, 52220282, 52222081, 282, 2081
0, 5223, 52230282, 52230970, 282, 970
0, 5224, 52240282, 52240970, 282, 970
0, 5225, 52250282, 52250970, 282, 970
0, 5226, 52260282, 52261244, 282, 1244
0, 5227, 52270282, 52270970, 282, 970
0, 5228, 52280282, 52280970, 282, 970
0, 5229, 52290282, 52292081, 282, 2081
0, 523, 5230282, 5230970, 282, 970
0, 5230, 52300282, 52302001, 282, 2001
0, 5231, 52310282, 52310970, 282, 970
0, 5232, 52320282, 52321244, 282, 1244
0, 5233, 52330282, 52330970, 282, 970
0, 5234, 52340282, 52340970, 282, 970
0, 5235, 52350282, 52350970, 282, 970
0, 5236, 52360282, 52362081, 282, 2081
0, 5237, 52370282, 52370970, 282, 970
0, 5238, 52380282, 52381244, 282, 1244
0, 5239, 52390282, 52390970, 282, 970
0, 524, 5240282, 5240970, 282, 970
0, 5240, 52400282, 52402056, 282, 2056
0, 5241, 52410282, 52410970, 282, 970
0, 5242, 52420282, 52420970, 282, 970
0, 5243, 52430282, 52430970, 282, 970
0, 5244, 52440282, 52440970, 282, 970
0, 5245, 52450282, 52450970, 282, 970
0, 5246, 52460282, 52460970, 282, 970
0, 5247, 52470282, 52471244, 282, 1244
0, 5248, 52480282, 52480970, 282, 970
0, 5249, 52490282, 52490970, 282, 970
0, 525, 5250282, 5252072, 282, 2072
0, 5250, 52500282, 52502072, 282, 2072
0, 5251, 52510282, 52510970, 282, 970
0, 5252, 52520282, 52520970, 282, 970
0, 5253, 52530282, 52530970, 282, 970
0, 5254, 52540282, 52540970, 282, 970
0, 5255, 52550282, 52550970, 282, 970
0, 5256, 52560282, 52561669, 282, 1669
0, 5257, 52570282, 52570970, 282, 970
0, 5258, 52580282, 52580970, 282, 970
0, 5259, 52590282, 52590970, 282, 970
0, 526, 5260282, 5260970, 282, 970
0, 5260, 52600282, 52600970, 282, 970
0, 5261, 52610282, 52610970, 282, 970
0, 5262, 52620282, 52621244, 282, 1244
0, 5263, 52630282, 52630970, 282, 970
0, 5264, 52640282, 52644047, 282, 4047
0, 5265, 52650282, 52651244, 282, 1244
0, 5266, 52660282, 52660970, 282, 970
0, 5267, 52670282, 52670970, 282, 970
0, 5268, 52680282, 52681244, 282, 1244
0, 5269, 52690282, 52690970, 282, 970
0, 527, 5270282, 5270970, 282, 970
0, 5270, 52700282, 52700970, 282, 970
0, 5271, 52710282, 52712081, 282, 2081
0, 5272, 52720282, 52720970, 282, 970
0, 5273, 52730282, 52730970, 282, 970
0, 5274, 52740282, 52740970, 282, 970
0, 5275, 52750282, 52750970, 282, 970
0, 5276, 52760282, 52760970, 282, 970
0, 5277, 52770282, 52770970, 282, 970
0, 5278, 52780282, 52782056, 282, 2056
0, 5279, 52790282, 52790970, 282, 970
0, 528, 5280282, 5281669, 282, 1669
0, 5280, 52800282, 52802056, 282, 2056
0, 5281, 52810282, 52810970, 282, 970
0, 5282, 52820282, 52820970, 282, 970
0, 5283, 52830282, 52830970, 282, 970
0, 5284, 52840282, 52840970, 282, 970
0, 5285, 52850282, 52852072, 282, 2072
0, 5286, 52860282, 52860970, 282, 970
0, 5287, 52870282, 52870970, 282, 970
0, 5288, 52880282, 52882030, 282, 2030
0, 5289, 52890282, 52891669, 282, 1669
0, 529, 5290282, 5290970, 282, 970
0, 5290, 52900282, 52900970, 282, 970
0, 5291, 52910282, 52910970, 282, 970
0, 5292, 52920282, 52922056, 282, 2056
0, 5293, 52930282, 52930970, 282, 970
0, 5294, 52940282, 52940970, 282, 970
0, 5295, 52950282, 52950970, 282, 970
0, 5296, 52960282, 52962056, 282, 2056
0, 5297, 52970282, 52970970, 282, 970
0, 5298, 52980282, 52981244, 282, 1244
0, 5299, 52990282, 52992081, 282, 2081
0, 53, 530282, 531536, 282, 1536
0, 530, 5300282, 5300970, 282, 970
0, 5300, 53000282, 53000970, 282, 970
0, 5301, 53010282, 53010970, 282, 970
0, 5302, 53020282, 53020970, 282, 970
0, 5303, 53030282, 53030970, 282, 970
0, 5304, 53040282, 53041669, 282, 1669
0, 5305, 53050282, 53050970, 282, 970
0, 5306, 53060282, 53062081, 282, 2081
0, 5307, 53070282, 53070970, 282, 970
0, 5308, 53080282, 53080970, 282, 970
0, 5309, 53090282, 53090970, 282, 970
0, 531, 5310282, 5310970, 282, 970
0, 5310, 53100282, 53101669, 282, 1669
0, 5311, 53110282, 53110970, 282, 970
0, 5312, 53120282, 53120970, 282, 970
0, 5313, 53130282, 53132081, 282, 2081
0, 5314, 53140282, 53140970, 282, 970
0, 5315, 53150282, 53150970, 282, 970
0, 5316, 53160282, 53161244, 282, 1244
0, 5317, 53170282, 53170970, 282, 970
0, 5318, 53180282, 53180970, 282, 970
0, 5319, 53190282, 53190970, 282, 970
0, 532, 5320282, 5322056, 282, 2056
0, 5320, 53200282, 53202081, 282, 2081
0, 5321, 53210282, 53210970, 282, 970
0, 5322, 53220282, 53221244, 282, 1244
0, 5323, 53230282, 53230970, 282, 970
0, 5324, 53240282, 53240970, 282, 970
0, 5325, 53250282, 53250970, 282, 970
0, 5326, 53260282, 53260970, 282, 970
0, 5327, 53270282, 53270970, 282, 970
0, 5328, 53280282, 53281244, 282, 1244
0, 5329, 53290282, 53290970, 282, 970
0, 533, 5330282, 5330970, 282, 970
0, 5330, 53300282, 53300970, 282, 970
0, 5331, 53310282, 53311244, 282, 1244
0, 5332, 53320282, 53320970, 282, 970
0, 5333, 53330282, 53330970, 282, 970
0, 5334, 53340282, 53342056, 282, 2056
0, 5335, 53350282, 53350970, 282, 970
0, 5336, 53360282, 53360970, 282, 970
0, 5337, 53370282, 53370970, 282, 970
0, 5338, 53380282, 53380970, 282, 970
0, 5339, 53390282, 53390970, 282, 970
0, 534, 5340282, 5340970, 282, 970
0, 5340, 53400282, 53401669, 282, 1669
0, 5341, 53410282, 53412081, 282, 2081
0, 5342, 53420282, 53420970, 282, 970
0, 5343, 53430282, 53430970, 282, 970
0, 5344, 53440282, 53440970, 282, 970
0, 5345, 53450282, 53450970, 282, 970
0, 5346, 53460282, 53460970, 282, 970
0, 5347, 53470282, 53470970, 282, 970
0, 5348, 53480282, 53482081, 282, 2081
0, 5349, 53490282, 53491244, 282, 1244
0, 535, 5350282, 5350970, 282, 970
0, 5350, 53500282, 53500970, 282, 970
0, 5351, 53510282, 53510970, 282, 970
0, 5352, 53520282, 53521669, 282, 1669
0, 5353, 53530282, 53530970, 282, 970
0, 5354, 53540282, 53540970, 282, 970
0, 5355, 53550282, 53552081, 282, 2081
0, 5356, 53560282, 53560970, 282, 970
0, 5357, 53570282, 53570970, 282, 970
0, 5358, 53580282, 53580970, 282, 970
0, 5359, 53590282, 53590970, 282, 970
0, 536, 5360282, 5362056, 282, 2056
0, 5360, 53600282, 53600970, 282, 970
0, 5361, 53610282, 53610970, 282, 970
0, 5362, 53620282, 53622056, 282, 2056
0, 5363, 53630282, 53630970, 282, 970
0, 5364, 53640282, 53641244, 282, 1244
0, 5365, 53650282, 53650970, 282, 970
0, 5366, 53660282, 53660970, 282, 970
0, 5367, 53670282, 53670970, 282, 970
0, 5368, 53680282, 53680970, 282, 970
0, 5369, 53690282, 53690970, 282, 970
0, 537, 5370282, 5371669, 282, 1669
0, 5370, 53700282, 53701244, 282, 1244
0, 5371, 53710282, 53710970, 282, 970
0, 5372, 53720282, 53720970, 282, 970
0, 5373, 53730282, 53731897, 282, 1897
0, 5374, 53740282, 53740970, 282, 970
0, 5375, 53750282, 53750970, 282, 970
0, 5376, 53760282, 53762081, 282, 2081
0, 5377, 53770282, 53770970, 282, 970
0, 5378, 53780282, 53780970, 282, 970
0, 5379, 53790282, 53790970, 282, 970
0, 538, 5380282, 5380970, 282, 970
0, 5380, 53800282, 53800970, 282, 970
0, 5381, 53810282, 53810970, 282, 970
0, 5382, 53820282, 53821244, 282, 1244
0, 5383, 53830282, 53832081, 282, 2081
0, 5384, 53840282, 53840970, 282, 970
0, 5385, 53850282, 53850970, 282, 970
0, 5386, 53860282, 53860970, 282, 970
0, 5387, 53870282, 53870970, 282, 970
0, 5388, 53880282, 53880970, 282, 970
0, 5389, 53890282, 53890970, 282, 970
0, 539, 5390282, 5392081, 282, 2081
0, 5390, 53900282, 53902081, 282, 2081
0, 5391, 53910282, 53911545, 282, 1545
0, 5392, 53920282, 53920970, 282, 970
0, 5393, 53930282, 53930970, 282, 970
0, 5394, 53940282, 53941244, 282, 1244
0, 5395, 53950282, 53950970, 282, 970
0, 5396, 53960282, 53960970, 282, 970
0, 5397, 53970282, 53971669, 282, 1669
0, 5398, 53980282, 53980970, 282, 970
0, 5399, 53990282, 53990970, 282, 970
0, 54, 540282, 541244, 282, 1244
0, 540, 5400282, 5401244, 282, 1244
0, 5400, 54000282, 54002056, 282, 2056
0, 5401, 54010282, 54010970, 282, 970
0, 5402, 54020282, 54020970, 282, 970
0, 5403, 54030282, 54030970, 282, 970
0, 5404, 54040282, 54042056, 282, 2056
0, 5405, 54050282, 54050970, 282, 970
0, 5406, 54060282, 54061244, 282, 1244
0, 5407, 54070282, 54070970, 282, 970
0, 5408, 54080282, 54082056, 282, 2056
0, 5409, 54090282, 54090970, 282, 970
0, 541, 5410282, 5410970, 282, 970
0, 5410, 54100282, 54100970, 282, 970
0, 5411, 54110282, 54110970, 282, 970
0, 5412, 54120282, 54120970, 282, 970
0, 5413, 54130282, 54130970, 282, 970
0, 5414, 54140282, 54140970, 282, 970
0, 5415, 54150282, 54151669, 282, 1669
0, 5416, 54160282, 54160970, 282, 970
0, 5417, 54170282, 54170970, 282, 970
0, 5418, 54180282, 54182056, 282, 2056
0, 5419, 54190282, 54190970, 282, 970
0, 542, 5420282, 5420970, 282, 970
0, 5420, 54200282, 54200970, 282, 970
0, 5421, 54210282, 54210970, 282, 970
0, 5422, 54220282, 54220970, 282, 970
0, 5423, 54230282, 54230970, 282, 970
0, 5424, 54240282, 54241669, 282, 1669
0, 5425, 54250282, 54252159, 282, 2159
0, 5426, 54260282, 54260970, 282, 970
0, 5427, 54270282, 54270970, 282, 970
0, 5428, 54280282, 54280970, 282, 970
0, 5429, 54290282, 54290970, 282, 970
0, 543, 5430282, 5430970, 282, 970
0, 5430, 54300282, 54301244, 282, 1244
0, 5431, 54310282, 54310970, 282, 970
0, 5432, 54320282, 54324047, 282, 4047
0, 5433, 54330282, 54331445, 282, 1445
0, 5434, 54340282, 54340970, 282, 970
0, 5435, 54350282, 54350970, 282, 970
0, 5436, 54360282, 54361244, 282, 1244
0, 5437, 54370282, 54370970, 282, 970
0, 5438, 54380282, 54380970, 282, 970
0, 5439, 54390282, 54391669, 282, 1669
0, 544, 5440282, 5440970, 282, 970
0, 5440, 54400282, 54402056, 282, 2056
0, 5441, 54410282, 54410970, 282, 970
0, 5442, 54420282, 54421244, 282, 1244
0, 5443, 54430282, 54430970, 282, 970
0, 5444, 54440282, 54440970, 282, 970
0, 5445, 54450282, 54450970, 282, 970
0, 5446, 54460282, 54462056, 282, 2056
0, 5447, 54470282, 54470970, 282, 970
0, 5448, 54480282, 54481244, 282, 1244
0, 5449, 54490282, 54490970, 282, 970
0, 545, 5450282, 5450970, 282, 970
0, 5450, 54500282, 54502056, 282, 2056
0, 5451, 54510282, 54510970, 282, 970
0, 5452, 54520282, 54520970, 282, 970
0, 5453, 54530282, 54530970, 282, 970
0, 5454, 54540282, 54540970, 282, 970
0, 5455, 54550282, 54550970, 282, 970
0, 5456, 54560282, 54560970, 282, 970
0, 5457, 54570282, 54571244, 282, 1244
0, 5458, 54580282, 54580970, 282, 970
0, 5459, 54590282, 54590970, 282, 970
0, 546, 5460282, 5462081, 282, 2081
0, 5460, 54600282, 54602081, 282, 2081
0, 5461, 54610282, 54610970, 282, 970
0, 5462, 54620282, 54620970, 282, 970
0, 5463, 54630282, 54630970, 282, 970
0, 5464, 54640282, 54640970, 282, 970
0, 5465, 54650282, 54650970, 282, 970
0, 5466, 54660282, 54661244, 282, 1244
0, 5467, 54670282, 54672081, 282, 2081
0, 5468, 54680282, 54680970, 282, 970
0, 5469, 54690282, 54690970, 282, 970
0, 547, 5470282, 5470970, 282, 970
0, 5470, 54700282, 54700970, 282, 970
0, 5471, 54710282, 54710970, 282, 970
0, 5472, 54720282, 54721244, 282, 1244
0, 5473, 54730282, 54730970, 282, 970
0, 5474, 54740282, 54742081, 282, 2081
0, 5475, 54750282, 54751244, 282, 1244
0, 5476, 54760282, 54760970, 282, 970
0, 5477, 54770282, 54770970, 282, 970
0, 5478, 54780282, 54781244, 282, 1244
0, 5479, 54790282, 54790970, 282, 970
0, 548, 5480282, 5480970, 282, 970
0, 5480, 54800282, 54800970, 282, 970
0, 5481, 54810282, 54811669, 282, 1669
0, 5482, 54820282, 54820970, 282, 970
0, 5483, 54830282, 54830970, 282, 970
0, 5484, 54840282, 54841244, 282, 1244
0, 5485, 54850282, 54850970, 282, 970
0, 5486, 54860282, 54860970, 282, 970
0, 5487, 54870282, 54870970, 282, 970
0, 5488, 54880282, 54882081, 282, 2081
0, 5489, 54890282, 54890970, 282, 970
0, 549, 5490282, 5490970, 282, 970
0, 5490, 54900282, 54901244, 282, 1244
0, 5491, 54910282, 54910970, 282, 970
0, 5492, 54920282, 54923282, 282, 3282
0, 5493, 54930282, 54930970, 282, 970
0, 5494, 54940282, 54940970, 282, 970
0, 5495, 54950282, 54952072, 282, 2072
0, 5496, 54960282, 54961244, 282, 1244
0, 5497, 54970282, 54970970, 282, 970
0, 5498, 54980282, 54980970, 282, 970
0, 5499, 54990282, 54990970, 282, 970
0, 55, 550282, 550970, 282, 970
0, 550, 5500282, 5500970, 282, 970
0, 5500, 55000282, 55000970, 282, 970
0, 5501, 55010282, 55010970, 282, 970
0, 5502, 55020282, 55022081, 282, 2081
0, 5503, 55030282, 55030970, 282, 970
0, 5504, 55040282, 55040970, 282, 970
0, 5505, 55050282, 55050970, 282, 970
0, 5506, 55060282, 55060970, 282, 970
0, 5507, 55070282, 55070970, 282, 970
0, 5508, 55080282, 55081244, 282, 1244
0, 5509, 55090282, 55092081, 282, 2081
0, 551, 5510282, 5510970, 282, 970
0, 5510, 55100282, 55100970, 282, 970
0, 5511, 55110282, 55110970, 282, 970
0, 5512, 55120282, 55120970, 282, 970
0, 5513, 55130282, 55130970, 282, 970
0, 5514, 55140282, 55140970, 282, 970
0, 5515, 55150282, 55150970, 282, 970
0, 5516, 55160282, 55162056, 282, 2056
0, 5517, 55170282, 55170970, 282, 970
0, 5518, 55180282, 55180970, 282, 970
0, 5519, 55190282, 55190970, 282, 970
0, 552, 5520282, 5521244, 282, 1244
0, 5520, 55200282, 55202056, 282, 2056
0, 5521, 55210282, 55210970, 282, 970
0, 5522, 55220282, 55220970, 282, 970
0, 5523, 55230282, 55231669, 282, 1669
0, 5524, 55240282, 55240970, 282, 970
0, 5525, 55250282, 55250970, 282, 970
0, 5526, 55260282, 55261244, 282, 1244
0, 5527, 55270282, 55270970, 282, 970
0, 5528, 55280282, 55280970, 282, 970
0, 5529, 55290282, 55290970, 282, 970
0, 553, 5530282, 5532081, 282, 2081
0, 5530, 55300282, 55302072, 282, 2072
0, 5531, 55310282, 55310970, 282, 970
0, 5532, 55320282, 55320970, 282, 970
0, 5533, 55330282, 55330970, 282, 970
0, 5534, 55340282, 55340970, 282, 970
0, 5535, 55350282, 55351244, 282, 1244
0, 5536, 55360282, 55360970, 282, 970
0, 5537, 55370282, 55372081, 282, 2081
0, 5538, 55380282, 55380970, 282, 970
0, 5539, 55390282, 55390970, 282, 970
0, 554, 5540282, 5540970, 282, 970
0, 5540, 55400282, 55400970, 282, 970
0, 5541, 55410282, 55410970, 282, 970
0, 5542, 55420282, 55420970, 282, 970
0, 5543, 55430282, 55430970, 282, 970
0, 5544, 55440282, 55444047, 282, 4047
0, 5545, 55450282, 55451738, 282, 1738
0, 5546, 55460282, 55460970, 282, 970
0, 5547, 55470282, 55470970, 282, 970
0, 5548, 55480282, 55480970, 282, 970
0, 5549, 55490282, 55490970, 282, 970
0, 555, 5550282, 5551244, 282, 1244
0, 5550, 55500282, 55501244, 282, 1244
0, 5551, 55510282, 55512081, 282, 2081
0, 5552, 55520282, 55523114, 282, 3114
0, 5553, 55530282, 55531244, 282, 1244
0, 5554, 55540282, 55540970, 282, 970
0, 5555, 55550282, 55550970, 282, 970
0, 5556, 55560282, 55560970, 282, 970
0, 5557, 55570282, 55570970, 282, 970
0, 5558, 55580282, 55582056, 282, 2056
0, 5559, 55590282, 55590970, 282, 970
0, 556, 5560282, 5560970, 282, 970
0, 5560, 55600282, 55602056, 282, 2056
0, 5561, 55610282, 55610970, 282, 970
0, 5562, 55620282, 55621669, 282, 1669
0, 5563, 55630282, 55630970, 282, 970
0, 5564, 55640282, 55640970, 282, 970
0, 5565, 55650282, 55652072, 282, 2072
0, 5566, 55660282, 55660970, 282, 970
0, 5567, 55670282, 55670970, 282, 970
0, 5568, 55680282, 55681669, 282, 1669
0, 5569, 55690282, 55692583, 282, 2583
0, 557, 5570282, 5570970, 282, 970
0, 5570, 55700282, 55700970, 282, 970
0, 5571, 55710282, 55710970, 282, 970
0, 5572, 55720282, 55722056, 282, 2056
0, 5573, 55730282, 55730970, 282, 970
0, 5574, 55740282, 55740970, 282, 970
0, 5575, 55750282, 55750970, 282, 970
0, 5576, 55760282, 55762056, 282, 2056
0, 5577, 55770282, 55770970, 282, 970
0, 5578, 55780282, 55780970, 282, 970
0, 5579, 55790282, 55792081, 282, 2081
0, 558, 5580282, 5580970, 282, 970
0, 5580, 55800282, 55801244, 282, 1244
0, 5581, 55810282, 55810970, 282, 970
0, 5582, 55820282, 55820970, 282, 970
0, 5583, 55830282, 55830970, 282, 970
0, 5584, 55840282, 55840970, 282, 970
0, 5585, 55850282, 55850970, 282, 970
0, 5586, 55860282, 55862081, 282, 2081
0, 5587, 55870282, 55870970, 282, 970
0, 5588, 55880282, 55880970, 282, 970
0, 5589, 55890282, 55890970, 282, 970
0, 559, 5590282, 5590970, 282, 970
0, 5590, 55900282, 55900970, 282, 970
0, 5591, 55910282, 55910970, 282, 970
0, 5592, 55920282, 55921244, 282, 1244
0, 5593, 55930282, 55932081, 282, 2081
0, 5594, 55940282, 55940970, 282, 970
0, 5595, 55950282, 55951244, 282, 1244
0, 5596, 55960282, 55960970, 282, 970
0, 5597, 55970282, 55970970, 282, 970
0, 5598, 55980282, 55980970, 282, 970
0, 5599, 55990282, 55990970, 282, 970
0, 56, 560282, 562081, 282, 2081
0, 560, 5600282, 5602081, 282, 2081
0, 5600, 56000282, 56002081, 282, 2081
0, 5601, 56010282, 56010970, 282, 970
0, 5602, 56020282, 56020970, 282, 970
0, 5603, 56030282, 56030970, 282, 970
0, 5604, 56040282, 56041669, 282, 1669
0, 5605, 56050282, 56050970, 282, 970
0, 5606, 56060282, 56060970, 282, 970
0, 5607, 56070282, 56071669, 282, 1669
0, 5608, 56080282, 56080970, 282, 970
0, 5609, 56090282, 56090970, 282, 970
0, 561, 5610282, 5610970, 282, 970
0, 5610, 56100282, 56101669, 282, 1669
0, 5611, 56110282, 56110970, 282, 970
0, 5612, 56120282, 56120970, 282, 970
0, 5613, 56130282, 56130970, 282, 970
0, 5614, 56140282, 56142056, 282, 2056
0, 5615, 56150282, 56150970, 282, 970
0, 5616, 56160282, 56161244, 282, 1244
0, 5617, 56170282, 56170970, 282, 970
0, 5618, 56180282, 56180970, 282, 970
0, 5619, 56190282, 56190970, 282, 970
0, 562, 5620282, 5620970, 282, 970
0, 5620, 56200282, 56200970, 282, 970
0, 5621, 56210282, 56212081, 282, 2081
0, 5622, 56220282, 56220970, 282, 970
0, 5623, 56230282, 56230970, 282, 970
0, 5624, 56240282, 56240970, 282, 970
0, 5625, 56250282, 56251244, 282, 1244
0, 5626, 56260282, 56260970, 282, 970
0, 5627, 56270282, 56270970, 282, 970
0, 5628, 56280282, 56282081, 282, 2081
0, 5629, 56290282, 56290970, 282, 970
0, 563, 5630282, 5630970, 282, 970
0, 5630, 56300282, 56300970, 282, 970
0, 5631, 56310282, 56310970, 282, 970
0, 5632, 56320282, 56320970, 282, 970
0, 5633, 56330282, 56330970, 282, 970
0, 5634, 56340282, 56340970, 282, 970
0, 5635, 56350282, 56352072, 282, 2072
0, 5636, 56360282, 56360970, 282, 970
0, 5637, 56370282, 56370970, 282, 970
0, 5638, 56380282, 56380970, 282, 970
0, 5639, 56390282, 56390970, 282, 970
0, 564, 5640282, 5641669, 282, 1669
0, 5640, 56400282, 56401669, 282, 1669
0, 5641, 56410282, 56410970, 282, 970
0, 5642, 56420282, 56422056, 282, 2056
0, 5643, 56430282, 56430970, 282, 970
0, 5644, 56440282, 56440970, 282, 970
0, 5645, 56450282, 56450970, 282, 970
0, 5646, 56460282, 56461669, 282, 1669
0, 5647, 56470282, 56470970, 282, 970
0, 5648, 56480282, 56480970, 282, 970
0, 5649, 56490282, 56491669, 282, 1669
0, 565, 5650282, 5650970, 282, 970
0, 5650, 56500282, 56500970, 282, 970
0, 5651, 56510282, 56510970, 282, 970
0, 5652, 56520282, 56520970, 282, 970
0, 5653, 56530282, 56530970, 282, 970
0, 5654, 56540282, 56540970, 282, 970
0, 5655, 56550282, 56551244, 282, 1244
0, 5656, 56560282, 56562081, 282, 2081
0, 5657, 56570282, 56570970, 282, 970
0, 5658, 56580282, 56580970, 282, 970
0, 5659, 56590282, 56590970, 282, 970
0, 566, 5660282, 5660970, 282, 970
0, 5660, 56600282, 56600970, 282, 970
0, 5661, 56610282, 56610970, 282, 970
0, 5662, 56620282, 56620970, 282, 970
0, 5663, 56630282, 56632081, 282, 2081
0, 5664, 56640282, 56641669, 282, 1669
0, 5665, 56650282, 56650970, 282, 970
0, 5666, 56660282, 56660970, 282, 970
0, 5667, 56670282, 56670970, 282, 970
0, 5668, 56680282, 56680970, 282, 970
0, 5669, 56690282, 56690970, 282, 970
0, 567, 5670282, 5671669, 282, 1669
0, 5670, 56700282, 56702081, 282, 2081
0, 5671, 56710282, 56710970, 282, 970
0, 5672, 56720282, 56720970, 282, 970
0, 5673, 56730282, 56730970, 282, 970
0, 5674, 56740282, 56740970, 282, 970
0, 5675, 56750282, 56750970, 282, 970
0, 5676, 56760282, 56760970, 282, 970
0, 5677, 56770282, 56770970, 282, 970
0, 5678, 56780282, 56780970, 282, 970
0, 5679, 56790282, 56790970, 282, 970
0, 568, 5680282, 5680970, 282, 970
0, 5680, 56800282, 56802056, 282, 2056
0, 5681, 56810282, 56810970, 282, 970
0, 5682, 56820282, 56820970, 282, 970
0, 5683, 56830282, 56830970, 282, 970
0, 5684, 56840282, 56842056, 282, 2056
0, 5685, 56850282, 56850970, 282, 970
0, 5686, 56860282, 56860970, 282, 970
0, 5687, 56870282, 56870970, 282, 970
0, 5688, 56880282, 56882056, 282, 2056
0, 5689, 56890282, 56890970, 282, 970
0, 569, 5690282, 5690970, 282, 970
0, 5690, 56900282, 56900970, 282, 970
0, 5691, 56910282, 56911669, 282, 1669
0, 5692, 56920282, 56920970, 282, 970
0, 5693, 56930282, 56930970, 282, 970
0, 5694, 56940282, 56940970, 282, 970
0, 5695, 56950282, 56950970, 282, 970
0, 5696, 56960282, 56960970, 282, 970
0, 5697, 56970282, 56971244, 282, 1244
0, 5698, 56980282, 56982081, 282, 2081
0, 5699, 56990282, 56990970, 282, 970
0, 57, 570282, 570970, 282, 970
0, 570, 5700282, 5701669, 282, 1669
0, 5700, 57000282, 57001244, 282, 1244
0, 5701, 57010282, 57010970, 282, 970
0, 5702, 57020282, 57020970, 282, 970
0, 5703, 57030282, 57030970, 282, 970
0, 5704, 57040282, 57040970, 282, 970
0, 5705, 57050282, 57054047, 282, 4047
0, 5706, 57060282, 57061244, 282, 1244
0, 5707, 57070282, 57070970, 282, 970
0, 5708, 57080282, 57080970, 282, 970
0, 5709, 57090282, 57090970, 282, 970
0, 571, 5710282, 5710970, 282, 970
0, 5710, 57100282, 57100970, 282, 970
0, 5711, 57110282, 57110970, 282, 970
0, 5712, 57120282, 57124047, 282, 4047
0, 5713, 57130282, 57132072, 282, 2072
0, 5714, 57140282, 57140970, 282, 970
0, 5715, 57150282, 57151244, 282, 1244
0, 5716, 57160282, 57160970, 282, 970
0, 5717, 57170282, 57170970, 282, 970
0, 5718, 57180282, 57180970, 282, 970
0, 5719, 57190282, 57190970, 282, 970
0, 572, 5720282, 5720970, 282, 970
0, 5720, 57200282, 57200970, 282, 970
0, 5721, 57210282, 57210970, 282, 970
0, 5722, 57220282, 57220970, 282, 970
0, 5723, 57230282, 57230970, 282, 970
0, 5724, 57240282, 57240970, 282, 970
0, 5725, 57250282, 57250970, 282, 970
0, 5726, 57260282, 57262056, 282, 2056
0, 5727, 57270282, 57270970, 282, 970
0, 5728, 57280282, 57280970, 282, 970
0, 5729, 57290282, 57290970, 282, 970
0, 573, 5730282, 5730970, 282, 970
0, 5730, 57300282, 57302056, 282, 2056
0, 5731, 57310282, 57310970, 282, 970
0, 5732, 57320282, 57320970, 282, 970
0, 5733, 57330282, 57331669, 282, 1669
0, 5734, 57340282, 57340970, 282, 970
0, 5735, 57350282, 57350970, 282, 970
0, 5736, 57360282, 57361244, 282, 1244
0, 5737, 57370282, 57370970, 282, 970
0, 5738, 57380282, 57380970, 282, 970
0, 5739, 57390282, 57390970, 282, 970
0, 574, 5740282, 5742056, 282, 2056
0, 5740, 57400282, 57402081, 282, 2081
0, 5741, 57410282, 57410970, 282, 970
0, 5742, 57420282, 57420970, 282, 970
0, 5743, 57430282, 57430970, 282, 970
0, 5744, 57440282, 57440970, 282, 970
0, 5745, 57450282, 57450970, 282, 970
0, 5746, 57460282, 57460970, 282, 970
0, 5747, 57470282, 57472081, 282, 2081
0, 5748, 57480282, 57481669, 282, 1669
0, 5749, 57490282, 57490970, 282, 970
0, 575, 5750282, 5750970, 282, 970
0, 5750, 57500282, 57500970, 282, 970
0, 5751, 57510282, 57510970, 282, 970
0, 5752, 57520282, 57520970, 282, 970
0, 5753, 57530282, 57530970, 282, 970
0, 5754, 57540282, 57542056, 282, 2056
0, 5755, 57550282, 57550970, 282, 970
0, 5756, 57560282, 57560970, 282, 970
0, 5757, 57570282, 57570970, 282, 970
0, 5758, 57580282, 57580970, 282, 970
0, 5759, 57590282, 57590970, 282, 970
0, 576, 5760282, 5761244, 282, 1244
0, 5760, 57600282, 57601669, 282, 1669
0, 5761, 57610282, 57610970, 282, 970
0, 5762, 57620282, 57620970, 282, 970
0, 5763, 57630282, 57630970, 282, 970
0, 5764, 57640282, 57640970, 282, 970
0, 5765, 57650282, 57650970, 282, 970
0, 5766, 57660282, 57661244, 282, 1244
0, 5767, 57670282, 57670970, 282, 970
0, 5768, 57680282, 57682081, 282, 2081
0, 5769, 57690282, 57690970, 282, 970
0, 577, 5770282, 5770970, 282, 970
0, 5770, 57700282, 57700970, 282, 970
0, 5771, 57710282, 57710970, 282, 970
0, 5772, 57720282, 57721669, 282, 1669
0, 5773, 57730282, 57730970, 282, 970
0, 5774, 57740282, 57740970, 282, 970
0, 5775, 57750282, 57752072, 282, 2072
0, 5776, 57760282, 57760970, 282, 970
0, 5777, 57770282, 57770970, 282, 970
0, 5778, 57780282, 57780970, 282, 970
0, 5779, 57790282, 57790970, 282, 970
0, 578, 5780282, 5780970, 282, 970
0, 5780, 57800282, 57800970, 282, 970
0, 5781, 57810282, 57810970, 282, 970
0, 5782, 57820282, 57822081, 282, 2081
0, 5783, 57830282, 57830970, 282, 970
0, 5784, 57840282, 57841244, 282, 1244
0, 5785, 57850282, 57850970, 282, 970
0, 5786, 57860282, 57860970, 282, 970
0, 5787, 57870282, 57870970, 282, 970
0, 5788, 57880282, 57880970, 282, 970
0, 5789, 57890282, 57892081, 282, 2081
0, 579, 5790282, 5790970, 282, 970
0, 5790, 57900282, 57901669, 282, 1669
0, 5791, 57910282, 57910970, 282, 970
0, 5792, 57920282, 57920970, 282, 970
0, 5793, 57930282, 57930970, 282, 970
0, 5794, 57940282, 57940970, 282, 970
0, 5795, 57950282, 57950970, 282, 970
0, 5796, 57960282, 57962056, 282, 2056
0, 5797, 57970282, 57970970, 282, 970
0, 5798, 57980282, 57980970, 282, 970
0, 5799, 57990282, 57990970, 282, 970
0, 58, 580282, 580970, 282, 970
0, 580, 5800282, 5800970, 282, 970
0, 5800, 58000282, 58002072, 282, 2072
0, 5801, 58010282, 58010970, 282, 970
0, 5802, 58020282, 58020970, 282, 970
0, 5803, 58030282, 58030970, 282, 970
0, 5804, 58040282, 58040970, 282, 970
0, 5805, 58050282, 58050970, 282, 970
0, 5806, 58060282, 58060970, 282, 970
0, 5807, 58070282, 58072213, 282, 2213
0, 5808, 58080282, 58081669, 282, 1669
0, 5809, 58090282, 58090970, 282, 970
0, 581, 5810282, 5812081, 282, 2081
0, 5810, 58100282, 58102072, 282, 2072
0, 5811, 58110282, 58110970, 282, 970
0, 5812, 58120282, 58120970, 282, 970
0, 5813, 58130282, 58130970, 282, 970
0, 5814, 58140282, 58141669, 282, 1669
0, 5815, 58150282, 58150970, 282, 970
0, 5816, 58160282, 58160970, 282, 970
0, 5817, 58170282, 58172081, 282, 2081
0, 5818, 58180282, 58180970, 282, 970
0, 5819, 58190282, 58190970, 282, 970
0, 582, 5820282, 5820970, 282, 970
0, 5820, 58200282, 58201244, 282, 1244
0, 5821, 58210282, 58210970, 282, 970
0, 5822, 58220282, 58220970, 282, 970
0, 5823, 58230282, 58230970, 282, 970
0, 5824, 58240282, 58244047, 282, 4047
0, 5825, 58250282, 58251669, 282, 1669
0, 5826, 58260282, 58261244, 282, 1244
0, 5827, 58270282, 58270970, 282, 970
0, 5828, 58280282, 58280970, 282, 970
0, 5829, 58290282, 58290970, 282, 970
0, 583, 5830282, 5830970, 282, 970
0, 5830, 58300282, 58300970, 282, 970
0, 5831, 58310282, 58312081, 282, 2081
0, 5832, 58320282, 58321669, 282, 1669
0, 5833, 58330282, 58330970, 282, 970
0, 5834, 58340282, 58340970, 282, 970
0, 5835, 58350282, 58351244, 282, 1244
0, 5836, 58360282, 58360970, 282, 970
0, 5837, 58370282, 58370970, 282, 970
0, 5838, 58380282, 58382056, 282, 2056
0, 5839, 58390282, 58390970, 282, 970
0, 584, 5840282, 5840970, 282, 970
0, 5840, 58400282, 58402056, 282, 2056
0, 5841, 58410282, 58411244, 282, 1244
0, 5842, 58420282, 58420970, 282, 970
0, 5843, 58430282, 58430970, 282, 970
0, 5844, 58440282, 58440970, 282, 970
0, 5845, 58450282, 58452072, 282, 2072
0, 5846, 58460282, 58460970, 282, 970
0, 5847, 58470282, 58470970, 282, 970
0, 5848, 58480282, 58480970, 282, 970
0, 5849, 58490282, 58494016, 282, 4016
0, 585, 5850282, 5851244, 282, 1244
0, 5850, 58500282, 58501669, 282, 1669
0, 5851, 58510282, 58510970, 282, 970
0, 5852, 58520282, 58522056, 282, 2056
0, 5853, 58530282, 58530970, 282, 970
0, 5854, 58540282, 58540970, 282, 970
0, 5855, 58550282, 58550970, 282, 970
0, 5856, 58560282, 58561669, 282, 1669
0, 5857, 58570282, 58570970, 282, 970
0, 5858, 58580282, 58580970, 282, 970
0, 5859, 58590282, 58592081, 282, 2081
0, 586, 5860282, 5860970, 282, 970
0, 5860, 58600282, 58600970, 282, 970
0, 5861, 58610282, 58610970, 282, 970
0, 5862, 58620282, 58620970, 282, 970
0, 5863, 58630282, 58630970, 282, 970
0, 5864, 58640282, 58640970, 282, 970
0, 5865, 58650282, 58651244, 282, 1244
0, 5866, 58660282, 58662081, 282, 2081
0, 5867, 58670282, 58670970, 282, 970
0, 5868, 58680282, 58681244, 282, 1244
0, 5869, 58690282, 58690970, 282, 970
0, 587, 5870282, 5870970, 282, 970
0, 5870, 58700282, 58700970, 282, 970
0, 5871, 58710282, 58710970, 282, 970
0, 5872, 58720282, 58720970, 282, 970
0, 5873, 58730282, 58730970, 282, 970
0, 5874, 58740282, 58741244, 282, 1244
0, 5875, 58750282, 58750970, 282, 970
0, 5876, 58760282, 58760970, 282, 970
0, 5877, 58770282, 58770970, 282, 970
0, 5878, 58780282, 58780970, 282, 970
0, 5879, 58790282, 58790970, 282, 970
0, 588, 5880282, 5882081, 282, 2081
0, 5880, 58800282, 58802081, 282, 2081
0, 5881, 58810282, 58810970, 282, 970
0, 5882, 58820282, 58820970, 282, 970
0, 5883, 58830282, 58830970, 282, 970
0, 5884, 58840282, 58840970, 282, 970
0, 5885, 58850282, 58850970, 282, 970
0, 5886, 58860282, 58860970, 282, 970
0, 5887, 58870282, 58870970, 282, 970
0, 5888, 58880282, 58880970, 282, 970
0, 5889, 58890282, 58890970, 282, 970
0, 589, 5890282, 5890970, 282, 970
0, 5890, 58900282, 58900970, 282, 970
0, 5891, 58910282, 58910970, 282, 970
0, 5892, 58920282, 58921244, 282, 1244
0, 5893, 58930282, 58930970, 282, 970
0, 5894, 58940282, 58942056, 282, 2056
0, 5895, 58950282, 58950970, 282, 970
0, 5896, 58960282, 58960970, 282, 970
0, 5897, 58970282, 58970970, 282, 970
0, 5898, 58980282, 58981244, 282, 1244
0, 5899, 58990282, 58990970, 282, 970
0, 59, 590282, 590970, 282, 970
0, 590, 5900282, 5900970, 282, 970
0, 5900, 59000282, 59000970, 282, 970
0, 5901, 59010282, 59012081, 282, 2081
0, 5902, 59020282, 59020970, 282, 970
0, 5903, 59030282, 59030970, 282, 970
0, 5904, 59040282, 59041244, 282, 1244
0, 5905, 59050282, 59050970, 282, 970
0, 5906, 59060282, 59060970, 282, 970
0, 5907, 59070282, 59070970, 282, 970
0, 5908, 59080282, 59082081, 282, 2081
0, 5909, 59090282, 59090970, 282, 970
0, 591, 5910282, 5910970, 282, 970
0, 5910, 59100282, 59101669, 282, 1669
0, 5911, 59110282, 59110970, 282, 970
0, 5912, 59120282, 59120970, 282, 970
0, 5913, 59130282, 59130970, 282, 970
0, 5914, 59140282, 59140970, 282, 970
0, 5915, 59150282, 59152072, 282, 2072
0, 5916, 59160282, 59161244, 282, 1244
0, 5917, 59170282, 59170970, 282, 970
0, 5918, 59180282, 59180970, 282, 970
0, 5919, 59190282, 59191244, 282, 1244
0, 592, 5920282, 5920970, 282, 970
0, 5920, 59200282, 59200970, 282, 970
0, 5921, 59210282, 59210970, 282, 970
0, 5922, 59220282, 59222056, 282, 2056
0, 5923, 59230282, 59230970, 282, 970
0, 5924, 59240282, 59240970, 282, 970
0, 5925, 59250282, 59251244, 282, 1244
0, 5926, 59260282, 59260970, 282, 970
0, 5927, 59270282, 59270970, 282, 970
0, 5928, 59280282, 59281244, 282, 1244
0, 5929, 59290282, 59290970, 282, 970
0, 593, 5930282, 5930970, 282, 970
0, 5930, 59300282, 59300970, 282, 970
0, 5931, 59310282, 59310970, 282, 970
0, 5932, 59320282, 59320970, 282, 970
0, 5933, 59330282, 59330970, 282, 970
0, 5934, 59340282, 59341244, 282, 1244
0, 5935, 59350282, 59350970, 282, 970
0, 5936, 59360282, 59362980, 282, 2980
0, 5937, 59370282, 59370970, 282, 970
0, 5938, 59380282, 59380970, 282, 970
0, 5939, 59390282, 59390970, 282, 970
0, 594, 5940282, 5940970, 282, 970
0, 5940, 59400282, 59401669, 282, 1669
0, 5941, 59410282, 59410970, 282, 970
0, 5942, 59420282, 59420970, 282, 970
0, 5943, 59430282, 59432081, 282, 2081
0, 5944, 59440282, 59442056, 282, 2056
0, 5945, 59450282, 59450970, 282, 970
0, 5946, 59460282, 59461244, 282, 1244
0, 5947, 59470282, 59470970, 282, 970
0, 5948, 59480282, 59480970, 282, 970
0, 5949, 59490282, 59490970, 282, 970
0, 595, 5950282, 5952081, 282, 2081
0, 5950, 59500282, 59502081, 282, 2081
0, 5951, 59510282, 59510970, 282, 970
0, 5952, 59520282, 59521669, 282, 1669
0, 5953, 59530282, 59530970, 282, 970
0, 5954, 59540282, 59540970, 282, 970
0, 5955, 59550282, 59550970, 282, 970
0, 5956, 59560282, 59560970, 282, 970
0, 5957, 59570282, 59570970, 282, 970
0, 5958, 59580282, 59580970, 282, 970
0, 5959, 59590282, 59590970, 282, 970
0, 596, 5960282, 5960970, 282, 970
0, 5960, 59600282, 59602056, 282, 2056
0, 5961, 59610282, 59611557, 282, 1557
0, 5962, 59620282, 59620970, 282, 970
0, 5963, 59630282, 59630970, 282, 970
0, 5964, 59640282, 59642056, 282, 2056
0, 5965, 59650282, 59650970, 282, 970
0, 5966, 59660282, 59660970, 282, 970
0, 5967, 59670282, 59670970, 282, 970
0, 5968, 59680282, 59682199, 282, 2199
0, 5969, 59690282, 59690970, 282, 970
0, 597, 5970282, 5970970, 282, 970
0, 5970, 59700282, 59701669, 282, 1669
0, 5971, 59710282, 59711086, 282, 1086
0, 5972, 59720282, 59720970, 282, 970
0, 5973, 59730282, 59730970, 282, 970
0, 5974, 59740282, 59740970, 282, 970
0, 5975, 59750282, 59750970, 282, 970
0, 5976, 59760282, 59761669, 282, 1669
0, 5977, 59770282, 59770970, 282, 970
0, 5978, 59780282, 59782081, 282, 2081
0, 5979, 59790282, 59790970, 282, 970
0, 598, 5980282, 5980970, 282, 970
0, 5980, 59800282, 59800970, 282, 970
0, 5981, 59810282, 59810970, 282, 970
0, 5982, 59820282, 59821244, 282, 1244
0, 5983, 59830282, 59830970, 282, 970
0, 5984, 59840282, 59840970, 282, 970
0, 5985, 59850282, 59852081, 282, 2081
0, 5986, 59860282, 59861970, 282, 1970
0, 5987, 59870282, 59870970, 282, 970
0, 5988, 59880282, 59880970, 282, 970
0, 5989, 59890282, 59890970, 282, 970
0, 599, 5990282, 5990970, 282, 970
0, 5990, 59900282, 59900970, 282, 970
0, 5991, 59910282, 59910970, 282, 970
0, 5992, 59920282, 59922081, 282, 2081
0, 5993, 59930282, 59930970, 282, 970
0, 5994, 59940282, 59941244, 282, 1244
0, 5995, 59950282, 59950970, 282, 970
0, 5996, 59960282, 59960970, 282, 970
0, 5997, 59970282, 59970970, 282, 970
0, 5998, 59980282, 59980970, 282, 970
0, 5999, 59990282, 59990970, 282, 970
0, 6, 60282, 60970, 282, 970
0, 60, 600282, 602056, 282, 2056
0, 600, 6000282, 6001669, 282, 1669
0, 6000, 60000282, 60001669, 282, 1669
0, 6001, 60010282, 60010970, 282, 970
0, 6002, 60020282, 60020970, 282, 970
0, 6003, 60030282, 60031244, 282, 1244
0, 6004, 60040282, 60040970, 282, 970
0, 6005, 60050282, 60050970, 282, 970
0, 6006, 60060282, 60062056, 282, 2056
0, 6007, 60070282, 60070970, 282, 970
0, 6008, 60080282, 60080970, 282, 970
0, 6009, 60090282, 60090970, 282, 970
0, 601, 6010282, 6010970, 282, 970
0, 6010, 60100282, 60102056, 282, 2056
0, 6011, 60110282, 60110970, 282, 970
0, 6012, 60120282, 60121244, 282, 1244
0, 6013, 60130282, 60131057, 282, 1057
0, 6014, 60140282, 60140970, 282, 970
0, 6015, 60150282, 60150970, 282, 970
0, 6016, 60160282, 60160970, 282, 970
0, 6017, 60170282, 60170970, 282, 970
0, 6018, 60180282, 60181244, 282, 1244
0, 6019, 60190282, 60190970, 282, 970
0, 602, 6020282, 6022056, 282, 2056
0, 6020, 60200282, 60202081, 282, 2081
0, 6021, 60210282, 60210970, 282, 970
0, 6022, 60220282, 60220970, 282, 970
0, 6023, 60230282, 60230970, 282, 970
0, 6024, 60240282, 60241669, 282, 1669
0, 6025, 60250282, 60250970, 282, 970
0, 6026, 60260282, 60260970, 282, 970
0, 6027, 60270282, 60272081, 282, 2081
0, 6028, 60280282, 60281071, 282, 1071
0, 6029, 60290282, 60290970, 282, 970
0, 603, 6030282, 6030970, 282, 970
0, 6030, 60300282, 60301669, 282, 1669
0, 6031, 60310282, 60310970, 282, 970
0, 6032, 60320282, 60320970, 282, 970
0, 6033, 60330282, 60330970, 282, 970
0, 6034, 60340282, 60342056, 282, 2056
0, 6035, 60350282, 60350970, 282, 970
0, 6036, 60360282, 60361244, 282, 1244
0, 6037, 60370282, 60370970, 282, 970
0, 6038, 60380282, 60380970, 282, 970
0, 6039, 60390282, 60390970, 282, 970
0, 604, 6040282, 6040970, 282, 970
0, 6040, 60400282, 60400970, 282, 970
0, 6041, 60410282, 60410970, 282, 970
0, 6042, 60420282, 60420970, 282, 970
0, 6043, 60430282, 60430970, 282, 970
0, 6044, 60440282, 60440970, 282, 970
0, 6045, 60450282, 60451669, 282, 1669
0, 6046, 60460282, 60460970, 282, 970
0, 6047, 60470282, 60470970, 282, 970
0, 6048, 60480282, 60482081, 282, 2081
0, 6049, 60490282, 60490970, 282, 970
0, 605, 6050282, 6050970, 282, 970
0, 6050, 60500282, 60500970, 282, 970
0, 6051, 60510282, 60510970, 282, 970
0, 6052, 60520282, 60520970, 282, 970
0, 6053, 60530282, 60530970, 282, 970
0, 6054, 60540282, 60541244, 282, 1244
0, 6055, 60550282, 60552081, 282, 2081
0, 6056, 60560282, 60560970, 282, 970
0, 6057, 60570282, 60570970, 282, 970
0, 6058, 60580282, 60580970, 282, 970
0, 6059, 60590282, 60590970, 282, 970
0, 606, 6060282, 6061669, 282, 1669
0, 6060, 60600282, 60601244, 282, 1244
0, 6061, 60610282, 60610970, 282, 970
0, 6062, 60620282, 60622081, 282, 2081
0, 6063, 60630282, 60631032, 282, 1032
0, 6064, 60640282, 60640970, 282, 970
0, 6065, 60650282, 60650970, 282, 970
0, 6066, 60660282, 60661244, 282, 1244
0, 6067, 60670282, 60670970, 282, 970
0, 6068, 60680282, 60680970, 282, 970
0, 6069, 60690282, 60692081, 282, 2081
0, 607, 6070282, 6070970, 282, 970
0, 6070, 60700282, 60700970, 282, 970
0, 6071, 60710282, 60710970, 282, 970
0, 6072, 60720282, 60721244, 282, 1244
0, 6073, 60730282, 60730970, 282, 970
0, 6074, 60740282, 60740970, 282, 970
0, 6075, 60750282, 60750970, 282, 970
0, 6076, 60760282, 60762056, 282, 2056
0, 6077, 60770282, 60770970, 282, 970
0, 6078, 60780282, 60781244, 282, 1244
0, 6079, 60790282, 60790970, 282, 970
0, 608, 6080282, 6080970, 282, 970
0, 6080, 60800282, 60802072, 282, 2072
0, 6081, 60810282, 60810970, 282, 970
0, 6082, 60820282, 60820970, 282, 970
0, 6083, 60830282, 60830970, 282, 970
0, 6084, 60840282, 60840970, 282, 970
0, 6085, 60850282, 60850970, 282, 970
0, 6086, 60860282, 60860970, 282, 970
0, 6087, 60870282, 60871244, 282, 1244
0, 6088, 60880282, 60880970, 282, 970
0, 6089, 60890282, 60890970, 282, 970
0, 609, 6090282, 6091669, 282, 1669
0, 6090, 60900282, 60902072, 282, 2072
0, 6091, 60910282, 60910970, 282, 970
0, 6092, 60920282, 60920970, 282, 970
0, 6093, 60930282, 60930970, 282, 970
0, 6094, 60940282, 60940970, 282, 970
0, 6095, 60950282, 60950970, 282, 970
0, 6096, 60960282, 60961669, 282, 1669
0, 6097, 60970282, 60972081, 282, 2081
0, 6098, 60980282, 60980970, 282, 970
0, 6099, 60990282, 60990970, 282, 970
0, 61, 610282, 610970, 282, 970
0, 610, 6100282, 6100970, 282, 970
0, 6100, 61000282, 61000970, 282, 970
0, 6101, 61010282, 61010970, 282, 970
0, 6102, 61020282, 61020970, 282, 970
0, 6103, 61030282, 61030970, 282, 970
0, 6104, 61040282, 61044047, 282, 4047
0, 6105, 61050282, 61052072, 282, 2072
0, 6106, 61060282, 61060970, 282, 970
0, 6107, 61070282, 61070970, 282, 970
0, 6108, 61080282, 61081244, 282, 1244
0, 6109, 61090282, 61090970, 282, 970
0, 611, 6110282, 6110970, 282, 970
0, 6110, 61100282, 61100970, 282, 970
0, 6111, 61110282, 61111669, 282, 1669
0, 6112, 61120282, 61120970, 282, 970
0, 6113, 61130282, 61133357, 282, 3357
0, 6114, 61140282, 61141244, 282, 1244
0, 6115, 61150282, 61150970, 282, 970
0, 6116, 61160282, 61160970, 282, 970
0, 6117, 61170282, 61170970, 282, 970
0, 6118, 61180282, 61182056, 282, 2056
0, 6119, 61190282, 61190970, 282, 970
0, 612, 6120282, 6121244, 282, 1244
0, 6120, 61200282, 61202056, 282, 2056
0, 6121, 61210282, 61210970, 282, 970
0, 6122, 61220282, 61220970, 282, 970
0, 6123, 61230282, 61230970, 282, 970
0, 6124, 61240282, 61240970, 282, 970
0, 6125, 61250282, 61252072, 282, 2072
0, 6126, 61260282, 61260970, 282, 970
0, 6127, 61270282, 61270970, 282, 970
0, 6128, 61280282, 61280970, 282, 970
0, 6129, 61290282, 61291244, 282, 1244
0, 613, 6130282, 6131897, 282, 1897
0, 6130, 61300282, 61300970, 282, 970
0, 6131, 61310282, 61310970, 282, 970
0, 6132, 61320282, 61322056, 282, 2056
0, 6133, 61330282, 61330970, 282, 970
0, 6134, 61340282, 61340970, 282, 970
0, 6135, 61350282, 61350970, 282, 970
0, 6136, 61360282, 61360970, 282, 970
0, 6137, 61370282, 61370970, 282, 970
0, 6138, 61380282, 61381244, 282, 1244
0, 6139, 61390282, 61392081, 282, 2081
0, 614, 6140282, 6140970, 282, 970
0, 6140, 61400282, 61400970, 282, 970
0, 6141, 61410282, 61410970, 282, 970
0, 6142, 61420282, 61420970, 282, 970
0, 6143, 61430282, 61430970, 282, 970
0, 6144, 61440282, 61441244, 282, 1244
0, 6145, 61450282, 61450970, 282, 970
0, 6146, 61460282, 61462081, 282, 2081
0, 6147, 61470282, 61470970, 282, 970
0, 6148, 61480282, 61480970, 282, 970
0, 6149, 61490282, 61490970, 282, 970
0, 615, 6150282, 6151244, 282, 1244
0, 6150, 61500282, 61501669, 282, 1669
0, 6151, 61510282, 61510970, 282, 970
0, 6152, 61520282, 61520970, 282, 970
0, 6153, 61530282, 61531669, 282, 1669
0, 6154, 61540282, 61540970, 282, 970
0, 6155, 61550282, 61550970, 282, 970
0, 6156, 61560282, 61561244, 282, 1244
0, 6157, 61570282, 61570970, 282, 970
0, 6158, 61580282, 61580970, 282, 970
0, 6159, 61590282, 61590970, 282, 970
0, 616, 6160282, 6162081, 282, 2081
0, 6160, 61600282, 61602081, 282, 2081
0, 6161, 61610282, 61610970, 282, 970
0, 6162, 61620282, 61620970, 282, 970
0, 6163, 61630282, 61630970, 282, 970
0, 6164, 61640282, 61640970, 282, 970
0, 6165, 61650282, 61651244, 282, 1244
0, 6166, 61660282, 61660970, 282, 970
0, 6167, 61670282, 61670970, 282, 970
0, 6168, 61680282, 61681244, 282, 1244
0, 6169, 61690282, 61690970, 282, 970
0, 617, 6170282, 6170970, 282, 970
0, 6170, 61700282, 61700970, 282, 970
0, 6171, 61710282, 61711244, 282, 1244
0, 6172, 61720282, 61720970, 282, 970
0, 6173, 61730282, 61730970, 282, 970
0, 6174, 61740282, 61742081, 282, 2081
0, 6175, 61750282, 61750970, 282, 970
0, 6176, 61760282, 61760970, 282, 970
0, 6177, 61770282, 61770970, 282, 970
0, 6178, 61780282, 61780970, 282, 970
0, 6179, 61790282, 61790970, 282, 970
0, 618, 6180282, 6180970, 282, 970
0, 6180, 61800282, 61801669, 282, 1669
0, 6181, 61810282, 61812081, 282, 2081
0, 6182, 61820282, 61820970, 282, 970
0, 6183, 61830282, 61830970, 282, 970
0, 6184, 61840282, 61840970, 282, 970
0, 6185, 61850282, 61850970, 282, 970
0, 6186, 61860282, 61860970, 282, 970
0, 6187, 61870282, 61870970, 282, 970
0, 6188, 61880282, 61882081, 282, 2081
0, 6189, 61890282, 61890970, 282, 970
0, 619, 6190282, 6190970, 282, 970
0, 6190, 61900282, 61900970, 282, 970
0, 6191, 61910282, 61910970, 282, 970
0, 6192, 61920282, 61921669, 282, 1669
0, 6193, 61930282, 61930970, 282, 970
0, 6194, 61940282, 61940970, 282, 970
0, 6195, 61950282, 61952072, 282, 2072
0, 6196, 61960282, 61960970, 282, 970
0, 6197, 61970282, 61970970, 282, 970
0, 6198, 61980282, 61981244, 282, 1244
0, 6199, 61990282, 61990970, 282, 970
0, 62, 620282, 620970, 282, 970
0, 620, 6200282, 6200970, 282, 970
0, 6200, 62000282, 62000970, 282, 970
0, 6201, 62010282, 62010970, 282, 970
0, 6202, 62020282, 62022056, 282, 2056
0, 6203, 62030282, 62030970, 282, 970
0, 6204, 62040282, 62040970, 282, 970
0, 6205, 62050282, 62050970, 282, 970
0, 6206, 62060282, 62063282, 282, 3282
0, 6207, 62070282, 62070970, 282, 970
0, 6208, 62080282, 62080970, 282, 970
0, 6209, 62090282, 62090970, 282, 970
0, 621, 6210282, 6210970, 282, 970
0, 6210, 62100282, 62101244, 282, 1244
0, 6211, 62110282, 62110970, 282, 970
0, 6212, 62120282, 62120970, 282, 970
0, 6213, 62130282, 62130970, 282, 970
0, 6214, 62140282, 62140970, 282, 970
0, 6215, 62150282, 62150970, 282, 970
0, 6216, 62160282, 62164047, 282, 4047
0, 6217, 62170282, 62170970, 282, 970
0, 6218, 62180282, 62180970, 282, 970
0, 6219, 62190282, 62190970, 282, 970
0, 622, 6220282, 6220970, 282, 970
0, 6220, 62200282, 62200970, 282, 970
0, 6221, 62210282, 62210970, 282, 970
0, 6222, 62220282, 62221244, 282, 1244
0, 6223, 62230282, 62232081, 282, 2081
0, 6224, 62240282, 62242056, 282, 2056
0, 6225, 62250282, 62251291, 282, 1291
0, 6226, 62260282, 62260970, 282, 970
0, 6227, 62270282, 62270970, 282, 970
0, 6228, 62280282, 62280970, 282, 970
0, 6229, 62290282, 62290970, 282, 970
0, 623, 6230282, 6232081, 282, 2081
0, 6230, 62300282, 62302072, 282, 2072
0, 6231, 62310282, 62310970, 282, 970
0, 6232, 62320282, 62320970, 282, 970
0, 6233, 62330282, 62330970, 282, 970
0, 6234, 62340282, 62341244, 282, 1244
0, 6235, 62350282, 62350970, 282, 970
0, 6236, 62360282, 62360970, 282, 970
0, 6237, 62370282, 62371669, 282, 1669
0, 6238, 62380282, 62380970, 282, 970
0, 6239, 62390282, 62390970, 282, 970
0, 624, 6240282, 6241244, 282, 1244
0, 6240, 62400282, 62402056, 282, 2056
0, 6241, 62410282, 62410970, 282, 970
0, 6242, 62420282, 62420970, 282, 970
0, 6243, 62430282, 62430970, 282, 970
0, 6244, 62440282, 62442056, 282, 2056
0, 6245, 62450282, 62450970, 282, 970
0, 6246, 62460282, 62460970, 282, 970
0, 6247, 62470282, 62470970, 282, 970
0, 6248, 62480282, 62482056, 282, 2056
0, 6249, 62490282, 62491669, 282, 1669
0, 625, 6250282, 6250970, 282, 970
0, 6250, 62500282, 62500970, 282, 970
0, 6251, 62510282, 62512081, 282, 2081
0, 6252, 62520282, 62520970, 282, 970
0, 6253, 62530282, 62530970, 282, 970
0, 6254, 62540282, 62540970, 282, 970
0, 6255, 62550282, 62551244, 282, 1244
0, 6256, 62560282, 62560970, 282, 970
0, 6257, 62570282, 62570970, 282, 970
0, 6258, 62580282, 62582081, 282, 2081
0, 6259, 62590282, 62590970, 282, 970
0, 626, 6260282, 6260970, 282, 970
0, 6260, 62600282, 62600970, 282, 970
0, 6261, 62610282, 62610970, 282, 970
0, 6262, 62620282, 62620970, 282, 970
0, 6263, 62630282, 62630970, 282, 970
0, 6264, 62640282, 62641244, 282, 1244
0, 6265, 62650282, 62652081, 282, 2081
0, 6266, 62660282, 62660970, 282, 970
0, 6267, 62670282, 62670970, 282, 970
0, 6268, 62680282, 62680970, 282, 970
0, 6269, 62690282, 62690970, 282, 970
0, 627, 6270282, 6270970, 282, 970
0, 6270, 62700282, 62701244, 282, 1244
0, 6271, 62710282, 62710970, 282, 970
0, 6272, 62720282, 62722081, 282, 2081
0, 6273, 62730282, 62730970, 282, 970
0, 6274, 62740282, 62740970, 282, 970
0, 6275, 62750282, 62750970, 282, 970
0, 6276, 62760282, 62761669, 282, 1669
0, 6277, 62770282, 62770970, 282, 970
0, 6278, 62780282, 62780970, 282, 970
0, 6279, 62790282, 62791669, 282, 1669
0, 628, 6280282, 6280970, 282, 970
0, 6280, 62800282, 62800970, 282, 970
0, 6281, 62810282, 62810970, 282, 970
0, 6282, 62820282, 62821244, 282, 1244
0, 6283, 62830282, 62830970, 282, 970
0, 6284, 62840282, 62840970, 282, 970
0, 6285, 62850282, 62851244, 282, 1244
0, 6286, 62860282, 62862056, 282, 2056
0, 6287, 62870282, 62870970, 282, 970
0, 6288, 62880282, 62881244, 282, 1244
0, 6289, 62890282, 62890970, 282, 970
0, 629, 6290282, 6290970, 282, 970
0, 6290, 62900282, 62902056, 282, 2056
0, 6291, 62910282, 62910970, 282, 970
0, 6292, 62920282, 62920970, 282, 970
0, 6293, 62930282, 62932081, 282, 2081
0, 6294, 62940282, 62940970, 282, 970
0, 6295, 62950282, 62950970, 282, 970
0, 6296, 62960282, 62960970, 282, 970
0, 6297, 62970282, 62970970, 282, 970
0, 6298, 62980282, 62980970, 282, 970
0, 6299, 62990282, 62990970, 282, 970
0, 63, 630282, 631669, 282, 1669
0, 630, 6300282, 6302081, 282, 2081
0, 6300, 63000282, 63002081, 282, 2081
0, 6301, 63010282, 63010970, 282, 970
0, 6302, 63020282, 63020970, 282, 970
0, 6303, 63030282, 63030970, 282, 970
0, 6304, 63040282, 63040970, 282, 970
0, 6305, 63050282, 63050970, 282, 970
0, 6306, 63060282, 63060970, 282, 970
0, 6307, 63070282, 63072081, 282, 2081
0, 6308, 63080282, 63080970, 282, 970
0, 6309, 63090282, 63090970, 282, 970
0, 631, 6310282, 6310970, 282, 970
0, 6310, 63100282, 63100970, 282, 970
0, 6311, 63110282, 63110970, 282, 970
0, 6312, 63120282, 63121244, 282, 1244
0, 6313, 63130282, 63130970, 282, 970
0, 6314, 63140282, 63142056, 282, 2056
0, 6315, 63150282, 63150970, 282, 970
0, 6316, 63160282, 63160970, 282, 970
0, 6317, 63170282, 63170970, 282, 970
0, 6318, 63180282, 63181669, 282, 1669
0, 6319, 63190282, 63190970, 282, 970
0, 632, 6320282, 6320970, 282, 970
0, 6320, 63200282, 63200970, 282, 970
0, 6321, 63210282, 63211669, 282, 1669
0, 6322, 63220282, 63220970, 282, 970
0, 6323, 63230282, 63230970, 282, 970
0, 6324, 63240282, 63241244, 282, 1244
0, 6325, 63250282, 63250970, 282, 970
0, 6326, 63260282, 63260970, 282, 970
0, 6327, 63270282, 63270970, 282, 970
0, 6328, 63280282, 63282081, 282, 2081
0, 6329, 63290282, 63290970, 282, 970
0, 633, 6330282, 6330970, 282, 970
0, 6330, 63300282, 63301244, 282, 1244
0, 6331, 63310282, 63310970, 282, 970
0, 6332, 63320282, 63320970, 282, 970
0, 6333, 63330282, 63330970, 282, 970
0, 6334, 63340282, 63340970, 282, 970
0, 6335, 63350282, 63352081, 282, 2081
0, 6336, 63360282, 63361669, 282, 1669
0, 6337, 63370282, 63370970, 282, 970
0, 6338, 63380282, 63380970, 282, 970
0, 6339, 63390282, 63390970, 282, 970
0, 634, 6340282, 6340970, 282, 970
0, 6340, 63400282, 63400970, 282, 970
0, 6341, 63410282, 63410970, 282, 970
0, 6342, 63420282, 63422081, 282, 2081
0, 6343, 63430282, 63431942, 282, 1942
0, 6344, 63440282, 63440970, 282, 970
0, 6345, 63450282, 63450970, 282, 970
0, 6346, 63460282, 63460970, 282, 970
0, 6347, 63470282, 63470970, 282, 970
0, 6348, 63480282, 63480970, 282, 970
0, 6349, 63490282, 63490970, 282, 970
0, 635, 6350282, 6350970, 282, 970
0, 6350, 63500282, 63500970, 282, 970
0, 6351, 63510282, 63510970, 282, 970
0, 6352, 63520282, 63520970, 282, 970
0, 6353, 63530282, 63530970, 282, 970
0, 6354, 63540282, 63540970, 282, 970
0, 6355, 63550282, 63550970, 282, 970
0, 6356, 63560282, 63562056, 282, 2056
0, 6357, 63570282, 63570970, 282, 970
0, 6358, 63580282, 63580970, 282, 970
0, 6359, 63590282, 63590970, 282, 970
0, 636, 6360282, 6360970, 282, 970
0, 6360, 63600282, 63602072, 282, 2072
0, 6361, 63610282, 63610970, 282, 970
0, 6362, 63620282, 63620970, 282, 970
0, 6363, 63630282, 63631669, 282, 1669
0, 6364, 63640282, 63640970, 282, 970
0, 6365, 63650282, 63650970, 282, 970
0, 6366, 63660282, 63660970, 282, 970
0, 6367, 63670282, 63670970, 282, 970
0, 6368, 63680282, 63680970, 282, 970
0, 6369, 63690282, 63691244, 282, 1244
0, 637, 6370282, 6370970, 282, 970
0, 6370, 63700282, 63702081, 282, 2081
0, 6371, 63710282, 63710970, 282, 970
0, 6372, 63720282, 63720970, 282, 970
0, 6373, 63730282, 63730970, 282, 970
0, 6374, 63740282, 63740970, 282, 970
0, 6375, 63750282, 63751244, 282, 1244
0, 6376, 63760282, 63760970, 282, 970
0, 6377, 63770282, 63772686, 282, 2686
0, 6378, 63780282, 63781244, 282, 1244
0, 6379, 63790282, 63790970, 282, 970
0, 638, 6380282, 6380970, 282, 970
0, 6380, 63800282, 63800970, 282, 970
0, 6381, 63810282, 63810970, 282, 970
0, 6382, 63820282, 63820970, 282, 970
0, 6383, 63830282, 63830970, 282, 970
0, 6384, 63840282, 63844047, 282, 4047
0, 6385, 63850282, 63852072, 282, 2072
0, 6386, 63860282, 63860970, 282, 970
0, 6387, 63870282, 63870970, 282, 970
0, 6388, 63880282, 63880970, 282, 970
0, 6389, 63890282, 63890970, 282, 970
0, 639, 6390282, 6390970, 282, 970
0, 6390, 63900282, 63901244, 282, 1244
0, 6391, 63910282, 63910970, 282, 970
0, 6392, 63920282, 63920970, 282, 970
0, 6393, 63930282, 63930970, 282, 970
0, 6394, 63940282, 63940970, 282, 970
0, 6395, 63950282, 63950970, 282, 970
0, 6396, 63960282, 63960970, 282, 970
0, 6397, 63970282, 63970970, 282, 970
0, 6398, 63980282, 63982056, 282, 2056
0, 6399, 63990282, 63990970, 282, 970
0, 64, 640282, 640970, 282, 970
0, 640, 6400282, 6402056, 282, 2056
0, 6400, 64000282, 64000970, 282, 970
0, 6401, 64010282, 64010970, 282, 970
0, 6402, 64020282, 64021669, 282, 1669
0, 6403, 64030282, 64030970, 282, 970
0, 6404, 64040282, 64040970, 282, 970
0, 6405, 64050282, 64052072, 282, 2072
0, 6406, 64060282, 64060970, 282, 970
0, 6407, 64070282, 64070970, 282, 970
0, 6408, 64080282, 64081244, 282, 1244
0, 6409, 64090282, 64090970, 282, 970
0, 641, 6410282, 6410970, 282, 970
0, 6410, 64100282, 64100970, 282, 970
0, 6411, 64110282, 64110970, 282, 970
0, 6412, 64120282, 64122081, 282, 2081
0, 6413, 64130282, 64130970, 282, 970
0, 6414, 64140282, 64140970, 282, 970
0, 6415, 64150282, 64150970, 282, 970
0, 6416, 64160282, 64160970, 282, 970
0, 6417, 64170282, 64170970, 282, 970
0, 6418, 64180282, 64180970, 282, 970
0, 6419, 64190282, 64192081, 282, 2081
0, 642, 6420282, 6420970, 282, 970
0, 6420, 64200282, 64201669, 282, 1669
0, 6421, 64210282, 64210970, 282, 970
0, 6422, 64220282, 64220970, 282, 970
0, 6423, 64230282, 64230970, 282, 970
0, 6424, 64240282, 64240970, 282, 970
0, 6425, 64250282, 64250970, 282, 970
0, 6426, 64260282, 64262081, 282, 2081
0, 6427, 64270282, 64270970, 282, 970
0, 6428, 64280282, 64280970, 282, 970
0, 6429, 64290282, 64290970, 282, 970
0, 643, 6430282, 6430970, 282, 970
0, 6430, 64300282, 64300970, 282, 970
0, 6431, 64310282, 64310970, 282, 970
0, 6432, 64320282, 64321244, 282, 1244
0, 6433, 64330282, 64330970, 282, 970
0, 6434, 64340282, 64340970, 282, 970
0, 6435, 64350282, 64351244, 282, 1244
0, 6436, 64360282, 64360970, 282, 970
0, 6437, 64370282, 64370970, 282, 970
0, 6438, 64380282, 64380970, 282, 970
0, 6439, 64390282, 64390970, 282, 970
0, 644, 6440282, 6442056, 282, 2056
0, 6440, 64400282, 64402081, 282, 2081
0, 6441, 64410282, 64410970, 282, 970
0, 6442, 64420282, 64420970, 282, 970
0, 6443, 64430282, 64430970, 282, 970
0, 6444, 64440282, 64441669, 282, 1669
0, 6445, 64450282, 64450970, 282, 970
0, 6446, 64460282, 64460970, 282, 970
0, 6447, 64470282, 64471669, 282, 1669
0, 6448, 64480282, 64480970, 282, 970
0, 6449, 64490282, 64490970, 282, 970
0, 645, 6450282, 6450970, 282, 970
0, 6450, 64500282, 64501244, 282, 1244
0, 6451, 64510282, 64510970, 282, 970
0, 6452, 64520282, 64520970, 282, 970
0, 6453, 64530282, 64530970, 282, 970
0, 6454, 64540282, 64542081, 282, 2081
0, 6455, 64550282, 64550970, 282, 970
0, 6456, 64560282, 64561244, 282, 1244
0, 6457, 64570282, 64570970, 282, 970
0, 6458, 64580282, 64580970, 282, 970
0, 6459, 64590282, 64590970, 282, 970
0, 646, 6460282, 6460970, 282, 970
0, 6460, 64600282, 64600970, 282, 970
0, 6461, 64610282, 64612081, 282, 2081
0, 6462, 64620282, 64621669, 282, 1669
0, 6463, 64630282, 64630970, 282, 970
0, 6464, 64640282, 64640970, 282, 970
0, 6465, 64650282, 64651244, 282, 1244
0, 6466, 64660282, 64660970, 282, 970
0, 6467, 64670282, 64670970, 282, 970
0, 6468, 64680282, 64682056, 282, 2056
0, 6469, 64690282, 64690970, 282, 970
0, 647, 6470282, 6470970, 282, 970
0, 6470, 64700282, 64700970, 282, 970
0, 6471, 64710282, 64710970, 282, 970
0, 6472, 64720282, 64720970, 282, 970
0, 6473, 64730282, 64730970, 282, 970
0, 6474, 64740282, 64740970, 282, 970
0, 6475, 64750282, 64752072, 282, 2072
0, 6476, 64760282, 64760970, 282, 970
0, 6477, 64770282, 64770970, 282, 970
0, 6478, 64780282, 64780970, 282, 970
0, 6479, 64790282, 64790970, 282, 970
0, 648, 6480282, 6482056, 282, 2056
0, 6480, 64800282, 64802056, 282, 2056
0, 6481, 64810282, 64810970, 282, 970
0, 6482, 64820282, 64822056, 282, 2056
0, 6483, 64830282, 64830970, 282, 970
0, 6484, 64840282, 64840970, 282, 970
0, 6485, 64850282, 64850970, 282, 970
0, 6486, 64860282, 64861669, 282, 1669
0, 6487, 64870282, 64870970, 282, 970
0, 6488, 64880282, 64880970, 282, 970
0, 6489, 64890282, 64891669, 282, 1669
0, 649, 6490282, 6490970, 282, 970
0, 6490, 64900282, 64900970, 282, 970
0, 6491, 64910282, 64910970, 282, 970
0, 6492, 64920282, 64920970, 282, 970
0, 6493, 64930282, 64930970, 282, 970
0, 6494, 64940282, 64940970, 282, 970
0, 6495, 64950282, 64951244, 282, 1244
0, 6496, 64960282, 64964047, 282, 4047
0, 6497, 64970282, 64971400, 282, 1400
0, 6498, 64980282, 64980970, 282, 970
0, 6499, 64990282, 64990970, 282, 970
0, 65, 650282, 650970, 282, 970
0, 650, 6500282, 6500970, 282, 970
0, 6500, 65000282, 65000970, 282, 970
0, 6501, 65010282, 65010970, 282, 970
0, 6502, 65020282, 65020970, 282, 970
0, 6503, 65030282, 65032081, 282, 2081
0, 6504, 65040282, 65041669, 282, 1669
0, 6505, 65050282, 65050970, 282, 970
0, 6506, 65060282, 65060970, 282, 970
0, 6507, 65070282, 65070970, 282, 970
0, 6508, 65080282, 65080970, 282, 970
0, 6509, 65090282, 65090970, 282, 970
0, 651, 6510282, 6511669, 282, 1669
0, 6510, 65100282, 65102072, 282, 2072
0, 6511, 65110282, 65110970, 282, 970
0, 6512, 65120282, 65120970, 282, 970
0, 6513, 65130282, 65131244, 282, 1244
0, 6514, 65140282, 65140970, 282, 970
0, 6515, 65150282, 65150970, 282, 970
0, 6516, 65160282, 65160970, 282, 970
0, 6517, 65170282, 65170970, 282, 970
0, 6518, 65180282, 65180970, 282, 970
0, 6519, 65190282, 65190970, 282, 970
0, 652, 6520282, 6520970, 282, 970
0, 6520, 65200282, 65202056, 282, 2056
0, 6521, 65210282, 65213004, 282, 3004
0, 6522, 65220282, 65221244, 282, 1244
0, 6523, 65230282, 65230970, 282, 970
0, 6524, 65240282, 65242056, 282, 2056
0, 6525, 65250282, 65250970, 282, 970
0, 6526, 65260282, 65260970, 282, 970
0, 6527, 65270282, 65270970, 282, 970
0, 6528, 65280282, 65282056, 282, 2056
0, 6529, 65290282, 65290970, 282, 970
0, 653, 6530282, 6530970, 282, 970
0, 6530, 65300282, 65300970, 282, 970
0, 6531, 65310282, 65312081, 282, 2081
0, 6532, 65320282, 65320970, 282, 970
0, 6533, 65330282, 65330970, 282, 970
0, 6534, 65340282, 65340970, 282, 970
0, 6535, 65350282, 65350970, 282, 970
0, 6536, 65360282, 65360970, 282, 970
0, 6537, 65370282, 65370970, 282, 970
0, 6538, 65380282, 65382081, 282, 2081
0, 6539, 65390282, 65390970, 282, 970
0, 654, 6540282, 6540970, 282, 970
0, 6540, 65400282, 65401669, 282, 1669
0, 6541, 65410282, 65410970, 282, 970
0, 6542, 65420282, 65420970, 282, 970
0, 6543, 65430282, 65430970, 282, 970
0, 6544, 65440282, 65440970, 282, 970
0, 6545, 65450282, 65452081, 282, 2081
0, 6546, 65460282, 65461244, 282, 1244
0, 6547, 65470282, 65470970, 282, 970
0, 6548, 65480282, 65480970, 282, 970
0, 6549, 65490282, 65490970, 282, 970
0, 655, 6550282, 6550970, 282, 970
0, 6550, 65500282, 65500970, 282, 970
0, 6551, 65510282, 65510970, 282, 970
0, 6552, 65520282, 65522081, 282, 2081
0, 6553, 65530282, 65530970, 282, 970
0, 6554, 65540282, 65540970, 282, 970
0, 6555, 65550282, 65551244, 282, 1244
0, 6556, 65560282, 65560970, 282, 970
0, 6557, 65570282, 65570970, 282, 970
0, 6558, 65580282, 65580970, 282, 970
0, 6559, 65590282, 65590970, 282, 970
0, 656, 6560282, 6560970, 282, 970
0, 6560, 65600282, 65600970, 282, 970
0, 6561, 65610282, 65610970, 282, 970
0, 6562, 65620282, 65620970, 282, 970
0, 6563, 65630282, 65634126, 282, 4126
0, 6564, 65640282, 65641244, 282, 1244
0, 6565, 65650282, 65650970, 282, 970
0, 6566, 65660282, 65662056, 282, 2056
0, 6567, 65670282, 65670970, 282, 970
0, 6568, 65680282, 65680970, 282, 970
0, 6569, 65690282, 65690970, 282, 970
0, 657, 6570282, 6571244, 282, 1244
0, 6570, 65700282, 65701669, 282, 1669
0, 6571, 65710282, 65710970, 282, 970
0, 6572, 65720282, 65720970, 282, 970
0, 6573, 65730282, 65732081, 282, 2081
0, 6574, 65740282, 65740970, 282, 970
0, 6575, 65750282, 65750970, 282, 970
0, 6576, 65760282, 65761244, 282, 1244
0, 6577, 65770282, 65770970, 282, 970
0, 6578, 65780282, 65780970, 282, 970
0, 6579, 65790282, 65790970, 282, 970
0, 658, 6580282, 6582081, 282, 2081
0, 6580, 65800282, 65802081, 282, 2081
0, 6581, 65810282, 65810970, 282, 970
0, 6582, 65820282, 65821244, 282, 1244
0, 6583, 65830282, 65830970, 282, 970
0, 6584, 65840282, 65840970, 282, 970
0, 6585, 65850282, 65850970, 282, 970
0, 6586, 65860282, 65860970, 282, 970
0, 6587, 65870282, 65870970, 282, 970
0, 6588, 65880282, 65881244, 282, 1244
0, 6589, 65890282, 65890970, 282, 970
0, 659, 6590282, 6590970, 282, 970
0, 6590, 65900282, 65900970, 282, 970
0, 6591, 65910282, 65910970, 282, 970
0, 6592, 65920282, 65920970, 282, 970
0, 6593, 65930282, 65930970, 282, 970
0, 6594, 65940282, 65942056, 282, 2056
0, 6595, 65950282, 65950970, 282, 970
0, 6596, 65960282, 65960970, 282, 970
0, 6597, 65970282, 65970970, 282, 970
0, 6598, 65980282, 65980970, 282, 970
0, 6599, 65990282, 65990970, 282, 970
0, 66, 660282, 660970, 282, 970
0, 660, 6600282, 6601244, 282, 1244
0, 6600, 66000282, 66001669, 282, 1669
0, 6601, 66010282, 66010970, 282, 970
0, 6602, 66020282, 66020970, 282, 970
0, 6603, 66030282, 66030970, 282, 970
0, 6604, 66040282, 66040970, 282, 970
0, 6605, 66050282, 66050970, 282, 970
0, 6606, 66060282, 66061244, 282, 1244
0, 6607, 66070282, 66070970, 282, 970
0, 6608, 66080282, 66082081, 282, 2081
0, 6609, 66090282, 66090970, 282, 970
0, 661, 6610282, 6610970, 282, 970
0, 6610, 66100282, 66100970, 282, 970
0, 6611, 66110282, 66110970, 282, 970
0, 6612, 66120282, 66121244, 282, 1244
0, 6613, 66130282, 66130970, 282, 970
0, 6614, 66140282, 66140970, 282, 970
0, 6615, 66150282, 66152081, 282, 2081
0, 6616, 66160282, 66160970, 282, 970
0, 6617, 66170282, 66170970, 282, 970
0, 6618, 66180282, 66180970, 282, 970
0, 6619, 66190282, 66190970, 282, 970
0, 662, 6620282, 6620970, 282, 970
0, 6620, 66200282, 66200970, 282, 970
0, 6621, 66210282, 66210970, 282, 970
0, 6622, 66220282, 66222081, 282, 2081
0, 6623, 66230282, 66232353, 282, 2353
0, 6624, 66240282, 66241669, 282, 1669
0, 6625, 66250282, 66250970, 282, 970
0, 6626, 66260282, 66260970, 282, 970
0, 6627, 66270282, 66270970, 282, 970
0, 6628, 66280282, 66280970, 282, 970
0, 6629, 66290282, 66290970, 282, 970
0, 663, 6630282, 6630970, 282, 970
0, 6630, 66300282, 66301669, 282, 1669
0, 6631, 66310282, 66310970, 282, 970
0, 6632, 66320282, 66320970, 282, 970
0, 6633, 66330282, 66331244, 282, 1244
0, 6634, 66340282, 66340970, 282, 970
0, 6635, 66350282, 66350970, 282, 970
0, 6636, 66360282, 66362056, 282, 2056
0, 6637, 66370282, 66370970, 282, 970
0, 6638, 66380282, 66380970, 282, 970
0, 6639, 66390282, 66390970, 282, 970
0, 664, 6640282, 6640970, 282, 970
0, 6640, 66400282, 66402072, 282, 2072
0, 6641, 66410282, 66410970, 282, 970
0, 6642, 66420282, 66421244, 282, 1244
0, 6643, 66430282, 66430970, 282, 970
0, 6644, 66440282, 66440970, 282, 970
0, 6645, 66450282, 66450970, 282, 970
0, 6646, 66460282, 66460970, 282, 970
0, 6647, 66470282, 66470970, 282, 970
0, 6648, 66480282, 66481669, 282, 1669
0, 6649, 66490282, 66490970, 282, 970
0, 665, 6650282, 6652686, 282, 2686
0, 6650, 66500282, 66502081, 282, 2081
0, 6651, 66510282, 66510970, 282, 970
0, 6652, 66520282, 66520970, 282, 970
0, 6653, 66530282, 66530970, 282, 970
0, 6654, 66540282, 66541244, 282, 1244
0, 6655, 66550282, 66550970, 282, 970
0, 6656, 66560282, 66560970, 282, 970
0, 6657, 66570282, 66572081, 282, 2081
0, 6658, 66580282, 66580970, 282, 970
0, 6659, 66590282, 66590970, 282, 970
0, 666, 6660282, 6661244, 282, 1244
0, 6660, 66600282, 66601244, 282, 1244
0, 6661, 66610282, 66610970, 282, 970
0, 6662, 66620282, 66620970, 282, 970
0, 6663, 66630282, 66630970, 282, 970
0, 6664, 66640282, 66644047, 282, 4047
0, 6665, 66650282, 66651669, 282, 1669
0, 6666, 66660282, 66661244, 282, 1244
0, 6667, 66670282, 66670970, 282, 970
0, 6668, 66680282, 66680970, 282, 970
0, 6669, 66690282, 66690970, 282, 970
0, 667, 6670282, 6670970, 282, 970
0, 6670, 66700282, 66700970, 282, 970
0, 6671, 66710282, 66710970, 282, 970
0, 6672, 66720282, 66721244, 282, 1244
0, 6673, 66730282, 66730970, 282, 970
0, 6674, 66740282, 66740970, 282, 970
0, 6675, 66750282, 66751669, 282, 1669
0, 6676, 66760282, 66760970, 282, 970
0, 6677, 66770282, 66770970, 282, 970
0, 6678, 66780282, 66782056, 282, 2056
0, 6679, 66790282, 66790970, 282, 970
0, 668, 6680282, 6680970, 282, 970
0, 6680, 66800282, 66800970, 282, 970
0, 6681, 66810282, 66810970, 282, 970
0, 6682, 66820282, 66820970, 282, 970
0, 6683, 66830282, 66830970, 282, 970
0, 6684, 66840282, 66841244, 282, 1244
0, 6685, 66850282, 66852072, 282, 2072
0, 6686, 66860282, 66860970, 282, 970
0, 6687, 66870282, 66870970, 282, 970
0, 6688, 66880282, 66880970, 282, 970
0, 6689, 66890282, 66890970, 282, 970
0, 669, 6690282, 6690970, 282, 970
0, 6690, 66900282, 66901669, 282, 1669
0, 6691, 66910282, 66910970, 282, 970
0, 6692, 66920282, 66922081, 282, 2081
0, 6693, 66930282, 66930970, 282, 970
0, 6694, 66940282, 66940970, 282, 970
0, 6695, 66950282, 66950970, 282, 970
0, 6696, 66960282, 66961669, 282, 1669
0, 6697, 66970282, 66970970, 282, 970
0, 6698, 66980282, 66980970, 282, 970
0, 6699, 66990282, 66992081, 282, 2081
0, 67, 670282, 670970, 282, 970
0, 670, 6700282, 6700970, 282, 970
0, 6700, 67000282, 67000970, 282, 970
0, 6701, 67010282, 67010970, 282, 970
0, 6702, 67020282, 67020970, 282, 970
0, 6703, 67030282, 67030970, 282, 970
0, 6704, 67040282, 67040970, 282, 970
0, 6705, 67050282, 67050970, 282, 970
0, 6706, 67060282, 67062056, 282, 2056
0, 6707, 67070282, 67070970, 282, 970
0, 6708, 67080282, 67081244, 282, 1244
0, 6709, 67090282, 67090970, 282, 970
0, 671, 6710282, 6710970, 282, 970
0, 6710, 67100282, 67100970, 282, 970
0, 6711, 67110282, 67110970, 282, 970
0, 6712, 67120282, 67120970, 282, 970
0, 6713, 67130282, 67130970, 282, 970
0, 6714, 67140282, 67140970, 282, 970
0, 6715, 67150282, 67150970, 282, 970
0, 6716, 67160282, 67160970, 282, 970
0, 6717, 67170282, 67171244, 282, 1244
0, 6718, 67180282, 67180970, 282, 970
0, 6719, 67190282, 67190970, 282, 970
0, 672, 6720282, 6724047, 282, 4047
0, 6720, 67200282, 67202081, 282, 2081
0, 6721, 67210282, 67210970, 282, 970
0, 6722, 67220282, 67220970, 282, 970
0, 6723, 67230282, 67230970, 282, 970
0, 6724, 67240282, 67240970, 282, 970
0, 6725, 67250282, 67250970, 282, 970
0, 6726, 67260282, 67261244, 282, 1244
0, 6727, 67270282, 67272081, 282, 2081
0, 6728, 67280282, 67280970, 282, 970
0, 6729, 67290282, 67290970, 282, 970
0, 673, 6730282, 6732072, 282, 2072
0, 6730, 67300282, 67300970, 282, 970
0, 6731, 67310282, 67310970, 282, 970
0, 6732, 67320282, 67321244, 282, 1244
0, 6733, 67330282, 67330970, 282, 970
0, 6734, 67340282, 67342081, 282, 2081
0, 6735, 67350282, 67351244, 282, 1244
0, 6736, 67360282, 67360970, 282, 970
0, 6737, 67370282, 67370970, 282, 970
0, 6738, 67380282, 67381244, 282, 1244
0, 6739, 67390282, 67390970, 282, 970
0, 674, 6740282, 6740970, 282, 970
0, 6740, 67400282, 67400970, 282, 970
0, 6741, 67410282, 67412081, 282, 2081
0, 6742, 67420282, 67421071, 282, 1071
0, 6743, 67430282, 67430970, 282, 970
0, 6744, 67440282, 67441669, 282, 1669
0, 6745, 67450282, 67450970, 282, 970
0, 6746, 67460282, 67460970, 282, 970
0, 6747, 67470282, 67470970, 282, 970
0, 6748, 67480282, 67482056, 282, 2056
0, 6749, 67490282, 67490970, 282, 970
0, 675, 6750282, 6751244, 282, 1244
0, 6750, 67500282, 67501669, 282, 1669
0, 6751, 67510282, 67510970, 282, 970
0, 6752, 67520282, 67522056, 282, 2056
0, 6753, 67530282, 67530970, 282, 970
0, 6754, 67540282, 67540970, 282, 970
0, 6755, 67550282, 67552072, 282, 2072
0, 6756, 67560282, 67560970, 282, 970
0, 6757, 67570282, 67570970, 282, 970
0, 6758, 67580282, 67580970, 282, 970
0, 6759, 67590282, 67591244, 282, 1244
0, 676, 6760282, 6760970, 282, 970
0, 6760, 67600282, 67602056, 282, 2056
0, 6761, 67610282, 67610970, 282, 970
0, 6762, 67620282, 67622056, 282, 2056
0, 6763, 67630282, 67630970, 282, 970
0, 6764, 67640282, 67640970, 282, 970
0, 6765, 67650282, 67650970, 282, 970
0, 6766, 67660282, 67660970, 282, 970
0, 6767, 67670282, 67670970, 282, 970
0, 6768, 67680282, 67681669, 282, 1669
0, 6769, 67690282, 67692081, 282, 2081
0, 677, 6770282, 6770970, 282, 970
0, 6770, 67700282, 67700970, 282, 970
0, 6771, 67710282, 67710970, 282, 970
0, 6772, 67720282, 67720970, 282, 970
0, 6773, 67730282, 67730970, 282, 970
0, 6774, 67740282, 67740970, 282, 970
0, 6775, 67750282, 67750970, 282, 970
0, 6776, 67760282, 67764047, 282, 4047
0, 6777, 67770282, 67771669, 282, 1669
0, 6778, 67780282, 67780970, 282, 970
0, 6779, 67790282, 67790970, 282, 970
0, 678, 6780282, 6780970, 282, 970
0, 6780, 67800282, 67801669, 282, 1669
0, 6781, 67810282, 67810970, 282, 970
0, 6782, 67820282, 67820970, 282, 970
0, 6783, 67830282, 67832081, 282, 2081
0, 6784, 67840282, 67840970, 282, 970
0, 6785, 67850282, 67850970, 282, 970
0, 6786, 67860282, 67861244, 282, 1244
0, 6787, 67870282, 67870970, 282, 970
0, 6788, 67880282, 67880970, 282, 970
0, 6789, 67890282, 67890970, 282, 970
0, 679, 6790282, 6790970, 282, 970
0, 6790, 67900282, 67902072, 282, 2072
0, 6791, 67910282, 67910970, 282, 970
0, 6792, 67920282, 67921669, 282, 1669
0, 6793, 67930282, 67930970, 282, 970
0, 6794, 67940282, 67940970, 282, 970
0, 6795, 67950282, 67951244, 282, 1244
0, 6796, 67960282, 67960970, 282, 970
0, 6797, 67970282, 67970970, 282, 970
0, 6798, 67980282, 67980970, 282, 970
0, 6799, 67990282, 67990970, 282, 970
0, 68, 680282, 680970, 282, 970
0, 680, 6800282, 6802056, 282, 2056
0, 6800, 68000282, 68002056, 282, 2056
0, 6801, 68010282, 68011244, 282, 1244
0, 6802, 68020282, 68020970, 282, 970
0, 6803, 68030282, 68030970, 282, 970
0, 6804, 68040282, 68042056, 282, 2056
0, 6805, 68050282, 68050970, 282, 970
0, 6806, 68060282, 68060970, 282, 970
0, 6807, 68070282, 68070970, 282, 970
0, 6808, 68080282, 68080970, 282, 970
0, 6809, 68090282, 68090970, 282, 970
0, 681, 6810282, 6810970, 282, 970
0, 6810, 68100282, 68101669, 282, 1669
0, 6811, 68110282, 68112081, 282, 2081
0, 6812, 68120282, 68120970, 282, 970
0, 6813, 68130282, 68130970, 282, 970
0, 6814, 68140282, 68140970, 282, 970
0, 6815, 68150282, 68150970, 282, 970
0, 6816, 68160282, 68161244, 282, 1244
0, 6817, 68170282, 68170970, 282, 970
0, 6818, 68180282, 68182081, 282, 2081
0, 6819, 68190282, 68191244, 282, 1244
0, 682, 6820282, 6820970, 282, 970
0, 6820, 68200282, 68200970, 282, 970
0, 6821, 68210282, 68210970, 282, 970
0, 6822, 68220282, 68221244, 282, 1244
0, 6823, 68230282, 68230970, 282, 970
0, 6824, 68240282, 68240970, 282, 970
0, 6825, 68250282, 68252072, 282, 2072
0, 6826, 68260282, 68260970, 282, 970
0, 6827, 68270282, 68270970, 282, 970
0, 6828, 68280282, 68281244, 282, 1244
0, 6829, 68290282, 68290970, 282, 970
0, 683, 6830282, 6830970, 282, 970
0, 6830, 68300282, 68300970, 282, 970
0, 6831, 68310282, 68310970, 282, 970
0, 6832, 68320282, 68322081, 282, 2081
0, 6833, 68330282, 68330970, 282, 970
0, 6834, 68340282, 68341244, 282, 1244
0, 6835, 68350282, 68350970, 282, 970
0, 6836, 68360282, 68360970, 282, 970
0, 6837, 68370282, 68370970, 282, 970
0, 6838, 68380282, 68380970, 282, 970
0, 6839, 68390282, 68390970, 282, 970
0, 684, 6840282, 6840970, 282, 970
0, 6840, 68400282, 68401669, 282, 1669
0, 6841, 68410282, 68410970, 282, 970
0, 6842, 68420282, 68420970, 282, 970
0, 6843, 68430282, 68431244, 282, 1244
0, 6844, 68440282, 68440970, 282, 970
0, 6845, 68450282, 68450970, 282, 970
0, 6846, 68460282, 68462056, 282, 2056
0, 6847, 68470282, 68470970, 282, 970
0, 6848, 68480282, 68480970, 282, 970
0, 6849, 68490282, 68490970, 282, 970
0, 685, 6850282, 6850970, 282, 970
0, 6850, 68500282, 68500970, 282, 970
0, 6851, 68510282, 68510970, 282, 970
0, 6852, 68520282, 68521244, 282, 1244
0, 6853, 68530282, 68532081, 282, 2081
0, 6854, 68540282, 68540970, 282, 970
0, 6855, 68550282, 68550970, 282, 970
0, 6856, 68560282, 68560970, 282, 970
0, 6857, 68570282, 68570970, 282, 970
0, 6858, 68580282, 68580970, 282, 970
0, 6859, 68590282, 68590970, 282, 970
0, 686, 6860282, 6862056, 282, 2056
0, 6860, 68600282, 68602081, 282, 2081
0, 6861, 68610282, 68610970, 282, 970
0, 6862, 68620282, 68620970, 282, 970
0, 6863, 68630282, 68630970, 282, 970
0, 6864, 68640282, 68641669, 282, 1669
0, 6865, 68650282, 68650970, 282, 970
0, 6866, 68660282, 68660970, 282, 970
0, 6867, 68670282, 68671669, 282, 1669
0, 6868, 68680282, 68680970, 282, 970
0, 6869, 68690282, 68690970, 282, 970
0, 687, 6870282, 6870970, 282, 970
0, 6870, 68700282, 68701669, 282, 1669
0, 6871, 68710282, 68710970, 282, 970
0, 6872, 68720282, 68720970, 282, 970
0, 6873, 68730282, 68730970, 282, 970
0, 6874, 68740282, 68742056, 282, 2056
0, 6875, 68750282, 68750970, 282, 970
0, 6876, 68760282, 68760970, 282, 970
0, 6877, 68770282, 68770970, 282, 970
0, 6878, 68780282, 68782056, 282, 2056
0, 6879, 68790282, 68790970, 282, 970
0, 688, 6880282, 6880970, 282, 970
0, 6880, 68800282, 68801122, 282, 1122
0, 6881, 68810282, 68810970, 282, 970
0, 6882, 68820282, 68820970, 282, 970
0, 6883, 68830282, 68830970, 282, 970
0, 6884, 68840282, 68840970, 282, 970
0, 6885, 68850282, 68851669, 282, 1669
0, 6886, 68860282, 68860970, 282, 970
0, 6887, 68870282, 68870970, 282, 970
0, 6888, 68880282, 68882588, 282, 2588
0, 6889, 68890282, 68890970, 282, 970
0, 689, 6890282, 6890970, 282, 970
0, 6890, 68900282, 68900970, 282, 970
0, 6891, 68910282, 68910970, 282, 970
0, 6892, 68920282, 68920970, 282, 970
0, 6893, 68930282, 68930970, 282, 970
0, 6894, 68940282, 68941244, 282, 1244
0, 6895, 68950282, 68952081, 282, 2081
0, 6896, 68960282, 68960970, 282, 970
0, 6897, 68970282, 68970970, 282, 970
0, 6898, 68980282, 68980970, 282, 970
0, 6899, 68990282, 68990970, 282, 970
0, 69, 690282, 690970, 282, 970
0, 690, 6900282, 6902056, 282, 2056
0, 6900, 69000282, 69001244, 282, 1244
0, 6901, 69010282, 69010970, 282, 970
0, 6902, 69020282, 69022081, 282, 2081
0, 6903, 69030282, 69030970, 282, 970
0, 6904, 69040282, 69040970, 282, 970
0, 6905, 69050282, 69050970, 282, 970
0, 6906, 69060282, 69061244, 282, 1244
0, 6907, 69070282, 69070970, 282, 970
0, 6908, 69080282, 69080970, 282, 970
0, 6909, 69090282, 69091669, 282, 1669
0, 691, 6910282, 6910970, 282, 970
0, 6910, 69100282, 69100970, 282, 970
0, 6911, 69110282, 69110970, 282, 970
0, 6912, 69120282, 69121669, 282, 1669
0, 6913, 69130282, 69130970, 282, 970
0, 6914, 69140282, 69140970, 282, 970
0, 6915, 69150282, 69150970, 282, 970
0, 6916, 69160282, 69162056, 282, 2056
0, 6917, 69170282, 69170970, 282, 970
0, 6918, 69180282, 69180970, 282, 970
0, 6919, 69190282, 69190970, 282, 970
0, 692, 6920282, 6920970, 282, 970
0, 6920, 69200282, 69204741, 282, 4741
0, 6921, 69210282, 69210970, 282, 970
0, 6922, 69220282, 69220970, 282, 970
0, 6923, 69230282, 69231281, 282, 1281
0, 6924, 69240282, 69240970, 282, 970
0, 6925, 69250282, 69250970, 282, 970
0, 6926, 69260282, 69260970, 282, 970
0, 6927, 69270282, 69270970, 282, 970
0, 6928, 69280282, 69280970, 282, 970
0, 6929, 69290282, 69290970, 282, 970
0, 693, 6930282, 6931669, 282, 1669
0, 6930, 69300282, 69302081, 282, 2081
0, 6931, 69310282, 69310970, 282, 970
0, 6932, 69320282, 69320970, 282, 970
0, 6933, 69330282, 69330970, 282, 970
0, 6934, 69340282, 69340970, 282, 970
0, 6935, 69350282, 69350970, 282, 970
0, 6936, 69360282, 69361669, 282, 1669
0, 6937, 69370282, 69372081, 282, 2081
0, 6938, 69380282, 69381960, 282, 1960
0, 6939, 69390282, 69390970, 282, 970
0, 694, 6940282, 6940970, 282, 970
0, 6940, 69400282, 69400970, 282, 970
0, 6941, 69410282, 69410970, 282, 970
0, 6942, 69420282, 69420970, 282, 970
0, 6943, 69430282, 69430970, 282, 970
0, 6944, 69440282, 69442081, 282, 2081
0, 6945, 69450282, 69451244, 282, 1244
0, 6946, 69460282, 69460970, 282, 970
0, 6947, 69470282, 69470970, 282, 970
0, 6948, 69480282, 69481244, 282, 1244
0, 6949, 69490282, 69490970, 282, 970
0, 695, 6950282, 6950970, 282, 970
0, 6950, 69500282, 69500970, 282, 970
0, 6951, 69510282, 69511669, 282, 1669
0, 6952, 69520282, 69520970, 282, 970
0, 6953, 69530282, 69530970, 282, 970
0, 6954, 69540282, 69541244, 282, 1244
0, 6955, 69550282, 69550970, 282, 970
0, 6956, 69560282, 69560970, 282, 970
0, 6957, 69570282, 69570970, 282, 970
0, 6958, 69580282, 69582056, 282, 2056
0, 6959, 69590282, 69590970, 282, 970
0, 696, 6960282, 6961244, 282, 1244
0, 6960, 69600282, 69601669, 282, 1669
0, 6961, 69610282, 69610970, 282, 970
0, 6962, 69620282, 69620970, 282, 970
0, 6963, 69630282, 69630970, 282, 970
0, 6964, 69640282, 69640970, 282, 970
0, 6965, 69650282, 69652072, 282, 2072
0, 6966, 69660282, 69660970, 282, 970
0, 6967, 69670282, 69670970, 282, 970
0, 6968, 69680282, 69680970, 282, 970
0, 6969, 69690282, 69690970, 282, 970
0, 697, 6970282, 6970970, 282, 970
0, 6970, 69700282, 69700970, 282, 970
0, 6971, 69710282, 69710970, 282, 970
0, 6972, 69720282, 69722081, 282, 2081
0, 6973, 69730282, 69730970, 282, 970
0, 6974, 69740282, 69740970, 282, 970
0, 6975, 69750282, 69750970, 282, 970
0, 6976, 69760282, 69760970, 282, 970
0, 6977, 69770282, 69770970, 282, 970
0, 6978, 69780282, 69780970, 282, 970
0, 6979, 69790282, 69792081, 282, 2081
0, 698, 6980282, 6980970, 282, 970
0, 6980, 69800282, 69802072, 282, 2072
0, 6981, 69810282, 69810970, 282, 970
0, 6982, 69820282, 69820970, 282, 970
0, 6983, 69830282, 69830970, 282, 970
0, 6984, 69840282, 69841244, 282, 1244
0, 6985, 69850282, 69850970, 282, 970
0, 6986, 69860282, 69862056, 282, 2056
0, 6987, 69870282, 69870970, 282, 970
0, 6988, 69880282, 69880970, 282, 970
0, 6989, 69890282, 69890970, 282, 970
0, 699, 6990282, 6990970, 282, 970
0, 6990, 69900282, 69902056, 282, 2056
0, 6991, 69910282, 69910970, 282, 970
0, 6992, 69920282, 69920970, 282, 970
0, 6993, 69930282, 69931669, 282, 1669
0, 6994, 69940282, 69940970, 282, 970
0, 6995, 69950282, 69950970, 282, 970
0, 6996, 69960282, 69961244, 282, 1244
0, 6997, 69970282, 69970970, 282, 970
0, 6998, 69980282, 69980970, 282, 970
0, 6999, 69990282, 69990970, 282, 970
0, 7, 70282, 70970, 282, 970
0, 70, 700282, 702081, 282, 2081
0, 700, 7000282, 7002081, 282, 2081
0, 7000, 70000282, 70002081, 282, 2081
0, 7001, 70010282, 70010970, 282, 970
0, 7002, 70020282, 70020970, 282, 970
0, 7003, 70030282, 70030970, 282, 970
0, 7004, 70040282, 70040970, 282, 970
0, 7005, 70050282, 70051244, 282, 1244
0, 7006, 70060282, 70060970, 282, 970
0, 7007, 70070282, 70072081, 282, 2081
0, 7008, 70080282, 70081244, 282, 1244
0, 7009, 70090282, 70090970, 282, 970
0, 701, 7010282, 7010970, 282, 970
0, 7010, 70100282, 70100970, 282, 970
0, 7011, 70110282, 70110970, 282, 970
0, 7012, 70120282, 70120970, 282, 970
0, 7013, 70130282, 70130970, 282, 970
0, 7014, 70140282, 70142081, 282, 2081
0, 7015, 70150282, 70150970, 282, 970
0, 7016, 70160282, 70160970, 282, 970
0, 7017, 70170282, 70170970, 282, 970
0, 7018, 70180282, 70180970, 282, 970
0, 7019, 70190282, 70190970, 282, 970
0, 702, 7020282, 7020970, 282, 970
0, 7020, 70200282, 70201244, 282, 1244
0, 7021, 70210282, 70212081, 282, 2081
0, 7022, 70220282, 70220970, 282, 970
0, 7023, 70230282, 70230970, 282, 970
0, 7024, 70240282, 70240970, 282, 970
0, 7025, 70250282, 70250970, 282, 970
0, 7026, 70260282, 70260970, 282, 970
0, 7027, 70270282, 70270970, 282, 970
0, 7028, 70280282, 70282056, 282, 2056
0, 7029, 70290282, 70290970, 282, 970
0, 703, 7030282, 7030970, 282, 970
0, 7030, 70300282, 70300970, 282, 970
0, 7031, 70310282, 70310970, 282, 970
0, 7032, 70320282, 70322056, 282, 2056
0, 7033, 70330282, 70330970, 282, 970
0, 7034, 70340282, 70340970, 282, 970
0, 7035, 70350282, 70352072, 282, 2072
0, 7036, 70360282, 70360970, 282, 970
0, 7037, 70370282, 70370970, 282, 970
0, 7038, 70380282, 70381244, 282, 1244
0, 7039, 70390282, 70390970, 282, 970
0, 704, 7040282, 7040970, 282, 970
0, 7040, 70400282, 70402056, 282, 2056
0, 7041, 70410282, 70410970, 282, 970
0, 7042, 70420282, 70422056, 282, 2056
0, 7043, 70430282, 70430970, 282, 970
0, 7044, 70440282, 70440970, 282, 970
0, 7045, 70450282, 70450970, 282, 970
0, 7046, 70460282, 70460970, 282, 970
0, 7047, 70470282, 70470970, 282, 970
0, 7048, 70480282, 70480970, 282, 970
0, 7049, 70490282, 70492081, 282, 2081
0, 705, 7050282, 7050970, 282, 970
0, 7050, 70500282, 70501669, 282, 1669
0, 7051, 70510282, 70510970, 282, 970
0, 7052, 70520282, 70520970, 282, 970
0, 7053, 70530282, 70530970, 282, 970
0, 7054, 70540282, 70540970, 282, 970
0, 7055, 70550282, 70550970, 282, 970
0, 7056, 70560282, 70564047, 282, 4047
0, 7057, 70570282, 70572079, 282, 2079
0, 7058, 70580282, 70580970, 282, 970
0, 7059, 70590282, 70590970, 282, 970
0, 706, 7060282, 7060970, 282, 970
0, 7060, 70600282, 70600970, 282, 970
0, 7061, 70610282, 70610970, 282, 970
0, 7062, 70620282, 70620970, 282, 970
0, 7063, 70630282, 70630970, 282, 970
0, 7064, 70640282, 70640970, 282, 970
0, 7065, 70650282, 70651526, 282, 1526
0, 7066, 70660282, 70660970, 282, 970
0, 7067, 70670282, 70670970, 282, 970
0, 7068, 70680282, 70680970, 282, 970
0, 7069, 70690282, 70690970, 282, 970
0, 707, 7070282, 7072081, 282, 2081
0, 7070, 70700282, 70702072, 282, 2072
0, 7071, 70710282, 70710970, 282, 970
0, 7072, 70720282, 70720970, 282, 970
0, 7073, 70730282, 70730970, 282, 970
0, 7074, 70740282, 70741669, 282, 1669
0, 7075, 70750282, 70750970, 282, 970
0, 7076, 70760282, 70760970, 282, 970
0, 7077, 70770282, 70771669, 282, 1669
0, 7078, 70780282, 70780970, 282, 970
0, 7079, 70790282, 70790970, 282, 970
0, 708, 7080282, 7081244, 282, 1244
0, 7080, 70800282, 70801669, 282, 1669
0, 7081, 70810282, 70810970, 282, 970
0, 7082, 70820282, 70820970, 282, 970
0, 7083, 70830282, 70830970, 282, 970
0, 7084, 70840282, 70842056, 282, 2056
0, 7085, 70850282, 70850970, 282, 970
0, 7086, 70860282, 70860970, 282, 970
0, 7087, 70870282, 70870970, 282, 970
0, 7088, 70880282, 70880970, 282, 970
0, 7089, 70890282, 70890970, 282, 970
0, 709, 7090282, 7090970, 282, 970
0, 7090, 70900282, 70900970, 282, 970
0, 7091, 70910282, 70912081, 282, 2081
0, 7092, 70920282, 70921244, 282, 1244
0, 7093, 70930282, 70930970, 282, 970
0, 7094, 70940282, 70940970, 282, 970
0, 7095, 70950282, 70951244, 282, 1244
0, 7096, 70960282, 70960970, 282, 970
0, 7097, 70970282, 70970970, 282, 970
0, 7098, 70980282, 70982081, 282, 2081
0, 7099, 70990282, 70990970, 282, 970
0, 71, 710282, 710970, 282, 970
0, 710, 7100282, 7100970, 282, 970
0, 7100, 71000282, 71000970, 282, 970
0, 7101, 71010282, 71010970, 282, 970
0, 7102, 71020282, 71020970, 282, 970
0, 7103, 71030282, 71030970, 282, 970
0, 7104, 71040282, 71041244, 282, 1244
0, 7105, 71050282, 71052072, 282, 2072
0, 7106, 71060282, 71060970, 282, 970
0, 7107, 71070282, 71070970, 282, 970
0, 7108, 71080282, 71080970, 282, 970
0, 7109, 71090282, 71090970, 282, 970
0, 711, 7110282, 7110970, 282, 970
0, 7110, 71100282, 71101244, 282, 1244
0, 7111, 71110282, 71110970, 282, 970
0, 7112, 71120282, 71122081, 282, 2081
0, 7113, 71130282, 71130970, 282, 970
0, 7114, 71140282, 71140970, 282, 970
0, 7115, 71150282, 71150970, 282, 970
0, 7116, 71160282, 71161669, 282, 1669
0, 7117, 71170282, 71170970, 282, 970
0, 7118, 71180282, 71180970, 282, 970
0, 7119, 71190282, 71191669, 282, 1669
0, 712, 7120282, 7120970, 282, 970
0, 7120, 71200282, 71200970, 282, 970
0, 7121, 71210282, 71210970, 282, 970
0, 7122, 71220282, 71220970, 282, 970
0, 7123, 71230282, 71230970, 282, 970
0, 7124, 71240282, 71240970, 282, 970
0, 7125, 71250282, 71251244, 282, 1244
0, 7126, 71260282, 71262081, 282, 2081
0, 7127, 71270282, 71270970, 282, 970
0, 7128, 71280282, 71281244, 282, 1244
0, 7129, 71290282, 71290970, 282, 970
0, 713, 7130282, 7130970, 282, 970
0, 7130, 71300282, 71300970, 282, 970
0, 7131, 71310282, 71310970, 282, 970
0, 7132, 71320282, 71320970, 282, 970
0, 7133, 71330282, 71332081, 282, 2081
0, 7134, 71340282, 71341244, 282, 1244
0, 7135, 71350282, 71350970, 282, 970
0, 7136, 71360282, 71360970, 282, 970
0, 7137, 71370282, 71370970, 282, 970
0, 7138, 71380282, 71380970, 282, 970
0, 7139, 71390282, 71390970, 282, 970
0, 714, 7140282, 7142081, 282, 2081
0, 7140, 71400282, 71402081, 282, 2081
0, 7141, 71410282, 71410970, 282, 970
0, 7142, 71420282, 71420970, 282, 970
0, 7143, 71430282, 71430970, 282, 970
0, 7144, 71440282, 71440970, 282, 970
0, 7145, 71450282, 71450970, 282, 970
0, 7146, 71460282, 71460970, 282, 970
0, 7147, 71470282, 71470970, 282, 970
0, 7148, 71480282, 71480970, 282, 970
0, 7149, 71490282, 71490970, 282, 970
0, 715, 7150282, 7150970, 282, 970
0, 7150, 71500282, 71500970, 282, 970
0, 7151, 71510282, 71510970, 282, 970
0, 7152, 71520282, 71521244, 282, 1244
0, 7153, 71530282, 71530970, 282, 970
0, 7154, 71540282, 71542056, 282, 2056
0, 7155, 71550282, 71550970, 282, 970
0, 7156, 71560282, 71560970, 282, 970
0, 7157, 71570282, 71570970, 282, 970
0, 7158, 71580282, 71582056, 282, 2056
0, 7159, 71590282, 71590970, 282, 970
0, 716, 7160282, 7160970, 282, 970
0, 7160, 71600282, 71602056, 282, 2056
0, 7161, 71610282, 71611669, 282, 1669
0, 7162, 71620282, 71620970, 282, 970
0, 7163, 71630282, 71630970, 282, 970
0, 7164, 71640282, 71640970, 282, 970
0, 7165, 71650282, 71650970, 282, 970
0, 7166, 71660282, 71660970, 282, 970
0, 7167, 71670282, 71670970, 282, 970
0, 7168, 71680282, 71684047, 282, 4047
0, 7169, 71690282, 71691400, 282, 1400
0, 717, 7170282, 7170970, 282, 970
0, 7170, 71700282, 71701244, 282, 1244
0, 7171, 71710282, 71710970, 282, 970
0, 7172, 71720282, 71720970, 282, 970
0, 7173, 71730282, 71730970, 282, 970
0, 7174, 71740282, 71740970, 282, 970
0, 7175, 71750282, 71752081, 282, 2081
0, 7176, 71760282, 71762056, 282, 2056
0, 7177, 71770282, 71770970, 282, 970
0, 7178, 71780282, 71780970, 282, 970
0, 7179, 71790282, 71790970, 282, 970
0, 718, 7180282, 7180970, 282, 970
0, 7180, 71800282, 71800970, 282, 970
0, 7181, 71810282, 71810970, 282, 970
0, 7182, 71820282, 71822056, 282, 2056
0, 7183, 71830282, 71830970, 282, 970
0, 7184, 71840282, 71840970, 282, 970
0, 7185, 71850282, 71851244, 282, 1244
0, 7186, 71860282, 71860970, 282, 970
0, 7187, 71870282, 71870970, 282, 970
0, 7188, 71880282, 71880970, 282, 970
0, 7189, 71890282, 71890970, 282, 970
0, 719, 7190282, 7190970, 282, 970
0, 7190, 71900282, 71900970, 282, 970
0, 7191, 71910282, 71910970, 282, 970
0, 7192, 71920282, 71920970, 282, 970
0, 7193, 71930282, 71931955, 282, 1955
0, 7194, 71940282, 71941244, 282, 1244
0, 7195, 71950282, 71950970, 282, 970
0, 7196, 71960282, 71962056, 282, 2056
0, 7197, 71970282, 71970970, 282, 970
0, 7198, 71980282, 71980970, 282, 970
0, 7199, 71990282, 71990970, 282, 970
0, 72, 720282, 721244, 282, 1244
0, 720, 7200282, 7201669, 282, 1669
0, 7200, 72000282, 72002072, 282, 2072
0, 7201, 72010282, 72010970, 282, 970
0, 7202, 72020282, 72020970, 282, 970
0, 7203, 72030282, 72032081, 282, 2081
0, 7204, 72040282, 72040970, 282, 970
0, 7205, 72050282, 72050970, 282, 970
0, 7206, 72060282, 72060970, 282, 970
0, 7207, 72070282, 72070970, 282, 970
0, 7208, 72080282, 72080970, 282, 970
0, 7209, 72090282, 72090970, 282, 970
0, 721, 7210282, 7210970, 282, 970
0, 7210, 72100282, 72102081, 282, 2081
0, 7211, 72110282, 72110970, 282, 970
0, 7212, 72120282, 72120970, 282, 970
0, 7213, 72130282, 72130970, 282, 970
0, 7214, 72140282, 72140970, 282, 970
0, 7215, 72150282, 72150970, 282, 970
0, 7216, 72160282, 72160970, 282, 970
0, 7217, 72170282, 72172081, 282, 2081
0, 7218, 72180282, 72181244, 282, 1244
0, 7219, 72190282, 72190970, 282, 970
0, 722, 7220282, 7220970, 282, 970
0, 7220, 72200282, 72200970, 282, 970
0, 7221, 72210282, 72210970, 282, 970
0, 7222, 72220282, 72220970, 282, 970
0, 7223, 72230282, 72230970, 282, 970
0, 7224, 72240282, 72242081, 282, 2081
0, 7225, 72250282, 72250970, 282, 970
0, 7226, 72260282, 72260970, 282, 970
0, 7227, 72270282, 72270970, 282, 970
0, 7228, 72280282, 72280970, 282, 970
0, 7229, 72290282, 72290970, 282, 970
0, 723, 7230282, 7230970, 282, 970
0, 7230, 72300282, 72301244, 282, 1244
0, 7231, 72310282, 72310970, 282, 970
0, 7232, 72320282, 72320970, 282, 970
0, 7233, 72330282, 72330970, 282, 970
0, 7234, 72340282, 72340970, 282, 970
0, 7235, 72350282, 72352213, 282, 2213
0, 7236, 72360282, 72361244, 282, 1244
0, 7237, 72370282, 72370970, 282, 970
0, 7238, 72380282, 72382056, 282, 2056
0, 7239, 72390282, 72390970, 282, 970
0, 724, 7240282, 7240970, 282, 970
0, 7240, 72400282, 72400970, 282, 970
0, 7241, 72410282, 72410970, 282, 970
0, 7242, 72420282, 72421669, 282, 1669
0, 7243, 72430282, 72430970, 282, 970
0, 7244, 72440282, 72440970, 282, 970
0, 7245, 72450282, 72452081, 282, 2081
0, 7246, 72460282, 72460970, 282, 970
0, 7247, 72470282, 72470970, 282, 970
0, 7248, 72480282, 72481244, 282, 1244
0, 7249, 72490282, 72490970, 282, 970
0, 725, 7250282, 7250970, 282, 970
0, 7250, 72500282, 72500970, 282, 970
0, 7251, 72510282, 72510970, 282, 970
0, 7252, 72520282, 72522081, 282, 2081
0, 7253, 72530282, 72530970, 282, 970
0, 7254, 72540282, 72540970, 282, 970
0, 7255, 72550282, 72550970, 282, 970
0, 7256, 72560282, 72560970, 282, 970
0, 7257, 72570282, 72570970, 282, 970
0, 7258, 72580282, 72580970, 282, 970
0, 7259, 72590282, 72592081, 282, 2081
0, 726, 7260282, 7261244, 282, 1244
0, 7260, 72600282, 72601669, 282, 1669
0, 7261, 72610282, 72610970, 282, 970
0, 7262, 72620282, 72620970, 282, 970
0, 7263, 72630282, 72630970, 282, 970
0, 7264, 72640282, 72640970, 282, 970
0, 7265, 72650282, 72650970, 282, 970
0, 7266, 72660282, 72662056, 282, 2056
0, 7267, 72670282, 72670970, 282, 970
0, 7268, 72680282, 72680970, 282, 970
0, 7269, 72690282, 72690970, 282, 970
0, 727, 7270282, 7270970, 282, 970
0, 7270, 72700282, 72702056, 282, 2056
0, 7271, 72710282, 72710970, 282, 970
0, 7272, 72720282, 72721244, 282, 1244
0, 7273, 72730282, 72730970, 282, 970
0, 7274, 72740282, 72740970, 282, 970
0, 7275, 72750282, 72750970, 282, 970
0, 7276, 72760282, 72760970, 282, 970
0, 7277, 72770282, 72773282, 282, 3282
0, 7278, 72780282, 72781244, 282, 1244
0, 7279, 72790282, 72790970, 282, 970
0, 728, 7280282, 7282081, 282, 2081
0, 7280, 72800282, 72802081, 282, 2081
0, 7281, 72810282, 72810970, 282, 970
0, 7282, 72820282, 72820970, 282, 970
0, 7283, 72830282, 72830970, 282, 970
0, 7284, 72840282, 72841244, 282, 1244
0, 7285, 72850282, 72850970, 282, 970
0, 7286, 72860282, 72860970, 282, 970
0, 7287, 72870282, 72872081, 282, 2081
0, 7288, 72880282, 72880970, 282, 970
0, 7289, 72890282, 72890970, 282, 970
0, 729, 7290282, 7290970, 282, 970
0, 7290, 72900282, 72901244, 282, 1244
0, 7291, 72910282, 72910970, 282, 970
0, 7292, 72920282, 72920970, 282, 970
0, 7293, 72930282, 72930970, 282, 970
0, 7294, 72940282, 72942081, 282, 2081
0, 7295, 72950282, 72952072, 282, 2072
0, 7296, 72960282, 72961669, 282, 1669
0, 7297, 72970282, 72970970, 282, 970
0, 7298, 72980282, 72980970, 282, 970
0, 7299, 72990282, 72990970, 282, 970
0, 73, 730282, 730970, 282, 970
0, 730, 7300282, 7300970, 282, 970
0, 7300, 73000282, 73000970, 282, 970
0, 7301, 73010282, 73010970, 282, 970
0, 7302, 73020282, 73021244, 282, 1244
0, 7303, 73030282, 73030970, 282, 970
0, 7304, 73040282, 73040970, 282, 970
0, 7305, 73050282, 73051244, 282, 1244
0, 7306, 73060282, 73060970, 282, 970
0, 7307, 73070282, 73070970, 282, 970
0, 7308, 73080282, 73082056, 282, 2056
0, 7309, 73090282, 73090970, 282, 970
0, 731, 7310282, 7310970, 282, 970
0, 7310, 73100282, 73100970, 282, 970
0, 7311, 73110282, 73110970, 282, 970
0, 7312, 73120282, 73122056, 282, 2056
0, 7313, 73130282, 73130970, 282, 970
0, 7314, 73140282, 73140970, 282, 970
0, 7315, 73150282, 73152072, 282, 2072
0, 7316, 73160282, 73160970, 282, 970
0, 7317, 73170282, 73170970, 282, 970
0, 7318, 73180282, 73180970, 282, 970
0, 7319, 73190282, 73190970, 282, 970
0, 732, 7320282, 7321669, 282, 1669
0, 7320, 73200282, 73202056, 282, 2056
0, 7321, 73210282, 73210970, 282, 970
0, 7322, 73220282, 73222056, 282, 2056
0, 7323, 73230282, 73230970, 282, 970
0, 7324, 73240282, 73240970, 282, 970
0, 7325, 73250282, 73250970, 282, 970
0, 7326, 73260282, 73261244, 282, 1244
0, 7327, 73270282, 73270970, 282, 970
0, 7328, 73280282, 73282030, 282, 2030
0, 7329, 73290282, 73293844, 282, 3844
0, 733, 7330282, 7330970, 282, 970
0, 7330, 73300282, 73300970, 282, 970
0, 7331, 73310282, 73310970, 282, 970
0, 7332, 73320282, 73320970, 282, 970
0, 7333, 73330282, 73330970, 282, 970
0, 7334, 73340282, 73340970, 282, 970
0, 7335, 73350282, 73350970, 282, 970
0, 7336, 73360282, 73364047, 282, 4047
0, 7337, 73370282, 73371400, 282, 1400
0, 7338, 73380282, 73381244, 282, 1244
0, 7339, 73390282, 73390970, 282, 970
0, 734, 7340282, 7340970, 282, 970
0, 7340, 73400282, 73400970, 282, 970
0, 7341, 73410282, 73410970, 282, 970
0, 7342, 73420282, 73420970, 282, 970
0, 7343, 73430282, 73430970, 282, 970
0, 7344, 73440282, 73441669, 282, 1669
0, 7345, 73450282, 73450970, 282, 970
0, 7346, 73460282, 73460970, 282, 970
0, 7347, 73470282, 73471244, 282, 1244
0, 7348, 73480282, 73480970, 282, 970
0, 7349, 73490282, 73490970, 282, 970
0, 735, 7350282, 7352072, 282, 2072
0, 7350, 73500282, 73502072, 282, 2072
0, 7351, 73510282, 73510970, 282, 970
0, 7352, 73520282, 73520970, 282, 970
0, 7353, 73530282, 73530970, 282, 970
0, 7354, 73540282, 73540970, 282, 970
0, 7355, 73550282, 73550970, 282, 970
0, 7356, 73560282, 73561244, 282, 1244
0, 7357, 73570282, 73570970, 282, 970
0, 7358, 73580282, 73580970, 282, 970
0, 7359, 73590282, 73590970, 282, 970
0, 736, 7360282, 7360970, 282, 970
0, 7360, 73600282, 73600970, 282, 970
0, 7361, 73610282, 73610970, 282, 970
0, 7362, 73620282, 73621244, 282, 1244
0, 7363, 73630282, 73630970, 282, 970
0, 7364, 73640282, 73642081, 282, 2081
0, 7365, 73650282, 73650970, 282, 970
0, 7366, 73660282, 73660970, 282, 970
0, 7367, 73670282, 73670970, 282, 970
0, 7368, 73680282, 73681669, 282, 1669
0, 7369, 73690282, 73690970, 282, 970
0, 737, 7370282, 7370970, 282, 970
0, 7370, 73700282, 73700970, 282, 970
0, 7371, 73710282, 73712081, 282, 2081
0, 7372, 73720282, 73720970, 282, 970
0, 7373, 73730282, 73730970, 282, 970
0, 7374, 73740282, 73740970, 282, 970
0, 7375, 73750282, 73750970, 282, 970
0, 7376, 73760282, 73760970, 282, 970
0, 7377, 73770282, 73770970, 282, 970
0, 7378, 73780282, 73782081, 282, 2081
0, 7379, 73790282, 73790970, 282, 970
0, 738, 7380282, 7380970, 282, 970
0, 7380, 73800282, 73801669, 282, 1669
0, 7381, 73810282, 73810970, 282, 970
0, 7382, 73820282, 73820970, 282, 970
0, 7383, 73830282, 73830970, 282, 970
0, 7384, 73840282, 73840970, 282, 970
0, 7385, 73850282, 73852072, 282, 2072
0, 7386, 73860282, 73860970, 282, 970
0, 7387, 73870282, 73870970, 282, 970
0, 7388, 73880282, 73880970, 282, 970
0, 7389, 73890282, 73891244, 282, 1244
0, 739, 7390282, 7390970, 282, 970
0, 7390, 73900282, 73900970, 282, 970
0, 7391, 73910282, 73910970, 282, 970
0, 7392, 73920282, 73922081, 282, 2081
0, 7393, 73930282, 73930970, 282, 970
0, 7394, 73940282, 73940970, 282, 970
0, 7395, 73950282, 73951244, 282, 1244
0, 7396, 73960282, 73960970, 282, 970
0, 7397, 73970282, 73970970, 282, 970
0, 7398, 73980282, 73981244, 282, 1244
0, 7399, 73990282, 73990970, 282, 970
0, 74, 740282, 740970, 282, 970
0, 740, 7400282, 7400970, 282, 970
0, 7400, 74000282, 74000970, 282, 970
0, 7401, 74010282, 74010970, 282, 970
0, 7402, 74020282, 74020970, 282, 970
0, 7403, 74030282, 74030970, 282, 970
0, 7404, 74040282, 74041244, 282, 1244
0, 7405, 74050282, 74050970, 282, 970
0, 7406, 74060282, 74062081, 282, 2081
0, 7407, 74070282, 74070970, 282, 970
0, 7408, 74080282, 74080970, 282, 970
0, 7409, 74090282, 74090970, 282, 970
0, 741, 7410282, 7410970, 282, 970
0, 7410, 74100282, 74101669, 282, 1669
0, 7411, 74110282, 74110970, 282, 970
0, 7412, 74120282, 74120970, 282, 970
0, 7413, 74130282, 74132081, 282, 2081
0, 7414, 74140282, 74140970, 282, 970
0, 7415, 74150282, 74150970, 282, 970
0, 7416, 74160282, 74161244, 282, 1244
0, 7417, 74170282, 74170970, 282, 970
0, 7418, 74180282, 74180970, 282, 970
0, 7419, 74190282, 74190970, 282, 970
0, 742, 7420282, 7422081, 282, 2081
0, 7420, 74200282, 74202072, 282, 2072
0, 7421, 74210282, 74210970, 282, 970
0, 7422, 74220282, 74221244, 282, 1244
0, 7423, 74230282, 74230970, 282, 970
0, 7424, 74240282, 74240970, 282, 970
0, 7425, 74250282, 74250970, 282, 970
0, 7426, 74260282, 74260970, 282, 970
0, 7427, 74270282, 74270970, 282, 970
0, 7428, 74280282, 74280970, 282, 970
0, 7429, 74290282, 74290970, 282, 970
0, 743, 7430282, 7430970, 282, 970
0, 7430, 74300282, 74300970, 282, 970
0, 7431, 74310282, 74311244, 282, 1244
0, 7432, 74320282, 74320970, 282, 970
0, 7433, 74330282, 74330970, 282, 970
0, 7434, 74340282, 74342056, 282, 2056
0, 7435, 74350282, 74350970, 282, 970
0, 7436, 74360282, 74360970, 282, 970
0, 7437, 74370282, 74370970, 282, 970
0, 7438, 74380282, 74380970, 282, 970
0, 7439, 74390282, 74390970, 282, 970
0, 744, 7440282, 7441244, 282, 1244
0, 7440, 74400282, 74402056, 282, 2056
0, 7441, 74410282, 74411527, 282, 1527
0, 7442, 74420282, 74420970, 282, 970
0, 7443, 74430282, 74430970, 282, 970
0, 7444, 74440282, 74440970, 282, 970
0, 7445, 74450282, 74450970, 282, 970
0, 7446, 74460282, 74461244, 282, 1244
0, 7447, 74470282, 74470970, 282, 970
0, 7448, 74480282, 74484047, 282, 4047
0, 7449, 74490282, 74490970, 282, 970
0, 745, 7450282, 7450970, 282, 970
0, 7450, 74500282, 74500970, 282, 970
0, 7451, 74510282, 74510970, 282, 970
0, 7452, 74520282, 74521244, 282, 1244
0, 7453, 74530282, 74530970, 282, 970
0, 7454, 74540282, 74540970, 282, 970
0, 7455, 74550282, 74552081, 282, 2081
0, 7456, 74560282, 74561869, 282, 1869
0, 7457, 74570282, 74570970, 282, 970
0, 7458, 74580282, 74581244, 282, 1244
0, 7459, 74590282, 74590970, 282, 970
0, 746, 7460282, 7460970, 282, 970
0, 7460, 74600282, 74600970, 282, 970
0, 7461, 74610282, 74610970, 282, 970
0, 7462, 74620282, 74622056, 282, 2056
0, 7463, 74630282, 74630970, 282, 970
0, 7464, 74640282, 74641669, 282, 1669
0, 7465, 74650282, 74650970, 282, 970
0, 7466, 74660282, 74660970, 282, 970
0, 7467, 74670282, 74670970, 282, 970
0, 7468, 74680282, 74680970, 282, 970
0, 7469, 74690282, 74690970, 282, 970
0, 747, 7470282, 7470970, 282, 970
0, 7470, 74700282, 74701244, 282, 1244
0, 7471, 74710282, 74710970, 282, 970
0, 7472, 74720282, 74720970, 282, 970
0, 7473, 74730282, 74731669, 282, 1669
0, 7474, 74740282, 74740970, 282, 970
0, 7475, 74750282, 74750970, 282, 970
0, 7476, 74760282, 74762056, 282, 2056
0, 7477, 74770282, 74770970, 282, 970
0, 7478, 74780282, 74780970, 282, 970
0, 7479, 74790282, 74790970, 282, 970
0, 748, 7480282, 7480970, 282, 970
0, 7480, 74800282, 74802072, 282, 2072
0, 7481, 74810282, 74810970, 282, 970
0, 7482, 74820282, 74821244, 282, 1244
0, 7483, 74830282, 74832081, 282, 2081
0, 7484, 74840282, 74840970, 282, 970
0, 7485, 74850282, 74850970, 282, 970
0, 7486, 74860282, 74860970, 282, 970
0, 7487, 74870282, 74870970, 282, 970
0, 7488, 74880282, 74881244, 282, 1244
0, 7489, 74890282, 74890970, 282, 970
0, 749, 7490282, 7492081, 282, 2081
0, 7490, 74900282, 74902081, 282, 2081
0, 7491, 74910282, 74911032, 282, 1032
0, 7492, 74920282, 74920970, 282, 970
0, 7493, 74930282, 74930970, 282, 970
0, 7494, 74940282, 74941244, 282, 1244
0, 7495, 74950282, 74950970, 282, 970
0, 7496, 74960282, 74960970, 282, 970
0, 7497, 74970282, 74972081, 282, 2081
0, 7498, 74980282, 74980970, 282, 970
0, 7499, 74990282, 74990970, 282, 970
0, 75, 750282, 750970, 282, 970
0, 750, 7500282, 7502056, 282, 2056
0, 7500, 75000282, 75001669, 282, 1669
0, 7501, 75010282, 75010970, 282, 970
0, 7502, 75020282, 75020970, 282, 970
0, 7503, 75030282, 75030970, 282, 970
0, 7504, 75040282, 75042081, 282, 2081
0, 7505, 75050282, 75050970, 282, 970
0, 7506, 75060282, 75061244, 282, 1244
0, 7507, 75070282, 75070970, 282, 970
0, 7508, 75080282, 75080970, 282, 970
0, 7509, 75090282, 75090970, 282, 970
0, 751, 7510282, 7510970, 282, 970
0, 7510, 75100282, 75100970, 282, 970
0, 7511, 75110282, 75110970, 282, 970
0, 7512, 75120282, 75121244, 282, 1244
0, 7513, 75130282, 75130970, 282, 970
0, 7514, 75140282, 75140970, 282, 970
0, 7515, 75150282, 75151669, 282, 1669
0, 7516, 75160282, 75160970, 282, 970
0, 7517, 75170282, 75170970, 282, 970
0, 7518, 75180282, 75182056, 282, 2056
0, 7519, 75190282, 75190970, 282, 970
0, 752, 7520282, 7520970, 282, 970
0, 7520, 75200282, 75200970, 282, 970
0, 7521, 75210282, 75210970, 282, 970
0, 7522, 75220282, 75220970, 282, 970
0, 7523, 75230282, 75230970, 282, 970
0, 7524, 75240282, 75241244, 282, 1244
0, 7525, 75250282, 75252081, 282, 2081
0, 7526, 75260282, 75260970, 282, 970
0, 7527, 75270282, 75270970, 282, 970
0, 7528, 75280282, 75280970, 282, 970
0, 7529, 75290282, 75290970, 282, 970
0, 753, 7530282, 7530970, 282, 970
0, 7530, 75300282, 75301244, 282, 1244
0, 7531, 75310282, 75310970, 282, 970
0, 7532, 75320282, 75322081, 282, 2081
0, 7533, 75330282, 75331545, 282, 1545
0, 7534, 75340282, 75340970, 282, 970
0, 7535, 75350282, 75350970, 282, 970
0, 7536, 75360282, 75361669, 282, 1669
0, 7537, 75370282, 75370970, 282, 970
0, 7538, 75380282, 75380970, 282, 970
0, 7539, 75390282, 75391669, 282, 1669
0, 754, 7540282, 7540970, 282, 970
0, 7540, 75400282, 75400970, 282, 970
0, 7541, 75410282, 75410970, 282, 970
0, 7542, 75420282, 75421244, 282, 1244
0, 7543, 75430282, 75430970, 282, 970
0, 7544, 75440282, 75440970, 282, 970
0, 7545, 75450282, 75450970, 282, 970
0, 7546, 75460282, 75462056, 282, 2056
0, 7547, 75470282, 75470970, 282, 970
0, 7548, 75480282, 75481244, 282, 1244
0, 7549, 75490282, 75490970, 282, 970
0, 755, 7550282, 7550970, 282, 970
0, 7550, 75500282, 75502056, 282, 2056
0, 7551, 75510282, 75510970, 282, 970
0, 7552, 75520282, 75520970, 282, 970
0, 7553, 75530282, 75530970, 282, 970
0, 7554, 75540282, 75540970, 282, 970
0, 7555, 75550282, 75550970, 282, 970
0, 7556, 75560282, 75560970, 282, 970
0, 7557, 75570282, 75571244, 282, 1244
0, 7558, 75580282, 75580970, 282, 970
0, 7559, 75590282, 75590970, 282, 970
0, 756, 7560282, 7562056, 282, 2056
0, 7560, 75600282, 75602081, 282, 2081
0, 7561, 75610282, 75610970, 282, 970
0, 7562, 75620282, 75620970, 282, 970
0, 7563, 75630282, 75630970, 282, 970
0, 7564, 75640282, 75640970, 282, 970
0, 7565, 75650282, 75650970, 282, 970
0, 7566, 75660282, 75661244, 282, 1244
0, 7567, 75670282, 75672081, 282, 2081
0, 7568, 75680282, 75680970, 282, 970
0, 7569, 75690282, 75690970, 282, 970
0, 757, 7570282, 7570970, 282, 970
0, 7570, 75700282, 75700970, 282, 970
0, 7571, 75710282, 75710970, 282, 970
0, 7572, 75720282, 75720970, 282, 970
0, 7573, 75730282, 75730970, 282, 970
0, 7574, 75740282, 75742081, 282, 2081
0, 7575, 75750282, 75751244, 282, 1244
0, 7576, 75760282, 75760970, 282, 970
0, 7577, 75770282, 75770970, 282, 970
0, 7578, 75780282, 75781244, 282, 1244
0, 7579, 75790282, 75790970, 282, 970
0, 758, 7580282, 7580970, 282, 970
0, 7580, 75800282, 75800970, 282, 970
0, 7581, 75810282, 75811669, 282, 1669
0, 7582, 75820282, 75820970, 282, 970
0, 7583, 75830282, 75830970, 282, 970
0, 7584, 75840282, 75841669, 282, 1669
0, 7585, 75850282, 75851690, 282, 1690
0, 7586, 75860282, 75860970, 282, 970
0, 7587, 75870282, 75870970, 282, 970
0, 7588, 75880282, 75882056, 282, 2056
0, 7589, 75890282, 75890970, 282, 970
0, 759, 7590282, 7590970, 282, 970
0, 7590, 75900282, 75901244, 282, 1244
0, 7591, 75910282, 75910970, 282, 970
0, 7592, 75920282, 75922056, 282, 2056
0, 7593, 75930282, 75931244, 282, 1244
0, 7594, 75940282, 75940970, 282, 970
0, 7595, 75950282, 75952072, 282, 2072
0, 7596, 75960282, 75960970, 282, 970
0, 7597, 75970282, 75970970, 282, 970
0, 7598, 75980282, 75980970, 282, 970
0, 7599, 75990282, 75991244, 282, 1244
0, 76, 760282, 760970, 282, 970
0, 760, 7600282, 7602056, 282, 2056
0, 7600, 76000282, 76002056, 282, 2056
0, 7601, 76010282, 76010970, 282, 970
0, 7602, 76020282, 76022081, 282, 2081
0, 7603, 76030282, 76030970, 282, 970
0, 7604, 76040282, 76040970, 282, 970
0, 7605, 76050282, 76050970, 282, 970
0, 7606, 76060282, 76060970, 282, 970
0, 7607, 76070282, 76070970, 282, 970
0, 7608, 76080282, 76081669, 282, 1669
0, 7609, 76090282, 76094047, 282, 4047
0, 761, 7610282, 7610970, 282, 970
0, 7610, 76100282, 76102056, 282, 2056
0, 7611, 76110282, 76110970, 282, 970
0, 7612, 76120282, 76120970, 282, 970
0, 7613, 76130282, 76130970, 282, 970
0, 7614, 76140282, 76140970, 282, 970
0, 7615, 76150282, 76150970, 282, 970
0, 7616, 76160282, 76164047, 282, 4047
0, 7617, 76170282, 76171150, 282, 1150
0, 7618, 76180282, 76180970, 282, 970
0, 7619, 76190282, 76190970, 282, 970
0, 762, 7620282, 7620970, 282, 970
0, 7620, 76200282, 76201669, 282, 1669
0, 7621, 76210282, 76210970, 282, 970
0, 7622, 76220282, 76220970, 282, 970
0, 7623, 76230282, 76231669, 282, 1669
0, 7624, 76240282, 76240970, 282, 970
0, 7625, 76250282, 76250970, 282, 970
0, 7626, 76260282, 76261244, 282, 1244
0, 7627, 76270282, 76270970, 282, 970
0, 7628, 76280282, 76280970, 282, 970
0, 7629, 76290282, 76290970, 282, 970
0, 763, 7630282, 7630970, 282, 970
0, 7630, 76300282, 76302072, 282, 2072
0, 7631, 76310282, 76310970, 282, 970
0, 7632, 76320282, 76321244, 282, 1244
0, 7633, 76330282, 76330970, 282, 970
0, 7634, 76340282, 76343282, 282, 3282
0, 7635, 76350282, 76351244, 282, 1244
0, 7636, 76360282, 76360970, 282, 970
0, 7637, 76370282, 76370970, 282, 970
0, 7638, 76380282, 76380970, 282, 970
0, 7639, 76390282, 76390970, 282, 970
0, 764, 7640282, 7640970, 282, 970
0, 7640, 76400282, 76400970, 282, 970
0, 7641, 76410282, 76410970, 282, 970
0, 7642, 76420282, 76420970, 282, 970
0, 7643, 76430282, 76430970, 282, 970
0, 7644, 76440282, 76442081, 282, 2081
0, 7645, 76450282, 76450970, 282, 970
0, 7646, 76460282, 76460970, 282, 970
0, 7647, 76470282, 76470970, 282, 970
0, 7648, 76480282, 76480970, 282, 970
0, 7649, 76490282, 76490970, 282, 970
0, 765, 7650282, 7651244, 282, 1244
0, 7650, 76500282, 76501669, 282, 1669
0, 7651, 76510282, 76512081, 282, 2081
0, 7652, 76520282, 76520970, 282, 970
0, 7653, 76530282, 76530970, 282, 970
0, 7654, 76540282, 76540970, 282, 970
0, 7655, 76550282, 76550970, 282, 970
0, 7656, 76560282, 76561244, 282, 1244
0, 7657, 76570282, 76570970, 282, 970
0, 7658, 76580282, 76582056, 282, 2056
0, 7659, 76590282, 76590970, 282, 970
0, 766, 7660282, 7660970, 282, 970
0, 7660, 76600282, 76600970, 282, 970
0, 7661, 76610282, 76610970, 282, 970
0, 7662, 76620282, 76621244, 282, 1244
0, 7663, 76630282, 76630970, 282, 970
0, 7664, 76640282, 76640970, 282, 970
0, 7665, 76650282, 76652072, 282, 2072
0, 7666, 76660282, 76660970, 282, 970
0, 7667, 76670282, 76670970, 282, 970
0, 7668, 76680282, 76681244, 282, 1244
0, 7669, 76690282, 76690970, 282, 970
0, 767, 7670282, 7670970, 282, 970
0, 7670, 76700282, 76700970, 282, 970
0, 7671, 76710282, 76710970, 282, 970
0, 7672, 76720282, 76722081, 282, 2081
0, 7673, 76730282, 76730970, 282, 970
0, 7674, 76740282, 76740970, 282, 970
0, 7675, 76750282, 76750970, 282, 970
0, 7676, 76760282, 76760970, 282, 970
0, 7677, 76770282, 76770970, 282, 970
0, 7678, 76780282, 76780970, 282, 970
0, 7679, 76790282, 76791627, 282, 1627
0, 768, 7680282, 7681669, 282, 1669
0, 7680, 76800282, 76801669, 282, 1669
0, 7681, 76810282, 76810970, 282, 970
0, 7682, 76820282, 76820970, 282, 970
0, 7683, 76830282, 76830970, 282, 970
0, 7684, 76840282, 76840970, 282, 970
0, 7685, 76850282, 76850970, 282, 970
0, 7686, 76860282, 76862081, 282, 2081
0, 7687, 76870282, 76870970, 282, 970
0, 7688, 76880282, 76880970, 282, 970
0, 7689, 76890282, 76890970, 282, 970
0, 769, 7690282, 7690970, 282, 970
0, 7690, 76900282, 76900970, 282, 970
0, 7691, 76910282, 76910970, 282, 970
0, 7692, 76920282, 76920970, 282, 970
0, 7693, 76930282, 76932081, 282, 2081
0, 7694, 76940282, 76940970, 282, 970
0, 7695, 76950282, 76951244, 282, 1244
0, 7696, 76960282, 76960970, 282, 970
0, 7697, 76970282, 76970970, 282, 970
0, 7698, 76980282, 76980970, 282, 970
0, 7699, 76990282, 76990970, 282, 970
0, 77, 770282, 772081, 282, 2081
0, 770, 7700282, 7702072, 282, 2072
0, 7700, 77000282, 77002072, 282, 2072
0, 7701, 77010282, 77010970, 282, 970
0, 7702, 77020282, 77020970, 282, 970
0, 7703, 77030282, 77030970, 282, 970
0, 7704, 77040282, 77042056, 282, 2056
0, 7705, 77050282, 77050970, 282, 970
0, 7706, 77060282, 77060970, 282, 970
0, 7707, 77070282, 77071669, 282, 1669
0, 7708, 77080282, 77080970, 282, 970
0, 7709, 77090282, 77090970, 282, 970
0, 771, 7710282, 7710970, 282, 970
0, 7710, 77100282, 77101669, 282, 1669
0, 7711, 77110282, 77110970, 282, 970
0, 7712, 77120282, 77120970, 282, 970
0, 7713, 77130282, 77130970, 282, 970
0, 7714, 77140282, 77142056, 282, 2056
0, 7715, 77150282, 77150970, 282, 970
0, 7716, 77160282, 77160970, 282, 970
0, 7717, 77170282, 77170970, 282, 970
0, 7718, 77180282, 77180970, 282, 970
0, 7719, 77190282, 77190970, 282, 970
0, 772, 7720282, 7720970, 282, 970
0, 7720, 77200282, 77202056, 282, 2056
0, 7721, 77210282, 77212081, 282, 2081
0, 7722, 77220282, 77220970, 282, 970
0, 7723, 77230282, 77230970, 282, 970
0, 7724, 77240282, 77240970, 282, 970
0, 7725, 77250282, 77251244, 282, 1244
0, 7726, 77260282, 77260970, 282, 970
0, 7727, 77270282, 77270970, 282, 970
0, 7728, 77280282, 77284047, 282, 4047
0, 7729, 77290282, 77290970, 282, 970
0, 773, 7730282, 7730970, 282, 970
0, 7730, 77300282, 77300970, 282, 970
0, 7731, 77310282, 77310970, 282, 970
0, 7732, 77320282, 77320970, 282, 970
0, 7733, 77330282, 77330970, 282, 970
0, 7734, 77340282, 77340970, 282, 970
0, 7735, 77350282, 77352081, 282, 2081
0, 7736, 77360282, 77360970, 282, 970
0, 7737, 77370282, 77370970, 282, 970
0, 7738, 77380282, 77380970, 282, 970
0, 7739, 77390282, 77390970, 282, 970
0, 774, 7740282, 7741669, 282, 1669
0, 7740, 77400282, 77401244, 282, 1244
0, 7741, 77410282, 77410970, 282, 970
0, 7742, 77420282, 77422056, 282, 2056
0, 7743, 77430282, 77430970, 282, 970
0, 7744, 77440282, 77440970, 282, 970
0, 7745, 77450282, 77452072, 282, 2072
0, 7746, 77460282, 77461669, 282, 1669
0, 7747, 77470282, 77470970, 282, 970
0, 7748, 77480282, 77480970, 282, 970
0, 7749, 77490282, 77491669, 282, 1669
0, 775, 7750282, 7750970, 282, 970
0, 7750, 77500282, 77500970, 282, 970
0, 7751, 77510282, 77510970, 282, 970
0, 7752, 77520282, 77521669, 282, 1669
0, 7753, 77530282, 77531683, 282, 1683
0, 7754, 77540282, 77540970, 282, 970
0, 7755, 77550282, 77551244, 282, 1244
0, 7756, 77560282, 77562056, 282, 2056
0, 7757, 77570282, 77570970, 282, 970
0, 7758, 77580282, 77580970, 282, 970
0, 7759, 77590282, 77590970, 282, 970
0, 776, 7760282, 7760970, 282, 970
0, 7760, 77600282, 77602056, 282, 2056
0, 7761, 77610282, 77610970, 282, 970
0, 7762, 77620282, 77620970, 282, 970
0, 7763, 77630282, 77632081, 282, 2081
0, 7764, 77640282, 77640970, 282, 970
0, 7765, 77650282, 77650970, 282, 970
0, 7766, 77660282, 77660970, 282, 970
0, 7767, 77670282, 77670970, 282, 970
0, 7768, 77680282, 77680970, 282, 970
0, 7769, 77690282, 77690970, 282, 970
0, 777, 7770282, 7771669, 282, 1669
0, 7770, 77700282, 77702081, 282, 2081
0, 7771, 77710282, 77710970, 282, 970
0, 7772, 77720282, 77720970, 282, 970
0, 7773, 77730282, 77730970, 282, 970
0, 7774, 77740282, 77740970, 282, 970
0, 7775, 77750282, 77750970, 282, 970
0, 7776, 77760282, 77761244, 282, 1244
0, 7777, 77770282, 77770970, 282, 970
0, 7778, 77780282, 77780970, 282, 970
0, 7779, 77790282, 77790970, 282, 970
0, 778, 7780282, 7780970, 282, 970
0, 7780, 77800282, 77800970, 282, 970
0, 7781, 77810282, 77810970, 282, 970
0, 7782, 77820282, 77820970, 282, 970
0, 7783, 77830282, 77830970, 282, 970
0, 7784, 77840282, 77842081, 282, 2081
0, 7785, 77850282, 77850970, 282, 970
0, 7786, 77860282, 77860970, 282, 970
0, 7787, 77870282, 77870970, 282, 970
0, 7788, 77880282, 77881669, 282, 1669
0, 7789, 77890282, 77890970, 282, 970
0, 779, 7790282, 7790970, 282, 970
0, 7790, 77900282, 77900970, 282, 970
0, 7791, 77910282, 77911669, 282, 1669
0, 7792, 77920282, 77920970, 282, 970
0, 7793, 77930282, 77930970, 282, 970
0, 7794, 77940282, 77940970, 282, 970
0, 7795, 77950282, 77950970, 282, 970
0, 7796, 77960282, 77960970, 282, 970
0, 7797, 77970282, 77970970, 282, 970
0, 7798, 77980282, 77982081, 282, 2081
0, 7799, 77990282, 77990970, 282, 970
0, 78, 780282, 781244, 282, 1244
0, 780, 7800282, 7801244, 282, 1244
0, 7800, 78000282, 78001669, 282, 1669
0, 7801, 78010282, 78010970, 282, 970
0, 7802, 78020282, 78020970, 282, 970
0, 7803, 78030282, 78030970, 282, 970
0, 7804, 78040282, 78040970, 282, 970
0, 7805, 78050282, 78052081, 282, 2081
0, 7806, 78060282, 78061244, 282, 1244
0, 7807, 78070282, 78070970, 282, 970
0, 7808, 78080282, 78080970, 282, 970
0, 7809, 78090282, 78090970, 282, 970
0, 781, 7810282, 7810970, 282, 970
0, 7810, 78100282, 78100970, 282, 970
0, 7811, 78110282, 78110970, 282, 970
0, 7812, 78120282, 78122081, 282, 2081
0, 7813, 78130282, 78130970, 282, 970
0, 7814, 78140282, 78140970, 282, 970
0, 7815, 78150282, 78151244, 282, 1244
0, 7816, 78160282, 78160970, 282, 970
0, 7817, 78170282, 78170970, 282, 970
0, 7818, 78180282, 78180970, 282, 970
0, 7819, 78190282, 78190970, 282, 970
0, 782, 7820282, 7820970, 282, 970
0, 7820, 78200282, 78200970, 282, 970
0, 7821, 78210282, 78210970, 282, 970
0, 7822, 78220282, 78220970, 282, 970
0, 7823, 78230282, 78230970, 282, 970
0, 7824, 78240282, 78241244, 282, 1244
0, 7825, 78250282, 78250970, 282, 970
0, 7826, 78260282, 78262056, 282, 2056
0, 7827, 78270282, 78270970, 282, 970
0, 7828, 78280282, 78280970, 282, 970
0, 7829, 78290282, 78290970, 282, 970
0, 783, 7830282, 7830970, 282, 970
0, 7830, 78300282, 78302056, 282, 2056
0, 7831, 78310282, 78310970, 282, 970
0, 7832, 78320282, 78320970, 282, 970
0, 7833, 78330282, 78331669, 282, 1669
0, 7834, 78340282, 78340970, 282, 970
0, 7835, 78350282, 78350970, 282, 970
0, 7836, 78360282, 78360970, 282, 970
0, 7837, 78370282, 78370970, 282, 970
0, 7838, 78380282, 78380970, 282, 970
0, 7839, 78390282, 78390970, 282, 970
0, 784, 7840282, 7844047, 282, 4047
0, 7840, 78400282, 78404047, 282, 4047
0, 7841, 78410282, 78411669, 282, 1669
0, 7842, 78420282, 78420970, 282, 970
0, 7843, 78430282, 78430970, 282, 970
0, 7844, 78440282, 78440970, 282, 970
0, 7845, 78450282, 78450970, 282, 970
0, 7846, 78460282, 78460970, 282, 970
0, 7847, 78470282, 78472081, 282, 2081
0, 7848, 78480282, 78481669, 282, 1669
0, 7849, 78490282, 78490970, 282, 970
0, 785, 7850282, 7851669, 282, 1669
0, 7850, 78500282, 78500970, 282, 970
0, 7851, 78510282, 78510970, 282, 970
0, 7852, 78520282, 78520970, 282, 970
0, 7853, 78530282, 78530970, 282, 970
0, 7854, 78540282, 78542081, 282, 2081
0, 7855, 78550282, 78550970, 282, 970
0, 7856, 78560282, 78560970, 282, 970
0, 7857, 78570282, 78570970, 282, 970
0, 7858, 78580282, 78580970, 282, 970
0, 7859, 78590282, 78590970, 282, 970
0, 786, 7860282, 7860970, 282, 970
0, 7860, 78600282, 78601244, 282, 1244
0, 7861, 78610282, 78610970, 282, 970
0, 7862, 78620282, 78620970, 282, 970
0, 7863, 78630282, 78630970, 282, 970
0, 7864, 78640282, 78640970, 282, 970
0, 7865, 78650282, 78652072, 282, 2072
0, 7866, 78660282, 78661244, 282, 1244
0, 7867, 78670282, 78670970, 282, 970
0, 7868, 78680282, 78682056, 282, 2056
0, 7869, 78690282, 78690970, 282, 970
0, 787, 7870282, 7870970, 282, 970
0, 7870, 78700282, 78700970, 282, 970
0, 7871, 78710282, 78710970, 282, 970
0, 7872, 78720282, 78722056, 282, 2056
0, 7873, 78730282, 78730970, 282, 970
0, 7874, 78740282, 78740970, 282, 970
0, 7875, 78750282, 78752072, 282, 2072
0, 7876, 78760282, 78760970, 282, 970
0, 7877, 78770282, 78770970, 282, 970
0, 7878, 78780282, 78780970, 282, 970
0, 7879, 78790282, 78790970, 282, 970
0, 788, 7880282, 7880970, 282, 970
0, 7880, 78800282, 78802056, 282, 2056
0, 7881, 78810282, 78811244, 282, 1244
0, 7882, 78820282, 78822081, 282, 2081
0, 7883, 78830282, 78830970, 282, 970
0, 7884, 78840282, 78840970, 282, 970
0, 7885, 78850282, 78850970, 282, 970
0, 7886, 78860282, 78860970, 282, 970
0, 7887, 78870282, 78870970, 282, 970
0, 7888, 78880282, 78880970, 282, 970
0, 7889, 78890282, 78892081, 282, 2081
0, 789, 7890282, 7890970, 282, 970
0, 7890, 78900282, 78901669, 282, 1669
0, 7891, 78910282, 78910970, 282, 970
0, 7892, 78920282, 78920970, 282, 970
0, 7893, 78930282, 78930970, 282, 970
0, 7894, 78940282, 78940970, 282, 970
0, 7895, 78950282, 78950970, 282, 970
0, 7896, 78960282, 78962081, 282, 2081
0, 7897, 78970282, 78970970, 282, 970
0, 7898, 78980282, 78980970, 282, 970
0, 7899, 78990282, 78990970, 282, 970
0, 79, 790282, 790970, 282, 970
0, 790, 7900282, 7900970, 282, 970
0, 7900, 79000282, 79000970, 282, 970
0, 7901, 79010282, 79010970, 282, 970
0, 7902, 79020282, 79020970, 282, 970
0, 7903, 79030282, 79030970, 282, 970
0, 7904, 79040282, 79040970, 282, 970
0, 7905, 79050282, 79051244, 282, 1244
0, 7906, 79060282, 79060970, 282, 970
0, 7907, 79070282, 79070970, 282, 970
0, 7908, 79080282, 79081244, 282, 1244
0, 7909, 79090282, 79090970, 282, 970
0, 791, 7910282, 7912081, 282, 2081
0, 7910, 79100282, 79102072, 282, 2072
0, 7911, 79110282, 79110970, 282, 970
0, 7912, 79120282, 79120970, 282, 970
0, 7913, 79130282, 79130970, 282, 970
0, 7914, 79140282, 79141669, 282, 1669
0, 7915, 79150282, 79150970, 282, 970
0, 7916, 79160282, 79160970, 282, 970
0, 7917, 79170282, 79171669, 282, 1669
0, 7918, 79180282, 79180970, 282, 970
0, 7919, 79190282, 79190970, 282, 970
0, 792, 7920282, 7921669, 282, 1669
0, 7920, 79200282, 79201669, 282, 1669
0, 7921, 79210282, 79210970, 282, 970
0, 7922, 79220282, 79220970, 282, 970
0, 7923, 79230282, 79230970, 282, 970
0, 7924, 79240282, 79242081, 282, 2081
0, 7925, 79250282, 79250970, 282, 970
0, 7926, 79260282, 79260970, 282, 970
0, 7927, 79270282, 79270970, 282, 970
0, 7928, 79280282, 79280970, 282, 970
0, 7929, 79290282, 79290970, 282, 970
0, 793, 7930282, 7930970, 282, 970
0, 7930, 79300282, 79300970, 282, 970
0, 7931, 79310282, 79312081, 282, 2081
0, 7932, 79320282, 79321244, 282, 1244
0, 7933, 79330282, 79330970, 282, 970
0, 7934, 79340282, 79340970, 282, 970
0, 7935, 79350282, 79351244, 282, 1244
0, 7936, 79360282, 79360970, 282, 970
0, 7937, 79370282, 79370970, 282, 970
0, 7938, 79380282, 79382056, 282, 2056
0, 7939, 79390282, 79390970, 282, 970
0, 794, 7940282, 7940970, 282, 970
0, 7940, 79400282, 79400970, 282, 970
0, 7941, 79410282, 79410970, 282, 970
0, 7942, 79420282, 79420970, 282, 970
0, 7943, 79430282, 79430970, 282, 970
0, 7944, 79440282, 79441244, 282, 1244
0, 7945, 79450282, 79452072, 282, 2072
0, 7946, 79460282, 79460970, 282, 970
0, 7947, 79470282, 79470970, 282, 970
0, 7948, 79480282, 79480970, 282, 970
0, 7949, 79490282, 79490970, 282, 970
0, 795, 7950282, 7951244, 282, 1244
0, 7950, 79500282, 79501669, 282, 1669
0, 7951, 79510282, 79510970, 282, 970
0, 7952, 79520282, 79522081, 282, 2081
0, 7953, 79530282, 79530970, 282, 970
0, 7954, 79540282, 79540970, 282, 970
0, 7955, 79550282, 79550970, 282, 970
0, 7956, 79560282, 79561669, 282, 1669
0, 7957, 79570282, 79570970, 282, 970
0, 7958, 79580282, 79580970, 282, 970
0, 7959, 79590282, 79592081, 282, 2081
0, 796, 7960282, 7960970, 282, 970
0, 7960, 79600282, 79600970, 282, 970
0, 7961, 79610282, 79610970, 282, 970
0, 7962, 79620282, 79620970, 282, 970
0, 7963, 79630282, 79630970, 282, 970
0, 7964, 79640282, 79640970, 282, 970
0, 7965, 79650282, 79651244, 282, 1244
0, 7966, 79660282, 79662081, 282, 2081
0, 7967, 79670282, 79670970, 282, 970
0, 7968, 79680282, 79681244, 282, 1244
0, 7969, 79690282, 79690970, 282, 970
0, 797, 7970282, 7970970, 282, 970
0, 7970, 79700282, 79700970, 282, 970
0, 7971, 79710282, 79710970, 282, 970
0, 7972, 79720282, 79720970, 282, 970
0, 7973, 79730282, 79732081, 282, 2081
0, 7974, 79740282, 79741244, 282, 1244
0, 7975, 79750282, 79750970, 282, 970
0, 7976, 79760282, 79760970, 282, 970
0, 7977, 79770282, 79770970, 282, 970
0, 7978, 79780282, 79780970, 282, 970
0, 7979, 79790282, 79790970, 282, 970
0, 798, 7980282, 7982056, 282, 2056
0, 7980, 79800282, 79802072, 282, 2072
0, 7981, 79810282, 79810970, 282, 970
0, 7982, 79820282, 79820970, 282, 970
0, 7983, 79830282, 79830970, 282, 970
0, 7984, 79840282, 79842056, 282, 2056
0, 7985, 79850282, 79850970, 282, 970
0, 7986, 79860282, 79860970, 282, 970
0, 7987, 79870282, 79870970, 282, 970
0, 7988, 79880282, 79880970, 282, 970
0, 7989, 79890282, 79890970, 282, 970
0, 799, 7990282, 7990970, 282, 970
0, 7990, 79900282, 79900970, 282, 970
0, 7991, 79910282, 79913282, 282, 3282
0, 7992, 79920282, 79921669, 282, 1669
0, 7993, 79930282, 79930970, 282, 970
0, 7994, 79940282, 79942056, 282, 2056
0, 7995, 79950282, 79950970, 282, 970
0, 7996, 79960282, 79960970, 282, 970
0, 7997, 79970282, 79970970, 282, 970
0, 7998, 79980282, 79981244, 282, 1244
0, 7999, 79990282, 79990970, 282, 970
0, 8, 80282, 80970, 282, 970
0, 80, 800282, 802056, 282, 2056
0, 800, 8000282, 8002056, 282, 2056
0, 8000, 80000282, 80002056, 282, 2056
0, 8001, 80010282, 80012081, 282, 2081
0, 8002, 80020282, 80020970, 282, 970
0, 8003, 80030282, 80030970, 282, 970
0, 8004, 80040282, 80040970, 282, 970
0, 8005, 80050282, 80050970, 282, 970
0, 8006, 80060282, 80060970, 282, 970
0, 8007, 80070282, 80070970, 282, 970
0, 8008, 80080282, 80084047, 282, 4047
0, 8009, 80090282, 80091400, 282, 1400
0, 801, 8010282, 8011244, 282, 1244
0, 8010, 80100282, 80101669, 282, 1669
0, 8011, 80110282, 80110970, 282, 970
0, 8012, 80120282, 80120970, 282, 970
0, 8013, 80130282, 80130970, 282, 970
0, 8014, 80140282, 80140970, 282, 970
0, 8015, 80150282, 80152072, 282, 2072
0, 8016, 80160282, 80161669, 282, 1669
0, 8017, 80170282, 80170970, 282, 970
0, 8018, 80180282, 80180970, 282, 970
0, 8019, 80190282, 80191244, 282, 1244
0, 802, 8020282, 8020970, 282, 970
0, 8020, 80200282, 80200970, 282, 970
0, 8021, 80210282, 80210970, 282, 970
0, 8022, 80220282, 80222056, 282, 2056
0, 8023, 80230282, 80230970, 282, 970
0, 8024, 80240282, 80240970, 282, 970
0, 8025, 80250282, 80251244, 282, 1244
0, 8026, 80260282, 80260970, 282, 970
0, 8027, 80270282, 80270970, 282, 970
0, 8028, 80280282, 80280970, 282, 970
0, 8029, 80290282, 80290970, 282, 970
0, 803, 8030282, 8030970, 282, 970
0, 8030, 80300282, 80300970, 282, 970
0, 8031, 80310282, 80310970, 282, 970
0, 8032, 80320282, 80320970, 282, 970
0, 8033, 80330282, 80330970, 282, 970
0, 8034, 80340282, 80341244, 282, 1244
0, 8035, 80350282, 80350970, 282, 970
0, 8036, 80360282, 80362056, 282, 2056
0, 8037, 80370282, 80370970, 282, 970
0, 8038, 80380282, 80380970, 282, 970
0, 8039, 80390282, 80390970, 282, 970
0, 804, 8040282, 8040970, 282, 970
0, 8040, 80400282, 80402056, 282, 2056
0, 8041, 80410282, 80410970, 282, 970
0, 8042, 80420282, 80420970, 282, 970
0, 8043, 80430282, 80432081, 282, 2081
0, 8044, 80440282, 80440970, 282, 970
0, 8045, 80450282, 80450970, 282, 970
0, 8046, 80460282, 80460970, 282, 970
0, 8047, 80470282, 80470970, 282, 970
0, 8048, 80480282, 80480970, 282, 970
0, 8049, 80490282, 80490970, 282, 970
0, 805, 8050282, 8052072, 282, 2072
0, 8050, 80500282, 80502081, 282, 2081
0, 8051, 80510282, 80511233, 282, 1233
0, 8052, 80520282, 80521244, 282, 1244
0, 8053, 80530282, 80530970, 282, 970
0, 8054, 80540282, 80540970, 282, 970
0, 8055, 80550282, 80550970, 282, 970
0, 8056, 80560282, 80560970, 282, 970
0, 8057, 80570282, 80570970, 282, 970
0, 8058, 80580282, 80581244, 282, 1244
0, 8059, 80590282, 80590970, 282, 970
0, 806, 8060282, 8060970, 282, 970
0, 8060, 80600282, 80600970, 282, 970
0, 8061, 80610282, 80611244, 282, 1244
0, 8062, 80620282, 80620970, 282, 970
0, 8063, 80630282, 80630970, 282, 970
0, 8064, 80640282, 80642081, 282, 2081
0, 8065, 80650282, 80650970, 282, 970
0, 8066, 80660282, 80660970, 282, 970
0, 8067, 80670282, 80670970, 282, 970
0, 8068, 80680282, 80680970, 282, 970
0, 8069, 80690282, 80690970, 282, 970
0, 807, 8070282, 8070970, 282, 970
0, 8070, 80700282, 80701669, 282, 1669
0, 8071, 80710282, 80710970, 282, 970
0, 8072, 80720282, 80720970, 282, 970
0, 8073, 80730282, 80730970, 282, 970
0, 8074, 80740282, 80740970, 282, 970
0, 8075, 80750282, 80750970, 282, 970
0, 8076, 80760282, 80761244, 282, 1244
0, 8077, 80770282, 80770970, 282, 970
0, 8078, 80780282, 80782081, 282, 2081
0, 8079, 80790282, 80790970, 282, 970
0, 808, 8080282, 8080970, 282, 970
0, 8080, 80800282, 80800970, 282, 970
0, 8081, 80810282, 80810970, 282, 970
0, 8082, 80820282, 80821244, 282, 1244
0, 8083, 80830282, 80830970, 282, 970
0, 8084, 80840282, 80840970, 282, 970
0, 8085, 80850282, 80852081, 282, 2081
0, 8086, 80860282, 80861427, 282, 1427
0, 8087, 80870282, 80870970, 282, 970
0, 8088, 80880282, 80881244, 282, 1244
0, 8089, 80890282, 80890970, 282, 970
0, 809, 8090282, 8090970, 282, 970
0, 8090, 80900282, 80900970, 282, 970
0, 8091, 80910282, 80910970, 282, 970
0, 8092, 80920282, 80922081, 282, 2081
0, 8093, 80930282, 80930970, 282, 970
0, 8094, 80940282, 80941244, 282, 1244
0, 8095, 80950282, 80950970, 282, 970
0, 8096, 80960282, 80960970, 282, 970
0, 8097, 80970282, 80970970, 282, 970
0, 8098, 80980282, 80980970, 282, 970
0, 8099, 80990282, 80990970, 282, 970
0, 81, 810282, 810970, 282, 970
0, 810, 8100282, 8101669, 282, 1669
0, 8100, 81000282, 81001244, 282, 1244
0, 8101, 81010282, 81010970, 282, 970
0, 8102, 81020282, 81020970, 282, 970
0, 8103, 81030282, 81031244, 282, 1244
0, 8104, 81040282, 81040970, 282, 970
0, 8105, 81050282, 81050970, 282, 970
0, 8106, 81060282, 81062056, 282, 2056
0, 8107, 81070282, 81070970, 282, 970
0, 8108, 81080282, 81080970, 282, 970
0, 8109, 81090282, 81090970, 282, 970
0, 811, 8110282, 8110970, 282, 970
0, 8110, 81100282, 81102056, 282, 2056
0, 8111, 81110282, 81110970, 282, 970
0, 8112, 81120282, 81121669, 282, 1669
0, 8113, 81130282, 81130970, 282, 970
0, 8114, 81140282, 81140970, 282, 970
0, 8115, 81150282, 81150970, 282, 970
0, 8116, 81160282, 81160970, 282, 970
0, 8117, 81170282, 81170970, 282, 970
0, 8118, 81180282, 81181244, 282, 1244
0, 8119, 81190282, 81190970, 282, 970
0, 812, 8120282, 8122056, 282, 2056
0, 8120, 81200282, 81204047, 282, 4047
0, 8121, 81210282, 81211244, 282, 1244
0, 8122, 81220282, 81220970, 282, 970
0, 8123, 81230282, 81230970, 282, 970
0, 8124, 81240282, 81241244, 282, 1244
0, 8125, 81250282, 81250970, 282, 970
0, 8126, 81260282, 81260970, 282, 970
0, 8127, 81270282, 81272081, 282, 2081
0, 8128, 81280282, 81280970, 282, 970
0, 8129, 81290282, 81290970, 282, 970
0, 813, 8130282, 8130970, 282, 970
0, 8130, 81300282, 81301244, 282, 1244
0, 8131, 81310282, 81310970, 282, 970
0, 8132, 81320282, 81320970, 282, 970
0, 8133, 81330282, 81330970, 282, 970
0, 8134, 81340282, 81342056, 282, 2056
0, 8135, 81350282, 81350970, 282, 970
0, 8136, 81360282, 81361669, 282, 1669
0, 8137, 81370282, 81370970, 282, 970
0, 8138, 81380282, 81380970, 282, 970
0, 8139, 81390282, 81390970, 282, 970
0, 814, 8140282, 8140970, 282, 970
0, 8140, 81400282, 81400970, 282, 970
0, 8141, 81410282, 81410970, 282, 970
0, 8142, 81420282, 81420970, 282, 970
0, 8143, 81430282, 81430970, 282, 970
0, 8144, 81440282, 81440970, 282, 970
0, 8145, 81450282, 81452072, 282, 2072
0, 8146, 81460282, 81460970, 282, 970
0, 8147, 81470282, 81470970, 282, 970
0, 8148, 81480282, 81482056, 282, 2056
0, 8149, 81490282, 81490970, 282, 970
0, 815, 8150282, 8150970, 282, 970
0, 8150, 81500282, 81500970, 282, 970
0, 8151, 81510282, 81510970, 282, 970
0, 8152, 81520282, 81522056, 282, 2056
0, 8153, 81530282, 81531866, 282, 1866
0, 8154, 81540282, 81541244, 282, 1244
0, 8155, 81550282, 81552081, 282, 2081
0, 8156, 81560282, 81560970, 282, 970
0, 8157, 81570282, 81570970, 282, 970
0, 8158, 81580282, 81580970, 282, 970
0, 8159, 81590282, 81590970, 282, 970
0, 816, 8160282, 8162056, 282, 2056
0, 8160, 81600282, 81602056, 282, 2056
0, 8161, 81610282, 81610970, 282, 970
0, 8162, 81620282, 81622081, 282, 2081
0, 8163, 81630282, 81630970, 282, 970
0, 8164, 81640282, 81640970, 282, 970
0, 8165, 81650282, 81650970, 282, 970
0, 8166, 81660282, 81661244, 282, 1244
0, 8167, 81670282, 81670970, 282, 970
0, 8168, 81680282, 81680970, 282, 970
0, 8169, 81690282, 81692081, 282, 2081
0, 817, 8170282, 8170970, 282, 970
0, 8170, 81700282, 81702072, 282, 2072
0, 8171, 81710282, 81710970, 282, 970
0, 8172, 81720282, 81721244, 282, 1244
0, 8173, 81730282, 81730970, 282, 970
0, 8174, 81740282, 81740970, 282, 970
0, 8175, 81750282, 81750970, 282, 970
0, 8176, 81760282, 81762081, 282, 2081
0, 8177, 81770282, 81770970, 282, 970
0, 8178, 81780282, 81781244, 282, 1244
0, 8179, 81790282, 81790970, 282, 970
0, 818, 8180282, 8180970, 282, 970
0, 8180, 81800282, 81802056, 282, 2056
0, 8181, 81810282, 81810970, 282, 970
0, 8182, 81820282, 81820970, 282, 970
0, 8183, 81830282, 81830970, 282, 970
0, 8184, 81840282, 81841244, 282, 1244
0, 8185, 81850282, 81850970, 282, 970
0, 8186, 81860282, 81860970, 282, 970
0, 8187, 81870282, 81871244, 282, 1244
0, 8188, 81880282, 81880970, 282, 970
0, 8189, 81890282, 81890970, 282, 970
0, 819, 8190282, 8192081, 282, 2081
0, 8190, 81900282, 81902072, 282, 2072
0, 8191, 81910282, 81910970, 282, 970
0, 8192, 81920282, 81920970, 282, 970
0, 8193, 81930282, 81930970, 282, 970
0, 8194, 81940282, 81940970, 282, 970
0, 8195, 81950282, 81950970, 282, 970
0, 8196, 81960282, 81961244, 282, 1244
0, 8197, 81970282, 81972081, 282, 2081
0, 8198, 81980282, 81980970, 282, 970
0, 8199, 81990282, 81990970, 282, 970
0, 82, 820282, 820970, 282, 970
0, 820, 8200282, 8200970, 282, 970
0, 8200, 82000282, 82000970, 282, 970
0, 8201, 82010282, 82010970, 282, 970
0, 8202, 82020282, 82020970, 282, 970
0, 8203, 82030282, 82030970, 282, 970
0, 8204, 82040282, 82042081, 282, 2081
0, 8205, 82050282, 82051244, 282, 1244
0, 8206, 82060282, 82060970, 282, 970
0, 8207, 82070282, 82070970, 282, 970
0, 8208, 82080282, 82081669, 282, 1669
0, 8209, 82090282, 82090970, 282, 970
0, 821, 8210282, 8210970, 282, 970
0, 8210, 82100282, 82100970, 282, 970
0, 8211, 82110282, 82112081, 282, 2081
0, 8212, 82120282, 82120970, 282, 970
0, 8213, 82130282, 82130970, 282, 970
0, 8214, 82140282, 82140970, 282, 970
0, 8215, 82150282, 82150970, 282, 970
0, 8216, 82160282, 82160970, 282, 970
0, 8217, 82170282, 82170970, 282, 970
0, 8218, 82180282, 82182056, 282, 2056
0, 8219, 82190282, 82190970, 282, 970
0, 822, 8220282, 8220970, 282, 970
0, 8220, 82200282, 82201669, 282, 1669
0, 8221, 82210282, 82210970, 282, 970
0, 8222, 82220282, 82220970, 282, 970
0, 8223, 82230282, 82230970, 282, 970
0, 8224, 82240282, 82240970, 282, 970
0, 8225, 82250282, 82252072, 282, 2072
0, 8226, 82260282, 82260970, 282, 970
0, 8227, 82270282, 82270970, 282, 970
0, 8228, 82280282, 82280970, 282, 970
0, 8229, 82290282, 82291244, 282, 1244
0, 823, 8230282, 8230970, 282, 970
0, 8230, 82300282, 82300970, 282, 970
0, 8231, 82310282, 82310970, 282, 970
0, 8232, 82320282, 82322081, 282, 2081
0, 8233, 82330282, 82330970, 282, 970
0, 8234, 82340282, 82340970, 282, 970
0, 8235, 82350282, 82350970, 282, 970
0, 8236, 82360282, 82360970, 282, 970
0, 8237, 82370282, 82370970, 282, 970
0, 8238, 82380282, 82381244, 282, 1244
0, 8239, 82390282, 82392081, 282, 2081
0, 824, 8240282, 8240970, 282, 970
0, 8240, 82400282, 82400970, 282, 970
0, 8241, 82410282, 82410970, 282, 970
0, 8242, 82420282, 82420970, 282, 970
0, 8243, 82430282, 82430970, 282, 970
0, 8244, 82440282, 82440970, 282, 970
0, 8245, 82450282, 82450970, 282, 970
0, 8246, 82460282, 82462081, 282, 2081
0, 8247, 82470282, 82471545, 282, 1545
0, 8248, 82480282, 82480970, 282, 970
0, 8249, 82490282, 82490970, 282, 970
0, 825, 8250282, 8251244, 282, 1244
0, 8250, 82500282, 82501669, 282, 1669
0, 8251, 82510282, 82510970, 282, 970
0, 8252, 82520282, 82520970, 282, 970
0, 8253, 82530282, 82531669, 282, 1669
0, 8254, 82540282, 82540970, 282, 970
0, 8255, 82550282, 82550970, 282, 970
0, 8256, 82560282, 82561669, 282, 1669
0, 8257, 82570282, 82570970, 282, 970
0, 8258, 82580282, 82580970, 282, 970
0, 8259, 82590282, 82590970, 282, 970
0, 826, 8260282, 8262081, 282, 2081
0, 8260, 82600282, 82602072, 282, 2072
0, 8261, 82610282, 82610970, 282, 970
0, 8262, 82620282, 82621244, 282, 1244
0, 8263, 82630282, 82630970, 282, 970
0, 8264, 82640282, 82642056, 282, 2056
0, 8265, 82650282, 82651244, 282, 1244
0, 8266, 82660282, 82660970, 282, 970
0, 8267, 82670282, 82670970, 282, 970
0, 8268, 82680282, 82680970, 282, 970
0, 8269, 82690282, 82690970, 282, 970
0, 827, 8270282, 8270970, 282, 970
0, 8270, 82700282, 82700970, 282, 970
0, 8271, 82710282, 82711244, 282, 1244
0, 8272, 82720282, 82720970, 282, 970
0, 8273, 82730282, 82730970, 282, 970
0, 8274, 82740282, 82742056, 282, 2056
0, 8275, 82750282, 82750970, 282, 970
0, 8276, 82760282, 82760970, 282, 970
0, 8277, 82770282, 82770970, 282, 970
0, 8278, 82780282, 82780970, 282, 970
0, 8279, 82790282, 82790970, 282, 970
0, 828, 8280282, 8281032, 282, 1032
0, 8280, 82800282, 82802056, 282, 2056
0, 8281, 82810282, 82812490, 282, 2490
0, 8282, 82820282, 82820970, 282, 970
0, 8283, 82830282, 82830970, 282, 970
0, 8284, 82840282, 82840970, 282, 970
0, 8285, 82850282, 82850970, 282, 970
0, 8286, 82860282, 82860970, 282, 970
0, 8287, 82870282, 82870970, 282, 970
0, 8288, 82880282, 82884047, 282, 4047
0, 8289, 82890282, 82891244, 282, 1244
0, 829, 8290282, 8290970, 282, 970
0, 8290, 82900282, 82900970, 282, 970
0, 8291, 82910282, 82910970, 282, 970
0, 8292, 82920282, 82921244, 282, 1244
0, 8293, 82930282, 82930970, 282, 970
0, 8294, 82940282, 82940970, 282, 970
0, 8295, 82950282, 82952072, 282, 2072
0, 8296, 82960282, 82960970, 282, 970
0, 8297, 82970282, 82970970, 282, 970
0, 8298, 82980282, 82981244, 282, 1244
0, 8299, 82990282, 82990970, 282, 970
0, 83, 830282, 830970, 282, 970
0, 830, 8300282, 8300970, 282, 970
0, 8300, 83000282, 83000970, 282, 970
0, 8301, 83010282, 83010970, 282, 970
0, 8302, 83020282, 83022056, 282, 2056
0, 8303, 83030282, 83030970, 282, 970
0, 8304, 83040282, 83041244, 282, 1244
0, 8305, 83050282, 83050970, 282, 970
0, 8306, 83060282, 83064050, 282, 4050
0, 8307, 83070282, 83070970, 282, 970
0, 8308, 83080282, 83080970, 282, 970
0, 8309, 83090282, 83090970, 282, 970
0, 831, 8310282, 8310970, 282, 970
0, 8310, 83100282, 83101244, 282, 1244
0, 8311, 83110282, 83110970, 282, 970
0, 8312, 83120282, 83120970, 282, 970
0, 8313, 83130282, 83131244, 282, 1244
0, 8314, 83140282, 83140970, 282, 970
0, 8315, 83150282, 83150970, 282, 970
0, 8316, 83160282, 83162081, 282, 2081
0, 8317, 83170282, 83170970, 282, 970
0, 8318, 83180282, 83180970, 282, 970
0, 8319, 83190282, 83190970, 282, 970
0, 832, 8320282, 8320970, 282, 970
0, 8320, 83200282, 83202056, 282, 2056
0, 8321, 83210282, 83210970, 282, 970
0, 8322, 83220282, 83221244, 282, 1244
0, 8323, 83230282, 83232081, 282, 2081
0, 8324, 83240282, 83240970, 282, 970
0, 8325, 83250282, 83251021, 282, 1021
0, 8326, 83260282, 83260970, 282, 970
0, 8327, 83270282, 83270970, 282, 970
0, 8328, 83280282, 83281244, 282, 1244
0, 8329, 83290282, 83290970, 282, 970
0, 833, 8330282, 8332081, 282, 2081
0, 8330, 83300282, 83302081, 282, 2081
0, 8331, 83310282, 83310970, 282, 970
0, 8332, 83320282, 83320970, 282, 970
0, 8333, 83330282, 83330970, 282, 970
0, 8334, 83340282, 83341244, 282, 1244
0, 8335, 83350282, 83350970, 282, 970
0, 8336, 83360282, 83360970, 282, 970
0, 8337, 83370282, 83371669, 282, 1669
0, 8338, 83380282, 83380970, 282, 970
0, 8339, 83390282, 83390970, 282, 970
0, 834, 8340282, 8341244, 282, 1244
0, 8340, 83400282, 83401669, 282, 1669
0, 8341, 83410282, 83410970, 282, 970
0, 8342, 83420282, 83420970, 282, 970
0, 8343, 83430282, 83430970, 282, 970
0, 8344, 83440282, 83442081, 282, 2081
0, 8345, 83450282, 83450970, 282, 970
0, 8346, 83460282, 83460970, 282, 970
0, 8347, 83470282, 83470970, 282, 970
0, 8348, 83480282, 83484126, 282, 4126
0, 8349, 83490282, 83491244, 282, 1244
0, 835, 8350282, 8350970, 282, 970
0, 8350, 83500282, 83500970, 282, 970
0, 8351, 83510282, 83511432, 282, 1432
0, 8352, 83520282, 83521244, 282, 1244
0, 8353, 83530282, 83530970, 282, 970
0, 8354, 83540282, 83540970, 282, 970
0, 8355, 83550282, 83551244, 282, 1244
0, 8356, 83560282, 83560970, 282, 970
0, 8357, 83570282, 83570970, 282, 970
0, 8358, 83580282, 83582081, 282, 2081
0, 8359, 83590282, 83590970, 282, 970
0, 836, 8360282, 8360970, 282, 970
0, 8360, 83600282, 83600970, 282, 970
0, 8361, 83610282, 83610970, 282, 970
0, 8362, 83620282, 83620970, 282, 970
0, 8363, 83630282, 83630970, 282, 970
0, 8364, 83640282, 83641244, 282, 1244
0, 8365, 83650282, 83652081, 282, 2081
0, 8366, 83660282, 83660970, 282, 970
0, 8367, 83670282, 83670970, 282, 970
0, 8368, 83680282, 83680970, 282, 970
0, 8369, 83690282, 83690970, 282, 970
0, 837, 8370282, 8370970, 282, 970
0, 8370, 83700282, 83701244, 282, 1244
0, 8371, 83710282, 83710970, 282, 970
0, 8372, 83720282, 83722056, 282, 2056
0, 8373, 83730282, 83730970, 282, 970
0, 8374, 83740282, 83740970, 282, 970
0, 8375, 83750282, 83750970, 282, 970
0, 8376, 83760282, 83761669, 282, 1669
0, 8377, 83770282, 83770970, 282, 970
0, 8378, 83780282, 83780970, 282, 970
0, 8379, 83790282, 83791669, 282, 1669
0, 838, 8380282, 8380970, 282, 970
0, 8380, 83800282, 83800970, 282, 970
0, 8381, 83810282, 83810970, 282, 970
0, 8382, 83820282, 83821244, 282, 1244
0, 8383, 83830282, 83830970, 282, 970
0, 8384, 83840282, 83840970, 282, 970
0, 8385, 83850282, 83850970, 282, 970
0, 8386, 83860282, 83862056, 282, 2056
0, 8387, 83870282, 83870970, 282, 970
0, 8388, 83880282, 83880970, 282, 970
0, 8389, 83890282, 83890970, 282, 970
0, 839, 8390282, 8390970, 282, 970
0, 8390, 83900282, 83902056, 282, 2056
0, 8391, 83910282, 83910970, 282, 970
0, 8392, 83920282, 83920970, 282, 970
0, 8393, 83930282, 83932081, 282, 2081
0, 8394, 83940282, 83940970, 282, 970
0, 8395, 83950282, 83950970, 282, 970
0, 8396, 83960282, 83960970, 282, 970
0, 8397, 83970282, 83970970, 282, 970
0, 8398, 83980282, 83980970, 282, 970
0, 8399, 83990282, 83990970, 282, 970
0, 84, 840282, 842056, 282, 2056
0, 840, 8400282, 8402081, 282, 2081
0, 8400, 84000282, 84004047, 282, 4047
0, 8401, 84010282, 84010970, 282, 970
0, 8402, 84020282, 84020970, 282, 970
0, 8403, 84030282, 84030970, 282, 970
0, 8404, 84040282, 84040970, 282, 970
0, 8405, 84050282, 84050970, 282, 970
0, 8406, 84060282, 84060970, 282, 970
0, 8407, 84070282, 84072081, 282, 2081
0, 8408, 84080282, 84083114, 282, 3114
0, 8409, 84090282, 84091244, 282, 1244
0, 841, 8410282, 8410970, 282, 970
0, 8410, 84100282, 84100970, 282, 970
0, 8411, 84110282, 84110970, 282, 970
0, 8412, 84120282, 84120970, 282, 970
0, 8413, 84130282, 84130970, 282, 970
0, 8414, 84140282, 84142056, 282, 2056
0, 8415, 84150282, 84151244, 282, 1244
0, 8416, 84160282, 84160970, 282, 970
0, 8417, 84170282, 84170970, 282, 970
0, 8418, 84180282, 84181669, 282, 1669
0, 8419, 84190282, 84190970, 282, 970
0, 842, 8420282, 8420970, 282, 970
0, 8420, 84200282, 84200970, 282, 970
0, 8421, 84210282, 84211669, 282, 1669
0, 8422, 84220282, 84220970, 282, 970
0, 8423, 84230282, 84230970, 282, 970
0, 8424, 84240282, 84241669, 282, 1669
0, 8425, 84250282, 84251039, 282, 1039
0, 8426, 84260282, 84260970, 282, 970
0, 8427, 84270282, 84270970, 282, 970
0, 8428, 84280282, 84282056, 282, 2056
0, 8429, 84290282, 84290970, 282, 970
0, 843, 8430282, 8430970, 282, 970
0, 8430, 84300282, 84301244, 282, 1244
0, 8431, 84310282, 84310970, 282, 970
0, 8432, 84320282, 84322056, 282, 2056
0, 8433, 84330282, 84330970, 282, 970
0, 8434, 84340282, 84340970, 282, 970
0, 8435, 84350282, 84352081, 282, 2081
0, 8436, 84360282, 84360970, 282, 970
0, 8437, 84370282, 84370970, 282, 970
0, 8438, 84380282, 84380970, 282, 970
0, 8439, 84390282, 84390970, 282, 970
0, 844, 8440282, 8440970, 282, 970
0, 8440, 84400282, 84400970, 282, 970
0, 8441, 84410282, 84410970, 282, 970
0, 8442, 84420282, 84422081, 282, 2081
0, 8443, 84430282, 84430970, 282, 970
0, 8444, 84440282, 84440970, 282, 970
0, 8445, 84450282, 84450970, 282, 970
0, 8446, 84460282, 84460970, 282, 970
0, 8447, 84470282, 84470970, 282, 970
0, 8448, 84480282, 84481244, 282, 1244
0, 8449, 84490282, 84492081, 282, 2081
0, 845, 8450282, 8450970, 282, 970
0, 8450, 84500282, 84500970, 282, 970
0, 8451, 84510282, 84510970, 282, 970
0, 8452, 84520282, 84520970, 282, 970
0, 8453, 84530282, 84530970, 282, 970
0, 8454, 84540282, 84540970, 282, 970
0, 8455, 84550282, 84550970, 282, 970
0, 8456, 84560282, 84562081, 282, 2081
0, 8457, 84570282, 84570970, 282, 970
0, 8458, 84580282, 84580970, 282, 970
0, 8459, 84590282, 84590970, 282, 970
0, 846, 8460282, 8460970, 282, 970
0, 8460, 84600282, 84602056, 282, 2056
0, 8461, 84610282, 84610970, 282, 970
0, 8462, 84620282, 84620970, 282, 970
0, 8463, 84630282, 84631669, 282, 1669
0, 8464, 84640282, 84640970, 282, 970
0, 8465, 84650282, 84650970, 282, 970
0, 8466, 84660282, 84661244, 282, 1244
0, 8467, 84670282, 84670970, 282, 970
0, 8468, 84680282, 84680970, 282, 970
0, 8469, 84690282, 84690970, 282, 970
0, 847, 8470282, 8470970, 282, 970
0, 8470, 84700282, 84702072, 282, 2072
0, 8471, 84710282, 84710970, 282, 970
0, 8472, 84720282, 84721244, 282, 1244
0, 8473, 84730282, 84730970, 282, 970
0, 8474, 84740282, 84740970, 282, 970
0, 8475, 84750282, 84751244, 282, 1244
0, 8476, 84760282, 84760970, 282, 970
0, 8477, 84770282, 84772081, 282, 2081
0, 8478, 84780282, 84780970, 282, 970
0, 8479, 84790282, 84790970, 282, 970
0, 848, 8480282, 8480970, 282, 970
0, 8480, 84800282, 84800970, 282, 970
0, 8481, 84810282, 84810970, 282, 970
0, 8482, 84820282, 84820970, 282, 970
0, 8483, 84830282, 84830970, 282, 970
0, 8484, 84840282, 84842081, 282, 2081
0, 8485, 84850282, 84852072, 282, 2072
0, 8486, 84860282, 84860970, 282, 970
0, 8487, 84870282, 84870970, 282, 970
0, 8488, 84880282, 84880970, 282, 970
0, 8489, 84890282, 84890970, 282, 970
0, 849, 8490282, 8490970, 282, 970
0, 8490, 84900282, 84901244, 282, 1244
0, 8491, 84910282, 84910970, 282, 970
0, 8492, 84920282, 84920970, 282, 970
0, 8493, 84930282, 84930970, 282, 970
0, 8494, 84940282, 84940970, 282, 970
0, 8495, 84950282, 84950970, 282, 970
0, 8496, 84960282, 84961244, 282, 1244
0, 8497, 84970282, 84970970, 282, 970
0, 8498, 84980282, 84982056, 282, 2056
0, 8499, 84990282, 84990970, 282, 970
0, 85, 850282, 850970, 282, 970
0, 850, 8500282, 8500970, 282, 970
0, 8500, 85000282, 85000970, 282, 970
0, 8501, 85010282, 85010970, 282, 970
0, 8502, 85020282, 85021669, 282, 1669
0, 8503, 85030282, 85030970, 282, 970
0, 8504, 85040282, 85040970, 282, 970
0, 8505, 85050282, 85052072, 282, 2072
0, 8506, 85060282, 85060970, 282, 970
0, 8507, 85070282, 85070970, 282, 970
0, 8508, 85080282, 85080970, 282, 970
0, 8509, 85090282, 85090970, 282, 970
0, 851, 8510282, 8513282, 282, 3282
0, 8510, 85100282, 85100970, 282, 970
0, 8511, 85110282, 85110970, 282, 970
0, 8512, 85120282, 85122081, 282, 2081
0, 8513, 85130282, 85130970, 282, 970
0, 8514, 85140282, 85140970, 282, 970
0, 8515, 85150282, 85150970, 282, 970
0, 8516, 85160282, 85160970, 282, 970
0, 8517, 85170282, 85170970, 282, 970
0, 8518, 85180282, 85180970, 282, 970
0, 8519, 85190282, 85192081, 282, 2081
0, 852, 8520282, 8521244, 282, 1244
0, 8520, 85200282, 85202056, 282, 2056
0, 8521, 85210282, 85210970, 282, 970
0, 8522, 85220282, 85220970, 282, 970
0, 8523, 85230282, 85230970, 282, 970
0, 8524, 85240282, 85240970, 282, 970
0, 8525, 85250282, 85250970, 282, 970
0, 8526, 85260282, 85262081, 282, 2081
0, 8527, 85270282, 85270970, 282, 970
0, 8528, 85280282, 85280970, 282, 970
0, 8529, 85290282, 85290970, 282, 970
0, 853, 8530282, 8530970, 282, 970
0, 8530, 85300282, 85300970, 282, 970
0, 8531, 85310282, 85310970, 282, 970
0, 8532, 85320282, 85320970, 282, 970
0, 8533, 85330282, 85330970, 282, 970
0, 8534, 85340282, 85340970, 282, 970
0, 8535, 85350282, 85351244, 282, 1244
0, 8536, 85360282, 85360970, 282, 970
0, 8537, 85370282, 85370970, 282, 970
0, 8538, 85380282, 85380970, 282, 970
0, 8539, 85390282, 85390970, 282, 970
0, 854, 8540282, 8542056, 282, 2056
0, 8540, 85400282, 85402072, 282, 2072
0, 8541, 85410282, 85410970, 282, 970
0, 8542, 85420282, 85420970, 282, 970
0, 8543, 85430282, 85430970, 282, 970
0, 8544, 85440282, 85442056, 282, 2056
0, 8545, 85450282, 85450970, 282, 970
0, 8546, 85460282, 85460970, 282, 970
0, 8547, 85470282, 85471669, 282, 1669
0, 8548, 85480282, 85480970, 282, 970
0, 8549, 85490282, 85490970, 282, 970
0, 855, 8550282, 8550970, 282, 970
0, 8550, 85500282, 85501244, 282, 1244
0, 8551, 85510282, 85510970, 282, 970
0, 8552, 85520282, 85520970, 282, 970
0, 8553, 85530282, 85531244, 282, 1244
0, 8554, 85540282, 85542081, 282, 2081
0, 8555, 85550282, 85550970, 282, 970
0, 8556, 85560282, 85560970, 282, 970
0, 8557, 85570282, 85570970, 282, 970
0, 8558, 85580282, 85580970, 282, 970
0, 8559, 85590282, 85590970, 282, 970
0, 856, 8560282, 8560970, 282, 970
0, 8560, 85600282, 85602056, 282, 2056
0, 8561, 85610282, 85614047, 282, 4047
0, 8562, 85620282, 85621244, 282, 1244
0, 8563, 85630282, 85630970, 282, 970
0, 8564, 85640282, 85640970, 282, 970
0, 8565, 85650282, 85651244, 282, 1244
0, 8566, 85660282, 85660970, 282, 970
0, 8567, 85670282, 85670970, 282, 970
0, 8568, 85680282, 85684047, 282, 4047
0, 8569, 85690282, 85690970, 282, 970
0, 857, 8570282, 8570970, 282, 970
0, 8570, 85700282, 85700970, 282, 970
0, 8571, 85710282, 85710970, 282, 970
0, 8572, 85720282, 85720970, 282, 970
0, 8573, 85730282, 85730970, 282, 970
0, 8574, 85740282, 85740970, 282, 970
0, 8575, 85750282, 85752072, 282, 2072
0, 8576, 85760282, 85760970, 282, 970
0, 8577, 85770282, 85770970, 282, 970
0, 8578, 85780282, 85780970, 282, 970
0, 8579, 85790282, 85790970, 282, 970
0, 858, 8580282, 8581244, 282, 1244
0, 8580, 85800282, 85801244, 282, 1244
0, 8581, 85810282, 85810970, 282, 970
0, 8582, 85820282, 85822056, 282, 2056
0, 8583, 85830282, 85830970, 282, 970
0, 8584, 85840282, 85840970, 282, 970
0, 8585, 85850282, 85850970, 282, 970
0, 8586, 85860282, 85861669, 282, 1669
0, 8587, 85870282, 85870970, 282, 970
0, 8588, 85880282, 85880970, 282, 970
0, 8589, 85890282, 85891669, 282, 1669
0, 859, 8590282, 8590970, 282, 970
0, 8590, 85900282, 85900970, 282, 970
0, 8591, 85910282, 85910970, 282, 970
0, 8592, 85920282, 85921244, 282, 1244
0, 8593, 85930282, 85930970, 282, 970
0, 8594, 85940282, 85940970, 282, 970
0, 8595, 85950282, 85951244, 282, 1244
0, 8596, 85960282, 85962081, 282, 2081
0, 8597, 85970282, 85970970, 282, 970
0, 8598, 85980282, 85980970, 282, 970
0, 8599, 85990282, 85990970, 282, 970
0, 86, 860282, 860970, 282, 970
0, 860, 8600282, 8600970, 282, 970
0, 8600, 86000282, 86002056, 282, 2056
0, 8601, 86010282, 86010970, 282, 970
0, 8602, 86020282, 86020970, 282, 970
0, 8603, 86030282, 86032081, 282, 2081
0, 8604, 86040282, 86041244, 282, 1244
0, 8605, 86050282, 86050970, 282, 970
0, 8606, 86060282, 86060970, 282, 970
0, 8607, 86070282, 86070970, 282, 970
0, 8608, 86080282, 86080970, 282, 970
0, 8609, 86090282, 86090970, 282, 970
0, 861, 8610282, 8612081, 282, 2081
0, 8610, 86100282, 86102072, 282, 2072
0, 8611, 86110282, 86110970, 282, 970
0, 8612, 86120282, 86120970, 282, 970
0, 8613, 86130282, 86130970, 282, 970
0, 8614, 86140282, 86140970, 282, 970
0, 8615, 86150282, 86150970, 282, 970
0, 8616, 86160282, 86161244, 282, 1244
0, 8617, 86170282, 86170970, 282, 970
0, 8618, 86180282, 86180970, 282, 970
0, 8619, 86190282, 86190970, 282, 970
0, 862, 8620282, 8620970, 282, 970
0, 8620, 86200282, 86200970, 282, 970
0, 8621, 86210282, 86211962, 282, 1962
0, 8622, 86220282, 86221244, 282, 1244
0, 8623, 86230282, 86230970, 282, 970
0, 8624, 86240282, 86242081, 282, 2081
0, 8625, 86250282, 86250970, 282, 970
0, 8626, 86260282, 86260970, 282, 970
0, 8627, 86270282, 86270970, 282, 970
0, 8628, 86280282, 86281669, 282, 1669
0, 8629, 86290282, 86290970, 282, 970
0, 863, 8630282, 8630970, 282, 970
0, 8630, 86300282, 86300970, 282, 970
0, 8631, 86310282, 86311669, 282, 1669
0, 8632, 86320282, 86320970, 282, 970
0, 8633, 86330282, 86330970, 282, 970
0, 8634, 86340282, 86340970, 282, 970
0, 8635, 86350282, 86350970, 282, 970
0, 8636, 86360282, 86360970, 282, 970
0, 8637, 86370282, 86370970, 282, 970
0, 8638, 86380282, 86382081, 282, 2081
0, 8639, 86390282, 86390970, 282, 970
0, 864, 8640282, 8641244, 282, 1244
0, 8640, 86400282, 86401669, 282, 1669
0, 8641, 86410282, 86410970, 282, 970
0, 8642, 86420282, 86420970, 282, 970
0, 8643, 86430282, 86430970, 282, 970
0, 8644, 86440282, 86440970, 282, 970
0, 8645, 86450282, 86452081, 282, 2081
0, 8646, 86460282, 86461244, 282, 1244
0, 8647, 86470282, 86470970, 282, 970
0, 8648, 86480282, 86480970, 282, 970
0, 8649, 86490282, 86490970, 282, 970
0, 865, 8650282, 8650970, 282, 970
0, 8650, 86500282, 86500970, 282, 970
0, 8651, 86510282, 86510970, 282, 970
0, 8652, 86520282, 86522056, 282, 2056
0, 8653, 86530282, 86530970, 282, 970
0, 8654, 86540282, 86540970, 282, 970
0, 8655, 86550282, 86551244, 282, 1244
0, 8656, 86560282, 86562056, 282, 2056
0, 8657, 86570282, 86570970, 282, 970
0, 8658, 86580282, 86580970, 282, 970
0, 8659, 86590282, 86590970, 282, 970
0, 866, 8660282, 8660970, 282, 970
0, 8660, 86600282, 86600970, 282, 970
0, 8661, 86610282, 86610970, 282, 970
0, 8662, 86620282, 86620970, 282, 970
0, 8663, 86630282, 86633079, 282, 3079
0, 8664, 86640282, 86641669, 282, 1669
0, 8665, 86650282, 86650970, 282, 970
0, 8666, 86660282, 86662056, 282, 2056
0, 8667, 86670282, 86670970, 282, 970
0, 8668, 86680282, 86680970, 282, 970
0, 8669, 86690282, 86690970, 282, 970
0, 867, 8670282, 8670970, 282, 970
0, 8670, 86700282, 86702056, 282, 2056
0, 8671, 86710282, 86710970, 282, 970
0, 8672, 86720282, 86720970, 282, 970
0, 8673, 86730282, 86732081, 282, 2081
0, 8674, 86740282, 86740970, 282, 970
0, 8675, 86750282, 86750970, 282, 970
0, 8676, 86760282, 86760970, 282, 970
0, 8677, 86770282, 86770970, 282, 970
0, 8678, 86780282, 86780970, 282, 970
0, 8679, 86790282, 86790970, 282, 970
0, 868, 8680282, 8682081, 282, 2081
0, 8680, 86800282, 86804047, 282, 4047
0, 8681, 86810282, 86811951, 282, 1951
0, 8682, 86820282, 86821244, 282, 1244
0, 8683, 86830282, 86830970, 282, 970
0, 8684, 86840282, 86840970, 282, 970
0, 8685, 86850282, 86850970, 282, 970
0, 8686, 86860282, 86860970, 282, 970
0, 8687, 86870282, 86872081, 282, 2081
0, 8688, 86880282, 86881669, 282, 1669
0, 8689, 86890282, 86890970, 282, 970
0, 869, 8690282, 8690970, 282, 970
0, 8690, 86900282, 86900970, 282, 970
0, 8691, 86910282, 86910970, 282, 970
0, 8692, 86920282, 86920970, 282, 970
0, 8693, 86930282, 86930970, 282, 970
0, 8694, 86940282, 86942056, 282, 2056
0, 8695, 86950282, 86950970, 282, 970
0, 8696, 86960282, 86960970, 282, 970
0, 8697, 86970282, 86971244, 282, 1244
0, 8698, 86980282, 86980970, 282, 970
0, 8699, 86990282, 86990970, 282, 970
0, 87, 870282, 870970, 282, 970
0, 870, 8700282, 8701669, 282, 1669
0, 8700, 87000282, 87001244, 282, 1244
0, 8701, 87010282, 87010970, 282, 970
0, 8702, 87020282, 87020970, 282, 970
0, 8703, 87030282, 87030970, 282, 970
0, 8704, 87040282, 87040970, 282, 970
0, 8705, 87050282, 87054016, 282, 4016
0, 8706, 87060282, 87061244, 282, 1244
0, 8707, 87070282, 87070970, 282, 970
0, 8708, 87080282, 87082056, 282, 2056
0, 8709, 87090282, 87090970, 282, 970
0, 871, 8710282, 8710970, 282, 970
0, 8710, 87100282, 87100970, 282, 970
0, 8711, 87110282, 87110970, 282, 970
0, 8712, 87120282, 87121669, 282, 1669
0, 8713, 87130282, 87130970, 282, 970
0, 8714, 87140282, 87140970, 282, 970
0, 8715, 87150282, 87152081, 282, 2081
0, 8716, 87160282, 87160970, 282, 970
0, 8717, 87170282, 87170970, 282, 970
0, 8718, 87180282, 87180970, 282, 970
0, 8719, 87190282, 87190970, 282, 970
0, 872, 8720282, 8720970, 282, 970
0, 8720, 87200282, 87200970, 282, 970
0, 8721, 87210282, 87210970, 282, 970
0, 8722, 87220282, 87222081, 282, 2081
0, 8723, 87230282, 87232029, 282, 2029
0, 8724, 87240282, 87241244, 282, 1244
0, 8725, 87250282, 87250970, 282, 970
0, 8726, 87260282, 87260970, 282, 970
0, 8727, 87270282, 87270970, 282, 970
0, 8728, 87280282, 87280970, 282, 970
0, 8729, 87290282, 87290970, 282, 970
0, 873, 8730282, 8730970, 282, 970
0, 8730, 87300282, 87301669, 282, 1669
0, 8731, 87310282, 87310970, 282, 970
0, 8732, 87320282, 87320970, 282, 970
0, 8733, 87330282, 87330970, 282, 970
0, 8734, 87340282, 87340970, 282, 970
0, 8735, 87350282, 87350970, 282, 970
0, 8736, 87360282, 87362081, 282, 2081
0, 8737, 87370282, 87370970, 282, 970
0, 8738, 87380282, 87380970, 282, 970
0, 8739, 87390282, 87390970, 282, 970
0, 874, 8740282, 8740970, 282, 970
0, 8740, 87400282, 87402056, 282, 2056
0, 8741, 87410282, 87410970, 282, 970
0, 8742, 87420282, 87420970, 282, 970
0, 8743, 87430282, 87430970, 282, 970
0, 8744, 87440282, 87440970, 282, 970
0, 8745, 87450282, 87450970, 282, 970
0, 8746, 87460282, 87460970, 282, 970
0, 8747, 87470282, 87470970, 282, 970
0, 8748, 87480282, 87481244, 282, 1244
0, 8749, 87490282, 87490970, 282, 970
0, 875, 8750282, 8752072, 282, 2072
0, 8750, 87500282, 87502072, 282, 2072
0, 8751, 87510282, 87510970, 282, 970
0, 8752, 87520282, 87520970, 282, 970
0, 8753, 87530282, 87530970, 282, 970
0, 8754, 87540282, 87541244, 282, 1244
0, 8755, 87550282, 87550970, 282, 970
0, 8756, 87560282, 87560970, 282, 970
0, 8757, 87570282, 87572081, 282, 2081
0, 8758, 87580282, 87580970, 282, 970
0, 8759, 87590282, 87590970, 282, 970
0, 876, 8760282, 8761244, 282, 1244
0, 8760, 87600282, 87601669, 282, 1669
0, 8761, 87610282, 87610970, 282, 970
0, 8762, 87620282, 87620970, 282, 970
0, 8763, 87630282, 87630970, 282, 970
0, 8764, 87640282, 87642081, 282, 2081
0, 8765, 87650282, 87652072, 282, 2072
0, 8766, 87660282, 87661244, 282, 1244
0, 8767, 87670282, 87670970, 282, 970
0, 8768, 87680282, 87680970, 282, 970
0, 8769, 87690282, 87690970, 282, 970
0, 877, 8770282, 8770970, 282, 970
0, 8770, 87700282, 87700970, 282, 970
0, 8771, 87710282, 87710970, 282, 970
0, 8772, 87720282, 87721244, 282, 1244
0, 8773, 87730282, 87730970, 282, 970
0, 8774, 87740282, 87740970, 282, 970
0, 8775, 87750282, 87751669, 282, 1669
0, 8776, 87760282, 87760970, 282, 970
0, 8777, 87770282, 87770970, 282, 970
0, 8778, 87780282, 87782056, 282, 2056
0, 8779, 87790282, 87790970, 282, 970
0, 878, 8780282, 8780970, 282, 970
0, 8780, 87800282, 87800970, 282, 970
0, 8781, 87810282, 87810970, 282, 970
0, 8782, 87820282, 87820970, 282, 970
0, 8783, 87830282, 87830970, 282, 970
0, 8784, 87840282, 87841244, 282, 1244
0, 8785, 87850282, 87852072, 282, 2072
0, 8786, 87860282, 87860970, 282, 970
0, 8787, 87870282, 87870970, 282, 970
0, 8788, 87880282, 87880970, 282, 970
0, 8789, 87890282, 87890970, 282, 970
0, 879, 8790282, 8790970, 282, 970
0, 8790, 87900282, 87901669, 282, 1669
0, 8791, 87910282, 87910970, 282, 970
0, 8792, 87920282, 87923170, 282, 3170
0, 8793, 87930282, 87930970, 282, 970
0, 8794, 87940282, 87940970, 282, 970
0, 8795, 87950282, 87950970, 282, 970
0, 8796, 87960282, 87961244, 282, 1244
0, 8797, 87970282, 87970970, 282, 970
0, 8798, 87980282, 87980970, 282, 970
0, 8799, 87990282, 87992081, 282, 2081
0, 88, 880282, 882056, 282, 2056
0, 880, 8800282, 8800970, 282, 970
0, 8800, 88000282, 88002056, 282, 2056
0, 8801, 88010282, 88010970, 282, 970
0, 8802, 88020282, 88021244, 282, 1244
0, 8803, 88030282, 88030970, 282, 970
0, 8804, 88040282, 88040970, 282, 970
0, 8805, 88050282, 88050970, 282, 970
0, 8806, 88060282, 88062081, 282, 2081
0, 8807, 88070282, 88070970, 282, 970
0, 8808, 88080282, 88081669, 282, 1669
0, 8809, 88090282, 88090970, 282, 970
0, 881, 8810282, 8810970, 282, 970
0, 8810, 88100282, 88100970, 282, 970
0, 8811, 88110282, 88110970, 282, 970
0, 8812, 88120282, 88120970, 282, 970
0, 8813, 88130282, 88130970, 282, 970
0, 8814, 88140282, 88140970, 282, 970
0, 8815, 88150282, 88150970, 282, 970
0, 8816, 88160282, 88160970, 282, 970
0, 8817, 88170282, 88171468, 282, 1468
0, 8818, 88180282, 88180970, 282, 970
0, 8819, 88190282, 88190970, 282, 970
0, 882, 8820282, 8822056, 282, 2056
0, 8820, 88200282, 88202072, 282, 2072
0, 8821, 88210282, 88210970, 282, 970
0, 8822, 88220282, 88220970, 282, 970
0, 8823, 88230282, 88230970, 282, 970
0, 8824, 88240282, 88242056, 282, 2056
0, 8825, 88250282, 88251744, 282, 1744
0, 8826, 88260282, 88261244, 282, 1244
0, 8827, 88270282, 88270970, 282, 970
0, 8828, 88280282, 88280970, 282, 970
0, 8829, 88290282, 88290970, 282, 970
0, 883, 8830282, 8830970, 282, 970
0, 8830, 88300282, 88300970, 282, 970
0, 8831, 88310282, 88310970, 282, 970
0, 8832, 88320282, 88321669, 282, 1669
0, 8833, 88330282, 88330970, 282, 970
0, 8834, 88340282, 88342081, 282, 2081
0, 8835, 88350282, 88351244, 282, 1244
0, 8836, 88360282, 88360970, 282, 970
0, 8837, 88370282, 88370970, 282, 970
0, 8838, 88380282, 88381244, 282, 1244
0, 8839, 88390282, 88390970, 282, 970
0, 884, 8840282, 8840970, 282, 970
0, 8840, 88400282, 88402056, 282, 2056
0, 8841, 88410282, 88412081, 282, 2081
0, 8842, 88420282, 88420970, 282, 970
0, 8843, 88430282, 88430970, 282, 970
0, 8844, 88440282, 88440970, 282, 970
0, 8845, 88450282, 88450970, 282, 970
0, 8846, 88460282, 88460970, 282, 970
0, 8847, 88470282, 88470970, 282, 970
0, 8848, 88480282, 88482081, 282, 2081
0, 8849, 88490282, 88490970, 282, 970
0, 885, 8850282, 8851244, 282, 1244
0, 8850, 88500282, 88501669, 282, 1669
0, 8851, 88510282, 88510970, 282, 970
0, 8852, 88520282, 88520970, 282, 970
0, 8853, 88530282, 88530970, 282, 970
0, 8854, 88540282, 88540970, 282, 970
0, 8855, 88550282, 88552072, 282, 2072
0, 8856, 88560282, 88561244, 282, 1244
0, 8857, 88570282, 88570970, 282, 970
0, 8858, 88580282, 88580970, 282, 970
0, 8859, 88590282, 88591244, 282, 1244
0, 886, 8860282, 8860970, 282, 970
0, 8860, 88600282, 88600970, 282, 970
0, 8861, 88610282, 88610970, 282, 970
0, 8862, 88620282, 88622056, 282, 2056
0, 8863, 88630282, 88630970, 282, 970
0, 8864, 88640282, 88640970, 282, 970
0, 8865, 88650282, 88650970, 282, 970
0, 8866, 88660282, 88660970, 282, 970
0, 8867, 88670282, 88670970, 282, 970
0, 8868, 88680282, 88681244, 282, 1244
0, 8869, 88690282, 88692081, 282, 2081
0, 887, 8870282, 8870970, 282, 970
0, 8870, 88700282, 88700970, 282, 970
0, 8871, 88710282, 88710970, 282, 970
0, 8872, 88720282, 88720970, 282, 970
0, 8873, 88730282, 88730970, 282, 970
0, 8874, 88740282, 88741244, 282, 1244
0, 8875, 88750282, 88750970, 282, 970
0, 8876, 88760282, 88762081, 282, 2081
0, 8877, 88770282, 88770970, 282, 970
0, 8878, 88780282, 88780970, 282, 970
0, 8879, 88790282, 88790970, 282, 970
0, 888, 8880282, 8881244, 282, 1244
0, 8880, 88800282, 88802056, 282, 2056
0, 8881, 88810282, 88810970, 282, 970
0, 8882, 88820282, 88820970, 282, 970
0, 8883, 88830282, 88832081, 282, 2081
0, 8884, 88840282, 88840970, 282, 970
0, 8885, 88850282, 88850970, 282, 970
0, 8886, 88860282, 88861244, 282, 1244
0, 8887, 88870282, 88870970, 282, 970
0, 8888, 88880282, 88880970, 282, 970
0, 8889, 88890282, 88890970, 282, 970
0, 889, 8890282, 8890970, 282, 970
0, 8890, 88900282, 88902072, 282, 2072
0, 8891, 88910282, 88910970, 282, 970
0, 8892, 88920282, 88921244, 282, 1244
0, 8893, 88930282, 88930970, 282, 970
0, 8894, 88940282, 88940970, 282, 970
0, 8895, 88950282, 88950970, 282, 970
0, 8896, 88960282, 88960970, 282, 970
0, 8897, 88970282, 88970970, 282, 970
0, 8898, 88980282, 88980970, 282, 970
0, 8899, 88990282, 88990970, 282, 970
0, 89, 890282, 890970, 282, 970
0, 890, 8900282, 8900970, 282, 970
0, 8900, 89000282, 89000970, 282, 970
0, 8901, 89010282, 89011244, 282, 1244
0, 8902, 89020282, 89020970, 282, 970
0, 8903, 89030282, 89030970, 282, 970
0, 8904, 89040282, 89042081, 282, 2081
0, 8905, 89050282, 89050970, 282, 970
0, 8906, 89060282, 89060970, 282, 970
0, 8907, 89070282, 89070970, 282, 970
0, 8908, 89080282, 89080970, 282, 970
0, 8909, 89090282, 89090970, 282, 970
0, 891, 8910282, 8910970, 282, 970
0, 8910, 89100282, 89101669, 282, 1669
0, 8911, 89110282, 89112081, 282, 2081
0, 8912, 89120282, 89120970, 282, 970
0, 8913, 89130282, 89130970, 282, 970
0, 8914, 89140282, 89140970, 282, 970
0, 8915, 89150282, 89150970, 282, 970
0, 8916, 89160282, 89160970, 282, 970
0, 8917, 89170282, 89170970, 282, 970
0, 8918, 89180282, 89182081, 282, 2081
0, 8919, 89190282, 89191244, 282, 1244
0, 892, 8920282, 8920970, 282, 970
0, 8920, 89200282, 89202056, 282, 2056
0, 8921, 89210282, 89210970, 282, 970
0, 8922, 89220282, 89221244, 282, 1244
0, 8923, 89230282, 89230970, 282, 970
0, 8924, 89240282, 89240970, 282, 970
0, 8925, 89250282, 89252081, 282, 2081
0, 8926, 89260282, 89260970, 282, 970
0, 8927, 89270282, 89270970, 282, 970
0, 8928, 89280282, 89281244, 282, 1244
0, 8929, 89290282, 89290970, 282, 970
0, 893, 8930282, 8930970, 282, 970
0, 8930, 89300282, 89300970, 282, 970
0, 8931, 89310282, 89310970, 282, 970
0, 8932, 89320282, 89322056, 282, 2056
0, 8933, 89330282, 89330970, 282, 970
0, 8934, 89340282, 89341244, 282, 1244
0, 8935, 89350282, 89350970, 282, 970
0, 8936, 89360282, 89362056, 282, 2056
0, 8937, 89370282, 89370970, 282, 970
0, 8938, 89380282, 89380970, 282, 970
0, 8939, 89390282, 89390970, 282, 970
0, 894, 8940282, 8941244, 282, 1244
0, 8940, 89400282, 89401244, 282, 1244
0, 8941, 89410282, 89410970, 282, 970
0, 8942, 89420282, 89420970, 282, 970
0, 8943, 89430282, 89431897, 282, 1897
0, 8944, 89440282, 89440970, 282, 970
0, 8945, 89450282, 89450970, 282, 970
0, 8946, 89460282, 89462056, 282, 2056
0, 8947, 89470282, 89470970, 282, 970
0, 8948, 89480282, 89480970, 282, 970
0, 8949, 89490282, 89490970, 282, 970
0, 895, 8950282, 8950970, 282, 970
0, 8950, 89500282, 89500970, 282, 970
0, 8951, 89510282, 89510970, 282, 970
0, 8952, 89520282, 89521669, 282, 1669
0, 8953, 89530282, 89532081, 282, 2081
0, 8954, 89540282, 89540970, 282, 970
0, 8955, 89550282, 89550970, 282, 970
0, 8956, 89560282, 89560970, 282, 970
0, 8957, 89570282, 89570970, 282, 970
0, 8958, 89580282, 89580970, 282, 970
0, 8959, 89590282, 89590970, 282, 970
0, 896, 8960282, 8962081, 282, 2081
0, 8960, 89600282, 89604047, 282, 4047
0, 8961, 89610282, 89611669, 282, 1669
0, 8962, 89620282, 89620970, 282, 970
0, 8963, 89630282, 89630970, 282, 970
0, 8964, 89640282, 89641244, 282, 1244
0, 8965, 89650282, 89650970, 282, 970
0, 8966, 89660282, 89660970, 282, 970
0, 8967, 89670282, 89671669, 282, 1669
0, 8968, 89680282, 89680970, 282, 970
0, 8969, 89690282, 89690970, 282, 970
0, 897, 8970282, 8970970, 282, 970
0, 8970, 89700282, 89701669, 282, 1669
0, 8971, 89710282, 89710970, 282, 970
0, 8972, 89720282, 89720970, 282, 970
0, 8973, 89730282, 89730970, 282, 970
0, 8974, 89740282, 89742056, 282, 2056
0, 8975, 89750282, 89750970, 282, 970
0, 8976, 89760282, 89761669, 282, 1669
0, 8977, 89770282, 89770970, 282, 970
0, 8978, 89780282, 89780970, 282, 970
0, 8979, 89790282, 89790970, 282, 970
0, 898, 8980282, 8980970, 282, 970
0, 8980, 89800282, 89800970, 282, 970
0, 8981, 89810282, 89810970, 282, 970
0, 8982, 89820282, 89820970, 282, 970
0, 8983, 89830282, 89830970, 282, 970
0, 8984, 89840282, 89840970, 282, 970
0, 8985, 89850282, 89851669, 282, 1669
0, 8986, 89860282, 89860970, 282, 970
0, 8987, 89870282, 89870970, 282, 970
0, 8988, 89880282, 89882056, 282, 2056
0, 8989, 89890282, 89890970, 282, 970
0, 899, 8990282, 8990970, 282, 970
0, 8990, 89900282, 89900970, 282, 970
0, 8991, 89910282, 89910970, 282, 970
0, 8992, 89920282, 89920970, 282, 970
0, 8993, 89930282, 89930970, 282, 970
0, 8994, 89940282, 89941244, 282, 1244
0, 8995, 89950282, 89952081, 282, 2081
0, 8996, 89960282, 89960970, 282, 970
0, 8997, 89970282, 89970970, 282, 970
0, 8998, 89980282, 89980970, 282, 970
0, 8999, 89990282, 89990970, 282, 970
0, 9, 90282, 90970, 282, 970
0, 90, 900282, 901244, 282, 1244
0, 900, 9000282, 9001669, 282, 1669
0, 9000, 90000282, 90001669, 282, 1669
0, 9001, 90010282, 90010970, 282, 970
0, 9002, 90020282, 90022081, 282, 2081
0, 9003, 90030282, 90030970, 282, 970
0, 9004, 90040282, 90040970, 282, 970
0, 9005, 90050282, 90050970, 282, 970
0, 9006, 90060282, 90061244, 282, 1244
0, 9007, 90070282, 90070970, 282, 970
0, 9008, 90080282, 90080970, 282, 970
0, 9009, 90090282, 90091669, 282, 1669
0, 901, 9010282, 9010970, 282, 970
0, 9010, 90100282, 90100970, 282, 970
0, 9011, 90110282, 90110970, 282, 970
0, 9012, 90120282, 90121244, 282, 1244
0, 9013, 90130282, 90130970, 282, 970
0, 9014, 90140282, 90140970, 282, 970
0, 9015, 90150282, 90150970, 282, 970
0, 9016, 90160282, 90162081, 282, 2081
0, 9017, 90170282, 90170970, 282, 970
0, 9018, 90180282, 90180970, 282, 970
0, 9019, 90190282, 90190970, 282, 970
0, 902, 9020282, 9020970, 282, 970
0, 9020, 90200282, 90202056, 282, 2056
0, 9021, 90210282, 90210970, 282, 970
0, 9022, 90220282, 90220970, 282, 970
0, 9023, 90230282, 90230970, 282, 970
0, 9024, 90240282, 90241244, 282, 1244
0, 9025, 90250282, 90250970, 282, 970
0, 9026, 90260282, 90260970, 282, 970
0, 9027, 90270282, 90271244, 282, 1244
0, 9028, 90280282, 90280970, 282, 970
0, 9029, 90290282, 90290970, 282, 970
0, 903, 9030282, 9032081, 282, 2081
0, 9030, 90300282, 90302081, 282, 2081
0, 9031, 90310282, 90310970, 282, 970
0, 9032, 90320282, 90320970, 282, 970
0, 9033, 90330282, 90330970, 282, 970
0, 9034, 90340282, 90340970, 282, 970
0, 9035, 90350282, 90350970, 282, 970
0, 9036, 90360282, 90361244, 282, 1244
0, 9037, 90370282, 90372081, 282, 2081
0, 9038, 90380282, 90380970, 282, 970
0, 9039, 90390282, 90390970, 282, 970
0, 904, 9040282, 9040970, 282, 970
0, 9040, 90400282, 90400970, 282, 970
0, 9041, 90410282, 90410970, 282, 970
0, 9042, 90420282, 90420970, 282, 970
0, 9043, 90430282, 90430970, 282, 970
0, 9044, 90440282, 90442081, 282, 2081
0, 9045, 90450282, 90451244, 282, 1244
0, 9046, 90460282, 90460970, 282, 970
0, 9047, 90470282, 90470970, 282, 970
0, 9048, 90480282, 90481669, 282, 1669
0, 9049, 90490282, 90490970, 282, 970
0, 905, 9050282, 9050970, 282, 970
0, 9050, 90500282, 90500970, 282, 970
0, 9051, 90510282, 90511669, 282, 1669
0, 9052, 90520282, 90520970, 282, 970
0, 9053, 90530282, 90530970, 282, 970
0, 9054, 90540282, 90541244, 282, 1244
0, 9055, 90550282, 90550970, 282, 970
0, 9056, 90560282, 90560970, 282, 970
0, 9057, 90570282, 90570970, 282, 970
0, 9058, 90580282, 90582056, 282, 2056
0, 9059, 90590282, 90590970, 282, 970
0, 906, 9060282, 9060970, 282, 970
0, 9060, 90600282, 90601244, 282, 1244
0, 9061, 90610282, 90610970, 282, 970
0, 9062, 90620282, 90623282, 282, 3282
0, 9063, 90630282, 90630970, 282, 970
0, 9064, 90640282, 90640970, 282, 970
0, 9065, 90650282, 90652072, 282, 2072
0, 9066, 90660282, 90660970, 282, 970
0, 9067, 90670282, 90670970, 282, 970
0, 9068, 90680282, 90680970, 282, 970
0, 9069, 90690282, 90690970, 282, 970
0, 907, 9070282, 9070970, 282, 970
0, 9070, 90700282, 90700970, 282, 970
0, 9071, 90710282, 90710970, 282, 970
0, 9072, 90720282, 90724047, 282, 4047
0, 9073, 90730282, 90730970, 282, 970
0, 9074, 90740282, 90740970, 282, 970
0, 9075, 90750282, 90750970, 282, 970
0, 9076, 90760282, 90760970, 282, 970
0, 9077, 90770282, 90770970, 282, 970
0, 9078, 90780282, 90781244, 282, 1244
0, 9079, 90790282, 90792081, 282, 2081
0, 908, 9080282, 9080970, 282, 970
0, 9080, 90800282, 90802056, 282, 2056
0, 9081, 90810282, 90810970, 282, 970
0, 9082, 90820282, 90820970, 282, 970
0, 9083, 90830282, 90830970, 282, 970
0, 9084, 90840282, 90840970, 282, 970
0, 9085, 90850282, 90850970, 282, 970
0, 9086, 90860282, 90862056, 282, 2056
0, 9087, 90870282, 90870970, 282, 970
0, 9088, 90880282, 90880970, 282, 970
0, 9089, 90890282, 90890970, 282, 970
0, 909, 9090282, 9090970, 282, 970
0, 9090, 90900282, 90902056, 282, 2056
0, 9091, 90910282, 90910970, 282, 970
0, 9092, 90920282, 90920970, 282, 970
0, 9093, 90930282, 90931669, 282, 1669
0, 9094, 90940282, 90940970, 282, 970
0, 9095, 90950282, 90950970, 282, 970
0, 9096, 90960282, 90961669, 282, 1669
0, 9097, 90970282, 90970970, 282, 970
0, 9098, 90980282, 90980970, 282, 970
0, 9099, 90990282, 90990970, 282, 970
0, 91, 910282, 910970, 282, 970
0, 910, 9100282, 9102081, 282, 2081
0, 9100, 91000282, 91002072, 282, 2072
0, 9101, 91010282, 91010970, 282, 970
0, 9102, 91020282, 91020970, 282, 970
0, 9103, 91030282, 91030970, 282, 970
0, 9104, 91040282, 91042056, 282, 2056
0, 9105, 91050282, 91051866, 282, 1866
0, 9106, 91060282, 91060970, 282, 970
0, 9107, 91070282, 91072081, 282, 2081
0, 9108, 91080282, 91080970, 282, 970
0, 9109, 91090282, 91090970, 282, 970
0, 911, 9110282, 9111233, 282, 1233
0, 9110, 91100282, 91100970, 282, 970
0, 9111, 91110282, 91110970, 282, 970
0, 9112, 91120282, 91120970, 282, 970
0, 9113, 91130282, 91130970, 282, 970
0, 9114, 91140282, 91142081, 282, 2081
0, 9115, 91150282, 91150970, 282, 970
0, 9116, 91160282, 91160970, 282, 970
0, 9117, 91170282, 91170970, 282, 970
0, 9118, 91180282, 91180970, 282, 970
0, 9119, 91190282, 91190970, 282, 970
0, 912, 9120282, 9121669, 282, 1669
0, 9120, 91200282, 91201669, 282, 1669
0, 9121, 91210282, 91212081, 282, 2081
0, 9122, 91220282, 91220970, 282, 970
0, 9123, 91230282, 91230970, 282, 970
0, 9124, 91240282, 91240970, 282, 970
0, 9125, 91250282, 91250970, 282, 970
0, 9126, 91260282, 91260970, 282, 970
0, 9127, 91270282, 91270970, 282, 970
0, 9128, 91280282, 91282081, 282, 2081
0, 9129, 91290282, 91290970, 282, 970
0, 913, 9130282, 9130970, 282, 970
0, 9130, 91300282, 91300970, 282, 970
0, 9131, 91310282, 91310970, 282, 970
0, 9132, 91320282, 91321669, 282, 1669
0, 9133, 91330282, 91330970, 282, 970
0, 9134, 91340282, 91340970, 282, 970
0, 9135, 91350282, 91352072, 282, 2072
0, 9136, 91360282, 91360970, 282, 970
0, 9137, 91370282, 91370970, 282, 970
0, 9138, 91380282, 91381244, 282, 1244
0, 9139, 91390282, 91390970, 282, 970
0, 914, 9140282, 9140970, 282, 970
0, 9140, 91400282, 91400970, 282, 970
0, 9141, 91410282, 91410970, 282, 970
0, 9142, 91420282, 91422056, 282, 2056
0, 9143, 91430282, 91430970, 282, 970
0, 9144, 91440282, 91441244, 282, 1244
0, 9145, 91450282, 91450970, 282, 970
0, 9146, 91460282, 91460970, 282, 970
0, 9147, 91470282, 91470970, 282, 970
0, 9148, 91480282, 91480970, 282, 970
0, 9149, 91490282, 91492081, 282, 2081
0, 915, 9150282, 9150970, 282, 970
0, 9150, 91500282, 91501244, 282, 1244
0, 9151, 91510282, 91510970, 282, 970
0, 9152, 91520282, 91520970, 282, 970
0, 9153, 91530282, 91530970, 282, 970
0, 9154, 91540282, 91540970, 282, 970
0, 9155, 91550282, 91550970, 282, 970
0, 9156, 91560282, 91562081, 282, 2081
0, 9157, 91570282, 91570970, 282, 970
0, 9158, 91580282, 91580970, 282, 970
0, 9159, 91590282, 91590970, 282, 970
0, 916, 9160282, 9160970, 282, 970
0, 9160, 91600282, 91602056, 282, 2056
0, 9161, 91610282, 91610970, 282, 970
0, 9162, 91620282, 91620970, 282, 970
0, 9163, 91630282, 91632081, 282, 2081
0, 9164, 91640282, 91640970, 282, 970
0, 9165, 91650282, 91651244, 282, 1244
0, 9166, 91660282, 91660970, 282, 970
0, 9167, 91670282, 91670970, 282, 970
0, 9168, 91680282, 91681244, 282, 1244
0, 9169, 91690282, 91690970, 282, 970
0, 917, 9170282, 9170970, 282, 970
0, 9170, 91700282, 91702072, 282, 2072
0, 9171, 91710282, 91710970, 282, 970
0, 9172, 91720282, 91720970, 282, 970
0, 9173, 91730282, 91730970, 282, 970
0, 9174, 91740282, 91741669, 282, 1669
0, 9175, 91750282, 91750970, 282, 970
0, 9176, 91760282, 91760970, 282, 970
0, 9177, 91770282, 91771669, 282, 1669
0, 9178, 91780282, 91780970, 282, 970
0, 9179, 91790282, 91790970, 282, 970
0, 918, 9180282, 9181244, 282, 1244
0, 9180, 91800282, 91801669, 282, 1669
0, 9181, 91810282, 91810970, 282, 970
0, 9182, 91820282, 91820970, 282, 970
0, 9183, 91830282, 91830970, 282, 970
0, 9184, 91840282, 91842081, 282, 2081
0, 9185, 91850282, 91850970, 282, 970
0, 9186, 91860282, 91860970, 282, 970
0, 9187, 91870282, 91870970, 282, 970
0, 9188, 91880282, 91880970, 282, 970
0, 9189, 91890282, 91890970, 282, 970
0, 919, 9190282, 9190970, 282, 970
0, 9190, 91900282, 91900970, 282, 970
0, 9191, 91910282, 91912081, 282, 2081
0, 9192, 91920282, 91921244, 282, 1244
0, 9193, 91930282, 91930970, 282, 970
0, 9194, 91940282, 91940970, 282, 970
0, 9195, 91950282, 91951244, 282, 1244
0, 9196, 91960282, 91960970, 282, 970
0, 9197, 91970282, 91970970, 282, 970
0, 9198, 91980282, 91982081, 282, 2081
0, 9199, 91990282, 91990970, 282, 970
0, 92, 920282, 920970, 282, 970
0, 920, 9200282, 9202056, 282, 2056
0, 9200, 92000282, 92002056, 282, 2056
0, 9201, 92010282, 92010970, 282, 970
0, 9202, 92020282, 92020970, 282, 970
0, 9203, 92030282, 92030970, 282, 970
0, 9204, 92040282, 92040970, 282, 970
0, 9205, 92050282, 92052072, 282, 2072
0, 9206, 92060282, 92060970, 282, 970
0, 9207, 92070282, 92070970, 282, 970
0, 9208, 92080282, 92080970, 282, 970
0, 9209, 92090282, 92090970, 282, 970
0, 921, 9210282, 9211244, 282, 1244
0, 9210, 92100282, 92101244, 282, 1244
0, 9211, 92110282, 92110970, 282, 970
0, 9212, 92120282, 92122056, 282, 2056
0, 9213, 92130282, 92130970, 282, 970
0, 9214, 92140282, 92140970, 282, 970
0, 9215, 92150282, 92150970, 282, 970
0, 9216, 92160282, 92162056, 282, 2056
0, 9217, 92170282, 92170970, 282, 970
0, 9218, 92180282, 92180970, 282, 970
0, 9219, 92190282, 92191669, 282, 1669
0, 922, 9220282, 9220970, 282, 970
0, 9220, 92200282, 92200970, 282, 970
0, 9221, 92210282, 92210970, 282, 970
0, 9222, 92220282, 92220970, 282, 970
0, 9223, 92230282, 92230970, 282, 970
0, 9224, 92240282, 92240970, 282, 970
0, 9225, 92250282, 92251244, 282, 1244
0, 9226, 92260282, 92262056, 282, 2056
0, 9227, 92270282, 92270970, 282, 970
0, 9228, 92280282, 92280970, 282, 970
0, 9229, 92290282, 92290970, 282, 970
0, 923, 9230282, 9230970, 282, 970
0, 9230, 92300282, 92300970, 282, 970
0, 9231, 92310282, 92310970, 282, 970
0, 9232, 92320282, 92320970, 282, 970
0, 9233, 92330282, 92333053, 282, 3053
0, 9234, 92340282, 92341244, 282, 1244
0, 9235, 92350282, 92350970, 282, 970
0, 9236, 92360282, 92360970, 282, 970
0, 9237, 92370282, 92370970, 282, 970
0, 9238, 92380282, 92380970, 282, 970
0, 9239, 92390282, 92390970, 282, 970
0, 924, 9240282, 9242056, 282, 2056
0, 9240, 92400282, 92404047, 282, 4047
0, 9241, 92410282, 92411168, 282, 1168
0, 9242, 92420282, 92420970, 282, 970
0, 9243, 92430282, 92430970, 282, 970
0, 9244, 92440282, 92440970, 282, 970
0, 9245, 92450282, 92450970, 282, 970
0, 9246, 92460282, 92460970, 282, 970
0, 9247, 92470282, 92470970, 282, 970
0, 9248, 92480282, 92480970, 282, 970
0, 9249, 92490282, 92490970, 282, 970
0, 925, 9250282, 9250970, 282, 970
0, 9250, 92500282, 92500970, 282, 970
0, 9251, 92510282, 92510970, 282, 970
0, 9252, 92520282, 92520970, 282, 970
0, 9253, 92530282, 92530970, 282, 970
0, 9254, 92540282, 92542056, 282, 2056
0, 9255, 92550282, 92550970, 282, 970
0, 9256, 92560282, 92560970, 282, 970
0, 9257, 92570282, 92570970, 282, 970
0, 9258, 92580282, 92581669, 282, 1669
0, 9259, 92590282, 92590970, 282, 970
0, 926, 9260282, 9260970, 282, 970
0, 9260, 92600282, 92600970, 282, 970
0, 9261, 92610282, 92611669, 282, 1669
0, 9262, 92620282, 92620970, 282, 970
0, 9263, 92630282, 92630970, 282, 970
0, 9264, 92640282, 92641244, 282, 1244
0, 9265, 92650282, 92650970, 282, 970
0, 9266, 92660282, 92660970, 282, 970
0, 9267, 92670282, 92670970, 282, 970
0, 9268, 92680282, 92682081, 282, 2081
0, 9269, 92690282, 92690970, 282, 970
0, 927, 9270282, 9270970, 282, 970
0, 9270, 92700282, 92701244, 282, 1244
0, 9271, 92710282, 92710970, 282, 970
0, 9272, 92720282, 92720970, 282, 970
0, 9273, 92730282, 92730970, 282, 970
0, 9274, 92740282, 92740970, 282, 970
0, 9275, 92750282, 92752081, 282, 2081
0, 9276, 92760282, 92761577, 282, 1577
0, 9277, 92770282, 92770970, 282, 970
0, 9278, 92780282, 92780970, 282, 970
0, 9279, 92790282, 92790970, 282, 970
0, 928, 9280282, 9282056, 282, 2056
0, 9280, 92800282, 92800970, 282, 970
0, 9281, 92810282, 92810970, 282, 970
0, 9282, 92820282, 92822081, 282, 2081
0, 9283, 92830282, 92830970, 282, 970
0, 9284, 92840282, 92840970, 282, 970
0, 9285, 92850282, 92851244, 282, 1244
0, 9286, 92860282, 92860970, 282, 970
0, 9287, 92870282, 92870970, 282, 970
0, 9288, 92880282, 92881244, 282, 1244
0, 9289, 92890282, 92890970, 282, 970
0, 929, 9290282, 9290970, 282, 970
0, 9290, 92900282, 92900970, 282, 970
0, 9291, 92910282, 92910970, 282, 970
0, 9292, 92920282, 92920970, 282, 970
0, 9293, 92930282, 92930970, 282, 970
0, 9294, 92940282, 92940970, 282, 970
0, 9295, 92950282, 92950970, 282, 970
0, 9296, 92960282, 92962081, 282, 2081
0, 9297, 92970282, 92970970, 282, 970
0, 9298, 92980282, 92980970, 282, 970
0, 9299, 92990282, 92990970, 282, 970
0, 93, 930282, 930970, 282, 970
0, 930, 9300282, 9301669, 282, 1669
0, 9300, 93000282, 93002056, 282, 2056
0, 9301, 93010282, 93010970, 282, 970
0, 9302, 93020282, 93020970, 282, 970
0, 9303, 93030282, 93031669, 282, 1669
0, 9304, 93040282, 93040970, 282, 970
0, 9305, 93050282, 93050970, 282, 970
0, 9306, 93060282, 93060970, 282, 970
0, 9307, 93070282, 93070970, 282, 970
0, 9308, 93080282, 93080970, 282, 970
0, 9309, 93090282, 93090970, 282, 970
0, 931, 9310282, 9310970, 282, 970
0, 9310, 93100282, 93102081, 282, 2081
0, 9311, 93110282, 93110970, 282, 970
0, 9312, 93120282, 93121244, 282, 1244
0, 9313, 93130282, 93130970, 282, 970
0, 9314, 93140282, 93140970, 282, 970
0, 9315, 93150282, 93150970, 282, 970
0, 9316, 93160282, 93160970, 282, 970
0, 9317, 93170282, 93172081, 282, 2081
0, 9318, 93180282, 93181669, 282, 1669
0, 9319, 93190282, 93190970, 282, 970
0, 932, 9320282, 9320970, 282, 970
0, 9320, 93200282, 93200970, 282, 970
0, 9321, 93210282, 93210970, 282, 970
0, 9322, 93220282, 93220970, 282, 970
0, 9323, 93230282, 93230970, 282, 970
0, 9324, 93240282, 93242056, 282, 2056
0, 9325, 93250282, 93250970, 282, 970
0, 9326, 93260282, 93260970, 282, 970
0, 9327, 93270282, 93270970, 282, 970
0, 9328, 93280282, 93280970, 282, 970
0, 9329, 93290282, 93290970, 282, 970
0, 933, 9330282, 9330970, 282, 970
0, 9330, 93300282, 93301244, 282, 1244
0, 9331, 93310282, 93310970, 282, 970
0, 9332, 93320282, 93320970, 282, 970
0, 9333, 93330282, 93330970, 282, 970
0, 9334, 93340282, 93340970, 282, 970
0, 9335, 93350282, 93350970, 282, 970
0, 9336, 93360282, 93361669, 282, 1669
0, 9337, 93370282, 93370970, 282, 970
0, 9338, 93380282, 93382056, 282, 2056
0, 9339, 93390282, 93390970, 282, 970
0, 934, 9340282, 9340970, 282, 970
0, 9340, 93400282, 93400970, 282, 970
0, 9341, 93410282, 93410970, 282, 970
0, 9342, 93420282, 93421669, 282, 1669
0, 9343, 93430282, 93430970, 282, 970
0, 9344, 93440282, 93440970, 282, 970
0, 9345, 93450282, 93452072, 282, 2072
0, 9346, 93460282, 93460970, 282, 970
0, 9347, 93470282, 93470970, 282, 970
0, 9348, 93480282, 93480970, 282, 970
0, 9349, 93490282, 93490970, 282, 970
0, 935, 9350282, 9350970, 282, 970
0, 9350, 93500282, 93500970, 282, 970
0, 9351, 93510282, 93510970, 282, 970
0, 9352, 93520282, 93524047, 282, 4047
0, 9353, 93530282, 93532072, 282, 2072
0, 9354, 93540282, 93540970, 282, 970
0, 9355, 93550282, 93550970, 282, 970
0, 9356, 93560282, 93560970, 282, 970
0, 9357, 93570282, 93570970, 282, 970
0, 9358, 93580282, 93580970, 282, 970
0, 9359, 93590282, 93592081, 282, 2081
0, 936, 9360282, 9361669, 282, 1669
0, 9360, 93600282, 93602056, 282, 2056
0, 9361, 93610282, 93610970, 282, 970
0, 9362, 93620282, 93620970, 282, 970
0, 9363, 93630282, 93630970, 282, 970
0, 9364, 93640282, 93640970, 282, 970
0, 9365, 93650282, 93650970, 282, 970
0, 9366, 93660282, 93662056, 282, 2056
0, 9367, 93670282, 93670970, 282, 970
0, 9368, 93680282, 93682030, 282, 2030
0, 9369, 93690282, 93691453, 282, 1453
0, 937, 9370282, 9370970, 282, 970
0, 9370, 93700282, 93702056, 282, 2056
0, 9371, 93710282, 93710970, 282, 970
0, 9372, 93720282, 93720970, 282, 970
0, 9373, 93730282, 93730970, 282, 970
0, 9374, 93740282, 93740970, 282, 970
0, 9375, 93750282, 93750970, 282, 970
0, 9376, 93760282, 93760970, 282, 970
0, 9377, 93770282, 93772998, 282, 2998
0, 9378, 93780282, 93781244, 282, 1244
0, 9379, 93790282, 93790970, 282, 970
0, 938, 9380282, 9382081, 282, 2081
0, 9380, 93800282, 93802072, 282, 2072
0, 9381, 93810282, 93810970, 282, 970
0, 9382, 93820282, 93820970, 282, 970
0, 9383, 93830282, 93830970, 282, 970
0, 9384, 93840282, 93842056, 282, 2056
0, 9385, 93850282, 93850970, 282, 970
0, 9386, 93860282, 93860970, 282, 970
0, 9387, 93870282, 93872081, 282, 2081
0, 9388, 93880282, 93880970, 282, 970
0, 9389, 93890282, 93890970, 282, 970
0, 939, 9390282, 9390970, 282, 970
0, 9390, 93900282, 93901244, 282, 1244
0, 9391, 93910282, 93910970, 282, 970
0, 9392, 93920282, 93920970, 282, 970
0, 9393, 93930282, 93930970, 282, 970
0, 9394, 93940282, 93942081, 282, 2081
0, 9395, 93950282, 93952008, 282, 2008
0, 9396, 93960282, 93961244, 282, 1244
0, 9397, 93970282, 93970970, 282, 970
0, 9398, 93980282, 93980970, 282, 970
0, 9399, 93990282, 93990970, 282, 970
0, 94, 940282, 940970, 282, 970
0, 940, 9400282, 9400970, 282, 970
0, 9400, 94000282, 94000970, 282, 970
0, 9401, 94010282, 94012081, 282, 2081
0, 9402, 94020282, 94021244, 282, 1244
0, 9403, 94030282, 94030970, 282, 970
0, 9404, 94040282, 94040970, 282, 970
0, 9405, 94050282, 94051244, 282, 1244
0, 9406, 94060282, 94060970, 282, 970
0, 9407, 94070282, 94070970, 282, 970
0, 9408, 94080282, 94082081, 282, 2081
0, 9409, 94090282, 94090970, 282, 970
0, 941, 9410282, 9410970, 282, 970
0, 9410, 94100282, 94100970, 282, 970
0, 9411, 94110282, 94110970, 282, 970
0, 9412, 94120282, 94120970, 282, 970
0, 9413, 94130282, 94130970, 282, 970
0, 9414, 94140282, 94140970, 282, 970
0, 9415, 94150282, 94152072, 282, 2072
0, 9416, 94160282, 94160970, 282, 970
0, 9417, 94170282, 94170970, 282, 970
0, 9418, 94180282, 94180970, 282, 970
0, 9419, 94190282, 94193282, 282, 3282
0, 942, 9420282, 9421244, 282, 1244
0, 9420, 94200282, 94201669, 282, 1669
0, 9421, 94210282, 94210970, 282, 970
0, 9422, 94220282, 94222056, 282, 2056
0, 9423, 94230282, 94230970, 282, 970
0, 9424, 94240282, 94240970, 282, 970
0, 9425, 94250282, 94250970, 282, 970
0, 9426, 94260282, 94261244, 282, 1244
0, 9427, 94270282, 94270970, 282, 970
0, 9428, 94280282, 94280970, 282, 970
0, 9429, 94290282, 94292081, 282, 2081
0, 943, 9430282, 9430970, 282, 970
0, 9430, 94300282, 94300970, 282, 970
0, 9431, 94310282, 94310970, 282, 970
0, 9432, 94320282, 94321244, 282, 1244
0, 9433, 94330282, 94330970, 282, 970
0, 9434, 94340282, 94340970, 282, 970
0, 9435, 94350282, 94351244, 282, 1244
0, 9436, 94360282, 94362081, 282, 2081
0, 9437, 94370282, 94370970, 282, 970
0, 9438, 94380282, 94381244, 282, 1244
0, 9439, 94390282, 94390970, 282, 970
0, 944, 9440282, 9440970, 282, 970
0, 9440, 94400282, 94402056, 282, 2056
0, 9441, 94410282, 94410970, 282, 970
0, 9442, 94420282, 94420970, 282, 970
0, 9443, 94430282, 94430970, 282, 970
0, 9444, 94440282, 94441244, 282, 1244
0, 9445, 94450282, 94450970, 282, 970
0, 9446, 94460282, 94460970, 282, 970
0, 9447, 94470282, 94470970, 282, 970
0, 9448, 94480282, 94480970, 282, 970
0, 9449, 94490282, 94490970, 282, 970
0, 945, 9450282, 9452081, 282, 2081
0, 9450, 94500282, 94502072, 282, 2072
0, 9451, 94510282, 94510970, 282, 970
0, 9452, 94520282, 94520970, 282, 970
0, 9453, 94530282, 94530970, 282, 970
0, 9454, 94540282, 94540970, 282, 970
0, 9455, 94550282, 94550970, 282, 970
0, 9456, 94560282, 94561244, 282, 1244
0, 9457, 94570282, 94570970, 282, 970
0, 9458, 94580282, 94580970, 282, 970
0, 9459, 94590282, 94590970, 282, 970
0, 946, 9460282, 9461291, 282, 1291
0, 9460, 94600282, 94600970, 282, 970
0, 9461, 94610282, 94610970, 282, 970
0, 9462, 94620282, 94621244, 282, 1244
0, 9463, 94630282, 94630970, 282, 970
0, 9464, 94640282, 94642081, 282, 2081
0, 9465, 94650282, 94650970, 282, 970
0, 9466, 94660282, 94660970, 282, 970
0, 9467, 94670282, 94670970, 282, 970
0, 9468, 94680282, 94681244, 282, 1244
0, 9469, 94690282, 94690970, 282, 970
0, 947, 9470282, 9470970, 282, 970
0, 9470, 94700282, 94700970, 282, 970
0, 9471, 94710282, 94712081, 282, 2081
0, 9472, 94720282, 94720982, 282, 982
0, 9473, 94730282, 94730970, 282, 970
0, 9474, 94740282, 94740970, 282, 970
0, 9475, 94750282, 94750970, 282, 970
0, 9476, 94760282, 94760970, 282, 970
0, 9477, 94770282, 94770970, 282, 970
0, 9478, 94780282, 94782081, 282, 2081
0, 9479, 94790282, 94790970, 282, 970
0, 948, 9480282, 9480970, 282, 970
0, 9480, 94800282, 94802056, 282, 2056
0, 9481, 94810282, 94810970, 282, 970
0, 9482, 94820282, 94820970, 282, 970
0, 9483, 94830282, 94830970, 282, 970
0, 9484, 94840282, 94840970, 282, 970
0, 9485, 94850282, 94852072, 282, 2072
0, 9486, 94860282, 94861244, 282, 1244
0, 9487, 94870282, 94870970, 282, 970
0, 9488, 94880282, 94880970, 282, 970
0, 9489, 94890282, 94891244, 282, 1244
0, 949, 9490282, 9490970, 282, 970
0, 9490, 94900282, 94900970, 282, 970
0, 9491, 94910282, 94910970, 282, 970
0, 9492, 94920282, 94922056, 282, 2056
0, 9493, 94930282, 94930970, 282, 970
0, 9494, 94940282, 94940970, 282, 970
0, 9495, 94950282, 94951244, 282, 1244
0, 9496, 94960282, 94962056, 282, 2056
0, 9497, 94970282, 94970970, 282, 970
0, 9498, 94980282, 94981244, 282, 1244
0, 9499, 94990282, 94990970, 282, 970
0, 95, 950282, 952213, 282, 2213
0, 950, 9500282, 9500970, 282, 970
0, 9500, 95000282, 95000970, 282, 970
0, 9501, 95010282, 95010970, 282, 970
0, 9502, 95020282, 95020970, 282, 970
0, 9503, 95030282, 95030970, 282, 970
0, 9504, 95040282, 95041669, 282, 1669
0, 9505, 95050282, 95050970, 282, 970
0, 9506, 95060282, 95062081, 282, 2081
0, 9507, 95070282, 95070970, 282, 970
0, 9508, 95080282, 95080970, 282, 970
0, 9509, 95090282, 95090970, 282, 970
0, 951, 9510282, 9510970, 282, 970
0, 9510, 95100282, 95101669, 282, 1669
0, 9511, 95110282, 95110970, 282, 970
0, 9512, 95120282, 95120970, 282, 970
0, 9513, 95130282, 95132081, 282, 2081
0, 9514, 95140282, 95141015, 282, 1015
0, 9515, 95150282, 95150970, 282, 970
0, 9516, 95160282, 95160970, 282, 970
0, 9517, 95170282, 95170970, 282, 970
0, 9518, 95180282, 95180970, 282, 970
0, 9519, 95190282, 95190970, 282, 970
0, 952, 9520282, 9524047, 282, 4047
0, 9520, 95200282, 95204047, 282, 4047
0, 9521, 95210282, 95211951, 282, 1951
0, 9522, 95220282, 95221244, 282, 1244
0, 9523, 95230282, 95230970, 282, 970
0, 9524, 95240282, 95240970, 282, 970
0, 9525, 95250282, 95250970, 282, 970
0, 9526, 95260282, 95260970, 282, 970
0, 9527, 95270282, 95270970, 282, 970
0, 9528, 95280282, 95281244, 282, 1244
0, 9529, 95290282, 95290970, 282, 970
0, 953, 9530282, 9532072, 282, 2072
0, 9530, 95300282, 95300970, 282, 970
0, 9531, 95310282, 95311244, 282, 1244
0, 9532, 95320282, 95320970, 282, 970
0, 9533, 95330282, 95330970, 282, 970
0, 9534, 95340282, 95342056, 282, 2056
0, 9535, 95350282, 95350970, 282, 970
0, 9536, 95360282, 95360970, 282, 970
0, 9537, 95370282, 95370970, 282, 970
0, 9538, 95380282, 95382056, 282, 2056
0, 9539, 95390282, 95390970, 282, 970
0, 954, 9540282, 9541244, 282, 1244
0, 9540, 95400282, 95401669, 282, 1669
0, 9541, 95410282, 95410970, 282, 970
0, 9542, 95420282, 95420970, 282, 970
0, 9543, 95430282, 95430970, 282, 970
0, 9544, 95440282, 95440970, 282, 970
0, 9545, 95450282, 95450970, 282, 970
0, 9546, 95460282, 95461244, 282, 1244
0, 9547, 95470282, 95470970, 282, 970
0, 9548, 95480282, 95482081, 282, 2081
0, 9549, 95490282, 95490970, 282, 970
0, 955, 9550282, 9550970, 282, 970
0, 9550, 95500282, 95500970, 282, 970
0, 9551, 95510282, 95510970, 282, 970
0, 9552, 95520282, 95521669, 282, 1669
0, 9553, 95530282, 95530970, 282, 970
0, 9554, 95540282, 95540970, 282, 970
0, 9555, 95550282, 95552081, 282, 2081
0, 9556, 95560282, 95560970, 282, 970
0, 9557, 95570282, 95570970, 282, 970
0, 9558, 95580282, 95580970, 282, 970
0, 9559, 95590282, 95590970, 282, 970
0, 956, 9560282, 9560970, 282, 970
0, 9560, 95600282, 95600970, 282, 970
0, 9561, 95610282, 95610970, 282, 970
0, 9562, 95620282, 95622056, 282, 2056
0, 9563, 95630282, 95630970, 282, 970
0, 9564, 95640282, 95641244, 282, 1244
0, 9565, 95650282, 95650970, 282, 970
0, 9566, 95660282, 95660970, 282, 970
0, 9567, 95670282, 95670970, 282, 970
0, 9568, 95680282, 95680970, 282, 970
0, 9569, 95690282, 95690970, 282, 970
0, 957, 9570282, 9570970, 282, 970
0, 9570, 95700282, 95701244, 282, 1244
0, 9571, 95710282, 95710970, 282, 970
0, 9572, 95720282, 95720970, 282, 970
0, 9573, 95730282, 95731244, 282, 1244
0, 9574, 95740282, 95740970, 282, 970
0, 9575, 95750282, 95750970, 282, 970
0, 9576, 95760282, 95762081, 282, 2081
0, 9577, 95770282, 95770970, 282, 970
0, 9578, 95780282, 95780970, 282, 970
0, 9579, 95790282, 95790970, 282, 970
0, 958, 9580282, 9580970, 282, 970
0, 9580, 95800282, 95802056, 282, 2056
0, 9581, 95810282, 95810970, 282, 970
0, 9582, 95820282, 95821244, 282, 1244
0, 9583, 95830282, 95831057, 282, 1057
0, 9584, 95840282, 95840970, 282, 970
0, 9585, 95850282, 95850970, 282, 970
0, 9586, 95860282, 95860970, 282, 970
0, 9587, 95870282, 95870970, 282, 970
0, 9588, 95880282, 95881244, 282, 1244
0, 9589, 95890282, 95890970, 282, 970
0, 959, 9590282, 9590970, 282, 970
0, 9590, 95900282, 95902081, 282, 2081
0, 9591, 95910282, 95910970, 282, 970
0, 9592, 95920282, 95920970, 282, 970
0, 9593, 95930282, 95930970, 282, 970
0, 9594, 95940282, 95941244, 282, 1244
0, 9595, 95950282, 95950970, 282, 970
0, 9596, 95960282, 95960970, 282, 970
0, 9597, 95970282, 95972081, 282, 2081
0, 9598, 95980282, 95981071, 282, 1071
0, 9599, 95990282, 95990970, 282, 970
0, 96, 960282, 961669, 282, 1669
0, 960, 9600282, 9601669, 282, 1669
0, 9600, 96000282, 96002056, 282, 2056
0, 9601, 96010282, 96010970, 282, 970
0, 9602, 96020282, 96020970, 282, 970
0, 9603, 96030282, 96030970, 282, 970
0, 9604, 96040282, 96042056, 282, 2056
0, 9605, 96050282, 96050970, 282, 970
0, 9606, 96060282, 96061244, 282, 1244
0, 9607, 96070282, 96070970, 282, 970
0, 9608, 96080282, 96082056, 282, 2056
0, 9609, 96090282, 96090970, 282, 970
0, 961, 9610282, 9610970, 282, 970
0, 9610, 96100282, 96100970, 282, 970
0, 9611, 96110282, 96110970, 282, 970
0, 9612, 96120282, 96120970, 282, 970
0, 9613, 96130282, 96130970, 282, 970
0, 9614, 96140282, 96140970, 282, 970
0, 9615, 96150282, 96151669, 282, 1669
0, 9616, 96160282, 96160970, 282, 970
0, 9617, 96170282, 96170970, 282, 970
0, 9618, 96180282, 96182056, 282, 2056
0, 9619, 96190282, 96190970, 282, 970
0, 962, 9620282, 9620970, 282, 970
0, 9620, 96200282, 96200970, 282, 970
0, 9621, 96210282, 96210970, 282, 970
0, 9622, 96220282, 96220970, 282, 970
0, 9623, 96230282, 96230970, 282, 970
0, 9624, 96240282, 96241669, 282, 1669
0, 9625, 96250282, 96252081, 282, 2081
0, 9626, 96260282, 96260970, 282, 970
0, 9627, 96270282, 96270970, 282, 970
0, 9628, 96280282, 96280970, 282, 970
0, 9629, 96290282, 96290970, 282, 970
0, 963, 9630282, 9631244, 282, 1244
0, 9630, 96300282, 96301244, 282, 1244
0, 9631, 96310282, 96310970, 282, 970
0, 9632, 96320282, 96324047, 282, 4047
0, 9633, 96330282, 96331669, 282, 1669
0, 9634, 96340282, 96340970, 282, 970
0, 9635, 96350282, 96350970, 282, 970
0, 9636, 96360282, 96361244, 282, 1244
0, 9637, 96370282, 96370970, 282, 970
0, 9638, 96380282, 96380970, 282, 970
0, 9639, 96390282, 96392081, 282, 2081
0, 964, 9640282, 9640970, 282, 970
0, 9640, 96400282, 96402056, 282, 2056
0, 9641, 96410282, 96410970, 282, 970
0, 9642, 96420282, 96421244, 282, 1244
0, 9643, 96430282, 96430970, 282, 970
0, 9644, 96440282, 96440970, 282, 970
0, 9645, 96450282, 96450970, 282, 970
0, 9646, 96460282, 96462056, 282, 2056
0, 9647, 96470282, 96470970, 282, 970
0, 9648, 96480282, 96481669, 282, 1669
0, 9649, 96490282, 96490970, 282, 970
0, 965, 9650282, 9650970, 282, 970
0, 9650, 96500282, 96502056, 282, 2056
0, 9651, 96510282, 96510970, 282, 970
0, 9652, 96520282, 96520970, 282, 970
0, 9653, 96530282, 96530970, 282, 970
0, 9654, 96540282, 96540970, 282, 970
0, 9655, 96550282, 96550970, 282, 970
0, 9656, 96560282, 96560970, 282, 970
0, 9657, 96570282, 96571244, 282, 1244
0, 9658, 96580282, 96580970, 282, 970
0, 9659, 96590282, 96590970, 282, 970
0, 966, 9660282, 9662056, 282, 2056
0, 9660, 96600282, 96602072, 282, 2072
0, 9661, 96610282, 96610970, 282, 970
0, 9662, 96620282, 96620970, 282, 970
0, 9663, 96630282, 96630970, 282, 970
0, 9664, 96640282, 96640970, 282, 970
0, 9665, 96650282, 96650970, 282, 970
0, 9666, 96660282, 96661244, 282, 1244
0, 9667, 96670282, 96672081, 282, 2081
0, 9668, 96680282, 96680970, 282, 970
0, 9669, 96690282, 96690970, 282, 970
0, 967, 9670282, 9670970, 282, 970
0, 9670, 96700282, 96700970, 282, 970
0, 9671, 96710282, 96710970, 282, 970
0, 9672, 96720282, 96721244, 282, 1244
0, 9673, 96730282, 96730970, 282, 970
0, 9674, 96740282, 96742081, 282, 2081
0, 9675, 96750282, 96751669, 282, 1669
0, 9676, 96760282, 96760970, 282, 970
0, 9677, 96770282, 96770970, 282, 970
0, 9678, 96780282, 96781244, 282, 1244
0, 9679, 96790282, 96790970, 282, 970
0, 968, 9680282, 9680970, 282, 970
0, 9680, 96800282, 96800970, 282, 970
0, 9681, 96810282, 96811669, 282, 1669
0, 9682, 96820282, 96820970, 282, 970
0, 9683, 96830282, 96830970, 282, 970
0, 9684, 96840282, 96841244, 282, 1244
0, 9685, 96850282, 96850970, 282, 970
0, 9686, 96860282, 96860970, 282, 970
0, 9687, 96870282, 96870970, 282, 970
0, 9688, 96880282, 96882081, 282, 2081
0, 9689, 96890282, 96890970, 282, 970
0, 969, 9690282, 9690970, 282, 970
0, 9690, 96900282, 96901669, 282, 1669
0, 9691, 96910282, 96910970, 282, 970
0, 9692, 96920282, 96920970, 282, 970
0, 9693, 96930282, 96930970, 282, 970
0, 9694, 96940282, 96940970, 282, 970
0, 9695, 96950282, 96952072, 282, 2072
0, 9696, 96960282, 96961244, 282, 1244
0, 9697, 96970282, 96970970, 282, 970
0, 9698, 96980282, 96980970, 282, 970
0, 9699, 96990282, 96991244, 282, 1244
0, 97, 970282, 970970, 282, 970
0, 970, 9700282, 9702056, 282, 2056
0, 9700, 97000282, 97000970, 282, 970
0, 9701, 97010282, 97010970, 282, 970
0, 9702, 97020282, 97022056, 282, 2056
0, 9703, 97030282, 97030970, 282, 970
0, 9704, 97040282, 97040970, 282, 970
0, 9705, 97050282, 97050970, 282, 970
0, 9706, 97060282, 97060970, 282, 970
0, 9707, 97070282, 97070970, 282, 970
0, 9708, 97080282, 97081244, 282, 1244
0, 9709, 97090282, 97092081, 282, 2081
0, 971, 9710282, 9710970, 282, 970
0, 9710, 97100282, 97100970, 282, 970
0, 9711, 97110282, 97110970, 282, 970
0, 9712, 97120282, 97120970, 282, 970
0, 9713, 97130282, 97130970, 282, 970
0, 9714, 97140282, 97140970, 282, 970
0, 9715, 97150282, 97150970, 282, 970
0, 9716, 97160282, 97162081, 282, 2081
0, 9717, 97170282, 97170970, 282, 970
0, 9718, 97180282, 97180970, 282, 970
0, 9719, 97190282, 97190970, 282, 970
0, 972, 9720282, 9721244, 282, 1244
0, 9720, 97200282, 97202056, 282, 2056
0, 9721, 97210282, 97210970, 282, 970
0, 9722, 97220282, 97220970, 282, 970
0, 9723, 97230282, 97231669, 282, 1669
0, 9724, 97240282, 97240970, 282, 970
0, 9725, 97250282, 97250970, 282, 970
0, 9726, 97260282, 97261244, 282, 1244
0, 9727, 97270282, 97270970, 282, 970
0, 9728, 97280282, 97280970, 282, 970
0, 9729, 97290282, 97290970, 282, 970
0, 973, 9730282, 9730970, 282, 970
0, 9730, 97300282, 97302072, 282, 2072
0, 9731, 97310282, 97310970, 282, 970
0, 9732, 97320282, 97320970, 282, 970
0, 9733, 97330282, 97330970, 282, 970
0, 9734, 97340282, 97340970, 282, 970
0, 9735, 97350282, 97351244, 282, 1244
0, 9736, 97360282, 97360970, 282, 970
0, 9737, 97370282, 97370970, 282, 970
0, 9738, 97380282, 97380970, 282, 970
0, 9739, 97390282, 97390970, 282, 970
0, 974, 9740282, 9740970, 282, 970
0, 9740, 97400282, 97400970, 282, 970
0, 9741, 97410282, 97411244, 282, 1244
0, 9742, 97420282, 97420970, 282, 970
0, 9743, 97430282, 97430970, 282, 970
0, 9744, 97440282, 97443135, 282, 3135
0, 9745, 97450282, 97450970, 282, 970
0, 9746, 97460282, 97460970, 282, 970
0, 9747, 97470282, 97470970, 282, 970
0, 9748, 97480282, 97480970, 282, 970
0, 9749, 97490282, 97490970, 282, 970
0, 975, 9750282, 9750970, 282, 970
0, 9750, 97500282, 97501669, 282, 1669
0, 9751, 97510282, 97512081, 282, 2081
0, 9752, 97520282, 97520970, 282, 970
0, 9753, 97530282, 97530970, 282, 970
0, 9754, 97540282, 97540970, 282, 970
0, 9755, 97550282, 97550970, 282, 970
0, 9756, 97560282, 97560970, 282, 970
0, 9757, 97570282, 97570970, 282, 970
0, 9758, 97580282, 97582081, 282, 2081
0, 9759, 97590282, 97590970, 282, 970
0, 976, 9760282, 9760970, 282, 970
0, 9760, 97600282, 97602056, 282, 2056
0, 9761, 97610282, 97610970, 282, 970
0, 9762, 97620282, 97621244, 282, 1244
0, 9763, 97630282, 97630970, 282, 970
0, 9764, 97640282, 97640970, 282, 970
0, 9765, 97650282, 97652072, 282, 2072
0, 9766, 97660282, 97660970, 282, 970
0, 9767, 97670282, 97670970, 282, 970
0, 9768, 97680282, 97681669, 282, 1669
0, 9769, 97690282, 97690970, 282, 970
0, 977, 9770282, 9770970, 282, 970
0, 9770, 97700282, 97700970, 282, 970
0, 9771, 97710282, 97710970, 282, 970
0, 9772, 97720282, 97722056, 282, 2056
0, 9773, 97730282, 97730970, 282, 970
0, 9774, 97740282, 97740970, 282, 970
0, 9775, 97750282, 97750970, 282, 970
0, 9776, 97760282, 97764741, 282, 4741
0, 9777, 97770282, 97770970, 282, 970
0, 9778, 97780282, 97780970, 282, 970
0, 9779, 97790282, 97790970, 282, 970
0, 978, 9780282, 9781244, 282, 1244
0, 9780, 97800282, 97801244, 282, 1244
0, 9781, 97810282, 97810970, 282, 970
0, 9782, 97820282, 97820970, 282, 970
0, 9783, 97830282, 97830970, 282, 970
0, 9784, 97840282, 97840970, 282, 970
0, 9785, 97850282, 97852072, 282, 2072
0, 9786, 97860282, 97862081, 282, 2081
0, 9787, 97870282, 97870970, 282, 970
0, 9788, 97880282, 97880970, 282, 970
0, 9789, 97890282, 97890970, 282, 970
0, 979, 9790282, 9790970, 282, 970
0, 9790, 97900282, 97900970, 282, 970
0, 9791, 97910282, 97910970, 282, 970
0, 9792, 97920282, 97921669, 282, 1669
0, 9793, 97930282, 97932081, 282, 2081
0, 9794, 97940282, 97942056, 282, 2056
0, 9795, 97950282, 97951244, 282, 1244
0, 9796, 97960282, 97960970, 282, 970
0, 9797, 97970282, 97970970, 282, 970
0, 9798, 97980282, 97980970, 282, 970
0, 9799, 97990282, 97990970, 282, 970
0, 98, 980282, 982056, 282, 2056
0, 980, 9800282, 9802081, 282, 2081
0, 9800, 98000282, 98002081, 282, 2081
0, 9801, 98010282, 98010970, 282, 970
0, 9802, 98020282, 98020970, 282, 970
0, 9803, 98030282, 98030970, 282, 970
0, 9804, 98040282, 98041244, 282, 1244
0, 9805, 98050282, 98050970, 282, 970
0, 9806, 98060282, 98060970, 282, 970
0, 9807, 98070282, 98071669, 282, 1669
0, 9808, 98080282, 98080970, 282, 970
0, 9809, 98090282, 98090970, 282, 970
0, 981, 9810282, 9810970, 282, 970
0, 9810, 98100282, 98101669, 282, 1669
0, 9811, 98110282, 98110970, 282, 970
0, 9812, 98120282, 98120970, 282, 970
0, 9813, 98130282, 98130970, 282, 970
0, 9814, 98140282, 98142056, 282, 2056
0, 9815, 98150282, 98150970, 282, 970
0, 9816, 98160282, 98161244, 282, 1244
0, 9817, 98170282, 98170970, 282, 970
0, 9818, 98180282, 98180970, 282, 970
0, 9819, 98190282, 98190970, 282, 970
0, 982, 9820282, 9820970, 282, 970
0, 9820, 98200282, 98200970, 282, 970
0, 9821, 98210282, 98211627, 282, 1627
0, 9822, 98220282, 98220970, 282, 970
0, 9823, 98230282, 98230970, 282, 970
0, 9824, 98240282, 98240970, 282, 970
0, 9825, 98250282, 98251244, 282, 1244
0, 9826, 98260282, 98260970, 282, 970
0, 9827, 98270282, 98270970, 282, 970
0, 9828, 98280282, 98282081, 282, 2081
0, 9829, 98290282, 98290970, 282, 970
0, 983, 9830282, 9830970, 282, 970
0, 9830, 98300282, 98300970, 282, 970
0, 9831, 98310282, 98310970, 282, 970
0, 9832, 98320282, 98320970, 282, 970
0, 9833, 98330282, 98330970, 282, 970
0, 9834, 98340282, 98340970, 282, 970
0, 9835, 98350282, 98352081, 282, 2081
0, 9836, 98360282, 98362056, 282, 2056
0, 9837, 98370282, 98370970, 282, 970
0, 9838, 98380282, 98380970, 282, 970
0, 9839, 98390282, 98390970, 282, 970
0, 984, 9840282, 9841669, 282, 1669
0, 9840, 98400282, 98401669, 282, 1669
0, 9841, 98410282, 98410970, 282, 970
0, 9842, 98420282, 98422056, 282, 2056
0, 9843, 98430282, 98430970, 282, 970
0, 9844, 98440282, 98440970, 282, 970
0, 9845, 98450282, 98450970, 282, 970
0, 9846, 98460282, 98461669, 282, 1669
0, 9847, 98470282, 98470970, 282, 970
0, 9848, 98480282, 98480970, 282, 970
0, 9849, 98490282, 98491669, 282, 1669
0, 985, 9850282, 9850970, 282, 970
0, 9850, 98500282, 98500970, 282, 970
0, 9851, 98510282, 98510970, 282, 970
0, 9852, 98520282, 98521244, 282, 1244
0, 9853, 98530282, 98530970, 282, 970
0, 9854, 98540282, 98540970, 282, 970
0, 9855, 98550282, 98551244, 282, 1244
0, 9856, 98560282, 98562081, 282, 2081
0, 9857, 98570282, 98570970, 282, 970
0, 9858, 98580282, 98580970, 282, 970
0, 9859, 98590282, 98590970, 282, 970
0, 986, 9860282, 9860970, 282, 970
0, 9860, 98600282, 98602056, 282, 2056
0, 9861, 98610282, 98610970, 282, 970
0, 9862, 98620282, 98620970, 282, 970
0, 9863, 98630282, 98632081, 282, 2081
0, 9864, 98640282, 98641244, 282, 1244
0, 9865, 98650282, 98650970, 282, 970
0, 9866, 98660282, 98660970, 282, 970
0, 9867, 98670282, 98670970, 282, 970
0, 9868, 98680282, 98680970, 282, 970
0, 9869, 98690282, 98690970, 282, 970
0, 987, 9870282, 9872081, 282, 2081
0, 9870, 98700282, 98702081, 282, 2081
0, 9871, 98710282, 98710970, 282, 970
0, 9872, 98720282, 98720970, 282, 970
0, 9873, 98730282, 98730970, 282, 970
0, 9874, 98740282, 98740970, 282, 970
0, 9875, 98750282, 98750970, 282, 970
0, 9876, 98760282, 98760970, 282, 970
0, 9877, 98770282, 98772081, 282, 2081
0, 9878, 98780282, 98780970, 282, 970
0, 9879, 98790282, 98790970, 282, 970
0, 988, 9880282, 9880970, 282, 970
0, 9880, 98800282, 98802056, 282, 2056
0, 9881, 98810282, 98810970, 282, 970
0, 9882, 98820282, 98820970, 282, 970
0, 9883, 98830282, 98830970, 282, 970
0, 9884, 98840282, 98842056, 282, 2056
0, 9885, 98850282, 98850970, 282, 970
0, 9886, 98860282, 98860970, 282, 970
0, 9887, 98870282, 98870970, 282, 970
0, 9888, 98880282, 98882056, 282, 2056
0, 9889, 98890282, 98890970, 282, 970
0, 989, 9890282, 9890970, 282, 970
0, 9890, 98900282, 98900970, 282, 970
0, 9891, 98910282, 98911669, 282, 1669
0, 9892, 98920282, 98920970, 282, 970
0, 9893, 98930282, 98930970, 282, 970
0, 9894, 98940282, 98941244, 282, 1244
0, 9895, 98950282, 98950970, 282, 970
0, 9896, 98960282, 98960970, 282, 970
0, 9897, 98970282, 98970970, 282, 970
0, 9898, 98980282, 98982056, 282, 2056
0, 9899, 98990282, 98990970, 282, 970
0, 99, 990282, 990970, 282, 970
0, 990, 9900282, 9901244, 282, 1244
0, 9900, 99000282, 99001244, 282, 1244
0, 9901, 99010282, 99010970, 282, 970
0, 9902, 99020282, 99020970, 282, 970
0, 9903, 99030282, 99030970, 282, 970
0, 9904, 99040282, 99040970, 282, 970
0, 9905, 99050282, 99052417, 282, 2417
0, 9906, 99060282, 99061244, 282, 1244
0, 9907, 99070282, 99070970, 282, 970
0, 9908, 99080282, 99080970, 282, 970
0, 9909, 99090282, 99090970, 282, 970
0, 991, 9910282, 9910970, 282, 970
0, 9910, 99100282, 99100970, 282, 970
0, 9911, 99110282, 99110970, 282, 970
0, 9912, 99120282, 99124047, 282, 4047
0, 9913, 99130282, 99132072, 282, 2072
0, 9914, 99140282, 99140970, 282, 970
0, 9915, 99150282, 99150970, 282, 970
0, 9916, 99160282, 99160970, 282, 970
0, 9917, 99170282, 99170970, 282, 970
0, 9918, 99180282, 99180970, 282, 970
0, 9919, 99190282, 99190970, 282, 970
0, 992, 9920282, 9920970, 282, 970
0, 9920, 99200282, 99202056, 282, 2056
0, 9921, 99210282, 99211244, 282, 1244
0, 9922, 99220282, 99220970, 282, 970
0, 9923, 99230282, 99230970, 282, 970
0, 9924, 99240282, 99240970, 282, 970
0, 9925, 99250282, 99250970, 282, 970
0, 9926, 99260282, 99262056, 282, 2056
0, 9927, 99270282, 99270970, 282, 970
0, 9928, 99280282, 99280970, 282, 970
0, 9929, 99290282, 99290970, 282, 970
0, 993, 9930282, 9930970, 282, 970
0, 9930, 99300282, 99302056, 282, 2056
0, 9931, 99310282, 99310970, 282, 970
0, 9932, 99320282, 99320970, 282, 970
0, 9933, 99330282, 99331669, 282, 1669
0, 9934, 99340282, 99340970, 282, 970
0, 9935, 99350282, 99350970, 282, 970
0, 9936, 99360282, 99361244, 282, 1244
0, 9937, 99370282, 99370970, 282, 970
0, 9938, 99380282, 99380970, 282, 970
0, 9939, 99390282, 99390970, 282, 970
0, 994, 9940282, 9942056, 282, 2056
0, 9940, 99400282, 99402072, 282, 2072
0, 9941, 99410282, 99410970, 282, 970
0, 9942, 99420282, 99420970, 282, 970
0, 9943, 99430282, 99430970, 282, 970
0, 9944, 99440282, 99440970, 282, 970
0, 9945, 99450282, 99451244, 282, 1244
0, 9946, 99460282, 99460970, 282, 970
0, 9947, 99470282, 99472081, 282, 2081
0, 9948, 99480282, 99481244, 282, 1244
0, 9949, 99490282, 99490970, 282, 970
0, 995, 9950282, 9950970, 282, 970
0, 9950, 99500282, 99500970, 282, 970
0, 9951, 99510282, 99510970, 282, 970
0, 9952, 99520282, 99520970, 282, 970
0, 9953, 99530282, 99530970, 282, 970
0, 9954, 99540282, 99542081, 282, 2081
0, 9955, 99550282, 99551476, 282, 1476
0, 9956, 99560282, 99560970, 282, 970
0, 9957, 99570282, 99570970, 282, 970
0, 9958, 99580282, 99580970, 282, 970
0, 9959, 99590282, 99590970, 282, 970
0, 996, 9960282, 9961244, 282, 1244
0, 9960, 99600282, 99601669, 282, 1669
0, 9961, 99610282, 99610970, 282, 970
0, 9962, 99620282, 99620970, 282, 970
0, 9963, 99630282, 99630970, 282, 970
0, 9964, 99640282, 99640970, 282, 970
0, 9965, 99650282, 99650970, 282, 970
0, 9966, 99660282, 99660970, 282, 970
0, 9967, 99670282, 99670970, 282, 970
0, 9968, 99680282, 99682081, 282, 2081
0, 9969, 99690282, 99690970, 282, 970
0, 997, 9970282, 9970970, 282, 970
0, 9970, 99700282, 99700970, 282, 970
0, 9971, 99710282, 99710970, 282, 970
0, 9972, 99720282, 99721669, 282, 1669
0, 9973, 99730282, 99730970, 282, 970
0, 9974, 99740282, 99740970, 282, 970
0, 9975, 99750282, 99752072, 282, 2072
0, 9976, 99760282, 99760970, 282, 970
0, 9977, 99770282, 99770970, 282, 970
0, 9978, 99780282, 99780970, 282, 970
0, 9979, 99790282, 99790970, 282, 970
0, 998, 9980282, 9980970, 282, 970
0, 9980, 99800282, 99800970, 282, 970
0, 9981, 99810282, 99810970, 282, 970
0, 9982, 99820282, 99822081, 282, 2081
0, 9983, 99830282, 99830970, 282, 970
0, 9984, 99840282, 99841244, 282, 1244
0, 9985, 99850282, 99850970, 282, 970
0, 9986, 99860282, 99860970, 282, 970
0, 9987, 99870282, 99870970, 282, 970
0, 9988, 99880282, 99880970, 282, 970
0, 9989, 99890282, 99892081, 282, 2081
0, 999, 9990282, 9990970, 282, 970
0, 9990, 99900282, 99901669, 282, 1669
0, 9991, 99910282, 99910970, 282, 970
0, 9992, 99920282, 99920970, 282, 970
0, 9993, 99930282, 99930970, 282, 970
0, 9994, 99940282, 99940970, 282, 970
0, 9995, 99950282, 99950970, 282, 970
0, 9996, 99960282, 99962081, 282, 2081
0, 9997, 99970282, 99970970, 282, 970
0, 9998, 99980282, 99980970, 282, 970
0, 9999, 99990282, 99990970, 282, 970
1, 0, 165, 4572, 165, 4572
1, 1, 15165, 16025, 165, 1025
1, 10, 150165, 151025, 165, 1025
1, 100, 1500165, 1501495, 165, 1495
1, 1000, 15000165, 15001495, 165, 1495
1, 1001, 15015165, 15016025, 165, 1025
1, 1002, 15030165, 15031025, 165, 1025
1, 1003, 15045165, 15046025, 165, 1025
1, 1004, 15060165, 15061495, 165, 1495
1, 1005, 15075165, 15076025, 165, 1025
1, 1006, 15090165, 15091025, 165, 1025
1, 1007, 15105165, 15106025, 165, 1025
1, 1008, 15120165, 15122606, 165, 2606
1, 1009, 15135165, 15136025, 165, 1025
1, 101, 1515165, 1516025, 165, 1025
1, 1010, 15150165, 15151495, 165, 1495
1, 1011, 15165165, 15166025, 165, 1025
1, 1012, 15180165, 15181025, 165, 1025
1, 1013, 15195165, 15196025, 165, 1025
1, 1014, 15210165, 15211025, 165, 1025
1, 1015, 15225165, 15226724, 165, 1724
1, 1016, 15240165, 15241495, 165, 1495
1, 1017, 15255165, 15256025, 165, 1025
1, 1018, 15270165, 15271025, 165, 1025
1, 1019, 15285165, 15286025, 165, 1025
1, 102, 1530165, 1531025, 165, 1025
1, 1020, 15300165, 15303324, 165, 3324
1, 1021, 15315165, 15316025, 165, 1025
1, 1022, 15330165, 15333318, 165, 3318
1, 1023, 15345165, 15346025, 165, 1025
1, 1024, 15360165, 15361495, 165, 1495
1, 1025, 15375165, 15376025, 165, 1025
1, 1026, 15390165, 15391025, 165, 1025
1, 1027, 15405165, 15407136, 165, 2136
1, 1028, 15420165, 15421495, 165, 1495
1, 1029, 15435165, 15436025, 165, 1025
1, 103, 1545165, 1549627, 165, 4627
1, 1030, 15450165, 15451025, 165, 1025
1, 1031, 15465165, 15466025, 165, 1025
1, 1032, 15480165, 15481495, 165, 1495
1, 1033, 15495165, 15496025, 165, 1025
1, 1034, 15510165, 15511025, 165, 1025
1, 1035, 15525165, 15526025, 165, 1025
1, 1036, 15540165, 15543444, 165, 3444
1, 1037, 15555165, 15556025, 165, 1025
1, 1038, 15570165, 15571025, 165, 1025
1, 1039, 15585165, 15586025, 165, 1025
1, 104, 1560165, 1561495, 165, 1495
1, 1040, 15600165, 15602843, 165, 2843
1, 1041, 15615165, 15616025, 165, 1025
1, 1042, 15630165, 15631025, 165, 1025
1, 1043, 15645165, 15646025, 165, 1025
1, 1044, 15660165, 15661495, 165, 1495
1, 1045, 15675165, 15676025, 165, 1025
1, 1046, 15690165, 15691025, 165, 1025
1, 1047, 15705165, 15706025, 165, 1025
1, 1048, 15720165, 15721495, 165, 1495
1, 1049, 15735165, 15736025, 165, 1025
1, 105, 1575165, 1576025, 165, 1025
1, 1050, 15750165, 15752606, 165, 2606
1, 1051, 15765165, 15766025, 165, 1025
1, 1052, 15780165, 15781025, 165, 1025
1, 1053, 15795165, 15796025, 165, 1025
1, 1054, 15810165, 15811025, 165, 1025
1, 1055, 15825165, 15829627, 165, 4627
1, 1056, 15840165, 15842851, 165, 2851
1, 1057, 15855165, 15856025, 165, 1025
1, 1058, 15870165, 15871025, 165, 1025
1, 1059, 15885165, 15886025, 165, 1025
1, 106, 1590165, 1591025, 165, 1025
1, 1060, 15900165, 15902843, 165, 2843
1, 1061, 15915165, 15916025, 165, 1025
1, 1062, 15930165, 15931025, 165, 1025
1, 1063, 15945165, 15946025, 165, 1025
1, 1064, 15960165, 15963444, 165, 3444
1, 1065, 15975165, 15976025, 165, 1025
1, 1066, 15990165, 15991025, 165, 1025
1, 1067, 16005165, 16006493, 165, 1493
1, 1068, 16020165, 16021025, 165, 1025
1, 1069, 16035165, 16036025, 165, 1025
1, 107, 1605165, 1606025, 165, 1025
1, 1070, 16050165, 16051025, 165, 1025
1, 1071, 16065165, 16066025, 165, 1025
1, 1072, 16080165, 16082851, 165, 2851
1, 1073, 16095165, 16096025, 165, 1025
1, 1074, 16110165, 16111025, 165, 1025
1, 1075, 16125165, 16126025, 165, 1025
1, 1076, 16140165, 16141495, 165, 1495
1, 1077, 16155165, 16156025, 165, 1025
1, 1078, 16170165, 16173256, 165, 3256
1, 1079, 16185165, 16186025, 165, 1025
1, 108, 1620165, 1621495, 165, 1495
1, 1080, 16200165, 16201495, 165, 1495
1, 1081, 16215165, 16216025, 165, 1025
1, 1082, 16230165, 16231025, 165, 1025
1, 1083, 16245165, 16250086, 165, 5086
1, 1084, 16260165, 16261495, 165, 1495
1, 1085, 16275165, 16276025, 165, 1025
1, 1086, 16290165, 16291025, 165, 1025
1, 1087, 16305165, 16306025, 165, 1025
1, 1088, 16320165, 16322851, 165, 2851
1, 1089, 16335165, 16336025, 165, 1025
1, 109, 1635165, 1636025, 165, 1025
1, 1090, 16350165, 16352801, 165, 2801
1, 1091, 16365165, 16366025, 165, 1025
1, 1092, 16380165, 16383444, 165, 3444
1, 1093, 16395165, 16396025, 165, 1025
1, 1094, 16410165, 16411025, 165, 1025
1, 1095, 16425165, 16426025, 165, 1025
1, 1096, 16440165, 16441263, 165, 1263
1, 1097, 16455165, 16456025, 165, 1025
1, 1098, 16470165, 16471025, 165, 1025
1, 1099, 16485165, 16486025, 165, 1025
1, 11, 165165, 166025, 165, 1025
1, 110, 1650165, 1651495, 165, 1495
1, 1100, 16500165, 16502843, 165, 2843
1, 1101, 16515165, 16516025, 165, 1025
1, 1102, 16530165, 16531025, 165, 1025
1, 1103, 16545165, 16546025, 165, 1025
1, 1104, 16560165, 16562829, 165, 2829
1, 1105, 16575165, 16576025, 165, 1025
1, 1106, 16590165, 16592606, 165, 2606
1, 1107, 16605165, 16606025, 165, 1025
1, 1108, 16620165, 16621025, 165, 1025
1, 1109, 16635165, 16636025, 165, 1025
1, 111, 1665165, 1666025, 165, 1025
1, 1110, 16650165, 16651025, 165, 1025
1, 1111, 16665165, 16666025, 165, 1025
1, 1112, 16680165, 16681495, 165, 1495
1, 1113, 16695165, 16696025, 165, 1025
1, 1114, 16710165, 16711025, 165, 1025
1, 1115, 16725165, 16726025, 165, 1025
1, 1116, 16740165, 16741025, 165, 1025
1, 1117, 16755165, 16756025, 165, 1025
1, 1118, 16770165, 16771495, 165, 1495
1, 1119, 16785165, 16786025, 165, 1025
1, 112, 1680165, 1682606, 165, 2606
1, 1120, 16800165, 16802606, 165, 2606
1, 1121, 16815165, 16816025, 165, 1025
1, 1122, 16830165, 16831025, 165, 1025
1, 1123, 16845165, 16846025, 165, 1025
1, 1124, 16860165, 16861495, 165, 1495
1, 1125, 16875165, 16876724, 165, 1724
1, 1126, 16890165, 16891025, 165, 1025
1, 1127, 16905165, 16906025, 165, 1025
1, 1128, 16920165, 16921495, 165, 1495
1, 1129, 16935165, 16936025, 165, 1025
1, 113, 1695165, 1696025, 165, 1025
1, 1130, 16950165, 16951025, 165, 1025
1, 1131, 16965165, 16966025, 165, 1025
1, 1132, 16980165, 16981495, 165, 1495
1, 1133, 16995165, 16996025, 165, 1025
1, 1134, 17010165, 17012606, 165, 2606
1, 1135, 17025165, 17026025, 165, 1025
1, 1136, 17040165, 17041495, 165, 1495
1, 1137, 17055165, 17056025, 165, 1025
1, 1138, 17070165, 17071025, 165, 1025
1, 1139, 17085165, 17086724, 165, 1724
1, 114, 1710165, 1711025, 165, 1025
1, 1140, 17100165, 17102843, 165, 2843
1, 1141, 17115165, 17116025, 165, 1025
1, 1142, 17130165, 17131025, 165, 1025
1, 1143, 17145165, 17146025, 165, 1025
1, 1144, 17160165, 17161025, 165, 1025
1, 1145, 17175165, 17176025, 165, 1025
1, 1146, 17190165, 17191495, 165, 1495
1, 1147, 17205165, 17206025, 165, 1025
1, 1148, 17220165, 17223444, 165, 3444
1, 1149, 17235165, 17236025, 165, 1025
1, 115, 1725165, 1726025, 165, 1025
1, 1150, 17250165, 17251025, 165, 1025
1, 1151, 17265165, 17266291, 165, 1291
1, 1152, 17280165, 17282851, 165, 2851
1, 1153, 17295165, 17296025, 165, 1025
1, 1154, 17310165, 17311025, 165, 1025
1, 1155, 17325165, 17326025, 165, 1025
1, 1156, 17340165, 17341495, 165, 1495
1, 1157, 17355165, 17356025, 165, 1025
1, 1158, 17370165, 17371025, 165, 1025
1, 1159, 17385165, 17386025, 165, 1025
1, 116, 1740165, 1741025, 165, 1025
1, 1160, 17400165, 17402828, 165, 2828
1, 1161, 17415165, 17416025, 165, 1025
1, 1162, 17430165, 17432606, 165, 2606
1, 1163, 17445165, 17446025, 165, 1025
1, 1164, 17460165, 17461495, 165, 1495
1, 1165, 17475165, 17476025, 165, 1025
1, 1166, 17490165, 17491025, 165, 1025
1, 1167, 17505165, 17506025, 165, 1025
1, 1168, 17520165, 17522851, 165, 2851
1, 1169, 17535165, 17536025, 165, 1025
1, 117, 1755165, 1756025, 165, 1025
1, 1170, 17550165, 17551025, 165, 1025
1, 1171, 17565165, 17566025, 165, 1025
1, 1172, 17580165, 17581025, 165, 1025
1, 1173, 17595165, 17596025, 165, 1025
1, 1174, 17610165, 17612068, 165, 2068
1, 1175, 17625165, 17626025, 165, 1025
1, 1176, 17640165, 17643444, 165, 3444
1, 1177, 17655165, 17656025, 165, 1025
1, 1178, 17670165, 17671025, 165, 1025
1, 1179, 17685165, 17686025, 165, 1025
1, 118, 1770165, 1771025, 165, 1025
1, 1180, 17700165, 17702843, 165, 2843
1, 1181, 17715165, 17716025, 165, 1025
1, 1182, 17730165, 17731025, 165, 1025
1, 1183, 17745165, 17746025, 165, 1025
1, 1184, 17760165, 17761495, 165, 1495
1, 1185, 17775165, 17776025, 165, 1025
1, 1186, 17790165, 17791286, 165, 1286
1, 1187, 17805165, 17806025, 165, 1025
1, 1188, 17820165, 17821495, 165, 1495
1, 1189, 17835165, 17836025, 165, 1025
1, 119, 1785165, 1786025, 165, 1025
1, 1190, 17850165, 17852606, 165, 2606
1, 1191, 17865165, 17866025, 165, 1025
1, 1192, 17880165, 17881290, 165, 1290
1, 1193, 17895165, 17896025, 165, 1025
1, 1194, 17910165, 17911025, 165, 1025
1, 1195, 17925165, 17927127, 165, 2127
1, 1196, 17940165, 17941495, 165, 1495
1, 1197, 17955165, 17956025, 165, 1025
1, 1198, 17970165, 17971025, 165, 1025
1, 1199, 17985165, 17986025, 165, 1025
1, 12, 180165, 183271, 165, 3271
1, 120, 1800165, 1802843, 165, 2843
1, 1200, 18000165, 18002843, 165, 2843
1, 1201, 18015165, 18016025, 165, 1025
1, 1202, 18030165, 18032798, 165, 2798
1, 1203, 18045165, 18046025, 165, 1025
1, 1204, 18060165, 18063444, 165, 3444
1, 1205, 18075165, 18076025, 165, 1025
1, 1206, 18090165, 18091025, 165, 1025
1, 1207, 18105165, 18106025, 165, 1025
1, 1208, 18120165, 18121495, 165, 1495
1, 1209, 18135165, 18136025, 165, 1025
1, 121, 1815165, 1816025, 165, 1025
1, 1210, 18150165, 18151025, 165, 1025
1, 1211, 18165165, 18166025, 165, 1025
1, 1212, 18180165, 18181025, 165, 1025
1, 1213, 18195165, 18196025, 165, 1025
1, 1214, 18210165, 18212097, 165, 2097
1, 1215, 18225165, 18226025, 165, 1025
1, 1216, 18240165, 18242829, 165, 2829
1, 1217, 18255165, 18256025, 165, 1025
1, 1218, 18270165, 18272864, 165, 2864
1, 1219, 18285165, 18286763, 165, 1763
1, 122, 1830165, 1831025, 165, 1025
1, 1220, 18300165, 18302843, 165, 2843
1, 1221, 18315165, 18316025, 165, 1025
1, 1222, 18330165, 18331025, 165, 1025
1, 1223, 18345165, 18346025, 165, 1025
1, 1224, 18360165, 18361495, 165, 1495
1, 1225, 18375165, 18376724, 165, 1724
1, 1226, 18390165, 18391025, 165, 1025
1, 1227, 18405165, 18406025, 165, 1025
1, 1228, 18420165, 18421025, 165, 1025
1, 1229, 18435165, 18436025, 165, 1025
1, 123, 1845165, 1846025, 165, 1025
1, 1230, 18450165, 18452834, 165, 2834
1, 1231, 18465165, 18466025, 165, 1025
1, 1232, 18480165, 18482606, 165, 2606
1, 1233, 18495165, 18496025, 165, 1025
1, 1234, 18510165, 18511025, 165, 1025
1, 1235, 18525165, 18526025, 165, 1025
1, 1236, 18540165, 18541495, 165, 1495
1, 1237, 18555165, 18556025, 165, 1025
1, 1238, 18570165, 18571025, 165, 1025
1, 1239, 18585165, 18586025, 165, 1025
1, 124, 1860165, 1861495, 165, 1495
1, 1240, 18600165, 18601495, 165, 1495
1, 1241, 18615165, 18616025, 165, 1025
1, 1242, 18630165, 18631025, 165, 1025
1, 1243, 18645165, 18646025, 165, 1025
1, 1244, 18660165, 18661495, 165, 1495
1, 1245, 18675165, 18676025, 165, 1025
1, 1246, 18690165, 18692864, 165, 2864
1, 1247, 18705165, 18706025, 165, 1025
1, 1248, 18720165, 18722851, 165, 2851
1, 1249, 18735165, 18736025, 165, 1025
1, 125, 1875165, 1876025, 165, 1025
1, 1250, 18750165, 18751025, 165, 1025
1, 1251, 18765165, 18766025, 165, 1025
1, 1252, 18780165, 18781025, 165, 1025
1, 1253, 18795165, 18796025, 165, 1025
1, 1254, 18810165, 18811495, 165, 1495
1, 1255, 18825165, 18826025, 165, 1025
1, 1256, 18840165, 18841025, 165, 1025
1, 1257, 18855165, 18856025, 165, 1025
1, 1258, 18870165, 18871495, 165, 1495
1, 1259, 18885165, 18889336, 165, 4336
1, 126, 1890165, 1892606, 165, 2606
1, 1260, 18900165, 18902606, 165, 2606
1, 1261, 18915165, 18916025, 165, 1025
1, 1262, 18930165, 18931025, 165, 1025
1, 1263, 18945165, 18946025, 165, 1025
1, 1264, 18960165, 18962851, 165, 2851
1, 1265, 18975165, 18979885, 165, 4885
1, 1266, 18990165, 18991025, 165, 1025
1, 1267, 19005165, 19006025, 165, 1025
1, 1268, 19020165, 19021025, 165, 1025
1, 1269, 19035165, 19036025, 165, 1025
1, 127, 1905165, 1906025, 165, 1025
1, 1270, 19050165, 19051495, 165, 1495
1, 1271, 19065165, 19066025, 165, 1025
1, 1272, 19080165, 19081495, 165, 1495
1, 1273, 19095165, 19096025, 165, 1025
1, 1274, 19110165, 19112864, 165, 2864
1, 1275, 19125165, 19126724, 165, 1724
1, 1276, 19140165, 19141495, 165, 1495
1, 1277, 19155165, 19156025, 165, 1025
1, 1278, 19170165, 19171025, 165, 1025
1, 1279, 19185165, 19186025, 165, 1025
1, 128, 1920165, 1921495, 165, 1495
1, 1280, 19200165, 19202843, 165, 2843
1, 1281, 19215165, 19216025, 165, 1025
1, 1282, 19230165, 19231025, 165, 1025
1, 1283, 19245165, 19246025, 165, 1025
1, 1284, 19260165, 19261025, 165, 1025
1, 1285, 19275165, 19276025, 165, 1025
1, 1286, 19290165, 19291025, 165, 1025
1, 1287, 19305165, 19306025, 165, 1025
1, 1288, 19320165, 19322606, 165, 2606
1, 1289, 19335165, 19336025, 165, 1025
1, 129, 1935165, 1936025, 165, 1025
1, 1290, 19350165, 19351025, 165, 1025
1, 1291, 19365165, 19366025, 165, 1025
1, 1292, 19380165, 19381495, 165, 1495
1, 1293, 19395165, 19396222, 165, 1222
1, 1294, 19410165, 19411025, 165, 1025
1, 1295, 19425165, 19426025, 165, 1025
1, 1296, 19440165, 19441495, 165, 1495
1, 1297, 19455165, 19456025, 165, 1025
1, 1298, 19470165, 19471025, 165, 1025
1, 1299, 19485165, 19486025, 165, 1025
1, 13, 195165, 196025, 165, 1025
1, 130, 1950165, 1951025, 165, 1025
1, 1300, 19500165, 19502828, 165, 2828
1, 1301, 19515165, 19516025, 165, 1025
1, 1302, 19530165, 19532864, 165, 2864
1, 1303, 19545165, 19546025, 165, 1025
1, 1304, 19560165, 19561495, 165, 1495
1, 1305, 19575165, 19576025, 165, 1025
1, 1306, 19590165, 19591025, 165, 1025
1, 1307, 19605165, 19608348, 165, 3348
1, 1308, 19620165, 19621025, 165, 1025
1, 1309, 19635165, 19636025, 165, 1025
1, 131, 1965165, 1971183, 165, 6183
1, 1310, 19650165, 19651495, 165, 1495
1, 1311, 19665165, 19666025, 165, 1025
1, 1312, 19680165, 19681495, 165, 1495
1, 1313, 19695165, 19696025, 165, 1025
1, 1314, 19710165, 19711025, 165, 1025
1, 1315, 19725165, 19726025, 165, 1025
1, 1316, 19740165, 19742606, 165, 2606
1, 1317, 19755165, 19756025, 165, 1025
1, 1318, 19770165, 19771025, 165, 1025
1, 1319, 19785165, 19786025, 165, 1025
1, 132, 1980165, 1981495, 165, 1495
1, 1320, 19800165, 19801495, 165, 1495
1, 1321, 19815165, 19821183, 165, 6183
1, 1322, 19830165, 19831025, 165, 1025
1, 1323, 19845165, 19846025, 165, 1025
1, 1324, 19860165, 19861025, 165, 1025
1, 1325, 19875165, 19876025, 165, 1025
1, 1326, 19890165, 19891025, 165, 1025
1, 1327, 19905165, 19906266, 165, 1266
1, 1328, 19920165, 19923393, 165, 3393
1, 1329, 19935165, 19936025, 165, 1025
1, 133, 1995165, 1996025, 165, 1025
1, 1330, 19950165, 19953468, 165, 3468
1, 1331, 19965165, 19966025, 165, 1025
1, 1332, 19980165, 19981495, 165, 1495
1, 1333, 19995165, 19996025, 165, 1025
1, 1334, 20010165, 20011025, 165, 1025
1, 1335, 20025165, 20026724, 165, 1724
1, 1336, 20040165, 20041025, 165, 1025
1, 1337, 20055165, 20056025, 165, 1025
1, 1338, 20070165, 20071025, 165, 1025
1, 1339, 20085165, 20086025, 165, 1025
1, 134, 2010165, 2011025, 165, 1025
1, 1340, 20100165, 20101495, 165, 1495
1, 1341, 20115165, 20116025, 165, 1025
1, 1342, 20130165, 20131025, 165, 1025
1, 1343, 20145165, 20146025, 165, 1025
1, 1344, 20160165, 20164572, 165, 4572
1, 1345, 20175165, 20176025, 165, 1025
1, 1346, 20190165, 20191025, 165, 1025
1, 1347, 20205165, 20206025, 165, 1025
1, 1348, 20220165, 20221025, 165, 1025
1, 1349, 20235165, 20236025, 165, 1025
1, 135, 2025165, 2026025, 165, 1025
1, 1350, 20250165, 20252859, 165, 2859
1, 1351, 20265165, 20266025, 165, 1025
1, 1352, 20280165, 20281025, 165, 1025
1, 1353, 20295165, 20296025, 165, 1025
1, 1354, 20310165, 20311025, 165, 1025
1, 1355, 20325165, 20331552, 165, 6552
1, 1356, 20340165, 20342829, 165, 2829
1, 1357, 20355165, 20356025, 165, 1025
1, 1358, 20370165, 20372864, 165, 2864
1, 1359, 20385165, 20386025, 165, 1025
1, 136, 2040165, 2041495, 165, 1495
1, 1360, 20400165, 20403440, 165, 3440
1, 1361, 20415165, 20416025, 165, 1025
1, 1362, 20430165, 20431025, 165, 1025
1, 1363, 20445165, 20446025, 165, 1025
1, 1364, 20460165, 20461025, 165, 1025
1, 1365, 20475165, 20476025, 165, 1025
1, 1366, 20490165, 20491025, 165, 1025
1, 1367, 20505165, 20506025, 165, 1025
1, 1368, 20520165, 20521025, 165, 1025
1, 1369, 20535165, 20536025, 165, 1025
1, 137, 2055165, 2056025, 165, 1025
1, 1370, 20550165, 20551495, 165, 1495
1, 1371, 20565165, 20566025, 165, 1025
1, 1372, 20580165, 20582606, 165, 2606
1, 1373, 20595165, 20596025, 165, 1025
1, 1374, 20610165, 20611025, 165, 1025
1, 1375, 20625165, 20626025, 165, 1025
1, 1376, 20640165, 20641495, 165, 1495
1, 1377, 20655165, 20656724, 165, 1724
1, 1378, 20670165, 20671025, 165, 1025
1, 1379, 20685165, 20686025, 165, 1025
1, 138, 2070165, 2071495, 165, 1495
1, 1380, 20700165, 20701495, 165, 1495
1, 1381, 20715165, 20716025, 165, 1025
1, 1382, 20730165, 20731025, 165, 1025
1, 1383, 20745165, 20746025, 165, 1025
1, 1384, 20760165, 20762829, 165, 2829
1, 1385, 20775165, 20776025, 165, 1025
1, 1386, 20790165, 20792864, 165, 2864
1, 1387, 20805165, 20806025, 165, 1025
1, 1388, 20820165, 20821025, 165, 1025
1, 1389, 20835165, 20836025, 165, 1025
1, 139, 2085165, 2086025, 165, 1025
1, 1390, 20850165, 20851495, 165, 1495
1, 1391, 20865165, 20866025, 165, 1025
1, 1392, 20880165, 20881495, 165, 1495
1, 1393, 20895165, 20896025, 165, 1025
1, 1394, 20910165, 20911025, 165, 1025
1, 1395, 20925165, 20926025, 165, 1025
1, 1396, 20940165, 20941495, 165, 1495
1, 1397, 20955165, 20956025, 165, 1025
1, 1398, 20970165, 20971025, 165, 1025
1, 1399, 20985165, 20986025, 165, 1025
1, 14, 210165, 212864, 165, 2864
1, 140, 2100165, 2103468, 165, 3468
1, 1400, 21000165, 21002606, 165, 2606
1, 1401, 21015165, 21016025, 165, 1025
1, 1402, 21030165, 21031025, 165, 1025
1, 1403, 21045165, 21046025, 165, 1025
1, 1404, 21060165, 21061025, 165, 1025
1, 1405, 21075165, 21076724, 165, 1724
1, 1406, 21090165, 21091025, 165, 1025
1, 1407, 21105165, 21106025, 165, 1025
1, 1408, 21120165, 21121495, 165, 1495
1, 1409, 21135165, 21136025, 165, 1025
1, 141, 2115165, 2116025, 165, 1025
1, 1410, 21150165, 21151025, 165, 1025
1, 1411, 21165165, 21166025, 165, 1025
1, 1412, 21180165, 21182851, 165, 2851
1, 1413, 21195165, 21196025, 165, 1025
1, 1414, 21210165, 21212864, 165, 2864
1, 1415, 21225165, 21226025, 165, 1025
1, 1416, 21240165, 21241025, 165, 1025
1, 1417, 21255165, 21256025, 165, 1025
1, 1418, 21270165, 21271025, 165, 1025
1, 1419, 21285165, 21288325, 165, 3325
1, 142, 2130165, 2131025, 165, 1025
1, 1420, 21300165, 21301495, 165, 1495
1, 1421, 21315165, 21316025, 165, 1025
1, 1422, 21330165, 21331025, 165, 1025
1, 1423, 21345165, 21346025, 165, 1025
1, 1424, 21360165, 21362851, 165, 2851
1, 1425, 21375165, 21376025, 165, 1025
1, 1426, 21390165, 21391025, 165, 1025
1, 1427, 21405165, 21406025, 165, 1025
1, 1428, 21420165, 21422606, 165, 2606
1, 1429, 21435165, 21436025, 165, 1025
1, 143, 2145165, 2146025, 165, 1025
1, 1430, 21450165, 21451495, 165, 1495
1, 1431, 21465165, 21466025, 165, 1025
1, 1432, 21480165, 21481025, 165, 1025
1, 1433, 21495165, 21496025, 165, 1025
1, 1434, 21510165, 21511025, 165, 1025
1, 1435, 21525165, 21527127, 165, 2127
1, 1436, 21540165, 21541495, 165, 1495
1, 1437, 21555165, 21556025, 165, 1025
1, 1438, 21570165, 21571025, 165, 1025
1, 1439, 21585165, 21586025, 165, 1025
1, 144, 2160165, 2162503, 165, 2503
1, 1440, 21600165, 21603440, 165, 3440
1, 1441, 21615165, 21616025, 165, 1025
1, 1442, 21630165, 21632864, 165, 2864
1, 1443, 21645165, 21646025, 165, 1025
1, 1444, 21660165, 21661025, 165, 1025
1, 1445, 21675165, 21676025, 165, 1025
1, 1446, 21690165, 21691413, 165, 1413
1, 1447, 21705165, 21707136, 165, 2136
1, 1448, 21720165, 21721025, 165, 1025
1, 1449, 21735165, 21736025, 165, 1025
1, 145, 2175165, 2176724, 165, 1724
1, 1450, 21750165, 21751025, 165, 1025
1, 1451, 21765165, 21766025, 165, 1025
1, 1452, 21780165, 21781495, 165, 1495
1, 1453, 21795165, 21796025, 165, 1025
1, 1454, 21810165, 21811025, 165, 1025
1, 1455, 21825165, 21826025, 165, 1025
1, 1456, 21840165, 21842606, 165, 2606
1, 1457, 21855165, 21856025, 165, 1025
1, 1458, 21870165, 21871025, 165, 1025
1, 1459, 21885165, 21886025, 165, 1025
1, 146, 2190165, 2191025, 165, 1025
1, 1460, 21900165, 21901495, 165, 1495
1, 1461, 21915165, 21916025, 165, 1025
1, 1462, 21930165, 21931025, 165, 1025
1, 1463, 21945165, 21946025, 165, 1025
1, 1464, 21960165, 21961495, 165, 1495
1, 1465, 21975165, 21976025, 165, 1025
1, 1466, 21990165, 21991025, 165, 1025
1, 1467, 22005165, 22006025, 165, 1025
1, 1468, 22020165, 22022829, 165, 2829
1, 1469, 22035165, 22036025, 165, 1025
1, 147, 2205165, 2206025, 165, 1025
1, 1470, 22050165, 22053468, 165, 3468
1, 1471, 22065165, 22066025, 165, 1025
1, 1472, 22080165, 22081495, 165, 1495
1, 1473, 22095165, 22096025, 165, 1025
1, 1474, 22110165, 22111025, 165, 1025
1, 1475, 22125165, 22126227, 165, 1227
1, 1476, 22140165, 22141025, 165, 1025
1, 1477, 22155165, 22156025, 165, 1025
1, 1478, 22170165, 22171025, 165, 1025
1, 1479, 22185165, 22186025, 165, 1025
1, 148, 2220165, 2221495, 165, 1495
1, 1480, 22200165, 22202843, 165, 2843
1, 1481, 22215165, 22216025, 165, 1025
1, 1482, 22230165, 22231025, 165, 1025
1, 1483, 22245165, 22246025, 165, 1025
1, 1484, 22260165, 22263444, 165, 3444
1, 1485, 22275165, 22276025, 165, 1025
1, 1486, 22290165, 22291025, 165, 1025
1, 1487, 22305165, 22306025, 165, 1025
1, 1488, 22320165, 22321495, 165, 1495
1, 1489, 22335165, 22336025, 165, 1025
1, 149, 2235165, 2236025, 165, 1025
1, 1490, 22350165, 22351025, 165, 1025
1, 1491, 22365165, 22366025, 165, 1025
1, 1492, 22380165, 22381495, 165, 1495
1, 1493, 22395165, 22396025, 165, 1025
1, 1494, 22410165, 22411025, 165, 1025
1, 1495, 22425165, 22426025, 165, 1025
1, 1496, 22440165, 22442829, 165, 2829
1, 1497, 22455165, 22456025, 165, 1025
1, 1498, 22470165, 22473318, 165, 3318
1, 1499, 22485165, 22486025, 165, 1025
1, 15, 225165, 226025, 165, 1025
1, 150, 2250165, 2251025, 165, 1025
1, 1500, 22500165, 22501495, 165, 1495
1, 1501, 22515165, 22516025, 165, 1025
1, 1502, 22530165, 22531025, 165, 1025
1, 1503, 22545165, 22549336, 165, 4336
1, 1504, 22560165, 22562851, 165, 2851
1, 1505, 22575165, 22576025, 165, 1025
1, 1506, 22590165, 22591025, 165, 1025
1, 1507, 22605165, 22606025, 165, 1025
1, 1508, 22620165, 22621495, 165, 1495
1, 1509, 22635165, 22636025, 165, 1025
1, 151, 2265165, 2266025, 165, 1025
1, 1510, 22650165, 22651495, 165, 1495
1, 1511, 22665165, 22666025, 165, 1025
1, 1512, 22680165, 22683444, 165, 3444
1, 1513, 22695165, 22696025, 165, 1025
1, 1514, 22710165, 22711025, 165, 1025
1, 1515, 22725165, 22726724, 165, 1724
1, 1516, 22740165, 22741025, 165, 1025
1, 1517, 22755165, 22756025, 165, 1025
1, 1518, 22770165, 22771025, 165, 1025
1, 1519, 22785165, 22786025, 165, 1025
1, 152, 2280165, 2281495, 165, 1495
1, 1520, 22800165, 22803440, 165, 3440
1, 1521, 22815165, 22816025, 165, 1025
1, 1522, 22830165, 22831025, 165, 1025
1, 1523, 22845165, 22846025, 165, 1025
1, 1524, 22860165, 22861495, 165, 1495
1, 1525, 22875165, 22876025, 165, 1025
1, 1526, 22890165, 22892606, 165, 2606
1, 1527, 22905165, 22906025, 165, 1025
1, 1528, 22920165, 22921025, 165, 1025
1, 1529, 22935165, 22936025, 165, 1025
1, 153, 2295165, 2296025, 165, 1025
1, 1530, 22950165, 22951495, 165, 1495
1, 1531, 22965165, 22970086, 165, 5086
1, 1532, 22980165, 22981495, 165, 1495
1, 1533, 22995165, 22996025, 165, 1025
1, 1534, 23010165, 23011025, 165, 1025
1, 1535, 23025165, 23026025, 165, 1025
1, 1536, 23040165, 23042851, 165, 2851
1, 1537, 23055165, 23056025, 165, 1025
1, 1538, 23070165, 23071495, 165, 1495
1, 1539, 23085165, 23086025, 165, 1025
1, 154, 2310165, 2312606, 165, 2606
1, 1540, 23100165, 23103468, 165, 3468
1, 1541, 23115165, 23116025, 165, 1025
1, 1542, 23130165, 23131025, 165, 1025
1, 1543, 23145165, 23146025, 165, 1025
1, 1544, 23160165, 23161025, 165, 1025
1, 1545, 23175165, 23176724, 165, 1724
1, 1546, 23190165, 23191025, 165, 1025
1, 1547, 23205165, 23206724, 165, 1724
1, 1548, 23220165, 23221495, 165, 1495
1, 1549, 23235165, 23236025, 165, 1025
1, 155, 2325165, 2328793, 165, 3793
1, 1550, 23250165, 23251025, 165, 1025
1, 1551, 23265165, 23266025, 165, 1025
1, 1552, 23280165, 23282829, 165, 2829
1, 1553, 23295165, 23296025, 165, 1025
1, 1554, 23310165, 23312606, 165, 2606
1, 1555, 23325165, 23326025, 165, 1025
1, 1556, 23340165, 23341025, 165, 1025
1, 1557, 23355165, 23356025, 165, 1025
1, 1558, 23370165, 23371025, 165, 1025
1, 1559, 23385165, 23388025, 165, 3025
1, 156, 2340165, 2341025, 165, 1025
1, 1560, 23400165, 23402843, 165, 2843
1, 1561, 23415165, 23416025, 165, 1025
1, 1562, 23430165, 23431025, 165, 1025
1, 1563, 23445165, 23446025, 165, 1025
1, 1564, 23460165, 23461495, 165, 1495
1, 1565, 23475165, 23476025, 165, 1025
1, 1566, 23490165, 23491495, 165, 1495
1, 1567, 23505165, 23506025, 165, 1025
1, 1568, 23520165, 23522606, 165, 2606
1, 1569, 23535165, 23536025, 165, 1025
1, 157, 2355165, 2356025, 165, 1025
1, 1570, 23550165, 23551495, 165, 1495
1, 1571, 23565165, 23566025, 165, 1025
1, 1572, 23580165, 23581025, 165, 1025
1, 1573, 23595165, 23596025, 165, 1025
1, 1574, 23610165, 23611025, 165, 1025
1, 1575, 23625165, 23626025, 165, 1025
1, 1576, 23640165, 23641495, 165, 1495
1, 1577, 23655165, 23656025, 165, 1025
1, 1578, 23670165, 23671025, 165, 1025
1, 1579, 23685165, 23686025, 165, 1025
1, 158, 2370165, 2371025, 165, 1025
1, 1580, 23700165, 23702828, 165, 2828
1, 1581, 23715165, 23716025, 165, 1025
1, 1582, 23730165, 23732606, 165, 2606
1, 1583, 23745165, 23746025, 165, 1025
1, 1584, 23760165, 23761495, 165, 1495
1, 1585, 23775165, 23776025, 165, 1025
1, 1586, 23790165, 23791025, 165, 1025
1, 1587, 23805165, 23808348, 165, 3348
1, 1588, 23820165, 23821495, 165, 1495
1, 1589, 23835165, 23836025, 165, 1025
1, 159, 2385165, 2386025, 165, 1025
1, 1590, 23850165, 23851025, 165, 1025
1, 1591, 23865165, 23866025, 165, 1025
1, 1592, 23880165, 23881025, 165, 1025
1, 1593, 23895165, 23896025, 165, 1025
1, 1594, 23910165, 23911495, 165, 1495
1, 1595, 23925165, 23926025, 165, 1025
1, 1596, 23940165, 23943444, 165, 3444
1, 1597, 23955165, 23956025, 165, 1025
1, 1598, 23970165, 23971025, 165, 1025
1, 1599, 23985165, 23986025, 165, 1025
1, 16, 240165, 241495, 165, 1495
1, 160, 2400165, 2403440, 165, 3440
1, 1600, 24000165, 24003440, 165, 3440
1, 1601, 24015165, 24016025, 165, 1025
1, 1602, 24030165, 24031025, 165, 1025
1, 1603, 24045165, 24046025, 165, 1025
1, 1604, 24060165, 24061495, 165, 1495
1, 1605, 24075165, 24076025, 165, 1025
1, 1606, 24090165, 24091025, 165, 1025
1, 1607, 24105165, 24106025, 165, 1025
1, 1608, 24120165, 24121495, 165, 1495
1, 1609, 24135165, 24136025, 165, 1025
1, 161, 2415165, 2416025, 165, 1025
1, 1610, 24150165, 24152606, 165, 2606
1, 1611, 24165165, 24168173, 165, 3173
1, 1612, 24180165, 24181025, 165, 1025
1, 1613, 24195165, 24196025, 165, 1025
1, 1614, 24210165, 24211025, 165, 1025
1, 1615, 24225165, 24226853, 165, 1853
1, 1616, 24240165, 24242851, 165, 2851
1, 1617, 24255165, 24256025, 165, 1025
1, 1618, 24270165, 24271025, 165, 1025
1, 1619, 24285165, 24286025, 165, 1025
1, 162, 2430165, 2431025, 165, 1025
1, 1620, 24300165, 24301495, 165, 1495
1, 1621, 24315165, 24316025, 165, 1025
1, 1622, 24330165, 24333256, 165, 3256
1, 1623, 24345165, 24346025, 165, 1025
1, 1624, 24360165, 24363444, 165, 3444
1, 1625, 24375165, 24376025, 165, 1025
1, 1626, 24390165, 24391025, 165, 1025
1, 1627, 24405165, 24409506, 165, 4506
1, 1628, 24420165, 24421495, 165, 1495
1, 1629, 24435165, 24436025, 165, 1025
1, 163, 2445165, 2446025, 165, 1025
1, 1630, 24450165, 24451025, 165, 1025
1, 1631, 24465165, 24466025, 165, 1025
1, 1632, 24480165, 24482851, 165, 2851
1, 1633, 24495165, 24496025, 165, 1025
1, 1634, 24510165, 24511025, 165, 1025
1, 1635, 24525165, 24526025, 165, 1025
1, 1636, 24540165, 24541495, 165, 1495
1, 1637, 24555165, 24556025, 165, 1025
1, 1638, 24570165, 24572606, 165, 2606
1, 1639, 24585165, 24586025, 165, 1025
1, 164, 2460165, 2461025, 165, 1025
1, 1640, 24600165, 24602843, 165, 2843
1, 1641, 24615165, 24616025, 165, 1025
1, 1642, 24630165, 24631025, 165, 1025
1, 1643, 24645165, 24646724, 165, 1724
1, 1644, 24660165, 24661495, 165, 1495
1, 1645, 24675165, 24676724, 165, 1724
1, 1646, 24690165, 24691025, 165, 1025
1, 1647, 24705165, 24706025, 165, 1025
1, 1648, 24720165, 24721495, 165, 1495
1, 1649, 24735165, 24736025, 165, 1025
1, 165, 2475165, 2476025, 165, 1025
1, 1650, 24750165, 24752834, 165, 2834
1, 1651, 24765165, 24766025, 165, 1025
1, 1652, 24780165, 24783444, 165, 3444
1, 1653, 24795165, 24796025, 165, 1025
1, 1654, 24810165, 24811025, 165, 1025
1, 1655, 24825165, 24826025, 165, 1025
1, 1656, 24840165, 24841495, 165, 1495
1, 1657, 24855165, 24856025, 165, 1025
1, 1658, 24870165, 24871025, 165, 1025
1, 1659, 24885165, 24886025, 165, 1025
1, 166, 2490165, 2492479, 165, 2479
1, 1660, 24900165, 24901495, 165, 1495
1, 1661, 24915165, 24916025, 165, 1025
1, 1662, 24930165, 24931025, 165, 1025
1, 1663, 24945165, 24946025, 165, 1025
1, 1664, 24960165, 24962829, 165, 2829
1, 1665, 24975165, 24976025, 165, 1025
1, 1666, 24990165, 24992606, 165, 2606
1, 1667, 25005165, 25006025, 165, 1025
1, 1668, 25020165, 25021025, 165, 1025
1, 1669, 25035165, 25036025, 165, 1025
1, 167, 2505165, 2506025, 165, 1025
1, 1670, 25050165, 25051025, 165, 1025
1, 1671, 25065165, 25066025, 165, 1025
1, 1672, 25080165, 25081495, 165, 1495
1, 1673, 25095165, 25096025, 165, 1025
1, 1674, 25110165, 25111025, 165, 1025
1, 1675, 25125165, 25126025, 165, 1025
1, 1676, 25140165, 25141025, 165, 1025
1, 1677, 25155165, 25156025, 165, 1025
1, 1678, 25170165, 25171495, 165, 1495
1, 1679, 25185165, 25186025, 165, 1025
1, 168, 2520165, 2523444, 165, 3444
1, 1680, 25200165, 25202606, 165, 2606
1, 1681, 25215165, 25216025, 165, 1025
1, 1682, 25230165, 25231025, 165, 1025
1, 1683, 25245165, 25246025, 165, 1025
1, 1684, 25260165, 25261495, 165, 1495
1, 1685, 25275165, 25276724, 165, 1724
1, 1686, 25290165, 25291025, 165, 1025
1, 1687, 25305165, 25306025, 165, 1025
1, 1688, 25320165, 25321025, 165, 1025
1, 1689, 25335165, 25336025, 165, 1025
1, 169, 2535165, 2536025, 165, 1025
1, 1690, 25350165, 25352728, 165, 2728
1, 1691, 25365165, 25366025, 165, 1025
1, 1692, 25380165, 25381495, 165, 1495
1, 1693, 25395165, 25396025, 165, 1025
1, 1694, 25410165, 25412864, 165, 2864
1, 1695, 25425165, 25426279, 165, 1279
1, 1696, 25440165, 25442851, 165, 2851
1, 1697, 25455165, 25456025, 165, 1025
1, 1698, 25470165, 25471025, 165, 1025
1, 1699, 25485165, 25486025, 165, 1025
1, 17, 255165, 256025, 165, 1025
1, 170, 2550165, 2551495, 165, 1495
1, 1700, 25500165, 25502843, 165, 2843
1, 1701, 25515165, 25516025, 165, 1025
1, 1702, 25530165, 25531025, 165, 1025
1, 1703, 25545165, 25546025, 165, 1025
1, 1704, 25560165, 25561025, 165, 1025
1, 1705, 25575165, 25576025, 165, 1025
1, 1706, 25590165, 25591495, 165, 1495
1, 1707, 25605165, 25606025, 165, 1025
1, 1708, 25620165, 25623444, 165, 3444
1, 1709, 25635165, 25636025, 165, 1025
1, 171, 2565165, 2569776, 165, 4776
1, 1710, 25650165, 25651025, 165, 1025
1, 1711, 25665165, 25666025, 165, 1025
1, 1712, 25680165, 25682851, 165, 2851
1, 1713, 25695165, 25698132, 165, 3132
1, 1714, 25710165, 25711025, 165, 1025
1, 1715, 25725165, 25726025, 165, 1025
1, 1716, 25740165, 25741025, 165, 1025
1, 1717, 25755165, 25756025, 165, 1025
1, 1718, 25770165, 25771495, 165, 1495
1, 1719, 25785165, 25786025, 165, 1025
1, 172, 2580165, 2581495, 165, 1495
1, 1720, 25800165, 25802828, 165, 2828
1, 1721, 25815165, 25816025, 165, 1025
1, 1722, 25830165, 25832864, 165, 2864
1, 1723, 25845165, 25846025, 165, 1025
1, 1724, 25860165, 25861495, 165, 1495
1, 1725, 25875165, 25876025, 165, 1025
1, 1726, 25890165, 25891025, 165, 1025
1, 1727, 25905165, 25906025, 165, 1025
1, 1728, 25920165, 25921495, 165, 1495
1, 1729, 25935165, 25936025, 165, 1025
1, 173, 2595165, 2596025, 165, 1025
1, 1730, 25950165, 25951495, 165, 1495
1, 1731, 25965165, 25966025, 165, 1025
1, 1732, 25980165, 25981025, 165, 1025
1, 1733, 25995165, 25996025, 165, 1025
1, 1734, 26010165, 26011495, 165, 1495
1, 1735, 26025165, 26026025, 165, 1025
1, 1736, 26040165, 26042606, 165, 2606
1, 1737, 26055165, 26056025, 165, 1025
1, 1738, 26070165, 26071025, 165, 1025
1, 1739, 26085165, 26086025, 165, 1025
1, 174, 2610165, 2611025, 165, 1025
1, 1740, 26100165, 26102843, 165, 2843
1, 1741, 26115165, 26116025, 165, 1025
1, 1742, 26130165, 26131025, 165, 1025
1, 1743, 26145165, 26146025, 165, 1025
1, 1744, 26160165, 26161495, 165, 1495
1, 1745, 26175165, 26176025, 165, 1025
1, 1746, 26190165, 26191025, 165, 1025
1, 1747, 26205165, 26206025, 165, 1025
1, 1748, 26220165, 26221495, 165, 1495
1, 1749, 26235165, 26236025, 165, 1025
1, 175, 2625165, 2626025, 165, 1025
1, 1750, 26250165, 26253468, 165, 3468
1, 1751, 26265165, 26266025, 165, 1025
1, 1752, 26280165, 26281495, 165, 1495
1, 1753, 26295165, 26296025, 165, 1025
1, 1754, 26310165, 26311025, 165, 1025
1, 1755, 26325165, 26327127, 165, 2127
1, 1756, 26340165, 26341025, 165, 1025
1, 1757, 26355165, 26356025, 165, 1025
1, 1758, 26370165, 26371025, 165, 1025
1, 1759, 26385165, 26386025, 165, 1025
1, 176, 2640165, 2642851, 165, 2851
1, 1760, 26400165, 26402843, 165, 2843
1, 1761, 26415165, 26416025, 165, 1025
1, 1762, 26430165, 26431025, 165, 1025
1, 1763, 26445165, 26446025, 165, 1025
1, 1764, 26460165, 26462606, 165, 2606
1, 1765, 26475165, 26476025, 165, 1025
1, 1766, 26490165, 26491025, 165, 1025
1, 1767, 26505165, 26506025, 165, 1025
1, 1768, 26520165, 26521495, 165, 1495
1, 1769, 26535165, 26539549, 165, 4549
1, 177, 2655165, 2656025, 165, 1025
1, 1770, 26550165, 26551495, 165, 1495
1, 1771, 26565165, 26566025, 165, 1025
1, 1772, 26580165, 26581025, 165, 1025
1, 1773, 26595165, 26596025, 165, 1025
1, 1774, 26610165, 26611025, 165, 1025
1, 1775, 26625165, 26626025, 165, 1025
1, 1776, 26640165, 26642829, 165, 2829
1, 1777, 26655165, 26656025, 165, 1025
1, 1778, 26670165, 26672864, 165, 2864
1, 1779, 26685165, 26686025, 165, 1025
1, 178, 2670165, 2671025, 165, 1025
1, 1780, 26700165, 26702843, 165, 2843
1, 1781, 26715165, 26716025, 165, 1025
1, 1782, 26730165, 26731025, 165, 1025
1, 1783, 26745165, 26746025, 165, 1025
1, 1784, 26760165, 26761025, 165, 1025
1, 1785, 26775165, 26776724, 165, 1724
1, 1786, 26790165, 26791025, 165, 1025
1, 1787, 26805165, 26806025, 165, 1025
1, 1788, 26820165, 26821025, 165, 1025
1, 1789, 26835165, 26836025, 165, 1025
1, 179, 2685165, 2686025, 165, 1025
1, 1790, 26850165, 26851495, 165, 1495
1, 1791, 26865165, 26866025, 165, 1025
1, 1792, 26880165, 26884572, 165, 4572
1, 1793, 26895165, 26896025, 165, 1025
1, 1794, 26910165, 26911025, 165, 1025
1, 1795, 26925165, 26926025, 165, 1025
1, 1796, 26940165, 26941025, 165, 1025
1, 1797, 26955165, 26961183, 165, 6183
1, 1798, 26970165, 26971495, 165, 1495
1, 1799, 26985165, 26986025, 165, 1025
1, 18, 270165, 271025, 165, 1025
1, 180, 2700165, 2702828, 165, 2828
1, 1800, 27000165, 27001495, 165, 1495
1, 1801, 27015165, 27016025, 165, 1025
1, 1802, 27030165, 27031025, 165, 1025
1, 1803, 27045165, 27048107, 165, 3107
1, 1804, 27060165, 27062829, 165, 2829
1, 1805, 27075165, 27076025, 165, 1025
1, 1806, 27090165, 27092864, 165, 2864
1, 1807, 27105165, 27106025, 165, 1025
1, 1808, 27120165, 27122851, 165, 2851
1, 1809, 27135165, 27136025, 165, 1025
1, 181, 2715165, 2716025, 165, 1025
1, 1810, 27150165, 27151495, 165, 1495
1, 1811, 27165165, 27166025, 165, 1025
1, 1812, 27180165, 27181025, 165, 1025
1, 1813, 27195165, 27196025, 165, 1025
1, 1814, 27210165, 27211025, 165, 1025
1, 1815, 27225165, 27226025, 165, 1025
1, 1816, 27240165, 27241025, 165, 1025
1, 1817, 27255165, 27256025, 165, 1025
1, 1818, 27270165, 27271025, 165, 1025
1, 1819, 27285165, 27286025, 165, 1025
1, 182, 2730165, 2732606, 165, 2606
1, 1820, 27300165, 27302606, 165, 2606
1, 1821, 27315165, 27316025, 165, 1025
1, 1822, 27330165, 27331025, 165, 1025
1, 1823, 27345165, 27346025, 165, 1025
1, 1824, 27360165, 27361495, 165, 1495
1, 1825, 27375165, 27376025, 165, 1025
1, 1826, 27390165, 27391025, 165, 1025
1, 1827, 27405165, 27406025, 165, 1025
1, 1828, 27420165, 27421025, 165, 1025
1, 1829, 27435165, 27436025, 165, 1025
1, 183, 2745165, 2746025, 165, 1025
1, 1830, 27450165, 27451025, 165, 1025
1, 1831, 27465165, 27466025, 165, 1025
1, 1832, 27480165, 27482829, 165, 2829
1, 1833, 27495165, 27496025, 165, 1025
1, 1834, 27510165, 27512864, 165, 2864
1, 1835, 27525165, 27526025, 165, 1025
1, 1836, 27540165, 27541495, 165, 1495
1, 1837, 27555165, 27556025, 165, 1025
1, 1838, 27570165, 27571025, 165, 1025
1, 1839, 27585165, 27586025, 165, 1025
1, 184, 2760165, 2761025, 165, 1025
1, 1840, 27600165, 27602843, 165, 2843
1, 1841, 27615165, 27616025, 165, 1025
1, 1842, 27630165, 27631025, 165, 1025
1, 1843, 27645165, 27646025, 165, 1025
1, 1844, 27660165, 27661495, 165, 1495
1, 1845, 27675165, 27676025, 165, 1025
1, 1846, 27690165, 27691025, 165, 1025
1, 1847, 27705165, 27706025, 165, 1025
1, 1848, 27720165, 27722606, 165, 2606
1, 1849, 27735165, 27736025, 165, 1025
1, 185, 2775165, 2776025, 165, 1025
1, 1850, 27750165, 27751025, 165, 1025
1, 1851, 27765165, 27766025, 165, 1025
1, 1852, 27780165, 27781025, 165, 1025
1, 1853, 27795165, 27796724, 165, 1724
1, 1854, 27810165, 27811025, 165, 1025
1, 1855, 27825165, 27826724, 165, 1724
1, 1856, 27840165, 27841495, 165, 1495
1, 1857, 27855165, 27856025, 165, 1025
1, 1858, 27870165, 27871025, 165, 1025
1, 1859, 27885165, 27886025, 165, 1025
1, 186, 2790165, 2791025, 165, 1025
1, 1860, 27900165, 27903324, 165, 3324
1, 1861, 27915165, 27916025, 165, 1025
1, 1862, 27930165, 27932864, 165, 2864
1, 1863, 27945165, 27946025, 165, 1025
1, 1864, 27960165, 27961025, 165, 1025
1, 1865, 27975165, 27976025, 165, 1025
1, 1866, 27990165, 27991025, 165, 1025
1, 1867, 28005165, 28008348, 165, 3348
1, 1868, 28020165, 28021025, 165, 1025
1, 1869, 28035165, 28036025, 165, 1025
1, 187, 2805165, 2809232, 165, 4232
1, 1870, 28050165, 28051495, 165, 1495
1, 1871, 28065165, 28066025, 165, 1025
1, 1872, 28080165, 28082851, 165, 2851
1, 1873, 28095165, 28096025, 165, 1025
1, 1874, 28110165, 28111025, 165, 1025
1, 1875, 28125165, 28126025, 165, 1025
1, 1876, 28140165, 28142606, 165, 2606
1, 1877, 28155165, 28156025, 165, 1025
1, 1878, 28170165, 28171025, 165, 1025
1, 1879, 28185165, 28186025, 165, 1025
1, 188, 2820165, 2821495, 165, 1495
1, 1880, 28200165, 28201495, 165, 1495
1, 1881, 28215165, 28216025, 165, 1025
1, 1882, 28230165, 28231025, 165, 1025
1, 1883, 28245165, 28246724, 165, 1724
1, 1884, 28260165, 28261025, 165, 1025
1, 1885, 28275165, 28276025, 165, 1025
1, 1886, 28290165, 28291025, 165, 1025
1, 1887, 28305165, 28306025, 165, 1025
1, 1888, 28320165, 28323393, 165, 3393
1, 1889, 28335165, 28336025, 165, 1025
1, 189, 2835165, 2836025, 165, 1025
1, 1890, 28350165, 28353468, 165, 3468
1, 1891, 28365165, 28366025, 165, 1025
1, 1892, 28380165, 28381025, 165, 1025
1, 1893, 28395165, 28396025, 165, 1025
1, 1894, 28410165, 28411495, 165, 1495
1, 1895, 28425165, 28426274, 165, 1274
1, 1896, 28440165, 28441025, 165, 1025
1, 1897, 28455165, 28456025, 165, 1025
1, 1898, 28470165, 28471025, 165, 1025
1, 1899, 28485165, 28487464, 165, 2464
1, 19, 285165, 286025, 165, 1025
1, 190, 2850165, 2851025, 165, 1025
1, 1900, 28500165, 28502843, 165, 2843
1, 1901, 28515165, 28516025, 165, 1025
1, 1902, 28530165, 28531025, 165, 1025
1, 1903, 28545165, 28546025, 165, 1025
1, 1904, 28560165, 28564572, 165, 4572
1, 1905, 28575165, 28576025, 165, 1025
1, 1906, 28590165, 28591025, 165, 1025
1, 1907, 28605165, 28606025, 165, 1025
1, 1908, 28620165, 28621025, 165, 1025
1, 1909, 28635165, 28636025, 165, 1025
1, 191, 2865165, 2866025, 165, 1025
1, 1910, 28650165, 28651495, 165, 1495
1, 1911, 28665165, 28666025, 165, 1025
1, 1912, 28680165, 28681025, 165, 1025
1, 1913, 28695165, 28696025, 165, 1025
1, 1914, 28710165, 28711025, 165, 1025
1, 1915, 28725165, 28726025, 165, 1025
1, 1916, 28740165, 28742829, 165, 2829
1, 1917, 28755165, 28756025, 165, 1025
1, 1918, 28770165, 28772864, 165, 2864
1, 1919, 28785165, 28786025, 165, 1025
1, 192, 2880165, 2881495, 165, 1495
1, 1920, 28800165, 28802843, 165, 2843
1, 1921, 28815165, 28816025, 165, 1025
1, 1922, 28830165, 28831025, 165, 1025
1, 1923, 28845165, 28846025, 165, 1025
1, 1924, 28860165, 28861025, 165, 1025
1, 1925, 28875165, 28876025, 165, 1025
1, 1926, 28890165, 28891025, 165, 1025
1, 1927, 28905165, 28906025, 165, 1025
1, 1928, 28920165, 28922728, 165, 2728
1, 1929, 28935165, 28936025, 165, 1025
1, 193, 2895165, 2896025, 165, 1025
1, 1930, 28950165, 28951495, 165, 1495
1, 1931, 28965165, 28966025, 165, 1025
1, 1932, 28980165, 28983444, 165, 3444
1, 1933, 28995165, 28996025, 165, 1025
1, 1934, 29010165, 29011025, 165, 1025
1, 1935, 29025165, 29026025, 165, 1025
1, 1936, 29040165, 29041495, 165, 1495
1, 1937, 29055165, 29056025, 165, 1025
1, 1938, 29070165, 29071025, 165, 1025
1, 1939, 29085165, 29086025, 165, 1025
1, 194, 2910165, 2911495, 165, 1495
1, 1940, 29100165, 29102843, 165, 2843
1, 1941, 29115165, 29116025, 165, 1025
1, 1942, 29130165, 29131025, 165, 1025
1, 1943, 29145165, 29146025, 165, 1025
1, 1944, 29160165, 29162829, 165, 2829
1, 1945, 29175165, 29176025, 165, 1025
1, 1946, 29190165, 29192864, 165, 2864
1, 1947, 29205165, 29206025, 165, 1025
1, 1948, 29220165, 29221025, 165, 1025
1, 1949, 29235165, 29236025, 165, 1025
1, 195, 2925165, 2926025, 165, 1025
1, 1950, 29250165, 29251495, 165, 1495
1, 1951, 29265165, 29266025, 165, 1025
1, 1952, 29280165, 29281495, 165, 1495
1, 1953, 29295165, 29296025, 165, 1025
1, 1954, 29310165, 29311025, 165, 1025
1, 1955, 29325165, 29326025, 165, 1025
1, 1956, 29340165, 29341495, 165, 1495
1, 1957, 29355165, 29356025, 165, 1025
1, 1958, 29370165, 29371025, 165, 1025
1, 1959, 29385165, 29386025, 165, 1025
1, 196, 2940165, 2943444, 165, 3444
1, 1960, 29400165, 29403468, 165, 3468
1, 1961, 29415165, 29416025, 165, 1025
1, 1962, 29430165, 29431025, 165, 1025
1, 1963, 29445165, 29446025, 165, 1025
1, 1964, 29460165, 29461025, 165, 1025
1, 1965, 29475165, 29476724, 165, 1724
1, 1966, 29490165, 29491025, 165, 1025
1, 1967, 29505165, 29506025, 165, 1025
1, 1968, 29520165, 29522851, 165, 2851
1, 1969, 29535165, 29536025, 165, 1025
1, 197, 2955165, 2956025, 165, 1025
1, 1970, 29550165, 29551025, 165, 1025
1, 1971, 29565165, 29566025, 165, 1025
1, 1972, 29580165, 29582829, 165, 2829
1, 1973, 29595165, 29596025, 165, 1025
1, 1974, 29610165, 29613318, 165, 3318
1, 1975, 29625165, 29626025, 165, 1025
1, 1976, 29640165, 29641025, 165, 1025
1, 1977, 29655165, 29656025, 165, 1025
1, 1978, 29670165, 29671025, 165, 1025
1, 1979, 29685165, 29690086, 165, 5086
1, 198, 2970165, 2971025, 165, 1025
1, 1980, 29700165, 29702843, 165, 2843
1, 1981, 29715165, 29716025, 165, 1025
1, 1982, 29730165, 29731025, 165, 1025
1, 1983, 29745165, 29746025, 165, 1025
1, 1984, 29760165, 29762851, 165, 2851
1, 1985, 29775165, 29776025, 165, 1025
1, 1986, 29790165, 29791025, 165, 1025
1, 1987, 29805165, 29806025, 165, 1025
1, 1988, 29820165, 29823444, 165, 3444
1, 1989, 29835165, 29836025, 165, 1025
1, 199, 2985165, 2986291, 165, 1291
1, 1990, 29850165, 29852068, 165, 2068
1, 1991, 29865165, 29866025, 165, 1025
1, 1992, 29880165, 29881025, 165, 1025
1, 1993, 29895165, 29896025, 165, 1025
1, 1994, 29910165, 29911025, 165, 1025
1, 1995, 29925165, 29927127, 165, 2127
1, 1996, 29940165, 29941495, 165, 1495
1, 1997, 29955165, 29956025, 165, 1025
1, 1998, 29970165, 29971025, 165, 1025
1, 1999, 29985165, 29986025, 165, 1025
1, 2, 30165, 31025, 165, 1025
1, 20, 300165, 301495, 165, 1495
1, 200, 3000165, 3002843, 165, 2843
1, 2000, 30000165, 30003324, 165, 3324
1, 2001, 30015165, 30016025, 165, 1025
1, 2002, 30030165, 30032606, 165, 2606
1, 2003, 30045165, 30046025, 165, 1025
1, 2004, 30060165, 30061025, 165, 1025
1, 2005, 30075165, 30076025, 165, 1025
1, 2006, 30090165, 30091025, 165, 1025
1, 2007, 30105165, 30107136, 165, 2136
1, 2008, 30120165, 30121495, 165, 1495
1, 2009, 30135165, 30136025, 165, 1025
1, 201, 3015165, 3016025, 165, 1025
1, 2010, 30150165, 30151025, 165, 1025
1, 2011, 30165165, 30166025, 165, 1025
1, 2012, 30180165, 30181495, 165, 1495
1, 2013, 30195165, 30196025, 165, 1025
1, 2014, 30210165, 30211025, 165, 1025
1, 2015, 30225165, 30226025, 165, 1025
1, 2016, 30240165, 30242606, 165, 2606
1, 2017, 30255165, 30256025, 165, 1025
1, 2018, 30270165, 30271025, 165, 1025
1, 2019, 30285165, 30286025, 165, 1025
1, 202, 3030165, 3031025, 165, 1025
1, 2020, 30300165, 30301495, 165, 1495
1, 2021, 30315165, 30316025, 165, 1025
1, 2022, 30330165, 30331025, 165, 1025
1, 2023, 30345165, 30346025, 165, 1025
1, 2024, 30360165, 30361495, 165, 1495
1, 2025, 30375165, 30376025, 165, 1025
1, 2026, 30390165, 30391025, 165, 1025
1, 2027, 30405165, 30406025, 165, 1025
1, 2028, 30420165, 30421495, 165, 1495
1, 2029, 30435165, 30436025, 165, 1025
1, 203, 3045165, 3046025, 165, 1025
1, 2030, 30450165, 30452606, 165, 2606
1, 2031, 30465165, 30466025, 165, 1025
1, 2032, 30480165, 30481495, 165, 1495
1, 2033, 30495165, 30496025, 165, 1025
1, 2034, 30510165, 30511025, 165, 1025
1, 2035, 30525165, 30531183, 165, 6183
1, 2036, 30540165, 30541495, 165, 1495
1, 2037, 30555165, 30556025, 165, 1025
1, 2038, 30570165, 30571025, 165, 1025
1, 2039, 30585165, 30586025, 165, 1025
1, 204, 3060165, 3061495, 165, 1495
1, 2040, 30600165, 30602843, 165, 2843
1, 2041, 30615165, 30616025, 165, 1025
1, 2042, 30630165, 30631495, 165, 1495
1, 2043, 30645165, 30646025, 165, 1025
1, 2044, 30660165, 30663444, 165, 3444
1, 2045, 30675165, 30676025, 165, 1025
1, 2046, 30690165, 30691025, 165, 1025
1, 2047, 30705165, 30706025, 165, 1025
1, 2048, 30720165, 30721495, 165, 1495
1, 2049, 30735165, 30736025, 165, 1025
1, 205, 3075165, 3076025, 165, 1025
1, 2050, 30750165, 30751025, 165, 1025
1, 2051, 30765165, 30766025, 165, 1025
1, 2052, 30780165, 30781495, 165, 1495
1, 2053, 30795165, 30796025, 165, 1025
1, 2054, 30810165, 30811025, 165, 1025
1, 2055, 30825165, 30826025, 165, 1025
1, 2056, 30840165, 30841495, 165, 1495
1, 2057, 30855165, 30856025, 165, 1025
1, 2058, 30870165, 30872606, 165, 2606
1, 2059, 30885165, 30886724, 165, 1724
1, 206, 3090165, 3091025, 165, 1025
1, 2060, 30900165, 30902299, 165, 2299
1, 2061, 30915165, 30916025, 165, 1025
1, 2062, 30930165, 30931025, 165, 1025
1, 2063, 30945165, 30946025, 165, 1025
1, 2064, 30960165, 30962851, 165, 2851
1, 2065, 30975165, 30976025, 165, 1025
1, 2066, 30990165, 30991025, 165, 1025
1, 2067, 31005165, 31006025, 165, 1025
1, 2068, 31020165, 31021025, 165, 1025
1, 2069, 31035165, 31036025, 165, 1025
1, 207, 3105165, 3106025, 165, 1025
1, 2070, 31050165, 31052834, 165, 2834
1, 2071, 31065165, 31066025, 165, 1025
1, 2072, 31080165, 31083444, 165, 3444
1, 2073, 31095165, 31096025, 165, 1025
1, 2074, 31110165, 31111025, 165, 1025
1, 2075, 31125165, 31129776, 165, 4776
1, 2076, 31140165, 31141495, 165, 1495
1, 2077, 31155165, 31156025, 165, 1025
1, 2078, 31170165, 31171025, 165, 1025
1, 2079, 31185165, 31186025, 165, 1025
1, 208, 3120165, 3122829, 165, 2829
1, 2080, 31200165, 31203440, 165, 3440
1, 2081, 31215165, 31216025, 165, 1025
1, 2082, 31230165, 31231025, 165, 1025
1, 2083, 31245165, 31246025, 165, 1025
1, 2084, 31260165, 31261495, 165, 1495
1, 2085, 31275165, 31276025, 165, 1025
1, 2086, 31290165, 31292606, 165, 2606
1, 2087, 31305165, 31306025, 165, 1025
1, 2088, 31320165, 31321025, 165, 1025
1, 2089, 31335165, 31336025, 165, 1025
1, 209, 3135165, 3136025, 165, 1025
1, 2090, 31350165, 31351025, 165, 1025
1, 2091, 31365165, 31367493, 165, 2493
1, 2092, 31380165, 31381495, 165, 1495
1, 2093, 31395165, 31396025, 165, 1025
1, 2094, 31410165, 31411025, 165, 1025
1, 2095, 31425165, 31426025, 165, 1025
1, 2096, 31440165, 31441495, 165, 1495
1, 2097, 31455165, 31456025, 165, 1025
1, 2098, 31470165, 31471495, 165, 1495
1, 2099, 31485165, 31486025, 165, 1025
1, 21, 315165, 316025, 165, 1025
1, 210, 3150165, 3152606, 165, 2606
1, 2100, 31500165, 31503468, 165, 3468
1, 2101, 31515165, 31516025, 165, 1025
1, 2102, 31530165, 31531025, 165, 1025
1, 2103, 31545165, 31546291, 165, 1291
1, 2104, 31560165, 31561495, 165, 1495
1, 2105, 31575165, 31576025, 165, 1025
1, 2106, 31590165, 31591025, 165, 1025
1, 2107, 31605165, 31606025, 165, 1025
1, 2108, 31620165, 31621495, 165, 1495
1, 2109, 31635165, 31636025, 165, 1025
1, 211, 3165165, 3166025, 165, 1025
1, 2110, 31650165, 31651495, 165, 1495
1, 2111, 31665165, 31666025, 165, 1025
1, 2112, 31680165, 31682829, 165, 2829
1, 2113, 31695165, 31696025, 165, 1025
1, 2114, 31710165, 31712606, 165, 2606
1, 2115, 31725165, 31727127, 165, 2127
1, 2116, 31740165, 31741495, 165, 1495
1, 2117, 31755165, 31756025, 165, 1025
1, 2118, 31770165, 31771025, 165, 1025
1, 2119, 31785165, 31786025, 165, 1025
1, 212, 3180165, 3181495, 165, 1495
1, 2120, 31800165, 31802843, 165, 2843
1, 2121, 31815165, 31816025, 165, 1025
1, 2122, 31830165, 31831025, 165, 1025
1, 2123, 31845165, 31846025, 165, 1025
1, 2124, 31860165, 31861025, 165, 1025
1, 2125, 31875165, 31876025, 165, 1025
1, 2126, 31890165, 31891495, 165, 1495
1, 2127, 31905165, 31906025, 165, 1025
1, 2128, 31920165, 31922606, 165, 2606
1, 2129, 31935165, 31936025, 165, 1025
1, 213, 3195165, 3196025, 165, 1025
1, 2130, 31950165, 31951025, 165, 1025
1, 2131, 31965165, 31966025, 165, 1025
1, 2132, 31980165, 31981495, 165, 1495
1, 2133, 31995165, 31996025, 165, 1025
1, 2134, 32010165, 32011025, 165, 1025
1, 2135, 32025165, 32026025, 165, 1025
1, 2136, 32040165, 32041025, 165, 1025
1, 2137, 32055165, 32056025, 165, 1025
1, 2138, 32070165, 32071451, 165, 1451
1, 2139, 32085165, 32086025, 165, 1025
1, 214, 3210165, 3211025, 165, 1025
1, 2140, 32100165, 32102828, 165, 2828
1, 2141, 32115165, 32116025, 165, 1025
1, 2142, 32130165, 32132606, 165, 2606
1, 2143, 32145165, 32146025, 165, 1025
1, 2144, 32160165, 32161644, 165, 1644
1, 2145, 32175165, 32176025, 165, 1025
1, 2146, 32190165, 32191025, 165, 1025
1, 2147, 32205165, 32206025, 165, 1025
1, 2148, 32220165, 32221495, 165, 1495
1, 2149, 32235165, 32236025, 165, 1025
1, 215, 3225165, 3226724, 165, 1724
1, 2150, 32250165, 32251025, 165, 1025
1, 2151, 32265165, 32266025, 165, 1025
1, 2152, 32280165, 32281025, 165, 1025
1, 2153, 32295165, 32296025, 165, 1025
1, 2154, 32310165, 32311495, 165, 1495
1, 2155, 32325165, 32326724, 165, 1724
1, 2156, 32340165, 32343444, 165, 3444
1, 2157, 32355165, 32356025, 165, 1025
1, 2158, 32370165, 32371025, 165, 1025
1, 2159, 32385165, 32386025, 165, 1025
1, 216, 3240165, 3241495, 165, 1495
1, 2160, 32400165, 32403440, 165, 3440
1, 2161, 32415165, 32416025, 165, 1025
1, 2162, 32430165, 32431025, 165, 1025
1, 2163, 32445165, 32446025, 165, 1025
1, 2164, 32460165, 32461025, 165, 1025
1, 2165, 32475165, 32476025, 165, 1025
1, 2166, 32490165, 32492194, 165, 2194
1, 2167, 32505165, 32506025, 165, 1025
1, 2168, 32520165, 32521495, 165, 1495
1, 2169, 32535165, 32536025, 165, 1025
1, 217, 3255165, 3256025, 165, 1025
1, 2170, 32550165, 32553468, 165, 3468
1, 2171, 32565165, 32572187, 165, 7187
1, 2172, 32580165, 32581495, 165, 1495
1, 2173, 32595165, 32596025, 165, 1025
1, 2174, 32610165, 32611025, 165, 1025
1, 2175, 32625165, 32626724, 165, 1724
1, 2176, 32640165, 32642851, 165, 2851
1, 2177, 32655165, 32656025, 165, 1025
1, 2178, 32670165, 32671025, 165, 1025
1, 2179, 32685165, 32686025, 165, 1025
1, 218, 3270165, 3271025, 165, 1025
1, 2180, 32700165, 32701495, 165, 1495
1, 2181, 32715165, 32716025, 165, 1025
1, 2182, 32730165, 32731495, 165, 1495
1, 2183, 32745165, 32746025, 165, 1025
1, 2184, 32760165, 32763444, 165, 3444
1, 2185, 32775165, 32776025, 165, 1025
1, 2186, 32790165, 32791025, 165, 1025
1, 2187, 32805165, 32806025, 165, 1025
1, 2188, 32820165, 32821495, 165, 1495
1, 2189, 32835165, 32836025, 165, 1025
1, 219, 3285165, 3286025, 165, 1025
1, 2190, 32850165, 32851025, 165, 1025
1, 2191, 32865165, 32866025, 165, 1025
1, 2192, 32880165, 32881495, 165, 1495
1, 2193, 32895165, 32896025, 165, 1025
1, 2194, 32910165, 32911025, 165, 1025
1, 2195, 32925165, 32926025, 165, 1025
1, 2196, 32940165, 32941495, 165, 1495
1, 2197, 32955165, 32956025, 165, 1025
1, 2198, 32970165, 32972864, 165, 2864
1, 2199, 32985165, 32986025, 165, 1025
1, 22, 330165, 331025, 165, 1025
1, 220, 3300165, 3301495, 165, 1495
1, 2200, 33000165, 33002843, 165, 2843
1, 2201, 33015165, 33016025, 165, 1025
1, 2202, 33030165, 33031025, 165, 1025
1, 2203, 33045165, 33046724, 165, 1724
1, 2204, 33060165, 33061025, 165, 1025
1, 2205, 33075165, 33076724, 165, 1724
1, 2206, 33090165, 33091025, 165, 1025
1, 2207, 33105165, 33106025, 165, 1025
1, 2208, 33120165, 33121495, 165, 1495
1, 2209, 33135165, 33136025, 165, 1025
1, 221, 3315165, 3316025, 165, 1025
1, 2210, 33150165, 33152834, 165, 2834
1, 2211, 33165165, 33166025, 165, 1025
1, 2212, 33180165, 33183610, 165, 3610
1, 2213, 33195165, 33196025, 165, 1025
1, 2214, 33210165, 33211025, 165, 1025
1, 2215, 33225165, 33226025, 165, 1025
1, 2216, 33240165, 33241495, 165, 1495
1, 2217, 33255165, 33256025, 165, 1025
1, 2218, 33270165, 33271025, 165, 1025
1, 2219, 33285165, 33286025, 165, 1025
1, 222, 3330165, 3332451, 165, 2451
1, 2220, 33300165, 33301495, 165, 1495
1, 2221, 33315165, 33316025, 165, 1025
1, 2222, 33330165, 33331025, 165, 1025
1, 2223, 33345165, 33346025, 165, 1025
1, 2224, 33360165, 33362829, 165, 2829
1, 2225, 33375165, 33376025, 165, 1025
1, 2226, 33390165, 33392864, 165, 2864
1, 2227, 33405165, 33406025, 165, 1025
1, 2228, 33420165, 33421495, 165, 1495
1, 2229, 33435165, 33436025, 165, 1025
1, 223, 3345165, 3346025, 165, 1025
1, 2230, 33450165, 33451025, 165, 1025
1, 2231, 33465165, 33466025, 165, 1025
1, 2232, 33480165, 33481025, 165, 1025
1, 2233, 33495165, 33496025, 165, 1025
1, 2234, 33510165, 33511025, 165, 1025
1, 2235, 33525165, 33526724, 165, 1724
1, 2236, 33540165, 33541025, 165, 1025
1, 2237, 33555165, 33556025, 165, 1025
1, 2238, 33570165, 33571025, 165, 1025
1, 2239, 33585165, 33586763, 165, 1763
1, 224, 3360165, 3362606, 165, 2606
1, 2240, 33600165, 33604572, 165, 4572
1, 2241, 33615165, 33616025, 165, 1025
1, 2242, 33630165, 33631025, 165, 1025
1, 2243, 33645165, 33646025, 165, 1025
1, 2244, 33660165, 33661495, 165, 1495
1, 2245, 33675165, 33676724, 165, 1724
1, 2246, 33690165, 33691472, 165, 1472
1, 2247, 33705165, 33706025, 165, 1025
1, 2248, 33720165, 33721025, 165, 1025
1, 2249, 33735165, 33736025, 165, 1025
1, 225, 3375165, 3376025, 165, 1025
1, 2250, 33750165, 33751495, 165, 1495
1, 2251, 33765165, 33766025, 165, 1025
1, 2252, 33780165, 33781495, 165, 1495
1, 2253, 33795165, 33796025, 165, 1025
1, 2254, 33810165, 33812864, 165, 2864
1, 2255, 33825165, 33826025, 165, 1025
1, 2256, 33840165, 33842851, 165, 2851
1, 2257, 33855165, 33856025, 165, 1025
1, 2258, 33870165, 33871025, 165, 1025
1, 2259, 33885165, 33886025, 165, 1025
1, 226, 3390165, 3391025, 165, 1025
1, 2260, 33900165, 33901495, 165, 1495
1, 2261, 33915165, 33916025, 165, 1025
1, 2262, 33930165, 33932578, 165, 2578
1, 2263, 33945165, 33946025, 165, 1025
1, 2264, 33960165, 33961025, 165, 1025
1, 2265, 33975165, 33976025, 165, 1025
1, 2266, 33990165, 33991025, 165, 1025
1, 2267, 34005165, 34006025, 165, 1025
1, 2268, 34020165, 34022606, 165, 2606
1, 2269, 34035165, 34036025, 165, 1025
1, 227, 3405165, 3406025, 165, 1025
1, 2270, 34050165, 34051025, 165, 1025
1, 2271, 34065165, 34066025, 165, 1025
1, 2272, 34080165, 34081495, 165, 1495
1, 2273, 34095165, 34096724, 165, 1724
1, 2274, 34110165, 34111025, 165, 1025
1, 2275, 34125165, 34126025, 165, 1025
1, 2276, 34140165, 34141025, 165, 1025
1, 2277, 34155165, 34156025, 165, 1025
1, 2278, 34170165, 34171025, 165, 1025
1, 2279, 34185165, 34186025, 165, 1025
1, 228, 3420165, 3421495, 165, 1495
1, 2280, 34200165, 34203324, 165, 3324
1, 2281, 34215165, 34216025, 165, 1025
1, 2282, 34230165, 34232864, 165, 2864
1, 2283, 34245165, 34246025, 165, 1025
1, 2284, 34260165, 34261495, 165, 1495
1, 2285, 34275165, 34276025, 165, 1025
1, 2286, 34290165, 34291025, 165, 1025
1, 2287, 34305165, 34306025, 165, 1025
1, 2288, 34320165, 34321495, 165, 1495
1, 2289, 34335165, 34336025, 165, 1025
1, 229, 3435165, 3436025, 165, 1025
1, 2290, 34350165, 34351495, 165, 1495
1, 2291, 34365165, 34366025, 165, 1025
1, 2292, 34380165, 34381025, 165, 1025
1, 2293, 34395165, 34396025, 165, 1025
1, 2294, 34410165, 34411025, 165, 1025
1, 2295, 34425165, 34426025, 165, 1025
1, 2296, 34440165, 34442606, 165, 2606
1, 2297, 34455165, 34456025, 165, 1025
1, 2298, 34470165, 34471025, 165, 1025
1, 2299, 34485165, 34486025, 165, 1025
1, 23, 345165, 346025, 165, 1025
1, 230, 3450165, 3451025, 165, 1025
1, 2300, 34500165, 34501495, 165, 1495
1, 2301, 34515165, 34516025, 165, 1025
1, 2302, 34530165, 34531025, 165, 1025
1, 2303, 34545165, 34546025, 165, 1025
1, 2304, 34560165, 34561495, 165, 1495
1, 2305, 34575165, 34576025, 165, 1025
1, 2306, 34590165, 34591025, 165, 1025
1, 2307, 34605165, 34606025, 165, 1025
1, 2308, 34620165, 34622829, 165, 2829
1, 2309, 34635165, 34636025, 165, 1025
1, 231, 3465165, 3466025, 165, 1025
1, 2310, 34650165, 34653468, 165, 3468
1, 2311, 34665165, 34666025, 165, 1025
1, 2312, 34680165, 34681495, 165, 1495
1, 2313, 34695165, 34696025, 165, 1025
1, 2314, 34710165, 34711025, 165, 1025
1, 2315, 34725165, 34727127, 165, 2127
1, 2316, 34740165, 34741025, 165, 1025
1, 2317, 34755165, 34756025, 165, 1025
1, 2318, 34770165, 34771025, 165, 1025
1, 2319, 34785165, 34786025, 165, 1025
1, 232, 3480165, 3481025, 165, 1025
1, 2320, 34800165, 34802843, 165, 2843
1, 2321, 34815165, 34816025, 165, 1025
1, 2322, 34830165, 34831025, 165, 1025
1, 2323, 34845165, 34846025, 165, 1025
1, 2324, 34860165, 34862606, 165, 2606
1, 2325, 34875165, 34876025, 165, 1025
1, 2326, 34890165, 34891025, 165, 1025
1, 2327, 34905165, 34906025, 165, 1025
1, 2328, 34920165, 34921025, 165, 1025
1, 2329, 34935165, 34936724, 165, 1724
1, 233, 3495165, 3496025, 165, 1025
1, 2330, 34950165, 34951495, 165, 1495
1, 2331, 34965165, 34966724, 165, 1724
1, 2332, 34980165, 34981025, 165, 1025
1, 2333, 34995165, 34996025, 165, 1025
1, 2334, 35010165, 35011025, 165, 1025
1, 2335, 35025165, 35026025, 165, 1025
1, 2336, 35040165, 35043393, 165, 3393
1, 2337, 35055165, 35056025, 165, 1025
1, 2338, 35070165, 35072864, 165, 2864
1, 2339, 35085165, 35086025, 165, 1025
1, 234, 3510165, 3511025, 165, 1025
1, 2340, 35100165, 35101495, 165, 1495
1, 2341, 35115165, 35116025, 165, 1025
1, 2342, 35130165, 35131025, 165, 1025
1, 2343, 35145165, 35146025, 165, 1025
1, 2344, 35160165, 35161025, 165, 1025
1, 2345, 35175165, 35176025, 165, 1025
1, 2346, 35190165, 35191025, 165, 1025
1, 2347, 35205165, 35209295, 165, 4295
1, 2348, 35220165, 35221495, 165, 1495
1, 2349, 35235165, 35236025, 165, 1025
1, 235, 3525165, 3526025, 165, 1025
1, 2350, 35250165, 35251495, 165, 1495
1, 2351, 35265165, 35266025, 165, 1025
1, 2352, 35280165, 35284572, 165, 4572
1, 2353, 35295165, 35296025, 165, 1025
1, 2354, 35310165, 35311025, 165, 1025
1, 2355, 35325165, 35326025, 165, 1025
1, 2356, 35340165, 35341025, 165, 1025
1, 2357, 35355165, 35356025, 165, 1025
1, 2358, 35370165, 35371025, 165, 1025
1, 2359, 35385165, 35386025, 165, 1025
1, 236, 3540165, 3541495, 165, 1495
1, 2360, 35400165, 35401495, 165, 1495
1, 2361, 35415165, 35416025, 165, 1025
1, 2362, 35430165, 35431025, 165, 1025
1, 2363, 35445165, 35446025, 165, 1025
1, 2364, 35460165, 35462829, 165, 2829
1, 2365, 35475165, 35476025, 165, 1025
1, 2366, 35490165, 35492864, 165, 2864
1, 2367, 35505165, 35506025, 165, 1025
1, 2368, 35520165, 35521495, 165, 1495
1, 2369, 35535165, 35536025, 165, 1025
1, 237, 3555165, 3556025, 165, 1025
1, 2370, 35550165, 35551495, 165, 1495
1, 2371, 35565165, 35566025, 165, 1025
1, 2372, 35580165, 35581025, 165, 1025
1, 2373, 35595165, 35596025, 165, 1025
1, 2374, 35610165, 35611025, 165, 1025
1, 2375, 35625165, 35626025, 165, 1025
1, 2376, 35640165, 35641495, 165, 1495
1, 2377, 35655165, 35656025, 165, 1025
1, 2378, 35670165, 35671025, 165, 1025
1, 2379, 35685165, 35686025, 165, 1025
1, 238, 3570165, 3572606, 165, 2606
1, 2380, 35700165, 35702606, 165, 2606
1, 2381, 35715165, 35716025, 165, 1025
1, 2382, 35730165, 35731025, 165, 1025
1, 2383, 35745165, 35746025, 165, 1025
1, 2384, 35760165, 35761495, 165, 1495
1, 2385, 35775165, 35776724, 165, 1724
1, 2386, 35790165, 35791025, 165, 1025
1, 2387, 35805165, 35806025, 165, 1025
1, 2388, 35820165, 35821025, 165, 1025
1, 2389, 35835165, 35836025, 165, 1025
1, 239, 3585165, 3586025, 165, 1025
1, 2390, 35850165, 35851025, 165, 1025
1, 2391, 35865165, 35866025, 165, 1025
1, 2392, 35880165, 35883271, 165, 3271
1, 2393, 35895165, 35896025, 165, 1025
1, 2394, 35910165, 35912864, 165, 2864
1, 2395, 35925165, 35926025, 165, 1025
1, 2396, 35940165, 35941025, 165, 1025
1, 2397, 35955165, 35956025, 165, 1025
1, 2398, 35970165, 35971025, 165, 1025
1, 2399, 35985165, 35986025, 165, 1025
1, 24, 360165, 362728, 165, 2728
1, 240, 3600165, 3602843, 165, 2843
1, 2400, 36000165, 36002843, 165, 2843
1, 2401, 36015165, 36016025, 165, 1025
1, 2402, 36030165, 36031025, 165, 1025
1, 2403, 36045165, 36046025, 165, 1025
1, 2404, 36060165, 36062728, 165, 2728
1, 2405, 36075165, 36076025, 165, 1025
1, 2406, 36090165, 36091025, 165, 1025
1, 2407, 36105165, 36106025, 165, 1025
1, 2408, 36120165, 36123444, 165, 3444
1, 2409, 36135165, 36136025, 165, 1025
1, 241, 3615165, 3616025, 165, 1025
1, 2410, 36150165, 36151495, 165, 1495
1, 2411, 36165165, 36166025, 165, 1025
1, 2412, 36180165, 36181025, 165, 1025
1, 2413, 36195165, 36196025, 165, 1025
1, 2414, 36210165, 36211025, 165, 1025
1, 2415, 36225165, 36226724, 165, 1724
1, 2416, 36240165, 36242851, 165, 2851
1, 2417, 36255165, 36256025, 165, 1025
1, 2418, 36270165, 36271025, 165, 1025
1, 2419, 36285165, 36286025, 165, 1025
1, 242, 3630165, 3631025, 165, 1025
1, 2420, 36300165, 36303324, 165, 3324
1, 2421, 36315165, 36316025, 165, 1025
1, 2422, 36330165, 36332864, 165, 2864
1, 2423, 36345165, 36346025, 165, 1025
1, 2424, 36360165, 36361025, 165, 1025
1, 2425, 36375165, 36376025, 165, 1025
1, 2426, 36390165, 36391025, 165, 1025
1, 2427, 36405165, 36411424, 165, 6424
1, 2428, 36420165, 36421025, 165, 1025
1, 2429, 36435165, 36436025, 165, 1025
1, 243, 3645165, 3646025, 165, 1025
1, 2430, 36450165, 36451025, 165, 1025
1, 2431, 36465165, 36466025, 165, 1025
1, 2432, 36480165, 36482851, 165, 2851
1, 2433, 36495165, 36496025, 165, 1025
1, 2434, 36510165, 36511025, 165, 1025
1, 2435, 36525165, 36526025, 165, 1025
1, 2436, 36540165, 36543444, 165, 3444
1, 2437, 36555165, 36556025, 165, 1025
1, 2438, 36570165, 36571495, 165, 1495
1, 2439, 36585165, 36586025, 165, 1025
1, 244, 3660165, 3661495, 165, 1495
1, 2440, 36600165, 36601495, 165, 1495
1, 2441, 36615165, 36616025, 165, 1025
1, 2442, 36630165, 36631025, 165, 1025
1, 2443, 36645165, 36651554, 165, 6554
1, 2444, 36660165, 36661495, 165, 1495
1, 2445, 36675165, 36676025, 165, 1025
1, 2446, 36690165, 36691025, 165, 1025
1, 2447, 36705165, 36706025, 165, 1025
1, 2448, 36720165, 36723393, 165, 3393
1, 2449, 36735165, 36736025, 165, 1025
1, 245, 3675165, 3676724, 165, 1724
1, 2450, 36750165, 36753468, 165, 3468
1, 2451, 36765165, 36766025, 165, 1025
1, 2452, 36780165, 36781025, 165, 1025
1, 2453, 36795165, 36796025, 165, 1025
1, 2454, 36810165, 36811025, 165, 1025
1, 2455, 36825165, 36826724, 165, 1724
1, 2456, 36840165, 36841441, 165, 1441
1, 2457, 36855165, 36856025, 165, 1025
1, 2458, 36870165, 36871025, 165, 1025
1, 2459, 36885165, 36886025, 165, 1025
1, 246, 3690165, 3691025, 165, 1025
1, 2460, 36900165, 36902843, 165, 2843
1, 2461, 36915165, 36916025, 165, 1025
1, 2462, 36930165, 36931025, 165, 1025
1, 2463, 36945165, 36946025, 165, 1025
1, 2464, 36960165, 36962606, 165, 2606
1, 2465, 36975165, 36976025, 165, 1025
1, 2466, 36990165, 36991025, 165, 1025
1, 2467, 37005165, 37006025, 165, 1025
1, 2468, 37020165, 37021025, 165, 1025
1, 2469, 37035165, 37036025, 165, 1025
1, 247, 3705165, 3706025, 165, 1025
1, 2470, 37050165, 37051025, 165, 1025
1, 2471, 37065165, 37066025, 165, 1025
1, 2472, 37080165, 37081495, 165, 1495
1, 2473, 37095165, 37096025, 165, 1025
1, 2474, 37110165, 37111025, 165, 1025
1, 2475, 37125165, 37126025, 165, 1025
1, 2476, 37140165, 37141495, 165, 1495
1, 2477, 37155165, 37156025, 165, 1025
1, 2478, 37170165, 37172606, 165, 2606
1, 2479, 37185165, 37186025, 165, 1025
1, 248, 3720165, 3721025, 165, 1025
1, 2480, 37200165, 37202843, 165, 2843
1, 2481, 37215165, 37216025, 165, 1025
1, 2482, 37230165, 37231025, 165, 1025
1, 2483, 37245165, 37249627, 165, 4627
1, 2484, 37260165, 37261495, 165, 1495
1, 2485, 37275165, 37276025, 165, 1025
1, 2486, 37290165, 37291025, 165, 1025
1, 2487, 37305165, 37306025, 165, 1025
1, 2488, 37320165, 37321495, 165, 1495
1, 2489, 37335165, 37336025, 165, 1025
1, 249, 3735165, 3736025, 165, 1025
1, 2490, 37350165, 37351495, 165, 1495
1, 2491, 37365165, 37366025, 165, 1025
1, 2492, 37380165, 37383444, 165, 3444
1, 2493, 37395165, 37396025, 165, 1025
1, 2494, 37410165, 37411025, 165, 1025
1, 2495, 37425165, 37426025, 165, 1025
1, 2496, 37440165, 37441495, 165, 1495
1, 2497, 37455165, 37456025, 165, 1025
1, 2498, 37470165, 37471025, 165, 1025
1, 2499, 37485165, 37486025, 165, 1025
1, 25, 375165, 376025, 165, 1025
1, 250, 3750165, 3752834, 165, 2834
1, 2500, 37500165, 37502843, 165, 2843
1, 2501, 37515165, 37516025, 165, 1025
1, 2502, 37530165, 37531025, 165, 1025
1, 2503, 37545165, 37546025, 165, 1025
1, 2504, 37560165, 37561495, 165, 1495
1, 2505, 37575165, 37576025, 165, 1025
1, 2506, 37590165, 37592606, 165, 2606
1, 2507, 37605165, 37606417, 165, 1417
1, 2508, 37620165, 37621025, 165, 1025
1, 2509, 37635165, 37636025, 165, 1025
1, 251, 3765165, 3766025, 165, 1025
1, 2510, 37650165, 37651025, 165, 1025
1, 2511, 37665165, 37671183, 165, 6183
1, 2512, 37680165, 37682851, 165, 2851
1, 2513, 37695165, 37696025, 165, 1025
1, 2514, 37710165, 37711025, 165, 1025
1, 2515, 37725165, 37726025, 165, 1025
1, 2516, 37740165, 37741495, 165, 1495
1, 2517, 37755165, 37756025, 165, 1025
1, 2518, 37770165, 37771495, 165, 1495
1, 2519, 37785165, 37786025, 165, 1025
1, 252, 3780165, 3783444, 165, 3444
1, 2520, 37800165, 37803468, 165, 3468
1, 2521, 37815165, 37816025, 165, 1025
1, 2522, 37830165, 37831025, 165, 1025
1, 2523, 37845165, 37849211, 165, 4211
1, 2524, 37860165, 37861495, 165, 1495
1, 2525, 37875165, 37876724, 165, 1724
1, 2526, 37890165, 37891025, 165, 1025
1, 2527, 37905165, 37906025, 165, 1025
1, 2528, 37920165, 37922851, 165, 2851
1, 2529, 37935165, 37936025, 165, 1025
1, 253, 3795165, 3796025, 165, 1025
1, 2530, 37950165, 37951025, 165, 1025
1, 2531, 37965165, 37966025, 165, 1025
1, 2532, 37980165, 37981495, 165, 1495
1, 2533, 37995165, 37996025, 165, 1025
1, 2534, 38010165, 38012606, 165, 2606
1, 2535, 38025165, 38026025, 165, 1025
1, 2536, 38040165, 38041025, 165, 1025
1, 2537, 38055165, 38056025, 165, 1025
1, 2538, 38070165, 38071025, 165, 1025
1, 2539, 38085165, 38090086, 165, 5086
1, 254, 3810165, 3811025, 165, 1025
1, 2540, 38100165, 38102843, 165, 2843
1, 2541, 38115165, 38116025, 165, 1025
1, 2542, 38130165, 38131025, 165, 1025
1, 2543, 38145165, 38146025, 165, 1025
1, 2544, 38160165, 38161495, 165, 1495
1, 2545, 38175165, 38176025, 165, 1025
1, 2546, 38190165, 38191495, 165, 1495
1, 2547, 38205165, 38206025, 165, 1025
1, 2548, 38220165, 38223444, 165, 3444
1, 2549, 38235165, 38236025, 165, 1025
1, 255, 3825165, 3826025, 165, 1025
1, 2550, 38250165, 38251495, 165, 1495
1, 2551, 38265165, 38266025, 165, 1025
1, 2552, 38280165, 38281495, 165, 1495
1, 2553, 38295165, 38296025, 165, 1025
1, 2554, 38310165, 38311025, 165, 1025
1, 2555, 38325165, 38326724, 165, 1724
1, 2556, 38340165, 38341495, 165, 1495
1, 2557, 38355165, 38356025, 165, 1025
1, 2558, 38370165, 38371025, 165, 1025
1, 2559, 38385165, 38386025, 165, 1025
1, 256, 3840165, 3842851, 165, 2851
1, 2560, 38400165, 38403324, 165, 3324
1, 2561, 38415165, 38416025, 165, 1025
1, 2562, 38430165, 38432606, 165, 2606
1, 2563, 38445165, 38446025, 165, 1025
1, 2564, 38460165, 38461025, 165, 1025
1, 2565, 38475165, 38476025, 165, 1025
1, 2566, 38490165, 38491025, 165, 1025
1, 2567, 38505165, 38506724, 165, 1724
1, 2568, 38520165, 38521495, 165, 1495
1, 2569, 38535165, 38536025, 165, 1025
1, 257, 3855165, 3856025, 165, 1025
1, 2570, 38550165, 38551025, 165, 1025
1, 2571, 38565165, 38566025, 165, 1025
1, 2572, 38580165, 38581025, 165, 1025
1, 2573, 38595165, 38596025, 165, 1025
1, 2574, 38610165, 38611495, 165, 1495
1, 2575, 38625165, 38626025, 165, 1025
1, 2576, 38640165, 38642606, 165, 2606
1, 2577, 38655165, 38656025, 165, 1025
1, 2578, 38670165, 38671025, 165, 1025
1, 2579, 38685165, 38686291, 165, 1291
1, 258, 3870165, 3871025, 165, 1025
1, 2580, 38700165, 38702843, 165, 2843
1, 2581, 38715165, 38716025, 165, 1025
1, 2582, 38730165, 38731025, 165, 1025
1, 2583, 38745165, 38746025, 165, 1025
1, 2584, 38760165, 38761495, 165, 1495
1, 2585, 38775165, 38776025, 165, 1025
1, 2586, 38790165, 38791025, 165, 1025
1, 2587, 38805165, 38806025, 165, 1025
1, 2588, 38820165, 38821495, 165, 1495
1, 2589, 38835165, 38836025, 165, 1025
1, 259, 3885165, 3886025, 165, 1025
1, 2590, 38850165, 38852606, 165, 2606
1, 2591, 38865165, 38866025, 165, 1025
1, 2592, 38880165, 38882851, 165, 2851
1, 2593, 38895165, 38896025, 165, 1025
1, 2594, 38910165, 38911025, 165, 1025
1, 2595, 38925165, 38926724, 165, 1724
1, 2596, 38940165, 38941495, 165, 1495
1, 2597, 38955165, 38956025, 165, 1025
1, 2598, 38970165, 38971025, 165, 1025
1, 2599, 38985165, 38986025, 165, 1025
1, 26, 390165, 391025, 165, 1025
1, 260, 3900165, 3901495, 165, 1495
1, 2600, 39000165, 39001495, 165, 1495
1, 2601, 39015165, 39016025, 165, 1025
1, 2602, 39030165, 39032451, 165, 2451
1, 2603, 39045165, 39046025, 165, 1025
1, 2604, 39060165, 39063444, 165, 3444
1, 2605, 39075165, 39076025, 165, 1025
1, 2606, 39090165, 39091025, 165, 1025
1, 2607, 39105165, 39106025, 165, 1025
1, 2608, 39120165, 39122851, 165, 2851
1, 2609, 39135165, 39136025, 165, 1025
1, 261, 3915165, 3916025, 165, 1025
1, 2610, 39150165, 39151025, 165, 1025
1, 2611, 39165165, 39166025, 165, 1025
1, 2612, 39180165, 39181025, 165, 1025
1, 2613, 39195165, 39196025, 165, 1025
1, 2614, 39210165, 39212794, 165, 2794
1, 2615, 39225165, 39226025, 165, 1025
1, 2616, 39240165, 39241495, 165, 1495
1, 2617, 39255165, 39256025, 165, 1025
1, 2618, 39270165, 39272606, 165, 2606
1, 2619, 39285165, 39288134, 165, 3134
1, 262, 3930165, 3932194, 165, 2194
1, 2620, 39300165, 39302843, 165, 2843
1, 2621, 39315165, 39316025, 165, 1025
1, 2622, 39330165, 39331025, 165, 1025
1, 2623, 39345165, 39346025, 165, 1025
1, 2624, 39360165, 39362851, 165, 2851
1, 2625, 39375165, 39376724, 165, 1724
1, 2626, 39390165, 39391025, 165, 1025
1, 2627, 39405165, 39406025, 165, 1025
1, 2628, 39420165, 39421025, 165, 1025
1, 2629, 39435165, 39436025, 165, 1025
1, 263, 3945165, 3946025, 165, 1025
1, 2630, 39450165, 39452834, 165, 2834
1, 2631, 39465165, 39466025, 165, 1025
1, 2632, 39480165, 39483444, 165, 3444
1, 2633, 39495165, 39496025, 165, 1025
1, 2634, 39510165, 39511025, 165, 1025
1, 2635, 39525165, 39526724, 165, 1724
1, 2636, 39540165, 39541495, 165, 1495
1, 2637, 39555165, 39556025, 165, 1025
1, 2638, 39570165, 39571025, 165, 1025
1, 2639, 39585165, 39586025, 165, 1025
1, 264, 3960165, 3961495, 165, 1495
1, 2640, 39600165, 39602843, 165, 2843
1, 2641, 39615165, 39616025, 165, 1025
1, 2642, 39630165, 39632097, 165, 2097
1, 2643, 39645165, 39646025, 165, 1025
1, 2644, 39660165, 39661495, 165, 1495
1, 2645, 39675165, 39676025, 165, 1025
1, 2646, 39690165, 39692864, 165, 2864
1, 2647, 39705165, 39706025, 165, 1025
1, 2648, 39720165, 39721495, 165, 1495
1, 2649, 39735165, 39736025, 165, 1025
1, 265, 3975165, 3976025, 165, 1025
1, 2650, 39750165, 39751025, 165, 1025
1, 2651, 39765165, 39766724, 165, 1724
1, 2652, 39780165, 39781495, 165, 1495
1, 2653, 39795165, 39796025, 165, 1025
1, 2654, 39810165, 39811025, 165, 1025
1, 2655, 39825165, 39826025, 165, 1025
1, 2656, 39840165, 39841495, 165, 1495
1, 2657, 39855165, 39856025, 165, 1025
1, 2658, 39870165, 39871495, 165, 1495
1, 2659, 39885165, 39886025, 165, 1025
1, 266, 3990165, 3992864, 165, 2864
1, 2660, 39900165, 39903468, 165, 3468
1, 2661, 39915165, 39916025, 165, 1025
1, 2662, 39930165, 39931025, 165, 1025
1, 2663, 39945165, 39946025, 165, 1025
1, 2664, 39960165, 39961495, 165, 1495
1, 2665, 39975165, 39976374, 165, 1374
1, 2666, 39990165, 39991025, 165, 1025
1, 2667, 40005165, 40006025, 165, 1025
1, 2668, 40020165, 40021025, 165, 1025
1, 2669, 40035165, 40036025, 165, 1025
1, 267, 4005165, 4012191, 165, 7191
1, 2670, 40050165, 40051495, 165, 1495
1, 2671, 40065165, 40066025, 165, 1025
1, 2672, 40080165, 40082829, 165, 2829
1, 2673, 40095165, 40096025, 165, 1025
1, 2674, 40110165, 40112864, 165, 2864
1, 2675, 40125165, 40126025, 165, 1025
1, 2676, 40140165, 40141495, 165, 1495
1, 2677, 40155165, 40156025, 165, 1025
1, 2678, 40170165, 40171025, 165, 1025
1, 2679, 40185165, 40186025, 165, 1025
1, 268, 4020165, 4021495, 165, 1495
1, 2680, 40200165, 40201495, 165, 1495
1, 2681, 40215165, 40216025, 165, 1025
1, 2682, 40230165, 40231025, 165, 1025
1, 2683, 40245165, 40246025, 165, 1025
1, 2684, 40260165, 40261025, 165, 1025
1, 2685, 40275165, 40276025, 165, 1025
1, 2686, 40290165, 40291495, 165, 1495
1, 2687, 40305165, 40306266, 165, 1266
1, 2688, 40320165, 40324572, 165, 4572
1, 2689, 40335165, 40336025, 165, 1025
1, 269, 4035165, 4036025, 165, 1025
1, 2690, 40350165, 40351025, 165, 1025
1, 2691, 40365165, 40366025, 165, 1025
1, 2692, 40380165, 40381495, 165, 1495
1, 2693, 40395165, 40399024, 165, 4024
1, 2694, 40410165, 40411025, 165, 1025
1, 2695, 40425165, 40426025, 165, 1025
1, 2696, 40440165, 40441025, 165, 1025
1, 2697, 40455165, 40456025, 165, 1025
1, 2698, 40470165, 40471025, 165, 1025
1, 2699, 40485165, 40486025, 165, 1025
1, 27, 405165, 406025, 165, 1025
1, 270, 4050165, 4051025, 165, 1025
1, 2700, 40500165, 40502828, 165, 2828
1, 2701, 40515165, 40516025, 165, 1025
1, 2702, 40530165, 40532864, 165, 2864
1, 2703, 40545165, 40546025, 165, 1025
1, 2704, 40560165, 40562851, 165, 2851
1, 2705, 40575165, 40576025, 165, 1025
1, 2706, 40590165, 40591025, 165, 1025
1, 2707, 40605165, 40606025, 165, 1025
1, 2708, 40620165, 40621025, 165, 1025
1, 2709, 40635165, 40636025, 165, 1025
1, 271, 4065165, 4066025, 165, 1025
1, 2710, 40650165, 40651495, 165, 1495
1, 2711, 40665165, 40666025, 165, 1025
1, 2712, 40680165, 40681025, 165, 1025
1, 2713, 40695165, 40696025, 165, 1025
1, 2714, 40710165, 40711025, 165, 1025
1, 2715, 40725165, 40731552, 165, 6552
1, 2716, 40740165, 40742606, 165, 2606
1, 2717, 40755165, 40756025, 165, 1025
1, 2718, 40770165, 40771025, 165, 1025
1, 2719, 40785165, 40786025, 165, 1025
1, 272, 4080165, 4082851, 165, 2851
1, 2720, 40800165, 40803440, 165, 3440
1, 2721, 40815165, 40819558, 165, 4558
1, 2722, 40830165, 40831025, 165, 1025
1, 2723, 40845165, 40846025, 165, 1025
1, 2724, 40860165, 40861025, 165, 1025
1, 2725, 40875165, 40876025, 165, 1025
1, 2726, 40890165, 40891025, 165, 1025
1, 2727, 40905165, 40906025, 165, 1025
1, 2728, 40920165, 40921495, 165, 1495
1, 2729, 40935165, 40936025, 165, 1025
1, 273, 4095165, 4096025, 165, 1025
1, 2730, 40950165, 40953468, 165, 3468
1, 2731, 40965165, 40966025, 165, 1025
1, 2732, 40980165, 40981495, 165, 1495
1, 2733, 40995165, 40996025, 165, 1025
1, 2734, 41010165, 41011025, 165, 1025
1, 2735, 41025165, 41026724, 165, 1724
1, 2736, 41040165, 41041495, 165, 1495
1, 2737, 41055165, 41056025, 165, 1025
1, 2738, 41070165, 41071025, 165, 1025
1, 2739, 41085165, 41086025, 165, 1025
1, 274, 4110165, 4111025, 165, 1025
1, 2740, 41100165, 41101495, 165, 1495
1, 2741, 41115165, 41116025, 165, 1025
1, 2742, 41130165, 41131025, 165, 1025
1, 2743, 41145165, 41146025, 165, 1025
1, 2744, 41160165, 41162606, 165, 2606
1, 2745, 41175165, 41176025, 165, 1025
1, 2746, 41190165, 41191025, 165, 1025
1, 2747, 41205165, 41206025, 165, 1025
1, 2748, 41220165, 41221025, 165, 1025
1, 2749, 41235165, 41238025, 165, 3025
1, 275, 4125165, 4126025, 165, 1025
1, 2750, 41250165, 41251495, 165, 1495
1, 2751, 41265165, 41266025, 165, 1025
1, 2752, 41280165, 41281495, 165, 1495
1, 2753, 41295165, 41296025, 165, 1025
1, 2754, 41310165, 41311025, 165, 1025
1, 2755, 41325165, 41326025, 165, 1025
1, 2756, 41340165, 41342829, 165, 2829
1, 2757, 41355165, 41356025, 165, 1025
1, 2758, 41370165, 41372864, 165, 2864
1, 2759, 41385165, 41386025, 165, 1025
1, 276, 4140165, 4141025, 165, 1025
1, 2760, 41400165, 41402843, 165, 2843
1, 2761, 41415165, 41416025, 165, 1025
1, 2762, 41430165, 41431025, 165, 1025
1, 2763, 41445165, 41446724, 165, 1724
1, 2764, 41460165, 41461025, 165, 1025
1, 2765, 41475165, 41476025, 165, 1025
1, 2766, 41490165, 41491025, 165, 1025
1, 2767, 41505165, 41506025, 165, 1025
1, 2768, 41520165, 41521495, 165, 1495
1, 2769, 41535165, 41536025, 165, 1025
1, 277, 4155165, 4156025, 165, 1025
1, 2770, 41550165, 41551495, 165, 1495
1, 2771, 41565165, 41566025, 165, 1025
1, 2772, 41580165, 41582606, 165, 2606
1, 2773, 41595165, 41596025, 165, 1025
1, 2774, 41610165, 41611025, 165, 1025
1, 2775, 41625165, 41626025, 165, 1025
1, 2776, 41640165, 41641025, 165, 1025
1, 2777, 41655165, 41656724, 165, 1724
1, 2778, 41670165, 41671025, 165, 1025
1, 2779, 41685165, 41686724, 165, 1724
1, 278, 4170165, 4171495, 165, 1495
1, 2780, 41700165, 41701495, 165, 1495
1, 2781, 41715165, 41716025, 165, 1025
1, 2782, 41730165, 41731025, 165, 1025
1, 2783, 41745165, 41746025, 165, 1025
1, 2784, 41760165, 41763393, 165, 3393
1, 2785, 41775165, 41776025, 165, 1025
1, 2786, 41790165, 41792864, 165, 2864
1, 2787, 41805165, 41806025, 165, 1025
1, 2788, 41820165, 41821495, 165, 1495
1, 2789, 41835165, 41836025, 165, 1025
1, 279, 4185165, 4186025, 165, 1025
1, 2790, 41850165, 41851495, 165, 1495
1, 2791, 41865165, 41866025, 165, 1025
1, 2792, 41880165, 41881025, 165, 1025
1, 2793, 41895165, 41896025, 165, 1025
1, 2794, 41910165, 41911025, 165, 1025
1, 2795, 41925165, 41926724, 165, 1724
1, 2796, 41940165, 41941495, 165, 1495
1, 2797, 41955165, 41956025, 165, 1025
1, 2798, 41970165, 41971025, 165, 1025
1, 2799, 41985165, 41986025, 165, 1025
1, 28, 420165, 423444, 165, 3444
1, 280, 4200165, 4203468, 165, 3468
1, 2800, 42000165, 42004572, 165, 4572
1, 2801, 42015165, 42016025, 165, 1025
1, 2802, 42030165, 42031025, 165, 1025
1, 2803, 42045165, 42046025, 165, 1025
1, 2804, 42060165, 42061025, 165, 1025
1, 2805, 42075165, 42076853, 165, 1853
1, 2806, 42090165, 42091413, 165, 1413
1, 2807, 42105165, 42106025, 165, 1025
1, 2808, 42120165, 42121025, 165, 1025
1, 2809, 42135165, 42136025, 165, 1025
1, 281, 4215165, 4216025, 165, 1025
1, 2810, 42150165, 42151025, 165, 1025
1, 2811, 42165165, 42166025, 165, 1025
1, 2812, 42180165, 42182829, 165, 2829
1, 2813, 42195165, 42196025, 165, 1025
1, 2814, 42210165, 42212864, 165, 2864
1, 2815, 42225165, 42226025, 165, 1025
1, 2816, 42240165, 42241495, 165, 1495
1, 2817, 42255165, 42256130, 165, 1130
1, 2818, 42270165, 42271025, 165, 1025
1, 2819, 42285165, 42286025, 165, 1025
1, 282, 4230165, 4231025, 165, 1025
1, 2820, 42300165, 42301495, 165, 1495
1, 2821, 42315165, 42316025, 165, 1025
1, 2822, 42330165, 42331025, 165, 1025
1, 2823, 42345165, 42346025, 165, 1025
1, 2824, 42360165, 42361495, 165, 1495
1, 2825, 42375165, 42376025, 165, 1025
1, 2826, 42390165, 42391025, 165, 1025
1, 2827, 42405165, 42406025, 165, 1025
1, 2828, 42420165, 42422606, 165, 2606
1, 2829, 42435165, 42436025, 165, 1025
1, 283, 4245165, 4246025, 165, 1025
1, 2830, 42450165, 42451495, 165, 1495
1, 2831, 42465165, 42466025, 165, 1025
1, 2832, 42480165, 42481495, 165, 1495
1, 2833, 42495165, 42496025, 165, 1025
1, 2834, 42510165, 42511025, 165, 1025
1, 2835, 42525165, 42526724, 165, 1724
1, 2836, 42540165, 42541025, 165, 1025
1, 2837, 42555165, 42556025, 165, 1025
1, 2838, 42570165, 42571025, 165, 1025
1, 2839, 42585165, 42586025, 165, 1025
1, 284, 4260165, 4261495, 165, 1495
1, 2840, 42600165, 42603324, 165, 3324
1, 2841, 42615165, 42616025, 165, 1025
1, 2842, 42630165, 42632864, 165, 2864
1, 2843, 42645165, 42646025, 165, 1025
1, 2844, 42660165, 42661025, 165, 1025
1, 2845, 42675165, 42676025, 165, 1025
1, 2846, 42690165, 42691025, 165, 1025
1, 2847, 42705165, 42707136, 165, 2136
1, 2848, 42720165, 42721495, 165, 1495
1, 2849, 42735165, 42736025, 165, 1025
1, 285, 4275165, 4276374, 165, 1374
1, 2850, 42750165, 42751025, 165, 1025
1, 2851, 42765165, 42766025, 165, 1025
1, 2852, 42780165, 42781495, 165, 1495
1, 2853, 42795165, 42796025, 165, 1025
1, 2854, 42810165, 42811025, 165, 1025
1, 2855, 42825165, 42826025, 165, 1025
1, 2856, 42840165, 42842606, 165, 2606
1, 2857, 42855165, 42856025, 165, 1025
1, 2858, 42870165, 42871025, 165, 1025
1, 2859, 42885165, 42886025, 165, 1025
1, 286, 4290165, 4291025, 165, 1025
1, 2860, 42900165, 42901495, 165, 1495
1, 2861, 42915165, 42916025, 165, 1025
1, 2862, 42930165, 42931025, 165, 1025
1, 2863, 42945165, 42946025, 165, 1025
1, 2864, 42960165, 42961605, 165, 1605
1, 2865, 42975165, 42976025, 165, 1025
1, 2866, 42990165, 42991025, 165, 1025
1, 2867, 43005165, 43006025, 165, 1025
1, 2868, 43020165, 43022829, 165, 2829
1, 2869, 43035165, 43036025, 165, 1025
1, 287, 4305165, 4306025, 165, 1025
1, 2870, 43050165, 43053468, 165, 3468
1, 2871, 43065165, 43066025, 165, 1025
1, 2872, 43080165, 43081025, 165, 1025
1, 2873, 43095165, 43096025, 165, 1025
1, 2874, 43110165, 43111025, 165, 1025
1, 2875, 43125165, 43130924, 165, 5924
1, 2876, 43140165, 43141025, 165, 1025
1, 2877, 43155165, 43156025, 165, 1025
1, 2878, 43170165, 43171025, 165, 1025
1, 2879, 43185165, 43186025, 165, 1025
1, 288, 4320165, 4321495, 165, 1495
1, 2880, 43200165, 43203440, 165, 3440
1, 2881, 43215165, 43216025, 165, 1025
1, 2882, 43230165, 43231025, 165, 1025
1, 2883, 43245165, 43246025, 165, 1025
1, 2884, 43260165, 43263444, 165, 3444
1, 2885, 43275165, 43276025, 165, 1025
1, 2886, 43290165, 43291495, 165, 1495
1, 2887, 43305165, 43306025, 165, 1025
1, 2888, 43320165, 43321025, 165, 1025
1, 2889, 43335165, 43336025, 165, 1025
1, 289, 4335165, 4336025, 165, 1025
1, 2890, 43350165, 43351495, 165, 1495
1, 2891, 43365165, 43369325, 165, 4325
1, 2892, 43380165, 43381495, 165, 1495
1, 2893, 43395165, 43396025, 165, 1025
1, 2894, 43410165, 43411025, 165, 1025
1, 2895, 43425165, 43426025, 165, 1025
1, 2896, 43440165, 43443393, 165, 3393
1, 2897, 43455165, 43456025, 165, 1025
1, 2898, 43470165, 43472606, 165, 2606
1, 2899, 43485165, 43486025, 165, 1025
1, 29, 435165, 436025, 165, 1025
1, 290, 4350165, 4351495, 165, 1495
1, 2900, 43500165, 43501495, 165, 1495
1, 2901, 43515165, 43516025, 165, 1025
1, 2902, 43530165, 43531025, 165, 1025
1, 2903, 43545165, 43546025, 165, 1025
1, 2904, 43560165, 43561025, 165, 1025
1, 2905, 43575165, 43576025, 165, 1025
1, 2906, 43590165, 43591025, 165, 1025
1, 2907, 43605165, 43606025, 165, 1025
1, 2908, 43620165, 43621495, 165, 1495
1, 2909, 43635165, 43636025, 165, 1025
1, 291, 4365165, 4366025, 165, 1025
1, 2910, 43650165, 43651495, 165, 1495
1, 2911, 43665165, 43666025, 165, 1025
1, 2912, 43680165, 43682606, 165, 2606
1, 2913, 43695165, 43696025, 165, 1025
1, 2914, 43710165, 43711025, 165, 1025
1, 2915, 43725165, 43726025, 165, 1025
1, 2916, 43740165, 43741025, 165, 1025
1, 2917, 43755165, 43756025, 165, 1025
1, 2918, 43770165, 43771025, 165, 1025
1, 2919, 43785165, 43788472, 165, 3472
1, 292, 4380165, 4381495, 165, 1495
1, 2920, 43800165, 43802843, 165, 2843
1, 2921, 43815165, 43816025, 165, 1025
1, 2922, 43830165, 43831025, 165, 1025
1, 2923, 43845165, 43846025, 165, 1025
1, 2924, 43860165, 43862829, 165, 2829
1, 2925, 43875165, 43876025, 165, 1025
1, 2926, 43890165, 43893318, 165, 3318
1, 2927, 43905165, 43906025, 165, 1025
1, 2928, 43920165, 43921495, 165, 1495
1, 2929, 43935165, 43936025, 165, 1025
1, 293, 4395165, 4396025, 165, 1025
1, 2930, 43950165, 43951495, 165, 1495
1, 2931, 43965165, 43966025, 165, 1025
1, 2932, 43980165, 43981025, 165, 1025
1, 2933, 43995165, 43996025, 165, 1025
1, 2934, 44010165, 44011025, 165, 1025
1, 2935, 44025165, 44026025, 165, 1025
1, 2936, 44040165, 44041495, 165, 1495
1, 2937, 44055165, 44056025, 165, 1025
1, 2938, 44070165, 44071025, 165, 1025
1, 2939, 44085165, 44086025, 165, 1025
1, 294, 4410165, 4412864, 165, 2864
1, 2940, 44100165, 44103468, 165, 3468
1, 2941, 44115165, 44116025, 165, 1025
1, 2942, 44130165, 44131025, 165, 1025
1, 2943, 44145165, 44146025, 165, 1025
1, 2944, 44160165, 44161495, 165, 1495
1, 2945, 44175165, 44176724, 165, 1724
1, 2946, 44190165, 44191025, 165, 1025
1, 2947, 44205165, 44206025, 165, 1025
1, 2948, 44220165, 44221495, 165, 1495
1, 2949, 44235165, 44236025, 165, 1025
1, 295, 4425165, 4426025, 165, 1025
1, 2950, 44250165, 44251025, 165, 1025
1, 2951, 44265165, 44266025, 165, 1025
1, 2952, 44280165, 44281495, 165, 1495
1, 2953, 44295165, 44296025, 165, 1025
1, 2954, 44310165, 44312606, 165, 2606
1, 2955, 44325165, 44326025, 165, 1025
1, 2956, 44340165, 44341025, 165, 1025
1, 2957, 44355165, 44356025, 165, 1025
1, 2958, 44370165, 44371025, 165, 1025
1, 2959, 44385165, 44389549, 165, 4549
1, 296, 4440165, 4441495, 165, 1495
1, 2960, 44400165, 44403440, 165, 3440
1, 2961, 44415165, 44416025, 165, 1025
1, 2962, 44430165, 44431025, 165, 1025
1, 2963, 44445165, 44446025, 165, 1025
1, 2964, 44460165, 44461495, 165, 1495
1, 2965, 44475165, 44476025, 165, 1025
1, 2966, 44490165, 44491025, 165, 1025
1, 2967, 44505165, 44506025, 165, 1025
1, 2968, 44520165, 44523444, 165, 3444
1, 2969, 44535165, 44536025, 165, 1025
1, 297, 4455165, 4456025, 165, 1025
1, 2970, 44550165, 44551495, 165, 1495
1, 2971, 44565165, 44566059, 165, 1059
1, 2972, 44580165, 44581025, 165, 1025
1, 2973, 44595165, 44596025, 165, 1025
1, 2974, 44610165, 44611025, 165, 1025
1, 2975, 44625165, 44626724, 165, 1724
1, 2976, 44640165, 44642851, 165, 2851
1, 2977, 44655165, 44656025, 165, 1025
1, 2978, 44670165, 44671025, 165, 1025
1, 2979, 44685165, 44686025, 165, 1025
1, 298, 4470165, 4471025, 165, 1025
1, 2980, 44700165, 44702828, 165, 2828
1, 2981, 44715165, 44716025, 165, 1025
1, 2982, 44730165, 44733256, 165, 3256
1, 2983, 44745165, 44746025, 165, 1025
1, 2984, 44760165, 44761025, 165, 1025
1, 2985, 44775165, 44776025, 165, 1025
1, 2986, 44790165, 44791025, 165, 1025
1, 2987, 44805165, 44811424, 165, 6424
1, 2988, 44820165, 44821495, 165, 1495
1, 2989, 44835165, 44836025, 165, 1025
1, 299, 4485165, 4486724, 165, 1724
1, 2990, 44850165, 44851025, 165, 1025
1, 2991, 44865165, 44866025, 165, 1025
1, 2992, 44880165, 44882851, 165, 2851
1, 2993, 44895165, 44896025, 165, 1025
1, 2994, 44910165, 44911495, 165, 1495
1, 2995, 44925165, 44926025, 165, 1025
1, 2996, 44940165, 44943444, 165, 3444
1, 2997, 44955165, 44956025, 165, 1025
1, 2998, 44970165, 44971025, 165, 1025
1, 2999, 44985165, 44986724, 165, 1724
1, 3, 45165, 46025, 165, 1025
1, 30, 450165, 451495, 165, 1495
1, 300, 4500165, 4501495, 165, 1495
1, 3000, 45000165, 45002843, 165, 2843
1, 3001, 45015165, 45016025, 165, 1025
1, 3002, 45030165, 45031025, 165, 1025
1, 3003, 45045165, 45046025, 165, 1025
1, 3004, 45060165, 45061495, 165, 1495
1, 3005, 45075165, 45076025, 165, 1025
1, 3006, 45090165, 45091025, 165, 1025
1, 3007, 45105165, 45106025, 165, 1025
1, 3008, 45120165, 45122829, 165, 2829
1, 3009, 45135165, 45136025, 165, 1025
1, 301, 4515165, 4516025, 165, 1025
1, 3010, 45150165, 45152606, 165, 2606
1, 3011, 45165165, 45166025, 165, 1025
1, 3012, 45180165, 45181025, 165, 1025
1, 3013, 45195165, 45196025, 165, 1025
1, 3014, 45210165, 45211025, 165, 1025
1, 3015, 45225165, 45226025, 165, 1025
1, 3016, 45240165, 45241495, 165, 1495
1, 3017, 45255165, 45256025, 165, 1025
1, 3018, 45270165, 45271025, 165, 1025
1, 3019, 45285165, 45286025, 165, 1025
1, 302, 4530165, 4531025, 165, 1025
1, 3020, 45300165, 45301495, 165, 1495
1, 3021, 45315165, 45316025, 165, 1025
1, 3022, 45330165, 45331495, 165, 1495
1, 3023, 45345165, 45346025, 165, 1025
1, 3024, 45360165, 45362606, 165, 2606
1, 3025, 45375165, 45376025, 165, 1025
1, 3026, 45390165, 45391025, 165, 1025
1, 3027, 45405165, 45406025, 165, 1025
1, 3028, 45420165, 45421495, 165, 1495
1, 3029, 45435165, 45436025, 165, 1025
1, 303, 4545165, 4546025, 165, 1025
1, 3030, 45450165, 45451025, 165, 1025
1, 3031, 45465165, 45466025, 165, 1025
1, 3032, 45480165, 45481495, 165, 1495
1, 3033, 45495165, 45496025, 165, 1025
1, 3034, 45510165, 45511025, 165, 1025
1, 3035, 45525165, 45526025, 165, 1025
1, 3036, 45540165, 45541495, 165, 1495
1, 3037, 45555165, 45556025, 165, 1025
1, 3038, 45570165, 45572606, 165, 2606
1, 3039, 45585165, 45586025, 165, 1025
1, 304, 4560165, 4561495, 165, 1495
1, 3040, 45600165, 45602843, 165, 2843
1, 3041, 45615165, 45616025, 165, 1025
1, 3042, 45630165, 45631025, 165, 1025
1, 3043, 45645165, 45646724, 165, 1724
1, 3044, 45660165, 45661495, 165, 1495
1, 3045, 45675165, 45676724, 165, 1724
1, 3046, 45690165, 45691025, 165, 1025
1, 3047, 45705165, 45706025, 165, 1025
1, 3048, 45720165, 45721025, 165, 1025
1, 3049, 45735165, 45736025, 165, 1025
1, 305, 4575165, 4576025, 165, 1025
1, 3050, 45750165, 45752834, 165, 2834
1, 3051, 45765165, 45766025, 165, 1025
1, 3052, 45780165, 45783444, 165, 3444
1, 3053, 45795165, 45796025, 165, 1025
1, 3054, 45810165, 45811025, 165, 1025
1, 3055, 45825165, 45826724, 165, 1724
1, 3056, 45840165, 45842851, 165, 2851
1, 3057, 45855165, 45856025, 165, 1025
1, 3058, 45870165, 45871025, 165, 1025
1, 3059, 45885165, 45886025, 165, 1025
1, 306, 4590165, 4591495, 165, 1495
1, 3060, 45900165, 45902843, 165, 2843
1, 3061, 45915165, 45916025, 165, 1025
1, 3062, 45930165, 45931025, 165, 1025
1, 3063, 45945165, 45946025, 165, 1025
1, 3064, 45960165, 45961495, 165, 1495
1, 3065, 45975165, 45976025, 165, 1025
1, 3066, 45990165, 45992606, 165, 2606
1, 3067, 46005165, 46007087, 165, 2087
1, 3068, 46020165, 46021495, 165, 1495
1, 3069, 46035165, 46036025, 165, 1025
1, 307, 4605165, 4606266, 165, 1266
1, 3070, 46050165, 46051025, 165, 1025
1, 3071, 46065165, 46066025, 165, 1025
1, 3072, 46080165, 46082851, 165, 2851
1, 3073, 46095165, 46096025, 165, 1025
1, 3074, 46110165, 46111025, 165, 1025
1, 3075, 46125165, 46126025, 165, 1025
1, 3076, 46140165, 46141025, 165, 1025
1, 3077, 46155165, 46156025, 165, 1025
1, 3078, 46170165, 46172068, 165, 2068
1, 3079, 46185165, 46186025, 165, 1025
1, 308, 4620165, 4622606, 165, 2606
1, 3080, 46200165, 46203468, 165, 3468
1, 3081, 46215165, 46216025, 165, 1025
1, 3082, 46230165, 46231025, 165, 1025
1, 3083, 46245165, 46246025, 165, 1025
1, 3084, 46260165, 46261495, 165, 1495
1, 3085, 46275165, 46276323, 165, 1323
1, 3086, 46290165, 46291025, 165, 1025
1, 3087, 46305165, 46306025, 165, 1025
1, 3088, 46320165, 46321495, 165, 1495
1, 3089, 46335165, 46336025, 165, 1025
1, 309, 4635165, 4636025, 165, 1025
1, 3090, 46350165, 46351495, 165, 1495
1, 3091, 46365165, 46366025, 165, 1025
1, 3092, 46380165, 46381495, 165, 1495
1, 3093, 46395165, 46396025, 165, 1025
1, 3094, 46410165, 46412606, 165, 2606
1, 3095, 46425165, 46426025, 165, 1025
1, 3096, 46440165, 46441290, 165, 1290
1, 3097, 46455165, 46456025, 165, 1025
1, 3098, 46470165, 46471025, 165, 1025
1, 3099, 46485165, 46486724, 165, 1724
1, 31, 465165, 466025, 165, 1025
1, 310, 4650165, 4651025, 165, 1025
1, 3100, 46500165, 46502843, 165, 2843
1, 3101, 46515165, 46516025, 165, 1025
1, 3102, 46530165, 46531025, 165, 1025
1, 3103, 46545165, 46546025, 165, 1025
1, 3104, 46560165, 46561495, 165, 1495
1, 3105, 46575165, 46576025, 165, 1025
1, 3106, 46590165, 46591495, 165, 1495
1, 3107, 46605165, 46606025, 165, 1025
1, 3108, 46620165, 46623444, 165, 3444
1, 3109, 46635165, 46636025, 165, 1025
1, 311, 4665165, 4666025, 165, 1025
1, 3110, 46650165, 46651025, 165, 1025
1, 3111, 46665165, 46666025, 165, 1025
1, 3112, 46680165, 46681495, 165, 1495
1, 3113, 46695165, 46696025, 165, 1025
1, 3114, 46710165, 46711025, 165, 1025
1, 3115, 46725165, 46726724, 165, 1724
1, 3116, 46740165, 46741025, 165, 1025
1, 3117, 46755165, 46756025, 165, 1025
1, 3118, 46770165, 46772097, 165, 2097
1, 3119, 46785165, 46786025, 165, 1025
1, 312, 4680165, 4681495, 165, 1495
1, 3120, 46800165, 46803324, 165, 3324
1, 3121, 46815165, 46816025, 165, 1025
1, 3122, 46830165, 46832864, 165, 2864
1, 3123, 46845165, 46846025, 165, 1025
1, 3124, 46860165, 46861495, 165, 1495
1, 3125, 46875165, 46876025, 165, 1025
1, 3126, 46890165, 46891025, 165, 1025
1, 3127, 46905165, 46906025, 165, 1025
1, 3128, 46920165, 46921495, 165, 1495
1, 3129, 46935165, 46936025, 165, 1025
1, 313, 4695165, 4699024, 165, 4024
1, 3130, 46950165, 46951495, 165, 1495
1, 3131, 46965165, 46966025, 165, 1025
1, 3132, 46980165, 46981025, 165, 1025
1, 3133, 46995165, 46996025, 165, 1025
1, 3134, 47010165, 47011495, 165, 1495
1, 3135, 47025165, 47026025, 165, 1025
1, 3136, 47040165, 47042606, 165, 2606
1, 3137, 47055165, 47056025, 165, 1025
1, 3138, 47070165, 47071025, 165, 1025
1, 3139, 47085165, 47086025, 165, 1025
1, 314, 4710165, 4711025, 165, 1025
1, 3140, 47100165, 47102843, 165, 2843
1, 3141, 47115165, 47116025, 165, 1025
1, 3142, 47130165, 47131025, 165, 1025
1, 3143, 47145165, 47146025, 165, 1025
1, 3144, 47160165, 47161025, 165, 1025
1, 3145, 47175165, 47176025, 165, 1025
1, 3146, 47190165, 47191025, 165, 1025
1, 3147, 47205165, 47206025, 165, 1025
1, 3148, 47220165, 47221495, 165, 1495
1, 3149, 47235165, 47236025, 165, 1025
1, 315, 4725165, 4726724, 165, 1724
1, 3150, 47250165, 47253468, 165, 3468
1, 3151, 47265165, 47266025, 165, 1025
1, 3152, 47280165, 47282851, 165, 2851
1, 3153, 47295165, 47296025, 165, 1025
1, 3154, 47310165, 47311025, 165, 1025
1, 3155, 47325165, 47326724, 165, 1724
1, 3156, 47340165, 47341025, 165, 1025
1, 3157, 47355165, 47356025, 165, 1025
1, 3158, 47370165, 47371495, 165, 1495
1, 3159, 47385165, 47386025, 165, 1025
1, 316, 4740165, 4741025, 165, 1025
1, 3160, 47400165, 47401495, 165, 1495
1, 3161, 47415165, 47416025, 165, 1025
1, 3162, 47430165, 47431495, 165, 1495
1, 3163, 47445165, 47448107, 165, 3107
1, 3164, 47460165, 47462606, 165, 2606
1, 3165, 47475165, 47476025, 165, 1025
1, 3166, 47490165, 47491025, 165, 1025
1, 3167, 47505165, 47506025, 165, 1025
1, 3168, 47520165, 47522851, 165, 2851
1, 3169, 47535165, 47536724, 165, 1724
1, 317, 4755165, 4756025, 165, 1025
1, 3170, 47550165, 47551495, 165, 1495
1, 3171, 47565165, 47566025, 165, 1025
1, 3172, 47580165, 47581025, 165, 1025
1, 3173, 47595165, 47596025, 165, 1025
1, 3174, 47610165, 47611025, 165, 1025
1, 3175, 47625165, 47626025, 165, 1025
1, 3176, 47640165, 47641495, 165, 1495
1, 3177, 47655165, 47656025, 165, 1025
1, 3178, 47670165, 47672864, 165, 2864
1, 3179, 47685165, 47686025, 165, 1025
1, 318, 4770165, 4771025, 165, 1025
1, 3180, 47700165, 47702843, 165, 2843
1, 3181, 47715165, 47716025, 165, 1025
1, 3182, 47730165, 47731025, 165, 1025
1, 3183, 47745165, 47746025, 165, 1025
1, 3184, 47760165, 47761495, 165, 1495
1, 3185, 47775165, 47776724, 165, 1724
1, 3186, 47790165, 47791495, 165, 1495
1, 3187, 47805165, 47806025, 165, 1025
1, 3188, 47820165, 47821025, 165, 1025
1, 3189, 47835165, 47836025, 165, 1025
1, 319, 4785165, 4786025, 165, 1025
1, 3190, 47850165, 47851495, 165, 1495
1, 3191, 47865165, 47866025, 165, 1025
1, 3192, 47880165, 47882606, 165, 2606
1, 3193, 47895165, 47896025, 165, 1025
1, 3194, 47910165, 47911025, 165, 1025
1, 3195, 47925165, 47926025, 165, 1025
1, 3196, 47940165, 47941495, 165, 1495
1, 3197, 47955165, 47956222, 165, 1222
1, 3198, 47970165, 47971025, 165, 1025
1, 3199, 47985165, 47986025, 165, 1025
1, 32, 480165, 481495, 165, 1495
1, 320, 4800165, 4803324, 165, 3324
1, 3200, 48000165, 48002843, 165, 2843
1, 3201, 48015165, 48016025, 165, 1025
1, 3202, 48030165, 48031025, 165, 1025
1, 3203, 48045165, 48046025, 165, 1025
1, 3204, 48060165, 48061495, 165, 1495
1, 3205, 48075165, 48076025, 165, 1025
1, 3206, 48090165, 48092864, 165, 2864
1, 3207, 48105165, 48106025, 165, 1025
1, 3208, 48120165, 48121495, 165, 1495
1, 3209, 48135165, 48136025, 165, 1025
1, 321, 4815165, 4816025, 165, 1025
1, 3210, 48150165, 48151025, 165, 1025
1, 3211, 48165165, 48166724, 165, 1724
1, 3212, 48180165, 48181025, 165, 1025
1, 3213, 48195165, 48196025, 165, 1025
1, 3214, 48210165, 48211025, 165, 1025
1, 3215, 48225165, 48226025, 165, 1025
1, 3216, 48240165, 48241495, 165, 1495
1, 3217, 48255165, 48256025, 165, 1025
1, 3218, 48270165, 48271025, 165, 1025
1, 3219, 48285165, 48286025, 165, 1025
1, 322, 4830165, 4832864, 165, 2864
1, 3220, 48300165, 48302606, 165, 2606
1, 3221, 48315165, 48316025, 165, 1025
1, 3222, 48330165, 48331025, 165, 1025
1, 3223, 48345165, 48346025, 165, 1025
1, 3224, 48360165, 48361025, 165, 1025
1, 3225, 48375165, 48381183, 165, 6183
1, 3226, 48390165, 48391025, 165, 1025
1, 3227, 48405165, 48406025, 165, 1025
1, 3228, 48420165, 48421025, 165, 1025
1, 3229, 48435165, 48436025, 165, 1025
1, 323, 4845165, 4846025, 165, 1025
1, 3230, 48450165, 48451495, 165, 1495
1, 3231, 48465165, 48466025, 165, 1025
1, 3232, 48480165, 48483393, 165, 3393
1, 3233, 48495165, 48496025, 165, 1025
1, 3234, 48510165, 48512864, 165, 2864
1, 3235, 48525165, 48526025, 165, 1025
1, 3236, 48540165, 48541495, 165, 1495
1, 3237, 48555165, 48556025, 165, 1025
1, 3238, 48570165, 48571025, 165, 1025
1, 3239, 48585165, 48586025, 165, 1025
1, 324, 4860165, 4861495, 165, 1495
1, 3240, 48600165, 48601495, 165, 1495
1, 3241, 48615165, 48616025, 165, 1025
1, 3242, 48630165, 48631025, 165, 1025
1, 3243, 48645165, 48646025, 165, 1025
1, 3244, 48660165, 48661025, 165, 1025
1, 3245, 48675165, 48676025, 165, 1025
1, 3246, 48690165, 48691025, 165, 1025
1, 3247, 48705165, 48706025, 165, 1025
1, 3248, 48720165, 48724572, 165, 4572
1, 3249, 48735165, 48736025, 165, 1025
1, 325, 4875165, 4876025, 165, 1025
1, 3250, 48750165, 48751025, 165, 1025
1, 3251, 48765165, 48766025, 165, 1025
1, 3252, 48780165, 48781025, 165, 1025
1, 3253, 48795165, 48796025, 165, 1025
1, 3254, 48810165, 48811495, 165, 1495
1, 3255, 48825165, 48826025, 165, 1025
1, 3256, 48840165, 48841025, 165, 1025
1, 3257, 48855165, 48856025, 165, 1025
1, 3258, 48870165, 48871025, 165, 1025
1, 3259, 48885165, 48887464, 165, 2464
1, 326, 4890165, 4891025, 165, 1025
1, 3260, 48900165, 48903324, 165, 3324
1, 3261, 48915165, 48916025, 165, 1025
1, 3262, 48930165, 48932864, 165, 2864
1, 3263, 48945165, 48946025, 165, 1025
1, 3264, 48960165, 48962851, 165, 2851
1, 3265, 48975165, 48976025, 165, 1025
1, 3266, 48990165, 48991025, 165, 1025
1, 3267, 49005165, 49006025, 165, 1025
1, 3268, 49020165, 49021025, 165, 1025
1, 3269, 49035165, 49036025, 165, 1025
1, 327, 4905165, 4906025, 165, 1025
1, 3270, 49050165, 49051495, 165, 1495
1, 3271, 49065165, 49066025, 165, 1025
1, 3272, 49080165, 49081025, 165, 1025
1, 3273, 49095165, 49096025, 165, 1025
1, 3274, 49110165, 49111025, 165, 1025
1, 3275, 49125165, 49126025, 165, 1025
1, 3276, 49140165, 49142606, 165, 2606
1, 3277, 49155165, 49156025, 165, 1025
1, 3278, 49170165, 49171025, 165, 1025
1, 3279, 49185165, 49186025, 165, 1025
1, 328, 4920165, 4921025, 165, 1025
1, 3280, 49200165, 49202843, 165, 2843
1, 3281, 49215165, 49216724, 165, 1724
1, 3282, 49230165, 49231025, 165, 1025
1, 3283, 49245165, 49246025, 165, 1025
1, 3284, 49260165, 49261025, 165, 1025
1, 3285, 49275165, 49276025, 165, 1025
1, 3286, 49290165, 49291025, 165, 1025
1, 3287, 49305165, 49306025, 165, 1025
1, 3288, 49320165, 49322829, 165, 2829
1, 3289, 49335165, 49336025, 165, 1025
1, 329, 4935165, 4936025, 165, 1025
1, 3290, 49350165, 49353468, 165, 3468
1, 3291, 49365165, 49366025, 165, 1025
1, 3292, 49380165, 49381025, 165, 1025
1, 3293, 49395165, 49396025, 165, 1025
1, 3294, 49410165, 49411025, 165, 1025
1, 3295, 49425165, 49426724, 165, 1724
1, 3296, 49440165, 49441495, 165, 1495
1, 3297, 49455165, 49456025, 165, 1025
1, 3298, 49470165, 49471025, 165, 1025
1, 3299, 49485165, 49486025, 165, 1025
1, 33, 495165, 496025, 165, 1025
1, 330, 4950165, 4951495, 165, 1495
1, 3300, 49500165, 49502843, 165, 2843
1, 3301, 49515165, 49516025, 165, 1025
1, 3302, 49530165, 49531025, 165, 1025
1, 3303, 49545165, 49546025, 165, 1025
1, 3304, 49560165, 49562606, 165, 2606
1, 3305, 49575165, 49576025, 165, 1025
1, 3306, 49590165, 49591025, 165, 1025
1, 3307, 49605165, 49606025, 165, 1025
1, 3308, 49620165, 49621025, 165, 1025
1, 3309, 49635165, 49636025, 165, 1025
1, 331, 4965165, 4966025, 165, 1025
1, 3310, 49650165, 49651495, 165, 1495
1, 3311, 49665165, 49666025, 165, 1025
1, 3312, 49680165, 49681495, 165, 1495
1, 3313, 49695165, 49696025, 165, 1025
1, 3314, 49710165, 49711025, 165, 1025
1, 3315, 49725165, 49726025, 165, 1025
1, 3316, 49740165, 49742829, 165, 2829
1, 3317, 49755165, 49756025, 165, 1025
1, 3318, 49770165, 49772864, 165, 2864
1, 3319, 49785165, 49786025, 165, 1025
1, 332, 4980165, 4981025, 165, 1025
1, 3320, 49800165, 49801495, 165, 1495
1, 3321, 49815165, 49816025, 165, 1025
1, 3322, 49830165, 49831025, 165, 1025
1, 3323, 49845165, 49848372, 165, 3372
1, 3324, 49860165, 49861025, 165, 1025
1, 3325, 49875165, 49876025, 165, 1025
1, 3326, 49890165, 49891025, 165, 1025
1, 3327, 49905165, 49906025, 165, 1025
1, 3328, 49920165, 49922851, 165, 2851
1, 3329, 49935165, 49936025, 165, 1025
1, 333, 4995165, 4996025, 165, 1025
1, 3330, 49950165, 49951495, 165, 1495
1, 3331, 49965165, 49966025, 165, 1025
1, 3332, 49980165, 49982606, 165, 2606
1, 3333, 49995165, 49996025, 165, 1025
1, 3334, 50010165, 50011025, 165, 1025
1, 3335, 50025165, 50026025, 165, 1025
1, 3336, 50040165, 50041025, 165, 1025
1, 3337, 50055165, 50056025, 165, 1025
1, 3338, 50070165, 50071025, 165, 1025
1, 3339, 50085165, 50087953, 165, 2953
1, 334, 5010165, 5011025, 165, 1025
1, 3340, 50100165, 50102843, 165, 2843
1, 3341, 50115165, 50116025, 165, 1025
1, 3342, 50130165, 50131025, 165, 1025
1, 3343, 50145165, 50146025, 165, 1025
1, 3344, 50160165, 50163393, 165, 3393
1, 3345, 50175165, 50176025, 165, 1025
1, 3346, 50190165, 50192864, 165, 2864
1, 3347, 50205165, 50206025, 165, 1025
1, 3348, 50220165, 50221025, 165, 1025
1, 3349, 50235165, 50236025, 165, 1025
1, 335, 5025165, 5026025, 165, 1025
1, 3350, 50250165, 50252068, 165, 2068
1, 3351, 50265165, 50266025, 165, 1025
1, 3352, 50280165, 50281025, 165, 1025
1, 3353, 50295165, 50296025, 165, 1025
1, 3354, 50310165, 50311025, 165, 1025
1, 3355, 50325165, 50326724, 165, 1724
1, 3356, 50340165, 50343379, 165, 3379
1, 3357, 50355165, 50356025, 165, 1025
1, 3358, 50370165, 50371025, 165, 1025
1, 3359, 50385165, 50386025, 165, 1025
1, 336, 5040165, 5044572, 165, 4572
1, 3360, 50400165, 50402606, 165, 2606
1, 3361, 50415165, 50416025, 165, 1025
1, 3362, 50430165, 50431025, 165, 1025
1, 3363, 50445165, 50446025, 165, 1025
1, 3364, 50460165, 50461025, 165, 1025
1, 3365, 50475165, 50476724, 165, 1724
1, 3366, 50490165, 50491025, 165, 1025
1, 3367, 50505165, 50506724, 165, 1724
1, 3368, 50520165, 50521495, 165, 1495
1, 3369, 50535165, 50536025, 165, 1025
1, 337, 5055165, 5056025, 165, 1025
1, 3370, 50550165, 50551025, 165, 1025
1, 3371, 50565165, 50566025, 165, 1025
1, 3372, 50580165, 50582829, 165, 2829
1, 3373, 50595165, 50596025, 165, 1025
1, 3374, 50610165, 50612864, 165, 2864
1, 3375, 50625165, 50626025, 165, 1025
1, 3376, 50640165, 50641495, 165, 1495
1, 3377, 50655165, 50656025, 165, 1025
1, 3378, 50670165, 50671025, 165, 1025
1, 3379, 50685165, 50686025, 165, 1025
1, 338, 5070165, 5071025, 165, 1025
1, 3380, 50700165, 50701495, 165, 1495
1, 3381, 50715165, 50716025, 165, 1025
1, 3382, 50730165, 50731025, 165, 1025
1, 3383, 50745165, 50746025, 165, 1025
1, 3384, 50760165, 50761495, 165, 1495
1, 3385, 50775165, 50776025, 165, 1025
1, 3386, 50790165, 50791025, 165, 1025
1, 3387, 50805165, 50806025, 165, 1025
1, 3388, 50820165, 50823444, 165, 3444
1, 3389, 50835165, 50836025, 165, 1025
1, 339, 5085165, 5086025, 165, 1025
1, 3390, 50850165, 50851495, 165, 1495
1, 3391, 50865165, 50866025, 165, 1025
1, 3392, 50880165, 50881495, 165, 1495
1, 3393, 50895165, 50896025, 165, 1025
1, 3394, 50910165, 50911025, 165, 1025
1, 3395, 50925165, 50926724, 165, 1724
1, 3396, 50940165, 50941495, 165, 1495
1, 3397, 50955165, 50956025, 165, 1025
1, 3398, 50970165, 50971025, 165, 1025
1, 3399, 50985165, 50986025, 165, 1025
1, 34, 510165, 511025, 165, 1025
1, 340, 5100165, 5102843, 165, 2843
1, 3400, 51000165, 51003324, 165, 3324
1, 3401, 51015165, 51016025, 165, 1025
1, 3402, 51030165, 51033318, 165, 3318
1, 3403, 51045165, 51046025, 165, 1025
1, 3404, 51060165, 51061025, 165, 1025
1, 3405, 51075165, 51076025, 165, 1025
1, 3406, 51090165, 51091025, 165, 1025
1, 3407, 51105165, 51107136, 165, 2136
1, 3408, 51120165, 51122851, 165, 2851
1, 3409, 51135165, 51136025, 165, 1025
1, 341, 5115165, 5116222, 165, 1222
1, 3410, 51150165, 51151025, 165, 1025
1, 3411, 51165165, 51166025, 165, 1025
1, 3412, 51180165, 51181495, 165, 1495
1, 3413, 51195165, 51196025, 165, 1025
1, 3414, 51210165, 51211025, 165, 1025
1, 3415, 51225165, 51226025, 165, 1025
1, 3416, 51240165, 51243444, 165, 3444
1, 3417, 51255165, 51256025, 165, 1025
1, 3418, 51270165, 51271025, 165, 1025
1, 3419, 51285165, 51288416, 165, 3416
1, 342, 5130165, 5131025, 165, 1025
1, 3420, 51300165, 51301495, 165, 1495
1, 3421, 51315165, 51316025, 165, 1025
1, 3422, 51330165, 51331025, 165, 1025
1, 3423, 51345165, 51346025, 165, 1025
1, 3424, 51360165, 51362851, 165, 2851
1, 3425, 51375165, 51376025, 165, 1025
1, 3426, 51390165, 51391025, 165, 1025
1, 3427, 51405165, 51406025, 165, 1025
1, 3428, 51420165, 51421495, 165, 1495
1, 3429, 51435165, 51436025, 165, 1025
1, 343, 5145165, 5146025, 165, 1025
1, 3430, 51450165, 51452606, 165, 2606
1, 3431, 51465165, 51466025, 165, 1025
1, 3432, 51480165, 51481025, 165, 1025
1, 3433, 51495165, 51496025, 165, 1025
1, 3434, 51510165, 51511025, 165, 1025
1, 3435, 51525165, 51530924, 165, 5924
1, 3436, 51540165, 51541495, 165, 1495
1, 3437, 51555165, 51556025, 165, 1025
1, 3438, 51570165, 51571025, 165, 1025
1, 3439, 51585165, 51586025, 165, 1025
1, 344, 5160165, 5161025, 165, 1025
1, 3440, 51600165, 51603440, 165, 3440
1, 3441, 51615165, 51616025, 165, 1025
1, 3442, 51630165, 51631495, 165, 1495
1, 3443, 51645165, 51646025, 165, 1025
1, 3444, 51660165, 51663444, 165, 3444
1, 3445, 51675165, 51676025, 165, 1025
1, 3446, 51690165, 51691025, 165, 1025
1, 3447, 51705165, 51706025, 165, 1025
1, 3448, 51720165, 51721025, 165, 1025
1, 3449, 51735165, 51736025, 165, 1025
1, 345, 5175165, 5176025, 165, 1025
1, 3450, 51750165, 51751025, 165, 1025
1, 3451, 51765165, 51766724, 165, 1724
1, 3452, 51780165, 51781495, 165, 1495
1, 3453, 51795165, 51796025, 165, 1025
1, 3454, 51810165, 51811025, 165, 1025
1, 3455, 51825165, 51826025, 165, 1025
1, 3456, 51840165, 51842829, 165, 2829
1, 3457, 51855165, 51856025, 165, 1025
1, 3458, 51870165, 51872606, 165, 2606
1, 3459, 51885165, 51886025, 165, 1025
1, 346, 5190165, 5191025, 165, 1025
1, 3460, 51900165, 51901495, 165, 1495
1, 3461, 51915165, 51916025, 165, 1025
1, 3462, 51930165, 51931025, 165, 1025
1, 3463, 51945165, 51951183, 165, 6183
1, 3464, 51960165, 51961495, 165, 1495
1, 3465, 51975165, 51976025, 165, 1025
1, 3466, 51990165, 51991025, 165, 1025
1, 3467, 52005165, 52006025, 165, 1025
1, 3468, 52020165, 52021495, 165, 1495
1, 3469, 52035165, 52036025, 165, 1025
1, 347, 5205165, 5206025, 165, 1025
1, 3470, 52050165, 52052801, 165, 2801
1, 3471, 52065165, 52066025, 165, 1025
1, 3472, 52080165, 52082606, 165, 2606
1, 3473, 52095165, 52096025, 165, 1025
1, 3474, 52110165, 52111025, 165, 1025
1, 3475, 52125165, 52126025, 165, 1025
1, 3476, 52140165, 52141025, 165, 1025
1, 3477, 52155165, 52156025, 165, 1025
1, 3478, 52170165, 52171025, 165, 1025
1, 3479, 52185165, 52186025, 165, 1025
1, 348, 5220165, 5221495, 165, 1495
1, 3480, 52200165, 52202843, 165, 2843
1, 3481, 52215165, 52216025, 165, 1025
1, 3482, 52230165, 52231025, 165, 1025
1, 3483, 52245165, 52246025, 165, 1025
1, 3484, 52260165, 52261495, 165, 1495
1, 3485, 52275165, 52276025, 165, 1025
1, 3486, 52290165, 52292606, 165, 2606
1, 3487, 52305165, 52306025, 165, 1025
1, 3488, 52320165, 52321495, 165, 1495
1, 3489, 52335165, 52336025, 165, 1025
1, 349, 5235165, 5236025, 165, 1025
1, 3490, 52350165, 52351025, 165, 1025
1, 3491, 52365165, 52366025, 165, 1025
1, 3492, 52380165, 52381495, 165, 1495
1, 3493, 52395165, 52396025, 165, 1025
1, 3494, 52410165, 52411025, 165, 1025
1, 3495, 52425165, 52426025, 165, 1025
1, 3496, 52440165, 52441025, 165, 1025
1, 3497, 52455165, 52456025, 165, 1025
1, 3498, 52470165, 52471495, 165, 1495
1, 3499, 52485165, 52486025, 165, 1025
1, 35, 525165, 526724, 165, 1724
1, 350, 5250165, 5253468, 165, 3468
1, 3500, 52500165, 52503468, 165, 3468
1, 3501, 52515165, 52516025, 165, 1025
1, 3502, 52530165, 52531025, 165, 1025
1, 3503, 52545165, 52546025, 165, 1025
1, 3504, 52560165, 52562851, 165, 2851
1, 3505, 52575165, 52576724, 165, 1724
1, 3506, 52590165, 52591025, 165, 1025
1, 3507, 52605165, 52606025, 165, 1025
1, 3508, 52620165, 52621495, 165, 1495
1, 3509, 52635165, 52636025, 165, 1025
1, 351, 5265165, 5266025, 165, 1025
1, 3510, 52650165, 52651463, 165, 1463
1, 3511, 52665165, 52666025, 165, 1025
1, 3512, 52680165, 52681495, 165, 1495
1, 3513, 52695165, 52696025, 165, 1025
1, 3514, 52710165, 52712606, 165, 2606
1, 3515, 52725165, 52727990, 165, 2990
1, 3516, 52740165, 52741025, 165, 1025
1, 3517, 52755165, 52756025, 165, 1025
1, 3518, 52770165, 52771025, 165, 1025
1, 3519, 52785165, 52786724, 165, 1724
1, 352, 5280165, 5282851, 165, 2851
1, 3520, 52800165, 52803440, 165, 3440
1, 3521, 52815165, 52816025, 165, 1025
1, 3522, 52830165, 52831025, 165, 1025
1, 3523, 52845165, 52846025, 165, 1025
1, 3524, 52860165, 52861025, 165, 1025
1, 3525, 52875165, 52876025, 165, 1025
1, 3526, 52890165, 52892194, 165, 2194
1, 3527, 52905165, 52906025, 165, 1025
1, 3528, 52920165, 52923444, 165, 3444
1, 3529, 52935165, 52936025, 165, 1025
1, 353, 5295165, 5296025, 165, 1025
1, 3530, 52950165, 52951025, 165, 1025
1, 3531, 52965165, 52969506, 165, 4506
1, 3532, 52980165, 52981495, 165, 1495
1, 3533, 52995165, 52996025, 165, 1025
1, 3534, 53010165, 53011025, 165, 1025
1, 3535, 53025165, 53026025, 165, 1025
1, 3536, 53040165, 53042851, 165, 2851
1, 3537, 53055165, 53056025, 165, 1025
1, 3538, 53070165, 53071025, 165, 1025
1, 3539, 53085165, 53086025, 165, 1025
1, 354, 5310165, 5311025, 165, 1025
1, 3540, 53100165, 53102828, 165, 2828
1, 3541, 53115165, 53116025, 165, 1025
1, 3542, 53130165, 53132606, 165, 2606
1, 3543, 53145165, 53146116, 165, 1116
1, 3544, 53160165, 53161495, 165, 1495
1, 3545, 53175165, 53176025, 165, 1025
1, 3546, 53190165, 53191025, 165, 1025
1, 3547, 53205165, 53208348, 165, 3348
1, 3548, 53220165, 53221495, 165, 1495
1, 3549, 53235165, 53236025, 165, 1025
1, 355, 5325165, 5326724, 165, 1724
1, 3550, 53250165, 53251025, 165, 1025
1, 3551, 53265165, 53266025, 165, 1025
1, 3552, 53280165, 53281495, 165, 1495
1, 3553, 53295165, 53296025, 165, 1025
1, 3554, 53310165, 53311495, 165, 1495
1, 3555, 53325165, 53326025, 165, 1025
1, 3556, 53340165, 53343444, 165, 3444
1, 3557, 53355165, 53356025, 165, 1025
1, 3558, 53370165, 53371025, 165, 1025
1, 3559, 53385165, 53386025, 165, 1025
1, 356, 5340165, 5341025, 165, 1025
1, 3560, 53400165, 53402843, 165, 2843
1, 3561, 53415165, 53416025, 165, 1025
1, 3562, 53430165, 53431025, 165, 1025
1, 3563, 53445165, 53446025, 165, 1025
1, 3564, 53460165, 53461025, 165, 1025
1, 3565, 53475165, 53476025, 165, 1025
1, 3566, 53490165, 53491286, 165, 1286
1, 3567, 53505165, 53506025, 165, 1025
1, 3568, 53520165, 53522829, 165, 2829
1, 3569, 53535165, 53536025, 165, 1025
1, 357, 5355165, 5356025, 165, 1025
1, 3570, 53550165, 53552606, 165, 2606
1, 3571, 53565165, 53566025, 165, 1025
1, 3572, 53580165, 53581025, 165, 1025
1, 3573, 53595165, 53596025, 165, 1025
1, 3574, 53610165, 53611025, 165, 1025
1, 3575, 53625165, 53626724, 165, 1724
1, 3576, 53640165, 53641495, 165, 1495
1, 3577, 53655165, 53656025, 165, 1025
1, 3578, 53670165, 53671025, 165, 1025
1, 3579, 53685165, 53686025, 165, 1025
1, 358, 5370165, 5372578, 165, 2578
1, 3580, 53700165, 53701495, 165, 1495
1, 3581, 53715165, 53716025, 165, 1025
1, 3582, 53730165, 53732798, 165, 2798
1, 3583, 53745165, 53746025, 165, 1025
1, 3584, 53760165, 53762606, 165, 2606
1, 3585, 53775165, 53776025, 165, 1025
1, 3586, 53790165, 53791025, 165, 1025
1, 3587, 53805165, 53806025, 165, 1025
1, 3588, 53820165, 53821495, 165, 1495
1, 3589, 53835165, 53836025, 165, 1025
1, 359, 5385165, 5386025, 165, 1025
1, 3590, 53850165, 53851025, 165, 1025
1, 3591, 53865165, 53866025, 165, 1025
1, 3592, 53880165, 53881025, 165, 1025
1, 3593, 53895165, 53896025, 165, 1025
1, 3594, 53910165, 53912097, 165, 2097
1, 3595, 53925165, 53926724, 165, 1724
1, 3596, 53940165, 53941495, 165, 1495
1, 3597, 53955165, 53956025, 165, 1025
1, 3598, 53970165, 53972864, 165, 2864
1, 3599, 53985165, 53986763, 165, 1763
1, 36, 540165, 541495, 165, 1495
1, 360, 5400165, 5401495, 165, 1495
1, 3600, 54000165, 54003440, 165, 3440
1, 3601, 54015165, 54016025, 165, 1025
1, 3602, 54030165, 54031025, 165, 1025
1, 3603, 54045165, 54046025, 165, 1025
1, 3604, 54060165, 54061495, 165, 1495
1, 3605, 54075165, 54076724, 165, 1724
1, 3606, 54090165, 54091025, 165, 1025
1, 3607, 54105165, 54106025, 165, 1025
1, 3608, 54120165, 54121025, 165, 1025
1, 3609, 54135165, 54136025, 165, 1025
1, 361, 5415165, 5416025, 165, 1025
1, 3610, 54150165, 54152834, 165, 2834
1, 3611, 54165165, 54166025, 165, 1025
1, 3612, 54180165, 54183444, 165, 3444
1, 3613, 54195165, 54196025, 165, 1025
1, 3614, 54210165, 54211025, 165, 1025
1, 3615, 54225165, 54226025, 165, 1025
1, 3616, 54240165, 54242851, 165, 2851
1, 3617, 54255165, 54257269, 165, 2269
1, 3618, 54270165, 54271025, 165, 1025
1, 3619, 54285165, 54286025, 165, 1025
1, 362, 5430165, 5431025, 165, 1025
1, 3620, 54300165, 54301495, 165, 1495
1, 3621, 54315165, 54316025, 165, 1025
1, 3622, 54330165, 54331720, 165, 1720
1, 3623, 54345165, 54346025, 165, 1025
1, 3624, 54360165, 54361495, 165, 1495
1, 3625, 54375165, 54376025, 165, 1025
1, 3626, 54390165, 54392864, 165, 2864
1, 3627, 54405165, 54406025, 165, 1025
1, 3628, 54420165, 54421495, 165, 1495
1, 3629, 54435165, 54436025, 165, 1025
1, 363, 5445165, 5446025, 165, 1025
1, 3630, 54450165, 54451025, 165, 1025
1, 3631, 54465165, 54466025, 165, 1025
1, 3632, 54480165, 54481495, 165, 1495
1, 3633, 54495165, 54496025, 165, 1025
1, 3634, 54510165, 54511025, 165, 1025
1, 3635, 54525165, 54526025, 165, 1025
1, 3636, 54540165, 54541025, 165, 1025
1, 3637, 54555165, 54556025, 165, 1025
1, 3638, 54570165, 54571495, 165, 1495
1, 3639, 54585165, 54586025, 165, 1025
1, 364, 5460165, 5462606, 165, 2606
1, 3640, 54600165, 54602606, 165, 2606
1, 3641, 54615165, 54616025, 165, 1025
1, 3642, 54630165, 54631025, 165, 1025
1, 3643, 54645165, 54646025, 165, 1025
1, 3644, 54660165, 54661495, 165, 1495
1, 3645, 54675165, 54676724, 165, 1724
1, 3646, 54690165, 54691025, 165, 1025
1, 3647, 54705165, 54706025, 165, 1025
1, 3648, 54720165, 54721495, 165, 1495
1, 3649, 54735165, 54736025, 165, 1025
1, 365, 5475165, 5476025, 165, 1025
1, 3650, 54750165, 54751495, 165, 1495
1, 3651, 54765165, 54766025, 165, 1025
1, 3652, 54780165, 54781495, 165, 1495
1, 3653, 54795165, 54796025, 165, 1025
1, 3654, 54810165, 54812864, 165, 2864
1, 3655, 54825165, 54826025, 165, 1025
1, 3656, 54840165, 54841495, 165, 1495
1, 3657, 54855165, 54856025, 165, 1025
1, 3658, 54870165, 54871025, 165, 1025
1, 3659, 54885165, 54886724, 165, 1724
1, 366, 5490165, 5491025, 165, 1025
1, 3660, 54900165, 54901495, 165, 1495
1, 3661, 54915165, 54916025, 165, 1025
1, 3662, 54930165, 54931025, 165, 1025
1, 3663, 54945165, 54946025, 165, 1025
1, 3664, 54960165, 54961495, 165, 1495
1, 3665, 54975165, 54976025, 165, 1025
1, 3666, 54990165, 54991025, 165, 1025
1, 3667, 55005165, 55006025, 165, 1025
1, 3668, 55020165, 55022606, 165, 2606
1, 3669, 55035165, 55036025, 165, 1025
1, 367, 5505165, 5506025, 165, 1025
1, 3670, 55050165, 55051025, 165, 1025
1, 3671, 55065165, 55066025, 165, 1025
1, 3672, 55080165, 55081495, 165, 1495
1, 3673, 55095165, 55096222, 165, 1222
1, 3674, 55110165, 55111025, 165, 1025
1, 3675, 55125165, 55126724, 165, 1724
1, 3676, 55140165, 55141025, 165, 1025
1, 3677, 55155165, 55156025, 165, 1025
1, 3678, 55170165, 55171025, 165, 1025
1, 3679, 55185165, 55186025, 165, 1025
1, 368, 5520165, 5521495, 165, 1495
1, 3680, 55200165, 55203324, 165, 3324
1, 3681, 55215165, 55216025, 165, 1025
1, 3682, 55230165, 55232864, 165, 2864
1, 3683, 55245165, 55246025, 165, 1025
1, 3684, 55260165, 55261495, 165, 1495
1, 3685, 55275165, 55276025, 165, 1025
1, 3686, 55290165, 55291025, 165, 1025
1, 3687, 55305165, 55306025, 165, 1025
1, 3688, 55320165, 55321025, 165, 1025
1, 3689, 55335165, 55336025, 165, 1025
1, 369, 5535165, 5538025, 165, 3025
1, 3690, 55350165, 55351495, 165, 1495
1, 3691, 55365165, 55366025, 165, 1025
1, 3692, 55380165, 55381025, 165, 1025
1, 3693, 55395165, 55396025, 165, 1025
1, 3694, 55410165, 55411025, 165, 1025
1, 3695, 55425165, 55426025, 165, 1025
1, 3696, 55440165, 55444572, 165, 4572
1, 3697, 55455165, 55456025, 165, 1025
1, 3698, 55470165, 55471025, 165, 1025
1, 3699, 55485165, 55486025, 165, 1025
1, 37, 555165, 556025, 165, 1025
1, 370, 5550165, 5551495, 165, 1495
1, 3700, 55500165, 55501495, 165, 1495
1, 3701, 55515165, 55521183, 165, 6183
1, 3702, 55530165, 55531495, 165, 1495
1, 3703, 55545165, 55546025, 165, 1025
1, 3704, 55560165, 55561025, 165, 1025
1, 3705, 55575165, 55576025, 165, 1025
1, 3706, 55590165, 55591025, 165, 1025
1, 3707, 55605165, 55609295, 165, 4295
1, 3708, 55620165, 55622829, 165, 2829
1, 3709, 55635165, 55636025, 165, 1025
1, 371, 5565165, 5566025, 165, 1025
1, 3710, 55650165, 55653468, 165, 3468
1, 3711, 55665165, 55666025, 165, 1025
1, 3712, 55680165, 55682851, 165, 2851
1, 3713, 55695165, 55696028, 165, 1028
1, 3714, 55710165, 55711025, 165, 1025
1, 3715, 55725165, 55726724, 165, 1724
1, 3716, 55740165, 55741025, 165, 1025
1, 3717, 55755165, 55756025, 165, 1025
1, 3718, 55770165, 55771025, 165, 1025
1, 3719, 55785165, 55786025, 165, 1025
1, 372, 5580165, 5581025, 165, 1025
1, 3720, 55800165, 55801495, 165, 1495
1, 3721, 55815165, 55816025, 165, 1025
1, 3722, 55830165, 55831025, 165, 1025
1, 3723, 55845165, 55846025, 165, 1025
1, 3724, 55860165, 55862606, 165, 2606
1, 3725, 55875165, 55876025, 165, 1025
1, 3726, 55890165, 55891025, 165, 1025
1, 3727, 55905165, 55906025, 165, 1025
1, 3728, 55920165, 55921495, 165, 1495
1, 3729, 55935165, 55936025, 165, 1025
1, 373, 5595165, 5596025, 165, 1025
1, 3730, 55950165, 55951495, 165, 1495
1, 3731, 55965165, 55966025, 165, 1025
1, 3732, 55980165, 55981025, 165, 1025
1, 3733, 55995165, 55996025, 165, 1025
1, 3734, 56010165, 56011025, 165, 1025
1, 3735, 56025165, 56026025, 165, 1025
1, 3736, 56040165, 56042829, 165, 2829
1, 3737, 56055165, 56056025, 165, 1025
1, 3738, 56070165, 56072864, 165, 2864
1, 3739, 56085165, 56086025, 165, 1025
1, 374, 5610165, 5611025, 165, 1025
1, 3740, 56100165, 56102843, 165, 2843
1, 3741, 56115165, 56116025, 165, 1025
1, 3742, 56130165, 56131025, 165, 1025
1, 3743, 56145165, 56146025, 165, 1025
1, 3744, 56160165, 56161495, 165, 1495
1, 3745, 56175165, 56176025, 165, 1025
1, 3746, 56190165, 56191025, 165, 1025
1, 3747, 56205165, 56206025, 165, 1025
1, 3748, 56220165, 56221025, 165, 1025
1, 3749, 56235165, 56236025, 165, 1025
1, 375, 5625165, 5626025, 165, 1025
1, 3750, 56250165, 56251495, 165, 1495
1, 3751, 56265165, 56266025, 165, 1025
1, 3752, 56280165, 56282606, 165, 2606
1, 3753, 56295165, 56296025, 165, 1025
1, 3754, 56310165, 56311025, 165, 1025
1, 3755, 56325165, 56326025, 165, 1025
1, 3756, 56340165, 56341025, 165, 1025
1, 3757, 56355165, 56356724, 165, 1724
1, 3758, 56370165, 56371025, 165, 1025
1, 3759, 56385165, 56386025, 165, 1025
1, 376, 5640165, 5642829, 165, 2829
1, 3760, 56400165, 56402843, 165, 2843
1, 3761, 56415165, 56416025, 165, 1025
1, 3762, 56430165, 56431025, 165, 1025
1, 3763, 56445165, 56446025, 165, 1025
1, 3764, 56460165, 56462829, 165, 2829
1, 3765, 56475165, 56476025, 165, 1025
1, 3766, 56490165, 56492864, 165, 2864
1, 3767, 56505165, 56506025, 165, 1025
1, 3768, 56520165, 56521025, 165, 1025
1, 3769, 56535165, 56536025, 165, 1025
1, 377, 5655165, 5656025, 165, 1025
1, 3770, 56550165, 56551495, 165, 1495
1, 3771, 56565165, 56566724, 165, 1724
1, 3772, 56580165, 56581025, 165, 1025
1, 3773, 56595165, 56596025, 165, 1025
1, 3774, 56610165, 56611025, 165, 1025
1, 3775, 56625165, 56626025, 165, 1025
1, 3776, 56640165, 56642851, 165, 2851
1, 3777, 56655165, 56656025, 165, 1025
1, 3778, 56670165, 56671025, 165, 1025
1, 3779, 56685165, 56686025, 165, 1025
1, 378, 5670165, 5672864, 165, 2864
1, 3780, 56700165, 56702606, 165, 2606
1, 3781, 56715165, 56716025, 165, 1025
1, 3782, 56730165, 56731025, 165, 1025
1, 3783, 56745165, 56746025, 165, 1025
1, 3784, 56760165, 56761025, 165, 1025
1, 3785, 56775165, 56776724, 165, 1724
1, 3786, 56790165, 56791025, 165, 1025
1, 3787, 56805165, 56806724, 165, 1724
1, 3788, 56820165, 56821025, 165, 1025
1, 3789, 56835165, 56836025, 165, 1025
1, 379, 5685165, 5686025, 165, 1025
1, 3790, 56850165, 56851025, 165, 1025
1, 3791, 56865165, 56866025, 165, 1025
1, 3792, 56880165, 56883579, 165, 3579
1, 3793, 56895165, 56896025, 165, 1025
1, 3794, 56910165, 56912864, 165, 2864
1, 3795, 56925165, 56926025, 165, 1025
1, 3796, 56940165, 56941025, 165, 1025
1, 3797, 56955165, 56956025, 165, 1025
1, 3798, 56970165, 56971495, 165, 1495
1, 3799, 56985165, 56986025, 165, 1025
1, 38, 570165, 571025, 165, 1025
1, 380, 5700165, 5702843, 165, 2843
1, 3800, 57000165, 57001495, 165, 1495
1, 3801, 57015165, 57016025, 165, 1025
1, 3802, 57030165, 57031025, 165, 1025
1, 3803, 57045165, 57051552, 165, 6552
1, 3804, 57060165, 57061495, 165, 1495
1, 3805, 57075165, 57076025, 165, 1025
1, 3806, 57090165, 57091025, 165, 1025
1, 3807, 57105165, 57106025, 165, 1025
1, 3808, 57120165, 57124572, 165, 4572
1, 3809, 57135165, 57136025, 165, 1025
1, 381, 5715165, 5716025, 165, 1025
1, 3810, 57150165, 57151495, 165, 1495
1, 3811, 57165165, 57166025, 165, 1025
1, 3812, 57180165, 57181025, 165, 1025
1, 3813, 57195165, 57196025, 165, 1025
1, 3814, 57210165, 57211025, 165, 1025
1, 3815, 57225165, 57226724, 165, 1724
1, 3816, 57240165, 57241025, 165, 1025
1, 3817, 57255165, 57256025, 165, 1025
1, 3818, 57270165, 57271025, 165, 1025
1, 3819, 57285165, 57286025, 165, 1025
1, 382, 5730165, 5731025, 165, 1025
1, 3820, 57300165, 57303324, 165, 3324
1, 3821, 57315165, 57316025, 165, 1025
1, 3822, 57330165, 57332864, 165, 2864
1, 3823, 57345165, 57346025, 165, 1025
1, 3824, 57360165, 57361495, 165, 1495
1, 3825, 57375165, 57376025, 165, 1025
1, 3826, 57390165, 57391025, 165, 1025
1, 3827, 57405165, 57407136, 165, 2136
1, 3828, 57420165, 57421025, 165, 1025
1, 3829, 57435165, 57436025, 165, 1025
1, 383, 5745165, 5746025, 165, 1025
1, 3830, 57450165, 57451025, 165, 1025
1, 3831, 57465165, 57466025, 165, 1025
1, 3832, 57480165, 57482728, 165, 2728
1, 3833, 57495165, 57496025, 165, 1025
1, 3834, 57510165, 57511025, 165, 1025
1, 3835, 57525165, 57526025, 165, 1025
1, 3836, 57540165, 57543444, 165, 3444
1, 3837, 57555165, 57556025, 165, 1025
1, 3838, 57570165, 57571025, 165, 1025
1, 3839, 57585165, 57586025, 165, 1025
1, 384, 5760165, 5761495, 165, 1495
1, 3840, 57600165, 57602843, 165, 2843
1, 3841, 57615165, 57616025, 165, 1025
1, 3842, 57630165, 57631025, 165, 1025
1, 3843, 57645165, 57646025, 165, 1025
1, 3844, 57660165, 57661495, 165, 1495
1, 3845, 57675165, 57676025, 165, 1025
1, 3846, 57690165, 57691025, 165, 1025
1, 3847, 57705165, 57706025, 165, 1025
1, 3848, 57720165, 57722829, 165, 2829
1, 3849, 57735165, 57736025, 165, 1025
1, 385, 5775165, 5776025, 165, 1025
1, 3850, 57750165, 57753468, 165, 3468
1, 3851, 57765165, 57766025, 165, 1025
1, 3852, 57780165, 57781025, 165, 1025
1, 3853, 57795165, 57796025, 165, 1025
1, 3854, 57810165, 57811025, 165, 1025
1, 3855, 57825165, 57826227, 165, 1227
1, 3856, 57840165, 57841495, 165, 1495
1, 3857, 57855165, 57856025, 165, 1025
1, 3858, 57870165, 57871025, 165, 1025
1, 3859, 57885165, 57886025, 165, 1025
1, 386, 5790165, 5791025, 165, 1025
1, 3860, 57900165, 57902843, 165, 2843
1, 3861, 57915165, 57916025, 165, 1025
1, 3862, 57930165, 57931025, 165, 1025
1, 3863, 57945165, 57946025, 165, 1025
1, 3864, 57960165, 57963444, 165, 3444
1, 3865, 57975165, 57976025, 165, 1025
1, 3866, 57990165, 57991025, 165, 1025
1, 3867, 58005165, 58006025, 165, 1025
1, 3868, 58020165, 58021025, 165, 1025
1, 3869, 58035165, 58036025, 165, 1025
1, 387, 5805165, 5806025, 165, 1025
1, 3870, 58050165, 58051025, 165, 1025
1, 3871, 58065165, 58066025, 165, 1025
1, 3872, 58080165, 58082851, 165, 2851
1, 3873, 58095165, 58096025, 165, 1025
1, 3874, 58110165, 58111025, 165, 1025
1, 3875, 58125165, 58126025, 165, 1025
1, 3876, 58140165, 58142829, 165, 2829
1, 3877, 58155165, 58156025, 165, 1025
1, 3878, 58170165, 58173318, 165, 3318
1, 3879, 58185165, 58186025, 165, 1025
1, 388, 5820165, 5821025, 165, 1025
1, 3880, 58200165, 58201495, 165, 1495
1, 3881, 58215165, 58216025, 165, 1025
1, 3882, 58230165, 58231025, 165, 1025
1, 3883, 58245165, 58250086, 165, 5086
1, 3884, 58260165, 58261495, 165, 1495
1, 3885, 58275165, 58276025, 165, 1025
1, 3886, 58290165, 58291025, 165, 1025
1, 3887, 58305165, 58306025, 165, 1025
1, 3888, 58320165, 58322851, 165, 2851
1, 3889, 58335165, 58336025, 165, 1025
1, 389, 5835165, 5836025, 165, 1025
1, 3890, 58350165, 58351495, 165, 1495
1, 3891, 58365165, 58366025, 165, 1025
1, 3892, 58380165, 58383444, 165, 3444
1, 3893, 58395165, 58396025, 165, 1025
1, 3894, 58410165, 58411413, 165, 1413
1, 3895, 58425165, 58426025, 165, 1025
1, 3896, 58440165, 58441025, 165, 1025
1, 3897, 58455165, 58456025, 165, 1025
1, 3898, 58470165, 58471025, 165, 1025
1, 3899, 58485165, 58486724, 165, 1724
1, 39, 585165, 586025, 165, 1025
1, 390, 5850165, 5851495, 165, 1495
1, 3900, 58500165, 58502843, 165, 2843
1, 3901, 58515165, 58516025, 165, 1025
1, 3902, 58530165, 58531025, 165, 1025
1, 3903, 58545165, 58546025, 165, 1025
1, 3904, 58560165, 58562829, 165, 2829
1, 3905, 58575165, 58576025, 165, 1025
1, 3906, 58590165, 58592606, 165, 2606
1, 3907, 58605165, 58606025, 165, 1025
1, 3908, 58620165, 58621025, 165, 1025
1, 3909, 58635165, 58636025, 165, 1025
1, 391, 5865165, 5866025, 165, 1025
1, 3910, 58650165, 58651495, 165, 1495
1, 3911, 58665165, 58669627, 165, 4627
1, 3912, 58680165, 58681495, 165, 1495
1, 3913, 58695165, 58696025, 165, 1025
1, 3914, 58710165, 58711025, 165, 1025
1, 3915, 58725165, 58726025, 165, 1025
1, 3916, 58740165, 58741495, 165, 1495
1, 3917, 58755165, 58756025, 165, 1025
1, 3918, 58770165, 58771025, 165, 1025
1, 3919, 58785165, 58786025, 165, 1025
1, 392, 5880165, 5882606, 165, 2606
1, 3920, 58800165, 58802606, 165, 2606
1, 3921, 58815165, 58816025, 165, 1025
1, 3922, 58830165, 58831025, 165, 1025
1, 3923, 58845165, 58846025, 165, 1025
1, 3924, 58860165, 58861025, 165, 1025
1, 3925, 58875165, 58876724, 165, 1724
1, 3926, 58890165, 58891025, 165, 1025
1, 3927, 58905165, 58906025, 165, 1025
1, 3928, 58920165, 58921495, 165, 1495
1, 3929, 58935165, 58936025, 165, 1025
1, 393, 5895165, 5896025, 165, 1025
1, 3930, 58950165, 58951025, 165, 1025
1, 3931, 58965165, 58966025, 165, 1025
1, 3932, 58980165, 58981495, 165, 1495
1, 3933, 58995165, 58996025, 165, 1025
1, 3934, 59010165, 59012606, 165, 2606
1, 3935, 59025165, 59026025, 165, 1025
1, 3936, 59040165, 59041495, 165, 1495
1, 3937, 59055165, 59056025, 165, 1025
1, 3938, 59070165, 59071025, 165, 1025
1, 3939, 59085165, 59088025, 165, 3025
1, 394, 5910165, 5911025, 165, 1025
1, 3940, 59100165, 59102843, 165, 2843
1, 3941, 59115165, 59116025, 165, 1025
1, 3942, 59130165, 59131025, 165, 1025
1, 3943, 59145165, 59146025, 165, 1025
1, 3944, 59160165, 59161495, 165, 1495
1, 3945, 59175165, 59176025, 165, 1025
1, 3946, 59190165, 59191495, 165, 1495
1, 3947, 59205165, 59206025, 165, 1025
1, 3948, 59220165, 59223444, 165, 3444
1, 3949, 59235165, 59236025, 165, 1025
1, 395, 5925165, 5926025, 165, 1025
1, 3950, 59250165, 59251495, 165, 1495
1, 3951, 59265165, 59266025, 165, 1025
1, 3952, 59280165, 59281495, 165, 1495
1, 3953, 59295165, 59296025, 165, 1025
1, 3954, 59310165, 59311025, 165, 1025
1, 3955, 59325165, 59326025, 165, 1025
1, 3956, 59340165, 59341495, 165, 1495
1, 3957, 59355165, 59356025, 165, 1025
1, 3958, 59370165, 59371025, 165, 1025
1, 3959, 59385165, 59386025, 165, 1025
1, 396, 5940165, 5941025, 165, 1025
1, 3960, 59400165, 59402828, 165, 2828
1, 3961, 59415165, 59416025, 165, 1025
1, 3962, 59430165, 59432606, 165, 2606
1, 3963, 59445165, 59447429, 165, 2429
1, 3964, 59460165, 59461495, 165, 1495
1, 3965, 59475165, 59476025, 165, 1025
1, 3966, 59490165, 59491025, 165, 1025
1, 3967, 59505165, 59508348, 165, 3348
1, 3968, 59520165, 59522851, 165, 2851
1, 3969, 59535165, 59536025, 165, 1025
1, 397, 5955165, 5956724, 165, 1724
1, 3970, 59550165, 59551025, 165, 1025
1, 3971, 59565165, 59566025, 165, 1025
1, 3972, 59580165, 59581025, 165, 1025
1, 3973, 59595165, 59596025, 165, 1025
1, 3974, 59610165, 59612115, 165, 2115
1, 3975, 59625165, 59626025, 165, 1025
1, 3976, 59640165, 59643444, 165, 3444
1, 3977, 59655165, 59656025, 165, 1025
1, 3978, 59670165, 59671025, 165, 1025
1, 3979, 59685165, 59689458, 165, 4458
1, 398, 5970165, 5971025, 165, 1025
1, 3980, 59700165, 59702843, 165, 2843
1, 3981, 59715165, 59716025, 165, 1025
1, 3982, 59730165, 59731025, 165, 1025
1, 3983, 59745165, 59746025, 165, 1025
1, 3984, 59760165, 59762851, 165, 2851
1, 3985, 59775165, 59776025, 165, 1025
1, 3986, 59790165, 59791025, 165, 1025
1, 3987, 59805165, 59806025, 165, 1025
1, 3988, 59820165, 59821495, 165, 1495
1, 3989, 59835165, 59836025, 165, 1025
1, 399, 5985165, 5986025, 165, 1025
1, 3990, 59850165, 59852606, 165, 2606
1, 3991, 59865165, 59866025, 165, 1025
1, 3992, 59880165, 59881025, 165, 1025
1, 3993, 59895165, 59896025, 165, 1025
1, 3994, 59910165, 59911025, 165, 1025
1, 3995, 59925165, 59927493, 165, 2493
1, 3996, 59940165, 59941495, 165, 1495
1, 3997, 59955165, 59956025, 165, 1025
1, 3998, 59970165, 59971025, 165, 1025
1, 3999, 59985165, 59986025, 165, 1025
1, 4, 60165, 61025, 165, 1025
1, 40, 600165, 603324, 165, 3324
1, 400, 6000165, 6002843, 165, 2843
1, 4000, 60000165, 60002843, 165, 2843
1, 4001, 60015165, 60016025, 165, 1025
1, 4002, 60030165, 60031495, 165, 1495
1, 4003, 60045165, 60046025, 165, 1025
1, 4004, 60060165, 60063444, 165, 3444
1, 4005, 60075165, 60076025, 165, 1025
1, 4006, 60090165, 60091025, 165, 1025
1, 4007, 60105165, 60106130, 165, 1130
1, 4008, 60120165, 60121495, 165, 1495
1, 4009, 60135165, 60136025, 165, 1025
1, 401, 6015165, 6016025, 165, 1025
1, 4010, 60150165, 60151025, 165, 1025
1, 4011, 60165165, 60166025, 165, 1025
1, 4012, 60180165, 60181495, 165, 1495
1, 4013, 60195165, 60196025, 165, 1025
1, 4014, 60210165, 60211025, 165, 1025
1, 4015, 60225165, 60226025, 165, 1025
1, 4016, 60240165, 60242829, 165, 2829
1, 4017, 60255165, 60256025, 165, 1025
1, 4018, 60270165, 60272606, 165, 2606
1, 4019, 60285165, 60286724, 165, 1724
1, 402, 6030165, 6031025, 165, 1025
1, 4020, 60300165, 60302843, 165, 2843
1, 4021, 60315165, 60316025, 165, 1025
1, 4022, 60330165, 60331025, 165, 1025
1, 4023, 60345165, 60346025, 165, 1025
1, 4024, 60360165, 60361495, 165, 1495
1, 4025, 60375165, 60376724, 165, 1724
1, 4026, 60390165, 60391025, 165, 1025
1, 4027, 60405165, 60406025, 165, 1025
1, 4028, 60420165, 60421025, 165, 1025
1, 4029, 60435165, 60436025, 165, 1025
1, 403, 6045165, 6046025, 165, 1025
1, 4030, 60450165, 60452834, 165, 2834
1, 4031, 60465165, 60466025, 165, 1025
1, 4032, 60480165, 60482606, 165, 2606
1, 4033, 60495165, 60496025, 165, 1025
1, 4034, 60510165, 60511025, 165, 1025
1, 4035, 60525165, 60526025, 165, 1025
1, 4036, 60540165, 60541495, 165, 1495
1, 4037, 60555165, 60556025, 165, 1025
1, 4038, 60570165, 60571025, 165, 1025
1, 4039, 60585165, 60586025, 165, 1025
1, 404, 6060165, 6062829, 165, 2829
1, 4040, 60600165, 60601495, 165, 1495
1, 4041, 60615165, 60616025, 165, 1025
1, 4042, 60630165, 60631025, 165, 1025
1, 4043, 60645165, 60646025, 165, 1025
1, 4044, 60660165, 60661495, 165, 1495
1, 4045, 60675165, 60676025, 165, 1025
1, 4046, 60690165, 60692606, 165, 2606
1, 4047, 60705165, 60706025, 165, 1025
1, 4048, 60720165, 60721495, 165, 1495
1, 4049, 60735165, 60736025, 165, 1025
1, 405, 6075165, 6076025, 165, 1025
1, 4050, 60750165, 60751025, 165, 1025
1, 4051, 60765165, 60766025, 165, 1025
1, 4052, 60780165, 60781495, 165, 1495
1, 4053, 60795165, 60796025, 165, 1025
1, 4054, 60810165, 60811025, 165, 1025
1, 4055, 60825165, 60826025, 165, 1025
1, 4056, 60840165, 60841025, 165, 1025
1, 4057, 60855165, 60856025, 165, 1025
1, 4058, 60870165, 60871495, 165, 1495
1, 4059, 60885165, 60886025, 165, 1025
1, 406, 6090165, 6092864, 165, 2864
1, 4060, 60900165, 60903468, 165, 3468
1, 4061, 60915165, 60916025, 165, 1025
1, 4062, 60930165, 60931025, 165, 1025
1, 4063, 60945165, 60946025, 165, 1025
1, 4064, 60960165, 60962851, 165, 2851
1, 4065, 60975165, 60978530, 165, 3530
1, 4066, 60990165, 60991025, 165, 1025
1, 4067, 61005165, 61006025, 165, 1025
1, 4068, 61020165, 61021025, 165, 1025
1, 4069, 61035165, 61036025, 165, 1025
1, 407, 6105165, 6106025, 165, 1025
1, 4070, 61050165, 61052597, 165, 2597
1, 4071, 61065165, 61066025, 165, 1025
1, 4072, 61080165, 61081495, 165, 1495
1, 4073, 61095165, 61096025, 165, 1025
1, 4074, 61110165, 61112864, 165, 2864
1, 4075, 61125165, 61132187, 165, 7187
1, 4076, 61140165, 61141495, 165, 1495
1, 4077, 61155165, 61156025, 165, 1025
1, 4078, 61170165, 61171025, 165, 1025
1, 4079, 61185165, 61186025, 165, 1025
1, 408, 6120165, 6121495, 165, 1495
1, 4080, 61200165, 61203440, 165, 3440
1, 4081, 61215165, 61216025, 165, 1025
1, 4082, 61230165, 61231025, 165, 1025
1, 4083, 61245165, 61246025, 165, 1025
1, 4084, 61260165, 61261025, 165, 1025
1, 4085, 61275165, 61276025, 165, 1025
1, 4086, 61290165, 61291495, 165, 1495
1, 4087, 61305165, 61306025, 165, 1025
1, 4088, 61320165, 61323444, 165, 3444
1, 4089, 61335165, 61336025, 165, 1025
1, 409, 6135165, 6136025, 165, 1025
1, 4090, 61350165, 61351025, 165, 1025
1, 4091, 61365165, 61366025, 165, 1025
1, 4092, 61380165, 61381495, 165, 1495
1, 4093, 61395165, 61396025, 165, 1025
1, 4094, 61410165, 61411025, 165, 1025
1, 4095, 61425165, 61426025, 165, 1025
1, 4096, 61440165, 61441495, 165, 1495
1, 4097, 61455165, 61456025, 165, 1025
1, 4098, 61470165, 61471025, 165, 1025
1, 4099, 61485165, 61486025, 165, 1025
1, 41, 615165, 616025, 165, 1025
1, 410, 6150165, 6151495, 165, 1495
1, 4100, 61500165, 61502828, 165, 2828
1, 4101, 61515165, 61516025, 165, 1025
1, 4102, 61530165, 61532864, 165, 2864
1, 4103, 61545165, 61546025, 165, 1025
1, 4104, 61560165, 61561495, 165, 1495
1, 4105, 61575165, 61576025, 165, 1025
1, 4106, 61590165, 61591025, 165, 1025
1, 4107, 61605165, 61608348, 165, 3348
1, 4108, 61620165, 61621025, 165, 1025
1, 4109, 61635165, 61636025, 165, 1025
1, 411, 6165165, 6166724, 165, 1724
1, 4110, 61650165, 61651495, 165, 1495
1, 4111, 61665165, 61666025, 165, 1025
1, 4112, 61680165, 61681495, 165, 1495
1, 4113, 61695165, 61696025, 165, 1025
1, 4114, 61710165, 61711495, 165, 1495
1, 4115, 61725165, 61726025, 165, 1025
1, 4116, 61740165, 61742606, 165, 2606
1, 4117, 61755165, 61756025, 165, 1025
1, 4118, 61770165, 61771025, 165, 1025
1, 4119, 61785165, 61786025, 165, 1025
1, 412, 6180165, 6181025, 165, 1025
1, 4120, 61800165, 61802843, 165, 2843
1, 4121, 61815165, 61816025, 165, 1025
1, 4122, 61830165, 61831025, 165, 1025
1, 4123, 61845165, 61846025, 165, 1025
1, 4124, 61860165, 61861025, 165, 1025
1, 4125, 61875165, 61876025, 165, 1025
1, 4126, 61890165, 61891025, 165, 1025
1, 4127, 61905165, 61906025, 165, 1025
1, 4128, 61920165, 61922829, 165, 2829
1, 4129, 61935165, 61936025, 165, 1025
1, 413, 6195165, 6196025, 165, 1025
1, 4130, 61950165, 61953468, 165, 3468
1, 4131, 61965165, 61966025, 165, 1025
1, 4132, 61980165, 61981495, 165, 1495
1, 4133, 61995165, 61996025, 165, 1025
1, 4134, 62010165, 62011025, 165, 1025
1, 4135, 62025165, 62026724, 165, 1724
1, 4136, 62040165, 62041025, 165, 1025
1, 4137, 62055165, 62056025, 165, 1025
1, 4138, 62070165, 62071025, 165, 1025
1, 4139, 62085165, 62086025, 165, 1025
1, 414, 6210165, 6211025, 165, 1025
1, 4140, 62100165, 62101495, 165, 1495
1, 4141, 62115165, 62116025, 165, 1025
1, 4142, 62130165, 62131025, 165, 1025
1, 4143, 62145165, 62146025, 165, 1025
1, 4144, 62160165, 62164572, 165, 4572
1, 4145, 62175165, 62176025, 165, 1025
1, 4146, 62190165, 62191025, 165, 1025
1, 4147, 62205165, 62206025, 165, 1025
1, 4148, 62220165, 62221495, 165, 1495
1, 4149, 62235165, 62239549, 165, 4549
1, 415, 6225165, 6226025, 165, 1025
1, 4150, 62250165, 62251566, 165, 1566
1, 4151, 62265165, 62266025, 165, 1025
1, 4152, 62280165, 62281025, 165, 1025
1, 4153, 62295165, 62296025, 165, 1025
1, 4154, 62310165, 62311025, 165, 1025
1, 4155, 62325165, 62326724, 165, 1724
1, 4156, 62340165, 62341495, 165, 1495
1, 4157, 62355165, 62356025, 165, 1025
1, 4158, 62370165, 62372864, 165, 2864
1, 4159, 62385165, 62386025, 165, 1025
1, 416, 6240165, 6241495, 165, 1495
1, 4160, 62400165, 62403440, 165, 3440
1, 4161, 62415165, 62416025, 165, 1025
1, 4162, 62430165, 62431025, 165, 1025
1, 4163, 62445165, 62446025, 165, 1025
1, 4164, 62460165, 62461025, 165, 1025
1, 4165, 62475165, 62476724, 165, 1724
1, 4166, 62490165, 62492578, 165, 2578
1, 4167, 62505165, 62506025, 165, 1025
1, 4168, 62520165, 62521025, 165, 1025
1, 4169, 62535165, 62536025, 165, 1025
1, 417, 6255165, 6256025, 165, 1025
1, 4170, 62550165, 62551495, 165, 1495
1, 4171, 62565165, 62566025, 165, 1025
1, 4172, 62580165, 62582606, 165, 2606
1, 4173, 62595165, 62596025, 165, 1025
1, 4174, 62610165, 62611025, 165, 1025
1, 4175, 62625165, 62626025, 165, 1025
1, 4176, 62640165, 62641495, 165, 1495
1, 4177, 62655165, 62656724, 165, 1724
1, 4178, 62670165, 62671025, 165, 1025
1, 4179, 62685165, 62686025, 165, 1025
1, 418, 6270165, 6271025, 165, 1025
1, 4180, 62700165, 62701495, 165, 1495
1, 4181, 62715165, 62716025, 165, 1025
1, 4182, 62730165, 62731025, 165, 1025
1, 4183, 62745165, 62746025, 165, 1025
1, 4184, 62760165, 62762829, 165, 2829
1, 4185, 62775165, 62776025, 165, 1025
1, 4186, 62790165, 62792864, 165, 2864
1, 4187, 62805165, 62806025, 165, 1025
1, 4188, 62820165, 62821495, 165, 1495
1, 4189, 62835165, 62836025, 165, 1025
1, 419, 6285165, 6286025, 165, 1025
1, 4190, 62850165, 62851495, 165, 1495
1, 4191, 62865165, 62866025, 165, 1025
1, 4192, 62880165, 62881495, 165, 1495
1, 4193, 62895165, 62896025, 165, 1025
1, 4194, 62910165, 62911025, 165, 1025
1, 4195, 62925165, 62926025, 165, 1025
1, 4196, 62940165, 62941025, 165, 1025
1, 4197, 62955165, 62956025, 165, 1025
1, 4198, 62970165, 62971025, 165, 1025
1, 4199, 62985165, 62986025, 165, 1025
1, 42, 630165, 632864, 165, 2864
1, 420, 6300165, 6302606, 165, 2606
1, 4200, 63000165, 63002606, 165, 2606
1, 4201, 63015165, 63016025, 165, 1025
1, 4202, 63030165, 63031025, 165, 1025
1, 4203, 63045165, 63046025, 165, 1025
1, 4204, 63060165, 63061025, 165, 1025
1, 4205, 63075165, 63076025, 165, 1025
1, 4206, 63090165, 63091025, 165, 1025
1, 4207, 63105165, 63106025, 165, 1025
1, 4208, 63120165, 63121495, 165, 1495
1, 4209, 63135165, 63136025, 165, 1025
1, 421, 6315165, 6316025, 165, 1025
1, 4210, 63150165, 63151025, 165, 1025
1, 4211, 63165165, 63166025, 165, 1025
1, 4212, 63180165, 63182829, 165, 2829
1, 4213, 63195165, 63196025, 165, 1025
1, 4214, 63210165, 63212864, 165, 2864
1, 4215, 63225165, 63226025, 165, 1025
1, 4216, 63240165, 63241495, 165, 1495
1, 4217, 63255165, 63256025, 165, 1025
1, 4218, 63270165, 63271025, 165, 1025
1, 4219, 63285165, 63286724, 165, 1724
1, 422, 6330165, 6331025, 165, 1025
1, 4220, 63300165, 63301495, 165, 1495
1, 4221, 63315165, 63316025, 165, 1025
1, 4222, 63330165, 63331025, 165, 1025
1, 4223, 63345165, 63346025, 165, 1025
1, 4224, 63360165, 63362392, 165, 2392
1, 4225, 63375165, 63376025, 165, 1025
1, 4226, 63390165, 63391025, 165, 1025
1, 4227, 63405165, 63406025, 165, 1025
1, 4228, 63420165, 63422606, 165, 2606
1, 4229, 63435165, 63436025, 165, 1025
1, 423, 6345165, 6346025, 165, 1025
1, 4230, 63450165, 63451025, 165, 1025
1, 4231, 63465165, 63466025, 165, 1025
1, 4232, 63480165, 63481025, 165, 1025
1, 4233, 63495165, 63496724, 165, 1724
1, 4234, 63510165, 63511025, 165, 1025
1, 4235, 63525165, 63527127, 165, 2127
1, 4236, 63540165, 63541025, 165, 1025
1, 4237, 63555165, 63556025, 165, 1025
1, 4238, 63570165, 63571025, 165, 1025
1, 4239, 63585165, 63586025, 165, 1025
1, 424, 6360165, 6361025, 165, 1025
1, 4240, 63600165, 63603440, 165, 3440
1, 4241, 63615165, 63616025, 165, 1025
1, 4242, 63630165, 63632864, 165, 2864
1, 4243, 63645165, 63646025, 165, 1025
1, 4244, 63660165, 63661025, 165, 1025
1, 4245, 63675165, 63676025, 165, 1025
1, 4246, 63690165, 63691495, 165, 1495
1, 4247, 63705165, 63706025, 165, 1025
1, 4248, 63720165, 63721025, 165, 1025
1, 4249, 63735165, 63736025, 165, 1025
1, 425, 6375165, 6376853, 165, 1853
1, 4250, 63750165, 63751495, 165, 1495
1, 4251, 63765165, 63768107, 165, 3107
1, 4252, 63780165, 63781495, 165, 1495
1, 4253, 63795165, 63796025, 165, 1025
1, 4254, 63810165, 63811025, 165, 1025
1, 4255, 63825165, 63826025, 165, 1025
1, 4256, 63840165, 63844572, 165, 4572
1, 4257, 63855165, 63856025, 165, 1025
1, 4258, 63870165, 63871025, 165, 1025
1, 4259, 63885165, 63886025, 165, 1025
1, 426, 6390165, 6391025, 165, 1025
1, 4260, 63900165, 63901495, 165, 1495
1, 4261, 63915165, 63916025, 165, 1025
1, 4262, 63930165, 63931025, 165, 1025
1, 4263, 63945165, 63946025, 165, 1025
1, 4264, 63960165, 63961025, 165, 1025
1, 4265, 63975165, 63976025, 165, 1025
1, 4266, 63990165, 63991025, 165, 1025
1, 4267, 64005165, 64006025, 165, 1025
1, 4268, 64020165, 64022829, 165, 2829
1, 4269, 64035165, 64036025, 165, 1025
1, 427, 6405165, 6406724, 165, 1724
1, 4270, 64050165, 64053468, 165, 3468
1, 4271, 64065165, 64066025, 165, 1025
1, 4272, 64080165, 64081495, 165, 1495
1, 4273, 64095165, 64096025, 165, 1025
1, 4274, 64110165, 64111025, 165, 1025
1, 4275, 64125165, 64126724, 165, 1724
1, 4276, 64140165, 64141025, 165, 1025
1, 4277, 64155165, 64156025, 165, 1025
1, 4278, 64170165, 64171025, 165, 1025
1, 4279, 64185165, 64186763, 165, 1763
1, 428, 6420165, 6421025, 165, 1025
1, 4280, 64200165, 64202843, 165, 2843
1, 4281, 64215165, 64216025, 165, 1025
1, 4282, 64230165, 64231025, 165, 1025
1, 4283, 64245165, 64246025, 165, 1025
1, 4284, 64260165, 64262606, 165, 2606
1, 4285, 64275165, 64276025, 165, 1025
1, 4286, 64290165, 64291025, 165, 1025
1, 4287, 64305165, 64306025, 165, 1025
1, 4288, 64320165, 64321495, 165, 1495
1, 4289, 64335165, 64336025, 165, 1025
1, 429, 6435165, 6436025, 165, 1025
1, 4290, 64350165, 64351495, 165, 1495
1, 4291, 64365165, 64366025, 165, 1025
1, 4292, 64380165, 64381025, 165, 1025
1, 4293, 64395165, 64396025, 165, 1025
1, 4294, 64410165, 64411025, 165, 1025
1, 4295, 64425165, 64426025, 165, 1025
1, 4296, 64440165, 64442829, 165, 2829
1, 4297, 64455165, 64456025, 165, 1025
1, 4298, 64470165, 64472864, 165, 2864
1, 4299, 64485165, 64486025, 165, 1025
1, 43, 645165, 646025, 165, 1025
1, 430, 6450165, 6451025, 165, 1025
1, 4300, 64500165, 64501495, 165, 1495
1, 4301, 64515165, 64516025, 165, 1025
1, 4302, 64530165, 64531025, 165, 1025
1, 4303, 64545165, 64546025, 165, 1025
1, 4304, 64560165, 64561495, 165, 1495
1, 4305, 64575165, 64576025, 165, 1025
1, 4306, 64590165, 64591025, 165, 1025
1, 4307, 64605165, 64606025, 165, 1025
1, 4308, 64620165, 64622728, 165, 2728
1, 4309, 64635165, 64636025, 165, 1025
1, 431, 6465165, 6466025, 165, 1025
1, 4310, 64650165, 64651495, 165, 1495
1, 4311, 64665165, 64666025, 165, 1025
1, 4312, 64680165, 64683444, 165, 3444
1, 4313, 64695165, 64696025, 165, 1025
1, 4314, 64710165, 64711025, 165, 1025
1, 4315, 64725165, 64726025, 165, 1025
1, 4316, 64740165, 64741025, 165, 1025
1, 4317, 64755165, 64756025, 165, 1025
1, 4318, 64770165, 64771025, 165, 1025
1, 4319, 64785165, 64786025, 165, 1025
1, 432, 6480165, 6483393, 165, 3393
1, 4320, 64800165, 64803440, 165, 3440
1, 4321, 64815165, 64816025, 165, 1025
1, 4322, 64830165, 64831025, 165, 1025
1, 4323, 64845165, 64846025, 165, 1025
1, 4324, 64860165, 64862829, 165, 2829
1, 4325, 64875165, 64876025, 165, 1025
1, 4326, 64890165, 64892864, 165, 2864
1, 4327, 64905165, 64906025, 165, 1025
1, 4328, 64920165, 64921025, 165, 1025
1, 4329, 64935165, 64936025, 165, 1025
1, 433, 6495165, 6496025, 165, 1025
1, 4330, 64950165, 64951495, 165, 1495
1, 4331, 64965165, 64970086, 165, 5086
1, 4332, 64980165, 64981025, 165, 1025
1, 4333, 64995165, 64996025, 165, 1025
1, 4334, 65010165, 65011025, 165, 1025
1, 4335, 65025165, 65026025, 165, 1025
1, 4336, 65040165, 65042851, 165, 2851
1, 4337, 65055165, 65056025, 165, 1025
1, 4338, 65070165, 65071025, 165, 1025
1, 4339, 65085165, 65086025, 165, 1025
1, 434, 6510165, 6512864, 165, 2864
1, 4340, 65100165, 65103468, 165, 3468
1, 4341, 65115165, 65116025, 165, 1025
1, 4342, 65130165, 65131495, 165, 1495
1, 4343, 65145165, 65146025, 165, 1025
1, 4344, 65160165, 65161025, 165, 1025
1, 4345, 65175165, 65176724, 165, 1724
1, 4346, 65190165, 65191025, 165, 1025
1, 4347, 65205165, 65211556, 165, 6556
1, 4348, 65220165, 65221495, 165, 1495
1, 4349, 65235165, 65236025, 165, 1025
1, 435, 6525165, 6526025, 165, 1025
1, 4350, 65250165, 65251025, 165, 1025
1, 4351, 65265165, 65266025, 165, 1025
1, 4352, 65280165, 65283393, 165, 3393
1, 4353, 65295165, 65296025, 165, 1025
1, 4354, 65310165, 65313318, 165, 3318
1, 4355, 65325165, 65326025, 165, 1025
1, 4356, 65340165, 65341025, 165, 1025
1, 4357, 65355165, 65356025, 165, 1025
1, 4358, 65370165, 65371025, 165, 1025
1, 4359, 65385165, 65389118, 165, 4118
1, 436, 6540165, 6541025, 165, 1025
1, 4360, 65400165, 65402843, 165, 2843
1, 4361, 65415165, 65416025, 165, 1025
1, 4362, 65430165, 65431025, 165, 1025
1, 4363, 65445165, 65446025, 165, 1025
1, 4364, 65460165, 65461495, 165, 1495
1, 4365, 65475165, 65476025, 165, 1025
1, 4366, 65490165, 65491025, 165, 1025
1, 4367, 65505165, 65506025, 165, 1025
1, 4368, 65520165, 65522606, 165, 2606
1, 4369, 65535165, 65536025, 165, 1025
1, 437, 6555165, 6556130, 165, 1130
1, 4370, 65550165, 65551495, 165, 1495
1, 4371, 65565165, 65566025, 165, 1025
1, 4372, 65580165, 65581025, 165, 1025
1, 4373, 65595165, 65596025, 165, 1025
1, 4374, 65610165, 65611025, 165, 1025
1, 4375, 65625165, 65626724, 165, 1724
1, 4376, 65640165, 65641495, 165, 1495
1, 4377, 65655165, 65656025, 165, 1025
1, 4378, 65670165, 65671025, 165, 1025
1, 4379, 65685165, 65686025, 165, 1025
1, 438, 6570165, 6571495, 165, 1495
1, 4380, 65700165, 65702828, 165, 2828
1, 4381, 65715165, 65716025, 165, 1025
1, 4382, 65730165, 65732606, 165, 2606
1, 4383, 65745165, 65746025, 165, 1025
1, 4384, 65760165, 65761495, 165, 1495
1, 4385, 65775165, 65776025, 165, 1025
1, 4386, 65790165, 65791025, 165, 1025
1, 4387, 65805165, 65807136, 165, 2136
1, 4388, 65820165, 65821495, 165, 1495
1, 4389, 65835165, 65836025, 165, 1025
1, 439, 6585165, 6586025, 165, 1025
1, 4390, 65850165, 65851025, 165, 1025
1, 4391, 65865165, 65866025, 165, 1025
1, 4392, 65880165, 65881495, 165, 1495
1, 4393, 65895165, 65896025, 165, 1025
1, 4394, 65910165, 65911025, 165, 1025
1, 4395, 65925165, 65926025, 165, 1025
1, 4396, 65940165, 65943444, 165, 3444
1, 4397, 65955165, 65956025, 165, 1025
1, 4398, 65970165, 65971025, 165, 1025
1, 4399, 65985165, 65986025, 165, 1025
1, 44, 660165, 661025, 165, 1025
1, 440, 6600165, 6601495, 165, 1495
1, 4400, 66000165, 66002843, 165, 2843
1, 4401, 66015165, 66016025, 165, 1025
1, 4402, 66030165, 66031025, 165, 1025
1, 4403, 66045165, 66046025, 165, 1025
1, 4404, 66060165, 66061495, 165, 1495
1, 4405, 66075165, 66076025, 165, 1025
1, 4406, 66090165, 66091025, 165, 1025
1, 4407, 66105165, 66106025, 165, 1025
1, 4408, 66120165, 66121495, 165, 1495
1, 4409, 66135165, 66136025, 165, 1025
1, 441, 6615165, 6616025, 165, 1025
1, 4410, 66150165, 66152606, 165, 2606
1, 4411, 66165165, 66166025, 165, 1025
1, 4412, 66180165, 66181025, 165, 1025
1, 4413, 66195165, 66196025, 165, 1025
1, 4414, 66210165, 66211025, 165, 1025
1, 4415, 66225165, 66231183, 165, 6183
1, 4416, 66240165, 66242851, 165, 2851
1, 4417, 66255165, 66256025, 165, 1025
1, 4418, 66270165, 66271025, 165, 1025
1, 4419, 66285165, 66286025, 165, 1025
1, 442, 6630165, 6631025, 165, 1025
1, 4420, 66300165, 66302843, 165, 2843
1, 4421, 66315165, 66316025, 165, 1025
1, 4422, 66330165, 66331495, 165, 1495
1, 4423, 66345165, 66346025, 165, 1025
1, 4424, 66360165, 66363444, 165, 3444
1, 4425, 66375165, 66376025, 165, 1025
1, 4426, 66390165, 66391025, 165, 1025
1, 4427, 66405165, 66408038, 165, 3038
1, 4428, 66420165, 66421495, 165, 1495
1, 4429, 66435165, 66436025, 165, 1025
1, 443, 6645165, 6648107, 165, 3107
1, 4430, 66450165, 66451025, 165, 1025
1, 4431, 66465165, 66466025, 165, 1025
1, 4432, 66480165, 66482851, 165, 2851
1, 4433, 66495165, 66496025, 165, 1025
1, 4434, 66510165, 66511025, 165, 1025
1, 4435, 66525165, 66526025, 165, 1025
1, 4436, 66540165, 66541495, 165, 1495
1, 4437, 66555165, 66556025, 165, 1025
1, 4438, 66570165, 66572606, 165, 2606
1, 4439, 66585165, 66586025, 165, 1025
1, 444, 6660165, 6661495, 165, 1495
1, 4440, 66600165, 66601495, 165, 1495
1, 4441, 66615165, 66616025, 165, 1025
1, 4442, 66630165, 66631025, 165, 1025
1, 4443, 66645165, 66650086, 165, 5086
1, 4444, 66660165, 66661495, 165, 1495
1, 4445, 66675165, 66676408, 165, 1408
1, 4446, 66690165, 66691025, 165, 1025
1, 4447, 66705165, 66706025, 165, 1025
1, 4448, 66720165, 66721495, 165, 1495
1, 4449, 66735165, 66736025, 165, 1025
1, 445, 6675165, 6676025, 165, 1025
1, 4450, 66750165, 66752834, 165, 2834
1, 4451, 66765165, 66766025, 165, 1025
1, 4452, 66780165, 66783444, 165, 3444
1, 4453, 66795165, 66796025, 165, 1025
1, 4454, 66810165, 66811025, 165, 1025
1, 4455, 66825165, 66826025, 165, 1025
1, 4456, 66840165, 66841495, 165, 1495
1, 4457, 66855165, 66856025, 165, 1025
1, 4458, 66870165, 66871025, 165, 1025
1, 4459, 66885165, 66886025, 165, 1025
1, 446, 6690165, 6691025, 165, 1025
1, 4460, 66900165, 66902843, 165, 2843
1, 4461, 66915165, 66916025, 165, 1025
1, 4462, 66930165, 66931025, 165, 1025
1, 4463, 66945165, 66946025, 165, 1025
1, 4464, 66960165, 66962829, 165, 2829
1, 4465, 66975165, 66976025, 165, 1025
1, 4466, 66990165, 66992606, 165, 2606
1, 4467, 67005165, 67006025, 165, 1025
1, 4468, 67020165, 67021025, 165, 1025
1, 4469, 67035165, 67036025, 165, 1025
1, 447, 6705165, 6706025, 165, 1025
1, 4470, 67050165, 67051025, 165, 1025
1, 4471, 67065165, 67066724, 165, 1724
1, 4472, 67080165, 67081495, 165, 1495
1, 4473, 67095165, 67096025, 165, 1025
1, 4474, 67110165, 67111025, 165, 1025
1, 4475, 67125165, 67126025, 165, 1025
1, 4476, 67140165, 67141025, 165, 1025
1, 4477, 67155165, 67156025, 165, 1025
1, 4478, 67170165, 67171495, 165, 1495
1, 4479, 67185165, 67186025, 165, 1025
1, 448, 6720165, 6724572, 165, 4572
1, 4480, 67200165, 67202606, 165, 2606
1, 4481, 67215165, 67216025, 165, 1025
1, 4482, 67230165, 67231025, 165, 1025
1, 4483, 67245165, 67246291, 165, 1291
1, 4484, 67260165, 67261495, 165, 1495
1, 4485, 67275165, 67276025, 165, 1025
1, 4486, 67290165, 67291025, 165, 1025
1, 4487, 67305165, 67306025, 165, 1025
1, 4488, 67320165, 67321495, 165, 1495
1, 4489, 67335165, 67336025, 165, 1025
1, 449, 6735165, 6736025, 165, 1025
1, 4490, 67350165, 67351495, 165, 1495
1, 4491, 67365165, 67366025, 165, 1025
1, 4492, 67380165, 67381495, 165, 1495
1, 4493, 67395165, 67396025, 165, 1025
1, 4494, 67410165, 67412606, 165, 2606
1, 4495, 67425165, 67427127, 165, 2127
1, 4496, 67440165, 67442851, 165, 2851
1, 4497, 67455165, 67456025, 165, 1025
1, 4498, 67470165, 67471025, 165, 1025
1, 4499, 67485165, 67486025, 165, 1025
1, 45, 675165, 676025, 165, 1025
1, 450, 6750165, 6751495, 165, 1495
1, 4500, 67500165, 67502843, 165, 2843
1, 4501, 67515165, 67516025, 165, 1025
1, 4502, 67530165, 67531025, 165, 1025
1, 4503, 67545165, 67546025, 165, 1025
1, 4504, 67560165, 67561025, 165, 1025
1, 4505, 67575165, 67576025, 165, 1025
1, 4506, 67590165, 67591495, 165, 1495
1, 4507, 67605165, 67606025, 165, 1025
1, 4508, 67620165, 67623444, 165, 3444
1, 4509, 67635165, 67636025, 165, 1025
1, 451, 6765165, 6766025, 165, 1025
1, 4510, 67650165, 67651025, 165, 1025
1, 4511, 67665165, 67666025, 165, 1025
1, 4512, 67680165, 67682851, 165, 2851
1, 4513, 67695165, 67696025, 165, 1025
1, 4514, 67710165, 67711025, 165, 1025
1, 4515, 67725165, 67726025, 165, 1025
1, 4516, 67740165, 67741025, 165, 1025
1, 4517, 67755165, 67756025, 165, 1025
1, 4518, 67770165, 67772194, 165, 2194
1, 4519, 67785165, 67786025, 165, 1025
1, 452, 6780165, 6781025, 165, 1025
1, 4520, 67800165, 67802828, 165, 2828
1, 4521, 67815165, 67816025, 165, 1025
1, 4522, 67830165, 67832606, 165, 2606
1, 4523, 67845165, 67846025, 165, 1025
1, 4524, 67860165, 67861495, 165, 1495
1, 4525, 67875165, 67876025, 165, 1025
1, 4526, 67890165, 67891025, 165, 1025
1, 4527, 67905165, 67906025, 165, 1025
1, 4528, 67920165, 67922851, 165, 2851
1, 4529, 67935165, 67936025, 165, 1025
1, 453, 6795165, 6796025, 165, 1025
1, 4530, 67950165, 67951359, 165, 1359
1, 4531, 67965165, 67966025, 165, 1025
1, 4532, 67980165, 67981025, 165, 1025
1, 4533, 67995165, 67996025, 165, 1025
1, 4534, 68010165, 68011495, 165, 1495
1, 4535, 68025165, 68026025, 165, 1025
1, 4536, 68040165, 68043444, 165, 3444
1, 4537, 68055165, 68056025, 165, 1025
1, 4538, 68070165, 68071025, 165, 1025
1, 4539, 68085165, 68086025, 165, 1025
1, 454, 6810165, 6811025, 165, 1025
1, 4540, 68100165, 68102843, 165, 2843
1, 4541, 68115165, 68116025, 165, 1025
1, 4542, 68130165, 68131025, 165, 1025
1, 4543, 68145165, 68146025, 165, 1025
1, 4544, 68160165, 68161495, 165, 1495
1, 4545, 68175165, 68176025, 165, 1025
1, 4546, 68190165, 68191495, 165, 1495
1, 4547, 68205165, 68206025, 165, 1025
1, 4548, 68220165, 68221495, 165, 1495
1, 4549, 68235165, 68236025, 165, 1025
1, 455, 6825165, 6826724, 165, 1724
1, 4550, 68250165, 68253468, 165, 3468
1, 4551, 68265165, 68266025, 165, 1025
1, 4552, 68280165, 68281495, 165, 1495
1, 4553, 68295165, 68296025, 165, 1025
1, 4554, 68310165, 68311025, 165, 1025
1, 4555, 68325165, 68327127, 165, 2127
1, 4556, 68340165, 68341495, 165, 1495
1, 4557, 68355165, 68356025, 165, 1025
1, 4558, 68370165, 68371025, 165, 1025
1, 4559, 68385165, 68386025, 165, 1025
1, 456, 6840165, 6841025, 165, 1025
1, 4560, 68400165, 68402843, 165, 2843
1, 4561, 68415165, 68416025, 165, 1025
1, 4562, 68430165, 68431495, 165, 1495
1, 4563, 68445165, 68446025, 165, 1025
1, 4564, 68460165, 68463444, 165, 3444
1, 4565, 68475165, 68476025, 165, 1025
1, 4566, 68490165, 68491025, 165, 1025
1, 4567, 68505165, 68506025, 165, 1025
1, 4568, 68520165, 68521495, 165, 1495
1, 4569, 68535165, 68536025, 165, 1025
1, 457, 6855165, 6856025, 165, 1025
1, 4570, 68550165, 68551025, 165, 1025
1, 4571, 68565165, 68566025, 165, 1025
1, 4572, 68580165, 68581025, 165, 1025
1, 4573, 68595165, 68596025, 165, 1025
1, 4574, 68610165, 68611025, 165, 1025
1, 4575, 68625165, 68626025, 165, 1025
1, 4576, 68640165, 68642829, 165, 2829
1, 4577, 68655165, 68656025, 165, 1025
1, 4578, 68670165, 68672864, 165, 2864
1, 4579, 68685165, 68686025, 165, 1025
1, 458, 6870165, 6871025, 165, 1025
1, 4580, 68700165, 68702843, 165, 2843
1, 4581, 68715165, 68716025, 165, 1025
1, 4582, 68730165, 68731025, 165, 1025
1, 4583, 68745165, 68746025, 165, 1025
1, 4584, 68760165, 68761025, 165, 1025
1, 4585, 68775165, 68776724, 165, 1724
1, 4586, 68790165, 68791025, 165, 1025
1, 4587, 68805165, 68806025, 165, 1025
1, 4588, 68820165, 68821025, 165, 1025
1, 4589, 68835165, 68836025, 165, 1025
1, 459, 6885165, 6886025, 165, 1025
1, 4590, 68850165, 68852834, 165, 2834
1, 4591, 68865165, 68866025, 165, 1025
1, 4592, 68880165, 68882863, 165, 2863
1, 4593, 68895165, 68896025, 165, 1025
1, 4594, 68910165, 68911025, 165, 1025
1, 4595, 68925165, 68926025, 165, 1025
1, 4596, 68940165, 68941495, 165, 1495
1, 4597, 68955165, 68956025, 165, 1025
1, 4598, 68970165, 68971025, 165, 1025
1, 4599, 68985165, 68986025, 165, 1025
1, 46, 690165, 691025, 165, 1025
1, 460, 6900165, 6903324, 165, 3324
1, 4600, 69000165, 69001495, 165, 1495
1, 4601, 69015165, 69016025, 165, 1025
1, 4602, 69030165, 69031025, 165, 1025
1, 4603, 69045165, 69046025, 165, 1025
1, 4604, 69060165, 69061495, 165, 1495
1, 4605, 69075165, 69076025, 165, 1025
1, 4606, 69090165, 69092864, 165, 2864
1, 4607, 69105165, 69106025, 165, 1025
1, 4608, 69120165, 69122851, 165, 2851
1, 4609, 69135165, 69136025, 165, 1025
1, 461, 6915165, 6916025, 165, 1025
1, 4610, 69150165, 69151025, 165, 1025
1, 4611, 69165165, 69166025, 165, 1025
1, 4612, 69180165, 69181025, 165, 1025
1, 4613, 69195165, 69196025, 165, 1025
1, 4614, 69210165, 69211025, 165, 1025
1, 4615, 69225165, 69226025, 165, 1025
1, 4616, 69240165, 69241025, 165, 1025
1, 4617, 69255165, 69256025, 165, 1025
1, 4618, 69270165, 69271025, 165, 1025
1, 4619, 69285165, 69287464, 165, 2464
1, 462, 6930165, 6932864, 165, 2864
1, 4620, 69300165, 69302606, 165, 2606
1, 4621, 69315165, 69316025, 165, 1025
1, 4622, 69330165, 69331025, 165, 1025
1, 4623, 69345165, 69346025, 165, 1025
1, 4624, 69360165, 69362851, 165, 2851
1, 4625, 69375165, 69379558, 165, 4558
1, 4626, 69390165, 69391025, 165, 1025
1, 4627, 69405165, 69406025, 165, 1025
1, 4628, 69420165, 69421025, 165, 1025
1, 4629, 69435165, 69436025, 165, 1025
1, 463, 6945165, 6946025, 165, 1025
1, 4630, 69450165, 69451495, 165, 1495
1, 4631, 69465165, 69466025, 165, 1025
1, 4632, 69480165, 69481495, 165, 1495
1, 4633, 69495165, 69496025, 165, 1025
1, 4634, 69510165, 69512864, 165, 2864
1, 4635, 69525165, 69526025, 165, 1025
1, 4636, 69540165, 69541495, 165, 1495
1, 4637, 69555165, 69556025, 165, 1025
1, 4638, 69570165, 69571025, 165, 1025
1, 4639, 69585165, 69586025, 165, 1025
1, 464, 6960165, 6961495, 165, 1495
1, 4640, 69600165, 69602843, 165, 2843
1, 4641, 69615165, 69616025, 165, 1025
1, 4642, 69630165, 69631025, 165, 1025
1, 4643, 69645165, 69646025, 165, 1025
1, 4644, 69660165, 69661025, 165, 1025
1, 4645, 69675165, 69676025, 165, 1025
1, 4646, 69690165, 69691025, 165, 1025
1, 4647, 69705165, 69706025, 165, 1025
1, 4648, 69720165, 69722606, 165, 2606
1, 4649, 69735165, 69736025, 165, 1025
1, 465, 6975165, 6976025, 165, 1025
1, 4650, 69750165, 69751025, 165, 1025
1, 4651, 69765165, 69766025, 165, 1025
1, 4652, 69780165, 69781025, 165, 1025
1, 4653, 69795165, 69801183, 165, 6183
1, 4654, 69810165, 69811025, 165, 1025
1, 4655, 69825165, 69826025, 165, 1025
1, 4656, 69840165, 69841495, 165, 1495
1, 4657, 69855165, 69856025, 165, 1025
1, 4658, 69870165, 69871025, 165, 1025
1, 4659, 69885165, 69886025, 165, 1025
1, 466, 6990165, 6991025, 165, 1025
1, 4660, 69900165, 69903324, 165, 3324
1, 4661, 69915165, 69916025, 165, 1025
1, 4662, 69930165, 69932864, 165, 2864
1, 4663, 69945165, 69946025, 165, 1025
1, 4664, 69960165, 69961495, 165, 1495
1, 4665, 69975165, 69976025, 165, 1025
1, 4666, 69990165, 69991025, 165, 1025
1, 4667, 70005165, 70008348, 165, 3348
1, 4668, 70020165, 70021025, 165, 1025
1, 4669, 70035165, 70036025, 165, 1025
1, 467, 7005165, 7007136, 165, 2136
1, 4670, 70050165, 70051495, 165, 1495
1, 4671, 70065165, 70066025, 165, 1025
1, 4672, 70080165, 70081495, 165, 1495
1, 4673, 70095165, 70096025, 165, 1025
1, 4674, 70110165, 70111025, 165, 1025
1, 4675, 70125165, 70126025, 165, 1025
1, 4676, 70140165, 70142606, 165, 2606
1, 4677, 70155165, 70156025, 165, 1025
1, 4678, 70170165, 70171025, 165, 1025
1, 4679, 70185165, 70186025, 165, 1025
1, 468, 7020165, 7021025, 165, 1025
1, 4680, 70200165, 70201495, 165, 1495
1, 4681, 70215165, 70216025, 165, 1025
1, 4682, 70230165, 70231025, 165, 1025
1, 4683, 70245165, 70246025, 165, 1025
1, 4684, 70260165, 70261025, 165, 1025
1, 4685, 70275165, 70276025, 165, 1025
1, 4686, 70290165, 70291025, 165, 1025
1, 4687, 70305165, 70306025, 165, 1025
1, 4688, 70320165, 70323393, 165, 3393
1, 4689, 70335165, 70336025, 165, 1025
1, 469, 7035165, 7036025, 165, 1025
1, 4690, 70350165, 70353468, 165, 3468
1, 4691, 70365165, 70366025, 165, 1025
1, 4692, 70380165, 70381495, 165, 1495
1, 4693, 70395165, 70396025, 165, 1025
1, 4694, 70410165, 70411025, 165, 1025
1, 4695, 70425165, 70426724, 165, 1724
1, 4696, 70440165, 70441025, 165, 1025
1, 4697, 70455165, 70456025, 165, 1025
1, 4698, 70470165, 70471025, 165, 1025
1, 4699, 70485165, 70487033, 165, 2033
1, 47, 705165, 707136, 165, 2136
1, 470, 7050165, 7051025, 165, 1025
1, 4700, 70500165, 70502843, 165, 2843
1, 4701, 70515165, 70516025, 165, 1025
1, 4702, 70530165, 70531025, 165, 1025
1, 4703, 70545165, 70546025, 165, 1025
1, 4704, 70560165, 70564572, 165, 4572
1, 4705, 70575165, 70576025, 165, 1025
1, 4706, 70590165, 70591025, 165, 1025
1, 4707, 70605165, 70606025, 165, 1025
1, 4708, 70620165, 70621025, 165, 1025
1, 4709, 70635165, 70636724, 165, 1724
1, 471, 7065165, 7066025, 165, 1025
1, 4710, 70650165, 70652068, 165, 2068
1, 4711, 70665165, 70666025, 165, 1025
1, 4712, 70680165, 70681025, 165, 1025
1, 4713, 70695165, 70696025, 165, 1025
1, 4714, 70710165, 70711025, 165, 1025
1, 4715, 70725165, 70726724, 165, 1724
1, 4716, 70740165, 70742829, 165, 2829
1, 4717, 70755165, 70756025, 165, 1025
1, 4718, 70770165, 70772864, 165, 2864
1, 4719, 70785165, 70786025, 165, 1025
1, 472, 7080165, 7081495, 165, 1495
1, 4720, 70800165, 70802843, 165, 2843
1, 4721, 70815165, 70816025, 165, 1025
1, 4722, 70830165, 70831025, 165, 1025
1, 4723, 70845165, 70846025, 165, 1025
1, 4724, 70860165, 70861025, 165, 1025
1, 4725, 70875165, 70876025, 165, 1025
1, 4726, 70890165, 70891025, 165, 1025
1, 4727, 70905165, 70906266, 165, 1266
1, 4728, 70920165, 70921495, 165, 1495
1, 4729, 70935165, 70936025, 165, 1025
1, 473, 7095165, 7096025, 165, 1025
1, 4730, 70950165, 70951495, 165, 1495
1, 4731, 70965165, 70966025, 165, 1025
1, 4732, 70980165, 70982606, 165, 2606
1, 4733, 70995165, 70996025, 165, 1025
1, 4734, 71010165, 71011025, 165, 1025
1, 4735, 71025165, 71026025, 165, 1025
1, 4736, 71040165, 71041495, 165, 1495
1, 4737, 71055165, 71056025, 165, 1025
1, 4738, 71070165, 71071025, 165, 1025
1, 4739, 71085165, 71086025, 165, 1025
1, 474, 7110165, 7111025, 165, 1025
1, 4740, 71100165, 71101495, 165, 1495
1, 4741, 71115165, 71116025, 165, 1025
1, 4742, 71130165, 71131025, 165, 1025
1, 4743, 71145165, 71146025, 165, 1025
1, 4744, 71160165, 71162829, 165, 2829
1, 4745, 71175165, 71176025, 165, 1025
1, 4746, 71190165, 71192864, 165, 2864
1, 4747, 71205165, 71206025, 165, 1025
1, 4748, 71220165, 71221025, 165, 1025
1, 4749, 71235165, 71236025, 165, 1025
1, 475, 7125165, 7126025, 165, 1025
1, 4750, 71250165, 71251495, 165, 1495
1, 4751, 71265165, 71266025, 165, 1025
1, 4752, 71280165, 71281495, 165, 1495
1, 4753, 71295165, 71296025, 165, 1025
1, 4754, 71310165, 71311025, 165, 1025
1, 4755, 71325165, 71326025, 165, 1025
1, 4756, 71340165, 71341495, 165, 1495
1, 4757, 71355165, 71356025, 165, 1025
1, 4758, 71370165, 71371025, 165, 1025
1, 4759, 71385165, 71386025, 165, 1025
1, 476, 7140165, 7142606, 165, 2606
1, 4760, 71400165, 71402606, 165, 2606
1, 4761, 71415165, 71416025, 165, 1025
1, 4762, 71430165, 71431025, 165, 1025
1, 4763, 71445165, 71446025, 165, 1025
1, 4764, 71460165, 71461025, 165, 1025
1, 4765, 71475165, 71476724, 165, 1724
1, 4766, 71490165, 71491025, 165, 1025
1, 4767, 71505165, 71506025, 165, 1025
1, 4768, 71520165, 71521495, 165, 1495
1, 4769, 71535165, 71536025, 165, 1025
1, 477, 7155165, 7156025, 165, 1025
1, 4770, 71550165, 71551025, 165, 1025
1, 4771, 71565165, 71566025, 165, 1025
1, 4772, 71580165, 71583271, 165, 3271
1, 4773, 71595165, 71596025, 165, 1025
1, 4774, 71610165, 71612864, 165, 2864
1, 4775, 71625165, 71626025, 165, 1025
1, 4776, 71640165, 71641025, 165, 1025
1, 4777, 71655165, 71656025, 165, 1025
1, 4778, 71670165, 71671025, 165, 1025
1, 4779, 71685165, 71690086, 165, 5086
1, 478, 7170165, 7171025, 165, 1025
1, 4780, 71700165, 71701495, 165, 1495
1, 4781, 71715165, 71716025, 165, 1025
1, 4782, 71730165, 71731025, 165, 1025
1, 4783, 71745165, 71746025, 165, 1025
1, 4784, 71760165, 71763063, 165, 3063
1, 4785, 71775165, 71776025, 165, 1025
1, 4786, 71790165, 71791025, 165, 1025
1, 4787, 71805165, 71806025, 165, 1025
1, 4788, 71820165, 71823444, 165, 3444
1, 4789, 71835165, 71836025, 165, 1025
1, 479, 7185165, 7186025, 165, 1025
1, 4790, 71850165, 71851495, 165, 1495
1, 4791, 71865165, 71866025, 165, 1025
1, 4792, 71880165, 71881025, 165, 1025
1, 4793, 71895165, 71896025, 165, 1025
1, 4794, 71910165, 71911025, 165, 1025
1, 4795, 71925165, 71929325, 165, 4325
1, 4796, 71940165, 71941495, 165, 1495
1, 4797, 71955165, 71956025, 165, 1025
1, 4798, 71970165, 71971025, 165, 1025
1, 4799, 71985165, 71986025, 165, 1025
1, 48, 720165, 721495, 165, 1495
1, 480, 7200165, 7202843, 165, 2843
1, 4800, 72000165, 72003440, 165, 3440
1, 4801, 72015165, 72016025, 165, 1025
1, 4802, 72030165, 72032606, 165, 2606
1, 4803, 72045165, 72046025, 165, 1025
1, 4804, 72060165, 72061025, 165, 1025
1, 4805, 72075165, 72076025, 165, 1025
1, 4806, 72090165, 72091025, 165, 1025
1, 4807, 72105165, 72107136, 165, 2136
1, 4808, 72120165, 72121025, 165, 1025
1, 4809, 72135165, 72136025, 165, 1025
1, 481, 7215165, 7216025, 165, 1025
1, 4810, 72150165, 72151025, 165, 1025
1, 4811, 72165165, 72166025, 165, 1025
1, 4812, 72180165, 72181495, 165, 1495
1, 4813, 72195165, 72196025, 165, 1025
1, 4814, 72210165, 72211025, 165, 1025
1, 4815, 72225165, 72226025, 165, 1025
1, 4816, 72240165, 72242606, 165, 2606
1, 4817, 72255165, 72256025, 165, 1025
1, 4818, 72270165, 72271025, 165, 1025
1, 4819, 72285165, 72286025, 165, 1025
1, 482, 7230165, 7231025, 165, 1025
1, 4820, 72300165, 72301495, 165, 1495
1, 4821, 72315165, 72316025, 165, 1025
1, 4822, 72330165, 72331025, 165, 1025
1, 4823, 72345165, 72346025, 165, 1025
1, 4824, 72360165, 72361495, 165, 1495
1, 4825, 72375165, 72376025, 165, 1025
1, 4826, 72390165, 72391025, 165, 1025
1, 4827, 72405165, 72406025, 165, 1025
1, 4828, 72420165, 72422829, 165, 2829
1, 4829, 72435165, 72436025, 165, 1025
1, 483, 7245165, 7246025, 165, 1025
1, 4830, 72450165, 72453468, 165, 3468
1, 4831, 72465165, 72466025, 165, 1025
1, 4832, 72480165, 72481495, 165, 1495
1, 4833, 72495165, 72496025, 165, 1025
1, 4834, 72510165, 72511025, 165, 1025
1, 4835, 72525165, 72526724, 165, 1724
1, 4836, 72540165, 72541025, 165, 1025
1, 4837, 72555165, 72556025, 165, 1025
1, 4838, 72570165, 72571025, 165, 1025
1, 4839, 72585165, 72586025, 165, 1025
1, 484, 7260165, 7261315, 165, 1315
1, 4840, 72600165, 72602843, 165, 2843
1, 4841, 72615165, 72616025, 165, 1025
1, 4842, 72630165, 72631025, 165, 1025
1, 4843, 72645165, 72646025, 165, 1025
1, 4844, 72660165, 72663444, 165, 3444
1, 4845, 72675165, 72676025, 165, 1025
1, 4846, 72690165, 72691025, 165, 1025
1, 4847, 72705165, 72706025, 165, 1025
1, 4848, 72720165, 72721495, 165, 1495
1, 4849, 72735165, 72736025, 165, 1025
1, 485, 7275165, 7276025, 165, 1025
1, 4850, 72750165, 72751025, 165, 1025
1, 4851, 72765165, 72766025, 165, 1025
1, 4852, 72780165, 72781495, 165, 1495
1, 4853, 72795165, 72796025, 165, 1025
1, 4854, 72810165, 72811025, 165, 1025
1, 4855, 72825165, 72826025, 165, 1025
1, 4856, 72840165, 72841495, 165, 1495
1, 4857, 72855165, 72856025, 165, 1025
1, 4858, 72870165, 72872606, 165, 2606
1, 4859, 72885165, 72886025, 165, 1025
1, 486, 7290165, 7291025, 165, 1025
1, 4860, 72900165, 72901495, 165, 1495
1, 4861, 72915165, 72916025, 165, 1025
1, 4862, 72930165, 72931025, 165, 1025
1, 4863, 72945165, 72949627, 165, 4627
1, 4864, 72960165, 72962851, 165, 2851
1, 4865, 72975165, 72976025, 165, 1025
1, 4866, 72990165, 72991025, 165, 1025
1, 4867, 73005165, 73006025, 165, 1025
1, 4868, 73020165, 73021495, 165, 1495
1, 4869, 73035165, 73036025, 165, 1025
1, 487, 7305165, 7306025, 165, 1025
1, 4870, 73050165, 73051495, 165, 1495
1, 4871, 73065165, 73066025, 165, 1025
1, 4872, 73080165, 73083444, 165, 3444
1, 4873, 73095165, 73096025, 165, 1025
1, 4874, 73110165, 73111025, 165, 1025
1, 4875, 73125165, 73126724, 165, 1724
1, 4876, 73140165, 73141025, 165, 1025
1, 4877, 73155165, 73156025, 165, 1025
1, 4878, 73170165, 73171025, 165, 1025
1, 4879, 73185165, 73186025, 165, 1025
1, 488, 7320165, 7322829, 165, 2829
1, 4880, 73200165, 73203440, 165, 3440
1, 4881, 73215165, 73216025, 165, 1025
1, 4882, 73230165, 73231025, 165, 1025
1, 4883, 73245165, 73246025, 165, 1025
1, 4884, 73260165, 73261495, 165, 1495
1, 4885, 73275165, 73276025, 165, 1025
1, 4886, 73290165, 73296734, 165, 6734
1, 4887, 73305165, 73306025, 165, 1025
1, 4888, 73320165, 73321025, 165, 1025
1, 4889, 73335165, 73336025, 165, 1025
1, 489, 7335165, 7336025, 165, 1025
1, 4890, 73350165, 73351025, 165, 1025
1, 4891, 73365165, 73370086, 165, 5086
1, 4892, 73380165, 73381495, 165, 1495
1, 4893, 73395165, 73396025, 165, 1025
1, 4894, 73410165, 73411025, 165, 1025
1, 4895, 73425165, 73426025, 165, 1025
1, 4896, 73440165, 73442851, 165, 2851
1, 4897, 73455165, 73456025, 165, 1025
1, 4898, 73470165, 73471495, 165, 1495
1, 4899, 73485165, 73486025, 165, 1025
1, 49, 735165, 736025, 165, 1025
1, 490, 7350165, 7353468, 165, 3468
1, 4900, 73500165, 73503468, 165, 3468
1, 4901, 73515165, 73516025, 165, 1025
1, 4902, 73530165, 73531025, 165, 1025
1, 4903, 73545165, 73546025, 165, 1025
1, 4904, 73560165, 73561495, 165, 1495
1, 4905, 73575165, 73576724, 165, 1724
1, 4906, 73590165, 73591025, 165, 1025
1, 4907, 73605165, 73606025, 165, 1025
1, 4908, 73620165, 73621495, 165, 1495
1, 4909, 73635165, 73636025, 165, 1025
1, 491, 7365165, 7366025, 165, 1025
1, 4910, 73650165, 73651025, 165, 1025
1, 4911, 73665165, 73666025, 165, 1025
1, 4912, 73680165, 73682829, 165, 2829
1, 4913, 73695165, 73696025, 165, 1025
1, 4914, 73710165, 73712606, 165, 2606
1, 4915, 73725165, 73726400, 165, 1400
1, 4916, 73740165, 73741025, 165, 1025
1, 4917, 73755165, 73756025, 165, 1025
1, 4918, 73770165, 73771025, 165, 1025
1, 4919, 73785165, 73786025, 165, 1025
1, 492, 7380165, 7381025, 165, 1025
1, 4920, 73800165, 73802843, 165, 2843
1, 4921, 73815165, 73816025, 165, 1025
1, 4922, 73830165, 73831025, 165, 1025
1, 4923, 73845165, 73846025, 165, 1025
1, 4924, 73860165, 73861025, 165, 1025
1, 4925, 73875165, 73876025, 165, 1025
1, 4926, 73890165, 73891495, 165, 1495
1, 4927, 73905165, 73906025, 165, 1025
1, 4928, 73920165, 73922606, 165, 2606
1, 4929, 73935165, 73936025, 165, 1025
1, 493, 7395165, 7396025, 165, 1025
1, 4930, 73950165, 73951495, 165, 1495
1, 4931, 73965165, 73966025, 165, 1025
1, 4932, 73980165, 73981495, 165, 1495
1, 4933, 73995165, 73996025, 165, 1025
1, 4934, 74010165, 74011025, 165, 1025
1, 4935, 74025165, 74026025, 165, 1025
1, 4936, 74040165, 74041495, 165, 1495
1, 4937, 74055165, 74056025, 165, 1025
1, 4938, 74070165, 74071025, 165, 1025
1, 4939, 74085165, 74086025, 165, 1025
1, 494, 7410165, 7411025, 165, 1025
1, 4940, 74100165, 74102828, 165, 2828
1, 4941, 74115165, 74116025, 165, 1025
1, 4942, 74130165, 74132606, 165, 2606
1, 4943, 74145165, 74146025, 165, 1025
1, 4944, 74160165, 74161495, 165, 1495
1, 4945, 74175165, 74176025, 165, 1025
1, 4946, 74190165, 74191025, 165, 1025
1, 4947, 74205165, 74206724, 165, 1724
1, 4948, 74220165, 74221495, 165, 1495
1, 4949, 74235165, 74236025, 165, 1025
1, 495, 7425165, 7426724, 165, 1724
1, 4950, 74250165, 74251025, 165, 1025
1, 4951, 74265165, 74266025, 165, 1025
1, 4952, 74280165, 74281025, 165, 1025
1, 4953, 74295165, 74296025, 165, 1025
1, 4954, 74310165, 74311495, 165, 1495
1, 4955, 74325165, 74326025, 165, 1025
1, 4956, 74340165, 74343444, 165, 3444
1, 4957, 74355165, 74356025, 165, 1025
1, 4958, 74370165, 74371025, 165, 1025
1, 4959, 74385165, 74386291, 165, 1291
1, 496, 7440165, 7441495, 165, 1495
1, 4960, 74400165, 74403440, 165, 3440
1, 4961, 74415165, 74416025, 165, 1025
1, 4962, 74430165, 74431025, 165, 1025
1, 4963, 74445165, 74446025, 165, 1025
1, 4964, 74460165, 74461495, 165, 1495
1, 4965, 74475165, 74476025, 165, 1025
1, 4966, 74490165, 74491025, 165, 1025
1, 4967, 74505165, 74506025, 165, 1025
1, 4968, 74520165, 74521495, 165, 1495
1, 4969, 74535165, 74536025, 165, 1025
1, 497, 7455165, 7456025, 165, 1025
1, 4970, 74550165, 74552606, 165, 2606
1, 4971, 74565165, 74568500, 165, 3500
1, 4972, 74580165, 74581495, 165, 1495
1, 4973, 74595165, 74596025, 165, 1025
1, 4974, 74610165, 74611025, 165, 1025
1, 4975, 74625165, 74626724, 165, 1724
1, 4976, 74640165, 74642851, 165, 2851
1, 4977, 74655165, 74656025, 165, 1025
1, 4978, 74670165, 74671025, 165, 1025
1, 4979, 74685165, 74686025, 165, 1025
1, 498, 7470165, 7471025, 165, 1025
1, 4980, 74700165, 74701495, 165, 1495
1, 4981, 74715165, 74716025, 165, 1025
1, 4982, 74730165, 74732194, 165, 2194
1, 4983, 74745165, 74746025, 165, 1025
1, 4984, 74760165, 74763444, 165, 3444
1, 4985, 74775165, 74776025, 165, 1025
1, 4986, 74790165, 74791025, 165, 1025
1, 4987, 74805165, 74806025, 165, 1025
1, 4988, 74820165, 74821495, 165, 1495
1, 4989, 74835165, 74836025, 165, 1025
1, 499, 7485165, 7486025, 165, 1025
1, 4990, 74850165, 74851025, 165, 1025
1, 4991, 74865165, 74866025, 165, 1025
1, 4992, 74880165, 74881495, 165, 1495
1, 4993, 74895165, 74896025, 165, 1025
1, 4994, 74910165, 74911025, 165, 1025
1, 4995, 74925165, 74926025, 165, 1025
1, 4996, 74940165, 74941495, 165, 1495
1, 4997, 74955165, 74956025, 165, 1025
1, 4998, 74970165, 74972606, 165, 2606
1, 4999, 74985165, 74986025, 165, 1025
1, 5, 75165, 76724, 165, 1724
1, 50, 750165, 751025, 165, 1025
1, 500, 7500165, 7503031, 165, 3031
1, 5000, 75000165, 75002841, 165, 2841
1, 5001, 75015165, 75016025, 165, 1025
1, 5002, 75030165, 75031025, 165, 1025
1, 5003, 75045165, 75046724, 165, 1724
1, 5004, 75060165, 75061495, 165, 1495
1, 5005, 75075165, 75076724, 165, 1724
1, 5006, 75090165, 75091025, 165, 1025
1, 5007, 75105165, 75106025, 165, 1025
1, 5008, 75120165, 75121495, 165, 1495
1, 5009, 75135165, 75136025, 165, 1025
1, 501, 7515165, 7516025, 165, 1025
1, 5010, 75150165, 75152834, 165, 2834
1, 5011, 75165165, 75166025, 165, 1025
1, 5012, 75180165, 75183444, 165, 3444
1, 5013, 75195165, 75196025, 165, 1025
1, 5014, 75210165, 75211025, 165, 1025
1, 5015, 75225165, 75226025, 165, 1025
1, 5016, 75240165, 75241495, 165, 1495
1, 5017, 75255165, 75256025, 165, 1025
1, 5018, 75270165, 75271025, 165, 1025
1, 5019, 75285165, 75286025, 165, 1025
1, 502, 7530165, 7531025, 165, 1025
1, 5020, 75300165, 75301495, 165, 1495
1, 5021, 75315165, 75316025, 165, 1025
1, 5022, 75330165, 75332097, 165, 2097
1, 5023, 75345165, 75346025, 165, 1025
1, 5024, 75360165, 75362829, 165, 2829
1, 5025, 75375165, 75376025, 165, 1025
1, 5026, 75390165, 75392864, 165, 2864
1, 5027, 75405165, 75406025, 165, 1025
1, 5028, 75420165, 75421495, 165, 1495
1, 5029, 75435165, 75436025, 165, 1025
1, 503, 7545165, 7546025, 165, 1025
1, 5030, 75450165, 75451025, 165, 1025
1, 5031, 75465165, 75466025, 165, 1025
1, 5032, 75480165, 75481495, 165, 1495
1, 5033, 75495165, 75496025, 165, 1025
1, 5034, 75510165, 75511025, 165, 1025
1, 5035, 75525165, 75526025, 165, 1025
1, 5036, 75540165, 75541025, 165, 1025
1, 5037, 75555165, 75556025, 165, 1025
1, 5038, 75570165, 75571495, 165, 1495
1, 5039, 75585165, 75586025, 165, 1025
1, 504, 7560165, 7563444, 165, 3444
1, 5040, 75600165, 75602606, 165, 2606
1, 5041, 75615165, 75616025, 165, 1025
1, 5042, 75630165, 75631025, 165, 1025
1, 5043, 75645165, 75646025, 165, 1025
1, 5044, 75660165, 75661495, 165, 1495
1, 5045, 75675165, 75676374, 165, 1374
1, 5046, 75690165, 75691025, 165, 1025
1, 5047, 75705165, 75706025, 165, 1025
1, 5048, 75720165, 75721025, 165, 1025
1, 5049, 75735165, 75736025, 165, 1025
1, 505, 7575165, 7576025, 165, 1025
1, 5050, 75750165, 75751495, 165, 1495
1, 5051, 75765165, 75766025, 165, 1025
1, 5052, 75780165, 75781495, 165, 1495
1, 5053, 75795165, 75796025, 165, 1025
1, 5054, 75810165, 75812864, 165, 2864
1, 5055, 75825165, 75826025, 165, 1025
1, 5056, 75840165, 75842851, 165, 2851
1, 5057, 75855165, 75856025, 165, 1025
1, 5058, 75870165, 75871025, 165, 1025
1, 5059, 75885165, 75886025, 165, 1025
1, 506, 7590165, 7591025, 165, 1025
1, 5060, 75900165, 75901495, 165, 1495
1, 5061, 75915165, 75916025, 165, 1025
1, 5062, 75930165, 75931495, 165, 1495
1, 5063, 75945165, 75946025, 165, 1025
1, 5064, 75960165, 75961025, 165, 1025
1, 5065, 75975165, 75976025, 165, 1025
1, 5066, 75990165, 75991495, 165, 1495
1, 5067, 76005165, 76009295, 165, 4295
1, 5068, 76020165, 76022606, 165, 2606
1, 5069, 76035165, 76036025, 165, 1025
1, 507, 7605165, 7606025, 165, 1025
1, 5070, 76050165, 76051025, 165, 1025
1, 5071, 76065165, 76066025, 165, 1025
1, 5072, 76080165, 76082851, 165, 2851
1, 5073, 76095165, 76097136, 165, 2136
1, 5074, 76110165, 76111025, 165, 1025
1, 5075, 76125165, 76126025, 165, 1025
1, 5076, 76140165, 76141025, 165, 1025
1, 5077, 76155165, 76156025, 165, 1025
1, 5078, 76170165, 76171025, 165, 1025
1, 5079, 76185165, 76186025, 165, 1025
1, 508, 7620165, 7621025, 165, 1025
1, 5080, 76200165, 76202828, 165, 2828
1, 5081, 76215165, 76216025, 165, 1025
1, 5082, 76230165, 76232864, 165, 2864
1, 5083, 76245165, 76246025, 165, 1025
1, 5084, 76260165, 76261495, 165, 1495
1, 5085, 76275165, 76276025, 165, 1025
1, 5086, 76290165, 76291025, 165, 1025
1, 5087, 76305165, 76306025, 165, 1025
1, 5088, 76320165, 76321495, 165, 1495
1, 5089, 76335165, 76336025, 165, 1025
1, 509, 7635165, 7636025, 165, 1025
1, 5090, 76350165, 76351495, 165, 1495
1, 5091, 76365165, 76366025, 165, 1025
1, 5092, 76380165, 76381025, 165, 1025
1, 5093, 76395165, 76396025, 165, 1025
1, 5094, 76410165, 76411025, 165, 1025
1, 5095, 76425165, 76426025, 165, 1025
1, 5096, 76440165, 76442606, 165, 2606
1, 5097, 76455165, 76456025, 165, 1025
1, 5098, 76470165, 76471025, 165, 1025
1, 5099, 76485165, 76486025, 165, 1025
1, 51, 765165, 766025, 165, 1025
1, 510, 7650165, 7651495, 165, 1495
1, 5100, 76500165, 76502843, 165, 2843
1, 5101, 76515165, 76516222, 165, 1222
1, 5102, 76530165, 76531025, 165, 1025
1, 5103, 76545165, 76546025, 165, 1025
1, 5104, 76560165, 76561495, 165, 1495
1, 5105, 76575165, 76576025, 165, 1025
1, 5106, 76590165, 76591025, 165, 1025
1, 5107, 76605165, 76606025, 165, 1025
1, 5108, 76620165, 76621495, 165, 1495
1, 5109, 76635165, 76636025, 165, 1025
1, 511, 7665165, 7666025, 165, 1025
1, 5110, 76650165, 76653468, 165, 3468
1, 5111, 76665165, 76666025, 165, 1025
1, 5112, 76680165, 76681495, 165, 1495
1, 5113, 76695165, 76696025, 165, 1025
1, 5114, 76710165, 76711025, 165, 1025
1, 5115, 76725165, 76727127, 165, 2127
1, 5116, 76740165, 76741025, 165, 1025
1, 5117, 76755165, 76756025, 165, 1025
1, 5118, 76770165, 76771025, 165, 1025
1, 5119, 76785165, 76786025, 165, 1025
1, 512, 7680165, 7682851, 165, 2851
1, 5120, 76800165, 76802843, 165, 2843
1, 5121, 76815165, 76816025, 165, 1025
1, 5122, 76830165, 76831025, 165, 1025
1, 5123, 76845165, 76846025, 165, 1025
1, 5124, 76860165, 76862606, 165, 2606
1, 5125, 76875165, 76876025, 165, 1025
1, 5126, 76890165, 76891025, 165, 1025
1, 5127, 76905165, 76906025, 165, 1025
1, 5128, 76920165, 76921025, 165, 1025
1, 5129, 76935165, 76938025, 165, 3025
1, 513, 7695165, 7696025, 165, 1025
1, 5130, 76950165, 76951495, 165, 1495
1, 5131, 76965165, 76966630, 165, 1630
1, 5132, 76980165, 76981025, 165, 1025
1, 5133, 76995165, 76996025, 165, 1025
1, 5134, 77010165, 77011025, 165, 1025
1, 5135, 77025165, 77026025, 165, 1025
1, 5136, 77040165, 77043393, 165, 3393
1, 5137, 77055165, 77056025, 165, 1025
1, 5138, 77070165, 77072864, 165, 2864
1, 5139, 77085165, 77086025, 165, 1025
1, 514, 7710165, 7711025, 165, 1025
1, 5140, 77100165, 77102843, 165, 2843
1, 5141, 77115165, 77116025, 165, 1025
1, 5142, 77130165, 77131025, 165, 1025
1, 5143, 77145165, 77146025, 165, 1025
1, 5144, 77160165, 77161025, 165, 1025
1, 5145, 77175165, 77176025, 165, 1025
1, 5146, 77190165, 77191025, 165, 1025
1, 5147, 77205165, 77206025, 165, 1025
1, 5148, 77220165, 77221025, 165, 1025
1, 5149, 77235165, 77236025, 165, 1025
1, 515, 7725165, 7726025, 165, 1025
1, 5150, 77250165, 77251495, 165, 1495
1, 5151, 77265165, 77266025, 165, 1025
1, 5152, 77280165, 77284572, 165, 4572
1, 5153, 77295165, 77296025, 165, 1025
1, 5154, 77310165, 77311025, 165, 1025
1, 5155, 77325165, 77326025, 165, 1025
1, 5156, 77340165, 77341025, 165, 1025
1, 5157, 77355165, 77356724, 165, 1724
1, 5158, 77370165, 77371025, 165, 1025
1, 5159, 77385165, 77386025, 165, 1025
1, 516, 7740165, 7742829, 165, 2829
1, 5160, 77400165, 77401495, 165, 1495
1, 5161, 77415165, 77416025, 165, 1025
1, 5162, 77430165, 77431025, 165, 1025
1, 5163, 77445165, 77451552, 165, 6552
1, 5164, 77460165, 77462829, 165, 2829
1, 5165, 77475165, 77476025, 165, 1025
1, 5166, 77490165, 77492864, 165, 2864
1, 5167, 77505165, 77506025, 165, 1025
1, 5168, 77520165, 77522851, 165, 2851
1, 5169, 77535165, 77536025, 165, 1025
1, 517, 7755165, 7756025, 165, 1025
1, 5170, 77550165, 77551495, 165, 1495
1, 5171, 77565165, 77566025, 165, 1025
1, 5172, 77580165, 77581025, 165, 1025
1, 5173, 77595165, 77596025, 165, 1025
1, 5174, 77610165, 77611025, 165, 1025
1, 5175, 77625165, 77626025, 165, 1025
1, 5176, 77640165, 77641025, 165, 1025
1, 5177, 77655165, 77656025, 165, 1025
1, 5178, 77670165, 77671025, 165, 1025
1, 5179, 77685165, 77686025, 165, 1025
1, 518, 7770165, 7772864, 165, 2864
1, 5180, 77700165, 77702606, 165, 2606
1, 5181, 77715165, 77716025, 165, 1025
1, 5182, 77730165, 77731025, 165, 1025
1, 5183, 77745165, 77746025, 165, 1025
1, 5184, 77760165, 77761495, 165, 1495
1, 5185, 77775165, 77776853, 165, 1853
1, 5186, 77790165, 77791025, 165, 1025
1, 5187, 77805165, 77806025, 165, 1025
1, 5188, 77820165, 77821025, 165, 1025
1, 5189, 77835165, 77836025, 165, 1025
1, 519, 7785165, 7786025, 165, 1025
1, 5190, 77850165, 77851025, 165, 1025
1, 5191, 77865165, 77866025, 165, 1025
1, 5192, 77880165, 77882829, 165, 2829
1, 5193, 77895165, 77896025, 165, 1025
1, 5194, 77910165, 77912864, 165, 2864
1, 5195, 77925165, 77926025, 165, 1025
1, 5196, 77940165, 77941025, 165, 1025
1, 5197, 77955165, 77956130, 165, 1130
1, 5198, 77970165, 77971025, 165, 1025
1, 5199, 77985165, 77986025, 165, 1025
1, 52, 780165, 781495, 165, 1495
1, 520, 7800165, 7801495, 165, 1495
1, 5200, 78000165, 78002843, 165, 2843
1, 5201, 78015165, 78016025, 165, 1025
1, 5202, 78030165, 78031025, 165, 1025
1, 5203, 78045165, 78046025, 165, 1025
1, 5204, 78060165, 78061495, 165, 1495
1, 5205, 78075165, 78076025, 165, 1025
1, 5206, 78090165, 78091025, 165, 1025
1, 5207, 78105165, 78106025, 165, 1025
1, 5208, 78120165, 78122606, 165, 2606
1, 5209, 78135165, 78136025, 165, 1025
1, 521, 7815165, 7816025, 165, 1025
1, 5210, 78150165, 78151495, 165, 1495
1, 5211, 78165165, 78166025, 165, 1025
1, 5212, 78180165, 78181025, 165, 1025
1, 5213, 78195165, 78196025, 165, 1025
1, 5214, 78210165, 78211025, 165, 1025
1, 5215, 78225165, 78226724, 165, 1724
1, 5216, 78240165, 78241495, 165, 1495
1, 5217, 78255165, 78256025, 165, 1025
1, 5218, 78270165, 78271025, 165, 1025
1, 5219, 78285165, 78286025, 165, 1025
1, 522, 7830165, 7831025, 165, 1025
1, 5220, 78300165, 78303324, 165, 3324
1, 5221, 78315165, 78316025, 165, 1025
1, 5222, 78330165, 78332864, 165, 2864
1, 5223, 78345165, 78346025, 165, 1025
1, 5224, 78360165, 78361025, 165, 1025
1, 5225, 78375165, 78376025, 165, 1025
1, 5226, 78390165, 78391025, 165, 1025
1, 5227, 78405165, 78416043, 165, 11043
1, 5228, 78420165, 78421025, 165, 1025
1, 5229, 78435165, 78436025, 165, 1025
1, 523, 7845165, 7850086, 165, 5086
1, 5230, 78450165, 78451025, 165, 1025
1, 5231, 78465165, 78466025, 165, 1025
1, 5232, 78480165, 78482851, 165, 2851
1, 5233, 78495165, 78496025, 165, 1025
1, 5234, 78510165, 78511025, 165, 1025
1, 5235, 78525165, 78526025, 165, 1025
1, 5236, 78540165, 78542606, 165, 2606
1, 5237, 78555165, 78556025, 165, 1025
1, 5238, 78570165, 78571025, 165, 1025
1, 5239, 78585165, 78586025, 165, 1025
1, 524, 7860165, 7861025, 165, 1025
1, 5240, 78600165, 78601495, 165, 1495
1, 5241, 78615165, 78616025, 165, 1025
1, 5242, 78630165, 78631025, 165, 1025
1, 5243, 78645165, 78648891, 165, 3891
1, 5244, 78660165, 78661495, 165, 1495
1, 5245, 78675165, 78676025, 165, 1025
1, 5246, 78690165, 78691025, 165, 1025
1, 5247, 78705165, 78706025, 165, 1025
1, 5248, 78720165, 78723393, 165, 3393
1, 5249, 78735165, 78736025, 165, 1025
1, 525, 7875165, 7876025, 165, 1025
1, 5250, 78750165, 78753468, 165, 3468
1, 5251, 78765165, 78766025, 165, 1025
1, 5252, 78780165, 78781025, 165, 1025
1, 5253, 78795165, 78796025, 165, 1025
1, 5254, 78810165, 78811413, 165, 1413
1, 5255, 78825165, 78826320, 165, 1320
1, 5256, 78840165, 78841025, 165, 1025
1, 5257, 78855165, 78856025, 165, 1025
1, 5258, 78870165, 78871025, 165, 1025
1, 5259, 78885165, 78886025, 165, 1025
1, 526, 7890165, 7891025, 165, 1025
1, 5260, 78900165, 78902843, 165, 2843
1, 5261, 78915165, 78916025, 165, 1025
1, 5262, 78930165, 78931025, 165, 1025
1, 5263, 78945165, 78946025, 165, 1025
1, 5264, 78960165, 78962606, 165, 2606
1, 5265, 78975165, 78976025, 165, 1025
1, 5266, 78990165, 78991025, 165, 1025
1, 5267, 79005165, 79006025, 165, 1025
1, 5268, 79020165, 79021025, 165, 1025
1, 5269, 79035165, 79036025, 165, 1025
1, 527, 7905165, 7906025, 165, 1025
1, 5270, 79050165, 79051495, 165, 1495
1, 5271, 79065165, 79066025, 165, 1025
1, 5272, 79080165, 79081495, 165, 1495
1, 5273, 79095165, 79096025, 165, 1025
1, 5274, 79110165, 79111025, 165, 1025
1, 5275, 79125165, 79126025, 165, 1025
1, 5276, 79140165, 79142829, 165, 2829
1, 5277, 79155165, 79156025, 165, 1025
1, 5278, 79170165, 79172864, 165, 2864
1, 5279, 79185165, 79186025, 165, 1025
1, 528, 7920165, 7922851, 165, 2851
1, 5280, 79200165, 79202843, 165, 2843
1, 5281, 79215165, 79216025, 165, 1025
1, 5282, 79230165, 79231025, 165, 1025
1, 5283, 79245165, 79246025, 165, 1025
1, 5284, 79260165, 79261025, 165, 1025
1, 5285, 79275165, 79276025, 165, 1025
1, 5286, 79290165, 79291025, 165, 1025
1, 5287, 79305165, 79306025, 165, 1025
1, 5288, 79320165, 79321495, 165, 1495
1, 5289, 79335165, 79336025, 165, 1025
1, 529, 7935165, 7936025, 165, 1025
1, 5290, 79350165, 79351495, 165, 1495
1, 5291, 79365165, 79366025, 165, 1025
1, 5292, 79380165, 79383444, 165, 3444
1, 5293, 79395165, 79396025, 165, 1025
1, 5294, 79410165, 79411025, 165, 1025
1, 5295, 79425165, 79426025, 165, 1025
1, 5296, 79440165, 79441495, 165, 1495
1, 5297, 79455165, 79456025, 165, 1025
1, 5298, 79470165, 79471025, 165, 1025
1, 5299, 79485165, 79488472, 165, 3472
1, 53, 795165, 796025, 165, 1025
1, 530, 7950165, 7951495, 165, 1495
1, 5300, 79500165, 79502843, 165, 2843
1, 5301, 79515165, 79516025, 165, 1025
1, 5302, 79530165, 79531025, 165, 1025
1, 5303, 79545165, 79546025, 165, 1025
1, 5304, 79560165, 79562829, 165, 2829
1, 5305, 79575165, 79576025, 165, 1025
1, 5306, 79590165, 79593318, 165, 3318
1, 5307, 79605165, 79606025, 165, 1025
1, 5308, 79620165, 79621025, 165, 1025
1, 5309, 79635165, 79636025, 165, 1025
1, 531, 7965165, 7966025, 165, 1025
1, 5310, 79650165, 79651495, 165, 1495
1, 5311, 79665165, 79666025, 165, 1025
1, 5312, 79680165, 79681495, 165, 1495
1, 5313, 79695165, 79696025, 165, 1025
1, 5314, 79710165, 79711025, 165, 1025
1, 5315, 79725165, 79726025, 165, 1025
1, 5316, 79740165, 79741495, 165, 1495
1, 5317, 79755165, 79756025, 165, 1025
1, 5318, 79770165, 79771025, 165, 1025
1, 5319, 79785165, 79786025, 165, 1025
1, 532, 7980165, 7983444, 165, 3444
1, 5320, 79800165, 79803468, 165, 3468
1, 5321, 79815165, 79816025, 165, 1025
1, 5322, 79830165, 79831025, 165, 1025
1, 5323, 79845165, 79846025, 165, 1025
1, 5324, 79860165, 79861025, 165, 1025
1, 5325, 79875165, 79876724, 165, 1724
1, 5326, 79890165, 79891025, 165, 1025
1, 5327, 79905165, 79906025, 165, 1025
1, 5328, 79920165, 79922851, 165, 2851
1, 5329, 79935165, 79936025, 165, 1025
1, 533, 7995165, 7996025, 165, 1025
1, 5330, 79950165, 79951025, 165, 1025
1, 5331, 79965165, 79966025, 165, 1025
1, 5332, 79980165, 79981495, 165, 1495
1, 5333, 79995165, 79996025, 165, 1025
1, 5334, 80010165, 80012606, 165, 2606
1, 5335, 80025165, 80026025, 165, 1025
1, 5336, 80040165, 80041025, 165, 1025
1, 5337, 80055165, 80056025, 165, 1025
1, 5338, 80070165, 80071025, 165, 1025
1, 5339, 80085165, 80090086, 165, 5086
1, 534, 8010165, 8011495, 165, 1495
1, 5340, 80100165, 80102843, 165, 2843
1, 5341, 80115165, 80116025, 165, 1025
1, 5342, 80130165, 80131025, 165, 1025
1, 5343, 80145165, 80146025, 165, 1025
1, 5344, 80160165, 80162851, 165, 2851
1, 5345, 80175165, 80176025, 165, 1025
1, 5346, 80190165, 80191447, 165, 1447
1, 5347, 80205165, 80206025, 165, 1025
1, 5348, 80220165, 80223444, 165, 3444
1, 5349, 80235165, 80236025, 165, 1025
1, 535, 8025165, 8026025, 165, 1025
1, 5350, 80250165, 80251495, 165, 1495
1, 5351, 80265165, 80266025, 165, 1025
1, 5352, 80280165, 80281025, 165, 1025
1, 5353, 80295165, 80296025, 165, 1025
1, 5354, 80310165, 80311025, 165, 1025
1, 5355, 80325165, 80327127, 165, 2127
1, 5356, 80340165, 80341495, 165, 1495
1, 5357, 80355165, 80356025, 165, 1025
1, 5358, 80370165, 80371025, 165, 1025
1, 5359, 80385165, 80386025, 165, 1025
1, 536, 8040165, 8041025, 165, 1025
1, 5360, 80400165, 80403324, 165, 3324
1, 5361, 80415165, 80416025, 165, 1025
1, 5362, 80430165, 80432606, 165, 2606
1, 5363, 80445165, 80446025, 165, 1025
1, 5364, 80460165, 80461025, 165, 1025
1, 5365, 80475165, 80476025, 165, 1025
1, 5366, 80490165, 80491025, 165, 1025
1, 5367, 80505165, 80507136, 165, 2136
1, 5368, 80520165, 80521495, 165, 1495
1, 5369, 80535165, 80536025, 165, 1025
1, 537, 8055165, 8056025, 165, 1025
1, 5370, 80550165, 80551025, 165, 1025
1, 5371, 80565165, 80566025, 165, 1025
1, 5372, 80580165, 80581495, 165, 1495
1, 5373, 80595165, 80596025, 165, 1025
1, 5374, 80610165, 80611495, 165, 1495
1, 5375, 80625165, 80626025, 165, 1025
1, 5376, 80640165, 80642606, 165, 2606
1, 5377, 80655165, 80656025, 165, 1025
1, 5378, 80670165, 80671025, 165, 1025
1, 5379, 80685165, 80686724, 165, 1724
1, 538, 8070165, 8071025, 165, 1025
1, 5380, 80700165, 80702843, 165, 2843
1, 5381, 80715165, 80716025, 165, 1025
1, 5382, 80730165, 80731025, 165, 1025
1, 5383, 80745165, 80746025, 165, 1025
1, 5384, 80760165, 80761495, 165, 1495
1, 5385, 80775165, 80776025, 165, 1025
1, 5386, 80790165, 80791025, 165, 1025
1, 5387, 80805165, 80806025, 165, 1025
1, 5388, 80820165, 80821495, 165, 1495
1, 5389, 80835165, 80836025, 165, 1025
1, 539, 8085165, 8088527, 165, 3527
1, 5390, 80850165, 80852606, 165, 2606
1, 5391, 80865165, 80866025, 165, 1025
1, 5392, 80880165, 80881495, 165, 1495
1, 5393, 80895165, 80896025, 165, 1025
1, 5394, 80910165, 80911025, 165, 1025
1, 5395, 80925165, 80926025, 165, 1025
1, 5396, 80940165, 80941495, 165, 1495
1, 5397, 80955165, 80956025, 165, 1025
1, 5398, 80970165, 80971025, 165, 1025
1, 5399, 80985165, 80986025, 165, 1025
1, 54, 810165, 811025, 165, 1025
1, 540, 8100165, 8102843, 165, 2843
1, 5400, 81000165, 81001495, 165, 1495
1, 5401, 81015165, 81016025, 165, 1025
1, 5402, 81030165, 81031495, 165, 1495
1, 5403, 81045165, 81046025, 165, 1025
1, 5404, 81060165, 81063444, 165, 3444
1, 5405, 81075165, 81076025, 165, 1025
1, 5406, 81090165, 81091025, 165, 1025
1, 5407, 81105165, 81106025, 165, 1025
1, 5408, 81120165, 81122851, 165, 2851
1, 5409, 81135165, 81136025, 165, 1025
1, 541, 8115165, 8116025, 165, 1025
1, 5410, 81150165, 81151025, 165, 1025
1, 5411, 81165165, 81166025, 165, 1025
1, 5412, 81180165, 81181495, 165, 1495
1, 5413, 81195165, 81196025, 165, 1025
1, 5414, 81210165, 81211495, 165, 1495
1, 5415, 81225165, 81226025, 165, 1025
1, 5416, 81240165, 81241495, 165, 1495
1, 5417, 81255165, 81256025, 165, 1025
1, 5418, 81270165, 81272606, 165, 2606
1, 5419, 81285165, 81288301, 165, 3301
1, 542, 8130165, 8131025, 165, 1025
1, 5420, 81300165, 81301495, 165, 1495
1, 5421, 81315165, 81316025, 165, 1025
1, 5422, 81330165, 81331025, 165, 1025
1, 5423, 81345165, 81346724, 165, 1724
1, 5424, 81360165, 81362851, 165, 2851
1, 5425, 81375165, 81376724, 165, 1724
1, 5426, 81390165, 81391025, 165, 1025
1, 5427, 81405165, 81406025, 165, 1025
1, 5428, 81420165, 81421025, 165, 1025
1, 5429, 81435165, 81436025, 165, 1025
1, 543, 8145165, 8146025, 165, 1025
1, 5430, 81450165, 81452597, 165, 2597
1, 5431, 81465165, 81466025, 165, 1025
1, 5432, 81480165, 81483444, 165, 3444
1, 5433, 81495165, 81496025, 165, 1025
1, 5434, 81510165, 81511025, 165, 1025
1, 5435, 81525165, 81529506, 165, 4506
1, 5436, 81540165, 81541495, 165, 1495
1, 5437, 81555165, 81556025, 165, 1025
1, 5438, 81570165, 81571025, 165, 1025
1, 5439, 81585165, 81586025, 165, 1025
1, 544, 8160165, 8163393, 165, 3393
1, 5440, 81600165, 81603440, 165, 3440
1, 5441, 81615165, 81616025, 165, 1025
1, 5442, 81630165, 81631025, 165, 1025
1, 5443, 81645165, 81646025, 165, 1025
1, 5444, 81660165, 81661495, 165, 1495
1, 5445, 81675165, 81676025, 165, 1025
1, 5446, 81690165, 81692606, 165, 2606
1, 5447, 81705165, 81706025, 165, 1025
1, 5448, 81720165, 81721495, 165, 1495
1, 5449, 81735165, 81736025, 165, 1025
1, 545, 8175165, 8176025, 165, 1025
1, 5450, 81750165, 81751025, 165, 1025
1, 5451, 81765165, 81766724, 165, 1724
1, 5452, 81780165, 81781495, 165, 1495
1, 5453, 81795165, 81796025, 165, 1025
1, 5454, 81810165, 81811025, 165, 1025
1, 5455, 81825165, 81826025, 165, 1025
1, 5456, 81840165, 81841495, 165, 1495
1, 5457, 81855165, 81856025, 165, 1025
1, 5458, 81870165, 81871495, 165, 1495
1, 5459, 81885165, 81886025, 165, 1025
1, 546, 8190165, 8193318, 165, 3318
1, 5460, 81900165, 81903468, 165, 3468
1, 5461, 81915165, 81916025, 165, 1025
1, 5462, 81930165, 81931025, 165, 1025
1, 5463, 81945165, 81946025, 165, 1025
1, 5464, 81960165, 81961495, 165, 1495
1, 5465, 81975165, 81976025, 165, 1025
1, 5466, 81990165, 81991025, 165, 1025
1, 5467, 82005165, 82006025, 165, 1025
1, 5468, 82020165, 82021025, 165, 1025
1, 5469, 82035165, 82036025, 165, 1025
1, 547, 8205165, 8206025, 165, 1025
1, 5470, 82050165, 82051495, 165, 1495
1, 5471, 82065165, 82066025, 165, 1025
1, 5472, 82080165, 82082829, 165, 2829
1, 5473, 82095165, 82096025, 165, 1025
1, 5474, 82110165, 82112606, 165, 2606
1, 5475, 82125165, 82126025, 165, 1025
1, 5476, 82140165, 82141025, 165, 1025
1, 5477, 82155165, 82156025, 165, 1025
1, 5478, 82170165, 82171025, 165, 1025
1, 5479, 82185165, 82186025, 165, 1025
1, 548, 8220165, 8221025, 165, 1025
1, 5480, 82200165, 82202843, 165, 2843
1, 5481, 82215165, 82216025, 165, 1025
1, 5482, 82230165, 82231025, 165, 1025
1, 5483, 82245165, 82246025, 165, 1025
1, 5484, 82260165, 82261025, 165, 1025
1, 5485, 82275165, 82276025, 165, 1025
1, 5486, 82290165, 82291495, 165, 1495
1, 5487, 82305165, 82306025, 165, 1025
1, 5488, 82320165, 82322606, 165, 2606
1, 5489, 82335165, 82336025, 165, 1025
1, 549, 8235165, 8236025, 165, 1025
1, 5490, 82350165, 82351025, 165, 1025
1, 5491, 82365165, 82366025, 165, 1025
1, 5492, 82380165, 82381495, 165, 1495
1, 5493, 82395165, 82396025, 165, 1025
1, 5494, 82410165, 82411025, 165, 1025
1, 5495, 82425165, 82426025, 165, 1025
1, 5496, 82440165, 82441025, 165, 1025
1, 5497, 82455165, 82456025, 165, 1025
1, 5498, 82470165, 82472097, 165, 2097
1, 5499, 82485165, 82486025, 165, 1025
1, 55, 825165, 826025, 165, 1025
1, 550, 8250165, 8251495, 165, 1495
1, 5500, 82500165, 82502828, 165, 2828
1, 5501, 82515165, 82516025, 165, 1025
1, 5502, 82530165, 82532864, 165, 2864
1, 5503, 82545165, 82546025, 165, 1025
1, 5504, 82560165, 82562851, 165, 2851
1, 5505, 82575165, 82576025, 165, 1025
1, 5506, 82590165, 82591025, 165, 1025
1, 5507, 82605165, 82606025, 165, 1025
1, 5508, 82620165, 82621495, 165, 1495
1, 5509, 82635165, 82636025, 165, 1025
1, 551, 8265165, 8266025, 165, 1025
1, 5510, 82650165, 82651495, 165, 1495
1, 5511, 82665165, 82666025, 165, 1025
1, 5512, 82680165, 82681025, 165, 1025
1, 5513, 82695165, 82696025, 165, 1025
1, 5514, 82710165, 82711495, 165, 1495
1, 5515, 82725165, 82726724, 165, 1724
1, 5516, 82740165, 82743444, 165, 3444
1, 5517, 82755165, 82756025, 165, 1025
1, 5518, 82770165, 82771025, 165, 1025
1, 5519, 82785165, 82786025, 165, 1025
1, 552, 8280165, 8281025, 165, 1025
1, 5520, 82800165, 82803440, 165, 3440
1, 5521, 82815165, 82817837, 165, 2837
1, 5522, 82830165, 82831025, 165, 1025
1, 5523, 82845165, 82846025, 165, 1025
1, 5524, 82860165, 82861025, 165, 1025
1, 5525, 82875165, 82876025, 165, 1025
1, 5526, 82890165, 82891495, 165, 1495
1, 5527, 82905165, 82906025, 165, 1025
1, 5528, 82920165, 82921495, 165, 1495
1, 5529, 82935165, 82936025, 165, 1025
1, 553, 8295165, 8296025, 165, 1025
1, 5530, 82950165, 82953468, 165, 3468
1, 5531, 82965165, 82966025, 165, 1025
1, 5532, 82980165, 82981495, 165, 1495
1, 5533, 82995165, 82996025, 165, 1025
1, 5534, 83010165, 83011025, 165, 1025
1, 5535, 83025165, 83026724, 165, 1724
1, 5536, 83040165, 83041495, 165, 1495
1, 5537, 83055165, 83056344, 165, 1344
1, 5538, 83070165, 83071025, 165, 1025
1, 5539, 83085165, 83086025, 165, 1025
1, 554, 8310165, 8311025, 165, 1025
1, 5540, 83100165, 83101495, 165, 1495
1, 5541, 83115165, 83116025, 165, 1025
1, 5542, 83130165, 83131495, 165, 1495
1, 5543, 83145165, 83146025, 165, 1025
1, 5544, 83160165, 83163610, 165, 3610
1, 5545, 83175165, 83176025, 165, 1025
1, 5546, 83190165, 83191025, 165, 1025
1, 5547, 83205165, 83206025, 165, 1025
1, 5548, 83220165, 83221495, 165, 1495
1, 5549, 83235165, 83236380, 165, 1380
1, 555, 8325165, 8326025, 165, 1025
1, 5550, 83250165, 83251025, 165, 1025
1, 5551, 83265165, 83266025, 165, 1025
1, 5552, 83280165, 83281495, 165, 1495
1, 5553, 83295165, 83296025, 165, 1025
1, 5554, 83310165, 83311025, 165, 1025
1, 5555, 83325165, 83326025, 165, 1025
1, 5556, 83340165, 83341495, 165, 1495
1, 5557, 83355165, 83356025, 165, 1025
1, 5558, 83370165, 83372864, 165, 2864
1, 5559, 83385165, 83386025, 165, 1025
1, 556, 8340165, 8341495, 165, 1495
1, 5560, 83400165, 83402843, 165, 2843
1, 5561, 83415165, 83416025, 165, 1025
1, 5562, 83430165, 83431025, 165, 1025
1, 5563, 83445165, 83446724, 165, 1724
1, 5564, 83460165, 83461025, 165, 1025
1, 5565, 83475165, 83476724, 165, 1724
1, 5566, 83490165, 83491495, 165, 1495
1, 5567, 83505165, 83506025, 165, 1025
1, 5568, 83520165, 83521495, 165, 1495
1, 5569, 83535165, 83536025, 165, 1025
1, 557, 8355165, 8356025, 165, 1025
1, 5570, 83550165, 83551495, 165, 1495
1, 5571, 83565165, 83566025, 165, 1025
1, 5572, 83580165, 83582606, 165, 2606
1, 5573, 83595165, 83596025, 165, 1025
1, 5574, 83610165, 83611025, 165, 1025
1, 5575, 83625165, 83626025, 165, 1025
1, 5576, 83640165, 83641495, 165, 1495
1, 5577, 83655165, 83656222, 165, 1222
1, 5578, 83670165, 83671025, 165, 1025
1, 5579, 83685165, 83686025, 165, 1025
1, 558, 8370165, 8371025, 165, 1025
1, 5580, 83700165, 83701495, 165, 1495
1, 5581, 83715165, 83716025, 165, 1025
1, 5582, 83730165, 83731025, 165, 1025
1, 5583, 83745165, 83746025, 165, 1025
1, 5584, 83760165, 83762829, 165, 2829
1, 5585, 83775165, 83776025, 165, 1025
1, 5586, 83790165, 83792864, 165, 2864
1, 5587, 83805165, 83806025, 165, 1025
1, 5588, 83820165, 83821495, 165, 1495
1, 5589, 83835165, 83836025, 165, 1025
1, 559, 8385165, 8386025, 165, 1025
1, 5590, 83850165, 83851025, 165, 1025
1, 5591, 83865165, 83866025, 165, 1025
1, 5592, 83880165, 83881025, 165, 1025
1, 5593, 83895165, 83896025, 165, 1025
1, 5594, 83910165, 83911025, 165, 1025
1, 5595, 83925165, 83926724, 165, 1724
1, 5596, 83940165, 83941025, 165, 1025
1, 5597, 83955165, 83956025, 165, 1025
1, 5598, 83970165, 83971025, 165, 1025
1, 5599, 83985165, 83986025, 165, 1025
1, 56, 840165, 843444, 165, 3444
1, 560, 8400165, 8402606, 165, 2606
1, 5600, 84000165, 84004572, 165, 4572
1, 5601, 84015165, 84016025, 165, 1025
1, 5602, 84030165, 84031025, 165, 1025
1, 5603, 84045165, 84046025, 165, 1025
1, 5604, 84060165, 84061025, 165, 1025
1, 5605, 84075165, 84081183, 165, 6183
1, 5606, 84090165, 84091499, 165, 1499
1, 5607, 84105165, 84106025, 165, 1025
1, 5608, 84120165, 84121025, 165, 1025
1, 5609, 84135165, 84136025, 165, 1025
1, 561, 8415165, 8416025, 165, 1025
1, 5610, 84150165, 84151495, 165, 1495
1, 5611, 84165165, 84168107, 165, 3107
1, 5612, 84180165, 84182829, 165, 2829
1, 5613, 84195165, 84196025, 165, 1025
1, 5614, 84210165, 84212864, 165, 2864
1, 5615, 84225165, 84226025, 165, 1025
1, 5616, 84240165, 84242851, 165, 2851
1, 5617, 84255165, 84256025, 165, 1025
1, 5618, 84270165, 84271025, 165, 1025
1, 5619, 84285165, 84286025, 165, 1025
1, 562, 8430165, 8431025, 165, 1025
1, 5620, 84300165, 84301495, 165, 1495
1, 5621, 84315165, 84316025, 165, 1025
1, 5622, 84330165, 84331025, 165, 1025
1, 5623, 84345165, 84346025, 165, 1025
1, 5624, 84360165, 84361025, 165, 1025
1, 5625, 84375165, 84376025, 165, 1025
1, 5626, 84390165, 84391025, 165, 1025
1, 5627, 84405165, 84406025, 165, 1025
1, 5628, 84420165, 84422606, 165, 2606
1, 5629, 84435165, 84436025, 165, 1025
1, 563, 8445165, 8446025, 165, 1025
1, 5630, 84450165, 84451025, 165, 1025
1, 5631, 84465165, 84466025, 165, 1025
1, 5632, 84480165, 84481495, 165, 1495
1, 5633, 84495165, 84496025, 165, 1025
1, 5634, 84510165, 84511025, 165, 1025
1, 5635, 84525165, 84526025, 165, 1025
1, 5636, 84540165, 84541025, 165, 1025
1, 5637, 84555165, 84556025, 165, 1025
1, 5638, 84570165, 84571025, 165, 1025
1, 5639, 84585165, 84586763, 165, 1763
1, 564, 8460165, 8461025, 165, 1025
1, 5640, 84600165, 84603324, 165, 3324
1, 5641, 84615165, 84616025, 165, 1025
1, 5642, 84630165, 84632864, 165, 2864
1, 5643, 84645165, 84646025, 165, 1025
1, 5644, 84660165, 84661495, 165, 1495
1, 5645, 84675165, 84676025, 165, 1025
1, 5646, 84690165, 84691025, 165, 1025
1, 5647, 84705165, 84706025, 165, 1025
1, 5648, 84720165, 84721495, 165, 1495
1, 5649, 84735165, 84736025, 165, 1025
1, 565, 8475165, 8476724, 165, 1724
1, 5650, 84750165, 84751495, 165, 1495
1, 5651, 84765165, 84766025, 165, 1025
1, 5652, 84780165, 84781025, 165, 1025
1, 5653, 84795165, 84796025, 165, 1025
1, 5654, 84810165, 84811025, 165, 1025
1, 5655, 84825165, 84826025, 165, 1025
1, 5656, 84840165, 84842606, 165, 2606
1, 5657, 84855165, 84856025, 165, 1025
1, 5658, 84870165, 84871025, 165, 1025
1, 5659, 84885165, 84886025, 165, 1025
1, 566, 8490165, 8491025, 165, 1025
1, 5660, 84900165, 84901495, 165, 1495
1, 5661, 84915165, 84916724, 165, 1724
1, 5662, 84930165, 84931025, 165, 1025
1, 5663, 84945165, 84946025, 165, 1025
1, 5664, 84960165, 84961495, 165, 1495
1, 5665, 84975165, 84976025, 165, 1025
1, 5666, 84990165, 84991025, 165, 1025
1, 5667, 85005165, 85006025, 165, 1025
1, 5668, 85020165, 85022829, 165, 2829
1, 5669, 85035165, 85036025, 165, 1025
1, 567, 8505165, 8506025, 165, 1025
1, 5670, 85050165, 85053468, 165, 3468
1, 5671, 85065165, 85066025, 165, 1025
1, 5672, 85080165, 85081025, 165, 1025
1, 5673, 85095165, 85096025, 165, 1025
1, 5674, 85110165, 85111025, 165, 1025
1, 5675, 85125165, 85127127, 165, 2127
1, 5676, 85140165, 85141025, 165, 1025
1, 5677, 85155165, 85156025, 165, 1025
1, 5678, 85170165, 85171025, 165, 1025
1, 5679, 85185165, 85186025, 165, 1025
1, 568, 8520165, 8521495, 165, 1495
1, 5680, 85200165, 85203440, 165, 3440
1, 5681, 85215165, 85216025, 165, 1025
1, 5682, 85230165, 85231025, 165, 1025
1, 5683, 85245165, 85246025, 165, 1025
1, 5684, 85260165, 85262606, 165, 2606
1, 5685, 85275165, 85276025, 165, 1025
1, 5686, 85290165, 85291025, 165, 1025
1, 5687, 85305165, 85306025, 165, 1025
1, 5688, 85320165, 85321025, 165, 1025
1, 5689, 85335165, 85336025, 165, 1025
1, 569, 8535165, 8536025, 165, 1025
1, 5690, 85350165, 85351495, 165, 1495
1, 5691, 85365165, 85366724, 165, 1724
1, 5692, 85380165, 85381025, 165, 1025
1, 5693, 85395165, 85396025, 165, 1025
1, 5694, 85410165, 85411025, 165, 1025
1, 5695, 85425165, 85426025, 165, 1025
1, 5696, 85440165, 85443393, 165, 3393
1, 5697, 85455165, 85456025, 165, 1025
1, 5698, 85470165, 85472864, 165, 2864
1, 5699, 85485165, 85486025, 165, 1025
1, 57, 855165, 856025, 165, 1025
1, 570, 8550165, 8551025, 165, 1025
1, 5700, 85500165, 85501495, 165, 1495
1, 5701, 85515165, 85516025, 165, 1025
1, 5702, 85530165, 85531495, 165, 1495
1, 5703, 85545165, 85546025, 165, 1025
1, 5704, 85560165, 85561025, 165, 1025
1, 5705, 85575165, 85576025, 165, 1025
1, 5706, 85590165, 85591025, 165, 1025
1, 5707, 85605165, 85611556, 165, 6556
1, 5708, 85620165, 85621495, 165, 1495
1, 5709, 85635165, 85636025, 165, 1025
1, 571, 8565165, 8566025, 165, 1025
1, 5710, 85650165, 85651495, 165, 1495
1, 5711, 85665165, 85666025, 165, 1025
1, 5712, 85680165, 85684572, 165, 4572
1, 5713, 85695165, 85696025, 165, 1025
1, 5714, 85710165, 85711025, 165, 1025
1, 5715, 85725165, 85726025, 165, 1025
1, 5716, 85740165, 85741025, 165, 1025
1, 5717, 85755165, 85756025, 165, 1025
1, 5718, 85770165, 85771025, 165, 1025
1, 5719, 85785165, 85786025, 165, 1025
1, 572, 8580165, 8581495, 165, 1495
1, 5720, 85800165, 85801495, 165, 1495
1, 5721, 85815165, 85816025, 165, 1025
1, 5722, 85830165, 85831025, 165, 1025
1, 5723, 85845165, 85846025, 165, 1025
1, 5724, 85860165, 85862829, 165, 2829
1, 5725, 85875165, 85876025, 165, 1025
1, 5726, 85890165, 85892864, 165, 2864
1, 5727, 85905165, 85906025, 165, 1025
1, 5728, 85920165, 85921495, 165, 1495
1, 5729, 85935165, 85936025, 165, 1025
1, 573, 8595165, 8596025, 165, 1025
1, 5730, 85950165, 85951495, 165, 1495
1, 5731, 85965165, 85966025, 165, 1025
1, 5732, 85980165, 85981025, 165, 1025
1, 5733, 85995165, 85996025, 165, 1025
1, 5734, 86010165, 86011025, 165, 1025
1, 5735, 86025165, 86026025, 165, 1025
1, 5736, 86040165, 86041495, 165, 1495
1, 5737, 86055165, 86056025, 165, 1025
1, 5738, 86070165, 86071025, 165, 1025
1, 5739, 86085165, 86086025, 165, 1025
1, 574, 8610165, 8612606, 165, 2606
1, 5740, 86100165, 86103468, 165, 3468
1, 5741, 86115165, 86116025, 165, 1025
1, 5742, 86130165, 86131025, 165, 1025
1, 5743, 86145165, 86146025, 165, 1025
1, 5744, 86160165, 86161495, 165, 1495
1, 5745, 86175165, 86176724, 165, 1724
1, 5746, 86190165, 86191025, 165, 1025
1, 5747, 86205165, 86206724, 165, 1724
1, 5748, 86220165, 86221495, 165, 1495
1, 5749, 86235165, 86236025, 165, 1025
1, 575, 8625165, 8626025, 165, 1025
1, 5750, 86250165, 86251025, 165, 1025
1, 5751, 86265165, 86266025, 165, 1025
1, 5752, 86280165, 86282829, 165, 2829
1, 5753, 86295165, 86296025, 165, 1025
1, 5754, 86310165, 86312864, 165, 2864
1, 5755, 86325165, 86326025, 165, 1025
1, 5756, 86340165, 86341025, 165, 1025
1, 5757, 86355165, 86356025, 165, 1025
1, 5758, 86370165, 86371025, 165, 1025
1, 5759, 86385165, 86386025, 165, 1025
1, 576, 8640165, 8641495, 165, 1495
1, 5760, 86400165, 86402843, 165, 2843
1, 5761, 86415165, 86416025, 165, 1025
1, 5762, 86430165, 86431025, 165, 1025
1, 5763, 86445165, 86446025, 165, 1025
1, 5764, 86460165, 86461495, 165, 1495
1, 5765, 86475165, 86476025, 165, 1025
1, 5766, 86490165, 86491025, 165, 1025
1, 5767, 86505165, 86506025, 165, 1025
1, 5768, 86520165, 86523444, 165, 3444
1, 5769, 86535165, 86536025, 165, 1025
1, 577, 8655165, 8656025, 165, 1025
1, 5770, 86550165, 86551495, 165, 1495
1, 5771, 86565165, 86566025, 165, 1025
1, 5772, 86580165, 86581025, 165, 1025
1, 5773, 86595165, 86596025, 165, 1025
1, 5774, 86610165, 86611025, 165, 1025
1, 5775, 86625165, 86626724, 165, 1724
1, 5776, 86640165, 86642851, 165, 2851
1, 5777, 86655165, 86656025, 165, 1025
1, 5778, 86670165, 86671025, 165, 1025
1, 5779, 86685165, 86686025, 165, 1025
1, 578, 8670165, 8671025, 165, 1025
1, 5780, 86700165, 86703324, 165, 3324
1, 5781, 86715165, 86716025, 165, 1025
1, 5782, 86730165, 86733318, 165, 3318
1, 5783, 86745165, 86746025, 165, 1025
1, 5784, 86760165, 86761025, 165, 1025
1, 5785, 86775165, 86776025, 165, 1025
1, 5786, 86790165, 86791025, 165, 1025
1, 5787, 86805165, 86811424, 165, 6424
1, 5788, 86820165, 86821495, 165, 1495
1, 5789, 86835165, 86836025, 165, 1025
1, 579, 8685165, 8689549, 165, 4549
1, 5790, 86850165, 86851025, 165, 1025
1, 5791, 86865165, 86866025, 165, 1025
1, 5792, 86880165, 86882851, 165, 2851
1, 5793, 86895165, 86896025, 165, 1025
1, 5794, 86910165, 86911025, 165, 1025
1, 5795, 86925165, 86926025, 165, 1025
1, 5796, 86940165, 86943444, 165, 3444
1, 5797, 86955165, 86956025, 165, 1025
1, 5798, 86970165, 86971413, 165, 1413
1, 5799, 86985165, 86986025, 165, 1025
1, 58, 870165, 871025, 165, 1025
1, 580, 8700165, 8702843, 165, 2843
1, 5800, 87000165, 87001495, 165, 1495
1, 5801, 87015165, 87016025, 165, 1025
1, 5802, 87030165, 87031025, 165, 1025
1, 5803, 87045165, 87046724, 165, 1724
1, 5804, 87060165, 87061495, 165, 1495
1, 5805, 87075165, 87076025, 165, 1025
1, 5806, 87090165, 87091025, 165, 1025
1, 5807, 87105165, 87106025, 165, 1025
1, 5808, 87120165, 87122829, 165, 2829
1, 5809, 87135165, 87136025, 165, 1025
1, 581, 8715165, 8716025, 165, 1025
1, 5810, 87150165, 87152606, 165, 2606
1, 5811, 87165165, 87166025, 165, 1025
1, 5812, 87180165, 87181025, 165, 1025
1, 5813, 87195165, 87196025, 165, 1025
1, 5814, 87210165, 87211025, 165, 1025
1, 5815, 87225165, 87229627, 165, 4627
1, 5816, 87240165, 87241495, 165, 1495
1, 5817, 87255165, 87256025, 165, 1025
1, 5818, 87270165, 87271025, 165, 1025
1, 5819, 87285165, 87286025, 165, 1025
1, 582, 8730165, 8731025, 165, 1025
1, 5820, 87300165, 87302843, 165, 2843
1, 5821, 87315165, 87316025, 165, 1025
1, 5822, 87330165, 87331025, 165, 1025
1, 5823, 87345165, 87346025, 165, 1025
1, 5824, 87360165, 87362606, 165, 2606
1, 5825, 87375165, 87376025, 165, 1025
1, 5826, 87390165, 87391025, 165, 1025
1, 5827, 87405165, 87406025, 165, 1025
1, 5828, 87420165, 87421025, 165, 1025
1, 5829, 87435165, 87436025, 165, 1025
1, 583, 8745165, 8746025, 165, 1025
1, 5830, 87450165, 87451025, 165, 1025
1, 5831, 87465165, 87466025, 165, 1025
1, 5832, 87480165, 87481495, 165, 1495
1, 5833, 87495165, 87496025, 165, 1025
1, 5834, 87510165, 87511025, 165, 1025
1, 5835, 87525165, 87526025, 165, 1025
1, 5836, 87540165, 87541495, 165, 1495
1, 5837, 87555165, 87556025, 165, 1025
1, 5838, 87570165, 87572606, 165, 2606
1, 5839, 87585165, 87586025, 165, 1025
1, 584, 8760165, 8761495, 165, 1495
1, 5840, 87600165, 87602843, 165, 2843
1, 5841, 87615165, 87616025, 165, 1025
1, 5842, 87630165, 87631025, 165, 1025
1, 5843, 87645165, 87651183, 165, 6183
1, 5844, 87660165, 87661495, 165, 1495
1, 5845, 87675165, 87676025, 165, 1025
1, 5846, 87690165, 87691025, 165, 1025
1, 5847, 87705165, 87706025, 165, 1025
1, 5848, 87720165, 87721495, 165, 1495
1, 5849, 87735165, 87736025, 165, 1025
1, 585, 8775165, 8776025, 165, 1025
1, 5850, 87750165, 87752801, 165, 2801
1, 5851, 87765165, 87766025, 165, 1025
1, 5852, 87780165, 87783444, 165, 3444
1, 5853, 87795165, 87796025, 165, 1025
1, 5854, 87810165, 87811025, 165, 1025
1, 5855, 87825165, 87826025, 165, 1025
1, 5856, 87840165, 87841495, 165, 1495
1, 5857, 87855165, 87856025, 165, 1025
1, 5858, 87870165, 87871025, 165, 1025
1, 5859, 87885165, 87886025, 165, 1025
1, 586, 8790165, 8791025, 165, 1025
1, 5860, 87900165, 87902843, 165, 2843
1, 5861, 87915165, 87916025, 165, 1025
1, 5862, 87930165, 87931025, 165, 1025
1, 5863, 87945165, 87946025, 165, 1025
1, 5864, 87960165, 87961495, 165, 1495
1, 5865, 87975165, 87976025, 165, 1025
1, 5866, 87990165, 87992606, 165, 2606
1, 5867, 88005165, 88006724, 165, 1724
1, 5868, 88020165, 88021491, 165, 1491
1, 5869, 88035165, 88036025, 165, 1025
1, 587, 8805165, 8806025, 165, 1025
1, 5870, 88050165, 88051025, 165, 1025
1, 5871, 88065165, 88066025, 165, 1025
1, 5872, 88080165, 88082851, 165, 2851
1, 5873, 88095165, 88096025, 165, 1025
1, 5874, 88110165, 88111025, 165, 1025
1, 5875, 88125165, 88126025, 165, 1025
1, 5876, 88140165, 88141025, 165, 1025
1, 5877, 88155165, 88156025, 165, 1025
1, 5878, 88170165, 88171981, 165, 1981
1, 5879, 88185165, 88186025, 165, 1025
1, 588, 8820165, 8823444, 165, 3444
1, 5880, 88200165, 88203468, 165, 3468
1, 5881, 88215165, 88216025, 165, 1025
1, 5882, 88230165, 88231025, 165, 1025
1, 5883, 88245165, 88249776, 165, 4776
1, 5884, 88260165, 88261495, 165, 1495
1, 5885, 88275165, 88276724, 165, 1724
1, 5886, 88290165, 88291025, 165, 1025
1, 5887, 88305165, 88306025, 165, 1025
1, 5888, 88320165, 88322851, 165, 2851
1, 5889, 88335165, 88336025, 165, 1025
1, 589, 8835165, 8836025, 165, 1025
1, 5890, 88350165, 88351476, 165, 1476
1, 5891, 88365165, 88366025, 165, 1025
1, 5892, 88380165, 88381495, 165, 1495
1, 5893, 88395165, 88396025, 165, 1025
1, 5894, 88410165, 88412606, 165, 2606
1, 5895, 88425165, 88426025, 165, 1025
1, 5896, 88440165, 88441025, 165, 1025
1, 5897, 88455165, 88456025, 165, 1025
1, 5898, 88470165, 88471025, 165, 1025
1, 5899, 88485165, 88487493, 165, 2493
1, 59, 885165, 886025, 165, 1025
1, 590, 8850165, 8851495, 165, 1495
1, 5900, 88500165, 88502843, 165, 2843
1, 5901, 88515165, 88516025, 165, 1025
1, 5902, 88530165, 88531025, 165, 1025
1, 5903, 88545165, 88546025, 165, 1025
1, 5904, 88560165, 88561495, 165, 1495
1, 5905, 88575165, 88576025, 165, 1025
1, 5906, 88590165, 88591495, 165, 1495
1, 5907, 88605165, 88606025, 165, 1025
1, 5908, 88620165, 88623444, 165, 3444
1, 5909, 88635165, 88636025, 165, 1025
1, 591, 8865165, 8866025, 165, 1025
1, 5910, 88650165, 88651025, 165, 1025
1, 5911, 88665165, 88666291, 165, 1291
1, 5912, 88680165, 88681495, 165, 1495
1, 5913, 88695165, 88696025, 165, 1025
1, 5914, 88710165, 88711025, 165, 1025
1, 5915, 88725165, 88726724, 165, 1724
1, 5916, 88740165, 88741495, 165, 1495
1, 5917, 88755165, 88756025, 165, 1025
1, 5918, 88770165, 88771025, 165, 1025
1, 5919, 88785165, 88786025, 165, 1025
1, 592, 8880165, 8881495, 165, 1495
1, 5920, 88800165, 88803324, 165, 3324
1, 5921, 88815165, 88816025, 165, 1025
1, 5922, 88830165, 88832606, 165, 2606
1, 5923, 88845165, 88846116, 165, 1116
1, 5924, 88860165, 88861495, 165, 1495
1, 5925, 88875165, 88876025, 165, 1025
1, 5926, 88890165, 88891025, 165, 1025
1, 5927, 88905165, 88906025, 165, 1025
1, 5928, 88920165, 88921495, 165, 1495
1, 5929, 88935165, 88936025, 165, 1025
1, 593, 8895165, 8896025, 165, 1025
1, 5930, 88950165, 88951025, 165, 1025
1, 5931, 88965165, 88966025, 165, 1025
1, 5932, 88980165, 88981025, 165, 1025
1, 5933, 88995165, 88996025, 165, 1025
1, 5934, 89010165, 89011495, 165, 1495
1, 5935, 89025165, 89026025, 165, 1025
1, 5936, 89040165, 89042606, 165, 2606
1, 5937, 89055165, 89056025, 165, 1025
1, 5938, 89070165, 89071025, 165, 1025
1, 5939, 89085165, 89086025, 165, 1025
1, 594, 8910165, 8911025, 165, 1025
1, 5940, 89100165, 89102843, 165, 2843
1, 5941, 89115165, 89116025, 165, 1025
1, 5942, 89130165, 89131025, 165, 1025
1, 5943, 89145165, 89146025, 165, 1025
1, 5944, 89160165, 89161025, 165, 1025
1, 5945, 89175165, 89176025, 165, 1025
1, 5946, 89190165, 89191286, 165, 1286
1, 5947, 89205165, 89206025, 165, 1025
1, 5948, 89220165, 89221495, 165, 1495
1, 5949, 89235165, 89236025, 165, 1025
1, 595, 8925165, 8926724, 165, 1724
1, 5950, 89250165, 89252606, 165, 2606
1, 5951, 89265165, 89266025, 165, 1025
1, 5952, 89280165, 89281495, 165, 1495
1, 5953, 89295165, 89296025, 165, 1025
1, 5954, 89310165, 89311025, 165, 1025
1, 5955, 89325165, 89326724, 165, 1724
1, 5956, 89340165, 89341495, 165, 1495
1, 5957, 89355165, 89356025, 165, 1025
1, 5958, 89370165, 89371025, 165, 1025
1, 5959, 89385165, 89386025, 165, 1025
1, 596, 8940165, 8941495, 165, 1495
1, 5960, 89400165, 89401495, 165, 1495
1, 5961, 89415165, 89416025, 165, 1025
1, 5962, 89430165, 89432798, 165, 2798
1, 5963, 89445165, 89446025, 165, 1025
1, 5964, 89460165, 89463444, 165, 3444
1, 5965, 89475165, 89476025, 165, 1025
1, 5966, 89490165, 89491025, 165, 1025
1, 5967, 89505165, 89506025, 165, 1025
1, 5968, 89520165, 89522851, 165, 2851
1, 5969, 89535165, 89536025, 165, 1025
1, 597, 8955165, 8956025, 165, 1025
1, 5970, 89550165, 89551025, 165, 1025
1, 5971, 89565165, 89566025, 165, 1025
1, 5972, 89580165, 89581025, 165, 1025
1, 5973, 89595165, 89596025, 165, 1025
1, 5974, 89610165, 89612194, 165, 2194
1, 5975, 89625165, 89626025, 165, 1025
1, 5976, 89640165, 89641495, 165, 1495
1, 5977, 89655165, 89656025, 165, 1025
1, 5978, 89670165, 89672864, 165, 2864
1, 5979, 89685165, 89687464, 165, 2464
1, 598, 8970165, 8971025, 165, 1025
1, 5980, 89700165, 89702843, 165, 2843
1, 5981, 89715165, 89716025, 165, 1025
1, 5982, 89730165, 89731025, 165, 1025
1, 5983, 89745165, 89746025, 165, 1025
1, 5984, 89760165, 89762851, 165, 2851
1, 5985, 89775165, 89776724, 165, 1724
1, 5986, 89790165, 89791025, 165, 1025
1, 5987, 89805165, 89806025, 165, 1025
1, 5988, 89820165, 89821025, 165, 1025
1, 5989, 89835165, 89836025, 165, 1025
1, 599, 8985165, 8986025, 165, 1025
1, 5990, 89850165, 89852834, 165, 2834
1, 5991, 89865165, 89866025, 165, 1025
1, 5992, 89880165, 89883444, 165, 3444
1, 5993, 89895165, 89896025, 165, 1025
1, 5994, 89910165, 89911025, 165, 1025
1, 5995, 89925165, 89926025, 165, 1025
1, 5996, 89940165, 89941495, 165, 1495
1, 5997, 89955165, 89956025, 165, 1025
1, 5998, 89970165, 89971025, 165, 1025
1, 5999, 89985165, 89986025, 165, 1025
1, 6, 90165, 91025, 165, 1025
1, 60, 900165, 901495, 165, 1495
1, 600, 9000165, 9002828, 165, 2828
1, 6000, 90000165, 90002843, 165, 2843
1, 6001, 90015165, 90016025, 165, 1025
1, 6002, 90030165, 90031025, 165, 1025
1, 6003, 90045165, 90046025, 165, 1025
1, 6004, 90060165, 90061495, 165, 1495
1, 6005, 90075165, 90076025, 165, 1025
1, 6006, 90090165, 90092864, 165, 2864
1, 6007, 90105165, 90106025, 165, 1025
1, 6008, 90120165, 90121495, 165, 1495
1, 6009, 90135165, 90136025, 165, 1025
1, 601, 9015165, 9016025, 165, 1025
1, 6010, 90150165, 90151025, 165, 1025
1, 6011, 90165165, 90166724, 165, 1724
1, 6012, 90180165, 90181025, 165, 1025
1, 6013, 90195165, 90196025, 165, 1025
1, 6014, 90210165, 90211025, 165, 1025
1, 6015, 90225165, 90226025, 165, 1025
1, 6016, 90240165, 90241495, 165, 1495
1, 6017, 90255165, 90256025, 165, 1025
1, 6018, 90270165, 90271495, 165, 1495
1, 6019, 90285165, 90286025, 165, 1025
1, 602, 9030165, 9032606, 165, 2606
1, 6020, 90300165, 90302606, 165, 2606
1, 6021, 90315165, 90316025, 165, 1025
1, 6022, 90330165, 90331025, 165, 1025
1, 6023, 90345165, 90346025, 165, 1025
1, 6024, 90360165, 90361495, 165, 1495
1, 6025, 90375165, 90376724, 165, 1724
1, 6026, 90390165, 90391025, 165, 1025
1, 6027, 90405165, 90406025, 165, 1025
1, 6028, 90420165, 90421025, 165, 1025
1, 6029, 90435165, 90436025, 165, 1025
1, 603, 9045165, 9046025, 165, 1025
1, 6030, 90450165, 90451495, 165, 1495
1, 6031, 90465165, 90466025, 165, 1025
1, 6032, 90480165, 90482829, 165, 2829
1, 6033, 90495165, 90496025, 165, 1025
1, 6034, 90510165, 90512864, 165, 2864
1, 6035, 90525165, 90526025, 165, 1025
1, 6036, 90540165, 90541495, 165, 1495
1, 6037, 90555165, 90556025, 165, 1025
1, 6038, 90570165, 90571025, 165, 1025
1, 6039, 90585165, 90586025, 165, 1025
1, 604, 9060165, 9061025, 165, 1025
1, 6040, 90600165, 90601495, 165, 1495
1, 6041, 90615165, 90616025, 165, 1025
1, 6042, 90630165, 90631025, 165, 1025
1, 6043, 90645165, 90646025, 165, 1025
1, 6044, 90660165, 90661025, 165, 1025
1, 6045, 90675165, 90676025, 165, 1025
1, 6046, 90690165, 90691025, 165, 1025
1, 6047, 90705165, 90706025, 165, 1025
1, 6048, 90720165, 90724572, 165, 4572
1, 6049, 90735165, 90736025, 165, 1025
1, 605, 9075165, 9076025, 165, 1025
1, 6050, 90750165, 90751025, 165, 1025
1, 6051, 90765165, 90766025, 165, 1025
1, 6052, 90780165, 90781495, 165, 1495
1, 6053, 90795165, 90796222, 165, 1222
1, 6054, 90810165, 90811025, 165, 1025
1, 6055, 90825165, 90826025, 165, 1025
1, 6056, 90840165, 90841025, 165, 1025
1, 6057, 90855165, 90856025, 165, 1025
1, 6058, 90870165, 90871025, 165, 1025
1, 6059, 90885165, 90887312, 165, 2312
1, 606, 9090165, 9091025, 165, 1025
1, 6060, 90900165, 90903324, 165, 3324
1, 6061, 90915165, 90916025, 165, 1025
1, 6062, 90930165, 90932864, 165, 2864
1, 6063, 90945165, 90946025, 165, 1025
1, 6064, 90960165, 90962851, 165, 2851
1, 6065, 90975165, 90976025, 165, 1025
1, 6066, 90990165, 90991025, 165, 1025
1, 6067, 91005165, 91006025, 165, 1025
1, 6068, 91020165, 91021025, 165, 1025
1, 6069, 91035165, 91036025, 165, 1025
1, 607, 9105165, 9107136, 165, 2136
1, 6070, 91050165, 91052859, 165, 2859
1, 6071, 91065165, 91066025, 165, 1025
1, 6072, 91080165, 91081025, 165, 1025
1, 6073, 91095165, 91096025, 165, 1025
1, 6074, 91110165, 91111025, 165, 1025
1, 6075, 91125165, 91126724, 165, 1724
1, 6076, 91140165, 91142606, 165, 2606
1, 6077, 91155165, 91156025, 165, 1025
1, 6078, 91170165, 91171025, 165, 1025
1, 6079, 91185165, 91186025, 165, 1025
1, 608, 9120165, 9122851, 165, 2851
1, 6080, 91200165, 91202843, 165, 2843
1, 6081, 91215165, 91216724, 165, 1724
1, 6082, 91230165, 91231025, 165, 1025
1, 6083, 91245165, 91246025, 165, 1025
1, 6084, 91260165, 91261025, 165, 1025
1, 6085, 91275165, 91276025, 165, 1025
1, 6086, 91290165, 91291025, 165, 1025
1, 6087, 91305165, 91306266, 165, 1266
1, 6088, 91320165, 91322829, 165, 2829
1, 6089, 91335165, 91336025, 165, 1025
1, 609, 9135165, 9136025, 165, 1025
1, 6090, 91350165, 91353468, 165, 3468
1, 6091, 91365165, 91366025, 165, 1025
1, 6092, 91380165, 91381495, 165, 1495
1, 6093, 91395165, 91396025, 165, 1025
1, 6094, 91410165, 91411025, 165, 1025
1, 6095, 91425165, 91426724, 165, 1724
1, 6096, 91440165, 91441495, 165, 1495
1, 6097, 91455165, 91456025, 165, 1025
1, 6098, 91470165, 91471025, 165, 1025
1, 6099, 91485165, 91486025, 165, 1025
1, 61, 915165, 916025, 165, 1025
1, 610, 9150165, 9151025, 165, 1025
1, 6100, 91500165, 91501495, 165, 1495
1, 6101, 91515165, 91516025, 165, 1025
1, 6102, 91530165, 91531025, 165, 1025
1, 6103, 91545165, 91546025, 165, 1025
1, 6104, 91560165, 91562606, 165, 2606
1, 6105, 91575165, 91576025, 165, 1025
1, 6106, 91590165, 91591025, 165, 1025
1, 6107, 91605165, 91606025, 165, 1025
1, 6108, 91620165, 91621025, 165, 1025
1, 6109, 91635165, 91636025, 165, 1025
1, 611, 9165165, 9166025, 165, 1025
1, 6110, 91650165, 91651495, 165, 1495
1, 6111, 91665165, 91666025, 165, 1025
1, 6112, 91680165, 91681495, 165, 1495
1, 6113, 91695165, 91696025, 165, 1025
1, 6114, 91710165, 91711025, 165, 1025
1, 6115, 91725165, 91726025, 165, 1025
1, 6116, 91740165, 91742829, 165, 2829
1, 6117, 91755165, 91756025, 165, 1025
1, 6118, 91770165, 91772864, 165, 2864
1, 6119, 91785165, 91786025, 165, 1025
1, 612, 9180165, 9181495, 165, 1495
1, 6120, 91800165, 91802843, 165, 2843
1, 6121, 91815165, 91816025, 165, 1025
1, 6122, 91830165, 91831025, 165, 1025
1, 6123, 91845165, 91846724, 165, 1724
1, 6124, 91860165, 91861025, 165, 1025
1, 6125, 91875165, 91876025, 165, 1025
1, 6126, 91890165, 91891025, 165, 1025
1, 6127, 91905165, 91906025, 165, 1025
1, 6128, 91920165, 91921495, 165, 1495
1, 6129, 91935165, 91936025, 165, 1025
1, 613, 9195165, 9196025, 165, 1025
1, 6130, 91950165, 91951495, 165, 1495
1, 6131, 91965165, 91966025, 165, 1025
1, 6132, 91980165, 91982606, 165, 2606
1, 6133, 91995165, 91996025, 165, 1025
1, 6134, 92010165, 92011025, 165, 1025
1, 6135, 92025165, 92026025, 165, 1025
1, 6136, 92040165, 92041025, 165, 1025
1, 6137, 92055165, 92056724, 165, 1724
1, 6138, 92070165, 92071025, 165, 1025
1, 6139, 92085165, 92086724, 165, 1724
1, 614, 9210165, 9211495, 165, 1495
1, 6140, 92100165, 92101495, 165, 1495
1, 6141, 92115165, 92116025, 165, 1025
1, 6142, 92130165, 92131025, 165, 1025
1, 6143, 92145165, 92146025, 165, 1025
1, 6144, 92160165, 92163393, 165, 3393
1, 6145, 92175165, 92176025, 165, 1025
1, 6146, 92190165, 92192864, 165, 2864
1, 6147, 92205165, 92206025, 165, 1025
1, 6148, 92220165, 92221025, 165, 1025
1, 6149, 92235165, 92236025, 165, 1025
1, 615, 9225165, 9226025, 165, 1025
1, 6150, 92250165, 92251495, 165, 1495
1, 6151, 92265165, 92266025, 165, 1025
1, 6152, 92280165, 92281025, 165, 1025
1, 6153, 92295165, 92296025, 165, 1025
1, 6154, 92310165, 92311025, 165, 1025
1, 6155, 92325165, 92328107, 165, 3107
1, 6156, 92340165, 92341495, 165, 1495
1, 6157, 92355165, 92356025, 165, 1025
1, 6158, 92370165, 92371025, 165, 1025
1, 6159, 92385165, 92386025, 165, 1025
1, 616, 9240165, 9243444, 165, 3444
1, 6160, 92400165, 92404572, 165, 4572
1, 6161, 92415165, 92416025, 165, 1025
1, 6162, 92430165, 92431025, 165, 1025
1, 6163, 92445165, 92446025, 165, 1025
1, 6164, 92460165, 92461025, 165, 1025
1, 6165, 92475165, 92476724, 165, 1724
1, 6166, 92490165, 92491025, 165, 1025
1, 6167, 92505165, 92506025, 165, 1025
1, 6168, 92520165, 92521025, 165, 1025
1, 6169, 92535165, 92536025, 165, 1025
1, 617, 9255165, 9256025, 165, 1025
1, 6170, 92550165, 92551025, 165, 1025
1, 6171, 92565165, 92566025, 165, 1025
1, 6172, 92580165, 92582851, 165, 2851
1, 6173, 92595165, 92596025, 165, 1025
1, 6174, 92610165, 92612864, 165, 2864
1, 6175, 92625165, 92626025, 165, 1025
1, 6176, 92640165, 92641495, 165, 1495
1, 6177, 92655165, 92656025, 165, 1025
1, 6178, 92670165, 92671025, 165, 1025
1, 6179, 92685165, 92686025, 165, 1025
1, 618, 9270165, 9271025, 165, 1025
1, 6180, 92700165, 92701495, 165, 1495
1, 6181, 92715165, 92716025, 165, 1025
1, 6182, 92730165, 92731025, 165, 1025
1, 6183, 92745165, 92746025, 165, 1025
1, 6184, 92760165, 92762145, 165, 2145
1, 6185, 92775165, 92776025, 165, 1025
1, 6186, 92790165, 92791025, 165, 1025
1, 6187, 92805165, 92806025, 165, 1025
1, 6188, 92820165, 92822606, 165, 2606
1, 6189, 92835165, 92836025, 165, 1025
1, 619, 9285165, 9288157, 165, 3157
1, 6190, 92850165, 92851495, 165, 1495
1, 6191, 92865165, 92866025, 165, 1025
1, 6192, 92880165, 92881495, 165, 1495
1, 6193, 92895165, 92896025, 165, 1025
1, 6194, 92910165, 92911025, 165, 1025
1, 6195, 92925165, 92926724, 165, 1724
1, 6196, 92940165, 92941025, 165, 1025
1, 6197, 92955165, 92956025, 165, 1025
1, 6198, 92970165, 92971025, 165, 1025
1, 6199, 92985165, 92986025, 165, 1025
1, 62, 930165, 931025, 165, 1025
1, 620, 9300165, 9302843, 165, 2843
1, 6200, 93000165, 93003324, 165, 3324
1, 6201, 93015165, 93016025, 165, 1025
1, 6202, 93030165, 93032864, 165, 2864
1, 6203, 93045165, 93046025, 165, 1025
1, 6204, 93060165, 93061025, 165, 1025
1, 6205, 93075165, 93076025, 165, 1025
1, 6206, 93090165, 93091025, 165, 1025
1, 6207, 93105165, 93107136, 165, 2136
1, 6208, 93120165, 93121495, 165, 1495
1, 6209, 93135165, 93136025, 165, 1025
1, 621, 9315165, 9316025, 165, 1025
1, 6210, 93150165, 93151025, 165, 1025
1, 6211, 93165165, 93166025, 165, 1025
1, 6212, 93180165, 93182728, 165, 2728
1, 6213, 93195165, 93196025, 165, 1025
1, 6214, 93210165, 93211025, 165, 1025
1, 6215, 93225165, 93226025, 165, 1025
1, 6216, 93240165, 93243444, 165, 3444
1, 6217, 93255165, 93256025, 165, 1025
1, 6218, 93270165, 93271025, 165, 1025
1, 6219, 93285165, 93286025, 165, 1025
1, 622, 9330165, 9331025, 165, 1025
1, 6220, 93300165, 93301495, 165, 1495
1, 6221, 93315165, 93316025, 165, 1025
1, 6222, 93330165, 93331025, 165, 1025
1, 6223, 93345165, 93346025, 165, 1025
1, 6224, 93360165, 93362851, 165, 2851
1, 6225, 93375165, 93376025, 165, 1025
1, 6226, 93390165, 93391025, 165, 1025
1, 6227, 93405165, 93406025, 165, 1025
1, 6228, 93420165, 93422829, 165, 2829
1, 6229, 93435165, 93436025, 165, 1025
1, 623, 9345165, 9346025, 165, 1025
1, 6230, 93450165, 93453468, 165, 3468
1, 6231, 93465165, 93466025, 165, 1025
1, 6232, 93480165, 93481025, 165, 1025
1, 6233, 93495165, 93496025, 165, 1025
1, 6234, 93510165, 93511025, 165, 1025
1, 6235, 93525165, 93530924, 165, 5924
1, 6236, 93540165, 93541025, 165, 1025
1, 6237, 93555165, 93556025, 165, 1025
1, 6238, 93570165, 93571025, 165, 1025
1, 6239, 93585165, 93586025, 165, 1025
1, 624, 9360165, 9362851, 165, 2851
1, 6240, 93600165, 93603440, 165, 3440
1, 6241, 93615165, 93616025, 165, 1025
1, 6242, 93630165, 93631025, 165, 1025
1, 6243, 93645165, 93646025, 165, 1025
1, 6244, 93660165, 93663444, 165, 3444
1, 6245, 93675165, 93676025, 165, 1025
1, 6246, 93690165, 93691959, 165, 1959
1, 6247, 93705165, 93706025, 165, 1025
1, 6248, 93720165, 93721025, 165, 1025
1, 6249, 93735165, 93736025, 165, 1025
1, 625, 9375165, 9376025, 165, 1025
1, 6250, 93750165, 93751025, 165, 1025
1, 6251, 93765165, 93771554, 165, 6554
1, 6252, 93780165, 93781495, 165, 1495
1, 6253, 93795165, 93796025, 165, 1025
1, 6254, 93810165, 93811025, 165, 1025
1, 6255, 93825165, 93826025, 165, 1025
1, 6256, 93840165, 93843393, 165, 3393
1, 6257, 93855165, 93856025, 165, 1025
1, 6258, 93870165, 93872606, 165, 2606
1, 6259, 93885165, 93886025, 165, 1025
1, 626, 9390165, 9391025, 165, 1025
1, 6260, 93900165, 93901495, 165, 1495
1, 6261, 93915165, 93916025, 165, 1025
1, 6262, 93930165, 93931025, 165, 1025
1, 6263, 93945165, 93949336, 165, 4336
1, 6264, 93960165, 93961495, 165, 1495
1, 6265, 93975165, 93976025, 165, 1025
1, 6266, 93990165, 93991025, 165, 1025
1, 6267, 94005165, 94006025, 165, 1025
1, 6268, 94020165, 94021495, 165, 1495
1, 6269, 94035165, 94036025, 165, 1025
1, 627, 9405165, 9406025, 165, 1025
1, 6270, 94050165, 94051495, 165, 1495
1, 6271, 94065165, 94066025, 165, 1025
1, 6272, 94080165, 94082606, 165, 2606
1, 6273, 94095165, 94096025, 165, 1025
1, 6274, 94110165, 94111025, 165, 1025
1, 6275, 94125165, 94126025, 165, 1025
1, 6276, 94140165, 94141025, 165, 1025
1, 6277, 94155165, 94156025, 165, 1025
1, 6278, 94170165, 94171025, 165, 1025
1, 6279, 94185165, 94186025, 165, 1025
1, 628, 9420165, 9421495, 165, 1495
1, 6280, 94200165, 94202843, 165, 2843
1, 6281, 94215165, 94216025, 165, 1025
1, 6282, 94230165, 94231025, 165, 1025
1, 6283, 94245165, 94246025, 165, 1025
1, 6284, 94260165, 94261495, 165, 1495
1, 6285, 94275165, 94276025, 165, 1025
1, 6286, 94290165, 94292606, 165, 2606
1, 6287, 94305165, 94306025, 165, 1025
1, 6288, 94320165, 94321495, 165, 1495
1, 6289, 94335165, 94336025, 165, 1025
1, 629, 9435165, 9436025, 165, 1025
1, 6290, 94350165, 94351495, 165, 1495
1, 6291, 94365165, 94369627, 165, 4627
1, 6292, 94380165, 94381495, 165, 1495
1, 6293, 94395165, 94396025, 165, 1025
1, 6294, 94410165, 94411025, 165, 1025
1, 6295, 94425165, 94426025, 165, 1025
1, 6296, 94440165, 94441495, 165, 1495
1, 6297, 94455165, 94456025, 165, 1025
1, 6298, 94470165, 94471025, 165, 1025
1, 6299, 94485165, 94486025, 165, 1025
1, 63, 945165, 946025, 165, 1025
1, 630, 9450165, 9452606, 165, 2606
1, 6300, 94500165, 94503468, 165, 3468
1, 6301, 94515165, 94516025, 165, 1025
1, 6302, 94530165, 94531025, 165, 1025
1, 6303, 94545165, 94546025, 165, 1025
1, 6304, 94560165, 94561495, 165, 1495
1, 6305, 94575165, 94576724, 165, 1724
1, 6306, 94590165, 94591025, 165, 1025
1, 6307, 94605165, 94606025, 165, 1025
1, 6308, 94620165, 94621495, 165, 1495
1, 6309, 94635165, 94636025, 165, 1025
1, 631, 9465165, 9466025, 165, 1025
1, 6310, 94650165, 94651025, 165, 1025
1, 6311, 94665165, 94666025, 165, 1025
1, 6312, 94680165, 94681495, 165, 1495
1, 6313, 94695165, 94696025, 165, 1025
1, 6314, 94710165, 94712606, 165, 2606
1, 6315, 94725165, 94726257, 165, 1257
1, 6316, 94740165, 94741025, 165, 1025
1, 6317, 94755165, 94756025, 165, 1025
1, 6318, 94770165, 94771025, 165, 1025
1, 6319, 94785165, 94788025, 165, 3025
1, 632, 9480165, 9481025, 165, 1025
1, 6320, 94800165, 94803440, 165, 3440
1, 6321, 94815165, 94816025, 165, 1025
1, 6322, 94830165, 94831025, 165, 1025
1, 6323, 94845165, 94846025, 165, 1025
1, 6324, 94860165, 94861495, 165, 1495
1, 6325, 94875165, 94876025, 165, 1025
1, 6326, 94890165, 94891495, 165, 1495
1, 6327, 94905165, 94906025, 165, 1025
1, 6328, 94920165, 94923444, 165, 3444
1, 6329, 94935165, 94936025, 165, 1025
1, 633, 9495165, 9496025, 165, 1025
1, 6330, 94950165, 94951495, 165, 1495
1, 6331, 94965165, 94968188, 165, 3188
1, 6332, 94980165, 94981495, 165, 1495
1, 6333, 94995165, 94996025, 165, 1025
1, 6334, 95010165, 95011025, 165, 1025
1, 6335, 95025165, 95026025, 165, 1025
1, 6336, 95040165, 95042851, 165, 2851
1, 6337, 95055165, 95056025, 165, 1025
1, 6338, 95070165, 95071025, 165, 1025
1, 6339, 95085165, 95086025, 165, 1025
1, 634, 9510165, 9511025, 165, 1025
1, 6340, 95100165, 95102828, 165, 2828
1, 6341, 95115165, 95116025, 165, 1025
1, 6342, 95130165, 95132606, 165, 2606
1, 6343, 95145165, 95146025, 165, 1025
1, 6344, 95160165, 95161025, 165, 1025
1, 6345, 95175165, 95176025, 165, 1025
1, 6346, 95190165, 95191025, 165, 1025
1, 6347, 95205165, 95217897, 165, 12897
1, 6348, 95220165, 95221495, 165, 1495
1, 6349, 95235165, 95236025, 165, 1025
1, 635, 9525165, 9530924, 165, 5924
1, 6350, 95250165, 95251025, 165, 1025
1, 6351, 95265165, 95266025, 165, 1025
1, 6352, 95280165, 95281495, 165, 1495
1, 6353, 95295165, 95296025, 165, 1025
1, 6354, 95310165, 95311495, 165, 1495
1, 6355, 95325165, 95326025, 165, 1025
1, 6356, 95340165, 95343444, 165, 3444
1, 6357, 95355165, 95356025, 165, 1025
1, 6358, 95370165, 95371025, 165, 1025
1, 6359, 95385165, 95386025, 165, 1025
1, 636, 9540165, 9541495, 165, 1495
1, 6360, 95400165, 95402843, 165, 2843
1, 6361, 95415165, 95416025, 165, 1025
1, 6362, 95430165, 95431025, 165, 1025
1, 6363, 95445165, 95446025, 165, 1025
1, 6364, 95460165, 95461495, 165, 1495
1, 6365, 95475165, 95476025, 165, 1025
1, 6366, 95490165, 95491025, 165, 1025
1, 6367, 95505165, 95506025, 165, 1025
1, 6368, 95520165, 95522829, 165, 2829
1, 6369, 95535165, 95536025, 165, 1025
1, 637, 9555165, 9556025, 165, 1025
1, 6370, 95550165, 95552606, 165, 2606
1, 6371, 95565165, 95566025, 165, 1025
1, 6372, 95580165, 95581025, 165, 1025
1, 6373, 95595165, 95596025, 165, 1025
1, 6374, 95610165, 95611025, 165, 1025
1, 6375, 95625165, 95626853, 165, 1853
1, 6376, 95640165, 95641495, 165, 1495
1, 6377, 95655165, 95656025, 165, 1025
1, 6378, 95670165, 95671025, 165, 1025
1, 6379, 95685165, 95686025, 165, 1025
1, 638, 9570165, 9571025, 165, 1025
1, 6380, 95700165, 95701495, 165, 1495
1, 6381, 95715165, 95716025, 165, 1025
1, 6382, 95730165, 95731495, 165, 1495
1, 6383, 95745165, 95746025, 165, 1025
1, 6384, 95760165, 95762606, 165, 2606
1, 6385, 95775165, 95776025, 165, 1025
1, 6386, 95790165, 95791025, 165, 1025
1, 6387, 95805165, 95806130, 165, 1130
1, 6388, 95820165, 95821495, 165, 1495
1, 6389, 95835165, 95836025, 165, 1025
1, 639, 9585165, 9586025, 165, 1025
1, 6390, 95850165, 95851025, 165, 1025
1, 6391, 95865165, 95866025, 165, 1025
1, 6392, 95880165, 95881495, 165, 1495
1, 6393, 95895165, 95896025, 165, 1025
1, 6394, 95910165, 95911025, 165, 1025
1, 6395, 95925165, 95926025, 165, 1025
1, 6396, 95940165, 95941495, 165, 1495
1, 6397, 95955165, 95956025, 165, 1025
1, 6398, 95970165, 95972606, 165, 2606
1, 6399, 95985165, 95986724, 165, 1724
1, 64, 960165, 962851, 165, 2851
1, 640, 9600165, 9602843, 165, 2843
1, 6400, 96000165, 96003440, 165, 3440
1, 6401, 96015165, 96016025, 165, 1025
1, 6402, 96030165, 96031025, 165, 1025
1, 6403, 96045165, 96046025, 165, 1025
1, 6404, 96060165, 96061495, 165, 1495
1, 6405, 96075165, 96076724, 165, 1724
1, 6406, 96090165, 96091025, 165, 1025
1, 6407, 96105165, 96106025, 165, 1025
1, 6408, 96120165, 96121025, 165, 1025
1, 6409, 96135165, 96136025, 165, 1025
1, 641, 9615165, 9616025, 165, 1025
1, 6410, 96150165, 96152834, 165, 2834
1, 6411, 96165165, 96166025, 165, 1025
1, 6412, 96180165, 96183444, 165, 3444
1, 6413, 96195165, 96196025, 165, 1025
1, 6414, 96210165, 96211025, 165, 1025
1, 6415, 96225165, 96226025, 165, 1025
1, 6416, 96240165, 96242851, 165, 2851
1, 6417, 96255165, 96256079, 165, 1079
1, 6418, 96270165, 96271025, 165, 1025
1, 6419, 96285165, 96286025, 165, 1025
1, 642, 9630165, 9631495, 165, 1495
1, 6420, 96300165, 96301495, 165, 1495
1, 6421, 96315165, 96316025, 165, 1025
1, 6422, 96330165, 96332194, 165, 2194
1, 6423, 96345165, 96346025, 165, 1025
1, 6424, 96360165, 96361495, 165, 1495
1, 6425, 96375165, 96376025, 165, 1025
1, 6426, 96390165, 96392606, 165, 2606
1, 6427, 96405165, 96406025, 165, 1025
1, 6428, 96420165, 96421314, 165, 1314
1, 6429, 96435165, 96436025, 165, 1025
1, 643, 9645165, 9646025, 165, 1025
1, 6430, 96450165, 96451025, 165, 1025
1, 6431, 96465165, 96466025, 165, 1025
1, 6432, 96480165, 96482851, 165, 2851
1, 6433, 96495165, 96496025, 165, 1025
1, 6434, 96510165, 96511025, 165, 1025
1, 6435, 96525165, 96526025, 165, 1025
1, 6436, 96540165, 96541025, 165, 1025
1, 6437, 96555165, 96556025, 165, 1025
1, 6438, 96570165, 96571495, 165, 1495
1, 6439, 96585165, 96586025, 165, 1025
1, 644, 9660165, 9663444, 165, 3444
1, 6440, 96600165, 96603468, 165, 3468
1, 6441, 96615165, 96616025, 165, 1025
1, 6442, 96630165, 96631025, 165, 1025
1, 6443, 96645165, 96646025, 165, 1025
1, 6444, 96660165, 96661495, 165, 1495
1, 6445, 96675165, 96676724, 165, 1724
1, 6446, 96690165, 96691025, 165, 1025
1, 6447, 96705165, 96706025, 165, 1025
1, 6448, 96720165, 96721495, 165, 1495
1, 6449, 96735165, 96736025, 165, 1025
1, 645, 9675165, 9676025, 165, 1025
1, 6450, 96750165, 96752728, 165, 2728
1, 6451, 96765165, 96766025, 165, 1025
1, 6452, 96780165, 96781495, 165, 1495
1, 6453, 96795165, 96796025, 165, 1025
1, 6454, 96810165, 96812864, 165, 2864
1, 6455, 96825165, 96826279, 165, 1279
1, 6456, 96840165, 96841495, 165, 1495
1, 6457, 96855165, 96856025, 165, 1025
1, 6458, 96870165, 96871025, 165, 1025
1, 6459, 96885165, 96886724, 165, 1724
1, 646, 9690165, 9691025, 165, 1025
1, 6460, 96900165, 96902843, 165, 2843
1, 6461, 96915165, 96916025, 165, 1025
1, 6462, 96930165, 96931025, 165, 1025
1, 6463, 96945165, 96946025, 165, 1025
1, 6464, 96960165, 96961495, 165, 1495
1, 6465, 96975165, 96976025, 165, 1025
1, 6466, 96990165, 96991495, 165, 1495
1, 6467, 97005165, 97006025, 165, 1025
1, 6468, 97020165, 97023444, 165, 3444
1, 6469, 97035165, 97036025, 165, 1025
1, 647, 9705165, 9706025, 165, 1025
1, 6470, 97050165, 97051025, 165, 1025
1, 6471, 97065165, 97066025, 165, 1025
1, 6472, 97080165, 97081495, 165, 1495
1, 6473, 97095165, 97096025, 165, 1025
1, 6474, 97110165, 97111025, 165, 1025
1, 6475, 97125165, 97126724, 165, 1724
1, 6476, 97140165, 97141025, 165, 1025
1, 6477, 97155165, 97156025, 165, 1025
1, 6478, 97170165, 97171025, 165, 1025
1, 6479, 97185165, 97186025, 165, 1025
1, 648, 9720165, 9721495, 165, 1495
1, 6480, 97200165, 97203324, 165, 3324
1, 6481, 97215165, 97216025, 165, 1025
1, 6482, 97230165, 97232864, 165, 2864
1, 6483, 97245165, 97246025, 165, 1025
1, 6484, 97260165, 97261495, 165, 1495
1, 6485, 97275165, 97276025, 165, 1025
1, 6486, 97290165, 97291025, 165, 1025
1, 6487, 97305165, 97306025, 165, 1025
1, 6488, 97320165, 97321025, 165, 1025
1, 6489, 97335165, 97336025, 165, 1025
1, 649, 9735165, 9736025, 165, 1025
1, 6490, 97350165, 97351495, 165, 1495
1, 6491, 97365165, 97366025, 165, 1025
1, 6492, 97380165, 97381025, 165, 1025
1, 6493, 97395165, 97396025, 165, 1025
1, 6494, 97410165, 97411495, 165, 1495
1, 6495, 97425165, 97426025, 165, 1025
1, 6496, 97440165, 97443410, 165, 3410
1, 6497, 97455165, 97456025, 165, 1025
1, 6498, 97470165, 97471025, 165, 1025
1, 6499, 97485165, 97486025, 165, 1025
1, 65, 975165, 976025, 165, 1025
1, 650, 9750165, 9751025, 165, 1025
1, 6500, 97500165, 97502843, 165, 2843
1, 6501, 97515165, 97516025, 165, 1025
1, 6502, 97530165, 97531025, 165, 1025
1, 6503, 97545165, 97546025, 165, 1025
1, 6504, 97560165, 97561025, 165, 1025
1, 6505, 97575165, 97576025, 165, 1025
1, 6506, 97590165, 97591025, 165, 1025
1, 6507, 97605165, 97606025, 165, 1025
1, 6508, 97620165, 97621495, 165, 1495
1, 6509, 97635165, 97636025, 165, 1025
1, 651, 9765165, 9766025, 165, 1025
1, 6510, 97650165, 97653468, 165, 3468
1, 6511, 97665165, 97666025, 165, 1025
1, 6512, 97680165, 97682851, 165, 2851
1, 6513, 97695165, 97696025, 165, 1025
1, 6514, 97710165, 97711025, 165, 1025
1, 6515, 97725165, 97726724, 165, 1724
1, 6516, 97740165, 97741025, 165, 1025
1, 6517, 97755165, 97756025, 165, 1025
1, 6518, 97770165, 97771025, 165, 1025
1, 6519, 97785165, 97786025, 165, 1025
1, 652, 9780165, 9781495, 165, 1495
1, 6520, 97800165, 97801495, 165, 1495
1, 6521, 97815165, 97816025, 165, 1025
1, 6522, 97830165, 97831025, 165, 1025
1, 6523, 97845165, 97851552, 165, 6552
1, 6524, 97860165, 97862606, 165, 2606
1, 6525, 97875165, 97876025, 165, 1025
1, 6526, 97890165, 97891025, 165, 1025
1, 6527, 97905165, 97906025, 165, 1025
1, 6528, 97920165, 97922851, 165, 2851
1, 6529, 97935165, 97940040, 165, 5040
1, 653, 9795165, 9796025, 165, 1025
1, 6530, 97950165, 97951495, 165, 1495
1, 6531, 97965165, 97966025, 165, 1025
1, 6532, 97980165, 97981025, 165, 1025
1, 6533, 97995165, 97996025, 165, 1025
1, 6534, 98010165, 98011025, 165, 1025
1, 6535, 98025165, 98026025, 165, 1025
1, 6536, 98040165, 98041495, 165, 1495
1, 6537, 98055165, 98056025, 165, 1025
1, 6538, 98070165, 98072864, 165, 2864
1, 6539, 98085165, 98086025, 165, 1025
1, 654, 9810165, 9811025, 165, 1025
1, 6540, 98100165, 98102843, 165, 2843
1, 6541, 98115165, 98116025, 165, 1025
1, 6542, 98130165, 98131025, 165, 1025
1, 6543, 98145165, 98146025, 165, 1025
1, 6544, 98160165, 98161495, 165, 1495
1, 6545, 98175165, 98176724, 165, 1724
1, 6546, 98190165, 98191025, 165, 1025
1, 6547, 98205165, 98206025, 165, 1025
1, 6548, 98220165, 98221025, 165, 1025
1, 6549, 98235165, 98236025, 165, 1025
1, 655, 9825165, 9826025, 165, 1025
1, 6550, 98250165, 98251495, 165, 1495
1, 6551, 98265165, 98266025, 165, 1025
1, 6552, 98280165, 98282606, 165, 2606
1, 6553, 98295165, 98296025, 165, 1025
1, 6554, 98310165, 98311025, 165, 1025
1, 6555, 98325165, 98326025, 165, 1025
1, 6556, 98340165, 98341025, 165, 1025
1, 6557, 98355165, 98361183, 165, 6183
1, 6558, 98370165, 98371025, 165, 1025
1, 6559, 98385165, 98386025, 165, 1025
1, 656, 9840165, 9842829, 165, 2829
1, 6560, 98400165, 98402843, 165, 2843
1, 6561, 98415165, 98416025, 165, 1025
1, 6562, 98430165, 98431025, 165, 1025
1, 6563, 98445165, 98446025, 165, 1025
1, 6564, 98460165, 98462829, 165, 2829
1, 6565, 98475165, 98476025, 165, 1025
1, 6566, 98490165, 98492864, 165, 2864
1, 6567, 98505165, 98506025, 165, 1025
1, 6568, 98520165, 98521495, 165, 1495
1, 6569, 98535165, 98536025, 165, 1025
1, 657, 9855165, 9856025, 165, 1025
1, 6570, 98550165, 98551495, 165, 1495
1, 6571, 98565165, 98566724, 165, 1724
1, 6572, 98580165, 98581025, 165, 1025
1, 6573, 98595165, 98596025, 165, 1025
1, 6574, 98610165, 98611025, 165, 1025
1, 6575, 98625165, 98626025, 165, 1025
1, 6576, 98640165, 98641495, 165, 1495
1, 6577, 98655165, 98656025, 165, 1025
1, 6578, 98670165, 98671025, 165, 1025
1, 6579, 98685165, 98686025, 165, 1025
1, 658, 9870165, 9872606, 165, 2606
1, 6580, 98700165, 98702606, 165, 2606
1, 6581, 98715165, 98716025, 165, 1025
1, 6582, 98730165, 98731025, 165, 1025
1, 6583, 98745165, 98746025, 165, 1025
1, 6584, 98760165, 98761025, 165, 1025
1, 6585, 98775165, 98776025, 165, 1025
1, 6586, 98790165, 98791025, 165, 1025
1, 6587, 98805165, 98806025, 165, 1025
1, 6588, 98820165, 98821025, 165, 1025
1, 6589, 98835165, 98836025, 165, 1025
1, 659, 9885165, 9886025, 165, 1025
1, 6590, 98850165, 98851025, 165, 1025
1, 6591, 98865165, 98866025, 165, 1025
1, 6592, 98880165, 98883393, 165, 3393
1, 6593, 98895165, 98896025, 165, 1025
1, 6594, 98910165, 98912864, 165, 2864
1, 6595, 98925165, 98926025, 165, 1025
1, 6596, 98940165, 98941495, 165, 1495
1, 6597, 98955165, 98956025, 165, 1025
1, 6598, 98970165, 98971025, 165, 1025
1, 6599, 98985165, 98986025, 165, 1025
1, 66, 990165, 991025, 165, 1025
1, 660, 9900165, 9901495, 165, 1495
1, 6600, 99000165, 99001495, 165, 1495
1, 6601, 99015165, 99016025, 165, 1025
1, 6602, 99030165, 99031025, 165, 1025
1, 6603, 99045165, 99047737, 165, 2737
1, 6604, 99060165, 99061495, 165, 1495
1, 6605, 99075165, 99076025, 165, 1025
1, 6606, 99090165, 99091025, 165, 1025
1, 6607, 99105165, 99106025, 165, 1025
1, 6608, 99120165, 99124572, 165, 4572
1, 6609, 99135165, 99136025, 165, 1025
1, 661, 9915165, 9916025, 165, 1025
1, 6610, 99150165, 99151025, 165, 1025
1, 6611, 99165165, 99166025, 165, 1025
1, 6612, 99180165, 99181025, 165, 1025
1, 6613, 99195165, 99196724, 165, 1724
1, 6614, 99210165, 99211413, 165, 1413
1, 6615, 99225165, 99226724, 165, 1724
1, 6616, 99240165, 99241025, 165, 1025
1, 6617, 99255165, 99256025, 165, 1025
1, 6618, 99270165, 99271025, 165, 1025
1, 6619, 99285165, 99286025, 165, 1025
1, 662, 9930165, 9931025, 165, 1025
1, 6620, 99300165, 99303324, 165, 3324
1, 6621, 99315165, 99316025, 165, 1025
1, 6622, 99330165, 99332864, 165, 2864
1, 6623, 99345165, 99346025, 165, 1025
1, 6624, 99360165, 99361495, 165, 1495
1, 6625, 99375165, 99376025, 165, 1025
1, 6626, 99390165, 99391025, 165, 1025
1, 6627, 99405165, 99406025, 165, 1025
1, 6628, 99420165, 99421025, 165, 1025
1, 6629, 99435165, 99436025, 165, 1025
1, 663, 9945165, 9946724, 165, 1724
1, 6630, 99450165, 99451495, 165, 1495
1, 6631, 99465165, 99466025, 165, 1025
1, 6632, 99480165, 99481495, 165, 1495
1, 6633, 99495165, 99496025, 165, 1025
1, 6634, 99510165, 99511025, 165, 1025
1, 6635, 99525165, 99526025, 165, 1025
1, 6636, 99540165, 99542606, 165, 2606
1, 6637, 99555165, 99556025, 165, 1025
1, 6638, 99570165, 99571025, 165, 1025
1, 6639, 99585165, 99586025, 165, 1025
1, 664, 9960165, 9961495, 165, 1495
1, 6640, 99600165, 99602843, 165, 2843
1, 6641, 99615165, 99616025, 165, 1025
1, 6642, 99630165, 99631025, 165, 1025
1, 6643, 99645165, 99646025, 165, 1025
1, 6644, 99660165, 99661025, 165, 1025
1, 6645, 99675165, 99676025, 165, 1025
1, 6646, 99690165, 99691025, 165, 1025
1, 6647, 99705165, 99706025, 165, 1025
1, 6648, 99720165, 99722829, 165, 2829
1, 6649, 99735165, 99736025, 165, 1025
1, 665, 9975165, 9976724, 165, 1724
1, 6650, 99750165, 99753468, 165, 3468
1, 6651, 99765165, 99766025, 165, 1025
1, 6652, 99780165, 99781025, 165, 1025
1, 6653, 99795165, 99796025, 165, 1025
1, 6654, 99810165, 99811025, 165, 1025
1, 6655, 99825165, 99826724, 165, 1724
1, 6656, 99840165, 99841495, 165, 1495
1, 6657, 99855165, 99856025, 165, 1025
1, 6658, 99870165, 99871025, 165, 1025
1, 6659, 99885165, 99886763, 165, 1763
1, 666, 9990165, 9991025, 165, 1025
1, 6660, 99900165, 99902843, 165, 2843
1, 6661, 99915165, 99916025, 165, 1025
1, 6662, 99930165, 99931025, 165, 1025
1, 6663, 99945165, 99946025, 165, 1025
1, 6664, 99960165, 99962606, 165, 2606
1, 6665, 99975165, 99976025, 165, 1025
1, 6666, 99990165, 99991025, 165, 1025
1, 6667, 100005165, 100006025, 165, 1025
1, 6668, 100020165, 100021025, 165, 1025
1, 6669, 100035165, 100036025, 165, 1025
1, 667, 10005165, 10006025, 165, 1025
1, 6670, 100050165, 100051495, 165, 1495
1, 6671, 100065165, 100066025, 165, 1025
1, 6672, 100080165, 100081495, 165, 1495
1, 6673, 100095165, 100096025, 165, 1025
1, 6674, 100110165, 100111025, 165, 1025
1, 6675, 100125165, 100126025, 165, 1025
1, 6676, 100140165, 100142829, 165, 2829
1, 6677, 100155165, 100156025, 165, 1025
1, 6678, 100170165, 100172864, 165, 2864
1, 6679, 100185165, 100186025, 165, 1025
1, 668, 10020165, 10021025, 165, 1025
1, 6680, 100200165, 100201495, 165, 1495
1, 6681, 100215165, 100216025, 165, 1025
1, 6682, 100230165, 100231025, 165, 1025
1, 6683, 100245165, 100250086, 165, 5086
1, 6684, 100260165, 100261025, 165, 1025
1, 6685, 100275165, 100276025, 165, 1025
1, 6686, 100290165, 100291025, 165, 1025
1, 6687, 100305165, 100306025, 165, 1025
1, 6688, 100320165, 100323063, 165, 3063
1, 6689, 100335165, 100336025, 165, 1025
1, 669, 10035165, 10036025, 165, 1025
1, 6690, 100350165, 100351495, 165, 1495
1, 6691, 100365165, 100366025, 165, 1025
1, 6692, 100380165, 100383444, 165, 3444
1, 6693, 100395165, 100396025, 165, 1025
1, 6694, 100410165, 100411428, 165, 1428
1, 6695, 100425165, 100426025, 165, 1025
1, 6696, 100440165, 100441025, 165, 1025
1, 6697, 100455165, 100456025, 165, 1025
1, 6698, 100470165, 100471025, 165, 1025
1, 6699, 100485165, 100490945, 165, 5945
1, 67, 1005165, 1006025, 165, 1025
1, 670, 10050165, 10052834, 165, 2834
1, 6700, 100500165, 100502843, 165, 2843
1, 6701, 100515165, 100516025, 165, 1025
1, 6702, 100530165, 100531025, 165, 1025
1, 6703, 100545165, 100546025, 165, 1025
1, 6704, 100560165, 100563393, 165, 3393
1, 6705, 100575165, 100576025, 165, 1025
1, 6706, 100590165, 100592606, 165, 2606
1, 6707, 100605165, 100606025, 165, 1025
1, 6708, 100620165, 100621025, 165, 1025
1, 6709, 100635165, 100636025, 165, 1025
1, 671, 10065165, 10066025, 165, 1025
1, 6710, 100650165, 100651495, 165, 1495
1, 6711, 100665165, 100666025, 165, 1025
1, 6712, 100680165, 100681025, 165, 1025
1, 6713, 100695165, 100696025, 165, 1025
1, 6714, 100710165, 100711025, 165, 1025
1, 6715, 100725165, 100726724, 165, 1724
1, 6716, 100740165, 100741495, 165, 1495
1, 6717, 100755165, 100756025, 165, 1025
1, 6718, 100770165, 100771025, 165, 1025
1, 6719, 100785165, 100786025, 165, 1025
1, 672, 10080165, 10082606, 165, 2606
1, 6720, 100800165, 100802606, 165, 2606
1, 6721, 100815165, 100816025, 165, 1025
1, 6722, 100830165, 100831025, 165, 1025
1, 6723, 100845165, 100846025, 165, 1025
1, 6724, 100860165, 100861025, 165, 1025
1, 6725, 100875165, 100876724, 165, 1724
1, 6726, 100890165, 100891025, 165, 1025
1, 6727, 100905165, 100906025, 165, 1025
1, 6728, 100920165, 100921495, 165, 1495
1, 6729, 100935165, 100936025, 165, 1025
1, 673, 10095165, 10096025, 165, 1025
1, 6730, 100950165, 100951025, 165, 1025
1, 6731, 100965165, 100966025, 165, 1025
1, 6732, 100980165, 100982829, 165, 2829
1, 6733, 100995165, 100996025, 165, 1025
1, 6734, 101010165, 101013318, 165, 3318
1, 6735, 101025165, 101026025, 165, 1025
1, 6736, 101040165, 101041495, 165, 1495
1, 6737, 101055165, 101056025, 165, 1025
1, 6738, 101070165, 101071025, 165, 1025
1, 6739, 101085165, 101088969, 165, 3969
1, 674, 10110165, 10111025, 165, 1025
1, 6740, 101100165, 101102843, 165, 2843
1, 6741, 101115165, 101116025, 165, 1025
1, 6742, 101130165, 101131025, 165, 1025
1, 6743, 101145165, 101146025, 165, 1025
1, 6744, 101160165, 101161495, 165, 1495
1, 6745, 101175165, 101176025, 165, 1025
1, 6746, 101190165, 101191025, 165, 1025
1, 6747, 101205165, 101206025, 165, 1025
1, 6748, 101220165, 101223444, 165, 3444
1, 6749, 101235165, 101236025, 165, 1025
1, 675, 10125165, 10126724, 165, 1724
1, 6750, 101250165, 101251495, 165, 1495
1, 6751, 101265165, 101266025, 165, 1025
1, 6752, 101280165, 101281495, 165, 1495
1, 6753, 101295165, 101296025, 165, 1025
1, 6754, 101310165, 101311025, 165, 1025
1, 6755, 101325165, 101326724, 165, 1724
1, 6756, 101340165, 101341495, 165, 1495
1, 6757, 101355165, 101356025, 165, 1025
1, 6758, 101370165, 101371025, 165, 1025
1, 6759, 101385165, 101386025, 165, 1025
1, 676, 10140165, 10141495, 165, 1495
1, 6760, 101400165, 101402828, 165, 2828
1, 6761, 101415165, 101416025, 165, 1025
1, 6762, 101430165, 101432606, 165, 2606
1, 6763, 101445165, 101446025, 165, 1025
1, 6764, 101460165, 101461025, 165, 1025
1, 6765, 101475165, 101476025, 165, 1025
1, 6766, 101490165, 101491025, 165, 1025
1, 6767, 101505165, 101507136, 165, 2136
1, 6768, 101520165, 101522851, 165, 2851
1, 6769, 101535165, 101536025, 165, 1025
1, 677, 10155165, 10156025, 165, 1025
1, 6770, 101550165, 101551025, 165, 1025
1, 6771, 101565165, 101566025, 165, 1025
1, 6772, 101580165, 101581495, 165, 1495
1, 6773, 101595165, 101596025, 165, 1025
1, 6774, 101610165, 101611025, 165, 1025
1, 6775, 101625165, 101626025, 165, 1025
1, 6776, 101640165, 101643444, 165, 3444
1, 6777, 101655165, 101656025, 165, 1025
1, 6778, 101670165, 101671025, 165, 1025
1, 6779, 101685165, 101686025, 165, 1025
1, 678, 10170165, 10171025, 165, 1025
1, 6780, 101700165, 101701495, 165, 1495
1, 6781, 101715165, 101716025, 165, 1025
1, 6782, 101730165, 101731025, 165, 1025
1, 6783, 101745165, 101746025, 165, 1025
1, 6784, 101760165, 101762851, 165, 2851
1, 6785, 101775165, 101776025, 165, 1025
1, 6786, 101790165, 101791025, 165, 1025
1, 6787, 101805165, 101806025, 165, 1025
1, 6788, 101820165, 101821495, 165, 1495
1, 6789, 101835165, 101836025, 165, 1025
1, 679, 10185165, 10186025, 165, 1025
1, 6790, 101850165, 101853256, 165, 3256
1, 6791, 101865165, 101866025, 165, 1025
1, 6792, 101880165, 101881025, 165, 1025
1, 6793, 101895165, 101896025, 165, 1025
1, 6794, 101910165, 101911025, 165, 1025
1, 6795, 101925165, 101930924, 165, 5924
1, 6796, 101940165, 101941495, 165, 1495
1, 6797, 101955165, 101956025, 165, 1025
1, 6798, 101970165, 101971025, 165, 1025
1, 6799, 101985165, 101986025, 165, 1025
1, 68, 1020165, 1022829, 165, 2829
1, 680, 10200165, 10202843, 165, 2843
1, 6800, 102000165, 102003440, 165, 3440
1, 6801, 102015165, 102016025, 165, 1025
1, 6802, 102030165, 102031495, 165, 1495
1, 6803, 102045165, 102046025, 165, 1025
1, 6804, 102060165, 102063444, 165, 3444
1, 6805, 102075165, 102076025, 165, 1025
1, 6806, 102090165, 102091025, 165, 1025
1, 6807, 102105165, 102106025, 165, 1025
1, 6808, 102120165, 102121025, 165, 1025
1, 6809, 102135165, 102136025, 165, 1025
1, 681, 10215165, 10216025, 165, 1025
1, 6810, 102150165, 102151025, 165, 1025
1, 6811, 102165165, 102166025, 165, 1025
1, 6812, 102180165, 102181495, 165, 1495
1, 6813, 102195165, 102196025, 165, 1025
1, 6814, 102210165, 102211025, 165, 1025
1, 6815, 102225165, 102226025, 165, 1025
1, 6816, 102240165, 102242829, 165, 2829
1, 6817, 102255165, 102256025, 165, 1025
1, 6818, 102270165, 102272606, 165, 2606
1, 6819, 102285165, 102286025, 165, 1025
1, 682, 10230165, 10231025, 165, 1025
1, 6820, 102300165, 102301495, 165, 1495
1, 6821, 102315165, 102316025, 165, 1025
1, 6822, 102330165, 102331025, 165, 1025
1, 6823, 102345165, 102346025, 165, 1025
1, 6824, 102360165, 102361495, 165, 1495
1, 6825, 102375165, 102376025, 165, 1025
1, 6826, 102390165, 102391025, 165, 1025
1, 6827, 102405165, 102406025, 165, 1025
1, 6828, 102420165, 102421025, 165, 1025
1, 6829, 102435165, 102436025, 165, 1025
1, 683, 10245165, 10246025, 165, 1025
1, 6830, 102450165, 102452834, 165, 2834
1, 6831, 102465165, 102466025, 165, 1025
1, 6832, 102480165, 102482606, 165, 2606
1, 6833, 102495165, 102496025, 165, 1025
1, 6834, 102510165, 102511025, 165, 1025
1, 6835, 102525165, 102526025, 165, 1025
1, 6836, 102540165, 102541495, 165, 1495
1, 6837, 102555165, 102556025, 165, 1025
1, 6838, 102570165, 102571025, 165, 1025
1, 6839, 102585165, 102586025, 165, 1025
1, 684, 10260165, 10261495, 165, 1495
1, 6840, 102600165, 102602843, 165, 2843
1, 6841, 102615165, 102616025, 165, 1025
1, 6842, 102630165, 102631025, 165, 1025
1, 6843, 102645165, 102646025, 165, 1025
1, 6844, 102660165, 102661495, 165, 1495
1, 6845, 102675165, 102676025, 165, 1025
1, 6846, 102690165, 102692606, 165, 2606
1, 6847, 102705165, 102706025, 165, 1025
1, 6848, 102720165, 102721495, 165, 1495
1, 6849, 102735165, 102736025, 165, 1025
1, 685, 10275165, 10276025, 165, 1025
1, 6850, 102750165, 102751025, 165, 1025
1, 6851, 102765165, 102766724, 165, 1724
1, 6852, 102780165, 102781495, 165, 1495
1, 6853, 102795165, 102796025, 165, 1025
1, 6854, 102810165, 102811025, 165, 1025
1, 6855, 102825165, 102826025, 165, 1025
1, 6856, 102840165, 102841025, 165, 1025
1, 6857, 102855165, 102856025, 165, 1025
1, 6858, 102870165, 102871495, 165, 1495
1, 6859, 102885165, 102886025, 165, 1025
1, 686, 10290165, 10292606, 165, 2606
1, 6860, 102900165, 102903468, 165, 3468
1, 6861, 102915165, 102916025, 165, 1025
1, 6862, 102930165, 102931025, 165, 1025
1, 6863, 102945165, 102946291, 165, 1291
1, 6864, 102960165, 102962851, 165, 2851
1, 6865, 102975165, 102976294, 165, 1294
1, 6866, 102990165, 102991025, 165, 1025
1, 6867, 103005165, 103006025, 165, 1025
1, 6868, 103020165, 103021495, 165, 1495
1, 6869, 103035165, 103036025, 165, 1025
1, 687, 10305165, 10306724, 165, 1724
1, 6870, 103050165, 103051495, 165, 1495
1, 6871, 103065165, 103066025, 165, 1025
1, 6872, 103080165, 103081495, 165, 1495
1, 6873, 103095165, 103096025, 165, 1025
1, 6874, 103110165, 103112606, 165, 2606
1, 6875, 103125165, 103127127, 165, 2127
1, 6876, 103140165, 103141495, 165, 1495
1, 6877, 103155165, 103156025, 165, 1025
1, 6878, 103170165, 103171025, 165, 1025
1, 6879, 103185165, 103186025, 165, 1025
1, 688, 10320165, 10322851, 165, 2851
1, 6880, 103200165, 103203440, 165, 3440
1, 6881, 103215165, 103216025, 165, 1025
1, 6882, 103230165, 103231025, 165, 1025
1, 6883, 103245165, 103246025, 165, 1025
1, 6884, 103260165, 103261025, 165, 1025
1, 6885, 103275165, 103276025, 165, 1025
1, 6886, 103290165, 103292068, 165, 2068
1, 6887, 103305165, 103306025, 165, 1025
1, 6888, 103320165, 103323444, 165, 3444
1, 6889, 103335165, 103336025, 165, 1025
1, 689, 10335165, 10336025, 165, 1025
1, 6890, 103350165, 103351025, 165, 1025
1, 6891, 103365165, 103366025, 165, 1025
1, 6892, 103380165, 103381495, 165, 1495
1, 6893, 103395165, 103396025, 165, 1025
1, 6894, 103410165, 103411025, 165, 1025
1, 6895, 103425165, 103426025, 165, 1025
1, 6896, 103440165, 103441495, 165, 1495
1, 6897, 103455165, 103456025, 165, 1025
1, 6898, 103470165, 103471373, 165, 1373
1, 6899, 103485165, 103486025, 165, 1025
1, 69, 1035165, 1036025, 165, 1025
1, 690, 10350165, 10351025, 165, 1025
1, 6900, 103500165, 103502828, 165, 2828
1, 6901, 103515165, 103516025, 165, 1025
1, 6902, 103530165, 103532606, 165, 2606
1, 6903, 103545165, 103546025, 165, 1025
1, 6904, 103560165, 103561457, 165, 1457
1, 6905, 103575165, 103576025, 165, 1025
1, 6906, 103590165, 103591025, 165, 1025
1, 6907, 103605165, 103608348, 165, 3348
1, 6908, 103620165, 103621495, 165, 1495
1, 6909, 103635165, 103636025, 165, 1025
1, 691, 10365165, 10366025, 165, 1025
1, 6910, 103650165, 103651025, 165, 1025
1, 6911, 103665165, 103666025, 165, 1025
1, 6912, 103680165, 103681495, 165, 1495
1, 6913, 103695165, 103696025, 165, 1025
1, 6914, 103710165, 103711495, 165, 1495
1, 6915, 103725165, 103726025, 165, 1025
1, 6916, 103740165, 103743444, 165, 3444
1, 6917, 103755165, 103756025, 165, 1025
1, 6918, 103770165, 103771025, 165, 1025
1, 6919, 103785165, 103786025, 165, 1025
1, 692, 10380165, 10381495, 165, 1495
1, 6920, 103800165, 103802843, 165, 2843
1, 6921, 103815165, 103816025, 165, 1025
1, 6922, 103830165, 103831025, 165, 1025
1, 6923, 103845165, 103846025, 165, 1025
1, 6924, 103860165, 103861025, 165, 1025
1, 6925, 103875165, 103876025, 165, 1025
1, 6926, 103890165, 103891495, 165, 1495
1, 6927, 103905165, 103906025, 165, 1025
1, 6928, 103920165, 103922829, 165, 2829
1, 6929, 103935165, 103936025, 165, 1025
1, 693, 10395165, 10396025, 165, 1025
1, 6930, 103950165, 103953468, 165, 3468
1, 6931, 103965165, 103966025, 165, 1025
1, 6932, 103980165, 103981495, 165, 1495
1, 6933, 103995165, 103996025, 165, 1025
1, 6934, 104010165, 104011025, 165, 1025
1, 6935, 104025165, 104026724, 165, 1724
1, 6936, 104040165, 104041495, 165, 1495
1, 6937, 104055165, 104056025, 165, 1025
1, 6938, 104070165, 104071025, 165, 1025
1, 6939, 104085165, 104086025, 165, 1025
1, 694, 10410165, 10411025, 165, 1025
1, 6940, 104100165, 104101495, 165, 1495
1, 6941, 104115165, 104116025, 165, 1025
1, 6942, 104130165, 104131495, 165, 1495
1, 6943, 104145165, 104146025, 165, 1025
1, 6944, 104160165, 104162606, 165, 2606
1, 6945, 104175165, 104176025, 165, 1025
1, 6946, 104190165, 104191025, 165, 1025
1, 6947, 104205165, 104206025, 165, 1025
1, 6948, 104220165, 104221495, 165, 1495
1, 6949, 104235165, 104236025, 165, 1025
1, 695, 10425165, 10426025, 165, 1025
1, 6950, 104250165, 104251025, 165, 1025
1, 6951, 104265165, 104266025, 165, 1025
1, 6952, 104280165, 104281025, 165, 1025
1, 6953, 104295165, 104296025, 165, 1025
1, 6954, 104310165, 104311025, 165, 1025
1, 6955, 104325165, 104326724, 165, 1724
1, 6956, 104340165, 104341495, 165, 1495
1, 6957, 104355165, 104356025, 165, 1025
1, 6958, 104370165, 104372864, 165, 2864
1, 6959, 104385165, 104386025, 165, 1025
1, 696, 10440165, 10441025, 165, 1025
1, 6960, 104400165, 104403440, 165, 3440
1, 6961, 104415165, 104416025, 165, 1025
1, 6962, 104430165, 104431025, 165, 1025
1, 6963, 104445165, 104446025, 165, 1025
1, 6964, 104460165, 104461025, 165, 1025
1, 6965, 104475165, 104476724, 165, 1724
1, 6966, 104490165, 104491495, 165, 1495
1, 6967, 104505165, 104506025, 165, 1025
1, 6968, 104520165, 104521025, 165, 1025
1, 6969, 104535165, 104536025, 165, 1025
1, 697, 10455165, 10456025, 165, 1025
1, 6970, 104550165, 104552834, 165, 2834
1, 6971, 104565165, 104568107, 165, 3107
1, 6972, 104580165, 104582606, 165, 2606
1, 6973, 104595165, 104596025, 165, 1025
1, 6974, 104610165, 104611025, 165, 1025
1, 6975, 104625165, 104626025, 165, 1025
1, 6976, 104640165, 104642851, 165, 2851
1, 6977, 104655165, 104659885, 165, 4885
1, 6978, 104670165, 104671025, 165, 1025
1, 6979, 104685165, 104686025, 165, 1025
1, 698, 10470165, 10471495, 165, 1495
1, 6980, 104700165, 104701495, 165, 1495
1, 6981, 104715165, 104716025, 165, 1025
1, 6982, 104730165, 104731025, 165, 1025
1, 6983, 104745165, 104746025, 165, 1025
1, 6984, 104760165, 104761495, 165, 1495
1, 6985, 104775165, 104776025, 165, 1025
1, 6986, 104790165, 104792864, 165, 2864
1, 6987, 104805165, 104806025, 165, 1025
1, 6988, 104820165, 104821495, 165, 1495
1, 6989, 104835165, 104836025, 165, 1025
1, 699, 10485165, 10486025, 165, 1025
1, 6990, 104850165, 104851025, 165, 1025
1, 6991, 104865165, 104866025, 165, 1025
1, 6992, 104880165, 104881495, 165, 1495
1, 6993, 104895165, 104896025, 165, 1025
1, 6994, 104910165, 104911025, 165, 1025
1, 6995, 104925165, 104926025, 165, 1025
1, 6996, 104940165, 104941025, 165, 1025
1, 6997, 104955165, 104956025, 165, 1025
1, 6998, 104970165, 104971025, 165, 1025
1, 6999, 104985165, 104986763, 165, 1763
1, 7, 105165, 106025, 165, 1025
1, 70, 1050165, 1053468, 165, 3468
1, 700, 10500165, 10503468, 165, 3468
1, 7000, 105000165, 105002606, 165, 2606
1, 7001, 105015165, 105016025, 165, 1025
1, 7002, 105030165, 105031025, 165, 1025
1, 7003, 105045165, 105046025, 165, 1025
1, 7004, 105060165, 105061495, 165, 1495
1, 7005, 105075165, 105076724, 165, 1724
1, 7006, 105090165, 105091025, 165, 1025
1, 7007, 105105165, 105106025, 165, 1025
1, 7008, 105120165, 105121495, 165, 1495
1, 7009, 105135165, 105136025, 165, 1025
1, 701, 10515165, 10516025, 165, 1025
1, 7010, 105150165, 105151495, 165, 1495
1, 7011, 105165165, 105166025, 165, 1025
1, 7012, 105180165, 105181495, 165, 1495
1, 7013, 105195165, 105196025, 165, 1025
1, 7014, 105210165, 105212864, 165, 2864
1, 7015, 105225165, 105226025, 165, 1025
1, 7016, 105240165, 105241495, 165, 1495
1, 7017, 105255165, 105256025, 165, 1025
1, 7018, 105270165, 105271025, 165, 1025
1, 7019, 105285165, 105286724, 165, 1724
1, 702, 10530165, 10531025, 165, 1025
1, 7020, 105300165, 105301495, 165, 1495
1, 7021, 105315165, 105316025, 165, 1025
1, 7022, 105330165, 105331025, 165, 1025
1, 7023, 105345165, 105346025, 165, 1025
1, 7024, 105360165, 105361495, 165, 1495
1, 7025, 105375165, 105376025, 165, 1025
1, 7026, 105390165, 105391025, 165, 1025
1, 7027, 105405165, 105406025, 165, 1025
1, 7028, 105420165, 105422606, 165, 2606
1, 7029, 105435165, 105436025, 165, 1025
1, 703, 10545165, 10546025, 165, 1025
1, 7030, 105450165, 105451025, 165, 1025
1, 7031, 105465165, 105466025, 165, 1025
1, 7032, 105480165, 105481025, 165, 1025
1, 7033, 105495165, 105501183, 165, 6183
1, 7034, 105510165, 105511025, 165, 1025
1, 7035, 105525165, 105526724, 165, 1724
1, 7036, 105540165, 105541025, 165, 1025
1, 7037, 105555165, 105556025, 165, 1025
1, 7038, 105570165, 105571025, 165, 1025
1, 7039, 105585165, 105586025, 165, 1025
1, 704, 10560165, 10562851, 165, 2851
1, 7040, 105600165, 105603440, 165, 3440
1, 7041, 105615165, 105616025, 165, 1025
1, 7042, 105630165, 105632864, 165, 2864
1, 7043, 105645165, 105646025, 165, 1025
1, 7044, 105660165, 105661495, 165, 1495
1, 7045, 105675165, 105676025, 165, 1025
1, 7046, 105690165, 105691025, 165, 1025
1, 7047, 105705165, 105706025, 165, 1025
1, 7048, 105720165, 105721025, 165, 1025
1, 7049, 105735165, 105736025, 165, 1025
1, 705, 10575165, 10576656, 165, 1656
1, 7050, 105750165, 105751495, 165, 1495
1, 7051, 105765165, 105766025, 165, 1025
1, 7052, 105780165, 105781025, 165, 1025
1, 7053, 105795165, 105796025, 165, 1025
1, 7054, 105810165, 105811025, 165, 1025
1, 7055, 105825165, 105826025, 165, 1025
1, 7056, 105840165, 105844572, 165, 4572
1, 7057, 105855165, 105856025, 165, 1025
1, 7058, 105870165, 105871025, 165, 1025
1, 7059, 105885165, 105886025, 165, 1025
1, 706, 10590165, 10591025, 165, 1025
1, 7060, 105900165, 105901495, 165, 1495
1, 7061, 105915165, 105916025, 165, 1025
1, 7062, 105930165, 105931495, 165, 1495
1, 7063, 105945165, 105946025, 165, 1025
1, 7064, 105960165, 105961025, 165, 1025
1, 7065, 105975165, 105976025, 165, 1025
1, 7066, 105990165, 105991025, 165, 1025
1, 7067, 106005165, 106011556, 165, 6556
1, 7068, 106020165, 106022829, 165, 2829
1, 7069, 106035165, 106036025, 165, 1025
1, 707, 10605165, 10606025, 165, 1025
1, 7070, 106050165, 106053468, 165, 3468
1, 7071, 106065165, 106066025, 165, 1025
1, 7072, 106080165, 106082851, 165, 2851
1, 7073, 106095165, 106096025, 165, 1025
1, 7074, 106110165, 106111025, 165, 1025
1, 7075, 106125165, 106126724, 165, 1724
1, 7076, 106140165, 106141025, 165, 1025
1, 7077, 106155165, 106156025, 165, 1025
1, 7078, 106170165, 106171025, 165, 1025
1, 7079, 106185165, 106186025, 165, 1025
1, 708, 10620165, 10621025, 165, 1025
1, 7080, 106200165, 106201495, 165, 1495
1, 7081, 106215165, 106216025, 165, 1025
1, 7082, 106230165, 106231025, 165, 1025
1, 7083, 106245165, 106246025, 165, 1025
1, 7084, 106260165, 106262606, 165, 2606
1, 7085, 106275165, 106276025, 165, 1025
1, 7086, 106290165, 106291025, 165, 1025
1, 7087, 106305165, 106306025, 165, 1025
1, 7088, 106320165, 106321495, 165, 1495
1, 7089, 106335165, 106336724, 165, 1724
1, 709, 10635165, 10636025, 165, 1025
1, 7090, 106350165, 106351495, 165, 1495
1, 7091, 106365165, 106366025, 165, 1025
1, 7092, 106380165, 106381025, 165, 1025
1, 7093, 106395165, 106396025, 165, 1025
1, 7094, 106410165, 106411025, 165, 1025
1, 7095, 106425165, 106426025, 165, 1025
1, 7096, 106440165, 106442829, 165, 2829
1, 7097, 106455165, 106456025, 165, 1025
1, 7098, 106470165, 106472864, 165, 2864
1, 7099, 106485165, 106486025, 165, 1025
1, 71, 1065165, 1066025, 165, 1025
1, 710, 10650165, 10653269, 165, 3269
1, 7100, 106500165, 106501495, 165, 1495
1, 7101, 106515165, 106516025, 165, 1025
1, 7102, 106530165, 106531025, 165, 1025
1, 7103, 106545165, 106546025, 165, 1025
1, 7104, 106560165, 106561495, 165, 1495
1, 7105, 106575165, 106576025, 165, 1025
1, 7106, 106590165, 106591025, 165, 1025
1, 7107, 106605165, 106606266, 165, 1266
1, 7108, 106620165, 106621495, 165, 1495
1, 7109, 106635165, 106636025, 165, 1025
1, 711, 10665165, 10666025, 165, 1025
1, 7110, 106650165, 106651495, 165, 1495
1, 7111, 106665165, 106666025, 165, 1025
1, 7112, 106680165, 106682606, 165, 2606
1, 7113, 106695165, 106696025, 165, 1025
1, 7114, 106710165, 106711025, 165, 1025
1, 7115, 106725165, 106726025, 165, 1025
1, 7116, 106740165, 106741025, 165, 1025
1, 7117, 106755165, 106756025, 165, 1025
1, 7118, 106770165, 106771025, 165, 1025
1, 7119, 106785165, 106786025, 165, 1025
1, 712, 10680165, 10681495, 165, 1495
1, 7120, 106800165, 106802843, 165, 2843
1, 7121, 106815165, 106816025, 165, 1025
1, 7122, 106830165, 106831025, 165, 1025
1, 7123, 106845165, 106846025, 165, 1025
1, 7124, 106860165, 106862829, 165, 2829
1, 7125, 106875165, 106876025, 165, 1025
1, 7126, 106890165, 106892864, 165, 2864
1, 7127, 106905165, 106906025, 165, 1025
1, 7128, 106920165, 106921025, 165, 1025
1, 7129, 106935165, 106936025, 165, 1025
1, 713, 10695165, 10696025, 165, 1025
1, 7130, 106950165, 106951495, 165, 1495
1, 7131, 106965165, 106968803, 165, 3803
1, 7132, 106980165, 106981025, 165, 1025
1, 7133, 106995165, 106996025, 165, 1025
1, 7134, 107010165, 107011025, 165, 1025
1, 7135, 107025165, 107026025, 165, 1025
1, 7136, 107040165, 107042851, 165, 2851
1, 7137, 107055165, 107056025, 165, 1025
1, 7138, 107070165, 107071025, 165, 1025
1, 7139, 107085165, 107086025, 165, 1025
1, 714, 10710165, 10712606, 165, 2606
1, 7140, 107100165, 107102606, 165, 2606
1, 7141, 107115165, 107116025, 165, 1025
1, 7142, 107130165, 107131025, 165, 1025
1, 7143, 107145165, 107146025, 165, 1025
1, 7144, 107160165, 107161025, 165, 1025
1, 7145, 107175165, 107176724, 165, 1724
1, 7146, 107190165, 107191025, 165, 1025
1, 7147, 107205165, 107206724, 165, 1724
1, 7148, 107220165, 107221495, 165, 1495
1, 7149, 107235165, 107236025, 165, 1025
1, 715, 10725165, 10726724, 165, 1724
1, 7150, 107250165, 107251025, 165, 1025
1, 7151, 107265165, 107266025, 165, 1025
1, 7152, 107280165, 107282581, 165, 2581
1, 7153, 107295165, 107296025, 165, 1025
1, 7154, 107310165, 107312864, 165, 2864
1, 7155, 107325165, 107326025, 165, 1025
1, 7156, 107340165, 107341025, 165, 1025
1, 7157, 107355165, 107356025, 165, 1025
1, 7158, 107370165, 107371413, 165, 1413
1, 7159, 107385165, 107386025, 165, 1025
1, 716, 10740165, 10741495, 165, 1495
1, 7160, 107400165, 107401495, 165, 1495
1, 7161, 107415165, 107416025, 165, 1025
1, 7162, 107430165, 107431025, 165, 1025
1, 7163, 107445165, 107446025, 165, 1025
1, 7164, 107460165, 107461495, 165, 1495
1, 7165, 107475165, 107476025, 165, 1025
1, 7166, 107490165, 107491025, 165, 1025
1, 7167, 107505165, 107506025, 165, 1025
1, 7168, 107520165, 107522606, 165, 2606
1, 7169, 107535165, 107536025, 165, 1025
1, 717, 10755165, 10756025, 165, 1025
1, 7170, 107550165, 107551495, 165, 1495
1, 7171, 107565165, 107566025, 165, 1025
1, 7172, 107580165, 107581025, 165, 1025
1, 7173, 107595165, 107596025, 165, 1025
1, 7174, 107610165, 107611025, 165, 1025
1, 7175, 107625165, 107626724, 165, 1724
1, 7176, 107640165, 107641495, 165, 1495
1, 7177, 107655165, 107656025, 165, 1025
1, 7178, 107670165, 107671025, 165, 1025
1, 7179, 107685165, 107686025, 165, 1025
1, 718, 10770165, 10771025, 165, 1025
1, 7180, 107700165, 107703324, 165, 3324
1, 7181, 107715165, 107716025, 165, 1025
1, 7182, 107730165, 107732864, 165, 2864
1, 7183, 107745165, 107746025, 165, 1025
1, 7184, 107760165, 107761495, 165, 1495
1, 7185, 107775165, 107776025, 165, 1025
1, 7186, 107790165, 107791025, 165, 1025
1, 7187, 107805165, 107807136, 165, 2136
1, 7188, 107820165, 107821025, 165, 1025
1, 7189, 107835165, 107836025, 165, 1025
1, 719, 10785165, 10786025, 165, 1025
1, 7190, 107850165, 107851025, 165, 1025
1, 7191, 107865165, 107866025, 165, 1025
1, 7192, 107880165, 107881495, 165, 1495
1, 7193, 107895165, 107896025, 165, 1025
1, 7194, 107910165, 107911025, 165, 1025
1, 7195, 107925165, 107926025, 165, 1025
1, 7196, 107940165, 107943444, 165, 3444
1, 7197, 107955165, 107956025, 165, 1025
1, 7198, 107970165, 107971025, 165, 1025
1, 7199, 107985165, 107986025, 165, 1025
1, 72, 1080165, 1081025, 165, 1025
1, 720, 10800165, 10803440, 165, 3440
1, 7200, 108000165, 108002843, 165, 2843
1, 7201, 108015165, 108016025, 165, 1025
1, 7202, 108030165, 108031025, 165, 1025
1, 7203, 108045165, 108046025, 165, 1025
1, 7204, 108060165, 108061495, 165, 1495
1, 7205, 108075165, 108076025, 165, 1025
1, 7206, 108090165, 108091025, 165, 1025
1, 7207, 108105165, 108106025, 165, 1025
1, 7208, 108120165, 108122829, 165, 2829
1, 7209, 108135165, 108136025, 165, 1025
1, 721, 10815165, 10816025, 165, 1025
1, 7210, 108150165, 108153468, 165, 3468
1, 7211, 108165165, 108166025, 165, 1025
1, 7212, 108180165, 108181025, 165, 1025
1, 7213, 108195165, 108196025, 165, 1025
1, 7214, 108210165, 108211025, 165, 1025
1, 7215, 108225165, 108226724, 165, 1724
1, 7216, 108240165, 108241495, 165, 1495
1, 7217, 108255165, 108256025, 165, 1025
1, 7218, 108270165, 108271025, 165, 1025
1, 7219, 108285165, 108286025, 165, 1025
1, 722, 10830165, 10831025, 165, 1025
1, 7220, 108300165, 108302843, 165, 2843
1, 7221, 108315165, 108316025, 165, 1025
1, 7222, 108330165, 108331025, 165, 1025
1, 7223, 108345165, 108346025, 165, 1025
1, 7224, 108360165, 108363444, 165, 3444
1, 7225, 108375165, 108376025, 165, 1025
1, 7226, 108390165, 108391025, 165, 1025
1, 7227, 108405165, 108406724, 165, 1724
1, 7228, 108420165, 108421025, 165, 1025
1, 7229, 108435165, 108436025, 165, 1025
1, 723, 10845165, 10846025, 165, 1025
1, 7230, 108450165, 108451025, 165, 1025
1, 7231, 108465165, 108466025, 165, 1025
1, 7232, 108480165, 108482851, 165, 2851
1, 7233, 108495165, 108496025, 165, 1025
1, 7234, 108510165, 108511025, 165, 1025
1, 7235, 108525165, 108526025, 165, 1025
1, 7236, 108540165, 108541495, 165, 1495
1, 7237, 108555165, 108556025, 165, 1025
1, 7238, 108570165, 108572606, 165, 2606
1, 7239, 108585165, 108586025, 165, 1025
1, 724, 10860165, 10861025, 165, 1025
1, 7240, 108600165, 108601495, 165, 1495
1, 7241, 108615165, 108616025, 165, 1025
1, 7242, 108630165, 108631025, 165, 1025
1, 7243, 108645165, 108650086, 165, 5086
1, 7244, 108660165, 108661495, 165, 1495
1, 7245, 108675165, 108676025, 165, 1025
1, 7246, 108690165, 108691025, 165, 1025
1, 7247, 108705165, 108706025, 165, 1025
1, 7248, 108720165, 108722851, 165, 2851
1, 7249, 108735165, 108736025, 165, 1025
1, 725, 10875165, 10876025, 165, 1025
1, 7250, 108750165, 108752170, 165, 2170
1, 7251, 108765165, 108766025, 165, 1025
1, 7252, 108780165, 108783444, 165, 3444
1, 7253, 108795165, 108796025, 165, 1025
1, 7254, 108810165, 108811025, 165, 1025
1, 7255, 108825165, 108826025, 165, 1025
1, 7256, 108840165, 108841025, 165, 1025
1, 7257, 108855165, 108856025, 165, 1025
1, 7258, 108870165, 108871025, 165, 1025
1, 7259, 108885165, 108886724, 165, 1724
1, 726, 10890165, 10891495, 165, 1495
1, 7260, 108900165, 108902843, 165, 2843
1, 7261, 108915165, 108916025, 165, 1025
1, 7262, 108930165, 108931025, 165, 1025
1, 7263, 108945165, 108946025, 165, 1025
1, 7264, 108960165, 108962829, 165, 2829
1, 7265, 108975165, 108976025, 165, 1025
1, 7266, 108990165, 108992606, 165, 2606
1, 7267, 109005165, 109006025, 165, 1025
1, 7268, 109020165, 109021025, 165, 1025
1, 7269, 109035165, 109036025, 165, 1025
1, 727, 10905165, 10906025, 165, 1025
1, 7270, 109050165, 109051025, 165, 1025
1, 7271, 109065165, 109071183, 165, 6183
1, 7272, 109080165, 109081495, 165, 1495
1, 7273, 109095165, 109096025, 165, 1025
1, 7274, 109110165, 109111025, 165, 1025
1, 7275, 109125165, 109126025, 165, 1025
1, 7276, 109140165, 109141495, 165, 1495
1, 7277, 109155165, 109156025, 165, 1025
1, 7278, 109170165, 109171495, 165, 1495
1, 7279, 109185165, 109186025, 165, 1025
1, 728, 10920165, 10923444, 165, 3444
1, 7280, 109200165, 109202606, 165, 2606
1, 7281, 109215165, 109216025, 165, 1025
1, 7282, 109230165, 109231025, 165, 1025
1, 7283, 109245165, 109246025, 165, 1025
1, 7284, 109260165, 109261495, 165, 1495
1, 7285, 109275165, 109276724, 165, 1724
1, 7286, 109290165, 109291025, 165, 1025
1, 7287, 109305165, 109306025, 165, 1025
1, 7288, 109320165, 109321495, 165, 1495
1, 7289, 109335165, 109336025, 165, 1025
1, 729, 10935165, 10936025, 165, 1025
1, 7290, 109350165, 109351025, 165, 1025
1, 7291, 109365165, 109366025, 165, 1025
1, 7292, 109380165, 109381495, 165, 1495
1, 7293, 109395165, 109396025, 165, 1025
1, 7294, 109410165, 109412606, 165, 2606
1, 7295, 109425165, 109426400, 165, 1400
1, 7296, 109440165, 109441495, 165, 1495
1, 7297, 109455165, 109456025, 165, 1025
1, 7298, 109470165, 109471025, 165, 1025
1, 7299, 109485165, 109486025, 165, 1025
1, 73, 1095165, 1096025, 165, 1025
1, 730, 10950165, 10951025, 165, 1025
1, 7300, 109500165, 109502843, 165, 2843
1, 7301, 109515165, 109516025, 165, 1025
1, 7302, 109530165, 109531025, 165, 1025
1, 7303, 109545165, 109546025, 165, 1025
1, 7304, 109560165, 109561025, 165, 1025
1, 7305, 109575165, 109576025, 165, 1025
1, 7306, 109590165, 109591495, 165, 1495
1, 7307, 109605165, 109606025, 165, 1025
1, 7308, 109620165, 109623444, 165, 3444
1, 7309, 109635165, 109636025, 165, 1025
1, 731, 10965165, 10966025, 165, 1025
1, 7310, 109650165, 109651495, 165, 1495
1, 7311, 109665165, 109666025, 165, 1025
1, 7312, 109680165, 109682851, 165, 2851
1, 7313, 109695165, 109696025, 165, 1025
1, 7314, 109710165, 109711025, 165, 1025
1, 7315, 109725165, 109726025, 165, 1025
1, 7316, 109740165, 109741495, 165, 1495
1, 7317, 109755165, 109756025, 165, 1025
1, 7318, 109770165, 109771025, 165, 1025
1, 7319, 109785165, 109786025, 165, 1025
1, 732, 10980165, 10981495, 165, 1495
1, 7320, 109800165, 109802828, 165, 2828
1, 7321, 109815165, 109816025, 165, 1025
1, 7322, 109830165, 109832606, 165, 2606
1, 7323, 109845165, 109846724, 165, 1724
1, 7324, 109860165, 109861495, 165, 1495
1, 7325, 109875165, 109876025, 165, 1025
1, 7326, 109890165, 109891025, 165, 1025
1, 7327, 109905165, 109906724, 165, 1724
1, 7328, 109920165, 109922851, 165, 2851
1, 7329, 109935165, 109936025, 165, 1025
1, 733, 10995165, 10996025, 165, 1025
1, 7330, 109950165, 109951025, 165, 1025
1, 7331, 109965165, 109966025, 165, 1025
1, 7332, 109980165, 109981025, 165, 1025
1, 7333, 109995165, 109996025, 165, 1025
1, 7334, 110010165, 110012194, 165, 2194
1, 7335, 110025165, 110026025, 165, 1025
1, 7336, 110040165, 110043444, 165, 3444
1, 7337, 110055165, 110056025, 165, 1025
1, 7338, 110070165, 110071025, 165, 1025
1, 7339, 110085165, 110089506, 165, 4506
1, 734, 11010165, 11011025, 165, 1025
1, 7340, 110100165, 110102843, 165, 2843
1, 7341, 110115165, 110116025, 165, 1025
1, 7342, 110130165, 110131025, 165, 1025
1, 7343, 110145165, 110146025, 165, 1025
1, 7344, 110160165, 110162851, 165, 2851
1, 7345, 110175165, 110176025, 165, 1025
1, 7346, 110190165, 110191025, 165, 1025
1, 7347, 110205165, 110206025, 165, 1025
1, 7348, 110220165, 110221495, 165, 1495
1, 7349, 110235165, 110236025, 165, 1025
1, 735, 11025165, 11026025, 165, 1025
1, 7350, 110250165, 110252606, 165, 2606
1, 7351, 110265165, 110266025, 165, 1025
1, 7352, 110280165, 110281495, 165, 1495
1, 7353, 110295165, 110296025, 165, 1025
1, 7354, 110310165, 110311025, 165, 1025
1, 7355, 110325165, 110327127, 165, 2127
1, 7356, 110340165, 110341495, 165, 1495
1, 7357, 110355165, 110356025, 165, 1025
1, 7358, 110370165, 110371025, 165, 1025
1, 7359, 110385165, 110386025, 165, 1025
1, 736, 11040165, 11041495, 165, 1495
1, 7360, 110400165, 110402843, 165, 2843
1, 7361, 110415165, 110416025, 165, 1025
1, 7362, 110430165, 110432451, 165, 2451
1, 7363, 110445165, 110446025, 165, 1025
1, 7364, 110460165, 110463444, 165, 3444
1, 7365, 110475165, 110476025, 165, 1025
1, 7366, 110490165, 110491025, 165, 1025
1, 7367, 110505165, 110506025, 165, 1025
1, 7368, 110520165, 110521495, 165, 1495
1, 7369, 110535165, 110536025, 165, 1025
1, 737, 11055165, 11056025, 165, 1025
1, 7370, 110550165, 110551025, 165, 1025
1, 7371, 110565165, 110566025, 165, 1025
1, 7372, 110580165, 110581025, 165, 1025
1, 7373, 110595165, 110596025, 165, 1025
1, 7374, 110610165, 110611025, 165, 1025
1, 7375, 110625165, 110626025, 165, 1025
1, 7376, 110640165, 110642829, 165, 2829
1, 7377, 110655165, 110656025, 165, 1025
1, 7378, 110670165, 110672606, 165, 2606
1, 7379, 110685165, 110686025, 165, 1025
1, 738, 11070165, 11072097, 165, 2097
1, 7380, 110700165, 110701495, 165, 1495
1, 7381, 110715165, 110716025, 165, 1025
1, 7382, 110730165, 110731025, 165, 1025
1, 7383, 110745165, 110746025, 165, 1025
1, 7384, 110760165, 110761495, 165, 1495
1, 7385, 110775165, 110776724, 165, 1724
1, 7386, 110790165, 110791025, 165, 1025
1, 7387, 110805165, 110806025, 165, 1025
1, 7388, 110820165, 110821025, 165, 1025
1, 7389, 110835165, 110836025, 165, 1025
1, 739, 11085165, 11086025, 165, 1025
1, 7390, 110850165, 110852834, 165, 2834
1, 7391, 110865165, 110866025, 165, 1025
1, 7392, 110880165, 110882606, 165, 2606
1, 7393, 110895165, 110896025, 165, 1025
1, 7394, 110910165, 110911025, 165, 1025
1, 7395, 110925165, 110926025, 165, 1025
1, 7396, 110940165, 110941495, 165, 1495
1, 7397, 110955165, 110956025, 165, 1025
1, 7398, 110970165, 110971025, 165, 1025
1, 7399, 110985165, 110986025, 165, 1025
1, 74, 1110165, 1111025, 165, 1025
1, 740, 11100165, 11102828, 165, 2828
1, 7400, 111000165, 111001495, 165, 1495
1, 7401, 111015165, 111016025, 165, 1025
1, 7402, 111030165, 111032097, 165, 2097
1, 7403, 111045165, 111046025, 165, 1025
1, 7404, 111060165, 111061495, 165, 1495
1, 7405, 111075165, 111076025, 165, 1025
1, 7406, 111090165, 111092864, 165, 2864
1, 7407, 111105165, 111106025, 165, 1025
1, 7408, 111120165, 111122851, 165, 2851
1, 7409, 111135165, 111136025, 165, 1025
1, 741, 11115165, 11116025, 165, 1025
1, 7410, 111150165, 111151025, 165, 1025
1, 7411, 111165165, 111166025, 165, 1025
1, 7412, 111180165, 111181495, 165, 1495
1, 7413, 111195165, 111196025, 165, 1025
1, 7414, 111210165, 111211025, 165, 1025
1, 7415, 111225165, 111226025, 165, 1025
1, 7416, 111240165, 111241025, 165, 1025
1, 7417, 111255165, 111256025, 165, 1025
1, 7418, 111270165, 111271495, 165, 1495
1, 7419, 111285165, 111287476, 165, 2476
1, 742, 11130165, 11132864, 165, 2864
1, 7420, 111300165, 111302606, 165, 2606
1, 7421, 111315165, 111316025, 165, 1025
1, 7422, 111330165, 111331025, 165, 1025
1, 7423, 111345165, 111346025, 165, 1025
1, 7424, 111360165, 111362851, 165, 2851
1, 7425, 111375165, 111377127, 165, 2127
1, 7426, 111390165, 111391025, 165, 1025
1, 7427, 111405165, 111406025, 165, 1025
1, 7428, 111420165, 111421025, 165, 1025
1, 7429, 111435165, 111436025, 165, 1025
1, 743, 11145165, 11146025, 165, 1025
1, 7430, 111450165, 111452859, 165, 2859
1, 7431, 111465165, 111466025, 165, 1025
1, 7432, 111480165, 111481495, 165, 1495
1, 7433, 111495165, 111496025, 165, 1025
1, 7434, 111510165, 111512864, 165, 2864
1, 7435, 111525165, 111526724, 165, 1724
1, 7436, 111540165, 111541495, 165, 1495
1, 7437, 111555165, 111556025, 165, 1025
1, 7438, 111570165, 111571025, 165, 1025
1, 7439, 111585165, 111586025, 165, 1025
1, 744, 11160165, 11161495, 165, 1495
1, 7440, 111600165, 111602843, 165, 2843
1, 7441, 111615165, 111616025, 165, 1025
1, 7442, 111630165, 111631025, 165, 1025
1, 7443, 111645165, 111646025, 165, 1025
1, 7444, 111660165, 111661025, 165, 1025
1, 7445, 111675165, 111676025, 165, 1025
1, 7446, 111690165, 111691495, 165, 1495
1, 7447, 111705165, 111706266, 165, 1266
1, 7448, 111720165, 111722606, 165, 2606
1, 7449, 111735165, 111736025, 165, 1025
1, 745, 11175165, 11176025, 165, 1025
1, 7450, 111750165, 111751025, 165, 1025
1, 7451, 111765165, 111766025, 165, 1025
1, 7452, 111780165, 111781495, 165, 1495
1, 7453, 111795165, 111799024, 165, 4024
1, 7454, 111810165, 111811025, 165, 1025
1, 7455, 111825165, 111826025, 165, 1025
1, 7456, 111840165, 111841495, 165, 1495
1, 7457, 111855165, 111856025, 165, 1025
1, 7458, 111870165, 111871025, 165, 1025
1, 7459, 111885165, 111886025, 165, 1025
1, 746, 11190165, 11191025, 165, 1025
1, 7460, 111900165, 111902828, 165, 2828
1, 7461, 111915165, 111916025, 165, 1025
1, 7462, 111930165, 111932864, 165, 2864
1, 7463, 111945165, 111946025, 165, 1025
1, 7464, 111960165, 111961495, 165, 1495
1, 7465, 111975165, 111976025, 165, 1025
1, 7466, 111990165, 111991025, 165, 1025
1, 7467, 112005165, 112008348, 165, 3348
1, 7468, 112020165, 112021025, 165, 1025
1, 7469, 112035165, 112036025, 165, 1025
1, 747, 11205165, 11208348, 165, 3348
1, 7470, 112050165, 112051495, 165, 1495
1, 7471, 112065165, 112066025, 165, 1025
1, 7472, 112080165, 112081495, 165, 1495
1, 7473, 112095165, 112096025, 165, 1025
1, 7474, 112110165, 112111025, 165, 1025
1, 7475, 112125165, 112126025, 165, 1025
1, 7476, 112140165, 112142606, 165, 2606
1, 7477, 112155165, 112156025, 165, 1025
1, 7478, 112170165, 112171025, 165, 1025
1, 7479, 112185165, 112186025, 165, 1025
1, 748, 11220165, 11221495, 165, 1495
1, 7480, 112200165, 112202843, 165, 2843
1, 7481, 112215165, 112216222, 165, 1222
1, 7482, 112230165, 112231025, 165, 1025
1, 7483, 112245165, 112246025, 165, 1025
1, 7484, 112260165, 112261025, 165, 1025
1, 7485, 112275165, 112276025, 165, 1025
1, 7486, 112290165, 112291025, 165, 1025
1, 7487, 112305165, 112306025, 165, 1025
1, 7488, 112320165, 112322829, 165, 2829
1, 7489, 112335165, 112336025, 165, 1025
1, 749, 11235165, 11236025, 165, 1025
1, 7490, 112350165, 112353468, 165, 3468
1, 7491, 112365165, 112366025, 165, 1025
1, 7492, 112380165, 112381495, 165, 1495
1, 7493, 112395165, 112396025, 165, 1025
1, 7494, 112410165, 112411025, 165, 1025
1, 7495, 112425165, 112426724, 165, 1724
1, 7496, 112440165, 112441025, 165, 1025
1, 7497, 112455165, 112456025, 165, 1025
1, 7498, 112470165, 112471025, 165, 1025
1, 7499, 112485165, 112486025, 165, 1025
1, 75, 1125165, 1130924, 165, 5924
1, 750, 11250165, 11251495, 165, 1495
1, 7500, 112500165, 112501495, 165, 1495
1, 7501, 112515165, 112516025, 165, 1025
1, 7502, 112530165, 112531025, 165, 1025
1, 7503, 112545165, 112546025, 165, 1025
1, 7504, 112560165, 112564572, 165, 4572
1, 7505, 112575165, 112576025, 165, 1025
1, 7506, 112590165, 112591025, 165, 1025
1, 7507, 112605165, 112606025, 165, 1025
1, 7508, 112620165, 112621025, 165, 1025
1, 7509, 112635165, 112638025, 165, 3025
1, 751, 11265165, 11266025, 165, 1025
1, 7510, 112650165, 112651495, 165, 1495
1, 7511, 112665165, 112666025, 165, 1025
1, 7512, 112680165, 112681025, 165, 1025
1, 7513, 112695165, 112696025, 165, 1025
1, 7514, 112710165, 112711025, 165, 1025
1, 7515, 112725165, 112728107, 165, 3107
1, 7516, 112740165, 112742829, 165, 2829
1, 7517, 112755165, 112756025, 165, 1025
1, 7518, 112770165, 112772864, 165, 2864
1, 7519, 112785165, 112786025, 165, 1025
1, 752, 11280165, 11281495, 165, 1495
1, 7520, 112800165, 112803440, 165, 3440
1, 7521, 112815165, 112816025, 165, 1025
1, 7522, 112830165, 112831025, 165, 1025
1, 7523, 112845165, 112846025, 165, 1025
1, 7524, 112860165, 112861025, 165, 1025
1, 7525, 112875165, 112876025, 165, 1025
1, 7526, 112890165, 112891025, 165, 1025
1, 7527, 112905165, 112906025, 165, 1025
1, 7528, 112920165, 112921025, 165, 1025
1, 7529, 112935165, 112936025, 165, 1025
1, 753, 11295165, 11296025, 165, 1025
1, 7530, 112950165, 112951495, 165, 1495
1, 7531, 112965165, 112966025, 165, 1025
1, 7532, 112980165, 112982606, 165, 2606
1, 7533, 112995165, 112996025, 165, 1025
1, 7534, 113010165, 113011025, 165, 1025
1, 7535, 113025165, 113026025, 165, 1025
1, 7536, 113040165, 113041495, 165, 1495
1, 7537, 113055165, 113056724, 165, 1724
1, 7538, 113070165, 113071025, 165, 1025
1, 7539, 113085165, 113086025, 165, 1025
1, 754, 11310165, 11311495, 165, 1495
1, 7540, 113100165, 113101495, 165, 1495
1, 7541, 113115165, 113116025, 165, 1025
1, 7542, 113130165, 113131025, 165, 1025
1, 7543, 113145165, 113146025, 165, 1025
1, 7544, 113160165, 113162829, 165, 2829
1, 7545, 113175165, 113176025, 165, 1025
1, 7546, 113190165, 113192864, 165, 2864
1, 7547, 113205165, 113206025, 165, 1025
1, 7548, 113220165, 113221495, 165, 1495
1, 7549, 113235165, 113236025, 165, 1025
1, 755, 11325165, 11326025, 165, 1025
1, 7550, 113250165, 113251495, 165, 1495
1, 7551, 113265165, 113266025, 165, 1025
1, 7552, 113280165, 113281495, 165, 1495
1, 7553, 113295165, 113296025, 165, 1025
1, 7554, 113310165, 113311025, 165, 1025
1, 7555, 113325165, 113326025, 165, 1025
1, 7556, 113340165, 113341025, 165, 1025
1, 7557, 113355165, 113356025, 165, 1025
1, 7558, 113370165, 113371025, 165, 1025
1, 7559, 113385165, 113386025, 165, 1025
1, 756, 11340165, 11343444, 165, 3444
1, 7560, 113400165, 113402606, 165, 2606
1, 7561, 113415165, 113416025, 165, 1025
1, 7562, 113430165, 113431025, 165, 1025
1, 7563, 113445165, 113446025, 165, 1025
1, 7564, 113460165, 113461025, 165, 1025
1, 7565, 113475165, 113476853, 165, 1853
1, 7566, 113490165, 113491025, 165, 1025
1, 7567, 113505165, 113506025, 165, 1025
1, 7568, 113520165, 113521495, 165, 1495
1, 7569, 113535165, 113536025, 165, 1025
1, 757, 11355165, 11356025, 165, 1025
1, 7570, 113550165, 113551025, 165, 1025
1, 7571, 113565165, 113566025, 165, 1025
1, 7572, 113580165, 113582829, 165, 2829
1, 7573, 113595165, 113596025, 165, 1025
1, 7574, 113610165, 113612864, 165, 2864
1, 7575, 113625165, 113626025, 165, 1025
1, 7576, 113640165, 113641025, 165, 1025
1, 7577, 113655165, 113656130, 165, 1130
1, 7578, 113670165, 113671025, 165, 1025
1, 7579, 113685165, 113688002, 165, 3002
1, 758, 11370165, 11371025, 165, 1025
1, 7580, 113700165, 113701495, 165, 1495
1, 7581, 113715165, 113716025, 165, 1025
1, 7582, 113730165, 113731025, 165, 1025
1, 7583, 113745165, 113746025, 165, 1025
1, 7584, 113760165, 113762851, 165, 2851
1, 7585, 113775165, 113776025, 165, 1025
1, 7586, 113790165, 113791025, 165, 1025
1, 7587, 113805165, 113806025, 165, 1025
1, 7588, 113820165, 113822606, 165, 2606
1, 7589, 113835165, 113836025, 165, 1025
1, 759, 11385165, 11386025, 165, 1025
1, 7590, 113850165, 113851495, 165, 1495
1, 7591, 113865165, 113866025, 165, 1025
1, 7592, 113880165, 113881025, 165, 1025
1, 7593, 113895165, 113896025, 165, 1025
1, 7594, 113910165, 113911025, 165, 1025
1, 7595, 113925165, 113927127, 165, 2127
1, 7596, 113940165, 113941025, 165, 1025
1, 7597, 113955165, 113956025, 165, 1025
1, 7598, 113970165, 113971025, 165, 1025
1, 7599, 113985165, 113986025, 165, 1025
1, 76, 1140165, 1141025, 165, 1025
1, 760, 11400165, 11402843, 165, 2843
1, 7600, 114000165, 114003440, 165, 3440
1, 7601, 114015165, 114016025, 165, 1025
1, 7602, 114030165, 114032864, 165, 2864
1, 7603, 114045165, 114046025, 165, 1025
1, 7604, 114060165, 114061025, 165, 1025
1, 7605, 114075165, 114076025, 165, 1025
1, 7606, 114090165, 114091959, 165, 1959
1, 7607, 114105165, 114107136, 165, 2136
1, 7608, 114120165, 114121025, 165, 1025
1, 7609, 114135165, 114136025, 165, 1025
1, 761, 11415165, 11416025, 165, 1025
1, 7610, 114150165, 114151025, 165, 1025
1, 7611, 114165165, 114171552, 165, 6552
1, 7612, 114180165, 114181495, 165, 1495
1, 7613, 114195165, 114196025, 165, 1025
1, 7614, 114210165, 114211025, 165, 1025
1, 7615, 114225165, 114226025, 165, 1025
1, 7616, 114240165, 114244572, 165, 4572
1, 7617, 114255165, 114256724, 165, 1724
1, 7618, 114270165, 114271025, 165, 1025
1, 7619, 114285165, 114286025, 165, 1025
1, 762, 11430165, 11431025, 165, 1025
1, 7620, 114300165, 114301495, 165, 1495
1, 7621, 114315165, 114316025, 165, 1025
1, 7622, 114330165, 114331025, 165, 1025
1, 7623, 114345165, 114346025, 165, 1025
1, 7624, 114360165, 114361315, 165, 1315
1, 7625, 114375165, 114376025, 165, 1025
1, 7626, 114390165, 114391025, 165, 1025
1, 7627, 114405165, 114406025, 165, 1025
1, 7628, 114420165, 114422829, 165, 2829
1, 7629, 114435165, 114436025, 165, 1025
1, 763, 11445165, 11446025, 165, 1025
1, 7630, 114450165, 114453468, 165, 3468
1, 7631, 114465165, 114466025, 165, 1025
1, 7632, 114480165, 114481495, 165, 1495
1, 7633, 114495165, 114496025, 165, 1025
1, 7634, 114510165, 114511025, 165, 1025
1, 7635, 114525165, 114526724, 165, 1724
1, 7636, 114540165, 114541025, 165, 1025
1, 7637, 114555165, 114556025, 165, 1025
1, 7638, 114570165, 114571025, 165, 1025
1, 7639, 114585165, 114586025, 165, 1025
1, 764, 11460165, 11461025, 165, 1025
1, 7640, 114600165, 114603031, 165, 3031
1, 7641, 114615165, 114616025, 165, 1025
1, 7642, 114630165, 114631025, 165, 1025
1, 7643, 114645165, 114646025, 165, 1025
1, 7644, 114660165, 114663444, 165, 3444
1, 7645, 114675165, 114676025, 165, 1025
1, 7646, 114690165, 114691025, 165, 1025
1, 7647, 114705165, 114706025, 165, 1025
1, 7648, 114720165, 114721495, 165, 1495
1, 7649, 114735165, 114736025, 165, 1025
1, 765, 11475165, 11476025, 165, 1025
1, 7650, 114750165, 114751495, 165, 1495
1, 7651, 114765165, 114766025, 165, 1025
1, 7652, 114780165, 114781495, 165, 1495
1, 7653, 114795165, 114796025, 165, 1025
1, 7654, 114810165, 114811025, 165, 1025
1, 7655, 114825165, 114826025, 165, 1025
1, 7656, 114840165, 114842829, 165, 2829
1, 7657, 114855165, 114856025, 165, 1025
1, 7658, 114870165, 114872864, 165, 2864
1, 7659, 114885165, 114886025, 165, 1025
1, 766, 11490165, 11491025, 165, 1025
1, 7660, 114900165, 114901495, 165, 1495
1, 7661, 114915165, 114916025, 165, 1025
1, 7662, 114930165, 114931025, 165, 1025
1, 7663, 114945165, 114946025, 165, 1025
1, 7664, 114960165, 114961495, 165, 1495
1, 7665, 114975165, 114976025, 165, 1025
1, 7666, 114990165, 114991025, 165, 1025
1, 7667, 115005165, 115006025, 165, 1025
1, 7668, 115020165, 115021495, 165, 1495
1, 7669, 115035165, 115036025, 165, 1025
1, 767, 11505165, 11506025, 165, 1025
1, 7670, 115050165, 115051495, 165, 1495
1, 7671, 115065165, 115066025, 165, 1025
1, 7672, 115080165, 115083444, 165, 3444
1, 7673, 115095165, 115096025, 165, 1025
1, 7674, 115110165, 115111025, 165, 1025
1, 7675, 115125165, 115126025, 165, 1025
1, 7676, 115140165, 115141025, 165, 1025
1, 7677, 115155165, 115156025, 165, 1025
1, 7678, 115170165, 115171025, 165, 1025
1, 7679, 115185165, 115188472, 165, 3472
1, 768, 11520165, 11522829, 165, 2829
1, 7680, 115200165, 115203440, 165, 3440
1, 7681, 115215165, 115216025, 165, 1025
1, 7682, 115230165, 115231025, 165, 1025
1, 7683, 115245165, 115246025, 165, 1025
1, 7684, 115260165, 115262829, 165, 2829
1, 7685, 115275165, 115276025, 165, 1025
1, 7686, 115290165, 115293318, 165, 3318
1, 7687, 115305165, 115306025, 165, 1025
1, 7688, 115320165, 115321025, 165, 1025
1, 7689, 115335165, 115336025, 165, 1025
1, 769, 11535165, 11536025, 165, 1025
1, 7690, 115350165, 115351495, 165, 1495
1, 7691, 115365165, 115370086, 165, 5086
1, 7692, 115380165, 115381025, 165, 1025
1, 7693, 115395165, 115396025, 165, 1025
1, 7694, 115410165, 115411025, 165, 1025
1, 7695, 115425165, 115426025, 165, 1025
1, 7696, 115440165, 115442851, 165, 2851
1, 7697, 115455165, 115456025, 165, 1025
1, 7698, 115470165, 115471025, 165, 1025
1, 7699, 115485165, 115486025, 165, 1025
1, 77, 1155165, 1156025, 165, 1025
1, 770, 11550165, 11553468, 165, 3468
1, 7700, 115500165, 115503468, 165, 3468
1, 7701, 115515165, 115516025, 165, 1025
1, 7702, 115530165, 115531413, 165, 1413
1, 7703, 115545165, 115546025, 165, 1025
1, 7704, 115560165, 115561025, 165, 1025
1, 7705, 115575165, 115576724, 165, 1724
1, 7706, 115590165, 115591025, 165, 1025
1, 7707, 115605165, 115606724, 165, 1724
1, 7708, 115620165, 115621495, 165, 1495
1, 7709, 115635165, 115636025, 165, 1025
1, 771, 11565165, 11566025, 165, 1025
1, 7710, 115650165, 115651025, 165, 1025
1, 7711, 115665165, 115666025, 165, 1025
1, 7712, 115680165, 115682829, 165, 2829
1, 7713, 115695165, 115696025, 165, 1025
1, 7714, 115710165, 115712606, 165, 2606
1, 7715, 115725165, 115726025, 165, 1025
1, 7716, 115740165, 115741025, 165, 1025
1, 7717, 115755165, 115756025, 165, 1025
1, 7718, 115770165, 115771025, 165, 1025
1, 7719, 115785165, 115789549, 165, 4549
1, 772, 11580165, 11581495, 165, 1495
1, 7720, 115800165, 115802843, 165, 2843
1, 7721, 115815165, 115816025, 165, 1025
1, 7722, 115830165, 115831025, 165, 1025
1, 7723, 115845165, 115846025, 165, 1025
1, 7724, 115860165, 115861495, 165, 1495
1, 7725, 115875165, 115876025, 165, 1025
1, 7726, 115890165, 115891025, 165, 1025
1, 7727, 115905165, 115906025, 165, 1025
1, 7728, 115920165, 115922606, 165, 2606
1, 7729, 115935165, 115936025, 165, 1025
1, 773, 11595165, 11596025, 165, 1025
1, 7730, 115950165, 115951495, 165, 1495
1, 7731, 115965165, 115966025, 165, 1025
1, 7732, 115980165, 115981025, 165, 1025
1, 7733, 115995165, 115996025, 165, 1025
1, 7734, 116010165, 116011025, 165, 1025
1, 7735, 116025165, 116026724, 165, 1724
1, 7736, 116040165, 116041495, 165, 1495
1, 7737, 116055165, 116056025, 165, 1025
1, 7738, 116070165, 116071025, 165, 1025
1, 7739, 116085165, 116086025, 165, 1025
1, 774, 11610165, 11611025, 165, 1025
1, 7740, 116100165, 116102828, 165, 2828
1, 7741, 116115165, 116116025, 165, 1025
1, 7742, 116130165, 116132606, 165, 2606
1, 7743, 116145165, 116146025, 165, 1025
1, 7744, 116160165, 116161495, 165, 1495
1, 7745, 116175165, 116176025, 165, 1025
1, 7746, 116190165, 116191025, 165, 1025
1, 7747, 116205165, 116207136, 165, 2136
1, 7748, 116220165, 116221495, 165, 1495
1, 7749, 116235165, 116236025, 165, 1025
1, 775, 11625165, 11626724, 165, 1724
1, 7750, 116250165, 116251025, 165, 1025
1, 7751, 116265165, 116266025, 165, 1025
1, 7752, 116280165, 116281495, 165, 1495
1, 7753, 116295165, 116296025, 165, 1025
1, 7754, 116310165, 116311495, 165, 1495
1, 7755, 116325165, 116326025, 165, 1025
1, 7756, 116340165, 116343444, 165, 3444
1, 7757, 116355165, 116356025, 165, 1025
1, 7758, 116370165, 116371025, 165, 1025
1, 7759, 116385165, 116386724, 165, 1724
1, 776, 11640165, 11641025, 165, 1025
1, 7760, 116400165, 116403440, 165, 3440
1, 7761, 116415165, 116416025, 165, 1025
1, 7762, 116430165, 116431025, 165, 1025
1, 7763, 116445165, 116446025, 165, 1025
1, 7764, 116460165, 116461495, 165, 1495
1, 7765, 116475165, 116476025, 165, 1025
1, 7766, 116490165, 116491025, 165, 1025
1, 7767, 116505165, 116506025, 165, 1025
1, 7768, 116520165, 116521495, 165, 1495
1, 7769, 116535165, 116536025, 165, 1025
1, 777, 11655165, 11656025, 165, 1025
1, 7770, 116550165, 116552606, 165, 2606
1, 7771, 116565165, 116566744, 165, 1744
1, 7772, 116580165, 116581473, 165, 1473
1, 7773, 116595165, 116596025, 165, 1025
1, 7774, 116610165, 116611025, 165, 1025
1, 7775, 116625165, 116626025, 165, 1025
1, 7776, 116640165, 116642851, 165, 2851
1, 7777, 116655165, 116656025, 165, 1025
1, 7778, 116670165, 116671025, 165, 1025
1, 7779, 116685165, 116686025, 165, 1025
1, 778, 11670165, 11671025, 165, 1025
1, 7780, 116700165, 116701495, 165, 1495
1, 7781, 116715165, 116716025, 165, 1025
1, 7782, 116730165, 116731659, 165, 1659
1, 7783, 116745165, 116746025, 165, 1025
1, 7784, 116760165, 116763444, 165, 3444
1, 7785, 116775165, 116776025, 165, 1025
1, 7786, 116790165, 116791025, 165, 1025
1, 7787, 116805165, 116809780, 165, 4780
1, 7788, 116820165, 116821495, 165, 1495
1, 7789, 116835165, 116836025, 165, 1025
1, 779, 11685165, 11686025, 165, 1025
1, 7790, 116850165, 116851025, 165, 1025
1, 7791, 116865165, 116866025, 165, 1025
1, 7792, 116880165, 116882851, 165, 2851
1, 7793, 116895165, 116896025, 165, 1025
1, 7794, 116910165, 116911025, 165, 1025
1, 7795, 116925165, 116926025, 165, 1025
1, 7796, 116940165, 116941495, 165, 1495
1, 7797, 116955165, 116956025, 165, 1025
1, 7798, 116970165, 116972606, 165, 2606
1, 7799, 116985165, 116986025, 165, 1025
1, 78, 1170165, 1171025, 165, 1025
1, 780, 11700165, 11701495, 165, 1495
1, 7800, 117000165, 117001495, 165, 1495
1, 7801, 117015165, 117016025, 165, 1025
1, 7802, 117030165, 117031025, 165, 1025
1, 7803, 117045165, 117047493, 165, 2493
1, 7804, 117060165, 117061495, 165, 1495
1, 7805, 117075165, 117076724, 165, 1724
1, 7806, 117090165, 117091025, 165, 1025
1, 7807, 117105165, 117106025, 165, 1025
1, 7808, 117120165, 117121495, 165, 1495
1, 7809, 117135165, 117136025, 165, 1025
1, 781, 11715165, 11716025, 165, 1025
1, 7810, 117150165, 117152834, 165, 2834
1, 7811, 117165165, 117166025, 165, 1025
1, 7812, 117180165, 117183444, 165, 3444
1, 7813, 117195165, 117196025, 165, 1025
1, 7814, 117210165, 117211025, 165, 1025
1, 7815, 117225165, 117226724, 165, 1724
1, 7816, 117240165, 117241495, 165, 1495
1, 7817, 117255165, 117256025, 165, 1025
1, 7818, 117270165, 117271025, 165, 1025
1, 7819, 117285165, 117286025, 165, 1025
1, 782, 11730165, 11731495, 165, 1495
1, 7820, 117300165, 117302843, 165, 2843
1, 7821, 117315165, 117316025, 165, 1025
1, 7822, 117330165, 117331025, 165, 1025
1, 7823, 117345165, 117346025, 165, 1025
1, 7824, 117360165, 117362829, 165, 2829
1, 7825, 117375165, 117376025, 165, 1025
1, 7826, 117390165, 117392606, 165, 2606
1, 7827, 117405165, 117406724, 165, 1724
1, 7828, 117420165, 117421495, 165, 1495
1, 7829, 117435165, 117436025, 165, 1025
1, 783, 11745165, 11746025, 165, 1025
1, 7830, 117450165, 117451025, 165, 1025
1, 7831, 117465165, 117466025, 165, 1025
1, 7832, 117480165, 117481495, 165, 1495
1, 7833, 117495165, 117496025, 165, 1025
1, 7834, 117510165, 117511025, 165, 1025
1, 7835, 117525165, 117526025, 165, 1025
1, 7836, 117540165, 117541025, 165, 1025
1, 7837, 117555165, 117556025, 165, 1025
1, 7838, 117570165, 117571495, 165, 1495
1, 7839, 117585165, 117586025, 165, 1025
1, 784, 11760165, 11762863, 165, 2863
1, 7840, 117600165, 117602606, 165, 2606
1, 7841, 117615165, 117616025, 165, 1025
1, 7842, 117630165, 117631025, 165, 1025
1, 7843, 117645165, 117646025, 165, 1025
1, 7844, 117660165, 117661495, 165, 1495
1, 7845, 117675165, 117676025, 165, 1025
1, 7846, 117690165, 117691025, 165, 1025
1, 7847, 117705165, 117706025, 165, 1025
1, 7848, 117720165, 117721025, 165, 1025
1, 7849, 117735165, 117736025, 165, 1025
1, 785, 11775165, 11776025, 165, 1025
1, 7850, 117750165, 117751495, 165, 1495
1, 7851, 117765165, 117766025, 165, 1025
1, 7852, 117780165, 117781495, 165, 1495
1, 7853, 117795165, 117796025, 165, 1025
1, 7854, 117810165, 117812606, 165, 2606
1, 7855, 117825165, 117826025, 165, 1025
1, 7856, 117840165, 117841495, 165, 1495
1, 7857, 117855165, 117856025, 165, 1025
1, 7858, 117870165, 117871025, 165, 1025
1, 7859, 117885165, 117886025, 165, 1025
1, 786, 11790165, 11791025, 165, 1025
1, 7860, 117900165, 117902843, 165, 2843
1, 7861, 117915165, 117916025, 165, 1025
1, 7862, 117930165, 117931025, 165, 1025
1, 7863, 117945165, 117946025, 165, 1025
1, 7864, 117960165, 117961025, 165, 1025
1, 7865, 117975165, 117976025, 165, 1025
1, 7866, 117990165, 117991495, 165, 1495
1, 7867, 118005165, 118006025, 165, 1025
1, 7868, 118020165, 118023444, 165, 3444
1, 7869, 118035165, 118036025, 165, 1025
1, 787, 11805165, 11806025, 165, 1025
1, 7870, 118050165, 118051025, 165, 1025
1, 7871, 118065165, 118066025, 165, 1025
1, 7872, 118080165, 118082851, 165, 2851
1, 7873, 118095165, 118096053, 165, 1053
1, 7874, 118110165, 118111025, 165, 1025
1, 7875, 118125165, 118126025, 165, 1025
1, 7876, 118140165, 118141025, 165, 1025
1, 7877, 118155165, 118156025, 165, 1025
1, 7878, 118170165, 118172194, 165, 2194
1, 7879, 118185165, 118186025, 165, 1025
1, 788, 11820165, 11821495, 165, 1495
1, 7880, 118200165, 118202828, 165, 2828
1, 7881, 118215165, 118216025, 165, 1025
1, 7882, 118230165, 118232864, 165, 2864
1, 7883, 118245165, 118252187, 165, 7187
1, 7884, 118260165, 118261495, 165, 1495
1, 7885, 118275165, 118276025, 165, 1025
1, 7886, 118290165, 118291025, 165, 1025
1, 7887, 118305165, 118306025, 165, 1025
1, 7888, 118320165, 118322851, 165, 2851
1, 7889, 118335165, 118336025, 165, 1025
1, 789, 11835165, 11836380, 165, 1380
1, 7890, 118350165, 118351495, 165, 1495
1, 7891, 118365165, 118366025, 165, 1025
1, 7892, 118380165, 118381025, 165, 1025
1, 7893, 118395165, 118396025, 165, 1025
1, 7894, 118410165, 118411495, 165, 1495
1, 7895, 118425165, 118426025, 165, 1025
1, 7896, 118440165, 118443444, 165, 3444
1, 7897, 118455165, 118456025, 165, 1025
1, 7898, 118470165, 118471025, 165, 1025
1, 7899, 118485165, 118486025, 165, 1025
1, 79, 1185165, 1186025, 165, 1025
1, 790, 11850165, 11851025, 165, 1025
1, 7900, 118500165, 118502843, 165, 2843
1, 7901, 118515165, 118516025, 165, 1025
1, 7902, 118530165, 118531025, 165, 1025
1, 7903, 118545165, 118546025, 165, 1025
1, 7904, 118560165, 118561495, 165, 1495
1, 7905, 118575165, 118576025, 165, 1025
1, 7906, 118590165, 118591025, 165, 1025
1, 7907, 118605165, 118606025, 165, 1025
1, 7908, 118620165, 118621495, 165, 1495
1, 7909, 118635165, 118636025, 165, 1025
1, 791, 11865165, 11866025, 165, 1025
1, 7910, 118650165, 118653468, 165, 3468
1, 7911, 118665165, 118666025, 165, 1025
1, 7912, 118680165, 118681495, 165, 1495
1, 7913, 118695165, 118696025, 165, 1025
1, 7914, 118710165, 118711025, 165, 1025
1, 7915, 118725165, 118727127, 165, 2127
1, 7916, 118740165, 118741025, 165, 1025
1, 7917, 118755165, 118756025, 165, 1025
1, 7918, 118770165, 118771025, 165, 1025
1, 7919, 118785165, 118786025, 165, 1025
1, 792, 11880165, 11881025, 165, 1025
1, 7920, 118800165, 118802843, 165, 2843
1, 7921, 118815165, 118816025, 165, 1025
1, 7922, 118830165, 118831495, 165, 1495
1, 7923, 118845165, 118846025, 165, 1025
1, 7924, 118860165, 118863610, 165, 3610
1, 7925, 118875165, 118876025, 165, 1025
1, 7926, 118890165, 118891025, 165, 1025
1, 7927, 118905165, 118906025, 165, 1025
1, 7928, 118920165, 118921495, 165, 1495
1, 7929, 118935165, 118936380, 165, 1380
1, 793, 11895165, 11896025, 165, 1025
1, 7930, 118950165, 118951025, 165, 1025
1, 7931, 118965165, 118966025, 165, 1025
1, 7932, 118980165, 118981025, 165, 1025
1, 7933, 118995165, 118996025, 165, 1025
1, 7934, 119010165, 119011025, 165, 1025
1, 7935, 119025165, 119026025, 165, 1025
1, 7936, 119040165, 119042829, 165, 2829
1, 7937, 119055165, 119056025, 165, 1025
1, 7938, 119070165, 119072864, 165, 2864
1, 7939, 119085165, 119086025, 165, 1025
1, 794, 11910165, 11911025, 165, 1025
1, 7940, 119100165, 119102843, 165, 2843
1, 7941, 119115165, 119116025, 165, 1025
1, 7942, 119130165, 119131025, 165, 1025
1, 7943, 119145165, 119146025, 165, 1025
1, 7944, 119160165, 119161025, 165, 1025
1, 7945, 119175165, 119176724, 165, 1724
1, 7946, 119190165, 119191495, 165, 1495
1, 7947, 119205165, 119206025, 165, 1025
1, 7948, 119220165, 119221025, 165, 1025
1, 7949, 119235165, 119236025, 165, 1025
1, 795, 11925165, 11926724, 165, 1724
1, 7950, 119250165, 119251495, 165, 1495
1, 7951, 119265165, 119266025, 165, 1025
1, 7952, 119280165, 119284572, 165, 4572
1, 7953, 119295165, 119296025, 165, 1025
1, 7954, 119310165, 119311025, 165, 1025
1, 7955, 119325165, 119326025, 165, 1025
1, 7956, 119340165, 119341495, 165, 1495
1, 7957, 119355165, 119356222, 165, 1222
1, 7958, 119370165, 119371025, 165, 1025
1, 7959, 119385165, 119386025, 165, 1025
1, 796, 11940165, 11941495, 165, 1495
1, 7960, 119400165, 119401495, 165, 1495
1, 7961, 119415165, 119416025, 165, 1025
1, 7962, 119430165, 119431025, 165, 1025
1, 7963, 119445165, 119447737, 165, 2737
1, 7964, 119460165, 119462829, 165, 2829
1, 7965, 119475165, 119476025, 165, 1025
1, 7966, 119490165, 119492864, 165, 2864
1, 7967, 119505165, 119506025, 165, 1025
1, 7968, 119520165, 119522851, 165, 2851
1, 7969, 119535165, 119536025, 165, 1025
1, 797, 11955165, 11956025, 165, 1025
1, 7970, 119550165, 119551025, 165, 1025
1, 7971, 119565165, 119566025, 165, 1025
1, 7972, 119580165, 119581025, 165, 1025
1, 7973, 119595165, 119596025, 165, 1025
1, 7974, 119610165, 119612580, 165, 2580
1, 7975, 119625165, 119626025, 165, 1025
1, 7976, 119640165, 119641025, 165, 1025
1, 7977, 119655165, 119656025, 165, 1025
1, 7978, 119670165, 119671025, 165, 1025
1, 7979, 119685165, 119686025, 165, 1025
1, 798, 11970165, 11972864, 165, 2864
1, 7980, 119700165, 119702606, 165, 2606
1, 7981, 119715165, 119716025, 165, 1025
1, 7982, 119730165, 119731025, 165, 1025
1, 7983, 119745165, 119746025, 165, 1025
1, 7984, 119760165, 119761495, 165, 1495
1, 7985, 119775165, 119777127, 165, 2127
1, 7986, 119790165, 119791025, 165, 1025
1, 7987, 119805165, 119806025, 165, 1025
1, 7988, 119820165, 119821025, 165, 1025
1, 7989, 119835165, 119836025, 165, 1025
1, 799, 11985165, 11986025, 165, 1025
1, 7990, 119850165, 119851495, 165, 1495
1, 7991, 119865165, 119866025, 165, 1025
1, 7992, 119880165, 119882829, 165, 2829
1, 7993, 119895165, 119896025, 165, 1025
1, 7994, 119910165, 119912864, 165, 2864
1, 7995, 119925165, 119926025, 165, 1025
1, 7996, 119940165, 119941495, 165, 1495
1, 7997, 119955165, 119956025, 165, 1025
1, 7998, 119970165, 119971025, 165, 1025
1, 7999, 119985165, 119986025, 165, 1025
1, 8, 120165, 121025, 165, 1025
1, 80, 1200165, 1203440, 165, 3440
1, 800, 12000165, 12003440, 165, 3440
1, 8000, 120000165, 120002843, 165, 2843
1, 8001, 120015165, 120016025, 165, 1025
1, 8002, 120030165, 120031025, 165, 1025
1, 8003, 120045165, 120046025, 165, 1025
1, 8004, 120060165, 120061025, 165, 1025
1, 8005, 120075165, 120076025, 165, 1025
1, 8006, 120090165, 120091025, 165, 1025
1, 8007, 120105165, 120106025, 165, 1025
1, 8008, 120120165, 120122606, 165, 2606
1, 8009, 120135165, 120136025, 165, 1025
1, 801, 12015165, 12016025, 165, 1025
1, 8010, 120150165, 120151025, 165, 1025
1, 8011, 120165165, 120166025, 165, 1025
1, 8012, 120180165, 120181025, 165, 1025
1, 8013, 120195165, 120196025, 165, 1025
1, 8014, 120210165, 120211025, 165, 1025
1, 8015, 120225165, 120226025, 165, 1025
1, 8016, 120240165, 120241495, 165, 1495
1, 8017, 120255165, 120256025, 165, 1025
1, 8018, 120270165, 120271025, 165, 1025
1, 8019, 120285165, 120286763, 165, 1763
1, 802, 12030165, 12031025, 165, 1025
1, 8020, 120300165, 120303324, 165, 3324
1, 8021, 120315165, 120316025, 165, 1025
1, 8022, 120330165, 120332864, 165, 2864
1, 8023, 120345165, 120346025, 165, 1025
1, 8024, 120360165, 120361495, 165, 1495
1, 8025, 120375165, 120376025, 165, 1025
1, 8026, 120390165, 120391025, 165, 1025
1, 8027, 120405165, 120408348, 165, 3348
1, 8028, 120420165, 120421025, 165, 1025
1, 8029, 120435165, 120436025, 165, 1025
1, 803, 12045165, 12046025, 165, 1025
1, 8030, 120450165, 120451495, 165, 1495
1, 8031, 120465165, 120466025, 165, 1025
1, 8032, 120480165, 120481495, 165, 1495
1, 8033, 120495165, 120496025, 165, 1025
1, 8034, 120510165, 120511025, 165, 1025
1, 8035, 120525165, 120526025, 165, 1025
1, 8036, 120540165, 120542606, 165, 2606
1, 8037, 120555165, 120556025, 165, 1025
1, 8038, 120570165, 120571025, 165, 1025
1, 8039, 120585165, 120586025, 165, 1025
1, 804, 12060165, 12061025, 165, 1025
1, 8040, 120600165, 120601495, 165, 1495
1, 8041, 120615165, 120616724, 165, 1724
1, 8042, 120630165, 120631025, 165, 1025
1, 8043, 120645165, 120646724, 165, 1724
1, 8044, 120660165, 120661025, 165, 1025
1, 8045, 120675165, 120676025, 165, 1025
1, 8046, 120690165, 120691025, 165, 1025
1, 8047, 120705165, 120706025, 165, 1025
1, 8048, 120720165, 120723393, 165, 3393
1, 8049, 120735165, 120736025, 165, 1025
1, 805, 12075165, 12076724, 165, 1724
1, 8050, 120750165, 120753468, 165, 3468
1, 8051, 120765165, 120766025, 165, 1025
1, 8052, 120780165, 120781025, 165, 1025
1, 8053, 120795165, 120796025, 165, 1025
1, 8054, 120810165, 120811428, 165, 1428
1, 8055, 120825165, 120826724, 165, 1724
1, 8056, 120840165, 120841025, 165, 1025
1, 8057, 120855165, 120856025, 165, 1025
1, 8058, 120870165, 120871025, 165, 1025
1, 8059, 120885165, 120889336, 165, 4336
1, 806, 12090165, 12091777, 165, 1777
1, 8060, 120900165, 120902843, 165, 2843
1, 8061, 120915165, 120916025, 165, 1025
1, 8062, 120930165, 120931025, 165, 1025
1, 8063, 120945165, 120946025, 165, 1025
1, 8064, 120960165, 120964572, 165, 4572
1, 8065, 120975165, 120976025, 165, 1025
1, 8066, 120990165, 120991025, 165, 1025
1, 8067, 121005165, 121006025, 165, 1025
1, 8068, 121020165, 121021025, 165, 1025
1, 8069, 121035165, 121036025, 165, 1025
1, 807, 12105165, 12106025, 165, 1025
1, 8070, 121050165, 121051495, 165, 1495
1, 8071, 121065165, 121066025, 165, 1025
1, 8072, 121080165, 121081025, 165, 1025
1, 8073, 121095165, 121096025, 165, 1025
1, 8074, 121110165, 121111025, 165, 1025
1, 8075, 121125165, 121126724, 165, 1724
1, 8076, 121140165, 121142829, 165, 2829
1, 8077, 121155165, 121156025, 165, 1025
1, 8078, 121170165, 121172864, 165, 2864
1, 8079, 121185165, 121186025, 165, 1025
1, 808, 12120165, 12121025, 165, 1025
1, 8080, 121200165, 121202843, 165, 2843
1, 8081, 121215165, 121216025, 165, 1025
1, 8082, 121230165, 121231025, 165, 1025
1, 8083, 121245165, 121246025, 165, 1025
1, 8084, 121260165, 121261025, 165, 1025
1, 8085, 121275165, 121276025, 165, 1025
1, 8086, 121290165, 121291025, 165, 1025
1, 8087, 121305165, 121306025, 165, 1025
1, 8088, 121320165, 121321495, 165, 1495
1, 8089, 121335165, 121336025, 165, 1025
1, 809, 12135165, 12136025, 165, 1025
1, 8090, 121350165, 121351495, 165, 1495
1, 8091, 121365165, 121366025, 165, 1025
1, 8092, 121380165, 121382606, 165, 2606
1, 8093, 121395165, 121396025, 165, 1025
1, 8094, 121410165, 121411025, 165, 1025
1, 8095, 121425165, 121426025, 165, 1025
1, 8096, 121440165, 121441495, 165, 1495
1, 8097, 121455165, 121456025, 165, 1025
1, 8098, 121470165, 121471025, 165, 1025
1, 8099, 121485165, 121486025, 165, 1025
1, 81, 1215165, 1216025, 165, 1025
1, 810, 12150165, 12151495, 165, 1495
1, 8100, 121500165, 121501495, 165, 1495
1, 8101, 121515165, 121516025, 165, 1025
1, 8102, 121530165, 121531025, 165, 1025
1, 8103, 121545165, 121546025, 165, 1025
1, 8104, 121560165, 121562829, 165, 2829
1, 8105, 121575165, 121576025, 165, 1025
1, 8106, 121590165, 121592864, 165, 2864
1, 8107, 121605165, 121606025, 165, 1025
1, 8108, 121620165, 121621025, 165, 1025
1, 8109, 121635165, 121636025, 165, 1025
1, 811, 12165165, 12171552, 165, 6552
1, 8110, 121650165, 121651495, 165, 1495
1, 8111, 121665165, 121666025, 165, 1025
1, 8112, 121680165, 121681495, 165, 1495
1, 8113, 121695165, 121696025, 165, 1025
1, 8114, 121710165, 121711025, 165, 1025
1, 8115, 121725165, 121726025, 165, 1025
1, 8116, 121740165, 121741495, 165, 1495
1, 8117, 121755165, 121756025, 165, 1025
1, 8118, 121770165, 121771025, 165, 1025
1, 8119, 121785165, 121786025, 165, 1025
1, 812, 12180165, 12182606, 165, 2606
1, 8120, 121800165, 121803468, 165, 3468
1, 8121, 121815165, 121816025, 165, 1025
1, 8122, 121830165, 121831025, 165, 1025
1, 8123, 121845165, 121846025, 165, 1025
1, 8124, 121860165, 121861025, 165, 1025
1, 8125, 121875165, 121876724, 165, 1724
1, 8126, 121890165, 121891025, 165, 1025
1, 8127, 121905165, 121906724, 165, 1724
1, 8128, 121920165, 121922851, 165, 2851
1, 8129, 121935165, 121936025, 165, 1025
1, 813, 12195165, 12196025, 165, 1025
1, 8130, 121950165, 121951025, 165, 1025
1, 8131, 121965165, 121966025, 165, 1025
1, 8132, 121980165, 121982829, 165, 2829
1, 8133, 121995165, 121996025, 165, 1025
1, 8134, 122010165, 122012864, 165, 2864
1, 8135, 122025165, 122026025, 165, 1025
1, 8136, 122040165, 122041025, 165, 1025
1, 8137, 122055165, 122056025, 165, 1025
1, 8138, 122070165, 122071025, 165, 1025
1, 8139, 122085165, 122090086, 165, 5086
1, 814, 12210165, 12211025, 165, 1025
1, 8140, 122100165, 122101495, 165, 1495
1, 8141, 122115165, 122116025, 165, 1025
1, 8142, 122130165, 122131025, 165, 1025
1, 8143, 122145165, 122146025, 165, 1025
1, 8144, 122160165, 122162851, 165, 2851
1, 8145, 122175165, 122176025, 165, 1025
1, 8146, 122190165, 122191025, 165, 1025
1, 8147, 122205165, 122206025, 165, 1025
1, 8148, 122220165, 122223444, 165, 3444
1, 8149, 122235165, 122236025, 165, 1025
1, 815, 12225165, 12226025, 165, 1025
1, 8150, 122250165, 122252859, 165, 2859
1, 8151, 122265165, 122266025, 165, 1025
1, 8152, 122280165, 122281025, 165, 1025
1, 8153, 122295165, 122296025, 165, 1025
1, 8154, 122310165, 122311025, 165, 1025
1, 8155, 122325165, 122331554, 165, 6554
1, 8156, 122340165, 122341495, 165, 1495
1, 8157, 122355165, 122356025, 165, 1025
1, 8158, 122370165, 122371025, 165, 1025
1, 8159, 122385165, 122386025, 165, 1025
1, 816, 12240165, 12242851, 165, 2851
1, 8160, 122400165, 122403440, 165, 3440
1, 8161, 122415165, 122416025, 165, 1025
1, 8162, 122430165, 122433318, 165, 3318
1, 8163, 122445165, 122446025, 165, 1025
1, 8164, 122460165, 122461025, 165, 1025
1, 8165, 122475165, 122476025, 165, 1025
1, 8166, 122490165, 122491025, 165, 1025
1, 8167, 122505165, 122507136, 165, 2136
1, 8168, 122520165, 122521495, 165, 1495
1, 8169, 122535165, 122536025, 165, 1025
1, 817, 12255165, 12259568, 165, 4568
1, 8170, 122550165, 122551025, 165, 1025
1, 8171, 122565165, 122566025, 165, 1025
1, 8172, 122580165, 122581495, 165, 1495
1, 8173, 122595165, 122596025, 165, 1025
1, 8174, 122610165, 122611025, 165, 1025
1, 8175, 122625165, 122626025, 165, 1025
1, 8176, 122640165, 122642606, 165, 2606
1, 8177, 122655165, 122656025, 165, 1025
1, 8178, 122670165, 122671025, 165, 1025
1, 8179, 122685165, 122686025, 165, 1025
1, 818, 12270165, 12271025, 165, 1025
1, 8180, 122700165, 122701495, 165, 1495
1, 8181, 122715165, 122716025, 165, 1025
1, 8182, 122730165, 122731025, 165, 1025
1, 8183, 122745165, 122746025, 165, 1025
1, 8184, 122760165, 122761495, 165, 1495
1, 8185, 122775165, 122776025, 165, 1025
1, 8186, 122790165, 122791025, 165, 1025
1, 8187, 122805165, 122806025, 165, 1025
1, 8188, 122820165, 122821495, 165, 1495
1, 8189, 122835165, 122836025, 165, 1025
1, 819, 12285165, 12286025, 165, 1025
1, 8190, 122850165, 122852606, 165, 2606
1, 8191, 122865165, 122866025, 165, 1025
1, 8192, 122880165, 122881495, 165, 1495
1, 8193, 122895165, 122896025, 165, 1025
1, 8194, 122910165, 122911025, 165, 1025
1, 8195, 122925165, 122929627, 165, 4627
1, 8196, 122940165, 122941495, 165, 1495
1, 8197, 122955165, 122956025, 165, 1025
1, 8198, 122970165, 122971025, 165, 1025
1, 8199, 122985165, 122986025, 165, 1025
1, 82, 1230165, 1231025, 165, 1025
1, 820, 12300165, 12301495, 165, 1495
1, 8200, 123000165, 123002843, 165, 2843
1, 8201, 123015165, 123016025, 165, 1025
1, 8202, 123030165, 123031025, 165, 1025
1, 8203, 123045165, 123046025, 165, 1025
1, 8204, 123060165, 123063444, 165, 3444
1, 8205, 123075165, 123076025, 165, 1025
1, 8206, 123090165, 123091025, 165, 1025
1, 8207, 123105165, 123106025, 165, 1025
1, 8208, 123120165, 123121495, 165, 1495
1, 8209, 123135165, 123136025, 165, 1025
1, 821, 12315165, 12316025, 165, 1025
1, 8210, 123150165, 123151025, 165, 1025
1, 8211, 123165165, 123166025, 165, 1025
1, 8212, 123180165, 123181495, 165, 1495
1, 8213, 123195165, 123196025, 165, 1025
1, 8214, 123210165, 123211025, 165, 1025
1, 8215, 123225165, 123226025, 165, 1025
1, 8216, 123240165, 123241495, 165, 1495
1, 8217, 123255165, 123256025, 165, 1025
1, 8218, 123270165, 123272606, 165, 2606
1, 8219, 123285165, 123286025, 165, 1025
1, 822, 12330165, 12331025, 165, 1025
1, 8220, 123300165, 123301495, 165, 1495
1, 8221, 123315165, 123316025, 165, 1025
1, 8222, 123330165, 123331025, 165, 1025
1, 8223, 123345165, 123351183, 165, 6183
1, 8224, 123360165, 123362851, 165, 2851
1, 8225, 123375165, 123376217, 165, 1217
1, 8226, 123390165, 123391025, 165, 1025
1, 8227, 123405165, 123406025, 165, 1025
1, 8228, 123420165, 123421495, 165, 1495
1, 8229, 123435165, 123436025, 165, 1025
1, 823, 12345165, 12346025, 165, 1025
1, 8230, 123450165, 123452801, 165, 2801
1, 8231, 123465165, 123466025, 165, 1025
1, 8232, 123480165, 123483444, 165, 3444
1, 8233, 123495165, 123496025, 165, 1025
1, 8234, 123510165, 123511025, 165, 1025
1, 8235, 123525165, 123528032, 165, 3032
1, 8236, 123540165, 123541495, 165, 1495
1, 8237, 123555165, 123556025, 165, 1025
1, 8238, 123570165, 123571025, 165, 1025
1, 8239, 123585165, 123586025, 165, 1025
1, 824, 12360165, 12361495, 165, 1495
1, 8240, 123600165, 123603440, 165, 3440
1, 8241, 123615165, 123616025, 165, 1025
1, 8242, 123630165, 123631025, 165, 1025
1, 8243, 123645165, 123646025, 165, 1025
1, 8244, 123660165, 123661495, 165, 1495
1, 8245, 123675165, 123676025, 165, 1025
1, 8246, 123690165, 123692606, 165, 2606
1, 8247, 123705165, 123706025, 165, 1025
1, 8248, 123720165, 123721025, 165, 1025
1, 8249, 123735165, 123736025, 165, 1025
1, 825, 12375165, 12376025, 165, 1025
1, 8250, 123750165, 123751025, 165, 1025
1, 8251, 123765165, 123770086, 165, 5086
1, 8252, 123780165, 123781495, 165, 1495
1, 8253, 123795165, 123796025, 165, 1025
1, 8254, 123810165, 123811025, 165, 1025
1, 8255, 123825165, 123826025, 165, 1025
1, 8256, 123840165, 123841495, 165, 1495
1, 8257, 123855165, 123856025, 165, 1025
1, 8258, 123870165, 123871495, 165, 1495
1, 8259, 123885165, 123886025, 165, 1025
1, 826, 12390165, 12392864, 165, 2864
1, 8260, 123900165, 123903468, 165, 3468
1, 8261, 123915165, 123916025, 165, 1025
1, 8262, 123930165, 123931025, 165, 1025
1, 8263, 123945165, 123946025, 165, 1025
1, 8264, 123960165, 123961495, 165, 1495
1, 8265, 123975165, 123976724, 165, 1724
1, 8266, 123990165, 123991025, 165, 1025
1, 8267, 124005165, 124006025, 165, 1025
1, 8268, 124020165, 124021495, 165, 1495
1, 8269, 124035165, 124036025, 165, 1025
1, 827, 12405165, 12406025, 165, 1025
1, 8270, 124050165, 124051025, 165, 1025
1, 8271, 124065165, 124066025, 165, 1025
1, 8272, 124080165, 124082829, 165, 2829
1, 8273, 124095165, 124096025, 165, 1025
1, 8274, 124110165, 124112606, 165, 2606
1, 8275, 124125165, 124126025, 165, 1025
1, 8276, 124140165, 124141025, 165, 1025
1, 8277, 124155165, 124156025, 165, 1025
1, 8278, 124170165, 124171025, 165, 1025
1, 8279, 124185165, 124186724, 165, 1724
1, 828, 12420165, 12421495, 165, 1495
1, 8280, 124200165, 124202843, 165, 2843
1, 8281, 124215165, 124216025, 165, 1025
1, 8282, 124230165, 124231025, 165, 1025
1, 8283, 124245165, 124246025, 165, 1025
1, 8284, 124260165, 124261025, 165, 1025
1, 8285, 124275165, 124276025, 165, 1025
1, 8286, 124290165, 124291495, 165, 1495
1, 8287, 124305165, 124306025, 165, 1025
1, 8288, 124320165, 124322606, 165, 2606
1, 8289, 124335165, 124336025, 165, 1025
1, 829, 12435165, 12436025, 165, 1025
1, 8290, 124350165, 124351025, 165, 1025
1, 8291, 124365165, 124366291, 165, 1291
1, 8292, 124380165, 124381495, 165, 1495
1, 8293, 124395165, 124396025, 165, 1025
1, 8294, 124410165, 124411025, 165, 1025
1, 8295, 124425165, 124426025, 165, 1025
1, 8296, 124440165, 124441495, 165, 1495
1, 8297, 124455165, 124456025, 165, 1025
1, 8298, 124470165, 124471025, 165, 1025
1, 8299, 124485165, 124486025, 165, 1025
1, 83, 1245165, 1246025, 165, 1025
1, 830, 12450165, 12451025, 165, 1025
1, 8300, 124500165, 124502828, 165, 2828
1, 8301, 124515165, 124516025, 165, 1025
1, 8302, 124530165, 124532606, 165, 2606
1, 8303, 124545165, 124546116, 165, 1116
1, 8304, 124560165, 124562851, 165, 2851
1, 8305, 124575165, 124576025, 165, 1025
1, 8306, 124590165, 124591025, 165, 1025
1, 8307, 124605165, 124606025, 165, 1025
1, 8308, 124620165, 124621495, 165, 1495
1, 8309, 124635165, 124636025, 165, 1025
1, 831, 12465165, 12466025, 165, 1025
1, 8310, 124650165, 124651025, 165, 1025
1, 8311, 124665165, 124666025, 165, 1025
1, 8312, 124680165, 124681025, 165, 1025
1, 8313, 124695165, 124696025, 165, 1025
1, 8314, 124710165, 124711495, 165, 1495
1, 8315, 124725165, 124726724, 165, 1724
1, 8316, 124740165, 124743444, 165, 3444
1, 8317, 124755165, 124756025, 165, 1025
1, 8318, 124770165, 124771025, 165, 1025
1, 8319, 124785165, 124786025, 165, 1025
1, 832, 12480165, 12481495, 165, 1495
1, 8320, 124800165, 124803440, 165, 3440
1, 8321, 124815165, 124816025, 165, 1025
1, 8322, 124830165, 124831025, 165, 1025
1, 8323, 124845165, 124846025, 165, 1025
1, 8324, 124860165, 124861025, 165, 1025
1, 8325, 124875165, 124876025, 165, 1025
1, 8326, 124890165, 124892497, 165, 2497
1, 8327, 124905165, 124906025, 165, 1025
1, 8328, 124920165, 124921495, 165, 1495
1, 8329, 124935165, 124936025, 165, 1025
1, 833, 12495165, 12496025, 165, 1025
1, 8330, 124950165, 124952606, 165, 2606
1, 8331, 124965165, 124966025, 165, 1025
1, 8332, 124980165, 124981314, 165, 1314
1, 8333, 124995165, 124996025, 165, 1025
1, 8334, 125010165, 125011025, 165, 1025
1, 8335, 125025165, 125026724, 165, 1724
1, 8336, 125040165, 125042851, 165, 2851
1, 8337, 125055165, 125056025, 165, 1025
1, 8338, 125070165, 125071025, 165, 1025
1, 8339, 125085165, 125086025, 165, 1025
1, 834, 12510165, 12511025, 165, 1025
1, 8340, 125100165, 125101495, 165, 1495
1, 8341, 125115165, 125116025, 165, 1025
1, 8342, 125130165, 125132605, 165, 2605
1, 8343, 125145165, 125146025, 165, 1025
1, 8344, 125160165, 125163444, 165, 3444
1, 8345, 125175165, 125176025, 165, 1025
1, 8346, 125190165, 125191025, 165, 1025
1, 8347, 125205165, 125206025, 165, 1025
1, 8348, 125220165, 125221495, 165, 1495
1, 8349, 125235165, 125236025, 165, 1025
1, 835, 12525165, 12526025, 165, 1025
1, 8350, 125250165, 125251025, 165, 1025
1, 8351, 125265165, 125266025, 165, 1025
1, 8352, 125280165, 125281495, 165, 1495
1, 8353, 125295165, 125296025, 165, 1025
1, 8354, 125310165, 125312097, 165, 2097
1, 8355, 125325165, 125326025, 165, 1025
1, 8356, 125340165, 125341495, 165, 1495
1, 8357, 125355165, 125356025, 165, 1025
1, 8358, 125370165, 125372864, 165, 2864
1, 8359, 125385165, 125386763, 165, 1763
1, 836, 12540165, 12541025, 165, 1025
1, 8360, 125400165, 125402843, 165, 2843
1, 8361, 125415165, 125416025, 165, 1025
1, 8362, 125430165, 125431025, 165, 1025
1, 8363, 125445165, 125446724, 165, 1724
1, 8364, 125460165, 125461495, 165, 1495
1, 8365, 125475165, 125476724, 165, 1724
1, 8366, 125490165, 125491025, 165, 1025
1, 8367, 125505165, 125506025, 165, 1025
1, 8368, 125520165, 125521495, 165, 1495
1, 8369, 125535165, 125536025, 165, 1025
1, 837, 12555165, 12556025, 165, 1025
1, 8370, 125550165, 125552834, 165, 2834
1, 8371, 125565165, 125566025, 165, 1025
1, 8372, 125580165, 125583444, 165, 3444
1, 8373, 125595165, 125596025, 165, 1025
1, 8374, 125610165, 125611025, 165, 1025
1, 8375, 125625165, 125626025, 165, 1025
1, 8376, 125640165, 125641495, 165, 1495
1, 8377, 125655165, 125656025, 165, 1025
1, 8378, 125670165, 125671025, 165, 1025
1, 8379, 125685165, 125686025, 165, 1025
1, 838, 12570165, 12571025, 165, 1025
1, 8380, 125700165, 125701495, 165, 1495
1, 8381, 125715165, 125716025, 165, 1025
1, 8382, 125730165, 125731025, 165, 1025
1, 8383, 125745165, 125746025, 165, 1025
1, 8384, 125760165, 125762829, 165, 2829
1, 8385, 125775165, 125776025, 165, 1025
1, 8386, 125790165, 125792864, 165, 2864
1, 8387, 125805165, 125806025, 165, 1025
1, 8388, 125820165, 125821495, 165, 1495
1, 8389, 125835165, 125836025, 165, 1025
1, 839, 12585165, 12586025, 165, 1025
1, 8390, 125850165, 125851025, 165, 1025
1, 8391, 125865165, 125866025, 165, 1025
1, 8392, 125880165, 125881025, 165, 1025
1, 8393, 125895165, 125896025, 165, 1025
1, 8394, 125910165, 125911025, 165, 1025
1, 8395, 125925165, 125926025, 165, 1025
1, 8396, 125940165, 125941025, 165, 1025
1, 8397, 125955165, 125956025, 165, 1025
1, 8398, 125970165, 125971495, 165, 1495
1, 8399, 125985165, 125986025, 165, 1025
1, 84, 1260165, 1263444, 165, 3444
1, 840, 12600165, 12602606, 165, 2606
1, 8400, 126000165, 126003726, 165, 3726
1, 8401, 126015165, 126016025, 165, 1025
1, 8402, 126030165, 126031025, 165, 1025
1, 8403, 126045165, 126046025, 165, 1025
1, 8404, 126060165, 126061495, 165, 1495
1, 8405, 126075165, 126076724, 165, 1724
1, 8406, 126090165, 126091025, 165, 1025
1, 8407, 126105165, 126106025, 165, 1025
1, 8408, 126120165, 126121025, 165, 1025
1, 8409, 126135165, 126136025, 165, 1025
1, 841, 12615165, 12616025, 165, 1025
1, 8410, 126150165, 126151495, 165, 1495
1, 8411, 126165165, 126166259, 165, 1259
1, 8412, 126180165, 126181495, 165, 1495
1, 8413, 126195165, 126196025, 165, 1025
1, 8414, 126210165, 126212864, 165, 2864
1, 8415, 126225165, 126226025, 165, 1025
1, 8416, 126240165, 126242851, 165, 2851
1, 8417, 126255165, 126256025, 165, 1025
1, 8418, 126270165, 126271025, 165, 1025
1, 8419, 126285165, 126286025, 165, 1025
1, 842, 12630165, 12631025, 165, 1025
1, 8420, 126300165, 126301495, 165, 1495
1, 8421, 126315165, 126316025, 165, 1025
1, 8422, 126330165, 126331025, 165, 1025
1, 8423, 126345165, 126346025, 165, 1025
1, 8424, 126360165, 126361025, 165, 1025
1, 8425, 126375165, 126376025, 165, 1025
1, 8426, 126390165, 126391025, 165, 1025
1, 8427, 126405165, 126411556, 165, 6556
1, 8428, 126420165, 126422606, 165, 2606
1, 8429, 126435165, 126436025, 165, 1025
1, 843, 12645165, 12646025, 165, 1025
1, 8430, 126450165, 126451025, 165, 1025
1, 8431, 126465165, 126466025, 165, 1025
1, 8432, 126480165, 126482851, 165, 2851
1, 8433, 126495165, 126499558, 165, 4558
1, 8434, 126510165, 126511025, 165, 1025
1, 8435, 126525165, 126526025, 165, 1025
1, 8436, 126540165, 126541025, 165, 1025
1, 8437, 126555165, 126556025, 165, 1025
1, 8438, 126570165, 126571025, 165, 1025
1, 8439, 126585165, 126586025, 165, 1025
1, 844, 12660165, 12661025, 165, 1025
1, 8440, 126600165, 126602828, 165, 2828
1, 8441, 126615165, 126616025, 165, 1025
1, 8442, 126630165, 126632864, 165, 2864
1, 8443, 126645165, 126646025, 165, 1025
1, 8444, 126660165, 126661495, 165, 1495
1, 8445, 126675165, 126676025, 165, 1025
1, 8446, 126690165, 126691025, 165, 1025
1, 8447, 126705165, 126706025, 165, 1025
1, 8448, 126720165, 126721495, 165, 1495
1, 8449, 126735165, 126736025, 165, 1025
1, 845, 12675165, 12681183, 165, 6183
1, 8450, 126750165, 126751495, 165, 1495
1, 8451, 126765165, 126766025, 165, 1025
1, 8452, 126780165, 126781025, 165, 1025
1, 8453, 126795165, 126796025, 165, 1025
1, 8454, 126810165, 126811025, 165, 1025
1, 8455, 126825165, 126826025, 165, 1025
1, 8456, 126840165, 126842606, 165, 2606
1, 8457, 126855165, 126856025, 165, 1025
1, 8458, 126870165, 126871025, 165, 1025
1, 8459, 126885165, 126886025, 165, 1025
1, 846, 12690165, 12691025, 165, 1025
1, 8460, 126900165, 126901495, 165, 1495
1, 8461, 126915165, 126921183, 165, 6183
1, 8462, 126930165, 126931025, 165, 1025
1, 8463, 126945165, 126946025, 165, 1025
1, 8464, 126960165, 126961495, 165, 1495
1, 8465, 126975165, 126976025, 165, 1025
1, 8466, 126990165, 126991025, 165, 1025
1, 8467, 127005165, 127006266, 165, 1266
1, 8468, 127020165, 127022829, 165, 2829
1, 8469, 127035165, 127036025, 165, 1025
1, 847, 12705165, 12706025, 165, 1025
1, 8470, 127050165, 127053468, 165, 3468
1, 8471, 127065165, 127066025, 165, 1025
1, 8472, 127080165, 127081495, 165, 1495
1, 8473, 127095165, 127096025, 165, 1025
1, 8474, 127110165, 127111025, 165, 1025
1, 8475, 127125165, 127127127, 165, 2127
1, 8476, 127140165, 127141025, 165, 1025
1, 8477, 127155165, 127156025, 165, 1025
1, 8478, 127170165, 127171025, 165, 1025
1, 8479, 127185165, 127186025, 165, 1025
1, 848, 12720165, 12721495, 165, 1495
1, 8480, 127200165, 127202843, 165, 2843
1, 8481, 127215165, 127216025, 165, 1025
1, 8482, 127230165, 127231025, 165, 1025
1, 8483, 127245165, 127246025, 165, 1025
1, 8484, 127260165, 127262606, 165, 2606
1, 8485, 127275165, 127276025, 165, 1025
1, 8486, 127290165, 127291025, 165, 1025
1, 8487, 127305165, 127306025, 165, 1025
1, 8488, 127320165, 127321025, 165, 1025
1, 8489, 127335165, 127336025, 165, 1025
1, 849, 12735165, 12736025, 165, 1025
1, 8490, 127350165, 127351495, 165, 1495
1, 8491, 127365165, 127366025, 165, 1025
1, 8492, 127380165, 127381025, 165, 1025
1, 8493, 127395165, 127396025, 165, 1025
1, 8494, 127410165, 127411025, 165, 1025
1, 8495, 127425165, 127426025, 165, 1025
1, 8496, 127440165, 127443393, 165, 3393
1, 8497, 127455165, 127456025, 165, 1025
1, 8498, 127470165, 127472864, 165, 2864
1, 8499, 127485165, 127486025, 165, 1025
1, 85, 1275165, 1276025, 165, 1025
1, 850, 12750165, 12751495, 165, 1495
1, 8500, 127500165, 127502843, 165, 2843
1, 8501, 127515165, 127516025, 165, 1025
1, 8502, 127530165, 127531025, 165, 1025
1, 8503, 127545165, 127546025, 165, 1025
1, 8504, 127560165, 127561025, 165, 1025
1, 8505, 127575165, 127576025, 165, 1025
1, 8506, 127590165, 127591025, 165, 1025
1, 8507, 127605165, 127606025, 165, 1025
1, 8508, 127620165, 127621025, 165, 1025
1, 8509, 127635165, 127636025, 165, 1025
1, 851, 12765165, 12766025, 165, 1025
1, 8510, 127650165, 127651495, 165, 1495
1, 8511, 127665165, 127666025, 165, 1025
1, 8512, 127680165, 127684572, 165, 4572
1, 8513, 127695165, 127696025, 165, 1025
1, 8514, 127710165, 127711025, 165, 1025
1, 8515, 127725165, 127726025, 165, 1025
1, 8516, 127740165, 127741025, 165, 1025
1, 8517, 127755165, 127756724, 165, 1724
1, 8518, 127770165, 127771413, 165, 1413
1, 8519, 127785165, 127786025, 165, 1025
1, 852, 12780165, 12782829, 165, 2829
1, 8520, 127800165, 127801495, 165, 1495
1, 8521, 127815165, 127816025, 165, 1025
1, 8522, 127830165, 127831025, 165, 1025
1, 8523, 127845165, 127846025, 165, 1025
1, 8524, 127860165, 127862829, 165, 2829
1, 8525, 127875165, 127876025, 165, 1025
1, 8526, 127890165, 127892864, 165, 2864
1, 8527, 127905165, 127906025, 165, 1025
1, 8528, 127920165, 127921495, 165, 1495
1, 8529, 127935165, 127936025, 165, 1025
1, 853, 12795165, 12796025, 165, 1025
1, 8530, 127950165, 127951495, 165, 1495
1, 8531, 127965165, 127966025, 165, 1025
1, 8532, 127980165, 127981025, 165, 1025
1, 8533, 127995165, 127996025, 165, 1025
1, 8534, 128010165, 128011025, 165, 1025
1, 8535, 128025165, 128026025, 165, 1025
1, 8536, 128040165, 128041495, 165, 1495
1, 8537, 128055165, 128056025, 165, 1025
1, 8538, 128070165, 128071025, 165, 1025
1, 8539, 128085165, 128086025, 165, 1025
1, 854, 12810165, 12812864, 165, 2864
1, 8540, 128100165, 128102606, 165, 2606
1, 8541, 128115165, 128116025, 165, 1025
1, 8542, 128130165, 128131025, 165, 1025
1, 8543, 128145165, 128146025, 165, 1025
1, 8544, 128160165, 128161495, 165, 1495
1, 8545, 128175165, 128176724, 165, 1724
1, 8546, 128190165, 128191025, 165, 1025
1, 8547, 128205165, 128206025, 165, 1025
1, 8548, 128220165, 128221025, 165, 1025
1, 8549, 128235165, 128236025, 165, 1025
1, 855, 12825165, 12826025, 165, 1025
1, 8550, 128250165, 128251025, 165, 1025
1, 8551, 128265165, 128266025, 165, 1025
1, 8552, 128280165, 128282851, 165, 2851
1, 8553, 128295165, 128296025, 165, 1025
1, 8554, 128310165, 128312864, 165, 2864
1, 8555, 128325165, 128326025, 165, 1025
1, 8556, 128340165, 128341025, 165, 1025
1, 8557, 128355165, 128356025, 165, 1025
1, 8558, 128370165, 128371025, 165, 1025
1, 8559, 128385165, 128386025, 165, 1025
1, 856, 12840165, 12841495, 165, 1495
1, 8560, 128400165, 128402843, 165, 2843
1, 8561, 128415165, 128416025, 165, 1025
1, 8562, 128430165, 128431025, 165, 1025
1, 8563, 128445165, 128446025, 165, 1025
1, 8564, 128460165, 128462145, 165, 2145
1, 8565, 128475165, 128476025, 165, 1025
1, 8566, 128490165, 128491025, 165, 1025
1, 8567, 128505165, 128506025, 165, 1025
1, 8568, 128520165, 128522606, 165, 2606
1, 8569, 128535165, 128536025, 165, 1025
1, 857, 12855165, 12856025, 165, 1025
1, 8570, 128550165, 128551495, 165, 1495
1, 8571, 128565165, 128566025, 165, 1025
1, 8572, 128580165, 128581025, 165, 1025
1, 8573, 128595165, 128596025, 165, 1025
1, 8574, 128610165, 128611025, 165, 1025
1, 8575, 128625165, 128626724, 165, 1724
1, 8576, 128640165, 128641495, 165, 1495
1, 8577, 128655165, 128656025, 165, 1025
1, 8578, 128670165, 128671025, 165, 1025
1, 8579, 128685165, 128686025, 165, 1025
1, 858, 12870165, 12871025, 165, 1025
1, 8580, 128700165, 128703324, 165, 3324
1, 8581, 128715165, 128716025, 165, 1025
1, 8582, 128730165, 128732864, 165, 2864
1, 8583, 128745165, 128746025, 165, 1025
1, 8584, 128760165, 128761025, 165, 1025
1, 8585, 128775165, 128776025, 165, 1025
1, 8586, 128790165, 128791025, 165, 1025
1, 8587, 128805165, 128811424, 165, 6424
1, 8588, 128820165, 128821025, 165, 1025
1, 8589, 128835165, 128836025, 165, 1025
1, 859, 12885165, 12886724, 165, 1724
1, 8590, 128850165, 128851025, 165, 1025
1, 8591, 128865165, 128866025, 165, 1025
1, 8592, 128880165, 128883063, 165, 3063
1, 8593, 128895165, 128896025, 165, 1025
1, 8594, 128910165, 128911025, 165, 1025
1, 8595, 128925165, 128926025, 165, 1025
1, 8596, 128940165, 128943444, 165, 3444
1, 8597, 128955165, 128956025, 165, 1025
1, 8598, 128970165, 128971495, 165, 1495
1, 8599, 128985165, 128986025, 165, 1025
1, 86, 1290165, 1291413, 165, 1413
1, 860, 12900165, 12901495, 165, 1495
1, 8600, 129000165, 129001495, 165, 1495
1, 8601, 129015165, 129016025, 165, 1025
1, 8602, 129030165, 129031025, 165, 1025
1, 8603, 129045165, 129049325, 165, 4325
1, 8604, 129060165, 129061495, 165, 1495
1, 8605, 129075165, 129076025, 165, 1025
1, 8606, 129090165, 129091025, 165, 1025
1, 8607, 129105165, 129106025, 165, 1025
1, 8608, 129120165, 129123393, 165, 3393
1, 8609, 129135165, 129136025, 165, 1025
1, 861, 12915165, 12916025, 165, 1025
1, 8610, 129150165, 129152606, 165, 2606
1, 8611, 129165165, 129166025, 165, 1025
1, 8612, 129180165, 129181025, 165, 1025
1, 8613, 129195165, 129196025, 165, 1025
1, 8614, 129210165, 129211025, 165, 1025
1, 8615, 129225165, 129226483, 165, 1483
1, 8616, 129240165, 129241025, 165, 1025
1, 8617, 129255165, 129256025, 165, 1025
1, 8618, 129270165, 129271025, 165, 1025
1, 8619, 129285165, 129286025, 165, 1025
1, 862, 12930165, 12931025, 165, 1025
1, 8620, 129300165, 129302843, 165, 2843
1, 8621, 129315165, 129316025, 165, 1025
1, 8622, 129330165, 129331025, 165, 1025
1, 8623, 129345165, 129346025, 165, 1025
1, 8624, 129360165, 129362606, 165, 2606
1, 8625, 129375165, 129376025, 165, 1025
1, 8626, 129390165, 129391025, 165, 1025
1, 8627, 129405165, 129406025, 165, 1025
1, 8628, 129420165, 129421025, 165, 1025
1, 8629, 129435165, 129436025, 165, 1025
1, 863, 12945165, 12946025, 165, 1025
1, 8630, 129450165, 129451025, 165, 1025
1, 8631, 129465165, 129466025, 165, 1025
1, 8632, 129480165, 129481495, 165, 1495
1, 8633, 129495165, 129496025, 165, 1025
1, 8634, 129510165, 129511025, 165, 1025
1, 8635, 129525165, 129526025, 165, 1025
1, 8636, 129540165, 129542829, 165, 2829
1, 8637, 129555165, 129556025, 165, 1025
1, 8638, 129570165, 129573318, 165, 3318
1, 8639, 129585165, 129586025, 165, 1025
1, 864, 12960165, 12961495, 165, 1495
1, 8640, 129600165, 129602843, 165, 2843
1, 8641, 129615165, 129616025, 165, 1025
1, 8642, 129630165, 129631025, 165, 1025
1, 8643, 129645165, 129649336, 165, 4336
1, 8644, 129660165, 129661495, 165, 1495
1, 8645, 129675165, 129676025, 165, 1025
1, 8646, 129690165, 129691025, 165, 1025
1, 8647, 129705165, 129706025, 165, 1025
1, 8648, 129720165, 129721495, 165, 1495
1, 8649, 129735165, 129736025, 165, 1025
1, 865, 12975165, 12976025, 165, 1025
1, 8650, 129750165, 129751495, 165, 1495
1, 8651, 129765165, 129766025, 165, 1025
1, 8652, 129780165, 129783444, 165, 3444
1, 8653, 129795165, 129796025, 165, 1025
1, 8654, 129810165, 129811025, 165, 1025
1, 8655, 129825165, 129826025, 165, 1025
1, 8656, 129840165, 129841495, 165, 1495
1, 8657, 129855165, 129856025, 165, 1025
1, 8658, 129870165, 129871025, 165, 1025
1, 8659, 129885165, 129886025, 165, 1025
1, 866, 12990165, 12991025, 165, 1025
1, 8660, 129900165, 129902843, 165, 2843
1, 8661, 129915165, 129916025, 165, 1025
1, 8662, 129930165, 129931025, 165, 1025
1, 8663, 129945165, 129946025, 165, 1025
1, 8664, 129960165, 129961495, 165, 1495
1, 8665, 129975165, 129976025, 165, 1025
1, 8666, 129990165, 129992606, 165, 2606
1, 8667, 130005165, 130006025, 165, 1025
1, 8668, 130020165, 130021025, 165, 1025
1, 8669, 130035165, 130036025, 165, 1025
1, 867, 13005165, 13006025, 165, 1025
1, 8670, 130050165, 130051495, 165, 1495
1, 8671, 130065165, 130069627, 165, 4627
1, 8672, 130080165, 130082851, 165, 2851
1, 8673, 130095165, 130096025, 165, 1025
1, 8674, 130110165, 130111025, 165, 1025
1, 8675, 130125165, 130126025, 165, 1025
1, 8676, 130140165, 130141495, 165, 1495
1, 8677, 130155165, 130156025, 165, 1025
1, 8678, 130170165, 130171025, 165, 1025
1, 8679, 130185165, 130186025, 165, 1025
1, 868, 13020165, 13022606, 165, 2606
1, 8680, 130200165, 130203468, 165, 3468
1, 8681, 130215165, 130216025, 165, 1025
1, 8682, 130230165, 130231025, 165, 1025
1, 8683, 130245165, 130246025, 165, 1025
1, 8684, 130260165, 130261025, 165, 1025
1, 8685, 130275165, 130276724, 165, 1724
1, 8686, 130290165, 130291025, 165, 1025
1, 8687, 130305165, 130306025, 165, 1025
1, 8688, 130320165, 130322851, 165, 2851
1, 8689, 130335165, 130336025, 165, 1025
1, 869, 13035165, 13036025, 165, 1025
1, 8690, 130350165, 130351025, 165, 1025
1, 8691, 130365165, 130366025, 165, 1025
1, 8692, 130380165, 130381495, 165, 1495
1, 8693, 130395165, 130396025, 165, 1025
1, 8694, 130410165, 130413260, 165, 3260
1, 8695, 130425165, 130426025, 165, 1025
1, 8696, 130440165, 130441025, 165, 1025
1, 8697, 130455165, 130456025, 165, 1025
1, 8698, 130470165, 130471025, 165, 1025
1, 8699, 130485165, 130490086, 165, 5086
1, 87, 1305165, 1306025, 165, 1025
1, 870, 13050165, 13051025, 165, 1025
1, 8700, 130500165, 130502843, 165, 2843
1, 8701, 130515165, 130516025, 165, 1025
1, 8702, 130530165, 130531025, 165, 1025
1, 8703, 130545165, 130546025, 165, 1025
1, 8704, 130560165, 130562851, 165, 2851
1, 8705, 130575165, 130576025, 165, 1025
1, 8706, 130590165, 130591495, 165, 1495
1, 8707, 130605165, 130606025, 165, 1025
1, 8708, 130620165, 130623444, 165, 3444
1, 8709, 130635165, 130636025, 165, 1025
1, 871, 13065165, 13066025, 165, 1025
1, 8710, 130650165, 130651495, 165, 1495
1, 8711, 130665165, 130666025, 165, 1025
1, 8712, 130680165, 130681025, 165, 1025
1, 8713, 130695165, 130696025, 165, 1025
1, 8714, 130710165, 130711025, 165, 1025
1, 8715, 130725165, 130726724, 165, 1724
1, 8716, 130740165, 130741495, 165, 1495
1, 8717, 130755165, 130756025, 165, 1025
1, 8718, 130770165, 130771025, 165, 1025
1, 8719, 130785165, 130786025, 165, 1025
1, 872, 13080165, 13081025, 165, 1025
1, 8720, 130800165, 130803324, 165, 3324
1, 8721, 130815165, 130816025, 165, 1025
1, 8722, 130830165, 130832606, 165, 2606
1, 8723, 130845165, 130846025, 165, 1025
1, 8724, 130860165, 130861025, 165, 1025
1, 8725, 130875165, 130876025, 165, 1025
1, 8726, 130890165, 130891025, 165, 1025
1, 8727, 130905165, 130908348, 165, 3348
1, 8728, 130920165, 130921495, 165, 1495
1, 8729, 130935165, 130936025, 165, 1025
1, 873, 13095165, 13096025, 165, 1025
1, 8730, 130950165, 130951025, 165, 1025
1, 8731, 130965165, 130966025, 165, 1025
1, 8732, 130980165, 130981025, 165, 1025
1, 8733, 130995165, 130996025, 165, 1025
1, 8734, 131010165, 131011495, 165, 1495
1, 8735, 131025165, 131026025, 165, 1025
1, 8736, 131040165, 131042606, 165, 2606
1, 8737, 131055165, 131056025, 165, 1025
1, 8738, 131070165, 131071025, 165, 1025
1, 8739, 131085165, 131086025, 165, 1025
1, 874, 13110165, 13111025, 165, 1025
1, 8740, 131100165, 131102843, 165, 2843
1, 8741, 131115165, 131116025, 165, 1025
1, 8742, 131130165, 131131025, 165, 1025
1, 8743, 131145165, 131146025, 165, 1025
1, 8744, 131160165, 131161495, 165, 1495
1, 8745, 131175165, 131176025, 165, 1025
1, 8746, 131190165, 131191025, 165, 1025
1, 8747, 131205165, 131206025, 165, 1025
1, 8748, 131220165, 131221495, 165, 1495
1, 8749, 131235165, 131236025, 165, 1025
1, 875, 13125165, 13126724, 165, 1724
1, 8750, 131250165, 131252606, 165, 2606
1, 8751, 131265165, 131266025, 165, 1025
1, 8752, 131280165, 131281495, 165, 1495
1, 8753, 131295165, 131296025, 165, 1025
1, 8754, 131310165, 131311025, 165, 1025
1, 8755, 131325165, 131326853, 165, 1853
1, 8756, 131340165, 131341495, 165, 1495
1, 8757, 131355165, 131356025, 165, 1025
1, 8758, 131370165, 131371025, 165, 1025
1, 8759, 131385165, 131386025, 165, 1025
1, 876, 13140165, 13141025, 165, 1025
1, 8760, 131400165, 131401495, 165, 1495
1, 8761, 131415165, 131416025, 165, 1025
1, 8762, 131430165, 131431495, 165, 1495
1, 8763, 131445165, 131446025, 165, 1025
1, 8764, 131460165, 131463444, 165, 3444
1, 8765, 131475165, 131476025, 165, 1025
1, 8766, 131490165, 131491025, 165, 1025
1, 8767, 131505165, 131506130, 165, 1130
1, 8768, 131520165, 131522851, 165, 2851
1, 8769, 131535165, 131536025, 165, 1025
1, 877, 13155165, 13156025, 165, 1025
1, 8770, 131550165, 131551025, 165, 1025
1, 8771, 131565165, 131566025, 165, 1025
1, 8772, 131580165, 131581495, 165, 1495
1, 8773, 131595165, 131596025, 165, 1025
1, 8774, 131610165, 131611495, 165, 1495
1, 8775, 131625165, 131626025, 165, 1025
1, 8776, 131640165, 131641495, 165, 1495
1, 8777, 131655165, 131656025, 165, 1025
1, 8778, 131670165, 131672606, 165, 2606
1, 8779, 131685165, 131687087, 165, 2087
1, 878, 13170165, 13171025, 165, 1025
1, 8780, 131700165, 131702843, 165, 2843
1, 8781, 131715165, 131716025, 165, 1025
1, 8782, 131730165, 131731025, 165, 1025
1, 8783, 131745165, 131746025, 165, 1025
1, 8784, 131760165, 131762851, 165, 2851
1, 8785, 131775165, 131776724, 165, 1724
1, 8786, 131790165, 131791025, 165, 1025
1, 8787, 131805165, 131806025, 165, 1025
1, 8788, 131820165, 131821025, 165, 1025
1, 8789, 131835165, 131836025, 165, 1025
1, 879, 13185165, 13186763, 165, 1763
1, 8790, 131850165, 131852859, 165, 2859
1, 8791, 131865165, 131866025, 165, 1025
1, 8792, 131880165, 131883444, 165, 3444
1, 8793, 131895165, 131896025, 165, 1025
1, 8794, 131910165, 131911025, 165, 1025
1, 8795, 131925165, 131926724, 165, 1724
1, 8796, 131940165, 131941495, 165, 1495
1, 8797, 131955165, 131956025, 165, 1025
1, 8798, 131970165, 131971025, 165, 1025
1, 8799, 131985165, 131986025, 165, 1025
1, 88, 1320165, 1321025, 165, 1025
1, 880, 13200165, 13203440, 165, 3440
1, 8800, 132000165, 132002843, 165, 2843
1, 8801, 132015165, 132016025, 165, 1025
1, 8802, 132030165, 132031025, 165, 1025
1, 8803, 132045165, 132046025, 165, 1025
1, 8804, 132060165, 132061495, 165, 1495
1, 8805, 132075165, 132076025, 165, 1025
1, 8806, 132090165, 132092606, 165, 2606
1, 8807, 132105165, 132106025, 165, 1025
1, 8808, 132120165, 132121290, 165, 1290
1, 8809, 132135165, 132136025, 165, 1025
1, 881, 13215165, 13216025, 165, 1025
1, 8810, 132150165, 132151025, 165, 1025
1, 8811, 132165165, 132166724, 165, 1724
1, 8812, 132180165, 132181495, 165, 1495
1, 8813, 132195165, 132196025, 165, 1025
1, 8814, 132210165, 132211025, 165, 1025
1, 8815, 132225165, 132226025, 165, 1025
1, 8816, 132240165, 132241495, 165, 1495
1, 8817, 132255165, 132256025, 165, 1025
1, 8818, 132270165, 132271495, 165, 1495
1, 8819, 132285165, 132286025, 165, 1025
1, 882, 13230165, 13232864, 165, 2864
1, 8820, 132300165, 132303468, 165, 3468
1, 8821, 132315165, 132316025, 165, 1025
1, 8822, 132330165, 132331025, 165, 1025
1, 8823, 132345165, 132346025, 165, 1025
1, 8824, 132360165, 132361495, 165, 1495
1, 8825, 132375165, 132376724, 165, 1724
1, 8826, 132390165, 132391025, 165, 1025
1, 8827, 132405165, 132406025, 165, 1025
1, 8828, 132420165, 132421025, 165, 1025
1, 8829, 132435165, 132436025, 165, 1025
1, 883, 13245165, 13246025, 165, 1025
1, 8830, 132450165, 132452728, 165, 2728
1, 8831, 132465165, 132466025, 165, 1025
1, 8832, 132480165, 132482829, 165, 2829
1, 8833, 132495165, 132496025, 165, 1025
1, 8834, 132510165, 132512864, 165, 2864
1, 8835, 132525165, 132526279, 165, 1279
1, 8836, 132540165, 132541495, 165, 1495
1, 8837, 132555165, 132556025, 165, 1025
1, 8838, 132570165, 132571025, 165, 1025
1, 8839, 132585165, 132586025, 165, 1025
1, 884, 13260165, 13261495, 165, 1495
1, 8840, 132600165, 132602843, 165, 2843
1, 8841, 132615165, 132616025, 165, 1025
1, 8842, 132630165, 132631025, 165, 1025
1, 8843, 132645165, 132646025, 165, 1025
1, 8844, 132660165, 132661025, 165, 1025
1, 8845, 132675165, 132676025, 165, 1025
1, 8846, 132690165, 132691495, 165, 1495
1, 8847, 132705165, 132706025, 165, 1025
1, 8848, 132720165, 132722606, 165, 2606
1, 8849, 132735165, 132736025, 165, 1025
1, 885, 13275165, 13276025, 165, 1025
1, 8850, 132750165, 132751025, 165, 1025
1, 8851, 132765165, 132766025, 165, 1025
1, 8852, 132780165, 132781495, 165, 1495
1, 8853, 132795165, 132796025, 165, 1025
1, 8854, 132810165, 132811025, 165, 1025
1, 8855, 132825165, 132826025, 165, 1025
1, 8856, 132840165, 132841025, 165, 1025
1, 8857, 132855165, 132856025, 165, 1025
1, 8858, 132870165, 132871025, 165, 1025
1, 8859, 132885165, 132886025, 165, 1025
1, 886, 13290165, 13291025, 165, 1025
1, 8860, 132900165, 132902828, 165, 2828
1, 8861, 132915165, 132916025, 165, 1025
1, 8862, 132930165, 132932864, 165, 2864
1, 8863, 132945165, 132946025, 165, 1025
1, 8864, 132960165, 132962851, 165, 2851
1, 8865, 132975165, 132976025, 165, 1025
1, 8866, 132990165, 132991025, 165, 1025
1, 8867, 133005165, 133006025, 165, 1025
1, 8868, 133020165, 133021025, 165, 1025
1, 8869, 133035165, 133036025, 165, 1025
1, 887, 13305165, 13306025, 165, 1025
1, 8870, 133050165, 133052859, 165, 2859
1, 8871, 133065165, 133066025, 165, 1025
1, 8872, 133080165, 133081025, 165, 1025
1, 8873, 133095165, 133096025, 165, 1025
1, 8874, 133110165, 133111495, 165, 1495
1, 8875, 133125165, 133128107, 165, 3107
1, 8876, 133140165, 133142606, 165, 2606
1, 8877, 133155165, 133156025, 165, 1025
1, 8878, 133170165, 133171025, 165, 1025
1, 8879, 133185165, 133186025, 165, 1025
1, 888, 13320165, 13321025, 165, 1025
1, 8880, 133200165, 133203440, 165, 3440
1, 8881, 133215165, 133216724, 165, 1724
1, 8882, 133230165, 133231025, 165, 1025
1, 8883, 133245165, 133246025, 165, 1025
1, 8884, 133260165, 133261025, 165, 1025
1, 8885, 133275165, 133276025, 165, 1025
1, 8886, 133290165, 133291025, 165, 1025
1, 8887, 133305165, 133306025, 165, 1025
1, 8888, 133320165, 133321495, 165, 1495
1, 8889, 133335165, 133336025, 165, 1025
1, 889, 13335165, 13336025, 165, 1025
1, 8890, 133350165, 133353468, 165, 3468
1, 8891, 133365165, 133366025, 165, 1025
1, 8892, 133380165, 133381495, 165, 1495
1, 8893, 133395165, 133396025, 165, 1025
1, 8894, 133410165, 133411025, 165, 1025
1, 8895, 133425165, 133426724, 165, 1724
1, 8896, 133440165, 133441495, 165, 1495
1, 8897, 133455165, 133456025, 165, 1025
1, 8898, 133470165, 133471025, 165, 1025
1, 8899, 133485165, 133486025, 165, 1025
1, 89, 1335165, 1336025, 165, 1025
1, 890, 13350165, 13351495, 165, 1495
1, 8900, 133500165, 133501495, 165, 1495
1, 8901, 133515165, 133516025, 165, 1025
1, 8902, 133530165, 133531025, 165, 1025
1, 8903, 133545165, 133546025, 165, 1025
1, 8904, 133560165, 133562606, 165, 2606
1, 8905, 133575165, 133576025, 165, 1025
1, 8906, 133590165, 133591025, 165, 1025
1, 8907, 133605165, 133606025, 165, 1025
1, 8908, 133620165, 133621495, 165, 1495
1, 8909, 133635165, 133639549, 165, 4549
1, 891, 13365165, 13366025, 165, 1025
1, 8910, 133650165, 133651495, 165, 1495
1, 8911, 133665165, 133666025, 165, 1025
1, 8912, 133680165, 133681495, 165, 1495
1, 8913, 133695165, 133696025, 165, 1025
1, 8914, 133710165, 133711025, 165, 1025
1, 8915, 133725165, 133726025, 165, 1025
1, 8916, 133740165, 133741495, 165, 1495
1, 8917, 133755165, 133756025, 165, 1025
1, 8918, 133770165, 133772864, 165, 2864
1, 8919, 133785165, 133786025, 165, 1025
1, 892, 13380165, 13381025, 165, 1025
1, 8920, 133800165, 133802843, 165, 2843
1, 8921, 133815165, 133816025, 165, 1025
1, 8922, 133830165, 133831025, 165, 1025
1, 8923, 133845165, 133846724, 165, 1724
1, 8924, 133860165, 133861025, 165, 1025
1, 8925, 133875165, 133876724, 165, 1724
1, 8926, 133890165, 133891025, 165, 1025
1, 8927, 133905165, 133906025, 165, 1025
1, 8928, 133920165, 133921495, 165, 1495
1, 8929, 133935165, 133936025, 165, 1025
1, 893, 13395165, 13396025, 165, 1025
1, 8930, 133950165, 133951495, 165, 1495
1, 8931, 133965165, 133966025, 165, 1025
1, 8932, 133980165, 133982606, 165, 2606
1, 8933, 133995165, 133996025, 165, 1025
1, 8934, 134010165, 134011025, 165, 1025
1, 8935, 134025165, 134026025, 165, 1025
1, 8936, 134040165, 134041025, 165, 1025
1, 8937, 134055165, 134061183, 165, 6183
1, 8938, 134070165, 134071025, 165, 1025
1, 8939, 134085165, 134086025, 165, 1025
1, 894, 13410165, 13411025, 165, 1025
1, 8940, 134100165, 134101495, 165, 1495
1, 8941, 134115165, 134116025, 165, 1025
1, 8942, 134130165, 134131025, 165, 1025
1, 8943, 134145165, 134146025, 165, 1025
1, 8944, 134160165, 134163393, 165, 3393
1, 8945, 134175165, 134176025, 165, 1025
1, 8946, 134190165, 134192864, 165, 2864
1, 8947, 134205165, 134206025, 165, 1025
1, 8948, 134220165, 134221495, 165, 1495
1, 8949, 134235165, 134236025, 165, 1025
1, 895, 13425165, 13426025, 165, 1025
1, 8950, 134250165, 134251495, 165, 1495
1, 8951, 134265165, 134266025, 165, 1025
1, 8952, 134280165, 134281025, 165, 1025
1, 8953, 134295165, 134296025, 165, 1025
1, 8954, 134310165, 134311025, 165, 1025
1, 8955, 134325165, 134326724, 165, 1724
1, 8956, 134340165, 134341025, 165, 1025
1, 8957, 134355165, 134356025, 165, 1025
1, 8958, 134370165, 134371025, 165, 1025
1, 8959, 134385165, 134386025, 165, 1025
1, 896, 13440165, 13444572, 165, 4572
1, 8960, 134400165, 134404572, 165, 4572
1, 8961, 134415165, 134416025, 165, 1025
1, 8962, 134430165, 134431025, 165, 1025
1, 8963, 134445165, 134446025, 165, 1025
1, 8964, 134460165, 134461025, 165, 1025
1, 8965, 134475165, 134476025, 165, 1025
1, 8966, 134490165, 134491495, 165, 1495
1, 8967, 134505165, 134506025, 165, 1025
1, 8968, 134520165, 134521025, 165, 1025
1, 8969, 134535165, 134536025, 165, 1025
1, 897, 13455165, 13456025, 165, 1025
1, 8970, 134550165, 134551025, 165, 1025
1, 8971, 134565165, 134571552, 165, 6552
1, 8972, 134580165, 134582851, 165, 2851
1, 8973, 134595165, 134596025, 165, 1025
1, 8974, 134610165, 134612864, 165, 2864
1, 8975, 134625165, 134626025, 165, 1025
1, 8976, 134640165, 134642851, 165, 2851
1, 8977, 134655165, 134656025, 165, 1025
1, 8978, 134670165, 134671025, 165, 1025
1, 8979, 134685165, 134686025, 165, 1025
1, 898, 13470165, 13471025, 165, 1025
1, 8980, 134700165, 134701495, 165, 1495
1, 8981, 134715165, 134716025, 165, 1025
1, 8982, 134730165, 134731025, 165, 1025
1, 8983, 134745165, 134746025, 165, 1025
1, 8984, 134760165, 134761495, 165, 1495
1, 8985, 134775165, 134776025, 165, 1025
1, 8986, 134790165, 134791025, 165, 1025
1, 8987, 134805165, 134806025, 165, 1025
1, 8988, 134820165, 134822606, 165, 2606
1, 8989, 134835165, 134836025, 165, 1025
1, 899, 13485165, 13486025, 165, 1025
1, 8990, 134850165, 134851025, 165, 1025
1, 8991, 134865165, 134866025, 165, 1025
1, 8992, 134880165, 134881495, 165, 1495
1, 8993, 134895165, 134896724, 165, 1724
1, 8994, 134910165, 134911025, 165, 1025
1, 8995, 134925165, 134926724, 165, 1724
1, 8996, 134940165, 134941025, 165, 1025
1, 8997, 134955165, 134956025, 165, 1025
1, 8998, 134970165, 134971025, 165, 1025
1, 8999, 134985165, 134986025, 165, 1025
1, 9, 135165, 136025, 165, 1025
1, 90, 1350165, 1351025, 165, 1025
1, 900, 13500165, 13501495, 165, 1495
1, 9000, 135000165, 135003324, 165, 3324
1, 9001, 135015165, 135016025, 165, 1025
1, 9002, 135030165, 135032864, 165, 2864
1, 9003, 135045165, 135046025, 165, 1025
1, 9004, 135060165, 135061025, 165, 1025
1, 9005, 135075165, 135076025, 165, 1025
1, 9006, 135090165, 135091025, 165, 1025
1, 9007, 135105165, 135106025, 165, 1025
1, 9008, 135120165, 135121495, 165, 1495
1, 9009, 135135165, 135136025, 165, 1025
1, 901, 13515165, 13516724, 165, 1724
1, 9010, 135150165, 135151495, 165, 1495
1, 9011, 135165165, 135166025, 165, 1025
1, 9012, 135180165, 135181495, 165, 1495
1, 9013, 135195165, 135196025, 165, 1025
1, 9014, 135210165, 135211025, 165, 1025
1, 9015, 135225165, 135226025, 165, 1025
1, 9016, 135240165, 135242606, 165, 2606
1, 9017, 135255165, 135256025, 165, 1025
1, 9018, 135270165, 135271025, 165, 1025
1, 9019, 135285165, 135286025, 165, 1025
1, 902, 13530165, 13531413, 165, 1413
1, 9020, 135300165, 135301495, 165, 1495
1, 9021, 135315165, 135316025, 165, 1025
1, 9022, 135330165, 135331025, 165, 1025
1, 9023, 135345165, 135346025, 165, 1025
1, 9024, 135360165, 135361495, 165, 1495
1, 9025, 135375165, 135376025, 165, 1025
1, 9026, 135390165, 135391025, 165, 1025
1, 9027, 135405165, 135406025, 165, 1025
1, 9028, 135420165, 135422829, 165, 2829
1, 9029, 135435165, 135436025, 165, 1025
1, 903, 13545165, 13546025, 165, 1025
1, 9030, 135450165, 135453468, 165, 3468
1, 9031, 135465165, 135466025, 165, 1025
1, 9032, 135480165, 135481025, 165, 1025
1, 9033, 135495165, 135496025, 165, 1025
1, 9034, 135510165, 135511025, 165, 1025
1, 9035, 135525165, 135528631, 165, 3631
1, 9036, 135540165, 135541025, 165, 1025
1, 9037, 135555165, 135556025, 165, 1025
1, 9038, 135570165, 135571025, 165, 1025
1, 9039, 135585165, 135586763, 165, 1763
1, 904, 13560165, 13561025, 165, 1025
1, 9040, 135600165, 135603440, 165, 3440
1, 9041, 135615165, 135616025, 165, 1025
1, 9042, 135630165, 135631025, 165, 1025
1, 9043, 135645165, 135646025, 165, 1025
1, 9044, 135660165, 135662606, 165, 2606
1, 9045, 135675165, 135676025, 165, 1025
1, 9046, 135690165, 135691025, 165, 1025
1, 9047, 135705165, 135706025, 165, 1025
1, 9048, 135720165, 135721025, 165, 1025
1, 9049, 135735165, 135736025, 165, 1025
1, 905, 13575165, 13576025, 165, 1025
1, 9050, 135750165, 135751495, 165, 1495
1, 9051, 135765165, 135766724, 165, 1724
1, 9052, 135780165, 135781495, 165, 1495
1, 9053, 135795165, 135796025, 165, 1025
1, 9054, 135810165, 135811025, 165, 1025
1, 9055, 135825165, 135826025, 165, 1025
1, 9056, 135840165, 135843393, 165, 3393
1, 9057, 135855165, 135856025, 165, 1025
1, 9058, 135870165, 135872864, 165, 2864
1, 9059, 135885165, 135886025, 165, 1025
1, 906, 13590165, 13591025, 165, 1025
1, 9060, 135900165, 135901495, 165, 1495
1, 9061, 135915165, 135916025, 165, 1025
1, 9062, 135930165, 135931413, 165, 1413
1, 9063, 135945165, 135946025, 165, 1025
1, 9064, 135960165, 135961025, 165, 1025
1, 9065, 135975165, 135976025, 165, 1025
1, 9066, 135990165, 135991025, 165, 1025
1, 9067, 136005165, 136006025, 165, 1025
1, 9068, 136020165, 136021495, 165, 1495
1, 9069, 136035165, 136036025, 165, 1025
1, 907, 13605165, 13606025, 165, 1025
1, 9070, 136050165, 136051495, 165, 1495
1, 9071, 136065165, 136066025, 165, 1025
1, 9072, 136080165, 136082606, 165, 2606
1, 9073, 136095165, 136096025, 165, 1025
1, 9074, 136110165, 136111025, 165, 1025
1, 9075, 136125165, 136126025, 165, 1025
1, 9076, 136140165, 136141025, 165, 1025
1, 9077, 136155165, 136156025, 165, 1025
1, 9078, 136170165, 136171025, 165, 1025
1, 9079, 136185165, 136186025, 165, 1025
1, 908, 13620165, 13622829, 165, 2829
1, 9080, 136200165, 136202843, 165, 2843
1, 9081, 136215165, 136216025, 165, 1025
1, 9082, 136230165, 136231025, 165, 1025
1, 9083, 136245165, 136246025, 165, 1025
1, 9084, 136260165, 136262829, 165, 2829
1, 9085, 136275165, 136276025, 165, 1025
1, 9086, 136290165, 136292864, 165, 2864
1, 9087, 136305165, 136306025, 165, 1025
1, 9088, 136320165, 136321495, 165, 1495
1, 9089, 136335165, 136336025, 165, 1025
1, 909, 13635165, 13636025, 165, 1025
1, 9090, 136350165, 136351495, 165, 1495
1, 9091, 136365165, 136366025, 165, 1025
1, 9092, 136380165, 136381025, 165, 1025
1, 9093, 136395165, 136396025, 165, 1025
1, 9094, 136410165, 136411025, 165, 1025
1, 9095, 136425165, 136426025, 165, 1025
1, 9096, 136440165, 136441495, 165, 1495
1, 9097, 136455165, 136456025, 165, 1025
1, 9098, 136470165, 136471025, 165, 1025
1, 9099, 136485165, 136486025, 165, 1025
1, 91, 1365165, 1366724, 165, 1724
1, 910, 13650165, 13653468, 165, 3468
1, 9100, 136500165, 136503468, 165, 3468
1, 9101, 136515165, 136516025, 165, 1025
1, 9102, 136530165, 136531025, 165, 1025
1, 9103, 136545165, 136546025, 165, 1025
1, 9104, 136560165, 136561495, 165, 1495
1, 9105, 136575165, 136576724, 165, 1724
1, 9106, 136590165, 136591025, 165, 1025
1, 9107, 136605165, 136606025, 165, 1025
1, 9108, 136620165, 136621495, 165, 1495
1, 9109, 136635165, 136636025, 165, 1025
1, 911, 13665165, 13666025, 165, 1025
1, 9110, 136650165, 136651025, 165, 1025
1, 9111, 136665165, 136666025, 165, 1025
1, 9112, 136680165, 136682829, 165, 2829
1, 9113, 136695165, 136696025, 165, 1025
1, 9114, 136710165, 136713318, 165, 3318
1, 9115, 136725165, 136726025, 165, 1025
1, 9116, 136740165, 136741025, 165, 1025
1, 9117, 136755165, 136756025, 165, 1025
1, 9118, 136770165, 136771025, 165, 1025
1, 9119, 136785165, 136788969, 165, 3969
1, 912, 13680165, 13681495, 165, 1495
1, 9120, 136800165, 136803440, 165, 3440
1, 9121, 136815165, 136816025, 165, 1025
1, 9122, 136830165, 136831025, 165, 1025
1, 9123, 136845165, 136846025, 165, 1025
1, 9124, 136860165, 136861495, 165, 1495
1, 9125, 136875165, 136876025, 165, 1025
1, 9126, 136890165, 136891025, 165, 1025
1, 9127, 136905165, 136906025, 165, 1025
1, 9128, 136920165, 136923444, 165, 3444
1, 9129, 136935165, 136936025, 165, 1025
1, 913, 13695165, 13696025, 165, 1025
1, 9130, 136950165, 136951495, 165, 1495
1, 9131, 136965165, 136966025, 165, 1025
1, 9132, 136980165, 136981025, 165, 1025
1, 9133, 136995165, 136996025, 165, 1025
1, 9134, 137010165, 137011025, 165, 1025
1, 9135, 137025165, 137026724, 165, 1724
1, 9136, 137040165, 137042851, 165, 2851
1, 9137, 137055165, 137056025, 165, 1025
1, 9138, 137070165, 137071025, 165, 1025
1, 9139, 137085165, 137086025, 165, 1025
1, 914, 13710165, 13711025, 165, 1025
1, 9140, 137100165, 137102828, 165, 2828
1, 9141, 137115165, 137116025, 165, 1025
1, 9142, 137130165, 137132606, 165, 2606
1, 9143, 137145165, 137146025, 165, 1025
1, 9144, 137160165, 137161025, 165, 1025
1, 9145, 137175165, 137176025, 165, 1025
1, 9146, 137190165, 137191025, 165, 1025
1, 9147, 137205165, 137211424, 165, 6424
1, 9148, 137220165, 137221495, 165, 1495
1, 9149, 137235165, 137236025, 165, 1025
1, 915, 13725165, 13726724, 165, 1724
1, 9150, 137250165, 137251025, 165, 1025
1, 9151, 137265165, 137266025, 165, 1025
1, 9152, 137280165, 137282851, 165, 2851
1, 9153, 137295165, 137296025, 165, 1025
1, 9154, 137310165, 137311495, 165, 1495
1, 9155, 137325165, 137326025, 165, 1025
1, 9156, 137340165, 137343444, 165, 3444
1, 9157, 137355165, 137356025, 165, 1025
1, 9158, 137370165, 137371025, 165, 1025
1, 9159, 137385165, 137386025, 165, 1025
1, 916, 13740165, 13741025, 165, 1025
1, 9160, 137400165, 137401495, 165, 1495
1, 9161, 137415165, 137416025, 165, 1025
1, 9162, 137430165, 137431025, 165, 1025
1, 9163, 137445165, 137446724, 165, 1724
1, 9164, 137460165, 137461495, 165, 1495
1, 9165, 137475165, 137476025, 165, 1025
1, 9166, 137490165, 137491025, 165, 1025
1, 9167, 137505165, 137506025, 165, 1025
1, 9168, 137520165, 137522829, 165, 2829
1, 9169, 137535165, 137536025, 165, 1025
1, 917, 13755165, 13756025, 165, 1025
1, 9170, 137550165, 137552606, 165, 2606
1, 9171, 137565165, 137566025, 165, 1025
1, 9172, 137580165, 137581025, 165, 1025
1, 9173, 137595165, 137596025, 165, 1025
1, 9174, 137610165, 137611025, 165, 1025
1, 9175, 137625165, 137631183, 165, 6183
1, 9176, 137640165, 137641495, 165, 1495
1, 9177, 137655165, 137656025, 165, 1025
1, 9178, 137670165, 137671025, 165, 1025
1, 9179, 137685165, 137686025, 165, 1025
1, 918, 13770165, 13771025, 165, 1025
1, 9180, 137700165, 137702843, 165, 2843
1, 9181, 137715165, 137716025, 165, 1025
1, 9182, 137730165, 137731495, 165, 1495
1, 9183, 137745165, 137746025, 165, 1025
1, 9184, 137760165, 137762606, 165, 2606
1, 9185, 137775165, 137776025, 165, 1025
1, 9186, 137790165, 137791025, 165, 1025
1, 9187, 137805165, 137806025, 165, 1025
1, 9188, 137820165, 137821025, 165, 1025
1, 9189, 137835165, 137836025, 165, 1025
1, 919, 13785165, 13786025, 165, 1025
1, 9190, 137850165, 137851025, 165, 1025
1, 9191, 137865165, 137866025, 165, 1025
1, 9192, 137880165, 137881495, 165, 1495
1, 9193, 137895165, 137896025, 165, 1025
1, 9194, 137910165, 137911025, 165, 1025
1, 9195, 137925165, 137926025, 165, 1025
1, 9196, 137940165, 137941495, 165, 1495
1, 9197, 137955165, 137956025, 165, 1025
1, 9198, 137970165, 137972606, 165, 2606
1, 9199, 137985165, 137986025, 165, 1025
1, 92, 1380165, 1381495, 165, 1495
1, 920, 13800165, 13802843, 165, 2843
1, 9200, 138000165, 138002843, 165, 2843
1, 9201, 138015165, 138016025, 165, 1025
1, 9202, 138030165, 138031025, 165, 1025
1, 9203, 138045165, 138046025, 165, 1025
1, 9204, 138060165, 138061495, 165, 1495
1, 9205, 138075165, 138076025, 165, 1025
1, 9206, 138090165, 138091025, 165, 1025
1, 9207, 138105165, 138106025, 165, 1025
1, 9208, 138120165, 138121025, 165, 1025
1, 9209, 138135165, 138136025, 165, 1025
1, 921, 13815165, 13816025, 165, 1025
1, 9210, 138150165, 138152834, 165, 2834
1, 9211, 138165165, 138166025, 165, 1025
1, 9212, 138180165, 138183444, 165, 3444
1, 9213, 138195165, 138196025, 165, 1025
1, 9214, 138210165, 138211025, 165, 1025
1, 9215, 138225165, 138226025, 165, 1025
1, 9216, 138240165, 138242851, 165, 2851
1, 9217, 138255165, 138256025, 165, 1025
1, 9218, 138270165, 138271025, 165, 1025
1, 9219, 138285165, 138286025, 165, 1025
1, 922, 13830165, 13831025, 165, 1025
1, 9220, 138300165, 138302843, 165, 2843
1, 9221, 138315165, 138316025, 165, 1025
1, 9222, 138330165, 138331025, 165, 1025
1, 9223, 138345165, 138346025, 165, 1025
1, 9224, 138360165, 138361495, 165, 1495
1, 9225, 138375165, 138376025, 165, 1025
1, 9226, 138390165, 138392606, 165, 2606
1, 9227, 138405165, 138407996, 165, 2996
1, 9228, 138420165, 138421025, 165, 1025
1, 9229, 138435165, 138436025, 165, 1025
1, 923, 13845165, 13846025, 165, 1025
1, 9230, 138450165, 138451025, 165, 1025
1, 9231, 138465165, 138466724, 165, 1724
1, 9232, 138480165, 138482851, 165, 2851
1, 9233, 138495165, 138496025, 165, 1025
1, 9234, 138510165, 138511025, 165, 1025
1, 9235, 138525165, 138526025, 165, 1025
1, 9236, 138540165, 138541025, 165, 1025
1, 9237, 138555165, 138556025, 165, 1025
1, 9238, 138570165, 138572194, 165, 2194
1, 9239, 138585165, 138586025, 165, 1025
1, 924, 13860165, 13862606, 165, 2606
1, 9240, 138600165, 138603468, 165, 3468
1, 9241, 138615165, 138616025, 165, 1025
1, 9242, 138630165, 138631025, 165, 1025
1, 9243, 138645165, 138649506, 165, 4506
1, 9244, 138660165, 138661495, 165, 1495
1, 9245, 138675165, 138676025, 165, 1025
1, 9246, 138690165, 138691025, 165, 1025
1, 9247, 138705165, 138706025, 165, 1025
1, 9248, 138720165, 138722851, 165, 2851
1, 9249, 138735165, 138736025, 165, 1025
1, 925, 13875165, 13876025, 165, 1025
1, 9250, 138750165, 138751495, 165, 1495
1, 9251, 138765165, 138766025, 165, 1025
1, 9252, 138780165, 138781495, 165, 1495
1, 9253, 138795165, 138796025, 165, 1025
1, 9254, 138810165, 138812606, 165, 2606
1, 9255, 138825165, 138826025, 165, 1025
1, 9256, 138840165, 138841495, 165, 1495
1, 9257, 138855165, 138856025, 165, 1025
1, 9258, 138870165, 138871025, 165, 1025
1, 9259, 138885165, 138886724, 165, 1724
1, 926, 13890165, 13891025, 165, 1025
1, 9260, 138900165, 138902843, 165, 2843
1, 9261, 138915165, 138916025, 165, 1025
1, 9262, 138930165, 138931025, 165, 1025
1, 9263, 138945165, 138946025, 165, 1025
1, 9264, 138960165, 138961495, 165, 1495
1, 9265, 138975165, 138976025, 165, 1025
1, 9266, 138990165, 138991495, 165, 1495
1, 9267, 139005165, 139006025, 165, 1025
1, 9268, 139020165, 139023444, 165, 3444
1, 9269, 139035165, 139036025, 165, 1025
1, 927, 13905165, 13906025, 165, 1025
1, 9270, 139050165, 139051025, 165, 1025
1, 9271, 139065165, 139066025, 165, 1025
1, 9272, 139080165, 139081495, 165, 1495
1, 9273, 139095165, 139096025, 165, 1025
1, 9274, 139110165, 139111025, 165, 1025
1, 9275, 139125165, 139126724, 165, 1724
1, 9276, 139140165, 139141025, 165, 1025
1, 9277, 139155165, 139156025, 165, 1025
1, 9278, 139170165, 139171451, 165, 1451
1, 9279, 139185165, 139186025, 165, 1025
1, 928, 13920165, 13921495, 165, 1495
1, 9280, 139200165, 139203324, 165, 3324
1, 9281, 139215165, 139216025, 165, 1025
1, 9282, 139230165, 139232606, 165, 2606
1, 9283, 139245165, 139246025, 165, 1025
1, 9284, 139260165, 139261334, 165, 1334
1, 9285, 139275165, 139276025, 165, 1025
1, 9286, 139290165, 139291025, 165, 1025
1, 9287, 139305165, 139306025, 165, 1025
1, 9288, 139320165, 139321495, 165, 1495
1, 9289, 139335165, 139336025, 165, 1025
1, 929, 13935165, 13936025, 165, 1025
1, 9290, 139350165, 139351025, 165, 1025
1, 9291, 139365165, 139366025, 165, 1025
1, 9292, 139380165, 139381025, 165, 1025
1, 9293, 139395165, 139396025, 165, 1025
1, 9294, 139410165, 139411495, 165, 1495
1, 9295, 139425165, 139426025, 165, 1025
1, 9296, 139440165, 139442606, 165, 2606
1, 9297, 139455165, 139456025, 165, 1025
1, 9298, 139470165, 139471025, 165, 1025
1, 9299, 139485165, 139486025, 165, 1025
1, 93, 1395165, 1396025, 165, 1025
1, 930, 13950165, 13951495, 165, 1495
1, 9300, 139500165, 139502843, 165, 2843
1, 9301, 139515165, 139516025, 165, 1025
1, 9302, 139530165, 139531025, 165, 1025
1, 9303, 139545165, 139546025, 165, 1025
1, 9304, 139560165, 139561025, 165, 1025
1, 9305, 139575165, 139576025, 165, 1025
1, 9306, 139590165, 139591495, 165, 1495
1, 9307, 139605165, 139606025, 165, 1025
1, 9308, 139620165, 139621495, 165, 1495
1, 9309, 139635165, 139636025, 165, 1025
1, 931, 13965165, 13966025, 165, 1025
1, 9310, 139650165, 139653468, 165, 3468
1, 9311, 139665165, 139666025, 165, 1025
1, 9312, 139680165, 139682851, 165, 2851
1, 9313, 139695165, 139696025, 165, 1025
1, 9314, 139710165, 139711025, 165, 1025
1, 9315, 139725165, 139726724, 165, 1724
1, 9316, 139740165, 139741495, 165, 1495
1, 9317, 139755165, 139756025, 165, 1025
1, 9318, 139770165, 139771025, 165, 1025
1, 9319, 139785165, 139786025, 165, 1025
1, 932, 13980165, 13981025, 165, 1025
1, 9320, 139800165, 139801495, 165, 1495
1, 9321, 139815165, 139816025, 165, 1025
1, 9322, 139830165, 139831495, 165, 1495
1, 9323, 139845165, 139846025, 165, 1025
1, 9324, 139860165, 139863444, 165, 3444
1, 9325, 139875165, 139876025, 165, 1025
1, 9326, 139890165, 139891025, 165, 1025
1, 9327, 139905165, 139906025, 165, 1025
1, 9328, 139920165, 139922851, 165, 2851
1, 9329, 139935165, 139936724, 165, 1724
1, 933, 13995165, 13996025, 165, 1025
1, 9330, 139950165, 139951025, 165, 1025
1, 9331, 139965165, 139966025, 165, 1025
1, 9332, 139980165, 139981025, 165, 1025
1, 9333, 139995165, 139996025, 165, 1025
1, 9334, 140010165, 140011495, 165, 1495
1, 9335, 140025165, 140026025, 165, 1025
1, 9336, 140040165, 140041495, 165, 1495
1, 9337, 140055165, 140056025, 165, 1025
1, 9338, 140070165, 140072864, 165, 2864
1, 9339, 140085165, 140086025, 165, 1025
1, 934, 14010165, 14011025, 165, 1025
1, 9340, 140100165, 140102843, 165, 2843
1, 9341, 140115165, 140116025, 165, 1025
1, 9342, 140130165, 140131025, 165, 1025
1, 9343, 140145165, 140146025, 165, 1025
1, 9344, 140160165, 140161495, 165, 1495
1, 9345, 140175165, 140176724, 165, 1724
1, 9346, 140190165, 140191025, 165, 1025
1, 9347, 140205165, 140206025, 165, 1025
1, 9348, 140220165, 140221025, 165, 1025
1, 9349, 140235165, 140236025, 165, 1025
1, 935, 14025165, 14026025, 165, 1025
1, 9350, 140250165, 140252834, 165, 2834
1, 9351, 140265165, 140266025, 165, 1025
1, 9352, 140280165, 140283610, 165, 3610
1, 9353, 140295165, 140296025, 165, 1025
1, 9354, 140310165, 140311025, 165, 1025
1, 9355, 140325165, 140326025, 165, 1025
1, 9356, 140340165, 140341495, 165, 1495
1, 9357, 140355165, 140356025, 165, 1025
1, 9358, 140370165, 140371025, 165, 1025
1, 9359, 140385165, 140386025, 165, 1025
1, 936, 14040165, 14042829, 165, 2829
1, 9360, 140400165, 140402843, 165, 2843
1, 9361, 140415165, 140416025, 165, 1025
1, 9362, 140430165, 140431025, 165, 1025
1, 9363, 140445165, 140446025, 165, 1025
1, 9364, 140460165, 140461495, 165, 1495
1, 9365, 140475165, 140476025, 165, 1025
1, 9366, 140490165, 140492864, 165, 2864
1, 9367, 140505165, 140506025, 165, 1025
1, 9368, 140520165, 140521495, 165, 1495
1, 9369, 140535165, 140536025, 165, 1025
1, 937, 14055165, 14056025, 165, 1025
1, 9370, 140550165, 140551025, 165, 1025
1, 9371, 140565165, 140566724, 165, 1724
1, 9372, 140580165, 140581025, 165, 1025
1, 9373, 140595165, 140596025, 165, 1025
1, 9374, 140610165, 140611025, 165, 1025
1, 9375, 140625165, 140626025, 165, 1025
1, 9376, 140640165, 140641495, 165, 1495
1, 9377, 140655165, 140656025, 165, 1025
1, 9378, 140670165, 140671025, 165, 1025
1, 9379, 140685165, 140686763, 165, 1763
1, 938, 14070165, 14072864, 165, 2864
1, 9380, 140700165, 140702606, 165, 2606
1, 9381, 140715165, 140716025, 165, 1025
1, 9382, 140730165, 140731025, 165, 1025
1, 9383, 140745165, 140746025, 165, 1025
1, 9384, 140760165, 140761495, 165, 1495
1, 9385, 140775165, 140776724, 165, 1724
1, 9386, 140790165, 140791025, 165, 1025
1, 9387, 140805165, 140806025, 165, 1025
1, 9388, 140820165, 140821025, 165, 1025
1, 9389, 140835165, 140836025, 165, 1025
1, 939, 14085165, 14086025, 165, 1025
1, 9390, 140850165, 140851495, 165, 1495
1, 9391, 140865165, 140866025, 165, 1025
1, 9392, 140880165, 140882829, 165, 2829
1, 9393, 140895165, 140896025, 165, 1025
1, 9394, 140910165, 140912864, 165, 2864
1, 9395, 140925165, 140926025, 165, 1025
1, 9396, 140940165, 140941495, 165, 1495
1, 9397, 140955165, 140956025, 165, 1025
1, 9398, 140970165, 140971025, 165, 1025
1, 9399, 140985165, 140986025, 165, 1025
1, 94, 1410165, 1411025, 165, 1025
1, 940, 14100165, 14101495, 165, 1495
1, 9400, 141000165, 141001495, 165, 1495
1, 9401, 141015165, 141016025, 165, 1025
1, 9402, 141030165, 141031025, 165, 1025
1, 9403, 141045165, 141046025, 165, 1025
1, 9404, 141060165, 141061025, 165, 1025
1, 9405, 141075165, 141076025, 165, 1025
1, 9406, 141090165, 141091025, 165, 1025
1, 9407, 141105165, 141106025, 165, 1025
1, 9408, 141120165, 141124572, 165, 4572
1, 9409, 141135165, 141136025, 165, 1025
1, 941, 14115165, 14116025, 165, 1025
1, 9410, 141150165, 141151025, 165, 1025
1, 9411, 141165165, 141166025, 165, 1025
1, 9412, 141180165, 141181025, 165, 1025
1, 9413, 141195165, 141201183, 165, 6183
1, 9414, 141210165, 141211565, 165, 1565
1, 9415, 141225165, 141226724, 165, 1724
1, 9416, 141240165, 141241025, 165, 1025
1, 9417, 141255165, 141256025, 165, 1025
1, 9418, 141270165, 141271025, 165, 1025
1, 9419, 141285165, 141289336, 165, 4336
1, 942, 14130165, 14131025, 165, 1025
1, 9420, 141300165, 141303324, 165, 3324
1, 9421, 141315165, 141316025, 165, 1025
1, 9422, 141330165, 141332864, 165, 2864
1, 9423, 141345165, 141346025, 165, 1025
1, 9424, 141360165, 141362851, 165, 2851
1, 9425, 141375165, 141376025, 165, 1025
1, 9426, 141390165, 141391025, 165, 1025
1, 9427, 141405165, 141406025, 165, 1025
1, 9428, 141420165, 141421025, 165, 1025
1, 9429, 141435165, 141436025, 165, 1025
1, 943, 14145165, 14146025, 165, 1025
1, 9430, 141450165, 141451495, 165, 1495
1, 9431, 141465165, 141466025, 165, 1025
1, 9432, 141480165, 141481025, 165, 1025
1, 9433, 141495165, 141496025, 165, 1025
1, 9434, 141510165, 141511025, 165, 1025
1, 9435, 141525165, 141526724, 165, 1724
1, 9436, 141540165, 141542606, 165, 2606
1, 9437, 141555165, 141556025, 165, 1025
1, 9438, 141570165, 141571025, 165, 1025
1, 9439, 141585165, 141586025, 165, 1025
1, 944, 14160165, 14161495, 165, 1495
1, 9440, 141600165, 141602843, 165, 2843
1, 9441, 141615165, 141616025, 165, 1025
1, 9442, 141630165, 141631025, 165, 1025
1, 9443, 141645165, 141646025, 165, 1025
1, 9444, 141660165, 141661025, 165, 1025
1, 9445, 141675165, 141676025, 165, 1025
1, 9446, 141690165, 141691025, 165, 1025
1, 9447, 141705165, 141706025, 165, 1025
1, 9448, 141720165, 141722829, 165, 2829
1, 9449, 141735165, 141736025, 165, 1025
1, 945, 14175165, 14176025, 165, 1025
1, 9450, 141750165, 141753468, 165, 3468
1, 9451, 141765165, 141766025, 165, 1025
1, 9452, 141780165, 141781495, 165, 1495
1, 9453, 141795165, 141796025, 165, 1025
1, 9454, 141810165, 141811025, 165, 1025
1, 9455, 141825165, 141826724, 165, 1724
1, 9456, 141840165, 141841495, 165, 1495
1, 9457, 141855165, 141856025, 165, 1025
1, 9458, 141870165, 141871025, 165, 1025
1, 9459, 141885165, 141886025, 165, 1025
1, 946, 14190165, 14191025, 165, 1025
1, 9460, 141900165, 141901495, 165, 1495
1, 9461, 141915165, 141916025, 165, 1025
1, 9462, 141930165, 141931025, 165, 1025
1, 9463, 141945165, 141946025, 165, 1025
1, 9464, 141960165, 141962606, 165, 2606
1, 9465, 141975165, 141976025, 165, 1025
1, 9466, 141990165, 141991025, 165, 1025
1, 9467, 142005165, 142006025, 165, 1025
1, 9468, 142020165, 142021025, 165, 1025
1, 9469, 142035165, 142036724, 165, 1724
1, 947, 14205165, 14206025, 165, 1025
1, 9470, 142050165, 142051495, 165, 1495
1, 9471, 142065165, 142066025, 165, 1025
1, 9472, 142080165, 142081495, 165, 1495
1, 9473, 142095165, 142096025, 165, 1025
1, 9474, 142110165, 142111025, 165, 1025
1, 9475, 142125165, 142126025, 165, 1025
1, 9476, 142140165, 142142829, 165, 2829
1, 9477, 142155165, 142156025, 165, 1025
1, 9478, 142170165, 142172864, 165, 2864
1, 9479, 142185165, 142186025, 165, 1025
1, 948, 14220165, 14221495, 165, 1495
1, 9480, 142200165, 142201495, 165, 1495
1, 9481, 142215165, 142216025, 165, 1025
1, 9482, 142230165, 142231025, 165, 1025
1, 9483, 142245165, 142246724, 165, 1724
1, 9484, 142260165, 142261025, 165, 1025
1, 9485, 142275165, 142276025, 165, 1025
1, 9486, 142290165, 142291025, 165, 1025
1, 9487, 142305165, 142306266, 165, 1266
1, 9488, 142320165, 142322851, 165, 2851
1, 9489, 142335165, 142336025, 165, 1025
1, 949, 14235165, 14236025, 165, 1025
1, 9490, 142350165, 142351495, 165, 1495
1, 9491, 142365165, 142366025, 165, 1025
1, 9492, 142380165, 142382606, 165, 2606
1, 9493, 142395165, 142396025, 165, 1025
1, 9494, 142410165, 142411025, 165, 1025
1, 9495, 142425165, 142426025, 165, 1025
1, 9496, 142440165, 142441025, 165, 1025
1, 9497, 142455165, 142456025, 165, 1025
1, 9498, 142470165, 142471025, 165, 1025
1, 9499, 142485165, 142486724, 165, 1724
1, 95, 1425165, 1426025, 165, 1025
1, 950, 14250165, 14251495, 165, 1495
1, 9500, 142500165, 142501495, 165, 1495
1, 9501, 142515165, 142516025, 165, 1025
1, 9502, 142530165, 142531025, 165, 1025
1, 9503, 142545165, 142546025, 165, 1025
1, 9504, 142560165, 142563393, 165, 3393
1, 9505, 142575165, 142576025, 165, 1025
1, 9506, 142590165, 142592864, 165, 2864
1, 9507, 142605165, 142606025, 165, 1025
1, 9508, 142620165, 142621025, 165, 1025
1, 9509, 142635165, 142636025, 165, 1025
1, 951, 14265165, 14266025, 165, 1025
1, 9510, 142650165, 142652859, 165, 2859
1, 9511, 142665165, 142666025, 165, 1025
1, 9512, 142680165, 142681025, 165, 1025
1, 9513, 142695165, 142696025, 165, 1025
1, 9514, 142710165, 142711025, 165, 1025
1, 9515, 142725165, 142731552, 165, 6552
1, 9516, 142740165, 142741495, 165, 1495
1, 9517, 142755165, 142756025, 165, 1025
1, 9518, 142770165, 142771025, 165, 1025
1, 9519, 142785165, 142786025, 165, 1025
1, 952, 14280165, 14282606, 165, 2606
1, 953, 14295165, 14296025, 165, 1025
1, 954, 14310165, 14311025, 165, 1025
1, 955, 14325165, 14326025, 165, 1025
1, 956, 14340165, 14341025, 165, 1025
1, 957, 14355165, 14356025, 165, 1025
1, 958, 14370165, 14371025, 165, 1025
1, 959, 14385165, 14386025, 165, 1025
1, 96, 1440165, 1442829, 165, 2829
1, 960, 14400165, 14402843, 165, 2843
1, 961, 14415165, 14416025, 165, 1025
1, 962, 14430165, 14431025, 165, 1025
1, 963, 14445165, 14446025, 165, 1025
1, 964, 14460165, 14462829, 165, 2829
1, 965, 14475165, 14476025, 165, 1025
1, 966, 14490165, 14492864, 165, 2864
1, 967, 14505165, 14506025, 165, 1025
1, 968, 14520165, 14521025, 165, 1025
1, 969, 14535165, 14536025, 165, 1025
1, 97, 1455165, 1456025, 165, 1025
1, 970, 14550165, 14551495, 165, 1495
1, 971, 14565165, 14570086, 165, 5086
1, 972, 14580165, 14581025, 165, 1025
1, 973, 14595165, 14596025, 165, 1025
1, 974, 14610165, 14611025, 165, 1025
1, 975, 14625165, 14626025, 165, 1025
1, 976, 14640165, 14642851, 165, 2851
1, 977, 14655165, 14656025, 165, 1025
1, 978, 14670165, 14671025, 165, 1025
1, 979, 14685165, 14686025, 165, 1025
1, 98, 1470165, 1472606, 165, 2606
1, 980, 14700165, 14703468, 165, 3468
1, 981, 14715165, 14716025, 165, 1025
1, 982, 14730165, 14731025, 165, 1025
1, 983, 14745165, 14746025, 165, 1025
1, 984, 14760165, 14761025, 165, 1025
1, 985, 14775165, 14776724, 165, 1724
1, 986, 14790165, 14791025, 165, 1025
1, 987, 14805165, 14816387, 165, 11387
1, 988, 14820165, 14821495, 165, 1495
1, 989, 14835165, 14836025, 165, 1025
1, 99, 1485165, 1486025, 165, 1025
1, 990, 14850165, 14851025, 165, 1025
1, 991, 14865165, 14866025, 165, 1025
1, 992, 14880165, 14883393, 165, 3393
1, 993, 14895165, 14896025, 165, 1025
1, 994, 14910165, 14912606, 165, 2606
1, 995, 14925165, 14926025, 165, 1025
1, 996, 14940165, 14941025, 165, 1025
1, 997, 14955165, 14956025, 165, 1025
1, 998, 14970165, 14971025, 165, 1025
1, 999, 14985165, 14986025, 165, 1025
2, 0, 420, 5272, 420, 5272
2, 1, 15420, 16541, 420, 1541
2, 10, 150420, 151587, 420, 1587
2, 100, 1500420, 1501822, 420, 1822
2, 1000, 15000420, 15001822, 420, 1822
2, 1001, 15015420, 15016541, 420, 1541
2, 1002, 15030420, 15031541, 420, 1541
2, 1003, 15045420, 15046587, 420, 1587
2, 1004, 15060420, 15061822, 420, 1822
2, 1005, 15075420, 15076587, 420, 1587
2, 1006, 15090420, 15091587, 420, 1587
2, 1007, 15105420, 15106518, 420, 1518
2, 1008, 15120420, 15123306, 420, 3306
2, 1009, 15135420, 15136541, 420, 1541
2, 101, 1515420, 1516518, 420, 1518
2, 1010, 15150420, 15151822, 420, 1822
2, 1011, 15165420, 15166518, 420, 1518
2, 1012, 15180420, 15181587, 420, 1587
2, 1013, 15195420, 15196587, 420, 1587
2, 1014, 15210420, 15211541, 420, 1541
2, 1015, 15225420, 15226725, 420, 1725
2, 1016, 15240420, 15241822, 420, 1822
2, 1017, 15255420, 15256518, 420, 1518
2, 1018, 15270420, 15271541, 420, 1541
2, 1019, 15285420, 15286541, 420, 1541
2, 102, 1530420, 1531587, 420, 1587
2, 1020, 15300420, 15303841, 420, 3841
2, 1021, 15315420, 15316541, 420, 1541
2, 1022, 15330420, 15333881, 420, 3881
2, 1023, 15345420, 15346518, 420, 1518
2, 1024, 15360420, 15361822, 420, 1822
2, 1025, 15375420, 15376541, 420, 1541
2, 1026, 15390420, 15391587, 420, 1587
2, 1027, 15405420, 15407836, 420, 2836
2, 1028, 15420420, 15421822, 420, 1822
2, 1029, 15435420, 15436541, 420, 1541
2, 103, 1545420, 1550327, 420, 5327
2, 1030, 15450420, 15451587, 420, 1587
2, 1031, 15465420, 15466518, 420, 1518
2, 1032, 15480420, 15481822, 420, 1822
2, 1033, 15495420, 15496541, 420, 1541
2, 1034, 15510420, 15511587, 420, 1587
2, 1035, 15525420, 15526587, 420, 1587
2, 1036, 15540420, 15544007, 420, 4007
2, 1037, 15555420, 15556541, 420, 1541
2, 1038, 15570420, 15571587, 420, 1587
2, 1039, 15585420, 15586541, 420, 1541
2, 104, 1560420, 1561822, 420, 1822
2, 1040, 15600420, 15602195, 420, 2195
2, 1041, 15615420, 15616587, 420, 1587
2, 1042, 15630420, 15631541, 420, 1541
2, 1043, 15645420, 15646587, 420, 1587
2, 1044, 15660420, 15661822, 420, 1822
2, 1045, 15675420, 15676587, 420, 1587
2, 1046, 15690420, 15691541, 420, 1541
2, 1047, 15705420, 15706518, 420, 1518
2, 1048, 15720420, 15721822, 420, 1822
2, 1049, 15735420, 15736541, 420, 1541
2, 105, 1575420, 1576587, 420, 1587
2, 1050, 15750420, 15753306, 420, 3306
2, 1051, 15765420, 15766541, 420, 1541
2, 1052, 15780420, 15781587, 420, 1587
2, 1053, 15795420, 15796518, 420, 1518
2, 1054, 15810420, 15811587, 420, 1587
2, 1055, 15825420, 15830327, 420, 5327
2, 1056, 15840420, 15842195, 420, 2195
2, 1057, 15855420, 15856541, 420, 1541
2, 1058, 15870420, 15871541, 420, 1541
2, 1059, 15885420, 15886518, 420, 1518
2, 106, 1590420, 1591541, 420, 1541
2, 1060, 15900420, 15902195, 420, 2195
2, 1061, 15915420, 15916541, 420, 1541
2, 1062, 15930420, 15931587, 420, 1587
2, 1063, 15945420, 15946518, 420, 1518
2, 1064, 15960420, 15964007, 420, 4007
2, 1065, 15975420, 15976541, 420, 1541
2, 1066, 15990420, 15991587, 420, 1587
2, 1067, 16005420, 16006725, 420, 1725
2, 1068, 16020420, 16021587, 420, 1587
2, 1069, 16035420, 16036587, 420, 1587
2, 107, 1605420, 1606541, 420, 1541
2, 1070, 16050420, 16051587, 420, 1587
2, 1071, 16065420, 16066587, 420, 1587
2, 1072, 16080420, 16082195, 420, 2195
2, 1073, 16095420, 16096541, 420, 1541
2, 1074, 16110420, 16111541, 420, 1541
2, 1075, 16125420, 16126541, 420, 1541
2, 1076, 16140420, 16141822, 420, 1822
2, 1077, 16155420, 16156541, 420, 1541
2, 1078, 16170420, 16173956, 420, 3956
2, 1079, 16185420, 16186541, 420, 1541
2, 108, 1620420, 1621822, 420, 1822
2, 1080, 16200420, 16201822, 420, 1822
2, 1081, 16215420, 16216518, 420, 1518
2, 1082, 16230420, 16231541, 420, 1541
2, 1083, 16245420, 16251256, 420, 6256
2, 1084, 16260420, 16261822, 420, 1822
2, 1085, 16275420, 16276587, 420, 1587
2, 1086, 16290420, 16291541, 420, 1541
2, 1087, 16305420, 16306518, 420, 1518
2, 1088, 16320420, 16322195, 420, 2195
2, 1089, 16335420, 16336541, 420, 1541
2, 109, 1635420, 1636541, 420, 1541
2, 1090, 16350420, 16352195, 420, 2195
2, 1091, 16365420, 16366518, 420, 1518
2, 1092, 16380420, 16384007, 420, 4007
2, 1093, 16395420, 16396518, 420, 1518
2, 1094, 16410420, 16411587, 420, 1587
2, 1095, 16425420, 16426587, 420, 1587
2, 1096, 16440420, 16441700, 420, 1700
2, 1097, 16455420, 16456587, 420, 1587
2, 1098, 16470420, 16471541, 420, 1541
2, 1099, 16485420, 16486587, 420, 1587
2, 11, 165420, 166541, 420, 1541
2, 110, 1650420, 1651822, 420, 1822
2, 1100, 16500420, 16502195, 420, 2195
2, 1101, 16515420, 16516541, 420, 1541
2, 1102, 16530420, 16531541, 420, 1541
2, 1103, 16545420, 16546518, 420, 1518
2, 1104, 16560420, 16562195, 420, 2195
2, 1105, 16575420, 16576587, 420, 1587
2, 1106, 16590420, 16593306, 420, 3306
2, 1107, 16605420, 16606541, 420, 1541
2, 1108, 16620420, 16621587, 420, 1587
2, 1109, 16635420, 16636518, 420, 1518
2, 111, 1665420, 1666518, 420, 1518
2, 1110, 16650420, 16651587, 420, 1587
2, 1111, 16665420, 16666541, 420, 1541
2, 1112, 16680420, 16681822, 420, 1822
2, 1113, 16695420, 16696541, 420, 1541
2, 1114, 16710420, 16711541, 420, 1541
2, 1115, 16725420, 16726587, 420, 1587
2, 1116, 16740420, 16741587, 420, 1587
2, 1117, 16755420, 16756541, 420, 1541
2, 1118, 16770420, 16771822, 420, 1822
2, 1119, 16785420, 16786518, 420, 1518
2, 112, 1680420, 1683306, 420, 3306
2, 1120, 16800420, 16803306, 420, 3306
2, 1121, 16815420, 16816518, 420, 1518
2, 1122, 16830420, 16831587, 420, 1587
2, 1123, 16845420, 16846541, 420, 1541
2, 1124, 16860420, 16861822, 420, 1822
2, 1125, 16875420, 16876725, 420, 1725
2, 1126, 16890420, 16891541, 420, 1541
2, 1127, 16905420, 16906541, 420, 1541
2, 1128, 16920420, 16921822, 420, 1822
2, 1129, 16935420, 16936541, 420, 1541
2, 113, 1695420, 1696518, 420, 1518
2, 1130, 16950420, 16951587, 420, 1587
2, 1131, 16965420, 16966541, 420, 1541
2, 1132, 16980420, 16981822, 420, 1822
2, 1133, 16995420, 16996518, 420, 1518
2, 1134, 17010420, 17013306, 420, 3306
2, 1135, 17025420, 17026587, 420, 1587
2, 1136, 17040420, 17041822, 420, 1822
2, 1137, 17055420, 17056518, 420, 1518
2, 1138, 17070420, 17071541, 420, 1541
2, 1139, 17085420, 17086725, 420, 1725
2, 114, 1710420, 1711587, 420, 1587
2, 1140, 17100420, 17102195, 420, 2195
2, 1141, 17115420, 17116587, 420, 1587
2, 1142, 17130420, 17131541, 420, 1541
2, 1143, 17145420, 17146518, 420, 1518
2, 1144, 17160420, 17161587, 420, 1587
2, 1145, 17175420, 17176587, 420, 1587
2, 1146, 17190420, 17191822, 420, 1822
2, 1147, 17205420, 17206587, 420, 1587
2, 1148, 17220420, 17224007, 420, 4007
2, 1149, 17235420, 17236518, 420, 1518
2, 115, 1725420, 1726587, 420, 1587
2, 1150, 17250420, 17251587, 420, 1587
2, 1151, 17265420, 17266720, 420, 1720
2, 1152, 17280420, 17282195, 420, 2195
2, 1153, 17295420, 17296587, 420, 1587
2, 1154, 17310420, 17311541, 420, 1541
2, 1155, 17325420, 17326587, 420, 1587
2, 1156, 17340420, 17341822, 420, 1822
2, 1157, 17355420, 17356541, 420, 1541
2, 1158, 17370420, 17371587, 420, 1587
2, 1159, 17385420, 17386518, 420, 1518
2, 116, 1740420, 1741587, 420, 1587
2, 1160, 17400420, 17402195, 420, 2195
2, 1161, 17415420, 17416518, 420, 1518
2, 1162, 17430420, 17433306, 420, 3306
2, 1163, 17445420, 17446587, 420, 1587
2, 1164, 17460420, 17461822, 420, 1822
2, 1165, 17475420, 17476541, 420, 1541
2, 1166, 17490420, 17491541, 420, 1541
2, 1167, 17505420, 17506587, 420, 1587
2, 1168, 17520420, 17522195, 420, 2195
2, 1169, 17535420, 17536587, 420, 1587
2, 117, 1755420, 1756587, 420, 1587
2, 1170, 17550420, 17551587, 420, 1587
2, 1171, 17565420, 17566518, 420, 1518
2, 1172, 17580420, 17581587, 420, 1587
2, 1173, 17595420, 17596541, 420, 1541
2, 1174, 17610420, 17611975, 420, 1975
2, 1175, 17625420, 17626587, 420, 1587
2, 1176, 17640420, 17644007, 420, 4007
2, 1177, 17655420, 17656518, 420, 1518
2, 1178, 17670420, 17671541, 420, 1541
2, 1179, 17685420, 17686587, 420, 1587
2, 118, 1770420, 1771541, 420, 1541
2, 1180, 17700420, 17702195, 420, 2195
2, 1181, 17715420, 17716587, 420, 1587
2, 1182, 17730420, 17731541, 420, 1541
2, 1183, 17745420, 17746541, 420, 1541
2, 1184, 17760420, 17761822, 420, 1822
2, 1185, 17775420, 17776587, 420, 1587
2, 1186, 17790420, 17791715, 420, 1715
2, 1187, 17805420, 17806518, 420, 1518
2, 1188, 17820420, 17821822, 420, 1822
2, 1189, 17835420, 17836518, 420, 1518
2, 119, 1785420, 1786587, 420, 1587
2, 1190, 17850420, 17853306, 420, 3306
2, 1191, 17865420, 17866541, 420, 1541
2, 1192, 17880420, 17881718, 420, 1718
2, 1193, 17895420, 17896518, 420, 1518
2, 1194, 17910420, 17911541, 420, 1541
2, 1195, 17925420, 17927827, 420, 2827
2, 1196, 17940420, 17941822, 420, 1822
2, 1197, 17955420, 17956587, 420, 1587
2, 1198, 17970420, 17971541, 420, 1541
2, 1199, 17985420, 17986518, 420, 1518
2, 12, 180420, 183834, 420, 3834
2, 120, 1800420, 1802195, 420, 2195
2, 1200, 18000420, 18002195, 420, 2195
2, 1201, 18015420, 18016518, 420, 1518
2, 1202, 18030420, 18033327, 420, 3327
2, 1203, 18045420, 18046541, 420, 1541
2, 1204, 18060420, 18064007, 420, 4007
2, 1205, 18075420, 18076541, 420, 1541
2, 1206, 18090420, 18091541, 420, 1541
2, 1207, 18105420, 18106541, 420, 1541
2, 1208, 18120420, 18121822, 420, 1822
2, 1209, 18135420, 18136587, 420, 1587
2, 121, 1815420, 1816541, 420, 1541
2, 1210, 18150420, 18151587, 420, 1587
2, 1211, 18165420, 18166587, 420, 1587
2, 1212, 18180420, 18181587, 420, 1587
2, 1213, 18195420, 18196541, 420, 1541
2, 1214, 18210420, 18211985, 420, 1985
2, 1215, 18225420, 18226587, 420, 1587
2, 1216, 18240420, 18242195, 420, 2195
2, 1217, 18255420, 18256518, 420, 1518
2, 1218, 18270420, 18272195, 420, 2195
2, 1219, 18285420, 18287463, 420, 2463
2, 122, 1830420, 1831541, 420, 1541
2, 1220, 18300420, 18302195, 420, 2195
2, 1221, 18315420, 18316518, 420, 1518
2, 1222, 18330420, 18331541, 420, 1541
2, 1223, 18345420, 18346587, 420, 1587
2, 1224, 18360420, 18361822, 420, 1822
2, 1225, 18375420, 18376725, 420, 1725
2, 1226, 18390420, 18391587, 420, 1587
2, 1227, 18405420, 18406541, 420, 1541
2, 1228, 18420420, 18421587, 420, 1587
2, 1229, 18435420, 18436518, 420, 1518
2, 123, 1845420, 1846541, 420, 1541
2, 1230, 18450420, 18452195, 420, 2195
2, 1231, 18465420, 18466541, 420, 1541
2, 1232, 18480420, 18483306, 420, 3306
2, 1233, 18495420, 18496518, 420, 1518
2, 1234, 18510420, 18511541, 420, 1541
2, 1235, 18525420, 18526541, 420, 1541
2, 1236, 18540420, 18541822, 420, 1822
2, 1237, 18555420, 18556587, 420, 1587
2, 1238, 18570420, 18571541, 420, 1541
2, 1239, 18585420, 18586541, 420, 1541
2, 124, 1860420, 1861822, 420, 1822
2, 1240, 18600420, 18601822, 420, 1822
2, 1241, 18615420, 18616541, 420, 1541
2, 1242, 18630420, 18631587, 420, 1587
2, 1243, 18645420, 18646587, 420, 1587
2, 1244, 18660420, 18661822, 420, 1822
2, 1245, 18675420, 18676541, 420, 1541
2, 1246, 18690420, 18692195, 420, 2195
2, 1247, 18705420, 18706541, 420, 1541
2, 1248, 18720420, 18722195, 420, 2195
2, 1249, 18735420, 18736518, 420, 1518
2, 125, 1875420, 1876587, 420, 1587
2, 1250, 18750420, 18751587, 420, 1587
2, 1251, 18765420, 18766587, 420, 1587
2, 1252, 18780420, 18781587, 420, 1587
2, 1253, 18795420, 18796587, 420, 1587
2, 1254, 18810420, 18811822, 420, 1822
2, 1255, 18825420, 18826541, 420, 1541
2, 1256, 18840420, 18841587, 420, 1587
2, 1257, 18855420, 18856518, 420, 1518
2, 1258, 18870420, 18871822, 420, 1822
2, 1259, 18885420, 18890036, 420, 5036
2, 126, 1890420, 1893306, 420, 3306
2, 1260, 18900420, 18903306, 420, 3306
2, 1261, 18915420, 18916518, 420, 1518
2, 1262, 18930420, 18931541, 420, 1541
2, 1263, 18945420, 18946518, 420, 1518
2, 1264, 18960420, 18962195, 420, 2195
2, 1265, 18975420, 18980585, 420, 5585
2, 1266, 18990420, 18991587, 420, 1587
2, 1267, 19005420, 19006541, 420, 1541
2, 1268, 19020420, 19021587, 420, 1587
2, 1269, 19035420, 19036518, 420, 1518
2, 127, 1905420, 1906541, 420, 1541
2, 1270, 19050420, 19051822, 420, 1822
2, 1271, 19065420, 19066541, 420, 1541
2, 1272, 19080420, 19081822, 420, 1822
2, 1273, 19095420, 19096518, 420, 1518
2, 1274, 19110420, 19112195, 420, 2195
2, 1275, 19125420, 19126725, 420, 1725
2, 1276, 19140420, 19141822, 420, 1822
2, 1277, 19155420, 19156541, 420, 1541
2, 1278, 19170420, 19171541, 420, 1541
2, 1279, 19185420, 19186587, 420, 1587
2, 128, 1920420, 1921822, 420, 1822
2, 1280, 19200420, 19202195, 420, 2195
2, 1281, 19215420, 19216587, 420, 1587
2, 1282, 19230420, 19231587, 420, 1587
2, 1283, 19245420, 19246541, 420, 1541
2, 1284, 19260420, 19261587, 420, 1587
2, 1285, 19275420, 19276541, 420, 1541
2, 1286, 19290420, 19291587, 420, 1587
2, 1287, 19305420, 19306541, 420, 1541
2, 1288, 19320420, 19323306, 420, 3306
2, 1289, 19335420, 19336518, 420, 1518
2, 129, 1935420, 1936518, 420, 1518
2, 1290, 19350420, 19351587, 420, 1587
2, 1291, 19365420, 19366541, 420, 1541
2, 1292, 19380420, 19381822, 420, 1822
2, 1293, 19395420, 19396686, 420, 1686
2, 1294, 19410420, 19411587, 420, 1587
2, 1295, 19425420, 19426587, 420, 1587
2, 1296, 19440420, 19441822, 420, 1822
2, 1297, 19455420, 19456518, 420, 1518
2, 1298, 19470420, 19471587, 420, 1587
2, 1299, 19485420, 19486541, 420, 1541
2, 13, 195420, 196541, 420, 1541
2, 130, 1950420, 1951587, 420, 1587
2, 1300, 19500420, 19502195, 420, 2195
2, 1301, 19515420, 19516518, 420, 1518
2, 1302, 19530420, 19532195, 420, 2195
2, 1303, 19545420, 19546518, 420, 1518
2, 1304, 19560420, 19561822, 420, 1822
2, 1305, 19575420, 19576587, 420, 1587
2, 1306, 19590420, 19591541, 420, 1541
2, 1307, 19605420, 19609048, 420, 4048
2, 1308, 19620420, 19621587, 420, 1587
2, 1309, 19635420, 19636587, 420, 1587
2, 131, 1965420, 1971883, 420, 6883
2, 1310, 19650420, 19651822, 420, 1822
2, 1311, 19665420, 19666541, 420, 1541
2, 1312, 19680420, 19681822, 420, 1822
2, 1313, 19695420, 19696518, 420, 1518
2, 1314, 19710420, 19711587, 420, 1587
2, 1315, 19725420, 19726587, 420, 1587
2, 1316, 19740420, 19743306, 420, 3306
2, 1317, 19755420, 19756541, 420, 1541
2, 1318, 19770420, 19771541, 420, 1541
2, 1319, 19785420, 19786518, 420, 1518
2, 132, 1980420, 1981822, 420, 1822
2, 1320, 19800420, 19801822, 420, 1822
2, 1321, 19815420, 19821883, 420, 6883
2, 1322, 19830420, 19831587, 420, 1587
2, 1323, 19845420, 19846587, 420, 1587
2, 1324, 19860420, 19861587, 420, 1587
2, 1325, 19875420, 19876541, 420, 1541
2, 1326, 19890420, 19891587, 420, 1587
2, 1327, 19905420, 19906708, 420, 1708
2, 1328, 19920420, 19923955, 420, 3955
2, 1329, 19935420, 19936518, 420, 1518
2, 133, 1995420, 1996541, 420, 1541
2, 1330, 19950420, 19954031, 420, 4031
2, 1331, 19965420, 19966518, 420, 1518
2, 1332, 19980420, 19981822, 420, 1822
2, 1333, 19995420, 19996541, 420, 1541
2, 1334, 20010420, 20011541, 420, 1541
2, 1335, 20025420, 20026725, 420, 1725
2, 1336, 20040420, 20041587, 420, 1587
2, 1337, 20055420, 20056541, 420, 1541
2, 1338, 20070420, 20071587, 420, 1587
2, 1339, 20085420, 20086587, 420, 1587
2, 134, 2010420, 2011541, 420, 1541
2, 1340, 20100420, 20101822, 420, 1822
2, 1341, 20115420, 20116518, 420, 1518
2, 1342, 20130420, 20131587, 420, 1587
2, 1343, 20145420, 20146541, 420, 1541
2, 1344, 20160420, 20165272, 420, 5272
2, 1345, 20175420, 20176587, 420, 1587
2, 1346, 20190420, 20191541, 420, 1541
2, 1347, 20205420, 20206518, 420, 1518
2, 1348, 20220420, 20221587, 420, 1587
2, 1349, 20235420, 20236541, 420, 1541
2, 135, 2025420, 2026541, 420, 1541
2, 1350, 20250420, 20252195, 420, 2195
2, 1351, 20265420, 20266587, 420, 1587
2, 1352, 20280420, 20281587, 420, 1587
2, 1353, 20295420, 20296518, 420, 1518
2, 1354, 20310420, 20311541, 420, 1541
2, 1355, 20325420, 20332252, 420, 7252
2, 1356, 20340420, 20342195, 420, 2195
2, 1357, 20355420, 20356518, 420, 1518
2, 1358, 20370420, 20372195, 420, 2195
2, 1359, 20385420, 20386518, 420, 1518
2, 136, 2040420, 2041822, 420, 1822
2, 1360, 20400420, 20404002, 420, 4002
2, 1361, 20415420, 20416541, 420, 1541
2, 1362, 20430420, 20431587, 420, 1587
2, 1363, 20445420, 20446587, 420, 1587
2, 1364, 20460420, 20461587, 420, 1587
2, 1365, 20475420, 20476587, 420, 1587
2, 1366, 20490420, 20491587, 420, 1587
2, 1367, 20505420, 20506541, 420, 1541
2, 1368, 20520420, 20521587, 420, 1587
2, 1369, 20535420, 20536518, 420, 1518
2, 137, 2055420, 2056541, 420, 1541
2, 1370, 20550420, 20551822, 420, 1822
2, 1371, 20565420, 20566541, 420, 1541
2, 1372, 20580420, 20583306, 420, 3306
2, 1373, 20595420, 20596541, 420, 1541
2, 1374, 20610420, 20611541, 420, 1541
2, 1375, 20625420, 20626541, 420, 1541
2, 1376, 20640420, 20641822, 420, 1822
2, 1377, 20655420, 20656725, 420, 1725
2, 1378, 20670420, 20671587, 420, 1587
2, 1379, 20685420, 20686587, 420, 1587
2, 138, 2070420, 2071822, 420, 1822
2, 1380, 20700420, 20701822, 420, 1822
2, 1381, 20715420, 20716518, 420, 1518
2, 1382, 20730420, 20731541, 420, 1541
2, 1383, 20745420, 20746541, 420, 1541
2, 1384, 20760420, 20762195, 420, 2195
2, 1385, 20775420, 20776541, 420, 1541
2, 1386, 20790420, 20792195, 420, 2195
2, 1387, 20805420, 20806541, 420, 1541
2, 1388, 20820420, 20821587, 420, 1587
2, 1389, 20835420, 20836541, 420, 1541
2, 139, 2085420, 2086541, 420, 1541
2, 1390, 20850420, 20851822, 420, 1822
2, 1391, 20865420, 20866587, 420, 1587
2, 1392, 20880420, 20881822, 420, 1822
2, 1393, 20895420, 20896541, 420, 1541
2, 1394, 20910420, 20911587, 420, 1587
2, 1395, 20925420, 20926587, 420, 1587
2, 1396, 20940420, 20941822, 420, 1822
2, 1397, 20955420, 20956518, 420, 1518
2, 1398, 20970420, 20971587, 420, 1587
2, 1399, 20985420, 20986518, 420, 1518
2, 14, 210420, 212195, 420, 2195
2, 140, 2100420, 2104031, 420, 4031
2, 1400, 21000420, 21003306, 420, 3306
2, 1401, 21015420, 21016541, 420, 1541
2, 1402, 21030420, 21031587, 420, 1587
2, 1403, 21045420, 21046541, 420, 1541
2, 1404, 21060420, 21061587, 420, 1587
2, 1405, 21075420, 21076725, 420, 1725
2, 1406, 21090420, 21091587, 420, 1587
2, 1407, 21105420, 21106587, 420, 1587
2, 1408, 21120420, 21121822, 420, 1822
2, 1409, 21135420, 21136518, 420, 1518
2, 141, 2115420, 2116518, 420, 1518
2, 1410, 21150420, 21151587, 420, 1587
2, 1411, 21165420, 21166541, 420, 1541
2, 1412, 21180420, 21182195, 420, 2195
2, 1413, 21195420, 21196541, 420, 1541
2, 1414, 21210420, 21212195, 420, 2195
2, 1415, 21225420, 21226541, 420, 1541
2, 1416, 21240420, 21241587, 420, 1587
2, 1417, 21255420, 21256541, 420, 1541
2, 1418, 21270420, 21271587, 420, 1587
2, 1419, 21285420, 21289025, 420, 4025
2, 142, 2130420, 2131587, 420, 1587
2, 1420, 21300420, 21301822, 420, 1822
2, 1421, 21315420, 21316541, 420, 1541
2, 1422, 21330420, 21331541, 420, 1541
2, 1423, 21345420, 21346541, 420, 1541
2, 1424, 21360420, 21362901, 420, 2901
2, 1425, 21375420, 21376541, 420, 1541
2, 1426, 21390420, 21391587, 420, 1587
2, 1427, 21405420, 21406518, 420, 1518
2, 1428, 21420420, 21423306, 420, 3306
2, 1429, 21435420, 21436541, 420, 1541
2, 143, 2145420, 2146541, 420, 1541
2, 1430, 21450420, 21451822, 420, 1822
2, 1431, 21465420, 21466518, 420, 1518
2, 1432, 21480420, 21481587, 420, 1587
2, 1433, 21495420, 21496587, 420, 1587
2, 1434, 21510420, 21511587, 420, 1587
2, 1435, 21525420, 21527827, 420, 2827
2, 1436, 21540420, 21541822, 420, 1822
2, 1437, 21555420, 21556518, 420, 1518
2, 1438, 21570420, 21571541, 420, 1541
2, 1439, 21585420, 21586518, 420, 1518
2, 144, 2160420, 2162120, 420, 2120
2, 1440, 21600420, 21604002, 420, 4002
2, 1441, 21615420, 21616541, 420, 1541
2, 1442, 21630420, 21632195, 420, 2195
2, 1443, 21645420, 21646518, 420, 1518
2, 1444, 21660420, 21661587, 420, 1587
2, 1445, 21675420, 21676587, 420, 1587
2, 1446, 21690420, 21691800, 420, 1800
2, 1447, 21705420, 21707836, 420, 2836
2, 1448, 21720420, 21721587, 420, 1587
2, 1449, 21735420, 21736541, 420, 1541
2, 145, 2175420, 2176725, 420, 1725
2, 1450, 21750420, 21751587, 420, 1587
2, 1451, 21765420, 21766587, 420, 1587
2, 1452, 21780420, 21781822, 420, 1822
2, 1453, 21795420, 21796541, 420, 1541
2, 1454, 21810420, 21811587, 420, 1587
2, 1455, 21825420, 21826541, 420, 1541
2, 1456, 21840420, 21843306, 420, 3306
2, 1457, 21855420, 21856541, 420, 1541
2, 1458, 21870420, 21871587, 420, 1587
2, 1459, 21885420, 21886518, 420, 1518
2, 146, 2190420, 2191541, 420, 1541
2, 1460, 21900420, 21901822, 420, 1822
2, 1461, 21915420, 21916587, 420, 1587
2, 1462, 21930420, 21931587, 420, 1587
2, 1463, 21945420, 21946587, 420, 1587
2, 1464, 21960420, 21961822, 420, 1822
2, 1465, 21975420, 21976541, 420, 1541
2, 1466, 21990420, 21991541, 420, 1541
2, 1467, 22005420, 22006541, 420, 1541
2, 1468, 22020420, 22022195, 420, 2195
2, 1469, 22035420, 22036541, 420, 1541
2, 147, 2205420, 2206541, 420, 1541
2, 1470, 22050420, 22054031, 420, 4031
2, 1471, 22065420, 22066518, 420, 1518
2, 1472, 22080420, 22081822, 420, 1822
2, 1473, 22095420, 22096518, 420, 1518
2, 1474, 22110420, 22111587, 420, 1587
2, 1475, 22125420, 22126688, 420, 1688
2, 1476, 22140420, 22141587, 420, 1587
2, 1477, 22155420, 22156541, 420, 1541
2, 1478, 22170420, 22171541, 420, 1541
2, 1479, 22185420, 22186541, 420, 1541
2, 148, 2220420, 2221822, 420, 1822
2, 1480, 22200420, 22202195, 420, 2195
2, 1481, 22215420, 22216541, 420, 1541
2, 1482, 22230420, 22231587, 420, 1587
2, 1483, 22245420, 22246541, 420, 1541
2, 1484, 22260420, 22264007, 420, 4007
2, 1485, 22275420, 22276587, 420, 1587
2, 1486, 22290420, 22291587, 420, 1587
2, 1487, 22305420, 22306541, 420, 1541
2, 1488, 22320420, 22321822, 420, 1822
2, 1489, 22335420, 22336587, 420, 1587
2, 149, 2235420, 2236541, 420, 1541
2, 1490, 22350420, 22351587, 420, 1587
2, 1491, 22365420, 22366587, 420, 1587
2, 1492, 22380420, 22381822, 420, 1822
2, 1493, 22395420, 22396518, 420, 1518
2, 1494, 22410420, 22411541, 420, 1541
2, 1495, 22425420, 22426541, 420, 1541
2, 1496, 22440420, 22442195, 420, 2195
2, 1497, 22455420, 22456541, 420, 1541
2, 1498, 22470420, 22473881, 420, 3881
2, 1499, 22485420, 22486541, 420, 1541
2, 15, 225420, 226541, 420, 1541
2, 150, 2250420, 2251587, 420, 1587
2, 1500, 22500420, 22501822, 420, 1822
2, 1501, 22515420, 22516518, 420, 1518
2, 1502, 22530420, 22531587, 420, 1587
2, 1503, 22545420, 22550036, 420, 5036
2, 1504, 22560420, 22562195, 420, 2195
2, 1505, 22575420, 22576587, 420, 1587
2, 1506, 22590420, 22591541, 420, 1541
2, 1507, 22605420, 22606518, 420, 1518
2, 1508, 22620420, 22621822, 420, 1822
2, 1509, 22635420, 22636541, 420, 1541
2, 151, 2265420, 2266518, 420, 1518
2, 1510, 22650420, 22651822, 420, 1822
2, 1511, 22665420, 22666518, 420, 1518
2, 1512, 22680420, 22684007, 420, 4007
2, 1513, 22695420, 22696541, 420, 1541
2, 1514, 22710420, 22711587, 420, 1587
2, 1515, 22725420, 22726725, 420, 1725
2, 1516, 22740420, 22741587, 420, 1587
2, 1517, 22755420, 22756587, 420, 1587
2, 1518, 22770420, 22771541, 420, 1541
2, 1519, 22785420, 22786587, 420, 1587
2, 152, 2280420, 2281822, 420, 1822
2, 1520, 22800420, 22804002, 420, 4002
2, 1521, 22815420, 22816541, 420, 1541
2, 1522, 22830420, 22831541, 420, 1541
2, 1523, 22845420, 22846518, 420, 1518
2, 1524, 22860420, 22861822, 420, 1822
2, 1525, 22875420, 22876587, 420, 1587
2, 1526, 22890420, 22893306, 420, 3306
2, 1527, 22905420, 22906518, 420, 1518
2, 1528, 22920420, 22921587, 420, 1587
2, 1529, 22935420, 22936518, 420, 1518
2, 153, 2295420, 2296541, 420, 1541
2, 1530, 22950420, 22951822, 420, 1822
2, 1531, 22965420, 22971256, 420, 6256
2, 1532, 22980420, 22981822, 420, 1822
2, 1533, 22995420, 22996541, 420, 1541
2, 1534, 23010420, 23011541, 420, 1541
2, 1535, 23025420, 23026541, 420, 1541
2, 1536, 23040420, 23042195, 420, 2195
2, 1537, 23055420, 23056541, 420, 1541
2, 1538, 23070420, 23071822, 420, 1822
2, 1539, 23085420, 23086518, 420, 1518
2, 154, 2310420, 2313306, 420, 3306
2, 1540, 23100420, 23104031, 420, 4031
2, 1541, 23115420, 23116518, 420, 1518
2, 1542, 23130420, 23131587, 420, 1587
2, 1543, 23145420, 23146541, 420, 1541
2, 1544, 23160420, 23161587, 420, 1587
2, 1545, 23175420, 23176725, 420, 1725
2, 1546, 23190420, 23191541, 420, 1541
2, 1547, 23205420, 23206725, 420, 1725
2, 1548, 23220420, 23221822, 420, 1822
2, 1549, 23235420, 23236541, 420, 1541
2, 155, 2325420, 2329493, 420, 4493
2, 1550, 23250420, 23251587, 420, 1587
2, 1551, 23265420, 23266518, 420, 1518
2, 1552, 23280420, 23282195, 420, 2195
2, 1553, 23295420, 23296541, 420, 1541
2, 1554, 23310420, 23313306, 420, 3306
2, 1555, 23325420, 23326587, 420, 1587
2, 1556, 23340420, 23341587, 420, 1587
2, 1557, 23355420, 23356518, 420, 1518
2, 1558, 23370420, 23371541, 420, 1541
2, 1559, 23385420, 23388725, 420, 3725
2, 156, 2340420, 2341587, 420, 1587
2, 1560, 23400420, 23402195, 420, 2195
2, 1561, 23415420, 23416541, 420, 1541
2, 1562, 23430420, 23431541, 420, 1541
2, 1563, 23445420, 23446541, 420, 1541
2, 1564, 23460420, 23461822, 420, 1822
2, 1565, 23475420, 23476587, 420, 1587
2, 1566, 23490420, 23491822, 420, 1822
2, 1567, 23505420, 23506518, 420, 1518
2, 1568, 23520420, 23523306, 420, 3306
2, 1569, 23535420, 23536518, 420, 1518
2, 157, 2355420, 2356518, 420, 1518
2, 1570, 23550420, 23551822, 420, 1822
2, 1571, 23565420, 23566541, 420, 1541
2, 1572, 23580420, 23581587, 420, 1587
2, 1573, 23595420, 23596587, 420, 1587
2, 1574, 23610420, 23611541, 420, 1541
2, 1575, 23625420, 23626587, 420, 1587
2, 1576, 23640420, 23641822, 420, 1822
2, 1577, 23655420, 23656541, 420, 1541
2, 1578, 23670420, 23671541, 420, 1541
2, 1579, 23685420, 23686541, 420, 1541
2, 158, 2370420, 2371541, 420, 1541
2, 1580, 23700420, 23702195, 420, 2195
2, 1581, 23715420, 23716541, 420, 1541
2, 1582, 23730420, 23733306, 420, 3306
2, 1583, 23745420, 23746541, 420, 1541
2, 1584, 23760420, 23761822, 420, 1822
2, 1585, 23775420, 23776541, 420, 1541
2, 1586, 23790420, 23791541, 420, 1541
2, 1587, 23805420, 23809048, 420, 4048
2, 1588, 23820420, 23821822, 420, 1822
2, 1589, 23835420, 23836541, 420, 1541
2, 159, 2385420, 2386541, 420, 1541
2, 1590, 23850420, 23851587, 420, 1587
2, 1591, 23865420, 23866518, 420, 1518
2, 1592, 23880420, 23881587, 420, 1587
2, 1593, 23895420, 23896541, 420, 1541
2, 1594, 23910420, 23911822, 420, 1822
2, 1595, 23925420, 23926587, 420, 1587
2, 1596, 23940420, 23944007, 420, 4007
2, 1597, 23955420, 23956518, 420, 1518
2, 1598, 23970420, 23971587, 420, 1587
2, 1599, 23985420, 23986541, 420, 1541
2, 16, 240420, 241822, 420, 1822
2, 160, 2400420, 2404002, 420, 4002
2, 1600, 24000420, 24004002, 420, 4002
2, 1601, 24015420, 24016587, 420, 1587
2, 1602, 24030420, 24031541, 420, 1541
2, 1603, 24045420, 24046541, 420, 1541
2, 1604, 24060420, 24061822, 420, 1822
2, 1605, 24075420, 24076587, 420, 1587
2, 1606, 24090420, 24091587, 420, 1587
2, 1607, 24105420, 24106518, 420, 1518
2, 1608, 24120420, 24121822, 420, 1822
2, 1609, 24135420, 24136518, 420, 1518
2, 161, 2415420, 2416541, 420, 1541
2, 1610, 24150420, 24153306, 420, 3306
2, 1611, 24165420, 24168873, 420, 3873
2, 1612, 24180420, 24181587, 420, 1587
2, 1613, 24195420, 24196518, 420, 1518
2, 1614, 24210420, 24211541, 420, 1541
2, 1615, 24225420, 24228359, 420, 3359
2, 1616, 24240420, 24242195, 420, 2195
2, 1617, 24255420, 24256587, 420, 1587
2, 1618, 24270420, 24271541, 420, 1541
2, 1619, 24285420, 24286518, 420, 1518
2, 162, 2430420, 2431541, 420, 1541
2, 1620, 24300420, 24301822, 420, 1822
2, 1621, 24315420, 24316541, 420, 1541
2, 1622, 24330420, 24333956, 420, 3956
2, 1623, 24345420, 24346541, 420, 1541
2, 1624, 24360420, 24364007, 420, 4007
2, 1625, 24375420, 24376541, 420, 1541
2, 1626, 24390420, 24391541, 420, 1541
2, 1627, 24405420, 24410206, 420, 5206
2, 1628, 24420420, 24421822, 420, 1822
2, 1629, 24435420, 24436541, 420, 1541
2, 163, 2445420, 2446518, 420, 1518
2, 1630, 24450420, 24451587, 420, 1587
2, 1631, 24465420, 24466541, 420, 1541
2, 1632, 24480420, 24482195, 420, 2195
2, 1633, 24495420, 24496541, 420, 1541
2, 1634, 24510420, 24511587, 420, 1587
2, 1635, 24525420, 24526541, 420, 1541
2, 1636, 24540420, 24541822, 420, 1822
2, 1637, 24555420, 24556518, 420, 1518
2, 1638, 24570420, 24573306, 420, 3306
2, 1639, 24585420, 24586541, 420, 1541
2, 164, 2460420, 2461587, 420, 1587
2, 1640, 24600420, 24602195, 420, 2195
2, 1641, 24615420, 24616518, 420, 1518
2, 1642, 24630420, 24631541, 420, 1541
2, 1643, 24645420, 24646725, 420, 1725
2, 1644, 24660420, 24661822, 420, 1822
2, 1645, 24675420, 24676725, 420, 1725
2, 1646, 24690420, 24691541, 420, 1541
2, 1647, 24705420, 24706518, 420, 1518
2, 1648, 24720420, 24721822, 420, 1822
2, 1649, 24735420, 24736541, 420, 1541
2, 165, 2475420, 2476587, 420, 1587
2, 1650, 24750420, 24752195, 420, 2195
2, 1651, 24765420, 24766541, 420, 1541
2, 1652, 24780420, 24784007, 420, 4007
2, 1653, 24795420, 24796518, 420, 1518
2, 1654, 24810420, 24811541, 420, 1541
2, 1655, 24825420, 24826587, 420, 1587
2, 1656, 24840420, 24841822, 420, 1822
2, 1657, 24855420, 24856541, 420, 1541
2, 1658, 24870420, 24871541, 420, 1541
2, 1659, 24885420, 24886587, 420, 1587
2, 166, 2490420, 2492112, 420, 2112
2, 1660, 24900420, 24901822, 420, 1822
2, 1661, 24915420, 24916541, 420, 1541
2, 1662, 24930420, 24931587, 420, 1587
2, 1663, 24945420, 24946518, 420, 1518
2, 1664, 24960420, 24962195, 420, 2195
2, 1665, 24975420, 24976541, 420, 1541
2, 1666, 24990420, 24993306, 420, 3306
2, 1667, 25005420, 25006541, 420, 1541
2, 1668, 25020420, 25021587, 420, 1587
2, 1669, 25035420, 25036518, 420, 1518
2, 167, 2505420, 2506518, 420, 1518
2, 1670, 25050420, 25051587, 420, 1587
2, 1671, 25065420, 25066587, 420, 1587
2, 1672, 25080420, 25081822, 420, 1822
2, 1673, 25095420, 25096587, 420, 1587
2, 1674, 25110420, 25111541, 420, 1541
2, 1675, 25125420, 25126587, 420, 1587
2, 1676, 25140420, 25141587, 420, 1587
2, 1677, 25155420, 25156518, 420, 1518
2, 1678, 25170420, 25171822, 420, 1822
2, 1679, 25185420, 25186541, 420, 1541
2, 168, 2520420, 2524007, 420, 4007
2, 1680, 25200420, 25203306, 420, 3306
2, 1681, 25215420, 25216518, 420, 1518
2, 1682, 25230420, 25231541, 420, 1541
2, 1683, 25245420, 25246541, 420, 1541
2, 1684, 25260420, 25261822, 420, 1822
2, 1685, 25275420, 25276725, 420, 1725
2, 1686, 25290420, 25291541, 420, 1541
2, 1687, 25305420, 25306541, 420, 1541
2, 1688, 25320420, 25321587, 420, 1587
2, 1689, 25335420, 25336541, 420, 1541
2, 169, 2535420, 2536518, 420, 1518
2, 1690, 25350420, 25352730, 420, 2730
2, 1691, 25365420, 25366587, 420, 1587
2, 1692, 25380420, 25381822, 420, 1822
2, 1693, 25395420, 25396518, 420, 1518
2, 1694, 25410420, 25412195, 420, 2195
2, 1695, 25425420, 25426714, 420, 1714
2, 1696, 25440420, 25442195, 420, 2195
2, 1697, 25455420, 25456518, 420, 1518
2, 1698, 25470420, 25471541, 420, 1541
2, 1699, 25485420, 25486587, 420, 1587
2, 17, 255420, 256541, 420, 1541
2, 170, 2550420, 2551822, 420, 1822
2, 1700, 25500420, 25502195, 420, 2195
2, 1701, 25515420, 25516587, 420, 1587
2, 1702, 25530420, 25531587, 420, 1587
2, 1703, 25545420, 25546518, 420, 1518
2, 1704, 25560420, 25561587, 420, 1587
2, 1705, 25575420, 25576541, 420, 1541
2, 1706, 25590420, 25591822, 420, 1822
2, 1707, 25605420, 25606587, 420, 1587
2, 1708, 25620420, 25624007, 420, 4007
2, 1709, 25635420, 25636518, 420, 1518
2, 171, 2565420, 2570476, 420, 5476
2, 1710, 25650420, 25651587, 420, 1587
2, 1711, 25665420, 25666518, 420, 1518
2, 1712, 25680420, 25682195, 420, 2195
2, 1713, 25695420, 25698832, 420, 3832
2, 1714, 25710420, 25711587, 420, 1587
2, 1715, 25725420, 25726587, 420, 1587
2, 1716, 25740420, 25741587, 420, 1587
2, 1717, 25755420, 25756541, 420, 1541
2, 1718, 25770420, 25771822, 420, 1822
2, 1719, 25785420, 25786541, 420, 1541
2, 172, 2580420, 2581822, 420, 1822
2, 1720, 25800420, 25802195, 420, 2195
2, 1721, 25815420, 25816518, 420, 1518
2, 1722, 25830420, 25832195, 420, 2195
2, 1723, 25845420, 25846587, 420, 1587
2, 1724, 25860420, 25861822, 420, 1822
2, 1725, 25875420, 25876587, 420, 1587
2, 1726, 25890420, 25891541, 420, 1541
2, 1727, 25905420, 25906587, 420, 1587
2, 1728, 25920420, 25921822, 420, 1822
2, 1729, 25935420, 25936587, 420, 1587
2, 173, 2595420, 2596587, 420, 1587
2, 1730, 25950420, 25951822, 420, 1822
2, 1731, 25965420, 25966518, 420, 1518
2, 1732, 25980420, 25981587, 420, 1587
2, 1733, 25995420, 25996518, 420, 1518
2, 1734, 26010420, 26011822, 420, 1822
2, 1735, 26025420, 26026587, 420, 1587
2, 1736, 26040420, 26043306, 420, 3306
2, 1737, 26055420, 26056518, 420, 1518
2, 1738, 26070420, 26071541, 420, 1541
2, 1739, 26085420, 26086541, 420, 1541
2, 174, 2610420, 2611541, 420, 1541
2, 1740, 26100420, 26102195, 420, 2195
2, 1741, 26115420, 26116587, 420, 1587
2, 1742, 26130420, 26131541, 420, 1541
2, 1743, 26145420, 26146541, 420, 1541
2, 1744, 26160420, 26161822, 420, 1822
2, 1745, 26175420, 26176541, 420, 1541
2, 1746, 26190420, 26191587, 420, 1587
2, 1747, 26205420, 26206541, 420, 1541
2, 1748, 26220420, 26221822, 420, 1822
2, 1749, 26235420, 26236518, 420, 1518
2, 175, 2625420, 2626587, 420, 1587
2, 1750, 26250420, 26254031, 420, 4031
2, 1751, 26265420, 26266541, 420, 1541
2, 1752, 26280420, 26281822, 420, 1822
2, 1753, 26295420, 26296541, 420, 1541
2, 1754, 26310420, 26311541, 420, 1541
2, 1755, 26325420, 26327827, 420, 2827
2, 1756, 26340420, 26341587, 420, 1587
2, 1757, 26355420, 26356587, 420, 1587
2, 1758, 26370420, 26371587, 420, 1587
2, 1759, 26385420, 26386541, 420, 1541
2, 176, 2640420, 2642195, 420, 2195
2, 1760, 26400420, 26402195, 420, 2195
2, 1761, 26415420, 26416518, 420, 1518
2, 1762, 26430420, 26431587, 420, 1587
2, 1763, 26445420, 26446541, 420, 1541
2, 1764, 26460420, 26463306, 420, 3306
2, 1765, 26475420, 26476541, 420, 1541
2, 1766, 26490420, 26491541, 420, 1541
2, 1767, 26505420, 26506518, 420, 1518
2, 1768, 26520420, 26521822, 420, 1822
2, 1769, 26535420, 26540249, 420, 5249
2, 177, 2655420, 2656541, 420, 1541
2, 1770, 26550420, 26551822, 420, 1822
2, 1771, 26565420, 26566587, 420, 1587
2, 1772, 26580420, 26581587, 420, 1587
2, 1773, 26595420, 26596518, 420, 1518
2, 1774, 26610420, 26611587, 420, 1587
2, 1775, 26625420, 26626587, 420, 1587
2, 1776, 26640420, 26642195, 420, 2195
2, 1777, 26655420, 26656518, 420, 1518
2, 1778, 26670420, 26672195, 420, 2195
2, 1779, 26685420, 26686518, 420, 1518
2, 178, 2670420, 2671587, 420, 1587
2, 1780, 26700420, 26702195, 420, 2195
2, 1781, 26715420, 26716541, 420, 1541
2, 1782, 26730420, 26731541, 420, 1541
2, 1783, 26745420, 26746587, 420, 1587
2, 1784, 26760420, 26761587, 420, 1587
2, 1785, 26775420, 26776725, 420, 1725
2, 1786, 26790420, 26791587, 420, 1587
2, 1787, 26805420, 26806587, 420, 1587
2, 1788, 26820420, 26821587, 420, 1587
2, 1789, 26835420, 26836518, 420, 1518
2, 179, 2685420, 2686518, 420, 1518
2, 1790, 26850420, 26851822, 420, 1822
2, 1791, 26865420, 26866541, 420, 1541
2, 1792, 26880420, 26885272, 420, 5272
2, 1793, 26895420, 26896518, 420, 1518
2, 1794, 26910420, 26911541, 420, 1541
2, 1795, 26925420, 26926541, 420, 1541
2, 1796, 26940420, 26941587, 420, 1587
2, 1797, 26955420, 26961883, 420, 6883
2, 1798, 26970420, 26971822, 420, 1822
2, 1799, 26985420, 26986587, 420, 1587
2, 18, 270420, 271587, 420, 1587
2, 180, 2700420, 2702195, 420, 2195
2, 1800, 27000420, 27001822, 420, 1822
2, 1801, 27015420, 27016518, 420, 1518
2, 1802, 27030420, 27031587, 420, 1587
2, 1803, 27045420, 27048807, 420, 3807
2, 1804, 27060420, 27062195, 420, 2195
2, 1805, 27075420, 27076541, 420, 1541
2, 1806, 27090420, 27092195, 420, 2195
2, 1807, 27105420, 27106518, 420, 1518
2, 1808, 27120420, 27122195, 420, 2195
2, 1809, 27135420, 27136541, 420, 1541
2, 181, 2715420, 2716518, 420, 1518
2, 1810, 27150420, 27151822, 420, 1822
2, 1811, 27165420, 27166587, 420, 1587
2, 1812, 27180420, 27181587, 420, 1587
2, 1813, 27195420, 27196541, 420, 1541
2, 1814, 27210420, 27211587, 420, 1587
2, 1815, 27225420, 27226587, 420, 1587
2, 1816, 27240420, 27241587, 420, 1587
2, 1817, 27255420, 27256518, 420, 1518
2, 1818, 27270420, 27271587, 420, 1587
2, 1819, 27285420, 27286587, 420, 1587
2, 182, 2730420, 2733306, 420, 3306
2, 1820, 27300420, 27303306, 420, 3306
2, 1821, 27315420, 27316541, 420, 1541
2, 1822, 27330420, 27331541, 420, 1541
2, 1823, 27345420, 27346518, 420, 1518
2, 1824, 27360420, 27361822, 420, 1822
2, 1825, 27375420, 27376587, 420, 1587
2, 1826, 27390420, 27391587, 420, 1587
2, 1827, 27405420, 27406541, 420, 1541
2, 1828, 27420420, 27421587, 420, 1587
2, 1829, 27435420, 27436518, 420, 1518
2, 183, 2745420, 2746587, 420, 1587
2, 1830, 27450420, 27451587, 420, 1587
2, 1831, 27465420, 27466541, 420, 1541
2, 1832, 27480420, 27482195, 420, 2195
2, 1833, 27495420, 27496518, 420, 1518
2, 1834, 27510420, 27512195, 420, 2195
2, 1835, 27525420, 27526587, 420, 1587
2, 1836, 27540420, 27541822, 420, 1822
2, 1837, 27555420, 27556541, 420, 1541
2, 1838, 27570420, 27571587, 420, 1587
2, 1839, 27585420, 27586587, 420, 1587
2, 184, 2760420, 2761587, 420, 1587
2, 1840, 27600420, 27602195, 420, 2195
2, 1841, 27615420, 27616541, 420, 1541
2, 1842, 27630420, 27631587, 420, 1587
2, 1843, 27645420, 27646541, 420, 1541
2, 1844, 27660420, 27661822, 420, 1822
2, 1845, 27675420, 27676541, 420, 1541
2, 1846, 27690420, 27691587, 420, 1587
2, 1847, 27705420, 27706518, 420, 1518
2, 1848, 27720420, 27723306, 420, 3306
2, 1849, 27735420, 27736541, 420, 1541
2, 185, 2775420, 2776541, 420, 1541
2, 1850, 27750420, 27751587, 420, 1587
2, 1851, 27765420, 27766541, 420, 1541
2, 1852, 27780420, 27781587, 420, 1587
2, 1853, 27795420, 27796725, 420, 1725
2, 1854, 27810420, 27811587, 420, 1587
2, 1855, 27825420, 27826725, 420, 1725
2, 1856, 27840420, 27841822, 420, 1822
2, 1857, 27855420, 27856518, 420, 1518
2, 1858, 27870420, 27871541, 420, 1541
2, 1859, 27885420, 27886541, 420, 1541
2, 186, 2790420, 2791541, 420, 1541
2, 1860, 27900420, 27903841, 420, 3841
2, 1861, 27915420, 27916518, 420, 1518
2, 1862, 27930420, 27932195, 420, 2195
2, 1863, 27945420, 27946518, 420, 1518
2, 1864, 27960420, 27961587, 420, 1587
2, 1865, 27975420, 27976587, 420, 1587
2, 1866, 27990420, 27991587, 420, 1587
2, 1867, 28005420, 28009048, 420, 4048
2, 1868, 28020420, 28021587, 420, 1587
2, 1869, 28035420, 28036541, 420, 1541
2, 187, 2805420, 2809932, 420, 4932
2, 1870, 28050420, 28051822, 420, 1822
2, 1871, 28065420, 28066541, 420, 1541
2, 1872, 28080420, 28082195, 420, 2195
2, 1873, 28095420, 28096518, 420, 1518
2, 1874, 28110420, 28111587, 420, 1587
2, 1875, 28125420, 28126541, 420, 1541
2, 1876, 28140420, 28143306, 420, 3306
2, 1877, 28155420, 28156587, 420, 1587
2, 1878, 28170420, 28171587, 420, 1587
2, 1879, 28185420, 28186518, 420, 1518
2, 188, 2820420, 2821822, 420, 1822
2, 1880, 28200420, 28201822, 420, 1822
2, 1881, 28215420, 28216587, 420, 1587
2, 1882, 28230420, 28231587, 420, 1587
2, 1883, 28245420, 28246725, 420, 1725
2, 1884, 28260420, 28261587, 420, 1587
2, 1885, 28275420, 28276541, 420, 1541
2, 1886, 28290420, 28291541, 420, 1541
2, 1887, 28305420, 28306541, 420, 1541
2, 1888, 28320420, 28323955, 420, 3955
2, 1889, 28335420, 28336541, 420, 1541
2, 189, 2835420, 2836587, 420, 1587
2, 1890, 28350420, 28354031, 420, 4031
2, 1891, 28365420, 28366518, 420, 1518
2, 1892, 28380420, 28381587, 420, 1587
2, 1893, 28395420, 28396541, 420, 1541
2, 1894, 28410420, 28411822, 420, 1822
2, 1895, 28425420, 28426712, 420, 1712
2, 1896, 28440420, 28441587, 420, 1587
2, 1897, 28455420, 28456541, 420, 1541
2, 1898, 28470420, 28471541, 420, 1541
2, 1899, 28485420, 28488164, 420, 3164
2, 19, 285420, 286587, 420, 1587
2, 190, 2850420, 2851587, 420, 1587
2, 1900, 28500420, 28502195, 420, 2195
2, 1901, 28515420, 28516518, 420, 1518
2, 1902, 28530420, 28531587, 420, 1587
2, 1903, 28545420, 28546518, 420, 1518
2, 1904, 28560420, 28565272, 420, 5272
2, 1905, 28575420, 28576587, 420, 1587
2, 1906, 28590420, 28591587, 420, 1587
2, 1907, 28605420, 28606518, 420, 1518
2, 1908, 28620420, 28621587, 420, 1587
2, 1909, 28635420, 28636587, 420, 1587
2, 191, 2865420, 2866518, 420, 1518
2, 1910, 28650420, 28651822, 420, 1822
2, 1911, 28665420, 28666587, 420, 1587
2, 1912, 28680420, 28681587, 420, 1587
2, 1913, 28695420, 28696518, 420, 1518
2, 1914, 28710420, 28711541, 420, 1541
2, 1915, 28725420, 28726587, 420, 1587
2, 1916, 28740420, 28742195, 420, 2195
2, 1917, 28755420, 28756541, 420, 1541
2, 1918, 28770420, 28772195, 420, 2195
2, 1919, 28785420, 28786518, 420, 1518
2, 192, 2880420, 2881822, 420, 1822
2, 1920, 28800420, 28802195, 420, 2195
2, 1921, 28815420, 28816541, 420, 1541
2, 1922, 28830420, 28831587, 420, 1587
2, 1923, 28845420, 28846587, 420, 1587
2, 1924, 28860420, 28861587, 420, 1587
2, 1925, 28875420, 28876587, 420, 1587
2, 1926, 28890420, 28891541, 420, 1541
2, 1927, 28905420, 28906541, 420, 1541
2, 1928, 28920420, 28922730, 420, 2730
2, 1929, 28935420, 28936541, 420, 1541
2, 193, 2895420, 2896541, 420, 1541
2, 1930, 28950420, 28951822, 420, 1822
2, 1931, 28965420, 28966541, 420, 1541
2, 1932, 28980420, 28984007, 420, 4007
2, 1933, 28995420, 28996541, 420, 1541
2, 1934, 29010420, 29011587, 420, 1587
2, 1935, 29025420, 29026541, 420, 1541
2, 1936, 29040420, 29041822, 420, 1822
2, 1937, 29055420, 29056587, 420, 1587
2, 1938, 29070420, 29071587, 420, 1587
2, 1939, 29085420, 29086587, 420, 1587
2, 194, 2910420, 2911822, 420, 1822
2, 1940, 29100420, 29102195, 420, 2195
2, 1941, 29115420, 29116518, 420, 1518
2, 1942, 29130420, 29131541, 420, 1541
2, 1943, 29145420, 29146518, 420, 1518
2, 1944, 29160420, 29162195, 420, 2195
2, 1945, 29175420, 29176587, 420, 1587
2, 1946, 29190420, 29192195, 420, 2195
2, 1947, 29205420, 29206541, 420, 1541
2, 1948, 29220420, 29221587, 420, 1587
2, 1949, 29235420, 29236518, 420, 1518
2, 195, 2925420, 2926541, 420, 1541
2, 1950, 29250420, 29251822, 420, 1822
2, 1951, 29265420, 29266587, 420, 1587
2, 1952, 29280420, 29281822, 420, 1822
2, 1953, 29295420, 29296541, 420, 1541
2, 1954, 29310420, 29311541, 420, 1541
2, 1955, 29325420, 29326587, 420, 1587
2, 1956, 29340420, 29341822, 420, 1822
2, 1957, 29355420, 29356541, 420, 1541
2, 1958, 29370420, 29371587, 420, 1587
2, 1959, 29385420, 29386518, 420, 1518
2, 196, 2940420, 2944007, 420, 4007
2, 1960, 29400420, 29404031, 420, 4031
2, 1961, 29415420, 29416541, 420, 1541
2, 1962, 29430420, 29431587, 420, 1587
2, 1963, 29445420, 29446541, 420, 1541
2, 1964, 29460420, 29461587, 420, 1587
2, 1965, 29475420, 29476725, 420, 1725
2, 1966, 29490420, 29491541, 420, 1541
2, 1967, 29505420, 29506587, 420, 1587
2, 1968, 29520420, 29522195, 420, 2195
2, 1969, 29535420, 29536518, 420, 1518
2, 197, 2955420, 2956518, 420, 1518
2, 1970, 29550420, 29551587, 420, 1587
2, 1971, 29565420, 29566518, 420, 1518
2, 1972, 29580420, 29582195, 420, 2195
2, 1973, 29595420, 29596541, 420, 1541
2, 1974, 29610420, 29613881, 420, 3881
2, 1975, 29625420, 29626541, 420, 1541
2, 1976, 29640420, 29641587, 420, 1587
2, 1977, 29655420, 29656518, 420, 1518
2, 1978, 29670420, 29671587, 420, 1587
2, 1979, 29685420, 29691256, 420, 6256
2, 198, 2970420, 2971541, 420, 1541
2, 1980, 29700420, 29702195, 420, 2195
2, 1981, 29715420, 29716541, 420, 1541
2, 1982, 29730420, 29731541, 420, 1541
2, 1983, 29745420, 29746518, 420, 1518
2, 1984, 29760420, 29762195, 420, 2195
2, 1985, 29775420, 29776587, 420, 1587
2, 1986, 29790420, 29791587, 420, 1587
2, 1987, 29805420, 29806518, 420, 1518
2, 1988, 29820420, 29824007, 420, 4007
2, 1989, 29835420, 29836541, 420, 1541
2, 199, 2985420, 2986720, 420, 1720
2, 1990, 29850420, 29851975, 420, 1975
2, 1991, 29865420, 29866541, 420, 1541
2, 1992, 29880420, 29881587, 420, 1587
2, 1993, 29895420, 29896587, 420, 1587
2, 1994, 29910420, 29911541, 420, 1541
2, 1995, 29925420, 29927827, 420, 2827
2, 1996, 29940420, 29941822, 420, 1822
2, 1997, 29955420, 29956541, 420, 1541
2, 1998, 29970420, 29971541, 420, 1541
2, 1999, 29985420, 29986518, 420, 1518
2, 2, 30420, 31587, 420, 1587
2, 20, 300420, 301822, 420, 1822
2, 200, 3000420, 3002195, 420, 2195
2, 2000, 30000420, 30003841, 420, 3841
2, 2001, 30015420, 30016541, 420, 1541
2, 2002, 30030420, 30033306, 420, 3306
2, 2003, 30045420, 30046518, 420, 1518
2, 2004, 30060420, 30061587, 420, 1587
2, 2005, 30075420, 30076541, 420, 1541
2, 2006, 30090420, 30091587, 420, 1587
2, 2007, 30105420, 30107836, 420, 2836
2, 2008, 30120420, 30121822, 420, 1822
2, 2009, 30135420, 30136541, 420, 1541
2, 201, 3015420, 3016587, 420, 1587
2, 2010, 30150420, 30151587, 420, 1587
2, 2011, 30165420, 30166541, 420, 1541
2, 2012, 30180420, 30181822, 420, 1822
2, 2013, 30195420, 30196541, 420, 1541
2, 2014, 30210420, 30211587, 420, 1587
2, 2015, 30225420, 30226541, 420, 1541
2, 2016, 30240420, 30243306, 420, 3306
2, 2017, 30255420, 30256518, 420, 1518
2, 2018, 30270420, 30271587, 420, 1587
2, 2019, 30285420, 30286541, 420, 1541
2, 202, 3030420, 3031541, 420, 1541
2, 2020, 30300420, 30301822, 420, 1822
2, 2021, 30315420, 30316587, 420, 1587
2, 2022, 30330420, 30331541, 420, 1541
2, 2023, 30345420, 30346587, 420, 1587
2, 2024, 30360420, 30361822, 420, 1822
2, 2025, 30375420, 30376587, 420, 1587
2, 2026, 30390420, 30391541, 420, 1541
2, 2027, 30405420, 30406541, 420, 1541
2, 2028, 30420420, 30421822, 420, 1822
2, 2029, 30435420, 30436541, 420, 1541
2, 203, 3045420, 3046587, 420, 1587
2, 2030, 30450420, 30453306, 420, 3306
2, 2031, 30465420, 30466518, 420, 1518
2, 2032, 30480420, 30481822, 420, 1822
2, 2033, 30495420, 30496518, 420, 1518
2, 2034, 30510420, 30511541, 420, 1541
2, 2035, 30525420, 30531883, 420, 6883
2, 2036, 30540420, 30541822, 420, 1822
2, 2037, 30555420, 30556541, 420, 1541
2, 2038, 30570420, 30571541, 420, 1541
2, 2039, 30585420, 30586518, 420, 1518
2, 204, 3060420, 3061822, 420, 1822
2, 2040, 30600420, 30602195, 420, 2195
2, 2041, 30615420, 30616541, 420, 1541
2, 2042, 30630420, 30631822, 420, 1822
2, 2043, 30645420, 30646541, 420, 1541
2, 2044, 30660420, 30664007, 420, 4007
2, 2045, 30675420, 30676541, 420, 1541
2, 2046, 30690420, 30691587, 420, 1587
2, 2047, 30705420, 30706541, 420, 1541
2, 2048, 30720420, 30721822, 420, 1822
2, 2049, 30735420, 30736587, 420, 1587
2, 205, 3075420, 3076587, 420, 1587
2, 2050, 30750420, 30751587, 420, 1587
2, 2051, 30765420, 30766541, 420, 1541
2, 2052, 30780420, 30781822, 420, 1822
2, 2053, 30795420, 30796541, 420, 1541
2, 2054, 30810420, 30811541, 420, 1541
2, 2055, 30825420, 30826541, 420, 1541
2, 2056, 30840420, 30841822, 420, 1822
2, 2057, 30855420, 30856541, 420, 1541
2, 2058, 30870420, 30873306, 420, 3306
2, 2059, 30885420, 30886839, 420, 1839
2, 206, 3090420, 3091587, 420, 1587
2, 2060, 30900420, 30902052, 420, 2052
2, 2061, 30915420, 30916518, 420, 1518
2, 2062, 30930420, 30931541, 420, 1541
2, 2063, 30945420, 30946541, 420, 1541
2, 2064, 30960420, 30962195, 420, 2195
2, 2065, 30975420, 30976587, 420, 1587
2, 2066, 30990420, 30991541, 420, 1541
2, 2067, 31005420, 31006518, 420, 1518
2, 2068, 31020420, 31021587, 420, 1587
2, 2069, 31035420, 31036541, 420, 1541
2, 207, 3105420, 3106518, 420, 1518
2, 2070, 31050420, 31052195, 420, 2195
2, 2071, 31065420, 31066518, 420, 1518
2, 2072, 31080420, 31084007, 420, 4007
2, 2073, 31095420, 31096518, 420, 1518
2, 2074, 31110420, 31111587, 420, 1587
2, 2075, 31125420, 31130476, 420, 5476
2, 2076, 31140420, 31141822, 420, 1822
2, 2077, 31155420, 31156587, 420, 1587
2, 2078, 31170420, 31171541, 420, 1541
2, 2079, 31185420, 31186541, 420, 1541
2, 208, 3120420, 3122195, 420, 2195
2, 2080, 31200420, 31204002, 420, 4002
2, 2081, 31215420, 31216541, 420, 1541
2, 2082, 31230420, 31231587, 420, 1587
2, 2083, 31245420, 31246518, 420, 1518
2, 2084, 31260420, 31261822, 420, 1822
2, 2085, 31275420, 31276541, 420, 1541
2, 2086, 31290420, 31293306, 420, 3306
2, 2087, 31305420, 31306541, 420, 1541
2, 2088, 31320420, 31321587, 420, 1587
2, 2089, 31335420, 31336518, 420, 1518
2, 209, 3135420, 3136518, 420, 1518
2, 2090, 31350420, 31351587, 420, 1587
2, 2091, 31365420, 31368193, 420, 3193
2, 2092, 31380420, 31381822, 420, 1822
2, 2093, 31395420, 31396587, 420, 1587
2, 2094, 31410420, 31411541, 420, 1541
2, 2095, 31425420, 31426541, 420, 1541
2, 2096, 31440420, 31441822, 420, 1822
2, 2097, 31455420, 31456541, 420, 1541
2, 2098, 31470420, 31471822, 420, 1822
2, 2099, 31485420, 31486518, 420, 1518
2, 21, 315420, 316541, 420, 1541
2, 210, 3150420, 3153306, 420, 3306
2, 2100, 31500420, 31504031, 420, 4031
2, 2101, 31515420, 31516518, 420, 1518
2, 2102, 31530420, 31531541, 420, 1541
2, 2103, 31545420, 31546720, 420, 1720
2, 2104, 31560420, 31561822, 420, 1822
2, 2105, 31575420, 31576587, 420, 1587
2, 2106, 31590420, 31591541, 420, 1541
2, 2107, 31605420, 31606587, 420, 1587
2, 2108, 31620420, 31621822, 420, 1822
2, 2109, 31635420, 31636541, 420, 1541
2, 211, 3165420, 3166541, 420, 1541
2, 2110, 31650420, 31651822, 420, 1822
2, 2111, 31665420, 31666518, 420, 1518
2, 2112, 31680420, 31682195, 420, 2195
2, 2113, 31695420, 31696518, 420, 1518
2, 2114, 31710420, 31713306, 420, 3306
2, 2115, 31725420, 31727827, 420, 2827
2, 2116, 31740420, 31741822, 420, 1822
2, 2117, 31755420, 31756518, 420, 1518
2, 2118, 31770420, 31771541, 420, 1541
2, 2119, 31785420, 31786587, 420, 1587
2, 212, 3180420, 3181822, 420, 1822
2, 2120, 31800420, 31802195, 420, 2195
2, 2121, 31815420, 31816587, 420, 1587
2, 2122, 31830420, 31831541, 420, 1541
2, 2123, 31845420, 31846541, 420, 1541
2, 2124, 31860420, 31861587, 420, 1587
2, 2125, 31875420, 31876587, 420, 1587
2, 2126, 31890420, 31891822, 420, 1822
2, 2127, 31905420, 31906541, 420, 1541
2, 2128, 31920420, 31923306, 420, 3306
2, 2129, 31935420, 31936518, 420, 1518
2, 213, 3195420, 3196518, 420, 1518
2, 2130, 31950420, 31951587, 420, 1587
2, 2131, 31965420, 31966541, 420, 1541
2, 2132, 31980420, 31981822, 420, 1822
2, 2133, 31995420, 31996587, 420, 1587
2, 2134, 32010420, 32011541, 420, 1541
2, 2135, 32025420, 32026587, 420, 1587
2, 2136, 32040420, 32041587, 420, 1587
2, 2137, 32055420, 32056541, 420, 1541
2, 2138, 32070420, 32071802, 420, 1802
2, 2139, 32085420, 32086541, 420, 1541
2, 214, 3210420, 3211541, 420, 1541
2, 2140, 32100420, 32102195, 420, 2195
2, 2141, 32115420, 32116518, 420, 1518
2, 2142, 32130420, 32133306, 420, 3306
2, 2143, 32145420, 32146541, 420, 1541
2, 2144, 32160420, 32161897, 420, 1897
2, 2145, 32175420, 32176541, 420, 1541
2, 2146, 32190420, 32191541, 420, 1541
2, 2147, 32205420, 32206587, 420, 1587
2, 2148, 32220420, 32221822, 420, 1822
2, 2149, 32235420, 32236587, 420, 1587
2, 215, 3225420, 3226725, 420, 1725
2, 2150, 32250420, 32251587, 420, 1587
2, 2151, 32265420, 32266518, 420, 1518
2, 2152, 32280420, 32281587, 420, 1587
2, 2153, 32295420, 32296518, 420, 1518
2, 2154, 32310420, 32311822, 420, 1822
2, 2155, 32325420, 32326725, 420, 1725
2, 2156, 32340420, 32344007, 420, 4007
2, 2157, 32355420, 32356518, 420, 1518
2, 2158, 32370420, 32371541, 420, 1541
2, 2159, 32385420, 32386541, 420, 1541
2, 216, 3240420, 3241822, 420, 1822
2, 2160, 32400420, 32404002, 420, 4002
2, 2161, 32415420, 32416587, 420, 1587
2, 2162, 32430420, 32431541, 420, 1541
2, 2163, 32445420, 32446541, 420, 1541
2, 2164, 32460420, 32461587, 420, 1587
2, 2165, 32475420, 32476587, 420, 1587
2, 2166, 32490420, 32492278, 420, 2278
2, 2167, 32505420, 32506541, 420, 1541
2, 2168, 32520420, 32521822, 420, 1822
2, 2169, 32535420, 32536518, 420, 1518
2, 217, 3255420, 3256587, 420, 1587
2, 2170, 32550420, 32554031, 420, 4031
2, 2171, 32565420, 32572887, 420, 7887
2, 2172, 32580420, 32581822, 420, 1822
2, 2173, 32595420, 32596518, 420, 1518
2, 2174, 32610420, 32611541, 420, 1541
2, 2175, 32625420, 32626725, 420, 1725
2, 2176, 32640420, 32642195, 420, 2195
2, 2177, 32655420, 32656587, 420, 1587
2, 2178, 32670420, 32671587, 420, 1587
2, 2179, 32685420, 32686518, 420, 1518
2, 218, 3270420, 3271541, 420, 1541
2, 2180, 32700420, 32701822, 420, 1822
2, 2181, 32715420, 32716518, 420, 1518
2, 2182, 32730420, 32731822, 420, 1822
2, 2183, 32745420, 32746541, 420, 1541
2, 2184, 32760420, 32764007, 420, 4007
2, 2185, 32775420, 32776541, 420, 1541
2, 2186, 32790420, 32791541, 420, 1541
2, 2187, 32805420, 32806541, 420, 1541
2, 2188, 32820420, 32821822, 420, 1822
2, 2189, 32835420, 32836587, 420, 1587
2, 219, 3285420, 3286541, 420, 1541
2, 2190, 32850420, 32851587, 420, 1587
2, 2191, 32865420, 32866541, 420, 1541
2, 2192, 32880420, 32881822, 420, 1822
2, 2193, 32895420, 32896541, 420, 1541
2, 2194, 32910420, 32911587, 420, 1587
2, 2195, 32925420, 32926587, 420, 1587
2, 2196, 32940420, 32941822, 420, 1822
2, 2197, 32955420, 32956518, 420, 1518
2, 2198, 32970420, 32972195, 420, 2195
2, 2199, 32985420, 32986541, 420, 1541
2, 22, 330420, 331541, 420, 1541
2, 220, 3300420, 3301822, 420, 1822
2, 2200, 33000420, 33002195, 420, 2195
2, 2201, 33015420, 33016518, 420, 1518
2, 2202, 33030420, 33031541, 420, 1541
2, 2203, 33045420, 33046725, 420, 1725
2, 2204, 33060420, 33061587, 420, 1587
2, 2205, 33075420, 33076725, 420, 1725
2, 2206, 33090420, 33091587, 420, 1587
2, 2207, 33105420, 33106518, 420, 1518
2, 2208, 33120420, 33121822, 420, 1822
2, 2209, 33135420, 33136518, 420, 1518
2, 221, 3315420, 3316541, 420, 1541
2, 2210, 33150420, 33152195, 420, 2195
2, 2211, 33165420, 33166541, 420, 1541
2, 2212, 33180420, 33184173, 420, 4173
2, 2213, 33195420, 33196518, 420, 1518
2, 2214, 33210420, 33211541, 420, 1541
2, 2215, 33225420, 33226541, 420, 1541
2, 2216, 33240420, 33241822, 420, 1822
2, 2217, 33255420, 33256587, 420, 1587
2, 2218, 33270420, 33271541, 420, 1541
2, 2219, 33285420, 33286587, 420, 1587
2, 222, 3330420, 3332103, 420, 2103
2, 2220, 33300420, 33301822, 420, 1822
2, 2221, 33315420, 33316518, 420, 1518
2, 2222, 33330420, 33331587, 420, 1587
2, 2223, 33345420, 33346541, 420, 1541
2, 2224, 33360420, 33362195, 420, 2195
2, 2225, 33375420, 33376541, 420, 1541
2, 2226, 33390420, 33392195, 420, 2195
2, 2227, 33405420, 33406541, 420, 1541
2, 2228, 33420420, 33421822, 420, 1822
2, 2229, 33435420, 33436541, 420, 1541
2, 223, 3345420, 3346541, 420, 1541
2, 2230, 33450420, 33451587, 420, 1587
2, 2231, 33465420, 33466587, 420, 1587
2, 2232, 33480420, 33481587, 420, 1587
2, 2233, 33495420, 33496587, 420, 1587
2, 2234, 33510420, 33511587, 420, 1587
2, 2235, 33525420, 33526725, 420, 1725
2, 2236, 33540420, 33541587, 420, 1587
2, 2237, 33555420, 33556518, 420, 1518
2, 2238, 33570420, 33571587, 420, 1587
2, 2239, 33585420, 33587463, 420, 2463
2, 224, 3360420, 3363306, 420, 3306
2, 2240, 33600420, 33605272, 420, 5272
2, 2241, 33615420, 33616518, 420, 1518
2, 2242, 33630420, 33631541, 420, 1541
2, 2243, 33645420, 33646518, 420, 1518
2, 2244, 33660420, 33661822, 420, 1822
2, 2245, 33675420, 33676922, 420, 1922
2, 2246, 33690420, 33691822, 420, 1822
2, 2247, 33705420, 33706541, 420, 1541
2, 2248, 33720420, 33721587, 420, 1587
2, 2249, 33735420, 33736518, 420, 1518
2, 225, 3375420, 3376541, 420, 1541
2, 2250, 33750420, 33751822, 420, 1822
2, 2251, 33765420, 33766587, 420, 1587
2, 2252, 33780420, 33781822, 420, 1822
2, 2253, 33795420, 33796518, 420, 1518
2, 2254, 33810420, 33812195, 420, 2195
2, 2255, 33825420, 33826541, 420, 1541
2, 2256, 33840420, 33842195, 420, 2195
2, 2257, 33855420, 33856541, 420, 1541
2, 2258, 33870420, 33871541, 420, 1541
2, 2259, 33885420, 33886587, 420, 1587
2, 226, 3390420, 3391541, 420, 1541
2, 2260, 33900420, 33901822, 420, 1822
2, 2261, 33915420, 33916587, 420, 1587
2, 2262, 33930420, 33932145, 420, 2145
2, 2263, 33945420, 33946541, 420, 1541
2, 2264, 33960420, 33961587, 420, 1587
2, 2265, 33975420, 33976541, 420, 1541
2, 2266, 33990420, 33991587, 420, 1587
2, 2267, 34005420, 34006587, 420, 1587
2, 2268, 34020420, 34023306, 420, 3306
2, 2269, 34035420, 34036518, 420, 1518
2, 227, 3405420, 3406541, 420, 1541
2, 2270, 34050420, 34051587, 420, 1587
2, 2271, 34065420, 34066518, 420, 1518
2, 2272, 34080420, 34081822, 420, 1822
2, 2273, 34095420, 34096725, 420, 1725
2, 2274, 34110420, 34111587, 420, 1587
2, 2275, 34125420, 34126587, 420, 1587
2, 2276, 34140420, 34141587, 420, 1587
2, 2277, 34155420, 34156518, 420, 1518
2, 2278, 34170420, 34171587, 420, 1587
2, 2279, 34185420, 34186541, 420, 1541
2, 228, 3420420, 3421822, 420, 1822
2, 2280, 34200420, 34203841, 420, 3841
2, 2281, 34215420, 34216518, 420, 1518
2, 2282, 34230420, 34232195, 420, 2195
2, 2283, 34245420, 34246541, 420, 1541
2, 2284, 34260420, 34261822, 420, 1822
2, 2285, 34275420, 34276587, 420, 1587
2, 2286, 34290420, 34291541, 420, 1541
2, 2287, 34305420, 34306587, 420, 1587
2, 2288, 34320420, 34321822, 420, 1822
2, 2289, 34335420, 34336541, 420, 1541
2, 229, 3435420, 3436587, 420, 1587
2, 2290, 34350420, 34351822, 420, 1822
2, 2291, 34365420, 34366541, 420, 1541
2, 2292, 34380420, 34381587, 420, 1587
2, 2293, 34395420, 34396518, 420, 1518
2, 2294, 34410420, 34411587, 420, 1587
2, 2295, 34425420, 34426587, 420, 1587
2, 2296, 34440420, 34443306, 420, 3306
2, 2297, 34455420, 34456541, 420, 1541
2, 2298, 34470420, 34471541, 420, 1541
2, 2299, 34485420, 34486541, 420, 1541
2, 23, 345420, 346541, 420, 1541
2, 230, 3450420, 3451587, 420, 1587
2, 2300, 34500420, 34501822, 420, 1822
2, 2301, 34515420, 34516541, 420, 1541
2, 2302, 34530420, 34531587, 420, 1587
2, 2303, 34545420, 34546541, 420, 1541
2, 2304, 34560420, 34561822, 420, 1822
2, 2305, 34575420, 34576541, 420, 1541
2, 2306, 34590420, 34591541, 420, 1541
2, 2307, 34605420, 34606541, 420, 1541
2, 2308, 34620420, 34622195, 420, 2195
2, 2309, 34635420, 34636518, 420, 1518
2, 231, 3465420, 3466541, 420, 1541
2, 2310, 34650420, 34654031, 420, 4031
2, 2311, 34665420, 34666518, 420, 1518
2, 2312, 34680420, 34681822, 420, 1822
2, 2313, 34695420, 34696541, 420, 1541
2, 2314, 34710420, 34711587, 420, 1587
2, 2315, 34725420, 34727827, 420, 2827
2, 2316, 34740420, 34741587, 420, 1587
2, 2317, 34755420, 34756541, 420, 1541
2, 2318, 34770420, 34771587, 420, 1587
2, 2319, 34785420, 34786541, 420, 1541
2, 232, 3480420, 3481587, 420, 1587
2, 2320, 34800420, 34802195, 420, 2195
2, 2321, 34815420, 34816518, 420, 1518
2, 2322, 34830420, 34831587, 420, 1587
2, 2323, 34845420, 34846518, 420, 1518
2, 2324, 34860420, 34863306, 420, 3306
2, 2325, 34875420, 34876587, 420, 1587
2, 2326, 34890420, 34891541, 420, 1541
2, 2327, 34905420, 34906518, 420, 1518
2, 2328, 34920420, 34921587, 420, 1587
2, 2329, 34935420, 34936725, 420, 1725
2, 233, 3495420, 3496541, 420, 1541
2, 2330, 34950420, 34951822, 420, 1822
2, 2331, 34965420, 34966725, 420, 1725
2, 2332, 34980420, 34981587, 420, 1587
2, 2333, 34995420, 34996518, 420, 1518
2, 2334, 35010420, 35011541, 420, 1541
2, 2335, 35025420, 35026587, 420, 1587
2, 2336, 35040420, 35043955, 420, 3955
2, 2337, 35055420, 35056541, 420, 1541
2, 2338, 35070420, 35072195, 420, 2195
2, 2339, 35085420, 35086518, 420, 1518
2, 234, 3510420, 3511587, 420, 1587
2, 2340, 35100420, 35101822, 420, 1822
2, 2341, 35115420, 35116541, 420, 1541
2, 2342, 35130420, 35131587, 420, 1587
2, 2343, 35145420, 35146587, 420, 1587
2, 2344, 35160420, 35161587, 420, 1587
2, 2345, 35175420, 35176587, 420, 1587
2, 2346, 35190420, 35191587, 420, 1587
2, 2347, 35205420, 35209995, 420, 4995
2, 2348, 35220420, 35221822, 420, 1822
2, 2349, 35235420, 35236518, 420, 1518
2, 235, 3525420, 3526587, 420, 1587
2, 2350, 35250420, 35251822, 420, 1822
2, 2351, 35265420, 35266518, 420, 1518
2, 2352, 35280420, 35285272, 420, 5272
2, 2353, 35295420, 35296541, 420, 1541
2, 2354, 35310420, 35311587, 420, 1587
2, 2355, 35325420, 35326541, 420, 1541
2, 2356, 35340420, 35341587, 420, 1587
2, 2357, 35355420, 35356587, 420, 1587
2, 2358, 35370420, 35371587, 420, 1587
2, 2359, 35385420, 35386587, 420, 1587
2, 236, 3540420, 3541822, 420, 1822
2, 2360, 35400420, 35401822, 420, 1822
2, 2361, 35415420, 35416518, 420, 1518
2, 2362, 35430420, 35431541, 420, 1541
2, 2363, 35445420, 35446587, 420, 1587
2, 2364, 35460420, 35462195, 420, 2195
2, 2365, 35475420, 35476587, 420, 1587
2, 2366, 35490420, 35492195, 420, 2195
2, 2367, 35505420, 35506518, 420, 1518
2, 2368, 35520420, 35521822, 420, 1822
2, 2369, 35535420, 35536541, 420, 1541
2, 237, 3555420, 3556518, 420, 1518
2, 2370, 35550420, 35551822, 420, 1822
2, 2371, 35565420, 35566541, 420, 1541
2, 2372, 35580420, 35581587, 420, 1587
2, 2373, 35595420, 35596541, 420, 1541
2, 2374, 35610420, 35611541, 420, 1541
2, 2375, 35625420, 35626587, 420, 1587
2, 2376, 35640420, 35641822, 420, 1822
2, 2377, 35655420, 35656518, 420, 1518
2, 2378, 35670420, 35671587, 420, 1587
2, 2379, 35685420, 35686541, 420, 1541
2, 238, 3570420, 3573306, 420, 3306
2, 2380, 35700420, 35703306, 420, 3306
2, 2381, 35715420, 35716541, 420, 1541
2, 2382, 35730420, 35731541, 420, 1541
2, 2383, 35745420, 35746518, 420, 1518
2, 2384, 35760420, 35761822, 420, 1822
2, 2385, 35775420, 35776725, 420, 1725
2, 2386, 35790420, 35791587, 420, 1587
2, 2387, 35805420, 35806587, 420, 1587
2, 2388, 35820420, 35821587, 420, 1587
2, 2389, 35835420, 35836518, 420, 1518
2, 239, 3585420, 3586541, 420, 1541
2, 2390, 35850420, 35851587, 420, 1587
2, 2391, 35865420, 35866518, 420, 1518
2, 2392, 35880420, 35883834, 420, 3834
2, 2393, 35895420, 35896541, 420, 1541
2, 2394, 35910420, 35912195, 420, 2195
2, 2395, 35925420, 35926587, 420, 1587
2, 2396, 35940420, 35941587, 420, 1587
2, 2397, 35955420, 35956541, 420, 1541
2, 2398, 35970420, 35971587, 420, 1587
2, 2399, 35985420, 35986587, 420, 1587
2, 24, 360420, 362730, 420, 2730
2, 240, 3600420, 3602195, 420, 2195
2, 2400, 36000420, 36002195, 420, 2195
2, 2401, 36015420, 36016541, 420, 1541
2, 2402, 36030420, 36031541, 420, 1541
2, 2403, 36045420, 36046541, 420, 1541
2, 2404, 36060420, 36062730, 420, 2730
2, 2405, 36075420, 36076587, 420, 1587
2, 2406, 36090420, 36091587, 420, 1587
2, 2407, 36105420, 36106518, 420, 1518
2, 2408, 36120420, 36124007, 420, 4007
2, 2409, 36135420, 36136541, 420, 1541
2, 241, 3615420, 3616518, 420, 1518
2, 2410, 36150420, 36151822, 420, 1822
2, 2411, 36165420, 36166541, 420, 1541
2, 2412, 36180420, 36181587, 420, 1587
2, 2413, 36195420, 36196587, 420, 1587
2, 2414, 36210420, 36211587, 420, 1587
2, 2415, 36225420, 36226725, 420, 1725
2, 2416, 36240420, 36242195, 420, 2195
2, 2417, 36255420, 36256518, 420, 1518
2, 2418, 36270420, 36271541, 420, 1541
2, 2419, 36285420, 36286518, 420, 1518
2, 242, 3630420, 3631541, 420, 1541
2, 2420, 36300420, 36303841, 420, 3841
2, 2421, 36315420, 36316541, 420, 1541
2, 2422, 36330420, 36332195, 420, 2195
2, 2423, 36345420, 36346518, 420, 1518
2, 2424, 36360420, 36361587, 420, 1587
2, 2425, 36375420, 36376541, 420, 1541
2, 2426, 36390420, 36391587, 420, 1587
2, 2427, 36405420, 36412124, 420, 7124
2, 2428, 36420420, 36421587, 420, 1587
2, 2429, 36435420, 36436541, 420, 1541
2, 243, 3645420, 3646587, 420, 1587
2, 2430, 36450420, 36451587, 420, 1587
2, 2431, 36465420, 36466541, 420, 1541
2, 2432, 36480420, 36482195, 420, 2195
2, 2433, 36495420, 36496541, 420, 1541
2, 2434, 36510420, 36511587, 420, 1587
2, 2435, 36525420, 36526541, 420, 1541
2, 2436, 36540420, 36544007, 420, 4007
2, 2437, 36555420, 36556541, 420, 1541
2, 2438, 36570420, 36571822, 420, 1822
2, 2439, 36585420, 36586541, 420, 1541
2, 244, 3660420, 3661822, 420, 1822
2, 2440, 36600420, 36601822, 420, 1822
2, 2441, 36615420, 36616587, 420, 1587
2, 2442, 36630420, 36631541, 420, 1541
2, 2443, 36645420, 36652254, 420, 7254
2, 2444, 36660420, 36661822, 420, 1822
2, 2445, 36675420, 36676581, 420, 1581
2, 2446, 36690420, 36691541, 420, 1541
2, 2447, 36705420, 36706518, 420, 1518
2, 2448, 36720420, 36723955, 420, 3955
2, 2449, 36735420, 36736541, 420, 1541
2, 245, 3675420, 3676725, 420, 1725
2, 2450, 36750420, 36754031, 420, 4031
2, 2451, 36765420, 36766518, 420, 1518
2, 2452, 36780420, 36781587, 420, 1587
2, 2453, 36795420, 36796518, 420, 1518
2, 2454, 36810420, 36811587, 420, 1587
2, 2455, 36825420, 36826725, 420, 1725
2, 2456, 36840420, 36841819, 420, 1819
2, 2457, 36855420, 36856541, 420, 1541
2, 2458, 36870420, 36871541, 420, 1541
2, 2459, 36885420, 36886541, 420, 1541
2, 246, 3690420, 3691541, 420, 1541
2, 2460, 36900420, 36902195, 420, 2195
2, 2461, 36915420, 36916541, 420, 1541
2, 2462, 36930420, 36931587, 420, 1587
2, 2463, 36945420, 36946518, 420, 1518
2, 2464, 36960420, 36963306, 420, 3306
2, 2465, 36975420, 36976587, 420, 1587
2, 2466, 36990420, 36991587, 420, 1587
2, 2467, 37005420, 37006541, 420, 1541
2, 2468, 37020420, 37021587, 420, 1587
2, 2469, 37035420, 37036587, 420, 1587
2, 247, 3705420, 3706518, 420, 1518
2, 2470, 37050420, 37051587, 420, 1587
2, 2471, 37065420, 37066587, 420, 1587
2, 2472, 37080420, 37081822, 420, 1822
2, 2473, 37095420, 37096541, 420, 1541
2, 2474, 37110420, 37111541, 420, 1541
2, 2475, 37125420, 37126587, 420, 1587
2, 2476, 37140420, 37141822, 420, 1822
2, 2477, 37155420, 37156541, 420, 1541
2, 2478, 37170420, 37173306, 420, 3306
2, 2479, 37185420, 37186518, 420, 1518
2, 248, 3720420, 3721587, 420, 1587
2, 2480, 37200420, 37202195, 420, 2195
2, 2481, 37215420, 37216518, 420, 1518
2, 2482, 37230420, 37231587, 420, 1587
2, 2483, 37245420, 37250327, 420, 5327
2, 2484, 37260420, 37261822, 420, 1822
2, 2485, 37275420, 37276587, 420, 1587
2, 2486, 37290420, 37291541, 420, 1541
2, 2487, 37305420, 37306518, 420, 1518
2, 2488, 37320420, 37321822, 420, 1822
2, 2489, 37335420, 37336541, 420, 1541
2, 249, 3735420, 3736518, 420, 1518
2, 2490, 37350420, 37351822, 420, 1822
2, 2491, 37365420, 37366541, 420, 1541
2, 2492, 37380420, 37384007, 420, 4007
2, 2493, 37395420, 37396518, 420, 1518
2, 2494, 37410420, 37411587, 420, 1587
2, 2495, 37425420, 37426587, 420, 1587
2, 2496, 37440420, 37441822, 420, 1822
2, 2497, 37455420, 37456587, 420, 1587
2, 2498, 37470420, 37471541, 420, 1541
2, 2499, 37485420, 37486587, 420, 1587
2, 25, 375420, 376587, 420, 1587
2, 250, 3750420, 3752195, 420, 2195
2, 2500, 37500420, 37502195, 420, 2195
2, 2501, 37515420, 37516541, 420, 1541
2, 2502, 37530420, 37531541, 420, 1541
2, 2503, 37545420, 37546518, 420, 1518
2, 2504, 37560420, 37561822, 420, 1822
2, 2505, 37575420, 37576587, 420, 1587
2, 2506, 37590420, 37593306, 420, 3306
2, 2507, 37605420, 37606725, 420, 1725
2, 2508, 37620420, 37621587, 420, 1587
2, 2509, 37635420, 37636518, 420, 1518
2, 251, 3765420, 3766587, 420, 1587
2, 2510, 37650420, 37651587, 420, 1587
2, 2511, 37665420, 37671883, 420, 6883
2, 2512, 37680420, 37682195, 420, 2195
2, 2513, 37695420, 37696541, 420, 1541
2, 2514, 37710420, 37711541, 420, 1541
2, 2515, 37725420, 37726541, 420, 1541
2, 2516, 37740420, 37741822, 420, 1822
2, 2517, 37755420, 37756541, 420, 1541
2, 2518, 37770420, 37771822, 420, 1822
2, 2519, 37785420, 37786518, 420, 1518
2, 252, 3780420, 3784007, 420, 4007
2, 2520, 37800420, 37804031, 420, 4031
2, 2521, 37815420, 37816518, 420, 1518
2, 2522, 37830420, 37831587, 420, 1587
2, 2523, 37845420, 37849911, 420, 4911
2, 2524, 37860420, 37861822, 420, 1822
2, 2525, 37875420, 37876725, 420, 1725
2, 2526, 37890420, 37891541, 420, 1541
2, 2527, 37905420, 37906541, 420, 1541
2, 2528, 37920420, 37922195, 420, 2195
2, 2529, 37935420, 37936541, 420, 1541
2, 253, 3795420, 3796518, 420, 1518
2, 2530, 37950420, 37951587, 420, 1587
2, 2531, 37965420, 37966518, 420, 1518
2, 2532, 37980420, 37981822, 420, 1822
2, 2533, 37995420, 37996541, 420, 1541
2, 2534, 38010420, 38013306, 420, 3306
2, 2535, 38025420, 38026587, 420, 1587
2, 2536, 38040420, 38041587, 420, 1587
2, 2537, 38055420, 38056518, 420, 1518
2, 2538, 38070420, 38071541, 420, 1541
2, 2539, 38085420, 38091256, 420, 6256
2, 254, 3810420, 3811541, 420, 1541
2, 2540, 38100420, 38102195, 420, 2195
2, 2541, 38115420, 38116587, 420, 1587
2, 2542, 38130420, 38131541, 420, 1541
2, 2543, 38145420, 38146518, 420, 1518
2, 2544, 38160420, 38161822, 420, 1822
2, 2545, 38175420, 38176587, 420, 1587
2, 2546, 38190420, 38191822, 420, 1822
2, 2547, 38205420, 38206518, 420, 1518
2, 2548, 38220420, 38224007, 420, 4007
2, 2549, 38235420, 38236518, 420, 1518
2, 255, 3825420, 3826587, 420, 1587
2, 2550, 38250420, 38251822, 420, 1822
2, 2551, 38265420, 38266541, 420, 1541
2, 2552, 38280420, 38281822, 420, 1822
2, 2553, 38295420, 38296587, 420, 1587
2, 2554, 38310420, 38311541, 420, 1541
2, 2555, 38325420, 38326725, 420, 1725
2, 2556, 38340420, 38341822, 420, 1822
2, 2557, 38355420, 38356541, 420, 1541
2, 2558, 38370420, 38371541, 420, 1541
2, 2559, 38385420, 38386518, 420, 1518
2, 256, 3840420, 3842195, 420, 2195
2, 2560, 38400420, 38403841, 420, 3841
2, 2561, 38415420, 38416518, 420, 1518
2, 2562, 38430420, 38433306, 420, 3306
2, 2563, 38445420, 38446541, 420, 1541
2, 2564, 38460420, 38461587, 420, 1587
2, 2565, 38475420, 38476541, 420, 1541
2, 2566, 38490420, 38491541, 420, 1541
2, 2567, 38505420, 38506725, 420, 1725
2, 2568, 38520420, 38521822, 420, 1822
2, 2569, 38535420, 38536587, 420, 1587
2, 257, 3855420, 3856587, 420, 1587
2, 2570, 38550420, 38551587, 420, 1587
2, 2571, 38565420, 38566541, 420, 1541
2, 2572, 38580420, 38581587, 420, 1587
2, 2573, 38595420, 38596541, 420, 1541
2, 2574, 38610420, 38611822, 420, 1822
2, 2575, 38625420, 38626541, 420, 1541
2, 2576, 38640420, 38643306, 420, 3306
2, 2577, 38655420, 38656518, 420, 1518
2, 2578, 38670420, 38671541, 420, 1541
2, 2579, 38685420, 38686720, 420, 1720
2, 258, 3870420, 3871541, 420, 1541
2, 2580, 38700420, 38702195, 420, 2195
2, 2581, 38715420, 38716587, 420, 1587
2, 2582, 38730420, 38731541, 420, 1541
2, 2583, 38745420, 38746541, 420, 1541
2, 2584, 38760420, 38761822, 420, 1822
2, 2585, 38775420, 38776587, 420, 1587
2, 2586, 38790420, 38791587, 420, 1587
2, 2587, 38805420, 38806541, 420, 1541
2, 2588, 38820420, 38821822, 420, 1822
2, 2589, 38835420, 38836518, 420, 1518
2, 259, 3885420, 3886541, 420, 1541
2, 2590, 38850420, 38853306, 420, 3306
2, 2591, 38865420, 38866541, 420, 1541
2, 2592, 38880420, 38882195, 420, 2195
2, 2593, 38895420, 38896518, 420, 1518
2, 2594, 38910420, 38911541, 420, 1541
2, 2595, 38925420, 38926725, 420, 1725
2, 2596, 38940420, 38941822, 420, 1822
2, 2597, 38955420, 38956587, 420, 1587
2, 2598, 38970420, 38971541, 420, 1541
2, 2599, 38985420, 38986518, 420, 1518
2, 26, 390420, 391587, 420, 1587
2, 260, 3900420, 3901822, 420, 1822
2, 2600, 39000420, 39001822, 420, 1822
2, 2601, 39015420, 39016541, 420, 1541
2, 2602, 39030420, 39032103, 420, 2103
2, 2603, 39045420, 39046587, 420, 1587
2, 2604, 39060420, 39064007, 420, 4007
2, 2605, 39075420, 39076541, 420, 1541
2, 2606, 39090420, 39091541, 420, 1541
2, 2607, 39105420, 39106541, 420, 1541
2, 2608, 39120420, 39122195, 420, 2195
2, 2609, 39135420, 39136587, 420, 1587
2, 261, 3915420, 3916541, 420, 1541
2, 2610, 39150420, 39151587, 420, 1587
2, 2611, 39165420, 39166541, 420, 1541
2, 2612, 39180420, 39181587, 420, 1587
2, 2613, 39195420, 39196541, 420, 1541
2, 2614, 39210420, 39212195, 420, 2195
2, 2615, 39225420, 39226541, 420, 1541
2, 2616, 39240420, 39241822, 420, 1822
2, 2617, 39255420, 39256518, 420, 1518
2, 2618, 39270420, 39273306, 420, 3306
2, 2619, 39285420, 39288834, 420, 3834
2, 262, 3930420, 3932839, 420, 2839
2, 2620, 39300420, 39302195, 420, 2195
2, 2621, 39315420, 39316518, 420, 1518
2, 2622, 39330420, 39331541, 420, 1541
2, 2623, 39345420, 39346587, 420, 1587
2, 2624, 39360420, 39362195, 420, 2195
2, 2625, 39375420, 39376725, 420, 1725
2, 2626, 39390420, 39391587, 420, 1587
2, 2627, 39405420, 39406518, 420, 1518
2, 2628, 39420420, 39421587, 420, 1587
2, 2629, 39435420, 39436518, 420, 1518
2, 263, 3945420, 3946541, 420, 1541
2, 2630, 39450420, 39452195, 420, 2195
2, 2631, 39465420, 39466541, 420, 1541
2, 2632, 39480420, 39484007, 420, 4007
2, 2633, 39495420, 39496518, 420, 1518
2, 2634, 39510420, 39511541, 420, 1541
2, 2635, 39525420, 39526725, 420, 1725
2, 2636, 39540420, 39541822, 420, 1822
2, 2637, 39555420, 39556587, 420, 1587
2, 2638, 39570420, 39571541, 420, 1541
2, 2639, 39585420, 39586541, 420, 1541
2, 264, 3960420, 3961822, 420, 1822
2, 2640, 39600420, 39602195, 420, 2195
2, 2641, 39615420, 39616541, 420, 1541
2, 2642, 39630420, 39631985, 420, 1985
2, 2643, 39645420, 39646541, 420, 1541
2, 2644, 39660420, 39661822, 420, 1822
2, 2645, 39675420, 39676541, 420, 1541
2, 2646, 39690420, 39692195, 420, 2195
2, 2647, 39705420, 39706572, 420, 1572
2, 2648, 39720420, 39721822, 420, 1822
2, 2649, 39735420, 39736518, 420, 1518
2, 265, 3975420, 3976541, 420, 1541
2, 2650, 39750420, 39751587, 420, 1587
2, 2651, 39765420, 39766725, 420, 1725
2, 2652, 39780420, 39781822, 420, 1822
2, 2653, 39795420, 39796587, 420, 1587
2, 2654, 39810420, 39811587, 420, 1587
2, 2655, 39825420, 39826541, 420, 1541
2, 2656, 39840420, 39841822, 420, 1822
2, 2657, 39855420, 39856518, 420, 1518
2, 2658, 39870420, 39871822, 420, 1822
2, 2659, 39885420, 39886541, 420, 1541
2, 266, 3990420, 3992195, 420, 2195
2, 2660, 39900420, 39904031, 420, 4031
2, 2661, 39915420, 39916518, 420, 1518
2, 2662, 39930420, 39931541, 420, 1541
2, 2663, 39945420, 39946518, 420, 1518
2, 2664, 39960420, 39961822, 420, 1822
2, 2665, 39975420, 39976725, 420, 1725
2, 2666, 39990420, 39991541, 420, 1541
2, 2667, 40005420, 40006587, 420, 1587
2, 2668, 40020420, 40021587, 420, 1587
2, 2669, 40035420, 40036541, 420, 1541
2, 267, 4005420, 4012891, 420, 7891
2, 2670, 40050420, 40051822, 420, 1822
2, 2671, 40065420, 40066541, 420, 1541
2, 2672, 40080420, 40082195, 420, 2195
2, 2673, 40095420, 40096518, 420, 1518
2, 2674, 40110420, 40112195, 420, 2195
2, 2675, 40125420, 40126587, 420, 1587
2, 2676, 40140420, 40141822, 420, 1822
2, 2677, 40155420, 40156518, 420, 1518
2, 2678, 40170420, 40171541, 420, 1541
2, 2679, 40185420, 40186587, 420, 1587
2, 268, 4020420, 4021822, 420, 1822
2, 2680, 40200420, 40201822, 420, 1822
2, 2681, 40215420, 40216587, 420, 1587
2, 2682, 40230420, 40231587, 420, 1587
2, 2683, 40245420, 40246541, 420, 1541
2, 2684, 40260420, 40261587, 420, 1587
2, 2685, 40275420, 40276541, 420, 1541
2, 2686, 40290420, 40291822, 420, 1822
2, 2687, 40305420, 40306708, 420, 1708
2, 2688, 40320420, 40325272, 420, 5272
2, 2689, 40335420, 40336518, 420, 1518
2, 269, 4035420, 4036541, 420, 1541
2, 2690, 40350420, 40351587, 420, 1587
2, 2691, 40365420, 40366518, 420, 1518
2, 2692, 40380420, 40381822, 420, 1822
2, 2693, 40395420, 40399724, 420, 4724
2, 2694, 40410420, 40411587, 420, 1587
2, 2695, 40425420, 40426587, 420, 1587
2, 2696, 40440420, 40441587, 420, 1587
2, 2697, 40455420, 40456518, 420, 1518
2, 2698, 40470420, 40471587, 420, 1587
2, 2699, 40485420, 40486587, 420, 1587
2, 27, 405420, 406541, 420, 1541
2, 270, 4050420, 4051587, 420, 1587
2, 2700, 40500420, 40502195, 420, 2195
2, 2701, 40515420, 40516518, 420, 1518
2, 2702, 40530420, 40532195, 420, 2195
2, 2703, 40545420, 40546541, 420, 1541
2, 2704, 40560420, 40562195, 420, 2195
2, 2705, 40575420, 40576587, 420, 1587
2, 2706, 40590420, 40591541, 420, 1541
2, 2707, 40605420, 40606587, 420, 1587
2, 2708, 40620420, 40621587, 420, 1587
2, 2709, 40635420, 40636587, 420, 1587
2, 271, 4065420, 4066587, 420, 1587
2, 2710, 40650420, 40651822, 420, 1822
2, 2711, 40665420, 40666541, 420, 1541
2, 2712, 40680420, 40681587, 420, 1587
2, 2713, 40695420, 40696518, 420, 1518
2, 2714, 40710420, 40711587, 420, 1587
2, 2715, 40725420, 40732252, 420, 7252
2, 2716, 40740420, 40743306, 420, 3306
2, 2717, 40755420, 40756541, 420, 1541
2, 2718, 40770420, 40771541, 420, 1541
2, 2719, 40785420, 40786518, 420, 1518
2, 272, 4080420, 4082195, 420, 2195
2, 2720, 40800420, 40804002, 420, 4002
2, 2721, 40815420, 40820258, 420, 5258
2, 2722, 40830420, 40831587, 420, 1587
2, 2723, 40845420, 40846541, 420, 1541
2, 2724, 40860420, 40861587, 420, 1587
2, 2725, 40875420, 40876541, 420, 1541
2, 2726, 40890420, 40891587, 420, 1587
2, 2727, 40905420, 40906541, 420, 1541
2, 2728, 40920420, 40921822, 420, 1822
2, 2729, 40935420, 40936518, 420, 1518
2, 273, 4095420, 4096587, 420, 1587
2, 2730, 40950420, 40954031, 420, 4031
2, 2731, 40965420, 40966541, 420, 1541
2, 2732, 40980420, 40981822, 420, 1822
2, 2733, 40995420, 40996541, 420, 1541
2, 2734, 41010420, 41011541, 420, 1541
2, 2735, 41025420, 41026725, 420, 1725
2, 2736, 41040420, 41041822, 420, 1822
2, 2737, 41055420, 41056587, 420, 1587
2, 2738, 41070420, 41071587, 420, 1587
2, 2739, 41085420, 41086541, 420, 1541
2, 274, 4110420, 4111587, 420, 1587
2, 2740, 41100420, 41101822, 420, 1822
2, 2741, 41115420, 41116518, 420, 1518
2, 2742, 41130420, 41131587, 420, 1587
2, 2743, 41145420, 41146541, 420, 1541
2, 2744, 41160420, 41163306, 420, 3306
2, 2745, 41175420, 41176587, 420, 1587
2, 2746, 41190420, 41191541, 420, 1541
2, 2747, 41205420, 41206541, 420, 1541
2, 2748, 41220420, 41221587, 420, 1587
2, 2749, 41235420, 41238725, 420, 3725
2, 275, 4125420, 4126541, 420, 1541
2, 2750, 41250420, 41251822, 420, 1822
2, 2751, 41265420, 41266587, 420, 1587
2, 2752, 41280420, 41281822, 420, 1822
2, 2753, 41295420, 41296518, 420, 1518
2, 2754, 41310420, 41311587, 420, 1587
2, 2755, 41325420, 41326587, 420, 1587
2, 2756, 41340420, 41342195, 420, 2195
2, 2757, 41355420, 41356518, 420, 1518
2, 2758, 41370420, 41372195, 420, 2195
2, 2759, 41385420, 41386518, 420, 1518
2, 276, 4140420, 4141587, 420, 1587
2, 2760, 41400420, 41402195, 420, 2195
2, 2761, 41415420, 41416541, 420, 1541
2, 2762, 41430420, 41431541, 420, 1541
2, 2763, 41445420, 41446725, 420, 1725
2, 2764, 41460420, 41461587, 420, 1587
2, 2765, 41475420, 41476587, 420, 1587
2, 2766, 41490420, 41491587, 420, 1587
2, 2767, 41505420, 41506541, 420, 1541
2, 2768, 41520420, 41521822, 420, 1822
2, 2769, 41535420, 41536518, 420, 1518
2, 277, 4155420, 4156518, 420, 1518
2, 2770, 41550420, 41551822, 420, 1822
2, 2771, 41565420, 41566541, 420, 1541
2, 2772, 41580420, 41583306, 420, 3306
2, 2773, 41595420, 41596541, 420, 1541
2, 2774, 41610420, 41611541, 420, 1541
2, 2775, 41625420, 41626541, 420, 1541
2, 2776, 41640420, 41641587, 420, 1587
2, 2777, 41655420, 41656725, 420, 1725
2, 2778, 41670420, 41671587, 420, 1587
2, 2779, 41685420, 41686725, 420, 1725
2, 278, 4170420, 4171822, 420, 1822
2, 2780, 41700420, 41701822, 420, 1822
2, 2781, 41715420, 41716518, 420, 1518
2, 2782, 41730420, 41731541, 420, 1541
2, 2783, 41745420, 41746541, 420, 1541
2, 2784, 41760420, 41763955, 420, 3955
2, 2785, 41775420, 41776541, 420, 1541
2, 2786, 41790420, 41792195, 420, 2195
2, 2787, 41805420, 41806518, 420, 1518
2, 2788, 41820420, 41821822, 420, 1822
2, 2789, 41835420, 41836541, 420, 1541
2, 279, 4185420, 4186541, 420, 1541
2, 2790, 41850420, 41851822, 420, 1822
2, 2791, 41865420, 41866587, 420, 1587
2, 2792, 41880420, 41881587, 420, 1587
2, 2793, 41895420, 41896541, 420, 1541
2, 2794, 41910420, 41911587, 420, 1587
2, 2795, 41925420, 41926725, 420, 1725
2, 2796, 41940420, 41941822, 420, 1822
2, 2797, 41955420, 41956518, 420, 1518
2, 2798, 41970420, 41971587, 420, 1587
2, 2799, 41985420, 41986518, 420, 1518
2, 28, 420420, 424007, 420, 4007
2, 280, 4200420, 4204031, 420, 4031
2, 2800, 42000420, 42005272, 420, 5272
2, 2801, 42015420, 42016541, 420, 1541
2, 2802, 42030420, 42031541, 420, 1541
2, 2803, 42045420, 42046518, 420, 1518
2, 2804, 42060420, 42061587, 420, 1587
2, 2805, 42075420, 42078359, 420, 3359
2, 2806, 42090420, 42091800, 420, 1800
2, 2807, 42105420, 42106587, 420, 1587
2, 2808, 42120420, 42121587, 420, 1587
2, 2809, 42135420, 42136518, 420, 1518
2, 281, 4215420, 4216518, 420, 1518
2, 2810, 42150420, 42151587, 420, 1587
2, 2811, 42165420, 42166587, 420, 1587
2, 2812, 42180420, 42182195, 420, 2195
2, 2813, 42195420, 42196518, 420, 1518
2, 2814, 42210420, 42212195, 420, 2195
2, 2815, 42225420, 42226541, 420, 1541
2, 2816, 42240420, 42241822, 420, 1822
2, 2817, 42255420, 42256640, 420, 1640
2, 2818, 42270420, 42271587, 420, 1587
2, 2819, 42285420, 42286587, 420, 1587
2, 282, 4230420, 4231541, 420, 1541
2, 2820, 42300420, 42301822, 420, 1822
2, 2821, 42315420, 42316541, 420, 1541
2, 2822, 42330420, 42331587, 420, 1587
2, 2823, 42345420, 42346541, 420, 1541
2, 2824, 42360420, 42361822, 420, 1822
2, 2825, 42375420, 42376541, 420, 1541
2, 2826, 42390420, 42391587, 420, 1587
2, 2827, 42405420, 42406541, 420, 1541
2, 2828, 42420420, 42423306, 420, 3306
2, 2829, 42435420, 42436541, 420, 1541
2, 283, 4245420, 4246541, 420, 1541
2, 2830, 42450420, 42451822, 420, 1822
2, 2831, 42465420, 42466518, 420, 1518
2, 2832, 42480420, 42481822, 420, 1822
2, 2833, 42495420, 42496587, 420, 1587
2, 2834, 42510420, 42511587, 420, 1587
2, 2835, 42525420, 42526725, 420, 1725
2, 2836, 42540420, 42541587, 420, 1587
2, 2837, 42555420, 42556518, 420, 1518
2, 2838, 42570420, 42571541, 420, 1541
2, 2839, 42585420, 42586541, 420, 1541
2, 284, 4260420, 4261822, 420, 1822
2, 2840, 42600420, 42603841, 420, 3841
2, 2841, 42615420, 42616541, 420, 1541
2, 2842, 42630420, 42632195, 420, 2195
2, 2843, 42645420, 42646541, 420, 1541
2, 2844, 42660420, 42661587, 420, 1587
2, 2845, 42675420, 42676587, 420, 1587
2, 2846, 42690420, 42691587, 420, 1587
2, 2847, 42705420, 42707836, 420, 2836
2, 2848, 42720420, 42721822, 420, 1822
2, 2849, 42735420, 42736541, 420, 1541
2, 285, 4275420, 4276725, 420, 1725
2, 2850, 42750420, 42751587, 420, 1587
2, 2851, 42765420, 42766541, 420, 1541
2, 2852, 42780420, 42781822, 420, 1822
2, 2853, 42795420, 42796518, 420, 1518
2, 2854, 42810420, 42811587, 420, 1587
2, 2855, 42825420, 42826541, 420, 1541
2, 2856, 42840420, 42843306, 420, 3306
2, 2857, 42855420, 42856541, 420, 1541
2, 2858, 42870420, 42871541, 420, 1541
2, 2859, 42885420, 42886541, 420, 1541
2, 286, 4290420, 4291541, 420, 1541
2, 2860, 42900420, 42901822, 420, 1822
2, 2861, 42915420, 42916587, 420, 1587
2, 2862, 42930420, 42931587, 420, 1587
2, 2863, 42945420, 42946587, 420, 1587
2, 2864, 42960420, 42961877, 420, 1877
2, 2865, 42975420, 42976541, 420, 1541
2, 2866, 42990420, 42991541, 420, 1541
2, 2867, 43005420, 43006518, 420, 1518
2, 2868, 43020420, 43022195, 420, 2195
2, 2869, 43035420, 43036541, 420, 1541
2, 287, 4305420, 4306541, 420, 1541
2, 2870, 43050420, 43054031, 420, 4031
2, 2871, 43065420, 43066518, 420, 1518
2, 2872, 43080420, 43081587, 420, 1587
2, 2873, 43095420, 43096541, 420, 1541
2, 2874, 43110420, 43111587, 420, 1587
2, 2875, 43125420, 43135930, 420, 10930
2, 2876, 43140420, 43141587, 420, 1587
2, 2877, 43155420, 43156541, 420, 1541
2, 2878, 43170420, 43171541, 420, 1541
2, 2879, 43185420, 43186541, 420, 1541
2, 288, 4320420, 4321822, 420, 1822
2, 2880, 43200420, 43204002, 420, 4002
2, 2881, 43215420, 43216541, 420, 1541
2, 2882, 43230420, 43231587, 420, 1587
2, 2883, 43245420, 43246518, 420, 1518
2, 2884, 43260420, 43264007, 420, 4007
2, 2885, 43275420, 43276587, 420, 1587
2, 2886, 43290420, 43291822, 420, 1822
2, 2887, 43305420, 43306518, 420, 1518
2, 2888, 43320420, 43321587, 420, 1587
2, 2889, 43335420, 43336587, 420, 1587
2, 289, 4335420, 4336541, 420, 1541
2, 2890, 43350420, 43351822, 420, 1822
2, 2891, 43365420, 43370025, 420, 5025
2, 2892, 43380420, 43381822, 420, 1822
2, 2893, 43395420, 43396518, 420, 1518
2, 2894, 43410420, 43411541, 420, 1541
2, 2895, 43425420, 43426541, 420, 1541
2, 2896, 43440420, 43443955, 420, 3955
2, 2897, 43455420, 43456573, 420, 1573
2, 2898, 43470420, 43473306, 420, 3306
2, 2899, 43485420, 43486518, 420, 1518
2, 29, 435420, 436541, 420, 1541
2, 290, 4350420, 4351822, 420, 1822
2, 2900, 43500420, 43501822, 420, 1822
2, 2901, 43515420, 43516518, 420, 1518
2, 2902, 43530420, 43531587, 420, 1587
2, 2903, 43545420, 43546587, 420, 1587
2, 2904, 43560420, 43561587, 420, 1587
2, 2905, 43575420, 43576587, 420, 1587
2, 2906, 43590420, 43591541, 420, 1541
2, 2907, 43605420, 43606587, 420, 1587
2, 2908, 43620420, 43621822, 420, 1822
2, 2909, 43635420, 43636541, 420, 1541
2, 291, 4365420, 4366541, 420, 1541
2, 2910, 43650420, 43651822, 420, 1822
2, 2911, 43665420, 43666518, 420, 1518
2, 2912, 43680420, 43683306, 420, 3306
2, 2913, 43695420, 43696541, 420, 1541
2, 2914, 43710420, 43711587, 420, 1587
2, 2915, 43725420, 43726541, 420, 1541
2, 2916, 43740420, 43741587, 420, 1587
2, 2917, 43755420, 43756587, 420, 1587
2, 2918, 43770420, 43771541, 420, 1541
2, 2919, 43785420, 43789172, 420, 4172
2, 292, 4380420, 4381822, 420, 1822
2, 2920, 43800420, 43802195, 420, 2195
2, 2921, 43815420, 43816518, 420, 1518
2, 2922, 43830420, 43831541, 420, 1541
2, 2923, 43845420, 43846541, 420, 1541
2, 2924, 43860420, 43862195, 420, 2195
2, 2925, 43875420, 43876587, 420, 1587
2, 2926, 43890420, 43893881, 420, 3881
2, 2927, 43905420, 43906518, 420, 1518
2, 2928, 43920420, 43921822, 420, 1822
2, 2929, 43935420, 43936518, 420, 1518
2, 293, 4395420, 4396518, 420, 1518
2, 2930, 43950420, 43951822, 420, 1822
2, 2931, 43965420, 43966587, 420, 1587
2, 2932, 43980420, 43981587, 420, 1587
2, 2933, 43995420, 43996541, 420, 1541
2, 2934, 44010420, 44011541, 420, 1541
2, 2935, 44025420, 44026541, 420, 1541
2, 2936, 44040420, 44041822, 420, 1822
2, 2937, 44055420, 44056541, 420, 1541
2, 2938, 44070420, 44071587, 420, 1587
2, 2939, 44085420, 44086541, 420, 1541
2, 294, 4410420, 4412195, 420, 2195
2, 2940, 44100420, 44104031, 420, 4031
2, 2941, 44115420, 44116541, 420, 1541
2, 2942, 44130420, 44131587, 420, 1587
2, 2943, 44145420, 44146541, 420, 1541
2, 2944, 44160420, 44161822, 420, 1822
2, 2945, 44175420, 44176725, 420, 1725
2, 2946, 44190420, 44191541, 420, 1541
2, 2947, 44205420, 44206587, 420, 1587
2, 2948, 44220420, 44221822, 420, 1822
2, 2949, 44235420, 44236541, 420, 1541
2, 295, 4425420, 4426587, 420, 1587
2, 2950, 44250420, 44251587, 420, 1587
2, 2951, 44265420, 44266518, 420, 1518
2, 2952, 44280420, 44281822, 420, 1822
2, 2953, 44295420, 44296541, 420, 1541
2, 2954, 44310420, 44313306, 420, 3306
2, 2955, 44325420, 44326587, 420, 1587
2, 2956, 44340420, 44341587, 420, 1587
2, 2957, 44355420, 44356518, 420, 1518
2, 2958, 44370420, 44371587, 420, 1587
2, 2959, 44385420, 44390249, 420, 5249
2, 296, 4440420, 4441822, 420, 1822
2, 2960, 44400420, 44404002, 420, 4002
2, 2961, 44415420, 44416541, 420, 1541
2, 2962, 44430420, 44431541, 420, 1541
2, 2963, 44445420, 44446518, 420, 1518
2, 2964, 44460420, 44461822, 420, 1822
2, 2965, 44475420, 44476587, 420, 1587
2, 2966, 44490420, 44491587, 420, 1587
2, 2967, 44505420, 44506518, 420, 1518
2, 2968, 44520420, 44524007, 420, 4007
2, 2969, 44535420, 44536518, 420, 1518
2, 297, 4455420, 4456518, 420, 1518
2, 2970, 44550420, 44551822, 420, 1822
2, 2971, 44565420, 44566604, 420, 1604
2, 2972, 44580420, 44581587, 420, 1587
2, 2973, 44595420, 44596587, 420, 1587
2, 2974, 44610420, 44611541, 420, 1541
2, 2975, 44625420, 44626725, 420, 1725
2, 2976, 44640420, 44642195, 420, 2195
2, 2977, 44655420, 44656541, 420, 1541
2, 2978, 44670420, 44671541, 420, 1541
2, 2979, 44685420, 44686518, 420, 1518
2, 298, 4470420, 4471541, 420, 1541
2, 2980, 44700420, 44702195, 420, 2195
2, 2981, 44715420, 44716541, 420, 1541
2, 2982, 44730420, 44733956, 420, 3956
2, 2983, 44745420, 44746541, 420, 1541
2, 2984, 44760420, 44761587, 420, 1587
2, 2985, 44775420, 44776541, 420, 1541
2, 2986, 44790420, 44791541, 420, 1541
2, 2987, 44805420, 44812124, 420, 7124
2, 2988, 44820420, 44821822, 420, 1822
2, 2989, 44835420, 44836541, 420, 1541
2, 299, 4485420, 4486725, 420, 1725
2, 2990, 44850420, 44851587, 420, 1587
2, 2991, 44865420, 44866518, 420, 1518
2, 2992, 44880420, 44882195, 420, 2195
2, 2993, 44895420, 44896541, 420, 1541
2, 2994, 44910420, 44911822, 420, 1822
2, 2995, 44925420, 44926541, 420, 1541
2, 2996, 44940420, 44944007, 420, 4007
2, 2997, 44955420, 44956518, 420, 1518
2, 2998, 44970420, 44971587, 420, 1587
2, 2999, 44985420, 44987248, 420, 2248
2, 3, 45420, 46518, 420, 1518
2, 30, 450420, 451822, 420, 1822
2, 300, 4500420, 4501822, 420, 1822
2, 3000, 45000420, 45002195, 420, 2195
2, 3001, 45015420, 45016587, 420, 1587
2, 3002, 45030420, 45031541, 420, 1541
2, 3003, 45045420, 45046587, 420, 1587
2, 3004, 45060420, 45061822, 420, 1822
2, 3005, 45075420, 45076587, 420, 1587
2, 3006, 45090420, 45091541, 420, 1541
2, 3007, 45105420, 45106518, 420, 1518
2, 3008, 45120420, 45122195, 420, 2195
2, 3009, 45135420, 45136541, 420, 1541
2, 301, 4515420, 4516587, 420, 1587
2, 3010, 45150420, 45153306, 420, 3306
2, 3011, 45165420, 45166541, 420, 1541
2, 3012, 45180420, 45181587, 420, 1587
2, 3013, 45195420, 45196518, 420, 1518
2, 3014, 45210420, 45211541, 420, 1541
2, 3015, 45225420, 45226587, 420, 1587
2, 3016, 45240420, 45241822, 420, 1822
2, 3017, 45255420, 45256541, 420, 1541
2, 3018, 45270420, 45271541, 420, 1541
2, 3019, 45285420, 45286541, 420, 1541
2, 302, 4530420, 4531587, 420, 1587
2, 3020, 45300420, 45301822, 420, 1822
2, 3021, 45315420, 45316541, 420, 1541
2, 3022, 45330420, 45331822, 420, 1822
2, 3023, 45345420, 45346518, 420, 1518
2, 3024, 45360420, 45363306, 420, 3306
2, 3025, 45375420, 45376541, 420, 1541
2, 3026, 45390420, 45391587, 420, 1587
2, 3027, 45405420, 45406541, 420, 1541
2, 3028, 45420420, 45421822, 420, 1822
2, 3029, 45435420, 45436587, 420, 1587
2, 303, 4545420, 4546518, 420, 1518
2, 3030, 45450420, 45451587, 420, 1587
2, 3031, 45465420, 45466541, 420, 1541
2, 3032, 45480420, 45481822, 420, 1822
2, 3033, 45495420, 45496541, 420, 1541
2, 3034, 45510420, 45511587, 420, 1587
2, 3035, 45525420, 45526587, 420, 1587
2, 3036, 45540420, 45541822, 420, 1822
2, 3037, 45555420, 45556518, 420, 1518
2, 3038, 45570420, 45573306, 420, 3306
2, 3039, 45585420, 45586541, 420, 1541
2, 304, 4560420, 4561822, 420, 1822
2, 3040, 45600420, 45602195, 420, 2195
2, 3041, 45615420, 45616518, 420, 1518
2, 3042, 45630420, 45631541, 420, 1541
2, 3043, 45645420, 45646725, 420, 1725
2, 3044, 45660420, 45661822, 420, 1822
2, 3045, 45675420, 45676725, 420, 1725
2, 3046, 45690420, 45691541, 420, 1541
2, 3047, 45705420, 45706518, 420, 1518
2, 3048, 45720420, 45721587, 420, 1587
2, 3049, 45735420, 45736541, 420, 1541
2, 305, 4575420, 4576541, 420, 1541
2, 3050, 45750420, 45752195, 420, 2195
2, 3051, 45765420, 45766541, 420, 1541
2, 3052, 45780420, 45784007, 420, 4007
2, 3053, 45795420, 45796518, 420, 1518
2, 3054, 45810420, 45811541, 420, 1541
2, 3055, 45825420, 45826991, 420, 1991
2, 3056, 45840420, 45842195, 420, 2195
2, 3057, 45855420, 45856587, 420, 1587
2, 3058, 45870420, 45871541, 420, 1541
2, 3059, 45885420, 45886541, 420, 1541
2, 306, 4590420, 4591822, 420, 1822
2, 3060, 45900420, 45902195, 420, 2195
2, 3061, 45915420, 45916541, 420, 1541
2, 3062, 45930420, 45931587, 420, 1587
2, 3063, 45945420, 45946518, 420, 1518
2, 3064, 45960420, 45961822, 420, 1822
2, 3065, 45975420, 45976541, 420, 1541
2, 3066, 45990420, 45993306, 420, 3306
2, 3067, 46005420, 46007787, 420, 2787
2, 3068, 46020420, 46021822, 420, 1822
2, 3069, 46035420, 46036518, 420, 1518
2, 307, 4605420, 4606708, 420, 1708
2, 3070, 46050420, 46051587, 420, 1587
2, 3071, 46065420, 46066587, 420, 1587
2, 3072, 46080420, 46082195, 420, 2195
2, 3073, 46095420, 46096587, 420, 1587
2, 3074, 46110420, 46111541, 420, 1541
2, 3075, 46125420, 46126541, 420, 1541
2, 3076, 46140420, 46141587, 420, 1587
2, 3077, 46155420, 46156541, 420, 1541
2, 3078, 46170420, 46171975, 420, 1975
2, 3079, 46185420, 46186541, 420, 1541
2, 308, 4620420, 4623306, 420, 3306
2, 3080, 46200420, 46204031, 420, 4031
2, 3081, 46215420, 46216518, 420, 1518
2, 3082, 46230420, 46231541, 420, 1541
2, 3083, 46245420, 46246587, 420, 1587
2, 3084, 46260420, 46261822, 420, 1822
2, 3085, 46275420, 46276725, 420, 1725
2, 3086, 46290420, 46291541, 420, 1541
2, 3087, 46305420, 46306541, 420, 1541
2, 3088, 46320420, 46321822, 420, 1822
2, 3089, 46335420, 46336541, 420, 1541
2, 309, 4635420, 4636518, 420, 1518
2, 3090, 46350420, 46351822, 420, 1822
2, 3091, 46365420, 46366518, 420, 1518
2, 3092, 46380420, 46381822, 420, 1822
2, 3093, 46395420, 46396518, 420, 1518
2, 3094, 46410420, 46413306, 420, 3306
2, 3095, 46425420, 46426587, 420, 1587
2, 3096, 46440420, 46441718, 420, 1718
2, 3097, 46455420, 46456518, 420, 1518
2, 3098, 46470420, 46471541, 420, 1541
2, 3099, 46485420, 46486725, 420, 1725
2, 31, 465420, 466518, 420, 1518
2, 310, 4650420, 4651587, 420, 1587
2, 3100, 46500420, 46502195, 420, 2195
2, 3101, 46515420, 46516587, 420, 1587
2, 3102, 46530420, 46531541, 420, 1541
2, 3103, 46545420, 46546518, 420, 1518
2, 3104, 46560420, 46561822, 420, 1822
2, 3105, 46575420, 46576541, 420, 1541
2, 3106, 46590420, 46591822, 420, 1822
2, 3107, 46605420, 46606541, 420, 1541
2, 3108, 46620420, 46624007, 420, 4007
2, 3109, 46635420, 46636518, 420, 1518
2, 311, 4665420, 4666518, 420, 1518
2, 3110, 46650420, 46651587, 420, 1587
2, 3111, 46665420, 46666541, 420, 1541
2, 3112, 46680420, 46681822, 420, 1822
2, 3113, 46695420, 46696541, 420, 1541
2, 3114, 46710420, 46711541, 420, 1541
2, 3115, 46725420, 46726725, 420, 1725
2, 3116, 46740420, 46741587, 420, 1587
2, 3117, 46755420, 46756541, 420, 1541
2, 3118, 46770420, 46771985, 420, 1985
2, 3119, 46785420, 46786541, 420, 1541
2, 312, 4680420, 4681822, 420, 1822
2, 3120, 46800420, 46803841, 420, 3841
2, 3121, 46815420, 46816518, 420, 1518
2, 3122, 46830420, 46832195, 420, 2195
2, 3123, 46845420, 46846587, 420, 1587
2, 3124, 46860420, 46861822, 420, 1822
2, 3125, 46875420, 46876541, 420, 1541
2, 3126, 46890420, 46891541, 420, 1541
2, 3127, 46905420, 46906587, 420, 1587
2, 3128, 46920420, 46921822, 420, 1822
2, 3129, 46935420, 46936587, 420, 1587
2, 313, 4695420, 4699724, 420, 4724
2, 3130, 46950420, 46951822, 420, 1822
2, 3131, 46965420, 46966541, 420, 1541
2, 3132, 46980420, 46981587, 420, 1587
2, 3133, 46995420, 46996518, 420, 1518
2, 3134, 47010420, 47011822, 420, 1822
2, 3135, 47025420, 47026587, 420, 1587
2, 3136, 47040420, 47043306, 420, 3306
2, 3137, 47055420, 47056518, 420, 1518
2, 3138, 47070420, 47071541, 420, 1541
2, 3139, 47085420, 47086518, 420, 1518
2, 314, 4710420, 4711587, 420, 1587
2, 3140, 47100420, 47102195, 420, 2195
2, 3141, 47115420, 47116587, 420, 1587
2, 3142, 47130420, 47131541, 420, 1541
2, 3143, 47145420, 47146541, 420, 1541
2, 3144, 47160420, 47161587, 420, 1587
2, 3145, 47175420, 47176587, 420, 1587
2, 3146, 47190420, 47191587, 420, 1587
2, 3147, 47205420, 47206587, 420, 1587
2, 3148, 47220420, 47221822, 420, 1822
2, 3149, 47235420, 47236518, 420, 1518
2, 315, 4725420, 4726725, 420, 1725
2, 3150, 47250420, 47254031, 420, 4031
2, 3151, 47265420, 47266541, 420, 1541
2, 3152, 47280420, 47282195, 420, 2195
2, 3153, 47295420, 47296518, 420, 1518
2, 3154, 47310420, 47311541, 420, 1541
2, 3155, 47325420, 47326725, 420, 1725
2, 3156, 47340420, 47341587, 420, 1587
2, 3157, 47355420, 47356587, 420, 1587
2, 3158, 47370420, 47371822, 420, 1822
2, 3159, 47385420, 47386541, 420, 1541
2, 316, 4740420, 4741587, 420, 1587
2, 3160, 47400420, 47401822, 420, 1822
2, 3161, 47415420, 47416518, 420, 1518
2, 3162, 47430420, 47431822, 420, 1822
2, 3163, 47445420, 47448807, 420, 3807
2, 3164, 47460420, 47463306, 420, 3306
2, 3165, 47475420, 47476541, 420, 1541
2, 3166, 47490420, 47491541, 420, 1541
2, 3167, 47505420, 47506518, 420, 1518
2, 3168, 47520420, 47522195, 420, 2195
2, 3169, 47535420, 47537145, 420, 2145
2, 317, 4755420, 4756518, 420, 1518
2, 3170, 47550420, 47551822, 420, 1822
2, 3171, 47565420, 47566541, 420, 1541
2, 3172, 47580420, 47581587, 420, 1587
2, 3173, 47595420, 47596518, 420, 1518
2, 3174, 47610420, 47611587, 420, 1587
2, 3175, 47625420, 47626587, 420, 1587
2, 3176, 47640420, 47641822, 420, 1822
2, 3177, 47655420, 47656518, 420, 1518
2, 3178, 47670420, 47672195, 420, 2195
2, 3179, 47685420, 47686587, 420, 1587
2, 318, 4770420, 4771587, 420, 1587
2, 3180, 47700420, 47702195, 420, 2195
2, 3181, 47715420, 47716541, 420, 1541
2, 3182, 47730420, 47731541, 420, 1541
2, 3183, 47745420, 47746587, 420, 1587
2, 3184, 47760420, 47761822, 420, 1822
2, 3185, 47775420, 47776725, 420, 1725
2, 3186, 47790420, 47791822, 420, 1822
2, 3187, 47805420, 47806541, 420, 1541
2, 3188, 47820420, 47821587, 420, 1587
2, 3189, 47835420, 47836518, 420, 1518
2, 319, 4785420, 4786541, 420, 1541
2, 3190, 47850420, 47851822, 420, 1822
2, 3191, 47865420, 47866541, 420, 1541
2, 3192, 47880420, 47883306, 420, 3306
2, 3193, 47895420, 47896518, 420, 1518
2, 3194, 47910420, 47911541, 420, 1541
2, 3195, 47925420, 47926587, 420, 1587
2, 3196, 47940420, 47941822, 420, 1822
2, 3197, 47955420, 47956686, 420, 1686
2, 3198, 47970420, 47971587, 420, 1587
2, 3199, 47985420, 47986541, 420, 1541
2, 32, 480420, 481822, 420, 1822
2, 320, 4800420, 4803841, 420, 3841
2, 3200, 48000420, 48002195, 420, 2195
2, 3201, 48015420, 48016518, 420, 1518
2, 3202, 48030420, 48031587, 420, 1587
2, 3203, 48045420, 48046541, 420, 1541
2, 3204, 48060420, 48061822, 420, 1822
2, 3205, 48075420, 48076541, 420, 1541
2, 3206, 48090420, 48092195, 420, 2195
2, 3207, 48105420, 48106518, 420, 1518
2, 3208, 48120420, 48121822, 420, 1822
2, 3209, 48135420, 48136541, 420, 1541
2, 321, 4815420, 4816518, 420, 1518
2, 3210, 48150420, 48151587, 420, 1587
2, 3211, 48165420, 48166725, 420, 1725
2, 3212, 48180420, 48181587, 420, 1587
2, 3213, 48195420, 48196587, 420, 1587
2, 3214, 48210420, 48211587, 420, 1587
2, 3215, 48225420, 48226587, 420, 1587
2, 3216, 48240420, 48241822, 420, 1822
2, 3217, 48255420, 48256518, 420, 1518
2, 3218, 48270420, 48271587, 420, 1587
2, 3219, 48285420, 48286541, 420, 1541
2, 322, 4830420, 4832195, 420, 2195
2, 3220, 48300420, 48303306, 420, 3306
2, 3221, 48315420, 48316518, 420, 1518
2, 3222, 48330420, 48331541, 420, 1541
2, 3223, 48345420, 48346518, 420, 1518
2, 3224, 48360420, 48361587, 420, 1587
2, 3225, 48375420, 48381883, 420, 6883
2, 3226, 48390420, 48391587, 420, 1587
2, 3227, 48405420, 48406587, 420, 1587
2, 3228, 48420420, 48421587, 420, 1587
2, 3229, 48435420, 48436518, 420, 1518
2, 323, 4845420, 4846541, 420, 1541
2, 3230, 48450420, 48451822, 420, 1822
2, 3231, 48465420, 48466541, 420, 1541
2, 3232, 48480420, 48483929, 420, 3929
2, 3233, 48495420, 48496518, 420, 1518
2, 3234, 48510420, 48512195, 420, 2195
2, 3235, 48525420, 48526541, 420, 1541
2, 3236, 48540420, 48541822, 420, 1822
2, 3237, 48555420, 48556541, 420, 1541
2, 3238, 48570420, 48571541, 420, 1541
2, 3239, 48585420, 48586587, 420, 1587
2, 324, 4860420, 4861822, 420, 1822
2, 3240, 48600420, 48601822, 420, 1822
2, 3241, 48615420, 48616541, 420, 1541
2, 3242, 48630420, 48631587, 420, 1587
2, 3243, 48645420, 48646587, 420, 1587
2, 3244, 48660420, 48661587, 420, 1587
2, 3245, 48675420, 48676541, 420, 1541
2, 3246, 48690420, 48691587, 420, 1587
2, 3247, 48705420, 48706541, 420, 1541
2, 3248, 48720420, 48725272, 420, 5272
2, 3249, 48735420, 48736587, 420, 1587
2, 325, 4875420, 4876587, 420, 1587
2, 3250, 48750420, 48751587, 420, 1587
2, 3251, 48765420, 48766518, 420, 1518
2, 3252, 48780420, 48781587, 420, 1587
2, 3253, 48795420, 48796541, 420, 1541
2, 3254, 48810420, 48811822, 420, 1822
2, 3255, 48825420, 48826587, 420, 1587
2, 3256, 48840420, 48841587, 420, 1587
2, 3257, 48855420, 48856518, 420, 1518
2, 3258, 48870420, 48871541, 420, 1541
2, 3259, 48885420, 48888164, 420, 3164
2, 326, 4890420, 4891541, 420, 1541
2, 3260, 48900420, 48903841, 420, 3841
2, 3261, 48915420, 48916518, 420, 1518
2, 3262, 48930420, 48932195, 420, 2195
2, 3263, 48945420, 48946518, 420, 1518
2, 3264, 48960420, 48962195, 420, 2195
2, 3265, 48975420, 48976587, 420, 1587
2, 3266, 48990420, 48991587, 420, 1587
2, 3267, 49005420, 49006587, 420, 1587
2, 3268, 49020420, 49021587, 420, 1587
2, 3269, 49035420, 49036541, 420, 1541
2, 327, 4905420, 4906587, 420, 1587
2, 3270, 49050420, 49051822, 420, 1822
2, 3271, 49065420, 49066541, 420, 1541
2, 3272, 49080420, 49081587, 420, 1587
2, 3273, 49095420, 49096518, 420, 1518
2, 3274, 49110420, 49111587, 420, 1587
2, 3275, 49125420, 49126587, 420, 1587
2, 3276, 49140420, 49143306, 420, 3306
2, 3277, 49155420, 49156541, 420, 1541
2, 3278, 49170420, 49171541, 420, 1541
2, 3279, 49185420, 49186518, 420, 1518
2, 328, 4920420, 4921587, 420, 1587
2, 3280, 49200420, 49202195, 420, 2195
2, 3281, 49215420, 49216725, 420, 1725
2, 3282, 49230420, 49231587, 420, 1587
2, 3283, 49245420, 49246587, 420, 1587
2, 3284, 49260420, 49261587, 420, 1587
2, 3285, 49275420, 49276541, 420, 1541
2, 3286, 49290420, 49291541, 420, 1541
2, 3287, 49305420, 49306541, 420, 1541
2, 3288, 49320420, 49322195, 420, 2195
2, 3289, 49335420, 49336518, 420, 1518
2, 329, 4935420, 4936587, 420, 1587
2, 3290, 49350420, 49354031, 420, 4031
2, 3291, 49365420, 49366541, 420, 1541
2, 3292, 49380420, 49381587, 420, 1587
2, 3293, 49395420, 49396541, 420, 1541
2, 3294, 49410420, 49411587, 420, 1587
2, 3295, 49425420, 49426725, 420, 1725
2, 3296, 49440420, 49441822, 420, 1822
2, 3297, 49455420, 49456541, 420, 1541
2, 3298, 49470420, 49471587, 420, 1587
2, 3299, 49485420, 49486541, 420, 1541
2, 33, 495420, 496587, 420, 1587
2, 330, 4950420, 4951822, 420, 1822
2, 3300, 49500420, 49502195, 420, 2195
2, 3301, 49515420, 49516518, 420, 1518
2, 3302, 49530420, 49531587, 420, 1587
2, 3303, 49545420, 49546518, 420, 1518
2, 3304, 49560420, 49563306, 420, 3306
2, 3305, 49575420, 49576587, 420, 1587
2, 3306, 49590420, 49591587, 420, 1587
2, 3307, 49605420, 49606541, 420, 1541
2, 3308, 49620420, 49621587, 420, 1587
2, 3309, 49635420, 49636587, 420, 1587
2, 331, 4965420, 4966587, 420, 1587
2, 3310, 49650420, 49651822, 420, 1822
2, 3311, 49665420, 49666587, 420, 1587
2, 3312, 49680420, 49681822, 420, 1822
2, 3313, 49695420, 49696518, 420, 1518
2, 3314, 49710420, 49711541, 420, 1541
2, 3315, 49725420, 49726587, 420, 1587
2, 3316, 49740420, 49742195, 420, 2195
2, 3317, 49755420, 49756541, 420, 1541
2, 3318, 49770420, 49772195, 420, 2195
2, 3319, 49785420, 49786518, 420, 1518
2, 332, 4980420, 4981587, 420, 1587
2, 3320, 49800420, 49801822, 420, 1822
2, 3321, 49815420, 49816541, 420, 1541
2, 3322, 49830420, 49831587, 420, 1587
2, 3323, 49845420, 49849072, 420, 4072
2, 3324, 49860420, 49861587, 420, 1587
2, 3325, 49875420, 49876587, 420, 1587
2, 3326, 49890420, 49891541, 420, 1541
2, 3327, 49905420, 49906541, 420, 1541
2, 3328, 49920420, 49922195, 420, 2195
2, 3329, 49935420, 49936518, 420, 1518
2, 333, 4995420, 4996518, 420, 1518
2, 3330, 49950420, 49951822, 420, 1822
2, 3331, 49965420, 49966518, 420, 1518
2, 3332, 49980420, 49983306, 420, 3306
2, 3333, 49995420, 49996541, 420, 1541
2, 3334, 50010420, 50011587, 420, 1587
2, 3335, 50025420, 50026541, 420, 1541
2, 3336, 50040420, 50041587, 420, 1587
2, 3337, 50055420, 50056587, 420, 1587
2, 3338, 50070420, 50071587, 420, 1587
2, 3339, 50085420, 50088653, 420, 3653
2, 334, 5010420, 5011587, 420, 1587
2, 3340, 50100420, 50102195, 420, 2195
2, 3341, 50115420, 50116518, 420, 1518
2, 3342, 50130420, 50131541, 420, 1541
2, 3343, 50145420, 50146518, 420, 1518
2, 3344, 50160420, 50163955, 420, 3955
2, 3345, 50175420, 50176587, 420, 1587
2, 3346, 50190420, 50192195, 420, 2195
2, 3347, 50205420, 50206518, 420, 1518
2, 3348, 50220420, 50221587, 420, 1587
2, 3349, 50235420, 50236541, 420, 1541
2, 335, 5025420, 5026587, 420, 1587
2, 3350, 50250420, 50251975, 420, 1975
2, 3351, 50265420, 50266587, 420, 1587
2, 3352, 50280420, 50281587, 420, 1587
2, 3353, 50295420, 50296541, 420, 1541
2, 3354, 50310420, 50311541, 420, 1541
2, 3355, 50325420, 50326725, 420, 1725
2, 3356, 50340420, 50343929, 420, 3929
2, 3357, 50355420, 50356541, 420, 1541
2, 3358, 50370420, 50371587, 420, 1587
2, 3359, 50385420, 50386518, 420, 1518
2, 336, 5040420, 5045272, 420, 5272
2, 3360, 50400420, 50403306, 420, 3306
2, 3361, 50415420, 50416541, 420, 1541
2, 3362, 50430420, 50431587, 420, 1587
2, 3363, 50445420, 50446518, 420, 1518
2, 3364, 50460420, 50461587, 420, 1587
2, 3365, 50475420, 50476725, 420, 1725
2, 3366, 50490420, 50491587, 420, 1587
2, 3367, 50505420, 50506966, 420, 1966
2, 3368, 50520420, 50521822, 420, 1822
2, 3369, 50535420, 50536518, 420, 1518
2, 337, 5055420, 5056518, 420, 1518
2, 3370, 50550420, 50551587, 420, 1587
2, 3371, 50565420, 50566541, 420, 1541
2, 3372, 50580420, 50582195, 420, 2195
2, 3373, 50595420, 50596541, 420, 1541
2, 3374, 50610420, 50612195, 420, 2195
2, 3375, 50625420, 50626541, 420, 1541
2, 3376, 50640420, 50641822, 420, 1822
2, 3377, 50655420, 50656518, 420, 1518
2, 3378, 50670420, 50671587, 420, 1587
2, 3379, 50685420, 50686587, 420, 1587
2, 338, 5070420, 5071541, 420, 1541
2, 3380, 50700420, 50701822, 420, 1822
2, 3381, 50715420, 50716541, 420, 1541
2, 3382, 50730420, 50731541, 420, 1541
2, 3383, 50745420, 50746541, 420, 1541
2, 3384, 50760420, 50761822, 420, 1822
2, 3385, 50775420, 50776587, 420, 1587
2, 3386, 50790420, 50791587, 420, 1587
2, 3387, 50805420, 50806541, 420, 1541
2, 3388, 50820420, 50824007, 420, 4007
2, 3389, 50835420, 50836541, 420, 1541
2, 339, 5085420, 5086518, 420, 1518
2, 3390, 50850420, 50851822, 420, 1822
2, 3391, 50865420, 50866518, 420, 1518
2, 3392, 50880420, 50881822, 420, 1822
2, 3393, 50895420, 50896587, 420, 1587
2, 3394, 50910420, 50911541, 420, 1541
2, 3395, 50925420, 50926725, 420, 1725
2, 3396, 50940420, 50941822, 420, 1822
2, 3397, 50955420, 50956518, 420, 1518
2, 3398, 50970420, 50971541, 420, 1541
2, 3399, 50985420, 50986518, 420, 1518
2, 34, 510420, 511587, 420, 1587
2, 340, 5100420, 5102195, 420, 2195
2, 3400, 51000420, 51003841, 420, 3841
2, 3401, 51015420, 51016541, 420, 1541
2, 3402, 51030420, 51033881, 420, 3881
2, 3403, 51045420, 51046541, 420, 1541
2, 3404, 51060420, 51061587, 420, 1587
2, 3405, 51075420, 51076541, 420, 1541
2, 3406, 51090420, 51091587, 420, 1587
2, 3407, 51105420, 51107836, 420, 2836
2, 3408, 51120420, 51122195, 420, 2195
2, 3409, 51135420, 51136541, 420, 1541
2, 341, 5115420, 5116686, 420, 1686
2, 3410, 51150420, 51151587, 420, 1587
2, 3411, 51165420, 51166518, 420, 1518
2, 3412, 51180420, 51181822, 420, 1822
2, 3413, 51195420, 51196541, 420, 1541
2, 3414, 51210420, 51211587, 420, 1587
2, 3415, 51225420, 51226541, 420, 1541
2, 3416, 51240420, 51244007, 420, 4007
2, 3417, 51255420, 51256541, 420, 1541
2, 3418, 51270420, 51271587, 420, 1587
2, 3419, 51285420, 51289116, 420, 4116
2, 342, 5130420, 5131587, 420, 1587
2, 3420, 51300420, 51301822, 420, 1822
2, 3421, 51315420, 51316587, 420, 1587
2, 3422, 51330420, 51331541, 420, 1541
2, 3423, 51345420, 51346587, 420, 1587
2, 3424, 51360420, 51362195, 420, 2195
2, 3425, 51375420, 51376587, 420, 1587
2, 3426, 51390420, 51391541, 420, 1541
2, 3427, 51405420, 51406518, 420, 1518
2, 3428, 51420420, 51421822, 420, 1822
2, 3429, 51435420, 51436541, 420, 1541
2, 343, 5145420, 5146541, 420, 1541
2, 3430, 51450420, 51453306, 420, 3306
2, 3431, 51465420, 51466518, 420, 1518
2, 3432, 51480420, 51481587, 420, 1587
2, 3433, 51495420, 51496518, 420, 1518
2, 3434, 51510420, 51511587, 420, 1587
2, 3435, 51525420, 51535930, 420, 10930
2, 3436, 51540420, 51541822, 420, 1822
2, 3437, 51555420, 51556541, 420, 1541
2, 3438, 51570420, 51571541, 420, 1541
2, 3439, 51585420, 51586518, 420, 1518
2, 344, 5160420, 5161587, 420, 1587
2, 3440, 51600420, 51604002, 420, 4002
2, 3441, 51615420, 51616541, 420, 1541
2, 3442, 51630420, 51631822, 420, 1822
2, 3443, 51645420, 51646518, 420, 1518
2, 3444, 51660420, 51664007, 420, 4007
2, 3445, 51675420, 51676541, 420, 1541
2, 3446, 51690420, 51691587, 420, 1587
2, 3447, 51705420, 51706541, 420, 1541
2, 3448, 51720420, 51721587, 420, 1587
2, 3449, 51735420, 51736587, 420, 1587
2, 345, 5175420, 5176541, 420, 1541
2, 3450, 51750420, 51751587, 420, 1587
2, 3451, 51765420, 51766725, 420, 1725
2, 3452, 51780420, 51781822, 420, 1822
2, 3453, 51795420, 51796541, 420, 1541
2, 3454, 51810420, 51811541, 420, 1541
2, 3455, 51825420, 51826541, 420, 1541
2, 3456, 51840420, 51842195, 420, 2195
2, 3457, 51855420, 51856541, 420, 1541
2, 3458, 51870420, 51873306, 420, 3306
2, 3459, 51885420, 51886518, 420, 1518
2, 346, 5190420, 5191587, 420, 1587
2, 3460, 51900420, 51901822, 420, 1822
2, 3461, 51915420, 51916518, 420, 1518
2, 3462, 51930420, 51931541, 420, 1541
2, 3463, 51945420, 51951883, 420, 6883
2, 3464, 51960420, 51961822, 420, 1822
2, 3465, 51975420, 51976587, 420, 1587
2, 3466, 51990420, 51991541, 420, 1541
2, 3467, 52005420, 52006541, 420, 1541
2, 3468, 52020420, 52021822, 420, 1822
2, 3469, 52035420, 52036541, 420, 1541
2, 347, 5205420, 5206587, 420, 1587
2, 3470, 52050420, 52052195, 420, 2195
2, 3471, 52065420, 52066518, 420, 1518
2, 3472, 52080420, 52083306, 420, 3306
2, 3473, 52095420, 52096518, 420, 1518
2, 3474, 52110420, 52111587, 420, 1587
2, 3475, 52125420, 52126587, 420, 1587
2, 3476, 52140420, 52141587, 420, 1587
2, 3477, 52155420, 52156587, 420, 1587
2, 3478, 52170420, 52171541, 420, 1541
2, 3479, 52185420, 52186541, 420, 1541
2, 348, 5220420, 5221822, 420, 1822
2, 3480, 52200420, 52202195, 420, 2195
2, 3481, 52215420, 52216541, 420, 1541
2, 3482, 52230420, 52231541, 420, 1541
2, 3483, 52245420, 52246541, 420, 1541
2, 3484, 52260420, 52261822, 420, 1822
2, 3485, 52275420, 52276587, 420, 1587
2, 3486, 52290420, 52293306, 420, 3306
2, 3487, 52305420, 52306541, 420, 1541
2, 3488, 52320420, 52321822, 420, 1822
2, 3489, 52335420, 52336518, 420, 1518
2, 349, 5235420, 5236518, 420, 1518
2, 3490, 52350420, 52351587, 420, 1587
2, 3491, 52365420, 52366541, 420, 1541
2, 3492, 52380420, 52381822, 420, 1822
2, 3493, 52395420, 52396541, 420, 1541
2, 3494, 52410420, 52411541, 420, 1541
2, 3495, 52425420, 52426541, 420, 1541
2, 3496, 52440420, 52441587, 420, 1587
2, 3497, 52455420, 52456541, 420, 1541
2, 3498, 52470420, 52471822, 420, 1822
2, 3499, 52485420, 52486541, 420, 1541
2, 35, 525420, 526725, 420, 1725
2, 350, 5250420, 5254031, 420, 4031
2, 3500, 52500420, 52504031, 420, 4031
2, 3501, 52515420, 52516518, 420, 1518
2, 3502, 52530420, 52531587, 420, 1587
2, 3503, 52545420, 52546541, 420, 1541
2, 3504, 52560420, 52562195, 420, 2195
2, 3505, 52575420, 52576725, 420, 1725
2, 3506, 52590420, 52591541, 420, 1541
2, 3507, 52605420, 52606541, 420, 1541
2, 3508, 52620420, 52621822, 420, 1822
2, 3509, 52635420, 52636541, 420, 1541
2, 351, 5265420, 5266518, 420, 1518
2, 3510, 52650420, 52651822, 420, 1822
2, 3511, 52665420, 52666518, 420, 1518
2, 3512, 52680420, 52681822, 420, 1822
2, 3513, 52695420, 52696518, 420, 1518
2, 3514, 52710420, 52713306, 420, 3306
2, 3515, 52725420, 52728690, 420, 3690
2, 3516, 52740420, 52741587, 420, 1587
2, 3517, 52755420, 52756518, 420, 1518
2, 3518, 52770420, 52771541, 420, 1541
2, 3519, 52785420, 52786725, 420, 1725
2, 352, 5280420, 5282195, 420, 2195
2, 3520, 52800420, 52804002, 420, 4002
2, 3521, 52815420, 52816587, 420, 1587
2, 3522, 52830420, 52831541, 420, 1541
2, 3523, 52845420, 52846518, 420, 1518
2, 3524, 52860420, 52861587, 420, 1587
2, 3525, 52875420, 52876587, 420, 1587
2, 3526, 52890420, 52892428, 420, 2428
2, 3527, 52905420, 52906541, 420, 1541
2, 3528, 52920420, 52924007, 420, 4007
2, 3529, 52935420, 52936518, 420, 1518
2, 353, 5295420, 5296541, 420, 1541
2, 3530, 52950420, 52951587, 420, 1587
2, 3531, 52965420, 52970206, 420, 5206
2, 3532, 52980420, 52981822, 420, 1822
2, 3533, 52995420, 52996541, 420, 1541
2, 3534, 53010420, 53011541, 420, 1541
2, 3535, 53025420, 53026587, 420, 1587
2, 3536, 53040420, 53042195, 420, 2195
2, 3537, 53055420, 53056541, 420, 1541
2, 3538, 53070420, 53071587, 420, 1587
2, 3539, 53085420, 53086518, 420, 1518
2, 354, 5310420, 5311541, 420, 1541
2, 3540, 53100420, 53102195, 420, 2195
2, 3541, 53115420, 53116518, 420, 1518
2, 3542, 53130420, 53133306, 420, 3306
2, 3543, 53145420, 53146633, 420, 1633
2, 3544, 53160420, 53161822, 420, 1822
2, 3545, 53175420, 53176541, 420, 1541
2, 3546, 53190420, 53191541, 420, 1541
2, 3547, 53205420, 53209048, 420, 4048
2, 3548, 53220420, 53221822, 420, 1822
2, 3549, 53235420, 53236587, 420, 1587
2, 355, 5325420, 5326725, 420, 1725
2, 3550, 53250420, 53251587, 420, 1587
2, 3551, 53265420, 53266518, 420, 1518
2, 3552, 53280420, 53281822, 420, 1822
2, 3553, 53295420, 53296541, 420, 1541
2, 3554, 53310420, 53311822, 420, 1822
2, 3555, 53325420, 53326587, 420, 1587
2, 3556, 53340420, 53344007, 420, 4007
2, 3557, 53355420, 53356518, 420, 1518
2, 3558, 53370420, 53371541, 420, 1541
2, 3559, 53385420, 53386541, 420, 1541
2, 356, 5340420, 5341587, 420, 1587
2, 3560, 53400420, 53402195, 420, 2195
2, 3561, 53415420, 53416587, 420, 1587
2, 3562, 53430420, 53431541, 420, 1541
2, 3563, 53445420, 53446587, 420, 1587
2, 3564, 53460420, 53461587, 420, 1587
2, 3565, 53475420, 53476587, 420, 1587
2, 3566, 53490420, 53491715, 420, 1715
2, 3567, 53505420, 53506518, 420, 1518
2, 3568, 53520420, 53522195, 420, 2195
2, 3569, 53535420, 53536518, 420, 1518
2, 357, 5355420, 5356587, 420, 1587
2, 3570, 53550420, 53553306, 420, 3306
2, 3571, 53565420, 53566541, 420, 1541
2, 3572, 53580420, 53581587, 420, 1587
2, 3573, 53595420, 53596518, 420, 1518
2, 3574, 53610420, 53611541, 420, 1541
2, 3575, 53625420, 53626725, 420, 1725
2, 3576, 53640420, 53641822, 420, 1822
2, 3577, 53655420, 53656587, 420, 1587
2, 3578, 53670420, 53671541, 420, 1541
2, 3579, 53685420, 53686541, 420, 1541
2, 358, 5370420, 5372145, 420, 2145
2, 3580, 53700420, 53701822, 420, 1822
2, 3581, 53715420, 53716518, 420, 1518
2, 3582, 53730420, 53733327, 420, 3327
2, 3583, 53745420, 53746541, 420, 1541
2, 3584, 53760420, 53763306, 420, 3306
2, 3585, 53775420, 53776541, 420, 1541
2, 3586, 53790420, 53791541, 420, 1541
2, 3587, 53805420, 53806541, 420, 1541
2, 3588, 53820420, 53821822, 420, 1822
2, 3589, 53835420, 53836587, 420, 1587
2, 359, 5385420, 5386541, 420, 1541
2, 3590, 53850420, 53851587, 420, 1587
2, 3591, 53865420, 53866541, 420, 1541
2, 3592, 53880420, 53881587, 420, 1587
2, 3593, 53895420, 53896541, 420, 1541
2, 3594, 53910420, 53911985, 420, 1985
2, 3595, 53925420, 53926725, 420, 1725
2, 3596, 53940420, 53941822, 420, 1822
2, 3597, 53955420, 53956518, 420, 1518
2, 3598, 53970420, 53972195, 420, 2195
2, 3599, 53985420, 53987463, 420, 2463
2, 36, 540420, 541822, 420, 1822
2, 360, 5400420, 5401822, 420, 1822
2, 3600, 54000420, 54004002, 420, 4002
2, 3601, 54015420, 54016518, 420, 1518
2, 3602, 54030420, 54031541, 420, 1541
2, 3603, 54045420, 54046587, 420, 1587
2, 3604, 54060420, 54061822, 420, 1822
2, 3605, 54075420, 54076725, 420, 1725
2, 3606, 54090420, 54091587, 420, 1587
2, 3607, 54105420, 54106518, 420, 1518
2, 3608, 54120420, 54121587, 420, 1587
2, 3609, 54135420, 54136518, 420, 1518
2, 361, 5415420, 5416518, 420, 1518
2, 3610, 54150420, 54152195, 420, 2195
2, 3611, 54165420, 54166587, 420, 1587
2, 3612, 54180420, 54184007, 420, 4007
2, 3613, 54195420, 54196518, 420, 1518
2, 3614, 54210420, 54211541, 420, 1541
2, 3615, 54225420, 54226541, 420, 1541
2, 3616, 54240420, 54242195, 420, 2195
2, 3617, 54255420, 54257969, 420, 2969
2, 3618, 54270420, 54271541, 420, 1541
2, 3619, 54285420, 54286541, 420, 1541
2, 362, 5430420, 5431587, 420, 1587
2, 3620, 54300420, 54301822, 420, 1822
2, 3621, 54315420, 54316541, 420, 1541
2, 3622, 54330420, 54331935, 420, 1935
2, 3623, 54345420, 54346541, 420, 1541
2, 3624, 54360420, 54361822, 420, 1822
2, 3625, 54375420, 54376541, 420, 1541
2, 3626, 54390420, 54392195, 420, 2195
2, 3627, 54405420, 54406587, 420, 1587
2, 3628, 54420420, 54421822, 420, 1822
2, 3629, 54435420, 54436518, 420, 1518
2, 363, 5445420, 5446587, 420, 1587
2, 3630, 54450420, 54451587, 420, 1587
2, 3631, 54465420, 54466587, 420, 1587
2, 3632, 54480420, 54481822, 420, 1822
2, 3633, 54495420, 54496587, 420, 1587
2, 3634, 54510420, 54511587, 420, 1587
2, 3635, 54525420, 54526541, 420, 1541
2, 3636, 54540420, 54541587, 420, 1587
2, 3637, 54555420, 54556518, 420, 1518
2, 3638, 54570420, 54571822, 420, 1822
2, 3639, 54585420, 54586541, 420, 1541
2, 364, 5460420, 5463306, 420, 3306
2, 3640, 54600420, 54603306, 420, 3306
2, 3641, 54615420, 54616518, 420, 1518
2, 3642, 54630420, 54631541, 420, 1541
2, 3643, 54645420, 54646541, 420, 1541
2, 3644, 54660420, 54661822, 420, 1822
2, 3645, 54675420, 54676725, 420, 1725
2, 3646, 54690420, 54691587, 420, 1587
2, 3647, 54705420, 54706541, 420, 1541
2, 3648, 54720420, 54721822, 420, 1822
2, 3649, 54735420, 54736518, 420, 1518
2, 365, 5475420, 5476587, 420, 1587
2, 3650, 54750420, 54751822, 420, 1822
2, 3651, 54765420, 54766541, 420, 1541
2, 3652, 54780420, 54781822, 420, 1822
2, 3653, 54795420, 54796518, 420, 1518
2, 3654, 54810420, 54812195, 420, 2195
2, 3655, 54825420, 54826587, 420, 1587
2, 3656, 54840420, 54841822, 420, 1822
2, 3657, 54855420, 54856541, 420, 1541
2, 3658, 54870420, 54871541, 420, 1541
2, 3659, 54885420, 54886725, 420, 1725
2, 366, 5490420, 5491541, 420, 1541
2, 3660, 54900420, 54901822, 420, 1822
2, 3661, 54915420, 54916587, 420, 1587
2, 3662, 54930420, 54931587, 420, 1587
2, 3663, 54945420, 54946541, 420, 1541
2, 3664, 54960420, 54961822, 420, 1822
2, 3665, 54975420, 54976541, 420, 1541
2, 3666, 54990420, 54991587, 420, 1587
2, 3667, 55005420, 55006541, 420, 1541
2, 3668, 55020420, 55023306, 420, 3306
2, 3669, 55035420, 55036518, 420, 1518
2, 367, 5505420, 5506518, 420, 1518
2, 3670, 55050420, 55051587, 420, 1587
2, 3671, 55065420, 55066518, 420, 1518
2, 3672, 55080420, 55081822, 420, 1822
2, 3673, 55095420, 55096686, 420, 1686
2, 3674, 55110420, 55111587, 420, 1587
2, 3675, 55125420, 55126725, 420, 1725
2, 3676, 55140420, 55141587, 420, 1587
2, 3677, 55155420, 55156518, 420, 1518
2, 3678, 55170420, 55171587, 420, 1587
2, 3679, 55185420, 55186541, 420, 1541
2, 368, 5520420, 5521822, 420, 1822
2, 3680, 55200420, 55203841, 420, 3841
2, 3681, 55215420, 55216518, 420, 1518
2, 3682, 55230420, 55232195, 420, 2195
2, 3683, 55245420, 55246518, 420, 1518
2, 3684, 55260420, 55261822, 420, 1822
2, 3685, 55275420, 55276587, 420, 1587
2, 3686, 55290420, 55291541, 420, 1541
2, 3687, 55305420, 55306587, 420, 1587
2, 3688, 55320420, 55321587, 420, 1587
2, 3689, 55335420, 55336587, 420, 1587
2, 369, 5535420, 5538725, 420, 3725
2, 3690, 55350420, 55351822, 420, 1822
2, 3691, 55365420, 55366587, 420, 1587
2, 3692, 55380420, 55381587, 420, 1587
2, 3693, 55395420, 55396518, 420, 1518
2, 3694, 55410420, 55411587, 420, 1587
2, 3695, 55425420, 55426587, 420, 1587
2, 3696, 55440420, 55445272, 420, 5272
2, 3697, 55455420, 55456541, 420, 1541
2, 3698, 55470420, 55471541, 420, 1541
2, 3699, 55485420, 55486518, 420, 1518
2, 37, 555420, 556518, 420, 1518
2, 370, 5550420, 5551822, 420, 1822
2, 3700, 55500420, 55501822, 420, 1822
2, 3701, 55515420, 55521883, 420, 6883
2, 3702, 55530420, 55531822, 420, 1822
2, 3703, 55545420, 55546587, 420, 1587
2, 3704, 55560420, 55561587, 420, 1587
2, 3705, 55575420, 55576541, 420, 1541
2, 3706, 55590420, 55591587, 420, 1587
2, 3707, 55605420, 55609995, 420, 4995
2, 3708, 55620420, 55622195, 420, 2195
2, 3709, 55635420, 55636518, 420, 1518
2, 371, 5565420, 5566587, 420, 1587
2, 3710, 55650420, 55654031, 420, 4031
2, 3711, 55665420, 55666518, 420, 1518
2, 3712, 55680420, 55682195, 420, 2195
2, 3713, 55695420, 55696589, 420, 1589
2, 3714, 55710420, 55711587, 420, 1587
2, 3715, 55725420, 55726725, 420, 1725
2, 3716, 55740420, 55741587, 420, 1587
2, 3717, 55755420, 55756541, 420, 1541
2, 3718, 55770420, 55771587, 420, 1587
2, 3719, 55785420, 55786541, 420, 1541
2, 372, 5580420, 5581587, 420, 1587
2, 3720, 55800420, 55801822, 420, 1822
2, 3721, 55815420, 55816518, 420, 1518
2, 3722, 55830420, 55831587, 420, 1587
2, 3723, 55845420, 55846587, 420, 1587
2, 3724, 55860420, 55863306, 420, 3306
2, 3725, 55875420, 55876587, 420, 1587
2, 3726, 55890420, 55891541, 420, 1541
2, 3727, 55905420, 55906518, 420, 1518
2, 3728, 55920420, 55921822, 420, 1822
2, 3729, 55935420, 55936541, 420, 1541
2, 373, 5595420, 5596518, 420, 1518
2, 3730, 55950420, 55951822, 420, 1822
2, 3731, 55965420, 55966541, 420, 1541
2, 3732, 55980420, 55981587, 420, 1587
2, 3733, 55995420, 55996518, 420, 1518
2, 3734, 56010420, 56011541, 420, 1541
2, 3735, 56025420, 56026587, 420, 1587
2, 3736, 56040420, 56042195, 420, 2195
2, 3737, 56055420, 56056518, 420, 1518
2, 3738, 56070420, 56072195, 420, 2195
2, 3739, 56085420, 56086541, 420, 1541
2, 374, 5610420, 5611587, 420, 1587
2, 3740, 56100420, 56102195, 420, 2195
2, 3741, 56115420, 56116541, 420, 1541
2, 3742, 56130420, 56131587, 420, 1587
2, 3743, 56145420, 56146587, 420, 1587
2, 3744, 56160420, 56161822, 420, 1822
2, 3745, 56175420, 56176587, 420, 1587
2, 3746, 56190420, 56191587, 420, 1587
2, 3747, 56205420, 56206541, 420, 1541
2, 3748, 56220420, 56221587, 420, 1587
2, 3749, 56235420, 56236518, 420, 1518
2, 375, 5625420, 5626587, 420, 1587
2, 3750, 56250420, 56251822, 420, 1822
2, 3751, 56265420, 56266518, 420, 1518
2, 3752, 56280420, 56283306, 420, 3306
2, 3753, 56295420, 56296541, 420, 1541
2, 3754, 56310420, 56311541, 420, 1541
2, 3755, 56325420, 56326587, 420, 1587
2, 3756, 56340420, 56341587, 420, 1587
2, 3757, 56355420, 56356725, 420, 1725
2, 3758, 56370420, 56371587, 420, 1587
2, 3759, 56385420, 56386587, 420, 1587
2, 376, 5640420, 5642195, 420, 2195
2, 3760, 56400420, 56402195, 420, 2195
2, 3761, 56415420, 56416518, 420, 1518
2, 3762, 56430420, 56431541, 420, 1541
2, 3763, 56445420, 56446541, 420, 1541
2, 3764, 56460420, 56462195, 420, 2195
2, 3765, 56475420, 56476541, 420, 1541
2, 3766, 56490420, 56492195, 420, 2195
2, 3767, 56505420, 56506518, 420, 1518
2, 3768, 56520420, 56521587, 420, 1587
2, 3769, 56535420, 56536541, 420, 1541
2, 377, 5655420, 5656518, 420, 1518
2, 3770, 56550420, 56551822, 420, 1822
2, 3771, 56565420, 56566725, 420, 1725
2, 3772, 56580420, 56581587, 420, 1587
2, 3773, 56595420, 56596541, 420, 1541
2, 3774, 56610420, 56611587, 420, 1587
2, 3775, 56625420, 56626587, 420, 1587
2, 3776, 56640420, 56642195, 420, 2195
2, 3777, 56655420, 56656518, 420, 1518
2, 3778, 56670420, 56671587, 420, 1587
2, 3779, 56685420, 56686518, 420, 1518
2, 378, 5670420, 5672195, 420, 2195
2, 3780, 56700420, 56703306, 420, 3306
2, 3781, 56715420, 56716541, 420, 1541
2, 3782, 56730420, 56731587, 420, 1587
2, 3783, 56745420, 56746518, 420, 1518
2, 3784, 56760420, 56761587, 420, 1587
2, 3785, 56775420, 56776725, 420, 1725
2, 3786, 56790420, 56791587, 420, 1587
2, 3787, 56805420, 56806725, 420, 1725
2, 3788, 56820420, 56821587, 420, 1587
2, 3789, 56835420, 56836518, 420, 1518
2, 379, 5685420, 5686541, 420, 1541
2, 3790, 56850420, 56851587, 420, 1587
2, 3791, 56865420, 56866541, 420, 1541
2, 3792, 56880420, 56884142, 420, 4142
2, 3793, 56895420, 56896541, 420, 1541
2, 3794, 56910420, 56912195, 420, 2195
2, 3795, 56925420, 56926541, 420, 1541
2, 3796, 56940420, 56941587, 420, 1587
2, 3797, 56955420, 56956541, 420, 1541
2, 3798, 56970420, 56971822, 420, 1822
2, 3799, 56985420, 56986587, 420, 1587
2, 38, 570420, 571541, 420, 1541
2, 380, 5700420, 5702195, 420, 2195
2, 3800, 57000420, 57001822, 420, 1822
2, 3801, 57015420, 57016541, 420, 1541
2, 3802, 57030420, 57031541, 420, 1541
2, 3803, 57045420, 57052252, 420, 7252
2, 3804, 57060420, 57061822, 420, 1822
2, 3805, 57075420, 57076587, 420, 1587
2, 3806, 57090420, 57091587, 420, 1587
2, 3807, 57105420, 57106518, 420, 1518
2, 3808, 57120420, 57125272, 420, 5272
2, 3809, 57135420, 57136587, 420, 1587
2, 381, 5715420, 5716541, 420, 1541
2, 3810, 57150420, 57151822, 420, 1822
2, 3811, 57165420, 57166518, 420, 1518
2, 3812, 57180420, 57181587, 420, 1587
2, 3813, 57195420, 57196587, 420, 1587
2, 3814, 57210420, 57211587, 420, 1587
2, 3815, 57225420, 57226725, 420, 1725
2, 3816, 57240420, 57241587, 420, 1587
2, 3817, 57255420, 57256518, 420, 1518
2, 3818, 57270420, 57271541, 420, 1541
2, 3819, 57285420, 57286541, 420, 1541
2, 382, 5730420, 5731541, 420, 1541
2, 3820, 57300420, 57303841, 420, 3841
2, 3821, 57315420, 57316541, 420, 1541
2, 3822, 57330420, 57332195, 420, 2195
2, 3823, 57345420, 57346518, 420, 1518
2, 3824, 57360420, 57361822, 420, 1822
2, 3825, 57375420, 57376587, 420, 1587
2, 3826, 57390420, 57391587, 420, 1587
2, 3827, 57405420, 57407836, 420, 2836
2, 3828, 57420420, 57421587, 420, 1587
2, 3829, 57435420, 57436541, 420, 1541
2, 383, 5745420, 5746587, 420, 1587
2, 3830, 57450420, 57451587, 420, 1587
2, 3831, 57465420, 57466541, 420, 1541
2, 3832, 57480420, 57482730, 420, 2730
2, 3833, 57495420, 57496541, 420, 1541
2, 3834, 57510420, 57511587, 420, 1587
2, 3835, 57525420, 57526587, 420, 1587
2, 3836, 57540420, 57544007, 420, 4007
2, 3837, 57555420, 57556572, 420, 1572
2, 3838, 57570420, 57571587, 420, 1587
2, 3839, 57585420, 57586518, 420, 1518
2, 384, 5760420, 5761822, 420, 1822
2, 3840, 57600420, 57602195, 420, 2195
2, 3841, 57615420, 57616587, 420, 1587
2, 3842, 57630420, 57631587, 420, 1587
2, 3843, 57645420, 57646587, 420, 1587
2, 3844, 57660420, 57661822, 420, 1822
2, 3845, 57675420, 57676541, 420, 1541
2, 3846, 57690420, 57691541, 420, 1541
2, 3847, 57705420, 57706518, 420, 1518
2, 3848, 57720420, 57722195, 420, 2195
2, 3849, 57735420, 57736541, 420, 1541
2, 385, 5775420, 5776587, 420, 1587
2, 3850, 57750420, 57754031, 420, 4031
2, 3851, 57765420, 57766541, 420, 1541
2, 3852, 57780420, 57781587, 420, 1587
2, 3853, 57795420, 57796518, 420, 1518
2, 3854, 57810420, 57811587, 420, 1587
2, 3855, 57825420, 57826688, 420, 1688
2, 3856, 57840420, 57841822, 420, 1822
2, 3857, 57855420, 57856541, 420, 1541
2, 3858, 57870420, 57871541, 420, 1541
2, 3859, 57885420, 57886541, 420, 1541
2, 386, 5790420, 5791587, 420, 1587
2, 3860, 57900420, 57902195, 420, 2195
2, 3861, 57915420, 57916541, 420, 1541
2, 3862, 57930420, 57931587, 420, 1587
2, 3863, 57945420, 57946518, 420, 1518
2, 3864, 57960420, 57964007, 420, 4007
2, 3865, 57975420, 57976587, 420, 1587
2, 3866, 57990420, 57991587, 420, 1587
2, 3867, 58005420, 58006587, 420, 1587
2, 3868, 58020420, 58021587, 420, 1587
2, 3869, 58035420, 58036587, 420, 1587
2, 387, 5805420, 5806541, 420, 1541
2, 3870, 58050420, 58051587, 420, 1587
2, 3871, 58065420, 58066587, 420, 1587
2, 3872, 58080420, 58082195, 420, 2195
2, 3873, 58095420, 58096518, 420, 1518
2, 3874, 58110420, 58111541, 420, 1541
2, 3875, 58125420, 58126541, 420, 1541
2, 3876, 58140420, 58142195, 420, 2195
2, 3877, 58155420, 58156541, 420, 1541
2, 3878, 58170420, 58173881, 420, 3881
2, 3879, 58185420, 58186518, 420, 1518
2, 388, 5820420, 5821587, 420, 1587
2, 3880, 58200420, 58201822, 420, 1822
2, 3881, 58215420, 58216518, 420, 1518
2, 3882, 58230420, 58231587, 420, 1587
2, 3883, 58245420, 58251256, 420, 6256
2, 3884, 58260420, 58261822, 420, 1822
2, 3885, 58275420, 58276587, 420, 1587
2, 3886, 58290420, 58291541, 420, 1541
2, 3887, 58305420, 58306518, 420, 1518
2, 3888, 58320420, 58322195, 420, 2195
2, 3889, 58335420, 58336541, 420, 1541
2, 389, 5835420, 5836518, 420, 1518
2, 3890, 58350420, 58351822, 420, 1822
2, 3891, 58365420, 58366518, 420, 1518
2, 3892, 58380420, 58384007, 420, 4007
2, 3893, 58395420, 58396541, 420, 1541
2, 3894, 58410420, 58411800, 420, 1800
2, 3895, 58425420, 58426587, 420, 1587
2, 3896, 58440420, 58441587, 420, 1587
2, 3897, 58455420, 58456587, 420, 1587
2, 3898, 58470420, 58471541, 420, 1541
2, 3899, 58485420, 58486725, 420, 1725
2, 39, 585420, 586518, 420, 1518
2, 390, 5850420, 5851822, 420, 1822
2, 3900, 58500420, 58502195, 420, 2195
2, 3901, 58515420, 58516541, 420, 1541
2, 3902, 58530420, 58531541, 420, 1541
2, 3903, 58545420, 58546518, 420, 1518
2, 3904, 58560420, 58562195, 420, 2195
2, 3905, 58575420, 58576587, 420, 1587
2, 3906, 58590420, 58593306, 420, 3306
2, 3907, 58605420, 58606518, 420, 1518
2, 3908, 58620420, 58621587, 420, 1587
2, 3909, 58635420, 58636518, 420, 1518
2, 391, 5865420, 5866541, 420, 1541
2, 3910, 58650420, 58651822, 420, 1822
2, 3911, 58665420, 58670327, 420, 5327
2, 3912, 58680420, 58681822, 420, 1822
2, 3913, 58695420, 58696541, 420, 1541
2, 3914, 58710420, 58711541, 420, 1541
2, 3915, 58725420, 58726587, 420, 1587
2, 3916, 58740420, 58741822, 420, 1822
2, 3917, 58755420, 58756541, 420, 1541
2, 3918, 58770420, 58771587, 420, 1587
2, 3919, 58785420, 58786518, 420, 1518
2, 392, 5880420, 5883306, 420, 3306
2, 3920, 58800420, 58803306, 420, 3306
2, 3921, 58815420, 58816518, 420, 1518
2, 3922, 58830420, 58831587, 420, 1587
2, 3923, 58845420, 58846541, 420, 1541
2, 3924, 58860420, 58861587, 420, 1587
2, 3925, 58875420, 58876725, 420, 1725
2, 3926, 58890420, 58891541, 420, 1541
2, 3927, 58905420, 58906587, 420, 1587
2, 3928, 58920420, 58921822, 420, 1822
2, 3929, 58935420, 58936541, 420, 1541
2, 393, 5895420, 5896541, 420, 1541
2, 3930, 58950420, 58951587, 420, 1587
2, 3931, 58965420, 58966541, 420, 1541
2, 3932, 58980420, 58981822, 420, 1822
2, 3933, 58995420, 58996541, 420, 1541
2, 3934, 59010420, 59013306, 420, 3306
2, 3935, 59025420, 59026587, 420, 1587
2, 3936, 59040420, 59041822, 420, 1822
2, 3937, 59055420, 59056518, 420, 1518
2, 3938, 59070420, 59071541, 420, 1541
2, 3939, 59085420, 59088725, 420, 3725
2, 394, 5910420, 5911541, 420, 1541
2, 3940, 59100420, 59102195, 420, 2195
2, 3941, 59115420, 59116541, 420, 1541
2, 3942, 59130420, 59131541, 420, 1541
2, 3943, 59145420, 59146518, 420, 1518
2, 3944, 59160420, 59161822, 420, 1822
2, 3945, 59175420, 59176587, 420, 1587
2, 3946, 59190420, 59191822, 420, 1822
2, 3947, 59205420, 59206541, 420, 1541
2, 3948, 59220420, 59224007, 420, 4007
2, 3949, 59235420, 59236518, 420, 1518
2, 395, 5925420, 5926587, 420, 1587
2, 3950, 59250420, 59251822, 420, 1822
2, 3951, 59265420, 59266541, 420, 1541
2, 3952, 59280420, 59281822, 420, 1822
2, 3953, 59295420, 59296587, 420, 1587
2, 3954, 59310420, 59311541, 420, 1541
2, 3955, 59325420, 59326587, 420, 1587
2, 3956, 59340420, 59341822, 420, 1822
2, 3957, 59355420, 59356541, 420, 1541
2, 3958, 59370420, 59371541, 420, 1541
2, 3959, 59385420, 59386518, 420, 1518
2, 396, 5940420, 5941587, 420, 1587
2, 3960, 59400420, 59402195, 420, 2195
2, 3961, 59415420, 59416541, 420, 1541
2, 3962, 59430420, 59433306, 420, 3306
2, 3963, 59445420, 59448129, 420, 3129
2, 3964, 59460420, 59461822, 420, 1822
2, 3965, 59475420, 59476541, 420, 1541
2, 3966, 59490420, 59491541, 420, 1541
2, 3967, 59505420, 59509048, 420, 4048
2, 3968, 59520420, 59522195, 420, 2195
2, 3969, 59535420, 59536541, 420, 1541
2, 397, 5955420, 5956725, 420, 1725
2, 3970, 59550420, 59551587, 420, 1587
2, 3971, 59565420, 59566518, 420, 1518
2, 3972, 59580420, 59581587, 420, 1587
2, 3973, 59595420, 59596541, 420, 1541
2, 3974, 59610420, 59611991, 420, 1991
2, 3975, 59625420, 59626541, 420, 1541
2, 3976, 59640420, 59644007, 420, 4007
2, 3977, 59655420, 59656518, 420, 1518
2, 3978, 59670420, 59671587, 420, 1587
2, 3979, 59685420, 59690158, 420, 5158
2, 398, 5970420, 5971587, 420, 1587
2, 3980, 59700420, 59702195, 420, 2195
2, 3981, 59715420, 59716587, 420, 1587
2, 3982, 59730420, 59731541, 420, 1541
2, 3983, 59745420, 59746541, 420, 1541
2, 3984, 59760420, 59762195, 420, 2195
2, 3985, 59775420, 59776587, 420, 1587
2, 3986, 59790420, 59791587, 420, 1587
2, 3987, 59805420, 59806518, 420, 1518
2, 3988, 59820420, 59821822, 420, 1822
2, 3989, 59835420, 59836518, 420, 1518
2, 399, 5985420, 5986587, 420, 1587
2, 3990, 59850420, 59853306, 420, 3306
2, 3991, 59865420, 59866541, 420, 1541
2, 3992, 59880420, 59881587, 420, 1587
2, 3993, 59895420, 59896518, 420, 1518
2, 3994, 59910420, 59911541, 420, 1541
2, 3995, 59925420, 59928193, 420, 3193
2, 3996, 59940420, 59941822, 420, 1822
2, 3997, 59955420, 59956587, 420, 1587
2, 3998, 59970420, 59971541, 420, 1541
2, 3999, 59985420, 59986518, 420, 1518
2, 4, 60420, 61587, 420, 1587
2, 40, 600420, 603841, 420, 3841
2, 400, 6000420, 6002195, 420, 2195
2, 4000, 60000420, 60002195, 420, 2195
2, 4001, 60015420, 60016541, 420, 1541
2, 4002, 60030420, 60031822, 420, 1822
2, 4003, 60045420, 60046541, 420, 1541
2, 4004, 60060420, 60064007, 420, 4007
2, 4005, 60075420, 60076541, 420, 1541
2, 4006, 60090420, 60091541, 420, 1541
2, 4007, 60105420, 60106640, 420, 1640
2, 4008, 60120420, 60121822, 420, 1822
2, 4009, 60135420, 60136587, 420, 1587
2, 401, 6015420, 6016518, 420, 1518
2, 4010, 60150420, 60151587, 420, 1587
2, 4011, 60165420, 60166587, 420, 1587
2, 4012, 60180420, 60181822, 420, 1822
2, 4013, 60195420, 60196541, 420, 1541
2, 4014, 60210420, 60211587, 420, 1587
2, 4015, 60225420, 60226541, 420, 1541
2, 4016, 60240420, 60242195, 420, 2195
2, 4017, 60255420, 60256518, 420, 1518
2, 4018, 60270420, 60273306, 420, 3306
2, 4019, 60285420, 60287212, 420, 2212
2, 402, 6030420, 6031541, 420, 1541
2, 4020, 60300420, 60302195, 420, 2195
2, 4021, 60315420, 60316518, 420, 1518
2, 4022, 60330420, 60331541, 420, 1541
2, 4023, 60345420, 60346587, 420, 1587
2, 4024, 60360420, 60361822, 420, 1822
2, 4025, 60375420, 60376725, 420, 1725
2, 4026, 60390420, 60391541, 420, 1541
2, 4027, 60405420, 60406541, 420, 1541
2, 4028, 60420420, 60421587, 420, 1587
2, 4029, 60435420, 60436541, 420, 1541
2, 403, 6045420, 6046541, 420, 1541
2, 4030, 60450420, 60452195, 420, 2195
2, 4031, 60465420, 60466541, 420, 1541
2, 4032, 60480420, 60483306, 420, 3306
2, 4033, 60495420, 60496518, 420, 1518
2, 4034, 60510420, 60511541, 420, 1541
2, 4035, 60525420, 60526587, 420, 1587
2, 4036, 60540420, 60541822, 420, 1822
2, 4037, 60555420, 60556541, 420, 1541
2, 4038, 60570420, 60571541, 420, 1541
2, 4039, 60585420, 60586541, 420, 1541
2, 404, 6060420, 6062195, 420, 2195
2, 4040, 60600420, 60601822, 420, 1822
2, 4041, 60615420, 60616541, 420, 1541
2, 4042, 60630420, 60631587, 420, 1587
2, 4043, 60645420, 60646541, 420, 1541
2, 4044, 60660420, 60661822, 420, 1822
2, 4045, 60675420, 60676541, 420, 1541
2, 4046, 60690420, 60693306, 420, 3306
2, 4047, 60705420, 60706541, 420, 1541
2, 4048, 60720420, 60721822, 420, 1822
2, 4049, 60735420, 60736518, 420, 1518
2, 405, 6075420, 6076541, 420, 1541
2, 4050, 60750420, 60751587, 420, 1587
2, 4051, 60765420, 60766587, 420, 1587
2, 4052, 60780420, 60781822, 420, 1822
2, 4053, 60795420, 60796587, 420, 1587
2, 4054, 60810420, 60811587, 420, 1587
2, 4055, 60825420, 60826541, 420, 1541
2, 4056, 60840420, 60841587, 420, 1587
2, 4057, 60855420, 60856518, 420, 1518
2, 4058, 60870420, 60871822, 420, 1822
2, 4059, 60885420, 60886587, 420, 1587
2, 406, 6090420, 6092195, 420, 2195
2, 4060, 60900420, 60904031, 420, 4031
2, 4061, 60915420, 60916518, 420, 1518
2, 4062, 60930420, 60931541, 420, 1541
2, 4063, 60945420, 60946541, 420, 1541
2, 4064, 60960420, 60962195, 420, 2195
2, 4065, 60975420, 60979230, 420, 4230
2, 4066, 60990420, 60991587, 420, 1587
2, 4067, 61005420, 61006541, 420, 1541
2, 4068, 61020420, 61021587, 420, 1587
2, 4069, 61035420, 61036541, 420, 1541
2, 407, 6105420, 6106518, 420, 1518
2, 4070, 61050420, 61053297, 420, 3297
2, 4071, 61065420, 61066541, 420, 1541
2, 4072, 61080420, 61081822, 420, 1822
2, 4073, 61095420, 61096518, 420, 1518
2, 4074, 61110420, 61112195, 420, 2195
2, 4075, 61125420, 61132887, 420, 7887
2, 4076, 61140420, 61141822, 420, 1822
2, 4077, 61155420, 61156541, 420, 1541
2, 4078, 61170420, 61171541, 420, 1541
2, 4079, 61185420, 61186587, 420, 1587
2, 408, 6120420, 6121822, 420, 1822
2, 4080, 61200420, 61204002, 420, 4002
2, 4081, 61215420, 61216587, 420, 1587
2, 4082, 61230420, 61231587, 420, 1587
2, 4083, 61245420, 61246518, 420, 1518
2, 4084, 61260420, 61261587, 420, 1587
2, 4085, 61275420, 61276541, 420, 1541
2, 4086, 61290420, 61291822, 420, 1822
2, 4087, 61305420, 61306541, 420, 1541
2, 4088, 61320420, 61324007, 420, 4007
2, 4089, 61335420, 61336518, 420, 1518
2, 409, 6135420, 6136541, 420, 1541
2, 4090, 61350420, 61351587, 420, 1587
2, 4091, 61365420, 61366541, 420, 1541
2, 4092, 61380420, 61381822, 420, 1822
2, 4093, 61395420, 61396587, 420, 1587
2, 4094, 61410420, 61411541, 420, 1541
2, 4095, 61425420, 61426587, 420, 1587
2, 4096, 61440420, 61441822, 420, 1822
2, 4097, 61455420, 61456541, 420, 1541
2, 4098, 61470420, 61471587, 420, 1587
2, 4099, 61485420, 61486541, 420, 1541
2, 41, 615420, 616541, 420, 1541
2, 410, 6150420, 6151822, 420, 1822
2, 4100, 61500420, 61502195, 420, 2195
2, 4101, 61515420, 61516518, 420, 1518
2, 4102, 61530420, 61532195, 420, 2195
2, 4103, 61545420, 61546541, 420, 1541
2, 4104, 61560420, 61561822, 420, 1822
2, 4105, 61575420, 61576541, 420, 1541
2, 4106, 61590420, 61591541, 420, 1541
2, 4107, 61605420, 61609048, 420, 4048
2, 4108, 61620420, 61621587, 420, 1587
2, 4109, 61635420, 61636587, 420, 1587
2, 411, 6165420, 6166725, 420, 1725
2, 4110, 61650420, 61651822, 420, 1822
2, 4111, 61665420, 61666518, 420, 1518
2, 4112, 61680420, 61681822, 420, 1822
2, 4113, 61695420, 61696518, 420, 1518
2, 4114, 61710420, 61711822, 420, 1822
2, 4115, 61725420, 61726587, 420, 1587
2, 4116, 61740420, 61743306, 420, 3306
2, 4117, 61755420, 61756518, 420, 1518
2, 4118, 61770420, 61771541, 420, 1541
2, 4119, 61785420, 61786518, 420, 1518
2, 412, 6180420, 6181587, 420, 1587
2, 4120, 61800420, 61802195, 420, 2195
2, 4121, 61815420, 61816587, 420, 1587
2, 4122, 61830420, 61831541, 420, 1541
2, 4123, 61845420, 61846587, 420, 1587
2, 4124, 61860420, 61861587, 420, 1587
2, 4125, 61875420, 61876541, 420, 1541
2, 4126, 61890420, 61891587, 420, 1587
2, 4127, 61905420, 61906541, 420, 1541
2, 4128, 61920420, 61922195, 420, 2195
2, 4129, 61935420, 61936518, 420, 1518
2, 413, 6195420, 6196541, 420, 1541
2, 4130, 61950420, 61954031, 420, 4031
2, 4131, 61965420, 61966541, 420, 1541
2, 4132, 61980420, 61981822, 420, 1822
2, 4133, 61995420, 61996541, 420, 1541
2, 4134, 62010420, 62011541, 420, 1541
2, 4135, 62025420, 62026725, 420, 1725
2, 4136, 62040420, 62041587, 420, 1587
2, 4137, 62055420, 62056587, 420, 1587
2, 4138, 62070420, 62071587, 420, 1587
2, 4139, 62085420, 62086587, 420, 1587
2, 414, 6210420, 6211587, 420, 1587
2, 4140, 62100420, 62101822, 420, 1822
2, 4141, 62115420, 62116518, 420, 1518
2, 4142, 62130420, 62131587, 420, 1587
2, 4143, 62145420, 62146541, 420, 1541
2, 4144, 62160420, 62165272, 420, 5272
2, 4145, 62175420, 62176541, 420, 1541
2, 4146, 62190420, 62191541, 420, 1541
2, 4147, 62205420, 62206518, 420, 1518
2, 4148, 62220420, 62221822, 420, 1822
2, 4149, 62235420, 62240249, 420, 5249
2, 415, 6225420, 6226587, 420, 1587
2, 4150, 62250420, 62251858, 420, 1858
2, 4151, 62265420, 62266541, 420, 1541
2, 4152, 62280420, 62281587, 420, 1587
2, 4153, 62295420, 62296518, 420, 1518
2, 4154, 62310420, 62311587, 420, 1587
2, 4155, 62325420, 62326725, 420, 1725
2, 4156, 62340420, 62341822, 420, 1822
2, 4157, 62355420, 62356518, 420, 1518
2, 4158, 62370420, 62372195, 420, 2195
2, 4159, 62385420, 62386518, 420, 1518
2, 416, 6240420, 6241822, 420, 1822
2, 4160, 62400420, 62404002, 420, 4002
2, 4161, 62415420, 62416541, 420, 1541
2, 4162, 62430420, 62431541, 420, 1541
2, 4163, 62445420, 62446587, 420, 1587
2, 4164, 62460420, 62461587, 420, 1587
2, 4165, 62475420, 62476725, 420, 1725
2, 4166, 62490420, 62492145, 420, 2145
2, 4167, 62505420, 62506541, 420, 1541
2, 4168, 62520420, 62521587, 420, 1587
2, 4169, 62535420, 62536518, 420, 1518
2, 417, 6255420, 6256518, 420, 1518
2, 4170, 62550420, 62551822, 420, 1822
2, 4171, 62565420, 62566587, 420, 1587
2, 4172, 62580420, 62583306, 420, 3306
2, 4173, 62595420, 62596518, 420, 1518
2, 4174, 62610420, 62611541, 420, 1541
2, 4175, 62625420, 62626541, 420, 1541
2, 4176, 62640420, 62641822, 420, 1822
2, 4177, 62655420, 62656725, 420, 1725
2, 4178, 62670420, 62671587, 420, 1587
2, 4179, 62685420, 62686541, 420, 1541
2, 418, 6270420, 6271587, 420, 1587
2, 4180, 62700420, 62701822, 420, 1822
2, 4181, 62715420, 62716518, 420, 1518
2, 4182, 62730420, 62731587, 420, 1587
2, 4183, 62745420, 62746541, 420, 1541
2, 4184, 62760420, 62762195, 420, 2195
2, 4185, 62775420, 62776541, 420, 1541
2, 4186, 62790420, 62792195, 420, 2195
2, 4187, 62805420, 62806541, 420, 1541
2, 4188, 62820420, 62821822, 420, 1822
2, 4189, 62835420, 62836541, 420, 1541
2, 419, 6285420, 6286518, 420, 1518
2, 4190, 62850420, 62851822, 420, 1822
2, 4191, 62865420, 62866587, 420, 1587
2, 4192, 62880420, 62881822, 420, 1822
2, 4193, 62895420, 62896541, 420, 1541
2, 4194, 62910420, 62911587, 420, 1587
2, 4195, 62925420, 62926587, 420, 1587
2, 4196, 62940420, 62941587, 420, 1587
2, 4197, 62955420, 62956518, 420, 1518
2, 4198, 62970420, 62971587, 420, 1587
2, 4199, 62985420, 62986541, 420, 1541
2, 42, 630420, 632195, 420, 2195
2, 420, 6300420, 6303306, 420, 3306
2, 4200, 63000420, 63003306, 420, 3306
2, 4201, 63015420, 63016541, 420, 1541
2, 4202, 63030420, 63031541, 420, 1541
2, 4203, 63045420, 63046541, 420, 1541
2, 4204, 63060420, 63061587, 420, 1587
2, 4205, 63075420, 63076587, 420, 1587
2, 4206, 63090420, 63091587, 420, 1587
2, 4207, 63105420, 63106541, 420, 1541
2, 4208, 63120420, 63121822, 420, 1822
2, 4209, 63135420, 63136518, 420, 1518
2, 421, 6315420, 6316541, 420, 1541
2, 4210, 63150420, 63151587, 420, 1587
2, 4211, 63165420, 63166541, 420, 1541
2, 4212, 63180420, 63182195, 420, 2195
2, 4213, 63195420, 63196518, 420, 1518
2, 4214, 63210420, 63212195, 420, 2195
2, 4215, 63225420, 63226541, 420, 1541
2, 4216, 63240420, 63241822, 420, 1822
2, 4217, 63255420, 63256541, 420, 1541
2, 4218, 63270420, 63271587, 420, 1587
2, 4219, 63285420, 63286725, 420, 1725
2, 422, 6330420, 6331541, 420, 1541
2, 4220, 63300420, 63301822, 420, 1822
2, 4221, 63315420, 63316541, 420, 1541
2, 4222, 63330420, 63331587, 420, 1587
2, 4223, 63345420, 63346541, 420, 1541
2, 4224, 63360420, 63362083, 420, 2083
2, 4225, 63375420, 63376541, 420, 1541
2, 4226, 63390420, 63391587, 420, 1587
2, 4227, 63405420, 63406518, 420, 1518
2, 4228, 63420420, 63423306, 420, 3306
2, 4229, 63435420, 63436541, 420, 1541
2, 423, 6345420, 6346518, 420, 1518
2, 4230, 63450420, 63451587, 420, 1587
2, 4231, 63465420, 63466518, 420, 1518
2, 4232, 63480420, 63481587, 420, 1587
2, 4233, 63495420, 63496725, 420, 1725
2, 4234, 63510420, 63511587, 420, 1587
2, 4235, 63525420, 63527827, 420, 2827
2, 4236, 63540420, 63541587, 420, 1587
2, 4237, 63555420, 63556518, 420, 1518
2, 4238, 63570420, 63571541, 420, 1541
2, 4239, 63585420, 63586541, 420, 1541
2, 424, 6360420, 6361587, 420, 1587
2, 4240, 63600420, 63604002, 420, 4002
2, 4241, 63615420, 63616518, 420, 1518
2, 4242, 63630420, 63632195, 420, 2195
2, 4243, 63645420, 63646518, 420, 1518
2, 4244, 63660420, 63661587, 420, 1587
2, 4245, 63675420, 63676587, 420, 1587
2, 4246, 63690420, 63691822, 420, 1822
2, 4247, 63705420, 63706587, 420, 1587
2, 4248, 63720420, 63721587, 420, 1587
2, 4249, 63735420, 63736541, 420, 1541
2, 425, 6375420, 6378359, 420, 3359
2, 4250, 63750420, 63751822, 420, 1822
2, 4251, 63765420, 63768807, 420, 3807
2, 4252, 63780420, 63781822, 420, 1822
2, 4253, 63795420, 63796518, 420, 1518
2, 4254, 63810420, 63811587, 420, 1587
2, 4255, 63825420, 63826541, 420, 1541
2, 4256, 63840420, 63845272, 420, 5272
2, 4257, 63855420, 63856587, 420, 1587
2, 4258, 63870420, 63871587, 420, 1587
2, 4259, 63885420, 63886518, 420, 1518
2, 426, 6390420, 6391587, 420, 1587
2, 4260, 63900420, 63901822, 420, 1822
2, 4261, 63915420, 63916587, 420, 1587
2, 4262, 63930420, 63931587, 420, 1587
2, 4263, 63945420, 63946587, 420, 1587
2, 4264, 63960420, 63961587, 420, 1587
2, 4265, 63975420, 63976541, 420, 1541
2, 4266, 63990420, 63991541, 420, 1541
2, 4267, 64005420, 64006587, 420, 1587
2, 4268, 64020420, 64022195, 420, 2195
2, 4269, 64035420, 64036541, 420, 1541
2, 427, 6405420, 6406725, 420, 1725
2, 4270, 64050420, 64054031, 420, 4031
2, 4271, 64065420, 64066518, 420, 1518
2, 4272, 64080420, 64081822, 420, 1822
2, 4273, 64095420, 64096541, 420, 1541
2, 4274, 64110420, 64111587, 420, 1587
2, 4275, 64125420, 64126725, 420, 1725
2, 4276, 64140420, 64141587, 420, 1587
2, 4277, 64155420, 64156541, 420, 1541
2, 4278, 64170420, 64171541, 420, 1541
2, 4279, 64185420, 64187463, 420, 2463
2, 428, 6420420, 6421587, 420, 1587
2, 4280, 64200420, 64202195, 420, 2195
2, 4281, 64215420, 64216541, 420, 1541
2, 4282, 64230420, 64231587, 420, 1587
2, 4283, 64245420, 64246541, 420, 1541
2, 4284, 64260420, 64263306, 420, 3306
2, 4285, 64275420, 64276587, 420, 1587
2, 4286, 64290420, 64291541, 420, 1541
2, 4287, 64305420, 64306518, 420, 1518
2, 4288, 64320420, 64321822, 420, 1822
2, 4289, 64335420, 64336587, 420, 1587
2, 429, 6435420, 6436518, 420, 1518
2, 4290, 64350420, 64351822, 420, 1822
2, 4291, 64365420, 64366587, 420, 1587
2, 4292, 64380420, 64381587, 420, 1587
2, 4293, 64395420, 64396518, 420, 1518
2, 4294, 64410420, 64411541, 420, 1541
2, 4295, 64425420, 64426541, 420, 1541
2, 4296, 64440420, 64442195, 420, 2195
2, 4297, 64455420, 64456541, 420, 1541
2, 4298, 64470420, 64472195, 420, 2195
2, 4299, 64485420, 64486541, 420, 1541
2, 43, 645420, 646541, 420, 1541
2, 430, 6450420, 6451587, 420, 1587
2, 4300, 64500420, 64501822, 420, 1822
2, 4301, 64515420, 64516541, 420, 1541
2, 4302, 64530420, 64531587, 420, 1587
2, 4303, 64545420, 64546587, 420, 1587
2, 4304, 64560420, 64561822, 420, 1822
2, 4305, 64575420, 64576587, 420, 1587
2, 4306, 64590420, 64591541, 420, 1541
2, 4307, 64605420, 64606541, 420, 1541
2, 4308, 64620420, 64622730, 420, 2730
2, 4309, 64635420, 64636541, 420, 1541
2, 431, 6465420, 6466541, 420, 1541
2, 4310, 64650420, 64651822, 420, 1822
2, 4311, 64665420, 64666518, 420, 1518
2, 4312, 64680420, 64684007, 420, 4007
2, 4313, 64695420, 64696541, 420, 1541
2, 4314, 64710420, 64711587, 420, 1587
2, 4315, 64725420, 64726587, 420, 1587
2, 4316, 64740420, 64741587, 420, 1587
2, 4317, 64755420, 64756587, 420, 1587
2, 4318, 64770420, 64771587, 420, 1587
2, 4319, 64785420, 64786587, 420, 1587
2, 432, 6480420, 6483955, 420, 3955
2, 4320, 64800420, 64804002, 420, 4002
2, 4321, 64815420, 64816518, 420, 1518
2, 4322, 64830420, 64831541, 420, 1541
2, 4323, 64845420, 64846518, 420, 1518
2, 4324, 64860420, 64862195, 420, 2195
2, 4325, 64875420, 64876587, 420, 1587
2, 4326, 64890420, 64892195, 420, 2195
2, 4327, 64905420, 64906518, 420, 1518
2, 4328, 64920420, 64921587, 420, 1587
2, 4329, 64935420, 64936518, 420, 1518
2, 433, 6495420, 6496518, 420, 1518
2, 4330, 64950420, 64951822, 420, 1822
2, 4331, 64965420, 64971256, 420, 6256
2, 4332, 64980420, 64981587, 420, 1587
2, 4333, 64995420, 64996541, 420, 1541
2, 4334, 65010420, 65011541, 420, 1541
2, 4335, 65025420, 65026587, 420, 1587
2, 4336, 65040420, 65042195, 420, 2195
2, 4337, 65055420, 65056541, 420, 1541
2, 4338, 65070420, 65071587, 420, 1587
2, 4339, 65085420, 65086518, 420, 1518
2, 434, 6510420, 6512195, 420, 2195
2, 4340, 65100420, 65104031, 420, 4031
2, 4341, 65115420, 65116541, 420, 1541
2, 4342, 65130420, 65131822, 420, 1822
2, 4343, 65145420, 65146541, 420, 1541
2, 4344, 65160420, 65161587, 420, 1587
2, 4345, 65175420, 65176725, 420, 1725
2, 4346, 65190420, 65191541, 420, 1541
2, 4347, 65205420, 65212256, 420, 7256
2, 4348, 65220420, 65221822, 420, 1822
2, 4349, 65235420, 65236518, 420, 1518
2, 435, 6525420, 6526541, 420, 1541
2, 4350, 65250420, 65251587, 420, 1587
2, 4351, 65265420, 65266518, 420, 1518
2, 4352, 65280420, 65283955, 420, 3955
2, 4353, 65295420, 65296541, 420, 1541
2, 4354, 65310420, 65313881, 420, 3881
2, 4355, 65325420, 65326541, 420, 1541
2, 4356, 65340420, 65341587, 420, 1587
2, 4357, 65355420, 65356518, 420, 1518
2, 4358, 65370420, 65371587, 420, 1587
2, 4359, 65385420, 65389818, 420, 4818
2, 436, 6540420, 6541587, 420, 1587
2, 4360, 65400420, 65402195, 420, 2195
2, 4361, 65415420, 65416541, 420, 1541
2, 4362, 65430420, 65431541, 420, 1541
2, 4363, 65445420, 65446541, 420, 1541
2, 4364, 65460420, 65461822, 420, 1822
2, 4365, 65475420, 65476587, 420, 1587
2, 4366, 65490420, 65491587, 420, 1587
2, 4367, 65505420, 65506518, 420, 1518
2, 4368, 65520420, 65523306, 420, 3306
2, 4369, 65535420, 65536541, 420, 1541
2, 437, 6555420, 6556640, 420, 1640
2, 4370, 65550420, 65551822, 420, 1822
2, 4371, 65565420, 65566541, 420, 1541
2, 4372, 65580420, 65581587, 420, 1587
2, 4373, 65595420, 65596587, 420, 1587
2, 4374, 65610420, 65611541, 420, 1541
2, 4375, 65625420, 65626725, 420, 1725
2, 4376, 65640420, 65641822, 420, 1822
2, 4377, 65655420, 65656541, 420, 1541
2, 4378, 65670420, 65671541, 420, 1541
2, 4379, 65685420, 65686541, 420, 1541
2, 438, 6570420, 6571822, 420, 1822
2, 4380, 65700420, 65702195, 420, 2195
2, 4381, 65715420, 65716541, 420, 1541
2, 4382, 65730420, 65733306, 420, 3306
2, 4383, 65745420, 65746518, 420, 1518
2, 4384, 65760420, 65761822, 420, 1822
2, 4385, 65775420, 65776541, 420, 1541
2, 4386, 65790420, 65791587, 420, 1587
2, 4387, 65805420, 65807836, 420, 2836
2, 4388, 65820420, 65821822, 420, 1822
2, 4389, 65835420, 65836541, 420, 1541
2, 439, 6585420, 6586587, 420, 1587
2, 4390, 65850420, 65851587, 420, 1587
2, 4391, 65865420, 65866518, 420, 1518
2, 4392, 65880420, 65881822, 420, 1822
2, 4393, 65895420, 65896541, 420, 1541
2, 4394, 65910420, 65911587, 420, 1587
2, 4395, 65925420, 65926587, 420, 1587
2, 4396, 65940420, 65944007, 420, 4007
2, 4397, 65955420, 65956518, 420, 1518
2, 4398, 65970420, 65971587, 420, 1587
2, 4399, 65985420, 65986541, 420, 1541
2, 44, 660420, 661587, 420, 1587
2, 440, 6600420, 6601822, 420, 1822
2, 4400, 66000420, 66002195, 420, 2195
2, 4401, 66015420, 66016587, 420, 1587
2, 4402, 66030420, 66031541, 420, 1541
2, 4403, 66045420, 66046587, 420, 1587
2, 4404, 66060420, 66061822, 420, 1822
2, 4405, 66075420, 66076587, 420, 1587
2, 4406, 66090420, 66091541, 420, 1541
2, 4407, 66105420, 66106518, 420, 1518
2, 4408, 66120420, 66121822, 420, 1822
2, 4409, 66135420, 66136541, 420, 1541
2, 441, 6615420, 6616541, 420, 1541
2, 4410, 66150420, 66153306, 420, 3306
2, 4411, 66165420, 66166541, 420, 1541
2, 4412, 66180420, 66181587, 420, 1587
2, 4413, 66195420, 66196518, 420, 1518
2, 4414, 66210420, 66211541, 420, 1541
2, 4415, 66225420, 66231883, 420, 6883
2, 4416, 66240420, 66242195, 420, 2195
2, 4417, 66255420, 66256587, 420, 1587
2, 4418, 66270420, 66271541, 420, 1541
2, 4419, 66285420, 66286518, 420, 1518
2, 442, 6630420, 6631587, 420, 1587
2, 4420, 66300420, 66302195, 420, 2195
2, 4421, 66315420, 66316541, 420, 1541
2, 4422, 66330420, 66331822, 420, 1822
2, 4423, 66345420, 66346518, 420, 1518
2, 4424, 66360420, 66364007, 420, 4007
2, 4425, 66375420, 66376541, 420, 1541
2, 4426, 66390420, 66391587, 420, 1587
2, 4427, 66405420, 66408738, 420, 3738
2, 4428, 66420420, 66421822, 420, 1822
2, 4429, 66435420, 66436587, 420, 1587
2, 443, 6645420, 6648807, 420, 3807
2, 4430, 66450420, 66451587, 420, 1587
2, 4431, 66465420, 66466541, 420, 1541
2, 4432, 66480420, 66482195, 420, 2195
2, 4433, 66495420, 66496541, 420, 1541
2, 4434, 66510420, 66511541, 420, 1541
2, 4435, 66525420, 66526541, 420, 1541
2, 4436, 66540420, 66541822, 420, 1822
2, 4437, 66555420, 66556541, 420, 1541
2, 4438, 66570420, 66573306, 420, 3306
2, 4439, 66585420, 66586541, 420, 1541
2, 444, 6660420, 6661822, 420, 1822
2, 4440, 66600420, 66601822, 420, 1822
2, 4441, 66615420, 66616518, 420, 1518
2, 4442, 66630420, 66631541, 420, 1541
2, 4443, 66645420, 66651256, 420, 6256
2, 4444, 66660420, 66661822, 420, 1822
2, 4445, 66675420, 66676725, 420, 1725
2, 4446, 66690420, 66691541, 420, 1541
2, 4447, 66705420, 66706518, 420, 1518
2, 4448, 66720420, 66721822, 420, 1822
2, 4449, 66735420, 66736541, 420, 1541
2, 445, 6675420, 6676541, 420, 1541
2, 4450, 66750420, 66752195, 420, 2195
2, 4451, 66765420, 66766518, 420, 1518
2, 4452, 66780420, 66784007, 420, 4007
2, 4453, 66795420, 66796518, 420, 1518
2, 4454, 66810420, 66811587, 420, 1587
2, 4455, 66825420, 66826587, 420, 1587
2, 4456, 66840420, 66841822, 420, 1822
2, 4457, 66855420, 66856587, 420, 1587
2, 4458, 66870420, 66871541, 420, 1541
2, 4459, 66885420, 66886587, 420, 1587
2, 446, 6690420, 6691587, 420, 1587
2, 4460, 66900420, 66902195, 420, 2195
2, 4461, 66915420, 66916541, 420, 1541
2, 4462, 66930420, 66931541, 420, 1541
2, 4463, 66945420, 66946518, 420, 1518
2, 4464, 66960420, 66962195, 420, 2195
2, 4465, 66975420, 66976541, 420, 1541
2, 4466, 66990420, 66993306, 420, 3306
2, 4467, 67005420, 67006541, 420, 1541
2, 4468, 67020420, 67021587, 420, 1587
2, 4469, 67035420, 67036518, 420, 1518
2, 447, 6705420, 6706518, 420, 1518
2, 4470, 67050420, 67051587, 420, 1587
2, 4471, 67065420, 67066725, 420, 1725
2, 4472, 67080420, 67081822, 420, 1822
2, 4473, 67095420, 67096587, 420, 1587
2, 4474, 67110420, 67111541, 420, 1541
2, 4475, 67125420, 67126587, 420, 1587
2, 4476, 67140420, 67141587, 420, 1587
2, 4477, 67155420, 67156541, 420, 1541
2, 4478, 67170420, 67171822, 420, 1822
2, 4479, 67185420, 67186518, 420, 1518
2, 448, 6720420, 6725272, 420, 5272
2, 4480, 67200420, 67203306, 420, 3306
2, 4481, 67215420, 67216518, 420, 1518
2, 4482, 67230420, 67231541, 420, 1541
2, 4483, 67245420, 67246720, 420, 1720
2, 4484, 67260420, 67261822, 420, 1822
2, 4485, 67275420, 67276587, 420, 1587
2, 4486, 67290420, 67291541, 420, 1541
2, 4487, 67305420, 67306541, 420, 1541
2, 4488, 67320420, 67321822, 420, 1822
2, 4489, 67335420, 67336541, 420, 1541
2, 449, 6735420, 6736587, 420, 1587
2, 4490, 67350420, 67351822, 420, 1822
2, 4491, 67365420, 67366541, 420, 1541
2, 4492, 67380420, 67381822, 420, 1822
2, 4493, 67395420, 67396518, 420, 1518
2, 4494, 67410420, 67413306, 420, 3306
2, 4495, 67425420, 67427827, 420, 2827
2, 4496, 67440420, 67442195, 420, 2195
2, 4497, 67455420, 67456518, 420, 1518
2, 4498, 67470420, 67471541, 420, 1541
2, 4499, 67485420, 67486587, 420, 1587
2, 45, 675420, 676541, 420, 1541
2, 450, 6750420, 6751822, 420, 1822
2, 4500, 67500420, 67502195, 420, 2195
2, 4501, 67515420, 67516587, 420, 1587
2, 4502, 67530420, 67531541, 420, 1541
2, 4503, 67545420, 67546518, 420, 1518
2, 4504, 67560420, 67561587, 420, 1587
2, 4505, 67575420, 67576587, 420, 1587
2, 4506, 67590420, 67591822, 420, 1822
2, 4507, 67605420, 67606587, 420, 1587
2, 4508, 67620420, 67624007, 420, 4007
2, 4509, 67635420, 67636518, 420, 1518
2, 451, 6765420, 6766518, 420, 1518
2, 4510, 67650420, 67651587, 420, 1587
2, 4511, 67665420, 67666541, 420, 1541
2, 4512, 67680420, 67682195, 420, 2195
2, 4513, 67695420, 67696541, 420, 1541
2, 4514, 67710420, 67711541, 420, 1541
2, 4515, 67725420, 67726587, 420, 1587
2, 4516, 67740420, 67741587, 420, 1587
2, 4517, 67755420, 67756541, 420, 1541
2, 4518, 67770420, 67772195, 420, 2195
2, 4519, 67785420, 67786518, 420, 1518
2, 452, 6780420, 6781587, 420, 1587
2, 4520, 67800420, 67802195, 420, 2195
2, 4521, 67815420, 67816518, 420, 1518
2, 4522, 67830420, 67833306, 420, 3306
2, 4523, 67845420, 67846587, 420, 1587
2, 4524, 67860420, 67861822, 420, 1822
2, 4525, 67875420, 67876541, 420, 1541
2, 4526, 67890420, 67891541, 420, 1541
2, 4527, 67905420, 67906587, 420, 1587
2, 4528, 67920420, 67922195, 420, 2195
2, 4529, 67935420, 67936587, 420, 1587
2, 453, 6795420, 6796587, 420, 1587
2, 4530, 67950420, 67951764, 420, 1764
2, 4531, 67965420, 67966518, 420, 1518
2, 4532, 67980420, 67981587, 420, 1587
2, 4533, 67995420, 67996518, 420, 1518
2, 4534, 68010420, 68011822, 420, 1822
2, 4535, 68025420, 68026587, 420, 1587
2, 4536, 68040420, 68044007, 420, 4007
2, 4537, 68055420, 68056518, 420, 1518
2, 4538, 68070420, 68071541, 420, 1541
2, 4539, 68085420, 68086587, 420, 1587
2, 454, 6810420, 6811587, 420, 1587
2, 4540, 68100420, 68102195, 420, 2195
2, 4541, 68115420, 68116587, 420, 1587
2, 4542, 68130420, 68131541, 420, 1541
2, 4543, 68145420, 68146541, 420, 1541
2, 4544, 68160420, 68161822, 420, 1822
2, 4545, 68175420, 68176587, 420, 1587
2, 4546, 68190420, 68191822, 420, 1822
2, 4547, 68205420, 68206541, 420, 1541
2, 4548, 68220420, 68221822, 420, 1822
2, 4549, 68235420, 68236518, 420, 1518
2, 455, 6825420, 6826725, 420, 1725
2, 4550, 68250420, 68254031, 420, 4031
2, 4551, 68265420, 68266587, 420, 1587
2, 4552, 68280420, 68281822, 420, 1822
2, 4553, 68295420, 68296518, 420, 1518
2, 4554, 68310420, 68311541, 420, 1541
2, 4555, 68325420, 68327827, 420, 2827
2, 4556, 68340420, 68341822, 420, 1822
2, 4557, 68355420, 68356587, 420, 1587
2, 4558, 68370420, 68371587, 420, 1587
2, 4559, 68385420, 68386518, 420, 1518
2, 456, 6840420, 6841587, 420, 1587
2, 4560, 68400420, 68402195, 420, 2195
2, 4561, 68415420, 68416518, 420, 1518
2, 4562, 68430420, 68431822, 420, 1822
2, 4563, 68445420, 68446541, 420, 1541
2, 4564, 68460420, 68464007, 420, 4007
2, 4565, 68475420, 68476541, 420, 1541
2, 4566, 68490420, 68491541, 420, 1541
2, 4567, 68505420, 68506518, 420, 1518
2, 4568, 68520420, 68521822, 420, 1822
2, 4569, 68535420, 68536587, 420, 1587
2, 457, 6855420, 6856518, 420, 1518
2, 4570, 68550420, 68551587, 420, 1587
2, 4571, 68565420, 68566587, 420, 1587
2, 4572, 68580420, 68581587, 420, 1587
2, 4573, 68595420, 68596541, 420, 1541
2, 4574, 68610420, 68611587, 420, 1587
2, 4575, 68625420, 68626587, 420, 1587
2, 4576, 68640420, 68642195, 420, 2195
2, 4577, 68655420, 68656518, 420, 1518
2, 4578, 68670420, 68672195, 420, 2195
2, 4579, 68685420, 68686541, 420, 1541
2, 458, 6870420, 6871541, 420, 1541
2, 4580, 68700420, 68702195, 420, 2195
2, 4581, 68715420, 68716518, 420, 1518
2, 4582, 68730420, 68731541, 420, 1541
2, 4583, 68745420, 68746587, 420, 1587
2, 4584, 68760420, 68761587, 420, 1587
2, 4585, 68775420, 68776725, 420, 1725
2, 4586, 68790420, 68791587, 420, 1587
2, 4587, 68805420, 68806541, 420, 1541
2, 4588, 68820420, 68821587, 420, 1587
2, 4589, 68835420, 68836518, 420, 1518
2, 459, 6885420, 6886587, 420, 1587
2, 4590, 68850420, 68852195, 420, 2195
2, 4591, 68865420, 68866541, 420, 1541
2, 4592, 68880420, 68883563, 420, 3563
2, 4593, 68895420, 68896518, 420, 1518
2, 4594, 68910420, 68911541, 420, 1541
2, 4595, 68925420, 68926541, 420, 1541
2, 4596, 68940420, 68941822, 420, 1822
2, 4597, 68955420, 68956587, 420, 1587
2, 4598, 68970420, 68971541, 420, 1541
2, 4599, 68985420, 68986541, 420, 1541
2, 46, 690420, 691587, 420, 1587
2, 460, 6900420, 6903841, 420, 3841
2, 4600, 69000420, 69001822, 420, 1822
2, 4601, 69015420, 69016518, 420, 1518
2, 4602, 69030420, 69031587, 420, 1587
2, 4603, 69045420, 69046587, 420, 1587
2, 4604, 69060420, 69061822, 420, 1822
2, 4605, 69075420, 69076541, 420, 1541
2, 4606, 69090420, 69092195, 420, 2195
2, 4607, 69105420, 69106541, 420, 1541
2, 4608, 69120420, 69122195, 420, 2195
2, 4609, 69135420, 69136541, 420, 1541
2, 461, 6915420, 6916541, 420, 1541
2, 4610, 69150420, 69151587, 420, 1587
2, 4611, 69165420, 69166587, 420, 1587
2, 4612, 69180420, 69181587, 420, 1587
2, 4613, 69195420, 69196587, 420, 1587
2, 4614, 69210420, 69211587, 420, 1587
2, 4615, 69225420, 69226587, 420, 1587
2, 4616, 69240420, 69241587, 420, 1587
2, 4617, 69255420, 69256518, 420, 1518
2, 4618, 69270420, 69271587, 420, 1587
2, 4619, 69285420, 69288164, 420, 3164
2, 462, 6930420, 6932195, 420, 2195
2, 4620, 69300420, 69303306, 420, 3306
2, 4621, 69315420, 69316518, 420, 1518
2, 4622, 69330420, 69331541, 420, 1541
2, 4623, 69345420, 69346518, 420, 1518
2, 4624, 69360420, 69362195, 420, 2195
2, 4625, 69375420, 69380258, 420, 5258
2, 4626, 69390420, 69391587, 420, 1587
2, 4627, 69405420, 69406541, 420, 1541
2, 4628, 69420420, 69421587, 420, 1587
2, 4629, 69435420, 69436518, 420, 1518
2, 463, 6945420, 6946518, 420, 1518
2, 4630, 69450420, 69451822, 420, 1822
2, 4631, 69465420, 69466541, 420, 1541
2, 4632, 69480420, 69481822, 420, 1822
2, 4633, 69495420, 69496518, 420, 1518
2, 4634, 69510420, 69512195, 420, 2195
2, 4635, 69525420, 69526587, 420, 1587
2, 4636, 69540420, 69541822, 420, 1822
2, 4637, 69555420, 69556541, 420, 1541
2, 4638, 69570420, 69571541, 420, 1541
2, 4639, 69585420, 69586587, 420, 1587
2, 464, 6960420, 6961822, 420, 1822
2, 4640, 69600420, 69602195, 420, 2195
2, 4641, 69615420, 69616587, 420, 1587
2, 4642, 69630420, 69631587, 420, 1587
2, 4643, 69645420, 69646541, 420, 1541
2, 4644, 69660420, 69661587, 420, 1587
2, 4645, 69675420, 69676541, 420, 1541
2, 4646, 69690420, 69691587, 420, 1587
2, 4647, 69705420, 69706541, 420, 1541
2, 4648, 69720420, 69723306, 420, 3306
2, 4649, 69735420, 69736518, 420, 1518
2, 465, 6975420, 6976587, 420, 1587
2, 4650, 69750420, 69751587, 420, 1587
2, 4651, 69765420, 69766541, 420, 1541
2, 4652, 69780420, 69781587, 420, 1587
2, 4653, 69795420, 69801883, 420, 6883
2, 4654, 69810420, 69811587, 420, 1587
2, 4655, 69825420, 69826587, 420, 1587
2, 4656, 69840420, 69841822, 420, 1822
2, 4657, 69855420, 69856518, 420, 1518
2, 4658, 69870420, 69871587, 420, 1587
2, 4659, 69885420, 69886541, 420, 1541
2, 466, 6990420, 6991587, 420, 1587
2, 4660, 69900420, 69903841, 420, 3841
2, 4661, 69915420, 69916518, 420, 1518
2, 4662, 69930420, 69932195, 420, 2195
2, 4663, 69945420, 69946518, 420, 1518
2, 4664, 69960420, 69961822, 420, 1822
2, 4665, 69975420, 69976587, 420, 1587
2, 4666, 69990420, 69991541, 420, 1541
2, 4667, 70005420, 70009048, 420, 4048
2, 4668, 70020420, 70021587, 420, 1587
2, 4669, 70035420, 70036541, 420, 1541
2, 467, 7005420, 7007836, 420, 2836
2, 4670, 70050420, 70051822, 420, 1822
2, 4671, 70065420, 70066541, 420, 1541
2, 4672, 70080420, 70081822, 420, 1822
2, 4673, 70095420, 70096518, 420, 1518
2, 4674, 70110420, 70111587, 420, 1587
2, 4675, 70125420, 70126587, 420, 1587
2, 4676, 70140420, 70143306, 420, 3306
2, 4677, 70155420, 70156541, 420, 1541
2, 4678, 70170420, 70171541, 420, 1541
2, 4679, 70185420, 70186518, 420, 1518
2, 468, 7020420, 7021587, 420, 1587
2, 4680, 70200420, 70201822, 420, 1822
2, 4681, 70215420, 70216541, 420, 1541
2, 4682, 70230420, 70231587, 420, 1587
2, 4683, 70245420, 70246587, 420, 1587
2, 4684, 70260420, 70261587, 420, 1587
2, 4685, 70275420, 70276541, 420, 1541
2, 4686, 70290420, 70291541, 420, 1541
2, 4687, 70305420, 70306541, 420, 1541
2, 4688, 70320420, 70323955, 420, 3955
2, 4689, 70335420, 70336518, 420, 1518
2, 469, 7035420, 7036541, 420, 1541
2, 4690, 70350420, 70354031, 420, 4031
2, 4691, 70365420, 70366518, 420, 1518
2, 4692, 70380420, 70381822, 420, 1822
2, 4693, 70395420, 70396541, 420, 1541
2, 4694, 70410420, 70411587, 420, 1587
2, 4695, 70425420, 70426725, 420, 1725
2, 4696, 70440420, 70441587, 420, 1587
2, 4697, 70455420, 70456541, 420, 1541
2, 4698, 70470420, 70471587, 420, 1587
2, 4699, 70485420, 70487733, 420, 2733
2, 47, 705420, 707836, 420, 2836
2, 470, 7050420, 7051587, 420, 1587
2, 4700, 70500420, 70502195, 420, 2195
2, 4701, 70515420, 70516518, 420, 1518
2, 4702, 70530420, 70531587, 420, 1587
2, 4703, 70545420, 70546518, 420, 1518
2, 4704, 70560420, 70565272, 420, 5272
2, 4705, 70575420, 70576587, 420, 1587
2, 4706, 70590420, 70591541, 420, 1541
2, 4707, 70605420, 70606518, 420, 1518
2, 4708, 70620420, 70621587, 420, 1587
2, 4709, 70635420, 70636725, 420, 1725
2, 471, 7065420, 7066541, 420, 1541
2, 4710, 70650420, 70651975, 420, 1975
2, 4711, 70665420, 70666587, 420, 1587
2, 4712, 70680420, 70681587, 420, 1587
2, 4713, 70695420, 70696518, 420, 1518
2, 4714, 70710420, 70711541, 420, 1541
2, 4715, 70725420, 70726725, 420, 1725
2, 4716, 70740420, 70742195, 420, 2195
2, 4717, 70755420, 70756518, 420, 1518
2, 4718, 70770420, 70772195, 420, 2195
2, 4719, 70785420, 70786518, 420, 1518
2, 472, 7080420, 7081822, 420, 1822
2, 4720, 70800420, 70802195, 420, 2195
2, 4721, 70815420, 70816541, 420, 1541
2, 4722, 70830420, 70831587, 420, 1587
2, 4723, 70845420, 70846587, 420, 1587
2, 4724, 70860420, 70861587, 420, 1587
2, 4725, 70875420, 70876587, 420, 1587
2, 4726, 70890420, 70891587, 420, 1587
2, 4727, 70905420, 70906708, 420, 1708
2, 4728, 70920420, 70921822, 420, 1822
2, 4729, 70935420, 70936518, 420, 1518
2, 473, 7095420, 7096518, 420, 1518
2, 4730, 70950420, 70951822, 420, 1822
2, 4731, 70965420, 70966541, 420, 1541
2, 4732, 70980420, 70983306, 420, 3306
2, 4733, 70995420, 70996541, 420, 1541
2, 4734, 71010420, 71011587, 420, 1587
2, 4735, 71025420, 71026541, 420, 1541
2, 4736, 71040420, 71041822, 420, 1822
2, 4737, 71055420, 71056587, 420, 1587
2, 4738, 71070420, 71071587, 420, 1587
2, 4739, 71085420, 71086587, 420, 1587
2, 474, 7110420, 7111587, 420, 1587
2, 4740, 71100420, 71101822, 420, 1822
2, 4741, 71115420, 71116518, 420, 1518
2, 4742, 71130420, 71131541, 420, 1541
2, 4743, 71145420, 71146541, 420, 1541
2, 4744, 71160420, 71162195, 420, 2195
2, 4745, 71175420, 71176587, 420, 1587
2, 4746, 71190420, 71192195, 420, 2195
2, 4747, 71205420, 71206541, 420, 1541
2, 4748, 71220420, 71221587, 420, 1587
2, 4749, 71235420, 71236541, 420, 1541
2, 475, 7125420, 7126587, 420, 1587
2, 4750, 71250420, 71251822, 420, 1822
2, 4751, 71265420, 71266541, 420, 1541
2, 4752, 71280420, 71281822, 420, 1822
2, 4753, 71295420, 71296541, 420, 1541
2, 4754, 71310420, 71311541, 420, 1541
2, 4755, 71325420, 71326587, 420, 1587
2, 4756, 71340420, 71341822, 420, 1822
2, 4757, 71355420, 71356518, 420, 1518
2, 4758, 71370420, 71371587, 420, 1587
2, 4759, 71385420, 71386518, 420, 1518
2, 476, 7140420, 7143306, 420, 3306
2, 4760, 71400420, 71403306, 420, 3306
2, 4761, 71415420, 71416541, 420, 1541
2, 4762, 71430420, 71431541, 420, 1541
2, 4763, 71445420, 71446541, 420, 1541
2, 4764, 71460420, 71461587, 420, 1587
2, 4765, 71475420, 71476725, 420, 1725
2, 4766, 71490420, 71491587, 420, 1587
2, 4767, 71505420, 71506587, 420, 1587
2, 4768, 71520420, 71521822, 420, 1822
2, 4769, 71535420, 71536518, 420, 1518
2, 477, 7155420, 7156541, 420, 1541
2, 4770, 71550420, 71551587, 420, 1587
2, 4771, 71565420, 71566518, 420, 1518
2, 4772, 71580420, 71583834, 420, 3834
2, 4773, 71595420, 71596541, 420, 1541
2, 4774, 71610420, 71612195, 420, 2195
2, 4775, 71625420, 71626541, 420, 1541
2, 4776, 71640420, 71641587, 420, 1587
2, 4777, 71655420, 71656541, 420, 1541
2, 4778, 71670420, 71671587, 420, 1587
2, 4779, 71685420, 71691256, 420, 6256
2, 478, 7170420, 7171541, 420, 1541
2, 4780, 71700420, 71701822, 420, 1822
2, 4781, 71715420, 71716541, 420, 1541
2, 4782, 71730420, 71731541, 420, 1541
2, 4783, 71745420, 71746541, 420, 1541
2, 4784, 71760420, 71763625, 420, 3625
2, 4785, 71775420, 71776587, 420, 1587
2, 4786, 71790420, 71791587, 420, 1587
2, 4787, 71805420, 71806518, 420, 1518
2, 4788, 71820420, 71824007, 420, 4007
2, 4789, 71835420, 71836541, 420, 1541
2, 479, 7185420, 7186518, 420, 1518
2, 4790, 71850420, 71851822, 420, 1822
2, 4791, 71865420, 71866518, 420, 1518
2, 4792, 71880420, 71881587, 420, 1587
2, 4793, 71895420, 71896587, 420, 1587
2, 4794, 71910420, 71911587, 420, 1587
2, 4795, 71925420, 71930025, 420, 5025
2, 4796, 71940420, 71941822, 420, 1822
2, 4797, 71955420, 71956518, 420, 1518
2, 4798, 71970420, 71971541, 420, 1541
2, 4799, 71985420, 71986518, 420, 1518
2, 48, 720420, 721822, 420, 1822
2, 480, 7200420, 7202195, 420, 2195
2, 4800, 72000420, 72004002, 420, 4002
2, 4801, 72015420, 72016541, 420, 1541
2, 4802, 72030420, 72033306, 420, 3306
2, 4803, 72045420, 72046518, 420, 1518
2, 4804, 72060420, 72061587, 420, 1587
2, 4805, 72075420, 72076541, 420, 1541
2, 4806, 72090420, 72091587, 420, 1587
2, 4807, 72105420, 72107836, 420, 2836
2, 4808, 72120420, 72121587, 420, 1587
2, 4809, 72135420, 72136541, 420, 1541
2, 481, 7215420, 7216587, 420, 1587
2, 4810, 72150420, 72151587, 420, 1587
2, 4811, 72165420, 72166587, 420, 1587
2, 4812, 72180420, 72181822, 420, 1822
2, 4813, 72195420, 72196541, 420, 1541
2, 4814, 72210420, 72211587, 420, 1587
2, 4815, 72225420, 72226541, 420, 1541
2, 4816, 72240420, 72243306, 420, 3306
2, 4817, 72255420, 72256541, 420, 1541
2, 4818, 72270420, 72271587, 420, 1587
2, 4819, 72285420, 72286518, 420, 1518
2, 482, 7230420, 7231587, 420, 1587
2, 4820, 72300420, 72301822, 420, 1822
2, 4821, 72315420, 72316587, 420, 1587
2, 4822, 72330420, 72331541, 420, 1541
2, 4823, 72345420, 72346587, 420, 1587
2, 4824, 72360420, 72361822, 420, 1822
2, 4825, 72375420, 72376541, 420, 1541
2, 4826, 72390420, 72391541, 420, 1541
2, 4827, 72405420, 72406541, 420, 1541
2, 4828, 72420420, 72422195, 420, 2195
2, 4829, 72435420, 72436541, 420, 1541
2, 483, 7245420, 7246587, 420, 1587
2, 4830, 72450420, 72454031, 420, 4031
2, 4831, 72465420, 72466518, 420, 1518
2, 4832, 72480420, 72481822, 420, 1822
2, 4833, 72495420, 72496518, 420, 1518
2, 4834, 72510420, 72511587, 420, 1587
2, 4835, 72525420, 72526725, 420, 1725
2, 4836, 72540420, 72541587, 420, 1587
2, 4837, 72555420, 72556541, 420, 1541
2, 4838, 72570420, 72571541, 420, 1541
2, 4839, 72585420, 72586518, 420, 1518
2, 484, 7260420, 7261735, 420, 1735
2, 4840, 72600420, 72602195, 420, 2195
2, 4841, 72615420, 72616541, 420, 1541
2, 4842, 72630420, 72631587, 420, 1587
2, 4843, 72645420, 72646541, 420, 1541
2, 4844, 72660420, 72664007, 420, 4007
2, 4845, 72675420, 72676587, 420, 1587
2, 4846, 72690420, 72691587, 420, 1587
2, 4847, 72705420, 72706541, 420, 1541
2, 4848, 72720420, 72721822, 420, 1822
2, 4849, 72735420, 72736587, 420, 1587
2, 485, 7275420, 7276541, 420, 1541
2, 4850, 72750420, 72751587, 420, 1587
2, 4851, 72765420, 72766587, 420, 1587
2, 4852, 72780420, 72781822, 420, 1822
2, 4853, 72795420, 72796541, 420, 1541
2, 4854, 72810420, 72811541, 420, 1541
2, 4855, 72825420, 72826541, 420, 1541
2, 4856, 72840420, 72841822, 420, 1822
2, 4857, 72855420, 72856541, 420, 1541
2, 4858, 72870420, 72873306, 420, 3306
2, 4859, 72885420, 72886541, 420, 1541
2, 486, 7290420, 7291541, 420, 1541
2, 4860, 72900420, 72901822, 420, 1822
2, 4861, 72915420, 72916518, 420, 1518
2, 4862, 72930420, 72931587, 420, 1587
2, 4863, 72945420, 72950327, 420, 5327
2, 4864, 72960420, 72962195, 420, 2195
2, 4865, 72975420, 72976587, 420, 1587
2, 4866, 72990420, 72991541, 420, 1541
2, 4867, 73005420, 73006518, 420, 1518
2, 4868, 73020420, 73021822, 420, 1822
2, 4869, 73035420, 73036541, 420, 1541
2, 487, 7305420, 7306518, 420, 1518
2, 4870, 73050420, 73051822, 420, 1822
2, 4871, 73065420, 73066518, 420, 1518
2, 4872, 73080420, 73084007, 420, 4007
2, 4873, 73095420, 73096518, 420, 1518
2, 4874, 73110420, 73111587, 420, 1587
2, 4875, 73125420, 73126725, 420, 1725
2, 4876, 73140420, 73141587, 420, 1587
2, 4877, 73155420, 73156587, 420, 1587
2, 4878, 73170420, 73171541, 420, 1541
2, 4879, 73185420, 73186587, 420, 1587
2, 488, 7320420, 7322195, 420, 2195
2, 4880, 73200420, 73204002, 420, 4002
2, 4881, 73215420, 73216541, 420, 1541
2, 4882, 73230420, 73231541, 420, 1541
2, 4883, 73245420, 73246518, 420, 1518
2, 4884, 73260420, 73261822, 420, 1822
2, 4885, 73275420, 73276587, 420, 1587
2, 4886, 73290420, 73297297, 420, 7297
2, 4887, 73305420, 73306541, 420, 1541
2, 4888, 73320420, 73321587, 420, 1587
2, 4889, 73335420, 73336518, 420, 1518
2, 489, 7335420, 7336541, 420, 1541
2, 4890, 73350420, 73351587, 420, 1587
2, 4891, 73365420, 73371256, 420, 6256
2, 4892, 73380420, 73381822, 420, 1822
2, 4893, 73395420, 73396541, 420, 1541
2, 4894, 73410420, 73411541, 420, 1541
2, 4895, 73425420, 73426541, 420, 1541
2, 4896, 73440420, 73442195, 420, 2195
2, 4897, 73455420, 73456541, 420, 1541
2, 4898, 73470420, 73471822, 420, 1822
2, 4899, 73485420, 73486518, 420, 1518
2, 49, 735420, 736541, 420, 1541
2, 490, 7350420, 7354031, 420, 4031
2, 4900, 73500420, 73504031, 420, 4031
2, 4901, 73515420, 73516518, 420, 1518
2, 4902, 73530420, 73531587, 420, 1587
2, 4903, 73545420, 73546541, 420, 1541
2, 4904, 73560420, 73561822, 420, 1822
2, 4905, 73575420, 73576725, 420, 1725
2, 4906, 73590420, 73591541, 420, 1541
2, 4907, 73605420, 73606587, 420, 1587
2, 4908, 73620420, 73621822, 420, 1822
2, 4909, 73635420, 73636541, 420, 1541
2, 491, 7365420, 7366541, 420, 1541
2, 4910, 73650420, 73651587, 420, 1587
2, 4911, 73665420, 73666518, 420, 1518
2, 4912, 73680420, 73682195, 420, 2195
2, 4913, 73695420, 73696541, 420, 1541
2, 4914, 73710420, 73713306, 420, 3306
2, 4915, 73725420, 73726725, 420, 1725
2, 4916, 73740420, 73741587, 420, 1587
2, 4917, 73755420, 73756518, 420, 1518
2, 4918, 73770420, 73771541, 420, 1541
2, 4919, 73785420, 73786541, 420, 1541
2, 492, 7380420, 7381587, 420, 1587
2, 4920, 73800420, 73802195, 420, 2195
2, 4921, 73815420, 73816541, 420, 1541
2, 4922, 73830420, 73831541, 420, 1541
2, 4923, 73845420, 73846541, 420, 1541
2, 4924, 73860420, 73861587, 420, 1587
2, 4925, 73875420, 73876587, 420, 1587
2, 4926, 73890420, 73891822, 420, 1822
2, 4927, 73905420, 73906518, 420, 1518
2, 4928, 73920420, 73923306, 420, 3306
2, 4929, 73935420, 73936518, 420, 1518
2, 493, 7395420, 7396541, 420, 1541
2, 4930, 73950420, 73951822, 420, 1822
2, 4931, 73965420, 73966541, 420, 1541
2, 4932, 73980420, 73981822, 420, 1822
2, 4933, 73995420, 73996587, 420, 1587
2, 4934, 74010420, 74011541, 420, 1541
2, 4935, 74025420, 74026587, 420, 1587
2, 4936, 74040420, 74041822, 420, 1822
2, 4937, 74055420, 74056541, 420, 1541
2, 4938, 74070420, 74071541, 420, 1541
2, 4939, 74085420, 74086541, 420, 1541
2, 494, 7410420, 7411587, 420, 1587
2, 4940, 74100420, 74102195, 420, 2195
2, 4941, 74115420, 74116518, 420, 1518
2, 4942, 74130420, 74133306, 420, 3306
2, 4943, 74145420, 74146541, 420, 1541
2, 4944, 74160420, 74161822, 420, 1822
2, 4945, 74175420, 74176541, 420, 1541
2, 4946, 74190420, 74191541, 420, 1541
2, 4947, 74205420, 74206725, 420, 1725
2, 4948, 74220420, 74221822, 420, 1822
2, 4949, 74235420, 74236587, 420, 1587
2, 495, 7425420, 7426725, 420, 1725
2, 4950, 74250420, 74251587, 420, 1587
2, 4951, 74265420, 74266518, 420, 1518
2, 4952, 74280420, 74281587, 420, 1587
2, 4953, 74295420, 74296541, 420, 1541
2, 4954, 74310420, 74311822, 420, 1822
2, 4955, 74325420, 74326587, 420, 1587
2, 4956, 74340420, 74344007, 420, 4007
2, 4957, 74355420, 74356518, 420, 1518
2, 4958, 74370420, 74371541, 420, 1541
2, 4959, 74385420, 74386720, 420, 1720
2, 496, 7440420, 7441822, 420, 1822
2, 4960, 74400420, 74404002, 420, 4002
2, 4961, 74415420, 74416587, 420, 1587
2, 4962, 74430420, 74431541, 420, 1541
2, 4963, 74445420, 74446541, 420, 1541
2, 4964, 74460420, 74461822, 420, 1822
2, 4965, 74475420, 74476587, 420, 1587
2, 4966, 74490420, 74491587, 420, 1587
2, 4967, 74505420, 74506518, 420, 1518
2, 4968, 74520420, 74521822, 420, 1822
2, 4969, 74535420, 74536518, 420, 1518
2, 497, 7455420, 7456541, 420, 1541
2, 4970, 74550420, 74553306, 420, 3306
2, 4971, 74565420, 74569200, 420, 4200
2, 4972, 74580420, 74581822, 420, 1822
2, 4973, 74595420, 74596518, 420, 1518
2, 4974, 74610420, 74611541, 420, 1541
2, 4975, 74625420, 74626725, 420, 1725
2, 4976, 74640420, 74642195, 420, 2195
2, 4977, 74655420, 74656587, 420, 1587
2, 4978, 74670420, 74671541, 420, 1541
2, 4979, 74685420, 74686518, 420, 1518
2, 498, 7470420, 7471541, 420, 1541
2, 4980, 74700420, 74701822, 420, 1822
2, 4981, 74715420, 74716541, 420, 1541
2, 4982, 74730420, 74732195, 420, 2195
2, 4983, 74745420, 74746541, 420, 1541
2, 4984, 74760420, 74764007, 420, 4007
2, 4985, 74775420, 74776541, 420, 1541
2, 4986, 74790420, 74791541, 420, 1541
2, 4987, 74805420, 74806587, 420, 1587
2, 4988, 74820420, 74821822, 420, 1822
2, 4989, 74835420, 74836587, 420, 1587
2, 499, 7485420, 7486541, 420, 1541
2, 4990, 74850420, 74851587, 420, 1587
2, 4991, 74865420, 74866541, 420, 1541
2, 4992, 74880420, 74881822, 420, 1822
2, 4993, 74895420, 74896541, 420, 1541
2, 4994, 74910420, 74911587, 420, 1587
2, 4995, 74925420, 74926541, 420, 1541
2, 4996, 74940420, 74941822, 420, 1822
2, 4997, 74955420, 74956518, 420, 1518
2, 4998, 74970420, 74973306, 420, 3306
2, 4999, 74985420, 74986541, 420, 1541
2, 5, 75420, 76725, 420, 1725
2, 50, 750420, 751587, 420, 1587
2, 500, 7500420, 7503547, 420, 3547
2, 5000, 75000420, 75002195, 420, 2195
2, 5001, 75015420, 75016518, 420, 1518
2, 5002, 75030420, 75031541, 420, 1541
2, 5003, 75045420, 75046725, 420, 1725
2, 5004, 75060420, 75061822, 420, 1822
2, 5005, 75075420, 75076725, 420, 1725
2, 5006, 75090420, 75091541, 420, 1541
2, 5007, 75105420, 75106518, 420, 1518
2, 5008, 75120420, 75121822, 420, 1822
2, 5009, 75135420, 75136518, 420, 1518
2, 501, 7515420, 7516541, 420, 1541
2, 5010, 75150420, 75152195, 420, 2195
2, 5011, 75165420, 75166541, 420, 1541
2, 5012, 75180420, 75184007, 420, 4007
2, 5013, 75195420, 75196518, 420, 1518
2, 5014, 75210420, 75211541, 420, 1541
2, 5015, 75225420, 75226587, 420, 1587
2, 5016, 75240420, 75241822, 420, 1822
2, 5017, 75255420, 75256587, 420, 1587
2, 5018, 75270420, 75271541, 420, 1541
2, 5019, 75285420, 75286587, 420, 1587
2, 502, 7530420, 7531587, 420, 1587
2, 5020, 75300420, 75301822, 420, 1822
2, 5021, 75315420, 75316541, 420, 1541
2, 5022, 75330420, 75331985, 420, 1985
2, 5023, 75345420, 75346541, 420, 1541
2, 5024, 75360420, 75362195, 420, 2195
2, 5025, 75375420, 75376541, 420, 1541
2, 5026, 75390420, 75392195, 420, 2195
2, 5027, 75405420, 75406572, 420, 1572
2, 5028, 75420420, 75421822, 420, 1822
2, 5029, 75435420, 75436518, 420, 1518
2, 503, 7545420, 7546518, 420, 1518
2, 5030, 75450420, 75451587, 420, 1587
2, 5031, 75465420, 75466587, 420, 1587
2, 5032, 75480420, 75481822, 420, 1822
2, 5033, 75495420, 75496587, 420, 1587
2, 5034, 75510420, 75511587, 420, 1587
2, 5035, 75525420, 75526587, 420, 1587
2, 5036, 75540420, 75541587, 420, 1587
2, 5037, 75555420, 75556518, 420, 1518
2, 5038, 75570420, 75571822, 420, 1822
2, 5039, 75585420, 75586541, 420, 1541
2, 504, 7560420, 7564007, 420, 4007
2, 5040, 75600420, 75603306, 420, 3306
2, 5041, 75615420, 75616518, 420, 1518
2, 5042, 75630420, 75631541, 420, 1541
2, 5043, 75645420, 75646518, 420, 1518
2, 5044, 75660420, 75661822, 420, 1822
2, 5045, 75675420, 75676725, 420, 1725
2, 5046, 75690420, 75691541, 420, 1541
2, 5047, 75705420, 75706541, 420, 1541
2, 5048, 75720420, 75721587, 420, 1587
2, 5049, 75735420, 75736541, 420, 1541
2, 505, 7575420, 7576587, 420, 1587
2, 5050, 75750420, 75751822, 420, 1822
2, 5051, 75765420, 75766587, 420, 1587
2, 5052, 75780420, 75781822, 420, 1822
2, 5053, 75795420, 75796518, 420, 1518
2, 5054, 75810420, 75812195, 420, 2195
2, 5055, 75825420, 75826587, 420, 1587
2, 5056, 75840420, 75842195, 420, 2195
2, 5057, 75855420, 75856541, 420, 1541
2, 5058, 75870420, 75871541, 420, 1541
2, 5059, 75885420, 75886587, 420, 1587
2, 506, 7590420, 7591587, 420, 1587
2, 5060, 75900420, 75901822, 420, 1822
2, 5061, 75915420, 75916587, 420, 1587
2, 5062, 75930420, 75931822, 420, 1822
2, 5063, 75945420, 75946518, 420, 1518
2, 5064, 75960420, 75961587, 420, 1587
2, 5065, 75975420, 75976541, 420, 1541
2, 5066, 75990420, 75991822, 420, 1822
2, 5067, 76005420, 76009995, 420, 4995
2, 5068, 76020420, 76023306, 420, 3306
2, 5069, 76035420, 76036518, 420, 1518
2, 507, 7605420, 7606541, 420, 1541
2, 5070, 76050420, 76051587, 420, 1587
2, 5071, 76065420, 76066518, 420, 1518
2, 5072, 76080420, 76082195, 420, 2195
2, 5073, 76095420, 76097836, 420, 2836
2, 5074, 76110420, 76111587, 420, 1587
2, 5075, 76125420, 76126587, 420, 1587
2, 5076, 76140420, 76141587, 420, 1587
2, 5077, 76155420, 76156518, 420, 1518
2, 5078, 76170420, 76171587, 420, 1587
2, 5079, 76185420, 76186541, 420, 1541
2, 508, 7620420, 7621587, 420, 1587
2, 5080, 76200420, 76202195, 420, 2195
2, 5081, 76215420, 76216518, 420, 1518
2, 5082, 76230420, 76232195, 420, 2195
2, 5083, 76245420, 76246587, 420, 1587
2, 5084, 76260420, 76261822, 420, 1822
2, 5085, 76275420, 76276587, 420, 1587
2, 5086, 76290420, 76291541, 420, 1541
2, 5087, 76305420, 76306587, 420, 1587
2, 5088, 76320420, 76321822, 420, 1822
2, 5089, 76335420, 76336587, 420, 1587
2, 509, 7635420, 7636587, 420, 1587
2, 5090, 76350420, 76351822, 420, 1822
2, 5091, 76365420, 76366541, 420, 1541
2, 5092, 76380420, 76381587, 420, 1587
2, 5093, 76395420, 76396518, 420, 1518
2, 5094, 76410420, 76411587, 420, 1587
2, 5095, 76425420, 76426587, 420, 1587
2, 5096, 76440420, 76443306, 420, 3306
2, 5097, 76455420, 76456518, 420, 1518
2, 5098, 76470420, 76471541, 420, 1541
2, 5099, 76485420, 76486541, 420, 1541
2, 51, 765420, 766541, 420, 1541
2, 510, 7650420, 7651822, 420, 1822
2, 5100, 76500420, 76502195, 420, 2195
2, 5101, 76515420, 76516686, 420, 1686
2, 5102, 76530420, 76531587, 420, 1587
2, 5103, 76545420, 76546541, 420, 1541
2, 5104, 76560420, 76561822, 420, 1822
2, 5105, 76575420, 76576541, 420, 1541
2, 5106, 76590420, 76591587, 420, 1587
2, 5107, 76605420, 76606541, 420, 1541
2, 5108, 76620420, 76621822, 420, 1822
2, 5109, 76635420, 76636518, 420, 1518
2, 511, 7665420, 7666587, 420, 1587
2, 5110, 76650420, 76654031, 420, 4031
2, 5111, 76665420, 76666518, 420, 1518
2, 5112, 76680420, 76681822, 420, 1822
2, 5113, 76695420, 76696541, 420, 1541
2, 5114, 76710420, 76711541, 420, 1541
2, 5115, 76725420, 76727827, 420, 2827
2, 5116, 76740420, 76741587, 420, 1587
2, 5117, 76755420, 76756587, 420, 1587
2, 5118, 76770420, 76771587, 420, 1587
2, 5119, 76785420, 76786541, 420, 1541
2, 512, 7680420, 7682195, 420, 2195
2, 5120, 76800420, 76802195, 420, 2195
2, 5121, 76815420, 76816518, 420, 1518
2, 5122, 76830420, 76831587, 420, 1587
2, 5123, 76845420, 76846541, 420, 1541
2, 5124, 76860420, 76863306, 420, 3306
2, 5125, 76875420, 76876587, 420, 1587
2, 5126, 76890420, 76891541, 420, 1541
2, 5127, 76905420, 76906518, 420, 1518
2, 5128, 76920420, 76921587, 420, 1587
2, 5129, 76935420, 76938725, 420, 3725
2, 513, 7695420, 7696518, 420, 1518
2, 5130, 76950420, 76951822, 420, 1822
2, 5131, 76965420, 76966725, 420, 1725
2, 5132, 76980420, 76981587, 420, 1587
2, 5133, 76995420, 76996518, 420, 1518
2, 5134, 77010420, 77011587, 420, 1587
2, 5135, 77025420, 77026587, 420, 1587
2, 5136, 77040420, 77043955, 420, 3955
2, 5137, 77055420, 77056518, 420, 1518
2, 5138, 77070420, 77072195, 420, 2195
2, 5139, 77085420, 77086518, 420, 1518
2, 514, 7710420, 7711541, 420, 1541
2, 5140, 77100420, 77102195, 420, 2195
2, 5141, 77115420, 77116541, 420, 1541
2, 5142, 77130420, 77131541, 420, 1541
2, 5143, 77145420, 77146587, 420, 1587
2, 5144, 77160420, 77161587, 420, 1587
2, 5145, 77175420, 77176587, 420, 1587
2, 5146, 77190420, 77191587, 420, 1587
2, 5147, 77205420, 77206587, 420, 1587
2, 5148, 77220420, 77221587, 420, 1587
2, 5149, 77235420, 77236518, 420, 1518
2, 515, 7725420, 7726541, 420, 1541
2, 5150, 77250420, 77251822, 420, 1822
2, 5151, 77265420, 77266541, 420, 1541
2, 5152, 77280420, 77285272, 420, 5272
2, 5153, 77295420, 77296541, 420, 1541
2, 5154, 77310420, 77311541, 420, 1541
2, 5155, 77325420, 77326541, 420, 1541
2, 5156, 77340420, 77341587, 420, 1587
2, 5157, 77355420, 77356725, 420, 1725
2, 5158, 77370420, 77371587, 420, 1587
2, 5159, 77385420, 77386541, 420, 1541
2, 516, 7740420, 7742195, 420, 2195
2, 5160, 77400420, 77401822, 420, 1822
2, 5161, 77415420, 77416518, 420, 1518
2, 5162, 77430420, 77431541, 420, 1541
2, 5163, 77445420, 77452252, 420, 7252
2, 5164, 77460420, 77462195, 420, 2195
2, 5165, 77475420, 77476541, 420, 1541
2, 5166, 77490420, 77492195, 420, 2195
2, 5167, 77505420, 77506518, 420, 1518
2, 5168, 77520420, 77522195, 420, 2195
2, 5169, 77535420, 77536541, 420, 1541
2, 517, 7755420, 7756541, 420, 1541
2, 5170, 77550420, 77551822, 420, 1822
2, 5171, 77565420, 77566587, 420, 1587
2, 5172, 77580420, 77581587, 420, 1587
2, 5173, 77595420, 77596541, 420, 1541
2, 5174, 77610420, 77611587, 420, 1587
2, 5175, 77625420, 77626587, 420, 1587
2, 5176, 77640420, 77641587, 420, 1587
2, 5177, 77655420, 77656518, 420, 1518
2, 5178, 77670420, 77671587, 420, 1587
2, 5179, 77685420, 77686541, 420, 1541
2, 518, 7770420, 7772195, 420, 2195
2, 5180, 77700420, 77703306, 420, 3306
2, 5181, 77715420, 77716541, 420, 1541
2, 5182, 77730420, 77731541, 420, 1541
2, 5183, 77745420, 77746518, 420, 1518
2, 5184, 77760420, 77761822, 420, 1822
2, 5185, 77775420, 77778359, 420, 3359
2, 5186, 77790420, 77791587, 420, 1587
2, 5187, 77805420, 77806587, 420, 1587
2, 5188, 77820420, 77821587, 420, 1587
2, 5189, 77835420, 77836518, 420, 1518
2, 519, 7785420, 7786518, 420, 1518
2, 5190, 77850420, 77851587, 420, 1587
2, 5191, 77865420, 77866541, 420, 1541
2, 5192, 77880420, 77882195, 420, 2195
2, 5193, 77895420, 77896518, 420, 1518
2, 5194, 77910420, 77912195, 420, 2195
2, 5195, 77925420, 77926587, 420, 1587
2, 5196, 77940420, 77941587, 420, 1587
2, 5197, 77955420, 77956640, 420, 1640
2, 5198, 77970420, 77971587, 420, 1587
2, 5199, 77985420, 77986587, 420, 1587
2, 52, 780420, 781822, 420, 1822
2, 520, 7800420, 7801822, 420, 1822
2, 5200, 78000420, 78002195, 420, 2195
2, 5201, 78015420, 78016541, 420, 1541
2, 5202, 78030420, 78031587, 420, 1587
2, 5203, 78045420, 78046541, 420, 1541
2, 5204, 78060420, 78061822, 420, 1822
2, 5205, 78075420, 78076541, 420, 1541
2, 5206, 78090420, 78091587, 420, 1587
2, 5207, 78105420, 78106518, 420, 1518
2, 5208, 78120420, 78123306, 420, 3306
2, 5209, 78135420, 78136541, 420, 1541
2, 521, 7815420, 7816518, 420, 1518
2, 5210, 78150420, 78151822, 420, 1822
2, 5211, 78165420, 78166541, 420, 1541
2, 5212, 78180420, 78181587, 420, 1587
2, 5213, 78195420, 78196587, 420, 1587
2, 5214, 78210420, 78211587, 420, 1587
2, 5215, 78225420, 78226725, 420, 1725
2, 5216, 78240420, 78241822, 420, 1822
2, 5217, 78255420, 78256518, 420, 1518
2, 5218, 78270420, 78271541, 420, 1541
2, 5219, 78285420, 78286541, 420, 1541
2, 522, 7830420, 7831587, 420, 1587
2, 5220, 78300420, 78303841, 420, 3841
2, 5221, 78315420, 78316541, 420, 1541
2, 5222, 78330420, 78332195, 420, 2195
2, 5223, 78345420, 78346518, 420, 1518
2, 5224, 78360420, 78361587, 420, 1587
2, 5225, 78375420, 78376587, 420, 1587
2, 5226, 78390420, 78391587, 420, 1587
2, 5227, 78405420, 78416605, 420, 11605
2, 5228, 78420420, 78421587, 420, 1587
2, 5229, 78435420, 78436541, 420, 1541
2, 523, 7845420, 7851256, 420, 6256
2, 5230, 78450420, 78451587, 420, 1587
2, 5231, 78465420, 78466541, 420, 1541
2, 5232, 78480420, 78482195, 420, 2195
2, 5233, 78495420, 78496518, 420, 1518
2, 5234, 78510420, 78511587, 420, 1587
2, 5235, 78525420, 78526541, 420, 1541
2, 5236, 78540420, 78543306, 420, 3306
2, 5237, 78555420, 78556541, 420, 1541
2, 5238, 78570420, 78571541, 420, 1541
2, 5239, 78585420, 78586518, 420, 1518
2, 524, 7860420, 7861587, 420, 1587
2, 5240, 78600420, 78601822, 420, 1822
2, 5241, 78615420, 78616587, 420, 1587
2, 5242, 78630420, 78631587, 420, 1587
2, 5243, 78645420, 78649591, 420, 4591
2, 5244, 78660420, 78661822, 420, 1822
2, 5245, 78675420, 78676541, 420, 1541
2, 5246, 78690420, 78691541, 420, 1541
2, 5247, 78705420, 78706518, 420, 1518
2, 5248, 78720420, 78723955, 420, 3955
2, 5249, 78735420, 78736541, 420, 1541
2, 525, 7875420, 7876587, 420, 1587
2, 5250, 78750420, 78754031, 420, 4031
2, 5251, 78765420, 78766518, 420, 1518
2, 5252, 78780420, 78781587, 420, 1587
2, 5253, 78795420, 78796541, 420, 1541
2, 5254, 78810420, 78811800, 420, 1800
2, 5255, 78825420, 78826725, 420, 1725
2, 5256, 78840420, 78841587, 420, 1587
2, 5257, 78855420, 78856541, 420, 1541
2, 5258, 78870420, 78871541, 420, 1541
2, 5259, 78885420, 78886587, 420, 1587
2, 526, 7890420, 7891541, 420, 1541
2, 5260, 78900420, 78902195, 420, 2195
2, 5261, 78915420, 78916540, 420, 1540
2, 5262, 78930420, 78931587, 420, 1587
2, 5263, 78945420, 78946518, 420, 1518
2, 5264, 78960420, 78963306, 420, 3306
2, 5265, 78975420, 78976587, 420, 1587
2, 5266, 78990420, 78991587, 420, 1587
2, 5267, 79005420, 79006518, 420, 1518
2, 5268, 79020420, 79021587, 420, 1587
2, 5269, 79035420, 79036587, 420, 1587
2, 527, 7905420, 7906541, 420, 1541
2, 5270, 79050420, 79051822, 420, 1822
2, 5271, 79065420, 79066587, 420, 1587
2, 5272, 79080420, 79081822, 420, 1822
2, 5273, 79095420, 79096518, 420, 1518
2, 5274, 79110420, 79111541, 420, 1541
2, 5275, 79125420, 79126587, 420, 1587
2, 5276, 79140420, 79142195, 420, 2195
2, 5277, 79155420, 79156541, 420, 1541
2, 5278, 79170420, 79172195, 420, 2195
2, 5279, 79185420, 79186518, 420, 1518
2, 528, 7920420, 7922195, 420, 2195
2, 5280, 79200420, 79202195, 420, 2195
2, 5281, 79215420, 79216518, 420, 1518
2, 5282, 79230420, 79231587, 420, 1587
2, 5283, 79245420, 79246587, 420, 1587
2, 5284, 79260420, 79261587, 420, 1587
2, 5285, 79275420, 79276587, 420, 1587
2, 5286, 79290420, 79291541, 420, 1541
2, 5287, 79305420, 79306541, 420, 1541
2, 5288, 79320420, 79321822, 420, 1822
2, 5289, 79335420, 79336541, 420, 1541
2, 529, 7935420, 7936541, 420, 1541
2, 5290, 79350420, 79351822, 420, 1822
2, 5291, 79365420, 79366541, 420, 1541
2, 5292, 79380420, 79384007, 420, 4007
2, 5293, 79395420, 79396541, 420, 1541
2, 5294, 79410420, 79411587, 420, 1587
2, 5295, 79425420, 79426541, 420, 1541
2, 5296, 79440420, 79441822, 420, 1822
2, 5297, 79455420, 79456587, 420, 1587
2, 5298, 79470420, 79471541, 420, 1541
2, 5299, 79485420, 79489172, 420, 4172
2, 53, 795420, 796541, 420, 1541
2, 530, 7950420, 7951822, 420, 1822
2, 5300, 79500420, 79502195, 420, 2195
2, 5301, 79515420, 79516518, 420, 1518
2, 5302, 79530420, 79531541, 420, 1541
2, 5303, 79545420, 79546518, 420, 1518
2, 5304, 79560420, 79562195, 420, 2195
2, 5305, 79575420, 79576587, 420, 1587
2, 5306, 79590420, 79593881, 420, 3881
2, 5307, 79605420, 79606541, 420, 1541
2, 5308, 79620420, 79621587, 420, 1587
2, 5309, 79635420, 79636518, 420, 1518
2, 531, 7965420, 7966518, 420, 1518
2, 5310, 79650420, 79651822, 420, 1822
2, 5311, 79665420, 79666587, 420, 1587
2, 5312, 79680420, 79681822, 420, 1822
2, 5313, 79695420, 79696541, 420, 1541
2, 5314, 79710420, 79711541, 420, 1541
2, 5315, 79725420, 79726541, 420, 1541
2, 5316, 79740420, 79741822, 420, 1822
2, 5317, 79755420, 79756541, 420, 1541
2, 5318, 79770420, 79771587, 420, 1587
2, 5319, 79785420, 79786518, 420, 1518
2, 532, 7980420, 7984007, 420, 4007
2, 5320, 79800420, 79804031, 420, 4031
2, 5321, 79815420, 79816541, 420, 1541
2, 5322, 79830420, 79831587, 420, 1587
2, 5323, 79845420, 79846587, 420, 1587
2, 5324, 79860420, 79861587, 420, 1587
2, 5325, 79875420, 79876725, 420, 1725
2, 5326, 79890420, 79891541, 420, 1541
2, 5327, 79905420, 79906587, 420, 1587
2, 5328, 79920420, 79922195, 420, 2195
2, 5329, 79935420, 79936541, 420, 1541
2, 533, 7995420, 7996541, 420, 1541
2, 5330, 79950420, 79951587, 420, 1587
2, 5331, 79965420, 79966518, 420, 1518
2, 5332, 79980420, 79981822, 420, 1822
2, 5333, 79995420, 79996541, 420, 1541
2, 5334, 80010420, 80013306, 420, 3306
2, 5335, 80025420, 80026541, 420, 1541
2, 5336, 80040420, 80041587, 420, 1587
2, 5337, 80055420, 80056518, 420, 1518
2, 5338, 80070420, 80071587, 420, 1587
2, 5339, 80085420, 80091256, 420, 6256
2, 534, 8010420, 8011822, 420, 1822
2, 5340, 80100420, 80102195, 420, 2195
2, 5341, 80115420, 80116541, 420, 1541
2, 5342, 80130420, 80131541, 420, 1541
2, 5343, 80145420, 80146518, 420, 1518
2, 5344, 80160420, 80162195, 420, 2195
2, 5345, 80175420, 80176587, 420, 1587
2, 5346, 80190420, 80191822, 420, 1822
2, 5347, 80205420, 80206518, 420, 1518
2, 5348, 80220420, 80224007, 420, 4007
2, 5349, 80235420, 80236518, 420, 1518
2, 535, 8025420, 8026587, 420, 1587
2, 5350, 80250420, 80251822, 420, 1822
2, 5351, 80265420, 80266541, 420, 1541
2, 5352, 80280420, 80281587, 420, 1587
2, 5353, 80295420, 80296587, 420, 1587
2, 5354, 80310420, 80311541, 420, 1541
2, 5355, 80325420, 80327827, 420, 2827
2, 5356, 80340420, 80341822, 420, 1822
2, 5357, 80355420, 80356541, 420, 1541
2, 5358, 80370420, 80371541, 420, 1541
2, 5359, 80385420, 80386518, 420, 1518
2, 536, 8040420, 8041587, 420, 1587
2, 5360, 80400420, 80403841, 420, 3841
2, 5361, 80415420, 80416541, 420, 1541
2, 5362, 80430420, 80433306, 420, 3306
2, 5363, 80445420, 80446518, 420, 1518
2, 5364, 80460420, 80461587, 420, 1587
2, 5365, 80475420, 80476541, 420, 1541
2, 5366, 80490420, 80491541, 420, 1541
2, 5367, 80505420, 80507836, 420, 2836
2, 5368, 80520420, 80521822, 420, 1822
2, 5369, 80535420, 80536541, 420, 1541
2, 537, 8055420, 8056587, 420, 1587
2, 5370, 80550420, 80551587, 420, 1587
2, 5371, 80565420, 80566541, 420, 1541
2, 5372, 80580420, 80581822, 420, 1822
2, 5373, 80595420, 80596541, 420, 1541
2, 5374, 80610420, 80611822, 420, 1822
2, 5375, 80625420, 80626541, 420, 1541
2, 5376, 80640420, 80643306, 420, 3306
2, 5377, 80655420, 80656518, 420, 1518
2, 5378, 80670420, 80671587, 420, 1587
2, 5379, 80685420, 80686725, 420, 1725
2, 538, 8070420, 8071541, 420, 1541
2, 5380, 80700420, 80702195, 420, 2195
2, 5381, 80715420, 80716587, 420, 1587
2, 5382, 80730420, 80731541, 420, 1541
2, 5383, 80745420, 80746541, 420, 1541
2, 5384, 80760420, 80761822, 420, 1822
2, 5385, 80775420, 80776587, 420, 1587
2, 5386, 80790420, 80791541, 420, 1541
2, 5387, 80805420, 80806541, 420, 1541
2, 5388, 80820420, 80821822, 420, 1822
2, 5389, 80835420, 80836541, 420, 1541
2, 539, 8085420, 8089227, 420, 4227
2, 5390, 80850420, 80853306, 420, 3306
2, 5391, 80865420, 80866541, 420, 1541
2, 5392, 80880420, 80881822, 420, 1822
2, 5393, 80895420, 80896518, 420, 1518
2, 5394, 80910420, 80911541, 420, 1541
2, 5395, 80925420, 80926587, 420, 1587
2, 5396, 80940420, 80941822, 420, 1822
2, 5397, 80955420, 80956541, 420, 1541
2, 5398, 80970420, 80971541, 420, 1541
2, 5399, 80985420, 80986518, 420, 1518
2, 54, 810420, 811587, 420, 1587
2, 540, 8100420, 8102195, 420, 2195
2, 5400, 81000420, 81001822, 420, 1822
2, 5401, 81015420, 81016541, 420, 1541
2, 5402, 81030420, 81031822, 420, 1822
2, 5403, 81045420, 81046541, 420, 1541
2, 5404, 81060420, 81064007, 420, 4007
2, 5405, 81075420, 81076541, 420, 1541
2, 5406, 81090420, 81091587, 420, 1587
2, 5407, 81105420, 81106541, 420, 1541
2, 5408, 81120420, 81122195, 420, 2195
2, 5409, 81135420, 81136587, 420, 1587
2, 541, 8115420, 8116518, 420, 1518
2, 5410, 81150420, 81151587, 420, 1587
2, 5411, 81165420, 81166541, 420, 1541
2, 5412, 81180420, 81181822, 420, 1822
2, 5413, 81195420, 81196541, 420, 1541
2, 5414, 81210420, 81211822, 420, 1822
2, 5415, 81225420, 81226541, 420, 1541
2, 5416, 81240420, 81241822, 420, 1822
2, 5417, 81255420, 81256518, 420, 1518
2, 5418, 81270420, 81273306, 420, 3306
2, 5419, 81285420, 81289001, 420, 4001
2, 542, 8130420, 8131541, 420, 1541
2, 5420, 81300420, 81301822, 420, 1822
2, 5421, 81315420, 81316518, 420, 1518
2, 5422, 81330420, 81331541, 420, 1541
2, 5423, 81345420, 81346725, 420, 1725
2, 5424, 81360420, 81362195, 420, 2195
2, 5425, 81375420, 81376725, 420, 1725
2, 5426, 81390420, 81391541, 420, 1541
2, 5427, 81405420, 81406518, 420, 1518
2, 5428, 81420420, 81421587, 420, 1587
2, 5429, 81435420, 81436541, 420, 1541
2, 543, 8145420, 8146518, 420, 1518
2, 5430, 81450420, 81454356, 420, 4356
2, 5431, 81465420, 81466541, 420, 1541
2, 5432, 81480420, 81484007, 420, 4007
2, 5433, 81495420, 81496518, 420, 1518
2, 5434, 81510420, 81511541, 420, 1541
2, 5435, 81525420, 81530206, 420, 5206
2, 5436, 81540420, 81541822, 420, 1822
2, 5437, 81555420, 81556541, 420, 1541
2, 5438, 81570420, 81571541, 420, 1541
2, 5439, 81585420, 81586541, 420, 1541
2, 544, 8160420, 8163955, 420, 3955
2, 5440, 81600420, 81604002, 420, 4002
2, 5441, 81615420, 81616541, 420, 1541
2, 5442, 81630420, 81631587, 420, 1587
2, 5443, 81645420, 81646518, 420, 1518
2, 5444, 81660420, 81661822, 420, 1822
2, 5445, 81675420, 81676541, 420, 1541
2, 5446, 81690420, 81693306, 420, 3306
2, 5447, 81705420, 81706541, 420, 1541
2, 5448, 81720420, 81721822, 420, 1822
2, 5449, 81735420, 81736518, 420, 1518
2, 545, 8175420, 8176587, 420, 1587
2, 5450, 81750420, 81751587, 420, 1587
2, 5451, 81765420, 81766725, 420, 1725
2, 5452, 81780420, 81781822, 420, 1822
2, 5453, 81795420, 81796587, 420, 1587
2, 5454, 81810420, 81811541, 420, 1541
2, 5455, 81825420, 81826541, 420, 1541
2, 5456, 81840420, 81841822, 420, 1822
2, 5457, 81855420, 81856541, 420, 1541
2, 5458, 81870420, 81871822, 420, 1822
2, 5459, 81885420, 81886541, 420, 1541
2, 546, 8190420, 8193881, 420, 3881
2, 5460, 81900420, 81904031, 420, 4031
2, 5461, 81915420, 81916518, 420, 1518
2, 5462, 81930420, 81931541, 420, 1541
2, 5463, 81945420, 81946541, 420, 1541
2, 5464, 81960420, 81961822, 420, 1822
2, 5465, 81975420, 81976587, 420, 1587
2, 5466, 81990420, 81991541, 420, 1541
2, 5467, 82005420, 82006587, 420, 1587
2, 5468, 82020420, 82021587, 420, 1587
2, 5469, 82035420, 82036541, 420, 1541
2, 547, 8205420, 8206518, 420, 1518
2, 5470, 82050420, 82051822, 420, 1822
2, 5471, 82065420, 82066518, 420, 1518
2, 5472, 82080420, 82082195, 420, 2195
2, 5473, 82095420, 82096518, 420, 1518
2, 5474, 82110420, 82113306, 420, 3306
2, 5475, 82125420, 82126587, 420, 1587
2, 5476, 82140420, 82141587, 420, 1587
2, 5477, 82155420, 82156518, 420, 1518
2, 5478, 82170420, 82171541, 420, 1541
2, 5479, 82185420, 82186587, 420, 1587
2, 548, 8220420, 8221587, 420, 1587
2, 5480, 82200420, 82202195, 420, 2195
2, 5481, 82215420, 82216587, 420, 1587
2, 5482, 82230420, 82231541, 420, 1541
2, 5483, 82245420, 82246541, 420, 1541
2, 5484, 82260420, 82261587, 420, 1587
2, 5485, 82275420, 82276541, 420, 1541
2, 5486, 82290420, 82291822, 420, 1822
2, 5487, 82305420, 82306541, 420, 1541
2, 5488, 82320420, 82323306, 420, 3306
2, 5489, 82335420, 82336518, 420, 1518
2, 549, 8235420, 8236518, 420, 1518
2, 5490, 82350420, 82351587, 420, 1587
2, 5491, 82365420, 82366541, 420, 1541
2, 5492, 82380420, 82381822, 420, 1822
2, 5493, 82395420, 82396541, 420, 1541
2, 5494, 82410420, 82411541, 420, 1541
2, 5495, 82425420, 82426587, 420, 1587
2, 5496, 82440420, 82441587, 420, 1587
2, 5497, 82455420, 82456541, 420, 1541
2, 5498, 82470420, 82471985, 420, 1985
2, 5499, 82485420, 82486587, 420, 1587
2, 55, 825420, 826541, 420, 1541
2, 550, 8250420, 8251822, 420, 1822
2, 5500, 82500420, 82502195, 420, 2195
2, 5501, 82515420, 82516518, 420, 1518
2, 5502, 82530420, 82532195, 420, 2195
2, 5503, 82545420, 82546587, 420, 1587
2, 5504, 82560420, 82562195, 420, 2195
2, 5505, 82575420, 82576541, 420, 1541
2, 5506, 82590420, 82591541, 420, 1541
2, 5507, 82605420, 82606587, 420, 1587
2, 5508, 82620420, 82621822, 420, 1822
2, 5509, 82635420, 82636587, 420, 1587
2, 551, 8265420, 8266587, 420, 1587
2, 5510, 82650420, 82651822, 420, 1822
2, 5511, 82665420, 82666518, 420, 1518
2, 5512, 82680420, 82681587, 420, 1587
2, 5513, 82695420, 82696518, 420, 1518
2, 5514, 82710420, 82711822, 420, 1822
2, 5515, 82725420, 82726725, 420, 1725
2, 5516, 82740420, 82744007, 420, 4007
2, 5517, 82755420, 82756518, 420, 1518
2, 5518, 82770420, 82771541, 420, 1541
2, 5519, 82785420, 82786518, 420, 1518
2, 552, 8280420, 8281587, 420, 1587
2, 5520, 82800420, 82804002, 420, 4002
2, 5521, 82815420, 82818537, 420, 3537
2, 5522, 82830420, 82831587, 420, 1587
2, 5523, 82845420, 82846541, 420, 1541
2, 5524, 82860420, 82861587, 420, 1587
2, 5525, 82875420, 82876587, 420, 1587
2, 5526, 82890420, 82891822, 420, 1822
2, 5527, 82905420, 82906541, 420, 1541
2, 5528, 82920420, 82921822, 420, 1822
2, 5529, 82935420, 82936518, 420, 1518
2, 553, 8295420, 8296541, 420, 1541
2, 5530, 82950420, 82954031, 420, 4031
2, 5531, 82965420, 82966587, 420, 1587
2, 5532, 82980420, 82981822, 420, 1822
2, 5533, 82995420, 82996518, 420, 1518
2, 5534, 83010420, 83011541, 420, 1541
2, 5535, 83025420, 83026725, 420, 1725
2, 5536, 83040420, 83041822, 420, 1822
2, 5537, 83055420, 83056725, 420, 1725
2, 5538, 83070420, 83071587, 420, 1587
2, 5539, 83085420, 83086541, 420, 1541
2, 554, 8310420, 8311541, 420, 1541
2, 5540, 83100420, 83101822, 420, 1822
2, 5541, 83115420, 83116518, 420, 1518
2, 5542, 83130420, 83131822, 420, 1822
2, 5543, 83145420, 83146541, 420, 1541
2, 5544, 83160420, 83164173, 420, 4173
2, 5545, 83175420, 83176541, 420, 1541
2, 5546, 83190420, 83191541, 420, 1541
2, 5547, 83205420, 83206541, 420, 1541
2, 5548, 83220420, 83221822, 420, 1822
2, 5549, 83235420, 83236725, 420, 1725
2, 555, 8325420, 8326587, 420, 1587
2, 5550, 83250420, 83251587, 420, 1587
2, 5551, 83265420, 83266541, 420, 1541
2, 5552, 83280420, 83281822, 420, 1822
2, 5553, 83295420, 83296518, 420, 1518
2, 5554, 83310420, 83311587, 420, 1587
2, 5555, 83325420, 83326587, 420, 1587
2, 5556, 83340420, 83341822, 420, 1822
2, 5557, 83355420, 83356518, 420, 1518
2, 5558, 83370420, 83372195, 420, 2195
2, 5559, 83385420, 83386541, 420, 1541
2, 556, 8340420, 8341822, 420, 1822
2, 5560, 83400420, 83402195, 420, 2195
2, 5561, 83415420, 83416541, 420, 1541
2, 5562, 83430420, 83431541, 420, 1541
2, 5563, 83445420, 83446725, 420, 1725
2, 5564, 83460420, 83461587, 420, 1587
2, 5565, 83475420, 83476725, 420, 1725
2, 5566, 83490420, 83491822, 420, 1822
2, 5567, 83505420, 83506541, 420, 1541
2, 5568, 83520420, 83521822, 420, 1822
2, 5569, 83535420, 83536518, 420, 1518
2, 557, 8355420, 8356541, 420, 1541
2, 5570, 83550420, 83551822, 420, 1822
2, 5571, 83565420, 83566541, 420, 1541
2, 5572, 83580420, 83583306, 420, 3306
2, 5573, 83595420, 83596518, 420, 1518
2, 5574, 83610420, 83611541, 420, 1541
2, 5575, 83625420, 83626541, 420, 1541
2, 5576, 83640420, 83641822, 420, 1822
2, 5577, 83655420, 83656686, 420, 1686
2, 5578, 83670420, 83671587, 420, 1587
2, 5579, 83685420, 83686587, 420, 1587
2, 558, 8370420, 8371587, 420, 1587
2, 5580, 83700420, 83701822, 420, 1822
2, 5581, 83715420, 83716518, 420, 1518
2, 5582, 83730420, 83731587, 420, 1587
2, 5583, 83745420, 83746541, 420, 1541
2, 5584, 83760420, 83762195, 420, 2195
2, 5585, 83775420, 83776541, 420, 1541
2, 5586, 83790420, 83792195, 420, 2195
2, 5587, 83805420, 83806518, 420, 1518
2, 5588, 83820420, 83821822, 420, 1822
2, 5589, 83835420, 83836541, 420, 1541
2, 559, 8385420, 8386518, 420, 1518
2, 5590, 83850420, 83851587, 420, 1587
2, 5591, 83865420, 83866587, 420, 1587
2, 5592, 83880420, 83881587, 420, 1587
2, 5593, 83895420, 83896587, 420, 1587
2, 5594, 83910420, 83911587, 420, 1587
2, 5595, 83925420, 83926725, 420, 1725
2, 5596, 83940420, 83941587, 420, 1587
2, 5597, 83955420, 83956518, 420, 1518
2, 5598, 83970420, 83971587, 420, 1587
2, 5599, 83985420, 83986541, 420, 1541
2, 56, 840420, 844007, 420, 4007
2, 560, 8400420, 8403306, 420, 3306
2, 5600, 84000420, 84005272, 420, 5272
2, 5601, 84015420, 84016518, 420, 1518
2, 5602, 84030420, 84031541, 420, 1541
2, 5603, 84045420, 84046518, 420, 1518
2, 5604, 84060420, 84061587, 420, 1587
2, 5605, 84075420, 84081883, 420, 6883
2, 5606, 84090420, 84091824, 420, 1824
2, 5607, 84105420, 84106587, 420, 1587
2, 5608, 84120420, 84121587, 420, 1587
2, 5609, 84135420, 84136518, 420, 1518
2, 561, 8415420, 8416541, 420, 1541
2, 5610, 84150420, 84151822, 420, 1822
2, 5611, 84165420, 84168807, 420, 3807
2, 5612, 84180420, 84182195, 420, 2195
2, 5613, 84195420, 84196518, 420, 1518
2, 5614, 84210420, 84212195, 420, 2195
2, 5615, 84225420, 84226541, 420, 1541
2, 5616, 84240420, 84242195, 420, 2195
2, 5617, 84255420, 84256587, 420, 1587
2, 5618, 84270420, 84271587, 420, 1587
2, 5619, 84285420, 84286587, 420, 1587
2, 562, 8430420, 8431587, 420, 1587
2, 5620, 84300420, 84301822, 420, 1822
2, 5621, 84315420, 84316541, 420, 1541
2, 5622, 84330420, 84331587, 420, 1587
2, 5623, 84345420, 84346541, 420, 1541
2, 5624, 84360420, 84361587, 420, 1587
2, 5625, 84375420, 84376541, 420, 1541
2, 5626, 84390420, 84391587, 420, 1587
2, 5627, 84405420, 84406587, 420, 1587
2, 5628, 84420420, 84423306, 420, 3306
2, 5629, 84435420, 84436541, 420, 1541
2, 563, 8445420, 8446541, 420, 1541
2, 5630, 84450420, 84451587, 420, 1587
2, 5631, 84465420, 84466518, 420, 1518
2, 5632, 84480420, 84481822, 420, 1822
2, 5633, 84495420, 84496541, 420, 1541
2, 5634, 84510420, 84511587, 420, 1587
2, 5635, 84525420, 84526587, 420, 1587
2, 5636, 84540420, 84541587, 420, 1587
2, 5637, 84555420, 84556518, 420, 1518
2, 5638, 84570420, 84571541, 420, 1541
2, 5639, 84585420, 84587463, 420, 2463
2, 564, 8460420, 8461587, 420, 1587
2, 5640, 84600420, 84603841, 420, 3841
2, 5641, 84615420, 84616518, 420, 1518
2, 5642, 84630420, 84632195, 420, 2195
2, 5643, 84645420, 84646541, 420, 1541
2, 5644, 84660420, 84661822, 420, 1822
2, 5645, 84675420, 84676587, 420, 1587
2, 5646, 84690420, 84691587, 420, 1587
2, 5647, 84705420, 84706587, 420, 1587
2, 5648, 84720420, 84721822, 420, 1822
2, 5649, 84735420, 84736541, 420, 1541
2, 565, 8475420, 8476725, 420, 1725
2, 5650, 84750420, 84751822, 420, 1822
2, 5651, 84765420, 84766541, 420, 1541
2, 5652, 84780420, 84781587, 420, 1587
2, 5653, 84795420, 84796518, 420, 1518
2, 5654, 84810420, 84811587, 420, 1587
2, 5655, 84825420, 84826541, 420, 1541
2, 5656, 84840420, 84843306, 420, 3306
2, 5657, 84855420, 84856541, 420, 1541
2, 5658, 84870420, 84871541, 420, 1541
2, 5659, 84885420, 84886541, 420, 1541
2, 566, 8490420, 8491541, 420, 1541
2, 5660, 84900420, 84901822, 420, 1822
2, 5661, 84915420, 84916725, 420, 1725
2, 5662, 84930420, 84931587, 420, 1587
2, 5663, 84945420, 84946587, 420, 1587
2, 5664, 84960420, 84961822, 420, 1822
2, 5665, 84975420, 84976541, 420, 1541
2, 5666, 84990420, 84991541, 420, 1541
2, 5667, 85005420, 85006541, 420, 1541
2, 5668, 85020420, 85022195, 420, 2195
2, 5669, 85035420, 85036518, 420, 1518
2, 567, 8505420, 8506587, 420, 1587
2, 5670, 85050420, 85054031, 420, 4031
2, 5671, 85065420, 85066518, 420, 1518
2, 5672, 85080420, 85081587, 420, 1587
2, 5673, 85095420, 85096541, 420, 1541
2, 5674, 85110420, 85111587, 420, 1587
2, 5675, 85125420, 85127827, 420, 2827
2, 5676, 85140420, 85141587, 420, 1587
2, 5677, 85155420, 85156541, 420, 1541
2, 5678, 85170420, 85171587, 420, 1587
2, 5679, 85185420, 85186541, 420, 1541
2, 568, 8520420, 8521822, 420, 1822
2, 5680, 85200420, 85204002, 420, 4002
2, 5681, 85215420, 85216518, 420, 1518
2, 5682, 85230420, 85231587, 420, 1587
2, 5683, 85245420, 85246518, 420, 1518
2, 5684, 85260420, 85263306, 420, 3306
2, 5685, 85275420, 85276587, 420, 1587
2, 5686, 85290420, 85291587, 420, 1587
2, 5687, 85305420, 85306518, 420, 1518
2, 5688, 85320420, 85321587, 420, 1587
2, 5689, 85335420, 85336587, 420, 1587
2, 569, 8535420, 8536541, 420, 1541
2, 5690, 85350420, 85351822, 420, 1822
2, 5691, 85365420, 85366725, 420, 1725
2, 5692, 85380420, 85381587, 420, 1587
2, 5693, 85395420, 85396518, 420, 1518
2, 5694, 85410420, 85411541, 420, 1541
2, 5695, 85425420, 85426587, 420, 1587
2, 5696, 85440420, 85443955, 420, 3955
2, 5697, 85455420, 85456541, 420, 1541
2, 5698, 85470420, 85472195, 420, 2195
2, 5699, 85485420, 85486518, 420, 1518
2, 57, 855420, 856541, 420, 1541
2, 570, 8550420, 8551587, 420, 1587
2, 5700, 85500420, 85501822, 420, 1822
2, 5701, 85515420, 85516541, 420, 1541
2, 5702, 85530420, 85531822, 420, 1822
2, 5703, 85545420, 85546587, 420, 1587
2, 5704, 85560420, 85561587, 420, 1587
2, 5705, 85575420, 85576587, 420, 1587
2, 5706, 85590420, 85591541, 420, 1541
2, 5707, 85605420, 85612256, 420, 7256
2, 5708, 85620420, 85621822, 420, 1822
2, 5709, 85635420, 85636541, 420, 1541
2, 571, 8565420, 8566541, 420, 1541
2, 5710, 85650420, 85651822, 420, 1822
2, 5711, 85665420, 85666518, 420, 1518
2, 5712, 85680420, 85685272, 420, 5272
2, 5713, 85695420, 85696541, 420, 1541
2, 5714, 85710420, 85711587, 420, 1587
2, 5715, 85725420, 85726541, 420, 1541
2, 5716, 85740420, 85741587, 420, 1587
2, 5717, 85755420, 85756587, 420, 1587
2, 5718, 85770420, 85771587, 420, 1587
2, 5719, 85785420, 85786587, 420, 1587
2, 572, 8580420, 8581822, 420, 1822
2, 5720, 85800420, 85801822, 420, 1822
2, 5721, 85815420, 85816518, 420, 1518
2, 5722, 85830420, 85831541, 420, 1541
2, 5723, 85845420, 85846541, 420, 1541
2, 5724, 85860420, 85862195, 420, 2195
2, 5725, 85875420, 85876587, 420, 1587
2, 5726, 85890420, 85892195, 420, 2195
2, 5727, 85905420, 85906518, 420, 1518
2, 5728, 85920420, 85921822, 420, 1822
2, 5729, 85935420, 85936541, 420, 1541
2, 573, 8595420, 8596541, 420, 1541
2, 5730, 85950420, 85951822, 420, 1822
2, 5731, 85965420, 85966587, 420, 1587
2, 5732, 85980420, 85981587, 420, 1587
2, 5733, 85995420, 85996541, 420, 1541
2, 5734, 86010420, 86011541, 420, 1541
2, 5735, 86025420, 86026587, 420, 1587
2, 5736, 86040420, 86041822, 420, 1822
2, 5737, 86055420, 86056541, 420, 1541
2, 5738, 86070420, 86071587, 420, 1587
2, 5739, 86085420, 86086541, 420, 1541
2, 574, 8610420, 8613306, 420, 3306
2, 5740, 86100420, 86104031, 420, 4031
2, 5741, 86115420, 86116541, 420, 1541
2, 5742, 86130420, 86131587, 420, 1587
2, 5743, 86145420, 86146518, 420, 1518
2, 5744, 86160420, 86161822, 420, 1822
2, 5745, 86175420, 86176725, 420, 1725
2, 5746, 86190420, 86191587, 420, 1587
2, 5747, 86205420, 86206966, 420, 1966
2, 5748, 86220420, 86221822, 420, 1822
2, 5749, 86235420, 86236518, 420, 1518
2, 575, 8625420, 8626541, 420, 1541
2, 5750, 86250420, 86251587, 420, 1587
2, 5751, 86265420, 86266518, 420, 1518
2, 5752, 86280420, 86282195, 420, 2195
2, 5753, 86295420, 86296541, 420, 1541
2, 5754, 86310420, 86312195, 420, 2195
2, 5755, 86325420, 86326587, 420, 1587
2, 5756, 86340420, 86341587, 420, 1587
2, 5757, 86355420, 86356518, 420, 1518
2, 5758, 86370420, 86371587, 420, 1587
2, 5759, 86385420, 86386587, 420, 1587
2, 576, 8640420, 8641822, 420, 1822
2, 5760, 86400420, 86402195, 420, 2195
2, 5761, 86415420, 86416541, 420, 1541
2, 5762, 86430420, 86431541, 420, 1541
2, 5763, 86445420, 86446541, 420, 1541
2, 5764, 86460420, 86461822, 420, 1822
2, 5765, 86475420, 86476587, 420, 1587
2, 5766, 86490420, 86491587, 420, 1587
2, 5767, 86505420, 86506518, 420, 1518
2, 5768, 86520420, 86524007, 420, 4007
2, 5769, 86535420, 86536541, 420, 1541
2, 577, 8655420, 8656518, 420, 1518
2, 5770, 86550420, 86551822, 420, 1822
2, 5771, 86565420, 86566541, 420, 1541
2, 5772, 86580420, 86581587, 420, 1587
2, 5773, 86595420, 86596587, 420, 1587
2, 5774, 86610420, 86611541, 420, 1541
2, 5775, 86625420, 86626725, 420, 1725
2, 5776, 86640420, 86642195, 420, 2195
2, 5777, 86655420, 86656518, 420, 1518
2, 5778, 86670420, 86671541, 420, 1541
2, 5779, 86685420, 86686518, 420, 1518
2, 578, 8670420, 8671587, 420, 1587
2, 5780, 86700420, 86703841, 420, 3841
2, 5781, 86715420, 86716541, 420, 1541
2, 5782, 86730420, 86733881, 420, 3881
2, 5783, 86745420, 86746518, 420, 1518
2, 5784, 86760420, 86761587, 420, 1587
2, 5785, 86775420, 86776541, 420, 1541
2, 5786, 86790420, 86791587, 420, 1587
2, 5787, 86805420, 86812124, 420, 7124
2, 5788, 86820420, 86821822, 420, 1822
2, 5789, 86835420, 86836541, 420, 1541
2, 579, 8685420, 8690249, 420, 5249
2, 5790, 86850420, 86851587, 420, 1587
2, 5791, 86865420, 86866518, 420, 1518
2, 5792, 86880420, 86882195, 420, 2195
2, 5793, 86895420, 86896541, 420, 1541
2, 5794, 86910420, 86911587, 420, 1587
2, 5795, 86925420, 86926541, 420, 1541
2, 5796, 86940420, 86944007, 420, 4007
2, 5797, 86955420, 86956541, 420, 1541
2, 5798, 86970420, 86971800, 420, 1800
2, 5799, 86985420, 86986541, 420, 1541
2, 58, 870420, 871587, 420, 1587
2, 580, 8700420, 8702195, 420, 2195
2, 5800, 87000420, 87001822, 420, 1822
2, 5801, 87015420, 87016587, 420, 1587
2, 5802, 87030420, 87031541, 420, 1541
2, 5803, 87045420, 87046725, 420, 1725
2, 5804, 87060420, 87061822, 420, 1822
2, 5805, 87075420, 87076587, 420, 1587
2, 5806, 87090420, 87091541, 420, 1541
2, 5807, 87105420, 87106518, 420, 1518
2, 5808, 87120420, 87122195, 420, 2195
2, 5809, 87135420, 87136541, 420, 1541
2, 581, 8715420, 8716541, 420, 1541
2, 5810, 87150420, 87153306, 420, 3306
2, 5811, 87165420, 87166518, 420, 1518
2, 5812, 87180420, 87181587, 420, 1587
2, 5813, 87195420, 87196518, 420, 1518
2, 5814, 87210420, 87211587, 420, 1587
2, 5815, 87225420, 87230327, 420, 5327
2, 5816, 87240420, 87241822, 420, 1822
2, 5817, 87255420, 87256541, 420, 1541
2, 5818, 87270420, 87271541, 420, 1541
2, 5819, 87285420, 87286541, 420, 1541
2, 582, 8730420, 8731541, 420, 1541
2, 5820, 87300420, 87302195, 420, 2195
2, 5821, 87315420, 87316541, 420, 1541
2, 5822, 87330420, 87331587, 420, 1587
2, 5823, 87345420, 87346518, 420, 1518
2, 5824, 87360420, 87363306, 420, 3306
2, 5825, 87375420, 87376541, 420, 1541
2, 5826, 87390420, 87391587, 420, 1587
2, 5827, 87405420, 87406541, 420, 1541
2, 5828, 87420420, 87421587, 420, 1587
2, 5829, 87435420, 87436587, 420, 1587
2, 583, 8745420, 8746518, 420, 1518
2, 5830, 87450420, 87451587, 420, 1587
2, 5831, 87465420, 87466587, 420, 1587
2, 5832, 87480420, 87481822, 420, 1822
2, 5833, 87495420, 87496541, 420, 1541
2, 5834, 87510420, 87511541, 420, 1541
2, 5835, 87525420, 87526587, 420, 1587
2, 5836, 87540420, 87541822, 420, 1822
2, 5837, 87555420, 87556541, 420, 1541
2, 5838, 87570420, 87573306, 420, 3306
2, 5839, 87585420, 87586518, 420, 1518
2, 584, 8760420, 8761822, 420, 1822
2, 5840, 87600420, 87602195, 420, 2195
2, 5841, 87615420, 87616518, 420, 1518
2, 5842, 87630420, 87631541, 420, 1541
2, 5843, 87645420, 87651883, 420, 6883
2, 5844, 87660420, 87661822, 420, 1822
2, 5845, 87675420, 87676587, 420, 1587
2, 5846, 87690420, 87691541, 420, 1541
2, 5847, 87705420, 87706518, 420, 1518
2, 5848, 87720420, 87721822, 420, 1822
2, 5849, 87735420, 87736541, 420, 1541
2, 585, 8775420, 8776587, 420, 1587
2, 5850, 87750420, 87752195, 420, 2195
2, 5851, 87765420, 87766541, 420, 1541
2, 5852, 87780420, 87784007, 420, 4007
2, 5853, 87795420, 87796518, 420, 1518
2, 5854, 87810420, 87811587, 420, 1587
2, 5855, 87825420, 87826587, 420, 1587
2, 5856, 87840420, 87841822, 420, 1822
2, 5857, 87855420, 87856587, 420, 1587
2, 5858, 87870420, 87871541, 420, 1541
2, 5859, 87885420, 87886541, 420, 1541
2, 586, 8790420, 8791587, 420, 1587
2, 5860, 87900420, 87902195, 420, 2195
2, 5861, 87915420, 87916541, 420, 1541
2, 5862, 87930420, 87931541, 420, 1541
2, 5863, 87945420, 87946518, 420, 1518
2, 5864, 87960420, 87961822, 420, 1822
2, 5865, 87975420, 87976587, 420, 1587
2, 5866, 87990420, 87993306, 420, 3306
2, 5867, 88005420, 88006839, 420, 1839
2, 5868, 88020420, 88021822, 420, 1822
2, 5869, 88035420, 88036518, 420, 1518
2, 587, 8805420, 8806541, 420, 1541
2, 5870, 88050420, 88051587, 420, 1587
2, 5871, 88065420, 88066541, 420, 1541
2, 5872, 88080420, 88082195, 420, 2195
2, 5873, 88095420, 88096541, 420, 1541
2, 5874, 88110420, 88111541, 420, 1541
2, 5875, 88125420, 88126541, 420, 1541
2, 5876, 88140420, 88141587, 420, 1587
2, 5877, 88155420, 88156541, 420, 1541
2, 5878, 88170420, 88171946, 420, 1946
2, 5879, 88185420, 88186518, 420, 1518
2, 588, 8820420, 8824007, 420, 4007
2, 5880, 88200420, 88204031, 420, 4031
2, 5881, 88215420, 88216518, 420, 1518
2, 5882, 88230420, 88231587, 420, 1587
2, 5883, 88245420, 88250476, 420, 5476
2, 5884, 88260420, 88261822, 420, 1822
2, 5885, 88275420, 88276725, 420, 1725
2, 5886, 88290420, 88291541, 420, 1541
2, 5887, 88305420, 88306541, 420, 1541
2, 5888, 88320420, 88322195, 420, 2195
2, 5889, 88335420, 88336541, 420, 1541
2, 589, 8835420, 8836518, 420, 1518
2, 5890, 88350420, 88351822, 420, 1822
2, 5891, 88365420, 88366518, 420, 1518
2, 5892, 88380420, 88381822, 420, 1822
2, 5893, 88395420, 88396518, 420, 1518
2, 5894, 88410420, 88413306, 420, 3306
2, 5895, 88425420, 88426587, 420, 1587
2, 5896, 88440420, 88441587, 420, 1587
2, 5897, 88455420, 88456518, 420, 1518
2, 5898, 88470420, 88471541, 420, 1541
2, 5899, 88485420, 88488193, 420, 3193
2, 59, 885420, 886541, 420, 1541
2, 590, 8850420, 8851822, 420, 1822
2, 5900, 88500420, 88502195, 420, 2195
2, 5901, 88515420, 88516587, 420, 1587
2, 5902, 88530420, 88531541, 420, 1541
2, 5903, 88545420, 88546518, 420, 1518
2, 5904, 88560420, 88561822, 420, 1822
2, 5905, 88575420, 88576587, 420, 1587
2, 5906, 88590420, 88591822, 420, 1822
2, 5907, 88605420, 88606541, 420, 1541
2, 5908, 88620420, 88624007, 420, 4007
2, 5909, 88635420, 88636518, 420, 1518
2, 591, 8865420, 8866541, 420, 1541
2, 5910, 88650420, 88651587, 420, 1587
2, 5911, 88665420, 88666720, 420, 1720
2, 5912, 88680420, 88681822, 420, 1822
2, 5913, 88695420, 88696587, 420, 1587
2, 5914, 88710420, 88711541, 420, 1541
2, 5915, 88725420, 88726725, 420, 1725
2, 5916, 88740420, 88741822, 420, 1822
2, 5917, 88755420, 88756541, 420, 1541
2, 5918, 88770420, 88771587, 420, 1587
2, 5919, 88785420, 88786518, 420, 1518
2, 592, 8880420, 8881822, 420, 1822
2, 5920, 88800420, 88803841, 420, 3841
2, 5921, 88815420, 88816518, 420, 1518
2, 5922, 88830420, 88833306, 420, 3306
2, 5923, 88845420, 88846633, 420, 1633
2, 5924, 88860420, 88861822, 420, 1822
2, 5925, 88875420, 88876541, 420, 1541
2, 5926, 88890420, 88891541, 420, 1541
2, 5927, 88905420, 88906587, 420, 1587
2, 5928, 88920420, 88921822, 420, 1822
2, 5929, 88935420, 88936587, 420, 1587
2, 593, 8895420, 8896587, 420, 1587
2, 5930, 88950420, 88951587, 420, 1587
2, 5931, 88965420, 88966541, 420, 1541
2, 5932, 88980420, 88981587, 420, 1587
2, 5933, 88995420, 88996541, 420, 1541
2, 5934, 89010420, 89011822, 420, 1822
2, 5935, 89025420, 89026587, 420, 1587
2, 5936, 89040420, 89043306, 420, 3306
2, 5937, 89055420, 89056518, 420, 1518
2, 5938, 89070420, 89071541, 420, 1541
2, 5939, 89085420, 89086541, 420, 1541
2, 594, 8910420, 8911541, 420, 1541
2, 5940, 89100420, 89102195, 420, 2195
2, 5941, 89115420, 89116587, 420, 1587
2, 5942, 89130420, 89131541, 420, 1541
2, 5943, 89145420, 89146541, 420, 1541
2, 5944, 89160420, 89161587, 420, 1587
2, 5945, 89175420, 89176587, 420, 1587
2, 5946, 89190420, 89191715, 420, 1715
2, 5947, 89205420, 89206541, 420, 1541
2, 5948, 89220420, 89221822, 420, 1822
2, 5949, 89235420, 89236518, 420, 1518
2, 595, 8925420, 8926725, 420, 1725
2, 5950, 89250420, 89253306, 420, 3306
2, 5951, 89265420, 89266541, 420, 1541
2, 5952, 89280420, 89281822, 420, 1822
2, 5953, 89295420, 89296518, 420, 1518
2, 5954, 89310420, 89311541, 420, 1541
2, 5955, 89325420, 89326725, 420, 1725
2, 5956, 89340420, 89341822, 420, 1822
2, 5957, 89355420, 89356587, 420, 1587
2, 5958, 89370420, 89371541, 420, 1541
2, 5959, 89385420, 89386518, 420, 1518
2, 596, 8940420, 8941822, 420, 1822
2, 5960, 89400420, 89401822, 420, 1822
2, 5961, 89415420, 89416518, 420, 1518
2, 5962, 89430420, 89433327, 420, 3327
2, 5963, 89445420, 89446587, 420, 1587
2, 5964, 89460420, 89464007, 420, 4007
2, 5965, 89475420, 89476541, 420, 1541
2, 5966, 89490420, 89491541, 420, 1541
2, 5967, 89505420, 89506541, 420, 1541
2, 5968, 89520420, 89522195, 420, 2195
2, 5969, 89535420, 89536587, 420, 1587
2, 597, 8955420, 8956541, 420, 1541
2, 5970, 89550420, 89551587, 420, 1587
2, 5971, 89565420, 89566541, 420, 1541
2, 5972, 89580420, 89581587, 420, 1587
2, 5973, 89595420, 89596541, 420, 1541
2, 5974, 89610420, 89612471, 420, 2471
2, 5975, 89625420, 89626587, 420, 1587
2, 5976, 89640420, 89641822, 420, 1822
2, 5977, 89655420, 89656518, 420, 1518
2, 5978, 89670420, 89672195, 420, 2195
2, 5979, 89685420, 89688164, 420, 3164
2, 598, 8970420, 8971541, 420, 1541
2, 5980, 89700420, 89702195, 420, 2195
2, 5981, 89715420, 89716518, 420, 1518
2, 5982, 89730420, 89731541, 420, 1541
2, 5983, 89745420, 89746587, 420, 1587
2, 5984, 89760420, 89762195, 420, 2195
2, 5985, 89775420, 89776725, 420, 1725
2, 5986, 89790420, 89791587, 420, 1587
2, 5987, 89805420, 89806518, 420, 1518
2, 5988, 89820420, 89821587, 420, 1587
2, 5989, 89835420, 89836518, 420, 1518
2, 599, 8985420, 8986518, 420, 1518
2, 5990, 89850420, 89852195, 420, 2195
2, 5991, 89865420, 89866541, 420, 1541
2, 5992, 89880420, 89884007, 420, 4007
2, 5993, 89895420, 89896518, 420, 1518
2, 5994, 89910420, 89911541, 420, 1541
2, 5995, 89925420, 89926587, 420, 1587
2, 5996, 89940420, 89941822, 420, 1822
2, 5997, 89955420, 89956587, 420, 1587
2, 5998, 89970420, 89971541, 420, 1541
2, 5999, 89985420, 89986541, 420, 1541
2, 6, 90420, 91587, 420, 1587
2, 60, 900420, 901822, 420, 1822
2, 600, 9000420, 9002195, 420, 2195
2, 6000, 90000420, 90002195, 420, 2195
2, 6001, 90015420, 90016541, 420, 1541
2, 6002, 90030420, 90031587, 420, 1587
2, 6003, 90045420, 90046541, 420, 1541
2, 6004, 90060420, 90061822, 420, 1822
2, 6005, 90075420, 90076541, 420, 1541
2, 6006, 90090420, 90092195, 420, 2195
2, 6007, 90105420, 90106541, 420, 1541
2, 6008, 90120420, 90121822, 420, 1822
2, 6009, 90135420, 90136518, 420, 1518
2, 601, 9015420, 9016541, 420, 1541
2, 6010, 90150420, 90151587, 420, 1587
2, 6011, 90165420, 90166725, 420, 1725
2, 6012, 90180420, 90181587, 420, 1587
2, 6013, 90195420, 90196587, 420, 1587
2, 6014, 90210420, 90211587, 420, 1587
2, 6015, 90225420, 90226541, 420, 1541
2, 6016, 90240420, 90241822, 420, 1822
2, 6017, 90255420, 90256518, 420, 1518
2, 6018, 90270420, 90271822, 420, 1822
2, 6019, 90285420, 90286541, 420, 1541
2, 602, 9030420, 9033306, 420, 3306
2, 6020, 90300420, 90303306, 420, 3306
2, 6021, 90315420, 90316518, 420, 1518
2, 6022, 90330420, 90331541, 420, 1541
2, 6023, 90345420, 90346518, 420, 1518
2, 6024, 90360420, 90361822, 420, 1822
2, 6025, 90375420, 90376725, 420, 1725
2, 6026, 90390420, 90391587, 420, 1587
2, 6027, 90405420, 90406587, 420, 1587
2, 6028, 90420420, 90421587, 420, 1587
2, 6029, 90435420, 90436518, 420, 1518
2, 603, 9045420, 9046541, 420, 1541
2, 6030, 90450420, 90451822, 420, 1822
2, 6031, 90465420, 90466541, 420, 1541
2, 6032, 90480420, 90482195, 420, 2195
2, 6033, 90495420, 90496518, 420, 1518
2, 6034, 90510420, 90512195, 420, 2195
2, 6035, 90525420, 90526587, 420, 1587
2, 6036, 90540420, 90541822, 420, 1822
2, 6037, 90555420, 90556541, 420, 1541
2, 6038, 90570420, 90571541, 420, 1541
2, 6039, 90585420, 90586587, 420, 1587
2, 604, 9060420, 9061587, 420, 1587
2, 6040, 90600420, 90601822, 420, 1822
2, 6041, 90615420, 90616587, 420, 1587
2, 6042, 90630420, 90631587, 420, 1587
2, 6043, 90645420, 90646587, 420, 1587
2, 6044, 90660420, 90661587, 420, 1587
2, 6045, 90675420, 90676541, 420, 1541
2, 6046, 90690420, 90691587, 420, 1587
2, 6047, 90705420, 90706541, 420, 1541
2, 6048, 90720420, 90725272, 420, 5272
2, 6049, 90735420, 90736518, 420, 1518
2, 605, 9075420, 9076541, 420, 1541
2, 6050, 90750420, 90751587, 420, 1587
2, 6051, 90765420, 90766518, 420, 1518
2, 6052, 90780420, 90781822, 420, 1822
2, 6053, 90795420, 90796686, 420, 1686
2, 6054, 90810420, 90811587, 420, 1587
2, 6055, 90825420, 90826587, 420, 1587
2, 6056, 90840420, 90841587, 420, 1587
2, 6057, 90855420, 90856518, 420, 1518
2, 6058, 90870420, 90871587, 420, 1587
2, 6059, 90885420, 90888012, 420, 3012
2, 606, 9090420, 9091541, 420, 1541
2, 6060, 90900420, 90903841, 420, 3841
2, 6061, 90915420, 90916518, 420, 1518
2, 6062, 90930420, 90932195, 420, 2195
2, 6063, 90945420, 90946518, 420, 1518
2, 6064, 90960420, 90962195, 420, 2195
2, 6065, 90975420, 90976587, 420, 1587
2, 6066, 90990420, 90991541, 420, 1541
2, 6067, 91005420, 91006587, 420, 1587
2, 6068, 91020420, 91021587, 420, 1587
2, 6069, 91035420, 91036587, 420, 1587
2, 607, 9105420, 9107836, 420, 2836
2, 6070, 91050420, 91053342, 420, 3342
2, 6071, 91065420, 91066541, 420, 1541
2, 6072, 91080420, 91081587, 420, 1587
2, 6073, 91095420, 91096518, 420, 1518
2, 6074, 91110420, 91111587, 420, 1587
2, 6075, 91125420, 91126725, 420, 1725
2, 6076, 91140420, 91143306, 420, 3306
2, 6077, 91155420, 91156518, 420, 1518
2, 6078, 91170420, 91171541, 420, 1541
2, 6079, 91185420, 91186518, 420, 1518
2, 608, 9120420, 9122195, 420, 2195
2, 6080, 91200420, 91202195, 420, 2195
2, 6081, 91215420, 91216725, 420, 1725
2, 6082, 91230420, 91231587, 420, 1587
2, 6083, 91245420, 91246541, 420, 1541
2, 6084, 91260420, 91261587, 420, 1587
2, 6085, 91275420, 91276541, 420, 1541
2, 6086, 91290420, 91291587, 420, 1587
2, 6087, 91305420, 91306708, 420, 1708
2, 6088, 91320420, 91322195, 420, 2195
2, 6089, 91335420, 91336518, 420, 1518
2, 609, 9135420, 9136541, 420, 1541
2, 6090, 91350420, 91354031, 420, 4031
2, 6091, 91365420, 91366541, 420, 1541
2, 6092, 91380420, 91381822, 420, 1822
2, 6093, 91395420, 91396541, 420, 1541
2, 6094, 91410420, 91411541, 420, 1541
2, 6095, 91425420, 91426725, 420, 1725
2, 6096, 91440420, 91441822, 420, 1822
2, 6097, 91455420, 91456541, 420, 1541
2, 6098, 91470420, 91471587, 420, 1587
2, 6099, 91485420, 91486541, 420, 1541
2, 61, 915420, 916587, 420, 1587
2, 610, 9150420, 9151587, 420, 1587
2, 6100, 91500420, 91501822, 420, 1822
2, 6101, 91515420, 91516518, 420, 1518
2, 6102, 91530420, 91531587, 420, 1587
2, 6103, 91545420, 91546541, 420, 1541
2, 6104, 91560420, 91563306, 420, 3306
2, 6105, 91575420, 91576587, 420, 1587
2, 6106, 91590420, 91591541, 420, 1541
2, 6107, 91605420, 91606541, 420, 1541
2, 6108, 91620420, 91621587, 420, 1587
2, 6109, 91635420, 91636541, 420, 1541
2, 611, 9165420, 9166518, 420, 1518
2, 6110, 91650420, 91651822, 420, 1822
2, 6111, 91665420, 91666541, 420, 1541
2, 6112, 91680420, 91681822, 420, 1822
2, 6113, 91695420, 91696518, 420, 1518
2, 6114, 91710420, 91711541, 420, 1541
2, 6115, 91725420, 91726587, 420, 1587
2, 6116, 91740420, 91742195, 420, 2195
2, 6117, 91755420, 91756518, 420, 1518
2, 6118, 91770420, 91772195, 420, 2195
2, 6119, 91785420, 91786518, 420, 1518
2, 612, 9180420, 9181822, 420, 1822
2, 6120, 91800420, 91802195, 420, 2195
2, 6121, 91815420, 91816541, 420, 1541
2, 6122, 91830420, 91831587, 420, 1587
2, 6123, 91845420, 91846725, 420, 1725
2, 6124, 91860420, 91861587, 420, 1587
2, 6125, 91875420, 91876587, 420, 1587
2, 6126, 91890420, 91891587, 420, 1587
2, 6127, 91905420, 91906541, 420, 1541
2, 6128, 91920420, 91921822, 420, 1822
2, 6129, 91935420, 91936518, 420, 1518
2, 613, 9195420, 9196541, 420, 1541
2, 6130, 91950420, 91951822, 420, 1822
2, 6131, 91965420, 91966518, 420, 1518
2, 6132, 91980420, 91983306, 420, 3306
2, 6133, 91995420, 91996541, 420, 1541
2, 6134, 92010420, 92011541, 420, 1541
2, 6135, 92025420, 92026541, 420, 1541
2, 6136, 92040420, 92041587, 420, 1587
2, 6137, 92055420, 92056725, 420, 1725
2, 6138, 92070420, 92071587, 420, 1587
2, 6139, 92085420, 92086725, 420, 1725
2, 614, 9210420, 9211822, 420, 1822
2, 6140, 92100420, 92101822, 420, 1822
2, 6141, 92115420, 92116518, 420, 1518
2, 6142, 92130420, 92131541, 420, 1541
2, 6143, 92145420, 92146541, 420, 1541
2, 6144, 92160420, 92163955, 420, 3955
2, 6145, 92175420, 92176541, 420, 1541
2, 6146, 92190420, 92192195, 420, 2195
2, 6147, 92205420, 92206518, 420, 1518
2, 6148, 92220420, 92221587, 420, 1587
2, 6149, 92235420, 92236541, 420, 1541
2, 615, 9225420, 9226541, 420, 1541
2, 6150, 92250420, 92251822, 420, 1822
2, 6151, 92265420, 92266587, 420, 1587
2, 6152, 92280420, 92281587, 420, 1587
2, 6153, 92295420, 92296541, 420, 1541
2, 6154, 92310420, 92311587, 420, 1587
2, 6155, 92325420, 92328807, 420, 3807
2, 6156, 92340420, 92341822, 420, 1822
2, 6157, 92355420, 92356518, 420, 1518
2, 6158, 92370420, 92371587, 420, 1587
2, 6159, 92385420, 92386518, 420, 1518
2, 616, 9240420, 9244007, 420, 4007
2, 6160, 92400420, 92405272, 420, 5272
2, 6161, 92415420, 92416541, 420, 1541
2, 6162, 92430420, 92431587, 420, 1587
2, 6163, 92445420, 92446518, 420, 1518
2, 6164, 92460420, 92461587, 420, 1587
2, 6165, 92475420, 92476725, 420, 1725
2, 6166, 92490420, 92491587, 420, 1587
2, 6167, 92505420, 92506587, 420, 1587
2, 6168, 92520420, 92521587, 420, 1587
2, 6169, 92535420, 92536518, 420, 1518
2, 617, 9255420, 9256518, 420, 1518
2, 6170, 92550420, 92551587, 420, 1587
2, 6171, 92565420, 92566587, 420, 1587
2, 6172, 92580420, 92582195, 420, 2195
2, 6173, 92595420, 92596541, 420, 1541
2, 6174, 92610420, 92612195, 420, 2195
2, 6175, 92625420, 92626541, 420, 1541
2, 6176, 92640420, 92641822, 420, 1822
2, 6177, 92655420, 92656541, 420, 1541
2, 6178, 92670420, 92671587, 420, 1587
2, 6179, 92685420, 92686587, 420, 1587
2, 618, 9270420, 9271587, 420, 1587
2, 6180, 92700420, 92701822, 420, 1822
2, 6181, 92715420, 92716541, 420, 1541
2, 6182, 92730420, 92731541, 420, 1541
2, 6183, 92745420, 92746541, 420, 1541
2, 6184, 92760420, 92762250, 420, 2250
2, 6185, 92775420, 92776541, 420, 1541
2, 6186, 92790420, 92791587, 420, 1587
2, 6187, 92805420, 92806541, 420, 1541
2, 6188, 92820420, 92823306, 420, 3306
2, 6189, 92835420, 92836541, 420, 1541
2, 619, 9285420, 9288857, 420, 3857
2, 6190, 92850420, 92851822, 420, 1822
2, 6191, 92865420, 92866518, 420, 1518
2, 6192, 92880420, 92881822, 420, 1822
2, 6193, 92895420, 92896587, 420, 1587
2, 6194, 92910420, 92911587, 420, 1587
2, 6195, 92925420, 92926725, 420, 1725
2, 6196, 92940420, 92941587, 420, 1587
2, 6197, 92955420, 92956518, 420, 1518
2, 6198, 92970420, 92971541, 420, 1541
2, 6199, 92985420, 92986518, 420, 1518
2, 62, 930420, 931541, 420, 1541
2, 620, 9300420, 9302195, 420, 2195
2, 6200, 93000420, 93003841, 420, 3841
2, 6201, 93015420, 93016541, 420, 1541
2, 6202, 93030420, 93032195, 420, 2195
2, 6203, 93045420, 93046541, 420, 1541
2, 6204, 93060420, 93061587, 420, 1587
2, 6205, 93075420, 93076587, 420, 1587
2, 6206, 93090420, 93091587, 420, 1587
2, 6207, 93105420, 93107836, 420, 2836
2, 6208, 93120420, 93121822, 420, 1822
2, 6209, 93135420, 93136541, 420, 1541
2, 621, 9315420, 9316587, 420, 1587
2, 6210, 93150420, 93151587, 420, 1587
2, 6211, 93165420, 93166541, 420, 1541
2, 6212, 93180420, 93182730, 420, 2730
2, 6213, 93195420, 93196541, 420, 1541
2, 6214, 93210420, 93211587, 420, 1587
2, 6215, 93225420, 93226541, 420, 1541
2, 6216, 93240420, 93244007, 420, 4007
2, 6217, 93255420, 93256572, 420, 1572
2, 6218, 93270420, 93271587, 420, 1587
2, 6219, 93285420, 93286541, 420, 1541
2, 622, 9330420, 9331541, 420, 1541
2, 6220, 93300420, 93301822, 420, 1822
2, 6221, 93315420, 93316587, 420, 1587
2, 6222, 93330420, 93331587, 420, 1587
2, 6223, 93345420, 93346587, 420, 1587
2, 6224, 93360420, 93362195, 420, 2195
2, 6225, 93375420, 93376541, 420, 1541
2, 6226, 93390420, 93391541, 420, 1541
2, 6227, 93405420, 93406518, 420, 1518
2, 6228, 93420420, 93422195, 420, 2195
2, 6229, 93435420, 93436541, 420, 1541
2, 623, 9345420, 9346541, 420, 1541
2, 6230, 93450420, 93454031, 420, 4031
2, 6231, 93465420, 93466518, 420, 1518
2, 6232, 93480420, 93481587, 420, 1587
2, 6233, 93495420, 93496518, 420, 1518
2, 6234, 93510420, 93511587, 420, 1587
2, 6235, 93525420, 93535930, 420, 10930
2, 6236, 93540420, 93541587, 420, 1587
2, 6237, 93555420, 93556541, 420, 1541
2, 6238, 93570420, 93571541, 420, 1541
2, 6239, 93585420, 93586541, 420, 1541
2, 624, 9360420, 9362195, 420, 2195
2, 6240, 93600420, 93604002, 420, 4002
2, 6241, 93615420, 93616541, 420, 1541
2, 6242, 93630420, 93631587, 420, 1587
2, 6243, 93645420, 93646518, 420, 1518
2, 6244, 93660420, 93664007, 420, 4007
2, 6245, 93675420, 93676587, 420, 1587
2, 6246, 93690420, 93691939, 420, 1939
2, 6247, 93705420, 93706541, 420, 1541
2, 6248, 93720420, 93721587, 420, 1587
2, 6249, 93735420, 93736587, 420, 1587
2, 625, 9375420, 9376587, 420, 1587
2, 6250, 93750420, 93751587, 420, 1587
2, 6251, 93765420, 93772254, 420, 7254
2, 6252, 93780420, 93781822, 420, 1822
2, 6253, 93795420, 93796518, 420, 1518
2, 6254, 93810420, 93811541, 420, 1541
2, 6255, 93825420, 93826541, 420, 1541
2, 6256, 93840420, 93843955, 420, 3955
2, 6257, 93855420, 93856541, 420, 1541
2, 6258, 93870420, 93873306, 420, 3306
2, 6259, 93885420, 93886518, 420, 1518
2, 626, 9390420, 9391541, 420, 1541
2, 6260, 93900420, 93901822, 420, 1822
2, 6261, 93915420, 93916518, 420, 1518
2, 6262, 93930420, 93931587, 420, 1587
2, 6263, 93945420, 93950036, 420, 5036
2, 6264, 93960420, 93961822, 420, 1822
2, 6265, 93975420, 93976587, 420, 1587
2, 6266, 93990420, 93991541, 420, 1541
2, 6267, 94005420, 94006541, 420, 1541
2, 6268, 94020420, 94021822, 420, 1822
2, 6269, 94035420, 94036541, 420, 1541
2, 627, 9405420, 9406518, 420, 1518
2, 6270, 94050420, 94051822, 420, 1822
2, 6271, 94065420, 94066518, 420, 1518
2, 6272, 94080420, 94083306, 420, 3306
2, 6273, 94095420, 94096541, 420, 1541
2, 6274, 94110420, 94111587, 420, 1587
2, 6275, 94125420, 94126587, 420, 1587
2, 6276, 94140420, 94141587, 420, 1587
2, 6277, 94155420, 94156587, 420, 1587
2, 6278, 94170420, 94171541, 420, 1541
2, 6279, 94185420, 94186587, 420, 1587
2, 628, 9420420, 9421822, 420, 1822
2, 6280, 94200420, 94202195, 420, 2195
2, 6281, 94215420, 94216541, 420, 1541
2, 6282, 94230420, 94231541, 420, 1541
2, 6283, 94245420, 94246541, 420, 1541
2, 6284, 94260420, 94261822, 420, 1822
2, 6285, 94275420, 94276587, 420, 1587
2, 6286, 94290420, 94293306, 420, 3306
2, 6287, 94305420, 94306518, 420, 1518
2, 6288, 94320420, 94321822, 420, 1822
2, 6289, 94335420, 94336518, 420, 1518
2, 629, 9435420, 9436541, 420, 1541
2, 6290, 94350420, 94351822, 420, 1822
2, 6291, 94365420, 94370327, 420, 5327
2, 6292, 94380420, 94381822, 420, 1822
2, 6293, 94395420, 94396541, 420, 1541
2, 6294, 94410420, 94411541, 420, 1541
2, 6295, 94425420, 94426541, 420, 1541
2, 6296, 94440420, 94441822, 420, 1822
2, 6297, 94455420, 94456541, 420, 1541
2, 6298, 94470420, 94471587, 420, 1587
2, 6299, 94485420, 94486541, 420, 1541
2, 63, 945420, 946587, 420, 1587
2, 630, 9450420, 9453306, 420, 3306
2, 6300, 94500420, 94504031, 420, 4031
2, 6301, 94515420, 94516518, 420, 1518
2, 6302, 94530420, 94531587, 420, 1587
2, 6303, 94545420, 94546541, 420, 1541
2, 6304, 94560420, 94561822, 420, 1822
2, 6305, 94575420, 94576725, 420, 1725
2, 6306, 94590420, 94591541, 420, 1541
2, 6307, 94605420, 94606587, 420, 1587
2, 6308, 94620420, 94621822, 420, 1822
2, 6309, 94635420, 94636541, 420, 1541
2, 631, 9465420, 9466541, 420, 1541
2, 6310, 94650420, 94651587, 420, 1587
2, 6311, 94665420, 94666518, 420, 1518
2, 6312, 94680420, 94681822, 420, 1822
2, 6313, 94695420, 94696541, 420, 1541
2, 6314, 94710420, 94713306, 420, 3306
2, 6315, 94725420, 94726703, 420, 1703
2, 6316, 94740420, 94741587, 420, 1587
2, 6317, 94755420, 94756518, 420, 1518
2, 6318, 94770420, 94771541, 420, 1541
2, 6319, 94785420, 94788725, 420, 3725
2, 632, 9480420, 9481587, 420, 1587
2, 6320, 94800420, 94804002, 420, 4002
2, 6321, 94815420, 94816541, 420, 1541
2, 6322, 94830420, 94831541, 420, 1541
2, 6323, 94845420, 94846518, 420, 1518
2, 6324, 94860420, 94861822, 420, 1822
2, 6325, 94875420, 94876587, 420, 1587
2, 6326, 94890420, 94891822, 420, 1822
2, 6327, 94905420, 94906518, 420, 1518
2, 6328, 94920420, 94924007, 420, 4007
2, 6329, 94935420, 94936518, 420, 1518
2, 633, 9495420, 9496518, 420, 1518
2, 6330, 94950420, 94951822, 420, 1822
2, 6331, 94965420, 94968888, 420, 3888
2, 6332, 94980420, 94981822, 420, 1822
2, 6333, 94995420, 94996587, 420, 1587
2, 6334, 95010420, 95011541, 420, 1541
2, 6335, 95025420, 95026587, 420, 1587
2, 6336, 95040420, 95042195, 420, 2195
2, 6337, 95055420, 95056541, 420, 1541
2, 6338, 95070420, 95071541, 420, 1541
2, 6339, 95085420, 95086518, 420, 1518
2, 634, 9510420, 9511541, 420, 1541
2, 6340, 95100420, 95102195, 420, 2195
2, 6341, 95115420, 95116541, 420, 1541
2, 6342, 95130420, 95133306, 420, 3306
2, 6343, 95145420, 95146541, 420, 1541
2, 6344, 95160420, 95161587, 420, 1587
2, 6345, 95175420, 95176541, 420, 1541
2, 6346, 95190420, 95191541, 420, 1541
2, 6347, 95205420, 95218460, 420, 13460
2, 6348, 95220420, 95221822, 420, 1822
2, 6349, 95235420, 95236587, 420, 1587
2, 635, 9525420, 9531624, 420, 6624
2, 6350, 95250420, 95251587, 420, 1587
2, 6351, 95265420, 95266518, 420, 1518
2, 6352, 95280420, 95281822, 420, 1822
2, 6353, 95295420, 95296541, 420, 1541
2, 6354, 95310420, 95311822, 420, 1822
2, 6355, 95325420, 95326541, 420, 1541
2, 6356, 95340420, 95344007, 420, 4007
2, 6357, 95355420, 95356518, 420, 1518
2, 6358, 95370420, 95371587, 420, 1587
2, 6359, 95385420, 95386541, 420, 1541
2, 636, 9540420, 9541822, 420, 1822
2, 6360, 95400420, 95402195, 420, 2195
2, 6361, 95415420, 95416587, 420, 1587
2, 6362, 95430420, 95431541, 420, 1541
2, 6363, 95445420, 95446587, 420, 1587
2, 6364, 95460420, 95461822, 420, 1822
2, 6365, 95475420, 95476587, 420, 1587
2, 6366, 95490420, 95491541, 420, 1541
2, 6367, 95505420, 95506518, 420, 1518
2, 6368, 95520420, 95522195, 420, 2195
2, 6369, 95535420, 95536518, 420, 1518
2, 637, 9555420, 9556587, 420, 1587
2, 6370, 95550420, 95553306, 420, 3306
2, 6371, 95565420, 95566541, 420, 1541
2, 6372, 95580420, 95581587, 420, 1587
2, 6373, 95595420, 95596518, 420, 1518
2, 6374, 95610420, 95611541, 420, 1541
2, 6375, 95625420, 95628359, 420, 3359
2, 6376, 95640420, 95641822, 420, 1822
2, 6377, 95655420, 95656587, 420, 1587
2, 6378, 95670420, 95671541, 420, 1541
2, 6379, 95685420, 95686541, 420, 1541
2, 638, 9570420, 9571541, 420, 1541
2, 6380, 95700420, 95701822, 420, 1822
2, 6381, 95715420, 95716541, 420, 1541
2, 6382, 95730420, 95731822, 420, 1822
2, 6383, 95745420, 95746541, 420, 1541
2, 6384, 95760420, 95763306, 420, 3306
2, 6385, 95775420, 95776541, 420, 1541
2, 6386, 95790420, 95791541, 420, 1541
2, 6387, 95805420, 95806640, 420, 1640
2, 6388, 95820420, 95821822, 420, 1822
2, 6389, 95835420, 95836587, 420, 1587
2, 639, 9585420, 9586518, 420, 1518
2, 6390, 95850420, 95851587, 420, 1587
2, 6391, 95865420, 95866541, 420, 1541
2, 6392, 95880420, 95881822, 420, 1822
2, 6393, 95895420, 95896541, 420, 1541
2, 6394, 95910420, 95911587, 420, 1587
2, 6395, 95925420, 95926587, 420, 1587
2, 6396, 95940420, 95941822, 420, 1822
2, 6397, 95955420, 95956518, 420, 1518
2, 6398, 95970420, 95973306, 420, 3306
2, 6399, 95985420, 95987212, 420, 2212
2, 64, 960420, 962195, 420, 2195
2, 640, 9600420, 9602195, 420, 2195
2, 6400, 96000420, 96004002, 420, 4002
2, 6401, 96015420, 96016518, 420, 1518
2, 6402, 96030420, 96031541, 420, 1541
2, 6403, 96045420, 96046587, 420, 1587
2, 6404, 96060420, 96061822, 420, 1822
2, 6405, 96075420, 96076725, 420, 1725
2, 6406, 96090420, 96091541, 420, 1541
2, 6407, 96105420, 96106518, 420, 1518
2, 6408, 96120420, 96121587, 420, 1587
2, 6409, 96135420, 96136541, 420, 1541
2, 641, 9615420, 9616541, 420, 1541
2, 6410, 96150420, 96152195, 420, 2195
2, 6411, 96165420, 96166587, 420, 1587
2, 6412, 96180420, 96184007, 420, 4007
2, 6413, 96195420, 96196518, 420, 1518
2, 6414, 96210420, 96211541, 420, 1541
2, 6415, 96225420, 96226587, 420, 1587
2, 6416, 96240420, 96242195, 420, 2195
2, 6417, 96255420, 96256614, 420, 1614
2, 6418, 96270420, 96271541, 420, 1541
2, 6419, 96285420, 96286541, 420, 1541
2, 642, 9630420, 9631822, 420, 1822
2, 6420, 96300420, 96301822, 420, 1822
2, 6421, 96315420, 96316541, 420, 1541
2, 6422, 96330420, 96332195, 420, 2195
2, 6423, 96345420, 96346518, 420, 1518
2, 6424, 96360420, 96361822, 420, 1822
2, 6425, 96375420, 96376541, 420, 1541
2, 6426, 96390420, 96393306, 420, 3306
2, 6427, 96405420, 96406587, 420, 1587
2, 6428, 96420420, 96421734, 420, 1734
2, 6429, 96435420, 96436518, 420, 1518
2, 643, 9645420, 9646518, 420, 1518
2, 6430, 96450420, 96451587, 420, 1587
2, 6431, 96465420, 96466587, 420, 1587
2, 6432, 96480420, 96482195, 420, 2195
2, 6433, 96495420, 96496587, 420, 1587
2, 6434, 96510420, 96511587, 420, 1587
2, 6435, 96525420, 96526541, 420, 1541
2, 6436, 96540420, 96541587, 420, 1587
2, 6437, 96555420, 96556518, 420, 1518
2, 6438, 96570420, 96571822, 420, 1822
2, 6439, 96585420, 96586541, 420, 1541
2, 644, 9660420, 9664007, 420, 4007
2, 6440, 96600420, 96604031, 420, 4031
2, 6441, 96615420, 96616518, 420, 1518
2, 6442, 96630420, 96631541, 420, 1541
2, 6443, 96645420, 96646587, 420, 1587
2, 6444, 96660420, 96661822, 420, 1822
2, 6445, 96675420, 96676725, 420, 1725
2, 6446, 96690420, 96691541, 420, 1541
2, 6447, 96705420, 96706541, 420, 1541
2, 6448, 96720420, 96721822, 420, 1822
2, 6449, 96735420, 96736541, 420, 1541
2, 645, 9675420, 9676541, 420, 1541
2, 6450, 96750420, 96752730, 420, 2730
2, 6451, 96765420, 96766541, 420, 1541
2, 6452, 96780420, 96781822, 420, 1822
2, 6453, 96795420, 96796518, 420, 1518
2, 6454, 96810420, 96812195, 420, 2195
2, 6455, 96825420, 96826714, 420, 1714
2, 6456, 96840420, 96841822, 420, 1822
2, 6457, 96855420, 96856518, 420, 1518
2, 6458, 96870420, 96871541, 420, 1541
2, 6459, 96885420, 96886725, 420, 1725
2, 646, 9690420, 9691587, 420, 1587
2, 6460, 96900420, 96902195, 420, 2195
2, 6461, 96915420, 96916587, 420, 1587
2, 6462, 96930420, 96931587, 420, 1587
2, 6463, 96945420, 96946518, 420, 1518
2, 6464, 96960420, 96961822, 420, 1822
2, 6465, 96975420, 96976541, 420, 1541
2, 6466, 96990420, 96991822, 420, 1822
2, 6467, 97005420, 97006541, 420, 1541
2, 6468, 97020420, 97024007, 420, 4007
2, 6469, 97035420, 97036518, 420, 1518
2, 647, 9705420, 9706541, 420, 1541
2, 6470, 97050420, 97051587, 420, 1587
2, 6471, 97065420, 97066518, 420, 1518
2, 6472, 97080420, 97081822, 420, 1822
2, 6473, 97095420, 97096587, 420, 1587
2, 6474, 97110420, 97111541, 420, 1541
2, 6475, 97125420, 97126725, 420, 1725
2, 6476, 97140420, 97141587, 420, 1587
2, 6477, 97155420, 97156541, 420, 1541
2, 6478, 97170420, 97171587, 420, 1587
2, 6479, 97185420, 97186541, 420, 1541
2, 648, 9720420, 9721822, 420, 1822
2, 6480, 97200420, 97203841, 420, 3841
2, 6481, 97215420, 97216518, 420, 1518
2, 6482, 97230420, 97232195, 420, 2195
2, 6483, 97245420, 97246541, 420, 1541
2, 6484, 97260420, 97261822, 420, 1822
2, 6485, 97275420, 97276541, 420, 1541
2, 6486, 97290420, 97291541, 420, 1541
2, 6487, 97305420, 97306587, 420, 1587
2, 6488, 97320420, 97321587, 420, 1587
2, 6489, 97335420, 97336587, 420, 1587
2, 649, 9735420, 9736587, 420, 1587
2, 6490, 97350420, 97351822, 420, 1822
2, 6491, 97365420, 97366541, 420, 1541
2, 6492, 97380420, 97381587, 420, 1587
2, 6493, 97395420, 97396518, 420, 1518
2, 6494, 97410420, 97411822, 420, 1822
2, 6495, 97425420, 97426587, 420, 1587
2, 6496, 97440420, 97444110, 420, 4110
2, 6497, 97455420, 97456518, 420, 1518
2, 6498, 97470420, 97471541, 420, 1541
2, 6499, 97485420, 97486518, 420, 1518
2, 65, 975420, 976587, 420, 1587
2, 650, 9750420, 9751587, 420, 1587
2, 6500, 97500420, 97502195, 420, 2195
2, 6501, 97515420, 97516587, 420, 1587
2, 6502, 97530420, 97531541, 420, 1541
2, 6503, 97545420, 97546541, 420, 1541
2, 6504, 97560420, 97561587, 420, 1587
2, 6505, 97575420, 97576541, 420, 1541
2, 6506, 97590420, 97591587, 420, 1587
2, 6507, 97605420, 97606587, 420, 1587
2, 6508, 97620420, 97621822, 420, 1822
2, 6509, 97635420, 97636518, 420, 1518
2, 651, 9765420, 9766587, 420, 1587
2, 6510, 97650420, 97654031, 420, 4031
2, 6511, 97665420, 97666541, 420, 1541
2, 6512, 97680420, 97682195, 420, 2195
2, 6513, 97695420, 97696541, 420, 1541
2, 6514, 97710420, 97711541, 420, 1541
2, 6515, 97725420, 97726725, 420, 1725
2, 6516, 97740420, 97741587, 420, 1587
2, 6517, 97755420, 97756587, 420, 1587
2, 6518, 97770420, 97771587, 420, 1587
2, 6519, 97785420, 97786541, 420, 1541
2, 652, 9780420, 9781822, 420, 1822
2, 6520, 97800420, 97801822, 420, 1822
2, 6521, 97815420, 97816518, 420, 1518
2, 6522, 97830420, 97831587, 420, 1587
2, 6523, 97845420, 97852252, 420, 7252
2, 6524, 97860420, 97863306, 420, 3306
2, 6525, 97875420, 97876587, 420, 1587
2, 6526, 97890420, 97891541, 420, 1541
2, 6527, 97905420, 97906518, 420, 1518
2, 6528, 97920420, 97922195, 420, 2195
2, 6529, 97935420, 97941210, 420, 6210
2, 653, 9795420, 9796541, 420, 1541
2, 6530, 97950420, 97951822, 420, 1822
2, 6531, 97965420, 97966541, 420, 1541
2, 6532, 97980420, 97981587, 420, 1587
2, 6533, 97995420, 97996518, 420, 1518
2, 6534, 98010420, 98011587, 420, 1587
2, 6535, 98025420, 98026587, 420, 1587
2, 6536, 98040420, 98041822, 420, 1822
2, 6537, 98055420, 98056518, 420, 1518
2, 6538, 98070420, 98072195, 420, 2195
2, 6539, 98085420, 98086541, 420, 1541
2, 654, 9810420, 9811587, 420, 1587
2, 6540, 98100420, 98102195, 420, 2195
2, 6541, 98115420, 98116541, 420, 1541
2, 6542, 98130420, 98131541, 420, 1541
2, 6543, 98145420, 98146587, 420, 1587
2, 6544, 98160420, 98161822, 420, 1822
2, 6545, 98175420, 98176725, 420, 1725
2, 6546, 98190420, 98191587, 420, 1587
2, 6547, 98205420, 98206541, 420, 1541
2, 6548, 98220420, 98221587, 420, 1587
2, 6549, 98235420, 98236518, 420, 1518
2, 655, 9825420, 9826541, 420, 1541
2, 6550, 98250420, 98251822, 420, 1822
2, 6551, 98265420, 98266541, 420, 1541
2, 6552, 98280420, 98283306, 420, 3306
2, 6553, 98295420, 98296518, 420, 1518
2, 6554, 98310420, 98311541, 420, 1541
2, 6555, 98325420, 98326587, 420, 1587
2, 6556, 98340420, 98341587, 420, 1587
2, 6557, 98355420, 98361883, 420, 6883
2, 6558, 98370420, 98371587, 420, 1587
2, 6559, 98385420, 98386541, 420, 1541
2, 656, 9840420, 9842195, 420, 2195
2, 6560, 98400420, 98402195, 420, 2195
2, 6561, 98415420, 98416518, 420, 1518
2, 6562, 98430420, 98431587, 420, 1587
2, 6563, 98445420, 98446541, 420, 1541
2, 6564, 98460420, 98462195, 420, 2195
2, 6565, 98475420, 98476541, 420, 1541
2, 6566, 98490420, 98492195, 420, 2195
2, 6567, 98505420, 98506518, 420, 1518
2, 6568, 98520420, 98521822, 420, 1822
2, 6569, 98535420, 98536541, 420, 1541
2, 657, 9855420, 9856518, 420, 1518
2, 6570, 98550420, 98551822, 420, 1822
2, 6571, 98565420, 98566725, 420, 1725
2, 6572, 98580420, 98581587, 420, 1587
2, 6573, 98595420, 98596541, 420, 1541
2, 6574, 98610420, 98611587, 420, 1587
2, 6575, 98625420, 98626587, 420, 1587
2, 6576, 98640420, 98641822, 420, 1822
2, 6577, 98655420, 98656518, 420, 1518
2, 6578, 98670420, 98671587, 420, 1587
2, 6579, 98685420, 98686541, 420, 1541
2, 658, 9870420, 9873306, 420, 3306
2, 6580, 98700420, 98703306, 420, 3306
2, 6581, 98715420, 98716541, 420, 1541
2, 6582, 98730420, 98731541, 420, 1541
2, 6583, 98745420, 98746518, 420, 1518
2, 6584, 98760420, 98761587, 420, 1587
2, 6585, 98775420, 98776587, 420, 1587
2, 6586, 98790420, 98791587, 420, 1587
2, 6587, 98805420, 98806587, 420, 1587
2, 6588, 98820420, 98821587, 420, 1587
2, 6589, 98835420, 98836518, 420, 1518
2, 659, 9885420, 9886541, 420, 1541
2, 6590, 98850420, 98851587, 420, 1587
2, 6591, 98865420, 98866541, 420, 1541
2, 6592, 98880420, 98883955, 420, 3955
2, 6593, 98895420, 98896518, 420, 1518
2, 6594, 98910420, 98912195, 420, 2195
2, 6595, 98925420, 98926541, 420, 1541
2, 6596, 98940420, 98941822, 420, 1822
2, 6597, 98955420, 98956541, 420, 1541
2, 6598, 98970420, 98971587, 420, 1587
2, 6599, 98985420, 98986587, 420, 1587
2, 66, 990420, 991541, 420, 1541
2, 660, 9900420, 9901822, 420, 1822
2, 6600, 99000420, 99001822, 420, 1822
2, 6601, 99015420, 99016541, 420, 1541
2, 6602, 99030420, 99031587, 420, 1587
2, 6603, 99045420, 99048437, 420, 3437
2, 6604, 99060420, 99061822, 420, 1822
2, 6605, 99075420, 99076541, 420, 1541
2, 6606, 99090420, 99091587, 420, 1587
2, 6607, 99105420, 99106518, 420, 1518
2, 6608, 99120420, 99125272, 420, 5272
2, 6609, 99135420, 99136587, 420, 1587
2, 661, 9915420, 9916518, 420, 1518
2, 6610, 99150420, 99151587, 420, 1587
2, 6611, 99165420, 99166518, 420, 1518
2, 6612, 99180420, 99181587, 420, 1587
2, 6613, 99195420, 99196725, 420, 1725
2, 6614, 99210420, 99211800, 420, 1800
2, 6615, 99225420, 99226725, 420, 1725
2, 6616, 99240420, 99241587, 420, 1587
2, 6617, 99255420, 99256518, 420, 1518
2, 6618, 99270420, 99271541, 420, 1541
2, 6619, 99285420, 99286587, 420, 1587
2, 662, 9930420, 9931541, 420, 1541
2, 6620, 99300420, 99303841, 420, 3841
2, 6621, 99315420, 99316518, 420, 1518
2, 6622, 99330420, 99332195, 420, 2195
2, 6623, 99345420, 99346518, 420, 1518
2, 6624, 99360420, 99361822, 420, 1822
2, 6625, 99375420, 99376587, 420, 1587
2, 6626, 99390420, 99391587, 420, 1587
2, 6627, 99405420, 99406587, 420, 1587
2, 6628, 99420420, 99421587, 420, 1587
2, 6629, 99435420, 99436541, 420, 1541
2, 663, 9945420, 9946725, 420, 1725
2, 6630, 99450420, 99451822, 420, 1822
2, 6631, 99465420, 99466541, 420, 1541
2, 6632, 99480420, 99481822, 420, 1822
2, 6633, 99495420, 99496518, 420, 1518
2, 6634, 99510420, 99511587, 420, 1587
2, 6635, 99525420, 99526587, 420, 1587
2, 6636, 99540420, 99543306, 420, 3306
2, 6637, 99555420, 99556587, 420, 1587
2, 6638, 99570420, 99571587, 420, 1587
2, 6639, 99585420, 99586518, 420, 1518
2, 664, 9960420, 9961822, 420, 1822
2, 6640, 99600420, 99602195, 420, 2195
2, 6641, 99615420, 99616587, 420, 1587
2, 6642, 99630420, 99631587, 420, 1587
2, 6643, 99645420, 99646587, 420, 1587
2, 6644, 99660420, 99661587, 420, 1587
2, 6645, 99675420, 99676541, 420, 1541
2, 6646, 99690420, 99691541, 420, 1541
2, 6647, 99705420, 99706541, 420, 1541
2, 6648, 99720420, 99722195, 420, 2195
2, 6649, 99735420, 99736541, 420, 1541
2, 665, 9975420, 9976725, 420, 1725
2, 6650, 99750420, 99754031, 420, 4031
2, 6651, 99765420, 99766541, 420, 1541
2, 6652, 99780420, 99781587, 420, 1587
2, 6653, 99795420, 99796541, 420, 1541
2, 6654, 99810420, 99811587, 420, 1587
2, 6655, 99825420, 99826725, 420, 1725
2, 6656, 99840420, 99841822, 420, 1822
2, 6657, 99855420, 99856541, 420, 1541
2, 6658, 99870420, 99871541, 420, 1541
2, 6659, 99885420, 99887463, 420, 2463
2, 666, 9990420, 9991541, 420, 1541
2, 6660, 99900420, 99902195, 420, 2195
2, 6661, 99915420, 99916541, 420, 1541
2, 6662, 99930420, 99931587, 420, 1587
2, 6663, 99945420, 99946518, 420, 1518
2, 6664, 99960420, 99963306, 420, 3306
2, 6665, 99975420, 99976587, 420, 1587
2, 6666, 99990420, 99991541, 420, 1541
2, 6667, 100005420, 100006541, 420, 1541
2, 6668, 100020420, 100021587, 420, 1587
2, 6669, 100035420, 100036587, 420, 1587
2, 667, 10005420, 10006541, 420, 1541
2, 6670, 100050420, 100051822, 420, 1822
2, 6671, 100065420, 100066587, 420, 1587
2, 6672, 100080420, 100081822, 420, 1822
2, 6673, 100095420, 100096518, 420, 1518
2, 6674, 100110420, 100111541, 420, 1541
2, 6675, 100125420, 100126541, 420, 1541
2, 6676, 100140420, 100142195, 420, 2195
2, 6677, 100155420, 100156541, 420, 1541
2, 6678, 100170420, 100172195, 420, 2195
2, 6679, 100185420, 100186518, 420, 1518
2, 668, 10020420, 10021587, 420, 1587
2, 6680, 100200420, 100201822, 420, 1822
2, 6681, 100215420, 100216541, 420, 1541
2, 6682, 100230420, 100231587, 420, 1587
2, 6683, 100245420, 100251256, 420, 6256
2, 6684, 100260420, 100261587, 420, 1587
2, 6685, 100275420, 100276587, 420, 1587
2, 6686, 100290420, 100291541, 420, 1541
2, 6687, 100305420, 100306541, 420, 1541
2, 6688, 100320420, 100323625, 420, 3625
2, 6689, 100335420, 100336541, 420, 1541
2, 669, 10035420, 10036541, 420, 1541
2, 6690, 100350420, 100351822, 420, 1822
2, 6691, 100365420, 100366518, 420, 1518
2, 6692, 100380420, 100384007, 420, 4007
2, 6693, 100395420, 100396541, 420, 1541
2, 6694, 100410420, 100411810, 420, 1810
2, 6695, 100425420, 100426541, 420, 1541
2, 6696, 100440420, 100441587, 420, 1587
2, 6697, 100455420, 100456587, 420, 1587
2, 6698, 100470420, 100471587, 420, 1587
2, 6699, 100485420, 100496027, 420, 11027
2, 67, 1005420, 1006518, 420, 1518
2, 670, 10050420, 10052195, 420, 2195
2, 6700, 100500420, 100502195, 420, 2195
2, 6701, 100515420, 100516518, 420, 1518
2, 6702, 100530420, 100531541, 420, 1541
2, 6703, 100545420, 100546518, 420, 1518
2, 6704, 100560420, 100563955, 420, 3955
2, 6705, 100575420, 100576587, 420, 1587
2, 6706, 100590420, 100593306, 420, 3306
2, 6707, 100605420, 100606518, 420, 1518
2, 6708, 100620420, 100621587, 420, 1587
2, 6709, 100635420, 100636518, 420, 1518
2, 671, 10065420, 10066518, 420, 1518
2, 6710, 100650420, 100651822, 420, 1822
2, 6711, 100665420, 100666587, 420, 1587
2, 6712, 100680420, 100681587, 420, 1587
2, 6713, 100695420, 100696541, 420, 1541
2, 6714, 100710420, 100711541, 420, 1541
2, 6715, 100725420, 100726725, 420, 1725
2, 6716, 100740420, 100741822, 420, 1822
2, 6717, 100755420, 100756541, 420, 1541
2, 6718, 100770420, 100771587, 420, 1587
2, 6719, 100785420, 100786518, 420, 1518
2, 672, 10080420, 10083306, 420, 3306
2, 6720, 100800420, 100803306, 420, 3306
2, 6721, 100815420, 100816541, 420, 1541
2, 6722, 100830420, 100831587, 420, 1587
2, 6723, 100845420, 100846518, 420, 1518
2, 6724, 100860420, 100861587, 420, 1587
2, 6725, 100875420, 100876725, 420, 1725
2, 6726, 100890420, 100891541, 420, 1541
2, 6727, 100905420, 100906587, 420, 1587
2, 6728, 100920420, 100921822, 420, 1822
2, 6729, 100935420, 100936518, 420, 1518
2, 673, 10095420, 10096518, 420, 1518
2, 6730, 100950420, 100951587, 420, 1587
2, 6731, 100965420, 100966541, 420, 1541
2, 6732, 100980420, 100982195, 420, 2195
2, 6733, 100995420, 100996541, 420, 1541
2, 6734, 101010420, 101013881, 420, 3881
2, 6735, 101025420, 101026541, 420, 1541
2, 6736, 101040420, 101041822, 420, 1822
2, 6737, 101055420, 101056518, 420, 1518
2, 6738, 101070420, 101071587, 420, 1587
2, 6739, 101085420, 101089669, 420, 4669
2, 674, 10110420, 10111541, 420, 1541
2, 6740, 101100420, 101102195, 420, 2195
2, 6741, 101115420, 101116541, 420, 1541
2, 6742, 101130420, 101131541, 420, 1541
2, 6743, 101145420, 101146518, 420, 1518
2, 6744, 101160420, 101161822, 420, 1822
2, 6745, 101175420, 101176587, 420, 1587
2, 6746, 101190420, 101191587, 420, 1587
2, 6747, 101205420, 101206541, 420, 1541
2, 6748, 101220420, 101224007, 420, 4007
2, 6749, 101235420, 101236541, 420, 1541
2, 675, 10125420, 10126991, 420, 1991
2, 6750, 101250420, 101251822, 420, 1822
2, 6751, 101265420, 101266541, 420, 1541
2, 6752, 101280420, 101281822, 420, 1822
2, 6753, 101295420, 101296587, 420, 1587
2, 6754, 101310420, 101311541, 420, 1541
2, 6755, 101325420, 101326725, 420, 1725
2, 6756, 101340420, 101341822, 420, 1822
2, 6757, 101355420, 101356541, 420, 1541
2, 6758, 101370420, 101371541, 420, 1541
2, 6759, 101385420, 101386518, 420, 1518
2, 676, 10140420, 10141822, 420, 1822
2, 6760, 101400420, 101402195, 420, 2195
2, 6761, 101415420, 101416541, 420, 1541
2, 6762, 101430420, 101433306, 420, 3306
2, 6763, 101445420, 101446541, 420, 1541
2, 6764, 101460420, 101461587, 420, 1587
2, 6765, 101475420, 101476541, 420, 1541
2, 6766, 101490420, 101491587, 420, 1587
2, 6767, 101505420, 101507836, 420, 2836
2, 6768, 101520420, 101522195, 420, 2195
2, 6769, 101535420, 101536541, 420, 1541
2, 677, 10155420, 10156587, 420, 1587
2, 6770, 101550420, 101551587, 420, 1587
2, 6771, 101565420, 101566518, 420, 1518
2, 6772, 101580420, 101581822, 420, 1822
2, 6773, 101595420, 101596541, 420, 1541
2, 6774, 101610420, 101611587, 420, 1587
2, 6775, 101625420, 101626541, 420, 1541
2, 6776, 101640420, 101644007, 420, 4007
2, 6777, 101655420, 101656518, 420, 1518
2, 6778, 101670420, 101671587, 420, 1587
2, 6779, 101685420, 101686587, 420, 1587
2, 678, 10170420, 10171541, 420, 1541
2, 6780, 101700420, 101701822, 420, 1822
2, 6781, 101715420, 101716587, 420, 1587
2, 6782, 101730420, 101731541, 420, 1541
2, 6783, 101745420, 101746587, 420, 1587
2, 6784, 101760420, 101762195, 420, 2195
2, 6785, 101775420, 101776587, 420, 1587
2, 6786, 101790420, 101791541, 420, 1541
2, 6787, 101805420, 101806518, 420, 1518
2, 6788, 101820420, 101821822, 420, 1822
2, 6789, 101835420, 101836541, 420, 1541
2, 679, 10185420, 10186541, 420, 1541
2, 6790, 101850420, 101853956, 420, 3956
2, 6791, 101865420, 101866541, 420, 1541
2, 6792, 101880420, 101881587, 420, 1587
2, 6793, 101895420, 101896518, 420, 1518
2, 6794, 101910420, 101911541, 420, 1541
2, 6795, 101925420, 101935930, 420, 10930
2, 6796, 101940420, 101941822, 420, 1822
2, 6797, 101955420, 101956541, 420, 1541
2, 6798, 101970420, 101971541, 420, 1541
2, 6799, 101985420, 101986518, 420, 1518
2, 68, 1020420, 1022195, 420, 2195
2, 680, 10200420, 10202195, 420, 2195
2, 6800, 102000420, 102004002, 420, 4002
2, 6801, 102015420, 102016541, 420, 1541
2, 6802, 102030420, 102031822, 420, 1822
2, 6803, 102045420, 102046518, 420, 1518
2, 6804, 102060420, 102064007, 420, 4007
2, 6805, 102075420, 102076541, 420, 1541
2, 6806, 102090420, 102091587, 420, 1587
2, 6807, 102105420, 102106541, 420, 1541
2, 6808, 102120420, 102121587, 420, 1587
2, 6809, 102135420, 102136587, 420, 1587
2, 681, 10215420, 10216541, 420, 1541
2, 6810, 102150420, 102151587, 420, 1587
2, 6811, 102165420, 102166587, 420, 1587
2, 6812, 102180420, 102181822, 420, 1822
2, 6813, 102195420, 102196541, 420, 1541
2, 6814, 102210420, 102211541, 420, 1541
2, 6815, 102225420, 102226541, 420, 1541
2, 6816, 102240420, 102242195, 420, 2195
2, 6817, 102255420, 102256541, 420, 1541
2, 6818, 102270420, 102273306, 420, 3306
2, 6819, 102285420, 102286541, 420, 1541
2, 682, 10230420, 10231587, 420, 1587
2, 6820, 102300420, 102301822, 420, 1822
2, 6821, 102315420, 102316518, 420, 1518
2, 6822, 102330420, 102331541, 420, 1541
2, 6823, 102345420, 102346541, 420, 1541
2, 6824, 102360420, 102361822, 420, 1822
2, 6825, 102375420, 102376587, 420, 1587
2, 6826, 102390420, 102391541, 420, 1541
2, 6827, 102405420, 102406541, 420, 1541
2, 6828, 102420420, 102421587, 420, 1587
2, 6829, 102435420, 102436541, 420, 1541
2, 683, 10245420, 10246541, 420, 1541
2, 6830, 102450420, 102452195, 420, 2195
2, 6831, 102465420, 102466518, 420, 1518
2, 6832, 102480420, 102483306, 420, 3306
2, 6833, 102495420, 102496518, 420, 1518
2, 6834, 102510420, 102511587, 420, 1587
2, 6835, 102525420, 102526587, 420, 1587
2, 6836, 102540420, 102541822, 420, 1822
2, 6837, 102555420, 102556587, 420, 1587
2, 6838, 102570420, 102571541, 420, 1541
2, 6839, 102585420, 102586541, 420, 1541
2, 684, 10260420, 10261822, 420, 1822
2, 6840, 102600420, 102602195, 420, 2195
2, 6841, 102615420, 102616541, 420, 1541
2, 6842, 102630420, 102631541, 420, 1541
2, 6843, 102645420, 102646541, 420, 1541
2, 6844, 102660420, 102661822, 420, 1822
2, 6845, 102675420, 102676541, 420, 1541
2, 6846, 102690420, 102693306, 420, 3306
2, 6847, 102705420, 102706541, 420, 1541
2, 6848, 102720420, 102721822, 420, 1822
2, 6849, 102735420, 102736518, 420, 1518
2, 685, 10275420, 10276541, 420, 1541
2, 6850, 102750420, 102751587, 420, 1587
2, 6851, 102765420, 102766725, 420, 1725
2, 6852, 102780420, 102781822, 420, 1822
2, 6853, 102795420, 102796587, 420, 1587
2, 6854, 102810420, 102811541, 420, 1541
2, 6855, 102825420, 102826541, 420, 1541
2, 6856, 102840420, 102841587, 420, 1587
2, 6857, 102855420, 102856541, 420, 1541
2, 6858, 102870420, 102871822, 420, 1822
2, 6859, 102885420, 102886541, 420, 1541
2, 686, 10290420, 10293306, 420, 3306
2, 6860, 102900420, 102904031, 420, 4031
2, 6861, 102915420, 102916518, 420, 1518
2, 6862, 102930420, 102931541, 420, 1541
2, 6863, 102945420, 102946720, 420, 1720
2, 6864, 102960420, 102962195, 420, 2195
2, 6865, 102975420, 102976722, 420, 1722
2, 6866, 102990420, 102991541, 420, 1541
2, 6867, 103005420, 103006541, 420, 1541
2, 6868, 103020420, 103021822, 420, 1822
2, 6869, 103035420, 103036541, 420, 1541
2, 687, 10305420, 10307217, 420, 2217
2, 6870, 103050420, 103051822, 420, 1822
2, 6871, 103065420, 103066518, 420, 1518
2, 6872, 103080420, 103081822, 420, 1822
2, 6873, 103095420, 103096518, 420, 1518
2, 6874, 103110420, 103113306, 420, 3306
2, 6875, 103125420, 103127827, 420, 2827
2, 6876, 103140420, 103141822, 420, 1822
2, 6877, 103155420, 103156518, 420, 1518
2, 6878, 103170420, 103171541, 420, 1541
2, 6879, 103185420, 103186587, 420, 1587
2, 688, 10320420, 10322195, 420, 2195
2, 6880, 103200420, 103204002, 420, 4002
2, 6881, 103215420, 103216587, 420, 1587
2, 6882, 103230420, 103231541, 420, 1541
2, 6883, 103245420, 103246518, 420, 1518
2, 6884, 103260420, 103261587, 420, 1587
2, 6885, 103275420, 103276587, 420, 1587
2, 6886, 103290420, 103291975, 420, 1975
2, 6887, 103305420, 103306541, 420, 1541
2, 6888, 103320420, 103324007, 420, 4007
2, 6889, 103335420, 103336518, 420, 1518
2, 689, 10335420, 10336518, 420, 1518
2, 6890, 103350420, 103351587, 420, 1587
2, 6891, 103365420, 103366587, 420, 1587
2, 6892, 103380420, 103381822, 420, 1822
2, 6893, 103395420, 103396541, 420, 1541
2, 6894, 103410420, 103411541, 420, 1541
2, 6895, 103425420, 103426587, 420, 1587
2, 6896, 103440420, 103441822, 420, 1822
2, 6897, 103455420, 103456587, 420, 1587
2, 6898, 103470420, 103471773, 420, 1773
2, 6899, 103485420, 103486518, 420, 1518
2, 69, 1035420, 1036541, 420, 1541
2, 690, 10350420, 10351587, 420, 1587
2, 6900, 103500420, 103502195, 420, 2195
2, 6901, 103515420, 103516518, 420, 1518
2, 6902, 103530420, 103533306, 420, 3306
2, 6903, 103545420, 103546541, 420, 1541
2, 6904, 103560420, 103561822, 420, 1822
2, 6905, 103575420, 103576541, 420, 1541
2, 6906, 103590420, 103591541, 420, 1541
2, 6907, 103605420, 103609048, 420, 4048
2, 6908, 103620420, 103621822, 420, 1822
2, 6909, 103635420, 103636587, 420, 1587
2, 691, 10365420, 10366587, 420, 1587
2, 6910, 103650420, 103651587, 420, 1587
2, 6911, 103665420, 103666518, 420, 1518
2, 6912, 103680420, 103681822, 420, 1822
2, 6913, 103695420, 103696518, 420, 1518
2, 6914, 103710420, 103711822, 420, 1822
2, 6915, 103725420, 103726587, 420, 1587
2, 6916, 103740420, 103744007, 420, 4007
2, 6917, 103755420, 103756518, 420, 1518
2, 6918, 103770420, 103771541, 420, 1541
2, 6919, 103785420, 103786541, 420, 1541
2, 692, 10380420, 10381822, 420, 1822
2, 6920, 103800420, 103802195, 420, 2195
2, 6921, 103815420, 103816587, 420, 1587
2, 6922, 103830420, 103831541, 420, 1541
2, 6923, 103845420, 103846587, 420, 1587
2, 6924, 103860420, 103861587, 420, 1587
2, 6925, 103875420, 103876587, 420, 1587
2, 6926, 103890420, 103891822, 420, 1822
2, 6927, 103905420, 103906541, 420, 1541
2, 6928, 103920420, 103922195, 420, 2195
2, 6929, 103935420, 103936518, 420, 1518
2, 693, 10395420, 10396587, 420, 1587
2, 6930, 103950420, 103954031, 420, 4031
2, 6931, 103965420, 103966587, 420, 1587
2, 6932, 103980420, 103981822, 420, 1822
2, 6933, 103995420, 103996518, 420, 1518
2, 6934, 104010420, 104011541, 420, 1541
2, 6935, 104025420, 104026725, 420, 1725
2, 6936, 104040420, 104041822, 420, 1822
2, 6937, 104055420, 104056587, 420, 1587
2, 6938, 104070420, 104071587, 420, 1587
2, 6939, 104085420, 104086541, 420, 1541
2, 694, 10410420, 10411541, 420, 1541
2, 6940, 104100420, 104101822, 420, 1822
2, 6941, 104115420, 104116518, 420, 1518
2, 6942, 104130420, 104131822, 420, 1822
2, 6943, 104145420, 104146541, 420, 1541
2, 6944, 104160420, 104163306, 420, 3306
2, 6945, 104175420, 104176541, 420, 1541
2, 6946, 104190420, 104191541, 420, 1541
2, 6947, 104205420, 104206518, 420, 1518
2, 6948, 104220420, 104221822, 420, 1822
2, 6949, 104235420, 104236587, 420, 1587
2, 695, 10425420, 10426541, 420, 1541
2, 6950, 104250420, 104251587, 420, 1587
2, 6951, 104265420, 104266541, 420, 1541
2, 6952, 104280420, 104281587, 420, 1587
2, 6953, 104295420, 104296541, 420, 1541
2, 6954, 104310420, 104311587, 420, 1587
2, 6955, 104325420, 104326725, 420, 1725
2, 6956, 104340420, 104341822, 420, 1822
2, 6957, 104355420, 104356518, 420, 1518
2, 6958, 104370420, 104372195, 420, 2195
2, 6959, 104385420, 104386541, 420, 1541
2, 696, 10440420, 10441587, 420, 1587
2, 6960, 104400420, 104404002, 420, 4002
2, 6961, 104415420, 104416518, 420, 1518
2, 6962, 104430420, 104431541, 420, 1541
2, 6963, 104445420, 104446587, 420, 1587
2, 6964, 104460420, 104461587, 420, 1587
2, 6965, 104475420, 104476725, 420, 1725
2, 6966, 104490420, 104491822, 420, 1822
2, 6967, 104505420, 104506518, 420, 1518
2, 6968, 104520420, 104521587, 420, 1587
2, 6969, 104535420, 104536518, 420, 1518
2, 697, 10455420, 10456541, 420, 1541
2, 6970, 104550420, 104552195, 420, 2195
2, 6971, 104565420, 104568807, 420, 3807
2, 6972, 104580420, 104583306, 420, 3306
2, 6973, 104595420, 104596518, 420, 1518
2, 6974, 104610420, 104611541, 420, 1541
2, 6975, 104625420, 104626541, 420, 1541
2, 6976, 104640420, 104642195, 420, 2195
2, 6977, 104655420, 104660585, 420, 5585
2, 6978, 104670420, 104671587, 420, 1587
2, 6979, 104685420, 104686541, 420, 1541
2, 698, 10470420, 10471822, 420, 1822
2, 6980, 104700420, 104701822, 420, 1822
2, 6981, 104715420, 104716518, 420, 1518
2, 6982, 104730420, 104731587, 420, 1587
2, 6983, 104745420, 104746541, 420, 1541
2, 6984, 104760420, 104761822, 420, 1822
2, 6985, 104775420, 104776541, 420, 1541
2, 6986, 104790420, 104792195, 420, 2195
2, 6987, 104805420, 104806587, 420, 1587
2, 6988, 104820420, 104821822, 420, 1822
2, 6989, 104835420, 104836541, 420, 1541
2, 699, 10485420, 10486587, 420, 1587
2, 6990, 104850420, 104851587, 420, 1587
2, 6991, 104865420, 104866587, 420, 1587
2, 6992, 104880420, 104881822, 420, 1822
2, 6993, 104895420, 104896587, 420, 1587
2, 6994, 104910420, 104911587, 420, 1587
2, 6995, 104925420, 104926587, 420, 1587
2, 6996, 104940420, 104941587, 420, 1587
2, 6997, 104955420, 104956518, 420, 1518
2, 6998, 104970420, 104971587, 420, 1587
2, 6999, 104985420, 104987463, 420, 2463
2, 7, 105420, 106587, 420, 1587
2, 70, 1050420, 1054031, 420, 4031
2, 700, 10500420, 10504031, 420, 4031
2, 7000, 105000420, 105003306, 420, 3306
2, 7001, 105015420, 105016518, 420, 1518
2, 7002, 105030420, 105031541, 420, 1541
2, 7003, 105045420, 105046541, 420, 1541
2, 7004, 105060420, 105061822, 420, 1822
2, 7005, 105075420, 105076922, 420, 1922
2, 7006, 105090420, 105091587, 420, 1587
2, 7007, 105105420, 105106541, 420, 1541
2, 7008, 105120420, 105121822, 420, 1822
2, 7009, 105135420, 105136518, 420, 1518
2, 701, 10515420, 10516518, 420, 1518
2, 7010, 105150420, 105151822, 420, 1822
2, 7011, 105165420, 105166541, 420, 1541
2, 7012, 105180420, 105181822, 420, 1822
2, 7013, 105195420, 105196518, 420, 1518
2, 7014, 105210420, 105212195, 420, 2195
2, 7015, 105225420, 105226541, 420, 1541
2, 7016, 105240420, 105241822, 420, 1822
2, 7017, 105255420, 105256541, 420, 1541
2, 7018, 105270420, 105271541, 420, 1541
2, 7019, 105285420, 105286725, 420, 1725
2, 702, 10530420, 10531541, 420, 1541
2, 7020, 105300420, 105301822, 420, 1822
2, 7021, 105315420, 105316587, 420, 1587
2, 7022, 105330420, 105331587, 420, 1587
2, 7023, 105345420, 105346541, 420, 1541
2, 7024, 105360420, 105361822, 420, 1822
2, 7025, 105375420, 105376541, 420, 1541
2, 7026, 105390420, 105391587, 420, 1587
2, 7027, 105405420, 105406541, 420, 1541
2, 7028, 105420420, 105423306, 420, 3306
2, 7029, 105435420, 105436518, 420, 1518
2, 703, 10545420, 10546541, 420, 1541
2, 7030, 105450420, 105451587, 420, 1587
2, 7031, 105465420, 105466518, 420, 1518
2, 7032, 105480420, 105481587, 420, 1587
2, 7033, 105495420, 105501883, 420, 6883
2, 7034, 105510420, 105511587, 420, 1587
2, 7035, 105525420, 105526725, 420, 1725
2, 7036, 105540420, 105541587, 420, 1587
2, 7037, 105555420, 105556518, 420, 1518
2, 7038, 105570420, 105571587, 420, 1587
2, 7039, 105585420, 105586541, 420, 1541
2, 704, 10560420, 10562195, 420, 2195
2, 7040, 105600420, 105604002, 420, 4002
2, 7041, 105615420, 105616518, 420, 1518
2, 7042, 105630420, 105632195, 420, 2195
2, 7043, 105645420, 105646518, 420, 1518
2, 7044, 105660420, 105661822, 420, 1822
2, 7045, 105675420, 105676587, 420, 1587
2, 7046, 105690420, 105691541, 420, 1541
2, 7047, 105705420, 105706587, 420, 1587
2, 7048, 105720420, 105721587, 420, 1587
2, 7049, 105735420, 105736541, 420, 1541
2, 705, 10575420, 10576725, 420, 1725
2, 7050, 105750420, 105751822, 420, 1822
2, 7051, 105765420, 105766587, 420, 1587
2, 7052, 105780420, 105781587, 420, 1587
2, 7053, 105795420, 105796518, 420, 1518
2, 7054, 105810420, 105811587, 420, 1587
2, 7055, 105825420, 105826587, 420, 1587
2, 7056, 105840420, 105845272, 420, 5272
2, 7057, 105855420, 105856541, 420, 1541
2, 7058, 105870420, 105871541, 420, 1541
2, 7059, 105885420, 105886518, 420, 1518
2, 706, 10590420, 10591541, 420, 1541
2, 7060, 105900420, 105901822, 420, 1822
2, 7061, 105915420, 105916541, 420, 1541
2, 7062, 105930420, 105931822, 420, 1822
2, 7063, 105945420, 105946541, 420, 1541
2, 7064, 105960420, 105961587, 420, 1587
2, 7065, 105975420, 105976541, 420, 1541
2, 7066, 105990420, 105991541, 420, 1541
2, 7067, 106005420, 106012256, 420, 7256
2, 7068, 106020420, 106022195, 420, 2195
2, 7069, 106035420, 106036518, 420, 1518
2, 707, 10605420, 10606541, 420, 1541
2, 7070, 106050420, 106054031, 420, 4031
2, 7071, 106065420, 106066518, 420, 1518
2, 7072, 106080420, 106082195, 420, 2195
2, 7073, 106095420, 106096541, 420, 1541
2, 7074, 106110420, 106111587, 420, 1587
2, 7075, 106125420, 106126725, 420, 1725
2, 7076, 106140420, 106141587, 420, 1587
2, 7077, 106155420, 106156541, 420, 1541
2, 7078, 106170420, 106171587, 420, 1587
2, 7079, 106185420, 106186541, 420, 1541
2, 708, 10620420, 10621587, 420, 1587
2, 7080, 106200420, 106201822, 420, 1822
2, 7081, 106215420, 106216518, 420, 1518
2, 7082, 106230420, 106231587, 420, 1587
2, 7083, 106245420, 106246541, 420, 1541
2, 7084, 106260420, 106263306, 420, 3306
2, 7085, 106275420, 106276587, 420, 1587
2, 7086, 106290420, 106291541, 420, 1541
2, 7087, 106305420, 106306518, 420, 1518
2, 7088, 106320420, 106321822, 420, 1822
2, 7089, 106335420, 106336725, 420, 1725
2, 709, 10635420, 10636541, 420, 1541
2, 7090, 106350420, 106351822, 420, 1822
2, 7091, 106365420, 106366587, 420, 1587
2, 7092, 106380420, 106381587, 420, 1587
2, 7093, 106395420, 106396518, 420, 1518
2, 7094, 106410420, 106411541, 420, 1541
2, 7095, 106425420, 106426587, 420, 1587
2, 7096, 106440420, 106442195, 420, 2195
2, 7097, 106455420, 106456518, 420, 1518
2, 7098, 106470420, 106472195, 420, 2195
2, 7099, 106485420, 106486541, 420, 1541
2, 71, 1065420, 1066518, 420, 1518
2, 710, 10650420, 10653831, 420, 3831
2, 7100, 106500420, 106501822, 420, 1822
2, 7101, 106515420, 106516541, 420, 1541
2, 7102, 106530420, 106531587, 420, 1587
2, 7103, 106545420, 106546587, 420, 1587
2, 7104, 106560420, 106561822, 420, 1822
2, 7105, 106575420, 106576587, 420, 1587
2, 7106, 106590420, 106591587, 420, 1587
2, 7107, 106605420, 106606708, 420, 1708
2, 7108, 106620420, 106621822, 420, 1822
2, 7109, 106635420, 106636518, 420, 1518
2, 711, 10665420, 10666518, 420, 1518
2, 7110, 106650420, 106651822, 420, 1822
2, 7111, 106665420, 106666518, 420, 1518
2, 7112, 106680420, 106683306, 420, 3306
2, 7113, 106695420, 106696541, 420, 1541
2, 7114, 106710420, 106711587, 420, 1587
2, 7115, 106725420, 106726587, 420, 1587
2, 7116, 106740420, 106741587, 420, 1587
2, 7117, 106755420, 106756587, 420, 1587
2, 7118, 106770420, 106771587, 420, 1587
2, 7119, 106785420, 106786587, 420, 1587
2, 712, 10680420, 10681822, 420, 1822
2, 7120, 106800420, 106802195, 420, 2195
2, 7121, 106815420, 106816518, 420, 1518
2, 7122, 106830420, 106831541, 420, 1541
2, 7123, 106845420, 106846541, 420, 1541
2, 7124, 106860420, 106862195, 420, 2195
2, 7125, 106875420, 106876587, 420, 1587
2, 7126, 106890420, 106892195, 420, 2195
2, 7127, 106905420, 106906518, 420, 1518
2, 7128, 106920420, 106921587, 420, 1587
2, 7129, 106935420, 106936541, 420, 1541
2, 713, 10695420, 10696518, 420, 1518
2, 7130, 106950420, 106951822, 420, 1822
2, 7131, 106965420, 106969503, 420, 4503
2, 7132, 106980420, 106981587, 420, 1587
2, 7133, 106995420, 106996541, 420, 1541
2, 7134, 107010420, 107011541, 420, 1541
2, 7135, 107025420, 107026587, 420, 1587
2, 7136, 107040420, 107042195, 420, 2195
2, 7137, 107055420, 107056541, 420, 1541
2, 7138, 107070420, 107071587, 420, 1587
2, 7139, 107085420, 107086518, 420, 1518
2, 714, 10710420, 10713306, 420, 3306
2, 7140, 107100420, 107103306, 420, 3306
2, 7141, 107115420, 107116541, 420, 1541
2, 7142, 107130420, 107131541, 420, 1541
2, 7143, 107145420, 107146518, 420, 1518
2, 7144, 107160420, 107161587, 420, 1587
2, 7145, 107175420, 107176725, 420, 1725
2, 7146, 107190420, 107191587, 420, 1587
2, 7147, 107205420, 107206725, 420, 1725
2, 7148, 107220420, 107221822, 420, 1822
2, 7149, 107235420, 107236518, 420, 1518
2, 715, 10725420, 10726725, 420, 1725
2, 7150, 107250420, 107251587, 420, 1587
2, 7151, 107265420, 107266518, 420, 1518
2, 7152, 107280420, 107283281, 420, 3281
2, 7153, 107295420, 107296541, 420, 1541
2, 7154, 107310420, 107312195, 420, 2195
2, 7155, 107325420, 107326541, 420, 1541
2, 7156, 107340420, 107341587, 420, 1587
2, 7157, 107355420, 107356541, 420, 1541
2, 7158, 107370420, 107371800, 420, 1800
2, 7159, 107385420, 107386587, 420, 1587
2, 716, 10740420, 10741822, 420, 1822
2, 7160, 107400420, 107401822, 420, 1822
2, 7161, 107415420, 107416541, 420, 1541
2, 7162, 107430420, 107431541, 420, 1541
2, 7163, 107445420, 107446587, 420, 1587
2, 7164, 107460420, 107461822, 420, 1822
2, 7165, 107475420, 107476541, 420, 1541
2, 7166, 107490420, 107491587, 420, 1587
2, 7167, 107505420, 107506518, 420, 1518
2, 7168, 107520420, 107523306, 420, 3306
2, 7169, 107535420, 107536541, 420, 1541
2, 717, 10755420, 10756518, 420, 1518
2, 7170, 107550420, 107551822, 420, 1822
2, 7171, 107565420, 107566518, 420, 1518
2, 7172, 107580420, 107581587, 420, 1587
2, 7173, 107595420, 107596587, 420, 1587
2, 7174, 107610420, 107611587, 420, 1587
2, 7175, 107625420, 107626725, 420, 1725
2, 7176, 107640420, 107641822, 420, 1822
2, 7177, 107655420, 107656518, 420, 1518
2, 7178, 107670420, 107671541, 420, 1541
2, 7179, 107685420, 107686541, 420, 1541
2, 718, 10770420, 10771541, 420, 1541
2, 7180, 107700420, 107703841, 420, 3841
2, 7181, 107715420, 107716541, 420, 1541
2, 7182, 107730420, 107732195, 420, 2195
2, 7183, 107745420, 107746518, 420, 1518
2, 7184, 107760420, 107761822, 420, 1822
2, 7185, 107775420, 107776541, 420, 1541
2, 7186, 107790420, 107791587, 420, 1587
2, 7187, 107805420, 107807836, 420, 2836
2, 7188, 107820420, 107821587, 420, 1587
2, 7189, 107835420, 107836541, 420, 1541
2, 719, 10785420, 10786587, 420, 1587
2, 7190, 107850420, 107851587, 420, 1587
2, 7191, 107865420, 107866541, 420, 1541
2, 7192, 107880420, 107881822, 420, 1822
2, 7193, 107895420, 107896541, 420, 1541
2, 7194, 107910420, 107911587, 420, 1587
2, 7195, 107925420, 107926587, 420, 1587
2, 7196, 107940420, 107944007, 420, 4007
2, 7197, 107955420, 107956541, 420, 1541
2, 7198, 107970420, 107971587, 420, 1587
2, 7199, 107985420, 107986518, 420, 1518
2, 72, 1080420, 1081587, 420, 1587
2, 720, 10800420, 10804002, 420, 4002
2, 7200, 108000420, 108002195, 420, 2195
2, 7201, 108015420, 108016587, 420, 1587
2, 7202, 108030420, 108031541, 420, 1541
2, 7203, 108045420, 108046587, 420, 1587
2, 7204, 108060420, 108061822, 420, 1822
2, 7205, 108075420, 108076541, 420, 1541
2, 7206, 108090420, 108091541, 420, 1541
2, 7207, 108105420, 108106518, 420, 1518
2, 7208, 108120420, 108122195, 420, 2195
2, 7209, 108135420, 108136541, 420, 1541
2, 721, 10815420, 10816587, 420, 1587
2, 7210, 108150420, 108154031, 420, 4031
2, 7211, 108165420, 108166541, 420, 1541
2, 7212, 108180420, 108181587, 420, 1587
2, 7213, 108195420, 108196518, 420, 1518
2, 7214, 108210420, 108211587, 420, 1587
2, 7215, 108225420, 108226725, 420, 1725
2, 7216, 108240420, 108241822, 420, 1822
2, 7217, 108255420, 108256541, 420, 1541
2, 7218, 108270420, 108271541, 420, 1541
2, 7219, 108285420, 108286518, 420, 1518
2, 722, 10830420, 10831587, 420, 1587
2, 7220, 108300420, 108302195, 420, 2195
2, 7221, 108315420, 108316541, 420, 1541
2, 7222, 108330420, 108331587, 420, 1587
2, 7223, 108345420, 108346518, 420, 1518
2, 7224, 108360420, 108364007, 420, 4007
2, 7225, 108375420, 108376587, 420, 1587
2, 7226, 108390420, 108391587, 420, 1587
2, 7227, 108405420, 108406761, 420, 1761
2, 7228, 108420420, 108421587, 420, 1587
2, 7229, 108435420, 108436587, 420, 1587
2, 723, 10845420, 10846518, 420, 1518
2, 7230, 108450420, 108451587, 420, 1587
2, 7231, 108465420, 108466587, 420, 1587
2, 7232, 108480420, 108482195, 420, 2195
2, 7233, 108495420, 108496541, 420, 1541
2, 7234, 108510420, 108511541, 420, 1541
2, 7235, 108525420, 108526541, 420, 1541
2, 7236, 108540420, 108541822, 420, 1822
2, 7237, 108555420, 108556541, 420, 1541
2, 7238, 108570420, 108573306, 420, 3306
2, 7239, 108585420, 108586518, 420, 1518
2, 724, 10860420, 10861587, 420, 1587
2, 7240, 108600420, 108601822, 420, 1822
2, 7241, 108615420, 108616518, 420, 1518
2, 7242, 108630420, 108631587, 420, 1587
2, 7243, 108645420, 108651256, 420, 6256
2, 7244, 108660420, 108661822, 420, 1822
2, 7245, 108675420, 108676587, 420, 1587
2, 7246, 108690420, 108691541, 420, 1541
2, 7247, 108705420, 108706518, 420, 1518
2, 7248, 108720420, 108722195, 420, 2195
2, 7249, 108735420, 108736541, 420, 1541
2, 725, 10875420, 10876541, 420, 1541
2, 7250, 108750420, 108752009, 420, 2009
2, 7251, 108765420, 108766518, 420, 1518
2, 7252, 108780420, 108784007, 420, 4007
2, 7253, 108795420, 108796518, 420, 1518
2, 7254, 108810420, 108811587, 420, 1587
2, 7255, 108825420, 108826587, 420, 1587
2, 7256, 108840420, 108841587, 420, 1587
2, 7257, 108855420, 108856587, 420, 1587
2, 7258, 108870420, 108871541, 420, 1541
2, 7259, 108885420, 108886725, 420, 1725
2, 726, 10890420, 10891822, 420, 1822
2, 7260, 108900420, 108902195, 420, 2195
2, 7261, 108915420, 108916541, 420, 1541
2, 7262, 108930420, 108931541, 420, 1541
2, 7263, 108945420, 108946518, 420, 1518
2, 7264, 108960420, 108962195, 420, 2195
2, 7265, 108975420, 108976587, 420, 1587
2, 7266, 108990420, 108993306, 420, 3306
2, 7267, 109005420, 109006541, 420, 1541
2, 7268, 109020420, 109021587, 420, 1587
2, 7269, 109035420, 109036518, 420, 1518
2, 727, 10905420, 10906541, 420, 1541
2, 7270, 109050420, 109051587, 420, 1587
2, 7271, 109065420, 109071883, 420, 6883
2, 7272, 109080420, 109081822, 420, 1822
2, 7273, 109095420, 109096541, 420, 1541
2, 7274, 109110420, 109111541, 420, 1541
2, 7275, 109125420, 109126587, 420, 1587
2, 7276, 109140420, 109141822, 420, 1822
2, 7277, 109155420, 109156541, 420, 1541
2, 7278, 109170420, 109171822, 420, 1822
2, 7279, 109185420, 109186518, 420, 1518
2, 728, 10920420, 10924007, 420, 4007
2, 7280, 109200420, 109203306, 420, 3306
2, 7281, 109215420, 109216518, 420, 1518
2, 7282, 109230420, 109231587, 420, 1587
2, 7283, 109245420, 109246541, 420, 1541
2, 7284, 109260420, 109261822, 420, 1822
2, 7285, 109275420, 109276725, 420, 1725
2, 7286, 109290420, 109291541, 420, 1541
2, 7287, 109305420, 109306541, 420, 1541
2, 7288, 109320420, 109321822, 420, 1822
2, 7289, 109335420, 109336541, 420, 1541
2, 729, 10935420, 10936518, 420, 1518
2, 7290, 109350420, 109351587, 420, 1587
2, 7291, 109365420, 109366541, 420, 1541
2, 7292, 109380420, 109381822, 420, 1822
2, 7293, 109395420, 109396541, 420, 1541
2, 7294, 109410420, 109413306, 420, 3306
2, 7295, 109425420, 109426725, 420, 1725
2, 7296, 109440420, 109441822, 420, 1822
2, 7297, 109455420, 109456518, 420, 1518
2, 7298, 109470420, 109471541, 420, 1541
2, 7299, 109485420, 109486541, 420, 1541
2, 73, 1095420, 1096518, 420, 1518
2, 730, 10950420, 10951587, 420, 1587
2, 7300, 109500420, 109502195, 420, 2195
2, 7301, 109515420, 109516541, 420, 1541
2, 7302, 109530420, 109531541, 420, 1541
2, 7303, 109545420, 109546518, 420, 1518
2, 7304, 109560420, 109561587, 420, 1587
2, 7305, 109575420, 109576587, 420, 1587
2, 7306, 109590420, 109591822, 420, 1822
2, 7307, 109605420, 109606541, 420, 1541
2, 7308, 109620420, 109624007, 420, 4007
2, 7309, 109635420, 109636518, 420, 1518
2, 731, 10965420, 10966587, 420, 1587
2, 7310, 109650420, 109651822, 420, 1822
2, 7311, 109665420, 109666541, 420, 1541
2, 7312, 109680420, 109682195, 420, 2195
2, 7313, 109695420, 109696587, 420, 1587
2, 7314, 109710420, 109711541, 420, 1541
2, 7315, 109725420, 109726587, 420, 1587
2, 7316, 109740420, 109741822, 420, 1822
2, 7317, 109755420, 109756541, 420, 1541
2, 7318, 109770420, 109771587, 420, 1587
2, 7319, 109785420, 109786518, 420, 1518
2, 732, 10980420, 10981822, 420, 1822
2, 7320, 109800420, 109802195, 420, 2195
2, 7321, 109815420, 109816518, 420, 1518
2, 7322, 109830420, 109833306, 420, 3306
2, 7323, 109845420, 109846725, 420, 1725
2, 7324, 109860420, 109861822, 420, 1822
2, 7325, 109875420, 109876541, 420, 1541
2, 7326, 109890420, 109891541, 420, 1541
2, 7327, 109905420, 109906725, 420, 1725
2, 7328, 109920420, 109922195, 420, 2195
2, 7329, 109935420, 109936587, 420, 1587
2, 733, 10995420, 10996541, 420, 1541
2, 7330, 109950420, 109951587, 420, 1587
2, 7331, 109965420, 109966518, 420, 1518
2, 7332, 109980420, 109981587, 420, 1587
2, 7333, 109995420, 109996541, 420, 1541
2, 7334, 110010420, 110012195, 420, 2195
2, 7335, 110025420, 110026587, 420, 1587
2, 7336, 110040420, 110044007, 420, 4007
2, 7337, 110055420, 110056518, 420, 1518
2, 7338, 110070420, 110071541, 420, 1541
2, 7339, 110085420, 110090206, 420, 5206
2, 734, 11010420, 11011541, 420, 1541
2, 7340, 110100420, 110102195, 420, 2195
2, 7341, 110115420, 110116541, 420, 1541
2, 7342, 110130420, 110131541, 420, 1541
2, 7343, 110145420, 110146541, 420, 1541
2, 7344, 110160420, 110162195, 420, 2195
2, 7345, 110175420, 110176587, 420, 1587
2, 7346, 110190420, 110191587, 420, 1587
2, 7347, 110205420, 110206518, 420, 1518
2, 7348, 110220420, 110221822, 420, 1822
2, 7349, 110235420, 110236518, 420, 1518
2, 735, 11025420, 11026587, 420, 1587
2, 7350, 110250420, 110253306, 420, 3306
2, 7351, 110265420, 110266541, 420, 1541
2, 7352, 110280420, 110281822, 420, 1822
2, 7353, 110295420, 110296518, 420, 1518
2, 7354, 110310420, 110311541, 420, 1541
2, 7355, 110325420, 110327827, 420, 2827
2, 7356, 110340420, 110341822, 420, 1822
2, 7357, 110355420, 110356587, 420, 1587
2, 7358, 110370420, 110371541, 420, 1541
2, 7359, 110385420, 110386518, 420, 1518
2, 736, 11040420, 11041822, 420, 1822
2, 7360, 110400420, 110402195, 420, 2195
2, 7361, 110415420, 110416541, 420, 1541
2, 7362, 110430420, 110432103, 420, 2103
2, 7363, 110445420, 110446541, 420, 1541
2, 7364, 110460420, 110464007, 420, 4007
2, 7365, 110475420, 110476541, 420, 1541
2, 7366, 110490420, 110491541, 420, 1541
2, 7367, 110505420, 110506541, 420, 1541
2, 7368, 110520420, 110521822, 420, 1822
2, 7369, 110535420, 110536587, 420, 1587
2, 737, 11055420, 11056541, 420, 1541
2, 7370, 110550420, 110551587, 420, 1587
2, 7371, 110565420, 110566587, 420, 1587
2, 7372, 110580420, 110581587, 420, 1587
2, 7373, 110595420, 110596541, 420, 1541
2, 7374, 110610420, 110611587, 420, 1587
2, 7375, 110625420, 110626541, 420, 1541
2, 7376, 110640420, 110642195, 420, 2195
2, 7377, 110655420, 110656518, 420, 1518
2, 7378, 110670420, 110673306, 420, 3306
2, 7379, 110685420, 110686541, 420, 1541
2, 738, 11070420, 11071985, 420, 1985
2, 7380, 110700420, 110701822, 420, 1822
2, 7381, 110715420, 110716518, 420, 1518
2, 7382, 110730420, 110731541, 420, 1541
2, 7383, 110745420, 110746587, 420, 1587
2, 7384, 110760420, 110761822, 420, 1822
2, 7385, 110775420, 110776725, 420, 1725
2, 7386, 110790420, 110791541, 420, 1541
2, 7387, 110805420, 110806541, 420, 1541
2, 7388, 110820420, 110821587, 420, 1587
2, 7389, 110835420, 110836518, 420, 1518
2, 739, 11085420, 11086541, 420, 1541
2, 7390, 110850420, 110852195, 420, 2195
2, 7391, 110865420, 110866541, 420, 1541
2, 7392, 110880420, 110883306, 420, 3306
2, 7393, 110895420, 110896518, 420, 1518
2, 7394, 110910420, 110911541, 420, 1541
2, 7395, 110925420, 110926587, 420, 1587
2, 7396, 110940420, 110941822, 420, 1822
2, 7397, 110955420, 110956587, 420, 1587
2, 7398, 110970420, 110971541, 420, 1541
2, 7399, 110985420, 110986541, 420, 1541
2, 74, 1110420, 1111587, 420, 1587
2, 740, 11100420, 11102195, 420, 2195
2, 7400, 111000420, 111001822, 420, 1822
2, 7401, 111015420, 111016541, 420, 1541
2, 7402, 111030420, 111031985, 420, 1985
2, 7403, 111045420, 111046587, 420, 1587
2, 7404, 111060420, 111061822, 420, 1822
2, 7405, 111075420, 111076541, 420, 1541
2, 7406, 111090420, 111092195, 420, 2195
2, 7407, 111105420, 111106572, 420, 1572
2, 7408, 111120420, 111122195, 420, 2195
2, 7409, 111135420, 111136518, 420, 1518
2, 741, 11115420, 11116518, 420, 1518
2, 7410, 111150420, 111151587, 420, 1587
2, 7411, 111165420, 111166587, 420, 1587
2, 7412, 111180420, 111181822, 420, 1822
2, 7413, 111195420, 111196587, 420, 1587
2, 7414, 111210420, 111211587, 420, 1587
2, 7415, 111225420, 111226541, 420, 1541
2, 7416, 111240420, 111241587, 420, 1587
2, 7417, 111255420, 111256518, 420, 1518
2, 7418, 111270420, 111271822, 420, 1822
2, 7419, 111285420, 111288176, 420, 3176
2, 742, 11130420, 11132195, 420, 2195
2, 7420, 111300420, 111303306, 420, 3306
2, 7421, 111315420, 111316518, 420, 1518
2, 7422, 111330420, 111331541, 420, 1541
2, 7423, 111345420, 111346518, 420, 1518
2, 7424, 111360420, 111362195, 420, 2195
2, 7425, 111375420, 111378921, 420, 3921
2, 7426, 111390420, 111391541, 420, 1541
2, 7427, 111405420, 111406541, 420, 1541
2, 7428, 111420420, 111421587, 420, 1587
2, 7429, 111435420, 111436541, 420, 1541
2, 743, 11145420, 11146587, 420, 1587
2, 7430, 111450420, 111452195, 420, 2195
2, 7431, 111465420, 111466541, 420, 1541
2, 7432, 111480420, 111481822, 420, 1822
2, 7433, 111495420, 111496518, 420, 1518
2, 7434, 111510420, 111512195, 420, 2195
2, 7435, 111525420, 111526725, 420, 1725
2, 7436, 111540420, 111541822, 420, 1822
2, 7437, 111555420, 111556541, 420, 1541
2, 7438, 111570420, 111571541, 420, 1541
2, 7439, 111585420, 111586587, 420, 1587
2, 744, 11160420, 11161822, 420, 1822
2, 7440, 111600420, 111602195, 420, 2195
2, 7441, 111615420, 111616587, 420, 1587
2, 7442, 111630420, 111631587, 420, 1587
2, 7443, 111645420, 111646518, 420, 1518
2, 7444, 111660420, 111661587, 420, 1587
2, 7445, 111675420, 111676541, 420, 1541
2, 7446, 111690420, 111691822, 420, 1822
2, 7447, 111705420, 111706708, 420, 1708
2, 7448, 111720420, 111723306, 420, 3306
2, 7449, 111735420, 111736518, 420, 1518
2, 745, 11175420, 11176541, 420, 1541
2, 7450, 111750420, 111751587, 420, 1587
2, 7451, 111765420, 111766541, 420, 1541
2, 7452, 111780420, 111781822, 420, 1822
2, 7453, 111795420, 111799724, 420, 4724
2, 7454, 111810420, 111811587, 420, 1587
2, 7455, 111825420, 111826587, 420, 1587
2, 7456, 111840420, 111841822, 420, 1822
2, 7457, 111855420, 111856518, 420, 1518
2, 7458, 111870420, 111871587, 420, 1587
2, 7459, 111885420, 111886541, 420, 1541
2, 746, 11190420, 11191541, 420, 1541
2, 7460, 111900420, 111902195, 420, 2195
2, 7461, 111915420, 111916518, 420, 1518
2, 7462, 111930420, 111932195, 420, 2195
2, 7463, 111945420, 111946541, 420, 1541
2, 7464, 111960420, 111961822, 420, 1822
2, 7465, 111975420, 111976587, 420, 1587
2, 7466, 111990420, 111991541, 420, 1541
2, 7467, 112005420, 112009048, 420, 4048
2, 7468, 112020420, 112021587, 420, 1587
2, 7469, 112035420, 112036587, 420, 1587
2, 747, 11205420, 11209048, 420, 4048
2, 7470, 112050420, 112051822, 420, 1822
2, 7471, 112065420, 112066541, 420, 1541
2, 7472, 112080420, 112081822, 420, 1822
2, 7473, 112095420, 112096518, 420, 1518
2, 7474, 112110420, 112111587, 420, 1587
2, 7475, 112125420, 112126587, 420, 1587
2, 7476, 112140420, 112143306, 420, 3306
2, 7477, 112155420, 112156518, 420, 1518
2, 7478, 112170420, 112171541, 420, 1541
2, 7479, 112185420, 112186518, 420, 1518
2, 748, 11220420, 11221822, 420, 1822
2, 7480, 112200420, 112202195, 420, 2195
2, 7481, 112215420, 112216686, 420, 1686
2, 7482, 112230420, 112231587, 420, 1587
2, 7483, 112245420, 112246587, 420, 1587
2, 7484, 112260420, 112261587, 420, 1587
2, 7485, 112275420, 112276541, 420, 1541
2, 7486, 112290420, 112291587, 420, 1587
2, 7487, 112305420, 112306541, 420, 1541
2, 7488, 112320420, 112322195, 420, 2195
2, 7489, 112335420, 112336518, 420, 1518
2, 749, 11235420, 11236587, 420, 1587
2, 7490, 112350420, 112354031, 420, 4031
2, 7491, 112365420, 112366518, 420, 1518
2, 7492, 112380420, 112381822, 420, 1822
2, 7493, 112395420, 112396541, 420, 1541
2, 7494, 112410420, 112411541, 420, 1541
2, 7495, 112425420, 112426725, 420, 1725
2, 7496, 112440420, 112441587, 420, 1587
2, 7497, 112455420, 112456587, 420, 1587
2, 7498, 112470420, 112471587, 420, 1587
2, 7499, 112485420, 112486587, 420, 1587
2, 75, 1125420, 1135930, 420, 10930
2, 750, 11250420, 11251822, 420, 1822
2, 7500, 112500420, 112501822, 420, 1822
2, 7501, 112515420, 112516518, 420, 1518
2, 7502, 112530420, 112531587, 420, 1587
2, 7503, 112545420, 112546541, 420, 1541
2, 7504, 112560420, 112565272, 420, 5272
2, 7505, 112575420, 112576587, 420, 1587
2, 7506, 112590420, 112591541, 420, 1541
2, 7507, 112605420, 112606518, 420, 1518
2, 7508, 112620420, 112621587, 420, 1587
2, 7509, 112635420, 112638725, 420, 3725
2, 751, 11265420, 11266518, 420, 1518
2, 7510, 112650420, 112651822, 420, 1822
2, 7511, 112665420, 112666541, 420, 1541
2, 7512, 112680420, 112681587, 420, 1587
2, 7513, 112695420, 112696518, 420, 1518
2, 7514, 112710420, 112711587, 420, 1587
2, 7515, 112725420, 112728807, 420, 3807
2, 7516, 112740420, 112742195, 420, 2195
2, 7517, 112755420, 112756518, 420, 1518
2, 7518, 112770420, 112772195, 420, 2195
2, 7519, 112785420, 112786518, 420, 1518
2, 752, 11280420, 11281822, 420, 1822
2, 7520, 112800420, 112804002, 420, 4002
2, 7521, 112815420, 112816541, 420, 1541
2, 7522, 112830420, 112831544, 420, 1544
2, 7523, 112845420, 112846587, 420, 1587
2, 7524, 112860420, 112861587, 420, 1587
2, 7525, 112875420, 112876587, 420, 1587
2, 7526, 112890420, 112891587, 420, 1587
2, 7527, 112905420, 112906541, 420, 1541
2, 7528, 112920420, 112921587, 420, 1587
2, 7529, 112935420, 112936518, 420, 1518
2, 753, 11295420, 11296518, 420, 1518
2, 7530, 112950420, 112951822, 420, 1822
2, 7531, 112965420, 112966587, 420, 1587
2, 7532, 112980420, 112983306, 420, 3306
2, 7533, 112995420, 112996541, 420, 1541
2, 7534, 113010420, 113011541, 420, 1541
2, 7535, 113025420, 113026541, 420, 1541
2, 7536, 113040420, 113041822, 420, 1822
2, 7537, 113055420, 113056725, 420, 1725
2, 7538, 113070420, 113071587, 420, 1587
2, 7539, 113085420, 113086587, 420, 1587
2, 754, 11310420, 11311822, 420, 1822
2, 7540, 113100420, 113101822, 420, 1822
2, 7541, 113115420, 113116518, 420, 1518
2, 7542, 113130420, 113131541, 420, 1541
2, 7543, 113145420, 113146541, 420, 1541
2, 7544, 113160420, 113162195, 420, 2195
2, 7545, 113175420, 113176541, 420, 1541
2, 7546, 113190420, 113192195, 420, 2195
2, 7547, 113205420, 113206541, 420, 1541
2, 7548, 113220420, 113221822, 420, 1822
2, 7549, 113235420, 113236541, 420, 1541
2, 755, 11325420, 11326587, 420, 1587
2, 7550, 113250420, 113251822, 420, 1822
2, 7551, 113265420, 113266587, 420, 1587
2, 7552, 113280420, 113281822, 420, 1822
2, 7553, 113295420, 113296541, 420, 1541
2, 7554, 113310420, 113311587, 420, 1587
2, 7555, 113325420, 113326587, 420, 1587
2, 7556, 113340420, 113341587, 420, 1587
2, 7557, 113355420, 113356518, 420, 1518
2, 7558, 113370420, 113371587, 420, 1587
2, 7559, 113385420, 113386518, 420, 1518
2, 756, 11340420, 11344007, 420, 4007
2, 7560, 113400420, 113403306, 420, 3306
2, 7561, 113415420, 113416541, 420, 1541
2, 7562, 113430420, 113431541, 420, 1541
2, 7563, 113445420, 113446541, 420, 1541
2, 7564, 113460420, 113461587, 420, 1587
2, 7565, 113475420, 113478359, 420, 3359
2, 7566, 113490420, 113491587, 420, 1587
2, 7567, 113505420, 113506587, 420, 1587
2, 7568, 113520420, 113521822, 420, 1822
2, 7569, 113535420, 113536518, 420, 1518
2, 757, 11355420, 11356518, 420, 1518
2, 7570, 113550420, 113551587, 420, 1587
2, 7571, 113565420, 113566541, 420, 1541
2, 7572, 113580420, 113582195, 420, 2195
2, 7573, 113595420, 113596518, 420, 1518
2, 7574, 113610420, 113612195, 420, 2195
2, 7575, 113625420, 113626541, 420, 1541
2, 7576, 113640420, 113641587, 420, 1587
2, 7577, 113655420, 113656640, 420, 1640
2, 7578, 113670420, 113671587, 420, 1587
2, 7579, 113685420, 113688702, 420, 3702
2, 758, 11370420, 11371541, 420, 1541
2, 7580, 113700420, 113701822, 420, 1822
2, 7581, 113715420, 113716541, 420, 1541
2, 7582, 113730420, 113731587, 420, 1587
2, 7583, 113745420, 113746541, 420, 1541
2, 7584, 113760420, 113762195, 420, 2195
2, 7585, 113775420, 113776541, 420, 1541
2, 7586, 113790420, 113791587, 420, 1587
2, 7587, 113805420, 113806518, 420, 1518
2, 7588, 113820420, 113823306, 420, 3306
2, 7589, 113835420, 113836541, 420, 1541
2, 759, 11385420, 11386518, 420, 1518
2, 7590, 113850420, 113851822, 420, 1822
2, 7591, 113865420, 113866518, 420, 1518
2, 7592, 113880420, 113881587, 420, 1587
2, 7593, 113895420, 113896587, 420, 1587
2, 7594, 113910420, 113911587, 420, 1587
2, 7595, 113925420, 113927827, 420, 2827
2, 7596, 113940420, 113941587, 420, 1587
2, 7597, 113955420, 113956518, 420, 1518
2, 7598, 113970420, 113971541, 420, 1541
2, 7599, 113985420, 113986541, 420, 1541
2, 76, 1140420, 1141587, 420, 1587
2, 760, 11400420, 11402195, 420, 2195
2, 7600, 114000420, 114004002, 420, 4002
2, 7601, 114015420, 114016541, 420, 1541
2, 7602, 114030420, 114032195, 420, 2195
2, 7603, 114045420, 114046518, 420, 1518
2, 7604, 114060420, 114061587, 420, 1587
2, 7605, 114075420, 114076587, 420, 1587
2, 7606, 114090420, 114091939, 420, 1939
2, 7607, 114105420, 114107836, 420, 2836
2, 7608, 114120420, 114121587, 420, 1587
2, 7609, 114135420, 114136541, 420, 1541
2, 761, 11415420, 11416587, 420, 1587
2, 7610, 114150420, 114151587, 420, 1587
2, 7611, 114165420, 114172252, 420, 7252
2, 7612, 114180420, 114181822, 420, 1822
2, 7613, 114195420, 114196541, 420, 1541
2, 7614, 114210420, 114211587, 420, 1587
2, 7615, 114225420, 114226541, 420, 1541
2, 7616, 114240420, 114245272, 420, 5272
2, 7617, 114255420, 114256725, 420, 1725
2, 7618, 114270420, 114271587, 420, 1587
2, 7619, 114285420, 114286518, 420, 1518
2, 762, 11430420, 11431541, 420, 1541
2, 7620, 114300420, 114301822, 420, 1822
2, 7621, 114315420, 114316587, 420, 1587
2, 7622, 114330420, 114331587, 420, 1587
2, 7623, 114345420, 114346587, 420, 1587
2, 7624, 114360420, 114361735, 420, 1735
2, 7625, 114375420, 114376541, 420, 1541
2, 7626, 114390420, 114391541, 420, 1541
2, 7627, 114405420, 114406541, 420, 1541
2, 7628, 114420420, 114422195, 420, 2195
2, 7629, 114435420, 114436541, 420, 1541
2, 763, 11445420, 11446587, 420, 1587
2, 7630, 114450420, 114454031, 420, 4031
2, 7631, 114465420, 114466518, 420, 1518
2, 7632, 114480420, 114481822, 420, 1822
2, 7633, 114495420, 114496541, 420, 1541
2, 7634, 114510420, 114511587, 420, 1587
2, 7635, 114525420, 114526725, 420, 1725
2, 7636, 114540420, 114541587, 420, 1587
2, 7637, 114555420, 114556541, 420, 1541
2, 7638, 114570420, 114571541, 420, 1541
2, 7639, 114585420, 114586541, 420, 1541
2, 764, 11460420, 11461587, 420, 1587
2, 7640, 114600420, 114603547, 420, 3547
2, 7641, 114615420, 114616541, 420, 1541
2, 7642, 114630420, 114631587, 420, 1587
2, 7643, 114645420, 114646541, 420, 1541
2, 7644, 114660420, 114664007, 420, 4007
2, 7645, 114675420, 114676587, 420, 1587
2, 7646, 114690420, 114691587, 420, 1587
2, 7647, 114705420, 114706518, 420, 1518
2, 7648, 114720420, 114721822, 420, 1822
2, 7649, 114735420, 114736587, 420, 1587
2, 765, 11475420, 11476587, 420, 1587
2, 7650, 114750420, 114751822, 420, 1822
2, 7651, 114765420, 114766587, 420, 1587
2, 7652, 114780420, 114781822, 420, 1822
2, 7653, 114795420, 114796518, 420, 1518
2, 7654, 114810420, 114811541, 420, 1541
2, 7655, 114825420, 114826541, 420, 1541
2, 7656, 114840420, 114842195, 420, 2195
2, 7657, 114855420, 114856541, 420, 1541
2, 7658, 114870420, 114872195, 420, 2195
2, 7659, 114885420, 114886541, 420, 1541
2, 766, 11490420, 11491587, 420, 1587
2, 7660, 114900420, 114901822, 420, 1822
2, 7661, 114915420, 114916518, 420, 1518
2, 7662, 114930420, 114931587, 420, 1587
2, 7663, 114945420, 114946587, 420, 1587
2, 7664, 114960420, 114961822, 420, 1822
2, 7665, 114975420, 114976587, 420, 1587
2, 7666, 114990420, 114991541, 420, 1541
2, 7667, 115005420, 115006541, 420, 1541
2, 7668, 115020420, 115021822, 420, 1822
2, 7669, 115035420, 115036541, 420, 1541
2, 767, 11505420, 11506541, 420, 1541
2, 7670, 115050420, 115051822, 420, 1822
2, 7671, 115065420, 115066518, 420, 1518
2, 7672, 115080420, 115084007, 420, 4007
2, 7673, 115095420, 115096541, 420, 1541
2, 7674, 115110420, 115111587, 420, 1587
2, 7675, 115125420, 115126587, 420, 1587
2, 7676, 115140420, 115141587, 420, 1587
2, 7677, 115155420, 115156587, 420, 1587
2, 7678, 115170420, 115171541, 420, 1541
2, 7679, 115185420, 115189172, 420, 4172
2, 768, 11520420, 11522195, 420, 2195
2, 7680, 115200420, 115204002, 420, 4002
2, 7681, 115215420, 115216541, 420, 1541
2, 7682, 115230420, 115231541, 420, 1541
2, 7683, 115245420, 115246518, 420, 1518
2, 7684, 115260420, 115262195, 420, 2195
2, 7685, 115275420, 115276587, 420, 1587
2, 7686, 115290420, 115293881, 420, 3881
2, 7687, 115305420, 115306518, 420, 1518
2, 7688, 115320420, 115321587, 420, 1587
2, 7689, 115335420, 115336518, 420, 1518
2, 769, 11535420, 11536518, 420, 1518
2, 7690, 115350420, 115351822, 420, 1822
2, 7691, 115365420, 115371256, 420, 6256
2, 7692, 115380420, 115381587, 420, 1587
2, 7693, 115395420, 115396541, 420, 1541
2, 7694, 115410420, 115411541, 420, 1541
2, 7695, 115425420, 115426541, 420, 1541
2, 7696, 115440420, 115442195, 420, 2195
2, 7697, 115455420, 115456541, 420, 1541
2, 7698, 115470420, 115471587, 420, 1587
2, 7699, 115485420, 115486518, 420, 1518
2, 77, 1155420, 1156541, 420, 1541
2, 770, 11550420, 11554031, 420, 4031
2, 7700, 115500420, 115504031, 420, 4031
2, 7701, 115515420, 115516541, 420, 1541
2, 7702, 115530420, 115531800, 420, 1800
2, 7703, 115545420, 115546541, 420, 1541
2, 7704, 115560420, 115561587, 420, 1587
2, 7705, 115575420, 115576725, 420, 1725
2, 7706, 115590420, 115591541, 420, 1541
2, 7707, 115605420, 115606725, 420, 1725
2, 7708, 115620420, 115621822, 420, 1822
2, 7709, 115635420, 115636541, 420, 1541
2, 771, 11565420, 11566541, 420, 1541
2, 7710, 115650420, 115651587, 420, 1587
2, 7711, 115665420, 115666518, 420, 1518
2, 7712, 115680420, 115682195, 420, 2195
2, 7713, 115695420, 115696541, 420, 1541
2, 7714, 115710420, 115713306, 420, 3306
2, 7715, 115725420, 115726541, 420, 1541
2, 7716, 115740420, 115741587, 420, 1587
2, 7717, 115755420, 115756518, 420, 1518
2, 7718, 115770420, 115771587, 420, 1587
2, 7719, 115785420, 115790249, 420, 5249
2, 772, 11580420, 11581822, 420, 1822
2, 7720, 115800420, 115802195, 420, 2195
2, 7721, 115815420, 115816541, 420, 1541
2, 7722, 115830420, 115831541, 420, 1541
2, 7723, 115845420, 115846541, 420, 1541
2, 7724, 115860420, 115861822, 420, 1822
2, 7725, 115875420, 115876587, 420, 1587
2, 7726, 115890420, 115891587, 420, 1587
2, 7727, 115905420, 115906518, 420, 1518
2, 7728, 115920420, 115923306, 420, 3306
2, 7729, 115935420, 115936518, 420, 1518
2, 773, 11595420, 11596518, 420, 1518
2, 7730, 115950420, 115951822, 420, 1822
2, 7731, 115965420, 115966541, 420, 1541
2, 7732, 115980420, 115981587, 420, 1587
2, 7733, 115995420, 115996587, 420, 1587
2, 7734, 116010420, 116011541, 420, 1541
2, 7735, 116025420, 116026725, 420, 1725
2, 7736, 116040420, 116041822, 420, 1822
2, 7737, 116055420, 116056541, 420, 1541
2, 7738, 116070420, 116071541, 420, 1541
2, 7739, 116085420, 116086541, 420, 1541
2, 774, 11610420, 11611541, 420, 1541
2, 7740, 116100420, 116102195, 420, 2195
2, 7741, 116115420, 116116541, 420, 1541
2, 7742, 116130420, 116133306, 420, 3306
2, 7743, 116145420, 116146518, 420, 1518
2, 7744, 116160420, 116161822, 420, 1822
2, 7745, 116175420, 116176541, 420, 1541
2, 7746, 116190420, 116191541, 420, 1541
2, 7747, 116205420, 116207836, 420, 2836
2, 7748, 116220420, 116221822, 420, 1822
2, 7749, 116235420, 116236541, 420, 1541
2, 775, 11625420, 11626725, 420, 1725
2, 7750, 116250420, 116251587, 420, 1587
2, 7751, 116265420, 116266518, 420, 1518
2, 7752, 116280420, 116281822, 420, 1822
2, 7753, 116295420, 116296541, 420, 1541
2, 7754, 116310420, 116311822, 420, 1822
2, 7755, 116325420, 116326587, 420, 1587
2, 7756, 116340420, 116344007, 420, 4007
2, 7757, 116355420, 116356518, 420, 1518
2, 7758, 116370420, 116371587, 420, 1587
2, 7759, 116385420, 116386725, 420, 1725
2, 776, 11640420, 11641587, 420, 1587
2, 7760, 116400420, 116404002, 420, 4002
2, 7761, 116415420, 116416587, 420, 1587
2, 7762, 116430420, 116431541, 420, 1541
2, 7763, 116445420, 116446541, 420, 1541
2, 7764, 116460420, 116461822, 420, 1822
2, 7765, 116475420, 116476587, 420, 1587
2, 7766, 116490420, 116491541, 420, 1541
2, 7767, 116505420, 116506518, 420, 1518
2, 7768, 116520420, 116521822, 420, 1822
2, 7769, 116535420, 116536541, 420, 1541
2, 777, 11655420, 11656587, 420, 1587
2, 7770, 116550420, 116553306, 420, 3306
2, 7771, 116565420, 116567444, 420, 2444
2, 7772, 116580420, 116581822, 420, 1822
2, 7773, 116595420, 116596518, 420, 1518
2, 7774, 116610420, 116611541, 420, 1541
2, 7775, 116625420, 116626587, 420, 1587
2, 7776, 116640420, 116642195, 420, 2195
2, 7777, 116655420, 116656541, 420, 1541
2, 7778, 116670420, 116671541, 420, 1541
2, 7779, 116685420, 116686518, 420, 1518
2, 778, 11670420, 11671587, 420, 1587
2, 7780, 116700420, 116701822, 420, 1822
2, 7781, 116715420, 116716541, 420, 1541
2, 7782, 116730420, 116731904, 420, 1904
2, 7783, 116745420, 116746518, 420, 1518
2, 7784, 116760420, 116764007, 420, 4007
2, 7785, 116775420, 116776541, 420, 1541
2, 7786, 116790420, 116791587, 420, 1587
2, 7787, 116805420, 116810480, 420, 5480
2, 7788, 116820420, 116821822, 420, 1822
2, 7789, 116835420, 116836587, 420, 1587
2, 779, 11685420, 11686541, 420, 1541
2, 7790, 116850420, 116851587, 420, 1587
2, 7791, 116865420, 116866541, 420, 1541
2, 7792, 116880420, 116882195, 420, 2195
2, 7793, 116895420, 116896541, 420, 1541
2, 7794, 116910420, 116911587, 420, 1587
2, 7795, 116925420, 116926541, 420, 1541
2, 7796, 116940420, 116941822, 420, 1822
2, 7797, 116955420, 116956518, 420, 1518
2, 7798, 116970420, 116973306, 420, 3306
2, 7799, 116985420, 116986541, 420, 1541
2, 78, 1170420, 1171541, 420, 1541
2, 780, 11700420, 11701822, 420, 1822
2, 7800, 117000420, 117001822, 420, 1822
2, 7801, 117015420, 117016518, 420, 1518
2, 7802, 117030420, 117031541, 420, 1541
2, 7803, 117045420, 117048193, 420, 3193
2, 7804, 117060420, 117061822, 420, 1822
2, 7805, 117075420, 117076725, 420, 1725
2, 7806, 117090420, 117091541, 420, 1541
2, 7807, 117105420, 117106518, 420, 1518
2, 7808, 117120420, 117121822, 420, 1822
2, 7809, 117135420, 117136541, 420, 1541
2, 781, 11715420, 11716518, 420, 1518
2, 7810, 117150420, 117152195, 420, 2195
2, 7811, 117165420, 117166518, 420, 1518
2, 7812, 117180420, 117184007, 420, 4007
2, 7813, 117195420, 117196518, 420, 1518
2, 7814, 117210420, 117211541, 420, 1541
2, 7815, 117225420, 117226991, 420, 1991
2, 7816, 117240420, 117241822, 420, 1822
2, 7817, 117255420, 117256587, 420, 1587
2, 7818, 117270420, 117271541, 420, 1541
2, 7819, 117285420, 117286587, 420, 1587
2, 782, 11730420, 11731822, 420, 1822
2, 7820, 117300420, 117302195, 420, 2195
2, 7821, 117315420, 117316541, 420, 1541
2, 7822, 117330420, 117331587, 420, 1587
2, 7823, 117345420, 117346518, 420, 1518
2, 7824, 117360420, 117362195, 420, 2195
2, 7825, 117375420, 117376541, 420, 1541
2, 7826, 117390420, 117393306, 420, 3306
2, 7827, 117405420, 117407217, 420, 2217
2, 7828, 117420420, 117421822, 420, 1822
2, 7829, 117435420, 117436518, 420, 1518
2, 783, 11745420, 11746541, 420, 1541
2, 7830, 117450420, 117451587, 420, 1587
2, 7831, 117465420, 117466587, 420, 1587
2, 7832, 117480420, 117481822, 420, 1822
2, 7833, 117495420, 117496587, 420, 1587
2, 7834, 117510420, 117511541, 420, 1541
2, 7835, 117525420, 117526587, 420, 1587
2, 7836, 117540420, 117541587, 420, 1587
2, 7837, 117555420, 117556541, 420, 1541
2, 7838, 117570420, 117571822, 420, 1822
2, 7839, 117585420, 117586541, 420, 1541
2, 784, 11760420, 11763563, 420, 3563
2, 7840, 117600420, 117603306, 420, 3306
2, 7841, 117615420, 117616518, 420, 1518
2, 7842, 117630420, 117631541, 420, 1541
2, 7843, 117645420, 117646541, 420, 1541
2, 7844, 117660420, 117661822, 420, 1822
2, 7845, 117675420, 117676587, 420, 1587
2, 7846, 117690420, 117691541, 420, 1541
2, 7847, 117705420, 117706541, 420, 1541
2, 7848, 117720420, 117721587, 420, 1587
2, 7849, 117735420, 117736541, 420, 1541
2, 785, 11775420, 11776541, 420, 1541
2, 7850, 117750420, 117751822, 420, 1822
2, 7851, 117765420, 117766541, 420, 1541
2, 7852, 117780420, 117781822, 420, 1822
2, 7853, 117795420, 117796518, 420, 1518
2, 7854, 117810420, 117813306, 420, 3306
2, 7855, 117825420, 117826587, 420, 1587
2, 7856, 117840420, 117841822, 420, 1822
2, 7857, 117855420, 117856518, 420, 1518
2, 7858, 117870420, 117871541, 420, 1541
2, 7859, 117885420, 117886587, 420, 1587
2, 786, 11790420, 11791541, 420, 1541
2, 7860, 117900420, 117902195, 420, 2195
2, 7861, 117915420, 117916587, 420, 1587
2, 7862, 117930420, 117931541, 420, 1541
2, 7863, 117945420, 117946518, 420, 1518
2, 7864, 117960420, 117961587, 420, 1587
2, 7865, 117975420, 117976541, 420, 1541
2, 7866, 117990420, 117991822, 420, 1822
2, 7867, 118005420, 118006587, 420, 1587
2, 7868, 118020420, 118024007, 420, 4007
2, 7869, 118035420, 118036518, 420, 1518
2, 787, 11805420, 11806518, 420, 1518
2, 7870, 118050420, 118051587, 420, 1587
2, 7871, 118065420, 118066541, 420, 1541
2, 7872, 118080420, 118082195, 420, 2195
2, 7873, 118095420, 118096601, 420, 1601
2, 7874, 118110420, 118111541, 420, 1541
2, 7875, 118125420, 118126587, 420, 1587
2, 7876, 118140420, 118141587, 420, 1587
2, 7877, 118155420, 118156541, 420, 1541
2, 7878, 118170420, 118172471, 420, 2471
2, 7879, 118185420, 118186541, 420, 1541
2, 788, 11820420, 11821822, 420, 1822
2, 7880, 118200420, 118202195, 420, 2195
2, 7881, 118215420, 118216518, 420, 1518
2, 7882, 118230420, 118232195, 420, 2195
2, 7883, 118245420, 118252887, 420, 7887
2, 7884, 118260420, 118261822, 420, 1822
2, 7885, 118275420, 118276587, 420, 1587
2, 7886, 118290420, 118291541, 420, 1541
2, 7887, 118305420, 118306587, 420, 1587
2, 7888, 118320420, 118322195, 420, 2195
2, 7889, 118335420, 118336587, 420, 1587
2, 789, 11835420, 11836725, 420, 1725
2, 7890, 118350420, 118351822, 420, 1822
2, 7891, 118365420, 118366518, 420, 1518
2, 7892, 118380420, 118381587, 420, 1587
2, 7893, 118395420, 118396518, 420, 1518
2, 7894, 118410420, 118411822, 420, 1822
2, 7895, 118425420, 118426587, 420, 1587
2, 7896, 118440420, 118444007, 420, 4007
2, 7897, 118455420, 118456518, 420, 1518
2, 7898, 118470420, 118471541, 420, 1541
2, 7899, 118485420, 118486541, 420, 1541
2, 79, 1185420, 1186518, 420, 1518
2, 790, 11850420, 11851587, 420, 1587
2, 7900, 118500420, 118502195, 420, 2195
2, 7901, 118515420, 118516587, 420, 1587
2, 7902, 118530420, 118531541, 420, 1541
2, 7903, 118545420, 118546541, 420, 1541
2, 7904, 118560420, 118561822, 420, 1822
2, 7905, 118575420, 118576587, 420, 1587
2, 7906, 118590420, 118591587, 420, 1587
2, 7907, 118605420, 118606541, 420, 1541
2, 7908, 118620420, 118621822, 420, 1822
2, 7909, 118635420, 118636518, 420, 1518
2, 791, 11865420, 11866541, 420, 1541
2, 7910, 118650420, 118654031, 420, 4031
2, 7911, 118665420, 118666541, 420, 1541
2, 7912, 118680420, 118681822, 420, 1822
2, 7913, 118695420, 118696518, 420, 1518
2, 7914, 118710420, 118711541, 420, 1541
2, 7915, 118725420, 118727827, 420, 2827
2, 7916, 118740420, 118741587, 420, 1587
2, 7917, 118755420, 118756587, 420, 1587
2, 7918, 118770420, 118771587, 420, 1587
2, 7919, 118785420, 118786518, 420, 1518
2, 792, 11880420, 11881587, 420, 1587
2, 7920, 118800420, 118802195, 420, 2195
2, 7921, 118815420, 118816518, 420, 1518
2, 7922, 118830420, 118831822, 420, 1822
2, 7923, 118845420, 118846541, 420, 1541
2, 7924, 118860420, 118864173, 420, 4173
2, 7925, 118875420, 118876541, 420, 1541
2, 7926, 118890420, 118891541, 420, 1541
2, 7927, 118905420, 118906518, 420, 1518
2, 7928, 118920420, 118921822, 420, 1822
2, 7929, 118935420, 118936725, 420, 1725
2, 793, 11895420, 11896518, 420, 1518
2, 7930, 118950420, 118951587, 420, 1587
2, 7931, 118965420, 118966587, 420, 1587
2, 7932, 118980420, 118981587, 420, 1587
2, 7933, 118995420, 118996518, 420, 1518
2, 7934, 119010420, 119011587, 420, 1587
2, 7935, 119025420, 119026587, 420, 1587
2, 7936, 119040420, 119042195, 420, 2195
2, 7937, 119055420, 119056518, 420, 1518
2, 7938, 119070420, 119072195, 420, 2195
2, 7939, 119085420, 119086541, 420, 1541
2, 794, 11910420, 11911587, 420, 1587
2, 7940, 119100420, 119102195, 420, 2195
2, 7941, 119115420, 119116541, 420, 1541
2, 7942, 119130420, 119131541, 420, 1541
2, 7943, 119145420, 119146587, 420, 1587
2, 7944, 119160420, 119161587, 420, 1587
2, 7945, 119175420, 119176725, 420, 1725
2, 7946, 119190420, 119191822, 420, 1822
2, 7947, 119205420, 119206587, 420, 1587
2, 7948, 119220420, 119221587, 420, 1587
2, 7949, 119235420, 119236518, 420, 1518
2, 795, 11925420, 11926725, 420, 1725
2, 7950, 119250420, 119251822, 420, 1822
2, 7951, 119265420, 119266541, 420, 1541
2, 7952, 119280420, 119285272, 420, 5272
2, 7953, 119295420, 119296518, 420, 1518
2, 7954, 119310420, 119311541, 420, 1541
2, 7955, 119325420, 119326541, 420, 1541
2, 7956, 119340420, 119341822, 420, 1822
2, 7957, 119355420, 119356686, 420, 1686
2, 7958, 119370420, 119371587, 420, 1587
2, 7959, 119385420, 119386541, 420, 1541
2, 796, 11940420, 11941822, 420, 1822
2, 7960, 119400420, 119401822, 420, 1822
2, 7961, 119415420, 119416518, 420, 1518
2, 7962, 119430420, 119431587, 420, 1587
2, 7963, 119445420, 119448437, 420, 3437
2, 7964, 119460420, 119462195, 420, 2195
2, 7965, 119475420, 119476541, 420, 1541
2, 7966, 119490420, 119492195, 420, 2195
2, 7967, 119505420, 119506518, 420, 1518
2, 7968, 119520420, 119522195, 420, 2195
2, 7969, 119535420, 119536541, 420, 1541
2, 797, 11955420, 11956518, 420, 1518
2, 7970, 119550420, 119551587, 420, 1587
2, 7971, 119565420, 119566587, 420, 1587
2, 7972, 119580420, 119581587, 420, 1587
2, 7973, 119595420, 119596587, 420, 1587
2, 7974, 119610420, 119612146, 420, 2146
2, 7975, 119625420, 119626587, 420, 1587
2, 7976, 119640420, 119641587, 420, 1587
2, 7977, 119655420, 119656518, 420, 1518
2, 7978, 119670420, 119671587, 420, 1587
2, 7979, 119685420, 119686587, 420, 1587
2, 798, 11970420, 11972195, 420, 2195
2, 7980, 119700420, 119703306, 420, 3306
2, 7981, 119715420, 119716518, 420, 1518
2, 7982, 119730420, 119731541, 420, 1541
2, 7983, 119745420, 119746518, 420, 1518
2, 7984, 119760420, 119761822, 420, 1822
2, 7985, 119775420, 119777827, 420, 2827
2, 7986, 119790420, 119791587, 420, 1587
2, 7987, 119805420, 119806541, 420, 1541
2, 7988, 119820420, 119821587, 420, 1587
2, 7989, 119835420, 119836518, 420, 1518
2, 799, 11985420, 11986541, 420, 1541
2, 7990, 119850420, 119851822, 420, 1822
2, 7991, 119865420, 119866541, 420, 1541
2, 7992, 119880420, 119882195, 420, 2195
2, 7993, 119895420, 119896518, 420, 1518
2, 7994, 119910420, 119912195, 420, 2195
2, 7995, 119925420, 119926587, 420, 1587
2, 7996, 119940420, 119941822, 420, 1822
2, 7997, 119955420, 119956541, 420, 1541
2, 7998, 119970420, 119971541, 420, 1541
2, 7999, 119985420, 119986587, 420, 1587
2, 8, 120420, 121587, 420, 1587
2, 80, 1200420, 1204002, 420, 4002
2, 800, 12000420, 12004002, 420, 4002
2, 8000, 120000420, 120002195, 420, 2195
2, 8001, 120015420, 120016541, 420, 1541
2, 8002, 120030420, 120031587, 420, 1587
2, 8003, 120045420, 120046541, 420, 1541
2, 8004, 120060420, 120061587, 420, 1587
2, 8005, 120075420, 120076541, 420, 1541
2, 8006, 120090420, 120091587, 420, 1587
2, 8007, 120105420, 120106541, 420, 1541
2, 8008, 120120420, 120123306, 420, 3306
2, 8009, 120135420, 120136541, 420, 1541
2, 801, 12015420, 12016541, 420, 1541
2, 8010, 120150420, 120151587, 420, 1587
2, 8011, 120165420, 120166541, 420, 1541
2, 8012, 120180420, 120181587, 420, 1587
2, 8013, 120195420, 120196541, 420, 1541
2, 8014, 120210420, 120211587, 420, 1587
2, 8015, 120225420, 120226587, 420, 1587
2, 8016, 120240420, 120241822, 420, 1822
2, 8017, 120255420, 120256518, 420, 1518
2, 8018, 120270420, 120271541, 420, 1541
2, 8019, 120285420, 120287463, 420, 2463
2, 802, 12030420, 12031541, 420, 1541
2, 8020, 120300420, 120303841, 420, 3841
2, 8021, 120315420, 120316518, 420, 1518
2, 8022, 120330420, 120332195, 420, 2195
2, 8023, 120345420, 120346518, 420, 1518
2, 8024, 120360420, 120361822, 420, 1822
2, 8025, 120375420, 120376587, 420, 1587
2, 8026, 120390420, 120391587, 420, 1587
2, 8027, 120405420, 120409048, 420, 4048
2, 8028, 120420420, 120421587, 420, 1587
2, 8029, 120435420, 120436541, 420, 1541
2, 803, 12045420, 12046587, 420, 1587
2, 8030, 120450420, 120451822, 420, 1822
2, 8031, 120465420, 120466541, 420, 1541
2, 8032, 120480420, 120481822, 420, 1822
2, 8033, 120495420, 120496518, 420, 1518
2, 8034, 120510420, 120511587, 420, 1587
2, 8035, 120525420, 120526541, 420, 1541
2, 8036, 120540420, 120543306, 420, 3306
2, 8037, 120555420, 120556541, 420, 1541
2, 8038, 120570420, 120571541, 420, 1541
2, 8039, 120585420, 120586518, 420, 1518
2, 804, 12060420, 12061587, 420, 1587
2, 8040, 120600420, 120601822, 420, 1822
2, 8041, 120615420, 120616725, 420, 1725
2, 8042, 120630420, 120631587, 420, 1587
2, 8043, 120645420, 120646725, 420, 1725
2, 8044, 120660420, 120661587, 420, 1587
2, 8045, 120675420, 120676541, 420, 1541
2, 8046, 120690420, 120691541, 420, 1541
2, 8047, 120705420, 120706541, 420, 1541
2, 8048, 120720420, 120723955, 420, 3955
2, 8049, 120735420, 120736518, 420, 1518
2, 805, 12075420, 12076725, 420, 1725
2, 8050, 120750420, 120754031, 420, 4031
2, 8051, 120765420, 120766518, 420, 1518
2, 8052, 120780420, 120781587, 420, 1587
2, 8053, 120795420, 120796541, 420, 1541
2, 8054, 120810420, 120811810, 420, 1810
2, 8055, 120825420, 120826725, 420, 1725
2, 8056, 120840420, 120841587, 420, 1587
2, 8057, 120855420, 120856541, 420, 1541
2, 8058, 120870420, 120871587, 420, 1587
2, 8059, 120885420, 120890036, 420, 5036
2, 806, 12090420, 12092060, 420, 2060
2, 8060, 120900420, 120902195, 420, 2195
2, 8061, 120915420, 120916518, 420, 1518
2, 8062, 120930420, 120931587, 420, 1587
2, 8063, 120945420, 120946518, 420, 1518
2, 8064, 120960420, 120965272, 420, 5272
2, 8065, 120975420, 120976587, 420, 1587
2, 8066, 120990420, 120991587, 420, 1587
2, 8067, 121005420, 121006518, 420, 1518
2, 8068, 121020420, 121021587, 420, 1587
2, 8069, 121035420, 121036587, 420, 1587
2, 807, 12105420, 12106541, 420, 1541
2, 8070, 121050420, 121051822, 420, 1822
2, 8071, 121065420, 121066587, 420, 1587
2, 8072, 121080420, 121081587, 420, 1587
2, 8073, 121095420, 121096518, 420, 1518
2, 8074, 121110420, 121111541, 420, 1541
2, 8075, 121125420, 121126725, 420, 1725
2, 8076, 121140420, 121142195, 420, 2195
2, 8077, 121155420, 121156541, 420, 1541
2, 8078, 121170420, 121172195, 420, 2195
2, 8079, 121185420, 121186518, 420, 1518
2, 808, 12120420, 12121587, 420, 1587
2, 8080, 121200420, 121202195, 420, 2195
2, 8081, 121215420, 121216541, 420, 1541
2, 8082, 121230420, 121231587, 420, 1587
2, 8083, 121245420, 121246587, 420, 1587
2, 8084, 121260420, 121261587, 420, 1587
2, 8085, 121275420, 121276587, 420, 1587
2, 8086, 121290420, 121291541, 420, 1541
2, 8087, 121305420, 121306541, 420, 1541
2, 8088, 121320420, 121321822, 420, 1822
2, 8089, 121335420, 121336518, 420, 1518
2, 809, 12135420, 12136518, 420, 1518
2, 8090, 121350420, 121351822, 420, 1822
2, 8091, 121365420, 121366541, 420, 1541
2, 8092, 121380420, 121383306, 420, 3306
2, 8093, 121395420, 121396541, 420, 1541
2, 8094, 121410420, 121411587, 420, 1587
2, 8095, 121425420, 121426541, 420, 1541
2, 8096, 121440420, 121441822, 420, 1822
2, 8097, 121455420, 121456587, 420, 1587
2, 8098, 121470420, 121471587, 420, 1587
2, 8099, 121485420, 121486587, 420, 1587
2, 81, 1215420, 1216541, 420, 1541
2, 810, 12150420, 12151822, 420, 1822
2, 8100, 121500420, 121501822, 420, 1822
2, 8101, 121515420, 121516518, 420, 1518
2, 8102, 121530420, 121531541, 420, 1541
2, 8103, 121545420, 121546518, 420, 1518
2, 8104, 121560420, 121562195, 420, 2195
2, 8105, 121575420, 121576587, 420, 1587
2, 8106, 121590420, 121592195, 420, 2195
2, 8107, 121605420, 121606541, 420, 1541
2, 8108, 121620420, 121621587, 420, 1587
2, 8109, 121635420, 121636541, 420, 1541
2, 811, 12165420, 12172252, 420, 7252
2, 8110, 121650420, 121651822, 420, 1822
2, 8111, 121665420, 121666587, 420, 1587
2, 8112, 121680420, 121681822, 420, 1822
2, 8113, 121695420, 121696541, 420, 1541
2, 8114, 121710420, 121711541, 420, 1541
2, 8115, 121725420, 121726587, 420, 1587
2, 8116, 121740420, 121741822, 420, 1822
2, 8117, 121755420, 121756541, 420, 1541
2, 8118, 121770420, 121771587, 420, 1587
2, 8119, 121785420, 121786518, 420, 1518
2, 812, 12180420, 12183306, 420, 3306
2, 8120, 121800420, 121804031, 420, 4031
2, 8121, 121815420, 121816541, 420, 1541
2, 8122, 121830420, 121831587, 420, 1587
2, 8123, 121845420, 121846541, 420, 1541
2, 8124, 121860420, 121861587, 420, 1587
2, 8125, 121875420, 121876725, 420, 1725
2, 8126, 121890420, 121891587, 420, 1587
2, 8127, 121905420, 121906966, 420, 1966
2, 8128, 121920420, 121922195, 420, 2195
2, 8129, 121935420, 121936518, 420, 1518
2, 813, 12195420, 12196541, 420, 1541
2, 8130, 121950420, 121951587, 420, 1587
2, 8131, 121965420, 121966518, 420, 1518
2, 8132, 121980420, 121982195, 420, 2195
2, 8133, 121995420, 121996541, 420, 1541
2, 8134, 122010420, 122012195, 420, 2195
2, 8135, 122025420, 122026541, 420, 1541
2, 8136, 122040420, 122041587, 420, 1587
2, 8137, 122055420, 122056518, 420, 1518
2, 8138, 122070420, 122071587, 420, 1587
2, 8139, 122085420, 122091256, 420, 6256
2, 814, 12210420, 12211541, 420, 1541
2, 8140, 122100420, 122101822, 420, 1822
2, 8141, 122115420, 122116541, 420, 1541
2, 8142, 122130420, 122131541, 420, 1541
2, 8143, 122145420, 122146541, 420, 1541
2, 8144, 122160420, 122162195, 420, 2195
2, 8145, 122175420, 122176587, 420, 1587
2, 8146, 122190420, 122191587, 420, 1587
2, 8147, 122205420, 122206518, 420, 1518
2, 8148, 122220420, 122224007, 420, 4007
2, 8149, 122235420, 122236541, 420, 1541
2, 815, 12225420, 12226541, 420, 1541
2, 8150, 122250420, 122252195, 420, 2195
2, 8151, 122265420, 122266541, 420, 1541
2, 8152, 122280420, 122281587, 420, 1587
2, 8153, 122295420, 122296587, 420, 1587
2, 8154, 122310420, 122311541, 420, 1541
2, 8155, 122325420, 122332254, 420, 7254
2, 8156, 122340420, 122341822, 420, 1822
2, 8157, 122355420, 122356541, 420, 1541
2, 8158, 122370420, 122371541, 420, 1541
2, 8159, 122385420, 122386518, 420, 1518
2, 816, 12240420, 12242195, 420, 2195
2, 8160, 122400420, 122404002, 420, 4002
2, 8161, 122415420, 122416541, 420, 1541
2, 8162, 122430420, 122433881, 420, 3881
2, 8163, 122445420, 122446518, 420, 1518
2, 8164, 122460420, 122461587, 420, 1587
2, 8165, 122475420, 122476541, 420, 1541
2, 8166, 122490420, 122491587, 420, 1587
2, 8167, 122505420, 122507836, 420, 2836
2, 8168, 122520420, 122521822, 420, 1822
2, 8169, 122535420, 122536541, 420, 1541
2, 817, 12255420, 12260268, 420, 5268
2, 8170, 122550420, 122551587, 420, 1587
2, 8171, 122565420, 122566541, 420, 1541
2, 8172, 122580420, 122581822, 420, 1822
2, 8173, 122595420, 122596541, 420, 1541
2, 8174, 122610420, 122611587, 420, 1587
2, 8175, 122625420, 122626541, 420, 1541
2, 8176, 122640420, 122643306, 420, 3306
2, 8177, 122655420, 122656541, 420, 1541
2, 8178, 122670420, 122671587, 420, 1587
2, 8179, 122685420, 122686541, 420, 1541
2, 818, 12270420, 12271587, 420, 1587
2, 8180, 122700420, 122701822, 420, 1822
2, 8181, 122715420, 122716587, 420, 1587
2, 8182, 122730420, 122731541, 420, 1541
2, 8183, 122745420, 122746587, 420, 1587
2, 8184, 122760420, 122761822, 420, 1822
2, 8185, 122775420, 122776587, 420, 1587
2, 8186, 122790420, 122791541, 420, 1541
2, 8187, 122805420, 122806541, 420, 1541
2, 8188, 122820420, 122821822, 420, 1822
2, 8189, 122835420, 122836541, 420, 1541
2, 819, 12285420, 12286541, 420, 1541
2, 8190, 122850420, 122853306, 420, 3306
2, 8191, 122865420, 122866518, 420, 1518
2, 8192, 122880420, 122881822, 420, 1822
2, 8193, 122895420, 122896518, 420, 1518
2, 8194, 122910420, 122911587, 420, 1587
2, 8195, 122925420, 122930327, 420, 5327
2, 8196, 122940420, 122941822, 420, 1822
2, 8197, 122955420, 122956541, 420, 1541
2, 8198, 122970420, 122971541, 420, 1541
2, 8199, 122985420, 122986518, 420, 1518
2, 82, 1230420, 1231587, 420, 1587
2, 820, 12300420, 12301822, 420, 1822
2, 8200, 123000420, 123002195, 420, 2195
2, 8201, 123015420, 123016541, 420, 1541
2, 8202, 123030420, 123031587, 420, 1587
2, 8203, 123045420, 123046541, 420, 1541
2, 8204, 123060420, 123064007, 420, 4007
2, 8205, 123075420, 123076541, 420, 1541
2, 8206, 123090420, 123091587, 420, 1587
2, 8207, 123105420, 123106541, 420, 1541
2, 8208, 123120420, 123121822, 420, 1822
2, 8209, 123135420, 123136587, 420, 1587
2, 821, 12315420, 12316518, 420, 1518
2, 8210, 123150420, 123151587, 420, 1587
2, 8211, 123165420, 123166587, 420, 1587
2, 8212, 123180420, 123181822, 420, 1822
2, 8213, 123195420, 123196541, 420, 1541
2, 8214, 123210420, 123211541, 420, 1541
2, 8215, 123225420, 123226541, 420, 1541
2, 8216, 123240420, 123241822, 420, 1822
2, 8217, 123255420, 123256541, 420, 1541
2, 8218, 123270420, 123273306, 420, 3306
2, 8219, 123285420, 123286541, 420, 1541
2, 822, 12330420, 12331587, 420, 1587
2, 8220, 123300420, 123301822, 420, 1822
2, 8221, 123315420, 123316518, 420, 1518
2, 8222, 123330420, 123331541, 420, 1541
2, 8223, 123345420, 123351883, 420, 6883
2, 8224, 123360420, 123362195, 420, 2195
2, 8225, 123375420, 123376683, 420, 1683
2, 8226, 123390420, 123391541, 420, 1541
2, 8227, 123405420, 123406518, 420, 1518
2, 8228, 123420420, 123421822, 420, 1822
2, 8229, 123435420, 123436541, 420, 1541
2, 823, 12345420, 12346541, 420, 1541
2, 8230, 123450420, 123452195, 420, 2195
2, 8231, 123465420, 123466518, 420, 1518
2, 8232, 123480420, 123484007, 420, 4007
2, 8233, 123495420, 123496518, 420, 1518
2, 8234, 123510420, 123511587, 420, 1587
2, 8235, 123525420, 123528732, 420, 3732
2, 8236, 123540420, 123541822, 420, 1822
2, 8237, 123555420, 123556587, 420, 1587
2, 8238, 123570420, 123571541, 420, 1541
2, 8239, 123585420, 123586541, 420, 1541
2, 824, 12360420, 12361822, 420, 1822
2, 8240, 123600420, 123604002, 420, 4002
2, 8241, 123615420, 123616541, 420, 1541
2, 8242, 123630420, 123631541, 420, 1541
2, 8243, 123645420, 123646518, 420, 1518
2, 8244, 123660420, 123661822, 420, 1822
2, 8245, 123675420, 123676587, 420, 1587
2, 8246, 123690420, 123693306, 420, 3306
2, 8247, 123705420, 123706541, 420, 1541
2, 8248, 123720420, 123721587, 420, 1587
2, 8249, 123735420, 123736518, 420, 1518
2, 825, 12375420, 12376541, 420, 1541
2, 8250, 123750420, 123751587, 420, 1587
2, 8251, 123765420, 123771256, 420, 6256
2, 8252, 123780420, 123781822, 420, 1822
2, 8253, 123795420, 123796541, 420, 1541
2, 8254, 123810420, 123811541, 420, 1541
2, 8255, 123825420, 123826541, 420, 1541
2, 8256, 123840420, 123841822, 420, 1822
2, 8257, 123855420, 123856587, 420, 1587
2, 8258, 123870420, 123871822, 420, 1822
2, 8259, 123885420, 123886518, 420, 1518
2, 826, 12390420, 12392195, 420, 2195
2, 8260, 123900420, 123904031, 420, 4031
2, 8261, 123915420, 123916518, 420, 1518
2, 8262, 123930420, 123931587, 420, 1587
2, 8263, 123945420, 123946541, 420, 1541
2, 8264, 123960420, 123961822, 420, 1822
2, 8265, 123975420, 123976725, 420, 1725
2, 8266, 123990420, 123991541, 420, 1541
2, 8267, 124005420, 124006587, 420, 1587
2, 8268, 124020420, 124021822, 420, 1822
2, 8269, 124035420, 124036541, 420, 1541
2, 827, 12405420, 12406541, 420, 1541
2, 8270, 124050420, 124051587, 420, 1587
2, 8271, 124065420, 124066518, 420, 1518
2, 8272, 124080420, 124082195, 420, 2195
2, 8273, 124095420, 124096518, 420, 1518
2, 8274, 124110420, 124113306, 420, 3306
2, 8275, 124125420, 124126587, 420, 1587
2, 8276, 124140420, 124141587, 420, 1587
2, 8277, 124155420, 124156518, 420, 1518
2, 8278, 124170420, 124171541, 420, 1541
2, 8279, 124185420, 124186725, 420, 1725
2, 828, 12420420, 12421822, 420, 1822
2, 8280, 124200420, 124202195, 420, 2195
2, 8281, 124215420, 124216587, 420, 1587
2, 8282, 124230420, 124231541, 420, 1541
2, 8283, 124245420, 124246541, 420, 1541
2, 8284, 124260420, 124261587, 420, 1587
2, 8285, 124275420, 124276587, 420, 1587
2, 8286, 124290420, 124291822, 420, 1822
2, 8287, 124305420, 124306541, 420, 1541
2, 8288, 124320420, 124323306, 420, 3306
2, 8289, 124335420, 124336518, 420, 1518
2, 829, 12435420, 12436541, 420, 1541
2, 8290, 124350420, 124351587, 420, 1587
2, 8291, 124365420, 124366720, 420, 1720
2, 8292, 124380420, 124381822, 420, 1822
2, 8293, 124395420, 124396587, 420, 1587
2, 8294, 124410420, 124411541, 420, 1541
2, 8295, 124425420, 124426587, 420, 1587
2, 8296, 124440420, 124441822, 420, 1822
2, 8297, 124455420, 124456541, 420, 1541
2, 8298, 124470420, 124471587, 420, 1587
2, 8299, 124485420, 124486541, 420, 1541
2, 83, 1245420, 1246518, 420, 1518
2, 830, 12450420, 12451587, 420, 1587
2, 8300, 124500420, 124502195, 420, 2195
2, 8301, 124515420, 124516518, 420, 1518
2, 8302, 124530420, 124533306, 420, 3306
2, 8303, 124545420, 124546633, 420, 1633
2, 8304, 124560420, 124562195, 420, 2195
2, 8305, 124575420, 124576541, 420, 1541
2, 8306, 124590420, 124591541, 420, 1541
2, 8307, 124605420, 124606587, 420, 1587
2, 8308, 124620420, 124621822, 420, 1822
2, 8309, 124635420, 124636587, 420, 1587
2, 831, 12465420, 12466587, 420, 1587
2, 8310, 124650420, 124651587, 420, 1587
2, 8311, 124665420, 124666518, 420, 1518
2, 8312, 124680420, 124681587, 420, 1587
2, 8313, 124695420, 124696541, 420, 1541
2, 8314, 124710420, 124711822, 420, 1822
2, 8315, 124725420, 124726725, 420, 1725
2, 8316, 124740420, 124744007, 420, 4007
2, 8317, 124755420, 124756518, 420, 1518
2, 8318, 124770420, 124771541, 420, 1541
2, 8319, 124785420, 124786541, 420, 1541
2, 832, 12480420, 12481822, 420, 1822
2, 8320, 124800420, 124804002, 420, 4002
2, 8321, 124815420, 124816587, 420, 1587
2, 8322, 124830420, 124831541, 420, 1541
2, 8323, 124845420, 124846541, 420, 1541
2, 8324, 124860420, 124861587, 420, 1587
2, 8325, 124875420, 124876587, 420, 1587
2, 8326, 124890420, 124892118, 420, 2118
2, 8327, 124905420, 124906518, 420, 1518
2, 8328, 124920420, 124921822, 420, 1822
2, 8329, 124935420, 124936518, 420, 1518
2, 833, 12495420, 12496587, 420, 1587
2, 8330, 124950420, 124953306, 420, 3306
2, 8331, 124965420, 124966587, 420, 1587
2, 8332, 124980420, 124981734, 420, 1734
2, 8333, 124995420, 124996518, 420, 1518
2, 8334, 125010420, 125011541, 420, 1541
2, 8335, 125025420, 125026725, 420, 1725
2, 8336, 125040420, 125042195, 420, 2195
2, 8337, 125055420, 125056587, 420, 1587
2, 8338, 125070420, 125071587, 420, 1587
2, 8339, 125085420, 125086518, 420, 1518
2, 834, 12510420, 12511587, 420, 1587
2, 8340, 125100420, 125101822, 420, 1822
2, 8341, 125115420, 125116518, 420, 1518
2, 8342, 125130420, 125132849, 420, 2849
2, 8343, 125145420, 125146541, 420, 1541
2, 8344, 125160420, 125164007, 420, 4007
2, 8345, 125175420, 125176541, 420, 1541
2, 8346, 125190420, 125191541, 420, 1541
2, 8347, 125205420, 125206587, 420, 1587
2, 8348, 125220420, 125221822, 420, 1822
2, 8349, 125235420, 125236587, 420, 1587
2, 835, 12525420, 12526587, 420, 1587
2, 8350, 125250420, 125251587, 420, 1587
2, 8351, 125265420, 125266541, 420, 1541
2, 8352, 125280420, 125281822, 420, 1822
2, 8353, 125295420, 125296541, 420, 1541
2, 8354, 125310420, 125311985, 420, 1985
2, 8355, 125325420, 125326587, 420, 1587
2, 8356, 125340420, 125341822, 420, 1822
2, 8357, 125355420, 125356518, 420, 1518
2, 8358, 125370420, 125372195, 420, 2195
2, 8359, 125385420, 125387463, 420, 2463
2, 836, 12540420, 12541587, 420, 1587
2, 8360, 125400420, 125402195, 420, 2195
2, 8361, 125415420, 125416518, 420, 1518
2, 8362, 125430420, 125431541, 420, 1541
2, 8363, 125445420, 125446725, 420, 1725
2, 8364, 125460420, 125461822, 420, 1822
2, 8365, 125475420, 125476725, 420, 1725
2, 8366, 125490420, 125491587, 420, 1587
2, 8367, 125505420, 125506518, 420, 1518
2, 8368, 125520420, 125521822, 420, 1822
2, 8369, 125535420, 125536518, 420, 1518
2, 837, 12555420, 12556518, 420, 1518
2, 8370, 125550420, 125552195, 420, 2195
2, 8371, 125565420, 125566541, 420, 1541
2, 8372, 125580420, 125584007, 420, 4007
2, 8373, 125595420, 125596518, 420, 1518
2, 8374, 125610420, 125611541, 420, 1541
2, 8375, 125625420, 125626541, 420, 1541
2, 8376, 125640420, 125641822, 420, 1822
2, 8377, 125655420, 125656587, 420, 1587
2, 8378, 125670420, 125671541, 420, 1541
2, 8379, 125685420, 125686587, 420, 1587
2, 838, 12570420, 12571587, 420, 1587
2, 8380, 125700420, 125701822, 420, 1822
2, 8381, 125715420, 125716541, 420, 1541
2, 8382, 125730420, 125731587, 420, 1587
2, 8383, 125745420, 125746541, 420, 1541
2, 8384, 125760420, 125762195, 420, 2195
2, 8385, 125775420, 125776541, 420, 1541
2, 8386, 125790420, 125792195, 420, 2195
2, 8387, 125805420, 125806541, 420, 1541
2, 8388, 125820420, 125821822, 420, 1822
2, 8389, 125835420, 125836518, 420, 1518
2, 839, 12585420, 12586541, 420, 1541
2, 8390, 125850420, 125851587, 420, 1587
2, 8391, 125865420, 125866587, 420, 1587
2, 8392, 125880420, 125881587, 420, 1587
2, 8393, 125895420, 125896587, 420, 1587
2, 8394, 125910420, 125911587, 420, 1587
2, 8395, 125925420, 125926587, 420, 1587
2, 8396, 125940420, 125941587, 420, 1587
2, 8397, 125955420, 125956518, 420, 1518
2, 8398, 125970420, 125971822, 420, 1822
2, 8399, 125985420, 125986541, 420, 1541
2, 84, 1260420, 1264007, 420, 4007
2, 840, 12600420, 12603306, 420, 3306
2, 8400, 126000420, 126004426, 420, 4426
2, 8401, 126015420, 126016518, 420, 1518
2, 8402, 126030420, 126031541, 420, 1541
2, 8403, 126045420, 126046518, 420, 1518
2, 8404, 126060420, 126061822, 420, 1822
2, 8405, 126075420, 126076725, 420, 1725
2, 8406, 126090420, 126091541, 420, 1541
2, 8407, 126105420, 126106541, 420, 1541
2, 8408, 126120420, 126121587, 420, 1587
2, 8409, 126135420, 126136518, 420, 1518
2, 841, 12615420, 12616518, 420, 1518
2, 8410, 126150420, 126151822, 420, 1822
2, 8411, 126165420, 126166704, 420, 1704
2, 8412, 126180420, 126181822, 420, 1822
2, 8413, 126195420, 126196518, 420, 1518
2, 8414, 126210420, 126212195, 420, 2195
2, 8415, 126225420, 126226587, 420, 1587
2, 8416, 126240420, 126242195, 420, 2195
2, 8417, 126255420, 126256541, 420, 1541
2, 8418, 126270420, 126271541, 420, 1541
2, 8419, 126285420, 126286587, 420, 1587
2, 842, 12630420, 12631541, 420, 1541
2, 8420, 126300420, 126301822, 420, 1822
2, 8421, 126315420, 126316587, 420, 1587
2, 8422, 126330420, 126331587, 420, 1587
2, 8423, 126345420, 126346541, 420, 1541
2, 8424, 126360420, 126361587, 420, 1587
2, 8425, 126375420, 126376541, 420, 1541
2, 8426, 126390420, 126391587, 420, 1587
2, 8427, 126405420, 126412256, 420, 7256
2, 8428, 126420420, 126423306, 420, 3306
2, 8429, 126435420, 126436518, 420, 1518
2, 843, 12645420, 12646541, 420, 1541
2, 8430, 126450420, 126451587, 420, 1587
2, 8431, 126465420, 126466518, 420, 1518
2, 8432, 126480420, 126482195, 420, 2195
2, 8433, 126495420, 126500258, 420, 5258
2, 8434, 126510420, 126511587, 420, 1587
2, 8435, 126525420, 126526587, 420, 1587
2, 8436, 126540420, 126541587, 420, 1587
2, 8437, 126555420, 126556518, 420, 1518
2, 8438, 126570420, 126571587, 420, 1587
2, 8439, 126585420, 126586541, 420, 1541
2, 844, 12660420, 12661587, 420, 1587
2, 8440, 126600420, 126602195, 420, 2195
2, 8441, 126615420, 126616518, 420, 1518
2, 8442, 126630420, 126632195, 420, 2195
2, 8443, 126645420, 126646541, 420, 1541
2, 8444, 126660420, 126661822, 420, 1822
2, 8445, 126675420, 126676587, 420, 1587
2, 8446, 126690420, 126691541, 420, 1541
2, 8447, 126705420, 126706587, 420, 1587
2, 8448, 126720420, 126721822, 420, 1822
2, 8449, 126735420, 126736587, 420, 1587
2, 845, 12675420, 12681883, 420, 6883
2, 8450, 126750420, 126751822, 420, 1822
2, 8451, 126765420, 126766541, 420, 1541
2, 8452, 126780420, 126781587, 420, 1587
2, 8453, 126795420, 126796518, 420, 1518
2, 8454, 126810420, 126811587, 420, 1587
2, 8455, 126825420, 126826587, 420, 1587
2, 8456, 126840420, 126843306, 420, 3306
2, 8457, 126855420, 126856541, 420, 1541
2, 8458, 126870420, 126871541, 420, 1541
2, 8459, 126885420, 126886541, 420, 1541
2, 846, 12690420, 12691587, 420, 1587
2, 8460, 126900420, 126901822, 420, 1822
2, 8461, 126915420, 126921883, 420, 6883
2, 8462, 126930420, 126931587, 420, 1587
2, 8463, 126945420, 126946541, 420, 1541
2, 8464, 126960420, 126961822, 420, 1822
2, 8465, 126975420, 126976541, 420, 1541
2, 8466, 126990420, 126991587, 420, 1587
2, 8467, 127005420, 127006708, 420, 1708
2, 8468, 127020420, 127022195, 420, 2195
2, 8469, 127035420, 127036518, 420, 1518
2, 847, 12705420, 12706541, 420, 1541
2, 8470, 127050420, 127054031, 420, 4031
2, 8471, 127065420, 127066518, 420, 1518
2, 8472, 127080420, 127081822, 420, 1822
2, 8473, 127095420, 127096541, 420, 1541
2, 8474, 127110420, 127111541, 420, 1541
2, 8475, 127125420, 127127827, 420, 2827
2, 8476, 127140420, 127141587, 420, 1587
2, 8477, 127155420, 127156541, 420, 1541
2, 8478, 127170420, 127171587, 420, 1587
2, 8479, 127185420, 127186541, 420, 1541
2, 848, 12720420, 12721822, 420, 1822
2, 8480, 127200420, 127202195, 420, 2195
2, 8481, 127215420, 127216518, 420, 1518
2, 8482, 127230420, 127231587, 420, 1587
2, 8483, 127245420, 127246541, 420, 1541
2, 8484, 127260420, 127263306, 420, 3306
2, 8485, 127275420, 127276587, 420, 1587
2, 8486, 127290420, 127291541, 420, 1541
2, 8487, 127305420, 127306518, 420, 1518
2, 8488, 127320420, 127321587, 420, 1587
2, 8489, 127335420, 127336541, 420, 1541
2, 849, 12735420, 12736518, 420, 1518
2, 8490, 127350420, 127351822, 420, 1822
2, 8491, 127365420, 127366587, 420, 1587
2, 8492, 127380420, 127381587, 420, 1587
2, 8493, 127395420, 127396518, 420, 1518
2, 8494, 127410420, 127411541, 420, 1541
2, 8495, 127425420, 127426587, 420, 1587
2, 8496, 127440420, 127443955, 420, 3955
2, 8497, 127455420, 127456518, 420, 1518
2, 8498, 127470420, 127472195, 420, 2195
2, 8499, 127485420, 127486518, 420, 1518
2, 85, 1275420, 1276587, 420, 1587
2, 850, 12750420, 12751822, 420, 1822
2, 8500, 127500420, 127502195, 420, 2195
2, 8501, 127515420, 127516541, 420, 1541
2, 8502, 127530420, 127531587, 420, 1587
2, 8503, 127545420, 127546587, 420, 1587
2, 8504, 127560420, 127561587, 420, 1587
2, 8505, 127575420, 127576587, 420, 1587
2, 8506, 127590420, 127591587, 420, 1587
2, 8507, 127605420, 127606587, 420, 1587
2, 8508, 127620420, 127621587, 420, 1587
2, 8509, 127635420, 127636518, 420, 1518
2, 851, 12765420, 12766541, 420, 1541
2, 8510, 127650420, 127651822, 420, 1822
2, 8511, 127665420, 127666518, 420, 1518
2, 8512, 127680420, 127685272, 420, 5272
2, 8513, 127695420, 127696541, 420, 1541
2, 8514, 127710420, 127711541, 420, 1541
2, 8515, 127725420, 127726541, 420, 1541
2, 8516, 127740420, 127741587, 420, 1587
2, 8517, 127755420, 127756725, 420, 1725
2, 8518, 127770420, 127771800, 420, 1800
2, 8519, 127785420, 127786587, 420, 1587
2, 852, 12780420, 12782195, 420, 2195
2, 8520, 127800420, 127801822, 420, 1822
2, 8521, 127815420, 127816518, 420, 1518
2, 8522, 127830420, 127831541, 420, 1541
2, 8523, 127845420, 127846587, 420, 1587
2, 8524, 127860420, 127862195, 420, 2195
2, 8525, 127875420, 127876587, 420, 1587
2, 8526, 127890420, 127892195, 420, 2195
2, 8527, 127905420, 127906518, 420, 1518
2, 8528, 127920420, 127921822, 420, 1822
2, 8529, 127935420, 127936541, 420, 1541
2, 853, 12795420, 12796518, 420, 1518
2, 8530, 127950420, 127951822, 420, 1822
2, 8531, 127965420, 127966587, 420, 1587
2, 8532, 127980420, 127981587, 420, 1587
2, 8533, 127995420, 127996541, 420, 1541
2, 8534, 128010420, 128011587, 420, 1587
2, 8535, 128025420, 128026587, 420, 1587
2, 8536, 128040420, 128041822, 420, 1822
2, 8537, 128055420, 128056518, 420, 1518
2, 8538, 128070420, 128071587, 420, 1587
2, 8539, 128085420, 128086541, 420, 1541
2, 854, 12810420, 12812195, 420, 2195
2, 8540, 128100420, 128103306, 420, 3306
2, 8541, 128115420, 128116541, 420, 1541
2, 8542, 128130420, 128131587, 420, 1587
2, 8543, 128145420, 128146518, 420, 1518
2, 8544, 128160420, 128161822, 420, 1822
2, 8545, 128175420, 128176725, 420, 1725
2, 8546, 128190420, 128191587, 420, 1587
2, 8547, 128205420, 128206587, 420, 1587
2, 8548, 128220420, 128221587, 420, 1587
2, 8549, 128235420, 128236518, 420, 1518
2, 855, 12825420, 12826541, 420, 1541
2, 8550, 128250420, 128251587, 420, 1587
2, 8551, 128265420, 128266541, 420, 1541
2, 8552, 128280420, 128282195, 420, 2195
2, 8553, 128295420, 128296541, 420, 1541
2, 8554, 128310420, 128312195, 420, 2195
2, 8555, 128325420, 128326587, 420, 1587
2, 8556, 128340420, 128341587, 420, 1587
2, 8557, 128355420, 128356541, 420, 1541
2, 8558, 128370420, 128371587, 420, 1587
2, 8559, 128385420, 128386587, 420, 1587
2, 856, 12840420, 12841822, 420, 1822
2, 8560, 128400420, 128402195, 420, 2195
2, 8561, 128415420, 128416541, 420, 1541
2, 8562, 128430420, 128431541, 420, 1541
2, 8563, 128445420, 128446541, 420, 1541
2, 8564, 128460420, 128462250, 420, 2250
2, 8565, 128475420, 128476541, 420, 1541
2, 8566, 128490420, 128491587, 420, 1587
2, 8567, 128505420, 128506518, 420, 1518
2, 8568, 128520420, 128523306, 420, 3306
2, 8569, 128535420, 128536541, 420, 1541
2, 857, 12855420, 12856541, 420, 1541
2, 8570, 128550420, 128551822, 420, 1822
2, 8571, 128565420, 128566541, 420, 1541
2, 8572, 128580420, 128581587, 420, 1587
2, 8573, 128595420, 128596587, 420, 1587
2, 8574, 128610420, 128611587, 420, 1587
2, 8575, 128625420, 128626725, 420, 1725
2, 8576, 128640420, 128641822, 420, 1822
2, 8577, 128655420, 128656518, 420, 1518
2, 8578, 128670420, 128671541, 420, 1541
2, 8579, 128685420, 128686518, 420, 1518
2, 858, 12870420, 12871541, 420, 1541
2, 8580, 128700420, 128703841, 420, 3841
2, 8581, 128715420, 128716541, 420, 1541
2, 8582, 128730420, 128732195, 420, 2195
2, 8583, 128745420, 128746518, 420, 1518
2, 8584, 128760420, 128761587, 420, 1587
2, 8585, 128775420, 128776587, 420, 1587
2, 8586, 128790420, 128791587, 420, 1587
2, 8587, 128805420, 128812124, 420, 7124
2, 8588, 128820420, 128821587, 420, 1587
2, 8589, 128835420, 128836541, 420, 1541
2, 859, 12885420, 12886725, 420, 1725
2, 8590, 128850420, 128851587, 420, 1587
2, 8591, 128865420, 128866541, 420, 1541
2, 8592, 128880420, 128883625, 420, 3625
2, 8593, 128895420, 128896541, 420, 1541
2, 8594, 128910420, 128911587, 420, 1587
2, 8595, 128925420, 128926541, 420, 1541
2, 8596, 128940420, 128944007, 420, 4007
2, 8597, 128955420, 128956572, 420, 1572
2, 8598, 128970420, 128971822, 420, 1822
2, 8599, 128985420, 128986518, 420, 1518
2, 86, 1290420, 1291800, 420, 1800
2, 860, 12900420, 12901822, 420, 1822
2, 8600, 129000420, 129001822, 420, 1822
2, 8601, 129015420, 129016587, 420, 1587
2, 8602, 129030420, 129031587, 420, 1587
2, 8603, 129045420, 129050025, 420, 5025
2, 8604, 129060420, 129061822, 420, 1822
2, 8605, 129075420, 129076541, 420, 1541
2, 8606, 129090420, 129091541, 420, 1541
2, 8607, 129105420, 129106518, 420, 1518
2, 8608, 129120420, 129123955, 420, 3955
2, 8609, 129135420, 129136570, 420, 1570
2, 861, 12915420, 12916541, 420, 1541
2, 8610, 129150420, 129153306, 420, 3306
2, 8611, 129165420, 129166518, 420, 1518
2, 8612, 129180420, 129181587, 420, 1587
2, 8613, 129195420, 129196518, 420, 1518
2, 8614, 129210420, 129211587, 420, 1587
2, 8615, 129225420, 129226725, 420, 1725
2, 8616, 129240420, 129241587, 420, 1587
2, 8617, 129255420, 129256541, 420, 1541
2, 8618, 129270420, 129271541, 420, 1541
2, 8619, 129285420, 129286587, 420, 1587
2, 862, 12930420, 12931587, 420, 1587
2, 8620, 129300420, 129302195, 420, 2195
2, 8621, 129315420, 129316541, 420, 1541
2, 8622, 129330420, 129331587, 420, 1587
2, 8623, 129345420, 129346518, 420, 1518
2, 8624, 129360420, 129363306, 420, 3306
2, 8625, 129375420, 129376587, 420, 1587
2, 8626, 129390420, 129391587, 420, 1587
2, 8627, 129405420, 129406541, 420, 1541
2, 8628, 129420420, 129421587, 420, 1587
2, 8629, 129435420, 129436587, 420, 1587
2, 863, 12945420, 12946541, 420, 1541
2, 8630, 129450420, 129451587, 420, 1587
2, 8631, 129465420, 129466587, 420, 1587
2, 8632, 129480420, 129481822, 420, 1822
2, 8633, 129495420, 129496518, 420, 1518
2, 8634, 129510420, 129511541, 420, 1541
2, 8635, 129525420, 129526587, 420, 1587
2, 8636, 129540420, 129542195, 420, 2195
2, 8637, 129555420, 129556541, 420, 1541
2, 8638, 129570420, 129573881, 420, 3881
2, 8639, 129585420, 129586518, 420, 1518
2, 864, 12960420, 12961822, 420, 1822
2, 8640, 129600420, 129602195, 420, 2195
2, 8641, 129615420, 129616518, 420, 1518
2, 8642, 129630420, 129631587, 420, 1587
2, 8643, 129645420, 129650036, 420, 5036
2, 8644, 129660420, 129661822, 420, 1822
2, 8645, 129675420, 129676587, 420, 1587
2, 8646, 129690420, 129691541, 420, 1541
2, 8647, 129705420, 129706518, 420, 1518
2, 8648, 129720420, 129721822, 420, 1822
2, 8649, 129735420, 129736541, 420, 1541
2, 865, 12975420, 12976541, 420, 1541
2, 8650, 129750420, 129751822, 420, 1822
2, 8651, 129765420, 129766541, 420, 1541
2, 8652, 129780420, 129784007, 420, 4007
2, 8653, 129795420, 129796541, 420, 1541
2, 8654, 129810420, 129811587, 420, 1587
2, 8655, 129825420, 129826587, 420, 1587
2, 8656, 129840420, 129841822, 420, 1822
2, 8657, 129855420, 129856587, 420, 1587
2, 8658, 129870420, 129871541, 420, 1541
2, 8659, 129885420, 129886587, 420, 1587
2, 866, 12990420, 12991587, 420, 1587
2, 8660, 129900420, 129902195, 420, 2195
2, 8661, 129915420, 129916541, 420, 1541
2, 8662, 129930420, 129931541, 420, 1541
2, 8663, 129945420, 129946518, 420, 1518
2, 8664, 129960420, 129961822, 420, 1822
2, 8665, 129975420, 129976587, 420, 1587
2, 8666, 129990420, 129993306, 420, 3306
2, 8667, 130005420, 130006541, 420, 1541
2, 8668, 130020420, 130021587, 420, 1587
2, 8669, 130035420, 130036518, 420, 1518
2, 867, 13005420, 13006541, 420, 1541
2, 8670, 130050420, 130051822, 420, 1822
2, 8671, 130065420, 130070327, 420, 5327
2, 8672, 130080420, 130082195, 420, 2195
2, 8673, 130095420, 130096541, 420, 1541
2, 8674, 130110420, 130111541, 420, 1541
2, 8675, 130125420, 130126541, 420, 1541
2, 8676, 130140420, 130141822, 420, 1822
2, 8677, 130155420, 130156541, 420, 1541
2, 8678, 130170420, 130171587, 420, 1587
2, 8679, 130185420, 130186518, 420, 1518
2, 868, 13020420, 13023306, 420, 3306
2, 8680, 130200420, 130204031, 420, 4031
2, 8681, 130215420, 130216518, 420, 1518
2, 8682, 130230420, 130231587, 420, 1587
2, 8683, 130245420, 130246587, 420, 1587
2, 8684, 130260420, 130261587, 420, 1587
2, 8685, 130275420, 130276725, 420, 1725
2, 8686, 130290420, 130291541, 420, 1541
2, 8687, 130305420, 130306587, 420, 1587
2, 8688, 130320420, 130322195, 420, 2195
2, 8689, 130335420, 130336541, 420, 1541
2, 869, 13035420, 13036541, 420, 1541
2, 8690, 130350420, 130351587, 420, 1587
2, 8691, 130365420, 130366518, 420, 1518
2, 8692, 130380420, 130381822, 420, 1822
2, 8693, 130395420, 130396541, 420, 1541
2, 8694, 130410420, 130413960, 420, 3960
2, 8695, 130425420, 130426587, 420, 1587
2, 8696, 130440420, 130441587, 420, 1587
2, 8697, 130455420, 130456518, 420, 1518
2, 8698, 130470420, 130471541, 420, 1541
2, 8699, 130485420, 130491256, 420, 6256
2, 87, 1305420, 1306541, 420, 1541
2, 870, 13050420, 13051587, 420, 1587
2, 8700, 130500420, 130502195, 420, 2195
2, 8701, 130515420, 130516541, 420, 1541
2, 8702, 130530420, 130531541, 420, 1541
2, 8703, 130545420, 130546518, 420, 1518
2, 8704, 130560420, 130562195, 420, 2195
2, 8705, 130575420, 130576587, 420, 1587
2, 8706, 130590420, 130591822, 420, 1822
2, 8707, 130605420, 130606518, 420, 1518
2, 8708, 130620420, 130624007, 420, 4007
2, 8709, 130635420, 130636518, 420, 1518
2, 871, 13065420, 13066518, 420, 1518
2, 8710, 130650420, 130651822, 420, 1822
2, 8711, 130665420, 130666541, 420, 1541
2, 8712, 130680420, 130681587, 420, 1587
2, 8713, 130695420, 130696587, 420, 1587
2, 8714, 130710420, 130711541, 420, 1541
2, 8715, 130725420, 130726725, 420, 1725
2, 8716, 130740420, 130741822, 420, 1822
2, 8717, 130755420, 130756541, 420, 1541
2, 8718, 130770420, 130771541, 420, 1541
2, 8719, 130785420, 130786518, 420, 1518
2, 872, 13080420, 13081587, 420, 1587
2, 8720, 130800420, 130803841, 420, 3841
2, 8721, 130815420, 130816541, 420, 1541
2, 8722, 130830420, 130833306, 420, 3306
2, 8723, 130845420, 130846541, 420, 1541
2, 8724, 130860420, 130861587, 420, 1587
2, 8725, 130875420, 130876541, 420, 1541
2, 8726, 130890420, 130891541, 420, 1541
2, 8727, 130905420, 130909048, 420, 4048
2, 8728, 130920420, 130921822, 420, 1822
2, 8729, 130935420, 130936541, 420, 1541
2, 873, 13095420, 13096541, 420, 1541
2, 8730, 130950420, 130951587, 420, 1587
2, 8731, 130965420, 130966541, 420, 1541
2, 8732, 130980420, 130981587, 420, 1587
2, 8733, 130995420, 130996541, 420, 1541
2, 8734, 131010420, 131011822, 420, 1822
2, 8735, 131025420, 131026541, 420, 1541
2, 8736, 131040420, 131043306, 420, 3306
2, 8737, 131055420, 131056518, 420, 1518
2, 8738, 131070420, 131071587, 420, 1587
2, 8739, 131085420, 131086541, 420, 1541
2, 874, 13110420, 13111587, 420, 1587
2, 8740, 131100420, 131102195, 420, 2195
2, 8741, 131115420, 131116587, 420, 1587
2, 8742, 131130420, 131131541, 420, 1541
2, 8743, 131145420, 131146541, 420, 1541
2, 8744, 131160420, 131161822, 420, 1822
2, 8745, 131175420, 131176587, 420, 1587
2, 8746, 131190420, 131191541, 420, 1541
2, 8747, 131205420, 131206541, 420, 1541
2, 8748, 131220420, 131221822, 420, 1822
2, 8749, 131235420, 131236518, 420, 1518
2, 875, 13125420, 13126725, 420, 1725
2, 8750, 131250420, 131253306, 420, 3306
2, 8751, 131265420, 131266541, 420, 1541
2, 8752, 131280420, 131281822, 420, 1822
2, 8753, 131295420, 131296518, 420, 1518
2, 8754, 131310420, 131311541, 420, 1541
2, 8755, 131325420, 131328359, 420, 3359
2, 8756, 131340420, 131341822, 420, 1822
2, 8757, 131355420, 131356587, 420, 1587
2, 8758, 131370420, 131371541, 420, 1541
2, 8759, 131385420, 131386518, 420, 1518
2, 876, 13140420, 13141587, 420, 1587
2, 8760, 131400420, 131401822, 420, 1822
2, 8761, 131415420, 131416541, 420, 1541
2, 8762, 131430420, 131431822, 420, 1822
2, 8763, 131445420, 131446587, 420, 1587
2, 8764, 131460420, 131464007, 420, 4007
2, 8765, 131475420, 131476541, 420, 1541
2, 8766, 131490420, 131491541, 420, 1541
2, 8767, 131505420, 131506640, 420, 1640
2, 8768, 131520420, 131522195, 420, 2195
2, 8769, 131535420, 131536587, 420, 1587
2, 877, 13155420, 13156518, 420, 1518
2, 8770, 131550420, 131551587, 420, 1587
2, 8771, 131565420, 131566541, 420, 1541
2, 8772, 131580420, 131581822, 420, 1822
2, 8773, 131595420, 131596541, 420, 1541
2, 8774, 131610420, 131611822, 420, 1822
2, 8775, 131625420, 131626541, 420, 1541
2, 8776, 131640420, 131641822, 420, 1822
2, 8777, 131655420, 131656518, 420, 1518
2, 8778, 131670420, 131673306, 420, 3306
2, 8779, 131685420, 131687787, 420, 2787
2, 878, 13170420, 13171541, 420, 1541
2, 8780, 131700420, 131702195, 420, 2195
2, 8781, 131715420, 131716518, 420, 1518
2, 8782, 131730420, 131731541, 420, 1541
2, 8783, 131745420, 131746587, 420, 1587
2, 8784, 131760420, 131762195, 420, 2195
2, 8785, 131775420, 131776725, 420, 1725
2, 8786, 131790420, 131791541, 420, 1541
2, 8787, 131805420, 131806518, 420, 1518
2, 8788, 131820420, 131821587, 420, 1587
2, 8789, 131835420, 131836541, 420, 1541
2, 879, 13185420, 13187463, 420, 2463
2, 8790, 131850420, 131852501, 420, 2501
2, 8791, 131865420, 131866541, 420, 1541
2, 8792, 131880420, 131884007, 420, 4007
2, 8793, 131895420, 131896518, 420, 1518
2, 8794, 131910420, 131911541, 420, 1541
2, 8795, 131925420, 131926725, 420, 1725
2, 8796, 131940420, 131941822, 420, 1822
2, 8797, 131955420, 131956541, 420, 1541
2, 8798, 131970420, 131971541, 420, 1541
2, 8799, 131985420, 131986541, 420, 1541
2, 88, 1320420, 1321587, 420, 1587
2, 880, 13200420, 13204002, 420, 4002
2, 8800, 132000420, 132002195, 420, 2195
2, 8801, 132015420, 132016541, 420, 1541
2, 8802, 132030420, 132031587, 420, 1587
2, 8803, 132045420, 132046518, 420, 1518
2, 8804, 132060420, 132061822, 420, 1822
2, 8805, 132075420, 132076541, 420, 1541
2, 8806, 132090420, 132093306, 420, 3306
2, 8807, 132105420, 132106541, 420, 1541
2, 8808, 132120420, 132121718, 420, 1718
2, 8809, 132135420, 132136518, 420, 1518
2, 881, 13215420, 13216518, 420, 1518
2, 8810, 132150420, 132151587, 420, 1587
2, 8811, 132165420, 132166725, 420, 1725
2, 8812, 132180420, 132181822, 420, 1822
2, 8813, 132195420, 132196587, 420, 1587
2, 8814, 132210420, 132211541, 420, 1541
2, 8815, 132225420, 132226541, 420, 1541
2, 8816, 132240420, 132241822, 420, 1822
2, 8817, 132255420, 132256518, 420, 1518
2, 8818, 132270420, 132271822, 420, 1822
2, 8819, 132285420, 132286541, 420, 1541
2, 882, 13230420, 13232195, 420, 2195
2, 8820, 132300420, 132304031, 420, 4031
2, 8821, 132315420, 132316518, 420, 1518
2, 8822, 132330420, 132331541, 420, 1541
2, 8823, 132345420, 132346541, 420, 1541
2, 8824, 132360420, 132361822, 420, 1822
2, 8825, 132375420, 132376725, 420, 1725
2, 8826, 132390420, 132391541, 420, 1541
2, 8827, 132405420, 132406587, 420, 1587
2, 8828, 132420420, 132421587, 420, 1587
2, 8829, 132435420, 132436541, 420, 1541
2, 883, 13245420, 13246518, 420, 1518
2, 8830, 132450420, 132452730, 420, 2730
2, 8831, 132465420, 132466541, 420, 1541
2, 8832, 132480420, 132482195, 420, 2195
2, 8833, 132495420, 132496518, 420, 1518
2, 8834, 132510420, 132512195, 420, 2195
2, 8835, 132525420, 132526714, 420, 1714
2, 8836, 132540420, 132541822, 420, 1822
2, 8837, 132555420, 132556518, 420, 1518
2, 8838, 132570420, 132571541, 420, 1541
2, 8839, 132585420, 132586587, 420, 1587
2, 884, 13260420, 13261822, 420, 1822
2, 8840, 132600420, 132602195, 420, 2195
2, 8841, 132615420, 132616587, 420, 1587
2, 8842, 132630420, 132631587, 420, 1587
2, 8843, 132645420, 132646541, 420, 1541
2, 8844, 132660420, 132661587, 420, 1587
2, 8845, 132675420, 132676541, 420, 1541
2, 8846, 132690420, 132691822, 420, 1822
2, 8847, 132705420, 132706541, 420, 1541
2, 8848, 132720420, 132723306, 420, 3306
2, 8849, 132735420, 132736518, 420, 1518
2, 885, 13275420, 13276587, 420, 1587
2, 8850, 132750420, 132751587, 420, 1587
2, 8851, 132765420, 132766518, 420, 1518
2, 8852, 132780420, 132781822, 420, 1822
2, 8853, 132795420, 132796587, 420, 1587
2, 8854, 132810420, 132811541, 420, 1541
2, 8855, 132825420, 132826587, 420, 1587
2, 8856, 132840420, 132841587, 420, 1587
2, 8857, 132855420, 132856541, 420, 1541
2, 8858, 132870420, 132871587, 420, 1587
2, 8859, 132885420, 132886587, 420, 1587
2, 886, 13290420, 13291587, 420, 1587
2, 8860, 132900420, 132902195, 420, 2195
2, 8861, 132915420, 132916518, 420, 1518
2, 8862, 132930420, 132932195, 420, 2195
2, 8863, 132945420, 132946541, 420, 1541
2, 8864, 132960420, 132962195, 420, 2195
2, 8865, 132975420, 132976541, 420, 1541
2, 8866, 132990420, 132991541, 420, 1541
2, 8867, 133005420, 133006587, 420, 1587
2, 8868, 133020420, 133021587, 420, 1587
2, 8869, 133035420, 133036587, 420, 1587
2, 887, 13305420, 13306587, 420, 1587
2, 8870, 133050420, 133052195, 420, 2195
2, 8871, 133065420, 133066518, 420, 1518
2, 8872, 133080420, 133081587, 420, 1587
2, 8873, 133095420, 133096518, 420, 1518
2, 8874, 133110420, 133111822, 420, 1822
2, 8875, 133125420, 133128807, 420, 3807
2, 8876, 133140420, 133143306, 420, 3306
2, 8877, 133155420, 133156518, 420, 1518
2, 8878, 133170420, 133171541, 420, 1541
2, 8879, 133185420, 133186518, 420, 1518
2, 888, 13320420, 13321587, 420, 1587
2, 8880, 133200420, 133204002, 420, 4002
2, 8881, 133215420, 133216725, 420, 1725
2, 8882, 133230420, 133231587, 420, 1587
2, 8883, 133245420, 133246541, 420, 1541
2, 8884, 133260420, 133261587, 420, 1587
2, 8885, 133275420, 133276541, 420, 1541
2, 8886, 133290420, 133291587, 420, 1587
2, 8887, 133305420, 133306541, 420, 1541
2, 8888, 133320420, 133321822, 420, 1822
2, 8889, 133335420, 133336518, 420, 1518
2, 889, 13335420, 13336541, 420, 1541
2, 8890, 133350420, 133354031, 420, 4031
2, 8891, 133365420, 133366587, 420, 1587
2, 8892, 133380420, 133381822, 420, 1822
2, 8893, 133395420, 133396541, 420, 1541
2, 8894, 133410420, 133411541, 420, 1541
2, 8895, 133425420, 133426725, 420, 1725
2, 8896, 133440420, 133441822, 420, 1822
2, 8897, 133455420, 133456587, 420, 1587
2, 8898, 133470420, 133471587, 420, 1587
2, 8899, 133485420, 133486541, 420, 1541
2, 89, 1335420, 1336587, 420, 1587
2, 890, 13350420, 13351822, 420, 1822
2, 8900, 133500420, 133501822, 420, 1822
2, 8901, 133515420, 133516518, 420, 1518
2, 8902, 133530420, 133531587, 420, 1587
2, 8903, 133545420, 133546541, 420, 1541
2, 8904, 133560420, 133563306, 420, 3306
2, 8905, 133575420, 133576541, 420, 1541
2, 8906, 133590420, 133591541, 420, 1541
2, 8907, 133605420, 133606541, 420, 1541
2, 8908, 133620420, 133621822, 420, 1822
2, 8909, 133635420, 133640249, 420, 5249
2, 891, 13365420, 13366587, 420, 1587
2, 8910, 133650420, 133651822, 420, 1822
2, 8911, 133665420, 133666541, 420, 1541
2, 8912, 133680420, 133681822, 420, 1822
2, 8913, 133695420, 133696518, 420, 1518
2, 8914, 133710420, 133711587, 420, 1587
2, 8915, 133725420, 133726587, 420, 1587
2, 8916, 133740420, 133741822, 420, 1822
2, 8917, 133755420, 133756518, 420, 1518
2, 8918, 133770420, 133772195, 420, 2195
2, 8919, 133785420, 133786518, 420, 1518
2, 892, 13380420, 13381587, 420, 1587
2, 8920, 133800420, 133802195, 420, 2195
2, 8921, 133815420, 133816541, 420, 1541
2, 8922, 133830420, 133831541, 420, 1541
2, 8923, 133845420, 133846725, 420, 1725
2, 8924, 133860420, 133861587, 420, 1587
2, 8925, 133875420, 133876725, 420, 1725
2, 8926, 133890420, 133891587, 420, 1587
2, 8927, 133905420, 133906541, 420, 1541
2, 8928, 133920420, 133921822, 420, 1822
2, 8929, 133935420, 133936518, 420, 1518
2, 893, 13395420, 13396518, 420, 1518
2, 8930, 133950420, 133951822, 420, 1822
2, 8931, 133965420, 133966541, 420, 1541
2, 8932, 133980420, 133983306, 420, 3306
2, 8933, 133995420, 133996518, 420, 1518
2, 8934, 134010420, 134011541, 420, 1541
2, 8935, 134025420, 134026541, 420, 1541
2, 8936, 134040420, 134041587, 420, 1587
2, 8937, 134055420, 134061883, 420, 6883
2, 8938, 134070420, 134071587, 420, 1587
2, 8939, 134085420, 134086587, 420, 1587
2, 894, 13410420, 13411587, 420, 1587
2, 8940, 134100420, 134101822, 420, 1822
2, 8941, 134115420, 134116518, 420, 1518
2, 8942, 134130420, 134131587, 420, 1587
2, 8943, 134145420, 134146541, 420, 1541
2, 8944, 134160420, 134163929, 420, 3929
2, 8945, 134175420, 134176541, 420, 1541
2, 8946, 134190420, 134192195, 420, 2195
2, 8947, 134205420, 134206518, 420, 1518
2, 8948, 134220420, 134221822, 420, 1822
2, 8949, 134235420, 134236541, 420, 1541
2, 895, 13425420, 13426541, 420, 1541
2, 8950, 134250420, 134251822, 420, 1822
2, 8951, 134265420, 134266587, 420, 1587
2, 8952, 134280420, 134281587, 420, 1587
2, 8953, 134295420, 134296541, 420, 1541
2, 8954, 134310420, 134311587, 420, 1587
2, 8955, 134325420, 134326725, 420, 1725
2, 8956, 134340420, 134341587, 420, 1587
2, 8957, 134355420, 134356518, 420, 1518
2, 8958, 134370420, 134371587, 420, 1587
2, 8959, 134385420, 134386541, 420, 1541
2, 896, 13440420, 13445272, 420, 5272
2, 8960, 134400420, 134405272, 420, 5272
2, 8961, 134415420, 134416541, 420, 1541
2, 8962, 134430420, 134431541, 420, 1541
2, 8963, 134445420, 134446518, 420, 1518
2, 8964, 134460420, 134461587, 420, 1587
2, 8965, 134475420, 134476587, 420, 1587
2, 8966, 134490420, 134491822, 420, 1822
2, 8967, 134505420, 134506541, 420, 1541
2, 8968, 134520420, 134521587, 420, 1587
2, 8969, 134535420, 134536518, 420, 1518
2, 897, 13455420, 13456541, 420, 1541
2, 8970, 134550420, 134551587, 420, 1587
2, 8971, 134565420, 134572252, 420, 7252
2, 8972, 134580420, 134582195, 420, 2195
2, 8973, 134595420, 134596541, 420, 1541
2, 8974, 134610420, 134612195, 420, 2195
2, 8975, 134625420, 134626541, 420, 1541
2, 8976, 134640420, 134642195, 420, 2195
2, 8977, 134655420, 134656541, 420, 1541
2, 8978, 134670420, 134671587, 420, 1587
2, 8979, 134685420, 134686587, 420, 1587
2, 898, 13470420, 13471541, 420, 1541
2, 8980, 134700420, 134701822, 420, 1822
2, 8981, 134715420, 134716541, 420, 1541
2, 8982, 134730420, 134731587, 420, 1587
2, 8983, 134745420, 134746541, 420, 1541
2, 8984, 134760420, 134761822, 420, 1822
2, 8985, 134775420, 134776541, 420, 1541
2, 8986, 134790420, 134791587, 420, 1587
2, 8987, 134805420, 134806541, 420, 1541
2, 8988, 134820420, 134823306, 420, 3306
2, 8989, 134835420, 134836541, 420, 1541
2, 899, 13485420, 13486518, 420, 1518
2, 8990, 134850420, 134851587, 420, 1587
2, 8991, 134865420, 134866518, 420, 1518
2, 8992, 134880420, 134881822, 420, 1822
2, 8993, 134895420, 134896725, 420, 1725
2, 8994, 134910420, 134911587, 420, 1587
2, 8995, 134925420, 134926725, 420, 1725
2, 8996, 134940420, 134941587, 420, 1587
2, 8997, 134955420, 134956518, 420, 1518
2, 8998, 134970420, 134971541, 420, 1541
2, 8999, 134985420, 134986541, 420, 1541
2, 9, 135420, 136518, 420, 1518
2, 90, 1350420, 1351587, 420, 1587
2, 900, 13500420, 13501822, 420, 1822
2, 9000, 135000420, 135003841, 420, 3841
2, 9001, 135015420, 135016518, 420, 1518
2, 9002, 135030420, 135032195, 420, 2195
2, 9003, 135045420, 135046541, 420, 1541
2, 9004, 135060420, 135061587, 420, 1587
2, 9005, 135075420, 135076587, 420, 1587
2, 9006, 135090420, 135091587, 420, 1587
2, 9007, 135105420, 135106587, 420, 1587
2, 9008, 135120420, 135121822, 420, 1822
2, 9009, 135135420, 135136541, 420, 1541
2, 901, 13515420, 13516725, 420, 1725
2, 9010, 135150420, 135151822, 420, 1822
2, 9011, 135165420, 135166541, 420, 1541
2, 9012, 135180420, 135181822, 420, 1822
2, 9013, 135195420, 135196518, 420, 1518
2, 9014, 135210420, 135211587, 420, 1587
2, 9015, 135225420, 135226541, 420, 1541
2, 9016, 135240420, 135243306, 420, 3306
2, 9017, 135255420, 135256587, 420, 1587
2, 9018, 135270420, 135271587, 420, 1587
2, 9019, 135285420, 135286541, 420, 1541
2, 902, 13530420, 13531800, 420, 1800
2, 9020, 135300420, 135301822, 420, 1822
2, 9021, 135315420, 135316587, 420, 1587
2, 9022, 135330420, 135331587, 420, 1587
2, 9023, 135345420, 135346587, 420, 1587
2, 9024, 135360420, 135361822, 420, 1822
2, 9025, 135375420, 135376541, 420, 1541
2, 9026, 135390420, 135391541, 420, 1541
2, 9027, 135405420, 135406541, 420, 1541
2, 9028, 135420420, 135422195, 420, 2195
2, 9029, 135435420, 135436541, 420, 1541
2, 903, 13545420, 13546587, 420, 1587
2, 9030, 135450420, 135454031, 420, 4031
2, 9031, 135465420, 135466518, 420, 1518
2, 9032, 135480420, 135481587, 420, 1587
2, 9033, 135495420, 135496541, 420, 1541
2, 9034, 135510420, 135511587, 420, 1587
2, 9035, 135525420, 135529331, 420, 4331
2, 9036, 135540420, 135541587, 420, 1587
2, 9037, 135555420, 135556541, 420, 1541
2, 9038, 135570420, 135571541, 420, 1541
2, 9039, 135585420, 135587463, 420, 2463
2, 904, 13560420, 13561587, 420, 1587
2, 9040, 135600420, 135604002, 420, 4002
2, 9041, 135615420, 135616541, 420, 1541
2, 9042, 135630420, 135631587, 420, 1587
2, 9043, 135645420, 135646518, 420, 1518
2, 9044, 135660420, 135663306, 420, 3306
2, 9045, 135675420, 135676587, 420, 1587
2, 9046, 135690420, 135691541, 420, 1541
2, 9047, 135705420, 135706518, 420, 1518
2, 9048, 135720420, 135721587, 420, 1587
2, 9049, 135735420, 135736587, 420, 1587
2, 905, 13575420, 13576541, 420, 1541
2, 9050, 135750420, 135751822, 420, 1822
2, 9051, 135765420, 135766725, 420, 1725
2, 9052, 135780420, 135781822, 420, 1822
2, 9053, 135795420, 135796518, 420, 1518
2, 9054, 135810420, 135811541, 420, 1541
2, 9055, 135825420, 135826541, 420, 1541
2, 9056, 135840420, 135843955, 420, 3955
2, 9057, 135855420, 135856541, 420, 1541
2, 9058, 135870420, 135872195, 420, 2195
2, 9059, 135885420, 135886518, 420, 1518
2, 906, 13590420, 13591541, 420, 1541
2, 9060, 135900420, 135901822, 420, 1822
2, 9061, 135915420, 135916541, 420, 1541
2, 9062, 135930420, 135931800, 420, 1800
2, 9063, 135945420, 135946587, 420, 1587
2, 9064, 135960420, 135961587, 420, 1587
2, 9065, 135975420, 135976587, 420, 1587
2, 9066, 135990420, 135991541, 420, 1541
2, 9067, 136005420, 136006587, 420, 1587
2, 9068, 136020420, 136021822, 420, 1822
2, 9069, 136035420, 136036518, 420, 1518
2, 907, 13605420, 13606587, 420, 1587
2, 9070, 136050420, 136051822, 420, 1822
2, 9071, 136065420, 136066518, 420, 1518
2, 9072, 136080420, 136083306, 420, 3306
2, 9073, 136095420, 136096541, 420, 1541
2, 9074, 136110420, 136111587, 420, 1587
2, 9075, 136125420, 136126541, 420, 1541
2, 9076, 136140420, 136141587, 420, 1587
2, 9077, 136155420, 136156587, 420, 1587
2, 9078, 136170420, 136171587, 420, 1587
2, 9079, 136185420, 136186587, 420, 1587
2, 908, 13620420, 13622195, 420, 2195
2, 9080, 136200420, 136202195, 420, 2195
2, 9081, 136215420, 136216518, 420, 1518
2, 9082, 136230420, 136231541, 420, 1541
2, 9083, 136245420, 136246541, 420, 1541
2, 9084, 136260420, 136262195, 420, 2195
2, 9085, 136275420, 136276587, 420, 1587
2, 9086, 136290420, 136292195, 420, 2195
2, 9087, 136305420, 136306518, 420, 1518
2, 9088, 136320420, 136321822, 420, 1822
2, 9089, 136335420, 136336518, 420, 1518
2, 909, 13635420, 13636518, 420, 1518
2, 9090, 136350420, 136351822, 420, 1822
2, 9091, 136365420, 136366587, 420, 1587
2, 9092, 136380420, 136381587, 420, 1587
2, 9093, 136395420, 136396541, 420, 1541
2, 9094, 136410420, 136411541, 420, 1541
2, 9095, 136425420, 136426587, 420, 1587
2, 9096, 136440420, 136441822, 420, 1822
2, 9097, 136455420, 136456541, 420, 1541
2, 9098, 136470420, 136471587, 420, 1587
2, 9099, 136485420, 136486541, 420, 1541
2, 91, 1365420, 1366725, 420, 1725
2, 910, 13650420, 13654031, 420, 4031
2, 9100, 136500420, 136504031, 420, 4031
2, 9101, 136515420, 136516541, 420, 1541
2, 9102, 136530420, 136531587, 420, 1587
2, 9103, 136545420, 136546518, 420, 1518
2, 9104, 136560420, 136561822, 420, 1822
2, 9105, 136575420, 136576725, 420, 1725
2, 9106, 136590420, 136591541, 420, 1541
2, 9107, 136605420, 136606587, 420, 1587
2, 9108, 136620420, 136621822, 420, 1822
2, 9109, 136635420, 136636518, 420, 1518
2, 911, 13665420, 13666518, 420, 1518
2, 9110, 136650420, 136651587, 420, 1587
2, 9111, 136665420, 136666518, 420, 1518
2, 9112, 136680420, 136682195, 420, 2195
2, 9113, 136695420, 136696541, 420, 1541
2, 9114, 136710420, 136713881, 420, 3881
2, 9115, 136725420, 136726587, 420, 1587
2, 9116, 136740420, 136741587, 420, 1587
2, 9117, 136755420, 136756518, 420, 1518
2, 9118, 136770420, 136771587, 420, 1587
2, 9119, 136785420, 136789669, 420, 4669
2, 912, 13680420, 13681822, 420, 1822
2, 9120, 136800420, 136804002, 420, 4002
2, 9121, 136815420, 136816541, 420, 1541
2, 9122, 136830420, 136831541, 420, 1541
2, 9123, 136845420, 136846518, 420, 1518
2, 9124, 136860420, 136861822, 420, 1822
2, 9125, 136875420, 136876587, 420, 1587
2, 9126, 136890420, 136891587, 420, 1587
2, 9127, 136905420, 136906518, 420, 1518
2, 9128, 136920420, 136924007, 420, 4007
2, 9129, 136935420, 136936541, 420, 1541
2, 913, 13695420, 13696541, 420, 1541
2, 9130, 136950420, 136951822, 420, 1822
2, 9131, 136965420, 136966587, 420, 1587
2, 9132, 136980420, 136981587, 420, 1587
2, 9133, 136995420, 136996587, 420, 1587
2, 9134, 137010420, 137011541, 420, 1541
2, 9135, 137025420, 137026725, 420, 1725
2, 9136, 137040420, 137042195, 420, 2195
2, 9137, 137055420, 137056541, 420, 1541
2, 9138, 137070420, 137071541, 420, 1541
2, 9139, 137085420, 137086518, 420, 1518
2, 914, 13710420, 13711587, 420, 1587
2, 9140, 137100420, 137102195, 420, 2195
2, 9141, 137115420, 137116541, 420, 1541
2, 9142, 137130420, 137133306, 420, 3306
2, 9143, 137145420, 137146518, 420, 1518
2, 9144, 137160420, 137161587, 420, 1587
2, 9145, 137175420, 137176541, 420, 1541
2, 9146, 137190420, 137191587, 420, 1587
2, 9147, 137205420, 137212124, 420, 7124
2, 9148, 137220420, 137221822, 420, 1822
2, 9149, 137235420, 137236541, 420, 1541
2, 915, 13725420, 13726725, 420, 1725
2, 9150, 137250420, 137251587, 420, 1587
2, 9151, 137265420, 137266518, 420, 1518
2, 9152, 137280420, 137282195, 420, 2195
2, 9153, 137295420, 137296541, 420, 1541
2, 9154, 137310420, 137311822, 420, 1822
2, 9155, 137325420, 137326541, 420, 1541
2, 9156, 137340420, 137344007, 420, 4007
2, 9157, 137355420, 137356518, 420, 1518
2, 9158, 137370420, 137371587, 420, 1587
2, 9159, 137385420, 137386541, 420, 1541
2, 916, 13740420, 13741587, 420, 1587
2, 9160, 137400420, 137401822, 420, 1822
2, 9161, 137415420, 137416587, 420, 1587
2, 9162, 137430420, 137431541, 420, 1541
2, 9163, 137445420, 137446725, 420, 1725
2, 9164, 137460420, 137461822, 420, 1822
2, 9165, 137475420, 137476587, 420, 1587
2, 9166, 137490420, 137491541, 420, 1541
2, 9167, 137505420, 137506518, 420, 1518
2, 9168, 137520420, 137522195, 420, 2195
2, 9169, 137535420, 137536541, 420, 1541
2, 917, 13755420, 13756541, 420, 1541
2, 9170, 137550420, 137553306, 420, 3306
2, 9171, 137565420, 137566518, 420, 1518
2, 9172, 137580420, 137581587, 420, 1587
2, 9173, 137595420, 137596518, 420, 1518
2, 9174, 137610420, 137611541, 420, 1541
2, 9175, 137625420, 137631883, 420, 6883
2, 9176, 137640420, 137641822, 420, 1822
2, 9177, 137655420, 137656541, 420, 1541
2, 9178, 137670420, 137671541, 420, 1541
2, 9179, 137685420, 137686541, 420, 1541
2, 918, 13770420, 13771587, 420, 1587
2, 9180, 137700420, 137702195, 420, 2195
2, 9181, 137715420, 137716541, 420, 1541
2, 9182, 137730420, 137731822, 420, 1822
2, 9183, 137745420, 137746518, 420, 1518
2, 9184, 137760420, 137763306, 420, 3306
2, 9185, 137775420, 137776541, 420, 1541
2, 9186, 137790420, 137791587, 420, 1587
2, 9187, 137805420, 137806541, 420, 1541
2, 9188, 137820420, 137821587, 420, 1587
2, 9189, 137835420, 137836587, 420, 1587
2, 919, 13785420, 13786541, 420, 1541
2, 9190, 137850420, 137851587, 420, 1587
2, 9191, 137865420, 137866541, 420, 1541
2, 9192, 137880420, 137881822, 420, 1822
2, 9193, 137895420, 137896541, 420, 1541
2, 9194, 137910420, 137911541, 420, 1541
2, 9195, 137925420, 137926587, 420, 1587
2, 9196, 137940420, 137941822, 420, 1822
2, 9197, 137955420, 137956541, 420, 1541
2, 9198, 137970420, 137973306, 420, 3306
2, 9199, 137985420, 137986541, 420, 1541
2, 92, 1380420, 1381822, 420, 1822
2, 920, 13800420, 13802195, 420, 2195
2, 9200, 138000420, 138002195, 420, 2195
2, 9201, 138015420, 138016518, 420, 1518
2, 9202, 138030420, 138031541, 420, 1541
2, 9203, 138045420, 138046541, 420, 1541
2, 9204, 138060420, 138061822, 420, 1822
2, 9205, 138075420, 138076587, 420, 1587
2, 9206, 138090420, 138091541, 420, 1541
2, 9207, 138105420, 138106518, 420, 1518
2, 9208, 138120420, 138121587, 420, 1587
2, 9209, 138135420, 138136541, 420, 1541
2, 921, 13815420, 13816518, 420, 1518
2, 9210, 138150420, 138152195, 420, 2195
2, 9211, 138165420, 138166541, 420, 1541
2, 9212, 138180420, 138184007, 420, 4007
2, 9213, 138195420, 138196518, 420, 1518
2, 9214, 138210420, 138211587, 420, 1587
2, 9215, 138225420, 138226587, 420, 1587
2, 9216, 138240420, 138242195, 420, 2195
2, 9217, 138255420, 138256587, 420, 1587
2, 9218, 138270420, 138271541, 420, 1541
2, 9219, 138285420, 138286541, 420, 1541
2, 922, 13830420, 13831587, 420, 1587
2, 9220, 138300420, 138302195, 420, 2195
2, 9221, 138315420, 138316541, 420, 1541
2, 9222, 138330420, 138331541, 420, 1541
2, 9223, 138345420, 138346518, 420, 1518
2, 9224, 138360420, 138361822, 420, 1822
2, 9225, 138375420, 138376541, 420, 1541
2, 9226, 138390420, 138393306, 420, 3306
2, 9227, 138405420, 138408696, 420, 3696
2, 9228, 138420420, 138421587, 420, 1587
2, 9229, 138435420, 138436518, 420, 1518
2, 923, 13845420, 13846541, 420, 1541
2, 9230, 138450420, 138451587, 420, 1587
2, 9231, 138465420, 138466725, 420, 1725
2, 9232, 138480420, 138482195, 420, 2195
2, 9233, 138495420, 138496587, 420, 1587
2, 9234, 138510420, 138511541, 420, 1541
2, 9235, 138525420, 138526541, 420, 1541
2, 9236, 138540420, 138541587, 420, 1587
2, 9237, 138555420, 138556541, 420, 1541
2, 9238, 138570420, 138572195, 420, 2195
2, 9239, 138585420, 138586541, 420, 1541
2, 924, 13860420, 13863306, 420, 3306
2, 9240, 138600420, 138604031, 420, 4031
2, 9241, 138615420, 138616518, 420, 1518
2, 9242, 138630420, 138631541, 420, 1541
2, 9243, 138645420, 138650206, 420, 5206
2, 9244, 138660420, 138661822, 420, 1822
2, 9245, 138675420, 138676587, 420, 1587
2, 9246, 138690420, 138691541, 420, 1541
2, 9247, 138705420, 138706541, 420, 1541
2, 9248, 138720420, 138722195, 420, 2195
2, 9249, 138735420, 138736541, 420, 1541
2, 925, 13875420, 13876587, 420, 1587
2, 9250, 138750420, 138751822, 420, 1822
2, 9251, 138765420, 138766518, 420, 1518
2, 9252, 138780420, 138781822, 420, 1822
2, 9253, 138795420, 138796518, 420, 1518
2, 9254, 138810420, 138813306, 420, 3306
2, 9255, 138825420, 138826587, 420, 1587
2, 9256, 138840420, 138841822, 420, 1822
2, 9257, 138855420, 138856518, 420, 1518
2, 9258, 138870420, 138871541, 420, 1541
2, 9259, 138885420, 138886725, 420, 1725
2, 926, 13890420, 13891587, 420, 1587
2, 9260, 138900420, 138902195, 420, 2195
2, 9261, 138915420, 138916587, 420, 1587
2, 9262, 138930420, 138931541, 420, 1541
2, 9263, 138945420, 138946518, 420, 1518
2, 9264, 138960420, 138961822, 420, 1822
2, 9265, 138975420, 138976587, 420, 1587
2, 9266, 138990420, 138991822, 420, 1822
2, 9267, 139005420, 139006541, 420, 1541
2, 9268, 139020420, 139024007, 420, 4007
2, 9269, 139035420, 139036518, 420, 1518
2, 927, 13905420, 13906518, 420, 1518
2, 9270, 139050420, 139051587, 420, 1587
2, 9271, 139065420, 139066541, 420, 1541
2, 9272, 139080420, 139081822, 420, 1822
2, 9273, 139095420, 139096587, 420, 1587
2, 9274, 139110420, 139111541, 420, 1541
2, 9275, 139125420, 139126725, 420, 1725
2, 9276, 139140420, 139141587, 420, 1587
2, 9277, 139155420, 139156541, 420, 1541
2, 9278, 139170420, 139171802, 420, 1802
2, 9279, 139185420, 139186518, 420, 1518
2, 928, 13920420, 13921822, 420, 1822
2, 9280, 139200420, 139203841, 420, 3841
2, 9281, 139215420, 139216518, 420, 1518
2, 9282, 139230420, 139233306, 420, 3306
2, 9283, 139245420, 139246541, 420, 1541
2, 9284, 139260420, 139261748, 420, 1748
2, 9285, 139275420, 139276541, 420, 1541
2, 9286, 139290420, 139291541, 420, 1541
2, 9287, 139305420, 139306587, 420, 1587
2, 9288, 139320420, 139321822, 420, 1822
2, 9289, 139335420, 139336587, 420, 1587
2, 929, 13935420, 13936587, 420, 1587
2, 9290, 139350420, 139351587, 420, 1587
2, 9291, 139365420, 139366541, 420, 1541
2, 9292, 139380420, 139381587, 420, 1587
2, 9293, 139395420, 139396518, 420, 1518
2, 9294, 139410420, 139411822, 420, 1822
2, 9295, 139425420, 139426587, 420, 1587
2, 9296, 139440420, 139443306, 420, 3306
2, 9297, 139455420, 139456518, 420, 1518
2, 9298, 139470420, 139471541, 420, 1541
2, 9299, 139485420, 139486541, 420, 1541
2, 93, 1395420, 1396541, 420, 1541
2, 930, 13950420, 13951822, 420, 1822
2, 9300, 139500420, 139502195, 420, 2195
2, 9301, 139515420, 139516587, 420, 1587
2, 9302, 139530420, 139531541, 420, 1541
2, 9303, 139545420, 139546541, 420, 1541
2, 9304, 139560420, 139561587, 420, 1587
2, 9305, 139575420, 139576587, 420, 1587
2, 9306, 139590420, 139591822, 420, 1822
2, 9307, 139605420, 139606587, 420, 1587
2, 9308, 139620420, 139621822, 420, 1822
2, 9309, 139635420, 139636518, 420, 1518
2, 931, 13965420, 13966587, 420, 1587
2, 9310, 139650420, 139654031, 420, 4031
2, 9311, 139665420, 139666587, 420, 1587
2, 9312, 139680420, 139682195, 420, 2195
2, 9313, 139695420, 139696518, 420, 1518
2, 9314, 139710420, 139711541, 420, 1541
2, 9315, 139725420, 139726725, 420, 1725
2, 9316, 139740420, 139741822, 420, 1822
2, 9317, 139755420, 139756587, 420, 1587
2, 9318, 139770420, 139771587, 420, 1587
2, 9319, 139785420, 139786518, 420, 1518
2, 932, 13980420, 13981587, 420, 1587
2, 9320, 139800420, 139801822, 420, 1822
2, 9321, 139815420, 139816518, 420, 1518
2, 9322, 139830420, 139831822, 420, 1822
2, 9323, 139845420, 139846587, 420, 1587
2, 9324, 139860420, 139864007, 420, 4007
2, 9325, 139875420, 139876541, 420, 1541
2, 9326, 139890420, 139891541, 420, 1541
2, 9327, 139905420, 139906518, 420, 1518
2, 9328, 139920420, 139922195, 420, 2195
2, 9329, 139935420, 139936725, 420, 1725
2, 933, 13995420, 13996518, 420, 1518
2, 9330, 139950420, 139951587, 420, 1587
2, 9331, 139965420, 139966541, 420, 1541
2, 9332, 139980420, 139981587, 420, 1587
2, 9333, 139995420, 139996541, 420, 1541
2, 9334, 140010420, 140011822, 420, 1822
2, 9335, 140025420, 140026587, 420, 1587
2, 9336, 140040420, 140041822, 420, 1822
2, 9337, 140055420, 140056518, 420, 1518
2, 9338, 140070420, 140072195, 420, 2195
2, 9339, 140085420, 140086587, 420, 1587
2, 934, 14010420, 14011541, 420, 1541
2, 9340, 140100420, 140102195, 420, 2195
2, 9341, 140115420, 140116518, 420, 1518
2, 9342, 140130420, 140131541, 420, 1541
2, 9343, 140145420, 140146587, 420, 1587
2, 9344, 140160420, 140161822, 420, 1822
2, 9345, 140175420, 140176725, 420, 1725
2, 9346, 140190420, 140191587, 420, 1587
2, 9347, 140205420, 140206518, 420, 1518
2, 9348, 140220420, 140221587, 420, 1587
2, 9349, 140235420, 140236518, 420, 1518
2, 935, 14025420, 14026587, 420, 1587
2, 9350, 140250420, 140252195, 420, 2195
2, 9351, 140265420, 140266541, 420, 1541
2, 9352, 140280420, 140284173, 420, 4173
2, 9353, 140295420, 140296518, 420, 1518
2, 9354, 140310420, 140311541, 420, 1541
2, 9355, 140325420, 140326587, 420, 1587
2, 9356, 140340420, 140341822, 420, 1822
2, 9357, 140355420, 140356587, 420, 1587
2, 9358, 140370420, 140371541, 420, 1541
2, 9359, 140385420, 140386541, 420, 1541
2, 936, 14040420, 14042195, 420, 2195
2, 9360, 140400420, 140402195, 420, 2195
2, 9361, 140415420, 140416518, 420, 1518
2, 9362, 140430420, 140431587, 420, 1587
2, 9363, 140445420, 140446541, 420, 1541
2, 9364, 140460420, 140461822, 420, 1822
2, 9365, 140475420, 140476541, 420, 1541
2, 9366, 140490420, 140492195, 420, 2195
2, 9367, 140505420, 140506541, 420, 1541
2, 9368, 140520420, 140521822, 420, 1822
2, 9369, 140535420, 140536541, 420, 1541
2, 937, 14055420, 14056541, 420, 1541
2, 9370, 140550420, 140551587, 420, 1587
2, 9371, 140565420, 140566725, 420, 1725
2, 9372, 140580420, 140581587, 420, 1587
2, 9373, 140595420, 140596587, 420, 1587
2, 9374, 140610420, 140611587, 420, 1587
2, 9375, 140625420, 140626587, 420, 1587
2, 9376, 140640420, 140641822, 420, 1822
2, 9377, 140655420, 140656518, 420, 1518
2, 9378, 140670420, 140671587, 420, 1587
2, 9379, 140685420, 140687463, 420, 2463
2, 938, 14070420, 14072195, 420, 2195
2, 9380, 140700420, 140703306, 420, 3306
2, 9381, 140715420, 140716518, 420, 1518
2, 9382, 140730420, 140731541, 420, 1541
2, 9383, 140745420, 140746518, 420, 1518
2, 9384, 140760420, 140761822, 420, 1822
2, 9385, 140775420, 140776922, 420, 1922
2, 9386, 140790420, 140791587, 420, 1587
2, 9387, 140805420, 140806587, 420, 1587
2, 9388, 140820420, 140821587, 420, 1587
2, 9389, 140835420, 140836518, 420, 1518
2, 939, 14085420, 14086541, 420, 1541
2, 9390, 140850420, 140851822, 420, 1822
2, 9391, 140865420, 140866541, 420, 1541
2, 9392, 140880420, 140882195, 420, 2195
2, 9393, 140895420, 140896518, 420, 1518
2, 9394, 140910420, 140912195, 420, 2195
2, 9395, 140925420, 140926541, 420, 1541
2, 9396, 140940420, 140941822, 420, 1822
2, 9397, 140955420, 140956541, 420, 1541
2, 9398, 140970420, 140971541, 420, 1541
2, 9399, 140985420, 140986587, 420, 1587
2, 94, 1410420, 1411541, 420, 1541
2, 940, 14100420, 14101822, 420, 1822
2, 9400, 141000420, 141001822, 420, 1822
2, 9401, 141015420, 141016587, 420, 1587
2, 9402, 141030420, 141031587, 420, 1587
2, 9403, 141045420, 141046587, 420, 1587
2, 9404, 141060420, 141061587, 420, 1587
2, 9405, 141075420, 141076541, 420, 1541
2, 9406, 141090420, 141091587, 420, 1587
2, 9407, 141105420, 141106541, 420, 1541
2, 9408, 141120420, 141125272, 420, 5272
2, 9409, 141135420, 141136541, 420, 1541
2, 941, 14115420, 14116541, 420, 1541
2, 9410, 141150420, 141151587, 420, 1587
2, 9411, 141165420, 141166518, 420, 1518
2, 9412, 141180420, 141181587, 420, 1587
2, 9413, 141195420, 141201883, 420, 6883
2, 9414, 141210420, 141211857, 420, 1857
2, 9415, 141225420, 141226725, 420, 1725
2, 9416, 141240420, 141241587, 420, 1587
2, 9417, 141255420, 141256518, 420, 1518
2, 9418, 141270420, 141271587, 420, 1587
2, 9419, 141285420, 141290036, 420, 5036
2, 942, 14130420, 14131587, 420, 1587
2, 9420, 141300420, 141303841, 420, 3841
2, 9421, 141315420, 141316518, 420, 1518
2, 9422, 141330420, 141332195, 420, 2195
2, 9423, 141345420, 141346518, 420, 1518
2, 9424, 141360420, 141362195, 420, 2195
2, 9425, 141375420, 141376587, 420, 1587
2, 9426, 141390420, 141391541, 420, 1541
2, 9427, 141405420, 141406587, 420, 1587
2, 9428, 141420420, 141421587, 420, 1587
2, 9429, 141435420, 141436541, 420, 1541
2, 943, 14145420, 14146587, 420, 1587
2, 9430, 141450420, 141451822, 420, 1822
2, 9431, 141465420, 141466541, 420, 1541
2, 9432, 141480420, 141481587, 420, 1587
2, 9433, 141495420, 141496518, 420, 1518
2, 9434, 141510420, 141511587, 420, 1587
2, 9435, 141525420, 141526725, 420, 1725
2, 9436, 141540420, 141543306, 420, 3306
2, 9437, 141555420, 141556541, 420, 1541
2, 9438, 141570420, 141571541, 420, 1541
2, 9439, 141585420, 141586518, 420, 1518
2, 944, 14160420, 14161822, 420, 1822
2, 9440, 141600420, 141602195, 420, 2195
2, 9441, 141615420, 141616541, 420, 1541
2, 9442, 141630420, 141631587, 420, 1587
2, 9443, 141645420, 141646541, 420, 1541
2, 9444, 141660420, 141661587, 420, 1587
2, 9445, 141675420, 141676541, 420, 1541
2, 9446, 141690420, 141691541, 420, 1541
2, 9447, 141705420, 141706541, 420, 1541
2, 9448, 141720420, 141722195, 420, 2195
2, 9449, 141735420, 141736518, 420, 1518
2, 945, 14175420, 14176587, 420, 1587
2, 9450, 141750420, 141754031, 420, 4031
2, 9451, 141765420, 141766541, 420, 1541
2, 9452, 141780420, 141781822, 420, 1822
2, 9453, 141795420, 141796541, 420, 1541
2, 9454, 141810420, 141811587, 420, 1587
2, 9455, 141825420, 141826725, 420, 1725
2, 9456, 141840420, 141841822, 420, 1822
2, 9457, 141855420, 141856541, 420, 1541
2, 9458, 141870420, 141871587, 420, 1587
2, 9459, 141885420, 141886541, 420, 1541
2, 946, 14190420, 14191541, 420, 1541
2, 9460, 141900420, 141901822, 420, 1822
2, 9461, 141915420, 141916518, 420, 1518
2, 9462, 141930420, 141931587, 420, 1587
2, 9463, 141945420, 141946518, 420, 1518
2, 9464, 141960420, 141963306, 420, 3306
2, 9465, 141975420, 141976587, 420, 1587
2, 9466, 141990420, 141991541, 420, 1541
2, 9467, 142005420, 142006541, 420, 1541
2, 9468, 142020420, 142021587, 420, 1587
2, 9469, 142035420, 142036725, 420, 1725
2, 947, 14205420, 14206541, 420, 1541
2, 9470, 142050420, 142051822, 420, 1822
2, 9471, 142065420, 142066587, 420, 1587
2, 9472, 142080420, 142081822, 420, 1822
2, 9473, 142095420, 142096518, 420, 1518
2, 9474, 142110420, 142111541, 420, 1541
2, 9475, 142125420, 142126587, 420, 1587
2, 9476, 142140420, 142142195, 420, 2195
2, 9477, 142155420, 142156518, 420, 1518
2, 9478, 142170420, 142172195, 420, 2195
2, 9479, 142185420, 142186518, 420, 1518
2, 948, 14220420, 14221822, 420, 1822
2, 9480, 142200420, 142201822, 420, 1822
2, 9481, 142215420, 142216541, 420, 1541
2, 9482, 142230420, 142231587, 420, 1587
2, 9483, 142245420, 142246725, 420, 1725
2, 9484, 142260420, 142261587, 420, 1587
2, 9485, 142275420, 142276587, 420, 1587
2, 9486, 142290420, 142291587, 420, 1587
2, 9487, 142305420, 142306708, 420, 1708
2, 9488, 142320420, 142322195, 420, 2195
2, 9489, 142335420, 142336518, 420, 1518
2, 949, 14235420, 14236518, 420, 1518
2, 9490, 142350420, 142351822, 420, 1822
2, 9491, 142365420, 142366518, 420, 1518
2, 9492, 142380420, 142383306, 420, 3306
2, 9493, 142395420, 142396541, 420, 1541
2, 9494, 142410420, 142411587, 420, 1587
2, 9495, 142425420, 142426541, 420, 1541
2, 9496, 142440420, 142441587, 420, 1587
2, 9497, 142455420, 142456587, 420, 1587
2, 9498, 142470420, 142471587, 420, 1587
2, 9499, 142485420, 142486725, 420, 1725
2, 95, 1425420, 1426541, 420, 1541
2, 950, 14250420, 14251822, 420, 1822
2, 9500, 142500420, 142501822, 420, 1822
2, 9501, 142515420, 142516518, 420, 1518
2, 9502, 142530420, 142531541, 420, 1541
2, 9503, 142545420, 142546541, 420, 1541
2, 9504, 142560420, 142563955, 420, 3955
2, 9505, 142575420, 142576587, 420, 1587
2, 9506, 142590420, 142592195, 420, 2195
2, 9507, 142605420, 142606518, 420, 1518
2, 9508, 142620420, 142621587, 420, 1587
2, 9509, 142635420, 142636541, 420, 1541
2, 951, 14265420, 14266518, 420, 1518
2, 9510, 142650420, 142652195, 420, 2195
2, 9511, 142665420, 142666587, 420, 1587
2, 9512, 142680420, 142681587, 420, 1587
2, 9513, 142695420, 142696541, 420, 1541
2, 9514, 142710420, 142711541, 420, 1541
2, 9515, 142725420, 142732252, 420, 7252
2, 9516, 142740420, 142741822, 420, 1822
2, 9517, 142755420, 142756541, 420, 1541
2, 9518, 142770420, 142771587, 420, 1587
2, 9519, 142785420, 142786518, 420, 1518
2, 952, 14280420, 14283306, 420, 3306
2, 953, 14295420, 14296541, 420, 1541
2, 954, 14310420, 14311587, 420, 1587
2, 955, 14325420, 14326587, 420, 1587
2, 956, 14340420, 14341587, 420, 1587
2, 957, 14355420, 14356587, 420, 1587
2, 958, 14370420, 14371587, 420, 1587
2, 959, 14385420, 14386587, 420, 1587
2, 96, 1440420, 1442195, 420, 2195
2, 960, 14400420, 14402195, 420, 2195
2, 961, 14415420, 14416518, 420, 1518
2, 962, 14430420, 14431541, 420, 1541
2, 963, 14445420, 14446518, 420, 1518
2, 964, 14460420, 14462195, 420, 2195
2, 965, 14475420, 14476587, 420, 1587
2, 966, 14490420, 14492195, 420, 2195
2, 967, 14505420, 14506518, 420, 1518
2, 968, 14520420, 14521587, 420, 1587
2, 969, 14535420, 14536541, 420, 1541
2, 97, 1455420, 1456587, 420, 1587
2, 970, 14550420, 14551822, 420, 1822
2, 971, 14565420, 14571256, 420, 6256
2, 972, 14580420, 14581587, 420, 1587
2, 973, 14595420, 14596541, 420, 1541
2, 974, 14610420, 14611541, 420, 1541
2, 975, 14625420, 14626587, 420, 1587
2, 976, 14640420, 14642195, 420, 2195
2, 977, 14655420, 14656541, 420, 1541
2, 978, 14670420, 14671587, 420, 1587
2, 979, 14685420, 14686518, 420, 1518
2, 98, 1470420, 1473306, 420, 3306
2, 980, 14700420, 14704031, 420, 4031
2, 981, 14715420, 14716541, 420, 1541
2, 982, 14730420, 14731587, 420, 1587
2, 983, 14745420, 14746518, 420, 1518
2, 984, 14760420, 14761587, 420, 1587
2, 985, 14775420, 14776725, 420, 1725
2, 986, 14790420, 14791587, 420, 1587
2, 987, 14805420, 14816949, 420, 11949
2, 988, 14820420, 14821822, 420, 1822
2, 989, 14835420, 14836518, 420, 1518
2, 99, 1485420, 1486518, 420, 1518
2, 990, 14850420, 14851587, 420, 1587
2, 991, 14865420, 14866518, 420, 1518
2, 992, 14880420, 14883955, 420, 3955
2, 993, 14895420, 14896541, 420, 1541
2, 994, 14910420, 14913306, 420, 3306
2, 995, 14925420, 14926541, 420, 1541
2, 996, 14940420, 14941587, 420, 1587
2, 997, 14955420, 14956518, 420, 1518
2, 998, 14970420, 14971587, 420, 1587
2, 999, 14985420, 14986587, 420, 1587
3, 0, 653, 6609, 653, 6609
3, 1, 20653, 22087, 653, 2087
3, 10, 200653, 202087, 653, 2087
3, 100, 2000653, 2002557, 653, 2557
3, 1000, 20000653, 20002557, 653, 2557
3, 1001, 20020653, 20022557, 653, 2557
3, 1002, 20040653, 20042087, 653, 2087
3, 1003, 20060653, 20062087, 653, 2087
3, 1004, 20080653, 20082087, 653, 2087
3, 1005, 20100653, 20102493, 653, 2493
3, 1006, 20120653, 20122087, 653, 2087
3, 1007, 20140653, 20142087, 653, 2087
3, 1008, 20160653, 20166609, 653, 6609
3, 1009, 20180653, 20182087, 653, 2087
3, 101, 2020653, 2022087, 653, 2087
3, 1010, 20200653, 20202087, 653, 2087
3, 1011, 20220653, 20222087, 653, 2087
3, 1012, 20240653, 20242087, 653, 2087
3, 1013, 20260653, 20262087, 653, 2087
3, 1014, 20280653, 20282087, 653, 2087
3, 1015, 20300653, 20304530, 653, 4530
3, 1016, 20320653, 20322087, 653, 2087
3, 1017, 20340653, 20342809, 653, 2809
3, 1018, 20360653, 20362087, 653, 2087
3, 1019, 20380653, 20382087, 653, 2087
3, 102, 2040653, 2042493, 653, 2493
3, 1020, 20400653, 20403360, 653, 3360
3, 1021, 20420653, 20422087, 653, 2087
3, 1022, 20440653, 20442557, 653, 2557
3, 1023, 20460653, 20462087, 653, 2087
3, 1024, 20480653, 20482087, 653, 2087
3, 1025, 20500653, 20502087, 653, 2087
3, 1026, 20520653, 20522087, 653, 2087
3, 1027, 20540653, 20542087, 653, 2087
3, 1028, 20560653, 20562087, 653, 2087
3, 1029, 20580653, 20584643, 653, 4643
3, 103, 2060653, 2062087, 653, 2087
3, 1030, 20600653, 20602087, 653, 2087
3, 1031, 20620653, 20622087, 653, 2087
3, 1032, 20640653, 20642493, 653, 2493
3, 1033, 20660653, 20662087, 653, 2087
3, 1034, 20680653, 20682087, 653, 2087
3, 1035, 20700653, 20702493, 653, 2493
3, 1036, 20720653, 20723668, 653, 3668
3, 1037, 20740653, 20742087, 653, 2087
3, 1038, 20760653, 20762809, 653, 2809
3, 1039, 20780653, 20782087, 653, 2087
3, 104, 2080653, 2082087, 653, 2087
3, 1040, 20800653, 20802087, 653, 2087
3, 1041, 20820653, 20822087, 653, 2087
3, 1042, 20840653, 20842087, 653, 2087
3, 1043, 20860653, 20862557, 653, 2557
3, 1044, 20880653, 20882493, 653, 2493
3, 1045, 20900653, 20902087, 653, 2087
3, 1046, 20920653, 20922087, 653, 2087
3, 1047, 20940653, 20942493, 653, 2493
3, 1048, 20960653, 20962087, 653, 2087
3, 1049, 20980653, 20982087, 653, 2087
3, 105, 2100653, 2105018, 653, 5018
3, 1050, 21000653, 21004643, 653, 4643
3, 1051, 21020653, 21022087, 653, 2087
3, 1052, 21040653, 21042087, 653, 2087
3, 1053, 21060653, 21062087, 653, 2087
3, 1054, 21080653, 21082087, 653, 2087
3, 1055, 21100653, 21102087, 653, 2087
3, 1056, 21120653, 21122493, 653, 2493
3, 1057, 21140653, 21142557, 653, 2557
3, 1058, 21160653, 21162087, 653, 2087
3, 1059, 21180653, 21182809, 653, 2809
3, 106, 2120653, 2122087, 653, 2087
3, 1060, 21200653, 21202087, 653, 2087
3, 1061, 21220653, 21222087, 653, 2087
3, 1062, 21240653, 21242087, 653, 2087
3, 1063, 21260653, 21262087, 653, 2087
3, 1064, 21280653, 21284702, 653, 4702
3, 1065, 21300653, 21302493, 653, 2493
3, 1066, 21320653, 21322087, 653, 2087
3, 1067, 21340653, 21342087, 653, 2087
3, 1068, 21360653, 21362863, 653, 2863
3, 1069, 21380653, 21382087, 653, 2087
3, 107, 2140653, 2142087, 653, 2087
3, 1070, 21400653, 21402087, 653, 2087
3, 1071, 21420653, 21424643, 653, 4643
3, 1072, 21440653, 21442087, 653, 2087
3, 1073, 21460653, 21462087, 653, 2087
3, 1074, 21480653, 21482087, 653, 2087
3, 1075, 21500653, 21502087, 653, 2087
3, 1076, 21520653, 21522087, 653, 2087
3, 1077, 21540653, 21542493, 653, 2493
3, 1078, 21560653, 21562557, 653, 2557
3, 1079, 21580653, 21582087, 653, 2087
3, 108, 2160653, 2162684, 653, 2684
3, 1080, 21600653, 21604575, 653, 4575
3, 1081, 21620653, 21622087, 653, 2087
3, 1082, 21640653, 21642087, 653, 2087
3, 1083, 21660653, 21662087, 653, 2087
3, 1084, 21680653, 21682087, 653, 2087
3, 1085, 21700653, 21703668, 653, 3668
3, 1086, 21720653, 21722087, 653, 2087
3, 1087, 21740653, 21742087, 653, 2087
3, 1088, 21760653, 21762087, 653, 2087
3, 1089, 21780653, 21782493, 653, 2493
3, 109, 2180653, 2182087, 653, 2087
3, 1090, 21800653, 21802087, 653, 2087
3, 1091, 21820653, 21822087, 653, 2087
3, 1092, 21840653, 21844643, 653, 4643
3, 1093, 21860653, 21862087, 653, 2087
3, 1094, 21880653, 21882087, 653, 2087
3, 1095, 21900653, 21902493, 653, 2493
3, 1096, 21920653, 21922087, 653, 2087
3, 1097, 21940653, 21942087, 653, 2087
3, 1098, 21960653, 21962493, 653, 2493
3, 1099, 21980653, 21982557, 653, 2557
3, 11, 220653, 222087, 653, 2087
3, 110, 2200653, 2202087, 653, 2087
3, 1100, 22000653, 22002087, 653, 2087
3, 1101, 22020653, 22022809, 653, 2809
3, 1102, 22040653, 22042087, 653, 2087
3, 1103, 22060653, 22062087, 653, 2087
3, 1104, 22080653, 22082493, 653, 2493
3, 1105, 22100653, 22102087, 653, 2087
3, 1106, 22120653, 22123668, 653, 3668
3, 1107, 22140653, 22142087, 653, 2087
3, 1108, 22160653, 22162087, 653, 2087
3, 1109, 22180653, 22182087, 653, 2087
3, 111, 2220653, 2222493, 653, 2493
3, 1110, 22200653, 22202809, 653, 2809
3, 1111, 22220653, 22222087, 653, 2087
3, 1112, 22240653, 22242087, 653, 2087
3, 1113, 22260653, 22263365, 653, 3365
3, 1114, 22280653, 22282087, 653, 2087
3, 1115, 22300653, 22302557, 653, 2557
3, 1116, 22320653, 22322493, 653, 2493
3, 1117, 22340653, 22342087, 653, 2087
3, 1118, 22360653, 22362087, 653, 2087
3, 1119, 22380653, 22382493, 653, 2493
3, 112, 2240653, 2244067, 653, 4067
3, 1120, 22400653, 22403668, 653, 3668
3, 1121, 22420653, 22422087, 653, 2087
3, 1122, 22440653, 22442809, 653, 2809
3, 1123, 22460653, 22462087, 653, 2087
3, 1124, 22480653, 22482087, 653, 2087
3, 1125, 22500653, 22502493, 653, 2493
3, 1126, 22520653, 22522087, 653, 2087
3, 1127, 22540653, 22543668, 653, 3668
3, 1128, 22560653, 22562809, 653, 2809
3, 1129, 22580653, 22582087, 653, 2087
3, 113, 2260653, 2262087, 653, 2087
3, 1130, 22600653, 22602087, 653, 2087
3, 1131, 22620653, 22622493, 653, 2493
3, 1132, 22640653, 22642087, 653, 2087
3, 1133, 22660653, 22662087, 653, 2087
3, 1134, 22680653, 22683365, 653, 3365
3, 1135, 22700653, 22702087, 653, 2087
3, 1136, 22720653, 22722557, 653, 2557
3, 1137, 22740653, 22742087, 653, 2087
3, 1138, 22760653, 22762087, 653, 2087
3, 1139, 22780653, 22782087, 653, 2087
3, 114, 2280653, 2282493, 653, 2493
3, 1140, 22800653, 22803360, 653, 3360
3, 1141, 22820653, 22822557, 653, 2557
3, 1142, 22840653, 22842087, 653, 2087
3, 1143, 22860653, 22862493, 653, 2493
3, 1144, 22880653, 22882087, 653, 2087
3, 1145, 22900653, 22902087, 653, 2087
3, 1146, 22920653, 22922087, 653, 2087
3, 1147, 22940653, 22942087, 653, 2087
3, 1148, 22960653, 22965634, 653, 5634
3, 1149, 22980653, 22982493, 653, 2493
3, 115, 2300653, 2302087, 653, 2087
3, 1150, 23000653, 23002087, 653, 2087
3, 1151, 23020653, 23022087, 653, 2087
3, 1152, 23040653, 23042809, 653, 2809
3, 1153, 23060653, 23062087, 653, 2087
3, 1154, 23080653, 23082087, 653, 2087
3, 1155, 23100653, 23105018, 653, 5018
3, 1156, 23120653, 23122087, 653, 2087
3, 1157, 23140653, 23142087, 653, 2087
3, 1158, 23160653, 23162087, 653, 2087
3, 1159, 23180653, 23182087, 653, 2087
3, 116, 2320653, 2322087, 653, 2087
3, 1160, 23200653, 23202087, 653, 2087
3, 1161, 23220653, 23222493, 653, 2493
3, 1162, 23240653, 23242557, 653, 2557
3, 1163, 23260653, 23262087, 653, 2087
3, 1164, 23280653, 23282809, 653, 2809
3, 1165, 23300653, 23302087, 653, 2087
3, 1166, 23320653, 23322087, 653, 2087
3, 1167, 23340653, 23342087, 653, 2087
3, 1168, 23360653, 23362087, 653, 2087
3, 1169, 23380653, 23383668, 653, 3668
3, 117, 2340653, 2342087, 653, 2087
3, 1170, 23400653, 23402809, 653, 2809
3, 1171, 23420653, 23422087, 653, 2087
3, 1172, 23440653, 23442087, 653, 2087
3, 1173, 23460653, 23462493, 653, 2493
3, 1174, 23480653, 23482087, 653, 2087
3, 1175, 23500653, 23502087, 653, 2087
3, 1176, 23520653, 23524643, 653, 4643
3, 1177, 23540653, 23542087, 653, 2087
3, 1178, 23560653, 23562087, 653, 2087
3, 1179, 23580653, 23582087, 653, 2087
3, 118, 2360653, 2362087, 653, 2087
3, 1180, 23600653, 23602087, 653, 2087
3, 1181, 23620653, 23622087, 653, 2087
3, 1182, 23640653, 23642493, 653, 2493
3, 1183, 23660653, 23664743, 653, 4743
3, 1184, 23680653, 23682087, 653, 2087
3, 1185, 23700653, 23702809, 653, 2809
3, 1186, 23720653, 23722087, 653, 2087
3, 1187, 23740653, 23742087, 653, 2087
3, 1188, 23760653, 23762493, 653, 2493
3, 1189, 23780653, 23782087, 653, 2087
3, 119, 2380653, 2383668, 653, 3668
3, 1190, 23800653, 23803668, 653, 3668
3, 1191, 23820653, 23822493, 653, 2493
3, 1192, 23840653, 23842087, 653, 2087
3, 1193, 23860653, 23862087, 653, 2087
3, 1194, 23880653, 23882087, 653, 2087
3, 1195, 23900653, 23902087, 653, 2087
3, 1196, 23920653, 23922087, 653, 2087
3, 1197, 23940653, 23943365, 653, 3365
3, 1198, 23960653, 23962087, 653, 2087
3, 1199, 23980653, 23983327, 653, 3327
3, 12, 240653, 242493, 653, 2493
3, 120, 2400653, 2403360, 653, 3360
3, 1200, 24000653, 24003360, 653, 3360
3, 1201, 24020653, 24022087, 653, 2087
3, 1202, 24040653, 24042087, 653, 2087
3, 1203, 24060653, 24062493, 653, 2493
3, 1204, 24080653, 24085634, 653, 5634
3, 1205, 24100653, 24102087, 653, 2087
3, 1206, 24120653, 24122493, 653, 2493
3, 1207, 24140653, 24142087, 653, 2087
3, 1208, 24160653, 24162557, 653, 2557
3, 1209, 24180653, 24182087, 653, 2087
3, 121, 2420653, 2422087, 653, 2087
3, 1210, 24200653, 24202087, 653, 2087
3, 1211, 24220653, 24222557, 653, 2557
3, 1212, 24240653, 24242809, 653, 2809
3, 1213, 24260653, 24262087, 653, 2087
3, 1214, 24280653, 24282087, 653, 2087
3, 1215, 24300653, 24302493, 653, 2493
3, 1216, 24320653, 24322087, 653, 2087
3, 1217, 24340653, 24342087, 653, 2087
3, 1218, 24360653, 24363365, 653, 3365
3, 1219, 24380653, 24382087, 653, 2087
3, 122, 2440653, 2442087, 653, 2087
3, 1220, 24400653, 24404088, 653, 4088
3, 1221, 24420653, 24422493, 653, 2493
3, 1222, 24440653, 24442087, 653, 2087
3, 1223, 24460653, 24462087, 653, 2087
3, 1224, 24480653, 24482809, 653, 2809
3, 1225, 24500653, 24503668, 653, 3668
3, 1226, 24520653, 24522087, 653, 2087
3, 1227, 24540653, 24542493, 653, 2493
3, 1228, 24560653, 24562087, 653, 2087
3, 1229, 24580653, 24582601, 653, 2601
3, 123, 2460653, 2462087, 653, 2087
3, 1230, 24600653, 24602809, 653, 2809
3, 1231, 24620653, 24622087, 653, 2087
3, 1232, 24640653, 24643668, 653, 3668
3, 1233, 24660653, 24662493, 653, 2493
3, 1234, 24680653, 24682087, 653, 2087
3, 1235, 24700653, 24702087, 653, 2087
3, 1236, 24720653, 24722493, 653, 2493
3, 1237, 24740653, 24742087, 653, 2087
3, 1238, 24760653, 24762087, 653, 2087
3, 1239, 24780653, 24783365, 653, 3365
3, 124, 2480653, 2482087, 653, 2087
3, 1240, 24800653, 24802087, 653, 2087
3, 1241, 24820653, 24822087, 653, 2087
3, 1242, 24840653, 24842493, 653, 2493
3, 1243, 24860653, 24862087, 653, 2087
3, 1244, 24880653, 24882087, 653, 2087
3, 1245, 24900653, 24902493, 653, 2493
3, 1246, 24920653, 24923668, 653, 3668
3, 1247, 24940653, 24942087, 653, 2087
3, 1248, 24960653, 24962809, 653, 2809
3, 1249, 24980653, 24982087, 653, 2087
3, 125, 2500653, 2502087, 653, 2087
3, 1250, 25000653, 25002087, 653, 2087
3, 1251, 25020653, 25022087, 653, 2087
3, 1252, 25040653, 25042087, 653, 2087
3, 1253, 25060653, 25062557, 653, 2557
3, 1254, 25080653, 25082493, 653, 2493
3, 1255, 25100653, 25102557, 653, 2557
3, 1256, 25120653, 25122087, 653, 2087
3, 1257, 25140653, 25142087, 653, 2087
3, 1258, 25160653, 25162087, 653, 2087
3, 1259, 25180653, 25182087, 653, 2087
3, 126, 2520653, 2523365, 653, 3365
3, 1260, 25200653, 25204643, 653, 4643
3, 1261, 25220653, 25222087, 653, 2087
3, 1262, 25240653, 25242087, 653, 2087
3, 1263, 25260653, 25262493, 653, 2493
3, 1264, 25280653, 25282087, 653, 2087
3, 1265, 25300653, 25302087, 653, 2087
3, 1266, 25320653, 25322087, 653, 2087
3, 1267, 25340653, 25343668, 653, 3668
3, 1268, 25360653, 25362087, 653, 2087
3, 1269, 25380653, 25382493, 653, 2493
3, 127, 2540653, 2542087, 653, 2087
3, 1270, 25400653, 25402087, 653, 2087
3, 1271, 25420653, 25422087, 653, 2087
3, 1272, 25440653, 25442809, 653, 2809
3, 1273, 25460653, 25462087, 653, 2087
3, 1274, 25480653, 25482557, 653, 2557
3, 1275, 25500653, 25502809, 653, 2809
3, 1276, 25520653, 25522557, 653, 2557
3, 1277, 25540653, 25542087, 653, 2087
3, 1278, 25560653, 25562087, 653, 2087
3, 1279, 25580653, 25582087, 653, 2087
3, 128, 2560653, 2562557, 653, 2557
3, 1280, 25600653, 25602557, 653, 2557
3, 1281, 25620653, 25623365, 653, 3365
3, 1282, 25640653, 25642087, 653, 2087
3, 1283, 25660653, 25662087, 653, 2087
3, 1284, 25680653, 25682809, 653, 2809
3, 1285, 25700653, 25702087, 653, 2087
3, 1286, 25720653, 25722087, 653, 2087
3, 1287, 25740653, 25742087, 653, 2087
3, 1288, 25760653, 25765634, 653, 5634
3, 1289, 25780653, 25782087, 653, 2087
3, 129, 2580653, 2582493, 653, 2493
3, 1290, 25800653, 25802809, 653, 2809
3, 1291, 25820653, 25822087, 653, 2087
3, 1292, 25840653, 25842087, 653, 2087
3, 1293, 25860653, 25862493, 653, 2493
3, 1294, 25880653, 25882087, 653, 2087
3, 1295, 25900653, 25904530, 653, 4530
3, 1296, 25920653, 25922493, 653, 2493
3, 1297, 25940653, 25942087, 653, 2087
3, 1298, 25960653, 25962087, 653, 2087
3, 1299, 25980653, 25982087, 653, 2087
3, 13, 260653, 262087, 653, 2087
3, 130, 2600653, 2602087, 653, 2087
3, 1300, 26000653, 26002087, 653, 2087
3, 1301, 26020653, 26022087, 653, 2087
3, 1302, 26040653, 26045308, 653, 5308
3, 1303, 26060653, 26062087, 653, 2087
3, 1304, 26080653, 26082087, 653, 2087
3, 1305, 26100653, 26102809, 653, 2809
3, 1306, 26120653, 26122087, 653, 2087
3, 1307, 26140653, 26142087, 653, 2087
3, 1308, 26160653, 26162493, 653, 2493
3, 1309, 26180653, 26183668, 653, 3668
3, 131, 2620653, 2622087, 653, 2087
3, 1310, 26200653, 26202087, 653, 2087
3, 1311, 26220653, 26222493, 653, 2493
3, 1312, 26240653, 26242087, 653, 2087
3, 1313, 26260653, 26262087, 653, 2087
3, 1314, 26280653, 26282493, 653, 2493
3, 1315, 26300653, 26302087, 653, 2087
3, 1316, 26320653, 26323668, 653, 3668
3, 1317, 26340653, 26342087, 653, 2087
3, 1318, 26360653, 26364369, 653, 4369
3, 1319, 26380653, 26382087, 653, 2087
3, 132, 2640653, 2642809, 653, 2809
3, 1320, 26400653, 26402809, 653, 2809
3, 1321, 26420653, 26422087, 653, 2087
3, 1322, 26440653, 26442087, 653, 2087
3, 1323, 26460653, 26464643, 653, 4643
3, 1324, 26480653, 26482087, 653, 2087
3, 1325, 26500653, 26502087, 653, 2087
3, 1326, 26520653, 26522493, 653, 2493
3, 1327, 26540653, 26542521, 653, 2521
3, 1328, 26560653, 26562087, 653, 2087
3, 1329, 26580653, 26582087, 653, 2087
3, 133, 2660653, 2663668, 653, 3668
3, 1330, 26600653, 26604530, 653, 4530
3, 1331, 26620653, 26622087, 653, 2087
3, 1332, 26640653, 26642809, 653, 2809
3, 1333, 26660653, 26662087, 653, 2087
3, 1334, 26680653, 26682087, 653, 2087
3, 1335, 26700653, 26702809, 653, 2809
3, 1336, 26720653, 26722087, 653, 2087
3, 1337, 26740653, 26742557, 653, 2557
3, 1338, 26760653, 26762087, 653, 2087
3, 1339, 26780653, 26782087, 653, 2087
3, 134, 2680653, 2682087, 653, 2087
3, 1340, 26800653, 26802557, 653, 2557
3, 1341, 26820653, 26822087, 653, 2087
3, 1342, 26840653, 26842087, 653, 2087
3, 1343, 26860653, 26862087, 653, 2087
3, 1344, 26880653, 26886609, 653, 6609
3, 1345, 26900653, 26902087, 653, 2087
3, 1346, 26920653, 26922087, 653, 2087
3, 1347, 26940653, 26942087, 653, 2087
3, 1348, 26960653, 26965966, 653, 5966
3, 1349, 26980653, 26982087, 653, 2087
3, 135, 2700653, 2702809, 653, 2809
3, 1350, 27000653, 27002493, 653, 2493
3, 1351, 27020653, 27022557, 653, 2557
3, 1352, 27040653, 27042087, 653, 2087
3, 1353, 27060653, 27062809, 653, 2809
3, 1354, 27080653, 27082087, 653, 2087
3, 1355, 27100653, 27102087, 653, 2087
3, 1356, 27120653, 27122809, 653, 2809
3, 1357, 27140653, 27142087, 653, 2087
3, 1358, 27160653, 27162557, 653, 2557
3, 1359, 27180653, 27182087, 653, 2087
3, 136, 2720653, 2722087, 653, 2087
3, 1360, 27200653, 27204088, 653, 4088
3, 1361, 27220653, 27222087, 653, 2087
3, 1362, 27240653, 27242087, 653, 2087
3, 1363, 27260653, 27262087, 653, 2087
3, 1364, 27280653, 27282087, 653, 2087
3, 1365, 27300653, 27304643, 653, 4643
3, 1366, 27320653, 27322087, 653, 2087
3, 1367, 27340653, 27342087, 653, 2087
3, 1368, 27360653, 27362493, 653, 2493
3, 1369, 27380653, 27382087, 653, 2087
3, 137, 2740653, 2742087, 653, 2087
3, 1370, 27400653, 27402087, 653, 2087
3, 1371, 27420653, 27422087, 653, 2087
3, 1372, 27440653, 27443668, 653, 3668
3, 1373, 27460653, 27462087, 653, 2087
3, 1374, 27480653, 27482809, 653, 2809
3, 1375, 27500653, 27502087, 653, 2087
3, 1376, 27520653, 27522087, 653, 2087
3, 1377, 27540653, 27542493, 653, 2493
3, 1378, 27560653, 27562087, 653, 2087
3, 1379, 27580653, 27582557, 653, 2557
3, 138, 2760653, 2762087, 653, 2087
3, 1380, 27600653, 27602809, 653, 2809
3, 1381, 27620653, 27622087, 653, 2087
3, 1382, 27640653, 27642087, 653, 2087
3, 1383, 27660653, 27662459, 653, 2459
3, 1384, 27680653, 27682087, 653, 2087
3, 1385, 27700653, 27702087, 653, 2087
3, 1386, 27720653, 27724643, 653, 4643
3, 1387, 27740653, 27742087, 653, 2087
3, 1388, 27760653, 27762087, 653, 2087
3, 1389, 27780653, 27782087, 653, 2087
3, 139, 2780653, 2782087, 653, 2087
3, 1390, 27800653, 27802087, 653, 2087
3, 1391, 27820653, 27822087, 653, 2087
3, 1392, 27840653, 27842493, 653, 2493
3, 1393, 27860653, 27862557, 653, 2557
3, 1394, 27880653, 27882087, 653, 2087
3, 1395, 27900653, 27903206, 653, 3206
3, 1396, 27920653, 27922087, 653, 2087
3, 1397, 27940653, 27942087, 653, 2087
3, 1398, 27960653, 27962087, 653, 2087
3, 1399, 27980653, 27982087, 653, 2087
3, 14, 280653, 283668, 653, 3668
3, 140, 2800653, 2803668, 653, 3668
3, 1400, 28000653, 28003668, 653, 3668
3, 1401, 28020653, 28022087, 653, 2087
3, 1402, 28040653, 28042087, 653, 2087
3, 1403, 28060653, 28062087, 653, 2087
3, 1404, 28080653, 28082809, 653, 2809
3, 1405, 28100653, 28102087, 653, 2087
3, 1406, 28120653, 28122087, 653, 2087
3, 1407, 28140653, 28144643, 653, 4643
3, 1408, 28160653, 28162087, 653, 2087
3, 1409, 28180653, 28182087, 653, 2087
3, 141, 2820653, 2822493, 653, 2493
3, 1410, 28200653, 28202493, 653, 2493
3, 1411, 28220653, 28222087, 653, 2087
3, 1412, 28240653, 28242087, 653, 2087
3, 1413, 28260653, 28262087, 653, 2087
3, 1414, 28280653, 28282557, 653, 2557
3, 1415, 28300653, 28302087, 653, 2087
3, 1416, 28320653, 28323214, 653, 3214
3, 1417, 28340653, 28342087, 653, 2087
3, 1418, 28360653, 28362087, 653, 2087
3, 1419, 28380653, 28382087, 653, 2087
3, 142, 2840653, 2842087, 653, 2087
3, 1420, 28400653, 28402557, 653, 2557
3, 1421, 28420653, 28423668, 653, 3668
3, 1422, 28440653, 28442087, 653, 2087
3, 1423, 28460653, 28462087, 653, 2087
3, 1424, 28480653, 28482087, 653, 2087
3, 1425, 28500653, 28502809, 653, 2809
3, 1426, 28520653, 28522087, 653, 2087
3, 1427, 28540653, 28542087, 653, 2087
3, 1428, 28560653, 28566609, 653, 6609
3, 1429, 28580653, 28582087, 653, 2087
3, 143, 2860653, 2862087, 653, 2087
3, 1430, 28600653, 28602087, 653, 2087
3, 1431, 28620653, 28622087, 653, 2087
3, 1432, 28640653, 28642087, 653, 2087
3, 1433, 28660653, 28662087, 653, 2087
3, 1434, 28680653, 28682087, 653, 2087
3, 1435, 28700653, 28704530, 653, 4530
3, 1436, 28720653, 28722087, 653, 2087
3, 1437, 28740653, 28742809, 653, 2809
3, 1438, 28760653, 28762087, 653, 2087
3, 1439, 28780653, 28782087, 653, 2087
3, 144, 2880653, 2882493, 653, 2493
3, 1440, 28800653, 28802809, 653, 2809
3, 1441, 28820653, 28822087, 653, 2087
3, 1442, 28840653, 28843668, 653, 3668
3, 1443, 28860653, 28862087, 653, 2087
3, 1444, 28880653, 28882087, 653, 2087
3, 1445, 28900653, 28902087, 653, 2087
3, 1446, 28920653, 28922790, 653, 2790
3, 1447, 28940653, 28942087, 653, 2087
3, 1448, 28960653, 28962087, 653, 2087
3, 1449, 28980653, 28983365, 653, 3365
3, 145, 2900653, 2902087, 653, 2087
3, 1450, 29000653, 29002087, 653, 2087
3, 1451, 29020653, 29022087, 653, 2087
3, 1452, 29040653, 29042493, 653, 2493
3, 1453, 29060653, 29062087, 653, 2087
3, 1454, 29080653, 29082087, 653, 2087
3, 1455, 29100653, 29102809, 653, 2809
3, 1456, 29120653, 29123668, 653, 3668
3, 1457, 29140653, 29142087, 653, 2087
3, 1458, 29160653, 29162809, 653, 2809
3, 1459, 29180653, 29182087, 653, 2087
3, 146, 2920653, 2922087, 653, 2087
3, 1460, 29200653, 29202087, 653, 2087
3, 1461, 29220653, 29222087, 653, 2087
3, 1462, 29240653, 29242087, 653, 2087
3, 1463, 29260653, 29263668, 653, 3668
3, 1464, 29280653, 29282493, 653, 2493
3, 1465, 29300653, 29302087, 653, 2087
3, 1466, 29320653, 29322087, 653, 2087
3, 1467, 29340653, 29342493, 653, 2493
3, 1468, 29360653, 29362087, 653, 2087
3, 1469, 29380653, 29382087, 653, 2087
3, 147, 2940653, 2943365, 653, 3365
3, 1470, 29400653, 29405018, 653, 5018
3, 1471, 29420653, 29422087, 653, 2087
3, 1472, 29440653, 29442557, 653, 2557
3, 1473, 29460653, 29462087, 653, 2087
3, 1474, 29480653, 29482087, 653, 2087
3, 1475, 29500653, 29502087, 653, 2087
3, 1476, 29520653, 29522809, 653, 2809
3, 1477, 29540653, 29542557, 653, 2557
3, 1478, 29560653, 29562087, 653, 2087
3, 1479, 29580653, 29582809, 653, 2809
3, 148, 2960653, 2962087, 653, 2087
3, 1480, 29600653, 29602557, 653, 2557
3, 1481, 29620653, 29622087, 653, 2087
3, 1482, 29640653, 29642087, 653, 2087
3, 1483, 29660653, 29662087, 653, 2087
3, 1484, 29680653, 29685634, 653, 5634
3, 1485, 29700653, 29702809, 653, 2809
3, 1486, 29720653, 29722087, 653, 2087
3, 1487, 29740653, 29742087, 653, 2087
3, 1488, 29760653, 29762809, 653, 2809
3, 1489, 29780653, 29782087, 653, 2087
3, 149, 2980653, 2982087, 653, 2087
3, 1490, 29800653, 29802087, 653, 2087
3, 1491, 29820653, 29823365, 653, 3365
3, 1492, 29840653, 29842087, 653, 2087
3, 1493, 29860653, 29862087, 653, 2087
3, 1494, 29880653, 29882087, 653, 2087
3, 1495, 29900653, 29902087, 653, 2087
3, 1496, 29920653, 29922087, 653, 2087
3, 1497, 29940653, 29942493, 653, 2493
3, 1498, 29960653, 29962557, 653, 2557
3, 1499, 29980653, 29982087, 653, 2087
3, 15, 300653, 302493, 653, 2493
3, 150, 3000653, 3002809, 653, 2809
3, 1500, 30000653, 30003206, 653, 3206
3, 1501, 30020653, 30022087, 653, 2087
3, 1502, 30040653, 30042087, 653, 2087
3, 1503, 30060653, 30062087, 653, 2087
3, 1504, 30080653, 30082087, 653, 2087
3, 1505, 30100653, 30103668, 653, 3668
3, 1506, 30120653, 30122493, 653, 2493
3, 1507, 30140653, 30142087, 653, 2087
3, 1508, 30160653, 30162087, 653, 2087
3, 1509, 30180653, 30182493, 653, 2493
3, 151, 3020653, 3022087, 653, 2087
3, 1510, 30200653, 30202087, 653, 2087
3, 1511, 30220653, 30222087, 653, 2087
3, 1512, 30240653, 30244643, 653, 4643
3, 1513, 30260653, 30262087, 653, 2087
3, 1514, 30280653, 30282087, 653, 2087
3, 1515, 30300653, 30302493, 653, 2493
3, 1516, 30320653, 30322087, 653, 2087
3, 1517, 30340653, 30342087, 653, 2087
3, 1518, 30360653, 30362493, 653, 2493
3, 1519, 30380653, 30382750, 653, 2750
3, 152, 3040653, 3042087, 653, 2087
3, 1520, 30400653, 30402087, 653, 2087
3, 1521, 30420653, 30422493, 653, 2493
3, 1522, 30440653, 30442087, 653, 2087
3, 1523, 30460653, 30462087, 653, 2087
3, 1524, 30480653, 30482493, 653, 2493
3, 1525, 30500653, 30502087, 653, 2087
3, 1526, 30520653, 30523668, 653, 3668
3, 1527, 30540653, 30542493, 653, 2493
3, 1528, 30560653, 30562087, 653, 2087
3, 1529, 30580653, 30582087, 653, 2087
3, 153, 3060653, 3062493, 653, 2493
3, 1530, 30600653, 30602809, 653, 2809
3, 1531, 30620653, 30622087, 653, 2087
3, 1532, 30640653, 30642087, 653, 2087
3, 1533, 30660653, 30663365, 653, 3365
3, 1534, 30680653, 30682087, 653, 2087
3, 1535, 30700653, 30702557, 653, 2557
3, 1536, 30720653, 30722493, 653, 2493
3, 1537, 30740653, 30742087, 653, 2087
3, 1538, 30760653, 30762087, 653, 2087
3, 1539, 30780653, 30782493, 653, 2493
3, 154, 3080653, 3083668, 653, 3668
3, 1540, 30800653, 30804643, 653, 4643
3, 1541, 30820653, 30822087, 653, 2087
3, 1542, 30840653, 30842493, 653, 2493
3, 1543, 30860653, 30862087, 653, 2087
3, 1544, 30880653, 30882557, 653, 2557
3, 1545, 30900653, 30902638, 653, 2638
3, 1546, 30920653, 30922087, 653, 2087
3, 1547, 30940653, 30943668, 653, 3668
3, 1548, 30960653, 30962809, 653, 2809
3, 1549, 30980653, 30982087, 653, 2087
3, 155, 3100653, 3102087, 653, 2087
3, 1550, 31000653, 31002087, 653, 2087
3, 1551, 31020653, 31022087, 653, 2087
3, 1552, 31040653, 31042087, 653, 2087
3, 1553, 31060653, 31062087, 653, 2087
3, 1554, 31080653, 31083365, 653, 3365
3, 1555, 31100653, 31102087, 653, 2087
3, 1556, 31120653, 31122557, 653, 2557
3, 1557, 31140653, 31142493, 653, 2493
3, 1558, 31160653, 31162087, 653, 2087
3, 1559, 31180653, 31182087, 653, 2087
3, 156, 3120653, 3122809, 653, 2809
3, 1560, 31200653, 31203360, 653, 3360
3, 1561, 31220653, 31223668, 653, 3668
3, 1562, 31240653, 31242087, 653, 2087
3, 1563, 31260653, 31262493, 653, 2493
3, 1564, 31280653, 31282087, 653, 2087
3, 1565, 31300653, 31302557, 653, 2557
3, 1566, 31320653, 31322087, 653, 2087
3, 1567, 31340653, 31342087, 653, 2087
3, 1568, 31360653, 31363668, 653, 3668
3, 1569, 31380653, 31382493, 653, 2493
3, 157, 3140653, 3142087, 653, 2087
3, 1570, 31400653, 31402087, 653, 2087
3, 1571, 31420653, 31422087, 653, 2087
3, 1572, 31440653, 31442493, 653, 2493
3, 1573, 31460653, 31462087, 653, 2087
3, 1574, 31480653, 31482087, 653, 2087
3, 1575, 31500653, 31505018, 653, 5018
3, 1576, 31520653, 31522087, 653, 2087
3, 1577, 31540653, 31542087, 653, 2087
3, 1578, 31560653, 31562493, 653, 2493
3, 1579, 31580653, 31582087, 653, 2087
3, 158, 3160653, 3162327, 653, 2327
3, 1580, 31600653, 31602087, 653, 2087
3, 1581, 31620653, 31622493, 653, 2493
3, 1582, 31640653, 31643668, 653, 3668
3, 1583, 31660653, 31662087, 653, 2087
3, 1584, 31680653, 31682809, 653, 2809
3, 1585, 31700653, 31702087, 653, 2087
3, 1586, 31720653, 31722087, 653, 2087
3, 1587, 31740653, 31742493, 653, 2493
3, 1588, 31760653, 31762087, 653, 2087
3, 1589, 31780653, 31782557, 653, 2557
3, 159, 3180653, 3182493, 653, 2493
3, 1590, 31800653, 31802809, 653, 2809
3, 1591, 31820653, 31822087, 653, 2087
3, 1592, 31840653, 31842087, 653, 2087
3, 1593, 31860653, 31862087, 653, 2087
3, 1594, 31880653, 31882087, 653, 2087
3, 1595, 31900653, 31902087, 653, 2087
3, 1596, 31920653, 31924643, 653, 4643
3, 1597, 31940653, 31942087, 653, 2087
3, 1598, 31960653, 31962087, 653, 2087
3, 1599, 31980653, 31982493, 653, 2493
3, 16, 320653, 322087, 653, 2087
3, 160, 3200653, 3202087, 653, 2087
3, 1600, 32000653, 32002087, 653, 2087
3, 1601, 32020653, 32022087, 653, 2087
3, 1602, 32040653, 32042087, 653, 2087
3, 1603, 32060653, 32063668, 653, 3668
3, 1604, 32080653, 32082087, 653, 2087
3, 1605, 32100653, 32102809, 653, 2809
3, 1606, 32120653, 32122087, 653, 2087
3, 1607, 32140653, 32142087, 653, 2087
3, 1608, 32160653, 32162535, 653, 2535
3, 1609, 32180653, 32182087, 653, 2087
3, 161, 3220653, 3222557, 653, 2557
3, 1610, 32200653, 32204530, 653, 4530
3, 1611, 32220653, 32222493, 653, 2493
3, 1612, 32240653, 32242557, 653, 2557
3, 1613, 32260653, 32262087, 653, 2087
3, 1614, 32280653, 32282087, 653, 2087
3, 1615, 32300653, 32302087, 653, 2087
3, 1616, 32320653, 32322087, 653, 2087
3, 1617, 32340653, 32343365, 653, 3365
3, 1618, 32360653, 32362087, 653, 2087
3, 1619, 32380653, 32382087, 653, 2087
3, 162, 3240653, 3242493, 653, 2493
3, 1620, 32400653, 32403360, 653, 3360
3, 1621, 32420653, 32422087, 653, 2087
3, 1622, 32440653, 32442087, 653, 2087
3, 1623, 32460653, 32462087, 653, 2087
3, 1624, 32480653, 32485634, 653, 5634
3, 1625, 32500653, 32502087, 653, 2087
3, 1626, 32520653, 32522493, 653, 2493
3, 1627, 32540653, 32542087, 653, 2087
3, 1628, 32560653, 32562087, 653, 2087
3, 1629, 32580653, 32582493, 653, 2493
3, 163, 3260653, 3262087, 653, 2087
3, 1630, 32600653, 32602087, 653, 2087
3, 1631, 32620653, 32622557, 653, 2557
3, 1632, 32640653, 32642809, 653, 2809
3, 1633, 32660653, 32662087, 653, 2087
3, 1634, 32680653, 32682087, 653, 2087
3, 1635, 32700653, 32702493, 653, 2493
3, 1636, 32720653, 32722087, 653, 2087
3, 1637, 32740653, 32742087, 653, 2087
3, 1638, 32760653, 32763365, 653, 3365
3, 1639, 32780653, 32782087, 653, 2087
3, 164, 3280653, 3282087, 653, 2087
3, 1640, 32800653, 32802557, 653, 2557
3, 1641, 32820653, 32822493, 653, 2493
3, 1642, 32840653, 32842087, 653, 2087
3, 1643, 32860653, 32862087, 653, 2087
3, 1644, 32880653, 32882493, 653, 2493
3, 1645, 32900653, 32903668, 653, 3668
3, 1646, 32920653, 32922087, 653, 2087
3, 1647, 32940653, 32942493, 653, 2493
3, 1648, 32960653, 32962087, 653, 2087
3, 1649, 32980653, 32982087, 653, 2087
3, 165, 3300653, 3302493, 653, 2493
3, 1650, 33000653, 33002809, 653, 2809
3, 1651, 33020653, 33022087, 653, 2087
3, 1652, 33040653, 33043668, 653, 3668
3, 1653, 33060653, 33062087, 653, 2087
3, 1654, 33080653, 33082557, 653, 2557
3, 1655, 33100653, 33102087, 653, 2087
3, 1656, 33120653, 33122493, 653, 2493
3, 1657, 33140653, 33142087, 653, 2087
3, 1658, 33160653, 33162087, 653, 2087
3, 1659, 33180653, 33185035, 653, 5035
3, 166, 3320653, 3322087, 653, 2087
3, 1660, 33200653, 33202087, 653, 2087
3, 1661, 33220653, 33222087, 653, 2087
3, 1662, 33240653, 33242493, 653, 2493
3, 1663, 33260653, 33262087, 653, 2087
3, 1664, 33280653, 33282087, 653, 2087
3, 1665, 33300653, 33302493, 653, 2493
3, 1666, 33320653, 33323668, 653, 3668
3, 1667, 33340653, 33342087, 653, 2087
3, 1668, 33360653, 33362809, 653, 2809
3, 1669, 33380653, 33382087, 653, 2087
3, 167, 3340653, 3342087, 653, 2087
3, 1670, 33400653, 33402087, 653, 2087
3, 1671, 33420653, 33422493, 653, 2493
3, 1672, 33440653, 33442087, 653, 2087
3, 1673, 33460653, 33462557, 653, 2557
3, 1674, 33480653, 33482087, 653, 2087
3, 1675, 33500653, 33504369, 653, 4369
3, 1676, 33520653, 33522087, 653, 2087
3, 1677, 33540653, 33542087, 653, 2087
3, 1678, 33560653, 33562087, 653, 2087
3, 1679, 33580653, 33582087, 653, 2087
3, 168, 3360653, 3364643, 653, 4643
3, 1680, 33600653, 33606609, 653, 6609
3, 1681, 33620653, 33622087, 653, 2087
3, 1682, 33640653, 33642087, 653, 2087
3, 1683, 33660653, 33662493, 653, 2493
3, 1684, 33680653, 33682087, 653, 2087
3, 1685, 33700653, 33702087, 653, 2087
3, 1686, 33720653, 33722087, 653, 2087
3, 1687, 33740653, 33742557, 653, 2557
3, 1688, 33760653, 33762087, 653, 2087
3, 1689, 33780653, 33782493, 653, 2493
3, 169, 3380653, 3382087, 653, 2087
3, 1690, 33800653, 33802087, 653, 2087
3, 1691, 33820653, 33822087, 653, 2087
3, 1692, 33840653, 33842809, 653, 2809
3, 1693, 33860653, 33862087, 653, 2087
3, 1694, 33880653, 33882557, 653, 2557
3, 1695, 33900653, 33902493, 653, 2493
3, 1696, 33920653, 33922557, 653, 2557
3, 1697, 33940653, 33942087, 653, 2087
3, 1698, 33960653, 33962087, 653, 2087
3, 1699, 33980653, 33982087, 653, 2087
3, 17, 340653, 342087, 653, 2087
3, 170, 3400653, 3402557, 653, 2557
3, 1700, 34000653, 34002557, 653, 2557
3, 1701, 34020653, 34024643, 653, 4643
3, 1702, 34040653, 34042087, 653, 2087
3, 1703, 34060653, 34062087, 653, 2087
3, 1704, 34080653, 34082493, 653, 2493
3, 1705, 34100653, 34102087, 653, 2087
3, 1706, 34120653, 34122087, 653, 2087
3, 1707, 34140653, 34142087, 653, 2087
3, 1708, 34160653, 34163668, 653, 3668
3, 1709, 34180653, 34182087, 653, 2087
3, 171, 3420653, 3422493, 653, 2493
3, 1710, 34200653, 34203206, 653, 3206
3, 1711, 34220653, 34222087, 653, 2087
3, 1712, 34240653, 34242087, 653, 2087
3, 1713, 34260653, 34262493, 653, 2493
3, 1714, 34280653, 34282087, 653, 2087
3, 1715, 34300653, 34304530, 653, 4530
3, 1716, 34320653, 34322493, 653, 2493
3, 1717, 34340653, 34342087, 653, 2087
3, 1718, 34360653, 34362087, 653, 2087
3, 1719, 34380653, 34382087, 653, 2087
3, 172, 3440653, 3442087, 653, 2087
3, 1720, 34400653, 34402087, 653, 2087
3, 1721, 34420653, 34422087, 653, 2087
3, 1722, 34440653, 34444643, 653, 4643
3, 1723, 34460653, 34462087, 653, 2087
3, 1724, 34480653, 34482087, 653, 2087
3, 1725, 34500653, 34502493, 653, 2493
3, 1726, 34520653, 34522087, 653, 2087
3, 1727, 34540653, 34542087, 653, 2087
3, 1728, 34560653, 34562493, 653, 2493
3, 1729, 34580653, 34582557, 653, 2557
3, 173, 3460653, 3462087, 653, 2087
3, 1730, 34600653, 34602087, 653, 2087
3, 1731, 34620653, 34622809, 653, 2809
3, 1732, 34640653, 34642087, 653, 2087
3, 1733, 34660653, 34662087, 653, 2087
3, 1734, 34680653, 34682493, 653, 2493
3, 1735, 34700653, 34702087, 653, 2087
3, 1736, 34720653, 34723668, 653, 3668
3, 1737, 34740653, 34742087, 653, 2087
3, 1738, 34760653, 34762087, 653, 2087
3, 1739, 34780653, 34782087, 653, 2087
3, 174, 3480653, 3482087, 653, 2087
3, 1740, 34800653, 34802809, 653, 2809
3, 1741, 34820653, 34822087, 653, 2087
3, 1742, 34840653, 34842087, 653, 2087
3, 1743, 34860653, 34864643, 653, 4643
3, 1744, 34880653, 34882087, 653, 2087
3, 1745, 34900653, 34902087, 653, 2087
3, 1746, 34920653, 34922087, 653, 2087
3, 1747, 34940653, 34942087, 653, 2087
3, 1748, 34960653, 34962087, 653, 2087
3, 1749, 34980653, 34982087, 653, 2087
3, 175, 3500653, 3503668, 653, 3668
3, 1750, 35000653, 35004530, 653, 4530
3, 1751, 35020653, 35022087, 653, 2087
3, 1752, 35040653, 35043214, 653, 3214
3, 1753, 35060653, 35062087, 653, 2087
3, 1754, 35080653, 35082087, 653, 2087
3, 1755, 35100653, 35102493, 653, 2493
3, 1756, 35120653, 35122087, 653, 2087
3, 1757, 35140653, 35142557, 653, 2557
3, 1758, 35160653, 35162087, 653, 2087
3, 1759, 35180653, 35182087, 653, 2087
3, 176, 3520653, 3522087, 653, 2087
3, 1760, 35200653, 35202557, 653, 2557
3, 1761, 35220653, 35222493, 653, 2493
3, 1762, 35240653, 35242087, 653, 2087
3, 1763, 35260653, 35262087, 653, 2087
3, 1764, 35280653, 35286609, 653, 6609
3, 1765, 35300653, 35302087, 653, 2087
3, 1766, 35320653, 35322087, 653, 2087
3, 1767, 35340653, 35342087, 653, 2087
3, 1768, 35360653, 35362087, 653, 2087
3, 1769, 35380653, 35382087, 653, 2087
3, 177, 3540653, 3542493, 653, 2493
3, 1770, 35400653, 35402493, 653, 2493
3, 1771, 35420653, 35422557, 653, 2557
3, 1772, 35440653, 35442087, 653, 2087
3, 1773, 35460653, 35462809, 653, 2809
3, 1774, 35480653, 35482087, 653, 2087
3, 1775, 35500653, 35502087, 653, 2087
3, 1776, 35520653, 35522493, 653, 2493
3, 1777, 35540653, 35542087, 653, 2087
3, 1778, 35560653, 35563668, 653, 3668
3, 1779, 35580653, 35582087, 653, 2087
3, 178, 3560653, 3562087, 653, 2087
3, 1780, 35600653, 35602557, 653, 2557
3, 1781, 35620653, 35622087, 653, 2087
3, 1782, 35640653, 35642493, 653, 2493
3, 1783, 35660653, 35662087, 653, 2087
3, 1784, 35680653, 35682087, 653, 2087
3, 1785, 35700653, 35704643, 653, 4643
3, 1786, 35720653, 35722087, 653, 2087
3, 1787, 35740653, 35742087, 653, 2087
3, 1788, 35760653, 35762493, 653, 2493
3, 1789, 35780653, 35782087, 653, 2087
3, 179, 3580653, 3582087, 653, 2087
3, 1790, 35800653, 35802087, 653, 2087
3, 1791, 35820653, 35822087, 653, 2087
3, 1792, 35840653, 35843668, 653, 3668
3, 1793, 35860653, 35862087, 653, 2087
3, 1794, 35880653, 35883814, 653, 3814
3, 1795, 35900653, 35902087, 653, 2087
3, 1796, 35920653, 35922087, 653, 2087
3, 1797, 35940653, 35942087, 653, 2087
3, 1798, 35960653, 35962087, 653, 2087
3, 1799, 35980653, 35983668, 653, 3668
3, 18, 360653, 362790, 653, 2790
3, 180, 3600653, 3602809, 653, 2809
3, 1800, 36000653, 36002809, 653, 2809
3, 1801, 36020653, 36022087, 653, 2087
3, 1802, 36040653, 36042087, 653, 2087
3, 1803, 36060653, 36062790, 653, 2790
3, 1804, 36080653, 36082087, 653, 2087
3, 1805, 36100653, 36102087, 653, 2087
3, 1806, 36120653, 36123365, 653, 3365
3, 1807, 36140653, 36142087, 653, 2087
3, 1808, 36160653, 36162087, 653, 2087
3, 1809, 36180653, 36182087, 653, 2087
3, 181, 3620653, 3622087, 653, 2087
3, 1810, 36200653, 36202087, 653, 2087
3, 1811, 36220653, 36222087, 653, 2087
3, 1812, 36240653, 36242809, 653, 2809
3, 1813, 36260653, 36262557, 653, 2557
3, 1814, 36280653, 36282087, 653, 2087
3, 1815, 36300653, 36303206, 653, 3206
3, 1816, 36320653, 36322087, 653, 2087
3, 1817, 36340653, 36342087, 653, 2087
3, 1818, 36360653, 36362087, 653, 2087
3, 1819, 36380653, 36382087, 653, 2087
3, 182, 3640653, 3642557, 653, 2557
3, 1820, 36400653, 36405634, 653, 5634
3, 1821, 36420653, 36422087, 653, 2087
3, 1822, 36440653, 36442087, 653, 2087
3, 1823, 36460653, 36462087, 653, 2087
3, 1824, 36480653, 36482809, 653, 2809
3, 1825, 36500653, 36502087, 653, 2087
3, 1826, 36520653, 36522087, 653, 2087
3, 1827, 36540653, 36543365, 653, 3365
3, 1828, 36560653, 36562087, 653, 2087
3, 1829, 36580653, 36582087, 653, 2087
3, 183, 3660653, 3662493, 653, 2493
3, 1830, 36600653, 36602493, 653, 2493
3, 1831, 36620653, 36622087, 653, 2087
3, 1832, 36640653, 36642087, 653, 2087
3, 1833, 36660653, 36662493, 653, 2493
3, 1834, 36680653, 36682557, 653, 2557
3, 1835, 36700653, 36702087, 653, 2087
3, 1836, 36720653, 36723214, 653, 3214
3, 1837, 36740653, 36742087, 653, 2087
3, 1838, 36760653, 36762087, 653, 2087
3, 1839, 36780653, 36782087, 653, 2087
3, 184, 3680653, 3682557, 653, 2557
3, 1840, 36800653, 36802087, 653, 2087
3, 1841, 36820653, 36823668, 653, 3668
3, 1842, 36840653, 36842419, 653, 2419
3, 1843, 36860653, 36862087, 653, 2087
3, 1844, 36880653, 36882087, 653, 2087
3, 1845, 36900653, 36902809, 653, 2809
3, 1846, 36920653, 36922087, 653, 2087
3, 1847, 36940653, 36942087, 653, 2087
3, 1848, 36960653, 36964643, 653, 4643
3, 1849, 36980653, 36982087, 653, 2087
3, 185, 3700653, 3702087, 653, 2087
3, 1850, 37000653, 37002557, 653, 2557
3, 1851, 37020653, 37022087, 653, 2087
3, 1852, 37040653, 37042087, 653, 2087
3, 1853, 37060653, 37062087, 653, 2087
3, 1854, 37080653, 37082493, 653, 2493
3, 1855, 37100653, 37104530, 653, 4530
3, 1856, 37120653, 37122087, 653, 2087
3, 1857, 37140653, 37142493, 653, 2493
3, 1858, 37160653, 37162087, 653, 2087
3, 1859, 37180653, 37182087, 653, 2087
3, 186, 3720653, 3722087, 653, 2087
3, 1860, 37200653, 37202809, 653, 2809
3, 1861, 37220653, 37222087, 653, 2087
3, 1862, 37240653, 37243668, 653, 3668
3, 1863, 37260653, 37262493, 653, 2493
3, 1864, 37280653, 37282087, 653, 2087
3, 1865, 37300653, 37302087, 653, 2087
3, 1866, 37320653, 37322493, 653, 2493
3, 1867, 37340653, 37342087, 653, 2087
3, 1868, 37360653, 37362087, 653, 2087
3, 1869, 37380653, 37383365, 653, 3365
3, 187, 3740653, 3742087, 653, 2087
3, 1870, 37400653, 37402087, 653, 2087
3, 1871, 37420653, 37422087, 653, 2087
3, 1872, 37440653, 37442493, 653, 2493
3, 1873, 37460653, 37462087, 653, 2087
3, 1874, 37480653, 37482087, 653, 2087
3, 1875, 37500653, 37502809, 653, 2809
3, 1876, 37520653, 37523668, 653, 3668
3, 1877, 37540653, 37542087, 653, 2087
3, 1878, 37560653, 37562493, 653, 2493
3, 1879, 37580653, 37582087, 653, 2087
3, 188, 3760653, 3762087, 653, 2087
3, 1880, 37600653, 37602557, 653, 2557
3, 1881, 37620653, 37622087, 653, 2087
3, 1882, 37640653, 37642087, 653, 2087
3, 1883, 37660653, 37663668, 653, 3668
3, 1884, 37680653, 37682809, 653, 2809
3, 1885, 37700653, 37702087, 653, 2087
3, 1886, 37720653, 37722087, 653, 2087
3, 1887, 37740653, 37742493, 653, 2493
3, 1888, 37760653, 37762087, 653, 2087
3, 1889, 37780653, 37782087, 653, 2087
3, 189, 3780653, 3783365, 653, 3365
3, 1890, 37800653, 37805018, 653, 5018
3, 1891, 37820653, 37822087, 653, 2087
3, 1892, 37840653, 37842557, 653, 2557
3, 1893, 37860653, 37862493, 653, 2493
3, 1894, 37880653, 37882087, 653, 2087
3, 1895, 37900653, 37902087, 653, 2087
3, 1896, 37920653, 37922809, 653, 2809
3, 1897, 37940653, 37943668, 653, 3668
3, 1898, 37960653, 37962087, 653, 2087
3, 1899, 37980653, 37982493, 653, 2493
3, 19, 380653, 382087, 653, 2087
3, 190, 3800653, 3802087, 653, 2087
3, 1900, 38000653, 38002557, 653, 2557
3, 1901, 38020653, 38022087, 653, 2087
3, 1902, 38040653, 38042087, 653, 2087
3, 1903, 38060653, 38062087, 653, 2087
3, 1904, 38080653, 38085634, 653, 5634
3, 1905, 38100653, 38102809, 653, 2809
3, 1906, 38120653, 38122087, 653, 2087
3, 1907, 38140653, 38142087, 653, 2087
3, 1908, 38160653, 38162493, 653, 2493
3, 1909, 38180653, 38182087, 653, 2087
3, 191, 3820653, 3822087, 653, 2087
3, 1910, 38200653, 38202087, 653, 2087
3, 1911, 38220653, 38223365, 653, 3365
3, 1912, 38240653, 38242087, 653, 2087
3, 1913, 38260653, 38262087, 653, 2087
3, 1914, 38280653, 38282493, 653, 2493
3, 1915, 38300653, 38302087, 653, 2087
3, 1916, 38320653, 38322087, 653, 2087
3, 1917, 38340653, 38342493, 653, 2493
3, 1918, 38360653, 38363668, 653, 3668
3, 1919, 38380653, 38382087, 653, 2087
3, 192, 3840653, 3842809, 653, 2809
3, 1920, 38400653, 38403206, 653, 3206
3, 1921, 38420653, 38422087, 653, 2087
3, 1922, 38440653, 38442087, 653, 2087
3, 1923, 38460653, 38462087, 653, 2087
3, 1924, 38480653, 38482087, 653, 2087
3, 1925, 38500653, 38504530, 653, 4530
3, 1926, 38520653, 38522493, 653, 2493
3, 1927, 38540653, 38542087, 653, 2087
3, 1928, 38560653, 38562087, 653, 2087
3, 1929, 38580653, 38582087, 653, 2087
3, 193, 3860653, 3862087, 653, 2087
3, 1930, 38600653, 38602087, 653, 2087
3, 1931, 38620653, 38622087, 653, 2087
3, 1932, 38640653, 38644643, 653, 4643
3, 1933, 38660653, 38662087, 653, 2087
3, 1934, 38680653, 38682087, 653, 2087
3, 1935, 38700653, 38702809, 653, 2809
3, 1936, 38720653, 38722087, 653, 2087
3, 1937, 38740653, 38742087, 653, 2087
3, 1938, 38760653, 38762493, 653, 2493
3, 1939, 38780653, 38783668, 653, 3668
3, 194, 3880653, 3882087, 653, 2087
3, 1940, 38800653, 38802087, 653, 2087
3, 1941, 38820653, 38822493, 653, 2493
3, 1942, 38840653, 38842087, 653, 2087
3, 1943, 38860653, 38862327, 653, 2327
3, 1944, 38880653, 38882809, 653, 2809
3, 1945, 38900653, 38902087, 653, 2087
3, 1946, 38920653, 38922557, 653, 2557
3, 1947, 38940653, 38942493, 653, 2493
3, 1948, 38960653, 38962557, 653, 2557
3, 1949, 38980653, 38982087, 653, 2087
3, 195, 3900653, 3902493, 653, 2493
3, 1950, 39000653, 39002493, 653, 2493
3, 1951, 39020653, 39022087, 653, 2087
3, 1952, 39040653, 39042087, 653, 2087
3, 1953, 39060653, 39063365, 653, 3365
3, 1954, 39080653, 39082087, 653, 2087
3, 1955, 39100653, 39102557, 653, 2557
3, 1956, 39120653, 39122809, 653, 2809
3, 1957, 39140653, 39142087, 653, 2087
3, 1958, 39160653, 39162087, 653, 2087
3, 1959, 39180653, 39182087, 653, 2087
3, 196, 3920653, 3925634, 653, 5634
3, 1960, 39200653, 39205634, 653, 5634
3, 1961, 39220653, 39222087, 653, 2087
3, 1962, 39240653, 39242493, 653, 2493
3, 1963, 39260653, 39262087, 653, 2087
3, 1964, 39280653, 39282087, 653, 2087
3, 1965, 39300653, 39302809, 653, 2809
3, 1966, 39320653, 39322087, 653, 2087
3, 1967, 39340653, 39342557, 653, 2557
3, 1968, 39360653, 39362809, 653, 2809
3, 1969, 39380653, 39382087, 653, 2087
3, 197, 3940653, 3942087, 653, 2087
3, 1970, 39400653, 39402087, 653, 2087
3, 1971, 39420653, 39422087, 653, 2087
3, 1972, 39440653, 39442087, 653, 2087
3, 1973, 39460653, 39462087, 653, 2087
3, 1974, 39480653, 39483365, 653, 3365
3, 1975, 39500653, 39502087, 653, 2087
3, 1976, 39520653, 39522087, 653, 2087
3, 1977, 39540653, 39542493, 653, 2493
3, 1978, 39560653, 39562087, 653, 2087
3, 1979, 39580653, 39582087, 653, 2087
3, 198, 3960653, 3962493, 653, 2493
3, 1980, 39600653, 39602809, 653, 2809
3, 1981, 39620653, 39623668, 653, 3668
3, 1982, 39640653, 39642087, 653, 2087
3, 1983, 39660653, 39662493, 653, 2493
3, 1984, 39680653, 39682087, 653, 2087
3, 1985, 39700653, 39702087, 653, 2087
3, 1986, 39720653, 39722493, 653, 2493
3, 1987, 39740653, 39742087, 653, 2087
3, 1988, 39760653, 39763668, 653, 3668
3, 1989, 39780653, 39782493, 653, 2493
3, 199, 3980653, 3982087, 653, 2087
3, 1990, 39800653, 39802557, 653, 2557
3, 1991, 39820653, 39822087, 653, 2087
3, 1992, 39840653, 39842493, 653, 2493
3, 1993, 39860653, 39862087, 653, 2087
3, 1994, 39880653, 39882087, 653, 2087
3, 1995, 39900653, 39905018, 653, 5018
3, 1996, 39920653, 39922087, 653, 2087
3, 1997, 39940653, 39942087, 653, 2087
3, 1998, 39960653, 39962493, 653, 2493
3, 1999, 39980653, 39982087, 653, 2087
3, 2, 40653, 42087, 653, 2087
3, 20, 400653, 402087, 653, 2087
3, 200, 4000653, 4002557, 653, 2557
3, 2000, 40000653, 40002087, 653, 2087
3, 2001, 40020653, 40022087, 653, 2087
3, 2002, 40040653, 40043668, 653, 3668
3, 2003, 40060653, 40062087, 653, 2087
3, 2004, 40080653, 40082809, 653, 2809
3, 2005, 40100653, 40102087, 653, 2087
3, 2006, 40120653, 40122087, 653, 2087
3, 2007, 40140653, 40142493, 653, 2493
3, 2008, 40160653, 40162087, 653, 2087
3, 2009, 40180653, 40182557, 653, 2557
3, 201, 4020653, 4022493, 653, 2493
3, 2010, 40200653, 40202493, 653, 2493
3, 2011, 40220653, 40222087, 653, 2087
3, 2012, 40240653, 40242087, 653, 2087
3, 2013, 40260653, 40262087, 653, 2087
3, 2014, 40280653, 40282087, 653, 2087
3, 2015, 40300653, 40302087, 653, 2087
3, 2016, 40320653, 40326609, 653, 6609
3, 2017, 40340653, 40342087, 653, 2087
3, 2018, 40360653, 40362087, 653, 2087
3, 2019, 40380653, 40382493, 653, 2493
3, 202, 4040653, 4042087, 653, 2087
3, 2020, 40400653, 40403981, 653, 3981
3, 2021, 40420653, 40422087, 653, 2087
3, 2022, 40440653, 40442087, 653, 2087
3, 2023, 40460653, 40463668, 653, 3668
3, 2024, 40480653, 40482087, 653, 2087
3, 2025, 40500653, 40502809, 653, 2809
3, 2026, 40520653, 40522087, 653, 2087
3, 2027, 40540653, 40542087, 653, 2087
3, 2028, 40560653, 40562809, 653, 2809
3, 2029, 40580653, 40582087, 653, 2087
3, 203, 4060653, 4062557, 653, 2557
3, 2030, 40600653, 40604530, 653, 4530
3, 2031, 40620653, 40622087, 653, 2087
3, 2032, 40640653, 40645828, 653, 5828
3, 2033, 40660653, 40662087, 653, 2087
3, 2034, 40680653, 40682087, 653, 2087
3, 2035, 40700653, 40702087, 653, 2087
3, 2036, 40720653, 40722087, 653, 2087
3, 2037, 40740653, 40744643, 653, 4643
3, 2038, 40760653, 40762087, 653, 2087
3, 2039, 40780653, 40782087, 653, 2087
3, 204, 4080653, 4082809, 653, 2809
3, 2040, 40800653, 40803360, 653, 3360
3, 2041, 40820653, 40822528, 653, 2528
3, 2042, 40840653, 40842087, 653, 2087
3, 2043, 40860653, 40862087, 653, 2087
3, 2044, 40880653, 40883668, 653, 3668
3, 2045, 40900653, 40902087, 653, 2087
3, 2046, 40920653, 40922493, 653, 2493
3, 2047, 40940653, 40942087, 653, 2087
3, 2048, 40960653, 40962087, 653, 2087
3, 2049, 40980653, 40982493, 653, 2493
3, 205, 4100653, 4102557, 653, 2557
3, 2050, 41000653, 41002087, 653, 2087
3, 2051, 41020653, 41022557, 653, 2557
3, 2052, 41040653, 41042493, 653, 2493
3, 2053, 41060653, 41062087, 653, 2087
3, 2054, 41080653, 41082087, 653, 2087
3, 2055, 41100653, 41102493, 653, 2493
3, 2056, 41120653, 41122087, 653, 2087
3, 2057, 41140653, 41142087, 653, 2087
3, 2058, 41160653, 41164643, 653, 4643
3, 2059, 41180653, 41182087, 653, 2087
3, 206, 4120653, 4122087, 653, 2087
3, 2060, 41200653, 41202557, 653, 2557
3, 2061, 41220653, 41222087, 653, 2087
3, 2062, 41240653, 41242087, 653, 2087
3, 2063, 41260653, 41262087, 653, 2087
3, 2064, 41280653, 41282493, 653, 2493
3, 2065, 41300653, 41304530, 653, 4530
3, 2066, 41320653, 41322087, 653, 2087
3, 2067, 41340653, 41342809, 653, 2809
3, 2068, 41360653, 41362087, 653, 2087
3, 2069, 41380653, 41382087, 653, 2087
3, 207, 4140653, 4142087, 653, 2087
3, 2070, 41400653, 41402809, 653, 2809
3, 2071, 41420653, 41422087, 653, 2087
3, 2072, 41440653, 41443668, 653, 3668
3, 2073, 41460653, 41462087, 653, 2087
3, 2074, 41480653, 41482087, 653, 2087
3, 2075, 41500653, 41502087, 653, 2087
3, 2076, 41520653, 41522493, 653, 2493
3, 2077, 41540653, 41542087, 653, 2087
3, 2078, 41560653, 41562087, 653, 2087
3, 2079, 41580653, 41584643, 653, 4643
3, 208, 4160653, 4162087, 653, 2087
3, 2080, 41600653, 41602087, 653, 2087
3, 2081, 41620653, 41622087, 653, 2087
3, 2082, 41640653, 41642087, 653, 2087
3, 2083, 41660653, 41662087, 653, 2087
3, 2084, 41680653, 41682087, 653, 2087
3, 2085, 41700653, 41702493, 653, 2493
3, 2086, 41720653, 41722557, 653, 2557
3, 2087, 41740653, 41742087, 653, 2087
3, 2088, 41760653, 41763214, 653, 3214
3, 2089, 41780653, 41782087, 653, 2087
3, 209, 4180653, 4182087, 653, 2087
3, 2090, 41800653, 41802087, 653, 2087
3, 2091, 41820653, 41822493, 653, 2493
3, 2092, 41840653, 41842087, 653, 2087
3, 2093, 41860653, 41862557, 653, 2557
3, 2094, 41880653, 41882087, 653, 2087
3, 2095, 41900653, 41902087, 653, 2087
3, 2096, 41920653, 41922087, 653, 2087
3, 2097, 41940653, 41942493, 653, 2493
3, 2098, 41960653, 41962087, 653, 2087
3, 2099, 41980653, 41982087, 653, 2087
3, 21, 420653, 423365, 653, 3365
3, 210, 4200653, 4205018, 653, 5018
3, 2100, 42000653, 42006609, 653, 6609
3, 2101, 42020653, 42022087, 653, 2087
3, 2102, 42040653, 42042087, 653, 2087
3, 2103, 42060653, 42062087, 653, 2087
3, 2104, 42080653, 42082087, 653, 2087
3, 2105, 42100653, 42102087, 653, 2087
3, 2106, 42120653, 42122087, 653, 2087
3, 2107, 42140653, 42142557, 653, 2557
3, 2108, 42160653, 42162087, 653, 2087
3, 2109, 42180653, 42182809, 653, 2809
3, 211, 4220653, 4222087, 653, 2087
3, 2110, 42200653, 42202087, 653, 2087
3, 2111, 42220653, 42222087, 653, 2087
3, 2112, 42240653, 42242493, 653, 2493
3, 2113, 42260653, 42262087, 653, 2087
3, 2114, 42280653, 42284577, 653, 4577
3, 2115, 42300653, 42302493, 653, 2493
3, 2116, 42320653, 42322087, 653, 2087
3, 2117, 42340653, 42342087, 653, 2087
3, 2118, 42360653, 42362493, 653, 2493
3, 2119, 42380653, 42382087, 653, 2087
3, 212, 4240653, 4242087, 653, 2087
3, 2120, 42400653, 42402087, 653, 2087
3, 2121, 42420653, 42424643, 653, 4643
3, 2122, 42440653, 42442087, 653, 2087
3, 2123, 42460653, 42462087, 653, 2087
3, 2124, 42480653, 42482493, 653, 2493
3, 2125, 42500653, 42502087, 653, 2087
3, 2126, 42520653, 42522087, 653, 2087
3, 2127, 42540653, 42542087, 653, 2087
3, 2128, 42560653, 42563668, 653, 3668
3, 2129, 42580653, 42582087, 653, 2087
3, 213, 4260653, 4262493, 653, 2493
3, 2130, 42600653, 42603206, 653, 3206
3, 2131, 42620653, 42622087, 653, 2087
3, 2132, 42640653, 42642087, 653, 2087
3, 2133, 42660653, 42662087, 653, 2087
3, 2134, 42680653, 42682087, 653, 2087
3, 2135, 42700653, 42703668, 653, 3668
3, 2136, 42720653, 42722493, 653, 2493
3, 2137, 42740653, 42742087, 653, 2087
3, 2138, 42760653, 42762087, 653, 2087
3, 2139, 42780653, 42782493, 653, 2493
3, 214, 4280653, 4282087, 653, 2087
3, 2140, 42800653, 42802087, 653, 2087
3, 2141, 42820653, 42822087, 653, 2087
3, 2142, 42840653, 42844643, 653, 4643
3, 2143, 42860653, 42862087, 653, 2087
3, 2144, 42880653, 42882087, 653, 2087
3, 2145, 42900653, 42902493, 653, 2493
3, 2146, 42920653, 42922087, 653, 2087
3, 2147, 42940653, 42942087, 653, 2087
3, 2148, 42960653, 42962522, 653, 2522
3, 2149, 42980653, 42982557, 653, 2557
3, 215, 4300653, 4302087, 653, 2087
3, 2150, 43000653, 43002087, 653, 2087
3, 2151, 43020653, 43022809, 653, 2809
3, 2152, 43040653, 43042087, 653, 2087
3, 2153, 43060653, 43062087, 653, 2087
3, 2154, 43080653, 43082087, 653, 2087
3, 2155, 43100653, 43102087, 653, 2087
3, 2156, 43120653, 43125634, 653, 5634
3, 2157, 43140653, 43142087, 653, 2087
3, 2158, 43160653, 43162087, 653, 2087
3, 2159, 43180653, 43182087, 653, 2087
3, 216, 4320653, 4322493, 653, 2493
3, 2160, 43200653, 43204245, 653, 4245
3, 2161, 43220653, 43222087, 653, 2087
3, 2162, 43240653, 43242087, 653, 2087
3, 2163, 43260653, 43263365, 653, 3365
3, 2164, 43280653, 43282087, 653, 2087
3, 2165, 43300653, 43302430, 653, 2430
3, 2166, 43320653, 43322087, 653, 2087
3, 2167, 43340653, 43342087, 653, 2087
3, 2168, 43360653, 43362087, 653, 2087
3, 2169, 43380653, 43382493, 653, 2493
3, 217, 4340653, 4343668, 653, 3668
3, 2170, 43400653, 43404530, 653, 4530
3, 2171, 43420653, 43422087, 653, 2087
3, 2172, 43440653, 43443214, 653, 3214
3, 2173, 43460653, 43462087, 653, 2087
3, 2174, 43480653, 43482087, 653, 2087
3, 2175, 43500653, 43502493, 653, 2493
3, 2176, 43520653, 43522087, 653, 2087
3, 2177, 43540653, 43543668, 653, 3668
3, 2178, 43560653, 43562087, 653, 2087
3, 2179, 43580653, 43582087, 653, 2087
3, 218, 4360653, 4362087, 653, 2087
3, 2180, 43600653, 43602087, 653, 2087
3, 2181, 43620653, 43622493, 653, 2493
3, 2182, 43640653, 43642087, 653, 2087
3, 2183, 43660653, 43662087, 653, 2087
3, 2184, 43680653, 43684643, 653, 4643
3, 2185, 43700653, 43702087, 653, 2087
3, 2186, 43720653, 43722087, 653, 2087
3, 2187, 43740653, 43742087, 653, 2087
3, 2188, 43760653, 43762087, 653, 2087
3, 2189, 43780653, 43782087, 653, 2087
3, 219, 4380653, 4382493, 653, 2493
3, 2190, 43800653, 43802809, 653, 2809
3, 2191, 43820653, 43822557, 653, 2557
3, 2192, 43840653, 43842087, 653, 2087
3, 2193, 43860653, 43862809, 653, 2809
3, 2194, 43880653, 43882087, 653, 2087
3, 2195, 43900653, 43902087, 653, 2087
3, 2196, 43920653, 43922493, 653, 2493
3, 2197, 43940653, 43942087, 653, 2087
3, 2198, 43960653, 43963668, 653, 3668
3, 2199, 43980653, 43982087, 653, 2087
3, 22, 440653, 442087, 653, 2087
3, 220, 4400653, 4402087, 653, 2087
3, 2200, 44000653, 44002557, 653, 2557
3, 2201, 44020653, 44022087, 653, 2087
3, 2202, 44040653, 44042493, 653, 2493
3, 2203, 44060653, 44062087, 653, 2087
3, 2204, 44080653, 44082087, 653, 2087
3, 2205, 44100653, 44105018, 653, 5018
3, 2206, 44120653, 44122087, 653, 2087
3, 2207, 44140653, 44142087, 653, 2087
3, 2208, 44160653, 44162493, 653, 2493
3, 2209, 44180653, 44182087, 653, 2087
3, 221, 4420653, 4422087, 653, 2087
3, 2210, 44200653, 44202087, 653, 2087
3, 2211, 44220653, 44222493, 653, 2493
3, 2212, 44240653, 44243668, 653, 3668
3, 2213, 44260653, 44262087, 653, 2087
3, 2214, 44280653, 44282493, 653, 2493
3, 2215, 44300653, 44302087, 653, 2087
3, 2216, 44320653, 44322087, 653, 2087
3, 2217, 44340653, 44342087, 653, 2087
3, 2218, 44360653, 44362087, 653, 2087
3, 2219, 44380653, 44383668, 653, 3668
3, 222, 4440653, 4442493, 653, 2493
3, 2220, 44400653, 44403360, 653, 3360
3, 2221, 44420653, 44422087, 653, 2087
3, 2222, 44440653, 44442087, 653, 2087
3, 2223, 44460653, 44462493, 653, 2493
3, 2224, 44480653, 44482087, 653, 2087
3, 2225, 44500653, 44502087, 653, 2087
3, 2226, 44520653, 44523365, 653, 3365
3, 2227, 44540653, 44542087, 653, 2087
3, 2228, 44560653, 44562557, 653, 2557
3, 2229, 44580653, 44582087, 653, 2087
3, 223, 4460653, 4462087, 653, 2087
3, 2230, 44600653, 44602087, 653, 2087
3, 2231, 44620653, 44622087, 653, 2087
3, 2232, 44640653, 44642809, 653, 2809
3, 2233, 44660653, 44662557, 653, 2557
3, 2234, 44680653, 44682087, 653, 2087
3, 2235, 44700653, 44702809, 653, 2809
3, 2236, 44720653, 44722087, 653, 2087
3, 2237, 44740653, 44742087, 653, 2087
3, 2238, 44760653, 44762087, 653, 2087
3, 2239, 44780653, 44782087, 653, 2087
3, 224, 4480653, 4483668, 653, 3668
3, 2240, 44800653, 44805634, 653, 5634
3, 2241, 44820653, 44822493, 653, 2493
3, 2242, 44840653, 44842087, 653, 2087
3, 2243, 44860653, 44862087, 653, 2087
3, 2244, 44880653, 44882809, 653, 2809
3, 2245, 44900653, 44902087, 653, 2087
3, 2246, 44920653, 44922087, 653, 2087
3, 2247, 44940653, 44943365, 653, 3365
3, 2248, 44960653, 44962087, 653, 2087
3, 2249, 44980653, 44982087, 653, 2087
3, 225, 4500653, 4502493, 653, 2493
3, 2250, 45000653, 45002809, 653, 2809
3, 2251, 45020653, 45022087, 653, 2087
3, 2252, 45040653, 45042087, 653, 2087
3, 2253, 45060653, 45062493, 653, 2493
3, 2254, 45080653, 45084743, 653, 4743
3, 2255, 45100653, 45102087, 653, 2087
3, 2256, 45120653, 45122809, 653, 2809
3, 2257, 45140653, 45142087, 653, 2087
3, 2258, 45160653, 45162087, 653, 2087
3, 2259, 45180653, 45182087, 653, 2087
3, 226, 4520653, 4522087, 653, 2087
3, 2260, 45200653, 45202087, 653, 2087
3, 2261, 45220653, 45223668, 653, 3668
3, 2262, 45240653, 45242493, 653, 2493
3, 2263, 45260653, 45262087, 653, 2087
3, 2264, 45280653, 45282087, 653, 2087
3, 2265, 45300653, 45302493, 653, 2493
3, 2266, 45320653, 45322087, 653, 2087
3, 2267, 45340653, 45342087, 653, 2087
3, 2268, 45360653, 45364643, 653, 4643
3, 2269, 45380653, 45382087, 653, 2087
3, 227, 4540653, 4542087, 653, 2087
3, 2270, 45400653, 45402557, 653, 2557
3, 2271, 45420653, 45422493, 653, 2493
3, 2272, 45440653, 45442087, 653, 2087
3, 2273, 45460653, 45462087, 653, 2087
3, 2274, 45480653, 45482493, 653, 2493
3, 2275, 45500653, 45503668, 653, 3668
3, 2276, 45520653, 45522087, 653, 2087
3, 2277, 45540653, 45542493, 653, 2493
3, 2278, 45560653, 45562087, 653, 2087
3, 2279, 45580653, 45582087, 653, 2087
3, 228, 4560653, 4562493, 653, 2493
3, 2280, 45600653, 45602809, 653, 2809
3, 2281, 45620653, 45622087, 653, 2087
3, 2282, 45640653, 45642557, 653, 2557
3, 2283, 45660653, 45662493, 653, 2493
3, 2284, 45680653, 45682557, 653, 2557
3, 2285, 45700653, 45702087, 653, 2087
3, 2286, 45720653, 45722087, 653, 2087
3, 2287, 45740653, 45742087, 653, 2087
3, 2288, 45760653, 45762087, 653, 2087
3, 2289, 45780653, 45783365, 653, 3365
3, 229, 4580653, 4582087, 653, 2087
3, 2290, 45800653, 45802087, 653, 2087
3, 2291, 45820653, 45822087, 653, 2087
3, 2292, 45840653, 45842809, 653, 2809
3, 2293, 45860653, 45862087, 653, 2087
3, 2294, 45880653, 45882087, 653, 2087
3, 2295, 45900653, 45902809, 653, 2809
3, 2296, 45920653, 45925634, 653, 5634
3, 2297, 45940653, 45942087, 653, 2087
3, 2298, 45960653, 45962493, 653, 2493
3, 2299, 45980653, 45982087, 653, 2087
3, 23, 460653, 462087, 653, 2087
3, 230, 4600653, 4602087, 653, 2087
3, 2300, 46000653, 46002557, 653, 2557
3, 2301, 46020653, 46022493, 653, 2493
3, 2302, 46040653, 46042087, 653, 2087
3, 2303, 46060653, 46062557, 653, 2557
3, 2304, 46080653, 46082809, 653, 2809
3, 2305, 46100653, 46102557, 653, 2557
3, 2306, 46120653, 46122087, 653, 2087
3, 2307, 46140653, 46142087, 653, 2087
3, 2308, 46160653, 46162087, 653, 2087
3, 2309, 46180653, 46182087, 653, 2087
3, 231, 4620653, 4624643, 653, 4643
3, 2310, 46200653, 46205018, 653, 5018
3, 2311, 46220653, 46222087, 653, 2087
3, 2312, 46240653, 46242557, 653, 2557
3, 2313, 46260653, 46262493, 653, 2493
3, 2314, 46280653, 46282087, 653, 2087
3, 2315, 46300653, 46302087, 653, 2087
3, 2316, 46320653, 46322493, 653, 2493
3, 2317, 46340653, 46343668, 653, 3668
3, 2318, 46360653, 46362087, 653, 2087
3, 2319, 46380653, 46382493, 653, 2493
3, 232, 4640653, 4642087, 653, 2087
3, 2320, 46400653, 46402087, 653, 2087
3, 2321, 46420653, 46422087, 653, 2087
3, 2322, 46440653, 46442391, 653, 2391
3, 2323, 46460653, 46462087, 653, 2087
3, 2324, 46480653, 46483668, 653, 3668
3, 2325, 46500653, 46502809, 653, 2809
3, 2326, 46520653, 46522087, 653, 2087
3, 2327, 46540653, 46542087, 653, 2087
3, 2328, 46560653, 46562493, 653, 2493
3, 2329, 46580653, 46582087, 653, 2087
3, 233, 4660653, 4662087, 653, 2087
3, 2330, 46600653, 46602087, 653, 2087
3, 2331, 46620653, 46623365, 653, 3365
3, 2332, 46640653, 46642087, 653, 2087
3, 2333, 46660653, 46662087, 653, 2087
3, 2334, 46680653, 46682493, 653, 2493
3, 2335, 46700653, 46702087, 653, 2087
3, 2336, 46720653, 46722087, 653, 2087
3, 2337, 46740653, 46742087, 653, 2087
3, 2338, 46760653, 46763668, 653, 3668
3, 2339, 46780653, 46782087, 653, 2087
3, 234, 4680653, 4682493, 653, 2493
3, 2340, 46800653, 46803206, 653, 3206
3, 2341, 46820653, 46822087, 653, 2087
3, 2342, 46840653, 46842087, 653, 2087
3, 2343, 46860653, 46862493, 653, 2493
3, 2344, 46880653, 46882087, 653, 2087
3, 2345, 46900653, 46904530, 653, 4530
3, 2346, 46920653, 46922493, 653, 2493
3, 2347, 46940653, 46942087, 653, 2087
3, 2348, 46960653, 46962087, 653, 2087
3, 2349, 46980653, 46982087, 653, 2087
3, 235, 4700653, 4702557, 653, 2557
3, 2350, 47000653, 47002087, 653, 2087
3, 2351, 47020653, 47022087, 653, 2087
3, 2352, 47040653, 47044643, 653, 4643
3, 2353, 47060653, 47062087, 653, 2087
3, 2354, 47080653, 47082087, 653, 2087
3, 2355, 47100653, 47102809, 653, 2809
3, 2356, 47120653, 47122087, 653, 2087
3, 2357, 47140653, 47142087, 653, 2087
3, 2358, 47160653, 47162087, 653, 2087
3, 2359, 47180653, 47183668, 653, 3668
3, 236, 4720653, 4722087, 653, 2087
3, 2360, 47200653, 47202557, 653, 2557
3, 2361, 47220653, 47222493, 653, 2493
3, 2362, 47240653, 47242087, 653, 2087
3, 2363, 47260653, 47262087, 653, 2087
3, 2364, 47280653, 47282809, 653, 2809
3, 2365, 47300653, 47302087, 653, 2087
3, 2366, 47320653, 47322557, 653, 2557
3, 2367, 47340653, 47342087, 653, 2087
3, 2368, 47360653, 47364293, 653, 4293
3, 2369, 47380653, 47382087, 653, 2087
3, 237, 4740653, 4742087, 653, 2087
3, 2370, 47400653, 47402493, 653, 2493
3, 2371, 47420653, 47422087, 653, 2087
3, 2372, 47440653, 47442087, 653, 2087
3, 2373, 47460653, 47464643, 653, 4643
3, 2374, 47480653, 47482087, 653, 2087
3, 2375, 47500653, 47502087, 653, 2087
3, 2376, 47520653, 47522809, 653, 2809
3, 2377, 47540653, 47542087, 653, 2087
3, 2378, 47560653, 47562087, 653, 2087
3, 2379, 47580653, 47582087, 653, 2087
3, 238, 4760653, 4763668, 653, 3668
3, 2380, 47600653, 47605634, 653, 5634
3, 2381, 47620653, 47622087, 653, 2087
3, 2382, 47640653, 47642493, 653, 2493
3, 2383, 47660653, 47662087, 653, 2087
3, 2384, 47680653, 47682087, 653, 2087
3, 2385, 47700653, 47702809, 653, 2809
3, 2386, 47720653, 47722087, 653, 2087
3, 2387, 47740653, 47742557, 653, 2557
3, 2388, 47760653, 47762493, 653, 2493
3, 2389, 47780653, 47785213, 653, 5213
3, 239, 4780653, 4782087, 653, 2087
3, 2390, 47800653, 47802087, 653, 2087
3, 2391, 47820653, 47822087, 653, 2087
3, 2392, 47840653, 47842087, 653, 2087
3, 2393, 47860653, 47862087, 653, 2087
3, 2394, 47880653, 47884643, 653, 4643
3, 2395, 47900653, 47902087, 653, 2087
3, 2396, 47920653, 47922087, 653, 2087
3, 2397, 47940653, 47942493, 653, 2493
3, 2398, 47960653, 47962087, 653, 2087
3, 2399, 47980653, 47982087, 653, 2087
3, 24, 480653, 482493, 653, 2493
3, 240, 4800653, 4803206, 653, 3206
3, 2400, 48000653, 48002809, 653, 2809
3, 2401, 48020653, 48022557, 653, 2557
3, 2402, 48040653, 48042087, 653, 2087
3, 2403, 48060653, 48062493, 653, 2493
3, 2404, 48080653, 48082087, 653, 2087
3, 2405, 48100653, 48102087, 653, 2087
3, 2406, 48120653, 48122493, 653, 2493
3, 2407, 48140653, 48142087, 653, 2087
3, 2408, 48160653, 48163668, 653, 3668
3, 2409, 48180653, 48182087, 653, 2087
3, 241, 4820653, 4822087, 653, 2087
3, 2410, 48200653, 48202557, 653, 2557
3, 2411, 48220653, 48222087, 653, 2087
3, 2412, 48240653, 48242493, 653, 2493
3, 2413, 48260653, 48262087, 653, 2087
3, 2414, 48280653, 48282087, 653, 2087
3, 2415, 48300653, 48304643, 653, 4643
3, 2416, 48320653, 48322087, 653, 2087
3, 2417, 48340653, 48342087, 653, 2087
3, 2418, 48360653, 48362087, 653, 2087
3, 2419, 48380653, 48385046, 653, 5046
3, 242, 4840653, 4842087, 653, 2087
3, 2420, 48400653, 48402557, 653, 2557
3, 2421, 48420653, 48422087, 653, 2087
3, 2422, 48440653, 48442557, 653, 2557
3, 2423, 48460653, 48462087, 653, 2087
3, 2424, 48480653, 48483211, 653, 3211
3, 2425, 48500653, 48502087, 653, 2087
3, 2426, 48520653, 48522087, 653, 2087
3, 2427, 48540653, 48542493, 653, 2493
3, 2428, 48560653, 48562087, 653, 2087
3, 2429, 48580653, 48582557, 653, 2557
3, 243, 4860653, 4862493, 653, 2493
3, 2430, 48600653, 48602493, 653, 2493
3, 2431, 48620653, 48622087, 653, 2087
3, 2432, 48640653, 48642087, 653, 2087
3, 2433, 48660653, 48662087, 653, 2087
3, 2434, 48680653, 48682087, 653, 2087
3, 2435, 48700653, 48702087, 653, 2087
3, 2436, 48720653, 48726609, 653, 6609
3, 2437, 48740653, 48742087, 653, 2087
3, 2438, 48760653, 48762087, 653, 2087
3, 2439, 48780653, 48782087, 653, 2087
3, 244, 4880653, 4882087, 653, 2087
3, 2440, 48800653, 48802557, 653, 2557
3, 2441, 48820653, 48822087, 653, 2087
3, 2442, 48840653, 48842087, 653, 2087
3, 2443, 48860653, 48862557, 653, 2557
3, 2444, 48880653, 48882087, 653, 2087
3, 2445, 48900653, 48903206, 653, 3206
3, 2446, 48920653, 48922087, 653, 2087
3, 2447, 48940653, 48942087, 653, 2087
3, 2448, 48960653, 48962809, 653, 2809
3, 2449, 48980653, 48982087, 653, 2087
3, 245, 4900653, 4904530, 653, 4530
3, 2450, 49000653, 49004530, 653, 4530
3, 2451, 49020653, 49022087, 653, 2087
3, 2452, 49040653, 49042087, 653, 2087
3, 2453, 49060653, 49062087, 653, 2087
3, 2454, 49080653, 49082087, 653, 2087
3, 2455, 49100653, 49102087, 653, 2087
3, 2456, 49120653, 49122087, 653, 2087
3, 2457, 49140653, 49144643, 653, 4643
3, 2458, 49160653, 49162087, 653, 2087
3, 2459, 49180653, 49182087, 653, 2087
3, 246, 4920653, 4922087, 653, 2087
3, 2460, 49200653, 49202809, 653, 2809
3, 2461, 49220653, 49222087, 653, 2087
3, 2462, 49240653, 49242087, 653, 2087
3, 2463, 49260653, 49262087, 653, 2087
3, 2464, 49280653, 49283668, 653, 3668
3, 2465, 49300653, 49302087, 653, 2087
3, 2466, 49320653, 49322809, 653, 2809
3, 2467, 49340653, 49342087, 653, 2087
3, 2468, 49360653, 49362087, 653, 2087
3, 2469, 49380653, 49382087, 653, 2087
3, 247, 4940653, 4944369, 653, 4369
3, 2470, 49400653, 49402087, 653, 2087
3, 2471, 49420653, 49422557, 653, 2557
3, 2472, 49440653, 49442493, 653, 2493
3, 2473, 49460653, 49462087, 653, 2087
3, 2474, 49480653, 49482087, 653, 2087
3, 2475, 49500653, 49502809, 653, 2809
3, 2476, 49520653, 49522087, 653, 2087
3, 2477, 49540653, 49542087, 653, 2087
3, 2478, 49560653, 49564643, 653, 4643
3, 2479, 49580653, 49582087, 653, 2087
3, 248, 4960653, 4962087, 653, 2087
3, 2480, 49600653, 49602557, 653, 2557
3, 2481, 49620653, 49622087, 653, 2087
3, 2482, 49640653, 49642087, 653, 2087
3, 2483, 49660653, 49662087, 653, 2087
3, 2484, 49680653, 49682493, 653, 2493
3, 2485, 49700653, 49704530, 653, 4530
3, 2486, 49720653, 49722087, 653, 2087
3, 2487, 49740653, 49742809, 653, 2809
3, 2488, 49760653, 49762087, 653, 2087
3, 2489, 49780653, 49782087, 653, 2087
3, 249, 4980653, 4982087, 653, 2087
3, 2490, 49800653, 49802493, 653, 2493
3, 2491, 49820653, 49822087, 653, 2087
3, 2492, 49840653, 49844844, 653, 4844
3, 2493, 49860653, 49862087, 653, 2087
3, 2494, 49880653, 49882087, 653, 2087
3, 2495, 49900653, 49902087, 653, 2087
3, 2496, 49920653, 49922809, 653, 2809
3, 2497, 49940653, 49942087, 653, 2087
3, 2498, 49960653, 49962087, 653, 2087
3, 2499, 49980653, 49984643, 653, 4643
3, 25, 500653, 502087, 653, 2087
3, 250, 5000653, 5002087, 653, 2087
3, 2500, 50000653, 50002557, 653, 2557
3, 2501, 50020653, 50022087, 653, 2087
3, 2502, 50040653, 50042087, 653, 2087
3, 2503, 50060653, 50062087, 653, 2087
3, 2504, 50080653, 50082087, 653, 2087
3, 2505, 50100653, 50102809, 653, 2809
3, 2506, 50120653, 50122557, 653, 2557
3, 2507, 50140653, 50142087, 653, 2087
3, 2508, 50160653, 50163214, 653, 3214
3, 2509, 50180653, 50182087, 653, 2087
3, 251, 5020653, 5022087, 653, 2087
3, 2510, 50200653, 50202087, 653, 2087
3, 2511, 50220653, 50222087, 653, 2087
3, 2512, 50240653, 50242087, 653, 2087
3, 2513, 50260653, 50263668, 653, 3668
3, 2514, 50280653, 50282087, 653, 2087
3, 2515, 50300653, 50302087, 653, 2087
3, 2516, 50320653, 50322087, 653, 2087
3, 2517, 50340653, 50343210, 653, 3210
3, 2518, 50360653, 50362087, 653, 2087
3, 2519, 50380653, 50382087, 653, 2087
3, 252, 5040653, 5046609, 653, 6609
3, 2520, 50400653, 50404643, 653, 4643
3, 2521, 50420653, 50422087, 653, 2087
3, 2522, 50440653, 50442087, 653, 2087
3, 2523, 50460653, 50462087, 653, 2087
3, 2524, 50480653, 50482087, 653, 2087
3, 2525, 50500653, 50502087, 653, 2087
3, 2526, 50520653, 50522493, 653, 2493
3, 2527, 50540653, 50542557, 653, 2557
3, 2528, 50560653, 50562087, 653, 2087
3, 2529, 50580653, 50582809, 653, 2809
3, 253, 5060653, 5062087, 653, 2087
3, 2530, 50600653, 50602087, 653, 2087
3, 2531, 50620653, 50622087, 653, 2087
3, 2532, 50640653, 50642493, 653, 2493
3, 2533, 50660653, 50662087, 653, 2087
3, 2534, 50680653, 50683668, 653, 3668
3, 2535, 50700653, 50702493, 653, 2493
3, 2536, 50720653, 50722087, 653, 2087
3, 2537, 50740653, 50742087, 653, 2087
3, 2538, 50760653, 50762493, 653, 2493
3, 2539, 50780653, 50782087, 653, 2087
3, 254, 5080653, 5082087, 653, 2087
3, 2540, 50800653, 50802087, 653, 2087
3, 2541, 50820653, 50823365, 653, 3365
3, 2542, 50840653, 50842087, 653, 2087
3, 2543, 50860653, 50862087, 653, 2087
3, 2544, 50880653, 50882493, 653, 2493
3, 2545, 50900653, 50902087, 653, 2087
3, 2546, 50920653, 50922087, 653, 2087
3, 2547, 50940653, 50942493, 653, 2493
3, 2548, 50960653, 50963668, 653, 3668
3, 2549, 50980653, 50982087, 653, 2087
3, 255, 5100653, 5102809, 653, 2809
3, 2550, 51000653, 51003206, 653, 3206
3, 2551, 51020653, 51022087, 653, 2087
3, 2552, 51040653, 51042087, 653, 2087
3, 2553, 51060653, 51062087, 653, 2087
3, 2554, 51080653, 51082087, 653, 2087
3, 2555, 51100653, 51103668, 653, 3668
3, 2556, 51120653, 51122809, 653, 2809
3, 2557, 51140653, 51142087, 653, 2087
3, 2558, 51160653, 51162087, 653, 2087
3, 2559, 51180653, 51182493, 653, 2493
3, 256, 5120653, 5122087, 653, 2087
3, 2560, 51200653, 51202557, 653, 2557
3, 2561, 51220653, 51222087, 653, 2087
3, 2562, 51240653, 51243365, 653, 3365
3, 2563, 51260653, 51262087, 653, 2087
3, 2564, 51280653, 51282557, 653, 2557
3, 2565, 51300653, 51302493, 653, 2493
3, 2566, 51320653, 51322087, 653, 2087
3, 2567, 51340653, 51342087, 653, 2087
3, 2568, 51360653, 51362809, 653, 2809
3, 2569, 51380653, 51382557, 653, 2557
3, 257, 5140653, 5142087, 653, 2087
3, 2570, 51400653, 51402087, 653, 2087
3, 2571, 51420653, 51422493, 653, 2493
3, 2572, 51440653, 51442087, 653, 2087
3, 2573, 51460653, 51462087, 653, 2087
3, 2574, 51480653, 51482087, 653, 2087
3, 2575, 51500653, 51502087, 653, 2087
3, 2576, 51520653, 51525634, 653, 5634
3, 2577, 51540653, 51542493, 653, 2493
3, 2578, 51560653, 51562087, 653, 2087
3, 2579, 51580653, 51582087, 653, 2087
3, 258, 5160653, 5162087, 653, 2087
3, 2580, 51600653, 51603360, 653, 3360
3, 2581, 51620653, 51622087, 653, 2087
3, 2582, 51640653, 51642087, 653, 2087
3, 2583, 51660653, 51663365, 653, 3365
3, 2584, 51680653, 51682087, 653, 2087
3, 2585, 51700653, 51702557, 653, 2557
3, 2586, 51720653, 51722087, 653, 2087
3, 2587, 51740653, 51742087, 653, 2087
3, 2588, 51760653, 51762087, 653, 2087
3, 2589, 51780653, 51782493, 653, 2493
3, 259, 5180653, 5182557, 653, 2557
3, 2590, 51800653, 51804530, 653, 4530
3, 2591, 51820653, 51822087, 653, 2087
3, 2592, 51840653, 51842809, 653, 2809
3, 2593, 51860653, 51862087, 653, 2087
3, 2594, 51880653, 51882087, 653, 2087
3, 2595, 51900653, 51902493, 653, 2493
3, 2596, 51920653, 51922087, 653, 2087
3, 2597, 51940653, 51943668, 653, 3668
3, 2598, 51960653, 51962493, 653, 2493
3, 2599, 51980653, 51982087, 653, 2087
3, 26, 520653, 522087, 653, 2087
3, 260, 5200653, 5202557, 653, 2557
3, 2600, 52000653, 52002087, 653, 2087
3, 2601, 52020653, 52022493, 653, 2493
3, 2602, 52040653, 52042087, 653, 2087
3, 2603, 52060653, 52062087, 653, 2087
3, 2604, 52080653, 52084643, 653, 4643
3, 2605, 52100653, 52102087, 653, 2087
3, 2606, 52120653, 52122087, 653, 2087
3, 2607, 52140653, 52142087, 653, 2087
3, 2608, 52160653, 52162087, 653, 2087
3, 2609, 52180653, 52182087, 653, 2087
3, 261, 5220653, 5222493, 653, 2493
3, 2610, 52200653, 52202809, 653, 2809
3, 2611, 52220653, 52223668, 653, 3668
3, 2612, 52240653, 52242087, 653, 2087
3, 2613, 52260653, 52262493, 653, 2493
3, 2614, 52280653, 52282087, 653, 2087
3, 2615, 52300653, 52302557, 653, 2557
3, 2616, 52320653, 52322493, 653, 2493
3, 2617, 52340653, 52342087, 653, 2087
3, 2618, 52360653, 52363668, 653, 3668
3, 2619, 52380653, 52382493, 653, 2493
3, 262, 5240653, 5242087, 653, 2087
3, 2620, 52400653, 52402557, 653, 2557
3, 2621, 52420653, 52422087, 653, 2087
3, 2622, 52440653, 52442087, 653, 2087
3, 2623, 52460653, 52462087, 653, 2087
3, 2624, 52480653, 52482087, 653, 2087
3, 2625, 52500653, 52505018, 653, 5018
3, 2626, 52520653, 52522087, 653, 2087
3, 2627, 52540653, 52542087, 653, 2087
3, 2628, 52560653, 52562809, 653, 2809
3, 2629, 52580653, 52582087, 653, 2087
3, 263, 5260653, 5262087, 653, 2087
3, 2630, 52600653, 52602087, 653, 2087
3, 2631, 52620653, 52622493, 653, 2493
3, 2632, 52640653, 52645634, 653, 5634
3, 2633, 52660653, 52662087, 653, 2087
3, 2634, 52680653, 52682493, 653, 2493
3, 2635, 52700653, 52702087, 653, 2087
3, 2636, 52720653, 52722087, 653, 2087
3, 2637, 52740653, 52742087, 653, 2087
3, 2638, 52760653, 52762087, 653, 2087
3, 2639, 52780653, 52782557, 653, 2557
3, 264, 5280653, 5282809, 653, 2809
3, 2640, 52800653, 52803360, 653, 3360
3, 2641, 52820653, 52822087, 653, 2087
3, 2642, 52840653, 52842087, 653, 2087
3, 2643, 52860653, 52862087, 653, 2087
3, 2644, 52880653, 52882557, 653, 2557
3, 2645, 52900653, 52902087, 653, 2087
3, 2646, 52920653, 52923365, 653, 3365
3, 2647, 52940653, 52942087, 653, 2087
3, 2648, 52960653, 52962557, 653, 2557
3, 2649, 52980653, 52982493, 653, 2493
3, 265, 5300653, 5302087, 653, 2087
3, 2650, 53000653, 53002087, 653, 2087
3, 2651, 53020653, 53022087, 653, 2087
3, 2652, 53040653, 53042809, 653, 2809
3, 2653, 53060653, 53063668, 653, 3668
3, 2654, 53080653, 53082087, 653, 2087
3, 2655, 53100653, 53102809, 653, 2809
3, 2656, 53120653, 53122087, 653, 2087
3, 2657, 53140653, 53142087, 653, 2087
3, 2658, 53160653, 53162493, 653, 2493
3, 2659, 53180653, 53182087, 653, 2087
3, 266, 5320653, 5322557, 653, 2557
3, 2660, 53200653, 53203668, 653, 3668
3, 2661, 53220653, 53222493, 653, 2493
3, 2662, 53240653, 53242087, 653, 2087
3, 2663, 53260653, 53262087, 653, 2087
3, 2664, 53280653, 53282493, 653, 2493
3, 2665, 53300653, 53302087, 653, 2087
3, 2666, 53320653, 53322087, 653, 2087
3, 2667, 53340653, 53343365, 653, 3365
3, 2668, 53360653, 53362087, 653, 2087
3, 2669, 53380653, 53382087, 653, 2087
3, 267, 5340653, 5342087, 653, 2087
3, 2670, 53400653, 53402809, 653, 2809
3, 2671, 53420653, 53422087, 653, 2087
3, 2672, 53440653, 53442087, 653, 2087
3, 2673, 53460653, 53462087, 653, 2087
3, 2674, 53480653, 53483668, 653, 3668
3, 2675, 53500653, 53502087, 653, 2087
3, 2676, 53520653, 53522809, 653, 2809
3, 2677, 53540653, 53542087, 653, 2087
3, 2678, 53560653, 53562087, 653, 2087
3, 2679, 53580653, 53582087, 653, 2087
3, 268, 5360653, 5362557, 653, 2557
3, 2680, 53600653, 53602087, 653, 2087
3, 2681, 53620653, 53622557, 653, 2557
3, 2682, 53640653, 53642493, 653, 2493
3, 2683, 53660653, 53662087, 653, 2087
3, 2684, 53680653, 53682087, 653, 2087
3, 2685, 53700653, 53702493, 653, 2493
3, 2686, 53720653, 53722087, 653, 2087
3, 2687, 53740653, 53742087, 653, 2087
3, 2688, 53760653, 53764643, 653, 4643
3, 2689, 53780653, 53782087, 653, 2087
3, 269, 5380653, 5382087, 653, 2087
3, 2690, 53800653, 53802087, 653, 2087
3, 2691, 53820653, 53822493, 653, 2493
3, 2692, 53840653, 53842087, 653, 2087
3, 2693, 53860653, 53862087, 653, 2087
3, 2694, 53880653, 53882087, 653, 2087
3, 2695, 53900653, 53903668, 653, 3668
3, 2696, 53920653, 53922087, 653, 2087
3, 2697, 53940653, 53942493, 653, 2493
3, 2698, 53960653, 53962087, 653, 2087
3, 2699, 53980653, 53982087, 653, 2087
3, 27, 540653, 542493, 653, 2493
3, 270, 5400653, 5402493, 653, 2493
3, 2700, 54000653, 54003360, 653, 3360
3, 2701, 54020653, 54022087, 653, 2087
3, 2702, 54040653, 54042557, 653, 2557
3, 2703, 54060653, 54062493, 653, 2493
3, 2704, 54080653, 54082557, 653, 2557
3, 2705, 54100653, 54102087, 653, 2087
3, 2706, 54120653, 54122087, 653, 2087
3, 2707, 54140653, 54142087, 653, 2087
3, 2708, 54160653, 54162087, 653, 2087
3, 2709, 54180653, 54183365, 653, 3365
3, 271, 5420653, 5422087, 653, 2087
3, 2710, 54200653, 54202087, 653, 2087
3, 2711, 54220653, 54222087, 653, 2087
3, 2712, 54240653, 54242809, 653, 2809
3, 2713, 54260653, 54262087, 653, 2087
3, 2714, 54280653, 54282087, 653, 2087
3, 2715, 54300653, 54302493, 653, 2493
3, 2716, 54320653, 54325634, 653, 5634
3, 2717, 54340653, 54342087, 653, 2087
3, 2718, 54360653, 54362493, 653, 2493
3, 2719, 54380653, 54382087, 653, 2087
3, 272, 5440653, 5442087, 653, 2087
3, 2720, 54400653, 54402557, 653, 2557
3, 2721, 54420653, 54422493, 653, 2493
3, 2722, 54440653, 54442087, 653, 2087
3, 2723, 54460653, 54462557, 653, 2557
3, 2724, 54480653, 54482493, 653, 2493
3, 2725, 54500653, 54502557, 653, 2557
3, 2726, 54520653, 54522087, 653, 2087
3, 2727, 54540653, 54542087, 653, 2087
3, 2728, 54560653, 54562087, 653, 2087
3, 2729, 54580653, 54582087, 653, 2087
3, 273, 5460653, 5464643, 653, 4643
3, 2730, 54600653, 54605466, 653, 5466
3, 2731, 54620653, 54622087, 653, 2087
3, 2732, 54640653, 54642087, 653, 2087
3, 2733, 54660653, 54662493, 653, 2493
3, 2734, 54680653, 54682087, 653, 2087
3, 2735, 54700653, 54702087, 653, 2087
3, 2736, 54720653, 54722493, 653, 2493
3, 2737, 54740653, 54743668, 653, 3668
3, 2738, 54760653, 54762087, 653, 2087
3, 2739, 54780653, 54782493, 653, 2493
3, 274, 5480653, 5482087, 653, 2087
3, 2740, 54800653, 54802087, 653, 2087
3, 2741, 54820653, 54822087, 653, 2087
3, 2742, 54840653, 54842493, 653, 2493
3, 2743, 54860653, 54862087, 653, 2087
3, 2744, 54880653, 54883668, 653, 3668
3, 2745, 54900653, 54902493, 653, 2493
3, 2746, 54920653, 54924369, 653, 4369
3, 2747, 54940653, 54942087, 653, 2087
3, 2748, 54960653, 54962493, 653, 2493
3, 2749, 54980653, 54982087, 653, 2087
3, 275, 5500653, 5502087, 653, 2087
3, 2750, 55000653, 55002087, 653, 2087
3, 2751, 55020653, 55024643, 653, 4643
3, 2752, 55040653, 55042087, 653, 2087
3, 2753, 55060653, 55062087, 653, 2087
3, 2754, 55080653, 55082493, 653, 2493
3, 2755, 55100653, 55102087, 653, 2087
3, 2756, 55120653, 55122087, 653, 2087
3, 2757, 55140653, 55142087, 653, 2087
3, 2758, 55160653, 55162557, 653, 2557
3, 2759, 55180653, 55182087, 653, 2087
3, 276, 5520653, 5522493, 653, 2493
3, 2760, 55200653, 55203206, 653, 3206
3, 2761, 55220653, 55222087, 653, 2087
3, 2762, 55240653, 55242087, 653, 2087
3, 2763, 55260653, 55262493, 653, 2493
3, 2764, 55280653, 55282087, 653, 2087
3, 2765, 55300653, 55304530, 653, 4530
3, 2766, 55320653, 55322087, 653, 2087
3, 2767, 55340653, 55342087, 653, 2087
3, 2768, 55360653, 55362087, 653, 2087
3, 2769, 55380653, 55382087, 653, 2087
3, 277, 5540653, 5542087, 653, 2087
3, 2770, 55400653, 55402087, 653, 2087
3, 2771, 55420653, 55422087, 653, 2087
3, 2772, 55440653, 55446609, 653, 6609
3, 2773, 55460653, 55462087, 653, 2087
3, 2774, 55480653, 55482087, 653, 2087
3, 2775, 55500653, 55502493, 653, 2493
3, 2776, 55520653, 55525966, 653, 5966
3, 2777, 55540653, 55542087, 653, 2087
3, 2778, 55560653, 55562087, 653, 2087
3, 2779, 55580653, 55582557, 653, 2557
3, 278, 5560653, 5562087, 653, 2087
3, 2780, 55600653, 55602557, 653, 2557
3, 2781, 55620653, 55622809, 653, 2809
3, 2782, 55640653, 55642087, 653, 2087
3, 2783, 55660653, 55662087, 653, 2087
3, 2784, 55680653, 55682809, 653, 2809
3, 2785, 55700653, 55702087, 653, 2087
3, 2786, 55720653, 55722557, 653, 2557
3, 2787, 55740653, 55742087, 653, 2087
3, 2788, 55760653, 55762557, 653, 2557
3, 2789, 55780653, 55782087, 653, 2087
3, 279, 5580653, 5582087, 653, 2087
3, 2790, 55800653, 55802493, 653, 2493
3, 2791, 55820653, 55822087, 653, 2087
3, 2792, 55840653, 55842087, 653, 2087
3, 2793, 55860653, 55864643, 653, 4643
3, 2794, 55880653, 55882087, 653, 2087
3, 2795, 55900653, 55902087, 653, 2087
3, 2796, 55920653, 55922493, 653, 2493
3, 2797, 55940653, 55942087, 653, 2087
3, 2798, 55960653, 55962087, 653, 2087
3, 2799, 55980653, 55982087, 653, 2087
3, 28, 560653, 563668, 653, 3668
3, 280, 5600653, 5603668, 653, 3668
3, 2800, 56000653, 56003668, 653, 3668
3, 2801, 56020653, 56022087, 653, 2087
3, 2802, 56040653, 56042809, 653, 2809
3, 2803, 56060653, 56062087, 653, 2087
3, 2804, 56080653, 56082087, 653, 2087
3, 2805, 56100653, 56102809, 653, 2809
3, 2806, 56120653, 56122087, 653, 2087
3, 2807, 56140653, 56142557, 653, 2557
3, 2808, 56160653, 56162493, 653, 2493
3, 2809, 56180653, 56182087, 653, 2087
3, 281, 5620653, 5622087, 653, 2087
3, 2810, 56200653, 56202087, 653, 2087
3, 2811, 56220653, 56222087, 653, 2087
3, 2812, 56240653, 56242087, 653, 2087
3, 2813, 56260653, 56262087, 653, 2087
3, 2814, 56280653, 56284643, 653, 4643
3, 2815, 56300653, 56302087, 653, 2087
3, 2816, 56320653, 56322087, 653, 2087
3, 2817, 56340653, 56342087, 653, 2087
3, 2818, 56360653, 56362087, 653, 2087
3, 2819, 56380653, 56382087, 653, 2087
3, 282, 5640653, 5642809, 653, 2809
3, 2820, 56400653, 56402809, 653, 2809
3, 2821, 56420653, 56422557, 653, 2557
3, 2822, 56440653, 56442087, 653, 2087
3, 2823, 56460653, 56462809, 653, 2809
3, 2824, 56480653, 56482087, 653, 2087
3, 2825, 56500653, 56502087, 653, 2087
3, 2826, 56520653, 56522087, 653, 2087
3, 2827, 56540653, 56542087, 653, 2087
3, 2828, 56560653, 56563668, 653, 3668
3, 2829, 56580653, 56582087, 653, 2087
3, 283, 5660653, 5662087, 653, 2087
3, 2830, 56600653, 56602087, 653, 2087
3, 2831, 56620653, 56622087, 653, 2087
3, 2832, 56640653, 56642809, 653, 2809
3, 2833, 56660653, 56662087, 653, 2087
3, 2834, 56680653, 56682087, 653, 2087
3, 2835, 56700653, 56704643, 653, 4643
3, 2836, 56720653, 56722087, 653, 2087
3, 2837, 56740653, 56742087, 653, 2087
3, 2838, 56760653, 56762087, 653, 2087
3, 2839, 56780653, 56782087, 653, 2087
3, 284, 5680653, 5682087, 653, 2087
3, 2840, 56800653, 56802557, 653, 2557
3, 2841, 56820653, 56822087, 653, 2087
3, 2842, 56840653, 56842557, 653, 2557
3, 2843, 56860653, 56862087, 653, 2087
3, 2844, 56880653, 56883375, 653, 3375
3, 2845, 56900653, 56902087, 653, 2087
3, 2846, 56920653, 56922087, 653, 2087
3, 2847, 56940653, 56942087, 653, 2087
3, 2848, 56960653, 56962087, 653, 2087
3, 2849, 56980653, 56983668, 653, 3668
3, 285, 5700653, 5702809, 653, 2809
3, 2850, 57000653, 57002493, 653, 2493
3, 2851, 57020653, 57022087, 653, 2087
3, 2852, 57040653, 57042087, 653, 2087
3, 2853, 57060653, 57062493, 653, 2493
3, 2854, 57080653, 57082087, 653, 2087
3, 2855, 57100653, 57102087, 653, 2087
3, 2856, 57120653, 57126609, 653, 6609
3, 2857, 57140653, 57142087, 653, 2087
3, 2858, 57160653, 57162087, 653, 2087
3, 2859, 57180653, 57182087, 653, 2087
3, 286, 5720653, 5722087, 653, 2087
3, 2860, 57200653, 57202087, 653, 2087
3, 2861, 57220653, 57222087, 653, 2087
3, 2862, 57240653, 57242087, 653, 2087
3, 2863, 57260653, 57262557, 653, 2557
3, 2864, 57280653, 57282087, 653, 2087
3, 2865, 57300653, 57303206, 653, 3206
3, 2866, 57320653, 57322087, 653, 2087
3, 2867, 57340653, 57342087, 653, 2087
3, 2868, 57360653, 57362493, 653, 2493
3, 2869, 57380653, 57382087, 653, 2087
3, 287, 5740653, 5742557, 653, 2557
3, 2870, 57400653, 57403668, 653, 3668
3, 2871, 57420653, 57422087, 653, 2087
3, 2872, 57440653, 57442087, 653, 2087
3, 2873, 57460653, 57462087, 653, 2087
3, 2874, 57480653, 57482790, 653, 2790
3, 2875, 57500653, 57502087, 653, 2087
3, 2876, 57520653, 57522087, 653, 2087
3, 2877, 57540653, 57543365, 653, 3365
3, 2878, 57560653, 57562087, 653, 2087
3, 2879, 57580653, 57582087, 653, 2087
3, 288, 5760653, 5762493, 653, 2493
3, 2880, 57600653, 57602809, 653, 2809
3, 2881, 57620653, 57622087, 653, 2087
3, 2882, 57640653, 57642087, 653, 2087
3, 2883, 57660653, 57662493, 653, 2493
3, 2884, 57680653, 57683668, 653, 3668
3, 2885, 57700653, 57702087, 653, 2087
3, 2886, 57720653, 57722809, 653, 2809
3, 2887, 57740653, 57742087, 653, 2087
3, 2888, 57760653, 57762087, 653, 2087
3, 2889, 57780653, 57782087, 653, 2087
3, 289, 5780653, 5782087, 653, 2087
3, 2890, 57800653, 57802087, 653, 2087
3, 2891, 57820653, 57823668, 653, 3668
3, 2892, 57840653, 57842493, 653, 2493
3, 2893, 57860653, 57862087, 653, 2087
3, 2894, 57880653, 57882087, 653, 2087
3, 2895, 57900653, 57902809, 653, 2809
3, 2896, 57920653, 57922087, 653, 2087
3, 2897, 57940653, 57942087, 653, 2087
3, 2898, 57960653, 57963365, 653, 3365
3, 2899, 57980653, 57982087, 653, 2087
3, 29, 580653, 582087, 653, 2087
3, 290, 5800653, 5802087, 653, 2087
3, 2900, 58000653, 58004088, 653, 4088
3, 2901, 58020653, 58022087, 653, 2087
3, 2902, 58040653, 58042087, 653, 2087
3, 2903, 58060653, 58062087, 653, 2087
3, 2904, 58080653, 58082809, 653, 2809
3, 2905, 58100653, 58104530, 653, 4530
3, 2906, 58120653, 58122087, 653, 2087
3, 2907, 58140653, 58142809, 653, 2809
3, 2908, 58160653, 58162087, 653, 2087
3, 2909, 58180653, 58182087, 653, 2087
3, 291, 5820653, 5822087, 653, 2087
3, 2910, 58200653, 58202493, 653, 2493
3, 2911, 58220653, 58222087, 653, 2087
3, 2912, 58240653, 58245634, 653, 5634
3, 2913, 58260653, 58262493, 653, 2493
3, 2914, 58280653, 58282087, 653, 2087
3, 2915, 58300653, 58302087, 653, 2087
3, 2916, 58320653, 58322809, 653, 2809
3, 2917, 58340653, 58342087, 653, 2087
3, 2918, 58360653, 58362087, 653, 2087
3, 2919, 58380653, 58383365, 653, 3365
3, 292, 5840653, 5842087, 653, 2087
3, 2920, 58400653, 58402557, 653, 2557
3, 2921, 58420653, 58422087, 653, 2087
3, 2922, 58440653, 58442087, 653, 2087
3, 2923, 58460653, 58462087, 653, 2087
3, 2924, 58480653, 58482087, 653, 2087
3, 2925, 58500653, 58502809, 653, 2809
3, 2926, 58520653, 58522557, 653, 2557
3, 2927, 58540653, 58542087, 653, 2087
3, 2928, 58560653, 58562809, 653, 2809
3, 2929, 58580653, 58582087, 653, 2087
3, 293, 5860653, 5862087, 653, 2087
3, 2930, 58600653, 58602087, 653, 2087
3, 2931, 58620653, 58622087, 653, 2087
3, 2932, 58640653, 58642087, 653, 2087
3, 2933, 58660653, 58663668, 653, 3668
3, 2934, 58680653, 58682493, 653, 2493
3, 2935, 58700653, 58702087, 653, 2087
3, 2936, 58720653, 58722087, 653, 2087
3, 2937, 58740653, 58742493, 653, 2493
3, 2938, 58760653, 58762087, 653, 2087
3, 2939, 58780653, 58782087, 653, 2087
3, 294, 5880653, 5884643, 653, 4643
3, 2940, 58800653, 58804643, 653, 4643
3, 2941, 58820653, 58822087, 653, 2087
3, 2942, 58840653, 58842087, 653, 2087
3, 2943, 58860653, 58862087, 653, 2087
3, 2944, 58880653, 58882087, 653, 2087
3, 2945, 58900653, 58902087, 653, 2087
3, 2946, 58920653, 58922493, 653, 2493
3, 2947, 58940653, 58942557, 653, 2557
3, 2948, 58960653, 58962087, 653, 2087
3, 2949, 58980653, 58982493, 653, 2493
3, 295, 5900653, 5902087, 653, 2087
3, 2950, 59000653, 59002087, 653, 2087
3, 2951, 59020653, 59022087, 653, 2087
3, 2952, 59040653, 59042493, 653, 2493
3, 2953, 59060653, 59062087, 653, 2087
3, 2954, 59080653, 59083668, 653, 3668
3, 2955, 59100653, 59102809, 653, 2809
3, 2956, 59120653, 59122087, 653, 2087
3, 2957, 59140653, 59142087, 653, 2087
3, 2958, 59160653, 59162493, 653, 2493
3, 2959, 59180653, 59182087, 653, 2087
3, 296, 5920653, 5922087, 653, 2087
3, 2960, 59200653, 59202087, 653, 2087
3, 2961, 59220653, 59223365, 653, 3365
3, 2962, 59240653, 59242087, 653, 2087
3, 2963, 59260653, 59262087, 653, 2087
3, 2964, 59280653, 59282493, 653, 2493
3, 2965, 59300653, 59302087, 653, 2087
3, 2966, 59320653, 59322087, 653, 2087
3, 2967, 59340653, 59342493, 653, 2493
3, 2968, 59360653, 59364067, 653, 4067
3, 2969, 59380653, 59382087, 653, 2087
3, 297, 5940653, 5942087, 653, 2087
3, 2970, 59400653, 59402809, 653, 2809
3, 2971, 59420653, 59422087, 653, 2087
3, 2972, 59440653, 59442557, 653, 2557
3, 2973, 59460653, 59462493, 653, 2493
3, 2974, 59480653, 59482087, 653, 2087
3, 2975, 59500653, 59503668, 653, 3668
3, 2976, 59520653, 59522809, 653, 2809
3, 2977, 59540653, 59542087, 653, 2087
3, 2978, 59560653, 59562087, 653, 2087
3, 2979, 59580653, 59582087, 653, 2087
3, 298, 5960653, 5962087, 653, 2087
3, 2980, 59600653, 59602557, 653, 2557
3, 2981, 59620653, 59622087, 653, 2087
3, 2982, 59640653, 59643365, 653, 3365
3, 2983, 59660653, 59662087, 653, 2087
3, 2984, 59680653, 59683286, 653, 3286
3, 2985, 59700653, 59702809, 653, 2809
3, 2986, 59720653, 59722087, 653, 2087
3, 2987, 59740653, 59742087, 653, 2087
3, 2988, 59760653, 59762809, 653, 2809
3, 2989, 59780653, 59783668, 653, 3668
3, 299, 5980653, 5982087, 653, 2087
3, 2990, 59800653, 59802087, 653, 2087
3, 2991, 59820653, 59822493, 653, 2493
3, 2992, 59840653, 59842087, 653, 2087
3, 2993, 59860653, 59862557, 653, 2557
3, 2994, 59880653, 59882087, 653, 2087
3, 2995, 59900653, 59902087, 653, 2087
3, 2996, 59920653, 59923668, 653, 3668
3, 2997, 59940653, 59942493, 653, 2493
3, 2998, 59960653, 59962087, 653, 2087
3, 2999, 59980653, 59982087, 653, 2087
3, 3, 60653, 62087, 653, 2087
3, 30, 600653, 603206, 653, 3206
3, 300, 6000653, 6002809, 653, 2809
3, 3000, 60000653, 60002809, 653, 2809
3, 3001, 60020653, 60022087, 653, 2087
3, 3002, 60040653, 60042087, 653, 2087
3, 3003, 60060653, 60063365, 653, 3365
3, 3004, 60080653, 60082087, 653, 2087
3, 3005, 60100653, 60102557, 653, 2557
3, 3006, 60120653, 60122493, 653, 2493
3, 3007, 60140653, 60142087, 653, 2087
3, 3008, 60160653, 60162087, 653, 2087
3, 3009, 60180653, 60182493, 653, 2493
3, 301, 6020653, 6022557, 653, 2557
3, 3010, 60200653, 60203668, 653, 3668
3, 3011, 60220653, 60222087, 653, 2087
3, 3012, 60240653, 60242809, 653, 2809
3, 3013, 60260653, 60262087, 653, 2087
3, 3014, 60280653, 60282087, 653, 2087
3, 3015, 60300653, 60302809, 653, 2809
3, 3016, 60320653, 60322087, 653, 2087
3, 3017, 60340653, 60342557, 653, 2557
3, 3018, 60360653, 60362493, 653, 2493
3, 3019, 60380653, 60382087, 653, 2087
3, 302, 6040653, 6042087, 653, 2087
3, 3020, 60400653, 60402087, 653, 2087
3, 3021, 60420653, 60422087, 653, 2087
3, 3022, 60440653, 60442087, 653, 2087
3, 3023, 60460653, 60462087, 653, 2087
3, 3024, 60480653, 60484643, 653, 4643
3, 3025, 60500653, 60502087, 653, 2087
3, 3026, 60520653, 60522087, 653, 2087
3, 3027, 60540653, 60542493, 653, 2493
3, 3028, 60560653, 60562087, 653, 2087
3, 3029, 60580653, 60582087, 653, 2087
3, 303, 6060653, 6062809, 653, 2809
3, 3030, 60600653, 60602493, 653, 2493
3, 3031, 60620653, 60623668, 653, 3668
3, 3032, 60640653, 60642087, 653, 2087
3, 3033, 60660653, 60662493, 653, 2493
3, 3034, 60680653, 60682087, 653, 2087
3, 3035, 60700653, 60702087, 653, 2087
3, 3036, 60720653, 60722493, 653, 2493
3, 3037, 60740653, 60742087, 653, 2087
3, 3038, 60760653, 60762557, 653, 2557
3, 3039, 60780653, 60782493, 653, 2493
3, 304, 6080653, 6082087, 653, 2087
3, 3040, 60800653, 60804088, 653, 4088
3, 3041, 60820653, 60822087, 653, 2087
3, 3042, 60840653, 60842087, 653, 2087
3, 3043, 60860653, 60862087, 653, 2087
3, 3044, 60880653, 60882087, 653, 2087
3, 3045, 60900653, 60905018, 653, 5018
3, 3046, 60920653, 60922087, 653, 2087
3, 3047, 60940653, 60942087, 653, 2087
3, 3048, 60960653, 60962809, 653, 2809
3, 3049, 60980653, 60982087, 653, 2087
3, 305, 6100653, 6102087, 653, 2087
3, 3050, 61000653, 61002087, 653, 2087
3, 3051, 61020653, 61022087, 653, 2087
3, 3052, 61040653, 61045634, 653, 5634
3, 3053, 61060653, 61062087, 653, 2087
3, 3054, 61080653, 61082493, 653, 2493
3, 3055, 61100653, 61102087, 653, 2087
3, 3056, 61120653, 61122087, 653, 2087
3, 3057, 61140653, 61142493, 653, 2493
3, 3058, 61160653, 61162087, 653, 2087
3, 3059, 61180653, 61182557, 653, 2557
3, 306, 6120653, 6122493, 653, 2493
3, 3060, 61200653, 61203360, 653, 3360
3, 3061, 61220653, 61222087, 653, 2087
3, 3062, 61240653, 61242087, 653, 2087
3, 3063, 61260653, 61262087, 653, 2087
3, 3064, 61280653, 61282087, 653, 2087
3, 3065, 61300653, 61302087, 653, 2087
3, 3066, 61320653, 61323365, 653, 3365
3, 3067, 61340653, 61342087, 653, 2087
3, 3068, 61360653, 61362087, 653, 2087
3, 3069, 61380653, 61382493, 653, 2493
3, 307, 6140653, 6142087, 653, 2087
3, 3070, 61400653, 61402087, 653, 2087
3, 3071, 61420653, 61422087, 653, 2087
3, 3072, 61440653, 61442493, 653, 2493
3, 3073, 61460653, 61463668, 653, 3668
3, 3074, 61480653, 61482087, 653, 2087
3, 3075, 61500653, 61502809, 653, 2809
3, 3076, 61520653, 61522087, 653, 2087
3, 3077, 61540653, 61542087, 653, 2087
3, 3078, 61560653, 61562493, 653, 2493
3, 3079, 61580653, 61582087, 653, 2087
3, 308, 6160653, 6163668, 653, 3668
3, 3080, 61600653, 61603668, 653, 3668
3, 3081, 61620653, 61622087, 653, 2087
3, 3082, 61640653, 61642087, 653, 2087
3, 3083, 61660653, 61662087, 653, 2087
3, 3084, 61680653, 61682493, 653, 2493
3, 3085, 61700653, 61702087, 653, 2087
3, 3086, 61720653, 61722087, 653, 2087
3, 3087, 61740653, 61745308, 653, 5308
3, 3088, 61760653, 61762087, 653, 2087
3, 3089, 61780653, 61782087, 653, 2087
3, 309, 6180653, 6182087, 653, 2087
3, 3090, 61800653, 61802809, 653, 2809
3, 3091, 61820653, 61822087, 653, 2087
3, 3092, 61840653, 61842087, 653, 2087
3, 3093, 61860653, 61862087, 653, 2087
3, 3094, 61880653, 61883668, 653, 3668
3, 3095, 61900653, 61902087, 653, 2087
3, 3096, 61920653, 61922809, 653, 2809
3, 3097, 61940653, 61942087, 653, 2087
3, 3098, 61960653, 61962087, 653, 2087
3, 3099, 61980653, 61982493, 653, 2493
3, 31, 620653, 622087, 653, 2087
3, 310, 6200653, 6202087, 653, 2087
3, 3100, 62000653, 62002087, 653, 2087
3, 3101, 62020653, 62022557, 653, 2557
3, 3102, 62040653, 62042087, 653, 2087
3, 3103, 62060653, 62064369, 653, 4369
3, 3104, 62080653, 62082087, 653, 2087
3, 3105, 62100653, 62102493, 653, 2493
3, 3106, 62120653, 62122087, 653, 2087
3, 3107, 62140653, 62142087, 653, 2087
3, 3108, 62160653, 62166609, 653, 6609
3, 3109, 62180653, 62182087, 653, 2087
3, 311, 6220653, 6222087, 653, 2087
3, 3110, 62200653, 62202087, 653, 2087
3, 3111, 62220653, 62222493, 653, 2493
3, 3112, 62240653, 62242955, 653, 2955
3, 3113, 62260653, 62262087, 653, 2087
3, 3114, 62280653, 62282087, 653, 2087
3, 3115, 62300653, 62304530, 653, 4530
3, 3116, 62320653, 62322087, 653, 2087
3, 3117, 62340653, 62342493, 653, 2493
3, 3118, 62360653, 62362087, 653, 2087
3, 3119, 62380653, 62382087, 653, 2087
3, 312, 6240653, 6242493, 653, 2493
3, 3120, 62400653, 62403360, 653, 3360
3, 3121, 62420653, 62422087, 653, 2087
3, 3122, 62440653, 62442557, 653, 2557
3, 3123, 62460653, 62462087, 653, 2087
3, 3124, 62480653, 62482557, 653, 2557
3, 3125, 62500653, 62502087, 653, 2087
3, 3126, 62520653, 62522087, 653, 2087
3, 3127, 62540653, 62542087, 653, 2087
3, 3128, 62560653, 62562087, 653, 2087
3, 3129, 62580653, 62584643, 653, 4643
3, 313, 6260653, 6262087, 653, 2087
3, 3130, 62600653, 62602087, 653, 2087
3, 3131, 62620653, 62622087, 653, 2087
3, 3132, 62640653, 62642493, 653, 2493
3, 3133, 62660653, 62662087, 653, 2087
3, 3134, 62680653, 62682087, 653, 2087
3, 3135, 62700653, 62702493, 653, 2493
3, 3136, 62720653, 62723668, 653, 3668
3, 3137, 62740653, 62742087, 653, 2087
3, 3138, 62760653, 62762809, 653, 2809
3, 3139, 62780653, 62782087, 653, 2087
3, 314, 6280653, 6282087, 653, 2087
3, 3140, 62800653, 62802087, 653, 2087
3, 3141, 62820653, 62822493, 653, 2493
3, 3142, 62840653, 62842087, 653, 2087
3, 3143, 62860653, 62862557, 653, 2557
3, 3144, 62880653, 62882493, 653, 2493
3, 3145, 62900653, 62902557, 653, 2557
3, 3146, 62920653, 62922087, 653, 2087
3, 3147, 62940653, 62942087, 653, 2087
3, 3148, 62960653, 62962087, 653, 2087
3, 3149, 62980653, 62982087, 653, 2087
3, 315, 6300653, 6304643, 653, 4643
3, 3150, 63000653, 63004643, 653, 4643
3, 3151, 63020653, 63022087, 653, 2087
3, 3152, 63040653, 63042087, 653, 2087
3, 3153, 63060653, 63062087, 653, 2087
3, 3154, 63080653, 63082087, 653, 2087
3, 3155, 63100653, 63102087, 653, 2087
3, 3156, 63120653, 63122493, 653, 2493
3, 3157, 63140653, 63142557, 653, 2557
3, 3158, 63160653, 63162087, 653, 2087
3, 3159, 63180653, 63182809, 653, 2809
3, 316, 6320653, 6322087, 653, 2087
3, 3160, 63200653, 63202087, 653, 2087
3, 3161, 63220653, 63222087, 653, 2087
3, 3162, 63240653, 63242493, 653, 2493
3, 3163, 63260653, 63262087, 653, 2087
3, 3164, 63280653, 63283668, 653, 3668
3, 3165, 63300653, 63302493, 653, 2493
3, 3166, 63320653, 63322087, 653, 2087
3, 3167, 63340653, 63342087, 653, 2087
3, 3168, 63360653, 63362659, 653, 2659
3, 3169, 63380653, 63382087, 653, 2087
3, 317, 6340653, 6342087, 653, 2087
3, 3170, 63400653, 63402087, 653, 2087
3, 3171, 63420653, 63424643, 653, 4643
3, 3172, 63440653, 63442087, 653, 2087
3, 3173, 63460653, 63462087, 653, 2087
3, 3174, 63480653, 63482087, 653, 2087
3, 3175, 63500653, 63502087, 653, 2087
3, 3176, 63520653, 63522087, 653, 2087
3, 3177, 63540653, 63542087, 653, 2087
3, 3178, 63560653, 63562557, 653, 2557
3, 3179, 63580653, 63582087, 653, 2087
3, 318, 6360653, 6362087, 653, 2087
3, 3180, 63600653, 63604575, 653, 4575
3, 3181, 63620653, 63622087, 653, 2087
3, 3182, 63640653, 63642087, 653, 2087
3, 3183, 63660653, 63662087, 653, 2087
3, 3184, 63680653, 63682087, 653, 2087
3, 3185, 63700653, 63704530, 653, 4530
3, 3186, 63720653, 63722087, 653, 2087
3, 3187, 63740653, 63742087, 653, 2087
3, 3188, 63760653, 63762087, 653, 2087
3, 3189, 63780653, 63782493, 653, 2493
3, 319, 6380653, 6382087, 653, 2087
3, 3190, 63800653, 63802087, 653, 2087
3, 3191, 63820653, 63822087, 653, 2087
3, 3192, 63840653, 63846609, 653, 6609
3, 3193, 63860653, 63862087, 653, 2087
3, 3194, 63880653, 63882087, 653, 2087
3, 3195, 63900653, 63902493, 653, 2493
3, 3196, 63920653, 63922087, 653, 2087
3, 3197, 63940653, 63942087, 653, 2087
3, 3198, 63960653, 63962087, 653, 2087
3, 3199, 63980653, 63982557, 653, 2557
3, 32, 640653, 642087, 653, 2087
3, 320, 6400653, 6402557, 653, 2557
3, 3200, 64000653, 64002087, 653, 2087
3, 3201, 64020653, 64022809, 653, 2809
3, 3202, 64040653, 64042087, 653, 2087
3, 3203, 64060653, 64062087, 653, 2087
3, 3204, 64080653, 64082493, 653, 2493
3, 3205, 64100653, 64102087, 653, 2087
3, 3206, 64120653, 64123668, 653, 3668
3, 3207, 64140653, 64142087, 653, 2087
3, 3208, 64160653, 64162087, 653, 2087
3, 3209, 64180653, 64182087, 653, 2087
3, 321, 6420653, 6422087, 653, 2087
3, 3210, 64200653, 64202809, 653, 2809
3, 3211, 64220653, 64222087, 653, 2087
3, 3212, 64240653, 64242087, 653, 2087
3, 3213, 64260653, 64264643, 653, 4643
3, 3214, 64280653, 64282087, 653, 2087
3, 3215, 64300653, 64302087, 653, 2087
3, 3216, 64320653, 64322493, 653, 2493
3, 3217, 64340653, 64342087, 653, 2087
3, 3218, 64360653, 64362087, 653, 2087
3, 3219, 64380653, 64382087, 653, 2087
3, 322, 6440653, 6442557, 653, 2557
3, 3220, 64400653, 64403668, 653, 3668
3, 3221, 64420653, 64422087, 653, 2087
3, 3222, 64440653, 64442809, 653, 2809
3, 3223, 64460653, 64462087, 653, 2087
3, 3224, 64480653, 64482087, 653, 2087
3, 3225, 64500653, 64502493, 653, 2493
3, 3226, 64520653, 64522087, 653, 2087
3, 3227, 64540653, 64543668, 653, 3668
3, 3228, 64560653, 64562493, 653, 2493
3, 3229, 64580653, 64582087, 653, 2087
3, 323, 6460653, 6462087, 653, 2087
3, 3230, 64600653, 64602087, 653, 2087
3, 3231, 64620653, 64622790, 653, 2790
3, 3232, 64640653, 64642087, 653, 2087
3, 3233, 64660653, 64662087, 653, 2087
3, 3234, 64680653, 64683365, 653, 3365
3, 3235, 64700653, 64702087, 653, 2087
3, 3236, 64720653, 64722087, 653, 2087
3, 3237, 64740653, 64742087, 653, 2087
3, 3238, 64760653, 64762087, 653, 2087
3, 3239, 64780653, 64782087, 653, 2087
3, 324, 6480653, 6483214, 653, 3214
3, 3240, 64800653, 64803360, 653, 3360
3, 3241, 64820653, 64822557, 653, 2557
3, 3242, 64840653, 64842087, 653, 2087
3, 3243, 64860653, 64862809, 653, 2809
3, 3244, 64880653, 64882087, 653, 2087
3, 3245, 64900653, 64902087, 653, 2087
3, 3246, 64920653, 64922087, 653, 2087
3, 3247, 64940653, 64942087, 653, 2087
3, 3248, 64960653, 64965634, 653, 5634
3, 3249, 64980653, 64982087, 653, 2087
3, 325, 6500653, 6502087, 653, 2087
3, 3250, 65000653, 65002087, 653, 2087
3, 3251, 65020653, 65022087, 653, 2087
3, 3252, 65040653, 65042809, 653, 2809
3, 3253, 65060653, 65062087, 653, 2087
3, 3254, 65080653, 65082087, 653, 2087
3, 3255, 65100653, 65105018, 653, 5018
3, 3256, 65120653, 65122087, 653, 2087
3, 3257, 65140653, 65142087, 653, 2087
3, 3258, 65160653, 65162087, 653, 2087
3, 3259, 65180653, 65182087, 653, 2087
3, 326, 6520653, 6522087, 653, 2087
3, 3260, 65200653, 65202557, 653, 2557
3, 3261, 65220653, 65222493, 653, 2493
3, 3262, 65240653, 65242557, 653, 2557
3, 3263, 65260653, 65262087, 653, 2087
3, 3264, 65280653, 65283214, 653, 3214
3, 3265, 65300653, 65302087, 653, 2087
3, 3266, 65320653, 65322087, 653, 2087
3, 3267, 65340653, 65342087, 653, 2087
3, 3268, 65360653, 65362087, 653, 2087
3, 3269, 65380653, 65383668, 653, 3668
3, 327, 6540653, 6542087, 653, 2087
3, 3270, 65400653, 65402809, 653, 2809
3, 3271, 65420653, 65422087, 653, 2087
3, 3272, 65440653, 65442087, 653, 2087
3, 3273, 65460653, 65462493, 653, 2493
3, 3274, 65480653, 65482087, 653, 2087
3, 3275, 65500653, 65502087, 653, 2087
3, 3276, 65520653, 65524643, 653, 4643
3, 3277, 65540653, 65542087, 653, 2087
3, 3278, 65560653, 65562087, 653, 2087
3, 3279, 65580653, 65582087, 653, 2087
3, 328, 6560653, 6562087, 653, 2087
3, 3280, 65600653, 65602087, 653, 2087
3, 3281, 65620653, 65622087, 653, 2087
3, 3282, 65640653, 65642493, 653, 2493
3, 3283, 65660653, 65662557, 653, 2557
3, 3284, 65680653, 65682087, 653, 2087
3, 3285, 65700653, 65702809, 653, 2809
3, 3286, 65720653, 65722087, 653, 2087
3, 3287, 65740653, 65742087, 653, 2087
3, 3288, 65760653, 65762493, 653, 2493
3, 3289, 65780653, 65782087, 653, 2087
3, 329, 6580653, 6583668, 653, 3668
3, 3290, 65800653, 65803668, 653, 3668
3, 3291, 65820653, 65822493, 653, 2493
3, 3292, 65840653, 65842087, 653, 2087
3, 3293, 65860653, 65862087, 653, 2087
3, 3294, 65880653, 65882493, 653, 2493
3, 3295, 65900653, 65902087, 653, 2087
3, 3296, 65920653, 65922087, 653, 2087
3, 3297, 65940653, 65943365, 653, 3365
3, 3298, 65960653, 65962087, 653, 2087
3, 3299, 65980653, 65982087, 653, 2087
3, 33, 660653, 662087, 653, 2087
3, 330, 6600653, 6602493, 653, 2493
3, 3300, 66000653, 66002809, 653, 2809
3, 3301, 66020653, 66022087, 653, 2087
3, 3302, 66040653, 66042087, 653, 2087
3, 3303, 66060653, 66062493, 653, 2493
3, 3304, 66080653, 66083668, 653, 3668
3, 3305, 66100653, 66102087, 653, 2087
3, 3306, 66120653, 66122493, 653, 2493
3, 3307, 66140653, 66142087, 653, 2087
3, 3308, 66160653, 66162087, 653, 2087
3, 3309, 66180653, 66182087, 653, 2087
3, 331, 6620653, 6622087, 653, 2087
3, 3310, 66200653, 66202087, 653, 2087
3, 3311, 66220653, 66223668, 653, 3668
3, 3312, 66240653, 66242809, 653, 2809
3, 3313, 66260653, 66262087, 653, 2087
3, 3314, 66280653, 66282087, 653, 2087
3, 3315, 66300653, 66302809, 653, 2809
3, 3316, 66320653, 66322087, 653, 2087
3, 3317, 66340653, 66342087, 653, 2087
3, 3318, 66360653, 66363365, 653, 3365
3, 3319, 66380653, 66382087, 653, 2087
3, 332, 6640653, 6642087, 653, 2087
3, 3320, 66400653, 66404088, 653, 4088
3, 3321, 66420653, 66422493, 653, 2493
3, 3322, 66440653, 66442087, 653, 2087
3, 3323, 66460653, 66462087, 653, 2087
3, 3324, 66480653, 66482809, 653, 2809
3, 3325, 66500653, 66503668, 653, 3668
3, 3326, 66520653, 66522087, 653, 2087
3, 3327, 66540653, 66542493, 653, 2493
3, 3328, 66560653, 66562087, 653, 2087
3, 3329, 66580653, 66582087, 653, 2087
3, 333, 6660653, 6662493, 653, 2493
3, 3330, 66600653, 66602493, 653, 2493
3, 3331, 66620653, 66622087, 653, 2087
3, 3332, 66640653, 66645634, 653, 5634
3, 3333, 66660653, 66662493, 653, 2493
3, 3334, 66680653, 66682087, 653, 2087
3, 3335, 66700653, 66702087, 653, 2087
3, 3336, 66720653, 66722493, 653, 2493
3, 3337, 66740653, 66742087, 653, 2087
3, 3338, 66760653, 66762087, 653, 2087
3, 3339, 66780653, 66783365, 653, 3365
3, 334, 6680653, 6682087, 653, 2087
3, 3340, 66800653, 66802087, 653, 2087
3, 3341, 66820653, 66822087, 653, 2087
3, 3342, 66840653, 66842493, 653, 2493
3, 3343, 66860653, 66862087, 653, 2087
3, 3344, 66880653, 66882087, 653, 2087
3, 3345, 66900653, 66902809, 653, 2809
3, 3346, 66920653, 66923668, 653, 3668
3, 3347, 66940653, 66942087, 653, 2087
3, 3348, 66960653, 66962809, 653, 2809
3, 3349, 66980653, 66982087, 653, 2087
3, 335, 6700653, 6702087, 653, 2087
3, 3350, 67000653, 67002087, 653, 2087
3, 3351, 67020653, 67022087, 653, 2087
3, 3352, 67040653, 67042087, 653, 2087
3, 3353, 67060653, 67062557, 653, 2557
3, 3354, 67080653, 67082493, 653, 2493
3, 3355, 67100653, 67102087, 653, 2087
3, 3356, 67120653, 67122087, 653, 2087
3, 3357, 67140653, 67142087, 653, 2087
3, 3358, 67160653, 67162087, 653, 2087
3, 3359, 67180653, 67182087, 653, 2087
3, 336, 6720653, 6726609, 653, 6609
3, 3360, 67200653, 67204643, 653, 4643
3, 3361, 67220653, 67222087, 653, 2087
3, 3362, 67240653, 67242087, 653, 2087
3, 3363, 67260653, 67262493, 653, 2493
3, 3364, 67280653, 67282087, 653, 2087
3, 3365, 67300653, 67302087, 653, 2087
3, 3366, 67320653, 67322493, 653, 2493
3, 3367, 67340653, 67343668, 653, 3668
3, 3368, 67360653, 67362087, 653, 2087
3, 3369, 67380653, 67382493, 653, 2493
3, 337, 6740653, 6742087, 653, 2087
3, 3370, 67400653, 67402087, 653, 2087
3, 3371, 67420653, 67422087, 653, 2087
3, 3372, 67440653, 67442809, 653, 2809
3, 3373, 67460653, 67462087, 653, 2087
3, 3374, 67480653, 67482557, 653, 2557
3, 3375, 67500653, 67502809, 653, 2809
3, 3376, 67520653, 67522557, 653, 2557
3, 3377, 67540653, 67542087, 653, 2087
3, 3378, 67560653, 67562087, 653, 2087
3, 3379, 67580653, 67582087, 653, 2087
3, 338, 6760653, 6762087, 653, 2087
3, 3380, 67600653, 67602557, 653, 2557
3, 3381, 67620653, 67623365, 653, 3365
3, 3382, 67640653, 67642087, 653, 2087
3, 3383, 67660653, 67662087, 653, 2087
3, 3384, 67680653, 67682809, 653, 2809
3, 3385, 67700653, 67702087, 653, 2087
3, 3386, 67720653, 67722087, 653, 2087
3, 3387, 67740653, 67742087, 653, 2087
3, 3388, 67760653, 67765634, 653, 5634
3, 3389, 67780653, 67782087, 653, 2087
3, 339, 6780653, 6782087, 653, 2087
3, 3390, 67800653, 67802809, 653, 2809
3, 3391, 67820653, 67822087, 653, 2087
3, 3392, 67840653, 67842087, 653, 2087
3, 3393, 67860653, 67862493, 653, 2493
3, 3394, 67880653, 67882087, 653, 2087
3, 3395, 67900653, 67904530, 653, 4530
3, 3396, 67920653, 67922809, 653, 2809
3, 3397, 67940653, 67942087, 653, 2087
3, 3398, 67960653, 67962087, 653, 2087
3, 3399, 67980653, 67982087, 653, 2087
3, 34, 680653, 682087, 653, 2087
3, 340, 6800653, 6802557, 653, 2557
3, 3400, 68000653, 68002557, 653, 2557
3, 3401, 68020653, 68022087, 653, 2087
3, 3402, 68040653, 68043365, 653, 3365
3, 3403, 68060653, 68062087, 653, 2087
3, 3404, 68080653, 68082087, 653, 2087
3, 3405, 68100653, 68102809, 653, 2809
3, 3406, 68120653, 68122087, 653, 2087
3, 3407, 68140653, 68142087, 653, 2087
3, 3408, 68160653, 68162493, 653, 2493
3, 3409, 68180653, 68183668, 653, 3668
3, 341, 6820653, 6822087, 653, 2087
3, 3410, 68200653, 68202087, 653, 2087
3, 3411, 68220653, 68222493, 653, 2493
3, 3412, 68240653, 68242087, 653, 2087
3, 3413, 68260653, 68262087, 653, 2087
3, 3414, 68280653, 68282493, 653, 2493
3, 3415, 68300653, 68302087, 653, 2087
3, 3416, 68320653, 68323668, 653, 3668
3, 3417, 68340653, 68342493, 653, 2493
3, 3418, 68360653, 68362087, 653, 2087
3, 3419, 68380653, 68382087, 653, 2087
3, 342, 6840653, 6842087, 653, 2087
3, 3420, 68400653, 68402809, 653, 2809
3, 3421, 68420653, 68422087, 653, 2087
3, 3422, 68440653, 68442087, 653, 2087
3, 3423, 68460653, 68463365, 653, 3365
3, 3424, 68480653, 68482087, 653, 2087
3, 3425, 68500653, 68502087, 653, 2087
3, 3426, 68520653, 68522493, 653, 2493
3, 3427, 68540653, 68542087, 653, 2087
3, 3428, 68560653, 68562087, 653, 2087
3, 3429, 68580653, 68582087, 653, 2087
3, 343, 6860653, 6862557, 653, 2557
3, 3430, 68600653, 68603668, 653, 3668
3, 3431, 68620653, 68622087, 653, 2087
3, 3432, 68640653, 68642809, 653, 2809
3, 3433, 68660653, 68662087, 653, 2087
3, 3434, 68680653, 68682087, 653, 2087
3, 3435, 68700653, 68702809, 653, 2809
3, 3436, 68720653, 68722087, 653, 2087
3, 3437, 68740653, 68742557, 653, 2557
3, 3438, 68760653, 68762087, 653, 2087
3, 3439, 68780653, 68782557, 653, 2557
3, 344, 6880653, 6882087, 653, 2087
3, 3440, 68800653, 68802087, 653, 2087
3, 3441, 68820653, 68822087, 653, 2087
3, 3442, 68840653, 68842087, 653, 2087
3, 3443, 68860653, 68862087, 653, 2087
3, 3444, 68880653, 68884650, 653, 4650
3, 3445, 68900653, 68902087, 653, 2087
3, 3446, 68920653, 68922087, 653, 2087
3, 3447, 68940653, 68942493, 653, 2493
3, 3448, 68960653, 68962087, 653, 2087
3, 3449, 68980653, 68982087, 653, 2087
3, 345, 6900653, 6903206, 653, 3206
3, 3450, 69000653, 69002493, 653, 2493
3, 3451, 69020653, 69023668, 653, 3668
3, 3452, 69040653, 69042087, 653, 2087
3, 3453, 69060653, 69062493, 653, 2493
3, 3454, 69080653, 69082087, 653, 2087
3, 3455, 69100653, 69102087, 653, 2087
3, 3456, 69120653, 69122809, 653, 2809
3, 3457, 69140653, 69142087, 653, 2087
3, 3458, 69160653, 69162557, 653, 2557
3, 3459, 69180653, 69182087, 653, 2087
3, 346, 6920653, 6922087, 653, 2087
3, 3460, 69200653, 69205828, 653, 5828
3, 3461, 69220653, 69222087, 653, 2087
3, 3462, 69240653, 69242087, 653, 2087
3, 3463, 69260653, 69262087, 653, 2087
3, 3464, 69280653, 69282087, 653, 2087
3, 3465, 69300653, 69304643, 653, 4643
3, 3466, 69320653, 69322087, 653, 2087
3, 3467, 69340653, 69342087, 653, 2087
3, 3468, 69360653, 69362809, 653, 2809
3, 3469, 69380653, 69382557, 653, 2557
3, 347, 6940653, 6942087, 653, 2087
3, 3470, 69400653, 69402087, 653, 2087
3, 3471, 69420653, 69422087, 653, 2087
3, 3472, 69440653, 69443668, 653, 3668
3, 3473, 69460653, 69462087, 653, 2087
3, 3474, 69480653, 69482493, 653, 2493
3, 3475, 69500653, 69502087, 653, 2087
3, 3476, 69520653, 69522087, 653, 2087
3, 3477, 69540653, 69542493, 653, 2493
3, 3478, 69560653, 69562087, 653, 2087
3, 3479, 69580653, 69582557, 653, 2557
3, 348, 6960653, 6962493, 653, 2493
3, 3480, 69600653, 69602809, 653, 2809
3, 3481, 69620653, 69622087, 653, 2087
3, 3482, 69640653, 69642087, 653, 2087
3, 3483, 69660653, 69662087, 653, 2087
3, 3484, 69680653, 69682087, 653, 2087
3, 3485, 69700653, 69702087, 653, 2087
3, 3486, 69720653, 69724643, 653, 4643
3, 3487, 69740653, 69742087, 653, 2087
3, 3488, 69760653, 69762087, 653, 2087
3, 3489, 69780653, 69782087, 653, 2087
3, 349, 6980653, 6982087, 653, 2087
3, 3490, 69800653, 69805046, 653, 5046
3, 3491, 69820653, 69822087, 653, 2087
3, 3492, 69840653, 69842493, 653, 2493
3, 3493, 69860653, 69862557, 653, 2557
3, 3494, 69880653, 69882087, 653, 2087
3, 3495, 69900653, 69903206, 653, 3206
3, 3496, 69920653, 69922087, 653, 2087
3, 3497, 69940653, 69942087, 653, 2087
3, 3498, 69960653, 69962493, 653, 2493
3, 3499, 69980653, 69982087, 653, 2087
3, 35, 700653, 703668, 653, 3668
3, 350, 7000653, 7003668, 653, 3668
3, 3500, 70000653, 70003668, 653, 3668
3, 3501, 70020653, 70022087, 653, 2087
3, 3502, 70040653, 70042087, 653, 2087
3, 3503, 70060653, 70062087, 653, 2087
3, 3504, 70080653, 70082493, 653, 2493
3, 3505, 70100653, 70102087, 653, 2087
3, 3506, 70120653, 70122087, 653, 2087
3, 3507, 70140653, 70144643, 653, 4643
3, 3508, 70160653, 70162087, 653, 2087
3, 3509, 70180653, 70182087, 653, 2087
3, 351, 7020653, 7022087, 653, 2087
3, 3510, 70200653, 70202493, 653, 2493
3, 3511, 70220653, 70222087, 653, 2087
3, 3512, 70240653, 70242087, 653, 2087
3, 3513, 70260653, 70262087, 653, 2087
3, 3514, 70280653, 70282557, 653, 2557
3, 3515, 70300653, 70302087, 653, 2087
3, 3516, 70320653, 70323214, 653, 3214
3, 3517, 70340653, 70342087, 653, 2087
3, 3518, 70360653, 70362087, 653, 2087
3, 3519, 70380653, 70382493, 653, 2493
3, 352, 7040653, 7042087, 653, 2087
3, 3520, 70400653, 70402557, 653, 2557
3, 3521, 70420653, 70422557, 653, 2557
3, 3522, 70440653, 70442087, 653, 2087
3, 3523, 70460653, 70462087, 653, 2087
3, 3524, 70480653, 70482087, 653, 2087
3, 3525, 70500653, 70502809, 653, 2809
3, 3526, 70520653, 70522087, 653, 2087
3, 3527, 70540653, 70542087, 653, 2087
3, 3528, 70560653, 70566609, 653, 6609
3, 3529, 70580653, 70582087, 653, 2087
3, 353, 7060653, 7062087, 653, 2087
3, 3530, 70600653, 70602087, 653, 2087
3, 3531, 70620653, 70622087, 653, 2087
3, 3532, 70640653, 70642087, 653, 2087
3, 3533, 70660653, 70662087, 653, 2087
3, 3534, 70680653, 70682087, 653, 2087
3, 3535, 70700653, 70704530, 653, 4530
3, 3536, 70720653, 70722087, 653, 2087
3, 3537, 70740653, 70742809, 653, 2809
3, 3538, 70760653, 70762087, 653, 2087
3, 3539, 70780653, 70782087, 653, 2087
3, 354, 7080653, 7082493, 653, 2493
3, 3540, 70800653, 70802809, 653, 2809
3, 3541, 70820653, 70822087, 653, 2087
3, 3542, 70840653, 70842557, 653, 2557
3, 3543, 70860653, 70862087, 653, 2087
3, 3544, 70880653, 70882087, 653, 2087
3, 3545, 70900653, 70902087, 653, 2087
3, 3546, 70920653, 70922493, 653, 2493
3, 3547, 70940653, 70942087, 653, 2087
3, 3548, 70960653, 70962087, 653, 2087
3, 3549, 70980653, 70984643, 653, 4643
3, 355, 7100653, 7102087, 653, 2087
3, 3550, 71000653, 71002087, 653, 2087
3, 3551, 71020653, 71022087, 653, 2087
3, 3552, 71040653, 71042493, 653, 2493
3, 3553, 71060653, 71062087, 653, 2087
3, 3554, 71080653, 71082087, 653, 2087
3, 3555, 71100653, 71102493, 653, 2493
3, 3556, 71120653, 71123668, 653, 3668
3, 3557, 71140653, 71142087, 653, 2087
3, 3558, 71160653, 71162809, 653, 2809
3, 3559, 71180653, 71182087, 653, 2087
3, 356, 7120653, 7122087, 653, 2087
3, 3560, 71200653, 71202087, 653, 2087
3, 3561, 71220653, 71222087, 653, 2087
3, 3562, 71240653, 71242087, 653, 2087
3, 3563, 71260653, 71263668, 653, 3668
3, 3564, 71280653, 71282493, 653, 2493
3, 3565, 71300653, 71302087, 653, 2087
3, 3566, 71320653, 71322087, 653, 2087
3, 3567, 71340653, 71342493, 653, 2493
3, 3568, 71360653, 71362087, 653, 2087
3, 3569, 71380653, 71382087, 653, 2087
3, 357, 7140653, 7144643, 653, 4643
3, 3570, 71400653, 71404643, 653, 4643
3, 3571, 71420653, 71422087, 653, 2087
3, 3572, 71440653, 71442087, 653, 2087
3, 3573, 71460653, 71462087, 653, 2087
3, 3574, 71480653, 71482087, 653, 2087
3, 3575, 71500653, 71502087, 653, 2087
3, 3576, 71520653, 71522493, 653, 2493
3, 3577, 71540653, 71542557, 653, 2557
3, 3578, 71560653, 71562087, 653, 2087
3, 3579, 71580653, 71583814, 653, 3814
3, 358, 7160653, 7162087, 653, 2087
3, 3580, 71600653, 71602557, 653, 2557
3, 3581, 71620653, 71622087, 653, 2087
3, 3582, 71640653, 71642087, 653, 2087
3, 3583, 71660653, 71662087, 653, 2087
3, 3584, 71680653, 71685634, 653, 5634
3, 3585, 71700653, 71702493, 653, 2493
3, 3586, 71720653, 71722087, 653, 2087
3, 3587, 71740653, 71742087, 653, 2087
3, 3588, 71760653, 71763217, 653, 3217
3, 3589, 71780653, 71782087, 653, 2087
3, 359, 7180653, 7182087, 653, 2087
3, 3590, 71800653, 71802087, 653, 2087
3, 3591, 71820653, 71823365, 653, 3365
3, 3592, 71840653, 71842087, 653, 2087
3, 3593, 71860653, 71862087, 653, 2087
3, 3594, 71880653, 71882087, 653, 2087
3, 3595, 71900653, 71902087, 653, 2087
3, 3596, 71920653, 71922087, 653, 2087
3, 3597, 71940653, 71942493, 653, 2493
3, 3598, 71960653, 71962557, 653, 2557
3, 3599, 71980653, 71982087, 653, 2087
3, 36, 720653, 722493, 653, 2493
3, 360, 7200653, 7202809, 653, 2809
3, 3600, 72000653, 72004575, 653, 4575
3, 3601, 72020653, 72022087, 653, 2087
3, 3602, 72040653, 72042087, 653, 2087
3, 3603, 72060653, 72062087, 653, 2087
3, 3604, 72080653, 72082087, 653, 2087
3, 3605, 72100653, 72103668, 653, 3668
3, 3606, 72120653, 72122087, 653, 2087
3, 3607, 72140653, 72142087, 653, 2087
3, 3608, 72160653, 72162087, 653, 2087
3, 3609, 72180653, 72182493, 653, 2493
3, 361, 7220653, 7222087, 653, 2087
3, 3610, 72200653, 72202087, 653, 2087
3, 3611, 72220653, 72222087, 653, 2087
3, 3612, 72240653, 72244643, 653, 4643
3, 3613, 72260653, 72262087, 653, 2087
3, 3614, 72280653, 72282087, 653, 2087
3, 3615, 72300653, 72302493, 653, 2493
3, 3616, 72320653, 72322087, 653, 2087
3, 3617, 72340653, 72342087, 653, 2087
3, 3618, 72360653, 72362493, 653, 2493
3, 3619, 72380653, 72382557, 653, 2557
3, 362, 7240653, 7242087, 653, 2087
3, 3620, 72400653, 72402087, 653, 2087
3, 3621, 72420653, 72422809, 653, 2809
3, 3622, 72440653, 72442087, 653, 2087
3, 3623, 72460653, 72462087, 653, 2087
3, 3624, 72480653, 72482493, 653, 2493
3, 3625, 72500653, 72502087, 653, 2087
3, 3626, 72520653, 72523668, 653, 3668
3, 3627, 72540653, 72542087, 653, 2087
3, 3628, 72560653, 72562087, 653, 2087
3, 3629, 72580653, 72582087, 653, 2087
3, 363, 7260653, 7262391, 653, 2391
3, 3630, 72600653, 72602809, 653, 2809
3, 3631, 72620653, 72622087, 653, 2087
3, 3632, 72640653, 72642087, 653, 2087
3, 3633, 72660653, 72663365, 653, 3365
3, 3634, 72680653, 72682087, 653, 2087
3, 3635, 72700653, 72702557, 653, 2557
3, 3636, 72720653, 72722493, 653, 2493
3, 3637, 72740653, 72742087, 653, 2087
3, 3638, 72760653, 72762087, 653, 2087
3, 3639, 72780653, 72782493, 653, 2493
3, 364, 7280653, 7283668, 653, 3668
3, 3640, 72800653, 72803668, 653, 3668
3, 3641, 72820653, 72822087, 653, 2087
3, 3642, 72840653, 72842493, 653, 2493
3, 3643, 72860653, 72862087, 653, 2087
3, 3644, 72880653, 72882087, 653, 2087
3, 3645, 72900653, 72902493, 653, 2493
3, 3646, 72920653, 72922087, 653, 2087
3, 3647, 72940653, 72943668, 653, 3668
3, 3648, 72960653, 72962809, 653, 2809
3, 3649, 72980653, 72982087, 653, 2087
3, 365, 7300653, 7302087, 653, 2087
3, 3650, 73000653, 73002087, 653, 2087
3, 3651, 73020653, 73022493, 653, 2493
3, 3652, 73040653, 73042087, 653, 2087
3, 3653, 73060653, 73062087, 653, 2087
3, 3654, 73080653, 73083365, 653, 3365
3, 3655, 73100653, 73102087, 653, 2087
3, 3656, 73120653, 73122557, 653, 2557
3, 3657, 73140653, 73142087, 653, 2087
3, 3658, 73160653, 73162087, 653, 2087
3, 3659, 73180653, 73182087, 653, 2087
3, 366, 7320653, 7322809, 653, 2809
3, 3660, 73200653, 73203360, 653, 3360
3, 3661, 73220653, 73222557, 653, 2557
3, 3662, 73240653, 73242087, 653, 2087
3, 3663, 73260653, 73262493, 653, 2493
3, 3664, 73280653, 73282557, 653, 2557
3, 3665, 73300653, 73302087, 653, 2087
3, 3666, 73320653, 73322087, 653, 2087
3, 3667, 73340653, 73342087, 653, 2087
3, 3668, 73360653, 73365634, 653, 5634
3, 3669, 73380653, 73382493, 653, 2493
3, 367, 7340653, 7342087, 653, 2087
3, 3670, 73400653, 73402087, 653, 2087
3, 3671, 73420653, 73422087, 653, 2087
3, 3672, 73440653, 73442809, 653, 2809
3, 3673, 73460653, 73462087, 653, 2087
3, 3674, 73480653, 73482087, 653, 2087
3, 3675, 73500653, 73505018, 653, 5018
3, 3676, 73520653, 73522087, 653, 2087
3, 3677, 73540653, 73542087, 653, 2087
3, 3678, 73560653, 73562478, 653, 2478
3, 3679, 73580653, 73582087, 653, 2087
3, 368, 7360653, 7362087, 653, 2087
3, 3680, 73600653, 73602087, 653, 2087
3, 3681, 73620653, 73622493, 653, 2493
3, 3682, 73640653, 73644743, 653, 4743
3, 3683, 73660653, 73662087, 653, 2087
3, 3684, 73680653, 73682809, 653, 2809
3, 3685, 73700653, 73702087, 653, 2087
3, 3686, 73720653, 73722087, 653, 2087
3, 3687, 73740653, 73742087, 653, 2087
3, 3688, 73760653, 73762087, 653, 2087
3, 3689, 73780653, 73783668, 653, 3668
3, 369, 7380653, 7382087, 653, 2087
3, 3690, 73800653, 73802809, 653, 2809
3, 3691, 73820653, 73822087, 653, 2087
3, 3692, 73840653, 73842087, 653, 2087
3, 3693, 73860653, 73862087, 653, 2087
3, 3694, 73880653, 73882087, 653, 2087
3, 3695, 73900653, 73902087, 653, 2087
3, 3696, 73920653, 73924643, 653, 4643
3, 3697, 73940653, 73942087, 653, 2087
3, 3698, 73960653, 73962087, 653, 2087
3, 3699, 73980653, 73982493, 653, 2493
3, 37, 740653, 742087, 653, 2087
3, 370, 7400653, 7402087, 653, 2087
3, 3700, 74000653, 74002087, 653, 2087
3, 3701, 74020653, 74022087, 653, 2087
3, 3702, 74040653, 74042493, 653, 2493
3, 3703, 74060653, 74063668, 653, 3668
3, 3704, 74080653, 74082087, 653, 2087
3, 3705, 74100653, 74102809, 653, 2809
3, 3706, 74120653, 74122087, 653, 2087
3, 3707, 74140653, 74142087, 653, 2087
3, 3708, 74160653, 74162493, 653, 2493
3, 3709, 74180653, 74182087, 653, 2087
3, 371, 7420653, 7423668, 653, 3668
3, 3710, 74200653, 74204530, 653, 4530
3, 3711, 74220653, 74222493, 653, 2493
3, 3712, 74240653, 74242087, 653, 2087
3, 3713, 74260653, 74262087, 653, 2087
3, 3714, 74280653, 74282087, 653, 2087
3, 3715, 74300653, 74302087, 653, 2087
3, 3716, 74320653, 74322087, 653, 2087
3, 3717, 74340653, 74343365, 653, 3365
3, 3718, 74360653, 74362087, 653, 2087
3, 3719, 74380653, 74382087, 653, 2087
3, 372, 7440653, 7442493, 653, 2493
3, 3720, 74400653, 74403360, 653, 3360
3, 3721, 74420653, 74422087, 653, 2087
3, 3722, 74440653, 74442087, 653, 2087
3, 3723, 74460653, 74462493, 653, 2493
3, 3724, 74480653, 74485634, 653, 5634
3, 3725, 74500653, 74502087, 653, 2087
3, 3726, 74520653, 74522493, 653, 2493
3, 3727, 74540653, 74542087, 653, 2087
3, 3728, 74560653, 74562538, 653, 2538
3, 3729, 74580653, 74582493, 653, 2493
3, 373, 7460653, 7462087, 653, 2087
3, 3730, 74600653, 74602087, 653, 2087
3, 3731, 74620653, 74622557, 653, 2557
3, 3732, 74640653, 74642809, 653, 2809
3, 3733, 74660653, 74662087, 653, 2087
3, 3734, 74680653, 74682087, 653, 2087
3, 3735, 74700653, 74702493, 653, 2493
3, 3736, 74720653, 74722087, 653, 2087
3, 3737, 74740653, 74742087, 653, 2087
3, 3738, 74760653, 74763365, 653, 3365
3, 3739, 74780653, 74782087, 653, 2087
3, 374, 7480653, 7482087, 653, 2087
3, 3740, 74800653, 74804088, 653, 4088
3, 3741, 74820653, 74822493, 653, 2493
3, 3742, 74840653, 74842087, 653, 2087
3, 3743, 74860653, 74862087, 653, 2087
3, 3744, 74880653, 74882493, 653, 2493
3, 3745, 74900653, 74903668, 653, 3668
3, 3746, 74920653, 74922087, 653, 2087
3, 3747, 74940653, 74942493, 653, 2493
3, 3748, 74960653, 74962087, 653, 2087
3, 3749, 74980653, 74982087, 653, 2087
3, 375, 7500653, 7503217, 653, 3217
3, 3750, 75000653, 75002809, 653, 2809
3, 3751, 75020653, 75022087, 653, 2087
3, 3752, 75040653, 75043668, 653, 3668
3, 3753, 75060653, 75062493, 653, 2493
3, 3754, 75080653, 75082087, 653, 2087
3, 3755, 75100653, 75102087, 653, 2087
3, 3756, 75120653, 75122493, 653, 2493
3, 3757, 75140653, 75142087, 653, 2087
3, 3758, 75160653, 75162087, 653, 2087
3, 3759, 75180653, 75183365, 653, 3365
3, 376, 7520653, 7522087, 653, 2087
3, 3760, 75200653, 75202087, 653, 2087
3, 3761, 75220653, 75222087, 653, 2087
3, 3762, 75240653, 75242493, 653, 2493
3, 3763, 75260653, 75262087, 653, 2087
3, 3764, 75280653, 75282087, 653, 2087
3, 3765, 75300653, 75302493, 653, 2493
3, 3766, 75320653, 75323668, 653, 3668
3, 3767, 75340653, 75342087, 653, 2087
3, 3768, 75360653, 75362809, 653, 2809
3, 3769, 75380653, 75382087, 653, 2087
3, 377, 7540653, 7542087, 653, 2087
3, 3770, 75400653, 75402087, 653, 2087
3, 3771, 75420653, 75422493, 653, 2493
3, 3772, 75440653, 75442087, 653, 2087
3, 3773, 75460653, 75462557, 653, 2557
3, 3774, 75480653, 75482493, 653, 2493
3, 3775, 75500653, 75502557, 653, 2557
3, 3776, 75520653, 75522087, 653, 2087
3, 3777, 75540653, 75542087, 653, 2087
3, 3778, 75560653, 75562087, 653, 2087
3, 3779, 75580653, 75582087, 653, 2087
3, 378, 7560653, 7563365, 653, 3365
3, 3780, 75600653, 75604643, 653, 4643
3, 3781, 75620653, 75622087, 653, 2087
3, 3782, 75640653, 75642087, 653, 2087
3, 3783, 75660653, 75662493, 653, 2493
3, 3784, 75680653, 75682087, 653, 2087
3, 3785, 75700653, 75702087, 653, 2087
3, 3786, 75720653, 75722087, 653, 2087
3, 3787, 75740653, 75743668, 653, 3668
3, 3788, 75760653, 75762087, 653, 2087
3, 3789, 75780653, 75782493, 653, 2493
3, 379, 7580653, 7582087, 653, 2087
3, 3790, 75800653, 75802087, 653, 2087
3, 3791, 75820653, 75822087, 653, 2087
3, 3792, 75840653, 75842809, 653, 2809
3, 3793, 75860653, 75862087, 653, 2087
3, 3794, 75880653, 75882557, 653, 2557
3, 3795, 75900653, 75902493, 653, 2493
3, 3796, 75920653, 75922557, 653, 2557
3, 3797, 75940653, 75942087, 653, 2087
3, 3798, 75960653, 75962087, 653, 2087
3, 3799, 75980653, 75982087, 653, 2087
3, 38, 760653, 762087, 653, 2087
3, 380, 7600653, 7602557, 653, 2557
3, 3800, 76000653, 76002557, 653, 2557
3, 3801, 76020653, 76024643, 653, 4643
3, 3802, 76040653, 76042087, 653, 2087
3, 3803, 76060653, 76062087, 653, 2087
3, 3804, 76080653, 76082809, 653, 2809
3, 3805, 76100653, 76102780, 653, 2780
3, 3806, 76120653, 76122087, 653, 2087
3, 3807, 76140653, 76142087, 653, 2087
3, 3808, 76160653, 76165634, 653, 5634
3, 3809, 76180653, 76182087, 653, 2087
3, 381, 7620653, 7622087, 653, 2087
3, 3810, 76200653, 76202809, 653, 2809
3, 3811, 76220653, 76222087, 653, 2087
3, 3812, 76240653, 76242087, 653, 2087
3, 3813, 76260653, 76262493, 653, 2493
3, 3814, 76280653, 76282087, 653, 2087
3, 3815, 76300653, 76304530, 653, 4530
3, 3816, 76320653, 76322493, 653, 2493
3, 3817, 76340653, 76344369, 653, 4369
3, 3818, 76360653, 76362087, 653, 2087
3, 3819, 76380653, 76382087, 653, 2087
3, 382, 7640653, 7642087, 653, 2087
3, 3820, 76400653, 76402087, 653, 2087
3, 3821, 76420653, 76422087, 653, 2087
3, 3822, 76440653, 76444643, 653, 4643
3, 3823, 76460653, 76462087, 653, 2087
3, 3824, 76480653, 76482087, 653, 2087
3, 3825, 76500653, 76502809, 653, 2809
3, 3826, 76520653, 76522087, 653, 2087
3, 3827, 76540653, 76542087, 653, 2087
3, 3828, 76560653, 76562493, 653, 2493
3, 3829, 76580653, 76582557, 653, 2557
3, 383, 7660653, 7662087, 653, 2087
3, 3830, 76600653, 76602087, 653, 2087
3, 3831, 76620653, 76622493, 653, 2493
3, 3832, 76640653, 76642087, 653, 2087
3, 3833, 76660653, 76662087, 653, 2087
3, 3834, 76680653, 76682493, 653, 2493
3, 3835, 76700653, 76702087, 653, 2087
3, 3836, 76720653, 76723668, 653, 3668
3, 3837, 76740653, 76742087, 653, 2087
3, 3838, 76760653, 76762087, 653, 2087
3, 3839, 76780653, 76782087, 653, 2087
3, 384, 7680653, 7682809, 653, 2809
3, 3840, 76800653, 76802809, 653, 2809
3, 3841, 76820653, 76822087, 653, 2087
3, 3842, 76840653, 76842087, 653, 2087
3, 3843, 76860653, 76864643, 653, 4643
3, 3844, 76880653, 76882087, 653, 2087
3, 3845, 76900653, 76902087, 653, 2087
3, 3846, 76920653, 76922087, 653, 2087
3, 3847, 76940653, 76942087, 653, 2087
3, 3848, 76960653, 76962087, 653, 2087
3, 3849, 76980653, 76982087, 653, 2087
3, 385, 7700653, 7704530, 653, 4530
3, 3850, 77000653, 77004530, 653, 4530
3, 3851, 77020653, 77022087, 653, 2087
3, 3852, 77040653, 77043214, 653, 3214
3, 3853, 77060653, 77062087, 653, 2087
3, 3854, 77080653, 77082087, 653, 2087
3, 3855, 77100653, 77102809, 653, 2809
3, 3856, 77120653, 77122087, 653, 2087
3, 3857, 77140653, 77142557, 653, 2557
3, 3858, 77160653, 77162087, 653, 2087
3, 3859, 77180653, 77182087, 653, 2087
3, 386, 7720653, 7722087, 653, 2087
3, 3860, 77200653, 77202557, 653, 2557
3, 3861, 77220653, 77222087, 653, 2087
3, 3862, 77240653, 77242087, 653, 2087
3, 3863, 77260653, 77262087, 653, 2087
3, 3864, 77280653, 77286609, 653, 6609
3, 3865, 77300653, 77302087, 653, 2087
3, 3866, 77320653, 77322087, 653, 2087
3, 3867, 77340653, 77342087, 653, 2087
3, 3868, 77360653, 77362087, 653, 2087
3, 3869, 77380653, 77382087, 653, 2087
3, 387, 7740653, 7742809, 653, 2809
3, 3870, 77400653, 77402493, 653, 2493
3, 3871, 77420653, 77422557, 653, 2557
3, 3872, 77440653, 77442087, 653, 2087
3, 3873, 77460653, 77462809, 653, 2809
3, 3874, 77480653, 77482087, 653, 2087
3, 3875, 77500653, 77502087, 653, 2087
3, 3876, 77520653, 77522809, 653, 2809
3, 3877, 77540653, 77542087, 653, 2087
3, 3878, 77560653, 77562557, 653, 2557
3, 3879, 77580653, 77582087, 653, 2087
3, 388, 7760653, 7762087, 653, 2087
3, 3880, 77600653, 77602557, 653, 2557
3, 3881, 77620653, 77622087, 653, 2087
3, 3882, 77640653, 77642087, 653, 2087
3, 3883, 77660653, 77662087, 653, 2087
3, 3884, 77680653, 77682087, 653, 2087
3, 3885, 77700653, 77704643, 653, 4643
3, 3886, 77720653, 77722087, 653, 2087
3, 3887, 77740653, 77742087, 653, 2087
3, 3888, 77760653, 77762493, 653, 2493
3, 3889, 77780653, 77782087, 653, 2087
3, 389, 7780653, 7782087, 653, 2087
3, 3890, 77800653, 77802087, 653, 2087
3, 3891, 77820653, 77822087, 653, 2087
3, 3892, 77840653, 77843668, 653, 3668
3, 3893, 77860653, 77862087, 653, 2087
3, 3894, 77880653, 77882809, 653, 2809
3, 3895, 77900653, 77902087, 653, 2087
3, 3896, 77920653, 77922087, 653, 2087
3, 3897, 77940653, 77942087, 653, 2087
3, 3898, 77960653, 77962087, 653, 2087
3, 3899, 77980653, 77984577, 653, 4577
3, 39, 780653, 782493, 653, 2493
3, 390, 7800653, 7802493, 653, 2493
3, 3900, 78000653, 78002809, 653, 2809
3, 3901, 78020653, 78022087, 653, 2087
3, 3902, 78040653, 78042087, 653, 2087
3, 3903, 78060653, 78062493, 653, 2493
3, 3904, 78080653, 78082087, 653, 2087
3, 3905, 78100653, 78102087, 653, 2087
3, 3906, 78120653, 78124643, 653, 4643
3, 3907, 78140653, 78142087, 653, 2087
3, 3908, 78160653, 78162087, 653, 2087
3, 3909, 78180653, 78182087, 653, 2087
3, 391, 7820653, 7822087, 653, 2087
3, 3910, 78200653, 78202087, 653, 2087
3, 3911, 78220653, 78222087, 653, 2087
3, 3912, 78240653, 78242493, 653, 2493
3, 3913, 78260653, 78262557, 653, 2557
3, 3914, 78280653, 78282087, 653, 2087
3, 3915, 78300653, 78303206, 653, 3206
3, 3916, 78320653, 78322087, 653, 2087
3, 3917, 78340653, 78342087, 653, 2087
3, 3918, 78360653, 78362087, 653, 2087
3, 3919, 78380653, 78382087, 653, 2087
3, 392, 7840653, 7845634, 653, 5634
3, 3920, 78400653, 78405634, 653, 5634
3, 3921, 78420653, 78422087, 653, 2087
3, 3922, 78440653, 78442087, 653, 2087
3, 3923, 78460653, 78462087, 653, 2087
3, 3924, 78480653, 78482809, 653, 2809
3, 3925, 78500653, 78502087, 653, 2087
3, 3926, 78520653, 78522087, 653, 2087
3, 3927, 78540653, 78544643, 653, 4643
3, 3928, 78560653, 78562087, 653, 2087
3, 3929, 78580653, 78582087, 653, 2087
3, 393, 7860653, 7862087, 653, 2087
3, 3930, 78600653, 78602493, 653, 2493
3, 3931, 78620653, 78622087, 653, 2087
3, 3932, 78640653, 78642087, 653, 2087
3, 3933, 78660653, 78662493, 653, 2493
3, 3934, 78680653, 78682557, 653, 2557
3, 3935, 78700653, 78702087, 653, 2087
3, 3936, 78720653, 78723214, 653, 3214
3, 3937, 78740653, 78742087, 653, 2087
3, 3938, 78760653, 78762087, 653, 2087
3, 3939, 78780653, 78782087, 653, 2087
3, 394, 7880653, 7882087, 653, 2087
3, 3940, 78800653, 78802557, 653, 2557
3, 3941, 78820653, 78823668, 653, 3668
3, 3942, 78840653, 78842087, 653, 2087
3, 3943, 78860653, 78862087, 653, 2087
3, 3944, 78880653, 78882087, 653, 2087
3, 3945, 78900653, 78902809, 653, 2809
3, 3946, 78920653, 78922087, 653, 2087
3, 3947, 78940653, 78942087, 653, 2087
3, 3948, 78960653, 78964643, 653, 4643
3, 3949, 78980653, 78982087, 653, 2087
3, 395, 7900653, 7902087, 653, 2087
3, 3950, 79000653, 79002087, 653, 2087
3, 3951, 79020653, 79022087, 653, 2087
3, 3952, 79040653, 79042087, 653, 2087
3, 3953, 79060653, 79062087, 653, 2087
3, 3954, 79080653, 79082493, 653, 2493
3, 3955, 79100653, 79104530, 653, 4530
3, 3956, 79120653, 79122087, 653, 2087
3, 3957, 79140653, 79142809, 653, 2809
3, 3958, 79160653, 79162087, 653, 2087
3, 3959, 79180653, 79182087, 653, 2087
3, 396, 7920653, 7922809, 653, 2809
3, 3960, 79200653, 79202809, 653, 2809
3, 3961, 79220653, 79222087, 653, 2087
3, 3962, 79240653, 79243668, 653, 3668
3, 3963, 79260653, 79262087, 653, 2087
3, 3964, 79280653, 79282087, 653, 2087
3, 3965, 79300653, 79302087, 653, 2087
3, 3966, 79320653, 79322493, 653, 2493
3, 3967, 79340653, 79342087, 653, 2087
3, 3968, 79360653, 79362087, 653, 2087
3, 3969, 79380653, 79383365, 653, 3365
3, 397, 7940653, 7942087, 653, 2087
3, 3970, 79400653, 79402087, 653, 2087
3, 3971, 79420653, 79422087, 653, 2087
3, 3972, 79440653, 79442493, 653, 2493
3, 3973, 79460653, 79462087, 653, 2087
3, 3974, 79480653, 79482087, 653, 2087
3, 3975, 79500653, 79502809, 653, 2809
3, 3976, 79520653, 79523668, 653, 3668
3, 3977, 79540653, 79542087, 653, 2087
3, 3978, 79560653, 79562809, 653, 2809
3, 3979, 79580653, 79582087, 653, 2087
3, 398, 7960653, 7962087, 653, 2087
3, 3980, 79600653, 79602087, 653, 2087
3, 3981, 79620653, 79622087, 653, 2087
3, 3982, 79640653, 79642087, 653, 2087
3, 3983, 79660653, 79663668, 653, 3668
3, 3984, 79680653, 79682493, 653, 2493
3, 3985, 79700653, 79702087, 653, 2087
3, 3986, 79720653, 79722087, 653, 2087
3, 3987, 79740653, 79742493, 653, 2493
3, 3988, 79760653, 79762087, 653, 2087
3, 3989, 79780653, 79782087, 653, 2087
3, 399, 7980653, 7983365, 653, 3365
3, 3990, 79800653, 79805018, 653, 5018
3, 3991, 79820653, 79822087, 653, 2087
3, 3992, 79840653, 79842557, 653, 2557
3, 3993, 79860653, 79862087, 653, 2087
3, 3994, 79880653, 79882087, 653, 2087
3, 3995, 79900653, 79902087, 653, 2087
3, 3996, 79920653, 79922809, 653, 2809
3, 3997, 79940653, 79942557, 653, 2557
3, 3998, 79960653, 79962087, 653, 2087
3, 3999, 79980653, 79982493, 653, 2493
3, 4, 80653, 82087, 653, 2087
3, 40, 800653, 802557, 653, 2557
3, 400, 8000653, 8002557, 653, 2557
3, 4000, 80000653, 80002557, 653, 2557
3, 4001, 80020653, 80022087, 653, 2087
3, 4002, 80040653, 80042087, 653, 2087
3, 4003, 80060653, 80062087, 653, 2087
3, 4004, 80080653, 80085634, 653, 5634
3, 4005, 80100653, 80102809, 653, 2809
3, 4006, 80120653, 80122087, 653, 2087
3, 4007, 80140653, 80142087, 653, 2087
3, 4008, 80160653, 80162809, 653, 2809
3, 4009, 80180653, 80182087, 653, 2087
3, 401, 8020653, 8022087, 653, 2087
3, 4010, 80200653, 80202087, 653, 2087
3, 4011, 80220653, 80223365, 653, 3365
3, 4012, 80240653, 80242087, 653, 2087
3, 4013, 80260653, 80262087, 653, 2087
3, 4014, 80280653, 80282087, 653, 2087
3, 4015, 80300653, 80302087, 653, 2087
3, 4016, 80320653, 80322087, 653, 2087
3, 4017, 80340653, 80342493, 653, 2493
3, 4018, 80360653, 80362557, 653, 2557
3, 4019, 80380653, 80382087, 653, 2087
3, 402, 8040653, 8042087, 653, 2087
3, 4020, 80400653, 80403206, 653, 3206
3, 4021, 80420653, 80422087, 653, 2087
3, 4022, 80440653, 80442087, 653, 2087
3, 4023, 80460653, 80462087, 653, 2087
3, 4024, 80480653, 80482087, 653, 2087
3, 4025, 80500653, 80503668, 653, 3668
3, 4026, 80520653, 80522493, 653, 2493
3, 4027, 80540653, 80542087, 653, 2087
3, 4028, 80560653, 80562087, 653, 2087
3, 4029, 80580653, 80582493, 653, 2493
3, 403, 8060653, 8062087, 653, 2087
3, 4030, 80600653, 80602087, 653, 2087
3, 4031, 80620653, 80622087, 653, 2087
3, 4032, 80640653, 80644643, 653, 4643
3, 4033, 80660653, 80662087, 653, 2087
3, 4034, 80680653, 80682087, 653, 2087
3, 4035, 80700653, 80702809, 653, 2809
3, 4036, 80720653, 80722087, 653, 2087
3, 4037, 80740653, 80742087, 653, 2087
3, 4038, 80760653, 80762493, 653, 2493
3, 4039, 80780653, 80784743, 653, 4743
3, 404, 8080653, 8082087, 653, 2087
3, 4040, 80800653, 80802087, 653, 2087
3, 4041, 80820653, 80822493, 653, 2493
3, 4042, 80840653, 80842087, 653, 2087
3, 4043, 80860653, 80862087, 653, 2087
3, 4044, 80880653, 80882493, 653, 2493
3, 4045, 80900653, 80902087, 653, 2087
3, 4046, 80920653, 80923668, 653, 3668
3, 4047, 80940653, 80942493, 653, 2493
3, 4048, 80960653, 80962087, 653, 2087
3, 4049, 80980653, 80982087, 653, 2087
3, 405, 8100653, 8102809, 653, 2809
3, 4050, 81000653, 81002493, 653, 2493
3, 4051, 81020653, 81022087, 653, 2087
3, 4052, 81040653, 81042087, 653, 2087
3, 4053, 81060653, 81063365, 653, 3365
3, 4054, 81080653, 81082087, 653, 2087
3, 4055, 81100653, 81102557, 653, 2557
3, 4056, 81120653, 81122809, 653, 2809
3, 4057, 81140653, 81142087, 653, 2087
3, 4058, 81160653, 81162087, 653, 2087
3, 4059, 81180653, 81182493, 653, 2493
3, 406, 8120653, 8122557, 653, 2557
3, 4060, 81200653, 81205634, 653, 5634
3, 4061, 81220653, 81222087, 653, 2087
3, 4062, 81240653, 81242493, 653, 2493
3, 4063, 81260653, 81262087, 653, 2087
3, 4064, 81280653, 81282087, 653, 2087
3, 4065, 81300653, 81302493, 653, 2493
3, 4066, 81320653, 81322087, 653, 2087
3, 4067, 81340653, 81342557, 653, 2557
3, 4068, 81360653, 81362809, 653, 2809
3, 4069, 81380653, 81382087, 653, 2087
3, 407, 8140653, 8142087, 653, 2087
3, 4070, 81400653, 81402087, 653, 2087
3, 4071, 81420653, 81422087, 653, 2087
3, 4072, 81440653, 81442087, 653, 2087
3, 4073, 81460653, 81462087, 653, 2087
3, 4074, 81480653, 81483365, 653, 3365
3, 4075, 81500653, 81502087, 653, 2087
3, 4076, 81520653, 81522557, 653, 2557
3, 4077, 81540653, 81542493, 653, 2493
3, 4078, 81560653, 81562087, 653, 2087
3, 4079, 81580653, 81582087, 653, 2087
3, 408, 8160653, 8163214, 653, 3214
3, 4080, 81600653, 81603360, 653, 3360
3, 4081, 81620653, 81623668, 653, 3668
3, 4082, 81640653, 81642087, 653, 2087
3, 4083, 81660653, 81662493, 653, 2493
3, 4084, 81680653, 81682087, 653, 2087
3, 4085, 81700653, 81703806, 653, 3806
3, 4086, 81720653, 81722493, 653, 2493
3, 4087, 81740653, 81742087, 653, 2087
3, 4088, 81760653, 81763668, 653, 3668
3, 4089, 81780653, 81782493, 653, 2493
3, 409, 8180653, 8182087, 653, 2087
3, 4090, 81800653, 81802557, 653, 2557
3, 4091, 81820653, 81822087, 653, 2087
3, 4092, 81840653, 81842493, 653, 2493
3, 4093, 81860653, 81862087, 653, 2087
3, 4094, 81880653, 81882087, 653, 2087
3, 4095, 81900653, 81905018, 653, 5018
3, 4096, 81920653, 81922087, 653, 2087
3, 4097, 81940653, 81942087, 653, 2087
3, 4098, 81960653, 81962493, 653, 2493
3, 4099, 81980653, 81982087, 653, 2087
3, 41, 820653, 822087, 653, 2087
3, 410, 8200653, 8202087, 653, 2087
3, 4100, 82000653, 82002087, 653, 2087
3, 4101, 82020653, 82022087, 653, 2087
3, 4102, 82040653, 82043668, 653, 3668
3, 4103, 82060653, 82062087, 653, 2087
3, 4104, 82080653, 82082809, 653, 2809
3, 4105, 82100653, 82102087, 653, 2087
3, 4106, 82120653, 82122087, 653, 2087
3, 4107, 82140653, 82142087, 653, 2087
3, 4108, 82160653, 82162087, 653, 2087
3, 4109, 82180653, 82182557, 653, 2557
3, 411, 8220653, 8222087, 653, 2087
3, 4110, 82200653, 82202809, 653, 2809
3, 4111, 82220653, 82222087, 653, 2087
3, 4112, 82240653, 82242087, 653, 2087
3, 4113, 82260653, 82262087, 653, 2087
3, 4114, 82280653, 82282087, 653, 2087
3, 4115, 82300653, 82302087, 653, 2087
3, 4116, 82320653, 82324643, 653, 4643
3, 4117, 82340653, 82342087, 653, 2087
3, 4118, 82360653, 82362087, 653, 2087
3, 4119, 82380653, 82382493, 653, 2493
3, 412, 8240653, 8242087, 653, 2087
3, 4120, 82400653, 82402087, 653, 2087
3, 4121, 82420653, 82422087, 653, 2087
3, 4122, 82440653, 82442087, 653, 2087
3, 4123, 82460653, 82463668, 653, 3668
3, 4124, 82480653, 82482087, 653, 2087
3, 4125, 82500653, 82502809, 653, 2809
3, 4126, 82520653, 82522087, 653, 2087
3, 4127, 82540653, 82542087, 653, 2087
3, 4128, 82560653, 82562809, 653, 2809
3, 4129, 82580653, 82582087, 653, 2087
3, 413, 8260653, 8263668, 653, 3668
3, 4130, 82600653, 82604530, 653, 4530
3, 4131, 82620653, 82622493, 653, 2493
3, 4132, 82640653, 82642557, 653, 2557
3, 4133, 82660653, 82662087, 653, 2087
3, 4134, 82680653, 82682087, 653, 2087
3, 4135, 82700653, 82702087, 653, 2087
3, 4136, 82720653, 82722087, 653, 2087
3, 4137, 82740653, 82743365, 653, 3365
3, 4138, 82760653, 82762087, 653, 2087
3, 4139, 82780653, 82782087, 653, 2087
3, 414, 8280653, 8282087, 653, 2087
3, 4140, 82800653, 82803360, 653, 3360
3, 4141, 82820653, 82822087, 653, 2087
3, 4142, 82840653, 82842087, 653, 2087
3, 4143, 82860653, 82862087, 653, 2087
3, 4144, 82880653, 82885634, 653, 5634
3, 4145, 82900653, 82902087, 653, 2087
3, 4146, 82920653, 82922493, 653, 2493
3, 4147, 82940653, 82942087, 653, 2087
3, 4148, 82960653, 82962087, 653, 2087
3, 4149, 82980653, 82982493, 653, 2493
3, 415, 8300653, 8302087, 653, 2087
3, 4150, 83000653, 83002087, 653, 2087
3, 4151, 83020653, 83022557, 653, 2557
3, 4152, 83040653, 83042493, 653, 2493
3, 4153, 83060653, 83065137, 653, 5137
3, 4154, 83080653, 83082087, 653, 2087
3, 4155, 83100653, 83102493, 653, 2493
3, 4156, 83120653, 83122087, 653, 2087
3, 4157, 83140653, 83142087, 653, 2087
3, 4158, 83160653, 83165035, 653, 5035
3, 4159, 83180653, 83182087, 653, 2087
3, 416, 8320653, 8322087, 653, 2087
3, 4160, 83200653, 83202557, 653, 2557
3, 4161, 83220653, 83222493, 653, 2493
3, 4162, 83240653, 83242087, 653, 2087
3, 4163, 83260653, 83262087, 653, 2087
3, 4164, 83280653, 83282493, 653, 2493
3, 4165, 83300653, 83303668, 653, 3668
3, 4166, 83320653, 83322087, 653, 2087
3, 4167, 83340653, 83342493, 653, 2493
3, 4168, 83360653, 83362087, 653, 2087
3, 4169, 83380653, 83382087, 653, 2087
3, 417, 8340653, 8342493, 653, 2493
3, 4170, 83400653, 83402809, 653, 2809
3, 4171, 83420653, 83422087, 653, 2087
3, 4172, 83440653, 83443668, 653, 3668
3, 4173, 83460653, 83462087, 653, 2087
3, 4174, 83480653, 83485213, 653, 5213
3, 4175, 83500653, 83502087, 653, 2087
3, 4176, 83520653, 83522493, 653, 2493
3, 4177, 83540653, 83542087, 653, 2087
3, 4178, 83560653, 83562087, 653, 2087
3, 4179, 83580653, 83584643, 653, 4643
3, 418, 8360653, 8362087, 653, 2087
3, 4180, 83600653, 83602087, 653, 2087
3, 4181, 83620653, 83622087, 653, 2087
3, 4182, 83640653, 83642493, 653, 2493
3, 4183, 83660653, 83662087, 653, 2087
3, 4184, 83680653, 83682087, 653, 2087
3, 4185, 83700653, 83702493, 653, 2493
3, 4186, 83720653, 83722557, 653, 2557
3, 4187, 83740653, 83742087, 653, 2087
3, 4188, 83760653, 83762809, 653, 2809
3, 4189, 83780653, 83782087, 653, 2087
3, 419, 8380653, 8382087, 653, 2087
3, 4190, 83800653, 83802087, 653, 2087
3, 4191, 83820653, 83822493, 653, 2493
3, 4192, 83840653, 83842087, 653, 2087
3, 4193, 83860653, 83862557, 653, 2557
3, 4194, 83880653, 83882087, 653, 2087
3, 4195, 83900653, 83902557, 653, 2557
3, 4196, 83920653, 83922087, 653, 2087
3, 4197, 83940653, 83942087, 653, 2087
3, 4198, 83960653, 83962087, 653, 2087
3, 4199, 83980653, 83982087, 653, 2087
3, 42, 840653, 843365, 653, 3365
3, 420, 8400653, 8404643, 653, 4643
3, 4200, 84000653, 84006609, 653, 6609
3, 4201, 84020653, 84022087, 653, 2087
3, 4202, 84040653, 84042087, 653, 2087
3, 4203, 84060653, 84062087, 653, 2087
3, 4204, 84080653, 84085966, 653, 5966
3, 4205, 84100653, 84102087, 653, 2087
3, 4206, 84120653, 84122087, 653, 2087
3, 4207, 84140653, 84142557, 653, 2557
3, 4208, 84160653, 84162087, 653, 2087
3, 4209, 84180653, 84182809, 653, 2809
3, 421, 8420653, 8422087, 653, 2087
3, 4210, 84200653, 84202087, 653, 2087
3, 4211, 84220653, 84222087, 653, 2087
3, 4212, 84240653, 84242809, 653, 2809
3, 4213, 84260653, 84262087, 653, 2087
3, 4214, 84280653, 84282557, 653, 2557
3, 4215, 84300653, 84302493, 653, 2493
3, 4216, 84320653, 84322557, 653, 2557
3, 4217, 84340653, 84342087, 653, 2087
3, 4218, 84360653, 84362087, 653, 2087
3, 4219, 84380653, 84382087, 653, 2087
3, 422, 8440653, 8442087, 653, 2087
3, 4220, 84400653, 84402087, 653, 2087
3, 4221, 84420653, 84424643, 653, 4643
3, 4222, 84440653, 84442087, 653, 2087
3, 4223, 84460653, 84462087, 653, 2087
3, 4224, 84480653, 84482493, 653, 2493
3, 4225, 84500653, 84502087, 653, 2087
3, 4226, 84520653, 84522087, 653, 2087
3, 4227, 84540653, 84542087, 653, 2087
3, 4228, 84560653, 84563668, 653, 3668
3, 4229, 84580653, 84582087, 653, 2087
3, 423, 8460653, 8462087, 653, 2087
3, 4230, 84600653, 84603206, 653, 3206
3, 4231, 84620653, 84622087, 653, 2087
3, 4232, 84640653, 84642087, 653, 2087
3, 4233, 84660653, 84662493, 653, 2493
3, 4234, 84680653, 84682087, 653, 2087
3, 4235, 84700653, 84704530, 653, 4530
3, 4236, 84720653, 84722493, 653, 2493
3, 4237, 84740653, 84742087, 653, 2087
3, 4238, 84760653, 84762087, 653, 2087
3, 4239, 84780653, 84782087, 653, 2087
3, 424, 8480653, 8482087, 653, 2087
3, 4240, 84800653, 84802087, 653, 2087
3, 4241, 84820653, 84822087, 653, 2087
3, 4242, 84840653, 84844643, 653, 4643
3, 4243, 84860653, 84862087, 653, 2087
3, 4244, 84880653, 84882087, 653, 2087
3, 4245, 84900653, 84902493, 653, 2493
3, 4246, 84920653, 84922087, 653, 2087
3, 4247, 84940653, 84942087, 653, 2087
3, 4248, 84960653, 84962493, 653, 2493
3, 4249, 84980653, 84982557, 653, 2557
3, 425, 8500653, 8502087, 653, 2087
3, 4250, 85000653, 85002087, 653, 2087
3, 4251, 85020653, 85022809, 653, 2809
3, 4252, 85040653, 85042087, 653, 2087
3, 4253, 85060653, 85062087, 653, 2087
3, 4254, 85080653, 85082087, 653, 2087
3, 4255, 85100653, 85102087, 653, 2087
3, 4256, 85120653, 85123668, 653, 3668
3, 4257, 85140653, 85142087, 653, 2087
3, 4258, 85160653, 85162087, 653, 2087
3, 4259, 85180653, 85182087, 653, 2087
3, 426, 8520653, 8522493, 653, 2493
3, 4260, 85200653, 85203360, 653, 3360
3, 4261, 85220653, 85222087, 653, 2087
3, 4262, 85240653, 85242087, 653, 2087
3, 4263, 85260653, 85264643, 653, 4643
3, 4264, 85280653, 85282087, 653, 2087
3, 4265, 85300653, 85302087, 653, 2087
3, 4266, 85320653, 85322087, 653, 2087
3, 4267, 85340653, 85342087, 653, 2087
3, 4268, 85360653, 85362087, 653, 2087
3, 4269, 85380653, 85382087, 653, 2087
3, 427, 8540653, 8542557, 653, 2557
3, 4270, 85400653, 85404530, 653, 4530
3, 4271, 85420653, 85422087, 653, 2087
3, 4272, 85440653, 85443214, 653, 3214
3, 4273, 85460653, 85462087, 653, 2087
3, 4274, 85480653, 85482087, 653, 2087
3, 4275, 85500653, 85502493, 653, 2493
3, 4276, 85520653, 85522087, 653, 2087
3, 4277, 85540653, 85543668, 653, 3668
3, 4278, 85560653, 85562087, 653, 2087
3, 4279, 85580653, 85582087, 653, 2087
3, 428, 8560653, 8562087, 653, 2087
3, 4280, 85600653, 85602557, 653, 2557
3, 4281, 85620653, 85622493, 653, 2493
3, 4282, 85640653, 85642087, 653, 2087
3, 4283, 85660653, 85662087, 653, 2087
3, 4284, 85680653, 85686609, 653, 6609
3, 4285, 85700653, 85702087, 653, 2087
3, 4286, 85720653, 85722087, 653, 2087
3, 4287, 85740653, 85742087, 653, 2087
3, 4288, 85760653, 85762087, 653, 2087
3, 4289, 85780653, 85782087, 653, 2087
3, 429, 8580653, 8582493, 653, 2493
3, 4290, 85800653, 85802493, 653, 2493
3, 4291, 85820653, 85822557, 653, 2557
3, 4292, 85840653, 85842087, 653, 2087
3, 4293, 85860653, 85862809, 653, 2809
3, 4294, 85880653, 85882087, 653, 2087
3, 4295, 85900653, 85902087, 653, 2087
3, 4296, 85920653, 85922493, 653, 2493
3, 4297, 85940653, 85942087, 653, 2087
3, 4298, 85960653, 85963668, 653, 3668
3, 4299, 85980653, 85982087, 653, 2087
3, 43, 860653, 862087, 653, 2087
3, 430, 8600653, 8602087, 653, 2087
3, 4300, 86000653, 86002557, 653, 2557
3, 4301, 86020653, 86022087, 653, 2087
3, 4302, 86040653, 86042493, 653, 2493
3, 4303, 86060653, 86062087, 653, 2087
3, 4304, 86080653, 86082087, 653, 2087
3, 4305, 86100653, 86105018, 653, 5018
3, 4306, 86120653, 86122087, 653, 2087
3, 4307, 86140653, 86142087, 653, 2087
3, 4308, 86160653, 86162493, 653, 2493
3, 4309, 86180653, 86182087, 653, 2087
3, 431, 8620653, 8622087, 653, 2087
3, 4310, 86200653, 86202087, 653, 2087
3, 4311, 86220653, 86222493, 653, 2493
3, 4312, 86240653, 86243668, 653, 3668
3, 4313, 86260653, 86262087, 653, 2087
3, 4314, 86280653, 86282809, 653, 2809
3, 4315, 86300653, 86302087, 653, 2087
3, 4316, 86320653, 86322087, 653, 2087
3, 4317, 86340653, 86342087, 653, 2087
3, 4318, 86360653, 86362087, 653, 2087
3, 4319, 86380653, 86383668, 653, 3668
3, 432, 8640653, 8642493, 653, 2493
3, 4320, 86400653, 86402809, 653, 2809
3, 4321, 86420653, 86422087, 653, 2087
3, 4322, 86440653, 86442087, 653, 2087
3, 4323, 86460653, 86462493, 653, 2493
3, 4324, 86480653, 86482087, 653, 2087
3, 4325, 86500653, 86502087, 653, 2087
3, 4326, 86520653, 86523365, 653, 3365
3, 4327, 86540653, 86542087, 653, 2087
3, 4328, 86560653, 86562557, 653, 2557
3, 4329, 86580653, 86582087, 653, 2087
3, 433, 8660653, 8662087, 653, 2087
3, 4330, 86600653, 86602087, 653, 2087
3, 4331, 86620653, 86622087, 653, 2087
3, 4332, 86640653, 86642809, 653, 2809
3, 4333, 86660653, 86662557, 653, 2557
3, 4334, 86680653, 86682087, 653, 2087
3, 4335, 86700653, 86703206, 653, 3206
3, 4336, 86720653, 86722087, 653, 2087
3, 4337, 86740653, 86742087, 653, 2087
3, 4338, 86760653, 86762087, 653, 2087
3, 4339, 86780653, 86782087, 653, 2087
3, 434, 8680653, 8683668, 653, 3668
3, 4340, 86800653, 86805634, 653, 5634
3, 4341, 86820653, 86822493, 653, 2493
3, 4342, 86840653, 86842087, 653, 2087
3, 4343, 86860653, 86862087, 653, 2087
3, 4344, 86880653, 86882809, 653, 2809
3, 4345, 86900653, 86902087, 653, 2087
3, 4346, 86920653, 86922087, 653, 2087
3, 4347, 86940653, 86943365, 653, 3365
3, 4348, 86960653, 86962087, 653, 2087
3, 4349, 86980653, 86982087, 653, 2087
3, 435, 8700653, 8702809, 653, 2809
3, 4350, 87000653, 87002493, 653, 2493
3, 4351, 87020653, 87022087, 653, 2087
3, 4352, 87040653, 87042087, 653, 2087
3, 4353, 87060653, 87062493, 653, 2493
3, 4354, 87080653, 87082557, 653, 2557
3, 4355, 87100653, 87102087, 653, 2087
3, 4356, 87120653, 87122809, 653, 2809
3, 4357, 87140653, 87142087, 653, 2087
3, 4358, 87160653, 87162087, 653, 2087
3, 4359, 87180653, 87182087, 653, 2087
3, 436, 8720653, 8722087, 653, 2087
3, 4360, 87200653, 87202087, 653, 2087
3, 4361, 87220653, 87223668, 653, 3668
3, 4362, 87240653, 87242493, 653, 2493
3, 4363, 87260653, 87262087, 653, 2087
3, 4364, 87280653, 87282087, 653, 2087
3, 4365, 87300653, 87302809, 653, 2809
3, 4366, 87320653, 87322087, 653, 2087
3, 4367, 87340653, 87342087, 653, 2087
3, 4368, 87360653, 87364643, 653, 4643
3, 4369, 87380653, 87382087, 653, 2087
3, 437, 8740653, 8742087, 653, 2087
3, 4370, 87400653, 87402557, 653, 2557
3, 4371, 87420653, 87422087, 653, 2087
3, 4372, 87440653, 87442087, 653, 2087
3, 4373, 87460653, 87462087, 653, 2087
3, 4374, 87480653, 87482493, 653, 2493
3, 4375, 87500653, 87504530, 653, 4530
3, 4376, 87520653, 87522087, 653, 2087
3, 4377, 87540653, 87542493, 653, 2493
3, 4378, 87560653, 87562087, 653, 2087
3, 4379, 87580653, 87582087, 653, 2087
3, 438, 8760653, 8762493, 653, 2493
3, 4380, 87600653, 87602809, 653, 2809
3, 4381, 87620653, 87622087, 653, 2087
3, 4382, 87640653, 87643668, 653, 3668
3, 4383, 87660653, 87662493, 653, 2493
3, 4384, 87680653, 87682087, 653, 2087
3, 4385, 87700653, 87702087, 653, 2087
3, 4386, 87720653, 87722493, 653, 2493
3, 4387, 87740653, 87742087, 653, 2087
3, 4388, 87760653, 87762087, 653, 2087
3, 4389, 87780653, 87783365, 653, 3365
3, 439, 8780653, 8782087, 653, 2087
3, 4390, 87800653, 87802087, 653, 2087
3, 4391, 87820653, 87822087, 653, 2087
3, 4392, 87840653, 87842493, 653, 2493
3, 4393, 87860653, 87862087, 653, 2087
3, 4394, 87880653, 87882087, 653, 2087
3, 4395, 87900653, 87902809, 653, 2809
3, 4396, 87920653, 87924257, 653, 4257
3, 4397, 87940653, 87942087, 653, 2087
3, 4398, 87960653, 87962493, 653, 2493
3, 4399, 87980653, 87982087, 653, 2087
3, 44, 880653, 882557, 653, 2557
3, 440, 8800653, 8802087, 653, 2087
3, 4400, 88000653, 88003088, 653, 3088
3, 4401, 88020653, 88022445, 653, 2445
3, 4402, 88040653, 88042087, 653, 2087
3, 4403, 88060653, 88063668, 653, 3668
3, 4404, 88080653, 88082809, 653, 2809
3, 4405, 88100653, 88102087, 653, 2087
3, 4406, 88120653, 88122087, 653, 2087
3, 4407, 88140653, 88142087, 653, 2087
3, 4408, 88160653, 88162087, 653, 2087
3, 4409, 88180653, 88182087, 653, 2087
3, 441, 8820653, 8823365, 653, 3365
3, 4410, 88200653, 88205018, 653, 5018
3, 4411, 88220653, 88222087, 653, 2087
3, 4412, 88240653, 88242557, 653, 2557
3, 4413, 88260653, 88262493, 653, 2493
3, 4414, 88280653, 88282087, 653, 2087
3, 4415, 88300653, 88302087, 653, 2087
3, 4416, 88320653, 88322809, 653, 2809
3, 4417, 88340653, 88343668, 653, 3668
3, 4418, 88360653, 88362087, 653, 2087
3, 4419, 88380653, 88382493, 653, 2493
3, 442, 8840653, 8842087, 653, 2087
3, 4420, 88400653, 88402557, 653, 2557
3, 4421, 88420653, 88422087, 653, 2087
3, 4422, 88440653, 88442087, 653, 2087
3, 4423, 88460653, 88462087, 653, 2087
3, 4424, 88480653, 88483668, 653, 3668
3, 4425, 88500653, 88502809, 653, 2809
3, 4426, 88520653, 88522087, 653, 2087
3, 4427, 88540653, 88542087, 653, 2087
3, 4428, 88560653, 88562493, 653, 2493
3, 4429, 88580653, 88582087, 653, 2087
3, 443, 8860653, 8862087, 653, 2087
3, 4430, 88600653, 88602087, 653, 2087
3, 4431, 88620653, 88623365, 653, 3365
3, 4432, 88640653, 88642087, 653, 2087
3, 4433, 88660653, 88662087, 653, 2087
3, 4434, 88680653, 88682493, 653, 2493
3, 4435, 88700653, 88702087, 653, 2087
3, 4436, 88720653, 88722087, 653, 2087
3, 4437, 88740653, 88742493, 653, 2493
3, 4438, 88760653, 88763668, 653, 3668
3, 4439, 88780653, 88782087, 653, 2087
3, 444, 8880653, 8882493, 653, 2493
3, 4440, 88800653, 88803206, 653, 3206
3, 4441, 88820653, 88822087, 653, 2087
3, 4442, 88840653, 88842087, 653, 2087
3, 4443, 88860653, 88862493, 653, 2493
3, 4444, 88880653, 88882087, 653, 2087
3, 4445, 88900653, 88904530, 653, 4530
3, 4446, 88920653, 88922493, 653, 2493
3, 4447, 88940653, 88942087, 653, 2087
3, 4448, 88960653, 88962087, 653, 2087
3, 4449, 88980653, 88982087, 653, 2087
3, 445, 8900653, 8902087, 653, 2087
3, 4450, 89000653, 89002087, 653, 2087
3, 4451, 89020653, 89022087, 653, 2087
3, 4452, 89040653, 89044643, 653, 4643
3, 4453, 89060653, 89062087, 653, 2087
3, 4454, 89080653, 89082087, 653, 2087
3, 4455, 89100653, 89102809, 653, 2809
3, 4456, 89120653, 89122087, 653, 2087
3, 4457, 89140653, 89142087, 653, 2087
3, 4458, 89160653, 89162087, 653, 2087
3, 4459, 89180653, 89183668, 653, 3668
3, 446, 8920653, 8922087, 653, 2087
3, 4460, 89200653, 89202557, 653, 2557
3, 4461, 89220653, 89222493, 653, 2493
3, 4462, 89240653, 89242087, 653, 2087
3, 4463, 89260653, 89262087, 653, 2087
3, 4464, 89280653, 89282493, 653, 2493
3, 4465, 89300653, 89302087, 653, 2087
3, 4466, 89320653, 89322557, 653, 2557
3, 4467, 89340653, 89342493, 653, 2493
3, 4468, 89360653, 89362557, 653, 2557
3, 4469, 89380653, 89382087, 653, 2087
3, 447, 8940653, 8942493, 653, 2493
3, 4470, 89400653, 89402493, 653, 2493
3, 4471, 89420653, 89422087, 653, 2087
3, 4472, 89440653, 89442087, 653, 2087
3, 4473, 89460653, 89463365, 653, 3365
3, 4474, 89480653, 89482087, 653, 2087
3, 4475, 89500653, 89502087, 653, 2087
3, 4476, 89520653, 89522809, 653, 2809
3, 4477, 89540653, 89542087, 653, 2087
3, 4478, 89560653, 89562087, 653, 2087
3, 4479, 89580653, 89582087, 653, 2087
3, 448, 8960653, 8963668, 653, 3668
3, 4480, 89600653, 89605634, 653, 5634
3, 4481, 89620653, 89622087, 653, 2087
3, 4482, 89640653, 89642493, 653, 2493
3, 4483, 89660653, 89662087, 653, 2087
3, 4484, 89680653, 89682087, 653, 2087
3, 4485, 89700653, 89702809, 653, 2809
3, 4486, 89720653, 89722087, 653, 2087
3, 4487, 89740653, 89742557, 653, 2557
3, 4488, 89760653, 89762809, 653, 2809
3, 4489, 89780653, 89782087, 653, 2087
3, 449, 8980653, 8982087, 653, 2087
3, 4490, 89800653, 89802087, 653, 2087
3, 4491, 89820653, 89822087, 653, 2087
3, 4492, 89840653, 89842087, 653, 2087
3, 4493, 89860653, 89862087, 653, 2087
3, 4494, 89880653, 89883365, 653, 3365
3, 4495, 89900653, 89902087, 653, 2087
3, 4496, 89920653, 89922087, 653, 2087
3, 4497, 89940653, 89942493, 653, 2493
3, 4498, 89960653, 89962087, 653, 2087
3, 4499, 89980653, 89982087, 653, 2087
3, 45, 900653, 902493, 653, 2493
3, 450, 9000653, 9002809, 653, 2809
3, 4500, 90000653, 90002809, 653, 2809
3, 4501, 90020653, 90023668, 653, 3668
3, 4502, 90040653, 90042087, 653, 2087
3, 4503, 90060653, 90062493, 653, 2493
3, 4504, 90080653, 90082087, 653, 2087
3, 4505, 90100653, 90102087, 653, 2087
3, 4506, 90120653, 90122493, 653, 2493
3, 4507, 90140653, 90142087, 653, 2087
3, 4508, 90160653, 90163668, 653, 3668
3, 4509, 90180653, 90182087, 653, 2087
3, 451, 9020653, 9022087, 653, 2087
3, 4510, 90200653, 90202557, 653, 2557
3, 4511, 90220653, 90222087, 653, 2087
3, 4512, 90240653, 90242493, 653, 2493
3, 4513, 90260653, 90262087, 653, 2087
3, 4514, 90280653, 90282087, 653, 2087
3, 4515, 90300653, 90305466, 653, 5466
3, 4516, 90320653, 90322087, 653, 2087
3, 4517, 90340653, 90342087, 653, 2087
3, 4518, 90360653, 90362493, 653, 2493
3, 4519, 90380653, 90382087, 653, 2087
3, 452, 9040653, 9042087, 653, 2087
3, 4520, 90400653, 90402087, 653, 2087
3, 4521, 90420653, 90422087, 653, 2087
3, 4522, 90440653, 90443668, 653, 3668
3, 4523, 90460653, 90462087, 653, 2087
3, 4524, 90480653, 90482809, 653, 2809
3, 4525, 90500653, 90502087, 653, 2087
3, 4526, 90520653, 90522087, 653, 2087
3, 4527, 90540653, 90542493, 653, 2493
3, 4528, 90560653, 90562087, 653, 2087
3, 4529, 90580653, 90582557, 653, 2557
3, 453, 9060653, 9062087, 653, 2087
3, 4530, 90600653, 90602493, 653, 2493
3, 4531, 90620653, 90624369, 653, 4369
3, 4532, 90640653, 90642087, 653, 2087
3, 4533, 90660653, 90662087, 653, 2087
3, 4534, 90680653, 90682087, 653, 2087
3, 4535, 90700653, 90702087, 653, 2087
3, 4536, 90720653, 90726609, 653, 6609
3, 4537, 90740653, 90742087, 653, 2087
3, 4538, 90760653, 90762087, 653, 2087
3, 4539, 90780653, 90782493, 653, 2493
3, 454, 9080653, 9082087, 653, 2087
3, 4540, 90800653, 90802557, 653, 2557
3, 4541, 90820653, 90822087, 653, 2087
3, 4542, 90840653, 90842087, 653, 2087
3, 4543, 90860653, 90862557, 653, 2557
3, 4544, 90880653, 90882087, 653, 2087
3, 4545, 90900653, 90903206, 653, 3206
3, 4546, 90920653, 90922087, 653, 2087
3, 4547, 90940653, 90942087, 653, 2087
3, 4548, 90960653, 90962809, 653, 2809
3, 4549, 90980653, 90982087, 653, 2087
3, 455, 9100653, 9103668, 653, 3668
3, 4550, 91000653, 91004530, 653, 4530
3, 4551, 91020653, 91022087, 653, 2087
3, 4552, 91040653, 91042557, 653, 2557
3, 4553, 91060653, 91062087, 653, 2087
3, 4554, 91080653, 91082087, 653, 2087
3, 4555, 91100653, 91102087, 653, 2087
3, 4556, 91120653, 91122087, 653, 2087
3, 4557, 91140653, 91144643, 653, 4643
3, 4558, 91160653, 91162087, 653, 2087
3, 4559, 91180653, 91182087, 653, 2087
3, 456, 9120653, 9122809, 653, 2809
3, 4560, 91200653, 91202809, 653, 2809
3, 4561, 91220653, 91222087, 653, 2087
3, 4562, 91240653, 91242087, 653, 2087
3, 4563, 91260653, 91262087, 653, 2087
3, 4564, 91280653, 91283668, 653, 3668
3, 4565, 91300653, 91302087, 653, 2087
3, 4566, 91320653, 91322809, 653, 2809
3, 4567, 91340653, 91342087, 653, 2087
3, 4568, 91360653, 91362087, 653, 2087
3, 4569, 91380653, 91382493, 653, 2493
3, 457, 9140653, 9142087, 653, 2087
3, 4570, 91400653, 91402087, 653, 2087
3, 4571, 91420653, 91422557, 653, 2557
3, 4572, 91440653, 91442493, 653, 2493
3, 4573, 91460653, 91462087, 653, 2087
3, 4574, 91480653, 91482087, 653, 2087
3, 4575, 91500653, 91502493, 653, 2493
3, 4576, 91520653, 91522087, 653, 2087
3, 4577, 91540653, 91542087, 653, 2087
3, 4578, 91560653, 91564643, 653, 4643
3, 4579, 91580653, 91582087, 653, 2087
3, 458, 9160653, 9162087, 653, 2087
3, 4580, 91600653, 91602557, 653, 2557
3, 4581, 91620653, 91622087, 653, 2087
3, 4582, 91640653, 91642087, 653, 2087
3, 4583, 91660653, 91662087, 653, 2087
3, 4584, 91680653, 91682493, 653, 2493
3, 4585, 91700653, 91704530, 653, 4530
3, 4586, 91720653, 91722087, 653, 2087
3, 4587, 91740653, 91742809, 653, 2809
3, 4588, 91760653, 91762087, 653, 2087
3, 4589, 91780653, 91782087, 653, 2087
3, 459, 9180653, 9182493, 653, 2493
3, 4590, 91800653, 91802809, 653, 2809
3, 4591, 91820653, 91822087, 653, 2087
3, 4592, 91840653, 91843668, 653, 3668
3, 4593, 91860653, 91862087, 653, 2087
3, 4594, 91880653, 91882087, 653, 2087
3, 4595, 91900653, 91902087, 653, 2087
3, 4596, 91920653, 91922493, 653, 2493
3, 4597, 91940653, 91942087, 653, 2087
3, 4598, 91960653, 91962087, 653, 2087
3, 4599, 91980653, 91984643, 653, 4643
3, 46, 920653, 922087, 653, 2087
3, 460, 9200653, 9202557, 653, 2557
3, 4600, 92000653, 92002557, 653, 2557
3, 4601, 92020653, 92022087, 653, 2087
3, 4602, 92040653, 92042087, 653, 2087
3, 4603, 92060653, 92062087, 653, 2087
3, 4604, 92080653, 92082087, 653, 2087
3, 4605, 92100653, 92102493, 653, 2493
3, 4606, 92120653, 92122557, 653, 2557
3, 4607, 92140653, 92142087, 653, 2087
3, 4608, 92160653, 92163214, 653, 3214
3, 4609, 92180653, 92182087, 653, 2087
3, 461, 9220653, 9222087, 653, 2087
3, 4610, 92200653, 92202087, 653, 2087
3, 4611, 92220653, 92222087, 653, 2087
3, 4612, 92240653, 92242087, 653, 2087
3, 4613, 92260653, 92262557, 653, 2557
3, 4614, 92280653, 92282087, 653, 2087
3, 4615, 92300653, 92302087, 653, 2087
3, 4616, 92320653, 92322087, 653, 2087
3, 4617, 92340653, 92342493, 653, 2493
3, 4618, 92360653, 92362087, 653, 2087
3, 4619, 92380653, 92382087, 653, 2087
3, 462, 9240653, 9243365, 653, 3365
3, 4620, 92400653, 92406609, 653, 6609
3, 4621, 92420653, 92422087, 653, 2087
3, 4622, 92440653, 92442087, 653, 2087
3, 4623, 92460653, 92462087, 653, 2087
3, 4624, 92480653, 92482087, 653, 2087
3, 4625, 92500653, 92502087, 653, 2087
3, 4626, 92520653, 92522087, 653, 2087
3, 4627, 92540653, 92542557, 653, 2557
3, 4628, 92560653, 92562087, 653, 2087
3, 4629, 92580653, 92582809, 653, 2809
3, 463, 9260653, 9262087, 653, 2087
3, 4630, 92600653, 92602087, 653, 2087
3, 4631, 92620653, 92622087, 653, 2087
3, 4632, 92640653, 92642493, 653, 2493
3, 4633, 92660653, 92662087, 653, 2087
3, 4634, 92680653, 92683668, 653, 3668
3, 4635, 92700653, 92702493, 653, 2493
3, 4636, 92720653, 92722087, 653, 2087
3, 4637, 92740653, 92742087, 653, 2087
3, 4638, 92760653, 92762604, 653, 2604
3, 4639, 92780653, 92782087, 653, 2087
3, 464, 9280653, 9282557, 653, 2557
3, 4640, 92800653, 92802087, 653, 2087
3, 4641, 92820653, 92824643, 653, 4643
3, 4642, 92840653, 92842087, 653, 2087
3, 4643, 92860653, 92862087, 653, 2087
3, 4644, 92880653, 92882493, 653, 2493
3, 4645, 92900653, 92902087, 653, 2087
3, 4646, 92920653, 92922087, 653, 2087
3, 4647, 92940653, 92942087, 653, 2087
3, 4648, 92960653, 92963668, 653, 3668
3, 4649, 92980653, 92982087, 653, 2087
3, 465, 9300653, 9302809, 653, 2809
3, 4650, 93000653, 93003206, 653, 3206
3, 4651, 93020653, 93022087, 653, 2087
3, 4652, 93040653, 93042087, 653, 2087
3, 4653, 93060653, 93062087, 653, 2087
3, 4654, 93080653, 93082087, 653, 2087
3, 4655, 93100653, 93103668, 653, 3668
3, 4656, 93120653, 93122493, 653, 2493
3, 4657, 93140653, 93142087, 653, 2087
3, 4658, 93160653, 93162087, 653, 2087
3, 4659, 93180653, 93182790, 653, 2790
3, 466, 9320653, 9322087, 653, 2087
3, 4660, 93200653, 93202087, 653, 2087
3, 4661, 93220653, 93222087, 653, 2087
3, 4662, 93240653, 93243365, 653, 3365
3, 4663, 93260653, 93262087, 653, 2087
3, 4664, 93280653, 93282087, 653, 2087
3, 4665, 93300653, 93302493, 653, 2493
3, 4666, 93320653, 93322087, 653, 2087
3, 4667, 93340653, 93342087, 653, 2087
3, 4668, 93360653, 93362809, 653, 2809
3, 4669, 93380653, 93382557, 653, 2557
3, 467, 9340653, 9342087, 653, 2087
3, 4670, 93400653, 93402087, 653, 2087
3, 4671, 93420653, 93422809, 653, 2809
3, 4672, 93440653, 93442087, 653, 2087
3, 4673, 93460653, 93462087, 653, 2087
3, 4674, 93480653, 93482087, 653, 2087
3, 4675, 93500653, 93502087, 653, 2087
3, 4676, 93520653, 93525634, 653, 5634
3, 4677, 93540653, 93542087, 653, 2087
3, 4678, 93560653, 93562087, 653, 2087
3, 4679, 93580653, 93582087, 653, 2087
3, 468, 9360653, 9362809, 653, 2809
3, 4680, 93600653, 93603360, 653, 3360
3, 4681, 93620653, 93622087, 653, 2087
3, 4682, 93640653, 93642087, 653, 2087
3, 4683, 93660653, 93663365, 653, 3365
3, 4684, 93680653, 93682557, 653, 2557
3, 4685, 93700653, 93702557, 653, 2557
3, 4686, 93720653, 93722087, 653, 2087
3, 4687, 93740653, 93742087, 653, 2087
3, 4688, 93760653, 93762087, 653, 2087
3, 4689, 93780653, 93782493, 653, 2493
3, 469, 9380653, 9383668, 653, 3668
3, 4690, 93800653, 93804530, 653, 4530
3, 4691, 93820653, 93822087, 653, 2087
3, 4692, 93840653, 93843214, 653, 3214
3, 4693, 93860653, 93862087, 653, 2087
3, 4694, 93880653, 93882087, 653, 2087
3, 4695, 93900653, 93902493, 653, 2493
3, 4696, 93920653, 93922087, 653, 2087
3, 4697, 93940653, 93943668, 653, 3668
3, 4698, 93960653, 93962493, 653, 2493
3, 4699, 93980653, 93982087, 653, 2087
3, 47, 940653, 942087, 653, 2087
3, 470, 9400653, 9402087, 653, 2087
3, 4700, 94000653, 94002087, 653, 2087
3, 4701, 94020653, 94022493, 653, 2493
3, 4702, 94040653, 94042087, 653, 2087
3, 4703, 94060653, 94062087, 653, 2087
3, 4704, 94080653, 94084643, 653, 4643
3, 4705, 94100653, 94102087, 653, 2087
3, 4706, 94120653, 94122087, 653, 2087
3, 4707, 94140653, 94142087, 653, 2087
3, 4708, 94160653, 94162087, 653, 2087
3, 4709, 94180653, 94182087, 653, 2087
3, 471, 9420653, 9422493, 653, 2493
3, 4710, 94200653, 94202809, 653, 2809
3, 4711, 94220653, 94222557, 653, 2557
3, 4712, 94240653, 94242087, 653, 2087
3, 4713, 94260653, 94262493, 653, 2493
3, 4714, 94280653, 94282087, 653, 2087
3, 4715, 94300653, 94302087, 653, 2087
3, 4716, 94320653, 94322493, 653, 2493
3, 4717, 94340653, 94342087, 653, 2087
3, 4718, 94360653, 94363668, 653, 3668
3, 4719, 94380653, 94382493, 653, 2493
3, 472, 9440653, 9442087, 653, 2087
3, 4720, 94400653, 94402557, 653, 2557
3, 4721, 94420653, 94422087, 653, 2087
3, 4722, 94440653, 94442493, 653, 2493
3, 4723, 94460653, 94462087, 653, 2087
3, 4724, 94480653, 94482087, 653, 2087
3, 4725, 94500653, 94505018, 653, 5018
3, 4726, 94520653, 94522087, 653, 2087
3, 4727, 94540653, 94542087, 653, 2087
3, 4728, 94560653, 94562493, 653, 2493
3, 4729, 94580653, 94582087, 653, 2087
3, 473, 9460653, 9462087, 653, 2087
3, 4730, 94600653, 94602087, 653, 2087
3, 4731, 94620653, 94622493, 653, 2493
3, 4732, 94640653, 94643668, 653, 3668
3, 4733, 94660653, 94662087, 653, 2087
3, 4734, 94680653, 94682493, 653, 2493
3, 4735, 94700653, 94702087, 653, 2087
3, 4736, 94720653, 94722087, 653, 2087
3, 4737, 94740653, 94742087, 653, 2087
3, 4738, 94760653, 94762087, 653, 2087
3, 4739, 94780653, 94783668, 653, 3668
3, 474, 9480653, 9482087, 653, 2087
3, 4740, 94800653, 94803360, 653, 3360
3, 4741, 94820653, 94822087, 653, 2087
3, 4742, 94840653, 94842087, 653, 2087
3, 4743, 94860653, 94862493, 653, 2493
3, 4744, 94880653, 94882087, 653, 2087
3, 4745, 94900653, 94902087, 653, 2087
3, 4746, 94920653, 94923365, 653, 3365
3, 4747, 94940653, 94942087, 653, 2087
3, 4748, 94960653, 94962557, 653, 2557
3, 4749, 94980653, 94982493, 653, 2493
3, 475, 9500653, 9502087, 653, 2087
3, 4750, 95000653, 95002087, 653, 2087
3, 4751, 95020653, 95022087, 653, 2087
3, 4752, 95040653, 95042809, 653, 2809
3, 4753, 95060653, 95063668, 653, 3668
3, 4754, 95080653, 95082087, 653, 2087
3, 4755, 95100653, 95102809, 653, 2809
3, 4756, 95120653, 95122087, 653, 2087
3, 4757, 95140653, 95142087, 653, 2087
3, 4758, 95160653, 95162087, 653, 2087
3, 4759, 95180653, 95182087, 653, 2087
3, 476, 9520653, 9525634, 653, 5634
3, 4760, 95200653, 95205634, 653, 5634
3, 4761, 95220653, 95222493, 653, 2493
3, 4762, 95240653, 95242087, 653, 2087
3, 4763, 95260653, 95262087, 653, 2087
3, 4764, 95280653, 95282493, 653, 2493
3, 4765, 95300653, 95302087, 653, 2087
3, 4766, 95320653, 95322087, 653, 2087
3, 4767, 95340653, 95343365, 653, 3365
3, 4768, 95360653, 95362087, 653, 2087
3, 4769, 95380653, 95383327, 653, 3327
3, 477, 9540653, 9542493, 653, 2493
3, 4770, 95400653, 95402809, 653, 2809
3, 4771, 95420653, 95422087, 653, 2087
3, 4772, 95440653, 95442087, 653, 2087
3, 4773, 95460653, 95462493, 653, 2493
3, 4774, 95480653, 95483668, 653, 3668
3, 4775, 95500653, 95502087, 653, 2087
3, 4776, 95520653, 95522809, 653, 2809
3, 4777, 95540653, 95542087, 653, 2087
3, 4778, 95560653, 95562087, 653, 2087
3, 4779, 95580653, 95582087, 653, 2087
3, 478, 9560653, 9562087, 653, 2087
3, 4780, 95600653, 95602087, 653, 2087
3, 4781, 95620653, 95622557, 653, 2557
3, 4782, 95640653, 95642493, 653, 2493
3, 4783, 95660653, 95662087, 653, 2087
3, 4784, 95680653, 95682087, 653, 2087
3, 4785, 95700653, 95702493, 653, 2493
3, 4786, 95720653, 95722087, 653, 2087
3, 4787, 95740653, 95742087, 653, 2087
3, 4788, 95760653, 95764643, 653, 4643
3, 4789, 95780653, 95782087, 653, 2087
3, 479, 9580653, 9582087, 653, 2087
3, 4790, 95800653, 95802557, 653, 2557
3, 4791, 95820653, 95822493, 653, 2493
3, 4792, 95840653, 95842087, 653, 2087
3, 4793, 95860653, 95862087, 653, 2087
3, 4794, 95880653, 95882493, 653, 2493
3, 4795, 95900653, 95903668, 653, 3668
3, 4796, 95920653, 95922087, 653, 2087
3, 4797, 95940653, 95942493, 653, 2493
3, 4798, 95960653, 95962087, 653, 2087
3, 4799, 95980653, 95982087, 653, 2087
3, 48, 960653, 962809, 653, 2809
3, 480, 9600653, 9602809, 653, 2809
3, 4800, 96000653, 96003360, 653, 3360
3, 4801, 96020653, 96022087, 653, 2087
3, 4802, 96040653, 96042557, 653, 2557
3, 4803, 96060653, 96062493, 653, 2493
3, 4804, 96080653, 96082557, 653, 2557
3, 4805, 96100653, 96102087, 653, 2087
3, 4806, 96120653, 96122087, 653, 2087
3, 4807, 96140653, 96142087, 653, 2087
3, 4808, 96160653, 96162087, 653, 2087
3, 4809, 96180653, 96183365, 653, 3365
3, 481, 9620653, 9622087, 653, 2087
3, 4810, 96200653, 96202087, 653, 2087
3, 4811, 96220653, 96222087, 653, 2087
3, 4812, 96240653, 96242809, 653, 2809
3, 4813, 96260653, 96262087, 653, 2087
3, 4814, 96280653, 96282087, 653, 2087
3, 4815, 96300653, 96302493, 653, 2493
3, 4816, 96320653, 96325634, 653, 5634
3, 4817, 96340653, 96342087, 653, 2087
3, 4818, 96360653, 96362493, 653, 2493
3, 4819, 96380653, 96382087, 653, 2087
3, 482, 9640653, 9642087, 653, 2087
3, 4820, 96400653, 96402557, 653, 2557
3, 4821, 96420653, 96422391, 653, 2391
3, 4822, 96440653, 96442087, 653, 2087
3, 4823, 96460653, 96462557, 653, 2557
3, 4824, 96480653, 96482809, 653, 2809
3, 4825, 96500653, 96502557, 653, 2557
3, 4826, 96520653, 96522087, 653, 2087
3, 4827, 96540653, 96542087, 653, 2087
3, 4828, 96560653, 96562087, 653, 2087
3, 4829, 96580653, 96582087, 653, 2087
3, 483, 9660653, 9663365, 653, 3365
3, 4830, 96600653, 96605018, 653, 5018
3, 4831, 96620653, 96622087, 653, 2087
3, 4832, 96640653, 96642087, 653, 2087
3, 4833, 96660653, 96662493, 653, 2493
3, 4834, 96680653, 96682087, 653, 2087
3, 4835, 96700653, 96702087, 653, 2087
3, 4836, 96720653, 96722493, 653, 2493
3, 4837, 96740653, 96743668, 653, 3668
3, 4838, 96760653, 96762087, 653, 2087
3, 4839, 96780653, 96782493, 653, 2493
3, 484, 9680653, 9682087, 653, 2087
3, 4840, 96800653, 96802087, 653, 2087
3, 4841, 96820653, 96822087, 653, 2087
3, 4842, 96840653, 96842493, 653, 2493
3, 4843, 96860653, 96862087, 653, 2087
3, 4844, 96880653, 96883668, 653, 3668
3, 4845, 96900653, 96902809, 653, 2809
3, 4846, 96920653, 96922087, 653, 2087
3, 4847, 96940653, 96942087, 653, 2087
3, 4848, 96960653, 96962493, 653, 2493
3, 4849, 96980653, 96982087, 653, 2087
3, 485, 9700653, 9702557, 653, 2557
3, 4850, 97000653, 97002087, 653, 2087
3, 4851, 97020653, 97023365, 653, 3365
3, 4852, 97040653, 97042087, 653, 2087
3, 4853, 97060653, 97062087, 653, 2087
3, 4854, 97080653, 97082493, 653, 2493
3, 4855, 97100653, 97102087, 653, 2087
3, 4856, 97120653, 97122087, 653, 2087
3, 4857, 97140653, 97142087, 653, 2087
3, 4858, 97160653, 97163668, 653, 3668
3, 4859, 97180653, 97182087, 653, 2087
3, 486, 9720653, 9722493, 653, 2493
3, 4860, 97200653, 97203206, 653, 3206
3, 4861, 97220653, 97222087, 653, 2087
3, 4862, 97240653, 97242087, 653, 2087
3, 4863, 97260653, 97262493, 653, 2493
3, 4864, 97280653, 97282087, 653, 2087
3, 4865, 97300653, 97304530, 653, 4530
3, 4866, 97320653, 97322087, 653, 2087
3, 4867, 97340653, 97342087, 653, 2087
3, 4868, 97360653, 97362087, 653, 2087
3, 4869, 97380653, 97382087, 653, 2087
3, 487, 9740653, 9742087, 653, 2087
3, 4870, 97400653, 97402087, 653, 2087
3, 4871, 97420653, 97422087, 653, 2087
3, 4872, 97440653, 97446845, 653, 6845
3, 4873, 97460653, 97462087, 653, 2087
3, 4874, 97480653, 97482087, 653, 2087
3, 4875, 97500653, 97502809, 653, 2809
3, 4876, 97520653, 97522087, 653, 2087
3, 4877, 97540653, 97542087, 653, 2087
3, 4878, 97560653, 97562087, 653, 2087
3, 4879, 97580653, 97583668, 653, 3668
3, 488, 9760653, 9762087, 653, 2087
3, 4880, 97600653, 97602557, 653, 2557
3, 4881, 97620653, 97622493, 653, 2493
3, 4882, 97640653, 97642087, 653, 2087
3, 4883, 97660653, 97662087, 653, 2087
3, 4884, 97680653, 97682809, 653, 2809
3, 4885, 97700653, 97702087, 653, 2087
3, 4886, 97720653, 97722557, 653, 2557
3, 4887, 97740653, 97742087, 653, 2087
3, 4888, 97760653, 97765828, 653, 5828
3, 4889, 97780653, 97782087, 653, 2087
3, 489, 9780653, 9782493, 653, 2493
3, 4890, 97800653, 97802493, 653, 2493
3, 4891, 97820653, 97822087, 653, 2087
3, 4892, 97840653, 97842087, 653, 2087
3, 4893, 97860653, 97864643, 653, 4643
3, 4894, 97880653, 97882087, 653, 2087
3, 4895, 97900653, 97902087, 653, 2087
3, 4896, 97920653, 97922809, 653, 2809
3, 4897, 97940653, 97942961, 653, 2961
3, 4898, 97960653, 97962087, 653, 2087
3, 4899, 97980653, 97982087, 653, 2087
3, 49, 980653, 982557, 653, 2557
3, 490, 9800653, 9803668, 653, 3668
3, 4900, 98000653, 98003668, 653, 3668
3, 4901, 98020653, 98022087, 653, 2087
3, 4902, 98040653, 98042493, 653, 2493
3, 4903, 98060653, 98062087, 653, 2087
3, 4904, 98080653, 98082087, 653, 2087
3, 4905, 98100653, 98102809, 653, 2809
3, 4906, 98120653, 98122087, 653, 2087
3, 4907, 98140653, 98142557, 653, 2557
3, 4908, 98160653, 98162493, 653, 2493
3, 4909, 98180653, 98182087, 653, 2087
3, 491, 9820653, 9822087, 653, 2087
3, 4910, 98200653, 98202087, 653, 2087
3, 4911, 98220653, 98222087, 653, 2087
3, 4912, 98240653, 98242087, 653, 2087
3, 4913, 98260653, 98262087, 653, 2087
3, 4914, 98280653, 98284643, 653, 4643
3, 4915, 98300653, 98302087, 653, 2087
3, 4916, 98320653, 98322087, 653, 2087
3, 4917, 98340653, 98342087, 653, 2087
3, 4918, 98360653, 98363440, 653, 3440
3, 4919, 98380653, 98382087, 653, 2087
3, 492, 9840653, 9842809, 653, 2809
3, 4920, 98400653, 98402809, 653, 2809
3, 4921, 98420653, 98422557, 653, 2557
3, 4922, 98440653, 98442087, 653, 2087
3, 4923, 98460653, 98462809, 653, 2809
3, 4924, 98480653, 98482087, 653, 2087
3, 4925, 98500653, 98502087, 653, 2087
3, 4926, 98520653, 98522493, 653, 2493
3, 4927, 98540653, 98542087, 653, 2087
3, 4928, 98560653, 98563668, 653, 3668
3, 4929, 98580653, 98582087, 653, 2087
3, 493, 9860653, 9862087, 653, 2087
3, 4930, 98600653, 98602557, 653, 2557
3, 4931, 98620653, 98622087, 653, 2087
3, 4932, 98640653, 98642493, 653, 2493
3, 4933, 98660653, 98662087, 653, 2087
3, 4934, 98680653, 98682087, 653, 2087
3, 4935, 98700653, 98704643, 653, 4643
3, 4936, 98720653, 98722087, 653, 2087
3, 4937, 98740653, 98742087, 653, 2087
3, 4938, 98760653, 98762087, 653, 2087
3, 4939, 98780653, 98782087, 653, 2087
3, 494, 9880653, 9882087, 653, 2087
3, 4940, 98800653, 98802557, 653, 2557
3, 4941, 98820653, 98822087, 653, 2087
3, 4942, 98840653, 98842557, 653, 2557
3, 4943, 98860653, 98862087, 653, 2087
3, 4944, 98880653, 98883214, 653, 3214
3, 4945, 98900653, 98902087, 653, 2087
3, 4946, 98920653, 98922087, 653, 2087
3, 4947, 98940653, 98942493, 653, 2493
3, 4948, 98960653, 98962087, 653, 2087
3, 4949, 98980653, 98982557, 653, 2557
3, 495, 9900653, 9902493, 653, 2493
3, 4950, 99000653, 99002493, 653, 2493
3, 4951, 99020653, 99022087, 653, 2087
3, 4952, 99040653, 99042087, 653, 2087
3, 4953, 99060653, 99062493, 653, 2493
3, 4954, 99080653, 99082087, 653, 2087
3, 4955, 99100653, 99102087, 653, 2087
3, 4956, 99120653, 99126609, 653, 6609
3, 4957, 99140653, 99142087, 653, 2087
3, 4958, 99160653, 99162087, 653, 2087
3, 4959, 99180653, 99182087, 653, 2087
3, 496, 9920653, 9922087, 653, 2087
3, 4960, 99200653, 99202557, 653, 2557
3, 4961, 99220653, 99222087, 653, 2087
3, 4962, 99240653, 99242087, 653, 2087
3, 4963, 99260653, 99262557, 653, 2557
3, 4964, 99280653, 99282087, 653, 2087
3, 4965, 99300653, 99303206, 653, 3206
3, 4966, 99320653, 99322087, 653, 2087
3, 4967, 99340653, 99342087, 653, 2087
3, 4968, 99360653, 99362493, 653, 2493
3, 4969, 99380653, 99382087, 653, 2087
3, 497, 9940653, 9942557, 653, 2557
3, 4970, 99400653, 99404530, 653, 4530
3, 4971, 99420653, 99422087, 653, 2087
3, 4972, 99440653, 99442087, 653, 2087
3, 4973, 99460653, 99462087, 653, 2087
3, 4974, 99480653, 99482493, 653, 2493
3, 4975, 99500653, 99502087, 653, 2087
3, 4976, 99520653, 99522087, 653, 2087
3, 4977, 99540653, 99544643, 653, 4643
3, 4978, 99560653, 99562087, 653, 2087
3, 4979, 99580653, 99582087, 653, 2087
3, 498, 9960653, 9962493, 653, 2493
3, 4980, 99600653, 99602809, 653, 2809
3, 4981, 99620653, 99622087, 653, 2087
3, 4982, 99640653, 99642087, 653, 2087
3, 4983, 99660653, 99662087, 653, 2087
3, 4984, 99680653, 99683668, 653, 3668
3, 4985, 99700653, 99702087, 653, 2087
3, 4986, 99720653, 99722809, 653, 2809
3, 4987, 99740653, 99742087, 653, 2087
3, 4988, 99760653, 99762087, 653, 2087
3, 4989, 99780653, 99782087, 653, 2087
3, 499, 9980653, 9982087, 653, 2087
3, 4990, 99800653, 99802087, 653, 2087
3, 4991, 99820653, 99823668, 653, 3668
3, 4992, 99840653, 99842493, 653, 2493
3, 4993, 99860653, 99862087, 653, 2087
3, 4994, 99880653, 99882087, 653, 2087
3, 4995, 99900653, 99902809, 653, 2809
3, 4996, 99920653, 99922087, 653, 2087
3, 4997, 99940653, 99942087, 653, 2087
3, 4998, 99960653, 99964643, 653, 4643
3, 4999, 99980653, 99982087, 653, 2087
3, 5, 100653, 102087, 653, 2087
3, 50, 1000653, 1002087, 653, 2087
3, 500, 10000653, 10002087, 653, 2087
3, 5000, 100000653, 100002557, 653, 2557
3, 5001, 100020653, 100022087, 653, 2087
3, 5002, 100040653, 100042087, 653, 2087
3, 5003, 100060653, 100062087, 653, 2087
3, 5004, 100080653, 100082493, 653, 2493
3, 5005, 100100653, 100104530, 653, 4530
3, 5006, 100120653, 100122087, 653, 2087
3, 5007, 100140653, 100142809, 653, 2809
3, 5008, 100160653, 100162087, 653, 2087
3, 5009, 100180653, 100182087, 653, 2087
3, 501, 10020653, 10022087, 653, 2087
3, 5010, 100200653, 100202493, 653, 2493
3, 5011, 100220653, 100222087, 653, 2087
3, 5012, 100240653, 100245634, 653, 5634
3, 5013, 100260653, 100262087, 653, 2087
3, 5014, 100280653, 100282087, 653, 2087
3, 5015, 100300653, 100302087, 653, 2087
3, 5016, 100320653, 100323217, 653, 3217
3, 5017, 100340653, 100342087, 653, 2087
3, 5018, 100360653, 100362087, 653, 2087
3, 5019, 100380653, 100383365, 653, 3365
3, 502, 10040653, 10042087, 653, 2087
3, 5020, 100400653, 100402557, 653, 2557
3, 5021, 100420653, 100422087, 653, 2087
3, 5022, 100440653, 100442087, 653, 2087
3, 5023, 100460653, 100462087, 653, 2087
3, 5024, 100480653, 100482087, 653, 2087
3, 5025, 100500653, 100502809, 653, 2809
3, 5026, 100520653, 100522557, 653, 2557
3, 5027, 100540653, 100542087, 653, 2087
3, 5028, 100560653, 100563214, 653, 3214
3, 5029, 100580653, 100582087, 653, 2087
3, 503, 10060653, 10062087, 653, 2087
3, 5030, 100600653, 100602087, 653, 2087
3, 5031, 100620653, 100622087, 653, 2087
3, 5032, 100640653, 100642087, 653, 2087
3, 5033, 100660653, 100663668, 653, 3668
3, 5034, 100680653, 100682087, 653, 2087
3, 5035, 100700653, 100702087, 653, 2087
3, 5036, 100720653, 100722087, 653, 2087
3, 5037, 100740653, 100742493, 653, 2493
3, 5038, 100760653, 100762087, 653, 2087
3, 5039, 100780653, 100782087, 653, 2087
3, 504, 10080653, 10084643, 653, 4643
3, 5040, 100800653, 100804643, 653, 4643
3, 5041, 100820653, 100822087, 653, 2087
3, 5042, 100840653, 100842087, 653, 2087
3, 5043, 100860653, 100862087, 653, 2087
3, 5044, 100880653, 100882087, 653, 2087
3, 5045, 100900653, 100902087, 653, 2087
3, 5046, 100920653, 100922493, 653, 2493
3, 5047, 100940653, 100942557, 653, 2557
3, 5048, 100960653, 100962087, 653, 2087
3, 5049, 100980653, 100982809, 653, 2809
3, 505, 10100653, 10102087, 653, 2087
3, 5050, 101000653, 101002087, 653, 2087
3, 5051, 101020653, 101022087, 653, 2087
3, 5052, 101040653, 101042493, 653, 2493
3, 5053, 101060653, 101062087, 653, 2087
3, 5054, 101080653, 101083668, 653, 3668
3, 5055, 101100653, 101102809, 653, 2809
3, 5056, 101120653, 101122087, 653, 2087
3, 5057, 101140653, 101142087, 653, 2087
3, 5058, 101160653, 101162493, 653, 2493
3, 5059, 101180653, 101182087, 653, 2087
3, 506, 10120653, 10122087, 653, 2087
3, 5060, 101200653, 101202087, 653, 2087
3, 5061, 101220653, 101223365, 653, 3365
3, 5062, 101240653, 101242087, 653, 2087
3, 5063, 101260653, 101262087, 653, 2087
3, 5064, 101280653, 101282493, 653, 2493
3, 5065, 101300653, 101302087, 653, 2087
3, 5066, 101320653, 101322087, 653, 2087
3, 5067, 101340653, 101342493, 653, 2493
3, 5068, 101360653, 101363668, 653, 3668
3, 5069, 101380653, 101382087, 653, 2087
3, 507, 10140653, 10142493, 653, 2493
3, 5070, 101400653, 101402809, 653, 2809
3, 5071, 101420653, 101422087, 653, 2087
3, 5072, 101440653, 101442087, 653, 2087
3, 5073, 101460653, 101462087, 653, 2087
3, 5074, 101480653, 101482087, 653, 2087
3, 5075, 101500653, 101503668, 653, 3668
3, 5076, 101520653, 101522809, 653, 2809
3, 5077, 101540653, 101542087, 653, 2087
3, 5078, 101560653, 101562087, 653, 2087
3, 5079, 101580653, 101582493, 653, 2493
3, 508, 10160653, 10162087, 653, 2087
3, 5080, 101600653, 101602557, 653, 2557
3, 5081, 101620653, 101622087, 653, 2087
3, 5082, 101640653, 101643365, 653, 3365
3, 5083, 101660653, 101662087, 653, 2087
3, 5084, 101680653, 101682557, 653, 2557
3, 5085, 101700653, 101702493, 653, 2493
3, 5086, 101720653, 101722087, 653, 2087
3, 5087, 101740653, 101742087, 653, 2087
3, 5088, 101760653, 101762809, 653, 2809
3, 5089, 101780653, 101783668, 653, 3668
3, 509, 10180653, 10182087, 653, 2087
3, 5090, 101800653, 101802087, 653, 2087
3, 5091, 101820653, 101822493, 653, 2493
3, 5092, 101840653, 101842087, 653, 2087
3, 5093, 101860653, 101862087, 653, 2087
3, 5094, 101880653, 101882087, 653, 2087
3, 5095, 101900653, 101902087, 653, 2087
3, 5096, 101920653, 101925634, 653, 5634
3, 5097, 101940653, 101942493, 653, 2493
3, 5098, 101960653, 101962087, 653, 2087
3, 5099, 101980653, 101982087, 653, 2087
3, 51, 1020653, 1022809, 653, 2809
3, 510, 10200653, 10202809, 653, 2809
3, 5100, 102000653, 102003360, 653, 3360
3, 5101, 102020653, 102022087, 653, 2087
3, 5102, 102040653, 102042087, 653, 2087
3, 5103, 102060653, 102063365, 653, 3365
3, 5104, 102080653, 102082087, 653, 2087
3, 5105, 102100653, 102102557, 653, 2557
3, 5106, 102120653, 102122087, 653, 2087
3, 5107, 102140653, 102142087, 653, 2087
3, 5108, 102160653, 102162087, 653, 2087
3, 5109, 102180653, 102182493, 653, 2493
3, 511, 10220653, 10223668, 653, 3668
3, 5110, 102200653, 102203668, 653, 3668
3, 5111, 102220653, 102222087, 653, 2087
3, 5112, 102240653, 102242809, 653, 2809
3, 5113, 102260653, 102262087, 653, 2087
3, 5114, 102280653, 102282087, 653, 2087
3, 5115, 102300653, 102302493, 653, 2493
3, 5116, 102320653, 102322087, 653, 2087
3, 5117, 102340653, 102343668, 653, 3668
3, 5118, 102360653, 102362493, 653, 2493
3, 5119, 102380653, 102382087, 653, 2087
3, 512, 10240653, 10242087, 653, 2087
3, 5120, 102400653, 102402087, 653, 2087
3, 5121, 102420653, 102422087, 653, 2087
3, 5122, 102440653, 102442087, 653, 2087
3, 5123, 102460653, 102462087, 653, 2087
3, 5124, 102480653, 102484643, 653, 4643
3, 5125, 102500653, 102502087, 653, 2087
3, 5126, 102520653, 102522087, 653, 2087
3, 5127, 102540653, 102542493, 653, 2493
3, 5128, 102560653, 102562087, 653, 2087
3, 5129, 102580653, 102582087, 653, 2087
3, 513, 10260653, 10262493, 653, 2493
3, 5130, 102600653, 102602809, 653, 2809
3, 5131, 102620653, 102623668, 653, 3668
3, 5132, 102640653, 102642087, 653, 2087
3, 5133, 102660653, 102662493, 653, 2493
3, 5134, 102680653, 102682087, 653, 2087
3, 5135, 102700653, 102702087, 653, 2087
3, 5136, 102720653, 102722493, 653, 2493
3, 5137, 102740653, 102742087, 653, 2087
3, 5138, 102760653, 102762557, 653, 2557
3, 5139, 102780653, 102782493, 653, 2493
3, 514, 10280653, 10282087, 653, 2087
3, 5140, 102800653, 102802557, 653, 2557
3, 5141, 102820653, 102822087, 653, 2087
3, 5142, 102840653, 102842087, 653, 2087
3, 5143, 102860653, 102862087, 653, 2087
3, 5144, 102880653, 102882087, 653, 2087
3, 5145, 102900653, 102905018, 653, 5018
3, 5146, 102920653, 102922087, 653, 2087
3, 5147, 102940653, 102942087, 653, 2087
3, 5148, 102960653, 102962809, 653, 2809
3, 5149, 102980653, 102982087, 653, 2087
3, 515, 10300653, 10302087, 653, 2087
3, 5150, 103000653, 103002087, 653, 2087
3, 5151, 103020653, 103022493, 653, 2493
3, 5152, 103040653, 103045634, 653, 5634
3, 5153, 103060653, 103062087, 653, 2087
3, 5154, 103080653, 103082493, 653, 2493
3, 5155, 103100653, 103102087, 653, 2087
3, 5156, 103120653, 103122087, 653, 2087
3, 5157, 103140653, 103142493, 653, 2493
3, 5158, 103160653, 103162087, 653, 2087
3, 5159, 103180653, 103182557, 653, 2557
3, 516, 10320653, 10322809, 653, 2809
3, 5160, 103200653, 103203360, 653, 3360
3, 5161, 103220653, 103222087, 653, 2087
3, 5162, 103240653, 103242087, 653, 2087
3, 5163, 103260653, 103262087, 653, 2087
3, 5164, 103280653, 103282087, 653, 2087
3, 5165, 103300653, 103302087, 653, 2087
3, 5166, 103320653, 103323365, 653, 3365
3, 5167, 103340653, 103342087, 653, 2087
3, 5168, 103360653, 103362557, 653, 2557
3, 5169, 103380653, 103382493, 653, 2493
3, 517, 10340653, 10342087, 653, 2087
3, 5170, 103400653, 103402087, 653, 2087
3, 5171, 103420653, 103422087, 653, 2087
3, 5172, 103440653, 103442493, 653, 2493
3, 5173, 103460653, 103463668, 653, 3668
3, 5174, 103480653, 103482087, 653, 2087
3, 5175, 103500653, 103502809, 653, 2809
3, 5176, 103520653, 103522087, 653, 2087
3, 5177, 103540653, 103542087, 653, 2087
3, 5178, 103560653, 103562427, 653, 2427
3, 5179, 103580653, 103582087, 653, 2087
3, 518, 10360653, 10362557, 653, 2557
3, 5180, 103600653, 103603668, 653, 3668
3, 5181, 103620653, 103622493, 653, 2493
3, 5182, 103640653, 103642087, 653, 2087
3, 5183, 103660653, 103662087, 653, 2087
3, 5184, 103680653, 103682493, 653, 2493
3, 5185, 103700653, 103702087, 653, 2087
3, 5186, 103720653, 103722087, 653, 2087
3, 5187, 103740653, 103743365, 653, 3365
3, 5188, 103760653, 103762087, 653, 2087
3, 5189, 103780653, 103782087, 653, 2087
3, 519, 10380653, 10382493, 653, 2493
3, 5190, 103800653, 103802809, 653, 2809
3, 5191, 103820653, 103822087, 653, 2087
3, 5192, 103840653, 103842087, 653, 2087
3, 5193, 103860653, 103862087, 653, 2087
3, 5194, 103880653, 103883668, 653, 3668
3, 5195, 103900653, 103902087, 653, 2087
3, 5196, 103920653, 103922809, 653, 2809
3, 5197, 103940653, 103942087, 653, 2087
3, 5198, 103960653, 103962087, 653, 2087
3, 5199, 103980653, 103982493, 653, 2493
3, 52, 1040653, 1042087, 653, 2087
3, 520, 10400653, 10404088, 653, 4088
3, 5200, 104000653, 104002087, 653, 2087
3, 5201, 104020653, 104022557, 653, 2557
3, 5202, 104040653, 104042493, 653, 2493
3, 5203, 104060653, 104062087, 653, 2087
3, 5204, 104080653, 104082087, 653, 2087
3, 5205, 104100653, 104102493, 653, 2493
3, 5206, 104120653, 104122087, 653, 2087
3, 5207, 104140653, 104142087, 653, 2087
3, 5208, 104160653, 104164643, 653, 4643
3, 5209, 104180653, 104182087, 653, 2087
3, 521, 10420653, 10422087, 653, 2087
3, 5210, 104200653, 104202087, 653, 2087
3, 5211, 104220653, 104222493, 653, 2493
3, 5212, 104240653, 104242087, 653, 2087
3, 5213, 104260653, 104262087, 653, 2087
3, 5214, 104280653, 104282087, 653, 2087
3, 5215, 104300653, 104303668, 653, 3668
3, 5216, 104320653, 104322087, 653, 2087
3, 5217, 104340653, 104342493, 653, 2493
3, 5218, 104360653, 104362087, 653, 2087
3, 5219, 104380653, 104382087, 653, 2087
3, 522, 10440653, 10442087, 653, 2087
3, 5220, 104400653, 104403360, 653, 3360
3, 5221, 104420653, 104422087, 653, 2087
3, 5222, 104440653, 104442557, 653, 2557
3, 5223, 104460653, 104462087, 653, 2087
3, 5224, 104480653, 104484421, 653, 4421
3, 5225, 104500653, 104502087, 653, 2087
3, 5226, 104520653, 104522087, 653, 2087
3, 5227, 104540653, 104542087, 653, 2087
3, 5228, 104560653, 104562087, 653, 2087
3, 5229, 104580653, 104584643, 653, 4643
3, 523, 10460653, 10462087, 653, 2087
3, 5230, 104600653, 104602087, 653, 2087
3, 5231, 104620653, 104622087, 653, 2087
3, 5232, 104640653, 104642809, 653, 2809
3, 5233, 104660653, 104662557, 653, 2557
3, 5234, 104680653, 104682087, 653, 2087
3, 5235, 104700653, 104702493, 653, 2493
3, 5236, 104720653, 104725634, 653, 5634
3, 5237, 104740653, 104742087, 653, 2087
3, 5238, 104760653, 104762493, 653, 2493
3, 5239, 104780653, 104782087, 653, 2087
3, 524, 10480653, 10482087, 653, 2087
3, 5240, 104800653, 104802087, 653, 2087
3, 5241, 104820653, 104822493, 653, 2493
3, 5242, 104840653, 104842087, 653, 2087
3, 5243, 104860653, 104862557, 653, 2557
3, 5244, 104880653, 104882493, 653, 2493
3, 5245, 104900653, 104904369, 653, 4369
3, 5246, 104920653, 104922087, 653, 2087
3, 5247, 104940653, 104942087, 653, 2087
3, 5248, 104960653, 104962087, 653, 2087
3, 5249, 104980653, 104982087, 653, 2087
3, 525, 10500653, 10505018, 653, 5018
3, 5250, 105000653, 105004643, 653, 4643
3, 5251, 105020653, 105022087, 653, 2087
3, 5252, 105040653, 105042087, 653, 2087
3, 5253, 105060653, 105062493, 653, 2493
3, 5254, 105080653, 105082087, 653, 2087
3, 5255, 105100653, 105102087, 653, 2087
3, 5256, 105120653, 105122493, 653, 2493
3, 5257, 105140653, 105142557, 653, 2557
3, 5258, 105160653, 105162087, 653, 2087
3, 5259, 105180653, 105182493, 653, 2493
3, 526, 10520653, 10522087, 653, 2087
3, 5260, 105200653, 105202087, 653, 2087
3, 5261, 105220653, 105222087, 653, 2087
3, 5262, 105240653, 105242493, 653, 2493
3, 5263, 105260653, 105262087, 653, 2087
3, 5264, 105280653, 105283668, 653, 3668
3, 5265, 105300653, 105302493, 653, 2493
3, 5266, 105320653, 105322087, 653, 2087
3, 5267, 105340653, 105342087, 653, 2087
3, 5268, 105360653, 105362493, 653, 2493
3, 5269, 105380653, 105382087, 653, 2087
3, 527, 10540653, 10542087, 653, 2087
3, 5270, 105400653, 105402087, 653, 2087
3, 5271, 105420653, 105424643, 653, 4643
3, 5272, 105440653, 105442087, 653, 2087
3, 5273, 105460653, 105462087, 653, 2087
3, 5274, 105480653, 105482087, 653, 2087
3, 5275, 105500653, 105505046, 653, 5046
3, 5276, 105520653, 105522087, 653, 2087
3, 5277, 105540653, 105542087, 653, 2087
3, 5278, 105560653, 105562557, 653, 2557
3, 5279, 105580653, 105582087, 653, 2087
3, 528, 10560653, 10562809, 653, 2809
3, 5280, 105600653, 105604575, 653, 4575
3, 5281, 105620653, 105622087, 653, 2087
3, 5282, 105640653, 105642087, 653, 2087
3, 5283, 105660653, 105662493, 653, 2493
3, 5284, 105680653, 105682087, 653, 2087
3, 5285, 105700653, 105704530, 653, 4530
3, 5286, 105720653, 105722087, 653, 2087
3, 5287, 105740653, 105742087, 653, 2087
3, 5288, 105760653, 105762087, 653, 2087
3, 5289, 105780653, 105782087, 653, 2087
3, 529, 10580653, 10582087, 653, 2087
3, 5290, 105800653, 105802087, 653, 2087
3, 5291, 105820653, 105822087, 653, 2087
3, 5292, 105840653, 105846609, 653, 6609
3, 5293, 105860653, 105862087, 653, 2087
3, 5294, 105880653, 105882087, 653, 2087
3, 5295, 105900653, 105902493, 653, 2493
3, 5296, 105920653, 105922087, 653, 2087
3, 5297, 105940653, 105942087, 653, 2087
3, 5298, 105960653, 105962087, 653, 2087
3, 5299, 105980653, 105982557, 653, 2557
3, 53, 1060653, 1062087, 653, 2087
3, 530, 10600653, 10602087, 653, 2087
3, 5300, 106000653, 106002557, 653, 2557
3, 5301, 106020653, 106022809, 653, 2809
3, 5302, 106040653, 106042087, 653, 2087
3, 5303, 106060653, 106062087, 653, 2087
3, 5304, 106080653, 106082809, 653, 2809
3, 5305, 106100653, 106102087, 653, 2087
3, 5306, 106120653, 106122557, 653, 2557
3, 5307, 106140653, 106142087, 653, 2087
3, 5308, 106160653, 106162087, 653, 2087
3, 5309, 106180653, 106182087, 653, 2087
3, 531, 10620653, 10622087, 653, 2087
3, 5310, 106200653, 106202493, 653, 2493
3, 5311, 106220653, 106222087, 653, 2087
3, 5312, 106240653, 106242087, 653, 2087
3, 5313, 106260653, 106264643, 653, 4643
3, 5314, 106280653, 106282087, 653, 2087
3, 5315, 106300653, 106302087, 653, 2087
3, 5316, 106320653, 106322493, 653, 2493
3, 5317, 106340653, 106342087, 653, 2087
3, 5318, 106360653, 106362087, 653, 2087
3, 5319, 106380653, 106382087, 653, 2087
3, 532, 10640653, 10645634, 653, 5634
3, 5320, 106400653, 106403668, 653, 3668
3, 5321, 106420653, 106422087, 653, 2087
3, 5322, 106440653, 106442809, 653, 2809
3, 5323, 106460653, 106462087, 653, 2087
3, 5324, 106480653, 106482087, 653, 2087
3, 5325, 106500653, 106502493, 653, 2493
3, 5326, 106520653, 106522087, 653, 2087
3, 5327, 106540653, 106542557, 653, 2557
3, 5328, 106560653, 106562493, 653, 2493
3, 5329, 106580653, 106582087, 653, 2087
3, 533, 10660653, 10662087, 653, 2087
3, 5330, 106600653, 106602087, 653, 2087
3, 5331, 106620653, 106622493, 653, 2493
3, 5332, 106640653, 106642087, 653, 2087
3, 5333, 106660653, 106662087, 653, 2087
3, 5334, 106680653, 106684643, 653, 4643
3, 5335, 106700653, 106702087, 653, 2087
3, 5336, 106720653, 106722087, 653, 2087
3, 5337, 106740653, 106742087, 653, 2087
3, 5338, 106760653, 106762087, 653, 2087
3, 5339, 106780653, 106782087, 653, 2087
3, 534, 10680653, 10682493, 653, 2493
3, 5340, 106800653, 106802809, 653, 2809
3, 5341, 106820653, 106822557, 653, 2557
3, 5342, 106840653, 106842087, 653, 2087
3, 5343, 106860653, 106862809, 653, 2809
3, 5344, 106880653, 106882087, 653, 2087
3, 5345, 106900653, 106902087, 653, 2087
3, 5346, 106920653, 106922087, 653, 2087
3, 5347, 106940653, 106942087, 653, 2087
3, 5348, 106960653, 106965634, 653, 5634
3, 5349, 106980653, 106982087, 653, 2087
3, 535, 10700653, 10702087, 653, 2087
3, 5350, 107000653, 107002087, 653, 2087
3, 5351, 107020653, 107022087, 653, 2087
3, 5352, 107040653, 107042809, 653, 2809
3, 5353, 107060653, 107062087, 653, 2087
3, 5354, 107080653, 107082087, 653, 2087
3, 5355, 107100653, 107104643, 653, 4643
3, 5356, 107120653, 107122087, 653, 2087
3, 5357, 107140653, 107142087, 653, 2087
3, 5358, 107160653, 107162087, 653, 2087
3, 5359, 107180653, 107182087, 653, 2087
3, 536, 10720653, 10722087, 653, 2087
3, 5360, 107200653, 107202557, 653, 2557
3, 5361, 107220653, 107222493, 653, 2493
3, 5362, 107240653, 107242557, 653, 2557
3, 5363, 107260653, 107262087, 653, 2087
3, 5364, 107280653, 107284261, 653, 4261
3, 5365, 107300653, 107302087, 653, 2087
3, 5366, 107320653, 107322087, 653, 2087
3, 5367, 107340653, 107342087, 653, 2087
3, 5368, 107360653, 107362087, 653, 2087
3, 5369, 107380653, 107383668, 653, 3668
3, 537, 10740653, 10742493, 653, 2493
3, 5370, 107400653, 107402493, 653, 2493
3, 5371, 107420653, 107422087, 653, 2087
3, 5372, 107440653, 107442087, 653, 2087
3, 5373, 107460653, 107462493, 653, 2493
3, 5374, 107480653, 107482087, 653, 2087
3, 5375, 107500653, 107502087, 653, 2087
3, 5376, 107520653, 107524643, 653, 4643
3, 5377, 107540653, 107542087, 653, 2087
3, 5378, 107560653, 107562087, 653, 2087
3, 5379, 107580653, 107582087, 653, 2087
3, 538, 10760653, 10762087, 653, 2087
3, 5380, 107600653, 107602087, 653, 2087
3, 5381, 107620653, 107622087, 653, 2087
3, 5382, 107640653, 107642493, 653, 2493
3, 5383, 107660653, 107662557, 653, 2557
3, 5384, 107680653, 107682087, 653, 2087
3, 5385, 107700653, 107703206, 653, 3206
3, 5386, 107720653, 107722087, 653, 2087
3, 5387, 107740653, 107742087, 653, 2087
3, 5388, 107760653, 107762493, 653, 2493
3, 5389, 107780653, 107782087, 653, 2087
3, 539, 10780653, 10782557, 653, 2557
3, 5390, 107800653, 107803668, 653, 3668
3, 5391, 107820653, 107822087, 653, 2087
3, 5392, 107840653, 107842087, 653, 2087
3, 5393, 107860653, 107862087, 653, 2087
3, 5394, 107880653, 107882493, 653, 2493
3, 5395, 107900653, 107902087, 653, 2087
3, 5396, 107920653, 107922087, 653, 2087
3, 5397, 107940653, 107943365, 653, 3365
3, 5398, 107960653, 107962087, 653, 2087
3, 5399, 107980653, 107982087, 653, 2087
3, 54, 1080653, 1082087, 653, 2087
3, 540, 10800653, 10803360, 653, 3360
3, 5400, 108000653, 108002809, 653, 2809
3, 5401, 108020653, 108022087, 653, 2087
3, 5402, 108040653, 108042087, 653, 2087
3, 5403, 108060653, 108062493, 653, 2493
3, 5404, 108080653, 108083668, 653, 3668
3, 5405, 108100653, 108102087, 653, 2087
3, 5406, 108120653, 108122809, 653, 2809
3, 5407, 108140653, 108142087, 653, 2087
3, 5408, 108160653, 108162087, 653, 2087
3, 5409, 108180653, 108182087, 653, 2087
3, 541, 10820653, 10822087, 653, 2087
3, 5410, 108200653, 108202087, 653, 2087
3, 5411, 108220653, 108223668, 653, 3668
3, 5412, 108240653, 108242493, 653, 2493
3, 5413, 108260653, 108262087, 653, 2087
3, 5414, 108280653, 108282087, 653, 2087
3, 5415, 108300653, 108302809, 653, 2809
3, 5416, 108320653, 108322087, 653, 2087
3, 5417, 108340653, 108342087, 653, 2087
3, 5418, 108360653, 108363365, 653, 3365
3, 5419, 108380653, 108382087, 653, 2087
3, 542, 10840653, 10842087, 653, 2087
3, 5420, 108400653, 108404088, 653, 4088
3, 5421, 108420653, 108422087, 653, 2087
3, 5422, 108440653, 108442087, 653, 2087
3, 5423, 108460653, 108462087, 653, 2087
3, 5424, 108480653, 108482809, 653, 2809
3, 5425, 108500653, 108504530, 653, 4530
3, 5426, 108520653, 108522087, 653, 2087
3, 5427, 108540653, 108542493, 653, 2493
3, 5428, 108560653, 108562087, 653, 2087
3, 5429, 108580653, 108582087, 653, 2087
3, 543, 10860653, 10862087, 653, 2087
3, 5430, 108600653, 108602493, 653, 2493
3, 5431, 108620653, 108622087, 653, 2087
3, 5432, 108640653, 108645634, 653, 5634
3, 5433, 108660653, 108662493, 653, 2493
3, 5434, 108680653, 108682087, 653, 2087
3, 5435, 108700653, 108702087, 653, 2087
3, 5436, 108720653, 108722809, 653, 2809
3, 5437, 108740653, 108742087, 653, 2087
3, 5438, 108760653, 108762087, 653, 2087
3, 5439, 108780653, 108783365, 653, 3365
3, 544, 10880653, 10882087, 653, 2087
3, 5440, 108800653, 108802557, 653, 2557
3, 5441, 108820653, 108822087, 653, 2087
3, 5442, 108840653, 108842087, 653, 2087
3, 5443, 108860653, 108862087, 653, 2087
3, 5444, 108880653, 108882087, 653, 2087
3, 5445, 108900653, 108902809, 653, 2809
3, 5446, 108920653, 108922557, 653, 2557
3, 5447, 108940653, 108942087, 653, 2087
3, 5448, 108960653, 108962809, 653, 2809
3, 5449, 108980653, 108982087, 653, 2087
3, 545, 10900653, 10902087, 653, 2087
3, 5450, 109000653, 109002087, 653, 2087
3, 5451, 109020653, 109022087, 653, 2087
3, 5452, 109040653, 109042087, 653, 2087
3, 5453, 109060653, 109063668, 653, 3668
3, 5454, 109080653, 109082493, 653, 2493
3, 5455, 109100653, 109102087, 653, 2087
3, 5456, 109120653, 109122087, 653, 2087
3, 5457, 109140653, 109142493, 653, 2493
3, 5458, 109160653, 109162087, 653, 2087
3, 5459, 109180653, 109182087, 653, 2087
3, 546, 10920653, 10923365, 653, 3365
3, 5460, 109200653, 109204643, 653, 4643
3, 5461, 109220653, 109222087, 653, 2087
3, 5462, 109240653, 109242087, 653, 2087
3, 5463, 109260653, 109262478, 653, 2478
3, 5464, 109280653, 109282087, 653, 2087
3, 5465, 109300653, 109302087, 653, 2087
3, 5466, 109320653, 109322493, 653, 2493
3, 5467, 109340653, 109344743, 653, 4743
3, 5468, 109360653, 109362087, 653, 2087
3, 5469, 109380653, 109382493, 653, 2493
3, 547, 10940653, 10942087, 653, 2087
3, 5470, 109400653, 109402087, 653, 2087
3, 5471, 109420653, 109422087, 653, 2087
3, 5472, 109440653, 109442493, 653, 2493
3, 5473, 109460653, 109462087, 653, 2087
3, 5474, 109480653, 109483668, 653, 3668
3, 5475, 109500653, 109502809, 653, 2809
3, 5476, 109520653, 109522087, 653, 2087
3, 5477, 109540653, 109542087, 653, 2087
3, 5478, 109560653, 109562087, 653, 2087
3, 5479, 109580653, 109582087, 653, 2087
3, 548, 10960653, 10962087, 653, 2087
3, 5480, 109600653, 109602087, 653, 2087
3, 5481, 109620653, 109623365, 653, 3365
3, 5482, 109640653, 109642087, 653, 2087
3, 5483, 109660653, 109662087, 653, 2087
3, 5484, 109680653, 109682809, 653, 2809
3, 5485, 109700653, 109702087, 653, 2087
3, 5486, 109720653, 109722087, 653, 2087
3, 5487, 109740653, 109742493, 653, 2493
3, 5488, 109760653, 109765634, 653, 5634
3, 5489, 109780653, 109782087, 653, 2087
3, 549, 10980653, 10982493, 653, 2493
3, 5490, 109800653, 109802809, 653, 2809
3, 5491, 109820653, 109822087, 653, 2087
3, 5492, 109840653, 109842557, 653, 2557
3, 5493, 109860653, 109862493, 653, 2493
3, 5494, 109880653, 109882087, 653, 2087
3, 5495, 109900653, 109904530, 653, 4530
3, 5496, 109920653, 109922809, 653, 2809
3, 5497, 109940653, 109942087, 653, 2087
3, 5498, 109960653, 109962087, 653, 2087
3, 5499, 109980653, 109982087, 653, 2087
3, 55, 1100653, 1102087, 653, 2087
3, 550, 11000653, 11002087, 653, 2087
3, 5500, 110000653, 110002557, 653, 2557
3, 5501, 110020653, 110022087, 653, 2087
3, 5502, 110040653, 110043365, 653, 3365
3, 5503, 110060653, 110062087, 653, 2087
3, 5504, 110080653, 110082557, 653, 2557
3, 5505, 110100653, 110102809, 653, 2809
3, 5506, 110120653, 110122087, 653, 2087
3, 5507, 110140653, 110142087, 653, 2087
3, 5508, 110160653, 110162809, 653, 2809
3, 5509, 110180653, 110183668, 653, 3668
3, 551, 11020653, 11022087, 653, 2087
3, 5510, 110200653, 110202087, 653, 2087
3, 5511, 110220653, 110222493, 653, 2493
3, 5512, 110240653, 110242087, 653, 2087
3, 5513, 110260653, 110262557, 653, 2557
3, 5514, 110280653, 110282493, 653, 2493
3, 5515, 110300653, 110302087, 653, 2087
3, 5516, 110320653, 110323668, 653, 3668
3, 5517, 110340653, 110342493, 653, 2493
3, 5518, 110360653, 110362087, 653, 2087
3, 5519, 110380653, 110382087, 653, 2087
3, 552, 11040653, 11042493, 653, 2493
3, 5520, 110400653, 110402809, 653, 2809
3, 5521, 110420653, 110422087, 653, 2087
3, 5522, 110440653, 110442087, 653, 2087
3, 5523, 110460653, 110463365, 653, 3365
3, 5524, 110480653, 110482087, 653, 2087
3, 5525, 110500653, 110502557, 653, 2557
3, 5526, 110520653, 110522493, 653, 2493
3, 5527, 110540653, 110542087, 653, 2087
3, 5528, 110560653, 110562087, 653, 2087
3, 5529, 110580653, 110582087, 653, 2087
3, 553, 11060653, 11063668, 653, 3668
3, 5530, 110600653, 110603668, 653, 3668
3, 5531, 110620653, 110622087, 653, 2087
3, 5532, 110640653, 110642809, 653, 2809
3, 5533, 110660653, 110662087, 653, 2087
3, 5534, 110680653, 110682087, 653, 2087
3, 5535, 110700653, 110702493, 653, 2493
3, 5536, 110720653, 110722087, 653, 2087
3, 5537, 110740653, 110742557, 653, 2557
3, 5538, 110760653, 110762493, 653, 2493
3, 5539, 110780653, 110782087, 653, 2087
3, 554, 11080653, 11082087, 653, 2087
3, 5540, 110800653, 110802087, 653, 2087
3, 5541, 110820653, 110822087, 653, 2087
3, 5542, 110840653, 110842087, 653, 2087
3, 5543, 110860653, 110862087, 653, 2087
3, 5544, 110880653, 110884643, 653, 4643
3, 5545, 110900653, 110902087, 653, 2087
3, 5546, 110920653, 110922087, 653, 2087
3, 5547, 110940653, 110942493, 653, 2493
3, 5548, 110960653, 110962087, 653, 2087
3, 5549, 110980653, 110982087, 653, 2087
3, 555, 11100653, 11102809, 653, 2809
3, 5550, 111000653, 111002493, 653, 2493
3, 5551, 111020653, 111023668, 653, 3668
3, 5552, 111040653, 111042087, 653, 2087
3, 5553, 111060653, 111062493, 653, 2493
3, 5554, 111080653, 111082087, 653, 2087
3, 5555, 111100653, 111102087, 653, 2087
3, 5556, 111120653, 111122809, 653, 2809
3, 5557, 111140653, 111142087, 653, 2087
3, 5558, 111160653, 111162557, 653, 2557
3, 5559, 111180653, 111182493, 653, 2493
3, 556, 11120653, 11122087, 653, 2087
3, 5560, 111200653, 111204088, 653, 4088
3, 5561, 111220653, 111222087, 653, 2087
3, 5562, 111240653, 111242087, 653, 2087
3, 5563, 111260653, 111262087, 653, 2087
3, 5564, 111280653, 111282087, 653, 2087
3, 5565, 111300653, 111305540, 653, 5540
3, 5566, 111320653, 111322087, 653, 2087
3, 5567, 111340653, 111342087, 653, 2087
3, 5568, 111360653, 111362809, 653, 2809
3, 5569, 111380653, 111382087, 653, 2087
3, 557, 11140653, 11142087, 653, 2087
3, 5570, 111400653, 111402087, 653, 2087
3, 5571, 111420653, 111422087, 653, 2087
3, 5572, 111440653, 111445634, 653, 5634
3, 5573, 111460653, 111462087, 653, 2087
3, 5574, 111480653, 111482493, 653, 2493
3, 5575, 111500653, 111502087, 653, 2087
3, 5576, 111520653, 111522087, 653, 2087
3, 5577, 111540653, 111542493, 653, 2493
3, 5578, 111560653, 111562087, 653, 2087
3, 5579, 111580653, 111582557, 653, 2557
3, 558, 11160653, 11162493, 653, 2493
3, 5580, 111600653, 111602809, 653, 2809
3, 5581, 111620653, 111622087, 653, 2087
3, 5582, 111640653, 111642087, 653, 2087
3, 5583, 111660653, 111662087, 653, 2087
3, 5584, 111680653, 111682087, 653, 2087
3, 5585, 111700653, 111702087, 653, 2087
3, 5586, 111720653, 111724643, 653, 4643
3, 5587, 111740653, 111742087, 653, 2087
3, 5588, 111760653, 111762087, 653, 2087
3, 5589, 111780653, 111782493, 653, 2493
3, 559, 11180653, 11182087, 653, 2087
3, 5590, 111800653, 111802557, 653, 2557
3, 5591, 111820653, 111822087, 653, 2087
3, 5592, 111840653, 111842493, 653, 2493
3, 5593, 111860653, 111863668, 653, 3668
3, 5594, 111880653, 111882087, 653, 2087
3, 5595, 111900653, 111902809, 653, 2809
3, 5596, 111920653, 111922087, 653, 2087
3, 5597, 111940653, 111942087, 653, 2087
3, 5598, 111960653, 111962493, 653, 2493
3, 5599, 111980653, 111982087, 653, 2087
3, 56, 1120653, 1125634, 653, 5634
3, 560, 11200653, 11203668, 653, 3668
3, 5600, 112000653, 112003668, 653, 3668
3, 5601, 112020653, 112022087, 653, 2087
3, 5602, 112040653, 112044369, 653, 4369
3, 5603, 112060653, 112062087, 653, 2087
3, 5604, 112080653, 112082493, 653, 2493
3, 5605, 112100653, 112102087, 653, 2087
3, 5606, 112120653, 112122087, 653, 2087
3, 5607, 112140653, 112144643, 653, 4643
3, 5608, 112160653, 112162087, 653, 2087
3, 5609, 112180653, 112182087, 653, 2087
3, 561, 11220653, 11222493, 653, 2493
3, 5610, 112200653, 112202809, 653, 2809
3, 5611, 112220653, 112222087, 653, 2087
3, 5612, 112240653, 112242087, 653, 2087
3, 5613, 112260653, 112262087, 653, 2087
3, 5614, 112280653, 112282557, 653, 2557
3, 5615, 112300653, 112302087, 653, 2087
3, 5616, 112320653, 112322809, 653, 2809
3, 5617, 112340653, 112342087, 653, 2087
3, 5618, 112360653, 112362087, 653, 2087
3, 5619, 112380653, 112382493, 653, 2493
3, 562, 11240653, 11242087, 653, 2087
3, 5620, 112400653, 112402557, 653, 2557
3, 5621, 112420653, 112422557, 653, 2557
3, 5622, 112440653, 112442087, 653, 2087
3, 5623, 112460653, 112462087, 653, 2087
3, 5624, 112480653, 112482087, 653, 2087
3, 5625, 112500653, 112502493, 653, 2493
3, 5626, 112520653, 112522087, 653, 2087
3, 5627, 112540653, 112542087, 653, 2087
3, 5628, 112560653, 112566609, 653, 6609
3, 5629, 112580653, 112582087, 653, 2087
3, 563, 11260653, 11262087, 653, 2087
3, 5630, 112600653, 112602087, 653, 2087
3, 5631, 112620653, 112622087, 653, 2087
3, 5632, 112640653, 112642087, 653, 2087
3, 5633, 112660653, 112662087, 653, 2087
3, 5634, 112680653, 112682087, 653, 2087
3, 5635, 112700653, 112704530, 653, 4530
3, 5636, 112720653, 112722087, 653, 2087
3, 5637, 112740653, 112742809, 653, 2809
3, 5638, 112760653, 112762087, 653, 2087
3, 5639, 112780653, 112782087, 653, 2087
3, 564, 11280653, 11282493, 653, 2493
3, 5640, 112800653, 112803360, 653, 3360
3, 5641, 112820653, 112822087, 653, 2087
3, 5642, 112840653, 112842557, 653, 2557
3, 5643, 112860653, 112862087, 653, 2087
3, 5644, 112880653, 112882557, 653, 2557
3, 5645, 112900653, 112902087, 653, 2087
3, 5646, 112920653, 112922087, 653, 2087
3, 5647, 112940653, 112942087, 653, 2087
3, 5648, 112960653, 112962087, 653, 2087
3, 5649, 112980653, 112984643, 653, 4643
3, 565, 11300653, 11302087, 653, 2087
3, 5650, 113000653, 113002087, 653, 2087
3, 5651, 113020653, 113022087, 653, 2087
3, 5652, 113040653, 113042493, 653, 2493
3, 5653, 113060653, 113062087, 653, 2087
3, 5654, 113080653, 113082087, 653, 2087
3, 5655, 113100653, 113102493, 653, 2493
3, 5656, 113120653, 113123668, 653, 3668
3, 5657, 113140653, 113142087, 653, 2087
3, 5658, 113160653, 113162809, 653, 2809
3, 5659, 113180653, 113182087, 653, 2087
3, 566, 11320653, 11322087, 653, 2087
3, 5660, 113200653, 113202087, 653, 2087
3, 5661, 113220653, 113222493, 653, 2493
3, 5662, 113240653, 113242087, 653, 2087
3, 5663, 113260653, 113262557, 653, 2557
3, 5664, 113280653, 113282493, 653, 2493
3, 5665, 113300653, 113302087, 653, 2087
3, 5666, 113320653, 113322087, 653, 2087
3, 5667, 113340653, 113342087, 653, 2087
3, 5668, 113360653, 113362087, 653, 2087
3, 5669, 113380653, 113382087, 653, 2087
3, 567, 11340653, 11343365, 653, 3365
3, 5670, 113400653, 113404643, 653, 4643
3, 5671, 113420653, 113422087, 653, 2087
3, 5672, 113440653, 113442087, 653, 2087
3, 5673, 113460653, 113462087, 653, 2087
3, 5674, 113480653, 113482087, 653, 2087
3, 5675, 113500653, 113502087, 653, 2087
3, 5676, 113520653, 113522493, 653, 2493
3, 5677, 113540653, 113542557, 653, 2557
3, 5678, 113560653, 113562087, 653, 2087
3, 5679, 113580653, 113582809, 653, 2809
3, 568, 11360653, 11362087, 653, 2087
3, 5680, 113600653, 113602087, 653, 2087
3, 5681, 113620653, 113622087, 653, 2087
3, 5682, 113640653, 113642087, 653, 2087
3, 5683, 113660653, 113662087, 653, 2087
3, 5684, 113680653, 113683735, 653, 3735
3, 5685, 113700653, 113702493, 653, 2493
3, 5686, 113720653, 113722087, 653, 2087
3, 5687, 113740653, 113742087, 653, 2087
3, 5688, 113760653, 113762809, 653, 2809
3, 5689, 113780653, 113782087, 653, 2087
3, 569, 11380653, 11382087, 653, 2087
3, 5690, 113800653, 113802087, 653, 2087
3, 5691, 113820653, 113824643, 653, 4643
3, 5692, 113840653, 113842087, 653, 2087
3, 5693, 113860653, 113862087, 653, 2087
3, 5694, 113880653, 113882087, 653, 2087
3, 5695, 113900653, 113902087, 653, 2087
3, 5696, 113920653, 113922087, 653, 2087
3, 5697, 113940653, 113942087, 653, 2087
3, 5698, 113960653, 113962557, 653, 2557
3, 5699, 113980653, 113982087, 653, 2087
3, 57, 1140653, 1142087, 653, 2087
3, 570, 11400653, 11402809, 653, 2809
3, 5700, 114000653, 114004575, 653, 4575
3, 5701, 114020653, 114022087, 653, 2087
3, 5702, 114040653, 114042087, 653, 2087
3, 5703, 114060653, 114062087, 653, 2087
3, 5704, 114080653, 114082557, 653, 2557
3, 5705, 114100653, 114103668, 653, 3668
3, 5706, 114120653, 114122087, 653, 2087
3, 5707, 114140653, 114142087, 653, 2087
3, 5708, 114160653, 114162087, 653, 2087
3, 5709, 114180653, 114182493, 653, 2493
3, 571, 11420653, 11422087, 653, 2087
3, 5710, 114200653, 114202087, 653, 2087
3, 5711, 114220653, 114222087, 653, 2087
3, 5712, 114240653, 114246609, 653, 6609
3, 5713, 114260653, 114262087, 653, 2087
3, 5714, 114280653, 114282087, 653, 2087
3, 5715, 114300653, 114302493, 653, 2493
3, 5716, 114320653, 114322087, 653, 2087
3, 5717, 114340653, 114342087, 653, 2087
3, 5718, 114360653, 114362391, 653, 2391
3, 5719, 114380653, 114382557, 653, 2557
3, 572, 11440653, 11442087, 653, 2087
3, 5720, 114400653, 114402087, 653, 2087
3, 5721, 114420653, 114422809, 653, 2809
3, 5722, 114440653, 114442087, 653, 2087
3, 5723, 114460653, 114462087, 653, 2087
3, 5724, 114480653, 114482493, 653, 2493
3, 5725, 114500653, 114502087, 653, 2087
3, 5726, 114520653, 114523668, 653, 3668
3, 5727, 114540653, 114542087, 653, 2087
3, 5728, 114560653, 114562087, 653, 2087
3, 5729, 114580653, 114582087, 653, 2087
3, 573, 11460653, 11462087, 653, 2087
3, 5730, 114600653, 114603217, 653, 3217
3, 5731, 114620653, 114622087, 653, 2087
3, 5732, 114640653, 114642087, 653, 2087
3, 5733, 114660653, 114663365, 653, 3365
3, 5734, 114680653, 114682087, 653, 2087
3, 5735, 114700653, 114702087, 653, 2087
3, 5736, 114720653, 114722493, 653, 2493
3, 5737, 114740653, 114742087, 653, 2087
3, 5738, 114760653, 114762087, 653, 2087
3, 5739, 114780653, 114782493, 653, 2493
3, 574, 11480653, 11483668, 653, 3668
3, 5740, 114800653, 114803668, 653, 3668
3, 5741, 114820653, 114822087, 653, 2087
3, 5742, 114840653, 114842809, 653, 2809
3, 5743, 114860653, 114862087, 653, 2087
3, 5744, 114880653, 114882087, 653, 2087
3, 5745, 114900653, 114902493, 653, 2493
3, 5746, 114920653, 114922087, 653, 2087
3, 5747, 114940653, 114943668, 653, 3668
3, 5748, 114960653, 114962493, 653, 2493
3, 5749, 114980653, 114982087, 653, 2087
3, 575, 11500653, 11502087, 653, 2087
3, 5750, 115000653, 115002087, 653, 2087
3, 5751, 115020653, 115022493, 653, 2493
3, 5752, 115040653, 115042087, 653, 2087
3, 5753, 115060653, 115062087, 653, 2087
3, 5754, 115080653, 115083365, 653, 3365
3, 5755, 115100653, 115102087, 653, 2087
3, 5756, 115120653, 115122557, 653, 2557
3, 5757, 115140653, 115142087, 653, 2087
3, 5758, 115160653, 115162087, 653, 2087
3, 5759, 115180653, 115182087, 653, 2087
3, 576, 11520653, 11522809, 653, 2809
3, 5760, 115200653, 115203360, 653, 3360
3, 5761, 115220653, 115222557, 653, 2557
3, 5762, 115240653, 115242087, 653, 2087
3, 5763, 115260653, 115262809, 653, 2809
3, 5764, 115280653, 115282087, 653, 2087
3, 5765, 115300653, 115302087, 653, 2087
3, 5766, 115320653, 115322087, 653, 2087
3, 5767, 115340653, 115342087, 653, 2087
3, 5768, 115360653, 115365634, 653, 5634
3, 5769, 115380653, 115382087, 653, 2087
3, 577, 11540653, 11542087, 653, 2087
3, 5770, 115400653, 115402087, 653, 2087
3, 5771, 115420653, 115422087, 653, 2087
3, 5772, 115440653, 115442809, 653, 2809
3, 5773, 115460653, 115462087, 653, 2087
3, 5774, 115480653, 115482087, 653, 2087
3, 5775, 115500653, 115505018, 653, 5018
3, 5776, 115520653, 115522087, 653, 2087
3, 5777, 115540653, 115542087, 653, 2087
3, 5778, 115560653, 115562087, 653, 2087
3, 5779, 115580653, 115582087, 653, 2087
3, 578, 11560653, 11562087, 653, 2087
3, 5780, 115600653, 115602557, 653, 2557
3, 5781, 115620653, 115622493, 653, 2493
3, 5782, 115640653, 115642557, 653, 2557
3, 5783, 115660653, 115662087, 653, 2087
3, 5784, 115680653, 115682809, 653, 2809
3, 5785, 115700653, 115702087, 653, 2087
3, 5786, 115720653, 115722087, 653, 2087
3, 5787, 115740653, 115742087, 653, 2087
3, 5788, 115760653, 115762087, 653, 2087
3, 5789, 115780653, 115783668, 653, 3668
3, 579, 11580653, 11582493, 653, 2493
3, 5790, 115800653, 115802809, 653, 2809
3, 5791, 115820653, 115822087, 653, 2087
3, 5792, 115840653, 115842087, 653, 2087
3, 5793, 115860653, 115862493, 653, 2493
3, 5794, 115880653, 115882087, 653, 2087
3, 5795, 115900653, 115902087, 653, 2087
3, 5796, 115920653, 115924643, 653, 4643
3, 5797, 115940653, 115942087, 653, 2087
3, 5798, 115960653, 115962087, 653, 2087
3, 5799, 115980653, 115982087, 653, 2087
3, 58, 1160653, 1162087, 653, 2087
3, 580, 11600653, 11602087, 653, 2087
3, 5800, 116000653, 116002087, 653, 2087
3, 5801, 116020653, 116022087, 653, 2087
3, 5802, 116040653, 116042493, 653, 2493
3, 5803, 116060653, 116062557, 653, 2557
3, 5804, 116080653, 116082087, 653, 2087
3, 5805, 116100653, 116102809, 653, 2809
3, 5806, 116120653, 116122087, 653, 2087
3, 5807, 116140653, 116142087, 653, 2087
3, 5808, 116160653, 116162493, 653, 2493
3, 5809, 116180653, 116182087, 653, 2087
3, 581, 11620653, 11622557, 653, 2557
3, 5810, 116200653, 116203668, 653, 3668
3, 5811, 116220653, 116222493, 653, 2493
3, 5812, 116240653, 116242087, 653, 2087
3, 5813, 116260653, 116262087, 653, 2087
3, 5814, 116280653, 116282493, 653, 2493
3, 5815, 116300653, 116302087, 653, 2087
3, 5816, 116320653, 116322087, 653, 2087
3, 5817, 116340653, 116343365, 653, 3365
3, 5818, 116360653, 116362087, 653, 2087
3, 5819, 116380653, 116382087, 653, 2087
3, 582, 11640653, 11642087, 653, 2087
3, 5820, 116400653, 116403360, 653, 3360
3, 5821, 116420653, 116422087, 653, 2087
3, 5822, 116440653, 116442087, 653, 2087
3, 5823, 116460653, 116462493, 653, 2493
3, 5824, 116480653, 116484067, 653, 4067
3, 5825, 116500653, 116502087, 653, 2087
3, 5826, 116520653, 116522493, 653, 2493
3, 5827, 116540653, 116542087, 653, 2087
3, 5828, 116560653, 116562557, 653, 2557
3, 5829, 116580653, 116582436, 653, 2436
3, 583, 11660653, 11663144, 653, 3144
3, 5830, 116600653, 116602087, 653, 2087
3, 5831, 116620653, 116623668, 653, 3668
3, 5832, 116640653, 116642809, 653, 2809
3, 5833, 116660653, 116662087, 653, 2087
3, 5834, 116680653, 116682087, 653, 2087
3, 5835, 116700653, 116702493, 653, 2493
3, 5836, 116720653, 116722087, 653, 2087
3, 5837, 116740653, 116742087, 653, 2087
3, 5838, 116760653, 116763365, 653, 3365
3, 5839, 116780653, 116782087, 653, 2087
3, 584, 11680653, 11682087, 653, 2087
3, 5840, 116800653, 116804088, 653, 4088
3, 5841, 116820653, 116822493, 653, 2493
3, 5842, 116840653, 116842087, 653, 2087
3, 5843, 116860653, 116862087, 653, 2087
3, 5844, 116880653, 116882809, 653, 2809
3, 5845, 116900653, 116903668, 653, 3668
3, 5846, 116920653, 116922087, 653, 2087
3, 5847, 116940653, 116942493, 653, 2493
3, 5848, 116960653, 116962087, 653, 2087
3, 5849, 116980653, 116982087, 653, 2087
3, 585, 11700653, 11702493, 653, 2493
3, 5850, 117000653, 117002493, 653, 2493
3, 5851, 117020653, 117022087, 653, 2087
3, 5852, 117040653, 117043668, 653, 3668
3, 5853, 117060653, 117062493, 653, 2493
3, 5854, 117080653, 117082087, 653, 2087
3, 5855, 117100653, 117102087, 653, 2087
3, 5856, 117120653, 117122493, 653, 2493
3, 5857, 117140653, 117142087, 653, 2087
3, 5858, 117160653, 117162087, 653, 2087
3, 5859, 117180653, 117183365, 653, 3365
3, 586, 11720653, 11722087, 653, 2087
3, 5860, 117200653, 117202087, 653, 2087
3, 5861, 117220653, 117222087, 653, 2087
3, 5862, 117240653, 117242493, 653, 2493
3, 5863, 117260653, 117262087, 653, 2087
3, 5864, 117280653, 117282087, 653, 2087
3, 5865, 117300653, 117302809, 653, 2809
3, 5866, 117320653, 117323668, 653, 3668
3, 5867, 117340653, 117342087, 653, 2087
3, 5868, 117360653, 117362809, 653, 2809
3, 5869, 117380653, 117382087, 653, 2087
3, 587, 11740653, 11742087, 653, 2087
3, 5870, 117400653, 117402087, 653, 2087
3, 5871, 117420653, 117422493, 653, 2493
3, 5872, 117440653, 117442087, 653, 2087
3, 5873, 117460653, 117462557, 653, 2557
3, 5874, 117480653, 117482493, 653, 2493
3, 5875, 117500653, 117502557, 653, 2557
3, 5876, 117520653, 117522087, 653, 2087
3, 5877, 117540653, 117542087, 653, 2087
3, 5878, 117560653, 117562087, 653, 2087
3, 5879, 117580653, 117582087, 653, 2087
3, 588, 11760653, 11764650, 653, 4650
3, 5880, 117600653, 117604643, 653, 4643
3, 5881, 117620653, 117622087, 653, 2087
3, 5882, 117640653, 117642087, 653, 2087
3, 5883, 117660653, 117662493, 653, 2493
3, 5884, 117680653, 117682087, 653, 2087
3, 5885, 117700653, 117702087, 653, 2087
3, 5886, 117720653, 117722087, 653, 2087
3, 5887, 117740653, 117743668, 653, 3668
3, 5888, 117760653, 117762087, 653, 2087
3, 5889, 117780653, 117782493, 653, 2493
3, 589, 11780653, 11782087, 653, 2087
3, 5890, 117800653, 117802087, 653, 2087
3, 5891, 117820653, 117822087, 653, 2087
3, 5892, 117840653, 117842493, 653, 2493
3, 5893, 117860653, 117862087, 653, 2087
3, 5894, 117880653, 117882557, 653, 2557
3, 5895, 117900653, 117902809, 653, 2809
3, 5896, 117920653, 117922557, 653, 2557
3, 5897, 117940653, 117942087, 653, 2087
3, 5898, 117960653, 117962087, 653, 2087
3, 5899, 117980653, 117982087, 653, 2087
3, 59, 1180653, 1182087, 653, 2087
3, 590, 11800653, 11802087, 653, 2087
3, 5900, 118000653, 118002557, 653, 2557
3, 5901, 118020653, 118023365, 653, 3365
3, 5902, 118040653, 118042087, 653, 2087
3, 5903, 118060653, 118062087, 653, 2087
3, 5904, 118080653, 118082809, 653, 2809
3, 5905, 118100653, 118102087, 653, 2087
3, 5906, 118120653, 118122087, 653, 2087
3, 5907, 118140653, 118142087, 653, 2087
3, 5908, 118160653, 118165634, 653, 5634
3, 5909, 118180653, 118182087, 653, 2087
3, 591, 11820653, 11822493, 653, 2493
3, 5910, 118200653, 118202809, 653, 2809
3, 5911, 118220653, 118222087, 653, 2087
3, 5912, 118240653, 118242087, 653, 2087
3, 5913, 118260653, 118262493, 653, 2493
3, 5914, 118280653, 118282087, 653, 2087
3, 5915, 118300653, 118304530, 653, 4530
3, 5916, 118320653, 118322809, 653, 2809
3, 5917, 118340653, 118342087, 653, 2087
3, 5918, 118360653, 118362087, 653, 2087
3, 5919, 118380653, 118382087, 653, 2087
3, 592, 11840653, 11842087, 653, 2087
3, 5920, 118400653, 118402087, 653, 2087
3, 5921, 118420653, 118422087, 653, 2087
3, 5922, 118440653, 118443365, 653, 3365
3, 5923, 118460653, 118462087, 653, 2087
3, 5924, 118480653, 118482087, 653, 2087
3, 5925, 118500653, 118502809, 653, 2809
3, 5926, 118520653, 118522087, 653, 2087
3, 5927, 118540653, 118542087, 653, 2087
3, 5928, 118560653, 118562493, 653, 2493
3, 5929, 118580653, 118583668, 653, 3668
3, 593, 11860653, 11862087, 653, 2087
3, 5930, 118600653, 118602087, 653, 2087
3, 5931, 118620653, 118622493, 653, 2493
3, 5932, 118640653, 118642087, 653, 2087
3, 5933, 118660653, 118662087, 653, 2087
3, 5934, 118680653, 118682493, 653, 2493
3, 5935, 118700653, 118702087, 653, 2087
3, 5936, 118720653, 118723668, 653, 3668
3, 5937, 118740653, 118742087, 653, 2087
3, 5938, 118760653, 118763144, 653, 3144
3, 5939, 118780653, 118782087, 653, 2087
3, 594, 11880653, 11882087, 653, 2087
3, 5940, 118800653, 118802809, 653, 2809
3, 5941, 118820653, 118822087, 653, 2087
3, 5942, 118840653, 118842087, 653, 2087
3, 5943, 118860653, 118865035, 653, 5035
3, 5944, 118880653, 118882087, 653, 2087
3, 5945, 118900653, 118902087, 653, 2087
3, 5946, 118920653, 118922493, 653, 2493
3, 5947, 118940653, 118942087, 653, 2087
3, 5948, 118960653, 118962087, 653, 2087
3, 5949, 118980653, 118982087, 653, 2087
3, 595, 11900653, 11903668, 653, 3668
3, 5950, 119000653, 119003668, 653, 3668
3, 5951, 119020653, 119022087, 653, 2087
3, 5952, 119040653, 119042809, 653, 2809
3, 5953, 119060653, 119062087, 653, 2087
3, 5954, 119080653, 119082087, 653, 2087
3, 5955, 119100653, 119102809, 653, 2809
3, 5956, 119120653, 119122087, 653, 2087
3, 5957, 119140653, 119142557, 653, 2557
3, 5958, 119160653, 119162087, 653, 2087
3, 5959, 119180653, 119185213, 653, 5213
3, 596, 11920653, 11922087, 653, 2087
3, 5960, 119200653, 119202557, 653, 2557
3, 5961, 119220653, 119222087, 653, 2087
3, 5962, 119240653, 119242087, 653, 2087
3, 5963, 119260653, 119262087, 653, 2087
3, 5964, 119280653, 119286609, 653, 6609
3, 5965, 119300653, 119302087, 653, 2087
3, 5966, 119320653, 119322087, 653, 2087
3, 5967, 119340653, 119342493, 653, 2493
3, 5968, 119360653, 119362087, 653, 2087
3, 5969, 119380653, 119382087, 653, 2087
3, 597, 11940653, 11942493, 653, 2493
3, 5970, 119400653, 119402493, 653, 2493
3, 5971, 119420653, 119422557, 653, 2557
3, 5972, 119440653, 119442087, 653, 2087
3, 5973, 119460653, 119462809, 653, 2809
3, 5974, 119480653, 119482087, 653, 2087
3, 5975, 119500653, 119502087, 653, 2087
3, 5976, 119520653, 119522809, 653, 2809
3, 5977, 119540653, 119542087, 653, 2087
3, 5978, 119560653, 119562557, 653, 2557
3, 5979, 119580653, 119582087, 653, 2087
3, 598, 11960653, 11962087, 653, 2087
3, 5980, 119600653, 119604088, 653, 4088
3, 5981, 119620653, 119622087, 653, 2087
3, 5982, 119640653, 119642087, 653, 2087
3, 5983, 119660653, 119662087, 653, 2087
3, 5984, 119680653, 119682087, 653, 2087
3, 5985, 119700653, 119704643, 653, 4643
3, 5986, 119720653, 119722087, 653, 2087
3, 5987, 119740653, 119742087, 653, 2087
3, 5988, 119760653, 119762493, 653, 2493
3, 5989, 119780653, 119782087, 653, 2087
3, 599, 11980653, 11982087, 653, 2087
3, 5990, 119800653, 119802087, 653, 2087
3, 5991, 119820653, 119822087, 653, 2087
3, 5992, 119840653, 119843668, 653, 3668
3, 5993, 119860653, 119862087, 653, 2087
3, 5994, 119880653, 119882809, 653, 2809
3, 5995, 119900653, 119902087, 653, 2087
3, 5996, 119920653, 119922087, 653, 2087
3, 5997, 119940653, 119942493, 653, 2493
3, 5998, 119960653, 119962087, 653, 2087
3, 5999, 119980653, 119982557, 653, 2557
3, 6, 120653, 122087, 653, 2087
3, 60, 1200653, 1203360, 653, 3360
3, 600, 12000653, 12003360, 653, 3360
3, 6000, 120000653, 120002809, 653, 2809
3, 6001, 120020653, 120022087, 653, 2087
3, 6002, 120040653, 120042087, 653, 2087
3, 6003, 120060653, 120062087, 653, 2087
3, 6004, 120080653, 120082087, 653, 2087
3, 6005, 120100653, 120102087, 653, 2087
3, 6006, 120120653, 120124643, 653, 4643
3, 6007, 120140653, 120142087, 653, 2087
3, 6008, 120160653, 120162087, 653, 2087
3, 6009, 120180653, 120182087, 653, 2087
3, 601, 12020653, 12022087, 653, 2087
3, 6010, 120200653, 120202087, 653, 2087
3, 6011, 120220653, 120222087, 653, 2087
3, 6012, 120240653, 120242493, 653, 2493
3, 6013, 120260653, 120262557, 653, 2557
3, 6014, 120280653, 120282087, 653, 2087
3, 6015, 120300653, 120303206, 653, 3206
3, 6016, 120320653, 120322087, 653, 2087
3, 6017, 120340653, 120342087, 653, 2087
3, 6018, 120360653, 120362493, 653, 2493
3, 6019, 120380653, 120382087, 653, 2087
3, 602, 12040653, 12042557, 653, 2557
3, 6020, 120400653, 120403668, 653, 3668
3, 6021, 120420653, 120422087, 653, 2087
3, 6022, 120440653, 120442087, 653, 2087
3, 6023, 120460653, 120462087, 653, 2087
3, 6024, 120480653, 120482493, 653, 2493
3, 6025, 120500653, 120502087, 653, 2087
3, 6026, 120520653, 120522087, 653, 2087
3, 6027, 120540653, 120544643, 653, 4643
3, 6028, 120560653, 120562087, 653, 2087
3, 6029, 120580653, 120582087, 653, 2087
3, 603, 12060653, 12062087, 653, 2087
3, 6030, 120600653, 120602493, 653, 2493
3, 6031, 120620653, 120622087, 653, 2087
3, 6032, 120640653, 120642087, 653, 2087
3, 6033, 120660653, 120662087, 653, 2087
3, 6034, 120680653, 120682557, 653, 2557
3, 6035, 120700653, 120702087, 653, 2087
3, 6036, 120720653, 120723214, 653, 3214
3, 6037, 120740653, 120742087, 653, 2087
3, 6038, 120760653, 120762087, 653, 2087
3, 6039, 120780653, 120782087, 653, 2087
3, 604, 12080653, 12092401, 653, 12401
3, 6040, 120800653, 120802557, 653, 2557
3, 6041, 120820653, 120822557, 653, 2557
3, 6042, 120840653, 120842087, 653, 2087
3, 6043, 120860653, 120862087, 653, 2087
3, 6044, 120880653, 120882087, 653, 2087
3, 6045, 120900653, 120902809, 653, 2809
3, 6046, 120920653, 120922087, 653, 2087
3, 6047, 120940653, 120942087, 653, 2087
3, 6048, 120960653, 120966609, 653, 6609
3, 6049, 120980653, 120982087, 653, 2087
3, 605, 12100653, 12102087, 653, 2087
3, 6050, 121000653, 121002087, 653, 2087
3, 6051, 121020653, 121022087, 653, 2087
3, 6052, 121040653, 121042087, 653, 2087
3, 6053, 121060653, 121062087, 653, 2087
3, 6054, 121080653, 121082087, 653, 2087
3, 6055, 121100653, 121104530, 653, 4530
3, 6056, 121120653, 121122087, 653, 2087
3, 6057, 121140653, 121142809, 653, 2809
3, 6058, 121160653, 121162087, 653, 2087
3, 6059, 121180653, 121182087, 653, 2087
3, 606, 12120653, 12122087, 653, 2087
3, 6060, 121200653, 121202809, 653, 2809
3, 6061, 121220653, 121222087, 653, 2087
3, 6062, 121240653, 121243668, 653, 3668
3, 6063, 121260653, 121262087, 653, 2087
3, 6064, 121280653, 121282087, 653, 2087
3, 6065, 121300653, 121302087, 653, 2087
3, 6066, 121320653, 121322493, 653, 2493
3, 6067, 121340653, 121342087, 653, 2087
3, 6068, 121360653, 121362087, 653, 2087
3, 6069, 121380653, 121384643, 653, 4643
3, 607, 12140653, 12142087, 653, 2087
3, 6070, 121400653, 121402087, 653, 2087
3, 6071, 121420653, 121422087, 653, 2087
3, 6072, 121440653, 121442493, 653, 2493
3, 6073, 121460653, 121462087, 653, 2087
3, 6074, 121480653, 121482087, 653, 2087
3, 6075, 121500653, 121502493, 653, 2493
3, 6076, 121520653, 121523668, 653, 3668
3, 6077, 121540653, 121542087, 653, 2087
3, 6078, 121560653, 121562809, 653, 2809
3, 6079, 121580653, 121582087, 653, 2087
3, 608, 12160653, 12162087, 653, 2087
3, 6080, 121600653, 121602087, 653, 2087
3, 6081, 121620653, 121622087, 653, 2087
3, 6082, 121640653, 121642087, 653, 2087
3, 6083, 121660653, 121663668, 653, 3668
3, 6084, 121680653, 121682493, 653, 2493
3, 6085, 121700653, 121702087, 653, 2087
3, 6086, 121720653, 121722087, 653, 2087
3, 6087, 121740653, 121742493, 653, 2493
3, 6088, 121760653, 121762087, 653, 2087
3, 6089, 121780653, 121782087, 653, 2087
3, 609, 12180653, 12184643, 653, 4643
3, 6090, 121800653, 121805018, 653, 5018
3, 6091, 121820653, 121822087, 653, 2087
3, 6092, 121840653, 121842087, 653, 2087
3, 6093, 121860653, 121862087, 653, 2087
3, 6094, 121880653, 121882087, 653, 2087
3, 6095, 121900653, 121902087, 653, 2087
3, 6096, 121920653, 121922809, 653, 2809
3, 6097, 121940653, 121942557, 653, 2557
3, 6098, 121960653, 121962087, 653, 2087
3, 6099, 121980653, 121982809, 653, 2809
3, 61, 1220653, 1222087, 653, 2087
3, 610, 12200653, 12202087, 653, 2087
3, 6100, 122000653, 122002557, 653, 2557
3, 6101, 122020653, 122022087, 653, 2087
3, 6102, 122040653, 122042087, 653, 2087
3, 6103, 122060653, 122062087, 653, 2087
3, 6104, 122080653, 122085634, 653, 5634
3, 6105, 122100653, 122102493, 653, 2493
3, 6106, 122120653, 122122087, 653, 2087
3, 6107, 122140653, 122142087, 653, 2087
3, 6108, 122160653, 122162809, 653, 2809
3, 6109, 122180653, 122182087, 653, 2087
3, 611, 12220653, 12222087, 653, 2087
3, 6110, 122200653, 122202087, 653, 2087
3, 6111, 122220653, 122223365, 653, 3365
3, 6112, 122240653, 122242087, 653, 2087
3, 6113, 122260653, 122262087, 653, 2087
3, 6114, 122280653, 122282087, 653, 2087
3, 6115, 122300653, 122302087, 653, 2087
3, 6116, 122320653, 122322087, 653, 2087
3, 6117, 122340653, 122342493, 653, 2493
3, 6118, 122360653, 122362557, 653, 2557
3, 6119, 122380653, 122382087, 653, 2087
3, 612, 12240653, 12242809, 653, 2809
3, 6120, 122400653, 122404575, 653, 4575
3, 6121, 122420653, 122422087, 653, 2087
3, 6122, 122440653, 122442087, 653, 2087
3, 6123, 122460653, 122462087, 653, 2087
3, 6124, 122480653, 122482087, 653, 2087
3, 6125, 122500653, 122503668, 653, 3668
3, 6126, 122520653, 122522493, 653, 2493
3, 6127, 122540653, 122542087, 653, 2087
3, 6128, 122560653, 122562087, 653, 2087
3, 6129, 122580653, 122582493, 653, 2493
3, 613, 12260653, 12262535, 653, 2535
3, 6130, 122600653, 122602087, 653, 2087
3, 6131, 122620653, 122622087, 653, 2087
3, 6132, 122640653, 122644643, 653, 4643
3, 6133, 122660653, 122662087, 653, 2087
3, 6134, 122680653, 122682087, 653, 2087
3, 6135, 122700653, 122702493, 653, 2493
3, 6136, 122720653, 122722087, 653, 2087
3, 6137, 122740653, 122742087, 653, 2087
3, 6138, 122760653, 122762493, 653, 2493
3, 6139, 122780653, 122782557, 653, 2557
3, 614, 12280653, 12282087, 653, 2087
3, 6140, 122800653, 122802087, 653, 2087
3, 6141, 122820653, 122822493, 653, 2493
3, 6142, 122840653, 122842087, 653, 2087
3, 6143, 122860653, 122862087, 653, 2087
3, 6144, 122880653, 122882493, 653, 2493
3, 6145, 122900653, 122902087, 653, 2087
3, 6146, 122920653, 122923668, 653, 3668
3, 6147, 122940653, 122942493, 653, 2493
3, 6148, 122960653, 122962087, 653, 2087
3, 6149, 122980653, 122982087, 653, 2087
3, 615, 12300653, 12302493, 653, 2493
3, 6150, 123000653, 123002809, 653, 2809
3, 6151, 123020653, 123022087, 653, 2087
3, 6152, 123040653, 123042087, 653, 2087
3, 6153, 123060653, 123063365, 653, 3365
3, 6154, 123080653, 123082087, 653, 2087
3, 6155, 123100653, 123102557, 653, 2557
3, 6156, 123120653, 123122493, 653, 2493
3, 6157, 123140653, 123142087, 653, 2087
3, 6158, 123160653, 123162087, 653, 2087
3, 6159, 123180653, 123182493, 653, 2493
3, 616, 12320653, 12323668, 653, 3668
3, 6160, 123200653, 123203668, 653, 3668
3, 6161, 123220653, 123222087, 653, 2087
3, 6162, 123240653, 123242493, 653, 2493
3, 6163, 123260653, 123262087, 653, 2087
3, 6164, 123280653, 123282087, 653, 2087
3, 6165, 123300653, 123302493, 653, 2493
3, 6166, 123320653, 123322087, 653, 2087
3, 6167, 123340653, 123343668, 653, 3668
3, 6168, 123360653, 123362809, 653, 2809
3, 6169, 123380653, 123382087, 653, 2087
3, 617, 12340653, 12342087, 653, 2087
3, 6170, 123400653, 123402087, 653, 2087
3, 6171, 123420653, 123422493, 653, 2493
3, 6172, 123440653, 123442087, 653, 2087
3, 6173, 123460653, 123462087, 653, 2087
3, 6174, 123480653, 123483365, 653, 3365
3, 6175, 123500653, 123502087, 653, 2087
3, 6176, 123520653, 123522557, 653, 2557
3, 6177, 123540653, 123542493, 653, 2493
3, 6178, 123560653, 123562087, 653, 2087
3, 6179, 123580653, 123582087, 653, 2087
3, 618, 12360653, 12362493, 653, 2493
3, 6180, 123600653, 123603360, 653, 3360
3, 6181, 123620653, 123623668, 653, 3668
3, 6182, 123640653, 123642087, 653, 2087
3, 6183, 123660653, 123662493, 653, 2493
3, 6184, 123680653, 123682087, 653, 2087
3, 6185, 123700653, 123702455, 653, 2455
3, 6186, 123720653, 123722087, 653, 2087
3, 6187, 123740653, 123742087, 653, 2087
3, 6188, 123760653, 123765634, 653, 5634
3, 6189, 123780653, 123782493, 653, 2493
3, 619, 12380653, 12382087, 653, 2087
3, 6190, 123800653, 123802087, 653, 2087
3, 6191, 123820653, 123822087, 653, 2087
3, 6192, 123840653, 123842493, 653, 2493
3, 6193, 123860653, 123862087, 653, 2087
3, 6194, 123880653, 123882087, 653, 2087
3, 6195, 123900653, 123905018, 653, 5018
3, 6196, 123920653, 123922087, 653, 2087
3, 6197, 123940653, 123942087, 653, 2087
3, 6198, 123960653, 123962493, 653, 2493
3, 6199, 123980653, 123982087, 653, 2087
3, 62, 1240653, 1242087, 653, 2087
3, 620, 12400653, 12402087, 653, 2087
3, 6200, 124000653, 124002087, 653, 2087
3, 6201, 124020653, 124022493, 653, 2493
3, 6202, 124040653, 124043668, 653, 3668
3, 6203, 124060653, 124062087, 653, 2087
3, 6204, 124080653, 124082809, 653, 2809
3, 6205, 124100653, 124102087, 653, 2087
3, 6206, 124120653, 124122087, 653, 2087
3, 6207, 124140653, 124142087, 653, 2087
3, 6208, 124160653, 124162087, 653, 2087
3, 6209, 124180653, 124182557, 653, 2557
3, 621, 12420653, 12422493, 653, 2493
3, 6210, 124200653, 124202809, 653, 2809
3, 6211, 124220653, 124222087, 653, 2087
3, 6212, 124240653, 124242087, 653, 2087
3, 6213, 124260653, 124262087, 653, 2087
3, 6214, 124280653, 124282087, 653, 2087
3, 6215, 124300653, 124302087, 653, 2087
3, 6216, 124320653, 124324643, 653, 4643
3, 6217, 124340653, 124342087, 653, 2087
3, 6218, 124360653, 124362087, 653, 2087
3, 6219, 124380653, 124382493, 653, 2493
3, 622, 12440653, 12442087, 653, 2087
3, 6220, 124400653, 124402087, 653, 2087
3, 6221, 124420653, 124422087, 653, 2087
3, 6222, 124440653, 124442493, 653, 2493
3, 6223, 124460653, 124463668, 653, 3668
3, 6224, 124480653, 124482087, 653, 2087
3, 6225, 124500653, 124502809, 653, 2809
3, 6226, 124520653, 124522087, 653, 2087
3, 6227, 124540653, 124542087, 653, 2087
3, 6228, 124560653, 124562809, 653, 2809
3, 6229, 124580653, 124582087, 653, 2087
3, 623, 12460653, 12462557, 653, 2557
3, 6230, 124600653, 124604530, 653, 4530
3, 6231, 124620653, 124622493, 653, 2493
3, 6232, 124640653, 124642557, 653, 2557
3, 6233, 124660653, 124662087, 653, 2087
3, 6234, 124680653, 124682087, 653, 2087
3, 6235, 124700653, 124702087, 653, 2087
3, 6236, 124720653, 124722087, 653, 2087
3, 6237, 124740653, 124743365, 653, 3365
3, 6238, 124760653, 124762087, 653, 2087
3, 6239, 124780653, 124782087, 653, 2087
3, 624, 12480653, 12482493, 653, 2493
3, 6240, 124800653, 124803360, 653, 3360
3, 6241, 124820653, 124822087, 653, 2087
3, 6242, 124840653, 124842087, 653, 2087
3, 6243, 124860653, 124862087, 653, 2087
3, 6244, 124880653, 124885634, 653, 5634
3, 6245, 124900653, 124902087, 653, 2087
3, 6246, 124920653, 124922493, 653, 2493
3, 6247, 124940653, 124942087, 653, 2087
3, 6248, 124960653, 124962087, 653, 2087
3, 6249, 124980653, 124982391, 653, 2391
3, 625, 12500653, 12502557, 653, 2557
3, 6250, 125000653, 125002087, 653, 2087
3, 6251, 125020653, 125022557, 653, 2557
3, 6252, 125040653, 125042809, 653, 2809
3, 6253, 125060653, 125062400, 653, 2400
3, 6254, 125080653, 125082087, 653, 2087
3, 6255, 125100653, 125102493, 653, 2493
3, 6256, 125120653, 125122087, 653, 2087
3, 6257, 125140653, 125142087, 653, 2087
3, 6258, 125160653, 125163365, 653, 3365
3, 6259, 125180653, 125182087, 653, 2087
3, 626, 12520653, 12522087, 653, 2087
3, 6260, 125200653, 125202557, 653, 2557
3, 6261, 125220653, 125222493, 653, 2493
3, 6262, 125240653, 125242087, 653, 2087
3, 6263, 125260653, 125262087, 653, 2087
3, 6264, 125280653, 125282493, 653, 2493
3, 6265, 125300653, 125303668, 653, 3668
3, 6266, 125320653, 125322087, 653, 2087
3, 6267, 125340653, 125342493, 653, 2493
3, 6268, 125360653, 125362087, 653, 2087
3, 6269, 125380653, 125382087, 653, 2087
3, 627, 12540653, 12542087, 653, 2087
3, 6270, 125400653, 125402809, 653, 2809
3, 6271, 125420653, 125422087, 653, 2087
3, 6272, 125440653, 125443668, 653, 3668
3, 6273, 125460653, 125462493, 653, 2493
3, 6274, 125480653, 125482087, 653, 2087
3, 6275, 125500653, 125502087, 653, 2087
3, 6276, 125520653, 125522493, 653, 2493
3, 6277, 125540653, 125542087, 653, 2087
3, 6278, 125560653, 125562087, 653, 2087
3, 6279, 125580653, 125583365, 653, 3365
3, 628, 12560653, 12562087, 653, 2087
3, 6280, 125600653, 125602087, 653, 2087
3, 6281, 125620653, 125622087, 653, 2087
3, 6282, 125640653, 125642493, 653, 2493
3, 6283, 125660653, 125662087, 653, 2087
3, 6284, 125680653, 125682087, 653, 2087
3, 6285, 125700653, 125702493, 653, 2493
3, 6286, 125720653, 125723668, 653, 3668
3, 6287, 125740653, 125742087, 653, 2087
3, 6288, 125760653, 125762809, 653, 2809
3, 6289, 125780653, 125782087, 653, 2087
3, 629, 12580653, 12582087, 653, 2087
3, 6290, 125800653, 125802087, 653, 2087
3, 6291, 125820653, 125822493, 653, 2493
3, 6292, 125840653, 125842087, 653, 2087
3, 6293, 125860653, 125862557, 653, 2557
3, 6294, 125880653, 125882087, 653, 2087
3, 6295, 125900653, 125902557, 653, 2557
3, 6296, 125920653, 125922087, 653, 2087
3, 6297, 125940653, 125942087, 653, 2087
3, 6298, 125960653, 125962087, 653, 2087
3, 6299, 125980653, 125982087, 653, 2087
3, 63, 1260653, 1263365, 653, 3365
3, 630, 12600653, 12604643, 653, 4643
3, 6300, 126000653, 126007319, 653, 7319
3, 6301, 126020653, 126022087, 653, 2087
3, 6302, 126040653, 126042087, 653, 2087
3, 6303, 126060653, 126062493, 653, 2493
3, 6304, 126080653, 126082087, 653, 2087
3, 6305, 126100653, 126102087, 653, 2087
3, 6306, 126120653, 126122087, 653, 2087
3, 6307, 126140653, 126143668, 653, 3668
3, 6308, 126160653, 126162087, 653, 2087
3, 6309, 126180653, 126182493, 653, 2493
3, 631, 12620653, 12622087, 653, 2087
3, 6310, 126200653, 126202087, 653, 2087
3, 6311, 126220653, 126222087, 653, 2087
3, 6312, 126240653, 126242809, 653, 2809
3, 6313, 126260653, 126262087, 653, 2087
3, 6314, 126280653, 126282557, 653, 2557
3, 6315, 126300653, 126302493, 653, 2493
3, 6316, 126320653, 126325828, 653, 5828
3, 6317, 126340653, 126342087, 653, 2087
3, 6318, 126360653, 126362087, 653, 2087
3, 6319, 126380653, 126382087, 653, 2087
3, 632, 12640653, 12642087, 653, 2087
3, 6320, 126400653, 126402557, 653, 2557
3, 6321, 126420653, 126424643, 653, 4643
3, 6322, 126440653, 126442087, 653, 2087
3, 6323, 126460653, 126462087, 653, 2087
3, 6324, 126480653, 126482809, 653, 2809
3, 6325, 126500653, 126502969, 653, 2969
3, 6326, 126520653, 126522087, 653, 2087
3, 6327, 126540653, 126542087, 653, 2087
3, 6328, 126560653, 126563668, 653, 3668
3, 6329, 126580653, 126582087, 653, 2087
3, 633, 12660653, 12662087, 653, 2087
3, 6330, 126600653, 126602809, 653, 2809
3, 6331, 126620653, 126622087, 653, 2087
3, 6332, 126640653, 126642087, 653, 2087
3, 6333, 126660653, 126662493, 653, 2493
3, 6334, 126680653, 126682087, 653, 2087
3, 6335, 126700653, 126704530, 653, 4530
3, 6336, 126720653, 126722493, 653, 2493
3, 6337, 126740653, 126742087, 653, 2087
3, 6338, 126760653, 126762087, 653, 2087
3, 6339, 126780653, 126782087, 653, 2087
3, 634, 12680653, 12685046, 653, 5046
3, 6340, 126800653, 126802087, 653, 2087
3, 6341, 126820653, 126822087, 653, 2087
3, 6342, 126840653, 126844643, 653, 4643
3, 6343, 126860653, 126862087, 653, 2087
3, 6344, 126880653, 126882087, 653, 2087
3, 6345, 126900653, 126902493, 653, 2493
3, 6346, 126920653, 126923440, 653, 3440
3, 6347, 126940653, 126942087, 653, 2087
3, 6348, 126960653, 126962493, 653, 2493
3, 6349, 126980653, 126982557, 653, 2557
3, 635, 12700653, 12702087, 653, 2087
3, 6350, 127000653, 127002087, 653, 2087
3, 6351, 127020653, 127022809, 653, 2809
3, 6352, 127040653, 127042087, 653, 2087
3, 6353, 127060653, 127062087, 653, 2087
3, 6354, 127080653, 127082493, 653, 2493
3, 6355, 127100653, 127102087, 653, 2087
3, 6356, 127120653, 127123668, 653, 3668
3, 6357, 127140653, 127142087, 653, 2087
3, 6358, 127160653, 127162087, 653, 2087
3, 6359, 127180653, 127182087, 653, 2087
3, 636, 12720653, 12722493, 653, 2493
3, 6360, 127200653, 127202809, 653, 2809
3, 6361, 127220653, 127222087, 653, 2087
3, 6362, 127240653, 127242087, 653, 2087
3, 6363, 127260653, 127264643, 653, 4643
3, 6364, 127280653, 127282087, 653, 2087
3, 6365, 127300653, 127302087, 653, 2087
3, 6366, 127320653, 127322087, 653, 2087
3, 6367, 127340653, 127342087, 653, 2087
3, 6368, 127360653, 127362087, 653, 2087
3, 6369, 127380653, 127382087, 653, 2087
3, 637, 12740653, 12742557, 653, 2557
3, 6370, 127400653, 127404530, 653, 4530
3, 6371, 127420653, 127422087, 653, 2087
3, 6372, 127440653, 127443214, 653, 3214
3, 6373, 127460653, 127462087, 653, 2087
3, 6374, 127480653, 127482087, 653, 2087
3, 6375, 127500653, 127502809, 653, 2809
3, 6376, 127520653, 127522087, 653, 2087
3, 6377, 127540653, 127542557, 653, 2557
3, 6378, 127560653, 127562087, 653, 2087
3, 6379, 127580653, 127582087, 653, 2087
3, 638, 12760653, 12762087, 653, 2087
3, 6380, 127600653, 127602557, 653, 2557
3, 6381, 127620653, 127622087, 653, 2087
3, 6382, 127640653, 127642087, 653, 2087
3, 6383, 127660653, 127662087, 653, 2087
3, 6384, 127680653, 127686609, 653, 6609
3, 6385, 127700653, 127702087, 653, 2087
3, 6386, 127720653, 127722087, 653, 2087
3, 6387, 127740653, 127742087, 653, 2087
3, 6388, 127760653, 127762087, 653, 2087
3, 6389, 127780653, 127782087, 653, 2087
3, 639, 12780653, 12782809, 653, 2809
3, 6390, 127800653, 127802493, 653, 2493
3, 6391, 127820653, 127822557, 653, 2557
3, 6392, 127840653, 127842087, 653, 2087
3, 6393, 127860653, 127862809, 653, 2809
3, 6394, 127880653, 127882087, 653, 2087
3, 6395, 127900653, 127902087, 653, 2087
3, 6396, 127920653, 127922493, 653, 2493
3, 6397, 127940653, 127942087, 653, 2087
3, 6398, 127960653, 127962557, 653, 2557
3, 6399, 127980653, 127982087, 653, 2087
3, 64, 1280653, 1282087, 653, 2087
3, 640, 12800653, 12802087, 653, 2087
3, 6400, 128000653, 128002557, 653, 2557
3, 6401, 128020653, 128022087, 653, 2087
3, 6402, 128040653, 128042493, 653, 2493
3, 6403, 128060653, 128062087, 653, 2087
3, 6404, 128080653, 128082087, 653, 2087
3, 6405, 128100653, 128104643, 653, 4643
3, 6406, 128120653, 128122087, 653, 2087
3, 6407, 128140653, 128142087, 653, 2087
3, 6408, 128160653, 128162493, 653, 2493
3, 6409, 128180653, 128182087, 653, 2087
3, 641, 12820653, 12822087, 653, 2087
3, 6410, 128200653, 128202087, 653, 2087
3, 6411, 128220653, 128222087, 653, 2087
3, 6412, 128240653, 128243668, 653, 3668
3, 6413, 128260653, 128262087, 653, 2087
3, 6414, 128280653, 128282809, 653, 2809
3, 6415, 128300653, 128302087, 653, 2087
3, 6416, 128320653, 128322087, 653, 2087
3, 6417, 128340653, 128342087, 653, 2087
3, 6418, 128360653, 128362087, 653, 2087
3, 6419, 128380653, 128383668, 653, 3668
3, 642, 12840653, 12842493, 653, 2493
3, 6420, 128400653, 128402809, 653, 2809
3, 6421, 128420653, 128422087, 653, 2087
3, 6422, 128440653, 128442087, 653, 2087
3, 6423, 128460653, 128462604, 653, 2604
3, 6424, 128480653, 128482087, 653, 2087
3, 6425, 128500653, 128502087, 653, 2087
3, 6426, 128520653, 128524643, 653, 4643
3, 6427, 128540653, 128542087, 653, 2087
3, 6428, 128560653, 128562087, 653, 2087
3, 6429, 128580653, 128582087, 653, 2087
3, 643, 12860653, 12862087, 653, 2087
3, 6430, 128600653, 128602087, 653, 2087
3, 6431, 128620653, 128622087, 653, 2087
3, 6432, 128640653, 128642493, 653, 2493
3, 6433, 128660653, 128662557, 653, 2557
3, 6434, 128680653, 128682087, 653, 2087
3, 6435, 128700653, 128703206, 653, 3206
3, 6436, 128720653, 128722087, 653, 2087
3, 6437, 128740653, 128742087, 653, 2087
3, 6438, 128760653, 128762087, 653, 2087
3, 6439, 128780653, 128782087, 653, 2087
3, 644, 12880653, 12883668, 653, 3668
3, 6440, 128800653, 128805634, 653, 5634
3, 6441, 128820653, 128822087, 653, 2087
3, 6442, 128840653, 128842087, 653, 2087
3, 6443, 128860653, 128862087, 653, 2087
3, 6444, 128880653, 128883217, 653, 3217
3, 6445, 128900653, 128902087, 653, 2087
3, 6446, 128920653, 128922087, 653, 2087
3, 6447, 128940653, 128943365, 653, 3365
3, 6448, 128960653, 128962087, 653, 2087
3, 6449, 128980653, 128982087, 653, 2087
3, 645, 12900653, 12902493, 653, 2493
3, 6450, 129000653, 129002493, 653, 2493
3, 6451, 129020653, 129022087, 653, 2087
3, 6452, 129040653, 129042087, 653, 2087
3, 6453, 129060653, 129062493, 653, 2493
3, 6454, 129080653, 129082557, 653, 2557
3, 6455, 129100653, 129102087, 653, 2087
3, 6456, 129120653, 129123214, 653, 3214
3, 6457, 129140653, 129142087, 653, 2087
3, 6458, 129160653, 129162087, 653, 2087
3, 6459, 129180653, 129182087, 653, 2087
3, 646, 12920653, 12922087, 653, 2087
3, 6460, 129200653, 129202557, 653, 2557
3, 6461, 129220653, 129223668, 653, 3668
3, 6462, 129240653, 129242087, 653, 2087
3, 6463, 129260653, 129262087, 653, 2087
3, 6464, 129280653, 129282087, 653, 2087
3, 6465, 129300653, 129302809, 653, 2809
3, 6466, 129320653, 129322087, 653, 2087
3, 6467, 129340653, 129342087, 653, 2087
3, 6468, 129360653, 129364643, 653, 4643
3, 6469, 129380653, 129382087, 653, 2087
3, 647, 12940653, 12942087, 653, 2087
3, 6470, 129400653, 129402557, 653, 2557
3, 6471, 129420653, 129422087, 653, 2087
3, 6472, 129440653, 129442087, 653, 2087
3, 6473, 129460653, 129462087, 653, 2087
3, 6474, 129480653, 129482493, 653, 2493
3, 6475, 129500653, 129504530, 653, 4530
3, 6476, 129520653, 129522087, 653, 2087
3, 6477, 129540653, 129542809, 653, 2809
3, 6478, 129560653, 129562087, 653, 2087
3, 6479, 129580653, 129582087, 653, 2087
3, 648, 12960653, 12962493, 653, 2493
3, 6480, 129600653, 129602809, 653, 2809
3, 6481, 129620653, 129622087, 653, 2087
3, 6482, 129640653, 129643668, 653, 3668
3, 6483, 129660653, 129662493, 653, 2493
3, 6484, 129680653, 129682087, 653, 2087
3, 6485, 129700653, 129702087, 653, 2087
3, 6486, 129720653, 129722493, 653, 2493
3, 6487, 129740653, 129742087, 653, 2087
3, 6488, 129760653, 129762087, 653, 2087
3, 6489, 129780653, 129783365, 653, 3365
3, 649, 12980653, 12982087, 653, 2087
3, 6490, 129800653, 129802087, 653, 2087
3, 6491, 129820653, 129822087, 653, 2087
3, 6492, 129840653, 129842493, 653, 2493
3, 6493, 129860653, 129862087, 653, 2087
3, 6494, 129880653, 129882087, 653, 2087
3, 6495, 129900653, 129902809, 653, 2809
3, 6496, 129920653, 129923668, 653, 3668
3, 6497, 129940653, 129942087, 653, 2087
3, 6498, 129960653, 129962493, 653, 2493
3, 6499, 129980653, 129982087, 653, 2087
3, 65, 1300653, 1302557, 653, 2557
3, 650, 13000653, 13002087, 653, 2087
3, 6500, 130000653, 130002087, 653, 2087
3, 6501, 130020653, 130022087, 653, 2087
3, 6502, 130040653, 130042087, 653, 2087
3, 6503, 130060653, 130063668, 653, 3668
3, 6504, 130080653, 130082809, 653, 2809
3, 6505, 130100653, 130102087, 653, 2087
3, 6506, 130120653, 130122087, 653, 2087
3, 6507, 130140653, 130142493, 653, 2493
3, 6508, 130160653, 130162087, 653, 2087
3, 6509, 130180653, 130182087, 653, 2087
3, 651, 13020653, 13024643, 653, 4643
3, 6510, 130200653, 130205018, 653, 5018
3, 6511, 130220653, 130222087, 653, 2087
3, 6512, 130240653, 130242557, 653, 2557
3, 6513, 130260653, 130262087, 653, 2087
3, 6514, 130280653, 130282087, 653, 2087
3, 6515, 130300653, 130302087, 653, 2087
3, 6516, 130320653, 130322809, 653, 2809
3, 6517, 130340653, 130342557, 653, 2557
3, 6518, 130360653, 130362087, 653, 2087
3, 6519, 130380653, 130382493, 653, 2493
3, 652, 13040653, 13042087, 653, 2087
3, 6520, 130400653, 130402557, 653, 2557
3, 6521, 130420653, 130422087, 653, 2087
3, 6522, 130440653, 130442087, 653, 2087
3, 6523, 130460653, 130462087, 653, 2087
3, 6524, 130480653, 130485634, 653, 5634
3, 6525, 130500653, 130502809, 653, 2809
3, 6526, 130520653, 130522087, 653, 2087
3, 6527, 130540653, 130542087, 653, 2087
3, 6528, 130560653, 130562809, 653, 2809
3, 6529, 130580653, 130582087, 653, 2087
3, 653, 13060653, 13062087, 653, 2087
3, 6530, 130600653, 130602087, 653, 2087
3, 6531, 130620653, 130623365, 653, 3365
3, 6532, 130640653, 130642087, 653, 2087
3, 6533, 130660653, 130662087, 653, 2087
3, 6534, 130680653, 130682087, 653, 2087
3, 6535, 130700653, 130702087, 653, 2087
3, 6536, 130720653, 130722087, 653, 2087
3, 6537, 130740653, 130742493, 653, 2493
3, 6538, 130760653, 130764743, 653, 4743
3, 6539, 130780653, 130782087, 653, 2087
3, 654, 13080653, 13082087, 653, 2087
3, 6540, 130800653, 130803206, 653, 3206
3, 6541, 130820653, 130822087, 653, 2087
3, 6542, 130840653, 130842087, 653, 2087
3, 6543, 130860653, 130862087, 653, 2087
3, 6544, 130880653, 130882087, 653, 2087
3, 6545, 130900653, 130903668, 653, 3668
3, 6546, 130920653, 130922493, 653, 2493
3, 6547, 130940653, 130942087, 653, 2087
3, 6548, 130960653, 130962087, 653, 2087
3, 6549, 130980653, 130982087, 653, 2087
3, 655, 13100653, 13102087, 653, 2087
3, 6550, 131000653, 131002087, 653, 2087
3, 6551, 131020653, 131022087, 653, 2087
3, 6552, 131040653, 131044643, 653, 4643
3, 6553, 131060653, 131062087, 653, 2087
3, 6554, 131080653, 131083327, 653, 3327
3, 6555, 131100653, 131102809, 653, 2809
3, 6556, 131120653, 131122087, 653, 2087
3, 6557, 131140653, 131142087, 653, 2087
3, 6558, 131160653, 131162493, 653, 2493
3, 6559, 131180653, 131183668, 653, 3668
3, 656, 13120653, 13122087, 653, 2087
3, 6560, 131200653, 131202087, 653, 2087
3, 6561, 131220653, 131222493, 653, 2493
3, 6562, 131240653, 131242087, 653, 2087
3, 6563, 131260653, 131262087, 653, 2087
3, 6564, 131280653, 131282493, 653, 2493
3, 6565, 131300653, 131302087, 653, 2087
3, 6566, 131320653, 131322557, 653, 2557
3, 6567, 131340653, 131342493, 653, 2493
3, 6568, 131360653, 131362087, 653, 2087
3, 6569, 131380653, 131382087, 653, 2087
3, 657, 13140653, 13142087, 653, 2087
3, 6570, 131400653, 131402493, 653, 2493
3, 6571, 131420653, 131422087, 653, 2087
3, 6572, 131440653, 131442087, 653, 2087
3, 6573, 131460653, 131463365, 653, 3365
3, 6574, 131480653, 131482087, 653, 2087
3, 6575, 131500653, 131502557, 653, 2557
3, 6576, 131520653, 131522809, 653, 2809
3, 6577, 131540653, 131542087, 653, 2087
3, 6578, 131560653, 131562087, 653, 2087
3, 6579, 131580653, 131582493, 653, 2493
3, 658, 13160653, 13162557, 653, 2557
3, 6580, 131600653, 131605634, 653, 5634
3, 6581, 131620653, 131622087, 653, 2087
3, 6582, 131640653, 131642493, 653, 2493
3, 6583, 131660653, 131662087, 653, 2087
3, 6584, 131680653, 131682087, 653, 2087
3, 6585, 131700653, 131702809, 653, 2809
3, 6586, 131720653, 131722087, 653, 2087
3, 6587, 131740653, 131742557, 653, 2557
3, 6588, 131760653, 131762809, 653, 2809
3, 6589, 131780653, 131782087, 653, 2087
3, 659, 13180653, 13182087, 653, 2087
3, 6590, 131800653, 131802087, 653, 2087
3, 6591, 131820653, 131822087, 653, 2087
3, 6592, 131840653, 131842087, 653, 2087
3, 6593, 131860653, 131862087, 653, 2087
3, 6594, 131880653, 131883365, 653, 3365
3, 6595, 131900653, 131902087, 653, 2087
3, 6596, 131920653, 131922557, 653, 2557
3, 6597, 131940653, 131942493, 653, 2493
3, 6598, 131960653, 131962087, 653, 2087
3, 6599, 131980653, 131982087, 653, 2087
3, 66, 1320653, 1322087, 653, 2087
3, 660, 13200653, 13204575, 653, 4575
3, 6600, 132000653, 132002809, 653, 2809
3, 6601, 132020653, 132023668, 653, 3668
3, 6602, 132040653, 132042087, 653, 2087
3, 6603, 132060653, 132062493, 653, 2493
3, 6604, 132080653, 132082087, 653, 2087
3, 6605, 132100653, 132102087, 653, 2087
3, 6606, 132120653, 132122391, 653, 2391
3, 6607, 132140653, 132142087, 653, 2087
3, 6608, 132160653, 132163668, 653, 3668
3, 6609, 132180653, 132182493, 653, 2493
3, 661, 13220653, 13222087, 653, 2087
3, 6610, 132200653, 132202557, 653, 2557
3, 6611, 132220653, 132222087, 653, 2087
3, 6612, 132240653, 132242493, 653, 2493
3, 6613, 132260653, 132262087, 653, 2087
3, 6614, 132280653, 132282087, 653, 2087
3, 6615, 132300653, 132305018, 653, 5018
3, 6616, 132320653, 132322087, 653, 2087
3, 6617, 132340653, 132342087, 653, 2087
3, 6618, 132360653, 132362493, 653, 2493
3, 6619, 132380653, 132382087, 653, 2087
3, 662, 13240653, 13242087, 653, 2087
3, 6620, 132400653, 132402087, 653, 2087
3, 6621, 132420653, 132422087, 653, 2087
3, 6622, 132440653, 132443668, 653, 3668
3, 6623, 132460653, 132462087, 653, 2087
3, 6624, 132480653, 132482809, 653, 2809
3, 6625, 132500653, 132502087, 653, 2087
3, 6626, 132520653, 132522087, 653, 2087
3, 6627, 132540653, 132542493, 653, 2493
3, 6628, 132560653, 132562087, 653, 2087
3, 6629, 132580653, 132582557, 653, 2557
3, 663, 13260653, 13262493, 653, 2493
3, 6630, 132600653, 132602809, 653, 2809
3, 6631, 132620653, 132622087, 653, 2087
3, 6632, 132640653, 132642087, 653, 2087
3, 6633, 132660653, 132662087, 653, 2087
3, 6634, 132680653, 132682087, 653, 2087
3, 6635, 132700653, 132702087, 653, 2087
3, 6636, 132720653, 132724643, 653, 4643
3, 6637, 132740653, 132742087, 653, 2087
3, 6638, 132760653, 132762087, 653, 2087
3, 6639, 132780653, 132782493, 653, 2493
3, 664, 13280653, 13282087, 653, 2087
3, 6640, 132800653, 132802557, 653, 2557
3, 6641, 132820653, 132822087, 653, 2087
3, 6642, 132840653, 132842087, 653, 2087
3, 6643, 132860653, 132863668, 653, 3668
3, 6644, 132880653, 132882087, 653, 2087
3, 6645, 132900653, 132902809, 653, 2809
3, 6646, 132920653, 132922087, 653, 2087
3, 6647, 132940653, 132942087, 653, 2087
3, 6648, 132960653, 132962809, 653, 2809
3, 6649, 132980653, 132982087, 653, 2087
3, 665, 13300653, 13304530, 653, 4530
3, 6650, 133000653, 133004530, 653, 4530
3, 6651, 133020653, 133022087, 653, 2087
3, 6652, 133040653, 133042557, 653, 2557
3, 6653, 133060653, 133062087, 653, 2087
3, 6654, 133080653, 133082087, 653, 2087
3, 6655, 133100653, 133102087, 653, 2087
3, 6656, 133120653, 133122087, 653, 2087
3, 6657, 133140653, 133144643, 653, 4643
3, 6658, 133160653, 133162087, 653, 2087
3, 6659, 133180653, 133182087, 653, 2087
3, 666, 13320653, 13322087, 653, 2087
3, 6660, 133200653, 133203360, 653, 3360
3, 6661, 133220653, 133222087, 653, 2087
3, 6662, 133240653, 133242087, 653, 2087
3, 6663, 133260653, 133262087, 653, 2087
3, 6664, 133280653, 133285634, 653, 5634
3, 6665, 133300653, 133302087, 653, 2087
3, 6666, 133320653, 133322493, 653, 2493
3, 6667, 133340653, 133342087, 653, 2087
3, 6668, 133360653, 133362087, 653, 2087
3, 6669, 133380653, 133382493, 653, 2493
3, 667, 13340653, 13342087, 653, 2087
3, 6670, 133400653, 133402087, 653, 2087
3, 6671, 133420653, 133422557, 653, 2557
3, 6672, 133440653, 133442493, 653, 2493
3, 6673, 133460653, 133464369, 653, 4369
3, 6674, 133480653, 133482087, 653, 2087
3, 6675, 133500653, 133502493, 653, 2493
3, 6676, 133520653, 133522087, 653, 2087
3, 6677, 133540653, 133542087, 653, 2087
3, 6678, 133560653, 133564643, 653, 4643
3, 6679, 133580653, 133582087, 653, 2087
3, 668, 13360653, 13362087, 653, 2087
3, 6680, 133600653, 133602557, 653, 2557
3, 6681, 133620653, 133622493, 653, 2493
3, 6682, 133640653, 133642521, 653, 2521
3, 6683, 133660653, 133662087, 653, 2087
3, 6684, 133680653, 133682493, 653, 2493
3, 6685, 133700653, 133704530, 653, 4530
3, 6686, 133720653, 133722087, 653, 2087
3, 6687, 133740653, 133742493, 653, 2493
3, 6688, 133760653, 133762087, 653, 2087
3, 6689, 133780653, 133782087, 653, 2087
3, 669, 13380653, 13382087, 653, 2087
3, 6690, 133800653, 133802809, 653, 2809
3, 6691, 133820653, 133822087, 653, 2087
3, 6692, 133840653, 133843668, 653, 3668
3, 6693, 133860653, 133862087, 653, 2087
3, 6694, 133880653, 133882087, 653, 2087
3, 6695, 133900653, 133902087, 653, 2087
3, 6696, 133920653, 133922493, 653, 2493
3, 6697, 133940653, 133942087, 653, 2087
3, 6698, 133960653, 133962087, 653, 2087
3, 6699, 133980653, 133984643, 653, 4643
3, 67, 1340653, 1342087, 653, 2087
3, 670, 13400653, 13402087, 653, 2087
3, 6700, 134000653, 134002087, 653, 2087
3, 6701, 134020653, 134022087, 653, 2087
3, 6702, 134040653, 134042087, 653, 2087
3, 6703, 134060653, 134063440, 653, 3440
3, 6704, 134080653, 134082087, 653, 2087
3, 6705, 134100653, 134102493, 653, 2493
3, 6706, 134120653, 134122557, 653, 2557
3, 6707, 134140653, 134142087, 653, 2087
3, 6708, 134160653, 134163211, 653, 3211
3, 6709, 134180653, 134182087, 653, 2087
3, 671, 13420653, 13422087, 653, 2087
3, 6710, 134200653, 134202087, 653, 2087
3, 6711, 134220653, 134222493, 653, 2493
3, 6712, 134240653, 134242087, 653, 2087
3, 6713, 134260653, 134262557, 653, 2557
3, 6714, 134280653, 134282087, 653, 2087
3, 6715, 134300653, 134302557, 653, 2557
3, 6716, 134320653, 134322087, 653, 2087
3, 6717, 134340653, 134342087, 653, 2087
3, 6718, 134360653, 134362087, 653, 2087
3, 6719, 134380653, 134382087, 653, 2087
3, 672, 13440653, 13446609, 653, 6609
3, 6720, 134400653, 134406609, 653, 6609
3, 6721, 134420653, 134422087, 653, 2087
3, 6722, 134440653, 134442087, 653, 2087
3, 6723, 134460653, 134462087, 653, 2087
3, 6724, 134480653, 134482087, 653, 2087
3, 6725, 134500653, 134502087, 653, 2087
3, 6726, 134520653, 134522087, 653, 2087
3, 6727, 134540653, 134542557, 653, 2557
3, 6728, 134560653, 134562087, 653, 2087
3, 6729, 134580653, 134582809, 653, 2809
3, 673, 13460653, 13462087, 653, 2087
3, 6730, 134600653, 134602087, 653, 2087
3, 6731, 134620653, 134622087, 653, 2087
3, 6732, 134640653, 134642809, 653, 2809
3, 6733, 134660653, 134662087, 653, 2087
3, 6734, 134680653, 134682557, 653, 2557
3, 6735, 134700653, 134702493, 653, 2493
3, 6736, 134720653, 134722087, 653, 2087
3, 6737, 134740653, 134742087, 653, 2087
3, 6738, 134760653, 134762459, 653, 2459
3, 6739, 134780653, 134782087, 653, 2087
3, 674, 13480653, 13482087, 653, 2087
3, 6740, 134800653, 134802087, 653, 2087
3, 6741, 134820653, 134824643, 653, 4643
3, 6742, 134840653, 134842087, 653, 2087
3, 6743, 134860653, 134862087, 653, 2087
3, 6744, 134880653, 134882493, 653, 2493
3, 6745, 134900653, 134902087, 653, 2087
3, 6746, 134920653, 134922087, 653, 2087
3, 6747, 134940653, 134942087, 653, 2087
3, 6748, 134960653, 134963668, 653, 3668
3, 6749, 134980653, 134982087, 653, 2087
3, 675, 13500653, 13502493, 653, 2493
3, 6750, 135000653, 135003206, 653, 3206
3, 6751, 135020653, 135022087, 653, 2087
3, 6752, 135040653, 135042087, 653, 2087
3, 6753, 135060653, 135062087, 653, 2087
3, 6754, 135080653, 135082087, 653, 2087
3, 6755, 135100653, 135104530, 653, 4530
3, 6756, 135120653, 135122493, 653, 2493
3, 6757, 135140653, 135142087, 653, 2087
3, 6758, 135160653, 135162087, 653, 2087
3, 6759, 135180653, 135182493, 653, 2493
3, 676, 13520653, 13522087, 653, 2087
3, 6760, 135200653, 135202087, 653, 2087
3, 6761, 135220653, 135222087, 653, 2087
3, 6762, 135240653, 135244643, 653, 4643
3, 6763, 135260653, 135262087, 653, 2087
3, 6764, 135280653, 135282087, 653, 2087
3, 6765, 135300653, 135302493, 653, 2493
3, 6766, 135320653, 135322087, 653, 2087
3, 6767, 135340653, 135342087, 653, 2087
3, 6768, 135360653, 135362493, 653, 2493
3, 6769, 135380653, 135382557, 653, 2557
3, 677, 13540653, 13542087, 653, 2087
3, 6770, 135400653, 135402087, 653, 2087
3, 6771, 135420653, 135422809, 653, 2809
3, 6772, 135440653, 135442087, 653, 2087
3, 6773, 135460653, 135462087, 653, 2087
3, 6774, 135480653, 135482087, 653, 2087
3, 6775, 135500653, 135502087, 653, 2087
3, 6776, 135520653, 135524518, 653, 4518
3, 6777, 135540653, 135542087, 653, 2087
3, 6778, 135560653, 135562087, 653, 2087
3, 6779, 135580653, 135582087, 653, 2087
3, 678, 13560653, 13562087, 653, 2087
3, 6780, 135600653, 135603360, 653, 3360
3, 6781, 135620653, 135622087, 653, 2087
3, 6782, 135640653, 135642087, 653, 2087
3, 6783, 135660653, 135664643, 653, 4643
3, 6784, 135680653, 135682087, 653, 2087
3, 6785, 135700653, 135702087, 653, 2087
3, 6786, 135720653, 135722087, 653, 2087
3, 6787, 135740653, 135742087, 653, 2087
3, 6788, 135760653, 135762087, 653, 2087
3, 6789, 135780653, 135782493, 653, 2493
3, 679, 13580653, 13582557, 653, 2557
3, 6790, 135800653, 135804530, 653, 4530
3, 6791, 135820653, 135822087, 653, 2087
3, 6792, 135840653, 135843214, 653, 3214
3, 6793, 135860653, 135862087, 653, 2087
3, 6794, 135880653, 135882087, 653, 2087
3, 6795, 135900653, 135902493, 653, 2493
3, 6796, 135920653, 135922087, 653, 2087
3, 6797, 135940653, 135943668, 653, 3668
3, 6798, 135960653, 135962087, 653, 2087
3, 6799, 135980653, 135982087, 653, 2087
3, 68, 1360653, 1362087, 653, 2087
3, 680, 13600653, 13602557, 653, 2557
3, 6800, 136000653, 136002557, 653, 2557
3, 6801, 136020653, 136022493, 653, 2493
3, 6802, 136040653, 136042087, 653, 2087
3, 6803, 136060653, 136062087, 653, 2087
3, 6804, 136080653, 136084643, 653, 4643
3, 6805, 136100653, 136102087, 653, 2087
3, 6806, 136120653, 136122087, 653, 2087
3, 6807, 136140653, 136142087, 653, 2087
3, 6808, 136160653, 136162087, 653, 2087
3, 6809, 136180653, 136182087, 653, 2087
3, 681, 13620653, 13622809, 653, 2809
3, 6810, 136200653, 136202809, 653, 2809
3, 6811, 136220653, 136222557, 653, 2557
3, 6812, 136240653, 136242087, 653, 2087
3, 6813, 136260653, 136262809, 653, 2809
3, 6814, 136280653, 136282087, 653, 2087
3, 6815, 136300653, 136302087, 653, 2087
3, 6816, 136320653, 136322493, 653, 2493
3, 6817, 136340653, 136342087, 653, 2087
3, 6818, 136360653, 136363668, 653, 3668
3, 6819, 136380653, 136382087, 653, 2087
3, 682, 13640653, 13642087, 653, 2087
3, 6820, 136400653, 136402557, 653, 2557
3, 6821, 136420653, 136422087, 653, 2087
3, 6822, 136440653, 136442493, 653, 2493
3, 6823, 136460653, 136462087, 653, 2087
3, 6824, 136480653, 136482087, 653, 2087
3, 6825, 136500653, 136505018, 653, 5018
3, 6826, 136520653, 136522087, 653, 2087
3, 6827, 136540653, 136542087, 653, 2087
3, 6828, 136560653, 136562493, 653, 2493
3, 6829, 136580653, 136582087, 653, 2087
3, 683, 13660653, 13662087, 653, 2087
3, 6830, 136600653, 136602087, 653, 2087
3, 6831, 136620653, 136622493, 653, 2493
3, 6832, 136640653, 136643668, 653, 3668
3, 6833, 136660653, 136662087, 653, 2087
3, 6834, 136680653, 136682809, 653, 2809
3, 6835, 136700653, 136702087, 653, 2087
3, 6836, 136720653, 136722087, 653, 2087
3, 6837, 136740653, 136742087, 653, 2087
3, 6838, 136760653, 136762087, 653, 2087
3, 6839, 136780653, 136783668, 653, 3668
3, 684, 13680653, 13682493, 653, 2493
3, 6840, 136800653, 136803360, 653, 3360
3, 6841, 136820653, 136822087, 653, 2087
3, 6842, 136840653, 136842087, 653, 2087
3, 6843, 136860653, 136862493, 653, 2493
3, 6844, 136880653, 136882087, 653, 2087
3, 6845, 136900653, 136902087, 653, 2087
3, 6846, 136920653, 136923365, 653, 3365
3, 6847, 136940653, 136942087, 653, 2087
3, 6848, 136960653, 136962557, 653, 2557
3, 6849, 136980653, 136982087, 653, 2087
3, 685, 13700653, 13702087, 653, 2087
3, 6850, 137000653, 137002087, 653, 2087
3, 6851, 137020653, 137022087, 653, 2087
3, 6852, 137040653, 137042809, 653, 2809
3, 6853, 137060653, 137063107, 653, 3107
3, 6854, 137080653, 137082087, 653, 2087
3, 6855, 137100653, 137102809, 653, 2809
3, 6856, 137120653, 137122087, 653, 2087
3, 6857, 137140653, 137142087, 653, 2087
3, 6858, 137160653, 137162087, 653, 2087
3, 6859, 137180653, 137182087, 653, 2087
3, 686, 13720653, 13722557, 653, 2557
3, 6860, 137200653, 137205634, 653, 5634
3, 6861, 137220653, 137222493, 653, 2493
3, 6862, 137240653, 137242087, 653, 2087
3, 6863, 137260653, 137262087, 653, 2087
3, 6864, 137280653, 137282809, 653, 2809
3, 6865, 137300653, 137302087, 653, 2087
3, 6866, 137320653, 137322087, 653, 2087
3, 6867, 137340653, 137343365, 653, 3365
3, 6868, 137360653, 137362087, 653, 2087
3, 6869, 137380653, 137382087, 653, 2087
3, 687, 13740653, 13742087, 653, 2087
3, 6870, 137400653, 137402493, 653, 2493
3, 6871, 137420653, 137422087, 653, 2087
3, 6872, 137440653, 137442087, 653, 2087
3, 6873, 137460653, 137462493, 653, 2493
3, 6874, 137480653, 137482750, 653, 2750
3, 6875, 137500653, 137502087, 653, 2087
3, 6876, 137520653, 137522809, 653, 2809
3, 6877, 137540653, 137542087, 653, 2087
3, 6878, 137560653, 137562087, 653, 2087
3, 6879, 137580653, 137582087, 653, 2087
3, 688, 13760653, 13762087, 653, 2087
3, 6880, 137600653, 137602087, 653, 2087
3, 6881, 137620653, 137623668, 653, 3668
3, 6882, 137640653, 137642493, 653, 2493
3, 6883, 137660653, 137662087, 653, 2087
3, 6884, 137680653, 137682087, 653, 2087
3, 6885, 137700653, 137702809, 653, 2809
3, 6886, 137720653, 137722087, 653, 2087
3, 6887, 137740653, 137742087, 653, 2087
3, 6888, 137760653, 137764643, 653, 4643
3, 6889, 137780653, 137782087, 653, 2087
3, 689, 13780653, 13782087, 653, 2087
3, 6890, 137800653, 137802557, 653, 2557
3, 6891, 137820653, 137822087, 653, 2087
3, 6892, 137840653, 137842087, 653, 2087
3, 6893, 137860653, 137862087, 653, 2087
3, 6894, 137880653, 137882493, 653, 2493
3, 6895, 137900653, 137903668, 653, 3668
3, 6896, 137920653, 137922087, 653, 2087
3, 6897, 137940653, 137942493, 653, 2493
3, 6898, 137960653, 137962087, 653, 2087
3, 6899, 137980653, 137982087, 653, 2087
3, 69, 1380653, 1382493, 653, 2493
3, 690, 13800653, 13802809, 653, 2809
3, 6900, 138000653, 138002809, 653, 2809
3, 6901, 138020653, 138022087, 653, 2087
3, 6902, 138040653, 138043668, 653, 3668
3, 6903, 138060653, 138062493, 653, 2493
3, 6904, 138080653, 138082087, 653, 2087
3, 6905, 138100653, 138102087, 653, 2087
3, 6906, 138120653, 138122087, 653, 2087
3, 6907, 138140653, 138142087, 653, 2087
3, 6908, 138160653, 138162087, 653, 2087
3, 6909, 138180653, 138183365, 653, 3365
3, 691, 13820653, 13822087, 653, 2087
3, 6910, 138200653, 138202087, 653, 2087
3, 6911, 138220653, 138222087, 653, 2087
3, 6912, 138240653, 138242809, 653, 2809
3, 6913, 138260653, 138262087, 653, 2087
3, 6914, 138280653, 138282087, 653, 2087
3, 6915, 138300653, 138302809, 653, 2809
3, 6916, 138320653, 138325634, 653, 5634
3, 6917, 138340653, 138342087, 653, 2087
3, 6918, 138360653, 138362493, 653, 2493
3, 6919, 138380653, 138382087, 653, 2087
3, 692, 13840653, 13842087, 653, 2087
3, 6920, 138400653, 138402557, 653, 2557
3, 6921, 138420653, 138422087, 653, 2087
3, 6922, 138440653, 138442087, 653, 2087
3, 6923, 138460653, 138462557, 653, 2557
3, 6924, 138480653, 138482809, 653, 2809
3, 6925, 138500653, 138502087, 653, 2087
3, 6926, 138520653, 138522087, 653, 2087
3, 6927, 138540653, 138542087, 653, 2087
3, 6928, 138560653, 138562087, 653, 2087
3, 6929, 138580653, 138582087, 653, 2087
3, 693, 13860653, 13864643, 653, 4643
3, 6930, 138600653, 138605018, 653, 5018
3, 6931, 138620653, 138622087, 653, 2087
3, 6932, 138640653, 138642557, 653, 2557
3, 6933, 138660653, 138662493, 653, 2493
3, 6934, 138680653, 138682087, 653, 2087
3, 6935, 138700653, 138702087, 653, 2087
3, 6936, 138720653, 138722809, 653, 2809
3, 6937, 138740653, 138743668, 653, 3668
3, 6938, 138760653, 138762087, 653, 2087
3, 6939, 138780653, 138782493, 653, 2493
3, 694, 13880653, 13882087, 653, 2087
3, 6940, 138800653, 138802087, 653, 2087
3, 6941, 138820653, 138822557, 653, 2557
3, 6942, 138840653, 138842493, 653, 2493
3, 6943, 138860653, 138862087, 653, 2087
3, 6944, 138880653, 138883668, 653, 3668
3, 6945, 138900653, 138902809, 653, 2809
3, 6946, 138920653, 138922087, 653, 2087
3, 6947, 138940653, 138942087, 653, 2087
3, 6948, 138960653, 138962493, 653, 2493
3, 6949, 138980653, 138982087, 653, 2087
3, 695, 13900653, 13902087, 653, 2087
3, 6950, 139000653, 139002087, 653, 2087
3, 6951, 139020653, 139023365, 653, 3365
3, 6952, 139040653, 139042087, 653, 2087
3, 6953, 139060653, 139062087, 653, 2087
3, 6954, 139080653, 139082493, 653, 2493
3, 6955, 139100653, 139102087, 653, 2087
3, 6956, 139120653, 139122087, 653, 2087
3, 6957, 139140653, 139142087, 653, 2087
3, 6958, 139160653, 139163668, 653, 3668
3, 6959, 139180653, 139182087, 653, 2087
3, 696, 13920653, 13922493, 653, 2493
3, 6960, 139200653, 139203206, 653, 3206
3, 6961, 139220653, 139222087, 653, 2087
3, 6962, 139240653, 139242087, 653, 2087
3, 6963, 139260653, 139262391, 653, 2391
3, 6964, 139280653, 139282087, 653, 2087
3, 6965, 139300653, 139304530, 653, 4530
3, 6966, 139320653, 139322493, 653, 2493
3, 6967, 139340653, 139342087, 653, 2087
3, 6968, 139360653, 139362087, 653, 2087
3, 6969, 139380653, 139382087, 653, 2087
3, 697, 13940653, 13942087, 653, 2087
3, 6970, 139400653, 139402087, 653, 2087
3, 6971, 139420653, 139422087, 653, 2087
3, 6972, 139440653, 139444643, 653, 4643
3, 6973, 139460653, 139462087, 653, 2087
3, 6974, 139480653, 139482087, 653, 2087
3, 6975, 139500653, 139502809, 653, 2809
3, 6976, 139520653, 139522087, 653, 2087
3, 6977, 139540653, 139542087, 653, 2087
3, 6978, 139560653, 139562087, 653, 2087
3, 6979, 139580653, 139583668, 653, 3668
3, 698, 13960653, 13962087, 653, 2087
3, 6980, 139600653, 139602557, 653, 2557
3, 6981, 139620653, 139622493, 653, 2493
3, 6982, 139640653, 139642087, 653, 2087
3, 6983, 139660653, 139662087, 653, 2087
3, 6984, 139680653, 139682809, 653, 2809
3, 6985, 139700653, 139702087, 653, 2087
3, 6986, 139720653, 139722557, 653, 2557
3, 6987, 139740653, 139742493, 653, 2493
3, 6988, 139760653, 139762557, 653, 2557
3, 6989, 139780653, 139782087, 653, 2087
3, 699, 13980653, 13982087, 653, 2087
3, 6990, 139800653, 139802493, 653, 2493
3, 6991, 139820653, 139822087, 653, 2087
3, 6992, 139840653, 139842087, 653, 2087
3, 6993, 139860653, 139863365, 653, 3365
3, 6994, 139880653, 139882087, 653, 2087
3, 6995, 139900653, 139902087, 653, 2087
3, 6996, 139920653, 139922809, 653, 2809
3, 6997, 139940653, 139942087, 653, 2087
3, 6998, 139960653, 139962087, 653, 2087
3, 6999, 139980653, 139982087, 653, 2087
3, 7, 140653, 142557, 653, 2557
3, 70, 1400653, 1404530, 653, 4530
3, 700, 14000653, 14003668, 653, 3668
3, 7000, 140000653, 140005634, 653, 5634
3, 7001, 140020653, 140022087, 653, 2087
3, 7002, 140040653, 140042493, 653, 2493
3, 7003, 140060653, 140062087, 653, 2087
3, 7004, 140080653, 140082087, 653, 2087
3, 7005, 140100653, 140102809, 653, 2809
3, 7006, 140120653, 140122087, 653, 2087
3, 7007, 140140653, 140142557, 653, 2557
3, 7008, 140160653, 140162493, 653, 2493
3, 7009, 140180653, 140182557, 653, 2557
3, 701, 14020653, 14022087, 653, 2087
3, 7010, 140200653, 140202087, 653, 2087
3, 7011, 140220653, 140222087, 653, 2087
3, 7012, 140240653, 140242087, 653, 2087
3, 7013, 140260653, 140262087, 653, 2087
3, 7014, 140280653, 140285035, 653, 5035
3, 7015, 140300653, 140302087, 653, 2087
3, 7016, 140320653, 140322087, 653, 2087
3, 7017, 140340653, 140342493, 653, 2493
3, 7018, 140360653, 140362087, 653, 2087
3, 7019, 140380653, 140382087, 653, 2087
3, 702, 14040653, 14042809, 653, 2809
3, 7020, 140400653, 140402809, 653, 2809
3, 7021, 140420653, 140423668, 653, 3668
3, 7022, 140440653, 140442087, 653, 2087
3, 7023, 140460653, 140462493, 653, 2493
3, 7024, 140480653, 140482087, 653, 2087
3, 7025, 140500653, 140502087, 653, 2087
3, 7026, 140520653, 140522493, 653, 2493
3, 7027, 140540653, 140542087, 653, 2087
3, 7028, 140560653, 140563668, 653, 3668
3, 7029, 140580653, 140582087, 653, 2087
3, 703, 14060653, 14062087, 653, 2087
3, 7030, 140600653, 140604369, 653, 4369
3, 7031, 140620653, 140622087, 653, 2087
3, 7032, 140640653, 140642493, 653, 2493
3, 7033, 140660653, 140662087, 653, 2087
3, 7034, 140680653, 140682087, 653, 2087
3, 7035, 140700653, 140704643, 653, 4643
3, 7036, 140720653, 140722087, 653, 2087
3, 7037, 140740653, 140742087, 653, 2087
3, 7038, 140760653, 140762493, 653, 2493
3, 7039, 140780653, 140782087, 653, 2087
3, 704, 14080653, 14082087, 653, 2087
3, 7040, 140800653, 140802087, 653, 2087
3, 7041, 140820653, 140822087, 653, 2087
3, 7042, 140840653, 140842557, 653, 2557
3, 7043, 140860653, 140862087, 653, 2087
3, 7044, 140880653, 140882809, 653, 2809
3, 7045, 140900653, 140902087, 653, 2087
3, 7046, 140920653, 140922087, 653, 2087
3, 7047, 140940653, 140942493, 653, 2493
3, 7048, 140960653, 140962087, 653, 2087
3, 7049, 140980653, 140982557, 653, 2557
3, 705, 14100653, 14102493, 653, 2493
3, 7050, 141000653, 141002493, 653, 2493
3, 7051, 141020653, 141022087, 653, 2087
3, 7052, 141040653, 141042087, 653, 2087
3, 7053, 141060653, 141062087, 653, 2087
3, 7054, 141080653, 141082087, 653, 2087
3, 7055, 141100653, 141102087, 653, 2087
3, 7056, 141120653, 141126609, 653, 6609
3, 7057, 141140653, 141142087, 653, 2087
3, 7058, 141160653, 141162087, 653, 2087
3, 7059, 141180653, 141182087, 653, 2087
3, 706, 14120653, 14122087, 653, 2087
3, 7060, 141200653, 141205966, 653, 5966
3, 7061, 141220653, 141222087, 653, 2087
3, 7062, 141240653, 141242087, 653, 2087
3, 7063, 141260653, 141262557, 653, 2557
3, 7064, 141280653, 141282087, 653, 2087
3, 7065, 141300653, 141303206, 653, 3206
3, 7066, 141320653, 141322087, 653, 2087
3, 7067, 141340653, 141342087, 653, 2087
3, 7068, 141360653, 141362809, 653, 2809
3, 7069, 141380653, 141382087, 653, 2087
3, 707, 14140653, 14143668, 653, 3668
3, 7070, 141400653, 141404530, 653, 4530
3, 7071, 141420653, 141422087, 653, 2087
3, 7072, 141440653, 141442557, 653, 2557
3, 7073, 141460653, 141462087, 653, 2087
3, 7074, 141480653, 141482087, 653, 2087
3, 7075, 141500653, 141502087, 653, 2087
3, 7076, 141520653, 141522087, 653, 2087
3, 7077, 141540653, 141544643, 653, 4643
3, 7078, 141560653, 141562087, 653, 2087
3, 7079, 141580653, 141582087, 653, 2087
3, 708, 14160653, 14162493, 653, 2493
3, 7080, 141600653, 141602809, 653, 2809
3, 7081, 141620653, 141622087, 653, 2087
3, 7082, 141640653, 141642087, 653, 2087
3, 7083, 141660653, 141662087, 653, 2087
3, 7084, 141680653, 141683668, 653, 3668
3, 7085, 141700653, 141702087, 653, 2087
3, 7086, 141720653, 141722809, 653, 2809
3, 7087, 141740653, 141742087, 653, 2087
3, 7088, 141760653, 141762087, 653, 2087
3, 7089, 141780653, 141782493, 653, 2493
3, 709, 14180653, 14182087, 653, 2087
3, 7090, 141800653, 141802087, 653, 2087
3, 7091, 141820653, 141822557, 653, 2557
3, 7092, 141840653, 141842493, 653, 2493
3, 7093, 141860653, 141862087, 653, 2087
3, 7094, 141880653, 141882087, 653, 2087
3, 7095, 141900653, 141902493, 653, 2493
3, 7096, 141920653, 141922087, 653, 2087
3, 7097, 141940653, 141942087, 653, 2087
3, 7098, 141960653, 141964643, 653, 4643
3, 7099, 141980653, 141982087, 653, 2087
3, 71, 1420653, 1422087, 653, 2087
3, 710, 14200653, 14202087, 653, 2087
3, 7100, 142000653, 142002557, 653, 2557
3, 7101, 142020653, 142022087, 653, 2087
3, 7102, 142040653, 142042087, 653, 2087
3, 7103, 142060653, 142062087, 653, 2087
3, 7104, 142080653, 142082493, 653, 2493
3, 7105, 142100653, 142104530, 653, 4530
3, 7106, 142120653, 142122087, 653, 2087
3, 7107, 142140653, 142142809, 653, 2809
3, 7108, 142160653, 142162087, 653, 2087
3, 7109, 142180653, 142182087, 653, 2087
3, 711, 14220653, 14222493, 653, 2493
3, 7110, 142200653, 142202493, 653, 2493
3, 7111, 142220653, 142222087, 653, 2087
3, 7112, 142240653, 142243668, 653, 3668
3, 7113, 142260653, 142262087, 653, 2087
3, 7114, 142280653, 142282087, 653, 2087
3, 7115, 142300653, 142302087, 653, 2087
3, 7116, 142320653, 142322809, 653, 2809
3, 7117, 142340653, 142342087, 653, 2087
3, 7118, 142360653, 142362087, 653, 2087
3, 7119, 142380653, 142384643, 653, 4643
3, 712, 14240653, 14242087, 653, 2087
3, 7120, 142400653, 142402557, 653, 2557
3, 7121, 142420653, 142422087, 653, 2087
3, 7122, 142440653, 142442087, 653, 2087
3, 7123, 142460653, 142462087, 653, 2087
3, 7124, 142480653, 142482087, 653, 2087
3, 7125, 142500653, 142502493, 653, 2493
3, 7126, 142520653, 142522557, 653, 2557
3, 7127, 142540653, 142542087, 653, 2087
3, 7128, 142560653, 142563214, 653, 3214
3, 7129, 142580653, 142582087, 653, 2087
3, 713, 14260653, 14262087, 653, 2087
3, 7130, 142600653, 142602087, 653, 2087
3, 7131, 142620653, 142622087, 653, 2087
3, 7132, 142640653, 142642087, 653, 2087
3, 7133, 142660653, 142663668, 653, 3668
3, 7134, 142680653, 142682087, 653, 2087
3, 7135, 142700653, 142702087, 653, 2087
3, 7136, 142720653, 142722087, 653, 2087
3, 7137, 142740653, 142742493, 653, 2493
3, 7138, 142760653, 142762087, 653, 2087
3, 7139, 142780653, 142782087, 653, 2087
3, 714, 14280653, 14284643, 653, 4643
3, 715, 14300653, 14302087, 653, 2087
3, 716, 14320653, 14322087, 653, 2087
3, 717, 14340653, 14342087, 653, 2087
3, 718, 14360653, 14362087, 653, 2087
3, 719, 14380653, 14382087, 653, 2087
3, 72, 1440653, 1442809, 653, 2809
3, 720, 14400653, 14402809, 653, 2809
3, 721, 14420653, 14422557, 653, 2557
3, 722, 14440653, 14442087, 653, 2087
3, 723, 14460653, 14462809, 653, 2809
3, 724, 14480653, 14482087, 653, 2087
3, 725, 14500653, 14502087, 653, 2087
3, 726, 14520653, 14522087, 653, 2087
3, 727, 14540653, 14542087, 653, 2087
3, 728, 14560653, 14565634, 653, 5634
3, 729, 14580653, 14582087, 653, 2087
3, 73, 1460653, 1462087, 653, 2087
3, 730, 14600653, 14602087, 653, 2087
3, 731, 14620653, 14622087, 653, 2087
3, 732, 14640653, 14642809, 653, 2809
3, 733, 14660653, 14662087, 653, 2087
3, 734, 14680653, 14682087, 653, 2087
3, 735, 14700653, 14705018, 653, 5018
3, 736, 14720653, 14722087, 653, 2087
3, 737, 14740653, 14742087, 653, 2087
3, 738, 14760653, 14762087, 653, 2087
3, 739, 14780653, 14782087, 653, 2087
3, 74, 1480653, 1482087, 653, 2087
3, 740, 14800653, 14802557, 653, 2557
3, 741, 14820653, 14822493, 653, 2493
3, 742, 14840653, 14842557, 653, 2557
3, 743, 14860653, 14862087, 653, 2087
3, 744, 14880653, 14883214, 653, 3214
3, 745, 14900653, 14902087, 653, 2087
3, 746, 14920653, 14922087, 653, 2087
3, 747, 14940653, 14942087, 653, 2087
3, 748, 14960653, 14962087, 653, 2087
3, 749, 14980653, 14983668, 653, 3668
3, 75, 1500653, 1502493, 653, 2493
3, 750, 15000653, 15002493, 653, 2493
3, 751, 15020653, 15022087, 653, 2087
3, 752, 15040653, 15042087, 653, 2087
3, 753, 15060653, 15062493, 653, 2493
3, 754, 15080653, 15082087, 653, 2087
3, 755, 15100653, 15102087, 653, 2087
3, 756, 15120653, 15124643, 653, 4643
3, 757, 15140653, 15142087, 653, 2087
3, 758, 15160653, 15162087, 653, 2087
3, 759, 15180653, 15182087, 653, 2087
3, 76, 1520653, 1522087, 653, 2087
3, 760, 15200653, 15202087, 653, 2087
3, 761, 15220653, 15222087, 653, 2087
3, 762, 15240653, 15242493, 653, 2493
3, 763, 15260653, 15262557, 653, 2557
3, 764, 15280653, 15282087, 653, 2087
3, 765, 15300653, 15303206, 653, 3206
3, 766, 15320653, 15322087, 653, 2087
3, 767, 15340653, 15342087, 653, 2087
3, 768, 15360653, 15362493, 653, 2493
3, 769, 15380653, 15382087, 653, 2087
3, 77, 1540653, 1543668, 653, 3668
3, 770, 15400653, 15403668, 653, 3668
3, 771, 15420653, 15422493, 653, 2493
3, 772, 15440653, 15442087, 653, 2087
3, 773, 15460653, 15462087, 653, 2087
3, 774, 15480653, 15482493, 653, 2493
3, 775, 15500653, 15502087, 653, 2087
3, 776, 15520653, 15522087, 653, 2087
3, 777, 15540653, 15543365, 653, 3365
3, 778, 15560653, 15562087, 653, 2087
3, 779, 15580653, 15582087, 653, 2087
3, 78, 1560653, 1562493, 653, 2493
3, 780, 15600653, 15602809, 653, 2809
3, 781, 15620653, 15622087, 653, 2087
3, 782, 15640653, 15642087, 653, 2087
3, 783, 15660653, 15662493, 653, 2493
3, 784, 15680653, 15683668, 653, 3668
3, 785, 15700653, 15702087, 653, 2087
3, 786, 15720653, 15722493, 653, 2493
3, 787, 15740653, 15742087, 653, 2087
3, 788, 15760653, 15762087, 653, 2087
3, 789, 15780653, 15782087, 653, 2087
3, 79, 1580653, 1582087, 653, 2087
3, 790, 15800653, 15802087, 653, 2087
3, 791, 15820653, 15823668, 653, 3668
3, 792, 15840653, 15842809, 653, 2809
3, 793, 15860653, 15862087, 653, 2087
3, 794, 15880653, 15882087, 653, 2087
3, 795, 15900653, 15902809, 653, 2809
3, 796, 15920653, 15922087, 653, 2087
3, 797, 15940653, 15942087, 653, 2087
3, 798, 15960653, 15963365, 653, 3365
3, 799, 15980653, 15982087, 653, 2087
3, 8, 160653, 162087, 653, 2087
3, 80, 1600653, 1602087, 653, 2087
3, 800, 16000653, 16004088, 653, 4088
3, 801, 16020653, 16022087, 653, 2087
3, 802, 16040653, 16042087, 653, 2087
3, 803, 16060653, 16062087, 653, 2087
3, 804, 16080653, 16082809, 653, 2809
3, 805, 16100653, 16104530, 653, 4530
3, 806, 16120653, 16122087, 653, 2087
3, 807, 16140653, 16142493, 653, 2493
3, 808, 16160653, 16162087, 653, 2087
3, 809, 16180653, 16182087, 653, 2087
3, 81, 1620653, 1622493, 653, 2493
3, 810, 16200653, 16202493, 653, 2493
3, 811, 16220653, 16222087, 653, 2087
3, 812, 16240653, 16245634, 653, 5634
3, 813, 16260653, 16262493, 653, 2493
3, 814, 16280653, 16282087, 653, 2087
3, 815, 16300653, 16302087, 653, 2087
3, 816, 16320653, 16322809, 653, 2809
3, 817, 16340653, 16342087, 653, 2087
3, 818, 16360653, 16362087, 653, 2087
3, 819, 16380653, 16383365, 653, 3365
3, 82, 1640653, 1642087, 653, 2087
3, 820, 16400653, 16402087, 653, 2087
3, 821, 16420653, 16422087, 653, 2087
3, 822, 16440653, 16442384, 653, 2384
3, 823, 16460653, 16462087, 653, 2087
3, 824, 16480653, 16482087, 653, 2087
3, 825, 16500653, 16502809, 653, 2809
3, 826, 16520653, 16523668, 653, 3668
3, 827, 16540653, 16542087, 653, 2087
3, 828, 16560653, 16562809, 653, 2809
3, 829, 16580653, 16582087, 653, 2087
3, 83, 1660653, 1662087, 653, 2087
3, 830, 16600653, 16602557, 653, 2557
3, 831, 16620653, 16622087, 653, 2087
3, 832, 16640653, 16642087, 653, 2087
3, 833, 16660653, 16663668, 653, 3668
3, 834, 16680653, 16682493, 653, 2493
3, 835, 16700653, 16702087, 653, 2087
3, 836, 16720653, 16722087, 653, 2087
3, 837, 16740653, 16742087, 653, 2087
3, 838, 16760653, 16762087, 653, 2087
3, 839, 16780653, 16782087, 653, 2087
3, 84, 1680653, 1684643, 653, 4643
3, 840, 16800653, 16804643, 653, 4643
3, 841, 16820653, 16822087, 653, 2087
3, 842, 16840653, 16842087, 653, 2087
3, 843, 16860653, 16862493, 653, 2493
3, 844, 16880653, 16882087, 653, 2087
3, 845, 16900653, 16902087, 653, 2087
3, 846, 16920653, 16922493, 653, 2493
3, 847, 16940653, 16943668, 653, 3668
3, 848, 16960653, 16962087, 653, 2087
3, 849, 16980653, 16982493, 653, 2493
3, 85, 1700653, 1702087, 653, 2087
3, 850, 17000653, 17002087, 653, 2087
3, 851, 17020653, 17022087, 653, 2087
3, 852, 17040653, 17042493, 653, 2493
3, 853, 17060653, 17062087, 653, 2087
3, 854, 17080653, 17082557, 653, 2557
3, 855, 17100653, 17102809, 653, 2809
3, 856, 17120653, 17122087, 653, 2087
3, 857, 17140653, 17142087, 653, 2087
3, 858, 17160653, 17162087, 653, 2087
3, 859, 17180653, 17182087, 653, 2087
3, 86, 1720653, 1722087, 653, 2087
3, 860, 17200653, 17202557, 653, 2557
3, 861, 17220653, 17223365, 653, 3365
3, 862, 17240653, 17242087, 653, 2087
3, 863, 17260653, 17262087, 653, 2087
3, 864, 17280653, 17282809, 653, 2809
3, 865, 17300653, 17302087, 653, 2087
3, 866, 17320653, 17322087, 653, 2087
3, 867, 17340653, 17342493, 653, 2493
3, 868, 17360653, 17365634, 653, 5634
3, 869, 17380653, 17382087, 653, 2087
3, 87, 1740653, 1742087, 653, 2087
3, 870, 17400653, 17402809, 653, 2809
3, 871, 17420653, 17422087, 653, 2087
3, 872, 17440653, 17442087, 653, 2087
3, 873, 17460653, 17462493, 653, 2493
3, 874, 17480653, 17482087, 653, 2087
3, 875, 17500653, 17504530, 653, 4530
3, 876, 17520653, 17522809, 653, 2809
3, 877, 17540653, 17542087, 653, 2087
3, 878, 17560653, 17562087, 653, 2087
3, 879, 17580653, 17582087, 653, 2087
3, 88, 1760653, 1762087, 653, 2087
3, 880, 17600653, 17602557, 653, 2557
3, 881, 17620653, 17622087, 653, 2087
3, 882, 17640653, 17643365, 653, 3365
3, 883, 17660653, 17662087, 653, 2087
3, 884, 17680653, 17682557, 653, 2557
3, 885, 17700653, 17702809, 653, 2809
3, 886, 17720653, 17722087, 653, 2087
3, 887, 17740653, 17742087, 653, 2087
3, 888, 17760653, 17762493, 653, 2493
3, 889, 17780653, 17783668, 653, 3668
3, 89, 1780653, 1782087, 653, 2087
3, 890, 17800653, 17802087, 653, 2087
3, 891, 17820653, 17822493, 653, 2493
3, 892, 17840653, 17842087, 653, 2087
3, 893, 17860653, 17862087, 653, 2087
3, 894, 17880653, 17882391, 653, 2391
3, 895, 17900653, 17902087, 653, 2087
3, 896, 17920653, 17923668, 653, 3668
3, 897, 17940653, 17942493, 653, 2493
3, 898, 17960653, 17962087, 653, 2087
3, 899, 17980653, 17982087, 653, 2087
3, 9, 180653, 183814, 653, 3814
3, 90, 1800653, 1802809, 653, 2809
3, 900, 18000653, 18002809, 653, 2809
3, 901, 18020653, 18022087, 653, 2087
3, 902, 18040653, 18042087, 653, 2087
3, 903, 18060653, 18063365, 653, 3365
3, 904, 18080653, 18082087, 653, 2087
3, 905, 18100653, 18102087, 653, 2087
3, 906, 18120653, 18122493, 653, 2493
3, 907, 18140653, 18142087, 653, 2087
3, 908, 18160653, 18162087, 653, 2087
3, 909, 18180653, 18182087, 653, 2087
3, 91, 1820653, 1822557, 653, 2557
3, 910, 18200653, 18203668, 653, 3668
3, 911, 18220653, 18222087, 653, 2087
3, 912, 18240653, 18242809, 653, 2809
3, 913, 18260653, 18262087, 653, 2087
3, 914, 18280653, 18282087, 653, 2087
3, 915, 18300653, 18302809, 653, 2809
3, 916, 18320653, 18322087, 653, 2087
3, 917, 18340653, 18342557, 653, 2557
3, 918, 18360653, 18362493, 653, 2493
3, 919, 18380653, 18382087, 653, 2087
3, 92, 1840653, 1842087, 653, 2087
3, 920, 18400653, 18402087, 653, 2087
3, 921, 18420653, 18422087, 653, 2087
3, 922, 18440653, 18442087, 653, 2087
3, 923, 18460653, 18462087, 653, 2087
3, 924, 18480653, 18484643, 653, 4643
3, 925, 18500653, 18502087, 653, 2087
3, 926, 18520653, 18522087, 653, 2087
3, 927, 18540653, 18542493, 653, 2493
3, 928, 18560653, 18562087, 653, 2087
3, 929, 18580653, 18582087, 653, 2087
3, 93, 1860653, 1862493, 653, 2493
3, 930, 18600653, 18602493, 653, 2493
3, 931, 18620653, 18623668, 653, 3668
3, 932, 18640653, 18642087, 653, 2087
3, 933, 18660653, 18662493, 653, 2493
3, 934, 18680653, 18682087, 653, 2087
3, 935, 18700653, 18702087, 653, 2087
3, 936, 18720653, 18722809, 653, 2809
3, 937, 18740653, 18742087, 653, 2087
3, 938, 18760653, 18762557, 653, 2557
3, 939, 18780653, 18782087, 653, 2087
3, 94, 1880653, 1882087, 653, 2087
3, 940, 18800653, 18804359, 653, 4359
3, 941, 18820653, 18822087, 653, 2087
3, 942, 18840653, 18842087, 653, 2087
3, 943, 18860653, 18862087, 653, 2087
3, 944, 18880653, 18882087, 653, 2087
3, 945, 18900653, 18904643, 653, 4643
3, 946, 18920653, 18922087, 653, 2087
3, 947, 18940653, 18942087, 653, 2087
3, 948, 18960653, 18962809, 653, 2809
3, 949, 18980653, 18983352, 653, 3352
3, 95, 1900653, 1902087, 653, 2087
3, 950, 19000653, 19002087, 653, 2087
3, 951, 19020653, 19022087, 653, 2087
3, 952, 19040653, 19045634, 653, 5634
3, 953, 19060653, 19062087, 653, 2087
3, 954, 19080653, 19082493, 653, 2493
3, 955, 19100653, 19102087, 653, 2087
3, 956, 19120653, 19122087, 653, 2087
3, 957, 19140653, 19142493, 653, 2493
3, 958, 19160653, 19162087, 653, 2087
3, 959, 19180653, 19182557, 653, 2557
3, 96, 1920653, 1922493, 653, 2493
3, 960, 19200653, 19202809, 653, 2809
3, 961, 19220653, 19224369, 653, 4369
3, 962, 19240653, 19242087, 653, 2087
3, 963, 19260653, 19262087, 653, 2087
3, 964, 19280653, 19282087, 653, 2087
3, 965, 19300653, 19302087, 653, 2087
3, 966, 19320653, 19324643, 653, 4643
3, 967, 19340653, 19342087, 653, 2087
3, 968, 19360653, 19362087, 653, 2087
3, 969, 19380653, 19382493, 653, 2493
3, 97, 1940653, 1942087, 653, 2087
3, 970, 19400653, 19402087, 653, 2087
3, 971, 19420653, 19422087, 653, 2087
3, 972, 19440653, 19442493, 653, 2493
3, 973, 19460653, 19462557, 653, 2557
3, 974, 19480653, 19482087, 653, 2087
3, 975, 19500653, 19502809, 653, 2809
3, 976, 19520653, 19522087, 653, 2087
3, 977, 19540653, 19542087, 653, 2087
3, 978, 19560653, 19562493, 653, 2493
3, 979, 19580653, 19582087, 653, 2087
3, 98, 1960653, 1963668, 653, 3668
3, 980, 19600653, 19603668, 653, 3668
3, 981, 19620653, 19622087, 653, 2087
3, 982, 19640653, 19642087, 653, 2087
3, 983, 19660653, 19662087, 653, 2087
3, 984, 19680653, 19682493, 653, 2493
3, 985, 19700653, 19702087, 653, 2087
3, 986, 19720653, 19722087, 653, 2087
3, 987, 19740653, 19744643, 653, 4643
3, 988, 19760653, 19762087, 653, 2087
3, 989, 19780653, 19782087, 653, 2087
3, 99, 1980653, 1982493, 653, 2493
3, 990, 19800653, 19802493, 653, 2493
3, 991, 19820653, 19823440, 653, 3440
3, 992, 19840653, 19842087, 653, 2087
3, 993, 19860653, 19862087, 653, 2087
3, 994, 19880653, 19882557, 653, 2557
3, 995, 19900653, 19902087, 653, 2087
3, 996, 19920653, 19923214, 653, 3214
3, 997, 19940653, 19942087, 653, 2087
3, 998, 19960653, 19962087, 653, 2087
3, 999, 19980653, 19982493, 653, 2493
4, 0, 662, 10629, 662, 10629
4, 1, 25662, 27353, 662, 2353
4, 10, 250662, 252353, 662, 2353
4, 100, 2500662, 2502353, 662, 2353
4, 1000, 25000662, 25002353, 662, 2353
4, 1001, 25025662, 25027353, 662, 2353
4, 1002, 25050662, 25052353, 662, 2353
4, 1003, 25075662, 25077353, 662, 2353
4, 1004, 25100662, 25103058, 662, 3058
4, 1005, 25125662, 25127353, 662, 2353
4, 1006, 25150662, 25152353, 662, 2353
4, 1007, 25175662, 25177353, 662, 2353
4, 1008, 25200662, 25206824, 662, 6824
4, 1009, 25225662, 25227353, 662, 2353
4, 101, 2525662, 2527353, 662, 2353
4, 1010, 25250662, 25252353, 662, 2353
4, 1011, 25275662, 25277628, 662, 2628
4, 1012, 25300662, 25302353, 662, 2353
4, 1013, 25325662, 25327353, 662, 2353
4, 1014, 25350662, 25352931, 662, 2931
4, 1015, 25375662, 25377353, 662, 2353
4, 1016, 25400662, 25402353, 662, 2353
4, 1017, 25425662, 25427353, 662, 2353
4, 1018, 25450662, 25452353, 662, 2353
4, 1019, 25475662, 25477353, 662, 2353
4, 102, 2550662, 2552353, 662, 2353
4, 1020, 25500662, 25503180, 662, 3180
4, 1021, 25525662, 25527353, 662, 2353
4, 1022, 25550662, 25552823, 662, 2823
4, 1023, 25575662, 25577353, 662, 2353
4, 1024, 25600662, 25603131, 662, 3131
4, 1025, 25625662, 25627353, 662, 2353
4, 1026, 25650662, 25652353, 662, 2353
4, 1027, 25675662, 25677353, 662, 2353
4, 1028, 25700662, 25702353, 662, 2353
4, 1029, 25725662, 25727353, 662, 2353
4, 103, 2575662, 2577353, 662, 2353
4, 1030, 25750662, 25752353, 662, 2353
4, 1031, 25775662, 25777353, 662, 2353
4, 1032, 25800662, 25803113, 662, 3113
4, 1033, 25825662, 25827353, 662, 2353
4, 1034, 25850662, 25852353, 662, 2353
4, 1035, 25875662, 25877353, 662, 2353
4, 1036, 25900662, 25903687, 662, 3687
4, 1037, 25925662, 25927353, 662, 2353
4, 1038, 25950662, 25952353, 662, 2353
4, 1039, 25975662, 25977353, 662, 2353
4, 104, 2600662, 2602353, 662, 2353
4, 1040, 26000662, 26002353, 662, 2353
4, 1041, 26025662, 26027353, 662, 2353
4, 1042, 26050662, 26052353, 662, 2353
4, 1043, 26075662, 26077353, 662, 2353
4, 1044, 26100662, 26103180, 662, 3180
4, 1045, 26125662, 26127353, 662, 2353
4, 1046, 26150662, 26152353, 662, 2353
4, 1047, 26175662, 26177353, 662, 2353
4, 1048, 26200662, 26202353, 662, 2353
4, 1049, 26225662, 26227353, 662, 2353
4, 105, 2625662, 2627353, 662, 2353
4, 1050, 26250662, 26253631, 662, 3631
4, 1051, 26275662, 26277353, 662, 2353
4, 1052, 26300662, 26302353, 662, 2353
4, 1053, 26325662, 26328324, 662, 3324
4, 1054, 26350662, 26352353, 662, 2353
4, 1055, 26375662, 26377353, 662, 2353
4, 1056, 26400662, 26403180, 662, 3180
4, 1057, 26425662, 26427353, 662, 2353
4, 1058, 26450662, 26452353, 662, 2353
4, 1059, 26475662, 26477353, 662, 2353
4, 106, 2650662, 2652353, 662, 2353
4, 1060, 26500662, 26502353, 662, 2353
4, 1061, 26525662, 26527353, 662, 2353
4, 1062, 26550662, 26552353, 662, 2353
4, 1063, 26575662, 26577353, 662, 2353
4, 1064, 26600662, 26603687, 662, 3687
4, 1065, 26625662, 26627353, 662, 2353
4, 1066, 26650662, 26652353, 662, 2353
4, 1067, 26675662, 26677353, 662, 2353
4, 1068, 26700662, 26703180, 662, 3180
4, 1069, 26725662, 26727353, 662, 2353
4, 107, 2675662, 2677353, 662, 2353
4, 1070, 26750662, 26752353, 662, 2353
4, 1071, 26775662, 26777628, 662, 2628
4, 1072, 26800662, 26803131, 662, 3131
4, 1073, 26825662, 26827353, 662, 2353
4, 1074, 26850662, 26852353, 662, 2353
4, 1075, 26875662, 26877353, 662, 2353
4, 1076, 26900662, 26902353, 662, 2353
4, 1077, 26925662, 26927353, 662, 2353
4, 1078, 26950662, 26953934, 662, 3934
4, 1079, 26975662, 26977353, 662, 2353
4, 108, 2700662, 2703113, 662, 3113
4, 1080, 27000662, 27002797, 662, 2797
4, 1081, 27025662, 27027353, 662, 2353
4, 1082, 27050662, 27052353, 662, 2353
4, 1083, 27075662, 27077353, 662, 2353
4, 1084, 27100662, 27102353, 662, 2353
4, 1085, 27125662, 27130019, 662, 5019
4, 1086, 27150662, 27152353, 662, 2353
4, 1087, 27175662, 27177353, 662, 2353
4, 1088, 27200662, 27203411, 662, 3411
4, 1089, 27225662, 27227353, 662, 2353
4, 109, 2725662, 2727353, 662, 2353
4, 1090, 27250662, 27252353, 662, 2353
4, 1091, 27275662, 27277353, 662, 2353
4, 1092, 27300662, 27306824, 662, 6824
4, 1093, 27325662, 27327353, 662, 2353
4, 1094, 27350662, 27352353, 662, 2353
4, 1095, 27375662, 27377353, 662, 2353
4, 1096, 27400662, 27402353, 662, 2353
4, 1097, 27425662, 27427353, 662, 2353
4, 1098, 27450662, 27452353, 662, 2353
4, 1099, 27475662, 27477353, 662, 2353
4, 11, 275662, 277353, 662, 2353
4, 110, 2750662, 2752353, 662, 2353
4, 1100, 27500662, 27502353, 662, 2353
4, 1101, 27525662, 27527353, 662, 2353
4, 1102, 27550662, 27552353, 662, 2353
4, 1103, 27575662, 27577353, 662, 2353
4, 1104, 27600662, 27603180, 662, 3180
4, 1105, 27625662, 27627353, 662, 2353
4, 1106, 27650662, 27653934, 662, 3934
4, 1107, 27675662, 27677353, 662, 2353
4, 1108, 27700662, 27702353, 662, 2353
4, 1109, 27725662, 27728464, 662, 3464
4, 111, 2775662, 2777353, 662, 2353
4, 1110, 27750662, 27752353, 662, 2353
4, 1111, 27775662, 27777353, 662, 2353
4, 1112, 27800662, 27802353, 662, 2353
4, 1113, 27825662, 27827628, 662, 2628
4, 1114, 27850662, 27852353, 662, 2353
4, 1115, 27875662, 27877353, 662, 2353
4, 1116, 27900662, 27903383, 662, 3383
4, 1117, 27925662, 27927353, 662, 2353
4, 1118, 27950662, 27952353, 662, 2353
4, 1119, 27975662, 27977353, 662, 2353
4, 112, 2800662, 2805021, 662, 5021
4, 1120, 28000662, 28005021, 662, 5021
4, 1121, 28025662, 28027353, 662, 2353
4, 1122, 28050662, 28052353, 662, 2353
4, 1123, 28075662, 28077353, 662, 2353
4, 1124, 28100662, 28102353, 662, 2353
4, 1125, 28125662, 28127353, 662, 2353
4, 1126, 28150662, 28152353, 662, 2353
4, 1127, 28175662, 28177353, 662, 2353
4, 1128, 28200662, 28202797, 662, 2797
4, 1129, 28225662, 28227353, 662, 2353
4, 113, 2825662, 2827353, 662, 2353
4, 1130, 28250662, 28252353, 662, 2353
4, 1131, 28275662, 28277353, 662, 2353
4, 1132, 28300662, 28302353, 662, 2353
4, 1133, 28325662, 28328004, 662, 3004
4, 1134, 28350662, 28353631, 662, 3631
4, 1135, 28375662, 28377353, 662, 2353
4, 1136, 28400662, 28403131, 662, 3131
4, 1137, 28425662, 28427353, 662, 2353
4, 1138, 28450662, 28452353, 662, 2353
4, 1139, 28475662, 28477353, 662, 2353
4, 114, 2850662, 2852353, 662, 2353
4, 1140, 28500662, 28503180, 662, 3180
4, 1141, 28525662, 28527353, 662, 2353
4, 1142, 28550662, 28552353, 662, 2353
4, 1143, 28575662, 28577353, 662, 2353
4, 1144, 28600662, 28602353, 662, 2353
4, 1145, 28625662, 28627353, 662, 2353
4, 1146, 28650662, 28652353, 662, 2353
4, 1147, 28675662, 28677353, 662, 2353
4, 1148, 28700662, 28703687, 662, 3687
4, 1149, 28725662, 28727353, 662, 2353
4, 115, 2875662, 2877353, 662, 2353
4, 1150, 28750662, 28752353, 662, 2353
4, 1151, 28775662, 28777353, 662, 2353
4, 1152, 28800662, 28803180, 662, 3180
4, 1153, 28825662, 28827591, 662, 2591
4, 1154, 28850662, 28852353, 662, 2353
4, 1155, 28875662, 28877353, 662, 2353
4, 1156, 28900662, 28902353, 662, 2353
4, 1157, 28925662, 28927353, 662, 2353
4, 1158, 28950662, 28952353, 662, 2353
4, 1159, 28975662, 28977353, 662, 2353
4, 116, 2900662, 2902353, 662, 2353
4, 1160, 29000662, 29002353, 662, 2353
4, 1161, 29025662, 29027353, 662, 2353
4, 1162, 29050662, 29052823, 662, 2823
4, 1163, 29075662, 29077353, 662, 2353
4, 1164, 29100662, 29103180, 662, 3180
4, 1165, 29125662, 29127353, 662, 2353
4, 1166, 29150662, 29152353, 662, 2353
4, 1167, 29175662, 29177353, 662, 2353
4, 1168, 29200662, 29202353, 662, 2353
4, 1169, 29225662, 29227353, 662, 2353
4, 117, 2925662, 2927353, 662, 2353
4, 1170, 29250662, 29252353, 662, 2353
4, 1171, 29275662, 29277353, 662, 2353
4, 1172, 29300662, 29302353, 662, 2353
4, 1173, 29325662, 29327353, 662, 2353
4, 1174, 29350662, 29352353, 662, 2353
4, 1175, 29375662, 29377353, 662, 2353
4, 1176, 29400662, 29404174, 662, 4174
4, 1177, 29425662, 29427353, 662, 2353
4, 1178, 29450662, 29452353, 662, 2353
4, 1179, 29475662, 29477628, 662, 2628
4, 118, 2950662, 2952353, 662, 2353
4, 1180, 29500662, 29502353, 662, 2353
4, 1181, 29525662, 29527353, 662, 2353
4, 1182, 29550662, 29552353, 662, 2353
4, 1183, 29575662, 29577353, 662, 2353
4, 1184, 29600662, 29603131, 662, 3131
4, 1185, 29625662, 29627353, 662, 2353
4, 1186, 29650662, 29652353, 662, 2353
4, 1187, 29675662, 29677353, 662, 2353
4, 1188, 29700662, 29703180, 662, 3180
4, 1189, 29725662, 29727353, 662, 2353
4, 119, 2975662, 2977353, 662, 2353
4, 1190, 29750662, 29753934, 662, 3934
4, 1191, 29775662, 29777353, 662, 2353
4, 1192, 29800662, 29802353, 662, 2353
4, 1193, 29825662, 29827353, 662, 2353
4, 1194, 29850662, 29852770, 662, 2770
4, 1195, 29875662, 29877353, 662, 2353
4, 1196, 29900662, 29902353, 662, 2353
4, 1197, 29925662, 29928328, 662, 3328
4, 1198, 29950662, 29952353, 662, 2353
4, 1199, 29975662, 29977353, 662, 2353
4, 12, 300662, 302797, 662, 2797
4, 120, 3000662, 3003180, 662, 3180
4, 1200, 30000662, 30003383, 662, 3383
4, 1201, 30025662, 30027353, 662, 2353
4, 1202, 30050662, 30052353, 662, 2353
4, 1203, 30075662, 30077353, 662, 2353
4, 1204, 30100662, 30105021, 662, 5021
4, 1205, 30125662, 30127353, 662, 2353
4, 1206, 30150662, 30152353, 662, 2353
4, 1207, 30175662, 30177353, 662, 2353
4, 1208, 30200662, 30202353, 662, 2353
4, 1209, 30225662, 30227353, 662, 2353
4, 121, 3025662, 3027353, 662, 2353
4, 1210, 30250662, 30252353, 662, 2353
4, 1211, 30275662, 30277353, 662, 2353
4, 1212, 30300662, 30302797, 662, 2797
4, 1213, 30325662, 30327353, 662, 2353
4, 1214, 30350662, 30352353, 662, 2353
4, 1215, 30375662, 30377353, 662, 2353
4, 1216, 30400662, 30402353, 662, 2353
4, 1217, 30425662, 30427353, 662, 2353
4, 1218, 30450662, 30454909, 662, 4909
4, 1219, 30475662, 30477353, 662, 2353
4, 122, 3050662, 3052353, 662, 2353
4, 1220, 30500662, 30502353, 662, 2353
4, 1221, 30525662, 30532986, 662, 7986
4, 1222, 30550662, 30552353, 662, 2353
4, 1223, 30575662, 30577353, 662, 2353
4, 1224, 30600662, 30603180, 662, 3180
4, 1225, 30625662, 30627353, 662, 2353
4, 1226, 30650662, 30652353, 662, 2353
4, 1227, 30675662, 30677353, 662, 2353
4, 1228, 30700662, 30703058, 662, 3058
4, 1229, 30725662, 30727353, 662, 2353
4, 123, 3075662, 3077353, 662, 2353
4, 1230, 30750662, 30752353, 662, 2353
4, 1231, 30775662, 30777353, 662, 2353
4, 1232, 30800662, 30807424, 662, 7424
4, 1233, 30825662, 30827353, 662, 2353
4, 1234, 30850662, 30852353, 662, 2353
4, 1235, 30875662, 30879893, 662, 4893
4, 1236, 30900662, 30902973, 662, 2973
4, 1237, 30925662, 30927353, 662, 2353
4, 1238, 30950662, 30952353, 662, 2353
4, 1239, 30975662, 30977353, 662, 2353
4, 124, 3100662, 3102353, 662, 2353
4, 1240, 31000662, 31002353, 662, 2353
4, 1241, 31025662, 31027353, 662, 2353
4, 1242, 31050662, 31053004, 662, 3004
4, 1243, 31075662, 31077353, 662, 2353
4, 1244, 31100662, 31102353, 662, 2353
4, 1245, 31125662, 31135220, 662, 10220
4, 1246, 31150662, 31152823, 662, 2823
4, 1247, 31175662, 31177353, 662, 2353
4, 1248, 31200662, 31203619, 662, 3619
4, 1249, 31225662, 31227353, 662, 2353
4, 125, 3125662, 3127353, 662, 2353
4, 1250, 31250662, 31252353, 662, 2353
4, 1251, 31275662, 31277353, 662, 2353
4, 1252, 31300662, 31303045, 662, 3045
4, 1253, 31325662, 31327353, 662, 2353
4, 1254, 31350662, 31352353, 662, 2353
4, 1255, 31375662, 31377353, 662, 2353
4, 1256, 31400662, 31402353, 662, 2353
4, 1257, 31425662, 31427353, 662, 2353
4, 1258, 31450662, 31452353, 662, 2353
4, 1259, 31475662, 31477353, 662, 2353
4, 126, 3150662, 3154909, 662, 4909
4, 1260, 31500662, 31504174, 662, 4174
4, 1261, 31525662, 31527353, 662, 2353
4, 1262, 31550662, 31552353, 662, 2353
4, 1263, 31575662, 31577353, 662, 2353
4, 1264, 31600662, 31602353, 662, 2353
4, 1265, 31625662, 31627353, 662, 2353
4, 1266, 31650662, 31652353, 662, 2353
4, 1267, 31675662, 31677353, 662, 2353
4, 1268, 31700662, 31702353, 662, 2353
4, 1269, 31725662, 31728328, 662, 3328
4, 127, 3175662, 3177353, 662, 2353
4, 1270, 31750662, 31752353, 662, 2353
4, 1271, 31775662, 31777353, 662, 2353
4, 1272, 31800662, 31803180, 662, 3180
4, 1273, 31825662, 31827353, 662, 2353
4, 1274, 31850662, 31852823, 662, 2823
4, 1275, 31875662, 31877353, 662, 2353
4, 1276, 31900662, 31902353, 662, 2353
4, 1277, 31925662, 31929157, 662, 4157
4, 1278, 31950662, 31952353, 662, 2353
4, 1279, 31975662, 31977353, 662, 2353
4, 128, 3200662, 3202353, 662, 2353
4, 1280, 32000662, 32002353, 662, 2353
4, 1281, 32025662, 32027353, 662, 2353
4, 1282, 32050662, 32052353, 662, 2353
4, 1283, 32075662, 32077353, 662, 2353
4, 1284, 32100662, 32103113, 662, 3113
4, 1285, 32125662, 32127353, 662, 2353
4, 1286, 32150662, 32152353, 662, 2353
4, 1287, 32175662, 32177353, 662, 2353
4, 1288, 32200662, 32203687, 662, 3687
4, 1289, 32225662, 32227353, 662, 2353
4, 129, 3225662, 3227628, 662, 2628
4, 1290, 32250662, 32252353, 662, 2353
4, 1291, 32275662, 32277353, 662, 2353
4, 1292, 32300662, 32302353, 662, 2353
4, 1293, 32325662, 32327628, 662, 2628
4, 1294, 32350662, 32352353, 662, 2353
4, 1295, 32375662, 32377353, 662, 2353
4, 1296, 32400662, 32403619, 662, 3619
4, 1297, 32425662, 32427353, 662, 2353
4, 1298, 32450662, 32452353, 662, 2353
4, 1299, 32475662, 32477353, 662, 2353
4, 13, 325662, 327353, 662, 2353
4, 130, 3250662, 3252353, 662, 2353
4, 1300, 32500662, 32502353, 662, 2353
4, 1301, 32525662, 32527353, 662, 2353
4, 1302, 32550662, 32553631, 662, 3631
4, 1303, 32575662, 32577353, 662, 2353
4, 1304, 32600662, 32602353, 662, 2353
4, 1305, 32625662, 32627628, 662, 2628
4, 1306, 32650662, 32652353, 662, 2353
4, 1307, 32675662, 32677353, 662, 2353
4, 1308, 32700662, 32702797, 662, 2797
4, 1309, 32725662, 32727353, 662, 2353
4, 131, 3275662, 3277353, 662, 2353
4, 1310, 32750662, 32752353, 662, 2353
4, 1311, 32775662, 32777353, 662, 2353
4, 1312, 32800662, 32803058, 662, 3058
4, 1313, 32825662, 32827353, 662, 2353
4, 1314, 32850662, 32852353, 662, 2353
4, 1315, 32875662, 32877353, 662, 2353
4, 1316, 32900662, 32905021, 662, 5021
4, 1317, 32925662, 32927353, 662, 2353
4, 1318, 32950662, 32952353, 662, 2353
4, 1319, 32975662, 32977353, 662, 2353
4, 132, 3300662, 3302797, 662, 2797
4, 1320, 33000662, 33003180, 662, 3180
4, 1321, 33025662, 33027353, 662, 2353
4, 1322, 33050662, 33052353, 662, 2353
4, 1323, 33075662, 33077628, 662, 2628
4, 1324, 33100662, 33102353, 662, 2353
4, 1325, 33125662, 33127353, 662, 2353
4, 1326, 33150662, 33153004, 662, 3004
4, 1327, 33175662, 33177353, 662, 2353
4, 1328, 33200662, 33202353, 662, 2353
4, 1329, 33225662, 33227353, 662, 2353
4, 133, 3325662, 3329300, 662, 4300
4, 1330, 33250662, 33253934, 662, 3934
4, 1331, 33275662, 33277353, 662, 2353
4, 1332, 33300662, 33302797, 662, 2797
4, 1333, 33325662, 33327353, 662, 2353
4, 1334, 33350662, 33352353, 662, 2353
4, 1335, 33375662, 33377353, 662, 2353
4, 1336, 33400662, 33402353, 662, 2353
4, 1337, 33425662, 33427353, 662, 2353
4, 1338, 33450662, 33452353, 662, 2353
4, 1339, 33475662, 33477353, 662, 2353
4, 134, 3350662, 3352353, 662, 2353
4, 1340, 33500662, 33506985, 662, 6985
4, 1341, 33525662, 33527628, 662, 2628
4, 1342, 33550662, 33552353, 662, 2353
4, 1343, 33575662, 33577353, 662, 2353
4, 1344, 33600662, 33610629, 662, 10629
4, 1345, 33625662, 33627353, 662, 2353
4, 1346, 33650662, 33652353, 662, 2353
4, 1347, 33675662, 33677628, 662, 2628
4, 1348, 33700662, 33702353, 662, 2353
4, 1349, 33725662, 33727353, 662, 2353
4, 135, 3375662, 3377353, 662, 2353
4, 1350, 33750662, 33752353, 662, 2353
4, 1351, 33775662, 33777353, 662, 2353
4, 1352, 33800662, 33802353, 662, 2353
4, 1353, 33825662, 33827353, 662, 2353
4, 1354, 33850662, 33852807, 662, 2807
4, 1355, 33875662, 33877353, 662, 2353
4, 1356, 33900662, 33902797, 662, 2797
4, 1357, 33925662, 33930334, 662, 5334
4, 1358, 33950662, 33954937, 662, 4937
4, 1359, 33975662, 33977353, 662, 2353
4, 136, 3400662, 3403058, 662, 3058
4, 1360, 34000662, 34003131, 662, 3131
4, 1361, 34025662, 34028464, 662, 3464
4, 1362, 34050662, 34052353, 662, 2353
4, 1363, 34075662, 34077353, 662, 2353
4, 1364, 34100662, 34102353, 662, 2353
4, 1365, 34125662, 34127353, 662, 2353
4, 1366, 34150662, 34152353, 662, 2353
4, 1367, 34175662, 34177353, 662, 2353
4, 1368, 34200662, 34203383, 662, 3383
4, 1369, 34225662, 34227353, 662, 2353
4, 137, 3425662, 3427353, 662, 2353
4, 1370, 34250662, 34252353, 662, 2353
4, 1371, 34275662, 34277353, 662, 2353
4, 1372, 34300662, 34303687, 662, 3687
4, 1373, 34325662, 34327353, 662, 2353
4, 1374, 34350662, 34352353, 662, 2353
4, 1375, 34375662, 34377353, 662, 2353
4, 1376, 34400662, 34402353, 662, 2353
4, 1377, 34425662, 34427353, 662, 2353
4, 1378, 34450662, 34452353, 662, 2353
4, 1379, 34475662, 34477353, 662, 2353
4, 138, 3450662, 3452353, 662, 2353
4, 1380, 34500662, 34502797, 662, 2797
4, 1381, 34525662, 34527353, 662, 2353
4, 1382, 34550662, 34552353, 662, 2353
4, 1383, 34575662, 34577353, 662, 2353
4, 1384, 34600662, 34602353, 662, 2353
4, 1385, 34625662, 34627353, 662, 2353
4, 1386, 34650662, 34653631, 662, 3631
4, 1387, 34675662, 34677353, 662, 2353
4, 1388, 34700662, 34702353, 662, 2353
4, 1389, 34725662, 34728324, 662, 3324
4, 139, 3475662, 3477353, 662, 2353
4, 1390, 34750662, 34752353, 662, 2353
4, 1391, 34775662, 34777353, 662, 2353
4, 1392, 34800662, 34803180, 662, 3180
4, 1393, 34825662, 34827353, 662, 2353
4, 1394, 34850662, 34852353, 662, 2353
4, 1395, 34875662, 34877353, 662, 2353
4, 1396, 34900662, 34902353, 662, 2353
4, 1397, 34925662, 34927353, 662, 2353
4, 1398, 34950662, 34952353, 662, 2353
4, 1399, 34975662, 34977353, 662, 2353
4, 14, 350662, 353934, 662, 3934
4, 140, 3500662, 3505021, 662, 5021
4, 1400, 35000662, 35003687, 662, 3687
4, 1401, 35025662, 35027353, 662, 2353
4, 1402, 35050662, 35052353, 662, 2353
4, 1403, 35075662, 35077353, 662, 2353
4, 1404, 35100662, 35102797, 662, 2797
4, 1405, 35125662, 35127353, 662, 2353
4, 1406, 35150662, 35152353, 662, 2353
4, 1407, 35175662, 35177353, 662, 2353
4, 1408, 35200662, 35203131, 662, 3131
4, 1409, 35225662, 35227353, 662, 2353
4, 141, 3525662, 3527353, 662, 2353
4, 1410, 35250662, 35252353, 662, 2353
4, 1411, 35275662, 35277353, 662, 2353
4, 1412, 35300662, 35302353, 662, 2353
4, 1413, 35325662, 35327353, 662, 2353
4, 1414, 35350662, 35352823, 662, 2823
4, 1415, 35375662, 35377353, 662, 2353
4, 1416, 35400662, 35402797, 662, 2797
4, 1417, 35425662, 35427353, 662, 2353
4, 1418, 35450662, 35452353, 662, 2353
4, 1419, 35475662, 35477353, 662, 2353
4, 142, 3550662, 3552353, 662, 2353
4, 1420, 35500662, 35502353, 662, 2353
4, 1421, 35525662, 35527353, 662, 2353
4, 1422, 35550662, 35552353, 662, 2353
4, 1423, 35575662, 35577353, 662, 2353
4, 1424, 35600662, 35603058, 662, 3058
4, 1425, 35625662, 35627353, 662, 2353
4, 1426, 35650662, 35652353, 662, 2353
4, 1427, 35675662, 35677353, 662, 2353
4, 1428, 35700662, 35706824, 662, 6824
4, 1429, 35725662, 35727353, 662, 2353
4, 143, 3575662, 3577353, 662, 2353
4, 1430, 35750662, 35752353, 662, 2353
4, 1431, 35775662, 35777628, 662, 2628
4, 1432, 35800662, 35802353, 662, 2353
4, 1433, 35825662, 35827353, 662, 2353
4, 1434, 35850662, 35852353, 662, 2353
4, 1435, 35875662, 35877353, 662, 2353
4, 1436, 35900662, 35902353, 662, 2353
4, 1437, 35925662, 35927353, 662, 2353
4, 1438, 35950662, 35952353, 662, 2353
4, 1439, 35975662, 35977353, 662, 2353
4, 144, 3600662, 3603180, 662, 3180
4, 1440, 36000662, 36003180, 662, 3180
4, 1441, 36025662, 36027353, 662, 2353
4, 1442, 36050662, 36053934, 662, 3934
4, 1443, 36075662, 36077353, 662, 2353
4, 1444, 36100662, 36102353, 662, 2353
4, 1445, 36125662, 36127353, 662, 2353
4, 1446, 36150662, 36152353, 662, 2353
4, 1447, 36175662, 36177353, 662, 2353
4, 1448, 36200662, 36202353, 662, 2353
4, 1449, 36225662, 36227628, 662, 2628
4, 145, 3625662, 3627353, 662, 2353
4, 1450, 36250662, 36252353, 662, 2353
4, 1451, 36275662, 36277353, 662, 2353
4, 1452, 36300662, 36303383, 662, 3383
4, 1453, 36325662, 36327353, 662, 2353
4, 1454, 36350662, 36352353, 662, 2353
4, 1455, 36375662, 36377353, 662, 2353
4, 1456, 36400662, 36410629, 662, 10629
4, 1457, 36425662, 36427353, 662, 2353
4, 1458, 36450662, 36452353, 662, 2353
4, 1459, 36475662, 36478853, 662, 3853
4, 146, 3650662, 3652353, 662, 2353
4, 1460, 36500662, 36502353, 662, 2353
4, 1461, 36525662, 36527353, 662, 2353
4, 1462, 36550662, 36552353, 662, 2353
4, 1463, 36575662, 36577353, 662, 2353
4, 1464, 36600662, 36602797, 662, 2797
4, 1465, 36625662, 36627353, 662, 2353
4, 1466, 36650662, 36655076, 662, 5076
4, 1467, 36675662, 36677353, 662, 2353
4, 1468, 36700662, 36702353, 662, 2353
4, 1469, 36725662, 36727353, 662, 2353
4, 147, 3675662, 3677628, 662, 2628
4, 1470, 36750662, 36754384, 662, 4384
4, 1471, 36775662, 36777353, 662, 2353
4, 1472, 36800662, 36802353, 662, 2353
4, 1473, 36825662, 36827628, 662, 2628
4, 1474, 36850662, 36852353, 662, 2353
4, 1475, 36875662, 36877353, 662, 2353
4, 1476, 36900662, 36903180, 662, 3180
4, 1477, 36925662, 36927353, 662, 2353
4, 1478, 36950662, 36952353, 662, 2353
4, 1479, 36975662, 36977353, 662, 2353
4, 148, 3700662, 3702353, 662, 2353
4, 1480, 37000662, 37003058, 662, 3058
4, 1481, 37025662, 37027353, 662, 2353
4, 1482, 37050662, 37052353, 662, 2353
4, 1483, 37075662, 37077353, 662, 2353
4, 1484, 37100662, 37103687, 662, 3687
4, 1485, 37125662, 37127353, 662, 2353
4, 1486, 37150662, 37152353, 662, 2353
4, 1487, 37175662, 37177976, 662, 2976
4, 1488, 37200662, 37203180, 662, 3180
4, 1489, 37225662, 37227353, 662, 2353
4, 149, 3725662, 3727353, 662, 2353
4, 1490, 37250662, 37252823, 662, 2823
4, 1491, 37275662, 37277353, 662, 2353
4, 1492, 37300662, 37302353, 662, 2353
4, 1493, 37325662, 37327353, 662, 2353
4, 1494, 37350662, 37352353, 662, 2353
4, 1495, 37375662, 37377353, 662, 2353
4, 1496, 37400662, 37402353, 662, 2353
4, 1497, 37425662, 37427353, 662, 2353
4, 1498, 37450662, 37452823, 662, 2823
4, 1499, 37475662, 37477353, 662, 2353
4, 15, 375662, 377353, 662, 2353
4, 150, 3750662, 3753004, 662, 3004
4, 1500, 37500662, 37503180, 662, 3180
4, 1501, 37525662, 37527353, 662, 2353
4, 1502, 37550662, 37552353, 662, 2353
4, 1503, 37575662, 37577353, 662, 2353
4, 1504, 37600662, 37603131, 662, 3131
4, 1505, 37625662, 37627353, 662, 2353
4, 1506, 37650662, 37652353, 662, 2353
4, 1507, 37675662, 37677353, 662, 2353
4, 1508, 37700662, 37702353, 662, 2353
4, 1509, 37725662, 37727353, 662, 2353
4, 151, 3775662, 3777353, 662, 2353
4, 1510, 37750662, 37752353, 662, 2353
4, 1511, 37775662, 37777353, 662, 2353
4, 1512, 37800662, 37804174, 662, 4174
4, 1513, 37825662, 37827353, 662, 2353
4, 1514, 37850662, 37852353, 662, 2353
4, 1515, 37875662, 37877628, 662, 2628
4, 1516, 37900662, 37902353, 662, 2353
4, 1517, 37925662, 37929241, 662, 4241
4, 1518, 37950662, 37952353, 662, 2353
4, 1519, 37975662, 37977353, 662, 2353
4, 152, 3800662, 3802353, 662, 2353
4, 1520, 38000662, 38003131, 662, 3131
4, 1521, 38025662, 38027353, 662, 2353
4, 1522, 38050662, 38052353, 662, 2353
4, 1523, 38075662, 38077353, 662, 2353
4, 1524, 38100662, 38103180, 662, 3180
4, 1525, 38125662, 38127353, 662, 2353
4, 1526, 38150662, 38152823, 662, 2823
4, 1527, 38175662, 38177353, 662, 2353
4, 1528, 38200662, 38202353, 662, 2353
4, 1529, 38225662, 38227353, 662, 2353
4, 153, 3825662, 3827353, 662, 2353
4, 1530, 38250662, 38252353, 662, 2353
4, 1531, 38275662, 38277353, 662, 2353
4, 1532, 38300662, 38302353, 662, 2353
4, 1533, 38325662, 38327628, 662, 2628
4, 1534, 38350662, 38352353, 662, 2353
4, 1535, 38375662, 38377353, 662, 2353
4, 1536, 38400662, 38403383, 662, 3383
4, 1537, 38425662, 38427353, 662, 2353
4, 1538, 38450662, 38452353, 662, 2353
4, 1539, 38475662, 38477353, 662, 2353
4, 154, 3850662, 3853934, 662, 3934
4, 1540, 38500662, 38503687, 662, 3687
4, 1541, 38525662, 38527353, 662, 2353
4, 1542, 38550662, 38552353, 662, 2353
4, 1543, 38575662, 38577353, 662, 2353
4, 1544, 38600662, 38602353, 662, 2353
4, 1545, 38625662, 38627353, 662, 2353
4, 1546, 38650662, 38652353, 662, 2353
4, 1547, 38675662, 38677353, 662, 2353
4, 1548, 38700662, 38703180, 662, 3180
4, 1549, 38725662, 38727353, 662, 2353
4, 155, 3875662, 3877353, 662, 2353
4, 1550, 38750662, 38752353, 662, 2353
4, 1551, 38775662, 38777353, 662, 2353
4, 1552, 38800662, 38802353, 662, 2353
4, 1553, 38825662, 38827353, 662, 2353
4, 1554, 38850662, 38854909, 662, 4909
4, 1555, 38875662, 38877353, 662, 2353
4, 1556, 38900662, 38902353, 662, 2353
4, 1557, 38925662, 38927628, 662, 2628
4, 1558, 38950662, 38952353, 662, 2353
4, 1559, 38975662, 38977353, 662, 2353
4, 156, 3900662, 3902797, 662, 2797
4, 1560, 39000662, 39002797, 662, 2797
4, 1561, 39025662, 39029300, 662, 4300
4, 1562, 39050662, 39052353, 662, 2353
4, 1563, 39075662, 39077353, 662, 2353
4, 1564, 39100662, 39103058, 662, 3058
4, 1565, 39125662, 39127353, 662, 2353
4, 1566, 39150662, 39152353, 662, 2353
4, 1567, 39175662, 39177353, 662, 2353
4, 1568, 39200662, 39206987, 662, 6987
4, 1569, 39225662, 39227353, 662, 2353
4, 157, 3925662, 3930957, 662, 5957
4, 1570, 39250662, 39252353, 662, 2353
4, 1571, 39275662, 39277353, 662, 2353
4, 1572, 39300662, 39303180, 662, 3180
4, 1573, 39325662, 39327353, 662, 2353
4, 1574, 39350662, 39352353, 662, 2353
4, 1575, 39375662, 39377628, 662, 2628
4, 1576, 39400662, 39402353, 662, 2353
4, 1577, 39425662, 39427353, 662, 2353
4, 1578, 39450662, 39453004, 662, 3004
4, 1579, 39475662, 39477353, 662, 2353
4, 158, 3950662, 3952353, 662, 2353
4, 1580, 39500662, 39502353, 662, 2353
4, 1581, 39525662, 39527628, 662, 2628
4, 1582, 39550662, 39553934, 662, 3934
4, 1583, 39575662, 39577353, 662, 2353
4, 1584, 39600662, 39603180, 662, 3180
4, 1585, 39625662, 39630486, 662, 5486
4, 1586, 39650662, 39652353, 662, 2353
4, 1587, 39675662, 39677353, 662, 2353
4, 1588, 39700662, 39702353, 662, 2353
4, 1589, 39725662, 39727353, 662, 2353
4, 159, 3975662, 3977353, 662, 2353
4, 1590, 39750662, 39752353, 662, 2353
4, 1591, 39775662, 39777353, 662, 2353
4, 1592, 39800662, 39803058, 662, 3058
4, 1593, 39825662, 39827353, 662, 2353
4, 1594, 39850662, 39852353, 662, 2353
4, 1595, 39875662, 39877353, 662, 2353
4, 1596, 39900662, 39904174, 662, 4174
4, 1597, 39925662, 39927353, 662, 2353
4, 1598, 39950662, 39952353, 662, 2353
4, 1599, 39975662, 39977353, 662, 2353
4, 16, 400662, 402353, 662, 2353
4, 160, 4000662, 4003131, 662, 3131
4, 1600, 40000662, 40002353, 662, 2353
4, 1601, 40025662, 40027353, 662, 2353
4, 1602, 40050662, 40052353, 662, 2353
4, 1603, 40075662, 40077353, 662, 2353
4, 1604, 40100662, 40102353, 662, 2353
4, 1605, 40125662, 40127353, 662, 2353
4, 1606, 40150662, 40152353, 662, 2353
4, 1607, 40175662, 40177353, 662, 2353
4, 1608, 40200662, 40202797, 662, 2797
4, 1609, 40225662, 40227353, 662, 2353
4, 161, 4025662, 4027353, 662, 2353
4, 1610, 40250662, 40252823, 662, 2823
4, 1611, 40275662, 40277353, 662, 2353
4, 1612, 40300662, 40302353, 662, 2353
4, 1613, 40325662, 40330324, 662, 5324
4, 1614, 40350662, 40352353, 662, 2353
4, 1615, 40375662, 40377353, 662, 2353
4, 1616, 40400662, 40403376, 662, 3376
4, 1617, 40425662, 40427353, 662, 2353
4, 1618, 40450662, 40452353, 662, 2353
4, 1619, 40475662, 40477353, 662, 2353
4, 162, 4050662, 4052353, 662, 2353
4, 1620, 40500662, 40503113, 662, 3113
4, 1621, 40525662, 40527353, 662, 2353
4, 1622, 40550662, 40552353, 662, 2353
4, 1623, 40575662, 40577353, 662, 2353
4, 1624, 40600662, 40603687, 662, 3687
4, 1625, 40625662, 40627353, 662, 2353
4, 1626, 40650662, 40652353, 662, 2353
4, 1627, 40675662, 40677353, 662, 2353
4, 1628, 40700662, 40702353, 662, 2353
4, 1629, 40725662, 40733355, 662, 8355
4, 163, 4075662, 4077353, 662, 2353
4, 1630, 40750662, 40752353, 662, 2353
4, 1631, 40775662, 40777353, 662, 2353
4, 1632, 40800662, 40803619, 662, 3619
4, 1633, 40825662, 40827353, 662, 2353
4, 1634, 40850662, 40852353, 662, 2353
4, 1635, 40875662, 40877353, 662, 2353
4, 1636, 40900662, 40902353, 662, 2353
4, 1637, 40925662, 40927353, 662, 2353
4, 1638, 40950662, 40953631, 662, 3631
4, 1639, 40975662, 40977353, 662, 2353
4, 164, 4100662, 4103058, 662, 3058
4, 1640, 41000662, 41002353, 662, 2353
4, 1641, 41025662, 41027628, 662, 2628
4, 1642, 41050662, 41052353, 662, 2353
4, 1643, 41075662, 41077353, 662, 2353
4, 1644, 41100662, 41102797, 662, 2797
4, 1645, 41125662, 41127353, 662, 2353
4, 1646, 41150662, 41152353, 662, 2353
4, 1647, 41175662, 41177353, 662, 2353
4, 1648, 41200662, 41203058, 662, 3058
4, 1649, 41225662, 41227353, 662, 2353
4, 165, 4125662, 4127353, 662, 2353
4, 1650, 41250662, 41252353, 662, 2353
4, 1651, 41275662, 41277353, 662, 2353
4, 1652, 41300662, 41303687, 662, 3687
4, 1653, 41325662, 41327353, 662, 2353
4, 1654, 41350662, 41352353, 662, 2353
4, 1655, 41375662, 41377353, 662, 2353
4, 1656, 41400662, 41403180, 662, 3180
4, 1657, 41425662, 41427353, 662, 2353
4, 1658, 41450662, 41452353, 662, 2353
4, 1659, 41475662, 41477353, 662, 2353
4, 166, 4150662, 4152353, 662, 2353
4, 1660, 41500662, 41502353, 662, 2353
4, 1661, 41525662, 41527353, 662, 2353
4, 1662, 41550662, 41552353, 662, 2353
4, 1663, 41575662, 41577353, 662, 2353
4, 1664, 41600662, 41602353, 662, 2353
4, 1665, 41625662, 41627353, 662, 2353
4, 1666, 41650662, 41653934, 662, 3934
4, 1667, 41675662, 41677353, 662, 2353
4, 1668, 41700662, 41702797, 662, 2797
4, 1669, 41725662, 41727353, 662, 2353
4, 167, 4175662, 4177353, 662, 2353
4, 1670, 41750662, 41752353, 662, 2353
4, 1671, 41775662, 41777353, 662, 2353
4, 1672, 41800662, 41802353, 662, 2353
4, 1673, 41825662, 41827353, 662, 2353
4, 1674, 41850662, 41852353, 662, 2353
4, 1675, 41875662, 41877353, 662, 2353
4, 1676, 41900662, 41902353, 662, 2353
4, 1677, 41925662, 41927628, 662, 2628
4, 1678, 41950662, 41952353, 662, 2353
4, 1679, 41975662, 41977353, 662, 2353
4, 168, 4200662, 4204174, 662, 4174
4, 1680, 42000662, 42010629, 662, 10629
4, 1681, 42025662, 42027353, 662, 2353
4, 1682, 42050662, 42052353, 662, 2353
4, 1683, 42075662, 42077974, 662, 2974
4, 1684, 42100662, 42102353, 662, 2353
4, 1685, 42125662, 42127353, 662, 2353
4, 1686, 42150662, 42152353, 662, 2353
4, 1687, 42175662, 42177353, 662, 2353
4, 1688, 42200662, 42202353, 662, 2353
4, 1689, 42225662, 42227353, 662, 2353
4, 169, 4225662, 4227353, 662, 2353
4, 1690, 42250662, 42252353, 662, 2353
4, 1691, 42275662, 42277353, 662, 2353
4, 1692, 42300662, 42302797, 662, 2797
4, 1693, 42325662, 42327353, 662, 2353
4, 1694, 42350662, 42353934, 662, 3934
4, 1695, 42375662, 42377353, 662, 2353
4, 1696, 42400662, 42402353, 662, 2353
4, 1697, 42425662, 42428464, 662, 3464
4, 1698, 42450662, 42452353, 662, 2353
4, 1699, 42475662, 42477353, 662, 2353
4, 17, 425662, 427353, 662, 2353
4, 170, 4250662, 4252353, 662, 2353
4, 1700, 42500662, 42502353, 662, 2353
4, 1701, 42525662, 42527628, 662, 2628
4, 1702, 42550662, 42552353, 662, 2353
4, 1703, 42575662, 42577353, 662, 2353
4, 1704, 42600662, 42603383, 662, 3383
4, 1705, 42625662, 42627353, 662, 2353
4, 1706, 42650662, 42652353, 662, 2353
4, 1707, 42675662, 42677353, 662, 2353
4, 1708, 42700662, 42705021, 662, 5021
4, 1709, 42725662, 42727353, 662, 2353
4, 171, 4275662, 4277353, 662, 2353
4, 1710, 42750662, 42752353, 662, 2353
4, 1711, 42775662, 42777353, 662, 2353
4, 1712, 42800662, 42802353, 662, 2353
4, 1713, 42825662, 42827353, 662, 2353
4, 1714, 42850662, 42852353, 662, 2353
4, 1715, 42875662, 42877353, 662, 2353
4, 1716, 42900662, 42902797, 662, 2797
4, 1717, 42925662, 42927353, 662, 2353
4, 1718, 42950662, 42952353, 662, 2353
4, 1719, 42975662, 42977353, 662, 2353
4, 172, 4300662, 4302353, 662, 2353
4, 1720, 43000662, 43002353, 662, 2353
4, 1721, 43025662, 43027353, 662, 2353
4, 1722, 43050662, 43053631, 662, 3631
4, 1723, 43075662, 43077353, 662, 2353
4, 1724, 43100662, 43102353, 662, 2353
4, 1725, 43125662, 43136433, 662, 11433
4, 1726, 43150662, 43152353, 662, 2353
4, 1727, 43175662, 43177353, 662, 2353
4, 1728, 43200662, 43203789, 662, 3789
4, 1729, 43225662, 43227353, 662, 2353
4, 173, 4325662, 4327353, 662, 2353
4, 1730, 43250662, 43252353, 662, 2353
4, 1731, 43275662, 43277353, 662, 2353
4, 1732, 43300662, 43302861, 662, 2861
4, 1733, 43325662, 43327353, 662, 2353
4, 1734, 43350662, 43352353, 662, 2353
4, 1735, 43375662, 43377353, 662, 2353
4, 1736, 43400662, 43403687, 662, 3687
4, 1737, 43425662, 43427353, 662, 2353
4, 1738, 43450662, 43452823, 662, 2823
4, 1739, 43475662, 43477353, 662, 2353
4, 174, 4350662, 4352353, 662, 2353
4, 1740, 43500662, 43502797, 662, 2797
4, 1741, 43525662, 43527353, 662, 2353
4, 1742, 43550662, 43552353, 662, 2353
4, 1743, 43575662, 43577353, 662, 2353
4, 1744, 43600662, 43602353, 662, 2353
4, 1745, 43625662, 43627353, 662, 2353
4, 1746, 43650662, 43652353, 662, 2353
4, 1747, 43675662, 43677353, 662, 2353
4, 1748, 43700662, 43702353, 662, 2353
4, 1749, 43725662, 43727353, 662, 2353
4, 175, 4375662, 4377353, 662, 2353
4, 1750, 43750662, 43752823, 662, 2823
4, 1751, 43775662, 43777353, 662, 2353
4, 1752, 43800662, 43803180, 662, 3180
4, 1753, 43825662, 43827353, 662, 2353
4, 1754, 43850662, 43852353, 662, 2353
4, 1755, 43875662, 43877353, 662, 2353
4, 1756, 43900662, 43902353, 662, 2353
4, 1757, 43925662, 43927353, 662, 2353
4, 1758, 43950662, 43952353, 662, 2353
4, 1759, 43975662, 43977353, 662, 2353
4, 176, 4400662, 4402353, 662, 2353
4, 1760, 44000662, 44003058, 662, 3058
4, 1761, 44025662, 44027353, 662, 2353
4, 1762, 44050662, 44052353, 662, 2353
4, 1763, 44075662, 44077353, 662, 2353
4, 1764, 44100662, 44104174, 662, 4174
4, 1765, 44125662, 44127591, 662, 2591
4, 1766, 44150662, 44152353, 662, 2353
4, 1767, 44175662, 44177628, 662, 2628
4, 1768, 44200662, 44202353, 662, 2353
4, 1769, 44225662, 44227353, 662, 2353
4, 177, 4425662, 4427353, 662, 2353
4, 1770, 44250662, 44252353, 662, 2353
4, 1771, 44275662, 44277353, 662, 2353
4, 1772, 44300662, 44302353, 662, 2353
4, 1773, 44325662, 44327353, 662, 2353
4, 1774, 44350662, 44352353, 662, 2353
4, 1775, 44375662, 44377353, 662, 2353
4, 1776, 44400662, 44403619, 662, 3619
4, 1777, 44425662, 44427353, 662, 2353
4, 1778, 44450662, 44452823, 662, 2823
4, 1779, 44475662, 44477353, 662, 2353
4, 178, 4450662, 4452353, 662, 2353
4, 1780, 44500662, 44502353, 662, 2353
4, 1781, 44525662, 44527353, 662, 2353
4, 1782, 44550662, 44552353, 662, 2353
4, 1783, 44575662, 44577353, 662, 2353
4, 1784, 44600662, 44602353, 662, 2353
4, 1785, 44625662, 44627628, 662, 2628
4, 1786, 44650662, 44652353, 662, 2353
4, 1787, 44675662, 44677353, 662, 2353
4, 1788, 44700662, 44703113, 662, 3113
4, 1789, 44725662, 44730327, 662, 5327
4, 179, 4475662, 4477353, 662, 2353
4, 1790, 44750662, 44752353, 662, 2353
4, 1791, 44775662, 44777353, 662, 2353
4, 1792, 44800662, 44810629, 662, 10629
4, 1793, 44825662, 44827353, 662, 2353
4, 1794, 44850662, 44852353, 662, 2353
4, 1795, 44875662, 44877353, 662, 2353
4, 1796, 44900662, 44902353, 662, 2353
4, 1797, 44925662, 44927353, 662, 2353
4, 1798, 44950662, 44952353, 662, 2353
4, 1799, 44975662, 44977353, 662, 2353
4, 18, 450662, 452353, 662, 2353
4, 180, 4500662, 4502797, 662, 2797
4, 1800, 45000662, 45003180, 662, 3180
4, 1801, 45025662, 45027353, 662, 2353
4, 1802, 45050662, 45052353, 662, 2353
4, 1803, 45075662, 45077353, 662, 2353
4, 1804, 45100662, 45102353, 662, 2353
4, 1805, 45125662, 45127353, 662, 2353
4, 1806, 45150662, 45154909, 662, 4909
4, 1807, 45175662, 45177353, 662, 2353
4, 1808, 45200662, 45202353, 662, 2353
4, 1809, 45225662, 45227353, 662, 2353
4, 181, 4525662, 4527353, 662, 2353
4, 1810, 45250662, 45252353, 662, 2353
4, 1811, 45275662, 45277353, 662, 2353
4, 1812, 45300662, 45302797, 662, 2797
4, 1813, 45325662, 45327353, 662, 2353
4, 1814, 45350662, 45352353, 662, 2353
4, 1815, 45375662, 45377353, 662, 2353
4, 1816, 45400662, 45403058, 662, 3058
4, 1817, 45425662, 45427353, 662, 2353
4, 1818, 45450662, 45452353, 662, 2353
4, 1819, 45475662, 45477353, 662, 2353
4, 182, 4550662, 4552823, 662, 2823
4, 1820, 45500662, 45505021, 662, 5021
4, 1821, 45525662, 45527353, 662, 2353
4, 1822, 45550662, 45552353, 662, 2353
4, 1823, 45575662, 45579095, 662, 4095
4, 1824, 45600662, 45603180, 662, 3180
4, 1825, 45625662, 45627353, 662, 2353
4, 1826, 45650662, 45652353, 662, 2353
4, 1827, 45675662, 45677628, 662, 2628
4, 1828, 45700662, 45702353, 662, 2353
4, 1829, 45725662, 45727353, 662, 2353
4, 183, 4575662, 4577353, 662, 2353
4, 1830, 45750662, 45753004, 662, 3004
4, 1831, 45775662, 45777353, 662, 2353
4, 1832, 45800662, 45802353, 662, 2353
4, 1833, 45825662, 45827840, 662, 2840
4, 1834, 45850662, 45853934, 662, 3934
4, 1835, 45875662, 45877353, 662, 2353
4, 1836, 45900662, 45903180, 662, 3180
4, 1837, 45925662, 45930957, 662, 5957
4, 1838, 45950662, 45952353, 662, 2353
4, 1839, 45975662, 45977353, 662, 2353
4, 184, 4600662, 4602353, 662, 2353
4, 1840, 46000662, 46003131, 662, 3131
4, 1841, 46025662, 46027353, 662, 2353
4, 1842, 46050662, 46052353, 662, 2353
4, 1843, 46075662, 46077353, 662, 2353
4, 1844, 46100662, 46103058, 662, 3058
4, 1845, 46125662, 46127353, 662, 2353
4, 1846, 46150662, 46152353, 662, 2353
4, 1847, 46175662, 46177353, 662, 2353
4, 1848, 46200662, 46204174, 662, 4174
4, 1849, 46225662, 46227353, 662, 2353
4, 185, 4625662, 4627353, 662, 2353
4, 1850, 46250662, 46252353, 662, 2353
4, 1851, 46275662, 46277353, 662, 2353
4, 1852, 46300662, 46302353, 662, 2353
4, 1853, 46325662, 46327353, 662, 2353
4, 1854, 46350662, 46352353, 662, 2353
4, 1855, 46375662, 46377353, 662, 2353
4, 1856, 46400662, 46402353, 662, 2353
4, 1857, 46425662, 46427353, 662, 2353
4, 1858, 46450662, 46452353, 662, 2353
4, 1859, 46475662, 46477353, 662, 2353
4, 186, 4650662, 4652353, 662, 2353
4, 1860, 46500662, 46503180, 662, 3180
4, 1861, 46525662, 46527353, 662, 2353
4, 1862, 46550662, 46552823, 662, 2823
4, 1863, 46575662, 46577353, 662, 2353
4, 1864, 46600662, 46602353, 662, 2353
4, 1865, 46625662, 46627353, 662, 2353
4, 1866, 46650662, 46652353, 662, 2353
4, 1867, 46675662, 46677353, 662, 2353
4, 1868, 46700662, 46702353, 662, 2353
4, 1869, 46725662, 46727628, 662, 2628
4, 187, 4675662, 4677353, 662, 2353
4, 1870, 46750662, 46752353, 662, 2353
4, 1871, 46775662, 46777353, 662, 2353
4, 1872, 46800662, 46803383, 662, 3383
4, 1873, 46825662, 46827353, 662, 2353
4, 1874, 46850662, 46852353, 662, 2353
4, 1875, 46875662, 46877353, 662, 2353
4, 1876, 46900662, 46903687, 662, 3687
4, 1877, 46925662, 46927353, 662, 2353
4, 1878, 46950662, 46952353, 662, 2353
4, 1879, 46975662, 46977353, 662, 2353
4, 188, 4700662, 4703035, 662, 3035
4, 1880, 47000662, 47002353, 662, 2353
4, 1881, 47025662, 47027353, 662, 2353
4, 1882, 47050662, 47052353, 662, 2353
4, 1883, 47075662, 47077353, 662, 2353
4, 1884, 47100662, 47103180, 662, 3180
4, 1885, 47125662, 47127353, 662, 2353
4, 1886, 47150662, 47152353, 662, 2353
4, 1887, 47175662, 47177353, 662, 2353
4, 1888, 47200662, 47203131, 662, 3131
4, 1889, 47225662, 47227353, 662, 2353
4, 189, 4725662, 4727628, 662, 2628
4, 1890, 47250662, 47253631, 662, 3631
4, 1891, 47275662, 47277353, 662, 2353
4, 1892, 47300662, 47302353, 662, 2353
4, 1893, 47325662, 47327628, 662, 2628
4, 1894, 47350662, 47352353, 662, 2353
4, 1895, 47375662, 47377353, 662, 2353
4, 1896, 47400662, 47402797, 662, 2797
4, 1897, 47425662, 47427353, 662, 2353
4, 1898, 47450662, 47452353, 662, 2353
4, 1899, 47475662, 47477353, 662, 2353
4, 19, 475662, 477353, 662, 2353
4, 190, 4750662, 4752353, 662, 2353
4, 1900, 47500662, 47502353, 662, 2353
4, 1901, 47525662, 47527353, 662, 2353
4, 1902, 47550662, 47552353, 662, 2353
4, 1903, 47575662, 47577353, 662, 2353
4, 1904, 47600662, 47606987, 662, 6987
4, 1905, 47625662, 47627353, 662, 2353
4, 1906, 47650662, 47652353, 662, 2353
4, 1907, 47675662, 47677353, 662, 2353
4, 1908, 47700662, 47703180, 662, 3180
4, 1909, 47725662, 47727353, 662, 2353
4, 191, 4775662, 4777353, 662, 2353
4, 1910, 47750662, 47752353, 662, 2353
4, 1911, 47775662, 47777628, 662, 2628
4, 1912, 47800662, 47802353, 662, 2353
4, 1913, 47825662, 47827353, 662, 2353
4, 1914, 47850662, 47852353, 662, 2353
4, 1915, 47875662, 47877353, 662, 2353
4, 1916, 47900662, 47902353, 662, 2353
4, 1917, 47925662, 47927353, 662, 2353
4, 1918, 47950662, 47953934, 662, 3934
4, 1919, 47975662, 47977353, 662, 2353
4, 192, 4800662, 4803383, 662, 3383
4, 1920, 48000662, 48003180, 662, 3180
4, 1921, 48025662, 48027353, 662, 2353
4, 1922, 48050662, 48052353, 662, 2353
4, 1923, 48075662, 48077353, 662, 2353
4, 1924, 48100662, 48102353, 662, 2353
4, 1925, 48125662, 48127353, 662, 2353
4, 1926, 48150662, 48152353, 662, 2353
4, 1927, 48175662, 48177353, 662, 2353
4, 1928, 48200662, 48203058, 662, 3058
4, 1929, 48225662, 48227353, 662, 2353
4, 193, 4825662, 4827353, 662, 2353
4, 1930, 48250662, 48252353, 662, 2353
4, 1931, 48275662, 48277353, 662, 2353
4, 1932, 48300662, 48306824, 662, 6824
4, 1933, 48325662, 48327353, 662, 2353
4, 1934, 48350662, 48352353, 662, 2353
4, 1935, 48375662, 48388048, 662, 13048
4, 1936, 48400662, 48403131, 662, 3131
4, 1937, 48425662, 48427353, 662, 2353
4, 1938, 48450662, 48452353, 662, 2353
4, 1939, 48475662, 48477353, 662, 2353
4, 194, 4850662, 4852353, 662, 2353
4, 1940, 48500662, 48502353, 662, 2353
4, 1941, 48525662, 48527353, 662, 2353
4, 1942, 48550662, 48552353, 662, 2353
4, 1943, 48575662, 48577353, 662, 2353
4, 1944, 48600662, 48602797, 662, 2797
4, 1945, 48625662, 48627353, 662, 2353
4, 1946, 48650662, 48653934, 662, 3934
4, 1947, 48675662, 48677353, 662, 2353
4, 1948, 48700662, 48702353, 662, 2353
4, 1949, 48725662, 48738011, 662, 13011
4, 195, 4875662, 4877353, 662, 2353
4, 1950, 48750662, 48752353, 662, 2353
4, 1951, 48775662, 48777353, 662, 2353
4, 1952, 48800662, 48803131, 662, 3131
4, 1953, 48825662, 48827353, 662, 2353
4, 1954, 48850662, 48852353, 662, 2353
4, 1955, 48875662, 48877353, 662, 2353
4, 1956, 48900662, 48903383, 662, 3383
4, 1957, 48925662, 48927353, 662, 2353
4, 1958, 48950662, 48952353, 662, 2353
4, 1959, 48975662, 48977353, 662, 2353
4, 196, 4900662, 4903687, 662, 3687
4, 1960, 49000662, 49003687, 662, 3687
4, 1961, 49025662, 49027353, 662, 2353
4, 1962, 49050662, 49052353, 662, 2353
4, 1963, 49075662, 49077353, 662, 2353
4, 1964, 49100662, 49102353, 662, 2353
4, 1965, 49125662, 49127353, 662, 2353
4, 1966, 49150662, 49152823, 662, 2823
4, 1967, 49175662, 49177353, 662, 2353
4, 1968, 49200662, 49203180, 662, 3180
4, 1969, 49225662, 49227591, 662, 2591
4, 197, 4925662, 4927353, 662, 2353
4, 1970, 49250662, 49252353, 662, 2353
4, 1971, 49275662, 49277353, 662, 2353
4, 1972, 49300662, 49302353, 662, 2353
4, 1973, 49325662, 49327353, 662, 2353
4, 1974, 49350662, 49353631, 662, 3631
4, 1975, 49375662, 49377353, 662, 2353
4, 1976, 49400662, 49402353, 662, 2353
4, 1977, 49425662, 49427628, 662, 2628
4, 1978, 49450662, 49452353, 662, 2353
4, 1979, 49475662, 49477353, 662, 2353
4, 198, 4950662, 4952353, 662, 2353
4, 1980, 49500662, 49503180, 662, 3180
4, 1981, 49525662, 49527353, 662, 2353
4, 1982, 49550662, 49552353, 662, 2353
4, 1983, 49575662, 49577353, 662, 2353
4, 1984, 49600662, 49603058, 662, 3058
4, 1985, 49625662, 49627353, 662, 2353
4, 1986, 49650662, 49652353, 662, 2353
4, 1987, 49675662, 49677353, 662, 2353
4, 1988, 49700662, 49703687, 662, 3687
4, 1989, 49725662, 49727353, 662, 2353
4, 199, 4975662, 4977353, 662, 2353
4, 1990, 49750662, 49752353, 662, 2353
4, 1991, 49775662, 49777353, 662, 2353
4, 1992, 49800662, 49802797, 662, 2797
4, 1993, 49825662, 49827353, 662, 2353
4, 1994, 49850662, 49852353, 662, 2353
4, 1995, 49875662, 49877353, 662, 2353
4, 1996, 49900662, 49902353, 662, 2353
4, 1997, 49925662, 49927353, 662, 2353
4, 1998, 49950662, 49952353, 662, 2353
4, 1999, 49975662, 49977353, 662, 2353
4, 2, 50662, 52353, 662, 2353
4, 20, 500662, 502353, 662, 2353
4, 200, 5000662, 5002353, 662, 2353
4, 2000, 50000662, 50003131, 662, 3131
4, 2001, 50025662, 50027353, 662, 2353
4, 2002, 50050662, 50052823, 662, 2823
4, 2003, 50075662, 50077353, 662, 2353
4, 2004, 50100662, 50103180, 662, 3180
4, 2005, 50125662, 50127353, 662, 2353
4, 2006, 50150662, 50152353, 662, 2353
4, 2007, 50175662, 50177353, 662, 2353
4, 2008, 50200662, 50202353, 662, 2353
4, 2009, 50225662, 50227353, 662, 2353
4, 201, 5025662, 5027353, 662, 2353
4, 2010, 50250662, 50252770, 662, 2770
4, 2011, 50275662, 50277353, 662, 2353
4, 2012, 50300662, 50302353, 662, 2353
4, 2013, 50325662, 50327628, 662, 2628
4, 2014, 50350662, 50352353, 662, 2353
4, 2015, 50375662, 50377353, 662, 2353
4, 2016, 50400662, 50406824, 662, 6824
4, 2017, 50425662, 50427353, 662, 2353
4, 2018, 50450662, 50452353, 662, 2353
4, 2019, 50475662, 50477628, 662, 2628
4, 202, 5050662, 5052353, 662, 2353
4, 2020, 50500662, 50502353, 662, 2353
4, 2021, 50525662, 50527353, 662, 2353
4, 2022, 50550662, 50552353, 662, 2353
4, 2023, 50575662, 50577353, 662, 2353
4, 2024, 50600662, 50602353, 662, 2353
4, 2025, 50625662, 50627353, 662, 2353
4, 2026, 50650662, 50652353, 662, 2353
4, 2027, 50675662, 50677353, 662, 2353
4, 2028, 50700662, 50702797, 662, 2797
4, 2029, 50725662, 50727353, 662, 2353
4, 203, 5075662, 5077353, 662, 2353
4, 2030, 50750662, 50753934, 662, 3934
4, 2031, 50775662, 50777353, 662, 2353
4, 2032, 50800662, 50802353, 662, 2353
4, 2033, 50825662, 50827353, 662, 2353
4, 2034, 50850662, 50852353, 662, 2353
4, 2035, 50875662, 50877353, 662, 2353
4, 2036, 50900662, 50902353, 662, 2353
4, 2037, 50925662, 50927628, 662, 2628
4, 2038, 50950662, 50952353, 662, 2353
4, 2039, 50975662, 50977353, 662, 2353
4, 204, 5100662, 5103180, 662, 3180
4, 2040, 51000662, 51003383, 662, 3383
4, 2041, 51025662, 51027353, 662, 2353
4, 2042, 51050662, 51052353, 662, 2353
4, 2043, 51075662, 51077353, 662, 2353
4, 2044, 51100662, 51105021, 662, 5021
4, 2045, 51125662, 51127353, 662, 2353
4, 2046, 51150662, 51152353, 662, 2353
4, 2047, 51175662, 51177353, 662, 2353
4, 2048, 51200662, 51203131, 662, 3131
4, 2049, 51225662, 51227353, 662, 2353
4, 205, 5125662, 5127353, 662, 2353
4, 2050, 51250662, 51252353, 662, 2353
4, 2051, 51275662, 51277353, 662, 2353
4, 2052, 51300662, 51302797, 662, 2797
4, 2053, 51325662, 51327353, 662, 2353
4, 2054, 51350662, 51354385, 662, 4385
4, 2055, 51375662, 51377353, 662, 2353
4, 2056, 51400662, 51402353, 662, 2353
4, 2057, 51425662, 51427353, 662, 2353
4, 2058, 51450662, 51454909, 662, 4909
4, 2059, 51475662, 51477353, 662, 2353
4, 206, 5150662, 5152353, 662, 2353
4, 2060, 51500662, 51502353, 662, 2353
4, 2061, 51525662, 51536433, 662, 11433
4, 2062, 51550662, 51552353, 662, 2353
4, 2063, 51575662, 51577353, 662, 2353
4, 2064, 51600662, 51603619, 662, 3619
4, 2065, 51625662, 51627353, 662, 2353
4, 2066, 51650662, 51652353, 662, 2353
4, 2067, 51675662, 51677353, 662, 2353
4, 2068, 51700662, 51703058, 662, 3058
4, 2069, 51725662, 51727353, 662, 2353
4, 207, 5175662, 5177353, 662, 2353
4, 2070, 51750662, 51752353, 662, 2353
4, 2071, 51775662, 51777353, 662, 2353
4, 2072, 51800662, 51803687, 662, 3687
4, 2073, 51825662, 51827353, 662, 2353
4, 2074, 51850662, 51852353, 662, 2353
4, 2075, 51875662, 51877353, 662, 2353
4, 2076, 51900662, 51902797, 662, 2797
4, 2077, 51925662, 51927353, 662, 2353
4, 2078, 51950662, 51953456, 662, 3456
4, 2079, 51975662, 51977353, 662, 2353
4, 208, 5200662, 5203131, 662, 3131
4, 2080, 52000662, 52002353, 662, 2353
4, 2081, 52025662, 52027353, 662, 2353
4, 2082, 52050662, 52052967, 662, 2967
4, 2083, 52075662, 52077353, 662, 2353
4, 2084, 52100662, 52102353, 662, 2353
4, 2085, 52125662, 52127353, 662, 2353
4, 2086, 52150662, 52152823, 662, 2823
4, 2087, 52175662, 52177353, 662, 2353
4, 2088, 52200662, 52203180, 662, 3180
4, 2089, 52225662, 52227353, 662, 2353
4, 209, 5225662, 5227353, 662, 2353
4, 2090, 52250662, 52252353, 662, 2353
4, 2091, 52275662, 52277353, 662, 2353
4, 2092, 52300662, 52302965, 662, 2965
4, 2093, 52325662, 52327353, 662, 2353
4, 2094, 52350662, 52352353, 662, 2353
4, 2095, 52375662, 52377353, 662, 2353
4, 2096, 52400662, 52403058, 662, 3058
4, 2097, 52425662, 52427353, 662, 2353
4, 2098, 52450662, 52452353, 662, 2353
4, 2099, 52475662, 52477353, 662, 2353
4, 21, 525662, 527628, 662, 2628
4, 210, 5250662, 5253631, 662, 3631
4, 2100, 52500662, 52504174, 662, 4174
4, 2101, 52525662, 52527353, 662, 2353
4, 2102, 52550662, 52552353, 662, 2353
4, 2103, 52575662, 52577628, 662, 2628
4, 2104, 52600662, 52602353, 662, 2353
4, 2105, 52625662, 52627353, 662, 2353
4, 2106, 52650662, 52652353, 662, 2353
4, 2107, 52675662, 52677353, 662, 2353
4, 2108, 52700662, 52702353, 662, 2353
4, 2109, 52725662, 52729793, 662, 4793
4, 211, 5275662, 5277353, 662, 2353
4, 2110, 52750662, 52752353, 662, 2353
4, 2111, 52775662, 52777353, 662, 2353
4, 2112, 52800662, 52803619, 662, 3619
4, 2113, 52825662, 52827353, 662, 2353
4, 2114, 52850662, 52852823, 662, 2823
4, 2115, 52875662, 52877353, 662, 2353
4, 2116, 52900662, 52902353, 662, 2353
4, 2117, 52925662, 52927353, 662, 2353
4, 2118, 52950662, 52952353, 662, 2353
4, 2119, 52975662, 52977353, 662, 2353
4, 212, 5300662, 5302353, 662, 2353
4, 2120, 53000662, 53002353, 662, 2353
4, 2121, 53025662, 53027353, 662, 2353
4, 2122, 53050662, 53052353, 662, 2353
4, 2123, 53075662, 53077353, 662, 2353
4, 2124, 53100662, 53103113, 662, 3113
4, 2125, 53125662, 53127353, 662, 2353
4, 2126, 53150662, 53152353, 662, 2353
4, 2127, 53175662, 53177353, 662, 2353
4, 2128, 53200662, 53205021, 662, 5021
4, 2129, 53225662, 53227353, 662, 2353
4, 213, 5325662, 5327628, 662, 2628
4, 2130, 53250662, 53252353, 662, 2353
4, 2131, 53275662, 53277353, 662, 2353
4, 2132, 53300662, 53302353, 662, 2353
4, 2133, 53325662, 53327353, 662, 2353
4, 2134, 53350662, 53352353, 662, 2353
4, 2135, 53375662, 53377353, 662, 2353
4, 2136, 53400662, 53403180, 662, 3180
4, 2137, 53425662, 53427353, 662, 2353
4, 2138, 53450662, 53452353, 662, 2353
4, 2139, 53475662, 53477353, 662, 2353
4, 214, 5350662, 5352353, 662, 2353
4, 2140, 53500662, 53502353, 662, 2353
4, 2141, 53525662, 53527353, 662, 2353
4, 2142, 53550662, 53554909, 662, 4909
4, 2143, 53575662, 53577353, 662, 2353
4, 2144, 53600662, 53602353, 662, 2353
4, 2145, 53625662, 53627628, 662, 2628
4, 2146, 53650662, 53652353, 662, 2353
4, 2147, 53675662, 53677353, 662, 2353
4, 2148, 53700662, 53702797, 662, 2797
4, 2149, 53725662, 53727353, 662, 2353
4, 215, 5375662, 5377353, 662, 2353
4, 2150, 53750662, 53752353, 662, 2353
4, 2151, 53775662, 53777353, 662, 2353
4, 2152, 53800662, 53802353, 662, 2353
4, 2153, 53825662, 53827353, 662, 2353
4, 2154, 53850662, 53852353, 662, 2353
4, 2155, 53875662, 53877353, 662, 2353
4, 2156, 53900662, 53905021, 662, 5021
4, 2157, 53925662, 53927628, 662, 2628
4, 2158, 53950662, 53952353, 662, 2353
4, 2159, 53975662, 53977353, 662, 2353
4, 216, 5400662, 5402797, 662, 2797
4, 2160, 54000662, 54003619, 662, 3619
4, 2161, 54025662, 54027353, 662, 2353
4, 2162, 54050662, 54052353, 662, 2353
4, 2163, 54075662, 54077628, 662, 2628
4, 2164, 54100662, 54102353, 662, 2353
4, 2165, 54125662, 54127353, 662, 2353
4, 2166, 54150662, 54153004, 662, 3004
4, 2167, 54175662, 54177353, 662, 2353
4, 2168, 54200662, 54202353, 662, 2353
4, 2169, 54225662, 54227353, 662, 2353
4, 217, 5425662, 5427353, 662, 2353
4, 2170, 54250662, 54253934, 662, 3934
4, 2171, 54275662, 54277353, 662, 2353
4, 2172, 54300662, 54302797, 662, 2797
4, 2173, 54325662, 54330957, 662, 5957
4, 2174, 54350662, 54352353, 662, 2353
4, 2175, 54375662, 54377353, 662, 2353
4, 2176, 54400662, 54403131, 662, 3131
4, 2177, 54425662, 54427353, 662, 2353
4, 2178, 54450662, 54452353, 662, 2353
4, 2179, 54475662, 54477353, 662, 2353
4, 218, 5450662, 5452353, 662, 2353
4, 2180, 54500662, 54503119, 662, 3119
4, 2181, 54525662, 54527353, 662, 2353
4, 2182, 54550662, 54552353, 662, 2353
4, 2183, 54575662, 54577353, 662, 2353
4, 2184, 54600662, 54606151, 662, 6151
4, 2185, 54625662, 54627353, 662, 2353
4, 2186, 54650662, 54652353, 662, 2353
4, 2187, 54675662, 54677628, 662, 2628
4, 2188, 54700662, 54702353, 662, 2353
4, 2189, 54725662, 54727353, 662, 2353
4, 219, 5475662, 5477353, 662, 2353
4, 2190, 54750662, 54752353, 662, 2353
4, 2191, 54775662, 54777353, 662, 2353
4, 2192, 54800662, 54802353, 662, 2353
4, 2193, 54825662, 54827353, 662, 2353
4, 2194, 54850662, 54852353, 662, 2353
4, 2195, 54875662, 54877353, 662, 2353
4, 2196, 54900662, 54902797, 662, 2797
4, 2197, 54925662, 54927353, 662, 2353
4, 2198, 54950662, 54952823, 662, 2823
4, 2199, 54975662, 54977353, 662, 2353
4, 22, 550662, 552353, 662, 2353
4, 220, 5500662, 5502353, 662, 2353
4, 2200, 55000662, 55002353, 662, 2353
4, 2201, 55025662, 55028464, 662, 3464
4, 2202, 55050662, 55052353, 662, 2353
4, 2203, 55075662, 55077353, 662, 2353
4, 2204, 55100662, 55102353, 662, 2353
4, 2205, 55125662, 55127628, 662, 2628
4, 2206, 55150662, 55152353, 662, 2353
4, 2207, 55175662, 55177353, 662, 2353
4, 2208, 55200662, 55203383, 662, 3383
4, 2209, 55225662, 55227353, 662, 2353
4, 221, 5525662, 5527353, 662, 2353
4, 2210, 55250662, 55252353, 662, 2353
4, 2211, 55275662, 55277353, 662, 2353
4, 2212, 55300662, 55303687, 662, 3687
4, 2213, 55325662, 55327353, 662, 2353
4, 2214, 55350662, 55352353, 662, 2353
4, 2215, 55375662, 55377353, 662, 2353
4, 2216, 55400662, 55402353, 662, 2353
4, 2217, 55425662, 55427353, 662, 2353
4, 2218, 55450662, 55452597, 662, 2597
4, 2219, 55475662, 55477353, 662, 2353
4, 222, 5550662, 5552353, 662, 2353
4, 2220, 55500662, 55502797, 662, 2797
4, 2221, 55525662, 55530479, 662, 5479
4, 2222, 55550662, 55552353, 662, 2353
4, 2223, 55575662, 55577353, 662, 2353
4, 2224, 55600662, 55603131, 662, 3131
4, 2225, 55625662, 55627353, 662, 2353
4, 2226, 55650662, 55653631, 662, 3631
4, 2227, 55675662, 55677353, 662, 2353
4, 2228, 55700662, 55702353, 662, 2353
4, 2229, 55725662, 55727628, 662, 2628
4, 223, 5575662, 5577353, 662, 2353
4, 2230, 55750662, 55752353, 662, 2353
4, 2231, 55775662, 55777353, 662, 2353
4, 2232, 55800662, 55802797, 662, 2797
4, 2233, 55825662, 55827353, 662, 2353
4, 2234, 55850662, 55852353, 662, 2353
4, 2235, 55875662, 55877353, 662, 2353
4, 2236, 55900662, 55902353, 662, 2353
4, 2237, 55925662, 55927353, 662, 2353
4, 2238, 55950662, 55952353, 662, 2353
4, 2239, 55975662, 55977353, 662, 2353
4, 224, 5600662, 5605021, 662, 5021
4, 2240, 56000662, 56005021, 662, 5021
4, 2241, 56025662, 56027353, 662, 2353
4, 2242, 56050662, 56052353, 662, 2353
4, 2243, 56075662, 56077353, 662, 2353
4, 2244, 56100662, 56103180, 662, 3180
4, 2245, 56125662, 56127353, 662, 2353
4, 2246, 56150662, 56152353, 662, 2353
4, 2247, 56175662, 56177353, 662, 2353
4, 2248, 56200662, 56202353, 662, 2353
4, 2249, 56225662, 56227353, 662, 2353
4, 225, 5625662, 5627353, 662, 2353
4, 2250, 56250662, 56252353, 662, 2353
4, 2251, 56275662, 56277353, 662, 2353
4, 2252, 56300662, 56302353, 662, 2353
4, 2253, 56325662, 56327353, 662, 2353
4, 2254, 56350662, 56352823, 662, 2823
4, 2255, 56375662, 56377353, 662, 2353
4, 2256, 56400662, 56403180, 662, 3180
4, 2257, 56425662, 56427353, 662, 2353
4, 2258, 56450662, 56452353, 662, 2353
4, 2259, 56475662, 56477353, 662, 2353
4, 226, 5650662, 5652353, 662, 2353
4, 2260, 56500662, 56502353, 662, 2353
4, 2261, 56525662, 56527353, 662, 2353
4, 2262, 56550662, 56552353, 662, 2353
4, 2263, 56575662, 56577353, 662, 2353
4, 2264, 56600662, 56602353, 662, 2353
4, 2265, 56625662, 56627353, 662, 2353
4, 2266, 56650662, 56652353, 662, 2353
4, 2267, 56675662, 56677353, 662, 2353
4, 2268, 56700662, 56706824, 662, 6824
4, 2269, 56725662, 56727353, 662, 2353
4, 227, 5675662, 5677353, 662, 2353
4, 2270, 56750662, 56752353, 662, 2353
4, 2271, 56775662, 56777628, 662, 2628
4, 2272, 56800662, 56803131, 662, 3131
4, 2273, 56825662, 56827353, 662, 2353
4, 2274, 56850662, 56852353, 662, 2353
4, 2275, 56875662, 56877353, 662, 2353
4, 2276, 56900662, 56902353, 662, 2353
4, 2277, 56925662, 56927353, 662, 2353
4, 2278, 56950662, 56952353, 662, 2353
4, 2279, 56975662, 56977353, 662, 2353
4, 228, 5700662, 5703180, 662, 3180
4, 2280, 57000662, 57002797, 662, 2797
4, 2281, 57025662, 57027353, 662, 2353
4, 2282, 57050662, 57059114, 662, 9114
4, 2283, 57075662, 57077353, 662, 2353
4, 2284, 57100662, 57102353, 662, 2353
4, 2285, 57125662, 57138713, 662, 13713
4, 2286, 57150662, 57152353, 662, 2353
4, 2287, 57175662, 57177353, 662, 2353
4, 2288, 57200662, 57202353, 662, 2353
4, 2289, 57225662, 57227628, 662, 2628
4, 229, 5725662, 5727353, 662, 2353
4, 2290, 57250662, 57252353, 662, 2353
4, 2291, 57275662, 57277353, 662, 2353
4, 2292, 57300662, 57303383, 662, 3383
4, 2293, 57325662, 57327353, 662, 2353
4, 2294, 57350662, 57352353, 662, 2353
4, 2295, 57375662, 57377353, 662, 2353
4, 2296, 57400662, 57405021, 662, 5021
4, 2297, 57425662, 57427353, 662, 2353
4, 2298, 57450662, 57452353, 662, 2353
4, 2299, 57475662, 57480486, 662, 5486
4, 23, 575662, 577353, 662, 2353
4, 230, 5750662, 5752353, 662, 2353
4, 2300, 57500662, 57502353, 662, 2353
4, 2301, 57525662, 57527353, 662, 2353
4, 2302, 57550662, 57552353, 662, 2353
4, 2303, 57575662, 57577353, 662, 2353
4, 2304, 57600662, 57603180, 662, 3180
4, 2305, 57625662, 57627353, 662, 2353
4, 2306, 57650662, 57652353, 662, 2353
4, 2307, 57675662, 57677353, 662, 2353
4, 2308, 57700662, 57702353, 662, 2353
4, 2309, 57725662, 57727353, 662, 2353
4, 231, 5775662, 5777353, 662, 2353
4, 2310, 57750662, 57753631, 662, 3631
4, 2311, 57775662, 57777353, 662, 2353
4, 2312, 57800662, 57802353, 662, 2353
4, 2313, 57825662, 57827353, 662, 2353
4, 2314, 57850662, 57852353, 662, 2353
4, 2315, 57875662, 57877353, 662, 2353
4, 2316, 57900662, 57903180, 662, 3180
4, 2317, 57925662, 57927353, 662, 2353
4, 2318, 57950662, 57952353, 662, 2353
4, 2319, 57975662, 57977353, 662, 2353
4, 232, 5800662, 5802353, 662, 2353
4, 2320, 58000662, 58003411, 662, 3411
4, 2321, 58025662, 58027353, 662, 2353
4, 2322, 58050662, 58052353, 662, 2353
4, 2323, 58075662, 58077353, 662, 2353
4, 2324, 58100662, 58103687, 662, 3687
4, 2325, 58125662, 58127353, 662, 2353
4, 2326, 58150662, 58152353, 662, 2353
4, 2327, 58175662, 58177353, 662, 2353
4, 2328, 58200662, 58202797, 662, 2797
4, 2329, 58225662, 58227353, 662, 2353
4, 233, 5825662, 5827353, 662, 2353
4, 2330, 58250662, 58252359, 662, 2359
4, 2331, 58275662, 58277353, 662, 2353
4, 2332, 58300662, 58302353, 662, 2353
4, 2333, 58325662, 58328319, 662, 3319
4, 2334, 58350662, 58352353, 662, 2353
4, 2335, 58375662, 58377353, 662, 2353
4, 2336, 58400662, 58403131, 662, 3131
4, 2337, 58425662, 58427353, 662, 2353
4, 2338, 58450662, 58452823, 662, 2823
4, 2339, 58475662, 58477353, 662, 2353
4, 234, 5850662, 5852353, 662, 2353
4, 2340, 58500662, 58503180, 662, 3180
4, 2341, 58525662, 58527353, 662, 2353
4, 2342, 58550662, 58552353, 662, 2353
4, 2343, 58575662, 58577353, 662, 2353
4, 2344, 58600662, 58602353, 662, 2353
4, 2345, 58625662, 58627353, 662, 2353
4, 2346, 58650662, 58652353, 662, 2353
4, 2347, 58675662, 58677353, 662, 2353
4, 2348, 58700662, 58702353, 662, 2353
4, 2349, 58725662, 58727353, 662, 2353
4, 235, 5875662, 5877353, 662, 2353
4, 2350, 58750662, 58752353, 662, 2353
4, 2351, 58775662, 58777353, 662, 2353
4, 2352, 58800662, 58806824, 662, 6824
4, 2353, 58825662, 58827353, 662, 2353
4, 2354, 58850662, 58852353, 662, 2353
4, 2355, 58875662, 58877628, 662, 2628
4, 2356, 58900662, 58902353, 662, 2353
4, 2357, 58925662, 58927353, 662, 2353
4, 2358, 58950662, 58952353, 662, 2353
4, 2359, 58975662, 58977353, 662, 2353
4, 236, 5900662, 5902353, 662, 2353
4, 2360, 59000662, 59002353, 662, 2353
4, 2361, 59025662, 59027353, 662, 2353
4, 2362, 59050662, 59052353, 662, 2353
4, 2363, 59075662, 59077353, 662, 2353
4, 2364, 59100662, 59103180, 662, 3180
4, 2365, 59125662, 59127353, 662, 2353
4, 2366, 59150662, 59152823, 662, 2823
4, 2367, 59175662, 59177353, 662, 2353
4, 2368, 59200662, 59202353, 662, 2353
4, 2369, 59225662, 59227353, 662, 2353
4, 237, 5925662, 5927353, 662, 2353
4, 2370, 59250662, 59252353, 662, 2353
4, 2371, 59275662, 59277353, 662, 2353
4, 2372, 59300662, 59302353, 662, 2353
4, 2373, 59325662, 59327353, 662, 2353
4, 2374, 59350662, 59352353, 662, 2353
4, 2375, 59375662, 59377353, 662, 2353
4, 2376, 59400662, 59403113, 662, 3113
4, 2377, 59425662, 59427591, 662, 2591
4, 2378, 59450662, 59452353, 662, 2353
4, 2379, 59475662, 59477353, 662, 2353
4, 238, 5950662, 5953934, 662, 3934
4, 2380, 59500662, 59505021, 662, 5021
4, 2381, 59525662, 59527483, 662, 2483
4, 2382, 59550662, 59552353, 662, 2353
4, 2383, 59575662, 59577353, 662, 2353
4, 2384, 59600662, 59603131, 662, 3131
4, 2385, 59625662, 59627353, 662, 2353
4, 2386, 59650662, 59652353, 662, 2353
4, 2387, 59675662, 59677353, 662, 2353
4, 2388, 59700662, 59703180, 662, 3180
4, 2389, 59725662, 59727353, 662, 2353
4, 239, 5975662, 5977353, 662, 2353
4, 2390, 59750662, 59752353, 662, 2353
4, 2391, 59775662, 59777353, 662, 2353
4, 2392, 59800662, 59802353, 662, 2353
4, 2393, 59825662, 59827353, 662, 2353
4, 2394, 59850662, 59854909, 662, 4909
4, 2395, 59875662, 59877353, 662, 2353
4, 2396, 59900662, 59902353, 662, 2353
4, 2397, 59925662, 59929296, 662, 4296
4, 2398, 59950662, 59952353, 662, 2353
4, 2399, 59975662, 59977353, 662, 2353
4, 24, 600662, 603383, 662, 3383
4, 240, 6000662, 6003180, 662, 3180
4, 2400, 60000662, 60003180, 662, 3180
4, 2401, 60025662, 60027353, 662, 2353
4, 2402, 60050662, 60052353, 662, 2353
4, 2403, 60075662, 60077353, 662, 2353
4, 2404, 60100662, 60103058, 662, 3058
4, 2405, 60125662, 60127353, 662, 2353
4, 2406, 60150662, 60152353, 662, 2353
4, 2407, 60175662, 60177353, 662, 2353
4, 2408, 60200662, 60205021, 662, 5021
4, 2409, 60225662, 60227353, 662, 2353
4, 241, 6025662, 6027353, 662, 2353
4, 2410, 60250662, 60252353, 662, 2353
4, 2411, 60275662, 60279022, 662, 4022
4, 2412, 60300662, 60303180, 662, 3180
4, 2413, 60325662, 60327353, 662, 2353
4, 2414, 60350662, 60352353, 662, 2353
4, 2415, 60375662, 60377628, 662, 2628
4, 2416, 60400662, 60402353, 662, 2353
4, 2417, 60425662, 60427353, 662, 2353
4, 2418, 60450662, 60453004, 662, 3004
4, 2419, 60475662, 60477353, 662, 2353
4, 242, 6050662, 6052353, 662, 2353
4, 2420, 60500662, 60502353, 662, 2353
4, 2421, 60525662, 60527353, 662, 2353
4, 2422, 60550662, 60553934, 662, 3934
4, 2423, 60575662, 60577353, 662, 2353
4, 2424, 60600662, 60602797, 662, 2797
4, 2425, 60625662, 60629458, 662, 4458
4, 2426, 60650662, 60652353, 662, 2353
4, 2427, 60675662, 60677353, 662, 2353
4, 2428, 60700662, 60702353, 662, 2353
4, 2429, 60725662, 60727353, 662, 2353
4, 243, 6075662, 6077353, 662, 2353
4, 2430, 60750662, 60752353, 662, 2353
4, 2431, 60775662, 60777353, 662, 2353
4, 2432, 60800662, 60803411, 662, 3411
4, 2433, 60825662, 60827353, 662, 2353
4, 2434, 60850662, 60852353, 662, 2353
4, 2435, 60875662, 60877353, 662, 2353
4, 2436, 60900662, 60904174, 662, 4174
4, 2437, 60925662, 60927353, 662, 2353
4, 2438, 60950662, 60952353, 662, 2353
4, 2439, 60975662, 60980333, 662, 5333
4, 244, 6100662, 6102353, 662, 2353
4, 2440, 61000662, 61002353, 662, 2353
4, 2441, 61025662, 61027353, 662, 2353
4, 2442, 61050662, 61053798, 662, 3798
4, 2443, 61075662, 61077353, 662, 2353
4, 2444, 61100662, 61102353, 662, 2353
4, 2445, 61125662, 61133990, 662, 8990
4, 2446, 61150662, 61152353, 662, 2353
4, 2447, 61175662, 61177353, 662, 2353
4, 2448, 61200662, 61203619, 662, 3619
4, 2449, 61225662, 61227353, 662, 2353
4, 245, 6125662, 6127353, 662, 2353
4, 2450, 61250662, 61252823, 662, 2823
4, 2451, 61275662, 61277353, 662, 2353
4, 2452, 61300662, 61302353, 662, 2353
4, 2453, 61325662, 61327353, 662, 2353
4, 2454, 61350662, 61352353, 662, 2353
4, 2455, 61375662, 61377353, 662, 2353
4, 2456, 61400662, 61402353, 662, 2353
4, 2457, 61425662, 61427353, 662, 2353
4, 2458, 61450662, 61452353, 662, 2353
4, 2459, 61475662, 61477353, 662, 2353
4, 246, 6150662, 6152353, 662, 2353
4, 2460, 61500662, 61503113, 662, 3113
4, 2461, 61525662, 61527353, 662, 2353
4, 2462, 61550662, 61552353, 662, 2353
4, 2463, 61575662, 61577353, 662, 2353
4, 2464, 61600662, 61605021, 662, 5021
4, 2465, 61625662, 61627353, 662, 2353
4, 2466, 61650662, 61652353, 662, 2353
4, 2467, 61675662, 61677353, 662, 2353
4, 2468, 61700662, 61702353, 662, 2353
4, 2469, 61725662, 61727353, 662, 2353
4, 247, 6175662, 6177353, 662, 2353
4, 2470, 61750662, 61752353, 662, 2353
4, 2471, 61775662, 61777353, 662, 2353
4, 2472, 61800662, 61803180, 662, 3180
4, 2473, 61825662, 61827353, 662, 2353
4, 2474, 61850662, 61852353, 662, 2353
4, 2475, 61875662, 61877353, 662, 2353
4, 2476, 61900662, 61902353, 662, 2353
4, 2477, 61925662, 61927353, 662, 2353
4, 2478, 61950662, 61953631, 662, 3631
4, 2479, 61975662, 61977353, 662, 2353
4, 248, 6200662, 6202353, 662, 2353
4, 2480, 62000662, 62002353, 662, 2353
4, 2481, 62025662, 62027628, 662, 2628
4, 2482, 62050662, 62052353, 662, 2353
4, 2483, 62075662, 62077353, 662, 2353
4, 2484, 62100662, 62102797, 662, 2797
4, 2485, 62125662, 62127353, 662, 2353
4, 2486, 62150662, 62152353, 662, 2353
4, 2487, 62175662, 62177353, 662, 2353
4, 2488, 62200662, 62202353, 662, 2353
4, 2489, 62225662, 62227353, 662, 2353
4, 249, 6225662, 6227353, 662, 2353
4, 2490, 62250662, 62252511, 662, 2511
4, 2491, 62275662, 62277353, 662, 2353
4, 2492, 62300662, 62303687, 662, 3687
4, 2493, 62325662, 62327628, 662, 2628
4, 2494, 62350662, 62352353, 662, 2353
4, 2495, 62375662, 62377353, 662, 2353
4, 2496, 62400662, 62403619, 662, 3619
4, 2497, 62425662, 62427353, 662, 2353
4, 2498, 62450662, 62452353, 662, 2353
4, 2499, 62475662, 62477628, 662, 2628
4, 25, 625662, 627353, 662, 2353
4, 250, 6250662, 6252353, 662, 2353
4, 2500, 62500662, 62502353, 662, 2353
4, 2501, 62525662, 62527353, 662, 2353
4, 2502, 62550662, 62552353, 662, 2353
4, 2503, 62575662, 62577353, 662, 2353
4, 2504, 62600662, 62602353, 662, 2353
4, 2505, 62625662, 62627353, 662, 2353
4, 2506, 62650662, 62653934, 662, 3934
4, 2507, 62675662, 62677353, 662, 2353
4, 2508, 62700662, 62702797, 662, 2797
4, 2509, 62725662, 62727353, 662, 2353
4, 251, 6275662, 6277353, 662, 2353
4, 2510, 62750662, 62752353, 662, 2353
4, 2511, 62775662, 62777353, 662, 2353
4, 2512, 62800662, 62802353, 662, 2353
4, 2513, 62825662, 62827353, 662, 2353
4, 2514, 62850662, 62852353, 662, 2353
4, 2515, 62875662, 62877353, 662, 2353
4, 2516, 62900662, 62903058, 662, 3058
4, 2517, 62925662, 62927353, 662, 2353
4, 2518, 62950662, 62952353, 662, 2353
4, 2519, 62975662, 62977353, 662, 2353
4, 252, 6300662, 6306824, 662, 6824
4, 2520, 63000662, 63006824, 662, 6824
4, 2521, 63025662, 63027353, 662, 2353
4, 2522, 63050662, 63052353, 662, 2353
4, 2523, 63075662, 63077353, 662, 2353
4, 2524, 63100662, 63102353, 662, 2353
4, 2525, 63125662, 63127353, 662, 2353
4, 2526, 63150662, 63152353, 662, 2353
4, 2527, 63175662, 63177353, 662, 2353
4, 2528, 63200662, 63202353, 662, 2353
4, 2529, 63225662, 63227353, 662, 2353
4, 253, 6325662, 6327353, 662, 2353
4, 2530, 63250662, 63252353, 662, 2353
4, 2531, 63275662, 63277353, 662, 2353
4, 2532, 63300662, 63302797, 662, 2797
4, 2533, 63325662, 63327353, 662, 2353
4, 2534, 63350662, 63353934, 662, 3934
4, 2535, 63375662, 63377353, 662, 2353
4, 2536, 63400662, 63402353, 662, 2353
4, 2537, 63425662, 63428464, 662, 3464
4, 2538, 63450662, 63452353, 662, 2353
4, 2539, 63475662, 63477353, 662, 2353
4, 254, 6350662, 6352353, 662, 2353
4, 2540, 63500662, 63502353, 662, 2353
4, 2541, 63525662, 63528328, 662, 3328
4, 2542, 63550662, 63552353, 662, 2353
4, 2543, 63575662, 63577353, 662, 2353
4, 2544, 63600662, 63603899, 662, 3899
4, 2545, 63625662, 63627353, 662, 2353
4, 2546, 63650662, 63652353, 662, 2353
4, 2547, 63675662, 63677353, 662, 2353
4, 2548, 63700662, 63704477, 662, 4477
4, 2549, 63725662, 63727353, 662, 2353
4, 255, 6375662, 6377974, 662, 2974
4, 2550, 63750662, 63752353, 662, 2353
4, 2551, 63775662, 63778855, 662, 3855
4, 2552, 63800662, 63802353, 662, 2353
4, 2553, 63825662, 63827353, 662, 2353
4, 2554, 63850662, 63852823, 662, 2823
4, 2555, 63875662, 63877353, 662, 2353
4, 2556, 63900662, 63902797, 662, 2797
4, 2557, 63925662, 63927353, 662, 2353
4, 2558, 63950662, 63952353, 662, 2353
4, 2559, 63975662, 63977353, 662, 2353
4, 256, 6400662, 6403131, 662, 3131
4, 2560, 64000662, 64002353, 662, 2353
4, 2561, 64025662, 64027353, 662, 2353
4, 2562, 64050662, 64053631, 662, 3631
4, 2563, 64075662, 64077353, 662, 2353
4, 2564, 64100662, 64102353, 662, 2353
4, 2565, 64125662, 64127628, 662, 2628
4, 2566, 64150662, 64152353, 662, 2353
4, 2567, 64175662, 64177353, 662, 2353
4, 2568, 64200662, 64203180, 662, 3180
4, 2569, 64225662, 64227353, 662, 2353
4, 257, 6425662, 6427353, 662, 2353
4, 2570, 64250662, 64252353, 662, 2353
4, 2571, 64275662, 64277353, 662, 2353
4, 2572, 64300662, 64302353, 662, 2353
4, 2573, 64325662, 64327353, 662, 2353
4, 2574, 64350662, 64352353, 662, 2353
4, 2575, 64375662, 64377353, 662, 2353
4, 2576, 64400662, 64405021, 662, 5021
4, 2577, 64425662, 64427353, 662, 2353
4, 2578, 64450662, 64452353, 662, 2353
4, 2579, 64475662, 64477353, 662, 2353
4, 258, 6450662, 6452353, 662, 2353
4, 2580, 64500662, 64502797, 662, 2797
4, 2581, 64525662, 64527591, 662, 2591
4, 2582, 64550662, 64552353, 662, 2353
4, 2583, 64575662, 64577353, 662, 2353
4, 2584, 64600662, 64602353, 662, 2353
4, 2585, 64625662, 64627353, 662, 2353
4, 2586, 64650662, 64652353, 662, 2353
4, 2587, 64675662, 64677353, 662, 2353
4, 2588, 64700662, 64702353, 662, 2353
4, 2589, 64725662, 64727353, 662, 2353
4, 259, 6475662, 6477353, 662, 2353
4, 2590, 64750662, 64752823, 662, 2823
4, 2591, 64775662, 64777353, 662, 2353
4, 2592, 64800662, 64803619, 662, 3619
4, 2593, 64825662, 64827353, 662, 2353
4, 2594, 64850662, 64852353, 662, 2353
4, 2595, 64875662, 64877353, 662, 2353
4, 2596, 64900662, 64902353, 662, 2353
4, 2597, 64925662, 64927353, 662, 2353
4, 2598, 64950662, 64952353, 662, 2353
4, 2599, 64975662, 64977353, 662, 2353
4, 26, 650662, 652353, 662, 2353
4, 260, 6500662, 6502353, 662, 2353
4, 2600, 65000662, 65002353, 662, 2353
4, 2601, 65025662, 65027353, 662, 2353
4, 2602, 65050662, 65052353, 662, 2353
4, 2603, 65075662, 65077353, 662, 2353
4, 2604, 65100662, 65104174, 662, 4174
4, 2605, 65125662, 65130327, 662, 5327
4, 2606, 65150662, 65152353, 662, 2353
4, 2607, 65175662, 65177628, 662, 2628
4, 2608, 65200662, 65203131, 662, 3131
4, 2609, 65225662, 65227353, 662, 2353
4, 261, 6525662, 6527353, 662, 2353
4, 2610, 65250662, 65252353, 662, 2353
4, 2611, 65275662, 65277353, 662, 2353
4, 2612, 65300662, 65302353, 662, 2353
4, 2613, 65325662, 65327353, 662, 2353
4, 2614, 65350662, 65352353, 662, 2353
4, 2615, 65375662, 65377353, 662, 2353
4, 2616, 65400662, 65403180, 662, 3180
4, 2617, 65425662, 65427353, 662, 2353
4, 2618, 65450662, 65453934, 662, 3934
4, 2619, 65475662, 65477353, 662, 2353
4, 262, 6550662, 6552353, 662, 2353
4, 2620, 65500662, 65502353, 662, 2353
4, 2621, 65525662, 65529157, 662, 4157
4, 2622, 65550662, 65552353, 662, 2353
4, 2623, 65575662, 65577353, 662, 2353
4, 2624, 65600662, 65602353, 662, 2353
4, 2625, 65625662, 65627628, 662, 2628
4, 2626, 65650662, 65652353, 662, 2353
4, 2627, 65675662, 65677353, 662, 2353
4, 2628, 65700662, 65703113, 662, 3113
4, 2629, 65725662, 65727353, 662, 2353
4, 263, 6575662, 6577353, 662, 2353
4, 2630, 65750662, 65752353, 662, 2353
4, 2631, 65775662, 65777353, 662, 2353
4, 2632, 65800662, 65805021, 662, 5021
4, 2633, 65825662, 65827353, 662, 2353
4, 2634, 65850662, 65852353, 662, 2353
4, 2635, 65875662, 65877353, 662, 2353
4, 2636, 65900662, 65902353, 662, 2353
4, 2637, 65925662, 65927353, 662, 2353
4, 2638, 65950662, 65952353, 662, 2353
4, 2639, 65975662, 65977353, 662, 2353
4, 264, 6600662, 6602797, 662, 2797
4, 2640, 66000662, 66003180, 662, 3180
4, 2641, 66025662, 66027353, 662, 2353
4, 2642, 66050662, 66052353, 662, 2353
4, 2643, 66075662, 66077353, 662, 2353
4, 2644, 66100662, 66102353, 662, 2353
4, 2645, 66125662, 66127353, 662, 2353
4, 2646, 66150662, 66154909, 662, 4909
4, 2647, 66175662, 66177353, 662, 2353
4, 2648, 66200662, 66202353, 662, 2353
4, 2649, 66225662, 66232986, 662, 7986
4, 265, 6625662, 6627353, 662, 2353
4, 2650, 66250662, 66252353, 662, 2353
4, 2651, 66275662, 66277353, 662, 2353
4, 2652, 66300662, 66303180, 662, 3180
4, 2653, 66325662, 66327353, 662, 2353
4, 2654, 66350662, 66352353, 662, 2353
4, 2655, 66375662, 66377353, 662, 2353
4, 2656, 66400662, 66403411, 662, 3411
4, 2657, 66425662, 66427353, 662, 2353
4, 2658, 66450662, 66452353, 662, 2353
4, 2659, 66475662, 66477353, 662, 2353
4, 266, 6650662, 6653934, 662, 3934
4, 2660, 66500662, 66505021, 662, 5021
4, 2661, 66525662, 66527353, 662, 2353
4, 2662, 66550662, 66552353, 662, 2353
4, 2663, 66575662, 66580085, 662, 5085
4, 2664, 66600662, 66602797, 662, 2797
4, 2665, 66625662, 66627353, 662, 2353
4, 2666, 66650662, 66652359, 662, 2359
4, 2667, 66675662, 66677353, 662, 2353
4, 2668, 66700662, 66702353, 662, 2353
4, 2669, 66725662, 66727353, 662, 2353
4, 267, 6675662, 6677353, 662, 2353
4, 2670, 66750662, 66753004, 662, 3004
4, 2671, 66775662, 66777353, 662, 2353
4, 2672, 66800662, 66802353, 662, 2353
4, 2673, 66825662, 66827353, 662, 2353
4, 2674, 66850662, 66852823, 662, 2823
4, 2675, 66875662, 66877353, 662, 2353
4, 2676, 66900662, 66903180, 662, 3180
4, 2677, 66925662, 66927353, 662, 2353
4, 2678, 66950662, 66952353, 662, 2353
4, 2679, 66975662, 66977353, 662, 2353
4, 268, 6700662, 6702353, 662, 2353
4, 2680, 67000662, 67002353, 662, 2353
4, 2681, 67025662, 67027353, 662, 2353
4, 2682, 67050662, 67052353, 662, 2353
4, 2683, 67075662, 67077353, 662, 2353
4, 2684, 67100662, 67102353, 662, 2353
4, 2685, 67125662, 67127353, 662, 2353
4, 2686, 67150662, 67152353, 662, 2353
4, 2687, 67175662, 67177353, 662, 2353
4, 2688, 67200662, 67206824, 662, 6824
4, 2689, 67225662, 67227353, 662, 2353
4, 269, 6725662, 6738011, 662, 13011
4, 2690, 67250662, 67252353, 662, 2353
4, 2691, 67275662, 67277353, 662, 2353
4, 2692, 67300662, 67302353, 662, 2353
4, 2693, 67325662, 67327353, 662, 2353
4, 2694, 67350662, 67352353, 662, 2353
4, 2695, 67375662, 67377353, 662, 2353
4, 2696, 67400662, 67402353, 662, 2353
4, 2697, 67425662, 67428328, 662, 3328
4, 2698, 67450662, 67452353, 662, 2353
4, 2699, 67475662, 67477353, 662, 2353
4, 27, 675662, 677353, 662, 2353
4, 270, 6750662, 6752353, 662, 2353
4, 2700, 67500662, 67503180, 662, 3180
4, 2701, 67525662, 67527353, 662, 2353
4, 2702, 67550662, 67552823, 662, 2823
4, 2703, 67575662, 67577353, 662, 2353
4, 2704, 67600662, 67603131, 662, 3131
4, 2705, 67625662, 67627353, 662, 2353
4, 2706, 67650662, 67652353, 662, 2353
4, 2707, 67675662, 67677353, 662, 2353
4, 2708, 67700662, 67702353, 662, 2353
4, 2709, 67725662, 67727353, 662, 2353
4, 271, 6775662, 6777353, 662, 2353
4, 2710, 67750662, 67752353, 662, 2353
4, 2711, 67775662, 67777353, 662, 2353
4, 2712, 67800662, 67803113, 662, 3113
4, 2713, 67825662, 67827353, 662, 2353
4, 2714, 67850662, 67852353, 662, 2353
4, 2715, 67875662, 67877353, 662, 2353
4, 2716, 67900662, 67903687, 662, 3687
4, 2717, 67925662, 67927353, 662, 2353
4, 2718, 67950662, 67952353, 662, 2353
4, 2719, 67975662, 67977353, 662, 2353
4, 272, 6800662, 6803131, 662, 3131
4, 2720, 68000662, 68003131, 662, 3131
4, 2721, 68025662, 68027353, 662, 2353
4, 2722, 68050662, 68052353, 662, 2353
4, 2723, 68075662, 68077353, 662, 2353
4, 2724, 68100662, 68103180, 662, 3180
4, 2725, 68125662, 68127353, 662, 2353
4, 2726, 68150662, 68152353, 662, 2353
4, 2727, 68175662, 68177353, 662, 2353
4, 2728, 68200662, 68202353, 662, 2353
4, 2729, 68225662, 68227353, 662, 2353
4, 273, 6825662, 6827628, 662, 2628
4, 2730, 68250662, 68253631, 662, 3631
4, 2731, 68275662, 68277353, 662, 2353
4, 2732, 68300662, 68302353, 662, 2353
4, 2733, 68325662, 68328324, 662, 3324
4, 2734, 68350662, 68352353, 662, 2353
4, 2735, 68375662, 68377353, 662, 2353
4, 2736, 68400662, 68403180, 662, 3180
4, 2737, 68425662, 68427353, 662, 2353
4, 2738, 68450662, 68452353, 662, 2353
4, 2739, 68475662, 68477353, 662, 2353
4, 274, 6850662, 6852353, 662, 2353
4, 2740, 68500662, 68502353, 662, 2353
4, 2741, 68525662, 68527353, 662, 2353
4, 2742, 68550662, 68552353, 662, 2353
4, 2743, 68575662, 68577353, 662, 2353
4, 2744, 68600662, 68605021, 662, 5021
4, 2745, 68625662, 68627353, 662, 2353
4, 2746, 68650662, 68652353, 662, 2353
4, 2747, 68675662, 68677353, 662, 2353
4, 2748, 68700662, 68703180, 662, 3180
4, 2749, 68725662, 68727353, 662, 2353
4, 275, 6875662, 6877353, 662, 2353
4, 2750, 68750662, 68752353, 662, 2353
4, 2751, 68775662, 68777628, 662, 2628
4, 2752, 68800662, 68802353, 662, 2353
4, 2753, 68825662, 68827353, 662, 2353
4, 2754, 68850662, 68853004, 662, 3004
4, 2755, 68875662, 68877353, 662, 2353
4, 2756, 68900662, 68902353, 662, 2353
4, 2757, 68925662, 68927353, 662, 2353
4, 2758, 68950662, 68953934, 662, 3934
4, 2759, 68975662, 68977353, 662, 2353
4, 276, 6900662, 6903383, 662, 3383
4, 2760, 69000662, 69002797, 662, 2797
4, 2761, 69025662, 69027353, 662, 2353
4, 2762, 69050662, 69052353, 662, 2353
4, 2763, 69075662, 69077353, 662, 2353
4, 2764, 69100662, 69102353, 662, 2353
4, 2765, 69125662, 69127353, 662, 2353
4, 2766, 69150662, 69152353, 662, 2353
4, 2767, 69175662, 69177353, 662, 2353
4, 2768, 69200662, 69206931, 662, 6931
4, 2769, 69225662, 69227353, 662, 2353
4, 277, 6925662, 6927353, 662, 2353
4, 2770, 69250662, 69252353, 662, 2353
4, 2771, 69275662, 69277353, 662, 2353
4, 2772, 69300662, 69306824, 662, 6824
4, 2773, 69325662, 69327353, 662, 2353
4, 2774, 69350662, 69352353, 662, 2353
4, 2775, 69375662, 69385506, 662, 10506
4, 2776, 69400662, 69402353, 662, 2353
4, 2777, 69425662, 69427353, 662, 2353
4, 2778, 69450662, 69452353, 662, 2353
4, 2779, 69475662, 69477353, 662, 2353
4, 278, 6950662, 6952353, 662, 2353
4, 2780, 69500662, 69502353, 662, 2353
4, 2781, 69525662, 69527353, 662, 2353
4, 2782, 69550662, 69552353, 662, 2353
4, 2783, 69575662, 69577353, 662, 2353
4, 2784, 69600662, 69603180, 662, 3180
4, 2785, 69625662, 69627353, 662, 2353
4, 2786, 69650662, 69652965, 662, 2965
4, 2787, 69675662, 69677353, 662, 2353
4, 2788, 69700662, 69702353, 662, 2353
4, 2789, 69725662, 69728464, 662, 3464
4, 279, 6975662, 6977353, 662, 2353
4, 2790, 69750662, 69752353, 662, 2353
4, 2791, 69775662, 69777353, 662, 2353
4, 2792, 69800662, 69804649, 662, 4649
4, 2793, 69825662, 69827353, 662, 2353
4, 2794, 69850662, 69852353, 662, 2353
4, 2795, 69875662, 69877353, 662, 2353
4, 2796, 69900662, 69903383, 662, 3383
4, 2797, 69925662, 69927353, 662, 2353
4, 2798, 69950662, 69952353, 662, 2353
4, 2799, 69975662, 69977353, 662, 2353
4, 28, 700662, 705021, 662, 5021
4, 280, 7000662, 7005021, 662, 5021
4, 2800, 70000662, 70005021, 662, 5021
4, 2801, 70025662, 70027353, 662, 2353
4, 2802, 70050662, 70052353, 662, 2353
4, 2803, 70075662, 70077353, 662, 2353
4, 2804, 70100662, 70102353, 662, 2353
4, 2805, 70125662, 70127353, 662, 2353
4, 2806, 70150662, 70152353, 662, 2353
4, 2807, 70175662, 70177353, 662, 2353
4, 2808, 70200662, 70202797, 662, 2797
4, 2809, 70225662, 70227353, 662, 2353
4, 281, 7025662, 7027353, 662, 2353
4, 2810, 70250662, 70252353, 662, 2353
4, 2811, 70275662, 70277353, 662, 2353
4, 2812, 70300662, 70302353, 662, 2353
4, 2813, 70325662, 70327353, 662, 2353
4, 2814, 70350662, 70353631, 662, 3631
4, 2815, 70375662, 70377353, 662, 2353
4, 2816, 70400662, 70403131, 662, 3131
4, 2817, 70425662, 70427628, 662, 2628
4, 2818, 70450662, 70452353, 662, 2353
4, 2819, 70475662, 70477353, 662, 2353
4, 282, 7050662, 7052353, 662, 2353
4, 2820, 70500662, 70503180, 662, 3180
4, 2821, 70525662, 70527353, 662, 2353
4, 2822, 70550662, 70552353, 662, 2353
4, 2823, 70575662, 70577353, 662, 2353
4, 2824, 70600662, 70602353, 662, 2353
4, 2825, 70625662, 70627353, 662, 2353
4, 2826, 70650662, 70652770, 662, 2770
4, 2827, 70675662, 70677353, 662, 2353
4, 2828, 70700662, 70703687, 662, 3687
4, 2829, 70725662, 70727628, 662, 2628
4, 283, 7075662, 7077353, 662, 2353
4, 2830, 70750662, 70752353, 662, 2353
4, 2831, 70775662, 70777353, 662, 2353
4, 2832, 70800662, 70803180, 662, 3180
4, 2833, 70825662, 70827353, 662, 2353
4, 2834, 70850662, 70852353, 662, 2353
4, 2835, 70875662, 70877353, 662, 2353
4, 2836, 70900662, 70902353, 662, 2353
4, 2837, 70925662, 70927353, 662, 2353
4, 2838, 70950662, 70952353, 662, 2353
4, 2839, 70975662, 70977353, 662, 2353
4, 284, 7100662, 7102353, 662, 2353
4, 2840, 71000662, 71002353, 662, 2353
4, 2841, 71025662, 71027353, 662, 2353
4, 2842, 71050662, 71052823, 662, 2823
4, 2843, 71075662, 71077353, 662, 2353
4, 2844, 71100662, 71102797, 662, 2797
4, 2845, 71125662, 71127353, 662, 2353
4, 2846, 71150662, 71152353, 662, 2353
4, 2847, 71175662, 71177353, 662, 2353
4, 2848, 71200662, 71202353, 662, 2353
4, 2849, 71225662, 71227353, 662, 2353
4, 285, 7125662, 7127353, 662, 2353
4, 2850, 71250662, 71252353, 662, 2353
4, 2851, 71275662, 71277353, 662, 2353
4, 2852, 71300662, 71302353, 662, 2353
4, 2853, 71325662, 71327353, 662, 2353
4, 2854, 71350662, 71352353, 662, 2353
4, 2855, 71375662, 71377353, 662, 2353
4, 2856, 71400662, 71406824, 662, 6824
4, 2857, 71425662, 71427353, 662, 2353
4, 2858, 71450662, 71452353, 662, 2353
4, 2859, 71475662, 71477628, 662, 2628
4, 286, 7150662, 7152353, 662, 2353
4, 2860, 71500662, 71502353, 662, 2353
4, 2861, 71525662, 71527353, 662, 2353
4, 2862, 71550662, 71552353, 662, 2353
4, 2863, 71575662, 71577353, 662, 2353
4, 2864, 71600662, 71603131, 662, 3131
4, 2865, 71625662, 71627353, 662, 2353
4, 2866, 71650662, 71652353, 662, 2353
4, 2867, 71675662, 71677353, 662, 2353
4, 2868, 71700662, 71702797, 662, 2797
4, 2869, 71725662, 71727353, 662, 2353
4, 287, 7175662, 7177353, 662, 2353
4, 2870, 71750662, 71753934, 662, 3934
4, 2871, 71775662, 71777353, 662, 2353
4, 2872, 71800662, 71802353, 662, 2353
4, 2873, 71825662, 71827353, 662, 2353
4, 2874, 71850662, 71852353, 662, 2353
4, 2875, 71875662, 71877353, 662, 2353
4, 2876, 71900662, 71902353, 662, 2353
4, 2877, 71925662, 71931598, 662, 6598
4, 2878, 71950662, 71952353, 662, 2353
4, 2879, 71975662, 71977353, 662, 2353
4, 288, 7200662, 7203180, 662, 3180
4, 2880, 72000662, 72003899, 662, 3899
4, 2881, 72025662, 72027353, 662, 2353
4, 2882, 72050662, 72052353, 662, 2353
4, 2883, 72075662, 72077353, 662, 2353
4, 2884, 72100662, 72105021, 662, 5021
4, 2885, 72125662, 72127353, 662, 2353
4, 2886, 72150662, 72152353, 662, 2353
4, 2887, 72175662, 72178853, 662, 3853
4, 2888, 72200662, 72202353, 662, 2353
4, 2889, 72225662, 72227353, 662, 2353
4, 289, 7225662, 7227353, 662, 2353
4, 2890, 72250662, 72252353, 662, 2353
4, 2891, 72275662, 72277353, 662, 2353
4, 2892, 72300662, 72302797, 662, 2797
4, 2893, 72325662, 72327353, 662, 2353
4, 2894, 72350662, 72353316, 662, 3316
4, 2895, 72375662, 72377353, 662, 2353
4, 2896, 72400662, 72402353, 662, 2353
4, 2897, 72425662, 72427353, 662, 2353
4, 2898, 72450662, 72454384, 662, 4384
4, 2899, 72475662, 72477353, 662, 2353
4, 29, 725662, 727353, 662, 2353
4, 290, 7250662, 7252353, 662, 2353
4, 2900, 72500662, 72502353, 662, 2353
4, 2901, 72525662, 72527628, 662, 2628
4, 2902, 72550662, 72552353, 662, 2353
4, 2903, 72575662, 72577353, 662, 2353
4, 2904, 72600662, 72603180, 662, 3180
4, 2905, 72625662, 72627353, 662, 2353
4, 2906, 72650662, 72652353, 662, 2353
4, 2907, 72675662, 72677353, 662, 2353
4, 2908, 72700662, 72703058, 662, 3058
4, 2909, 72725662, 72727353, 662, 2353
4, 291, 7275662, 7277353, 662, 2353
4, 2910, 72750662, 72752353, 662, 2353
4, 2911, 72775662, 72777353, 662, 2353
4, 2912, 72800662, 72805021, 662, 5021
4, 2913, 72825662, 72827353, 662, 2353
4, 2914, 72850662, 72852353, 662, 2353
4, 2915, 72875662, 72877976, 662, 2976
4, 2916, 72900662, 72902797, 662, 2797
4, 2917, 72925662, 72927353, 662, 2353
4, 2918, 72950662, 72952823, 662, 2823
4, 2919, 72975662, 72977353, 662, 2353
4, 292, 7300662, 7302353, 662, 2353
4, 2920, 73000662, 73002353, 662, 2353
4, 2921, 73025662, 73027353, 662, 2353
4, 2922, 73050662, 73052353, 662, 2353
4, 2923, 73075662, 73077353, 662, 2353
4, 2924, 73100662, 73102353, 662, 2353
4, 2925, 73125662, 73127628, 662, 2628
4, 2926, 73150662, 73152823, 662, 2823
4, 2927, 73175662, 73177353, 662, 2353
4, 2928, 73200662, 73203619, 662, 3619
4, 2929, 73225662, 73227353, 662, 2353
4, 293, 7325662, 7327353, 662, 2353
4, 2930, 73250662, 73252353, 662, 2353
4, 2931, 73275662, 73277353, 662, 2353
4, 2932, 73300662, 73302353, 662, 2353
4, 2933, 73325662, 73327353, 662, 2353
4, 2934, 73350662, 73352353, 662, 2353
4, 2935, 73375662, 73377353, 662, 2353
4, 2936, 73400662, 73402353, 662, 2353
4, 2937, 73425662, 73427353, 662, 2353
4, 2938, 73450662, 73452353, 662, 2353
4, 2939, 73475662, 73477353, 662, 2353
4, 294, 7350662, 7353631, 662, 3631
4, 2940, 73500662, 73504174, 662, 4174
4, 2941, 73525662, 73527353, 662, 2353
4, 2942, 73550662, 73552353, 662, 2353
4, 2943, 73575662, 73577628, 662, 2628
4, 2944, 73600662, 73602353, 662, 2353
4, 2945, 73625662, 73627353, 662, 2353
4, 2946, 73650662, 73652353, 662, 2353
4, 2947, 73675662, 73677353, 662, 2353
4, 2948, 73700662, 73702353, 662, 2353
4, 2949, 73725662, 73727353, 662, 2353
4, 295, 7375662, 7377353, 662, 2353
4, 2950, 73750662, 73752353, 662, 2353
4, 2951, 73775662, 73777353, 662, 2353
4, 2952, 73800662, 73803180, 662, 3180
4, 2953, 73825662, 73827353, 662, 2353
4, 2954, 73850662, 73852823, 662, 2823
4, 2955, 73875662, 73877353, 662, 2353
4, 2956, 73900662, 73902353, 662, 2353
4, 2957, 73925662, 73929157, 662, 4157
4, 2958, 73950662, 73952353, 662, 2353
4, 2959, 73975662, 73977353, 662, 2353
4, 296, 7400662, 7402353, 662, 2353
4, 2960, 74000662, 74002353, 662, 2353
4, 2961, 74025662, 74027353, 662, 2353
4, 2962, 74050662, 74052353, 662, 2353
4, 2963, 74075662, 74077353, 662, 2353
4, 2964, 74100662, 74103113, 662, 3113
4, 2965, 74125662, 74127353, 662, 2353
4, 2966, 74150662, 74152353, 662, 2353
4, 2967, 74175662, 74177353, 662, 2353
4, 2968, 74200662, 74203687, 662, 3687
4, 2969, 74225662, 74227353, 662, 2353
4, 297, 7425662, 7427598, 662, 2598
4, 2970, 74250662, 74252353, 662, 2353
4, 2971, 74275662, 74277353, 662, 2353
4, 2972, 74300662, 74302353, 662, 2353
4, 2973, 74325662, 74327353, 662, 2353
4, 2974, 74350662, 74352353, 662, 2353
4, 2975, 74375662, 74377353, 662, 2353
4, 2976, 74400662, 74403619, 662, 3619
4, 2977, 74425662, 74427353, 662, 2353
4, 2978, 74450662, 74452353, 662, 2353
4, 2979, 74475662, 74477353, 662, 2353
4, 298, 7450662, 7452353, 662, 2353
4, 2980, 74500662, 74502353, 662, 2353
4, 2981, 74525662, 74527353, 662, 2353
4, 2982, 74550662, 74554909, 662, 4909
4, 2983, 74575662, 74577353, 662, 2353
4, 2984, 74600662, 74602353, 662, 2353
4, 2985, 74625662, 74627628, 662, 2628
4, 2986, 74650662, 74652353, 662, 2353
4, 2987, 74675662, 74677353, 662, 2353
4, 2988, 74700662, 74702797, 662, 2797
4, 2989, 74725662, 74729355, 662, 4355
4, 299, 7475662, 7477353, 662, 2353
4, 2990, 74750662, 74752353, 662, 2353
4, 2991, 74775662, 74777353, 662, 2353
4, 2992, 74800662, 74803411, 662, 3411
4, 2993, 74825662, 74827353, 662, 2353
4, 2994, 74850662, 74852353, 662, 2353
4, 2995, 74875662, 74877353, 662, 2353
4, 2996, 74900662, 74905021, 662, 5021
4, 2997, 74925662, 74927353, 662, 2353
4, 2998, 74950662, 74952353, 662, 2353
4, 2999, 74975662, 74977353, 662, 2353
4, 3, 75662, 77628, 662, 2628
4, 30, 750662, 752353, 662, 2353
4, 300, 7500662, 7503310, 662, 3310
4, 3000, 75000662, 75003126, 662, 3126
4, 3001, 75025662, 75027353, 662, 2353
4, 3002, 75050662, 75052353, 662, 2353
4, 3003, 75075662, 75077628, 662, 2628
4, 3004, 75100662, 75102353, 662, 2353
4, 3005, 75125662, 75127353, 662, 2353
4, 3006, 75150662, 75153004, 662, 3004
4, 3007, 75175662, 75177353, 662, 2353
4, 3008, 75200662, 75202353, 662, 2353
4, 3009, 75225662, 75227353, 662, 2353
4, 301, 7525662, 7527353, 662, 2353
4, 3010, 75250662, 75253934, 662, 3934
4, 3011, 75275662, 75277353, 662, 2353
4, 3012, 75300662, 75302797, 662, 2797
4, 3013, 75325662, 75330486, 662, 5486
4, 3014, 75350662, 75352353, 662, 2353
4, 3015, 75375662, 75377353, 662, 2353
4, 3016, 75400662, 75402353, 662, 2353
4, 3017, 75425662, 75427353, 662, 2353
4, 3018, 75450662, 75452353, 662, 2353
4, 3019, 75475662, 75477353, 662, 2353
4, 302, 7550662, 7552353, 662, 2353
4, 3020, 75500662, 75503058, 662, 3058
4, 3021, 75525662, 75527353, 662, 2353
4, 3022, 75550662, 75552353, 662, 2353
4, 3023, 75575662, 75577353, 662, 2353
4, 3024, 75600662, 75606824, 662, 6824
4, 3025, 75625662, 75627353, 662, 2353
4, 3026, 75650662, 75652353, 662, 2353
4, 3027, 75675662, 75677353, 662, 2353
4, 3028, 75700662, 75702353, 662, 2353
4, 3029, 75725662, 75727353, 662, 2353
4, 303, 7575662, 7577353, 662, 2353
4, 3030, 75750662, 75752353, 662, 2353
4, 3031, 75775662, 75777353, 662, 2353
4, 3032, 75800662, 75802353, 662, 2353
4, 3033, 75825662, 75827353, 662, 2353
4, 3034, 75850662, 75852353, 662, 2353
4, 3035, 75875662, 75877353, 662, 2353
4, 3036, 75900662, 75902797, 662, 2797
4, 3037, 75925662, 75929741, 662, 4741
4, 3038, 75950662, 75952823, 662, 2823
4, 3039, 75975662, 75977353, 662, 2353
4, 304, 7600662, 7603058, 662, 3058
4, 3040, 76000662, 76003131, 662, 3131
4, 3041, 76025662, 76028398, 662, 3398
4, 3042, 76050662, 76052353, 662, 2353
4, 3043, 76075662, 76077353, 662, 2353
4, 3044, 76100662, 76103131, 662, 3131
4, 3045, 76125662, 76127353, 662, 2353
4, 3046, 76150662, 76152353, 662, 2353
4, 3047, 76175662, 76177353, 662, 2353
4, 3048, 76200662, 76203113, 662, 3113
4, 3049, 76225662, 76227353, 662, 2353
4, 305, 7625662, 7627353, 662, 2353
4, 3050, 76250662, 76252353, 662, 2353
4, 3051, 76275662, 76277353, 662, 2353
4, 3052, 76300662, 76303687, 662, 3687
4, 3053, 76325662, 76327353, 662, 2353
4, 3054, 76350662, 76352353, 662, 2353
4, 3055, 76375662, 76377353, 662, 2353
4, 3056, 76400662, 76402353, 662, 2353
4, 3057, 76425662, 76427353, 662, 2353
4, 3058, 76450662, 76452353, 662, 2353
4, 3059, 76475662, 76477353, 662, 2353
4, 306, 7650662, 7652353, 662, 2353
4, 3060, 76500662, 76503180, 662, 3180
4, 3061, 76525662, 76527353, 662, 2353
4, 3062, 76550662, 76552353, 662, 2353
4, 3063, 76575662, 76577353, 662, 2353
4, 3064, 76600662, 76602353, 662, 2353
4, 3065, 76625662, 76627353, 662, 2353
4, 3066, 76650662, 76653631, 662, 3631
4, 3067, 76675662, 76677353, 662, 2353
4, 3068, 76700662, 76702353, 662, 2353
4, 3069, 76725662, 76728324, 662, 3324
4, 307, 7675662, 7677353, 662, 2353
4, 3070, 76750662, 76752353, 662, 2353
4, 3071, 76775662, 76777353, 662, 2353
4, 3072, 76800662, 76803180, 662, 3180
4, 3073, 76825662, 76827353, 662, 2353
4, 3074, 76850662, 76852353, 662, 2353
4, 3075, 76875662, 76877353, 662, 2353
4, 3076, 76900662, 76902353, 662, 2353
4, 3077, 76925662, 76927353, 662, 2353
4, 3078, 76950662, 76952353, 662, 2353
4, 3079, 76975662, 76977353, 662, 2353
4, 308, 7700662, 7703687, 662, 3687
4, 3080, 77000662, 77003687, 662, 3687
4, 3081, 77025662, 77027353, 662, 2353
4, 3082, 77050662, 77052353, 662, 2353
4, 3083, 77075662, 77077353, 662, 2353
4, 3084, 77100662, 77103180, 662, 3180
4, 3085, 77125662, 77127353, 662, 2353
4, 3086, 77150662, 77152353, 662, 2353
4, 3087, 77175662, 77177353, 662, 2353
4, 3088, 77200662, 77203131, 662, 3131
4, 3089, 77225662, 77227353, 662, 2353
4, 309, 7725662, 7727353, 662, 2353
4, 3090, 77250662, 77252353, 662, 2353
4, 3091, 77275662, 77277353, 662, 2353
4, 3092, 77300662, 77302353, 662, 2353
4, 3093, 77325662, 77327353, 662, 2353
4, 3094, 77350662, 77353934, 662, 3934
4, 3095, 77375662, 77377353, 662, 2353
4, 3096, 77400662, 77402797, 662, 2797
4, 3097, 77425662, 77427353, 662, 2353
4, 3098, 77450662, 77453714, 662, 3714
4, 3099, 77475662, 77477353, 662, 2353
4, 31, 775662, 778853, 662, 3853
4, 310, 7750662, 7752353, 662, 2353
4, 3100, 77500662, 77502353, 662, 2353
4, 3101, 77525662, 77527353, 662, 2353
4, 3102, 77550662, 77552353, 662, 2353
4, 3103, 77575662, 77577353, 662, 2353
4, 3104, 77600662, 77603058, 662, 3058
4, 3105, 77625662, 77627353, 662, 2353
4, 3106, 77650662, 77652353, 662, 2353
4, 3107, 77675662, 77677353, 662, 2353
4, 3108, 77700662, 77706824, 662, 6824
4, 3109, 77725662, 77727353, 662, 2353
4, 311, 7775662, 7777353, 662, 2353
4, 3110, 77750662, 77752353, 662, 2353
4, 3111, 77775662, 77777974, 662, 2974
4, 3112, 77800662, 77802353, 662, 2353
4, 3113, 77825662, 77827353, 662, 2353
4, 3114, 77850662, 77852353, 662, 2353
4, 3115, 77875662, 77877353, 662, 2353
4, 3116, 77900662, 77902353, 662, 2353
4, 3117, 77925662, 77927353, 662, 2353
4, 3118, 77950662, 77952353, 662, 2353
4, 3119, 77975662, 77977353, 662, 2353
4, 312, 7800662, 7802797, 662, 2797
4, 3120, 78000662, 78003180, 662, 3180
4, 3121, 78025662, 78027353, 662, 2353
4, 3122, 78050662, 78053934, 662, 3934
4, 3123, 78075662, 78077353, 662, 2353
4, 3124, 78100662, 78102353, 662, 2353
4, 3125, 78125662, 78128464, 662, 3464
4, 3126, 78150662, 78152353, 662, 2353
4, 3127, 78175662, 78177353, 662, 2353
4, 3128, 78200662, 78202353, 662, 2353
4, 3129, 78225662, 78227628, 662, 2628
4, 313, 7825662, 7827353, 662, 2353
4, 3130, 78250662, 78252353, 662, 2353
4, 3131, 78275662, 78277353, 662, 2353
4, 3132, 78300662, 78303383, 662, 3383
4, 3133, 78325662, 78327353, 662, 2353
4, 3134, 78350662, 78352353, 662, 2353
4, 3135, 78375662, 78377353, 662, 2353
4, 3136, 78400662, 78410629, 662, 10629
4, 3137, 78425662, 78427353, 662, 2353
4, 3138, 78450662, 78452353, 662, 2353
4, 3139, 78475662, 78477353, 662, 2353
4, 314, 7850662, 7852359, 662, 2359
4, 3140, 78500662, 78502353, 662, 2353
4, 3141, 78525662, 78527353, 662, 2353
4, 3142, 78550662, 78552353, 662, 2353
4, 3143, 78575662, 78577353, 662, 2353
4, 3144, 78600662, 78602797, 662, 2797
4, 3145, 78625662, 78627353, 662, 2353
4, 3146, 78650662, 78652823, 662, 2823
4, 3147, 78675662, 78677353, 662, 2353
4, 3148, 78700662, 78702353, 662, 2353
4, 3149, 78725662, 78728883, 662, 3883
4, 315, 7875662, 7877353, 662, 2353
4, 3150, 78750662, 78753631, 662, 3631
4, 3151, 78775662, 78777353, 662, 2353
4, 3152, 78800662, 78803131, 662, 3131
4, 3153, 78825662, 78827353, 662, 2353
4, 3154, 78850662, 78852353, 662, 2353
4, 3155, 78875662, 78877353, 662, 2353
4, 3156, 78900662, 78903180, 662, 3180
4, 3157, 78925662, 78927353, 662, 2353
4, 3158, 78950662, 78952353, 662, 2353
4, 3159, 78975662, 78977353, 662, 2353
4, 316, 7900662, 7902353, 662, 2353
4, 3160, 79000662, 79002353, 662, 2353
4, 3161, 79025662, 79027353, 662, 2353
4, 3162, 79050662, 79052353, 662, 2353
4, 3163, 79075662, 79077353, 662, 2353
4, 3164, 79100662, 79103687, 662, 3687
4, 3165, 79125662, 79127353, 662, 2353
4, 3166, 79150662, 79152353, 662, 2353
4, 3167, 79175662, 79177353, 662, 2353
4, 3168, 79200662, 79203180, 662, 3180
4, 3169, 79225662, 79227353, 662, 2353
4, 317, 7925662, 7928025, 662, 3025
4, 3170, 79250662, 79252353, 662, 2353
4, 3171, 79275662, 79277353, 662, 2353
4, 3172, 79300662, 79302353, 662, 2353
4, 3173, 79325662, 79327353, 662, 2353
4, 3174, 79350662, 79352353, 662, 2353
4, 3175, 79375662, 79377353, 662, 2353
4, 3176, 79400662, 79402353, 662, 2353
4, 3177, 79425662, 79427353, 662, 2353
4, 3178, 79450662, 79452823, 662, 2823
4, 3179, 79475662, 79477353, 662, 2353
4, 318, 7950662, 7952353, 662, 2353
4, 3180, 79500662, 79503180, 662, 3180
4, 3181, 79525662, 79527353, 662, 2353
4, 3182, 79550662, 79552353, 662, 2353
4, 3183, 79575662, 79577353, 662, 2353
4, 3184, 79600662, 79602353, 662, 2353
4, 3185, 79625662, 79627353, 662, 2353
4, 3186, 79650662, 79652353, 662, 2353
4, 3187, 79675662, 79677353, 662, 2353
4, 3188, 79700662, 79702353, 662, 2353
4, 3189, 79725662, 79727353, 662, 2353
4, 319, 7975662, 7977353, 662, 2353
4, 3190, 79750662, 79752353, 662, 2353
4, 3191, 79775662, 79777353, 662, 2353
4, 3192, 79800662, 79804174, 662, 4174
4, 3193, 79825662, 79827591, 662, 2591
4, 3194, 79850662, 79852353, 662, 2353
4, 3195, 79875662, 79877628, 662, 2628
4, 3196, 79900662, 79902353, 662, 2353
4, 3197, 79925662, 79927353, 662, 2353
4, 3198, 79950662, 79952353, 662, 2353
4, 3199, 79975662, 79977353, 662, 2353
4, 32, 800662, 803131, 662, 3131
4, 320, 8000662, 8003131, 662, 3131
4, 3200, 80000662, 80003131, 662, 3131
4, 3201, 80025662, 80027353, 662, 2353
4, 3202, 80050662, 80052353, 662, 2353
4, 3203, 80075662, 80077353, 662, 2353
4, 3204, 80100662, 80103180, 662, 3180
4, 3205, 80125662, 80127353, 662, 2353
4, 3206, 80150662, 80152823, 662, 2823
4, 3207, 80175662, 80177353, 662, 2353
4, 3208, 80200662, 80202353, 662, 2353
4, 3209, 80225662, 80227353, 662, 2353
4, 321, 8025662, 8027353, 662, 2353
4, 3210, 80250662, 80252353, 662, 2353
4, 3211, 80275662, 80277353, 662, 2353
4, 3212, 80300662, 80302353, 662, 2353
4, 3213, 80325662, 80328328, 662, 3328
4, 3214, 80350662, 80352353, 662, 2353
4, 3215, 80375662, 80377353, 662, 2353
4, 3216, 80400662, 80403383, 662, 3383
4, 3217, 80425662, 80427353, 662, 2353
4, 3218, 80450662, 80452353, 662, 2353
4, 3219, 80475662, 80477353, 662, 2353
4, 322, 8050662, 8052823, 662, 2823
4, 3220, 80500662, 80505021, 662, 5021
4, 3221, 80525662, 80527353, 662, 2353
4, 3222, 80550662, 80552353, 662, 2353
4, 3223, 80575662, 80577353, 662, 2353
4, 3224, 80600662, 80602353, 662, 2353
4, 3225, 80625662, 80627353, 662, 2353
4, 3226, 80650662, 80652353, 662, 2353
4, 3227, 80675662, 80677353, 662, 2353
4, 3228, 80700662, 80703180, 662, 3180
4, 3229, 80725662, 80727353, 662, 2353
4, 323, 8075662, 8077353, 662, 2353
4, 3230, 80750662, 80752353, 662, 2353
4, 3231, 80775662, 80777353, 662, 2353
4, 3232, 80800662, 80802353, 662, 2353
4, 3233, 80825662, 80827353, 662, 2353
4, 3234, 80850662, 80854909, 662, 4909
4, 3235, 80875662, 80877353, 662, 2353
4, 3236, 80900662, 80902353, 662, 2353
4, 3237, 80925662, 80927353, 662, 2353
4, 3238, 80950662, 80952353, 662, 2353
4, 3239, 80975662, 80977353, 662, 2353
4, 324, 8100662, 8103180, 662, 3180
4, 3240, 81000662, 81002797, 662, 2797
4, 3241, 81025662, 81027353, 662, 2353
4, 3242, 81050662, 81052353, 662, 2353
4, 3243, 81075662, 81077353, 662, 2353
4, 3244, 81100662, 81103058, 662, 3058
4, 3245, 81125662, 81127353, 662, 2353
4, 3246, 81150662, 81152353, 662, 2353
4, 3247, 81175662, 81177353, 662, 2353
4, 3248, 81200662, 81206987, 662, 6987
4, 3249, 81225662, 81227353, 662, 2353
4, 325, 8125662, 8127353, 662, 2353
4, 3250, 81250662, 81252353, 662, 2353
4, 3251, 81275662, 81279095, 662, 4095
4, 3252, 81300662, 81302797, 662, 2797
4, 3253, 81325662, 81327353, 662, 2353
4, 3254, 81350662, 81352353, 662, 2353
4, 3255, 81375662, 81377628, 662, 2628
4, 3256, 81400662, 81402353, 662, 2353
4, 3257, 81425662, 81427353, 662, 2353
4, 3258, 81450662, 81453706, 662, 3706
4, 3259, 81475662, 81477353, 662, 2353
4, 326, 8150662, 8152353, 662, 2353
4, 3260, 81500662, 81502353, 662, 2353
4, 3261, 81525662, 81531779, 662, 6779
4, 3262, 81550662, 81553934, 662, 3934
4, 3263, 81575662, 81577353, 662, 2353
4, 3264, 81600662, 81603619, 662, 3619
4, 3265, 81625662, 81627353, 662, 2353
4, 3266, 81650662, 81652353, 662, 2353
4, 3267, 81675662, 81677353, 662, 2353
4, 3268, 81700662, 81703276, 662, 3276
4, 3269, 81725662, 81727353, 662, 2353
4, 327, 8175662, 8177353, 662, 2353
4, 3270, 81750662, 81752353, 662, 2353
4, 3271, 81775662, 81777353, 662, 2353
4, 3272, 81800662, 81803058, 662, 3058
4, 3273, 81825662, 81827353, 662, 2353
4, 3274, 81850662, 81852353, 662, 2353
4, 3275, 81875662, 81877353, 662, 2353
4, 3276, 81900662, 81904174, 662, 4174
4, 3277, 81925662, 81927353, 662, 2353
4, 3278, 81950662, 81952353, 662, 2353
4, 3279, 81975662, 81977353, 662, 2353
4, 328, 8200662, 8202353, 662, 2353
4, 3280, 82000662, 82002353, 662, 2353
4, 3281, 82025662, 82027353, 662, 2353
4, 3282, 82050662, 82052353, 662, 2353
4, 3283, 82075662, 82077353, 662, 2353
4, 3284, 82100662, 82102353, 662, 2353
4, 3285, 82125662, 82127353, 662, 2353
4, 3286, 82150662, 82152353, 662, 2353
4, 3287, 82175662, 82177353, 662, 2353
4, 3288, 82200662, 82203180, 662, 3180
4, 3289, 82225662, 82227353, 662, 2353
4, 329, 8225662, 8227353, 662, 2353
4, 3290, 82250662, 82252823, 662, 2823
4, 3291, 82275662, 82277353, 662, 2353
4, 3292, 82300662, 82302353, 662, 2353
4, 3293, 82325662, 82329157, 662, 4157
4, 3294, 82350662, 82352353, 662, 2353
4, 3295, 82375662, 82377353, 662, 2353
4, 3296, 82400662, 82402353, 662, 2353
4, 3297, 82425662, 82427353, 662, 2353
4, 3298, 82450662, 82452353, 662, 2353
4, 3299, 82475662, 82477353, 662, 2353
4, 33, 825662, 827353, 662, 2353
4, 330, 8250662, 8252353, 662, 2353
4, 3300, 82500662, 82503113, 662, 3113
4, 3301, 82525662, 82527353, 662, 2353
4, 3302, 82550662, 82552353, 662, 2353
4, 3303, 82575662, 82577353, 662, 2353
4, 3304, 82600662, 82603687, 662, 3687
4, 3305, 82625662, 82627353, 662, 2353
4, 3306, 82650662, 82652353, 662, 2353
4, 3307, 82675662, 82677353, 662, 2353
4, 3308, 82700662, 82702353, 662, 2353
4, 3309, 82725662, 82727628, 662, 2628
4, 331, 8275662, 8277353, 662, 2353
4, 3310, 82750662, 82752353, 662, 2353
4, 3311, 82775662, 82777353, 662, 2353
4, 3312, 82800662, 82803619, 662, 3619
4, 3313, 82825662, 82827353, 662, 2353
4, 3314, 82850662, 82852353, 662, 2353
4, 3315, 82875662, 82877353, 662, 2353
4, 3316, 82900662, 82902353, 662, 2353
4, 3317, 82925662, 82927353, 662, 2353
4, 3318, 82950662, 82953631, 662, 3631
4, 3319, 82975662, 82977353, 662, 2353
4, 332, 8300662, 8302353, 662, 2353
4, 3320, 83000662, 83002353, 662, 2353
4, 3321, 83025662, 83027628, 662, 2628
4, 3322, 83050662, 83052353, 662, 2353
4, 3323, 83075662, 83077353, 662, 2353
4, 3324, 83100662, 83102797, 662, 2797
4, 3325, 83125662, 83127353, 662, 2353
4, 3326, 83150662, 83152353, 662, 2353
4, 3327, 83175662, 83177353, 662, 2353
4, 3328, 83200662, 83203058, 662, 3058
4, 3329, 83225662, 83227353, 662, 2353
4, 333, 8325662, 8327353, 662, 2353
4, 3330, 83250662, 83252353, 662, 2353
4, 3331, 83275662, 83277353, 662, 2353
4, 3332, 83300662, 83305021, 662, 5021
4, 3333, 83325662, 83327353, 662, 2353
4, 3334, 83350662, 83352353, 662, 2353
4, 3335, 83375662, 83377353, 662, 2353
4, 3336, 83400662, 83403180, 662, 3180
4, 3337, 83425662, 83427353, 662, 2353
4, 3338, 83450662, 83452353, 662, 2353
4, 3339, 83475662, 83477628, 662, 2628
4, 334, 8350662, 8352353, 662, 2353
4, 3340, 83500662, 83502353, 662, 2353
4, 3341, 83525662, 83527353, 662, 2353
4, 3342, 83550662, 83552353, 662, 2353
4, 3343, 83575662, 83577353, 662, 2353
4, 3344, 83600662, 83602353, 662, 2353
4, 3345, 83625662, 83627353, 662, 2353
4, 3346, 83650662, 83653934, 662, 3934
4, 3347, 83675662, 83677353, 662, 2353
4, 3348, 83700662, 83702797, 662, 2797
4, 3349, 83725662, 83727353, 662, 2353
4, 335, 8375662, 8377353, 662, 2353
4, 3350, 83750662, 83752353, 662, 2353
4, 3351, 83775662, 83777353, 662, 2353
4, 3352, 83800662, 83802353, 662, 2353
4, 3353, 83825662, 83827353, 662, 2353
4, 3354, 83850662, 83852353, 662, 2353
4, 3355, 83875662, 83877353, 662, 2353
4, 3356, 83900662, 83903058, 662, 3058
4, 3357, 83925662, 83927628, 662, 2628
4, 3358, 83950662, 83952353, 662, 2353
4, 3359, 83975662, 83977353, 662, 2353
4, 336, 8400662, 8406824, 662, 6824
4, 3360, 84000662, 84010629, 662, 10629
4, 3361, 84025662, 84027353, 662, 2353
4, 3362, 84050662, 84052353, 662, 2353
4, 3363, 84075662, 84088048, 662, 13048
4, 3364, 84100662, 84102353, 662, 2353
4, 3365, 84125662, 84127353, 662, 2353
4, 3366, 84150662, 84152353, 662, 2353
4, 3367, 84175662, 84177353, 662, 2353
4, 3368, 84200662, 84202353, 662, 2353
4, 3369, 84225662, 84227353, 662, 2353
4, 337, 8425662, 8427591, 662, 2591
4, 3370, 84250662, 84252353, 662, 2353
4, 3371, 84275662, 84277353, 662, 2353
4, 3372, 84300662, 84302797, 662, 2797
4, 3373, 84325662, 84327353, 662, 2353
4, 3374, 84350662, 84353934, 662, 3934
4, 3375, 84375662, 84377353, 662, 2353
4, 3376, 84400662, 84402353, 662, 2353
4, 3377, 84425662, 84428464, 662, 3464
4, 3378, 84450662, 84452353, 662, 2353
4, 3379, 84475662, 84477353, 662, 2353
4, 338, 8450662, 8452353, 662, 2353
4, 3380, 84500662, 84502353, 662, 2353
4, 3381, 84525662, 84527353, 662, 2353
4, 3382, 84550662, 84552353, 662, 2353
4, 3383, 84575662, 84577353, 662, 2353
4, 3384, 84600662, 84603383, 662, 3383
4, 3385, 84625662, 84627353, 662, 2353
4, 3386, 84650662, 84652353, 662, 2353
4, 3387, 84675662, 84677353, 662, 2353
4, 3388, 84700662, 84703687, 662, 3687
4, 3389, 84725662, 84727353, 662, 2353
4, 339, 8475662, 8477628, 662, 2628
4, 3390, 84750662, 84752353, 662, 2353
4, 3391, 84775662, 84777353, 662, 2353
4, 3392, 84800662, 84802353, 662, 2353
4, 3393, 84825662, 84827353, 662, 2353
4, 3394, 84850662, 84852823, 662, 2823
4, 3395, 84875662, 84877353, 662, 2353
4, 3396, 84900662, 84902797, 662, 2797
4, 3397, 84925662, 84927591, 662, 2591
4, 3398, 84950662, 84952353, 662, 2353
4, 3399, 84975662, 84977353, 662, 2353
4, 34, 850662, 852353, 662, 2353
4, 340, 8500662, 8502353, 662, 2353
4, 3400, 85000662, 85002353, 662, 2353
4, 3401, 85025662, 85027353, 662, 2353
4, 3402, 85050662, 85053631, 662, 3631
4, 3403, 85075662, 85077353, 662, 2353
4, 3404, 85100662, 85102353, 662, 2353
4, 3405, 85125662, 85128324, 662, 3324
4, 3406, 85150662, 85152353, 662, 2353
4, 3407, 85175662, 85177353, 662, 2353
4, 3408, 85200662, 85203619, 662, 3619
4, 3409, 85225662, 85227353, 662, 2353
4, 341, 8525662, 8527353, 662, 2353
4, 3410, 85250662, 85252353, 662, 2353
4, 3411, 85275662, 85277353, 662, 2353
4, 3412, 85300662, 85302353, 662, 2353
4, 3413, 85325662, 85327353, 662, 2353
4, 3414, 85350662, 85352353, 662, 2353
4, 3415, 85375662, 85377353, 662, 2353
4, 3416, 85400662, 85403687, 662, 3687
4, 3417, 85425662, 85427353, 662, 2353
4, 3418, 85450662, 85452353, 662, 2353
4, 3419, 85475662, 85477353, 662, 2353
4, 342, 8550662, 8552353, 662, 2353
4, 3420, 85500662, 85502797, 662, 2797
4, 3421, 85525662, 85530327, 662, 5327
4, 3422, 85550662, 85552353, 662, 2353
4, 3423, 85575662, 85577353, 662, 2353
4, 3424, 85600662, 85603131, 662, 3131
4, 3425, 85625662, 85627353, 662, 2353
4, 3426, 85650662, 85652353, 662, 2353
4, 3427, 85675662, 85677353, 662, 2353
4, 3428, 85700662, 85702353, 662, 2353
4, 3429, 85725662, 85727353, 662, 2353
4, 343, 8575662, 8577353, 662, 2353
4, 3430, 85750662, 85752823, 662, 2823
4, 3431, 85775662, 85777353, 662, 2353
4, 3432, 85800662, 85802797, 662, 2797
4, 3433, 85825662, 85827353, 662, 2353
4, 3434, 85850662, 85852353, 662, 2353
4, 3435, 85875662, 85877353, 662, 2353
4, 3436, 85900662, 85902353, 662, 2353
4, 3437, 85925662, 85927353, 662, 2353
4, 3438, 85950662, 85952353, 662, 2353
4, 3439, 85975662, 85977353, 662, 2353
4, 344, 8600662, 8602353, 662, 2353
4, 3440, 86000662, 86003058, 662, 3058
4, 3441, 86025662, 86027353, 662, 2353
4, 3442, 86050662, 86052353, 662, 2353
4, 3443, 86075662, 86077353, 662, 2353
4, 3444, 86100662, 86104174, 662, 4174
4, 3445, 86125662, 86127353, 662, 2353
4, 3446, 86150662, 86152353, 662, 2353
4, 3447, 86175662, 86177628, 662, 2628
4, 3448, 86200662, 86202353, 662, 2353
4, 3449, 86225662, 86227353, 662, 2353
4, 345, 8625662, 8627353, 662, 2353
4, 3450, 86250662, 86252353, 662, 2353
4, 3451, 86275662, 86277353, 662, 2353
4, 3452, 86300662, 86302353, 662, 2353
4, 3453, 86325662, 86327353, 662, 2353
4, 3454, 86350662, 86352353, 662, 2353
4, 3455, 86375662, 86377353, 662, 2353
4, 3456, 86400662, 86403180, 662, 3180
4, 3457, 86425662, 86427353, 662, 2353
4, 3458, 86450662, 86453934, 662, 3934
4, 3459, 86475662, 86477353, 662, 2353
4, 346, 8650662, 8652353, 662, 2353
4, 3460, 86500662, 86502353, 662, 2353
4, 3461, 86525662, 86527353, 662, 2353
4, 3462, 86550662, 86552353, 662, 2353
4, 3463, 86575662, 86577353, 662, 2353
4, 3464, 86600662, 86602353, 662, 2353
4, 3465, 86625662, 86627628, 662, 2628
4, 3466, 86650662, 86652353, 662, 2353
4, 3467, 86675662, 86677353, 662, 2353
4, 3468, 86700662, 86703383, 662, 3383
4, 3469, 86725662, 86727353, 662, 2353
4, 347, 8675662, 8677353, 662, 2353
4, 3470, 86750662, 86752353, 662, 2353
4, 3471, 86775662, 86777353, 662, 2353
4, 3472, 86800662, 86810629, 662, 10629
4, 3473, 86825662, 86827353, 662, 2353
4, 3474, 86850662, 86852353, 662, 2353
4, 3475, 86875662, 86877353, 662, 2353
4, 3476, 86900662, 86902353, 662, 2353
4, 3477, 86925662, 86927353, 662, 2353
4, 3478, 86950662, 86952353, 662, 2353
4, 3479, 86975662, 86977353, 662, 2353
4, 348, 8700662, 8703180, 662, 3180
4, 3480, 87000662, 87002797, 662, 2797
4, 3481, 87025662, 87027353, 662, 2353
4, 3482, 87050662, 87055119, 662, 5119
4, 3483, 87075662, 87077353, 662, 2353
4, 3484, 87100662, 87102353, 662, 2353
4, 3485, 87125662, 87127353, 662, 2353
4, 3486, 87150662, 87154909, 662, 4909
4, 3487, 87175662, 87177353, 662, 2353
4, 3488, 87200662, 87202353, 662, 2353
4, 3489, 87225662, 87231900, 662, 6900
4, 349, 8725662, 8727353, 662, 2353
4, 3490, 87250662, 87252353, 662, 2353
4, 3491, 87275662, 87277353, 662, 2353
4, 3492, 87300662, 87303180, 662, 3180
4, 3493, 87325662, 87327353, 662, 2353
4, 3494, 87350662, 87352353, 662, 2353
4, 3495, 87375662, 87377353, 662, 2353
4, 3496, 87400662, 87403058, 662, 3058
4, 3497, 87425662, 87427353, 662, 2353
4, 3498, 87450662, 87452353, 662, 2353
4, 3499, 87475662, 87477353, 662, 2353
4, 35, 875662, 877353, 662, 2353
4, 350, 8750662, 8752823, 662, 2823
4, 3500, 87500662, 87503687, 662, 3687
4, 3501, 87525662, 87527353, 662, 2353
4, 3502, 87550662, 87552353, 662, 2353
4, 3503, 87575662, 87577353, 662, 2353
4, 3504, 87600662, 87603180, 662, 3180
4, 3505, 87625662, 87627353, 662, 2353
4, 3506, 87650662, 87653456, 662, 3456
4, 3507, 87675662, 87677353, 662, 2353
4, 3508, 87700662, 87702353, 662, 2353
4, 3509, 87725662, 87727353, 662, 2353
4, 351, 8775662, 8777353, 662, 2353
4, 3510, 87750662, 87752967, 662, 2967
4, 3511, 87775662, 87777353, 662, 2353
4, 3512, 87800662, 87802353, 662, 2353
4, 3513, 87825662, 87827353, 662, 2353
4, 3514, 87850662, 87852823, 662, 2823
4, 3515, 87875662, 87877353, 662, 2353
4, 3516, 87900662, 87903180, 662, 3180
4, 3517, 87925662, 87929047, 662, 4047
4, 3518, 87950662, 87952353, 662, 2353
4, 3519, 87975662, 87977353, 662, 2353
4, 352, 8800662, 8802353, 662, 2353
4, 3520, 88000662, 88003272, 662, 3272
4, 3521, 88025662, 88027353, 662, 2353
4, 3522, 88050662, 88052353, 662, 2353
4, 3523, 88075662, 88077353, 662, 2353
4, 3524, 88100662, 88102353, 662, 2353
4, 3525, 88125662, 88127353, 662, 2353
4, 3526, 88150662, 88152353, 662, 2353
4, 3527, 88175662, 88177353, 662, 2353
4, 3528, 88200662, 88204174, 662, 4174
4, 3529, 88225662, 88227353, 662, 2353
4, 353, 8825662, 8827353, 662, 2353
4, 3530, 88250662, 88252600, 662, 2600
4, 3531, 88275662, 88277628, 662, 2628
4, 3532, 88300662, 88302353, 662, 2353
4, 3533, 88325662, 88327353, 662, 2353
4, 3534, 88350662, 88352353, 662, 2353
4, 3535, 88375662, 88377353, 662, 2353
4, 3536, 88400662, 88403131, 662, 3131
4, 3537, 88425662, 88427353, 662, 2353
4, 3538, 88450662, 88452353, 662, 2353
4, 3539, 88475662, 88477353, 662, 2353
4, 354, 8850662, 8852353, 662, 2353
4, 3540, 88500662, 88503180, 662, 3180
4, 3541, 88525662, 88527353, 662, 2353
4, 3542, 88550662, 88552823, 662, 2823
4, 3543, 88575662, 88577353, 662, 2353
4, 3544, 88600662, 88602353, 662, 2353
4, 3545, 88625662, 88627353, 662, 2353
4, 3546, 88650662, 88652353, 662, 2353
4, 3547, 88675662, 88677353, 662, 2353
4, 3548, 88700662, 88702353, 662, 2353
4, 3549, 88725662, 88727628, 662, 2628
4, 355, 8875662, 8877353, 662, 2353
4, 3550, 88750662, 88752353, 662, 2353
4, 3551, 88775662, 88777353, 662, 2353
4, 3552, 88800662, 88803383, 662, 3383
4, 3553, 88825662, 88827353, 662, 2353
4, 3554, 88850662, 88852353, 662, 2353
4, 3555, 88875662, 88877353, 662, 2353
4, 3556, 88900662, 88903687, 662, 3687
4, 3557, 88925662, 88927353, 662, 2353
4, 3558, 88950662, 88952353, 662, 2353
4, 3559, 88975662, 88977353, 662, 2353
4, 356, 8900662, 8902353, 662, 2353
4, 3560, 89000662, 89002353, 662, 2353
4, 3561, 89025662, 89027353, 662, 2353
4, 3562, 89050662, 89052353, 662, 2353
4, 3563, 89075662, 89077353, 662, 2353
4, 3564, 89100662, 89103180, 662, 3180
4, 3565, 89125662, 89127353, 662, 2353
4, 3566, 89150662, 89152353, 662, 2353
4, 3567, 89175662, 89177353, 662, 2353
4, 3568, 89200662, 89203129, 662, 3129
4, 3569, 89225662, 89227353, 662, 2353
4, 357, 8925662, 8927628, 662, 2628
4, 3570, 89250662, 89254909, 662, 4909
4, 3571, 89275662, 89277353, 662, 2353
4, 3572, 89300662, 89302353, 662, 2353
4, 3573, 89325662, 89327628, 662, 2628
4, 3574, 89350662, 89352353, 662, 2353
4, 3575, 89375662, 89377353, 662, 2353
4, 3576, 89400662, 89402797, 662, 2797
4, 3577, 89425662, 89427353, 662, 2353
4, 3578, 89450662, 89452353, 662, 2353
4, 3579, 89475662, 89477353, 662, 2353
4, 358, 8950662, 8952353, 662, 2353
4, 3580, 89500662, 89502353, 662, 2353
4, 3581, 89525662, 89527353, 662, 2353
4, 3582, 89550662, 89552353, 662, 2353
4, 3583, 89575662, 89577353, 662, 2353
4, 3584, 89600662, 89606987, 662, 6987
4, 3585, 89625662, 89627353, 662, 2353
4, 3586, 89650662, 89652353, 662, 2353
4, 3587, 89675662, 89677353, 662, 2353
4, 3588, 89700662, 89703180, 662, 3180
4, 3589, 89725662, 89727353, 662, 2353
4, 359, 8975662, 8977353, 662, 2353
4, 3590, 89750662, 89752353, 662, 2353
4, 3591, 89775662, 89777628, 662, 2628
4, 3592, 89800662, 89802353, 662, 2353
4, 3593, 89825662, 89827353, 662, 2353
4, 3594, 89850662, 89853004, 662, 3004
4, 3595, 89875662, 89877353, 662, 2353
4, 3596, 89900662, 89902353, 662, 2353
4, 3597, 89925662, 89927353, 662, 2353
4, 3598, 89950662, 89953934, 662, 3934
4, 3599, 89975662, 89977353, 662, 2353
4, 36, 900662, 902797, 662, 2797
4, 360, 9000662, 9003113, 662, 3113
4, 3600, 90000662, 90003180, 662, 3180
4, 3601, 90025662, 90028853, 662, 3853
4, 3602, 90050662, 90052353, 662, 2353
4, 3603, 90075662, 90077353, 662, 2353
4, 3604, 90100662, 90102353, 662, 2353
4, 3605, 90125662, 90127353, 662, 2353
4, 3606, 90150662, 90152353, 662, 2353
4, 3607, 90175662, 90177353, 662, 2353
4, 3608, 90200662, 90203119, 662, 3119
4, 3609, 90225662, 90227353, 662, 2353
4, 361, 9025662, 9027353, 662, 2353
4, 3610, 90250662, 90252353, 662, 2353
4, 3611, 90275662, 90277353, 662, 2353
4, 3612, 90300662, 90306151, 662, 6151
4, 3613, 90325662, 90327353, 662, 2353
4, 3614, 90350662, 90352353, 662, 2353
4, 3615, 90375662, 90377628, 662, 2628
4, 3616, 90400662, 90402353, 662, 2353
4, 3617, 90425662, 90427353, 662, 2353
4, 3618, 90450662, 90452353, 662, 2353
4, 3619, 90475662, 90477353, 662, 2353
4, 362, 9050662, 9052353, 662, 2353
4, 3620, 90500662, 90502353, 662, 2353
4, 3621, 90525662, 90527353, 662, 2353
4, 3622, 90550662, 90552353, 662, 2353
4, 3623, 90575662, 90577353, 662, 2353
4, 3624, 90600662, 90602797, 662, 2797
4, 3625, 90625662, 90627353, 662, 2353
4, 3626, 90650662, 90652823, 662, 2823
4, 3627, 90675662, 90677353, 662, 2353
4, 3628, 90700662, 90702353, 662, 2353
4, 3629, 90725662, 90731088, 662, 6088
4, 363, 9075662, 9077353, 662, 2353
4, 3630, 90750662, 90752353, 662, 2353
4, 3631, 90775662, 90777353, 662, 2353
4, 3632, 90800662, 90803131, 662, 3131
4, 3633, 90825662, 90827353, 662, 2353
4, 3634, 90850662, 90852353, 662, 2353
4, 3635, 90875662, 90877353, 662, 2353
4, 3636, 90900662, 90903383, 662, 3383
4, 3637, 90925662, 90927353, 662, 2353
4, 3638, 90950662, 90952353, 662, 2353
4, 3639, 90975662, 90977353, 662, 2353
4, 364, 9100662, 9105021, 662, 5021
4, 3640, 91000662, 91003687, 662, 3687
4, 3641, 91025662, 91027353, 662, 2353
4, 3642, 91050662, 91053148, 662, 3148
4, 3643, 91075662, 91077353, 662, 2353
4, 3644, 91100662, 91102353, 662, 2353
4, 3645, 91125662, 91127628, 662, 2628
4, 3646, 91150662, 91152353, 662, 2353
4, 3647, 91175662, 91177353, 662, 2353
4, 3648, 91200662, 91203180, 662, 3180
4, 3649, 91225662, 91227353, 662, 2353
4, 365, 9125662, 9127353, 662, 2353
4, 3650, 91250662, 91252353, 662, 2353
4, 3651, 91275662, 91277353, 662, 2353
4, 3652, 91300662, 91302353, 662, 2353
4, 3653, 91325662, 91327353, 662, 2353
4, 3654, 91350662, 91353631, 662, 3631
4, 3655, 91375662, 91377353, 662, 2353
4, 3656, 91400662, 91402353, 662, 2353
4, 3657, 91425662, 91427628, 662, 2628
4, 3658, 91450662, 91452353, 662, 2353
4, 3659, 91475662, 91477353, 662, 2353
4, 366, 9150662, 9152353, 662, 2353
4, 3660, 91500662, 91502797, 662, 2797
4, 3661, 91525662, 91527353, 662, 2353
4, 3662, 91550662, 91552353, 662, 2353
4, 3663, 91575662, 91577353, 662, 2353
4, 3664, 91600662, 91603058, 662, 3058
4, 3665, 91625662, 91627353, 662, 2353
4, 3666, 91650662, 91652353, 662, 2353
4, 3667, 91675662, 91677353, 662, 2353
4, 3668, 91700662, 91703687, 662, 3687
4, 3669, 91725662, 91727353, 662, 2353
4, 367, 9175662, 9177353, 662, 2353
4, 3670, 91750662, 91752353, 662, 2353
4, 3671, 91775662, 91777353, 662, 2353
4, 3672, 91800662, 91803180, 662, 3180
4, 3673, 91825662, 91827353, 662, 2353
4, 3674, 91850662, 91852353, 662, 2353
4, 3675, 91875662, 91877353, 662, 2353
4, 3676, 91900662, 91902353, 662, 2353
4, 3677, 91925662, 91927353, 662, 2353
4, 3678, 91950662, 91952353, 662, 2353
4, 3679, 91975662, 91977353, 662, 2353
4, 368, 9200662, 9203131, 662, 3131
4, 3680, 92000662, 92003131, 662, 3131
4, 3681, 92025662, 92027353, 662, 2353
4, 3682, 92050662, 92052823, 662, 2823
4, 3683, 92075662, 92077353, 662, 2353
4, 3684, 92100662, 92102797, 662, 2797
4, 3685, 92125662, 92127353, 662, 2353
4, 3686, 92150662, 92152353, 662, 2353
4, 3687, 92175662, 92177353, 662, 2353
4, 3688, 92200662, 92202353, 662, 2353
4, 3689, 92225662, 92227353, 662, 2353
4, 369, 9225662, 9227353, 662, 2353
4, 3690, 92250662, 92252353, 662, 2353
4, 3691, 92275662, 92277353, 662, 2353
4, 3692, 92300662, 92302353, 662, 2353
4, 3693, 92325662, 92329910, 662, 4910
4, 3694, 92350662, 92352353, 662, 2353
4, 3695, 92375662, 92377353, 662, 2353
4, 3696, 92400662, 92410629, 662, 10629
4, 3697, 92425662, 92427353, 662, 2353
4, 3698, 92450662, 92452353, 662, 2353
4, 3699, 92475662, 92477628, 662, 2628
4, 37, 925662, 927353, 662, 2353
4, 370, 9250662, 9252353, 662, 2353
4, 3700, 92500662, 92502353, 662, 2353
4, 3701, 92525662, 92527353, 662, 2353
4, 3702, 92550662, 92552353, 662, 2353
4, 3703, 92575662, 92577353, 662, 2353
4, 3704, 92600662, 92602353, 662, 2353
4, 3705, 92625662, 92627353, 662, 2353
4, 3706, 92650662, 92652353, 662, 2353
4, 3707, 92675662, 92677353, 662, 2353
4, 3708, 92700662, 92702797, 662, 2797
4, 3709, 92725662, 92727353, 662, 2353
4, 371, 9275662, 9277353, 662, 2353
4, 3710, 92750662, 92753934, 662, 3934
4, 3711, 92775662, 92777353, 662, 2353
4, 3712, 92800662, 92802353, 662, 2353
4, 3713, 92825662, 92829157, 662, 4157
4, 3714, 92850662, 92852353, 662, 2353
4, 3715, 92875662, 92877353, 662, 2353
4, 3716, 92900662, 92902353, 662, 2353
4, 3717, 92925662, 92927628, 662, 2628
4, 3718, 92950662, 92952353, 662, 2353
4, 3719, 92975662, 92977353, 662, 2353
4, 372, 9300662, 9303180, 662, 3180
4, 3720, 93000662, 93003383, 662, 3383
4, 3721, 93025662, 93027353, 662, 2353
4, 3722, 93050662, 93052353, 662, 2353
4, 3723, 93075662, 93077353, 662, 2353
4, 3724, 93100662, 93105021, 662, 5021
4, 3725, 93125662, 93127353, 662, 2353
4, 3726, 93150662, 93152353, 662, 2353
4, 3727, 93175662, 93180486, 662, 5486
4, 3728, 93200662, 93202353, 662, 2353
4, 3729, 93225662, 93227353, 662, 2353
4, 373, 9325662, 9327353, 662, 2353
4, 3730, 93250662, 93252353, 662, 2353
4, 3731, 93275662, 93277353, 662, 2353
4, 3732, 93300662, 93302797, 662, 2797
4, 3733, 93325662, 93327353, 662, 2353
4, 3734, 93350662, 93352353, 662, 2353
4, 3735, 93375662, 93377353, 662, 2353
4, 3736, 93400662, 93402353, 662, 2353
4, 3737, 93425662, 93427353, 662, 2353
4, 3738, 93450662, 93453631, 662, 3631
4, 3739, 93475662, 93477353, 662, 2353
4, 374, 9350662, 9352353, 662, 2353
4, 3740, 93500662, 93502353, 662, 2353
4, 3741, 93525662, 93536433, 662, 11433
4, 3742, 93550662, 93552353, 662, 2353
4, 3743, 93575662, 93577353, 662, 2353
4, 3744, 93600662, 93603619, 662, 3619
4, 3745, 93625662, 93627353, 662, 2353
4, 3746, 93650662, 93652353, 662, 2353
4, 3747, 93675662, 93677353, 662, 2353
4, 3748, 93700662, 93703058, 662, 3058
4, 3749, 93725662, 93727353, 662, 2353
4, 375, 9375662, 9377353, 662, 2353
4, 3750, 93750662, 93752353, 662, 2353
4, 3751, 93775662, 93777353, 662, 2353
4, 3752, 93800662, 93803687, 662, 3687
4, 3753, 93825662, 93827353, 662, 2353
4, 3754, 93850662, 93852353, 662, 2353
4, 3755, 93875662, 93877353, 662, 2353
4, 3756, 93900662, 93902797, 662, 2797
4, 3757, 93925662, 93927353, 662, 2353
4, 3758, 93950662, 93952732, 662, 2732
4, 3759, 93975662, 93977353, 662, 2353
4, 376, 9400662, 9402353, 662, 2353
4, 3760, 94000662, 94002353, 662, 2353
4, 3761, 94025662, 94027353, 662, 2353
4, 3762, 94050662, 94052353, 662, 2353
4, 3763, 94075662, 94077353, 662, 2353
4, 3764, 94100662, 94102353, 662, 2353
4, 3765, 94125662, 94127353, 662, 2353
4, 3766, 94150662, 94152823, 662, 2823
4, 3767, 94175662, 94177353, 662, 2353
4, 3768, 94200662, 94203180, 662, 3180
4, 3769, 94225662, 94227353, 662, 2353
4, 377, 9425662, 9427353, 662, 2353
4, 3770, 94250662, 94252353, 662, 2353
4, 3771, 94275662, 94277353, 662, 2353
4, 3772, 94300662, 94302353, 662, 2353
4, 3773, 94325662, 94327353, 662, 2353
4, 3774, 94350662, 94352353, 662, 2353
4, 3775, 94375662, 94377353, 662, 2353
4, 3776, 94400662, 94403058, 662, 3058
4, 3777, 94425662, 94427353, 662, 2353
4, 3778, 94450662, 94452353, 662, 2353
4, 3779, 94475662, 94477353, 662, 2353
4, 378, 9450662, 9454909, 662, 4909
4, 3780, 94500662, 94504174, 662, 4174
4, 3781, 94525662, 94527353, 662, 2353
4, 3782, 94550662, 94552353, 662, 2353
4, 3783, 94575662, 94577628, 662, 2628
4, 3784, 94600662, 94602353, 662, 2353
4, 3785, 94625662, 94627353, 662, 2353
4, 3786, 94650662, 94652353, 662, 2353
4, 3787, 94675662, 94677353, 662, 2353
4, 3788, 94700662, 94702353, 662, 2353
4, 3789, 94725662, 94727353, 662, 2353
4, 379, 9475662, 9477353, 662, 2353
4, 3790, 94750662, 94752353, 662, 2353
4, 3791, 94775662, 94777353, 662, 2353
4, 3792, 94800662, 94803619, 662, 3619
4, 3793, 94825662, 94827353, 662, 2353
4, 3794, 94850662, 94852823, 662, 2823
4, 3795, 94875662, 94877353, 662, 2353
4, 3796, 94900662, 94902353, 662, 2353
4, 3797, 94925662, 94927353, 662, 2353
4, 3798, 94950662, 94952353, 662, 2353
4, 3799, 94975662, 94977353, 662, 2353
4, 38, 950662, 953316, 662, 3316
4, 380, 9500662, 9502353, 662, 2353
4, 3800, 95000662, 95002353, 662, 2353
4, 3801, 95025662, 95027353, 662, 2353
4, 3802, 95050662, 95052353, 662, 2353
4, 3803, 95075662, 95077353, 662, 2353
4, 3804, 95100662, 95103113, 662, 3113
4, 3805, 95125662, 95128292, 662, 3292
4, 3806, 95150662, 95152353, 662, 2353
4, 3807, 95175662, 95177353, 662, 2353
4, 3808, 95200662, 95210629, 662, 10629
4, 3809, 95225662, 95227353, 662, 2353
4, 381, 9525662, 9536584, 662, 11584
4, 3810, 95250662, 95252353, 662, 2353
4, 3811, 95275662, 95277353, 662, 2353
4, 3812, 95300662, 95302353, 662, 2353
4, 3813, 95325662, 95327353, 662, 2353
4, 3814, 95350662, 95352353, 662, 2353
4, 3815, 95375662, 95377353, 662, 2353
4, 3816, 95400662, 95403180, 662, 3180
4, 3817, 95425662, 95427353, 662, 2353
4, 3818, 95450662, 95452353, 662, 2353
4, 3819, 95475662, 95477353, 662, 2353
4, 382, 9550662, 9552353, 662, 2353
4, 3820, 95500662, 95502353, 662, 2353
4, 3821, 95525662, 95527353, 662, 2353
4, 3822, 95550662, 95554909, 662, 4909
4, 3823, 95575662, 95577353, 662, 2353
4, 3824, 95600662, 95602353, 662, 2353
4, 3825, 95625662, 95627974, 662, 2974
4, 3826, 95650662, 95652353, 662, 2353
4, 3827, 95675662, 95677353, 662, 2353
4, 3828, 95700662, 95702797, 662, 2797
4, 3829, 95725662, 95727353, 662, 2353
4, 383, 9575662, 9577353, 662, 2353
4, 3830, 95750662, 95752353, 662, 2353
4, 3831, 95775662, 95777353, 662, 2353
4, 3832, 95800662, 95803058, 662, 3058
4, 3833, 95825662, 95827353, 662, 2353
4, 3834, 95850662, 95852353, 662, 2353
4, 3835, 95875662, 95877353, 662, 2353
4, 3836, 95900662, 95905021, 662, 5021
4, 3837, 95925662, 95927353, 662, 2353
4, 3838, 95950662, 95952353, 662, 2353
4, 3839, 95975662, 95979022, 662, 4022
4, 384, 9600662, 9603180, 662, 3180
4, 3840, 96000662, 96003619, 662, 3619
4, 3841, 96025662, 96027353, 662, 2353
4, 3842, 96050662, 96052353, 662, 2353
4, 3843, 96075662, 96077628, 662, 2628
4, 3844, 96100662, 96102353, 662, 2353
4, 3845, 96125662, 96127353, 662, 2353
4, 3846, 96150662, 96153004, 662, 3004
4, 3847, 96175662, 96177353, 662, 2353
4, 3848, 96200662, 96202353, 662, 2353
4, 3849, 96225662, 96227353, 662, 2353
4, 385, 9625662, 9627353, 662, 2353
4, 3850, 96250662, 96253934, 662, 3934
4, 3851, 96275662, 96277353, 662, 2353
4, 3852, 96300662, 96302797, 662, 2797
4, 3853, 96325662, 96330957, 662, 5957
4, 3854, 96350662, 96352353, 662, 2353
4, 3855, 96375662, 96377353, 662, 2353
4, 3856, 96400662, 96403131, 662, 3131
4, 3857, 96425662, 96427353, 662, 2353
4, 3858, 96450662, 96452353, 662, 2353
4, 3859, 96475662, 96477353, 662, 2353
4, 386, 9650662, 9652353, 662, 2353
4, 3860, 96500662, 96503131, 662, 3131
4, 3861, 96525662, 96527353, 662, 2353
4, 3862, 96550662, 96552353, 662, 2353
4, 3863, 96575662, 96577353, 662, 2353
4, 3864, 96600662, 96604174, 662, 4174
4, 3865, 96625662, 96627353, 662, 2353
4, 3866, 96650662, 96652353, 662, 2353
4, 3867, 96675662, 96677628, 662, 2628
4, 3868, 96700662, 96702353, 662, 2353
4, 3869, 96725662, 96727353, 662, 2353
4, 387, 9675662, 9677353, 662, 2353
4, 3870, 96750662, 96752931, 662, 2931
4, 3871, 96775662, 96777353, 662, 2353
4, 3872, 96800662, 96802353, 662, 2353
4, 3873, 96825662, 96827353, 662, 2353
4, 3874, 96850662, 96852353, 662, 2353
4, 3875, 96875662, 96877353, 662, 2353
4, 3876, 96900662, 96903180, 662, 3180
4, 3877, 96925662, 96927353, 662, 2353
4, 3878, 96950662, 96952823, 662, 2823
4, 3879, 96975662, 96977353, 662, 2353
4, 388, 9700662, 9703058, 662, 3058
4, 3880, 97000662, 97002353, 662, 2353
4, 3881, 97025662, 97027353, 662, 2353
4, 3882, 97050662, 97052353, 662, 2353
4, 3883, 97075662, 97077353, 662, 2353
4, 3884, 97100662, 97102353, 662, 2353
4, 3885, 97125662, 97127628, 662, 2628
4, 3886, 97150662, 97152353, 662, 2353
4, 3887, 97175662, 97177353, 662, 2353
4, 3888, 97200662, 97203383, 662, 3383
4, 3889, 97225662, 97227353, 662, 2353
4, 389, 9725662, 9727353, 662, 2353
4, 3890, 97250662, 97252353, 662, 2353
4, 3891, 97275662, 97277353, 662, 2353
4, 3892, 97300662, 97303687, 662, 3687
4, 3893, 97325662, 97327353, 662, 2353
4, 3894, 97350662, 97352353, 662, 2353
4, 3895, 97375662, 97377353, 662, 2353
4, 3896, 97400662, 97402353, 662, 2353
4, 3897, 97425662, 97427353, 662, 2353
4, 3898, 97450662, 97452353, 662, 2353
4, 3899, 97475662, 97477353, 662, 2353
4, 39, 975662, 977353, 662, 2353
4, 390, 9750662, 9752353, 662, 2353
4, 3900, 97500662, 97503180, 662, 3180
4, 3901, 97525662, 97527353, 662, 2353
4, 3902, 97550662, 97552353, 662, 2353
4, 3903, 97575662, 97577353, 662, 2353
4, 3904, 97600662, 97603131, 662, 3131
4, 3905, 97625662, 97627353, 662, 2353
4, 3906, 97650662, 97653631, 662, 3631
4, 3907, 97675662, 97677353, 662, 2353
4, 3908, 97700662, 97702353, 662, 2353
4, 3909, 97725662, 97727628, 662, 2628
4, 391, 9775662, 9777353, 662, 2353
4, 3910, 97750662, 97752353, 662, 2353
4, 3911, 97775662, 97777353, 662, 2353
4, 3912, 97800662, 97802797, 662, 2797
4, 3913, 97825662, 97827353, 662, 2353
4, 3914, 97850662, 97853714, 662, 3714
4, 3915, 97875662, 97877353, 662, 2353
4, 3916, 97900662, 97902353, 662, 2353
4, 3917, 97925662, 97927353, 662, 2353
4, 3918, 97950662, 97952353, 662, 2353
4, 3919, 97975662, 97977353, 662, 2353
4, 392, 9800662, 9805021, 662, 5021
4, 3920, 98000662, 98005021, 662, 5021
4, 3921, 98025662, 98027353, 662, 2353
4, 3922, 98050662, 98052353, 662, 2353
4, 3923, 98075662, 98077353, 662, 2353
4, 3924, 98100662, 98103180, 662, 3180
4, 3925, 98125662, 98127353, 662, 2353
4, 3926, 98150662, 98152353, 662, 2353
4, 3927, 98175662, 98177628, 662, 2628
4, 3928, 98200662, 98202353, 662, 2353
4, 3929, 98225662, 98227353, 662, 2353
4, 393, 9825662, 9827353, 662, 2353
4, 3930, 98250662, 98252353, 662, 2353
4, 3931, 98275662, 98277353, 662, 2353
4, 3932, 98300662, 98302353, 662, 2353
4, 3933, 98325662, 98327353, 662, 2353
4, 3934, 98350662, 98353934, 662, 3934
4, 3935, 98375662, 98377353, 662, 2353
4, 3936, 98400662, 98403180, 662, 3180
4, 3937, 98425662, 98427353, 662, 2353
4, 3938, 98450662, 98452353, 662, 2353
4, 3939, 98475662, 98477353, 662, 2353
4, 394, 9850662, 9852353, 662, 2353
4, 3940, 98500662, 98502353, 662, 2353
4, 3941, 98525662, 98527353, 662, 2353
4, 3942, 98550662, 98552353, 662, 2353
4, 3943, 98575662, 98577353, 662, 2353
4, 3944, 98600662, 98603058, 662, 3058
4, 3945, 98625662, 98627353, 662, 2353
4, 3946, 98650662, 98652353, 662, 2353
4, 3947, 98675662, 98677353, 662, 2353
4, 3948, 98700662, 98706824, 662, 6824
4, 3949, 98725662, 98727353, 662, 2353
4, 395, 9875662, 9879095, 662, 4095
4, 3950, 98750662, 98752353, 662, 2353
4, 3951, 98775662, 98777353, 662, 2353
4, 3952, 98800662, 98803034, 662, 3034
4, 3953, 98825662, 98827353, 662, 2353
4, 3954, 98850662, 98852353, 662, 2353
4, 3955, 98875662, 98877353, 662, 2353
4, 3956, 98900662, 98902353, 662, 2353
4, 3957, 98925662, 98927353, 662, 2353
4, 3958, 98950662, 98952353, 662, 2353
4, 3959, 98975662, 98977353, 662, 2353
4, 396, 9900662, 9902797, 662, 2797
4, 3960, 99000662, 99002797, 662, 2797
4, 3961, 99025662, 99027353, 662, 2353
4, 3962, 99050662, 99053934, 662, 3934
4, 3963, 99075662, 99077353, 662, 2353
4, 3964, 99100662, 99102353, 662, 2353
4, 3965, 99125662, 99138011, 662, 13011
4, 3966, 99150662, 99152353, 662, 2353
4, 3967, 99175662, 99177353, 662, 2353
4, 3968, 99200662, 99203131, 662, 3131
4, 3969, 99225662, 99227628, 662, 2628
4, 397, 9925662, 9927353, 662, 2353
4, 3970, 99250662, 99252353, 662, 2353
4, 3971, 99275662, 99277353, 662, 2353
4, 3972, 99300662, 99303383, 662, 3383
4, 3973, 99325662, 99327353, 662, 2353
4, 3974, 99350662, 99352353, 662, 2353
4, 3975, 99375662, 99377353, 662, 2353
4, 3976, 99400662, 99403687, 662, 3687
4, 3977, 99425662, 99427353, 662, 2353
4, 3978, 99450662, 99452353, 662, 2353
4, 3979, 99475662, 99477353, 662, 2353
4, 398, 9950662, 9952353, 662, 2353
4, 3980, 99500662, 99502353, 662, 2353
4, 3981, 99525662, 99527353, 662, 2353
4, 3982, 99550662, 99552353, 662, 2353
4, 3983, 99575662, 99577353, 662, 2353
4, 3984, 99600662, 99603180, 662, 3180
4, 3985, 99625662, 99627353, 662, 2353
4, 3986, 99650662, 99652353, 662, 2353
4, 3987, 99675662, 99677353, 662, 2353
4, 3988, 99700662, 99702353, 662, 2353
4, 3989, 99725662, 99727353, 662, 2353
4, 399, 9975662, 9977628, 662, 2628
4, 3990, 99750662, 99753631, 662, 3631
4, 3991, 99775662, 99777353, 662, 2353
4, 3992, 99800662, 99802353, 662, 2353
4, 3993, 99825662, 99827628, 662, 2628
4, 3994, 99850662, 99852353, 662, 2353
4, 3995, 99875662, 99877353, 662, 2353
4, 3996, 99900662, 99903180, 662, 3180
4, 3997, 99925662, 99927353, 662, 2353
4, 3998, 99950662, 99952353, 662, 2353
4, 3999, 99975662, 99977353, 662, 2353
4, 4, 100662, 102353, 662, 2353
4, 40, 1000662, 1002353, 662, 2353
4, 400, 10000662, 10002353, 662, 2353
4, 4000, 100000662, 100003058, 662, 3058
4, 4001, 100025662, 100027353, 662, 2353
4, 4002, 100050662, 100052353, 662, 2353
4, 4003, 100075662, 100077353, 662, 2353
4, 4004, 100100662, 100103687, 662, 3687
4, 4005, 100125662, 100127353, 662, 2353
4, 4006, 100150662, 100152353, 662, 2353
4, 4007, 100175662, 100177353, 662, 2353
4, 4008, 100200662, 100202797, 662, 2797
4, 4009, 100225662, 100227591, 662, 2591
4, 401, 10025662, 10027353, 662, 2353
4, 4010, 100250662, 100252359, 662, 2359
4, 4011, 100275662, 100277353, 662, 2353
4, 4012, 100300662, 100302353, 662, 2353
4, 4013, 100325662, 100327479, 662, 2479
4, 4014, 100350662, 100352353, 662, 2353
4, 4015, 100375662, 100377353, 662, 2353
4, 4016, 100400662, 100403131, 662, 3131
4, 4017, 100425662, 100427353, 662, 2353
4, 4018, 100450662, 100452823, 662, 2823
4, 4019, 100475662, 100477353, 662, 2353
4, 402, 10050662, 10053004, 662, 3004
4, 4020, 100500662, 100503180, 662, 3180
4, 4021, 100525662, 100527353, 662, 2353
4, 4022, 100550662, 100552353, 662, 2353
4, 4023, 100575662, 100577353, 662, 2353
4, 4024, 100600662, 100602353, 662, 2353
4, 4025, 100625662, 100627353, 662, 2353
4, 4026, 100650662, 100652353, 662, 2353
4, 4027, 100675662, 100677353, 662, 2353
4, 4028, 100700662, 100702353, 662, 2353
4, 4029, 100725662, 100727628, 662, 2628
4, 403, 10075662, 10077353, 662, 2353
4, 4030, 100750662, 100752353, 662, 2353
4, 4031, 100775662, 100777353, 662, 2353
4, 4032, 100800662, 100806824, 662, 6824
4, 4033, 100825662, 100827353, 662, 2353
4, 4034, 100850662, 100852353, 662, 2353
4, 4035, 100875662, 100877628, 662, 2628
4, 4036, 100900662, 100902353, 662, 2353
4, 4037, 100925662, 100927353, 662, 2353
4, 4038, 100950662, 100952353, 662, 2353
4, 4039, 100975662, 100977353, 662, 2353
4, 404, 10100662, 10102353, 662, 2353
4, 4040, 101000662, 101002353, 662, 2353
4, 4041, 101025662, 101027353, 662, 2353
4, 4042, 101050662, 101052353, 662, 2353
4, 4043, 101075662, 101077353, 662, 2353
4, 4044, 101100662, 101103180, 662, 3180
4, 4045, 101125662, 101127353, 662, 2353
4, 4046, 101150662, 101153934, 662, 3934
4, 4047, 101175662, 101177353, 662, 2353
4, 4048, 101200662, 101202353, 662, 2353
4, 4049, 101225662, 101227353, 662, 2353
4, 405, 10125662, 10127840, 662, 2840
4, 4050, 101250662, 101252353, 662, 2353
4, 4051, 101275662, 101277353, 662, 2353
4, 4052, 101300662, 101302353, 662, 2353
4, 4053, 101325662, 101327628, 662, 2628
4, 4054, 101350662, 101352353, 662, 2353
4, 4055, 101375662, 101377353, 662, 2353
4, 4056, 101400662, 101403113, 662, 3113
4, 4057, 101425662, 101427353, 662, 2353
4, 4058, 101450662, 101452353, 662, 2353
4, 4059, 101475662, 101477353, 662, 2353
4, 406, 10150662, 10153934, 662, 3934
4, 4060, 101500662, 101505021, 662, 5021
4, 4061, 101525662, 101527353, 662, 2353
4, 4062, 101550662, 101552353, 662, 2353
4, 4063, 101575662, 101577353, 662, 2353
4, 4064, 101600662, 101603131, 662, 3131
4, 4065, 101625662, 101627353, 662, 2353
4, 4066, 101650662, 101652353, 662, 2353
4, 4067, 101675662, 101677353, 662, 2353
4, 4068, 101700662, 101702797, 662, 2797
4, 4069, 101725662, 101727353, 662, 2353
4, 407, 10175662, 10177353, 662, 2353
4, 4070, 101750662, 101752353, 662, 2353
4, 4071, 101775662, 101777353, 662, 2353
4, 4072, 101800662, 101802353, 662, 2353
4, 4073, 101825662, 101827353, 662, 2353
4, 4074, 101850662, 101855059, 662, 5059
4, 4075, 101875662, 101877353, 662, 2353
4, 4076, 101900662, 101902353, 662, 2353
4, 4077, 101925662, 101936433, 662, 11433
4, 4078, 101950662, 101952353, 662, 2353
4, 4079, 101975662, 101977353, 662, 2353
4, 408, 10200662, 10203180, 662, 3180
4, 4080, 102000662, 102003619, 662, 3619
4, 4081, 102025662, 102027353, 662, 2353
4, 4082, 102050662, 102052353, 662, 2353
4, 4083, 102075662, 102077353, 662, 2353
4, 4084, 102100662, 102103058, 662, 3058
4, 4085, 102125662, 102127353, 662, 2353
4, 4086, 102150662, 102152353, 662, 2353
4, 4087, 102175662, 102177353, 662, 2353
4, 4088, 102200662, 102205716, 662, 5716
4, 4089, 102225662, 102227353, 662, 2353
4, 409, 10225662, 10227353, 662, 2353
4, 4090, 102250662, 102252353, 662, 2353
4, 4091, 102275662, 102279893, 662, 4893
4, 4092, 102300662, 102302797, 662, 2797
4, 4093, 102325662, 102327353, 662, 2353
4, 4094, 102350662, 102352353, 662, 2353
4, 4095, 102375662, 102377353, 662, 2353
4, 4096, 102400662, 102402353, 662, 2353
4, 4097, 102425662, 102427353, 662, 2353
4, 4098, 102450662, 102453004, 662, 3004
4, 4099, 102475662, 102477353, 662, 2353
4, 41, 1025662, 1027353, 662, 2353
4, 410, 10250662, 10252353, 662, 2353
4, 4100, 102500662, 102502353, 662, 2353
4, 4101, 102525662, 102527353, 662, 2353
4, 4102, 102550662, 102552823, 662, 2823
4, 4103, 102575662, 102577353, 662, 2353
4, 4104, 102600662, 102603180, 662, 3180
4, 4105, 102625662, 102627353, 662, 2353
4, 4106, 102650662, 102652353, 662, 2353
4, 4107, 102675662, 102677353, 662, 2353
4, 4108, 102700662, 102702353, 662, 2353
4, 4109, 102725662, 102727353, 662, 2353
4, 411, 10275662, 10277353, 662, 2353
4, 4110, 102750662, 102752353, 662, 2353
4, 4111, 102775662, 102777353, 662, 2353
4, 4112, 102800662, 102803058, 662, 3058
4, 4113, 102825662, 102827353, 662, 2353
4, 4114, 102850662, 102852353, 662, 2353
4, 4115, 102875662, 102877353, 662, 2353
4, 4116, 102900662, 102904174, 662, 4174
4, 4117, 102925662, 102927353, 662, 2353
4, 4118, 102950662, 102952353, 662, 2353
4, 4119, 102975662, 102977353, 662, 2353
4, 412, 10300662, 10302353, 662, 2353
4, 4120, 103000662, 103002353, 662, 2353
4, 4121, 103025662, 103027353, 662, 2353
4, 4122, 103050662, 103052353, 662, 2353
4, 4123, 103075662, 103077353, 662, 2353
4, 4124, 103100662, 103102353, 662, 2353
4, 4125, 103125662, 103129433, 662, 4433
4, 4126, 103150662, 103152353, 662, 2353
4, 4127, 103175662, 103177353, 662, 2353
4, 4128, 103200662, 103203619, 662, 3619
4, 4129, 103225662, 103227353, 662, 2353
4, 413, 10325662, 10327353, 662, 2353
4, 4130, 103250662, 103252823, 662, 2823
4, 4131, 103275662, 103277353, 662, 2353
4, 4132, 103300662, 103302353, 662, 2353
4, 4133, 103325662, 103327353, 662, 2353
4, 4134, 103350662, 103352353, 662, 2353
4, 4135, 103375662, 103377353, 662, 2353
4, 4136, 103400662, 103402353, 662, 2353
4, 4137, 103425662, 103427353, 662, 2353
4, 4138, 103450662, 103452353, 662, 2353
4, 4139, 103475662, 103477353, 662, 2353
4, 414, 10350662, 10352353, 662, 2353
4, 4140, 103500662, 103503113, 662, 3113
4, 4141, 103525662, 103527353, 662, 2353
4, 4142, 103550662, 103552353, 662, 2353
4, 4143, 103575662, 103577353, 662, 2353
4, 4144, 103600662, 103605021, 662, 5021
4, 4145, 103625662, 103627353, 662, 2353
4, 4146, 103650662, 103652353, 662, 2353
4, 4147, 103675662, 103677353, 662, 2353
4, 4148, 103700662, 103702353, 662, 2353
4, 4149, 103725662, 103727353, 662, 2353
4, 415, 10375662, 10377353, 662, 2353
4, 4150, 103750662, 103752353, 662, 2353
4, 4151, 103775662, 103777353, 662, 2353
4, 4152, 103800662, 103803180, 662, 3180
4, 4153, 103825662, 103827353, 662, 2353
4, 4154, 103850662, 103852353, 662, 2353
4, 4155, 103875662, 103877353, 662, 2353
4, 4156, 103900662, 103902353, 662, 2353
4, 4157, 103925662, 103927353, 662, 2353
4, 4158, 103950662, 103953631, 662, 3631
4, 4159, 103975662, 103977353, 662, 2353
4, 416, 10400662, 10403411, 662, 3411
4, 4160, 104000662, 104002353, 662, 2353
4, 4161, 104025662, 104027628, 662, 2628
4, 4162, 104050662, 104052353, 662, 2353
4, 4163, 104075662, 104077353, 662, 2353
4, 4164, 104100662, 104102797, 662, 2797
4, 4165, 104125662, 104127353, 662, 2353
4, 4166, 104150662, 104152353, 662, 2353
4, 4167, 104175662, 104177353, 662, 2353
4, 4168, 104200662, 104202353, 662, 2353
4, 4169, 104225662, 104227353, 662, 2353
4, 417, 10425662, 10427353, 662, 2353
4, 4170, 104250662, 104252353, 662, 2353
4, 4171, 104275662, 104277353, 662, 2353
4, 4172, 104300662, 104305021, 662, 5021
4, 4173, 104325662, 104327628, 662, 2628
4, 4174, 104350662, 104352353, 662, 2353
4, 4175, 104375662, 104377353, 662, 2353
4, 4176, 104400662, 104403619, 662, 3619
4, 4177, 104425662, 104427353, 662, 2353
4, 4178, 104450662, 104452353, 662, 2353
4, 4179, 104475662, 104477628, 662, 2628
4, 418, 10450662, 10452353, 662, 2353
4, 4180, 104500662, 104502353, 662, 2353
4, 4181, 104525662, 104527353, 662, 2353
4, 4182, 104550662, 104553004, 662, 3004
4, 4183, 104575662, 104577353, 662, 2353
4, 4184, 104600662, 104602353, 662, 2353
4, 4185, 104625662, 104627353, 662, 2353
4, 4186, 104650662, 104653934, 662, 3934
4, 4187, 104675662, 104677353, 662, 2353
4, 4188, 104700662, 104702797, 662, 2797
4, 4189, 104725662, 104730957, 662, 5957
4, 419, 10475662, 10477353, 662, 2353
4, 4190, 104750662, 104752353, 662, 2353
4, 4191, 104775662, 104777353, 662, 2353
4, 4192, 104800662, 104802353, 662, 2353
4, 4193, 104825662, 104827353, 662, 2353
4, 4194, 104850662, 104852353, 662, 2353
4, 4195, 104875662, 104877353, 662, 2353
4, 4196, 104900662, 104906985, 662, 6985
4, 4197, 104925662, 104927353, 662, 2353
4, 4198, 104950662, 104952353, 662, 2353
4, 4199, 104975662, 104977353, 662, 2353
4, 42, 1050662, 1054384, 662, 4384
4, 420, 10500662, 10504174, 662, 4174
4, 4200, 105000662, 105006824, 662, 6824
4, 4201, 105025662, 105027353, 662, 2353
4, 4202, 105050662, 105052353, 662, 2353
4, 4203, 105075662, 105077628, 662, 2628
4, 4204, 105100662, 105102353, 662, 2353
4, 4205, 105125662, 105127353, 662, 2353
4, 4206, 105150662, 105152353, 662, 2353
4, 4207, 105175662, 105177353, 662, 2353
4, 4208, 105200662, 105202353, 662, 2353
4, 4209, 105225662, 105227353, 662, 2353
4, 421, 10525662, 10527353, 662, 2353
4, 4210, 105250662, 105252353, 662, 2353
4, 4211, 105275662, 105277353, 662, 2353
4, 4212, 105300662, 105302797, 662, 2797
4, 4213, 105325662, 105327353, 662, 2353
4, 4214, 105350662, 105352965, 662, 2965
4, 4215, 105375662, 105377353, 662, 2353
4, 4216, 105400662, 105402353, 662, 2353
4, 4217, 105425662, 105428464, 662, 3464
4, 4218, 105450662, 105452353, 662, 2353
4, 4219, 105475662, 105477353, 662, 2353
4, 422, 10550662, 10552353, 662, 2353
4, 4220, 105500662, 105504649, 662, 4649
4, 4221, 105525662, 105527628, 662, 2628
4, 4222, 105550662, 105552353, 662, 2353
4, 4223, 105575662, 105577353, 662, 2353
4, 4224, 105600662, 105603899, 662, 3899
4, 4225, 105625662, 105627353, 662, 2353
4, 4226, 105650662, 105652353, 662, 2353
4, 4227, 105675662, 105677353, 662, 2353
4, 4228, 105700662, 105703687, 662, 3687
4, 4229, 105725662, 105727353, 662, 2353
4, 423, 10575662, 10577556, 662, 2556
4, 4230, 105750662, 105752353, 662, 2353
4, 4231, 105775662, 105777353, 662, 2353
4, 4232, 105800662, 105802353, 662, 2353
4, 4233, 105825662, 105827353, 662, 2353
4, 4234, 105850662, 105852353, 662, 2353
4, 4235, 105875662, 105877353, 662, 2353
4, 4236, 105900662, 105902797, 662, 2797
4, 4237, 105925662, 105929291, 662, 4291
4, 4238, 105950662, 105952353, 662, 2353
4, 4239, 105975662, 105977353, 662, 2353
4, 424, 10600662, 10602353, 662, 2353
4, 4240, 106000662, 106003131, 662, 3131
4, 4241, 106025662, 106027353, 662, 2353
4, 4242, 106050662, 106053631, 662, 3631
4, 4243, 106075662, 106077353, 662, 2353
4, 4244, 106100662, 106102353, 662, 2353
4, 4245, 106125662, 106127628, 662, 2628
4, 4246, 106150662, 106152353, 662, 2353
4, 4247, 106175662, 106177353, 662, 2353
4, 4248, 106200662, 106202797, 662, 2797
4, 4249, 106225662, 106227353, 662, 2353
4, 425, 10625662, 10627353, 662, 2353
4, 4250, 106250662, 106252353, 662, 2353
4, 4251, 106275662, 106277353, 662, 2353
4, 4252, 106300662, 106302353, 662, 2353
4, 4253, 106325662, 106327353, 662, 2353
4, 4254, 106350662, 106352353, 662, 2353
4, 4255, 106375662, 106377353, 662, 2353
4, 4256, 106400662, 106405021, 662, 5021
4, 4257, 106425662, 106427353, 662, 2353
4, 4258, 106450662, 106452353, 662, 2353
4, 4259, 106475662, 106477353, 662, 2353
4, 426, 10650662, 10653310, 662, 3310
4, 4260, 106500662, 106502797, 662, 2797
4, 4261, 106525662, 106527353, 662, 2353
4, 4262, 106550662, 106552353, 662, 2353
4, 4263, 106575662, 106577353, 662, 2353
4, 4264, 106600662, 106602353, 662, 2353
4, 4265, 106625662, 106627353, 662, 2353
4, 4266, 106650662, 106652353, 662, 2353
4, 4267, 106675662, 106677353, 662, 2353
4, 4268, 106700662, 106702353, 662, 2353
4, 4269, 106725662, 106727353, 662, 2353
4, 427, 10675662, 10677353, 662, 2353
4, 4270, 106750662, 106752823, 662, 2823
4, 4271, 106775662, 106777353, 662, 2353
4, 4272, 106800662, 106803180, 662, 3180
4, 4273, 106825662, 106827353, 662, 2353
4, 4274, 106850662, 106852353, 662, 2353
4, 4275, 106875662, 106877353, 662, 2353
4, 4276, 106900662, 106902353, 662, 2353
4, 4277, 106925662, 106927353, 662, 2353
4, 4278, 106950662, 106952353, 662, 2353
4, 4279, 106975662, 106977353, 662, 2353
4, 428, 10700662, 10702353, 662, 2353
4, 4280, 107000662, 107002353, 662, 2353
4, 4281, 107025662, 107027353, 662, 2353
4, 4282, 107050662, 107052353, 662, 2353
4, 4283, 107075662, 107077353, 662, 2353
4, 4284, 107100662, 107106824, 662, 6824
4, 4285, 107125662, 107127353, 662, 2353
4, 4286, 107150662, 107152353, 662, 2353
4, 4287, 107175662, 107177628, 662, 2628
4, 4288, 107200662, 107203131, 662, 3131
4, 4289, 107225662, 107227353, 662, 2353
4, 429, 10725662, 10727628, 662, 2628
4, 4290, 107250662, 107252353, 662, 2353
4, 4291, 107275662, 107277353, 662, 2353
4, 4292, 107300662, 107302353, 662, 2353
4, 4293, 107325662, 107327353, 662, 2353
4, 4294, 107350662, 107352353, 662, 2353
4, 4295, 107375662, 107377353, 662, 2353
4, 4296, 107400662, 107402797, 662, 2797
4, 4297, 107425662, 107427353, 662, 2353
4, 4298, 107450662, 107453934, 662, 3934
4, 4299, 107475662, 107477353, 662, 2353
4, 43, 1075662, 1077353, 662, 2353
4, 430, 10750662, 10752353, 662, 2353
4, 4300, 107500662, 107502353, 662, 2353
4, 4301, 107525662, 107529996, 662, 4996
4, 4302, 107550662, 107552353, 662, 2353
4, 4303, 107575662, 107577353, 662, 2353
4, 4304, 107600662, 107602353, 662, 2353
4, 4305, 107625662, 107627628, 662, 2628
4, 4306, 107650662, 107652353, 662, 2353
4, 4307, 107675662, 107677353, 662, 2353
4, 4308, 107700662, 107703383, 662, 3383
4, 4309, 107725662, 107727353, 662, 2353
4, 431, 10775662, 10777353, 662, 2353
4, 4310, 107750662, 107752353, 662, 2353
4, 4311, 107775662, 107777353, 662, 2353
4, 4312, 107800662, 107805021, 662, 5021
4, 4313, 107825662, 107827353, 662, 2353
4, 4314, 107850662, 107852353, 662, 2353
4, 4315, 107875662, 107878853, 662, 3853
4, 4316, 107900662, 107902353, 662, 2353
4, 4317, 107925662, 107927353, 662, 2353
4, 4318, 107950662, 107952353, 662, 2353
4, 4319, 107975662, 107977353, 662, 2353
4, 432, 10800662, 10803619, 662, 3619
4, 4320, 108000662, 108003180, 662, 3180
4, 4321, 108025662, 108027353, 662, 2353
4, 4322, 108050662, 108053316, 662, 3316
4, 4323, 108075662, 108077353, 662, 2353
4, 4324, 108100662, 108102353, 662, 2353
4, 4325, 108125662, 108127353, 662, 2353
4, 4326, 108150662, 108154384, 662, 4384
4, 4327, 108175662, 108177353, 662, 2353
4, 4328, 108200662, 108202353, 662, 2353
4, 4329, 108225662, 108227628, 662, 2628
4, 433, 10825662, 10827353, 662, 2353
4, 4330, 108250662, 108252353, 662, 2353
4, 4331, 108275662, 108277353, 662, 2353
4, 4332, 108300662, 108303180, 662, 3180
4, 4333, 108325662, 108327353, 662, 2353
4, 4334, 108350662, 108352353, 662, 2353
4, 4335, 108375662, 108377353, 662, 2353
4, 4336, 108400662, 108403411, 662, 3411
4, 4337, 108425662, 108427353, 662, 2353
4, 4338, 108450662, 108452353, 662, 2353
4, 4339, 108475662, 108477353, 662, 2353
4, 434, 10850662, 10852823, 662, 2823
4, 4340, 108500662, 108503687, 662, 3687
4, 4341, 108525662, 108527353, 662, 2353
4, 4342, 108550662, 108552353, 662, 2353
4, 4343, 108575662, 108577353, 662, 2353
4, 4344, 108600662, 108602797, 662, 2797
4, 4345, 108625662, 108627353, 662, 2353
4, 4346, 108650662, 108652359, 662, 2359
4, 4347, 108675662, 108677353, 662, 2353
4, 4348, 108700662, 108702353, 662, 2353
4, 4349, 108725662, 108727353, 662, 2353
4, 435, 10875662, 10877353, 662, 2353
4, 4350, 108750662, 108752792, 662, 2792
4, 4351, 108775662, 108777353, 662, 2353
4, 4352, 108800662, 108803131, 662, 3131
4, 4353, 108825662, 108827353, 662, 2353
4, 4354, 108850662, 108852823, 662, 2823
4, 4355, 108875662, 108877353, 662, 2353
4, 4356, 108900662, 108903180, 662, 3180
4, 4357, 108925662, 108927353, 662, 2353
4, 4358, 108950662, 108952353, 662, 2353
4, 4359, 108975662, 108977353, 662, 2353
4, 436, 10900662, 10902353, 662, 2353
4, 4360, 109000662, 109002353, 662, 2353
4, 4361, 109025662, 109027353, 662, 2353
4, 4362, 109050662, 109052353, 662, 2353
4, 4363, 109075662, 109077353, 662, 2353
4, 4364, 109100662, 109102353, 662, 2353
4, 4365, 109125662, 109127353, 662, 2353
4, 4366, 109150662, 109152353, 662, 2353
4, 4367, 109175662, 109177353, 662, 2353
4, 4368, 109200662, 109206824, 662, 6824
4, 4369, 109225662, 109227353, 662, 2353
4, 437, 10925662, 10927353, 662, 2353
4, 4370, 109250662, 109252353, 662, 2353
4, 4371, 109275662, 109277628, 662, 2628
4, 4372, 109300662, 109302353, 662, 2353
4, 4373, 109325662, 109327353, 662, 2353
4, 4374, 109350662, 109352353, 662, 2353
4, 4375, 109375662, 109377353, 662, 2353
4, 4376, 109400662, 109402353, 662, 2353
4, 4377, 109425662, 109427353, 662, 2353
4, 4378, 109450662, 109452353, 662, 2353
4, 4379, 109475662, 109477353, 662, 2353
4, 438, 10950662, 10952353, 662, 2353
4, 4380, 109500662, 109503180, 662, 3180
4, 4381, 109525662, 109527353, 662, 2353
4, 4382, 109550662, 109552823, 662, 2823
4, 4383, 109575662, 109577353, 662, 2353
4, 4384, 109600662, 109602353, 662, 2353
4, 4385, 109625662, 109627353, 662, 2353
4, 4386, 109650662, 109652353, 662, 2353
4, 4387, 109675662, 109677353, 662, 2353
4, 4388, 109700662, 109702353, 662, 2353
4, 4389, 109725662, 109727353, 662, 2353
4, 439, 10975662, 10977353, 662, 2353
4, 4390, 109750662, 109752353, 662, 2353
4, 4391, 109775662, 109777353, 662, 2353
4, 4392, 109800662, 109803113, 662, 3113
4, 4393, 109825662, 109827353, 662, 2353
4, 4394, 109850662, 109852353, 662, 2353
4, 4395, 109875662, 109877353, 662, 2353
4, 4396, 109900662, 109903687, 662, 3687
4, 4397, 109925662, 109927353, 662, 2353
4, 4398, 109950662, 109952353, 662, 2353
4, 4399, 109975662, 109977353, 662, 2353
4, 44, 1100662, 1102353, 662, 2353
4, 440, 11000662, 11002353, 662, 2353
4, 4400, 110000662, 110003131, 662, 3131
4, 4401, 110025662, 110027353, 662, 2353
4, 4402, 110050662, 110052353, 662, 2353
4, 4403, 110075662, 110077353, 662, 2353
4, 4404, 110100662, 110103180, 662, 3180
4, 4405, 110125662, 110127353, 662, 2353
4, 4406, 110150662, 110152353, 662, 2353
4, 4407, 110175662, 110177353, 662, 2353
4, 4408, 110200662, 110202353, 662, 2353
4, 4409, 110225662, 110227353, 662, 2353
4, 441, 11025662, 11027353, 662, 2353
4, 4410, 110250662, 110254909, 662, 4909
4, 4411, 110275662, 110277353, 662, 2353
4, 4412, 110300662, 110302353, 662, 2353
4, 4413, 110325662, 110328324, 662, 3324
4, 4414, 110350662, 110352353, 662, 2353
4, 4415, 110375662, 110377353, 662, 2353
4, 4416, 110400662, 110403180, 662, 3180
4, 4417, 110425662, 110429300, 662, 4300
4, 4418, 110450662, 110452353, 662, 2353
4, 4419, 110475662, 110477353, 662, 2353
4, 442, 11050662, 11052353, 662, 2353
4, 4420, 110500662, 110503058, 662, 3058
4, 4421, 110525662, 110527353, 662, 2353
4, 4422, 110550662, 110552353, 662, 2353
4, 4423, 110575662, 110577353, 662, 2353
4, 4424, 110600662, 110605021, 662, 5021
4, 4425, 110625662, 110627353, 662, 2353
4, 4426, 110650662, 110652353, 662, 2353
4, 4427, 110675662, 110677353, 662, 2353
4, 4428, 110700662, 110702797, 662, 2797
4, 4429, 110725662, 110727353, 662, 2353
4, 443, 11075662, 11077353, 662, 2353
4, 4430, 110750662, 110752353, 662, 2353
4, 4431, 110775662, 110777628, 662, 2628
4, 4432, 110800662, 110802353, 662, 2353
4, 4433, 110825662, 110827353, 662, 2353
4, 4434, 110850662, 110853004, 662, 3004
4, 4435, 110875662, 110877353, 662, 2353
4, 4436, 110900662, 110902353, 662, 2353
4, 4437, 110925662, 110927353, 662, 2353
4, 4438, 110950662, 110953934, 662, 3934
4, 4439, 110975662, 110977353, 662, 2353
4, 444, 11100662, 11103113, 662, 3113
4, 4440, 111000662, 111002797, 662, 2797
4, 4441, 111025662, 111030486, 662, 5486
4, 4442, 111050662, 111052353, 662, 2353
4, 4443, 111075662, 111077353, 662, 2353
4, 4444, 111100662, 111102353, 662, 2353
4, 4445, 111125662, 111127353, 662, 2353
4, 4446, 111150662, 111152353, 662, 2353
4, 4447, 111175662, 111177353, 662, 2353
4, 4448, 111200662, 111203411, 662, 3411
4, 4449, 111225662, 111227353, 662, 2353
4, 445, 11125662, 11127353, 662, 2353
4, 4450, 111250662, 111252353, 662, 2353
4, 4451, 111275662, 111277353, 662, 2353
4, 4452, 111300662, 111306224, 662, 6224
4, 4453, 111325662, 111327353, 662, 2353
4, 4454, 111350662, 111352353, 662, 2353
4, 4455, 111375662, 111378271, 662, 3271
4, 4456, 111400662, 111402353, 662, 2353
4, 4457, 111425662, 111427353, 662, 2353
4, 4458, 111450662, 111453050, 662, 3050
4, 4459, 111475662, 111477353, 662, 2353
4, 446, 11150662, 11152353, 662, 2353
4, 4460, 111500662, 111502353, 662, 2353
4, 4461, 111525662, 111527628, 662, 2628
4, 4462, 111550662, 111552353, 662, 2353
4, 4463, 111575662, 111577353, 662, 2353
4, 4464, 111600662, 111603180, 662, 3180
4, 4465, 111625662, 111627353, 662, 2353
4, 4466, 111650662, 111652823, 662, 2823
4, 4467, 111675662, 111677353, 662, 2353
4, 4468, 111700662, 111702353, 662, 2353
4, 4469, 111725662, 111727353, 662, 2353
4, 447, 11175662, 11177353, 662, 2353
4, 4470, 111750662, 111752353, 662, 2353
4, 4471, 111775662, 111777353, 662, 2353
4, 4472, 111800662, 111803035, 662, 3035
4, 4473, 111825662, 111827353, 662, 2353
4, 4474, 111850662, 111852353, 662, 2353
4, 4475, 111875662, 111877353, 662, 2353
4, 4476, 111900662, 111903113, 662, 3113
4, 4477, 111925662, 111927353, 662, 2353
4, 4478, 111950662, 111952353, 662, 2353
4, 4479, 111975662, 111977353, 662, 2353
4, 448, 11200662, 11205021, 662, 5021
4, 4480, 112000662, 112005021, 662, 5021
4, 4481, 112025662, 112027353, 662, 2353
4, 4482, 112050662, 112052353, 662, 2353
4, 4483, 112075662, 112077353, 662, 2353
4, 4484, 112100662, 112102353, 662, 2353
4, 4485, 112125662, 112127353, 662, 2353
4, 4486, 112150662, 112152353, 662, 2353
4, 4487, 112175662, 112177353, 662, 2353
4, 4488, 112200662, 112203180, 662, 3180
4, 4489, 112225662, 112227353, 662, 2353
4, 449, 11225662, 11227353, 662, 2353
4, 4490, 112250662, 112252353, 662, 2353
4, 4491, 112275662, 112277353, 662, 2353
4, 4492, 112300662, 112302353, 662, 2353
4, 4493, 112325662, 112327353, 662, 2353
4, 4494, 112350662, 112353631, 662, 3631
4, 4495, 112375662, 112377353, 662, 2353
4, 4496, 112400662, 112403131, 662, 3131
4, 4497, 112425662, 112427628, 662, 2628
4, 4498, 112450662, 112452353, 662, 2353
4, 4499, 112475662, 112477353, 662, 2353
4, 45, 1125662, 1136433, 662, 11433
4, 450, 11250662, 11252353, 662, 2353
4, 4500, 112500662, 112502797, 662, 2797
4, 4501, 112525662, 112527353, 662, 2353
4, 4502, 112550662, 112552353, 662, 2353
4, 4503, 112575662, 112577353, 662, 2353
4, 4504, 112600662, 112602353, 662, 2353
4, 4505, 112625662, 112627353, 662, 2353
4, 4506, 112650662, 112652353, 662, 2353
4, 4507, 112675662, 112677353, 662, 2353
4, 4508, 112700662, 112703687, 662, 3687
4, 4509, 112725662, 112729910, 662, 4910
4, 451, 11275662, 11277353, 662, 2353
4, 4510, 112750662, 112752353, 662, 2353
4, 4511, 112775662, 112777353, 662, 2353
4, 4512, 112800662, 112803619, 662, 3619
4, 4513, 112825662, 112827353, 662, 2353
4, 4514, 112850662, 112852353, 662, 2353
4, 4515, 112875662, 112877353, 662, 2353
4, 4516, 112900662, 112902353, 662, 2353
4, 4517, 112925662, 112927353, 662, 2353
4, 4518, 112950662, 112952353, 662, 2353
4, 4519, 112975662, 112977353, 662, 2353
4, 452, 11300662, 11302353, 662, 2353
4, 4520, 113000662, 113002353, 662, 2353
4, 4521, 113025662, 113027353, 662, 2353
4, 4522, 113050662, 113053934, 662, 3934
4, 4523, 113075662, 113077353, 662, 2353
4, 4524, 113100662, 113102797, 662, 2797
4, 4525, 113125662, 113127353, 662, 2353
4, 4526, 113150662, 113152353, 662, 2353
4, 4527, 113175662, 113177353, 662, 2353
4, 4528, 113200662, 113202353, 662, 2353
4, 4529, 113225662, 113227353, 662, 2353
4, 453, 11325662, 11327353, 662, 2353
4, 4530, 113250662, 113252353, 662, 2353
4, 4531, 113275662, 113277353, 662, 2353
4, 4532, 113300662, 113302353, 662, 2353
4, 4533, 113325662, 113327353, 662, 2353
4, 4534, 113350662, 113352353, 662, 2353
4, 4535, 113375662, 113377353, 662, 2353
4, 4536, 113400662, 113406824, 662, 6824
4, 4537, 113425662, 113427353, 662, 2353
4, 4538, 113450662, 113452353, 662, 2353
4, 4539, 113475662, 113477974, 662, 2974
4, 454, 11350662, 11352353, 662, 2353
4, 4540, 113500662, 113502353, 662, 2353
4, 4541, 113525662, 113527353, 662, 2353
4, 4542, 113550662, 113552353, 662, 2353
4, 4543, 113575662, 113577353, 662, 2353
4, 4544, 113600662, 113602353, 662, 2353
4, 4545, 113625662, 113627353, 662, 2353
4, 4546, 113650662, 113652353, 662, 2353
4, 4547, 113675662, 113677353, 662, 2353
4, 4548, 113700662, 113702797, 662, 2797
4, 4549, 113725662, 113727353, 662, 2353
4, 455, 11375662, 11377353, 662, 2353
4, 4550, 113750662, 113753934, 662, 3934
4, 4551, 113775662, 113777353, 662, 2353
4, 4552, 113800662, 113802353, 662, 2353
4, 4553, 113825662, 113828464, 662, 3464
4, 4554, 113850662, 113852353, 662, 2353
4, 4555, 113875662, 113877353, 662, 2353
4, 4556, 113900662, 113902353, 662, 2353
4, 4557, 113925662, 113928328, 662, 3328
4, 4558, 113950662, 113952353, 662, 2353
4, 4559, 113975662, 113977353, 662, 2353
4, 456, 11400662, 11403180, 662, 3180
4, 4560, 114000662, 114003899, 662, 3899
4, 4561, 114025662, 114027353, 662, 2353
4, 4562, 114050662, 114052353, 662, 2353
4, 4563, 114075662, 114077353, 662, 2353
4, 4564, 114100662, 114105021, 662, 5021
4, 4565, 114125662, 114127353, 662, 2353
4, 4566, 114150662, 114152353, 662, 2353
4, 4567, 114175662, 114179361, 662, 4361
4, 4568, 114200662, 114202353, 662, 2353
4, 4569, 114225662, 114227353, 662, 2353
4, 457, 11425662, 11427353, 662, 2353
4, 4570, 114250662, 114252353, 662, 2353
4, 4571, 114275662, 114277353, 662, 2353
4, 4572, 114300662, 114302797, 662, 2797
4, 4573, 114325662, 114327353, 662, 2353
4, 4574, 114350662, 114352353, 662, 2353
4, 4575, 114375662, 114377353, 662, 2353
4, 4576, 114400662, 114402353, 662, 2353
4, 4577, 114425662, 114427353, 662, 2353
4, 4578, 114450662, 114453631, 662, 3631
4, 4579, 114475662, 114477353, 662, 2353
4, 458, 11450662, 11452353, 662, 2353
4, 4580, 114500662, 114502353, 662, 2353
4, 4581, 114525662, 114527598, 662, 2598
4, 4582, 114550662, 114552353, 662, 2353
4, 4583, 114575662, 114577353, 662, 2353
4, 4584, 114600662, 114603310, 662, 3310
4, 4585, 114625662, 114627353, 662, 2353
4, 4586, 114650662, 114652353, 662, 2353
4, 4587, 114675662, 114677353, 662, 2353
4, 4588, 114700662, 114702353, 662, 2353
4, 4589, 114725662, 114727353, 662, 2353
4, 459, 11475662, 11477353, 662, 2353
4, 4590, 114750662, 114752353, 662, 2353
4, 4591, 114775662, 114777353, 662, 2353
4, 4592, 114800662, 114805021, 662, 5021
4, 4593, 114825662, 114827353, 662, 2353
4, 4594, 114850662, 114852353, 662, 2353
4, 4595, 114875662, 114877353, 662, 2353
4, 4596, 114900662, 114902797, 662, 2797
4, 4597, 114925662, 114927353, 662, 2353
4, 4598, 114950662, 114952353, 662, 2353
4, 4599, 114975662, 114977353, 662, 2353
4, 46, 1150662, 1152353, 662, 2353
4, 460, 11500662, 11502353, 662, 2353
4, 4600, 115000662, 115002353, 662, 2353
4, 4601, 115025662, 115027353, 662, 2353
4, 4602, 115050662, 115052353, 662, 2353
4, 4603, 115075662, 115077353, 662, 2353
4, 4604, 115100662, 115102353, 662, 2353
4, 4605, 115125662, 115127353, 662, 2353
4, 4606, 115150662, 115152823, 662, 2823
4, 4607, 115175662, 115177353, 662, 2353
4, 4608, 115200662, 115203619, 662, 3619
4, 4609, 115225662, 115227353, 662, 2353
4, 461, 11525662, 11527353, 662, 2353
4, 4610, 115250662, 115252353, 662, 2353
4, 4611, 115275662, 115277353, 662, 2353
4, 4612, 115300662, 115302353, 662, 2353
4, 4613, 115325662, 115327353, 662, 2353
4, 4614, 115350662, 115352353, 662, 2353
4, 4615, 115375662, 115377353, 662, 2353
4, 4616, 115400662, 115402353, 662, 2353
4, 4617, 115425662, 115427353, 662, 2353
4, 4618, 115450662, 115452353, 662, 2353
4, 4619, 115475662, 115477353, 662, 2353
4, 462, 11550662, 11553631, 662, 3631
4, 4620, 115500662, 115504174, 662, 4174
4, 4621, 115525662, 115528292, 662, 3292
4, 4622, 115550662, 115552353, 662, 2353
4, 4623, 115575662, 115577628, 662, 2628
4, 4624, 115600662, 115603131, 662, 3131
4, 4625, 115625662, 115627353, 662, 2353
4, 4626, 115650662, 115652353, 662, 2353
4, 4627, 115675662, 115677353, 662, 2353
4, 4628, 115700662, 115702353, 662, 2353
4, 4629, 115725662, 115727353, 662, 2353
4, 463, 11575662, 11577353, 662, 2353
4, 4630, 115750662, 115752353, 662, 2353
4, 4631, 115775662, 115777353, 662, 2353
4, 4632, 115800662, 115803180, 662, 3180
4, 4633, 115825662, 115827353, 662, 2353
4, 4634, 115850662, 115852823, 662, 2823
4, 4635, 115875662, 115877353, 662, 2353
4, 4636, 115900662, 115902353, 662, 2353
4, 4637, 115925662, 115929157, 662, 4157
4, 4638, 115950662, 115952353, 662, 2353
4, 4639, 115975662, 115977353, 662, 2353
4, 464, 11600662, 11602353, 662, 2353
4, 4640, 116000662, 116002353, 662, 2353
4, 4641, 116025662, 116027628, 662, 2628
4, 4642, 116050662, 116052353, 662, 2353
4, 4643, 116075662, 116077353, 662, 2353
4, 4644, 116100662, 116103113, 662, 3113
4, 4645, 116125662, 116127353, 662, 2353
4, 4646, 116150662, 116152353, 662, 2353
4, 4647, 116175662, 116177353, 662, 2353
4, 4648, 116200662, 116205021, 662, 5021
4, 4649, 116225662, 116227353, 662, 2353
4, 465, 11625662, 11627628, 662, 2628
4, 4650, 116250662, 116252353, 662, 2353
4, 4651, 116275662, 116277353, 662, 2353
4, 4652, 116300662, 116302353, 662, 2353
4, 4653, 116325662, 116327353, 662, 2353
4, 4654, 116350662, 116352353, 662, 2353
4, 4655, 116375662, 116377353, 662, 2353
4, 4656, 116400662, 116403619, 662, 3619
4, 4657, 116425662, 116427353, 662, 2353
4, 4658, 116450662, 116452353, 662, 2353
4, 4659, 116475662, 116477353, 662, 2353
4, 466, 11650662, 11652353, 662, 2353
4, 4660, 116500662, 116502353, 662, 2353
4, 4661, 116525662, 116527353, 662, 2353
4, 4662, 116550662, 116554909, 662, 4909
4, 4663, 116575662, 116577353, 662, 2353
4, 4664, 116600662, 116602353, 662, 2353
4, 4665, 116625662, 116627353, 662, 2353
4, 4666, 116650662, 116652353, 662, 2353
4, 4667, 116675662, 116677353, 662, 2353
4, 4668, 116700662, 116702797, 662, 2797
4, 4669, 116725662, 116727891, 662, 2891
4, 467, 11675662, 11677353, 662, 2353
4, 4670, 116750662, 116752353, 662, 2353
4, 4671, 116775662, 116777353, 662, 2353
4, 4672, 116800662, 116803411, 662, 3411
4, 4673, 116825662, 116827353, 662, 2353
4, 4674, 116850662, 116852353, 662, 2353
4, 4675, 116875662, 116877353, 662, 2353
4, 4676, 116900662, 116905021, 662, 5021
4, 4677, 116925662, 116927353, 662, 2353
4, 4678, 116950662, 116952353, 662, 2353
4, 4679, 116975662, 116980491, 662, 5491
4, 468, 11700662, 11702797, 662, 2797
4, 4680, 117000662, 117002797, 662, 2797
4, 4681, 117025662, 117027353, 662, 2353
4, 4682, 117050662, 117052353, 662, 2353
4, 4683, 117075662, 117077628, 662, 2628
4, 4684, 117100662, 117102353, 662, 2353
4, 4685, 117125662, 117127353, 662, 2353
4, 4686, 117150662, 117153004, 662, 3004
4, 4687, 117175662, 117177353, 662, 2353
4, 4688, 117200662, 117202353, 662, 2353
4, 4689, 117225662, 117227840, 662, 2840
4, 469, 11725662, 11727353, 662, 2353
4, 4690, 117250662, 117253934, 662, 3934
4, 4691, 117275662, 117277353, 662, 2353
4, 4692, 117300662, 117303180, 662, 3180
4, 4693, 117325662, 117327353, 662, 2353
4, 4694, 117350662, 117352353, 662, 2353
4, 4695, 117375662, 117377353, 662, 2353
4, 4696, 117400662, 117402353, 662, 2353
4, 4697, 117425662, 117427353, 662, 2353
4, 4698, 117450662, 117452353, 662, 2353
4, 4699, 117475662, 117477353, 662, 2353
4, 47, 1175662, 1177353, 662, 2353
4, 470, 11750662, 11752353, 662, 2353
4, 4700, 117500662, 117503058, 662, 3058
4, 4701, 117525662, 117527353, 662, 2353
4, 4702, 117550662, 117552353, 662, 2353
4, 4703, 117575662, 117577353, 662, 2353
4, 4704, 117600662, 117606824, 662, 6824
4, 4705, 117625662, 117627353, 662, 2353
4, 4706, 117650662, 117652353, 662, 2353
4, 4707, 117675662, 117677353, 662, 2353
4, 4708, 117700662, 117702353, 662, 2353
4, 4709, 117725662, 117727353, 662, 2353
4, 471, 11775662, 11777353, 662, 2353
4, 4710, 117750662, 117752353, 662, 2353
4, 4711, 117775662, 117777353, 662, 2353
4, 4712, 117800662, 117802353, 662, 2353
4, 4713, 117825662, 117827353, 662, 2353
4, 4714, 117850662, 117852353, 662, 2353
4, 4715, 117875662, 117877353, 662, 2353
4, 4716, 117900662, 117903180, 662, 3180
4, 4717, 117925662, 117927353, 662, 2353
4, 4718, 117950662, 117952823, 662, 2823
4, 4719, 117975662, 117977353, 662, 2353
4, 472, 11800662, 11802353, 662, 2353
4, 4720, 118000662, 118003131, 662, 3131
4, 4721, 118025662, 118027353, 662, 2353
4, 4722, 118050662, 118052353, 662, 2353
4, 4723, 118075662, 118077353, 662, 2353
4, 4724, 118100662, 118102353, 662, 2353
4, 4725, 118125662, 118127353, 662, 2353
4, 4726, 118150662, 118152353, 662, 2353
4, 4727, 118175662, 118177353, 662, 2353
4, 4728, 118200662, 118203113, 662, 3113
4, 4729, 118225662, 118227353, 662, 2353
4, 473, 11825662, 11827353, 662, 2353
4, 4730, 118250662, 118253990, 662, 3990
4, 4731, 118275662, 118277353, 662, 2353
4, 4732, 118300662, 118303687, 662, 3687
4, 4733, 118325662, 118327353, 662, 2353
4, 4734, 118350662, 118352353, 662, 2353
4, 4735, 118375662, 118377353, 662, 2353
4, 4736, 118400662, 118402353, 662, 2353
4, 4737, 118425662, 118427353, 662, 2353
4, 4738, 118450662, 118452353, 662, 2353
4, 4739, 118475662, 118477353, 662, 2353
4, 474, 11850662, 11852353, 662, 2353
4, 4740, 118500662, 118503180, 662, 3180
4, 4741, 118525662, 118527353, 662, 2353
4, 4742, 118550662, 118552353, 662, 2353
4, 4743, 118575662, 118577353, 662, 2353
4, 4744, 118600662, 118602353, 662, 2353
4, 4745, 118625662, 118627353, 662, 2353
4, 4746, 118650662, 118653631, 662, 3631
4, 4747, 118675662, 118677353, 662, 2353
4, 4748, 118700662, 118702353, 662, 2353
4, 4749, 118725662, 118728324, 662, 3324
4, 475, 11875662, 11877353, 662, 2353
4, 4750, 118750662, 118752353, 662, 2353
4, 4751, 118775662, 118777353, 662, 2353
4, 4752, 118800662, 118803180, 662, 3180
4, 4753, 118825662, 118827353, 662, 2353
4, 4754, 118850662, 118852353, 662, 2353
4, 4755, 118875662, 118877353, 662, 2353
4, 4756, 118900662, 118902353, 662, 2353
4, 4757, 118925662, 118927353, 662, 2353
4, 4758, 118950662, 118952353, 662, 2353
4, 4759, 118975662, 118977353, 662, 2353
4, 476, 11900662, 11905021, 662, 5021
4, 4760, 119000662, 119005021, 662, 5021
4, 4761, 119025662, 119027353, 662, 2353
4, 4762, 119050662, 119052353, 662, 2353
4, 4763, 119075662, 119077353, 662, 2353
4, 4764, 119100662, 119103180, 662, 3180
4, 4765, 119125662, 119127353, 662, 2353
4, 4766, 119150662, 119152353, 662, 2353
4, 4767, 119175662, 119177628, 662, 2628
4, 4768, 119200662, 119203131, 662, 3131
4, 4769, 119225662, 119227353, 662, 2353
4, 477, 11925662, 11927628, 662, 2628
4, 4770, 119250662, 119252353, 662, 2353
4, 4771, 119275662, 119277353, 662, 2353
4, 4772, 119300662, 119302353, 662, 2353
4, 4773, 119325662, 119327353, 662, 2353
4, 4774, 119350662, 119353934, 662, 3934
4, 4775, 119375662, 119377353, 662, 2353
4, 4776, 119400662, 119402797, 662, 2797
4, 4777, 119425662, 119427353, 662, 2353
4, 4778, 119450662, 119452353, 662, 2353
4, 4779, 119475662, 119477353, 662, 2353
4, 478, 11950662, 11952353, 662, 2353
4, 4780, 119500662, 119502353, 662, 2353
4, 4781, 119525662, 119530425, 662, 5425
4, 4782, 119550662, 119552353, 662, 2353
4, 4783, 119575662, 119577353, 662, 2353
4, 4784, 119600662, 119603411, 662, 3411
4, 4785, 119625662, 119627353, 662, 2353
4, 4786, 119650662, 119652353, 662, 2353
4, 4787, 119675662, 119677353, 662, 2353
4, 4788, 119700662, 119706824, 662, 6824
4, 4789, 119725662, 119727353, 662, 2353
4, 479, 11975662, 11977353, 662, 2353
4, 4790, 119750662, 119752353, 662, 2353
4, 4791, 119775662, 119778328, 662, 3328
4, 4792, 119800662, 119802353, 662, 2353
4, 4793, 119825662, 119827353, 662, 2353
4, 4794, 119850662, 119852353, 662, 2353
4, 4795, 119875662, 119877353, 662, 2353
4, 4796, 119900662, 119902353, 662, 2353
4, 4797, 119925662, 119927353, 662, 2353
4, 4798, 119950662, 119952353, 662, 2353
4, 4799, 119975662, 119977353, 662, 2353
4, 48, 1200662, 1203619, 662, 3619
4, 480, 12000662, 12003619, 662, 3619
4, 4800, 120000662, 120003180, 662, 3180
4, 4801, 120025662, 120027353, 662, 2353
4, 4802, 120050662, 120055036, 662, 5036
4, 4803, 120075662, 120077353, 662, 2353
4, 4804, 120100662, 120102353, 662, 2353
4, 4805, 120125662, 120128464, 662, 3464
4, 4806, 120150662, 120152353, 662, 2353
4, 4807, 120175662, 120177353, 662, 2353
4, 4808, 120200662, 120202353, 662, 2353
4, 4809, 120225662, 120227353, 662, 2353
4, 481, 12025662, 12027353, 662, 2353
4, 4810, 120250662, 120252353, 662, 2353
4, 4811, 120275662, 120277353, 662, 2353
4, 4812, 120300662, 120303383, 662, 3383
4, 4813, 120325662, 120327353, 662, 2353
4, 4814, 120350662, 120352353, 662, 2353
4, 4815, 120375662, 120377353, 662, 2353
4, 4816, 120400662, 120405021, 662, 5021
4, 4817, 120425662, 120427353, 662, 2353
4, 4818, 120450662, 120452353, 662, 2353
4, 4819, 120475662, 120477353, 662, 2353
4, 482, 12050662, 12052353, 662, 2353
4, 4820, 120500662, 120502353, 662, 2353
4, 4821, 120525662, 120527353, 662, 2353
4, 4822, 120550662, 120552823, 662, 2823
4, 4823, 120575662, 120577353, 662, 2353
4, 4824, 120600662, 120602797, 662, 2797
4, 4825, 120625662, 120627591, 662, 2591
4, 4826, 120650662, 120652353, 662, 2353
4, 4827, 120675662, 120677353, 662, 2353
4, 4828, 120700662, 120702353, 662, 2353
4, 4829, 120725662, 120727353, 662, 2353
4, 483, 12075662, 12077628, 662, 2628
4, 4830, 120750662, 120753631, 662, 3631
4, 4831, 120775662, 120777353, 662, 2353
4, 4832, 120800662, 120803131, 662, 3131
4, 4833, 120825662, 120827628, 662, 2628
4, 4834, 120850662, 120852353, 662, 2353
4, 4835, 120875662, 120877353, 662, 2353
4, 4836, 120900662, 120903180, 662, 3180
4, 4837, 120925662, 120927353, 662, 2353
4, 4838, 120950662, 120952353, 662, 2353
4, 4839, 120975662, 120977353, 662, 2353
4, 484, 12100662, 12102353, 662, 2353
4, 4840, 121000662, 121002353, 662, 2353
4, 4841, 121025662, 121027353, 662, 2353
4, 4842, 121050662, 121052353, 662, 2353
4, 4843, 121075662, 121077353, 662, 2353
4, 4844, 121100662, 121103687, 662, 3687
4, 4845, 121125662, 121127628, 662, 2628
4, 4846, 121150662, 121152353, 662, 2353
4, 4847, 121175662, 121177353, 662, 2353
4, 4848, 121200662, 121203180, 662, 3180
4, 4849, 121225662, 121227353, 662, 2353
4, 485, 12125662, 12127353, 662, 2353
4, 4850, 121250662, 121252353, 662, 2353
4, 4851, 121275662, 121277353, 662, 2353
4, 4852, 121300662, 121302353, 662, 2353
4, 4853, 121325662, 121327353, 662, 2353
4, 4854, 121350662, 121352353, 662, 2353
4, 4855, 121375662, 121377353, 662, 2353
4, 4856, 121400662, 121402353, 662, 2353
4, 4857, 121425662, 121427353, 662, 2353
4, 4858, 121450662, 121452823, 662, 2823
4, 4859, 121475662, 121477353, 662, 2353
4, 486, 12150662, 12152353, 662, 2353
4, 4860, 121500662, 121502797, 662, 2797
4, 4861, 121525662, 121527353, 662, 2353
4, 4862, 121550662, 121552353, 662, 2353
4, 4863, 121575662, 121577353, 662, 2353
4, 4864, 121600662, 121602353, 662, 2353
4, 4865, 121625662, 121627353, 662, 2353
4, 4866, 121650662, 121652353, 662, 2353
4, 4867, 121675662, 121677353, 662, 2353
4, 4868, 121700662, 121702353, 662, 2353
4, 4869, 121725662, 121727353, 662, 2353
4, 487, 12175662, 12177353, 662, 2353
4, 4870, 121750662, 121752353, 662, 2353
4, 4871, 121775662, 121777353, 662, 2353
4, 4872, 121800662, 121804174, 662, 4174
4, 4873, 121825662, 121827353, 662, 2353
4, 4874, 121850662, 121852353, 662, 2353
4, 4875, 121875662, 121877628, 662, 2628
4, 4876, 121900662, 121902353, 662, 2353
4, 4877, 121925662, 121927353, 662, 2353
4, 4878, 121950662, 121952353, 662, 2353
4, 4879, 121975662, 121977353, 662, 2353
4, 488, 12200662, 12202353, 662, 2353
4, 4880, 122000662, 122003131, 662, 3131
4, 4881, 122025662, 122027353, 662, 2353
4, 4882, 122050662, 122052353, 662, 2353
4, 4883, 122075662, 122077353, 662, 2353
4, 4884, 122100662, 122102797, 662, 2797
4, 4885, 122125662, 122127353, 662, 2353
4, 4886, 122150662, 122153934, 662, 3934
4, 4887, 122175662, 122177353, 662, 2353
4, 4888, 122200662, 122202353, 662, 2353
4, 4889, 122225662, 122227353, 662, 2353
4, 489, 12225662, 12227353, 662, 2353
4, 4890, 122250662, 122253050, 662, 3050
4, 4891, 122275662, 122277353, 662, 2353
4, 4892, 122300662, 122302353, 662, 2353
4, 4893, 122325662, 122338803, 662, 13803
4, 4894, 122350662, 122352353, 662, 2353
4, 4895, 122375662, 122377353, 662, 2353
4, 4896, 122400662, 122403899, 662, 3899
4, 4897, 122425662, 122427353, 662, 2353
4, 4898, 122450662, 122452353, 662, 2353
4, 4899, 122475662, 122477353, 662, 2353
4, 49, 1225662, 1227353, 662, 2353
4, 490, 12250662, 12253934, 662, 3934
4, 4900, 122500662, 122505021, 662, 5021
4, 4901, 122525662, 122527353, 662, 2353
4, 4902, 122550662, 122552353, 662, 2353
4, 4903, 122575662, 122577353, 662, 2353
4, 4904, 122600662, 122602353, 662, 2353
4, 4905, 122625662, 122627353, 662, 2353
4, 4906, 122650662, 122652353, 662, 2353
4, 4907, 122675662, 122677353, 662, 2353
4, 4908, 122700662, 122702797, 662, 2797
4, 4909, 122725662, 122727353, 662, 2353
4, 491, 12275662, 12277353, 662, 2353
4, 4910, 122750662, 122754385, 662, 4385
4, 4911, 122775662, 122777353, 662, 2353
4, 4912, 122800662, 122802353, 662, 2353
4, 4913, 122825662, 122827353, 662, 2353
4, 4914, 122850662, 122854909, 662, 4909
4, 4915, 122875662, 122877353, 662, 2353
4, 4916, 122900662, 122902353, 662, 2353
4, 4917, 122925662, 122931900, 662, 6900
4, 4918, 122950662, 122952353, 662, 2353
4, 4919, 122975662, 122977353, 662, 2353
4, 492, 12300662, 12302797, 662, 2797
4, 4920, 123000662, 123003180, 662, 3180
4, 4921, 123025662, 123027353, 662, 2353
4, 4922, 123050662, 123052353, 662, 2353
4, 4923, 123075662, 123077353, 662, 2353
4, 4924, 123100662, 123103058, 662, 3058
4, 4925, 123125662, 123127353, 662, 2353
4, 4926, 123150662, 123152353, 662, 2353
4, 4927, 123175662, 123177353, 662, 2353
4, 4928, 123200662, 123205021, 662, 5021
4, 4929, 123225662, 123227353, 662, 2353
4, 493, 12325662, 12328321, 662, 3321
4, 4930, 123250662, 123252353, 662, 2353
4, 4931, 123275662, 123277353, 662, 2353
4, 4932, 123300662, 123302797, 662, 2797
4, 4933, 123325662, 123327353, 662, 2353
4, 4934, 123350662, 123353456, 662, 3456
4, 4935, 123375662, 123377353, 662, 2353
4, 4936, 123400662, 123402353, 662, 2353
4, 4937, 123425662, 123427353, 662, 2353
4, 4938, 123450662, 123452967, 662, 2967
4, 4939, 123475662, 123477353, 662, 2353
4, 494, 12350662, 12352353, 662, 2353
4, 4940, 123500662, 123502353, 662, 2353
4, 4941, 123525662, 123529835, 662, 4835
4, 4942, 123550662, 123552823, 662, 2823
4, 4943, 123575662, 123577353, 662, 2353
4, 4944, 123600662, 123603619, 662, 3619
4, 4945, 123625662, 123627353, 662, 2353
4, 4946, 123650662, 123652353, 662, 2353
4, 4947, 123675662, 123677353, 662, 2353
4, 4948, 123700662, 123702877, 662, 2877
4, 4949, 123725662, 123727353, 662, 2353
4, 495, 12375662, 12377353, 662, 2353
4, 4950, 123750662, 123752353, 662, 2353
4, 4951, 123775662, 123777353, 662, 2353
4, 4952, 123800662, 123802353, 662, 2353
4, 4953, 123825662, 123827353, 662, 2353
4, 4954, 123850662, 123852353, 662, 2353
4, 4955, 123875662, 123877353, 662, 2353
4, 4956, 123900662, 123904174, 662, 4174
4, 4957, 123925662, 123927353, 662, 2353
4, 4958, 123950662, 123952353, 662, 2353
4, 4959, 123975662, 123977628, 662, 2628
4, 496, 12400662, 12402353, 662, 2353
4, 4960, 124000662, 124002353, 662, 2353
4, 4961, 124025662, 124027353, 662, 2353
4, 4962, 124050662, 124052353, 662, 2353
4, 4963, 124075662, 124077353, 662, 2353
4, 4964, 124100662, 124102353, 662, 2353
4, 4965, 124125662, 124127353, 662, 2353
4, 4966, 124150662, 124152353, 662, 2353
4, 4967, 124175662, 124177353, 662, 2353
4, 4968, 124200662, 124203180, 662, 3180
4, 4969, 124225662, 124227353, 662, 2353
4, 497, 12425662, 12427353, 662, 2353
4, 4970, 124250662, 124252823, 662, 2823
4, 4971, 124275662, 124277353, 662, 2353
4, 4972, 124300662, 124302353, 662, 2353
4, 4973, 124325662, 124329157, 662, 4157
4, 4974, 124350662, 124352353, 662, 2353
4, 4975, 124375662, 124377353, 662, 2353
4, 4976, 124400662, 124402353, 662, 2353
4, 4977, 124425662, 124427353, 662, 2353
4, 4978, 124450662, 124452353, 662, 2353
4, 4979, 124475662, 124477353, 662, 2353
4, 498, 12450662, 12452353, 662, 2353
4, 4980, 124500662, 124503113, 662, 3113
4, 4981, 124525662, 124527353, 662, 2353
4, 4982, 124550662, 124552353, 662, 2353
4, 4983, 124575662, 124577353, 662, 2353
4, 4984, 124600662, 124603687, 662, 3687
4, 4985, 124625662, 124627353, 662, 2353
4, 4986, 124650662, 124652353, 662, 2353
4, 4987, 124675662, 124677353, 662, 2353
4, 4988, 124700662, 124702353, 662, 2353
4, 4989, 124725662, 124727628, 662, 2628
4, 499, 12475662, 12477353, 662, 2353
4, 4990, 124750662, 124752353, 662, 2353
4, 4991, 124775662, 124777353, 662, 2353
4, 4992, 124800662, 124803619, 662, 3619
4, 4993, 124825662, 124827353, 662, 2353
4, 4994, 124850662, 124852353, 662, 2353
4, 4995, 124875662, 124877353, 662, 2353
4, 4996, 124900662, 124902353, 662, 2353
4, 4997, 124925662, 124927353, 662, 2353
4, 4998, 124950662, 124954909, 662, 4909
4, 4999, 124975662, 124977353, 662, 2353
4, 5, 125662, 127353, 662, 2353
4, 50, 1250662, 1252353, 662, 2353
4, 500, 12500662, 12503058, 662, 3058
4, 5000, 125000662, 125002353, 662, 2353
4, 5001, 125025662, 125027628, 662, 2628
4, 5002, 125050662, 125052353, 662, 2353
4, 5003, 125075662, 125077353, 662, 2353
4, 5004, 125100662, 125102797, 662, 2797
4, 5005, 125125662, 125127353, 662, 2353
4, 5006, 125150662, 125152353, 662, 2353
4, 5007, 125175662, 125177353, 662, 2353
4, 5008, 125200662, 125203058, 662, 3058
4, 5009, 125225662, 125227353, 662, 2353
4, 501, 12525662, 12527353, 662, 2353
4, 5010, 125250662, 125252353, 662, 2353
4, 5011, 125275662, 125277353, 662, 2353
4, 5012, 125300662, 125305021, 662, 5021
4, 5013, 125325662, 125327353, 662, 2353
4, 5014, 125350662, 125352353, 662, 2353
4, 5015, 125375662, 125377353, 662, 2353
4, 5016, 125400662, 125403180, 662, 3180
4, 5017, 125425662, 125427353, 662, 2353
4, 5018, 125450662, 125452353, 662, 2353
4, 5019, 125475662, 125477628, 662, 2628
4, 502, 12550662, 12552353, 662, 2353
4, 5020, 125500662, 125502353, 662, 2353
4, 5021, 125525662, 125527353, 662, 2353
4, 5022, 125550662, 125553004, 662, 3004
4, 5023, 125575662, 125577353, 662, 2353
4, 5024, 125600662, 125602353, 662, 2353
4, 5025, 125625662, 125627353, 662, 2353
4, 5026, 125650662, 125653934, 662, 3934
4, 5027, 125675662, 125677353, 662, 2353
4, 5028, 125700662, 125702797, 662, 2797
4, 5029, 125725662, 125728853, 662, 3853
4, 503, 12575662, 12577353, 662, 2353
4, 5030, 125750662, 125752353, 662, 2353
4, 5031, 125775662, 125777353, 662, 2353
4, 5032, 125800662, 125802353, 662, 2353
4, 5033, 125825662, 125827353, 662, 2353
4, 5034, 125850662, 125852353, 662, 2353
4, 5035, 125875662, 125877353, 662, 2353
4, 5036, 125900662, 125903119, 662, 3119
4, 5037, 125925662, 125927353, 662, 2353
4, 5038, 125950662, 125952353, 662, 2353
4, 5039, 125975662, 125977353, 662, 2353
4, 504, 12600662, 12606824, 662, 6824
4, 5040, 126000662, 126007754, 662, 7754
4, 5041, 126025662, 126027353, 662, 2353
4, 5042, 126050662, 126052353, 662, 2353
4, 5043, 126075662, 126077628, 662, 2628
4, 5044, 126100662, 126102353, 662, 2353
4, 5045, 126125662, 126127353, 662, 2353
4, 5046, 126150662, 126152353, 662, 2353
4, 5047, 126175662, 126177353, 662, 2353
4, 5048, 126200662, 126202353, 662, 2353
4, 5049, 126225662, 126227353, 662, 2353
4, 505, 12625662, 12627353, 662, 2353
4, 5050, 126250662, 126252353, 662, 2353
4, 5051, 126275662, 126277353, 662, 2353
4, 5052, 126300662, 126302797, 662, 2797
4, 5053, 126325662, 126327353, 662, 2353
4, 5054, 126350662, 126352823, 662, 2823
4, 5055, 126375662, 126377353, 662, 2353
4, 5056, 126400662, 126403131, 662, 3131
4, 5057, 126425662, 126428464, 662, 3464
4, 5058, 126450662, 126452353, 662, 2353
4, 5059, 126475662, 126477353, 662, 2353
4, 506, 12650662, 12652353, 662, 2353
4, 5060, 126500662, 126503212, 662, 3212
4, 5061, 126525662, 126527353, 662, 2353
4, 5062, 126550662, 126552353, 662, 2353
4, 5063, 126575662, 126577353, 662, 2353
4, 5064, 126600662, 126603113, 662, 3113
4, 5065, 126625662, 126627353, 662, 2353
4, 5066, 126650662, 126652353, 662, 2353
4, 5067, 126675662, 126677353, 662, 2353
4, 5068, 126700662, 126703687, 662, 3687
4, 5069, 126725662, 126727353, 662, 2353
4, 507, 12675662, 12688048, 662, 13048
4, 5070, 126750662, 126752353, 662, 2353
4, 5071, 126775662, 126777353, 662, 2353
4, 5072, 126800662, 126802353, 662, 2353
4, 5073, 126825662, 126827353, 662, 2353
4, 5074, 126850662, 126852353, 662, 2353
4, 5075, 126875662, 126877353, 662, 2353
4, 5076, 126900662, 126902797, 662, 2797
4, 5077, 126925662, 126927353, 662, 2353
4, 5078, 126950662, 126952353, 662, 2353
4, 5079, 126975662, 126977353, 662, 2353
4, 508, 12700662, 12702353, 662, 2353
4, 5080, 127000662, 127002353, 662, 2353
4, 5081, 127025662, 127027353, 662, 2353
4, 5082, 127050662, 127053631, 662, 3631
4, 5083, 127075662, 127077353, 662, 2353
4, 5084, 127100662, 127102353, 662, 2353
4, 5085, 127125662, 127128324, 662, 3324
4, 5086, 127150662, 127152353, 662, 2353
4, 5087, 127175662, 127177353, 662, 2353
4, 5088, 127200662, 127203180, 662, 3180
4, 5089, 127225662, 127227353, 662, 2353
4, 509, 12725662, 12727353, 662, 2353
4, 5090, 127250662, 127252353, 662, 2353
4, 5091, 127275662, 127277353, 662, 2353
4, 5092, 127300662, 127302353, 662, 2353
4, 5093, 127325662, 127327353, 662, 2353
4, 5094, 127350662, 127352353, 662, 2353
4, 5095, 127375662, 127377353, 662, 2353
4, 5096, 127400662, 127403687, 662, 3687
4, 5097, 127425662, 127427353, 662, 2353
4, 5098, 127450662, 127452353, 662, 2353
4, 5099, 127475662, 127477353, 662, 2353
4, 51, 1275662, 1277353, 662, 2353
4, 510, 12750662, 12752353, 662, 2353
4, 5100, 127500662, 127503180, 662, 3180
4, 5101, 127525662, 127527353, 662, 2353
4, 5102, 127550662, 127552353, 662, 2353
4, 5103, 127575662, 127577353, 662, 2353
4, 5104, 127600662, 127603131, 662, 3131
4, 5105, 127625662, 127627353, 662, 2353
4, 5106, 127650662, 127652353, 662, 2353
4, 5107, 127675662, 127677353, 662, 2353
4, 5108, 127700662, 127702353, 662, 2353
4, 5109, 127725662, 127727353, 662, 2353
4, 511, 12775662, 12777353, 662, 2353
4, 5110, 127750662, 127752823, 662, 2823
4, 5111, 127775662, 127777353, 662, 2353
4, 5112, 127800662, 127802797, 662, 2797
4, 5113, 127825662, 127827353, 662, 2353
4, 5114, 127850662, 127852353, 662, 2353
4, 5115, 127875662, 127877353, 662, 2353
4, 5116, 127900662, 127902353, 662, 2353
4, 5117, 127925662, 127927353, 662, 2353
4, 5118, 127950662, 127952353, 662, 2353
4, 5119, 127975662, 127977353, 662, 2353
4, 512, 12800662, 12802353, 662, 2353
4, 5120, 128000662, 128003058, 662, 3058
4, 5121, 128025662, 128027353, 662, 2353
4, 5122, 128050662, 128052353, 662, 2353
4, 5123, 128075662, 128077353, 662, 2353
4, 5124, 128100662, 128106824, 662, 6824
4, 5125, 128125662, 128127353, 662, 2353
4, 5126, 128150662, 128152353, 662, 2353
4, 5127, 128175662, 128177628, 662, 2628
4, 5128, 128200662, 128202353, 662, 2353
4, 5129, 128225662, 128227353, 662, 2353
4, 513, 12825662, 12827353, 662, 2353
4, 5130, 128250662, 128252353, 662, 2353
4, 5131, 128275662, 128277353, 662, 2353
4, 5132, 128300662, 128302353, 662, 2353
4, 5133, 128325662, 128327353, 662, 2353
4, 5134, 128350662, 128352353, 662, 2353
4, 5135, 128375662, 128377353, 662, 2353
4, 5136, 128400662, 128403180, 662, 3180
4, 5137, 128425662, 128427353, 662, 2353
4, 5138, 128450662, 128453934, 662, 3934
4, 5139, 128475662, 128477353, 662, 2353
4, 514, 12850662, 12852353, 662, 2353
4, 5140, 128500662, 128502353, 662, 2353
4, 5141, 128525662, 128529157, 662, 4157
4, 5142, 128550662, 128552353, 662, 2353
4, 5143, 128575662, 128577353, 662, 2353
4, 5144, 128600662, 128602353, 662, 2353
4, 5145, 128625662, 128627628, 662, 2628
4, 5146, 128650662, 128652353, 662, 2353
4, 5147, 128675662, 128677353, 662, 2353
4, 5148, 128700662, 128703383, 662, 3383
4, 5149, 128725662, 128727353, 662, 2353
4, 515, 12875662, 12877353, 662, 2353
4, 5150, 128750662, 128752353, 662, 2353
4, 5151, 128775662, 128777353, 662, 2353
4, 5152, 128800662, 128810629, 662, 10629
4, 5153, 128825662, 128827353, 662, 2353
4, 5154, 128850662, 128852353, 662, 2353
4, 5155, 128875662, 128880486, 662, 5486
4, 5156, 128900662, 128902353, 662, 2353
4, 5157, 128925662, 128927353, 662, 2353
4, 5158, 128950662, 128952353, 662, 2353
4, 5159, 128975662, 128977353, 662, 2353
4, 516, 12900662, 12902797, 662, 2797
4, 5160, 129000662, 129002797, 662, 2797
4, 5161, 129025662, 129027353, 662, 2353
4, 5162, 129050662, 129052823, 662, 2823
4, 5163, 129075662, 129077353, 662, 2353
4, 5164, 129100662, 129102353, 662, 2353
4, 5165, 129125662, 129132538, 662, 7538
4, 5166, 129150662, 129154909, 662, 4909
4, 5167, 129175662, 129177353, 662, 2353
4, 5168, 129200662, 129203131, 662, 3131
4, 5169, 129225662, 129227353, 662, 2353
4, 517, 12925662, 12927353, 662, 2353
4, 5170, 129250662, 129252353, 662, 2353
4, 5171, 129275662, 129277353, 662, 2353
4, 5172, 129300662, 129303180, 662, 3180
4, 5173, 129325662, 129327353, 662, 2353
4, 5174, 129350662, 129352353, 662, 2353
4, 5175, 129375662, 129377353, 662, 2353
4, 5176, 129400662, 129403058, 662, 3058
4, 5177, 129425662, 129427353, 662, 2353
4, 5178, 129450662, 129452353, 662, 2353
4, 5179, 129475662, 129477353, 662, 2353
4, 518, 12950662, 12955036, 662, 5036
4, 5180, 129500662, 129503687, 662, 3687
4, 5181, 129525662, 129527353, 662, 2353
4, 5182, 129550662, 129552353, 662, 2353
4, 5183, 129575662, 129577353, 662, 2353
4, 5184, 129600662, 129603180, 662, 3180
4, 5185, 129625662, 129627353, 662, 2353
4, 5186, 129650662, 129652732, 662, 2732
4, 5187, 129675662, 129677353, 662, 2353
4, 5188, 129700662, 129702353, 662, 2353
4, 5189, 129725662, 129727353, 662, 2353
4, 519, 12975662, 12977353, 662, 2353
4, 5190, 129750662, 129752353, 662, 2353
4, 5191, 129775662, 129777353, 662, 2353
4, 5192, 129800662, 129802353, 662, 2353
4, 5193, 129825662, 129827353, 662, 2353
4, 5194, 129850662, 129852823, 662, 2823
4, 5195, 129875662, 129877353, 662, 2353
4, 5196, 129900662, 129903180, 662, 3180
4, 5197, 129925662, 129927353, 662, 2353
4, 5198, 129950662, 129952353, 662, 2353
4, 5199, 129975662, 129977353, 662, 2353
4, 52, 1300662, 1303058, 662, 3058
4, 520, 13000662, 13002353, 662, 2353
4, 5200, 130000662, 130002353, 662, 2353
4, 5201, 130025662, 130027353, 662, 2353
4, 5202, 130050662, 130052353, 662, 2353
4, 5203, 130075662, 130077353, 662, 2353
4, 5204, 130100662, 130102353, 662, 2353
4, 5205, 130125662, 130127353, 662, 2353
4, 5206, 130150662, 130152353, 662, 2353
4, 5207, 130175662, 130177353, 662, 2353
4, 5208, 130200662, 130204174, 662, 4174
4, 5209, 130225662, 130227353, 662, 2353
4, 521, 13025662, 13028464, 662, 3464
4, 5210, 130250662, 130252353, 662, 2353
4, 5211, 130275662, 130277628, 662, 2628
4, 5212, 130300662, 130302353, 662, 2353
4, 5213, 130325662, 130327353, 662, 2353
4, 5214, 130350662, 130352353, 662, 2353
4, 5215, 130375662, 130377353, 662, 2353
4, 5216, 130400662, 130403131, 662, 3131
4, 5217, 130425662, 130427353, 662, 2353
4, 5218, 130450662, 130452353, 662, 2353
4, 5219, 130475662, 130477353, 662, 2353
4, 522, 13050662, 13052353, 662, 2353
4, 5220, 130500662, 130503180, 662, 3180
4, 5221, 130525662, 130527353, 662, 2353
4, 5222, 130550662, 130552823, 662, 2823
4, 5223, 130575662, 130577353, 662, 2353
4, 5224, 130600662, 130602353, 662, 2353
4, 5225, 130625662, 130627353, 662, 2353
4, 5226, 130650662, 130652353, 662, 2353
4, 5227, 130675662, 130677353, 662, 2353
4, 5228, 130700662, 130702353, 662, 2353
4, 5229, 130725662, 130727628, 662, 2628
4, 523, 13075662, 13077353, 662, 2353
4, 5230, 130750662, 130752353, 662, 2353
4, 5231, 130775662, 130777353, 662, 2353
4, 5232, 130800662, 130803383, 662, 3383
4, 5233, 130825662, 130827591, 662, 2591
4, 5234, 130850662, 130852353, 662, 2353
4, 5235, 130875662, 130877353, 662, 2353
4, 5236, 130900662, 130905021, 662, 5021
4, 5237, 130925662, 130927353, 662, 2353
4, 5238, 130950662, 130952353, 662, 2353
4, 5239, 130975662, 130977353, 662, 2353
4, 524, 13100662, 13102353, 662, 2353
4, 5240, 131000662, 131002353, 662, 2353
4, 5241, 131025662, 131027353, 662, 2353
4, 5242, 131050662, 131052353, 662, 2353
4, 5243, 131075662, 131077353, 662, 2353
4, 5244, 131100662, 131103180, 662, 3180
4, 5245, 131125662, 131127353, 662, 2353
4, 5246, 131150662, 131152353, 662, 2353
4, 5247, 131175662, 131177353, 662, 2353
4, 5248, 131200662, 131202353, 662, 2353
4, 5249, 131225662, 131227353, 662, 2353
4, 525, 13125662, 13127628, 662, 2628
4, 5250, 131250662, 131254909, 662, 4909
4, 5251, 131275662, 131277353, 662, 2353
4, 5252, 131300662, 131302353, 662, 2353
4, 5253, 131325662, 131327974, 662, 2974
4, 5254, 131350662, 131352353, 662, 2353
4, 5255, 131375662, 131377353, 662, 2353
4, 5256, 131400662, 131402797, 662, 2797
4, 5257, 131425662, 131427353, 662, 2353
4, 5258, 131450662, 131452353, 662, 2353
4, 5259, 131475662, 131477353, 662, 2353
4, 526, 13150662, 13152353, 662, 2353
4, 5260, 131500662, 131503058, 662, 3058
4, 5261, 131525662, 131527353, 662, 2353
4, 5262, 131550662, 131552353, 662, 2353
4, 5263, 131575662, 131577353, 662, 2353
4, 5264, 131600662, 131606987, 662, 6987
4, 5265, 131625662, 131627353, 662, 2353
4, 5266, 131650662, 131652353, 662, 2353
4, 5267, 131675662, 131679022, 662, 4022
4, 5268, 131700662, 131703180, 662, 3180
4, 5269, 131725662, 131727353, 662, 2353
4, 527, 13175662, 13177353, 662, 2353
4, 5270, 131750662, 131752353, 662, 2353
4, 5271, 131775662, 131777628, 662, 2628
4, 5272, 131800662, 131802353, 662, 2353
4, 5273, 131825662, 131827353, 662, 2353
4, 5274, 131850662, 131853050, 662, 3050
4, 5275, 131875662, 131877353, 662, 2353
4, 5276, 131900662, 131902353, 662, 2353
4, 5277, 131925662, 131927628, 662, 2628
4, 5278, 131950662, 131953934, 662, 3934
4, 5279, 131975662, 131977353, 662, 2353
4, 528, 13200662, 13203899, 662, 3899
4, 5280, 132000662, 132003180, 662, 3180
4, 5281, 132025662, 132029458, 662, 4458
4, 5282, 132050662, 132052353, 662, 2353
4, 5283, 132075662, 132077353, 662, 2353
4, 5284, 132100662, 132102353, 662, 2353
4, 5285, 132125662, 132127353, 662, 2353
4, 5286, 132150662, 132152353, 662, 2353
4, 5287, 132175662, 132177353, 662, 2353
4, 5288, 132200662, 132203058, 662, 3058
4, 5289, 132225662, 132227353, 662, 2353
4, 529, 13225662, 13227353, 662, 2353
4, 5290, 132250662, 132252353, 662, 2353
4, 5291, 132275662, 132277353, 662, 2353
4, 5292, 132300662, 132304174, 662, 4174
4, 5293, 132325662, 132327353, 662, 2353
4, 5294, 132350662, 132352353, 662, 2353
4, 5295, 132375662, 132377628, 662, 2628
4, 5296, 132400662, 132402353, 662, 2353
4, 5297, 132425662, 132427353, 662, 2353
4, 5298, 132450662, 132452931, 662, 2931
4, 5299, 132475662, 132477353, 662, 2353
4, 53, 1325662, 1327353, 662, 2353
4, 530, 13250662, 13252353, 662, 2353
4, 5300, 132500662, 132502353, 662, 2353
4, 5301, 132525662, 132527353, 662, 2353
4, 5302, 132550662, 132552353, 662, 2353
4, 5303, 132575662, 132577353, 662, 2353
4, 5304, 132600662, 132603180, 662, 3180
4, 5305, 132625662, 132627353, 662, 2353
4, 5306, 132650662, 132652823, 662, 2823
4, 5307, 132675662, 132677353, 662, 2353
4, 5308, 132700662, 132702353, 662, 2353
4, 5309, 132725662, 132729157, 662, 4157
4, 531, 13275662, 13277353, 662, 2353
4, 5310, 132750662, 132752353, 662, 2353
4, 5311, 132775662, 132777353, 662, 2353
4, 5312, 132800662, 132803131, 662, 3131
4, 5313, 132825662, 132827353, 662, 2353
4, 5314, 132850662, 132852353, 662, 2353
4, 5315, 132875662, 132877353, 662, 2353
4, 5316, 132900662, 132903113, 662, 3113
4, 5317, 132925662, 132927353, 662, 2353
4, 5318, 132950662, 132952353, 662, 2353
4, 5319, 132975662, 132977353, 662, 2353
4, 532, 13300662, 13303687, 662, 3687
4, 5320, 133000662, 133003687, 662, 3687
4, 5321, 133025662, 133027353, 662, 2353
4, 5322, 133050662, 133053050, 662, 3050
4, 5323, 133075662, 133077353, 662, 2353
4, 5324, 133100662, 133102353, 662, 2353
4, 5325, 133125662, 133129910, 662, 4910
4, 5326, 133150662, 133152353, 662, 2353
4, 5327, 133175662, 133177353, 662, 2353
4, 5328, 133200662, 133203619, 662, 3619
4, 5329, 133225662, 133227353, 662, 2353
4, 533, 13325662, 13327353, 662, 2353
4, 5330, 133250662, 133252353, 662, 2353
4, 5331, 133275662, 133277353, 662, 2353
4, 5332, 133300662, 133302353, 662, 2353
4, 5333, 133325662, 133327353, 662, 2353
4, 5334, 133350662, 133353631, 662, 3631
4, 5335, 133375662, 133377353, 662, 2353
4, 5336, 133400662, 133402353, 662, 2353
4, 5337, 133425662, 133427628, 662, 2628
4, 5338, 133450662, 133452353, 662, 2353
4, 5339, 133475662, 133477353, 662, 2353
4, 534, 13350662, 13352353, 662, 2353
4, 5340, 133500662, 133502797, 662, 2797
4, 5341, 133525662, 133527353, 662, 2353
4, 5342, 133550662, 133552353, 662, 2353
4, 5343, 133575662, 133577353, 662, 2353
4, 5344, 133600662, 133603058, 662, 3058
4, 5345, 133625662, 133627353, 662, 2353
4, 5346, 133650662, 133652353, 662, 2353
4, 5347, 133675662, 133677353, 662, 2353
4, 5348, 133700662, 133703687, 662, 3687
4, 5349, 133725662, 133727353, 662, 2353
4, 535, 13375662, 13377353, 662, 2353
4, 5350, 133750662, 133752353, 662, 2353
4, 5351, 133775662, 133777353, 662, 2353
4, 5352, 133800662, 133803180, 662, 3180
4, 5353, 133825662, 133827353, 662, 2353
4, 5354, 133850662, 133852353, 662, 2353
4, 5355, 133875662, 133877628, 662, 2628
4, 5356, 133900662, 133902353, 662, 2353
4, 5357, 133925662, 133927353, 662, 2353
4, 5358, 133950662, 133952353, 662, 2353
4, 5359, 133975662, 133977353, 662, 2353
4, 536, 13400662, 13402353, 662, 2353
4, 5360, 134000662, 134002353, 662, 2353
4, 5361, 134025662, 134027353, 662, 2353
4, 5362, 134050662, 134053934, 662, 3934
4, 5363, 134075662, 134077353, 662, 2353
4, 5364, 134100662, 134102797, 662, 2797
4, 5365, 134125662, 134127353, 662, 2353
4, 5366, 134150662, 134152353, 662, 2353
4, 5367, 134175662, 134177353, 662, 2353
4, 5368, 134200662, 134202353, 662, 2353
4, 5369, 134225662, 134227353, 662, 2353
4, 537, 13425662, 13427353, 662, 2353
4, 5370, 134250662, 134252353, 662, 2353
4, 5371, 134275662, 134277353, 662, 2353
4, 5372, 134300662, 134303058, 662, 3058
4, 5373, 134325662, 134327628, 662, 2628
4, 5374, 134350662, 134352353, 662, 2353
4, 5375, 134375662, 134377353, 662, 2353
4, 5376, 134400662, 134410629, 662, 10629
4, 5377, 134425662, 134427353, 662, 2353
4, 5378, 134450662, 134452353, 662, 2353
4, 5379, 134475662, 134477353, 662, 2353
4, 538, 13450662, 13453182, 662, 3182
4, 5380, 134500662, 134502353, 662, 2353
4, 5381, 134525662, 134527353, 662, 2353
4, 5382, 134550662, 134552353, 662, 2353
4, 5383, 134575662, 134577353, 662, 2353
4, 5384, 134600662, 134602353, 662, 2353
4, 5385, 134625662, 134627353, 662, 2353
4, 5386, 134650662, 134652353, 662, 2353
4, 5387, 134675662, 134677353, 662, 2353
4, 5388, 134700662, 134702797, 662, 2797
4, 5389, 134725662, 134727353, 662, 2353
4, 539, 13475662, 13477353, 662, 2353
4, 5390, 134750662, 134753934, 662, 3934
4, 5391, 134775662, 134777353, 662, 2353
4, 5392, 134800662, 134802353, 662, 2353
4, 5393, 134825662, 134828464, 662, 3464
4, 5394, 134850662, 134852353, 662, 2353
4, 5395, 134875662, 134877353, 662, 2353
4, 5396, 134900662, 134902353, 662, 2353
4, 5397, 134925662, 134927628, 662, 2628
4, 5398, 134950662, 134952353, 662, 2353
4, 5399, 134975662, 134977353, 662, 2353
4, 54, 1350662, 1352353, 662, 2353
4, 540, 13500662, 13502797, 662, 2797
4, 5400, 135000662, 135003383, 662, 3383
4, 5401, 135025662, 135027353, 662, 2353
4, 5402, 135050662, 135052353, 662, 2353
4, 5403, 135075662, 135077353, 662, 2353
4, 5404, 135100662, 135103687, 662, 3687
4, 5405, 135125662, 135127353, 662, 2353
4, 5406, 135150662, 135152353, 662, 2353
4, 5407, 135175662, 135177353, 662, 2353
4, 5408, 135200662, 135202353, 662, 2353
4, 5409, 135225662, 135227353, 662, 2353
4, 541, 13525662, 13528292, 662, 3292
4, 5410, 135250662, 135252353, 662, 2353
4, 5411, 135275662, 135277353, 662, 2353
4, 5412, 135300662, 135302797, 662, 2797
4, 5413, 135325662, 135327353, 662, 2353
4, 5414, 135350662, 135352353, 662, 2353
4, 5415, 135375662, 135377353, 662, 2353
4, 5416, 135400662, 135402353, 662, 2353
4, 5417, 135425662, 135427353, 662, 2353
4, 5418, 135450662, 135453631, 662, 3631
4, 5419, 135475662, 135477353, 662, 2353
4, 542, 13550662, 13552353, 662, 2353
4, 5420, 135500662, 135502353, 662, 2353
4, 5421, 135525662, 135530434, 662, 5434
4, 5422, 135550662, 135552353, 662, 2353
4, 5423, 135575662, 135577353, 662, 2353
4, 5424, 135600662, 135603619, 662, 3619
4, 5425, 135625662, 135627353, 662, 2353
4, 5426, 135650662, 135652353, 662, 2353
4, 5427, 135675662, 135677353, 662, 2353
4, 5428, 135700662, 135702353, 662, 2353
4, 5429, 135725662, 135727353, 662, 2353
4, 543, 13575662, 13577353, 662, 2353
4, 5430, 135750662, 135752353, 662, 2353
4, 5431, 135775662, 135777353, 662, 2353
4, 5432, 135800662, 135803687, 662, 3687
4, 5433, 135825662, 135827353, 662, 2353
4, 5434, 135850662, 135852353, 662, 2353
4, 5435, 135875662, 135877353, 662, 2353
4, 5436, 135900662, 135902797, 662, 2797
4, 5437, 135925662, 135928292, 662, 3292
4, 5438, 135950662, 135952353, 662, 2353
4, 5439, 135975662, 135977353, 662, 2353
4, 544, 13600662, 13603131, 662, 3131
4, 5440, 136000662, 136003131, 662, 3131
4, 5441, 136025662, 136027353, 662, 2353
4, 5442, 136050662, 136052353, 662, 2353
4, 5443, 136075662, 136077353, 662, 2353
4, 5444, 136100662, 136102353, 662, 2353
4, 5445, 136125662, 136127353, 662, 2353
4, 5446, 136150662, 136152823, 662, 2823
4, 5447, 136175662, 136177353, 662, 2353
4, 5448, 136200662, 136203180, 662, 3180
4, 5449, 136225662, 136227353, 662, 2353
4, 545, 13625662, 13627353, 662, 2353
4, 5450, 136250662, 136252353, 662, 2353
4, 5451, 136275662, 136277353, 662, 2353
4, 5452, 136300662, 136302353, 662, 2353
4, 5453, 136325662, 136327353, 662, 2353
4, 5454, 136350662, 136352353, 662, 2353
4, 5455, 136375662, 136377353, 662, 2353
4, 5456, 136400662, 136403058, 662, 3058
4, 5457, 136425662, 136427353, 662, 2353
4, 5458, 136450662, 136452353, 662, 2353
4, 5459, 136475662, 136477353, 662, 2353
4, 546, 13650662, 13653631, 662, 3631
4, 5460, 136500662, 136504174, 662, 4174
4, 5461, 136525662, 136527353, 662, 2353
4, 5462, 136550662, 136552353, 662, 2353
4, 5463, 136575662, 136577628, 662, 2628
4, 5464, 136600662, 136602353, 662, 2353
4, 5465, 136625662, 136627353, 662, 2353
4, 5466, 136650662, 136652353, 662, 2353
4, 5467, 136675662, 136677353, 662, 2353
4, 5468, 136700662, 136702353, 662, 2353
4, 5469, 136725662, 136727353, 662, 2353
4, 547, 13675662, 13677353, 662, 2353
4, 5470, 136750662, 136752353, 662, 2353
4, 5471, 136775662, 136777353, 662, 2353
4, 5472, 136800662, 136803619, 662, 3619
4, 5473, 136825662, 136827353, 662, 2353
4, 5474, 136850662, 136853934, 662, 3934
4, 5475, 136875662, 136877353, 662, 2353
4, 5476, 136900662, 136902353, 662, 2353
4, 5477, 136925662, 136927353, 662, 2353
4, 5478, 136950662, 136952353, 662, 2353
4, 5479, 136975662, 136977353, 662, 2353
4, 548, 13700662, 13702353, 662, 2353
4, 5480, 137000662, 137002353, 662, 2353
4, 5481, 137025662, 137027628, 662, 2628
4, 5482, 137050662, 137052353, 662, 2353
4, 5483, 137075662, 137077353, 662, 2353
4, 5484, 137100662, 137103113, 662, 3113
4, 5485, 137125662, 137127353, 662, 2353
4, 5486, 137150662, 137152353, 662, 2353
4, 5487, 137175662, 137177353, 662, 2353
4, 5488, 137200662, 137210629, 662, 10629
4, 5489, 137225662, 137227353, 662, 2353
4, 549, 13725662, 13727628, 662, 2628
4, 5490, 137250662, 137252353, 662, 2353
4, 5491, 137275662, 137277353, 662, 2353
4, 5492, 137300662, 137302353, 662, 2353
4, 5493, 137325662, 137327353, 662, 2353
4, 5494, 137350662, 137352353, 662, 2353
4, 5495, 137375662, 137377353, 662, 2353
4, 5496, 137400662, 137402797, 662, 2797
4, 5497, 137425662, 137427353, 662, 2353
4, 5498, 137450662, 137452353, 662, 2353
4, 5499, 137475662, 137477353, 662, 2353
4, 55, 1375662, 1377353, 662, 2353
4, 550, 13750662, 13752353, 662, 2353
4, 5500, 137500662, 137502353, 662, 2353
4, 5501, 137525662, 137527353, 662, 2353
4, 5502, 137550662, 137554909, 662, 4909
4, 5503, 137575662, 137577353, 662, 2353
4, 5504, 137600662, 137602353, 662, 2353
4, 5505, 137625662, 137632986, 662, 7986
4, 5506, 137650662, 137652353, 662, 2353
4, 5507, 137675662, 137677353, 662, 2353
4, 5508, 137700662, 137703180, 662, 3180
4, 5509, 137725662, 137727353, 662, 2353
4, 551, 13775662, 13777353, 662, 2353
4, 5510, 137750662, 137752353, 662, 2353
4, 5511, 137775662, 137777353, 662, 2353
4, 5512, 137800662, 137803058, 662, 3058
4, 5513, 137825662, 137827353, 662, 2353
4, 5514, 137850662, 137852353, 662, 2353
4, 5515, 137875662, 137877353, 662, 2353
4, 5516, 137900662, 137905716, 662, 5716
4, 5517, 137925662, 137927353, 662, 2353
4, 5518, 137950662, 137952353, 662, 2353
4, 5519, 137975662, 137979893, 662, 4893
4, 552, 13800662, 13803180, 662, 3180
4, 5520, 138000662, 138003180, 662, 3180
4, 5521, 138025662, 138027353, 662, 2353
4, 5522, 138050662, 138052353, 662, 2353
4, 5523, 138075662, 138077353, 662, 2353
4, 5524, 138100662, 138102353, 662, 2353
4, 5525, 138125662, 138127353, 662, 2353
4, 5526, 138150662, 138153004, 662, 3004
4, 5527, 138175662, 138177353, 662, 2353
4, 5528, 138200662, 138202353, 662, 2353
4, 5529, 138225662, 138227353, 662, 2353
4, 553, 13825662, 13827353, 662, 2353
4, 5530, 138250662, 138252823, 662, 2823
4, 5531, 138275662, 138277353, 662, 2353
4, 5532, 138300662, 138303180, 662, 3180
4, 5533, 138325662, 138330581, 662, 5581
4, 5534, 138350662, 138352353, 662, 2353
4, 5535, 138375662, 138377353, 662, 2353
4, 5536, 138400662, 138403131, 662, 3131
4, 5537, 138425662, 138427353, 662, 2353
4, 5538, 138450662, 138452353, 662, 2353
4, 5539, 138475662, 138477353, 662, 2353
4, 554, 13850662, 13852353, 662, 2353
4, 5540, 138500662, 138502353, 662, 2353
4, 5541, 138525662, 138527353, 662, 2353
4, 5542, 138550662, 138552353, 662, 2353
4, 5543, 138575662, 138577353, 662, 2353
4, 5544, 138600662, 138604174, 662, 4174
4, 5545, 138625662, 138627353, 662, 2353
4, 5546, 138650662, 138652823, 662, 2823
4, 5547, 138675662, 138677353, 662, 2353
4, 5548, 138700662, 138702353, 662, 2353
4, 5549, 138725662, 138727353, 662, 2353
4, 555, 13875662, 13877353, 662, 2353
4, 5550, 138750662, 138752353, 662, 2353
4, 5551, 138775662, 138777353, 662, 2353
4, 5552, 138800662, 138802353, 662, 2353
4, 5553, 138825662, 138827353, 662, 2353
4, 5554, 138850662, 138852353, 662, 2353
4, 5555, 138875662, 138877353, 662, 2353
4, 5556, 138900662, 138903180, 662, 3180
4, 5557, 138925662, 138927353, 662, 2353
4, 5558, 138950662, 138952823, 662, 2823
4, 5559, 138975662, 138977353, 662, 2353
4, 556, 13900662, 13902353, 662, 2353
4, 5560, 139000662, 139002353, 662, 2353
4, 5561, 139025662, 139027353, 662, 2353
4, 5562, 139050662, 139052353, 662, 2353
4, 5563, 139075662, 139077353, 662, 2353
4, 5564, 139100662, 139102353, 662, 2353
4, 5565, 139125662, 139127628, 662, 2628
4, 5566, 139150662, 139152353, 662, 2353
4, 5567, 139175662, 139177353, 662, 2353
4, 5568, 139200662, 139203383, 662, 3383
4, 5569, 139225662, 139227353, 662, 2353
4, 557, 13925662, 13927353, 662, 2353
4, 5570, 139250662, 139252353, 662, 2353
4, 5571, 139275662, 139277353, 662, 2353
4, 5572, 139300662, 139303687, 662, 3687
4, 5573, 139325662, 139327353, 662, 2353
4, 5574, 139350662, 139352353, 662, 2353
4, 5575, 139375662, 139377353, 662, 2353
4, 5576, 139400662, 139402353, 662, 2353
4, 5577, 139425662, 139427353, 662, 2353
4, 5578, 139450662, 139452353, 662, 2353
4, 5579, 139475662, 139477353, 662, 2353
4, 558, 13950662, 13952353, 662, 2353
4, 5580, 139500662, 139503180, 662, 3180
4, 5581, 139525662, 139527353, 662, 2353
4, 5582, 139550662, 139552353, 662, 2353
4, 5583, 139575662, 139577353, 662, 2353
4, 5584, 139600662, 139603131, 662, 3131
4, 5585, 139625662, 139627353, 662, 2353
4, 5586, 139650662, 139653631, 662, 3631
4, 5587, 139675662, 139677353, 662, 2353
4, 5588, 139700662, 139702353, 662, 2353
4, 5589, 139725662, 139727628, 662, 2628
4, 559, 13975662, 13977353, 662, 2353
4, 5590, 139750662, 139752353, 662, 2353
4, 5591, 139775662, 139777353, 662, 2353
4, 5592, 139800662, 139802797, 662, 2797
4, 5593, 139825662, 139827353, 662, 2353
4, 5594, 139850662, 139852353, 662, 2353
4, 5595, 139875662, 139877353, 662, 2353
4, 5596, 139900662, 139902353, 662, 2353
4, 5597, 139925662, 139929241, 662, 4241
4, 5598, 139950662, 139952353, 662, 2353
4, 5599, 139975662, 139977353, 662, 2353
4, 56, 1400662, 1403687, 662, 3687
4, 560, 14000662, 14005021, 662, 5021
4, 5600, 140000662, 140006987, 662, 6987
4, 5601, 140025662, 140027353, 662, 2353
4, 5602, 140050662, 140052353, 662, 2353
4, 5603, 140075662, 140077353, 662, 2353
4, 5604, 140100662, 140103180, 662, 3180
4, 5605, 140125662, 140127353, 662, 2353
4, 5606, 140150662, 140152353, 662, 2353
4, 5607, 140175662, 140177628, 662, 2628
4, 5608, 140200662, 140202353, 662, 2353
4, 5609, 140225662, 140227353, 662, 2353
4, 561, 14025662, 14027353, 662, 2353
4, 5610, 140250662, 140253004, 662, 3004
4, 5611, 140275662, 140277353, 662, 2353
4, 5612, 140300662, 140302353, 662, 2353
4, 5613, 140325662, 140327353, 662, 2353
4, 5614, 140350662, 140353934, 662, 3934
4, 5615, 140375662, 140377353, 662, 2353
4, 5616, 140400662, 140403180, 662, 3180
4, 5617, 140425662, 140427353, 662, 2353
4, 5618, 140450662, 140452353, 662, 2353
4, 5619, 140475662, 140477353, 662, 2353
4, 562, 14050662, 14052353, 662, 2353
4, 5620, 140500662, 140502353, 662, 2353
4, 5621, 140525662, 140527353, 662, 2353
4, 5622, 140550662, 140552353, 662, 2353
4, 5623, 140575662, 140577353, 662, 2353
4, 5624, 140600662, 140606985, 662, 6985
4, 5625, 140625662, 140627353, 662, 2353
4, 5626, 140650662, 140652353, 662, 2353
4, 5627, 140675662, 140677353, 662, 2353
4, 5628, 140700662, 140706824, 662, 6824
4, 5629, 140725662, 140727353, 662, 2353
4, 563, 14075662, 14077353, 662, 2353
4, 5630, 140750662, 140752353, 662, 2353
4, 5631, 140775662, 140777628, 662, 2628
4, 5632, 140800662, 140802353, 662, 2353
4, 5633, 140825662, 140827353, 662, 2353
4, 5634, 140850662, 140852353, 662, 2353
4, 5635, 140875662, 140877353, 662, 2353
4, 5636, 140900662, 140902353, 662, 2353
4, 5637, 140925662, 140927353, 662, 2353
4, 5638, 140950662, 140952353, 662, 2353
4, 5639, 140975662, 140977353, 662, 2353
4, 564, 14100662, 14102797, 662, 2797
4, 5640, 141000662, 141002797, 662, 2797
4, 5641, 141025662, 141027353, 662, 2353
4, 5642, 141050662, 141054844, 662, 4844
4, 5643, 141075662, 141077353, 662, 2353
4, 5644, 141100662, 141102353, 662, 2353
4, 5645, 141125662, 141137954, 662, 12954
4, 5646, 141150662, 141152353, 662, 2353
4, 5647, 141175662, 141177353, 662, 2353
4, 5648, 141200662, 141205926, 662, 5926
4, 5649, 141225662, 141227628, 662, 2628
4, 565, 14125662, 14127353, 662, 2353
4, 5650, 141250662, 141252353, 662, 2353
4, 5651, 141275662, 141277353, 662, 2353
4, 5652, 141300662, 141303383, 662, 3383
4, 5653, 141325662, 141327353, 662, 2353
4, 5654, 141350662, 141352353, 662, 2353
4, 5655, 141375662, 141377353, 662, 2353
4, 5656, 141400662, 141403687, 662, 3687
4, 5657, 141425662, 141427353, 662, 2353
4, 5658, 141450662, 141452353, 662, 2353
4, 5659, 141475662, 141477353, 662, 2353
4, 566, 14150662, 14152353, 662, 2353
4, 5660, 141500662, 141502353, 662, 2353
4, 5661, 141525662, 141527628, 662, 2628
4, 5662, 141550662, 141552353, 662, 2353
4, 5663, 141575662, 141577353, 662, 2353
4, 5664, 141600662, 141603180, 662, 3180
4, 5665, 141625662, 141627353, 662, 2353
4, 5666, 141650662, 141652353, 662, 2353
4, 5667, 141675662, 141677353, 662, 2353
4, 5668, 141700662, 141702353, 662, 2353
4, 5669, 141725662, 141727353, 662, 2353
4, 567, 14175662, 14177353, 662, 2353
4, 5670, 141750662, 141753631, 662, 3631
4, 5671, 141775662, 141777353, 662, 2353
4, 5672, 141800662, 141802353, 662, 2353
4, 5673, 141825662, 141827628, 662, 2628
4, 5674, 141850662, 141852353, 662, 2353
4, 5675, 141875662, 141877353, 662, 2353
4, 5676, 141900662, 141902797, 662, 2797
4, 5677, 141925662, 141927353, 662, 2353
4, 5678, 141950662, 141952353, 662, 2353
4, 5679, 141975662, 141977353, 662, 2353
4, 568, 14200662, 14202353, 662, 2353
4, 5680, 142000662, 142003058, 662, 3058
4, 5681, 142025662, 142027353, 662, 2353
4, 5682, 142050662, 142052353, 662, 2353
4, 5683, 142075662, 142077353, 662, 2353
4, 5684, 142100662, 142103687, 662, 3687
4, 5685, 142125662, 142127353, 662, 2353
4, 5686, 142150662, 142152353, 662, 2353
4, 5687, 142175662, 142177353, 662, 2353
4, 5688, 142200662, 142202797, 662, 2797
4, 5689, 142225662, 142227353, 662, 2353
4, 569, 14225662, 14227353, 662, 2353
4, 5690, 142250662, 142252353, 662, 2353
4, 5691, 142275662, 142277353, 662, 2353
4, 5692, 142300662, 142302353, 662, 2353
4, 5693, 142325662, 142327353, 662, 2353
4, 5694, 142350662, 142352353, 662, 2353
4, 5695, 142375662, 142377353, 662, 2353
4, 5696, 142400662, 142403131, 662, 3131
4, 5697, 142425662, 142427353, 662, 2353
4, 5698, 142450662, 142452823, 662, 2823
4, 5699, 142475662, 142477353, 662, 2353
4, 57, 1425662, 1427353, 662, 2353
4, 570, 14250662, 14252353, 662, 2353
4, 5700, 142500662, 142502797, 662, 2797
4, 5701, 142525662, 142527353, 662, 2353
4, 5702, 142550662, 142552353, 662, 2353
4, 5703, 142575662, 142577353, 662, 2353
4, 5704, 142600662, 142602353, 662, 2353
4, 5705, 142625662, 142627353, 662, 2353
4, 5706, 142650662, 142653050, 662, 3050
4, 5707, 142675662, 142677353, 662, 2353
4, 5708, 142700662, 142702353, 662, 2353
4, 5709, 142725662, 142733355, 662, 8355
4, 571, 14275662, 14277353, 662, 2353
4, 5710, 142750662, 142752353, 662, 2353
4, 5711, 142775662, 142777353, 662, 2353
4, 572, 14300662, 14302353, 662, 2353
4, 573, 14325662, 14327353, 662, 2353
4, 574, 14350662, 14352823, 662, 2823
4, 575, 14375662, 14377353, 662, 2353
4, 576, 14400662, 14403180, 662, 3180
4, 577, 14425662, 14427353, 662, 2353
4, 578, 14450662, 14452353, 662, 2353
4, 579, 14475662, 14477353, 662, 2353
4, 58, 1450662, 1452353, 662, 2353
4, 580, 14500662, 14502353, 662, 2353
4, 581, 14525662, 14527353, 662, 2353
4, 582, 14550662, 14552353, 662, 2353
4, 583, 14575662, 14577353, 662, 2353
4, 584, 14600662, 14602353, 662, 2353
4, 585, 14625662, 14627353, 662, 2353
4, 586, 14650662, 14652353, 662, 2353
4, 587, 14675662, 14677353, 662, 2353
4, 588, 14700662, 14704174, 662, 4174
4, 589, 14725662, 14727353, 662, 2353
4, 59, 1475662, 1478499, 662, 3499
4, 590, 14750662, 14752353, 662, 2353
4, 591, 14775662, 14777628, 662, 2628
4, 592, 14800662, 14803131, 662, 3131
4, 593, 14825662, 14827353, 662, 2353
4, 594, 14850662, 14852353, 662, 2353
4, 595, 14875662, 14877353, 662, 2353
4, 596, 14900662, 14902353, 662, 2353
4, 597, 14925662, 14927353, 662, 2353
4, 598, 14950662, 14952353, 662, 2353
4, 599, 14975662, 14977353, 662, 2353
4, 6, 150662, 152353, 662, 2353
4, 60, 1500662, 1502797, 662, 2797
4, 600, 15000662, 15002797, 662, 2797
4, 601, 15025662, 15027353, 662, 2353
4, 602, 15050662, 15053934, 662, 3934
4, 603, 15075662, 15077353, 662, 2353
4, 604, 15100662, 15102353, 662, 2353
4, 605, 15125662, 15129157, 662, 4157
4, 606, 15150662, 15152353, 662, 2353
4, 607, 15175662, 15177353, 662, 2353
4, 608, 15200662, 15202353, 662, 2353
4, 609, 15225662, 15227628, 662, 2628
4, 61, 1525662, 1527353, 662, 2353
4, 610, 15250662, 15252353, 662, 2353
4, 611, 15275662, 15277353, 662, 2353
4, 612, 15300662, 15303383, 662, 3383
4, 613, 15325662, 15327353, 662, 2353
4, 614, 15350662, 15352353, 662, 2353
4, 615, 15375662, 15377353, 662, 2353
4, 616, 15400662, 15405021, 662, 5021
4, 617, 15425662, 15427353, 662, 2353
4, 618, 15450662, 15452353, 662, 2353
4, 619, 15475662, 15477353, 662, 2353
4, 62, 1550662, 1552823, 662, 2823
4, 620, 15500662, 15502353, 662, 2353
4, 621, 15525662, 15527353, 662, 2353
4, 622, 15550662, 15552353, 662, 2353
4, 623, 15575662, 15577353, 662, 2353
4, 624, 15600662, 15603180, 662, 3180
4, 625, 15625662, 15627353, 662, 2353
4, 626, 15650662, 15654385, 662, 4385
4, 627, 15675662, 15677353, 662, 2353
4, 628, 15700662, 15702353, 662, 2353
4, 629, 15725662, 15727353, 662, 2353
4, 63, 1575662, 1577353, 662, 2353
4, 630, 15750662, 15754909, 662, 4909
4, 631, 15775662, 15777353, 662, 2353
4, 632, 15800662, 15802353, 662, 2353
4, 633, 15825662, 15831900, 662, 6900
4, 634, 15850662, 15852353, 662, 2353
4, 635, 15875662, 15877353, 662, 2353
4, 636, 15900662, 15903180, 662, 3180
4, 637, 15925662, 15927353, 662, 2353
4, 638, 15950662, 15952353, 662, 2353
4, 639, 15975662, 15977353, 662, 2353
4, 64, 1600662, 1602353, 662, 2353
4, 640, 16000662, 16003411, 662, 3411
4, 641, 16025662, 16027353, 662, 2353
4, 642, 16050662, 16052353, 662, 2353
4, 643, 16075662, 16077353, 662, 2353
4, 644, 16100662, 16103687, 662, 3687
4, 645, 16125662, 16127353, 662, 2353
4, 646, 16150662, 16152353, 662, 2353
4, 647, 16175662, 16178464, 662, 3464
4, 648, 16200662, 16202797, 662, 2797
4, 649, 16225662, 16227353, 662, 2353
4, 65, 1625662, 1627353, 662, 2353
4, 650, 16250662, 16252359, 662, 2359
4, 651, 16275662, 16277353, 662, 2353
4, 652, 16300662, 16302353, 662, 2353
4, 653, 16325662, 16327353, 662, 2353
4, 654, 16350662, 16352967, 662, 2967
4, 655, 16375662, 16377353, 662, 2353
4, 656, 16400662, 16402353, 662, 2353
4, 657, 16425662, 16427353, 662, 2353
4, 658, 16450662, 16452823, 662, 2823
4, 659, 16475662, 16477353, 662, 2353
4, 66, 1650662, 1652353, 662, 2353
4, 660, 16500662, 16503180, 662, 3180
4, 661, 16525662, 16527353, 662, 2353
4, 662, 16550662, 16552353, 662, 2353
4, 663, 16575662, 16577353, 662, 2353
4, 664, 16600662, 16602965, 662, 2965
4, 665, 16625662, 16627353, 662, 2353
4, 666, 16650662, 16652353, 662, 2353
4, 667, 16675662, 16677353, 662, 2353
4, 668, 16700662, 16702353, 662, 2353
4, 669, 16725662, 16727353, 662, 2353
4, 67, 1675662, 1677353, 662, 2353
4, 670, 16750662, 16752353, 662, 2353
4, 671, 16775662, 16777353, 662, 2353
4, 672, 16800662, 16806824, 662, 6824
4, 673, 16825662, 16827353, 662, 2353
4, 674, 16850662, 16852353, 662, 2353
4, 675, 16875662, 16877628, 662, 2628
4, 676, 16900662, 16902353, 662, 2353
4, 677, 16925662, 16927353, 662, 2353
4, 678, 16950662, 16952353, 662, 2353
4, 679, 16975662, 16977353, 662, 2353
4, 68, 1700662, 1702353, 662, 2353
4, 680, 17000662, 17002353, 662, 2353
4, 681, 17025662, 17027353, 662, 2353
4, 682, 17050662, 17052353, 662, 2353
4, 683, 17075662, 17077353, 662, 2353
4, 684, 17100662, 17103180, 662, 3180
4, 685, 17125662, 17127353, 662, 2353
4, 686, 17150662, 17152823, 662, 2823
4, 687, 17175662, 17177353, 662, 2353
4, 688, 17200662, 17203131, 662, 3131
4, 689, 17225662, 17227353, 662, 2353
4, 69, 1725662, 1727353, 662, 2353
4, 690, 17250662, 17252353, 662, 2353
4, 691, 17275662, 17277353, 662, 2353
4, 692, 17300662, 17302353, 662, 2353
4, 693, 17325662, 17327353, 662, 2353
4, 694, 17350662, 17352353, 662, 2353
4, 695, 17375662, 17377353, 662, 2353
4, 696, 17400662, 17403113, 662, 3113
4, 697, 17425662, 17427353, 662, 2353
4, 698, 17450662, 17452353, 662, 2353
4, 699, 17475662, 17477353, 662, 2353
4, 7, 175662, 177353, 662, 2353
4, 70, 1750662, 1752823, 662, 2823
4, 700, 17500662, 17503687, 662, 3687
4, 701, 17525662, 17529241, 662, 4241
4, 702, 17550662, 17552353, 662, 2353
4, 703, 17575662, 17577353, 662, 2353
4, 704, 17600662, 17603131, 662, 3131
4, 705, 17625662, 17627353, 662, 2353
4, 706, 17650662, 17652353, 662, 2353
4, 707, 17675662, 17677353, 662, 2353
4, 708, 17700662, 17703180, 662, 3180
4, 709, 17725662, 17727353, 662, 2353
4, 71, 1775662, 1777353, 662, 2353
4, 710, 17750662, 17752353, 662, 2353
4, 711, 17775662, 17777353, 662, 2353
4, 712, 17800662, 17802353, 662, 2353
4, 713, 17825662, 17827353, 662, 2353
4, 714, 17850662, 17854909, 662, 4909
4, 715, 17875662, 17877353, 662, 2353
4, 716, 17900662, 17902353, 662, 2353
4, 717, 17925662, 17928324, 662, 3324
4, 718, 17950662, 17952353, 662, 2353
4, 719, 17975662, 17977353, 662, 2353
4, 72, 1800662, 1803180, 662, 3180
4, 720, 18000662, 18003180, 662, 3180
4, 721, 18025662, 18027353, 662, 2353
4, 722, 18050662, 18052353, 662, 2353
4, 723, 18075662, 18077353, 662, 2353
4, 724, 18100662, 18102353, 662, 2353
4, 725, 18125662, 18127353, 662, 2353
4, 726, 18150662, 18152353, 662, 2353
4, 727, 18175662, 18177353, 662, 2353
4, 728, 18200662, 18205021, 662, 5021
4, 729, 18225662, 18227353, 662, 2353
4, 73, 1825662, 1827353, 662, 2353
4, 730, 18250662, 18252353, 662, 2353
4, 731, 18275662, 18277353, 662, 2353
4, 732, 18300662, 18303180, 662, 3180
4, 733, 18325662, 18327353, 662, 2353
4, 734, 18350662, 18352353, 662, 2353
4, 735, 18375662, 18377628, 662, 2628
4, 736, 18400662, 18402353, 662, 2353
4, 737, 18425662, 18427353, 662, 2353
4, 738, 18450662, 18453004, 662, 3004
4, 739, 18475662, 18477353, 662, 2353
4, 74, 1850662, 1852353, 662, 2353
4, 740, 18500662, 18502353, 662, 2353
4, 741, 18525662, 18527353, 662, 2353
4, 742, 18550662, 18553934, 662, 3934
4, 743, 18575662, 18577353, 662, 2353
4, 744, 18600662, 18602797, 662, 2797
4, 745, 18625662, 18628853, 662, 3853
4, 746, 18650662, 18652353, 662, 2353
4, 747, 18675662, 18677353, 662, 2353
4, 748, 18700662, 18702353, 662, 2353
4, 749, 18725662, 18727353, 662, 2353
4, 75, 1875662, 1877353, 662, 2353
4, 750, 18750662, 18752353, 662, 2353
4, 751, 18775662, 18777353, 662, 2353
4, 752, 18800662, 18803502, 662, 3502
4, 753, 18825662, 18827353, 662, 2353
4, 754, 18850662, 18852353, 662, 2353
4, 755, 18875662, 18877353, 662, 2353
4, 756, 18900662, 18906824, 662, 6824
4, 757, 18925662, 18927353, 662, 2353
4, 758, 18950662, 18952353, 662, 2353
4, 759, 18975662, 18986241, 662, 11241
4, 76, 1900662, 1902353, 662, 2353
4, 760, 19000662, 19002353, 662, 2353
4, 761, 19025662, 19027353, 662, 2353
4, 762, 19050662, 19052353, 662, 2353
4, 763, 19075662, 19077353, 662, 2353
4, 764, 19100662, 19102353, 662, 2353
4, 765, 19125662, 19127628, 662, 2628
4, 766, 19150662, 19152353, 662, 2353
4, 767, 19175662, 19177353, 662, 2353
4, 768, 19200662, 19203180, 662, 3180
4, 769, 19225662, 19227353, 662, 2353
4, 77, 1925662, 1927353, 662, 2353
4, 770, 19250662, 19252823, 662, 2823
4, 771, 19275662, 19277353, 662, 2353
4, 772, 19300662, 19302353, 662, 2353
4, 773, 19325662, 19328464, 662, 3464
4, 774, 19350662, 19352353, 662, 2353
4, 775, 19375662, 19377353, 662, 2353
4, 776, 19400662, 19402353, 662, 2353
4, 777, 19425662, 19427353, 662, 2353
4, 778, 19450662, 19452353, 662, 2353
4, 779, 19475662, 19477353, 662, 2353
4, 78, 1950662, 1952353, 662, 2353
4, 780, 19500662, 19503113, 662, 3113
4, 781, 19525662, 19527353, 662, 2353
4, 782, 19550662, 19552353, 662, 2353
4, 783, 19575662, 19577353, 662, 2353
4, 784, 19600662, 19605021, 662, 5021
4, 785, 19625662, 19627353, 662, 2353
4, 786, 19650662, 19652353, 662, 2353
4, 787, 19675662, 19677353, 662, 2353
4, 788, 19700662, 19702353, 662, 2353
4, 789, 19725662, 19727353, 662, 2353
4, 79, 1975662, 1977353, 662, 2353
4, 790, 19750662, 19752353, 662, 2353
4, 791, 19775662, 19777353, 662, 2353
4, 792, 19800662, 19802797, 662, 2797
4, 793, 19825662, 19827353, 662, 2353
4, 794, 19850662, 19852353, 662, 2353
4, 795, 19875662, 19877353, 662, 2353
4, 796, 19900662, 19902353, 662, 2353
4, 797, 19925662, 19927353, 662, 2353
4, 798, 19950662, 19953631, 662, 3631
4, 799, 19975662, 19977353, 662, 2353
4, 8, 200662, 202353, 662, 2353
4, 80, 2000662, 2003058, 662, 3058
4, 800, 20000662, 20003131, 662, 3131
4, 801, 20025662, 20027628, 662, 2628
4, 802, 20050662, 20052353, 662, 2353
4, 803, 20075662, 20077353, 662, 2353
4, 804, 20100662, 20102797, 662, 2797
4, 805, 20125662, 20127353, 662, 2353
4, 806, 20150662, 20152353, 662, 2353
4, 807, 20175662, 20177353, 662, 2353
4, 808, 20200662, 20202353, 662, 2353
4, 809, 20225662, 20227353, 662, 2353
4, 81, 2025662, 2027353, 662, 2353
4, 810, 20250662, 20253050, 662, 3050
4, 811, 20275662, 20277353, 662, 2353
4, 812, 20300662, 20303687, 662, 3687
4, 813, 20325662, 20333355, 662, 8355
4, 814, 20350662, 20352353, 662, 2353
4, 815, 20375662, 20377353, 662, 2353
4, 816, 20400662, 20403619, 662, 3619
4, 817, 20425662, 20427353, 662, 2353
4, 818, 20450662, 20452353, 662, 2353
4, 819, 20475662, 20477353, 662, 2353
4, 82, 2050662, 2052353, 662, 2353
4, 820, 20500662, 20502353, 662, 2353
4, 821, 20525662, 20527353, 662, 2353
4, 822, 20550662, 20552353, 662, 2353
4, 823, 20575662, 20577353, 662, 2353
4, 824, 20600662, 20602353, 662, 2353
4, 825, 20625662, 20627353, 662, 2353
4, 826, 20650662, 20652823, 662, 2823
4, 827, 20675662, 20677353, 662, 2353
4, 828, 20700662, 20702797, 662, 2797
4, 829, 20725662, 20727353, 662, 2353
4, 83, 2075662, 2077353, 662, 2353
4, 830, 20750662, 20752353, 662, 2353
4, 831, 20775662, 20777353, 662, 2353
4, 832, 20800662, 20802353, 662, 2353
4, 833, 20825662, 20827353, 662, 2353
4, 834, 20850662, 20852353, 662, 2353
4, 835, 20875662, 20877353, 662, 2353
4, 836, 20900662, 20902353, 662, 2353
4, 837, 20925662, 20927353, 662, 2353
4, 838, 20950662, 20952353, 662, 2353
4, 839, 20975662, 20977353, 662, 2353
4, 84, 2100662, 2104174, 662, 4174
4, 840, 21000662, 21006824, 662, 6824
4, 841, 21025662, 21027353, 662, 2353
4, 842, 21050662, 21052353, 662, 2353
4, 843, 21075662, 21077628, 662, 2628
4, 844, 21100662, 21102353, 662, 2353
4, 845, 21125662, 21127353, 662, 2353
4, 846, 21150662, 21152353, 662, 2353
4, 847, 21175662, 21177353, 662, 2353
4, 848, 21200662, 21202353, 662, 2353
4, 849, 21225662, 21227353, 662, 2353
4, 85, 2125662, 2127353, 662, 2353
4, 850, 21250662, 21252353, 662, 2353
4, 851, 21275662, 21277353, 662, 2353
4, 852, 21300662, 21302797, 662, 2797
4, 853, 21325662, 21327353, 662, 2353
4, 854, 21350662, 21353934, 662, 3934
4, 855, 21375662, 21377353, 662, 2353
4, 856, 21400662, 21402353, 662, 2353
4, 857, 21425662, 21429157, 662, 4157
4, 858, 21450662, 21452353, 662, 2353
4, 859, 21475662, 21477353, 662, 2353
4, 86, 2150662, 2152353, 662, 2353
4, 860, 21500662, 21502353, 662, 2353
4, 861, 21525662, 21528328, 662, 3328
4, 862, 21550662, 21552353, 662, 2353
4, 863, 21575662, 21577353, 662, 2353
4, 864, 21600662, 21603899, 662, 3899
4, 865, 21625662, 21627353, 662, 2353
4, 866, 21650662, 21652353, 662, 2353
4, 867, 21675662, 21677353, 662, 2353
4, 868, 21700662, 21705021, 662, 5021
4, 869, 21725662, 21727353, 662, 2353
4, 87, 2175662, 2177628, 662, 2628
4, 870, 21750662, 21752353, 662, 2353
4, 871, 21775662, 21777353, 662, 2353
4, 872, 21800662, 21802353, 662, 2353
4, 873, 21825662, 21827353, 662, 2353
4, 874, 21850662, 21852353, 662, 2353
4, 875, 21875662, 21877353, 662, 2353
4, 876, 21900662, 21902797, 662, 2797
4, 877, 21925662, 21927353, 662, 2353
4, 878, 21950662, 21952353, 662, 2353
4, 879, 21975662, 21977353, 662, 2353
4, 88, 2200662, 2202353, 662, 2353
4, 880, 22000662, 22002353, 662, 2353
4, 881, 22025662, 22027353, 662, 2353
4, 882, 22050662, 22053631, 662, 3631
4, 883, 22075662, 22077353, 662, 2353
4, 884, 22100662, 22102353, 662, 2353
4, 885, 22125662, 22127353, 662, 2353
4, 886, 22150662, 22152353, 662, 2353
4, 887, 22175662, 22177353, 662, 2353
4, 888, 22200662, 22203180, 662, 3180
4, 889, 22225662, 22227353, 662, 2353
4, 89, 2225662, 2227353, 662, 2353
4, 890, 22250662, 22252353, 662, 2353
4, 891, 22275662, 22277353, 662, 2353
4, 892, 22300662, 22303058, 662, 3058
4, 893, 22325662, 22327353, 662, 2353
4, 894, 22350662, 22352353, 662, 2353
4, 895, 22375662, 22377353, 662, 2353
4, 896, 22400662, 22405021, 662, 5021
4, 897, 22425662, 22427353, 662, 2353
4, 898, 22450662, 22452353, 662, 2353
4, 899, 22475662, 22477353, 662, 2353
4, 9, 225662, 227353, 662, 2353
4, 90, 2250662, 2252353, 662, 2353
4, 900, 22500662, 22502797, 662, 2797
4, 901, 22525662, 22527353, 662, 2353
4, 902, 22550662, 22552732, 662, 2732
4, 903, 22575662, 22577353, 662, 2353
4, 904, 22600662, 22602353, 662, 2353
4, 905, 22625662, 22627353, 662, 2353
4, 906, 22650662, 22652353, 662, 2353
4, 907, 22675662, 22677353, 662, 2353
4, 908, 22700662, 22702353, 662, 2353
4, 909, 22725662, 22727628, 662, 2628
4, 91, 2275662, 2277353, 662, 2353
4, 910, 22750662, 22752823, 662, 2823
4, 911, 22775662, 22777353, 662, 2353
4, 912, 22800662, 22803619, 662, 3619
4, 913, 22825662, 22827353, 662, 2353
4, 914, 22850662, 22852353, 662, 2353
4, 915, 22875662, 22877353, 662, 2353
4, 916, 22900662, 22902353, 662, 2353
4, 917, 22925662, 22927353, 662, 2353
4, 918, 22950662, 22952353, 662, 2353
4, 919, 22975662, 22977353, 662, 2353
4, 92, 2300662, 2302353, 662, 2353
4, 920, 23000662, 23002353, 662, 2353
4, 921, 23025662, 23027353, 662, 2353
4, 922, 23050662, 23052353, 662, 2353
4, 923, 23075662, 23077353, 662, 2353
4, 924, 23100662, 23104174, 662, 4174
4, 925, 23125662, 23127353, 662, 2353
4, 926, 23150662, 23152353, 662, 2353
4, 927, 23175662, 23177628, 662, 2628
4, 928, 23200662, 23202353, 662, 2353
4, 929, 23225662, 23227353, 662, 2353
4, 93, 2325662, 2330596, 662, 5596
4, 930, 23250662, 23252353, 662, 2353
4, 931, 23275662, 23277353, 662, 2353
4, 932, 23300662, 23302353, 662, 2353
4, 933, 23325662, 23327353, 662, 2353
4, 934, 23350662, 23352353, 662, 2353
4, 935, 23375662, 23377353, 662, 2353
4, 936, 23400662, 23403180, 662, 3180
4, 937, 23425662, 23427353, 662, 2353
4, 938, 23450662, 23452823, 662, 2823
4, 939, 23475662, 23477353, 662, 2353
4, 94, 2350662, 2352353, 662, 2353
4, 940, 23500662, 23502353, 662, 2353
4, 941, 23525662, 23529157, 662, 4157
4, 942, 23550662, 23552353, 662, 2353
4, 943, 23575662, 23577353, 662, 2353
4, 944, 23600662, 23602353, 662, 2353
4, 945, 23625662, 23627353, 662, 2353
4, 946, 23650662, 23652353, 662, 2353
4, 947, 23675662, 23677353, 662, 2353
4, 948, 23700662, 23703113, 662, 3113
4, 949, 23725662, 23727591, 662, 2591
4, 95, 2375662, 2377353, 662, 2353
4, 950, 23750662, 23752353, 662, 2353
4, 951, 23775662, 23777353, 662, 2353
4, 952, 23800662, 23805021, 662, 5021
4, 953, 23825662, 23827353, 662, 2353
4, 954, 23850662, 23852353, 662, 2353
4, 955, 23875662, 23877353, 662, 2353
4, 956, 23900662, 23902353, 662, 2353
4, 957, 23925662, 23927353, 662, 2353
4, 958, 23950662, 23952353, 662, 2353
4, 959, 23975662, 23977353, 662, 2353
4, 96, 2400662, 2403619, 662, 3619
4, 960, 24000662, 24003619, 662, 3619
4, 961, 24025662, 24027353, 662, 2353
4, 962, 24050662, 24052353, 662, 2353
4, 963, 24075662, 24077353, 662, 2353
4, 964, 24100662, 24102353, 662, 2353
4, 965, 24125662, 24127353, 662, 2353
4, 966, 24150662, 24154909, 662, 4909
4, 967, 24175662, 24177353, 662, 2353
4, 968, 24200662, 24202353, 662, 2353
4, 969, 24225662, 24227974, 662, 2974
4, 97, 2425662, 2427353, 662, 2353
4, 970, 24250662, 24252353, 662, 2353
4, 971, 24275662, 24277353, 662, 2353
4, 972, 24300662, 24302797, 662, 2797
4, 973, 24325662, 24336857, 662, 11857
4, 974, 24350662, 24352353, 662, 2353
4, 975, 24375662, 24377353, 662, 2353
4, 976, 24400662, 24403411, 662, 3411
4, 977, 24425662, 24427353, 662, 2353
4, 978, 24450662, 24452353, 662, 2353
4, 979, 24475662, 24477353, 662, 2353
4, 98, 2450662, 2452823, 662, 2823
4, 980, 24500662, 24505021, 662, 5021
4, 981, 24525662, 24527353, 662, 2353
4, 982, 24550662, 24552353, 662, 2353
4, 983, 24575662, 24581044, 662, 6044
4, 984, 24600662, 24603180, 662, 3180
4, 985, 24625662, 24627353, 662, 2353
4, 986, 24650662, 24652353, 662, 2353
4, 987, 24675662, 24677628, 662, 2628
4, 988, 24700662, 24702353, 662, 2353
4, 989, 24725662, 24727353, 662, 2353
4, 99, 2475662, 2477353, 662, 2353
4, 990, 24750662, 24753004, 662, 3004
4, 991, 24775662, 24777353, 662, 2353
4, 992, 24800662, 24802353, 662, 2353
4, 993, 24825662, 24827353, 662, 2353
4, 994, 24850662, 24853934, 662, 3934
4, 995, 24875662, 24877353, 662, 2353
4, 996, 24900662, 24902797, 662, 2797
4, 997, 24925662, 24929458, 662, 4458
4, 998, 24950662, 24952353, 662, 2353
4, 999, 24975662, 24977353, 662, 2353
5, 0, 3036, 11832, 3036, 11832
5, 1, 38036, 41810, 3036, 6810
5, 10, 353036, 358413, 3036, 8413
5, 100, 3503036, 3508957, 3036, 8957
5, 1000, 35003036, 35008017, 3036, 8017
5, 1001, 35038036, 35041810, 3036, 6810
5, 1002, 35073036, 35077085, 3036, 7085
5, 1003, 35108036, 35111810, 3036, 6810
5, 1004, 35143036, 35147116, 3036, 7116
5, 1005, 35178036, 35181810, 3036, 6810
5, 1006, 35213036, 35218391, 3036, 8391
5, 1007, 35248036, 35251810, 3036, 6810
5, 1008, 35283036, 35291281, 3036, 11281
5, 1009, 35318036, 35321810, 3036, 6810
5, 101, 3538036, 3541810, 3036, 6810
5, 1010, 35353036, 35357132, 3036, 7132
5, 1011, 35388036, 35391810, 3036, 6810
5, 1012, 35423036, 35427116, 3036, 7116
5, 1013, 35458036, 35461810, 3036, 6810
5, 1014, 35493036, 35497085, 3036, 7085
5, 1015, 35528036, 35531810, 3036, 6810
5, 1016, 35563036, 35568405, 3036, 8405
5, 1017, 35598036, 35601810, 3036, 6810
5, 1018, 35633036, 35637141, 3036, 7141
5, 1019, 35668036, 35671810, 3036, 6810
5, 102, 3573036, 3578349, 3036, 8349
5, 1020, 35703036, 35709444, 3036, 9444
5, 1021, 35738036, 35741810, 3036, 6810
5, 1022, 35773036, 35776810, 3036, 6810
5, 1023, 35808036, 35811810, 3036, 6810
5, 1024, 35843036, 35848405, 3036, 8405
5, 1025, 35878036, 35881810, 3036, 6810
5, 1026, 35913036, 35917085, 3036, 7085
5, 1027, 35948036, 35951810, 3036, 6810
5, 1028, 35983036, 35988405, 3036, 8405
5, 1029, 36018036, 36021810, 3036, 6810
5, 103, 3608036, 3611810, 3036, 6810
5, 1030, 36053036, 36058413, 3036, 8413
5, 1031, 36088036, 36091810, 3036, 6810
5, 1032, 36123036, 36127969, 3036, 7969
5, 1033, 36158036, 36161810, 3036, 6810
5, 1034, 36193036, 36196810, 3036, 6810
5, 1035, 36228036, 36231810, 3036, 6810
5, 1036, 36263036, 36267116, 3036, 7116
5, 1037, 36298036, 36301810, 3036, 6810
5, 1038, 36333036, 36337085, 3036, 7085
5, 1039, 36368036, 36371810, 3036, 6810
5, 104, 3643036, 3647116, 3036, 7116
5, 1040, 36403036, 36411832, 3036, 11832
5, 1041, 36438036, 36441810, 3036, 6810
5, 1042, 36473036, 36477141, 3036, 7141
5, 1043, 36508036, 36511810, 3036, 6810
5, 1044, 36543036, 36547969, 3036, 7969
5, 1045, 36578036, 36581810, 3036, 6810
5, 1046, 36613036, 36616810, 3036, 6810
5, 1047, 36648036, 36662058, 3036, 17058
5, 1048, 36683036, 36687116, 3036, 7116
5, 1049, 36718036, 36721810, 3036, 6810
5, 105, 3678036, 3681810, 3036, 6810
5, 1050, 36753036, 36757986, 3036, 7986
5, 1051, 36788036, 36791810, 3036, 6810
5, 1052, 36823036, 36828405, 3036, 8405
5, 1053, 36858036, 36861810, 3036, 6810
5, 1054, 36893036, 36897141, 3036, 7141
5, 1055, 36928036, 36931810, 3036, 6810
5, 1056, 36963036, 36968893, 3036, 8893
5, 1057, 36998036, 37001810, 3036, 6810
5, 1058, 37033036, 37036810, 3036, 6810
5, 1059, 37068036, 37071810, 3036, 6810
5, 106, 3713036, 3716810, 3036, 6810
5, 1060, 37103036, 37108017, 3036, 8017
5, 1061, 37138036, 37141810, 3036, 6810
5, 1062, 37173036, 37178349, 3036, 8349
5, 1063, 37208036, 37211810, 3036, 6810
5, 1064, 37243036, 37248405, 3036, 8405
5, 1065, 37278036, 37281810, 3036, 6810
5, 1066, 37313036, 37316810, 3036, 6810
5, 1067, 37348036, 37351810, 3036, 6810
5, 1068, 37383036, 37387969, 3036, 7969
5, 1069, 37418036, 37421810, 3036, 6810
5, 107, 3748036, 3751810, 3036, 6810
5, 1070, 37453036, 37457132, 3036, 7132
5, 1071, 37488036, 37491810, 3036, 6810
5, 1072, 37523036, 37528405, 3036, 8405
5, 1073, 37558036, 37561810, 3036, 6810
5, 1074, 37593036, 37598349, 3036, 8349
5, 1075, 37628036, 37631810, 3036, 6810
5, 1076, 37663036, 37668405, 3036, 8405
5, 1077, 37698036, 37701810, 3036, 6810
5, 1078, 37733036, 37736810, 3036, 6810
5, 1079, 37768036, 37771810, 3036, 6810
5, 108, 3783036, 3787969, 3036, 7969
5, 1080, 37803036, 37808342, 3036, 8342
5, 1081, 37838036, 37841810, 3036, 6810
5, 1082, 37873036, 37876810, 3036, 6810
5, 1083, 37908036, 37911810, 3036, 6810
5, 1084, 37943036, 37948405, 3036, 8405
5, 1085, 37978036, 37981810, 3036, 6810
5, 1086, 38013036, 38018349, 3036, 8349
5, 1087, 38048036, 38051810, 3036, 6810
5, 1088, 38083036, 38089478, 3036, 9478
5, 1089, 38118036, 38121810, 3036, 6810
5, 109, 3818036, 3821810, 3036, 6810
5, 1090, 38153036, 38157132, 3036, 7132
5, 1091, 38188036, 38191810, 3036, 6810
5, 1092, 38223036, 38227969, 3036, 7969
5, 1093, 38258036, 38261810, 3036, 6810
5, 1094, 38293036, 38296810, 3036, 6810
5, 1095, 38328036, 38331810, 3036, 6810
5, 1096, 38363036, 38368405, 3036, 8405
5, 1097, 38398036, 38401810, 3036, 6810
5, 1098, 38433036, 38438349, 3036, 8349
5, 1099, 38468036, 38471810, 3036, 6810
5, 11, 388036, 391810, 3036, 6810
5, 110, 3853036, 3858413, 3036, 8413
5, 1100, 38503036, 38508017, 3036, 8017
5, 1101, 38538036, 38541810, 3036, 6810
5, 1102, 38573036, 38576810, 3036, 6810
5, 1103, 38608036, 38611810, 3036, 6810
5, 1104, 38643036, 38648893, 3036, 8893
5, 1105, 38678036, 38681810, 3036, 6810
5, 1106, 38713036, 38716810, 3036, 6810
5, 1107, 38748036, 38751810, 3036, 6810
5, 1108, 38783036, 38788405, 3036, 8405
5, 1109, 38818036, 38821810, 3036, 6810
5, 111, 3888036, 3891810, 3036, 6810
5, 1110, 38853036, 38858901, 3036, 8901
5, 1111, 38888036, 38891810, 3036, 6810
5, 1112, 38923036, 38927116, 3036, 7116
5, 1113, 38958036, 38961810, 3036, 6810
5, 1114, 38993036, 38996810, 3036, 6810
5, 1115, 39028036, 39032913, 3036, 7913
5, 1116, 39063036, 39067969, 3036, 7969
5, 1117, 39098036, 39101810, 3036, 6810
5, 1118, 39133036, 39137141, 3036, 7141
5, 1119, 39168036, 39171810, 3036, 6810
5, 112, 3923036, 3929478, 3036, 9478
5, 1120, 39203036, 39211345, 3036, 11345
5, 1121, 39238036, 39241810, 3036, 6810
5, 1122, 39273036, 39278349, 3036, 8349
5, 1123, 39308036, 39311810, 3036, 6810
5, 1124, 39343036, 39347116, 3036, 7116
5, 1125, 39378036, 39381810, 3036, 6810
5, 1126, 39413036, 39416810, 3036, 6810
5, 1127, 39448036, 39451810, 3036, 6810
5, 1128, 39483036, 39487969, 3036, 7969
5, 1129, 39518036, 39521810, 3036, 6810
5, 113, 3958036, 3961810, 3036, 6810
5, 1130, 39553036, 39558413, 3036, 8413
5, 1131, 39588036, 39591810, 3036, 6810
5, 1132, 39623036, 39628405, 3036, 8405
5, 1133, 39658036, 39661810, 3036, 6810
5, 1134, 39693036, 39697085, 3036, 7085
5, 1135, 39728036, 39731810, 3036, 6810
5, 1136, 39763036, 39768405, 3036, 8405
5, 1137, 39798036, 39801810, 3036, 6810
5, 1138, 39833036, 39836810, 3036, 6810
5, 1139, 39868036, 39871810, 3036, 6810
5, 114, 3993036, 3997085, 3036, 7085
5, 1140, 39903036, 39908342, 3036, 8342
5, 1141, 39938036, 39941810, 3036, 6810
5, 1142, 39973036, 39977141, 3036, 7141
5, 1143, 40008036, 40011810, 3036, 6810
5, 1144, 40043036, 40048405, 3036, 8405
5, 1145, 40078036, 40081810, 3036, 6810
5, 1146, 40113036, 40117085, 3036, 7085
5, 1147, 40148036, 40151810, 3036, 6810
5, 1148, 40183036, 40187116, 3036, 7116
5, 1149, 40218036, 40221810, 3036, 6810
5, 115, 4028036, 4031810, 3036, 6810
5, 1150, 40253036, 40257132, 3036, 7132
5, 1151, 40288036, 40291810, 3036, 6810
5, 1152, 40323036, 40331797, 3036, 11797
5, 1153, 40358036, 40361810, 3036, 6810
5, 1154, 40393036, 40397141, 3036, 7141
5, 1155, 40428036, 40431810, 3036, 6810
5, 1156, 40463036, 40468405, 3036, 8405
5, 1157, 40498036, 40501810, 3036, 6810
5, 1158, 40533036, 40537085, 3036, 7085
5, 1159, 40568036, 40571810, 3036, 6810
5, 116, 4063036, 4067116, 3036, 7116
5, 1160, 40603036, 40608017, 3036, 8017
5, 1161, 40638036, 40641810, 3036, 6810
5, 1162, 40673036, 40676810, 3036, 6810
5, 1163, 40708036, 40711810, 3036, 6810
5, 1164, 40743036, 40748893, 3036, 8893
5, 1165, 40778036, 40781810, 3036, 6810
5, 1166, 40813036, 40817141, 3036, 7141
5, 1167, 40848036, 40851810, 3036, 6810
5, 1168, 40883036, 40888405, 3036, 8405
5, 1169, 40918036, 40921810, 3036, 6810
5, 117, 4098036, 4101810, 3036, 6810
5, 1170, 40953036, 40957980, 3036, 7980
5, 1171, 40988036, 40991810, 3036, 6810
5, 1172, 41023036, 41027116, 3036, 7116
5, 1173, 41058036, 41061810, 3036, 6810
5, 1174, 41093036, 41096810, 3036, 6810
5, 1175, 41128036, 41131810, 3036, 6810
5, 1176, 41163036, 41168893, 3036, 8893
5, 1177, 41198036, 41201810, 3036, 6810
5, 1178, 41233036, 41237141, 3036, 7141
5, 1179, 41268036, 41271810, 3036, 6810
5, 118, 4133036, 4136810, 3036, 6810
5, 1180, 41303036, 41308017, 3036, 8017
5, 1181, 41338036, 41341810, 3036, 6810
5, 1182, 41373036, 41377085, 3036, 7085
5, 1183, 41408036, 41411810, 3036, 6810
5, 1184, 41443036, 41448405, 3036, 8405
5, 1185, 41478036, 41481810, 3036, 6810
5, 1186, 41513036, 41517141, 3036, 7141
5, 1187, 41548036, 41551810, 3036, 6810
5, 1188, 41583036, 41588893, 3036, 8893
5, 1189, 41618036, 41621810, 3036, 6810
5, 119, 4168036, 4171810, 3036, 6810
5, 1190, 41653036, 41658413, 3036, 8413
5, 1191, 41688036, 41691810, 3036, 6810
5, 1192, 41723036, 41727116, 3036, 7116
5, 1193, 41758036, 41761810, 3036, 6810
5, 1194, 41793036, 41797085, 3036, 7085
5, 1195, 41828036, 41831810, 3036, 6810
5, 1196, 41863036, 41867116, 3036, 7116
5, 1197, 41898036, 41901810, 3036, 6810
5, 1198, 41933036, 41937141, 3036, 7141
5, 1199, 41968036, 41971810, 3036, 6810
5, 12, 423036, 427969, 3036, 7969
5, 120, 4203036, 4208342, 3036, 8342
5, 1200, 42003036, 42011832, 3036, 11832
5, 1201, 42038036, 42041810, 3036, 6810
5, 1202, 42073036, 42076810, 3036, 6810
5, 1203, 42108036, 42111810, 3036, 6810
5, 1204, 42143036, 42147116, 3036, 7116
5, 1205, 42178036, 42181810, 3036, 6810
5, 1206, 42213036, 42217085, 3036, 7085
5, 1207, 42248036, 42251810, 3036, 6810
5, 1208, 42283036, 42288064, 3036, 8064
5, 1209, 42318036, 42321810, 3036, 6810
5, 121, 4238036, 4241810, 3036, 6810
5, 1210, 42353036, 42358413, 3036, 8413
5, 1211, 42388036, 42391810, 3036, 6810
5, 1212, 42423036, 42428893, 3036, 8893
5, 1213, 42458036, 42461810, 3036, 6810
5, 1214, 42493036, 42496810, 3036, 6810
5, 1215, 42528036, 42531810, 3036, 6810
5, 1216, 42563036, 42568405, 3036, 8405
5, 1217, 42598036, 42601810, 3036, 6810
5, 1218, 42633036, 42637085, 3036, 7085
5, 1219, 42668036, 42671810, 3036, 6810
5, 122, 4273036, 4277141, 3036, 7141
5, 1220, 42703036, 42708957, 3036, 8957
5, 1221, 42738036, 42741810, 3036, 6810
5, 1222, 42773036, 42777141, 3036, 7141
5, 1223, 42808036, 42811810, 3036, 6810
5, 1224, 42843036, 42848893, 3036, 8893
5, 1225, 42878036, 42881810, 3036, 6810
5, 1226, 42913036, 42916810, 3036, 6810
5, 1227, 42948036, 42951810, 3036, 6810
5, 1228, 42983036, 42987116, 3036, 7116
5, 1229, 43018036, 43021810, 3036, 6810
5, 123, 4308036, 4311810, 3036, 6810
5, 1230, 43053036, 43057980, 3036, 7980
5, 1231, 43088036, 43091810, 3036, 6810
5, 1232, 43123036, 43129478, 3036, 9478
5, 1233, 43158036, 43161810, 3036, 6810
5, 1234, 43193036, 43197141, 3036, 7141
5, 1235, 43228036, 43231810, 3036, 6810
5, 1236, 43263036, 43267969, 3036, 7969
5, 1237, 43298036, 43301810, 3036, 6810
5, 1238, 43333036, 43336810, 3036, 6810
5, 1239, 43368036, 43373867, 3036, 8867
5, 124, 4343036, 4348405, 3036, 8405
5, 1240, 43403036, 43408017, 3036, 8017
5, 1241, 43438036, 43441810, 3036, 6810
5, 1242, 43473036, 43478349, 3036, 8349
5, 1243, 43508036, 43511810, 3036, 6810
5, 1244, 43543036, 43548405, 3036, 8405
5, 1245, 43578036, 43581810, 3036, 6810
5, 1246, 43613036, 43617141, 3036, 7141
5, 1247, 43648036, 43651810, 3036, 6810
5, 1248, 43683036, 43688893, 3036, 8893
5, 1249, 43718036, 43721810, 3036, 6810
5, 125, 4378036, 4381810, 3036, 6810
5, 1250, 43753036, 43757132, 3036, 7132
5, 1251, 43788036, 43792785, 3036, 7785
5, 1252, 43823036, 43827116, 3036, 7116
5, 1253, 43858036, 43861810, 3036, 6810
5, 1254, 43893036, 43897466, 3036, 7466
5, 1255, 43928036, 43931810, 3036, 6810
5, 1256, 43963036, 43968405, 3036, 8405
5, 1257, 43998036, 44001810, 3036, 6810
5, 1258, 44033036, 44037141, 3036, 7141
5, 1259, 44068036, 44071810, 3036, 6810
5, 126, 4413036, 4417085, 3036, 7085
5, 1260, 44103036, 44108342, 3036, 8342
5, 1261, 44138036, 44141810, 3036, 6810
5, 1262, 44173036, 44176810, 3036, 6810
5, 1263, 44208036, 44211810, 3036, 6810
5, 1264, 44243036, 44248405, 3036, 8405
5, 1265, 44278036, 44281810, 3036, 6810
5, 1266, 44313036, 44318349, 3036, 8349
5, 1267, 44348036, 44351810, 3036, 6810
5, 1268, 44383036, 44388405, 3036, 8405
5, 1269, 44418036, 44421810, 3036, 6810
5, 127, 4448036, 4451810, 3036, 6810
5, 1270, 44453036, 44457132, 3036, 7132
5, 1271, 44488036, 44491810, 3036, 6810
5, 1272, 44523036, 44527969, 3036, 7969
5, 1273, 44558036, 44561810, 3036, 6810
5, 1274, 44593036, 44596810, 3036, 6810
5, 1275, 44628036, 44631810, 3036, 6810
5, 1276, 44663036, 44667116, 3036, 7116
5, 1277, 44698036, 44701810, 3036, 6810
5, 1278, 44733036, 44739229, 3036, 9229
5, 1279, 44768036, 44771810, 3036, 6810
5, 128, 4483036, 4488405, 3036, 8405
5, 1280, 44803036, 44811832, 3036, 11832
5, 1281, 44838036, 44841810, 3036, 6810
5, 1282, 44873036, 44876810, 3036, 6810
5, 1283, 44908036, 44911810, 3036, 6810
5, 1284, 44943036, 44947969, 3036, 7969
5, 1285, 44978036, 44981810, 3036, 6810
5, 1286, 45013036, 45016810, 3036, 6810
5, 1287, 45048036, 45051810, 3036, 6810
5, 1288, 45083036, 45088230, 3036, 8230
5, 1289, 45118036, 45121810, 3036, 6810
5, 129, 4518036, 4521810, 3036, 6810
5, 1290, 45153036, 45158901, 3036, 8901
5, 1291, 45188036, 45191810, 3036, 6810
5, 1292, 45223036, 45228405, 3036, 8405
5, 1293, 45258036, 45261810, 3036, 6810
5, 1294, 45293036, 45296810, 3036, 6810
5, 1295, 45328036, 45331810, 3036, 6810
5, 1296, 45363036, 45368893, 3036, 8893
5, 1297, 45398036, 45401810, 3036, 6810
5, 1298, 45433036, 45436810, 3036, 6810
5, 1299, 45468036, 45471810, 3036, 6810
5, 13, 458036, 461810, 3036, 6810
5, 130, 4553036, 4557132, 3036, 7132
5, 1300, 45503036, 45508957, 3036, 8957
5, 1301, 45538036, 45541810, 3036, 6810
5, 1302, 45573036, 45578349, 3036, 8349
5, 1303, 45608036, 45611810, 3036, 6810
5, 1304, 45643036, 45647116, 3036, 7116
5, 1305, 45678036, 45681810, 3036, 6810
5, 1306, 45713036, 45716810, 3036, 6810
5, 1307, 45748036, 45751810, 3036, 6810
5, 1308, 45783036, 45787969, 3036, 7969
5, 1309, 45818036, 45821810, 3036, 6810
5, 131, 4588036, 4591810, 3036, 6810
5, 1310, 45853036, 45858413, 3036, 8413
5, 1311, 45888036, 45891810, 3036, 6810
5, 1312, 45923036, 45929478, 3036, 9478
5, 1313, 45958036, 45961810, 3036, 6810
5, 1314, 45993036, 45998349, 3036, 8349
5, 1315, 46028036, 46031810, 3036, 6810
5, 1316, 46063036, 46067116, 3036, 7116
5, 1317, 46098036, 46101810, 3036, 6810
5, 1318, 46133036, 46136810, 3036, 6810
5, 1319, 46168036, 46172249, 3036, 7249
5, 132, 4623036, 4628893, 3036, 8893
5, 1320, 46203036, 46208342, 3036, 8342
5, 1321, 46238036, 46241810, 3036, 6810
5, 1322, 46273036, 46277141, 3036, 7141
5, 1323, 46308036, 46311810, 3036, 6810
5, 1324, 46343036, 46348405, 3036, 8405
5, 1325, 46378036, 46381810, 3036, 6810
5, 1326, 46413036, 46418349, 3036, 8349
5, 1327, 46448036, 46451810, 3036, 6810
5, 1328, 46483036, 46488405, 3036, 8405
5, 1329, 46518036, 46521810, 3036, 6810
5, 133, 4658036, 4661810, 3036, 6810
5, 1330, 46553036, 46557132, 3036, 7132
5, 1331, 46588036, 46591810, 3036, 6810
5, 1332, 46623036, 46627969, 3036, 7969
5, 1333, 46658036, 46661810, 3036, 6810
5, 1334, 46693036, 46697141, 3036, 7141
5, 1335, 46728036, 46731810, 3036, 6810
5, 1336, 46763036, 46768405, 3036, 8405
5, 1337, 46798036, 46801810, 3036, 6810
5, 1338, 46833036, 46837085, 3036, 7085
5, 1339, 46868036, 46871810, 3036, 6810
5, 134, 4693036, 4697141, 3036, 7141
5, 1340, 46903036, 46908017, 3036, 8017
5, 1341, 46938036, 46941810, 3036, 6810
5, 1342, 46973036, 46976810, 3036, 6810
5, 1343, 47008036, 47011810, 3036, 6810
5, 1344, 47043036, 47048893, 3036, 8893
5, 1345, 47078036, 47081810, 3036, 6810
5, 1346, 47113036, 47117141, 3036, 7141
5, 1347, 47148036, 47151810, 3036, 6810
5, 1348, 47183036, 47188405, 3036, 8405
5, 1349, 47218036, 47221810, 3036, 6810
5, 135, 4728036, 4731810, 3036, 6810
5, 1350, 47253036, 47257980, 3036, 7980
5, 1351, 47288036, 47291810, 3036, 6810
5, 1352, 47323036, 47327116, 3036, 7116
5, 1353, 47358036, 47361810, 3036, 6810
5, 1354, 47393036, 47396810, 3036, 6810
5, 1355, 47428036, 47431810, 3036, 6810
5, 1356, 47463036, 47468893, 3036, 8893
5, 1357, 47498036, 47501810, 3036, 6810
5, 1358, 47533036, 47537141, 3036, 7141
5, 1359, 47568036, 47571810, 3036, 6810
5, 136, 4763036, 4768405, 3036, 8405
5, 1360, 47603036, 47611345, 3036, 11345
5, 1361, 47638036, 47641810, 3036, 6810
5, 1362, 47673036, 47677085, 3036, 7085
5, 1363, 47708036, 47711810, 3036, 6810
5, 1364, 47743036, 47747116, 3036, 7116
5, 1365, 47778036, 47781810, 3036, 6810
5, 1366, 47813036, 47816810, 3036, 6810
5, 1367, 47848036, 47851810, 3036, 6810
5, 1368, 47883036, 47888893, 3036, 8893
5, 1369, 47918036, 47921810, 3036, 6810
5, 137, 4798036, 4801810, 3036, 6810
5, 1370, 47953036, 47958413, 3036, 8413
5, 1371, 47988036, 47991810, 3036, 6810
5, 1372, 48023036, 48027116, 3036, 7116
5, 1373, 48058036, 48061810, 3036, 6810
5, 1374, 48093036, 48097085, 3036, 7085
5, 1375, 48128036, 48131810, 3036, 6810
5, 1376, 48163036, 48168405, 3036, 8405
5, 1377, 48198036, 48201810, 3036, 6810
5, 1378, 48233036, 48236810, 3036, 6810
5, 1379, 48268036, 48271810, 3036, 6810
5, 138, 4833036, 4837085, 3036, 7085
5, 1380, 48303036, 48309444, 3036, 9444
5, 1381, 48338036, 48341810, 3036, 6810
5, 1382, 48373036, 48377141, 3036, 7141
5, 1383, 48408036, 48411810, 3036, 6810
5, 1384, 48443036, 48447116, 3036, 7116
5, 1385, 48478036, 48481810, 3036, 6810
5, 1386, 48513036, 48517085, 3036, 7085
5, 1387, 48548036, 48551810, 3036, 6810
5, 1388, 48583036, 48587116, 3036, 7116
5, 1389, 48618036, 48621810, 3036, 6810
5, 139, 4868036, 4871810, 3036, 6810
5, 1390, 48653036, 48658413, 3036, 8413
5, 1391, 48688036, 48691810, 3036, 6810
5, 1392, 48723036, 48731832, 3036, 11832
5, 1393, 48758036, 48761810, 3036, 6810
5, 1394, 48793036, 48797141, 3036, 7141
5, 1395, 48828036, 48831810, 3036, 6810
5, 1396, 48863036, 48867116, 3036, 7116
5, 1397, 48898036, 48901810, 3036, 6810
5, 1398, 48933036, 48937085, 3036, 7085
5, 1399, 48968036, 48971810, 3036, 6810
5, 14, 493036, 496810, 3036, 6810
5, 140, 4903036, 4908017, 3036, 8017
5, 1400, 49003036, 49008017, 3036, 8017
5, 1401, 49038036, 49041810, 3036, 6810
5, 1402, 49073036, 49077141, 3036, 7141
5, 1403, 49108036, 49111810, 3036, 6810
5, 1404, 49143036, 49148893, 3036, 8893
5, 1405, 49178036, 49181810, 3036, 6810
5, 1406, 49213036, 49216810, 3036, 6810
5, 1407, 49248036, 49251810, 3036, 6810
5, 1408, 49283036, 49288405, 3036, 8405
5, 1409, 49318036, 49321810, 3036, 6810
5, 141, 4938036, 4941810, 3036, 6810
5, 1410, 49353036, 49357980, 3036, 7980
5, 1411, 49388036, 49391810, 3036, 6810
5, 1412, 49423036, 49427116, 3036, 7116
5, 1413, 49458036, 49461810, 3036, 6810
5, 1414, 49493036, 49497141, 3036, 7141
5, 1415, 49528036, 49531810, 3036, 6810
5, 1416, 49563036, 49568893, 3036, 8893
5, 1417, 49598036, 49601810, 3036, 6810
5, 1418, 49633036, 49636810, 3036, 6810
5, 1419, 49668036, 49671810, 3036, 6810
5, 142, 4973036, 4976810, 3036, 6810
5, 1420, 49703036, 49708017, 3036, 8017
5, 1421, 49738036, 49741810, 3036, 6810
5, 1422, 49773036, 49777085, 3036, 7085
5, 1423, 49808036, 49811810, 3036, 6810
5, 1424, 49843036, 49850023, 3036, 10023
5, 1425, 49878036, 49881810, 3036, 6810
5, 1426, 49913036, 49917141, 3036, 7141
5, 1427, 49948036, 49951810, 3036, 6810
5, 1428, 49983036, 49988893, 3036, 8893
5, 1429, 50018036, 50021810, 3036, 6810
5, 143, 5008036, 5011810, 3036, 6810
5, 1430, 50053036, 50057132, 3036, 7132
5, 1431, 50088036, 50092773, 3036, 7773
5, 1432, 50123036, 50127116, 3036, 7116
5, 1433, 50158036, 50161810, 3036, 6810
5, 1434, 50193036, 50197085, 3036, 7085
5, 1435, 50228036, 50231810, 3036, 6810
5, 1436, 50263036, 50268405, 3036, 8405
5, 1437, 50298036, 50301810, 3036, 6810
5, 1438, 50333036, 50337333, 3036, 7333
5, 1439, 50368036, 50371810, 3036, 6810
5, 144, 5043036, 5051281, 3036, 11281
5, 1440, 50403036, 50409444, 3036, 9444
5, 1441, 50438036, 50441810, 3036, 6810
5, 1442, 50473036, 50476810, 3036, 6810
5, 1443, 50508036, 50511810, 3036, 6810
5, 1444, 50543036, 50547116, 3036, 7116
5, 1445, 50578036, 50581810, 3036, 6810
5, 1446, 50613036, 50617085, 3036, 7085
5, 1447, 50648036, 50651810, 3036, 6810
5, 1448, 50683036, 50688405, 3036, 8405
5, 1449, 50718036, 50721810, 3036, 6810
5, 145, 5078036, 5081810, 3036, 6810
5, 1450, 50753036, 50758413, 3036, 8413
5, 1451, 50788036, 50791810, 3036, 6810
5, 1452, 50823036, 50827969, 3036, 7969
5, 1453, 50858036, 50861810, 3036, 6810
5, 1454, 50893036, 50896810, 3036, 6810
5, 1455, 50928036, 50931810, 3036, 6810
5, 1456, 50963036, 50968405, 3036, 8405
5, 1457, 50998036, 51001810, 3036, 6810
5, 1458, 51033036, 51037466, 3036, 7466
5, 1459, 51068036, 51071810, 3036, 6810
5, 146, 5113036, 5117141, 3036, 7141
5, 1460, 51103036, 51108957, 3036, 8957
5, 1461, 51138036, 51141810, 3036, 6810
5, 1462, 51173036, 51177141, 3036, 7141
5, 1463, 51208036, 51211810, 3036, 6810
5, 1464, 51243036, 51247969, 3036, 7969
5, 1465, 51278036, 51281810, 3036, 6810
5, 1466, 51313036, 51316810, 3036, 6810
5, 1467, 51348036, 51351810, 3036, 6810
5, 1468, 51383036, 51387116, 3036, 7116
5, 1469, 51418036, 51421810, 3036, 6810
5, 147, 5148036, 5151810, 3036, 6810
5, 1470, 51453036, 51458901, 3036, 8901
5, 1471, 51488036, 51491810, 3036, 6810
5, 1472, 51523036, 51529478, 3036, 9478
5, 1473, 51558036, 51561810, 3036, 6810
5, 1474, 51593036, 51596810, 3036, 6810
5, 1475, 51628036, 51631810, 3036, 6810
5, 1476, 51663036, 51667969, 3036, 7969
5, 1477, 51698036, 51701810, 3036, 6810
5, 1478, 51733036, 51736810, 3036, 6810
5, 1479, 51768036, 51771810, 3036, 6810
5, 148, 5183036, 5187116, 3036, 7116
5, 1480, 51803036, 51808017, 3036, 8017
5, 1481, 51838036, 51841810, 3036, 6810
5, 1482, 51873036, 51878349, 3036, 8349
5, 1483, 51908036, 51911810, 3036, 6810
5, 1484, 51943036, 51948405, 3036, 8405
5, 1485, 51978036, 51981810, 3036, 6810
5, 1486, 52013036, 52016810, 3036, 6810
5, 1487, 52048036, 52051810, 3036, 6810
5, 1488, 52083036, 52088893, 3036, 8893
5, 1489, 52118036, 52121810, 3036, 6810
5, 149, 5218036, 5221810, 3036, 6810
5, 1490, 52153036, 52157132, 3036, 7132
5, 1491, 52188036, 52191810, 3036, 6810
5, 1492, 52223036, 52228300, 3036, 8300
5, 1493, 52258036, 52261810, 3036, 6810
5, 1494, 52293036, 52298349, 3036, 8349
5, 1495, 52328036, 52331810, 3036, 6810
5, 1496, 52363036, 52368405, 3036, 8405
5, 1497, 52398036, 52401810, 3036, 6810
5, 1498, 52433036, 52436810, 3036, 6810
5, 1499, 52468036, 52471810, 3036, 6810
5, 15, 528036, 531810, 3036, 6810
5, 150, 5253036, 5257980, 3036, 7980
5, 1500, 52503036, 52508342, 3036, 8342
5, 1501, 52538036, 52541810, 3036, 6810
5, 1502, 52573036, 52576810, 3036, 6810
5, 1503, 52608036, 52611810, 3036, 6810
5, 1504, 52643036, 52649478, 3036, 9478
5, 1505, 52678036, 52681810, 3036, 6810
5, 1506, 52713036, 52718349, 3036, 8349
5, 1507, 52748036, 52751810, 3036, 6810
5, 1508, 52783036, 52787116, 3036, 7116
5, 1509, 52818036, 52821810, 3036, 6810
5, 151, 5288036, 5294038, 3036, 9038
5, 1510, 52853036, 52857132, 3036, 7132
5, 1511, 52888036, 52894045, 3036, 9045
5, 1512, 52923036, 52927969, 3036, 7969
5, 1513, 52958036, 52961810, 3036, 6810
5, 1514, 52993036, 52997141, 3036, 7141
5, 1515, 53028036, 53031810, 3036, 6810
5, 1516, 53063036, 53068405, 3036, 8405
5, 1517, 53098036, 53101810, 3036, 6810
5, 1518, 53133036, 53138349, 3036, 8349
5, 1519, 53168036, 53171810, 3036, 6810
5, 152, 5323036, 5327116, 3036, 7116
5, 1520, 53203036, 53208957, 3036, 8957
5, 1521, 53238036, 53241810, 3036, 6810
5, 1522, 53273036, 53276810, 3036, 6810
5, 1523, 53308036, 53311810, 3036, 6810
5, 1524, 53343036, 53347969, 3036, 7969
5, 1525, 53378036, 53381810, 3036, 6810
5, 1526, 53413036, 53416837, 3036, 6837
5, 1527, 53448036, 53451810, 3036, 6810
5, 1528, 53483036, 53488405, 3036, 8405
5, 1529, 53518036, 53521810, 3036, 6810
5, 153, 5358036, 5361810, 3036, 6810
5, 1530, 53553036, 53558901, 3036, 8901
5, 1531, 53588036, 53591810, 3036, 6810
5, 1532, 53623036, 53627116, 3036, 7116
5, 1533, 53658036, 53661810, 3036, 6810
5, 1534, 53693036, 53696810, 3036, 6810
5, 1535, 53728036, 53731810, 3036, 6810
5, 1536, 53763036, 53768893, 3036, 8893
5, 1537, 53798036, 53801810, 3036, 6810
5, 1538, 53833036, 53837141, 3036, 7141
5, 1539, 53868036, 53871810, 3036, 6810
5, 154, 5393036, 5397141, 3036, 7141
5, 1540, 53903036, 53908957, 3036, 8957
5, 1541, 53938036, 53941810, 3036, 6810
5, 1542, 53973036, 53977085, 3036, 7085
5, 1543, 54008036, 54011810, 3036, 6810
5, 1544, 54043036, 54047116, 3036, 7116
5, 1545, 54078036, 54081810, 3036, 6810
5, 1546, 54113036, 54116810, 3036, 6810
5, 1547, 54148036, 54151810, 3036, 6810
5, 1548, 54183036, 54187969, 3036, 7969
5, 1549, 54218036, 54221810, 3036, 6810
5, 155, 5428036, 5431810, 3036, 6810
5, 1550, 54253036, 54258530, 3036, 8530
5, 1551, 54288036, 54291810, 3036, 6810
5, 1552, 54323036, 54329478, 3036, 9478
5, 1553, 54358036, 54361810, 3036, 6810
5, 1554, 54393036, 54397085, 3036, 7085
5, 1555, 54428036, 54431810, 3036, 6810
5, 1556, 54463036, 54467116, 3036, 7116
5, 1557, 54498036, 54501810, 3036, 6810
5, 1558, 54533036, 54536810, 3036, 6810
5, 1559, 54568036, 54571810, 3036, 6810
5, 156, 5463036, 5468893, 3036, 8893
5, 1560, 54603036, 54609087, 3036, 9087
5, 1561, 54638036, 54641810, 3036, 6810
5, 1562, 54673036, 54677141, 3036, 7141
5, 1563, 54708036, 54711810, 3036, 6810
5, 1564, 54743036, 54748405, 3036, 8405
5, 1565, 54778036, 54781810, 3036, 6810
5, 1566, 54813036, 54817085, 3036, 7085
5, 1567, 54848036, 54851810, 3036, 6810
5, 1568, 54883036, 54888405, 3036, 8405
5, 1569, 54918036, 54921810, 3036, 6810
5, 157, 5498036, 5501810, 3036, 6810
5, 1570, 54953036, 54957132, 3036, 7132
5, 1571, 54988036, 54991810, 3036, 6810
5, 1572, 55023036, 55028893, 3036, 8893
5, 1573, 55058036, 55061810, 3036, 6810
5, 1574, 55093036, 55097141, 3036, 7141
5, 1575, 55128036, 55131810, 3036, 6810
5, 1576, 55163036, 55167116, 3036, 7116
5, 1577, 55198036, 55201810, 3036, 6810
5, 1578, 55233036, 55237085, 3036, 7085
5, 1579, 55268036, 55271810, 3036, 6810
5, 158, 5533036, 5537141, 3036, 7141
5, 1580, 55303036, 55308017, 3036, 8017
5, 1581, 55338036, 55341810, 3036, 6810
5, 1582, 55373036, 55377141, 3036, 7141
5, 1583, 55408036, 55411810, 3036, 6810
5, 1584, 55443036, 55451281, 3036, 11281
5, 1585, 55478036, 55481810, 3036, 6810
5, 1586, 55513036, 55517141, 3036, 7141
5, 1587, 55548036, 55551810, 3036, 6810
5, 1588, 55583036, 55587116, 3036, 7116
5, 1589, 55618036, 55621810, 3036, 6810
5, 159, 5568036, 5571810, 3036, 6810
5, 1590, 55653036, 55657980, 3036, 7980
5, 1591, 55688036, 55695981, 3036, 10981
5, 1592, 55723036, 55727116, 3036, 7116
5, 1593, 55758036, 55761810, 3036, 6810
5, 1594, 55793036, 55797141, 3036, 7141
5, 1595, 55828036, 55831810, 3036, 6810
5, 1596, 55863036, 55868893, 3036, 8893
5, 1597, 55898036, 55901810, 3036, 6810
5, 1598, 55933036, 55937141, 3036, 7141
5, 1599, 55968036, 55971810, 3036, 6810
5, 16, 563036, 568405, 3036, 8405
5, 160, 5603036, 5608957, 3036, 8957
5, 1600, 56003036, 56008957, 3036, 8957
5, 1601, 56038036, 56041810, 3036, 6810
5, 1602, 56073036, 56077085, 3036, 7085
5, 1603, 56108036, 56111810, 3036, 6810
5, 1604, 56143036, 56147116, 3036, 7116
5, 1605, 56178036, 56181810, 3036, 6810
5, 1606, 56213036, 56217141, 3036, 7141
5, 1607, 56248036, 56251810, 3036, 6810
5, 1608, 56283036, 56288893, 3036, 8893
5, 1609, 56318036, 56321810, 3036, 6810
5, 161, 5638036, 5641810, 3036, 6810
5, 1610, 56353036, 56357132, 3036, 7132
5, 1611, 56388036, 56391810, 3036, 6810
5, 1612, 56423036, 56427116, 3036, 7116
5, 1613, 56458036, 56461810, 3036, 6810
5, 1614, 56493036, 56497085, 3036, 7085
5, 1615, 56528036, 56531810, 3036, 6810
5, 1616, 56563036, 56568405, 3036, 8405
5, 1617, 56598036, 56601810, 3036, 6810
5, 1618, 56633036, 56637141, 3036, 7141
5, 1619, 56668036, 56671810, 3036, 6810
5, 162, 5673036, 5677085, 3036, 7085
5, 1620, 56703036, 56709444, 3036, 9444
5, 1621, 56738036, 56741810, 3036, 6810
5, 1622, 56773036, 56776810, 3036, 6810
5, 1623, 56808036, 56811810, 3036, 6810
5, 1624, 56843036, 56847116, 3036, 7116
5, 1625, 56878036, 56881810, 3036, 6810
5, 1626, 56913036, 56917085, 3036, 7085
5, 1627, 56948036, 56951810, 3036, 6810
5, 1628, 56983036, 56988405, 3036, 8405
5, 1629, 57018036, 57021810, 3036, 6810
5, 163, 5708036, 5711810, 3036, 6810
5, 1630, 57053036, 57060513, 3036, 10513
5, 1631, 57088036, 57091810, 3036, 6810
5, 1632, 57123036, 57131832, 3036, 11832
5, 1633, 57158036, 57161810, 3036, 6810
5, 1634, 57193036, 57196810, 3036, 6810
5, 1635, 57228036, 57231810, 3036, 6810
5, 1636, 57263036, 57267116, 3036, 7116
5, 1637, 57298036, 57301810, 3036, 6810
5, 1638, 57333036, 57337085, 3036, 7085
5, 1639, 57368036, 57371810, 3036, 6810
5, 164, 5743036, 5747116, 3036, 7116
5, 1640, 57403036, 57408957, 3036, 8957
5, 1641, 57438036, 57441810, 3036, 6810
5, 1642, 57473036, 57477141, 3036, 7141
5, 1643, 57508036, 57511810, 3036, 6810
5, 1644, 57543036, 57547969, 3036, 7969
5, 1645, 57578036, 57581810, 3036, 6810
5, 1646, 57613036, 57616810, 3036, 6810
5, 1647, 57648036, 57651810, 3036, 6810
5, 1648, 57683036, 57688405, 3036, 8405
5, 1649, 57718036, 57721810, 3036, 6810
5, 165, 5778036, 5781810, 3036, 6810
5, 1650, 57753036, 57757980, 3036, 7980
5, 1651, 57788036, 57791810, 3036, 6810
5, 1652, 57823036, 57828405, 3036, 8405
5, 1653, 57858036, 57861810, 3036, 6810
5, 1654, 57893036, 57897141, 3036, 7141
5, 1655, 57928036, 57931810, 3036, 6810
5, 1656, 57963036, 57967969, 3036, 7969
5, 1657, 57998036, 58001810, 3036, 6810
5, 1658, 58033036, 58036810, 3036, 6810
5, 1659, 58068036, 58071810, 3036, 6810
5, 166, 5813036, 5817141, 3036, 7141
5, 1660, 58103036, 58108017, 3036, 8017
5, 1661, 58138036, 58141810, 3036, 6810
5, 1662, 58173036, 58177466, 3036, 7466
5, 1663, 58208036, 58211810, 3036, 6810
5, 1664, 58243036, 58249478, 3036, 9478
5, 1665, 58278036, 58281810, 3036, 6810
5, 1666, 58313036, 58317141, 3036, 7141
5, 1667, 58348036, 58351810, 3036, 6810
5, 1668, 58383036, 58387969, 3036, 7969
5, 1669, 58418036, 58421810, 3036, 6810
5, 167, 5848036, 5851810, 3036, 6810
5, 1670, 58453036, 58457132, 3036, 7132
5, 1671, 58488036, 58491810, 3036, 6810
5, 1672, 58523036, 58527116, 3036, 7116
5, 1673, 58558036, 58561810, 3036, 6810
5, 1674, 58593036, 58598349, 3036, 8349
5, 1675, 58628036, 58631810, 3036, 6810
5, 1676, 58663036, 58668405, 3036, 8405
5, 1677, 58698036, 58701810, 3036, 6810
5, 1678, 58733036, 58736810, 3036, 6810
5, 1679, 58768036, 58771810, 3036, 6810
5, 168, 5883036, 5888893, 3036, 8893
5, 1680, 58803036, 58809444, 3036, 9444
5, 1681, 58838036, 58841810, 3036, 6810
5, 1682, 58873036, 58876810, 3036, 6810
5, 1683, 58908036, 58911810, 3036, 6810
5, 1684, 58943036, 58947116, 3036, 7116
5, 1685, 58978036, 58981810, 3036, 6810
5, 1686, 59013036, 59018349, 3036, 8349
5, 1687, 59048036, 59051810, 3036, 6810
5, 1688, 59083036, 59088405, 3036, 8405
5, 1689, 59118036, 59121810, 3036, 6810
5, 169, 5918036, 5921810, 3036, 6810
5, 1690, 59153036, 59157132, 3036, 7132
5, 1691, 59188036, 59191810, 3036, 6810
5, 1692, 59223036, 59227969, 3036, 7969
5, 1693, 59258036, 59261810, 3036, 6810
5, 1694, 59293036, 59296810, 3036, 6810
5, 1695, 59328036, 59331810, 3036, 6810
5, 1696, 59363036, 59369284, 3036, 9284
5, 1697, 59398036, 59401810, 3036, 6810
5, 1698, 59433036, 59438349, 3036, 8349
5, 1699, 59468036, 59471810, 3036, 6810
5, 17, 598036, 601810, 3036, 6810
5, 170, 5953036, 5958413, 3036, 8413
5, 1700, 59503036, 59508957, 3036, 8957
5, 1701, 59538036, 59541810, 3036, 6810
5, 1702, 59573036, 59576810, 3036, 6810
5, 1703, 59608036, 59611848, 3036, 6848
5, 1704, 59643036, 59647969, 3036, 7969
5, 1705, 59678036, 59681810, 3036, 6810
5, 1706, 59713036, 59716810, 3036, 6810
5, 1707, 59748036, 59751810, 3036, 6810
5, 1708, 59783036, 59788405, 3036, 8405
5, 1709, 59818036, 59821810, 3036, 6810
5, 171, 5988036, 5991810, 3036, 6810
5, 1710, 59853036, 59858901, 3036, 8901
5, 1711, 59888036, 59891810, 3036, 6810
5, 1712, 59923036, 59928405, 3036, 8405
5, 1713, 59958036, 59961810, 3036, 6810
5, 1714, 59993036, 59996810, 3036, 6810
5, 1715, 60028036, 60031810, 3036, 6810
5, 1716, 60063036, 60067969, 3036, 7969
5, 1717, 60098036, 60101810, 3036, 6810
5, 1718, 60133036, 60136810, 3036, 6810
5, 1719, 60168036, 60171810, 3036, 6810
5, 172, 6023036, 6027116, 3036, 7116
5, 1720, 60203036, 60208957, 3036, 8957
5, 1721, 60238036, 60241810, 3036, 6810
5, 1722, 60273036, 60278349, 3036, 8349
5, 1723, 60308036, 60311810, 3036, 6810
5, 1724, 60343036, 60347116, 3036, 7116
5, 1725, 60378036, 60381810, 3036, 6810
5, 1726, 60413036, 60416810, 3036, 6810
5, 1727, 60448036, 60451810, 3036, 6810
5, 1728, 60483036, 60488893, 3036, 8893
5, 1729, 60518036, 60521810, 3036, 6810
5, 173, 6058036, 6061810, 3036, 6810
5, 1730, 60553036, 60558413, 3036, 8413
5, 1731, 60588036, 60591810, 3036, 6810
5, 1732, 60623036, 60628405, 3036, 8405
5, 1733, 60658036, 60661810, 3036, 6810
5, 1734, 60693036, 60698349, 3036, 8349
5, 1735, 60728036, 60731810, 3036, 6810
5, 1736, 60763036, 60767116, 3036, 7116
5, 1737, 60798036, 60801810, 3036, 6810
5, 1738, 60833036, 60836810, 3036, 6810
5, 1739, 60868036, 60871810, 3036, 6810
5, 174, 6093036, 6097085, 3036, 7085
5, 1740, 60903036, 60908342, 3036, 8342
5, 1741, 60938036, 60941810, 3036, 6810
5, 1742, 60973036, 60977141, 3036, 7141
5, 1743, 61008036, 61011810, 3036, 6810
5, 1744, 61043036, 61049478, 3036, 9478
5, 1745, 61078036, 61081810, 3036, 6810
5, 1746, 61113036, 61117085, 3036, 7085
5, 1747, 61148036, 61151810, 3036, 6810
5, 1748, 61183036, 61187116, 3036, 7116
5, 1749, 61218036, 61221810, 3036, 6810
5, 175, 6128036, 6131810, 3036, 6810
5, 1750, 61253036, 61257132, 3036, 7132
5, 1751, 61288036, 61291810, 3036, 6810
5, 1752, 61323036, 61327969, 3036, 7969
5, 1753, 61358036, 61361810, 3036, 6810
5, 1754, 61393036, 61397141, 3036, 7141
5, 1755, 61428036, 61431810, 3036, 6810
5, 1756, 61463036, 61468405, 3036, 8405
5, 1757, 61498036, 61501810, 3036, 6810
5, 1758, 61533036, 61537085, 3036, 7085
5, 1759, 61568036, 61571810, 3036, 6810
5, 176, 6163036, 6168405, 3036, 8405
5, 1760, 61603036, 61608957, 3036, 8957
5, 1761, 61638036, 61641810, 3036, 6810
5, 1762, 61673036, 61676810, 3036, 6810
5, 1763, 61708036, 61711810, 3036, 6810
5, 1764, 61743036, 61748614, 3036, 8614
5, 1765, 61778036, 61781810, 3036, 6810
5, 1766, 61813036, 61817141, 3036, 7141
5, 1767, 61848036, 61851810, 3036, 6810
5, 1768, 61883036, 61888405, 3036, 8405
5, 1769, 61918036, 61921810, 3036, 6810
5, 177, 6198036, 6201810, 3036, 6810
5, 1770, 61953036, 61957980, 3036, 7980
5, 1771, 61988036, 61991810, 3036, 6810
5, 1772, 62023036, 62027116, 3036, 7116
5, 1773, 62058036, 62061810, 3036, 6810
5, 1774, 62093036, 62096810, 3036, 6810
5, 1775, 62128036, 62131810, 3036, 6810
5, 1776, 62163036, 62171281, 3036, 11281
5, 1777, 62198036, 62201810, 3036, 6810
5, 1778, 62233036, 62237141, 3036, 7141
5, 1779, 62268036, 62271810, 3036, 6810
5, 178, 6233036, 6237141, 3036, 7141
5, 1780, 62303036, 62308017, 3036, 8017
5, 1781, 62338036, 62341810, 3036, 6810
5, 1782, 62373036, 62377085, 3036, 7085
5, 1783, 62408036, 62413695, 3036, 8695
5, 1784, 62443036, 62447116, 3036, 7116
5, 1785, 62478036, 62481810, 3036, 6810
5, 1786, 62513036, 62517141, 3036, 7141
5, 1787, 62548036, 62551810, 3036, 6810
5, 1788, 62583036, 62588893, 3036, 8893
5, 1789, 62618036, 62621810, 3036, 6810
5, 179, 6268036, 6271810, 3036, 6810
5, 1790, 62653036, 62658413, 3036, 8413
5, 1791, 62688036, 62691810, 3036, 6810
5, 1792, 62723036, 62728405, 3036, 8405
5, 1793, 62758036, 62761810, 3036, 6810
5, 1794, 62793036, 62797085, 3036, 7085
5, 1795, 62828036, 62831810, 3036, 6810
5, 1796, 62863036, 62867116, 3036, 7116
5, 1797, 62898036, 62901810, 3036, 6810
5, 1798, 62933036, 62937141, 3036, 7141
5, 1799, 62968036, 62971810, 3036, 6810
5, 18, 633036, 637085, 3036, 7085
5, 180, 6303036, 6309444, 3036, 9444
5, 1800, 63003036, 63009444, 3036, 9444
5, 1801, 63038036, 63041810, 3036, 6810
5, 1802, 63073036, 63077141, 3036, 7141
5, 1803, 63108036, 63111810, 3036, 6810
5, 1804, 63143036, 63147116, 3036, 7116
5, 1805, 63178036, 63181810, 3036, 6810
5, 1806, 63213036, 63217085, 3036, 7085
5, 1807, 63248036, 63251810, 3036, 6810
5, 1808, 63283036, 63288405, 3036, 8405
5, 1809, 63318036, 63321810, 3036, 6810
5, 181, 6338036, 6341810, 3036, 6810
5, 1810, 63353036, 63358413, 3036, 8413
5, 1811, 63388036, 63391810, 3036, 6810
5, 1812, 63423036, 63428893, 3036, 8893
5, 1813, 63458036, 63461810, 3036, 6810
5, 1814, 63493036, 63496810, 3036, 6810
5, 1815, 63528036, 63532849, 3036, 7849
5, 1816, 63563036, 63567116, 3036, 7116
5, 1817, 63598036, 63601810, 3036, 6810
5, 1818, 63633036, 63637085, 3036, 7085
5, 1819, 63668036, 63671810, 3036, 6810
5, 182, 6373036, 6376810, 3036, 6810
5, 1820, 63703036, 63708056, 3036, 8056
5, 1821, 63738036, 63741810, 3036, 6810
5, 1822, 63773036, 63777746, 3036, 7746
5, 1823, 63808036, 63811810, 3036, 6810
5, 1824, 63843036, 63851281, 3036, 11281
5, 1825, 63878036, 63881810, 3036, 6810
5, 1826, 63913036, 63916810, 3036, 6810
5, 1827, 63948036, 63951810, 3036, 6810
5, 1828, 63983036, 63987116, 3036, 7116
5, 1829, 64018036, 64021810, 3036, 6810
5, 183, 6408036, 6411810, 3036, 6810
5, 1830, 64053036, 64057980, 3036, 7980
5, 1831, 64088036, 64091810, 3036, 6810
5, 1832, 64123036, 64128387, 3036, 8387
5, 1833, 64158036, 64161810, 3036, 6810
5, 1834, 64193036, 64197141, 3036, 7141
5, 1835, 64228036, 64231810, 3036, 6810
5, 1836, 64263036, 64268893, 3036, 8893
5, 1837, 64298036, 64301810, 3036, 6810
5, 1838, 64333036, 64336810, 3036, 6810
5, 1839, 64368036, 64371810, 3036, 6810
5, 184, 6443036, 6447116, 3036, 7116
5, 1840, 64403036, 64408957, 3036, 8957
5, 1841, 64438036, 64441810, 3036, 6810
5, 1842, 64473036, 64477085, 3036, 7085
5, 1843, 64508036, 64511810, 3036, 6810
5, 1844, 64543036, 64548405, 3036, 8405
5, 1845, 64578036, 64581810, 3036, 6810
5, 1846, 64613036, 64617141, 3036, 7141
5, 1847, 64648036, 64651810, 3036, 6810
5, 1848, 64683036, 64687969, 3036, 7969
5, 1849, 64718036, 64721810, 3036, 6810
5, 185, 6478036, 6481810, 3036, 6810
5, 1850, 64753036, 64757132, 3036, 7132
5, 1851, 64788036, 64791810, 3036, 6810
5, 1852, 64823036, 64827116, 3036, 7116
5, 1853, 64858036, 64861810, 3036, 6810
5, 1854, 64893036, 64897085, 3036, 7085
5, 1855, 64928036, 64931810, 3036, 6810
5, 1856, 64963036, 64969478, 3036, 9478
5, 1857, 64998036, 65001810, 3036, 6810
5, 1858, 65033036, 65037141, 3036, 7141
5, 1859, 65068036, 65071810, 3036, 6810
5, 186, 6513036, 6517085, 3036, 7085
5, 1860, 65103036, 65108342, 3036, 8342
5, 1861, 65138036, 65141810, 3036, 6810
5, 1862, 65173036, 65176810, 3036, 6810
5, 1863, 65208036, 65217316, 3036, 12316
5, 1864, 65243036, 65247116, 3036, 7116
5, 1865, 65278036, 65281810, 3036, 6810
5, 1866, 65313036, 65317466, 3036, 7466
5, 1867, 65348036, 65351810, 3036, 6810
5, 1868, 65383036, 65388405, 3036, 8405
5, 1869, 65418036, 65421810, 3036, 6810
5, 187, 6548036, 6551810, 3036, 6810
5, 1870, 65453036, 65458413, 3036, 8413
5, 1871, 65488036, 65491810, 3036, 6810
5, 1872, 65523036, 65528893, 3036, 8893
5, 1873, 65558036, 65561810, 3036, 6810
5, 1874, 65593036, 65596810, 3036, 6810
5, 1875, 65628036, 65631810, 3036, 6810
5, 1876, 65663036, 65667116, 3036, 7116
5, 1877, 65698036, 65701810, 3036, 6810
5, 1878, 65733036, 65738349, 3036, 8349
5, 1879, 65768036, 65771810, 3036, 6810
5, 188, 6583036, 6588405, 3036, 8405
5, 1880, 65803036, 65808957, 3036, 8957
5, 1881, 65838036, 65841810, 3036, 6810
5, 1882, 65873036, 65876810, 3036, 6810
5, 1883, 65908036, 65911810, 3036, 6810
5, 1884, 65943036, 65947969, 3036, 7969
5, 1885, 65978036, 65981810, 3036, 6810
5, 1886, 66013036, 66016810, 3036, 6810
5, 1887, 66048036, 66051810, 3036, 6810
5, 1888, 66083036, 66088405, 3036, 8405
5, 1889, 66118036, 66121810, 3036, 6810
5, 189, 6618036, 6621810, 3036, 6810
5, 1890, 66153036, 66158901, 3036, 8901
5, 1891, 66188036, 66191810, 3036, 6810
5, 1892, 66223036, 66228405, 3036, 8405
5, 1893, 66258036, 66261810, 3036, 6810
5, 1894, 66293036, 66296810, 3036, 6810
5, 1895, 66328036, 66331810, 3036, 6810
5, 1896, 66363036, 66367969, 3036, 7969
5, 1897, 66398036, 66401810, 3036, 6810
5, 1898, 66433036, 66436810, 3036, 6810
5, 1899, 66468036, 66471810, 3036, 6810
5, 19, 668036, 671810, 3036, 6810
5, 190, 6653036, 6658851, 3036, 8851
5, 1900, 66503036, 66508957, 3036, 8957
5, 1901, 66538036, 66541810, 3036, 6810
5, 1902, 66573036, 66578349, 3036, 8349
5, 1903, 66608036, 66611810, 3036, 6810
5, 1904, 66643036, 66649478, 3036, 9478
5, 1905, 66678036, 66681810, 3036, 6810
5, 1906, 66713036, 66716810, 3036, 6810
5, 1907, 66748036, 66751810, 3036, 6810
5, 1908, 66783036, 66787969, 3036, 7969
5, 1909, 66818036, 66821810, 3036, 6810
5, 191, 6688036, 6691810, 3036, 6810
5, 1910, 66853036, 66857132, 3036, 7132
5, 1911, 66888036, 66891810, 3036, 6810
5, 1912, 66923036, 66928405, 3036, 8405
5, 1913, 66958036, 66961810, 3036, 6810
5, 1914, 66993036, 66998349, 3036, 8349
5, 1915, 67028036, 67031810, 3036, 6810
5, 1916, 67063036, 67067116, 3036, 7116
5, 1917, 67098036, 67101810, 3036, 6810
5, 1918, 67133036, 67136810, 3036, 6810
5, 1919, 67168036, 67171810, 3036, 6810
5, 192, 6723036, 6731832, 3036, 11832
5, 1920, 67203036, 67209444, 3036, 9444
5, 1921, 67238036, 67241810, 3036, 6810
5, 1922, 67273036, 67277141, 3036, 7141
5, 1923, 67308036, 67311810, 3036, 6810
5, 1924, 67343036, 67348405, 3036, 8405
5, 1925, 67378036, 67381810, 3036, 6810
5, 1926, 67413036, 67418349, 3036, 8349
5, 1927, 67448036, 67451810, 3036, 6810
5, 1928, 67483036, 67487116, 3036, 7116
5, 1929, 67518036, 67521810, 3036, 6810
5, 193, 6758036, 6761810, 3036, 6810
5, 1930, 67553036, 67557132, 3036, 7132
5, 1931, 67588036, 67591810, 3036, 6810
5, 1932, 67623036, 67627969, 3036, 7969
5, 1933, 67658036, 67661810, 3036, 6810
5, 1934, 67693036, 67697141, 3036, 7141
5, 1935, 67728036, 67731810, 3036, 6810
5, 1936, 67763036, 67769478, 3036, 9478
5, 1937, 67798036, 67801810, 3036, 6810
5, 1938, 67833036, 67838349, 3036, 8349
5, 1939, 67868036, 67871810, 3036, 6810
5, 194, 6793036, 6796810, 3036, 6810
5, 1940, 67903036, 67908017, 3036, 8017
5, 1941, 67938036, 67941810, 3036, 6810
5, 1942, 67973036, 67976810, 3036, 6810
5, 1943, 68008036, 68011810, 3036, 6810
5, 1944, 68043036, 68047969, 3036, 7969
5, 1945, 68078036, 68081810, 3036, 6810
5, 1946, 68113036, 68117141, 3036, 7141
5, 1947, 68148036, 68151810, 3036, 6810
5, 1948, 68183036, 68188405, 3036, 8405
5, 1949, 68218036, 68221810, 3036, 6810
5, 195, 6828036, 6831810, 3036, 6810
5, 1950, 68253036, 68257980, 3036, 7980
5, 1951, 68288036, 68291810, 3036, 6810
5, 1952, 68323036, 68328405, 3036, 8405
5, 1953, 68358036, 68361810, 3036, 6810
5, 1954, 68393036, 68396810, 3036, 6810
5, 1955, 68428036, 68431810, 3036, 6810
5, 1956, 68463036, 68467969, 3036, 7969
5, 1957, 68498036, 68501810, 3036, 6810
5, 1958, 68533036, 68537141, 3036, 7141
5, 1959, 68568036, 68571810, 3036, 6810
5, 196, 6863036, 6867116, 3036, 7116
5, 1960, 68603036, 68608957, 3036, 8957
5, 1961, 68638036, 68641810, 3036, 6810
5, 1962, 68673036, 68677085, 3036, 7085
5, 1963, 68708036, 68711810, 3036, 6810
5, 1964, 68743036, 68747116, 3036, 7116
5, 1965, 68778036, 68781810, 3036, 6810
5, 1966, 68813036, 68816810, 3036, 6810
5, 1967, 68848036, 68851810, 3036, 6810
5, 1968, 68883036, 68889183, 3036, 9183
5, 1969, 68918036, 68921810, 3036, 6810
5, 197, 6898036, 6901810, 3036, 6810
5, 1970, 68953036, 68958413, 3036, 8413
5, 1971, 68988036, 68991810, 3036, 6810
5, 1972, 69023036, 69028405, 3036, 8405
5, 1973, 69058036, 69061810, 3036, 6810
5, 1974, 69093036, 69097085, 3036, 7085
5, 1975, 69128036, 69131810, 3036, 6810
5, 1976, 69163036, 69167116, 3036, 7116
5, 1977, 69198036, 69201810, 3036, 6810
5, 1978, 69233036, 69236810, 3036, 6810
5, 1979, 69268036, 69271810, 3036, 6810
5, 198, 6933036, 6937085, 3036, 7085
5, 1980, 69303036, 69309444, 3036, 9444
5, 1981, 69338036, 69341810, 3036, 6810
5, 1982, 69373036, 69377141, 3036, 7141
5, 1983, 69408036, 69411810, 3036, 6810
5, 1984, 69443036, 69448405, 3036, 8405
5, 1985, 69478036, 69481810, 3036, 6810
5, 1986, 69513036, 69517085, 3036, 7085
5, 1987, 69548036, 69551810, 3036, 6810
5, 1988, 69583036, 69587116, 3036, 7116
5, 1989, 69618036, 69621810, 3036, 6810
5, 199, 6968036, 6971810, 3036, 6810
5, 1990, 69653036, 69657522, 3036, 7522
5, 1991, 69688036, 69691810, 3036, 6810
5, 1992, 69723036, 69728893, 3036, 8893
5, 1993, 69758036, 69761810, 3036, 6810
5, 1994, 69793036, 69797141, 3036, 7141
5, 1995, 69828036, 69831810, 3036, 6810
5, 1996, 69863036, 69867116, 3036, 7116
5, 1997, 69898036, 69901810, 3036, 6810
5, 1998, 69933036, 69937085, 3036, 7085
5, 1999, 69968036, 69971810, 3036, 6810
5, 2, 73036, 76810, 3036, 6810
5, 20, 703036, 708957, 3036, 8957
5, 200, 7003036, 7008957, 3036, 8957
5, 2000, 70003036, 70008957, 3036, 8957
5, 2001, 70038036, 70041810, 3036, 6810
5, 2002, 70073036, 70077141, 3036, 7141
5, 2003, 70108036, 70111810, 3036, 6810
5, 2004, 70143036, 70148893, 3036, 8893
5, 2005, 70178036, 70181810, 3036, 6810
5, 2006, 70213036, 70217141, 3036, 7141
5, 2007, 70248036, 70251810, 3036, 6810
5, 2008, 70283036, 70287116, 3036, 7116
5, 2009, 70318036, 70321810, 3036, 6810
5, 201, 7038036, 7041810, 3036, 6810
5, 2010, 70353036, 70357980, 3036, 7980
5, 2011, 70388036, 70391810, 3036, 6810
5, 2012, 70423036, 70427116, 3036, 7116
5, 2013, 70458036, 70461810, 3036, 6810
5, 2014, 70493036, 70497141, 3036, 7141
5, 2015, 70528036, 70531810, 3036, 6810
5, 2016, 70563036, 70571281, 3036, 11281
5, 2017, 70598036, 70601810, 3036, 6810
5, 2018, 70633036, 70636810, 3036, 6810
5, 2019, 70668036, 70671810, 3036, 6810
5, 202, 7073036, 7077141, 3036, 7141
5, 2020, 70703036, 70708017, 3036, 8017
5, 2021, 70738036, 70741810, 3036, 6810
5, 2022, 70773036, 70777085, 3036, 7085
5, 2023, 70808036, 70811810, 3036, 6810
5, 2024, 70843036, 70847116, 3036, 7116
5, 2025, 70878036, 70881810, 3036, 6810
5, 2026, 70913036, 70917141, 3036, 7141
5, 2027, 70948036, 70951810, 3036, 6810
5, 2028, 70983036, 70988893, 3036, 8893
5, 2029, 71018036, 71021810, 3036, 6810
5, 203, 7108036, 7111810, 3036, 6810
5, 2030, 71053036, 71057132, 3036, 7132
5, 2031, 71088036, 71091810, 3036, 6810
5, 2032, 71123036, 71128405, 3036, 8405
5, 2033, 71158036, 71161810, 3036, 6810
5, 2034, 71193036, 71197085, 3036, 7085
5, 2035, 71228036, 71231810, 3036, 6810
5, 2036, 71263036, 71268405, 3036, 8405
5, 2037, 71298036, 71301810, 3036, 6810
5, 2038, 71333036, 71337141, 3036, 7141
5, 2039, 71368036, 71371810, 3036, 6810
5, 204, 7143036, 7148893, 3036, 8893
5, 2040, 71403036, 71409444, 3036, 9444
5, 2041, 71438036, 71441810, 3036, 6810
5, 2042, 71473036, 71476810, 3036, 6810
5, 2043, 71508036, 71511810, 3036, 6810
5, 2044, 71543036, 71547116, 3036, 7116
5, 2045, 71578036, 71581810, 3036, 6810
5, 2046, 71613036, 71617085, 3036, 7085
5, 2047, 71648036, 71651810, 3036, 6810
5, 2048, 71683036, 71689478, 3036, 9478
5, 2049, 71718036, 71721810, 3036, 6810
5, 205, 7178036, 7181810, 3036, 6810
5, 2050, 71753036, 71758413, 3036, 8413
5, 2051, 71788036, 71791810, 3036, 6810
5, 2052, 71823036, 71827969, 3036, 7969
5, 2053, 71858036, 71861810, 3036, 6810
5, 2054, 71893036, 71896810, 3036, 6810
5, 2055, 71928036, 71935857, 3036, 10857
5, 2056, 71963036, 71967116, 3036, 7116
5, 2057, 71998036, 72001810, 3036, 6810
5, 2058, 72033036, 72038349, 3036, 8349
5, 2059, 72068036, 72071810, 3036, 6810
5, 206, 7213036, 7216810, 3036, 6810
5, 2060, 72103036, 72108957, 3036, 8957
5, 2061, 72138036, 72141810, 3036, 6810
5, 2062, 72173036, 72177141, 3036, 7141
5, 2063, 72208036, 72211810, 3036, 6810
5, 2064, 72243036, 72248893, 3036, 8893
5, 2065, 72278036, 72281810, 3036, 6810
5, 2066, 72313036, 72316810, 3036, 6810
5, 2067, 72348036, 72351810, 3036, 6810
5, 2068, 72383036, 72387116, 3036, 7116
5, 2069, 72418036, 72421810, 3036, 6810
5, 207, 7248036, 7251810, 3036, 6810
5, 2070, 72453036, 72457986, 3036, 7986
5, 2071, 72488036, 72491810, 3036, 6810
5, 2072, 72523036, 72528405, 3036, 8405
5, 2073, 72558036, 72561810, 3036, 6810
5, 2074, 72593036, 72597141, 3036, 7141
5, 2075, 72628036, 72631810, 3036, 6810
5, 2076, 72663036, 72667969, 3036, 7969
5, 2077, 72698036, 72701810, 3036, 6810
5, 2078, 72733036, 72736810, 3036, 6810
5, 2079, 72768036, 72771810, 3036, 6810
5, 208, 7283036, 7288405, 3036, 8405
5, 2080, 72803036, 72808957, 3036, 8957
5, 2081, 72838036, 72841810, 3036, 6810
5, 2082, 72873036, 72878349, 3036, 8349
5, 2083, 72908036, 72911810, 3036, 6810
5, 2084, 72943036, 72948405, 3036, 8405
5, 2085, 72978036, 72981810, 3036, 6810
5, 2086, 73013036, 73016810, 3036, 6810
5, 2087, 73048036, 73051810, 3036, 6810
5, 2088, 73083036, 73087969, 3036, 7969
5, 2089, 73118036, 73121810, 3036, 6810
5, 209, 7318036, 7321810, 3036, 6810
5, 2090, 73153036, 73157132, 3036, 7132
5, 2091, 73188036, 73191810, 3036, 6810
5, 2092, 73223036, 73227116, 3036, 7116
5, 2093, 73258036, 73261810, 3036, 6810
5, 2094, 73293036, 73300011, 3036, 10011
5, 2095, 73328036, 73331810, 3036, 6810
5, 2096, 73363036, 73369478, 3036, 9478
5, 2097, 73398036, 73401810, 3036, 6810
5, 2098, 73433036, 73436810, 3036, 6810
5, 2099, 73468036, 73471810, 3036, 6810
5, 21, 738036, 741810, 3036, 6810
5, 210, 7353036, 7357980, 3036, 7980
5, 2100, 73503036, 73508342, 3036, 8342
5, 2101, 73538036, 73541810, 3036, 6810
5, 2102, 73573036, 73576810, 3036, 6810
5, 2103, 73608036, 73611810, 3036, 6810
5, 2104, 73643036, 73648230, 3036, 8230
5, 2105, 73678036, 73681810, 3036, 6810
5, 2106, 73713036, 73718349, 3036, 8349
5, 2107, 73748036, 73751810, 3036, 6810
5, 2108, 73783036, 73788405, 3036, 8405
5, 2109, 73818036, 73821810, 3036, 6810
5, 211, 7388036, 7391810, 3036, 6810
5, 2110, 73853036, 73857132, 3036, 7132
5, 2111, 73888036, 73891810, 3036, 6810
5, 2112, 73923036, 73928893, 3036, 8893
5, 2113, 73958036, 73961810, 3036, 6810
5, 2114, 73993036, 73996810, 3036, 6810
5, 2115, 74028036, 74031810, 3036, 6810
5, 2116, 74063036, 74068405, 3036, 8405
5, 2117, 74098036, 74101810, 3036, 6810
5, 2118, 74133036, 74138349, 3036, 8349
5, 2119, 74168036, 74171810, 3036, 6810
5, 212, 7423036, 7428405, 3036, 8405
5, 2120, 74203036, 74208017, 3036, 8017
5, 2121, 74238036, 74241810, 3036, 6810
5, 2122, 74273036, 74276810, 3036, 6810
5, 2123, 74308036, 74311810, 3036, 6810
5, 2124, 74343036, 74347969, 3036, 7969
5, 2125, 74378036, 74381810, 3036, 6810
5, 2126, 74413036, 74416810, 3036, 6810
5, 2127, 74448036, 74451810, 3036, 6810
5, 2128, 74483036, 74489478, 3036, 9478
5, 2129, 74518036, 74521810, 3036, 6810
5, 213, 7458036, 7461810, 3036, 6810
5, 2130, 74553036, 74558901, 3036, 8901
5, 2131, 74588036, 74591810, 3036, 6810
5, 2132, 74623036, 74627116, 3036, 7116
5, 2133, 74658036, 74661810, 3036, 6810
5, 2134, 74693036, 74696810, 3036, 6810
5, 2135, 74728036, 74733771, 3036, 8771
5, 2136, 74763036, 74767969, 3036, 7969
5, 2137, 74798036, 74801810, 3036, 6810
5, 2138, 74833036, 74837141, 3036, 7141
5, 2139, 74868036, 74871810, 3036, 6810
5, 214, 7493036, 7497141, 3036, 7141
5, 2140, 74903036, 74908957, 3036, 8957
5, 2141, 74938036, 74941810, 3036, 6810
5, 2142, 74973036, 74978349, 3036, 8349
5, 2143, 75008036, 75011810, 3036, 6810
5, 2144, 75043036, 75048405, 3036, 8405
5, 2145, 75078036, 75081810, 3036, 6810
5, 2146, 75113036, 75116810, 3036, 6810
5, 2147, 75148036, 75151810, 3036, 6810
5, 2148, 75183036, 75187969, 3036, 7969
5, 2149, 75218036, 75221810, 3036, 6810
5, 215, 7528036, 7531810, 3036, 6810
5, 2150, 75253036, 75258413, 3036, 8413
5, 2151, 75288036, 75291810, 3036, 6810
5, 2152, 75323036, 75328405, 3036, 8405
5, 2153, 75358036, 75361810, 3036, 6810
5, 2154, 75393036, 75397085, 3036, 7085
5, 2155, 75428036, 75431810, 3036, 6810
5, 2156, 75463036, 75467116, 3036, 7116
5, 2157, 75498036, 75501810, 3036, 6810
5, 2158, 75533036, 75536810, 3036, 6810
5, 2159, 75568036, 75571810, 3036, 6810
5, 216, 7563036, 7567969, 3036, 7969
5, 2160, 75603036, 75609444, 3036, 9444
5, 2161, 75638036, 75641810, 3036, 6810
5, 2162, 75673036, 75677141, 3036, 7141
5, 2163, 75708036, 75711810, 3036, 6810
5, 2164, 75743036, 75748405, 3036, 8405
5, 2165, 75778036, 75781810, 3036, 6810
5, 2166, 75813036, 75817085, 3036, 7085
5, 2167, 75848036, 75852495, 3036, 7495
5, 2168, 75883036, 75887116, 3036, 7116
5, 2169, 75918036, 75921810, 3036, 6810
5, 217, 7598036, 7601810, 3036, 6810
5, 2170, 75953036, 75957132, 3036, 7132
5, 2171, 75988036, 75991810, 3036, 6810
5, 2172, 76023036, 76028893, 3036, 8893
5, 2173, 76058036, 76061810, 3036, 6810
5, 2174, 76093036, 76098391, 3036, 8391
5, 2175, 76128036, 76131810, 3036, 6810
5, 2176, 76163036, 76169478, 3036, 9478
5, 2177, 76198036, 76201810, 3036, 6810
5, 2178, 76233036, 76237085, 3036, 7085
5, 2179, 76268036, 76271810, 3036, 6810
5, 218, 7633036, 7636810, 3036, 6810
5, 2180, 76303036, 76308017, 3036, 8017
5, 2181, 76338036, 76341810, 3036, 6810
5, 2182, 76373036, 76376810, 3036, 6810
5, 2183, 76408036, 76411810, 3036, 6810
5, 2184, 76443036, 76448893, 3036, 8893
5, 2185, 76478036, 76481810, 3036, 6810
5, 2186, 76513036, 76517141, 3036, 7141
5, 2187, 76548036, 76551810, 3036, 6810
5, 2188, 76583036, 76587116, 3036, 7116
5, 2189, 76618036, 76621810, 3036, 6810
5, 219, 7668036, 7671810, 3036, 6810
5, 2190, 76653036, 76657980, 3036, 7980
5, 2191, 76688036, 76691810, 3036, 6810
5, 2192, 76723036, 76728405, 3036, 8405
5, 2193, 76758036, 76761810, 3036, 6810
5, 2194, 76793036, 76796810, 3036, 6810
5, 2195, 76828036, 76831810, 3036, 6810
5, 2196, 76863036, 76868893, 3036, 8893
5, 2197, 76898036, 76901810, 3036, 6810
5, 2198, 76933036, 76937141, 3036, 7141
5, 2199, 76968036, 76971810, 3036, 6810
5, 22, 773036, 777141, 3036, 7141
5, 220, 7703036, 7708017, 3036, 8017
5, 2200, 77003036, 77008017, 3036, 8017
5, 2201, 77038036, 77041810, 3036, 6810
5, 2202, 77073036, 77077085, 3036, 7085
5, 2203, 77108036, 77111810, 3036, 6810
5, 2204, 77143036, 77147116, 3036, 7116
5, 2205, 77178036, 77181810, 3036, 6810
5, 2206, 77213036, 77217141, 3036, 7141
5, 2207, 77248036, 77251810, 3036, 6810
5, 2208, 77283036, 77291281, 3036, 11281
5, 2209, 77318036, 77321810, 3036, 6810
5, 221, 7738036, 7741810, 3036, 6810
5, 2210, 77353036, 77358413, 3036, 8413
5, 2211, 77388036, 77391810, 3036, 6810
5, 2212, 77423036, 77427116, 3036, 7116
5, 2213, 77458036, 77461810, 3036, 6810
5, 2214, 77493036, 77497085, 3036, 7085
5, 2215, 77528036, 77531810, 3036, 6810
5, 2216, 77563036, 77567116, 3036, 7116
5, 2217, 77598036, 77601810, 3036, 6810
5, 2218, 77633036, 77637141, 3036, 7141
5, 2219, 77668036, 77671810, 3036, 6810
5, 222, 7773036, 7777085, 3036, 7085
5, 2220, 77703036, 77709444, 3036, 9444
5, 2221, 77738036, 77741810, 3036, 6810
5, 2222, 77773036, 77776810, 3036, 6810
5, 2223, 77808036, 77811810, 3036, 6810
5, 2224, 77843036, 77848405, 3036, 8405
5, 2225, 77878036, 77881810, 3036, 6810
5, 2226, 77913036, 77917085, 3036, 7085
5, 2227, 77948036, 77951810, 3036, 6810
5, 2228, 77983036, 77988064, 3036, 8064
5, 2229, 78018036, 78021810, 3036, 6810
5, 223, 7808036, 7811810, 3036, 6810
5, 2230, 78053036, 78058413, 3036, 8413
5, 2231, 78088036, 78091810, 3036, 6810
5, 2232, 78123036, 78128893, 3036, 8893
5, 2233, 78158036, 78161810, 3036, 6810
5, 2234, 78193036, 78196810, 3036, 6810
5, 2235, 78228036, 78231810, 3036, 6810
5, 2236, 78263036, 78267116, 3036, 7116
5, 2237, 78298036, 78301810, 3036, 6810
5, 2238, 78333036, 78337085, 3036, 7085
5, 2239, 78368036, 78371810, 3036, 6810
5, 224, 7843036, 7849478, 3036, 9478
5, 2240, 78403036, 78411832, 3036, 11832
5, 2241, 78438036, 78441810, 3036, 6810
5, 2242, 78473036, 78477141, 3036, 7141
5, 2243, 78508036, 78511810, 3036, 6810
5, 2244, 78543036, 78548893, 3036, 8893
5, 2245, 78578036, 78581810, 3036, 6810
5, 2246, 78613036, 78616810, 3036, 6810
5, 2247, 78648036, 78653497, 3036, 8497
5, 2248, 78683036, 78687116, 3036, 7116
5, 2249, 78718036, 78721810, 3036, 6810
5, 225, 7878036, 7881810, 3036, 6810
5, 2250, 78753036, 78757980, 3036, 7980
5, 2251, 78788036, 78791810, 3036, 6810
5, 2252, 78823036, 78828405, 3036, 8405
5, 2253, 78858036, 78861810, 3036, 6810
5, 2254, 78893036, 78897141, 3036, 7141
5, 2255, 78928036, 78931810, 3036, 6810
5, 2256, 78963036, 78968893, 3036, 8893
5, 2257, 78998036, 79001810, 3036, 6810
5, 2258, 79033036, 79036810, 3036, 6810
5, 2259, 79068036, 79071810, 3036, 6810
5, 226, 7913036, 7917141, 3036, 7141
5, 2260, 79103036, 79108017, 3036, 8017
5, 2261, 79138036, 79141810, 3036, 6810
5, 2262, 79173036, 79177085, 3036, 7085
5, 2263, 79208036, 79211810, 3036, 6810
5, 2264, 79243036, 79248405, 3036, 8405
5, 2265, 79278036, 79281810, 3036, 6810
5, 2266, 79313036, 79317141, 3036, 7141
5, 2267, 79348036, 79351810, 3036, 6810
5, 2268, 79383036, 79387969, 3036, 7969
5, 2269, 79418036, 79421810, 3036, 6810
5, 227, 7948036, 7951810, 3036, 6810
5, 2270, 79453036, 79457132, 3036, 7132
5, 2271, 79488036, 79492785, 3036, 7785
5, 2272, 79523036, 79528405, 3036, 8405
5, 2273, 79558036, 79561810, 3036, 6810
5, 2274, 79593036, 79597466, 3036, 7466
5, 2275, 79628036, 79631810, 3036, 6810
5, 2276, 79663036, 79668405, 3036, 8405
5, 2277, 79698036, 79701810, 3036, 6810
5, 2278, 79733036, 79737141, 3036, 7141
5, 2279, 79768036, 79771810, 3036, 6810
5, 228, 7983036, 7987969, 3036, 7969
5, 2280, 79803036, 79808342, 3036, 8342
5, 2281, 79838036, 79841810, 3036, 6810
5, 2282, 79873036, 79876810, 3036, 6810
5, 2283, 79908036, 79911810, 3036, 6810
5, 2284, 79943036, 79947116, 3036, 7116
5, 2285, 79978036, 79981810, 3036, 6810
5, 2286, 80013036, 80018349, 3036, 8349
5, 2287, 80048036, 80051810, 3036, 6810
5, 2288, 80083036, 80089478, 3036, 9478
5, 2289, 80118036, 80121810, 3036, 6810
5, 229, 8018036, 8021810, 3036, 6810
5, 2290, 80153036, 80157132, 3036, 7132
5, 2291, 80188036, 80191810, 3036, 6810
5, 2292, 80223036, 80227969, 3036, 7969
5, 2293, 80258036, 80261810, 3036, 6810
5, 2294, 80293036, 80296810, 3036, 6810
5, 2295, 80328036, 80332849, 3036, 7849
5, 2296, 80363036, 80367116, 3036, 7116
5, 2297, 80398036, 80401810, 3036, 6810
5, 2298, 80433036, 80438349, 3036, 8349
5, 2299, 80468036, 80471810, 3036, 6810
5, 23, 808036, 811810, 3036, 6810
5, 230, 8053036, 8057132, 3036, 7132
5, 2300, 80503036, 80508957, 3036, 8957
5, 2301, 80538036, 80541810, 3036, 6810
5, 2302, 80573036, 80576810, 3036, 6810
5, 2303, 80608036, 80611810, 3036, 6810
5, 2304, 80643036, 80648893, 3036, 8893
5, 2305, 80678036, 80681810, 3036, 6810
5, 2306, 80713036, 80716810, 3036, 6810
5, 2307, 80748036, 80751810, 3036, 6810
5, 2308, 80783036, 80788230, 3036, 8230
5, 2309, 80818036, 80821810, 3036, 6810
5, 231, 8088036, 8093224, 3036, 8224
5, 2310, 80853036, 80858901, 3036, 8901
5, 2311, 80888036, 80891810, 3036, 6810
5, 2312, 80923036, 80928405, 3036, 8405
5, 2313, 80958036, 80961810, 3036, 6810
5, 2314, 80993036, 80996810, 3036, 6810
5, 2315, 81028036, 81031810, 3036, 6810
5, 2316, 81063036, 81067969, 3036, 7969
5, 2317, 81098036, 81101810, 3036, 6810
5, 2318, 81133036, 81136810, 3036, 6810
5, 2319, 81168036, 81171810, 3036, 6810
5, 232, 8123036, 8127116, 3036, 7116
5, 2320, 81203036, 81211345, 3036, 11345
5, 2321, 81238036, 81241810, 3036, 6810
5, 2322, 81273036, 81278349, 3036, 8349
5, 2323, 81308036, 81311810, 3036, 6810
5, 2324, 81343036, 81347116, 3036, 7116
5, 2325, 81378036, 81381810, 3036, 6810
5, 2326, 81413036, 81416810, 3036, 6810
5, 2327, 81448036, 81454284, 3036, 9284
5, 2328, 81483036, 81487969, 3036, 7969
5, 2329, 81518036, 81521810, 3036, 6810
5, 233, 8158036, 8161810, 3036, 6810
5, 2330, 81553036, 81558413, 3036, 8413
5, 2331, 81588036, 81591810, 3036, 6810
5, 2332, 81623036, 81628405, 3036, 8405
5, 2333, 81658036, 81661810, 3036, 6810
5, 2334, 81693036, 81698349, 3036, 8349
5, 2335, 81728036, 81731810, 3036, 6810
5, 2336, 81763036, 81768405, 3036, 8405
5, 2337, 81798036, 81801810, 3036, 6810
5, 2338, 81833036, 81836810, 3036, 6810
5, 2339, 81868036, 81871810, 3036, 6810
5, 234, 8193036, 8197466, 3036, 7466
5, 2340, 81903036, 81908342, 3036, 8342
5, 2341, 81938036, 81941810, 3036, 6810
5, 2342, 81973036, 81977141, 3036, 7141
5, 2343, 82008036, 82011810, 3036, 6810
5, 2344, 82043036, 82048405, 3036, 8405
5, 2345, 82078036, 82081810, 3036, 6810
5, 2346, 82113036, 82118349, 3036, 8349
5, 2347, 82148036, 82151810, 3036, 6810
5, 2348, 82183036, 82187116, 3036, 7116
5, 2349, 82218036, 82221810, 3036, 6810
5, 235, 8228036, 8231810, 3036, 6810
5, 2350, 82253036, 82257132, 3036, 7132
5, 2351, 82288036, 82291810, 3036, 6810
5, 2352, 82323036, 82328893, 3036, 8893
5, 2353, 82358036, 82361810, 3036, 6810
5, 2354, 82393036, 82397141, 3036, 7141
5, 2355, 82428036, 82431810, 3036, 6810
5, 2356, 82463036, 82468405, 3036, 8405
5, 2357, 82498036, 82501810, 3036, 6810
5, 2358, 82533036, 82537085, 3036, 7085
5, 2359, 82568036, 82571810, 3036, 6810
5, 236, 8263036, 8268405, 3036, 8405
5, 2360, 82603036, 82608017, 3036, 8017
5, 2361, 82638036, 82641810, 3036, 6810
5, 2362, 82673036, 82676810, 3036, 6810
5, 2363, 82708036, 82711810, 3036, 6810
5, 2364, 82743036, 82747969, 3036, 7969
5, 2365, 82778036, 82781810, 3036, 6810
5, 2366, 82813036, 82817550, 3036, 7550
5, 2367, 82848036, 82851810, 3036, 6810
5, 2368, 82883036, 82889478, 3036, 9478
5, 2369, 82918036, 82921810, 3036, 6810
5, 237, 8298036, 8301810, 3036, 6810
5, 2370, 82953036, 82957980, 3036, 7980
5, 2371, 82988036, 82991810, 3036, 6810
5, 2372, 83023036, 83027116, 3036, 7116
5, 2373, 83058036, 83061810, 3036, 6810
5, 2374, 83093036, 83096810, 3036, 6810
5, 2375, 83128036, 83131810, 3036, 6810
5, 2376, 83163036, 83168431, 3036, 8431
5, 2377, 83198036, 83201810, 3036, 6810
5, 2378, 83233036, 83237141, 3036, 7141
5, 2379, 83268036, 83271810, 3036, 6810
5, 238, 8333036, 8337141, 3036, 7141
5, 2380, 83303036, 83308957, 3036, 8957
5, 2381, 83338036, 83341810, 3036, 6810
5, 2382, 83373036, 83377085, 3036, 7085
5, 2383, 83408036, 83411810, 3036, 6810
5, 2384, 83443036, 83448405, 3036, 8405
5, 2385, 83478036, 83481810, 3036, 6810
5, 2386, 83513036, 83516810, 3036, 6810
5, 2387, 83548036, 83551810, 3036, 6810
5, 2388, 83583036, 83588893, 3036, 8893
5, 2389, 83618036, 83621810, 3036, 6810
5, 239, 8368036, 8371810, 3036, 6810
5, 2390, 83653036, 83658413, 3036, 8413
5, 2391, 83688036, 83691810, 3036, 6810
5, 2392, 83723036, 83727116, 3036, 7116
5, 2393, 83758036, 83761810, 3036, 6810
5, 2394, 83793036, 83797085, 3036, 7085
5, 2395, 83828036, 83831810, 3036, 6810
5, 2396, 83863036, 83867116, 3036, 7116
5, 2397, 83898036, 83901810, 3036, 6810
5, 2398, 83933036, 83937141, 3036, 7141
5, 2399, 83968036, 83971810, 3036, 6810
5, 24, 843036, 847969, 3036, 7969
5, 240, 8403036, 8409444, 3036, 9444
5, 2400, 84003036, 84011832, 3036, 11832
5, 2401, 84038036, 84041810, 3036, 6810
5, 2402, 84073036, 84077141, 3036, 7141
5, 2403, 84108036, 84111810, 3036, 6810
5, 2404, 84143036, 84147116, 3036, 7116
5, 2405, 84178036, 84181810, 3036, 6810
5, 2406, 84213036, 84217085, 3036, 7085
5, 2407, 84248036, 84251810, 3036, 6810
5, 2408, 84283036, 84287116, 3036, 7116
5, 2409, 84318036, 84321810, 3036, 6810
5, 241, 8438036, 8441810, 3036, 6810
5, 2410, 84353036, 84358413, 3036, 8413
5, 2411, 84388036, 84391810, 3036, 6810
5, 2412, 84423036, 84428893, 3036, 8893
5, 2413, 84458036, 84461810, 3036, 6810
5, 2414, 84493036, 84497141, 3036, 7141
5, 2415, 84528036, 84531810, 3036, 6810
5, 2416, 84563036, 84568405, 3036, 8405
5, 2417, 84598036, 84601810, 3036, 6810
5, 2418, 84633036, 84637085, 3036, 7085
5, 2419, 84668036, 84671810, 3036, 6810
5, 242, 8473036, 8476810, 3036, 6810
5, 2420, 84703036, 84708017, 3036, 8017
5, 2421, 84738036, 84741810, 3036, 6810
5, 2422, 84773036, 84777141, 3036, 7141
5, 2423, 84808036, 84811810, 3036, 6810
5, 2424, 84843036, 84848893, 3036, 8893
5, 2425, 84878036, 84881810, 3036, 6810
5, 2426, 84913036, 84916810, 3036, 6810
5, 2427, 84948036, 84951810, 3036, 6810
5, 2428, 84983036, 84987116, 3036, 7116
5, 2429, 85018036, 85021810, 3036, 6810
5, 243, 8508036, 8511810, 3036, 6810
5, 2430, 85053036, 85057980, 3036, 7980
5, 2431, 85088036, 85091810, 3036, 6810
5, 2432, 85123036, 85128405, 3036, 8405
5, 2433, 85158036, 85161810, 3036, 6810
5, 2434, 85193036, 85197141, 3036, 7141
5, 2435, 85228036, 85231810, 3036, 6810
5, 2436, 85263036, 85268893, 3036, 8893
5, 2437, 85298036, 85301810, 3036, 6810
5, 2438, 85333036, 85336810, 3036, 6810
5, 2439, 85368036, 85371810, 3036, 6810
5, 244, 8543036, 8547116, 3036, 7116
5, 2440, 85403036, 85408017, 3036, 8017
5, 2441, 85438036, 85441810, 3036, 6810
5, 2442, 85473036, 85477085, 3036, 7085
5, 2443, 85508036, 85511810, 3036, 6810
5, 2444, 85543036, 85548405, 3036, 8405
5, 2445, 85578036, 85581810, 3036, 6810
5, 2446, 85613036, 85618391, 3036, 8391
5, 2447, 85648036, 85651810, 3036, 6810
5, 2448, 85683036, 85691281, 3036, 11281
5, 2449, 85718036, 85721810, 3036, 6810
5, 245, 8578036, 8581810, 3036, 6810
5, 2450, 85753036, 85757132, 3036, 7132
5, 2451, 85788036, 85791810, 3036, 6810
5, 2452, 85823036, 85827116, 3036, 7116
5, 2453, 85858036, 85861810, 3036, 6810
5, 2454, 85893036, 85897085, 3036, 7085
5, 2455, 85928036, 85931810, 3036, 6810
5, 2456, 85963036, 85968405, 3036, 8405
5, 2457, 85998036, 86001810, 3036, 6810
5, 2458, 86033036, 86037141, 3036, 7141
5, 2459, 86068036, 86071810, 3036, 6810
5, 246, 8613036, 8618349, 3036, 8349
5, 2460, 86103036, 86108342, 3036, 8342
5, 2461, 86138036, 86141810, 3036, 6810
5, 2462, 86173036, 86176810, 3036, 6810
5, 2463, 86208036, 86211810, 3036, 6810
5, 2464, 86243036, 86248405, 3036, 8405
5, 2465, 86278036, 86281810, 3036, 6810
5, 2466, 86313036, 86317085, 3036, 7085
5, 2467, 86348036, 86351810, 3036, 6810
5, 2468, 86383036, 86388405, 3036, 8405
5, 2469, 86418036, 86421810, 3036, 6810
5, 247, 8648036, 8651810, 3036, 6810
5, 2470, 86453036, 86458413, 3036, 8413
5, 2471, 86488036, 86491810, 3036, 6810
5, 2472, 86523036, 86527969, 3036, 7969
5, 2473, 86558036, 86561810, 3036, 6810
5, 2474, 86593036, 86596810, 3036, 6810
5, 2475, 86628036, 86631810, 3036, 6810
5, 2476, 86663036, 86667116, 3036, 7116
5, 2477, 86698036, 86701810, 3036, 6810
5, 2478, 86733036, 86737466, 3036, 7466
5, 2479, 86768036, 86771810, 3036, 6810
5, 248, 8683036, 8688405, 3036, 8405
5, 2480, 86803036, 86811832, 3036, 11832
5, 2481, 86838036, 86841810, 3036, 6810
5, 2482, 86873036, 86877141, 3036, 7141
5, 2483, 86908036, 86911810, 3036, 6810
5, 2484, 86943036, 86947969, 3036, 7969
5, 2485, 86978036, 86981810, 3036, 6810
5, 2486, 87013036, 87016810, 3036, 6810
5, 2487, 87048036, 87051810, 3036, 6810
5, 2488, 87083036, 87087116, 3036, 7116
5, 2489, 87118036, 87121810, 3036, 6810
5, 249, 8718036, 8721810, 3036, 6810
5, 2490, 87153036, 87158901, 3036, 8901
5, 2491, 87188036, 87191810, 3036, 6810
5, 2492, 87223036, 87228405, 3036, 8405
5, 2493, 87258036, 87261810, 3036, 6810
5, 2494, 87293036, 87296810, 3036, 6810
5, 2495, 87328036, 87331810, 3036, 6810
5, 2496, 87363036, 87368893, 3036, 8893
5, 2497, 87398036, 87401810, 3036, 6810
5, 2498, 87433036, 87436810, 3036, 6810
5, 2499, 87468036, 87471810, 3036, 6810
5, 25, 878036, 881810, 3036, 6810
5, 250, 8753036, 8757132, 3036, 7132
5, 2500, 87503036, 87508017, 3036, 8017
5, 2501, 87538036, 87541810, 3036, 6810
5, 2502, 87573036, 87578349, 3036, 8349
5, 2503, 87608036, 87611810, 3036, 6810
5, 2504, 87643036, 87648405, 3036, 8405
5, 2505, 87678036, 87681810, 3036, 6810
5, 2506, 87713036, 87716810, 3036, 6810
5, 2507, 87748036, 87751810, 3036, 6810
5, 2508, 87783036, 87787969, 3036, 7969
5, 2509, 87818036, 87821810, 3036, 6810
5, 251, 8788036, 8791810, 3036, 6810
5, 2510, 87853036, 87857132, 3036, 7132
5, 2511, 87888036, 87891810, 3036, 6810
5, 2512, 87923036, 87929569, 3036, 9569
5, 2513, 87958036, 87961810, 3036, 6810
5, 2514, 87993036, 87998349, 3036, 8349
5, 2515, 88028036, 88031810, 3036, 6810
5, 2516, 88063036, 88068405, 3036, 8405
5, 2517, 88098036, 88101810, 3036, 6810
5, 2518, 88133036, 88136810, 3036, 6810
5, 2519, 88168036, 88172162, 3036, 7162
5, 252, 8823036, 8827969, 3036, 7969
5, 2520, 88203036, 88208342, 3036, 8342
5, 2521, 88238036, 88241810, 3036, 6810
5, 2522, 88273036, 88276810, 3036, 6810
5, 2523, 88308036, 88311810, 3036, 6810
5, 2524, 88343036, 88348405, 3036, 8405
5, 2525, 88378036, 88381810, 3036, 6810
5, 2526, 88413036, 88418349, 3036, 8349
5, 2527, 88448036, 88451810, 3036, 6810
5, 2528, 88483036, 88488405, 3036, 8405
5, 2529, 88518036, 88521810, 3036, 6810
5, 253, 8858036, 8861810, 3036, 6810
5, 2530, 88553036, 88557132, 3036, 7132
5, 2531, 88588036, 88591810, 3036, 6810
5, 2532, 88623036, 88627969, 3036, 7969
5, 2533, 88658036, 88661810, 3036, 6810
5, 2534, 88693036, 88697101, 3036, 7101
5, 2535, 88728036, 88731810, 3036, 6810
5, 2536, 88763036, 88768405, 3036, 8405
5, 2537, 88798036, 88801810, 3036, 6810
5, 2538, 88833036, 88838349, 3036, 8349
5, 2539, 88868036, 88871810, 3036, 6810
5, 254, 8893036, 8896810, 3036, 6810
5, 2540, 88903036, 88908017, 3036, 8017
5, 2541, 88938036, 88941810, 3036, 6810
5, 2542, 88973036, 88976810, 3036, 6810
5, 2543, 89008036, 89011810, 3036, 6810
5, 2544, 89043036, 89048893, 3036, 8893
5, 2545, 89078036, 89081810, 3036, 6810
5, 2546, 89113036, 89116837, 3036, 6837
5, 2547, 89148036, 89151810, 3036, 6810
5, 2548, 89183036, 89188405, 3036, 8405
5, 2549, 89218036, 89221810, 3036, 6810
5, 255, 8928036, 8931810, 3036, 6810
5, 2550, 89253036, 89258901, 3036, 8901
5, 2551, 89288036, 89291810, 3036, 6810
5, 2552, 89323036, 89327116, 3036, 7116
5, 2553, 89358036, 89361810, 3036, 6810
5, 2554, 89393036, 89396810, 3036, 6810
5, 2555, 89428036, 89431810, 3036, 6810
5, 2556, 89463036, 89467969, 3036, 7969
5, 2557, 89498036, 89501810, 3036, 6810
5, 2558, 89533036, 89537141, 3036, 7141
5, 2559, 89568036, 89571810, 3036, 6810
5, 256, 8963036, 8968405, 3036, 8405
5, 2560, 89603036, 89611345, 3036, 11345
5, 2561, 89638036, 89641810, 3036, 6810
5, 2562, 89673036, 89677085, 3036, 7085
5, 2563, 89708036, 89711810, 3036, 6810
5, 2564, 89743036, 89747116, 3036, 7116
5, 2565, 89778036, 89781810, 3036, 6810
5, 2566, 89813036, 89816810, 3036, 6810
5, 2567, 89848036, 89851810, 3036, 6810
5, 2568, 89883036, 89887969, 3036, 7969
5, 2569, 89918036, 89921810, 3036, 6810
5, 257, 8998036, 9001810, 3036, 6810
5, 2570, 89953036, 89958413, 3036, 8413
5, 2571, 89988036, 89991810, 3036, 6810
5, 2572, 90023036, 90028405, 3036, 8405
5, 2573, 90058036, 90061810, 3036, 6810
5, 2574, 90093036, 90097085, 3036, 7085
5, 2575, 90128036, 90131810, 3036, 6810
5, 2576, 90163036, 90168405, 3036, 8405
5, 2577, 90198036, 90201810, 3036, 6810
5, 2578, 90233036, 90236810, 3036, 6810
5, 2579, 90268036, 90271810, 3036, 6810
5, 258, 9033036, 9038349, 3036, 8349
5, 2580, 90303036, 90309087, 3036, 9087
5, 2581, 90338036, 90341810, 3036, 6810
5, 2582, 90373036, 90377141, 3036, 7141
5, 2583, 90408036, 90411810, 3036, 6810
5, 2584, 90443036, 90448405, 3036, 8405
5, 2585, 90478036, 90481810, 3036, 6810
5, 2586, 90513036, 90517085, 3036, 7085
5, 2587, 90548036, 90551810, 3036, 6810
5, 2588, 90583036, 90587116, 3036, 7116
5, 2589, 90618036, 90621810, 3036, 6810
5, 259, 9068036, 9071810, 3036, 6810
5, 2590, 90653036, 90657132, 3036, 7132
5, 2591, 90688036, 90691810, 3036, 6810
5, 2592, 90723036, 90731832, 3036, 11832
5, 2593, 90758036, 90761810, 3036, 6810
5, 2594, 90793036, 90797141, 3036, 7141
5, 2595, 90828036, 90831810, 3036, 6810
5, 2596, 90863036, 90867116, 3036, 7116
5, 2597, 90898036, 90901810, 3036, 6810
5, 2598, 90933036, 90937085, 3036, 7085
5, 2599, 90968036, 90973198, 3036, 8198
5, 26, 913036, 916810, 3036, 6810
5, 260, 9103036, 9108957, 3036, 8957
5, 2600, 91003036, 91008017, 3036, 8017
5, 2601, 91038036, 91041810, 3036, 6810
5, 2602, 91073036, 91077141, 3036, 7141
5, 2603, 91108036, 91111810, 3036, 6810
5, 2604, 91143036, 91148893, 3036, 8893
5, 2605, 91178036, 91181810, 3036, 6810
5, 2606, 91213036, 91217141, 3036, 7141
5, 2607, 91248036, 91251810, 3036, 6810
5, 2608, 91283036, 91288405, 3036, 8405
5, 2609, 91318036, 91321810, 3036, 6810
5, 261, 9138036, 9141810, 3036, 6810
5, 2610, 91353036, 91357980, 3036, 7980
5, 2611, 91388036, 91391810, 3036, 6810
5, 2612, 91423036, 91427116, 3036, 7116
5, 2613, 91458036, 91461810, 3036, 6810
5, 2614, 91493036, 91497141, 3036, 7141
5, 2615, 91528036, 91531810, 3036, 6810
5, 2616, 91563036, 91568893, 3036, 8893
5, 2617, 91598036, 91601810, 3036, 6810
5, 2618, 91633036, 91637141, 3036, 7141
5, 2619, 91668036, 91671810, 3036, 6810
5, 262, 9173036, 9176810, 3036, 6810
5, 2620, 91703036, 91708017, 3036, 8017
5, 2621, 91738036, 91741810, 3036, 6810
5, 2622, 91773036, 91777085, 3036, 7085
5, 2623, 91808036, 91811810, 3036, 6810
5, 2624, 91843036, 91848405, 3036, 8405
5, 2625, 91878036, 91881810, 3036, 6810
5, 2626, 91913036, 91917141, 3036, 7141
5, 2627, 91948036, 91951810, 3036, 6810
5, 2628, 91983036, 91988893, 3036, 8893
5, 2629, 92018036, 92021810, 3036, 6810
5, 263, 9208036, 9211810, 3036, 6810
5, 2630, 92053036, 92057132, 3036, 7132
5, 2631, 92088036, 92091810, 3036, 6810
5, 2632, 92123036, 92127116, 3036, 7116
5, 2633, 92158036, 92161810, 3036, 6810
5, 2634, 92193036, 92197085, 3036, 7085
5, 2635, 92228036, 92231810, 3036, 6810
5, 2636, 92263036, 92267116, 3036, 7116
5, 2637, 92298036, 92301810, 3036, 6810
5, 2638, 92333036, 92338850, 3036, 8850
5, 2639, 92368036, 92371810, 3036, 6810
5, 264, 9243036, 9247969, 3036, 7969
5, 2640, 92403036, 92411832, 3036, 11832
5, 2641, 92438036, 92441810, 3036, 6810
5, 2642, 92473036, 92476810, 3036, 6810
5, 2643, 92508036, 92511810, 3036, 6810
5, 2644, 92543036, 92547116, 3036, 7116
5, 2645, 92578036, 92581810, 3036, 6810
5, 2646, 92613036, 92617085, 3036, 7085
5, 2647, 92648036, 92651810, 3036, 6810
5, 2648, 92683036, 92688405, 3036, 8405
5, 2649, 92718036, 92721810, 3036, 6810
5, 265, 9278036, 9281810, 3036, 6810
5, 2650, 92753036, 92758413, 3036, 8413
5, 2651, 92788036, 92791810, 3036, 6810
5, 2652, 92823036, 92828893, 3036, 8893
5, 2653, 92858036, 92861810, 3036, 6810
5, 2654, 92893036, 92896810, 3036, 6810
5, 2655, 92928036, 92931810, 3036, 6810
5, 2656, 92963036, 92968405, 3036, 8405
5, 2657, 92998036, 93001810, 3036, 6810
5, 2658, 93033036, 93037085, 3036, 7085
5, 2659, 93068036, 93071810, 3036, 6810
5, 266, 9313036, 9316810, 3036, 6810
5, 2660, 93103036, 93108957, 3036, 8957
5, 2661, 93138036, 93141810, 3036, 6810
5, 2662, 93173036, 93177141, 3036, 7141
5, 2663, 93208036, 93211810, 3036, 6810
5, 2664, 93243036, 93247969, 3036, 7969
5, 2665, 93278036, 93281810, 3036, 6810
5, 2666, 93313036, 93316810, 3036, 6810
5, 2667, 93348036, 93351810, 3036, 6810
5, 2668, 93383036, 93387116, 3036, 7116
5, 2669, 93418036, 93421810, 3036, 6810
5, 267, 9348036, 9351810, 3036, 6810
5, 2670, 93453036, 93457980, 3036, 7980
5, 2671, 93488036, 93491810, 3036, 6810
5, 2672, 93523036, 93529478, 3036, 9478
5, 2673, 93558036, 93561810, 3036, 6810
5, 2674, 93593036, 93597141, 3036, 7141
5, 2675, 93628036, 93631810, 3036, 6810
5, 2676, 93663036, 93667969, 3036, 7969
5, 2677, 93698036, 93701810, 3036, 6810
5, 2678, 93733036, 93736810, 3036, 6810
5, 2679, 93768036, 93777312, 3036, 12312
5, 268, 9383036, 9388405, 3036, 8405
5, 2680, 93803036, 93808017, 3036, 8017
5, 2681, 93838036, 93841810, 3036, 6810
5, 2682, 93873036, 93878300, 3036, 8300
5, 2683, 93908036, 93911810, 3036, 6810
5, 2684, 93943036, 93948405, 3036, 8405
5, 2685, 93978036, 93981810, 3036, 6810
5, 2686, 94013036, 94017141, 3036, 7141
5, 2687, 94048036, 94051810, 3036, 6810
5, 2688, 94083036, 94088893, 3036, 8893
5, 2689, 94118036, 94121810, 3036, 6810
5, 269, 9418036, 9421810, 3036, 6810
5, 2690, 94153036, 94157132, 3036, 7132
5, 2691, 94188036, 94191810, 3036, 6810
5, 2692, 94223036, 94227116, 3036, 7116
5, 2693, 94258036, 94261810, 3036, 6810
5, 2694, 94293036, 94298349, 3036, 8349
5, 2695, 94328036, 94331810, 3036, 6810
5, 2696, 94363036, 94368405, 3036, 8405
5, 2697, 94398036, 94401810, 3036, 6810
5, 2698, 94433036, 94436810, 3036, 6810
5, 2699, 94468036, 94471810, 3036, 6810
5, 27, 948036, 951810, 3036, 6810
5, 270, 9453036, 9458901, 3036, 8901
5, 2700, 94503036, 94508342, 3036, 8342
5, 2701, 94538036, 94541810, 3036, 6810
5, 2702, 94573036, 94576810, 3036, 6810
5, 2703, 94608036, 94611810, 3036, 6810
5, 2704, 94643036, 94648405, 3036, 8405
5, 2705, 94678036, 94681810, 3036, 6810
5, 2706, 94713036, 94718349, 3036, 8349
5, 2707, 94748036, 94751810, 3036, 6810
5, 2708, 94783036, 94788405, 3036, 8405
5, 2709, 94818036, 94821810, 3036, 6810
5, 271, 9488036, 9491810, 3036, 6810
5, 2710, 94853036, 94857132, 3036, 7132
5, 2711, 94888036, 94891810, 3036, 6810
5, 2712, 94923036, 94927969, 3036, 7969
5, 2713, 94958036, 94961810, 3036, 6810
5, 2714, 94993036, 94996810, 3036, 6810
5, 2715, 95028036, 95031810, 3036, 6810
5, 2716, 95063036, 95068405, 3036, 8405
5, 2717, 95098036, 95101810, 3036, 6810
5, 2718, 95133036, 95138349, 3036, 8349
5, 2719, 95168036, 95171810, 3036, 6810
5, 272, 9523036, 9529478, 3036, 9478
5, 2720, 95203036, 95211832, 3036, 11832
5, 2721, 95238036, 95241810, 3036, 6810
5, 2722, 95273036, 95276810, 3036, 6810
5, 2723, 95308036, 95311810, 3036, 6810
5, 2724, 95343036, 95347969, 3036, 7969
5, 2725, 95378036, 95381810, 3036, 6810
5, 2726, 95413036, 95416810, 3036, 6810
5, 2727, 95448036, 95451810, 3036, 6810
5, 2728, 95483036, 95488405, 3036, 8405
5, 2729, 95518036, 95521810, 3036, 6810
5, 273, 9558036, 9561810, 3036, 6810
5, 2730, 95553036, 95558901, 3036, 8901
5, 2731, 95588036, 95591810, 3036, 6810
5, 2732, 95623036, 95627116, 3036, 7116
5, 2733, 95658036, 95661810, 3036, 6810
5, 2734, 95693036, 95696810, 3036, 6810
5, 2735, 95728036, 95731810, 3036, 6810
5, 2736, 95763036, 95768893, 3036, 8893
5, 2737, 95798036, 95801810, 3036, 6810
5, 2738, 95833036, 95836810, 3036, 6810
5, 2739, 95868036, 95871810, 3036, 6810
5, 274, 9593036, 9596810, 3036, 6810
5, 2740, 95903036, 95908957, 3036, 8957
5, 2741, 95938036, 95941810, 3036, 6810
5, 2742, 95973036, 95978349, 3036, 8349
5, 2743, 96008036, 96011810, 3036, 6810
5, 2744, 96043036, 96047116, 3036, 7116
5, 2745, 96078036, 96081810, 3036, 6810
5, 2746, 96113036, 96116810, 3036, 6810
5, 2747, 96148036, 96151810, 3036, 6810
5, 2748, 96183036, 96187969, 3036, 7969
5, 2749, 96218036, 96221810, 3036, 6810
5, 275, 9628036, 9631810, 3036, 6810
5, 2750, 96253036, 96258413, 3036, 8413
5, 2751, 96288036, 96291810, 3036, 6810
5, 2752, 96323036, 96329478, 3036, 9478
5, 2753, 96358036, 96361810, 3036, 6810
5, 2754, 96393036, 96398349, 3036, 8349
5, 2755, 96428036, 96431810, 3036, 6810
5, 2756, 96463036, 96467116, 3036, 7116
5, 2757, 96498036, 96501810, 3036, 6810
5, 2758, 96533036, 96536810, 3036, 6810
5, 2759, 96568036, 96571810, 3036, 6810
5, 276, 9663036, 9667969, 3036, 7969
5, 2760, 96603036, 96608342, 3036, 8342
5, 2761, 96638036, 96641810, 3036, 6810
5, 2762, 96673036, 96677141, 3036, 7141
5, 2763, 96708036, 96711810, 3036, 6810
5, 2764, 96743036, 96748405, 3036, 8405
5, 2765, 96778036, 96781810, 3036, 6810
5, 2766, 96813036, 96817085, 3036, 7085
5, 2767, 96848036, 96851810, 3036, 6810
5, 2768, 96883036, 96888405, 3036, 8405
5, 2769, 96918036, 96921810, 3036, 6810
5, 277, 9698036, 9701810, 3036, 6810
5, 2770, 96953036, 96957132, 3036, 7132
5, 2771, 96988036, 96991810, 3036, 6810
5, 2772, 97023036, 97027969, 3036, 7969
5, 2773, 97058036, 97061810, 3036, 6810
5, 2774, 97093036, 97097141, 3036, 7141
5, 2775, 97128036, 97131810, 3036, 6810
5, 2776, 97163036, 97168405, 3036, 8405
5, 2777, 97198036, 97201810, 3036, 6810
5, 2778, 97233036, 97237085, 3036, 7085
5, 2779, 97268036, 97271810, 3036, 6810
5, 278, 9733036, 9736810, 3036, 6810
5, 2780, 97303036, 97308017, 3036, 8017
5, 2781, 97338036, 97341810, 3036, 6810
5, 2782, 97373036, 97376810, 3036, 6810
5, 2783, 97408036, 97411810, 3036, 6810
5, 2784, 97443036, 97450004, 3036, 10004
5, 2785, 97478036, 97481810, 3036, 6810
5, 2786, 97513036, 97517141, 3036, 7141
5, 2787, 97548036, 97551810, 3036, 6810
5, 2788, 97583036, 97588405, 3036, 8405
5, 2789, 97618036, 97621810, 3036, 6810
5, 279, 9768036, 9771810, 3036, 6810
5, 2790, 97653036, 97657980, 3036, 7980
5, 2791, 97688036, 97691810, 3036, 6810
5, 2792, 97723036, 97727116, 3036, 7116
5, 2793, 97758036, 97761810, 3036, 6810
5, 2794, 97793036, 97796810, 3036, 6810
5, 2795, 97828036, 97831810, 3036, 6810
5, 2796, 97863036, 97868893, 3036, 8893
5, 2797, 97898036, 97901810, 3036, 6810
5, 2798, 97933036, 97937141, 3036, 7141
5, 2799, 97968036, 97971810, 3036, 6810
5, 28, 983036, 987116, 3036, 7116
5, 280, 9803036, 9808957, 3036, 8957
5, 2800, 98003036, 98008957, 3036, 8957
5, 2801, 98038036, 98041810, 3036, 6810
5, 2802, 98073036, 98077085, 3036, 7085
5, 2803, 98108036, 98111810, 3036, 6810
5, 2804, 98143036, 98147116, 3036, 7116
5, 2805, 98178036, 98181810, 3036, 6810
5, 2806, 98213036, 98216810, 3036, 6810
5, 2807, 98248036, 98251810, 3036, 6810
5, 2808, 98283036, 98288893, 3036, 8893
5, 2809, 98318036, 98321810, 3036, 6810
5, 281, 9838036, 9841810, 3036, 6810
5, 2810, 98353036, 98358413, 3036, 8413
5, 2811, 98388036, 98391810, 3036, 6810
5, 2812, 98423036, 98427116, 3036, 7116
5, 2813, 98458036, 98461810, 3036, 6810
5, 2814, 98493036, 98497085, 3036, 7085
5, 2815, 98528036, 98531810, 3036, 6810
5, 2816, 98563036, 98568405, 3036, 8405
5, 2817, 98598036, 98601810, 3036, 6810
5, 2818, 98633036, 98637141, 3036, 7141
5, 2819, 98668036, 98671810, 3036, 6810
5, 282, 9873036, 9878349, 3036, 8349
5, 2820, 98703036, 98709444, 3036, 9444
5, 2821, 98738036, 98741810, 3036, 6810
5, 2822, 98773036, 98777141, 3036, 7141
5, 2823, 98808036, 98811810, 3036, 6810
5, 2824, 98843036, 98847116, 3036, 7116
5, 2825, 98878036, 98881810, 3036, 6810
5, 2826, 98913036, 98917085, 3036, 7085
5, 2827, 98948036, 98951810, 3036, 6810
5, 2828, 98983036, 98987116, 3036, 7116
5, 2829, 99018036, 99021810, 3036, 6810
5, 283, 9908036, 9911810, 3036, 6810
5, 2830, 99053036, 99058447, 3036, 8447
5, 2831, 99088036, 99091810, 3036, 6810
5, 2832, 99123036, 99131832, 3036, 11832
5, 2833, 99158036, 99161810, 3036, 6810
5, 2834, 99193036, 99196810, 3036, 6810
5, 2835, 99228036, 99231810, 3036, 6810
5, 2836, 99263036, 99267116, 3036, 7116
5, 2837, 99298036, 99301810, 3036, 6810
5, 2838, 99333036, 99337085, 3036, 7085
5, 2839, 99368036, 99371810, 3036, 6810
5, 284, 9943036, 9947116, 3036, 7116
5, 2840, 99403036, 99408017, 3036, 8017
5, 2841, 99438036, 99441810, 3036, 6810
5, 2842, 99473036, 99477141, 3036, 7141
5, 2843, 99508036, 99511810, 3036, 6810
5, 2844, 99543036, 99548893, 3036, 8893
5, 2845, 99578036, 99581810, 3036, 6810
5, 2846, 99613036, 99616810, 3036, 6810
5, 2847, 99648036, 99651810, 3036, 6810
5, 2848, 99683036, 99688405, 3036, 8405
5, 2849, 99718036, 99721810, 3036, 6810
5, 285, 9978036, 9981810, 3036, 6810
5, 2850, 99753036, 99757980, 3036, 7980
5, 2851, 99788036, 99791810, 3036, 6810
5, 2852, 99823036, 99828387, 3036, 8387
5, 2853, 99858036, 99861810, 3036, 6810
5, 2854, 99893036, 99897141, 3036, 7141
5, 2855, 99928036, 99931810, 3036, 6810
5, 2856, 99963036, 99968893, 3036, 8893
5, 2857, 99998036, 100001810, 3036, 6810
5, 2858, 100033036, 100036810, 3036, 6810
5, 2859, 100068036, 100071810, 3036, 6810
5, 286, 10013036, 10016810, 3036, 6810
5, 2860, 100103036, 100108017, 3036, 8017
5, 2861, 100138036, 100141810, 3036, 6810
5, 2862, 100173036, 100177085, 3036, 7085
5, 2863, 100208036, 100211810, 3036, 6810
5, 2864, 100243036, 100249478, 3036, 9478
5, 2865, 100278036, 100281810, 3036, 6810
5, 2866, 100313036, 100317141, 3036, 7141
5, 2867, 100348036, 100351810, 3036, 6810
5, 2868, 100383036, 100387969, 3036, 7969
5, 2869, 100418036, 100421810, 3036, 6810
5, 287, 10048036, 10051810, 3036, 6810
5, 2870, 100453036, 100457132, 3036, 7132
5, 2871, 100488036, 100497724, 3036, 12724
5, 2872, 100523036, 100527116, 3036, 7116
5, 2873, 100558036, 100561810, 3036, 6810
5, 2874, 100593036, 100598349, 3036, 8349
5, 2875, 100628036, 100631810, 3036, 6810
5, 2876, 100663036, 100668405, 3036, 8405
5, 2877, 100698036, 100701810, 3036, 6810
5, 2878, 100733036, 100737141, 3036, 7141
5, 2879, 100768036, 100771810, 3036, 6810
5, 288, 10083036, 10088893, 3036, 8893
5, 2880, 100803036, 100809444, 3036, 9444
5, 2881, 100838036, 100841810, 3036, 6810
5, 2882, 100873036, 100876810, 3036, 6810
5, 2883, 100908036, 100911810, 3036, 6810
5, 2884, 100943036, 100947116, 3036, 7116
5, 2885, 100978036, 100981810, 3036, 6810
5, 2886, 101013036, 101017466, 3036, 7466
5, 2887, 101048036, 101051810, 3036, 6810
5, 2888, 101083036, 101088405, 3036, 8405
5, 2889, 101118036, 101121810, 3036, 6810
5, 289, 10118036, 10121810, 3036, 6810
5, 2890, 101153036, 101158413, 3036, 8413
5, 2891, 101188036, 101191810, 3036, 6810
5, 2892, 101223036, 101227969, 3036, 7969
5, 2893, 101258036, 101261810, 3036, 6810
5, 2894, 101293036, 101296810, 3036, 6810
5, 2895, 101328036, 101331810, 3036, 6810
5, 2896, 101363036, 101368405, 3036, 8405
5, 2897, 101398036, 101401810, 3036, 6810
5, 2898, 101433036, 101438349, 3036, 8349
5, 2899, 101468036, 101471810, 3036, 6810
5, 29, 1018036, 1021810, 3036, 6810
5, 290, 10153036, 10158388, 3036, 8388
5, 2900, 101503036, 101508957, 3036, 8957
5, 2901, 101538036, 101541810, 3036, 6810
5, 2902, 101573036, 101576810, 3036, 6810
5, 2903, 101608036, 101611810, 3036, 6810
5, 2904, 101643036, 101647969, 3036, 7969
5, 2905, 101678036, 101681810, 3036, 6810
5, 2906, 101713036, 101716810, 3036, 6810
5, 2907, 101748036, 101751810, 3036, 6810
5, 2908, 101783036, 101788405, 3036, 8405
5, 2909, 101818036, 101821810, 3036, 6810
5, 291, 10188036, 10191810, 3036, 6810
5, 2910, 101853036, 101859781, 3036, 9781
5, 2911, 101888036, 101891810, 3036, 6810
5, 2912, 101923036, 101929478, 3036, 9478
5, 2913, 101958036, 101961810, 3036, 6810
5, 2914, 101993036, 101996810, 3036, 6810
5, 2915, 102028036, 102031810, 3036, 6810
5, 2916, 102063036, 102067969, 3036, 7969
5, 2917, 102098036, 102101810, 3036, 6810
5, 2918, 102133036, 102136810, 3036, 6810
5, 2919, 102168036, 102171810, 3036, 6810
5, 292, 10223036, 10228405, 3036, 8405
5, 2920, 102203036, 102208797, 3036, 8797
5, 2921, 102238036, 102241810, 3036, 6810
5, 2922, 102273036, 102278349, 3036, 8349
5, 2923, 102308036, 102311810, 3036, 6810
5, 2924, 102343036, 102348405, 3036, 8405
5, 2925, 102378036, 102381810, 3036, 6810
5, 2926, 102413036, 102416810, 3036, 6810
5, 2927, 102448036, 102451810, 3036, 6810
5, 2928, 102483036, 102488893, 3036, 8893
5, 2929, 102518036, 102521810, 3036, 6810
5, 293, 10258036, 10261810, 3036, 6810
5, 2930, 102553036, 102557132, 3036, 7132
5, 2931, 102588036, 102591810, 3036, 6810
5, 2932, 102623036, 102628405, 3036, 8405
5, 2933, 102658036, 102661810, 3036, 6810
5, 2934, 102693036, 102698349, 3036, 8349
5, 2935, 102728036, 102731810, 3036, 6810
5, 2936, 102763036, 102767116, 3036, 7116
5, 2937, 102798036, 102801810, 3036, 6810
5, 2938, 102833036, 102836810, 3036, 6810
5, 2939, 102868036, 102871810, 3036, 6810
5, 294, 10293036, 10298349, 3036, 8349
5, 2940, 102903036, 102908342, 3036, 8342
5, 2941, 102938036, 102941810, 3036, 6810
5, 2942, 102973036, 102977141, 3036, 7141
5, 2943, 103008036, 103011810, 3036, 6810
5, 2944, 103043036, 103049478, 3036, 9478
5, 2945, 103078036, 103081810, 3036, 6810
5, 2946, 103113036, 103118349, 3036, 8349
5, 2947, 103148036, 103151810, 3036, 6810
5, 2948, 103183036, 103187116, 3036, 7116
5, 2949, 103218036, 103221810, 3036, 6810
5, 295, 10328036, 10331810, 3036, 6810
5, 2950, 103253036, 103257132, 3036, 7132
5, 2951, 103288036, 103292249, 3036, 7249
5, 2952, 103323036, 103327969, 3036, 7969
5, 2953, 103358036, 103361810, 3036, 6810
5, 2954, 103393036, 103397141, 3036, 7141
5, 2955, 103428036, 103431810, 3036, 6810
5, 2956, 103463036, 103468405, 3036, 8405
5, 2957, 103498036, 103501810, 3036, 6810
5, 2958, 103533036, 103538349, 3036, 8349
5, 2959, 103568036, 103571810, 3036, 6810
5, 296, 10363036, 10367116, 3036, 7116
5, 2960, 103603036, 103608957, 3036, 8957
5, 2961, 103638036, 103641810, 3036, 6810
5, 2962, 103673036, 103676810, 3036, 6810
5, 2963, 103708036, 103711810, 3036, 6810
5, 2964, 103743036, 103747969, 3036, 7969
5, 2965, 103778036, 103781810, 3036, 6810
5, 2966, 103813036, 103817141, 3036, 7141
5, 2967, 103848036, 103851810, 3036, 6810
5, 2968, 103883036, 103888405, 3036, 8405
5, 2969, 103918036, 103921810, 3036, 6810
5, 297, 10398036, 10401810, 3036, 6810
5, 2970, 103953036, 103957980, 3036, 7980
5, 2971, 103988036, 103991810, 3036, 6810
5, 2972, 104023036, 104027116, 3036, 7116
5, 2973, 104058036, 104061810, 3036, 6810
5, 2974, 104093036, 104096810, 3036, 6810
5, 2975, 104128036, 104131810, 3036, 6810
5, 2976, 104163036, 104168893, 3036, 8893
5, 2977, 104198036, 104201810, 3036, 6810
5, 2978, 104233036, 104237141, 3036, 7141
5, 2979, 104268036, 104271810, 3036, 6810
5, 298, 10433036, 10436810, 3036, 6810
5, 2980, 104303036, 104308957, 3036, 8957
5, 2981, 104338036, 104341810, 3036, 6810
5, 2982, 104373036, 104377085, 3036, 7085
5, 2983, 104408036, 104411810, 3036, 6810
5, 2984, 104443036, 104447116, 3036, 7116
5, 2985, 104478036, 104481810, 3036, 6810
5, 2986, 104513036, 104516810, 3036, 6810
5, 2987, 104548036, 104551810, 3036, 6810
5, 2988, 104583036, 104588893, 3036, 8893
5, 2989, 104618036, 104621810, 3036, 6810
5, 299, 10468036, 10471810, 3036, 6810
5, 2990, 104653036, 104658413, 3036, 8413
5, 2991, 104688036, 104691810, 3036, 6810
5, 2992, 104723036, 104729478, 3036, 9478
5, 2993, 104758036, 104761810, 3036, 6810
5, 2994, 104793036, 104797085, 3036, 7085
5, 2995, 104828036, 104831810, 3036, 6810
5, 2996, 104863036, 104867116, 3036, 7116
5, 2997, 104898036, 104901810, 3036, 6810
5, 2998, 104933036, 104936810, 3036, 6810
5, 2999, 104968036, 104971810, 3036, 6810
5, 3, 108036, 111810, 3036, 6810
5, 30, 1053036, 1057986, 3036, 7986
5, 300, 10503036, 10508342, 3036, 8342
5, 3000, 105003036, 105009444, 3036, 9444
5, 3001, 105038036, 105041810, 3036, 6810
5, 3002, 105073036, 105077141, 3036, 7141
5, 3003, 105108036, 105111810, 3036, 6810
5, 3004, 105143036, 105147116, 3036, 7116
5, 3005, 105178036, 105181810, 3036, 6810
5, 3006, 105213036, 105217085, 3036, 7085
5, 3007, 105248036, 105251810, 3036, 6810
5, 3008, 105283036, 105288405, 3036, 8405
5, 3009, 105318036, 105321810, 3036, 6810
5, 301, 10538036, 10541810, 3036, 6810
5, 3010, 105353036, 105357522, 3036, 7522
5, 3011, 105388036, 105391810, 3036, 6810
5, 3012, 105423036, 105428893, 3036, 8893
5, 3013, 105458036, 105461810, 3036, 6810
5, 3014, 105493036, 105497141, 3036, 7141
5, 3015, 105528036, 105531810, 3036, 6810
5, 3016, 105563036, 105567116, 3036, 7116
5, 3017, 105598036, 105601810, 3036, 6810
5, 3018, 105633036, 105637085, 3036, 7085
5, 3019, 105668036, 105671810, 3036, 6810
5, 302, 10573036, 10577141, 3036, 7141
5, 3020, 105703036, 105708017, 3036, 8017
5, 3021, 105738036, 105741810, 3036, 6810
5, 3022, 105773036, 105777141, 3036, 7141
5, 3023, 105808036, 105811810, 3036, 6810
5, 3024, 105843036, 105851281, 3036, 11281
5, 3025, 105878036, 105881810, 3036, 6810
5, 3026, 105913036, 105917141, 3036, 7141
5, 3027, 105948036, 105951810, 3036, 6810
5, 3028, 105983036, 105987116, 3036, 7116
5, 3029, 106018036, 106021810, 3036, 6810
5, 303, 10608036, 10611810, 3036, 6810
5, 3030, 106053036, 106057980, 3036, 7980
5, 3031, 106088036, 106091810, 3036, 6810
5, 3032, 106123036, 106127116, 3036, 7116
5, 3033, 106158036, 106161810, 3036, 6810
5, 3034, 106193036, 106197141, 3036, 7141
5, 3035, 106228036, 106231810, 3036, 6810
5, 3036, 106263036, 106268893, 3036, 8893
5, 3037, 106298036, 106301810, 3036, 6810
5, 3038, 106333036, 106336810, 3036, 6810
5, 3039, 106368036, 106371810, 3036, 6810
5, 304, 10643036, 10649478, 3036, 9478
5, 3040, 106403036, 106408957, 3036, 8957
5, 3041, 106438036, 106441810, 3036, 6810
5, 3042, 106473036, 106477085, 3036, 7085
5, 3043, 106508036, 106511810, 3036, 6810
5, 3044, 106543036, 106547116, 3036, 7116
5, 3045, 106578036, 106581810, 3036, 6810
5, 3046, 106613036, 106617141, 3036, 7141
5, 3047, 106648036, 106651810, 3036, 6810
5, 3048, 106683036, 106688893, 3036, 8893
5, 3049, 106718036, 106721810, 3036, 6810
5, 305, 10678036, 10681810, 3036, 6810
5, 3050, 106753036, 106757132, 3036, 7132
5, 3051, 106788036, 106791810, 3036, 6810
5, 3052, 106823036, 106827116, 3036, 7116
5, 3053, 106858036, 106861810, 3036, 6810
5, 3054, 106893036, 106897085, 3036, 7085
5, 3055, 106928036, 106931810, 3036, 6810
5, 3056, 106963036, 106969478, 3036, 9478
5, 3057, 106998036, 107001810, 3036, 6810
5, 3058, 107033036, 107037141, 3036, 7141
5, 3059, 107068036, 107071810, 3036, 6810
5, 306, 10713036, 10718349, 3036, 8349
5, 3060, 107103036, 107109444, 3036, 9444
5, 3061, 107138036, 107141810, 3036, 6810
5, 3062, 107173036, 107176810, 3036, 6810
5, 3063, 107208036, 107211810, 3036, 6810
5, 3064, 107243036, 107247116, 3036, 7116
5, 3065, 107278036, 107281810, 3036, 6810
5, 3066, 107313036, 107317085, 3036, 7085
5, 3067, 107348036, 107351810, 3036, 6810
5, 3068, 107383036, 107388405, 3036, 8405
5, 3069, 107418036, 107421810, 3036, 6810
5, 307, 10748036, 10751810, 3036, 6810
5, 3070, 107453036, 107458413, 3036, 8413
5, 3071, 107488036, 107491810, 3036, 6810
5, 3072, 107523036, 107528893, 3036, 8893
5, 3073, 107558036, 107561810, 3036, 6810
5, 3074, 107593036, 107596810, 3036, 6810
5, 3075, 107628036, 107631810, 3036, 6810
5, 3076, 107663036, 107667116, 3036, 7116
5, 3077, 107698036, 107701810, 3036, 6810
5, 3078, 107733036, 107737085, 3036, 7085
5, 3079, 107768036, 107771810, 3036, 6810
5, 308, 10783036, 10787116, 3036, 7116
5, 3080, 107803036, 107808957, 3036, 8957
5, 3081, 107838036, 107841810, 3036, 6810
5, 3082, 107873036, 107877141, 3036, 7141
5, 3083, 107908036, 107911810, 3036, 6810
5, 3084, 107943036, 107947969, 3036, 7969
5, 3085, 107978036, 107981810, 3036, 6810
5, 3086, 108013036, 108016810, 3036, 6810
5, 3087, 108048036, 108051810, 3036, 6810
5, 3088, 108083036, 108088405, 3036, 8405
5, 3089, 108118036, 108121810, 3036, 6810
5, 309, 10818036, 10821810, 3036, 6810
5, 3090, 108153036, 108157986, 3036, 7986
5, 3091, 108188036, 108191810, 3036, 6810
5, 3092, 108223036, 108228405, 3036, 8405
5, 3093, 108258036, 108261810, 3036, 6810
5, 3094, 108293036, 108297141, 3036, 7141
5, 3095, 108328036, 108331810, 3036, 6810
5, 3096, 108363036, 108367969, 3036, 7969
5, 3097, 108398036, 108401810, 3036, 6810
5, 3098, 108433036, 108436810, 3036, 6810
5, 3099, 108468036, 108471810, 3036, 6810
5, 31, 1088036, 1091810, 3036, 6810
5, 310, 10853036, 10857132, 3036, 7132
5, 3100, 108503036, 108508017, 3036, 8017
5, 3101, 108538036, 108541810, 3036, 6810
5, 3102, 108573036, 108578349, 3036, 8349
5, 3103, 108608036, 108611810, 3036, 6810
5, 3104, 108643036, 108649478, 3036, 9478
5, 3105, 108678036, 108681810, 3036, 6810
5, 3106, 108713036, 108716810, 3036, 6810
5, 3107, 108748036, 108751810, 3036, 6810
5, 3108, 108783036, 108787969, 3036, 7969
5, 3109, 108818036, 108821810, 3036, 6810
5, 311, 10888036, 10891810, 3036, 6810
5, 3110, 108853036, 108857132, 3036, 7132
5, 3111, 108888036, 108891810, 3036, 6810
5, 3112, 108923036, 108927116, 3036, 7116
5, 3113, 108958036, 108961810, 3036, 6810
5, 3114, 108993036, 108998349, 3036, 8349
5, 3115, 109028036, 109031810, 3036, 6810
5, 3116, 109063036, 109068405, 3036, 8405
5, 3117, 109098036, 109101810, 3036, 6810
5, 3118, 109133036, 109136810, 3036, 6810
5, 3119, 109168036, 109171810, 3036, 6810
5, 312, 10923036, 10927969, 3036, 7969
5, 3120, 109203036, 109209444, 3036, 9444
5, 3121, 109238036, 109241810, 3036, 6810
5, 3122, 109273036, 109276810, 3036, 6810
5, 3123, 109308036, 109311810, 3036, 6810
5, 3124, 109343036, 109348230, 3036, 8230
5, 3125, 109378036, 109381810, 3036, 6810
5, 3126, 109413036, 109418349, 3036, 8349
5, 3127, 109448036, 109451810, 3036, 6810
5, 3128, 109483036, 109488405, 3036, 8405
5, 3129, 109518036, 109521810, 3036, 6810
5, 313, 10958036, 10961810, 3036, 6810
5, 3130, 109553036, 109557132, 3036, 7132
5, 3131, 109588036, 109591810, 3036, 6810
5, 3132, 109623036, 109627969, 3036, 7969
5, 3133, 109658036, 109661810, 3036, 6810
5, 3134, 109693036, 109696810, 3036, 6810
5, 3135, 109728036, 109731810, 3036, 6810
5, 3136, 109763036, 109769478, 3036, 9478
5, 3137, 109798036, 109801810, 3036, 6810
5, 3138, 109833036, 109838349, 3036, 8349
5, 3139, 109868036, 109871810, 3036, 6810
5, 314, 10993036, 10997141, 3036, 7141
5, 3140, 109903036, 109908017, 3036, 8017
5, 3141, 109938036, 109941810, 3036, 6810
5, 3142, 109973036, 109976810, 3036, 6810
5, 3143, 110008036, 110014288, 3036, 9288
5, 3144, 110043036, 110047969, 3036, 7969
5, 3145, 110078036, 110081810, 3036, 6810
5, 3146, 110113036, 110117141, 3036, 7141
5, 3147, 110148036, 110151810, 3036, 6810
5, 3148, 110183036, 110188405, 3036, 8405
5, 3149, 110218036, 110221810, 3036, 6810
5, 315, 11028036, 11031810, 3036, 6810
5, 3150, 110253036, 110258901, 3036, 8901
5, 3151, 110288036, 110291810, 3036, 6810
5, 3152, 110323036, 110328405, 3036, 8405
5, 3153, 110358036, 110361810, 3036, 6810
5, 3154, 110393036, 110396810, 3036, 6810
5, 3155, 110428036, 110432913, 3036, 7913
5, 3156, 110463036, 110467969, 3036, 7969
5, 3157, 110498036, 110501810, 3036, 6810
5, 3158, 110533036, 110537020, 3036, 7020
5, 3159, 110568036, 110571810, 3036, 6810
5, 316, 11063036, 11068405, 3036, 8405
5, 3160, 110603036, 110608957, 3036, 8957
5, 3161, 110638036, 110641810, 3036, 6810
5, 3162, 110673036, 110678349, 3036, 8349
5, 3163, 110708036, 110711810, 3036, 6810
5, 3164, 110743036, 110747116, 3036, 7116
5, 3165, 110778036, 110781810, 3036, 6810
5, 3166, 110813036, 110816810, 3036, 6810
5, 3167, 110848036, 110851810, 3036, 6810
5, 3168, 110883036, 110888893, 3036, 8893
5, 3169, 110918036, 110921810, 3036, 6810
5, 317, 11098036, 11101810, 3036, 6810
5, 3170, 110953036, 110958413, 3036, 8413
5, 3171, 110988036, 110991810, 3036, 6810
5, 3172, 111023036, 111028405, 3036, 8405
5, 3173, 111058036, 111061810, 3036, 6810
5, 3174, 111093036, 111097085, 3036, 7085
5, 3175, 111128036, 111131810, 3036, 6810
5, 3176, 111163036, 111167116, 3036, 7116
5, 3177, 111198036, 111201810, 3036, 6810
5, 3178, 111233036, 111236810, 3036, 6810
5, 3179, 111268036, 111271810, 3036, 6810
5, 318, 11133036, 11137085, 3036, 7085
5, 3180, 111303036, 111309136, 3036, 9136
5, 3181, 111338036, 111341810, 3036, 6810
5, 3182, 111373036, 111377219, 3036, 7219
5, 3183, 111408036, 111411810, 3036, 6810
5, 3184, 111443036, 111449478, 3036, 9478
5, 3185, 111478036, 111481810, 3036, 6810
5, 3186, 111513036, 111517085, 3036, 7085
5, 3187, 111548036, 111551810, 3036, 6810
5, 3188, 111583036, 111587116, 3036, 7116
5, 3189, 111618036, 111621810, 3036, 6810
5, 319, 11168036, 11171810, 3036, 6810
5, 3190, 111653036, 111657132, 3036, 7132
5, 3191, 111688036, 111691810, 3036, 6810
5, 3192, 111723036, 111728893, 3036, 8893
5, 3193, 111758036, 111761810, 3036, 6810
5, 3194, 111793036, 111797141, 3036, 7141
5, 3195, 111828036, 111831810, 3036, 6810
5, 3196, 111863036, 111868405, 3036, 8405
5, 3197, 111898036, 111901810, 3036, 6810
5, 3198, 111933036, 111937085, 3036, 7085
5, 3199, 111968036, 111971810, 3036, 6810
5, 32, 1123036, 1129478, 3036, 9478
5, 320, 11203036, 11208957, 3036, 8957
5, 3200, 112003036, 112008957, 3036, 8957
5, 3201, 112038036, 112041810, 3036, 6810
5, 3202, 112073036, 112076810, 3036, 6810
5, 3203, 112108036, 112111810, 3036, 6810
5, 3204, 112143036, 112148893, 3036, 8893
5, 3205, 112178036, 112181810, 3036, 6810
5, 3206, 112213036, 112217141, 3036, 7141
5, 3207, 112248036, 112251810, 3036, 6810
5, 3208, 112283036, 112287116, 3036, 7116
5, 3209, 112318036, 112321810, 3036, 6810
5, 321, 11238036, 11241810, 3036, 6810
5, 3210, 112353036, 112357980, 3036, 7980
5, 3211, 112388036, 112391810, 3036, 6810
5, 3212, 112423036, 112427116, 3036, 7116
5, 3213, 112458036, 112461810, 3036, 6810
5, 3214, 112493036, 112497141, 3036, 7141
5, 3215, 112528036, 112531810, 3036, 6810
5, 3216, 112563036, 112571281, 3036, 11281
5, 3217, 112598036, 112601810, 3036, 6810
5, 3218, 112633036, 112637141, 3036, 7141
5, 3219, 112668036, 112671810, 3036, 6810
5, 322, 11273036, 11276810, 3036, 6810
5, 3220, 112703036, 112708017, 3036, 8017
5, 3221, 112738036, 112741810, 3036, 6810
5, 3222, 112773036, 112777085, 3036, 7085
5, 3223, 112808036, 112811810, 3036, 6810
5, 3224, 112843036, 112847116, 3036, 7116
5, 3225, 112878036, 112881810, 3036, 6810
5, 3226, 112913036, 112917141, 3036, 7141
5, 3227, 112948036, 112951810, 3036, 6810
5, 3228, 112983036, 112988893, 3036, 8893
5, 3229, 113018036, 113021810, 3036, 6810
5, 323, 11308036, 11311810, 3036, 6810
5, 3230, 113053036, 113058413, 3036, 8413
5, 3231, 113088036, 113091810, 3036, 6810
5, 3232, 113123036, 113128405, 3036, 8405
5, 3233, 113158036, 113161810, 3036, 6810
5, 3234, 113193036, 113197085, 3036, 7085
5, 3235, 113228036, 113231810, 3036, 6810
5, 3236, 113263036, 113267116, 3036, 7116
5, 3237, 113298036, 113301810, 3036, 6810
5, 3238, 113333036, 113337141, 3036, 7141
5, 3239, 113368036, 113371810, 3036, 6810
5, 324, 11343036, 11347969, 3036, 7969
5, 3240, 113403036, 113409444, 3036, 9444
5, 3241, 113438036, 113441810, 3036, 6810
5, 3242, 113473036, 113476810, 3036, 6810
5, 3243, 113508036, 113511810, 3036, 6810
5, 3244, 113543036, 113547116, 3036, 7116
5, 3245, 113578036, 113581810, 3036, 6810
5, 3246, 113613036, 113617085, 3036, 7085
5, 3247, 113648036, 113651810, 3036, 6810
5, 3248, 113683036, 113688786, 3036, 8786
5, 3249, 113718036, 113721810, 3036, 6810
5, 325, 11378036, 11381810, 3036, 6810
5, 3250, 113753036, 113758413, 3036, 8413
5, 3251, 113788036, 113791810, 3036, 6810
5, 3252, 113823036, 113828893, 3036, 8893
5, 3253, 113858036, 113861810, 3036, 6810
5, 3254, 113893036, 113896810, 3036, 6810
5, 3255, 113928036, 113932849, 3036, 7849
5, 3256, 113963036, 113967116, 3036, 7116
5, 3257, 113998036, 114001810, 3036, 6810
5, 3258, 114033036, 114037085, 3036, 7085
5, 3259, 114068036, 114071810, 3036, 6810
5, 326, 11413036, 11417141, 3036, 7141
5, 3260, 114103036, 114108957, 3036, 8957
5, 3261, 114138036, 114141810, 3036, 6810
5, 3262, 114173036, 114178391, 3036, 8391
5, 3263, 114208036, 114211810, 3036, 6810
5, 3264, 114243036, 114251281, 3036, 11281
5, 3265, 114278036, 114281810, 3036, 6810
5, 3266, 114313036, 114316810, 3036, 6810
5, 3267, 114348036, 114351810, 3036, 6810
5, 3268, 114383036, 114387116, 3036, 7116
5, 3269, 114418036, 114421810, 3036, 6810
5, 327, 11448036, 11451810, 3036, 6810
5, 3270, 114453036, 114457980, 3036, 7980
5, 3271, 114488036, 114491810, 3036, 6810
5, 3272, 114523036, 114528405, 3036, 8405
5, 3273, 114558036, 114561810, 3036, 6810
5, 3274, 114593036, 114597141, 3036, 7141
5, 3275, 114628036, 114631810, 3036, 6810
5, 3276, 114663036, 114667969, 3036, 7969
5, 3277, 114698036, 114701810, 3036, 6810
5, 3278, 114733036, 114736810, 3036, 6810
5, 3279, 114768036, 114771810, 3036, 6810
5, 328, 11483036, 11488405, 3036, 8405
5, 3280, 114803036, 114808957, 3036, 8957
5, 3281, 114838036, 114841810, 3036, 6810
5, 3282, 114873036, 114877085, 3036, 7085
5, 3283, 114908036, 114911810, 3036, 6810
5, 3284, 114943036, 114948405, 3036, 8405
5, 3285, 114978036, 114981810, 3036, 6810
5, 3286, 115013036, 115017141, 3036, 7141
5, 3287, 115048036, 115051810, 3036, 6810
5, 3288, 115083036, 115087969, 3036, 7969
5, 3289, 115118036, 115121810, 3036, 6810
5, 329, 11518036, 11521810, 3036, 6810
5, 3290, 115153036, 115157132, 3036, 7132
5, 3291, 115188036, 115192785, 3036, 7785
5, 3292, 115223036, 115227116, 3036, 7116
5, 3293, 115258036, 115261810, 3036, 6810
5, 3294, 115293036, 115297466, 3036, 7466
5, 3295, 115328036, 115331810, 3036, 6810
5, 3296, 115363036, 115369478, 3036, 9478
5, 3297, 115398036, 115401810, 3036, 6810
5, 3298, 115433036, 115437141, 3036, 7141
5, 3299, 115468036, 115471810, 3036, 6810
5, 33, 1158036, 1161810, 3036, 6810
5, 330, 11553036, 11557980, 3036, 7980
5, 3300, 115503036, 115508342, 3036, 8342
5, 3301, 115538036, 115541810, 3036, 6810
5, 3302, 115573036, 115576810, 3036, 6810
5, 3303, 115608036, 115611810, 3036, 6810
5, 3304, 115643036, 115647116, 3036, 7116
5, 3305, 115678036, 115681810, 3036, 6810
5, 3306, 115713036, 115718349, 3036, 8349
5, 3307, 115748036, 115751810, 3036, 6810
5, 3308, 115783036, 115788405, 3036, 8405
5, 3309, 115818036, 115821810, 3036, 6810
5, 331, 11588036, 11591810, 3036, 6810
5, 3310, 115853036, 115857132, 3036, 7132
5, 3311, 115888036, 115891810, 3036, 6810
5, 3312, 115923036, 115928893, 3036, 8893
5, 3313, 115958036, 115961810, 3036, 6810
5, 3314, 115993036, 115996810, 3036, 6810
5, 3315, 116028036, 116031810, 3036, 6810
5, 3316, 116063036, 116067116, 3036, 7116
5, 3317, 116098036, 116101810, 3036, 6810
5, 3318, 116133036, 116138349, 3036, 8349
5, 3319, 116168036, 116171810, 3036, 6810
5, 332, 11623036, 11627116, 3036, 7116
5, 3320, 116203036, 116208957, 3036, 8957
5, 3321, 116238036, 116241810, 3036, 6810
5, 3322, 116273036, 116276810, 3036, 6810
5, 3323, 116308036, 116311810, 3036, 6810
5, 3324, 116343036, 116347969, 3036, 7969
5, 3325, 116378036, 116381810, 3036, 6810
5, 3326, 116413036, 116416810, 3036, 6810
5, 3327, 116448036, 116451810, 3036, 6810
5, 3328, 116483036, 116489284, 3036, 9284
5, 3329, 116518036, 116521810, 3036, 6810
5, 333, 11658036, 11661810, 3036, 6810
5, 3330, 116553036, 116558901, 3036, 8901
5, 3331, 116588036, 116591810, 3036, 6810
5, 3332, 116623036, 116628405, 3036, 8405
5, 3333, 116658036, 116661810, 3036, 6810
5, 3334, 116693036, 116696810, 3036, 6810
5, 3335, 116728036, 116732380, 3036, 7380
5, 3336, 116763036, 116767969, 3036, 7969
5, 3337, 116798036, 116801810, 3036, 6810
5, 3338, 116833036, 116836810, 3036, 6810
5, 3339, 116868036, 116871810, 3036, 6810
5, 334, 11693036, 11696810, 3036, 6810
5, 3340, 116903036, 116908957, 3036, 8957
5, 3341, 116938036, 116941810, 3036, 6810
5, 3342, 116973036, 116978349, 3036, 8349
5, 3343, 117008036, 117011810, 3036, 6810
5, 3344, 117043036, 117048405, 3036, 8405
5, 3345, 117078036, 117081810, 3036, 6810
5, 3346, 117113036, 117116810, 3036, 6810
5, 3347, 117148036, 117151810, 3036, 6810
5, 3348, 117183036, 117187969, 3036, 7969
5, 3349, 117218036, 117221810, 3036, 6810
5, 335, 11728036, 11731810, 3036, 6810
5, 3350, 117253036, 117258388, 3036, 8388
5, 3351, 117288036, 117291810, 3036, 6810
5, 3352, 117323036, 117328405, 3036, 8405
5, 3353, 117358036, 117361810, 3036, 6810
5, 3354, 117393036, 117398349, 3036, 8349
5, 3355, 117428036, 117431810, 3036, 6810
5, 3356, 117463036, 117467116, 3036, 7116
5, 3357, 117498036, 117501810, 3036, 6810
5, 3358, 117533036, 117536810, 3036, 6810
5, 3359, 117568036, 117571810, 3036, 6810
5, 336, 11763036, 11769183, 3036, 9183
5, 3360, 117603036, 117609444, 3036, 9444
5, 3361, 117638036, 117641810, 3036, 6810
5, 3362, 117673036, 117677141, 3036, 7141
5, 3363, 117708036, 117711810, 3036, 6810
5, 3364, 117743036, 117748405, 3036, 8405
5, 3365, 117778036, 117781810, 3036, 6810
5, 3366, 117813036, 117818349, 3036, 8349
5, 3367, 117848036, 117851810, 3036, 6810
5, 3368, 117883036, 117887116, 3036, 7116
5, 3369, 117918036, 117921810, 3036, 6810
5, 337, 11798036, 11801810, 3036, 6810
5, 3370, 117953036, 117957132, 3036, 7132
5, 3371, 117988036, 117991810, 3036, 6810
5, 3372, 118023036, 118027969, 3036, 7969
5, 3373, 118058036, 118061810, 3036, 6810
5, 3374, 118093036, 118097141, 3036, 7141
5, 3375, 118128036, 118131810, 3036, 6810
5, 3376, 118163036, 118169478, 3036, 9478
5, 3377, 118198036, 118201810, 3036, 6810
5, 3378, 118233036, 118237085, 3036, 7085
5, 3379, 118268036, 118271810, 3036, 6810
5, 338, 11833036, 11837141, 3036, 7141
5, 3380, 118303036, 118308017, 3036, 8017
5, 3381, 118338036, 118341810, 3036, 6810
5, 3382, 118373036, 118376810, 3036, 6810
5, 3383, 118408036, 118411810, 3036, 6810
5, 3384, 118443036, 118447969, 3036, 7969
5, 3385, 118478036, 118481810, 3036, 6810
5, 3386, 118513036, 118517141, 3036, 7141
5, 3387, 118548036, 118551810, 3036, 6810
5, 3388, 118583036, 118588405, 3036, 8405
5, 3389, 118618036, 118621810, 3036, 6810
5, 339, 11868036, 11871810, 3036, 6810
5, 3390, 118653036, 118657980, 3036, 7980
5, 3391, 118688036, 118691810, 3036, 6810
5, 3392, 118723036, 118728405, 3036, 8405
5, 3393, 118758036, 118761810, 3036, 6810
5, 3394, 118793036, 118796810, 3036, 6810
5, 3395, 118828036, 118831810, 3036, 6810
5, 3396, 118863036, 118868431, 3036, 8431
5, 3397, 118898036, 118901810, 3036, 6810
5, 3398, 118933036, 118937141, 3036, 7141
5, 3399, 118968036, 118971810, 3036, 6810
5, 34, 1193036, 1197141, 3036, 7141
5, 340, 11903036, 11908957, 3036, 8957
5, 3400, 119003036, 119008957, 3036, 8957
5, 3401, 119038036, 119041810, 3036, 6810
5, 3402, 119073036, 119077085, 3036, 7085
5, 3403, 119108036, 119111810, 3036, 6810
5, 3404, 119143036, 119147116, 3036, 7116
5, 3405, 119178036, 119181810, 3036, 6810
5, 3406, 119213036, 119217060, 3036, 7060
5, 3407, 119248036, 119251810, 3036, 6810
5, 3408, 119283036, 119291281, 3036, 11281
5, 3409, 119318036, 119321810, 3036, 6810
5, 341, 11938036, 11941810, 3036, 6810
5, 3410, 119353036, 119358413, 3036, 8413
5, 3411, 119388036, 119391810, 3036, 6810
5, 3412, 119423036, 119427116, 3036, 7116
5, 3413, 119458036, 119461810, 3036, 6810
5, 3414, 119493036, 119497085, 3036, 7085
5, 3415, 119528036, 119534301, 3036, 9301
5, 3416, 119563036, 119567116, 3036, 7116
5, 3417, 119598036, 119601810, 3036, 6810
5, 3418, 119633036, 119637141, 3036, 7141
5, 3419, 119668036, 119671810, 3036, 6810
5, 342, 11973036, 11977085, 3036, 7085
5, 3420, 119703036, 119709444, 3036, 9444
5, 3421, 119738036, 119741810, 3036, 6810
5, 3422, 119773036, 119777141, 3036, 7141
5, 3423, 119808036, 119811810, 3036, 6810
5, 3424, 119843036, 119848405, 3036, 8405
5, 3425, 119878036, 119881810, 3036, 6810
5, 3426, 119913036, 119917085, 3036, 7085
5, 3427, 119948036, 119951810, 3036, 6810
5, 3428, 119983036, 119987116, 3036, 7116
5, 3429, 120018036, 120021810, 3036, 6810
5, 343, 12008036, 12011810, 3036, 6810
5, 3430, 120053036, 120058344, 3036, 8344
5, 3431, 120088036, 120091810, 3036, 6810
5, 3432, 120123036, 120128893, 3036, 8893
5, 3433, 120158036, 120161810, 3036, 6810
5, 3434, 120193036, 120197141, 3036, 7141
5, 3435, 120228036, 120231810, 3036, 6810
5, 3436, 120263036, 120267116, 3036, 7116
5, 3437, 120298036, 120301810, 3036, 6810
5, 3438, 120333036, 120337085, 3036, 7085
5, 3439, 120368036, 120371810, 3036, 6810
5, 344, 12043036, 12047116, 3036, 7116
5, 3440, 120403036, 120408957, 3036, 8957
5, 3441, 120438036, 120441810, 3036, 6810
5, 3442, 120473036, 120477141, 3036, 7141
5, 3443, 120508036, 120511810, 3036, 6810
5, 3444, 120543036, 120548893, 3036, 8893
5, 3445, 120578036, 120581810, 3036, 6810
5, 3446, 120613036, 120616810, 3036, 6810
5, 3447, 120648036, 120651810, 3036, 6810
5, 3448, 120683036, 120687116, 3036, 7116
5, 3449, 120718036, 120721810, 3036, 6810
5, 345, 12078036, 12081810, 3036, 6810
5, 3450, 120753036, 120757980, 3036, 7980
5, 3451, 120788036, 120791810, 3036, 6810
5, 3452, 120823036, 120827116, 3036, 7116
5, 3453, 120858036, 120861810, 3036, 6810
5, 3454, 120893036, 120899362, 3036, 9362
5, 3455, 120928036, 120931810, 3036, 6810
5, 3456, 120963036, 120971281, 3036, 11281
5, 3457, 120998036, 121001810, 3036, 6810
5, 3458, 121033036, 121036810, 3036, 6810
5, 3459, 121068036, 121071810, 3036, 6810
5, 346, 12113036, 12116810, 3036, 6810
5, 3460, 121103036, 121108017, 3036, 8017
5, 3461, 121138036, 121141810, 3036, 6810
5, 3462, 121173036, 121177085, 3036, 7085
5, 3463, 121208036, 121211810, 3036, 6810
5, 3464, 121243036, 121248405, 3036, 8405
5, 3465, 121278036, 121281810, 3036, 6810
5, 3466, 121313036, 121317141, 3036, 7141
5, 3467, 121348036, 121351810, 3036, 6810
5, 3468, 121383036, 121388893, 3036, 8893
5, 3469, 121418036, 121421810, 3036, 6810
5, 347, 12148036, 12151810, 3036, 6810
5, 3470, 121453036, 121457132, 3036, 7132
5, 3471, 121488036, 121491810, 3036, 6810
5, 3472, 121523036, 121528405, 3036, 8405
5, 3473, 121558036, 121561810, 3036, 6810
5, 3474, 121593036, 121597085, 3036, 7085
5, 3475, 121628036, 121631810, 3036, 6810
5, 3476, 121663036, 121668405, 3036, 8405
5, 3477, 121698036, 121701810, 3036, 6810
5, 3478, 121733036, 121737141, 3036, 7141
5, 3479, 121768036, 121771810, 3036, 6810
5, 348, 12183036, 12188893, 3036, 8893
5, 3480, 121803036, 121808342, 3036, 8342
5, 3481, 121838036, 121841810, 3036, 6810
5, 3482, 121873036, 121876810, 3036, 6810
5, 3483, 121908036, 121911810, 3036, 6810
5, 3484, 121943036, 121947116, 3036, 7116
5, 3485, 121978036, 121981810, 3036, 6810
5, 3486, 122013036, 122017085, 3036, 7085
5, 3487, 122048036, 122051810, 3036, 6810
5, 3488, 122083036, 122089478, 3036, 9478
5, 3489, 122118036, 122121810, 3036, 6810
5, 349, 12218036, 12221810, 3036, 6810
5, 3490, 122153036, 122158413, 3036, 8413
5, 3491, 122188036, 122191810, 3036, 6810
5, 3492, 122223036, 122227969, 3036, 7969
5, 3493, 122258036, 122261810, 3036, 6810
5, 3494, 122293036, 122296810, 3036, 6810
5, 3495, 122328036, 122342058, 3036, 17058
5, 3496, 122363036, 122367116, 3036, 7116
5, 3497, 122398036, 122401810, 3036, 6810
5, 3498, 122433036, 122437466, 3036, 7466
5, 3499, 122468036, 122471810, 3036, 6810
5, 35, 1228036, 1231810, 3036, 6810
5, 350, 12253036, 12258413, 3036, 8413
5, 3500, 122503036, 122508957, 3036, 8957
5, 3501, 122538036, 122541810, 3036, 6810
5, 3502, 122573036, 122577141, 3036, 7141
5, 3503, 122608036, 122611810, 3036, 6810
5, 3504, 122643036, 122648893, 3036, 8893
5, 3505, 122678036, 122681810, 3036, 6810
5, 3506, 122713036, 122716810, 3036, 6810
5, 3507, 122748036, 122751810, 3036, 6810
5, 3508, 122783036, 122787116, 3036, 7116
5, 3509, 122818036, 122821810, 3036, 6810
5, 351, 12288036, 12291810, 3036, 6810
5, 3510, 122853036, 122858901, 3036, 8901
5, 3511, 122888036, 122891810, 3036, 6810
5, 3512, 122923036, 122928405, 3036, 8405
5, 3513, 122958036, 122961810, 3036, 6810
5, 3514, 122993036, 122996810, 3036, 6810
5, 3515, 123028036, 123031810, 3036, 6810
5, 3516, 123063036, 123067969, 3036, 7969
5, 3517, 123098036, 123101810, 3036, 6810
5, 3518, 123133036, 123136810, 3036, 6810
5, 3519, 123168036, 123171810, 3036, 6810
5, 352, 12323036, 12328405, 3036, 8405
5, 3520, 123203036, 123208957, 3036, 8957
5, 3521, 123238036, 123241810, 3036, 6810
5, 3522, 123273036, 123278349, 3036, 8349
5, 3523, 123308036, 123311810, 3036, 6810
5, 3524, 123343036, 123348405, 3036, 8405
5, 3525, 123378036, 123381810, 3036, 6810
5, 3526, 123413036, 123416810, 3036, 6810
5, 3527, 123448036, 123451810, 3036, 6810
5, 3528, 123483036, 123487969, 3036, 7969
5, 3529, 123518036, 123521810, 3036, 6810
5, 353, 12358036, 12361810, 3036, 6810
5, 3530, 123553036, 123557132, 3036, 7132
5, 3531, 123588036, 123591810, 3036, 6810
5, 3532, 123623036, 123628405, 3036, 8405
5, 3533, 123658036, 123661810, 3036, 6810
5, 3534, 123693036, 123698349, 3036, 8349
5, 3535, 123728036, 123731810, 3036, 6810
5, 3536, 123763036, 123769478, 3036, 9478
5, 3537, 123798036, 123801810, 3036, 6810
5, 3538, 123833036, 123836810, 3036, 6810
5, 3539, 123868036, 123871810, 3036, 6810
5, 354, 12393036, 12397085, 3036, 7085
5, 3540, 123903036, 123908342, 3036, 8342
5, 3541, 123938036, 123941810, 3036, 6810
5, 3542, 123973036, 123976810, 3036, 6810
5, 3543, 124008036, 124011810, 3036, 6810
5, 3544, 124043036, 124048405, 3036, 8405
5, 3545, 124078036, 124081810, 3036, 6810
5, 3546, 124113036, 124118349, 3036, 8349
5, 3547, 124148036, 124151810, 3036, 6810
5, 3548, 124183036, 124187116, 3036, 7116
5, 3549, 124218036, 124221810, 3036, 6810
5, 355, 12428036, 12431810, 3036, 6810
5, 3550, 124253036, 124257132, 3036, 7132
5, 3551, 124288036, 124291810, 3036, 6810
5, 3552, 124323036, 124328893, 3036, 8893
5, 3553, 124358036, 124361810, 3036, 6810
5, 3554, 124393036, 124397101, 3036, 7101
5, 3555, 124428036, 124431810, 3036, 6810
5, 3556, 124463036, 124468405, 3036, 8405
5, 3557, 124498036, 124501810, 3036, 6810
5, 3558, 124533036, 124538349, 3036, 8349
5, 3559, 124568036, 124571810, 3036, 6810
5, 356, 12463036, 12467116, 3036, 7116
5, 3560, 124603036, 124608017, 3036, 8017
5, 3561, 124638036, 124641810, 3036, 6810
5, 3562, 124673036, 124676810, 3036, 6810
5, 3563, 124708036, 124711810, 3036, 6810
5, 3564, 124743036, 124747969, 3036, 7969
5, 3565, 124778036, 124781810, 3036, 6810
5, 3566, 124813036, 124817141, 3036, 7141
5, 3567, 124848036, 124851810, 3036, 6810
5, 3568, 124883036, 124889478, 3036, 9478
5, 3569, 124918036, 124921810, 3036, 6810
5, 357, 12498036, 12501810, 3036, 6810
5, 3570, 124953036, 124958901, 3036, 8901
5, 3571, 124988036, 124991810, 3036, 6810
5, 3572, 125023036, 125027116, 3036, 7116
5, 3573, 125058036, 125061810, 3036, 6810
5, 3574, 125093036, 125096810, 3036, 6810
5, 3575, 125128036, 125131810, 3036, 6810
5, 3576, 125163036, 125167969, 3036, 7969
5, 3577, 125198036, 125201810, 3036, 6810
5, 3578, 125233036, 125237141, 3036, 7141
5, 3579, 125268036, 125271810, 3036, 6810
5, 358, 12533036, 12536810, 3036, 6810
5, 3580, 125303036, 125308957, 3036, 8957
5, 3581, 125338036, 125341810, 3036, 6810
5, 3582, 125373036, 125377085, 3036, 7085
5, 3583, 125408036, 125411810, 3036, 6810
5, 3584, 125443036, 125448405, 3036, 8405
5, 3585, 125478036, 125481810, 3036, 6810
5, 3586, 125513036, 125516810, 3036, 6810
5, 3587, 125548036, 125551810, 3036, 6810
5, 3588, 125583036, 125587969, 3036, 7969
5, 3589, 125618036, 125621810, 3036, 6810
5, 359, 12568036, 12571810, 3036, 6810
5, 3590, 125653036, 125658413, 3036, 8413
5, 3591, 125688036, 125691810, 3036, 6810
5, 3592, 125723036, 125728405, 3036, 8405
5, 3593, 125758036, 125761810, 3036, 6810
5, 3594, 125793036, 125797085, 3036, 7085
5, 3595, 125828036, 125831810, 3036, 6810
5, 3596, 125863036, 125867116, 3036, 7116
5, 3597, 125898036, 125901810, 3036, 6810
5, 3598, 125933036, 125936810, 3036, 6810
5, 3599, 125968036, 125971810, 3036, 6810
5, 36, 1263036, 1267969, 3036, 7969
5, 360, 12603036, 12609444, 3036, 9444
5, 3600, 126003036, 126010909, 3036, 10909
5, 3601, 126038036, 126041810, 3036, 6810
5, 3602, 126073036, 126077141, 3036, 7141
5, 3603, 126108036, 126111810, 3036, 6810
5, 3604, 126143036, 126148405, 3036, 8405
5, 3605, 126178036, 126181810, 3036, 6810
5, 3606, 126213036, 126217085, 3036, 7085
5, 3607, 126248036, 126251810, 3036, 6810
5, 3608, 126283036, 126287116, 3036, 7116
5, 3609, 126318036, 126321810, 3036, 6810
5, 361, 12638036, 12641810, 3036, 6810
5, 3610, 126353036, 126357132, 3036, 7132
5, 3611, 126388036, 126391810, 3036, 6810
5, 3612, 126423036, 126428893, 3036, 8893
5, 3613, 126458036, 126461810, 3036, 6810
5, 3614, 126493036, 126497141, 3036, 7141
5, 3615, 126528036, 126531810, 3036, 6810
5, 3616, 126563036, 126568405, 3036, 8405
5, 3617, 126598036, 126601810, 3036, 6810
5, 3618, 126633036, 126637085, 3036, 7085
5, 3619, 126668036, 126671810, 3036, 6810
5, 362, 12673036, 12677141, 3036, 7141
5, 3620, 126703036, 126708017, 3036, 8017
5, 3621, 126738036, 126741810, 3036, 6810
5, 3622, 126773036, 126776810, 3036, 6810
5, 3623, 126808036, 126811810, 3036, 6810
5, 3624, 126843036, 126848893, 3036, 8893
5, 3625, 126878036, 126881810, 3036, 6810
5, 3626, 126913036, 126917141, 3036, 7141
5, 3627, 126948036, 126951810, 3036, 6810
5, 3628, 126983036, 126987116, 3036, 7116
5, 3629, 127018036, 127021810, 3036, 6810
5, 363, 12708036, 12711810, 3036, 6810
5, 3630, 127053036, 127057980, 3036, 7980
5, 3631, 127088036, 127091810, 3036, 6810
5, 3632, 127123036, 127128405, 3036, 8405
5, 3633, 127158036, 127161810, 3036, 6810
5, 3634, 127193036, 127197141, 3036, 7141
5, 3635, 127228036, 127231810, 3036, 6810
5, 3636, 127263036, 127268893, 3036, 8893
5, 3637, 127298036, 127301810, 3036, 6810
5, 3638, 127333036, 127337141, 3036, 7141
5, 3639, 127368036, 127371810, 3036, 6810
5, 364, 12743036, 12747116, 3036, 7116
5, 3640, 127403036, 127408017, 3036, 8017
5, 3641, 127438036, 127441810, 3036, 6810
5, 3642, 127473036, 127477085, 3036, 7085
5, 3643, 127508036, 127511810, 3036, 6810
5, 3644, 127543036, 127547116, 3036, 7116
5, 3645, 127578036, 127581810, 3036, 6810
5, 3646, 127613036, 127617141, 3036, 7141
5, 3647, 127648036, 127651810, 3036, 6810
5, 3648, 127683036, 127691281, 3036, 11281
5, 3649, 127718036, 127721810, 3036, 6810
5, 365, 12778036, 12781810, 3036, 6810
5, 3650, 127753036, 127757132, 3036, 7132
5, 3651, 127788036, 127791810, 3036, 6810
5, 3652, 127823036, 127827116, 3036, 7116
5, 3653, 127858036, 127861810, 3036, 6810
5, 3654, 127893036, 127897085, 3036, 7085
5, 3655, 127928036, 127931810, 3036, 6810
5, 3656, 127963036, 127967116, 3036, 7116
5, 3657, 127998036, 128001810, 3036, 6810
5, 3658, 128033036, 128037141, 3036, 7141
5, 3659, 128068036, 128071810, 3036, 6810
5, 366, 12813036, 12817085, 3036, 7085
5, 3660, 128103036, 128109444, 3036, 9444
5, 3661, 128138036, 128141810, 3036, 6810
5, 3662, 128173036, 128176810, 3036, 6810
5, 3663, 128208036, 128211810, 3036, 6810
5, 3664, 128243036, 128248405, 3036, 8405
5, 3665, 128278036, 128281810, 3036, 6810
5, 3666, 128313036, 128317085, 3036, 7085
5, 3667, 128348036, 128351810, 3036, 6810
5, 3668, 128383036, 128388405, 3036, 8405
5, 3669, 128418036, 128421810, 3036, 6810
5, 367, 12848036, 12851810, 3036, 6810
5, 3670, 128453036, 128458413, 3036, 8413
5, 3671, 128488036, 128491810, 3036, 6810
5, 3672, 128523036, 128528893, 3036, 8893
5, 3673, 128558036, 128561810, 3036, 6810
5, 3674, 128593036, 128596810, 3036, 6810
5, 3675, 128628036, 128631810, 3036, 6810
5, 3676, 128663036, 128667116, 3036, 7116
5, 3677, 128698036, 128701810, 3036, 6810
5, 3678, 128733036, 128737085, 3036, 7085
5, 3679, 128768036, 128771810, 3036, 6810
5, 368, 12883036, 12888405, 3036, 8405
5, 3680, 128803036, 128811832, 3036, 11832
5, 3681, 128838036, 128841810, 3036, 6810
5, 3682, 128873036, 128877141, 3036, 7141
5, 3683, 128908036, 128911810, 3036, 6810
5, 3684, 128943036, 128947969, 3036, 7969
5, 3685, 128978036, 128981810, 3036, 6810
5, 3686, 129013036, 129016810, 3036, 6810
5, 3687, 129048036, 129053867, 3036, 8867
5, 3688, 129083036, 129087116, 3036, 7116
5, 3689, 129118036, 129121810, 3036, 6810
5, 369, 12918036, 12921810, 3036, 6810
5, 3690, 129153036, 129158901, 3036, 8901
5, 3691, 129188036, 129191810, 3036, 6810
5, 3692, 129223036, 129228405, 3036, 8405
5, 3693, 129258036, 129261810, 3036, 6810
5, 3694, 129293036, 129297141, 3036, 7141
5, 3695, 129328036, 129331810, 3036, 6810
5, 3696, 129363036, 129368893, 3036, 8893
5, 3697, 129398036, 129401810, 3036, 6810
5, 3698, 129433036, 129436810, 3036, 6810
5, 3699, 129468036, 129471810, 3036, 6810
5, 37, 1298036, 1301810, 3036, 6810
5, 370, 12953036, 12958344, 3036, 8344
5, 3700, 129503036, 129508017, 3036, 8017
5, 3701, 129538036, 129541810, 3036, 6810
5, 3702, 129573036, 129577466, 3036, 7466
5, 3703, 129608036, 129611810, 3036, 6810
5, 3704, 129643036, 129648405, 3036, 8405
5, 3705, 129678036, 129681810, 3036, 6810
5, 3706, 129713036, 129717141, 3036, 7141
5, 3707, 129748036, 129751810, 3036, 6810
5, 3708, 129783036, 129787969, 3036, 7969
5, 3709, 129818036, 129821810, 3036, 6810
5, 371, 12988036, 12991810, 3036, 6810
5, 3710, 129853036, 129857132, 3036, 7132
5, 3711, 129888036, 129891810, 3036, 6810
5, 3712, 129923036, 129928405, 3036, 8405
5, 3713, 129958036, 129961810, 3036, 6810
5, 3714, 129993036, 129998349, 3036, 8349
5, 3715, 130028036, 130031810, 3036, 6810
5, 3716, 130063036, 130068405, 3036, 8405
5, 3717, 130098036, 130101810, 3036, 6810
5, 3718, 130133036, 130136810, 3036, 6810
5, 3719, 130168036, 130171810, 3036, 6810
5, 372, 13023036, 13028893, 3036, 8893
5, 3720, 130203036, 130208342, 3036, 8342
5, 3721, 130238036, 130241810, 3036, 6810
5, 3722, 130273036, 130276810, 3036, 6810
5, 3723, 130308036, 130311810, 3036, 6810
5, 3724, 130343036, 130347116, 3036, 7116
5, 3725, 130378036, 130381810, 3036, 6810
5, 3726, 130413036, 130419235, 3036, 9235
5, 3727, 130448036, 130451810, 3036, 6810
5, 3728, 130483036, 130489478, 3036, 9478
5, 3729, 130518036, 130521810, 3036, 6810
5, 373, 13058036, 13061810, 3036, 6810
5, 3730, 130553036, 130557132, 3036, 7132
5, 3731, 130588036, 130591810, 3036, 6810
5, 3732, 130623036, 130627969, 3036, 7969
5, 3733, 130658036, 130661810, 3036, 6810
5, 3734, 130693036, 130696810, 3036, 6810
5, 3735, 130728036, 130731810, 3036, 6810
5, 3736, 130763036, 130768230, 3036, 8230
5, 3737, 130798036, 130801810, 3036, 6810
5, 3738, 130833036, 130838349, 3036, 8349
5, 3739, 130868036, 130871810, 3036, 6810
5, 374, 13093036, 13097141, 3036, 7141
5, 3740, 130903036, 130908957, 3036, 8957
5, 3741, 130938036, 130941810, 3036, 6810
5, 3742, 130973036, 130976810, 3036, 6810
5, 3743, 131008036, 131011810, 3036, 6810
5, 3744, 131043036, 131048893, 3036, 8893
5, 3745, 131078036, 131081810, 3036, 6810
5, 3746, 131113036, 131116810, 3036, 6810
5, 3747, 131148036, 131151810, 3036, 6810
5, 3748, 131183036, 131188405, 3036, 8405
5, 3749, 131218036, 131221810, 3036, 6810
5, 375, 13128036, 13131810, 3036, 6810
5, 3750, 131253036, 131258901, 3036, 8901
5, 3751, 131288036, 131291810, 3036, 6810
5, 3752, 131323036, 131327116, 3036, 7116
5, 3753, 131358036, 131361810, 3036, 6810
5, 3754, 131393036, 131396810, 3036, 6810
5, 3755, 131428036, 131431810, 3036, 6810
5, 3756, 131463036, 131467969, 3036, 7969
5, 3757, 131498036, 131501810, 3036, 6810
5, 3758, 131533036, 131536810, 3036, 6810
5, 3759, 131568036, 131571810, 3036, 6810
5, 376, 13163036, 13167116, 3036, 7116
5, 3760, 131603036, 131611345, 3036, 11345
5, 3761, 131638036, 131641810, 3036, 6810
5, 3762, 131673036, 131678349, 3036, 8349
5, 3763, 131708036, 131711810, 3036, 6810
5, 3764, 131743036, 131747116, 3036, 7116
5, 3765, 131778036, 131781810, 3036, 6810
5, 3766, 131813036, 131816810, 3036, 6810
5, 3767, 131848036, 131852249, 3036, 7249
5, 3768, 131883036, 131887969, 3036, 7969
5, 3769, 131918036, 131921810, 3036, 6810
5, 377, 13198036, 13201810, 3036, 6810
5, 3770, 131953036, 131958413, 3036, 8413
5, 3771, 131988036, 131991810, 3036, 6810
5, 3772, 132023036, 132028405, 3036, 8405
5, 3773, 132058036, 132061810, 3036, 6810
5, 3774, 132093036, 132098349, 3036, 8349
5, 3775, 132128036, 132131810, 3036, 6810
5, 3776, 132163036, 132168405, 3036, 8405
5, 3777, 132198036, 132201810, 3036, 6810
5, 3778, 132233036, 132236810, 3036, 6810
5, 3779, 132268036, 132271810, 3036, 6810
5, 378, 13233036, 13237085, 3036, 7085
5, 3780, 132303036, 132308342, 3036, 8342
5, 3781, 132338036, 132341810, 3036, 6810
5, 3782, 132373036, 132377141, 3036, 7141
5, 3783, 132408036, 132411810, 3036, 6810
5, 3784, 132443036, 132448405, 3036, 8405
5, 3785, 132478036, 132481810, 3036, 6810
5, 3786, 132513036, 132517085, 3036, 7085
5, 3787, 132548036, 132551810, 3036, 6810
5, 3788, 132583036, 132587116, 3036, 7116
5, 3789, 132618036, 132621810, 3036, 6810
5, 379, 13268036, 13271810, 3036, 6810
5, 3790, 132653036, 132657132, 3036, 7132
5, 3791, 132688036, 132691810, 3036, 6810
5, 3792, 132723036, 132728893, 3036, 8893
5, 3793, 132758036, 132761810, 3036, 6810
5, 3794, 132793036, 132797141, 3036, 7141
5, 3795, 132828036, 132831810, 3036, 6810
5, 3796, 132863036, 132868405, 3036, 8405
5, 3797, 132898036, 132901810, 3036, 6810
5, 3798, 132933036, 132937085, 3036, 7085
5, 3799, 132968036, 132972007, 3036, 7007
5, 38, 1333036, 1336810, 3036, 6810
5, 380, 13303036, 13308017, 3036, 8017
5, 3800, 133003036, 133008017, 3036, 8017
5, 3801, 133038036, 133041810, 3036, 6810
5, 3802, 133073036, 133076810, 3036, 6810
5, 3803, 133108036, 133111810, 3036, 6810
5, 3804, 133143036, 133148893, 3036, 8893
5, 3805, 133178036, 133181810, 3036, 6810
5, 3806, 133213036, 133217141, 3036, 7141
5, 3807, 133248036, 133251810, 3036, 6810
5, 3808, 133283036, 133289478, 3036, 9478
5, 3809, 133318036, 133321810, 3036, 6810
5, 381, 13338036, 13341810, 3036, 6810
5, 3810, 133353036, 133357980, 3036, 7980
5, 3811, 133388036, 133391810, 3036, 6810
5, 3812, 133423036, 133427116, 3036, 7116
5, 3813, 133458036, 133461810, 3036, 6810
5, 3814, 133493036, 133496810, 3036, 6810
5, 3815, 133528036, 133531810, 3036, 6810
5, 3816, 133563036, 133568893, 3036, 8893
5, 3817, 133598036, 133601810, 3036, 6810
5, 3818, 133633036, 133637141, 3036, 7141
5, 3819, 133668036, 133671810, 3036, 6810
5, 382, 13373036, 13377141, 3036, 7141
5, 3820, 133703036, 133708017, 3036, 8017
5, 3821, 133738036, 133741810, 3036, 6810
5, 3822, 133773036, 133777085, 3036, 7085
5, 3823, 133808036, 133811810, 3036, 6810
5, 3824, 133843036, 133848405, 3036, 8405
5, 3825, 133878036, 133881810, 3036, 6810
5, 3826, 133913036, 133916810, 3036, 6810
5, 3827, 133948036, 133951810, 3036, 6810
5, 3828, 133983036, 133988893, 3036, 8893
5, 3829, 134018036, 134021810, 3036, 6810
5, 383, 13408036, 13411810, 3036, 6810
5, 3830, 134053036, 134058413, 3036, 8413
5, 3831, 134088036, 134091810, 3036, 6810
5, 3832, 134123036, 134127116, 3036, 7116
5, 3833, 134158036, 134161810, 3036, 6810
5, 3834, 134193036, 134197085, 3036, 7085
5, 3835, 134228036, 134231810, 3036, 6810
5, 3836, 134263036, 134267116, 3036, 7116
5, 3837, 134298036, 134301810, 3036, 6810
5, 3838, 134333036, 134337141, 3036, 7141
5, 3839, 134368036, 134371810, 3036, 6810
5, 384, 13443036, 13451281, 3036, 11281
5, 3840, 134403036, 134411832, 3036, 11832
5, 3841, 134438036, 134441810, 3036, 6810
5, 3842, 134473036, 134477141, 3036, 7141
5, 3843, 134508036, 134511810, 3036, 6810
5, 3844, 134543036, 134547116, 3036, 7116
5, 3845, 134578036, 134581810, 3036, 6810
5, 3846, 134613036, 134617085, 3036, 7085
5, 3847, 134648036, 134651810, 3036, 6810
5, 3848, 134683036, 134687116, 3036, 7116
5, 3849, 134718036, 134721810, 3036, 6810
5, 385, 13478036, 13481810, 3036, 6810
5, 3850, 134753036, 134758413, 3036, 8413
5, 3851, 134788036, 134791810, 3036, 6810
5, 3852, 134823036, 134828893, 3036, 8893
5, 3853, 134858036, 134861810, 3036, 6810
5, 3854, 134893036, 134896810, 3036, 6810
5, 3855, 134928036, 134931810, 3036, 6810
5, 3856, 134963036, 134968405, 3036, 8405
5, 3857, 134998036, 135001810, 3036, 6810
5, 3858, 135033036, 135037085, 3036, 7085
5, 3859, 135068036, 135071810, 3036, 6810
5, 386, 13513036, 13516810, 3036, 6810
5, 3860, 135103036, 135108017, 3036, 8017
5, 3861, 135138036, 135141810, 3036, 6810
5, 3862, 135173036, 135177141, 3036, 7141
5, 3863, 135208036, 135211810, 3036, 6810
5, 3864, 135243036, 135248893, 3036, 8893
5, 3865, 135278036, 135281810, 3036, 6810
5, 3866, 135313036, 135316810, 3036, 6810
5, 3867, 135348036, 135351810, 3036, 6810
5, 3868, 135383036, 135387116, 3036, 7116
5, 3869, 135418036, 135421810, 3036, 6810
5, 387, 13548036, 13551810, 3036, 6810
5, 3870, 135453036, 135457980, 3036, 7980
5, 3871, 135488036, 135491810, 3036, 6810
5, 3872, 135523036, 135529860, 3036, 9860
5, 3873, 135558036, 135561810, 3036, 6810
5, 3874, 135593036, 135597141, 3036, 7141
5, 3875, 135628036, 135631810, 3036, 6810
5, 3876, 135663036, 135668893, 3036, 8893
5, 3877, 135698036, 135701810, 3036, 6810
5, 3878, 135733036, 135736810, 3036, 6810
5, 3879, 135768036, 135771810, 3036, 6810
5, 388, 13583036, 13587116, 3036, 7116
5, 3880, 135803036, 135808017, 3036, 8017
5, 3881, 135838036, 135841810, 3036, 6810
5, 3882, 135873036, 135877085, 3036, 7085
5, 3883, 135908036, 135911810, 3036, 6810
5, 3884, 135943036, 135948405, 3036, 8405
5, 3885, 135978036, 135981810, 3036, 6810
5, 3886, 136013036, 136017141, 3036, 7141
5, 3887, 136048036, 136051810, 3036, 6810
5, 3888, 136083036, 136088893, 3036, 8893
5, 3889, 136118036, 136121810, 3036, 6810
5, 389, 13618036, 13621810, 3036, 6810
5, 3890, 136153036, 136157132, 3036, 7132
5, 3891, 136188036, 136191810, 3036, 6810
5, 3892, 136223036, 136227116, 3036, 7116
5, 3893, 136258036, 136261810, 3036, 6810
5, 3894, 136293036, 136297085, 3036, 7085
5, 3895, 136328036, 136331810, 3036, 6810
5, 3896, 136363036, 136368405, 3036, 8405
5, 3897, 136398036, 136401810, 3036, 6810
5, 3898, 136433036, 136437141, 3036, 7141
5, 3899, 136468036, 136471810, 3036, 6810
5, 39, 1368036, 1371810, 3036, 6810
5, 390, 13653036, 13657980, 3036, 7980
5, 3900, 136503036, 136508342, 3036, 8342
5, 3901, 136538036, 136541810, 3036, 6810
5, 3902, 136573036, 136576810, 3036, 6810
5, 3903, 136608036, 136611810, 3036, 6810
5, 3904, 136643036, 136648405, 3036, 8405
5, 3905, 136678036, 136681810, 3036, 6810
5, 3906, 136713036, 136717466, 3036, 7466
5, 3907, 136748036, 136751810, 3036, 6810
5, 3908, 136783036, 136788405, 3036, 8405
5, 3909, 136818036, 136821810, 3036, 6810
5, 391, 13688036, 13691810, 3036, 6810
5, 3910, 136853036, 136858413, 3036, 8413
5, 3911, 136888036, 136891810, 3036, 6810
5, 3912, 136923036, 136927969, 3036, 7969
5, 3913, 136958036, 136961810, 3036, 6810
5, 3914, 136993036, 136996810, 3036, 6810
5, 3915, 137028036, 137031810, 3036, 6810
5, 3916, 137063036, 137067506, 3036, 7506
5, 3917, 137098036, 137101810, 3036, 6810
5, 3918, 137133036, 137138349, 3036, 8349
5, 3919, 137168036, 137171810, 3036, 6810
5, 392, 13723036, 13727116, 3036, 7116
5, 3920, 137203036, 137211832, 3036, 11832
5, 3921, 137238036, 137241810, 3036, 6810
5, 3922, 137273036, 137276810, 3036, 6810
5, 3923, 137308036, 137311810, 3036, 6810
5, 3924, 137343036, 137347969, 3036, 7969
5, 3925, 137378036, 137381810, 3036, 6810
5, 3926, 137413036, 137416810, 3036, 6810
5, 3927, 137448036, 137451810, 3036, 6810
5, 3928, 137483036, 137487116, 3036, 7116
5, 3929, 137518036, 137521810, 3036, 6810
5, 393, 13758036, 13761810, 3036, 6810
5, 3930, 137553036, 137558901, 3036, 8901
5, 3931, 137588036, 137591810, 3036, 6810
5, 3932, 137623036, 137628405, 3036, 8405
5, 3933, 137658036, 137661810, 3036, 6810
5, 3934, 137693036, 137696810, 3036, 6810
5, 3935, 137728036, 137731810, 3036, 6810
5, 3936, 137763036, 137768893, 3036, 8893
5, 3937, 137798036, 137801810, 3036, 6810
5, 3938, 137833036, 137836810, 3036, 6810
5, 3939, 137868036, 137871810, 3036, 6810
5, 394, 13793036, 13797141, 3036, 7141
5, 3940, 137903036, 137908797, 3036, 8797
5, 3941, 137938036, 137941810, 3036, 6810
5, 3942, 137973036, 137978349, 3036, 8349
5, 3943, 138008036, 138011810, 3036, 6810
5, 3944, 138043036, 138048405, 3036, 8405
5, 3945, 138078036, 138081810, 3036, 6810
5, 3946, 138113036, 138116810, 3036, 6810
5, 3947, 138148036, 138151810, 3036, 6810
5, 3948, 138183036, 138187969, 3036, 7969
5, 3949, 138218036, 138221810, 3036, 6810
5, 395, 13828036, 13831810, 3036, 6810
5, 3950, 138253036, 138257132, 3036, 7132
5, 3951, 138288036, 138291810, 3036, 6810
5, 3952, 138323036, 138329478, 3036, 9478
5, 3953, 138358036, 138361810, 3036, 6810
5, 3954, 138393036, 138398349, 3036, 8349
5, 3955, 138428036, 138431810, 3036, 6810
5, 3956, 138463036, 138467116, 3036, 7116
5, 3957, 138498036, 138501810, 3036, 6810
5, 3958, 138533036, 138536810, 3036, 6810
5, 3959, 138568036, 138574284, 3036, 9284
5, 396, 13863036, 13868893, 3036, 8893
5, 3960, 138603036, 138608342, 3036, 8342
5, 3961, 138638036, 138641810, 3036, 6810
5, 3962, 138673036, 138677141, 3036, 7141
5, 3963, 138708036, 138711810, 3036, 6810
5, 3964, 138743036, 138748405, 3036, 8405
5, 3965, 138778036, 138781810, 3036, 6810
5, 3966, 138813036, 138818349, 3036, 8349
5, 3967, 138848036, 138851810, 3036, 6810
5, 3968, 138883036, 138888405, 3036, 8405
5, 3969, 138918036, 138921810, 3036, 6810
5, 397, 13898036, 13901810, 3036, 6810
5, 3970, 138953036, 138957132, 3036, 7132
5, 3971, 138988036, 138991810, 3036, 6810
5, 3972, 139023036, 139027969, 3036, 7969
5, 3973, 139058036, 139061810, 3036, 6810
5, 3974, 139093036, 139097141, 3036, 7141
5, 3975, 139128036, 139131810, 3036, 6810
5, 3976, 139163036, 139168405, 3036, 8405
5, 3977, 139198036, 139201810, 3036, 6810
5, 3978, 139233036, 139238349, 3036, 8349
5, 3979, 139268036, 139271810, 3036, 6810
5, 398, 13933036, 13936810, 3036, 6810
5, 3980, 139303036, 139308017, 3036, 8017
5, 3981, 139338036, 139341810, 3036, 6810
5, 3982, 139373036, 139376810, 3036, 6810
5, 3983, 139408036, 139411810, 3036, 6810
5, 3984, 139443036, 139448893, 3036, 8893
5, 3985, 139478036, 139481810, 3036, 6810
5, 3986, 139513036, 139517141, 3036, 7141
5, 3987, 139548036, 139551810, 3036, 6810
5, 3988, 139583036, 139588405, 3036, 8405
5, 3989, 139618036, 139621810, 3036, 6810
5, 399, 13968036, 13971810, 3036, 6810
5, 3990, 139653036, 139657980, 3036, 7980
5, 3991, 139688036, 139691810, 3036, 6810
5, 3992, 139723036, 139727116, 3036, 7116
5, 3993, 139758036, 139761810, 3036, 6810
5, 3994, 139793036, 139796810, 3036, 6810
5, 3995, 139828036, 139831810, 3036, 6810
5, 3996, 139863036, 139867969, 3036, 7969
5, 3997, 139898036, 139901810, 3036, 6810
5, 3998, 139933036, 139937219, 3036, 7219
5, 3999, 139968036, 139971810, 3036, 6810
5, 4, 143036, 147116, 3036, 7116
5, 40, 1403036, 1408017, 3036, 8017
5, 400, 14003036, 14008957, 3036, 8957
5, 4000, 140003036, 140011345, 3036, 11345
5, 4001, 140038036, 140041810, 3036, 6810
5, 4002, 140073036, 140077085, 3036, 7085
5, 4003, 140108036, 140111810, 3036, 6810
5, 4004, 140143036, 140147116, 3036, 7116
5, 4005, 140178036, 140181810, 3036, 6810
5, 4006, 140213036, 140216810, 3036, 6810
5, 4007, 140248036, 140251810, 3036, 6810
5, 4008, 140283036, 140288431, 3036, 8431
5, 4009, 140318036, 140321810, 3036, 6810
5, 401, 14038036, 14041810, 3036, 6810
5, 4010, 140353036, 140358413, 3036, 8413
5, 4011, 140388036, 140391810, 3036, 6810
5, 4012, 140423036, 140428405, 3036, 8405
5, 4013, 140458036, 140461810, 3036, 6810
5, 4014, 140493036, 140497085, 3036, 7085
5, 4015, 140528036, 140531810, 3036, 6810
5, 4016, 140563036, 140568405, 3036, 8405
5, 4017, 140598036, 140601810, 3036, 6810
5, 4018, 140633036, 140636810, 3036, 6810
5, 4019, 140668036, 140671810, 3036, 6810
5, 402, 14073036, 14077085, 3036, 7085
5, 4020, 140703036, 140709444, 3036, 9444
5, 4021, 140738036, 140741810, 3036, 6810
5, 4022, 140773036, 140777141, 3036, 7141
5, 4023, 140808036, 140811810, 3036, 6810
5, 4024, 140843036, 140847116, 3036, 7116
5, 4025, 140878036, 140881810, 3036, 6810
5, 4026, 140913036, 140917085, 3036, 7085
5, 4027, 140948036, 140951810, 3036, 6810
5, 4028, 140983036, 140987116, 3036, 7116
5, 4029, 141018036, 141021810, 3036, 6810
5, 403, 14108036, 14111810, 3036, 6810
5, 4030, 141053036, 141058198, 3036, 8198
5, 4031, 141088036, 141091810, 3036, 6810
5, 4032, 141123036, 141131832, 3036, 11832
5, 4033, 141158036, 141161810, 3036, 6810
5, 4034, 141193036, 141197141, 3036, 7141
5, 4035, 141228036, 141231810, 3036, 6810
5, 4036, 141263036, 141267116, 3036, 7116
5, 4037, 141298036, 141301810, 3036, 6810
5, 4038, 141333036, 141337085, 3036, 7085
5, 4039, 141368036, 141371810, 3036, 6810
5, 404, 14143036, 14148405, 3036, 8405
5, 4040, 141403036, 141408017, 3036, 8017
5, 4041, 141438036, 141441810, 3036, 6810
5, 4042, 141473036, 141477141, 3036, 7141
5, 4043, 141508036, 141511810, 3036, 6810
5, 4044, 141543036, 141548893, 3036, 8893
5, 4045, 141578036, 141581810, 3036, 6810
5, 4046, 141613036, 141617141, 3036, 7141
5, 4047, 141648036, 141651810, 3036, 6810
5, 4048, 141683036, 141688405, 3036, 8405
5, 4049, 141718036, 141721810, 3036, 6810
5, 405, 14178036, 14181810, 3036, 6810
5, 4050, 141753036, 141757980, 3036, 7980
5, 4051, 141788036, 141791810, 3036, 6810
5, 4052, 141823036, 141827116, 3036, 7116
5, 4053, 141858036, 141861810, 3036, 6810
5, 4054, 141893036, 141897141, 3036, 7141
5, 4055, 141928036, 141931810, 3036, 6810
5, 4056, 141963036, 141968893, 3036, 8893
5, 4057, 141998036, 142001810, 3036, 6810
5, 4058, 142033036, 142036810, 3036, 6810
5, 4059, 142068036, 142071810, 3036, 6810
5, 406, 14213036, 14217141, 3036, 7141
5, 4060, 142103036, 142108017, 3036, 8017
5, 4061, 142138036, 142141810, 3036, 6810
5, 4062, 142173036, 142177085, 3036, 7085
5, 4063, 142208036, 142211810, 3036, 6810
5, 4064, 142243036, 142248405, 3036, 8405
5, 4065, 142278036, 142281810, 3036, 6810
5, 4066, 142313036, 142317141, 3036, 7141
5, 4067, 142348036, 142351810, 3036, 6810
5, 4068, 142383036, 142388893, 3036, 8893
5, 4069, 142418036, 142421810, 3036, 6810
5, 407, 14248036, 14251810, 3036, 6810
5, 4070, 142453036, 142457132, 3036, 7132
5, 4071, 142488036, 142491810, 3036, 6810
5, 4072, 142523036, 142527116, 3036, 7116
5, 4073, 142558036, 142561810, 3036, 6810
5, 4074, 142593036, 142597085, 3036, 7085
5, 4075, 142628036, 142631810, 3036, 6810
5, 4076, 142663036, 142668405, 3036, 8405
5, 4077, 142698036, 142701810, 3036, 6810
5, 4078, 142733036, 142740513, 3036, 10513
5, 4079, 142768036, 142771810, 3036, 6810
5, 408, 14283036, 14288893, 3036, 8893
5, 409, 14318036, 14321810, 3036, 6810
5, 41, 1438036, 1441810, 3036, 6810
5, 410, 14353036, 14357132, 3036, 7132
5, 411, 14388036, 14391810, 3036, 6810
5, 412, 14423036, 14427116, 3036, 7116
5, 413, 14458036, 14461810, 3036, 6810
5, 414, 14493036, 14497085, 3036, 7085
5, 415, 14528036, 14531810, 3036, 6810
5, 416, 14563036, 14569478, 3036, 9478
5, 417, 14598036, 14601810, 3036, 6810
5, 418, 14633036, 14637141, 3036, 7141
5, 419, 14668036, 14671810, 3036, 6810
5, 42, 1473036, 1478349, 3036, 8349
5, 420, 14703036, 14708342, 3036, 8342
5, 421, 14738036, 14741810, 3036, 6810
5, 422, 14773036, 14776810, 3036, 6810
5, 423, 14808036, 14815055, 3036, 10055
5, 424, 14843036, 14847116, 3036, 7116
5, 425, 14878036, 14881810, 3036, 6810
5, 426, 14913036, 14918349, 3036, 8349
5, 427, 14948036, 14951810, 3036, 6810
5, 428, 14983036, 14988405, 3036, 8405
5, 429, 15018036, 15021810, 3036, 6810
5, 43, 1508036, 1511810, 3036, 6810
5, 430, 15053036, 15058413, 3036, 8413
5, 431, 15088036, 15091810, 3036, 6810
5, 432, 15123036, 15128893, 3036, 8893
5, 433, 15158036, 15161810, 3036, 6810
5, 434, 15193036, 15196810, 3036, 6810
5, 435, 15228036, 15231810, 3036, 6810
5, 436, 15263036, 15267116, 3036, 7116
5, 437, 15298036, 15301810, 3036, 6810
5, 438, 15333036, 15337466, 3036, 7466
5, 439, 15368036, 15371810, 3036, 6810
5, 44, 1543036, 1548405, 3036, 8405
5, 440, 15403036, 15408957, 3036, 8957
5, 441, 15438036, 15441810, 3036, 6810
5, 442, 15473036, 15477141, 3036, 7141
5, 443, 15508036, 15511810, 3036, 6810
5, 444, 15543036, 15547969, 3036, 7969
5, 445, 15578036, 15581810, 3036, 6810
5, 446, 15613036, 15616810, 3036, 6810
5, 447, 15648036, 15651810, 3036, 6810
5, 448, 15683036, 15688405, 3036, 8405
5, 449, 15718036, 15721810, 3036, 6810
5, 45, 1578036, 1581810, 3036, 6810
5, 450, 15753036, 15758901, 3036, 8901
5, 451, 15788036, 15791810, 3036, 6810
5, 452, 15823036, 15828405, 3036, 8405
5, 453, 15858036, 15861810, 3036, 6810
5, 454, 15893036, 15896810, 3036, 6810
5, 455, 15928036, 15931810, 3036, 6810
5, 456, 15963036, 15967969, 3036, 7969
5, 457, 15998036, 16001810, 3036, 6810
5, 458, 16033036, 16036810, 3036, 6810
5, 459, 16068036, 16071810, 3036, 6810
5, 46, 1613036, 1616810, 3036, 6810
5, 460, 16103036, 16108017, 3036, 8017
5, 461, 16138036, 16141810, 3036, 6810
5, 462, 16173036, 16179229, 3036, 9229
5, 463, 16208036, 16211810, 3036, 6810
5, 464, 16243036, 16249478, 3036, 9478
5, 465, 16278036, 16281810, 3036, 6810
5, 466, 16313036, 16316810, 3036, 6810
5, 467, 16348036, 16351810, 3036, 6810
5, 468, 16383036, 16387969, 3036, 7969
5, 469, 16418036, 16421810, 3036, 6810
5, 47, 1648036, 1651810, 3036, 6810
5, 470, 16453036, 16457132, 3036, 7132
5, 471, 16488036, 16491810, 3036, 6810
5, 472, 16523036, 16528300, 3036, 8300
5, 473, 16558036, 16561810, 3036, 6810
5, 474, 16593036, 16598349, 3036, 8349
5, 475, 16628036, 16631810, 3036, 6810
5, 476, 16663036, 16668405, 3036, 8405
5, 477, 16698036, 16701810, 3036, 6810
5, 478, 16733036, 16736810, 3036, 6810
5, 479, 16768036, 16771810, 3036, 6810
5, 48, 1683036, 1688893, 3036, 8893
5, 480, 16803036, 16809444, 3036, 9444
5, 481, 16838036, 16841810, 3036, 6810
5, 482, 16873036, 16876810, 3036, 6810
5, 483, 16908036, 16911810, 3036, 6810
5, 484, 16943036, 16948405, 3036, 8405
5, 485, 16978036, 16981810, 3036, 6810
5, 486, 17013036, 17018349, 3036, 8349
5, 487, 17048036, 17051810, 3036, 6810
5, 488, 17083036, 17087116, 3036, 7116
5, 489, 17118036, 17121810, 3036, 6810
5, 49, 1718036, 1721810, 3036, 6810
5, 490, 17153036, 17157132, 3036, 7132
5, 491, 17188036, 17191810, 3036, 6810
5, 492, 17223036, 17227969, 3036, 7969
5, 493, 17258036, 17261810, 3036, 6810
5, 494, 17293036, 17297141, 3036, 7141
5, 495, 17328036, 17331810, 3036, 6810
5, 496, 17363036, 17369478, 3036, 9478
5, 497, 17398036, 17401810, 3036, 6810
5, 498, 17433036, 17438349, 3036, 8349
5, 499, 17468036, 17471810, 3036, 6810
5, 5, 178036, 181810, 3036, 6810
5, 50, 1753036, 1757132, 3036, 7132
5, 500, 17503036, 17508017, 3036, 8017
5, 501, 17538036, 17541810, 3036, 6810
5, 502, 17573036, 17576810, 3036, 6810
5, 503, 17608036, 17612249, 3036, 7249
5, 504, 17643036, 17647969, 3036, 7969
5, 505, 17678036, 17681810, 3036, 6810
5, 506, 17713036, 17717141, 3036, 7141
5, 507, 17748036, 17751810, 3036, 6810
5, 508, 17783036, 17788405, 3036, 8405
5, 509, 17818036, 17821810, 3036, 6810
5, 51, 1788036, 1791810, 3036, 6810
5, 510, 17853036, 17858901, 3036, 8901
5, 511, 17888036, 17891810, 3036, 6810
5, 512, 17923036, 17928405, 3036, 8405
5, 513, 17958036, 17961810, 3036, 6810
5, 514, 17993036, 17996810, 3036, 6810
5, 515, 18028036, 18031810, 3036, 6810
5, 516, 18063036, 18067969, 3036, 7969
5, 517, 18098036, 18101810, 3036, 6810
5, 518, 18133036, 18137141, 3036, 7141
5, 519, 18168036, 18171810, 3036, 6810
5, 52, 1823036, 1827116, 3036, 7116
5, 520, 18203036, 18208957, 3036, 8957
5, 521, 18238036, 18241810, 3036, 6810
5, 522, 18273036, 18277085, 3036, 7085
5, 523, 18308036, 18311810, 3036, 6810
5, 524, 18343036, 18347116, 3036, 7116
5, 525, 18378036, 18381810, 3036, 6810
5, 526, 18413036, 18416810, 3036, 6810
5, 527, 18448036, 18451810, 3036, 6810
5, 528, 18483036, 18488893, 3036, 8893
5, 529, 18518036, 18521810, 3036, 6810
5, 53, 1858036, 1861810, 3036, 6810
5, 530, 18553036, 18558413, 3036, 8413
5, 531, 18588036, 18591810, 3036, 6810
5, 532, 18623036, 18628405, 3036, 8405
5, 533, 18658036, 18661810, 3036, 6810
5, 534, 18693036, 18697085, 3036, 7085
5, 535, 18728036, 18731810, 3036, 6810
5, 536, 18763036, 18767116, 3036, 7116
5, 537, 18798036, 18801810, 3036, 6810
5, 538, 18833036, 18836810, 3036, 6810
5, 539, 18868036, 18871810, 3036, 6810
5, 54, 1893036, 1898349, 3036, 8349
5, 540, 18903036, 18909444, 3036, 9444
5, 541, 18938036, 18941810, 3036, 6810
5, 542, 18973036, 18977141, 3036, 7141
5, 543, 19008036, 19011810, 3036, 6810
5, 544, 19043036, 19049478, 3036, 9478
5, 545, 19078036, 19081810, 3036, 6810
5, 546, 19113036, 19117085, 3036, 7085
5, 547, 19148036, 19151810, 3036, 6810
5, 548, 19183036, 19187116, 3036, 7116
5, 549, 19218036, 19221810, 3036, 6810
5, 55, 1928036, 1931810, 3036, 6810
5, 550, 19253036, 19257132, 3036, 7132
5, 551, 19288036, 19291810, 3036, 6810
5, 552, 19323036, 19328893, 3036, 8893
5, 553, 19358036, 19361810, 3036, 6810
5, 554, 19393036, 19397141, 3036, 7141
5, 555, 19428036, 19431810, 3036, 6810
5, 556, 19463036, 19467116, 3036, 7116
5, 557, 19498036, 19501810, 3036, 6810
5, 558, 19533036, 19537085, 3036, 7085
5, 559, 19568036, 19571810, 3036, 6810
5, 56, 1963036, 1968405, 3036, 8405
5, 560, 19603036, 19608957, 3036, 8957
5, 561, 19638036, 19641810, 3036, 6810
5, 562, 19673036, 19676810, 3036, 6810
5, 563, 19708036, 19711810, 3036, 6810
5, 564, 19743036, 19748893, 3036, 8893
5, 565, 19778036, 19781810, 3036, 6810
5, 566, 19813036, 19817141, 3036, 7141
5, 567, 19848036, 19851810, 3036, 6810
5, 568, 19883036, 19887116, 3036, 7116
5, 569, 19918036, 19921810, 3036, 6810
5, 57, 1998036, 2001810, 3036, 6810
5, 570, 19953036, 19957980, 3036, 7980
5, 571, 19988036, 19991810, 3036, 6810
5, 572, 20023036, 20027116, 3036, 7116
5, 573, 20058036, 20061810, 3036, 6810
5, 574, 20093036, 20097141, 3036, 7141
5, 575, 20128036, 20131810, 3036, 6810
5, 576, 20163036, 20171281, 3036, 11281
5, 577, 20198036, 20201810, 3036, 6810
5, 578, 20233036, 20237141, 3036, 7141
5, 579, 20268036, 20271810, 3036, 6810
5, 58, 2033036, 2036810, 3036, 6810
5, 580, 20303036, 20308017, 3036, 8017
5, 581, 20338036, 20341810, 3036, 6810
5, 582, 20373036, 20377085, 3036, 7085
5, 583, 20408036, 20411810, 3036, 6810
5, 584, 20443036, 20447116, 3036, 7116
5, 585, 20478036, 20481810, 3036, 6810
5, 586, 20513036, 20517141, 3036, 7141
5, 587, 20548036, 20551810, 3036, 6810
5, 588, 20583036, 20588893, 3036, 8893
5, 589, 20618036, 20621810, 3036, 6810
5, 59, 2068036, 2071810, 3036, 6810
5, 590, 20653036, 20657132, 3036, 7132
5, 591, 20688036, 20691810, 3036, 6810
5, 592, 20723036, 20728405, 3036, 8405
5, 593, 20758036, 20761810, 3036, 6810
5, 594, 20793036, 20797085, 3036, 7085
5, 595, 20828036, 20831810, 3036, 6810
5, 596, 20863036, 20867116, 3036, 7116
5, 597, 20898036, 20901810, 3036, 6810
5, 598, 20933036, 20937141, 3036, 7141
5, 599, 20968036, 20971810, 3036, 6810
5, 6, 213036, 217085, 3036, 7085
5, 60, 2103036, 2108342, 3036, 8342
5, 600, 21003036, 21009444, 3036, 9444
5, 601, 21038036, 21041810, 3036, 6810
5, 602, 21073036, 21076810, 3036, 6810
5, 603, 21108036, 21111810, 3036, 6810
5, 604, 21143036, 21147116, 3036, 7116
5, 605, 21178036, 21181810, 3036, 6810
5, 606, 21213036, 21217085, 3036, 7085
5, 607, 21248036, 21251810, 3036, 6810
5, 608, 21283036, 21289952, 3036, 9952
5, 609, 21318036, 21321810, 3036, 6810
5, 61, 2138036, 2141810, 3036, 6810
5, 610, 21353036, 21358413, 3036, 8413
5, 611, 21388036, 21391810, 3036, 6810
5, 612, 21423036, 21428893, 3036, 8893
5, 613, 21458036, 21461810, 3036, 6810
5, 614, 21493036, 21496810, 3036, 6810
5, 615, 21528036, 21532849, 3036, 7849
5, 616, 21563036, 21567116, 3036, 7116
5, 617, 21598036, 21601810, 3036, 6810
5, 618, 21633036, 21637085, 3036, 7085
5, 619, 21668036, 21671810, 3036, 6810
5, 62, 2173036, 2176810, 3036, 6810
5, 620, 21703036, 21708957, 3036, 8957
5, 621, 21738036, 21741810, 3036, 6810
5, 622, 21773036, 21777141, 3036, 7141
5, 623, 21808036, 21811810, 3036, 6810
5, 624, 21843036, 21848893, 3036, 8893
5, 625, 21878036, 21881810, 3036, 6810
5, 626, 21913036, 21916810, 3036, 6810
5, 627, 21948036, 21951810, 3036, 6810
5, 628, 21983036, 21987116, 3036, 7116
5, 629, 22018036, 22021810, 3036, 6810
5, 63, 2208036, 2211810, 3036, 6810
5, 630, 22053036, 22057980, 3036, 7980
5, 631, 22088036, 22091810, 3036, 6810
5, 632, 22123036, 22128405, 3036, 8405
5, 633, 22158036, 22161810, 3036, 6810
5, 634, 22193036, 22197141, 3036, 7141
5, 635, 22228036, 22231810, 3036, 6810
5, 636, 22263036, 22267969, 3036, 7969
5, 637, 22298036, 22301810, 3036, 6810
5, 638, 22333036, 22336810, 3036, 6810
5, 639, 22368036, 22371810, 3036, 6810
5, 64, 2243036, 2249284, 3036, 9284
5, 640, 22403036, 22408957, 3036, 8957
5, 641, 22438036, 22441810, 3036, 6810
5, 642, 22473036, 22477466, 3036, 7466
5, 643, 22508036, 22511810, 3036, 6810
5, 644, 22543036, 22548405, 3036, 8405
5, 645, 22578036, 22581810, 3036, 6810
5, 646, 22613036, 22617141, 3036, 7141
5, 647, 22648036, 22651810, 3036, 6810
5, 648, 22683036, 22687969, 3036, 7969
5, 649, 22718036, 22721810, 3036, 6810
5, 65, 2278036, 2281810, 3036, 6810
5, 650, 22753036, 22757132, 3036, 7132
5, 651, 22788036, 22791810, 3036, 6810
5, 652, 22823036, 22827116, 3036, 7116
5, 653, 22858036, 22861810, 3036, 6810
5, 654, 22893036, 22898349, 3036, 8349
5, 655, 22928036, 22931810, 3036, 6810
5, 656, 22963036, 22969478, 3036, 9478
5, 657, 22998036, 23001810, 3036, 6810
5, 658, 23033036, 23036810, 3036, 6810
5, 659, 23068036, 23071810, 3036, 6810
5, 66, 2313036, 2318349, 3036, 8349
5, 660, 23103036, 23108342, 3036, 8342
5, 661, 23138036, 23141810, 3036, 6810
5, 662, 23173036, 23176810, 3036, 6810
5, 663, 23208036, 23211810, 3036, 6810
5, 664, 23243036, 23247116, 3036, 7116
5, 665, 23278036, 23281810, 3036, 6810
5, 666, 23313036, 23318349, 3036, 8349
5, 667, 23348036, 23351810, 3036, 6810
5, 668, 23383036, 23388405, 3036, 8405
5, 669, 23418036, 23421810, 3036, 6810
5, 67, 2348036, 2351810, 3036, 6810
5, 670, 23453036, 23457132, 3036, 7132
5, 671, 23488036, 23491810, 3036, 6810
5, 672, 23523036, 23528893, 3036, 8893
5, 673, 23558036, 23561810, 3036, 6810
5, 674, 23593036, 23596810, 3036, 6810
5, 675, 23628036, 23631810, 3036, 6810
5, 676, 23663036, 23668230, 3036, 8230
5, 677, 23698036, 23701810, 3036, 6810
5, 678, 23733036, 23738349, 3036, 8349
5, 679, 23768036, 23771810, 3036, 6810
5, 68, 2383036, 2388405, 3036, 8405
5, 680, 23803036, 23808957, 3036, 8957
5, 681, 23838036, 23841810, 3036, 6810
5, 682, 23873036, 23876810, 3036, 6810
5, 683, 23908036, 23911810, 3036, 6810
5, 684, 23943036, 23947969, 3036, 7969
5, 685, 23978036, 23981810, 3036, 6810
5, 686, 24013036, 24016810, 3036, 6810
5, 687, 24048036, 24051810, 3036, 6810
5, 688, 24083036, 24089478, 3036, 9478
5, 689, 24118036, 24121810, 3036, 6810
5, 69, 2418036, 2421810, 3036, 6810
5, 690, 24153036, 24158901, 3036, 8901
5, 691, 24188036, 24191810, 3036, 6810
5, 692, 24223036, 24227116, 3036, 7116
5, 693, 24258036, 24261810, 3036, 6810
5, 694, 24293036, 24296810, 3036, 6810
5, 695, 24328036, 24338629, 3036, 13629
5, 696, 24363036, 24367969, 3036, 7969
5, 697, 24398036, 24401810, 3036, 6810
5, 698, 24433036, 24437141, 3036, 7141
5, 699, 24468036, 24471810, 3036, 6810
5, 7, 248036, 251810, 3036, 6810
5, 70, 2453036, 2457132, 3036, 7132
5, 700, 24503036, 24508957, 3036, 8957
5, 701, 24538036, 24541810, 3036, 6810
5, 702, 24573036, 24578349, 3036, 8349
5, 703, 24608036, 24611810, 3036, 6810
5, 704, 24643036, 24648405, 3036, 8405
5, 705, 24678036, 24681810, 3036, 6810
5, 706, 24713036, 24716810, 3036, 6810
5, 707, 24748036, 24751810, 3036, 6810
5, 708, 24783036, 24787969, 3036, 7969
5, 709, 24818036, 24821810, 3036, 6810
5, 71, 2488036, 2492660, 3036, 7660
5, 710, 24853036, 24858413, 3036, 8413
5, 711, 24888036, 24891810, 3036, 6810
5, 712, 24923036, 24928405, 3036, 8405
5, 713, 24958036, 24961810, 3036, 6810
5, 714, 24993036, 24998349, 3036, 8349
5, 715, 25028036, 25031810, 3036, 6810
5, 716, 25063036, 25067116, 3036, 7116
5, 717, 25098036, 25101810, 3036, 6810
5, 718, 25133036, 25136810, 3036, 6810
5, 719, 25168036, 25171810, 3036, 6810
5, 72, 2523036, 2527969, 3036, 7969
5, 720, 25203036, 25209444, 3036, 9444
5, 721, 25238036, 25241810, 3036, 6810
5, 722, 25273036, 25277141, 3036, 7141
5, 723, 25308036, 25311810, 3036, 6810
5, 724, 25343036, 25348405, 3036, 8405
5, 725, 25378036, 25381810, 3036, 6810
5, 726, 25413036, 25417085, 3036, 7085
5, 727, 25448036, 25451810, 3036, 6810
5, 728, 25483036, 25487116, 3036, 7116
5, 729, 25518036, 25521810, 3036, 6810
5, 73, 2558036, 2561810, 3036, 6810
5, 730, 25553036, 25557132, 3036, 7132
5, 731, 25588036, 25591810, 3036, 6810
5, 732, 25623036, 25627969, 3036, 7969
5, 733, 25658036, 25661810, 3036, 6810
5, 734, 25693036, 25697795, 3036, 7795
5, 735, 25728036, 25731810, 3036, 6810
5, 736, 25763036, 25769478, 3036, 9478
5, 737, 25798036, 25801810, 3036, 6810
5, 738, 25833036, 25837085, 3036, 7085
5, 739, 25868036, 25871810, 3036, 6810
5, 74, 2593036, 2596810, 3036, 6810
5, 740, 25903036, 25908017, 3036, 8017
5, 741, 25938036, 25941810, 3036, 6810
5, 742, 25973036, 25976810, 3036, 6810
5, 743, 26008036, 26011810, 3036, 6810
5, 744, 26043036, 26048614, 3036, 8614
5, 745, 26078036, 26081810, 3036, 6810
5, 746, 26113036, 26117141, 3036, 7141
5, 747, 26148036, 26151810, 3036, 6810
5, 748, 26183036, 26188405, 3036, 8405
5, 749, 26218036, 26221810, 3036, 6810
5, 75, 2628036, 2631810, 3036, 6810
5, 750, 26253036, 26257980, 3036, 7980
5, 751, 26288036, 26291810, 3036, 6810
5, 752, 26323036, 26328405, 3036, 8405
5, 753, 26358036, 26361810, 3036, 6810
5, 754, 26393036, 26396810, 3036, 6810
5, 755, 26428036, 26431810, 3036, 6810
5, 756, 26463036, 26468893, 3036, 8893
5, 757, 26498036, 26501810, 3036, 6810
5, 758, 26533036, 26537141, 3036, 7141
5, 759, 26568036, 26571810, 3036, 6810
5, 76, 2663036, 2668405, 3036, 8405
5, 760, 26603036, 26608017, 3036, 8017
5, 761, 26638036, 26641810, 3036, 6810
5, 762, 26673036, 26677085, 3036, 7085
5, 763, 26708036, 26711810, 3036, 6810
5, 764, 26743036, 26747116, 3036, 7116
5, 765, 26778036, 26781810, 3036, 6810
5, 766, 26813036, 26817141, 3036, 7141
5, 767, 26848036, 26851810, 3036, 6810
5, 768, 26883036, 26891281, 3036, 11281
5, 769, 26918036, 26921810, 3036, 6810
5, 77, 2698036, 2701810, 3036, 6810
5, 770, 26953036, 26958413, 3036, 8413
5, 771, 26988036, 26991810, 3036, 6810
5, 772, 27023036, 27027116, 3036, 7116
5, 773, 27058036, 27061810, 3036, 6810
5, 774, 27093036, 27097085, 3036, 7085
5, 775, 27128036, 27132913, 3036, 7913
5, 776, 27163036, 27167116, 3036, 7116
5, 777, 27198036, 27201810, 3036, 6810
5, 778, 27233036, 27237141, 3036, 7141
5, 779, 27268036, 27271810, 3036, 6810
5, 78, 2733036, 2738349, 3036, 8349
5, 780, 27303036, 27309444, 3036, 9444
5, 781, 27338036, 27341810, 3036, 6810
5, 782, 27373036, 27377141, 3036, 7141
5, 783, 27408036, 27411810, 3036, 6810
5, 784, 27443036, 27448405, 3036, 8405
5, 785, 27478036, 27481810, 3036, 6810
5, 786, 27513036, 27517085, 3036, 7085
5, 787, 27548036, 27551810, 3036, 6810
5, 788, 27583036, 27587116, 3036, 7116
5, 789, 27618036, 27621810, 3036, 6810
5, 79, 2768036, 2771810, 3036, 6810
5, 790, 27653036, 27658413, 3036, 8413
5, 791, 27688036, 27691810, 3036, 6810
5, 792, 27723036, 27728893, 3036, 8893
5, 793, 27758036, 27761810, 3036, 6810
5, 794, 27793036, 27796810, 3036, 6810
5, 795, 27828036, 27831810, 3036, 6810
5, 796, 27863036, 27867116, 3036, 7116
5, 797, 27898036, 27901810, 3036, 6810
5, 798, 27933036, 27937085, 3036, 7085
5, 799, 27968036, 27971810, 3036, 6810
5, 8, 283036, 288405, 3036, 8405
5, 80, 2803036, 2808957, 3036, 8957
5, 800, 28003036, 28008957, 3036, 8957
5, 801, 28038036, 28041810, 3036, 6810
5, 802, 28073036, 28077141, 3036, 7141
5, 803, 28108036, 28111810, 3036, 6810
5, 804, 28143036, 28148893, 3036, 8893
5, 805, 28178036, 28181810, 3036, 6810
5, 806, 28213036, 28216810, 3036, 6810
5, 807, 28248036, 28251810, 3036, 6810
5, 808, 28283036, 28287116, 3036, 7116
5, 809, 28318036, 28321810, 3036, 6810
5, 81, 2838036, 2841810, 3036, 6810
5, 810, 28353036, 28357980, 3036, 7980
5, 811, 28388036, 28391810, 3036, 6810
5, 812, 28423036, 28428405, 3036, 8405
5, 813, 28458036, 28461810, 3036, 6810
5, 814, 28493036, 28497265, 3036, 7265
5, 815, 28528036, 28531810, 3036, 6810
5, 816, 28563036, 28571281, 3036, 11281
5, 817, 28598036, 28601810, 3036, 6810
5, 818, 28633036, 28636810, 3036, 6810
5, 819, 28668036, 28671810, 3036, 6810
5, 82, 2873036, 2876810, 3036, 6810
5, 820, 28703036, 28708017, 3036, 8017
5, 821, 28738036, 28741810, 3036, 6810
5, 822, 28773036, 28777085, 3036, 7085
5, 823, 28808036, 28811810, 3036, 6810
5, 824, 28843036, 28848405, 3036, 8405
5, 825, 28878036, 28881810, 3036, 6810
5, 826, 28913036, 28917141, 3036, 7141
5, 827, 28948036, 28951810, 3036, 6810
5, 828, 28983036, 28987969, 3036, 7969
5, 829, 29018036, 29021810, 3036, 6810
5, 83, 2908036, 2911810, 3036, 6810
5, 830, 29053036, 29057132, 3036, 7132
5, 831, 29088036, 29091810, 3036, 6810
5, 832, 29123036, 29128405, 3036, 8405
5, 833, 29158036, 29161810, 3036, 6810
5, 834, 29193036, 29197085, 3036, 7085
5, 835, 29228036, 29231810, 3036, 6810
5, 836, 29263036, 29268405, 3036, 8405
5, 837, 29298036, 29301810, 3036, 6810
5, 838, 29333036, 29337141, 3036, 7141
5, 839, 29368036, 29371810, 3036, 6810
5, 84, 2943036, 2947969, 3036, 7969
5, 840, 29403036, 29408342, 3036, 8342
5, 841, 29438036, 29441810, 3036, 6810
5, 842, 29473036, 29476810, 3036, 6810
5, 843, 29508036, 29511810, 3036, 6810
5, 844, 29543036, 29547116, 3036, 7116
5, 845, 29578036, 29581810, 3036, 6810
5, 846, 29613036, 29617466, 3036, 7466
5, 847, 29648036, 29651810, 3036, 6810
5, 848, 29683036, 29689478, 3036, 9478
5, 849, 29718036, 29721810, 3036, 6810
5, 85, 2978036, 2981810, 3036, 6810
5, 850, 29753036, 29758413, 3036, 8413
5, 851, 29788036, 29791810, 3036, 6810
5, 852, 29823036, 29827969, 3036, 7969
5, 853, 29858036, 29861810, 3036, 6810
5, 854, 29893036, 29896810, 3036, 6810
5, 855, 29928036, 29932849, 3036, 7849
5, 856, 29963036, 29967116, 3036, 7116
5, 857, 29998036, 30001810, 3036, 6810
5, 858, 30033036, 30038349, 3036, 8349
5, 859, 30068036, 30071810, 3036, 6810
5, 86, 3013036, 3016810, 3036, 6810
5, 860, 30103036, 30108957, 3036, 8957
5, 861, 30138036, 30141810, 3036, 6810
5, 862, 30173036, 30176810, 3036, 6810
5, 863, 30208036, 30211810, 3036, 6810
5, 864, 30243036, 30248893, 3036, 8893
5, 865, 30278036, 30281810, 3036, 6810
5, 866, 30313036, 30316810, 3036, 6810
5, 867, 30348036, 30351810, 3036, 6810
5, 868, 30383036, 30387116, 3036, 7116
5, 869, 30418036, 30421810, 3036, 6810
5, 87, 3048036, 3051810, 3036, 6810
5, 870, 30453036, 30458901, 3036, 8901
5, 871, 30488036, 30491810, 3036, 6810
5, 872, 30523036, 30528405, 3036, 8405
5, 873, 30558036, 30561810, 3036, 6810
5, 874, 30593036, 30596810, 3036, 6810
5, 875, 30628036, 30631810, 3036, 6810
5, 876, 30663036, 30667969, 3036, 7969
5, 877, 30698036, 30701810, 3036, 6810
5, 878, 30733036, 30736810, 3036, 6810
5, 879, 30768036, 30771810, 3036, 6810
5, 88, 3083036, 3088405, 3036, 8405
5, 880, 30803036, 30810474, 3036, 10474
5, 881, 30838036, 30841810, 3036, 6810
5, 882, 30873036, 30878349, 3036, 8349
5, 883, 30908036, 30911810, 3036, 6810
5, 884, 30943036, 30948405, 3036, 8405
5, 885, 30978036, 30981810, 3036, 6810
5, 886, 31013036, 31016810, 3036, 6810
5, 887, 31048036, 31051810, 3036, 6810
5, 888, 31083036, 31087969, 3036, 7969
5, 889, 31118036, 31121810, 3036, 6810
5, 89, 3118036, 3121810, 3036, 6810
5, 890, 31153036, 31157132, 3036, 7132
5, 891, 31188036, 31191810, 3036, 6810
5, 892, 31223036, 31228405, 3036, 8405
5, 893, 31258036, 31261810, 3036, 6810
5, 894, 31293036, 31298349, 3036, 8349
5, 895, 31328036, 31331810, 3036, 6810
5, 896, 31363036, 31368405, 3036, 8405
5, 897, 31398036, 31401810, 3036, 6810
5, 898, 31433036, 31436810, 3036, 6810
5, 899, 31468036, 31471810, 3036, 6810
5, 9, 318036, 321810, 3036, 6810
5, 90, 3153036, 3158901, 3036, 8901
5, 900, 31503036, 31508342, 3036, 8342
5, 901, 31538036, 31541810, 3036, 6810
5, 902, 31573036, 31577141, 3036, 7141
5, 903, 31608036, 31611810, 3036, 6810
5, 904, 31643036, 31648405, 3036, 8405
5, 905, 31678036, 31681810, 3036, 6810
5, 906, 31713036, 31718349, 3036, 8349
5, 907, 31748036, 31751810, 3036, 6810
5, 908, 31783036, 31787116, 3036, 7116
5, 909, 31818036, 31821810, 3036, 6810
5, 91, 3188036, 3191810, 3036, 6810
5, 910, 31853036, 31857132, 3036, 7132
5, 911, 31888036, 31891810, 3036, 6810
5, 912, 31923036, 31928893, 3036, 8893
5, 913, 31958036, 31961810, 3036, 6810
5, 914, 31993036, 31997141, 3036, 7141
5, 915, 32028036, 32031810, 3036, 6810
5, 916, 32063036, 32068405, 3036, 8405
5, 917, 32098036, 32101810, 3036, 6810
5, 918, 32133036, 32138349, 3036, 8349
5, 919, 32168036, 32171810, 3036, 6810
5, 92, 3223036, 3227116, 3036, 7116
5, 920, 32203036, 32208017, 3036, 8017
5, 921, 32238036, 32241810, 3036, 6810
5, 922, 32273036, 32276810, 3036, 6810
5, 923, 32308036, 32311810, 3036, 6810
5, 924, 32343036, 32347969, 3036, 7969
5, 925, 32378036, 32381810, 3036, 6810
5, 926, 32413036, 32417141, 3036, 7141
5, 927, 32448036, 32451810, 3036, 6810
5, 928, 32483036, 32489478, 3036, 9478
5, 929, 32518036, 32521810, 3036, 6810
5, 93, 3258036, 3261810, 3036, 6810
5, 930, 32553036, 32557980, 3036, 7980
5, 931, 32588036, 32591810, 3036, 6810
5, 932, 32623036, 32627116, 3036, 7116
5, 933, 32658036, 32661810, 3036, 6810
5, 934, 32693036, 32696810, 3036, 6810
5, 935, 32728036, 32731810, 3036, 6810
5, 936, 32763036, 32767969, 3036, 7969
5, 937, 32798036, 32801810, 3036, 6810
5, 938, 32833036, 32837141, 3036, 7141
5, 939, 32868036, 32871810, 3036, 6810
5, 94, 3293036, 3296810, 3036, 6810
5, 940, 32903036, 32908957, 3036, 8957
5, 941, 32938036, 32941810, 3036, 6810
5, 942, 32973036, 32977085, 3036, 7085
5, 943, 33008036, 33011810, 3036, 6810
5, 944, 33043036, 33048405, 3036, 8405
5, 945, 33078036, 33081810, 3036, 6810
5, 946, 33113036, 33116810, 3036, 6810
5, 947, 33148036, 33151810, 3036, 6810
5, 948, 33183036, 33188431, 3036, 8431
5, 949, 33218036, 33221810, 3036, 6810
5, 95, 3328036, 3332913, 3036, 7913
5, 950, 33253036, 33258413, 3036, 8413
5, 951, 33288036, 33291810, 3036, 6810
5, 952, 33323036, 33328405, 3036, 8405
5, 953, 33358036, 33361810, 3036, 6810
5, 954, 33393036, 33397085, 3036, 7085
5, 955, 33428036, 33431810, 3036, 6810
5, 956, 33463036, 33467116, 3036, 7116
5, 957, 33498036, 33501810, 3036, 6810
5, 958, 33533036, 33536810, 3036, 6810
5, 959, 33568036, 33571810, 3036, 6810
5, 96, 3363036, 3368893, 3036, 8893
5, 960, 33603036, 33611832, 3036, 11832
5, 961, 33638036, 33641810, 3036, 6810
5, 962, 33673036, 33677141, 3036, 7141
5, 963, 33708036, 33711810, 3036, 6810
5, 964, 33743036, 33747116, 3036, 7116
5, 965, 33778036, 33781810, 3036, 6810
5, 966, 33813036, 33817085, 3036, 7085
5, 967, 33848036, 33853198, 3036, 8198
5, 968, 33883036, 33887116, 3036, 7116
5, 969, 33918036, 33921810, 3036, 6810
5, 97, 3398036, 3401810, 3036, 6810
5, 970, 33953036, 33958278, 3036, 8278
5, 971, 33988036, 33991810, 3036, 6810
5, 972, 34023036, 34028893, 3036, 8893
5, 973, 34058036, 34061810, 3036, 6810
5, 974, 34093036, 34097141, 3036, 7141
5, 975, 34128036, 34131810, 3036, 6810
5, 976, 34163036, 34168405, 3036, 8405
5, 977, 34198036, 34201810, 3036, 6810
5, 978, 34233036, 34237085, 3036, 7085
5, 979, 34268036, 34271810, 3036, 6810
5, 98, 3433036, 3437020, 3036, 7020
5, 980, 34303036, 34308017, 3036, 8017
5, 981, 34338036, 34341810, 3036, 6810
5, 982, 34373036, 34377141, 3036, 7141
5, 983, 34408036, 34411810, 3036, 6810
5, 984, 34443036, 34448893, 3036, 8893
5, 985, 34478036, 34481810, 3036, 6810
5, 986, 34513036, 34517141, 3036, 7141
5, 987, 34548036, 34551810, 3036, 6810
5, 988, 34583036, 34587116, 3036, 7116
5, 989, 34618036, 34621810, 3036, 6810
5, 99, 3468036, 3471810, 3036, 6810
5, 990, 34653036, 34657980, 3036, 7980
5, 991, 34688036, 34691810, 3036, 6810
5, 992, 34723036, 34728405, 3036, 8405
5, 993, 34758036, 34761810, 3036, 6810
5, 994, 34793036, 34797141, 3036, 7141
5, 995, 34828036, 34831810, 3036, 6810
5, 996, 34863036, 34868893, 3036, 8893
5, 997, 34898036, 34901810, 3036, 6810
5, 998, 34933036, 34936810, 3036, 6810
5, 999, 34968036, 34971810, 3036, 6810
6, 0, 668, 10179, 668, 10179
6, 1, 70668, 74612, 668, 4612
6, 10, 700668, 708073, 668, 8073
6, 100, 7000668, 7008073, 668, 8073
6, 1000, 70000668, 70008073, 668, 8073
6, 1001, 70070668, 70074612, 668, 4612
6, 1002, 70140668, 70147685, 668, 7685
6, 1003, 70210668, 70214612, 668, 4612
6, 1004, 70280668, 70284612, 668, 4612
6, 1005, 70350668, 70354743, 668, 4743
6, 1006, 70420668, 70424612, 668, 4612
6, 1007, 70490668, 70494612, 668, 4612
6, 1008, 70560668, 70569811, 668, 9811
6, 1009, 70630668, 70634612, 668, 4612
6, 101, 7070668, 7074612, 668, 4612
6, 1010, 70700668, 70704799, 668, 4799
6, 1011, 70770668, 70774612, 668, 4612
6, 1012, 70840668, 70844612, 668, 4612
6, 1013, 70910668, 70914612, 668, 4612
6, 1014, 70980668, 70987685, 668, 7685
6, 1015, 71050668, 71054612, 668, 4612
6, 1016, 71120668, 71124780, 668, 4780
6, 1017, 71190668, 71194612, 668, 4612
6, 1018, 71260668, 71264780, 668, 4780
6, 1019, 71330668, 71334612, 668, 4612
6, 102, 7140668, 7147685, 668, 7685
6, 1020, 71400668, 71408054, 668, 8054
6, 1021, 71470668, 71474612, 668, 4612
6, 1022, 71540668, 71544612, 668, 4612
6, 1023, 71610668, 71614612, 668, 4612
6, 1024, 71680668, 71689811, 668, 9811
6, 1025, 71750668, 71755046, 668, 5046
6, 1026, 71820668, 71824612, 668, 4612
6, 1027, 71890668, 71894612, 668, 4612
6, 1028, 71960668, 71964612, 668, 4612
6, 1029, 72030668, 72034612, 668, 4612
6, 103, 7210668, 7214612, 668, 4612
6, 1030, 72100668, 72108073, 668, 8073
6, 1031, 72170668, 72174612, 668, 4612
6, 1032, 72240668, 72247685, 668, 7685
6, 1033, 72310668, 72314612, 668, 4612
6, 1034, 72380668, 72384612, 668, 4612
6, 1035, 72450668, 72455143, 668, 5143
6, 1036, 72520668, 72524780, 668, 4780
6, 1037, 72590668, 72594612, 668, 4612
6, 1038, 72660668, 72664612, 668, 4612
6, 1039, 72730668, 72734612, 668, 4612
6, 104, 7280668, 7284780, 668, 4780
6, 1040, 72800668, 72807748, 668, 7748
6, 1041, 72870668, 72874612, 668, 4612
6, 1042, 72940668, 72944780, 668, 4780
6, 1043, 73010668, 73014612, 668, 4612
6, 1044, 73080668, 73084612, 668, 4612
6, 1045, 73150668, 73154612, 668, 4612
6, 1046, 73220668, 73224612, 668, 4612
6, 1047, 73290668, 73297764, 668, 7764
6, 1048, 73360668, 73369811, 668, 9811
6, 1049, 73430668, 73434612, 668, 4612
6, 105, 7350668, 7354743, 668, 4743
6, 1050, 73500668, 73506289, 668, 6289
6, 1051, 73570668, 73574612, 668, 4612
6, 1052, 73640668, 73645155, 668, 5155
6, 1053, 73710668, 73714612, 668, 4612
6, 1054, 73780668, 73784780, 668, 4780
6, 1055, 73850668, 73854612, 668, 4612
6, 1056, 73920668, 73928054, 668, 8054
6, 1057, 73990668, 73994612, 668, 4612
6, 1058, 74060668, 74064780, 668, 4780
6, 1059, 74130668, 74134612, 668, 4612
6, 106, 7420668, 7424780, 668, 4780
6, 1060, 74200668, 74204799, 668, 4799
6, 1061, 74270668, 74274612, 668, 4612
6, 1062, 74340668, 74344612, 668, 4612
6, 1063, 74410668, 74414612, 668, 4612
6, 1064, 74480668, 74489459, 668, 9459
6, 1065, 74550668, 74557692, 668, 7692
6, 1066, 74620668, 74624612, 668, 4612
6, 1067, 74690668, 74694612, 668, 4612
6, 1068, 74760668, 74764612, 668, 4612
6, 1069, 74830668, 74834612, 668, 4612
6, 107, 7490668, 7494612, 668, 4612
6, 1070, 74900668, 74907748, 668, 7748
6, 1071, 74970668, 74974612, 668, 4612
6, 1072, 75040668, 75044780, 668, 4780
6, 1073, 75110668, 75114612, 668, 4612
6, 1074, 75180668, 75184612, 668, 4612
6, 1075, 75250668, 75255046, 668, 5046
6, 1076, 75320668, 75324780, 668, 4780
6, 1077, 75390668, 75394612, 668, 4612
6, 1078, 75460668, 75464612, 668, 4612
6, 1079, 75530668, 75534612, 668, 4612
6, 108, 7560668, 7564612, 668, 4612
6, 1080, 75600668, 75608054, 668, 8054
6, 1081, 75670668, 75674612, 668, 4612
6, 1082, 75740668, 75744780, 668, 4780
6, 1083, 75810668, 75814612, 668, 4612
6, 1084, 75880668, 75884612, 668, 4612
6, 1085, 75950668, 75954612, 668, 4612
6, 1086, 76020668, 76028054, 668, 8054
6, 1087, 76090668, 76097366, 668, 7366
6, 1088, 76160668, 76169459, 668, 9459
6, 1089, 76230668, 76234612, 668, 4612
6, 109, 7630668, 7634612, 668, 4612
6, 1090, 76300668, 76304799, 668, 4799
6, 1091, 76370668, 76374612, 668, 4612
6, 1092, 76440668, 76447685, 668, 7685
6, 1093, 76510668, 76514612, 668, 4612
6, 1094, 76580668, 76584612, 668, 4612
6, 1095, 76650668, 76654743, 668, 4743
6, 1096, 76720668, 76724780, 668, 4780
6, 1097, 76790668, 76794612, 668, 4612
6, 1098, 76860668, 76867685, 668, 7685
6, 1099, 76930668, 76934612, 668, 4612
6, 11, 770668, 774612, 668, 4612
6, 110, 7700668, 7704799, 668, 4799
6, 1100, 77000668, 77004799, 668, 4799
6, 1101, 77070668, 77074612, 668, 4612
6, 1102, 77140668, 77144612, 668, 4612
6, 1103, 77210668, 77214612, 668, 4612
6, 1104, 77280668, 77289811, 668, 9811
6, 1105, 77350668, 77355046, 668, 5046
6, 1106, 77420668, 77424612, 668, 4612
6, 1107, 77490668, 77494612, 668, 4612
6, 1108, 77560668, 77564612, 668, 4612
6, 1109, 77630668, 77634612, 668, 4612
6, 111, 7770668, 7774612, 668, 4612
6, 1110, 77700668, 77708054, 668, 8054
6, 1111, 77770668, 77774612, 668, 4612
6, 1112, 77840668, 77844780, 668, 4780
6, 1113, 77910668, 77914612, 668, 4612
6, 1114, 77980668, 77984612, 668, 4612
6, 1115, 78050668, 78055046, 668, 5046
6, 1116, 78120668, 78128054, 668, 8054
6, 1117, 78190668, 78194612, 668, 4612
6, 1118, 78260668, 78264612, 668, 4612
6, 1119, 78330668, 78334612, 668, 4612
6, 112, 7840668, 7849811, 668, 9811
6, 1120, 78400668, 78409989, 668, 9989
6, 1121, 78470668, 78474612, 668, 4612
6, 1122, 78540668, 78547685, 668, 7685
6, 1123, 78610668, 78614612, 668, 4612
6, 1124, 78680668, 78684612, 668, 4612
6, 1125, 78750668, 78754743, 668, 4743
6, 1126, 78820668, 78824780, 668, 4780
6, 1127, 78890668, 78894612, 668, 4612
6, 1128, 78960668, 78967685, 668, 7685
6, 1129, 79030668, 79034612, 668, 4612
6, 113, 7910668, 7914612, 668, 4612
6, 1130, 79100668, 79104799, 668, 4799
6, 1131, 79170668, 79174612, 668, 4612
6, 1132, 79240668, 79244780, 668, 4780
6, 1133, 79310668, 79314612, 668, 4612
6, 1134, 79380668, 79384612, 668, 4612
6, 1135, 79450668, 79454612, 668, 4612
6, 1136, 79520668, 79524780, 668, 4780
6, 1137, 79590668, 79594612, 668, 4612
6, 1138, 79660668, 79664780, 668, 4780
6, 1139, 79730668, 79734612, 668, 4612
6, 114, 7980668, 7984612, 668, 4612
6, 1140, 79800668, 79806289, 668, 6289
6, 1141, 79870668, 79874612, 668, 4612
6, 1142, 79940668, 79944612, 668, 4612
6, 1143, 80010668, 80014612, 668, 4612
6, 1144, 80080668, 80089811, 668, 9811
6, 1145, 80150668, 80154612, 668, 4612
6, 1146, 80220668, 80224612, 668, 4612
6, 1147, 80290668, 80294612, 668, 4612
6, 1148, 80360668, 80364612, 668, 4612
6, 1149, 80430668, 80434612, 668, 4612
6, 115, 8050668, 8054612, 668, 4612
6, 1150, 80500668, 80508073, 668, 8073
6, 1151, 80570668, 80574612, 668, 4612
6, 1152, 80640668, 80647685, 668, 7685
6, 1153, 80710668, 80714612, 668, 4612
6, 1154, 80780668, 80785155, 668, 5155
6, 1155, 80850668, 80857692, 668, 7692
6, 1156, 80920668, 80924780, 668, 4780
6, 1157, 80990668, 80994612, 668, 4612
6, 1158, 81060668, 81064612, 668, 4612
6, 1159, 81130668, 81134612, 668, 4612
6, 116, 8120668, 8124612, 668, 4612
6, 1160, 81200668, 81209854, 668, 9854
6, 1161, 81270668, 81274612, 668, 4612
6, 1162, 81340668, 81344612, 668, 4612
6, 1163, 81410668, 81414612, 668, 4612
6, 1164, 81480668, 81484612, 668, 4612
6, 1165, 81550668, 81555046, 668, 5046
6, 1166, 81620668, 81624780, 668, 4780
6, 1167, 81690668, 81694612, 668, 4612
6, 1168, 81760668, 81764780, 668, 4780
6, 1169, 81830668, 81834612, 668, 4612
6, 117, 8190668, 8194612, 668, 4612
6, 1170, 81900668, 81906289, 668, 6289
6, 1171, 81970668, 81974612, 668, 4612
6, 1172, 82040668, 82044780, 668, 4780
6, 1173, 82110668, 82114612, 668, 4612
6, 1174, 82180668, 82184612, 668, 4612
6, 1175, 82250668, 82254612, 668, 4612
6, 1176, 82320668, 82328054, 668, 8054
6, 1177, 82390668, 82394612, 668, 4612
6, 1178, 82460668, 82464780, 668, 4780
6, 1179, 82530668, 82534612, 668, 4612
6, 118, 8260668, 8264780, 668, 4780
6, 1180, 82600668, 82604799, 668, 4799
6, 1181, 82670668, 82674612, 668, 4612
6, 1182, 82740668, 82744612, 668, 4612
6, 1183, 82810668, 82814612, 668, 4612
6, 1184, 82880668, 82889459, 668, 9459
6, 1185, 82950668, 82954743, 668, 4743
6, 1186, 83020668, 83024612, 668, 4612
6, 1187, 83090668, 83094612, 668, 4612
6, 1188, 83160668, 83165657, 668, 5657
6, 1189, 83230668, 83234612, 668, 4612
6, 119, 8330668, 8334612, 668, 4612
6, 1190, 83300668, 83307748, 668, 7748
6, 1191, 83370668, 83374612, 668, 4612
6, 1192, 83440668, 83444780, 668, 4780
6, 1193, 83510668, 83514612, 668, 4612
6, 1194, 83580668, 83587685, 668, 7685
6, 1195, 83650668, 83655046, 668, 5046
6, 1196, 83720668, 83724612, 668, 4612
6, 1197, 83790668, 83794612, 668, 4612
6, 1198, 83860668, 83864612, 668, 4612
6, 1199, 83930668, 83934612, 668, 4612
6, 12, 840668, 844612, 668, 4612
6, 120, 8400668, 8408054, 668, 8054
6, 1200, 84000668, 84010179, 668, 10179
6, 1201, 84070668, 84074612, 668, 4612
6, 1202, 84140668, 84144612, 668, 4612
6, 1203, 84210668, 84214612, 668, 4612
6, 1204, 84280668, 84284612, 668, 4612
6, 1205, 84350668, 84354612, 668, 4612
6, 1206, 84420668, 84428054, 668, 8054
6, 1207, 84490668, 84494612, 668, 4612
6, 1208, 84560668, 84564780, 668, 4780
6, 1209, 84630668, 84634612, 668, 4612
6, 121, 8470668, 8474612, 668, 4612
6, 1210, 84700668, 84704799, 668, 4799
6, 1211, 84770668, 84774612, 668, 4612
6, 1212, 84840668, 84847685, 668, 7685
6, 1213, 84910668, 84914612, 668, 4612
6, 1214, 84980668, 84984612, 668, 4612
6, 1215, 85050668, 85054743, 668, 4743
6, 1216, 85120668, 85124780, 668, 4780
6, 1217, 85190668, 85194612, 668, 4612
6, 1218, 85260668, 85267685, 668, 7685
6, 1219, 85330668, 85334612, 668, 4612
6, 122, 8540668, 8544612, 668, 4612
6, 1220, 85400668, 85404799, 668, 4799
6, 1221, 85470668, 85474612, 668, 4612
6, 1222, 85540668, 85544780, 668, 4780
6, 1223, 85610668, 85615838, 668, 5838
6, 1224, 85680668, 85689811, 668, 9811
6, 1225, 85750668, 85754612, 668, 4612
6, 1226, 85820668, 85824612, 668, 4612
6, 1227, 85890668, 85894612, 668, 4612
6, 1228, 85960668, 85964780, 668, 4780
6, 1229, 86030668, 86034612, 668, 4612
6, 123, 8610668, 8614612, 668, 4612
6, 1230, 86100668, 86106289, 668, 6289
6, 1231, 86170668, 86174612, 668, 4612
6, 1232, 86240668, 86244780, 668, 4780
6, 1233, 86310668, 86314612, 668, 4612
6, 1234, 86380668, 86384780, 668, 4780
6, 1235, 86450668, 86455046, 668, 5046
6, 1236, 86520668, 86524612, 668, 4612
6, 1237, 86590668, 86594612, 668, 4612
6, 1238, 86660668, 86664612, 668, 4612
6, 1239, 86730668, 86734612, 668, 4612
6, 124, 8680668, 8684780, 668, 4780
6, 1240, 86800668, 86810179, 668, 10179
6, 1241, 86870668, 86874612, 668, 4612
6, 1242, 86940668, 86944612, 668, 4612
6, 1243, 87010668, 87014612, 668, 4612
6, 1244, 87080668, 87084612, 668, 4612
6, 1245, 87150668, 87157692, 668, 7692
6, 1246, 87220668, 87224780, 668, 4780
6, 1247, 87290668, 87294612, 668, 4612
6, 1248, 87360668, 87367685, 668, 7685
6, 1249, 87430668, 87434612, 668, 4612
6, 125, 8750668, 8754612, 668, 4612
6, 1250, 87500668, 87504799, 668, 4799
6, 1251, 87570668, 87574612, 668, 4612
6, 1252, 87640668, 87644780, 668, 4780
6, 1253, 87710668, 87714612, 668, 4612
6, 1254, 87780668, 87784612, 668, 4612
6, 1255, 87850668, 87854612, 668, 4612
6, 1256, 87920668, 87927944, 668, 7944
6, 1257, 87990668, 87994612, 668, 4612
6, 1258, 88060668, 88064780, 668, 4780
6, 1259, 88130668, 88134612, 668, 4612
6, 126, 8820668, 8824612, 668, 4612
6, 1260, 88200668, 88206289, 668, 6289
6, 1261, 88270668, 88274612, 668, 4612
6, 1262, 88340668, 88344780, 668, 4780
6, 1263, 88410668, 88414612, 668, 4612
6, 1264, 88480668, 88484780, 668, 4780
6, 1265, 88550668, 88554612, 668, 4612
6, 1266, 88620668, 88624612, 668, 4612
6, 1267, 88690668, 88694612, 668, 4612
6, 1268, 88760668, 88764780, 668, 4780
6, 1269, 88830668, 88834612, 668, 4612
6, 127, 8890668, 8894612, 668, 4612
6, 1270, 88900668, 88904799, 668, 4799
6, 1271, 88970668, 88974612, 668, 4612
6, 1272, 89040668, 89047685, 668, 7685
6, 1273, 89110668, 89114612, 668, 4612
6, 1274, 89180668, 89184780, 668, 4780
6, 1275, 89250668, 89257692, 668, 7692
6, 1276, 89320668, 89324612, 668, 4612
6, 1277, 89390668, 89394612, 668, 4612
6, 1278, 89460668, 89464612, 668, 4612
6, 1279, 89530668, 89534612, 668, 4612
6, 128, 8960668, 8964780, 668, 4780
6, 1280, 89600668, 89609854, 668, 9854
6, 1281, 89670668, 89674612, 668, 4612
6, 1282, 89740668, 89744612, 668, 4612
6, 1283, 89810668, 89814612, 668, 4612
6, 1284, 89880668, 89884612, 668, 4612
6, 1285, 89950668, 89955046, 668, 5046
6, 1286, 90020668, 90024780, 668, 4780
6, 1287, 90090668, 90094612, 668, 4612
6, 1288, 90160668, 90164780, 668, 4780
6, 1289, 90230668, 90234612, 668, 4612
6, 129, 9030668, 9034612, 668, 4612
6, 1290, 90300668, 90307028, 668, 7028
6, 1291, 90370668, 90374612, 668, 4612
6, 1292, 90440668, 90444780, 668, 4780
6, 1293, 90510668, 90514612, 668, 4612
6, 1294, 90580668, 90584612, 668, 4612
6, 1295, 90650668, 90654612, 668, 4612
6, 1296, 90720668, 90729985, 668, 9985
6, 1297, 90790668, 90794612, 668, 4612
6, 1298, 90860668, 90864612, 668, 4612
6, 1299, 90930668, 90934612, 668, 4612
6, 13, 910668, 914612, 668, 4612
6, 130, 9100668, 9108073, 668, 8073
6, 1300, 91000668, 91004799, 668, 4799
6, 1301, 91070668, 91074612, 668, 4612
6, 1302, 91140668, 91147685, 668, 7685
6, 1303, 91210668, 91214612, 668, 4612
6, 1304, 91280668, 91284780, 668, 4780
6, 1305, 91350668, 91354743, 668, 4743
6, 1306, 91420668, 91424612, 668, 4612
6, 1307, 91490668, 91494612, 668, 4612
6, 1308, 91560668, 91567685, 668, 7685
6, 1309, 91630668, 91634612, 668, 4612
6, 131, 9170668, 9174612, 668, 4612
6, 1310, 91700668, 91704799, 668, 4799
6, 1311, 91770668, 91774612, 668, 4612
6, 1312, 91840668, 91844780, 668, 4780
6, 1313, 91910668, 91914612, 668, 4612
6, 1314, 91980668, 91987685, 668, 7685
6, 1315, 92050668, 92054612, 668, 4612
6, 1316, 92120668, 92124612, 668, 4612
6, 1317, 92190668, 92194612, 668, 4612
6, 1318, 92260668, 92264612, 668, 4612
6, 1319, 92330668, 92337142, 668, 7142
6, 132, 9240668, 9244612, 668, 4612
6, 1320, 92400668, 92410179, 668, 10179
6, 1321, 92470668, 92474612, 668, 4612
6, 1322, 92540668, 92544612, 668, 4612
6, 1323, 92610668, 92614612, 668, 4612
6, 1324, 92680668, 92684612, 668, 4612
6, 1325, 92750668, 92755046, 668, 5046
6, 1326, 92820668, 92828054, 668, 8054
6, 1327, 92890668, 92894612, 668, 4612
6, 1328, 92960668, 92964780, 668, 4780
6, 1329, 93030668, 93034612, 668, 4612
6, 133, 9310668, 9314612, 668, 4612
6, 1330, 93100668, 93108073, 668, 8073
6, 1331, 93170668, 93174612, 668, 4612
6, 1332, 93240668, 93244612, 668, 4612
6, 1333, 93310668, 93314612, 668, 4612
6, 1334, 93380668, 93384612, 668, 4612
6, 1335, 93450668, 93454743, 668, 4743
6, 1336, 93520668, 93530179, 668, 10179
6, 1337, 93590668, 93594612, 668, 4612
6, 1338, 93660668, 93664612, 668, 4612
6, 1339, 93730668, 93734612, 668, 4612
6, 134, 9380668, 9384780, 668, 4780
6, 1340, 93800668, 93804799, 668, 4799
6, 1341, 93870668, 93874612, 668, 4612
6, 1342, 93940668, 93944780, 668, 4780
6, 1343, 94010668, 94014612, 668, 4612
6, 1344, 94080668, 94087685, 668, 7685
6, 1345, 94150668, 94154612, 668, 4612
6, 1346, 94220668, 94224612, 668, 4612
6, 1347, 94290668, 94294612, 668, 4612
6, 1348, 94360668, 94364780, 668, 4780
6, 1349, 94430668, 94434612, 668, 4612
6, 135, 9450668, 9457692, 668, 7692
6, 1350, 94500668, 94506289, 668, 6289
6, 1351, 94570668, 94574612, 668, 4612
6, 1352, 94640668, 94644780, 668, 4780
6, 1353, 94710668, 94714612, 668, 4612
6, 1354, 94780668, 94784780, 668, 4780
6, 1355, 94850668, 94854612, 668, 4612
6, 1356, 94920668, 94924612, 668, 4612
6, 1357, 94990668, 94994612, 668, 4612
6, 1358, 95060668, 95064780, 668, 4780
6, 1359, 95130668, 95134612, 668, 4612
6, 136, 9520668, 9530179, 668, 10179
6, 1360, 95200668, 95210179, 668, 10179
6, 1361, 95270668, 95274612, 668, 4612
6, 1362, 95340668, 95344612, 668, 4612
6, 1363, 95410668, 95414612, 668, 4612
6, 1364, 95480668, 95484780, 668, 4780
6, 1365, 95550668, 95557692, 668, 7692
6, 1366, 95620668, 95624612, 668, 4612
6, 1367, 95690668, 95694612, 668, 4612
6, 1368, 95760668, 95767685, 668, 7685
6, 1369, 95830668, 95834612, 668, 4612
6, 137, 9590668, 9594612, 668, 4612
6, 1370, 95900668, 95907748, 668, 7748
6, 1371, 95970668, 95974612, 668, 4612
6, 1372, 96040668, 96044612, 668, 4612
6, 1373, 96110668, 96114612, 668, 4612
6, 1374, 96180668, 96184612, 668, 4612
6, 1375, 96250668, 96255046, 668, 5046
6, 1376, 96320668, 96329854, 668, 9854
6, 1377, 96390668, 96394612, 668, 4612
6, 1378, 96460668, 96464612, 668, 4612
6, 1379, 96530668, 96534612, 668, 4612
6, 138, 9660668, 9664612, 668, 4612
6, 1380, 96600668, 96606289, 668, 6289
6, 1381, 96670668, 96674612, 668, 4612
6, 1382, 96740668, 96744780, 668, 4780
6, 1383, 96810668, 96814612, 668, 4612
6, 1384, 96880668, 96884780, 668, 4780
6, 1385, 96950668, 96954612, 668, 4612
6, 1386, 97020668, 97024612, 668, 4612
6, 1387, 97090668, 97094612, 668, 4612
6, 1388, 97160668, 97164780, 668, 4780
6, 1389, 97230668, 97234612, 668, 4612
6, 139, 9730668, 9734612, 668, 4612
6, 1390, 97300668, 97304799, 668, 4799
6, 1391, 97370668, 97374612, 668, 4612
6, 1392, 97440668, 97447890, 668, 7890
6, 1393, 97510668, 97514612, 668, 4612
6, 1394, 97580668, 97584780, 668, 4780
6, 1395, 97650668, 97654743, 668, 4743
6, 1396, 97720668, 97724612, 668, 4612
6, 1397, 97790668, 97794612, 668, 4612
6, 1398, 97860668, 97867685, 668, 7685
6, 1399, 97930668, 97934612, 668, 4612
6, 14, 980668, 984612, 668, 4612
6, 140, 9800668, 9807748, 668, 7748
6, 1400, 98000668, 98007748, 668, 7748
6, 1401, 98070668, 98074612, 668, 4612
6, 1402, 98140668, 98144612, 668, 4612
6, 1403, 98210668, 98214612, 668, 4612
6, 1404, 98280668, 98287685, 668, 7685
6, 1405, 98350668, 98355046, 668, 5046
6, 1406, 98420668, 98424612, 668, 4612
6, 1407, 98490668, 98494612, 668, 4612
6, 1408, 98560668, 98564780, 668, 4780
6, 1409, 98630668, 98634612, 668, 4612
6, 141, 9870668, 9874612, 668, 4612
6, 1410, 98700668, 98708054, 668, 8054
6, 1411, 98770668, 98774612, 668, 4612
6, 1412, 98840668, 98844612, 668, 4612
6, 1413, 98910668, 98914612, 668, 4612
6, 1414, 98980668, 98984612, 668, 4612
6, 1415, 99050668, 99055046, 668, 5046
6, 1416, 99120668, 99130179, 668, 10179
6, 1417, 99190668, 99194612, 668, 4612
6, 1418, 99260668, 99264612, 668, 4612
6, 1419, 99330668, 99334612, 668, 4612
6, 142, 9940668, 9944612, 668, 4612
6, 1420, 99400668, 99404799, 668, 4799
6, 1421, 99470668, 99474612, 668, 4612
6, 1422, 99540668, 99547685, 668, 7685
6, 1423, 99610668, 99614612, 668, 4612
6, 1424, 99680668, 99684780, 668, 4780
6, 1425, 99750668, 99754743, 668, 4743
6, 1426, 99820668, 99824612, 668, 4612
6, 1427, 99890668, 99894612, 668, 4612
6, 1428, 99960668, 99967685, 668, 7685
6, 1429, 100030668, 100034612, 668, 4612
6, 143, 10010668, 10014612, 668, 4612
6, 1430, 100100668, 100104799, 668, 4799
6, 1431, 100170668, 100174612, 668, 4612
6, 1432, 100240668, 100249811, 668, 9811
6, 1433, 100310668, 100314612, 668, 4612
6, 1434, 100380668, 100384612, 668, 4612
6, 1435, 100450668, 100454612, 668, 4612
6, 1436, 100520668, 100524612, 668, 4612
6, 1437, 100590668, 100594612, 668, 4612
6, 1438, 100660668, 100664780, 668, 4780
6, 1439, 100730668, 100734612, 668, 4612
6, 144, 10080668, 10087685, 668, 7685
6, 1440, 100800668, 100808054, 668, 8054
6, 1441, 100870668, 100874612, 668, 4612
6, 1442, 100940668, 100944612, 668, 4612
6, 1443, 101010668, 101014612, 668, 4612
6, 1444, 101080668, 101084780, 668, 4780
6, 1445, 101150668, 101155046, 668, 5046
6, 1446, 101220668, 101224612, 668, 4612
6, 1447, 101290668, 101294612, 668, 4612
6, 1448, 101360668, 101364780, 668, 4780
6, 1449, 101430668, 101434612, 668, 4612
6, 145, 10150668, 10154612, 668, 4612
6, 1450, 101500668, 101508073, 668, 8073
6, 1451, 101570668, 101574612, 668, 4612
6, 1452, 101640668, 101644612, 668, 4612
6, 1453, 101710668, 101714612, 668, 4612
6, 1454, 101780668, 101784780, 668, 4780
6, 1455, 101850668, 101857844, 668, 7844
6, 1456, 101920668, 101930179, 668, 10179
6, 1457, 101990668, 101994612, 668, 4612
6, 1458, 102060668, 102064612, 668, 4612
6, 1459, 102130668, 102134612, 668, 4612
6, 146, 10220668, 10224780, 668, 4780
6, 1460, 102200668, 102206722, 668, 6722
6, 1461, 102270668, 102274612, 668, 4612
6, 1462, 102340668, 102344780, 668, 4780
6, 1463, 102410668, 102414612, 668, 4612
6, 1464, 102480668, 102487685, 668, 7685
6, 1465, 102550668, 102554612, 668, 4612
6, 1466, 102620668, 102624780, 668, 4780
6, 1467, 102690668, 102694612, 668, 4612
6, 1468, 102760668, 102764612, 668, 4612
6, 1469, 102830668, 102834612, 668, 4612
6, 147, 10290668, 10294612, 668, 4612
6, 1470, 102900668, 102906289, 668, 6289
6, 1471, 102970668, 102974612, 668, 4612
6, 1472, 103040668, 103049459, 668, 9459
6, 1473, 103110668, 103114612, 668, 4612
6, 1474, 103180668, 103184612, 668, 4612
6, 1475, 103250668, 103254612, 668, 4612
6, 1476, 103320668, 103324612, 668, 4612
6, 1477, 103390668, 103394612, 668, 4612
6, 1478, 103460668, 103464780, 668, 4780
6, 1479, 103530668, 103534612, 668, 4612
6, 148, 10360668, 10364612, 668, 4612
6, 1480, 103600668, 103608073, 668, 8073
6, 1481, 103670668, 103674612, 668, 4612
6, 1482, 103740668, 103744612, 668, 4612
6, 1483, 103810668, 103814612, 668, 4612
6, 1484, 103880668, 103884780, 668, 4780
6, 1485, 103950668, 103954743, 668, 4743
6, 1486, 104020668, 104024612, 668, 4612
6, 1487, 104090668, 104094612, 668, 4612
6, 1488, 104160668, 104167685, 668, 7685
6, 1489, 104230668, 104234612, 668, 4612
6, 149, 10430668, 10434612, 668, 4612
6, 1490, 104300668, 104307748, 668, 7748
6, 1491, 104370668, 104374612, 668, 4612
6, 1492, 104440668, 104444612, 668, 4612
6, 1493, 104510668, 104514612, 668, 4612
6, 1494, 104580668, 104587614, 668, 7614
6, 1495, 104650668, 104655046, 668, 5046
6, 1496, 104720668, 104729854, 668, 9854
6, 1497, 104790668, 104794612, 668, 4612
6, 1498, 104860668, 104864612, 668, 4612
6, 1499, 104930668, 104934612, 668, 4612
6, 15, 1050668, 1055143, 668, 5143
6, 150, 10500668, 10506289, 668, 6289
6, 1500, 105000668, 105008054, 668, 8054
6, 1501, 105070668, 105074612, 668, 4612
6, 1502, 105140668, 105144612, 668, 4612
6, 1503, 105210668, 105214612, 668, 4612
6, 1504, 105280668, 105284780, 668, 4780
6, 1505, 105350668, 105354612, 668, 4612
6, 1506, 105420668, 105428054, 668, 8054
6, 1507, 105490668, 105494612, 668, 4612
6, 1508, 105560668, 105564612, 668, 4612
6, 1509, 105630668, 105634612, 668, 4612
6, 151, 10570668, 10574612, 668, 4612
6, 1510, 105700668, 105704799, 668, 4799
6, 1511, 105770668, 105774612, 668, 4612
6, 1512, 105840668, 105849811, 668, 9811
6, 1513, 105910668, 105914612, 668, 4612
6, 1514, 105980668, 105984612, 668, 4612
6, 1515, 106050668, 106054743, 668, 4743
6, 1516, 106120668, 106124612, 668, 4612
6, 1517, 106190668, 106194612, 668, 4612
6, 1518, 106260668, 106267685, 668, 7685
6, 1519, 106330668, 106334612, 668, 4612
6, 152, 10640668, 10649459, 668, 9459
6, 1520, 106400668, 106407748, 668, 7748
6, 1521, 106470668, 106474612, 668, 4612
6, 1522, 106540668, 106544612, 668, 4612
6, 1523, 106610668, 106614612, 668, 4612
6, 1524, 106680668, 106687685, 668, 7685
6, 1525, 106750668, 106754612, 668, 4612
6, 1526, 106820668, 106824612, 668, 4612
6, 1527, 106890668, 106894612, 668, 4612
6, 1528, 106960668, 106968528, 668, 8528
6, 1529, 107030668, 107034612, 668, 4612
6, 153, 10710668, 10714612, 668, 4612
6, 1530, 107100668, 107108054, 668, 8054
6, 1531, 107170668, 107174612, 668, 4612
6, 1532, 107240668, 107244612, 668, 4612
6, 1533, 107310668, 107314612, 668, 4612
6, 1534, 107380668, 107384780, 668, 4780
6, 1535, 107450668, 107455046, 668, 5046
6, 1536, 107520668, 107528054, 668, 8054
6, 1537, 107590668, 107594612, 668, 4612
6, 1538, 107660668, 107664612, 668, 4612
6, 1539, 107730668, 107734612, 668, 4612
6, 154, 10780668, 10784612, 668, 4612
6, 1540, 107800668, 107808073, 668, 8073
6, 1541, 107870668, 107874612, 668, 4612
6, 1542, 107940668, 107944612, 668, 4612
6, 1543, 108010668, 108014612, 668, 4612
6, 1544, 108080668, 108084780, 668, 4780
6, 1545, 108150668, 108155143, 668, 5143
6, 1546, 108220668, 108224780, 668, 4780
6, 1547, 108290668, 108294612, 668, 4612
6, 1548, 108360668, 108364612, 668, 4612
6, 1549, 108430668, 108434612, 668, 4612
6, 155, 10850668, 10854612, 668, 4612
6, 1550, 108500668, 108504799, 668, 4799
6, 1551, 108570668, 108574612, 668, 4612
6, 1552, 108640668, 108649811, 668, 9811
6, 1553, 108710668, 108714612, 668, 4612
6, 1554, 108780668, 108784612, 668, 4612
6, 1555, 108850668, 108854612, 668, 4612
6, 1556, 108920668, 108924612, 668, 4612
6, 1557, 108990668, 108994612, 668, 4612
6, 1558, 109060668, 109064780, 668, 4780
6, 1559, 109130668, 109134612, 668, 4612
6, 156, 10920668, 10924612, 668, 4612
6, 1560, 109200668, 109208054, 668, 8054
6, 1561, 109270668, 109274612, 668, 4612
6, 1562, 109340668, 109345155, 668, 5155
6, 1563, 109410668, 109414612, 668, 4612
6, 1564, 109480668, 109484780, 668, 4780
6, 1565, 109550668, 109554612, 668, 4612
6, 1566, 109620668, 109624612, 668, 4612
6, 1567, 109690668, 109694612, 668, 4612
6, 1568, 109760668, 109769459, 668, 9459
6, 1569, 109830668, 109834612, 668, 4612
6, 157, 10990668, 10994612, 668, 4612
6, 1570, 109900668, 109904799, 668, 4799
6, 1571, 109970668, 109974612, 668, 4612
6, 1572, 110040668, 110044612, 668, 4612
6, 1573, 110110668, 110114612, 668, 4612
6, 1574, 110180668, 110184780, 668, 4780
6, 1575, 110250668, 110257692, 668, 7692
6, 1576, 110320668, 110324780, 668, 4780
6, 1577, 110390668, 110394612, 668, 4612
6, 1578, 110460668, 110464612, 668, 4612
6, 1579, 110530668, 110534612, 668, 4612
6, 158, 11060668, 11064780, 668, 4780
6, 1580, 110600668, 110607748, 668, 7748
6, 1581, 110670668, 110674612, 668, 4612
6, 1582, 110740668, 110744612, 668, 4612
6, 1583, 110810668, 110814612, 668, 4612
6, 1584, 110880668, 110887685, 668, 7685
6, 1585, 110950668, 110955046, 668, 5046
6, 1586, 111020668, 111024780, 668, 4780
6, 1587, 111090668, 111094612, 668, 4612
6, 1588, 111160668, 111164612, 668, 4612
6, 1589, 111230668, 111234612, 668, 4612
6, 159, 11130668, 11134612, 668, 4612
6, 1590, 111300668, 111307028, 668, 7028
6, 1591, 111370668, 111374612, 668, 4612
6, 1592, 111440668, 111449459, 668, 9459
6, 1593, 111510668, 111514612, 668, 4612
6, 1594, 111580668, 111584612, 668, 4612
6, 1595, 111650668, 111654612, 668, 4612
6, 1596, 111720668, 111727707, 668, 7707
6, 1597, 111790668, 111794612, 668, 4612
6, 1598, 111860668, 111864780, 668, 4780
6, 1599, 111930668, 111934612, 668, 4612
6, 16, 1120668, 1130179, 668, 10179
6, 160, 11200668, 11208073, 668, 8073
6, 1600, 112000668, 112008073, 668, 8073
6, 1601, 112070668, 112074612, 668, 4612
6, 1602, 112140668, 112147685, 668, 7685
6, 1603, 112210668, 112214612, 668, 4612
6, 1604, 112280668, 112284612, 668, 4612
6, 1605, 112350668, 112354743, 668, 4743
6, 1606, 112420668, 112424612, 668, 4612
6, 1607, 112490668, 112494612, 668, 4612
6, 1608, 112560668, 112569811, 668, 9811
6, 1609, 112630668, 112634612, 668, 4612
6, 161, 11270668, 11274612, 668, 4612
6, 1610, 112700668, 112704799, 668, 4799
6, 1611, 112770668, 112774612, 668, 4612
6, 1612, 112840668, 112844612, 668, 4612
6, 1613, 112910668, 112914612, 668, 4612
6, 1614, 112980668, 112987685, 668, 7685
6, 1615, 113050668, 113055046, 668, 5046
6, 1616, 113120668, 113124780, 668, 4780
6, 1617, 113190668, 113194612, 668, 4612
6, 1618, 113260668, 113264612, 668, 4612
6, 1619, 113330668, 113334612, 668, 4612
6, 162, 11340668, 11344612, 668, 4612
6, 1620, 113400668, 113408054, 668, 8054
6, 1621, 113470668, 113474612, 668, 4612
6, 1622, 113540668, 113544612, 668, 4612
6, 1623, 113610668, 113614612, 668, 4612
6, 1624, 113680668, 113687727, 668, 7727
6, 1625, 113750668, 113755046, 668, 5046
6, 1626, 113820668, 113828054, 668, 8054
6, 1627, 113890668, 113894612, 668, 4612
6, 1628, 113960668, 113964612, 668, 4612
6, 1629, 114030668, 114034612, 668, 4612
6, 163, 11410668, 11414612, 668, 4612
6, 1630, 114100668, 114108073, 668, 8073
6, 1631, 114170668, 114175832, 668, 5832
6, 1632, 114240668, 114249811, 668, 9811
6, 1633, 114310668, 114314612, 668, 4612
6, 1634, 114380668, 114384612, 668, 4612
6, 1635, 114450668, 114454743, 668, 4743
6, 1636, 114520668, 114524780, 668, 4780
6, 1637, 114590668, 114594612, 668, 4612
6, 1638, 114660668, 114664612, 668, 4612
6, 1639, 114730668, 114734612, 668, 4612
6, 164, 11480668, 11484780, 668, 4780
6, 1640, 114800668, 114807748, 668, 7748
6, 1641, 114870668, 114874612, 668, 4612
6, 1642, 114940668, 114944780, 668, 4780
6, 1643, 115010668, 115014612, 668, 4612
6, 1644, 115080668, 115084612, 668, 4612
6, 1645, 115150668, 115154612, 668, 4612
6, 1646, 115220668, 115224612, 668, 4612
6, 1647, 115290668, 115294612, 668, 4612
6, 1648, 115360668, 115369811, 668, 9811
6, 1649, 115430668, 115434612, 668, 4612
6, 165, 11550668, 11554743, 668, 4743
6, 1650, 115500668, 115506289, 668, 6289
6, 1651, 115570668, 115574612, 668, 4612
6, 1652, 115640668, 115644612, 668, 4612
6, 1653, 115710668, 115714612, 668, 4612
6, 1654, 115780668, 115784780, 668, 4780
6, 1655, 115850668, 115854612, 668, 4612
6, 1656, 115920668, 115928054, 668, 8054
6, 1657, 115990668, 115994612, 668, 4612
6, 1658, 116060668, 116064612, 668, 4612
6, 1659, 116130668, 116134612, 668, 4612
6, 166, 11620668, 11624612, 668, 4612
6, 1660, 116200668, 116208073, 668, 8073
6, 1661, 116270668, 116274612, 668, 4612
6, 1662, 116340668, 116344612, 668, 4612
6, 1663, 116410668, 116414612, 668, 4612
6, 1664, 116480668, 116487425, 668, 7425
6, 1665, 116550668, 116557692, 668, 7692
6, 1666, 116620668, 116624780, 668, 4780
6, 1667, 116690668, 116694612, 668, 4612
6, 1668, 116760668, 116764612, 668, 4612
6, 1669, 116830668, 116834612, 668, 4612
6, 167, 11690668, 11694612, 668, 4612
6, 1670, 116900668, 116907748, 668, 7748
6, 1671, 116970668, 116974612, 668, 4612
6, 1672, 117040668, 117044780, 668, 4780
6, 1673, 117110668, 117114612, 668, 4612
6, 1674, 117180668, 117184612, 668, 4612
6, 1675, 117250668, 117254612, 668, 4612
6, 1676, 117320668, 117324780, 668, 4780
6, 1677, 117390668, 117394612, 668, 4612
6, 1678, 117460668, 117464612, 668, 4612
6, 1679, 117530668, 117534612, 668, 4612
6, 168, 11760668, 11767707, 668, 7707
6, 1680, 117600668, 117608054, 668, 8054
6, 1681, 117670668, 117674612, 668, 4612
6, 1682, 117740668, 117744780, 668, 4780
6, 1683, 117810668, 117814612, 668, 4612
6, 1684, 117880668, 117884612, 668, 4612
6, 1685, 117950668, 117954612, 668, 4612
6, 1686, 118020668, 118024612, 668, 4612
6, 1687, 118090668, 118094612, 668, 4612
6, 1688, 118160668, 118169459, 668, 9459
6, 1689, 118230668, 118234612, 668, 4612
6, 169, 11830668, 11834612, 668, 4612
6, 1690, 118300668, 118304799, 668, 4799
6, 1691, 118370668, 118374612, 668, 4612
6, 1692, 118440668, 118444612, 668, 4612
6, 1693, 118510668, 118514612, 668, 4612
6, 1694, 118580668, 118584780, 668, 4780
6, 1695, 118650668, 118654743, 668, 4743
6, 1696, 118720668, 118724780, 668, 4780
6, 1697, 118790668, 118794612, 668, 4612
6, 1698, 118860668, 118865657, 668, 5657
6, 1699, 118930668, 118934612, 668, 4612
6, 17, 1190668, 1194612, 668, 4612
6, 170, 11900668, 11907748, 668, 7748
6, 1700, 119000668, 119007748, 668, 7748
6, 1701, 119070668, 119074612, 668, 4612
6, 1702, 119140668, 119144612, 668, 4612
6, 1703, 119210668, 119214612, 668, 4612
6, 1704, 119280668, 119289755, 668, 9755
6, 1705, 119350668, 119355046, 668, 5046
6, 1706, 119420668, 119424612, 668, 4612
6, 1707, 119490668, 119494612, 668, 4612
6, 1708, 119560668, 119564612, 668, 4612
6, 1709, 119630668, 119634612, 668, 4612
6, 171, 11970668, 11974612, 668, 4612
6, 1710, 119700668, 119708054, 668, 8054
6, 1711, 119770668, 119774612, 668, 4612
6, 1712, 119840668, 119844780, 668, 4780
6, 1713, 119910668, 119914612, 668, 4612
6, 1714, 119980668, 119984612, 668, 4612
6, 1715, 120050668, 120055163, 668, 5163
6, 1716, 120120668, 120128054, 668, 8054
6, 1717, 120190668, 120194612, 668, 4612
6, 1718, 120260668, 120264612, 668, 4612
6, 1719, 120330668, 120334612, 668, 4612
6, 172, 12040668, 12044612, 668, 4612
6, 1720, 120400668, 120408073, 668, 8073
6, 1721, 120470668, 120474612, 668, 4612
6, 1722, 120540668, 120547685, 668, 7685
6, 1723, 120610668, 120614612, 668, 4612
6, 1724, 120680668, 120684612, 668, 4612
6, 1725, 120750668, 120754743, 668, 4743
6, 1726, 120820668, 120824612, 668, 4612
6, 1727, 120890668, 120897153, 668, 7153
6, 1728, 120960668, 120969811, 668, 9811
6, 1729, 121030668, 121034612, 668, 4612
6, 173, 12110668, 12114612, 668, 4612
6, 1730, 121100668, 121104799, 668, 4799
6, 1731, 121170668, 121174612, 668, 4612
6, 1732, 121240668, 121244612, 668, 4612
6, 1733, 121310668, 121314612, 668, 4612
6, 1734, 121380668, 121387685, 668, 7685
6, 1735, 121450668, 121454612, 668, 4612
6, 1736, 121520668, 121524780, 668, 4780
6, 1737, 121590668, 121594612, 668, 4612
6, 1738, 121660668, 121664780, 668, 4780
6, 1739, 121730668, 121734612, 668, 4612
6, 174, 12180668, 12187685, 668, 7685
6, 1740, 121800668, 121806289, 668, 6289
6, 1741, 121870668, 121874612, 668, 4612
6, 1742, 121940668, 121944612, 668, 4612
6, 1743, 122010668, 122014612, 668, 4612
6, 1744, 122080668, 122089811, 668, 9811
6, 1745, 122150668, 122155046, 668, 5046
6, 1746, 122220668, 122224612, 668, 4612
6, 1747, 122290668, 122294612, 668, 4612
6, 1748, 122360668, 122364612, 668, 4612
6, 1749, 122430668, 122434612, 668, 4612
6, 175, 12250668, 12255046, 668, 5046
6, 1750, 122500668, 122508073, 668, 8073
6, 1751, 122570668, 122574612, 668, 4612
6, 1752, 122640668, 122647685, 668, 7685
6, 1753, 122710668, 122714612, 668, 4612
6, 1754, 122780668, 122784612, 668, 4612
6, 1755, 122850668, 122857692, 668, 7692
6, 1756, 122920668, 122924780, 668, 4780
6, 1757, 122990668, 122994612, 668, 4612
6, 1758, 123060668, 123064612, 668, 4612
6, 1759, 123130668, 123134612, 668, 4612
6, 176, 12320668, 12324780, 668, 4780
6, 1760, 123200668, 123207748, 668, 7748
6, 1761, 123270668, 123274612, 668, 4612
6, 1762, 123340668, 123344780, 668, 4780
6, 1763, 123410668, 123414612, 668, 4612
6, 1764, 123480668, 123484612, 668, 4612
6, 1765, 123550668, 123554612, 668, 4612
6, 1766, 123620668, 123624780, 668, 4780
6, 1767, 123690668, 123694612, 668, 4612
6, 1768, 123760668, 123769811, 668, 9811
6, 1769, 123830668, 123834612, 668, 4612
6, 177, 12390668, 12394612, 668, 4612
6, 1770, 123900668, 123906289, 668, 6289
6, 1771, 123970668, 123974612, 668, 4612
6, 1772, 124040668, 124044780, 668, 4780
6, 1773, 124110668, 124114612, 668, 4612
6, 1774, 124180668, 124184612, 668, 4612
6, 1775, 124250668, 124254612, 668, 4612
6, 1776, 124320668, 124328054, 668, 8054
6, 1777, 124390668, 124394612, 668, 4612
6, 1778, 124460668, 124464780, 668, 4780
6, 1779, 124530668, 124534612, 668, 4612
6, 178, 12460668, 12464612, 668, 4612
6, 1780, 124600668, 124604799, 668, 4799
6, 1781, 124670668, 124674612, 668, 4612
6, 1782, 124740668, 124744612, 668, 4612
6, 1783, 124810668, 124814612, 668, 4612
6, 1784, 124880668, 124889459, 668, 9459
6, 1785, 124950668, 124957692, 668, 7692
6, 1786, 125020668, 125024612, 668, 4612
6, 1787, 125090668, 125094612, 668, 4612
6, 1788, 125160668, 125164612, 668, 4612
6, 1789, 125230668, 125234612, 668, 4612
6, 179, 12530668, 12534612, 668, 4612
6, 1790, 125300668, 125307748, 668, 7748
6, 1791, 125370668, 125374612, 668, 4612
6, 1792, 125440668, 125444780, 668, 4780
6, 1793, 125510668, 125514612, 668, 4612
6, 1794, 125580668, 125584612, 668, 4612
6, 1795, 125650668, 125655046, 668, 5046
6, 1796, 125720668, 125724780, 668, 4780
6, 1797, 125790668, 125794612, 668, 4612
6, 1798, 125860668, 125864612, 668, 4612
6, 1799, 125930668, 125934612, 668, 4612
6, 18, 1260668, 1264612, 668, 4612
6, 180, 12600668, 12608054, 668, 8054
6, 1800, 126000668, 126008363, 668, 8363
6, 1801, 126070668, 126074612, 668, 4612
6, 1802, 126140668, 126144780, 668, 4780
6, 1803, 126210668, 126214612, 668, 4612
6, 1804, 126280668, 126284612, 668, 4612
6, 1805, 126350668, 126354612, 668, 4612
6, 1806, 126420668, 126428054, 668, 8054
6, 1807, 126490668, 126494612, 668, 4612
6, 1808, 126560668, 126564780, 668, 4780
6, 1809, 126630668, 126634612, 668, 4612
6, 181, 12670668, 12674612, 668, 4612
6, 1810, 126700668, 126704799, 668, 4799
6, 1811, 126770668, 126774612, 668, 4612
6, 1812, 126840668, 126847685, 668, 7685
6, 1813, 126910668, 126914612, 668, 4612
6, 1814, 126980668, 126984612, 668, 4612
6, 1815, 127050668, 127054743, 668, 4743
6, 1816, 127120668, 127124780, 668, 4780
6, 1817, 127190668, 127194612, 668, 4612
6, 1818, 127260668, 127267685, 668, 7685
6, 1819, 127330668, 127334612, 668, 4612
6, 182, 12740668, 12744612, 668, 4612
6, 1820, 127400668, 127404799, 668, 4799
6, 1821, 127470668, 127474612, 668, 4612
6, 1822, 127540668, 127544612, 668, 4612
6, 1823, 127610668, 127614612, 668, 4612
6, 1824, 127680668, 127689811, 668, 9811
6, 1825, 127750668, 127754612, 668, 4612
6, 1826, 127820668, 127824612, 668, 4612
6, 1827, 127890668, 127894612, 668, 4612
6, 1828, 127960668, 127964612, 668, 4612
6, 1829, 128030668, 128034612, 668, 4612
6, 183, 12810668, 12814612, 668, 4612
6, 1830, 128100668, 128108054, 668, 8054
6, 1831, 128170668, 128174612, 668, 4612
6, 1832, 128240668, 128244780, 668, 4780
6, 1833, 128310668, 128314612, 668, 4612
6, 1834, 128380668, 128384612, 668, 4612
6, 1835, 128450668, 128455046, 668, 5046
6, 1836, 128520668, 128528054, 668, 8054
6, 1837, 128590668, 128594612, 668, 4612
6, 1838, 128660668, 128664612, 668, 4612
6, 1839, 128730668, 128734612, 668, 4612
6, 184, 12880668, 12884780, 668, 4780
6, 1840, 128800668, 128810179, 668, 10179
6, 1841, 128870668, 128874612, 668, 4612
6, 1842, 128940668, 128944612, 668, 4612
6, 1843, 129010668, 129014612, 668, 4612
6, 1844, 129080668, 129084612, 668, 4612
6, 1845, 129150668, 129157640, 668, 7640
6, 1846, 129220668, 129224780, 668, 4780
6, 1847, 129290668, 129294612, 668, 4612
6, 1848, 129360668, 129367685, 668, 7685
6, 1849, 129430668, 129434612, 668, 4612
6, 185, 12950668, 12955163, 668, 5163
6, 1850, 129500668, 129504799, 668, 4799
6, 1851, 129570668, 129574612, 668, 4612
6, 1852, 129640668, 129644780, 668, 4780
6, 1853, 129710668, 129714612, 668, 4612
6, 1854, 129780668, 129784612, 668, 4612
6, 1855, 129850668, 129854612, 668, 4612
6, 1856, 129920668, 129924780, 668, 4780
6, 1857, 129990668, 129994612, 668, 4612
6, 1858, 130060668, 130064780, 668, 4780
6, 1859, 130130668, 130134612, 668, 4612
6, 186, 13020668, 13028054, 668, 8054
6, 1860, 130200668, 130206289, 668, 6289
6, 1861, 130270668, 130274612, 668, 4612
6, 1862, 130340668, 130344612, 668, 4612
6, 1863, 130410668, 130417372, 668, 7372
6, 1864, 130480668, 130489811, 668, 9811
6, 1865, 130550668, 130554612, 668, 4612
6, 1866, 130620668, 130624612, 668, 4612
6, 1867, 130690668, 130694612, 668, 4612
6, 1868, 130760668, 130765155, 668, 5155
6, 1869, 130830668, 130834612, 668, 4612
6, 187, 13090668, 13094612, 668, 4612
6, 1870, 130900668, 130908073, 668, 8073
6, 1871, 130970668, 130974612, 668, 4612
6, 1872, 131040668, 131047685, 668, 7685
6, 1873, 131110668, 131114612, 668, 4612
6, 1874, 131180668, 131184780, 668, 4780
6, 1875, 131250668, 131257692, 668, 7692
6, 1876, 131320668, 131324612, 668, 4612
6, 1877, 131390668, 131394612, 668, 4612
6, 1878, 131460668, 131464612, 668, 4612
6, 1879, 131530668, 131534612, 668, 4612
6, 188, 13160668, 13164612, 668, 4612
6, 1880, 131600668, 131609854, 668, 9854
6, 1881, 131670668, 131674612, 668, 4612
6, 1882, 131740668, 131744612, 668, 4612
6, 1883, 131810668, 131814612, 668, 4612
6, 1884, 131880668, 131884612, 668, 4612
6, 1885, 131950668, 131955046, 668, 5046
6, 1886, 132020668, 132024780, 668, 4780
6, 1887, 132090668, 132094612, 668, 4612
6, 1888, 132160668, 132164780, 668, 4780
6, 1889, 132230668, 132234612, 668, 4612
6, 189, 13230668, 13234612, 668, 4612
6, 1890, 132300668, 132306289, 668, 6289
6, 1891, 132370668, 132374612, 668, 4612
6, 1892, 132440668, 132444780, 668, 4780
6, 1893, 132510668, 132514612, 668, 4612
6, 1894, 132580668, 132584612, 668, 4612
6, 1895, 132650668, 132654612, 668, 4612
6, 1896, 132720668, 132728054, 668, 8054
6, 1897, 132790668, 132794612, 668, 4612
6, 1898, 132860668, 132864780, 668, 4780
6, 1899, 132930668, 132934612, 668, 4612
6, 19, 1330668, 1334612, 668, 4612
6, 190, 13300668, 13304799, 668, 4799
6, 1900, 133000668, 133004799, 668, 4799
6, 1901, 133070668, 133074612, 668, 4612
6, 1902, 133140668, 133147685, 668, 7685
6, 1903, 133210668, 133214612, 668, 4612
6, 1904, 133280668, 133289459, 668, 9459
6, 1905, 133350668, 133354743, 668, 4743
6, 1906, 133420668, 133424612, 668, 4612
6, 1907, 133490668, 133494612, 668, 4612
6, 1908, 133560668, 133567685, 668, 7685
6, 1909, 133630668, 133634612, 668, 4612
6, 191, 13370668, 13374612, 668, 4612
6, 1910, 133700668, 133704799, 668, 4799
6, 1911, 133770668, 133774612, 668, 4612
6, 1912, 133840668, 133844780, 668, 4780
6, 1913, 133910668, 133914612, 668, 4612
6, 1914, 133980668, 133987685, 668, 7685
6, 1915, 134050668, 134055046, 668, 5046
6, 1916, 134120668, 134124612, 668, 4612
6, 1917, 134190668, 134194612, 668, 4612
6, 1918, 134260668, 134264612, 668, 4612
6, 1919, 134330668, 134334612, 668, 4612
6, 192, 13440668, 13449811, 668, 9811
6, 1920, 134400668, 134410179, 668, 10179
6, 1921, 134470668, 134474612, 668, 4612
6, 1922, 134540668, 134544612, 668, 4612
6, 1923, 134610668, 134614612, 668, 4612
6, 1924, 134680668, 134684612, 668, 4612
6, 1925, 134750668, 134755046, 668, 5046
6, 1926, 134820668, 134828054, 668, 8054
6, 1927, 134890668, 134894612, 668, 4612
6, 1928, 134960668, 134964780, 668, 4780
6, 1929, 135030668, 135034612, 668, 4612
6, 193, 13510668, 13514612, 668, 4612
6, 1930, 135100668, 135104799, 668, 4799
6, 1931, 135170668, 135174612, 668, 4612
6, 1932, 135240668, 135247685, 668, 7685
6, 1933, 135310668, 135314612, 668, 4612
6, 1934, 135380668, 135384612, 668, 4612
6, 1935, 135450668, 135454743, 668, 4743
6, 1936, 135520668, 135528356, 668, 8356
6, 1937, 135590668, 135594612, 668, 4612
6, 1938, 135660668, 135667685, 668, 7685
6, 1939, 135730668, 135734612, 668, 4612
6, 194, 13580668, 13584612, 668, 4612
6, 1940, 135800668, 135804799, 668, 4799
6, 1941, 135870668, 135874612, 668, 4612
6, 1942, 135940668, 135944780, 668, 4780
6, 1943, 136010668, 136014612, 668, 4612
6, 1944, 136080668, 136087685, 668, 7685
6, 1945, 136150668, 136154612, 668, 4612
6, 1946, 136220668, 136224612, 668, 4612
6, 1947, 136290668, 136294612, 668, 4612
6, 1948, 136360668, 136364780, 668, 4780
6, 1949, 136430668, 136434612, 668, 4612
6, 195, 13650668, 13654743, 668, 4743
6, 1950, 136500668, 136506289, 668, 6289
6, 1951, 136570668, 136574612, 668, 4612
6, 1952, 136640668, 136644780, 668, 4780
6, 1953, 136710668, 136714612, 668, 4612
6, 1954, 136780668, 136784780, 668, 4780
6, 1955, 136850668, 136855046, 668, 5046
6, 1956, 136920668, 136924612, 668, 4612
6, 1957, 136990668, 136994612, 668, 4612
6, 1958, 137060668, 137064612, 668, 4612
6, 1959, 137130668, 137134612, 668, 4612
6, 196, 13720668, 13724612, 668, 4612
6, 1960, 137200668, 137210179, 668, 10179
6, 1961, 137270668, 137274612, 668, 4612
6, 1962, 137340668, 137344612, 668, 4612
6, 1963, 137410668, 137414612, 668, 4612
6, 1964, 137480668, 137484612, 668, 4612
6, 1965, 137550668, 137557692, 668, 7692
6, 1966, 137620668, 137624780, 668, 4780
6, 1967, 137690668, 137694612, 668, 4612
6, 1968, 137760668, 137767685, 668, 7685
6, 1969, 137830668, 137834612, 668, 4612
6, 197, 13790668, 13794612, 668, 4612
6, 1970, 137900668, 137906722, 668, 6722
6, 1971, 137970668, 137974612, 668, 4612
6, 1972, 138040668, 138044780, 668, 4780
6, 1973, 138110668, 138114612, 668, 4612
6, 1974, 138180668, 138184612, 668, 4612
6, 1975, 138250668, 138254612, 668, 4612
6, 1976, 138320668, 138329841, 668, 9841
6, 1977, 138390668, 138394612, 668, 4612
6, 1978, 138460668, 138464612, 668, 4612
6, 1979, 138530668, 138534612, 668, 4612
6, 198, 13860668, 13867685, 668, 7685
6, 1980, 138600668, 138606289, 668, 6289
6, 1981, 138670668, 138674612, 668, 4612
6, 1982, 138740668, 138744780, 668, 4780
6, 1983, 138810668, 138814612, 668, 4612
6, 1984, 138880668, 138884780, 668, 4780
6, 1985, 138950668, 138954612, 668, 4612
6, 1986, 139020668, 139024612, 668, 4612
6, 1987, 139090668, 139094612, 668, 4612
6, 1988, 139160668, 139164780, 668, 4780
6, 1989, 139230668, 139234612, 668, 4612
6, 199, 13930668, 13934612, 668, 4612
6, 1990, 139300668, 139304799, 668, 4799
6, 1991, 139370668, 139374612, 668, 4612
6, 1992, 139440668, 139447685, 668, 7685
6, 1993, 139510668, 139514612, 668, 4612
6, 1994, 139580668, 139584780, 668, 4780
6, 1995, 139650668, 139654743, 668, 4743
6, 1996, 139720668, 139724612, 668, 4612
6, 1997, 139790668, 139794612, 668, 4612
6, 1998, 139860668, 139864612, 668, 4612
6, 1999, 139930668, 139934612, 668, 4612
6, 2, 140668, 144612, 668, 4612
6, 20, 1400668, 1404799, 668, 4799
6, 200, 14000668, 14007748, 668, 7748
6, 2000, 140000668, 140009854, 668, 9854
6, 2001, 140070668, 140074612, 668, 4612
6, 2002, 140140668, 140144612, 668, 4612
6, 2003, 140210668, 140214612, 668, 4612
6, 2004, 140280668, 140285657, 668, 5657
6, 2005, 140350668, 140355046, 668, 5046
6, 2006, 140420668, 140424780, 668, 4780
6, 2007, 140490668, 140494612, 668, 4612
6, 2008, 140560668, 140564780, 668, 4780
6, 2009, 140630668, 140634612, 668, 4612
6, 201, 14070668, 14074612, 668, 4612
6, 2010, 140700668, 140708054, 668, 8054
6, 2011, 140770668, 140774612, 668, 4612
6, 2012, 140840668, 140844612, 668, 4612
6, 2013, 140910668, 140914612, 668, 4612
6, 2014, 140980668, 140984612, 668, 4612
6, 2015, 141050668, 141055163, 668, 5163
6, 2016, 141120668, 141130179, 668, 10179
6, 2017, 141190668, 141194612, 668, 4612
6, 2018, 141260668, 141264612, 668, 4612
6, 2019, 141330668, 141334612, 668, 4612
6, 202, 14140668, 14144612, 668, 4612
6, 2020, 141400668, 141404799, 668, 4799
6, 2021, 141470668, 141474612, 668, 4612
6, 2022, 141540668, 141547685, 668, 7685
6, 2023, 141610668, 141614612, 668, 4612
6, 2024, 141680668, 141684780, 668, 4780
6, 2025, 141750668, 141754743, 668, 4743
6, 2026, 141820668, 141824612, 668, 4612
6, 2027, 141890668, 141894612, 668, 4612
6, 2028, 141960668, 141967685, 668, 7685
6, 2029, 142030668, 142034612, 668, 4612
6, 203, 14210668, 14214612, 668, 4612
6, 2030, 142100668, 142104799, 668, 4799
6, 2031, 142170668, 142174612, 668, 4612
6, 2032, 142240668, 142244780, 668, 4780
6, 2033, 142310668, 142314612, 668, 4612
6, 2034, 142380668, 142387685, 668, 7685
6, 2035, 142450668, 142454612, 668, 4612
6, 2036, 142520668, 142524612, 668, 4612
6, 2037, 142590668, 142594612, 668, 4612
6, 2038, 142660668, 142664780, 668, 4780
6, 2039, 142730668, 142737731, 668, 7731
6, 204, 14280668, 14287685, 668, 7685
6, 205, 14350668, 14354612, 668, 4612
6, 206, 14420668, 14424612, 668, 4612
6, 207, 14490668, 14494612, 668, 4612
6, 208, 14560668, 14569811, 668, 9811
6, 209, 14630668, 14634612, 668, 4612
6, 21, 1470668, 1474612, 668, 4612
6, 210, 14700668, 14706289, 668, 6289
6, 211, 14770668, 14774612, 668, 4612
6, 212, 14840668, 14844612, 668, 4612
6, 213, 14910668, 14914612, 668, 4612
6, 214, 14980668, 14984780, 668, 4780
6, 215, 15050668, 15055046, 668, 5046
6, 216, 15120668, 15128054, 668, 8054
6, 217, 15190668, 15194612, 668, 4612
6, 218, 15260668, 15264612, 668, 4612
6, 219, 15330668, 15334612, 668, 4612
6, 22, 1540668, 1544780, 668, 4780
6, 220, 15400668, 15408073, 668, 8073
6, 221, 15470668, 15474612, 668, 4612
6, 222, 15540668, 15544612, 668, 4612
6, 223, 15610668, 15614612, 668, 4612
6, 224, 15680668, 15684780, 668, 4780
6, 225, 15750668, 15757692, 668, 7692
6, 226, 15820668, 15824780, 668, 4780
6, 227, 15890668, 15894612, 668, 4612
6, 228, 15960668, 15964612, 668, 4612
6, 229, 16030668, 16034612, 668, 4612
6, 23, 1610668, 1614612, 668, 4612
6, 230, 16100668, 16104799, 668, 4799
6, 231, 16170668, 16177844, 668, 7844
6, 232, 16240668, 16249811, 668, 9811
6, 233, 16310668, 16314612, 668, 4612
6, 234, 16380668, 16384612, 668, 4612
6, 235, 16450668, 16454612, 668, 4612
6, 236, 16520668, 16524612, 668, 4612
6, 237, 16590668, 16594612, 668, 4612
6, 238, 16660668, 16664780, 668, 4780
6, 239, 16730668, 16734612, 668, 4612
6, 24, 1680668, 1687685, 668, 7685
6, 240, 16800668, 16808054, 668, 8054
6, 241, 16870668, 16874612, 668, 4612
6, 242, 16940668, 16944780, 668, 4780
6, 243, 17010668, 17014612, 668, 4612
6, 244, 17080668, 17084612, 668, 4612
6, 245, 17150668, 17154612, 668, 4612
6, 246, 17220668, 17224612, 668, 4612
6, 247, 17290668, 17294612, 668, 4612
6, 248, 17360668, 17369459, 668, 9459
6, 249, 17430668, 17434612, 668, 4612
6, 25, 1750668, 1754612, 668, 4612
6, 250, 17500668, 17504799, 668, 4799
6, 251, 17570668, 17574612, 668, 4612
6, 252, 17640668, 17644612, 668, 4612
6, 253, 17710668, 17714612, 668, 4612
6, 254, 17780668, 17784780, 668, 4780
6, 255, 17850668, 17857692, 668, 7692
6, 256, 17920668, 17924780, 668, 4780
6, 257, 17990668, 17994612, 668, 4612
6, 258, 18060668, 18064612, 668, 4612
6, 259, 18130668, 18134612, 668, 4612
6, 26, 1820668, 1824612, 668, 4612
6, 260, 18200668, 18207748, 668, 7748
6, 261, 18270668, 18274612, 668, 4612
6, 262, 18340668, 18344612, 668, 4612
6, 263, 18410668, 18414612, 668, 4612
6, 264, 18480668, 18487685, 668, 7685
6, 265, 18550668, 18555046, 668, 5046
6, 266, 18620668, 18624780, 668, 4780
6, 267, 18690668, 18694612, 668, 4612
6, 268, 18760668, 18764612, 668, 4612
6, 269, 18830668, 18834612, 668, 4612
6, 27, 1890668, 1894612, 668, 4612
6, 270, 18900668, 18908043, 668, 8043
6, 271, 18970668, 18974612, 668, 4612
6, 272, 19040668, 19049459, 668, 9459
6, 273, 19110668, 19114612, 668, 4612
6, 274, 19180668, 19184612, 668, 4612
6, 275, 19250668, 19254612, 668, 4612
6, 276, 19320668, 19328054, 668, 8054
6, 277, 19390668, 19394612, 668, 4612
6, 278, 19460668, 19464612, 668, 4612
6, 279, 19530668, 19534612, 668, 4612
6, 28, 1960668, 1964780, 668, 4780
6, 280, 19600668, 19608073, 668, 8073
6, 281, 19670668, 19674612, 668, 4612
6, 282, 19740668, 19747685, 668, 7685
6, 283, 19810668, 19814612, 668, 4612
6, 284, 19880668, 19884612, 668, 4612
6, 285, 19950668, 19954743, 668, 4743
6, 286, 20020668, 20024612, 668, 4612
6, 287, 20090668, 20094612, 668, 4612
6, 288, 20160668, 20169811, 668, 9811
6, 289, 20230668, 20234612, 668, 4612
6, 29, 2030668, 2034612, 668, 4612
6, 290, 20300668, 20304799, 668, 4799
6, 291, 20370668, 20374612, 668, 4612
6, 292, 20440668, 20444612, 668, 4612
6, 293, 20510668, 20514612, 668, 4612
6, 294, 20580668, 20587685, 668, 7685
6, 295, 20650668, 20654612, 668, 4612
6, 296, 20720668, 20724780, 668, 4780
6, 297, 20790668, 20794612, 668, 4612
6, 298, 20860668, 20864612, 668, 4612
6, 299, 20930668, 20934612, 668, 4612
6, 3, 210668, 214612, 668, 4612
6, 30, 2100668, 2106289, 668, 6289
6, 300, 21000668, 21008054, 668, 8054
6, 301, 21070668, 21074612, 668, 4612
6, 302, 21140668, 21144612, 668, 4612
6, 303, 21210668, 21214612, 668, 4612
6, 304, 21280668, 21288050, 668, 8050
6, 305, 21350668, 21355046, 668, 5046
6, 306, 21420668, 21428054, 668, 8054
6, 307, 21490668, 21494612, 668, 4612
6, 308, 21560668, 21564612, 668, 4612
6, 309, 21630668, 21634612, 668, 4612
6, 31, 2170668, 2174612, 668, 4612
6, 310, 21700668, 21708073, 668, 8073
6, 311, 21770668, 21774612, 668, 4612
6, 312, 21840668, 21847685, 668, 7685
6, 313, 21910668, 21914612, 668, 4612
6, 314, 21980668, 21984612, 668, 4612
6, 315, 22050668, 22054743, 668, 4743
6, 316, 22120668, 22124780, 668, 4780
6, 317, 22190668, 22194612, 668, 4612
6, 318, 22260668, 22264612, 668, 4612
6, 319, 22330668, 22334612, 668, 4612
6, 32, 2240668, 2247425, 668, 7425
6, 320, 22400668, 22407748, 668, 7748
6, 321, 22470668, 22474612, 668, 4612
6, 322, 22540668, 22544780, 668, 4780
6, 323, 22610668, 22614612, 668, 4612
6, 324, 22680668, 22684612, 668, 4612
6, 325, 22750668, 22754612, 668, 4612
6, 326, 22820668, 22824612, 668, 4612
6, 327, 22890668, 22894612, 668, 4612
6, 328, 22960668, 22969811, 668, 9811
6, 329, 23030668, 23034612, 668, 4612
6, 33, 2310668, 2314612, 668, 4612
6, 330, 23100668, 23106289, 668, 6289
6, 331, 23170668, 23174612, 668, 4612
6, 332, 23240668, 23244612, 668, 4612
6, 333, 23310668, 23314612, 668, 4612
6, 334, 23380668, 23384780, 668, 4780
6, 335, 23450668, 23454612, 668, 4612
6, 336, 23520668, 23528054, 668, 8054
6, 337, 23590668, 23594612, 668, 4612
6, 338, 23660668, 23665155, 668, 5155
6, 339, 23730668, 23734612, 668, 4612
6, 34, 2380668, 2384780, 668, 4780
6, 340, 23800668, 23808073, 668, 8073
6, 341, 23870668, 23874612, 668, 4612
6, 342, 23940668, 23944612, 668, 4612
6, 343, 24010668, 24014612, 668, 4612
6, 344, 24080668, 24089459, 668, 9459
6, 345, 24150668, 24157692, 668, 7692
6, 346, 24220668, 24224612, 668, 4612
6, 347, 24290668, 24294612, 668, 4612
6, 348, 24360668, 24364612, 668, 4612
6, 349, 24430668, 24434612, 668, 4612
6, 35, 2450668, 2454612, 668, 4612
6, 350, 24500668, 24507748, 668, 7748
6, 351, 24570668, 24574612, 668, 4612
6, 352, 24640668, 24644780, 668, 4780
6, 353, 24710668, 24714612, 668, 4612
6, 354, 24780668, 24784612, 668, 4612
6, 355, 24850668, 24855046, 668, 5046
6, 356, 24920668, 24924780, 668, 4780
6, 357, 24990668, 24994612, 668, 4612
6, 358, 25060668, 25064612, 668, 4612
6, 359, 25130668, 25134612, 668, 4612
6, 36, 2520668, 2524612, 668, 4612
6, 360, 25200668, 25208054, 668, 8054
6, 361, 25270668, 25274612, 668, 4612
6, 362, 25340668, 25344780, 668, 4780
6, 363, 25410668, 25414612, 668, 4612
6, 364, 25480668, 25484612, 668, 4612
6, 365, 25550668, 25554612, 668, 4612
6, 366, 25620668, 25624612, 668, 4612
6, 367, 25690668, 25694612, 668, 4612
6, 368, 25760668, 25769459, 668, 9459
6, 369, 25830668, 25834612, 668, 4612
6, 37, 2590668, 2594612, 668, 4612
6, 370, 25900668, 25904799, 668, 4799
6, 371, 25970668, 25974612, 668, 4612
6, 372, 26040668, 26046661, 668, 6661
6, 373, 26110668, 26114612, 668, 4612
6, 374, 26180668, 26184780, 668, 4780
6, 375, 26250668, 26254743, 668, 4743
6, 376, 26320668, 26324780, 668, 4780
6, 377, 26390668, 26394612, 668, 4612
6, 378, 26460668, 26467685, 668, 7685
6, 379, 26530668, 26534612, 668, 4612
6, 38, 2660668, 2664780, 668, 4780
6, 380, 26600668, 26604799, 668, 4799
6, 381, 26670668, 26674612, 668, 4612
6, 382, 26740668, 26744612, 668, 4612
6, 383, 26810668, 26814612, 668, 4612
6, 384, 26880668, 26889811, 668, 9811
6, 385, 26950668, 26955046, 668, 5046
6, 386, 27020668, 27024612, 668, 4612
6, 387, 27090668, 27094612, 668, 4612
6, 388, 27160668, 27164612, 668, 4612
6, 389, 27230668, 27234612, 668, 4612
6, 39, 2730668, 2734612, 668, 4612
6, 390, 27300668, 27308054, 668, 8054
6, 391, 27370668, 27374612, 668, 4612
6, 392, 27440668, 27444780, 668, 4780
6, 393, 27510668, 27514612, 668, 4612
6, 394, 27580668, 27584612, 668, 4612
6, 395, 27650668, 27655046, 668, 5046
6, 396, 27720668, 27728054, 668, 8054
6, 397, 27790668, 27794612, 668, 4612
6, 398, 27860668, 27864612, 668, 4612
6, 399, 27930668, 27934612, 668, 4612
6, 4, 280668, 284780, 668, 4780
6, 40, 2800668, 2808073, 668, 8073
6, 400, 28000668, 28008073, 668, 8073
6, 401, 28070668, 28074612, 668, 4612
6, 402, 28140668, 28147685, 668, 7685
6, 403, 28210668, 28214612, 668, 4612
6, 404, 28280668, 28284612, 668, 4612
6, 405, 28350668, 28354743, 668, 4743
6, 406, 28420668, 28424780, 668, 4780
6, 407, 28490668, 28494612, 668, 4612
6, 408, 28560668, 28569811, 668, 9811
6, 409, 28630668, 28634612, 668, 4612
6, 41, 2870668, 2874612, 668, 4612
6, 410, 28700668, 28704799, 668, 4799
6, 411, 28770668, 28774612, 668, 4612
6, 412, 28840668, 28844780, 668, 4780
6, 413, 28910668, 28914612, 668, 4612
6, 414, 28980668, 28984612, 668, 4612
6, 415, 29050668, 29054612, 668, 4612
6, 416, 29120668, 29124780, 668, 4780
6, 417, 29190668, 29194612, 668, 4612
6, 418, 29260668, 29264780, 668, 4780
6, 419, 29330668, 29334612, 668, 4612
6, 42, 2940668, 2944612, 668, 4612
6, 420, 29400668, 29406289, 668, 6289
6, 421, 29470668, 29474612, 668, 4612
6, 422, 29540668, 29544612, 668, 4612
6, 423, 29610668, 29614612, 668, 4612
6, 424, 29680668, 29689811, 668, 9811
6, 425, 29750668, 29755046, 668, 5046
6, 426, 29820668, 29824612, 668, 4612
6, 427, 29890668, 29894612, 668, 4612
6, 428, 29960668, 29964612, 668, 4612
6, 429, 30030668, 30034612, 668, 4612
6, 43, 3010668, 3014612, 668, 4612
6, 430, 30100668, 30108073, 668, 8073
6, 431, 30170668, 30174612, 668, 4612
6, 432, 30240668, 30247685, 668, 7685
6, 433, 30310668, 30314612, 668, 4612
6, 434, 30380668, 30384612, 668, 4612
6, 435, 30450668, 30457692, 668, 7692
6, 436, 30520668, 30524780, 668, 4780
6, 437, 30590668, 30594612, 668, 4612
6, 438, 30660668, 30664612, 668, 4612
6, 439, 30730668, 30734612, 668, 4612
6, 44, 3080668, 3084780, 668, 4780
6, 440, 30800668, 30808073, 668, 8073
6, 441, 30870668, 30874612, 668, 4612
6, 442, 30940668, 30944780, 668, 4780
6, 443, 31010668, 31014612, 668, 4612
6, 444, 31080668, 31084612, 668, 4612
6, 445, 31150668, 31154612, 668, 4612
6, 446, 31220668, 31224780, 668, 4780
6, 447, 31290668, 31294612, 668, 4612
6, 448, 31360668, 31364780, 668, 4780
6, 449, 31430668, 31434612, 668, 4612
6, 45, 3150668, 3157692, 668, 7692
6, 450, 31500668, 31506289, 668, 6289
6, 451, 31570668, 31574612, 668, 4612
6, 452, 31640668, 31644780, 668, 4780
6, 453, 31710668, 31714612, 668, 4612
6, 454, 31780668, 31784612, 668, 4612
6, 455, 31850668, 31854612, 668, 4612
6, 456, 31920668, 31928054, 668, 8054
6, 457, 31990668, 31994612, 668, 4612
6, 458, 32060668, 32064780, 668, 4780
6, 459, 32130668, 32134612, 668, 4612
6, 46, 3220668, 3224612, 668, 4612
6, 460, 32200668, 32204799, 668, 4799
6, 461, 32270668, 32274612, 668, 4612
6, 462, 32340668, 32344612, 668, 4612
6, 463, 32410668, 32414612, 668, 4612
6, 464, 32480668, 32489459, 668, 9459
6, 465, 32550668, 32554743, 668, 4743
6, 466, 32620668, 32624612, 668, 4612
6, 467, 32690668, 32694612, 668, 4612
6, 468, 32760668, 32764612, 668, 4612
6, 469, 32830668, 32834612, 668, 4612
6, 47, 3290668, 3294612, 668, 4612
6, 470, 32900668, 32907748, 668, 7748
6, 471, 32970668, 32974612, 668, 4612
6, 472, 33040668, 33044780, 668, 4780
6, 473, 33110668, 33114612, 668, 4612
6, 474, 33180668, 33185657, 668, 5657
6, 475, 33250668, 33255046, 668, 5046
6, 476, 33320668, 33324780, 668, 4780
6, 477, 33390668, 33394612, 668, 4612
6, 478, 33460668, 33464612, 668, 4612
6, 479, 33530668, 33534612, 668, 4612
6, 48, 3360668, 3367685, 668, 7685
6, 480, 33600668, 33610179, 668, 10179
6, 481, 33670668, 33674612, 668, 4612
6, 482, 33740668, 33744612, 668, 4612
6, 483, 33810668, 33814612, 668, 4612
6, 484, 33880668, 33884612, 668, 4612
6, 485, 33950668, 33955163, 668, 5163
6, 486, 34020668, 34028054, 668, 8054
6, 487, 34090668, 34094612, 668, 4612
6, 488, 34160668, 34164780, 668, 4780
6, 489, 34230668, 34234612, 668, 4612
6, 49, 3430668, 3434612, 668, 4612
6, 490, 34300668, 34304799, 668, 4799
6, 491, 34370668, 34374612, 668, 4612
6, 492, 34440668, 34447685, 668, 7685
6, 493, 34510668, 34514612, 668, 4612
6, 494, 34580668, 34584612, 668, 4612
6, 495, 34650668, 34654743, 668, 4743
6, 496, 34720668, 34724780, 668, 4780
6, 497, 34790668, 34794612, 668, 4612
6, 498, 34860668, 34867685, 668, 7685
6, 499, 34930668, 34934612, 668, 4612
6, 5, 350668, 355046, 668, 5046
6, 50, 3500668, 3507748, 668, 7748
6, 500, 35000668, 35004799, 668, 4799
6, 501, 35070668, 35074612, 668, 4612
6, 502, 35140668, 35144612, 668, 4612
6, 503, 35210668, 35215368, 668, 5368
6, 504, 35280668, 35289811, 668, 9811
6, 505, 35350668, 35354612, 668, 4612
6, 506, 35420668, 35424612, 668, 4612
6, 507, 35490668, 35494612, 668, 4612
6, 508, 35560668, 35564780, 668, 4780
6, 509, 35630668, 35634612, 668, 4612
6, 51, 3570668, 3574612, 668, 4612
6, 510, 35700668, 35708054, 668, 8054
6, 511, 35770668, 35774612, 668, 4612
6, 512, 35840668, 35844780, 668, 4780
6, 513, 35910668, 35914612, 668, 4612
6, 514, 35980668, 35984780, 668, 4780
6, 515, 36050668, 36055046, 668, 5046
6, 516, 36120668, 36124612, 668, 4612
6, 517, 36190668, 36194612, 668, 4612
6, 518, 36260668, 36264612, 668, 4612
6, 519, 36330668, 36334612, 668, 4612
6, 52, 3640668, 3644612, 668, 4612
6, 520, 36400668, 36410179, 668, 10179
6, 521, 36470668, 36474612, 668, 4612
6, 522, 36540668, 36544612, 668, 4612
6, 523, 36610668, 36614612, 668, 4612
6, 524, 36680668, 36684612, 668, 4612
6, 525, 36750668, 36755143, 668, 5143
6, 526, 36820668, 36824780, 668, 4780
6, 527, 36890668, 36894612, 668, 4612
6, 528, 36960668, 36967685, 668, 7685
6, 529, 37030668, 37034612, 668, 4612
6, 53, 3710668, 3714612, 668, 4612
6, 530, 37100668, 37104799, 668, 4799
6, 531, 37170668, 37174612, 668, 4612
6, 532, 37240668, 37244780, 668, 4780
6, 533, 37310668, 37314612, 668, 4612
6, 534, 37380668, 37384612, 668, 4612
6, 535, 37450668, 37454612, 668, 4612
6, 536, 37520668, 37524780, 668, 4780
6, 537, 37590668, 37594612, 668, 4612
6, 538, 37660668, 37664780, 668, 4780
6, 539, 37730668, 37734612, 668, 4612
6, 54, 3780668, 3784612, 668, 4612
6, 540, 37800668, 37806289, 668, 6289
6, 541, 37870668, 37874612, 668, 4612
6, 542, 37940668, 37944780, 668, 4780
6, 543, 38010668, 38014612, 668, 4612
6, 544, 38080668, 38089811, 668, 9811
6, 545, 38150668, 38154612, 668, 4612
6, 546, 38220668, 38224612, 668, 4612
6, 547, 38290668, 38294612, 668, 4612
6, 548, 38360668, 38364780, 668, 4780
6, 549, 38430668, 38434612, 668, 4612
6, 55, 3850668, 3855046, 668, 5046
6, 550, 38500668, 38504799, 668, 4799
6, 551, 38570668, 38574612, 668, 4612
6, 552, 38640668, 38647685, 668, 7685
6, 553, 38710668, 38714612, 668, 4612
6, 554, 38780668, 38784780, 668, 4780
6, 555, 38850668, 38857692, 668, 7692
6, 556, 38920668, 38924612, 668, 4612
6, 557, 38990668, 38994612, 668, 4612
6, 558, 39060668, 39064612, 668, 4612
6, 559, 39130668, 39134612, 668, 4612
6, 56, 3920668, 3929854, 668, 9854
6, 560, 39200668, 39209854, 668, 9854
6, 561, 39270668, 39274612, 668, 4612
6, 562, 39340668, 39344612, 668, 4612
6, 563, 39410668, 39414612, 668, 4612
6, 564, 39480668, 39484612, 668, 4612
6, 565, 39550668, 39555046, 668, 5046
6, 566, 39620668, 39624780, 668, 4780
6, 567, 39690668, 39694612, 668, 4612
6, 568, 39760668, 39764780, 668, 4780
6, 569, 39830668, 39834612, 668, 4612
6, 57, 3990668, 3994612, 668, 4612
6, 570, 39900668, 39906289, 668, 6289
6, 571, 39970668, 39974612, 668, 4612
6, 572, 40040668, 40044780, 668, 4780
6, 573, 40110668, 40114612, 668, 4612
6, 574, 40180668, 40184612, 668, 4612
6, 575, 40250668, 40254612, 668, 4612
6, 576, 40320668, 40329221, 668, 9221
6, 577, 40390668, 40394612, 668, 4612
6, 578, 40460668, 40464780, 668, 4780
6, 579, 40530668, 40534612, 668, 4612
6, 58, 4060668, 4064612, 668, 4612
6, 580, 40600668, 40604799, 668, 4799
6, 581, 40670668, 40674612, 668, 4612
6, 582, 40740668, 40747685, 668, 7685
6, 583, 40810668, 40814612, 668, 4612
6, 584, 40880668, 40884780, 668, 4780
6, 585, 40950668, 40954743, 668, 4743
6, 586, 41020668, 41024612, 668, 4612
6, 587, 41090668, 41094612, 668, 4612
6, 588, 41160668, 41167685, 668, 7685
6, 589, 41230668, 41234612, 668, 4612
6, 59, 4130668, 4134612, 668, 4612
6, 590, 41300668, 41304799, 668, 4799
6, 591, 41370668, 41374612, 668, 4612
6, 592, 41440668, 41444780, 668, 4780
6, 593, 41510668, 41514612, 668, 4612
6, 594, 41580668, 41587685, 668, 7685
6, 595, 41650668, 41655046, 668, 5046
6, 596, 41720668, 41724612, 668, 4612
6, 597, 41790668, 41794612, 668, 4612
6, 598, 41860668, 41864612, 668, 4612
6, 599, 41930668, 41934612, 668, 4612
6, 6, 420668, 424612, 668, 4612
6, 60, 4200668, 4206289, 668, 6289
6, 600, 42000668, 42010179, 668, 10179
6, 601, 42070668, 42074612, 668, 4612
6, 602, 42140668, 42144612, 668, 4612
6, 603, 42210668, 42214612, 668, 4612
6, 604, 42280668, 42284612, 668, 4612
6, 605, 42350668, 42355046, 668, 5046
6, 606, 42420668, 42428054, 668, 8054
6, 607, 42490668, 42494612, 668, 4612
6, 608, 42560668, 42564780, 668, 4780
6, 609, 42630668, 42634612, 668, 4612
6, 61, 4270668, 4274612, 668, 4612
6, 610, 42700668, 42708073, 668, 8073
6, 611, 42770668, 42774612, 668, 4612
6, 612, 42840668, 42847685, 668, 7685
6, 613, 42910668, 42914612, 668, 4612
6, 614, 42980668, 42984612, 668, 4612
6, 615, 43050668, 43054743, 668, 4743
6, 616, 43120668, 43130179, 668, 10179
6, 617, 43190668, 43194612, 668, 4612
6, 618, 43260668, 43264612, 668, 4612
6, 619, 43330668, 43334612, 668, 4612
6, 62, 4340668, 4344780, 668, 4780
6, 620, 43400668, 43404799, 668, 4799
6, 621, 43470668, 43474612, 668, 4612
6, 622, 43540668, 43544780, 668, 4780
6, 623, 43610668, 43614612, 668, 4612
6, 624, 43680668, 43687685, 668, 7685
6, 625, 43750668, 43754612, 668, 4612
6, 626, 43820668, 43824612, 668, 4612
6, 627, 43890668, 43894612, 668, 4612
6, 628, 43960668, 43964780, 668, 4780
6, 629, 44030668, 44034612, 668, 4612
6, 63, 4410668, 4414612, 668, 4612
6, 630, 44100668, 44106289, 668, 6289
6, 631, 44170668, 44174612, 668, 4612
6, 632, 44240668, 44244780, 668, 4780
6, 633, 44310668, 44314612, 668, 4612
6, 634, 44380668, 44384780, 668, 4780
6, 635, 44450668, 44454612, 668, 4612
6, 636, 44520668, 44524612, 668, 4612
6, 637, 44590668, 44594612, 668, 4612
6, 638, 44660668, 44664612, 668, 4612
6, 639, 44730668, 44737370, 668, 7370
6, 64, 4480668, 4484780, 668, 4780
6, 640, 44800668, 44810179, 668, 10179
6, 641, 44870668, 44874612, 668, 4612
6, 642, 44940668, 44944612, 668, 4612
6, 643, 45010668, 45014612, 668, 4612
6, 644, 45080668, 45085155, 668, 5155
6, 645, 45150668, 45157692, 668, 7692
6, 646, 45220668, 45224780, 668, 4780
6, 647, 45290668, 45294612, 668, 4612
6, 648, 45360668, 45367685, 668, 7685
6, 649, 45430668, 45434612, 668, 4612
6, 65, 4550668, 4554612, 668, 4612
6, 650, 45500668, 45507748, 668, 7748
6, 651, 45570668, 45574612, 668, 4612
6, 652, 45640668, 45644612, 668, 4612
6, 653, 45710668, 45714612, 668, 4612
6, 654, 45780668, 45784612, 668, 4612
6, 655, 45850668, 45854612, 668, 4612
6, 656, 45920668, 45929854, 668, 9854
6, 657, 45990668, 45994612, 668, 4612
6, 658, 46060668, 46064612, 668, 4612
6, 659, 46130668, 46134612, 668, 4612
6, 66, 4620668, 4627707, 668, 7707
6, 660, 46200668, 46206289, 668, 6289
6, 661, 46270668, 46274612, 668, 4612
6, 662, 46340668, 46344780, 668, 4780
6, 663, 46410668, 46414612, 668, 4612
6, 664, 46480668, 46484780, 668, 4780
6, 665, 46550668, 46554612, 668, 4612
6, 666, 46620668, 46624612, 668, 4612
6, 667, 46690668, 46694612, 668, 4612
6, 668, 46760668, 46764780, 668, 4780
6, 669, 46830668, 46834612, 668, 4612
6, 67, 4690668, 4694612, 668, 4612
6, 670, 46900668, 46904799, 668, 4799
6, 671, 46970668, 46974612, 668, 4612
6, 672, 47040668, 47047685, 668, 7685
6, 673, 47110668, 47114612, 668, 4612
6, 674, 47180668, 47184780, 668, 4780
6, 675, 47250668, 47254743, 668, 4743
6, 676, 47320668, 47324612, 668, 4612
6, 677, 47390668, 47394612, 668, 4612
6, 678, 47460668, 47467685, 668, 7685
6, 679, 47530668, 47534612, 668, 4612
6, 68, 4760668, 4764780, 668, 4780
6, 680, 47600668, 47609854, 668, 9854
6, 681, 47670668, 47674612, 668, 4612
6, 682, 47740668, 47744612, 668, 4612
6, 683, 47810668, 47814612, 668, 4612
6, 684, 47880668, 47887685, 668, 7685
6, 685, 47950668, 47955046, 668, 5046
6, 686, 48020668, 48024612, 668, 4612
6, 687, 48090668, 48094612, 668, 4612
6, 688, 48160668, 48164780, 668, 4780
6, 689, 48230668, 48234612, 668, 4612
6, 69, 4830668, 4834612, 668, 4612
6, 690, 48300668, 48308054, 668, 8054
6, 691, 48370668, 48374612, 668, 4612
6, 692, 48440668, 48444612, 668, 4612
6, 693, 48510668, 48514612, 668, 4612
6, 694, 48580668, 48584612, 668, 4612
6, 695, 48650668, 48654964, 668, 4964
6, 696, 48720668, 48730179, 668, 10179
6, 697, 48790668, 48794612, 668, 4612
6, 698, 48860668, 48864612, 668, 4612
6, 699, 48930668, 48934612, 668, 4612
6, 7, 490668, 494612, 668, 4612
6, 70, 4900668, 4904799, 668, 4799
6, 700, 49000668, 49004799, 668, 4799
6, 701, 49070668, 49074612, 668, 4612
6, 702, 49140668, 49147685, 668, 7685
6, 703, 49210668, 49214612, 668, 4612
6, 704, 49280668, 49284780, 668, 4780
6, 705, 49350668, 49354743, 668, 4743
6, 706, 49420668, 49424612, 668, 4612
6, 707, 49490668, 49494612, 668, 4612
6, 708, 49560668, 49567685, 668, 7685
6, 709, 49630668, 49634612, 668, 4612
6, 71, 4970668, 4974612, 668, 4612
6, 710, 49700668, 49704799, 668, 4799
6, 711, 49770668, 49774612, 668, 4612
6, 712, 49840668, 49848097, 668, 8097
6, 713, 49910668, 49914612, 668, 4612
6, 714, 49980668, 49987685, 668, 7685
6, 715, 50050668, 50054612, 668, 4612
6, 716, 50120668, 50124612, 668, 4612
6, 717, 50190668, 50194612, 668, 4612
6, 718, 50260668, 50264780, 668, 4780
6, 719, 50330668, 50334612, 668, 4612
6, 72, 5040668, 5049811, 668, 9811
6, 720, 50400668, 50408054, 668, 8054
6, 721, 50470668, 50474612, 668, 4612
6, 722, 50540668, 50544612, 668, 4612
6, 723, 50610668, 50614612, 668, 4612
6, 724, 50680668, 50684780, 668, 4780
6, 725, 50750668, 50755046, 668, 5046
6, 726, 50820668, 50824612, 668, 4612
6, 727, 50890668, 50894612, 668, 4612
6, 728, 50960668, 50964780, 668, 4780
6, 729, 51030668, 51034612, 668, 4612
6, 73, 5110668, 5114612, 668, 4612
6, 730, 51100668, 51108073, 668, 8073
6, 731, 51170668, 51174612, 668, 4612
6, 732, 51240668, 51244612, 668, 4612
6, 733, 51310668, 51314612, 668, 4612
6, 734, 51380668, 51384612, 668, 4612
6, 735, 51450668, 51457692, 668, 7692
6, 736, 51520668, 51530179, 668, 10179
6, 737, 51590668, 51594612, 668, 4612
6, 738, 51660668, 51664612, 668, 4612
6, 739, 51730668, 51734612, 668, 4612
6, 74, 5180668, 5184612, 668, 4612
6, 740, 51800668, 51804799, 668, 4799
6, 741, 51870668, 51874612, 668, 4612
6, 742, 51940668, 51944780, 668, 4780
6, 743, 52010668, 52014612, 668, 4612
6, 744, 52080668, 52087685, 668, 7685
6, 745, 52150668, 52154612, 668, 4612
6, 746, 52220668, 52224612, 668, 4612
6, 747, 52290668, 52294612, 668, 4612
6, 748, 52360668, 52364780, 668, 4780
6, 749, 52430668, 52434612, 668, 4612
6, 75, 5250668, 5254743, 668, 4743
6, 750, 52500668, 52506289, 668, 6289
6, 751, 52570668, 52574612, 668, 4612
6, 752, 52640668, 52649459, 668, 9459
6, 753, 52710668, 52714612, 668, 4612
6, 754, 52780668, 52784612, 668, 4612
6, 755, 52850668, 52854612, 668, 4612
6, 756, 52920668, 52924612, 668, 4612
6, 757, 52990668, 52994612, 668, 4612
6, 758, 53060668, 53064780, 668, 4780
6, 759, 53130668, 53134612, 668, 4612
6, 76, 5320668, 5324612, 668, 4612
6, 760, 53200668, 53208073, 668, 8073
6, 761, 53270668, 53274612, 668, 4612
6, 762, 53340668, 53344612, 668, 4612
6, 763, 53410668, 53414612, 668, 4612
6, 764, 53480668, 53484780, 668, 4780
6, 765, 53550668, 53557692, 668, 7692
6, 766, 53620668, 53624612, 668, 4612
6, 767, 53690668, 53694612, 668, 4612
6, 768, 53760668, 53767685, 668, 7685
6, 769, 53830668, 53834612, 668, 4612
6, 77, 5390668, 5394612, 668, 4612
6, 770, 53900668, 53907748, 668, 7748
6, 771, 53970668, 53974612, 668, 4612
6, 772, 54040668, 54044612, 668, 4612
6, 773, 54110668, 54114612, 668, 4612
6, 774, 54180668, 54184612, 668, 4612
6, 775, 54250668, 54255046, 668, 5046
6, 776, 54320668, 54329854, 668, 9854
6, 777, 54390668, 54394612, 668, 4612
6, 778, 54460668, 54464612, 668, 4612
6, 779, 54530668, 54534612, 668, 4612
6, 78, 5460668, 5467685, 668, 7685
6, 780, 54600668, 54607028, 668, 7028
6, 781, 54670668, 54674612, 668, 4612
6, 782, 54740668, 54744780, 668, 4780
6, 783, 54810668, 54814612, 668, 4612
6, 784, 54880668, 54884780, 668, 4780
6, 785, 54950668, 54954612, 668, 4612
6, 786, 55020668, 55028054, 668, 8054
6, 787, 55090668, 55094612, 668, 4612
6, 788, 55160668, 55164612, 668, 4612
6, 789, 55230668, 55234612, 668, 4612
6, 79, 5530668, 5534612, 668, 4612
6, 790, 55300668, 55304799, 668, 4799
6, 791, 55370668, 55374612, 668, 4612
6, 792, 55440668, 55449811, 668, 9811
6, 793, 55510668, 55514612, 668, 4612
6, 794, 55580668, 55584612, 668, 4612
6, 795, 55650668, 55654743, 668, 4743
6, 796, 55720668, 55724612, 668, 4612
6, 797, 55790668, 55794612, 668, 4612
6, 798, 55860668, 55867685, 668, 7685
6, 799, 55930668, 55934612, 668, 4612
6, 8, 560668, 564780, 668, 4780
6, 80, 5600668, 5607748, 668, 7748
6, 800, 56000668, 56007748, 668, 7748
6, 801, 56070668, 56074612, 668, 4612
6, 802, 56140668, 56144612, 668, 4612
6, 803, 56210668, 56214612, 668, 4612
6, 804, 56280668, 56287685, 668, 7685
6, 805, 56350668, 56354612, 668, 4612
6, 806, 56420668, 56424612, 668, 4612
6, 807, 56490668, 56494612, 668, 4612
6, 808, 56560668, 56564780, 668, 4780
6, 809, 56630668, 56634612, 668, 4612
6, 81, 5670668, 5674612, 668, 4612
6, 810, 56700668, 56708054, 668, 8054
6, 811, 56770668, 56774612, 668, 4612
6, 812, 56840668, 56844612, 668, 4612
6, 813, 56910668, 56914612, 668, 4612
6, 814, 56980668, 56984780, 668, 4780
6, 815, 57050668, 57058098, 668, 8098
6, 816, 57120668, 57130179, 668, 10179
6, 817, 57190668, 57194612, 668, 4612
6, 818, 57260668, 57264612, 668, 4612
6, 819, 57330668, 57334612, 668, 4612
6, 82, 5740668, 5744612, 668, 4612
6, 820, 57400668, 57408073, 668, 8073
6, 821, 57470668, 57474612, 668, 4612
6, 822, 57540668, 57544612, 668, 4612
6, 823, 57610668, 57614612, 668, 4612
6, 824, 57680668, 57684780, 668, 4780
6, 825, 57750668, 57754743, 668, 4743
6, 826, 57820668, 57824780, 668, 4780
6, 827, 57890668, 57894612, 668, 4612
6, 828, 57960668, 57964612, 668, 4612
6, 829, 58030668, 58034612, 668, 4612
6, 83, 5810668, 5814612, 668, 4612
6, 830, 58100668, 58104799, 668, 4799
6, 831, 58170668, 58174612, 668, 4612
6, 832, 58240668, 58249811, 668, 9811
6, 833, 58310668, 58314612, 668, 4612
6, 834, 58380668, 58384612, 668, 4612
6, 835, 58450668, 58454612, 668, 4612
6, 836, 58520668, 58524612, 668, 4612
6, 837, 58590668, 58594612, 668, 4612
6, 838, 58660668, 58664780, 668, 4780
6, 839, 58730668, 58734612, 668, 4612
6, 84, 5880668, 5887685, 668, 7685
6, 840, 58800668, 58808054, 668, 8054
6, 841, 58870668, 58874612, 668, 4612
6, 842, 58940668, 58944612, 668, 4612
6, 843, 59010668, 59014612, 668, 4612
6, 844, 59080668, 59084780, 668, 4780
6, 845, 59150668, 59154612, 668, 4612
6, 846, 59220668, 59224612, 668, 4612
6, 847, 59290668, 59294612, 668, 4612
6, 848, 59360668, 59367425, 668, 7425
6, 849, 59430668, 59434612, 668, 4612
6, 85, 5950668, 5955046, 668, 5046
6, 850, 59500668, 59508073, 668, 8073
6, 851, 59570668, 59574612, 668, 4612
6, 852, 59640668, 59644612, 668, 4612
6, 853, 59710668, 59714612, 668, 4612
6, 854, 59780668, 59784780, 668, 4780
6, 855, 59850668, 59857692, 668, 7692
6, 856, 59920668, 59924780, 668, 4780
6, 857, 59990668, 59994612, 668, 4612
6, 858, 60060668, 60064612, 668, 4612
6, 859, 60130668, 60134612, 668, 4612
6, 86, 6020668, 6024612, 668, 4612
6, 860, 60200668, 60207748, 668, 7748
6, 861, 60270668, 60274612, 668, 4612
6, 862, 60340668, 60344612, 668, 4612
6, 863, 60410668, 60414612, 668, 4612
6, 864, 60480668, 60487685, 668, 7685
6, 865, 60550668, 60555046, 668, 5046
6, 866, 60620668, 60624780, 668, 4780
6, 867, 60690668, 60694612, 668, 4612
6, 868, 60760668, 60764612, 668, 4612
6, 869, 60830668, 60834612, 668, 4612
6, 87, 6090668, 6094612, 668, 4612
6, 870, 60900668, 60906289, 668, 6289
6, 871, 60970668, 60974612, 668, 4612
6, 872, 61040668, 61049459, 668, 9459
6, 873, 61110668, 61114612, 668, 4612
6, 874, 61180668, 61184612, 668, 4612
6, 875, 61250668, 61254612, 668, 4612
6, 876, 61320668, 61324612, 668, 4612
6, 877, 61390668, 61394612, 668, 4612
6, 878, 61460668, 61464780, 668, 4780
6, 879, 61530668, 61534612, 668, 4612
6, 88, 6160668, 6164780, 668, 4780
6, 880, 61600668, 61608073, 668, 8073
6, 881, 61670668, 61674612, 668, 4612
6, 882, 61740668, 61746661, 668, 6661
6, 883, 61810668, 61814612, 668, 4612
6, 884, 61880668, 61884780, 668, 4780
6, 885, 61950668, 61954743, 668, 4743
6, 886, 62020668, 62024612, 668, 4612
6, 887, 62090668, 62094612, 668, 4612
6, 888, 62160668, 62169811, 668, 9811
6, 889, 62230668, 62234612, 668, 4612
6, 89, 6230668, 6234612, 668, 4612
6, 890, 62300668, 62304799, 668, 4799
6, 891, 62370668, 62374612, 668, 4612
6, 892, 62440668, 62444612, 668, 4612
6, 893, 62510668, 62514612, 668, 4612
6, 894, 62580668, 62587685, 668, 7685
6, 895, 62650668, 62655046, 668, 5046
6, 896, 62720668, 62724780, 668, 4780
6, 897, 62790668, 62794612, 668, 4612
6, 898, 62860668, 62864612, 668, 4612
6, 899, 62930668, 62934612, 668, 4612
6, 9, 630668, 634612, 668, 4612
6, 90, 6300668, 6308054, 668, 8054
6, 900, 63000668, 63008054, 668, 8054
6, 901, 63070668, 63074612, 668, 4612
6, 902, 63140668, 63144612, 668, 4612
6, 903, 63210668, 63214612, 668, 4612
6, 904, 63280668, 63284780, 668, 4780
6, 905, 63350668, 63355046, 668, 5046
6, 906, 63420668, 63428054, 668, 8054
6, 907, 63490668, 63494612, 668, 4612
6, 908, 63560668, 63564612, 668, 4612
6, 909, 63630668, 63634612, 668, 4612
6, 91, 6370668, 6374612, 668, 4612
6, 910, 63700668, 63705589, 668, 5589
6, 911, 63770668, 63774612, 668, 4612
6, 912, 63840668, 63849811, 668, 9811
6, 913, 63910668, 63914612, 668, 4612
6, 914, 63980668, 63984612, 668, 4612
6, 915, 64050668, 64054743, 668, 4743
6, 916, 64120668, 64124612, 668, 4612
6, 917, 64190668, 64194612, 668, 4612
6, 918, 64260668, 64267685, 668, 7685
6, 919, 64330668, 64334612, 668, 4612
6, 92, 6440668, 6444612, 668, 4612
6, 920, 64400668, 64407748, 668, 7748
6, 921, 64470668, 64474612, 668, 4612
6, 922, 64540668, 64544780, 668, 4780
6, 923, 64610668, 64614612, 668, 4612
6, 924, 64680668, 64684612, 668, 4612
6, 925, 64750668, 64754612, 668, 4612
6, 926, 64820668, 64824612, 668, 4612
6, 927, 64890668, 64894612, 668, 4612
6, 928, 64960668, 64969811, 668, 9811
6, 929, 65030668, 65034612, 668, 4612
6, 93, 6510668, 6514612, 668, 4612
6, 930, 65100668, 65106289, 668, 6289
6, 931, 65170668, 65174612, 668, 4612
6, 932, 65240668, 65244612, 668, 4612
6, 933, 65310668, 65314612, 668, 4612
6, 934, 65380668, 65384780, 668, 4780
6, 935, 65450668, 65455046, 668, 5046
6, 936, 65520668, 65528054, 668, 8054
6, 937, 65590668, 65594612, 668, 4612
6, 938, 65660668, 65664612, 668, 4612
6, 939, 65730668, 65734612, 668, 4612
6, 94, 6580668, 6584780, 668, 4780
6, 940, 65800668, 65808073, 668, 8073
6, 941, 65870668, 65874612, 668, 4612
6, 942, 65940668, 65944612, 668, 4612
6, 943, 66010668, 66014612, 668, 4612
6, 944, 66080668, 66084780, 668, 4780
6, 945, 66150668, 66157692, 668, 7692
6, 946, 66220668, 66224780, 668, 4780
6, 947, 66290668, 66294612, 668, 4612
6, 948, 66360668, 66364612, 668, 4612
6, 949, 66430668, 66434612, 668, 4612
6, 95, 6650668, 6657359, 668, 7359
6, 950, 66500668, 66507683, 668, 7683
6, 951, 66570668, 66574612, 668, 4612
6, 952, 66640668, 66649811, 668, 9811
6, 953, 66710668, 66714612, 668, 4612
6, 954, 66780668, 66784612, 668, 4612
6, 955, 66850668, 66854612, 668, 4612
6, 956, 66920668, 66924780, 668, 4780
6, 957, 66990668, 66994612, 668, 4612
6, 958, 67060668, 67064612, 668, 4612
6, 959, 67130668, 67134612, 668, 4612
6, 96, 6720668, 6730179, 668, 10179
6, 960, 67200668, 67208054, 668, 8054
6, 961, 67270668, 67274612, 668, 4612
6, 962, 67340668, 67344780, 668, 4780
6, 963, 67410668, 67414612, 668, 4612
6, 964, 67480668, 67484612, 668, 4612
6, 965, 67550668, 67554612, 668, 4612
6, 966, 67620668, 67624612, 668, 4612
6, 967, 67690668, 67694612, 668, 4612
6, 968, 67760668, 67769459, 668, 9459
6, 969, 67830668, 67834612, 668, 4612
6, 97, 6790668, 6794612, 668, 4612
6, 970, 67900668, 67904799, 668, 4799
6, 971, 67970668, 67974612, 668, 4612
6, 972, 68040668, 68044612, 668, 4612
6, 973, 68110668, 68114612, 668, 4612
6, 974, 68180668, 68184780, 668, 4780
6, 975, 68250668, 68254743, 668, 4743
6, 976, 68320668, 68324780, 668, 4780
6, 977, 68390668, 68394612, 668, 4612
6, 978, 68460668, 68464612, 668, 4612
6, 979, 68530668, 68534612, 668, 4612
6, 98, 6860668, 6864612, 668, 4612
6, 980, 68600668, 68607748, 668, 7748
6, 981, 68670668, 68674612, 668, 4612
6, 982, 68740668, 68744612, 668, 4612
6, 983, 68810668, 68814612, 668, 4612
6, 984, 68880668, 68887707, 668, 7707
6, 985, 68950668, 68955046, 668, 5046
6, 986, 69020668, 69024780, 668, 4780
6, 987, 69090668, 69094612, 668, 4612
6, 988, 69160668, 69164612, 668, 4612
6, 989, 69230668, 69234612, 668, 4612
6, 99, 6930668, 6934612, 668, 4612
6, 990, 69300668, 69308054, 668, 8054
6, 991, 69370668, 69374612, 668, 4612
6, 992, 69440668, 69444780, 668, 4780
6, 993, 69510668, 69514612, 668, 4612
6, 994, 69580668, 69584612, 668, 4612
6, 995, 69650668, 69654612, 668, 4612
6, 996, 69720668, 69728054, 668, 8054
6, 997, 69790668, 69794612, 668, 4612
6, 998, 69860668, 69864612, 668, 4612
6, 999, 69930668, 69934612, 668, 4612
7, 0, 1847, 11481, 1847, 11481
7, 1, 71847, 76948, 1847, 6948
7, 10, 701847, 709384, 1847, 9384
7, 100, 7001847, 7009384, 1847, 9384
7, 1000, 70001847, 70009384, 1847, 9384
7, 1001, 70071847, 70077029, 1847, 7029
7, 1002, 70141847, 70148997, 1847, 8997
7, 1003, 70211847, 70217134, 1847, 7134
7, 1004, 70281847, 70286948, 1847, 6948
7, 1005, 70351847, 70357169, 1847, 7169
7, 1006, 70421847, 70426948, 1847, 6948
7, 1007, 70491847, 70497134, 1847, 7134
7, 1008, 70561847, 70570930, 1847, 10930
7, 1009, 70631847, 70636948, 1847, 6948
7, 101, 7071847, 7077134, 1847, 7134
7, 1010, 70701847, 70707227, 1847, 7227
7, 1011, 70771847, 70776948, 1847, 6948
7, 1012, 70841847, 70846948, 1847, 6948
7, 1013, 70911847, 70917134, 1847, 7134
7, 1014, 70981847, 70988997, 1847, 8997
7, 1015, 71051847, 71056948, 1847, 6948
7, 1016, 71121847, 71127218, 1847, 7218
7, 1017, 71191847, 71196948, 1847, 6948
7, 1018, 71261847, 71267218, 1847, 7218
7, 1019, 71331847, 71337134, 1847, 7134
7, 102, 7141847, 7148997, 1847, 8997
7, 1020, 71401847, 71409365, 1847, 9365
7, 1021, 71471847, 71476948, 1847, 6948
7, 1022, 71541847, 71546948, 1847, 6948
7, 1023, 71611847, 71616948, 1847, 6948
7, 1024, 71681847, 71690930, 1847, 10930
7, 1025, 71751847, 71757351, 1847, 7351
7, 1026, 71821847, 71827117, 1847, 7117
7, 1027, 71891847, 71896948, 1847, 6948
7, 1028, 71961847, 71966948, 1847, 6948
7, 1029, 72031847, 72036948, 1847, 6948
7, 103, 7211847, 7216948, 1847, 6948
7, 1030, 72101847, 72109384, 1847, 9384
7, 1031, 72171847, 72177134, 1847, 7134
7, 1032, 72241847, 72248997, 1847, 8997
7, 1033, 72311847, 72316948, 1847, 6948
7, 1034, 72381847, 72386948, 1847, 6948
7, 1035, 72451847, 72457399, 1847, 7399
7, 1036, 72521847, 72527218, 1847, 7218
7, 1037, 72591847, 72597134, 1847, 7134
7, 1038, 72661847, 72667117, 1847, 7117
7, 1039, 72731847, 72736948, 1847, 6948
7, 104, 7281847, 7287218, 1847, 7218
7, 1040, 72801847, 72809059, 1847, 9059
7, 1041, 72871847, 72877134, 1847, 7134
7, 1042, 72941847, 72947218, 1847, 7218
7, 1043, 73011847, 73016948, 1847, 6948
7, 1044, 73081847, 73087117, 1847, 7117
7, 1045, 73151847, 73156948, 1847, 6948
7, 1046, 73221847, 73226948, 1847, 6948
7, 1047, 73291847, 73299075, 1847, 9075
7, 1048, 73361847, 73370930, 1847, 10930
7, 1049, 73431847, 73436948, 1847, 6948
7, 105, 7351847, 7357169, 1847, 7169
7, 1050, 73501847, 73507712, 1847, 7712
7, 1051, 73571847, 73576948, 1847, 6948
7, 1052, 73641847, 73647311, 1847, 7311
7, 1053, 73711847, 73717134, 1847, 7134
7, 1054, 73781847, 73787218, 1847, 7218
7, 1055, 73851847, 73856948, 1847, 6948
7, 1056, 73921847, 73929365, 1847, 9365
7, 1057, 73991847, 73996948, 1847, 6948
7, 1058, 74061847, 74067218, 1847, 7218
7, 1059, 74131847, 74137134, 1847, 7134
7, 106, 7421847, 7427218, 1847, 7218
7, 1060, 74201847, 74207227, 1847, 7227
7, 1061, 74271847, 74276948, 1847, 6948
7, 1062, 74341847, 74347117, 1847, 7117
7, 1063, 74411847, 74416948, 1847, 6948
7, 1064, 74481847, 74490442, 1847, 10442
7, 1065, 74551847, 74559003, 1847, 9003
7, 1066, 74621847, 74626948, 1847, 6948
7, 1067, 74691847, 74696948, 1847, 6948
7, 1068, 74761847, 74767117, 1847, 7117
7, 1069, 74831847, 74836948, 1847, 6948
7, 107, 7491847, 7497134, 1847, 7134
7, 1070, 74901847, 74909059, 1847, 9059
7, 1071, 74971847, 74977134, 1847, 7134
7, 1072, 75041847, 75047218, 1847, 7218
7, 1073, 75111847, 75116948, 1847, 6948
7, 1074, 75181847, 75187117, 1847, 7117
7, 1075, 75251847, 75257351, 1847, 7351
7, 1076, 75321847, 75327218, 1847, 7218
7, 1077, 75391847, 75396948, 1847, 6948
7, 1078, 75461847, 75466948, 1847, 6948
7, 1079, 75531847, 75536948, 1847, 6948
7, 108, 7561847, 7567117, 1847, 7117
7, 1080, 75601847, 75609365, 1847, 9365
7, 1081, 75671847, 75677134, 1847, 7134
7, 1082, 75741847, 75747218, 1847, 7218
7, 1083, 75811847, 75816948, 1847, 6948
7, 1084, 75881847, 75886948, 1847, 6948
7, 1085, 75951847, 75956948, 1847, 6948
7, 1086, 76021847, 76029365, 1847, 9365
7, 1087, 76091847, 76098023, 1847, 8023
7, 1088, 76161847, 76170442, 1847, 10442
7, 1089, 76231847, 76236948, 1847, 6948
7, 109, 7631847, 7636948, 1847, 6948
7, 1090, 76301847, 76307227, 1847, 7227
7, 1091, 76371847, 76376948, 1847, 6948
7, 1092, 76441847, 76448997, 1847, 8997
7, 1093, 76511847, 76517134, 1847, 7134
7, 1094, 76581847, 76586948, 1847, 6948
7, 1095, 76651847, 76657169, 1847, 7169
7, 1096, 76721847, 76727218, 1847, 7218
7, 1097, 76791847, 76796948, 1847, 6948
7, 1098, 76861847, 76868997, 1847, 8997
7, 1099, 76931847, 76937134, 1847, 7134
7, 11, 771847, 777134, 1847, 7134
7, 110, 7701847, 7707227, 1847, 7227
7, 1100, 77001847, 77007227, 1847, 7227
7, 1101, 77071847, 77076948, 1847, 6948
7, 1102, 77141847, 77146948, 1847, 6948
7, 1103, 77211847, 77216948, 1847, 6948
7, 1104, 77281847, 77290930, 1847, 10930
7, 1105, 77351847, 77357351, 1847, 7351
7, 1106, 77421847, 77426948, 1847, 6948
7, 1107, 77491847, 77496948, 1847, 6948
7, 1108, 77561847, 77566948, 1847, 6948
7, 1109, 77631847, 77637134, 1847, 7134
7, 111, 7771847, 7776948, 1847, 6948
7, 1110, 77701847, 77709365, 1847, 9365
7, 1111, 77771847, 77776948, 1847, 6948
7, 1112, 77841847, 77847218, 1847, 7218
7, 1113, 77911847, 77916948, 1847, 6948
7, 1114, 77981847, 77987134, 1847, 7134
7, 1115, 78051847, 78057351, 1847, 7351
7, 1116, 78121847, 78129365, 1847, 9365
7, 1117, 78191847, 78196948, 1847, 6948
7, 1118, 78261847, 78266948, 1847, 6948
7, 1119, 78331847, 78336948, 1847, 6948
7, 112, 7841847, 7850930, 1847, 10930
7, 1120, 78401847, 78411449, 1847, 11449
7, 1121, 78471847, 78477134, 1847, 7134
7, 1122, 78541847, 78548997, 1847, 8997
7, 1123, 78611847, 78616948, 1847, 6948
7, 1124, 78681847, 78686948, 1847, 6948
7, 1125, 78751847, 78757169, 1847, 7169
7, 1126, 78821847, 78827218, 1847, 7218
7, 1127, 78891847, 78897134, 1847, 7134
7, 1128, 78961847, 78968997, 1847, 8997
7, 1129, 79031847, 79036948, 1847, 6948
7, 113, 7911847, 7917134, 1847, 7134
7, 1130, 79101847, 79107227, 1847, 7227
7, 1131, 79171847, 79176948, 1847, 6948
7, 1132, 79241847, 79247218, 1847, 7218
7, 1133, 79311847, 79317134, 1847, 7134
7, 1134, 79381847, 79387117, 1847, 7117
7, 1135, 79451847, 79456948, 1847, 6948
7, 1136, 79521847, 79527218, 1847, 7218
7, 1137, 79591847, 79597075, 1847, 7075
7, 1138, 79661847, 79667218, 1847, 7218
7, 1139, 79731847, 79737134, 1847, 7134
7, 114, 7981847, 7987117, 1847, 7117
7, 1140, 79801847, 79807712, 1847, 7712
7, 1141, 79871847, 79876948, 1847, 6948
7, 1142, 79941847, 79946948, 1847, 6948
7, 1143, 80011847, 80017134, 1847, 7134
7, 1144, 80081847, 80090930, 1847, 10930
7, 1145, 80151847, 80156948, 1847, 6948
7, 1146, 80221847, 80227117, 1847, 7117
7, 1147, 80291847, 80296948, 1847, 6948
7, 1148, 80361847, 80366948, 1847, 6948
7, 1149, 80431847, 80437134, 1847, 7134
7, 115, 8051847, 8056948, 1847, 6948
7, 1150, 80501847, 80509384, 1847, 9384
7, 1151, 80571847, 80576948, 1847, 6948
7, 1152, 80641847, 80648997, 1847, 8997
7, 1153, 80711847, 80716948, 1847, 6948
7, 1154, 80781847, 80787311, 1847, 7311
7, 1155, 80851847, 80859003, 1847, 9003
7, 1156, 80921847, 80927218, 1847, 7218
7, 1157, 80991847, 80996948, 1847, 6948
7, 1158, 81061847, 81067117, 1847, 7117
7, 1159, 81131847, 81136948, 1847, 6948
7, 116, 8121847, 8126948, 1847, 6948
7, 1160, 81201847, 81210994, 1847, 10994
7, 1161, 81271847, 81277134, 1847, 7134
7, 1162, 81341847, 81346948, 1847, 6948
7, 1163, 81411847, 81416948, 1847, 6948
7, 1164, 81481847, 81487117, 1847, 7117
7, 1165, 81551847, 81557351, 1847, 7351
7, 1166, 81621847, 81627218, 1847, 7218
7, 1167, 81691847, 81697134, 1847, 7134
7, 1168, 81761847, 81767218, 1847, 7218
7, 1169, 81831847, 81836948, 1847, 6948
7, 117, 8191847, 8197075, 1847, 7075
7, 1170, 81901847, 81907712, 1847, 7712
7, 1171, 81971847, 81977134, 1847, 7134
7, 1172, 82041847, 82047218, 1847, 7218
7, 1173, 82111847, 82117134, 1847, 7134
7, 1174, 82181847, 82186948, 1847, 6948
7, 1175, 82251847, 82256948, 1847, 6948
7, 1176, 82321847, 82329365, 1847, 9365
7, 1177, 82391847, 82397134, 1847, 7134
7, 1178, 82461847, 82467218, 1847, 7218
7, 1179, 82531847, 82536948, 1847, 6948
7, 118, 8261847, 8267218, 1847, 7218
7, 1180, 82601847, 82607227, 1847, 7227
7, 1181, 82671847, 82676948, 1847, 6948
7, 1182, 82741847, 82747117, 1847, 7117
7, 1183, 82811847, 82817134, 1847, 7134
7, 1184, 82881847, 82890442, 1847, 10442
7, 1185, 82951847, 82957169, 1847, 7169
7, 1186, 83021847, 83026948, 1847, 6948
7, 1187, 83091847, 83096948, 1847, 6948
7, 1188, 83161847, 83167572, 1847, 7572
7, 1189, 83231847, 83237134, 1847, 7134
7, 119, 8331847, 8337134, 1847, 7134
7, 1190, 83301847, 83309059, 1847, 9059
7, 1191, 83371847, 83376948, 1847, 6948
7, 1192, 83441847, 83447218, 1847, 7218
7, 1193, 83511847, 83516948, 1847, 6948
7, 1194, 83581847, 83588997, 1847, 8997
7, 1195, 83651847, 83657351, 1847, 7351
7, 1196, 83721847, 83726948, 1847, 6948
7, 1197, 83791847, 83796948, 1847, 6948
7, 1198, 83861847, 83866948, 1847, 6948
7, 1199, 83931847, 83936948, 1847, 6948
7, 12, 841847, 847117, 1847, 7117
7, 120, 8401847, 8409365, 1847, 9365
7, 1200, 84001847, 84011481, 1847, 11481
7, 1201, 84071847, 84077134, 1847, 7134
7, 1202, 84141847, 84146948, 1847, 6948
7, 1203, 84211847, 84216948, 1847, 6948
7, 1204, 84281847, 84286948, 1847, 6948
7, 1205, 84351847, 84357093, 1847, 7093
7, 1206, 84421847, 84429365, 1847, 9365
7, 1207, 84491847, 84497134, 1847, 7134
7, 1208, 84561847, 84567218, 1847, 7218
7, 1209, 84631847, 84636948, 1847, 6948
7, 121, 8471847, 8476948, 1847, 6948
7, 1210, 84701847, 84707227, 1847, 7227
7, 1211, 84771847, 84777134, 1847, 7134
7, 1212, 84841847, 84848997, 1847, 8997
7, 1213, 84911847, 84916948, 1847, 6948
7, 1214, 84981847, 84986948, 1847, 6948
7, 1215, 85051847, 85057169, 1847, 7169
7, 1216, 85121847, 85127218, 1847, 7218
7, 1217, 85191847, 85197134, 1847, 7134
7, 1218, 85261847, 85268997, 1847, 8997
7, 1219, 85331847, 85336948, 1847, 6948
7, 122, 8541847, 8546948, 1847, 6948
7, 1220, 85401847, 85407227, 1847, 7227
7, 1221, 85471847, 85476948, 1847, 6948
7, 1222, 85541847, 85547218, 1847, 7218
7, 1223, 85611847, 85617747, 1847, 7747
7, 1224, 85681847, 85690930, 1847, 10930
7, 1225, 85751847, 85756948, 1847, 6948
7, 1226, 85821847, 85826948, 1847, 6948
7, 1227, 85891847, 85896948, 1847, 6948
7, 1228, 85961847, 85967218, 1847, 7218
7, 1229, 86031847, 86037134, 1847, 7134
7, 123, 8611847, 8617134, 1847, 7134
7, 1230, 86101847, 86107712, 1847, 7712
7, 1231, 86171847, 86176948, 1847, 6948
7, 1232, 86241847, 86247218, 1847, 7218
7, 1233, 86311847, 86316948, 1847, 6948
7, 1234, 86381847, 86387218, 1847, 7218
7, 1235, 86451847, 86457351, 1847, 7351
7, 1236, 86521847, 86527117, 1847, 7117
7, 1237, 86591847, 86596948, 1847, 6948
7, 1238, 86661847, 86666948, 1847, 6948
7, 1239, 86731847, 86737075, 1847, 7075
7, 124, 8681847, 8687218, 1847, 7218
7, 1240, 86801847, 86811481, 1847, 11481
7, 1241, 86871847, 86877134, 1847, 7134
7, 1242, 86941847, 86947117, 1847, 7117
7, 1243, 87011847, 87016948, 1847, 6948
7, 1244, 87081847, 87086948, 1847, 6948
7, 1245, 87151847, 87159003, 1847, 9003
7, 1246, 87221847, 87227218, 1847, 7218
7, 1247, 87291847, 87296948, 1847, 6948
7, 1248, 87361847, 87368997, 1847, 8997
7, 1249, 87431847, 87436948, 1847, 6948
7, 125, 8751847, 8756948, 1847, 6948
7, 1250, 87501847, 87507227, 1847, 7227
7, 1251, 87571847, 87577134, 1847, 7134
7, 1252, 87641847, 87647218, 1847, 7218
7, 1253, 87711847, 87716948, 1847, 6948
7, 1254, 87781847, 87787117, 1847, 7117
7, 1255, 87851847, 87856948, 1847, 6948
7, 1256, 87921847, 87929255, 1847, 9255
7, 1257, 87991847, 87997134, 1847, 7134
7, 1258, 88061847, 88067218, 1847, 7218
7, 1259, 88131847, 88136948, 1847, 6948
7, 126, 8821847, 8827117, 1847, 7117
7, 1260, 88201847, 88207712, 1847, 7712
7, 1261, 88271847, 88276948, 1847, 6948
7, 1262, 88341847, 88347218, 1847, 7218
7, 1263, 88411847, 88417134, 1847, 7134
7, 1264, 88481847, 88487218, 1847, 7218
7, 1265, 88551847, 88556948, 1847, 6948
7, 1266, 88621847, 88627117, 1847, 7117
7, 1267, 88691847, 88696948, 1847, 6948
7, 1268, 88761847, 88767218, 1847, 7218
7, 1269, 88831847, 88837134, 1847, 7134
7, 127, 8891847, 8896948, 1847, 6948
7, 1270, 88901847, 88907227, 1847, 7227
7, 1271, 88971847, 88976948, 1847, 6948
7, 1272, 89041847, 89048997, 1847, 8997
7, 1273, 89111847, 89116948, 1847, 6948
7, 1274, 89181847, 89187218, 1847, 7218
7, 1275, 89251847, 89259003, 1847, 9003
7, 1276, 89321847, 89326948, 1847, 6948
7, 1277, 89391847, 89396948, 1847, 6948
7, 1278, 89461847, 89467117, 1847, 7117
7, 1279, 89531847, 89537134, 1847, 7134
7, 128, 8961847, 8967218, 1847, 7218
7, 1280, 89601847, 89610994, 1847, 10994
7, 1281, 89671847, 89676948, 1847, 6948
7, 1282, 89741847, 89746948, 1847, 6948
7, 1283, 89811847, 89816948, 1847, 6948
7, 1284, 89881847, 89887117, 1847, 7117
7, 1285, 89951847, 89957351, 1847, 7351
7, 1286, 90021847, 90027218, 1847, 7218
7, 1287, 90091847, 90096948, 1847, 6948
7, 1288, 90161847, 90167218, 1847, 7218
7, 1289, 90231847, 90236948, 1847, 6948
7, 129, 9031847, 9037134, 1847, 7134
7, 1290, 90301847, 90308668, 1847, 8668
7, 1291, 90371847, 90377134, 1847, 7134
7, 1292, 90441847, 90447218, 1847, 7218
7, 1293, 90511847, 90516948, 1847, 6948
7, 1294, 90581847, 90586948, 1847, 6948
7, 1295, 90651847, 90656948, 1847, 6948
7, 1296, 90721847, 90731444, 1847, 11444
7, 1297, 90791847, 90797134, 1847, 7134
7, 1298, 90861847, 90866948, 1847, 6948
7, 1299, 90931847, 90936948, 1847, 6948
7, 13, 911847, 916948, 1847, 6948
7, 130, 9101847, 9109384, 1847, 9384
7, 1300, 91001847, 91007227, 1847, 7227
7, 1301, 91071847, 91076948, 1847, 6948
7, 1302, 91141847, 91148997, 1847, 8997
7, 1303, 91211847, 91217134, 1847, 7134
7, 1304, 91281847, 91287218, 1847, 7218
7, 1305, 91351847, 91357169, 1847, 7169
7, 1306, 91421847, 91426948, 1847, 6948
7, 1307, 91491847, 91496948, 1847, 6948
7, 1308, 91561847, 91568997, 1847, 8997
7, 1309, 91631847, 91637134, 1847, 7134
7, 131, 9171847, 9176948, 1847, 6948
7, 1310, 91701847, 91707227, 1847, 7227
7, 1311, 91771847, 91776948, 1847, 6948
7, 1312, 91841847, 91847218, 1847, 7218
7, 1313, 91911847, 91917134, 1847, 7134
7, 1314, 91981847, 91988997, 1847, 8997
7, 1315, 92051847, 92056948, 1847, 6948
7, 1316, 92121847, 92126948, 1847, 6948
7, 1317, 92191847, 92196948, 1847, 6948
7, 1318, 92261847, 92266948, 1847, 6948
7, 1319, 92331847, 92338635, 1847, 8635
7, 132, 9241847, 9247117, 1847, 7117
7, 1320, 92401847, 92411481, 1847, 11481
7, 1321, 92471847, 92476948, 1847, 6948
7, 1322, 92541847, 92546948, 1847, 6948
7, 1323, 92611847, 92616948, 1847, 6948
7, 1324, 92681847, 92687004, 1847, 7004
7, 1325, 92751847, 92757351, 1847, 7351
7, 1326, 92821847, 92829365, 1847, 9365
7, 1327, 92891847, 92896948, 1847, 6948
7, 1328, 92961847, 92967218, 1847, 7218
7, 1329, 93031847, 93036948, 1847, 6948
7, 133, 9311847, 9316948, 1847, 6948
7, 1330, 93101847, 93109384, 1847, 9384
7, 1331, 93171847, 93177134, 1847, 7134
7, 1332, 93241847, 93247117, 1847, 7117
7, 1333, 93311847, 93316948, 1847, 6948
7, 1334, 93381847, 93386948, 1847, 6948
7, 1335, 93451847, 93457169, 1847, 7169
7, 1336, 93521847, 93531481, 1847, 11481
7, 1337, 93591847, 93597134, 1847, 7134
7, 1338, 93661847, 93667117, 1847, 7117
7, 1339, 93731847, 93736948, 1847, 6948
7, 134, 9381847, 9387218, 1847, 7218
7, 1340, 93801847, 93807227, 1847, 7227
7, 1341, 93871847, 93876948, 1847, 6948
7, 1342, 93941847, 93947218, 1847, 7218
7, 1343, 94011847, 94017134, 1847, 7134
7, 1344, 94081847, 94088997, 1847, 8997
7, 1345, 94151847, 94156948, 1847, 6948
7, 1346, 94221847, 94226948, 1847, 6948
7, 1347, 94291847, 94297134, 1847, 7134
7, 1348, 94361847, 94367218, 1847, 7218
7, 1349, 94431847, 94436948, 1847, 6948
7, 135, 9451847, 9459003, 1847, 9003
7, 1350, 94501847, 94507712, 1847, 7712
7, 1351, 94571847, 94576948, 1847, 6948
7, 1352, 94641847, 94647218, 1847, 7218
7, 1353, 94711847, 94717134, 1847, 7134
7, 1354, 94781847, 94787218, 1847, 7218
7, 1355, 94851847, 94856948, 1847, 6948
7, 1356, 94921847, 94927117, 1847, 7117
7, 1357, 94991847, 94996948, 1847, 6948
7, 1358, 95061847, 95067218, 1847, 7218
7, 1359, 95131847, 95137134, 1847, 7134
7, 136, 9521847, 9531481, 1847, 11481
7, 1360, 95201847, 95211481, 1847, 11481
7, 1361, 95271847, 95276948, 1847, 6948
7, 1362, 95341847, 95347117, 1847, 7117
7, 1363, 95411847, 95416948, 1847, 6948
7, 1364, 95481847, 95487218, 1847, 7218
7, 1365, 95551847, 95559003, 1847, 9003
7, 1366, 95621847, 95626948, 1847, 6948
7, 1367, 95691847, 95696948, 1847, 6948
7, 1368, 95761847, 95768997, 1847, 8997
7, 1369, 95831847, 95836948, 1847, 6948
7, 137, 9591847, 9596948, 1847, 6948
7, 1370, 95901847, 95909059, 1847, 9059
7, 1371, 95971847, 95977134, 1847, 7134
7, 1372, 96041847, 96046948, 1847, 6948
7, 1373, 96111847, 96116948, 1847, 6948
7, 1374, 96181847, 96187117, 1847, 7117
7, 1375, 96251847, 96257351, 1847, 7351
7, 1376, 96321847, 96330994, 1847, 10994
7, 1377, 96391847, 96397134, 1847, 7134
7, 1378, 96461847, 96466948, 1847, 6948
7, 1379, 96531847, 96536948, 1847, 6948
7, 138, 9661847, 9667117, 1847, 7117
7, 1380, 96601847, 96607712, 1847, 7712
7, 1381, 96671847, 96677134, 1847, 7134
7, 1382, 96741847, 96747218, 1847, 7218
7, 1383, 96811847, 96816948, 1847, 6948
7, 1384, 96881847, 96887218, 1847, 7218
7, 1385, 96951847, 96956948, 1847, 6948
7, 1386, 97021847, 97027117, 1847, 7117
7, 1387, 97091847, 97097134, 1847, 7134
7, 1388, 97161847, 97167218, 1847, 7218
7, 1389, 97231847, 97236948, 1847, 6948
7, 139, 9731847, 9736948, 1847, 6948
7, 1390, 97301847, 97307227, 1847, 7227
7, 1391, 97371847, 97376948, 1847, 6948
7, 1392, 97441847, 97449201, 1847, 9201
7, 1393, 97511847, 97517134, 1847, 7134
7, 1394, 97581847, 97587218, 1847, 7218
7, 1395, 97651847, 97657169, 1847, 7169
7, 1396, 97721847, 97726948, 1847, 6948
7, 1397, 97791847, 97796948, 1847, 6948
7, 1398, 97861847, 97868997, 1847, 8997
7, 1399, 97931847, 97937134, 1847, 7134
7, 14, 981847, 986948, 1847, 6948
7, 140, 9801847, 9809059, 1847, 9059
7, 1400, 98001847, 98009059, 1847, 9059
7, 1401, 98071847, 98076948, 1847, 6948
7, 1402, 98141847, 98146948, 1847, 6948
7, 1403, 98211847, 98216948, 1847, 6948
7, 1404, 98281847, 98288997, 1847, 8997
7, 1405, 98351847, 98357351, 1847, 7351
7, 1406, 98421847, 98426948, 1847, 6948
7, 1407, 98491847, 98496948, 1847, 6948
7, 1408, 98561847, 98567218, 1847, 7218
7, 1409, 98631847, 98636948, 1847, 6948
7, 141, 9871847, 9877134, 1847, 7134
7, 1410, 98701847, 98709365, 1847, 9365
7, 1411, 98771847, 98777134, 1847, 7134
7, 1412, 98841847, 98846948, 1847, 6948
7, 1413, 98911847, 98916948, 1847, 6948
7, 1414, 98981847, 98986948, 1847, 6948
7, 1415, 99051847, 99057351, 1847, 7351
7, 1416, 99121847, 99131481, 1847, 11481
7, 1417, 99191847, 99196948, 1847, 6948
7, 1418, 99261847, 99266948, 1847, 6948
7, 1419, 99331847, 99336948, 1847, 6948
7, 142, 9941847, 9946948, 1847, 6948
7, 1420, 99401847, 99407227, 1847, 7227
7, 1421, 99471847, 99477134, 1847, 7134
7, 1422, 99541847, 99548997, 1847, 8997
7, 1423, 99611847, 99616948, 1847, 6948
7, 1424, 99681847, 99687218, 1847, 7218
7, 1425, 99751847, 99757169, 1847, 7169
7, 1426, 99821847, 99827004, 1847, 7004
7, 1427, 99891847, 99897134, 1847, 7134
7, 1428, 99961847, 99968997, 1847, 8997
7, 1429, 100031847, 100036948, 1847, 6948
7, 143, 10011847, 10016948, 1847, 6948
7, 1430, 100101847, 100107227, 1847, 7227
7, 1431, 100171847, 100176948, 1847, 6948
7, 1432, 100241847, 100250930, 1847, 10930
7, 1433, 100311847, 100317134, 1847, 7134
7, 1434, 100381847, 100387117, 1847, 7117
7, 1435, 100451847, 100456948, 1847, 6948
7, 1436, 100521847, 100526948, 1847, 6948
7, 1437, 100591847, 100597134, 1847, 7134
7, 1438, 100661847, 100667218, 1847, 7218
7, 1439, 100731847, 100737134, 1847, 7134
7, 144, 10081847, 10088997, 1847, 8997
7, 1440, 100801847, 100809365, 1847, 9365
7, 1441, 100871847, 100876948, 1847, 6948
7, 1442, 100941847, 100946948, 1847, 6948
7, 1443, 101011847, 101017075, 1847, 7075
7, 1444, 101081847, 101087218, 1847, 7218
7, 1445, 101151847, 101157351, 1847, 7351
7, 1446, 101221847, 101227117, 1847, 7117
7, 1447, 101291847, 101296948, 1847, 6948
7, 1448, 101361847, 101367218, 1847, 7218
7, 1449, 101431847, 101437134, 1847, 7134
7, 145, 10151847, 10157093, 1847, 7093
7, 1450, 101501847, 101509384, 1847, 9384
7, 1451, 101571847, 101576948, 1847, 6948
7, 1452, 101641847, 101647117, 1847, 7117
7, 1453, 101711847, 101716948, 1847, 6948
7, 1454, 101781847, 101787215, 1847, 7215
7, 1455, 101851847, 101859155, 1847, 9155
7, 1456, 101921847, 101931481, 1847, 11481
7, 1457, 101991847, 101996948, 1847, 6948
7, 1458, 102061847, 102067117, 1847, 7117
7, 1459, 102131847, 102136948, 1847, 6948
7, 146, 10221847, 10227218, 1847, 7218
7, 1460, 102201847, 102208438, 1847, 8438
7, 1461, 102271847, 102277134, 1847, 7134
7, 1462, 102341847, 102347218, 1847, 7218
7, 1463, 102411847, 102416948, 1847, 6948
7, 1464, 102481847, 102488997, 1847, 8997
7, 1465, 102551847, 102556948, 1847, 6948
7, 1466, 102621847, 102627218, 1847, 7218
7, 1467, 102691847, 102697134, 1847, 7134
7, 1468, 102761847, 102766948, 1847, 6948
7, 1469, 102831847, 102836948, 1847, 6948
7, 147, 10291847, 10297134, 1847, 7134
7, 1470, 102901847, 102907712, 1847, 7712
7, 1471, 102971847, 102977134, 1847, 7134
7, 1472, 103041847, 103050442, 1847, 10442
7, 1473, 103111847, 103117134, 1847, 7134
7, 1474, 103181847, 103186948, 1847, 6948
7, 1475, 103251847, 103256948, 1847, 6948
7, 1476, 103321847, 103327117, 1847, 7117
7, 1477, 103391847, 103397134, 1847, 7134
7, 1478, 103461847, 103467218, 1847, 7218
7, 1479, 103531847, 103537134, 1847, 7134
7, 148, 10361847, 10366948, 1847, 6948
7, 1480, 103601847, 103609384, 1847, 9384
7, 1481, 103671847, 103676948, 1847, 6948
7, 1482, 103741847, 103747117, 1847, 7117
7, 1483, 103811847, 103817134, 1847, 7134
7, 1484, 103881847, 103887218, 1847, 7218
7, 1485, 103951847, 103957169, 1847, 7169
7, 1486, 104021847, 104026948, 1847, 6948
7, 1487, 104091847, 104096948, 1847, 6948
7, 1488, 104161847, 104168997, 1847, 8997
7, 1489, 104231847, 104237134, 1847, 7134
7, 149, 10431847, 10436948, 1847, 6948
7, 1490, 104301847, 104309059, 1847, 9059
7, 1491, 104371847, 104376948, 1847, 6948
7, 1492, 104441847, 104446948, 1847, 6948
7, 1493, 104511847, 104516948, 1847, 6948
7, 1494, 104581847, 104588997, 1847, 8997
7, 1495, 104651847, 104657351, 1847, 7351
7, 1496, 104721847, 104730994, 1847, 10994
7, 1497, 104791847, 104796948, 1847, 6948
7, 1498, 104861847, 104866948, 1847, 6948
7, 1499, 104931847, 104936948, 1847, 6948
7, 15, 1051847, 1057399, 1847, 7399
7, 150, 10501847, 10507712, 1847, 7712
7, 1500, 105001847, 105009365, 1847, 9365
7, 1501, 105071847, 105077134, 1847, 7134
7, 1502, 105141847, 105146948, 1847, 6948
7, 1503, 105211847, 105216948, 1847, 6948
7, 1504, 105281847, 105287218, 1847, 7218
7, 1505, 105351847, 105356948, 1847, 6948
7, 1506, 105421847, 105429365, 1847, 9365
7, 1507, 105491847, 105497134, 1847, 7134
7, 1508, 105561847, 105566948, 1847, 6948
7, 1509, 105631847, 105636948, 1847, 6948
7, 151, 10571847, 10577134, 1847, 7134
7, 1510, 105701847, 105707227, 1847, 7227
7, 1511, 105771847, 105777134, 1847, 7134
7, 1512, 105841847, 105850930, 1847, 10930
7, 1513, 105911847, 105917134, 1847, 7134
7, 1514, 105981847, 105986948, 1847, 6948
7, 1515, 106051847, 106057169, 1847, 7169
7, 1516, 106121847, 106126948, 1847, 6948
7, 1517, 106191847, 106197134, 1847, 7134
7, 1518, 106261847, 106268997, 1847, 8997
7, 1519, 106331847, 106336948, 1847, 6948
7, 152, 10641847, 10650442, 1847, 10442
7, 1520, 106401847, 106409059, 1847, 9059
7, 1521, 106471847, 106476948, 1847, 6948
7, 1522, 106541847, 106546948, 1847, 6948
7, 1523, 106611847, 106617134, 1847, 7134
7, 1524, 106681847, 106688997, 1847, 8997
7, 1525, 106751847, 106756948, 1847, 6948
7, 1526, 106821847, 106826948, 1847, 6948
7, 1527, 106891847, 106896948, 1847, 6948
7, 1528, 106961847, 106969839, 1847, 9839
7, 1529, 107031847, 107037134, 1847, 7134
7, 153, 10711847, 10717134, 1847, 7134
7, 1530, 107101847, 107109365, 1847, 9365
7, 1531, 107171847, 107176948, 1847, 6948
7, 1532, 107241847, 107246948, 1847, 6948
7, 1533, 107311847, 107316948, 1847, 6948
7, 1534, 107381847, 107387218, 1847, 7218
7, 1535, 107451847, 107457351, 1847, 7351
7, 1536, 107521847, 107529365, 1847, 9365
7, 1537, 107591847, 107596948, 1847, 6948
7, 1538, 107661847, 107666948, 1847, 6948
7, 1539, 107731847, 107736948, 1847, 6948
7, 154, 10781847, 10786948, 1847, 6948
7, 1540, 107801847, 107809384, 1847, 9384
7, 1541, 107871847, 107877134, 1847, 7134
7, 1542, 107941847, 107947117, 1847, 7117
7, 1543, 108011847, 108016948, 1847, 6948
7, 1544, 108081847, 108087218, 1847, 7218
7, 1545, 108151847, 108157399, 1847, 7399
7, 1546, 108221847, 108227218, 1847, 7218
7, 1547, 108291847, 108297134, 1847, 7134
7, 1548, 108361847, 108367117, 1847, 7117
7, 1549, 108431847, 108436948, 1847, 6948
7, 155, 10851847, 10856948, 1847, 6948
7, 1550, 108501847, 108507227, 1847, 7227
7, 1551, 108571847, 108577134, 1847, 7134
7, 1552, 108641847, 108650930, 1847, 10930
7, 1553, 108711847, 108716948, 1847, 6948
7, 1554, 108781847, 108787117, 1847, 7117
7, 1555, 108851847, 108856948, 1847, 6948
7, 1556, 108921847, 108926948, 1847, 6948
7, 1557, 108991847, 108997134, 1847, 7134
7, 1558, 109061847, 109067218, 1847, 7218
7, 1559, 109131847, 109136948, 1847, 6948
7, 156, 10921847, 10927117, 1847, 7117
7, 1560, 109201847, 109209365, 1847, 9365
7, 1561, 109271847, 109276948, 1847, 6948
7, 1562, 109341847, 109347311, 1847, 7311
7, 1563, 109411847, 109417134, 1847, 7134
7, 1564, 109481847, 109487218, 1847, 7218
7, 1565, 109551847, 109556948, 1847, 6948
7, 1566, 109621847, 109627117, 1847, 7117
7, 1567, 109691847, 109696948, 1847, 6948
7, 1568, 109761847, 109770442, 1847, 10442
7, 1569, 109831847, 109837134, 1847, 7134
7, 157, 10991847, 10997134, 1847, 7134
7, 1570, 109901847, 109907227, 1847, 7227
7, 1571, 109971847, 109976948, 1847, 6948
7, 1572, 110041847, 110047117, 1847, 7117
7, 1573, 110111847, 110117134, 1847, 7134
7, 1574, 110181847, 110187218, 1847, 7218
7, 1575, 110251847, 110259003, 1847, 9003
7, 1576, 110321847, 110327218, 1847, 7218
7, 1577, 110391847, 110396948, 1847, 6948
7, 1578, 110461847, 110467117, 1847, 7117
7, 1579, 110531847, 110536948, 1847, 6948
7, 158, 11061847, 11067218, 1847, 7218
7, 1580, 110601847, 110609059, 1847, 9059
7, 1581, 110671847, 110677134, 1847, 7134
7, 1582, 110741847, 110746948, 1847, 6948
7, 1583, 110811847, 110816948, 1847, 6948
7, 1584, 110881847, 110888997, 1847, 8997
7, 1585, 110951847, 110957351, 1847, 7351
7, 1586, 111021847, 111027218, 1847, 7218
7, 1587, 111091847, 111096948, 1847, 6948
7, 1588, 111161847, 111166948, 1847, 6948
7, 1589, 111231847, 111236948, 1847, 6948
7, 159, 11131847, 11136948, 1847, 6948
7, 1590, 111301847, 111308668, 1847, 8668
7, 1591, 111371847, 111377134, 1847, 7134
7, 1592, 111441847, 111450442, 1847, 10442
7, 1593, 111511847, 111516948, 1847, 6948
7, 1594, 111581847, 111586948, 1847, 6948
7, 1595, 111651847, 111656948, 1847, 6948
7, 1596, 111721847, 111729182, 1847, 9182
7, 1597, 111791847, 111797134, 1847, 7134
7, 1598, 111861847, 111867218, 1847, 7218
7, 1599, 111931847, 111936948, 1847, 6948
7, 16, 1121847, 1131481, 1847, 11481
7, 160, 11201847, 11209384, 1847, 9384
7, 1600, 112001847, 112009384, 1847, 9384
7, 1601, 112071847, 112076948, 1847, 6948
7, 1602, 112141847, 112148997, 1847, 8997
7, 1603, 112211847, 112217134, 1847, 7134
7, 1604, 112281847, 112286948, 1847, 6948
7, 1605, 112351847, 112357169, 1847, 7169
7, 1606, 112421847, 112426948, 1847, 6948
7, 1607, 112491847, 112496948, 1847, 6948
7, 1608, 112561847, 112570930, 1847, 10930
7, 1609, 112631847, 112637134, 1847, 7134
7, 161, 11271847, 11276948, 1847, 6948
7, 1610, 112701847, 112707227, 1847, 7227
7, 1611, 112771847, 112776948, 1847, 6948
7, 1612, 112841847, 112846948, 1847, 6948
7, 1613, 112911847, 112916948, 1847, 6948
7, 1614, 112981847, 112988997, 1847, 8997
7, 1615, 113051847, 113057351, 1847, 7351
7, 1616, 113121847, 113127218, 1847, 7218
7, 1617, 113191847, 113196948, 1847, 6948
7, 1618, 113261847, 113266948, 1847, 6948
7, 1619, 113331847, 113337134, 1847, 7134
7, 162, 11341847, 11347117, 1847, 7117
7, 1620, 113401847, 113409365, 1847, 9365
7, 1621, 113471847, 113476948, 1847, 6948
7, 1622, 113541847, 113546948, 1847, 6948
7, 1623, 113611847, 113616948, 1847, 6948
7, 1624, 113681847, 113689038, 1847, 9038
7, 1625, 113751847, 113757351, 1847, 7351
7, 1626, 113821847, 113829365, 1847, 9365
7, 1627, 113891847, 113896948, 1847, 6948
7, 1628, 113961847, 113966948, 1847, 6948
7, 1629, 114031847, 114036948, 1847, 6948
7, 163, 11411847, 11417134, 1847, 7134
7, 1630, 114101847, 114109384, 1847, 9384
7, 1631, 114171847, 114177744, 1847, 7744
7, 1632, 114241847, 114250930, 1847, 10930
7, 1633, 114311847, 114316948, 1847, 6948
7, 1634, 114381847, 114386948, 1847, 6948
7, 1635, 114451847, 114457169, 1847, 7169
7, 1636, 114521847, 114527218, 1847, 7218
7, 1637, 114591847, 114597134, 1847, 7134
7, 1638, 114661847, 114667117, 1847, 7117
7, 1639, 114731847, 114736948, 1847, 6948
7, 164, 11481847, 11487218, 1847, 7218
7, 1640, 114801847, 114809059, 1847, 9059
7, 1641, 114871847, 114876948, 1847, 6948
7, 1642, 114941847, 114947218, 1847, 7218
7, 1643, 115011847, 115017134, 1847, 7134
7, 1644, 115081847, 115087117, 1847, 7117
7, 1645, 115151847, 115156948, 1847, 6948
7, 1646, 115221847, 115226948, 1847, 6948
7, 1647, 115291847, 115297075, 1847, 7075
7, 1648, 115361847, 115370930, 1847, 10930
7, 1649, 115431847, 115437134, 1847, 7134
7, 165, 11551847, 11557169, 1847, 7169
7, 1650, 115501847, 115507712, 1847, 7712
7, 1651, 115571847, 115576948, 1847, 6948
7, 1652, 115641847, 115646948, 1847, 6948
7, 1653, 115711847, 115717134, 1847, 7134
7, 1654, 115781847, 115787218, 1847, 7218
7, 1655, 115851847, 115856948, 1847, 6948
7, 1656, 115921847, 115929365, 1847, 9365
7, 1657, 115991847, 115996948, 1847, 6948
7, 1658, 116061847, 116066948, 1847, 6948
7, 1659, 116131847, 116137134, 1847, 7134
7, 166, 11621847, 11626948, 1847, 6948
7, 1660, 116201847, 116209384, 1847, 9384
7, 1661, 116271847, 116276948, 1847, 6948
7, 1662, 116341847, 116347117, 1847, 7117
7, 1663, 116411847, 116416948, 1847, 6948
7, 1664, 116481847, 116488824, 1847, 8824
7, 1665, 116551847, 116559003, 1847, 9003
7, 1666, 116621847, 116627218, 1847, 7218
7, 1667, 116691847, 116696948, 1847, 6948
7, 1668, 116761847, 116767117, 1847, 7117
7, 1669, 116831847, 116836948, 1847, 6948
7, 167, 11691847, 11696948, 1847, 6948
7, 1670, 116901847, 116909059, 1847, 9059
7, 1671, 116971847, 116977134, 1847, 7134
7, 1672, 117041847, 117047218, 1847, 7218
7, 1673, 117111847, 117116948, 1847, 6948
7, 1674, 117181847, 117187117, 1847, 7117
7, 1675, 117251847, 117257093, 1847, 7093
7, 1676, 117321847, 117327218, 1847, 7218
7, 1677, 117391847, 117397134, 1847, 7134
7, 1678, 117461847, 117466948, 1847, 6948
7, 1679, 117531847, 117536948, 1847, 6948
7, 168, 11761847, 11769018, 1847, 9018
7, 1680, 117601847, 117609365, 1847, 9365
7, 1681, 117671847, 117677134, 1847, 7134
7, 1682, 117741847, 117747218, 1847, 7218
7, 1683, 117811847, 117817134, 1847, 7134
7, 1684, 117881847, 117886948, 1847, 6948
7, 1685, 117951847, 117956948, 1847, 6948
7, 1686, 118021847, 118027117, 1847, 7117
7, 1687, 118091847, 118097134, 1847, 7134
7, 1688, 118161847, 118170442, 1847, 10442
7, 1689, 118231847, 118236948, 1847, 6948
7, 169, 11831847, 11837134, 1847, 7134
7, 1690, 118301847, 118307227, 1847, 7227
7, 1691, 118371847, 118376948, 1847, 6948
7, 1692, 118441847, 118447117, 1847, 7117
7, 1693, 118511847, 118517134, 1847, 7134
7, 1694, 118581847, 118587218, 1847, 7218
7, 1695, 118651847, 118657169, 1847, 7169
7, 1696, 118721847, 118727218, 1847, 7218
7, 1697, 118791847, 118796948, 1847, 6948
7, 1698, 118861847, 118867572, 1847, 7572
7, 1699, 118931847, 118937134, 1847, 7134
7, 17, 1191847, 1197134, 1847, 7134
7, 170, 11901847, 11909059, 1847, 9059
7, 1700, 119001847, 119009059, 1847, 9059
7, 1701, 119071847, 119076948, 1847, 6948
7, 1702, 119141847, 119146948, 1847, 6948
7, 1703, 119211847, 119216948, 1847, 6948
7, 1704, 119281847, 119290930, 1847, 10930
7, 1705, 119351847, 119357351, 1847, 7351
7, 1706, 119421847, 119426948, 1847, 6948
7, 1707, 119491847, 119496948, 1847, 6948
7, 1708, 119561847, 119566948, 1847, 6948
7, 1709, 119631847, 119636948, 1847, 6948
7, 171, 11971847, 11976948, 1847, 6948
7, 1710, 119701847, 119709365, 1847, 9365
7, 1711, 119771847, 119777134, 1847, 7134
7, 1712, 119841847, 119847218, 1847, 7218
7, 1713, 119911847, 119916948, 1847, 6948
7, 1714, 119981847, 119986948, 1847, 6948
7, 1715, 120051847, 120057316, 1847, 7316
7, 1716, 120121847, 120129365, 1847, 9365
7, 1717, 120191847, 120197134, 1847, 7134
7, 1718, 120261847, 120266948, 1847, 6948
7, 1719, 120331847, 120336948, 1847, 6948
7, 172, 12041847, 12046948, 1847, 6948
7, 1720, 120401847, 120409384, 1847, 9384
7, 1721, 120471847, 120477134, 1847, 7134
7, 1722, 120541847, 120548997, 1847, 8997
7, 1723, 120611847, 120616948, 1847, 6948
7, 1724, 120681847, 120686948, 1847, 6948
7, 1725, 120751847, 120757169, 1847, 7169
7, 1726, 120821847, 120826948, 1847, 6948
7, 1727, 120891847, 120898642, 1847, 8642
7, 1728, 120961847, 120970930, 1847, 10930
7, 1729, 121031847, 121036948, 1847, 6948
7, 173, 12111847, 12116948, 1847, 6948
7, 1730, 121101847, 121107227, 1847, 7227
7, 1731, 121171847, 121176948, 1847, 6948
7, 1732, 121241847, 121247004, 1847, 7004
7, 1733, 121311847, 121317134, 1847, 7134
7, 1734, 121381847, 121388997, 1847, 8997
7, 1735, 121451847, 121456948, 1847, 6948
7, 1736, 121521847, 121527218, 1847, 7218
7, 1737, 121591847, 121596948, 1847, 6948
7, 1738, 121661847, 121667218, 1847, 7218
7, 1739, 121731847, 121737134, 1847, 7134
7, 174, 12181847, 12188997, 1847, 8997
7, 1740, 121801847, 121807712, 1847, 7712
7, 1741, 121871847, 121876948, 1847, 6948
7, 1742, 121941847, 121946948, 1847, 6948
7, 1743, 122011847, 122016948, 1847, 6948
7, 1744, 122081847, 122090930, 1847, 10930
7, 1745, 122151847, 122157351, 1847, 7351
7, 1746, 122221847, 122227117, 1847, 7117
7, 1747, 122291847, 122296948, 1847, 6948
7, 1748, 122361847, 122366948, 1847, 6948
7, 1749, 122431847, 122437075, 1847, 7075
7, 175, 12251847, 12257351, 1847, 7351
7, 1750, 122501847, 122509384, 1847, 9384
7, 1751, 122571847, 122577134, 1847, 7134
7, 1752, 122641847, 122648997, 1847, 8997
7, 1753, 122711847, 122716948, 1847, 6948
7, 1754, 122781847, 122786948, 1847, 6948
7, 1755, 122851847, 122859003, 1847, 9003
7, 1756, 122921847, 122927218, 1847, 7218
7, 1757, 122991847, 122996948, 1847, 6948
7, 1758, 123061847, 123067117, 1847, 7117
7, 1759, 123131847, 123136948, 1847, 6948
7, 176, 12321847, 12327218, 1847, 7218
7, 1760, 123201847, 123209059, 1847, 9059
7, 1761, 123271847, 123277134, 1847, 7134
7, 1762, 123341847, 123347218, 1847, 7218
7, 1763, 123411847, 123416948, 1847, 6948
7, 1764, 123481847, 123487117, 1847, 7117
7, 1765, 123551847, 123556948, 1847, 6948
7, 1766, 123621847, 123627218, 1847, 7218
7, 1767, 123691847, 123697134, 1847, 7134
7, 1768, 123761847, 123770930, 1847, 10930
7, 1769, 123831847, 123836948, 1847, 6948
7, 177, 12391847, 12396948, 1847, 6948
7, 1770, 123901847, 123907712, 1847, 7712
7, 1771, 123971847, 123976948, 1847, 6948
7, 1772, 124041847, 124047218, 1847, 7218
7, 1773, 124111847, 124117134, 1847, 7134
7, 1774, 124181847, 124186948, 1847, 6948
7, 1775, 124251847, 124256948, 1847, 6948
7, 1776, 124321847, 124329365, 1847, 9365
7, 1777, 124391847, 124396948, 1847, 6948
7, 1778, 124461847, 124467218, 1847, 7218
7, 1779, 124531847, 124537134, 1847, 7134
7, 178, 12461847, 12466948, 1847, 6948
7, 1780, 124601847, 124607227, 1847, 7227
7, 1781, 124671847, 124676948, 1847, 6948
7, 1782, 124741847, 124747117, 1847, 7117
7, 1783, 124811847, 124816948, 1847, 6948
7, 1784, 124881847, 124890442, 1847, 10442
7, 1785, 124951847, 124959003, 1847, 9003
7, 1786, 125021847, 125026948, 1847, 6948
7, 1787, 125091847, 125096948, 1847, 6948
7, 1788, 125161847, 125167117, 1847, 7117
7, 1789, 125231847, 125237134, 1847, 7134
7, 179, 12531847, 12536948, 1847, 6948
7, 1790, 125301847, 125309059, 1847, 9059
7, 1791, 125371847, 125376948, 1847, 6948
7, 1792, 125441847, 125447218, 1847, 7218
7, 1793, 125511847, 125516948, 1847, 6948
7, 1794, 125581847, 125587117, 1847, 7117
7, 1795, 125651847, 125657351, 1847, 7351
7, 1796, 125721847, 125727218, 1847, 7218
7, 1797, 125791847, 125796948, 1847, 6948
7, 1798, 125861847, 125866948, 1847, 6948
7, 1799, 125931847, 125936948, 1847, 6948
7, 18, 1261847, 1267117, 1847, 7117
7, 180, 12601847, 12609365, 1847, 9365
7, 1800, 126001847, 126009674, 1847, 9674
7, 1801, 126071847, 126077134, 1847, 7134
7, 1802, 126141847, 126147218, 1847, 7218
7, 1803, 126211847, 126216948, 1847, 6948
7, 1804, 126281847, 126286948, 1847, 6948
7, 1805, 126351847, 126356948, 1847, 6948
7, 1806, 126421847, 126429365, 1847, 9365
7, 1807, 126491847, 126497134, 1847, 7134
7, 1808, 126561847, 126567218, 1847, 7218
7, 1809, 126631847, 126636948, 1847, 6948
7, 181, 12671847, 12677134, 1847, 7134
7, 1810, 126701847, 126707227, 1847, 7227
7, 1811, 126771847, 126776948, 1847, 6948
7, 1812, 126841847, 126848997, 1847, 8997
7, 1813, 126911847, 126917134, 1847, 7134
7, 1814, 126981847, 126986948, 1847, 6948
7, 1815, 127051847, 127057169, 1847, 7169
7, 1816, 127121847, 127127218, 1847, 7218
7, 1817, 127191847, 127196948, 1847, 6948
7, 1818, 127261847, 127268997, 1847, 8997
7, 1819, 127331847, 127337134, 1847, 7134
7, 182, 12741847, 12746948, 1847, 6948
7, 1820, 127401847, 127407227, 1847, 7227
7, 1821, 127471847, 127476948, 1847, 6948
7, 1822, 127541847, 127546948, 1847, 6948
7, 1823, 127611847, 127617134, 1847, 7134
7, 1824, 127681847, 127690930, 1847, 10930
7, 1825, 127751847, 127756948, 1847, 6948
7, 1826, 127821847, 127826948, 1847, 6948
7, 1827, 127891847, 127896948, 1847, 6948
7, 1828, 127961847, 127966948, 1847, 6948
7, 1829, 128031847, 128037134, 1847, 7134
7, 183, 12811847, 12816948, 1847, 6948
7, 1830, 128101847, 128109365, 1847, 9365
7, 1831, 128171847, 128176948, 1847, 6948
7, 1832, 128241847, 128247218, 1847, 7218
7, 1833, 128311847, 128316948, 1847, 6948
7, 1834, 128381847, 128387004, 1847, 7004
7, 1835, 128451847, 128457351, 1847, 7351
7, 1836, 128521847, 128529365, 1847, 9365
7, 1837, 128591847, 128596948, 1847, 6948
7, 1838, 128661847, 128666948, 1847, 6948
7, 1839, 128731847, 128736948, 1847, 6948
7, 184, 12881847, 12887218, 1847, 7218
7, 1840, 128801847, 128811481, 1847, 11481
7, 1841, 128871847, 128877134, 1847, 7134
7, 1842, 128941847, 128947117, 1847, 7117
7, 1843, 129011847, 129016948, 1847, 6948
7, 1844, 129081847, 129086948, 1847, 6948
7, 1845, 129151847, 129159003, 1847, 9003
7, 1846, 129221847, 129227218, 1847, 7218
7, 1847, 129291847, 129297134, 1847, 7134
7, 1848, 129361847, 129368997, 1847, 8997
7, 1849, 129431847, 129436948, 1847, 6948
7, 185, 12951847, 12957316, 1847, 7316
7, 1850, 129501847, 129507227, 1847, 7227
7, 1851, 129571847, 129577075, 1847, 7075
7, 1852, 129641847, 129647218, 1847, 7218
7, 1853, 129711847, 129717134, 1847, 7134
7, 1854, 129781847, 129787117, 1847, 7117
7, 1855, 129851847, 129856948, 1847, 6948
7, 1856, 129921847, 129927218, 1847, 7218
7, 1857, 129991847, 129997134, 1847, 7134
7, 1858, 130061847, 130067218, 1847, 7218
7, 1859, 130131847, 130136948, 1847, 6948
7, 186, 13021847, 13029365, 1847, 9365
7, 1860, 130201847, 130207712, 1847, 7712
7, 1861, 130271847, 130276948, 1847, 6948
7, 1862, 130341847, 130346948, 1847, 6948
7, 1863, 130411847, 130418788, 1847, 8788
7, 1864, 130481847, 130490930, 1847, 10930
7, 1865, 130551847, 130556948, 1847, 6948
7, 1866, 130621847, 130627117, 1847, 7117
7, 1867, 130691847, 130696948, 1847, 6948
7, 1868, 130761847, 130767311, 1847, 7311
7, 1869, 130831847, 130837134, 1847, 7134
7, 187, 13091847, 13097134, 1847, 7134
7, 1870, 130901847, 130909384, 1847, 9384
7, 1871, 130971847, 130976948, 1847, 6948
7, 1872, 131041847, 131048997, 1847, 8997
7, 1873, 131111847, 131116948, 1847, 6948
7, 1874, 131181847, 131187218, 1847, 7218
7, 1875, 131251847, 131259003, 1847, 9003
7, 1876, 131321847, 131326948, 1847, 6948
7, 1877, 131391847, 131396948, 1847, 6948
7, 1878, 131461847, 131467117, 1847, 7117
7, 1879, 131531847, 131536948, 1847, 6948
7, 188, 13161847, 13166948, 1847, 6948
7, 1880, 131601847, 131610994, 1847, 10994
7, 1881, 131671847, 131677134, 1847, 7134
7, 1882, 131741847, 131746948, 1847, 6948
7, 1883, 131811847, 131816948, 1847, 6948
7, 1884, 131881847, 131887117, 1847, 7117
7, 1885, 131951847, 131957351, 1847, 7351
7, 1886, 132021847, 132027218, 1847, 7218
7, 1887, 132091847, 132097134, 1847, 7134
7, 1888, 132161847, 132167218, 1847, 7218
7, 1889, 132231847, 132236948, 1847, 6948
7, 189, 13231847, 13236948, 1847, 6948
7, 1890, 132301847, 132307712, 1847, 7712
7, 1891, 132371847, 132377134, 1847, 7134
7, 1892, 132441847, 132447218, 1847, 7218
7, 1893, 132511847, 132516948, 1847, 6948
7, 1894, 132581847, 132586948, 1847, 6948
7, 1895, 132651847, 132656948, 1847, 6948
7, 1896, 132721847, 132729365, 1847, 9365
7, 1897, 132791847, 132797134, 1847, 7134
7, 1898, 132861847, 132867218, 1847, 7218
7, 1899, 132931847, 132936948, 1847, 6948
7, 19, 1331847, 1336948, 1847, 6948
7, 190, 13301847, 13307227, 1847, 7227
7, 1900, 133001847, 133007227, 1847, 7227
7, 1901, 133071847, 133076948, 1847, 6948
7, 1902, 133141847, 133148997, 1847, 8997
7, 1903, 133211847, 133217134, 1847, 7134
7, 1904, 133281847, 133290442, 1847, 10442
7, 1905, 133351847, 133357169, 1847, 7169
7, 1906, 133421847, 133426948, 1847, 6948
7, 1907, 133491847, 133496948, 1847, 6948
7, 1908, 133561847, 133568997, 1847, 8997
7, 1909, 133631847, 133637134, 1847, 7134
7, 191, 13371847, 13377134, 1847, 7134
7, 1910, 133701847, 133707227, 1847, 7227
7, 1911, 133771847, 133776948, 1847, 6948
7, 1912, 133841847, 133847218, 1847, 7218
7, 1913, 133911847, 133916948, 1847, 6948
7, 1914, 133981847, 133988997, 1847, 8997
7, 1915, 134051847, 134057351, 1847, 7351
7, 1916, 134121847, 134126948, 1847, 6948
7, 1917, 134191847, 134196948, 1847, 6948
7, 1918, 134261847, 134266948, 1847, 6948
7, 1919, 134331847, 134337074, 1847, 7074
7, 192, 13441847, 13450930, 1847, 10930
7, 1920, 134401847, 134411481, 1847, 11481
7, 1921, 134471847, 134477134, 1847, 7134
7, 1922, 134541847, 134546948, 1847, 6948
7, 1923, 134611847, 134616948, 1847, 6948
7, 1924, 134681847, 134686948, 1847, 6948
7, 1925, 134751847, 134757351, 1847, 7351
7, 1926, 134821847, 134829365, 1847, 9365
7, 1927, 134891847, 134896948, 1847, 6948
7, 1928, 134961847, 134967218, 1847, 7218
7, 1929, 135031847, 135036948, 1847, 6948
7, 193, 13511847, 13516948, 1847, 6948
7, 1930, 135101847, 135107227, 1847, 7227
7, 1931, 135171847, 135177134, 1847, 7134
7, 1932, 135241847, 135248997, 1847, 8997
7, 1933, 135311847, 135316948, 1847, 6948
7, 1934, 135381847, 135386948, 1847, 6948
7, 1935, 135451847, 135457169, 1847, 7169
7, 1936, 135521847, 135529667, 1847, 9667
7, 1937, 135591847, 135597134, 1847, 7134
7, 1938, 135661847, 135668997, 1847, 8997
7, 1939, 135731847, 135736948, 1847, 6948
7, 194, 13581847, 13586948, 1847, 6948
7, 1940, 135801847, 135807227, 1847, 7227
7, 1941, 135871847, 135876948, 1847, 6948
7, 1942, 135941847, 135947218, 1847, 7218
7, 1943, 136011847, 136017134, 1847, 7134
7, 1944, 136081847, 136088997, 1847, 8997
7, 1945, 136151847, 136156948, 1847, 6948
7, 1946, 136221847, 136226948, 1847, 6948
7, 1947, 136291847, 136296948, 1847, 6948
7, 1948, 136361847, 136367218, 1847, 7218
7, 1949, 136431847, 136437134, 1847, 7134
7, 195, 13651847, 13657169, 1847, 7169
7, 1950, 136501847, 136507712, 1847, 7712
7, 1951, 136571847, 136576948, 1847, 6948
7, 1952, 136641847, 136647218, 1847, 7218
7, 1953, 136711847, 136717075, 1847, 7075
7, 1954, 136781847, 136787218, 1847, 7218
7, 1955, 136851847, 136857351, 1847, 7351
7, 1956, 136921847, 136927117, 1847, 7117
7, 1957, 136991847, 136996948, 1847, 6948
7, 1958, 137061847, 137066948, 1847, 6948
7, 1959, 137131847, 137137134, 1847, 7134
7, 196, 13721847, 13726948, 1847, 6948
7, 1960, 137201847, 137211481, 1847, 11481
7, 1961, 137271847, 137276948, 1847, 6948
7, 1962, 137341847, 137347117, 1847, 7117
7, 1963, 137411847, 137416948, 1847, 6948
7, 1964, 137481847, 137486948, 1847, 6948
7, 1965, 137551847, 137559003, 1847, 9003
7, 1966, 137621847, 137627218, 1847, 7218
7, 1967, 137691847, 137696948, 1847, 6948
7, 1968, 137761847, 137768997, 1847, 8997
7, 1969, 137831847, 137836948, 1847, 6948
7, 197, 13791847, 13797134, 1847, 7134
7, 1970, 137901847, 137908438, 1847, 8438
7, 1971, 137971847, 137977134, 1847, 7134
7, 1972, 138041847, 138047218, 1847, 7218
7, 1973, 138111847, 138116948, 1847, 6948
7, 1974, 138181847, 138187117, 1847, 7117
7, 1975, 138251847, 138256948, 1847, 6948
7, 1976, 138321847, 138330994, 1847, 10994
7, 1977, 138391847, 138397134, 1847, 7134
7, 1978, 138461847, 138466948, 1847, 6948
7, 1979, 138531847, 138536948, 1847, 6948
7, 198, 13861847, 13868997, 1847, 8997
7, 1980, 138601847, 138607712, 1847, 7712
7, 1981, 138671847, 138677134, 1847, 7134
7, 1982, 138741847, 138747218, 1847, 7218
7, 1983, 138811847, 138817134, 1847, 7134
7, 1984, 138881847, 138887218, 1847, 7218
7, 1985, 138951847, 138956948, 1847, 6948
7, 1986, 139021847, 139027117, 1847, 7117
7, 1987, 139091847, 139096948, 1847, 6948
7, 1988, 139161847, 139167218, 1847, 7218
7, 1989, 139231847, 139237134, 1847, 7134
7, 199, 13931847, 13936948, 1847, 6948
7, 1990, 139301847, 139307227, 1847, 7227
7, 1991, 139371847, 139376948, 1847, 6948
7, 1992, 139441847, 139448997, 1847, 8997
7, 1993, 139511847, 139517134, 1847, 7134
7, 1994, 139581847, 139587218, 1847, 7218
7, 1995, 139651847, 139657169, 1847, 7169
7, 1996, 139721847, 139726948, 1847, 6948
7, 1997, 139791847, 139796948, 1847, 6948
7, 1998, 139861847, 139867117, 1847, 7117
7, 1999, 139931847, 139937134, 1847, 7134
7, 2, 141847, 146948, 1847, 6948
7, 20, 1401847, 1407227, 1847, 7227
7, 200, 14001847, 14009059, 1847, 9059
7, 2000, 140001847, 140010994, 1847, 10994
7, 2001, 140071847, 140076948, 1847, 6948
7, 2002, 140141847, 140146948, 1847, 6948
7, 2003, 140211847, 140216948, 1847, 6948
7, 2004, 140281847, 140287572, 1847, 7572
7, 2005, 140351847, 140357351, 1847, 7351
7, 2006, 140421847, 140427218, 1847, 7218
7, 2007, 140491847, 140496948, 1847, 6948
7, 2008, 140561847, 140567218, 1847, 7218
7, 2009, 140631847, 140636948, 1847, 6948
7, 201, 14071847, 14076948, 1847, 6948
7, 2010, 140701847, 140709365, 1847, 9365
7, 2011, 140771847, 140777134, 1847, 7134
7, 2012, 140841847, 140846948, 1847, 6948
7, 2013, 140911847, 140916948, 1847, 6948
7, 2014, 140981847, 140986948, 1847, 6948
7, 2015, 141051847, 141057316, 1847, 7316
7, 2016, 141121847, 141131481, 1847, 11481
7, 2017, 141191847, 141197134, 1847, 7134
7, 2018, 141261847, 141266948, 1847, 6948
7, 2019, 141331847, 141336948, 1847, 6948
7, 202, 14141847, 14147004, 1847, 7004
7, 2020, 141401847, 141407227, 1847, 7227
7, 2021, 141471847, 141476948, 1847, 6948
7, 2022, 141541847, 141548997, 1847, 8997
7, 2023, 141611847, 141617134, 1847, 7134
7, 2024, 141681847, 141687218, 1847, 7218
7, 2025, 141751847, 141757169, 1847, 7169
7, 2026, 141821847, 141826948, 1847, 6948
7, 2027, 141891847, 141897134, 1847, 7134
7, 2028, 141961847, 141968997, 1847, 8997
7, 2029, 142031847, 142036948, 1847, 6948
7, 203, 14211847, 14217134, 1847, 7134
7, 2030, 142101847, 142107227, 1847, 7227
7, 2031, 142171847, 142176948, 1847, 6948
7, 2032, 142241847, 142247218, 1847, 7218
7, 2033, 142311847, 142317134, 1847, 7134
7, 2034, 142381847, 142388997, 1847, 8997
7, 2035, 142451847, 142456948, 1847, 6948
7, 2036, 142521847, 142526948, 1847, 6948
7, 2037, 142591847, 142596948, 1847, 6948
7, 2038, 142661847, 142667218, 1847, 7218
7, 2039, 142731847, 142739042, 1847, 9042
7, 204, 14281847, 14288997, 1847, 8997
7, 205, 14351847, 14356948, 1847, 6948
7, 206, 14421847, 14426948, 1847, 6948
7, 207, 14491847, 14496948, 1847, 6948
7, 208, 14561847, 14570930, 1847, 10930
7, 209, 14631847, 14637134, 1847, 7134
7, 21, 1471847, 1477134, 1847, 7134
7, 210, 14701847, 14707712, 1847, 7712
7, 211, 14771847, 14776948, 1847, 6948
7, 212, 14841847, 14846948, 1847, 6948
7, 213, 14911847, 14917114, 1847, 7114
7, 214, 14981847, 14987218, 1847, 7218
7, 215, 15051847, 15057351, 1847, 7351
7, 216, 15121847, 15129365, 1847, 9365
7, 217, 15191847, 15196948, 1847, 6948
7, 218, 15261847, 15266948, 1847, 6948
7, 219, 15331847, 15337075, 1847, 7075
7, 22, 1541847, 1547218, 1847, 7218
7, 220, 15401847, 15409384, 1847, 9384
7, 221, 15471847, 15477134, 1847, 7134
7, 222, 15541847, 15547117, 1847, 7117
7, 223, 15611847, 15616948, 1847, 6948
7, 224, 15681847, 15687218, 1847, 7218
7, 225, 15751847, 15759003, 1847, 9003
7, 226, 15821847, 15827218, 1847, 7218
7, 227, 15891847, 15896948, 1847, 6948
7, 228, 15961847, 15967117, 1847, 7117
7, 229, 16031847, 16036948, 1847, 6948
7, 23, 1611847, 1616948, 1847, 6948
7, 230, 16101847, 16107227, 1847, 7227
7, 231, 16171847, 16179155, 1847, 9155
7, 232, 16241847, 16250930, 1847, 10930
7, 233, 16311847, 16316948, 1847, 6948
7, 234, 16381847, 16387117, 1847, 7117
7, 235, 16451847, 16456948, 1847, 6948
7, 236, 16521847, 16527004, 1847, 7004
7, 237, 16591847, 16597134, 1847, 7134
7, 238, 16661847, 16667218, 1847, 7218
7, 239, 16731847, 16736948, 1847, 6948
7, 24, 1681847, 1688997, 1847, 8997
7, 240, 16801847, 16809365, 1847, 9365
7, 241, 16871847, 16876948, 1847, 6948
7, 242, 16941847, 16947218, 1847, 7218
7, 243, 17011847, 17017134, 1847, 7134
7, 244, 17081847, 17086948, 1847, 6948
7, 245, 17151847, 17156948, 1847, 6948
7, 246, 17221847, 17227117, 1847, 7117
7, 247, 17291847, 17296948, 1847, 6948
7, 248, 17361847, 17370442, 1847, 10442
7, 249, 17431847, 17437134, 1847, 7134
7, 25, 1751847, 1756948, 1847, 6948
7, 250, 17501847, 17507227, 1847, 7227
7, 251, 17571847, 17576948, 1847, 6948
7, 252, 17641847, 17647117, 1847, 7117
7, 253, 17711847, 17716948, 1847, 6948
7, 254, 17781847, 17787218, 1847, 7218
7, 255, 17851847, 17859003, 1847, 9003
7, 256, 17921847, 17927218, 1847, 7218
7, 257, 17991847, 17996948, 1847, 6948
7, 258, 18061847, 18067117, 1847, 7117
7, 259, 18131847, 18137134, 1847, 7134
7, 26, 1821847, 1826948, 1847, 6948
7, 260, 18201847, 18209059, 1847, 9059
7, 261, 18271847, 18276948, 1847, 6948
7, 262, 18341847, 18346948, 1847, 6948
7, 263, 18411847, 18416948, 1847, 6948
7, 264, 18481847, 18488997, 1847, 8997
7, 265, 18551847, 18557351, 1847, 7351
7, 266, 18621847, 18627218, 1847, 7218
7, 267, 18691847, 18696948, 1847, 6948
7, 268, 18761847, 18766948, 1847, 6948
7, 269, 18831847, 18836948, 1847, 6948
7, 27, 1891847, 1897134, 1847, 7134
7, 270, 18901847, 18909365, 1847, 9365
7, 271, 18971847, 18977134, 1847, 7134
7, 272, 19041847, 19050442, 1847, 10442
7, 273, 19111847, 19116948, 1847, 6948
7, 274, 19181847, 19186948, 1847, 6948
7, 275, 19251847, 19256948, 1847, 6948
7, 276, 19321847, 19329365, 1847, 9365
7, 277, 19391847, 19397134, 1847, 7134
7, 278, 19461847, 19466948, 1847, 6948
7, 279, 19531847, 19536948, 1847, 6948
7, 28, 1961847, 1967218, 1847, 7218
7, 280, 19601847, 19609384, 1847, 9384
7, 281, 19671847, 19676948, 1847, 6948
7, 282, 19741847, 19748997, 1847, 8997
7, 283, 19811847, 19817134, 1847, 7134
7, 284, 19881847, 19886948, 1847, 6948
7, 285, 19951847, 19957169, 1847, 7169
7, 286, 20021847, 20026948, 1847, 6948
7, 287, 20091847, 20096948, 1847, 6948
7, 288, 20161847, 20170930, 1847, 10930
7, 289, 20231847, 20237134, 1847, 7134
7, 29, 2031847, 2036948, 1847, 6948
7, 290, 20301847, 20307227, 1847, 7227
7, 291, 20371847, 20376948, 1847, 6948
7, 292, 20441847, 20446948, 1847, 6948
7, 293, 20511847, 20517134, 1847, 7134
7, 294, 20581847, 20588997, 1847, 8997
7, 295, 20651847, 20656948, 1847, 6948
7, 296, 20721847, 20727218, 1847, 7218
7, 297, 20791847, 20796948, 1847, 6948
7, 298, 20861847, 20866948, 1847, 6948
7, 299, 20931847, 20937134, 1847, 7134
7, 3, 211847, 216948, 1847, 6948
7, 30, 2101847, 2107712, 1847, 7712
7, 300, 21001847, 21009365, 1847, 9365
7, 301, 21071847, 21076948, 1847, 6948
7, 302, 21141847, 21146948, 1847, 6948
7, 303, 21211847, 21216948, 1847, 6948
7, 304, 21281847, 21289361, 1847, 9361
7, 305, 21351847, 21357351, 1847, 7351
7, 306, 21421847, 21429365, 1847, 9365
7, 307, 21491847, 21496948, 1847, 6948
7, 308, 21561847, 21566948, 1847, 6948
7, 309, 21631847, 21636948, 1847, 6948
7, 31, 2171847, 2176948, 1847, 6948
7, 310, 21701847, 21709384, 1847, 9384
7, 311, 21771847, 21777134, 1847, 7134
7, 312, 21841847, 21848997, 1847, 8997
7, 313, 21911847, 21916948, 1847, 6948
7, 314, 21981847, 21986948, 1847, 6948
7, 315, 22051847, 22057169, 1847, 7169
7, 316, 22121847, 22127218, 1847, 7218
7, 317, 22191847, 22197134, 1847, 7134
7, 318, 22261847, 22267117, 1847, 7117
7, 319, 22331847, 22336948, 1847, 6948
7, 32, 2241847, 2248824, 1847, 8824
7, 320, 22401847, 22409059, 1847, 9059
7, 321, 22471847, 22477075, 1847, 7075
7, 322, 22541847, 22547218, 1847, 7218
7, 323, 22611847, 22617134, 1847, 7134
7, 324, 22681847, 22687117, 1847, 7117
7, 325, 22751847, 22756948, 1847, 6948
7, 326, 22821847, 22826948, 1847, 6948
7, 327, 22891847, 22897134, 1847, 7134
7, 328, 22961847, 22970930, 1847, 10930
7, 329, 23031847, 23036948, 1847, 6948
7, 33, 2311847, 2317134, 1847, 7134
7, 330, 23101847, 23107712, 1847, 7712
7, 331, 23171847, 23176948, 1847, 6948
7, 332, 23241847, 23246948, 1847, 6948
7, 333, 23311847, 23317134, 1847, 7134
7, 334, 23381847, 23387218, 1847, 7218
7, 335, 23451847, 23456948, 1847, 6948
7, 336, 23521847, 23529365, 1847, 9365
7, 337, 23591847, 23596948, 1847, 6948
7, 338, 23661847, 23667311, 1847, 7311
7, 339, 23731847, 23737134, 1847, 7134
7, 34, 2381847, 2387218, 1847, 7218
7, 340, 23801847, 23809384, 1847, 9384
7, 341, 23871847, 23876948, 1847, 6948
7, 342, 23941847, 23947117, 1847, 7117
7, 343, 24011847, 24016948, 1847, 6948
7, 344, 24081847, 24090442, 1847, 10442
7, 345, 24151847, 24159003, 1847, 9003
7, 346, 24221847, 24226948, 1847, 6948
7, 347, 24291847, 24296948, 1847, 6948
7, 348, 24361847, 24367117, 1847, 7117
7, 349, 24431847, 24437134, 1847, 7134
7, 35, 2451847, 2456948, 1847, 6948
7, 350, 24501847, 24509059, 1847, 9059
7, 351, 24571847, 24577134, 1847, 7134
7, 352, 24641847, 24647218, 1847, 7218
7, 353, 24711847, 24716948, 1847, 6948
7, 354, 24781847, 24787117, 1847, 7117
7, 355, 24851847, 24857351, 1847, 7351
7, 356, 24921847, 24927218, 1847, 7218
7, 357, 24991847, 24997134, 1847, 7134
7, 358, 25061847, 25066948, 1847, 6948
7, 359, 25131847, 25136948, 1847, 6948
7, 36, 2521847, 2527117, 1847, 7117
7, 360, 25201847, 25209365, 1847, 9365
7, 361, 25271847, 25277134, 1847, 7134
7, 362, 25341847, 25347218, 1847, 7218
7, 363, 25411847, 25416948, 1847, 6948
7, 364, 25481847, 25486948, 1847, 6948
7, 365, 25551847, 25556948, 1847, 6948
7, 366, 25621847, 25627117, 1847, 7117
7, 367, 25691847, 25697134, 1847, 7134
7, 368, 25761847, 25770442, 1847, 10442
7, 369, 25831847, 25836948, 1847, 6948
7, 37, 2591847, 2596948, 1847, 6948
7, 370, 25901847, 25907227, 1847, 7227
7, 371, 25971847, 25976948, 1847, 6948
7, 372, 26041847, 26048392, 1847, 8392
7, 373, 26111847, 26117134, 1847, 7134
7, 374, 26181847, 26187218, 1847, 7218
7, 375, 26251847, 26257169, 1847, 7169
7, 376, 26321847, 26327218, 1847, 7218
7, 377, 26391847, 26396948, 1847, 6948
7, 378, 26461847, 26468997, 1847, 8997
7, 379, 26531847, 26537134, 1847, 7134
7, 38, 2661847, 2667218, 1847, 7218
7, 380, 26601847, 26607227, 1847, 7227
7, 381, 26671847, 26676948, 1847, 6948
7, 382, 26741847, 26746948, 1847, 6948
7, 383, 26811847, 26816948, 1847, 6948
7, 384, 26881847, 26890930, 1847, 10930
7, 385, 26951847, 26957351, 1847, 7351
7, 386, 27021847, 27026948, 1847, 6948
7, 387, 27091847, 27096948, 1847, 6948
7, 388, 27161847, 27166948, 1847, 6948
7, 389, 27231847, 27236948, 1847, 6948
7, 39, 2731847, 2737134, 1847, 7134
7, 390, 27301847, 27309365, 1847, 9365
7, 391, 27371847, 27377134, 1847, 7134
7, 392, 27441847, 27447218, 1847, 7218
7, 393, 27511847, 27516948, 1847, 6948
7, 394, 27581847, 27586948, 1847, 6948
7, 395, 27651847, 27657351, 1847, 7351
7, 396, 27721847, 27729365, 1847, 9365
7, 397, 27791847, 27796948, 1847, 6948
7, 398, 27861847, 27866948, 1847, 6948
7, 399, 27931847, 27936948, 1847, 6948
7, 4, 281847, 287218, 1847, 7218
7, 40, 2801847, 2809384, 1847, 9384
7, 400, 28001847, 28009384, 1847, 9384
7, 401, 28071847, 28077134, 1847, 7134
7, 402, 28141847, 28148997, 1847, 8997
7, 403, 28211847, 28216948, 1847, 6948
7, 404, 28281847, 28286948, 1847, 6948
7, 405, 28351847, 28357169, 1847, 7169
7, 406, 28421847, 28427218, 1847, 7218
7, 407, 28491847, 28497134, 1847, 7134
7, 408, 28561847, 28570930, 1847, 10930
7, 409, 28631847, 28636948, 1847, 6948
7, 41, 2871847, 2876948, 1847, 6948
7, 410, 28701847, 28707227, 1847, 7227
7, 411, 28771847, 28776948, 1847, 6948
7, 412, 28841847, 28847218, 1847, 7218
7, 413, 28911847, 28917134, 1847, 7134
7, 414, 28981847, 28987117, 1847, 7117
7, 415, 29051847, 29056948, 1847, 6948
7, 416, 29121847, 29127218, 1847, 7218
7, 417, 29191847, 29196948, 1847, 6948
7, 418, 29261847, 29267218, 1847, 7218
7, 419, 29331847, 29337134, 1847, 7134
7, 42, 2941847, 2947117, 1847, 7117
7, 420, 29401847, 29407712, 1847, 7712
7, 421, 29471847, 29476948, 1847, 6948
7, 422, 29541847, 29546948, 1847, 6948
7, 423, 29611847, 29617075, 1847, 7075
7, 424, 29681847, 29690930, 1847, 10930
7, 425, 29751847, 29757351, 1847, 7351
7, 426, 29821847, 29827117, 1847, 7117
7, 427, 29891847, 29896948, 1847, 6948
7, 428, 29961847, 29966948, 1847, 6948
7, 429, 30031847, 30037134, 1847, 7134
7, 43, 3011847, 3016948, 1847, 6948
7, 430, 30101847, 30109384, 1847, 9384
7, 431, 30171847, 30176948, 1847, 6948
7, 432, 30241847, 30248997, 1847, 8997
7, 433, 30311847, 30316948, 1847, 6948
7, 434, 30381847, 30386948, 1847, 6948
7, 435, 30451847, 30459003, 1847, 9003
7, 436, 30521847, 30527218, 1847, 7218
7, 437, 30591847, 30596948, 1847, 6948
7, 438, 30661847, 30667117, 1847, 7117
7, 439, 30731847, 30736948, 1847, 6948
7, 44, 3081847, 3087218, 1847, 7218
7, 440, 30801847, 30809384, 1847, 9384
7, 441, 30871847, 30877134, 1847, 7134
7, 442, 30941847, 30947218, 1847, 7218
7, 443, 31011847, 31016948, 1847, 6948
7, 444, 31081847, 31087117, 1847, 7117
7, 445, 31151847, 31156948, 1847, 6948
7, 446, 31221847, 31227218, 1847, 7218
7, 447, 31291847, 31297134, 1847, 7134
7, 448, 31361847, 31367218, 1847, 7218
7, 449, 31431847, 31436948, 1847, 6948
7, 45, 3151847, 3159003, 1847, 9003
7, 450, 31501847, 31507712, 1847, 7712
7, 451, 31571847, 31577080, 1847, 7080
7, 452, 31641847, 31647218, 1847, 7218
7, 453, 31711847, 31717134, 1847, 7134
7, 454, 31781847, 31786948, 1847, 6948
7, 455, 31851847, 31856948, 1847, 6948
7, 456, 31921847, 31929365, 1847, 9365
7, 457, 31991847, 31996948, 1847, 6948
7, 458, 32061847, 32067218, 1847, 7218
7, 459, 32131847, 32137134, 1847, 7134
7, 46, 3221847, 3226948, 1847, 6948
7, 460, 32201847, 32207227, 1847, 7227
7, 461, 32271847, 32276948, 1847, 6948
7, 462, 32341847, 32347117, 1847, 7117
7, 463, 32411847, 32417134, 1847, 7134
7, 464, 32481847, 32490442, 1847, 10442
7, 465, 32551847, 32557169, 1847, 7169
7, 466, 32621847, 32626948, 1847, 6948
7, 467, 32691847, 32696948, 1847, 6948
7, 468, 32761847, 32767117, 1847, 7117
7, 469, 32831847, 32837134, 1847, 7134
7, 47, 3291847, 3296948, 1847, 6948
7, 470, 32901847, 32909059, 1847, 9059
7, 471, 32971847, 32976948, 1847, 6948
7, 472, 33041847, 33047218, 1847, 7218
7, 473, 33111847, 33116948, 1847, 6948
7, 474, 33181847, 33187572, 1847, 7572
7, 475, 33251847, 33257351, 1847, 7351
7, 476, 33321847, 33327218, 1847, 7218
7, 477, 33391847, 33396948, 1847, 6948
7, 478, 33461847, 33466948, 1847, 6948
7, 479, 33531847, 33536948, 1847, 6948
7, 48, 3361847, 3368997, 1847, 8997
7, 480, 33601847, 33611481, 1847, 11481
7, 481, 33671847, 33677134, 1847, 7134
7, 482, 33741847, 33746948, 1847, 6948
7, 483, 33811847, 33816948, 1847, 6948
7, 484, 33881847, 33886948, 1847, 6948
7, 485, 33951847, 33957316, 1847, 7316
7, 486, 34021847, 34029365, 1847, 9365
7, 487, 34091847, 34097134, 1847, 7134
7, 488, 34161847, 34167218, 1847, 7218
7, 489, 34231847, 34236948, 1847, 6948
7, 49, 3431847, 3436948, 1847, 6948
7, 490, 34301847, 34307227, 1847, 7227
7, 491, 34371847, 34377029, 1847, 7029
7, 492, 34441847, 34448997, 1847, 8997
7, 493, 34511847, 34517134, 1847, 7134
7, 494, 34581847, 34586948, 1847, 6948
7, 495, 34651847, 34657169, 1847, 7169
7, 496, 34721847, 34727218, 1847, 7218
7, 497, 34791847, 34797134, 1847, 7134
7, 498, 34861847, 34868997, 1847, 8997
7, 499, 34931847, 34936948, 1847, 6948
7, 5, 351847, 357351, 1847, 7351
7, 50, 3501847, 3509059, 1847, 9059
7, 500, 35001847, 35007227, 1847, 7227
7, 501, 35071847, 35076948, 1847, 6948
7, 502, 35141847, 35146948, 1847, 6948
7, 503, 35211847, 35217512, 1847, 7512
7, 504, 35281847, 35290930, 1847, 10930
7, 505, 35351847, 35356948, 1847, 6948
7, 506, 35421847, 35426948, 1847, 6948
7, 507, 35491847, 35496948, 1847, 6948
7, 508, 35561847, 35567218, 1847, 7218
7, 509, 35631847, 35637134, 1847, 7134
7, 51, 3571847, 3577134, 1847, 7134
7, 510, 35701847, 35709365, 1847, 9365
7, 511, 35771847, 35776948, 1847, 6948
7, 512, 35841847, 35847218, 1847, 7218
7, 513, 35911847, 35916948, 1847, 6948
7, 514, 35981847, 35987218, 1847, 7218
7, 515, 36051847, 36057351, 1847, 7351
7, 516, 36121847, 36127117, 1847, 7117
7, 517, 36191847, 36196948, 1847, 6948
7, 518, 36261847, 36266948, 1847, 6948
7, 519, 36331847, 36336948, 1847, 6948
7, 52, 3641847, 3646948, 1847, 6948
7, 520, 36401847, 36411481, 1847, 11481
7, 521, 36471847, 36477134, 1847, 7134
7, 522, 36541847, 36547117, 1847, 7117
7, 523, 36611847, 36616948, 1847, 6948
7, 524, 36681847, 36686948, 1847, 6948
7, 525, 36751847, 36757399, 1847, 7399
7, 526, 36821847, 36827218, 1847, 7218
7, 527, 36891847, 36897134, 1847, 7134
7, 528, 36961847, 36968997, 1847, 8997
7, 529, 37031847, 37036948, 1847, 6948
7, 53, 3711847, 3716948, 1847, 6948
7, 530, 37101847, 37107227, 1847, 7227
7, 531, 37171847, 37177134, 1847, 7134
7, 532, 37241847, 37247218, 1847, 7218
7, 533, 37311847, 37316948, 1847, 6948
7, 534, 37381847, 37387117, 1847, 7117
7, 535, 37451847, 37456948, 1847, 6948
7, 536, 37521847, 37527218, 1847, 7218
7, 537, 37591847, 37597134, 1847, 7134
7, 538, 37661847, 37667218, 1847, 7218
7, 539, 37731847, 37736948, 1847, 6948
7, 54, 3781847, 3787117, 1847, 7117
7, 540, 37801847, 37807712, 1847, 7712
7, 541, 37871847, 37876948, 1847, 6948
7, 542, 37941847, 37947218, 1847, 7218
7, 543, 38011847, 38017134, 1847, 7134
7, 544, 38081847, 38090930, 1847, 10930
7, 545, 38151847, 38156948, 1847, 6948
7, 546, 38221847, 38227117, 1847, 7117
7, 547, 38291847, 38296948, 1847, 6948
7, 548, 38361847, 38367218, 1847, 7218
7, 549, 38431847, 38437134, 1847, 7134
7, 55, 3851847, 3857351, 1847, 7351
7, 550, 38501847, 38507227, 1847, 7227
7, 551, 38571847, 38576948, 1847, 6948
7, 552, 38641847, 38648997, 1847, 8997
7, 553, 38711847, 38716948, 1847, 6948
7, 554, 38781847, 38787218, 1847, 7218
7, 555, 38851847, 38859003, 1847, 9003
7, 556, 38921847, 38926948, 1847, 6948
7, 557, 38991847, 38996948, 1847, 6948
7, 558, 39061847, 39067117, 1847, 7117
7, 559, 39131847, 39136948, 1847, 6948
7, 56, 3921847, 3930994, 1847, 10994
7, 560, 39201847, 39210994, 1847, 10994
7, 561, 39271847, 39277134, 1847, 7134
7, 562, 39341847, 39346948, 1847, 6948
7, 563, 39411847, 39416948, 1847, 6948
7, 564, 39481847, 39487117, 1847, 7117
7, 565, 39551847, 39557351, 1847, 7351
7, 566, 39621847, 39627218, 1847, 7218
7, 567, 39691847, 39696948, 1847, 6948
7, 568, 39761847, 39767218, 1847, 7218
7, 569, 39831847, 39836948, 1847, 6948
7, 57, 3991847, 3996948, 1847, 6948
7, 570, 39901847, 39907712, 1847, 7712
7, 571, 39971847, 39977134, 1847, 7134
7, 572, 40041847, 40047218, 1847, 7218
7, 573, 40111847, 40116948, 1847, 6948
7, 574, 40181847, 40186948, 1847, 6948
7, 575, 40251847, 40256948, 1847, 6948
7, 576, 40321847, 40330532, 1847, 10532
7, 577, 40391847, 40397134, 1847, 7134
7, 578, 40461847, 40467218, 1847, 7218
7, 579, 40531847, 40536948, 1847, 6948
7, 58, 4061847, 4066948, 1847, 6948
7, 580, 40601847, 40607227, 1847, 7227
7, 581, 40671847, 40676948, 1847, 6948
7, 582, 40741847, 40748997, 1847, 8997
7, 583, 40811847, 40817134, 1847, 7134
7, 584, 40881847, 40887218, 1847, 7218
7, 585, 40951847, 40957169, 1847, 7169
7, 586, 41021847, 41026948, 1847, 6948
7, 587, 41091847, 41096948, 1847, 6948
7, 588, 41161847, 41168997, 1847, 8997
7, 589, 41231847, 41237134, 1847, 7134
7, 59, 4131847, 4136948, 1847, 6948
7, 590, 41301847, 41307227, 1847, 7227
7, 591, 41371847, 41376948, 1847, 6948
7, 592, 41441847, 41447218, 1847, 7218
7, 593, 41511847, 41516948, 1847, 6948
7, 594, 41581847, 41588997, 1847, 8997
7, 595, 41651847, 41657351, 1847, 7351
7, 596, 41721847, 41726948, 1847, 6948
7, 597, 41791847, 41796948, 1847, 6948
7, 598, 41861847, 41866948, 1847, 6948
7, 599, 41931847, 41937134, 1847, 7134
7, 6, 421847, 427117, 1847, 7117
7, 60, 4201847, 4207712, 1847, 7712
7, 600, 42001847, 42011481, 1847, 11481
7, 601, 42071847, 42076948, 1847, 6948
7, 602, 42141847, 42146948, 1847, 6948
7, 603, 42211847, 42216948, 1847, 6948
7, 604, 42281847, 42287134, 1847, 7134
7, 605, 42351847, 42357351, 1847, 7351
7, 606, 42421847, 42429365, 1847, 9365
7, 607, 42491847, 42496948, 1847, 6948
7, 608, 42561847, 42567218, 1847, 7218
7, 609, 42631847, 42636948, 1847, 6948
7, 61, 4271847, 4277134, 1847, 7134
7, 610, 42701847, 42709384, 1847, 9384
7, 611, 42771847, 42777134, 1847, 7134
7, 612, 42841847, 42848997, 1847, 8997
7, 613, 42911847, 42916948, 1847, 6948
7, 614, 42981847, 42986948, 1847, 6948
7, 615, 43051847, 43057169, 1847, 7169
7, 616, 43121847, 43131481, 1847, 11481
7, 617, 43191847, 43197134, 1847, 7134
7, 618, 43261847, 43267117, 1847, 7117
7, 619, 43331847, 43336948, 1847, 6948
7, 62, 4341847, 4347218, 1847, 7218
7, 620, 43401847, 43407227, 1847, 7227
7, 621, 43471847, 43477134, 1847, 7134
7, 622, 43541847, 43547218, 1847, 7218
7, 623, 43611847, 43617134, 1847, 7134
7, 624, 43681847, 43688997, 1847, 8997
7, 625, 43751847, 43756948, 1847, 6948
7, 626, 43821847, 43826948, 1847, 6948
7, 627, 43891847, 43897075, 1847, 7075
7, 628, 43961847, 43967218, 1847, 7218
7, 629, 44031847, 44037134, 1847, 7134
7, 63, 4411847, 4416948, 1847, 6948
7, 630, 44101847, 44107712, 1847, 7712
7, 631, 44171847, 44176948, 1847, 6948
7, 632, 44241847, 44247218, 1847, 7218
7, 633, 44311847, 44317134, 1847, 7134
7, 634, 44381847, 44387218, 1847, 7218
7, 635, 44451847, 44456948, 1847, 6948
7, 636, 44521847, 44527117, 1847, 7117
7, 637, 44591847, 44596948, 1847, 6948
7, 638, 44661847, 44666948, 1847, 6948
7, 639, 44731847, 44738787, 1847, 8787
7, 64, 4481847, 4487218, 1847, 7218
7, 640, 44801847, 44811481, 1847, 11481
7, 641, 44871847, 44876948, 1847, 6948
7, 642, 44941847, 44947117, 1847, 7117
7, 643, 45011847, 45016948, 1847, 6948
7, 644, 45081847, 45087311, 1847, 7311
7, 645, 45151847, 45159003, 1847, 9003
7, 646, 45221847, 45227218, 1847, 7218
7, 647, 45291847, 45296948, 1847, 6948
7, 648, 45361847, 45368997, 1847, 8997
7, 649, 45431847, 45436948, 1847, 6948
7, 65, 4551847, 4556948, 1847, 6948
7, 650, 45501847, 45509059, 1847, 9059
7, 651, 45571847, 45577134, 1847, 7134
7, 652, 45641847, 45646948, 1847, 6948
7, 653, 45711847, 45716948, 1847, 6948
7, 654, 45781847, 45787117, 1847, 7117
7, 655, 45851847, 45857093, 1847, 7093
7, 656, 45921847, 45930994, 1847, 10994
7, 657, 45991847, 45997134, 1847, 7134
7, 658, 46061847, 46066948, 1847, 6948
7, 659, 46131847, 46136948, 1847, 6948
7, 66, 4621847, 4629182, 1847, 9182
7, 660, 46201847, 46207712, 1847, 7712
7, 661, 46271847, 46277134, 1847, 7134
7, 662, 46341847, 46347218, 1847, 7218
7, 663, 46411847, 46417134, 1847, 7134
7, 664, 46481847, 46487218, 1847, 7218
7, 665, 46551847, 46556948, 1847, 6948
7, 666, 46621847, 46627117, 1847, 7117
7, 667, 46691847, 46697134, 1847, 7134
7, 668, 46761847, 46767218, 1847, 7218
7, 669, 46831847, 46836948, 1847, 6948
7, 67, 4691847, 4697134, 1847, 7134
7, 670, 46901847, 46907227, 1847, 7227
7, 671, 46971847, 46976948, 1847, 6948
7, 672, 47041847, 47048997, 1847, 8997
7, 673, 47111847, 47117134, 1847, 7134
7, 674, 47181847, 47187218, 1847, 7218
7, 675, 47251847, 47257169, 1847, 7169
7, 676, 47321847, 47326948, 1847, 6948
7, 677, 47391847, 47396948, 1847, 6948
7, 678, 47461847, 47468997, 1847, 8997
7, 679, 47531847, 47537134, 1847, 7134
7, 68, 4761847, 4767218, 1847, 7218
7, 680, 47601847, 47610994, 1847, 10994
7, 681, 47671847, 47676948, 1847, 6948
7, 682, 47741847, 47746948, 1847, 6948
7, 683, 47811847, 47816948, 1847, 6948
7, 684, 47881847, 47888997, 1847, 8997
7, 685, 47951847, 47957351, 1847, 7351
7, 686, 48021847, 48026948, 1847, 6948
7, 687, 48091847, 48096948, 1847, 6948
7, 688, 48161847, 48167218, 1847, 7218
7, 689, 48231847, 48236948, 1847, 6948
7, 69, 4831847, 4836948, 1847, 6948
7, 690, 48301847, 48309365, 1847, 9365
7, 691, 48371847, 48377134, 1847, 7134
7, 692, 48441847, 48446948, 1847, 6948
7, 693, 48511847, 48516948, 1847, 6948
7, 694, 48581847, 48586948, 1847, 6948
7, 695, 48651847, 48657210, 1847, 7210
7, 696, 48721847, 48731481, 1847, 11481
7, 697, 48791847, 48797134, 1847, 7134
7, 698, 48861847, 48866948, 1847, 6948
7, 699, 48931847, 48936948, 1847, 6948
7, 7, 491847, 496948, 1847, 6948
7, 70, 4901847, 4907227, 1847, 7227
7, 700, 49001847, 49007227, 1847, 7227
7, 701, 49071847, 49077134, 1847, 7134
7, 702, 49141847, 49148997, 1847, 8997
7, 703, 49211847, 49216948, 1847, 6948
7, 704, 49281847, 49287218, 1847, 7218
7, 705, 49351847, 49357169, 1847, 7169
7, 706, 49421847, 49426948, 1847, 6948
7, 707, 49491847, 49497134, 1847, 7134
7, 708, 49561847, 49568997, 1847, 8997
7, 709, 49631847, 49636948, 1847, 6948
7, 71, 4971847, 4976948, 1847, 6948
7, 710, 49701847, 49707227, 1847, 7227
7, 711, 49771847, 49776948, 1847, 6948
7, 712, 49841847, 49849408, 1847, 9408
7, 713, 49911847, 49917134, 1847, 7134
7, 714, 49981847, 49988997, 1847, 8997
7, 715, 50051847, 50056948, 1847, 6948
7, 716, 50121847, 50126948, 1847, 6948
7, 717, 50191847, 50196948, 1847, 6948
7, 718, 50261847, 50267218, 1847, 7218
7, 719, 50331847, 50337134, 1847, 7134
7, 72, 5041847, 5050930, 1847, 10930
7, 720, 50401847, 50409365, 1847, 9365
7, 721, 50471847, 50476948, 1847, 6948
7, 722, 50541847, 50546948, 1847, 6948
7, 723, 50611847, 50616948, 1847, 6948
7, 724, 50681847, 50687218, 1847, 7218
7, 725, 50751847, 50757351, 1847, 7351
7, 726, 50821847, 50827117, 1847, 7117
7, 727, 50891847, 50896948, 1847, 6948
7, 728, 50961847, 50967218, 1847, 7218
7, 729, 51031847, 51037075, 1847, 7075
7, 73, 5111847, 5117134, 1847, 7134
7, 730, 51101847, 51109384, 1847, 9384
7, 731, 51171847, 51177134, 1847, 7134
7, 732, 51241847, 51247117, 1847, 7117
7, 733, 51311847, 51316948, 1847, 6948
7, 734, 51381847, 51386948, 1847, 6948
7, 735, 51451847, 51459003, 1847, 9003
7, 736, 51521847, 51531481, 1847, 11481
7, 737, 51591847, 51596948, 1847, 6948
7, 738, 51661847, 51667117, 1847, 7117
7, 739, 51731847, 51736948, 1847, 6948
7, 74, 5181847, 5186948, 1847, 6948
7, 740, 51801847, 51807227, 1847, 7227
7, 741, 51871847, 51877134, 1847, 7134
7, 742, 51941847, 51947218, 1847, 7218
7, 743, 52011847, 52016948, 1847, 6948
7, 744, 52081847, 52088997, 1847, 8997
7, 745, 52151847, 52156948, 1847, 6948
7, 746, 52221847, 52227004, 1847, 7004
7, 747, 52291847, 52297134, 1847, 7134
7, 748, 52361847, 52367218, 1847, 7218
7, 749, 52431847, 52436948, 1847, 6948
7, 75, 5251847, 5257169, 1847, 7169
7, 750, 52501847, 52507712, 1847, 7712
7, 751, 52571847, 52576948, 1847, 6948
7, 752, 52641847, 52650442, 1847, 10442
7, 753, 52711847, 52717134, 1847, 7134
7, 754, 52781847, 52786948, 1847, 6948
7, 755, 52851847, 52856948, 1847, 6948
7, 756, 52921847, 52927117, 1847, 7117
7, 757, 52991847, 52997134, 1847, 7134
7, 758, 53061847, 53067218, 1847, 7218
7, 759, 53131847, 53137134, 1847, 7134
7, 76, 5321847, 5326948, 1847, 6948
7, 760, 53201847, 53209384, 1847, 9384
7, 761, 53271847, 53276948, 1847, 6948
7, 762, 53341847, 53347117, 1847, 7117
7, 763, 53411847, 53416948, 1847, 6948
7, 764, 53481847, 53487218, 1847, 7218
7, 765, 53551847, 53559003, 1847, 9003
7, 766, 53621847, 53626948, 1847, 6948
7, 767, 53691847, 53696948, 1847, 6948
7, 768, 53761847, 53768997, 1847, 8997
7, 769, 53831847, 53837134, 1847, 7134
7, 77, 5391847, 5396948, 1847, 6948
7, 770, 53901847, 53909059, 1847, 9059
7, 771, 53971847, 53976948, 1847, 6948
7, 772, 54041847, 54046948, 1847, 6948
7, 773, 54111847, 54116948, 1847, 6948
7, 774, 54181847, 54187117, 1847, 7117
7, 775, 54251847, 54257351, 1847, 7351
7, 776, 54321847, 54330994, 1847, 10994
7, 777, 54391847, 54396948, 1847, 6948
7, 778, 54461847, 54466948, 1847, 6948
7, 779, 54531847, 54536948, 1847, 6948
7, 78, 5461847, 5468997, 1847, 8997
7, 780, 54601847, 54608668, 1847, 8668
7, 781, 54671847, 54677134, 1847, 7134
7, 782, 54741847, 54747218, 1847, 7218
7, 783, 54811847, 54816948, 1847, 6948
7, 784, 54881847, 54887218, 1847, 7218
7, 785, 54951847, 54956948, 1847, 6948
7, 786, 55021847, 55029365, 1847, 9365
7, 787, 55091847, 55097134, 1847, 7134
7, 788, 55161847, 55166948, 1847, 6948
7, 789, 55231847, 55236948, 1847, 6948
7, 79, 5531847, 5537134, 1847, 7134
7, 790, 55301847, 55307227, 1847, 7227
7, 791, 55371847, 55376948, 1847, 6948
7, 792, 55441847, 55450930, 1847, 10930
7, 793, 55511847, 55517134, 1847, 7134
7, 794, 55581847, 55586948, 1847, 6948
7, 795, 55651847, 55657169, 1847, 7169
7, 796, 55721847, 55726948, 1847, 6948
7, 797, 55791847, 55796948, 1847, 6948
7, 798, 55861847, 55868997, 1847, 8997
7, 799, 55931847, 55937134, 1847, 7134
7, 8, 561847, 567218, 1847, 7218
7, 80, 5601847, 5609059, 1847, 9059
7, 800, 56001847, 56009059, 1847, 9059
7, 801, 56071847, 56076948, 1847, 6948
7, 802, 56141847, 56146948, 1847, 6948
7, 803, 56211847, 56217134, 1847, 7134
7, 804, 56281847, 56288997, 1847, 8997
7, 805, 56351847, 56356948, 1847, 6948
7, 806, 56421847, 56426948, 1847, 6948
7, 807, 56491847, 56496948, 1847, 6948
7, 808, 56561847, 56567218, 1847, 7218
7, 809, 56631847, 56637134, 1847, 7134
7, 81, 5671847, 5676948, 1847, 6948
7, 810, 56701847, 56709365, 1847, 9365
7, 811, 56771847, 56776948, 1847, 6948
7, 812, 56841847, 56846948, 1847, 6948
7, 813, 56911847, 56916948, 1847, 6948
7, 814, 56981847, 56987218, 1847, 7218
7, 815, 57051847, 57059409, 1847, 9409
7, 816, 57121847, 57131481, 1847, 11481
7, 817, 57191847, 57196948, 1847, 6948
7, 818, 57261847, 57266948, 1847, 6948
7, 819, 57331847, 57336948, 1847, 6948
7, 82, 5741847, 5746948, 1847, 6948
7, 820, 57401847, 57409384, 1847, 9384
7, 821, 57471847, 57477134, 1847, 7134
7, 822, 57541847, 57547117, 1847, 7117
7, 823, 57611847, 57616948, 1847, 6948
7, 824, 57681847, 57687218, 1847, 7218
7, 825, 57751847, 57757169, 1847, 7169
7, 826, 57821847, 57827218, 1847, 7218
7, 827, 57891847, 57897134, 1847, 7134
7, 828, 57961847, 57967117, 1847, 7117
7, 829, 58031847, 58036948, 1847, 6948
7, 83, 5811847, 5816948, 1847, 6948
7, 830, 58101847, 58107227, 1847, 7227
7, 831, 58171847, 58177075, 1847, 7075
7, 832, 58241847, 58250930, 1847, 10930
7, 833, 58311847, 58317134, 1847, 7134
7, 834, 58381847, 58387117, 1847, 7117
7, 835, 58451847, 58456948, 1847, 6948
7, 836, 58521847, 58526948, 1847, 6948
7, 837, 58591847, 58597134, 1847, 7134
7, 838, 58661847, 58667218, 1847, 7218
7, 839, 58731847, 58736948, 1847, 6948
7, 84, 5881847, 5888997, 1847, 8997
7, 840, 58801847, 58809365, 1847, 9365
7, 841, 58871847, 58876948, 1847, 6948
7, 842, 58941847, 58946948, 1847, 6948
7, 843, 59011847, 59017134, 1847, 7134
7, 844, 59081847, 59087218, 1847, 7218
7, 845, 59151847, 59156948, 1847, 6948
7, 846, 59221847, 59227117, 1847, 7117
7, 847, 59291847, 59296948, 1847, 6948
7, 848, 59361847, 59368824, 1847, 8824
7, 849, 59431847, 59437134, 1847, 7134
7, 85, 5951847, 5957351, 1847, 7351
7, 850, 59501847, 59509384, 1847, 9384
7, 851, 59571847, 59576948, 1847, 6948
7, 852, 59641847, 59647117, 1847, 7117
7, 853, 59711847, 59716948, 1847, 6948
7, 854, 59781847, 59787218, 1847, 7218
7, 855, 59851847, 59859003, 1847, 9003
7, 856, 59921847, 59927218, 1847, 7218
7, 857, 59991847, 59996948, 1847, 6948
7, 858, 60061847, 60067117, 1847, 7117
7, 859, 60131847, 60136948, 1847, 6948
7, 86, 6021847, 6026948, 1847, 6948
7, 860, 60201847, 60209059, 1847, 9059
7, 861, 60271847, 60277134, 1847, 7134
7, 862, 60341847, 60346948, 1847, 6948
7, 863, 60411847, 60416948, 1847, 6948
7, 864, 60481847, 60488997, 1847, 8997
7, 865, 60551847, 60557351, 1847, 7351
7, 866, 60621847, 60627218, 1847, 7218
7, 867, 60691847, 60697134, 1847, 7134
7, 868, 60761847, 60766948, 1847, 6948
7, 869, 60831847, 60836948, 1847, 6948
7, 87, 6091847, 6096948, 1847, 6948
7, 870, 60901847, 60907712, 1847, 7712
7, 871, 60971847, 60977134, 1847, 7134
7, 872, 61041847, 61050442, 1847, 10442
7, 873, 61111847, 61116948, 1847, 6948
7, 874, 61181847, 61186948, 1847, 6948
7, 875, 61251847, 61256948, 1847, 6948
7, 876, 61321847, 61327117, 1847, 7117
7, 877, 61391847, 61397134, 1847, 7134
7, 878, 61461847, 61467218, 1847, 7218
7, 879, 61531847, 61536948, 1847, 6948
7, 88, 6161847, 6167218, 1847, 7218
7, 880, 61601847, 61609384, 1847, 9384
7, 881, 61671847, 61676948, 1847, 6948
7, 882, 61741847, 61748392, 1847, 8392
7, 883, 61811847, 61817134, 1847, 7134
7, 884, 61881847, 61887218, 1847, 7218
7, 885, 61951847, 61957169, 1847, 7169
7, 886, 62021847, 62026948, 1847, 6948
7, 887, 62091847, 62096948, 1847, 6948
7, 888, 62161847, 62170930, 1847, 10930
7, 889, 62231847, 62237134, 1847, 7134
7, 89, 6231847, 6237134, 1847, 7134
7, 890, 62301847, 62307227, 1847, 7227
7, 891, 62371847, 62376948, 1847, 6948
7, 892, 62441847, 62446948, 1847, 6948
7, 893, 62511847, 62516948, 1847, 6948
7, 894, 62581847, 62588997, 1847, 8997
7, 895, 62651847, 62657351, 1847, 7351
7, 896, 62721847, 62727218, 1847, 7218
7, 897, 62791847, 62796948, 1847, 6948
7, 898, 62861847, 62866948, 1847, 6948
7, 899, 62931847, 62936948, 1847, 6948
7, 9, 631847, 636948, 1847, 6948
7, 90, 6301847, 6309365, 1847, 9365
7, 900, 63001847, 63009365, 1847, 9365
7, 901, 63071847, 63077134, 1847, 7134
7, 902, 63141847, 63146948, 1847, 6948
7, 903, 63211847, 63216948, 1847, 6948
7, 904, 63281847, 63287218, 1847, 7218
7, 905, 63351847, 63357351, 1847, 7351
7, 906, 63421847, 63429365, 1847, 9365
7, 907, 63491847, 63496948, 1847, 6948
7, 908, 63561847, 63566948, 1847, 6948
7, 909, 63631847, 63636948, 1847, 6948
7, 91, 6371847, 6376948, 1847, 6948
7, 910, 63701847, 63707617, 1847, 7617
7, 911, 63771847, 63777134, 1847, 7134
7, 912, 63841847, 63850930, 1847, 10930
7, 913, 63911847, 63916948, 1847, 6948
7, 914, 63981847, 63986948, 1847, 6948
7, 915, 64051847, 64057169, 1847, 7169
7, 916, 64121847, 64127004, 1847, 7004
7, 917, 64191847, 64197134, 1847, 7134
7, 918, 64261847, 64268997, 1847, 8997
7, 919, 64331847, 64336948, 1847, 6948
7, 92, 6441847, 6446948, 1847, 6948
7, 920, 64401847, 64409059, 1847, 9059
7, 921, 64471847, 64476948, 1847, 6948
7, 922, 64541847, 64547218, 1847, 7218
7, 923, 64611847, 64617134, 1847, 7134
7, 924, 64681847, 64687117, 1847, 7117
7, 925, 64751847, 64756948, 1847, 6948
7, 926, 64821847, 64826948, 1847, 6948
7, 927, 64891847, 64896948, 1847, 6948
7, 928, 64961847, 64970930, 1847, 10930
7, 929, 65031847, 65037134, 1847, 7134
7, 93, 6511847, 6516948, 1847, 6948
7, 930, 65101847, 65107712, 1847, 7712
7, 931, 65171847, 65176948, 1847, 6948
7, 932, 65241847, 65246948, 1847, 6948
7, 933, 65311847, 65317075, 1847, 7075
7, 934, 65381847, 65387218, 1847, 7218
7, 935, 65451847, 65457351, 1847, 7351
7, 936, 65521847, 65529365, 1847, 9365
7, 937, 65591847, 65596948, 1847, 6948
7, 938, 65661847, 65666948, 1847, 6948
7, 939, 65731847, 65737134, 1847, 7134
7, 94, 6581847, 6587218, 1847, 7218
7, 940, 65801847, 65809384, 1847, 9384
7, 941, 65871847, 65876948, 1847, 6948
7, 942, 65941847, 65947117, 1847, 7117
7, 943, 66011847, 66016948, 1847, 6948
7, 944, 66081847, 66087218, 1847, 7218
7, 945, 66151847, 66159003, 1847, 9003
7, 946, 66221847, 66227218, 1847, 7218
7, 947, 66291847, 66296948, 1847, 6948
7, 948, 66361847, 66367117, 1847, 7117
7, 949, 66431847, 66436948, 1847, 6948
7, 95, 6651847, 6658780, 1847, 8780
7, 950, 66501847, 66509059, 1847, 9059
7, 951, 66571847, 66577134, 1847, 7134
7, 952, 66641847, 66650930, 1847, 10930
7, 953, 66711847, 66716948, 1847, 6948
7, 954, 66781847, 66787117, 1847, 7117
7, 955, 66851847, 66856948, 1847, 6948
7, 956, 66921847, 66927218, 1847, 7218
7, 957, 66991847, 66997134, 1847, 7134
7, 958, 67061847, 67066948, 1847, 6948
7, 959, 67131847, 67136948, 1847, 6948
7, 96, 6721847, 6731481, 1847, 11481
7, 960, 67201847, 67209365, 1847, 9365
7, 961, 67271847, 67277080, 1847, 7080
7, 962, 67341847, 67347218, 1847, 7218
7, 963, 67411847, 67417134, 1847, 7134
7, 964, 67481847, 67486948, 1847, 6948
7, 965, 67551847, 67556948, 1847, 6948
7, 966, 67621847, 67627117, 1847, 7117
7, 967, 67691847, 67697028, 1847, 7028
7, 968, 67761847, 67770442, 1847, 10442
7, 969, 67831847, 67837134, 1847, 7134
7, 97, 6791847, 6796948, 1847, 6948
7, 970, 67901847, 67907227, 1847, 7227
7, 971, 67971847, 67976948, 1847, 6948
7, 972, 68041847, 68047117, 1847, 7117
7, 973, 68111847, 68117134, 1847, 7134
7, 974, 68181847, 68187218, 1847, 7218
7, 975, 68251847, 68257169, 1847, 7169
7, 976, 68321847, 68327218, 1847, 7218
7, 977, 68391847, 68396948, 1847, 6948
7, 978, 68461847, 68467117, 1847, 7117
7, 979, 68531847, 68537134, 1847, 7134
7, 98, 6861847, 6866948, 1847, 6948
7, 980, 68601847, 68609059, 1847, 9059
7, 981, 68671847, 68676948, 1847, 6948
7, 982, 68741847, 68746948, 1847, 6948
7, 983, 68811847, 68816948, 1847, 6948
7, 984, 68881847, 68889018, 1847, 9018
7, 985, 68951847, 68957351, 1847, 7351
7, 986, 69021847, 69027218, 1847, 7218
7, 987, 69091847, 69096948, 1847, 6948
7, 988, 69161847, 69166948, 1847, 6948
7, 989, 69231847, 69236948, 1847, 6948
7, 99, 6931847, 6936948, 1847, 6948
7, 990, 69301847, 69309365, 1847, 9365
7, 991, 69371847, 69377134, 1847, 7134
7, 992, 69441847, 69447218, 1847, 7218
7, 993, 69511847, 69516948, 1847, 6948
7, 994, 69581847, 69586948, 1847, 6948
7, 995, 69651847, 69656948, 1847, 6948
7, 996, 69721847, 69729365, 1847, 9365
7, 997, 69791847, 69797134, 1847, 7134
7, 998, 69861847, 69866948, 1847, 6948
7, 999, 69931847, 69936948, 1847, 6948
8, 0, 2958, 13084, 2958, 13084
8, 1, 82958, 88930, 2958, 8930
8, 10, 802958, 808930, 2958, 8930
8, 100, 8002958, 8008930, 2958, 8930
8, 1000, 80002958, 80008930, 2958, 8930
8, 1001, 80082958, 80092716, 2958, 12716
8, 1002, 80162958, 80168930, 2958, 8930
8, 1003, 80242958, 80248930, 2958, 8930
8, 1004, 80322958, 80328930, 2958, 8930
8, 1005, 80402958, 80408930, 2958, 8930
8, 1006, 80482958, 80488930, 2958, 8930
8, 1007, 80562958, 80568930, 2958, 8930
8, 1008, 80642958, 80650541, 2958, 10541
8, 1009, 80722958, 80728930, 2958, 8930
8, 101, 8082958, 8088930, 2958, 8930
8, 1010, 80802958, 80808930, 2958, 8930
8, 1011, 80882958, 80888930, 2958, 8930
8, 1012, 80962958, 80968930, 2958, 8930
8, 1013, 81042958, 81048930, 2958, 8930
8, 1014, 81122958, 81128930, 2958, 8930
8, 1015, 81202958, 81212759, 2958, 12759
8, 1016, 81282958, 81288930, 2958, 8930
8, 1017, 81362958, 81368930, 2958, 8930
8, 1018, 81442958, 81448930, 2958, 8930
8, 1019, 81522958, 81528930, 2958, 8930
8, 102, 8162958, 8168930, 2958, 8930
8, 1020, 81602958, 81608930, 2958, 8930
8, 1021, 81682958, 81688930, 2958, 8930
8, 1022, 81762958, 81770541, 2958, 10541
8, 1023, 81842958, 81848930, 2958, 8930
8, 1024, 81922958, 81928930, 2958, 8930
8, 1025, 82002958, 82008930, 2958, 8930
8, 1026, 82082958, 82088930, 2958, 8930
8, 1027, 82162958, 82168930, 2958, 8930
8, 1028, 82242958, 82248930, 2958, 8930
8, 1029, 82322958, 82330908, 2958, 10908
8, 103, 8242958, 8248930, 2958, 8930
8, 1030, 82402958, 82408930, 2958, 8930
8, 1031, 82482958, 82488930, 2958, 8930
8, 1032, 82562958, 82568930, 2958, 8930
8, 1033, 82642958, 82648930, 2958, 8930
8, 1034, 82722958, 82728930, 2958, 8930
8, 1035, 82802958, 82808930, 2958, 8930
8, 1036, 82882958, 82892391, 2958, 12391
8, 1037, 82962958, 82968930, 2958, 8930
8, 1038, 83042958, 83048930, 2958, 8930
8, 1039, 83122958, 83128930, 2958, 8930
8, 104, 8322958, 8328930, 2958, 8930
8, 1040, 83202958, 83208930, 2958, 8930
8, 1041, 83282958, 83288930, 2958, 8930
8, 1042, 83362958, 83368930, 2958, 8930
8, 1043, 83442958, 83450541, 2958, 10541
8, 1044, 83522958, 83528930, 2958, 8930
8, 1045, 83602958, 83608930, 2958, 8930
8, 1046, 83682958, 83688930, 2958, 8930
8, 1047, 83762958, 83768930, 2958, 8930
8, 1048, 83842958, 83848930, 2958, 8930
8, 1049, 83922958, 83928930, 2958, 8930
8, 105, 8402958, 8411679, 2958, 11679
8, 1050, 84002958, 84013084, 2958, 13084
8, 1051, 84082958, 84089660, 2958, 9660
8, 1052, 84162958, 84168930, 2958, 8930
8, 1053, 84242958, 84248930, 2958, 8930
8, 1054, 84322958, 84328930, 2958, 8930
8, 1055, 84402958, 84408930, 2958, 8930
8, 1056, 84482958, 84488930, 2958, 8930
8, 1057, 84562958, 84570216, 2958, 10216
8, 1058, 84642958, 84648930, 2958, 8930
8, 1059, 84722958, 84728930, 2958, 8930
8, 106, 8482958, 8488930, 2958, 8930
8, 1060, 84802958, 84808930, 2958, 8930
8, 1061, 84882958, 84888930, 2958, 8930
8, 1062, 84962958, 84968930, 2958, 8930
8, 1063, 85042958, 85048930, 2958, 8930
8, 1064, 85122958, 85130908, 2958, 10908
8, 1065, 85202958, 85208930, 2958, 8930
8, 1066, 85282958, 85288930, 2958, 8930
8, 1067, 85362958, 85368930, 2958, 8930
8, 1068, 85442958, 85448930, 2958, 8930
8, 1069, 85522958, 85528930, 2958, 8930
8, 107, 8562958, 8568930, 2958, 8930
8, 1070, 85602958, 85608930, 2958, 8930
8, 1071, 85682958, 85692716, 2958, 12716
8, 1072, 85762958, 85768930, 2958, 8930
8, 1073, 85842958, 85848930, 2958, 8930
8, 1074, 85922958, 85928930, 2958, 8930
8, 1075, 86002958, 86008930, 2958, 8930
8, 1076, 86082958, 86088930, 2958, 8930
8, 1077, 86162958, 86168930, 2958, 8930
8, 1078, 86242958, 86250216, 2958, 10216
8, 1079, 86322958, 86328930, 2958, 8930
8, 108, 8642958, 8648930, 2958, 8930
8, 1080, 86402958, 86408930, 2958, 8930
8, 1081, 86482958, 86488930, 2958, 8930
8, 1082, 86562958, 86568930, 2958, 8930
8, 1083, 86642958, 86648930, 2958, 8930
8, 1084, 86722958, 86728930, 2958, 8930
8, 1085, 86802958, 86813084, 2958, 13084
8, 1086, 86882958, 86888930, 2958, 8930
8, 1087, 86962958, 86968930, 2958, 8930
8, 1088, 87042958, 87048930, 2958, 8930
8, 1089, 87122958, 87128930, 2958, 8930
8, 109, 8722958, 8728930, 2958, 8930
8, 1090, 87202958, 87208930, 2958, 8930
8, 1091, 87282958, 87288930, 2958, 8930
8, 1092, 87362958, 87370541, 2958, 10541
8, 1093, 87442958, 87448930, 2958, 8930
8, 1094, 87522958, 87528930, 2958, 8930
8, 1095, 87602958, 87608930, 2958, 8930
8, 1096, 87682958, 87688930, 2958, 8930
8, 1097, 87762958, 87768930, 2958, 8930
8, 1098, 87842958, 87848930, 2958, 8930
8, 1099, 87922958, 87931582, 2958, 11582
8, 11, 882958, 888930, 2958, 8930
8, 110, 8802958, 8808930, 2958, 8930
8, 1100, 88002958, 88008930, 2958, 8930
8, 1101, 88082958, 88088930, 2958, 8930
8, 1102, 88162958, 88168930, 2958, 8930
8, 1103, 88242958, 88248930, 2958, 8930
8, 1104, 88322958, 88328930, 2958, 8930
8, 1105, 88402958, 88408930, 2958, 8930
8, 1106, 88482958, 88490541, 2958, 10541
8, 1107, 88562958, 88568930, 2958, 8930
8, 1108, 88642958, 88648930, 2958, 8930
8, 1109, 88722958, 88728930, 2958, 8930
8, 111, 8882958, 8888930, 2958, 8930
8, 1110, 88802958, 88808930, 2958, 8930
8, 1111, 88882958, 88888930, 2958, 8930
8, 1112, 88962958, 88968930, 2958, 8930
8, 1113, 89042958, 89050541, 2958, 10541
8, 1114, 89122958, 89128930, 2958, 8930
8, 1115, 89202958, 89208930, 2958, 8930
8, 1116, 89282958, 89288930, 2958, 8930
8, 1117, 89362958, 89368930, 2958, 8930
8, 1118, 89442958, 89448930, 2958, 8930
8, 1119, 89522958, 89528930, 2958, 8930
8, 112, 8962958, 8970216, 2958, 10216
8, 1120, 89602958, 89612759, 2958, 12759
8, 1121, 89682958, 89688930, 2958, 8930
8, 1122, 89762958, 89768930, 2958, 8930
8, 1123, 89842958, 89848930, 2958, 8930
8, 1124, 89922958, 89928930, 2958, 8930
8, 1125, 90002958, 90008930, 2958, 8930
8, 1126, 90082958, 90088930, 2958, 8930
8, 1127, 90162958, 90170541, 2958, 10541
8, 1128, 90242958, 90248930, 2958, 8930
8, 1129, 90322958, 90328930, 2958, 8930
8, 113, 9042958, 9048930, 2958, 8930
8, 1130, 90402958, 90408930, 2958, 8930
8, 1131, 90482958, 90488930, 2958, 8930
8, 1132, 90562958, 90568930, 2958, 8930
8, 1133, 90642958, 90648930, 2958, 8930
8, 1134, 90722958, 90733084, 2958, 13084
8, 1135, 90802958, 90808930, 2958, 8930
8, 1136, 90882958, 90888930, 2958, 8930
8, 1137, 90962958, 90968930, 2958, 8930
8, 1138, 91042958, 91048930, 2958, 8930
8, 1139, 91122958, 91128930, 2958, 8930
8, 114, 9122958, 9128930, 2958, 8930
8, 1140, 91202958, 91208930, 2958, 8930
8, 1141, 91282958, 91290216, 2958, 10216
8, 1142, 91362958, 91368930, 2958, 8930
8, 1143, 91442958, 91448930, 2958, 8930
8, 1144, 91522958, 91528930, 2958, 8930
8, 1145, 91602958, 91608930, 2958, 8930
8, 1146, 91682958, 91688930, 2958, 8930
8, 1147, 91762958, 91768930, 2958, 8930
8, 1148, 91842958, 91850541, 2958, 10541
8, 1149, 91922958, 91928930, 2958, 8930
8, 115, 9202958, 9208930, 2958, 8930
8, 1150, 92002958, 92008930, 2958, 8930
8, 1151, 92082958, 92088930, 2958, 8930
8, 1152, 92162958, 92168930, 2958, 8930
8, 1153, 92242958, 92248930, 2958, 8930
8, 1154, 92322958, 92328930, 2958, 8930
8, 1155, 92402958, 92413084, 2958, 13084
8, 1156, 92482958, 92488930, 2958, 8930
8, 1157, 92562958, 92568930, 2958, 8930
8, 1158, 92642958, 92648930, 2958, 8930
8, 1159, 92722958, 92728930, 2958, 8930
8, 116, 9282958, 9288930, 2958, 8930
8, 1160, 92802958, 92808930, 2958, 8930
8, 1161, 92882958, 92888930, 2958, 8930
8, 1162, 92962958, 92970216, 2958, 10216
8, 1163, 93042958, 93048930, 2958, 8930
8, 1164, 93122958, 93128930, 2958, 8930
8, 1165, 93202958, 93208930, 2958, 8930
8, 1166, 93282958, 93288930, 2958, 8930
8, 1167, 93362958, 93368930, 2958, 8930
8, 1168, 93442958, 93448930, 2958, 8930
8, 1169, 93522958, 93533084, 2958, 13084
8, 117, 9362958, 9368930, 2958, 8930
8, 1170, 93602958, 93608930, 2958, 8930
8, 1171, 93682958, 93688930, 2958, 8930
8, 1172, 93762958, 93768930, 2958, 8930
8, 1173, 93842958, 93848930, 2958, 8930
8, 1174, 93922958, 93928930, 2958, 8930
8, 1175, 94002958, 94008930, 2958, 8930
8, 1176, 94082958, 94090541, 2958, 10541
8, 1177, 94162958, 94168930, 2958, 8930
8, 1178, 94242958, 94248930, 2958, 8930
8, 1179, 94322958, 94328930, 2958, 8930
8, 118, 9442958, 9448930, 2958, 8930
8, 1180, 94402958, 94408930, 2958, 8930
8, 1181, 94482958, 94488930, 2958, 8930
8, 1182, 94562958, 94568930, 2958, 8930
8, 1183, 94642958, 94650216, 2958, 10216
8, 1184, 94722958, 94728930, 2958, 8930
8, 1185, 94802958, 94808930, 2958, 8930
8, 1186, 94882958, 94888930, 2958, 8930
8, 1187, 94962958, 94968930, 2958, 8930
8, 1188, 95042958, 95048930, 2958, 8930
8, 1189, 95122958, 95128930, 2958, 8930
8, 119, 9522958, 9533084, 2958, 13084
8, 1190, 95202958, 95213084, 2958, 13084
8, 1191, 95282958, 95288930, 2958, 8930
8, 1192, 95362958, 95368930, 2958, 8930
8, 1193, 95442958, 95448930, 2958, 8930
8, 1194, 95522958, 95528930, 2958, 8930
8, 1195, 95602958, 95608930, 2958, 8930
8, 1196, 95682958, 95688930, 2958, 8930
8, 1197, 95762958, 95770541, 2958, 10541
8, 1198, 95842958, 95848930, 2958, 8930
8, 1199, 95922958, 95928930, 2958, 8930
8, 12, 962958, 968930, 2958, 8930
8, 120, 9602958, 9608930, 2958, 8930
8, 1200, 96002958, 96008930, 2958, 8930
8, 1201, 96082958, 96088930, 2958, 8930
8, 1202, 96162958, 96168930, 2958, 8930
8, 1203, 96242958, 96248930, 2958, 8930
8, 1204, 96322958, 96332759, 2958, 12759
8, 1205, 96402958, 96408930, 2958, 8930
8, 1206, 96482958, 96488930, 2958, 8930
8, 1207, 96562958, 96568930, 2958, 8930
8, 1208, 96642958, 96648930, 2958, 8930
8, 1209, 96722958, 96728930, 2958, 8930
8, 121, 9682958, 9688930, 2958, 8930
8, 1210, 96802958, 96808930, 2958, 8930
8, 1211, 96882958, 96890541, 2958, 10541
8, 1212, 96962958, 96968930, 2958, 8930
8, 1213, 97042958, 97048930, 2958, 8930
8, 1214, 97122958, 97128930, 2958, 8930
8, 1215, 97202958, 97208930, 2958, 8930
8, 1216, 97282958, 97288930, 2958, 8930
8, 1217, 97362958, 97368930, 2958, 8930
8, 1218, 97442958, 97451541, 2958, 11541
8, 1219, 97522958, 97528930, 2958, 8930
8, 122, 9762958, 9768930, 2958, 8930
8, 1220, 97602958, 97608930, 2958, 8930
8, 1221, 97682958, 97688930, 2958, 8930
8, 1222, 97762958, 97769844, 2958, 9844
8, 1223, 97842958, 97848930, 2958, 8930
8, 1224, 97922958, 97928930, 2958, 8930
8, 1225, 98002958, 98010667, 2958, 10667
8, 1226, 98082958, 98088930, 2958, 8930
8, 1227, 98162958, 98168930, 2958, 8930
8, 1228, 98242958, 98248930, 2958, 8930
8, 1229, 98322958, 98328930, 2958, 8930
8, 123, 9842958, 9848930, 2958, 8930
8, 1230, 98402958, 98408930, 2958, 8930
8, 1231, 98482958, 98488930, 2958, 8930
8, 1232, 98562958, 98570541, 2958, 10541
8, 1233, 98642958, 98648930, 2958, 8930
8, 1234, 98722958, 98728930, 2958, 8930
8, 1235, 98802958, 98808930, 2958, 8930
8, 1236, 98882958, 98888930, 2958, 8930
8, 1237, 98962958, 98968930, 2958, 8930
8, 1238, 99042958, 99048930, 2958, 8930
8, 1239, 99122958, 99133084, 2958, 13084
8, 124, 9922958, 9928930, 2958, 8930
8, 1240, 99202958, 99208930, 2958, 8930
8, 1241, 99282958, 99288930, 2958, 8930
8, 1242, 99362958, 99368930, 2958, 8930
8, 1243, 99442958, 99448930, 2958, 8930
8, 1244, 99522958, 99528930, 2958, 8930
8, 1245, 99602958, 99608930, 2958, 8930
8, 1246, 99682958, 99690216, 2958, 10216
8, 1247, 99762958, 99768930, 2958, 8930
8, 1248, 99842958, 99848930, 2958, 8930
8, 1249, 99922958, 99928930, 2958, 8930
8, 125, 10002958, 10008930, 2958, 8930
8, 1250, 100002958, 100008930, 2958, 8930
8, 1251, 100082958, 100088930, 2958, 8930
8, 1252, 100162958, 100168930, 2958, 8930
8, 1253, 100242958, 100252716, 2958, 12716
8, 1254, 100322958, 100328930, 2958, 8930
8, 1255, 100402958, 100408930, 2958, 8930
8, 1256, 100482958, 100488930, 2958, 8930
8, 1257, 100562958, 100568930, 2958, 8930
8, 1258, 100642958, 100648930, 2958, 8930
8, 1259, 100722958, 100728930, 2958, 8930
8, 126, 10082958, 10090541, 2958, 10541
8, 1260, 100802958, 100811679, 2958, 11679
8, 1261, 100882958, 100888930, 2958, 8930
8, 1262, 100962958, 100968930, 2958, 8930
8, 1263, 101042958, 101048930, 2958, 8930
8, 1264, 101122958, 101128930, 2958, 8930
8, 1265, 101202958, 101208930, 2958, 8930
8, 1266, 101282958, 101288930, 2958, 8930
8, 1267, 101362958, 101370216, 2958, 10216
8, 1268, 101442958, 101448930, 2958, 8930
8, 1269, 101522958, 101528930, 2958, 8930
8, 127, 10162958, 10168930, 2958, 8930
8, 1270, 101602958, 101608930, 2958, 8930
8, 1271, 101682958, 101688930, 2958, 8930
8, 1272, 101762958, 101768930, 2958, 8930
8, 1273, 101842958, 101848930, 2958, 8930
8, 1274, 101922958, 101933084, 2958, 13084
8, 1275, 102002958, 102008930, 2958, 8930
8, 1276, 102082958, 102088930, 2958, 8930
8, 1277, 102162958, 102168930, 2958, 8930
8, 1278, 102242958, 102248930, 2958, 8930
8, 1279, 102322958, 102328930, 2958, 8930
8, 128, 10242958, 10248930, 2958, 8930
8, 1280, 102402958, 102408930, 2958, 8930
8, 1281, 102482958, 102490541, 2958, 10541
8, 1282, 102562958, 102568930, 2958, 8930
8, 1283, 102642958, 102648930, 2958, 8930
8, 1284, 102722958, 102728930, 2958, 8930
8, 1285, 102802958, 102808930, 2958, 8930
8, 1286, 102882958, 102888930, 2958, 8930
8, 1287, 102962958, 102968930, 2958, 8930
8, 1288, 103042958, 103052391, 2958, 12391
8, 1289, 103122958, 103128930, 2958, 8930
8, 129, 10322958, 10328930, 2958, 8930
8, 1290, 103202958, 103208930, 2958, 8930
8, 1291, 103282958, 103288930, 2958, 8930
8, 1292, 103362958, 103368930, 2958, 8930
8, 1293, 103442958, 103448930, 2958, 8930
8, 1294, 103522958, 103528930, 2958, 8930
8, 1295, 103602958, 103610992, 2958, 10992
8, 1296, 103682958, 103688930, 2958, 8930
8, 1297, 103762958, 103768930, 2958, 8930
8, 1298, 103842958, 103848930, 2958, 8930
8, 1299, 103922958, 103928930, 2958, 8930
8, 13, 1042958, 1048930, 2958, 8930
8, 130, 10402958, 10408930, 2958, 8930
8, 1300, 104002958, 104008930, 2958, 8930
8, 1301, 104082958, 104088930, 2958, 8930
8, 1302, 104162958, 104170541, 2958, 10541
8, 1303, 104242958, 104248930, 2958, 8930
8, 1304, 104322958, 104328930, 2958, 8930
8, 1305, 104402958, 104408930, 2958, 8930
8, 1306, 104482958, 104488930, 2958, 8930
8, 1307, 104562958, 104568930, 2958, 8930
8, 1308, 104642958, 104648930, 2958, 8930
8, 1309, 104722958, 104732759, 2958, 12759
8, 131, 10482958, 10488930, 2958, 8930
8, 1310, 104802958, 104808930, 2958, 8930
8, 1311, 104882958, 104888930, 2958, 8930
8, 1312, 104962958, 104968930, 2958, 8930
8, 1313, 105042958, 105048930, 2958, 8930
8, 1314, 105122958, 105128930, 2958, 8930
8, 1315, 105202958, 105208930, 2958, 8930
8, 1316, 105282958, 105290541, 2958, 10541
8, 1317, 105362958, 105368930, 2958, 8930
8, 1318, 105442958, 105448930, 2958, 8930
8, 1319, 105522958, 105528930, 2958, 8930
8, 132, 10562958, 10568930, 2958, 8930
8, 1320, 105602958, 105608930, 2958, 8930
8, 1321, 105682958, 105688930, 2958, 8930
8, 1322, 105762958, 105768930, 2958, 8930
8, 1323, 105842958, 105852716, 2958, 12716
8, 1324, 105922958, 105928930, 2958, 8930
8, 1325, 106002958, 106008930, 2958, 8930
8, 1326, 106082958, 106088930, 2958, 8930
8, 1327, 106162958, 106168930, 2958, 8930
8, 1328, 106242958, 106248930, 2958, 8930
8, 1329, 106322958, 106328930, 2958, 8930
8, 133, 10642958, 10652391, 2958, 12391
8, 1330, 106402958, 106410667, 2958, 10667
8, 1331, 106482958, 106488930, 2958, 8930
8, 1332, 106562958, 106568930, 2958, 8930
8, 1333, 106642958, 106648930, 2958, 8930
8, 1334, 106722958, 106728930, 2958, 8930
8, 1335, 106802958, 106808930, 2958, 8930
8, 1336, 106882958, 106888930, 2958, 8930
8, 1337, 106962958, 106971914, 2958, 11914
8, 1338, 107042958, 107048930, 2958, 8930
8, 1339, 107122958, 107128930, 2958, 8930
8, 134, 10722958, 10728930, 2958, 8930
8, 1340, 107202958, 107208930, 2958, 8930
8, 1341, 107282958, 107288930, 2958, 8930
8, 1342, 107362958, 107368930, 2958, 8930
8, 1343, 107442958, 107448930, 2958, 8930
8, 1344, 107522958, 107530908, 2958, 10908
8, 1345, 107602958, 107608930, 2958, 8930
8, 1346, 107682958, 107688930, 2958, 8930
8, 1347, 107762958, 107768930, 2958, 8930
8, 1348, 107842958, 107848930, 2958, 8930
8, 1349, 107922958, 107928930, 2958, 8930
8, 135, 10802958, 10808930, 2958, 8930
8, 1350, 108002958, 108008930, 2958, 8930
8, 1351, 108082958, 108090216, 2958, 10216
8, 1352, 108162958, 108168930, 2958, 8930
8, 1353, 108242958, 108248930, 2958, 8930
8, 1354, 108322958, 108328930, 2958, 8930
8, 1355, 108402958, 108408930, 2958, 8930
8, 1356, 108482958, 108488930, 2958, 8930
8, 1357, 108562958, 108568930, 2958, 8930
8, 1358, 108642958, 108652716, 2958, 12716
8, 1359, 108722958, 108728930, 2958, 8930
8, 136, 10882958, 10888930, 2958, 8930
8, 1360, 108802958, 108808930, 2958, 8930
8, 1361, 108882958, 108888930, 2958, 8930
8, 1362, 108962958, 108968930, 2958, 8930
8, 1363, 109042958, 109048930, 2958, 8930
8, 1364, 109122958, 109128930, 2958, 8930
8, 1365, 109202958, 109211679, 2958, 11679
8, 1366, 109282958, 109288930, 2958, 8930
8, 1367, 109362958, 109368930, 2958, 8930
8, 1368, 109442958, 109448930, 2958, 8930
8, 1369, 109522958, 109528930, 2958, 8930
8, 137, 10962958, 10968930, 2958, 8930
8, 1370, 109602958, 109608930, 2958, 8930
8, 1371, 109682958, 109688930, 2958, 8930
8, 1372, 109762958, 109772391, 2958, 12391
8, 1373, 109842958, 109848930, 2958, 8930
8, 1374, 109922958, 109928930, 2958, 8930
8, 1375, 110002958, 110008930, 2958, 8930
8, 1376, 110082958, 110088930, 2958, 8930
8, 1377, 110162958, 110168930, 2958, 8930
8, 1378, 110242958, 110248930, 2958, 8930
8, 1379, 110322958, 110330908, 2958, 10908
8, 138, 11042958, 11048930, 2958, 8930
8, 1380, 110402958, 110408930, 2958, 8930
8, 1381, 110482958, 110488930, 2958, 8930
8, 1382, 110562958, 110568930, 2958, 8930
8, 1383, 110642958, 110648930, 2958, 8930
8, 1384, 110722958, 110728930, 2958, 8930
8, 1385, 110802958, 110808930, 2958, 8930
8, 1386, 110882958, 110890541, 2958, 10541
8, 1387, 110962958, 110968930, 2958, 8930
8, 1388, 111042958, 111048930, 2958, 8930
8, 1389, 111122958, 111128930, 2958, 8930
8, 139, 11122958, 11128930, 2958, 8930
8, 1390, 111202958, 111208930, 2958, 8930
8, 1391, 111282958, 111288930, 2958, 8930
8, 1392, 111362958, 111368930, 2958, 8930
8, 1393, 111442958, 111452391, 2958, 12391
8, 1394, 111522958, 111528930, 2958, 8930
8, 1395, 111602958, 111608930, 2958, 8930
8, 1396, 111682958, 111688930, 2958, 8930
8, 1397, 111762958, 111768930, 2958, 8930
8, 1398, 111842958, 111848930, 2958, 8930
8, 1399, 111922958, 111928930, 2958, 8930
8, 14, 1122958, 1133084, 2958, 13084
8, 140, 11202958, 11210992, 2958, 10992
8, 1400, 112002958, 112010992, 2958, 10992
8, 1401, 112082958, 112088930, 2958, 8930
8, 1402, 112162958, 112168930, 2958, 8930
8, 1403, 112242958, 112248930, 2958, 8930
8, 1404, 112322958, 112328930, 2958, 8930
8, 1405, 112402958, 112408930, 2958, 8930
8, 1406, 112482958, 112488930, 2958, 8930
8, 1407, 112562958, 112572716, 2958, 12716
8, 1408, 112642958, 112648930, 2958, 8930
8, 1409, 112722958, 112728930, 2958, 8930
8, 141, 11282958, 11288930, 2958, 8930
8, 1410, 112802958, 112808930, 2958, 8930
8, 1411, 112882958, 112888930, 2958, 8930
8, 1412, 112962958, 112968930, 2958, 8930
8, 1413, 113042958, 113048930, 2958, 8930
8, 1414, 113122958, 113130583, 2958, 10583
8, 1415, 113202958, 113208930, 2958, 8930
8, 1416, 113282958, 113288930, 2958, 8930
8, 1417, 113362958, 113368930, 2958, 8930
8, 1418, 113442958, 113448930, 2958, 8930
8, 1419, 113522958, 113528930, 2958, 8930
8, 142, 11362958, 11368930, 2958, 8930
8, 1420, 113602958, 113608930, 2958, 8930
8, 1421, 113682958, 113690651, 2958, 10651
8, 1422, 113762958, 113768930, 2958, 8930
8, 1423, 113842958, 113848930, 2958, 8930
8, 1424, 113922958, 113928930, 2958, 8930
8, 1425, 114002958, 114008930, 2958, 8930
8, 1426, 114082958, 114088930, 2958, 8930
8, 1427, 114162958, 114168930, 2958, 8930
8, 1428, 114242958, 114252716, 2958, 12716
8, 1429, 114322958, 114328930, 2958, 8930
8, 143, 11442958, 11448930, 2958, 8930
8, 1430, 114402958, 114408930, 2958, 8930
8, 1431, 114482958, 114488930, 2958, 8930
8, 1432, 114562958, 114568930, 2958, 8930
8, 1433, 114642958, 114648930, 2958, 8930
8, 1434, 114722958, 114728930, 2958, 8930
8, 1435, 114802958, 114810667, 2958, 10667
8, 1436, 114882958, 114888930, 2958, 8930
8, 1437, 114962958, 114968930, 2958, 8930
8, 1438, 115042958, 115048930, 2958, 8930
8, 1439, 115122958, 115128930, 2958, 8930
8, 144, 11522958, 11528930, 2958, 8930
8, 1440, 115202958, 115208930, 2958, 8930
8, 1441, 115282958, 115288930, 2958, 8930
8, 1442, 115362958, 115372716, 2958, 12716
8, 1443, 115442958, 115448930, 2958, 8930
8, 1444, 115522958, 115528930, 2958, 8930
8, 1445, 115602958, 115608930, 2958, 8930
8, 1446, 115682958, 115688930, 2958, 8930
8, 1447, 115762958, 115768930, 2958, 8930
8, 1448, 115842958, 115848930, 2958, 8930
8, 1449, 115922958, 115930908, 2958, 10908
8, 145, 11602958, 11608930, 2958, 8930
8, 1450, 116002958, 116008930, 2958, 8930
8, 1451, 116082958, 116088930, 2958, 8930
8, 1452, 116162958, 116168930, 2958, 8930
8, 1453, 116242958, 116248930, 2958, 8930
8, 1454, 116322958, 116328930, 2958, 8930
8, 1455, 116402958, 116408930, 2958, 8930
8, 1456, 116482958, 116491259, 2958, 11259
8, 1457, 116562958, 116568930, 2958, 8930
8, 1458, 116642958, 116648930, 2958, 8930
8, 1459, 116722958, 116728930, 2958, 8930
8, 146, 11682958, 11688930, 2958, 8930
8, 1460, 116802958, 116808930, 2958, 8930
8, 1461, 116882958, 116888930, 2958, 8930
8, 1462, 116962958, 116968930, 2958, 8930
8, 1463, 117042958, 117050541, 2958, 10541
8, 1464, 117122958, 117128930, 2958, 8930
8, 1465, 117202958, 117208930, 2958, 8930
8, 1466, 117282958, 117288930, 2958, 8930
8, 1467, 117362958, 117368930, 2958, 8930
8, 1468, 117442958, 117448930, 2958, 8930
8, 1469, 117522958, 117528930, 2958, 8930
8, 147, 11762958, 11771405, 2958, 11405
8, 1470, 117602958, 117611679, 2958, 11679
8, 1471, 117682958, 117688930, 2958, 8930
8, 1472, 117762958, 117768930, 2958, 8930
8, 1473, 117842958, 117848930, 2958, 8930
8, 1474, 117922958, 117928930, 2958, 8930
8, 1475, 118002958, 118008930, 2958, 8930
8, 1476, 118082958, 118088930, 2958, 8930
8, 1477, 118162958, 118172391, 2958, 12391
8, 1478, 118242958, 118248930, 2958, 8930
8, 1479, 118322958, 118328930, 2958, 8930
8, 148, 11842958, 11848930, 2958, 8930
8, 1480, 118402958, 118408930, 2958, 8930
8, 1481, 118482958, 118488930, 2958, 8930
8, 1482, 118562958, 118568930, 2958, 8930
8, 1483, 118642958, 118648930, 2958, 8930
8, 1484, 118722958, 118730908, 2958, 10908
8, 1485, 118802958, 118808930, 2958, 8930
8, 1486, 118882958, 118888930, 2958, 8930
8, 1487, 118962958, 118968930, 2958, 8930
8, 1488, 119042958, 119048930, 2958, 8930
8, 1489, 119122958, 119128930, 2958, 8930
8, 149, 11922958, 11928930, 2958, 8930
8, 1490, 119202958, 119208930, 2958, 8930
8, 1491, 119282958, 119292716, 2958, 12716
8, 1492, 119362958, 119368930, 2958, 8930
8, 1493, 119442958, 119448930, 2958, 8930
8, 1494, 119522958, 119528930, 2958, 8930
8, 1495, 119602958, 119608930, 2958, 8930
8, 1496, 119682958, 119688930, 2958, 8930
8, 1497, 119762958, 119768930, 2958, 8930
8, 1498, 119842958, 119850216, 2958, 10216
8, 1499, 119922958, 119928930, 2958, 8930
8, 15, 1202958, 1208930, 2958, 8930
8, 150, 12002958, 12008930, 2958, 8930
8, 1500, 120002958, 120008930, 2958, 8930
8, 1501, 120082958, 120088930, 2958, 8930
8, 1502, 120162958, 120168930, 2958, 8930
8, 1503, 120242958, 120248930, 2958, 8930
8, 1504, 120322958, 120328930, 2958, 8930
8, 1505, 120402958, 120410992, 2958, 10992
8, 1506, 120482958, 120488930, 2958, 8930
8, 1507, 120562958, 120568930, 2958, 8930
8, 1508, 120642958, 120648930, 2958, 8930
8, 1509, 120722958, 120728930, 2958, 8930
8, 151, 12082958, 12090487, 2958, 10487
8, 1510, 120802958, 120808930, 2958, 8930
8, 1511, 120882958, 120888930, 2958, 8930
8, 1512, 120962958, 120972716, 2958, 12716
8, 1513, 121042958, 121048930, 2958, 8930
8, 1514, 121122958, 121128930, 2958, 8930
8, 1515, 121202958, 121208930, 2958, 8930
8, 1516, 121282958, 121288930, 2958, 8930
8, 1517, 121362958, 121368930, 2958, 8930
8, 1518, 121442958, 121448930, 2958, 8930
8, 1519, 121522958, 121530583, 2958, 10583
8, 152, 12162958, 12168930, 2958, 8930
8, 1520, 121602958, 121608930, 2958, 8930
8, 1521, 121682958, 121688930, 2958, 8930
8, 1522, 121762958, 121768930, 2958, 8930
8, 1523, 121842958, 121848930, 2958, 8930
8, 1524, 121922958, 121928930, 2958, 8930
8, 1525, 122002958, 122008930, 2958, 8930
8, 1526, 122082958, 122092716, 2958, 12716
8, 1527, 122162958, 122168930, 2958, 8930
8, 1528, 122242958, 122248930, 2958, 8930
8, 1529, 122322958, 122328930, 2958, 8930
8, 153, 12242958, 12248930, 2958, 8930
8, 1530, 122402958, 122408930, 2958, 8930
8, 1531, 122482958, 122488930, 2958, 8930
8, 1532, 122562958, 122568930, 2958, 8930
8, 1533, 122642958, 122650541, 2958, 10541
8, 1534, 122722958, 122728930, 2958, 8930
8, 1535, 122802958, 122808930, 2958, 8930
8, 1536, 122882958, 122888930, 2958, 8930
8, 1537, 122962958, 122968930, 2958, 8930
8, 1538, 123042958, 123048930, 2958, 8930
8, 1539, 123122958, 123128930, 2958, 8930
8, 154, 12322958, 12330583, 2958, 10583
8, 1540, 123202958, 123210667, 2958, 10667
8, 1541, 123282958, 123288930, 2958, 8930
8, 1542, 123362958, 123368930, 2958, 8930
8, 1543, 123442958, 123448930, 2958, 8930
8, 1544, 123522958, 123528930, 2958, 8930
8, 1545, 123602958, 123608930, 2958, 8930
8, 1546, 123682958, 123688930, 2958, 8930
8, 1547, 123762958, 123772716, 2958, 12716
8, 1548, 123842958, 123848930, 2958, 8930
8, 1549, 123922958, 123928930, 2958, 8930
8, 155, 12402958, 12408930, 2958, 8930
8, 1550, 124002958, 124008930, 2958, 8930
8, 1551, 124082958, 124088930, 2958, 8930
8, 1552, 124162958, 124168930, 2958, 8930
8, 1553, 124242958, 124248930, 2958, 8930
8, 1554, 124322958, 124330908, 2958, 10908
8, 1555, 124402958, 124408930, 2958, 8930
8, 1556, 124482958, 124488930, 2958, 8930
8, 1557, 124562958, 124568930, 2958, 8930
8, 1558, 124642958, 124648930, 2958, 8930
8, 1559, 124722958, 124728930, 2958, 8930
8, 156, 12482958, 12488930, 2958, 8930
8, 1560, 124802958, 124808930, 2958, 8930
8, 1561, 124882958, 124892391, 2958, 12391
8, 1562, 124962958, 124968930, 2958, 8930
8, 1563, 125042958, 125048930, 2958, 8930
8, 1564, 125122958, 125128930, 2958, 8930
8, 1565, 125202958, 125208930, 2958, 8930
8, 1566, 125282958, 125288930, 2958, 8930
8, 1567, 125362958, 125368930, 2958, 8930
8, 1568, 125442958, 125450541, 2958, 10541
8, 1569, 125522958, 125528930, 2958, 8930
8, 157, 12562958, 12568930, 2958, 8930
8, 1570, 125602958, 125608930, 2958, 8930
8, 1571, 125682958, 125688930, 2958, 8930
8, 1572, 125762958, 125768930, 2958, 8930
8, 1573, 125842958, 125848930, 2958, 8930
8, 1574, 125922958, 125928930, 2958, 8930
8, 1575, 126002958, 126011896, 2958, 11896
8, 1576, 126082958, 126088930, 2958, 8930
8, 1577, 126162958, 126168930, 2958, 8930
8, 1578, 126242958, 126248930, 2958, 8930
8, 1579, 126322958, 126329844, 2958, 9844
8, 158, 12642958, 12648930, 2958, 8930
8, 1580, 126402958, 126408930, 2958, 8930
8, 1581, 126482958, 126488930, 2958, 8930
8, 1582, 126562958, 126570216, 2958, 10216
8, 1583, 126642958, 126648930, 2958, 8930
8, 1584, 126722958, 126728930, 2958, 8930
8, 1585, 126802958, 126808930, 2958, 8930
8, 1586, 126882958, 126888930, 2958, 8930
8, 1587, 126962958, 126968930, 2958, 8930
8, 1588, 127042958, 127048930, 2958, 8930
8, 1589, 127122958, 127130908, 2958, 10908
8, 159, 12722958, 12728930, 2958, 8930
8, 1590, 127202958, 127208930, 2958, 8930
8, 1591, 127282958, 127288930, 2958, 8930
8, 1592, 127362958, 127368930, 2958, 8930
8, 1593, 127442958, 127448930, 2958, 8930
8, 1594, 127522958, 127528930, 2958, 8930
8, 1595, 127602958, 127608930, 2958, 8930
8, 1596, 127682958, 127692716, 2958, 12716
8, 1597, 127762958, 127768930, 2958, 8930
8, 1598, 127842958, 127848930, 2958, 8930
8, 1599, 127922958, 127928930, 2958, 8930
8, 16, 1282958, 1288930, 2958, 8930
8, 160, 12802958, 12808930, 2958, 8930
8, 1600, 128002958, 128008930, 2958, 8930
8, 1601, 128082958, 128088930, 2958, 8930
8, 1602, 128162958, 128168930, 2958, 8930
8, 1603, 128242958, 128250216, 2958, 10216
8, 1604, 128322958, 128328930, 2958, 8930
8, 1605, 128402958, 128408930, 2958, 8930
8, 1606, 128482958, 128488930, 2958, 8930
8, 1607, 128562958, 128568930, 2958, 8930
8, 1608, 128642958, 128648930, 2958, 8930
8, 1609, 128722958, 128728930, 2958, 8930
8, 161, 12882958, 12890541, 2958, 10541
8, 1610, 128802958, 128813084, 2958, 13084
8, 1611, 128882958, 128888930, 2958, 8930
8, 1612, 128962958, 128968930, 2958, 8930
8, 1613, 129042958, 129048930, 2958, 8930
8, 1614, 129122958, 129128930, 2958, 8930
8, 1615, 129202958, 129208930, 2958, 8930
8, 1616, 129282958, 129288930, 2958, 8930
8, 1617, 129362958, 129370541, 2958, 10541
8, 1618, 129442958, 129448930, 2958, 8930
8, 1619, 129522958, 129528930, 2958, 8930
8, 162, 12962958, 12968930, 2958, 8930
8, 1620, 129602958, 129608930, 2958, 8930
8, 1621, 129682958, 129688930, 2958, 8930
8, 1622, 129762958, 129768930, 2958, 8930
8, 1623, 129842958, 129848930, 2958, 8930
8, 1624, 129922958, 129930583, 2958, 10583
8, 1625, 130002958, 130008930, 2958, 8930
8, 1626, 130082958, 130088930, 2958, 8930
8, 1627, 130162958, 130168930, 2958, 8930
8, 1628, 130242958, 130248930, 2958, 8930
8, 1629, 130322958, 130328930, 2958, 8930
8, 163, 13042958, 13048930, 2958, 8930
8, 1630, 130402958, 130408930, 2958, 8930
8, 1631, 130482958, 130492716, 2958, 12716
8, 1632, 130562958, 130568930, 2958, 8930
8, 1633, 130642958, 130648930, 2958, 8930
8, 1634, 130722958, 130728930, 2958, 8930
8, 1635, 130802958, 130808930, 2958, 8930
8, 1636, 130882958, 130888930, 2958, 8930
8, 1637, 130962958, 130968930, 2958, 8930
8, 1638, 131042958, 131050541, 2958, 10541
8, 1639, 131122958, 131128930, 2958, 8930
8, 164, 13122958, 13128930, 2958, 8930
8, 1640, 131202958, 131208930, 2958, 8930
8, 1641, 131282958, 131288930, 2958, 8930
8, 1642, 131362958, 131368930, 2958, 8930
8, 1643, 131442958, 131448930, 2958, 8930
8, 1644, 131522958, 131528930, 2958, 8930
8, 1645, 131602958, 131612759, 2958, 12759
8, 1646, 131682958, 131688930, 2958, 8930
8, 1647, 131762958, 131768930, 2958, 8930
8, 1648, 131842958, 131848930, 2958, 8930
8, 1649, 131922958, 131928930, 2958, 8930
8, 165, 13202958, 13208930, 2958, 8930
8, 1650, 132002958, 132008930, 2958, 8930
8, 1651, 132082958, 132088930, 2958, 8930
8, 1652, 132162958, 132170541, 2958, 10541
8, 1653, 132242958, 132248930, 2958, 8930
8, 1654, 132322958, 132328930, 2958, 8930
8, 1655, 132402958, 132408930, 2958, 8930
8, 1656, 132482958, 132488930, 2958, 8930
8, 1657, 132562958, 132568930, 2958, 8930
8, 1658, 132642958, 132648930, 2958, 8930
8, 1659, 132722958, 132730908, 2958, 10908
8, 166, 13282958, 13288930, 2958, 8930
8, 1660, 132802958, 132808930, 2958, 8930
8, 1661, 132882958, 132888930, 2958, 8930
8, 1662, 132962958, 132968930, 2958, 8930
8, 1663, 133042958, 133048930, 2958, 8930
8, 1664, 133122958, 133128930, 2958, 8930
8, 1665, 133202958, 133208930, 2958, 8930
8, 1666, 133282958, 133292391, 2958, 12391
8, 1667, 133362958, 133368930, 2958, 8930
8, 1668, 133442958, 133448930, 2958, 8930
8, 1669, 133522958, 133528930, 2958, 8930
8, 167, 13362958, 13368930, 2958, 8930
8, 1670, 133602958, 133608930, 2958, 8930
8, 1671, 133682958, 133688930, 2958, 8930
8, 1672, 133762958, 133768930, 2958, 8930
8, 1673, 133842958, 133850541, 2958, 10541
8, 1674, 133922958, 133928930, 2958, 8930
8, 1675, 134002958, 134008930, 2958, 8930
8, 1676, 134082958, 134088930, 2958, 8930
8, 1677, 134162958, 134168930, 2958, 8930
8, 1678, 134242958, 134248930, 2958, 8930
8, 1679, 134322958, 134328930, 2958, 8930
8, 168, 13442958, 13452716, 2958, 12716
8, 1680, 134402958, 134413084, 2958, 13084
8, 1681, 134482958, 134488930, 2958, 8930
8, 1682, 134562958, 134568930, 2958, 8930
8, 1683, 134642958, 134648930, 2958, 8930
8, 1684, 134722958, 134728930, 2958, 8930
8, 1685, 134802958, 134808930, 2958, 8930
8, 1686, 134882958, 134888930, 2958, 8930
8, 1687, 134962958, 134970216, 2958, 10216
8, 1688, 135042958, 135048930, 2958, 8930
8, 1689, 135122958, 135128930, 2958, 8930
8, 169, 13522958, 13528930, 2958, 8930
8, 1690, 135202958, 135208930, 2958, 8930
8, 1691, 135282958, 135288930, 2958, 8930
8, 1692, 135362958, 135368930, 2958, 8930
8, 1693, 135442958, 135448930, 2958, 8930
8, 1694, 135522958, 135531891, 2958, 11891
8, 1695, 135602958, 135608930, 2958, 8930
8, 1696, 135682958, 135688930, 2958, 8930
8, 1697, 135762958, 135768930, 2958, 8930
8, 1698, 135842958, 135848930, 2958, 8930
8, 1699, 135922958, 135928930, 2958, 8930
8, 17, 1362958, 1368930, 2958, 8930
8, 170, 13602958, 13608930, 2958, 8930
8, 1700, 136002958, 136008930, 2958, 8930
8, 1701, 136082958, 136090541, 2958, 10541
8, 1702, 136162958, 136168930, 2958, 8930
8, 1703, 136242958, 136248930, 2958, 8930
8, 1704, 136322958, 136328930, 2958, 8930
8, 1705, 136402958, 136408930, 2958, 8930
8, 1706, 136482958, 136488930, 2958, 8930
8, 1707, 136562958, 136568930, 2958, 8930
8, 1708, 136642958, 136650216, 2958, 10216
8, 1709, 136722958, 136728930, 2958, 8930
8, 171, 13682958, 13688930, 2958, 8930
8, 1710, 136802958, 136808930, 2958, 8930
8, 1711, 136882958, 136888930, 2958, 8930
8, 1712, 136962958, 136968930, 2958, 8930
8, 1713, 137042958, 137048930, 2958, 8930
8, 1714, 137122958, 137128930, 2958, 8930
8, 1715, 137202958, 137213084, 2958, 13084
8, 1716, 137282958, 137288930, 2958, 8930
8, 1717, 137362958, 137368930, 2958, 8930
8, 1718, 137442958, 137448930, 2958, 8930
8, 1719, 137522958, 137528930, 2958, 8930
8, 172, 13762958, 13768930, 2958, 8930
8, 1720, 137602958, 137608930, 2958, 8930
8, 1721, 137682958, 137688930, 2958, 8930
8, 1722, 137762958, 137770541, 2958, 10541
8, 1723, 137842958, 137848930, 2958, 8930
8, 1724, 137922958, 137928930, 2958, 8930
8, 1725, 138002958, 138008930, 2958, 8930
8, 1726, 138082958, 138088930, 2958, 8930
8, 1727, 138162958, 138168930, 2958, 8930
8, 1728, 138242958, 138248930, 2958, 8930
8, 1729, 138322958, 138332759, 2958, 12759
8, 173, 13842958, 13848930, 2958, 8930
8, 1730, 138402958, 138408930, 2958, 8930
8, 1731, 138482958, 138488930, 2958, 8930
8, 1732, 138562958, 138568930, 2958, 8930
8, 1733, 138642958, 138648930, 2958, 8930
8, 1734, 138722958, 138728930, 2958, 8930
8, 1735, 138802958, 138808930, 2958, 8930
8, 1736, 138882958, 138890541, 2958, 10541
8, 1737, 138962958, 138968930, 2958, 8930
8, 1738, 139042958, 139048930, 2958, 8930
8, 1739, 139122958, 139128930, 2958, 8930
8, 174, 13922958, 13928930, 2958, 8930
8, 1740, 139202958, 139208930, 2958, 8930
8, 1741, 139282958, 139288930, 2958, 8930
8, 1742, 139362958, 139368930, 2958, 8930
8, 1743, 139442958, 139450541, 2958, 10541
8, 1744, 139522958, 139528930, 2958, 8930
8, 1745, 139602958, 139608930, 2958, 8930
8, 1746, 139682958, 139688930, 2958, 8930
8, 1747, 139762958, 139768930, 2958, 8930
8, 1748, 139842958, 139848930, 2958, 8930
8, 1749, 139922958, 139928930, 2958, 8930
8, 175, 14002958, 14010667, 2958, 10667
8, 1750, 140002958, 140012759, 2958, 12759
8, 1751, 140082958, 140088930, 2958, 8930
8, 1752, 140162958, 140168930, 2958, 8930
8, 1753, 140242958, 140248930, 2958, 8930
8, 1754, 140322958, 140328930, 2958, 8930
8, 1755, 140402958, 140408930, 2958, 8930
8, 1756, 140482958, 140488930, 2958, 8930
8, 1757, 140562958, 140570541, 2958, 10541
8, 1758, 140642958, 140648930, 2958, 8930
8, 1759, 140722958, 140728930, 2958, 8930
8, 176, 14082958, 14088930, 2958, 8930
8, 1760, 140802958, 140808930, 2958, 8930
8, 1761, 140882958, 140888930, 2958, 8930
8, 1762, 140962958, 140968930, 2958, 8930
8, 1763, 141042958, 141048930, 2958, 8930
8, 1764, 141122958, 141133084, 2958, 13084
8, 1765, 141202958, 141209660, 2958, 9660
8, 1766, 141282958, 141288930, 2958, 8930
8, 1767, 141362958, 141368930, 2958, 8930
8, 1768, 141442958, 141448930, 2958, 8930
8, 1769, 141522958, 141528930, 2958, 8930
8, 177, 14162958, 14168930, 2958, 8930
8, 1770, 141602958, 141608930, 2958, 8930
8, 1771, 141682958, 141690216, 2958, 10216
8, 1772, 141762958, 141768930, 2958, 8930
8, 1773, 141842958, 141848930, 2958, 8930
8, 1774, 141922958, 141928930, 2958, 8930
8, 1775, 142002958, 142008930, 2958, 8930
8, 1776, 142082958, 142088930, 2958, 8930
8, 1777, 142162958, 142168930, 2958, 8930
8, 1778, 142242958, 142250541, 2958, 10541
8, 1779, 142322958, 142328930, 2958, 8930
8, 178, 14242958, 14248930, 2958, 8930
8, 1780, 142402958, 142408930, 2958, 8930
8, 1781, 142482958, 142488930, 2958, 8930
8, 1782, 142562958, 142568930, 2958, 8930
8, 1783, 142642958, 142648930, 2958, 8930
8, 1784, 142722958, 142728930, 2958, 8930
8, 179, 14322958, 14328930, 2958, 8930
8, 18, 1442958, 1448930, 2958, 8930
8, 180, 14402958, 14408930, 2958, 8930
8, 181, 14482958, 14488930, 2958, 8930
8, 182, 14562958, 14572716, 2958, 12716
8, 183, 14642958, 14648930, 2958, 8930
8, 184, 14722958, 14728930, 2958, 8930
8, 185, 14802958, 14808930, 2958, 8930
8, 186, 14882958, 14888930, 2958, 8930
8, 187, 14962958, 14968930, 2958, 8930
8, 188, 15042958, 15048930, 2958, 8930
8, 189, 15122958, 15130908, 2958, 10908
8, 19, 1522958, 1528930, 2958, 8930
8, 190, 15202958, 15208930, 2958, 8930
8, 191, 15282958, 15288930, 2958, 8930
8, 192, 15362958, 15368930, 2958, 8930
8, 193, 15442958, 15448930, 2958, 8930
8, 194, 15522958, 15528930, 2958, 8930
8, 195, 15602958, 15608930, 2958, 8930
8, 196, 15682958, 15690216, 2958, 10216
8, 197, 15762958, 15768930, 2958, 8930
8, 198, 15842958, 15848930, 2958, 8930
8, 199, 15922958, 15928930, 2958, 8930
8, 2, 162958, 168930, 2958, 8930
8, 20, 1602958, 1608930, 2958, 8930
8, 200, 16002958, 16008930, 2958, 8930
8, 201, 16082958, 16088930, 2958, 8930
8, 202, 16162958, 16168930, 2958, 8930
8, 203, 16242958, 16252716, 2958, 12716
8, 204, 16322958, 16328930, 2958, 8930
8, 205, 16402958, 16408930, 2958, 8930
8, 206, 16482958, 16488930, 2958, 8930
8, 207, 16562958, 16568930, 2958, 8930
8, 208, 16642958, 16648930, 2958, 8930
8, 209, 16722958, 16728930, 2958, 8930
8, 21, 1682958, 1690541, 2958, 10541
8, 210, 16802958, 16811679, 2958, 11679
8, 211, 16882958, 16888930, 2958, 8930
8, 212, 16962958, 16968930, 2958, 8930
8, 213, 17042958, 17048930, 2958, 8930
8, 214, 17122958, 17128930, 2958, 8930
8, 215, 17202958, 17208930, 2958, 8930
8, 216, 17282958, 17288930, 2958, 8930
8, 217, 17362958, 17372391, 2958, 12391
8, 218, 17442958, 17448930, 2958, 8930
8, 219, 17522958, 17528930, 2958, 8930
8, 22, 1762958, 1768930, 2958, 8930
8, 220, 17602958, 17608930, 2958, 8930
8, 221, 17682958, 17688930, 2958, 8930
8, 222, 17762958, 17768930, 2958, 8930
8, 223, 17842958, 17848930, 2958, 8930
8, 224, 17922958, 17930908, 2958, 10908
8, 225, 18002958, 18008930, 2958, 8930
8, 226, 18082958, 18088930, 2958, 8930
8, 227, 18162958, 18168930, 2958, 8930
8, 228, 18242958, 18248930, 2958, 8930
8, 229, 18322958, 18328930, 2958, 8930
8, 23, 1842958, 1848930, 2958, 8930
8, 230, 18402958, 18408930, 2958, 8930
8, 231, 18482958, 18490541, 2958, 10541
8, 232, 18562958, 18568930, 2958, 8930
8, 233, 18642958, 18648930, 2958, 8930
8, 234, 18722958, 18728930, 2958, 8930
8, 235, 18802958, 18808930, 2958, 8930
8, 236, 18882958, 18888930, 2958, 8930
8, 237, 18962958, 18968930, 2958, 8930
8, 238, 19042958, 19052391, 2958, 12391
8, 239, 19122958, 19128930, 2958, 8930
8, 24, 1922958, 1928930, 2958, 8930
8, 240, 19202958, 19208930, 2958, 8930
8, 241, 19282958, 19288930, 2958, 8930
8, 242, 19362958, 19368930, 2958, 8930
8, 243, 19442958, 19448930, 2958, 8930
8, 244, 19522958, 19528930, 2958, 8930
8, 245, 19602958, 19610992, 2958, 10992
8, 246, 19682958, 19688930, 2958, 8930
8, 247, 19762958, 19768930, 2958, 8930
8, 248, 19842958, 19848930, 2958, 8930
8, 249, 19922958, 19928930, 2958, 8930
8, 25, 2002958, 2008930, 2958, 8930
8, 250, 20002958, 20008930, 2958, 8930
8, 251, 20082958, 20088930, 2958, 8930
8, 252, 20162958, 20172716, 2958, 12716
8, 253, 20242958, 20248930, 2958, 8930
8, 254, 20322958, 20328930, 2958, 8930
8, 255, 20402958, 20408930, 2958, 8930
8, 256, 20482958, 20488930, 2958, 8930
8, 257, 20562958, 20568930, 2958, 8930
8, 258, 20642958, 20648930, 2958, 8930
8, 259, 20722958, 20730583, 2958, 10583
8, 26, 2082958, 2088930, 2958, 8930
8, 260, 20802958, 20808930, 2958, 8930
8, 261, 20882958, 20888930, 2958, 8930
8, 262, 20962958, 20968930, 2958, 8930
8, 263, 21042958, 21048930, 2958, 8930
8, 264, 21122958, 21128930, 2958, 8930
8, 265, 21202958, 21208930, 2958, 8930
8, 266, 21282958, 21291661, 2958, 11661
8, 267, 21362958, 21368930, 2958, 8930
8, 268, 21442958, 21448930, 2958, 8930
8, 269, 21522958, 21528930, 2958, 8930
8, 27, 2162958, 2168930, 2958, 8930
8, 270, 21602958, 21608930, 2958, 8930
8, 271, 21682958, 21688930, 2958, 8930
8, 272, 21762958, 21768930, 2958, 8930
8, 273, 21842958, 21850541, 2958, 10541
8, 274, 21922958, 21928930, 2958, 8930
8, 275, 22002958, 22008930, 2958, 8930
8, 276, 22082958, 22088930, 2958, 8930
8, 277, 22162958, 22168930, 2958, 8930
8, 278, 22242958, 22248930, 2958, 8930
8, 279, 22322958, 22328930, 2958, 8930
8, 28, 2242958, 2251259, 2958, 11259
8, 280, 22402958, 22410667, 2958, 10667
8, 281, 22482958, 22488930, 2958, 8930
8, 282, 22562958, 22568930, 2958, 8930
8, 283, 22642958, 22648930, 2958, 8930
8, 284, 22722958, 22728930, 2958, 8930
8, 285, 22802958, 22808930, 2958, 8930
8, 286, 22882958, 22888930, 2958, 8930
8, 287, 22962958, 22972716, 2958, 12716
8, 288, 23042958, 23048930, 2958, 8930
8, 289, 23122958, 23128930, 2958, 8930
8, 29, 2322958, 2328930, 2958, 8930
8, 290, 23202958, 23208930, 2958, 8930
8, 291, 23282958, 23288930, 2958, 8930
8, 292, 23362958, 23368930, 2958, 8930
8, 293, 23442958, 23448930, 2958, 8930
8, 294, 23522958, 23530908, 2958, 10908
8, 295, 23602958, 23608930, 2958, 8930
8, 296, 23682958, 23688930, 2958, 8930
8, 297, 23762958, 23768930, 2958, 8930
8, 298, 23842958, 23848930, 2958, 8930
8, 299, 23922958, 23928930, 2958, 8930
8, 3, 242958, 248930, 2958, 8930
8, 30, 2402958, 2408930, 2958, 8930
8, 300, 24002958, 24008930, 2958, 8930
8, 301, 24082958, 24092391, 2958, 12391
8, 302, 24162958, 24168930, 2958, 8930
8, 303, 24242958, 24248930, 2958, 8930
8, 304, 24322958, 24328930, 2958, 8930
8, 305, 24402958, 24408930, 2958, 8930
8, 306, 24482958, 24488930, 2958, 8930
8, 307, 24562958, 24568930, 2958, 8930
8, 308, 24642958, 24650541, 2958, 10541
8, 309, 24722958, 24728930, 2958, 8930
8, 31, 2482958, 2488930, 2958, 8930
8, 310, 24802958, 24808930, 2958, 8930
8, 311, 24882958, 24888930, 2958, 8930
8, 312, 24962958, 24968930, 2958, 8930
8, 313, 25042958, 25048930, 2958, 8930
8, 314, 25122958, 25128930, 2958, 8930
8, 315, 25202958, 25211679, 2958, 11679
8, 316, 25282958, 25288930, 2958, 8930
8, 317, 25362958, 25368930, 2958, 8930
8, 318, 25442958, 25448930, 2958, 8930
8, 319, 25522958, 25528930, 2958, 8930
8, 32, 2562958, 2568930, 2958, 8930
8, 320, 25602958, 25608930, 2958, 8930
8, 321, 25682958, 25688930, 2958, 8930
8, 322, 25762958, 25772391, 2958, 12391
8, 323, 25842958, 25848930, 2958, 8930
8, 324, 25922958, 25928930, 2958, 8930
8, 325, 26002958, 26008930, 2958, 8930
8, 326, 26082958, 26088930, 2958, 8930
8, 327, 26162958, 26168930, 2958, 8930
8, 328, 26242958, 26248930, 2958, 8930
8, 329, 26322958, 26330908, 2958, 10908
8, 33, 2642958, 2648930, 2958, 8930
8, 330, 26402958, 26408930, 2958, 8930
8, 331, 26482958, 26488930, 2958, 8930
8, 332, 26562958, 26568930, 2958, 8930
8, 333, 26642958, 26648930, 2958, 8930
8, 334, 26722958, 26728930, 2958, 8930
8, 335, 26802958, 26808930, 2958, 8930
8, 336, 26882958, 26892716, 2958, 12716
8, 337, 26962958, 26969292, 2958, 9292
8, 338, 27042958, 27048930, 2958, 8930
8, 339, 27122958, 27128930, 2958, 8930
8, 34, 2722958, 2728930, 2958, 8930
8, 340, 27202958, 27208930, 2958, 8930
8, 341, 27282958, 27288930, 2958, 8930
8, 342, 27362958, 27368930, 2958, 8930
8, 343, 27442958, 27450216, 2958, 10216
8, 344, 27522958, 27528930, 2958, 8930
8, 345, 27602958, 27608930, 2958, 8930
8, 346, 27682958, 27688930, 2958, 8930
8, 347, 27762958, 27768930, 2958, 8930
8, 348, 27842958, 27848930, 2958, 8930
8, 349, 27922958, 27928930, 2958, 8930
8, 35, 2802958, 2810992, 2958, 10992
8, 350, 28002958, 28010992, 2958, 10992
8, 351, 28082958, 28088930, 2958, 8930
8, 352, 28162958, 28168930, 2958, 8930
8, 353, 28242958, 28248930, 2958, 8930
8, 354, 28322958, 28328930, 2958, 8930
8, 355, 28402958, 28408930, 2958, 8930
8, 356, 28482958, 28488930, 2958, 8930
8, 357, 28562958, 28572716, 2958, 12716
8, 358, 28642958, 28648930, 2958, 8930
8, 359, 28722958, 28728930, 2958, 8930
8, 36, 2882958, 2888930, 2958, 8930
8, 360, 28802958, 28808930, 2958, 8930
8, 361, 28882958, 28888930, 2958, 8930
8, 362, 28962958, 28968930, 2958, 8930
8, 363, 29042958, 29048930, 2958, 8930
8, 364, 29122958, 29130583, 2958, 10583
8, 365, 29202958, 29208930, 2958, 8930
8, 366, 29282958, 29288930, 2958, 8930
8, 367, 29362958, 29368930, 2958, 8930
8, 368, 29442958, 29448930, 2958, 8930
8, 369, 29522958, 29528930, 2958, 8930
8, 37, 2962958, 2968930, 2958, 8930
8, 370, 29602958, 29608930, 2958, 8930
8, 371, 29682958, 29692716, 2958, 12716
8, 372, 29762958, 29768930, 2958, 8930
8, 373, 29842958, 29848930, 2958, 8930
8, 374, 29922958, 29928930, 2958, 8930
8, 375, 30002958, 30008930, 2958, 8930
8, 376, 30082958, 30088930, 2958, 8930
8, 377, 30162958, 30168930, 2958, 8930
8, 378, 30242958, 30250541, 2958, 10541
8, 379, 30322958, 30328930, 2958, 8930
8, 38, 3042958, 3048930, 2958, 8930
8, 380, 30402958, 30408930, 2958, 8930
8, 381, 30482958, 30488930, 2958, 8930
8, 382, 30562958, 30568930, 2958, 8930
8, 383, 30642958, 30648930, 2958, 8930
8, 384, 30722958, 30728930, 2958, 8930
8, 385, 30802958, 30811679, 2958, 11679
8, 386, 30882958, 30888930, 2958, 8930
8, 387, 30962958, 30968930, 2958, 8930
8, 388, 31042958, 31048930, 2958, 8930
8, 389, 31122958, 31128930, 2958, 8930
8, 39, 3122958, 3128930, 2958, 8930
8, 390, 31202958, 31208930, 2958, 8930
8, 391, 31282958, 31288930, 2958, 8930
8, 392, 31362958, 31370541, 2958, 10541
8, 393, 31442958, 31448930, 2958, 8930
8, 394, 31522958, 31528930, 2958, 8930
8, 395, 31602958, 31608930, 2958, 8930
8, 396, 31682958, 31688930, 2958, 8930
8, 397, 31762958, 31768930, 2958, 8930
8, 398, 31842958, 31848930, 2958, 8930
8, 399, 31922958, 31930908, 2958, 10908
8, 4, 322958, 328930, 2958, 8930
8, 40, 3202958, 3208930, 2958, 8930
8, 400, 32002958, 32008930, 2958, 8930
8, 401, 32082958, 32088930, 2958, 8930
8, 402, 32162958, 32168930, 2958, 8930
8, 403, 32242958, 32248930, 2958, 8930
8, 404, 32322958, 32328930, 2958, 8930
8, 405, 32402958, 32408930, 2958, 8930
8, 406, 32482958, 32492391, 2958, 12391
8, 407, 32562958, 32568930, 2958, 8930
8, 408, 32642958, 32648930, 2958, 8930
8, 409, 32722958, 32728930, 2958, 8930
8, 41, 3282958, 3288930, 2958, 8930
8, 410, 32802958, 32808930, 2958, 8930
8, 411, 32882958, 32888930, 2958, 8930
8, 412, 32962958, 32968930, 2958, 8930
8, 413, 33042958, 33050541, 2958, 10541
8, 414, 33122958, 33128930, 2958, 8930
8, 415, 33202958, 33208930, 2958, 8930
8, 416, 33282958, 33288930, 2958, 8930
8, 417, 33362958, 33368930, 2958, 8930
8, 418, 33442958, 33448930, 2958, 8930
8, 419, 33522958, 33528930, 2958, 8930
8, 42, 3362958, 3370541, 2958, 10541
8, 420, 33602958, 33613084, 2958, 13084
8, 421, 33682958, 33688930, 2958, 8930
8, 422, 33762958, 33768930, 2958, 8930
8, 423, 33842958, 33848930, 2958, 8930
8, 424, 33922958, 33928930, 2958, 8930
8, 425, 34002958, 34008930, 2958, 8930
8, 426, 34082958, 34088930, 2958, 8930
8, 427, 34162958, 34170216, 2958, 10216
8, 428, 34242958, 34248930, 2958, 8930
8, 429, 34322958, 34328930, 2958, 8930
8, 43, 3442958, 3448930, 2958, 8930
8, 430, 34402958, 34408930, 2958, 8930
8, 431, 34482958, 34488930, 2958, 8930
8, 432, 34562958, 34568930, 2958, 8930
8, 433, 34642958, 34648930, 2958, 8930
8, 434, 34722958, 34730908, 2958, 10908
8, 435, 34802958, 34808930, 2958, 8930
8, 436, 34882958, 34888930, 2958, 8930
8, 437, 34962958, 34968930, 2958, 8930
8, 438, 35042958, 35048930, 2958, 8930
8, 439, 35122958, 35128930, 2958, 8930
8, 44, 3522958, 3528930, 2958, 8930
8, 440, 35202958, 35208930, 2958, 8930
8, 441, 35282958, 35292716, 2958, 12716
8, 442, 35362958, 35368930, 2958, 8930
8, 443, 35442958, 35448930, 2958, 8930
8, 444, 35522958, 35528930, 2958, 8930
8, 445, 35602958, 35608930, 2958, 8930
8, 446, 35682958, 35688930, 2958, 8930
8, 447, 35762958, 35768930, 2958, 8930
8, 448, 35842958, 35850216, 2958, 10216
8, 449, 35922958, 35928930, 2958, 8930
8, 45, 3602958, 3608930, 2958, 8930
8, 450, 36002958, 36008930, 2958, 8930
8, 451, 36082958, 36088930, 2958, 8930
8, 452, 36162958, 36168930, 2958, 8930
8, 453, 36242958, 36248930, 2958, 8930
8, 454, 36322958, 36328930, 2958, 8930
8, 455, 36402958, 36413084, 2958, 13084
8, 456, 36482958, 36488930, 2958, 8930
8, 457, 36562958, 36568930, 2958, 8930
8, 458, 36642958, 36648930, 2958, 8930
8, 459, 36722958, 36728930, 2958, 8930
8, 46, 3682958, 3688930, 2958, 8930
8, 460, 36802958, 36808930, 2958, 8930
8, 461, 36882958, 36888930, 2958, 8930
8, 462, 36962958, 36970541, 2958, 10541
8, 463, 37042958, 37048930, 2958, 8930
8, 464, 37122958, 37128930, 2958, 8930
8, 465, 37202958, 37208930, 2958, 8930
8, 466, 37282958, 37288930, 2958, 8930
8, 467, 37362958, 37368930, 2958, 8930
8, 468, 37442958, 37448930, 2958, 8930
8, 469, 37522958, 37530583, 2958, 10583
8, 47, 3762958, 3768930, 2958, 8930
8, 470, 37602958, 37608930, 2958, 8930
8, 471, 37682958, 37688930, 2958, 8930
8, 472, 37762958, 37768930, 2958, 8930
8, 473, 37842958, 37848930, 2958, 8930
8, 474, 37922958, 37928930, 2958, 8930
8, 475, 38002958, 38008930, 2958, 8930
8, 476, 38082958, 38092716, 2958, 12716
8, 477, 38162958, 38168930, 2958, 8930
8, 478, 38242958, 38248930, 2958, 8930
8, 479, 38322958, 38328930, 2958, 8930
8, 48, 3842958, 3848930, 2958, 8930
8, 480, 38402958, 38408930, 2958, 8930
8, 481, 38482958, 38488930, 2958, 8930
8, 482, 38562958, 38568930, 2958, 8930
8, 483, 38642958, 38650541, 2958, 10541
8, 484, 38722958, 38728930, 2958, 8930
8, 485, 38802958, 38808930, 2958, 8930
8, 486, 38882958, 38888930, 2958, 8930
8, 487, 38962958, 38968930, 2958, 8930
8, 488, 39042958, 39048930, 2958, 8930
8, 489, 39122958, 39128930, 2958, 8930
8, 49, 3922958, 3932759, 2958, 12759
8, 490, 39202958, 39212759, 2958, 12759
8, 491, 39282958, 39288930, 2958, 8930
8, 492, 39362958, 39368930, 2958, 8930
8, 493, 39442958, 39448930, 2958, 8930
8, 494, 39522958, 39528930, 2958, 8930
8, 495, 39602958, 39608930, 2958, 8930
8, 496, 39682958, 39688930, 2958, 8930
8, 497, 39762958, 39770541, 2958, 10541
8, 498, 39842958, 39848930, 2958, 8930
8, 499, 39922958, 39928930, 2958, 8930
8, 5, 402958, 408930, 2958, 8930
8, 50, 4002958, 4008930, 2958, 8930
8, 500, 40002958, 40008930, 2958, 8930
8, 501, 40082958, 40088930, 2958, 8930
8, 502, 40162958, 40168930, 2958, 8930
8, 503, 40242958, 40248930, 2958, 8930
8, 504, 40322958, 40332434, 2958, 12434
8, 505, 40402958, 40408930, 2958, 8930
8, 506, 40482958, 40488930, 2958, 8930
8, 507, 40562958, 40568930, 2958, 8930
8, 508, 40642958, 40649844, 2958, 9844
8, 509, 40722958, 40728930, 2958, 8930
8, 51, 4082958, 4088930, 2958, 8930
8, 510, 40802958, 40808930, 2958, 8930
8, 511, 40882958, 40890216, 2958, 10216
8, 512, 40962958, 40968930, 2958, 8930
8, 513, 41042958, 41048930, 2958, 8930
8, 514, 41122958, 41128930, 2958, 8930
8, 515, 41202958, 41208930, 2958, 8930
8, 516, 41282958, 41288930, 2958, 8930
8, 517, 41362958, 41368930, 2958, 8930
8, 518, 41442958, 41450541, 2958, 10541
8, 519, 41522958, 41528930, 2958, 8930
8, 52, 4162958, 4168930, 2958, 8930
8, 520, 41602958, 41608930, 2958, 8930
8, 521, 41682958, 41688930, 2958, 8930
8, 522, 41762958, 41768930, 2958, 8930
8, 523, 41842958, 41848930, 2958, 8930
8, 524, 41922958, 41928930, 2958, 8930
8, 525, 42002958, 42013084, 2958, 13084
8, 526, 42082958, 42088930, 2958, 8930
8, 527, 42162958, 42168930, 2958, 8930
8, 528, 42242958, 42248930, 2958, 8930
8, 529, 42322958, 42328930, 2958, 8930
8, 53, 4242958, 4248930, 2958, 8930
8, 530, 42402958, 42408930, 2958, 8930
8, 531, 42482958, 42488930, 2958, 8930
8, 532, 42562958, 42570216, 2958, 10216
8, 533, 42642958, 42648930, 2958, 8930
8, 534, 42722958, 42728930, 2958, 8930
8, 535, 42802958, 42808930, 2958, 8930
8, 536, 42882958, 42888930, 2958, 8930
8, 537, 42962958, 42968930, 2958, 8930
8, 538, 43042958, 43048930, 2958, 8930
8, 539, 43122958, 43133084, 2958, 13084
8, 54, 4322958, 4328930, 2958, 8930
8, 540, 43202958, 43208930, 2958, 8930
8, 541, 43282958, 43288930, 2958, 8930
8, 542, 43362958, 43368930, 2958, 8930
8, 543, 43442958, 43448930, 2958, 8930
8, 544, 43522958, 43528930, 2958, 8930
8, 545, 43602958, 43608930, 2958, 8930
8, 546, 43682958, 43690541, 2958, 10541
8, 547, 43762958, 43768930, 2958, 8930
8, 548, 43842958, 43848930, 2958, 8930
8, 549, 43922958, 43928930, 2958, 8930
8, 55, 4402958, 4408930, 2958, 8930
8, 550, 44002958, 44008930, 2958, 8930
8, 551, 44082958, 44088930, 2958, 8930
8, 552, 44162958, 44168930, 2958, 8930
8, 553, 44242958, 44250216, 2958, 10216
8, 554, 44322958, 44328930, 2958, 8930
8, 555, 44402958, 44408930, 2958, 8930
8, 556, 44482958, 44488930, 2958, 8930
8, 557, 44562958, 44568930, 2958, 8930
8, 558, 44642958, 44648930, 2958, 8930
8, 559, 44722958, 44728930, 2958, 8930
8, 56, 4482958, 4490541, 2958, 10541
8, 560, 44802958, 44813084, 2958, 13084
8, 561, 44882958, 44888930, 2958, 8930
8, 562, 44962958, 44968930, 2958, 8930
8, 563, 45042958, 45048930, 2958, 8930
8, 564, 45122958, 45128930, 2958, 8930
8, 565, 45202958, 45208930, 2958, 8930
8, 566, 45282958, 45288930, 2958, 8930
8, 567, 45362958, 45370541, 2958, 10541
8, 568, 45442958, 45448930, 2958, 8930
8, 569, 45522958, 45528930, 2958, 8930
8, 57, 4562958, 4568930, 2958, 8930
8, 570, 45602958, 45608930, 2958, 8930
8, 571, 45682958, 45688930, 2958, 8930
8, 572, 45762958, 45768930, 2958, 8930
8, 573, 45842958, 45848930, 2958, 8930
8, 574, 45922958, 45932759, 2958, 12759
8, 575, 46002958, 46008930, 2958, 8930
8, 576, 46082958, 46088930, 2958, 8930
8, 577, 46162958, 46168930, 2958, 8930
8, 578, 46242958, 46248930, 2958, 8930
8, 579, 46322958, 46328930, 2958, 8930
8, 58, 4642958, 4648930, 2958, 8930
8, 580, 46402958, 46408930, 2958, 8930
8, 581, 46482958, 46490541, 2958, 10541
8, 582, 46562958, 46568930, 2958, 8930
8, 583, 46642958, 46648930, 2958, 8930
8, 584, 46722958, 46728930, 2958, 8930
8, 585, 46802958, 46808930, 2958, 8930
8, 586, 46882958, 46888930, 2958, 8930
8, 587, 46962958, 46968930, 2958, 8930
8, 588, 47042958, 47050541, 2958, 10541
8, 589, 47122958, 47128930, 2958, 8930
8, 59, 4722958, 4728930, 2958, 8930
8, 590, 47202958, 47208930, 2958, 8930
8, 591, 47282958, 47288930, 2958, 8930
8, 592, 47362958, 47368930, 2958, 8930
8, 593, 47442958, 47448930, 2958, 8930
8, 594, 47522958, 47528930, 2958, 8930
8, 595, 47602958, 47612759, 2958, 12759
8, 596, 47682958, 47688930, 2958, 8930
8, 597, 47762958, 47768930, 2958, 8930
8, 598, 47842958, 47848930, 2958, 8930
8, 599, 47922958, 47928930, 2958, 8930
8, 6, 482958, 488930, 2958, 8930
8, 60, 4802958, 4808930, 2958, 8930
8, 600, 48002958, 48008930, 2958, 8930
8, 601, 48082958, 48088930, 2958, 8930
8, 602, 48162958, 48170541, 2958, 10541
8, 603, 48242958, 48248930, 2958, 8930
8, 604, 48322958, 48328930, 2958, 8930
8, 605, 48402958, 48408930, 2958, 8930
8, 606, 48482958, 48488930, 2958, 8930
8, 607, 48562958, 48568930, 2958, 8930
8, 608, 48642958, 48648930, 2958, 8930
8, 609, 48722958, 48733084, 2958, 13084
8, 61, 4882958, 4888930, 2958, 8930
8, 610, 48802958, 48808930, 2958, 8930
8, 611, 48882958, 48888930, 2958, 8930
8, 612, 48962958, 48968930, 2958, 8930
8, 613, 49042958, 49048930, 2958, 8930
8, 614, 49122958, 49128930, 2958, 8930
8, 615, 49202958, 49208930, 2958, 8930
8, 616, 49282958, 49290216, 2958, 10216
8, 617, 49362958, 49368930, 2958, 8930
8, 618, 49442958, 49448930, 2958, 8930
8, 619, 49522958, 49528930, 2958, 8930
8, 62, 4962958, 4968930, 2958, 8930
8, 620, 49602958, 49608930, 2958, 8930
8, 621, 49682958, 49688930, 2958, 8930
8, 622, 49762958, 49768930, 2958, 8930
8, 623, 49842958, 49851697, 2958, 11697
8, 624, 49922958, 49928930, 2958, 8930
8, 625, 50002958, 50008930, 2958, 8930
8, 626, 50082958, 50088930, 2958, 8930
8, 627, 50162958, 50168930, 2958, 8930
8, 628, 50242958, 50248930, 2958, 8930
8, 629, 50322958, 50328930, 2958, 8930
8, 63, 5042958, 5052716, 2958, 12716
8, 630, 50402958, 50411679, 2958, 11679
8, 631, 50482958, 50488930, 2958, 8930
8, 632, 50562958, 50568930, 2958, 8930
8, 633, 50642958, 50648930, 2958, 8930
8, 634, 50722958, 50728930, 2958, 8930
8, 635, 50802958, 50808930, 2958, 8930
8, 636, 50882958, 50888930, 2958, 8930
8, 637, 50962958, 50970216, 2958, 10216
8, 638, 51042958, 51048930, 2958, 8930
8, 639, 51122958, 51128930, 2958, 8930
8, 64, 5122958, 5128930, 2958, 8930
8, 640, 51202958, 51208930, 2958, 8930
8, 641, 51282958, 51288930, 2958, 8930
8, 642, 51362958, 51368930, 2958, 8930
8, 643, 51442958, 51448930, 2958, 8930
8, 644, 51522958, 51533084, 2958, 13084
8, 645, 51602958, 51608930, 2958, 8930
8, 646, 51682958, 51688930, 2958, 8930
8, 647, 51762958, 51768930, 2958, 8930
8, 648, 51842958, 51848930, 2958, 8930
8, 649, 51922958, 51928930, 2958, 8930
8, 65, 5202958, 5208930, 2958, 8930
8, 650, 52002958, 52008930, 2958, 8930
8, 651, 52082958, 52090541, 2958, 10541
8, 652, 52162958, 52168930, 2958, 8930
8, 653, 52242958, 52248930, 2958, 8930
8, 654, 52322958, 52328930, 2958, 8930
8, 655, 52402958, 52408930, 2958, 8930
8, 656, 52482958, 52488930, 2958, 8930
8, 657, 52562958, 52568930, 2958, 8930
8, 658, 52642958, 52652391, 2958, 12391
8, 659, 52722958, 52728930, 2958, 8930
8, 66, 5282958, 5288930, 2958, 8930
8, 660, 52802958, 52808930, 2958, 8930
8, 661, 52882958, 52888930, 2958, 8930
8, 662, 52962958, 52968930, 2958, 8930
8, 663, 53042958, 53048930, 2958, 8930
8, 664, 53122958, 53128930, 2958, 8930
8, 665, 53202958, 53210992, 2958, 10992
8, 666, 53282958, 53288930, 2958, 8930
8, 667, 53362958, 53368930, 2958, 8930
8, 668, 53442958, 53448930, 2958, 8930
8, 669, 53522958, 53528930, 2958, 8930
8, 67, 5362958, 5368930, 2958, 8930
8, 670, 53602958, 53608930, 2958, 8930
8, 671, 53682958, 53688930, 2958, 8930
8, 672, 53762958, 53770541, 2958, 10541
8, 673, 53842958, 53848930, 2958, 8930
8, 674, 53922958, 53928930, 2958, 8930
8, 675, 54002958, 54008930, 2958, 8930
8, 676, 54082958, 54088930, 2958, 8930
8, 677, 54162958, 54168930, 2958, 8930
8, 678, 54242958, 54248930, 2958, 8930
8, 679, 54322958, 54332759, 2958, 12759
8, 68, 5442958, 5448930, 2958, 8930
8, 680, 54402958, 54408930, 2958, 8930
8, 681, 54482958, 54488930, 2958, 8930
8, 682, 54562958, 54568930, 2958, 8930
8, 683, 54642958, 54648930, 2958, 8930
8, 684, 54722958, 54728930, 2958, 8930
8, 685, 54802958, 54808930, 2958, 8930
8, 686, 54882958, 54890541, 2958, 10541
8, 687, 54962958, 54968930, 2958, 8930
8, 688, 55042958, 55048930, 2958, 8930
8, 689, 55122958, 55128930, 2958, 8930
8, 69, 5522958, 5528930, 2958, 8930
8, 690, 55202958, 55208930, 2958, 8930
8, 691, 55282958, 55288930, 2958, 8930
8, 692, 55362958, 55368930, 2958, 8930
8, 693, 55442958, 55452716, 2958, 12716
8, 694, 55522958, 55529292, 2958, 9292
8, 695, 55602958, 55608930, 2958, 8930
8, 696, 55682958, 55688930, 2958, 8930
8, 697, 55762958, 55768930, 2958, 8930
8, 698, 55842958, 55848930, 2958, 8930
8, 699, 55922958, 55928930, 2958, 8930
8, 7, 562958, 570216, 2958, 10216
8, 70, 5602958, 5610667, 2958, 10667
8, 700, 56002958, 56010667, 2958, 10667
8, 701, 56082958, 56088930, 2958, 8930
8, 702, 56162958, 56168930, 2958, 8930
8, 703, 56242958, 56248930, 2958, 8930
8, 704, 56322958, 56328930, 2958, 8930
8, 705, 56402958, 56408930, 2958, 8930
8, 706, 56482958, 56488930, 2958, 8930
8, 707, 56562958, 56570541, 2958, 10541
8, 708, 56642958, 56648930, 2958, 8930
8, 709, 56722958, 56728930, 2958, 8930
8, 71, 5682958, 5688930, 2958, 8930
8, 710, 56802958, 56808930, 2958, 8930
8, 711, 56882958, 56888930, 2958, 8930
8, 712, 56962958, 56968930, 2958, 8930
8, 713, 57042958, 57048930, 2958, 8930
8, 714, 57122958, 57133084, 2958, 13084
8, 715, 57202958, 57208930, 2958, 8930
8, 716, 57282958, 57288930, 2958, 8930
8, 717, 57362958, 57368930, 2958, 8930
8, 718, 57442958, 57448930, 2958, 8930
8, 719, 57522958, 57528930, 2958, 8930
8, 72, 5762958, 5768930, 2958, 8930
8, 720, 57602958, 57608930, 2958, 8930
8, 721, 57682958, 57690216, 2958, 10216
8, 722, 57762958, 57768930, 2958, 8930
8, 723, 57842958, 57848930, 2958, 8930
8, 724, 57922958, 57928930, 2958, 8930
8, 725, 58002958, 58008930, 2958, 8930
8, 726, 58082958, 58088930, 2958, 8930
8, 727, 58162958, 58168930, 2958, 8930
8, 728, 58242958, 58252716, 2958, 12716
8, 729, 58322958, 58328930, 2958, 8930
8, 73, 5842958, 5848930, 2958, 8930
8, 730, 58402958, 58408930, 2958, 8930
8, 731, 58482958, 58488930, 2958, 8930
8, 732, 58562958, 58568930, 2958, 8930
8, 733, 58642958, 58648930, 2958, 8930
8, 734, 58722958, 58728930, 2958, 8930
8, 735, 58802958, 58811679, 2958, 11679
8, 736, 58882958, 58888930, 2958, 8930
8, 737, 58962958, 58968930, 2958, 8930
8, 738, 59042958, 59048930, 2958, 8930
8, 739, 59122958, 59128930, 2958, 8930
8, 74, 5922958, 5928930, 2958, 8930
8, 740, 59202958, 59208930, 2958, 8930
8, 741, 59282958, 59288930, 2958, 8930
8, 742, 59362958, 59371259, 2958, 11259
8, 743, 59442958, 59448930, 2958, 8930
8, 744, 59522958, 59528930, 2958, 8930
8, 745, 59602958, 59608930, 2958, 8930
8, 746, 59682958, 59688930, 2958, 8930
8, 747, 59762958, 59768930, 2958, 8930
8, 748, 59842958, 59848930, 2958, 8930
8, 749, 59922958, 59930908, 2958, 10908
8, 75, 6002958, 6008930, 2958, 8930
8, 750, 60002958, 60008930, 2958, 8930
8, 751, 60082958, 60088930, 2958, 8930
8, 752, 60162958, 60168930, 2958, 8930
8, 753, 60242958, 60248930, 2958, 8930
8, 754, 60322958, 60328930, 2958, 8930
8, 755, 60402958, 60408930, 2958, 8930
8, 756, 60482958, 60490541, 2958, 10541
8, 757, 60562958, 60568930, 2958, 8930
8, 758, 60642958, 60648930, 2958, 8930
8, 759, 60722958, 60728930, 2958, 8930
8, 76, 6082958, 6088930, 2958, 8930
8, 760, 60802958, 60808930, 2958, 8930
8, 761, 60882958, 60888930, 2958, 8930
8, 762, 60962958, 60968930, 2958, 8930
8, 763, 61042958, 61052391, 2958, 12391
8, 764, 61122958, 61128930, 2958, 8930
8, 765, 61202958, 61208930, 2958, 8930
8, 766, 61282958, 61288930, 2958, 8930
8, 767, 61362958, 61368930, 2958, 8930
8, 768, 61442958, 61448930, 2958, 8930
8, 769, 61522958, 61528930, 2958, 8930
8, 77, 6162958, 6170541, 2958, 10541
8, 770, 61602958, 61610992, 2958, 10992
8, 771, 61682958, 61688930, 2958, 8930
8, 772, 61762958, 61768930, 2958, 8930
8, 773, 61842958, 61848930, 2958, 8930
8, 774, 61922958, 61928930, 2958, 8930
8, 775, 62002958, 62008930, 2958, 8930
8, 776, 62082958, 62088930, 2958, 8930
8, 777, 62162958, 62172716, 2958, 12716
8, 778, 62242958, 62248930, 2958, 8930
8, 779, 62322958, 62328930, 2958, 8930
8, 78, 6242958, 6248930, 2958, 8930
8, 780, 62402958, 62408930, 2958, 8930
8, 781, 62482958, 62488930, 2958, 8930
8, 782, 62562958, 62568930, 2958, 8930
8, 783, 62642958, 62648930, 2958, 8930
8, 784, 62722958, 62730583, 2958, 10583
8, 785, 62802958, 62808930, 2958, 8930
8, 786, 62882958, 62888930, 2958, 8930
8, 787, 62962958, 62968930, 2958, 8930
8, 788, 63042958, 63048930, 2958, 8930
8, 789, 63122958, 63128930, 2958, 8930
8, 79, 6322958, 6328930, 2958, 8930
8, 790, 63202958, 63208930, 2958, 8930
8, 791, 63282958, 63290541, 2958, 10541
8, 792, 63362958, 63368930, 2958, 8930
8, 793, 63442958, 63448930, 2958, 8930
8, 794, 63522958, 63528930, 2958, 8930
8, 795, 63602958, 63608930, 2958, 8930
8, 796, 63682958, 63688930, 2958, 8930
8, 797, 63762958, 63768930, 2958, 8930
8, 798, 63842958, 63852716, 2958, 12716
8, 799, 63922958, 63928930, 2958, 8930
8, 8, 642958, 648930, 2958, 8930
8, 80, 6402958, 6408930, 2958, 8930
8, 800, 64002958, 64008930, 2958, 8930
8, 801, 64082958, 64088930, 2958, 8930
8, 802, 64162958, 64168930, 2958, 8930
8, 803, 64242958, 64248930, 2958, 8930
8, 804, 64322958, 64328930, 2958, 8930
8, 805, 64402958, 64410667, 2958, 10667
8, 806, 64482958, 64488930, 2958, 8930
8, 807, 64562958, 64568930, 2958, 8930
8, 808, 64642958, 64648930, 2958, 8930
8, 809, 64722958, 64728930, 2958, 8930
8, 81, 6482958, 6488930, 2958, 8930
8, 810, 64802958, 64808930, 2958, 8930
8, 811, 64882958, 64888930, 2958, 8930
8, 812, 64962958, 64972716, 2958, 12716
8, 813, 65042958, 65048930, 2958, 8930
8, 814, 65122958, 65128930, 2958, 8930
8, 815, 65202958, 65208930, 2958, 8930
8, 816, 65282958, 65288930, 2958, 8930
8, 817, 65362958, 65368930, 2958, 8930
8, 818, 65442958, 65448930, 2958, 8930
8, 819, 65522958, 65530908, 2958, 10908
8, 82, 6562958, 6568930, 2958, 8930
8, 820, 65602958, 65608930, 2958, 8930
8, 821, 65682958, 65688930, 2958, 8930
8, 822, 65762958, 65768930, 2958, 8930
8, 823, 65842958, 65848930, 2958, 8930
8, 824, 65922958, 65928930, 2958, 8930
8, 825, 66002958, 66008930, 2958, 8930
8, 826, 66082958, 66090216, 2958, 10216
8, 827, 66162958, 66168930, 2958, 8930
8, 828, 66242958, 66248930, 2958, 8930
8, 829, 66322958, 66328930, 2958, 8930
8, 83, 6642958, 6648930, 2958, 8930
8, 830, 66402958, 66408930, 2958, 8930
8, 831, 66482958, 66488930, 2958, 8930
8, 832, 66562958, 66568930, 2958, 8930
8, 833, 66642958, 66652716, 2958, 12716
8, 834, 66722958, 66728930, 2958, 8930
8, 835, 66802958, 66808930, 2958, 8930
8, 836, 66882958, 66888930, 2958, 8930
8, 837, 66962958, 66968930, 2958, 8930
8, 838, 67042958, 67048930, 2958, 8930
8, 839, 67122958, 67128930, 2958, 8930
8, 84, 6722958, 6733084, 2958, 13084
8, 840, 67202958, 67211679, 2958, 11679
8, 841, 67282958, 67288930, 2958, 8930
8, 842, 67362958, 67368930, 2958, 8930
8, 843, 67442958, 67448930, 2958, 8930
8, 844, 67522958, 67528930, 2958, 8930
8, 845, 67602958, 67608930, 2958, 8930
8, 846, 67682958, 67688930, 2958, 8930
8, 847, 67762958, 67772391, 2958, 12391
8, 848, 67842958, 67848930, 2958, 8930
8, 849, 67922958, 67928930, 2958, 8930
8, 85, 6802958, 6808930, 2958, 8930
8, 850, 68002958, 68008930, 2958, 8930
8, 851, 68082958, 68088930, 2958, 8930
8, 852, 68162958, 68168930, 2958, 8930
8, 853, 68242958, 68248930, 2958, 8930
8, 854, 68322958, 68330908, 2958, 10908
8, 855, 68402958, 68408930, 2958, 8930
8, 856, 68482958, 68488930, 2958, 8930
8, 857, 68562958, 68568930, 2958, 8930
8, 858, 68642958, 68648930, 2958, 8930
8, 859, 68722958, 68728930, 2958, 8930
8, 86, 6882958, 6888930, 2958, 8930
8, 860, 68802958, 68808930, 2958, 8930
8, 861, 68882958, 68891405, 2958, 11405
8, 862, 68962958, 68968930, 2958, 8930
8, 863, 69042958, 69048930, 2958, 8930
8, 864, 69122958, 69128930, 2958, 8930
8, 865, 69202958, 69210395, 2958, 10395
8, 866, 69282958, 69288930, 2958, 8930
8, 867, 69362958, 69368930, 2958, 8930
8, 868, 69442958, 69450216, 2958, 10216
8, 869, 69522958, 69528930, 2958, 8930
8, 87, 6962958, 6968930, 2958, 8930
8, 870, 69602958, 69608930, 2958, 8930
8, 871, 69682958, 69688930, 2958, 8930
8, 872, 69762958, 69768930, 2958, 8930
8, 873, 69842958, 69848930, 2958, 8930
8, 874, 69922958, 69928930, 2958, 8930
8, 875, 70002958, 70010992, 2958, 10992
8, 876, 70082958, 70088930, 2958, 8930
8, 877, 70162958, 70168930, 2958, 8930
8, 878, 70242958, 70248930, 2958, 8930
8, 879, 70322958, 70328930, 2958, 8930
8, 88, 7042958, 7048930, 2958, 8930
8, 880, 70402958, 70408930, 2958, 8930
8, 881, 70482958, 70488930, 2958, 8930
8, 882, 70562958, 70572716, 2958, 12716
8, 883, 70642958, 70648930, 2958, 8930
8, 884, 70722958, 70728930, 2958, 8930
8, 885, 70802958, 70808930, 2958, 8930
8, 886, 70882958, 70888930, 2958, 8930
8, 887, 70962958, 70968930, 2958, 8930
8, 888, 71042958, 71048930, 2958, 8930
8, 889, 71122958, 71130583, 2958, 10583
8, 89, 7122958, 7128930, 2958, 8930
8, 890, 71202958, 71208930, 2958, 8930
8, 891, 71282958, 71288930, 2958, 8930
8, 892, 71362958, 71368930, 2958, 8930
8, 893, 71442958, 71448930, 2958, 8930
8, 894, 71522958, 71528930, 2958, 8930
8, 895, 71602958, 71608930, 2958, 8930
8, 896, 71682958, 71692716, 2958, 12716
8, 897, 71762958, 71768930, 2958, 8930
8, 898, 71842958, 71848930, 2958, 8930
8, 899, 71922958, 71928930, 2958, 8930
8, 9, 722958, 728930, 2958, 8930
8, 90, 7202958, 7208930, 2958, 8930
8, 900, 72002958, 72008930, 2958, 8930
8, 901, 72082958, 72088930, 2958, 8930
8, 902, 72162958, 72168930, 2958, 8930
8, 903, 72242958, 72250541, 2958, 10541
8, 904, 72322958, 72328930, 2958, 8930
8, 905, 72402958, 72408930, 2958, 8930
8, 906, 72482958, 72488930, 2958, 8930
8, 907, 72562958, 72568930, 2958, 8930
8, 908, 72642958, 72648930, 2958, 8930
8, 909, 72722958, 72728930, 2958, 8930
8, 91, 7282958, 7290216, 2958, 10216
8, 910, 72802958, 72810667, 2958, 10667
8, 911, 72882958, 72888930, 2958, 8930
8, 912, 72962958, 72968930, 2958, 8930
8, 913, 73042958, 73048930, 2958, 8930
8, 914, 73122958, 73128930, 2958, 8930
8, 915, 73202958, 73208930, 2958, 8930
8, 916, 73282958, 73288930, 2958, 8930
8, 917, 73362958, 73372716, 2958, 12716
8, 918, 73442958, 73448930, 2958, 8930
8, 919, 73522958, 73528930, 2958, 8930
8, 92, 7362958, 7368930, 2958, 8930
8, 920, 73602958, 73608930, 2958, 8930
8, 921, 73682958, 73688930, 2958, 8930
8, 922, 73762958, 73768930, 2958, 8930
8, 923, 73842958, 73848930, 2958, 8930
8, 924, 73922958, 73930908, 2958, 10908
8, 925, 74002958, 74008930, 2958, 8930
8, 926, 74082958, 74088930, 2958, 8930
8, 927, 74162958, 74168930, 2958, 8930
8, 928, 74242958, 74248930, 2958, 8930
8, 929, 74322958, 74328930, 2958, 8930
8, 93, 7442958, 7448930, 2958, 8930
8, 930, 74402958, 74408930, 2958, 8930
8, 931, 74482958, 74492391, 2958, 12391
8, 932, 74562958, 74568930, 2958, 8930
8, 933, 74642958, 74648930, 2958, 8930
8, 934, 74722958, 74728930, 2958, 8930
8, 935, 74802958, 74808930, 2958, 8930
8, 936, 74882958, 74888930, 2958, 8930
8, 937, 74962958, 74968930, 2958, 8930
8, 938, 75042958, 75050541, 2958, 10541
8, 939, 75122958, 75128930, 2958, 8930
8, 94, 7522958, 7528930, 2958, 8930
8, 940, 75202958, 75208930, 2958, 8930
8, 941, 75282958, 75288930, 2958, 8930
8, 942, 75362958, 75368930, 2958, 8930
8, 943, 75442958, 75448930, 2958, 8930
8, 944, 75522958, 75528930, 2958, 8930
8, 945, 75602958, 75611679, 2958, 11679
8, 946, 75682958, 75688930, 2958, 8930
8, 947, 75762958, 75768930, 2958, 8930
8, 948, 75842958, 75848930, 2958, 8930
8, 949, 75922958, 75928930, 2958, 8930
8, 95, 7602958, 7608930, 2958, 8930
8, 950, 76002958, 76008930, 2958, 8930
8, 951, 76082958, 76088930, 2958, 8930
8, 952, 76162958, 76172391, 2958, 12391
8, 953, 76242958, 76248930, 2958, 8930
8, 954, 76322958, 76328930, 2958, 8930
8, 955, 76402958, 76408930, 2958, 8930
8, 956, 76482958, 76488930, 2958, 8930
8, 957, 76562958, 76568930, 2958, 8930
8, 958, 76642958, 76648930, 2958, 8930
8, 959, 76722958, 76730908, 2958, 10908
8, 96, 7682958, 7688930, 2958, 8930
8, 960, 76802958, 76808930, 2958, 8930
8, 961, 76882958, 76888930, 2958, 8930
8, 962, 76962958, 76968930, 2958, 8930
8, 963, 77042958, 77048930, 2958, 8930
8, 964, 77122958, 77128930, 2958, 8930
8, 965, 77202958, 77208930, 2958, 8930
8, 966, 77282958, 77292716, 2958, 12716
8, 967, 77362958, 77368930, 2958, 8930
8, 968, 77442958, 77448930, 2958, 8930
8, 969, 77522958, 77528930, 2958, 8930
8, 97, 7762958, 7768930, 2958, 8930
8, 970, 77602958, 77608930, 2958, 8930
8, 971, 77682958, 77688930, 2958, 8930
8, 972, 77762958, 77768930, 2958, 8930
8, 973, 77842958, 77850216, 2958, 10216
8, 974, 77922958, 77928930, 2958, 8930
8, 975, 78002958, 78008930, 2958, 8930
8, 976, 78082958, 78088930, 2958, 8930
8, 977, 78162958, 78168930, 2958, 8930
8, 978, 78242958, 78248930, 2958, 8930
8, 979, 78322958, 78328930, 2958, 8930
8, 98, 7842958, 7852716, 2958, 12716
8, 980, 78402958, 78413084, 2958, 13084
8, 981, 78482958, 78488930, 2958, 8930
8, 982, 78562958, 78568930, 2958, 8930
8, 983, 78642958, 78648930, 2958, 8930
8, 984, 78722958, 78728930, 2958, 8930
8, 985, 78802958, 78808930, 2958, 8930
8, 986, 78882958, 78888930, 2958, 8930
8, 987, 78962958, 78970541, 2958, 10541
8, 988, 79042958, 79048930, 2958, 8930
8, 989, 79122958, 79128930, 2958, 8930
8, 99, 7922958, 7928930, 2958, 8930
8, 990, 79202958, 79208930, 2958, 8930
8, 991, 79282958, 79288930, 2958, 8930
8, 992, 79362958, 79368930, 2958, 8930
8, 993, 79442958, 79448930, 2958, 8930
8, 994, 79522958, 79530583, 2958, 10583
8, 995, 79602958, 79608930, 2958, 8930
8, 996, 79682958, 79688930, 2958, 8930
8, 997, 79762958, 79768930, 2958, 8930
8, 998, 79842958, 79848930, 2958, 8930
8, 999, 79922958, 79928930, 2958, 8930
9, 0, 16502, 36088, 16502, 36088
9, 1, 101502, 116752, 16502, 31752
9, 10, 866502, 881752, 16502, 31752
9, 100, 8516502, 8531752, 16502, 31752
9, 1000, 85016502, 85031752, 16502, 31752
9, 1001, 85101502, 85116752, 16502, 31752
9, 1002, 85186502, 85201752, 16502, 31752
9, 1003, 85271502, 85286752, 16502, 31752
9, 1004, 85356502, 85371752, 16502, 31752
9, 1005, 85441502, 85456752, 16502, 31752
9, 1006, 85526502, 85541752, 16502, 31752
9, 1007, 85611502, 85626752, 16502, 31752
9, 1008, 85696502, 85715812, 16502, 35812
9, 1009, 85781502, 85796752, 16502, 31752
9, 101, 8601502, 8616752, 16502, 31752
9, 1010, 85866502, 85881752, 16502, 31752
9, 1011, 85951502, 85966752, 16502, 31752
9, 1012, 86036502, 86051752, 16502, 31752
9, 1013, 86121502, 86136752, 16502, 31752
9, 1014, 86206502, 86221752, 16502, 31752
9, 1015, 86291502, 86306752, 16502, 31752
9, 1016, 86376502, 86391752, 16502, 31752
9, 1017, 86461502, 86476752, 16502, 31752
9, 1018, 86546502, 86561752, 16502, 31752
9, 1019, 86631502, 86646752, 16502, 31752
9, 102, 8686502, 8701752, 16502, 31752
9, 1020, 86716502, 86731752, 16502, 31752
9, 1021, 86801502, 86816752, 16502, 31752
9, 1022, 86886502, 86901752, 16502, 31752
9, 1023, 86971502, 86986752, 16502, 31752
9, 1024, 87056502, 87071752, 16502, 31752
9, 1025, 87141502, 87156752, 16502, 31752
9, 1026, 87226502, 87241752, 16502, 31752
9, 1027, 87311502, 87326752, 16502, 31752
9, 1028, 87396502, 87411752, 16502, 31752
9, 1029, 87481502, 87496752, 16502, 31752
9, 103, 8771502, 8786752, 16502, 31752
9, 1030, 87566502, 87581752, 16502, 31752
9, 1031, 87651502, 87666752, 16502, 31752
9, 1032, 87736502, 87751752, 16502, 31752
9, 1033, 87821502, 87836752, 16502, 31752
9, 1034, 87906502, 87921752, 16502, 31752
9, 1035, 87991502, 88006752, 16502, 31752
9, 1036, 88076502, 88091752, 16502, 31752
9, 1037, 88161502, 88176752, 16502, 31752
9, 1038, 88246502, 88261752, 16502, 31752
9, 1039, 88331502, 88346752, 16502, 31752
9, 104, 8856502, 8871752, 16502, 31752
9, 1040, 88416502, 88431752, 16502, 31752
9, 1041, 88501502, 88516752, 16502, 31752
9, 1042, 88586502, 88601752, 16502, 31752
9, 1043, 88671502, 88686752, 16502, 31752
9, 1044, 88756502, 88771752, 16502, 31752
9, 1045, 88841502, 88856752, 16502, 31752
9, 1046, 88926502, 88941752, 16502, 31752
9, 1047, 89011502, 89026752, 16502, 31752
9, 1048, 89096502, 89111752, 16502, 31752
9, 1049, 89181502, 89196752, 16502, 31752
9, 105, 8941502, 8956752, 16502, 31752
9, 1050, 89266502, 89283368, 16502, 33368
9, 1051, 89351502, 89366752, 16502, 31752
9, 1052, 89436502, 89451752, 16502, 31752
9, 1053, 89521502, 89536752, 16502, 31752
9, 1054, 89606502, 89621752, 16502, 31752
9, 1055, 89691502, 89706752, 16502, 31752
9, 1056, 89776502, 89791752, 16502, 31752
9, 1057, 89861502, 89876752, 16502, 31752
9, 1058, 89946502, 89961752, 16502, 31752
9, 1059, 90031502, 90046752, 16502, 31752
9, 106, 9026502, 9041752, 16502, 31752
9, 1060, 90116502, 90131752, 16502, 31752
9, 1061, 90201502, 90216752, 16502, 31752
9, 1062, 90286502, 90301752, 16502, 31752
9, 1063, 90371502, 90386752, 16502, 31752
9, 1064, 90456502, 90471752, 16502, 31752
9, 1065, 90541502, 90556752, 16502, 31752
9, 1066, 90626502, 90641752, 16502, 31752
9, 1067, 90711502, 90726752, 16502, 31752
9, 1068, 90796502, 90811752, 16502, 31752
9, 1069, 90881502, 90896752, 16502, 31752
9, 107, 9111502, 9126752, 16502, 31752
9, 1070, 90966502, 90981752, 16502, 31752
9, 1071, 91051502, 91066752, 16502, 31752
9, 1072, 91136502, 91151752, 16502, 31752
9, 1073, 91221502, 91236752, 16502, 31752
9, 1074, 91306502, 91321752, 16502, 31752
9, 1075, 91391502, 91406752, 16502, 31752
9, 1076, 91476502, 91491752, 16502, 31752
9, 1077, 91561502, 91576752, 16502, 31752
9, 1078, 91646502, 91661752, 16502, 31752
9, 1079, 91731502, 91746752, 16502, 31752
9, 108, 9196502, 9211752, 16502, 31752
9, 1080, 91816502, 91831752, 16502, 31752
9, 1081, 91901502, 91916752, 16502, 31752
9, 1082, 91986502, 92001752, 16502, 31752
9, 1083, 92071502, 92086752, 16502, 31752
9, 1084, 92156502, 92171752, 16502, 31752
9, 1085, 92241502, 92256752, 16502, 31752
9, 1086, 92326502, 92341752, 16502, 31752
9, 1087, 92411502, 92426752, 16502, 31752
9, 1088, 92496502, 92511752, 16502, 31752
9, 1089, 92581502, 92596752, 16502, 31752
9, 109, 9281502, 9296752, 16502, 31752
9, 1090, 92666502, 92681752, 16502, 31752
9, 1091, 92751502, 92766752, 16502, 31752
9, 1092, 92836502, 92853647, 16502, 33647
9, 1093, 92921502, 92936752, 16502, 31752
9, 1094, 93006502, 93021752, 16502, 31752
9, 1095, 93091502, 93106752, 16502, 31752
9, 1096, 93176502, 93191752, 16502, 31752
9, 1097, 93261502, 93276752, 16502, 31752
9, 1098, 93346502, 93361752, 16502, 31752
9, 1099, 93431502, 93446752, 16502, 31752
9, 11, 951502, 966752, 16502, 31752
9, 110, 9366502, 9381752, 16502, 31752
9, 1100, 93516502, 93531752, 16502, 31752
9, 1101, 93601502, 93616752, 16502, 31752
9, 1102, 93686502, 93701752, 16502, 31752
9, 1103, 93771502, 93786752, 16502, 31752
9, 1104, 93856502, 93871752, 16502, 31752
9, 1105, 93941502, 93956752, 16502, 31752
9, 1106, 94026502, 94041752, 16502, 31752
9, 1107, 94111502, 94126752, 16502, 31752
9, 1108, 94196502, 94211752, 16502, 31752
9, 1109, 94281502, 94296752, 16502, 31752
9, 111, 9451502, 9466752, 16502, 31752
9, 1110, 94366502, 94381752, 16502, 31752
9, 1111, 94451502, 94466752, 16502, 31752
9, 1112, 94536502, 94551752, 16502, 31752
9, 1113, 94621502, 94636752, 16502, 31752
9, 1114, 94706502, 94721752, 16502, 31752
9, 1115, 94791502, 94806752, 16502, 31752
9, 1116, 94876502, 94891752, 16502, 31752
9, 1117, 94961502, 94976752, 16502, 31752
9, 1118, 95046502, 95061752, 16502, 31752
9, 1119, 95131502, 95146752, 16502, 31752
9, 112, 9536502, 9556088, 16502, 36088
9, 1120, 95216502, 95236088, 16502, 36088
9, 1121, 95301502, 95316752, 16502, 31752
9, 1122, 95386502, 95401752, 16502, 31752
9, 1123, 95471502, 95486752, 16502, 31752
9, 1124, 95556502, 95571752, 16502, 31752
9, 1125, 95641502, 95656752, 16502, 31752
9, 1126, 95726502, 95741752, 16502, 31752
9, 1127, 95811502, 95826752, 16502, 31752
9, 1128, 95896502, 95911752, 16502, 31752
9, 1129, 95981502, 95996752, 16502, 31752
9, 113, 9621502, 9636752, 16502, 31752
9, 1130, 96066502, 96081752, 16502, 31752
9, 1131, 96151502, 96166752, 16502, 31752
9, 1132, 96236502, 96251752, 16502, 31752
9, 1133, 96321502, 96336752, 16502, 31752
9, 1134, 96406502, 96421752, 16502, 31752
9, 1135, 96491502, 96506752, 16502, 31752
9, 1136, 96576502, 96591752, 16502, 31752
9, 1137, 96661502, 96676752, 16502, 31752
9, 1138, 96746502, 96761752, 16502, 31752
9, 1139, 96831502, 96846752, 16502, 31752
9, 114, 9706502, 9721752, 16502, 31752
9, 1140, 96916502, 96931752, 16502, 31752
9, 1141, 97001502, 97016752, 16502, 31752
9, 1142, 97086502, 97101752, 16502, 31752
9, 1143, 97171502, 97186752, 16502, 31752
9, 1144, 97256502, 97271752, 16502, 31752
9, 1145, 97341502, 97356752, 16502, 31752
9, 1146, 97426502, 97441752, 16502, 31752
9, 1147, 97511502, 97526752, 16502, 31752
9, 1148, 97596502, 97611752, 16502, 31752
9, 1149, 97681502, 97696752, 16502, 31752
9, 115, 9791502, 9806752, 16502, 31752
9, 1150, 97766502, 97781752, 16502, 31752
9, 1151, 97851502, 97866752, 16502, 31752
9, 1152, 97936502, 97951752, 16502, 31752
9, 1153, 98021502, 98036752, 16502, 31752
9, 1154, 98106502, 98121752, 16502, 31752
9, 1155, 98191502, 98206752, 16502, 31752
9, 1156, 98276502, 98291752, 16502, 31752
9, 1157, 98361502, 98376752, 16502, 31752
9, 1158, 98446502, 98461752, 16502, 31752
9, 1159, 98531502, 98546752, 16502, 31752
9, 116, 9876502, 9891752, 16502, 31752
9, 1160, 98616502, 98631752, 16502, 31752
9, 1161, 98701502, 98716752, 16502, 31752
9, 1162, 98786502, 98801752, 16502, 31752
9, 1163, 98871502, 98886752, 16502, 31752
9, 1164, 98956502, 98971752, 16502, 31752
9, 1165, 99041502, 99056752, 16502, 31752
9, 1166, 99126502, 99141752, 16502, 31752
9, 1167, 99211502, 99226752, 16502, 31752
9, 1168, 99296502, 99311752, 16502, 31752
9, 1169, 99381502, 99396752, 16502, 31752
9, 117, 9961502, 9976752, 16502, 31752
9, 1170, 99466502, 99481752, 16502, 31752
9, 1171, 99551502, 99566752, 16502, 31752
9, 1172, 99636502, 99651752, 16502, 31752
9, 1173, 99721502, 99736752, 16502, 31752
9, 1174, 99806502, 99821752, 16502, 31752
9, 1175, 99891502, 99906752, 16502, 31752
9, 1176, 99976502, 99993279, 16502, 33279
9, 1177, 100061502, 100076752, 16502, 31752
9, 1178, 100146502, 100161752, 16502, 31752
9, 1179, 100231502, 100246752, 16502, 31752
9, 118, 10046502, 10061752, 16502, 31752
9, 1180, 100316502, 100331752, 16502, 31752
9, 1181, 100401502, 100416752, 16502, 31752
9, 1182, 100486502, 100501752, 16502, 31752
9, 1183, 100571502, 100586752, 16502, 31752
9, 1184, 100656502, 100671752, 16502, 31752
9, 1185, 100741502, 100756752, 16502, 31752
9, 1186, 100826502, 100841752, 16502, 31752
9, 1187, 100911502, 100926752, 16502, 31752
9, 1188, 100996502, 101011752, 16502, 31752
9, 1189, 101081502, 101096752, 16502, 31752
9, 119, 10131502, 10146752, 16502, 31752
9, 1190, 101166502, 101183043, 16502, 33043
9, 1191, 101251502, 101266752, 16502, 31752
9, 1192, 101336502, 101351752, 16502, 31752
9, 1193, 101421502, 101436752, 16502, 31752
9, 1194, 101506502, 101521752, 16502, 31752
9, 1195, 101591502, 101606752, 16502, 31752
9, 1196, 101676502, 101691752, 16502, 31752
9, 1197, 101761502, 101776752, 16502, 31752
9, 1198, 101846502, 101861752, 16502, 31752
9, 1199, 101931502, 101946752, 16502, 31752
9, 12, 1036502, 1051752, 16502, 31752
9, 120, 10216502, 10231752, 16502, 31752
9, 1200, 102016502, 102031752, 16502, 31752
9, 1201, 102101502, 102116752, 16502, 31752
9, 1202, 102186502, 102201752, 16502, 31752
9, 1203, 102271502, 102286752, 16502, 31752
9, 1204, 102356502, 102371752, 16502, 31752
9, 1205, 102441502, 102456752, 16502, 31752
9, 1206, 102526502, 102541752, 16502, 31752
9, 1207, 102611502, 102626752, 16502, 31752
9, 1208, 102696502, 102711752, 16502, 31752
9, 1209, 102781502, 102796752, 16502, 31752
9, 121, 10301502, 10316752, 16502, 31752
9, 1210, 102866502, 102881752, 16502, 31752
9, 1211, 102951502, 102966752, 16502, 31752
9, 1212, 103036502, 103051752, 16502, 31752
9, 1213, 103121502, 103136752, 16502, 31752
9, 1214, 103206502, 103221752, 16502, 31752
9, 1215, 103291502, 103306752, 16502, 31752
9, 1216, 103376502, 103391752, 16502, 31752
9, 1217, 103461502, 103476752, 16502, 31752
9, 1218, 103546502, 103561752, 16502, 31752
9, 1219, 103631502, 103646752, 16502, 31752
9, 122, 10386502, 10401752, 16502, 31752
9, 1220, 103716502, 103731752, 16502, 31752
9, 1221, 103801502, 103816752, 16502, 31752
9, 1222, 103886502, 103901752, 16502, 31752
9, 1223, 103971502, 103986752, 16502, 31752
9, 1224, 104056502, 104071752, 16502, 31752
9, 1225, 104141502, 104156752, 16502, 31752
9, 1226, 104226502, 104241752, 16502, 31752
9, 1227, 104311502, 104326752, 16502, 31752
9, 1228, 104396502, 104411752, 16502, 31752
9, 1229, 104481502, 104496752, 16502, 31752
9, 123, 10471502, 10486752, 16502, 31752
9, 1230, 104566502, 104581752, 16502, 31752
9, 1231, 104651502, 104666752, 16502, 31752
9, 1232, 104736502, 104755844, 16502, 35844
9, 1233, 104821502, 104836752, 16502, 31752
9, 1234, 104906502, 104921752, 16502, 31752
9, 1235, 104991502, 105006752, 16502, 31752
9, 1236, 105076502, 105091752, 16502, 31752
9, 1237, 105161502, 105176752, 16502, 31752
9, 1238, 105246502, 105261752, 16502, 31752
9, 1239, 105331502, 105346752, 16502, 31752
9, 124, 10556502, 10571752, 16502, 31752
9, 1240, 105416502, 105431752, 16502, 31752
9, 1241, 105501502, 105516752, 16502, 31752
9, 1242, 105586502, 105601752, 16502, 31752
9, 1243, 105671502, 105686752, 16502, 31752
9, 1244, 105756502, 105771752, 16502, 31752
9, 1245, 105841502, 105856752, 16502, 31752
9, 1246, 105926502, 105941752, 16502, 31752
9, 1247, 106011502, 106026752, 16502, 31752
9, 1248, 106096502, 106111752, 16502, 31752
9, 1249, 106181502, 106196752, 16502, 31752
9, 125, 10641502, 10656752, 16502, 31752
9, 1250, 106266502, 106281752, 16502, 31752
9, 1251, 106351502, 106366752, 16502, 31752
9, 1252, 106436502, 106451752, 16502, 31752
9, 1253, 106521502, 106536752, 16502, 31752
9, 1254, 106606502, 106621752, 16502, 31752
9, 1255, 106691502, 106706752, 16502, 31752
9, 1256, 106776502, 106791752, 16502, 31752
9, 1257, 106861502, 106876752, 16502, 31752
9, 1258, 106946502, 106961752, 16502, 31752
9, 1259, 107031502, 107046752, 16502, 31752
9, 126, 10726502, 10741752, 16502, 31752
9, 1260, 107116502, 107134438, 16502, 34438
9, 1261, 107201502, 107216752, 16502, 31752
9, 1262, 107286502, 107301752, 16502, 31752
9, 1263, 107371502, 107386752, 16502, 31752
9, 1264, 107456502, 107471752, 16502, 31752
9, 1265, 107541502, 107556752, 16502, 31752
9, 1266, 107626502, 107641752, 16502, 31752
9, 1267, 107711502, 107726752, 16502, 31752
9, 1268, 107796502, 107811752, 16502, 31752
9, 1269, 107881502, 107896752, 16502, 31752
9, 127, 10811502, 10826752, 16502, 31752
9, 1270, 107966502, 107981752, 16502, 31752
9, 1271, 108051502, 108066752, 16502, 31752
9, 1272, 108136502, 108151752, 16502, 31752
9, 1273, 108221502, 108236752, 16502, 31752
9, 1274, 108306502, 108321752, 16502, 31752
9, 1275, 108391502, 108406752, 16502, 31752
9, 1276, 108476502, 108491752, 16502, 31752
9, 1277, 108561502, 108576752, 16502, 31752
9, 1278, 108646502, 108661752, 16502, 31752
9, 1279, 108731502, 108746752, 16502, 31752
9, 128, 10896502, 10911752, 16502, 31752
9, 1280, 108816502, 108831752, 16502, 31752
9, 1281, 108901502, 108916752, 16502, 31752
9, 1282, 108986502, 109001752, 16502, 31752
9, 1283, 109071502, 109086752, 16502, 31752
9, 1284, 109156502, 109171752, 16502, 31752
9, 1285, 109241502, 109256752, 16502, 31752
9, 1286, 109326502, 109341752, 16502, 31752
9, 1287, 109411502, 109426752, 16502, 31752
9, 1288, 109496502, 109511752, 16502, 31752
9, 1289, 109581502, 109596752, 16502, 31752
9, 129, 10981502, 10996752, 16502, 31752
9, 1290, 109666502, 109681752, 16502, 31752
9, 1291, 109751502, 109766752, 16502, 31752
9, 1292, 109836502, 109851752, 16502, 31752
9, 1293, 109921502, 109936752, 16502, 31752
9, 1294, 110006502, 110021752, 16502, 31752
9, 1295, 110091502, 110106752, 16502, 31752
9, 1296, 110176502, 110191752, 16502, 31752
9, 1297, 110261502, 110276752, 16502, 31752
9, 1298, 110346502, 110361752, 16502, 31752
9, 1299, 110431502, 110446752, 16502, 31752
9, 13, 1121502, 1136752, 16502, 31752
9, 130, 11066502, 11081752, 16502, 31752
9, 1300, 110516502, 110531752, 16502, 31752
9, 1301, 110601502, 110616752, 16502, 31752
9, 1302, 110686502, 110701752, 16502, 31752
9, 1303, 110771502, 110786752, 16502, 31752
9, 1304, 110856502, 110871752, 16502, 31752
9, 1305, 110941502, 110956752, 16502, 31752
9, 1306, 111026502, 111041752, 16502, 31752
9, 1307, 111111502, 111126752, 16502, 31752
9, 1308, 111196502, 111211752, 16502, 31752
9, 1309, 111281502, 111296752, 16502, 31752
9, 131, 11151502, 11166752, 16502, 31752
9, 1310, 111366502, 111381752, 16502, 31752
9, 1311, 111451502, 111466752, 16502, 31752
9, 1312, 111536502, 111551752, 16502, 31752
9, 1313, 111621502, 111636752, 16502, 31752
9, 1314, 111706502, 111721752, 16502, 31752
9, 1315, 111791502, 111806752, 16502, 31752
9, 1316, 111876502, 111891752, 16502, 31752
9, 1317, 111961502, 111976752, 16502, 31752
9, 1318, 112046502, 112061752, 16502, 31752
9, 1319, 112131502, 112146752, 16502, 31752
9, 132, 11236502, 11251752, 16502, 31752
9, 1320, 112216502, 112231752, 16502, 31752
9, 1321, 112301502, 112316752, 16502, 31752
9, 1322, 112386502, 112401752, 16502, 31752
9, 1323, 112471502, 112486752, 16502, 31752
9, 1324, 112556502, 112571752, 16502, 31752
9, 1325, 112641502, 112656752, 16502, 31752
9, 1326, 112726502, 112741752, 16502, 31752
9, 1327, 112811502, 112826752, 16502, 31752
9, 1328, 112896502, 112911752, 16502, 31752
9, 1329, 112981502, 112996752, 16502, 31752
9, 133, 11321502, 11336752, 16502, 31752
9, 1330, 113066502, 113083368, 16502, 33368
9, 1331, 113151502, 113166752, 16502, 31752
9, 1332, 113236502, 113251752, 16502, 31752
9, 1333, 113321502, 113336752, 16502, 31752
9, 1334, 113406502, 113421752, 16502, 31752
9, 1335, 113491502, 113506752, 16502, 31752
9, 1336, 113576502, 113591752, 16502, 31752
9, 1337, 113661502, 113676752, 16502, 31752
9, 1338, 113746502, 113761752, 16502, 31752
9, 1339, 113831502, 113846752, 16502, 31752
9, 134, 11406502, 11421752, 16502, 31752
9, 1340, 113916502, 113931752, 16502, 31752
9, 1341, 114001502, 114016752, 16502, 31752
9, 1342, 114086502, 114101752, 16502, 31752
9, 1343, 114171502, 114186752, 16502, 31752
9, 1344, 114256502, 114275812, 16502, 35812
9, 1345, 114341502, 114356752, 16502, 31752
9, 1346, 114426502, 114441752, 16502, 31752
9, 1347, 114511502, 114526752, 16502, 31752
9, 1348, 114596502, 114611752, 16502, 31752
9, 1349, 114681502, 114696752, 16502, 31752
9, 135, 11491502, 11506752, 16502, 31752
9, 1350, 114766502, 114781752, 16502, 31752
9, 1351, 114851502, 114866752, 16502, 31752
9, 1352, 114936502, 114951752, 16502, 31752
9, 1353, 115021502, 115036752, 16502, 31752
9, 1354, 115106502, 115121752, 16502, 31752
9, 1355, 115191502, 115206752, 16502, 31752
9, 1356, 115276502, 115291752, 16502, 31752
9, 1357, 115361502, 115376752, 16502, 31752
9, 1358, 115446502, 115461752, 16502, 31752
9, 1359, 115531502, 115546752, 16502, 31752
9, 136, 11576502, 11591752, 16502, 31752
9, 1360, 115616502, 115631752, 16502, 31752
9, 1361, 115701502, 115716752, 16502, 31752
9, 1362, 115786502, 115801752, 16502, 31752
9, 1363, 115871502, 115886752, 16502, 31752
9, 1364, 115956502, 115971752, 16502, 31752
9, 1365, 116041502, 116056752, 16502, 31752
9, 1366, 116126502, 116141752, 16502, 31752
9, 1367, 116211502, 116226752, 16502, 31752
9, 1368, 116296502, 116311752, 16502, 31752
9, 1369, 116381502, 116396752, 16502, 31752
9, 137, 11661502, 11676752, 16502, 31752
9, 1370, 116466502, 116481752, 16502, 31752
9, 1371, 116551502, 116566752, 16502, 31752
9, 1372, 116636502, 116651752, 16502, 31752
9, 1373, 116721502, 116736752, 16502, 31752
9, 1374, 116806502, 116821752, 16502, 31752
9, 1375, 116891502, 116906752, 16502, 31752
9, 1376, 116976502, 116991752, 16502, 31752
9, 1377, 117061502, 117076752, 16502, 31752
9, 1378, 117146502, 117161752, 16502, 31752
9, 1379, 117231502, 117246752, 16502, 31752
9, 138, 11746502, 11761752, 16502, 31752
9, 1380, 117316502, 117331752, 16502, 31752
9, 1381, 117401502, 117416752, 16502, 31752
9, 1382, 117486502, 117501752, 16502, 31752
9, 1383, 117571502, 117586752, 16502, 31752
9, 1384, 117656502, 117671752, 16502, 31752
9, 1385, 117741502, 117756752, 16502, 31752
9, 1386, 117826502, 117841752, 16502, 31752
9, 1387, 117911502, 117926752, 16502, 31752
9, 1388, 117996502, 118011752, 16502, 31752
9, 1389, 118081502, 118096752, 16502, 31752
9, 139, 11831502, 11846752, 16502, 31752
9, 1390, 118166502, 118181752, 16502, 31752
9, 1391, 118251502, 118266752, 16502, 31752
9, 1392, 118336502, 118351752, 16502, 31752
9, 1393, 118421502, 118436752, 16502, 31752
9, 1394, 118506502, 118521752, 16502, 31752
9, 1395, 118591502, 118606752, 16502, 31752
9, 1396, 118676502, 118691752, 16502, 31752
9, 1397, 118761502, 118776752, 16502, 31752
9, 1398, 118846502, 118861752, 16502, 31752
9, 1399, 118931502, 118946752, 16502, 31752
9, 14, 1206502, 1221752, 16502, 31752
9, 140, 11916502, 11933405, 16502, 33405
9, 1400, 119016502, 119033405, 16502, 33405
9, 1401, 119101502, 119116752, 16502, 31752
9, 1402, 119186502, 119201752, 16502, 31752
9, 1403, 119271502, 119286752, 16502, 31752
9, 1404, 119356502, 119371752, 16502, 31752
9, 1405, 119441502, 119456752, 16502, 31752
9, 1406, 119526502, 119541752, 16502, 31752
9, 1407, 119611502, 119626752, 16502, 31752
9, 1408, 119696502, 119711752, 16502, 31752
9, 1409, 119781502, 119796752, 16502, 31752
9, 141, 12001502, 12016752, 16502, 31752
9, 1410, 119866502, 119881752, 16502, 31752
9, 1411, 119951502, 119966752, 16502, 31752
9, 1412, 120036502, 120051752, 16502, 31752
9, 1413, 120121502, 120136752, 16502, 31752
9, 1414, 120206502, 120221752, 16502, 31752
9, 1415, 120291502, 120306752, 16502, 31752
9, 1416, 120376502, 120391752, 16502, 31752
9, 1417, 120461502, 120476752, 16502, 31752
9, 1418, 120546502, 120561752, 16502, 31752
9, 1419, 120631502, 120646752, 16502, 31752
9, 142, 12086502, 12101752, 16502, 31752
9, 1420, 120716502, 120731752, 16502, 31752
9, 1421, 120801502, 120816752, 16502, 31752
9, 1422, 120886502, 120901752, 16502, 31752
9, 1423, 120971502, 120986752, 16502, 31752
9, 1424, 121056502, 121071752, 16502, 31752
9, 1425, 121141502, 121156752, 16502, 31752
9, 1426, 121226502, 121241752, 16502, 31752
9, 1427, 121311502, 121326752, 16502, 31752
9, 1428, 121396502, 121413279, 16502, 33279
9, 1429, 121481502, 121496752, 16502, 31752
9, 143, 12171502, 12186752, 16502, 31752
9, 1430, 121566502, 121581752, 16502, 31752
9, 1431, 121651502, 121666752, 16502, 31752
9, 1432, 121736502, 121751752, 16502, 31752
9, 1433, 121821502, 121836752, 16502, 31752
9, 1434, 121906502, 121921752, 16502, 31752
9, 1435, 121991502, 122006752, 16502, 31752
9, 1436, 122076502, 122091752, 16502, 31752
9, 1437, 122161502, 122176752, 16502, 31752
9, 1438, 122246502, 122261752, 16502, 31752
9, 1439, 122331502, 122346752, 16502, 31752
9, 144, 12256502, 12271752, 16502, 31752
9, 1440, 122416502, 122431752, 16502, 31752
9, 1441, 122501502, 122516752, 16502, 31752
9, 1442, 122586502, 122601752, 16502, 31752
9, 1443, 122671502, 122686752, 16502, 31752
9, 1444, 122756502, 122771752, 16502, 31752
9, 1445, 122841502, 122856752, 16502, 31752
9, 1446, 122926502, 122941752, 16502, 31752
9, 1447, 123011502, 123026752, 16502, 31752
9, 1448, 123096502, 123111752, 16502, 31752
9, 1449, 123181502, 123196752, 16502, 31752
9, 145, 12341502, 12356752, 16502, 31752
9, 1450, 123266502, 123281752, 16502, 31752
9, 1451, 123351502, 123366752, 16502, 31752
9, 1452, 123436502, 123451752, 16502, 31752
9, 1453, 123521502, 123536752, 16502, 31752
9, 1454, 123606502, 123621752, 16502, 31752
9, 1455, 123691502, 123706752, 16502, 31752
9, 1456, 123776502, 123795812, 16502, 35812
9, 1457, 123861502, 123876752, 16502, 31752
9, 1458, 123946502, 123961752, 16502, 31752
9, 1459, 124031502, 124046752, 16502, 31752
9, 146, 12426502, 12441752, 16502, 31752
9, 1460, 124116502, 124131752, 16502, 31752
9, 1461, 124201502, 124216752, 16502, 31752
9, 1462, 124286502, 124301752, 16502, 31752
9, 1463, 124371502, 124386752, 16502, 31752
9, 1464, 124456502, 124471752, 16502, 31752
9, 1465, 124541502, 124556752, 16502, 31752
9, 1466, 124626502, 124641752, 16502, 31752
9, 1467, 124711502, 124726752, 16502, 31752
9, 1468, 124796502, 124811752, 16502, 31752
9, 1469, 124881502, 124896752, 16502, 31752
9, 147, 12511502, 12526752, 16502, 31752
9, 1470, 124966502, 124983368, 16502, 33368
9, 1471, 125051502, 125066752, 16502, 31752
9, 1472, 125136502, 125151752, 16502, 31752
9, 1473, 125221502, 125236752, 16502, 31752
9, 1474, 125306502, 125321752, 16502, 31752
9, 1475, 125391502, 125406752, 16502, 31752
9, 1476, 125476502, 125491752, 16502, 31752
9, 1477, 125561502, 125576752, 16502, 31752
9, 1478, 125646502, 125661752, 16502, 31752
9, 1479, 125731502, 125746752, 16502, 31752
9, 148, 12596502, 12611752, 16502, 31752
9, 1480, 125816502, 125831752, 16502, 31752
9, 1481, 125901502, 125916752, 16502, 31752
9, 1482, 125986502, 126001752, 16502, 31752
9, 1483, 126071502, 126086752, 16502, 31752
9, 1484, 126156502, 126171752, 16502, 31752
9, 1485, 126241502, 126256752, 16502, 31752
9, 1486, 126326502, 126341752, 16502, 31752
9, 1487, 126411502, 126426752, 16502, 31752
9, 1488, 126496502, 126511752, 16502, 31752
9, 1489, 126581502, 126596752, 16502, 31752
9, 149, 12681502, 12696752, 16502, 31752
9, 1490, 126666502, 126681752, 16502, 31752
9, 1491, 126751502, 126766752, 16502, 31752
9, 1492, 126836502, 126851752, 16502, 31752
9, 1493, 126921502, 126936752, 16502, 31752
9, 1494, 127006502, 127021752, 16502, 31752
9, 1495, 127091502, 127106752, 16502, 31752
9, 1496, 127176502, 127191752, 16502, 31752
9, 1497, 127261502, 127276752, 16502, 31752
9, 1498, 127346502, 127361752, 16502, 31752
9, 1499, 127431502, 127446752, 16502, 31752
9, 15, 1291502, 1306752, 16502, 31752
9, 150, 12766502, 12781752, 16502, 31752
9, 1500, 127516502, 127531752, 16502, 31752
9, 1501, 127601502, 127616752, 16502, 31752
9, 1502, 127686502, 127701752, 16502, 31752
9, 1503, 127771502, 127786752, 16502, 31752
9, 1504, 127856502, 127871752, 16502, 31752
9, 1505, 127941502, 127956752, 16502, 31752
9, 1506, 128026502, 128041752, 16502, 31752
9, 1507, 128111502, 128126752, 16502, 31752
9, 1508, 128196502, 128211752, 16502, 31752
9, 1509, 128281502, 128296752, 16502, 31752
9, 151, 12851502, 12866752, 16502, 31752
9, 1510, 128366502, 128381752, 16502, 31752
9, 1511, 128451502, 128466752, 16502, 31752
9, 1512, 128536502, 128553647, 16502, 33647
9, 1513, 128621502, 128636752, 16502, 31752
9, 1514, 128706502, 128721752, 16502, 31752
9, 1515, 128791502, 128806752, 16502, 31752
9, 1516, 128876502, 128891752, 16502, 31752
9, 1517, 128961502, 128976752, 16502, 31752
9, 1518, 129046502, 129061752, 16502, 31752
9, 1519, 129131502, 129146752, 16502, 31752
9, 152, 12936502, 12951752, 16502, 31752
9, 1520, 129216502, 129231752, 16502, 31752
9, 1521, 129301502, 129316752, 16502, 31752
9, 1522, 129386502, 129401752, 16502, 31752
9, 1523, 129471502, 129486752, 16502, 31752
9, 1524, 129556502, 129571752, 16502, 31752
9, 1525, 129641502, 129656752, 16502, 31752
9, 1526, 129726502, 129741752, 16502, 31752
9, 1527, 129811502, 129826752, 16502, 31752
9, 1528, 129896502, 129911752, 16502, 31752
9, 1529, 129981502, 129996752, 16502, 31752
9, 153, 13021502, 13036752, 16502, 31752
9, 1530, 130066502, 130081752, 16502, 31752
9, 1531, 130151502, 130166752, 16502, 31752
9, 1532, 130236502, 130251752, 16502, 31752
9, 1533, 130321502, 130336752, 16502, 31752
9, 1534, 130406502, 130421752, 16502, 31752
9, 1535, 130491502, 130506752, 16502, 31752
9, 1536, 130576502, 130591752, 16502, 31752
9, 1537, 130661502, 130676752, 16502, 31752
9, 1538, 130746502, 130761752, 16502, 31752
9, 1539, 130831502, 130846752, 16502, 31752
9, 154, 13106502, 13121752, 16502, 31752
9, 1540, 130916502, 130933730, 16502, 33730
9, 1541, 131001502, 131016752, 16502, 31752
9, 1542, 131086502, 131101752, 16502, 31752
9, 1543, 131171502, 131186752, 16502, 31752
9, 1544, 131256502, 131271752, 16502, 31752
9, 1545, 131341502, 131356752, 16502, 31752
9, 1546, 131426502, 131441752, 16502, 31752
9, 1547, 131511502, 131526752, 16502, 31752
9, 1548, 131596502, 131611752, 16502, 31752
9, 1549, 131681502, 131696752, 16502, 31752
9, 155, 13191502, 13206752, 16502, 31752
9, 1550, 131766502, 131781752, 16502, 31752
9, 1551, 131851502, 131866752, 16502, 31752
9, 1552, 131936502, 131951752, 16502, 31752
9, 1553, 132021502, 132036752, 16502, 31752
9, 1554, 132106502, 132121752, 16502, 31752
9, 1555, 132191502, 132206752, 16502, 31752
9, 1556, 132276502, 132291752, 16502, 31752
9, 1557, 132361502, 132376752, 16502, 31752
9, 1558, 132446502, 132461752, 16502, 31752
9, 1559, 132531502, 132546752, 16502, 31752
9, 156, 13276502, 13291752, 16502, 31752
9, 1560, 132616502, 132631752, 16502, 31752
9, 1561, 132701502, 132716752, 16502, 31752
9, 1562, 132786502, 132801752, 16502, 31752
9, 1563, 132871502, 132886752, 16502, 31752
9, 1564, 132956502, 132971752, 16502, 31752
9, 1565, 133041502, 133056752, 16502, 31752
9, 1566, 133126502, 133141752, 16502, 31752
9, 1567, 133211502, 133226752, 16502, 31752
9, 1568, 133296502, 133315568, 16502, 35568
9, 1569, 133381502, 133396752, 16502, 31752
9, 157, 13361502, 13376752, 16502, 31752
9, 1570, 133466502, 133481752, 16502, 31752
9, 1571, 133551502, 133566752, 16502, 31752
9, 1572, 133636502, 133651752, 16502, 31752
9, 1573, 133721502, 133736752, 16502, 31752
9, 1574, 133806502, 133821752, 16502, 31752
9, 1575, 133891502, 133906752, 16502, 31752
9, 1576, 133976502, 133991752, 16502, 31752
9, 1577, 134061502, 134076752, 16502, 31752
9, 1578, 134146502, 134161752, 16502, 31752
9, 1579, 134231502, 134246752, 16502, 31752
9, 158, 13446502, 13461752, 16502, 31752
9, 1580, 134316502, 134331752, 16502, 31752
9, 1581, 134401502, 134416752, 16502, 31752
9, 1582, 134486502, 134501752, 16502, 31752
9, 1583, 134571502, 134586752, 16502, 31752
9, 1584, 134656502, 134671752, 16502, 31752
9, 1585, 134741502, 134756752, 16502, 31752
9, 1586, 134826502, 134841752, 16502, 31752
9, 1587, 134911502, 134926752, 16502, 31752
9, 1588, 134996502, 135011752, 16502, 31752
9, 1589, 135081502, 135096752, 16502, 31752
9, 159, 13531502, 13546752, 16502, 31752
9, 1590, 135166502, 135181752, 16502, 31752
9, 1591, 135251502, 135266752, 16502, 31752
9, 1592, 135336502, 135351752, 16502, 31752
9, 1593, 135421502, 135436752, 16502, 31752
9, 1594, 135506502, 135521752, 16502, 31752
9, 1595, 135591502, 135606752, 16502, 31752
9, 1596, 135676502, 135693279, 16502, 33279
9, 1597, 135761502, 135776752, 16502, 31752
9, 1598, 135846502, 135861752, 16502, 31752
9, 1599, 135931502, 135946752, 16502, 31752
9, 16, 1376502, 1391752, 16502, 31752
9, 160, 13616502, 13631752, 16502, 31752
9, 1600, 136016502, 136031752, 16502, 31752
9, 1601, 136101502, 136116752, 16502, 31752
9, 1602, 136186502, 136201752, 16502, 31752
9, 1603, 136271502, 136286752, 16502, 31752
9, 1604, 136356502, 136371752, 16502, 31752
9, 1605, 136441502, 136456752, 16502, 31752
9, 1606, 136526502, 136541752, 16502, 31752
9, 1607, 136611502, 136626752, 16502, 31752
9, 1608, 136696502, 136711752, 16502, 31752
9, 1609, 136781502, 136796752, 16502, 31752
9, 161, 13701502, 13716752, 16502, 31752
9, 1610, 136866502, 136883043, 16502, 33043
9, 1611, 136951502, 136966752, 16502, 31752
9, 1612, 137036502, 137051752, 16502, 31752
9, 1613, 137121502, 137136752, 16502, 31752
9, 1614, 137206502, 137221752, 16502, 31752
9, 1615, 137291502, 137306752, 16502, 31752
9, 1616, 137376502, 137391752, 16502, 31752
9, 1617, 137461502, 137476752, 16502, 31752
9, 1618, 137546502, 137561752, 16502, 31752
9, 1619, 137631502, 137646752, 16502, 31752
9, 162, 13786502, 13801752, 16502, 31752
9, 1620, 137716502, 137731752, 16502, 31752
9, 1621, 137801502, 137816752, 16502, 31752
9, 1622, 137886502, 137901752, 16502, 31752
9, 1623, 137971502, 137986752, 16502, 31752
9, 1624, 138056502, 138071752, 16502, 31752
9, 1625, 138141502, 138156752, 16502, 31752
9, 1626, 138226502, 138241752, 16502, 31752
9, 1627, 138311502, 138326752, 16502, 31752
9, 1628, 138396502, 138411752, 16502, 31752
9, 1629, 138481502, 138496752, 16502, 31752
9, 163, 13871502, 13886752, 16502, 31752
9, 1630, 138566502, 138581752, 16502, 31752
9, 1631, 138651502, 138666752, 16502, 31752
9, 1632, 138736502, 138751752, 16502, 31752
9, 1633, 138821502, 138836752, 16502, 31752
9, 1634, 138906502, 138921752, 16502, 31752
9, 1635, 138991502, 139006752, 16502, 31752
9, 1636, 139076502, 139091752, 16502, 31752
9, 1637, 139161502, 139176752, 16502, 31752
9, 1638, 139246502, 139261752, 16502, 31752
9, 1639, 139331502, 139346752, 16502, 31752
9, 164, 13956502, 13971752, 16502, 31752
9, 1640, 139416502, 139431752, 16502, 31752
9, 1641, 139501502, 139516752, 16502, 31752
9, 1642, 139586502, 139601752, 16502, 31752
9, 1643, 139671502, 139686752, 16502, 31752
9, 1644, 139756502, 139771752, 16502, 31752
9, 1645, 139841502, 139856752, 16502, 31752
9, 1646, 139926502, 139941752, 16502, 31752
9, 1647, 140011502, 140026752, 16502, 31752
9, 1648, 140096502, 140111752, 16502, 31752
9, 1649, 140181502, 140196752, 16502, 31752
9, 165, 14041502, 14056752, 16502, 31752
9, 1650, 140266502, 140281752, 16502, 31752
9, 1651, 140351502, 140366752, 16502, 31752
9, 1652, 140436502, 140451752, 16502, 31752
9, 1653, 140521502, 140536752, 16502, 31752
9, 1654, 140606502, 140621752, 16502, 31752
9, 1655, 140691502, 140706752, 16502, 31752
9, 1656, 140776502, 140791752, 16502, 31752
9, 1657, 140861502, 140876752, 16502, 31752
9, 1658, 140946502, 140961752, 16502, 31752
9, 1659, 141031502, 141046752, 16502, 31752
9, 166, 14126502, 14141752, 16502, 31752
9, 1660, 141116502, 141131752, 16502, 31752
9, 1661, 141201502, 141216752, 16502, 31752
9, 1662, 141286502, 141301752, 16502, 31752
9, 1663, 141371502, 141386752, 16502, 31752
9, 1664, 141456502, 141471752, 16502, 31752
9, 1665, 141541502, 141556752, 16502, 31752
9, 1666, 141626502, 141641752, 16502, 31752
9, 1667, 141711502, 141726752, 16502, 31752
9, 1668, 141796502, 141811752, 16502, 31752
9, 1669, 141881502, 141896752, 16502, 31752
9, 167, 14211502, 14226752, 16502, 31752
9, 1670, 141966502, 141981752, 16502, 31752
9, 1671, 142051502, 142066752, 16502, 31752
9, 1672, 142136502, 142151752, 16502, 31752
9, 1673, 142221502, 142236752, 16502, 31752
9, 1674, 142306502, 142321752, 16502, 31752
9, 1675, 142391502, 142406752, 16502, 31752
9, 1676, 142476502, 142491752, 16502, 31752
9, 1677, 142561502, 142576752, 16502, 31752
9, 1678, 142646502, 142661752, 16502, 31752
9, 1679, 142731502, 142746752, 16502, 31752
9, 168, 14296502, 14313279, 16502, 33279
9, 169, 14381502, 14396752, 16502, 31752
9, 17, 1461502, 1476752, 16502, 31752
9, 170, 14466502, 14481752, 16502, 31752
9, 171, 14551502, 14566752, 16502, 31752
9, 172, 14636502, 14651752, 16502, 31752
9, 173, 14721502, 14736752, 16502, 31752
9, 174, 14806502, 14821752, 16502, 31752
9, 175, 14891502, 14906752, 16502, 31752
9, 176, 14976502, 14991752, 16502, 31752
9, 177, 15061502, 15076752, 16502, 31752
9, 178, 15146502, 15161752, 16502, 31752
9, 179, 15231502, 15246752, 16502, 31752
9, 18, 1546502, 1561752, 16502, 31752
9, 180, 15316502, 15331752, 16502, 31752
9, 181, 15401502, 15416752, 16502, 31752
9, 182, 15486502, 15501752, 16502, 31752
9, 183, 15571502, 15586752, 16502, 31752
9, 184, 15656502, 15671752, 16502, 31752
9, 185, 15741502, 15756752, 16502, 31752
9, 186, 15826502, 15841752, 16502, 31752
9, 187, 15911502, 15926752, 16502, 31752
9, 188, 15996502, 16011752, 16502, 31752
9, 189, 16081502, 16096752, 16502, 31752
9, 19, 1631502, 1646752, 16502, 31752
9, 190, 16166502, 16181752, 16502, 31752
9, 191, 16251502, 16266752, 16502, 31752
9, 192, 16336502, 16351752, 16502, 31752
9, 193, 16421502, 16436752, 16502, 31752
9, 194, 16506502, 16521752, 16502, 31752
9, 195, 16591502, 16606752, 16502, 31752
9, 196, 16676502, 16691752, 16502, 31752
9, 197, 16761502, 16776752, 16502, 31752
9, 198, 16846502, 16861752, 16502, 31752
9, 199, 16931502, 16946752, 16502, 31752
9, 2, 186502, 201752, 16502, 31752
9, 20, 1716502, 1731752, 16502, 31752
9, 200, 17016502, 17031752, 16502, 31752
9, 201, 17101502, 17116752, 16502, 31752
9, 202, 17186502, 17201752, 16502, 31752
9, 203, 17271502, 17286752, 16502, 31752
9, 204, 17356502, 17371752, 16502, 31752
9, 205, 17441502, 17456752, 16502, 31752
9, 206, 17526502, 17541752, 16502, 31752
9, 207, 17611502, 17626752, 16502, 31752
9, 208, 17696502, 17711752, 16502, 31752
9, 209, 17781502, 17796752, 16502, 31752
9, 21, 1801502, 1816752, 16502, 31752
9, 210, 17866502, 17883368, 16502, 33368
9, 211, 17951502, 17966752, 16502, 31752
9, 212, 18036502, 18051752, 16502, 31752
9, 213, 18121502, 18136752, 16502, 31752
9, 214, 18206502, 18221752, 16502, 31752
9, 215, 18291502, 18306752, 16502, 31752
9, 216, 18376502, 18391752, 16502, 31752
9, 217, 18461502, 18476752, 16502, 31752
9, 218, 18546502, 18561752, 16502, 31752
9, 219, 18631502, 18646752, 16502, 31752
9, 22, 1886502, 1901752, 16502, 31752
9, 220, 18716502, 18731752, 16502, 31752
9, 221, 18801502, 18816752, 16502, 31752
9, 222, 18886502, 18901752, 16502, 31752
9, 223, 18971502, 18986752, 16502, 31752
9, 224, 19056502, 19075568, 16502, 35568
9, 225, 19141502, 19156752, 16502, 31752
9, 226, 19226502, 19241752, 16502, 31752
9, 227, 19311502, 19326752, 16502, 31752
9, 228, 19396502, 19411752, 16502, 31752
9, 229, 19481502, 19496752, 16502, 31752
9, 23, 1971502, 1986752, 16502, 31752
9, 230, 19566502, 19581752, 16502, 31752
9, 231, 19651502, 19666752, 16502, 31752
9, 232, 19736502, 19751752, 16502, 31752
9, 233, 19821502, 19836752, 16502, 31752
9, 234, 19906502, 19921752, 16502, 31752
9, 235, 19991502, 20006752, 16502, 31752
9, 236, 20076502, 20091752, 16502, 31752
9, 237, 20161502, 20176752, 16502, 31752
9, 238, 20246502, 20261752, 16502, 31752
9, 239, 20331502, 20346752, 16502, 31752
9, 24, 2056502, 2071752, 16502, 31752
9, 240, 20416502, 20431752, 16502, 31752
9, 241, 20501502, 20516752, 16502, 31752
9, 242, 20586502, 20601752, 16502, 31752
9, 243, 20671502, 20686752, 16502, 31752
9, 244, 20756502, 20771752, 16502, 31752
9, 245, 20841502, 20856752, 16502, 31752
9, 246, 20926502, 20941752, 16502, 31752
9, 247, 21011502, 21026752, 16502, 31752
9, 248, 21096502, 21111752, 16502, 31752
9, 249, 21181502, 21196752, 16502, 31752
9, 25, 2141502, 2156752, 16502, 31752
9, 250, 21266502, 21281752, 16502, 31752
9, 251, 21351502, 21366752, 16502, 31752
9, 252, 21436502, 21453647, 16502, 33647
9, 253, 21521502, 21536752, 16502, 31752
9, 254, 21606502, 21621752, 16502, 31752
9, 255, 21691502, 21706752, 16502, 31752
9, 256, 21776502, 21791752, 16502, 31752
9, 257, 21861502, 21876752, 16502, 31752
9, 258, 21946502, 21961752, 16502, 31752
9, 259, 22031502, 22046752, 16502, 31752
9, 26, 2226502, 2241752, 16502, 31752
9, 260, 22116502, 22131752, 16502, 31752
9, 261, 22201502, 22216752, 16502, 31752
9, 262, 22286502, 22301752, 16502, 31752
9, 263, 22371502, 22386752, 16502, 31752
9, 264, 22456502, 22471752, 16502, 31752
9, 265, 22541502, 22556752, 16502, 31752
9, 266, 22626502, 22641752, 16502, 31752
9, 267, 22711502, 22726752, 16502, 31752
9, 268, 22796502, 22811752, 16502, 31752
9, 269, 22881502, 22896752, 16502, 31752
9, 27, 2311502, 2326752, 16502, 31752
9, 270, 22966502, 22981752, 16502, 31752
9, 271, 23051502, 23066752, 16502, 31752
9, 272, 23136502, 23151752, 16502, 31752
9, 273, 23221502, 23236752, 16502, 31752
9, 274, 23306502, 23321752, 16502, 31752
9, 275, 23391502, 23406752, 16502, 31752
9, 276, 23476502, 23491752, 16502, 31752
9, 277, 23561502, 23576752, 16502, 31752
9, 278, 23646502, 23661752, 16502, 31752
9, 279, 23731502, 23746752, 16502, 31752
9, 28, 2396502, 2411752, 16502, 31752
9, 280, 23816502, 23833730, 16502, 33730
9, 281, 23901502, 23916752, 16502, 31752
9, 282, 23986502, 24001752, 16502, 31752
9, 283, 24071502, 24086752, 16502, 31752
9, 284, 24156502, 24171752, 16502, 31752
9, 285, 24241502, 24256752, 16502, 31752
9, 286, 24326502, 24341752, 16502, 31752
9, 287, 24411502, 24426752, 16502, 31752
9, 288, 24496502, 24511752, 16502, 31752
9, 289, 24581502, 24596752, 16502, 31752
9, 29, 2481502, 2496752, 16502, 31752
9, 290, 24666502, 24681752, 16502, 31752
9, 291, 24751502, 24766752, 16502, 31752
9, 292, 24836502, 24851752, 16502, 31752
9, 293, 24921502, 24936752, 16502, 31752
9, 294, 25006502, 25021752, 16502, 31752
9, 295, 25091502, 25106752, 16502, 31752
9, 296, 25176502, 25191752, 16502, 31752
9, 297, 25261502, 25276752, 16502, 31752
9, 298, 25346502, 25361752, 16502, 31752
9, 299, 25431502, 25446752, 16502, 31752
9, 3, 271502, 286752, 16502, 31752
9, 30, 2566502, 2581752, 16502, 31752
9, 300, 25516502, 25531752, 16502, 31752
9, 301, 25601502, 25616752, 16502, 31752
9, 302, 25686502, 25701752, 16502, 31752
9, 303, 25771502, 25786752, 16502, 31752
9, 304, 25856502, 25871752, 16502, 31752
9, 305, 25941502, 25956752, 16502, 31752
9, 306, 26026502, 26041752, 16502, 31752
9, 307, 26111502, 26126752, 16502, 31752
9, 308, 26196502, 26211752, 16502, 31752
9, 309, 26281502, 26296752, 16502, 31752
9, 31, 2651502, 2666752, 16502, 31752
9, 310, 26366502, 26381752, 16502, 31752
9, 311, 26451502, 26466752, 16502, 31752
9, 312, 26536502, 26551752, 16502, 31752
9, 313, 26621502, 26636752, 16502, 31752
9, 314, 26706502, 26721752, 16502, 31752
9, 315, 26791502, 26806752, 16502, 31752
9, 316, 26876502, 26891752, 16502, 31752
9, 317, 26961502, 26976752, 16502, 31752
9, 318, 27046502, 27061752, 16502, 31752
9, 319, 27131502, 27146752, 16502, 31752
9, 32, 2736502, 2751752, 16502, 31752
9, 320, 27216502, 27231752, 16502, 31752
9, 321, 27301502, 27316752, 16502, 31752
9, 322, 27386502, 27401752, 16502, 31752
9, 323, 27471502, 27486752, 16502, 31752
9, 324, 27556502, 27571752, 16502, 31752
9, 325, 27641502, 27656752, 16502, 31752
9, 326, 27726502, 27741752, 16502, 31752
9, 327, 27811502, 27826752, 16502, 31752
9, 328, 27896502, 27911752, 16502, 31752
9, 329, 27981502, 27996752, 16502, 31752
9, 33, 2821502, 2836752, 16502, 31752
9, 330, 28066502, 28081752, 16502, 31752
9, 331, 28151502, 28166752, 16502, 31752
9, 332, 28236502, 28251752, 16502, 31752
9, 333, 28321502, 28336752, 16502, 31752
9, 334, 28406502, 28421752, 16502, 31752
9, 335, 28491502, 28506752, 16502, 31752
9, 336, 28576502, 28595812, 16502, 35812
9, 337, 28661502, 28676752, 16502, 31752
9, 338, 28746502, 28761752, 16502, 31752
9, 339, 28831502, 28846752, 16502, 31752
9, 34, 2906502, 2921752, 16502, 31752
9, 340, 28916502, 28931752, 16502, 31752
9, 341, 29001502, 29016752, 16502, 31752
9, 342, 29086502, 29101752, 16502, 31752
9, 343, 29171502, 29186752, 16502, 31752
9, 344, 29256502, 29271752, 16502, 31752
9, 345, 29341502, 29356752, 16502, 31752
9, 346, 29426502, 29441752, 16502, 31752
9, 347, 29511502, 29526752, 16502, 31752
9, 348, 29596502, 29611752, 16502, 31752
9, 349, 29681502, 29696752, 16502, 31752
9, 35, 2991502, 3006752, 16502, 31752
9, 350, 29766502, 29783043, 16502, 33043
9, 351, 29851502, 29866752, 16502, 31752
9, 352, 29936502, 29951752, 16502, 31752
9, 353, 30021502, 30036752, 16502, 31752
9, 354, 30106502, 30121752, 16502, 31752
9, 355, 30191502, 30206752, 16502, 31752
9, 356, 30276502, 30291752, 16502, 31752
9, 357, 30361502, 30376752, 16502, 31752
9, 358, 30446502, 30461752, 16502, 31752
9, 359, 30531502, 30546752, 16502, 31752
9, 36, 3076502, 3091752, 16502, 31752
9, 360, 30616502, 30631752, 16502, 31752
9, 361, 30701502, 30716752, 16502, 31752
9, 362, 30786502, 30801752, 16502, 31752
9, 363, 30871502, 30886752, 16502, 31752
9, 364, 30956502, 30971752, 16502, 31752
9, 365, 31041502, 31056752, 16502, 31752
9, 366, 31126502, 31141752, 16502, 31752
9, 367, 31211502, 31226752, 16502, 31752
9, 368, 31296502, 31311752, 16502, 31752
9, 369, 31381502, 31396752, 16502, 31752
9, 37, 3161502, 3176752, 16502, 31752
9, 370, 31466502, 31481752, 16502, 31752
9, 371, 31551502, 31566752, 16502, 31752
9, 372, 31636502, 31651752, 16502, 31752
9, 373, 31721502, 31736752, 16502, 31752
9, 374, 31806502, 31821752, 16502, 31752
9, 375, 31891502, 31906752, 16502, 31752
9, 376, 31976502, 31991752, 16502, 31752
9, 377, 32061502, 32076752, 16502, 31752
9, 378, 32146502, 32161752, 16502, 31752
9, 379, 32231502, 32246752, 16502, 31752
9, 38, 3246502, 3261752, 16502, 31752
9, 380, 32316502, 32331752, 16502, 31752
9, 381, 32401502, 32416752, 16502, 31752
9, 382, 32486502, 32501752, 16502, 31752
9, 383, 32571502, 32586752, 16502, 31752
9, 384, 32656502, 32671752, 16502, 31752
9, 385, 32741502, 32756752, 16502, 31752
9, 386, 32826502, 32841752, 16502, 31752
9, 387, 32911502, 32926752, 16502, 31752
9, 388, 32996502, 33011752, 16502, 31752
9, 389, 33081502, 33096752, 16502, 31752
9, 39, 3331502, 3346752, 16502, 31752
9, 390, 33166502, 33181752, 16502, 31752
9, 391, 33251502, 33266752, 16502, 31752
9, 392, 33336502, 33351752, 16502, 31752
9, 393, 33421502, 33436752, 16502, 31752
9, 394, 33506502, 33521752, 16502, 31752
9, 395, 33591502, 33606752, 16502, 31752
9, 396, 33676502, 33691752, 16502, 31752
9, 397, 33761502, 33776752, 16502, 31752
9, 398, 33846502, 33861752, 16502, 31752
9, 399, 33931502, 33946752, 16502, 31752
9, 4, 356502, 371752, 16502, 31752
9, 40, 3416502, 3431752, 16502, 31752
9, 400, 34016502, 34031752, 16502, 31752
9, 401, 34101502, 34116752, 16502, 31752
9, 402, 34186502, 34201752, 16502, 31752
9, 403, 34271502, 34286752, 16502, 31752
9, 404, 34356502, 34371752, 16502, 31752
9, 405, 34441502, 34456752, 16502, 31752
9, 406, 34526502, 34541752, 16502, 31752
9, 407, 34611502, 34626752, 16502, 31752
9, 408, 34696502, 34711752, 16502, 31752
9, 409, 34781502, 34796752, 16502, 31752
9, 41, 3501502, 3516752, 16502, 31752
9, 410, 34866502, 34881752, 16502, 31752
9, 411, 34951502, 34966752, 16502, 31752
9, 412, 35036502, 35051752, 16502, 31752
9, 413, 35121502, 35136752, 16502, 31752
9, 414, 35206502, 35221752, 16502, 31752
9, 415, 35291502, 35306752, 16502, 31752
9, 416, 35376502, 35391752, 16502, 31752
9, 417, 35461502, 35476752, 16502, 31752
9, 418, 35546502, 35561752, 16502, 31752
9, 419, 35631502, 35646752, 16502, 31752
9, 42, 3586502, 3601752, 16502, 31752
9, 420, 35716502, 35734438, 16502, 34438
9, 421, 35801502, 35816752, 16502, 31752
9, 422, 35886502, 35901752, 16502, 31752
9, 423, 35971502, 35986752, 16502, 31752
9, 424, 36056502, 36071752, 16502, 31752
9, 425, 36141502, 36156752, 16502, 31752
9, 426, 36226502, 36241752, 16502, 31752
9, 427, 36311502, 36326752, 16502, 31752
9, 428, 36396502, 36411752, 16502, 31752
9, 429, 36481502, 36496752, 16502, 31752
9, 43, 3671502, 3686752, 16502, 31752
9, 430, 36566502, 36581752, 16502, 31752
9, 431, 36651502, 36666752, 16502, 31752
9, 432, 36736502, 36751752, 16502, 31752
9, 433, 36821502, 36836752, 16502, 31752
9, 434, 36906502, 36921752, 16502, 31752
9, 435, 36991502, 37006752, 16502, 31752
9, 436, 37076502, 37091752, 16502, 31752
9, 437, 37161502, 37176752, 16502, 31752
9, 438, 37246502, 37261752, 16502, 31752
9, 439, 37331502, 37346752, 16502, 31752
9, 44, 3756502, 3771752, 16502, 31752
9, 440, 37416502, 37431752, 16502, 31752
9, 441, 37501502, 37516752, 16502, 31752
9, 442, 37586502, 37601752, 16502, 31752
9, 443, 37671502, 37686752, 16502, 31752
9, 444, 37756502, 37771752, 16502, 31752
9, 445, 37841502, 37856752, 16502, 31752
9, 446, 37926502, 37941752, 16502, 31752
9, 447, 38011502, 38026752, 16502, 31752
9, 448, 38096502, 38115812, 16502, 35812
9, 449, 38181502, 38196752, 16502, 31752
9, 45, 3841502, 3856752, 16502, 31752
9, 450, 38266502, 38281752, 16502, 31752
9, 451, 38351502, 38366752, 16502, 31752
9, 452, 38436502, 38451752, 16502, 31752
9, 453, 38521502, 38536752, 16502, 31752
9, 454, 38606502, 38621752, 16502, 31752
9, 455, 38691502, 38706752, 16502, 31752
9, 456, 38776502, 38791752, 16502, 31752
9, 457, 38861502, 38876752, 16502, 31752
9, 458, 38946502, 38961752, 16502, 31752
9, 459, 39031502, 39046752, 16502, 31752
9, 46, 3926502, 3941752, 16502, 31752
9, 460, 39116502, 39131752, 16502, 31752
9, 461, 39201502, 39216752, 16502, 31752
9, 462, 39286502, 39301752, 16502, 31752
9, 463, 39371502, 39386752, 16502, 31752
9, 464, 39456502, 39471752, 16502, 31752
9, 465, 39541502, 39556752, 16502, 31752
9, 466, 39626502, 39641752, 16502, 31752
9, 467, 39711502, 39726752, 16502, 31752
9, 468, 39796502, 39811752, 16502, 31752
9, 469, 39881502, 39896752, 16502, 31752
9, 47, 4011502, 4026752, 16502, 31752
9, 470, 39966502, 39981752, 16502, 31752
9, 471, 40051502, 40066752, 16502, 31752
9, 472, 40136502, 40151752, 16502, 31752
9, 473, 40221502, 40236752, 16502, 31752
9, 474, 40306502, 40321752, 16502, 31752
9, 475, 40391502, 40406752, 16502, 31752
9, 476, 40476502, 40491752, 16502, 31752
9, 477, 40561502, 40576752, 16502, 31752
9, 478, 40646502, 40661752, 16502, 31752
9, 479, 40731502, 40746752, 16502, 31752
9, 48, 4096502, 4111752, 16502, 31752
9, 480, 40816502, 40831752, 16502, 31752
9, 481, 40901502, 40916752, 16502, 31752
9, 482, 40986502, 41001752, 16502, 31752
9, 483, 41071502, 41086752, 16502, 31752
9, 484, 41156502, 41171752, 16502, 31752
9, 485, 41241502, 41256752, 16502, 31752
9, 486, 41326502, 41341752, 16502, 31752
9, 487, 41411502, 41426752, 16502, 31752
9, 488, 41496502, 41511752, 16502, 31752
9, 489, 41581502, 41596752, 16502, 31752
9, 49, 4181502, 4196752, 16502, 31752
9, 490, 41666502, 41683368, 16502, 33368
9, 491, 41751502, 41766752, 16502, 31752
9, 492, 41836502, 41851752, 16502, 31752
9, 493, 41921502, 41936752, 16502, 31752
9, 494, 42006502, 42021752, 16502, 31752
9, 495, 42091502, 42106752, 16502, 31752
9, 496, 42176502, 42191752, 16502, 31752
9, 497, 42261502, 42276752, 16502, 31752
9, 498, 42346502, 42361752, 16502, 31752
9, 499, 42431502, 42446752, 16502, 31752
9, 5, 441502, 456752, 16502, 31752
9, 50, 4266502, 4281752, 16502, 31752
9, 500, 42516502, 42531752, 16502, 31752
9, 501, 42601502, 42616752, 16502, 31752
9, 502, 42686502, 42701752, 16502, 31752
9, 503, 42771502, 42786752, 16502, 31752
9, 504, 42856502, 42873279, 16502, 33279
9, 505, 42941502, 42956752, 16502, 31752
9, 506, 43026502, 43041752, 16502, 31752
9, 507, 43111502, 43126752, 16502, 31752
9, 508, 43196502, 43211752, 16502, 31752
9, 509, 43281502, 43296752, 16502, 31752
9, 51, 4351502, 4366752, 16502, 31752
9, 510, 43366502, 43381752, 16502, 31752
9, 511, 43451502, 43466752, 16502, 31752
9, 512, 43536502, 43551752, 16502, 31752
9, 513, 43621502, 43636752, 16502, 31752
9, 514, 43706502, 43721752, 16502, 31752
9, 515, 43791502, 43806752, 16502, 31752
9, 516, 43876502, 43891752, 16502, 31752
9, 517, 43961502, 43976752, 16502, 31752
9, 518, 44046502, 44061752, 16502, 31752
9, 519, 44131502, 44146752, 16502, 31752
9, 52, 4436502, 4451752, 16502, 31752
9, 520, 44216502, 44231752, 16502, 31752
9, 521, 44301502, 44316752, 16502, 31752
9, 522, 44386502, 44401752, 16502, 31752
9, 523, 44471502, 44486752, 16502, 31752
9, 524, 44556502, 44571752, 16502, 31752
9, 525, 44641502, 44656752, 16502, 31752
9, 526, 44726502, 44741752, 16502, 31752
9, 527, 44811502, 44826752, 16502, 31752
9, 528, 44896502, 44911752, 16502, 31752
9, 529, 44981502, 44996752, 16502, 31752
9, 53, 4521502, 4536752, 16502, 31752
9, 530, 45066502, 45081752, 16502, 31752
9, 531, 45151502, 45166752, 16502, 31752
9, 532, 45236502, 45251752, 16502, 31752
9, 533, 45321502, 45336752, 16502, 31752
9, 534, 45406502, 45421752, 16502, 31752
9, 535, 45491502, 45506752, 16502, 31752
9, 536, 45576502, 45591752, 16502, 31752
9, 537, 45661502, 45676752, 16502, 31752
9, 538, 45746502, 45761752, 16502, 31752
9, 539, 45831502, 45846752, 16502, 31752
9, 54, 4606502, 4621752, 16502, 31752
9, 540, 45916502, 45931752, 16502, 31752
9, 541, 46001502, 46016752, 16502, 31752
9, 542, 46086502, 46101752, 16502, 31752
9, 543, 46171502, 46186752, 16502, 31752
9, 544, 46256502, 46271752, 16502, 31752
9, 545, 46341502, 46356752, 16502, 31752
9, 546, 46426502, 46441752, 16502, 31752
9, 547, 46511502, 46526752, 16502, 31752
9, 548, 46596502, 46611752, 16502, 31752
9, 549, 46681502, 46696752, 16502, 31752
9, 55, 4691502, 4706752, 16502, 31752
9, 550, 46766502, 46781752, 16502, 31752
9, 551, 46851502, 46866752, 16502, 31752
9, 552, 46936502, 46951752, 16502, 31752
9, 553, 47021502, 47036752, 16502, 31752
9, 554, 47106502, 47121752, 16502, 31752
9, 555, 47191502, 47206752, 16502, 31752
9, 556, 47276502, 47291752, 16502, 31752
9, 557, 47361502, 47376752, 16502, 31752
9, 558, 47446502, 47461752, 16502, 31752
9, 559, 47531502, 47546752, 16502, 31752
9, 56, 4776502, 4791752, 16502, 31752
9, 560, 47616502, 47635844, 16502, 35844
9, 561, 47701502, 47716752, 16502, 31752
9, 562, 47786502, 47801752, 16502, 31752
9, 563, 47871502, 47886752, 16502, 31752
9, 564, 47956502, 47971752, 16502, 31752
9, 565, 48041502, 48056752, 16502, 31752
9, 566, 48126502, 48141752, 16502, 31752
9, 567, 48211502, 48226752, 16502, 31752
9, 568, 48296502, 48311752, 16502, 31752
9, 569, 48381502, 48396752, 16502, 31752
9, 57, 4861502, 4876752, 16502, 31752
9, 570, 48466502, 48481752, 16502, 31752
9, 571, 48551502, 48566752, 16502, 31752
9, 572, 48636502, 48651752, 16502, 31752
9, 573, 48721502, 48736752, 16502, 31752
9, 574, 48806502, 48821752, 16502, 31752
9, 575, 48891502, 48906752, 16502, 31752
9, 576, 48976502, 48991752, 16502, 31752
9, 577, 49061502, 49076752, 16502, 31752
9, 578, 49146502, 49161752, 16502, 31752
9, 579, 49231502, 49246752, 16502, 31752
9, 58, 4946502, 4961752, 16502, 31752
9, 580, 49316502, 49331752, 16502, 31752
9, 581, 49401502, 49416752, 16502, 31752
9, 582, 49486502, 49501752, 16502, 31752
9, 583, 49571502, 49586752, 16502, 31752
9, 584, 49656502, 49671752, 16502, 31752
9, 585, 49741502, 49756752, 16502, 31752
9, 586, 49826502, 49841752, 16502, 31752
9, 587, 49911502, 49926752, 16502, 31752
9, 588, 49996502, 50013279, 16502, 33279
9, 589, 50081502, 50096752, 16502, 31752
9, 59, 5031502, 5046752, 16502, 31752
9, 590, 50166502, 50181752, 16502, 31752
9, 591, 50251502, 50266752, 16502, 31752
9, 592, 50336502, 50351752, 16502, 31752
9, 593, 50421502, 50436752, 16502, 31752
9, 594, 50506502, 50521752, 16502, 31752
9, 595, 50591502, 50606752, 16502, 31752
9, 596, 50676502, 50691752, 16502, 31752
9, 597, 50761502, 50776752, 16502, 31752
9, 598, 50846502, 50861752, 16502, 31752
9, 599, 50931502, 50946752, 16502, 31752
9, 6, 526502, 541752, 16502, 31752
9, 60, 5116502, 5131752, 16502, 31752
9, 600, 51016502, 51031752, 16502, 31752
9, 601, 51101502, 51116752, 16502, 31752
9, 602, 51186502, 51201752, 16502, 31752
9, 603, 51271502, 51286752, 16502, 31752
9, 604, 51356502, 51371752, 16502, 31752
9, 605, 51441502, 51456752, 16502, 31752
9, 606, 51526502, 51541752, 16502, 31752
9, 607, 51611502, 51626752, 16502, 31752
9, 608, 51696502, 51711752, 16502, 31752
9, 609, 51781502, 51796752, 16502, 31752
9, 61, 5201502, 5216752, 16502, 31752
9, 610, 51866502, 51881752, 16502, 31752
9, 611, 51951502, 51966752, 16502, 31752
9, 612, 52036502, 52051752, 16502, 31752
9, 613, 52121502, 52136752, 16502, 31752
9, 614, 52206502, 52221752, 16502, 31752
9, 615, 52291502, 52306752, 16502, 31752
9, 616, 52376502, 52391752, 16502, 31752
9, 617, 52461502, 52476752, 16502, 31752
9, 618, 52546502, 52561752, 16502, 31752
9, 619, 52631502, 52646752, 16502, 31752
9, 62, 5286502, 5301752, 16502, 31752
9, 620, 52716502, 52731752, 16502, 31752
9, 621, 52801502, 52816752, 16502, 31752
9, 622, 52886502, 52901752, 16502, 31752
9, 623, 52971502, 52986752, 16502, 31752
9, 624, 53056502, 53071752, 16502, 31752
9, 625, 53141502, 53156752, 16502, 31752
9, 626, 53226502, 53241752, 16502, 31752
9, 627, 53311502, 53326752, 16502, 31752
9, 628, 53396502, 53411752, 16502, 31752
9, 629, 53481502, 53496752, 16502, 31752
9, 63, 5371502, 5386752, 16502, 31752
9, 630, 53566502, 53583368, 16502, 33368
9, 631, 53651502, 53666752, 16502, 31752
9, 632, 53736502, 53751752, 16502, 31752
9, 633, 53821502, 53836752, 16502, 31752
9, 634, 53906502, 53921752, 16502, 31752
9, 635, 53991502, 54006752, 16502, 31752
9, 636, 54076502, 54091752, 16502, 31752
9, 637, 54161502, 54176752, 16502, 31752
9, 638, 54246502, 54261752, 16502, 31752
9, 639, 54331502, 54346752, 16502, 31752
9, 64, 5456502, 5471752, 16502, 31752
9, 640, 54416502, 54431752, 16502, 31752
9, 641, 54501502, 54516752, 16502, 31752
9, 642, 54586502, 54601752, 16502, 31752
9, 643, 54671502, 54686752, 16502, 31752
9, 644, 54756502, 54771752, 16502, 31752
9, 645, 54841502, 54856752, 16502, 31752
9, 646, 54926502, 54941752, 16502, 31752
9, 647, 55011502, 55026752, 16502, 31752
9, 648, 55096502, 55111752, 16502, 31752
9, 649, 55181502, 55196752, 16502, 31752
9, 65, 5541502, 5556752, 16502, 31752
9, 650, 55266502, 55281752, 16502, 31752
9, 651, 55351502, 55366752, 16502, 31752
9, 652, 55436502, 55451752, 16502, 31752
9, 653, 55521502, 55536752, 16502, 31752
9, 654, 55606502, 55621752, 16502, 31752
9, 655, 55691502, 55706752, 16502, 31752
9, 656, 55776502, 55791752, 16502, 31752
9, 657, 55861502, 55876752, 16502, 31752
9, 658, 55946502, 55961752, 16502, 31752
9, 659, 56031502, 56046752, 16502, 31752
9, 66, 5626502, 5641752, 16502, 31752
9, 660, 56116502, 56131752, 16502, 31752
9, 661, 56201502, 56216752, 16502, 31752
9, 662, 56286502, 56301752, 16502, 31752
9, 663, 56371502, 56386752, 16502, 31752
9, 664, 56456502, 56471752, 16502, 31752
9, 665, 56541502, 56556752, 16502, 31752
9, 666, 56626502, 56641752, 16502, 31752
9, 667, 56711502, 56726752, 16502, 31752
9, 668, 56796502, 56811752, 16502, 31752
9, 669, 56881502, 56896752, 16502, 31752
9, 67, 5711502, 5726752, 16502, 31752
9, 670, 56966502, 56981752, 16502, 31752
9, 671, 57051502, 57066752, 16502, 31752
9, 672, 57136502, 57156088, 16502, 36088
9, 673, 57221502, 57236752, 16502, 31752
9, 674, 57306502, 57321752, 16502, 31752
9, 675, 57391502, 57406752, 16502, 31752
9, 676, 57476502, 57491752, 16502, 31752
9, 677, 57561502, 57576752, 16502, 31752
9, 678, 57646502, 57661752, 16502, 31752
9, 679, 57731502, 57746752, 16502, 31752
9, 68, 5796502, 5811752, 16502, 31752
9, 680, 57816502, 57831752, 16502, 31752
9, 681, 57901502, 57916752, 16502, 31752
9, 682, 57986502, 58001752, 16502, 31752
9, 683, 58071502, 58086752, 16502, 31752
9, 684, 58156502, 58171752, 16502, 31752
9, 685, 58241502, 58256752, 16502, 31752
9, 686, 58326502, 58341752, 16502, 31752
9, 687, 58411502, 58426752, 16502, 31752
9, 688, 58496502, 58511752, 16502, 31752
9, 689, 58581502, 58596752, 16502, 31752
9, 69, 5881502, 5896752, 16502, 31752
9, 690, 58666502, 58681752, 16502, 31752
9, 691, 58751502, 58766752, 16502, 31752
9, 692, 58836502, 58851752, 16502, 31752
9, 693, 58921502, 58936752, 16502, 31752
9, 694, 59006502, 59021752, 16502, 31752
9, 695, 59091502, 59106752, 16502, 31752
9, 696, 59176502, 59191752, 16502, 31752
9, 697, 59261502, 59276752, 16502, 31752
9, 698, 59346502, 59361752, 16502, 31752
9, 699, 59431502, 59446752, 16502, 31752
9, 7, 611502, 626752, 16502, 31752
9, 70, 5966502, 5983368, 16502, 33368
9, 700, 59516502, 59533730, 16502, 33730
9, 701, 59601502, 59616752, 16502, 31752
9, 702, 59686502, 59701752, 16502, 31752
9, 703, 59771502, 59786752, 16502, 31752
9, 704, 59856502, 59871752, 16502, 31752
9, 705, 59941502, 59956752, 16502, 31752
9, 706, 60026502, 60041752, 16502, 31752
9, 707, 60111502, 60126752, 16502, 31752
9, 708, 60196502, 60211752, 16502, 31752
9, 709, 60281502, 60296752, 16502, 31752
9, 71, 6051502, 6066752, 16502, 31752
9, 710, 60366502, 60381752, 16502, 31752
9, 711, 60451502, 60466752, 16502, 31752
9, 712, 60536502, 60551752, 16502, 31752
9, 713, 60621502, 60636752, 16502, 31752
9, 714, 60706502, 60721752, 16502, 31752
9, 715, 60791502, 60806752, 16502, 31752
9, 716, 60876502, 60891752, 16502, 31752
9, 717, 60961502, 60976752, 16502, 31752
9, 718, 61046502, 61061752, 16502, 31752
9, 719, 61131502, 61146752, 16502, 31752
9, 72, 6136502, 6151752, 16502, 31752
9, 720, 61216502, 61231752, 16502, 31752
9, 721, 61301502, 61316752, 16502, 31752
9, 722, 61386502, 61401752, 16502, 31752
9, 723, 61471502, 61486752, 16502, 31752
9, 724, 61556502, 61571752, 16502, 31752
9, 725, 61641502, 61656752, 16502, 31752
9, 726, 61726502, 61741752, 16502, 31752
9, 727, 61811502, 61826752, 16502, 31752
9, 728, 61896502, 61911752, 16502, 31752
9, 729, 61981502, 61996752, 16502, 31752
9, 73, 6221502, 6236752, 16502, 31752
9, 730, 62066502, 62081752, 16502, 31752
9, 731, 62151502, 62166752, 16502, 31752
9, 732, 62236502, 62251752, 16502, 31752
9, 733, 62321502, 62336752, 16502, 31752
9, 734, 62406502, 62421752, 16502, 31752
9, 735, 62491502, 62506752, 16502, 31752
9, 736, 62576502, 62591752, 16502, 31752
9, 737, 62661502, 62676752, 16502, 31752
9, 738, 62746502, 62761752, 16502, 31752
9, 739, 62831502, 62846752, 16502, 31752
9, 74, 6306502, 6321752, 16502, 31752
9, 740, 62916502, 62931752, 16502, 31752
9, 741, 63001502, 63016752, 16502, 31752
9, 742, 63086502, 63101752, 16502, 31752
9, 743, 63171502, 63186752, 16502, 31752
9, 744, 63256502, 63271752, 16502, 31752
9, 745, 63341502, 63356752, 16502, 31752
9, 746, 63426502, 63441752, 16502, 31752
9, 747, 63511502, 63526752, 16502, 31752
9, 748, 63596502, 63611752, 16502, 31752
9, 749, 63681502, 63696752, 16502, 31752
9, 75, 6391502, 6406752, 16502, 31752
9, 750, 63766502, 63781752, 16502, 31752
9, 751, 63851502, 63866752, 16502, 31752
9, 752, 63936502, 63951752, 16502, 31752
9, 753, 64021502, 64036752, 16502, 31752
9, 754, 64106502, 64121752, 16502, 31752
9, 755, 64191502, 64206752, 16502, 31752
9, 756, 64276502, 64293279, 16502, 33279
9, 757, 64361502, 64376752, 16502, 31752
9, 758, 64446502, 64461752, 16502, 31752
9, 759, 64531502, 64546752, 16502, 31752
9, 76, 6476502, 6491752, 16502, 31752
9, 760, 64616502, 64631752, 16502, 31752
9, 761, 64701502, 64716752, 16502, 31752
9, 762, 64786502, 64801752, 16502, 31752
9, 763, 64871502, 64886752, 16502, 31752
9, 764, 64956502, 64971752, 16502, 31752
9, 765, 65041502, 65056752, 16502, 31752
9, 766, 65126502, 65141752, 16502, 31752
9, 767, 65211502, 65226752, 16502, 31752
9, 768, 65296502, 65311752, 16502, 31752
9, 769, 65381502, 65396752, 16502, 31752
9, 77, 6561502, 6576752, 16502, 31752
9, 770, 65466502, 65483043, 16502, 33043
9, 771, 65551502, 65566752, 16502, 31752
9, 772, 65636502, 65651752, 16502, 31752
9, 773, 65721502, 65736752, 16502, 31752
9, 774, 65806502, 65821752, 16502, 31752
9, 775, 65891502, 65906752, 16502, 31752
9, 776, 65976502, 65991752, 16502, 31752
9, 777, 66061502, 66076752, 16502, 31752
9, 778, 66146502, 66161752, 16502, 31752
9, 779, 66231502, 66246752, 16502, 31752
9, 78, 6646502, 6661752, 16502, 31752
9, 780, 66316502, 66331752, 16502, 31752
9, 781, 66401502, 66416752, 16502, 31752
9, 782, 66486502, 66501752, 16502, 31752
9, 783, 66571502, 66586752, 16502, 31752
9, 784, 66656502, 66675812, 16502, 35812
9, 785, 66741502, 66756752, 16502, 31752
9, 786, 66826502, 66841752, 16502, 31752
9, 787, 66911502, 66926752, 16502, 31752
9, 788, 66996502, 67011752, 16502, 31752
9, 789, 67081502, 67096752, 16502, 31752
9, 79, 6731502, 6746752, 16502, 31752
9, 790, 67166502, 67181752, 16502, 31752
9, 791, 67251502, 67266752, 16502, 31752
9, 792, 67336502, 67351752, 16502, 31752
9, 793, 67421502, 67436752, 16502, 31752
9, 794, 67506502, 67521752, 16502, 31752
9, 795, 67591502, 67606752, 16502, 31752
9, 796, 67676502, 67691752, 16502, 31752
9, 797, 67761502, 67776752, 16502, 31752
9, 798, 67846502, 67861752, 16502, 31752
9, 799, 67931502, 67946752, 16502, 31752
9, 8, 696502, 711752, 16502, 31752
9, 80, 6816502, 6831752, 16502, 31752
9, 800, 68016502, 68031752, 16502, 31752
9, 801, 68101502, 68116752, 16502, 31752
9, 802, 68186502, 68201752, 16502, 31752
9, 803, 68271502, 68286752, 16502, 31752
9, 804, 68356502, 68371752, 16502, 31752
9, 805, 68441502, 68456752, 16502, 31752
9, 806, 68526502, 68541752, 16502, 31752
9, 807, 68611502, 68626752, 16502, 31752
9, 808, 68696502, 68711752, 16502, 31752
9, 809, 68781502, 68796752, 16502, 31752
9, 81, 6901502, 6916752, 16502, 31752
9, 810, 68866502, 68881752, 16502, 31752
9, 811, 68951502, 68966752, 16502, 31752
9, 812, 69036502, 69051752, 16502, 31752
9, 813, 69121502, 69136752, 16502, 31752
9, 814, 69206502, 69221752, 16502, 31752
9, 815, 69291502, 69306752, 16502, 31752
9, 816, 69376502, 69391752, 16502, 31752
9, 817, 69461502, 69476752, 16502, 31752
9, 818, 69546502, 69561752, 16502, 31752
9, 819, 69631502, 69646752, 16502, 31752
9, 82, 6986502, 7001752, 16502, 31752
9, 820, 69716502, 69731752, 16502, 31752
9, 821, 69801502, 69816752, 16502, 31752
9, 822, 69886502, 69901752, 16502, 31752
9, 823, 69971502, 69986752, 16502, 31752
9, 824, 70056502, 70071752, 16502, 31752
9, 825, 70141502, 70156752, 16502, 31752
9, 826, 70226502, 70241752, 16502, 31752
9, 827, 70311502, 70326752, 16502, 31752
9, 828, 70396502, 70411752, 16502, 31752
9, 829, 70481502, 70496752, 16502, 31752
9, 83, 7071502, 7086752, 16502, 31752
9, 830, 70566502, 70581752, 16502, 31752
9, 831, 70651502, 70666752, 16502, 31752
9, 832, 70736502, 70751752, 16502, 31752
9, 833, 70821502, 70836752, 16502, 31752
9, 834, 70906502, 70921752, 16502, 31752
9, 835, 70991502, 71006752, 16502, 31752
9, 836, 71076502, 71091752, 16502, 31752
9, 837, 71161502, 71176752, 16502, 31752
9, 838, 71246502, 71261752, 16502, 31752
9, 839, 71331502, 71346752, 16502, 31752
9, 84, 7156502, 7173279, 16502, 33279
9, 840, 71416502, 71434438, 16502, 34438
9, 841, 71501502, 71516752, 16502, 31752
9, 842, 71586502, 71601752, 16502, 31752
9, 843, 71671502, 71686752, 16502, 31752
9, 844, 71756502, 71771752, 16502, 31752
9, 845, 71841502, 71856752, 16502, 31752
9, 846, 71926502, 71941752, 16502, 31752
9, 847, 72011502, 72026752, 16502, 31752
9, 848, 72096502, 72111752, 16502, 31752
9, 849, 72181502, 72196752, 16502, 31752
9, 85, 7241502, 7256752, 16502, 31752
9, 850, 72266502, 72281752, 16502, 31752
9, 851, 72351502, 72366752, 16502, 31752
9, 852, 72436502, 72451752, 16502, 31752
9, 853, 72521502, 72536752, 16502, 31752
9, 854, 72606502, 72621752, 16502, 31752
9, 855, 72691502, 72706752, 16502, 31752
9, 856, 72776502, 72791752, 16502, 31752
9, 857, 72861502, 72876752, 16502, 31752
9, 858, 72946502, 72961752, 16502, 31752
9, 859, 73031502, 73046752, 16502, 31752
9, 86, 7326502, 7341752, 16502, 31752
9, 860, 73116502, 73131752, 16502, 31752
9, 861, 73201502, 73216752, 16502, 31752
9, 862, 73286502, 73301752, 16502, 31752
9, 863, 73371502, 73386752, 16502, 31752
9, 864, 73456502, 73471752, 16502, 31752
9, 865, 73541502, 73556752, 16502, 31752
9, 866, 73626502, 73641752, 16502, 31752
9, 867, 73711502, 73726752, 16502, 31752
9, 868, 73796502, 73811752, 16502, 31752
9, 869, 73881502, 73896752, 16502, 31752
9, 87, 7411502, 7426752, 16502, 31752
9, 870, 73966502, 73981752, 16502, 31752
9, 871, 74051502, 74066752, 16502, 31752
9, 872, 74136502, 74151752, 16502, 31752
9, 873, 74221502, 74236752, 16502, 31752
9, 874, 74306502, 74321752, 16502, 31752
9, 875, 74391502, 74406752, 16502, 31752
9, 876, 74476502, 74491752, 16502, 31752
9, 877, 74561502, 74576752, 16502, 31752
9, 878, 74646502, 74661752, 16502, 31752
9, 879, 74731502, 74746752, 16502, 31752
9, 88, 7496502, 7511752, 16502, 31752
9, 880, 74816502, 74831752, 16502, 31752
9, 881, 74901502, 74916752, 16502, 31752
9, 882, 74986502, 75001752, 16502, 31752
9, 883, 75071502, 75086752, 16502, 31752
9, 884, 75156502, 75171752, 16502, 31752
9, 885, 75241502, 75256752, 16502, 31752
9, 886, 75326502, 75341752, 16502, 31752
9, 887, 75411502, 75426752, 16502, 31752
9, 888, 75496502, 75511752, 16502, 31752
9, 889, 75581502, 75596752, 16502, 31752
9, 89, 7581502, 7596752, 16502, 31752
9, 890, 75666502, 75681752, 16502, 31752
9, 891, 75751502, 75766752, 16502, 31752
9, 892, 75836502, 75851752, 16502, 31752
9, 893, 75921502, 75936752, 16502, 31752
9, 894, 76006502, 76021752, 16502, 31752
9, 895, 76091502, 76106752, 16502, 31752
9, 896, 76176502, 76195568, 16502, 35568
9, 897, 76261502, 76276752, 16502, 31752
9, 898, 76346502, 76361752, 16502, 31752
9, 899, 76431502, 76446752, 16502, 31752
9, 9, 781502, 796752, 16502, 31752
9, 90, 7666502, 7681752, 16502, 31752
9, 900, 76516502, 76531752, 16502, 31752
9, 901, 76601502, 76616752, 16502, 31752
9, 902, 76686502, 76701752, 16502, 31752
9, 903, 76771502, 76786752, 16502, 31752
9, 904, 76856502, 76871752, 16502, 31752
9, 905, 76941502, 76956752, 16502, 31752
9, 906, 77026502, 77041752, 16502, 31752
9, 907, 77111502, 77126752, 16502, 31752
9, 908, 77196502, 77211752, 16502, 31752
9, 909, 77281502, 77296752, 16502, 31752
9, 91, 7751502, 7766752, 16502, 31752
9, 910, 77366502, 77383368, 16502, 33368
9, 911, 77451502, 77466752, 16502, 31752
9, 912, 77536502, 77551752, 16502, 31752
9, 913, 77621502, 77636752, 16502, 31752
9, 914, 77706502, 77721752, 16502, 31752
9, 915, 77791502, 77806752, 16502, 31752
9, 916, 77876502, 77891752, 16502, 31752
9, 917, 77961502, 77976752, 16502, 31752
9, 918, 78046502, 78061752, 16502, 31752
9, 919, 78131502, 78146752, 16502, 31752
9, 92, 7836502, 7851752, 16502, 31752
9, 920, 78216502, 78231752, 16502, 31752
9, 921, 78301502, 78316752, 16502, 31752
9, 922, 78386502, 78401752, 16502, 31752
9, 923, 78471502, 78486752, 16502, 31752
9, 924, 78556502, 78573279, 16502, 33279
9, 925, 78641502, 78656752, 16502, 31752
9, 926, 78726502, 78741752, 16502, 31752
9, 927, 78811502, 78826752, 16502, 31752
9, 928, 78896502, 78911752, 16502, 31752
9, 929, 78981502, 78996752, 16502, 31752
9, 93, 7921502, 7936752, 16502, 31752
9, 930, 79066502, 79081752, 16502, 31752
9, 931, 79151502, 79166752, 16502, 31752
9, 932, 79236502, 79251752, 16502, 31752
9, 933, 79321502, 79336752, 16502, 31752
9, 934, 79406502, 79421752, 16502, 31752
9, 935, 79491502, 79506752, 16502, 31752
9, 936, 79576502, 79591752, 16502, 31752
9, 937, 79661502, 79676752, 16502, 31752
9, 938, 79746502, 79761752, 16502, 31752
9, 939, 79831502, 79846752, 16502, 31752
9, 94, 8006502, 8021752, 16502, 31752
9, 940, 79916502, 79931752, 16502, 31752
9, 941, 80001502, 80016752, 16502, 31752
9, 942, 80086502, 80101752, 16502, 31752
9, 943, 80171502, 80186752, 16502, 31752
9, 944, 80256502, 80271752, 16502, 31752
9, 945, 80341502, 80356752, 16502, 31752
9, 946, 80426502, 80441752, 16502, 31752
9, 947, 80511502, 80526752, 16502, 31752
9, 948, 80596502, 80611752, 16502, 31752
9, 949, 80681502, 80696752, 16502, 31752
9, 95, 8091502, 8106752, 16502, 31752
9, 950, 80766502, 80781752, 16502, 31752
9, 951, 80851502, 80866752, 16502, 31752
9, 952, 80936502, 80951752, 16502, 31752
9, 953, 81021502, 81036752, 16502, 31752
9, 954, 81106502, 81121752, 16502, 31752
9, 955, 81191502, 81206752, 16502, 31752
9, 956, 81276502, 81291752, 16502, 31752
9, 957, 81361502, 81376752, 16502, 31752
9, 958, 81446502, 81461752, 16502, 31752
9, 959, 81531502, 81546752, 16502, 31752
9, 96, 8176502, 8191752, 16502, 31752
9, 960, 81616502, 81631752, 16502, 31752
9, 961, 81701502, 81716752, 16502, 31752
9, 962, 81786502, 81801752, 16502, 31752
9, 963, 81871502, 81886752, 16502, 31752
9, 964, 81956502, 81971752, 16502, 31752
9, 965, 82041502, 82056752, 16502, 31752
9, 966, 82126502, 82141752, 16502, 31752
9, 967, 82211502, 82226752, 16502, 31752
9, 968, 82296502, 82311752, 16502, 31752
9, 969, 82381502, 82396752, 16502, 31752
9, 97, 8261502, 8276752, 16502, 31752
9, 970, 82466502, 82481752, 16502, 31752
9, 971, 82551502, 82566752, 16502, 31752
9, 972, 82636502, 82651752, 16502, 31752
9, 973, 82721502, 82736752, 16502, 31752
9, 974, 82806502, 82821752, 16502, 31752
9, 975, 82891502, 82906752, 16502, 31752
9, 976, 82976502, 82991752, 16502, 31752
9, 977, 83061502, 83076752, 16502, 31752
9, 978, 83146502, 83161752, 16502, 31752
9, 979, 83231502, 83246752, 16502, 31752
9, 98, 8346502, 8361752, 16502, 31752
9, 980, 83316502, 83333405, 16502, 33405
9, 981, 83401502, 83416752, 16502, 31752
9, 982, 83486502, 83501752, 16502, 31752
9, 983, 83571502, 83586752, 16502, 31752
9, 984, 83656502, 83671752, 16502, 31752
9, 985, 83741502, 83756752, 16502, 31752
9, 986, 83826502, 83841752, 16502, 31752
9, 987, 83911502, 83926752, 16502, 31752
9, 988, 83996502, 84011752, 16502, 31752
9, 989, 84081502, 84096752, 16502, 31752
9, 99, 8431502, 8446752, 16502, 31752
9, 990, 84166502, 84181752, 16502, 31752
9, 991, 84251502, 84266752, 16502, 31752
9, 992, 84336502, 84351752, 16502, 31752
9, 993, 84421502, 84436752, 16502, 31752
9, 994, 84506502, 84521752, 16502, 31752
9, 995, 84591502, 84606752, 16502, 31752
9, 996, 84676502, 84691752, 16502, 31752
9, 997, 84761502, 84776752, 16502, 31752
9, 998, 84846502, 84861752, 16502, 31752
9, 999, 84931502, 84946752, 16502, 31752
