Task ID, Job ID, BCCT, WCCT, BCRT, WCRT
0, 0, 1139, 5914, 1139, 5914
0, 1, 11139, 15630, 1139, 5630
0, 10, 101139, 102398, 1139, 2398
0, 100, 1001139, 1002398, 1139, 2398
0, 1000, 10001139, 10002398, 1139, 2398
0, 10000, 100001139, 100004166, 1139, 4166
0, 10001, 100011139, 100012398, 1139, 2398
0, 10002, 100021139, 100022398, 1139, 2398
0, 10003, 100031139, 100033168, 1139, 3168
0, 10004, 100041139, 100042398, 1139, 2398
0, 10005, 100051139, 100052398, 1139, 2398
0, 10006, 100061139, 100062398, 1139, 2398
0, 10007, 100071139, 100072398, 1139, 2398
0, 10008, 100081139, 100082398, 1139, 2398
0, 10009, 100091139, 100092398, 1139, 2398
0, 1001, 10011139, 10013168, 1139, 3168
0, 10010, 100101139, 100103753, 1139, 3753
0, 10011, 100111139, 100112398, 1139, 2398
0, 10012, 100121139, 100122398, 1139, 2398
0, 10013, 100131139, 100132398, 1139, 2398
0, 10014, 100141139, 100142398, 1139, 2398
0, 10015, 100151139, 100152398, 1139, 2398
0, 10016, 100161139, 100162398, 1139, 2398
0, 10017, 100171139, 100173168, 1139, 3168
0, 10018, 100181139, 100182398, 1139, 2398
0, 10019, 100191139, 100192398, 1139, 2398
0, 1002, 10021139, 10022398, 1139, 2398
0, 10020, 100201139, 100202398, 1139, 2398
0, 10021, 100211139, 100212398, 1139, 2398
0, 10022, 100221139, 100222398, 1139, 2398
0, 10023, 100231139, 100232398, 1139, 2398
0, 10024, 100241139, 100245188, 1139, 5188
0, 10025, 100251139, 100252398, 1139, 2398
0, 10026, 100261139, 100262398, 1139, 2398
0, 10027, 100271139, 100272398, 1139, 2398
0, 10028, 100281139, 100282398, 1139, 2398
0, 10029, 100291139, 100292398, 1139, 2398
0, 1003, 10031139, 10032398, 1139, 2398
0, 10030, 100301139, 100302398, 1139, 2398
0, 10031, 100311139, 100313168, 1139, 3168
0, 10032, 100321139, 100322689, 1139, 2689
0, 10033, 100331139, 100332398, 1139, 2398
0, 10034, 100341139, 100342398, 1139, 2398
0, 10035, 100351139, 100352398, 1139, 2398
0, 10036, 100361139, 100362398, 1139, 2398
0, 10037, 100371139, 100372398, 1139, 2398
0, 10038, 100381139, 100383168, 1139, 3168
0, 10039, 100391139, 100392398, 1139, 2398
0, 1004, 10041139, 10042398, 1139, 2398
0, 10040, 100401139, 100402398, 1139, 2398
0, 10041, 100411139, 100412398, 1139, 2398
0, 10042, 100421139, 100422398, 1139, 2398
0, 10043, 100431139, 100432398, 1139, 2398
0, 10044, 100441139, 100442398, 1139, 2398
0, 10045, 100451139, 100453753, 1139, 3753
0, 10046, 100461139, 100462398, 1139, 2398
0, 10047, 100471139, 100472398, 1139, 2398
0, 10048, 100481139, 100482398, 1139, 2398
0, 10049, 100491139, 100492398, 1139, 2398
0, 1005, 10051139, 10052398, 1139, 2398
0, 10050, 100501139, 100502398, 1139, 2398
0, 10051, 100511139, 100512398, 1139, 2398
0, 10052, 100521139, 100523753, 1139, 3753
0, 10053, 100531139, 100532398, 1139, 2398
0, 10054, 100541139, 100542398, 1139, 2398
0, 10055, 100551139, 100552398, 1139, 2398
0, 10056, 100561139, 100562689, 1139, 2689
0, 10057, 100571139, 100572398, 1139, 2398
0, 10058, 100581139, 100582398, 1139, 2398
0, 10059, 100591139, 100593168, 1139, 3168
0, 1006, 10061139, 10062398, 1139, 2398
0, 10060, 100601139, 100602398, 1139, 2398
0, 10061, 100611139, 100612398, 1139, 2398
0, 10062, 100621139, 100622398, 1139, 2398
0, 10063, 100631139, 100632398, 1139, 2398
0, 10064, 100641139, 100642398, 1139, 2398
0, 10065, 100651139, 100652398, 1139, 2398
0, 10066, 100661139, 100663168, 1139, 3168
0, 10067, 100671139, 100672398, 1139, 2398
0, 10068, 100681139, 100682398, 1139, 2398
0, 10069, 100691139, 100692398, 1139, 2398
0, 1007, 10071139, 10072398, 1139, 2398
0, 10070, 100701139, 100702398, 1139, 2398
0, 10071, 100711139, 100712398, 1139, 2398
0, 10072, 100721139, 100722398, 1139, 2398
0, 10073, 100731139, 100733168, 1139, 3168
0, 10074, 100741139, 100742398, 1139, 2398
0, 10075, 100751139, 100752398, 1139, 2398
0, 10076, 100761139, 100762398, 1139, 2398
0, 10077, 100771139, 100772398, 1139, 2398
0, 10078, 100781139, 100782398, 1139, 2398
0, 10079, 100791139, 100792398, 1139, 2398
0, 1008, 10081139, 10085188, 1139, 5188
0, 10080, 100801139, 100805188, 1139, 5188
0, 10081, 100811139, 100812398, 1139, 2398
0, 10082, 100821139, 100822398, 1139, 2398
0, 10083, 100831139, 100832398, 1139, 2398
0, 10084, 100841139, 100842398, 1139, 2398
0, 10085, 100851139, 100852398, 1139, 2398
0, 10086, 100861139, 100862398, 1139, 2398
0, 10087, 100871139, 100873168, 1139, 3168
0, 10088, 100881139, 100882398, 1139, 2398
0, 10089, 100891139, 100892398, 1139, 2398
0, 1009, 10091139, 10092398, 1139, 2398
0, 10090, 100901139, 100902398, 1139, 2398
0, 10091, 100911139, 100912398, 1139, 2398
0, 10092, 100921139, 100922398, 1139, 2398
0, 10093, 100931139, 100932398, 1139, 2398
0, 10094, 100941139, 100943168, 1139, 3168
0, 10095, 100951139, 100952398, 1139, 2398
0, 10096, 100961139, 100962398, 1139, 2398
0, 10097, 100971139, 100972398, 1139, 2398
0, 10098, 100981139, 100982398, 1139, 2398
0, 10099, 100991139, 100992398, 1139, 2398
0, 101, 1011139, 1012398, 1139, 2398
0, 1010, 10101139, 10102398, 1139, 2398
0, 10100, 101001139, 101002398, 1139, 2398
0, 10101, 101011139, 101013168, 1139, 3168
0, 10102, 101021139, 101022398, 1139, 2398
0, 10103, 101031139, 101032398, 1139, 2398
0, 10104, 101041139, 101042398, 1139, 2398
0, 10105, 101051139, 101052398, 1139, 2398
0, 10106, 101061139, 101062398, 1139, 2398
0, 10107, 101071139, 101072398, 1139, 2398
0, 10108, 101081139, 101085914, 1139, 5914
0, 10109, 101091139, 101092398, 1139, 2398
0, 1011, 10111139, 10112398, 1139, 2398
0, 10110, 101101139, 101102398, 1139, 2398
0, 10111, 101111139, 101112398, 1139, 2398
0, 10112, 101121139, 101122398, 1139, 2398
0, 10113, 101131139, 101132398, 1139, 2398
0, 10114, 101141139, 101142398, 1139, 2398
0, 10115, 101151139, 101153753, 1139, 3753
0, 10116, 101161139, 101162398, 1139, 2398
0, 10117, 101171139, 101172398, 1139, 2398
0, 10118, 101181139, 101182398, 1139, 2398
0, 10119, 101191139, 101192398, 1139, 2398
0, 1012, 10121139, 10122398, 1139, 2398
0, 10120, 101201139, 101202398, 1139, 2398
0, 10121, 101211139, 101212398, 1139, 2398
0, 10122, 101221139, 101223168, 1139, 3168
0, 10123, 101231139, 101232398, 1139, 2398
0, 10124, 101241139, 101242398, 1139, 2398
0, 10125, 101251139, 101252398, 1139, 2398
0, 10126, 101261139, 101262398, 1139, 2398
0, 10127, 101271139, 101272398, 1139, 2398
0, 10128, 101281139, 101282398, 1139, 2398
0, 10129, 101291139, 101293168, 1139, 3168
0, 1013, 10131139, 10132398, 1139, 2398
0, 10130, 101301139, 101302398, 1139, 2398
0, 10131, 101311139, 101312398, 1139, 2398
0, 10132, 101321139, 101322398, 1139, 2398
0, 10133, 101331139, 101332398, 1139, 2398
0, 10134, 101341139, 101342398, 1139, 2398
0, 10135, 101351139, 101352398, 1139, 2398
0, 10136, 101361139, 101365188, 1139, 5188
0, 10137, 101371139, 101372398, 1139, 2398
0, 10138, 101381139, 101382398, 1139, 2398
0, 10139, 101391139, 101392398, 1139, 2398
0, 1014, 10141139, 10142398, 1139, 2398
0, 10140, 101401139, 101402689, 1139, 2689
0, 10141, 101411139, 101412398, 1139, 2398
0, 10142, 101421139, 101422398, 1139, 2398
0, 10143, 101431139, 101433168, 1139, 3168
0, 10144, 101441139, 101442398, 1139, 2398
0, 10145, 101451139, 101452398, 1139, 2398
0, 10146, 101461139, 101462398, 1139, 2398
0, 10147, 101471139, 101472398, 1139, 2398
0, 10148, 101481139, 101482398, 1139, 2398
0, 10149, 101491139, 101492398, 1139, 2398
0, 1015, 10151139, 10153753, 1139, 3753
0, 10150, 101501139, 101503753, 1139, 3753
0, 10151, 101511139, 101512398, 1139, 2398
0, 10152, 101521139, 101522398, 1139, 2398
0, 10153, 101531139, 101532398, 1139, 2398
0, 10154, 101541139, 101542398, 1139, 2398
0, 10155, 101551139, 101552398, 1139, 2398
0, 10156, 101561139, 101562398, 1139, 2398
0, 10157, 101571139, 101573168, 1139, 3168
0, 10158, 101581139, 101582398, 1139, 2398
0, 10159, 101591139, 101592398, 1139, 2398
0, 1016, 10161139, 10162398, 1139, 2398
0, 10160, 101601139, 101602398, 1139, 2398
0, 10161, 101611139, 101612398, 1139, 2398
0, 10162, 101621139, 101622398, 1139, 2398
0, 10163, 101631139, 101632398, 1139, 2398
0, 10164, 101641139, 101643753, 1139, 3753
0, 10165, 101651139, 101652398, 1139, 2398
0, 10166, 101661139, 101662398, 1139, 2398
0, 10167, 101671139, 101672398, 1139, 2398
0, 10168, 101681139, 101682398, 1139, 2398
0, 10169, 101691139, 101692398, 1139, 2398
0, 1017, 10171139, 10172398, 1139, 2398
0, 10170, 101701139, 101702398, 1139, 2398
0, 10171, 101711139, 101713168, 1139, 3168
0, 10172, 101721139, 101722398, 1139, 2398
0, 10173, 101731139, 101732398, 1139, 2398
0, 10174, 101741139, 101742398, 1139, 2398
0, 10175, 101751139, 101752398, 1139, 2398
0, 10176, 101761139, 101762398, 1139, 2398
0, 10177, 101771139, 101772398, 1139, 2398
0, 10178, 101781139, 101783168, 1139, 3168
0, 10179, 101791139, 101792398, 1139, 2398
0, 1018, 10181139, 10182398, 1139, 2398
0, 10180, 101801139, 101802398, 1139, 2398
0, 10181, 101811139, 101812398, 1139, 2398
0, 10182, 101821139, 101822398, 1139, 2398
0, 10183, 101831139, 101832398, 1139, 2398
0, 10184, 101841139, 101842398, 1139, 2398
0, 10185, 101851139, 101853753, 1139, 3753
0, 10186, 101861139, 101862398, 1139, 2398
0, 10187, 101871139, 101872398, 1139, 2398
0, 10188, 101881139, 101882398, 1139, 2398
0, 10189, 101891139, 101892398, 1139, 2398
0, 1019, 10191139, 10192398, 1139, 2398
0, 10190, 101901139, 101902398, 1139, 2398
0, 10191, 101911139, 101912398, 1139, 2398
0, 10192, 101921139, 101925188, 1139, 5188
0, 10193, 101931139, 101934250, 1139, 4250
0, 10194, 101941139, 101942398, 1139, 2398
0, 10195, 101951139, 101952398, 1139, 2398
0, 10196, 101961139, 101962398, 1139, 2398
0, 10197, 101971139, 101972398, 1139, 2398
0, 10198, 101981139, 101982398, 1139, 2398
0, 10199, 101991139, 101993168, 1139, 3168
0, 102, 1021139, 1022398, 1139, 2398
0, 1020, 10201139, 10202398, 1139, 2398
0, 10200, 102001139, 102002689, 1139, 2689
0, 10201, 102011139, 102012398, 1139, 2398
0, 10202, 102021139, 102022398, 1139, 2398
0, 10203, 102031139, 102032398, 1139, 2398
0, 10204, 102041139, 102042398, 1139, 2398
0, 10205, 102051139, 102052398, 1139, 2398
0, 10206, 102061139, 102063168, 1139, 3168
0, 10207, 102071139, 102072398, 1139, 2398
0, 10208, 102081139, 102082398, 1139, 2398
0, 10209, 102091139, 102092398, 1139, 2398
0, 1021, 10211139, 10212398, 1139, 2398
0, 10210, 102101139, 102102398, 1139, 2398
0, 10211, 102111139, 102112398, 1139, 2398
0, 10212, 102121139, 102122398, 1139, 2398
0, 10213, 102131139, 102133753, 1139, 3753
0, 10214, 102141139, 102142398, 1139, 2398
0, 10215, 102151139, 102152398, 1139, 2398
0, 10216, 102161139, 102162398, 1139, 2398
0, 10217, 102171139, 102172398, 1139, 2398
0, 10218, 102181139, 102182398, 1139, 2398
0, 10219, 102191139, 102192398, 1139, 2398
0, 1022, 10221139, 10223168, 1139, 3168
0, 10220, 102201139, 102204868, 1139, 4868
0, 10221, 102211139, 102212398, 1139, 2398
0, 10222, 102221139, 102222398, 1139, 2398
0, 10223, 102231139, 102232398, 1139, 2398
0, 10224, 102241139, 102242689, 1139, 2689
0, 10225, 102251139, 102252398, 1139, 2398
0, 10226, 102261139, 102262398, 1139, 2398
0, 10227, 102271139, 102273168, 1139, 3168
0, 10228, 102281139, 102282398, 1139, 2398
0, 10229, 102291139, 102292398, 1139, 2398
0, 1023, 10231139, 10232398, 1139, 2398
0, 10230, 102301139, 102302398, 1139, 2398
0, 10231, 102311139, 102312398, 1139, 2398
0, 10232, 102321139, 102322398, 1139, 2398
0, 10233, 102331139, 102332398, 1139, 2398
0, 10234, 102341139, 102343168, 1139, 3168
0, 10235, 102351139, 102352398, 1139, 2398
0, 10236, 102361139, 102362398, 1139, 2398
0, 10237, 102371139, 102372398, 1139, 2398
0, 10238, 102381139, 102382398, 1139, 2398
0, 10239, 102391139, 102392398, 1139, 2398
0, 1024, 10241139, 10242398, 1139, 2398
0, 10240, 102401139, 102402398, 1139, 2398
0, 10241, 102411139, 102413753, 1139, 3753
0, 10242, 102421139, 102422398, 1139, 2398
0, 10243, 102431139, 102432398, 1139, 2398
0, 10244, 102441139, 102442398, 1139, 2398
0, 10245, 102451139, 102452398, 1139, 2398
0, 10246, 102461139, 102462398, 1139, 2398
0, 10247, 102471139, 102472398, 1139, 2398
0, 10248, 102481139, 102485188, 1139, 5188
0, 10249, 102491139, 102492398, 1139, 2398
0, 1025, 10251139, 10252398, 1139, 2398
0, 10250, 102501139, 102502398, 1139, 2398
0, 10251, 102511139, 102512398, 1139, 2398
0, 10252, 102521139, 102522398, 1139, 2398
0, 10253, 102531139, 102532398, 1139, 2398
0, 10254, 102541139, 102542398, 1139, 2398
0, 10255, 102551139, 102553753, 1139, 3753
0, 10256, 102561139, 102562398, 1139, 2398
0, 10257, 102571139, 102572398, 1139, 2398
0, 10258, 102581139, 102582398, 1139, 2398
0, 10259, 102591139, 102592398, 1139, 2398
0, 1026, 10261139, 10262398, 1139, 2398
0, 10260, 102601139, 102602689, 1139, 2689
0, 10261, 102611139, 102612398, 1139, 2398
0, 10262, 102621139, 102623168, 1139, 3168
0, 10263, 102631139, 102632398, 1139, 2398
0, 10264, 102641139, 102642398, 1139, 2398
0, 10265, 102651139, 102652398, 1139, 2398
0, 10266, 102661139, 102662398, 1139, 2398
0, 10267, 102671139, 102672398, 1139, 2398
0, 10268, 102681139, 102682398, 1139, 2398
0, 10269, 102691139, 102693168, 1139, 3168
0, 1027, 10271139, 10272398, 1139, 2398
0, 10270, 102701139, 102702398, 1139, 2398
0, 10271, 102711139, 102712398, 1139, 2398
0, 10272, 102721139, 102722398, 1139, 2398
0, 10273, 102731139, 102732398, 1139, 2398
0, 10274, 102741139, 102742398, 1139, 2398
0, 10275, 102751139, 102752398, 1139, 2398
0, 10276, 102761139, 102763753, 1139, 3753
0, 10277, 102771139, 102772398, 1139, 2398
0, 10278, 102781139, 102782398, 1139, 2398
0, 10279, 102791139, 102792398, 1139, 2398
0, 1028, 10281139, 10282398, 1139, 2398
0, 10280, 102801139, 102804797, 1139, 4797
0, 10281, 102811139, 102812398, 1139, 2398
0, 10282, 102821139, 102822398, 1139, 2398
0, 10283, 102831139, 102833168, 1139, 3168
0, 10284, 102841139, 102842398, 1139, 2398
0, 10285, 102851139, 102852398, 1139, 2398
0, 10286, 102861139, 102862398, 1139, 2398
0, 10287, 102871139, 102872398, 1139, 2398
0, 10288, 102881139, 102882398, 1139, 2398
0, 10289, 102891139, 102892398, 1139, 2398
0, 1029, 10291139, 10293168, 1139, 3168
0, 10290, 102901139, 102903753, 1139, 3753
0, 10291, 102911139, 102912398, 1139, 2398
0, 10292, 102921139, 102922398, 1139, 2398
0, 10293, 102931139, 102932398, 1139, 2398
0, 10294, 102941139, 102942398, 1139, 2398
0, 10295, 102951139, 102952398, 1139, 2398
0, 10296, 102961139, 102962398, 1139, 2398
0, 10297, 102971139, 102973168, 1139, 3168
0, 10298, 102981139, 102982398, 1139, 2398
0, 10299, 102991139, 102992398, 1139, 2398
0, 103, 1031139, 1032398, 1139, 2398
0, 1030, 10301139, 10302398, 1139, 2398
0, 10300, 103001139, 103002398, 1139, 2398
0, 10301, 103011139, 103012398, 1139, 2398
0, 10302, 103021139, 103022398, 1139, 2398
0, 10303, 103031139, 103032398, 1139, 2398
0, 10304, 103041139, 103045188, 1139, 5188
0, 10305, 103051139, 103052398, 1139, 2398
0, 10306, 103061139, 103062398, 1139, 2398
0, 10307, 103071139, 103072398, 1139, 2398
0, 10308, 103081139, 103082923, 1139, 2923
0, 10309, 103091139, 103092398, 1139, 2398
0, 1031, 10311139, 10312398, 1139, 2398
0, 10310, 103101139, 103102398, 1139, 2398
0, 10311, 103111139, 103113168, 1139, 3168
0, 10312, 103121139, 103122398, 1139, 2398
0, 10313, 103131139, 103132398, 1139, 2398
0, 10314, 103141139, 103142398, 1139, 2398
0, 10315, 103151139, 103152398, 1139, 2398
0, 10316, 103161139, 103162398, 1139, 2398
0, 10317, 103171139, 103172398, 1139, 2398
0, 10318, 103181139, 103183168, 1139, 3168
0, 10319, 103191139, 103192398, 1139, 2398
0, 1032, 10321139, 10322398, 1139, 2398
0, 10320, 103201139, 103202689, 1139, 2689
0, 10321, 103211139, 103212398, 1139, 2398
0, 10322, 103221139, 103222398, 1139, 2398
0, 10323, 103231139, 103232398, 1139, 2398
0, 10324, 103241139, 103242398, 1139, 2398
0, 10325, 103251139, 103253753, 1139, 3753
0, 10326, 103261139, 103262398, 1139, 2398
0, 10327, 103271139, 103272398, 1139, 2398
0, 10328, 103281139, 103282398, 1139, 2398
0, 10329, 103291139, 103292398, 1139, 2398
0, 1033, 10331139, 10332398, 1139, 2398
0, 10330, 103301139, 103302398, 1139, 2398
0, 10331, 103311139, 103312398, 1139, 2398
0, 10332, 103321139, 103323753, 1139, 3753
0, 10333, 103331139, 103332398, 1139, 2398
0, 10334, 103341139, 103342398, 1139, 2398
0, 10335, 103351139, 103352398, 1139, 2398
0, 10336, 103361139, 103364166, 1139, 4166
0, 10337, 103371139, 103372398, 1139, 2398
0, 10338, 103381139, 103382398, 1139, 2398
0, 10339, 103391139, 103393168, 1139, 3168
0, 1034, 10341139, 10342398, 1139, 2398
0, 10340, 103401139, 103402398, 1139, 2398
0, 10341, 103411139, 103412398, 1139, 2398
0, 10342, 103421139, 103422398, 1139, 2398
0, 10343, 103431139, 103432398, 1139, 2398
0, 10344, 103441139, 103442398, 1139, 2398
0, 10345, 103451139, 103452398, 1139, 2398
0, 10346, 103461139, 103463753, 1139, 3753
0, 10347, 103471139, 103472398, 1139, 2398
0, 10348, 103481139, 103482398, 1139, 2398
0, 10349, 103491139, 103492398, 1139, 2398
0, 1035, 10351139, 10352398, 1139, 2398
0, 10350, 103501139, 103502398, 1139, 2398
0, 10351, 103511139, 103512398, 1139, 2398
0, 10352, 103521139, 103522398, 1139, 2398
0, 10353, 103531139, 103533168, 1139, 3168
0, 10354, 103541139, 103542398, 1139, 2398
0, 10355, 103551139, 103552398, 1139, 2398
0, 10356, 103561139, 103562398, 1139, 2398
0, 10357, 103571139, 103572398, 1139, 2398
0, 10358, 103581139, 103582398, 1139, 2398
0, 10359, 103591139, 103592398, 1139, 2398
0, 1036, 10361139, 10365165, 1139, 5165
0, 10360, 103601139, 103605188, 1139, 5188
0, 10361, 103611139, 103614099, 1139, 4099
0, 10362, 103621139, 103622398, 1139, 2398
0, 10363, 103631139, 103632398, 1139, 2398
0, 10364, 103641139, 103642398, 1139, 2398
0, 10365, 103651139, 103652398, 1139, 2398
0, 10366, 103661139, 103662398, 1139, 2398
0, 10367, 103671139, 103673168, 1139, 3168
0, 10368, 103681139, 103682398, 1139, 2398
0, 10369, 103691139, 103692398, 1139, 2398
0, 1037, 10371139, 10372398, 1139, 2398
0, 10370, 103701139, 103702398, 1139, 2398
0, 10371, 103711139, 103712398, 1139, 2398
0, 10372, 103721139, 103722398, 1139, 2398
0, 10373, 103731139, 103732398, 1139, 2398
0, 10374, 103741139, 103743753, 1139, 3753
0, 10375, 103751139, 103752398, 1139, 2398
0, 10376, 103761139, 103762398, 1139, 2398
0, 10377, 103771139, 103772398, 1139, 2398
0, 10378, 103781139, 103782398, 1139, 2398
0, 10379, 103791139, 103792398, 1139, 2398
0, 1038, 10381139, 10382398, 1139, 2398
0, 10380, 103801139, 103802398, 1139, 2398
0, 10381, 103811139, 103813168, 1139, 3168
0, 10382, 103821139, 103822398, 1139, 2398
0, 10383, 103831139, 103832398, 1139, 2398
0, 10384, 103841139, 103842398, 1139, 2398
0, 10385, 103851139, 103852398, 1139, 2398
0, 10386, 103861139, 103862398, 1139, 2398
0, 10387, 103871139, 103872398, 1139, 2398
0, 10388, 103881139, 103883753, 1139, 3753
0, 10389, 103891139, 103892398, 1139, 2398
0, 1039, 10391139, 10392398, 1139, 2398
0, 10390, 103901139, 103902398, 1139, 2398
0, 10391, 103911139, 103912398, 1139, 2398
0, 10392, 103921139, 103922689, 1139, 2689
0, 10393, 103931139, 103932398, 1139, 2398
0, 10394, 103941139, 103942398, 1139, 2398
0, 10395, 103951139, 103953753, 1139, 3753
0, 10396, 103961139, 103962398, 1139, 2398
0, 10397, 103971139, 103972398, 1139, 2398
0, 10398, 103981139, 103982398, 1139, 2398
0, 10399, 103991139, 103992398, 1139, 2398
0, 104, 1041139, 1042398, 1139, 2398
0, 1040, 10401139, 10404166, 1139, 4166
0, 10400, 104001139, 104002398, 1139, 2398
0, 10401, 104011139, 104012398, 1139, 2398
0, 10402, 104021139, 104023168, 1139, 3168
0, 10403, 104031139, 104032398, 1139, 2398
0, 10404, 104041139, 104042398, 1139, 2398
0, 10405, 104051139, 104052398, 1139, 2398
0, 10406, 104061139, 104062398, 1139, 2398
0, 10407, 104071139, 104072398, 1139, 2398
0, 10408, 104081139, 104082398, 1139, 2398
0, 10409, 104091139, 104093168, 1139, 3168
0, 1041, 10411139, 10412398, 1139, 2398
0, 10410, 104101139, 104102398, 1139, 2398
0, 10411, 104111139, 104112398, 1139, 2398
0, 10412, 104121139, 104122398, 1139, 2398
0, 10413, 104131139, 104132398, 1139, 2398
0, 10414, 104141139, 104142398, 1139, 2398
0, 10415, 104151139, 104152398, 1139, 2398
0, 10416, 104161139, 104165188, 1139, 5188
0, 10417, 104171139, 104172398, 1139, 2398
0, 10418, 104181139, 104182398, 1139, 2398
0, 10419, 104191139, 104192398, 1139, 2398
0, 1042, 10421139, 10422398, 1139, 2398
0, 10420, 104201139, 104202398, 1139, 2398
0, 10421, 104211139, 104212398, 1139, 2398
0, 10422, 104221139, 104222398, 1139, 2398
0, 10423, 104231139, 104233168, 1139, 3168
0, 10424, 104241139, 104242398, 1139, 2398
0, 10425, 104251139, 104252398, 1139, 2398
0, 10426, 104261139, 104262398, 1139, 2398
0, 10427, 104271139, 104272398, 1139, 2398
0, 10428, 104281139, 104282398, 1139, 2398
0, 10429, 104291139, 104292398, 1139, 2398
0, 1043, 10431139, 10433168, 1139, 3168
0, 10430, 104301139, 104303753, 1139, 3753
0, 10431, 104311139, 104312398, 1139, 2398
0, 10432, 104321139, 104322398, 1139, 2398
0, 10433, 104331139, 104332398, 1139, 2398
0, 10434, 104341139, 104342398, 1139, 2398
0, 10435, 104351139, 104352398, 1139, 2398
0, 10436, 104361139, 104362398, 1139, 2398
0, 10437, 104371139, 104373168, 1139, 3168
0, 10438, 104381139, 104382398, 1139, 2398
0, 10439, 104391139, 104392398, 1139, 2398
0, 1044, 10441139, 10442398, 1139, 2398
0, 10440, 104401139, 104402689, 1139, 2689
0, 10441, 104411139, 104412398, 1139, 2398
0, 10442, 104421139, 104422398, 1139, 2398
0, 10443, 104431139, 104432398, 1139, 2398
0, 10444, 104441139, 104443753, 1139, 3753
0, 10445, 104451139, 104452398, 1139, 2398
0, 10446, 104461139, 104462398, 1139, 2398
0, 10447, 104471139, 104472398, 1139, 2398
0, 10448, 104481139, 104482398, 1139, 2398
0, 10449, 104491139, 104492398, 1139, 2398
0, 1045, 10451139, 10452398, 1139, 2398
0, 10450, 104501139, 104502398, 1139, 2398
0, 10451, 104511139, 104513168, 1139, 3168
0, 10452, 104521139, 104522398, 1139, 2398
0, 10453, 104531139, 104532398, 1139, 2398
0, 10454, 104541139, 104542398, 1139, 2398
0, 10455, 104551139, 104552398, 1139, 2398
0, 10456, 104561139, 104562398, 1139, 2398
0, 10457, 104571139, 104572398, 1139, 2398
0, 10458, 104581139, 104583168, 1139, 3168
0, 10459, 104591139, 104592398, 1139, 2398
0, 1046, 10461139, 10462398, 1139, 2398
0, 10460, 104601139, 104602398, 1139, 2398
0, 10461, 104611139, 104612398, 1139, 2398
0, 10462, 104621139, 104622398, 1139, 2398
0, 10463, 104631139, 104632398, 1139, 2398
0, 10464, 104641139, 104642398, 1139, 2398
0, 10465, 104651139, 104653753, 1139, 3753
0, 10466, 104661139, 104662398, 1139, 2398
0, 10467, 104671139, 104672398, 1139, 2398
0, 10468, 104681139, 104682398, 1139, 2398
0, 10469, 104691139, 104692398, 1139, 2398
0, 1047, 10471139, 10472398, 1139, 2398
0, 10470, 104701139, 104702398, 1139, 2398
0, 10471, 104711139, 104712398, 1139, 2398
0, 10472, 104721139, 104725188, 1139, 5188
0, 10473, 104731139, 104732398, 1139, 2398
0, 10474, 104741139, 104742398, 1139, 2398
0, 10475, 104751139, 104752398, 1139, 2398
0, 10476, 104761139, 104762398, 1139, 2398
0, 10477, 104771139, 104772398, 1139, 2398
0, 10478, 104781139, 104782398, 1139, 2398
0, 10479, 104791139, 104793753, 1139, 3753
0, 1048, 10481139, 10482398, 1139, 2398
0, 10480, 104801139, 104802398, 1139, 2398
0, 10481, 104811139, 104812398, 1139, 2398
0, 10482, 104821139, 104822398, 1139, 2398
0, 10483, 104831139, 104832398, 1139, 2398
0, 10484, 104841139, 104842398, 1139, 2398
0, 10485, 104851139, 104852398, 1139, 2398
0, 10486, 104861139, 104863168, 1139, 3168
0, 10487, 104871139, 104872398, 1139, 2398
0, 10488, 104881139, 104882689, 1139, 2689
0, 10489, 104891139, 104892398, 1139, 2398
0, 1049, 10491139, 10492398, 1139, 2398
0, 10490, 104901139, 104902398, 1139, 2398
0, 10491, 104911139, 104912398, 1139, 2398
0, 10492, 104921139, 104922398, 1139, 2398
0, 10493, 104931139, 104933168, 1139, 3168
0, 10494, 104941139, 104942398, 1139, 2398
0, 10495, 104951139, 104952398, 1139, 2398
0, 10496, 104961139, 104962398, 1139, 2398
0, 10497, 104971139, 104972398, 1139, 2398
0, 10498, 104981139, 104982398, 1139, 2398
0, 10499, 104991139, 104992398, 1139, 2398
0, 105, 1051139, 1054868, 1139, 4868
0, 1050, 10501139, 10503753, 1139, 3753
0, 10500, 105001139, 105004868, 1139, 4868
0, 10501, 105011139, 105012398, 1139, 2398
0, 10502, 105021139, 105022398, 1139, 2398
0, 10503, 105031139, 105032398, 1139, 2398
0, 10504, 105041139, 105042398, 1139, 2398
0, 10505, 105051139, 105052398, 1139, 2398
0, 10506, 105061139, 105062398, 1139, 2398
0, 10507, 105071139, 105073753, 1139, 3753
0, 10508, 105081139, 105082398, 1139, 2398
0, 10509, 105091139, 105092398, 1139, 2398
0, 1051, 10511139, 10512398, 1139, 2398
0, 10510, 105101139, 105102398, 1139, 2398
0, 10511, 105111139, 105112398, 1139, 2398
0, 10512, 105121139, 105122398, 1139, 2398
0, 10513, 105131139, 105132398, 1139, 2398
0, 10514, 105141139, 105143168, 1139, 3168
0, 10515, 105151139, 105152398, 1139, 2398
0, 10516, 105161139, 105162398, 1139, 2398
0, 10517, 105171139, 105172398, 1139, 2398
0, 10518, 105181139, 105182398, 1139, 2398
0, 10519, 105191139, 105192398, 1139, 2398
0, 1052, 10521139, 10522398, 1139, 2398
0, 10520, 105201139, 105202398, 1139, 2398
0, 10521, 105211139, 105213168, 1139, 3168
0, 10522, 105221139, 105222398, 1139, 2398
0, 10523, 105231139, 105232398, 1139, 2398
0, 10524, 105241139, 105242398, 1139, 2398
0, 10525, 105251139, 105252398, 1139, 2398
0, 10526, 105261139, 105262398, 1139, 2398
0, 10527, 105271139, 105272398, 1139, 2398
0, 10528, 105281139, 105285188, 1139, 5188
0, 10529, 105291139, 105292398, 1139, 2398
0, 1053, 10531139, 10532398, 1139, 2398
0, 10530, 105301139, 105302398, 1139, 2398
0, 10531, 105311139, 105312398, 1139, 2398
0, 10532, 105321139, 105322398, 1139, 2398
0, 10533, 105331139, 105332398, 1139, 2398
0, 10534, 105341139, 105342398, 1139, 2398
0, 10535, 105351139, 105353753, 1139, 3753
0, 10536, 105361139, 105362689, 1139, 2689
0, 10537, 105371139, 105372398, 1139, 2398
0, 10538, 105381139, 105382398, 1139, 2398
0, 10539, 105391139, 105392398, 1139, 2398
0, 1054, 10541139, 10542398, 1139, 2398
0, 10540, 105401139, 105402398, 1139, 2398
0, 10541, 105411139, 105412398, 1139, 2398
0, 10542, 105421139, 105423168, 1139, 3168
0, 10543, 105431139, 105432398, 1139, 2398
0, 10544, 105441139, 105442398, 1139, 2398
0, 10545, 105451139, 105452398, 1139, 2398
0, 10546, 105461139, 105462398, 1139, 2398
0, 10547, 105471139, 105472398, 1139, 2398
0, 10548, 105481139, 105482398, 1139, 2398
0, 10549, 105491139, 105493168, 1139, 3168
0, 1055, 10551139, 10552398, 1139, 2398
0, 10550, 105501139, 105502398, 1139, 2398
0, 10551, 105511139, 105512398, 1139, 2398
0, 10552, 105521139, 105522398, 1139, 2398
0, 10553, 105531139, 105532398, 1139, 2398
0, 10554, 105541139, 105542398, 1139, 2398
0, 10555, 105551139, 105552398, 1139, 2398
0, 10556, 105561139, 105563753, 1139, 3753
0, 10557, 105571139, 105572398, 1139, 2398
0, 10558, 105581139, 105582398, 1139, 2398
0, 10559, 105591139, 105592398, 1139, 2398
0, 1056, 10561139, 10562398, 1139, 2398
0, 10560, 105601139, 105604166, 1139, 4166
0, 10561, 105611139, 105612398, 1139, 2398
0, 10562, 105621139, 105622398, 1139, 2398
0, 10563, 105631139, 105633168, 1139, 3168
0, 10564, 105641139, 105642398, 1139, 2398
0, 10565, 105651139, 105652398, 1139, 2398
0, 10566, 105661139, 105662398, 1139, 2398
0, 10567, 105671139, 105672398, 1139, 2398
0, 10568, 105681139, 105682398, 1139, 2398
0, 10569, 105691139, 105692398, 1139, 2398
0, 1057, 10571139, 10573168, 1139, 3168
0, 10570, 105701139, 105703753, 1139, 3753
0, 10571, 105711139, 105712398, 1139, 2398
0, 10572, 105721139, 105722398, 1139, 2398
0, 10573, 105731139, 105732398, 1139, 2398
0, 10574, 105741139, 105742398, 1139, 2398
0, 10575, 105751139, 105752398, 1139, 2398
0, 10576, 105761139, 105762398, 1139, 2398
0, 10577, 105771139, 105773168, 1139, 3168
0, 10578, 105781139, 105782398, 1139, 2398
0, 10579, 105791139, 105792398, 1139, 2398
0, 1058, 10581139, 10582398, 1139, 2398
0, 10580, 105801139, 105802398, 1139, 2398
0, 10581, 105811139, 105812398, 1139, 2398
0, 10582, 105821139, 105822398, 1139, 2398
0, 10583, 105831139, 105832398, 1139, 2398
0, 10584, 105841139, 105845188, 1139, 5188
0, 10585, 105851139, 105852398, 1139, 2398
0, 10586, 105861139, 105862398, 1139, 2398
0, 10587, 105871139, 105872398, 1139, 2398
0, 10588, 105881139, 105882398, 1139, 2398
0, 10589, 105891139, 105892398, 1139, 2398
0, 1059, 10591139, 10592398, 1139, 2398
0, 10590, 105901139, 105902398, 1139, 2398
0, 10591, 105911139, 105913168, 1139, 3168
0, 10592, 105921139, 105922398, 1139, 2398
0, 10593, 105931139, 105932398, 1139, 2398
0, 10594, 105941139, 105942398, 1139, 2398
0, 10595, 105951139, 105952398, 1139, 2398
0, 10596, 105961139, 105962398, 1139, 2398
0, 10597, 105971139, 105972398, 1139, 2398
0, 10598, 105981139, 105983168, 1139, 3168
0, 10599, 105991139, 105992398, 1139, 2398
0, 106, 1061139, 1062398, 1139, 2398
0, 1060, 10601139, 10602398, 1139, 2398
0, 10600, 106001139, 106002398, 1139, 2398
0, 10601, 106011139, 106012398, 1139, 2398
0, 10602, 106021139, 106022398, 1139, 2398
0, 10603, 106031139, 106032398, 1139, 2398
0, 10604, 106041139, 106042398, 1139, 2398
0, 10605, 106051139, 106053753, 1139, 3753
0, 10606, 106061139, 106062398, 1139, 2398
0, 10607, 106071139, 106072398, 1139, 2398
0, 10608, 106081139, 106082398, 1139, 2398
0, 10609, 106091139, 106092398, 1139, 2398
0, 1061, 10611139, 10612398, 1139, 2398
0, 10610, 106101139, 106102398, 1139, 2398
0, 10611, 106111139, 106112398, 1139, 2398
0, 10612, 106121139, 106125165, 1139, 5165
0, 10613, 106131139, 106132398, 1139, 2398
0, 10614, 106141139, 106142398, 1139, 2398
0, 10615, 106151139, 106152398, 1139, 2398
0, 10616, 106161139, 106162398, 1139, 2398
0, 10617, 106171139, 106172398, 1139, 2398
0, 10618, 106181139, 106182398, 1139, 2398
0, 10619, 106191139, 106193168, 1139, 3168
0, 1062, 10621139, 10622398, 1139, 2398
0, 10620, 106201139, 106202398, 1139, 2398
0, 10621, 106211139, 106212398, 1139, 2398
0, 10622, 106221139, 106222398, 1139, 2398
0, 10623, 106231139, 106232398, 1139, 2398
0, 10624, 106241139, 106242398, 1139, 2398
0, 10625, 106251139, 106252398, 1139, 2398
0, 10626, 106261139, 106263168, 1139, 3168
0, 10627, 106271139, 106272398, 1139, 2398
0, 10628, 106281139, 106282398, 1139, 2398
0, 10629, 106291139, 106292398, 1139, 2398
0, 1063, 10631139, 10632398, 1139, 2398
0, 10630, 106301139, 106302398, 1139, 2398
0, 10631, 106311139, 106312398, 1139, 2398
0, 10632, 106321139, 106322398, 1139, 2398
0, 10633, 106331139, 106333168, 1139, 3168
0, 10634, 106341139, 106342398, 1139, 2398
0, 10635, 106351139, 106352398, 1139, 2398
0, 10636, 106361139, 106362398, 1139, 2398
0, 10637, 106371139, 106372398, 1139, 2398
0, 10638, 106381139, 106382398, 1139, 2398
0, 10639, 106391139, 106392398, 1139, 2398
0, 1064, 10641139, 10645914, 1139, 5914
0, 10640, 106401139, 106405914, 1139, 5914
0, 10641, 106411139, 106415630, 1139, 5630
0, 10642, 106421139, 106422398, 1139, 2398
0, 10643, 106431139, 106432398, 1139, 2398
0, 10644, 106441139, 106442398, 1139, 2398
0, 10645, 106451139, 106452398, 1139, 2398
0, 10646, 106461139, 106462398, 1139, 2398
0, 10647, 106471139, 106473168, 1139, 3168
0, 10648, 106481139, 106482398, 1139, 2398
0, 10649, 106491139, 106492398, 1139, 2398
0, 1065, 10651139, 10654900, 1139, 4900
0, 10650, 106501139, 106502398, 1139, 2398
0, 10651, 106511139, 106512398, 1139, 2398
0, 10652, 106521139, 106522398, 1139, 2398
0, 10653, 106531139, 106532398, 1139, 2398
0, 10654, 106541139, 106543168, 1139, 3168
0, 10655, 106551139, 106552398, 1139, 2398
0, 10656, 106561139, 106562398, 1139, 2398
0, 10657, 106571139, 106572398, 1139, 2398
0, 10658, 106581139, 106582398, 1139, 2398
0, 10659, 106591139, 106592398, 1139, 2398
0, 1066, 10661139, 10662398, 1139, 2398
0, 10660, 106601139, 106602398, 1139, 2398
0, 10661, 106611139, 106613168, 1139, 3168
0, 10662, 106621139, 106622398, 1139, 2398
0, 10663, 106631139, 106632398, 1139, 2398
0, 10664, 106641139, 106642398, 1139, 2398
0, 10665, 106651139, 106652398, 1139, 2398
0, 10666, 106661139, 106662398, 1139, 2398
0, 10667, 106671139, 106672398, 1139, 2398
0, 10668, 106681139, 106683753, 1139, 3753
0, 10669, 106691139, 106692398, 1139, 2398
0, 1067, 10671139, 10672398, 1139, 2398
0, 10670, 106701139, 106702398, 1139, 2398
0, 10671, 106711139, 106712398, 1139, 2398
0, 10672, 106721139, 106722398, 1139, 2398
0, 10673, 106731139, 106732398, 1139, 2398
0, 10674, 106741139, 106742398, 1139, 2398
0, 10675, 106751139, 106753753, 1139, 3753
0, 10676, 106761139, 106762398, 1139, 2398
0, 10677, 106771139, 106772398, 1139, 2398
0, 10678, 106781139, 106782398, 1139, 2398
0, 10679, 106791139, 106792398, 1139, 2398
0, 1068, 10681139, 10682398, 1139, 2398
0, 10680, 106801139, 106802689, 1139, 2689
0, 10681, 106811139, 106812398, 1139, 2398
0, 10682, 106821139, 106823168, 1139, 3168
0, 10683, 106831139, 106832398, 1139, 2398
0, 10684, 106841139, 106842398, 1139, 2398
0, 10685, 106851139, 106852398, 1139, 2398
0, 10686, 106861139, 106862398, 1139, 2398
0, 10687, 106871139, 106872398, 1139, 2398
0, 10688, 106881139, 106882398, 1139, 2398
0, 10689, 106891139, 106893168, 1139, 3168
0, 1069, 10691139, 10692398, 1139, 2398
0, 10690, 106901139, 106902398, 1139, 2398
0, 10691, 106911139, 106912398, 1139, 2398
0, 10692, 106921139, 106922398, 1139, 2398
0, 10693, 106931139, 106932398, 1139, 2398
0, 10694, 106941139, 106942398, 1139, 2398
0, 10695, 106951139, 106952398, 1139, 2398
0, 10696, 106961139, 106965188, 1139, 5188
0, 10697, 106971139, 106972398, 1139, 2398
0, 10698, 106981139, 106982398, 1139, 2398
0, 10699, 106991139, 106992398, 1139, 2398
0, 107, 1071139, 1072398, 1139, 2398
0, 1070, 10701139, 10702398, 1139, 2398
0, 10700, 107001139, 107002398, 1139, 2398
0, 10701, 107011139, 107012398, 1139, 2398
0, 10702, 107021139, 107022398, 1139, 2398
0, 10703, 107031139, 107033168, 1139, 3168
0, 10704, 107041139, 107042398, 1139, 2398
0, 10705, 107051139, 107052398, 1139, 2398
0, 10706, 107061139, 107062398, 1139, 2398
0, 10707, 107071139, 107072398, 1139, 2398
0, 10708, 107081139, 107082398, 1139, 2398
0, 10709, 107091139, 107092398, 1139, 2398
0, 1071, 10711139, 10713168, 1139, 3168
0, 10710, 107101139, 107103753, 1139, 3753
0, 10711, 107111139, 107112398, 1139, 2398
0, 10712, 107121139, 107122398, 1139, 2398
0, 10713, 107131139, 107132398, 1139, 2398
0, 10714, 107141139, 107142398, 1139, 2398
0, 10715, 107151139, 107152398, 1139, 2398
0, 10716, 107161139, 107162398, 1139, 2398
0, 10717, 107171139, 107173168, 1139, 3168
0, 10718, 107181139, 107182398, 1139, 2398
0, 10719, 107191139, 107192398, 1139, 2398
0, 1072, 10721139, 10722398, 1139, 2398
0, 10720, 107201139, 107202398, 1139, 2398
0, 10721, 107211139, 107212398, 1139, 2398
0, 10722, 107221139, 107222398, 1139, 2398
0, 10723, 107231139, 107232398, 1139, 2398
0, 10724, 107241139, 107243753, 1139, 3753
0, 10725, 107251139, 107252398, 1139, 2398
0, 10726, 107261139, 107262398, 1139, 2398
0, 10727, 107271139, 107272398, 1139, 2398
0, 10728, 107281139, 107282689, 1139, 2689
0, 10729, 107291139, 107292398, 1139, 2398
0, 1073, 10731139, 10732398, 1139, 2398
0, 10730, 107301139, 107302398, 1139, 2398
0, 10731, 107311139, 107313168, 1139, 3168
0, 10732, 107321139, 107322398, 1139, 2398
0, 10733, 107331139, 107332398, 1139, 2398
0, 10734, 107341139, 107342398, 1139, 2398
0, 10735, 107351139, 107352398, 1139, 2398
0, 10736, 107361139, 107362398, 1139, 2398
0, 10737, 107371139, 107372398, 1139, 2398
0, 10738, 107381139, 107383168, 1139, 3168
0, 10739, 107391139, 107392398, 1139, 2398
0, 1074, 10741139, 10742398, 1139, 2398
0, 10740, 107401139, 107402398, 1139, 2398
0, 10741, 107411139, 107412398, 1139, 2398
0, 10742, 107421139, 107422398, 1139, 2398
0, 10743, 107431139, 107432398, 1139, 2398
0, 10744, 107441139, 107442398, 1139, 2398
0, 10745, 107451139, 107454868, 1139, 4868
0, 10746, 107461139, 107462398, 1139, 2398
0, 10747, 107471139, 107472398, 1139, 2398
0, 10748, 107481139, 107482398, 1139, 2398
0, 10749, 107491139, 107492398, 1139, 2398
0, 1075, 10751139, 10752398, 1139, 2398
0, 10750, 107501139, 107502398, 1139, 2398
0, 10751, 107511139, 107512398, 1139, 2398
0, 10752, 107521139, 107525188, 1139, 5188
0, 10753, 107531139, 107534250, 1139, 4250
0, 10754, 107541139, 107542398, 1139, 2398
0, 10755, 107551139, 107552398, 1139, 2398
0, 10756, 107561139, 107562398, 1139, 2398
0, 10757, 107571139, 107572398, 1139, 2398
0, 10758, 107581139, 107582398, 1139, 2398
0, 10759, 107591139, 107593168, 1139, 3168
0, 1076, 10761139, 10762398, 1139, 2398
0, 10760, 107601139, 107602398, 1139, 2398
0, 10761, 107611139, 107612398, 1139, 2398
0, 10762, 107621139, 107622398, 1139, 2398
0, 10763, 107631139, 107632398, 1139, 2398
0, 10764, 107641139, 107642398, 1139, 2398
0, 10765, 107651139, 107652398, 1139, 2398
0, 10766, 107661139, 107663168, 1139, 3168
0, 10767, 107671139, 107672398, 1139, 2398
0, 10768, 107681139, 107682398, 1139, 2398
0, 10769, 107691139, 107692398, 1139, 2398
0, 1077, 10771139, 10772398, 1139, 2398
0, 10770, 107701139, 107702398, 1139, 2398
0, 10771, 107711139, 107712398, 1139, 2398
0, 10772, 107721139, 107722398, 1139, 2398
0, 10773, 107731139, 107733753, 1139, 3753
0, 10774, 107741139, 107742398, 1139, 2398
0, 10775, 107751139, 107752398, 1139, 2398
0, 10776, 107761139, 107762398, 1139, 2398
0, 10777, 107771139, 107772398, 1139, 2398
0, 10778, 107781139, 107782398, 1139, 2398
0, 10779, 107791139, 107792398, 1139, 2398
0, 1078, 10781139, 10783168, 1139, 3168
0, 10780, 107801139, 107804868, 1139, 4868
0, 10781, 107811139, 107812398, 1139, 2398
0, 10782, 107821139, 107822398, 1139, 2398
0, 10783, 107831139, 107832398, 1139, 2398
0, 10784, 107841139, 107842398, 1139, 2398
0, 10785, 107851139, 107852398, 1139, 2398
0, 10786, 107861139, 107862398, 1139, 2398
0, 10787, 107871139, 107873168, 1139, 3168
0, 10788, 107881139, 107882398, 1139, 2398
0, 10789, 107891139, 107892398, 1139, 2398
0, 1079, 10791139, 10792398, 1139, 2398
0, 10790, 107901139, 107902398, 1139, 2398
0, 10791, 107911139, 107912398, 1139, 2398
0, 10792, 107921139, 107922398, 1139, 2398
0, 10793, 107931139, 107932398, 1139, 2398
0, 10794, 107941139, 107943168, 1139, 3168
0, 10795, 107951139, 107952398, 1139, 2398
0, 10796, 107961139, 107962398, 1139, 2398
0, 10797, 107971139, 107972398, 1139, 2398
0, 10798, 107981139, 107982398, 1139, 2398
0, 10799, 107991139, 107992398, 1139, 2398
0, 108, 1081139, 1082398, 1139, 2398
0, 1080, 10801139, 10802689, 1139, 2689
0, 10800, 108001139, 108002689, 1139, 2689
0, 10801, 108011139, 108013168, 1139, 3168
0, 10802, 108021139, 108022398, 1139, 2398
0, 10803, 108031139, 108032398, 1139, 2398
0, 10804, 108041139, 108042398, 1139, 2398
0, 10805, 108051139, 108052398, 1139, 2398
0, 10806, 108061139, 108062398, 1139, 2398
0, 10807, 108071139, 108072398, 1139, 2398
0, 10808, 108081139, 108085188, 1139, 5188
0, 10809, 108091139, 108092398, 1139, 2398
0, 1081, 10811139, 10812398, 1139, 2398
0, 10810, 108101139, 108102398, 1139, 2398
0, 10811, 108111139, 108112398, 1139, 2398
0, 10812, 108121139, 108122398, 1139, 2398
0, 10813, 108131139, 108132398, 1139, 2398
0, 10814, 108141139, 108142398, 1139, 2398
0, 10815, 108151139, 108153753, 1139, 3753
0, 10816, 108161139, 108162398, 1139, 2398
0, 10817, 108171139, 108172398, 1139, 2398
0, 10818, 108181139, 108182398, 1139, 2398
0, 10819, 108191139, 108192398, 1139, 2398
0, 1082, 10821139, 10822398, 1139, 2398
0, 10820, 108201139, 108202398, 1139, 2398
0, 10821, 108211139, 108212398, 1139, 2398
0, 10822, 108221139, 108223168, 1139, 3168
0, 10823, 108231139, 108232398, 1139, 2398
0, 10824, 108241139, 108242398, 1139, 2398
0, 10825, 108251139, 108252398, 1139, 2398
0, 10826, 108261139, 108262398, 1139, 2398
0, 10827, 108271139, 108272398, 1139, 2398
0, 10828, 108281139, 108282398, 1139, 2398
0, 10829, 108291139, 108293168, 1139, 3168
0, 1083, 10831139, 10832398, 1139, 2398
0, 10830, 108301139, 108302398, 1139, 2398
0, 10831, 108311139, 108312398, 1139, 2398
0, 10832, 108321139, 108322398, 1139, 2398
0, 10833, 108331139, 108332398, 1139, 2398
0, 10834, 108341139, 108342398, 1139, 2398
0, 10835, 108351139, 108352398, 1139, 2398
0, 10836, 108361139, 108363753, 1139, 3753
0, 10837, 108371139, 108372398, 1139, 2398
0, 10838, 108381139, 108382398, 1139, 2398
0, 10839, 108391139, 108392398, 1139, 2398
0, 1084, 10841139, 10842398, 1139, 2398
0, 10840, 108401139, 108404868, 1139, 4868
0, 10841, 108411139, 108412398, 1139, 2398
0, 10842, 108421139, 108422398, 1139, 2398
0, 10843, 108431139, 108433168, 1139, 3168
0, 10844, 108441139, 108442398, 1139, 2398
0, 10845, 108451139, 108452398, 1139, 2398
0, 10846, 108461139, 108462398, 1139, 2398
0, 10847, 108471139, 108472398, 1139, 2398
0, 10848, 108481139, 108482398, 1139, 2398
0, 10849, 108491139, 108492398, 1139, 2398
0, 1085, 10851139, 10853753, 1139, 3753
0, 10850, 108501139, 108503753, 1139, 3753
0, 10851, 108511139, 108512398, 1139, 2398
0, 10852, 108521139, 108522398, 1139, 2398
0, 10853, 108531139, 108532398, 1139, 2398
0, 10854, 108541139, 108542398, 1139, 2398
0, 10855, 108551139, 108552398, 1139, 2398
0, 10856, 108561139, 108562398, 1139, 2398
0, 10857, 108571139, 108573168, 1139, 3168
0, 10858, 108581139, 108582398, 1139, 2398
0, 10859, 108591139, 108592398, 1139, 2398
0, 1086, 10861139, 10862398, 1139, 2398
0, 10860, 108601139, 108602398, 1139, 2398
0, 10861, 108611139, 108612398, 1139, 2398
0, 10862, 108621139, 108622398, 1139, 2398
0, 10863, 108631139, 108632398, 1139, 2398
0, 10864, 108641139, 108645188, 1139, 5188
0, 10865, 108651139, 108652398, 1139, 2398
0, 10866, 108661139, 108662398, 1139, 2398
0, 10867, 108671139, 108672398, 1139, 2398
0, 10868, 108681139, 108682398, 1139, 2398
0, 10869, 108691139, 108692398, 1139, 2398
0, 1087, 10871139, 10872398, 1139, 2398
0, 10870, 108701139, 108702398, 1139, 2398
0, 10871, 108711139, 108713168, 1139, 3168
0, 10872, 108721139, 108722398, 1139, 2398
0, 10873, 108731139, 108732398, 1139, 2398
0, 10874, 108741139, 108742398, 1139, 2398
0, 10875, 108751139, 108752398, 1139, 2398
0, 10876, 108761139, 108762398, 1139, 2398
0, 10877, 108771139, 108772398, 1139, 2398
0, 10878, 108781139, 108783753, 1139, 3753
0, 10879, 108791139, 108792398, 1139, 2398
0, 1088, 10881139, 10882398, 1139, 2398
0, 10880, 108801139, 108802398, 1139, 2398
0, 10881, 108811139, 108812398, 1139, 2398
0, 10882, 108821139, 108822398, 1139, 2398
0, 10883, 108831139, 108832398, 1139, 2398
0, 10884, 108841139, 108842398, 1139, 2398
0, 10885, 108851139, 108853753, 1139, 3753
0, 10886, 108861139, 108862398, 1139, 2398
0, 10887, 108871139, 108872398, 1139, 2398
0, 10888, 108881139, 108882398, 1139, 2398
0, 10889, 108891139, 108892398, 1139, 2398
0, 1089, 10891139, 10892398, 1139, 2398
0, 10890, 108901139, 108902398, 1139, 2398
0, 10891, 108911139, 108912398, 1139, 2398
0, 10892, 108921139, 108923753, 1139, 3753
0, 10893, 108931139, 108932398, 1139, 2398
0, 10894, 108941139, 108942398, 1139, 2398
0, 10895, 108951139, 108952398, 1139, 2398
0, 10896, 108961139, 108962689, 1139, 2689
0, 10897, 108971139, 108972398, 1139, 2398
0, 10898, 108981139, 108982398, 1139, 2398
0, 10899, 108991139, 108993168, 1139, 3168
0, 109, 1091139, 1092398, 1139, 2398
0, 1090, 10901139, 10902398, 1139, 2398
0, 10900, 109001139, 109002398, 1139, 2398
0, 10901, 109011139, 109012398, 1139, 2398
0, 10902, 109021139, 109022398, 1139, 2398
0, 10903, 109031139, 109032398, 1139, 2398
0, 10904, 109041139, 109042398, 1139, 2398
0, 10905, 109051139, 109052398, 1139, 2398
0, 10906, 109061139, 109063753, 1139, 3753
0, 10907, 109071139, 109072398, 1139, 2398
0, 10908, 109081139, 109082398, 1139, 2398
0, 10909, 109091139, 109092398, 1139, 2398
0, 1091, 10911139, 10912398, 1139, 2398
0, 10910, 109101139, 109102398, 1139, 2398
0, 10911, 109111139, 109112398, 1139, 2398
0, 10912, 109121139, 109122398, 1139, 2398
0, 10913, 109131139, 109133168, 1139, 3168
0, 10914, 109141139, 109142398, 1139, 2398
0, 10915, 109151139, 109152398, 1139, 2398
0, 10916, 109161139, 109162398, 1139, 2398
0, 10917, 109171139, 109172398, 1139, 2398
0, 10918, 109181139, 109182398, 1139, 2398
0, 10919, 109191139, 109192398, 1139, 2398
0, 1092, 10921139, 10923753, 1139, 3753
0, 10920, 109201139, 109205188, 1139, 5188
0, 10921, 109211139, 109212398, 1139, 2398
0, 10922, 109221139, 109222398, 1139, 2398
0, 10923, 109231139, 109232398, 1139, 2398
0, 10924, 109241139, 109242398, 1139, 2398
0, 10925, 109251139, 109252398, 1139, 2398
0, 10926, 109261139, 109262398, 1139, 2398
0, 10927, 109271139, 109273168, 1139, 3168
0, 10928, 109281139, 109282398, 1139, 2398
0, 10929, 109291139, 109292398, 1139, 2398
0, 1093, 10931139, 10933374, 1139, 3374
0, 10930, 109301139, 109302398, 1139, 2398
0, 10931, 109311139, 109312398, 1139, 2398
0, 10932, 109321139, 109322398, 1139, 2398
0, 10933, 109331139, 109332398, 1139, 2398
0, 10934, 109341139, 109343168, 1139, 3168
0, 10935, 109351139, 109352398, 1139, 2398
0, 10936, 109361139, 109362398, 1139, 2398
0, 10937, 109371139, 109372398, 1139, 2398
0, 10938, 109381139, 109382398, 1139, 2398
0, 10939, 109391139, 109392398, 1139, 2398
0, 1094, 10941139, 10942398, 1139, 2398
0, 10940, 109401139, 109402398, 1139, 2398
0, 10941, 109411139, 109413168, 1139, 3168
0, 10942, 109421139, 109422398, 1139, 2398
0, 10943, 109431139, 109432398, 1139, 2398
0, 10944, 109441139, 109442689, 1139, 2689
0, 10945, 109451139, 109452398, 1139, 2398
0, 10946, 109461139, 109462398, 1139, 2398
0, 10947, 109471139, 109472398, 1139, 2398
0, 10948, 109481139, 109483753, 1139, 3753
0, 10949, 109491139, 109492398, 1139, 2398
0, 1095, 10951139, 10952398, 1139, 2398
0, 10950, 109501139, 109502398, 1139, 2398
0, 10951, 109511139, 109512398, 1139, 2398
0, 10952, 109521139, 109522398, 1139, 2398
0, 10953, 109531139, 109532398, 1139, 2398
0, 10954, 109541139, 109542398, 1139, 2398
0, 10955, 109551139, 109553753, 1139, 3753
0, 10956, 109561139, 109562398, 1139, 2398
0, 10957, 109571139, 109572398, 1139, 2398
0, 10958, 109581139, 109582398, 1139, 2398
0, 10959, 109591139, 109592398, 1139, 2398
0, 1096, 10961139, 10962398, 1139, 2398
0, 10960, 109601139, 109602398, 1139, 2398
0, 10961, 109611139, 109612398, 1139, 2398
0, 10962, 109621139, 109623168, 1139, 3168
0, 10963, 109631139, 109632398, 1139, 2398
0, 10964, 109641139, 109642398, 1139, 2398
0, 10965, 109651139, 109652398, 1139, 2398
0, 10966, 109661139, 109662398, 1139, 2398
0, 10967, 109671139, 109672398, 1139, 2398
0, 10968, 109681139, 109682398, 1139, 2398
0, 10969, 109691139, 109693168, 1139, 3168
0, 1097, 10971139, 10972398, 1139, 2398
0, 10970, 109701139, 109702398, 1139, 2398
0, 10971, 109711139, 109712398, 1139, 2398
0, 10972, 109721139, 109722398, 1139, 2398
0, 10973, 109731139, 109733245, 1139, 3245
0, 10974, 109741139, 109742398, 1139, 2398
0, 10975, 109751139, 109752398, 1139, 2398
0, 10976, 109761139, 109765188, 1139, 5188
0, 10977, 109771139, 109772398, 1139, 2398
0, 10978, 109781139, 109782398, 1139, 2398
0, 10979, 109791139, 109792398, 1139, 2398
0, 1098, 10981139, 10982398, 1139, 2398
0, 10980, 109801139, 109802689, 1139, 2689
0, 10981, 109811139, 109812398, 1139, 2398
0, 10982, 109821139, 109822398, 1139, 2398
0, 10983, 109831139, 109833168, 1139, 3168
0, 10984, 109841139, 109842398, 1139, 2398
0, 10985, 109851139, 109852398, 1139, 2398
0, 10986, 109861139, 109862398, 1139, 2398
0, 10987, 109871139, 109872398, 1139, 2398
0, 10988, 109881139, 109882398, 1139, 2398
0, 10989, 109891139, 109892398, 1139, 2398
0, 1099, 10991139, 10993168, 1139, 3168
0, 10990, 109901139, 109903753, 1139, 3753
0, 10991, 109911139, 109912398, 1139, 2398
0, 10992, 109921139, 109922689, 1139, 2689
0, 10993, 109931139, 109932398, 1139, 2398
0, 10994, 109941139, 109942398, 1139, 2398
0, 10995, 109951139, 109952398, 1139, 2398
0, 10996, 109961139, 109962398, 1139, 2398
0, 10997, 109971139, 109973168, 1139, 3168
0, 10998, 109981139, 109982398, 1139, 2398
0, 10999, 109991139, 109992398, 1139, 2398
0, 11, 111139, 112398, 1139, 2398
0, 110, 1101139, 1102398, 1139, 2398
0, 1100, 11001139, 11002398, 1139, 2398
0, 11000, 110001139, 110002398, 1139, 2398
0, 11001, 110011139, 110012398, 1139, 2398
0, 11002, 110021139, 110022398, 1139, 2398
0, 11003, 110031139, 110032398, 1139, 2398
0, 11004, 110041139, 110043753, 1139, 3753
0, 11005, 110051139, 110052398, 1139, 2398
0, 11006, 110061139, 110062398, 1139, 2398
0, 11007, 110071139, 110072398, 1139, 2398
0, 11008, 110081139, 110082398, 1139, 2398
0, 11009, 110091139, 110092398, 1139, 2398
0, 1101, 11011139, 11012398, 1139, 2398
0, 11010, 110101139, 110102398, 1139, 2398
0, 11011, 110111139, 110113753, 1139, 3753
0, 11012, 110121139, 110122398, 1139, 2398
0, 11013, 110131139, 110132398, 1139, 2398
0, 11014, 110141139, 110142398, 1139, 2398
0, 11015, 110151139, 110152398, 1139, 2398
0, 11016, 110161139, 110162398, 1139, 2398
0, 11017, 110171139, 110172398, 1139, 2398
0, 11018, 110181139, 110183168, 1139, 3168
0, 11019, 110191139, 110192398, 1139, 2398
0, 1102, 11021139, 11022398, 1139, 2398
0, 11020, 110201139, 110202398, 1139, 2398
0, 11021, 110211139, 110212398, 1139, 2398
0, 11022, 110221139, 110222398, 1139, 2398
0, 11023, 110231139, 110232398, 1139, 2398
0, 11024, 110241139, 110242398, 1139, 2398
0, 11025, 110251139, 110253753, 1139, 3753
0, 11026, 110261139, 110262398, 1139, 2398
0, 11027, 110271139, 110272398, 1139, 2398
0, 11028, 110281139, 110282398, 1139, 2398
0, 11029, 110291139, 110292398, 1139, 2398
0, 1103, 11031139, 11032398, 1139, 2398
0, 11030, 110301139, 110302398, 1139, 2398
0, 11031, 110311139, 110312398, 1139, 2398
0, 11032, 110321139, 110325188, 1139, 5188
0, 11033, 110331139, 110334250, 1139, 4250
0, 11034, 110341139, 110342398, 1139, 2398
0, 11035, 110351139, 110352398, 1139, 2398
0, 11036, 110361139, 110362398, 1139, 2398
0, 11037, 110371139, 110372398, 1139, 2398
0, 11038, 110381139, 110382398, 1139, 2398
0, 11039, 110391139, 110393753, 1139, 3753
0, 1104, 11041139, 11042398, 1139, 2398
0, 11040, 110401139, 110402689, 1139, 2689
0, 11041, 110411139, 110412398, 1139, 2398
0, 11042, 110421139, 110422398, 1139, 2398
0, 11043, 110431139, 110432398, 1139, 2398
0, 11044, 110441139, 110442398, 1139, 2398
0, 11045, 110451139, 110452398, 1139, 2398
0, 11046, 110461139, 110463168, 1139, 3168
0, 11047, 110471139, 110472398, 1139, 2398
0, 11048, 110481139, 110482398, 1139, 2398
0, 11049, 110491139, 110492398, 1139, 2398
0, 1105, 11051139, 11052398, 1139, 2398
0, 11050, 110501139, 110502398, 1139, 2398
0, 11051, 110511139, 110512398, 1139, 2398
0, 11052, 110521139, 110522398, 1139, 2398
0, 11053, 110531139, 110533168, 1139, 3168
0, 11054, 110541139, 110542398, 1139, 2398
0, 11055, 110551139, 110552398, 1139, 2398
0, 11056, 110561139, 110562398, 1139, 2398
0, 11057, 110571139, 110572398, 1139, 2398
0, 11058, 110581139, 110582398, 1139, 2398
0, 11059, 110591139, 110592398, 1139, 2398
0, 1106, 11061139, 11063168, 1139, 3168
0, 11060, 110601139, 110604868, 1139, 4868
0, 11061, 110611139, 110612398, 1139, 2398
0, 11062, 110621139, 110622398, 1139, 2398
0, 11063, 110631139, 110632398, 1139, 2398
0, 11064, 110641139, 110642689, 1139, 2689
0, 11065, 110651139, 110652398, 1139, 2398
0, 11066, 110661139, 110662398, 1139, 2398
0, 11067, 110671139, 110673168, 1139, 3168
0, 11068, 110681139, 110682398, 1139, 2398
0, 11069, 110691139, 110692398, 1139, 2398
0, 1107, 11071139, 11072398, 1139, 2398
0, 11070, 110701139, 110702398, 1139, 2398
0, 11071, 110711139, 110712398, 1139, 2398
0, 11072, 110721139, 110722398, 1139, 2398
0, 11073, 110731139, 110732398, 1139, 2398
0, 11074, 110741139, 110743168, 1139, 3168
0, 11075, 110751139, 110752398, 1139, 2398
0, 11076, 110761139, 110762398, 1139, 2398
0, 11077, 110771139, 110772398, 1139, 2398
0, 11078, 110781139, 110782398, 1139, 2398
0, 11079, 110791139, 110792398, 1139, 2398
0, 1108, 11081139, 11082398, 1139, 2398
0, 11080, 110801139, 110802398, 1139, 2398
0, 11081, 110811139, 110813168, 1139, 3168
0, 11082, 110821139, 110822398, 1139, 2398
0, 11083, 110831139, 110832398, 1139, 2398
0, 11084, 110841139, 110842398, 1139, 2398
0, 11085, 110851139, 110852398, 1139, 2398
0, 11086, 110861139, 110862398, 1139, 2398
0, 11087, 110871139, 110872398, 1139, 2398
0, 11088, 110881139, 110885188, 1139, 5188
0, 11089, 110891139, 110892398, 1139, 2398
0, 1109, 11091139, 11092398, 1139, 2398
0, 11090, 110901139, 110902398, 1139, 2398
0, 11091, 110911139, 110912398, 1139, 2398
0, 11092, 110921139, 110922398, 1139, 2398
0, 11093, 110931139, 110932398, 1139, 2398
0, 11094, 110941139, 110942398, 1139, 2398
0, 11095, 110951139, 110953753, 1139, 3753
0, 11096, 110961139, 110962398, 1139, 2398
0, 11097, 110971139, 110972398, 1139, 2398
0, 11098, 110981139, 110982398, 1139, 2398
0, 11099, 110991139, 110992398, 1139, 2398
0, 111, 1111139, 1112398, 1139, 2398
0, 1110, 11101139, 11102398, 1139, 2398
0, 11100, 111001139, 111002398, 1139, 2398
0, 11101, 111011139, 111012398, 1139, 2398
0, 11102, 111021139, 111023168, 1139, 3168
0, 11103, 111031139, 111032398, 1139, 2398
0, 11104, 111041139, 111042398, 1139, 2398
0, 11105, 111051139, 111052398, 1139, 2398
0, 11106, 111061139, 111062398, 1139, 2398
0, 11107, 111071139, 111072398, 1139, 2398
0, 11108, 111081139, 111082398, 1139, 2398
0, 11109, 111091139, 111093168, 1139, 3168
0, 1111, 11111139, 11112398, 1139, 2398
0, 11110, 111101139, 111102398, 1139, 2398
0, 11111, 111111139, 111112398, 1139, 2398
0, 11112, 111121139, 111122398, 1139, 2398
0, 11113, 111131139, 111132398, 1139, 2398
0, 11114, 111141139, 111142398, 1139, 2398
0, 11115, 111151139, 111152398, 1139, 2398
0, 11116, 111161139, 111163753, 1139, 3753
0, 11117, 111171139, 111172398, 1139, 2398
0, 11118, 111181139, 111182398, 1139, 2398
0, 11119, 111191139, 111192398, 1139, 2398
0, 1112, 11121139, 11122398, 1139, 2398
0, 11120, 111201139, 111204166, 1139, 4166
0, 11121, 111211139, 111212398, 1139, 2398
0, 11122, 111221139, 111222398, 1139, 2398
0, 11123, 111231139, 111233168, 1139, 3168
0, 11124, 111241139, 111242398, 1139, 2398
0, 11125, 111251139, 111252398, 1139, 2398
0, 11126, 111261139, 111262398, 1139, 2398
0, 11127, 111271139, 111272398, 1139, 2398
0, 11128, 111281139, 111282398, 1139, 2398
0, 11129, 111291139, 111292398, 1139, 2398
0, 1113, 11131139, 11133168, 1139, 3168
0, 11130, 111301139, 111303753, 1139, 3753
0, 11131, 111311139, 111312398, 1139, 2398
0, 11132, 111321139, 111322398, 1139, 2398
0, 11133, 111331139, 111332398, 1139, 2398
0, 11134, 111341139, 111342398, 1139, 2398
0, 11135, 111351139, 111352398, 1139, 2398
0, 11136, 111361139, 111362398, 1139, 2398
0, 11137, 111371139, 111373168, 1139, 3168
0, 11138, 111381139, 111382398, 1139, 2398
0, 11139, 111391139, 111392398, 1139, 2398
0, 1114, 11141139, 11142398, 1139, 2398
0, 11140, 111401139, 111402398, 1139, 2398
0, 11141, 111411139, 111412398, 1139, 2398
0, 11142, 111421139, 111422398, 1139, 2398
0, 11143, 111431139, 111432398, 1139, 2398
0, 11144, 111441139, 111445188, 1139, 5188
0, 11145, 111451139, 111452398, 1139, 2398
0, 11146, 111461139, 111462398, 1139, 2398
0, 11147, 111471139, 111472398, 1139, 2398
0, 11148, 111481139, 111482398, 1139, 2398
0, 11149, 111491139, 111492398, 1139, 2398
0, 1115, 11151139, 11152398, 1139, 2398
0, 11150, 111501139, 111502398, 1139, 2398
0, 11151, 111511139, 111513168, 1139, 3168
0, 11152, 111521139, 111522398, 1139, 2398
0, 11153, 111531139, 111532398, 1139, 2398
0, 11154, 111541139, 111542398, 1139, 2398
0, 11155, 111551139, 111552398, 1139, 2398
0, 11156, 111561139, 111562398, 1139, 2398
0, 11157, 111571139, 111572398, 1139, 2398
0, 11158, 111581139, 111583168, 1139, 3168
0, 11159, 111591139, 111592398, 1139, 2398
0, 1116, 11161139, 11162398, 1139, 2398
0, 11160, 111601139, 111602689, 1139, 2689
0, 11161, 111611139, 111612398, 1139, 2398
0, 11162, 111621139, 111622398, 1139, 2398
0, 11163, 111631139, 111632398, 1139, 2398
0, 11164, 111641139, 111642398, 1139, 2398
0, 11165, 111651139, 111653753, 1139, 3753
0, 11166, 111661139, 111662398, 1139, 2398
0, 11167, 111671139, 111672398, 1139, 2398
0, 11168, 111681139, 111682398, 1139, 2398
0, 11169, 111691139, 111692398, 1139, 2398
0, 1117, 11171139, 11172398, 1139, 2398
0, 11170, 111701139, 111702398, 1139, 2398
0, 11171, 111711139, 111712398, 1139, 2398
0, 11172, 111721139, 111725914, 1139, 5914
0, 11173, 111731139, 111734868, 1139, 4868
0, 11174, 111741139, 111742398, 1139, 2398
0, 11175, 111751139, 111752398, 1139, 2398
0, 11176, 111761139, 111762398, 1139, 2398
0, 11177, 111771139, 111772398, 1139, 2398
0, 11178, 111781139, 111782398, 1139, 2398
0, 11179, 111791139, 111793168, 1139, 3168
0, 1118, 11181139, 11182398, 1139, 2398
0, 11180, 111801139, 111802398, 1139, 2398
0, 11181, 111811139, 111812398, 1139, 2398
0, 11182, 111821139, 111822398, 1139, 2398
0, 11183, 111831139, 111832398, 1139, 2398
0, 11184, 111841139, 111842398, 1139, 2398
0, 11185, 111851139, 111852398, 1139, 2398
0, 11186, 111861139, 111863168, 1139, 3168
0, 11187, 111871139, 111872398, 1139, 2398
0, 11188, 111881139, 111882398, 1139, 2398
0, 11189, 111891139, 111892398, 1139, 2398
0, 1119, 11191139, 11192398, 1139, 2398
0, 11190, 111901139, 111902398, 1139, 2398
0, 11191, 111911139, 111912398, 1139, 2398
0, 11192, 111921139, 111922398, 1139, 2398
0, 11193, 111931139, 111933168, 1139, 3168
0, 11194, 111941139, 111942398, 1139, 2398
0, 11195, 111951139, 111952398, 1139, 2398
0, 11196, 111961139, 111962398, 1139, 2398
0, 11197, 111971139, 111972398, 1139, 2398
0, 11198, 111981139, 111982398, 1139, 2398
0, 11199, 111991139, 111992398, 1139, 2398
0, 112, 1121139, 1125188, 1139, 5188
0, 1120, 11201139, 11205188, 1139, 5188
0, 11200, 112001139, 112005188, 1139, 5188
0, 11201, 112011139, 112014924, 1139, 4924
0, 11202, 112021139, 112022398, 1139, 2398
0, 11203, 112031139, 112032398, 1139, 2398
0, 11204, 112041139, 112042398, 1139, 2398
0, 11205, 112051139, 112052398, 1139, 2398
0, 11206, 112061139, 112062398, 1139, 2398
0, 11207, 112071139, 112073168, 1139, 3168
0, 11208, 112081139, 112082398, 1139, 2398
0, 11209, 112091139, 112092398, 1139, 2398
0, 1121, 11211139, 11214250, 1139, 4250
0, 11210, 112101139, 112102398, 1139, 2398
0, 11211, 112111139, 112112398, 1139, 2398
0, 11212, 112121139, 112122398, 1139, 2398
0, 11213, 112131139, 112132398, 1139, 2398
0, 11214, 112141139, 112143168, 1139, 3168
0, 11215, 112151139, 112152398, 1139, 2398
0, 11216, 112161139, 112162398, 1139, 2398
0, 11217, 112171139, 112172398, 1139, 2398
0, 11218, 112181139, 112182398, 1139, 2398
0, 11219, 112191139, 112192398, 1139, 2398
0, 1122, 11221139, 11222398, 1139, 2398
0, 11220, 112201139, 112202689, 1139, 2689
0, 11221, 112211139, 112213168, 1139, 3168
0, 11222, 112221139, 112222398, 1139, 2398
0, 11223, 112231139, 112232398, 1139, 2398
0, 11224, 112241139, 112242398, 1139, 2398
0, 11225, 112251139, 112252398, 1139, 2398
0, 11226, 112261139, 112262398, 1139, 2398
0, 11227, 112271139, 112272398, 1139, 2398
0, 11228, 112281139, 112283753, 1139, 3753
0, 11229, 112291139, 112292398, 1139, 2398
0, 1123, 11231139, 11232398, 1139, 2398
0, 11230, 112301139, 112302398, 1139, 2398
0, 11231, 112311139, 112312398, 1139, 2398
0, 11232, 112321139, 112322689, 1139, 2689
0, 11233, 112331139, 112332398, 1139, 2398
0, 11234, 112341139, 112342398, 1139, 2398
0, 11235, 112351139, 112353753, 1139, 3753
0, 11236, 112361139, 112362398, 1139, 2398
0, 11237, 112371139, 112372398, 1139, 2398
0, 11238, 112381139, 112382398, 1139, 2398
0, 11239, 112391139, 112392398, 1139, 2398
0, 1124, 11241139, 11242398, 1139, 2398
0, 11240, 112401139, 112402398, 1139, 2398
0, 11241, 112411139, 112412398, 1139, 2398
0, 11242, 112421139, 112423168, 1139, 3168
0, 11243, 112431139, 112432398, 1139, 2398
0, 11244, 112441139, 112442398, 1139, 2398
0, 11245, 112451139, 112452398, 1139, 2398
0, 11246, 112461139, 112462398, 1139, 2398
0, 11247, 112471139, 112472398, 1139, 2398
0, 11248, 112481139, 112482398, 1139, 2398
0, 11249, 112491139, 112493168, 1139, 3168
0, 1125, 11251139, 11252398, 1139, 2398
0, 11250, 112501139, 112502398, 1139, 2398
0, 11251, 112511139, 112512398, 1139, 2398
0, 11252, 112521139, 112522398, 1139, 2398
0, 11253, 112531139, 112532398, 1139, 2398
0, 11254, 112541139, 112542398, 1139, 2398
0, 11255, 112551139, 112552398, 1139, 2398
0, 11256, 112561139, 112565188, 1139, 5188
0, 11257, 112571139, 112572398, 1139, 2398
0, 11258, 112581139, 112582398, 1139, 2398
0, 11259, 112591139, 112592398, 1139, 2398
0, 1126, 11261139, 11262398, 1139, 2398
0, 11260, 112601139, 112602398, 1139, 2398
0, 11261, 112611139, 112612398, 1139, 2398
0, 11262, 112621139, 112622398, 1139, 2398
0, 11263, 112631139, 112633168, 1139, 3168
0, 11264, 112641139, 112642398, 1139, 2398
0, 11265, 112651139, 112652398, 1139, 2398
0, 11266, 112661139, 112662398, 1139, 2398
0, 11267, 112671139, 112672398, 1139, 2398
0, 11268, 112681139, 112682398, 1139, 2398
0, 11269, 112691139, 112692398, 1139, 2398
0, 1127, 11271139, 11273168, 1139, 3168
0, 11270, 112701139, 112703753, 1139, 3753
0, 11271, 112711139, 112712398, 1139, 2398
0, 11272, 112721139, 112722398, 1139, 2398
0, 11273, 112731139, 112732398, 1139, 2398
0, 11274, 112741139, 112742398, 1139, 2398
0, 11275, 112751139, 112752398, 1139, 2398
0, 11276, 112761139, 112762398, 1139, 2398
0, 11277, 112771139, 112773753, 1139, 3753
0, 11278, 112781139, 112782398, 1139, 2398
0, 11279, 112791139, 112792398, 1139, 2398
0, 1128, 11281139, 11282398, 1139, 2398
0, 11280, 112801139, 112802689, 1139, 2689
0, 11281, 112811139, 112812398, 1139, 2398
0, 11282, 112821139, 112822398, 1139, 2398
0, 11283, 112831139, 112832398, 1139, 2398
0, 11284, 112841139, 112843753, 1139, 3753
0, 11285, 112851139, 112852398, 1139, 2398
0, 11286, 112861139, 112862398, 1139, 2398
0, 11287, 112871139, 112872398, 1139, 2398
0, 11288, 112881139, 112882398, 1139, 2398
0, 11289, 112891139, 112892398, 1139, 2398
0, 1129, 11291139, 11292398, 1139, 2398
0, 11290, 112901139, 112902398, 1139, 2398
0, 11291, 112911139, 112913168, 1139, 3168
0, 11292, 112921139, 112922398, 1139, 2398
0, 11293, 112931139, 112932398, 1139, 2398
0, 11294, 112941139, 112942398, 1139, 2398
0, 11295, 112951139, 112952398, 1139, 2398
0, 11296, 112961139, 112962398, 1139, 2398
0, 11297, 112971139, 112972398, 1139, 2398
0, 11298, 112981139, 112983168, 1139, 3168
0, 11299, 112991139, 112992398, 1139, 2398
0, 113, 1131139, 1134250, 1139, 4250
0, 1130, 11301139, 11302398, 1139, 2398
0, 11300, 113001139, 113002398, 1139, 2398
0, 11301, 113011139, 113012398, 1139, 2398
0, 11302, 113021139, 113022398, 1139, 2398
0, 11303, 113031139, 113032398, 1139, 2398
0, 11304, 113041139, 113042398, 1139, 2398
0, 11305, 113051139, 113054868, 1139, 4868
0, 11306, 113061139, 113062398, 1139, 2398
0, 11307, 113071139, 113072398, 1139, 2398
0, 11308, 113081139, 113082398, 1139, 2398
0, 11309, 113091139, 113092398, 1139, 2398
0, 1131, 11311139, 11312398, 1139, 2398
0, 11310, 113101139, 113102398, 1139, 2398
0, 11311, 113111139, 113112398, 1139, 2398
0, 11312, 113121139, 113125188, 1139, 5188
0, 11313, 113131139, 113132398, 1139, 2398
0, 11314, 113141139, 113142398, 1139, 2398
0, 11315, 113151139, 113152398, 1139, 2398
0, 11316, 113161139, 113162398, 1139, 2398
0, 11317, 113171139, 113172398, 1139, 2398
0, 11318, 113181139, 113182398, 1139, 2398
0, 11319, 113191139, 113193168, 1139, 3168
0, 1132, 11321139, 11322398, 1139, 2398
0, 11320, 113201139, 113202398, 1139, 2398
0, 11321, 113211139, 113212398, 1139, 2398
0, 11322, 113221139, 113222398, 1139, 2398
0, 11323, 113231139, 113232398, 1139, 2398
0, 11324, 113241139, 113242398, 1139, 2398
0, 11325, 113251139, 113252398, 1139, 2398
0, 11326, 113261139, 113263168, 1139, 3168
0, 11327, 113271139, 113272398, 1139, 2398
0, 11328, 113281139, 113282398, 1139, 2398
0, 11329, 113291139, 113292398, 1139, 2398
0, 1133, 11331139, 11332398, 1139, 2398
0, 11330, 113301139, 113302398, 1139, 2398
0, 11331, 113311139, 113312398, 1139, 2398
0, 11332, 113321139, 113322398, 1139, 2398
0, 11333, 113331139, 113333168, 1139, 3168
0, 11334, 113341139, 113342398, 1139, 2398
0, 11335, 113351139, 113352398, 1139, 2398
0, 11336, 113361139, 113362398, 1139, 2398
0, 11337, 113371139, 113372398, 1139, 2398
0, 11338, 113381139, 113382398, 1139, 2398
0, 11339, 113391139, 113392398, 1139, 2398
0, 1134, 11341139, 11343168, 1139, 3168
0, 11340, 113401139, 113404868, 1139, 4868
0, 11341, 113411139, 113412398, 1139, 2398
0, 11342, 113421139, 113422398, 1139, 2398
0, 11343, 113431139, 113432398, 1139, 2398
0, 11344, 113441139, 113442398, 1139, 2398
0, 11345, 113451139, 113452398, 1139, 2398
0, 11346, 113461139, 113462398, 1139, 2398
0, 11347, 113471139, 113473168, 1139, 3168
0, 11348, 113481139, 113482398, 1139, 2398
0, 11349, 113491139, 113492398, 1139, 2398
0, 1135, 11351139, 11352398, 1139, 2398
0, 11350, 113501139, 113502398, 1139, 2398
0, 11351, 113511139, 113512398, 1139, 2398
0, 11352, 113521139, 113522398, 1139, 2398
0, 11353, 113531139, 113532398, 1139, 2398
0, 11354, 113541139, 113543168, 1139, 3168
0, 11355, 113551139, 113552398, 1139, 2398
0, 11356, 113561139, 113562398, 1139, 2398
0, 11357, 113571139, 113572398, 1139, 2398
0, 11358, 113581139, 113582398, 1139, 2398
0, 11359, 113591139, 113592398, 1139, 2398
0, 1136, 11361139, 11362398, 1139, 2398
0, 11360, 113601139, 113602398, 1139, 2398
0, 11361, 113611139, 113613168, 1139, 3168
0, 11362, 113621139, 113622398, 1139, 2398
0, 11363, 113631139, 113632398, 1139, 2398
0, 11364, 113641139, 113642398, 1139, 2398
0, 11365, 113651139, 113652398, 1139, 2398
0, 11366, 113661139, 113662398, 1139, 2398
0, 11367, 113671139, 113672398, 1139, 2398
0, 11368, 113681139, 113685188, 1139, 5188
0, 11369, 113691139, 113692398, 1139, 2398
0, 1137, 11371139, 11372398, 1139, 2398
0, 11370, 113701139, 113702398, 1139, 2398
0, 11371, 113711139, 113712398, 1139, 2398
0, 11372, 113721139, 113722398, 1139, 2398
0, 11373, 113731139, 113732398, 1139, 2398
0, 11374, 113741139, 113742398, 1139, 2398
0, 11375, 113751139, 113753753, 1139, 3753
0, 11376, 113761139, 113762398, 1139, 2398
0, 11377, 113771139, 113772398, 1139, 2398
0, 11378, 113781139, 113782398, 1139, 2398
0, 11379, 113791139, 113792398, 1139, 2398
0, 1138, 11381139, 11382398, 1139, 2398
0, 11380, 113801139, 113802398, 1139, 2398
0, 11381, 113811139, 113812398, 1139, 2398
0, 11382, 113821139, 113823168, 1139, 3168
0, 11383, 113831139, 113832398, 1139, 2398
0, 11384, 113841139, 113842398, 1139, 2398
0, 11385, 113851139, 113852398, 1139, 2398
0, 11386, 113861139, 113862398, 1139, 2398
0, 11387, 113871139, 113872398, 1139, 2398
0, 11388, 113881139, 113882398, 1139, 2398
0, 11389, 113891139, 113893168, 1139, 3168
0, 1139, 11391139, 11392398, 1139, 2398
0, 11390, 113901139, 113902398, 1139, 2398
0, 11391, 113911139, 113912398, 1139, 2398
0, 11392, 113921139, 113922398, 1139, 2398
0, 11393, 113931139, 113932398, 1139, 2398
0, 11394, 113941139, 113942398, 1139, 2398
0, 11395, 113951139, 113952398, 1139, 2398
0, 11396, 113961139, 113963753, 1139, 3753
0, 11397, 113971139, 113972398, 1139, 2398
0, 11398, 113981139, 113982398, 1139, 2398
0, 11399, 113991139, 113992398, 1139, 2398
0, 114, 1141139, 1142398, 1139, 2398
0, 1140, 11401139, 11402689, 1139, 2689
0, 11400, 114001139, 114004868, 1139, 4868
0, 11401, 114011139, 114012398, 1139, 2398
0, 11402, 114021139, 114022398, 1139, 2398
0, 11403, 114031139, 114033168, 1139, 3168
0, 11404, 114041139, 114042398, 1139, 2398
0, 11405, 114051139, 114052398, 1139, 2398
0, 11406, 114061139, 114062398, 1139, 2398
0, 11407, 114071139, 114072398, 1139, 2398
0, 11408, 114081139, 114082398, 1139, 2398
0, 11409, 114091139, 114092398, 1139, 2398
0, 1141, 11411139, 11413168, 1139, 3168
0, 11410, 114101139, 114104868, 1139, 4868
0, 11411, 114111139, 114112398, 1139, 2398
0, 11412, 114121139, 114122398, 1139, 2398
0, 11413, 114131139, 114132398, 1139, 2398
0, 11414, 114141139, 114142398, 1139, 2398
0, 11415, 114151139, 114152398, 1139, 2398
0, 11416, 114161139, 114162398, 1139, 2398
0, 11417, 114171139, 114173168, 1139, 3168
0, 11418, 114181139, 114182398, 1139, 2398
0, 11419, 114191139, 114192398, 1139, 2398
0, 1142, 11421139, 11422398, 1139, 2398
0, 11420, 114201139, 114202398, 1139, 2398
0, 11421, 114211139, 114212398, 1139, 2398
0, 11422, 114221139, 114222398, 1139, 2398
0, 11423, 114231139, 114232398, 1139, 2398
0, 11424, 114241139, 114245188, 1139, 5188
0, 11425, 114251139, 114252398, 1139, 2398
0, 11426, 114261139, 114262398, 1139, 2398
0, 11427, 114271139, 114272398, 1139, 2398
0, 11428, 114281139, 114282398, 1139, 2398
0, 11429, 114291139, 114292398, 1139, 2398
0, 1143, 11431139, 11432398, 1139, 2398
0, 11430, 114301139, 114302398, 1139, 2398
0, 11431, 114311139, 114313168, 1139, 3168
0, 11432, 114321139, 114322398, 1139, 2398
0, 11433, 114331139, 114332398, 1139, 2398
0, 11434, 114341139, 114342398, 1139, 2398
0, 11435, 114351139, 114352398, 1139, 2398
0, 11436, 114361139, 114362398, 1139, 2398
0, 11437, 114371139, 114372398, 1139, 2398
0, 11438, 114381139, 114383753, 1139, 3753
0, 11439, 114391139, 114392398, 1139, 2398
0, 1144, 11441139, 11442398, 1139, 2398
0, 11440, 114401139, 114402398, 1139, 2398
0, 11441, 114411139, 114412398, 1139, 2398
0, 11442, 114421139, 114422398, 1139, 2398
0, 11443, 114431139, 114432398, 1139, 2398
0, 11444, 114441139, 114442398, 1139, 2398
0, 11445, 114451139, 114453753, 1139, 3753
0, 11446, 114461139, 114462398, 1139, 2398
0, 11447, 114471139, 114472398, 1139, 2398
0, 11448, 114481139, 114482689, 1139, 2689
0, 11449, 114491139, 114492398, 1139, 2398
0, 1145, 11451139, 11452398, 1139, 2398
0, 11450, 114501139, 114502398, 1139, 2398
0, 11451, 114511139, 114512398, 1139, 2398
0, 11452, 114521139, 114523753, 1139, 3753
0, 11453, 114531139, 114532398, 1139, 2398
0, 11454, 114541139, 114542398, 1139, 2398
0, 11455, 114551139, 114552398, 1139, 2398
0, 11456, 114561139, 114562398, 1139, 2398
0, 11457, 114571139, 114572398, 1139, 2398
0, 11458, 114581139, 114582398, 1139, 2398
0, 11459, 114591139, 114593168, 1139, 3168
0, 1146, 11461139, 11462398, 1139, 2398
0, 11460, 114601139, 114602398, 1139, 2398
0, 11461, 114611139, 114612398, 1139, 2398
0, 11462, 114621139, 114622398, 1139, 2398
0, 11463, 114631139, 114632398, 1139, 2398
0, 11464, 114641139, 114642398, 1139, 2398
0, 11465, 114651139, 114652398, 1139, 2398
0, 11466, 114661139, 114663168, 1139, 3168
0, 11467, 114671139, 114672398, 1139, 2398
0, 11468, 114681139, 114682398, 1139, 2398
0, 11469, 114691139, 114692398, 1139, 2398
0, 1147, 11471139, 11472398, 1139, 2398
0, 11470, 114701139, 114702398, 1139, 2398
0, 11471, 114711139, 114712398, 1139, 2398
0, 11472, 114721139, 114722398, 1139, 2398
0, 11473, 114731139, 114733168, 1139, 3168
0, 11474, 114741139, 114742398, 1139, 2398
0, 11475, 114751139, 114752398, 1139, 2398
0, 11476, 114761139, 114762398, 1139, 2398
0, 11477, 114771139, 114772398, 1139, 2398
0, 11478, 114781139, 114782398, 1139, 2398
0, 11479, 114791139, 114792398, 1139, 2398
0, 1148, 11481139, 11483753, 1139, 3753
0, 11480, 114801139, 114805188, 1139, 5188
0, 11481, 114811139, 114812398, 1139, 2398
0, 11482, 114821139, 114822398, 1139, 2398
0, 11483, 114831139, 114832398, 1139, 2398
0, 11484, 114841139, 114842398, 1139, 2398
0, 11485, 114851139, 114852398, 1139, 2398
0, 11486, 114861139, 114862398, 1139, 2398
0, 11487, 114871139, 114873168, 1139, 3168
0, 11488, 114881139, 114882398, 1139, 2398
0, 11489, 114891139, 114892398, 1139, 2398
0, 1149, 11491139, 11492398, 1139, 2398
0, 11490, 114901139, 114902398, 1139, 2398
0, 11491, 114911139, 114912398, 1139, 2398
0, 11492, 114921139, 114922398, 1139, 2398
0, 11493, 114931139, 114932398, 1139, 2398
0, 11494, 114941139, 114943168, 1139, 3168
0, 11495, 114951139, 114952398, 1139, 2398
0, 11496, 114961139, 114962398, 1139, 2398
0, 11497, 114971139, 114972398, 1139, 2398
0, 11498, 114981139, 114982398, 1139, 2398
0, 11499, 114991139, 114992398, 1139, 2398
0, 115, 1151139, 1152398, 1139, 2398
0, 1150, 11501139, 11502398, 1139, 2398
0, 11500, 115001139, 115002398, 1139, 2398
0, 11501, 115011139, 115013168, 1139, 3168
0, 11502, 115021139, 115022398, 1139, 2398
0, 11503, 115031139, 115032398, 1139, 2398
0, 11504, 115041139, 115042398, 1139, 2398
0, 11505, 115051139, 115052689, 1139, 2689
0, 11506, 115061139, 115062398, 1139, 2398
0, 11507, 115071139, 115072398, 1139, 2398
0, 11508, 115081139, 115083753, 1139, 3753
0, 11509, 115091139, 115092398, 1139, 2398
0, 1151, 11511139, 11512398, 1139, 2398
0, 11510, 115101139, 115102398, 1139, 2398
0, 11511, 115111139, 115112398, 1139, 2398
0, 11512, 115121139, 115122398, 1139, 2398
0, 11513, 115131139, 115132398, 1139, 2398
0, 11514, 115141139, 115142398, 1139, 2398
0, 11515, 115151139, 115153753, 1139, 3753
0, 11516, 115161139, 115162398, 1139, 2398
0, 11517, 115171139, 115172398, 1139, 2398
0, 11518, 115181139, 115182398, 1139, 2398
0, 11519, 115191139, 115192398, 1139, 2398
0, 1152, 11521139, 11522689, 1139, 2689
0, 11520, 115201139, 115202689, 1139, 2689
0, 11521, 115211139, 115212398, 1139, 2398
0, 11522, 115221139, 115223168, 1139, 3168
0, 11523, 115231139, 115232398, 1139, 2398
0, 11524, 115241139, 115242398, 1139, 2398
0, 11525, 115251139, 115252398, 1139, 2398
0, 11526, 115261139, 115262398, 1139, 2398
0, 11527, 115271139, 115272398, 1139, 2398
0, 11528, 115281139, 115282398, 1139, 2398
0, 11529, 115291139, 115293168, 1139, 3168
0, 1153, 11531139, 11532398, 1139, 2398
0, 11530, 115301139, 115302398, 1139, 2398
0, 11531, 115311139, 115312398, 1139, 2398
0, 11532, 115321139, 115322398, 1139, 2398
0, 11533, 115331139, 115332398, 1139, 2398
0, 11534, 115341139, 115342398, 1139, 2398
0, 11535, 115351139, 115352398, 1139, 2398
0, 11536, 115361139, 115365188, 1139, 5188
0, 11537, 115371139, 115372398, 1139, 2398
0, 11538, 115381139, 115382398, 1139, 2398
0, 11539, 115391139, 115392398, 1139, 2398
0, 1154, 11541139, 11542398, 1139, 2398
0, 11540, 115401139, 115402398, 1139, 2398
0, 11541, 115411139, 115412398, 1139, 2398
0, 11542, 115421139, 115422398, 1139, 2398
0, 11543, 115431139, 115433753, 1139, 3753
0, 11544, 115441139, 115442398, 1139, 2398
0, 11545, 115451139, 115452398, 1139, 2398
0, 11546, 115461139, 115462398, 1139, 2398
0, 11547, 115471139, 115472398, 1139, 2398
0, 11548, 115481139, 115482398, 1139, 2398
0, 11549, 115491139, 115492398, 1139, 2398
0, 1155, 11551139, 11553753, 1139, 3753
0, 11550, 115501139, 115503753, 1139, 3753
0, 11551, 115511139, 115512398, 1139, 2398
0, 11552, 115521139, 115522398, 1139, 2398
0, 11553, 115531139, 115532398, 1139, 2398
0, 11554, 115541139, 115542398, 1139, 2398
0, 11555, 115551139, 115552398, 1139, 2398
0, 11556, 115561139, 115562398, 1139, 2398
0, 11557, 115571139, 115573168, 1139, 3168
0, 11558, 115581139, 115582398, 1139, 2398
0, 11559, 115591139, 115592398, 1139, 2398
0, 1156, 11561139, 11562398, 1139, 2398
0, 11560, 115601139, 115602398, 1139, 2398
0, 11561, 115611139, 115612398, 1139, 2398
0, 11562, 115621139, 115622398, 1139, 2398
0, 11563, 115631139, 115632398, 1139, 2398
0, 11564, 115641139, 115643753, 1139, 3753
0, 11565, 115651139, 115652398, 1139, 2398
0, 11566, 115661139, 115662398, 1139, 2398
0, 11567, 115671139, 115672398, 1139, 2398
0, 11568, 115681139, 115682689, 1139, 2689
0, 11569, 115691139, 115692398, 1139, 2398
0, 1157, 11571139, 11572398, 1139, 2398
0, 11570, 115701139, 115702398, 1139, 2398
0, 11571, 115711139, 115713753, 1139, 3753
0, 11572, 115721139, 115722398, 1139, 2398
0, 11573, 115731139, 115732398, 1139, 2398
0, 11574, 115741139, 115742398, 1139, 2398
0, 11575, 115751139, 115752398, 1139, 2398
0, 11576, 115761139, 115762398, 1139, 2398
0, 11577, 115771139, 115772398, 1139, 2398
0, 11578, 115781139, 115783168, 1139, 3168
0, 11579, 115791139, 115792398, 1139, 2398
0, 1158, 11581139, 11582398, 1139, 2398
0, 11580, 115801139, 115802398, 1139, 2398
0, 11581, 115811139, 115812398, 1139, 2398
0, 11582, 115821139, 115822398, 1139, 2398
0, 11583, 115831139, 115832398, 1139, 2398
0, 11584, 115841139, 115842398, 1139, 2398
0, 11585, 115851139, 115853753, 1139, 3753
0, 11586, 115861139, 115862398, 1139, 2398
0, 11587, 115871139, 115872398, 1139, 2398
0, 11588, 115881139, 115882398, 1139, 2398
0, 11589, 115891139, 115892398, 1139, 2398
0, 1159, 11591139, 11592398, 1139, 2398
0, 11590, 115901139, 115902398, 1139, 2398
0, 11591, 115911139, 115912398, 1139, 2398
0, 11592, 115921139, 115925188, 1139, 5188
0, 11593, 115931139, 115934250, 1139, 4250
0, 11594, 115941139, 115942398, 1139, 2398
0, 11595, 115951139, 115952398, 1139, 2398
0, 11596, 115961139, 115962398, 1139, 2398
0, 11597, 115971139, 115972398, 1139, 2398
0, 11598, 115981139, 115982398, 1139, 2398
0, 11599, 115991139, 115993168, 1139, 3168
0, 116, 1161139, 1162398, 1139, 2398
0, 1160, 11601139, 11602398, 1139, 2398
0, 11600, 116001139, 116004868, 1139, 4868
0, 11601, 116011139, 116012398, 1139, 2398
0, 11602, 116021139, 116022398, 1139, 2398
0, 11603, 116031139, 116032398, 1139, 2398
0, 11604, 116041139, 116042398, 1139, 2398
0, 11605, 116051139, 116052398, 1139, 2398
0, 11606, 116061139, 116063168, 1139, 3168
0, 11607, 116071139, 116072398, 1139, 2398
0, 11608, 116081139, 116082398, 1139, 2398
0, 11609, 116091139, 116092398, 1139, 2398
0, 1161, 11611139, 11612398, 1139, 2398
0, 11610, 116101139, 116102398, 1139, 2398
0, 11611, 116111139, 116112398, 1139, 2398
0, 11612, 116121139, 116122398, 1139, 2398
0, 11613, 116131139, 116133168, 1139, 3168
0, 11614, 116141139, 116142398, 1139, 2398
0, 11615, 116151139, 116152398, 1139, 2398
0, 11616, 116161139, 116162398, 1139, 2398
0, 11617, 116171139, 116172398, 1139, 2398
0, 11618, 116181139, 116182398, 1139, 2398
0, 11619, 116191139, 116192398, 1139, 2398
0, 1162, 11621139, 11623168, 1139, 3168
0, 11620, 116201139, 116204868, 1139, 4868
0, 11621, 116211139, 116212398, 1139, 2398
0, 11622, 116221139, 116222398, 1139, 2398
0, 11623, 116231139, 116232398, 1139, 2398
0, 11624, 116241139, 116242398, 1139, 2398
0, 11625, 116251139, 116252398, 1139, 2398
0, 11626, 116261139, 116262398, 1139, 2398
0, 11627, 116271139, 116273168, 1139, 3168
0, 11628, 116281139, 116282398, 1139, 2398
0, 11629, 116291139, 116292398, 1139, 2398
0, 1163, 11631139, 11632398, 1139, 2398
0, 11630, 116301139, 116302398, 1139, 2398
0, 11631, 116311139, 116312398, 1139, 2398
0, 11632, 116321139, 116322398, 1139, 2398
0, 11633, 116331139, 116332398, 1139, 2398
0, 11634, 116341139, 116343168, 1139, 3168
0, 11635, 116351139, 116352398, 1139, 2398
0, 11636, 116361139, 116362398, 1139, 2398
0, 11637, 116371139, 116372398, 1139, 2398
0, 11638, 116381139, 116382534, 1139, 2534
0, 11639, 116391139, 116392398, 1139, 2398
0, 1164, 11641139, 11642398, 1139, 2398
0, 11640, 116401139, 116402689, 1139, 2689
0, 11641, 116411139, 116413168, 1139, 3168
0, 11642, 116421139, 116422398, 1139, 2398
0, 11643, 116431139, 116432398, 1139, 2398
0, 11644, 116441139, 116442398, 1139, 2398
0, 11645, 116451139, 116452398, 1139, 2398
0, 11646, 116461139, 116462398, 1139, 2398
0, 11647, 116471139, 116472398, 1139, 2398
0, 11648, 116481139, 116485188, 1139, 5188
0, 11649, 116491139, 116492398, 1139, 2398
0, 1165, 11651139, 11652398, 1139, 2398
0, 11650, 116501139, 116502398, 1139, 2398
0, 11651, 116511139, 116512398, 1139, 2398
0, 11652, 116521139, 116522398, 1139, 2398
0, 11653, 116531139, 116532398, 1139, 2398
0, 11654, 116541139, 116542398, 1139, 2398
0, 11655, 116551139, 116553753, 1139, 3753
0, 11656, 116561139, 116562398, 1139, 2398
0, 11657, 116571139, 116572398, 1139, 2398
0, 11658, 116581139, 116582398, 1139, 2398
0, 11659, 116591139, 116592398, 1139, 2398
0, 1166, 11661139, 11662398, 1139, 2398
0, 11660, 116601139, 116602398, 1139, 2398
0, 11661, 116611139, 116612398, 1139, 2398
0, 11662, 116621139, 116623168, 1139, 3168
0, 11663, 116631139, 116632398, 1139, 2398
0, 11664, 116641139, 116642398, 1139, 2398
0, 11665, 116651139, 116652398, 1139, 2398
0, 11666, 116661139, 116662398, 1139, 2398
0, 11667, 116671139, 116672398, 1139, 2398
0, 11668, 116681139, 116682398, 1139, 2398
0, 11669, 116691139, 116693168, 1139, 3168
0, 1167, 11671139, 11672398, 1139, 2398
0, 11670, 116701139, 116702398, 1139, 2398
0, 11671, 116711139, 116712398, 1139, 2398
0, 11672, 116721139, 116722398, 1139, 2398
0, 11673, 116731139, 116732398, 1139, 2398
0, 11674, 116741139, 116742398, 1139, 2398
0, 11675, 116751139, 116752398, 1139, 2398
0, 11676, 116761139, 116765165, 1139, 5165
0, 11677, 116771139, 116772398, 1139, 2398
0, 11678, 116781139, 116782398, 1139, 2398
0, 11679, 116791139, 116792398, 1139, 2398
0, 1168, 11681139, 11682398, 1139, 2398
0, 11680, 116801139, 116804166, 1139, 4166
0, 11681, 116811139, 116812398, 1139, 2398
0, 11682, 116821139, 116822398, 1139, 2398
0, 11683, 116831139, 116833168, 1139, 3168
0, 11684, 116841139, 116842398, 1139, 2398
0, 11685, 116851139, 116852398, 1139, 2398
0, 11686, 116861139, 116862398, 1139, 2398
0, 11687, 116871139, 116872398, 1139, 2398
0, 11688, 116881139, 116882398, 1139, 2398
0, 11689, 116891139, 116892398, 1139, 2398
0, 1169, 11691139, 11693753, 1139, 3753
0, 11690, 116901139, 116903753, 1139, 3753
0, 11691, 116911139, 116912398, 1139, 2398
0, 11692, 116921139, 116922398, 1139, 2398
0, 11693, 116931139, 116932398, 1139, 2398
0, 11694, 116941139, 116942398, 1139, 2398
0, 11695, 116951139, 116952398, 1139, 2398
0, 11696, 116961139, 116962398, 1139, 2398
0, 11697, 116971139, 116973168, 1139, 3168
0, 11698, 116981139, 116982398, 1139, 2398
0, 11699, 116991139, 116992398, 1139, 2398
0, 117, 1171139, 1172398, 1139, 2398
0, 1170, 11701139, 11702398, 1139, 2398
0, 11700, 117001139, 117002398, 1139, 2398
0, 11701, 117011139, 117012398, 1139, 2398
0, 11702, 117021139, 117022398, 1139, 2398
0, 11703, 117031139, 117032398, 1139, 2398
0, 11704, 117041139, 117045914, 1139, 5914
0, 11705, 117051139, 117054868, 1139, 4868
0, 11706, 117061139, 117062398, 1139, 2398
0, 11707, 117071139, 117072398, 1139, 2398
0, 11708, 117081139, 117082398, 1139, 2398
0, 11709, 117091139, 117092398, 1139, 2398
0, 1171, 11711139, 11712398, 1139, 2398
0, 11710, 117101139, 117102398, 1139, 2398
0, 11711, 117111139, 117113168, 1139, 3168
0, 11712, 117121139, 117122398, 1139, 2398
0, 11713, 117131139, 117132398, 1139, 2398
0, 11714, 117141139, 117142398, 1139, 2398
0, 11715, 117151139, 117152398, 1139, 2398
0, 11716, 117161139, 117162398, 1139, 2398
0, 11717, 117171139, 117172398, 1139, 2398
0, 11718, 117181139, 117183168, 1139, 3168
0, 11719, 117191139, 117192398, 1139, 2398
0, 1172, 11721139, 11722398, 1139, 2398
0, 11720, 117201139, 117202398, 1139, 2398
0, 11721, 117211139, 117212398, 1139, 2398
0, 11722, 117221139, 117222398, 1139, 2398
0, 11723, 117231139, 117232398, 1139, 2398
0, 11724, 117241139, 117242398, 1139, 2398
0, 11725, 117251139, 117253753, 1139, 3753
0, 11726, 117261139, 117262398, 1139, 2398
0, 11727, 117271139, 117272398, 1139, 2398
0, 11728, 117281139, 117282398, 1139, 2398
0, 11729, 117291139, 117292398, 1139, 2398
0, 1173, 11731139, 11732398, 1139, 2398
0, 11730, 117301139, 117302398, 1139, 2398
0, 11731, 117311139, 117312398, 1139, 2398
0, 11732, 117321139, 117323753, 1139, 3753
0, 11733, 117331139, 117333277, 1139, 3277
0, 11734, 117341139, 117342398, 1139, 2398
0, 11735, 117351139, 117352398, 1139, 2398
0, 11736, 117361139, 117362689, 1139, 2689
0, 11737, 117371139, 117372398, 1139, 2398
0, 11738, 117381139, 117382398, 1139, 2398
0, 11739, 117391139, 117393168, 1139, 3168
0, 1174, 11741139, 11742398, 1139, 2398
0, 11740, 117401139, 117402398, 1139, 2398
0, 11741, 117411139, 117412398, 1139, 2398
0, 11742, 117421139, 117422398, 1139, 2398
0, 11743, 117431139, 117432398, 1139, 2398
0, 11744, 117441139, 117442398, 1139, 2398
0, 11745, 117451139, 117452398, 1139, 2398
0, 11746, 117461139, 117463168, 1139, 3168
0, 11747, 117471139, 117472398, 1139, 2398
0, 11748, 117481139, 117482398, 1139, 2398
0, 11749, 117491139, 117492398, 1139, 2398
0, 1175, 11751139, 11752398, 1139, 2398
0, 11750, 117501139, 117502398, 1139, 2398
0, 11751, 117511139, 117512398, 1139, 2398
0, 11752, 117521139, 117522398, 1139, 2398
0, 11753, 117531139, 117533168, 1139, 3168
0, 11754, 117541139, 117542398, 1139, 2398
0, 11755, 117551139, 117552398, 1139, 2398
0, 11756, 117561139, 117562398, 1139, 2398
0, 11757, 117571139, 117572398, 1139, 2398
0, 11758, 117581139, 117582398, 1139, 2398
0, 11759, 117591139, 117592398, 1139, 2398
0, 1176, 11761139, 11765188, 1139, 5188
0, 11760, 117601139, 117605188, 1139, 5188
0, 11761, 117611139, 117612398, 1139, 2398
0, 11762, 117621139, 117622398, 1139, 2398
0, 11763, 117631139, 117632398, 1139, 2398
0, 11764, 117641139, 117642398, 1139, 2398
0, 11765, 117651139, 117652398, 1139, 2398
0, 11766, 117661139, 117662398, 1139, 2398
0, 11767, 117671139, 117673168, 1139, 3168
0, 11768, 117681139, 117682398, 1139, 2398
0, 11769, 117691139, 117692398, 1139, 2398
0, 1177, 11771139, 11772398, 1139, 2398
0, 11770, 117701139, 117702398, 1139, 2398
0, 11771, 117711139, 117712398, 1139, 2398
0, 11772, 117721139, 117722398, 1139, 2398
0, 11773, 117731139, 117732398, 1139, 2398
0, 11774, 117741139, 117743168, 1139, 3168
0, 11775, 117751139, 117752398, 1139, 2398
0, 11776, 117761139, 117762398, 1139, 2398
0, 11777, 117771139, 117772398, 1139, 2398
0, 11778, 117781139, 117782398, 1139, 2398
0, 11779, 117791139, 117792398, 1139, 2398
0, 1178, 11781139, 11782398, 1139, 2398
0, 11780, 117801139, 117802398, 1139, 2398
0, 11781, 117811139, 117813168, 1139, 3168
0, 11782, 117821139, 117822398, 1139, 2398
0, 11783, 117831139, 117832398, 1139, 2398
0, 11784, 117841139, 117842398, 1139, 2398
0, 11785, 117851139, 117852398, 1139, 2398
0, 11786, 117861139, 117862398, 1139, 2398
0, 11787, 117871139, 117872398, 1139, 2398
0, 11788, 117881139, 117883753, 1139, 3753
0, 11789, 117891139, 117892398, 1139, 2398
0, 1179, 11791139, 11792398, 1139, 2398
0, 11790, 117901139, 117902398, 1139, 2398
0, 11791, 117911139, 117912398, 1139, 2398
0, 11792, 117921139, 117922398, 1139, 2398
0, 11793, 117931139, 117932398, 1139, 2398
0, 11794, 117941139, 117942398, 1139, 2398
0, 11795, 117951139, 117953753, 1139, 3753
0, 11796, 117961139, 117962398, 1139, 2398
0, 11797, 117971139, 117972398, 1139, 2398
0, 11798, 117981139, 117982398, 1139, 2398
0, 11799, 117991139, 117992398, 1139, 2398
0, 118, 1181139, 1182398, 1139, 2398
0, 1180, 11801139, 11802398, 1139, 2398
0, 11800, 118001139, 118002398, 1139, 2398
0, 11801, 118011139, 118012398, 1139, 2398
0, 11802, 118021139, 118023168, 1139, 3168
0, 11803, 118031139, 118032398, 1139, 2398
0, 11804, 118041139, 118042398, 1139, 2398
0, 11805, 118051139, 118052398, 1139, 2398
0, 11806, 118061139, 118062398, 1139, 2398
0, 11807, 118071139, 118072398, 1139, 2398
0, 11808, 118081139, 118082398, 1139, 2398
0, 11809, 118091139, 118093753, 1139, 3753
0, 1181, 11811139, 11812398, 1139, 2398
0, 11810, 118101139, 118102398, 1139, 2398
0, 11811, 118111139, 118112398, 1139, 2398
0, 11812, 118121139, 118122398, 1139, 2398
0, 11813, 118131139, 118132398, 1139, 2398
0, 11814, 118141139, 118142398, 1139, 2398
0, 11815, 118151139, 118152398, 1139, 2398
0, 11816, 118161139, 118165188, 1139, 5188
0, 11817, 118171139, 118172398, 1139, 2398
0, 11818, 118181139, 118182398, 1139, 2398
0, 11819, 118191139, 118192398, 1139, 2398
0, 1182, 11821139, 11822398, 1139, 2398
0, 11820, 118201139, 118202689, 1139, 2689
0, 11821, 118211139, 118212398, 1139, 2398
0, 11822, 118221139, 118222398, 1139, 2398
0, 11823, 118231139, 118233168, 1139, 3168
0, 11824, 118241139, 118242398, 1139, 2398
0, 11825, 118251139, 118252398, 1139, 2398
0, 11826, 118261139, 118262398, 1139, 2398
0, 11827, 118271139, 118272398, 1139, 2398
0, 11828, 118281139, 118282398, 1139, 2398
0, 11829, 118291139, 118292398, 1139, 2398
0, 1183, 11831139, 11833168, 1139, 3168
0, 11830, 118301139, 118303753, 1139, 3753
0, 11831, 118311139, 118312398, 1139, 2398
0, 11832, 118321139, 118322398, 1139, 2398
0, 11833, 118331139, 118332398, 1139, 2398
0, 11834, 118341139, 118342398, 1139, 2398
0, 11835, 118351139, 118352398, 1139, 2398
0, 11836, 118361139, 118362398, 1139, 2398
0, 11837, 118371139, 118373753, 1139, 3753
0, 11838, 118381139, 118382398, 1139, 2398
0, 11839, 118391139, 118392398, 1139, 2398
0, 1184, 11841139, 11842398, 1139, 2398
0, 11840, 118401139, 118402398, 1139, 2398
0, 11841, 118411139, 118412398, 1139, 2398
0, 11842, 118421139, 118422398, 1139, 2398
0, 11843, 118431139, 118432398, 1139, 2398
0, 11844, 118441139, 118443753, 1139, 3753
0, 11845, 118451139, 118452398, 1139, 2398
0, 11846, 118461139, 118462398, 1139, 2398
0, 11847, 118471139, 118472398, 1139, 2398
0, 11848, 118481139, 118482398, 1139, 2398
0, 11849, 118491139, 118492398, 1139, 2398
0, 1185, 11851139, 11852398, 1139, 2398
0, 11850, 118501139, 118502398, 1139, 2398
0, 11851, 118511139, 118513168, 1139, 3168
0, 11852, 118521139, 118522398, 1139, 2398
0, 11853, 118531139, 118532398, 1139, 2398
0, 11854, 118541139, 118542398, 1139, 2398
0, 11855, 118551139, 118552398, 1139, 2398
0, 11856, 118561139, 118562689, 1139, 2689
0, 11857, 118571139, 118572398, 1139, 2398
0, 11858, 118581139, 118583168, 1139, 3168
0, 11859, 118591139, 118592398, 1139, 2398
0, 1186, 11861139, 11862398, 1139, 2398
0, 11860, 118601139, 118602398, 1139, 2398
0, 11861, 118611139, 118612398, 1139, 2398
0, 11862, 118621139, 118622398, 1139, 2398
0, 11863, 118631139, 118632398, 1139, 2398
0, 11864, 118641139, 118642398, 1139, 2398
0, 11865, 118651139, 118653753, 1139, 3753
0, 11866, 118661139, 118662398, 1139, 2398
0, 11867, 118671139, 118672398, 1139, 2398
0, 11868, 118681139, 118682398, 1139, 2398
0, 11869, 118691139, 118692398, 1139, 2398
0, 1187, 11871139, 11872398, 1139, 2398
0, 11870, 118701139, 118702398, 1139, 2398
0, 11871, 118711139, 118712398, 1139, 2398
0, 11872, 118721139, 118725188, 1139, 5188
0, 11873, 118731139, 118734250, 1139, 4250
0, 11874, 118741139, 118742398, 1139, 2398
0, 11875, 118751139, 118752398, 1139, 2398
0, 11876, 118761139, 118762398, 1139, 2398
0, 11877, 118771139, 118772398, 1139, 2398
0, 11878, 118781139, 118782398, 1139, 2398
0, 11879, 118791139, 118793168, 1139, 3168
0, 1188, 11881139, 11882398, 1139, 2398
0, 11880, 118801139, 118802689, 1139, 2689
0, 11881, 118811139, 118812398, 1139, 2398
0, 11882, 118821139, 118822398, 1139, 2398
0, 11883, 118831139, 118832398, 1139, 2398
0, 11884, 118841139, 118842398, 1139, 2398
0, 11885, 118851139, 118852398, 1139, 2398
0, 11886, 118861139, 118863168, 1139, 3168
0, 11887, 118871139, 118872398, 1139, 2398
0, 11888, 118881139, 118882398, 1139, 2398
0, 11889, 118891139, 118892398, 1139, 2398
0, 1189, 11891139, 11892398, 1139, 2398
0, 11890, 118901139, 118902398, 1139, 2398
0, 11891, 118911139, 118912398, 1139, 2398
0, 11892, 118921139, 118922398, 1139, 2398
0, 11893, 118931139, 118933168, 1139, 3168
0, 11894, 118941139, 118942398, 1139, 2398
0, 11895, 118951139, 118952398, 1139, 2398
0, 11896, 118961139, 118962398, 1139, 2398
0, 11897, 118971139, 118972398, 1139, 2398
0, 11898, 118981139, 118982398, 1139, 2398
0, 11899, 118991139, 118992398, 1139, 2398
0, 119, 1191139, 1193168, 1139, 3168
0, 1190, 11901139, 11903753, 1139, 3753
0, 11900, 119001139, 119004868, 1139, 4868
0, 11901, 119011139, 119012398, 1139, 2398
0, 11902, 119021139, 119022398, 1139, 2398
0, 11903, 119031139, 119032398, 1139, 2398
0, 11904, 119041139, 119044166, 1139, 4166
0, 11905, 119051139, 119052398, 1139, 2398
0, 11906, 119061139, 119062398, 1139, 2398
0, 11907, 119071139, 119073168, 1139, 3168
0, 11908, 119081139, 119082398, 1139, 2398
0, 11909, 119091139, 119092398, 1139, 2398
0, 1191, 11911139, 11912398, 1139, 2398
0, 11910, 119101139, 119102398, 1139, 2398
0, 11911, 119111139, 119112398, 1139, 2398
0, 11912, 119121139, 119122398, 1139, 2398
0, 11913, 119131139, 119132398, 1139, 2398
0, 11914, 119141139, 119143168, 1139, 3168
0, 11915, 119151139, 119152398, 1139, 2398
0, 11916, 119161139, 119162398, 1139, 2398
0, 11917, 119171139, 119172398, 1139, 2398
0, 11918, 119181139, 119182398, 1139, 2398
0, 11919, 119191139, 119192398, 1139, 2398
0, 1192, 11921139, 11922398, 1139, 2398
0, 11920, 119201139, 119202398, 1139, 2398
0, 11921, 119211139, 119213168, 1139, 3168
0, 11922, 119221139, 119222398, 1139, 2398
0, 11923, 119231139, 119232398, 1139, 2398
0, 11924, 119241139, 119242398, 1139, 2398
0, 11925, 119251139, 119252398, 1139, 2398
0, 11926, 119261139, 119262398, 1139, 2398
0, 11927, 119271139, 119272398, 1139, 2398
0, 11928, 119281139, 119285188, 1139, 5188
0, 11929, 119291139, 119292398, 1139, 2398
0, 1193, 11931139, 11932398, 1139, 2398
0, 11930, 119301139, 119302398, 1139, 2398
0, 11931, 119311139, 119312398, 1139, 2398
0, 11932, 119321139, 119322398, 1139, 2398
0, 11933, 119331139, 119332398, 1139, 2398
0, 11934, 119341139, 119342398, 1139, 2398
0, 11935, 119351139, 119353753, 1139, 3753
0, 11936, 119361139, 119362398, 1139, 2398
0, 11937, 119371139, 119372398, 1139, 2398
0, 11938, 119381139, 119382398, 1139, 2398
0, 11939, 119391139, 119392398, 1139, 2398
0, 1194, 11941139, 11942398, 1139, 2398
0, 11940, 119401139, 119402398, 1139, 2398
0, 11941, 119411139, 119412398, 1139, 2398
0, 11942, 119421139, 119423753, 1139, 3753
0, 11943, 119431139, 119432398, 1139, 2398
0, 11944, 119441139, 119442398, 1139, 2398
0, 11945, 119451139, 119452398, 1139, 2398
0, 11946, 119461139, 119462398, 1139, 2398
0, 11947, 119471139, 119472398, 1139, 2398
0, 11948, 119481139, 119482398, 1139, 2398
0, 11949, 119491139, 119493168, 1139, 3168
0, 1195, 11951139, 11952398, 1139, 2398
0, 11950, 119501139, 119502398, 1139, 2398
0, 11951, 119511139, 119512398, 1139, 2398
0, 11952, 119521139, 119522398, 1139, 2398
0, 11953, 119531139, 119532398, 1139, 2398
0, 11954, 119541139, 119542398, 1139, 2398
0, 11955, 119551139, 119552398, 1139, 2398
0, 11956, 119561139, 119563753, 1139, 3753
0, 11957, 119571139, 119572398, 1139, 2398
0, 11958, 119581139, 119582398, 1139, 2398
0, 11959, 119591139, 119592398, 1139, 2398
0, 1196, 11961139, 11962398, 1139, 2398
0, 11960, 119601139, 119604166, 1139, 4166
0, 11961, 119611139, 119612398, 1139, 2398
0, 11962, 119621139, 119622398, 1139, 2398
0, 11963, 119631139, 119633168, 1139, 3168
0, 11964, 119641139, 119642398, 1139, 2398
0, 11965, 119651139, 119652398, 1139, 2398
0, 11966, 119661139, 119662398, 1139, 2398
0, 11967, 119671139, 119672398, 1139, 2398
0, 11968, 119681139, 119682398, 1139, 2398
0, 11969, 119691139, 119692398, 1139, 2398
0, 1197, 11971139, 11973753, 1139, 3753
0, 11970, 119701139, 119704868, 1139, 4868
0, 11971, 119711139, 119712398, 1139, 2398
0, 11972, 119721139, 119722398, 1139, 2398
0, 11973, 119731139, 119732398, 1139, 2398
0, 11974, 119741139, 119742398, 1139, 2398
0, 11975, 119751139, 119752398, 1139, 2398
0, 11976, 119761139, 119762398, 1139, 2398
0, 11977, 119771139, 119773168, 1139, 3168
0, 11978, 119781139, 119782398, 1139, 2398
0, 11979, 119791139, 119792398, 1139, 2398
0, 1198, 11981139, 11982398, 1139, 2398
0, 11980, 119801139, 119802398, 1139, 2398
0, 11981, 119811139, 119812398, 1139, 2398
0, 11982, 119821139, 119822398, 1139, 2398
0, 11983, 119831139, 119832398, 1139, 2398
0, 11984, 119841139, 119845188, 1139, 5188
0, 11985, 119851139, 119852398, 1139, 2398
0, 11986, 119861139, 119862398, 1139, 2398
0, 11987, 119871139, 119872398, 1139, 2398
0, 11988, 119881139, 119882398, 1139, 2398
0, 11989, 119891139, 119892398, 1139, 2398
0, 1199, 11991139, 11992398, 1139, 2398
0, 11990, 119901139, 119902398, 1139, 2398
0, 11991, 119911139, 119913168, 1139, 3168
0, 11992, 119921139, 119922398, 1139, 2398
0, 11993, 119931139, 119932398, 1139, 2398
0, 11994, 119941139, 119942398, 1139, 2398
0, 11995, 119951139, 119952398, 1139, 2398
0, 11996, 119961139, 119962398, 1139, 2398
0, 11997, 119971139, 119972398, 1139, 2398
0, 11998, 119981139, 119983168, 1139, 3168
0, 11999, 119991139, 119992398, 1139, 2398
0, 12, 121139, 122398, 1139, 2398
0, 120, 1201139, 1202689, 1139, 2689
0, 1200, 12001139, 12002689, 1139, 2689
0, 12000, 120001139, 120002689, 1139, 2689
0, 12001, 120011139, 120012398, 1139, 2398
0, 12002, 120021139, 120022398, 1139, 2398
0, 12003, 120031139, 120032398, 1139, 2398
0, 12004, 120041139, 120042398, 1139, 2398
0, 12005, 120051139, 120053753, 1139, 3753
0, 12006, 120061139, 120062398, 1139, 2398
0, 12007, 120071139, 120072398, 1139, 2398
0, 12008, 120081139, 120082398, 1139, 2398
0, 12009, 120091139, 120092398, 1139, 2398
0, 1201, 12011139, 12012398, 1139, 2398
0, 12010, 120101139, 120102398, 1139, 2398
0, 12011, 120111139, 120112398, 1139, 2398
0, 12012, 120121139, 120123753, 1139, 3753
0, 12013, 120131139, 120132398, 1139, 2398
0, 12014, 120141139, 120142398, 1139, 2398
0, 12015, 120151139, 120152398, 1139, 2398
0, 12016, 120161139, 120162398, 1139, 2398
0, 12017, 120171139, 120172398, 1139, 2398
0, 12018, 120181139, 120182398, 1139, 2398
0, 12019, 120191139, 120193168, 1139, 3168
0, 1202, 12021139, 12022398, 1139, 2398
0, 12020, 120201139, 120202398, 1139, 2398
0, 12021, 120211139, 120212398, 1139, 2398
0, 12022, 120221139, 120222398, 1139, 2398
0, 12023, 120231139, 120232398, 1139, 2398
0, 12024, 120241139, 120242398, 1139, 2398
0, 12025, 120251139, 120252398, 1139, 2398
0, 12026, 120261139, 120263168, 1139, 3168
0, 12027, 120271139, 120272398, 1139, 2398
0, 12028, 120281139, 120282398, 1139, 2398
0, 12029, 120291139, 120292398, 1139, 2398
0, 1203, 12031139, 12032398, 1139, 2398
0, 12030, 120301139, 120302398, 1139, 2398
0, 12031, 120311139, 120312398, 1139, 2398
0, 12032, 120321139, 120322398, 1139, 2398
0, 12033, 120331139, 120333168, 1139, 3168
0, 12034, 120341139, 120342398, 1139, 2398
0, 12035, 120351139, 120352398, 1139, 2398
0, 12036, 120361139, 120362398, 1139, 2398
0, 12037, 120371139, 120372398, 1139, 2398
0, 12038, 120381139, 120382398, 1139, 2398
0, 12039, 120391139, 120392398, 1139, 2398
0, 1204, 12041139, 12043753, 1139, 3753
0, 12040, 120401139, 120405188, 1139, 5188
0, 12041, 120411139, 120414099, 1139, 4099
0, 12042, 120421139, 120422398, 1139, 2398
0, 12043, 120431139, 120432398, 1139, 2398
0, 12044, 120441139, 120442398, 1139, 2398
0, 12045, 120451139, 120452398, 1139, 2398
0, 12046, 120461139, 120462398, 1139, 2398
0, 12047, 120471139, 120473168, 1139, 3168
0, 12048, 120481139, 120482398, 1139, 2398
0, 12049, 120491139, 120492398, 1139, 2398
0, 1205, 12051139, 12052398, 1139, 2398
0, 12050, 120501139, 120502398, 1139, 2398
0, 12051, 120511139, 120512398, 1139, 2398
0, 12052, 120521139, 120522398, 1139, 2398
0, 12053, 120531139, 120532398, 1139, 2398
0, 12054, 120541139, 120543168, 1139, 3168
0, 12055, 120551139, 120552398, 1139, 2398
0, 12056, 120561139, 120562398, 1139, 2398
0, 12057, 120571139, 120572398, 1139, 2398
0, 12058, 120581139, 120582398, 1139, 2398
0, 12059, 120591139, 120592398, 1139, 2398
0, 1206, 12061139, 12062398, 1139, 2398
0, 12060, 120601139, 120602398, 1139, 2398
0, 12061, 120611139, 120613168, 1139, 3168
0, 12062, 120621139, 120622398, 1139, 2398
0, 12063, 120631139, 120632398, 1139, 2398
0, 12064, 120641139, 120642398, 1139, 2398
0, 12065, 120651139, 120652398, 1139, 2398
0, 12066, 120661139, 120662398, 1139, 2398
0, 12067, 120671139, 120672398, 1139, 2398
0, 12068, 120681139, 120683753, 1139, 3753
0, 12069, 120691139, 120692398, 1139, 2398
0, 1207, 12071139, 12072398, 1139, 2398
0, 12070, 120701139, 120702398, 1139, 2398
0, 12071, 120711139, 120712398, 1139, 2398
0, 12072, 120721139, 120722689, 1139, 2689
0, 12073, 120731139, 120732398, 1139, 2398
0, 12074, 120741139, 120742398, 1139, 2398
0, 12075, 120751139, 120754868, 1139, 4868
0, 12076, 120761139, 120762398, 1139, 2398
0, 12077, 120771139, 120772398, 1139, 2398
0, 12078, 120781139, 120782398, 1139, 2398
0, 12079, 120791139, 120792398, 1139, 2398
0, 1208, 12081139, 12082398, 1139, 2398
0, 12080, 120801139, 120802398, 1139, 2398
0, 12081, 120811139, 120812398, 1139, 2398
0, 12082, 120821139, 120823168, 1139, 3168
0, 12083, 120831139, 120832398, 1139, 2398
0, 12084, 120841139, 120842398, 1139, 2398
0, 12085, 120851139, 120852398, 1139, 2398
0, 12086, 120861139, 120862398, 1139, 2398
0, 12087, 120871139, 120872398, 1139, 2398
0, 12088, 120881139, 120882398, 1139, 2398
0, 12089, 120891139, 120893168, 1139, 3168
0, 1209, 12091139, 12092398, 1139, 2398
0, 12090, 120901139, 120902398, 1139, 2398
0, 12091, 120911139, 120912398, 1139, 2398
0, 12092, 120921139, 120922398, 1139, 2398
0, 12093, 120931139, 120932398, 1139, 2398
0, 12094, 120941139, 120942398, 1139, 2398
0, 12095, 120951139, 120952398, 1139, 2398
0, 12096, 120961139, 120965188, 1139, 5188
0, 12097, 120971139, 120972398, 1139, 2398
0, 12098, 120981139, 120982398, 1139, 2398
0, 12099, 120991139, 120992398, 1139, 2398
0, 121, 1211139, 1212398, 1139, 2398
0, 1210, 12101139, 12102398, 1139, 2398
0, 12100, 121001139, 121002398, 1139, 2398
0, 12101, 121011139, 121012398, 1139, 2398
0, 12102, 121021139, 121022398, 1139, 2398
0, 12103, 121031139, 121033753, 1139, 3753
0, 12104, 121041139, 121042398, 1139, 2398
0, 12105, 121051139, 121052398, 1139, 2398
0, 12106, 121061139, 121062398, 1139, 2398
0, 12107, 121071139, 121072398, 1139, 2398
0, 12108, 121081139, 121082398, 1139, 2398
0, 12109, 121091139, 121092398, 1139, 2398
0, 1211, 12111139, 12113168, 1139, 3168
0, 12110, 121101139, 121103753, 1139, 3753
0, 12111, 121111139, 121112398, 1139, 2398
0, 12112, 121121139, 121122398, 1139, 2398
0, 12113, 121131139, 121132398, 1139, 2398
0, 12114, 121141139, 121142398, 1139, 2398
0, 12115, 121151139, 121152398, 1139, 2398
0, 12116, 121161139, 121162398, 1139, 2398
0, 12117, 121171139, 121173168, 1139, 3168
0, 12118, 121181139, 121182398, 1139, 2398
0, 12119, 121191139, 121192398, 1139, 2398
0, 1212, 12121139, 12122398, 1139, 2398
0, 12120, 121201139, 121202689, 1139, 2689
0, 12121, 121211139, 121212398, 1139, 2398
0, 12122, 121221139, 121222398, 1139, 2398
0, 12123, 121231139, 121232398, 1139, 2398
0, 12124, 121241139, 121243753, 1139, 3753
0, 12125, 121251139, 121252398, 1139, 2398
0, 12126, 121261139, 121262398, 1139, 2398
0, 12127, 121271139, 121272398, 1139, 2398
0, 12128, 121281139, 121282398, 1139, 2398
0, 12129, 121291139, 121292398, 1139, 2398
0, 1213, 12131139, 12132398, 1139, 2398
0, 12130, 121301139, 121302398, 1139, 2398
0, 12131, 121311139, 121313168, 1139, 3168
0, 12132, 121321139, 121322398, 1139, 2398
0, 12133, 121331139, 121332398, 1139, 2398
0, 12134, 121341139, 121342398, 1139, 2398
0, 12135, 121351139, 121352398, 1139, 2398
0, 12136, 121361139, 121362398, 1139, 2398
0, 12137, 121371139, 121372398, 1139, 2398
0, 12138, 121381139, 121383168, 1139, 3168
0, 12139, 121391139, 121392398, 1139, 2398
0, 1214, 12141139, 12142398, 1139, 2398
0, 12140, 121401139, 121402398, 1139, 2398
0, 12141, 121411139, 121412398, 1139, 2398
0, 12142, 121421139, 121422398, 1139, 2398
0, 12143, 121431139, 121432398, 1139, 2398
0, 12144, 121441139, 121442398, 1139, 2398
0, 12145, 121451139, 121453753, 1139, 3753
0, 12146, 121461139, 121462398, 1139, 2398
0, 12147, 121471139, 121472398, 1139, 2398
0, 12148, 121481139, 121482398, 1139, 2398
0, 12149, 121491139, 121492398, 1139, 2398
0, 1215, 12151139, 12152398, 1139, 2398
0, 12150, 121501139, 121502398, 1139, 2398
0, 12151, 121511139, 121512398, 1139, 2398
0, 12152, 121521139, 121525188, 1139, 5188
0, 12153, 121531139, 121532398, 1139, 2398
0, 12154, 121541139, 121542398, 1139, 2398
0, 12155, 121551139, 121552398, 1139, 2398
0, 12156, 121561139, 121562398, 1139, 2398
0, 12157, 121571139, 121572398, 1139, 2398
0, 12158, 121581139, 121582398, 1139, 2398
0, 12159, 121591139, 121593168, 1139, 3168
0, 1216, 12161139, 12162398, 1139, 2398
0, 12160, 121601139, 121604868, 1139, 4868
0, 12161, 121611139, 121612398, 1139, 2398
0, 12162, 121621139, 121622398, 1139, 2398
0, 12163, 121631139, 121632398, 1139, 2398
0, 12164, 121641139, 121642398, 1139, 2398
0, 12165, 121651139, 121652398, 1139, 2398
0, 12166, 121661139, 121663168, 1139, 3168
0, 12167, 121671139, 121672398, 1139, 2398
0, 12168, 121681139, 121682398, 1139, 2398
0, 12169, 121691139, 121692398, 1139, 2398
0, 1217, 12171139, 12172398, 1139, 2398
0, 12170, 121701139, 121702398, 1139, 2398
0, 12171, 121711139, 121712398, 1139, 2398
0, 12172, 121721139, 121722398, 1139, 2398
0, 12173, 121731139, 121733168, 1139, 3168
0, 12174, 121741139, 121742398, 1139, 2398
0, 12175, 121751139, 121752398, 1139, 2398
0, 12176, 121761139, 121762398, 1139, 2398
0, 12177, 121771139, 121772398, 1139, 2398
0, 12178, 121781139, 121782398, 1139, 2398
0, 12179, 121791139, 121792398, 1139, 2398
0, 1218, 12181139, 12183168, 1139, 3168
0, 12180, 121801139, 121804868, 1139, 4868
0, 12181, 121811139, 121812398, 1139, 2398
0, 12182, 121821139, 121822398, 1139, 2398
0, 12183, 121831139, 121832398, 1139, 2398
0, 12184, 121841139, 121842398, 1139, 2398
0, 12185, 121851139, 121852398, 1139, 2398
0, 12186, 121861139, 121862398, 1139, 2398
0, 12187, 121871139, 121873168, 1139, 3168
0, 12188, 121881139, 121882398, 1139, 2398
0, 12189, 121891139, 121892398, 1139, 2398
0, 1219, 12191139, 12192398, 1139, 2398
0, 12190, 121901139, 121902398, 1139, 2398
0, 12191, 121911139, 121912398, 1139, 2398
0, 12192, 121921139, 121922398, 1139, 2398
0, 12193, 121931139, 121932398, 1139, 2398
0, 12194, 121941139, 121943168, 1139, 3168
0, 12195, 121951139, 121952398, 1139, 2398
0, 12196, 121961139, 121962398, 1139, 2398
0, 12197, 121971139, 121972398, 1139, 2398
0, 12198, 121981139, 121982398, 1139, 2398
0, 12199, 121991139, 121992398, 1139, 2398
0, 122, 1221139, 1222398, 1139, 2398
0, 1220, 12201139, 12202398, 1139, 2398
0, 12200, 122001139, 122002398, 1139, 2398
0, 12201, 122011139, 122013168, 1139, 3168
0, 12202, 122021139, 122022398, 1139, 2398
0, 12203, 122031139, 122032398, 1139, 2398
0, 12204, 122041139, 122042398, 1139, 2398
0, 12205, 122051139, 122052398, 1139, 2398
0, 12206, 122061139, 122062398, 1139, 2398
0, 12207, 122071139, 122072398, 1139, 2398
0, 12208, 122081139, 122085188, 1139, 5188
0, 12209, 122091139, 122093481, 1139, 3481
0, 1221, 12211139, 12212398, 1139, 2398
0, 12210, 122101139, 122102398, 1139, 2398
0, 12211, 122111139, 122112398, 1139, 2398
0, 12212, 122121139, 122122398, 1139, 2398
0, 12213, 122131139, 122132398, 1139, 2398
0, 12214, 122141139, 122142398, 1139, 2398
0, 12215, 122151139, 122153753, 1139, 3753
0, 12216, 122161139, 122162398, 1139, 2398
0, 12217, 122171139, 122172398, 1139, 2398
0, 12218, 122181139, 122182398, 1139, 2398
0, 12219, 122191139, 122192398, 1139, 2398
0, 1222, 12221139, 12222398, 1139, 2398
0, 12220, 122201139, 122202398, 1139, 2398
0, 12221, 122211139, 122212398, 1139, 2398
0, 12222, 122221139, 122223168, 1139, 3168
0, 12223, 122231139, 122232398, 1139, 2398
0, 12224, 122241139, 122242398, 1139, 2398
0, 12225, 122251139, 122252398, 1139, 2398
0, 12226, 122261139, 122262398, 1139, 2398
0, 12227, 122271139, 122272398, 1139, 2398
0, 12228, 122281139, 122282398, 1139, 2398
0, 12229, 122291139, 122293168, 1139, 3168
0, 1223, 12231139, 12232398, 1139, 2398
0, 12230, 122301139, 122302398, 1139, 2398
0, 12231, 122311139, 122312398, 1139, 2398
0, 12232, 122321139, 122322398, 1139, 2398
0, 12233, 122331139, 122332398, 1139, 2398
0, 12234, 122341139, 122342398, 1139, 2398
0, 12235, 122351139, 122352398, 1139, 2398
0, 12236, 122361139, 122365914, 1139, 5914
0, 12237, 122371139, 122372398, 1139, 2398
0, 12238, 122381139, 122382398, 1139, 2398
0, 12239, 122391139, 122392398, 1139, 2398
0, 1224, 12241139, 12242398, 1139, 2398
0, 12240, 122401139, 122404166, 1139, 4166
0, 12241, 122411139, 122412398, 1139, 2398
0, 12242, 122421139, 122422398, 1139, 2398
0, 12243, 122431139, 122433168, 1139, 3168
0, 12244, 122441139, 122442398, 1139, 2398
0, 12245, 122451139, 122452398, 1139, 2398
0, 12246, 122461139, 122462398, 1139, 2398
0, 12247, 122471139, 122472398, 1139, 2398
0, 12248, 122481139, 122482398, 1139, 2398
0, 12249, 122491139, 122492398, 1139, 2398
0, 1225, 12251139, 12253753, 1139, 3753
0, 12250, 122501139, 122503753, 1139, 3753
0, 12251, 122511139, 122512398, 1139, 2398
0, 12252, 122521139, 122522398, 1139, 2398
0, 12253, 122531139, 122532398, 1139, 2398
0, 12254, 122541139, 122542398, 1139, 2398
0, 12255, 122551139, 122552398, 1139, 2398
0, 12256, 122561139, 122562398, 1139, 2398
0, 12257, 122571139, 122573168, 1139, 3168
0, 12258, 122581139, 122582398, 1139, 2398
0, 12259, 122591139, 122592398, 1139, 2398
0, 1226, 12261139, 12262398, 1139, 2398
0, 12260, 122601139, 122602398, 1139, 2398
0, 12261, 122611139, 122612398, 1139, 2398
0, 12262, 122621139, 122622398, 1139, 2398
0, 12263, 122631139, 122632398, 1139, 2398
0, 12264, 122641139, 122645188, 1139, 5188
0, 12265, 122651139, 122652398, 1139, 2398
0, 12266, 122661139, 122662398, 1139, 2398
0, 12267, 122671139, 122672398, 1139, 2398
0, 12268, 122681139, 122682398, 1139, 2398
0, 12269, 122691139, 122692398, 1139, 2398
0, 1227, 12271139, 12272398, 1139, 2398
0, 12270, 122701139, 122702398, 1139, 2398
0, 12271, 122711139, 122713168, 1139, 3168
0, 12272, 122721139, 122722398, 1139, 2398
0, 12273, 122731139, 122732398, 1139, 2398
0, 12274, 122741139, 122742398, 1139, 2398
0, 12275, 122751139, 122752398, 1139, 2398
0, 12276, 122761139, 122762398, 1139, 2398
0, 12277, 122771139, 122772398, 1139, 2398
0, 12278, 122781139, 122783168, 1139, 3168
0, 12279, 122791139, 122792398, 1139, 2398
0, 1228, 12281139, 12282398, 1139, 2398
0, 12280, 122801139, 122802398, 1139, 2398
0, 12281, 122811139, 122812398, 1139, 2398
0, 12282, 122821139, 122822398, 1139, 2398
0, 12283, 122831139, 122832398, 1139, 2398
0, 12284, 122841139, 122842398, 1139, 2398
0, 12285, 122851139, 122853753, 1139, 3753
0, 12286, 122861139, 122862398, 1139, 2398
0, 12287, 122871139, 122872398, 1139, 2398
0, 12288, 122881139, 122882398, 1139, 2398
0, 12289, 122891139, 122892398, 1139, 2398
0, 1229, 12291139, 12292398, 1139, 2398
0, 12290, 122901139, 122902398, 1139, 2398
0, 12291, 122911139, 122912398, 1139, 2398
0, 12292, 122921139, 122923753, 1139, 3753
0, 12293, 122931139, 122932398, 1139, 2398
0, 12294, 122941139, 122942398, 1139, 2398
0, 12295, 122951139, 122952398, 1139, 2398
0, 12296, 122961139, 122962398, 1139, 2398
0, 12297, 122971139, 122972398, 1139, 2398
0, 12298, 122981139, 122982398, 1139, 2398
0, 12299, 122991139, 122993168, 1139, 3168
0, 123, 1231139, 1232398, 1139, 2398
0, 1230, 12301139, 12302398, 1139, 2398
0, 12300, 123001139, 123002398, 1139, 2398
0, 12301, 123011139, 123012398, 1139, 2398
0, 12302, 123021139, 123022398, 1139, 2398
0, 12303, 123031139, 123032689, 1139, 2689
0, 12304, 123041139, 123042398, 1139, 2398
0, 12305, 123051139, 123052398, 1139, 2398
0, 12306, 123061139, 123063168, 1139, 3168
0, 12307, 123071139, 123072398, 1139, 2398
0, 12308, 123081139, 123082398, 1139, 2398
0, 12309, 123091139, 123092398, 1139, 2398
0, 1231, 12311139, 12312398, 1139, 2398
0, 12310, 123101139, 123102398, 1139, 2398
0, 12311, 123111139, 123112398, 1139, 2398
0, 12312, 123121139, 123122689, 1139, 2689
0, 12313, 123131139, 123133168, 1139, 3168
0, 12314, 123141139, 123142398, 1139, 2398
0, 12315, 123151139, 123152398, 1139, 2398
0, 12316, 123161139, 123162398, 1139, 2398
0, 12317, 123171139, 123172398, 1139, 2398
0, 12318, 123181139, 123182398, 1139, 2398
0, 12319, 123191139, 123192398, 1139, 2398
0, 1232, 12321139, 12325188, 1139, 5188
0, 12320, 123201139, 123205188, 1139, 5188
0, 12321, 123211139, 123212398, 1139, 2398
0, 12322, 123221139, 123222398, 1139, 2398
0, 12323, 123231139, 123232398, 1139, 2398
0, 12324, 123241139, 123242398, 1139, 2398
0, 12325, 123251139, 123252398, 1139, 2398
0, 12326, 123261139, 123262398, 1139, 2398
0, 12327, 123271139, 123273168, 1139, 3168
0, 12328, 123281139, 123282398, 1139, 2398
0, 12329, 123291139, 123292398, 1139, 2398
0, 1233, 12331139, 12332398, 1139, 2398
0, 12330, 123301139, 123302398, 1139, 2398
0, 12331, 123311139, 123312398, 1139, 2398
0, 12332, 123321139, 123322398, 1139, 2398
0, 12333, 123331139, 123332398, 1139, 2398
0, 12334, 123341139, 123343168, 1139, 3168
0, 12335, 123351139, 123352398, 1139, 2398
0, 12336, 123361139, 123362398, 1139, 2398
0, 12337, 123371139, 123372398, 1139, 2398
0, 12338, 123381139, 123382398, 1139, 2398
0, 12339, 123391139, 123392398, 1139, 2398
0, 1234, 12341139, 12342398, 1139, 2398
0, 12340, 123401139, 123402398, 1139, 2398
0, 12341, 123411139, 123413753, 1139, 3753
0, 12342, 123421139, 123422398, 1139, 2398
0, 12343, 123431139, 123432398, 1139, 2398
0, 12344, 123441139, 123442398, 1139, 2398
0, 12345, 123451139, 123452398, 1139, 2398
0, 12346, 123461139, 123462398, 1139, 2398
0, 12347, 123471139, 123472398, 1139, 2398
0, 12348, 123481139, 123483753, 1139, 3753
0, 12349, 123491139, 123492398, 1139, 2398
0, 1235, 12351139, 12352398, 1139, 2398
0, 12350, 123501139, 123502398, 1139, 2398
0, 12351, 123511139, 123512398, 1139, 2398
0, 12352, 123521139, 123522398, 1139, 2398
0, 12353, 123531139, 123532398, 1139, 2398
0, 12354, 123541139, 123542398, 1139, 2398
0, 12355, 123551139, 123553753, 1139, 3753
0, 12356, 123561139, 123562398, 1139, 2398
0, 12357, 123571139, 123572398, 1139, 2398
0, 12358, 123581139, 123582398, 1139, 2398
0, 12359, 123591139, 123592398, 1139, 2398
0, 1236, 12361139, 12362398, 1139, 2398
0, 12360, 123601139, 123604868, 1139, 4868
0, 12361, 123611139, 123612398, 1139, 2398
0, 12362, 123621139, 123623168, 1139, 3168
0, 12363, 123631139, 123632398, 1139, 2398
0, 12364, 123641139, 123642398, 1139, 2398
0, 12365, 123651139, 123652398, 1139, 2398
0, 12366, 123661139, 123662398, 1139, 2398
0, 12367, 123671139, 123672398, 1139, 2398
0, 12368, 123681139, 123682398, 1139, 2398
0, 12369, 123691139, 123693753, 1139, 3753
0, 1237, 12371139, 12372398, 1139, 2398
0, 12370, 123701139, 123702398, 1139, 2398
0, 12371, 123711139, 123712398, 1139, 2398
0, 12372, 123721139, 123722398, 1139, 2398
0, 12373, 123731139, 123732398, 1139, 2398
0, 12374, 123741139, 123742398, 1139, 2398
0, 12375, 123751139, 123752398, 1139, 2398
0, 12376, 123761139, 123765188, 1139, 5188
0, 12377, 123771139, 123772398, 1139, 2398
0, 12378, 123781139, 123782398, 1139, 2398
0, 12379, 123791139, 123792398, 1139, 2398
0, 1238, 12381139, 12382398, 1139, 2398
0, 12380, 123801139, 123802398, 1139, 2398
0, 12381, 123811139, 123812398, 1139, 2398
0, 12382, 123821139, 123822398, 1139, 2398
0, 12383, 123831139, 123833168, 1139, 3168
0, 12384, 123841139, 123842398, 1139, 2398
0, 12385, 123851139, 123852398, 1139, 2398
0, 12386, 123861139, 123862398, 1139, 2398
0, 12387, 123871139, 123872398, 1139, 2398
0, 12388, 123881139, 123882398, 1139, 2398
0, 12389, 123891139, 123892398, 1139, 2398
0, 1239, 12391139, 12393168, 1139, 3168
0, 12390, 123901139, 123903753, 1139, 3753
0, 12391, 123911139, 123912398, 1139, 2398
0, 12392, 123921139, 123922398, 1139, 2398
0, 12393, 123931139, 123932398, 1139, 2398
0, 12394, 123941139, 123942398, 1139, 2398
0, 12395, 123951139, 123952398, 1139, 2398
0, 12396, 123961139, 123962398, 1139, 2398
0, 12397, 123971139, 123973168, 1139, 3168
0, 12398, 123981139, 123982398, 1139, 2398
0, 12399, 123991139, 123992398, 1139, 2398
0, 124, 1241139, 1242398, 1139, 2398
0, 1240, 12401139, 12402398, 1139, 2398
0, 12400, 124001139, 124002398, 1139, 2398
0, 12401, 124011139, 124012398, 1139, 2398
0, 12402, 124021139, 124022398, 1139, 2398
0, 12403, 124031139, 124032398, 1139, 2398
0, 12404, 124041139, 124043753, 1139, 3753
0, 12405, 124051139, 124052398, 1139, 2398
0, 12406, 124061139, 124062398, 1139, 2398
0, 12407, 124071139, 124072398, 1139, 2398
0, 12408, 124081139, 124082689, 1139, 2689
0, 12409, 124091139, 124092398, 1139, 2398
0, 1241, 12411139, 12412398, 1139, 2398
0, 12410, 124101139, 124102398, 1139, 2398
0, 12411, 124111139, 124113168, 1139, 3168
0, 12412, 124121139, 124122398, 1139, 2398
0, 12413, 124131139, 124132398, 1139, 2398
0, 12414, 124141139, 124142398, 1139, 2398
0, 12415, 124151139, 124152398, 1139, 2398
0, 12416, 124161139, 124162398, 1139, 2398
0, 12417, 124171139, 124172398, 1139, 2398
0, 12418, 124181139, 124183168, 1139, 3168
0, 12419, 124191139, 124192398, 1139, 2398
0, 1242, 12421139, 12422398, 1139, 2398
0, 12420, 124201139, 124202398, 1139, 2398
0, 12421, 124211139, 124212398, 1139, 2398
0, 12422, 124221139, 124222398, 1139, 2398
0, 12423, 124231139, 124232398, 1139, 2398
0, 12424, 124241139, 124242398, 1139, 2398
0, 12425, 124251139, 124253753, 1139, 3753
0, 12426, 124261139, 124262398, 1139, 2398
0, 12427, 124271139, 124272398, 1139, 2398
0, 12428, 124281139, 124282398, 1139, 2398
0, 12429, 124291139, 124292398, 1139, 2398
0, 1243, 12431139, 12432398, 1139, 2398
0, 12430, 124301139, 124302398, 1139, 2398
0, 12431, 124311139, 124312398, 1139, 2398
0, 12432, 124321139, 124325188, 1139, 5188
0, 12433, 124331139, 124334250, 1139, 4250
0, 12434, 124341139, 124342398, 1139, 2398
0, 12435, 124351139, 124352398, 1139, 2398
0, 12436, 124361139, 124362398, 1139, 2398
0, 12437, 124371139, 124372398, 1139, 2398
0, 12438, 124381139, 124382398, 1139, 2398
0, 12439, 124391139, 124393168, 1139, 3168
0, 1244, 12441139, 12442398, 1139, 2398
0, 12440, 124401139, 124402398, 1139, 2398
0, 12441, 124411139, 124412398, 1139, 2398
0, 12442, 124421139, 124422398, 1139, 2398
0, 12443, 124431139, 124432398, 1139, 2398
0, 12444, 124441139, 124442398, 1139, 2398
0, 12445, 124451139, 124452398, 1139, 2398
0, 12446, 124461139, 124463168, 1139, 3168
0, 12447, 124471139, 124472398, 1139, 2398
0, 12448, 124481139, 124482398, 1139, 2398
0, 12449, 124491139, 124492398, 1139, 2398
0, 1245, 12451139, 12452398, 1139, 2398
0, 12450, 124501139, 124502398, 1139, 2398
0, 12451, 124511139, 124512398, 1139, 2398
0, 12452, 124521139, 124522398, 1139, 2398
0, 12453, 124531139, 124533168, 1139, 3168
0, 12454, 124541139, 124542398, 1139, 2398
0, 12455, 124551139, 124552398, 1139, 2398
0, 12456, 124561139, 124562398, 1139, 2398
0, 12457, 124571139, 124572398, 1139, 2398
0, 12458, 124581139, 124582398, 1139, 2398
0, 12459, 124591139, 124592398, 1139, 2398
0, 1246, 12461139, 12463168, 1139, 3168
0, 12460, 124601139, 124604868, 1139, 4868
0, 12461, 124611139, 124612398, 1139, 2398
0, 12462, 124621139, 124622398, 1139, 2398
0, 12463, 124631139, 124632398, 1139, 2398
0, 12464, 124641139, 124644166, 1139, 4166
0, 12465, 124651139, 124652398, 1139, 2398
0, 12466, 124661139, 124662398, 1139, 2398
0, 12467, 124671139, 124673168, 1139, 3168
0, 12468, 124681139, 124682398, 1139, 2398
0, 12469, 124691139, 124692398, 1139, 2398
0, 1247, 12471139, 12472398, 1139, 2398
0, 12470, 124701139, 124702398, 1139, 2398
0, 12471, 124711139, 124712398, 1139, 2398
0, 12472, 124721139, 124722398, 1139, 2398
0, 12473, 124731139, 124732398, 1139, 2398
0, 12474, 124741139, 124743753, 1139, 3753
0, 12475, 124751139, 124752398, 1139, 2398
0, 12476, 124761139, 124762398, 1139, 2398
0, 12477, 124771139, 124772398, 1139, 2398
0, 12478, 124781139, 124782398, 1139, 2398
0, 12479, 124791139, 124792398, 1139, 2398
0, 1248, 12481139, 12482398, 1139, 2398
0, 12480, 124801139, 124802689, 1139, 2689
0, 12481, 124811139, 124813168, 1139, 3168
0, 12482, 124821139, 124822398, 1139, 2398
0, 12483, 124831139, 124832398, 1139, 2398
0, 12484, 124841139, 124842398, 1139, 2398
0, 12485, 124851139, 124852398, 1139, 2398
0, 12486, 124861139, 124862398, 1139, 2398
0, 12487, 124871139, 124872398, 1139, 2398
0, 12488, 124881139, 124885188, 1139, 5188
0, 12489, 124891139, 124892398, 1139, 2398
0, 1249, 12491139, 12492398, 1139, 2398
0, 12490, 124901139, 124902398, 1139, 2398
0, 12491, 124911139, 124912398, 1139, 2398
0, 12492, 124921139, 124922398, 1139, 2398
0, 12493, 124931139, 124932398, 1139, 2398
0, 12494, 124941139, 124942398, 1139, 2398
0, 12495, 124951139, 124953753, 1139, 3753
0, 12496, 124961139, 124962398, 1139, 2398
0, 12497, 124971139, 124972398, 1139, 2398
0, 12498, 124981139, 124982398, 1139, 2398
0, 12499, 124991139, 124992398, 1139, 2398
0, 125, 1251139, 1252398, 1139, 2398
0, 1250, 12501139, 12502398, 1139, 2398
0, 12500, 125001139, 125002398, 1139, 2398
0, 12501, 125011139, 125012398, 1139, 2398
0, 12502, 125021139, 125023753, 1139, 3753
0, 12503, 125031139, 125032398, 1139, 2398
0, 12504, 125041139, 125042398, 1139, 2398
0, 12505, 125051139, 125052398, 1139, 2398
0, 12506, 125061139, 125062398, 1139, 2398
0, 12507, 125071139, 125072398, 1139, 2398
0, 12508, 125081139, 125082398, 1139, 2398
0, 12509, 125091139, 125093168, 1139, 3168
0, 1251, 12511139, 12512398, 1139, 2398
0, 12510, 125101139, 125102398, 1139, 2398
0, 12511, 125111139, 125112398, 1139, 2398
0, 12512, 125121139, 125122398, 1139, 2398
0, 12513, 125131139, 125132398, 1139, 2398
0, 12514, 125141139, 125142398, 1139, 2398
0, 12515, 125151139, 125152398, 1139, 2398
0, 12516, 125161139, 125163753, 1139, 3753
0, 12517, 125171139, 125172398, 1139, 2398
0, 12518, 125181139, 125182398, 1139, 2398
0, 12519, 125191139, 125192398, 1139, 2398
0, 1252, 12521139, 12522398, 1139, 2398
0, 12520, 125201139, 125204166, 1139, 4166
0, 12521, 125211139, 125212398, 1139, 2398
0, 12522, 125221139, 125222398, 1139, 2398
0, 12523, 125231139, 125233168, 1139, 3168
0, 12524, 125241139, 125242398, 1139, 2398
0, 12525, 125251139, 125252398, 1139, 2398
0, 12526, 125261139, 125262398, 1139, 2398
0, 12527, 125271139, 125272398, 1139, 2398
0, 12528, 125281139, 125282398, 1139, 2398
0, 12529, 125291139, 125292398, 1139, 2398
0, 1253, 12531139, 12533168, 1139, 3168
0, 12530, 125301139, 125303753, 1139, 3753
0, 12531, 125311139, 125312398, 1139, 2398
0, 12532, 125321139, 125322398, 1139, 2398
0, 12533, 125331139, 125332398, 1139, 2398
0, 12534, 125341139, 125342398, 1139, 2398
0, 12535, 125351139, 125352398, 1139, 2398
0, 12536, 125361139, 125362398, 1139, 2398
0, 12537, 125371139, 125373168, 1139, 3168
0, 12538, 125381139, 125382398, 1139, 2398
0, 12539, 125391139, 125392398, 1139, 2398
0, 1254, 12541139, 12542398, 1139, 2398
0, 12540, 125401139, 125402689, 1139, 2689
0, 12541, 125411139, 125412398, 1139, 2398
0, 12542, 125421139, 125422398, 1139, 2398
0, 12543, 125431139, 125432398, 1139, 2398
0, 12544, 125441139, 125445188, 1139, 5188
0, 12545, 125451139, 125452398, 1139, 2398
0, 12546, 125461139, 125462398, 1139, 2398
0, 12547, 125471139, 125472398, 1139, 2398
0, 12548, 125481139, 125482398, 1139, 2398
0, 12549, 125491139, 125492398, 1139, 2398
0, 1255, 12551139, 12552398, 1139, 2398
0, 12550, 125501139, 125502398, 1139, 2398
0, 12551, 125511139, 125513168, 1139, 3168
0, 12552, 125521139, 125522398, 1139, 2398
0, 12553, 125531139, 125532398, 1139, 2398
0, 12554, 125541139, 125542398, 1139, 2398
0, 12555, 125551139, 125552398, 1139, 2398
0, 12556, 125561139, 125562398, 1139, 2398
0, 12557, 125571139, 125572398, 1139, 2398
0, 12558, 125581139, 125583168, 1139, 3168
0, 12559, 125591139, 125592398, 1139, 2398
0, 1256, 12561139, 12562398, 1139, 2398
0, 12560, 125601139, 125602398, 1139, 2398
0, 12561, 125611139, 125612398, 1139, 2398
0, 12562, 125621139, 125622398, 1139, 2398
0, 12563, 125631139, 125632398, 1139, 2398
0, 12564, 125641139, 125642398, 1139, 2398
0, 12565, 125651139, 125653753, 1139, 3753
0, 12566, 125661139, 125662398, 1139, 2398
0, 12567, 125671139, 125672398, 1139, 2398
0, 12568, 125681139, 125682398, 1139, 2398
0, 12569, 125691139, 125692398, 1139, 2398
0, 1257, 12571139, 12572398, 1139, 2398
0, 12570, 125701139, 125702398, 1139, 2398
0, 12571, 125711139, 125712398, 1139, 2398
0, 12572, 125721139, 125723753, 1139, 3753
0, 12573, 125731139, 125732398, 1139, 2398
0, 12574, 125741139, 125742398, 1139, 2398
0, 12575, 125751139, 125752398, 1139, 2398
0, 12576, 125761139, 125762689, 1139, 2689
0, 12577, 125771139, 125772398, 1139, 2398
0, 12578, 125781139, 125782398, 1139, 2398
0, 12579, 125791139, 125793168, 1139, 3168
0, 1258, 12581139, 12582398, 1139, 2398
0, 12580, 125801139, 125802398, 1139, 2398
0, 12581, 125811139, 125812398, 1139, 2398
0, 12582, 125821139, 125822398, 1139, 2398
0, 12583, 125831139, 125832398, 1139, 2398
0, 12584, 125841139, 125842398, 1139, 2398
0, 12585, 125851139, 125852398, 1139, 2398
0, 12586, 125861139, 125863168, 1139, 3168
0, 12587, 125871139, 125872398, 1139, 2398
0, 12588, 125881139, 125882398, 1139, 2398
0, 12589, 125891139, 125892398, 1139, 2398
0, 1259, 12591139, 12592398, 1139, 2398
0, 12590, 125901139, 125902398, 1139, 2398
0, 12591, 125911139, 125912398, 1139, 2398
0, 12592, 125921139, 125922398, 1139, 2398
0, 12593, 125931139, 125933168, 1139, 3168
0, 12594, 125941139, 125942398, 1139, 2398
0, 12595, 125951139, 125952398, 1139, 2398
0, 12596, 125961139, 125962398, 1139, 2398
0, 12597, 125971139, 125972398, 1139, 2398
0, 12598, 125981139, 125982398, 1139, 2398
0, 12599, 125991139, 125992398, 1139, 2398
0, 126, 1261139, 1263168, 1139, 3168
0, 1260, 12601139, 12604868, 1139, 4868
0, 12600, 126001139, 126005188, 1139, 5188
0, 12601, 126011139, 126012398, 1139, 2398
0, 12602, 126021139, 126022398, 1139, 2398
0, 12603, 126031139, 126032398, 1139, 2398
0, 12604, 126041139, 126042398, 1139, 2398
0, 12605, 126051139, 126052398, 1139, 2398
0, 12606, 126061139, 126062398, 1139, 2398
0, 12607, 126071139, 126073753, 1139, 3753
0, 12608, 126081139, 126082398, 1139, 2398
0, 12609, 126091139, 126092398, 1139, 2398
0, 1261, 12611139, 12612398, 1139, 2398
0, 12610, 126101139, 126102398, 1139, 2398
0, 12611, 126111139, 126112398, 1139, 2398
0, 12612, 126121139, 126122398, 1139, 2398
0, 12613, 126131139, 126132398, 1139, 2398
0, 12614, 126141139, 126143168, 1139, 3168
0, 12615, 126151139, 126152398, 1139, 2398
0, 12616, 126161139, 126162398, 1139, 2398
0, 12617, 126171139, 126172398, 1139, 2398
0, 12618, 126181139, 126182398, 1139, 2398
0, 12619, 126191139, 126192398, 1139, 2398
0, 1262, 12621139, 12622398, 1139, 2398
0, 12620, 126201139, 126202398, 1139, 2398
0, 12621, 126211139, 126213168, 1139, 3168
0, 12622, 126221139, 126222398, 1139, 2398
0, 12623, 126231139, 126232398, 1139, 2398
0, 12624, 126241139, 126242398, 1139, 2398
0, 12625, 126251139, 126252398, 1139, 2398
0, 12626, 126261139, 126262398, 1139, 2398
0, 12627, 126271139, 126272398, 1139, 2398
0, 12628, 126281139, 126283753, 1139, 3753
0, 12629, 126291139, 126292398, 1139, 2398
0, 1263, 12631139, 12632398, 1139, 2398
0, 12630, 126301139, 126302398, 1139, 2398
0, 12631, 126311139, 126312398, 1139, 2398
0, 12632, 126321139, 126322398, 1139, 2398
0, 12633, 126331139, 126332398, 1139, 2398
0, 12634, 126341139, 126342398, 1139, 2398
0, 12635, 126351139, 126354868, 1139, 4868
0, 12636, 126361139, 126362398, 1139, 2398
0, 12637, 126371139, 126372398, 1139, 2398
0, 12638, 126381139, 126382398, 1139, 2398
0, 12639, 126391139, 126392398, 1139, 2398
0, 1264, 12641139, 12644166, 1139, 4166
0, 12640, 126401139, 126402398, 1139, 2398
0, 12641, 126411139, 126412398, 1139, 2398
0, 12642, 126421139, 126423168, 1139, 3168
0, 12643, 126431139, 126432398, 1139, 2398
0, 12644, 126441139, 126442398, 1139, 2398
0, 12645, 126451139, 126452398, 1139, 2398
0, 12646, 126461139, 126462398, 1139, 2398
0, 12647, 126471139, 126472398, 1139, 2398
0, 12648, 126481139, 126482398, 1139, 2398
0, 12649, 126491139, 126493168, 1139, 3168
0, 1265, 12651139, 12652398, 1139, 2398
0, 12650, 126501139, 126502398, 1139, 2398
0, 12651, 126511139, 126512398, 1139, 2398
0, 12652, 126521139, 126522398, 1139, 2398
0, 12653, 126531139, 126532398, 1139, 2398
0, 12654, 126541139, 126542398, 1139, 2398
0, 12655, 126551139, 126552398, 1139, 2398
0, 12656, 126561139, 126565188, 1139, 5188
0, 12657, 126571139, 126572398, 1139, 2398
0, 12658, 126581139, 126582398, 1139, 2398
0, 12659, 126591139, 126592398, 1139, 2398
0, 1266, 12661139, 12662398, 1139, 2398
0, 12660, 126601139, 126602689, 1139, 2689
0, 12661, 126611139, 126612398, 1139, 2398
0, 12662, 126621139, 126622398, 1139, 2398
0, 12663, 126631139, 126633168, 1139, 3168
0, 12664, 126641139, 126642398, 1139, 2398
0, 12665, 126651139, 126652398, 1139, 2398
0, 12666, 126661139, 126662398, 1139, 2398
0, 12667, 126671139, 126672398, 1139, 2398
0, 12668, 126681139, 126682398, 1139, 2398
0, 12669, 126691139, 126692398, 1139, 2398
0, 1267, 12671139, 12673168, 1139, 3168
0, 12670, 126701139, 126703753, 1139, 3753
0, 12671, 126711139, 126712398, 1139, 2398
0, 12672, 126721139, 126722398, 1139, 2398
0, 12673, 126731139, 126732398, 1139, 2398
0, 12674, 126741139, 126742398, 1139, 2398
0, 12675, 126751139, 126752398, 1139, 2398
0, 12676, 126761139, 126762398, 1139, 2398
0, 12677, 126771139, 126773168, 1139, 3168
0, 12678, 126781139, 126782398, 1139, 2398
0, 12679, 126791139, 126792398, 1139, 2398
0, 1268, 12681139, 12682398, 1139, 2398
0, 12680, 126801139, 126802398, 1139, 2398
0, 12681, 126811139, 126812398, 1139, 2398
0, 12682, 126821139, 126822398, 1139, 2398
0, 12683, 126831139, 126832398, 1139, 2398
0, 12684, 126841139, 126843753, 1139, 3753
0, 12685, 126851139, 126852398, 1139, 2398
0, 12686, 126861139, 126862398, 1139, 2398
0, 12687, 126871139, 126872398, 1139, 2398
0, 12688, 126881139, 126882398, 1139, 2398
0, 12689, 126891139, 126892398, 1139, 2398
0, 1269, 12691139, 12692398, 1139, 2398
0, 12690, 126901139, 126902398, 1139, 2398
0, 12691, 126911139, 126913168, 1139, 3168
0, 12692, 126921139, 126922398, 1139, 2398
0, 12693, 126931139, 126932398, 1139, 2398
0, 12694, 126941139, 126942398, 1139, 2398
0, 12695, 126951139, 126952398, 1139, 2398
0, 12696, 126961139, 126962398, 1139, 2398
0, 12697, 126971139, 126972398, 1139, 2398
0, 12698, 126981139, 126983168, 1139, 3168
0, 12699, 126991139, 126992398, 1139, 2398
0, 127, 1271139, 1272398, 1139, 2398
0, 1270, 12701139, 12702398, 1139, 2398
0, 12700, 127001139, 127002398, 1139, 2398
0, 12701, 127011139, 127012398, 1139, 2398
0, 12702, 127021139, 127022398, 1139, 2398
0, 12703, 127031139, 127032398, 1139, 2398
0, 12704, 127041139, 127042398, 1139, 2398
0, 12705, 127051139, 127053753, 1139, 3753
0, 12706, 127061139, 127062398, 1139, 2398
0, 12707, 127071139, 127072398, 1139, 2398
0, 12708, 127081139, 127082398, 1139, 2398
0, 12709, 127091139, 127092398, 1139, 2398
0, 1271, 12711139, 12712398, 1139, 2398
0, 12710, 127101139, 127102398, 1139, 2398
0, 12711, 127111139, 127112398, 1139, 2398
0, 12712, 127121139, 127125188, 1139, 5188
0, 12713, 127131139, 127134250, 1139, 4250
0, 12714, 127141139, 127142398, 1139, 2398
0, 12715, 127151139, 127152398, 1139, 2398
0, 12716, 127161139, 127162398, 1139, 2398
0, 12717, 127171139, 127172398, 1139, 2398
0, 12718, 127181139, 127182398, 1139, 2398
0, 12719, 127191139, 127193168, 1139, 3168
0, 1272, 12721139, 12722398, 1139, 2398
0, 12720, 127201139, 127202689, 1139, 2689
0, 12721, 127211139, 127212398, 1139, 2398
0, 12722, 127221139, 127222398, 1139, 2398
0, 12723, 127231139, 127232398, 1139, 2398
0, 12724, 127241139, 127242398, 1139, 2398
0, 12725, 127251139, 127252398, 1139, 2398
0, 12726, 127261139, 127263168, 1139, 3168
0, 12727, 127271139, 127272398, 1139, 2398
0, 12728, 127281139, 127282398, 1139, 2398
0, 12729, 127291139, 127292398, 1139, 2398
0, 1273, 12731139, 12732398, 1139, 2398
0, 12730, 127301139, 127302398, 1139, 2398
0, 12731, 127311139, 127312398, 1139, 2398
0, 12732, 127321139, 127322398, 1139, 2398
0, 12733, 127331139, 127333168, 1139, 3168
0, 12734, 127341139, 127342398, 1139, 2398
0, 12735, 127351139, 127352398, 1139, 2398
0, 12736, 127361139, 127362398, 1139, 2398
0, 12737, 127371139, 127372398, 1139, 2398
0, 12738, 127381139, 127382398, 1139, 2398
0, 12739, 127391139, 127392398, 1139, 2398
0, 1274, 12741139, 12743168, 1139, 3168
0, 12740, 127401139, 127405165, 1139, 5165
0, 12741, 127411139, 127412398, 1139, 2398
0, 12742, 127421139, 127422398, 1139, 2398
0, 12743, 127431139, 127432398, 1139, 2398
0, 12744, 127441139, 127442689, 1139, 2689
0, 12745, 127451139, 127452398, 1139, 2398
0, 12746, 127461139, 127462398, 1139, 2398
0, 12747, 127471139, 127473168, 1139, 3168
0, 12748, 127481139, 127482398, 1139, 2398
0, 12749, 127491139, 127492398, 1139, 2398
0, 1275, 12751139, 12752398, 1139, 2398
0, 12750, 127501139, 127502398, 1139, 2398
0, 12751, 127511139, 127512398, 1139, 2398
0, 12752, 127521139, 127522398, 1139, 2398
0, 12753, 127531139, 127532398, 1139, 2398
0, 12754, 127541139, 127543168, 1139, 3168
0, 12755, 127551139, 127552398, 1139, 2398
0, 12756, 127561139, 127562398, 1139, 2398
0, 12757, 127571139, 127572398, 1139, 2398
0, 12758, 127581139, 127582398, 1139, 2398
0, 12759, 127591139, 127592398, 1139, 2398
0, 1276, 12761139, 12762398, 1139, 2398
0, 12760, 127601139, 127602398, 1139, 2398
0, 12761, 127611139, 127613168, 1139, 3168
0, 12762, 127621139, 127622398, 1139, 2398
0, 12763, 127631139, 127632398, 1139, 2398
0, 12764, 127641139, 127642398, 1139, 2398
0, 12765, 127651139, 127652398, 1139, 2398
0, 12766, 127661139, 127662398, 1139, 2398
0, 12767, 127671139, 127672398, 1139, 2398
0, 12768, 127681139, 127685914, 1139, 5914
0, 12769, 127691139, 127694538, 1139, 4538
0, 1277, 12771139, 12772398, 1139, 2398
0, 12770, 127701139, 127702398, 1139, 2398
0, 12771, 127711139, 127712398, 1139, 2398
0, 12772, 127721139, 127722398, 1139, 2398
0, 12773, 127731139, 127732398, 1139, 2398
0, 12774, 127741139, 127742398, 1139, 2398
0, 12775, 127751139, 127753753, 1139, 3753
0, 12776, 127761139, 127762398, 1139, 2398
0, 12777, 127771139, 127772398, 1139, 2398
0, 12778, 127781139, 127782398, 1139, 2398
0, 12779, 127791139, 127792398, 1139, 2398
0, 1278, 12781139, 12782398, 1139, 2398
0, 12780, 127801139, 127802398, 1139, 2398
0, 12781, 127811139, 127812398, 1139, 2398
0, 12782, 127821139, 127823168, 1139, 3168
0, 12783, 127831139, 127832398, 1139, 2398
0, 12784, 127841139, 127842398, 1139, 2398
0, 12785, 127851139, 127852398, 1139, 2398
0, 12786, 127861139, 127862398, 1139, 2398
0, 12787, 127871139, 127872398, 1139, 2398
0, 12788, 127881139, 127882398, 1139, 2398
0, 12789, 127891139, 127893168, 1139, 3168
0, 1279, 12791139, 12792398, 1139, 2398
0, 12790, 127901139, 127902398, 1139, 2398
0, 12791, 127911139, 127912398, 1139, 2398
0, 12792, 127921139, 127922398, 1139, 2398
0, 12793, 127931139, 127932398, 1139, 2398
0, 12794, 127941139, 127942398, 1139, 2398
0, 12795, 127951139, 127952398, 1139, 2398
0, 12796, 127961139, 127963753, 1139, 3753
0, 12797, 127971139, 127972398, 1139, 2398
0, 12798, 127981139, 127982398, 1139, 2398
0, 12799, 127991139, 127992398, 1139, 2398
0, 128, 1281139, 1282398, 1139, 2398
0, 1280, 12801139, 12802398, 1139, 2398
0, 12800, 128001139, 128004166, 1139, 4166
0, 12801, 128011139, 128012398, 1139, 2398
0, 12802, 128021139, 128022398, 1139, 2398
0, 12803, 128031139, 128033168, 1139, 3168
0, 12804, 128041139, 128042398, 1139, 2398
0, 12805, 128051139, 128052398, 1139, 2398
0, 12806, 128061139, 128062398, 1139, 2398
0, 12807, 128071139, 128072398, 1139, 2398
0, 12808, 128081139, 128082398, 1139, 2398
0, 12809, 128091139, 128092398, 1139, 2398
0, 1281, 12811139, 12813168, 1139, 3168
0, 12810, 128101139, 128103753, 1139, 3753
0, 12811, 128111139, 128112398, 1139, 2398
0, 12812, 128121139, 128122398, 1139, 2398
0, 12813, 128131139, 128132398, 1139, 2398
0, 12814, 128141139, 128142398, 1139, 2398
0, 12815, 128151139, 128152398, 1139, 2398
0, 12816, 128161139, 128162689, 1139, 2689
0, 12817, 128171139, 128173168, 1139, 3168
0, 12818, 128181139, 128182398, 1139, 2398
0, 12819, 128191139, 128192398, 1139, 2398
0, 1282, 12821139, 12822398, 1139, 2398
0, 12820, 128201139, 128202398, 1139, 2398
0, 12821, 128211139, 128212398, 1139, 2398
0, 12822, 128221139, 128222398, 1139, 2398
0, 12823, 128231139, 128232398, 1139, 2398
0, 12824, 128241139, 128245188, 1139, 5188
0, 12825, 128251139, 128252398, 1139, 2398
0, 12826, 128261139, 128262398, 1139, 2398
0, 12827, 128271139, 128272398, 1139, 2398
0, 12828, 128281139, 128282398, 1139, 2398
0, 12829, 128291139, 128292398, 1139, 2398
0, 1283, 12831139, 12832398, 1139, 2398
0, 12830, 128301139, 128302398, 1139, 2398
0, 12831, 128311139, 128313168, 1139, 3168
0, 12832, 128321139, 128322398, 1139, 2398
0, 12833, 128331139, 128332398, 1139, 2398
0, 12834, 128341139, 128342398, 1139, 2398
0, 12835, 128351139, 128352398, 1139, 2398
0, 12836, 128361139, 128362398, 1139, 2398
0, 12837, 128371139, 128372398, 1139, 2398
0, 12838, 128381139, 128383168, 1139, 3168
0, 12839, 128391139, 128392398, 1139, 2398
0, 1284, 12841139, 12842398, 1139, 2398
0, 12840, 128401139, 128402689, 1139, 2689
0, 12841, 128411139, 128412398, 1139, 2398
0, 12842, 128421139, 128422398, 1139, 2398
0, 12843, 128431139, 128432398, 1139, 2398
0, 12844, 128441139, 128442398, 1139, 2398
0, 12845, 128451139, 128453753, 1139, 3753
0, 12846, 128461139, 128462398, 1139, 2398
0, 12847, 128471139, 128472398, 1139, 2398
0, 12848, 128481139, 128482398, 1139, 2398
0, 12849, 128491139, 128492398, 1139, 2398
0, 1285, 12851139, 12852398, 1139, 2398
0, 12850, 128501139, 128502398, 1139, 2398
0, 12851, 128511139, 128512398, 1139, 2398
0, 12852, 128521139, 128523753, 1139, 3753
0, 12853, 128531139, 128532398, 1139, 2398
0, 12854, 128541139, 128542398, 1139, 2398
0, 12855, 128551139, 128552398, 1139, 2398
0, 12856, 128561139, 128562398, 1139, 2398
0, 12857, 128571139, 128572398, 1139, 2398
0, 12858, 128581139, 128582398, 1139, 2398
0, 12859, 128591139, 128593168, 1139, 3168
0, 1286, 12861139, 12862398, 1139, 2398
0, 12860, 128601139, 128602398, 1139, 2398
0, 12861, 128611139, 128612398, 1139, 2398
0, 12862, 128621139, 128622398, 1139, 2398
0, 12863, 128631139, 128632398, 1139, 2398
0, 12864, 128641139, 128642398, 1139, 2398
0, 12865, 128651139, 128652398, 1139, 2398
0, 12866, 128661139, 128663168, 1139, 3168
0, 12867, 128671139, 128672398, 1139, 2398
0, 12868, 128681139, 128682398, 1139, 2398
0, 12869, 128691139, 128692398, 1139, 2398
0, 1287, 12871139, 12872398, 1139, 2398
0, 12870, 128701139, 128702398, 1139, 2398
0, 12871, 128711139, 128712398, 1139, 2398
0, 12872, 128721139, 128722398, 1139, 2398
0, 12873, 128731139, 128733753, 1139, 3753
0, 12874, 128741139, 128742398, 1139, 2398
0, 12875, 128751139, 128752398, 1139, 2398
0, 12876, 128761139, 128762398, 1139, 2398
0, 12877, 128771139, 128772398, 1139, 2398
0, 12878, 128781139, 128782398, 1139, 2398
0, 12879, 128791139, 128792398, 1139, 2398
0, 1288, 12881139, 12885188, 1139, 5188
0, 12880, 128801139, 128805188, 1139, 5188
0, 12881, 128811139, 128814099, 1139, 4099
0, 12882, 128821139, 128822398, 1139, 2398
0, 12883, 128831139, 128832398, 1139, 2398
0, 12884, 128841139, 128842398, 1139, 2398
0, 12885, 128851139, 128852398, 1139, 2398
0, 12886, 128861139, 128862398, 1139, 2398
0, 12887, 128871139, 128873168, 1139, 3168
0, 12888, 128881139, 128882398, 1139, 2398
0, 12889, 128891139, 128892398, 1139, 2398
0, 1289, 12891139, 12892398, 1139, 2398
0, 12890, 128901139, 128902398, 1139, 2398
0, 12891, 128911139, 128912398, 1139, 2398
0, 12892, 128921139, 128922398, 1139, 2398
0, 12893, 128931139, 128932398, 1139, 2398
0, 12894, 128941139, 128943168, 1139, 3168
0, 12895, 128951139, 128952398, 1139, 2398
0, 12896, 128961139, 128962398, 1139, 2398
0, 12897, 128971139, 128972398, 1139, 2398
0, 12898, 128981139, 128982398, 1139, 2398
0, 12899, 128991139, 128992398, 1139, 2398
0, 129, 1291139, 1292398, 1139, 2398
0, 1290, 12901139, 12902398, 1139, 2398
0, 12900, 129001139, 129002398, 1139, 2398
0, 12901, 129011139, 129013753, 1139, 3753
0, 12902, 129021139, 129022398, 1139, 2398
0, 12903, 129031139, 129032398, 1139, 2398
0, 12904, 129041139, 129042398, 1139, 2398
0, 12905, 129051139, 129052398, 1139, 2398
0, 12906, 129061139, 129062398, 1139, 2398
0, 12907, 129071139, 129072398, 1139, 2398
0, 12908, 129081139, 129083753, 1139, 3753
0, 12909, 129091139, 129092398, 1139, 2398
0, 1291, 12911139, 12912398, 1139, 2398
0, 12910, 129101139, 129102398, 1139, 2398
0, 12911, 129111139, 129112398, 1139, 2398
0, 12912, 129121139, 129122689, 1139, 2689
0, 12913, 129131139, 129132398, 1139, 2398
0, 12914, 129141139, 129142398, 1139, 2398
0, 12915, 129151139, 129153753, 1139, 3753
0, 12916, 129161139, 129162398, 1139, 2398
0, 12917, 129171139, 129172398, 1139, 2398
0, 12918, 129181139, 129182398, 1139, 2398
0, 12919, 129191139, 129192398, 1139, 2398
0, 1292, 12921139, 12922398, 1139, 2398
0, 12920, 129201139, 129204868, 1139, 4868
0, 12921, 129211139, 129212398, 1139, 2398
0, 12922, 129221139, 129223168, 1139, 3168
0, 12923, 129231139, 129232398, 1139, 2398
0, 12924, 129241139, 129242398, 1139, 2398
0, 12925, 129251139, 129252398, 1139, 2398
0, 12926, 129261139, 129262398, 1139, 2398
0, 12927, 129271139, 129272398, 1139, 2398
0, 12928, 129281139, 129282398, 1139, 2398
0, 12929, 129291139, 129293168, 1139, 3168
0, 1293, 12931139, 12932398, 1139, 2398
0, 12930, 129301139, 129302398, 1139, 2398
0, 12931, 129311139, 129312398, 1139, 2398
0, 12932, 129321139, 129322398, 1139, 2398
0, 12933, 129331139, 129332398, 1139, 2398
0, 12934, 129341139, 129342398, 1139, 2398
0, 12935, 129351139, 129352398, 1139, 2398
0, 12936, 129361139, 129365188, 1139, 5188
0, 12937, 129371139, 129372398, 1139, 2398
0, 12938, 129381139, 129382398, 1139, 2398
0, 12939, 129391139, 129392398, 1139, 2398
0, 1294, 12941139, 12942398, 1139, 2398
0, 12940, 129401139, 129402398, 1139, 2398
0, 12941, 129411139, 129412398, 1139, 2398
0, 12942, 129421139, 129422398, 1139, 2398
0, 12943, 129431139, 129433168, 1139, 3168
0, 12944, 129441139, 129442398, 1139, 2398
0, 12945, 129451139, 129452398, 1139, 2398
0, 12946, 129461139, 129462398, 1139, 2398
0, 12947, 129471139, 129472398, 1139, 2398
0, 12948, 129481139, 129482398, 1139, 2398
0, 12949, 129491139, 129492398, 1139, 2398
0, 1295, 12951139, 12953753, 1139, 3753
0, 12950, 129501139, 129503753, 1139, 3753
0, 12951, 129511139, 129512398, 1139, 2398
0, 12952, 129521139, 129522398, 1139, 2398
0, 12953, 129531139, 129532398, 1139, 2398
0, 12954, 129541139, 129542398, 1139, 2398
0, 12955, 129551139, 129552398, 1139, 2398
0, 12956, 129561139, 129562398, 1139, 2398
0, 12957, 129571139, 129573168, 1139, 3168
0, 12958, 129581139, 129582398, 1139, 2398
0, 12959, 129591139, 129592398, 1139, 2398
0, 1296, 12961139, 12962398, 1139, 2398
0, 12960, 129601139, 129602689, 1139, 2689
0, 12961, 129611139, 129612398, 1139, 2398
0, 12962, 129621139, 129622398, 1139, 2398
0, 12963, 129631139, 129632398, 1139, 2398
0, 12964, 129641139, 129643753, 1139, 3753
0, 12965, 129651139, 129652398, 1139, 2398
0, 12966, 129661139, 129662398, 1139, 2398
0, 12967, 129671139, 129672398, 1139, 2398
0, 12968, 129681139, 129685188, 1139, 5188
0, 12969, 129691139, 129692398, 1139, 2398
0, 1297, 12971139, 12972398, 1139, 2398
0, 12970, 129701139, 129702398, 1139, 2398
0, 12971, 129711139, 129713168, 1139, 3168
0, 12972, 129721139, 129722398, 1139, 2398
0, 12973, 129731139, 129732398, 1139, 2398
0, 12974, 129741139, 129742398, 1139, 2398
0, 12975, 129751139, 129752398, 1139, 2398
0, 12976, 129761139, 129762398, 1139, 2398
0, 12977, 129771139, 129772398, 1139, 2398
0, 12978, 129781139, 129783168, 1139, 3168
0, 12979, 129791139, 129792398, 1139, 2398
0, 1298, 12981139, 12982398, 1139, 2398
0, 12980, 129801139, 129802398, 1139, 2398
0, 12981, 129811139, 129812398, 1139, 2398
0, 12982, 129821139, 129822398, 1139, 2398
0, 12983, 129831139, 129832398, 1139, 2398
0, 12984, 129841139, 129842398, 1139, 2398
0, 12985, 129851139, 129853753, 1139, 3753
0, 12986, 129861139, 129862398, 1139, 2398
0, 12987, 129871139, 129872398, 1139, 2398
0, 12988, 129881139, 129882398, 1139, 2398
0, 12989, 129891139, 129892398, 1139, 2398
0, 1299, 12991139, 12992398, 1139, 2398
0, 12990, 129901139, 129902398, 1139, 2398
0, 12991, 129911139, 129912398, 1139, 2398
0, 12992, 129921139, 129925188, 1139, 5188
0, 12993, 129931139, 129932398, 1139, 2398
0, 12994, 129941139, 129942398, 1139, 2398
0, 12995, 129951139, 129952398, 1139, 2398
0, 12996, 129961139, 129962689, 1139, 2689
0, 12997, 129971139, 129972398, 1139, 2398
0, 12998, 129981139, 129982398, 1139, 2398
0, 12999, 129991139, 129993168, 1139, 3168
0, 13, 131139, 132398, 1139, 2398
0, 130, 1301139, 1302398, 1139, 2398
0, 1300, 13001139, 13002398, 1139, 2398
0, 13000, 130001139, 130002398, 1139, 2398
0, 13001, 130011139, 130012398, 1139, 2398
0, 13002, 130021139, 130022398, 1139, 2398
0, 13003, 130031139, 130032398, 1139, 2398
0, 13004, 130041139, 130042398, 1139, 2398
0, 13005, 130051139, 130052398, 1139, 2398
0, 13006, 130061139, 130063753, 1139, 3753
0, 13007, 130071139, 130072398, 1139, 2398
0, 13008, 130081139, 130082398, 1139, 2398
0, 13009, 130091139, 130092398, 1139, 2398
0, 1301, 13011139, 13012398, 1139, 2398
0, 13010, 130101139, 130102398, 1139, 2398
0, 13011, 130111139, 130112398, 1139, 2398
0, 13012, 130121139, 130122398, 1139, 2398
0, 13013, 130131139, 130133168, 1139, 3168
0, 13014, 130141139, 130142398, 1139, 2398
0, 13015, 130151139, 130152398, 1139, 2398
0, 13016, 130161139, 130162398, 1139, 2398
0, 13017, 130171139, 130172398, 1139, 2398
0, 13018, 130181139, 130182398, 1139, 2398
0, 13019, 130191139, 130192398, 1139, 2398
0, 1302, 13021139, 13023753, 1139, 3753
0, 13020, 130201139, 130204868, 1139, 4868
0, 13021, 130211139, 130212398, 1139, 2398
0, 13022, 130221139, 130222398, 1139, 2398
0, 13023, 130231139, 130232398, 1139, 2398
0, 13024, 130241139, 130242398, 1139, 2398
0, 13025, 130251139, 130252398, 1139, 2398
0, 13026, 130261139, 130262398, 1139, 2398
0, 13027, 130271139, 130273168, 1139, 3168
0, 13028, 130281139, 130282398, 1139, 2398
0, 13029, 130291139, 130292398, 1139, 2398
0, 1303, 13031139, 13032398, 1139, 2398
0, 13030, 130301139, 130302398, 1139, 2398
0, 13031, 130311139, 130312398, 1139, 2398
0, 13032, 130321139, 130322398, 1139, 2398
0, 13033, 130331139, 130332398, 1139, 2398
0, 13034, 130341139, 130343753, 1139, 3753
0, 13035, 130351139, 130352398, 1139, 2398
0, 13036, 130361139, 130362398, 1139, 2398
0, 13037, 130371139, 130372398, 1139, 2398
0, 13038, 130381139, 130382398, 1139, 2398
0, 13039, 130391139, 130392398, 1139, 2398
0, 1304, 13041139, 13042398, 1139, 2398
0, 13040, 130401139, 130402398, 1139, 2398
0, 13041, 130411139, 130413168, 1139, 3168
0, 13042, 130421139, 130422398, 1139, 2398
0, 13043, 130431139, 130432398, 1139, 2398
0, 13044, 130441139, 130442398, 1139, 2398
0, 13045, 130451139, 130452398, 1139, 2398
0, 13046, 130461139, 130462398, 1139, 2398
0, 13047, 130471139, 130472398, 1139, 2398
0, 13048, 130481139, 130485188, 1139, 5188
0, 13049, 130491139, 130492398, 1139, 2398
0, 1305, 13051139, 13052398, 1139, 2398
0, 13050, 130501139, 130502398, 1139, 2398
0, 13051, 130511139, 130512398, 1139, 2398
0, 13052, 130521139, 130522398, 1139, 2398
0, 13053, 130531139, 130532398, 1139, 2398
0, 13054, 130541139, 130542398, 1139, 2398
0, 13055, 130551139, 130553753, 1139, 3753
0, 13056, 130561139, 130562398, 1139, 2398
0, 13057, 130571139, 130572398, 1139, 2398
0, 13058, 130581139, 130582398, 1139, 2398
0, 13059, 130591139, 130592398, 1139, 2398
0, 1306, 13061139, 13062398, 1139, 2398
0, 13060, 130601139, 130602398, 1139, 2398
0, 13061, 130611139, 130612398, 1139, 2398
0, 13062, 130621139, 130623168, 1139, 3168
0, 13063, 130631139, 130632398, 1139, 2398
0, 13064, 130641139, 130642398, 1139, 2398
0, 13065, 130651139, 130652398, 1139, 2398
0, 13066, 130661139, 130662398, 1139, 2398
0, 13067, 130671139, 130672398, 1139, 2398
0, 13068, 130681139, 130682398, 1139, 2398
0, 13069, 130691139, 130693168, 1139, 3168
0, 1307, 13071139, 13072398, 1139, 2398
0, 13070, 130701139, 130702398, 1139, 2398
0, 13071, 130711139, 130712398, 1139, 2398
0, 13072, 130721139, 130722398, 1139, 2398
0, 13073, 130731139, 130732398, 1139, 2398
0, 13074, 130741139, 130742398, 1139, 2398
0, 13075, 130751139, 130752398, 1139, 2398
0, 13076, 130761139, 130763753, 1139, 3753
0, 13077, 130771139, 130772398, 1139, 2398
0, 13078, 130781139, 130782398, 1139, 2398
0, 13079, 130791139, 130792398, 1139, 2398
0, 1308, 13081139, 13082398, 1139, 2398
0, 13080, 130801139, 130804166, 1139, 4166
0, 13081, 130811139, 130812398, 1139, 2398
0, 13082, 130821139, 130822398, 1139, 2398
0, 13083, 130831139, 130833168, 1139, 3168
0, 13084, 130841139, 130842398, 1139, 2398
0, 13085, 130851139, 130852398, 1139, 2398
0, 13086, 130861139, 130862398, 1139, 2398
0, 13087, 130871139, 130872398, 1139, 2398
0, 13088, 130881139, 130882398, 1139, 2398
0, 13089, 130891139, 130892398, 1139, 2398
0, 1309, 13091139, 13093168, 1139, 3168
0, 13090, 130901139, 130903753, 1139, 3753
0, 13091, 130911139, 130912398, 1139, 2398
0, 13092, 130921139, 130922398, 1139, 2398
0, 13093, 130931139, 130932398, 1139, 2398
0, 13094, 130941139, 130942398, 1139, 2398
0, 13095, 130951139, 130952398, 1139, 2398
0, 13096, 130961139, 130962398, 1139, 2398
0, 13097, 130971139, 130973168, 1139, 3168
0, 13098, 130981139, 130982398, 1139, 2398
0, 13099, 130991139, 130992398, 1139, 2398
0, 131, 1311139, 1312398, 1139, 2398
0, 1310, 13101139, 13102398, 1139, 2398
0, 13100, 131001139, 131002398, 1139, 2398
0, 13101, 131011139, 131012398, 1139, 2398
0, 13102, 131021139, 131022398, 1139, 2398
0, 13103, 131031139, 131032398, 1139, 2398
0, 13104, 131041139, 131045188, 1139, 5188
0, 13105, 131051139, 131052398, 1139, 2398
0, 13106, 131061139, 131062398, 1139, 2398
0, 13107, 131071139, 131072398, 1139, 2398
0, 13108, 131081139, 131082398, 1139, 2398
0, 13109, 131091139, 131092398, 1139, 2398
0, 1311, 13111139, 13112398, 1139, 2398
0, 13110, 131101139, 131102398, 1139, 2398
0, 13111, 131111139, 131113168, 1139, 3168
0, 13112, 131121139, 131122398, 1139, 2398
0, 13113, 131131139, 131132398, 1139, 2398
0, 13114, 131141139, 131142398, 1139, 2398
0, 13115, 131151139, 131152398, 1139, 2398
0, 13116, 131161139, 131162398, 1139, 2398
0, 13117, 131171139, 131172398, 1139, 2398
0, 13118, 131181139, 131183168, 1139, 3168
0, 13119, 131191139, 131192398, 1139, 2398
0, 1312, 13121139, 13122398, 1139, 2398
0, 13120, 131201139, 131204868, 1139, 4868
0, 13121, 131211139, 131212398, 1139, 2398
0, 13122, 131221139, 131222398, 1139, 2398
0, 13123, 131231139, 131232398, 1139, 2398
0, 13124, 131241139, 131242398, 1139, 2398
0, 13125, 131251139, 131253753, 1139, 3753
0, 13126, 131261139, 131262398, 1139, 2398
0, 13127, 131271139, 131272398, 1139, 2398
0, 13128, 131281139, 131282398, 1139, 2398
0, 13129, 131291139, 131292398, 1139, 2398
0, 1313, 13131139, 13132398, 1139, 2398
0, 13130, 131301139, 131302398, 1139, 2398
0, 13131, 131311139, 131312398, 1139, 2398
0, 13132, 131321139, 131323753, 1139, 3753
0, 13133, 131331139, 131332398, 1139, 2398
0, 13134, 131341139, 131342398, 1139, 2398
0, 13135, 131351139, 131352398, 1139, 2398
0, 13136, 131361139, 131362398, 1139, 2398
0, 13137, 131371139, 131372398, 1139, 2398
0, 13138, 131381139, 131382398, 1139, 2398
0, 13139, 131391139, 131393753, 1139, 3753
0, 1314, 13141139, 13142398, 1139, 2398
0, 13140, 131401139, 131402398, 1139, 2398
0, 13141, 131411139, 131412398, 1139, 2398
0, 13142, 131421139, 131422398, 1139, 2398
0, 13143, 131431139, 131432398, 1139, 2398
0, 13144, 131441139, 131442398, 1139, 2398
0, 13145, 131451139, 131452398, 1139, 2398
0, 13146, 131461139, 131463168, 1139, 3168
0, 13147, 131471139, 131472398, 1139, 2398
0, 13148, 131481139, 131482398, 1139, 2398
0, 13149, 131491139, 131492398, 1139, 2398
0, 1315, 13151139, 13152398, 1139, 2398
0, 13150, 131501139, 131502398, 1139, 2398
0, 13151, 131511139, 131512398, 1139, 2398
0, 13152, 131521139, 131522398, 1139, 2398
0, 13153, 131531139, 131533168, 1139, 3168
0, 13154, 131541139, 131542398, 1139, 2398
0, 13155, 131551139, 131552398, 1139, 2398
0, 13156, 131561139, 131562398, 1139, 2398
0, 13157, 131571139, 131572398, 1139, 2398
0, 13158, 131581139, 131582398, 1139, 2398
0, 13159, 131591139, 131592398, 1139, 2398
0, 1316, 13161139, 13163753, 1139, 3753
0, 13160, 131601139, 131605188, 1139, 5188
0, 13161, 131611139, 131612398, 1139, 2398
0, 13162, 131621139, 131622398, 1139, 2398
0, 13163, 131631139, 131632398, 1139, 2398
0, 13164, 131641139, 131642398, 1139, 2398
0, 13165, 131651139, 131652398, 1139, 2398
0, 13166, 131661139, 131662398, 1139, 2398
0, 13167, 131671139, 131673753, 1139, 3753
0, 13168, 131681139, 131682398, 1139, 2398
0, 13169, 131691139, 131692398, 1139, 2398
0, 1317, 13171139, 13172398, 1139, 2398
0, 13170, 131701139, 131702398, 1139, 2398
0, 13171, 131711139, 131712398, 1139, 2398
0, 13172, 131721139, 131722398, 1139, 2398
0, 13173, 131731139, 131732398, 1139, 2398
0, 13174, 131741139, 131743168, 1139, 3168
0, 13175, 131751139, 131752398, 1139, 2398
0, 13176, 131761139, 131762398, 1139, 2398
0, 13177, 131771139, 131772398, 1139, 2398
0, 13178, 131781139, 131782398, 1139, 2398
0, 13179, 131791139, 131792398, 1139, 2398
0, 1318, 13181139, 13182398, 1139, 2398
0, 13180, 131801139, 131802398, 1139, 2398
0, 13181, 131811139, 131813168, 1139, 3168
0, 13182, 131821139, 131822398, 1139, 2398
0, 13183, 131831139, 131832398, 1139, 2398
0, 13184, 131841139, 131842398, 1139, 2398
0, 13185, 131851139, 131852398, 1139, 2398
0, 13186, 131861139, 131862398, 1139, 2398
0, 13187, 131871139, 131872398, 1139, 2398
0, 13188, 131881139, 131883753, 1139, 3753
0, 13189, 131891139, 131892398, 1139, 2398
0, 1319, 13191139, 13192398, 1139, 2398
0, 13190, 131901139, 131902398, 1139, 2398
0, 13191, 131911139, 131912398, 1139, 2398
0, 13192, 131921139, 131922398, 1139, 2398
0, 13193, 131931139, 131932398, 1139, 2398
0, 13194, 131941139, 131942398, 1139, 2398
0, 13195, 131951139, 131953753, 1139, 3753
0, 13196, 131961139, 131962398, 1139, 2398
0, 13197, 131971139, 131972398, 1139, 2398
0, 13198, 131981139, 131982398, 1139, 2398
0, 13199, 131991139, 131992398, 1139, 2398
0, 132, 1321139, 1322398, 1139, 2398
0, 1320, 13201139, 13204166, 1139, 4166
0, 13200, 132001139, 132002689, 1139, 2689
0, 13201, 132011139, 132012398, 1139, 2398
0, 13202, 132021139, 132023168, 1139, 3168
0, 13203, 132031139, 132032398, 1139, 2398
0, 13204, 132041139, 132042398, 1139, 2398
0, 13205, 132051139, 132052398, 1139, 2398
0, 13206, 132061139, 132062398, 1139, 2398
0, 13207, 132071139, 132072398, 1139, 2398
0, 13208, 132081139, 132082398, 1139, 2398
0, 13209, 132091139, 132093168, 1139, 3168
0, 1321, 13211139, 13212398, 1139, 2398
0, 13210, 132101139, 132102398, 1139, 2398
0, 13211, 132111139, 132112398, 1139, 2398
0, 13212, 132121139, 132122398, 1139, 2398
0, 13213, 132131139, 132132398, 1139, 2398
0, 13214, 132141139, 132142398, 1139, 2398
0, 13215, 132151139, 132152398, 1139, 2398
0, 13216, 132161139, 132165188, 1139, 5188
0, 13217, 132171139, 132172398, 1139, 2398
0, 13218, 132181139, 132182398, 1139, 2398
0, 13219, 132191139, 132192398, 1139, 2398
0, 1322, 13221139, 13222398, 1139, 2398
0, 13220, 132201139, 132202398, 1139, 2398
0, 13221, 132211139, 132212398, 1139, 2398
0, 13222, 132221139, 132222398, 1139, 2398
0, 13223, 132231139, 132233168, 1139, 3168
0, 13224, 132241139, 132242689, 1139, 2689
0, 13225, 132251139, 132252398, 1139, 2398
0, 13226, 132261139, 132262398, 1139, 2398
0, 13227, 132271139, 132272398, 1139, 2398
0, 13228, 132281139, 132282398, 1139, 2398
0, 13229, 132291139, 132292398, 1139, 2398
0, 1323, 13231139, 13233168, 1139, 3168
0, 13230, 132301139, 132303753, 1139, 3753
0, 13231, 132311139, 132312398, 1139, 2398
0, 13232, 132321139, 132322398, 1139, 2398
0, 13233, 132331139, 132332398, 1139, 2398
0, 13234, 132341139, 132342398, 1139, 2398
0, 13235, 132351139, 132352398, 1139, 2398
0, 13236, 132361139, 132362398, 1139, 2398
0, 13237, 132371139, 132373168, 1139, 3168
0, 13238, 132381139, 132382398, 1139, 2398
0, 13239, 132391139, 132392398, 1139, 2398
0, 1324, 13241139, 13242398, 1139, 2398
0, 13240, 132401139, 132402398, 1139, 2398
0, 13241, 132411139, 132412398, 1139, 2398
0, 13242, 132421139, 132422398, 1139, 2398
0, 13243, 132431139, 132432398, 1139, 2398
0, 13244, 132441139, 132443753, 1139, 3753
0, 13245, 132451139, 132452398, 1139, 2398
0, 13246, 132461139, 132462398, 1139, 2398
0, 13247, 132471139, 132472398, 1139, 2398
0, 13248, 132481139, 132482689, 1139, 2689
0, 13249, 132491139, 132492398, 1139, 2398
0, 1325, 13251139, 13252398, 1139, 2398
0, 13250, 132501139, 132502398, 1139, 2398
0, 13251, 132511139, 132513168, 1139, 3168
0, 13252, 132521139, 132522398, 1139, 2398
0, 13253, 132531139, 132532398, 1139, 2398
0, 13254, 132541139, 132542398, 1139, 2398
0, 13255, 132551139, 132552398, 1139, 2398
0, 13256, 132561139, 132562398, 1139, 2398
0, 13257, 132571139, 132572398, 1139, 2398
0, 13258, 132581139, 132583168, 1139, 3168
0, 13259, 132591139, 132592398, 1139, 2398
0, 1326, 13261139, 13262398, 1139, 2398
0, 13260, 132601139, 132602398, 1139, 2398
0, 13261, 132611139, 132612398, 1139, 2398
0, 13262, 132621139, 132622398, 1139, 2398
0, 13263, 132631139, 132632398, 1139, 2398
0, 13264, 132641139, 132642398, 1139, 2398
0, 13265, 132651139, 132653753, 1139, 3753
0, 13266, 132661139, 132662398, 1139, 2398
0, 13267, 132671139, 132672398, 1139, 2398
0, 13268, 132681139, 132682398, 1139, 2398
0, 13269, 132691139, 132692398, 1139, 2398
0, 1327, 13271139, 13272398, 1139, 2398
0, 13270, 132701139, 132702398, 1139, 2398
0, 13271, 132711139, 132712398, 1139, 2398
0, 13272, 132721139, 132725188, 1139, 5188
0, 13273, 132731139, 132734567, 1139, 4567
0, 13274, 132741139, 132742398, 1139, 2398
0, 13275, 132751139, 132752398, 1139, 2398
0, 13276, 132761139, 132762398, 1139, 2398
0, 13277, 132771139, 132772398, 1139, 2398
0, 13278, 132781139, 132782398, 1139, 2398
0, 13279, 132791139, 132793168, 1139, 3168
0, 1328, 13281139, 13282398, 1139, 2398
0, 13280, 132801139, 132802398, 1139, 2398
0, 13281, 132811139, 132812398, 1139, 2398
0, 13282, 132821139, 132822398, 1139, 2398
0, 13283, 132831139, 132832398, 1139, 2398
0, 13284, 132841139, 132842398, 1139, 2398
0, 13285, 132851139, 132852398, 1139, 2398
0, 13286, 132861139, 132863168, 1139, 3168
0, 13287, 132871139, 132872398, 1139, 2398
0, 13288, 132881139, 132882398, 1139, 2398
0, 13289, 132891139, 132892398, 1139, 2398
0, 1329, 13291139, 13292398, 1139, 2398
0, 13290, 132901139, 132902398, 1139, 2398
0, 13291, 132911139, 132912398, 1139, 2398
0, 13292, 132921139, 132922398, 1139, 2398
0, 13293, 132931139, 132933168, 1139, 3168
0, 13294, 132941139, 132942398, 1139, 2398
0, 13295, 132951139, 132952398, 1139, 2398
0, 13296, 132961139, 132962398, 1139, 2398
0, 13297, 132971139, 132972398, 1139, 2398
0, 13298, 132981139, 132982398, 1139, 2398
0, 13299, 132991139, 132992398, 1139, 2398
0, 133, 1331139, 1333753, 1139, 3753
0, 1330, 13301139, 13304868, 1139, 4868
0, 13300, 133001139, 133005914, 1139, 5914
0, 13301, 133011139, 133014370, 1139, 4370
0, 13302, 133021139, 133022398, 1139, 2398
0, 13303, 133031139, 133032398, 1139, 2398
0, 13304, 133041139, 133042398, 1139, 2398
0, 13305, 133051139, 133052398, 1139, 2398
0, 13306, 133061139, 133062398, 1139, 2398
0, 13307, 133071139, 133073168, 1139, 3168
0, 13308, 133081139, 133082398, 1139, 2398
0, 13309, 133091139, 133092398, 1139, 2398
0, 1331, 13311139, 13312398, 1139, 2398
0, 13310, 133101139, 133102398, 1139, 2398
0, 13311, 133111139, 133112398, 1139, 2398
0, 13312, 133121139, 133122398, 1139, 2398
0, 13313, 133131139, 133132398, 1139, 2398
0, 13314, 133141139, 133143168, 1139, 3168
0, 13315, 133151139, 133152398, 1139, 2398
0, 13316, 133161139, 133162398, 1139, 2398
0, 13317, 133171139, 133172398, 1139, 2398
0, 13318, 133181139, 133182398, 1139, 2398
0, 13319, 133191139, 133192398, 1139, 2398
0, 1332, 13321139, 13322398, 1139, 2398
0, 13320, 133201139, 133202689, 1139, 2689
0, 13321, 133211139, 133213168, 1139, 3168
0, 13322, 133221139, 133222398, 1139, 2398
0, 13323, 133231139, 133232398, 1139, 2398
0, 13324, 133241139, 133242398, 1139, 2398
0, 13325, 133251139, 133252398, 1139, 2398
0, 13326, 133261139, 133262398, 1139, 2398
0, 13327, 133271139, 133272398, 1139, 2398
0, 13328, 133281139, 133285188, 1139, 5188
0, 13329, 133291139, 133292398, 1139, 2398
0, 1333, 13331139, 13332398, 1139, 2398
0, 13330, 133301139, 133302398, 1139, 2398
0, 13331, 133311139, 133312398, 1139, 2398
0, 13332, 133321139, 133322398, 1139, 2398
0, 13333, 133331139, 133332398, 1139, 2398
0, 13334, 133341139, 133342398, 1139, 2398
0, 13335, 133351139, 133353753, 1139, 3753
0, 13336, 133361139, 133362398, 1139, 2398
0, 13337, 133371139, 133372398, 1139, 2398
0, 13338, 133381139, 133382398, 1139, 2398
0, 13339, 133391139, 133392398, 1139, 2398
0, 1334, 13341139, 13342398, 1139, 2398
0, 13340, 133401139, 133402398, 1139, 2398
0, 13341, 133411139, 133412398, 1139, 2398
0, 13342, 133421139, 133423168, 1139, 3168
0, 13343, 133431139, 133432398, 1139, 2398
0, 13344, 133441139, 133442398, 1139, 2398
0, 13345, 133451139, 133452398, 1139, 2398
0, 13346, 133461139, 133462398, 1139, 2398
0, 13347, 133471139, 133472398, 1139, 2398
0, 13348, 133481139, 133482398, 1139, 2398
0, 13349, 133491139, 133493168, 1139, 3168
0, 1335, 13351139, 13352398, 1139, 2398
0, 13350, 133501139, 133502398, 1139, 2398
0, 13351, 133511139, 133512398, 1139, 2398
0, 13352, 133521139, 133522398, 1139, 2398
0, 13353, 133531139, 133532398, 1139, 2398
0, 13354, 133541139, 133542398, 1139, 2398
0, 13355, 133551139, 133552398, 1139, 2398
0, 13356, 133561139, 133563753, 1139, 3753
0, 13357, 133571139, 133572398, 1139, 2398
0, 13358, 133581139, 133582398, 1139, 2398
0, 13359, 133591139, 133592398, 1139, 2398
0, 1336, 13361139, 13362398, 1139, 2398
0, 13360, 133601139, 133604166, 1139, 4166
0, 13361, 133611139, 133612398, 1139, 2398
0, 13362, 133621139, 133622398, 1139, 2398
0, 13363, 133631139, 133633168, 1139, 3168
0, 13364, 133641139, 133642398, 1139, 2398
0, 13365, 133651139, 133652398, 1139, 2398
0, 13366, 133661139, 133662398, 1139, 2398
0, 13367, 133671139, 133672398, 1139, 2398
0, 13368, 133681139, 133682398, 1139, 2398
0, 13369, 133691139, 133692398, 1139, 2398
0, 1337, 13371139, 13373168, 1139, 3168
0, 13370, 133701139, 133703753, 1139, 3753
0, 13371, 133711139, 133712398, 1139, 2398
0, 13372, 133721139, 133722398, 1139, 2398
0, 13373, 133731139, 133732398, 1139, 2398
0, 13374, 133741139, 133742398, 1139, 2398
0, 13375, 133751139, 133752398, 1139, 2398
0, 13376, 133761139, 133762398, 1139, 2398
0, 13377, 133771139, 133773168, 1139, 3168
0, 13378, 133781139, 133782398, 1139, 2398
0, 13379, 133791139, 133792398, 1139, 2398
0, 1338, 13381139, 13382398, 1139, 2398
0, 13380, 133801139, 133802398, 1139, 2398
0, 13381, 133811139, 133812398, 1139, 2398
0, 13382, 133821139, 133822398, 1139, 2398
0, 13383, 133831139, 133832398, 1139, 2398
0, 13384, 133841139, 133845188, 1139, 5188
0, 13385, 133851139, 133852398, 1139, 2398
0, 13386, 133861139, 133862398, 1139, 2398
0, 13387, 133871139, 133872398, 1139, 2398
0, 13388, 133881139, 133882398, 1139, 2398
0, 13389, 133891139, 133892398, 1139, 2398
0, 1339, 13391139, 13392398, 1139, 2398
0, 13390, 133901139, 133902398, 1139, 2398
0, 13391, 133911139, 133913168, 1139, 3168
0, 13392, 133921139, 133922398, 1139, 2398
0, 13393, 133931139, 133932398, 1139, 2398
0, 13394, 133941139, 133942398, 1139, 2398
0, 13395, 133951139, 133952689, 1139, 2689
0, 13396, 133961139, 133962398, 1139, 2398
0, 13397, 133971139, 133972398, 1139, 2398
0, 13398, 133981139, 133983168, 1139, 3168
0, 13399, 133991139, 133992398, 1139, 2398
0, 134, 1341139, 1342398, 1139, 2398
0, 1340, 13401139, 13402398, 1139, 2398
0, 13400, 134001139, 134002398, 1139, 2398
0, 13401, 134011139, 134012398, 1139, 2398
0, 13402, 134021139, 134022398, 1139, 2398
0, 13403, 134031139, 134032398, 1139, 2398
0, 13404, 134041139, 134042398, 1139, 2398
0, 13405, 134051139, 134054868, 1139, 4868
0, 13406, 134061139, 134062398, 1139, 2398
0, 13407, 134071139, 134072398, 1139, 2398
0, 13408, 134081139, 134082398, 1139, 2398
0, 13409, 134091139, 134092398, 1139, 2398
0, 1341, 13411139, 13412398, 1139, 2398
0, 13410, 134101139, 134102398, 1139, 2398
0, 13411, 134111139, 134112398, 1139, 2398
0, 13412, 134121139, 134123753, 1139, 3753
0, 13413, 134131139, 134132398, 1139, 2398
0, 13414, 134141139, 134142398, 1139, 2398
0, 13415, 134151139, 134152398, 1139, 2398
0, 13416, 134161139, 134162689, 1139, 2689
0, 13417, 134171139, 134172398, 1139, 2398
0, 13418, 134181139, 134182398, 1139, 2398
0, 13419, 134191139, 134193168, 1139, 3168
0, 1342, 13421139, 13422398, 1139, 2398
0, 13420, 134201139, 134202398, 1139, 2398
0, 13421, 134211139, 134212398, 1139, 2398
0, 13422, 134221139, 134222398, 1139, 2398
0, 13423, 134231139, 134232398, 1139, 2398
0, 13424, 134241139, 134242398, 1139, 2398
0, 13425, 134251139, 134252398, 1139, 2398
0, 13426, 134261139, 134263168, 1139, 3168
0, 13427, 134271139, 134272398, 1139, 2398
0, 13428, 134281139, 134282398, 1139, 2398
0, 13429, 134291139, 134292398, 1139, 2398
0, 1343, 13431139, 13432398, 1139, 2398
0, 13430, 134301139, 134302398, 1139, 2398
0, 13431, 134311139, 134312398, 1139, 2398
0, 13432, 134321139, 134322398, 1139, 2398
0, 13433, 134331139, 134333753, 1139, 3753
0, 13434, 134341139, 134342398, 1139, 2398
0, 13435, 134351139, 134352398, 1139, 2398
0, 13436, 134361139, 134362398, 1139, 2398
0, 13437, 134371139, 134372398, 1139, 2398
0, 13438, 134381139, 134382398, 1139, 2398
0, 13439, 134391139, 134392398, 1139, 2398
0, 1344, 13441139, 13445188, 1139, 5188
0, 13440, 134401139, 134405188, 1139, 5188
0, 13441, 134411139, 134412398, 1139, 2398
0, 13442, 134421139, 134422398, 1139, 2398
0, 13443, 134431139, 134432398, 1139, 2398
0, 13444, 134441139, 134442398, 1139, 2398
0, 13445, 134451139, 134452398, 1139, 2398
0, 13446, 134461139, 134462398, 1139, 2398
0, 13447, 134471139, 134473168, 1139, 3168
0, 13448, 134481139, 134482398, 1139, 2398
0, 13449, 134491139, 134492398, 1139, 2398
0, 1345, 13451139, 13452398, 1139, 2398
0, 13450, 134501139, 134502398, 1139, 2398
0, 13451, 134511139, 134512398, 1139, 2398
0, 13452, 134521139, 134522398, 1139, 2398
0, 13453, 134531139, 134532398, 1139, 2398
0, 13454, 134541139, 134543168, 1139, 3168
0, 13455, 134551139, 134552398, 1139, 2398
0, 13456, 134561139, 134562398, 1139, 2398
0, 13457, 134571139, 134572398, 1139, 2398
0, 13458, 134581139, 134582398, 1139, 2398
0, 13459, 134591139, 134592398, 1139, 2398
0, 1346, 13461139, 13462398, 1139, 2398
0, 13460, 134601139, 134602398, 1139, 2398
0, 13461, 134611139, 134613168, 1139, 3168
0, 13462, 134621139, 134622398, 1139, 2398
0, 13463, 134631139, 134632398, 1139, 2398
0, 13464, 134641139, 134642398, 1139, 2398
0, 13465, 134651139, 134652398, 1139, 2398
0, 13466, 134661139, 134662398, 1139, 2398
0, 13467, 134671139, 134672398, 1139, 2398
0, 13468, 134681139, 134683753, 1139, 3753
0, 13469, 134691139, 134692398, 1139, 2398
0, 1347, 13471139, 13472398, 1139, 2398
0, 13470, 134701139, 134702398, 1139, 2398
0, 13471, 134711139, 134712398, 1139, 2398
0, 13472, 134721139, 134722398, 1139, 2398
0, 13473, 134731139, 134732398, 1139, 2398
0, 13474, 134741139, 134742398, 1139, 2398
0, 13475, 134751139, 134753753, 1139, 3753
0, 13476, 134761139, 134762398, 1139, 2398
0, 13477, 134771139, 134772398, 1139, 2398
0, 13478, 134781139, 134782398, 1139, 2398
0, 13479, 134791139, 134792398, 1139, 2398
0, 1348, 13481139, 13482398, 1139, 2398
0, 13480, 134801139, 134802398, 1139, 2398
0, 13481, 134811139, 134812398, 1139, 2398
0, 13482, 134821139, 134823168, 1139, 3168
0, 13483, 134831139, 134832398, 1139, 2398
0, 13484, 134841139, 134842398, 1139, 2398
0, 13485, 134851139, 134852398, 1139, 2398
0, 13486, 134861139, 134862398, 1139, 2398
0, 13487, 134871139, 134872398, 1139, 2398
0, 13488, 134881139, 134882398, 1139, 2398
0, 13489, 134891139, 134893168, 1139, 3168
0, 1349, 13491139, 13492398, 1139, 2398
0, 13490, 134901139, 134902398, 1139, 2398
0, 13491, 134911139, 134912398, 1139, 2398
0, 13492, 134921139, 134922398, 1139, 2398
0, 13493, 134931139, 134932398, 1139, 2398
0, 13494, 134941139, 134942398, 1139, 2398
0, 13495, 134951139, 134952398, 1139, 2398
0, 13496, 134961139, 134965188, 1139, 5188
0, 13497, 134971139, 134972398, 1139, 2398
0, 13498, 134981139, 134982398, 1139, 2398
0, 13499, 134991139, 134992398, 1139, 2398
0, 135, 1351139, 1352398, 1139, 2398
0, 1350, 13501139, 13502398, 1139, 2398
0, 13500, 135001139, 135004166, 1139, 4166
0, 13501, 135011139, 135012398, 1139, 2398
0, 13502, 135021139, 135022398, 1139, 2398
0, 13503, 135031139, 135033168, 1139, 3168
0, 13504, 135041139, 135042398, 1139, 2398
0, 13505, 135051139, 135052398, 1139, 2398
0, 13506, 135061139, 135062398, 1139, 2398
0, 13507, 135071139, 135072398, 1139, 2398
0, 13508, 135081139, 135082398, 1139, 2398
0, 13509, 135091139, 135092398, 1139, 2398
0, 1351, 13511139, 13513168, 1139, 3168
0, 13510, 135101139, 135103753, 1139, 3753
0, 13511, 135111139, 135112398, 1139, 2398
0, 13512, 135121139, 135122398, 1139, 2398
0, 13513, 135131139, 135132398, 1139, 2398
0, 13514, 135141139, 135142398, 1139, 2398
0, 13515, 135151139, 135152398, 1139, 2398
0, 13516, 135161139, 135162398, 1139, 2398
0, 13517, 135171139, 135173168, 1139, 3168
0, 13518, 135181139, 135182398, 1139, 2398
0, 13519, 135191139, 135192398, 1139, 2398
0, 1352, 13521139, 13522398, 1139, 2398
0, 13520, 135201139, 135202398, 1139, 2398
0, 13521, 135211139, 135212398, 1139, 2398
0, 13522, 135221139, 135222398, 1139, 2398
0, 13523, 135231139, 135232398, 1139, 2398
0, 13524, 135241139, 135243753, 1139, 3753
0, 13525, 135251139, 135252398, 1139, 2398
0, 13526, 135261139, 135262398, 1139, 2398
0, 13527, 135271139, 135272398, 1139, 2398
0, 13528, 135281139, 135283811, 1139, 3811
0, 13529, 135291139, 135292398, 1139, 2398
0, 1353, 13531139, 13532398, 1139, 2398
0, 13530, 135301139, 135302398, 1139, 2398
0, 13531, 135311139, 135313168, 1139, 3168
0, 13532, 135321139, 135322398, 1139, 2398
0, 13533, 135331139, 135332398, 1139, 2398
0, 13534, 135341139, 135342398, 1139, 2398
0, 13535, 135351139, 135352398, 1139, 2398
0, 13536, 135361139, 135362398, 1139, 2398
0, 13537, 135371139, 135372398, 1139, 2398
0, 13538, 135381139, 135383753, 1139, 3753
0, 13539, 135391139, 135392398, 1139, 2398
0, 1354, 13541139, 13542398, 1139, 2398
0, 13540, 135401139, 135402398, 1139, 2398
0, 13541, 135411139, 135412398, 1139, 2398
0, 13542, 135421139, 135422398, 1139, 2398
0, 13543, 135431139, 135432398, 1139, 2398
0, 13544, 135441139, 135442398, 1139, 2398
0, 13545, 135451139, 135453753, 1139, 3753
0, 13546, 135461139, 135462398, 1139, 2398
0, 13547, 135471139, 135472398, 1139, 2398
0, 13548, 135481139, 135482398, 1139, 2398
0, 13549, 135491139, 135492398, 1139, 2398
0, 1355, 13551139, 13552398, 1139, 2398
0, 13550, 135501139, 135502398, 1139, 2398
0, 13551, 135511139, 135512398, 1139, 2398
0, 13552, 135521139, 135525188, 1139, 5188
0, 13553, 135531139, 135534250, 1139, 4250
0, 13554, 135541139, 135542398, 1139, 2398
0, 13555, 135551139, 135552398, 1139, 2398
0, 13556, 135561139, 135562398, 1139, 2398
0, 13557, 135571139, 135572398, 1139, 2398
0, 13558, 135581139, 135582398, 1139, 2398
0, 13559, 135591139, 135593168, 1139, 3168
0, 1356, 13561139, 13562398, 1139, 2398
0, 13560, 135601139, 135602689, 1139, 2689
0, 13561, 135611139, 135612398, 1139, 2398
0, 13562, 135621139, 135622398, 1139, 2398
0, 13563, 135631139, 135632398, 1139, 2398
0, 13564, 135641139, 135642398, 1139, 2398
0, 13565, 135651139, 135652398, 1139, 2398
0, 13566, 135661139, 135663753, 1139, 3753
0, 13567, 135671139, 135672398, 1139, 2398
0, 13568, 135681139, 135682398, 1139, 2398
0, 13569, 135691139, 135692398, 1139, 2398
0, 1357, 13571139, 13572398, 1139, 2398
0, 13570, 135701139, 135702398, 1139, 2398
0, 13571, 135711139, 135712398, 1139, 2398
0, 13572, 135721139, 135722398, 1139, 2398
0, 13573, 135731139, 135733168, 1139, 3168
0, 13574, 135741139, 135742398, 1139, 2398
0, 13575, 135751139, 135752398, 1139, 2398
0, 13576, 135761139, 135762398, 1139, 2398
0, 13577, 135771139, 135772398, 1139, 2398
0, 13578, 135781139, 135782398, 1139, 2398
0, 13579, 135791139, 135792398, 1139, 2398
0, 1358, 13581139, 13583168, 1139, 3168
0, 13580, 135801139, 135804868, 1139, 4868
0, 13581, 135811139, 135812398, 1139, 2398
0, 13582, 135821139, 135822398, 1139, 2398
0, 13583, 135831139, 135832398, 1139, 2398
0, 13584, 135841139, 135842689, 1139, 2689
0, 13585, 135851139, 135852398, 1139, 2398
0, 13586, 135861139, 135862398, 1139, 2398
0, 13587, 135871139, 135873168, 1139, 3168
0, 13588, 135881139, 135882398, 1139, 2398
0, 13589, 135891139, 135892398, 1139, 2398
0, 1359, 13591139, 13592398, 1139, 2398
0, 13590, 135901139, 135902398, 1139, 2398
0, 13591, 135911139, 135912398, 1139, 2398
0, 13592, 135921139, 135922398, 1139, 2398
0, 13593, 135931139, 135932398, 1139, 2398
0, 13594, 135941139, 135943168, 1139, 3168
0, 13595, 135951139, 135952398, 1139, 2398
0, 13596, 135961139, 135962398, 1139, 2398
0, 13597, 135971139, 135972398, 1139, 2398
0, 13598, 135981139, 135982398, 1139, 2398
0, 13599, 135991139, 135992398, 1139, 2398
0, 136, 1361139, 1362398, 1139, 2398
0, 1360, 13601139, 13602398, 1139, 2398
0, 13600, 136001139, 136002398, 1139, 2398
0, 13601, 136011139, 136013168, 1139, 3168
0, 13602, 136021139, 136022398, 1139, 2398
0, 13603, 136031139, 136032398, 1139, 2398
0, 13604, 136041139, 136042398, 1139, 2398
0, 13605, 136051139, 136052398, 1139, 2398
0, 13606, 136061139, 136062398, 1139, 2398
0, 13607, 136071139, 136072398, 1139, 2398
0, 13608, 136081139, 136085188, 1139, 5188
0, 13609, 136091139, 136092398, 1139, 2398
0, 1361, 13611139, 13612398, 1139, 2398
0, 13610, 136101139, 136102398, 1139, 2398
0, 13611, 136111139, 136112398, 1139, 2398
0, 13612, 136121139, 136122398, 1139, 2398
0, 13613, 136131139, 136132398, 1139, 2398
0, 13614, 136141139, 136142398, 1139, 2398
0, 13615, 136151139, 136153753, 1139, 3753
0, 13616, 136161139, 136162398, 1139, 2398
0, 13617, 136171139, 136172398, 1139, 2398
0, 13618, 136181139, 136182398, 1139, 2398
0, 13619, 136191139, 136192398, 1139, 2398
0, 1362, 13621139, 13622398, 1139, 2398
0, 13620, 136201139, 136202398, 1139, 2398
0, 13621, 136211139, 136212398, 1139, 2398
0, 13622, 136221139, 136223168, 1139, 3168
0, 13623, 136231139, 136232398, 1139, 2398
0, 13624, 136241139, 136242398, 1139, 2398
0, 13625, 136251139, 136252398, 1139, 2398
0, 13626, 136261139, 136262398, 1139, 2398
0, 13627, 136271139, 136272398, 1139, 2398
0, 13628, 136281139, 136282398, 1139, 2398
0, 13629, 136291139, 136293168, 1139, 3168
0, 1363, 13631139, 13632398, 1139, 2398
0, 13630, 136301139, 136302398, 1139, 2398
0, 13631, 136311139, 136312398, 1139, 2398
0, 13632, 136321139, 136322398, 1139, 2398
0, 13633, 136331139, 136333202, 1139, 3202
0, 13634, 136341139, 136342398, 1139, 2398
0, 13635, 136351139, 136352398, 1139, 2398
0, 13636, 136361139, 136363753, 1139, 3753
0, 13637, 136371139, 136372398, 1139, 2398
0, 13638, 136381139, 136382398, 1139, 2398
0, 13639, 136391139, 136392398, 1139, 2398
0, 1364, 13641139, 13642398, 1139, 2398
0, 13640, 136401139, 136404166, 1139, 4166
0, 13641, 136411139, 136412398, 1139, 2398
0, 13642, 136421139, 136422398, 1139, 2398
0, 13643, 136431139, 136433168, 1139, 3168
0, 13644, 136441139, 136442398, 1139, 2398
0, 13645, 136451139, 136452398, 1139, 2398
0, 13646, 136461139, 136462398, 1139, 2398
0, 13647, 136471139, 136472398, 1139, 2398
0, 13648, 136481139, 136482398, 1139, 2398
0, 13649, 136491139, 136492398, 1139, 2398
0, 1365, 13651139, 13653753, 1139, 3753
0, 13650, 136501139, 136503753, 1139, 3753
0, 13651, 136511139, 136512398, 1139, 2398
0, 13652, 136521139, 136522398, 1139, 2398
0, 13653, 136531139, 136532398, 1139, 2398
0, 13654, 136541139, 136542398, 1139, 2398
0, 13655, 136551139, 136552398, 1139, 2398
0, 13656, 136561139, 136562398, 1139, 2398
0, 13657, 136571139, 136573168, 1139, 3168
0, 13658, 136581139, 136582398, 1139, 2398
0, 13659, 136591139, 136592398, 1139, 2398
0, 1366, 13661139, 13662398, 1139, 2398
0, 13660, 136601139, 136602398, 1139, 2398
0, 13661, 136611139, 136612398, 1139, 2398
0, 13662, 136621139, 136622398, 1139, 2398
0, 13663, 136631139, 136632398, 1139, 2398
0, 13664, 136641139, 136645188, 1139, 5188
0, 13665, 136651139, 136652398, 1139, 2398
0, 13666, 136661139, 136662398, 1139, 2398
0, 13667, 136671139, 136672398, 1139, 2398
0, 13668, 136681139, 136682398, 1139, 2398
0, 13669, 136691139, 136692398, 1139, 2398
0, 1367, 13671139, 13672398, 1139, 2398
0, 13670, 136701139, 136702398, 1139, 2398
0, 13671, 136711139, 136713753, 1139, 3753
0, 13672, 136721139, 136722398, 1139, 2398
0, 13673, 136731139, 136732398, 1139, 2398
0, 13674, 136741139, 136742398, 1139, 2398
0, 13675, 136751139, 136752398, 1139, 2398
0, 13676, 136761139, 136762398, 1139, 2398
0, 13677, 136771139, 136772398, 1139, 2398
0, 13678, 136781139, 136783168, 1139, 3168
0, 13679, 136791139, 136792398, 1139, 2398
0, 1368, 13681139, 13682689, 1139, 2689
0, 13680, 136801139, 136804868, 1139, 4868
0, 13681, 136811139, 136812398, 1139, 2398
0, 13682, 136821139, 136822398, 1139, 2398
0, 13683, 136831139, 136832398, 1139, 2398
0, 13684, 136841139, 136842398, 1139, 2398
0, 13685, 136851139, 136853753, 1139, 3753
0, 13686, 136861139, 136862398, 1139, 2398
0, 13687, 136871139, 136872398, 1139, 2398
0, 13688, 136881139, 136882398, 1139, 2398
0, 13689, 136891139, 136892398, 1139, 2398
0, 1369, 13691139, 13692398, 1139, 2398
0, 13690, 136901139, 136902398, 1139, 2398
0, 13691, 136911139, 136912398, 1139, 2398
0, 13692, 136921139, 136923753, 1139, 3753
0, 13693, 136931139, 136932398, 1139, 2398
0, 13694, 136941139, 136942398, 1139, 2398
0, 13695, 136951139, 136952398, 1139, 2398
0, 13696, 136961139, 136962398, 1139, 2398
0, 13697, 136971139, 136972398, 1139, 2398
0, 13698, 136981139, 136982398, 1139, 2398
0, 13699, 136991139, 136993753, 1139, 3753
0, 137, 1371139, 1372398, 1139, 2398
0, 1370, 13701139, 13702398, 1139, 2398
0, 13700, 137001139, 137002398, 1139, 2398
0, 13701, 137011139, 137012398, 1139, 2398
0, 13702, 137021139, 137022398, 1139, 2398
0, 13703, 137031139, 137032398, 1139, 2398
0, 13704, 137041139, 137042398, 1139, 2398
0, 13705, 137051139, 137052398, 1139, 2398
0, 13706, 137061139, 137063168, 1139, 3168
0, 13707, 137071139, 137072398, 1139, 2398
0, 13708, 137081139, 137082398, 1139, 2398
0, 13709, 137091139, 137092398, 1139, 2398
0, 1371, 13711139, 13712398, 1139, 2398
0, 13710, 137101139, 137102398, 1139, 2398
0, 13711, 137111139, 137112398, 1139, 2398
0, 13712, 137121139, 137122398, 1139, 2398
0, 13713, 137131139, 137133168, 1139, 3168
0, 13714, 137141139, 137142398, 1139, 2398
0, 13715, 137151139, 137152398, 1139, 2398
0, 13716, 137161139, 137162398, 1139, 2398
0, 13717, 137171139, 137172398, 1139, 2398
0, 13718, 137181139, 137182398, 1139, 2398
0, 13719, 137191139, 137192398, 1139, 2398
0, 1372, 13721139, 13723753, 1139, 3753
0, 13720, 137201139, 137205188, 1139, 5188
0, 13721, 137211139, 137214099, 1139, 4099
0, 13722, 137221139, 137222398, 1139, 2398
0, 13723, 137231139, 137232398, 1139, 2398
0, 13724, 137241139, 137242398, 1139, 2398
0, 13725, 137251139, 137252398, 1139, 2398
0, 13726, 137261139, 137262398, 1139, 2398
0, 13727, 137271139, 137273168, 1139, 3168
0, 13728, 137281139, 137282689, 1139, 2689
0, 13729, 137291139, 137292398, 1139, 2398
0, 1373, 13731139, 13732398, 1139, 2398
0, 13730, 137301139, 137302398, 1139, 2398
0, 13731, 137311139, 137312398, 1139, 2398
0, 13732, 137321139, 137322398, 1139, 2398
0, 13733, 137331139, 137332398, 1139, 2398
0, 13734, 137341139, 137343168, 1139, 3168
0, 13735, 137351139, 137352398, 1139, 2398
0, 13736, 137361139, 137362398, 1139, 2398
0, 13737, 137371139, 137372398, 1139, 2398
0, 13738, 137381139, 137382398, 1139, 2398
0, 13739, 137391139, 137392398, 1139, 2398
0, 1374, 13741139, 13742398, 1139, 2398
0, 13740, 137401139, 137402398, 1139, 2398
0, 13741, 137411139, 137413168, 1139, 3168
0, 13742, 137421139, 137422398, 1139, 2398
0, 13743, 137431139, 137432398, 1139, 2398
0, 13744, 137441139, 137442398, 1139, 2398
0, 13745, 137451139, 137452398, 1139, 2398
0, 13746, 137461139, 137462398, 1139, 2398
0, 13747, 137471139, 137472398, 1139, 2398
0, 13748, 137481139, 137483753, 1139, 3753
0, 13749, 137491139, 137492398, 1139, 2398
0, 1375, 13751139, 13752398, 1139, 2398
0, 13750, 137501139, 137502398, 1139, 2398
0, 13751, 137511139, 137512398, 1139, 2398
0, 13752, 137521139, 137522689, 1139, 2689
0, 13753, 137531139, 137532398, 1139, 2398
0, 13754, 137541139, 137542398, 1139, 2398
0, 13755, 137551139, 137553753, 1139, 3753
0, 13756, 137561139, 137562398, 1139, 2398
0, 13757, 137571139, 137572398, 1139, 2398
0, 13758, 137581139, 137582398, 1139, 2398
0, 13759, 137591139, 137592398, 1139, 2398
0, 1376, 13761139, 13762398, 1139, 2398
0, 13760, 137601139, 137602398, 1139, 2398
0, 13761, 137611139, 137612398, 1139, 2398
0, 13762, 137621139, 137623168, 1139, 3168
0, 13763, 137631139, 137632398, 1139, 2398
0, 13764, 137641139, 137642398, 1139, 2398
0, 13765, 137651139, 137652398, 1139, 2398
0, 13766, 137661139, 137662398, 1139, 2398
0, 13767, 137671139, 137672398, 1139, 2398
0, 13768, 137681139, 137682398, 1139, 2398
0, 13769, 137691139, 137693168, 1139, 3168
0, 1377, 13771139, 13772398, 1139, 2398
0, 13770, 137701139, 137702398, 1139, 2398
0, 13771, 137711139, 137712398, 1139, 2398
0, 13772, 137721139, 137722398, 1139, 2398
0, 13773, 137731139, 137732398, 1139, 2398
0, 13774, 137741139, 137742398, 1139, 2398
0, 13775, 137751139, 137752398, 1139, 2398
0, 13776, 137761139, 137765188, 1139, 5188
0, 13777, 137771139, 137772398, 1139, 2398
0, 13778, 137781139, 137782398, 1139, 2398
0, 13779, 137791139, 137792398, 1139, 2398
0, 1378, 13781139, 13782398, 1139, 2398
0, 13780, 137801139, 137802398, 1139, 2398
0, 13781, 137811139, 137812398, 1139, 2398
0, 13782, 137821139, 137822398, 1139, 2398
0, 13783, 137831139, 137833168, 1139, 3168
0, 13784, 137841139, 137842398, 1139, 2398
0, 13785, 137851139, 137852398, 1139, 2398
0, 13786, 137861139, 137862398, 1139, 2398
0, 13787, 137871139, 137872398, 1139, 2398
0, 13788, 137881139, 137882398, 1139, 2398
0, 13789, 137891139, 137892398, 1139, 2398
0, 1379, 13791139, 13793168, 1139, 3168
0, 13790, 137901139, 137903753, 1139, 3753
0, 13791, 137911139, 137912398, 1139, 2398
0, 13792, 137921139, 137922398, 1139, 2398
0, 13793, 137931139, 137932398, 1139, 2398
0, 13794, 137941139, 137942398, 1139, 2398
0, 13795, 137951139, 137952398, 1139, 2398
0, 13796, 137961139, 137962398, 1139, 2398
0, 13797, 137971139, 137973168, 1139, 3168
0, 13798, 137981139, 137982398, 1139, 2398
0, 13799, 137991139, 137992398, 1139, 2398
0, 138, 1381139, 1382398, 1139, 2398
0, 1380, 13801139, 13802398, 1139, 2398
0, 13800, 138001139, 138002689, 1139, 2689
0, 13801, 138011139, 138012398, 1139, 2398
0, 13802, 138021139, 138022398, 1139, 2398
0, 13803, 138031139, 138032398, 1139, 2398
0, 13804, 138041139, 138045165, 1139, 5165
0, 13805, 138051139, 138052398, 1139, 2398
0, 13806, 138061139, 138062398, 1139, 2398
0, 13807, 138071139, 138072398, 1139, 2398
0, 13808, 138081139, 138082398, 1139, 2398
0, 13809, 138091139, 138092398, 1139, 2398
0, 1381, 13811139, 13812398, 1139, 2398
0, 13810, 138101139, 138102398, 1139, 2398
0, 13811, 138111139, 138113168, 1139, 3168
0, 13812, 138121139, 138122398, 1139, 2398
0, 13813, 138131139, 138132398, 1139, 2398
0, 13814, 138141139, 138142398, 1139, 2398
0, 13815, 138151139, 138152398, 1139, 2398
0, 13816, 138161139, 138162398, 1139, 2398
0, 13817, 138171139, 138172398, 1139, 2398
0, 13818, 138181139, 138183168, 1139, 3168
0, 13819, 138191139, 138192398, 1139, 2398
0, 1382, 13821139, 13822398, 1139, 2398
0, 13820, 138201139, 138202398, 1139, 2398
0, 13821, 138211139, 138212398, 1139, 2398
0, 13822, 138221139, 138222398, 1139, 2398
0, 13823, 138231139, 138232398, 1139, 2398
0, 13824, 138241139, 138242398, 1139, 2398
0, 13825, 138251139, 138253753, 1139, 3753
0, 13826, 138261139, 138262398, 1139, 2398
0, 13827, 138271139, 138272398, 1139, 2398
0, 13828, 138281139, 138282398, 1139, 2398
0, 13829, 138291139, 138292398, 1139, 2398
0, 1383, 13831139, 13832398, 1139, 2398
0, 13830, 138301139, 138302398, 1139, 2398
0, 13831, 138311139, 138312398, 1139, 2398
0, 13832, 138321139, 138325914, 1139, 5914
0, 13833, 138331139, 138335630, 1139, 5630
0, 13834, 138341139, 138342398, 1139, 2398
0, 13835, 138351139, 138352398, 1139, 2398
0, 13836, 138361139, 138362398, 1139, 2398
0, 13837, 138371139, 138372398, 1139, 2398
0, 13838, 138381139, 138382398, 1139, 2398
0, 13839, 138391139, 138393168, 1139, 3168
0, 1384, 13841139, 13842398, 1139, 2398
0, 13840, 138401139, 138402398, 1139, 2398
0, 13841, 138411139, 138412398, 1139, 2398
0, 13842, 138421139, 138422398, 1139, 2398
0, 13843, 138431139, 138432398, 1139, 2398
0, 13844, 138441139, 138442398, 1139, 2398
0, 13845, 138451139, 138452398, 1139, 2398
0, 13846, 138461139, 138463168, 1139, 3168
0, 13847, 138471139, 138472398, 1139, 2398
0, 13848, 138481139, 138482398, 1139, 2398
0, 13849, 138491139, 138492398, 1139, 2398
0, 1385, 13851139, 13852398, 1139, 2398
0, 13850, 138501139, 138502398, 1139, 2398
0, 13851, 138511139, 138512398, 1139, 2398
0, 13852, 138521139, 138522398, 1139, 2398
0, 13853, 138531139, 138533168, 1139, 3168
0, 13854, 138541139, 138542398, 1139, 2398
0, 13855, 138551139, 138552398, 1139, 2398
0, 13856, 138561139, 138562398, 1139, 2398
0, 13857, 138571139, 138572398, 1139, 2398
0, 13858, 138581139, 138582398, 1139, 2398
0, 13859, 138591139, 138592398, 1139, 2398
0, 1386, 13861139, 13863168, 1139, 3168
0, 13860, 138601139, 138604868, 1139, 4868
0, 13861, 138611139, 138612398, 1139, 2398
0, 13862, 138621139, 138622398, 1139, 2398
0, 13863, 138631139, 138632398, 1139, 2398
0, 13864, 138641139, 138642398, 1139, 2398
0, 13865, 138651139, 138652398, 1139, 2398
0, 13866, 138661139, 138662398, 1139, 2398
0, 13867, 138671139, 138673168, 1139, 3168
0, 13868, 138681139, 138682398, 1139, 2398
0, 13869, 138691139, 138692398, 1139, 2398
0, 1387, 13871139, 13872398, 1139, 2398
0, 13870, 138701139, 138702398, 1139, 2398
0, 13871, 138711139, 138712398, 1139, 2398
0, 13872, 138721139, 138722398, 1139, 2398
0, 13873, 138731139, 138732398, 1139, 2398
0, 13874, 138741139, 138743168, 1139, 3168
0, 13875, 138751139, 138752398, 1139, 2398
0, 13876, 138761139, 138762398, 1139, 2398
0, 13877, 138771139, 138772398, 1139, 2398
0, 13878, 138781139, 138782398, 1139, 2398
0, 13879, 138791139, 138792398, 1139, 2398
0, 1388, 13881139, 13882398, 1139, 2398
0, 13880, 138801139, 138804868, 1139, 4868
0, 13881, 138811139, 138813168, 1139, 3168
0, 13882, 138821139, 138822398, 1139, 2398
0, 13883, 138831139, 138832398, 1139, 2398
0, 13884, 138841139, 138842398, 1139, 2398
0, 13885, 138851139, 138852398, 1139, 2398
0, 13886, 138861139, 138862398, 1139, 2398
0, 13887, 138871139, 138872398, 1139, 2398
0, 13888, 138881139, 138885188, 1139, 5188
0, 13889, 138891139, 138892398, 1139, 2398
0, 1389, 13891139, 13892398, 1139, 2398
0, 13890, 138901139, 138902398, 1139, 2398
0, 13891, 138911139, 138912398, 1139, 2398
0, 13892, 138921139, 138922398, 1139, 2398
0, 13893, 138931139, 138932398, 1139, 2398
0, 13894, 138941139, 138942398, 1139, 2398
0, 13895, 138951139, 138953753, 1139, 3753
0, 13896, 138961139, 138962398, 1139, 2398
0, 13897, 138971139, 138972398, 1139, 2398
0, 13898, 138981139, 138982398, 1139, 2398
0, 13899, 138991139, 138992398, 1139, 2398
0, 139, 1391139, 1392398, 1139, 2398
0, 1390, 13901139, 13902398, 1139, 2398
0, 13900, 139001139, 139002398, 1139, 2398
0, 13901, 139011139, 139012398, 1139, 2398
0, 13902, 139021139, 139023168, 1139, 3168
0, 13903, 139031139, 139032398, 1139, 2398
0, 13904, 139041139, 139042398, 1139, 2398
0, 13905, 139051139, 139052398, 1139, 2398
0, 13906, 139061139, 139062398, 1139, 2398
0, 13907, 139071139, 139072398, 1139, 2398
0, 13908, 139081139, 139082398, 1139, 2398
0, 13909, 139091139, 139093168, 1139, 3168
0, 1391, 13911139, 13912398, 1139, 2398
0, 13910, 139101139, 139102398, 1139, 2398
0, 13911, 139111139, 139112398, 1139, 2398
0, 13912, 139121139, 139122398, 1139, 2398
0, 13913, 139131139, 139132398, 1139, 2398
0, 13914, 139141139, 139142398, 1139, 2398
0, 13915, 139151139, 139152398, 1139, 2398
0, 13916, 139161139, 139163753, 1139, 3753
0, 13917, 139171139, 139172398, 1139, 2398
0, 13918, 139181139, 139182398, 1139, 2398
0, 13919, 139191139, 139192398, 1139, 2398
0, 1392, 13921139, 13922398, 1139, 2398
0, 13920, 139201139, 139204166, 1139, 4166
0, 13921, 139211139, 139212398, 1139, 2398
0, 13922, 139221139, 139222398, 1139, 2398
0, 13923, 139231139, 139233168, 1139, 3168
0, 13924, 139241139, 139242398, 1139, 2398
0, 13925, 139251139, 139252398, 1139, 2398
0, 13926, 139261139, 139262398, 1139, 2398
0, 13927, 139271139, 139272398, 1139, 2398
0, 13928, 139281139, 139282398, 1139, 2398
0, 13929, 139291139, 139292398, 1139, 2398
0, 1393, 13931139, 13933168, 1139, 3168
0, 13930, 139301139, 139303753, 1139, 3753
0, 13931, 139311139, 139312398, 1139, 2398
0, 13932, 139321139, 139322398, 1139, 2398
0, 13933, 139331139, 139332398, 1139, 2398
0, 13934, 139341139, 139342398, 1139, 2398
0, 13935, 139351139, 139352398, 1139, 2398
0, 13936, 139361139, 139362398, 1139, 2398
0, 13937, 139371139, 139373753, 1139, 3753
0, 13938, 139381139, 139382398, 1139, 2398
0, 13939, 139391139, 139392398, 1139, 2398
0, 1394, 13941139, 13942398, 1139, 2398
0, 13940, 139401139, 139402398, 1139, 2398
0, 13941, 139411139, 139412398, 1139, 2398
0, 13942, 139421139, 139422398, 1139, 2398
0, 13943, 139431139, 139432398, 1139, 2398
0, 13944, 139441139, 139445188, 1139, 5188
0, 13945, 139451139, 139452398, 1139, 2398
0, 13946, 139461139, 139462398, 1139, 2398
0, 13947, 139471139, 139472398, 1139, 2398
0, 13948, 139481139, 139482398, 1139, 2398
0, 13949, 139491139, 139492398, 1139, 2398
0, 1395, 13951139, 13952398, 1139, 2398
0, 13950, 139501139, 139502398, 1139, 2398
0, 13951, 139511139, 139513168, 1139, 3168
0, 13952, 139521139, 139522398, 1139, 2398
0, 13953, 139531139, 139532398, 1139, 2398
0, 13954, 139541139, 139542398, 1139, 2398
0, 13955, 139551139, 139552398, 1139, 2398
0, 13956, 139561139, 139562398, 1139, 2398
0, 13957, 139571139, 139572398, 1139, 2398
0, 13958, 139581139, 139583168, 1139, 3168
0, 13959, 139591139, 139592398, 1139, 2398
0, 1396, 13961139, 13962398, 1139, 2398
0, 13960, 139601139, 139602398, 1139, 2398
0, 13961, 139611139, 139612398, 1139, 2398
0, 13962, 139621139, 139622398, 1139, 2398
0, 13963, 139631139, 139632398, 1139, 2398
0, 13964, 139641139, 139642398, 1139, 2398
0, 13965, 139651139, 139654868, 1139, 4868
0, 13966, 139661139, 139662398, 1139, 2398
0, 13967, 139671139, 139672398, 1139, 2398
0, 13968, 139681139, 139682398, 1139, 2398
0, 13969, 139691139, 139692398, 1139, 2398
0, 1397, 13971139, 13972398, 1139, 2398
0, 13970, 139701139, 139702398, 1139, 2398
0, 13971, 139711139, 139712398, 1139, 2398
0, 13972, 139721139, 139723753, 1139, 3753
0, 13973, 139731139, 139732398, 1139, 2398
0, 13974, 139741139, 139742398, 1139, 2398
0, 13975, 139751139, 139752398, 1139, 2398
0, 13976, 139761139, 139762398, 1139, 2398
0, 13977, 139771139, 139772398, 1139, 2398
0, 13978, 139781139, 139782398, 1139, 2398
0, 13979, 139791139, 139793168, 1139, 3168
0, 1398, 13981139, 13982398, 1139, 2398
0, 13980, 139801139, 139802398, 1139, 2398
0, 13981, 139811139, 139812398, 1139, 2398
0, 13982, 139821139, 139822398, 1139, 2398
0, 13983, 139831139, 139832398, 1139, 2398
0, 13984, 139841139, 139842398, 1139, 2398
0, 13985, 139851139, 139852398, 1139, 2398
0, 13986, 139861139, 139863168, 1139, 3168
0, 13987, 139871139, 139872398, 1139, 2398
0, 13988, 139881139, 139882398, 1139, 2398
0, 13989, 139891139, 139892398, 1139, 2398
0, 1399, 13991139, 13992398, 1139, 2398
0, 13990, 139901139, 139902398, 1139, 2398
0, 13991, 139911139, 139912398, 1139, 2398
0, 13992, 139921139, 139922398, 1139, 2398
0, 13993, 139931139, 139933168, 1139, 3168
0, 13994, 139941139, 139942398, 1139, 2398
0, 13995, 139951139, 139952398, 1139, 2398
0, 13996, 139961139, 139962398, 1139, 2398
0, 13997, 139971139, 139972398, 1139, 2398
0, 13998, 139981139, 139982398, 1139, 2398
0, 13999, 139991139, 139992398, 1139, 2398
0, 14, 141139, 143168, 1139, 3168
0, 140, 1401139, 1404868, 1139, 4868
0, 1400, 14001139, 14005188, 1139, 5188
0, 14000, 140001139, 140005188, 1139, 5188
0, 14001, 140011139, 140012398, 1139, 2398
0, 14002, 140021139, 140022398, 1139, 2398
0, 14003, 140031139, 140032398, 1139, 2398
0, 14004, 140041139, 140042398, 1139, 2398
0, 14005, 140051139, 140052398, 1139, 2398
0, 14006, 140061139, 140062398, 1139, 2398
0, 14007, 140071139, 140073168, 1139, 3168
0, 14008, 140081139, 140082398, 1139, 2398
0, 14009, 140091139, 140092398, 1139, 2398
0, 1401, 14011139, 14012398, 1139, 2398
0, 14010, 140101139, 140102398, 1139, 2398
0, 14011, 140111139, 140112398, 1139, 2398
0, 14012, 140121139, 140122398, 1139, 2398
0, 14013, 140131139, 140132398, 1139, 2398
0, 14014, 140141139, 140143168, 1139, 3168
0, 14015, 140151139, 140152398, 1139, 2398
0, 14016, 140161139, 140162398, 1139, 2398
0, 14017, 140171139, 140172398, 1139, 2398
0, 14018, 140181139, 140182398, 1139, 2398
0, 14019, 140191139, 140192398, 1139, 2398
0, 1402, 14021139, 14022398, 1139, 2398
0, 14020, 140201139, 140202398, 1139, 2398
0, 14021, 140211139, 140213168, 1139, 3168
0, 14022, 140221139, 140222398, 1139, 2398
0, 14023, 140231139, 140232398, 1139, 2398
0, 14024, 140241139, 140242398, 1139, 2398
0, 14025, 140251139, 140252398, 1139, 2398
0, 14026, 140261139, 140262398, 1139, 2398
0, 14027, 140271139, 140272398, 1139, 2398
0, 14028, 140281139, 140283753, 1139, 3753
0, 14029, 140291139, 140292398, 1139, 2398
0, 1403, 14031139, 14032398, 1139, 2398
0, 14030, 140301139, 140302398, 1139, 2398
0, 14031, 140311139, 140312398, 1139, 2398
0, 14032, 140321139, 140324166, 1139, 4166
0, 14033, 140331139, 140332398, 1139, 2398
0, 14034, 140341139, 140342398, 1139, 2398
0, 14035, 140351139, 140353753, 1139, 3753
0, 14036, 140361139, 140362398, 1139, 2398
0, 14037, 140371139, 140372398, 1139, 2398
0, 14038, 140381139, 140382398, 1139, 2398
0, 14039, 140391139, 140392398, 1139, 2398
0, 1404, 14041139, 14042398, 1139, 2398
0, 14040, 140401139, 140402689, 1139, 2689
0, 14041, 140411139, 140412398, 1139, 2398
0, 14042, 140421139, 140423168, 1139, 3168
0, 14043, 140431139, 140432398, 1139, 2398
0, 14044, 140441139, 140442398, 1139, 2398
0, 14045, 140451139, 140452398, 1139, 2398
0, 14046, 140461139, 140462398, 1139, 2398
0, 14047, 140471139, 140472398, 1139, 2398
0, 14048, 140481139, 140482398, 1139, 2398
0, 14049, 140491139, 140493168, 1139, 3168
0, 1405, 14051139, 14052398, 1139, 2398
0, 14050, 140501139, 140502398, 1139, 2398
0, 14051, 140511139, 140512398, 1139, 2398
0, 14052, 140521139, 140522398, 1139, 2398
0, 14053, 140531139, 140532398, 1139, 2398
0, 14054, 140541139, 140542398, 1139, 2398
0, 14055, 140551139, 140552398, 1139, 2398
0, 14056, 140561139, 140565188, 1139, 5188
0, 14057, 140571139, 140572398, 1139, 2398
0, 14058, 140581139, 140582398, 1139, 2398
0, 14059, 140591139, 140592398, 1139, 2398
0, 1406, 14061139, 14062398, 1139, 2398
0, 14060, 140601139, 140604166, 1139, 4166
0, 14061, 140611139, 140612398, 1139, 2398
0, 14062, 140621139, 140622398, 1139, 2398
0, 14063, 140631139, 140633168, 1139, 3168
0, 14064, 140641139, 140642398, 1139, 2398
0, 14065, 140651139, 140652398, 1139, 2398
0, 14066, 140661139, 140662398, 1139, 2398
0, 14067, 140671139, 140672398, 1139, 2398
0, 14068, 140681139, 140682398, 1139, 2398
0, 14069, 140691139, 140692398, 1139, 2398
0, 1407, 14071139, 14073168, 1139, 3168
0, 14070, 140701139, 140704868, 1139, 4868
0, 14071, 140711139, 140712398, 1139, 2398
0, 14072, 140721139, 140722398, 1139, 2398
0, 14073, 140731139, 140732398, 1139, 2398
0, 14074, 140741139, 140742398, 1139, 2398
0, 14075, 140751139, 140752398, 1139, 2398
0, 14076, 140761139, 140762398, 1139, 2398
0, 14077, 140771139, 140773168, 1139, 3168
0, 14078, 140781139, 140782398, 1139, 2398
0, 14079, 140791139, 140792398, 1139, 2398
0, 1408, 14081139, 14082398, 1139, 2398
0, 14080, 140801139, 140802398, 1139, 2398
0, 14081, 140811139, 140812398, 1139, 2398
0, 14082, 140821139, 140822398, 1139, 2398
0, 14083, 140831139, 140832398, 1139, 2398
0, 14084, 140841139, 140843753, 1139, 3753
0, 14085, 140851139, 140852398, 1139, 2398
0, 14086, 140861139, 140862398, 1139, 2398
0, 14087, 140871139, 140872398, 1139, 2398
0, 14088, 140881139, 140882689, 1139, 2689
0, 14089, 140891139, 140892398, 1139, 2398
0, 1409, 14091139, 14092398, 1139, 2398
0, 14090, 140901139, 140902398, 1139, 2398
0, 14091, 140911139, 140913168, 1139, 3168
0, 14092, 140921139, 140922398, 1139, 2398
0, 14093, 140931139, 140932398, 1139, 2398
0, 14094, 140941139, 140942398, 1139, 2398
0, 14095, 140951139, 140952398, 1139, 2398
0, 14096, 140961139, 140962398, 1139, 2398
0, 14097, 140971139, 140972398, 1139, 2398
0, 14098, 140981139, 140983753, 1139, 3753
0, 14099, 140991139, 140992398, 1139, 2398
0, 141, 1411139, 1412398, 1139, 2398
0, 1410, 14101139, 14102398, 1139, 2398
0, 14100, 141001139, 141002398, 1139, 2398
0, 14101, 141011139, 141012398, 1139, 2398
0, 14102, 141021139, 141022398, 1139, 2398
0, 14103, 141031139, 141032398, 1139, 2398
0, 14104, 141041139, 141042398, 1139, 2398
0, 14105, 141051139, 141053753, 1139, 3753
0, 14106, 141061139, 141062398, 1139, 2398
0, 14107, 141071139, 141072398, 1139, 2398
0, 14108, 141081139, 141082398, 1139, 2398
0, 14109, 141091139, 141092398, 1139, 2398
0, 1411, 14111139, 14112398, 1139, 2398
0, 14110, 141101139, 141102398, 1139, 2398
0, 14111, 141111139, 141112398, 1139, 2398
0, 14112, 141121139, 141125188, 1139, 5188
0, 14113, 141131139, 141134250, 1139, 4250
0, 14114, 141141139, 141142398, 1139, 2398
0, 14115, 141151139, 141152398, 1139, 2398
0, 14116, 141161139, 141162398, 1139, 2398
0, 14117, 141171139, 141172398, 1139, 2398
0, 14118, 141181139, 141182398, 1139, 2398
0, 14119, 141191139, 141193168, 1139, 3168
0, 1412, 14121139, 14122398, 1139, 2398
0, 14120, 141201139, 141202398, 1139, 2398
0, 14121, 141211139, 141212398, 1139, 2398
0, 14122, 141221139, 141222398, 1139, 2398
0, 14123, 141231139, 141232398, 1139, 2398
0, 14124, 141241139, 141242398, 1139, 2398
0, 14125, 141251139, 141252398, 1139, 2398
0, 14126, 141261139, 141263168, 1139, 3168
0, 14127, 141271139, 141272398, 1139, 2398
0, 14128, 141281139, 141282398, 1139, 2398
0, 14129, 141291139, 141292398, 1139, 2398
0, 1413, 14131139, 14132398, 1139, 2398
0, 14130, 141301139, 141302398, 1139, 2398
0, 14131, 141311139, 141312398, 1139, 2398
0, 14132, 141321139, 141322398, 1139, 2398
0, 14133, 141331139, 141333168, 1139, 3168
0, 14134, 141341139, 141342398, 1139, 2398
0, 14135, 141351139, 141352398, 1139, 2398
0, 14136, 141361139, 141362689, 1139, 2689
0, 14137, 141371139, 141372398, 1139, 2398
0, 14138, 141381139, 141382398, 1139, 2398
0, 14139, 141391139, 141392398, 1139, 2398
0, 1414, 14141139, 14143168, 1139, 3168
0, 14140, 141401139, 141404868, 1139, 4868
0, 14141, 141411139, 141412398, 1139, 2398
0, 14142, 141421139, 141422398, 1139, 2398
0, 14143, 141431139, 141432398, 1139, 2398
0, 14144, 141441139, 141442398, 1139, 2398
0, 14145, 141451139, 141452398, 1139, 2398
0, 14146, 141461139, 141462398, 1139, 2398
0, 14147, 141471139, 141473168, 1139, 3168
0, 14148, 141481139, 141482398, 1139, 2398
0, 14149, 141491139, 141492398, 1139, 2398
0, 1415, 14151139, 14152398, 1139, 2398
0, 14150, 141501139, 141502398, 1139, 2398
0, 14151, 141511139, 141512398, 1139, 2398
0, 14152, 141521139, 141522398, 1139, 2398
0, 14153, 141531139, 141532398, 1139, 2398
0, 14154, 141541139, 141543168, 1139, 3168
0, 14155, 141551139, 141552398, 1139, 2398
0, 14156, 141561139, 141562398, 1139, 2398
0, 14157, 141571139, 141572398, 1139, 2398
0, 14158, 141581139, 141582398, 1139, 2398
0, 14159, 141591139, 141592398, 1139, 2398
0, 1416, 14161139, 14162689, 1139, 2689
0, 14160, 141601139, 141602689, 1139, 2689
0, 14161, 141611139, 141613168, 1139, 3168
0, 14162, 141621139, 141622398, 1139, 2398
0, 14163, 141631139, 141632398, 1139, 2398
0, 14164, 141641139, 141642398, 1139, 2398
0, 14165, 141651139, 141652398, 1139, 2398
0, 14166, 141661139, 141662398, 1139, 2398
0, 14167, 141671139, 141672398, 1139, 2398
0, 14168, 141681139, 141685188, 1139, 5188
0, 14169, 141691139, 141692398, 1139, 2398
0, 1417, 14171139, 14172398, 1139, 2398
0, 14170, 141701139, 141702398, 1139, 2398
0, 14171, 141711139, 141712398, 1139, 2398
0, 14172, 141721139, 141722398, 1139, 2398
0, 14173, 141731139, 141732398, 1139, 2398
0, 14174, 141741139, 141742398, 1139, 2398
0, 14175, 141751139, 141753753, 1139, 3753
0, 14176, 141761139, 141762398, 1139, 2398
0, 14177, 141771139, 141772398, 1139, 2398
0, 14178, 141781139, 141782398, 1139, 2398
0, 14179, 141791139, 141792398, 1139, 2398
0, 1418, 14181139, 14182398, 1139, 2398
0, 14180, 141801139, 141802398, 1139, 2398
0, 14181, 141811139, 141812398, 1139, 2398
0, 14182, 141821139, 141823168, 1139, 3168
0, 14183, 141831139, 141832398, 1139, 2398
0, 14184, 141841139, 141842689, 1139, 2689
0, 14185, 141851139, 141852398, 1139, 2398
0, 14186, 141861139, 141862398, 1139, 2398
0, 14187, 141871139, 141872398, 1139, 2398
0, 14188, 141881139, 141882398, 1139, 2398
0, 14189, 141891139, 141893168, 1139, 3168
0, 1419, 14191139, 14192398, 1139, 2398
0, 14190, 141901139, 141902398, 1139, 2398
0, 14191, 141911139, 141912398, 1139, 2398
0, 14192, 141921139, 141922398, 1139, 2398
0, 14193, 141931139, 141932398, 1139, 2398
0, 14194, 141941139, 141942398, 1139, 2398
0, 14195, 141951139, 141952398, 1139, 2398
0, 14196, 141961139, 141963753, 1139, 3753
0, 14197, 141971139, 141972398, 1139, 2398
0, 14198, 141981139, 141982398, 1139, 2398
0, 14199, 141991139, 141992398, 1139, 2398
0, 142, 1421139, 1422398, 1139, 2398
0, 1420, 14201139, 14202398, 1139, 2398
0, 14200, 142001139, 142004166, 1139, 4166
0, 14201, 142011139, 142012398, 1139, 2398
0, 14202, 142021139, 142022398, 1139, 2398
0, 14203, 142031139, 142033753, 1139, 3753
0, 14204, 142041139, 142042398, 1139, 2398
0, 14205, 142051139, 142052398, 1139, 2398
0, 14206, 142061139, 142062398, 1139, 2398
0, 14207, 142071139, 142072398, 1139, 2398
0, 14208, 142081139, 142082398, 1139, 2398
0, 14209, 142091139, 142092398, 1139, 2398
0, 1421, 14211139, 14213168, 1139, 3168
0, 14210, 142101139, 142103753, 1139, 3753
0, 14211, 142111139, 142112398, 1139, 2398
0, 14212, 142121139, 142122398, 1139, 2398
0, 14213, 142131139, 142132398, 1139, 2398
0, 14214, 142141139, 142142398, 1139, 2398
0, 14215, 142151139, 142152398, 1139, 2398
0, 14216, 142161139, 142162398, 1139, 2398
0, 14217, 142171139, 142173168, 1139, 3168
0, 14218, 142181139, 142182398, 1139, 2398
0, 14219, 142191139, 142192398, 1139, 2398
0, 1422, 14221139, 14222398, 1139, 2398
0, 14220, 142201139, 142202398, 1139, 2398
0, 14221, 142211139, 142212398, 1139, 2398
0, 14222, 142221139, 142222398, 1139, 2398
0, 14223, 142231139, 142232398, 1139, 2398
0, 14224, 142241139, 142245188, 1139, 5188
0, 14225, 142251139, 142252398, 1139, 2398
0, 14226, 142261139, 142262398, 1139, 2398
0, 14227, 142271139, 142272398, 1139, 2398
0, 14228, 142281139, 142282398, 1139, 2398
0, 14229, 142291139, 142292398, 1139, 2398
0, 1423, 14231139, 14232398, 1139, 2398
0, 14230, 142301139, 142302398, 1139, 2398
0, 14231, 142311139, 142313753, 1139, 3753
0, 14232, 142321139, 142322398, 1139, 2398
0, 14233, 142331139, 142332398, 1139, 2398
0, 14234, 142341139, 142342398, 1139, 2398
0, 14235, 142351139, 142352398, 1139, 2398
0, 14236, 142361139, 142362398, 1139, 2398
0, 14237, 142371139, 142372398, 1139, 2398
0, 14238, 142381139, 142383168, 1139, 3168
0, 14239, 142391139, 142392398, 1139, 2398
0, 1424, 14241139, 14242398, 1139, 2398
0, 14240, 142401139, 142402398, 1139, 2398
0, 14241, 142411139, 142412398, 1139, 2398
0, 14242, 142421139, 142422398, 1139, 2398
0, 14243, 142431139, 142432398, 1139, 2398
0, 14244, 142441139, 142442398, 1139, 2398
0, 14245, 142451139, 142453753, 1139, 3753
0, 14246, 142461139, 142462398, 1139, 2398
0, 14247, 142471139, 142472398, 1139, 2398
0, 14248, 142481139, 142482398, 1139, 2398
0, 14249, 142491139, 142492398, 1139, 2398
0, 1425, 14251139, 14252689, 1139, 2689
0, 14250, 142501139, 142502398, 1139, 2398
0, 14251, 142511139, 142512398, 1139, 2398
0, 14252, 142521139, 142523753, 1139, 3753
0, 14253, 142531139, 142532398, 1139, 2398
0, 14254, 142541139, 142542398, 1139, 2398
0, 14255, 142551139, 142552398, 1139, 2398
0, 14256, 142561139, 142562689, 1139, 2689
0, 14257, 142571139, 142572398, 1139, 2398
0, 14258, 142581139, 142582398, 1139, 2398
0, 14259, 142591139, 142593168, 1139, 3168
0, 1426, 14261139, 14262398, 1139, 2398
0, 14260, 142601139, 142602398, 1139, 2398
0, 14261, 142611139, 142612398, 1139, 2398
0, 14262, 142621139, 142622398, 1139, 2398
0, 14263, 142631139, 142632398, 1139, 2398
0, 14264, 142641139, 142642398, 1139, 2398
0, 14265, 142651139, 142652398, 1139, 2398
0, 14266, 142661139, 142663168, 1139, 3168
0, 14267, 142671139, 142672398, 1139, 2398
0, 14268, 142681139, 142682398, 1139, 2398
0, 14269, 142691139, 142692398, 1139, 2398
0, 1427, 14271139, 14272398, 1139, 2398
0, 14270, 142701139, 142702398, 1139, 2398
0, 14271, 142711139, 142712398, 1139, 2398
0, 14272, 142721139, 142722398, 1139, 2398
0, 14273, 142731139, 142733168, 1139, 3168
0, 14274, 142741139, 142742398, 1139, 2398
0, 14275, 142751139, 142752398, 1139, 2398
0, 14276, 142761139, 142762398, 1139, 2398
0, 14277, 142771139, 142772398, 1139, 2398
0, 14278, 142781139, 142782398, 1139, 2398
0, 14279, 142791139, 142792398, 1139, 2398
0, 1428, 14281139, 14283753, 1139, 3753
0, 14280, 142801139, 142805188, 1139, 5188
0, 14281, 142811139, 142812398, 1139, 2398
0, 14282, 142821139, 142822398, 1139, 2398
0, 14283, 142831139, 142832398, 1139, 2398
0, 14284, 142841139, 142842398, 1139, 2398
0, 14285, 142851139, 142852398, 1139, 2398
0, 14286, 142861139, 142862398, 1139, 2398
0, 14287, 142871139, 142873168, 1139, 3168
0, 14288, 142881139, 142882398, 1139, 2398
0, 14289, 142891139, 142892398, 1139, 2398
0, 1429, 14291139, 14292398, 1139, 2398
0, 14290, 142901139, 142902398, 1139, 2398
0, 14291, 142911139, 142912398, 1139, 2398
0, 14292, 142921139, 142922398, 1139, 2398
0, 14293, 142931139, 142932398, 1139, 2398
0, 14294, 142941139, 142943168, 1139, 3168
0, 14295, 142951139, 142952398, 1139, 2398
0, 14296, 142961139, 142962398, 1139, 2398
0, 14297, 142971139, 142972398, 1139, 2398
0, 14298, 142981139, 142982689, 1139, 2689
0, 14299, 142991139, 142992398, 1139, 2398
0, 143, 1431139, 1432398, 1139, 2398
0, 1430, 14301139, 14302398, 1139, 2398
0, 14300, 143001139, 143002398, 1139, 2398
0, 14301, 143011139, 143013168, 1139, 3168
0, 14302, 143021139, 143022398, 1139, 2398
0, 14303, 143031139, 143032398, 1139, 2398
0, 14304, 143041139, 143042398, 1139, 2398
0, 14305, 143051139, 143052398, 1139, 2398
0, 14306, 143061139, 143062398, 1139, 2398
0, 14307, 143071139, 143072398, 1139, 2398
0, 14308, 143081139, 143083753, 1139, 3753
0, 14309, 143091139, 143092398, 1139, 2398
0, 1431, 14311139, 14312398, 1139, 2398
0, 14310, 143101139, 143102398, 1139, 2398
0, 14311, 143111139, 143112398, 1139, 2398
0, 14312, 143121139, 143122398, 1139, 2398
0, 14313, 143131139, 143132398, 1139, 2398
0, 14314, 143141139, 143142398, 1139, 2398
0, 14315, 143151139, 143153753, 1139, 3753
0, 14316, 143161139, 143162398, 1139, 2398
0, 14317, 143171139, 143172398, 1139, 2398
0, 14318, 143181139, 143182398, 1139, 2398
0, 14319, 143191139, 143192398, 1139, 2398
0, 1432, 14321139, 14322398, 1139, 2398
0, 14320, 143201139, 143202398, 1139, 2398
0, 14321, 143211139, 143212398, 1139, 2398
0, 14322, 143221139, 143223168, 1139, 3168
0, 14323, 143231139, 143232398, 1139, 2398
0, 14324, 143241139, 143242398, 1139, 2398
0, 14325, 143251139, 143252398, 1139, 2398
0, 14326, 143261139, 143262398, 1139, 2398
0, 14327, 143271139, 143272398, 1139, 2398
0, 14328, 143281139, 143282398, 1139, 2398
0, 14329, 143291139, 143293168, 1139, 3168
0, 1433, 14331139, 14332398, 1139, 2398
0, 14330, 143301139, 143302398, 1139, 2398
0, 14331, 143311139, 143312398, 1139, 2398
0, 14332, 143321139, 143322398, 1139, 2398
0, 14333, 143331139, 143332398, 1139, 2398
0, 14334, 143341139, 143342398, 1139, 2398
0, 14335, 143351139, 143352398, 1139, 2398
0, 14336, 143361139, 143365188, 1139, 5188
0, 14337, 143371139, 143372398, 1139, 2398
0, 14338, 143381139, 143382398, 1139, 2398
0, 14339, 143391139, 143392398, 1139, 2398
0, 1434, 14341139, 14342398, 1139, 2398
0, 14340, 143401139, 143402689, 1139, 2689
0, 14341, 143411139, 143412398, 1139, 2398
0, 14342, 143421139, 143422398, 1139, 2398
0, 14343, 143431139, 143433168, 1139, 3168
0, 14344, 143441139, 143442398, 1139, 2398
0, 14345, 143451139, 143452398, 1139, 2398
0, 14346, 143461139, 143462398, 1139, 2398
0, 14347, 143471139, 143472398, 1139, 2398
0, 14348, 143481139, 143482398, 1139, 2398
0, 14349, 143491139, 143492398, 1139, 2398
0, 1435, 14351139, 14354868, 1139, 4868
0, 14350, 143501139, 143503753, 1139, 3753
0, 14351, 143511139, 143512398, 1139, 2398
0, 14352, 143521139, 143522398, 1139, 2398
0, 14353, 143531139, 143532398, 1139, 2398
0, 14354, 143541139, 143542398, 1139, 2398
0, 14355, 143551139, 143552398, 1139, 2398
0, 14356, 143561139, 143562398, 1139, 2398
0, 14357, 143571139, 143573168, 1139, 3168
0, 14358, 143581139, 143582398, 1139, 2398
0, 14359, 143591139, 143592398, 1139, 2398
0, 1436, 14361139, 14362398, 1139, 2398
0, 14360, 143601139, 143602398, 1139, 2398
0, 14361, 143611139, 143612398, 1139, 2398
0, 14362, 143621139, 143622398, 1139, 2398
0, 14363, 143631139, 143632398, 1139, 2398
0, 14364, 143641139, 143645914, 1139, 5914
0, 14365, 143651139, 143652398, 1139, 2398
0, 14366, 143661139, 143662398, 1139, 2398
0, 14367, 143671139, 143672398, 1139, 2398
0, 14368, 143681139, 143682398, 1139, 2398
0, 14369, 143691139, 143692398, 1139, 2398
0, 1437, 14371139, 14372398, 1139, 2398
0, 14370, 143701139, 143702398, 1139, 2398
0, 14371, 143711139, 143713168, 1139, 3168
0, 14372, 143721139, 143722398, 1139, 2398
0, 14373, 143731139, 143732398, 1139, 2398
0, 14374, 143741139, 143742398, 1139, 2398
0, 14375, 143751139, 143752398, 1139, 2398
0, 14376, 143761139, 143762398, 1139, 2398
0, 14377, 143771139, 143772398, 1139, 2398
0, 14378, 143781139, 143783168, 1139, 3168
0, 14379, 143791139, 143792398, 1139, 2398
0, 1438, 14381139, 14382398, 1139, 2398
0, 14380, 143801139, 143802398, 1139, 2398
0, 14381, 143811139, 143812398, 1139, 2398
0, 14382, 143821139, 143822398, 1139, 2398
0, 14383, 143831139, 143832398, 1139, 2398
0, 14384, 143841139, 143842398, 1139, 2398
0, 14385, 143851139, 143853753, 1139, 3753
0, 14386, 143861139, 143862398, 1139, 2398
0, 14387, 143871139, 143872398, 1139, 2398
0, 14388, 143881139, 143882398, 1139, 2398
0, 14389, 143891139, 143892398, 1139, 2398
0, 1439, 14391139, 14392398, 1139, 2398
0, 14390, 143901139, 143902398, 1139, 2398
0, 14391, 143911139, 143912398, 1139, 2398
0, 14392, 143921139, 143925188, 1139, 5188
0, 14393, 143931139, 143934924, 1139, 4924
0, 14394, 143941139, 143942398, 1139, 2398
0, 14395, 143951139, 143952398, 1139, 2398
0, 14396, 143961139, 143962398, 1139, 2398
0, 14397, 143971139, 143972398, 1139, 2398
0, 14398, 143981139, 143982398, 1139, 2398
0, 14399, 143991139, 143993168, 1139, 3168
0, 144, 1441139, 1442689, 1139, 2689
0, 1440, 14401139, 14402689, 1139, 2689
0, 14400, 144001139, 144002689, 1139, 2689
0, 14401, 144011139, 144012398, 1139, 2398
0, 14402, 144021139, 144022398, 1139, 2398
0, 14403, 144031139, 144032398, 1139, 2398
0, 14404, 144041139, 144042398, 1139, 2398
0, 14405, 144051139, 144052398, 1139, 2398
0, 14406, 144061139, 144063168, 1139, 3168
0, 14407, 144071139, 144072398, 1139, 2398
0, 14408, 144081139, 144082398, 1139, 2398
0, 14409, 144091139, 144092398, 1139, 2398
0, 1441, 14411139, 14412398, 1139, 2398
0, 14410, 144101139, 144102398, 1139, 2398
0, 14411, 144111139, 144112398, 1139, 2398
0, 14412, 144121139, 144122398, 1139, 2398
0, 14413, 144131139, 144133168, 1139, 3168
0, 14414, 144141139, 144142398, 1139, 2398
0, 14415, 144151139, 144152398, 1139, 2398
0, 14416, 144161139, 144162398, 1139, 2398
0, 14417, 144171139, 144172398, 1139, 2398
0, 14418, 144181139, 144182398, 1139, 2398
0, 14419, 144191139, 144192398, 1139, 2398
0, 1442, 14421139, 14423168, 1139, 3168
0, 14420, 144201139, 144204868, 1139, 4868
0, 14421, 144211139, 144212398, 1139, 2398
0, 14422, 144221139, 144222398, 1139, 2398
0, 14423, 144231139, 144232398, 1139, 2398
0, 14424, 144241139, 144242689, 1139, 2689
0, 14425, 144251139, 144252398, 1139, 2398
0, 14426, 144261139, 144262398, 1139, 2398
0, 14427, 144271139, 144273168, 1139, 3168
0, 14428, 144281139, 144282398, 1139, 2398
0, 14429, 144291139, 144292398, 1139, 2398
0, 1443, 14431139, 14432398, 1139, 2398
0, 14430, 144301139, 144302398, 1139, 2398
0, 14431, 144311139, 144312398, 1139, 2398
0, 14432, 144321139, 144322398, 1139, 2398
0, 14433, 144331139, 144332398, 1139, 2398
0, 14434, 144341139, 144343168, 1139, 3168
0, 14435, 144351139, 144352398, 1139, 2398
0, 14436, 144361139, 144362398, 1139, 2398
0, 14437, 144371139, 144372398, 1139, 2398
0, 14438, 144381139, 144382398, 1139, 2398
0, 14439, 144391139, 144392398, 1139, 2398
0, 1444, 14441139, 14442398, 1139, 2398
0, 14440, 144401139, 144404868, 1139, 4868
0, 14441, 144411139, 144413168, 1139, 3168
0, 14442, 144421139, 144422398, 1139, 2398
0, 14443, 144431139, 144432398, 1139, 2398
0, 14444, 144441139, 144442398, 1139, 2398
0, 14445, 144451139, 144452398, 1139, 2398
0, 14446, 144461139, 144462398, 1139, 2398
0, 14447, 144471139, 144472398, 1139, 2398
0, 14448, 144481139, 144485188, 1139, 5188
0, 14449, 144491139, 144492398, 1139, 2398
0, 1445, 14451139, 14452398, 1139, 2398
0, 14450, 144501139, 144502398, 1139, 2398
0, 14451, 144511139, 144512398, 1139, 2398
0, 14452, 144521139, 144522398, 1139, 2398
0, 14453, 144531139, 144532398, 1139, 2398
0, 14454, 144541139, 144542398, 1139, 2398
0, 14455, 144551139, 144553753, 1139, 3753
0, 14456, 144561139, 144562398, 1139, 2398
0, 14457, 144571139, 144572398, 1139, 2398
0, 14458, 144581139, 144582398, 1139, 2398
0, 14459, 144591139, 144592398, 1139, 2398
0, 1446, 14461139, 14462398, 1139, 2398
0, 14460, 144601139, 144602398, 1139, 2398
0, 14461, 144611139, 144612398, 1139, 2398
0, 14462, 144621139, 144623168, 1139, 3168
0, 14463, 144631139, 144632398, 1139, 2398
0, 14464, 144641139, 144642398, 1139, 2398
0, 14465, 144651139, 144652398, 1139, 2398
0, 14466, 144661139, 144662398, 1139, 2398
0, 14467, 144671139, 144672398, 1139, 2398
0, 14468, 144681139, 144682398, 1139, 2398
0, 14469, 144691139, 144693753, 1139, 3753
0, 1447, 14471139, 14472398, 1139, 2398
0, 14470, 144701139, 144702398, 1139, 2398
0, 14471, 144711139, 144712398, 1139, 2398
0, 14472, 144721139, 144722398, 1139, 2398
0, 14473, 144731139, 144732398, 1139, 2398
0, 14474, 144741139, 144742398, 1139, 2398
0, 14475, 144751139, 144752398, 1139, 2398
0, 14476, 144761139, 144763753, 1139, 3753
0, 14477, 144771139, 144772398, 1139, 2398
0, 14478, 144781139, 144782398, 1139, 2398
0, 14479, 144791139, 144792398, 1139, 2398
0, 1448, 14481139, 14482398, 1139, 2398
0, 14480, 144801139, 144804166, 1139, 4166
0, 14481, 144811139, 144812398, 1139, 2398
0, 14482, 144821139, 144822398, 1139, 2398
0, 14483, 144831139, 144833168, 1139, 3168
0, 14484, 144841139, 144842398, 1139, 2398
0, 14485, 144851139, 144852398, 1139, 2398
0, 14486, 144861139, 144862398, 1139, 2398
0, 14487, 144871139, 144872398, 1139, 2398
0, 14488, 144881139, 144882398, 1139, 2398
0, 14489, 144891139, 144892398, 1139, 2398
0, 1449, 14491139, 14493168, 1139, 3168
0, 14490, 144901139, 144903753, 1139, 3753
0, 14491, 144911139, 144912398, 1139, 2398
0, 14492, 144921139, 144922398, 1139, 2398
0, 14493, 144931139, 144932398, 1139, 2398
0, 14494, 144941139, 144942398, 1139, 2398
0, 14495, 144951139, 144952398, 1139, 2398
0, 14496, 144961139, 144962398, 1139, 2398
0, 14497, 144971139, 144973753, 1139, 3753
0, 14498, 144981139, 144982398, 1139, 2398
0, 14499, 144991139, 144992398, 1139, 2398
0, 145, 1451139, 1452398, 1139, 2398
0, 1450, 14501139, 14502398, 1139, 2398
0, 14500, 145001139, 145002398, 1139, 2398
0, 14501, 145011139, 145012398, 1139, 2398
0, 14502, 145021139, 145022398, 1139, 2398
0, 14503, 145031139, 145032398, 1139, 2398
0, 14504, 145041139, 145045188, 1139, 5188
0, 14505, 145051139, 145052398, 1139, 2398
0, 14506, 145061139, 145062398, 1139, 2398
0, 14507, 145071139, 145072398, 1139, 2398
0, 14508, 145081139, 145082398, 1139, 2398
0, 14509, 145091139, 145092398, 1139, 2398
0, 1451, 14511139, 14512398, 1139, 2398
0, 14510, 145101139, 145102398, 1139, 2398
0, 14511, 145111139, 145113168, 1139, 3168
0, 14512, 145121139, 145122398, 1139, 2398
0, 14513, 145131139, 145132398, 1139, 2398
0, 14514, 145141139, 145142398, 1139, 2398
0, 14515, 145151139, 145152398, 1139, 2398
0, 14516, 145161139, 145162398, 1139, 2398
0, 14517, 145171139, 145172398, 1139, 2398
0, 14518, 145181139, 145183168, 1139, 3168
0, 14519, 145191139, 145192398, 1139, 2398
0, 1452, 14521139, 14522398, 1139, 2398
0, 14520, 145201139, 145202689, 1139, 2689
0, 14521, 145211139, 145212398, 1139, 2398
0, 14522, 145221139, 145222398, 1139, 2398
0, 14523, 145231139, 145232398, 1139, 2398
0, 14524, 145241139, 145242398, 1139, 2398
0, 14525, 145251139, 145253753, 1139, 3753
0, 14526, 145261139, 145262398, 1139, 2398
0, 14527, 145271139, 145272398, 1139, 2398
0, 14528, 145281139, 145282398, 1139, 2398
0, 14529, 145291139, 145292398, 1139, 2398
0, 1453, 14531139, 14532398, 1139, 2398
0, 14530, 145301139, 145302398, 1139, 2398
0, 14531, 145311139, 145312398, 1139, 2398
0, 14532, 145321139, 145323753, 1139, 3753
0, 14533, 145331139, 145332398, 1139, 2398
0, 14534, 145341139, 145342398, 1139, 2398
0, 14535, 145351139, 145352398, 1139, 2398
0, 14536, 145361139, 145362398, 1139, 2398
0, 14537, 145371139, 145372398, 1139, 2398
0, 14538, 145381139, 145382398, 1139, 2398
0, 14539, 145391139, 145393168, 1139, 3168
0, 1454, 14541139, 14542398, 1139, 2398
0, 14540, 145401139, 145402398, 1139, 2398
0, 14541, 145411139, 145412398, 1139, 2398
0, 14542, 145421139, 145422398, 1139, 2398
0, 14543, 145431139, 145432398, 1139, 2398
0, 14544, 145441139, 145442398, 1139, 2398
0, 14545, 145451139, 145452398, 1139, 2398
0, 14546, 145461139, 145463168, 1139, 3168
0, 14547, 145471139, 145472398, 1139, 2398
0, 14548, 145481139, 145482398, 1139, 2398
0, 14549, 145491139, 145492398, 1139, 2398
0, 1455, 14551139, 14552398, 1139, 2398
0, 14550, 145501139, 145502398, 1139, 2398
0, 14551, 145511139, 145512398, 1139, 2398
0, 14552, 145521139, 145522398, 1139, 2398
0, 14553, 145531139, 145533168, 1139, 3168
0, 14554, 145541139, 145542398, 1139, 2398
0, 14555, 145551139, 145552398, 1139, 2398
0, 14556, 145561139, 145562398, 1139, 2398
0, 14557, 145571139, 145572398, 1139, 2398
0, 14558, 145581139, 145582398, 1139, 2398
0, 14559, 145591139, 145592398, 1139, 2398
0, 1456, 14561139, 14565188, 1139, 5188
0, 14560, 145601139, 145605188, 1139, 5188
0, 14561, 145611139, 145614099, 1139, 4099
0, 14562, 145621139, 145622398, 1139, 2398
0, 14563, 145631139, 145632398, 1139, 2398
0, 14564, 145641139, 145642398, 1139, 2398
0, 14565, 145651139, 145652398, 1139, 2398
0, 14566, 145661139, 145662398, 1139, 2398
0, 14567, 145671139, 145673168, 1139, 3168
0, 14568, 145681139, 145682398, 1139, 2398
0, 14569, 145691139, 145692398, 1139, 2398
0, 1457, 14571139, 14572398, 1139, 2398
0, 14570, 145701139, 145702398, 1139, 2398
0, 14571, 145711139, 145712398, 1139, 2398
0, 14572, 145721139, 145722398, 1139, 2398
0, 14573, 145731139, 145732398, 1139, 2398
0, 14574, 145741139, 145743168, 1139, 3168
0, 14575, 145751139, 145752398, 1139, 2398
0, 14576, 145761139, 145762398, 1139, 2398
0, 14577, 145771139, 145772398, 1139, 2398
0, 14578, 145781139, 145782398, 1139, 2398
0, 14579, 145791139, 145792398, 1139, 2398
0, 1458, 14581139, 14582398, 1139, 2398
0, 14580, 145801139, 145802398, 1139, 2398
0, 14581, 145811139, 145813168, 1139, 3168
0, 14582, 145821139, 145822398, 1139, 2398
0, 14583, 145831139, 145832398, 1139, 2398
0, 14584, 145841139, 145842398, 1139, 2398
0, 14585, 145851139, 145852398, 1139, 2398
0, 14586, 145861139, 145862398, 1139, 2398
0, 14587, 145871139, 145872398, 1139, 2398
0, 14588, 145881139, 145883753, 1139, 3753
0, 14589, 145891139, 145892398, 1139, 2398
0, 1459, 14591139, 14592398, 1139, 2398
0, 14590, 145901139, 145902398, 1139, 2398
0, 14591, 145911139, 145912398, 1139, 2398
0, 14592, 145921139, 145924166, 1139, 4166
0, 14593, 145931139, 145932398, 1139, 2398
0, 14594, 145941139, 145942398, 1139, 2398
0, 14595, 145951139, 145953753, 1139, 3753
0, 14596, 145961139, 145962398, 1139, 2398
0, 14597, 145971139, 145972398, 1139, 2398
0, 14598, 145981139, 145982398, 1139, 2398
0, 14599, 145991139, 145992398, 1139, 2398
0, 146, 1461139, 1462398, 1139, 2398
0, 1460, 14601139, 14602398, 1139, 2398
0, 14600, 146001139, 146002398, 1139, 2398
0, 14601, 146011139, 146012398, 1139, 2398
0, 14602, 146021139, 146023753, 1139, 3753
0, 14603, 146031139, 146032398, 1139, 2398
0, 14604, 146041139, 146042398, 1139, 2398
0, 14605, 146051139, 146052398, 1139, 2398
0, 14606, 146061139, 146062398, 1139, 2398
0, 14607, 146071139, 146072398, 1139, 2398
0, 14608, 146081139, 146082398, 1139, 2398
0, 14609, 146091139, 146093168, 1139, 3168
0, 1461, 14611139, 14612398, 1139, 2398
0, 14610, 146101139, 146102398, 1139, 2398
0, 14611, 146111139, 146112398, 1139, 2398
0, 14612, 146121139, 146122398, 1139, 2398
0, 14613, 146131139, 146132398, 1139, 2398
0, 14614, 146141139, 146142398, 1139, 2398
0, 14615, 146151139, 146152398, 1139, 2398
0, 14616, 146161139, 146165188, 1139, 5188
0, 14617, 146171139, 146172398, 1139, 2398
0, 14618, 146181139, 146182398, 1139, 2398
0, 14619, 146191139, 146192398, 1139, 2398
0, 1462, 14621139, 14622398, 1139, 2398
0, 14620, 146201139, 146202398, 1139, 2398
0, 14621, 146211139, 146212398, 1139, 2398
0, 14622, 146221139, 146222398, 1139, 2398
0, 14623, 146231139, 146233168, 1139, 3168
0, 14624, 146241139, 146242398, 1139, 2398
0, 14625, 146251139, 146252398, 1139, 2398
0, 14626, 146261139, 146262398, 1139, 2398
0, 14627, 146271139, 146272398, 1139, 2398
0, 14628, 146281139, 146282398, 1139, 2398
0, 14629, 146291139, 146292398, 1139, 2398
0, 1463, 14631139, 14633753, 1139, 3753
0, 14630, 146301139, 146304868, 1139, 4868
0, 14631, 146311139, 146312398, 1139, 2398
0, 14632, 146321139, 146322398, 1139, 2398
0, 14633, 146331139, 146332398, 1139, 2398
0, 14634, 146341139, 146342398, 1139, 2398
0, 14635, 146351139, 146352398, 1139, 2398
0, 14636, 146361139, 146362398, 1139, 2398
0, 14637, 146371139, 146373168, 1139, 3168
0, 14638, 146381139, 146382398, 1139, 2398
0, 14639, 146391139, 146392398, 1139, 2398
0, 1464, 14641139, 14642398, 1139, 2398
0, 14640, 146401139, 146404868, 1139, 4868
0, 14641, 146411139, 146412398, 1139, 2398
0, 14642, 146421139, 146422398, 1139, 2398
0, 14643, 146431139, 146432398, 1139, 2398
0, 14644, 146441139, 146443753, 1139, 3753
0, 14645, 146451139, 146452398, 1139, 2398
0, 14646, 146461139, 146462398, 1139, 2398
0, 14647, 146471139, 146472398, 1139, 2398
0, 14648, 146481139, 146482398, 1139, 2398
0, 14649, 146491139, 146492398, 1139, 2398
0, 1465, 14651139, 14652398, 1139, 2398
0, 14650, 146501139, 146502398, 1139, 2398
0, 14651, 146511139, 146513168, 1139, 3168
0, 14652, 146521139, 146522398, 1139, 2398
0, 14653, 146531139, 146532398, 1139, 2398
0, 14654, 146541139, 146542398, 1139, 2398
0, 14655, 146551139, 146552398, 1139, 2398
0, 14656, 146561139, 146562398, 1139, 2398
0, 14657, 146571139, 146572398, 1139, 2398
0, 14658, 146581139, 146583168, 1139, 3168
0, 14659, 146591139, 146592398, 1139, 2398
0, 1466, 14661139, 14662398, 1139, 2398
0, 14660, 146601139, 146602398, 1139, 2398
0, 14661, 146611139, 146612398, 1139, 2398
0, 14662, 146621139, 146622398, 1139, 2398
0, 14663, 146631139, 146632398, 1139, 2398
0, 14664, 146641139, 146642398, 1139, 2398
0, 14665, 146651139, 146653753, 1139, 3753
0, 14666, 146661139, 146662398, 1139, 2398
0, 14667, 146671139, 146672398, 1139, 2398
0, 14668, 146681139, 146682398, 1139, 2398
0, 14669, 146691139, 146692398, 1139, 2398
0, 1467, 14671139, 14672398, 1139, 2398
0, 14670, 146701139, 146702398, 1139, 2398
0, 14671, 146711139, 146712398, 1139, 2398
0, 14672, 146721139, 146725188, 1139, 5188
0, 14673, 146731139, 146732398, 1139, 2398
0, 14674, 146741139, 146742398, 1139, 2398
0, 14675, 146751139, 146752398, 1139, 2398
0, 14676, 146761139, 146762398, 1139, 2398
0, 14677, 146771139, 146772398, 1139, 2398
0, 14678, 146781139, 146782398, 1139, 2398
0, 14679, 146791139, 146793168, 1139, 3168
0, 1468, 14681139, 14682398, 1139, 2398
0, 14680, 146801139, 146802398, 1139, 2398
0, 14681, 146811139, 146812398, 1139, 2398
0, 14682, 146821139, 146822398, 1139, 2398
0, 14683, 146831139, 146832398, 1139, 2398
0, 14684, 146841139, 146842398, 1139, 2398
0, 14685, 146851139, 146852398, 1139, 2398
0, 14686, 146861139, 146863168, 1139, 3168
0, 14687, 146871139, 146872398, 1139, 2398
0, 14688, 146881139, 146882398, 1139, 2398
0, 14689, 146891139, 146892398, 1139, 2398
0, 1469, 14691139, 14692398, 1139, 2398
0, 14690, 146901139, 146902398, 1139, 2398
0, 14691, 146911139, 146912398, 1139, 2398
0, 14692, 146921139, 146922398, 1139, 2398
0, 14693, 146931139, 146933168, 1139, 3168
0, 14694, 146941139, 146942398, 1139, 2398
0, 14695, 146951139, 146952398, 1139, 2398
0, 14696, 146961139, 146962398, 1139, 2398
0, 14697, 146971139, 146972398, 1139, 2398
0, 14698, 146981139, 146982398, 1139, 2398
0, 14699, 146991139, 146992398, 1139, 2398
0, 147, 1471139, 1473168, 1139, 3168
0, 1470, 14701139, 14703753, 1139, 3753
0, 14700, 147001139, 147004868, 1139, 4868
0, 14701, 147011139, 147012398, 1139, 2398
0, 14702, 147021139, 147022398, 1139, 2398
0, 14703, 147031139, 147032398, 1139, 2398
0, 14704, 147041139, 147042398, 1139, 2398
0, 14705, 147051139, 147052398, 1139, 2398
0, 14706, 147061139, 147062398, 1139, 2398
0, 14707, 147071139, 147073168, 1139, 3168
0, 14708, 147081139, 147082398, 1139, 2398
0, 14709, 147091139, 147092398, 1139, 2398
0, 1471, 14711139, 14712398, 1139, 2398
0, 14710, 147101139, 147102398, 1139, 2398
0, 14711, 147111139, 147112398, 1139, 2398
0, 14712, 147121139, 147122398, 1139, 2398
0, 14713, 147131139, 147132398, 1139, 2398
0, 14714, 147141139, 147143168, 1139, 3168
0, 14715, 147151139, 147152398, 1139, 2398
0, 14716, 147161139, 147162398, 1139, 2398
0, 14717, 147171139, 147172398, 1139, 2398
0, 14718, 147181139, 147182398, 1139, 2398
0, 14719, 147191139, 147192398, 1139, 2398
0, 1472, 14721139, 14722398, 1139, 2398
0, 14720, 147201139, 147202398, 1139, 2398
0, 14721, 147211139, 147213168, 1139, 3168
0, 14722, 147221139, 147222398, 1139, 2398
0, 14723, 147231139, 147232398, 1139, 2398
0, 14724, 147241139, 147242398, 1139, 2398
0, 14725, 147251139, 147252398, 1139, 2398
0, 14726, 147261139, 147262398, 1139, 2398
0, 14727, 147271139, 147272398, 1139, 2398
0, 14728, 147281139, 147285188, 1139, 5188
0, 14729, 147291139, 147292398, 1139, 2398
0, 1473, 14731139, 14732398, 1139, 2398
0, 14730, 147301139, 147302398, 1139, 2398
0, 14731, 147311139, 147312398, 1139, 2398
0, 14732, 147321139, 147322398, 1139, 2398
0, 14733, 147331139, 147332398, 1139, 2398
0, 14734, 147341139, 147342398, 1139, 2398
0, 14735, 147351139, 147354868, 1139, 4868
0, 14736, 147361139, 147362398, 1139, 2398
0, 14737, 147371139, 147372398, 1139, 2398
0, 14738, 147381139, 147382398, 1139, 2398
0, 14739, 147391139, 147392398, 1139, 2398
0, 1474, 14741139, 14742398, 1139, 2398
0, 14740, 147401139, 147402398, 1139, 2398
0, 14741, 147411139, 147412398, 1139, 2398
0, 14742, 147421139, 147423168, 1139, 3168
0, 14743, 147431139, 147432398, 1139, 2398
0, 14744, 147441139, 147442398, 1139, 2398
0, 14745, 147451139, 147452398, 1139, 2398
0, 14746, 147461139, 147462398, 1139, 2398
0, 14747, 147471139, 147472398, 1139, 2398
0, 14748, 147481139, 147482398, 1139, 2398
0, 14749, 147491139, 147493168, 1139, 3168
0, 1475, 14751139, 14752398, 1139, 2398
0, 14750, 147501139, 147502398, 1139, 2398
0, 14751, 147511139, 147512398, 1139, 2398
0, 14752, 147521139, 147522398, 1139, 2398
0, 14753, 147531139, 147532398, 1139, 2398
0, 14754, 147541139, 147542398, 1139, 2398
0, 14755, 147551139, 147552398, 1139, 2398
0, 14756, 147561139, 147563753, 1139, 3753
0, 14757, 147571139, 147572398, 1139, 2398
0, 14758, 147581139, 147582398, 1139, 2398
0, 14759, 147591139, 147592398, 1139, 2398
0, 1476, 14761139, 14762398, 1139, 2398
0, 14760, 147601139, 147604166, 1139, 4166
0, 14761, 147611139, 147612398, 1139, 2398
0, 14762, 147621139, 147622398, 1139, 2398
0, 14763, 147631139, 147633753, 1139, 3753
0, 14764, 147641139, 147642398, 1139, 2398
0, 14765, 147651139, 147652398, 1139, 2398
0, 14766, 147661139, 147662398, 1139, 2398
0, 14767, 147671139, 147672398, 1139, 2398
0, 14768, 147681139, 147682398, 1139, 2398
0, 14769, 147691139, 147692398, 1139, 2398
0, 1477, 14771139, 14773168, 1139, 3168
0, 14770, 147701139, 147703753, 1139, 3753
0, 14771, 147711139, 147712398, 1139, 2398
0, 14772, 147721139, 147722398, 1139, 2398
0, 14773, 147731139, 147732398, 1139, 2398
0, 14774, 147741139, 147742398, 1139, 2398
0, 14775, 147751139, 147752398, 1139, 2398
0, 14776, 147761139, 147762398, 1139, 2398
0, 14777, 147771139, 147773168, 1139, 3168
0, 14778, 147781139, 147782398, 1139, 2398
0, 14779, 147791139, 147792398, 1139, 2398
0, 1478, 14781139, 14782398, 1139, 2398
0, 14780, 147801139, 147802398, 1139, 2398
0, 14781, 147811139, 147812398, 1139, 2398
0, 14782, 147821139, 147822398, 1139, 2398
0, 14783, 147831139, 147832398, 1139, 2398
0, 14784, 147841139, 147845188, 1139, 5188
0, 14785, 147851139, 147852398, 1139, 2398
0, 14786, 147861139, 147862398, 1139, 2398
0, 14787, 147871139, 147872398, 1139, 2398
0, 14788, 147881139, 147882398, 1139, 2398
0, 14789, 147891139, 147892398, 1139, 2398
0, 1479, 14791139, 14792398, 1139, 2398
0, 14790, 147901139, 147902398, 1139, 2398
0, 14791, 147911139, 147913168, 1139, 3168
0, 14792, 147921139, 147922398, 1139, 2398
0, 14793, 147931139, 147932398, 1139, 2398
0, 14794, 147941139, 147942398, 1139, 2398
0, 14795, 147951139, 147952398, 1139, 2398
0, 14796, 147961139, 147962398, 1139, 2398
0, 14797, 147971139, 147972398, 1139, 2398
0, 14798, 147981139, 147983168, 1139, 3168
0, 14799, 147991139, 147992398, 1139, 2398
0, 148, 1481139, 1482398, 1139, 2398
0, 1480, 14801139, 14802398, 1139, 2398
0, 14800, 148001139, 148002398, 1139, 2398
0, 14801, 148011139, 148012398, 1139, 2398
0, 14802, 148021139, 148022398, 1139, 2398
0, 14803, 148031139, 148032398, 1139, 2398
0, 14804, 148041139, 148042398, 1139, 2398
0, 14805, 148051139, 148053753, 1139, 3753
0, 14806, 148061139, 148062398, 1139, 2398
0, 14807, 148071139, 148072398, 1139, 2398
0, 14808, 148081139, 148082398, 1139, 2398
0, 14809, 148091139, 148092398, 1139, 2398
0, 1481, 14811139, 14812398, 1139, 2398
0, 14810, 148101139, 148102398, 1139, 2398
0, 14811, 148111139, 148112398, 1139, 2398
0, 14812, 148121139, 148123753, 1139, 3753
0, 14813, 148131139, 148132398, 1139, 2398
0, 14814, 148141139, 148142398, 1139, 2398
0, 14815, 148151139, 148152398, 1139, 2398
0, 14816, 148161139, 148162398, 1139, 2398
0, 14817, 148171139, 148172398, 1139, 2398
0, 14818, 148181139, 148182398, 1139, 2398
0, 14819, 148191139, 148193168, 1139, 3168
0, 1482, 14821139, 14822398, 1139, 2398
0, 14820, 148201139, 148202689, 1139, 2689
0, 14821, 148211139, 148212398, 1139, 2398
0, 14822, 148221139, 148222398, 1139, 2398
0, 14823, 148231139, 148232398, 1139, 2398
0, 14824, 148241139, 148242398, 1139, 2398
0, 14825, 148251139, 148252398, 1139, 2398
0, 14826, 148261139, 148263168, 1139, 3168
0, 14827, 148271139, 148272398, 1139, 2398
0, 14828, 148281139, 148282398, 1139, 2398
0, 14829, 148291139, 148292398, 1139, 2398
0, 1483, 14831139, 14832398, 1139, 2398
0, 14830, 148301139, 148302398, 1139, 2398
0, 14831, 148311139, 148312398, 1139, 2398
0, 14832, 148321139, 148322398, 1139, 2398
0, 14833, 148331139, 148333168, 1139, 3168
0, 14834, 148341139, 148342398, 1139, 2398
0, 14835, 148351139, 148352398, 1139, 2398
0, 14836, 148361139, 148362398, 1139, 2398
0, 14837, 148371139, 148372398, 1139, 2398
0, 14838, 148381139, 148382398, 1139, 2398
0, 14839, 148391139, 148392398, 1139, 2398
0, 1484, 14841139, 14843753, 1139, 3753
0, 14840, 148401139, 148405188, 1139, 5188
0, 14841, 148411139, 148412398, 1139, 2398
0, 14842, 148421139, 148422398, 1139, 2398
0, 14843, 148431139, 148432398, 1139, 2398
0, 14844, 148441139, 148442398, 1139, 2398
0, 14845, 148451139, 148452398, 1139, 2398
0, 14846, 148461139, 148462398, 1139, 2398
0, 14847, 148471139, 148473168, 1139, 3168
0, 14848, 148481139, 148482398, 1139, 2398
0, 14849, 148491139, 148492398, 1139, 2398
0, 1485, 14851139, 14852398, 1139, 2398
0, 14850, 148501139, 148502398, 1139, 2398
0, 14851, 148511139, 148512398, 1139, 2398
0, 14852, 148521139, 148522398, 1139, 2398
0, 14853, 148531139, 148532398, 1139, 2398
0, 14854, 148541139, 148543168, 1139, 3168
0, 14855, 148551139, 148552398, 1139, 2398
0, 14856, 148561139, 148562398, 1139, 2398
0, 14857, 148571139, 148572398, 1139, 2398
0, 14858, 148581139, 148582398, 1139, 2398
0, 14859, 148591139, 148592398, 1139, 2398
0, 1486, 14861139, 14862398, 1139, 2398
0, 14860, 148601139, 148602398, 1139, 2398
0, 14861, 148611139, 148613168, 1139, 3168
0, 14862, 148621139, 148622398, 1139, 2398
0, 14863, 148631139, 148632398, 1139, 2398
0, 14864, 148641139, 148642398, 1139, 2398
0, 14865, 148651139, 148652398, 1139, 2398
0, 14866, 148661139, 148662398, 1139, 2398
0, 14867, 148671139, 148672398, 1139, 2398
0, 14868, 148681139, 148685165, 1139, 5165
0, 14869, 148691139, 148692398, 1139, 2398
0, 1487, 14871139, 14872398, 1139, 2398
0, 14870, 148701139, 148702398, 1139, 2398
0, 14871, 148711139, 148712398, 1139, 2398
0, 14872, 148721139, 148722398, 1139, 2398
0, 14873, 148731139, 148732398, 1139, 2398
0, 14874, 148741139, 148742398, 1139, 2398
0, 14875, 148751139, 148753753, 1139, 3753
0, 14876, 148761139, 148762398, 1139, 2398
0, 14877, 148771139, 148772398, 1139, 2398
0, 14878, 148781139, 148782398, 1139, 2398
0, 14879, 148791139, 148792398, 1139, 2398
0, 1488, 14881139, 14882689, 1139, 2689
0, 14880, 148801139, 148802689, 1139, 2689
0, 14881, 148811139, 148812398, 1139, 2398
0, 14882, 148821139, 148823168, 1139, 3168
0, 14883, 148831139, 148832398, 1139, 2398
0, 14884, 148841139, 148842398, 1139, 2398
0, 14885, 148851139, 148852398, 1139, 2398
0, 14886, 148861139, 148862398, 1139, 2398
0, 14887, 148871139, 148872398, 1139, 2398
0, 14888, 148881139, 148882398, 1139, 2398
0, 14889, 148891139, 148893168, 1139, 3168
0, 1489, 14891139, 14892398, 1139, 2398
0, 14890, 148901139, 148902398, 1139, 2398
0, 14891, 148911139, 148912398, 1139, 2398
0, 14892, 148921139, 148922398, 1139, 2398
0, 14893, 148931139, 148932398, 1139, 2398
0, 14894, 148941139, 148942398, 1139, 2398
0, 14895, 148951139, 148952398, 1139, 2398
0, 14896, 148961139, 148965914, 1139, 5914
0, 14897, 148971139, 148974136, 1139, 4136
0, 14898, 148981139, 148982398, 1139, 2398
0, 14899, 148991139, 148992398, 1139, 2398
0, 149, 1491139, 1492398, 1139, 2398
0, 1490, 14901139, 14902398, 1139, 2398
0, 14900, 149001139, 149002398, 1139, 2398
0, 14901, 149011139, 149012398, 1139, 2398
0, 14902, 149021139, 149022398, 1139, 2398
0, 14903, 149031139, 149033168, 1139, 3168
0, 14904, 149041139, 149042398, 1139, 2398
0, 14905, 149051139, 149052398, 1139, 2398
0, 14906, 149061139, 149062398, 1139, 2398
0, 14907, 149071139, 149072398, 1139, 2398
0, 14908, 149081139, 149082398, 1139, 2398
0, 14909, 149091139, 149092398, 1139, 2398
0, 1491, 14911139, 14913168, 1139, 3168
0, 14910, 149101139, 149103753, 1139, 3753
0, 14911, 149111139, 149112398, 1139, 2398
0, 14912, 149121139, 149122398, 1139, 2398
0, 14913, 149131139, 149132398, 1139, 2398
0, 14914, 149141139, 149142398, 1139, 2398
0, 14915, 149151139, 149152398, 1139, 2398
0, 14916, 149161139, 149162398, 1139, 2398
0, 14917, 149171139, 149173168, 1139, 3168
0, 14918, 149181139, 149182398, 1139, 2398
0, 14919, 149191139, 149192398, 1139, 2398
0, 1492, 14921139, 14922398, 1139, 2398
0, 14920, 149201139, 149202398, 1139, 2398
0, 14921, 149211139, 149212398, 1139, 2398
0, 14922, 149221139, 149222398, 1139, 2398
0, 14923, 149231139, 149232398, 1139, 2398
0, 14924, 149241139, 149243753, 1139, 3753
0, 14925, 149251139, 149252398, 1139, 2398
0, 14926, 149261139, 149262398, 1139, 2398
0, 14927, 149271139, 149272398, 1139, 2398
0, 14928, 149281139, 149282689, 1139, 2689
0, 14929, 149291139, 149292398, 1139, 2398
0, 1493, 14931139, 14932398, 1139, 2398
0, 14930, 149301139, 149302398, 1139, 2398
0, 14931, 149311139, 149313168, 1139, 3168
0, 14932, 149321139, 149322398, 1139, 2398
0, 14933, 149331139, 149332398, 1139, 2398
0, 14934, 149341139, 149342398, 1139, 2398
0, 14935, 149351139, 149352398, 1139, 2398
0, 14936, 149361139, 149362398, 1139, 2398
0, 14937, 149371139, 149372398, 1139, 2398
0, 14938, 149381139, 149383168, 1139, 3168
0, 14939, 149391139, 149392398, 1139, 2398
0, 1494, 14941139, 14942398, 1139, 2398
0, 14940, 149401139, 149402398, 1139, 2398
0, 14941, 149411139, 149412398, 1139, 2398
0, 14942, 149421139, 149422398, 1139, 2398
0, 14943, 149431139, 149432398, 1139, 2398
0, 14944, 149441139, 149442398, 1139, 2398
0, 14945, 149451139, 149453753, 1139, 3753
0, 14946, 149461139, 149462398, 1139, 2398
0, 14947, 149471139, 149472398, 1139, 2398
0, 14948, 149481139, 149482398, 1139, 2398
0, 14949, 149491139, 149492398, 1139, 2398
0, 1495, 14951139, 14952398, 1139, 2398
0, 14950, 149501139, 149502398, 1139, 2398
0, 14951, 149511139, 149512398, 1139, 2398
0, 14952, 149521139, 149525188, 1139, 5188
0, 14953, 149531139, 149534868, 1139, 4868
0, 14954, 149541139, 149542398, 1139, 2398
0, 14955, 149551139, 149552398, 1139, 2398
0, 14956, 149561139, 149562398, 1139, 2398
0, 14957, 149571139, 149572398, 1139, 2398
0, 14958, 149581139, 149582398, 1139, 2398
0, 14959, 149591139, 149593168, 1139, 3168
0, 1496, 14961139, 14962398, 1139, 2398
0, 14960, 149601139, 149602398, 1139, 2398
0, 14961, 149611139, 149612398, 1139, 2398
0, 14962, 149621139, 149622398, 1139, 2398
0, 14963, 149631139, 149632631, 1139, 2631
0, 14964, 149641139, 149642398, 1139, 2398
0, 14965, 149651139, 149652398, 1139, 2398
0, 14966, 149661139, 149663168, 1139, 3168
0, 14967, 149671139, 149672398, 1139, 2398
0, 14968, 149681139, 149682398, 1139, 2398
0, 14969, 149691139, 149692398, 1139, 2398
0, 1497, 14971139, 14972398, 1139, 2398
0, 14970, 149701139, 149702398, 1139, 2398
0, 14971, 149711139, 149712398, 1139, 2398
0, 14972, 149721139, 149722398, 1139, 2398
0, 14973, 149731139, 149733168, 1139, 3168
0, 14974, 149741139, 149742398, 1139, 2398
0, 14975, 149751139, 149752398, 1139, 2398
0, 14976, 149761139, 149762398, 1139, 2398
0, 14977, 149771139, 149772398, 1139, 2398
0, 14978, 149781139, 149782398, 1139, 2398
0, 14979, 149791139, 149792398, 1139, 2398
0, 1498, 14981139, 14983168, 1139, 3168
0, 14980, 149801139, 149804868, 1139, 4868
0, 14981, 149811139, 149812398, 1139, 2398
0, 14982, 149821139, 149822398, 1139, 2398
0, 14983, 149831139, 149832398, 1139, 2398
0, 14984, 149841139, 149842398, 1139, 2398
0, 14985, 149851139, 149852398, 1139, 2398
0, 14986, 149861139, 149862398, 1139, 2398
0, 14987, 149871139, 149873168, 1139, 3168
0, 14988, 149881139, 149882398, 1139, 2398
0, 14989, 149891139, 149892398, 1139, 2398
0, 1499, 14991139, 14992398, 1139, 2398
0, 14990, 149901139, 149902398, 1139, 2398
0, 14991, 149911139, 149912398, 1139, 2398
0, 14992, 149921139, 149922398, 1139, 2398
0, 14993, 149931139, 149932398, 1139, 2398
0, 14994, 149941139, 149943168, 1139, 3168
0, 14995, 149951139, 149952398, 1139, 2398
0, 14996, 149961139, 149962398, 1139, 2398
0, 14997, 149971139, 149972398, 1139, 2398
0, 14998, 149981139, 149982398, 1139, 2398
0, 14999, 149991139, 149992398, 1139, 2398
0, 15, 151139, 152398, 1139, 2398
0, 150, 1501139, 1502398, 1139, 2398
0, 1500, 15001139, 15002398, 1139, 2398
0, 15000, 150001139, 150002689, 1139, 2689
0, 15001, 150011139, 150013753, 1139, 3753
0, 15002, 150021139, 150022398, 1139, 2398
0, 15003, 150031139, 150032398, 1139, 2398
0, 15004, 150041139, 150042398, 1139, 2398
0, 15005, 150051139, 150052398, 1139, 2398
0, 15006, 150061139, 150062398, 1139, 2398
0, 15007, 150071139, 150072398, 1139, 2398
0, 15008, 150081139, 150085188, 1139, 5188
0, 15009, 150091139, 150092398, 1139, 2398
0, 1501, 15011139, 15012398, 1139, 2398
0, 15010, 150101139, 150102398, 1139, 2398
0, 15011, 150111139, 150112398, 1139, 2398
0, 15012, 150121139, 150122398, 1139, 2398
0, 15013, 150131139, 150132398, 1139, 2398
0, 15014, 150141139, 150142398, 1139, 2398
0, 15015, 150151139, 150153753, 1139, 3753
0, 15016, 150161139, 150162398, 1139, 2398
0, 15017, 150171139, 150172398, 1139, 2398
0, 15018, 150181139, 150182398, 1139, 2398
0, 15019, 150191139, 150192398, 1139, 2398
0, 1502, 15021139, 15022398, 1139, 2398
0, 15020, 150201139, 150202398, 1139, 2398
0, 15021, 150211139, 150212398, 1139, 2398
0, 15022, 150221139, 150223168, 1139, 3168
0, 15023, 150231139, 150232398, 1139, 2398
0, 15024, 150241139, 150242398, 1139, 2398
0, 15025, 150251139, 150252398, 1139, 2398
0, 15026, 150261139, 150262398, 1139, 2398
0, 15027, 150271139, 150272398, 1139, 2398
0, 15028, 150281139, 150282398, 1139, 2398
0, 15029, 150291139, 150293753, 1139, 3753
0, 1503, 15031139, 15032398, 1139, 2398
0, 15030, 150301139, 150302398, 1139, 2398
0, 15031, 150311139, 150312398, 1139, 2398
0, 15032, 150321139, 150322398, 1139, 2398
0, 15033, 150331139, 150332398, 1139, 2398
0, 15034, 150341139, 150342398, 1139, 2398
0, 15035, 150351139, 150352398, 1139, 2398
0, 15036, 150361139, 150363753, 1139, 3753
0, 15037, 150371139, 150372398, 1139, 2398
0, 15038, 150381139, 150382398, 1139, 2398
0, 15039, 150391139, 150392398, 1139, 2398
0, 1504, 15041139, 15042398, 1139, 2398
0, 15040, 150401139, 150404166, 1139, 4166
0, 15041, 150411139, 150412398, 1139, 2398
0, 15042, 150421139, 150422398, 1139, 2398
0, 15043, 150431139, 150433168, 1139, 3168
0, 15044, 150441139, 150442398, 1139, 2398
0, 15045, 150451139, 150452398, 1139, 2398
0, 15046, 150461139, 150462398, 1139, 2398
0, 15047, 150471139, 150472398, 1139, 2398
0, 15048, 150481139, 150482689, 1139, 2689
0, 15049, 150491139, 150492398, 1139, 2398
0, 1505, 15051139, 15053753, 1139, 3753
0, 15050, 150501139, 150503753, 1139, 3753
0, 15051, 150511139, 150512398, 1139, 2398
0, 15052, 150521139, 150522398, 1139, 2398
0, 15053, 150531139, 150532398, 1139, 2398
0, 15054, 150541139, 150542398, 1139, 2398
0, 15055, 150551139, 150552398, 1139, 2398
0, 15056, 150561139, 150562398, 1139, 2398
0, 15057, 150571139, 150573168, 1139, 3168
0, 15058, 150581139, 150582398, 1139, 2398
0, 15059, 150591139, 150592398, 1139, 2398
0, 1506, 15061139, 15062398, 1139, 2398
0, 15060, 150601139, 150602398, 1139, 2398
0, 15061, 150611139, 150612398, 1139, 2398
0, 15062, 150621139, 150622398, 1139, 2398
0, 15063, 150631139, 150632398, 1139, 2398
0, 15064, 150641139, 150645188, 1139, 5188
0, 15065, 150651139, 150652398, 1139, 2398
0, 15066, 150661139, 150662398, 1139, 2398
0, 15067, 150671139, 150672398, 1139, 2398
0, 15068, 150681139, 150682398, 1139, 2398
0, 15069, 150691139, 150692398, 1139, 2398
0, 1507, 15071139, 15072398, 1139, 2398
0, 15070, 150701139, 150702398, 1139, 2398
0, 15071, 150711139, 150713168, 1139, 3168
0, 15072, 150721139, 150722398, 1139, 2398
0, 15073, 150731139, 150732398, 1139, 2398
0, 15074, 150741139, 150742398, 1139, 2398
0, 15075, 150751139, 150752398, 1139, 2398
0, 15076, 150761139, 150762398, 1139, 2398
0, 15077, 150771139, 150772398, 1139, 2398
0, 15078, 150781139, 150783168, 1139, 3168
0, 15079, 150791139, 150792398, 1139, 2398
0, 1508, 15081139, 15082398, 1139, 2398
0, 15080, 150801139, 150802398, 1139, 2398
0, 15081, 150811139, 150812398, 1139, 2398
0, 15082, 150821139, 150822398, 1139, 2398
0, 15083, 150831139, 150832398, 1139, 2398
0, 15084, 150841139, 150842398, 1139, 2398
0, 15085, 150851139, 150853753, 1139, 3753
0, 15086, 150861139, 150862398, 1139, 2398
0, 15087, 150871139, 150872398, 1139, 2398
0, 15088, 150881139, 150882398, 1139, 2398
0, 15089, 150891139, 150892398, 1139, 2398
0, 1509, 15091139, 15092398, 1139, 2398
0, 15090, 150901139, 150902398, 1139, 2398
0, 15091, 150911139, 150912398, 1139, 2398
0, 15092, 150921139, 150923753, 1139, 3753
0, 15093, 150931139, 150932398, 1139, 2398
0, 15094, 150941139, 150942398, 1139, 2398
0, 15095, 150951139, 150952398, 1139, 2398
0, 15096, 150961139, 150964166, 1139, 4166
0, 15097, 150971139, 150972398, 1139, 2398
0, 15098, 150981139, 150982398, 1139, 2398
0, 15099, 150991139, 150993168, 1139, 3168
0, 151, 1511139, 1512398, 1139, 2398
0, 1510, 15101139, 15102398, 1139, 2398
0, 15100, 151001139, 151002398, 1139, 2398
0, 15101, 151011139, 151012398, 1139, 2398
0, 15102, 151021139, 151022398, 1139, 2398
0, 15103, 151031139, 151032398, 1139, 2398
0, 15104, 151041139, 151042398, 1139, 2398
0, 15105, 151051139, 151052398, 1139, 2398
0, 15106, 151061139, 151063168, 1139, 3168
0, 15107, 151071139, 151072398, 1139, 2398
0, 15108, 151081139, 151082398, 1139, 2398
0, 15109, 151091139, 151092398, 1139, 2398
0, 1511, 15111139, 15112398, 1139, 2398
0, 15110, 151101139, 151102398, 1139, 2398
0, 15111, 151111139, 151112398, 1139, 2398
0, 15112, 151121139, 151122398, 1139, 2398
0, 15113, 151131139, 151133168, 1139, 3168
0, 15114, 151141139, 151142398, 1139, 2398
0, 15115, 151151139, 151152398, 1139, 2398
0, 15116, 151161139, 151162398, 1139, 2398
0, 15117, 151171139, 151172398, 1139, 2398
0, 15118, 151181139, 151182398, 1139, 2398
0, 15119, 151191139, 151192398, 1139, 2398
0, 1512, 15121139, 15125188, 1139, 5188
0, 15120, 151201139, 151205188, 1139, 5188
0, 15121, 151211139, 151212398, 1139, 2398
0, 15122, 151221139, 151222398, 1139, 2398
0, 15123, 151231139, 151232398, 1139, 2398
0, 15124, 151241139, 151242398, 1139, 2398
0, 15125, 151251139, 151252398, 1139, 2398
0, 15126, 151261139, 151262398, 1139, 2398
0, 15127, 151271139, 151273168, 1139, 3168
0, 15128, 151281139, 151282398, 1139, 2398
0, 15129, 151291139, 151292398, 1139, 2398
0, 1513, 15131139, 15134250, 1139, 4250
0, 15130, 151301139, 151302398, 1139, 2398
0, 15131, 151311139, 151312398, 1139, 2398
0, 15132, 151321139, 151322398, 1139, 2398
0, 15133, 151331139, 151332398, 1139, 2398
0, 15134, 151341139, 151343753, 1139, 3753
0, 15135, 151351139, 151352398, 1139, 2398
0, 15136, 151361139, 151362398, 1139, 2398
0, 15137, 151371139, 151372398, 1139, 2398
0, 15138, 151381139, 151382398, 1139, 2398
0, 15139, 151391139, 151392398, 1139, 2398
0, 1514, 15141139, 15142398, 1139, 2398
0, 15140, 151401139, 151402398, 1139, 2398
0, 15141, 151411139, 151413168, 1139, 3168
0, 15142, 151421139, 151422398, 1139, 2398
0, 15143, 151431139, 151432398, 1139, 2398
0, 15144, 151441139, 151442398, 1139, 2398
0, 15145, 151451139, 151452398, 1139, 2398
0, 15146, 151461139, 151462398, 1139, 2398
0, 15147, 151471139, 151472398, 1139, 2398
0, 15148, 151481139, 151483753, 1139, 3753
0, 15149, 151491139, 151492398, 1139, 2398
0, 1515, 15151139, 15152398, 1139, 2398
0, 15150, 151501139, 151502398, 1139, 2398
0, 15151, 151511139, 151512398, 1139, 2398
0, 15152, 151521139, 151522398, 1139, 2398
0, 15153, 151531139, 151532398, 1139, 2398
0, 15154, 151541139, 151542398, 1139, 2398
0, 15155, 151551139, 151553753, 1139, 3753
0, 15156, 151561139, 151562398, 1139, 2398
0, 15157, 151571139, 151572398, 1139, 2398
0, 15158, 151581139, 151582398, 1139, 2398
0, 15159, 151591139, 151592398, 1139, 2398
0, 1516, 15161139, 15162398, 1139, 2398
0, 15160, 151601139, 151602398, 1139, 2398
0, 15161, 151611139, 151612398, 1139, 2398
0, 15162, 151621139, 151623753, 1139, 3753
0, 15163, 151631139, 151632398, 1139, 2398
0, 15164, 151641139, 151642398, 1139, 2398
0, 15165, 151651139, 151652398, 1139, 2398
0, 15166, 151661139, 151662398, 1139, 2398
0, 15167, 151671139, 151672398, 1139, 2398
0, 15168, 151681139, 151682398, 1139, 2398
0, 15169, 151691139, 151693168, 1139, 3168
0, 1517, 15171139, 15172398, 1139, 2398
0, 15170, 151701139, 151702398, 1139, 2398
0, 15171, 151711139, 151712398, 1139, 2398
0, 15172, 151721139, 151722398, 1139, 2398
0, 15173, 151731139, 151732398, 1139, 2398
0, 15174, 151741139, 151742398, 1139, 2398
0, 15175, 151751139, 151752398, 1139, 2398
0, 15176, 151761139, 151765188, 1139, 5188
0, 15177, 151771139, 151772398, 1139, 2398
0, 15178, 151781139, 151782398, 1139, 2398
0, 15179, 151791139, 151792398, 1139, 2398
0, 1518, 15181139, 15182398, 1139, 2398
0, 15180, 151801139, 151802689, 1139, 2689
0, 15181, 151811139, 151812398, 1139, 2398
0, 15182, 151821139, 151822398, 1139, 2398
0, 15183, 151831139, 151833168, 1139, 3168
0, 15184, 151841139, 151842398, 1139, 2398
0, 15185, 151851139, 151852398, 1139, 2398
0, 15186, 151861139, 151862398, 1139, 2398
0, 15187, 151871139, 151872398, 1139, 2398
0, 15188, 151881139, 151882398, 1139, 2398
0, 15189, 151891139, 151892398, 1139, 2398
0, 1519, 15191139, 15193168, 1139, 3168
0, 15190, 151901139, 151903753, 1139, 3753
0, 15191, 151911139, 151912398, 1139, 2398
0, 15192, 151921139, 151922398, 1139, 2398
0, 15193, 151931139, 151932398, 1139, 2398
0, 15194, 151941139, 151942398, 1139, 2398
0, 15195, 151951139, 151952398, 1139, 2398
0, 15196, 151961139, 151962398, 1139, 2398
0, 15197, 151971139, 151973168, 1139, 3168
0, 15198, 151981139, 151982398, 1139, 2398
0, 15199, 151991139, 151992398, 1139, 2398
0, 152, 1521139, 1522398, 1139, 2398
0, 1520, 15201139, 15204868, 1139, 4868
0, 15200, 152001139, 152004868, 1139, 4868
0, 15201, 152011139, 152013456, 1139, 3456
0, 15202, 152021139, 152022398, 1139, 2398
0, 15203, 152031139, 152032398, 1139, 2398
0, 15204, 152041139, 152043753, 1139, 3753
0, 15205, 152051139, 152052398, 1139, 2398
0, 15206, 152061139, 152062398, 1139, 2398
0, 15207, 152071139, 152072398, 1139, 2398
0, 15208, 152081139, 152082398, 1139, 2398
0, 15209, 152091139, 152092398, 1139, 2398
0, 1521, 15211139, 15212398, 1139, 2398
0, 15210, 152101139, 152102398, 1139, 2398
0, 15211, 152111139, 152113168, 1139, 3168
0, 15212, 152121139, 152122398, 1139, 2398
0, 15213, 152131139, 152132398, 1139, 2398
0, 15214, 152141139, 152142398, 1139, 2398
0, 15215, 152151139, 152152398, 1139, 2398
0, 15216, 152161139, 152162398, 1139, 2398
0, 15217, 152171139, 152172398, 1139, 2398
0, 15218, 152181139, 152183168, 1139, 3168
0, 15219, 152191139, 152192398, 1139, 2398
0, 1522, 15221139, 15222398, 1139, 2398
0, 15220, 152201139, 152202398, 1139, 2398
0, 15221, 152211139, 152212398, 1139, 2398
0, 15222, 152221139, 152222398, 1139, 2398
0, 15223, 152231139, 152232398, 1139, 2398
0, 15224, 152241139, 152242398, 1139, 2398
0, 15225, 152251139, 152253753, 1139, 3753
0, 15226, 152261139, 152262398, 1139, 2398
0, 15227, 152271139, 152272398, 1139, 2398
0, 15228, 152281139, 152282398, 1139, 2398
0, 15229, 152291139, 152292398, 1139, 2398
0, 1523, 15231139, 15232398, 1139, 2398
0, 15230, 152301139, 152302398, 1139, 2398
0, 15231, 152311139, 152312398, 1139, 2398
0, 15232, 152321139, 152325188, 1139, 5188
0, 15233, 152331139, 152334250, 1139, 4250
0, 15234, 152341139, 152342398, 1139, 2398
0, 15235, 152351139, 152352398, 1139, 2398
0, 15236, 152361139, 152362398, 1139, 2398
0, 15237, 152371139, 152372398, 1139, 2398
0, 15238, 152381139, 152382398, 1139, 2398
0, 15239, 152391139, 152393168, 1139, 3168
0, 1524, 15241139, 15242398, 1139, 2398
0, 15240, 152401139, 152402689, 1139, 2689
0, 15241, 152411139, 152412398, 1139, 2398
0, 15242, 152421139, 152422398, 1139, 2398
0, 15243, 152431139, 152432398, 1139, 2398
0, 15244, 152441139, 152442398, 1139, 2398
0, 15245, 152451139, 152452398, 1139, 2398
0, 15246, 152461139, 152463168, 1139, 3168
0, 15247, 152471139, 152472398, 1139, 2398
0, 15248, 152481139, 152482398, 1139, 2398
0, 15249, 152491139, 152492398, 1139, 2398
0, 1525, 15251139, 15252398, 1139, 2398
0, 15250, 152501139, 152502398, 1139, 2398
0, 15251, 152511139, 152512398, 1139, 2398
0, 15252, 152521139, 152522398, 1139, 2398
0, 15253, 152531139, 152533168, 1139, 3168
0, 15254, 152541139, 152542398, 1139, 2398
0, 15255, 152551139, 152552398, 1139, 2398
0, 15256, 152561139, 152562398, 1139, 2398
0, 15257, 152571139, 152572398, 1139, 2398
0, 15258, 152581139, 152582398, 1139, 2398
0, 15259, 152591139, 152592398, 1139, 2398
0, 1526, 15261139, 15263168, 1139, 3168
0, 15260, 152601139, 152604868, 1139, 4868
0, 15261, 152611139, 152612398, 1139, 2398
0, 15262, 152621139, 152622398, 1139, 2398
0, 15263, 152631139, 152632398, 1139, 2398
0, 15264, 152641139, 152642689, 1139, 2689
0, 15265, 152651139, 152652398, 1139, 2398
0, 15266, 152661139, 152662398, 1139, 2398
0, 15267, 152671139, 152673753, 1139, 3753
0, 15268, 152681139, 152682398, 1139, 2398
0, 15269, 152691139, 152692398, 1139, 2398
0, 1527, 15271139, 15272398, 1139, 2398
0, 15270, 152701139, 152702398, 1139, 2398
0, 15271, 152711139, 152712398, 1139, 2398
0, 15272, 152721139, 152722398, 1139, 2398
0, 15273, 152731139, 152732398, 1139, 2398
0, 15274, 152741139, 152743168, 1139, 3168
0, 15275, 152751139, 152752398, 1139, 2398
0, 15276, 152761139, 152762398, 1139, 2398
0, 15277, 152771139, 152772398, 1139, 2398
0, 15278, 152781139, 152782398, 1139, 2398
0, 15279, 152791139, 152792398, 1139, 2398
0, 1528, 15281139, 15282398, 1139, 2398
0, 15280, 152801139, 152802398, 1139, 2398
0, 15281, 152811139, 152813168, 1139, 3168
0, 15282, 152821139, 152822398, 1139, 2398
0, 15283, 152831139, 152832398, 1139, 2398
0, 15284, 152841139, 152842398, 1139, 2398
0, 15285, 152851139, 152852398, 1139, 2398
0, 15286, 152861139, 152862398, 1139, 2398
0, 15287, 152871139, 152872398, 1139, 2398
0, 15288, 152881139, 152885188, 1139, 5188
0, 15289, 152891139, 152892398, 1139, 2398
0, 1529, 15291139, 15292398, 1139, 2398
0, 15290, 152901139, 152902398, 1139, 2398
0, 15291, 152911139, 152912398, 1139, 2398
0, 15292, 152921139, 152922398, 1139, 2398
0, 15293, 152931139, 152932398, 1139, 2398
0, 15294, 152941139, 152942398, 1139, 2398
0, 15295, 152951139, 152954868, 1139, 4868
0, 15296, 152961139, 152962398, 1139, 2398
0, 15297, 152971139, 152972398, 1139, 2398
0, 15298, 152981139, 152982398, 1139, 2398
0, 15299, 152991139, 152992398, 1139, 2398
0, 153, 1531139, 1532398, 1139, 2398
0, 1530, 15301139, 15302689, 1139, 2689
0, 15300, 153001139, 153002398, 1139, 2398
0, 15301, 153011139, 153012398, 1139, 2398
0, 15302, 153021139, 153023168, 1139, 3168
0, 15303, 153031139, 153032398, 1139, 2398
0, 15304, 153041139, 153042398, 1139, 2398
0, 15305, 153051139, 153052398, 1139, 2398
0, 15306, 153061139, 153062398, 1139, 2398
0, 15307, 153071139, 153072398, 1139, 2398
0, 15308, 153081139, 153082398, 1139, 2398
0, 15309, 153091139, 153093168, 1139, 3168
0, 1531, 15311139, 15312398, 1139, 2398
0, 15310, 153101139, 153102398, 1139, 2398
0, 15311, 153111139, 153112398, 1139, 2398
0, 15312, 153121139, 153122398, 1139, 2398
0, 15313, 153131139, 153132398, 1139, 2398
0, 15314, 153141139, 153142398, 1139, 2398
0, 15315, 153151139, 153152398, 1139, 2398
0, 15316, 153161139, 153163753, 1139, 3753
0, 15317, 153171139, 153172398, 1139, 2398
0, 15318, 153181139, 153182398, 1139, 2398
0, 15319, 153191139, 153192398, 1139, 2398
0, 1532, 15321139, 15322398, 1139, 2398
0, 15320, 153201139, 153204166, 1139, 4166
0, 15321, 153211139, 153212398, 1139, 2398
0, 15322, 153221139, 153222398, 1139, 2398
0, 15323, 153231139, 153233168, 1139, 3168
0, 15324, 153241139, 153242398, 1139, 2398
0, 15325, 153251139, 153252398, 1139, 2398
0, 15326, 153261139, 153262398, 1139, 2398
0, 15327, 153271139, 153272398, 1139, 2398
0, 15328, 153281139, 153282398, 1139, 2398
0, 15329, 153291139, 153292398, 1139, 2398
0, 1533, 15331139, 15333168, 1139, 3168
0, 15330, 153301139, 153303753, 1139, 3753
0, 15331, 153311139, 153312398, 1139, 2398
0, 15332, 153321139, 153322398, 1139, 2398
0, 15333, 153331139, 153332398, 1139, 2398
0, 15334, 153341139, 153342398, 1139, 2398
0, 15335, 153351139, 153352398, 1139, 2398
0, 15336, 153361139, 153362398, 1139, 2398
0, 15337, 153371139, 153373168, 1139, 3168
0, 15338, 153381139, 153382398, 1139, 2398
0, 15339, 153391139, 153392398, 1139, 2398
0, 1534, 15341139, 15342398, 1139, 2398
0, 15340, 153401139, 153402398, 1139, 2398
0, 15341, 153411139, 153412398, 1139, 2398
0, 15342, 153421139, 153422398, 1139, 2398
0, 15343, 153431139, 153432398, 1139, 2398
0, 15344, 153441139, 153445188, 1139, 5188
0, 15345, 153451139, 153452398, 1139, 2398
0, 15346, 153461139, 153462398, 1139, 2398
0, 15347, 153471139, 153472398, 1139, 2398
0, 15348, 153481139, 153482398, 1139, 2398
0, 15349, 153491139, 153492398, 1139, 2398
0, 1535, 15351139, 15352398, 1139, 2398
0, 15350, 153501139, 153502398, 1139, 2398
0, 15351, 153511139, 153513168, 1139, 3168
0, 15352, 153521139, 153522398, 1139, 2398
0, 15353, 153531139, 153532398, 1139, 2398
0, 15354, 153541139, 153542398, 1139, 2398
0, 15355, 153551139, 153552398, 1139, 2398
0, 15356, 153561139, 153562398, 1139, 2398
0, 15357, 153571139, 153572398, 1139, 2398
0, 15358, 153581139, 153583168, 1139, 3168
0, 15359, 153591139, 153592398, 1139, 2398
0, 1536, 15361139, 15362398, 1139, 2398
0, 15360, 153601139, 153602689, 1139, 2689
0, 15361, 153611139, 153612398, 1139, 2398
0, 15362, 153621139, 153622398, 1139, 2398
0, 15363, 153631139, 153632398, 1139, 2398
0, 15364, 153641139, 153642398, 1139, 2398
0, 15365, 153651139, 153653753, 1139, 3753
0, 15366, 153661139, 153662398, 1139, 2398
0, 15367, 153671139, 153672398, 1139, 2398
0, 15368, 153681139, 153682398, 1139, 2398
0, 15369, 153691139, 153692398, 1139, 2398
0, 1537, 15371139, 15372398, 1139, 2398
0, 15370, 153701139, 153702398, 1139, 2398
0, 15371, 153711139, 153712398, 1139, 2398
0, 15372, 153721139, 153723753, 1139, 3753
0, 15373, 153731139, 153732398, 1139, 2398
0, 15374, 153741139, 153742398, 1139, 2398
0, 15375, 153751139, 153752398, 1139, 2398
0, 15376, 153761139, 153762398, 1139, 2398
0, 15377, 153771139, 153772398, 1139, 2398
0, 15378, 153781139, 153782398, 1139, 2398
0, 15379, 153791139, 153793168, 1139, 3168
0, 1538, 15381139, 15382398, 1139, 2398
0, 15380, 153801139, 153802398, 1139, 2398
0, 15381, 153811139, 153812398, 1139, 2398
0, 15382, 153821139, 153822398, 1139, 2398
0, 15383, 153831139, 153832398, 1139, 2398
0, 15384, 153841139, 153842398, 1139, 2398
0, 15385, 153851139, 153852398, 1139, 2398
0, 15386, 153861139, 153863168, 1139, 3168
0, 15387, 153871139, 153872398, 1139, 2398
0, 15388, 153881139, 153882398, 1139, 2398
0, 15389, 153891139, 153892398, 1139, 2398
0, 1539, 15391139, 15392398, 1139, 2398
0, 15390, 153901139, 153902689, 1139, 2689
0, 15391, 153911139, 153912398, 1139, 2398
0, 15392, 153921139, 153922398, 1139, 2398
0, 15393, 153931139, 153933168, 1139, 3168
0, 15394, 153941139, 153942398, 1139, 2398
0, 15395, 153951139, 153952398, 1139, 2398
0, 15396, 153961139, 153962398, 1139, 2398
0, 15397, 153971139, 153972398, 1139, 2398
0, 15398, 153981139, 153982398, 1139, 2398
0, 15399, 153991139, 153992398, 1139, 2398
0, 154, 1541139, 1543168, 1139, 3168
0, 1540, 15401139, 15404868, 1139, 4868
0, 15400, 154001139, 154005188, 1139, 5188
0, 15401, 154011139, 154014099, 1139, 4099
0, 15402, 154021139, 154022398, 1139, 2398
0, 15403, 154031139, 154032398, 1139, 2398
0, 15404, 154041139, 154042398, 1139, 2398
0, 15405, 154051139, 154052398, 1139, 2398
0, 15406, 154061139, 154062398, 1139, 2398
0, 15407, 154071139, 154073168, 1139, 3168
0, 15408, 154081139, 154082398, 1139, 2398
0, 15409, 154091139, 154092398, 1139, 2398
0, 1541, 15411139, 15412398, 1139, 2398
0, 15410, 154101139, 154102398, 1139, 2398
0, 15411, 154111139, 154112398, 1139, 2398
0, 15412, 154121139, 154122398, 1139, 2398
0, 15413, 154131139, 154132398, 1139, 2398
0, 15414, 154141139, 154143168, 1139, 3168
0, 15415, 154151139, 154152398, 1139, 2398
0, 15416, 154161139, 154162398, 1139, 2398
0, 15417, 154171139, 154172398, 1139, 2398
0, 15418, 154181139, 154182398, 1139, 2398
0, 15419, 154191139, 154192398, 1139, 2398
0, 1542, 15421139, 15422398, 1139, 2398
0, 15420, 154201139, 154202398, 1139, 2398
0, 15421, 154211139, 154213168, 1139, 3168
0, 15422, 154221139, 154222398, 1139, 2398
0, 15423, 154231139, 154232398, 1139, 2398
0, 15424, 154241139, 154242398, 1139, 2398
0, 15425, 154251139, 154252398, 1139, 2398
0, 15426, 154261139, 154262398, 1139, 2398
0, 15427, 154271139, 154272398, 1139, 2398
0, 15428, 154281139, 154285914, 1139, 5914
0, 15429, 154291139, 154292398, 1139, 2398
0, 1543, 15431139, 15432398, 1139, 2398
0, 15430, 154301139, 154302398, 1139, 2398
0, 15431, 154311139, 154312398, 1139, 2398
0, 15432, 154321139, 154322689, 1139, 2689
0, 15433, 154331139, 154332398, 1139, 2398
0, 15434, 154341139, 154342398, 1139, 2398
0, 15435, 154351139, 154353753, 1139, 3753
0, 15436, 154361139, 154362398, 1139, 2398
0, 15437, 154371139, 154372398, 1139, 2398
0, 15438, 154381139, 154382398, 1139, 2398
0, 15439, 154391139, 154392398, 1139, 2398
0, 1544, 15441139, 15442398, 1139, 2398
0, 15440, 154401139, 154402398, 1139, 2398
0, 15441, 154411139, 154412398, 1139, 2398
0, 15442, 154421139, 154423168, 1139, 3168
0, 15443, 154431139, 154432398, 1139, 2398
0, 15444, 154441139, 154442398, 1139, 2398
0, 15445, 154451139, 154452398, 1139, 2398
0, 15446, 154461139, 154462398, 1139, 2398
0, 15447, 154471139, 154472398, 1139, 2398
0, 15448, 154481139, 154482398, 1139, 2398
0, 15449, 154491139, 154493168, 1139, 3168
0, 1545, 15451139, 15452398, 1139, 2398
0, 15450, 154501139, 154502398, 1139, 2398
0, 15451, 154511139, 154512398, 1139, 2398
0, 15452, 154521139, 154522398, 1139, 2398
0, 15453, 154531139, 154532398, 1139, 2398
0, 15454, 154541139, 154542398, 1139, 2398
0, 15455, 154551139, 154552398, 1139, 2398
0, 15456, 154561139, 154565188, 1139, 5188
0, 15457, 154571139, 154572398, 1139, 2398
0, 15458, 154581139, 154582398, 1139, 2398
0, 15459, 154591139, 154592398, 1139, 2398
0, 1546, 15461139, 15462398, 1139, 2398
0, 15460, 154601139, 154602398, 1139, 2398
0, 15461, 154611139, 154612398, 1139, 2398
0, 15462, 154621139, 154622398, 1139, 2398
0, 15463, 154631139, 154633168, 1139, 3168
0, 15464, 154641139, 154642398, 1139, 2398
0, 15465, 154651139, 154652398, 1139, 2398
0, 15466, 154661139, 154662398, 1139, 2398
0, 15467, 154671139, 154672398, 1139, 2398
0, 15468, 154681139, 154682398, 1139, 2398
0, 15469, 154691139, 154692398, 1139, 2398
0, 1547, 15471139, 15473168, 1139, 3168
0, 15470, 154701139, 154703753, 1139, 3753
0, 15471, 154711139, 154712398, 1139, 2398
0, 15472, 154721139, 154722398, 1139, 2398
0, 15473, 154731139, 154732398, 1139, 2398
0, 15474, 154741139, 154742398, 1139, 2398
0, 15475, 154751139, 154752398, 1139, 2398
0, 15476, 154761139, 154762398, 1139, 2398
0, 15477, 154771139, 154773168, 1139, 3168
0, 15478, 154781139, 154782398, 1139, 2398
0, 15479, 154791139, 154792398, 1139, 2398
0, 1548, 15481139, 15482398, 1139, 2398
0, 15480, 154801139, 154802689, 1139, 2689
0, 15481, 154811139, 154812398, 1139, 2398
0, 15482, 154821139, 154822398, 1139, 2398
0, 15483, 154831139, 154832398, 1139, 2398
0, 15484, 154841139, 154843753, 1139, 3753
0, 15485, 154851139, 154852398, 1139, 2398
0, 15486, 154861139, 154862398, 1139, 2398
0, 15487, 154871139, 154872398, 1139, 2398
0, 15488, 154881139, 154882398, 1139, 2398
0, 15489, 154891139, 154892398, 1139, 2398
0, 1549, 15491139, 15492398, 1139, 2398
0, 15490, 154901139, 154902398, 1139, 2398
0, 15491, 154911139, 154913168, 1139, 3168
0, 15492, 154921139, 154922398, 1139, 2398
0, 15493, 154931139, 154932398, 1139, 2398
0, 15494, 154941139, 154942398, 1139, 2398
0, 15495, 154951139, 154952689, 1139, 2689
0, 15496, 154961139, 154962398, 1139, 2398
0, 15497, 154971139, 154972398, 1139, 2398
0, 15498, 154981139, 154983168, 1139, 3168
0, 15499, 154991139, 154992398, 1139, 2398
0, 155, 1551139, 1552398, 1139, 2398
0, 1550, 15501139, 15502398, 1139, 2398
0, 15500, 155001139, 155002398, 1139, 2398
0, 15501, 155011139, 155012398, 1139, 2398
0, 15502, 155021139, 155022398, 1139, 2398
0, 15503, 155031139, 155032398, 1139, 2398
0, 15504, 155041139, 155042689, 1139, 2689
0, 15505, 155051139, 155053753, 1139, 3753
0, 15506, 155061139, 155062398, 1139, 2398
0, 15507, 155071139, 155072398, 1139, 2398
0, 15508, 155081139, 155082398, 1139, 2398
0, 15509, 155091139, 155092398, 1139, 2398
0, 1551, 15511139, 15512398, 1139, 2398
0, 15510, 155101139, 155102398, 1139, 2398
0, 15511, 155111139, 155112398, 1139, 2398
0, 15512, 155121139, 155125188, 1139, 5188
0, 15513, 155131139, 155132398, 1139, 2398
0, 15514, 155141139, 155142398, 1139, 2398
0, 15515, 155151139, 155152398, 1139, 2398
0, 15516, 155161139, 155162398, 1139, 2398
0, 15517, 155171139, 155172398, 1139, 2398
0, 15518, 155181139, 155182398, 1139, 2398
0, 15519, 155191139, 155193168, 1139, 3168
0, 1552, 15521139, 15522398, 1139, 2398
0, 15520, 155201139, 155202398, 1139, 2398
0, 15521, 155211139, 155212398, 1139, 2398
0, 15522, 155221139, 155222398, 1139, 2398
0, 15523, 155231139, 155232398, 1139, 2398
0, 15524, 155241139, 155242398, 1139, 2398
0, 15525, 155251139, 155252398, 1139, 2398
0, 15526, 155261139, 155263168, 1139, 3168
0, 15527, 155271139, 155272398, 1139, 2398
0, 15528, 155281139, 155282398, 1139, 2398
0, 15529, 155291139, 155292398, 1139, 2398
0, 1553, 15531139, 15532398, 1139, 2398
0, 15530, 155301139, 155302398, 1139, 2398
0, 15531, 155311139, 155312398, 1139, 2398
0, 15532, 155321139, 155322398, 1139, 2398
0, 15533, 155331139, 155333753, 1139, 3753
0, 15534, 155341139, 155342398, 1139, 2398
0, 15535, 155351139, 155352398, 1139, 2398
0, 15536, 155361139, 155362398, 1139, 2398
0, 15537, 155371139, 155372398, 1139, 2398
0, 15538, 155381139, 155382398, 1139, 2398
0, 15539, 155391139, 155392398, 1139, 2398
0, 1554, 15541139, 15543168, 1139, 3168
0, 15540, 155401139, 155404868, 1139, 4868
0, 15541, 155411139, 155412398, 1139, 2398
0, 15542, 155421139, 155422398, 1139, 2398
0, 15543, 155431139, 155432398, 1139, 2398
0, 15544, 155441139, 155442398, 1139, 2398
0, 15545, 155451139, 155452398, 1139, 2398
0, 15546, 155461139, 155462398, 1139, 2398
0, 15547, 155471139, 155473168, 1139, 3168
0, 15548, 155481139, 155482398, 1139, 2398
0, 15549, 155491139, 155492398, 1139, 2398
0, 1555, 15551139, 15552398, 1139, 2398
0, 15550, 155501139, 155502398, 1139, 2398
0, 15551, 155511139, 155512398, 1139, 2398
0, 15552, 155521139, 155522689, 1139, 2689
0, 15553, 155531139, 155532398, 1139, 2398
0, 15554, 155541139, 155543168, 1139, 3168
0, 15555, 155551139, 155552398, 1139, 2398
0, 15556, 155561139, 155562398, 1139, 2398
0, 15557, 155571139, 155572398, 1139, 2398
0, 15558, 155581139, 155582398, 1139, 2398
0, 15559, 155591139, 155592398, 1139, 2398
0, 1556, 15561139, 15562398, 1139, 2398
0, 15560, 155601139, 155602398, 1139, 2398
0, 15561, 155611139, 155613753, 1139, 3753
0, 15562, 155621139, 155622398, 1139, 2398
0, 15563, 155631139, 155632398, 1139, 2398
0, 15564, 155641139, 155642398, 1139, 2398
0, 15565, 155651139, 155652398, 1139, 2398
0, 15566, 155661139, 155662398, 1139, 2398
0, 15567, 155671139, 155672398, 1139, 2398
0, 15568, 155681139, 155685188, 1139, 5188
0, 15569, 155691139, 155692398, 1139, 2398
0, 1557, 15571139, 15572398, 1139, 2398
0, 15570, 155701139, 155702398, 1139, 2398
0, 15571, 155711139, 155712398, 1139, 2398
0, 15572, 155721139, 155722398, 1139, 2398
0, 15573, 155731139, 155732398, 1139, 2398
0, 15574, 155741139, 155742398, 1139, 2398
0, 15575, 155751139, 155753753, 1139, 3753
0, 15576, 155761139, 155762398, 1139, 2398
0, 15577, 155771139, 155772398, 1139, 2398
0, 15578, 155781139, 155782398, 1139, 2398
0, 15579, 155791139, 155792398, 1139, 2398
0, 1558, 15581139, 15582398, 1139, 2398
0, 15580, 155801139, 155802398, 1139, 2398
0, 15581, 155811139, 155812398, 1139, 2398
0, 15582, 155821139, 155823168, 1139, 3168
0, 15583, 155831139, 155832398, 1139, 2398
0, 15584, 155841139, 155842398, 1139, 2398
0, 15585, 155851139, 155852398, 1139, 2398
0, 15586, 155861139, 155862398, 1139, 2398
0, 15587, 155871139, 155872398, 1139, 2398
0, 15588, 155881139, 155882398, 1139, 2398
0, 15589, 155891139, 155893168, 1139, 3168
0, 1559, 15591139, 15592398, 1139, 2398
0, 15590, 155901139, 155902398, 1139, 2398
0, 15591, 155911139, 155912398, 1139, 2398
0, 15592, 155921139, 155922398, 1139, 2398
0, 15593, 155931139, 155932398, 1139, 2398
0, 15594, 155941139, 155942398, 1139, 2398
0, 15595, 155951139, 155952398, 1139, 2398
0, 15596, 155961139, 155963753, 1139, 3753
0, 15597, 155971139, 155972398, 1139, 2398
0, 15598, 155981139, 155982398, 1139, 2398
0, 15599, 155991139, 155992398, 1139, 2398
0, 156, 1561139, 1562398, 1139, 2398
0, 1560, 15601139, 15602689, 1139, 2689
0, 15600, 156001139, 156004868, 1139, 4868
0, 15601, 156011139, 156012398, 1139, 2398
0, 15602, 156021139, 156022398, 1139, 2398
0, 15603, 156031139, 156033168, 1139, 3168
0, 15604, 156041139, 156042398, 1139, 2398
0, 15605, 156051139, 156052398, 1139, 2398
0, 15606, 156061139, 156062398, 1139, 2398
0, 15607, 156071139, 156072398, 1139, 2398
0, 15608, 156081139, 156082398, 1139, 2398
0, 15609, 156091139, 156092398, 1139, 2398
0, 1561, 15611139, 15613168, 1139, 3168
0, 15610, 156101139, 156103753, 1139, 3753
0, 15611, 156111139, 156112398, 1139, 2398
0, 15612, 156121139, 156122398, 1139, 2398
0, 15613, 156131139, 156132398, 1139, 2398
0, 15614, 156141139, 156142398, 1139, 2398
0, 15615, 156151139, 156152398, 1139, 2398
0, 15616, 156161139, 156162398, 1139, 2398
0, 15617, 156171139, 156173168, 1139, 3168
0, 15618, 156181139, 156182398, 1139, 2398
0, 15619, 156191139, 156192398, 1139, 2398
0, 1562, 15621139, 15622398, 1139, 2398
0, 15620, 156201139, 156202398, 1139, 2398
0, 15621, 156211139, 156212398, 1139, 2398
0, 15622, 156221139, 156222398, 1139, 2398
0, 15623, 156231139, 156232398, 1139, 2398
0, 15624, 156241139, 156245188, 1139, 5188
0, 15625, 156251139, 156252398, 1139, 2398
0, 15626, 156261139, 156262398, 1139, 2398
0, 15627, 156271139, 156272398, 1139, 2398
0, 15628, 156281139, 156282923, 1139, 2923
0, 15629, 156291139, 156292398, 1139, 2398
0, 1563, 15631139, 15632398, 1139, 2398
0, 15630, 156301139, 156302398, 1139, 2398
0, 15631, 156311139, 156313168, 1139, 3168
0, 15632, 156321139, 156322398, 1139, 2398
0, 15633, 156331139, 156332398, 1139, 2398
0, 15634, 156341139, 156342398, 1139, 2398
0, 15635, 156351139, 156352398, 1139, 2398
0, 15636, 156361139, 156362398, 1139, 2398
0, 15637, 156371139, 156372398, 1139, 2398
0, 15638, 156381139, 156383168, 1139, 3168
0, 15639, 156391139, 156392398, 1139, 2398
0, 1564, 15641139, 15642398, 1139, 2398
0, 15640, 156401139, 156402398, 1139, 2398
0, 15641, 156411139, 156412398, 1139, 2398
0, 15642, 156421139, 156422398, 1139, 2398
0, 15643, 156431139, 156432398, 1139, 2398
0, 15644, 156441139, 156442398, 1139, 2398
0, 15645, 156451139, 156453753, 1139, 3753
0, 15646, 156461139, 156462398, 1139, 2398
0, 15647, 156471139, 156472398, 1139, 2398
0, 15648, 156481139, 156482398, 1139, 2398
0, 15649, 156491139, 156492398, 1139, 2398
0, 1565, 15651139, 15652398, 1139, 2398
0, 15650, 156501139, 156502398, 1139, 2398
0, 15651, 156511139, 156512398, 1139, 2398
0, 15652, 156521139, 156523753, 1139, 3753
0, 15653, 156531139, 156532398, 1139, 2398
0, 15654, 156541139, 156542398, 1139, 2398
0, 15655, 156551139, 156552398, 1139, 2398
0, 15656, 156561139, 156564166, 1139, 4166
0, 15657, 156571139, 156572398, 1139, 2398
0, 15658, 156581139, 156582398, 1139, 2398
0, 15659, 156591139, 156593168, 1139, 3168
0, 1566, 15661139, 15662398, 1139, 2398
0, 15660, 156601139, 156602398, 1139, 2398
0, 15661, 156611139, 156612398, 1139, 2398
0, 15662, 156621139, 156622398, 1139, 2398
0, 15663, 156631139, 156632398, 1139, 2398
0, 15664, 156641139, 156642398, 1139, 2398
0, 15665, 156651139, 156652398, 1139, 2398
0, 15666, 156661139, 156663753, 1139, 3753
0, 15667, 156671139, 156672398, 1139, 2398
0, 15668, 156681139, 156682398, 1139, 2398
0, 15669, 156691139, 156692398, 1139, 2398
0, 1567, 15671139, 15672398, 1139, 2398
0, 15670, 156701139, 156702398, 1139, 2398
0, 15671, 156711139, 156712398, 1139, 2398
0, 15672, 156721139, 156722398, 1139, 2398
0, 15673, 156731139, 156733168, 1139, 3168
0, 15674, 156741139, 156742398, 1139, 2398
0, 15675, 156751139, 156752398, 1139, 2398
0, 15676, 156761139, 156762398, 1139, 2398
0, 15677, 156771139, 156772398, 1139, 2398
0, 15678, 156781139, 156782398, 1139, 2398
0, 15679, 156791139, 156792398, 1139, 2398
0, 1568, 15681139, 15685188, 1139, 5188
0, 15680, 156801139, 156805188, 1139, 5188
0, 15681, 156811139, 156812398, 1139, 2398
0, 15682, 156821139, 156822398, 1139, 2398
0, 15683, 156831139, 156832398, 1139, 2398
0, 15684, 156841139, 156842398, 1139, 2398
0, 15685, 156851139, 156852398, 1139, 2398
0, 15686, 156861139, 156862398, 1139, 2398
0, 15687, 156871139, 156873168, 1139, 3168
0, 15688, 156881139, 156882398, 1139, 2398
0, 15689, 156891139, 156892398, 1139, 2398
0, 1569, 15691139, 15692398, 1139, 2398
0, 15690, 156901139, 156902398, 1139, 2398
0, 15691, 156911139, 156912398, 1139, 2398
0, 15692, 156921139, 156922398, 1139, 2398
0, 15693, 156931139, 156932398, 1139, 2398
0, 15694, 156941139, 156943753, 1139, 3753
0, 15695, 156951139, 156952398, 1139, 2398
0, 15696, 156961139, 156962398, 1139, 2398
0, 15697, 156971139, 156972398, 1139, 2398
0, 15698, 156981139, 156982398, 1139, 2398
0, 15699, 156991139, 156992398, 1139, 2398
0, 157, 1571139, 1572398, 1139, 2398
0, 1570, 15701139, 15702398, 1139, 2398
0, 15700, 157001139, 157002398, 1139, 2398
0, 15701, 157011139, 157013168, 1139, 3168
0, 15702, 157021139, 157022398, 1139, 2398
0, 15703, 157031139, 157032398, 1139, 2398
0, 15704, 157041139, 157042398, 1139, 2398
0, 15705, 157051139, 157052398, 1139, 2398
0, 15706, 157061139, 157062398, 1139, 2398
0, 15707, 157071139, 157072398, 1139, 2398
0, 15708, 157081139, 157083753, 1139, 3753
0, 15709, 157091139, 157092398, 1139, 2398
0, 1571, 15711139, 15712398, 1139, 2398
0, 15710, 157101139, 157102398, 1139, 2398
0, 15711, 157111139, 157112398, 1139, 2398
0, 15712, 157121139, 157122398, 1139, 2398
0, 15713, 157131139, 157132398, 1139, 2398
0, 15714, 157141139, 157142398, 1139, 2398
0, 15715, 157151139, 157153753, 1139, 3753
0, 15716, 157161139, 157162398, 1139, 2398
0, 15717, 157171139, 157172398, 1139, 2398
0, 15718, 157181139, 157182398, 1139, 2398
0, 15719, 157191139, 157192398, 1139, 2398
0, 1572, 15721139, 15722398, 1139, 2398
0, 15720, 157201139, 157202689, 1139, 2689
0, 15721, 157211139, 157212398, 1139, 2398
0, 15722, 157221139, 157223168, 1139, 3168
0, 15723, 157231139, 157232398, 1139, 2398
0, 15724, 157241139, 157242398, 1139, 2398
0, 15725, 157251139, 157252398, 1139, 2398
0, 15726, 157261139, 157262398, 1139, 2398
0, 15727, 157271139, 157272398, 1139, 2398
0, 15728, 157281139, 157282398, 1139, 2398
0, 15729, 157291139, 157293168, 1139, 3168
0, 1573, 15731139, 15732398, 1139, 2398
0, 15730, 157301139, 157302398, 1139, 2398
0, 15731, 157311139, 157312398, 1139, 2398
0, 15732, 157321139, 157322398, 1139, 2398
0, 15733, 157331139, 157332398, 1139, 2398
0, 15734, 157341139, 157342398, 1139, 2398
0, 15735, 157351139, 157352398, 1139, 2398
0, 15736, 157361139, 157365188, 1139, 5188
0, 15737, 157371139, 157372398, 1139, 2398
0, 15738, 157381139, 157382398, 1139, 2398
0, 15739, 157391139, 157392398, 1139, 2398
0, 1574, 15741139, 15742398, 1139, 2398
0, 15740, 157401139, 157402398, 1139, 2398
0, 15741, 157411139, 157412398, 1139, 2398
0, 15742, 157421139, 157422398, 1139, 2398
0, 15743, 157431139, 157433168, 1139, 3168
0, 15744, 157441139, 157442398, 1139, 2398
0, 15745, 157451139, 157452398, 1139, 2398
0, 15746, 157461139, 157462398, 1139, 2398
0, 15747, 157471139, 157472398, 1139, 2398
0, 15748, 157481139, 157482398, 1139, 2398
0, 15749, 157491139, 157492398, 1139, 2398
0, 1575, 15751139, 15753753, 1139, 3753
0, 15750, 157501139, 157503753, 1139, 3753
0, 15751, 157511139, 157512398, 1139, 2398
0, 15752, 157521139, 157522398, 1139, 2398
0, 15753, 157531139, 157532398, 1139, 2398
0, 15754, 157541139, 157542398, 1139, 2398
0, 15755, 157551139, 157552398, 1139, 2398
0, 15756, 157561139, 157562398, 1139, 2398
0, 15757, 157571139, 157573168, 1139, 3168
0, 15758, 157581139, 157582398, 1139, 2398
0, 15759, 157591139, 157592398, 1139, 2398
0, 1576, 15761139, 15762398, 1139, 2398
0, 15760, 157601139, 157602398, 1139, 2398
0, 15761, 157611139, 157612398, 1139, 2398
0, 15762, 157621139, 157622398, 1139, 2398
0, 15763, 157631139, 157632398, 1139, 2398
0, 15764, 157641139, 157643753, 1139, 3753
0, 15765, 157651139, 157652398, 1139, 2398
0, 15766, 157661139, 157662398, 1139, 2398
0, 15767, 157671139, 157672398, 1139, 2398
0, 15768, 157681139, 157682689, 1139, 2689
0, 15769, 157691139, 157692398, 1139, 2398
0, 1577, 15771139, 15772398, 1139, 2398
0, 15770, 157701139, 157702398, 1139, 2398
0, 15771, 157711139, 157713168, 1139, 3168
0, 15772, 157721139, 157722398, 1139, 2398
0, 15773, 157731139, 157732398, 1139, 2398
0, 15774, 157741139, 157742398, 1139, 2398
0, 15775, 157751139, 157752398, 1139, 2398
0, 15776, 157761139, 157762398, 1139, 2398
0, 15777, 157771139, 157772398, 1139, 2398
0, 15778, 157781139, 157783168, 1139, 3168
0, 15779, 157791139, 157792398, 1139, 2398
0, 1578, 15781139, 15782398, 1139, 2398
0, 15780, 157801139, 157802689, 1139, 2689
0, 15781, 157811139, 157812398, 1139, 2398
0, 15782, 157821139, 157822398, 1139, 2398
0, 15783, 157831139, 157832398, 1139, 2398
0, 15784, 157841139, 157842398, 1139, 2398
0, 15785, 157851139, 157853753, 1139, 3753
0, 15786, 157861139, 157862398, 1139, 2398
0, 15787, 157871139, 157872398, 1139, 2398
0, 15788, 157881139, 157882398, 1139, 2398
0, 15789, 157891139, 157892398, 1139, 2398
0, 1579, 15791139, 15792398, 1139, 2398
0, 15790, 157901139, 157902398, 1139, 2398
0, 15791, 157911139, 157912398, 1139, 2398
0, 15792, 157921139, 157925188, 1139, 5188
0, 15793, 157931139, 157934250, 1139, 4250
0, 15794, 157941139, 157942398, 1139, 2398
0, 15795, 157951139, 157952398, 1139, 2398
0, 15796, 157961139, 157962398, 1139, 2398
0, 15797, 157971139, 157972398, 1139, 2398
0, 15798, 157981139, 157982398, 1139, 2398
0, 15799, 157991139, 157993753, 1139, 3753
0, 158, 1581139, 1582398, 1139, 2398
0, 1580, 15801139, 15802398, 1139, 2398
0, 15800, 158001139, 158002398, 1139, 2398
0, 15801, 158011139, 158012398, 1139, 2398
0, 15802, 158021139, 158022398, 1139, 2398
0, 15803, 158031139, 158032398, 1139, 2398
0, 15804, 158041139, 158042398, 1139, 2398
0, 15805, 158051139, 158052398, 1139, 2398
0, 15806, 158061139, 158063168, 1139, 3168
0, 15807, 158071139, 158072398, 1139, 2398
0, 15808, 158081139, 158082398, 1139, 2398
0, 15809, 158091139, 158092398, 1139, 2398
0, 1581, 15811139, 15812398, 1139, 2398
0, 15810, 158101139, 158102398, 1139, 2398
0, 15811, 158111139, 158112398, 1139, 2398
0, 15812, 158121139, 158122398, 1139, 2398
0, 15813, 158131139, 158133168, 1139, 3168
0, 15814, 158141139, 158142398, 1139, 2398
0, 15815, 158151139, 158152398, 1139, 2398
0, 15816, 158161139, 158162398, 1139, 2398
0, 15817, 158171139, 158172398, 1139, 2398
0, 15818, 158181139, 158182398, 1139, 2398
0, 15819, 158191139, 158192398, 1139, 2398
0, 1582, 15821139, 15823168, 1139, 3168
0, 15820, 158201139, 158204868, 1139, 4868
0, 15821, 158211139, 158212398, 1139, 2398
0, 15822, 158221139, 158222398, 1139, 2398
0, 15823, 158231139, 158232398, 1139, 2398
0, 15824, 158241139, 158242398, 1139, 2398
0, 15825, 158251139, 158252398, 1139, 2398
0, 15826, 158261139, 158262398, 1139, 2398
0, 15827, 158271139, 158273753, 1139, 3753
0, 15828, 158281139, 158282398, 1139, 2398
0, 15829, 158291139, 158292398, 1139, 2398
0, 1583, 15831139, 15832398, 1139, 2398
0, 15830, 158301139, 158302398, 1139, 2398
0, 15831, 158311139, 158312398, 1139, 2398
0, 15832, 158321139, 158322398, 1139, 2398
0, 15833, 158331139, 158332398, 1139, 2398
0, 15834, 158341139, 158343168, 1139, 3168
0, 15835, 158351139, 158352398, 1139, 2398
0, 15836, 158361139, 158362398, 1139, 2398
0, 15837, 158371139, 158372398, 1139, 2398
0, 15838, 158381139, 158382398, 1139, 2398
0, 15839, 158391139, 158392398, 1139, 2398
0, 1584, 15841139, 15842398, 1139, 2398
0, 15840, 158401139, 158402689, 1139, 2689
0, 15841, 158411139, 158413168, 1139, 3168
0, 15842, 158421139, 158422398, 1139, 2398
0, 15843, 158431139, 158432398, 1139, 2398
0, 15844, 158441139, 158442398, 1139, 2398
0, 15845, 158451139, 158452398, 1139, 2398
0, 15846, 158461139, 158462398, 1139, 2398
0, 15847, 158471139, 158472398, 1139, 2398
0, 15848, 158481139, 158485188, 1139, 5188
0, 15849, 158491139, 158492398, 1139, 2398
0, 1585, 15851139, 15852398, 1139, 2398
0, 15850, 158501139, 158502398, 1139, 2398
0, 15851, 158511139, 158512398, 1139, 2398
0, 15852, 158521139, 158522398, 1139, 2398
0, 15853, 158531139, 158532398, 1139, 2398
0, 15854, 158541139, 158542398, 1139, 2398
0, 15855, 158551139, 158553753, 1139, 3753
0, 15856, 158561139, 158562398, 1139, 2398
0, 15857, 158571139, 158572398, 1139, 2398
0, 15858, 158581139, 158582398, 1139, 2398
0, 15859, 158591139, 158592398, 1139, 2398
0, 1586, 15861139, 15862398, 1139, 2398
0, 15860, 158601139, 158602398, 1139, 2398
0, 15861, 158611139, 158612398, 1139, 2398
0, 15862, 158621139, 158623168, 1139, 3168
0, 15863, 158631139, 158632398, 1139, 2398
0, 15864, 158641139, 158642398, 1139, 2398
0, 15865, 158651139, 158652398, 1139, 2398
0, 15866, 158661139, 158662398, 1139, 2398
0, 15867, 158671139, 158672398, 1139, 2398
0, 15868, 158681139, 158682398, 1139, 2398
0, 15869, 158691139, 158693168, 1139, 3168
0, 1587, 15871139, 15872398, 1139, 2398
0, 15870, 158701139, 158702398, 1139, 2398
0, 15871, 158711139, 158712398, 1139, 2398
0, 15872, 158721139, 158722398, 1139, 2398
0, 15873, 158731139, 158732398, 1139, 2398
0, 15874, 158741139, 158742398, 1139, 2398
0, 15875, 158751139, 158752398, 1139, 2398
0, 15876, 158761139, 158763753, 1139, 3753
0, 15877, 158771139, 158772398, 1139, 2398
0, 15878, 158781139, 158782398, 1139, 2398
0, 15879, 158791139, 158792398, 1139, 2398
0, 1588, 15881139, 15882398, 1139, 2398
0, 15880, 158801139, 158804166, 1139, 4166
0, 15881, 158811139, 158812398, 1139, 2398
0, 15882, 158821139, 158822398, 1139, 2398
0, 15883, 158831139, 158833168, 1139, 3168
0, 15884, 158841139, 158842398, 1139, 2398
0, 15885, 158851139, 158852398, 1139, 2398
0, 15886, 158861139, 158862398, 1139, 2398
0, 15887, 158871139, 158872398, 1139, 2398
0, 15888, 158881139, 158882398, 1139, 2398
0, 15889, 158891139, 158892398, 1139, 2398
0, 1589, 15891139, 15893168, 1139, 3168
0, 15890, 158901139, 158903753, 1139, 3753
0, 15891, 158911139, 158912398, 1139, 2398
0, 15892, 158921139, 158922398, 1139, 2398
0, 15893, 158931139, 158932398, 1139, 2398
0, 15894, 158941139, 158942398, 1139, 2398
0, 15895, 158951139, 158952398, 1139, 2398
0, 15896, 158961139, 158962398, 1139, 2398
0, 15897, 158971139, 158973168, 1139, 3168
0, 15898, 158981139, 158982398, 1139, 2398
0, 15899, 158991139, 158992398, 1139, 2398
0, 159, 1591139, 1592398, 1139, 2398
0, 1590, 15901139, 15902398, 1139, 2398
0, 15900, 159001139, 159002398, 1139, 2398
0, 15901, 159011139, 159012398, 1139, 2398
0, 15902, 159021139, 159022398, 1139, 2398
0, 15903, 159031139, 159032398, 1139, 2398
0, 15904, 159041139, 159045188, 1139, 5188
0, 15905, 159051139, 159052398, 1139, 2398
0, 15906, 159061139, 159062398, 1139, 2398
0, 15907, 159071139, 159072398, 1139, 2398
0, 15908, 159081139, 159082398, 1139, 2398
0, 15909, 159091139, 159092398, 1139, 2398
0, 1591, 15911139, 15912398, 1139, 2398
0, 15910, 159101139, 159102398, 1139, 2398
0, 15911, 159111139, 159113168, 1139, 3168
0, 15912, 159121139, 159122398, 1139, 2398
0, 15913, 159131139, 159132398, 1139, 2398
0, 15914, 159141139, 159142398, 1139, 2398
0, 15915, 159151139, 159152398, 1139, 2398
0, 15916, 159161139, 159162398, 1139, 2398
0, 15917, 159171139, 159172398, 1139, 2398
0, 15918, 159181139, 159183168, 1139, 3168
0, 15919, 159191139, 159192398, 1139, 2398
0, 1592, 15921139, 15922398, 1139, 2398
0, 15920, 159201139, 159202398, 1139, 2398
0, 15921, 159211139, 159212398, 1139, 2398
0, 15922, 159221139, 159222398, 1139, 2398
0, 15923, 159231139, 159232398, 1139, 2398
0, 15924, 159241139, 159242398, 1139, 2398
0, 15925, 159251139, 159253753, 1139, 3753
0, 15926, 159261139, 159262398, 1139, 2398
0, 15927, 159271139, 159272398, 1139, 2398
0, 15928, 159281139, 159282398, 1139, 2398
0, 15929, 159291139, 159292398, 1139, 2398
0, 1593, 15931139, 15932398, 1139, 2398
0, 15930, 159301139, 159302398, 1139, 2398
0, 15931, 159311139, 159312398, 1139, 2398
0, 15932, 159321139, 159325165, 1139, 5165
0, 15933, 159331139, 159332398, 1139, 2398
0, 15934, 159341139, 159342398, 1139, 2398
0, 15935, 159351139, 159352398, 1139, 2398
0, 15936, 159361139, 159362689, 1139, 2689
0, 15937, 159371139, 159372398, 1139, 2398
0, 15938, 159381139, 159382398, 1139, 2398
0, 15939, 159391139, 159393168, 1139, 3168
0, 1594, 15941139, 15942398, 1139, 2398
0, 15940, 159401139, 159402398, 1139, 2398
0, 15941, 159411139, 159412398, 1139, 2398
0, 15942, 159421139, 159422398, 1139, 2398
0, 15943, 159431139, 159432398, 1139, 2398
0, 15944, 159441139, 159442398, 1139, 2398
0, 15945, 159451139, 159452398, 1139, 2398
0, 15946, 159461139, 159463168, 1139, 3168
0, 15947, 159471139, 159472398, 1139, 2398
0, 15948, 159481139, 159482398, 1139, 2398
0, 15949, 159491139, 159492398, 1139, 2398
0, 1595, 15951139, 15952398, 1139, 2398
0, 15950, 159501139, 159502398, 1139, 2398
0, 15951, 159511139, 159512398, 1139, 2398
0, 15952, 159521139, 159522398, 1139, 2398
0, 15953, 159531139, 159533168, 1139, 3168
0, 15954, 159541139, 159542398, 1139, 2398
0, 15955, 159551139, 159552398, 1139, 2398
0, 15956, 159561139, 159562398, 1139, 2398
0, 15957, 159571139, 159572398, 1139, 2398
0, 15958, 159581139, 159582398, 1139, 2398
0, 15959, 159591139, 159592398, 1139, 2398
0, 1596, 15961139, 15965914, 1139, 5914
0, 1597, 15971139, 15972398, 1139, 2398
0, 1598, 15981139, 15982398, 1139, 2398
0, 1599, 15991139, 15992398, 1139, 2398
0, 16, 161139, 162398, 1139, 2398
0, 160, 1601139, 1602398, 1139, 2398
0, 1600, 16001139, 16004166, 1139, 4166
0, 1601, 16011139, 16012398, 1139, 2398
0, 1602, 16021139, 16022398, 1139, 2398
0, 1603, 16031139, 16033168, 1139, 3168
0, 1604, 16041139, 16042398, 1139, 2398
0, 1605, 16051139, 16052398, 1139, 2398
0, 1606, 16061139, 16062398, 1139, 2398
0, 1607, 16071139, 16072398, 1139, 2398
0, 1608, 16081139, 16082398, 1139, 2398
0, 1609, 16091139, 16092398, 1139, 2398
0, 161, 1611139, 1613168, 1139, 3168
0, 1610, 16101139, 16103753, 1139, 3753
0, 1611, 16111139, 16112398, 1139, 2398
0, 1612, 16121139, 16122398, 1139, 2398
0, 1613, 16131139, 16132398, 1139, 2398
0, 1614, 16141139, 16142398, 1139, 2398
0, 1615, 16151139, 16152398, 1139, 2398
0, 1616, 16161139, 16162398, 1139, 2398
0, 1617, 16171139, 16173168, 1139, 3168
0, 1618, 16181139, 16182398, 1139, 2398
0, 1619, 16191139, 16192398, 1139, 2398
0, 162, 1621139, 1622398, 1139, 2398
0, 1620, 16201139, 16202398, 1139, 2398
0, 1621, 16211139, 16212398, 1139, 2398
0, 1622, 16221139, 16222398, 1139, 2398
0, 1623, 16231139, 16232398, 1139, 2398
0, 1624, 16241139, 16245188, 1139, 5188
0, 1625, 16251139, 16253688, 1139, 3688
0, 1626, 16261139, 16262398, 1139, 2398
0, 1627, 16271139, 16272398, 1139, 2398
0, 1628, 16281139, 16282398, 1139, 2398
0, 1629, 16291139, 16292398, 1139, 2398
0, 163, 1631139, 1632398, 1139, 2398
0, 1630, 16301139, 16302398, 1139, 2398
0, 1631, 16311139, 16313168, 1139, 3168
0, 1632, 16321139, 16322398, 1139, 2398
0, 1633, 16331139, 16332398, 1139, 2398
0, 1634, 16341139, 16342398, 1139, 2398
0, 1635, 16351139, 16352398, 1139, 2398
0, 1636, 16361139, 16362398, 1139, 2398
0, 1637, 16371139, 16372398, 1139, 2398
0, 1638, 16381139, 16383168, 1139, 3168
0, 1639, 16391139, 16392398, 1139, 2398
0, 164, 1641139, 1642398, 1139, 2398
0, 1640, 16401139, 16402398, 1139, 2398
0, 1641, 16411139, 16412398, 1139, 2398
0, 1642, 16421139, 16422398, 1139, 2398
0, 1643, 16431139, 16432398, 1139, 2398
0, 1644, 16441139, 16442398, 1139, 2398
0, 1645, 16451139, 16453753, 1139, 3753
0, 1646, 16461139, 16462398, 1139, 2398
0, 1647, 16471139, 16472398, 1139, 2398
0, 1648, 16481139, 16482398, 1139, 2398
0, 1649, 16491139, 16492398, 1139, 2398
0, 165, 1651139, 1652398, 1139, 2398
0, 1650, 16501139, 16502398, 1139, 2398
0, 1651, 16511139, 16512398, 1139, 2398
0, 1652, 16521139, 16523753, 1139, 3753
0, 1653, 16531139, 16532398, 1139, 2398
0, 1654, 16541139, 16542398, 1139, 2398
0, 1655, 16551139, 16552398, 1139, 2398
0, 1656, 16561139, 16562689, 1139, 2689
0, 1657, 16571139, 16572398, 1139, 2398
0, 1658, 16581139, 16582398, 1139, 2398
0, 1659, 16591139, 16593168, 1139, 3168
0, 166, 1661139, 1662398, 1139, 2398
0, 1660, 16601139, 16602398, 1139, 2398
0, 1661, 16611139, 16612398, 1139, 2398
0, 1662, 16621139, 16622398, 1139, 2398
0, 1663, 16631139, 16632534, 1139, 2534
0, 1664, 16641139, 16642398, 1139, 2398
0, 1665, 16651139, 16652398, 1139, 2398
0, 1666, 16661139, 16663168, 1139, 3168
0, 1667, 16671139, 16672398, 1139, 2398
0, 1668, 16681139, 16682398, 1139, 2398
0, 1669, 16691139, 16692398, 1139, 2398
0, 167, 1671139, 1672398, 1139, 2398
0, 1670, 16701139, 16702398, 1139, 2398
0, 1671, 16711139, 16712398, 1139, 2398
0, 1672, 16721139, 16722398, 1139, 2398
0, 1673, 16731139, 16733168, 1139, 3168
0, 1674, 16741139, 16742398, 1139, 2398
0, 1675, 16751139, 16752398, 1139, 2398
0, 1676, 16761139, 16762398, 1139, 2398
0, 1677, 16771139, 16772398, 1139, 2398
0, 1678, 16781139, 16782398, 1139, 2398
0, 1679, 16791139, 16792398, 1139, 2398
0, 168, 1681139, 1685188, 1139, 5188
0, 1680, 16801139, 16805188, 1139, 5188
0, 1681, 16811139, 16812398, 1139, 2398
0, 1682, 16821139, 16822398, 1139, 2398
0, 1683, 16831139, 16832398, 1139, 2398
0, 1684, 16841139, 16842398, 1139, 2398
0, 1685, 16851139, 16852398, 1139, 2398
0, 1686, 16861139, 16862398, 1139, 2398
0, 1687, 16871139, 16873168, 1139, 3168
0, 1688, 16881139, 16882398, 1139, 2398
0, 1689, 16891139, 16892398, 1139, 2398
0, 169, 1691139, 1692398, 1139, 2398
0, 1690, 16901139, 16902398, 1139, 2398
0, 1691, 16911139, 16912398, 1139, 2398
0, 1692, 16921139, 16922398, 1139, 2398
0, 1693, 16931139, 16932398, 1139, 2398
0, 1694, 16941139, 16943168, 1139, 3168
0, 1695, 16951139, 16952398, 1139, 2398
0, 1696, 16961139, 16962398, 1139, 2398
0, 1697, 16971139, 16972398, 1139, 2398
0, 1698, 16981139, 16982398, 1139, 2398
0, 1699, 16991139, 16992398, 1139, 2398
0, 17, 171139, 172398, 1139, 2398
0, 170, 1701139, 1702398, 1139, 2398
0, 1700, 17001139, 17002398, 1139, 2398
0, 1701, 17011139, 17013753, 1139, 3753
0, 1702, 17021139, 17022398, 1139, 2398
0, 1703, 17031139, 17032398, 1139, 2398
0, 1704, 17041139, 17042398, 1139, 2398
0, 1705, 17051139, 17052398, 1139, 2398
0, 1706, 17061139, 17062398, 1139, 2398
0, 1707, 17071139, 17072398, 1139, 2398
0, 1708, 17081139, 17083753, 1139, 3753
0, 1709, 17091139, 17092398, 1139, 2398
0, 171, 1711139, 1712398, 1139, 2398
0, 1710, 17101139, 17102398, 1139, 2398
0, 1711, 17111139, 17112398, 1139, 2398
0, 1712, 17121139, 17122398, 1139, 2398
0, 1713, 17131139, 17132398, 1139, 2398
0, 1714, 17141139, 17142398, 1139, 2398
0, 1715, 17151139, 17153753, 1139, 3753
0, 1716, 17161139, 17162398, 1139, 2398
0, 1717, 17171139, 17172398, 1139, 2398
0, 1718, 17181139, 17182398, 1139, 2398
0, 1719, 17191139, 17192398, 1139, 2398
0, 172, 1721139, 1722398, 1139, 2398
0, 1720, 17201139, 17204868, 1139, 4868
0, 1721, 17211139, 17212398, 1139, 2398
0, 1722, 17221139, 17223168, 1139, 3168
0, 1723, 17231139, 17232398, 1139, 2398
0, 1724, 17241139, 17242398, 1139, 2398
0, 1725, 17251139, 17252398, 1139, 2398
0, 1726, 17261139, 17262398, 1139, 2398
0, 1727, 17271139, 17272398, 1139, 2398
0, 1728, 17281139, 17282398, 1139, 2398
0, 1729, 17291139, 17293753, 1139, 3753
0, 173, 1731139, 1732398, 1139, 2398
0, 1730, 17301139, 17302398, 1139, 2398
0, 1731, 17311139, 17312398, 1139, 2398
0, 1732, 17321139, 17322398, 1139, 2398
0, 1733, 17331139, 17332398, 1139, 2398
0, 1734, 17341139, 17342398, 1139, 2398
0, 1735, 17351139, 17352398, 1139, 2398
0, 1736, 17361139, 17365188, 1139, 5188
0, 1737, 17371139, 17372398, 1139, 2398
0, 1738, 17381139, 17382398, 1139, 2398
0, 1739, 17391139, 17392398, 1139, 2398
0, 174, 1741139, 1742398, 1139, 2398
0, 1740, 17401139, 17402689, 1139, 2689
0, 1741, 17411139, 17412398, 1139, 2398
0, 1742, 17421139, 17422398, 1139, 2398
0, 1743, 17431139, 17433168, 1139, 3168
0, 1744, 17441139, 17442398, 1139, 2398
0, 1745, 17451139, 17452398, 1139, 2398
0, 1746, 17461139, 17462398, 1139, 2398
0, 1747, 17471139, 17472398, 1139, 2398
0, 1748, 17481139, 17482398, 1139, 2398
0, 1749, 17491139, 17492398, 1139, 2398
0, 175, 1751139, 1753753, 1139, 3753
0, 1750, 17501139, 17503753, 1139, 3753
0, 1751, 17511139, 17512398, 1139, 2398
0, 1752, 17521139, 17522398, 1139, 2398
0, 1753, 17531139, 17532398, 1139, 2398
0, 1754, 17541139, 17542398, 1139, 2398
0, 1755, 17551139, 17552398, 1139, 2398
0, 1756, 17561139, 17562398, 1139, 2398
0, 1757, 17571139, 17573168, 1139, 3168
0, 1758, 17581139, 17582398, 1139, 2398
0, 1759, 17591139, 17592398, 1139, 2398
0, 176, 1761139, 1762398, 1139, 2398
0, 1760, 17601139, 17602398, 1139, 2398
0, 1761, 17611139, 17612398, 1139, 2398
0, 1762, 17621139, 17622398, 1139, 2398
0, 1763, 17631139, 17632398, 1139, 2398
0, 1764, 17641139, 17643753, 1139, 3753
0, 1765, 17651139, 17652398, 1139, 2398
0, 1766, 17661139, 17662398, 1139, 2398
0, 1767, 17671139, 17672398, 1139, 2398
0, 1768, 17681139, 17682398, 1139, 2398
0, 1769, 17691139, 17692398, 1139, 2398
0, 177, 1771139, 1772398, 1139, 2398
0, 1770, 17701139, 17702398, 1139, 2398
0, 1771, 17711139, 17713168, 1139, 3168
0, 1772, 17721139, 17722398, 1139, 2398
0, 1773, 17731139, 17732398, 1139, 2398
0, 1774, 17741139, 17742398, 1139, 2398
0, 1775, 17751139, 17752398, 1139, 2398
0, 1776, 17761139, 17762398, 1139, 2398
0, 1777, 17771139, 17772398, 1139, 2398
0, 1778, 17781139, 17783168, 1139, 3168
0, 1779, 17791139, 17792398, 1139, 2398
0, 178, 1781139, 1782398, 1139, 2398
0, 1780, 17801139, 17802398, 1139, 2398
0, 1781, 17811139, 17812398, 1139, 2398
0, 1782, 17821139, 17822398, 1139, 2398
0, 1783, 17831139, 17832398, 1139, 2398
0, 1784, 17841139, 17842398, 1139, 2398
0, 1785, 17851139, 17853753, 1139, 3753
0, 1786, 17861139, 17862398, 1139, 2398
0, 1787, 17871139, 17872398, 1139, 2398
0, 1788, 17881139, 17882398, 1139, 2398
0, 1789, 17891139, 17892398, 1139, 2398
0, 179, 1791139, 1792398, 1139, 2398
0, 1790, 17901139, 17902398, 1139, 2398
0, 1791, 17911139, 17912398, 1139, 2398
0, 1792, 17921139, 17925188, 1139, 5188
0, 1793, 17931139, 17934250, 1139, 4250
0, 1794, 17941139, 17942398, 1139, 2398
0, 1795, 17951139, 17952398, 1139, 2398
0, 1796, 17961139, 17962398, 1139, 2398
0, 1797, 17971139, 17972398, 1139, 2398
0, 1798, 17981139, 17982398, 1139, 2398
0, 1799, 17991139, 17993168, 1139, 3168
0, 18, 181139, 182398, 1139, 2398
0, 180, 1801139, 1802398, 1139, 2398
0, 1800, 18001139, 18002689, 1139, 2689
0, 1801, 18011139, 18012398, 1139, 2398
0, 1802, 18021139, 18022398, 1139, 2398
0, 1803, 18031139, 18032398, 1139, 2398
0, 1804, 18041139, 18042398, 1139, 2398
0, 1805, 18051139, 18052398, 1139, 2398
0, 1806, 18061139, 18063168, 1139, 3168
0, 1807, 18071139, 18072398, 1139, 2398
0, 1808, 18081139, 18082398, 1139, 2398
0, 1809, 18091139, 18092398, 1139, 2398
0, 181, 1811139, 1812398, 1139, 2398
0, 1810, 18101139, 18102398, 1139, 2398
0, 1811, 18111139, 18112398, 1139, 2398
0, 1812, 18121139, 18122398, 1139, 2398
0, 1813, 18131139, 18133168, 1139, 3168
0, 1814, 18141139, 18142398, 1139, 2398
0, 1815, 18151139, 18152398, 1139, 2398
0, 1816, 18161139, 18162398, 1139, 2398
0, 1817, 18171139, 18172398, 1139, 2398
0, 1818, 18181139, 18182398, 1139, 2398
0, 1819, 18191139, 18192398, 1139, 2398
0, 182, 1821139, 1823168, 1139, 3168
0, 1820, 18201139, 18204868, 1139, 4868
0, 1821, 18211139, 18212398, 1139, 2398
0, 1822, 18221139, 18222398, 1139, 2398
0, 1823, 18231139, 18232398, 1139, 2398
0, 1824, 18241139, 18244166, 1139, 4166
0, 1825, 18251139, 18252398, 1139, 2398
0, 1826, 18261139, 18262398, 1139, 2398
0, 1827, 18271139, 18273168, 1139, 3168
0, 1828, 18281139, 18282398, 1139, 2398
0, 1829, 18291139, 18292398, 1139, 2398
0, 183, 1831139, 1832398, 1139, 2398
0, 1830, 18301139, 18302398, 1139, 2398
0, 1831, 18311139, 18312398, 1139, 2398
0, 1832, 18321139, 18322398, 1139, 2398
0, 1833, 18331139, 18332398, 1139, 2398
0, 1834, 18341139, 18343753, 1139, 3753
0, 1835, 18351139, 18352398, 1139, 2398
0, 1836, 18361139, 18362398, 1139, 2398
0, 1837, 18371139, 18372398, 1139, 2398
0, 1838, 18381139, 18382398, 1139, 2398
0, 1839, 18391139, 18392398, 1139, 2398
0, 184, 1841139, 1842398, 1139, 2398
0, 1840, 18401139, 18402398, 1139, 2398
0, 1841, 18411139, 18413168, 1139, 3168
0, 1842, 18421139, 18422398, 1139, 2398
0, 1843, 18431139, 18432398, 1139, 2398
0, 1844, 18441139, 18442398, 1139, 2398
0, 1845, 18451139, 18452398, 1139, 2398
0, 1846, 18461139, 18462398, 1139, 2398
0, 1847, 18471139, 18472398, 1139, 2398
0, 1848, 18481139, 18485188, 1139, 5188
0, 1849, 18491139, 18492398, 1139, 2398
0, 185, 1851139, 1852398, 1139, 2398
0, 1850, 18501139, 18502398, 1139, 2398
0, 1851, 18511139, 18512398, 1139, 2398
0, 1852, 18521139, 18522398, 1139, 2398
0, 1853, 18531139, 18532398, 1139, 2398
0, 1854, 18541139, 18542398, 1139, 2398
0, 1855, 18551139, 18553753, 1139, 3753
0, 1856, 18561139, 18562398, 1139, 2398
0, 1857, 18571139, 18572398, 1139, 2398
0, 1858, 18581139, 18582398, 1139, 2398
0, 1859, 18591139, 18592398, 1139, 2398
0, 186, 1861139, 1862398, 1139, 2398
0, 1860, 18601139, 18602398, 1139, 2398
0, 1861, 18611139, 18612398, 1139, 2398
0, 1862, 18621139, 18623753, 1139, 3753
0, 1863, 18631139, 18632398, 1139, 2398
0, 1864, 18641139, 18642398, 1139, 2398
0, 1865, 18651139, 18652398, 1139, 2398
0, 1866, 18661139, 18662398, 1139, 2398
0, 1867, 18671139, 18672398, 1139, 2398
0, 1868, 18681139, 18682398, 1139, 2398
0, 1869, 18691139, 18693168, 1139, 3168
0, 187, 1871139, 1872398, 1139, 2398
0, 1870, 18701139, 18702398, 1139, 2398
0, 1871, 18711139, 18712398, 1139, 2398
0, 1872, 18721139, 18722689, 1139, 2689
0, 1873, 18731139, 18732398, 1139, 2398
0, 1874, 18741139, 18742398, 1139, 2398
0, 1875, 18751139, 18752398, 1139, 2398
0, 1876, 18761139, 18763753, 1139, 3753
0, 1877, 18771139, 18772398, 1139, 2398
0, 1878, 18781139, 18782398, 1139, 2398
0, 1879, 18791139, 18792398, 1139, 2398
0, 188, 1881139, 1882398, 1139, 2398
0, 1880, 18801139, 18804166, 1139, 4166
0, 1881, 18811139, 18812398, 1139, 2398
0, 1882, 18821139, 18822398, 1139, 2398
0, 1883, 18831139, 18833168, 1139, 3168
0, 1884, 18841139, 18842398, 1139, 2398
0, 1885, 18851139, 18852398, 1139, 2398
0, 1886, 18861139, 18862398, 1139, 2398
0, 1887, 18871139, 18872398, 1139, 2398
0, 1888, 18881139, 18882398, 1139, 2398
0, 1889, 18891139, 18892398, 1139, 2398
0, 189, 1891139, 1893168, 1139, 3168
0, 1890, 18901139, 18903753, 1139, 3753
0, 1891, 18911139, 18912398, 1139, 2398
0, 1892, 18921139, 18922398, 1139, 2398
0, 1893, 18931139, 18932398, 1139, 2398
0, 1894, 18941139, 18942398, 1139, 2398
0, 1895, 18951139, 18952398, 1139, 2398
0, 1896, 18961139, 18962398, 1139, 2398
0, 1897, 18971139, 18973168, 1139, 3168
0, 1898, 18981139, 18982398, 1139, 2398
0, 1899, 18991139, 18992398, 1139, 2398
0, 19, 191139, 192398, 1139, 2398
0, 190, 1901139, 1902398, 1139, 2398
0, 1900, 19001139, 19002398, 1139, 2398
0, 1901, 19011139, 19012398, 1139, 2398
0, 1902, 19021139, 19022398, 1139, 2398
0, 1903, 19031139, 19032398, 1139, 2398
0, 1904, 19041139, 19045188, 1139, 5188
0, 1905, 19051139, 19052398, 1139, 2398
0, 1906, 19061139, 19062398, 1139, 2398
0, 1907, 19071139, 19072398, 1139, 2398
0, 1908, 19081139, 19082398, 1139, 2398
0, 1909, 19091139, 19092398, 1139, 2398
0, 191, 1911139, 1912398, 1139, 2398
0, 1910, 19101139, 19102398, 1139, 2398
0, 1911, 19111139, 19113168, 1139, 3168
0, 1912, 19121139, 19122398, 1139, 2398
0, 1913, 19131139, 19132398, 1139, 2398
0, 1914, 19141139, 19142398, 1139, 2398
0, 1915, 19151139, 19152398, 1139, 2398
0, 1916, 19161139, 19162398, 1139, 2398
0, 1917, 19171139, 19172398, 1139, 2398
0, 1918, 19181139, 19183168, 1139, 3168
0, 1919, 19191139, 19192398, 1139, 2398
0, 192, 1921139, 1922398, 1139, 2398
0, 1920, 19201139, 19202689, 1139, 2689
0, 1921, 19211139, 19212398, 1139, 2398
0, 1922, 19221139, 19222398, 1139, 2398
0, 1923, 19231139, 19232398, 1139, 2398
0, 1924, 19241139, 19242398, 1139, 2398
0, 1925, 19251139, 19253753, 1139, 3753
0, 1926, 19261139, 19262398, 1139, 2398
0, 1927, 19271139, 19272398, 1139, 2398
0, 1928, 19281139, 19282398, 1139, 2398
0, 1929, 19291139, 19292398, 1139, 2398
0, 193, 1931139, 1932398, 1139, 2398
0, 1930, 19301139, 19302398, 1139, 2398
0, 1931, 19311139, 19312398, 1139, 2398
0, 1932, 19321139, 19323753, 1139, 3753
0, 1933, 19331139, 19332398, 1139, 2398
0, 1934, 19341139, 19342398, 1139, 2398
0, 1935, 19351139, 19352398, 1139, 2398
0, 1936, 19361139, 19362398, 1139, 2398
0, 1937, 19371139, 19372398, 1139, 2398
0, 1938, 19381139, 19382398, 1139, 2398
0, 1939, 19391139, 19393168, 1139, 3168
0, 194, 1941139, 1942398, 1139, 2398
0, 1940, 19401139, 19402398, 1139, 2398
0, 1941, 19411139, 19412398, 1139, 2398
0, 1942, 19421139, 19422398, 1139, 2398
0, 1943, 19431139, 19432398, 1139, 2398
0, 1944, 19441139, 19442398, 1139, 2398
0, 1945, 19451139, 19452398, 1139, 2398
0, 1946, 19461139, 19463168, 1139, 3168
0, 1947, 19471139, 19472398, 1139, 2398
0, 1948, 19481139, 19482398, 1139, 2398
0, 1949, 19491139, 19492398, 1139, 2398
0, 195, 1951139, 1952398, 1139, 2398
0, 1950, 19501139, 19502398, 1139, 2398
0, 1951, 19511139, 19512398, 1139, 2398
0, 1952, 19521139, 19522398, 1139, 2398
0, 1953, 19531139, 19533168, 1139, 3168
0, 1954, 19541139, 19542398, 1139, 2398
0, 1955, 19551139, 19552398, 1139, 2398
0, 1956, 19561139, 19562398, 1139, 2398
0, 1957, 19571139, 19572398, 1139, 2398
0, 1958, 19581139, 19582398, 1139, 2398
0, 1959, 19591139, 19592398, 1139, 2398
0, 196, 1961139, 1963753, 1139, 3753
0, 1960, 19601139, 19605188, 1139, 5188
0, 1961, 19611139, 19614099, 1139, 4099
0, 1962, 19621139, 19622398, 1139, 2398
0, 1963, 19631139, 19632398, 1139, 2398
0, 1964, 19641139, 19642398, 1139, 2398
0, 1965, 19651139, 19652398, 1139, 2398
0, 1966, 19661139, 19662398, 1139, 2398
0, 1967, 19671139, 19673753, 1139, 3753
0, 1968, 19681139, 19682398, 1139, 2398
0, 1969, 19691139, 19692398, 1139, 2398
0, 197, 1971139, 1972398, 1139, 2398
0, 1970, 19701139, 19702398, 1139, 2398
0, 1971, 19711139, 19712398, 1139, 2398
0, 1972, 19721139, 19722398, 1139, 2398
0, 1973, 19731139, 19732398, 1139, 2398
0, 1974, 19741139, 19743168, 1139, 3168
0, 1975, 19751139, 19752398, 1139, 2398
0, 1976, 19761139, 19762398, 1139, 2398
0, 1977, 19771139, 19772398, 1139, 2398
0, 1978, 19781139, 19782398, 1139, 2398
0, 1979, 19791139, 19792398, 1139, 2398
0, 198, 1981139, 1982398, 1139, 2398
0, 1980, 19801139, 19802398, 1139, 2398
0, 1981, 19811139, 19813168, 1139, 3168
0, 1982, 19821139, 19822398, 1139, 2398
0, 1983, 19831139, 19832398, 1139, 2398
0, 1984, 19841139, 19842398, 1139, 2398
0, 1985, 19851139, 19852398, 1139, 2398
0, 1986, 19861139, 19862398, 1139, 2398
0, 1987, 19871139, 19872398, 1139, 2398
0, 1988, 19881139, 19883753, 1139, 3753
0, 1989, 19891139, 19892398, 1139, 2398
0, 199, 1991139, 1992398, 1139, 2398
0, 1990, 19901139, 19902398, 1139, 2398
0, 1991, 19911139, 19912398, 1139, 2398
0, 1992, 19921139, 19922689, 1139, 2689
0, 1993, 19931139, 19932398, 1139, 2398
0, 1994, 19941139, 19942398, 1139, 2398
0, 1995, 19951139, 19954868, 1139, 4868
0, 1996, 19961139, 19962398, 1139, 2398
0, 1997, 19971139, 19972398, 1139, 2398
0, 1998, 19981139, 19982398, 1139, 2398
0, 1999, 19991139, 19992398, 1139, 2398
0, 2, 21139, 22398, 1139, 2398
0, 20, 201139, 202398, 1139, 2398
0, 200, 2001139, 2004868, 1139, 4868
0, 2000, 20001139, 20002398, 1139, 2398
0, 2001, 20011139, 20012398, 1139, 2398
0, 2002, 20021139, 20023168, 1139, 3168
0, 2003, 20031139, 20032398, 1139, 2398
0, 2004, 20041139, 20042398, 1139, 2398
0, 2005, 20051139, 20052398, 1139, 2398
0, 2006, 20061139, 20062398, 1139, 2398
0, 2007, 20071139, 20072398, 1139, 2398
0, 2008, 20081139, 20082398, 1139, 2398
0, 2009, 20091139, 20093168, 1139, 3168
0, 201, 2011139, 2012398, 1139, 2398
0, 2010, 20101139, 20102398, 1139, 2398
0, 2011, 20111139, 20112398, 1139, 2398
0, 2012, 20121139, 20122398, 1139, 2398
0, 2013, 20131139, 20132398, 1139, 2398
0, 2014, 20141139, 20142398, 1139, 2398
0, 2015, 20151139, 20152398, 1139, 2398
0, 2016, 20161139, 20165188, 1139, 5188
0, 2017, 20171139, 20172398, 1139, 2398
0, 2018, 20181139, 20182398, 1139, 2398
0, 2019, 20191139, 20192398, 1139, 2398
0, 202, 2021139, 2022398, 1139, 2398
0, 2020, 20201139, 20202398, 1139, 2398
0, 2021, 20211139, 20212398, 1139, 2398
0, 2022, 20221139, 20222398, 1139, 2398
0, 2023, 20231139, 20233168, 1139, 3168
0, 2024, 20241139, 20242398, 1139, 2398
0, 2025, 20251139, 20252398, 1139, 2398
0, 2026, 20261139, 20262398, 1139, 2398
0, 2027, 20271139, 20272398, 1139, 2398
0, 2028, 20281139, 20282398, 1139, 2398
0, 2029, 20291139, 20292398, 1139, 2398
0, 203, 2031139, 2033168, 1139, 3168
0, 2030, 20301139, 20303753, 1139, 3753
0, 2031, 20311139, 20312398, 1139, 2398
0, 2032, 20321139, 20322398, 1139, 2398
0, 2033, 20331139, 20332398, 1139, 2398
0, 2034, 20341139, 20342398, 1139, 2398
0, 2035, 20351139, 20352398, 1139, 2398
0, 2036, 20361139, 20362398, 1139, 2398
0, 2037, 20371139, 20373168, 1139, 3168
0, 2038, 20381139, 20382398, 1139, 2398
0, 2039, 20391139, 20392398, 1139, 2398
0, 204, 2041139, 2042398, 1139, 2398
0, 2040, 20401139, 20402689, 1139, 2689
0, 2041, 20411139, 20412398, 1139, 2398
0, 2042, 20421139, 20422398, 1139, 2398
0, 2043, 20431139, 20432398, 1139, 2398
0, 2044, 20441139, 20443753, 1139, 3753
0, 2045, 20451139, 20452398, 1139, 2398
0, 2046, 20461139, 20462398, 1139, 2398
0, 2047, 20471139, 20472398, 1139, 2398
0, 2048, 20481139, 20482398, 1139, 2398
0, 2049, 20491139, 20492398, 1139, 2398
0, 205, 2051139, 2052398, 1139, 2398
0, 2050, 20501139, 20502398, 1139, 2398
0, 2051, 20511139, 20513168, 1139, 3168
0, 2052, 20521139, 20522398, 1139, 2398
0, 2053, 20531139, 20532398, 1139, 2398
0, 2054, 20541139, 20542398, 1139, 2398
0, 2055, 20551139, 20552398, 1139, 2398
0, 2056, 20561139, 20562398, 1139, 2398
0, 2057, 20571139, 20572398, 1139, 2398
0, 2058, 20581139, 20583168, 1139, 3168
0, 2059, 20591139, 20592398, 1139, 2398
0, 206, 2061139, 2062398, 1139, 2398
0, 2060, 20601139, 20602398, 1139, 2398
0, 2061, 20611139, 20612398, 1139, 2398
0, 2062, 20621139, 20622398, 1139, 2398
0, 2063, 20631139, 20632398, 1139, 2398
0, 2064, 20641139, 20642398, 1139, 2398
0, 2065, 20651139, 20653753, 1139, 3753
0, 2066, 20661139, 20662398, 1139, 2398
0, 2067, 20671139, 20672398, 1139, 2398
0, 2068, 20681139, 20682398, 1139, 2398
0, 2069, 20691139, 20692398, 1139, 2398
0, 207, 2071139, 2072398, 1139, 2398
0, 2070, 20701139, 20702398, 1139, 2398
0, 2071, 20711139, 20712398, 1139, 2398
0, 2072, 20721139, 20725188, 1139, 5188
0, 2073, 20731139, 20732398, 1139, 2398
0, 2074, 20741139, 20742398, 1139, 2398
0, 2075, 20751139, 20752398, 1139, 2398
0, 2076, 20761139, 20762398, 1139, 2398
0, 2077, 20771139, 20772398, 1139, 2398
0, 2078, 20781139, 20782398, 1139, 2398
0, 2079, 20791139, 20793168, 1139, 3168
0, 208, 2081139, 2082398, 1139, 2398
0, 2080, 20801139, 20802398, 1139, 2398
0, 2081, 20811139, 20812398, 1139, 2398
0, 2082, 20821139, 20822398, 1139, 2398
0, 2083, 20831139, 20832398, 1139, 2398
0, 2084, 20841139, 20842398, 1139, 2398
0, 2085, 20851139, 20852398, 1139, 2398
0, 2086, 20861139, 20863168, 1139, 3168
0, 2087, 20871139, 20872398, 1139, 2398
0, 2088, 20881139, 20882398, 1139, 2398
0, 2089, 20891139, 20892398, 1139, 2398
0, 209, 2091139, 2092398, 1139, 2398
0, 2090, 20901139, 20902398, 1139, 2398
0, 2091, 20911139, 20912398, 1139, 2398
0, 2092, 20921139, 20922398, 1139, 2398
0, 2093, 20931139, 20933168, 1139, 3168
0, 2094, 20941139, 20942398, 1139, 2398
0, 2095, 20951139, 20952398, 1139, 2398
0, 2096, 20961139, 20962398, 1139, 2398
0, 2097, 20971139, 20972398, 1139, 2398
0, 2098, 20981139, 20982398, 1139, 2398
0, 2099, 20991139, 20992398, 1139, 2398
0, 21, 211139, 213168, 1139, 3168
0, 210, 2101139, 2103753, 1139, 3753
0, 2100, 21001139, 21005165, 1139, 5165
0, 2101, 21011139, 21012398, 1139, 2398
0, 2102, 21021139, 21022398, 1139, 2398
0, 2103, 21031139, 21032398, 1139, 2398
0, 2104, 21041139, 21042398, 1139, 2398
0, 2105, 21051139, 21052398, 1139, 2398
0, 2106, 21061139, 21062398, 1139, 2398
0, 2107, 21071139, 21073168, 1139, 3168
0, 2108, 21081139, 21082398, 1139, 2398
0, 2109, 21091139, 21092398, 1139, 2398
0, 211, 2111139, 2112398, 1139, 2398
0, 2110, 21101139, 21102398, 1139, 2398
0, 2111, 21111139, 21112398, 1139, 2398
0, 2112, 21121139, 21122398, 1139, 2398
0, 2113, 21131139, 21132398, 1139, 2398
0, 2114, 21141139, 21143168, 1139, 3168
0, 2115, 21151139, 21152398, 1139, 2398
0, 2116, 21161139, 21162398, 1139, 2398
0, 2117, 21171139, 21172398, 1139, 2398
0, 2118, 21181139, 21182398, 1139, 2398
0, 2119, 21191139, 21192398, 1139, 2398
0, 212, 2121139, 2122398, 1139, 2398
0, 2120, 21201139, 21202398, 1139, 2398
0, 2121, 21211139, 21213168, 1139, 3168
0, 2122, 21221139, 21222398, 1139, 2398
0, 2123, 21231139, 21232398, 1139, 2398
0, 2124, 21241139, 21242398, 1139, 2398
0, 2125, 21251139, 21252398, 1139, 2398
0, 2126, 21261139, 21262398, 1139, 2398
0, 2127, 21271139, 21272398, 1139, 2398
0, 2128, 21281139, 21285914, 1139, 5914
0, 2129, 21291139, 21294136, 1139, 4136
0, 213, 2131139, 2132398, 1139, 2398
0, 2130, 21301139, 21302398, 1139, 2398
0, 2131, 21311139, 21312398, 1139, 2398
0, 2132, 21321139, 21322398, 1139, 2398
0, 2133, 21331139, 21332398, 1139, 2398
0, 2134, 21341139, 21342398, 1139, 2398
0, 2135, 21351139, 21353753, 1139, 3753
0, 2136, 21361139, 21362398, 1139, 2398
0, 2137, 21371139, 21372398, 1139, 2398
0, 2138, 21381139, 21382398, 1139, 2398
0, 2139, 21391139, 21392398, 1139, 2398
0, 214, 2141139, 2142398, 1139, 2398
0, 2140, 21401139, 21402398, 1139, 2398
0, 2141, 21411139, 21412398, 1139, 2398
0, 2142, 21421139, 21423168, 1139, 3168
0, 2143, 21431139, 21432398, 1139, 2398
0, 2144, 21441139, 21442398, 1139, 2398
0, 2145, 21451139, 21452398, 1139, 2398
0, 2146, 21461139, 21462398, 1139, 2398
0, 2147, 21471139, 21472398, 1139, 2398
0, 2148, 21481139, 21482398, 1139, 2398
0, 2149, 21491139, 21493168, 1139, 3168
0, 215, 2151139, 2152398, 1139, 2398
0, 2150, 21501139, 21502398, 1139, 2398
0, 2151, 21511139, 21512398, 1139, 2398
0, 2152, 21521139, 21522398, 1139, 2398
0, 2153, 21531139, 21532398, 1139, 2398
0, 2154, 21541139, 21542398, 1139, 2398
0, 2155, 21551139, 21552398, 1139, 2398
0, 2156, 21561139, 21563753, 1139, 3753
0, 2157, 21571139, 21572398, 1139, 2398
0, 2158, 21581139, 21582398, 1139, 2398
0, 2159, 21591139, 21592398, 1139, 2398
0, 216, 2161139, 2162398, 1139, 2398
0, 2160, 21601139, 21604166, 1139, 4166
0, 2161, 21611139, 21612398, 1139, 2398
0, 2162, 21621139, 21622398, 1139, 2398
0, 2163, 21631139, 21633168, 1139, 3168
0, 2164, 21641139, 21642398, 1139, 2398
0, 2165, 21651139, 21652398, 1139, 2398
0, 2166, 21661139, 21662398, 1139, 2398
0, 2167, 21671139, 21672398, 1139, 2398
0, 2168, 21681139, 21682398, 1139, 2398
0, 2169, 21691139, 21692398, 1139, 2398
0, 217, 2171139, 2173168, 1139, 3168
0, 2170, 21701139, 21703753, 1139, 3753
0, 2171, 21711139, 21712398, 1139, 2398
0, 2172, 21721139, 21722398, 1139, 2398
0, 2173, 21731139, 21732398, 1139, 2398
0, 2174, 21741139, 21742398, 1139, 2398
0, 2175, 21751139, 21752398, 1139, 2398
0, 2176, 21761139, 21762398, 1139, 2398
0, 2177, 21771139, 21773168, 1139, 3168
0, 2178, 21781139, 21782398, 1139, 2398
0, 2179, 21791139, 21792398, 1139, 2398
0, 218, 2181139, 2182398, 1139, 2398
0, 2180, 21801139, 21802398, 1139, 2398
0, 2181, 21811139, 21812398, 1139, 2398
0, 2182, 21821139, 21822398, 1139, 2398
0, 2183, 21831139, 21832398, 1139, 2398
0, 2184, 21841139, 21845188, 1139, 5188
0, 2185, 21851139, 21852398, 1139, 2398
0, 2186, 21861139, 21862398, 1139, 2398
0, 2187, 21871139, 21872398, 1139, 2398
0, 2188, 21881139, 21882398, 1139, 2398
0, 2189, 21891139, 21892398, 1139, 2398
0, 219, 2191139, 2192398, 1139, 2398
0, 2190, 21901139, 21902398, 1139, 2398
0, 2191, 21911139, 21913168, 1139, 3168
0, 2192, 21921139, 21922398, 1139, 2398
0, 2193, 21931139, 21932398, 1139, 2398
0, 2194, 21941139, 21942398, 1139, 2398
0, 2195, 21951139, 21952398, 1139, 2398
0, 2196, 21961139, 21962398, 1139, 2398
0, 2197, 21971139, 21972398, 1139, 2398
0, 2198, 21981139, 21983168, 1139, 3168
0, 2199, 21991139, 21992398, 1139, 2398
0, 22, 221139, 222398, 1139, 2398
0, 220, 2201139, 2202398, 1139, 2398
0, 2200, 22001139, 22002398, 1139, 2398
0, 2201, 22011139, 22012398, 1139, 2398
0, 2202, 22021139, 22022398, 1139, 2398
0, 2203, 22031139, 22032398, 1139, 2398
0, 2204, 22041139, 22042398, 1139, 2398
0, 2205, 22051139, 22053753, 1139, 3753
0, 2206, 22061139, 22062398, 1139, 2398
0, 2207, 22071139, 22072398, 1139, 2398
0, 2208, 22081139, 22082398, 1139, 2398
0, 2209, 22091139, 22092398, 1139, 2398
0, 221, 2211139, 2212398, 1139, 2398
0, 2210, 22101139, 22102398, 1139, 2398
0, 2211, 22111139, 22112398, 1139, 2398
0, 2212, 22121139, 22123753, 1139, 3753
0, 2213, 22131139, 22132398, 1139, 2398
0, 2214, 22141139, 22142398, 1139, 2398
0, 2215, 22151139, 22152398, 1139, 2398
0, 2216, 22161139, 22162398, 1139, 2398
0, 2217, 22171139, 22172398, 1139, 2398
0, 2218, 22181139, 22182398, 1139, 2398
0, 2219, 22191139, 22193168, 1139, 3168
0, 222, 2221139, 2222398, 1139, 2398
0, 2220, 22201139, 22202398, 1139, 2398
0, 2221, 22211139, 22212398, 1139, 2398
0, 2222, 22221139, 22222398, 1139, 2398
0, 2223, 22231139, 22232398, 1139, 2398
0, 2224, 22241139, 22242398, 1139, 2398
0, 2225, 22251139, 22252398, 1139, 2398
0, 2226, 22261139, 22263168, 1139, 3168
0, 2227, 22271139, 22272398, 1139, 2398
0, 2228, 22281139, 22282398, 1139, 2398
0, 2229, 22291139, 22292398, 1139, 2398
0, 223, 2231139, 2232398, 1139, 2398
0, 2230, 22301139, 22302398, 1139, 2398
0, 2231, 22311139, 22312398, 1139, 2398
0, 2232, 22321139, 22322398, 1139, 2398
0, 2233, 22331139, 22333753, 1139, 3753
0, 2234, 22341139, 22342398, 1139, 2398
0, 2235, 22351139, 22352398, 1139, 2398
0, 2236, 22361139, 22362398, 1139, 2398
0, 2237, 22371139, 22372398, 1139, 2398
0, 2238, 22381139, 22382398, 1139, 2398
0, 2239, 22391139, 22392398, 1139, 2398
0, 224, 2241139, 2245188, 1139, 5188
0, 2240, 22401139, 22405188, 1139, 5188
0, 2241, 22411139, 22412398, 1139, 2398
0, 2242, 22421139, 22422398, 1139, 2398
0, 2243, 22431139, 22432398, 1139, 2398
0, 2244, 22441139, 22442398, 1139, 2398
0, 2245, 22451139, 22452398, 1139, 2398
0, 2246, 22461139, 22462398, 1139, 2398
0, 2247, 22471139, 22473168, 1139, 3168
0, 2248, 22481139, 22482398, 1139, 2398
0, 2249, 22491139, 22492398, 1139, 2398
0, 225, 2251139, 2252398, 1139, 2398
0, 2250, 22501139, 22502398, 1139, 2398
0, 2251, 22511139, 22512398, 1139, 2398
0, 2252, 22521139, 22522398, 1139, 2398
0, 2253, 22531139, 22532398, 1139, 2398
0, 2254, 22541139, 22543168, 1139, 3168
0, 2255, 22551139, 22552398, 1139, 2398
0, 2256, 22561139, 22562398, 1139, 2398
0, 2257, 22571139, 22572398, 1139, 2398
0, 2258, 22581139, 22582398, 1139, 2398
0, 2259, 22591139, 22592398, 1139, 2398
0, 226, 2261139, 2262398, 1139, 2398
0, 2260, 22601139, 22602398, 1139, 2398
0, 2261, 22611139, 22613753, 1139, 3753
0, 2262, 22621139, 22622398, 1139, 2398
0, 2263, 22631139, 22632398, 1139, 2398
0, 2264, 22641139, 22642398, 1139, 2398
0, 2265, 22651139, 22652398, 1139, 2398
0, 2266, 22661139, 22662398, 1139, 2398
0, 2267, 22671139, 22672398, 1139, 2398
0, 2268, 22681139, 22683753, 1139, 3753
0, 2269, 22691139, 22692398, 1139, 2398
0, 227, 2271139, 2272398, 1139, 2398
0, 2270, 22701139, 22702398, 1139, 2398
0, 2271, 22711139, 22712398, 1139, 2398
0, 2272, 22721139, 22722398, 1139, 2398
0, 2273, 22731139, 22732398, 1139, 2398
0, 2274, 22741139, 22742398, 1139, 2398
0, 2275, 22751139, 22753753, 1139, 3753
0, 2276, 22761139, 22762398, 1139, 2398
0, 2277, 22771139, 22772398, 1139, 2398
0, 2278, 22781139, 22782398, 1139, 2398
0, 2279, 22791139, 22792398, 1139, 2398
0, 228, 2281139, 2282689, 1139, 2689
0, 2280, 22801139, 22804868, 1139, 4868
0, 2281, 22811139, 22812398, 1139, 2398
0, 2282, 22821139, 22823168, 1139, 3168
0, 2283, 22831139, 22832398, 1139, 2398
0, 2284, 22841139, 22842398, 1139, 2398
0, 2285, 22851139, 22852398, 1139, 2398
0, 2286, 22861139, 22862398, 1139, 2398
0, 2287, 22871139, 22872398, 1139, 2398
0, 2288, 22881139, 22882398, 1139, 2398
0, 2289, 22891139, 22893168, 1139, 3168
0, 229, 2291139, 2292398, 1139, 2398
0, 2290, 22901139, 22902398, 1139, 2398
0, 2291, 22911139, 22912398, 1139, 2398
0, 2292, 22921139, 22922398, 1139, 2398
0, 2293, 22931139, 22932398, 1139, 2398
0, 2294, 22941139, 22942398, 1139, 2398
0, 2295, 22951139, 22952398, 1139, 2398
0, 2296, 22961139, 22965188, 1139, 5188
0, 2297, 22971139, 22972398, 1139, 2398
0, 2298, 22981139, 22982398, 1139, 2398
0, 2299, 22991139, 22992398, 1139, 2398
0, 23, 231139, 232398, 1139, 2398
0, 230, 2301139, 2302398, 1139, 2398
0, 2300, 23001139, 23002398, 1139, 2398
0, 2301, 23011139, 23012398, 1139, 2398
0, 2302, 23021139, 23022398, 1139, 2398
0, 2303, 23031139, 23033168, 1139, 3168
0, 2304, 23041139, 23042398, 1139, 2398
0, 2305, 23051139, 23052398, 1139, 2398
0, 2306, 23061139, 23062398, 1139, 2398
0, 2307, 23071139, 23072398, 1139, 2398
0, 2308, 23081139, 23082398, 1139, 2398
0, 2309, 23091139, 23092398, 1139, 2398
0, 231, 2311139, 2313168, 1139, 3168
0, 2310, 23101139, 23103753, 1139, 3753
0, 2311, 23111139, 23112398, 1139, 2398
0, 2312, 23121139, 23122398, 1139, 2398
0, 2313, 23131139, 23132398, 1139, 2398
0, 2314, 23141139, 23142398, 1139, 2398
0, 2315, 23151139, 23152398, 1139, 2398
0, 2316, 23161139, 23162398, 1139, 2398
0, 2317, 23171139, 23173168, 1139, 3168
0, 2318, 23181139, 23182398, 1139, 2398
0, 2319, 23191139, 23192398, 1139, 2398
0, 232, 2321139, 2322398, 1139, 2398
0, 2320, 23201139, 23202398, 1139, 2398
0, 2321, 23211139, 23212398, 1139, 2398
0, 2322, 23221139, 23222398, 1139, 2398
0, 2323, 23231139, 23232398, 1139, 2398
0, 2324, 23241139, 23243753, 1139, 3753
0, 2325, 23251139, 23252398, 1139, 2398
0, 2326, 23261139, 23262398, 1139, 2398
0, 2327, 23271139, 23272398, 1139, 2398
0, 2328, 23281139, 23285188, 1139, 5188
0, 2329, 23291139, 23292398, 1139, 2398
0, 233, 2331139, 2332398, 1139, 2398
0, 2330, 23301139, 23302398, 1139, 2398
0, 2331, 23311139, 23313168, 1139, 3168
0, 2332, 23321139, 23322398, 1139, 2398
0, 2333, 23331139, 23332398, 1139, 2398
0, 2334, 23341139, 23342398, 1139, 2398
0, 2335, 23351139, 23352398, 1139, 2398
0, 2336, 23361139, 23362398, 1139, 2398
0, 2337, 23371139, 23372398, 1139, 2398
0, 2338, 23381139, 23383168, 1139, 3168
0, 2339, 23391139, 23392398, 1139, 2398
0, 234, 2341139, 2342398, 1139, 2398
0, 2340, 23401139, 23402398, 1139, 2398
0, 2341, 23411139, 23412398, 1139, 2398
0, 2342, 23421139, 23422398, 1139, 2398
0, 2343, 23431139, 23432398, 1139, 2398
0, 2344, 23441139, 23442398, 1139, 2398
0, 2345, 23451139, 23453753, 1139, 3753
0, 2346, 23461139, 23462398, 1139, 2398
0, 2347, 23471139, 23472398, 1139, 2398
0, 2348, 23481139, 23482398, 1139, 2398
0, 2349, 23491139, 23492398, 1139, 2398
0, 235, 2351139, 2352398, 1139, 2398
0, 2350, 23501139, 23502398, 1139, 2398
0, 2351, 23511139, 23512398, 1139, 2398
0, 2352, 23521139, 23525188, 1139, 5188
0, 2353, 23531139, 23534250, 1139, 4250
0, 2354, 23541139, 23542398, 1139, 2398
0, 2355, 23551139, 23552398, 1139, 2398
0, 2356, 23561139, 23562398, 1139, 2398
0, 2357, 23571139, 23572398, 1139, 2398
0, 2358, 23581139, 23582398, 1139, 2398
0, 2359, 23591139, 23593168, 1139, 3168
0, 236, 2361139, 2362398, 1139, 2398
0, 2360, 23601139, 23602398, 1139, 2398
0, 2361, 23611139, 23612398, 1139, 2398
0, 2362, 23621139, 23622398, 1139, 2398
0, 2363, 23631139, 23632398, 1139, 2398
0, 2364, 23641139, 23642398, 1139, 2398
0, 2365, 23651139, 23652398, 1139, 2398
0, 2366, 23661139, 23663753, 1139, 3753
0, 2367, 23671139, 23672398, 1139, 2398
0, 2368, 23681139, 23682398, 1139, 2398
0, 2369, 23691139, 23692398, 1139, 2398
0, 237, 2371139, 2372398, 1139, 2398
0, 2370, 23701139, 23702398, 1139, 2398
0, 2371, 23711139, 23712398, 1139, 2398
0, 2372, 23721139, 23722398, 1139, 2398
0, 2373, 23731139, 23733168, 1139, 3168
0, 2374, 23741139, 23742398, 1139, 2398
0, 2375, 23751139, 23752398, 1139, 2398
0, 2376, 23761139, 23762398, 1139, 2398
0, 2377, 23771139, 23772398, 1139, 2398
0, 2378, 23781139, 23782398, 1139, 2398
0, 2379, 23791139, 23792398, 1139, 2398
0, 238, 2381139, 2383753, 1139, 3753
0, 2380, 23801139, 23804868, 1139, 4868
0, 2381, 23811139, 23812398, 1139, 2398
0, 2382, 23821139, 23822398, 1139, 2398
0, 2383, 23831139, 23832398, 1139, 2398
0, 2384, 23841139, 23842398, 1139, 2398
0, 2385, 23851139, 23852398, 1139, 2398
0, 2386, 23861139, 23862398, 1139, 2398
0, 2387, 23871139, 23873168, 1139, 3168
0, 2388, 23881139, 23882398, 1139, 2398
0, 2389, 23891139, 23892398, 1139, 2398
0, 239, 2391139, 2392398, 1139, 2398
0, 2390, 23901139, 23902398, 1139, 2398
0, 2391, 23911139, 23912398, 1139, 2398
0, 2392, 23921139, 23922398, 1139, 2398
0, 2393, 23931139, 23932398, 1139, 2398
0, 2394, 23941139, 23943753, 1139, 3753
0, 2395, 23951139, 23952398, 1139, 2398
0, 2396, 23961139, 23962398, 1139, 2398
0, 2397, 23971139, 23972398, 1139, 2398
0, 2398, 23981139, 23982398, 1139, 2398
0, 2399, 23991139, 23992398, 1139, 2398
0, 24, 241139, 242398, 1139, 2398
0, 240, 2401139, 2402689, 1139, 2689
0, 2400, 24001139, 24002689, 1139, 2689
0, 2401, 24011139, 24013168, 1139, 3168
0, 2402, 24021139, 24022398, 1139, 2398
0, 2403, 24031139, 24032398, 1139, 2398
0, 2404, 24041139, 24042398, 1139, 2398
0, 2405, 24051139, 24052398, 1139, 2398
0, 2406, 24061139, 24062398, 1139, 2398
0, 2407, 24071139, 24072398, 1139, 2398
0, 2408, 24081139, 24085188, 1139, 5188
0, 2409, 24091139, 24092398, 1139, 2398
0, 241, 2411139, 2412398, 1139, 2398
0, 2410, 24101139, 24102398, 1139, 2398
0, 2411, 24111139, 24112398, 1139, 2398
0, 2412, 24121139, 24122398, 1139, 2398
0, 2413, 24131139, 24132398, 1139, 2398
0, 2414, 24141139, 24142398, 1139, 2398
0, 2415, 24151139, 24153753, 1139, 3753
0, 2416, 24161139, 24162398, 1139, 2398
0, 2417, 24171139, 24172398, 1139, 2398
0, 2418, 24181139, 24182398, 1139, 2398
0, 2419, 24191139, 24192398, 1139, 2398
0, 242, 2421139, 2422398, 1139, 2398
0, 2420, 24201139, 24202398, 1139, 2398
0, 2421, 24211139, 24212398, 1139, 2398
0, 2422, 24221139, 24223168, 1139, 3168
0, 2423, 24231139, 24232398, 1139, 2398
0, 2424, 24241139, 24242398, 1139, 2398
0, 2425, 24251139, 24252398, 1139, 2398
0, 2426, 24261139, 24262398, 1139, 2398
0, 2427, 24271139, 24272398, 1139, 2398
0, 2428, 24281139, 24282398, 1139, 2398
0, 2429, 24291139, 24293168, 1139, 3168
0, 243, 2431139, 2432398, 1139, 2398
0, 2430, 24301139, 24302398, 1139, 2398
0, 2431, 24311139, 24312398, 1139, 2398
0, 2432, 24321139, 24322398, 1139, 2398
0, 2433, 24331139, 24332398, 1139, 2398
0, 2434, 24341139, 24342398, 1139, 2398
0, 2435, 24351139, 24352398, 1139, 2398
0, 2436, 24361139, 24363753, 1139, 3753
0, 2437, 24371139, 24372398, 1139, 2398
0, 2438, 24381139, 24382398, 1139, 2398
0, 2439, 24391139, 24392398, 1139, 2398
0, 244, 2441139, 2442398, 1139, 2398
0, 2440, 24401139, 24404166, 1139, 4166
0, 2441, 24411139, 24412398, 1139, 2398
0, 2442, 24421139, 24422398, 1139, 2398
0, 2443, 24431139, 24433168, 1139, 3168
0, 2444, 24441139, 24442398, 1139, 2398
0, 2445, 24451139, 24452398, 1139, 2398
0, 2446, 24461139, 24462398, 1139, 2398
0, 2447, 24471139, 24472398, 1139, 2398
0, 2448, 24481139, 24482398, 1139, 2398
0, 2449, 24491139, 24492398, 1139, 2398
0, 245, 2451139, 2453753, 1139, 3753
0, 2450, 24501139, 24503753, 1139, 3753
0, 2451, 24511139, 24512398, 1139, 2398
0, 2452, 24521139, 24522398, 1139, 2398
0, 2453, 24531139, 24532398, 1139, 2398
0, 2454, 24541139, 24542398, 1139, 2398
0, 2455, 24551139, 24552398, 1139, 2398
0, 2456, 24561139, 24562398, 1139, 2398
0, 2457, 24571139, 24573168, 1139, 3168
0, 2458, 24581139, 24582398, 1139, 2398
0, 2459, 24591139, 24592398, 1139, 2398
0, 246, 2461139, 2462398, 1139, 2398
0, 2460, 24601139, 24602398, 1139, 2398
0, 2461, 24611139, 24612398, 1139, 2398
0, 2462, 24621139, 24622398, 1139, 2398
0, 2463, 24631139, 24632398, 1139, 2398
0, 2464, 24641139, 24645188, 1139, 5188
0, 2465, 24651139, 24652398, 1139, 2398
0, 2466, 24661139, 24662398, 1139, 2398
0, 2467, 24671139, 24672398, 1139, 2398
0, 2468, 24681139, 24682398, 1139, 2398
0, 2469, 24691139, 24692398, 1139, 2398
0, 247, 2471139, 2472398, 1139, 2398
0, 2470, 24701139, 24702398, 1139, 2398
0, 2471, 24711139, 24713168, 1139, 3168
0, 2472, 24721139, 24722398, 1139, 2398
0, 2473, 24731139, 24732398, 1139, 2398
0, 2474, 24741139, 24742398, 1139, 2398
0, 2475, 24751139, 24752398, 1139, 2398
0, 2476, 24761139, 24762398, 1139, 2398
0, 2477, 24771139, 24772398, 1139, 2398
0, 2478, 24781139, 24783168, 1139, 3168
0, 2479, 24791139, 24792398, 1139, 2398
0, 248, 2481139, 2482398, 1139, 2398
0, 2480, 24801139, 24804868, 1139, 4868
0, 2481, 24811139, 24812398, 1139, 2398
0, 2482, 24821139, 24822398, 1139, 2398
0, 2483, 24831139, 24832398, 1139, 2398
0, 2484, 24841139, 24842398, 1139, 2398
0, 2485, 24851139, 24853753, 1139, 3753
0, 2486, 24861139, 24862398, 1139, 2398
0, 2487, 24871139, 24872398, 1139, 2398
0, 2488, 24881139, 24882398, 1139, 2398
0, 2489, 24891139, 24892398, 1139, 2398
0, 249, 2491139, 2492398, 1139, 2398
0, 2490, 24901139, 24902398, 1139, 2398
0, 2491, 24911139, 24912398, 1139, 2398
0, 2492, 24921139, 24923753, 1139, 3753
0, 2493, 24931139, 24932398, 1139, 2398
0, 2494, 24941139, 24942398, 1139, 2398
0, 2495, 24951139, 24952398, 1139, 2398
0, 2496, 24961139, 24962689, 1139, 2689
0, 2497, 24971139, 24972398, 1139, 2398
0, 2498, 24981139, 24982398, 1139, 2398
0, 2499, 24991139, 24993753, 1139, 3753
0, 25, 251139, 252398, 1139, 2398
0, 250, 2501139, 2502398, 1139, 2398
0, 2500, 25001139, 25002398, 1139, 2398
0, 2501, 25011139, 25012398, 1139, 2398
0, 2502, 25021139, 25022398, 1139, 2398
0, 2503, 25031139, 25032398, 1139, 2398
0, 2504, 25041139, 25042398, 1139, 2398
0, 2505, 25051139, 25052398, 1139, 2398
0, 2506, 25061139, 25063168, 1139, 3168
0, 2507, 25071139, 25072398, 1139, 2398
0, 2508, 25081139, 25082398, 1139, 2398
0, 2509, 25091139, 25092398, 1139, 2398
0, 251, 2511139, 2512398, 1139, 2398
0, 2510, 25101139, 25102398, 1139, 2398
0, 2511, 25111139, 25112398, 1139, 2398
0, 2512, 25121139, 25122398, 1139, 2398
0, 2513, 25131139, 25133168, 1139, 3168
0, 2514, 25141139, 25142398, 1139, 2398
0, 2515, 25151139, 25152398, 1139, 2398
0, 2516, 25161139, 25162398, 1139, 2398
0, 2517, 25171139, 25172398, 1139, 2398
0, 2518, 25181139, 25182398, 1139, 2398
0, 2519, 25191139, 25192398, 1139, 2398
0, 252, 2521139, 2523753, 1139, 3753
0, 2520, 25201139, 25205188, 1139, 5188
0, 2521, 25211139, 25212398, 1139, 2398
0, 2522, 25221139, 25222398, 1139, 2398
0, 2523, 25231139, 25232398, 1139, 2398
0, 2524, 25241139, 25242398, 1139, 2398
0, 2525, 25251139, 25252398, 1139, 2398
0, 2526, 25261139, 25262398, 1139, 2398
0, 2527, 25271139, 25273753, 1139, 3753
0, 2528, 25281139, 25282398, 1139, 2398
0, 2529, 25291139, 25292398, 1139, 2398
0, 253, 2531139, 2532398, 1139, 2398
0, 2530, 25301139, 25302398, 1139, 2398
0, 2531, 25311139, 25312398, 1139, 2398
0, 2532, 25321139, 25322398, 1139, 2398
0, 2533, 25331139, 25332398, 1139, 2398
0, 2534, 25341139, 25343168, 1139, 3168
0, 2535, 25351139, 25352398, 1139, 2398
0, 2536, 25361139, 25362398, 1139, 2398
0, 2537, 25371139, 25372398, 1139, 2398
0, 2538, 25381139, 25382398, 1139, 2398
0, 2539, 25391139, 25392398, 1139, 2398
0, 254, 2541139, 2542398, 1139, 2398
0, 2540, 25401139, 25402398, 1139, 2398
0, 2541, 25411139, 25413168, 1139, 3168
0, 2542, 25421139, 25422398, 1139, 2398
0, 2543, 25431139, 25432398, 1139, 2398
0, 2544, 25441139, 25442398, 1139, 2398
0, 2545, 25451139, 25452398, 1139, 2398
0, 2546, 25461139, 25462398, 1139, 2398
0, 2547, 25471139, 25472398, 1139, 2398
0, 2548, 25481139, 25483753, 1139, 3753
0, 2549, 25491139, 25492398, 1139, 2398
0, 255, 2551139, 2552398, 1139, 2398
0, 2550, 25501139, 25502398, 1139, 2398
0, 2551, 25511139, 25512398, 1139, 2398
0, 2552, 25521139, 25522398, 1139, 2398
0, 2553, 25531139, 25532398, 1139, 2398
0, 2554, 25541139, 25542398, 1139, 2398
0, 2555, 25551139, 25553753, 1139, 3753
0, 2556, 25561139, 25562398, 1139, 2398
0, 2557, 25571139, 25572398, 1139, 2398
0, 2558, 25581139, 25582398, 1139, 2398
0, 2559, 25591139, 25592398, 1139, 2398
0, 256, 2561139, 2562398, 1139, 2398
0, 2560, 25601139, 25602398, 1139, 2398
0, 2561, 25611139, 25612398, 1139, 2398
0, 2562, 25621139, 25623168, 1139, 3168
0, 2563, 25631139, 25632398, 1139, 2398
0, 2564, 25641139, 25642398, 1139, 2398
0, 2565, 25651139, 25652398, 1139, 2398
0, 2566, 25661139, 25662398, 1139, 2398
0, 2567, 25671139, 25672398, 1139, 2398
0, 2568, 25681139, 25682398, 1139, 2398
0, 2569, 25691139, 25693168, 1139, 3168
0, 257, 2571139, 2572398, 1139, 2398
0, 2570, 25701139, 25702398, 1139, 2398
0, 2571, 25711139, 25712398, 1139, 2398
0, 2572, 25721139, 25722398, 1139, 2398
0, 2573, 25731139, 25732398, 1139, 2398
0, 2574, 25741139, 25742398, 1139, 2398
0, 2575, 25751139, 25752398, 1139, 2398
0, 2576, 25761139, 25765188, 1139, 5188
0, 2577, 25771139, 25772398, 1139, 2398
0, 2578, 25781139, 25782398, 1139, 2398
0, 2579, 25791139, 25792398, 1139, 2398
0, 258, 2581139, 2582398, 1139, 2398
0, 2580, 25801139, 25802689, 1139, 2689
0, 2581, 25811139, 25812398, 1139, 2398
0, 2582, 25821139, 25822398, 1139, 2398
0, 2583, 25831139, 25833168, 1139, 3168
0, 2584, 25841139, 25842398, 1139, 2398
0, 2585, 25851139, 25852398, 1139, 2398
0, 2586, 25861139, 25862398, 1139, 2398
0, 2587, 25871139, 25872398, 1139, 2398
0, 2588, 25881139, 25882398, 1139, 2398
0, 2589, 25891139, 25892398, 1139, 2398
0, 259, 2591139, 2593168, 1139, 3168
0, 2590, 25901139, 25903753, 1139, 3753
0, 2591, 25911139, 25912398, 1139, 2398
0, 2592, 25921139, 25922398, 1139, 2398
0, 2593, 25931139, 25932398, 1139, 2398
0, 2594, 25941139, 25942398, 1139, 2398
0, 2595, 25951139, 25952398, 1139, 2398
0, 2596, 25961139, 25962398, 1139, 2398
0, 2597, 25971139, 25973168, 1139, 3168
0, 2598, 25981139, 25982398, 1139, 2398
0, 2599, 25991139, 25992398, 1139, 2398
0, 26, 261139, 262398, 1139, 2398
0, 260, 2601139, 2602398, 1139, 2398
0, 2600, 26001139, 26002398, 1139, 2398
0, 2601, 26011139, 26012398, 1139, 2398
0, 2602, 26021139, 26022398, 1139, 2398
0, 2603, 26031139, 26032398, 1139, 2398
0, 2604, 26041139, 26043753, 1139, 3753
0, 2605, 26051139, 26052398, 1139, 2398
0, 2606, 26061139, 26062398, 1139, 2398
0, 2607, 26071139, 26072398, 1139, 2398
0, 2608, 26081139, 26082398, 1139, 2398
0, 2609, 26091139, 26092398, 1139, 2398
0, 261, 2611139, 2612398, 1139, 2398
0, 2610, 26101139, 26102398, 1139, 2398
0, 2611, 26111139, 26113168, 1139, 3168
0, 2612, 26121139, 26122398, 1139, 2398
0, 2613, 26131139, 26132398, 1139, 2398
0, 2614, 26141139, 26142398, 1139, 2398
0, 2615, 26151139, 26152398, 1139, 2398
0, 2616, 26161139, 26162398, 1139, 2398
0, 2617, 26171139, 26172398, 1139, 2398
0, 2618, 26181139, 26183168, 1139, 3168
0, 2619, 26191139, 26192398, 1139, 2398
0, 262, 2621139, 2622398, 1139, 2398
0, 2620, 26201139, 26202398, 1139, 2398
0, 2621, 26211139, 26212398, 1139, 2398
0, 2622, 26221139, 26222398, 1139, 2398
0, 2623, 26231139, 26232398, 1139, 2398
0, 2624, 26241139, 26242398, 1139, 2398
0, 2625, 26251139, 26253753, 1139, 3753
0, 2626, 26261139, 26262398, 1139, 2398
0, 2627, 26271139, 26272398, 1139, 2398
0, 2628, 26281139, 26282398, 1139, 2398
0, 2629, 26291139, 26292398, 1139, 2398
0, 263, 2631139, 2632398, 1139, 2398
0, 2630, 26301139, 26302398, 1139, 2398
0, 2631, 26311139, 26312398, 1139, 2398
0, 2632, 26321139, 26325188, 1139, 5188
0, 2633, 26331139, 26334843, 1139, 4843
0, 2634, 26341139, 26342398, 1139, 2398
0, 2635, 26351139, 26352398, 1139, 2398
0, 2636, 26361139, 26362398, 1139, 2398
0, 2637, 26371139, 26372398, 1139, 2398
0, 2638, 26381139, 26382398, 1139, 2398
0, 2639, 26391139, 26393168, 1139, 3168
0, 264, 2641139, 2642398, 1139, 2398
0, 2640, 26401139, 26402689, 1139, 2689
0, 2641, 26411139, 26412398, 1139, 2398
0, 2642, 26421139, 26422398, 1139, 2398
0, 2643, 26431139, 26432398, 1139, 2398
0, 2644, 26441139, 26442398, 1139, 2398
0, 2645, 26451139, 26452398, 1139, 2398
0, 2646, 26461139, 26463168, 1139, 3168
0, 2647, 26471139, 26472398, 1139, 2398
0, 2648, 26481139, 26482398, 1139, 2398
0, 2649, 26491139, 26492398, 1139, 2398
0, 265, 2651139, 2652398, 1139, 2398
0, 2650, 26501139, 26502398, 1139, 2398
0, 2651, 26511139, 26512398, 1139, 2398
0, 2652, 26521139, 26522398, 1139, 2398
0, 2653, 26531139, 26533168, 1139, 3168
0, 2654, 26541139, 26542398, 1139, 2398
0, 2655, 26551139, 26552398, 1139, 2398
0, 2656, 26561139, 26562398, 1139, 2398
0, 2657, 26571139, 26572398, 1139, 2398
0, 2658, 26581139, 26582398, 1139, 2398
0, 2659, 26591139, 26592398, 1139, 2398
0, 266, 2661139, 2663753, 1139, 3753
0, 2660, 26601139, 26605914, 1139, 5914
0, 2661, 26611139, 26614359, 1139, 4359
0, 2662, 26621139, 26622398, 1139, 2398
0, 2663, 26631139, 26632398, 1139, 2398
0, 2664, 26641139, 26642689, 1139, 2689
0, 2665, 26651139, 26652398, 1139, 2398
0, 2666, 26661139, 26662398, 1139, 2398
0, 2667, 26671139, 26673168, 1139, 3168
0, 2668, 26681139, 26682398, 1139, 2398
0, 2669, 26691139, 26692398, 1139, 2398
0, 267, 2671139, 2672398, 1139, 2398
0, 2670, 26701139, 26702398, 1139, 2398
0, 2671, 26711139, 26712398, 1139, 2398
0, 2672, 26721139, 26722398, 1139, 2398
0, 2673, 26731139, 26732398, 1139, 2398
0, 2674, 26741139, 26743168, 1139, 3168
0, 2675, 26751139, 26752398, 1139, 2398
0, 2676, 26761139, 26762398, 1139, 2398
0, 2677, 26771139, 26772398, 1139, 2398
0, 2678, 26781139, 26782398, 1139, 2398
0, 2679, 26791139, 26792398, 1139, 2398
0, 268, 2681139, 2682398, 1139, 2398
0, 2680, 26801139, 26802398, 1139, 2398
0, 2681, 26811139, 26813168, 1139, 3168
0, 2682, 26821139, 26822398, 1139, 2398
0, 2683, 26831139, 26832398, 1139, 2398
0, 2684, 26841139, 26842398, 1139, 2398
0, 2685, 26851139, 26852398, 1139, 2398
0, 2686, 26861139, 26862398, 1139, 2398
0, 2687, 26871139, 26872398, 1139, 2398
0, 2688, 26881139, 26885188, 1139, 5188
0, 2689, 26891139, 26892398, 1139, 2398
0, 269, 2691139, 2692398, 1139, 2398
0, 2690, 26901139, 26902398, 1139, 2398
0, 2691, 26911139, 26912398, 1139, 2398
0, 2692, 26921139, 26922398, 1139, 2398
0, 2693, 26931139, 26932398, 1139, 2398
0, 2694, 26941139, 26942398, 1139, 2398
0, 2695, 26951139, 26953753, 1139, 3753
0, 2696, 26961139, 26962398, 1139, 2398
0, 2697, 26971139, 26972398, 1139, 2398
0, 2698, 26981139, 26982398, 1139, 2398
0, 2699, 26991139, 26992398, 1139, 2398
0, 27, 271139, 272398, 1139, 2398
0, 270, 2701139, 2702398, 1139, 2398
0, 2700, 27001139, 27002398, 1139, 2398
0, 2701, 27011139, 27012398, 1139, 2398
0, 2702, 27021139, 27023168, 1139, 3168
0, 2703, 27031139, 27032398, 1139, 2398
0, 2704, 27041139, 27042398, 1139, 2398
0, 2705, 27051139, 27052398, 1139, 2398
0, 2706, 27061139, 27062398, 1139, 2398
0, 2707, 27071139, 27072398, 1139, 2398
0, 2708, 27081139, 27082398, 1139, 2398
0, 2709, 27091139, 27093168, 1139, 3168
0, 271, 2711139, 2712398, 1139, 2398
0, 2710, 27101139, 27102398, 1139, 2398
0, 2711, 27111139, 27112398, 1139, 2398
0, 2712, 27121139, 27122398, 1139, 2398
0, 2713, 27131139, 27132398, 1139, 2398
0, 2714, 27141139, 27142398, 1139, 2398
0, 2715, 27151139, 27152398, 1139, 2398
0, 2716, 27161139, 27163753, 1139, 3753
0, 2717, 27171139, 27172398, 1139, 2398
0, 2718, 27181139, 27182398, 1139, 2398
0, 2719, 27191139, 27192398, 1139, 2398
0, 272, 2721139, 2722398, 1139, 2398
0, 2720, 27201139, 27204166, 1139, 4166
0, 2721, 27211139, 27212398, 1139, 2398
0, 2722, 27221139, 27222398, 1139, 2398
0, 2723, 27231139, 27233168, 1139, 3168
0, 2724, 27241139, 27242398, 1139, 2398
0, 2725, 27251139, 27252398, 1139, 2398
0, 2726, 27261139, 27262398, 1139, 2398
0, 2727, 27271139, 27272398, 1139, 2398
0, 2728, 27281139, 27282398, 1139, 2398
0, 2729, 27291139, 27292398, 1139, 2398
0, 273, 2731139, 2733168, 1139, 3168
0, 2730, 27301139, 27303753, 1139, 3753
0, 2731, 27311139, 27312398, 1139, 2398
0, 2732, 27321139, 27322398, 1139, 2398
0, 2733, 27331139, 27332398, 1139, 2398
0, 2734, 27341139, 27342398, 1139, 2398
0, 2735, 27351139, 27352398, 1139, 2398
0, 2736, 27361139, 27362689, 1139, 2689
0, 2737, 27371139, 27373168, 1139, 3168
0, 2738, 27381139, 27382398, 1139, 2398
0, 2739, 27391139, 27392398, 1139, 2398
0, 274, 2741139, 2742398, 1139, 2398
0, 2740, 27401139, 27402398, 1139, 2398
0, 2741, 27411139, 27412398, 1139, 2398
0, 2742, 27421139, 27422398, 1139, 2398
0, 2743, 27431139, 27432398, 1139, 2398
0, 2744, 27441139, 27445188, 1139, 5188
0, 2745, 27451139, 27452398, 1139, 2398
0, 2746, 27461139, 27462398, 1139, 2398
0, 2747, 27471139, 27472398, 1139, 2398
0, 2748, 27481139, 27482398, 1139, 2398
0, 2749, 27491139, 27492398, 1139, 2398
0, 275, 2751139, 2752398, 1139, 2398
0, 2750, 27501139, 27502398, 1139, 2398
0, 2751, 27511139, 27513168, 1139, 3168
0, 2752, 27521139, 27522398, 1139, 2398
0, 2753, 27531139, 27532398, 1139, 2398
0, 2754, 27541139, 27542398, 1139, 2398
0, 2755, 27551139, 27552398, 1139, 2398
0, 2756, 27561139, 27562398, 1139, 2398
0, 2757, 27571139, 27572398, 1139, 2398
0, 2758, 27581139, 27583168, 1139, 3168
0, 2759, 27591139, 27592398, 1139, 2398
0, 276, 2761139, 2762398, 1139, 2398
0, 2760, 27601139, 27602689, 1139, 2689
0, 2761, 27611139, 27612398, 1139, 2398
0, 2762, 27621139, 27622398, 1139, 2398
0, 2763, 27631139, 27632398, 1139, 2398
0, 2764, 27641139, 27642398, 1139, 2398
0, 2765, 27651139, 27654868, 1139, 4868
0, 2766, 27661139, 27662398, 1139, 2398
0, 2767, 27671139, 27672398, 1139, 2398
0, 2768, 27681139, 27682398, 1139, 2398
0, 2769, 27691139, 27692398, 1139, 2398
0, 277, 2771139, 2772398, 1139, 2398
0, 2770, 27701139, 27702398, 1139, 2398
0, 2771, 27711139, 27712398, 1139, 2398
0, 2772, 27721139, 27723753, 1139, 3753
0, 2773, 27731139, 27732398, 1139, 2398
0, 2774, 27741139, 27742398, 1139, 2398
0, 2775, 27751139, 27752398, 1139, 2398
0, 2776, 27761139, 27762398, 1139, 2398
0, 2777, 27771139, 27772398, 1139, 2398
0, 2778, 27781139, 27782398, 1139, 2398
0, 2779, 27791139, 27793168, 1139, 3168
0, 278, 2781139, 2782398, 1139, 2398
0, 2780, 27801139, 27802398, 1139, 2398
0, 2781, 27811139, 27812398, 1139, 2398
0, 2782, 27821139, 27822398, 1139, 2398
0, 2783, 27831139, 27832398, 1139, 2398
0, 2784, 27841139, 27842689, 1139, 2689
0, 2785, 27851139, 27852398, 1139, 2398
0, 2786, 27861139, 27863168, 1139, 3168
0, 2787, 27871139, 27872398, 1139, 2398
0, 2788, 27881139, 27882398, 1139, 2398
0, 2789, 27891139, 27892398, 1139, 2398
0, 279, 2791139, 2792398, 1139, 2398
0, 2790, 27901139, 27902398, 1139, 2398
0, 2791, 27911139, 27912398, 1139, 2398
0, 2792, 27921139, 27922398, 1139, 2398
0, 2793, 27931139, 27933753, 1139, 3753
0, 2794, 27941139, 27942398, 1139, 2398
0, 2795, 27951139, 27952398, 1139, 2398
0, 2796, 27961139, 27962398, 1139, 2398
0, 2797, 27971139, 27972398, 1139, 2398
0, 2798, 27981139, 27982398, 1139, 2398
0, 2799, 27991139, 27992398, 1139, 2398
0, 28, 281139, 283753, 1139, 3753
0, 280, 2801139, 2805188, 1139, 5188
0, 2800, 28001139, 28005188, 1139, 5188
0, 2801, 28011139, 28014099, 1139, 4099
0, 2802, 28021139, 28022398, 1139, 2398
0, 2803, 28031139, 28032398, 1139, 2398
0, 2804, 28041139, 28042398, 1139, 2398
0, 2805, 28051139, 28052398, 1139, 2398
0, 2806, 28061139, 28062398, 1139, 2398
0, 2807, 28071139, 28073168, 1139, 3168
0, 2808, 28081139, 28082398, 1139, 2398
0, 2809, 28091139, 28092398, 1139, 2398
0, 281, 2811139, 2814099, 1139, 4099
0, 2810, 28101139, 28102398, 1139, 2398
0, 2811, 28111139, 28112398, 1139, 2398
0, 2812, 28121139, 28122398, 1139, 2398
0, 2813, 28131139, 28132398, 1139, 2398
0, 2814, 28141139, 28143168, 1139, 3168
0, 2815, 28151139, 28152398, 1139, 2398
0, 2816, 28161139, 28162398, 1139, 2398
0, 2817, 28171139, 28172398, 1139, 2398
0, 2818, 28181139, 28182398, 1139, 2398
0, 2819, 28191139, 28192398, 1139, 2398
0, 282, 2821139, 2822398, 1139, 2398
0, 2820, 28201139, 28202398, 1139, 2398
0, 2821, 28211139, 28213168, 1139, 3168
0, 2822, 28221139, 28222398, 1139, 2398
0, 2823, 28231139, 28232398, 1139, 2398
0, 2824, 28241139, 28242398, 1139, 2398
0, 2825, 28251139, 28252398, 1139, 2398
0, 2826, 28261139, 28262398, 1139, 2398
0, 2827, 28271139, 28272398, 1139, 2398
0, 2828, 28281139, 28283753, 1139, 3753
0, 2829, 28291139, 28292398, 1139, 2398
0, 283, 2831139, 2832398, 1139, 2398
0, 2830, 28301139, 28302398, 1139, 2398
0, 2831, 28311139, 28312398, 1139, 2398
0, 2832, 28321139, 28322689, 1139, 2689
0, 2833, 28331139, 28332398, 1139, 2398
0, 2834, 28341139, 28342398, 1139, 2398
0, 2835, 28351139, 28353753, 1139, 3753
0, 2836, 28361139, 28362398, 1139, 2398
0, 2837, 28371139, 28372398, 1139, 2398
0, 2838, 28381139, 28382398, 1139, 2398
0, 2839, 28391139, 28392398, 1139, 2398
0, 284, 2841139, 2842398, 1139, 2398
0, 2840, 28401139, 28402398, 1139, 2398
0, 2841, 28411139, 28412398, 1139, 2398
0, 2842, 28421139, 28423168, 1139, 3168
0, 2843, 28431139, 28432398, 1139, 2398
0, 2844, 28441139, 28442398, 1139, 2398
0, 2845, 28451139, 28452398, 1139, 2398
0, 2846, 28461139, 28462398, 1139, 2398
0, 2847, 28471139, 28472398, 1139, 2398
0, 2848, 28481139, 28482398, 1139, 2398
0, 2849, 28491139, 28493168, 1139, 3168
0, 285, 2851139, 2852398, 1139, 2398
0, 2850, 28501139, 28502398, 1139, 2398
0, 2851, 28511139, 28512398, 1139, 2398
0, 2852, 28521139, 28522398, 1139, 2398
0, 2853, 28531139, 28532398, 1139, 2398
0, 2854, 28541139, 28542398, 1139, 2398
0, 2855, 28551139, 28552398, 1139, 2398
0, 2856, 28561139, 28565188, 1139, 5188
0, 2857, 28571139, 28572398, 1139, 2398
0, 2858, 28581139, 28582398, 1139, 2398
0, 2859, 28591139, 28592398, 1139, 2398
0, 286, 2861139, 2862398, 1139, 2398
0, 2860, 28601139, 28604166, 1139, 4166
0, 2861, 28611139, 28612398, 1139, 2398
0, 2862, 28621139, 28622398, 1139, 2398
0, 2863, 28631139, 28633168, 1139, 3168
0, 2864, 28641139, 28642398, 1139, 2398
0, 2865, 28651139, 28652398, 1139, 2398
0, 2866, 28661139, 28662398, 1139, 2398
0, 2867, 28671139, 28672398, 1139, 2398
0, 2868, 28681139, 28682398, 1139, 2398
0, 2869, 28691139, 28692398, 1139, 2398
0, 287, 2871139, 2873168, 1139, 3168
0, 2870, 28701139, 28703753, 1139, 3753
0, 2871, 28711139, 28712398, 1139, 2398
0, 2872, 28721139, 28722398, 1139, 2398
0, 2873, 28731139, 28732398, 1139, 2398
0, 2874, 28741139, 28742398, 1139, 2398
0, 2875, 28751139, 28752398, 1139, 2398
0, 2876, 28761139, 28762398, 1139, 2398
0, 2877, 28771139, 28773168, 1139, 3168
0, 2878, 28781139, 28782398, 1139, 2398
0, 2879, 28791139, 28792398, 1139, 2398
0, 288, 2881139, 2882398, 1139, 2398
0, 2880, 28801139, 28802689, 1139, 2689
0, 2881, 28811139, 28812398, 1139, 2398
0, 2882, 28821139, 28822398, 1139, 2398
0, 2883, 28831139, 28832398, 1139, 2398
0, 2884, 28841139, 28843753, 1139, 3753
0, 2885, 28851139, 28852398, 1139, 2398
0, 2886, 28861139, 28862398, 1139, 2398
0, 2887, 28871139, 28872398, 1139, 2398
0, 2888, 28881139, 28883653, 1139, 3653
0, 2889, 28891139, 28892398, 1139, 2398
0, 289, 2891139, 2892398, 1139, 2398
0, 2890, 28901139, 28902398, 1139, 2398
0, 2891, 28911139, 28913168, 1139, 3168
0, 2892, 28921139, 28922398, 1139, 2398
0, 2893, 28931139, 28932398, 1139, 2398
0, 2894, 28941139, 28942398, 1139, 2398
0, 2895, 28951139, 28952398, 1139, 2398
0, 2896, 28961139, 28962398, 1139, 2398
0, 2897, 28971139, 28972398, 1139, 2398
0, 2898, 28981139, 28983753, 1139, 3753
0, 2899, 28991139, 28992398, 1139, 2398
0, 29, 291139, 292398, 1139, 2398
0, 290, 2901139, 2902398, 1139, 2398
0, 2900, 29001139, 29002398, 1139, 2398
0, 2901, 29011139, 29012398, 1139, 2398
0, 2902, 29021139, 29022398, 1139, 2398
0, 2903, 29031139, 29032398, 1139, 2398
0, 2904, 29041139, 29042398, 1139, 2398
0, 2905, 29051139, 29053753, 1139, 3753
0, 2906, 29061139, 29062398, 1139, 2398
0, 2907, 29071139, 29072398, 1139, 2398
0, 2908, 29081139, 29082398, 1139, 2398
0, 2909, 29091139, 29092398, 1139, 2398
0, 291, 2911139, 2912398, 1139, 2398
0, 2910, 29101139, 29102398, 1139, 2398
0, 2911, 29111139, 29112398, 1139, 2398
0, 2912, 29121139, 29125188, 1139, 5188
0, 2913, 29131139, 29132398, 1139, 2398
0, 2914, 29141139, 29142398, 1139, 2398
0, 2915, 29151139, 29152398, 1139, 2398
0, 2916, 29161139, 29162398, 1139, 2398
0, 2917, 29171139, 29172398, 1139, 2398
0, 2918, 29181139, 29182398, 1139, 2398
0, 2919, 29191139, 29193168, 1139, 3168
0, 292, 2921139, 2922398, 1139, 2398
0, 2920, 29201139, 29202398, 1139, 2398
0, 2921, 29211139, 29212398, 1139, 2398
0, 2922, 29221139, 29222398, 1139, 2398
0, 2923, 29231139, 29232398, 1139, 2398
0, 2924, 29241139, 29242398, 1139, 2398
0, 2925, 29251139, 29252398, 1139, 2398
0, 2926, 29261139, 29263753, 1139, 3753
0, 2927, 29271139, 29272398, 1139, 2398
0, 2928, 29281139, 29282398, 1139, 2398
0, 2929, 29291139, 29292398, 1139, 2398
0, 293, 2931139, 2932398, 1139, 2398
0, 2930, 29301139, 29302398, 1139, 2398
0, 2931, 29311139, 29312398, 1139, 2398
0, 2932, 29321139, 29322398, 1139, 2398
0, 2933, 29331139, 29333168, 1139, 3168
0, 2934, 29341139, 29342398, 1139, 2398
0, 2935, 29351139, 29352398, 1139, 2398
0, 2936, 29361139, 29362398, 1139, 2398
0, 2937, 29371139, 29372398, 1139, 2398
0, 2938, 29381139, 29382398, 1139, 2398
0, 2939, 29391139, 29392398, 1139, 2398
0, 294, 2941139, 2943168, 1139, 3168
0, 2940, 29401139, 29404868, 1139, 4868
0, 2941, 29411139, 29412398, 1139, 2398
0, 2942, 29421139, 29422398, 1139, 2398
0, 2943, 29431139, 29432398, 1139, 2398
0, 2944, 29441139, 29442398, 1139, 2398
0, 2945, 29451139, 29452398, 1139, 2398
0, 2946, 29461139, 29462398, 1139, 2398
0, 2947, 29471139, 29473168, 1139, 3168
0, 2948, 29481139, 29482398, 1139, 2398
0, 2949, 29491139, 29492398, 1139, 2398
0, 295, 2951139, 2952398, 1139, 2398
0, 2950, 29501139, 29502398, 1139, 2398
0, 2951, 29511139, 29512398, 1139, 2398
0, 2952, 29521139, 29522398, 1139, 2398
0, 2953, 29531139, 29532398, 1139, 2398
0, 2954, 29541139, 29543168, 1139, 3168
0, 2955, 29551139, 29552398, 1139, 2398
0, 2956, 29561139, 29562398, 1139, 2398
0, 2957, 29571139, 29572398, 1139, 2398
0, 2958, 29581139, 29582398, 1139, 2398
0, 2959, 29591139, 29592398, 1139, 2398
0, 296, 2961139, 2962398, 1139, 2398
0, 2960, 29601139, 29602398, 1139, 2398
0, 2961, 29611139, 29613168, 1139, 3168
0, 2962, 29621139, 29622398, 1139, 2398
0, 2963, 29631139, 29632398, 1139, 2398
0, 2964, 29641139, 29642398, 1139, 2398
0, 2965, 29651139, 29652398, 1139, 2398
0, 2966, 29661139, 29662398, 1139, 2398
0, 2967, 29671139, 29672398, 1139, 2398
0, 2968, 29681139, 29685188, 1139, 5188
0, 2969, 29691139, 29692398, 1139, 2398
0, 297, 2971139, 2972398, 1139, 2398
0, 2970, 29701139, 29702398, 1139, 2398
0, 2971, 29711139, 29712398, 1139, 2398
0, 2972, 29721139, 29722398, 1139, 2398
0, 2973, 29731139, 29732398, 1139, 2398
0, 2974, 29741139, 29742398, 1139, 2398
0, 2975, 29751139, 29753753, 1139, 3753
0, 2976, 29761139, 29762398, 1139, 2398
0, 2977, 29771139, 29772398, 1139, 2398
0, 2978, 29781139, 29782398, 1139, 2398
0, 2979, 29791139, 29792398, 1139, 2398
0, 298, 2981139, 2982398, 1139, 2398
0, 2980, 29801139, 29802398, 1139, 2398
0, 2981, 29811139, 29812398, 1139, 2398
0, 2982, 29821139, 29823168, 1139, 3168
0, 2983, 29831139, 29832398, 1139, 2398
0, 2984, 29841139, 29842398, 1139, 2398
0, 2985, 29851139, 29852398, 1139, 2398
0, 2986, 29861139, 29862398, 1139, 2398
0, 2987, 29871139, 29872398, 1139, 2398
0, 2988, 29881139, 29882398, 1139, 2398
0, 2989, 29891139, 29893168, 1139, 3168
0, 299, 2991139, 2992398, 1139, 2398
0, 2990, 29901139, 29902398, 1139, 2398
0, 2991, 29911139, 29912398, 1139, 2398
0, 2992, 29921139, 29922398, 1139, 2398
0, 2993, 29931139, 29933360, 1139, 3360
0, 2994, 29941139, 29942398, 1139, 2398
0, 2995, 29951139, 29952398, 1139, 2398
0, 2996, 29961139, 29963753, 1139, 3753
0, 2997, 29971139, 29972398, 1139, 2398
0, 2998, 29981139, 29982398, 1139, 2398
0, 2999, 29991139, 29992398, 1139, 2398
0, 3, 31139, 32398, 1139, 2398
0, 30, 301139, 302398, 1139, 2398
0, 300, 3001139, 3002398, 1139, 2398
0, 3000, 30001139, 30004166, 1139, 4166
0, 3001, 30011139, 30012398, 1139, 2398
0, 3002, 30021139, 30022398, 1139, 2398
0, 3003, 30031139, 30033168, 1139, 3168
0, 3004, 30041139, 30042398, 1139, 2398
0, 3005, 30051139, 30052398, 1139, 2398
0, 3006, 30061139, 30062398, 1139, 2398
0, 3007, 30071139, 30072398, 1139, 2398
0, 3008, 30081139, 30082398, 1139, 2398
0, 3009, 30091139, 30092398, 1139, 2398
0, 301, 3011139, 3013168, 1139, 3168
0, 3010, 30101139, 30103753, 1139, 3753
0, 3011, 30111139, 30112398, 1139, 2398
0, 3012, 30121139, 30122398, 1139, 2398
0, 3013, 30131139, 30132398, 1139, 2398
0, 3014, 30141139, 30142398, 1139, 2398
0, 3015, 30151139, 30152398, 1139, 2398
0, 3016, 30161139, 30162398, 1139, 2398
0, 3017, 30171139, 30173168, 1139, 3168
0, 3018, 30181139, 30182398, 1139, 2398
0, 3019, 30191139, 30192398, 1139, 2398
0, 302, 3021139, 3022398, 1139, 2398
0, 3020, 30201139, 30202398, 1139, 2398
0, 3021, 30211139, 30212398, 1139, 2398
0, 3022, 30221139, 30222398, 1139, 2398
0, 3023, 30231139, 30232398, 1139, 2398
0, 3024, 30241139, 30245188, 1139, 5188
0, 3025, 30251139, 30252398, 1139, 2398
0, 3026, 30261139, 30262398, 1139, 2398
0, 3027, 30271139, 30272398, 1139, 2398
0, 3028, 30281139, 30282398, 1139, 2398
0, 3029, 30291139, 30292398, 1139, 2398
0, 303, 3031139, 3032398, 1139, 2398
0, 3030, 30301139, 30302398, 1139, 2398
0, 3031, 30311139, 30313753, 1139, 3753
0, 3032, 30321139, 30322398, 1139, 2398
0, 3033, 30331139, 30332398, 1139, 2398
0, 3034, 30341139, 30342398, 1139, 2398
0, 3035, 30351139, 30352398, 1139, 2398
0, 3036, 30361139, 30362398, 1139, 2398
0, 3037, 30371139, 30372398, 1139, 2398
0, 3038, 30381139, 30383168, 1139, 3168
0, 3039, 30391139, 30392398, 1139, 2398
0, 304, 3041139, 3042398, 1139, 2398
0, 3040, 30401139, 30404868, 1139, 4868
0, 3041, 30411139, 30412398, 1139, 2398
0, 3042, 30421139, 30422398, 1139, 2398
0, 3043, 30431139, 30432398, 1139, 2398
0, 3044, 30441139, 30442398, 1139, 2398
0, 3045, 30451139, 30453753, 1139, 3753
0, 3046, 30461139, 30462398, 1139, 2398
0, 3047, 30471139, 30472398, 1139, 2398
0, 3048, 30481139, 30482398, 1139, 2398
0, 3049, 30491139, 30492398, 1139, 2398
0, 305, 3051139, 3052398, 1139, 2398
0, 3050, 30501139, 30502398, 1139, 2398
0, 3051, 30511139, 30512398, 1139, 2398
0, 3052, 30521139, 30523753, 1139, 3753
0, 3053, 30531139, 30532398, 1139, 2398
0, 3054, 30541139, 30542398, 1139, 2398
0, 3055, 30551139, 30552398, 1139, 2398
0, 3056, 30561139, 30562398, 1139, 2398
0, 3057, 30571139, 30572398, 1139, 2398
0, 3058, 30581139, 30582398, 1139, 2398
0, 3059, 30591139, 30593753, 1139, 3753
0, 306, 3061139, 3062398, 1139, 2398
0, 3060, 30601139, 30602398, 1139, 2398
0, 3061, 30611139, 30612398, 1139, 2398
0, 3062, 30621139, 30622398, 1139, 2398
0, 3063, 30631139, 30632398, 1139, 2398
0, 3064, 30641139, 30642398, 1139, 2398
0, 3065, 30651139, 30652398, 1139, 2398
0, 3066, 30661139, 30663168, 1139, 3168
0, 3067, 30671139, 30672398, 1139, 2398
0, 3068, 30681139, 30682398, 1139, 2398
0, 3069, 30691139, 30692398, 1139, 2398
0, 307, 3071139, 3072398, 1139, 2398
0, 3070, 30701139, 30702398, 1139, 2398
0, 3071, 30711139, 30712398, 1139, 2398
0, 3072, 30721139, 30722398, 1139, 2398
0, 3073, 30731139, 30733168, 1139, 3168
0, 3074, 30741139, 30742398, 1139, 2398
0, 3075, 30751139, 30752398, 1139, 2398
0, 3076, 30761139, 30762398, 1139, 2398
0, 3077, 30771139, 30772398, 1139, 2398
0, 3078, 30781139, 30782398, 1139, 2398
0, 3079, 30791139, 30792398, 1139, 2398
0, 308, 3081139, 3083753, 1139, 3753
0, 3080, 30801139, 30805188, 1139, 5188
0, 3081, 30811139, 30812398, 1139, 2398
0, 3082, 30821139, 30822398, 1139, 2398
0, 3083, 30831139, 30832398, 1139, 2398
0, 3084, 30841139, 30842398, 1139, 2398
0, 3085, 30851139, 30852398, 1139, 2398
0, 3086, 30861139, 30862398, 1139, 2398
0, 3087, 30871139, 30873168, 1139, 3168
0, 3088, 30881139, 30882398, 1139, 2398
0, 3089, 30891139, 30892398, 1139, 2398
0, 309, 3091139, 3092398, 1139, 2398
0, 3090, 30901139, 30902398, 1139, 2398
0, 3091, 30911139, 30912398, 1139, 2398
0, 3092, 30921139, 30922398, 1139, 2398
0, 3093, 30931139, 30932398, 1139, 2398
0, 3094, 30941139, 30943168, 1139, 3168
0, 3095, 30951139, 30952398, 1139, 2398
0, 3096, 30961139, 30962398, 1139, 2398
0, 3097, 30971139, 30972398, 1139, 2398
0, 3098, 30981139, 30982398, 1139, 2398
0, 3099, 30991139, 30992398, 1139, 2398
0, 31, 311139, 312398, 1139, 2398
0, 310, 3101139, 3102398, 1139, 2398
0, 3100, 31001139, 31002398, 1139, 2398
0, 3101, 31011139, 31013168, 1139, 3168
0, 3102, 31021139, 31022398, 1139, 2398
0, 3103, 31031139, 31032398, 1139, 2398
0, 3104, 31041139, 31042398, 1139, 2398
0, 3105, 31051139, 31052398, 1139, 2398
0, 3106, 31061139, 31062398, 1139, 2398
0, 3107, 31071139, 31072398, 1139, 2398
0, 3108, 31081139, 31083753, 1139, 3753
0, 3109, 31091139, 31092398, 1139, 2398
0, 311, 3111139, 3112398, 1139, 2398
0, 3110, 31101139, 31102398, 1139, 2398
0, 3111, 31111139, 31112398, 1139, 2398
0, 3112, 31121139, 31122398, 1139, 2398
0, 3113, 31131139, 31132398, 1139, 2398
0, 3114, 31141139, 31142398, 1139, 2398
0, 3115, 31151139, 31153753, 1139, 3753
0, 3116, 31161139, 31162398, 1139, 2398
0, 3117, 31171139, 31172398, 1139, 2398
0, 3118, 31181139, 31182398, 1139, 2398
0, 3119, 31191139, 31192398, 1139, 2398
0, 312, 3121139, 3122689, 1139, 2689
0, 3120, 31201139, 31202689, 1139, 2689
0, 3121, 31211139, 31212398, 1139, 2398
0, 3122, 31221139, 31223168, 1139, 3168
0, 3123, 31231139, 31232398, 1139, 2398
0, 3124, 31241139, 31242398, 1139, 2398
0, 3125, 31251139, 31252398, 1139, 2398
0, 3126, 31261139, 31262398, 1139, 2398
0, 3127, 31271139, 31272398, 1139, 2398
0, 3128, 31281139, 31282398, 1139, 2398
0, 3129, 31291139, 31293168, 1139, 3168
0, 313, 3131139, 3132398, 1139, 2398
0, 3130, 31301139, 31302398, 1139, 2398
0, 3131, 31311139, 31312398, 1139, 2398
0, 3132, 31321139, 31322398, 1139, 2398
0, 3133, 31331139, 31332398, 1139, 2398
0, 3134, 31341139, 31342398, 1139, 2398
0, 3135, 31351139, 31352398, 1139, 2398
0, 3136, 31361139, 31365188, 1139, 5188
0, 3137, 31371139, 31372398, 1139, 2398
0, 3138, 31381139, 31382398, 1139, 2398
0, 3139, 31391139, 31392398, 1139, 2398
0, 314, 3141139, 3142398, 1139, 2398
0, 3140, 31401139, 31402398, 1139, 2398
0, 3141, 31411139, 31412398, 1139, 2398
0, 3142, 31421139, 31422398, 1139, 2398
0, 3143, 31431139, 31433168, 1139, 3168
0, 3144, 31441139, 31442398, 1139, 2398
0, 3145, 31451139, 31452398, 1139, 2398
0, 3146, 31461139, 31462398, 1139, 2398
0, 3147, 31471139, 31472398, 1139, 2398
0, 3148, 31481139, 31482398, 1139, 2398
0, 3149, 31491139, 31492398, 1139, 2398
0, 315, 3151139, 3153753, 1139, 3753
0, 3150, 31501139, 31503753, 1139, 3753
0, 3151, 31511139, 31512398, 1139, 2398
0, 3152, 31521139, 31522398, 1139, 2398
0, 3153, 31531139, 31532398, 1139, 2398
0, 3154, 31541139, 31542398, 1139, 2398
0, 3155, 31551139, 31552398, 1139, 2398
0, 3156, 31561139, 31562398, 1139, 2398
0, 3157, 31571139, 31573168, 1139, 3168
0, 3158, 31581139, 31582398, 1139, 2398
0, 3159, 31591139, 31592398, 1139, 2398
0, 316, 3161139, 3162398, 1139, 2398
0, 3160, 31601139, 31602398, 1139, 2398
0, 3161, 31611139, 31612398, 1139, 2398
0, 3162, 31621139, 31622398, 1139, 2398
0, 3163, 31631139, 31632398, 1139, 2398
0, 3164, 31641139, 31645165, 1139, 5165
0, 3165, 31651139, 31652398, 1139, 2398
0, 3166, 31661139, 31662398, 1139, 2398
0, 3167, 31671139, 31672398, 1139, 2398
0, 3168, 31681139, 31682689, 1139, 2689
0, 3169, 31691139, 31692398, 1139, 2398
0, 317, 3171139, 3172398, 1139, 2398
0, 3170, 31701139, 31702398, 1139, 2398
0, 3171, 31711139, 31713168, 1139, 3168
0, 3172, 31721139, 31722398, 1139, 2398
0, 3173, 31731139, 31732398, 1139, 2398
0, 3174, 31741139, 31742398, 1139, 2398
0, 3175, 31751139, 31752398, 1139, 2398
0, 3176, 31761139, 31762398, 1139, 2398
0, 3177, 31771139, 31772398, 1139, 2398
0, 3178, 31781139, 31783168, 1139, 3168
0, 3179, 31791139, 31792398, 1139, 2398
0, 318, 3181139, 3182398, 1139, 2398
0, 3180, 31801139, 31802398, 1139, 2398
0, 3181, 31811139, 31812398, 1139, 2398
0, 3182, 31821139, 31822398, 1139, 2398
0, 3183, 31831139, 31832398, 1139, 2398
0, 3184, 31841139, 31842398, 1139, 2398
0, 3185, 31851139, 31853753, 1139, 3753
0, 3186, 31861139, 31862398, 1139, 2398
0, 3187, 31871139, 31872398, 1139, 2398
0, 3188, 31881139, 31882398, 1139, 2398
0, 3189, 31891139, 31892398, 1139, 2398
0, 319, 3191139, 3192398, 1139, 2398
0, 3190, 31901139, 31902398, 1139, 2398
0, 3191, 31911139, 31912398, 1139, 2398
0, 3192, 31921139, 31925914, 1139, 5914
0, 3193, 31931139, 31935630, 1139, 5630
0, 3194, 31941139, 31942398, 1139, 2398
0, 3195, 31951139, 31952398, 1139, 2398
0, 3196, 31961139, 31962398, 1139, 2398
0, 3197, 31971139, 31972398, 1139, 2398
0, 3198, 31981139, 31982398, 1139, 2398
0, 3199, 31991139, 31993168, 1139, 3168
0, 32, 321139, 322398, 1139, 2398
0, 320, 3201139, 3202398, 1139, 2398
0, 3200, 32001139, 32002398, 1139, 2398
0, 3201, 32011139, 32012398, 1139, 2398
0, 3202, 32021139, 32022398, 1139, 2398
0, 3203, 32031139, 32032398, 1139, 2398
0, 3204, 32041139, 32042398, 1139, 2398
0, 3205, 32051139, 32052398, 1139, 2398
0, 3206, 32061139, 32063168, 1139, 3168
0, 3207, 32071139, 32072398, 1139, 2398
0, 3208, 32081139, 32082398, 1139, 2398
0, 3209, 32091139, 32092398, 1139, 2398
0, 321, 3211139, 3212398, 1139, 2398
0, 3210, 32101139, 32102398, 1139, 2398
0, 3211, 32111139, 32112398, 1139, 2398
0, 3212, 32121139, 32122398, 1139, 2398
0, 3213, 32131139, 32133168, 1139, 3168
0, 3214, 32141139, 32142398, 1139, 2398
0, 3215, 32151139, 32152398, 1139, 2398
0, 3216, 32161139, 32162398, 1139, 2398
0, 3217, 32171139, 32172398, 1139, 2398
0, 3218, 32181139, 32182398, 1139, 2398
0, 3219, 32191139, 32192398, 1139, 2398
0, 322, 3221139, 3223168, 1139, 3168
0, 3220, 32201139, 32204868, 1139, 4868
0, 3221, 32211139, 32212398, 1139, 2398
0, 3222, 32221139, 32222398, 1139, 2398
0, 3223, 32231139, 32232398, 1139, 2398
0, 3224, 32241139, 32242398, 1139, 2398
0, 3225, 32251139, 32252398, 1139, 2398
0, 3226, 32261139, 32262398, 1139, 2398
0, 3227, 32271139, 32273168, 1139, 3168
0, 3228, 32281139, 32282398, 1139, 2398
0, 3229, 32291139, 32292398, 1139, 2398
0, 323, 3231139, 3232398, 1139, 2398
0, 3230, 32301139, 32302398, 1139, 2398
0, 3231, 32311139, 32312398, 1139, 2398
0, 3232, 32321139, 32322398, 1139, 2398
0, 3233, 32331139, 32332398, 1139, 2398
0, 3234, 32341139, 32343168, 1139, 3168
0, 3235, 32351139, 32352398, 1139, 2398
0, 3236, 32361139, 32362398, 1139, 2398
0, 3237, 32371139, 32372398, 1139, 2398
0, 3238, 32381139, 32382398, 1139, 2398
0, 3239, 32391139, 32392398, 1139, 2398
0, 324, 3241139, 3242398, 1139, 2398
0, 3240, 32401139, 32404868, 1139, 4868
0, 3241, 32411139, 32413168, 1139, 3168
0, 3242, 32421139, 32422398, 1139, 2398
0, 3243, 32431139, 32432398, 1139, 2398
0, 3244, 32441139, 32442398, 1139, 2398
0, 3245, 32451139, 32452398, 1139, 2398
0, 3246, 32461139, 32462398, 1139, 2398
0, 3247, 32471139, 32472398, 1139, 2398
0, 3248, 32481139, 32485188, 1139, 5188
0, 3249, 32491139, 32492398, 1139, 2398
0, 325, 3251139, 3252398, 1139, 2398
0, 3250, 32501139, 32502398, 1139, 2398
0, 3251, 32511139, 32512398, 1139, 2398
0, 3252, 32521139, 32522398, 1139, 2398
0, 3253, 32531139, 32532398, 1139, 2398
0, 3254, 32541139, 32542398, 1139, 2398
0, 3255, 32551139, 32553753, 1139, 3753
0, 3256, 32561139, 32562398, 1139, 2398
0, 3257, 32571139, 32572398, 1139, 2398
0, 3258, 32581139, 32582398, 1139, 2398
0, 3259, 32591139, 32592398, 1139, 2398
0, 326, 3261139, 3262398, 1139, 2398
0, 3260, 32601139, 32602398, 1139, 2398
0, 3261, 32611139, 32612398, 1139, 2398
0, 3262, 32621139, 32623168, 1139, 3168
0, 3263, 32631139, 32632398, 1139, 2398
0, 3264, 32641139, 32642398, 1139, 2398
0, 3265, 32651139, 32652398, 1139, 2398
0, 3266, 32661139, 32662398, 1139, 2398
0, 3267, 32671139, 32672398, 1139, 2398
0, 3268, 32681139, 32682398, 1139, 2398
0, 3269, 32691139, 32693168, 1139, 3168
0, 327, 3271139, 3272398, 1139, 2398
0, 3270, 32701139, 32702398, 1139, 2398
0, 3271, 32711139, 32712398, 1139, 2398
0, 3272, 32721139, 32722398, 1139, 2398
0, 3273, 32731139, 32732398, 1139, 2398
0, 3274, 32741139, 32742398, 1139, 2398
0, 3275, 32751139, 32752398, 1139, 2398
0, 3276, 32761139, 32763753, 1139, 3753
0, 3277, 32771139, 32772398, 1139, 2398
0, 3278, 32781139, 32782398, 1139, 2398
0, 3279, 32791139, 32792398, 1139, 2398
0, 328, 3281139, 3282398, 1139, 2398
0, 3280, 32801139, 32804166, 1139, 4166
0, 3281, 32811139, 32812398, 1139, 2398
0, 3282, 32821139, 32822398, 1139, 2398
0, 3283, 32831139, 32833168, 1139, 3168
0, 3284, 32841139, 32842398, 1139, 2398
0, 3285, 32851139, 32852398, 1139, 2398
0, 3286, 32861139, 32862398, 1139, 2398
0, 3287, 32871139, 32872398, 1139, 2398
0, 3288, 32881139, 32882398, 1139, 2398
0, 3289, 32891139, 32892398, 1139, 2398
0, 329, 3291139, 3293168, 1139, 3168
0, 3290, 32901139, 32903753, 1139, 3753
0, 3291, 32911139, 32912398, 1139, 2398
0, 3292, 32921139, 32922398, 1139, 2398
0, 3293, 32931139, 32932398, 1139, 2398
0, 3294, 32941139, 32942398, 1139, 2398
0, 3295, 32951139, 32952398, 1139, 2398
0, 3296, 32961139, 32962398, 1139, 2398
0, 3297, 32971139, 32973753, 1139, 3753
0, 3298, 32981139, 32982398, 1139, 2398
0, 3299, 32991139, 32992398, 1139, 2398
0, 33, 331139, 332398, 1139, 2398
0, 330, 3301139, 3302398, 1139, 2398
0, 3300, 33001139, 33002398, 1139, 2398
0, 3301, 33011139, 33012398, 1139, 2398
0, 3302, 33021139, 33022398, 1139, 2398
0, 3303, 33031139, 33032398, 1139, 2398
0, 3304, 33041139, 33045188, 1139, 5188
0, 3305, 33051139, 33052398, 1139, 2398
0, 3306, 33061139, 33062398, 1139, 2398
0, 3307, 33071139, 33072398, 1139, 2398
0, 3308, 33081139, 33082398, 1139, 2398
0, 3309, 33091139, 33092398, 1139, 2398
0, 331, 3311139, 3312398, 1139, 2398
0, 3310, 33101139, 33102398, 1139, 2398
0, 3311, 33111139, 33113168, 1139, 3168
0, 3312, 33121139, 33122398, 1139, 2398
0, 3313, 33131139, 33132398, 1139, 2398
0, 3314, 33141139, 33142398, 1139, 2398
0, 3315, 33151139, 33152398, 1139, 2398
0, 3316, 33161139, 33162398, 1139, 2398
0, 3317, 33171139, 33172398, 1139, 2398
0, 3318, 33181139, 33183168, 1139, 3168
0, 3319, 33191139, 33192398, 1139, 2398
0, 332, 3321139, 3322398, 1139, 2398
0, 3320, 33201139, 33202398, 1139, 2398
0, 3321, 33211139, 33212398, 1139, 2398
0, 3322, 33221139, 33222398, 1139, 2398
0, 3323, 33231139, 33232398, 1139, 2398
0, 3324, 33241139, 33242398, 1139, 2398
0, 3325, 33251139, 33254868, 1139, 4868
0, 3326, 33261139, 33262398, 1139, 2398
0, 3327, 33271139, 33272398, 1139, 2398
0, 3328, 33281139, 33282398, 1139, 2398
0, 3329, 33291139, 33292398, 1139, 2398
0, 333, 3331139, 3333148, 1139, 3148
0, 3330, 33301139, 33302398, 1139, 2398
0, 3331, 33311139, 33312398, 1139, 2398
0, 3332, 33321139, 33323753, 1139, 3753
0, 3333, 33331139, 33332398, 1139, 2398
0, 3334, 33341139, 33342398, 1139, 2398
0, 3335, 33351139, 33352398, 1139, 2398
0, 3336, 33361139, 33362689, 1139, 2689
0, 3337, 33371139, 33372398, 1139, 2398
0, 3338, 33381139, 33382398, 1139, 2398
0, 3339, 33391139, 33393168, 1139, 3168
0, 334, 3341139, 3342398, 1139, 2398
0, 3340, 33401139, 33402398, 1139, 2398
0, 3341, 33411139, 33412398, 1139, 2398
0, 3342, 33421139, 33422398, 1139, 2398
0, 3343, 33431139, 33432398, 1139, 2398
0, 3344, 33441139, 33442398, 1139, 2398
0, 3345, 33451139, 33452398, 1139, 2398
0, 3346, 33461139, 33463168, 1139, 3168
0, 3347, 33471139, 33472398, 1139, 2398
0, 3348, 33481139, 33482398, 1139, 2398
0, 3349, 33491139, 33492398, 1139, 2398
0, 335, 3351139, 3352398, 1139, 2398
0, 3350, 33501139, 33502398, 1139, 2398
0, 3351, 33511139, 33512398, 1139, 2398
0, 3352, 33521139, 33522398, 1139, 2398
0, 3353, 33531139, 33533168, 1139, 3168
0, 3354, 33541139, 33542398, 1139, 2398
0, 3355, 33551139, 33552398, 1139, 2398
0, 3356, 33561139, 33562398, 1139, 2398
0, 3357, 33571139, 33572398, 1139, 2398
0, 3358, 33581139, 33582398, 1139, 2398
0, 3359, 33591139, 33592398, 1139, 2398
0, 336, 3361139, 3365188, 1139, 5188
0, 3360, 33601139, 33605188, 1139, 5188
0, 3361, 33611139, 33612398, 1139, 2398
0, 3362, 33621139, 33622398, 1139, 2398
0, 3363, 33631139, 33632398, 1139, 2398
0, 3364, 33641139, 33642398, 1139, 2398
0, 3365, 33651139, 33652398, 1139, 2398
0, 3366, 33661139, 33662398, 1139, 2398
0, 3367, 33671139, 33673168, 1139, 3168
0, 3368, 33681139, 33682398, 1139, 2398
0, 3369, 33691139, 33692398, 1139, 2398
0, 337, 3371139, 3372398, 1139, 2398
0, 3370, 33701139, 33702398, 1139, 2398
0, 3371, 33711139, 33712398, 1139, 2398
0, 3372, 33721139, 33722398, 1139, 2398
0, 3373, 33731139, 33732398, 1139, 2398
0, 3374, 33741139, 33743168, 1139, 3168
0, 3375, 33751139, 33752398, 1139, 2398
0, 3376, 33761139, 33762398, 1139, 2398
0, 3377, 33771139, 33772398, 1139, 2398
0, 3378, 33781139, 33782398, 1139, 2398
0, 3379, 33791139, 33792398, 1139, 2398
0, 338, 3381139, 3382398, 1139, 2398
0, 3380, 33801139, 33802398, 1139, 2398
0, 3381, 33811139, 33813168, 1139, 3168
0, 3382, 33821139, 33822398, 1139, 2398
0, 3383, 33831139, 33832398, 1139, 2398
0, 3384, 33841139, 33842398, 1139, 2398
0, 3385, 33851139, 33852398, 1139, 2398
0, 3386, 33861139, 33862398, 1139, 2398
0, 3387, 33871139, 33872398, 1139, 2398
0, 3388, 33881139, 33883753, 1139, 3753
0, 3389, 33891139, 33892398, 1139, 2398
0, 339, 3391139, 3392398, 1139, 2398
0, 3390, 33901139, 33902398, 1139, 2398
0, 3391, 33911139, 33912398, 1139, 2398
0, 3392, 33921139, 33924166, 1139, 4166
0, 3393, 33931139, 33932398, 1139, 2398
0, 3394, 33941139, 33942398, 1139, 2398
0, 3395, 33951139, 33953753, 1139, 3753
0, 3396, 33961139, 33962398, 1139, 2398
0, 3397, 33971139, 33972398, 1139, 2398
0, 3398, 33981139, 33982398, 1139, 2398
0, 3399, 33991139, 33992398, 1139, 2398
0, 34, 341139, 342398, 1139, 2398
0, 340, 3401139, 3402398, 1139, 2398
0, 3400, 34001139, 34002398, 1139, 2398
0, 3401, 34011139, 34012398, 1139, 2398
0, 3402, 34021139, 34023168, 1139, 3168
0, 3403, 34031139, 34032398, 1139, 2398
0, 3404, 34041139, 34042398, 1139, 2398
0, 3405, 34051139, 34052398, 1139, 2398
0, 3406, 34061139, 34062398, 1139, 2398
0, 3407, 34071139, 34072398, 1139, 2398
0, 3408, 34081139, 34082398, 1139, 2398
0, 3409, 34091139, 34093168, 1139, 3168
0, 341, 3411139, 3412398, 1139, 2398
0, 3410, 34101139, 34102398, 1139, 2398
0, 3411, 34111139, 34112398, 1139, 2398
0, 3412, 34121139, 34122398, 1139, 2398
0, 3413, 34131139, 34132398, 1139, 2398
0, 3414, 34141139, 34142398, 1139, 2398
0, 3415, 34151139, 34152398, 1139, 2398
0, 3416, 34161139, 34165188, 1139, 5188
0, 3417, 34171139, 34172398, 1139, 2398
0, 3418, 34181139, 34182398, 1139, 2398
0, 3419, 34191139, 34192398, 1139, 2398
0, 342, 3421139, 3422398, 1139, 2398
0, 3420, 34201139, 34204166, 1139, 4166
0, 3421, 34211139, 34212398, 1139, 2398
0, 3422, 34221139, 34222398, 1139, 2398
0, 3423, 34231139, 34233168, 1139, 3168
0, 3424, 34241139, 34242398, 1139, 2398
0, 3425, 34251139, 34252398, 1139, 2398
0, 3426, 34261139, 34262398, 1139, 2398
0, 3427, 34271139, 34272398, 1139, 2398
0, 3428, 34281139, 34282398, 1139, 2398
0, 3429, 34291139, 34292398, 1139, 2398
0, 343, 3431139, 3433168, 1139, 3168
0, 3430, 34301139, 34304868, 1139, 4868
0, 3431, 34311139, 34312398, 1139, 2398
0, 3432, 34321139, 34322398, 1139, 2398
0, 3433, 34331139, 34332398, 1139, 2398
0, 3434, 34341139, 34342398, 1139, 2398
0, 3435, 34351139, 34352398, 1139, 2398
0, 3436, 34361139, 34362398, 1139, 2398
0, 3437, 34371139, 34373168, 1139, 3168
0, 3438, 34381139, 34382398, 1139, 2398
0, 3439, 34391139, 34392398, 1139, 2398
0, 344, 3441139, 3442398, 1139, 2398
0, 3440, 34401139, 34402398, 1139, 2398
0, 3441, 34411139, 34412398, 1139, 2398
0, 3442, 34421139, 34422398, 1139, 2398
0, 3443, 34431139, 34432398, 1139, 2398
0, 3444, 34441139, 34443753, 1139, 3753
0, 3445, 34451139, 34452398, 1139, 2398
0, 3446, 34461139, 34462398, 1139, 2398
0, 3447, 34471139, 34472398, 1139, 2398
0, 3448, 34481139, 34482398, 1139, 2398
0, 3449, 34491139, 34492398, 1139, 2398
0, 345, 3451139, 3452398, 1139, 2398
0, 3450, 34501139, 34502398, 1139, 2398
0, 3451, 34511139, 34513168, 1139, 3168
0, 3452, 34521139, 34522398, 1139, 2398
0, 3453, 34531139, 34532398, 1139, 2398
0, 3454, 34541139, 34542398, 1139, 2398
0, 3455, 34551139, 34552398, 1139, 2398
0, 3456, 34561139, 34562398, 1139, 2398
0, 3457, 34571139, 34572398, 1139, 2398
0, 3458, 34581139, 34583753, 1139, 3753
0, 3459, 34591139, 34592398, 1139, 2398
0, 346, 3461139, 3462398, 1139, 2398
0, 3460, 34601139, 34602398, 1139, 2398
0, 3461, 34611139, 34612398, 1139, 2398
0, 3462, 34621139, 34622398, 1139, 2398
0, 3463, 34631139, 34632398, 1139, 2398
0, 3464, 34641139, 34642398, 1139, 2398
0, 3465, 34651139, 34653753, 1139, 3753
0, 3466, 34661139, 34662398, 1139, 2398
0, 3467, 34671139, 34672398, 1139, 2398
0, 3468, 34681139, 34682398, 1139, 2398
0, 3469, 34691139, 34692398, 1139, 2398
0, 347, 3471139, 3472398, 1139, 2398
0, 3470, 34701139, 34702398, 1139, 2398
0, 3471, 34711139, 34712398, 1139, 2398
0, 3472, 34721139, 34725188, 1139, 5188
0, 3473, 34731139, 34734250, 1139, 4250
0, 3474, 34741139, 34742398, 1139, 2398
0, 3475, 34751139, 34752398, 1139, 2398
0, 3476, 34761139, 34762398, 1139, 2398
0, 3477, 34771139, 34772398, 1139, 2398
0, 3478, 34781139, 34782398, 1139, 2398
0, 3479, 34791139, 34793168, 1139, 3168
0, 348, 3481139, 3482398, 1139, 2398
0, 3480, 34801139, 34802689, 1139, 2689
0, 3481, 34811139, 34812398, 1139, 2398
0, 3482, 34821139, 34822398, 1139, 2398
0, 3483, 34831139, 34832398, 1139, 2398
0, 3484, 34841139, 34842398, 1139, 2398
0, 3485, 34851139, 34852398, 1139, 2398
0, 3486, 34861139, 34863168, 1139, 3168
0, 3487, 34871139, 34872398, 1139, 2398
0, 3488, 34881139, 34882398, 1139, 2398
0, 3489, 34891139, 34892398, 1139, 2398
0, 349, 3491139, 3492398, 1139, 2398
0, 3490, 34901139, 34902398, 1139, 2398
0, 3491, 34911139, 34912398, 1139, 2398
0, 3492, 34921139, 34922398, 1139, 2398
0, 3493, 34931139, 34933168, 1139, 3168
0, 3494, 34941139, 34942398, 1139, 2398
0, 3495, 34951139, 34952398, 1139, 2398
0, 3496, 34961139, 34962398, 1139, 2398
0, 3497, 34971139, 34972398, 1139, 2398
0, 3498, 34981139, 34982398, 1139, 2398
0, 3499, 34991139, 34992398, 1139, 2398
0, 35, 351139, 353753, 1139, 3753
0, 350, 3501139, 3503753, 1139, 3753
0, 3500, 35001139, 35004868, 1139, 4868
0, 3501, 35011139, 35012398, 1139, 2398
0, 3502, 35021139, 35022398, 1139, 2398
0, 3503, 35031139, 35032398, 1139, 2398
0, 3504, 35041139, 35042689, 1139, 2689
0, 3505, 35051139, 35052398, 1139, 2398
0, 3506, 35061139, 35062398, 1139, 2398
0, 3507, 35071139, 35073168, 1139, 3168
0, 3508, 35081139, 35082398, 1139, 2398
0, 3509, 35091139, 35092398, 1139, 2398
0, 351, 3511139, 3512398, 1139, 2398
0, 3510, 35101139, 35102398, 1139, 2398
0, 3511, 35111139, 35112398, 1139, 2398
0, 3512, 35121139, 35122398, 1139, 2398
0, 3513, 35131139, 35132398, 1139, 2398
0, 3514, 35141139, 35143168, 1139, 3168
0, 3515, 35151139, 35152398, 1139, 2398
0, 3516, 35161139, 35162398, 1139, 2398
0, 3517, 35171139, 35172398, 1139, 2398
0, 3518, 35181139, 35182398, 1139, 2398
0, 3519, 35191139, 35192398, 1139, 2398
0, 352, 3521139, 3522398, 1139, 2398
0, 3520, 35201139, 35202398, 1139, 2398
0, 3521, 35211139, 35213168, 1139, 3168
0, 3522, 35221139, 35222398, 1139, 2398
0, 3523, 35231139, 35232398, 1139, 2398
0, 3524, 35241139, 35242398, 1139, 2398
0, 3525, 35251139, 35252689, 1139, 2689
0, 3526, 35261139, 35262398, 1139, 2398
0, 3527, 35271139, 35272398, 1139, 2398
0, 3528, 35281139, 35285188, 1139, 5188
0, 3529, 35291139, 35292398, 1139, 2398
0, 353, 3531139, 3532398, 1139, 2398
0, 3530, 35301139, 35302398, 1139, 2398
0, 3531, 35311139, 35312398, 1139, 2398
0, 3532, 35321139, 35322398, 1139, 2398
0, 3533, 35331139, 35332398, 1139, 2398
0, 3534, 35341139, 35342398, 1139, 2398
0, 3535, 35351139, 35353753, 1139, 3753
0, 3536, 35361139, 35362398, 1139, 2398
0, 3537, 35371139, 35372398, 1139, 2398
0, 3538, 35381139, 35382398, 1139, 2398
0, 3539, 35391139, 35392398, 1139, 2398
0, 354, 3541139, 3542398, 1139, 2398
0, 3540, 35401139, 35402398, 1139, 2398
0, 3541, 35411139, 35412398, 1139, 2398
0, 3542, 35421139, 35423168, 1139, 3168
0, 3543, 35431139, 35432398, 1139, 2398
0, 3544, 35441139, 35442398, 1139, 2398
0, 3545, 35451139, 35452398, 1139, 2398
0, 3546, 35461139, 35462398, 1139, 2398
0, 3547, 35471139, 35472398, 1139, 2398
0, 3548, 35481139, 35482398, 1139, 2398
0, 3549, 35491139, 35493168, 1139, 3168
0, 355, 3551139, 3552398, 1139, 2398
0, 3550, 35501139, 35502398, 1139, 2398
0, 3551, 35511139, 35512398, 1139, 2398
0, 3552, 35521139, 35522398, 1139, 2398
0, 3553, 35531139, 35532398, 1139, 2398
0, 3554, 35541139, 35542398, 1139, 2398
0, 3555, 35551139, 35552398, 1139, 2398
0, 3556, 35561139, 35563753, 1139, 3753
0, 3557, 35571139, 35572398, 1139, 2398
0, 3558, 35581139, 35582398, 1139, 2398
0, 3559, 35591139, 35592398, 1139, 2398
0, 356, 3561139, 3562398, 1139, 2398
0, 3560, 35601139, 35604166, 1139, 4166
0, 3561, 35611139, 35612398, 1139, 2398
0, 3562, 35621139, 35622398, 1139, 2398
0, 3563, 35631139, 35633753, 1139, 3753
0, 3564, 35641139, 35642398, 1139, 2398
0, 3565, 35651139, 35652398, 1139, 2398
0, 3566, 35661139, 35662398, 1139, 2398
0, 3567, 35671139, 35672398, 1139, 2398
0, 3568, 35681139, 35682398, 1139, 2398
0, 3569, 35691139, 35692398, 1139, 2398
0, 357, 3571139, 3573168, 1139, 3168
0, 3570, 35701139, 35703753, 1139, 3753
0, 3571, 35711139, 35712398, 1139, 2398
0, 3572, 35721139, 35722398, 1139, 2398
0, 3573, 35731139, 35732398, 1139, 2398
0, 3574, 35741139, 35742398, 1139, 2398
0, 3575, 35751139, 35752398, 1139, 2398
0, 3576, 35761139, 35762398, 1139, 2398
0, 3577, 35771139, 35773168, 1139, 3168
0, 3578, 35781139, 35782398, 1139, 2398
0, 3579, 35791139, 35792398, 1139, 2398
0, 358, 3581139, 3582398, 1139, 2398
0, 3580, 35801139, 35802398, 1139, 2398
0, 3581, 35811139, 35812398, 1139, 2398
0, 3582, 35821139, 35822398, 1139, 2398
0, 3583, 35831139, 35832398, 1139, 2398
0, 3584, 35841139, 35845188, 1139, 5188
0, 3585, 35851139, 35852398, 1139, 2398
0, 3586, 35861139, 35862398, 1139, 2398
0, 3587, 35871139, 35872398, 1139, 2398
0, 3588, 35881139, 35882398, 1139, 2398
0, 3589, 35891139, 35892398, 1139, 2398
0, 359, 3591139, 3592398, 1139, 2398
0, 3590, 35901139, 35902398, 1139, 2398
0, 3591, 35911139, 35913753, 1139, 3753
0, 3592, 35921139, 35922398, 1139, 2398
0, 3593, 35931139, 35932398, 1139, 2398
0, 3594, 35941139, 35942398, 1139, 2398
0, 3595, 35951139, 35952398, 1139, 2398
0, 3596, 35961139, 35962398, 1139, 2398
0, 3597, 35971139, 35972398, 1139, 2398
0, 3598, 35981139, 35983168, 1139, 3168
0, 3599, 35991139, 35992398, 1139, 2398
0, 36, 361139, 362398, 1139, 2398
0, 360, 3601139, 3602689, 1139, 2689
0, 3600, 36001139, 36002689, 1139, 2689
0, 3601, 36011139, 36012398, 1139, 2398
0, 3602, 36021139, 36022398, 1139, 2398
0, 3603, 36031139, 36032398, 1139, 2398
0, 3604, 36041139, 36042398, 1139, 2398
0, 3605, 36051139, 36053753, 1139, 3753
0, 3606, 36061139, 36062398, 1139, 2398
0, 3607, 36071139, 36072398, 1139, 2398
0, 3608, 36081139, 36082398, 1139, 2398
0, 3609, 36091139, 36092398, 1139, 2398
0, 361, 3611139, 3612398, 1139, 2398
0, 3610, 36101139, 36102398, 1139, 2398
0, 3611, 36111139, 36112398, 1139, 2398
0, 3612, 36121139, 36123753, 1139, 3753
0, 3613, 36131139, 36132398, 1139, 2398
0, 3614, 36141139, 36142398, 1139, 2398
0, 3615, 36151139, 36152398, 1139, 2398
0, 3616, 36161139, 36162398, 1139, 2398
0, 3617, 36171139, 36172398, 1139, 2398
0, 3618, 36181139, 36182398, 1139, 2398
0, 3619, 36191139, 36193168, 1139, 3168
0, 362, 3621139, 3622398, 1139, 2398
0, 3620, 36201139, 36202398, 1139, 2398
0, 3621, 36211139, 36212398, 1139, 2398
0, 3622, 36221139, 36222398, 1139, 2398
0, 3623, 36231139, 36232398, 1139, 2398
0, 3624, 36241139, 36242398, 1139, 2398
0, 3625, 36251139, 36252398, 1139, 2398
0, 3626, 36261139, 36263168, 1139, 3168
0, 3627, 36271139, 36272398, 1139, 2398
0, 3628, 36281139, 36282398, 1139, 2398
0, 3629, 36291139, 36292398, 1139, 2398
0, 363, 3631139, 3632398, 1139, 2398
0, 3630, 36301139, 36302398, 1139, 2398
0, 3631, 36311139, 36312398, 1139, 2398
0, 3632, 36321139, 36322398, 1139, 2398
0, 3633, 36331139, 36333168, 1139, 3168
0, 3634, 36341139, 36342398, 1139, 2398
0, 3635, 36351139, 36352398, 1139, 2398
0, 3636, 36361139, 36362398, 1139, 2398
0, 3637, 36371139, 36372398, 1139, 2398
0, 3638, 36381139, 36382398, 1139, 2398
0, 3639, 36391139, 36392398, 1139, 2398
0, 364, 3641139, 3643753, 1139, 3753
0, 3640, 36401139, 36405188, 1139, 5188
0, 3641, 36411139, 36414099, 1139, 4099
0, 3642, 36421139, 36422398, 1139, 2398
0, 3643, 36431139, 36432398, 1139, 2398
0, 3644, 36441139, 36442398, 1139, 2398
0, 3645, 36451139, 36452398, 1139, 2398
0, 3646, 36461139, 36462398, 1139, 2398
0, 3647, 36471139, 36473168, 1139, 3168
0, 3648, 36481139, 36482689, 1139, 2689
0, 3649, 36491139, 36492398, 1139, 2398
0, 365, 3651139, 3652398, 1139, 2398
0, 3650, 36501139, 36502398, 1139, 2398
0, 3651, 36511139, 36512398, 1139, 2398
0, 3652, 36521139, 36522398, 1139, 2398
0, 3653, 36531139, 36532398, 1139, 2398
0, 3654, 36541139, 36543168, 1139, 3168
0, 3655, 36551139, 36552398, 1139, 2398
0, 3656, 36561139, 36562398, 1139, 2398
0, 3657, 36571139, 36572398, 1139, 2398
0, 3658, 36581139, 36582534, 1139, 2534
0, 3659, 36591139, 36592398, 1139, 2398
0, 366, 3661139, 3662398, 1139, 2398
0, 3660, 36601139, 36602398, 1139, 2398
0, 3661, 36611139, 36613168, 1139, 3168
0, 3662, 36621139, 36622398, 1139, 2398
0, 3663, 36631139, 36632398, 1139, 2398
0, 3664, 36641139, 36642398, 1139, 2398
0, 3665, 36651139, 36652398, 1139, 2398
0, 3666, 36661139, 36662398, 1139, 2398
0, 3667, 36671139, 36672398, 1139, 2398
0, 3668, 36681139, 36683753, 1139, 3753
0, 3669, 36691139, 36692398, 1139, 2398
0, 367, 3671139, 3672398, 1139, 2398
0, 3670, 36701139, 36702398, 1139, 2398
0, 3671, 36711139, 36712398, 1139, 2398
0, 3672, 36721139, 36722689, 1139, 2689
0, 3673, 36731139, 36732398, 1139, 2398
0, 3674, 36741139, 36742398, 1139, 2398
0, 3675, 36751139, 36753753, 1139, 3753
0, 3676, 36761139, 36762398, 1139, 2398
0, 3677, 36771139, 36772398, 1139, 2398
0, 3678, 36781139, 36782398, 1139, 2398
0, 3679, 36791139, 36792398, 1139, 2398
0, 368, 3681139, 3682398, 1139, 2398
0, 3680, 36801139, 36802398, 1139, 2398
0, 3681, 36811139, 36812398, 1139, 2398
0, 3682, 36821139, 36823168, 1139, 3168
0, 3683, 36831139, 36832398, 1139, 2398
0, 3684, 36841139, 36842398, 1139, 2398
0, 3685, 36851139, 36852398, 1139, 2398
0, 3686, 36861139, 36862398, 1139, 2398
0, 3687, 36871139, 36872398, 1139, 2398
0, 3688, 36881139, 36882398, 1139, 2398
0, 3689, 36891139, 36893168, 1139, 3168
0, 369, 3691139, 3692398, 1139, 2398
0, 3690, 36901139, 36902398, 1139, 2398
0, 3691, 36911139, 36912398, 1139, 2398
0, 3692, 36921139, 36922398, 1139, 2398
0, 3693, 36931139, 36932398, 1139, 2398
0, 3694, 36941139, 36942398, 1139, 2398
0, 3695, 36951139, 36952398, 1139, 2398
0, 3696, 36961139, 36965188, 1139, 5188
0, 3697, 36971139, 36972398, 1139, 2398
0, 3698, 36981139, 36982398, 1139, 2398
0, 3699, 36991139, 36992398, 1139, 2398
0, 37, 371139, 372398, 1139, 2398
0, 370, 3701139, 3702398, 1139, 2398
0, 3700, 37001139, 37002398, 1139, 2398
0, 3701, 37011139, 37012398, 1139, 2398
0, 3702, 37021139, 37022398, 1139, 2398
0, 3703, 37031139, 37033168, 1139, 3168
0, 3704, 37041139, 37042398, 1139, 2398
0, 3705, 37051139, 37052398, 1139, 2398
0, 3706, 37061139, 37062398, 1139, 2398
0, 3707, 37071139, 37072398, 1139, 2398
0, 3708, 37081139, 37082398, 1139, 2398
0, 3709, 37091139, 37092398, 1139, 2398
0, 371, 3711139, 3713753, 1139, 3753
0, 3710, 37101139, 37103753, 1139, 3753
0, 3711, 37111139, 37112398, 1139, 2398
0, 3712, 37121139, 37122398, 1139, 2398
0, 3713, 37131139, 37132398, 1139, 2398
0, 3714, 37141139, 37142398, 1139, 2398
0, 3715, 37151139, 37152398, 1139, 2398
0, 3716, 37161139, 37162398, 1139, 2398
0, 3717, 37171139, 37173168, 1139, 3168
0, 3718, 37181139, 37182398, 1139, 2398
0, 3719, 37191139, 37192398, 1139, 2398
0, 372, 3721139, 3722398, 1139, 2398
0, 3720, 37201139, 37202689, 1139, 2689
0, 3721, 37211139, 37212398, 1139, 2398
0, 3722, 37221139, 37222398, 1139, 2398
0, 3723, 37231139, 37232398, 1139, 2398
0, 3724, 37241139, 37245914, 1139, 5914
0, 3725, 37251139, 37252398, 1139, 2398
0, 3726, 37261139, 37262398, 1139, 2398
0, 3727, 37271139, 37272398, 1139, 2398
0, 3728, 37281139, 37282398, 1139, 2398
0, 3729, 37291139, 37292398, 1139, 2398
0, 373, 3731139, 3732398, 1139, 2398
0, 3730, 37301139, 37302398, 1139, 2398
0, 3731, 37311139, 37313168, 1139, 3168
0, 3732, 37321139, 37322398, 1139, 2398
0, 3733, 37331139, 37332398, 1139, 2398
0, 3734, 37341139, 37342398, 1139, 2398
0, 3735, 37351139, 37352398, 1139, 2398
0, 3736, 37361139, 37362398, 1139, 2398
0, 3737, 37371139, 37372398, 1139, 2398
0, 3738, 37381139, 37383168, 1139, 3168
0, 3739, 37391139, 37392398, 1139, 2398
0, 374, 3741139, 3742398, 1139, 2398
0, 3740, 37401139, 37402398, 1139, 2398
0, 3741, 37411139, 37412398, 1139, 2398
0, 3742, 37421139, 37422398, 1139, 2398
0, 3743, 37431139, 37432398, 1139, 2398
0, 3744, 37441139, 37442398, 1139, 2398
0, 3745, 37451139, 37453753, 1139, 3753
0, 3746, 37461139, 37462398, 1139, 2398
0, 3747, 37471139, 37472398, 1139, 2398
0, 3748, 37481139, 37482398, 1139, 2398
0, 3749, 37491139, 37492398, 1139, 2398
0, 375, 3751139, 3752398, 1139, 2398
0, 3750, 37501139, 37502398, 1139, 2398
0, 3751, 37511139, 37512398, 1139, 2398
0, 3752, 37521139, 37525188, 1139, 5188
0, 3753, 37531139, 37534177, 1139, 4177
0, 3754, 37541139, 37542398, 1139, 2398
0, 3755, 37551139, 37552398, 1139, 2398
0, 3756, 37561139, 37562398, 1139, 2398
0, 3757, 37571139, 37572398, 1139, 2398
0, 3758, 37581139, 37582398, 1139, 2398
0, 3759, 37591139, 37593168, 1139, 3168
0, 376, 3761139, 3762398, 1139, 2398
0, 3760, 37601139, 37602398, 1139, 2398
0, 3761, 37611139, 37612398, 1139, 2398
0, 3762, 37621139, 37622398, 1139, 2398
0, 3763, 37631139, 37632398, 1139, 2398
0, 3764, 37641139, 37642398, 1139, 2398
0, 3765, 37651139, 37652398, 1139, 2398
0, 3766, 37661139, 37663168, 1139, 3168
0, 3767, 37671139, 37672398, 1139, 2398
0, 3768, 37681139, 37682398, 1139, 2398
0, 3769, 37691139, 37692398, 1139, 2398
0, 377, 3771139, 3772398, 1139, 2398
0, 3770, 37701139, 37702398, 1139, 2398
0, 3771, 37711139, 37712398, 1139, 2398
0, 3772, 37721139, 37722398, 1139, 2398
0, 3773, 37731139, 37733168, 1139, 3168
0, 3774, 37741139, 37742398, 1139, 2398
0, 3775, 37751139, 37752398, 1139, 2398
0, 3776, 37761139, 37762398, 1139, 2398
0, 3777, 37771139, 37772398, 1139, 2398
0, 3778, 37781139, 37782398, 1139, 2398
0, 3779, 37791139, 37792398, 1139, 2398
0, 378, 3781139, 3783168, 1139, 3168
0, 3780, 37801139, 37804868, 1139, 4868
0, 3781, 37811139, 37812398, 1139, 2398
0, 3782, 37821139, 37822398, 1139, 2398
0, 3783, 37831139, 37832398, 1139, 2398
0, 3784, 37841139, 37842398, 1139, 2398
0, 3785, 37851139, 37852398, 1139, 2398
0, 3786, 37861139, 37862398, 1139, 2398
0, 3787, 37871139, 37873168, 1139, 3168
0, 3788, 37881139, 37882398, 1139, 2398
0, 3789, 37891139, 37892398, 1139, 2398
0, 379, 3791139, 3792398, 1139, 2398
0, 3790, 37901139, 37902398, 1139, 2398
0, 3791, 37911139, 37912398, 1139, 2398
0, 3792, 37921139, 37922398, 1139, 2398
0, 3793, 37931139, 37932398, 1139, 2398
0, 3794, 37941139, 37943168, 1139, 3168
0, 3795, 37951139, 37952398, 1139, 2398
0, 3796, 37961139, 37962398, 1139, 2398
0, 3797, 37971139, 37972398, 1139, 2398
0, 3798, 37981139, 37982398, 1139, 2398
0, 3799, 37991139, 37992398, 1139, 2398
0, 38, 381139, 382398, 1139, 2398
0, 380, 3801139, 3802398, 1139, 2398
0, 3800, 38001139, 38004868, 1139, 4868
0, 3801, 38011139, 38013168, 1139, 3168
0, 3802, 38021139, 38022398, 1139, 2398
0, 3803, 38031139, 38032398, 1139, 2398
0, 3804, 38041139, 38042398, 1139, 2398
0, 3805, 38051139, 38052398, 1139, 2398
0, 3806, 38061139, 38062398, 1139, 2398
0, 3807, 38071139, 38072398, 1139, 2398
0, 3808, 38081139, 38085188, 1139, 5188
0, 3809, 38091139, 38092398, 1139, 2398
0, 381, 3811139, 3812398, 1139, 2398
0, 3810, 38101139, 38102398, 1139, 2398
0, 3811, 38111139, 38112398, 1139, 2398
0, 3812, 38121139, 38122398, 1139, 2398
0, 3813, 38131139, 38132398, 1139, 2398
0, 3814, 38141139, 38142398, 1139, 2398
0, 3815, 38151139, 38153753, 1139, 3753
0, 3816, 38161139, 38162398, 1139, 2398
0, 3817, 38171139, 38172398, 1139, 2398
0, 3818, 38181139, 38182398, 1139, 2398
0, 3819, 38191139, 38192398, 1139, 2398
0, 382, 3821139, 3822398, 1139, 2398
0, 3820, 38201139, 38202398, 1139, 2398
0, 3821, 38211139, 38212398, 1139, 2398
0, 3822, 38221139, 38223168, 1139, 3168
0, 3823, 38231139, 38232398, 1139, 2398
0, 3824, 38241139, 38242398, 1139, 2398
0, 3825, 38251139, 38252398, 1139, 2398
0, 3826, 38261139, 38262398, 1139, 2398
0, 3827, 38271139, 38272398, 1139, 2398
0, 3828, 38281139, 38282398, 1139, 2398
0, 3829, 38291139, 38293753, 1139, 3753
0, 383, 3831139, 3832398, 1139, 2398
0, 3830, 38301139, 38302398, 1139, 2398
0, 3831, 38311139, 38312398, 1139, 2398
0, 3832, 38321139, 38322398, 1139, 2398
0, 3833, 38331139, 38332398, 1139, 2398
0, 3834, 38341139, 38342398, 1139, 2398
0, 3835, 38351139, 38352398, 1139, 2398
0, 3836, 38361139, 38363753, 1139, 3753
0, 3837, 38371139, 38372398, 1139, 2398
0, 3838, 38381139, 38382398, 1139, 2398
0, 3839, 38391139, 38392398, 1139, 2398
0, 384, 3841139, 3842398, 1139, 2398
0, 3840, 38401139, 38404166, 1139, 4166
0, 3841, 38411139, 38412398, 1139, 2398
0, 3842, 38421139, 38422398, 1139, 2398
0, 3843, 38431139, 38433168, 1139, 3168
0, 3844, 38441139, 38442398, 1139, 2398
0, 3845, 38451139, 38452398, 1139, 2398
0, 3846, 38461139, 38462398, 1139, 2398
0, 3847, 38471139, 38472398, 1139, 2398
0, 3848, 38481139, 38482398, 1139, 2398
0, 3849, 38491139, 38492398, 1139, 2398
0, 385, 3851139, 3853753, 1139, 3753
0, 3850, 38501139, 38503753, 1139, 3753
0, 3851, 38511139, 38512398, 1139, 2398
0, 3852, 38521139, 38522398, 1139, 2398
0, 3853, 38531139, 38532398, 1139, 2398
0, 3854, 38541139, 38542398, 1139, 2398
0, 3855, 38551139, 38552398, 1139, 2398
0, 3856, 38561139, 38562398, 1139, 2398
0, 3857, 38571139, 38573753, 1139, 3753
0, 3858, 38581139, 38582398, 1139, 2398
0, 3859, 38591139, 38592398, 1139, 2398
0, 386, 3861139, 3862398, 1139, 2398
0, 3860, 38601139, 38602398, 1139, 2398
0, 3861, 38611139, 38612398, 1139, 2398
0, 3862, 38621139, 38622398, 1139, 2398
0, 3863, 38631139, 38632398, 1139, 2398
0, 3864, 38641139, 38645188, 1139, 5188
0, 3865, 38651139, 38652398, 1139, 2398
0, 3866, 38661139, 38662398, 1139, 2398
0, 3867, 38671139, 38672398, 1139, 2398
0, 3868, 38681139, 38682398, 1139, 2398
0, 3869, 38691139, 38692398, 1139, 2398
0, 387, 3871139, 3872398, 1139, 2398
0, 3870, 38701139, 38702398, 1139, 2398
0, 3871, 38711139, 38713168, 1139, 3168
0, 3872, 38721139, 38722398, 1139, 2398
0, 3873, 38731139, 38732398, 1139, 2398
0, 3874, 38741139, 38742398, 1139, 2398
0, 3875, 38751139, 38752398, 1139, 2398
0, 3876, 38761139, 38762398, 1139, 2398
0, 3877, 38771139, 38772398, 1139, 2398
0, 3878, 38781139, 38783168, 1139, 3168
0, 3879, 38791139, 38792398, 1139, 2398
0, 388, 3881139, 3882398, 1139, 2398
0, 3880, 38801139, 38802398, 1139, 2398
0, 3881, 38811139, 38812398, 1139, 2398
0, 3882, 38821139, 38822398, 1139, 2398
0, 3883, 38831139, 38832398, 1139, 2398
0, 3884, 38841139, 38842398, 1139, 2398
0, 3885, 38851139, 38853753, 1139, 3753
0, 3886, 38861139, 38862398, 1139, 2398
0, 3887, 38871139, 38872398, 1139, 2398
0, 3888, 38881139, 38882398, 1139, 2398
0, 3889, 38891139, 38892398, 1139, 2398
0, 389, 3891139, 3892398, 1139, 2398
0, 3890, 38901139, 38902398, 1139, 2398
0, 3891, 38911139, 38912398, 1139, 2398
0, 3892, 38921139, 38923753, 1139, 3753
0, 3893, 38931139, 38932398, 1139, 2398
0, 3894, 38941139, 38942398, 1139, 2398
0, 3895, 38951139, 38952398, 1139, 2398
0, 3896, 38961139, 38962398, 1139, 2398
0, 3897, 38971139, 38972398, 1139, 2398
0, 3898, 38981139, 38982398, 1139, 2398
0, 3899, 38991139, 38993168, 1139, 3168
0, 39, 391139, 392398, 1139, 2398
0, 390, 3901139, 3902398, 1139, 2398
0, 3900, 39001139, 39002398, 1139, 2398
0, 3901, 39011139, 39012398, 1139, 2398
0, 3902, 39021139, 39022398, 1139, 2398
0, 3903, 39031139, 39032398, 1139, 2398
0, 3904, 39041139, 39042398, 1139, 2398
0, 3905, 39051139, 39052398, 1139, 2398
0, 3906, 39061139, 39063168, 1139, 3168
0, 3907, 39071139, 39072398, 1139, 2398
0, 3908, 39081139, 39082398, 1139, 2398
0, 3909, 39091139, 39092398, 1139, 2398
0, 391, 3911139, 3912398, 1139, 2398
0, 3910, 39101139, 39102398, 1139, 2398
0, 3911, 39111139, 39112398, 1139, 2398
0, 3912, 39121139, 39122398, 1139, 2398
0, 3913, 39131139, 39133168, 1139, 3168
0, 3914, 39141139, 39142398, 1139, 2398
0, 3915, 39151139, 39152398, 1139, 2398
0, 3916, 39161139, 39162398, 1139, 2398
0, 3917, 39171139, 39172398, 1139, 2398
0, 3918, 39181139, 39182398, 1139, 2398
0, 3919, 39191139, 39192398, 1139, 2398
0, 392, 3921139, 3925188, 1139, 5188
0, 3920, 39201139, 39205188, 1139, 5188
0, 3921, 39211139, 39212398, 1139, 2398
0, 3922, 39221139, 39222398, 1139, 2398
0, 3923, 39231139, 39232398, 1139, 2398
0, 3924, 39241139, 39242689, 1139, 2689
0, 3925, 39251139, 39252398, 1139, 2398
0, 3926, 39261139, 39262398, 1139, 2398
0, 3927, 39271139, 39273168, 1139, 3168
0, 3928, 39281139, 39282398, 1139, 2398
0, 3929, 39291139, 39292398, 1139, 2398
0, 393, 3931139, 3932398, 1139, 2398
0, 3930, 39301139, 39302398, 1139, 2398
0, 3931, 39311139, 39312398, 1139, 2398
0, 3932, 39321139, 39322398, 1139, 2398
0, 3933, 39331139, 39332398, 1139, 2398
0, 3934, 39341139, 39343168, 1139, 3168
0, 3935, 39351139, 39352398, 1139, 2398
0, 3936, 39361139, 39362398, 1139, 2398
0, 3937, 39371139, 39372398, 1139, 2398
0, 3938, 39381139, 39382398, 1139, 2398
0, 3939, 39391139, 39392398, 1139, 2398
0, 394, 3941139, 3942398, 1139, 2398
0, 3940, 39401139, 39402398, 1139, 2398
0, 3941, 39411139, 39413168, 1139, 3168
0, 3942, 39421139, 39422398, 1139, 2398
0, 3943, 39431139, 39432398, 1139, 2398
0, 3944, 39441139, 39442398, 1139, 2398
0, 3945, 39451139, 39452398, 1139, 2398
0, 3946, 39461139, 39462398, 1139, 2398
0, 3947, 39471139, 39472398, 1139, 2398
0, 3948, 39481139, 39483753, 1139, 3753
0, 3949, 39491139, 39492398, 1139, 2398
0, 395, 3951139, 3952398, 1139, 2398
0, 3950, 39501139, 39502398, 1139, 2398
0, 3951, 39511139, 39512398, 1139, 2398
0, 3952, 39521139, 39524166, 1139, 4166
0, 3953, 39531139, 39532398, 1139, 2398
0, 3954, 39541139, 39542398, 1139, 2398
0, 3955, 39551139, 39553753, 1139, 3753
0, 3956, 39561139, 39562398, 1139, 2398
0, 3957, 39571139, 39572398, 1139, 2398
0, 3958, 39581139, 39582398, 1139, 2398
0, 3959, 39591139, 39592398, 1139, 2398
0, 396, 3961139, 3962398, 1139, 2398
0, 3960, 39601139, 39602689, 1139, 2689
0, 3961, 39611139, 39612398, 1139, 2398
0, 3962, 39621139, 39623753, 1139, 3753
0, 3963, 39631139, 39632398, 1139, 2398
0, 3964, 39641139, 39642398, 1139, 2398
0, 3965, 39651139, 39652398, 1139, 2398
0, 3966, 39661139, 39662398, 1139, 2398
0, 3967, 39671139, 39672398, 1139, 2398
0, 3968, 39681139, 39682398, 1139, 2398
0, 3969, 39691139, 39693168, 1139, 3168
0, 397, 3971139, 3972398, 1139, 2398
0, 3970, 39701139, 39702398, 1139, 2398
0, 3971, 39711139, 39712398, 1139, 2398
0, 3972, 39721139, 39722398, 1139, 2398
0, 3973, 39731139, 39732398, 1139, 2398
0, 3974, 39741139, 39742398, 1139, 2398
0, 3975, 39751139, 39752398, 1139, 2398
0, 3976, 39761139, 39765188, 1139, 5188
0, 3977, 39771139, 39772398, 1139, 2398
0, 3978, 39781139, 39782398, 1139, 2398
0, 3979, 39791139, 39792398, 1139, 2398
0, 398, 3981139, 3982398, 1139, 2398
0, 3980, 39801139, 39802398, 1139, 2398
0, 3981, 39811139, 39812398, 1139, 2398
0, 3982, 39821139, 39822398, 1139, 2398
0, 3983, 39831139, 39833168, 1139, 3168
0, 3984, 39841139, 39842398, 1139, 2398
0, 3985, 39851139, 39852398, 1139, 2398
0, 3986, 39861139, 39862398, 1139, 2398
0, 3987, 39871139, 39872398, 1139, 2398
0, 3988, 39881139, 39882398, 1139, 2398
0, 3989, 39891139, 39892398, 1139, 2398
0, 399, 3991139, 3993753, 1139, 3753
0, 3990, 39901139, 39904868, 1139, 4868
0, 3991, 39911139, 39912398, 1139, 2398
0, 3992, 39921139, 39922398, 1139, 2398
0, 3993, 39931139, 39932398, 1139, 2398
0, 3994, 39941139, 39942398, 1139, 2398
0, 3995, 39951139, 39952398, 1139, 2398
0, 3996, 39961139, 39962398, 1139, 2398
0, 3997, 39971139, 39973168, 1139, 3168
0, 3998, 39981139, 39982398, 1139, 2398
0, 3999, 39991139, 39992398, 1139, 2398
0, 4, 41139, 42398, 1139, 2398
0, 40, 401139, 402398, 1139, 2398
0, 400, 4001139, 4002398, 1139, 2398
0, 4000, 40001139, 40004868, 1139, 4868
0, 4001, 40011139, 40012398, 1139, 2398
0, 4002, 40021139, 40022398, 1139, 2398
0, 4003, 40031139, 40032398, 1139, 2398
0, 4004, 40041139, 40043753, 1139, 3753
0, 4005, 40051139, 40052398, 1139, 2398
0, 4006, 40061139, 40062398, 1139, 2398
0, 4007, 40071139, 40072398, 1139, 2398
0, 4008, 40081139, 40082689, 1139, 2689
0, 4009, 40091139, 40092398, 1139, 2398
0, 401, 4011139, 4012398, 1139, 2398
0, 4010, 40101139, 40102398, 1139, 2398
0, 4011, 40111139, 40113168, 1139, 3168
0, 4012, 40121139, 40122398, 1139, 2398
0, 4013, 40131139, 40132398, 1139, 2398
0, 4014, 40141139, 40142398, 1139, 2398
0, 4015, 40151139, 40152398, 1139, 2398
0, 4016, 40161139, 40162398, 1139, 2398
0, 4017, 40171139, 40172398, 1139, 2398
0, 4018, 40181139, 40183168, 1139, 3168
0, 4019, 40191139, 40192398, 1139, 2398
0, 402, 4021139, 4022398, 1139, 2398
0, 4020, 40201139, 40202398, 1139, 2398
0, 4021, 40211139, 40212398, 1139, 2398
0, 4022, 40221139, 40222398, 1139, 2398
0, 4023, 40231139, 40232398, 1139, 2398
0, 4024, 40241139, 40242398, 1139, 2398
0, 4025, 40251139, 40253753, 1139, 3753
0, 4026, 40261139, 40262398, 1139, 2398
0, 4027, 40271139, 40272398, 1139, 2398
0, 4028, 40281139, 40282398, 1139, 2398
0, 4029, 40291139, 40292398, 1139, 2398
0, 403, 4031139, 4032398, 1139, 2398
0, 4030, 40301139, 40302398, 1139, 2398
0, 4031, 40311139, 40312398, 1139, 2398
0, 4032, 40321139, 40325188, 1139, 5188
0, 4033, 40331139, 40334250, 1139, 4250
0, 4034, 40341139, 40342398, 1139, 2398
0, 4035, 40351139, 40352398, 1139, 2398
0, 4036, 40361139, 40362398, 1139, 2398
0, 4037, 40371139, 40372398, 1139, 2398
0, 4038, 40381139, 40382398, 1139, 2398
0, 4039, 40391139, 40393168, 1139, 3168
0, 404, 4041139, 4042398, 1139, 2398
0, 4040, 40401139, 40402398, 1139, 2398
0, 4041, 40411139, 40412398, 1139, 2398
0, 4042, 40421139, 40422398, 1139, 2398
0, 4043, 40431139, 40432398, 1139, 2398
0, 4044, 40441139, 40442398, 1139, 2398
0, 4045, 40451139, 40452398, 1139, 2398
0, 4046, 40461139, 40463168, 1139, 3168
0, 4047, 40471139, 40472398, 1139, 2398
0, 4048, 40481139, 40482398, 1139, 2398
0, 4049, 40491139, 40492398, 1139, 2398
0, 405, 4051139, 4052398, 1139, 2398
0, 4050, 40501139, 40502398, 1139, 2398
0, 4051, 40511139, 40512398, 1139, 2398
0, 4052, 40521139, 40522398, 1139, 2398
0, 4053, 40531139, 40533168, 1139, 3168
0, 4054, 40541139, 40542398, 1139, 2398
0, 4055, 40551139, 40552398, 1139, 2398
0, 4056, 40561139, 40562398, 1139, 2398
0, 4057, 40571139, 40572398, 1139, 2398
0, 4058, 40581139, 40582398, 1139, 2398
0, 4059, 40591139, 40592398, 1139, 2398
0, 406, 4061139, 4063168, 1139, 3168
0, 4060, 40601139, 40604868, 1139, 4868
0, 4061, 40611139, 40612398, 1139, 2398
0, 4062, 40621139, 40622398, 1139, 2398
0, 4063, 40631139, 40632398, 1139, 2398
0, 4064, 40641139, 40642398, 1139, 2398
0, 4065, 40651139, 40652398, 1139, 2398
0, 4066, 40661139, 40662398, 1139, 2398
0, 4067, 40671139, 40673168, 1139, 3168
0, 4068, 40681139, 40682398, 1139, 2398
0, 4069, 40691139, 40692398, 1139, 2398
0, 407, 4071139, 4072398, 1139, 2398
0, 4070, 40701139, 40702398, 1139, 2398
0, 4071, 40711139, 40712398, 1139, 2398
0, 4072, 40721139, 40722398, 1139, 2398
0, 4073, 40731139, 40732398, 1139, 2398
0, 4074, 40741139, 40743168, 1139, 3168
0, 4075, 40751139, 40752398, 1139, 2398
0, 4076, 40761139, 40762398, 1139, 2398
0, 4077, 40771139, 40772398, 1139, 2398
0, 4078, 40781139, 40782398, 1139, 2398
0, 4079, 40791139, 40792398, 1139, 2398
0, 408, 4081139, 4082398, 1139, 2398
0, 4080, 40801139, 40802689, 1139, 2689
0, 4081, 40811139, 40813168, 1139, 3168
0, 4082, 40821139, 40822398, 1139, 2398
0, 4083, 40831139, 40832398, 1139, 2398
0, 4084, 40841139, 40842398, 1139, 2398
0, 4085, 40851139, 40852398, 1139, 2398
0, 4086, 40861139, 40862398, 1139, 2398
0, 4087, 40871139, 40872398, 1139, 2398
0, 4088, 40881139, 40885188, 1139, 5188
0, 4089, 40891139, 40892398, 1139, 2398
0, 409, 4091139, 4092398, 1139, 2398
0, 4090, 40901139, 40902398, 1139, 2398
0, 4091, 40911139, 40912398, 1139, 2398
0, 4092, 40921139, 40922398, 1139, 2398
0, 4093, 40931139, 40932398, 1139, 2398
0, 4094, 40941139, 40942398, 1139, 2398
0, 4095, 40951139, 40954868, 1139, 4868
0, 4096, 40961139, 40962398, 1139, 2398
0, 4097, 40971139, 40972398, 1139, 2398
0, 4098, 40981139, 40982398, 1139, 2398
0, 4099, 40991139, 40992398, 1139, 2398
0, 41, 411139, 412398, 1139, 2398
0, 410, 4101139, 4102398, 1139, 2398
0, 4100, 41001139, 41002398, 1139, 2398
0, 4101, 41011139, 41012398, 1139, 2398
0, 4102, 41021139, 41023168, 1139, 3168
0, 4103, 41031139, 41032398, 1139, 2398
0, 4104, 41041139, 41042689, 1139, 2689
0, 4105, 41051139, 41052398, 1139, 2398
0, 4106, 41061139, 41062398, 1139, 2398
0, 4107, 41071139, 41072398, 1139, 2398
0, 4108, 41081139, 41082398, 1139, 2398
0, 4109, 41091139, 41093168, 1139, 3168
0, 411, 4111139, 4112398, 1139, 2398
0, 4110, 41101139, 41102398, 1139, 2398
0, 4111, 41111139, 41112398, 1139, 2398
0, 4112, 41121139, 41122398, 1139, 2398
0, 4113, 41131139, 41132398, 1139, 2398
0, 4114, 41141139, 41142398, 1139, 2398
0, 4115, 41151139, 41152398, 1139, 2398
0, 4116, 41161139, 41163753, 1139, 3753
0, 4117, 41171139, 41172398, 1139, 2398
0, 4118, 41181139, 41182398, 1139, 2398
0, 4119, 41191139, 41192398, 1139, 2398
0, 412, 4121139, 4122398, 1139, 2398
0, 4120, 41201139, 41204166, 1139, 4166
0, 4121, 41211139, 41212398, 1139, 2398
0, 4122, 41221139, 41222398, 1139, 2398
0, 4123, 41231139, 41233753, 1139, 3753
0, 4124, 41241139, 41242398, 1139, 2398
0, 4125, 41251139, 41252398, 1139, 2398
0, 4126, 41261139, 41262398, 1139, 2398
0, 4127, 41271139, 41272398, 1139, 2398
0, 4128, 41281139, 41282398, 1139, 2398
0, 4129, 41291139, 41292398, 1139, 2398
0, 413, 4131139, 4133168, 1139, 3168
0, 4130, 41301139, 41303753, 1139, 3753
0, 4131, 41311139, 41312398, 1139, 2398
0, 4132, 41321139, 41322398, 1139, 2398
0, 4133, 41331139, 41332398, 1139, 2398
0, 4134, 41341139, 41342398, 1139, 2398
0, 4135, 41351139, 41352398, 1139, 2398
0, 4136, 41361139, 41362398, 1139, 2398
0, 4137, 41371139, 41373168, 1139, 3168
0, 4138, 41381139, 41382398, 1139, 2398
0, 4139, 41391139, 41392398, 1139, 2398
0, 414, 4141139, 4142398, 1139, 2398
0, 4140, 41401139, 41402398, 1139, 2398
0, 4141, 41411139, 41412398, 1139, 2398
0, 4142, 41421139, 41422398, 1139, 2398
0, 4143, 41431139, 41432398, 1139, 2398
0, 4144, 41441139, 41445188, 1139, 5188
0, 4145, 41451139, 41452398, 1139, 2398
0, 4146, 41461139, 41462398, 1139, 2398
0, 4147, 41471139, 41472398, 1139, 2398
0, 4148, 41481139, 41482398, 1139, 2398
0, 4149, 41491139, 41492398, 1139, 2398
0, 415, 4151139, 4152398, 1139, 2398
0, 4150, 41501139, 41502398, 1139, 2398
0, 4151, 41511139, 41513168, 1139, 3168
0, 4152, 41521139, 41522689, 1139, 2689
0, 4153, 41531139, 41532398, 1139, 2398
0, 4154, 41541139, 41542398, 1139, 2398
0, 4155, 41551139, 41552398, 1139, 2398
0, 4156, 41561139, 41562398, 1139, 2398
0, 4157, 41571139, 41572398, 1139, 2398
0, 4158, 41581139, 41583168, 1139, 3168
0, 4159, 41591139, 41592398, 1139, 2398
0, 416, 4161139, 4162398, 1139, 2398
0, 4160, 41601139, 41602398, 1139, 2398
0, 4161, 41611139, 41612398, 1139, 2398
0, 4162, 41621139, 41622398, 1139, 2398
0, 4163, 41631139, 41632398, 1139, 2398
0, 4164, 41641139, 41642398, 1139, 2398
0, 4165, 41651139, 41653753, 1139, 3753
0, 4166, 41661139, 41662398, 1139, 2398
0, 4167, 41671139, 41672398, 1139, 2398
0, 4168, 41681139, 41682398, 1139, 2398
0, 4169, 41691139, 41692398, 1139, 2398
0, 417, 4171139, 4172398, 1139, 2398
0, 4170, 41701139, 41702398, 1139, 2398
0, 4171, 41711139, 41712398, 1139, 2398
0, 4172, 41721139, 41723753, 1139, 3753
0, 4173, 41731139, 41732398, 1139, 2398
0, 4174, 41741139, 41742398, 1139, 2398
0, 4175, 41751139, 41752398, 1139, 2398
0, 4176, 41761139, 41762689, 1139, 2689
0, 4177, 41771139, 41772398, 1139, 2398
0, 4178, 41781139, 41782398, 1139, 2398
0, 4179, 41791139, 41793168, 1139, 3168
0, 418, 4181139, 4182398, 1139, 2398
0, 4180, 41801139, 41802398, 1139, 2398
0, 4181, 41811139, 41812398, 1139, 2398
0, 4182, 41821139, 41822398, 1139, 2398
0, 4183, 41831139, 41832398, 1139, 2398
0, 4184, 41841139, 41842398, 1139, 2398
0, 4185, 41851139, 41852398, 1139, 2398
0, 4186, 41861139, 41863168, 1139, 3168
0, 4187, 41871139, 41872398, 1139, 2398
0, 4188, 41881139, 41882398, 1139, 2398
0, 4189, 41891139, 41892398, 1139, 2398
0, 419, 4191139, 4192398, 1139, 2398
0, 4190, 41901139, 41902398, 1139, 2398
0, 4191, 41911139, 41912398, 1139, 2398
0, 4192, 41921139, 41922398, 1139, 2398
0, 4193, 41931139, 41933168, 1139, 3168
0, 4194, 41941139, 41942398, 1139, 2398
0, 4195, 41951139, 41952398, 1139, 2398
0, 4196, 41961139, 41962398, 1139, 2398
0, 4197, 41971139, 41972398, 1139, 2398
0, 4198, 41981139, 41982398, 1139, 2398
0, 4199, 41991139, 41992398, 1139, 2398
0, 42, 421139, 423168, 1139, 3168
0, 420, 4201139, 4204868, 1139, 4868
0, 4200, 42001139, 42005188, 1139, 5188
0, 4201, 42011139, 42012398, 1139, 2398
0, 4202, 42021139, 42022398, 1139, 2398
0, 4203, 42031139, 42032398, 1139, 2398
0, 4204, 42041139, 42042398, 1139, 2398
0, 4205, 42051139, 42052398, 1139, 2398
0, 4206, 42061139, 42062398, 1139, 2398
0, 4207, 42071139, 42073168, 1139, 3168
0, 4208, 42081139, 42082398, 1139, 2398
0, 4209, 42091139, 42092398, 1139, 2398
0, 421, 4211139, 4212398, 1139, 2398
0, 4210, 42101139, 42102398, 1139, 2398
0, 4211, 42111139, 42112398, 1139, 2398
0, 4212, 42121139, 42122398, 1139, 2398
0, 4213, 42131139, 42132398, 1139, 2398
0, 4214, 42141139, 42143168, 1139, 3168
0, 4215, 42151139, 42152398, 1139, 2398
0, 4216, 42161139, 42162398, 1139, 2398
0, 4217, 42171139, 42172398, 1139, 2398
0, 4218, 42181139, 42182398, 1139, 2398
0, 4219, 42191139, 42192398, 1139, 2398
0, 422, 4221139, 4222398, 1139, 2398
0, 4220, 42201139, 42202398, 1139, 2398
0, 4221, 42211139, 42213168, 1139, 3168
0, 4222, 42221139, 42222398, 1139, 2398
0, 4223, 42231139, 42232398, 1139, 2398
0, 4224, 42241139, 42242398, 1139, 2398
0, 4225, 42251139, 42252398, 1139, 2398
0, 4226, 42261139, 42262398, 1139, 2398
0, 4227, 42271139, 42272398, 1139, 2398
0, 4228, 42281139, 42285165, 1139, 5165
0, 4229, 42291139, 42292398, 1139, 2398
0, 423, 4231139, 4232398, 1139, 2398
0, 4230, 42301139, 42302398, 1139, 2398
0, 4231, 42311139, 42312398, 1139, 2398
0, 4232, 42321139, 42322398, 1139, 2398
0, 4233, 42331139, 42332398, 1139, 2398
0, 4234, 42341139, 42342398, 1139, 2398
0, 4235, 42351139, 42353753, 1139, 3753
0, 4236, 42361139, 42362398, 1139, 2398
0, 4237, 42371139, 42372398, 1139, 2398
0, 4238, 42381139, 42382398, 1139, 2398
0, 4239, 42391139, 42392398, 1139, 2398
0, 424, 4241139, 4242398, 1139, 2398
0, 4240, 42401139, 42402398, 1139, 2398
0, 4241, 42411139, 42412398, 1139, 2398
0, 4242, 42421139, 42423168, 1139, 3168
0, 4243, 42431139, 42432398, 1139, 2398
0, 4244, 42441139, 42442398, 1139, 2398
0, 4245, 42451139, 42452398, 1139, 2398
0, 4246, 42461139, 42462398, 1139, 2398
0, 4247, 42471139, 42472398, 1139, 2398
0, 4248, 42481139, 42482398, 1139, 2398
0, 4249, 42491139, 42493168, 1139, 3168
0, 425, 4251139, 4252398, 1139, 2398
0, 4250, 42501139, 42502398, 1139, 2398
0, 4251, 42511139, 42512398, 1139, 2398
0, 4252, 42521139, 42522398, 1139, 2398
0, 4253, 42531139, 42532398, 1139, 2398
0, 4254, 42541139, 42542398, 1139, 2398
0, 4255, 42551139, 42552398, 1139, 2398
0, 4256, 42561139, 42565914, 1139, 5914
0, 4257, 42571139, 42574465, 1139, 4465
0, 4258, 42581139, 42582398, 1139, 2398
0, 4259, 42591139, 42592398, 1139, 2398
0, 426, 4261139, 4262398, 1139, 2398
0, 4260, 42601139, 42602689, 1139, 2689
0, 4261, 42611139, 42612398, 1139, 2398
0, 4262, 42621139, 42622398, 1139, 2398
0, 4263, 42631139, 42633168, 1139, 3168
0, 4264, 42641139, 42642398, 1139, 2398
0, 4265, 42651139, 42652398, 1139, 2398
0, 4266, 42661139, 42662398, 1139, 2398
0, 4267, 42671139, 42672398, 1139, 2398
0, 4268, 42681139, 42682398, 1139, 2398
0, 4269, 42691139, 42692398, 1139, 2398
0, 427, 4271139, 4273168, 1139, 3168
0, 4270, 42701139, 42703753, 1139, 3753
0, 4271, 42711139, 42712398, 1139, 2398
0, 4272, 42721139, 42722398, 1139, 2398
0, 4273, 42731139, 42732398, 1139, 2398
0, 4274, 42741139, 42742398, 1139, 2398
0, 4275, 42751139, 42752398, 1139, 2398
0, 4276, 42761139, 42762398, 1139, 2398
0, 4277, 42771139, 42773168, 1139, 3168
0, 4278, 42781139, 42782398, 1139, 2398
0, 4279, 42791139, 42792398, 1139, 2398
0, 428, 4281139, 4282398, 1139, 2398
0, 4280, 42801139, 42802398, 1139, 2398
0, 4281, 42811139, 42812398, 1139, 2398
0, 4282, 42821139, 42822398, 1139, 2398
0, 4283, 42831139, 42832398, 1139, 2398
0, 4284, 42841139, 42843753, 1139, 3753
0, 4285, 42851139, 42852398, 1139, 2398
0, 4286, 42861139, 42862398, 1139, 2398
0, 4287, 42871139, 42872398, 1139, 2398
0, 4288, 42881139, 42882398, 1139, 2398
0, 4289, 42891139, 42892398, 1139, 2398
0, 429, 4291139, 4292398, 1139, 2398
0, 4290, 42901139, 42902398, 1139, 2398
0, 4291, 42911139, 42913168, 1139, 3168
0, 4292, 42921139, 42922398, 1139, 2398
0, 4293, 42931139, 42932398, 1139, 2398
0, 4294, 42941139, 42942398, 1139, 2398
0, 4295, 42951139, 42952398, 1139, 2398
0, 4296, 42961139, 42962398, 1139, 2398
0, 4297, 42971139, 42972398, 1139, 2398
0, 4298, 42981139, 42983168, 1139, 3168
0, 4299, 42991139, 42992398, 1139, 2398
0, 43, 431139, 432398, 1139, 2398
0, 430, 4301139, 4302398, 1139, 2398
0, 4300, 43001139, 43002398, 1139, 2398
0, 4301, 43011139, 43012398, 1139, 2398
0, 4302, 43021139, 43022398, 1139, 2398
0, 4303, 43031139, 43032398, 1139, 2398
0, 4304, 43041139, 43042398, 1139, 2398
0, 4305, 43051139, 43053753, 1139, 3753
0, 4306, 43061139, 43062398, 1139, 2398
0, 4307, 43071139, 43072398, 1139, 2398
0, 4308, 43081139, 43082398, 1139, 2398
0, 4309, 43091139, 43092398, 1139, 2398
0, 431, 4311139, 4312398, 1139, 2398
0, 4310, 43101139, 43102398, 1139, 2398
0, 4311, 43111139, 43112398, 1139, 2398
0, 4312, 43121139, 43125188, 1139, 5188
0, 4313, 43131139, 43134868, 1139, 4868
0, 4314, 43141139, 43142398, 1139, 2398
0, 4315, 43151139, 43152398, 1139, 2398
0, 4316, 43161139, 43162398, 1139, 2398
0, 4317, 43171139, 43172398, 1139, 2398
0, 4318, 43181139, 43182398, 1139, 2398
0, 4319, 43191139, 43193168, 1139, 3168
0, 432, 4321139, 4322398, 1139, 2398
0, 4320, 43201139, 43202689, 1139, 2689
0, 4321, 43211139, 43212398, 1139, 2398
0, 4322, 43221139, 43222398, 1139, 2398
0, 4323, 43231139, 43232689, 1139, 2689
0, 4324, 43241139, 43242398, 1139, 2398
0, 4325, 43251139, 43252398, 1139, 2398
0, 4326, 43261139, 43263168, 1139, 3168
0, 4327, 43271139, 43272398, 1139, 2398
0, 4328, 43281139, 43282398, 1139, 2398
0, 4329, 43291139, 43292398, 1139, 2398
0, 433, 4331139, 4332398, 1139, 2398
0, 4330, 43301139, 43302398, 1139, 2398
0, 4331, 43311139, 43312398, 1139, 2398
0, 4332, 43321139, 43322398, 1139, 2398
0, 4333, 43331139, 43333168, 1139, 3168
0, 4334, 43341139, 43342398, 1139, 2398
0, 4335, 43351139, 43352398, 1139, 2398
0, 4336, 43361139, 43362398, 1139, 2398
0, 4337, 43371139, 43372398, 1139, 2398
0, 4338, 43381139, 43382398, 1139, 2398
0, 4339, 43391139, 43392398, 1139, 2398
0, 434, 4341139, 4343168, 1139, 3168
0, 4340, 43401139, 43404868, 1139, 4868
0, 4341, 43411139, 43412398, 1139, 2398
0, 4342, 43421139, 43422398, 1139, 2398
0, 4343, 43431139, 43432398, 1139, 2398
0, 4344, 43441139, 43442689, 1139, 2689
0, 4345, 43451139, 43452398, 1139, 2398
0, 4346, 43461139, 43462398, 1139, 2398
0, 4347, 43471139, 43473168, 1139, 3168
0, 4348, 43481139, 43482398, 1139, 2398
0, 4349, 43491139, 43492398, 1139, 2398
0, 435, 4351139, 4352398, 1139, 2398
0, 4350, 43501139, 43502398, 1139, 2398
0, 4351, 43511139, 43512398, 1139, 2398
0, 4352, 43521139, 43522398, 1139, 2398
0, 4353, 43531139, 43532398, 1139, 2398
0, 4354, 43541139, 43543168, 1139, 3168
0, 4355, 43551139, 43552398, 1139, 2398
0, 4356, 43561139, 43562398, 1139, 2398
0, 4357, 43571139, 43572398, 1139, 2398
0, 4358, 43581139, 43582398, 1139, 2398
0, 4359, 43591139, 43592398, 1139, 2398
0, 436, 4361139, 4362398, 1139, 2398
0, 4360, 43601139, 43602398, 1139, 2398
0, 4361, 43611139, 43613753, 1139, 3753
0, 4362, 43621139, 43622398, 1139, 2398
0, 4363, 43631139, 43632398, 1139, 2398
0, 4364, 43641139, 43642398, 1139, 2398
0, 4365, 43651139, 43652398, 1139, 2398
0, 4366, 43661139, 43662398, 1139, 2398
0, 4367, 43671139, 43672398, 1139, 2398
0, 4368, 43681139, 43685188, 1139, 5188
0, 4369, 43691139, 43692398, 1139, 2398
0, 437, 4371139, 4372398, 1139, 2398
0, 4370, 43701139, 43702398, 1139, 2398
0, 4371, 43711139, 43712398, 1139, 2398
0, 4372, 43721139, 43722398, 1139, 2398
0, 4373, 43731139, 43732398, 1139, 2398
0, 4374, 43741139, 43742398, 1139, 2398
0, 4375, 43751139, 43753753, 1139, 3753
0, 4376, 43761139, 43762398, 1139, 2398
0, 4377, 43771139, 43772398, 1139, 2398
0, 4378, 43781139, 43782398, 1139, 2398
0, 4379, 43791139, 43792398, 1139, 2398
0, 438, 4381139, 4382398, 1139, 2398
0, 4380, 43801139, 43802689, 1139, 2689
0, 4381, 43811139, 43812398, 1139, 2398
0, 4382, 43821139, 43823168, 1139, 3168
0, 4383, 43831139, 43832398, 1139, 2398
0, 4384, 43841139, 43842398, 1139, 2398
0, 4385, 43851139, 43852398, 1139, 2398
0, 4386, 43861139, 43862398, 1139, 2398
0, 4387, 43871139, 43872398, 1139, 2398
0, 4388, 43881139, 43882398, 1139, 2398
0, 4389, 43891139, 43893753, 1139, 3753
0, 439, 4391139, 4392398, 1139, 2398
0, 4390, 43901139, 43902398, 1139, 2398
0, 4391, 43911139, 43912398, 1139, 2398
0, 4392, 43921139, 43922398, 1139, 2398
0, 4393, 43931139, 43932398, 1139, 2398
0, 4394, 43941139, 43942398, 1139, 2398
0, 4395, 43951139, 43952398, 1139, 2398
0, 4396, 43961139, 43963753, 1139, 3753
0, 4397, 43971139, 43972398, 1139, 2398
0, 4398, 43981139, 43982398, 1139, 2398
0, 4399, 43991139, 43992398, 1139, 2398
0, 44, 441139, 442398, 1139, 2398
0, 440, 4401139, 4402398, 1139, 2398
0, 4400, 44001139, 44004166, 1139, 4166
0, 4401, 44011139, 44012398, 1139, 2398
0, 4402, 44021139, 44022398, 1139, 2398
0, 4403, 44031139, 44033168, 1139, 3168
0, 4404, 44041139, 44042398, 1139, 2398
0, 4405, 44051139, 44052398, 1139, 2398
0, 4406, 44061139, 44062398, 1139, 2398
0, 4407, 44071139, 44072398, 1139, 2398
0, 4408, 44081139, 44082398, 1139, 2398
0, 4409, 44091139, 44092398, 1139, 2398
0, 441, 4411139, 4413168, 1139, 3168
0, 4410, 44101139, 44103753, 1139, 3753
0, 4411, 44111139, 44112398, 1139, 2398
0, 4412, 44121139, 44122398, 1139, 2398
0, 4413, 44131139, 44132398, 1139, 2398
0, 4414, 44141139, 44142398, 1139, 2398
0, 4415, 44151139, 44152398, 1139, 2398
0, 4416, 44161139, 44162398, 1139, 2398
0, 4417, 44171139, 44173168, 1139, 3168
0, 4418, 44181139, 44182398, 1139, 2398
0, 4419, 44191139, 44192398, 1139, 2398
0, 442, 4421139, 4422398, 1139, 2398
0, 4420, 44201139, 44202398, 1139, 2398
0, 4421, 44211139, 44212398, 1139, 2398
0, 4422, 44221139, 44222398, 1139, 2398
0, 4423, 44231139, 44232398, 1139, 2398
0, 4424, 44241139, 44245188, 1139, 5188
0, 4425, 44251139, 44252398, 1139, 2398
0, 4426, 44261139, 44262398, 1139, 2398
0, 4427, 44271139, 44272398, 1139, 2398
0, 4428, 44281139, 44282398, 1139, 2398
0, 4429, 44291139, 44292398, 1139, 2398
0, 443, 4431139, 4432398, 1139, 2398
0, 4430, 44301139, 44302398, 1139, 2398
0, 4431, 44311139, 44313168, 1139, 3168
0, 4432, 44321139, 44322398, 1139, 2398
0, 4433, 44331139, 44332398, 1139, 2398
0, 4434, 44341139, 44342398, 1139, 2398
0, 4435, 44351139, 44352398, 1139, 2398
0, 4436, 44361139, 44362398, 1139, 2398
0, 4437, 44371139, 44372398, 1139, 2398
0, 4438, 44381139, 44383168, 1139, 3168
0, 4439, 44391139, 44392398, 1139, 2398
0, 444, 4441139, 4442398, 1139, 2398
0, 4440, 44401139, 44402689, 1139, 2689
0, 4441, 44411139, 44412398, 1139, 2398
0, 4442, 44421139, 44422398, 1139, 2398
0, 4443, 44431139, 44432398, 1139, 2398
0, 4444, 44441139, 44442398, 1139, 2398
0, 4445, 44451139, 44453753, 1139, 3753
0, 4446, 44461139, 44462398, 1139, 2398
0, 4447, 44471139, 44472398, 1139, 2398
0, 4448, 44481139, 44482398, 1139, 2398
0, 4449, 44491139, 44492398, 1139, 2398
0, 445, 4451139, 4452398, 1139, 2398
0, 4450, 44501139, 44502398, 1139, 2398
0, 4451, 44511139, 44512398, 1139, 2398
0, 4452, 44521139, 44523753, 1139, 3753
0, 4453, 44531139, 44532398, 1139, 2398
0, 4454, 44541139, 44542398, 1139, 2398
0, 4455, 44551139, 44552398, 1139, 2398
0, 4456, 44561139, 44564166, 1139, 4166
0, 4457, 44571139, 44572398, 1139, 2398
0, 4458, 44581139, 44582398, 1139, 2398
0, 4459, 44591139, 44593168, 1139, 3168
0, 446, 4461139, 4462398, 1139, 2398
0, 4460, 44601139, 44602398, 1139, 2398
0, 4461, 44611139, 44612398, 1139, 2398
0, 4462, 44621139, 44622398, 1139, 2398
0, 4463, 44631139, 44632398, 1139, 2398
0, 4464, 44641139, 44642398, 1139, 2398
0, 4465, 44651139, 44652398, 1139, 2398
0, 4466, 44661139, 44663168, 1139, 3168
0, 4467, 44671139, 44672398, 1139, 2398
0, 4468, 44681139, 44682398, 1139, 2398
0, 4469, 44691139, 44692398, 1139, 2398
0, 447, 4471139, 4472398, 1139, 2398
0, 4470, 44701139, 44702398, 1139, 2398
0, 4471, 44711139, 44712398, 1139, 2398
0, 4472, 44721139, 44722398, 1139, 2398
0, 4473, 44731139, 44733168, 1139, 3168
0, 4474, 44741139, 44742398, 1139, 2398
0, 4475, 44751139, 44752398, 1139, 2398
0, 4476, 44761139, 44762398, 1139, 2398
0, 4477, 44771139, 44772398, 1139, 2398
0, 4478, 44781139, 44782398, 1139, 2398
0, 4479, 44791139, 44792398, 1139, 2398
0, 448, 4481139, 4485188, 1139, 5188
0, 4480, 44801139, 44805188, 1139, 5188
0, 4481, 44811139, 44814099, 1139, 4099
0, 4482, 44821139, 44822398, 1139, 2398
0, 4483, 44831139, 44832398, 1139, 2398
0, 4484, 44841139, 44842398, 1139, 2398
0, 4485, 44851139, 44852398, 1139, 2398
0, 4486, 44861139, 44862398, 1139, 2398
0, 4487, 44871139, 44873168, 1139, 3168
0, 4488, 44881139, 44882398, 1139, 2398
0, 4489, 44891139, 44892398, 1139, 2398
0, 449, 4491139, 4492398, 1139, 2398
0, 4490, 44901139, 44902398, 1139, 2398
0, 4491, 44911139, 44912398, 1139, 2398
0, 4492, 44921139, 44922398, 1139, 2398
0, 4493, 44931139, 44932398, 1139, 2398
0, 4494, 44941139, 44943753, 1139, 3753
0, 4495, 44951139, 44952398, 1139, 2398
0, 4496, 44961139, 44962398, 1139, 2398
0, 4497, 44971139, 44972398, 1139, 2398
0, 4498, 44981139, 44982398, 1139, 2398
0, 4499, 44991139, 44992398, 1139, 2398
0, 45, 451139, 452398, 1139, 2398
0, 450, 4501139, 4502398, 1139, 2398
0, 4500, 45001139, 45002398, 1139, 2398
0, 4501, 45011139, 45013168, 1139, 3168
0, 4502, 45021139, 45022398, 1139, 2398
0, 4503, 45031139, 45032398, 1139, 2398
0, 4504, 45041139, 45042398, 1139, 2398
0, 4505, 45051139, 45052398, 1139, 2398
0, 4506, 45061139, 45062398, 1139, 2398
0, 4507, 45071139, 45072398, 1139, 2398
0, 4508, 45081139, 45083753, 1139, 3753
0, 4509, 45091139, 45092398, 1139, 2398
0, 451, 4511139, 4512398, 1139, 2398
0, 4510, 45101139, 45102398, 1139, 2398
0, 4511, 45111139, 45112398, 1139, 2398
0, 4512, 45121139, 45122689, 1139, 2689
0, 4513, 45131139, 45132398, 1139, 2398
0, 4514, 45141139, 45142398, 1139, 2398
0, 4515, 45151139, 45153753, 1139, 3753
0, 4516, 45161139, 45162398, 1139, 2398
0, 4517, 45171139, 45172398, 1139, 2398
0, 4518, 45181139, 45182398, 1139, 2398
0, 4519, 45191139, 45192398, 1139, 2398
0, 452, 4521139, 4522398, 1139, 2398
0, 4520, 45201139, 45202398, 1139, 2398
0, 4521, 45211139, 45212398, 1139, 2398
0, 4522, 45221139, 45223753, 1139, 3753
0, 4523, 45231139, 45232398, 1139, 2398
0, 4524, 45241139, 45242398, 1139, 2398
0, 4525, 45251139, 45252398, 1139, 2398
0, 4526, 45261139, 45262398, 1139, 2398
0, 4527, 45271139, 45272398, 1139, 2398
0, 4528, 45281139, 45282398, 1139, 2398
0, 4529, 45291139, 45293168, 1139, 3168
0, 453, 4531139, 4532398, 1139, 2398
0, 4530, 45301139, 45302398, 1139, 2398
0, 4531, 45311139, 45312398, 1139, 2398
0, 4532, 45321139, 45322398, 1139, 2398
0, 4533, 45331139, 45332398, 1139, 2398
0, 4534, 45341139, 45342398, 1139, 2398
0, 4535, 45351139, 45352398, 1139, 2398
0, 4536, 45361139, 45365188, 1139, 5188
0, 4537, 45371139, 45372398, 1139, 2398
0, 4538, 45381139, 45382398, 1139, 2398
0, 4539, 45391139, 45392398, 1139, 2398
0, 454, 4541139, 4542398, 1139, 2398
0, 4540, 45401139, 45402398, 1139, 2398
0, 4541, 45411139, 45412398, 1139, 2398
0, 4542, 45421139, 45422398, 1139, 2398
0, 4543, 45431139, 45433168, 1139, 3168
0, 4544, 45441139, 45442398, 1139, 2398
0, 4545, 45451139, 45452398, 1139, 2398
0, 4546, 45461139, 45462398, 1139, 2398
0, 4547, 45471139, 45472398, 1139, 2398
0, 4548, 45481139, 45482398, 1139, 2398
0, 4549, 45491139, 45492398, 1139, 2398
0, 455, 4551139, 4553753, 1139, 3753
0, 4550, 45501139, 45503753, 1139, 3753
0, 4551, 45511139, 45512398, 1139, 2398
0, 4552, 45521139, 45522398, 1139, 2398
0, 4553, 45531139, 45532398, 1139, 2398
0, 4554, 45541139, 45542398, 1139, 2398
0, 4555, 45551139, 45552398, 1139, 2398
0, 4556, 45561139, 45562398, 1139, 2398
0, 4557, 45571139, 45573168, 1139, 3168
0, 4558, 45581139, 45582398, 1139, 2398
0, 4559, 45591139, 45592398, 1139, 2398
0, 456, 4561139, 4562689, 1139, 2689
0, 4560, 45601139, 45604868, 1139, 4868
0, 4561, 45611139, 45613602, 1139, 3602
0, 4562, 45621139, 45622398, 1139, 2398
0, 4563, 45631139, 45632398, 1139, 2398
0, 4564, 45641139, 45643753, 1139, 3753
0, 4565, 45651139, 45652398, 1139, 2398
0, 4566, 45661139, 45662398, 1139, 2398
0, 4567, 45671139, 45672398, 1139, 2398
0, 4568, 45681139, 45682398, 1139, 2398
0, 4569, 45691139, 45692398, 1139, 2398
0, 457, 4571139, 4572398, 1139, 2398
0, 4570, 45701139, 45702398, 1139, 2398
0, 4571, 45711139, 45713168, 1139, 3168
0, 4572, 45721139, 45722398, 1139, 2398
0, 4573, 45731139, 45732398, 1139, 2398
0, 4574, 45741139, 45742398, 1139, 2398
0, 4575, 45751139, 45752398, 1139, 2398
0, 4576, 45761139, 45762398, 1139, 2398
0, 4577, 45771139, 45772398, 1139, 2398
0, 4578, 45781139, 45783168, 1139, 3168
0, 4579, 45791139, 45792398, 1139, 2398
0, 458, 4581139, 4582398, 1139, 2398
0, 4580, 45801139, 45802398, 1139, 2398
0, 4581, 45811139, 45812398, 1139, 2398
0, 4582, 45821139, 45822398, 1139, 2398
0, 4583, 45831139, 45832398, 1139, 2398
0, 4584, 45841139, 45842398, 1139, 2398
0, 4585, 45851139, 45853753, 1139, 3753
0, 4586, 45861139, 45862398, 1139, 2398
0, 4587, 45871139, 45872398, 1139, 2398
0, 4588, 45881139, 45882398, 1139, 2398
0, 4589, 45891139, 45892398, 1139, 2398
0, 459, 4591139, 4592398, 1139, 2398
0, 4590, 45901139, 45902398, 1139, 2398
0, 4591, 45911139, 45912398, 1139, 2398
0, 4592, 45921139, 45925188, 1139, 5188
0, 4593, 45931139, 45932398, 1139, 2398
0, 4594, 45941139, 45942398, 1139, 2398
0, 4595, 45951139, 45952398, 1139, 2398
0, 4596, 45961139, 45962398, 1139, 2398
0, 4597, 45971139, 45972398, 1139, 2398
0, 4598, 45981139, 45982398, 1139, 2398
0, 4599, 45991139, 45993168, 1139, 3168
0, 46, 461139, 462398, 1139, 2398
0, 460, 4601139, 4602398, 1139, 2398
0, 4600, 46001139, 46002398, 1139, 2398
0, 4601, 46011139, 46012398, 1139, 2398
0, 4602, 46021139, 46022398, 1139, 2398
0, 4603, 46031139, 46032398, 1139, 2398
0, 4604, 46041139, 46042398, 1139, 2398
0, 4605, 46051139, 46052398, 1139, 2398
0, 4606, 46061139, 46063168, 1139, 3168
0, 4607, 46071139, 46072398, 1139, 2398
0, 4608, 46081139, 46082689, 1139, 2689
0, 4609, 46091139, 46092398, 1139, 2398
0, 461, 4611139, 4612398, 1139, 2398
0, 4610, 46101139, 46102398, 1139, 2398
0, 4611, 46111139, 46112398, 1139, 2398
0, 4612, 46121139, 46122398, 1139, 2398
0, 4613, 46131139, 46133168, 1139, 3168
0, 4614, 46141139, 46142398, 1139, 2398
0, 4615, 46151139, 46152398, 1139, 2398
0, 4616, 46161139, 46162398, 1139, 2398
0, 4617, 46171139, 46172398, 1139, 2398
0, 4618, 46181139, 46182398, 1139, 2398
0, 4619, 46191139, 46192398, 1139, 2398
0, 462, 4621139, 4623168, 1139, 3168
0, 4620, 46201139, 46204868, 1139, 4868
0, 4621, 46211139, 46212398, 1139, 2398
0, 4622, 46221139, 46222398, 1139, 2398
0, 4623, 46231139, 46232398, 1139, 2398
0, 4624, 46241139, 46242398, 1139, 2398
0, 4625, 46251139, 46252398, 1139, 2398
0, 4626, 46261139, 46262398, 1139, 2398
0, 4627, 46271139, 46273753, 1139, 3753
0, 4628, 46281139, 46282398, 1139, 2398
0, 4629, 46291139, 46292398, 1139, 2398
0, 463, 4631139, 4632398, 1139, 2398
0, 4630, 46301139, 46302398, 1139, 2398
0, 4631, 46311139, 46312398, 1139, 2398
0, 4632, 46321139, 46322398, 1139, 2398
0, 4633, 46331139, 46332398, 1139, 2398
0, 4634, 46341139, 46343168, 1139, 3168
0, 4635, 46351139, 46352398, 1139, 2398
0, 4636, 46361139, 46362398, 1139, 2398
0, 4637, 46371139, 46372398, 1139, 2398
0, 4638, 46381139, 46382398, 1139, 2398
0, 4639, 46391139, 46392398, 1139, 2398
0, 464, 4641139, 4642398, 1139, 2398
0, 4640, 46401139, 46402398, 1139, 2398
0, 4641, 46411139, 46413168, 1139, 3168
0, 4642, 46421139, 46422398, 1139, 2398
0, 4643, 46431139, 46432398, 1139, 2398
0, 4644, 46441139, 46442398, 1139, 2398
0, 4645, 46451139, 46452398, 1139, 2398
0, 4646, 46461139, 46462398, 1139, 2398
0, 4647, 46471139, 46472398, 1139, 2398
0, 4648, 46481139, 46485188, 1139, 5188
0, 4649, 46491139, 46492398, 1139, 2398
0, 465, 4651139, 4652398, 1139, 2398
0, 4650, 46501139, 46502398, 1139, 2398
0, 4651, 46511139, 46512398, 1139, 2398
0, 4652, 46521139, 46522398, 1139, 2398
0, 4653, 46531139, 46532398, 1139, 2398
0, 4654, 46541139, 46542398, 1139, 2398
0, 4655, 46551139, 46554868, 1139, 4868
0, 4656, 46561139, 46562398, 1139, 2398
0, 4657, 46571139, 46572398, 1139, 2398
0, 4658, 46581139, 46582398, 1139, 2398
0, 4659, 46591139, 46592398, 1139, 2398
0, 466, 4661139, 4662398, 1139, 2398
0, 4660, 46601139, 46602398, 1139, 2398
0, 4661, 46611139, 46612398, 1139, 2398
0, 4662, 46621139, 46623168, 1139, 3168
0, 4663, 46631139, 46632398, 1139, 2398
0, 4664, 46641139, 46642398, 1139, 2398
0, 4665, 46651139, 46652398, 1139, 2398
0, 4666, 46661139, 46662398, 1139, 2398
0, 4667, 46671139, 46672398, 1139, 2398
0, 4668, 46681139, 46682398, 1139, 2398
0, 4669, 46691139, 46693168, 1139, 3168
0, 467, 4671139, 4672398, 1139, 2398
0, 4670, 46701139, 46702398, 1139, 2398
0, 4671, 46711139, 46712398, 1139, 2398
0, 4672, 46721139, 46722398, 1139, 2398
0, 4673, 46731139, 46732398, 1139, 2398
0, 4674, 46741139, 46742398, 1139, 2398
0, 4675, 46751139, 46752398, 1139, 2398
0, 4676, 46761139, 46763753, 1139, 3753
0, 4677, 46771139, 46772398, 1139, 2398
0, 4678, 46781139, 46782398, 1139, 2398
0, 4679, 46791139, 46792398, 1139, 2398
0, 468, 4681139, 4682398, 1139, 2398
0, 4680, 46801139, 46804166, 1139, 4166
0, 4681, 46811139, 46812398, 1139, 2398
0, 4682, 46821139, 46822398, 1139, 2398
0, 4683, 46831139, 46833168, 1139, 3168
0, 4684, 46841139, 46842398, 1139, 2398
0, 4685, 46851139, 46852398, 1139, 2398
0, 4686, 46861139, 46862398, 1139, 2398
0, 4687, 46871139, 46872398, 1139, 2398
0, 4688, 46881139, 46882398, 1139, 2398
0, 4689, 46891139, 46892398, 1139, 2398
0, 469, 4691139, 4693168, 1139, 3168
0, 4690, 46901139, 46903753, 1139, 3753
0, 4691, 46911139, 46912398, 1139, 2398
0, 4692, 46921139, 46922398, 1139, 2398
0, 4693, 46931139, 46932398, 1139, 2398
0, 4694, 46941139, 46942398, 1139, 2398
0, 4695, 46951139, 46952398, 1139, 2398
0, 4696, 46961139, 46962398, 1139, 2398
0, 4697, 46971139, 46973168, 1139, 3168
0, 4698, 46981139, 46982398, 1139, 2398
0, 4699, 46991139, 46992398, 1139, 2398
0, 47, 471139, 472398, 1139, 2398
0, 470, 4701139, 4702398, 1139, 2398
0, 4700, 47001139, 47002398, 1139, 2398
0, 4701, 47011139, 47012398, 1139, 2398
0, 4702, 47021139, 47022398, 1139, 2398
0, 4703, 47031139, 47032398, 1139, 2398
0, 4704, 47041139, 47045188, 1139, 5188
0, 4705, 47051139, 47052398, 1139, 2398
0, 4706, 47061139, 47062398, 1139, 2398
0, 4707, 47071139, 47072398, 1139, 2398
0, 4708, 47081139, 47082398, 1139, 2398
0, 4709, 47091139, 47092398, 1139, 2398
0, 471, 4711139, 4712398, 1139, 2398
0, 4710, 47101139, 47102398, 1139, 2398
0, 4711, 47111139, 47113168, 1139, 3168
0, 4712, 47121139, 47122398, 1139, 2398
0, 4713, 47131139, 47132398, 1139, 2398
0, 4714, 47141139, 47142398, 1139, 2398
0, 4715, 47151139, 47152398, 1139, 2398
0, 4716, 47161139, 47162398, 1139, 2398
0, 4717, 47171139, 47172398, 1139, 2398
0, 4718, 47181139, 47183168, 1139, 3168
0, 4719, 47191139, 47192398, 1139, 2398
0, 472, 4721139, 4722398, 1139, 2398
0, 4720, 47201139, 47202398, 1139, 2398
0, 4721, 47211139, 47212398, 1139, 2398
0, 4722, 47221139, 47222398, 1139, 2398
0, 4723, 47231139, 47232398, 1139, 2398
0, 4724, 47241139, 47242398, 1139, 2398
0, 4725, 47251139, 47253753, 1139, 3753
0, 4726, 47261139, 47262398, 1139, 2398
0, 4727, 47271139, 47272398, 1139, 2398
0, 4728, 47281139, 47282398, 1139, 2398
0, 4729, 47291139, 47292398, 1139, 2398
0, 473, 4731139, 4732398, 1139, 2398
0, 4730, 47301139, 47302398, 1139, 2398
0, 4731, 47311139, 47312398, 1139, 2398
0, 4732, 47321139, 47323753, 1139, 3753
0, 4733, 47331139, 47332398, 1139, 2398
0, 4734, 47341139, 47342398, 1139, 2398
0, 4735, 47351139, 47352398, 1139, 2398
0, 4736, 47361139, 47362398, 1139, 2398
0, 4737, 47371139, 47372398, 1139, 2398
0, 4738, 47381139, 47382398, 1139, 2398
0, 4739, 47391139, 47393168, 1139, 3168
0, 474, 4741139, 4742398, 1139, 2398
0, 4740, 47401139, 47402398, 1139, 2398
0, 4741, 47411139, 47412398, 1139, 2398
0, 4742, 47421139, 47422398, 1139, 2398
0, 4743, 47431139, 47432398, 1139, 2398
0, 4744, 47441139, 47442398, 1139, 2398
0, 4745, 47451139, 47452398, 1139, 2398
0, 4746, 47461139, 47463168, 1139, 3168
0, 4747, 47471139, 47472398, 1139, 2398
0, 4748, 47481139, 47482398, 1139, 2398
0, 4749, 47491139, 47492398, 1139, 2398
0, 475, 4751139, 4752398, 1139, 2398
0, 4750, 47501139, 47502398, 1139, 2398
0, 4751, 47511139, 47512398, 1139, 2398
0, 4752, 47521139, 47522398, 1139, 2398
0, 4753, 47531139, 47533168, 1139, 3168
0, 4754, 47541139, 47542398, 1139, 2398
0, 4755, 47551139, 47552398, 1139, 2398
0, 4756, 47561139, 47562398, 1139, 2398
0, 4757, 47571139, 47572398, 1139, 2398
0, 4758, 47581139, 47582398, 1139, 2398
0, 4759, 47591139, 47592398, 1139, 2398
0, 476, 4761139, 4763753, 1139, 3753
0, 4760, 47601139, 47605188, 1139, 5188
0, 4761, 47611139, 47612398, 1139, 2398
0, 4762, 47621139, 47622398, 1139, 2398
0, 4763, 47631139, 47632398, 1139, 2398
0, 4764, 47641139, 47642398, 1139, 2398
0, 4765, 47651139, 47652398, 1139, 2398
0, 4766, 47661139, 47662398, 1139, 2398
0, 4767, 47671139, 47673168, 1139, 3168
0, 4768, 47681139, 47682398, 1139, 2398
0, 4769, 47691139, 47692398, 1139, 2398
0, 477, 4771139, 4772398, 1139, 2398
0, 4770, 47701139, 47702398, 1139, 2398
0, 4771, 47711139, 47712398, 1139, 2398
0, 4772, 47721139, 47722398, 1139, 2398
0, 4773, 47731139, 47732398, 1139, 2398
0, 4774, 47741139, 47743168, 1139, 3168
0, 4775, 47751139, 47752398, 1139, 2398
0, 4776, 47761139, 47762398, 1139, 2398
0, 4777, 47771139, 47772398, 1139, 2398
0, 4778, 47781139, 47782398, 1139, 2398
0, 4779, 47791139, 47792398, 1139, 2398
0, 478, 4781139, 4782398, 1139, 2398
0, 4780, 47801139, 47802398, 1139, 2398
0, 4781, 47811139, 47813168, 1139, 3168
0, 4782, 47821139, 47822398, 1139, 2398
0, 4783, 47831139, 47832398, 1139, 2398
0, 4784, 47841139, 47842398, 1139, 2398
0, 4785, 47851139, 47852398, 1139, 2398
0, 4786, 47861139, 47862398, 1139, 2398
0, 4787, 47871139, 47872398, 1139, 2398
0, 4788, 47881139, 47885914, 1139, 5914
0, 4789, 47891139, 47892398, 1139, 2398
0, 479, 4791139, 4792398, 1139, 2398
0, 4790, 47901139, 47902398, 1139, 2398
0, 4791, 47911139, 47912398, 1139, 2398
0, 4792, 47921139, 47922398, 1139, 2398
0, 4793, 47931139, 47932398, 1139, 2398
0, 4794, 47941139, 47942398, 1139, 2398
0, 4795, 47951139, 47953753, 1139, 3753
0, 4796, 47961139, 47962398, 1139, 2398
0, 4797, 47971139, 47972398, 1139, 2398
0, 4798, 47981139, 47982398, 1139, 2398
0, 4799, 47991139, 47992398, 1139, 2398
0, 48, 481139, 482689, 1139, 2689
0, 480, 4801139, 4804166, 1139, 4166
0, 4800, 48001139, 48002689, 1139, 2689
0, 4801, 48011139, 48012398, 1139, 2398
0, 4802, 48021139, 48023168, 1139, 3168
0, 4803, 48031139, 48032398, 1139, 2398
0, 4804, 48041139, 48042398, 1139, 2398
0, 4805, 48051139, 48052398, 1139, 2398
0, 4806, 48061139, 48062398, 1139, 2398
0, 4807, 48071139, 48072398, 1139, 2398
0, 4808, 48081139, 48082398, 1139, 2398
0, 4809, 48091139, 48093168, 1139, 3168
0, 481, 4811139, 4812398, 1139, 2398
0, 4810, 48101139, 48102398, 1139, 2398
0, 4811, 48111139, 48112398, 1139, 2398
0, 4812, 48121139, 48122398, 1139, 2398
0, 4813, 48131139, 48132398, 1139, 2398
0, 4814, 48141139, 48142398, 1139, 2398
0, 4815, 48151139, 48152398, 1139, 2398
0, 4816, 48161139, 48165188, 1139, 5188
0, 4817, 48171139, 48173529, 1139, 3529
0, 4818, 48181139, 48182398, 1139, 2398
0, 4819, 48191139, 48192398, 1139, 2398
0, 482, 4821139, 4822398, 1139, 2398
0, 4820, 48201139, 48202398, 1139, 2398
0, 4821, 48211139, 48212398, 1139, 2398
0, 4822, 48221139, 48222398, 1139, 2398
0, 4823, 48231139, 48233168, 1139, 3168
0, 4824, 48241139, 48242398, 1139, 2398
0, 4825, 48251139, 48252398, 1139, 2398
0, 4826, 48261139, 48262398, 1139, 2398
0, 4827, 48271139, 48272398, 1139, 2398
0, 4828, 48281139, 48282398, 1139, 2398
0, 4829, 48291139, 48292398, 1139, 2398
0, 483, 4831139, 4833168, 1139, 3168
0, 4830, 48301139, 48303753, 1139, 3753
0, 4831, 48311139, 48312398, 1139, 2398
0, 4832, 48321139, 48322398, 1139, 2398
0, 4833, 48331139, 48332398, 1139, 2398
0, 4834, 48341139, 48342398, 1139, 2398
0, 4835, 48351139, 48352398, 1139, 2398
0, 4836, 48361139, 48362398, 1139, 2398
0, 4837, 48371139, 48373168, 1139, 3168
0, 4838, 48381139, 48382398, 1139, 2398
0, 4839, 48391139, 48392398, 1139, 2398
0, 484, 4841139, 4842398, 1139, 2398
0, 4840, 48401139, 48402398, 1139, 2398
0, 4841, 48411139, 48412398, 1139, 2398
0, 4842, 48421139, 48422398, 1139, 2398
0, 4843, 48431139, 48432398, 1139, 2398
0, 4844, 48441139, 48443753, 1139, 3753
0, 4845, 48451139, 48452398, 1139, 2398
0, 4846, 48461139, 48462398, 1139, 2398
0, 4847, 48471139, 48472398, 1139, 2398
0, 4848, 48481139, 48482689, 1139, 2689
0, 4849, 48491139, 48492398, 1139, 2398
0, 485, 4851139, 4852398, 1139, 2398
0, 4850, 48501139, 48502398, 1139, 2398
0, 4851, 48511139, 48513168, 1139, 3168
0, 4852, 48521139, 48522398, 1139, 2398
0, 4853, 48531139, 48532398, 1139, 2398
0, 4854, 48541139, 48542398, 1139, 2398
0, 4855, 48551139, 48552398, 1139, 2398
0, 4856, 48561139, 48562398, 1139, 2398
0, 4857, 48571139, 48572398, 1139, 2398
0, 4858, 48581139, 48583168, 1139, 3168
0, 4859, 48591139, 48592398, 1139, 2398
0, 486, 4861139, 4862398, 1139, 2398
0, 4860, 48601139, 48602398, 1139, 2398
0, 4861, 48611139, 48612398, 1139, 2398
0, 4862, 48621139, 48622398, 1139, 2398
0, 4863, 48631139, 48632398, 1139, 2398
0, 4864, 48641139, 48642398, 1139, 2398
0, 4865, 48651139, 48653753, 1139, 3753
0, 4866, 48661139, 48662398, 1139, 2398
0, 4867, 48671139, 48672398, 1139, 2398
0, 4868, 48681139, 48682398, 1139, 2398
0, 4869, 48691139, 48692398, 1139, 2398
0, 487, 4871139, 4872398, 1139, 2398
0, 4870, 48701139, 48702398, 1139, 2398
0, 4871, 48711139, 48712398, 1139, 2398
0, 4872, 48721139, 48725188, 1139, 5188
0, 4873, 48731139, 48734250, 1139, 4250
0, 4874, 48741139, 48742398, 1139, 2398
0, 4875, 48751139, 48752398, 1139, 2398
0, 4876, 48761139, 48762398, 1139, 2398
0, 4877, 48771139, 48772398, 1139, 2398
0, 4878, 48781139, 48782398, 1139, 2398
0, 4879, 48791139, 48793168, 1139, 3168
0, 488, 4881139, 4882398, 1139, 2398
0, 4880, 48801139, 48802398, 1139, 2398
0, 4881, 48811139, 48812398, 1139, 2398
0, 4882, 48821139, 48822398, 1139, 2398
0, 4883, 48831139, 48832398, 1139, 2398
0, 4884, 48841139, 48842398, 1139, 2398
0, 4885, 48851139, 48852398, 1139, 2398
0, 4886, 48861139, 48863168, 1139, 3168
0, 4887, 48871139, 48872398, 1139, 2398
0, 4888, 48881139, 48882398, 1139, 2398
0, 4889, 48891139, 48892398, 1139, 2398
0, 489, 4891139, 4892398, 1139, 2398
0, 4890, 48901139, 48902398, 1139, 2398
0, 4891, 48911139, 48912398, 1139, 2398
0, 4892, 48921139, 48922398, 1139, 2398
0, 4893, 48931139, 48933753, 1139, 3753
0, 4894, 48941139, 48942398, 1139, 2398
0, 4895, 48951139, 48952398, 1139, 2398
0, 4896, 48961139, 48962398, 1139, 2398
0, 4897, 48971139, 48972398, 1139, 2398
0, 4898, 48981139, 48982398, 1139, 2398
0, 4899, 48991139, 48992398, 1139, 2398
0, 49, 491139, 493168, 1139, 3168
0, 490, 4901139, 4903753, 1139, 3753
0, 4900, 49001139, 49004868, 1139, 4868
0, 4901, 49011139, 49012398, 1139, 2398
0, 4902, 49021139, 49022398, 1139, 2398
0, 4903, 49031139, 49032398, 1139, 2398
0, 4904, 49041139, 49042398, 1139, 2398
0, 4905, 49051139, 49052398, 1139, 2398
0, 4906, 49061139, 49062398, 1139, 2398
0, 4907, 49071139, 49073168, 1139, 3168
0, 4908, 49081139, 49082398, 1139, 2398
0, 4909, 49091139, 49092398, 1139, 2398
0, 491, 4911139, 4912398, 1139, 2398
0, 4910, 49101139, 49102398, 1139, 2398
0, 4911, 49111139, 49112398, 1139, 2398
0, 4912, 49121139, 49122398, 1139, 2398
0, 4913, 49131139, 49132398, 1139, 2398
0, 4914, 49141139, 49143168, 1139, 3168
0, 4915, 49151139, 49152398, 1139, 2398
0, 4916, 49161139, 49162398, 1139, 2398
0, 4917, 49171139, 49172398, 1139, 2398
0, 4918, 49181139, 49182398, 1139, 2398
0, 4919, 49191139, 49192398, 1139, 2398
0, 492, 4921139, 4922398, 1139, 2398
0, 4920, 49201139, 49202689, 1139, 2689
0, 4921, 49211139, 49213753, 1139, 3753
0, 4922, 49221139, 49222398, 1139, 2398
0, 4923, 49231139, 49232398, 1139, 2398
0, 4924, 49241139, 49242398, 1139, 2398
0, 4925, 49251139, 49252398, 1139, 2398
0, 4926, 49261139, 49262398, 1139, 2398
0, 4927, 49271139, 49272398, 1139, 2398
0, 4928, 49281139, 49285188, 1139, 5188
0, 4929, 49291139, 49292398, 1139, 2398
0, 493, 4931139, 4932398, 1139, 2398
0, 4930, 49301139, 49302398, 1139, 2398
0, 4931, 49311139, 49312398, 1139, 2398
0, 4932, 49321139, 49322398, 1139, 2398
0, 4933, 49331139, 49332398, 1139, 2398
0, 4934, 49341139, 49342398, 1139, 2398
0, 4935, 49351139, 49353753, 1139, 3753
0, 4936, 49361139, 49362398, 1139, 2398
0, 4937, 49371139, 49372398, 1139, 2398
0, 4938, 49381139, 49382398, 1139, 2398
0, 4939, 49391139, 49392398, 1139, 2398
0, 494, 4941139, 4942398, 1139, 2398
0, 4940, 49401139, 49402398, 1139, 2398
0, 4941, 49411139, 49412398, 1139, 2398
0, 4942, 49421139, 49423168, 1139, 3168
0, 4943, 49431139, 49432398, 1139, 2398
0, 4944, 49441139, 49442398, 1139, 2398
0, 4945, 49451139, 49452398, 1139, 2398
0, 4946, 49461139, 49462398, 1139, 2398
0, 4947, 49471139, 49472398, 1139, 2398
0, 4948, 49481139, 49482398, 1139, 2398
0, 4949, 49491139, 49493168, 1139, 3168
0, 495, 4951139, 4952398, 1139, 2398
0, 4950, 49501139, 49502398, 1139, 2398
0, 4951, 49511139, 49512398, 1139, 2398
0, 4952, 49521139, 49522398, 1139, 2398
0, 4953, 49531139, 49532398, 1139, 2398
0, 4954, 49541139, 49542398, 1139, 2398
0, 4955, 49551139, 49552398, 1139, 2398
0, 4956, 49561139, 49563753, 1139, 3753
0, 4957, 49571139, 49572398, 1139, 2398
0, 4958, 49581139, 49582398, 1139, 2398
0, 4959, 49591139, 49592398, 1139, 2398
0, 496, 4961139, 4962398, 1139, 2398
0, 4960, 49601139, 49604868, 1139, 4868
0, 4961, 49611139, 49612398, 1139, 2398
0, 4962, 49621139, 49622398, 1139, 2398
0, 4963, 49631139, 49633168, 1139, 3168
0, 4964, 49641139, 49642398, 1139, 2398
0, 4965, 49651139, 49652398, 1139, 2398
0, 4966, 49661139, 49662398, 1139, 2398
0, 4967, 49671139, 49672398, 1139, 2398
0, 4968, 49681139, 49682398, 1139, 2398
0, 4969, 49691139, 49692398, 1139, 2398
0, 497, 4971139, 4973168, 1139, 3168
0, 4970, 49701139, 49703753, 1139, 3753
0, 4971, 49711139, 49712398, 1139, 2398
0, 4972, 49721139, 49722398, 1139, 2398
0, 4973, 49731139, 49732398, 1139, 2398
0, 4974, 49741139, 49742398, 1139, 2398
0, 4975, 49751139, 49752398, 1139, 2398
0, 4976, 49761139, 49762398, 1139, 2398
0, 4977, 49771139, 49773168, 1139, 3168
0, 4978, 49781139, 49782398, 1139, 2398
0, 4979, 49791139, 49792398, 1139, 2398
0, 498, 4981139, 4982398, 1139, 2398
0, 4980, 49801139, 49802398, 1139, 2398
0, 4981, 49811139, 49812398, 1139, 2398
0, 4982, 49821139, 49822398, 1139, 2398
0, 4983, 49831139, 49832398, 1139, 2398
0, 4984, 49841139, 49845188, 1139, 5188
0, 4985, 49851139, 49852398, 1139, 2398
0, 4986, 49861139, 49862398, 1139, 2398
0, 4987, 49871139, 49872398, 1139, 2398
0, 4988, 49881139, 49883021, 1139, 3021
0, 4989, 49891139, 49892398, 1139, 2398
0, 499, 4991139, 4992398, 1139, 2398
0, 4990, 49901139, 49902398, 1139, 2398
0, 4991, 49911139, 49913168, 1139, 3168
0, 4992, 49921139, 49922398, 1139, 2398
0, 4993, 49931139, 49932398, 1139, 2398
0, 4994, 49941139, 49942398, 1139, 2398
0, 4995, 49951139, 49952398, 1139, 2398
0, 4996, 49961139, 49962398, 1139, 2398
0, 4997, 49971139, 49972398, 1139, 2398
0, 4998, 49981139, 49983168, 1139, 3168
0, 4999, 49991139, 49992398, 1139, 2398
0, 5, 51139, 52398, 1139, 2398
0, 50, 501139, 502398, 1139, 2398
0, 500, 5001139, 5002398, 1139, 2398
0, 5000, 50001139, 50002398, 1139, 2398
0, 5001, 50011139, 50012398, 1139, 2398
0, 5002, 50021139, 50022398, 1139, 2398
0, 5003, 50031139, 50032398, 1139, 2398
0, 5004, 50041139, 50042398, 1139, 2398
0, 5005, 50051139, 50053753, 1139, 3753
0, 5006, 50061139, 50062398, 1139, 2398
0, 5007, 50071139, 50072398, 1139, 2398
0, 5008, 50081139, 50082398, 1139, 2398
0, 5009, 50091139, 50092398, 1139, 2398
0, 501, 5011139, 5012398, 1139, 2398
0, 5010, 50101139, 50102398, 1139, 2398
0, 5011, 50111139, 50112398, 1139, 2398
0, 5012, 50121139, 50123753, 1139, 3753
0, 5013, 50131139, 50132398, 1139, 2398
0, 5014, 50141139, 50142398, 1139, 2398
0, 5015, 50151139, 50152398, 1139, 2398
0, 5016, 50161139, 50164166, 1139, 4166
0, 5017, 50171139, 50172398, 1139, 2398
0, 5018, 50181139, 50182398, 1139, 2398
0, 5019, 50191139, 50193168, 1139, 3168
0, 502, 5021139, 5022398, 1139, 2398
0, 5020, 50201139, 50202398, 1139, 2398
0, 5021, 50211139, 50212398, 1139, 2398
0, 5022, 50221139, 50222398, 1139, 2398
0, 5023, 50231139, 50232398, 1139, 2398
0, 5024, 50241139, 50242398, 1139, 2398
0, 5025, 50251139, 50252398, 1139, 2398
0, 5026, 50261139, 50263753, 1139, 3753
0, 5027, 50271139, 50272398, 1139, 2398
0, 5028, 50281139, 50282398, 1139, 2398
0, 5029, 50291139, 50292398, 1139, 2398
0, 503, 5031139, 5032398, 1139, 2398
0, 5030, 50301139, 50302398, 1139, 2398
0, 5031, 50311139, 50312398, 1139, 2398
0, 5032, 50321139, 50322398, 1139, 2398
0, 5033, 50331139, 50333168, 1139, 3168
0, 5034, 50341139, 50342398, 1139, 2398
0, 5035, 50351139, 50352398, 1139, 2398
0, 5036, 50361139, 50362398, 1139, 2398
0, 5037, 50371139, 50372398, 1139, 2398
0, 5038, 50381139, 50382398, 1139, 2398
0, 5039, 50391139, 50392398, 1139, 2398
0, 504, 5041139, 5045188, 1139, 5188
0, 5040, 50401139, 50405188, 1139, 5188
0, 5041, 50411139, 50412398, 1139, 2398
0, 5042, 50421139, 50422398, 1139, 2398
0, 5043, 50431139, 50432398, 1139, 2398
0, 5044, 50441139, 50442398, 1139, 2398
0, 5045, 50451139, 50452398, 1139, 2398
0, 5046, 50461139, 50462398, 1139, 2398
0, 5047, 50471139, 50473168, 1139, 3168
0, 5048, 50481139, 50482398, 1139, 2398
0, 5049, 50491139, 50492398, 1139, 2398
0, 505, 5051139, 5052398, 1139, 2398
0, 5050, 50501139, 50502398, 1139, 2398
0, 5051, 50511139, 50512398, 1139, 2398
0, 5052, 50521139, 50522398, 1139, 2398
0, 5053, 50531139, 50532398, 1139, 2398
0, 5054, 50541139, 50543753, 1139, 3753
0, 5055, 50551139, 50552398, 1139, 2398
0, 5056, 50561139, 50562398, 1139, 2398
0, 5057, 50571139, 50572398, 1139, 2398
0, 5058, 50581139, 50582398, 1139, 2398
0, 5059, 50591139, 50592398, 1139, 2398
0, 506, 5061139, 5062398, 1139, 2398
0, 5060, 50601139, 50602398, 1139, 2398
0, 5061, 50611139, 50613168, 1139, 3168
0, 5062, 50621139, 50622398, 1139, 2398
0, 5063, 50631139, 50632398, 1139, 2398
0, 5064, 50641139, 50642689, 1139, 2689
0, 5065, 50651139, 50652398, 1139, 2398
0, 5066, 50661139, 50662398, 1139, 2398
0, 5067, 50671139, 50672398, 1139, 2398
0, 5068, 50681139, 50683753, 1139, 3753
0, 5069, 50691139, 50692398, 1139, 2398
0, 507, 5071139, 5072398, 1139, 2398
0, 5070, 50701139, 50702398, 1139, 2398
0, 5071, 50711139, 50712398, 1139, 2398
0, 5072, 50721139, 50722398, 1139, 2398
0, 5073, 50731139, 50732398, 1139, 2398
0, 5074, 50741139, 50742398, 1139, 2398
0, 5075, 50751139, 50753753, 1139, 3753
0, 5076, 50761139, 50762398, 1139, 2398
0, 5077, 50771139, 50772398, 1139, 2398
0, 5078, 50781139, 50782398, 1139, 2398
0, 5079, 50791139, 50792398, 1139, 2398
0, 508, 5081139, 5082398, 1139, 2398
0, 5080, 50801139, 50802398, 1139, 2398
0, 5081, 50811139, 50812398, 1139, 2398
0, 5082, 50821139, 50823168, 1139, 3168
0, 5083, 50831139, 50832398, 1139, 2398
0, 5084, 50841139, 50842398, 1139, 2398
0, 5085, 50851139, 50852398, 1139, 2398
0, 5086, 50861139, 50862398, 1139, 2398
0, 5087, 50871139, 50872398, 1139, 2398
0, 5088, 50881139, 50882398, 1139, 2398
0, 5089, 50891139, 50893168, 1139, 3168
0, 509, 5091139, 5092398, 1139, 2398
0, 5090, 50901139, 50902398, 1139, 2398
0, 5091, 50911139, 50912398, 1139, 2398
0, 5092, 50921139, 50922398, 1139, 2398
0, 5093, 50931139, 50932398, 1139, 2398
0, 5094, 50941139, 50942398, 1139, 2398
0, 5095, 50951139, 50952398, 1139, 2398
0, 5096, 50961139, 50965188, 1139, 5188
0, 5097, 50971139, 50972398, 1139, 2398
0, 5098, 50981139, 50982398, 1139, 2398
0, 5099, 50991139, 50992398, 1139, 2398
0, 51, 511139, 512398, 1139, 2398
0, 510, 5101139, 5102398, 1139, 2398
0, 5100, 51001139, 51002689, 1139, 2689
0, 5101, 51011139, 51012398, 1139, 2398
0, 5102, 51021139, 51022398, 1139, 2398
0, 5103, 51031139, 51033168, 1139, 3168
0, 5104, 51041139, 51042398, 1139, 2398
0, 5105, 51051139, 51052398, 1139, 2398
0, 5106, 51061139, 51062398, 1139, 2398
0, 5107, 51071139, 51072398, 1139, 2398
0, 5108, 51081139, 51082398, 1139, 2398
0, 5109, 51091139, 51092398, 1139, 2398
0, 511, 5111139, 5113168, 1139, 3168
0, 5110, 51101139, 51103753, 1139, 3753
0, 5111, 51111139, 51112398, 1139, 2398
0, 5112, 51121139, 51122398, 1139, 2398
0, 5113, 51131139, 51132398, 1139, 2398
0, 5114, 51141139, 51142398, 1139, 2398
0, 5115, 51151139, 51152398, 1139, 2398
0, 5116, 51161139, 51162398, 1139, 2398
0, 5117, 51171139, 51173168, 1139, 3168
0, 5118, 51181139, 51182398, 1139, 2398
0, 5119, 51191139, 51192398, 1139, 2398
0, 512, 5121139, 5122398, 1139, 2398
0, 5120, 51201139, 51202398, 1139, 2398
0, 5121, 51211139, 51212398, 1139, 2398
0, 5122, 51221139, 51222398, 1139, 2398
0, 5123, 51231139, 51232398, 1139, 2398
0, 5124, 51241139, 51243753, 1139, 3753
0, 5125, 51251139, 51252398, 1139, 2398
0, 5126, 51261139, 51262398, 1139, 2398
0, 5127, 51271139, 51272398, 1139, 2398
0, 5128, 51281139, 51282398, 1139, 2398
0, 5129, 51291139, 51292398, 1139, 2398
0, 513, 5131139, 5132398, 1139, 2398
0, 5130, 51301139, 51302398, 1139, 2398
0, 5131, 51311139, 51313168, 1139, 3168
0, 5132, 51321139, 51322398, 1139, 2398
0, 5133, 51331139, 51332398, 1139, 2398
0, 5134, 51341139, 51342398, 1139, 2398
0, 5135, 51351139, 51352398, 1139, 2398
0, 5136, 51361139, 51362398, 1139, 2398
0, 5137, 51371139, 51372398, 1139, 2398
0, 5138, 51381139, 51383168, 1139, 3168
0, 5139, 51391139, 51392398, 1139, 2398
0, 514, 5141139, 5142398, 1139, 2398
0, 5140, 51401139, 51402398, 1139, 2398
0, 5141, 51411139, 51412398, 1139, 2398
0, 5142, 51421139, 51422398, 1139, 2398
0, 5143, 51431139, 51432398, 1139, 2398
0, 5144, 51441139, 51442398, 1139, 2398
0, 5145, 51451139, 51453753, 1139, 3753
0, 5146, 51461139, 51462398, 1139, 2398
0, 5147, 51471139, 51472398, 1139, 2398
0, 5148, 51481139, 51482398, 1139, 2398
0, 5149, 51491139, 51492398, 1139, 2398
0, 515, 5151139, 5152398, 1139, 2398
0, 5150, 51501139, 51502398, 1139, 2398
0, 5151, 51511139, 51512398, 1139, 2398
0, 5152, 51521139, 51525188, 1139, 5188
0, 5153, 51531139, 51534250, 1139, 4250
0, 5154, 51541139, 51542398, 1139, 2398
0, 5155, 51551139, 51552398, 1139, 2398
0, 5156, 51561139, 51562398, 1139, 2398
0, 5157, 51571139, 51572398, 1139, 2398
0, 5158, 51581139, 51582398, 1139, 2398
0, 5159, 51591139, 51593753, 1139, 3753
0, 516, 5161139, 5162398, 1139, 2398
0, 5160, 51601139, 51602689, 1139, 2689
0, 5161, 51611139, 51612398, 1139, 2398
0, 5162, 51621139, 51622398, 1139, 2398
0, 5163, 51631139, 51632398, 1139, 2398
0, 5164, 51641139, 51642398, 1139, 2398
0, 5165, 51651139, 51652398, 1139, 2398
0, 5166, 51661139, 51663168, 1139, 3168
0, 5167, 51671139, 51672398, 1139, 2398
0, 5168, 51681139, 51682398, 1139, 2398
0, 5169, 51691139, 51692398, 1139, 2398
0, 517, 5171139, 5172398, 1139, 2398
0, 5170, 51701139, 51702398, 1139, 2398
0, 5171, 51711139, 51712398, 1139, 2398
0, 5172, 51721139, 51722398, 1139, 2398
0, 5173, 51731139, 51733168, 1139, 3168
0, 5174, 51741139, 51742398, 1139, 2398
0, 5175, 51751139, 51752398, 1139, 2398
0, 5176, 51761139, 51762398, 1139, 2398
0, 5177, 51771139, 51772398, 1139, 2398
0, 5178, 51781139, 51782398, 1139, 2398
0, 5179, 51791139, 51792398, 1139, 2398
0, 518, 5181139, 5183168, 1139, 3168
0, 5180, 51801139, 51804868, 1139, 4868
0, 5181, 51811139, 51812398, 1139, 2398
0, 5182, 51821139, 51822398, 1139, 2398
0, 5183, 51831139, 51832398, 1139, 2398
0, 5184, 51841139, 51842689, 1139, 2689
0, 5185, 51851139, 51852398, 1139, 2398
0, 5186, 51861139, 51862398, 1139, 2398
0, 5187, 51871139, 51873753, 1139, 3753
0, 5188, 51881139, 51882398, 1139, 2398
0, 5189, 51891139, 51892398, 1139, 2398
0, 519, 5191139, 5192398, 1139, 2398
0, 5190, 51901139, 51902398, 1139, 2398
0, 5191, 51911139, 51912398, 1139, 2398
0, 5192, 51921139, 51922398, 1139, 2398
0, 5193, 51931139, 51932398, 1139, 2398
0, 5194, 51941139, 51943168, 1139, 3168
0, 5195, 51951139, 51952398, 1139, 2398
0, 5196, 51961139, 51962398, 1139, 2398
0, 5197, 51971139, 51972398, 1139, 2398
0, 5198, 51981139, 51982398, 1139, 2398
0, 5199, 51991139, 51992398, 1139, 2398
0, 52, 521139, 522398, 1139, 2398
0, 520, 5201139, 5202398, 1139, 2398
0, 5200, 52001139, 52002398, 1139, 2398
0, 5201, 52011139, 52013168, 1139, 3168
0, 5202, 52021139, 52022398, 1139, 2398
0, 5203, 52031139, 52032398, 1139, 2398
0, 5204, 52041139, 52042398, 1139, 2398
0, 5205, 52051139, 52052398, 1139, 2398
0, 5206, 52061139, 52062398, 1139, 2398
0, 5207, 52071139, 52072398, 1139, 2398
0, 5208, 52081139, 52085188, 1139, 5188
0, 5209, 52091139, 52092398, 1139, 2398
0, 521, 5211139, 5212398, 1139, 2398
0, 5210, 52101139, 52102398, 1139, 2398
0, 5211, 52111139, 52112398, 1139, 2398
0, 5212, 52121139, 52122398, 1139, 2398
0, 5213, 52131139, 52132398, 1139, 2398
0, 5214, 52141139, 52142398, 1139, 2398
0, 5215, 52151139, 52153753, 1139, 3753
0, 5216, 52161139, 52162398, 1139, 2398
0, 5217, 52171139, 52172398, 1139, 2398
0, 5218, 52181139, 52182398, 1139, 2398
0, 5219, 52191139, 52192398, 1139, 2398
0, 522, 5221139, 5222398, 1139, 2398
0, 5220, 52201139, 52202398, 1139, 2398
0, 5221, 52211139, 52212398, 1139, 2398
0, 5222, 52221139, 52223168, 1139, 3168
0, 5223, 52231139, 52232398, 1139, 2398
0, 5224, 52241139, 52242398, 1139, 2398
0, 5225, 52251139, 52252398, 1139, 2398
0, 5226, 52261139, 52262398, 1139, 2398
0, 5227, 52271139, 52272398, 1139, 2398
0, 5228, 52281139, 52282398, 1139, 2398
0, 5229, 52291139, 52293168, 1139, 3168
0, 523, 5231139, 5232398, 1139, 2398
0, 5230, 52301139, 52302398, 1139, 2398
0, 5231, 52311139, 52312398, 1139, 2398
0, 5232, 52321139, 52322398, 1139, 2398
0, 5233, 52331139, 52332398, 1139, 2398
0, 5234, 52341139, 52342398, 1139, 2398
0, 5235, 52351139, 52352398, 1139, 2398
0, 5236, 52361139, 52363753, 1139, 3753
0, 5237, 52371139, 52372398, 1139, 2398
0, 5238, 52381139, 52382398, 1139, 2398
0, 5239, 52391139, 52392398, 1139, 2398
0, 524, 5241139, 5242398, 1139, 2398
0, 5240, 52401139, 52404166, 1139, 4166
0, 5241, 52411139, 52412398, 1139, 2398
0, 5242, 52421139, 52422398, 1139, 2398
0, 5243, 52431139, 52433168, 1139, 3168
0, 5244, 52441139, 52442398, 1139, 2398
0, 5245, 52451139, 52452398, 1139, 2398
0, 5246, 52461139, 52462398, 1139, 2398
0, 5247, 52471139, 52472398, 1139, 2398
0, 5248, 52481139, 52482398, 1139, 2398
0, 5249, 52491139, 52492398, 1139, 2398
0, 525, 5251139, 5253753, 1139, 3753
0, 5250, 52501139, 52503753, 1139, 3753
0, 5251, 52511139, 52512398, 1139, 2398
0, 5252, 52521139, 52522398, 1139, 2398
0, 5253, 52531139, 52532398, 1139, 2398
0, 5254, 52541139, 52542398, 1139, 2398
0, 5255, 52551139, 52552398, 1139, 2398
0, 5256, 52561139, 52562398, 1139, 2398
0, 5257, 52571139, 52573168, 1139, 3168
0, 5258, 52581139, 52582398, 1139, 2398
0, 5259, 52591139, 52592398, 1139, 2398
0, 526, 5261139, 5262398, 1139, 2398
0, 5260, 52601139, 52602398, 1139, 2398
0, 5261, 52611139, 52612398, 1139, 2398
0, 5262, 52621139, 52622398, 1139, 2398
0, 5263, 52631139, 52632398, 1139, 2398
0, 5264, 52641139, 52645188, 1139, 5188
0, 5265, 52651139, 52652398, 1139, 2398
0, 5266, 52661139, 52662398, 1139, 2398
0, 5267, 52671139, 52672398, 1139, 2398
0, 5268, 52681139, 52682398, 1139, 2398
0, 5269, 52691139, 52692398, 1139, 2398
0, 527, 5271139, 5272398, 1139, 2398
0, 5270, 52701139, 52702398, 1139, 2398
0, 5271, 52711139, 52713168, 1139, 3168
0, 5272, 52721139, 52722398, 1139, 2398
0, 5273, 52731139, 52732398, 1139, 2398
0, 5274, 52741139, 52742398, 1139, 2398
0, 5275, 52751139, 52752398, 1139, 2398
0, 5276, 52761139, 52762398, 1139, 2398
0, 5277, 52771139, 52772398, 1139, 2398
0, 5278, 52781139, 52783168, 1139, 3168
0, 5279, 52791139, 52792398, 1139, 2398
0, 528, 5281139, 5282398, 1139, 2398
0, 5280, 52801139, 52802689, 1139, 2689
0, 5281, 52811139, 52812398, 1139, 2398
0, 5282, 52821139, 52822398, 1139, 2398
0, 5283, 52831139, 52832398, 1139, 2398
0, 5284, 52841139, 52842398, 1139, 2398
0, 5285, 52851139, 52853753, 1139, 3753
0, 5286, 52861139, 52862398, 1139, 2398
0, 5287, 52871139, 52872398, 1139, 2398
0, 5288, 52881139, 52882398, 1139, 2398
0, 5289, 52891139, 52892398, 1139, 2398
0, 529, 5291139, 5292398, 1139, 2398
0, 5290, 52901139, 52902398, 1139, 2398
0, 5291, 52911139, 52912398, 1139, 2398
0, 5292, 52921139, 52925165, 1139, 5165
0, 5293, 52931139, 52932398, 1139, 2398
0, 5294, 52941139, 52942398, 1139, 2398
0, 5295, 52951139, 52952398, 1139, 2398
0, 5296, 52961139, 52962398, 1139, 2398
0, 5297, 52971139, 52972398, 1139, 2398
0, 5298, 52981139, 52982398, 1139, 2398
0, 5299, 52991139, 52993168, 1139, 3168
0, 53, 531139, 532398, 1139, 2398
0, 530, 5301139, 5302398, 1139, 2398
0, 5300, 53001139, 53002398, 1139, 2398
0, 5301, 53011139, 53012398, 1139, 2398
0, 5302, 53021139, 53022398, 1139, 2398
0, 5303, 53031139, 53032398, 1139, 2398
0, 5304, 53041139, 53042398, 1139, 2398
0, 5305, 53051139, 53052398, 1139, 2398
0, 5306, 53061139, 53063168, 1139, 3168
0, 5307, 53071139, 53072398, 1139, 2398
0, 5308, 53081139, 53082398, 1139, 2398
0, 5309, 53091139, 53092398, 1139, 2398
0, 531, 5311139, 5312398, 1139, 2398
0, 5310, 53101139, 53102398, 1139, 2398
0, 5311, 53111139, 53112398, 1139, 2398
0, 5312, 53121139, 53122398, 1139, 2398
0, 5313, 53131139, 53133168, 1139, 3168
0, 5314, 53141139, 53142398, 1139, 2398
0, 5315, 53151139, 53152398, 1139, 2398
0, 5316, 53161139, 53162398, 1139, 2398
0, 5317, 53171139, 53172398, 1139, 2398
0, 5318, 53181139, 53182398, 1139, 2398
0, 5319, 53191139, 53192398, 1139, 2398
0, 532, 5321139, 5325914, 1139, 5914
0, 5320, 53201139, 53205914, 1139, 5914
0, 5321, 53211139, 53214965, 1139, 4965
0, 5322, 53221139, 53222398, 1139, 2398
0, 5323, 53231139, 53232398, 1139, 2398
0, 5324, 53241139, 53242398, 1139, 2398
0, 5325, 53251139, 53252398, 1139, 2398
0, 5326, 53261139, 53262398, 1139, 2398
0, 5327, 53271139, 53273168, 1139, 3168
0, 5328, 53281139, 53282398, 1139, 2398
0, 5329, 53291139, 53292398, 1139, 2398
0, 533, 5331139, 5334868, 1139, 4868
0, 5330, 53301139, 53302398, 1139, 2398
0, 5331, 53311139, 53312398, 1139, 2398
0, 5332, 53321139, 53322398, 1139, 2398
0, 5333, 53331139, 53332398, 1139, 2398
0, 5334, 53341139, 53343168, 1139, 3168
0, 5335, 53351139, 53352398, 1139, 2398
0, 5336, 53361139, 53362398, 1139, 2398
0, 5337, 53371139, 53372398, 1139, 2398
0, 5338, 53381139, 53382398, 1139, 2398
0, 5339, 53391139, 53392398, 1139, 2398
0, 534, 5341139, 5342398, 1139, 2398
0, 5340, 53401139, 53402398, 1139, 2398
0, 5341, 53411139, 53413168, 1139, 3168
0, 5342, 53421139, 53422398, 1139, 2398
0, 5343, 53431139, 53432398, 1139, 2398
0, 5344, 53441139, 53442398, 1139, 2398
0, 5345, 53451139, 53452398, 1139, 2398
0, 5346, 53461139, 53462398, 1139, 2398
0, 5347, 53471139, 53472398, 1139, 2398
0, 5348, 53481139, 53483753, 1139, 3753
0, 5349, 53491139, 53492398, 1139, 2398
0, 535, 5351139, 5352398, 1139, 2398
0, 5350, 53501139, 53502398, 1139, 2398
0, 5351, 53511139, 53512398, 1139, 2398
0, 5352, 53521139, 53522689, 1139, 2689
0, 5353, 53531139, 53532398, 1139, 2398
0, 5354, 53541139, 53542398, 1139, 2398
0, 5355, 53551139, 53553753, 1139, 3753
0, 5356, 53561139, 53562398, 1139, 2398
0, 5357, 53571139, 53572398, 1139, 2398
0, 5358, 53581139, 53582398, 1139, 2398
0, 5359, 53591139, 53592398, 1139, 2398
0, 536, 5361139, 5362398, 1139, 2398
0, 5360, 53601139, 53602398, 1139, 2398
0, 5361, 53611139, 53612398, 1139, 2398
0, 5362, 53621139, 53623168, 1139, 3168
0, 5363, 53631139, 53632398, 1139, 2398
0, 5364, 53641139, 53642398, 1139, 2398
0, 5365, 53651139, 53652398, 1139, 2398
0, 5366, 53661139, 53662398, 1139, 2398
0, 5367, 53671139, 53672398, 1139, 2398
0, 5368, 53681139, 53682398, 1139, 2398
0, 5369, 53691139, 53693168, 1139, 3168
0, 537, 5371139, 5372398, 1139, 2398
0, 5370, 53701139, 53702398, 1139, 2398
0, 5371, 53711139, 53712398, 1139, 2398
0, 5372, 53721139, 53722398, 1139, 2398
0, 5373, 53731139, 53732398, 1139, 2398
0, 5374, 53741139, 53742398, 1139, 2398
0, 5375, 53751139, 53752398, 1139, 2398
0, 5376, 53761139, 53765188, 1139, 5188
0, 5377, 53771139, 53772398, 1139, 2398
0, 5378, 53781139, 53782398, 1139, 2398
0, 5379, 53791139, 53792398, 1139, 2398
0, 538, 5381139, 5382398, 1139, 2398
0, 5380, 53801139, 53802398, 1139, 2398
0, 5381, 53811139, 53812398, 1139, 2398
0, 5382, 53821139, 53822398, 1139, 2398
0, 5383, 53831139, 53833168, 1139, 3168
0, 5384, 53841139, 53842398, 1139, 2398
0, 5385, 53851139, 53852398, 1139, 2398
0, 5386, 53861139, 53862398, 1139, 2398
0, 5387, 53871139, 53872398, 1139, 2398
0, 5388, 53881139, 53882398, 1139, 2398
0, 5389, 53891139, 53892398, 1139, 2398
0, 539, 5391139, 5393168, 1139, 3168
0, 5390, 53901139, 53903753, 1139, 3753
0, 5391, 53911139, 53912398, 1139, 2398
0, 5392, 53921139, 53922398, 1139, 2398
0, 5393, 53931139, 53932398, 1139, 2398
0, 5394, 53941139, 53942398, 1139, 2398
0, 5395, 53951139, 53952398, 1139, 2398
0, 5396, 53961139, 53962398, 1139, 2398
0, 5397, 53971139, 53973168, 1139, 3168
0, 5398, 53981139, 53982398, 1139, 2398
0, 5399, 53991139, 53992398, 1139, 2398
0, 54, 541139, 542398, 1139, 2398
0, 540, 5401139, 5402398, 1139, 2398
0, 5400, 54001139, 54002689, 1139, 2689
0, 5401, 54011139, 54012398, 1139, 2398
0, 5402, 54021139, 54022398, 1139, 2398
0, 5403, 54031139, 54032398, 1139, 2398
0, 5404, 54041139, 54043753, 1139, 3753
0, 5405, 54051139, 54052398, 1139, 2398
0, 5406, 54061139, 54062398, 1139, 2398
0, 5407, 54071139, 54072398, 1139, 2398
0, 5408, 54081139, 54082398, 1139, 2398
0, 5409, 54091139, 54092398, 1139, 2398
0, 541, 5411139, 5412398, 1139, 2398
0, 5410, 54101139, 54102398, 1139, 2398
0, 5411, 54111139, 54113168, 1139, 3168
0, 5412, 54121139, 54122398, 1139, 2398
0, 5413, 54131139, 54132398, 1139, 2398
0, 5414, 54141139, 54142398, 1139, 2398
0, 5415, 54151139, 54152689, 1139, 2689
0, 5416, 54161139, 54162398, 1139, 2398
0, 5417, 54171139, 54172398, 1139, 2398
0, 5418, 54181139, 54183168, 1139, 3168
0, 5419, 54191139, 54192398, 1139, 2398
0, 542, 5421139, 5422398, 1139, 2398
0, 5420, 54201139, 54202398, 1139, 2398
0, 5421, 54211139, 54212398, 1139, 2398
0, 5422, 54221139, 54222398, 1139, 2398
0, 5423, 54231139, 54232398, 1139, 2398
0, 5424, 54241139, 54242398, 1139, 2398
0, 5425, 54251139, 54254868, 1139, 4868
0, 5426, 54261139, 54262398, 1139, 2398
0, 5427, 54271139, 54272398, 1139, 2398
0, 5428, 54281139, 54282398, 1139, 2398
0, 5429, 54291139, 54292398, 1139, 2398
0, 543, 5431139, 5432398, 1139, 2398
0, 5430, 54301139, 54302398, 1139, 2398
0, 5431, 54311139, 54312398, 1139, 2398
0, 5432, 54321139, 54325188, 1139, 5188
0, 5433, 54331139, 54332398, 1139, 2398
0, 5434, 54341139, 54342398, 1139, 2398
0, 5435, 54351139, 54352398, 1139, 2398
0, 5436, 54361139, 54362398, 1139, 2398
0, 5437, 54371139, 54372398, 1139, 2398
0, 5438, 54381139, 54382398, 1139, 2398
0, 5439, 54391139, 54393168, 1139, 3168
0, 544, 5441139, 5442398, 1139, 2398
0, 5440, 54401139, 54402398, 1139, 2398
0, 5441, 54411139, 54412398, 1139, 2398
0, 5442, 54421139, 54422398, 1139, 2398
0, 5443, 54431139, 54432398, 1139, 2398
0, 5444, 54441139, 54442398, 1139, 2398
0, 5445, 54451139, 54452398, 1139, 2398
0, 5446, 54461139, 54463168, 1139, 3168
0, 5447, 54471139, 54472398, 1139, 2398
0, 5448, 54481139, 54482398, 1139, 2398
0, 5449, 54491139, 54492398, 1139, 2398
0, 545, 5451139, 5452398, 1139, 2398
0, 5450, 54501139, 54502398, 1139, 2398
0, 5451, 54511139, 54512398, 1139, 2398
0, 5452, 54521139, 54522398, 1139, 2398
0, 5453, 54531139, 54533753, 1139, 3753
0, 5454, 54541139, 54542398, 1139, 2398
0, 5455, 54551139, 54552398, 1139, 2398
0, 5456, 54561139, 54562398, 1139, 2398
0, 5457, 54571139, 54572398, 1139, 2398
0, 5458, 54581139, 54582398, 1139, 2398
0, 5459, 54591139, 54592398, 1139, 2398
0, 546, 5461139, 5463168, 1139, 3168
0, 5460, 54601139, 54604868, 1139, 4868
0, 5461, 54611139, 54612398, 1139, 2398
0, 5462, 54621139, 54622398, 1139, 2398
0, 5463, 54631139, 54632398, 1139, 2398
0, 5464, 54641139, 54642398, 1139, 2398
0, 5465, 54651139, 54652398, 1139, 2398
0, 5466, 54661139, 54662398, 1139, 2398
0, 5467, 54671139, 54673168, 1139, 3168
0, 5468, 54681139, 54682398, 1139, 2398
0, 5469, 54691139, 54692398, 1139, 2398
0, 547, 5471139, 5472398, 1139, 2398
0, 5470, 54701139, 54702398, 1139, 2398
0, 5471, 54711139, 54712398, 1139, 2398
0, 5472, 54721139, 54722689, 1139, 2689
0, 5473, 54731139, 54732398, 1139, 2398
0, 5474, 54741139, 54743168, 1139, 3168
0, 5475, 54751139, 54752398, 1139, 2398
0, 5476, 54761139, 54762398, 1139, 2398
0, 5477, 54771139, 54772398, 1139, 2398
0, 5478, 54781139, 54782398, 1139, 2398
0, 5479, 54791139, 54792398, 1139, 2398
0, 548, 5481139, 5482398, 1139, 2398
0, 5480, 54801139, 54802398, 1139, 2398
0, 5481, 54811139, 54813168, 1139, 3168
0, 5482, 54821139, 54822398, 1139, 2398
0, 5483, 54831139, 54832398, 1139, 2398
0, 5484, 54841139, 54842398, 1139, 2398
0, 5485, 54851139, 54852398, 1139, 2398
0, 5486, 54861139, 54862398, 1139, 2398
0, 5487, 54871139, 54872398, 1139, 2398
0, 5488, 54881139, 54885188, 1139, 5188
0, 5489, 54891139, 54892398, 1139, 2398
0, 549, 5491139, 5492398, 1139, 2398
0, 5490, 54901139, 54902398, 1139, 2398
0, 5491, 54911139, 54912398, 1139, 2398
0, 5492, 54921139, 54922398, 1139, 2398
0, 5493, 54931139, 54932398, 1139, 2398
0, 5494, 54941139, 54942398, 1139, 2398
0, 5495, 54951139, 54953753, 1139, 3753
0, 5496, 54961139, 54962398, 1139, 2398
0, 5497, 54971139, 54972398, 1139, 2398
0, 5498, 54981139, 54982398, 1139, 2398
0, 5499, 54991139, 54992398, 1139, 2398
0, 55, 551139, 552398, 1139, 2398
0, 550, 5501139, 5502398, 1139, 2398
0, 5500, 55001139, 55002398, 1139, 2398
0, 5501, 55011139, 55012398, 1139, 2398
0, 5502, 55021139, 55023168, 1139, 3168
0, 5503, 55031139, 55032398, 1139, 2398
0, 5504, 55041139, 55042398, 1139, 2398
0, 5505, 55051139, 55052398, 1139, 2398
0, 5506, 55061139, 55062398, 1139, 2398
0, 5507, 55071139, 55072398, 1139, 2398
0, 5508, 55081139, 55082398, 1139, 2398
0, 5509, 55091139, 55093168, 1139, 3168
0, 551, 5511139, 5512398, 1139, 2398
0, 5510, 55101139, 55102398, 1139, 2398
0, 5511, 55111139, 55112398, 1139, 2398
0, 5512, 55121139, 55122398, 1139, 2398
0, 5513, 55131139, 55132398, 1139, 2398
0, 5514, 55141139, 55142398, 1139, 2398
0, 5515, 55151139, 55152398, 1139, 2398
0, 5516, 55161139, 55163753, 1139, 3753
0, 5517, 55171139, 55172398, 1139, 2398
0, 5518, 55181139, 55182398, 1139, 2398
0, 5519, 55191139, 55192398, 1139, 2398
0, 552, 5521139, 5522398, 1139, 2398
0, 5520, 55201139, 55204868, 1139, 4868
0, 5521, 55211139, 55212398, 1139, 2398
0, 5522, 55221139, 55222398, 1139, 2398
0, 5523, 55231139, 55233168, 1139, 3168
0, 5524, 55241139, 55242398, 1139, 2398
0, 5525, 55251139, 55252398, 1139, 2398
0, 5526, 55261139, 55262398, 1139, 2398
0, 5527, 55271139, 55272398, 1139, 2398
0, 5528, 55281139, 55282398, 1139, 2398
0, 5529, 55291139, 55292398, 1139, 2398
0, 553, 5531139, 5533168, 1139, 3168
0, 5530, 55301139, 55303753, 1139, 3753
0, 5531, 55311139, 55312398, 1139, 2398
0, 5532, 55321139, 55322398, 1139, 2398
0, 5533, 55331139, 55332398, 1139, 2398
0, 5534, 55341139, 55342398, 1139, 2398
0, 5535, 55351139, 55352398, 1139, 2398
0, 5536, 55361139, 55362398, 1139, 2398
0, 5537, 55371139, 55373168, 1139, 3168
0, 5538, 55381139, 55382398, 1139, 2398
0, 5539, 55391139, 55392398, 1139, 2398
0, 554, 5541139, 5542398, 1139, 2398
0, 5540, 55401139, 55402398, 1139, 2398
0, 5541, 55411139, 55412398, 1139, 2398
0, 5542, 55421139, 55422398, 1139, 2398
0, 5543, 55431139, 55432398, 1139, 2398
0, 5544, 55441139, 55445188, 1139, 5188
0, 5545, 55451139, 55452398, 1139, 2398
0, 5546, 55461139, 55462398, 1139, 2398
0, 5547, 55471139, 55472398, 1139, 2398
0, 5548, 55481139, 55482398, 1139, 2398
0, 5549, 55491139, 55492398, 1139, 2398
0, 555, 5551139, 5552398, 1139, 2398
0, 5550, 55501139, 55502398, 1139, 2398
0, 5551, 55511139, 55513168, 1139, 3168
0, 5552, 55521139, 55522398, 1139, 2398
0, 5553, 55531139, 55532398, 1139, 2398
0, 5554, 55541139, 55542398, 1139, 2398
0, 5555, 55551139, 55552398, 1139, 2398
0, 5556, 55561139, 55562398, 1139, 2398
0, 5557, 55571139, 55572398, 1139, 2398
0, 5558, 55581139, 55583753, 1139, 3753
0, 5559, 55591139, 55592398, 1139, 2398
0, 556, 5561139, 5562398, 1139, 2398
0, 5560, 55601139, 55602398, 1139, 2398
0, 5561, 55611139, 55612398, 1139, 2398
0, 5562, 55621139, 55622398, 1139, 2398
0, 5563, 55631139, 55632398, 1139, 2398
0, 5564, 55641139, 55642398, 1139, 2398
0, 5565, 55651139, 55653753, 1139, 3753
0, 5566, 55661139, 55662398, 1139, 2398
0, 5567, 55671139, 55672398, 1139, 2398
0, 5568, 55681139, 55682398, 1139, 2398
0, 5569, 55691139, 55692398, 1139, 2398
0, 557, 5571139, 5572398, 1139, 2398
0, 5570, 55701139, 55702398, 1139, 2398
0, 5571, 55711139, 55712398, 1139, 2398
0, 5572, 55721139, 55723753, 1139, 3753
0, 5573, 55731139, 55732398, 1139, 2398
0, 5574, 55741139, 55742398, 1139, 2398
0, 5575, 55751139, 55752398, 1139, 2398
0, 5576, 55761139, 55762398, 1139, 2398
0, 5577, 55771139, 55772398, 1139, 2398
0, 5578, 55781139, 55782398, 1139, 2398
0, 5579, 55791139, 55793168, 1139, 3168
0, 558, 5581139, 5582398, 1139, 2398
0, 5580, 55801139, 55802398, 1139, 2398
0, 5581, 55811139, 55812398, 1139, 2398
0, 5582, 55821139, 55822398, 1139, 2398
0, 5583, 55831139, 55832398, 1139, 2398
0, 5584, 55841139, 55842398, 1139, 2398
0, 5585, 55851139, 55852398, 1139, 2398
0, 5586, 55861139, 55863753, 1139, 3753
0, 5587, 55871139, 55872398, 1139, 2398
0, 5588, 55881139, 55882398, 1139, 2398
0, 5589, 55891139, 55892398, 1139, 2398
0, 559, 5591139, 5592398, 1139, 2398
0, 5590, 55901139, 55902398, 1139, 2398
0, 5591, 55911139, 55912398, 1139, 2398
0, 5592, 55921139, 55922398, 1139, 2398
0, 5593, 55931139, 55933168, 1139, 3168
0, 5594, 55941139, 55942398, 1139, 2398
0, 5595, 55951139, 55952398, 1139, 2398
0, 5596, 55961139, 55962398, 1139, 2398
0, 5597, 55971139, 55972398, 1139, 2398
0, 5598, 55981139, 55982398, 1139, 2398
0, 5599, 55991139, 55992398, 1139, 2398
0, 56, 561139, 565188, 1139, 5188
0, 560, 5601139, 5605188, 1139, 5188
0, 5600, 56001139, 56005188, 1139, 5188
0, 5601, 56011139, 56012398, 1139, 2398
0, 5602, 56021139, 56022398, 1139, 2398
0, 5603, 56031139, 56032398, 1139, 2398
0, 5604, 56041139, 56042398, 1139, 2398
0, 5605, 56051139, 56052398, 1139, 2398
0, 5606, 56061139, 56062398, 1139, 2398
0, 5607, 56071139, 56073168, 1139, 3168
0, 5608, 56081139, 56082398, 1139, 2398
0, 5609, 56091139, 56092398, 1139, 2398
0, 561, 5611139, 5612398, 1139, 2398
0, 5610, 56101139, 56102398, 1139, 2398
0, 5611, 56111139, 56112398, 1139, 2398
0, 5612, 56121139, 56122398, 1139, 2398
0, 5613, 56131139, 56132398, 1139, 2398
0, 5614, 56141139, 56143168, 1139, 3168
0, 5615, 56151139, 56152398, 1139, 2398
0, 5616, 56161139, 56162398, 1139, 2398
0, 5617, 56171139, 56172398, 1139, 2398
0, 5618, 56181139, 56182398, 1139, 2398
0, 5619, 56191139, 56192398, 1139, 2398
0, 562, 5621139, 5622398, 1139, 2398
0, 5620, 56201139, 56202398, 1139, 2398
0, 5621, 56211139, 56213168, 1139, 3168
0, 5622, 56221139, 56222398, 1139, 2398
0, 5623, 56231139, 56232398, 1139, 2398
0, 5624, 56241139, 56242398, 1139, 2398
0, 5625, 56251139, 56252398, 1139, 2398
0, 5626, 56261139, 56262398, 1139, 2398
0, 5627, 56271139, 56272398, 1139, 2398
0, 5628, 56281139, 56283753, 1139, 3753
0, 5629, 56291139, 56292398, 1139, 2398
0, 563, 5631139, 5632398, 1139, 2398
0, 5630, 56301139, 56302398, 1139, 2398
0, 5631, 56311139, 56312398, 1139, 2398
0, 5632, 56321139, 56322398, 1139, 2398
0, 5633, 56331139, 56332398, 1139, 2398
0, 5634, 56341139, 56342398, 1139, 2398
0, 5635, 56351139, 56353753, 1139, 3753
0, 5636, 56361139, 56362398, 1139, 2398
0, 5637, 56371139, 56372398, 1139, 2398
0, 5638, 56381139, 56382398, 1139, 2398
0, 5639, 56391139, 56392398, 1139, 2398
0, 564, 5641139, 5642398, 1139, 2398
0, 5640, 56401139, 56402689, 1139, 2689
0, 5641, 56411139, 56412398, 1139, 2398
0, 5642, 56421139, 56423168, 1139, 3168
0, 5643, 56431139, 56432398, 1139, 2398
0, 5644, 56441139, 56442398, 1139, 2398
0, 5645, 56451139, 56452398, 1139, 2398
0, 5646, 56461139, 56462398, 1139, 2398
0, 5647, 56471139, 56472398, 1139, 2398
0, 5648, 56481139, 56482398, 1139, 2398
0, 5649, 56491139, 56493168, 1139, 3168
0, 565, 5651139, 5652398, 1139, 2398
0, 5650, 56501139, 56502398, 1139, 2398
0, 5651, 56511139, 56512398, 1139, 2398
0, 5652, 56521139, 56522398, 1139, 2398
0, 5653, 56531139, 56533148, 1139, 3148
0, 5654, 56541139, 56542398, 1139, 2398
0, 5655, 56551139, 56552398, 1139, 2398
0, 5656, 56561139, 56565188, 1139, 5188
0, 5657, 56571139, 56572398, 1139, 2398
0, 5658, 56581139, 56582398, 1139, 2398
0, 5659, 56591139, 56592398, 1139, 2398
0, 566, 5661139, 5662398, 1139, 2398
0, 5660, 56601139, 56602398, 1139, 2398
0, 5661, 56611139, 56612398, 1139, 2398
0, 5662, 56621139, 56622398, 1139, 2398
0, 5663, 56631139, 56633168, 1139, 3168
0, 5664, 56641139, 56642398, 1139, 2398
0, 5665, 56651139, 56652398, 1139, 2398
0, 5666, 56661139, 56662398, 1139, 2398
0, 5667, 56671139, 56672398, 1139, 2398
0, 5668, 56681139, 56682398, 1139, 2398
0, 5669, 56691139, 56692398, 1139, 2398
0, 567, 5671139, 5673168, 1139, 3168
0, 5670, 56701139, 56703753, 1139, 3753
0, 5671, 56711139, 56712398, 1139, 2398
0, 5672, 56721139, 56722398, 1139, 2398
0, 5673, 56731139, 56732398, 1139, 2398
0, 5674, 56741139, 56742398, 1139, 2398
0, 5675, 56751139, 56752398, 1139, 2398
0, 5676, 56761139, 56762398, 1139, 2398
0, 5677, 56771139, 56773168, 1139, 3168
0, 5678, 56781139, 56782398, 1139, 2398
0, 5679, 56791139, 56792398, 1139, 2398
0, 568, 5681139, 5682398, 1139, 2398
0, 5680, 56801139, 56802398, 1139, 2398
0, 5681, 56811139, 56812398, 1139, 2398
0, 5682, 56821139, 56822398, 1139, 2398
0, 5683, 56831139, 56832398, 1139, 2398
0, 5684, 56841139, 56843753, 1139, 3753
0, 5685, 56851139, 56852398, 1139, 2398
0, 5686, 56861139, 56862398, 1139, 2398
0, 5687, 56871139, 56872398, 1139, 2398
0, 5688, 56881139, 56882689, 1139, 2689
0, 5689, 56891139, 56892398, 1139, 2398
0, 569, 5691139, 5692398, 1139, 2398
0, 5690, 56901139, 56902398, 1139, 2398
0, 5691, 56911139, 56913753, 1139, 3753
0, 5692, 56921139, 56922398, 1139, 2398
0, 5693, 56931139, 56932398, 1139, 2398
0, 5694, 56941139, 56942398, 1139, 2398
0, 5695, 56951139, 56952398, 1139, 2398
0, 5696, 56961139, 56962398, 1139, 2398
0, 5697, 56971139, 56972398, 1139, 2398
0, 5698, 56981139, 56983168, 1139, 3168
0, 5699, 56991139, 56992398, 1139, 2398
0, 57, 571139, 572398, 1139, 2398
0, 570, 5701139, 5702398, 1139, 2398
0, 5700, 57001139, 57002689, 1139, 2689
0, 5701, 57011139, 57012398, 1139, 2398
0, 5702, 57021139, 57022398, 1139, 2398
0, 5703, 57031139, 57032398, 1139, 2398
0, 5704, 57041139, 57042398, 1139, 2398
0, 5705, 57051139, 57053753, 1139, 3753
0, 5706, 57061139, 57062398, 1139, 2398
0, 5707, 57071139, 57072398, 1139, 2398
0, 5708, 57081139, 57082398, 1139, 2398
0, 5709, 57091139, 57092398, 1139, 2398
0, 571, 5711139, 5712398, 1139, 2398
0, 5710, 57101139, 57102398, 1139, 2398
0, 5711, 57111139, 57112398, 1139, 2398
0, 5712, 57121139, 57125188, 1139, 5188
0, 5713, 57131139, 57134250, 1139, 4250
0, 5714, 57141139, 57142398, 1139, 2398
0, 5715, 57151139, 57152398, 1139, 2398
0, 5716, 57161139, 57162398, 1139, 2398
0, 5717, 57171139, 57172398, 1139, 2398
0, 5718, 57181139, 57182398, 1139, 2398
0, 5719, 57191139, 57193753, 1139, 3753
0, 572, 5721139, 5722398, 1139, 2398
0, 5720, 57201139, 57202398, 1139, 2398
0, 5721, 57211139, 57212398, 1139, 2398
0, 5722, 57221139, 57222398, 1139, 2398
0, 5723, 57231139, 57232398, 1139, 2398
0, 5724, 57241139, 57242398, 1139, 2398
0, 5725, 57251139, 57252398, 1139, 2398
0, 5726, 57261139, 57263168, 1139, 3168
0, 5727, 57271139, 57272398, 1139, 2398
0, 5728, 57281139, 57282398, 1139, 2398
0, 5729, 57291139, 57292398, 1139, 2398
0, 573, 5731139, 5732398, 1139, 2398
0, 5730, 57301139, 57302398, 1139, 2398
0, 5731, 57311139, 57312398, 1139, 2398
0, 5732, 57321139, 57322398, 1139, 2398
0, 5733, 57331139, 57333168, 1139, 3168
0, 5734, 57341139, 57342398, 1139, 2398
0, 5735, 57351139, 57352398, 1139, 2398
0, 5736, 57361139, 57362398, 1139, 2398
0, 5737, 57371139, 57372398, 1139, 2398
0, 5738, 57381139, 57382398, 1139, 2398
0, 5739, 57391139, 57392398, 1139, 2398
0, 574, 5741139, 5743168, 1139, 3168
0, 5740, 57401139, 57404868, 1139, 4868
0, 5741, 57411139, 57412398, 1139, 2398
0, 5742, 57421139, 57422398, 1139, 2398
0, 5743, 57431139, 57432398, 1139, 2398
0, 5744, 57441139, 57442398, 1139, 2398
0, 5745, 57451139, 57452398, 1139, 2398
0, 5746, 57461139, 57462398, 1139, 2398
0, 5747, 57471139, 57473168, 1139, 3168
0, 5748, 57481139, 57482398, 1139, 2398
0, 5749, 57491139, 57492398, 1139, 2398
0, 575, 5751139, 5752398, 1139, 2398
0, 5750, 57501139, 57502398, 1139, 2398
0, 5751, 57511139, 57512398, 1139, 2398
0, 5752, 57521139, 57522398, 1139, 2398
0, 5753, 57531139, 57532398, 1139, 2398
0, 5754, 57541139, 57543168, 1139, 3168
0, 5755, 57551139, 57552398, 1139, 2398
0, 5756, 57561139, 57562398, 1139, 2398
0, 5757, 57571139, 57572398, 1139, 2398
0, 5758, 57581139, 57582398, 1139, 2398
0, 5759, 57591139, 57592398, 1139, 2398
0, 576, 5761139, 5762398, 1139, 2398
0, 5760, 57601139, 57602689, 1139, 2689
0, 5761, 57611139, 57613168, 1139, 3168
0, 5762, 57621139, 57622398, 1139, 2398
0, 5763, 57631139, 57632398, 1139, 2398
0, 5764, 57641139, 57642398, 1139, 2398
0, 5765, 57651139, 57652398, 1139, 2398
0, 5766, 57661139, 57662398, 1139, 2398
0, 5767, 57671139, 57672398, 1139, 2398
0, 5768, 57681139, 57685188, 1139, 5188
0, 5769, 57691139, 57692398, 1139, 2398
0, 577, 5771139, 5772398, 1139, 2398
0, 5770, 57701139, 57702398, 1139, 2398
0, 5771, 57711139, 57712398, 1139, 2398
0, 5772, 57721139, 57722398, 1139, 2398
0, 5773, 57731139, 57732398, 1139, 2398
0, 5774, 57741139, 57742398, 1139, 2398
0, 5775, 57751139, 57753753, 1139, 3753
0, 5776, 57761139, 57762398, 1139, 2398
0, 5777, 57771139, 57772398, 1139, 2398
0, 5778, 57781139, 57782398, 1139, 2398
0, 5779, 57791139, 57792398, 1139, 2398
0, 578, 5781139, 5782398, 1139, 2398
0, 5780, 57801139, 57802398, 1139, 2398
0, 5781, 57811139, 57812398, 1139, 2398
0, 5782, 57821139, 57823168, 1139, 3168
0, 5783, 57831139, 57832398, 1139, 2398
0, 5784, 57841139, 57842398, 1139, 2398
0, 5785, 57851139, 57852398, 1139, 2398
0, 5786, 57861139, 57862398, 1139, 2398
0, 5787, 57871139, 57872398, 1139, 2398
0, 5788, 57881139, 57882398, 1139, 2398
0, 5789, 57891139, 57893168, 1139, 3168
0, 579, 5791139, 5792398, 1139, 2398
0, 5790, 57901139, 57902398, 1139, 2398
0, 5791, 57911139, 57912398, 1139, 2398
0, 5792, 57921139, 57922398, 1139, 2398
0, 5793, 57931139, 57932398, 1139, 2398
0, 5794, 57941139, 57942398, 1139, 2398
0, 5795, 57951139, 57952398, 1139, 2398
0, 5796, 57961139, 57963753, 1139, 3753
0, 5797, 57971139, 57972398, 1139, 2398
0, 5798, 57981139, 57982398, 1139, 2398
0, 5799, 57991139, 57992398, 1139, 2398
0, 58, 581139, 582398, 1139, 2398
0, 580, 5801139, 5802398, 1139, 2398
0, 5800, 58001139, 58004166, 1139, 4166
0, 5801, 58011139, 58012398, 1139, 2398
0, 5802, 58021139, 58022398, 1139, 2398
0, 5803, 58031139, 58033168, 1139, 3168
0, 5804, 58041139, 58042398, 1139, 2398
0, 5805, 58051139, 58052398, 1139, 2398
0, 5806, 58061139, 58062398, 1139, 2398
0, 5807, 58071139, 58072398, 1139, 2398
0, 5808, 58081139, 58082398, 1139, 2398
0, 5809, 58091139, 58092398, 1139, 2398
0, 581, 5811139, 5813168, 1139, 3168
0, 5810, 58101139, 58103753, 1139, 3753
0, 5811, 58111139, 58112398, 1139, 2398
0, 5812, 58121139, 58122398, 1139, 2398
0, 5813, 58131139, 58132398, 1139, 2398
0, 5814, 58141139, 58142398, 1139, 2398
0, 5815, 58151139, 58152398, 1139, 2398
0, 5816, 58161139, 58162398, 1139, 2398
0, 5817, 58171139, 58173168, 1139, 3168
0, 5818, 58181139, 58182398, 1139, 2398
0, 5819, 58191139, 58192398, 1139, 2398
0, 582, 5821139, 5822398, 1139, 2398
0, 5820, 58201139, 58202398, 1139, 2398
0, 5821, 58211139, 58212398, 1139, 2398
0, 5822, 58221139, 58222398, 1139, 2398
0, 5823, 58231139, 58232398, 1139, 2398
0, 5824, 58241139, 58245188, 1139, 5188
0, 5825, 58251139, 58253931, 1139, 3931
0, 5826, 58261139, 58262398, 1139, 2398
0, 5827, 58271139, 58272398, 1139, 2398
0, 5828, 58281139, 58282398, 1139, 2398
0, 5829, 58291139, 58292398, 1139, 2398
0, 583, 5831139, 5832398, 1139, 2398
0, 5830, 58301139, 58302398, 1139, 2398
0, 5831, 58311139, 58313168, 1139, 3168
0, 5832, 58321139, 58322398, 1139, 2398
0, 5833, 58331139, 58332398, 1139, 2398
0, 5834, 58341139, 58342398, 1139, 2398
0, 5835, 58351139, 58352398, 1139, 2398
0, 5836, 58361139, 58362398, 1139, 2398
0, 5837, 58371139, 58372398, 1139, 2398
0, 5838, 58381139, 58383168, 1139, 3168
0, 5839, 58391139, 58392398, 1139, 2398
0, 584, 5841139, 5842398, 1139, 2398
0, 5840, 58401139, 58402398, 1139, 2398
0, 5841, 58411139, 58412398, 1139, 2398
0, 5842, 58421139, 58422398, 1139, 2398
0, 5843, 58431139, 58432398, 1139, 2398
0, 5844, 58441139, 58442398, 1139, 2398
0, 5845, 58451139, 58453753, 1139, 3753
0, 5846, 58461139, 58462398, 1139, 2398
0, 5847, 58471139, 58472398, 1139, 2398
0, 5848, 58481139, 58482398, 1139, 2398
0, 5849, 58491139, 58492398, 1139, 2398
0, 585, 5851139, 5852398, 1139, 2398
0, 5850, 58501139, 58502398, 1139, 2398
0, 5851, 58511139, 58512398, 1139, 2398
0, 5852, 58521139, 58525914, 1139, 5914
0, 5853, 58531139, 58534359, 1139, 4359
0, 5854, 58541139, 58542398, 1139, 2398
0, 5855, 58551139, 58552398, 1139, 2398
0, 5856, 58561139, 58562689, 1139, 2689
0, 5857, 58571139, 58572398, 1139, 2398
0, 5858, 58581139, 58582398, 1139, 2398
0, 5859, 58591139, 58593168, 1139, 3168
0, 586, 5861139, 5862398, 1139, 2398
0, 5860, 58601139, 58602398, 1139, 2398
0, 5861, 58611139, 58612398, 1139, 2398
0, 5862, 58621139, 58622398, 1139, 2398
0, 5863, 58631139, 58632398, 1139, 2398
0, 5864, 58641139, 58642398, 1139, 2398
0, 5865, 58651139, 58652398, 1139, 2398
0, 5866, 58661139, 58663168, 1139, 3168
0, 5867, 58671139, 58672398, 1139, 2398
0, 5868, 58681139, 58682398, 1139, 2398
0, 5869, 58691139, 58692398, 1139, 2398
0, 587, 5871139, 5872398, 1139, 2398
0, 5870, 58701139, 58702398, 1139, 2398
0, 5871, 58711139, 58712398, 1139, 2398
0, 5872, 58721139, 58722398, 1139, 2398
0, 5873, 58731139, 58733168, 1139, 3168
0, 5874, 58741139, 58742398, 1139, 2398
0, 5875, 58751139, 58752398, 1139, 2398
0, 5876, 58761139, 58762398, 1139, 2398
0, 5877, 58771139, 58772398, 1139, 2398
0, 5878, 58781139, 58782398, 1139, 2398
0, 5879, 58791139, 58792398, 1139, 2398
0, 588, 5881139, 5883753, 1139, 3753
0, 5880, 58801139, 58805188, 1139, 5188
0, 5881, 58811139, 58812398, 1139, 2398
0, 5882, 58821139, 58822398, 1139, 2398
0, 5883, 58831139, 58832398, 1139, 2398
0, 5884, 58841139, 58842398, 1139, 2398
0, 5885, 58851139, 58852398, 1139, 2398
0, 5886, 58861139, 58862398, 1139, 2398
0, 5887, 58871139, 58873168, 1139, 3168
0, 5888, 58881139, 58882398, 1139, 2398
0, 5889, 58891139, 58892398, 1139, 2398
0, 589, 5891139, 5892398, 1139, 2398
0, 5890, 58901139, 58902398, 1139, 2398
0, 5891, 58911139, 58912398, 1139, 2398
0, 5892, 58921139, 58922398, 1139, 2398
0, 5893, 58931139, 58932398, 1139, 2398
0, 5894, 58941139, 58943168, 1139, 3168
0, 5895, 58951139, 58952398, 1139, 2398
0, 5896, 58961139, 58962398, 1139, 2398
0, 5897, 58971139, 58972398, 1139, 2398
0, 5898, 58981139, 58982398, 1139, 2398
0, 5899, 58991139, 58992398, 1139, 2398
0, 59, 591139, 592398, 1139, 2398
0, 590, 5901139, 5902398, 1139, 2398
0, 5900, 59001139, 59002398, 1139, 2398
0, 5901, 59011139, 59013168, 1139, 3168
0, 5902, 59021139, 59022398, 1139, 2398
0, 5903, 59031139, 59032398, 1139, 2398
0, 5904, 59041139, 59042398, 1139, 2398
0, 5905, 59051139, 59052398, 1139, 2398
0, 5906, 59061139, 59062398, 1139, 2398
0, 5907, 59071139, 59072398, 1139, 2398
0, 5908, 59081139, 59083753, 1139, 3753
0, 5909, 59091139, 59092398, 1139, 2398
0, 591, 5911139, 5912398, 1139, 2398
0, 5910, 59101139, 59102398, 1139, 2398
0, 5911, 59111139, 59112398, 1139, 2398
0, 5912, 59121139, 59122398, 1139, 2398
0, 5913, 59131139, 59132398, 1139, 2398
0, 5914, 59141139, 59142398, 1139, 2398
0, 5915, 59151139, 59153753, 1139, 3753
0, 5916, 59161139, 59162398, 1139, 2398
0, 5917, 59171139, 59172398, 1139, 2398
0, 5918, 59181139, 59182398, 1139, 2398
0, 5919, 59191139, 59192398, 1139, 2398
0, 592, 5921139, 5922398, 1139, 2398
0, 5920, 59201139, 59202398, 1139, 2398
0, 5921, 59211139, 59212398, 1139, 2398
0, 5922, 59221139, 59223168, 1139, 3168
0, 5923, 59231139, 59232398, 1139, 2398
0, 5924, 59241139, 59242398, 1139, 2398
0, 5925, 59251139, 59252398, 1139, 2398
0, 5926, 59261139, 59262398, 1139, 2398
0, 5927, 59271139, 59272398, 1139, 2398
0, 5928, 59281139, 59282689, 1139, 2689
0, 5929, 59291139, 59293168, 1139, 3168
0, 593, 5931139, 5932398, 1139, 2398
0, 5930, 59301139, 59302398, 1139, 2398
0, 5931, 59311139, 59312398, 1139, 2398
0, 5932, 59321139, 59322398, 1139, 2398
0, 5933, 59331139, 59332398, 1139, 2398
0, 5934, 59341139, 59342398, 1139, 2398
0, 5935, 59351139, 59352398, 1139, 2398
0, 5936, 59361139, 59365188, 1139, 5188
0, 5937, 59371139, 59372398, 1139, 2398
0, 5938, 59381139, 59382398, 1139, 2398
0, 5939, 59391139, 59392398, 1139, 2398
0, 594, 5941139, 5942398, 1139, 2398
0, 5940, 59401139, 59402689, 1139, 2689
0, 5941, 59411139, 59412398, 1139, 2398
0, 5942, 59421139, 59422398, 1139, 2398
0, 5943, 59431139, 59433168, 1139, 3168
0, 5944, 59441139, 59442398, 1139, 2398
0, 5945, 59451139, 59452398, 1139, 2398
0, 5946, 59461139, 59462398, 1139, 2398
0, 5947, 59471139, 59472398, 1139, 2398
0, 5948, 59481139, 59482398, 1139, 2398
0, 5949, 59491139, 59492398, 1139, 2398
0, 595, 5951139, 5953753, 1139, 3753
0, 5950, 59501139, 59503753, 1139, 3753
0, 5951, 59511139, 59512398, 1139, 2398
0, 5952, 59521139, 59522398, 1139, 2398
0, 5953, 59531139, 59532398, 1139, 2398
0, 5954, 59541139, 59542398, 1139, 2398
0, 5955, 59551139, 59552398, 1139, 2398
0, 5956, 59561139, 59562398, 1139, 2398
0, 5957, 59571139, 59573753, 1139, 3753
0, 5958, 59581139, 59582398, 1139, 2398
0, 5959, 59591139, 59592398, 1139, 2398
0, 596, 5961139, 5962398, 1139, 2398
0, 5960, 59601139, 59602398, 1139, 2398
0, 5961, 59611139, 59612398, 1139, 2398
0, 5962, 59621139, 59622398, 1139, 2398
0, 5963, 59631139, 59632398, 1139, 2398
0, 5964, 59641139, 59643753, 1139, 3753
0, 5965, 59651139, 59652398, 1139, 2398
0, 5966, 59661139, 59662398, 1139, 2398
0, 5967, 59671139, 59672398, 1139, 2398
0, 5968, 59681139, 59682398, 1139, 2398
0, 5969, 59691139, 59692398, 1139, 2398
0, 597, 5971139, 5972398, 1139, 2398
0, 5970, 59701139, 59702398, 1139, 2398
0, 5971, 59711139, 59713168, 1139, 3168
0, 5972, 59721139, 59722398, 1139, 2398
0, 5973, 59731139, 59732398, 1139, 2398
0, 5974, 59741139, 59742398, 1139, 2398
0, 5975, 59751139, 59752398, 1139, 2398
0, 5976, 59761139, 59762689, 1139, 2689
0, 5977, 59771139, 59772398, 1139, 2398
0, 5978, 59781139, 59783168, 1139, 3168
0, 5979, 59791139, 59792398, 1139, 2398
0, 598, 5981139, 5982398, 1139, 2398
0, 5980, 59801139, 59802398, 1139, 2398
0, 5981, 59811139, 59812398, 1139, 2398
0, 5982, 59821139, 59822398, 1139, 2398
0, 5983, 59831139, 59832398, 1139, 2398
0, 5984, 59841139, 59842398, 1139, 2398
0, 5985, 59851139, 59854868, 1139, 4868
0, 5986, 59861139, 59862398, 1139, 2398
0, 5987, 59871139, 59872398, 1139, 2398
0, 5988, 59881139, 59882398, 1139, 2398
0, 5989, 59891139, 59892398, 1139, 2398
0, 599, 5991139, 5992398, 1139, 2398
0, 5990, 59901139, 59902398, 1139, 2398
0, 5991, 59911139, 59912398, 1139, 2398
0, 5992, 59921139, 59925188, 1139, 5188
0, 5993, 59931139, 59934250, 1139, 4250
0, 5994, 59941139, 59942398, 1139, 2398
0, 5995, 59951139, 59952398, 1139, 2398
0, 5996, 59961139, 59962398, 1139, 2398
0, 5997, 59971139, 59972398, 1139, 2398
0, 5998, 59981139, 59982398, 1139, 2398
0, 5999, 59991139, 59993168, 1139, 3168
0, 6, 61139, 62398, 1139, 2398
0, 60, 601139, 602689, 1139, 2689
0, 600, 6001139, 6002689, 1139, 2689
0, 6000, 60001139, 60002689, 1139, 2689
0, 6001, 60011139, 60012398, 1139, 2398
0, 6002, 60021139, 60022398, 1139, 2398
0, 6003, 60031139, 60032398, 1139, 2398
0, 6004, 60041139, 60042398, 1139, 2398
0, 6005, 60051139, 60052398, 1139, 2398
0, 6006, 60061139, 60063168, 1139, 3168
0, 6007, 60071139, 60072398, 1139, 2398
0, 6008, 60081139, 60082398, 1139, 2398
0, 6009, 60091139, 60092398, 1139, 2398
0, 601, 6011139, 6012398, 1139, 2398
0, 6010, 60101139, 60102398, 1139, 2398
0, 6011, 60111139, 60112398, 1139, 2398
0, 6012, 60121139, 60122398, 1139, 2398
0, 6013, 60131139, 60133168, 1139, 3168
0, 6014, 60141139, 60142398, 1139, 2398
0, 6015, 60151139, 60152398, 1139, 2398
0, 6016, 60161139, 60162398, 1139, 2398
0, 6017, 60171139, 60172398, 1139, 2398
0, 6018, 60181139, 60182398, 1139, 2398
0, 6019, 60191139, 60192398, 1139, 2398
0, 602, 6021139, 6023168, 1139, 3168
0, 6020, 60201139, 60204868, 1139, 4868
0, 6021, 60211139, 60212398, 1139, 2398
0, 6022, 60221139, 60222398, 1139, 2398
0, 6023, 60231139, 60232398, 1139, 2398
0, 6024, 60241139, 60242689, 1139, 2689
0, 6025, 60251139, 60252398, 1139, 2398
0, 6026, 60261139, 60262398, 1139, 2398
0, 6027, 60271139, 60273168, 1139, 3168
0, 6028, 60281139, 60282398, 1139, 2398
0, 6029, 60291139, 60292398, 1139, 2398
0, 603, 6031139, 6032398, 1139, 2398
0, 6030, 60301139, 60302398, 1139, 2398
0, 6031, 60311139, 60312398, 1139, 2398
0, 6032, 60321139, 60322398, 1139, 2398
0, 6033, 60331139, 60332398, 1139, 2398
0, 6034, 60341139, 60343168, 1139, 3168
0, 6035, 60351139, 60352398, 1139, 2398
0, 6036, 60361139, 60362398, 1139, 2398
0, 6037, 60371139, 60372398, 1139, 2398
0, 6038, 60381139, 60382398, 1139, 2398
0, 6039, 60391139, 60392398, 1139, 2398
0, 604, 6041139, 6042398, 1139, 2398
0, 6040, 60401139, 60402398, 1139, 2398
0, 6041, 60411139, 60413168, 1139, 3168
0, 6042, 60421139, 60422398, 1139, 2398
0, 6043, 60431139, 60432398, 1139, 2398
0, 6044, 60441139, 60442398, 1139, 2398
0, 6045, 60451139, 60452398, 1139, 2398
0, 6046, 60461139, 60462398, 1139, 2398
0, 6047, 60471139, 60472398, 1139, 2398
0, 6048, 60481139, 60485188, 1139, 5188
0, 6049, 60491139, 60492398, 1139, 2398
0, 605, 6051139, 6052398, 1139, 2398
0, 6050, 60501139, 60502398, 1139, 2398
0, 6051, 60511139, 60512398, 1139, 2398
0, 6052, 60521139, 60522398, 1139, 2398
0, 6053, 60531139, 60532398, 1139, 2398
0, 6054, 60541139, 60542398, 1139, 2398
0, 6055, 60551139, 60553753, 1139, 3753
0, 6056, 60561139, 60562398, 1139, 2398
0, 6057, 60571139, 60572398, 1139, 2398
0, 6058, 60581139, 60582398, 1139, 2398
0, 6059, 60591139, 60592398, 1139, 2398
0, 606, 6061139, 6062398, 1139, 2398
0, 6060, 60601139, 60602398, 1139, 2398
0, 6061, 60611139, 60612398, 1139, 2398
0, 6062, 60621139, 60623168, 1139, 3168
0, 6063, 60631139, 60632398, 1139, 2398
0, 6064, 60641139, 60642398, 1139, 2398
0, 6065, 60651139, 60652398, 1139, 2398
0, 6066, 60661139, 60662398, 1139, 2398
0, 6067, 60671139, 60672398, 1139, 2398
0, 6068, 60681139, 60682398, 1139, 2398
0, 6069, 60691139, 60693168, 1139, 3168
0, 607, 6071139, 6072398, 1139, 2398
0, 6070, 60701139, 60702398, 1139, 2398
0, 6071, 60711139, 60712398, 1139, 2398
0, 6072, 60721139, 60722398, 1139, 2398
0, 6073, 60731139, 60732398, 1139, 2398
0, 6074, 60741139, 60742398, 1139, 2398
0, 6075, 60751139, 60752398, 1139, 2398
0, 6076, 60761139, 60763753, 1139, 3753
0, 6077, 60771139, 60772398, 1139, 2398
0, 6078, 60781139, 60782398, 1139, 2398
0, 6079, 60791139, 60792398, 1139, 2398
0, 608, 6081139, 6082398, 1139, 2398
0, 6080, 60801139, 60804868, 1139, 4868
0, 6081, 60811139, 60812398, 1139, 2398
0, 6082, 60821139, 60822398, 1139, 2398
0, 6083, 60831139, 60833168, 1139, 3168
0, 6084, 60841139, 60842398, 1139, 2398
0, 6085, 60851139, 60852398, 1139, 2398
0, 6086, 60861139, 60862398, 1139, 2398
0, 6087, 60871139, 60872398, 1139, 2398
0, 6088, 60881139, 60882398, 1139, 2398
0, 6089, 60891139, 60892398, 1139, 2398
0, 609, 6091139, 6093168, 1139, 3168
0, 6090, 60901139, 60904868, 1139, 4868
0, 6091, 60911139, 60912398, 1139, 2398
0, 6092, 60921139, 60922398, 1139, 2398
0, 6093, 60931139, 60932398, 1139, 2398
0, 6094, 60941139, 60942398, 1139, 2398
0, 6095, 60951139, 60952398, 1139, 2398
0, 6096, 60961139, 60962398, 1139, 2398
0, 6097, 60971139, 60973168, 1139, 3168
0, 6098, 60981139, 60982398, 1139, 2398
0, 6099, 60991139, 60992398, 1139, 2398
0, 61, 611139, 612398, 1139, 2398
0, 610, 6101139, 6102398, 1139, 2398
0, 6100, 61001139, 61002398, 1139, 2398
0, 6101, 61011139, 61012398, 1139, 2398
0, 6102, 61021139, 61022398, 1139, 2398
0, 6103, 61031139, 61032398, 1139, 2398
0, 6104, 61041139, 61045188, 1139, 5188
0, 6105, 61051139, 61052398, 1139, 2398
0, 6106, 61061139, 61062398, 1139, 2398
0, 6107, 61071139, 61072398, 1139, 2398
0, 6108, 61081139, 61082398, 1139, 2398
0, 6109, 61091139, 61092398, 1139, 2398
0, 611, 6111139, 6112398, 1139, 2398
0, 6110, 61101139, 61102398, 1139, 2398
0, 6111, 61111139, 61113168, 1139, 3168
0, 6112, 61121139, 61122398, 1139, 2398
0, 6113, 61131139, 61132398, 1139, 2398
0, 6114, 61141139, 61142398, 1139, 2398
0, 6115, 61151139, 61152398, 1139, 2398
0, 6116, 61161139, 61162398, 1139, 2398
0, 6117, 61171139, 61172398, 1139, 2398
0, 6118, 61181139, 61183753, 1139, 3753
0, 6119, 61191139, 61192398, 1139, 2398
0, 612, 6121139, 6122398, 1139, 2398
0, 6120, 61201139, 61202689, 1139, 2689
0, 6121, 61211139, 61212398, 1139, 2398
0, 6122, 61221139, 61222398, 1139, 2398
0, 6123, 61231139, 61232398, 1139, 2398
0, 6124, 61241139, 61242398, 1139, 2398
0, 6125, 61251139, 61253753, 1139, 3753
0, 6126, 61261139, 61262398, 1139, 2398
0, 6127, 61271139, 61272398, 1139, 2398
0, 6128, 61281139, 61282398, 1139, 2398
0, 6129, 61291139, 61292398, 1139, 2398
0, 613, 6131139, 6132398, 1139, 2398
0, 6130, 61301139, 61302398, 1139, 2398
0, 6131, 61311139, 61312398, 1139, 2398
0, 6132, 61321139, 61323753, 1139, 3753
0, 6133, 61331139, 61332398, 1139, 2398
0, 6134, 61341139, 61342398, 1139, 2398
0, 6135, 61351139, 61352398, 1139, 2398
0, 6136, 61361139, 61362398, 1139, 2398
0, 6137, 61371139, 61372398, 1139, 2398
0, 6138, 61381139, 61382398, 1139, 2398
0, 6139, 61391139, 61393168, 1139, 3168
0, 614, 6141139, 6142398, 1139, 2398
0, 6140, 61401139, 61402398, 1139, 2398
0, 6141, 61411139, 61412398, 1139, 2398
0, 6142, 61421139, 61422398, 1139, 2398
0, 6143, 61431139, 61432398, 1139, 2398
0, 6144, 61441139, 61442398, 1139, 2398
0, 6145, 61451139, 61452398, 1139, 2398
0, 6146, 61461139, 61463168, 1139, 3168
0, 6147, 61471139, 61472398, 1139, 2398
0, 6148, 61481139, 61482398, 1139, 2398
0, 6149, 61491139, 61492398, 1139, 2398
0, 615, 6151139, 6152398, 1139, 2398
0, 6150, 61501139, 61502398, 1139, 2398
0, 6151, 61511139, 61512398, 1139, 2398
0, 6152, 61521139, 61522398, 1139, 2398
0, 6153, 61531139, 61533168, 1139, 3168
0, 6154, 61541139, 61542398, 1139, 2398
0, 6155, 61551139, 61552398, 1139, 2398
0, 6156, 61561139, 61562398, 1139, 2398
0, 6157, 61571139, 61572398, 1139, 2398
0, 6158, 61581139, 61582398, 1139, 2398
0, 6159, 61591139, 61592398, 1139, 2398
0, 616, 6161139, 6165188, 1139, 5188
0, 6160, 61601139, 61605188, 1139, 5188
0, 6161, 61611139, 61614099, 1139, 4099
0, 6162, 61621139, 61622398, 1139, 2398
0, 6163, 61631139, 61632398, 1139, 2398
0, 6164, 61641139, 61642398, 1139, 2398
0, 6165, 61651139, 61652398, 1139, 2398
0, 6166, 61661139, 61662398, 1139, 2398
0, 6167, 61671139, 61673168, 1139, 3168
0, 6168, 61681139, 61682398, 1139, 2398
0, 6169, 61691139, 61692398, 1139, 2398
0, 617, 6171139, 6172398, 1139, 2398
0, 6170, 61701139, 61702398, 1139, 2398
0, 6171, 61711139, 61712398, 1139, 2398
0, 6172, 61721139, 61722398, 1139, 2398
0, 6173, 61731139, 61732398, 1139, 2398
0, 6174, 61741139, 61743168, 1139, 3168
0, 6175, 61751139, 61752398, 1139, 2398
0, 6176, 61761139, 61762398, 1139, 2398
0, 6177, 61771139, 61772398, 1139, 2398
0, 6178, 61781139, 61782398, 1139, 2398
0, 6179, 61791139, 61792398, 1139, 2398
0, 618, 6181139, 6182398, 1139, 2398
0, 6180, 61801139, 61802398, 1139, 2398
0, 6181, 61811139, 61813168, 1139, 3168
0, 6182, 61821139, 61822398, 1139, 2398
0, 6183, 61831139, 61832398, 1139, 2398
0, 6184, 61841139, 61842398, 1139, 2398
0, 6185, 61851139, 61852398, 1139, 2398
0, 6186, 61861139, 61862398, 1139, 2398
0, 6187, 61871139, 61872398, 1139, 2398
0, 6188, 61881139, 61883753, 1139, 3753
0, 6189, 61891139, 61892398, 1139, 2398
0, 619, 6191139, 6192398, 1139, 2398
0, 6190, 61901139, 61902398, 1139, 2398
0, 6191, 61911139, 61912398, 1139, 2398
0, 6192, 61921139, 61922689, 1139, 2689
0, 6193, 61931139, 61932398, 1139, 2398
0, 6194, 61941139, 61942398, 1139, 2398
0, 6195, 61951139, 61953753, 1139, 3753
0, 6196, 61961139, 61962398, 1139, 2398
0, 6197, 61971139, 61972398, 1139, 2398
0, 6198, 61981139, 61982398, 1139, 2398
0, 6199, 61991139, 61992398, 1139, 2398
0, 62, 621139, 622398, 1139, 2398
0, 620, 6201139, 6202398, 1139, 2398
0, 6200, 62001139, 62002398, 1139, 2398
0, 6201, 62011139, 62012398, 1139, 2398
0, 6202, 62021139, 62023168, 1139, 3168
0, 6203, 62031139, 62032398, 1139, 2398
0, 6204, 62041139, 62042398, 1139, 2398
0, 6205, 62051139, 62052398, 1139, 2398
0, 6206, 62061139, 62062398, 1139, 2398
0, 6207, 62071139, 62072398, 1139, 2398
0, 6208, 62081139, 62082398, 1139, 2398
0, 6209, 62091139, 62093168, 1139, 3168
0, 621, 6211139, 6212398, 1139, 2398
0, 6210, 62101139, 62102398, 1139, 2398
0, 6211, 62111139, 62112398, 1139, 2398
0, 6212, 62121139, 62122398, 1139, 2398
0, 6213, 62131139, 62132398, 1139, 2398
0, 6214, 62141139, 62142398, 1139, 2398
0, 6215, 62151139, 62152398, 1139, 2398
0, 6216, 62161139, 62165188, 1139, 5188
0, 6217, 62171139, 62172398, 1139, 2398
0, 6218, 62181139, 62182398, 1139, 2398
0, 6219, 62191139, 62192398, 1139, 2398
0, 622, 6221139, 6222398, 1139, 2398
0, 6220, 62201139, 62202398, 1139, 2398
0, 6221, 62211139, 62212398, 1139, 2398
0, 6222, 62221139, 62222398, 1139, 2398
0, 6223, 62231139, 62233753, 1139, 3753
0, 6224, 62241139, 62242398, 1139, 2398
0, 6225, 62251139, 62252398, 1139, 2398
0, 6226, 62261139, 62262398, 1139, 2398
0, 6227, 62271139, 62272398, 1139, 2398
0, 6228, 62281139, 62282398, 1139, 2398
0, 6229, 62291139, 62292398, 1139, 2398
0, 623, 6231139, 6233168, 1139, 3168
0, 6230, 62301139, 62303753, 1139, 3753
0, 6231, 62311139, 62312398, 1139, 2398
0, 6232, 62321139, 62322398, 1139, 2398
0, 6233, 62331139, 62332398, 1139, 2398
0, 6234, 62341139, 62342398, 1139, 2398
0, 6235, 62351139, 62352398, 1139, 2398
0, 6236, 62361139, 62362398, 1139, 2398
0, 6237, 62371139, 62373168, 1139, 3168
0, 6238, 62381139, 62382398, 1139, 2398
0, 6239, 62391139, 62392398, 1139, 2398
0, 624, 6241139, 6242398, 1139, 2398
0, 6240, 62401139, 62402689, 1139, 2689
0, 6241, 62411139, 62412398, 1139, 2398
0, 6242, 62421139, 62422398, 1139, 2398
0, 6243, 62431139, 62432398, 1139, 2398
0, 6244, 62441139, 62443753, 1139, 3753
0, 6245, 62451139, 62452398, 1139, 2398
0, 6246, 62461139, 62462398, 1139, 2398
0, 6247, 62471139, 62472398, 1139, 2398
0, 6248, 62481139, 62482398, 1139, 2398
0, 6249, 62491139, 62492398, 1139, 2398
0, 625, 6251139, 6252398, 1139, 2398
0, 6250, 62501139, 62502398, 1139, 2398
0, 6251, 62511139, 62513753, 1139, 3753
0, 6252, 62521139, 62522398, 1139, 2398
0, 6253, 62531139, 62532398, 1139, 2398
0, 6254, 62541139, 62542398, 1139, 2398
0, 6255, 62551139, 62552398, 1139, 2398
0, 6256, 62561139, 62562398, 1139, 2398
0, 6257, 62571139, 62572398, 1139, 2398
0, 6258, 62581139, 62583168, 1139, 3168
0, 6259, 62591139, 62592398, 1139, 2398
0, 626, 6261139, 6262398, 1139, 2398
0, 6260, 62601139, 62602398, 1139, 2398
0, 6261, 62611139, 62612398, 1139, 2398
0, 6262, 62621139, 62622398, 1139, 2398
0, 6263, 62631139, 62632398, 1139, 2398
0, 6264, 62641139, 62642398, 1139, 2398
0, 6265, 62651139, 62653753, 1139, 3753
0, 6266, 62661139, 62662398, 1139, 2398
0, 6267, 62671139, 62672398, 1139, 2398
0, 6268, 62681139, 62682398, 1139, 2398
0, 6269, 62691139, 62692398, 1139, 2398
0, 627, 6271139, 6272398, 1139, 2398
0, 6270, 62701139, 62702398, 1139, 2398
0, 6271, 62711139, 62712398, 1139, 2398
0, 6272, 62721139, 62725188, 1139, 5188
0, 6273, 62731139, 62732398, 1139, 2398
0, 6274, 62741139, 62742398, 1139, 2398
0, 6275, 62751139, 62752398, 1139, 2398
0, 6276, 62761139, 62762398, 1139, 2398
0, 6277, 62771139, 62772398, 1139, 2398
0, 6278, 62781139, 62782398, 1139, 2398
0, 6279, 62791139, 62793168, 1139, 3168
0, 628, 6281139, 6282398, 1139, 2398
0, 6280, 62801139, 62804868, 1139, 4868
0, 6281, 62811139, 62812398, 1139, 2398
0, 6282, 62821139, 62822398, 1139, 2398
0, 6283, 62831139, 62832398, 1139, 2398
0, 6284, 62841139, 62842398, 1139, 2398
0, 6285, 62851139, 62852398, 1139, 2398
0, 6286, 62861139, 62863168, 1139, 3168
0, 6287, 62871139, 62872398, 1139, 2398
0, 6288, 62881139, 62882398, 1139, 2398
0, 6289, 62891139, 62892398, 1139, 2398
0, 629, 6291139, 6292398, 1139, 2398
0, 6290, 62901139, 62902398, 1139, 2398
0, 6291, 62911139, 62912398, 1139, 2398
0, 6292, 62921139, 62922398, 1139, 2398
0, 6293, 62931139, 62933168, 1139, 3168
0, 6294, 62941139, 62942398, 1139, 2398
0, 6295, 62951139, 62952398, 1139, 2398
0, 6296, 62961139, 62962398, 1139, 2398
0, 6297, 62971139, 62972398, 1139, 2398
0, 6298, 62981139, 62982398, 1139, 2398
0, 6299, 62991139, 62992398, 1139, 2398
0, 63, 631139, 633168, 1139, 3168
0, 630, 6301139, 6303753, 1139, 3753
0, 6300, 63001139, 63004868, 1139, 4868
0, 6301, 63011139, 63012398, 1139, 2398
0, 6302, 63021139, 63022398, 1139, 2398
0, 6303, 63031139, 63032398, 1139, 2398
0, 6304, 63041139, 63042398, 1139, 2398
0, 6305, 63051139, 63052398, 1139, 2398
0, 6306, 63061139, 63062398, 1139, 2398
0, 6307, 63071139, 63073168, 1139, 3168
0, 6308, 63081139, 63082398, 1139, 2398
0, 6309, 63091139, 63092398, 1139, 2398
0, 631, 6311139, 6312398, 1139, 2398
0, 6310, 63101139, 63102398, 1139, 2398
0, 6311, 63111139, 63112398, 1139, 2398
0, 6312, 63121139, 63122398, 1139, 2398
0, 6313, 63131139, 63132398, 1139, 2398
0, 6314, 63141139, 63143168, 1139, 3168
0, 6315, 63151139, 63152398, 1139, 2398
0, 6316, 63161139, 63162398, 1139, 2398
0, 6317, 63171139, 63172398, 1139, 2398
0, 6318, 63181139, 63182689, 1139, 2689
0, 6319, 63191139, 63192398, 1139, 2398
0, 632, 6321139, 6322398, 1139, 2398
0, 6320, 63201139, 63202398, 1139, 2398
0, 6321, 63211139, 63213168, 1139, 3168
0, 6322, 63221139, 63222398, 1139, 2398
0, 6323, 63231139, 63232398, 1139, 2398
0, 6324, 63241139, 63242398, 1139, 2398
0, 6325, 63251139, 63252398, 1139, 2398
0, 6326, 63261139, 63262398, 1139, 2398
0, 6327, 63271139, 63272398, 1139, 2398
0, 6328, 63281139, 63285188, 1139, 5188
0, 6329, 63291139, 63292398, 1139, 2398
0, 633, 6331139, 6332398, 1139, 2398
0, 6330, 63301139, 63302398, 1139, 2398
0, 6331, 63311139, 63312398, 1139, 2398
0, 6332, 63321139, 63322398, 1139, 2398
0, 6333, 63331139, 63332398, 1139, 2398
0, 6334, 63341139, 63342398, 1139, 2398
0, 6335, 63351139, 63353753, 1139, 3753
0, 6336, 63361139, 63362398, 1139, 2398
0, 6337, 63371139, 63372398, 1139, 2398
0, 6338, 63381139, 63382398, 1139, 2398
0, 6339, 63391139, 63392398, 1139, 2398
0, 634, 6341139, 6342398, 1139, 2398
0, 6340, 63401139, 63402398, 1139, 2398
0, 6341, 63411139, 63412398, 1139, 2398
0, 6342, 63421139, 63423168, 1139, 3168
0, 6343, 63431139, 63432398, 1139, 2398
0, 6344, 63441139, 63442398, 1139, 2398
0, 6345, 63451139, 63452398, 1139, 2398
0, 6346, 63461139, 63462398, 1139, 2398
0, 6347, 63471139, 63472398, 1139, 2398
0, 6348, 63481139, 63482398, 1139, 2398
0, 6349, 63491139, 63493168, 1139, 3168
0, 635, 6351139, 6352398, 1139, 2398
0, 6350, 63501139, 63502398, 1139, 2398
0, 6351, 63511139, 63512398, 1139, 2398
0, 6352, 63521139, 63522398, 1139, 2398
0, 6353, 63531139, 63532398, 1139, 2398
0, 6354, 63541139, 63542398, 1139, 2398
0, 6355, 63551139, 63552398, 1139, 2398
0, 6356, 63561139, 63565165, 1139, 5165
0, 6357, 63571139, 63572398, 1139, 2398
0, 6358, 63581139, 63582398, 1139, 2398
0, 6359, 63591139, 63592398, 1139, 2398
0, 636, 6361139, 6362398, 1139, 2398
0, 6360, 63601139, 63604166, 1139, 4166
0, 6361, 63611139, 63612398, 1139, 2398
0, 6362, 63621139, 63622398, 1139, 2398
0, 6363, 63631139, 63633168, 1139, 3168
0, 6364, 63641139, 63642398, 1139, 2398
0, 6365, 63651139, 63652398, 1139, 2398
0, 6366, 63661139, 63662398, 1139, 2398
0, 6367, 63671139, 63672398, 1139, 2398
0, 6368, 63681139, 63682398, 1139, 2398
0, 6369, 63691139, 63692398, 1139, 2398
0, 637, 6371139, 6373753, 1139, 3753
0, 6370, 63701139, 63703753, 1139, 3753
0, 6371, 63711139, 63712398, 1139, 2398
0, 6372, 63721139, 63722398, 1139, 2398
0, 6373, 63731139, 63732398, 1139, 2398
0, 6374, 63741139, 63742398, 1139, 2398
0, 6375, 63751139, 63752398, 1139, 2398
0, 6376, 63761139, 63762398, 1139, 2398
0, 6377, 63771139, 63773168, 1139, 3168
0, 6378, 63781139, 63782398, 1139, 2398
0, 6379, 63791139, 63792398, 1139, 2398
0, 638, 6381139, 6382398, 1139, 2398
0, 6380, 63801139, 63802398, 1139, 2398
0, 6381, 63811139, 63812398, 1139, 2398
0, 6382, 63821139, 63822398, 1139, 2398
0, 6383, 63831139, 63832398, 1139, 2398
0, 6384, 63841139, 63845914, 1139, 5914
0, 6385, 63851139, 63854900, 1139, 4900
0, 6386, 63861139, 63862398, 1139, 2398
0, 6387, 63871139, 63872398, 1139, 2398
0, 6388, 63881139, 63882398, 1139, 2398
0, 6389, 63891139, 63892398, 1139, 2398
0, 639, 6391139, 6392398, 1139, 2398
0, 6390, 63901139, 63902398, 1139, 2398
0, 6391, 63911139, 63913168, 1139, 3168
0, 6392, 63921139, 63922398, 1139, 2398
0, 6393, 63931139, 63932398, 1139, 2398
0, 6394, 63941139, 63942398, 1139, 2398
0, 6395, 63951139, 63952398, 1139, 2398
0, 6396, 63961139, 63962398, 1139, 2398
0, 6397, 63971139, 63972398, 1139, 2398
0, 6398, 63981139, 63983168, 1139, 3168
0, 6399, 63991139, 63992398, 1139, 2398
0, 64, 641139, 642398, 1139, 2398
0, 640, 6401139, 6402398, 1139, 2398
0, 6400, 64001139, 64002398, 1139, 2398
0, 6401, 64011139, 64012398, 1139, 2398
0, 6402, 64021139, 64022398, 1139, 2398
0, 6403, 64031139, 64032398, 1139, 2398
0, 6404, 64041139, 64042398, 1139, 2398
0, 6405, 64051139, 64053753, 1139, 3753
0, 6406, 64061139, 64062398, 1139, 2398
0, 6407, 64071139, 64072398, 1139, 2398
0, 6408, 64081139, 64082398, 1139, 2398
0, 6409, 64091139, 64092398, 1139, 2398
0, 641, 6411139, 6412398, 1139, 2398
0, 6410, 64101139, 64102398, 1139, 2398
0, 6411, 64111139, 64112398, 1139, 2398
0, 6412, 64121139, 64123753, 1139, 3753
0, 6413, 64131139, 64133374, 1139, 3374
0, 6414, 64141139, 64142398, 1139, 2398
0, 6415, 64151139, 64152398, 1139, 2398
0, 6416, 64161139, 64162398, 1139, 2398
0, 6417, 64171139, 64172398, 1139, 2398
0, 6418, 64181139, 64182398, 1139, 2398
0, 6419, 64191139, 64193168, 1139, 3168
0, 642, 6421139, 6422398, 1139, 2398
0, 6420, 64201139, 64202398, 1139, 2398
0, 6421, 64211139, 64212398, 1139, 2398
0, 6422, 64221139, 64222398, 1139, 2398
0, 6423, 64231139, 64232398, 1139, 2398
0, 6424, 64241139, 64242398, 1139, 2398
0, 6425, 64251139, 64252398, 1139, 2398
0, 6426, 64261139, 64263168, 1139, 3168
0, 6427, 64271139, 64272398, 1139, 2398
0, 6428, 64281139, 64282398, 1139, 2398
0, 6429, 64291139, 64292398, 1139, 2398
0, 643, 6431139, 6432398, 1139, 2398
0, 6430, 64301139, 64302398, 1139, 2398
0, 6431, 64311139, 64312398, 1139, 2398
0, 6432, 64321139, 64322689, 1139, 2689
0, 6433, 64331139, 64333168, 1139, 3168
0, 6434, 64341139, 64342398, 1139, 2398
0, 6435, 64351139, 64352398, 1139, 2398
0, 6436, 64361139, 64362398, 1139, 2398
0, 6437, 64371139, 64372398, 1139, 2398
0, 6438, 64381139, 64382398, 1139, 2398
0, 6439, 64391139, 64392398, 1139, 2398
0, 644, 6441139, 6443753, 1139, 3753
0, 6440, 64401139, 64405188, 1139, 5188
0, 6441, 64411139, 64412398, 1139, 2398
0, 6442, 64421139, 64422398, 1139, 2398
0, 6443, 64431139, 64432398, 1139, 2398
0, 6444, 64441139, 64442398, 1139, 2398
0, 6445, 64451139, 64452398, 1139, 2398
0, 6446, 64461139, 64462398, 1139, 2398
0, 6447, 64471139, 64473168, 1139, 3168
0, 6448, 64481139, 64482398, 1139, 2398
0, 6449, 64491139, 64492398, 1139, 2398
0, 645, 6451139, 6452398, 1139, 2398
0, 6450, 64501139, 64502398, 1139, 2398
0, 6451, 64511139, 64512398, 1139, 2398
0, 6452, 64521139, 64522398, 1139, 2398
0, 6453, 64531139, 64532398, 1139, 2398
0, 6454, 64541139, 64543168, 1139, 3168
0, 6455, 64551139, 64552398, 1139, 2398
0, 6456, 64561139, 64562398, 1139, 2398
0, 6457, 64571139, 64572398, 1139, 2398
0, 6458, 64581139, 64582398, 1139, 2398
0, 6459, 64591139, 64592398, 1139, 2398
0, 646, 6461139, 6462398, 1139, 2398
0, 6460, 64601139, 64602398, 1139, 2398
0, 6461, 64611139, 64613168, 1139, 3168
0, 6462, 64621139, 64622398, 1139, 2398
0, 6463, 64631139, 64632398, 1139, 2398
0, 6464, 64641139, 64642398, 1139, 2398
0, 6465, 64651139, 64652398, 1139, 2398
0, 6466, 64661139, 64662398, 1139, 2398
0, 6467, 64671139, 64672398, 1139, 2398
0, 6468, 64681139, 64683753, 1139, 3753
0, 6469, 64691139, 64692398, 1139, 2398
0, 647, 6471139, 6472398, 1139, 2398
0, 6470, 64701139, 64702398, 1139, 2398
0, 6471, 64711139, 64712398, 1139, 2398
0, 6472, 64721139, 64722398, 1139, 2398
0, 6473, 64731139, 64732398, 1139, 2398
0, 6474, 64741139, 64742398, 1139, 2398
0, 6475, 64751139, 64753753, 1139, 3753
0, 6476, 64761139, 64762398, 1139, 2398
0, 6477, 64771139, 64772398, 1139, 2398
0, 6478, 64781139, 64782398, 1139, 2398
0, 6479, 64791139, 64792398, 1139, 2398
0, 648, 6481139, 6482689, 1139, 2689
0, 6480, 64801139, 64802689, 1139, 2689
0, 6481, 64811139, 64812398, 1139, 2398
0, 6482, 64821139, 64823168, 1139, 3168
0, 6483, 64831139, 64832398, 1139, 2398
0, 6484, 64841139, 64842398, 1139, 2398
0, 6485, 64851139, 64852398, 1139, 2398
0, 6486, 64861139, 64862398, 1139, 2398
0, 6487, 64871139, 64872398, 1139, 2398
0, 6488, 64881139, 64882398, 1139, 2398
0, 6489, 64891139, 64893753, 1139, 3753
0, 649, 6491139, 6492398, 1139, 2398
0, 6490, 64901139, 64902398, 1139, 2398
0, 6491, 64911139, 64912398, 1139, 2398
0, 6492, 64921139, 64922398, 1139, 2398
0, 6493, 64931139, 64932398, 1139, 2398
0, 6494, 64941139, 64942398, 1139, 2398
0, 6495, 64951139, 64952398, 1139, 2398
0, 6496, 64961139, 64965188, 1139, 5188
0, 6497, 64971139, 64972398, 1139, 2398
0, 6498, 64981139, 64982398, 1139, 2398
0, 6499, 64991139, 64992398, 1139, 2398
0, 65, 651139, 652398, 1139, 2398
0, 650, 6501139, 6502398, 1139, 2398
0, 6500, 65001139, 65002398, 1139, 2398
0, 6501, 65011139, 65012398, 1139, 2398
0, 6502, 65021139, 65022398, 1139, 2398
0, 6503, 65031139, 65033168, 1139, 3168
0, 6504, 65041139, 65042398, 1139, 2398
0, 6505, 65051139, 65052398, 1139, 2398
0, 6506, 65061139, 65062398, 1139, 2398
0, 6507, 65071139, 65072398, 1139, 2398
0, 6508, 65081139, 65082398, 1139, 2398
0, 6509, 65091139, 65092398, 1139, 2398
0, 651, 6511139, 6513168, 1139, 3168
0, 6510, 65101139, 65103753, 1139, 3753
0, 6511, 65111139, 65112398, 1139, 2398
0, 6512, 65121139, 65122398, 1139, 2398
0, 6513, 65131139, 65132398, 1139, 2398
0, 6514, 65141139, 65142398, 1139, 2398
0, 6515, 65151139, 65152398, 1139, 2398
0, 6516, 65161139, 65162398, 1139, 2398
0, 6517, 65171139, 65173753, 1139, 3753
0, 6518, 65181139, 65182398, 1139, 2398
0, 6519, 65191139, 65192398, 1139, 2398
0, 652, 6521139, 6522398, 1139, 2398
0, 6520, 65201139, 65202398, 1139, 2398
0, 6521, 65211139, 65212398, 1139, 2398
0, 6522, 65221139, 65222398, 1139, 2398
0, 6523, 65231139, 65232398, 1139, 2398
0, 6524, 65241139, 65243753, 1139, 3753
0, 6525, 65251139, 65252398, 1139, 2398
0, 6526, 65261139, 65262398, 1139, 2398
0, 6527, 65271139, 65272398, 1139, 2398
0, 6528, 65281139, 65282689, 1139, 2689
0, 6529, 65291139, 65292398, 1139, 2398
0, 653, 6531139, 6532398, 1139, 2398
0, 6530, 65301139, 65302398, 1139, 2398
0, 6531, 65311139, 65313168, 1139, 3168
0, 6532, 65321139, 65322398, 1139, 2398
0, 6533, 65331139, 65332398, 1139, 2398
0, 6534, 65341139, 65342398, 1139, 2398
0, 6535, 65351139, 65352398, 1139, 2398
0, 6536, 65361139, 65362398, 1139, 2398
0, 6537, 65371139, 65372398, 1139, 2398
0, 6538, 65381139, 65383168, 1139, 3168
0, 6539, 65391139, 65392398, 1139, 2398
0, 654, 6541139, 6542398, 1139, 2398
0, 6540, 65401139, 65402398, 1139, 2398
0, 6541, 65411139, 65412398, 1139, 2398
0, 6542, 65421139, 65422398, 1139, 2398
0, 6543, 65431139, 65432398, 1139, 2398
0, 6544, 65441139, 65442398, 1139, 2398
0, 6545, 65451139, 65453753, 1139, 3753
0, 6546, 65461139, 65462398, 1139, 2398
0, 6547, 65471139, 65472398, 1139, 2398
0, 6548, 65481139, 65482398, 1139, 2398
0, 6549, 65491139, 65492398, 1139, 2398
0, 655, 6551139, 6552398, 1139, 2398
0, 6550, 65501139, 65502398, 1139, 2398
0, 6551, 65511139, 65512398, 1139, 2398
0, 6552, 65521139, 65525188, 1139, 5188
0, 6553, 65531139, 65534250, 1139, 4250
0, 6554, 65541139, 65542398, 1139, 2398
0, 6555, 65551139, 65552398, 1139, 2398
0, 6556, 65561139, 65562398, 1139, 2398
0, 6557, 65571139, 65572398, 1139, 2398
0, 6558, 65581139, 65582398, 1139, 2398
0, 6559, 65591139, 65593168, 1139, 3168
0, 656, 6561139, 6562398, 1139, 2398
0, 6560, 65601139, 65602398, 1139, 2398
0, 6561, 65611139, 65612398, 1139, 2398
0, 6562, 65621139, 65622398, 1139, 2398
0, 6563, 65631139, 65632398, 1139, 2398
0, 6564, 65641139, 65642398, 1139, 2398
0, 6565, 65651139, 65652398, 1139, 2398
0, 6566, 65661139, 65663168, 1139, 3168
0, 6567, 65671139, 65672398, 1139, 2398
0, 6568, 65681139, 65682398, 1139, 2398
0, 6569, 65691139, 65692398, 1139, 2398
0, 657, 6571139, 6572398, 1139, 2398
0, 6570, 65701139, 65702398, 1139, 2398
0, 6571, 65711139, 65712398, 1139, 2398
0, 6572, 65721139, 65722398, 1139, 2398
0, 6573, 65731139, 65733168, 1139, 3168
0, 6574, 65741139, 65742398, 1139, 2398
0, 6575, 65751139, 65752398, 1139, 2398
0, 6576, 65761139, 65762398, 1139, 2398
0, 6577, 65771139, 65772398, 1139, 2398
0, 6578, 65781139, 65782398, 1139, 2398
0, 6579, 65791139, 65792398, 1139, 2398
0, 658, 6581139, 6583168, 1139, 3168
0, 6580, 65801139, 65804868, 1139, 4868
0, 6581, 65811139, 65812398, 1139, 2398
0, 6582, 65821139, 65822398, 1139, 2398
0, 6583, 65831139, 65832398, 1139, 2398
0, 6584, 65841139, 65844166, 1139, 4166
0, 6585, 65851139, 65852398, 1139, 2398
0, 6586, 65861139, 65862398, 1139, 2398
0, 6587, 65871139, 65873168, 1139, 3168
0, 6588, 65881139, 65882398, 1139, 2398
0, 6589, 65891139, 65892398, 1139, 2398
0, 659, 6591139, 6592398, 1139, 2398
0, 6590, 65901139, 65902398, 1139, 2398
0, 6591, 65911139, 65912398, 1139, 2398
0, 6592, 65921139, 65922398, 1139, 2398
0, 6593, 65931139, 65932398, 1139, 2398
0, 6594, 65941139, 65943168, 1139, 3168
0, 6595, 65951139, 65952398, 1139, 2398
0, 6596, 65961139, 65962398, 1139, 2398
0, 6597, 65971139, 65972398, 1139, 2398
0, 6598, 65981139, 65982398, 1139, 2398
0, 6599, 65991139, 65992398, 1139, 2398
0, 66, 661139, 662398, 1139, 2398
0, 660, 6601139, 6602398, 1139, 2398
0, 6600, 66001139, 66002689, 1139, 2689
0, 6601, 66011139, 66013168, 1139, 3168
0, 6602, 66021139, 66022398, 1139, 2398
0, 6603, 66031139, 66032398, 1139, 2398
0, 6604, 66041139, 66042398, 1139, 2398
0, 6605, 66051139, 66052398, 1139, 2398
0, 6606, 66061139, 66062398, 1139, 2398
0, 6607, 66071139, 66072398, 1139, 2398
0, 6608, 66081139, 66085188, 1139, 5188
0, 6609, 66091139, 66092398, 1139, 2398
0, 661, 6611139, 6612398, 1139, 2398
0, 6610, 66101139, 66102398, 1139, 2398
0, 6611, 66111139, 66112398, 1139, 2398
0, 6612, 66121139, 66122689, 1139, 2689
0, 6613, 66131139, 66132398, 1139, 2398
0, 6614, 66141139, 66142398, 1139, 2398
0, 6615, 66151139, 66153753, 1139, 3753
0, 6616, 66161139, 66162398, 1139, 2398
0, 6617, 66171139, 66172398, 1139, 2398
0, 6618, 66181139, 66182398, 1139, 2398
0, 6619, 66191139, 66192398, 1139, 2398
0, 662, 6621139, 6622398, 1139, 2398
0, 6620, 66201139, 66202398, 1139, 2398
0, 6621, 66211139, 66212398, 1139, 2398
0, 6622, 66221139, 66223753, 1139, 3753
0, 6623, 66231139, 66232398, 1139, 2398
0, 6624, 66241139, 66242398, 1139, 2398
0, 6625, 66251139, 66252398, 1139, 2398
0, 6626, 66261139, 66262398, 1139, 2398
0, 6627, 66271139, 66272398, 1139, 2398
0, 6628, 66281139, 66282398, 1139, 2398
0, 6629, 66291139, 66293168, 1139, 3168
0, 663, 6631139, 6632398, 1139, 2398
0, 6630, 66301139, 66302398, 1139, 2398
0, 6631, 66311139, 66312398, 1139, 2398
0, 6632, 66321139, 66322398, 1139, 2398
0, 6633, 66331139, 66332398, 1139, 2398
0, 6634, 66341139, 66342398, 1139, 2398
0, 6635, 66351139, 66352398, 1139, 2398
0, 6636, 66361139, 66363753, 1139, 3753
0, 6637, 66371139, 66372398, 1139, 2398
0, 6638, 66381139, 66382398, 1139, 2398
0, 6639, 66391139, 66392398, 1139, 2398
0, 664, 6641139, 6642398, 1139, 2398
0, 6640, 66401139, 66404166, 1139, 4166
0, 6641, 66411139, 66412398, 1139, 2398
0, 6642, 66421139, 66422398, 1139, 2398
0, 6643, 66431139, 66433168, 1139, 3168
0, 6644, 66441139, 66442398, 1139, 2398
0, 6645, 66451139, 66452398, 1139, 2398
0, 6646, 66461139, 66462398, 1139, 2398
0, 6647, 66471139, 66472398, 1139, 2398
0, 6648, 66481139, 66482398, 1139, 2398
0, 6649, 66491139, 66492398, 1139, 2398
0, 665, 6651139, 6654868, 1139, 4868
0, 6650, 66501139, 66504868, 1139, 4868
0, 6651, 66511139, 66512398, 1139, 2398
0, 6652, 66521139, 66522398, 1139, 2398
0, 6653, 66531139, 66532398, 1139, 2398
0, 6654, 66541139, 66542398, 1139, 2398
0, 6655, 66551139, 66552398, 1139, 2398
0, 6656, 66561139, 66562398, 1139, 2398
0, 6657, 66571139, 66573168, 1139, 3168
0, 6658, 66581139, 66582398, 1139, 2398
0, 6659, 66591139, 66592398, 1139, 2398
0, 666, 6661139, 6662398, 1139, 2398
0, 6660, 66601139, 66602689, 1139, 2689
0, 6661, 66611139, 66612398, 1139, 2398
0, 6662, 66621139, 66622398, 1139, 2398
0, 6663, 66631139, 66632398, 1139, 2398
0, 6664, 66641139, 66645188, 1139, 5188
0, 6665, 66651139, 66652398, 1139, 2398
0, 6666, 66661139, 66662398, 1139, 2398
0, 6667, 66671139, 66672398, 1139, 2398
0, 6668, 66681139, 66682398, 1139, 2398
0, 6669, 66691139, 66692398, 1139, 2398
0, 667, 6671139, 6672398, 1139, 2398
0, 6670, 66701139, 66702398, 1139, 2398
0, 6671, 66711139, 66713168, 1139, 3168
0, 6672, 66721139, 66722398, 1139, 2398
0, 6673, 66731139, 66732398, 1139, 2398
0, 6674, 66741139, 66742398, 1139, 2398
0, 6675, 66751139, 66752398, 1139, 2398
0, 6676, 66761139, 66762398, 1139, 2398
0, 6677, 66771139, 66772398, 1139, 2398
0, 6678, 66781139, 66783168, 1139, 3168
0, 6679, 66791139, 66792398, 1139, 2398
0, 668, 6681139, 6682398, 1139, 2398
0, 6680, 66801139, 66802398, 1139, 2398
0, 6681, 66811139, 66812398, 1139, 2398
0, 6682, 66821139, 66822398, 1139, 2398
0, 6683, 66831139, 66832398, 1139, 2398
0, 6684, 66841139, 66842398, 1139, 2398
0, 6685, 66851139, 66853753, 1139, 3753
0, 6686, 66861139, 66862398, 1139, 2398
0, 6687, 66871139, 66872398, 1139, 2398
0, 6688, 66881139, 66882398, 1139, 2398
0, 6689, 66891139, 66892398, 1139, 2398
0, 669, 6691139, 6692398, 1139, 2398
0, 6690, 66901139, 66902398, 1139, 2398
0, 6691, 66911139, 66912398, 1139, 2398
0, 6692, 66921139, 66923753, 1139, 3753
0, 6693, 66931139, 66932398, 1139, 2398
0, 6694, 66941139, 66942398, 1139, 2398
0, 6695, 66951139, 66952398, 1139, 2398
0, 6696, 66961139, 66962689, 1139, 2689
0, 6697, 66971139, 66972398, 1139, 2398
0, 6698, 66981139, 66982398, 1139, 2398
0, 6699, 66991139, 66993168, 1139, 3168
0, 67, 671139, 672398, 1139, 2398
0, 670, 6701139, 6702398, 1139, 2398
0, 6700, 67001139, 67002398, 1139, 2398
0, 6701, 67011139, 67012398, 1139, 2398
0, 6702, 67021139, 67022398, 1139, 2398
0, 6703, 67031139, 67032398, 1139, 2398
0, 6704, 67041139, 67042398, 1139, 2398
0, 6705, 67051139, 67052398, 1139, 2398
0, 6706, 67061139, 67063168, 1139, 3168
0, 6707, 67071139, 67072398, 1139, 2398
0, 6708, 67081139, 67082398, 1139, 2398
0, 6709, 67091139, 67092398, 1139, 2398
0, 671, 6711139, 6712398, 1139, 2398
0, 6710, 67101139, 67102398, 1139, 2398
0, 6711, 67111139, 67112398, 1139, 2398
0, 6712, 67121139, 67122398, 1139, 2398
0, 6713, 67131139, 67133168, 1139, 3168
0, 6714, 67141139, 67142398, 1139, 2398
0, 6715, 67151139, 67152398, 1139, 2398
0, 6716, 67161139, 67162398, 1139, 2398
0, 6717, 67171139, 67172398, 1139, 2398
0, 6718, 67181139, 67182398, 1139, 2398
0, 6719, 67191139, 67192398, 1139, 2398
0, 672, 6721139, 6725188, 1139, 5188
0, 6720, 67201139, 67205188, 1139, 5188
0, 6721, 67211139, 67212398, 1139, 2398
0, 6722, 67221139, 67222398, 1139, 2398
0, 6723, 67231139, 67232398, 1139, 2398
0, 6724, 67241139, 67242398, 1139, 2398
0, 6725, 67251139, 67252398, 1139, 2398
0, 6726, 67261139, 67262398, 1139, 2398
0, 6727, 67271139, 67273168, 1139, 3168
0, 6728, 67281139, 67282398, 1139, 2398
0, 6729, 67291139, 67292398, 1139, 2398
0, 673, 6731139, 6734250, 1139, 4250
0, 6730, 67301139, 67302398, 1139, 2398
0, 6731, 67311139, 67312398, 1139, 2398
0, 6732, 67321139, 67322398, 1139, 2398
0, 6733, 67331139, 67332398, 1139, 2398
0, 6734, 67341139, 67343168, 1139, 3168
0, 6735, 67351139, 67352398, 1139, 2398
0, 6736, 67361139, 67362398, 1139, 2398
0, 6737, 67371139, 67372398, 1139, 2398
0, 6738, 67381139, 67382398, 1139, 2398
0, 6739, 67391139, 67392398, 1139, 2398
0, 674, 6741139, 6742398, 1139, 2398
0, 6740, 67401139, 67402398, 1139, 2398
0, 6741, 67411139, 67413168, 1139, 3168
0, 6742, 67421139, 67422398, 1139, 2398
0, 6743, 67431139, 67432398, 1139, 2398
0, 6744, 67441139, 67442398, 1139, 2398
0, 6745, 67451139, 67452398, 1139, 2398
0, 6746, 67461139, 67462398, 1139, 2398
0, 6747, 67471139, 67472398, 1139, 2398
0, 6748, 67481139, 67483753, 1139, 3753
0, 6749, 67491139, 67492398, 1139, 2398
0, 675, 6751139, 6752398, 1139, 2398
0, 6750, 67501139, 67502398, 1139, 2398
0, 6751, 67511139, 67512398, 1139, 2398
0, 6752, 67521139, 67522398, 1139, 2398
0, 6753, 67531139, 67532398, 1139, 2398
0, 6754, 67541139, 67542398, 1139, 2398
0, 6755, 67551139, 67554868, 1139, 4868
0, 6756, 67561139, 67562398, 1139, 2398
0, 6757, 67571139, 67572398, 1139, 2398
0, 6758, 67581139, 67582398, 1139, 2398
0, 6759, 67591139, 67592398, 1139, 2398
0, 676, 6761139, 6762398, 1139, 2398
0, 6760, 67601139, 67602398, 1139, 2398
0, 6761, 67611139, 67612398, 1139, 2398
0, 6762, 67621139, 67623168, 1139, 3168
0, 6763, 67631139, 67632398, 1139, 2398
0, 6764, 67641139, 67642398, 1139, 2398
0, 6765, 67651139, 67652398, 1139, 2398
0, 6766, 67661139, 67662398, 1139, 2398
0, 6767, 67671139, 67672398, 1139, 2398
0, 6768, 67681139, 67682398, 1139, 2398
0, 6769, 67691139, 67693168, 1139, 3168
0, 677, 6771139, 6772398, 1139, 2398
0, 6770, 67701139, 67702398, 1139, 2398
0, 6771, 67711139, 67712398, 1139, 2398
0, 6772, 67721139, 67722398, 1139, 2398
0, 6773, 67731139, 67732398, 1139, 2398
0, 6774, 67741139, 67742398, 1139, 2398
0, 6775, 67751139, 67752398, 1139, 2398
0, 6776, 67761139, 67765188, 1139, 5188
0, 6777, 67771139, 67772398, 1139, 2398
0, 6778, 67781139, 67782398, 1139, 2398
0, 6779, 67791139, 67792398, 1139, 2398
0, 678, 6781139, 6782398, 1139, 2398
0, 6780, 67801139, 67802689, 1139, 2689
0, 6781, 67811139, 67812398, 1139, 2398
0, 6782, 67821139, 67822398, 1139, 2398
0, 6783, 67831139, 67833753, 1139, 3753
0, 6784, 67841139, 67842398, 1139, 2398
0, 6785, 67851139, 67852398, 1139, 2398
0, 6786, 67861139, 67862398, 1139, 2398
0, 6787, 67871139, 67872398, 1139, 2398
0, 6788, 67881139, 67882398, 1139, 2398
0, 6789, 67891139, 67892398, 1139, 2398
0, 679, 6791139, 6793168, 1139, 3168
0, 6790, 67901139, 67903753, 1139, 3753
0, 6791, 67911139, 67912398, 1139, 2398
0, 6792, 67921139, 67922398, 1139, 2398
0, 6793, 67931139, 67932398, 1139, 2398
0, 6794, 67941139, 67942398, 1139, 2398
0, 6795, 67951139, 67952398, 1139, 2398
0, 6796, 67961139, 67962398, 1139, 2398
0, 6797, 67971139, 67973168, 1139, 3168
0, 6798, 67981139, 67982398, 1139, 2398
0, 6799, 67991139, 67992398, 1139, 2398
0, 68, 681139, 682398, 1139, 2398
0, 680, 6801139, 6802398, 1139, 2398
0, 6800, 68001139, 68002398, 1139, 2398
0, 6801, 68011139, 68012398, 1139, 2398
0, 6802, 68021139, 68022398, 1139, 2398
0, 6803, 68031139, 68032398, 1139, 2398
0, 6804, 68041139, 68043753, 1139, 3753
0, 6805, 68051139, 68052398, 1139, 2398
0, 6806, 68061139, 68062398, 1139, 2398
0, 6807, 68071139, 68072398, 1139, 2398
0, 6808, 68081139, 68082398, 1139, 2398
0, 6809, 68091139, 68092398, 1139, 2398
0, 681, 6811139, 6812398, 1139, 2398
0, 6810, 68101139, 68102398, 1139, 2398
0, 6811, 68111139, 68113168, 1139, 3168
0, 6812, 68121139, 68122398, 1139, 2398
0, 6813, 68131139, 68132398, 1139, 2398
0, 6814, 68141139, 68142398, 1139, 2398
0, 6815, 68151139, 68152398, 1139, 2398
0, 6816, 68161139, 68162398, 1139, 2398
0, 6817, 68171139, 68172398, 1139, 2398
0, 6818, 68181139, 68183168, 1139, 3168
0, 6819, 68191139, 68192398, 1139, 2398
0, 682, 6821139, 6822398, 1139, 2398
0, 6820, 68201139, 68202398, 1139, 2398
0, 6821, 68211139, 68212398, 1139, 2398
0, 6822, 68221139, 68222398, 1139, 2398
0, 6823, 68231139, 68232398, 1139, 2398
0, 6824, 68241139, 68242398, 1139, 2398
0, 6825, 68251139, 68253753, 1139, 3753
0, 6826, 68261139, 68262398, 1139, 2398
0, 6827, 68271139, 68272398, 1139, 2398
0, 6828, 68281139, 68282398, 1139, 2398
0, 6829, 68291139, 68292398, 1139, 2398
0, 683, 6831139, 6832398, 1139, 2398
0, 6830, 68301139, 68302398, 1139, 2398
0, 6831, 68311139, 68312398, 1139, 2398
0, 6832, 68321139, 68325188, 1139, 5188
0, 6833, 68331139, 68334250, 1139, 4250
0, 6834, 68341139, 68342398, 1139, 2398
0, 6835, 68351139, 68352398, 1139, 2398
0, 6836, 68361139, 68362398, 1139, 2398
0, 6837, 68371139, 68372398, 1139, 2398
0, 6838, 68381139, 68382398, 1139, 2398
0, 6839, 68391139, 68393168, 1139, 3168
0, 684, 6841139, 6842398, 1139, 2398
0, 6840, 68401139, 68404868, 1139, 4868
0, 6841, 68411139, 68412398, 1139, 2398
0, 6842, 68421139, 68422398, 1139, 2398
0, 6843, 68431139, 68432398, 1139, 2398
0, 6844, 68441139, 68442398, 1139, 2398
0, 6845, 68451139, 68452398, 1139, 2398
0, 6846, 68461139, 68463168, 1139, 3168
0, 6847, 68471139, 68472398, 1139, 2398
0, 6848, 68481139, 68482398, 1139, 2398
0, 6849, 68491139, 68492398, 1139, 2398
0, 685, 6851139, 6852398, 1139, 2398
0, 6850, 68501139, 68502398, 1139, 2398
0, 6851, 68511139, 68512398, 1139, 2398
0, 6852, 68521139, 68522398, 1139, 2398
0, 6853, 68531139, 68533168, 1139, 3168
0, 6854, 68541139, 68542398, 1139, 2398
0, 6855, 68551139, 68552398, 1139, 2398
0, 6856, 68561139, 68562398, 1139, 2398
0, 6857, 68571139, 68572398, 1139, 2398
0, 6858, 68581139, 68582398, 1139, 2398
0, 6859, 68591139, 68592398, 1139, 2398
0, 686, 6861139, 6863168, 1139, 3168
0, 6860, 68601139, 68604868, 1139, 4868
0, 6861, 68611139, 68612398, 1139, 2398
0, 6862, 68621139, 68622398, 1139, 2398
0, 6863, 68631139, 68632398, 1139, 2398
0, 6864, 68641139, 68642689, 1139, 2689
0, 6865, 68651139, 68652398, 1139, 2398
0, 6866, 68661139, 68662398, 1139, 2398
0, 6867, 68671139, 68673168, 1139, 3168
0, 6868, 68681139, 68682398, 1139, 2398
0, 6869, 68691139, 68692398, 1139, 2398
0, 687, 6871139, 6872398, 1139, 2398
0, 6870, 68701139, 68702398, 1139, 2398
0, 6871, 68711139, 68712398, 1139, 2398
0, 6872, 68721139, 68722398, 1139, 2398
0, 6873, 68731139, 68732398, 1139, 2398
0, 6874, 68741139, 68743168, 1139, 3168
0, 6875, 68751139, 68752398, 1139, 2398
0, 6876, 68761139, 68762398, 1139, 2398
0, 6877, 68771139, 68772398, 1139, 2398
0, 6878, 68781139, 68782398, 1139, 2398
0, 6879, 68791139, 68792398, 1139, 2398
0, 688, 6881139, 6882398, 1139, 2398
0, 6880, 68801139, 68802398, 1139, 2398
0, 6881, 68811139, 68813168, 1139, 3168
0, 6882, 68821139, 68822398, 1139, 2398
0, 6883, 68831139, 68832398, 1139, 2398
0, 6884, 68841139, 68842398, 1139, 2398
0, 6885, 68851139, 68852398, 1139, 2398
0, 6886, 68861139, 68862398, 1139, 2398
0, 6887, 68871139, 68872398, 1139, 2398
0, 6888, 68881139, 68885188, 1139, 5188
0, 6889, 68891139, 68892398, 1139, 2398
0, 689, 6891139, 6892398, 1139, 2398
0, 6890, 68901139, 68902398, 1139, 2398
0, 6891, 68911139, 68912398, 1139, 2398
0, 6892, 68921139, 68922398, 1139, 2398
0, 6893, 68931139, 68932398, 1139, 2398
0, 6894, 68941139, 68942398, 1139, 2398
0, 6895, 68951139, 68953753, 1139, 3753
0, 6896, 68961139, 68962398, 1139, 2398
0, 6897, 68971139, 68972398, 1139, 2398
0, 6898, 68981139, 68982398, 1139, 2398
0, 6899, 68991139, 68992398, 1139, 2398
0, 69, 691139, 692398, 1139, 2398
0, 690, 6901139, 6902398, 1139, 2398
0, 6900, 69001139, 69002398, 1139, 2398
0, 6901, 69011139, 69012398, 1139, 2398
0, 6902, 69021139, 69023168, 1139, 3168
0, 6903, 69031139, 69032398, 1139, 2398
0, 6904, 69041139, 69042398, 1139, 2398
0, 6905, 69051139, 69052398, 1139, 2398
0, 6906, 69061139, 69062398, 1139, 2398
0, 6907, 69071139, 69072398, 1139, 2398
0, 6908, 69081139, 69082398, 1139, 2398
0, 6909, 69091139, 69093168, 1139, 3168
0, 691, 6911139, 6912398, 1139, 2398
0, 6910, 69101139, 69102398, 1139, 2398
0, 6911, 69111139, 69112398, 1139, 2398
0, 6912, 69121139, 69122398, 1139, 2398
0, 6913, 69131139, 69132398, 1139, 2398
0, 6914, 69141139, 69142398, 1139, 2398
0, 6915, 69151139, 69152398, 1139, 2398
0, 6916, 69161139, 69165914, 1139, 5914
0, 6917, 69171139, 69172398, 1139, 2398
0, 6918, 69181139, 69182398, 1139, 2398
0, 6919, 69191139, 69192398, 1139, 2398
0, 692, 6921139, 6922398, 1139, 2398
0, 6920, 69201139, 69204166, 1139, 4166
0, 6921, 69211139, 69212398, 1139, 2398
0, 6922, 69221139, 69222398, 1139, 2398
0, 6923, 69231139, 69233168, 1139, 3168
0, 6924, 69241139, 69242398, 1139, 2398
0, 6925, 69251139, 69252398, 1139, 2398
0, 6926, 69261139, 69262398, 1139, 2398
0, 6927, 69271139, 69272398, 1139, 2398
0, 6928, 69281139, 69282398, 1139, 2398
0, 6929, 69291139, 69292398, 1139, 2398
0, 693, 6931139, 6933168, 1139, 3168
0, 6930, 69301139, 69303753, 1139, 3753
0, 6931, 69311139, 69312398, 1139, 2398
0, 6932, 69321139, 69322398, 1139, 2398
0, 6933, 69331139, 69332398, 1139, 2398
0, 6934, 69341139, 69342398, 1139, 2398
0, 6935, 69351139, 69352398, 1139, 2398
0, 6936, 69361139, 69362398, 1139, 2398
0, 6937, 69371139, 69373168, 1139, 3168
0, 6938, 69381139, 69382398, 1139, 2398
0, 6939, 69391139, 69392398, 1139, 2398
0, 694, 6941139, 6942398, 1139, 2398
0, 6940, 69401139, 69402398, 1139, 2398
0, 6941, 69411139, 69412398, 1139, 2398
0, 6942, 69421139, 69422398, 1139, 2398
0, 6943, 69431139, 69432398, 1139, 2398
0, 6944, 69441139, 69445188, 1139, 5188
0, 6945, 69451139, 69452398, 1139, 2398
0, 6946, 69461139, 69462398, 1139, 2398
0, 6947, 69471139, 69472398, 1139, 2398
0, 6948, 69481139, 69482398, 1139, 2398
0, 6949, 69491139, 69492398, 1139, 2398
0, 695, 6951139, 6952398, 1139, 2398
0, 6950, 69501139, 69502398, 1139, 2398
0, 6951, 69511139, 69513168, 1139, 3168
0, 6952, 69521139, 69522398, 1139, 2398
0, 6953, 69531139, 69532398, 1139, 2398
0, 6954, 69541139, 69542398, 1139, 2398
0, 6955, 69551139, 69552398, 1139, 2398
0, 6956, 69561139, 69562398, 1139, 2398
0, 6957, 69571139, 69572398, 1139, 2398
0, 6958, 69581139, 69583168, 1139, 3168
0, 6959, 69591139, 69592398, 1139, 2398
0, 696, 6961139, 6962398, 1139, 2398
0, 6960, 69601139, 69602689, 1139, 2689
0, 6961, 69611139, 69612398, 1139, 2398
0, 6962, 69621139, 69622398, 1139, 2398
0, 6963, 69631139, 69632398, 1139, 2398
0, 6964, 69641139, 69642398, 1139, 2398
0, 6965, 69651139, 69653753, 1139, 3753
0, 6966, 69661139, 69662398, 1139, 2398
0, 6967, 69671139, 69672398, 1139, 2398
0, 6968, 69681139, 69682398, 1139, 2398
0, 6969, 69691139, 69692398, 1139, 2398
0, 697, 6971139, 6972398, 1139, 2398
0, 6970, 69701139, 69702398, 1139, 2398
0, 6971, 69711139, 69712398, 1139, 2398
0, 6972, 69721139, 69723753, 1139, 3753
0, 6973, 69731139, 69732398, 1139, 2398
0, 6974, 69741139, 69742398, 1139, 2398
0, 6975, 69751139, 69752398, 1139, 2398
0, 6976, 69761139, 69762398, 1139, 2398
0, 6977, 69771139, 69772398, 1139, 2398
0, 6978, 69781139, 69782398, 1139, 2398
0, 6979, 69791139, 69793168, 1139, 3168
0, 698, 6981139, 6982398, 1139, 2398
0, 6980, 69801139, 69802398, 1139, 2398
0, 6981, 69811139, 69812398, 1139, 2398
0, 6982, 69821139, 69822398, 1139, 2398
0, 6983, 69831139, 69832631, 1139, 2631
0, 6984, 69841139, 69842398, 1139, 2398
0, 6985, 69851139, 69852398, 1139, 2398
0, 6986, 69861139, 69863168, 1139, 3168
0, 6987, 69871139, 69872398, 1139, 2398
0, 6988, 69881139, 69882398, 1139, 2398
0, 6989, 69891139, 69892398, 1139, 2398
0, 699, 6991139, 6992398, 1139, 2398
0, 6990, 69901139, 69902398, 1139, 2398
0, 6991, 69911139, 69912398, 1139, 2398
0, 6992, 69921139, 69922398, 1139, 2398
0, 6993, 69931139, 69933168, 1139, 3168
0, 6994, 69941139, 69942398, 1139, 2398
0, 6995, 69951139, 69952398, 1139, 2398
0, 6996, 69961139, 69962398, 1139, 2398
0, 6997, 69971139, 69972398, 1139, 2398
0, 6998, 69981139, 69982398, 1139, 2398
0, 6999, 69991139, 69992398, 1139, 2398
0, 7, 71139, 73168, 1139, 3168
0, 70, 701139, 703753, 1139, 3753
0, 700, 7001139, 7004868, 1139, 4868
0, 7000, 70001139, 70005188, 1139, 5188
0, 7001, 70011139, 70014099, 1139, 4099
0, 7002, 70021139, 70022398, 1139, 2398
0, 7003, 70031139, 70032398, 1139, 2398
0, 7004, 70041139, 70042398, 1139, 2398
0, 7005, 70051139, 70052398, 1139, 2398
0, 7006, 70061139, 70062398, 1139, 2398
0, 7007, 70071139, 70073168, 1139, 3168
0, 7008, 70081139, 70082398, 1139, 2398
0, 7009, 70091139, 70092398, 1139, 2398
0, 701, 7011139, 7012398, 1139, 2398
0, 7010, 70101139, 70102398, 1139, 2398
0, 7011, 70111139, 70112398, 1139, 2398
0, 7012, 70121139, 70122398, 1139, 2398
0, 7013, 70131139, 70132398, 1139, 2398
0, 7014, 70141139, 70143168, 1139, 3168
0, 7015, 70151139, 70152398, 1139, 2398
0, 7016, 70161139, 70162398, 1139, 2398
0, 7017, 70171139, 70172398, 1139, 2398
0, 7018, 70181139, 70182398, 1139, 2398
0, 7019, 70191139, 70192398, 1139, 2398
0, 702, 7021139, 7022398, 1139, 2398
0, 7020, 70201139, 70202398, 1139, 2398
0, 7021, 70211139, 70213753, 1139, 3753
0, 7022, 70221139, 70222398, 1139, 2398
0, 7023, 70231139, 70232398, 1139, 2398
0, 7024, 70241139, 70242398, 1139, 2398
0, 7025, 70251139, 70252398, 1139, 2398
0, 7026, 70261139, 70262398, 1139, 2398
0, 7027, 70271139, 70272398, 1139, 2398
0, 7028, 70281139, 70283753, 1139, 3753
0, 7029, 70291139, 70292398, 1139, 2398
0, 703, 7031139, 7032398, 1139, 2398
0, 7030, 70301139, 70302398, 1139, 2398
0, 7031, 70311139, 70312398, 1139, 2398
0, 7032, 70321139, 70322689, 1139, 2689
0, 7033, 70331139, 70332398, 1139, 2398
0, 7034, 70341139, 70342398, 1139, 2398
0, 7035, 70351139, 70353753, 1139, 3753
0, 7036, 70361139, 70362398, 1139, 2398
0, 7037, 70371139, 70372398, 1139, 2398
0, 7038, 70381139, 70382398, 1139, 2398
0, 7039, 70391139, 70392398, 1139, 2398
0, 704, 7041139, 7042398, 1139, 2398
0, 7040, 70401139, 70404868, 1139, 4868
0, 7041, 70411139, 70412398, 1139, 2398
0, 7042, 70421139, 70423168, 1139, 3168
0, 7043, 70431139, 70432398, 1139, 2398
0, 7044, 70441139, 70442398, 1139, 2398
0, 7045, 70451139, 70452398, 1139, 2398
0, 7046, 70461139, 70462398, 1139, 2398
0, 7047, 70471139, 70472398, 1139, 2398
0, 7048, 70481139, 70482398, 1139, 2398
0, 7049, 70491139, 70493753, 1139, 3753
0, 705, 7051139, 7052398, 1139, 2398
0, 7050, 70501139, 70502398, 1139, 2398
0, 7051, 70511139, 70512398, 1139, 2398
0, 7052, 70521139, 70522398, 1139, 2398
0, 7053, 70531139, 70532398, 1139, 2398
0, 7054, 70541139, 70542398, 1139, 2398
0, 7055, 70551139, 70552398, 1139, 2398
0, 7056, 70561139, 70565188, 1139, 5188
0, 7057, 70571139, 70572398, 1139, 2398
0, 7058, 70581139, 70582398, 1139, 2398
0, 7059, 70591139, 70592398, 1139, 2398
0, 706, 7061139, 7062398, 1139, 2398
0, 7060, 70601139, 70602398, 1139, 2398
0, 7061, 70611139, 70612398, 1139, 2398
0, 7062, 70621139, 70622398, 1139, 2398
0, 7063, 70631139, 70633168, 1139, 3168
0, 7064, 70641139, 70642398, 1139, 2398
0, 7065, 70651139, 70652398, 1139, 2398
0, 7066, 70661139, 70662398, 1139, 2398
0, 7067, 70671139, 70672398, 1139, 2398
0, 7068, 70681139, 70682398, 1139, 2398
0, 7069, 70691139, 70692398, 1139, 2398
0, 707, 7071139, 7073168, 1139, 3168
0, 7070, 70701139, 70703753, 1139, 3753
0, 7071, 70711139, 70712398, 1139, 2398
0, 7072, 70721139, 70722398, 1139, 2398
0, 7073, 70731139, 70732398, 1139, 2398
0, 7074, 70741139, 70742398, 1139, 2398
0, 7075, 70751139, 70752398, 1139, 2398
0, 7076, 70761139, 70762398, 1139, 2398
0, 7077, 70771139, 70773168, 1139, 3168
0, 7078, 70781139, 70782398, 1139, 2398
0, 7079, 70791139, 70792398, 1139, 2398
0, 708, 7081139, 7082398, 1139, 2398
0, 7080, 70801139, 70802689, 1139, 2689
0, 7081, 70811139, 70812398, 1139, 2398
0, 7082, 70821139, 70822398, 1139, 2398
0, 7083, 70831139, 70832398, 1139, 2398
0, 7084, 70841139, 70843753, 1139, 3753
0, 7085, 70851139, 70852398, 1139, 2398
0, 7086, 70861139, 70862398, 1139, 2398
0, 7087, 70871139, 70872398, 1139, 2398
0, 7088, 70881139, 70882398, 1139, 2398
0, 7089, 70891139, 70892398, 1139, 2398
0, 709, 7091139, 7092398, 1139, 2398
0, 7090, 70901139, 70902398, 1139, 2398
0, 7091, 70911139, 70913168, 1139, 3168
0, 7092, 70921139, 70922398, 1139, 2398
0, 7093, 70931139, 70932398, 1139, 2398
0, 7094, 70941139, 70942398, 1139, 2398
0, 7095, 70951139, 70952398, 1139, 2398
0, 7096, 70961139, 70962398, 1139, 2398
0, 7097, 70971139, 70972398, 1139, 2398
0, 7098, 70981139, 70983168, 1139, 3168
0, 7099, 70991139, 70992398, 1139, 2398
0, 71, 711139, 712398, 1139, 2398
0, 710, 7101139, 7102398, 1139, 2398
0, 7100, 71001139, 71002398, 1139, 2398
0, 7101, 71011139, 71012398, 1139, 2398
0, 7102, 71021139, 71022398, 1139, 2398
0, 7103, 71031139, 71032398, 1139, 2398
0, 7104, 71041139, 71042398, 1139, 2398
0, 7105, 71051139, 71053753, 1139, 3753
0, 7106, 71061139, 71062398, 1139, 2398
0, 7107, 71071139, 71072398, 1139, 2398
0, 7108, 71081139, 71082398, 1139, 2398
0, 7109, 71091139, 71092398, 1139, 2398
0, 711, 7111139, 7112398, 1139, 2398
0, 7110, 71101139, 71102398, 1139, 2398
0, 7111, 71111139, 71112398, 1139, 2398
0, 7112, 71121139, 71125188, 1139, 5188
0, 7113, 71131139, 71132398, 1139, 2398
0, 7114, 71141139, 71142398, 1139, 2398
0, 7115, 71151139, 71152398, 1139, 2398
0, 7116, 71161139, 71162689, 1139, 2689
0, 7117, 71171139, 71172398, 1139, 2398
0, 7118, 71181139, 71182398, 1139, 2398
0, 7119, 71191139, 71193168, 1139, 3168
0, 712, 7121139, 7122398, 1139, 2398
0, 7120, 71201139, 71202398, 1139, 2398
0, 7121, 71211139, 71212398, 1139, 2398
0, 7122, 71221139, 71222398, 1139, 2398
0, 7123, 71231139, 71232398, 1139, 2398
0, 7124, 71241139, 71242398, 1139, 2398
0, 7125, 71251139, 71252398, 1139, 2398
0, 7126, 71261139, 71263168, 1139, 3168
0, 7127, 71271139, 71272398, 1139, 2398
0, 7128, 71281139, 71282398, 1139, 2398
0, 7129, 71291139, 71292398, 1139, 2398
0, 713, 7131139, 7132398, 1139, 2398
0, 7130, 71301139, 71302398, 1139, 2398
0, 7131, 71311139, 71312398, 1139, 2398
0, 7132, 71321139, 71322398, 1139, 2398
0, 7133, 71331139, 71333168, 1139, 3168
0, 7134, 71341139, 71342398, 1139, 2398
0, 7135, 71351139, 71352398, 1139, 2398
0, 7136, 71361139, 71362398, 1139, 2398
0, 7137, 71371139, 71372398, 1139, 2398
0, 7138, 71381139, 71382398, 1139, 2398
0, 7139, 71391139, 71392398, 1139, 2398
0, 714, 7141139, 7143168, 1139, 3168
0, 7140, 71401139, 71404868, 1139, 4868
0, 7141, 71411139, 71412398, 1139, 2398
0, 7142, 71421139, 71422398, 1139, 2398
0, 7143, 71431139, 71432398, 1139, 2398
0, 7144, 71441139, 71444166, 1139, 4166
0, 7145, 71451139, 71452398, 1139, 2398
0, 7146, 71461139, 71462398, 1139, 2398
0, 7147, 71471139, 71473168, 1139, 3168
0, 7148, 71481139, 71482398, 1139, 2398
0, 7149, 71491139, 71492398, 1139, 2398
0, 715, 7151139, 7152398, 1139, 2398
0, 7150, 71501139, 71502398, 1139, 2398
0, 7151, 71511139, 71512398, 1139, 2398
0, 7152, 71521139, 71522398, 1139, 2398
0, 7153, 71531139, 71532398, 1139, 2398
0, 7154, 71541139, 71543753, 1139, 3753
0, 7155, 71551139, 71552398, 1139, 2398
0, 7156, 71561139, 71562398, 1139, 2398
0, 7157, 71571139, 71572398, 1139, 2398
0, 7158, 71581139, 71582398, 1139, 2398
0, 7159, 71591139, 71592398, 1139, 2398
0, 716, 7161139, 7162398, 1139, 2398
0, 7160, 71601139, 71602398, 1139, 2398
0, 7161, 71611139, 71613168, 1139, 3168
0, 7162, 71621139, 71622398, 1139, 2398
0, 7163, 71631139, 71632398, 1139, 2398
0, 7164, 71641139, 71642398, 1139, 2398
0, 7165, 71651139, 71652398, 1139, 2398
0, 7166, 71661139, 71662398, 1139, 2398
0, 7167, 71671139, 71672398, 1139, 2398
0, 7168, 71681139, 71685188, 1139, 5188
0, 7169, 71691139, 71692398, 1139, 2398
0, 717, 7171139, 7172398, 1139, 2398
0, 7170, 71701139, 71702398, 1139, 2398
0, 7171, 71711139, 71712398, 1139, 2398
0, 7172, 71721139, 71722398, 1139, 2398
0, 7173, 71731139, 71732398, 1139, 2398
0, 7174, 71741139, 71742398, 1139, 2398
0, 7175, 71751139, 71753753, 1139, 3753
0, 7176, 71761139, 71762398, 1139, 2398
0, 7177, 71771139, 71772398, 1139, 2398
0, 7178, 71781139, 71782398, 1139, 2398
0, 7179, 71791139, 71792398, 1139, 2398
0, 718, 7181139, 7182398, 1139, 2398
0, 7180, 71801139, 71802398, 1139, 2398
0, 7181, 71811139, 71812398, 1139, 2398
0, 7182, 71821139, 71823753, 1139, 3753
0, 7183, 71831139, 71832398, 1139, 2398
0, 7184, 71841139, 71842398, 1139, 2398
0, 7185, 71851139, 71852398, 1139, 2398
0, 7186, 71861139, 71862398, 1139, 2398
0, 7187, 71871139, 71872398, 1139, 2398
0, 7188, 71881139, 71882398, 1139, 2398
0, 7189, 71891139, 71893168, 1139, 3168
0, 719, 7191139, 7192398, 1139, 2398
0, 7190, 71901139, 71902398, 1139, 2398
0, 7191, 71911139, 71912398, 1139, 2398
0, 7192, 71921139, 71922398, 1139, 2398
0, 7193, 71931139, 71932398, 1139, 2398
0, 7194, 71941139, 71942398, 1139, 2398
0, 7195, 71951139, 71952398, 1139, 2398
0, 7196, 71961139, 71963753, 1139, 3753
0, 7197, 71971139, 71972398, 1139, 2398
0, 7198, 71981139, 71982398, 1139, 2398
0, 7199, 71991139, 71992398, 1139, 2398
0, 72, 721139, 722398, 1139, 2398
0, 720, 7201139, 7202689, 1139, 2689
0, 7200, 72001139, 72004166, 1139, 4166
0, 7201, 72011139, 72012398, 1139, 2398
0, 7202, 72021139, 72022398, 1139, 2398
0, 7203, 72031139, 72033168, 1139, 3168
0, 7204, 72041139, 72042398, 1139, 2398
0, 7205, 72051139, 72052398, 1139, 2398
0, 7206, 72061139, 72062398, 1139, 2398
0, 7207, 72071139, 72072398, 1139, 2398
0, 7208, 72081139, 72082398, 1139, 2398
0, 7209, 72091139, 72092398, 1139, 2398
0, 721, 7211139, 7213168, 1139, 3168
0, 7210, 72101139, 72103753, 1139, 3753
0, 7211, 72111139, 72112398, 1139, 2398
0, 7212, 72121139, 72122398, 1139, 2398
0, 7213, 72131139, 72132398, 1139, 2398
0, 7214, 72141139, 72142398, 1139, 2398
0, 7215, 72151139, 72152398, 1139, 2398
0, 7216, 72161139, 72162398, 1139, 2398
0, 7217, 72171139, 72173168, 1139, 3168
0, 7218, 72181139, 72182398, 1139, 2398
0, 7219, 72191139, 72192398, 1139, 2398
0, 722, 7221139, 7222398, 1139, 2398
0, 7220, 72201139, 72202398, 1139, 2398
0, 7221, 72211139, 72212398, 1139, 2398
0, 7222, 72221139, 72222398, 1139, 2398
0, 7223, 72231139, 72232398, 1139, 2398
0, 7224, 72241139, 72245188, 1139, 5188
0, 7225, 72251139, 72252398, 1139, 2398
0, 7226, 72261139, 72262398, 1139, 2398
0, 7227, 72271139, 72272398, 1139, 2398
0, 7228, 72281139, 72282398, 1139, 2398
0, 7229, 72291139, 72292398, 1139, 2398
0, 723, 7231139, 7232398, 1139, 2398
0, 7230, 72301139, 72302398, 1139, 2398
0, 7231, 72311139, 72313168, 1139, 3168
0, 7232, 72321139, 72322398, 1139, 2398
0, 7233, 72331139, 72332398, 1139, 2398
0, 7234, 72341139, 72342398, 1139, 2398
0, 7235, 72351139, 72352398, 1139, 2398
0, 7236, 72361139, 72362398, 1139, 2398
0, 7237, 72371139, 72372398, 1139, 2398
0, 7238, 72381139, 72383168, 1139, 3168
0, 7239, 72391139, 72392398, 1139, 2398
0, 724, 7241139, 7242398, 1139, 2398
0, 7240, 72401139, 72402398, 1139, 2398
0, 7241, 72411139, 72412398, 1139, 2398
0, 7242, 72421139, 72422398, 1139, 2398
0, 7243, 72431139, 72432398, 1139, 2398
0, 7244, 72441139, 72442398, 1139, 2398
0, 7245, 72451139, 72453753, 1139, 3753
0, 7246, 72461139, 72462398, 1139, 2398
0, 7247, 72471139, 72472398, 1139, 2398
0, 7248, 72481139, 72482398, 1139, 2398
0, 7249, 72491139, 72492398, 1139, 2398
0, 725, 7251139, 7252398, 1139, 2398
0, 7250, 72501139, 72502398, 1139, 2398
0, 7251, 72511139, 72512398, 1139, 2398
0, 7252, 72521139, 72523753, 1139, 3753
0, 7253, 72531139, 72532398, 1139, 2398
0, 7254, 72541139, 72542398, 1139, 2398
0, 7255, 72551139, 72552398, 1139, 2398
0, 7256, 72561139, 72562398, 1139, 2398
0, 7257, 72571139, 72572398, 1139, 2398
0, 7258, 72581139, 72582398, 1139, 2398
0, 7259, 72591139, 72593168, 1139, 3168
0, 726, 7261139, 7262398, 1139, 2398
0, 7260, 72601139, 72602398, 1139, 2398
0, 7261, 72611139, 72612398, 1139, 2398
0, 7262, 72621139, 72622398, 1139, 2398
0, 7263, 72631139, 72632398, 1139, 2398
0, 7264, 72641139, 72642398, 1139, 2398
0, 7265, 72651139, 72652398, 1139, 2398
0, 7266, 72661139, 72663168, 1139, 3168
0, 7267, 72671139, 72672398, 1139, 2398
0, 7268, 72681139, 72682398, 1139, 2398
0, 7269, 72691139, 72692398, 1139, 2398
0, 727, 7271139, 7272398, 1139, 2398
0, 7270, 72701139, 72702398, 1139, 2398
0, 7271, 72711139, 72712398, 1139, 2398
0, 7272, 72721139, 72722398, 1139, 2398
0, 7273, 72731139, 72733168, 1139, 3168
0, 7274, 72741139, 72742398, 1139, 2398
0, 7275, 72751139, 72752398, 1139, 2398
0, 7276, 72761139, 72762398, 1139, 2398
0, 7277, 72771139, 72772398, 1139, 2398
0, 7278, 72781139, 72782398, 1139, 2398
0, 7279, 72791139, 72792398, 1139, 2398
0, 728, 7281139, 7285188, 1139, 5188
0, 7280, 72801139, 72805188, 1139, 5188
0, 7281, 72811139, 72812398, 1139, 2398
0, 7282, 72821139, 72822398, 1139, 2398
0, 7283, 72831139, 72832398, 1139, 2398
0, 7284, 72841139, 72842398, 1139, 2398
0, 7285, 72851139, 72852398, 1139, 2398
0, 7286, 72861139, 72862398, 1139, 2398
0, 7287, 72871139, 72873753, 1139, 3753
0, 7288, 72881139, 72882398, 1139, 2398
0, 7289, 72891139, 72892398, 1139, 2398
0, 729, 7291139, 7292398, 1139, 2398
0, 7290, 72901139, 72902398, 1139, 2398
0, 7291, 72911139, 72912398, 1139, 2398
0, 7292, 72921139, 72922398, 1139, 2398
0, 7293, 72931139, 72932398, 1139, 2398
0, 7294, 72941139, 72943168, 1139, 3168
0, 7295, 72951139, 72952398, 1139, 2398
0, 7296, 72961139, 72962689, 1139, 2689
0, 7297, 72971139, 72972398, 1139, 2398
0, 7298, 72981139, 72982398, 1139, 2398
0, 7299, 72991139, 72992398, 1139, 2398
0, 73, 731139, 732398, 1139, 2398
0, 730, 7301139, 7302398, 1139, 2398
0, 7300, 73001139, 73002398, 1139, 2398
0, 7301, 73011139, 73013168, 1139, 3168
0, 7302, 73021139, 73022398, 1139, 2398
0, 7303, 73031139, 73032398, 1139, 2398
0, 7304, 73041139, 73042398, 1139, 2398
0, 7305, 73051139, 73052398, 1139, 2398
0, 7306, 73061139, 73062398, 1139, 2398
0, 7307, 73071139, 73072398, 1139, 2398
0, 7308, 73081139, 73083753, 1139, 3753
0, 7309, 73091139, 73092398, 1139, 2398
0, 731, 7311139, 7312398, 1139, 2398
0, 7310, 73101139, 73102398, 1139, 2398
0, 7311, 73111139, 73112398, 1139, 2398
0, 7312, 73121139, 73122398, 1139, 2398
0, 7313, 73131139, 73132398, 1139, 2398
0, 7314, 73141139, 73142398, 1139, 2398
0, 7315, 73151139, 73154868, 1139, 4868
0, 7316, 73161139, 73162398, 1139, 2398
0, 7317, 73171139, 73172398, 1139, 2398
0, 7318, 73181139, 73182398, 1139, 2398
0, 7319, 73191139, 73192398, 1139, 2398
0, 732, 7321139, 7322689, 1139, 2689
0, 7320, 73201139, 73202689, 1139, 2689
0, 7321, 73211139, 73212398, 1139, 2398
0, 7322, 73221139, 73223168, 1139, 3168
0, 7323, 73231139, 73232398, 1139, 2398
0, 7324, 73241139, 73242398, 1139, 2398
0, 7325, 73251139, 73252398, 1139, 2398
0, 7326, 73261139, 73262398, 1139, 2398
0, 7327, 73271139, 73272398, 1139, 2398
0, 7328, 73281139, 73282398, 1139, 2398
0, 7329, 73291139, 73293168, 1139, 3168
0, 733, 7331139, 7332398, 1139, 2398
0, 7330, 73301139, 73302398, 1139, 2398
0, 7331, 73311139, 73312398, 1139, 2398
0, 7332, 73321139, 73322398, 1139, 2398
0, 7333, 73331139, 73332398, 1139, 2398
0, 7334, 73341139, 73342398, 1139, 2398
0, 7335, 73351139, 73352398, 1139, 2398
0, 7336, 73361139, 73365188, 1139, 5188
0, 7337, 73371139, 73372398, 1139, 2398
0, 7338, 73381139, 73382398, 1139, 2398
0, 7339, 73391139, 73392398, 1139, 2398
0, 734, 7341139, 7342398, 1139, 2398
0, 7340, 73401139, 73402398, 1139, 2398
0, 7341, 73411139, 73412398, 1139, 2398
0, 7342, 73421139, 73422398, 1139, 2398
0, 7343, 73431139, 73433168, 1139, 3168
0, 7344, 73441139, 73442689, 1139, 2689
0, 7345, 73451139, 73452398, 1139, 2398
0, 7346, 73461139, 73462398, 1139, 2398
0, 7347, 73471139, 73472398, 1139, 2398
0, 7348, 73481139, 73482398, 1139, 2398
0, 7349, 73491139, 73492398, 1139, 2398
0, 735, 7351139, 7353753, 1139, 3753
0, 7350, 73501139, 73503753, 1139, 3753
0, 7351, 73511139, 73512398, 1139, 2398
0, 7352, 73521139, 73522398, 1139, 2398
0, 7353, 73531139, 73532398, 1139, 2398
0, 7354, 73541139, 73542398, 1139, 2398
0, 7355, 73551139, 73552398, 1139, 2398
0, 7356, 73561139, 73562398, 1139, 2398
0, 7357, 73571139, 73573168, 1139, 3168
0, 7358, 73581139, 73582398, 1139, 2398
0, 7359, 73591139, 73592398, 1139, 2398
0, 736, 7361139, 7362398, 1139, 2398
0, 7360, 73601139, 73602398, 1139, 2398
0, 7361, 73611139, 73612398, 1139, 2398
0, 7362, 73621139, 73622398, 1139, 2398
0, 7363, 73631139, 73632398, 1139, 2398
0, 7364, 73641139, 73643753, 1139, 3753
0, 7365, 73651139, 73652398, 1139, 2398
0, 7366, 73661139, 73662398, 1139, 2398
0, 7367, 73671139, 73672398, 1139, 2398
0, 7368, 73681139, 73682689, 1139, 2689
0, 7369, 73691139, 73692398, 1139, 2398
0, 737, 7371139, 7372398, 1139, 2398
0, 7370, 73701139, 73702398, 1139, 2398
0, 7371, 73711139, 73713168, 1139, 3168
0, 7372, 73721139, 73722398, 1139, 2398
0, 7373, 73731139, 73732398, 1139, 2398
0, 7374, 73741139, 73742398, 1139, 2398
0, 7375, 73751139, 73752398, 1139, 2398
0, 7376, 73761139, 73762398, 1139, 2398
0, 7377, 73771139, 73772398, 1139, 2398
0, 7378, 73781139, 73783168, 1139, 3168
0, 7379, 73791139, 73792398, 1139, 2398
0, 738, 7381139, 7382398, 1139, 2398
0, 7380, 73801139, 73802398, 1139, 2398
0, 7381, 73811139, 73812398, 1139, 2398
0, 7382, 73821139, 73822398, 1139, 2398
0, 7383, 73831139, 73832398, 1139, 2398
0, 7384, 73841139, 73842398, 1139, 2398
0, 7385, 73851139, 73853753, 1139, 3753
0, 7386, 73861139, 73862398, 1139, 2398
0, 7387, 73871139, 73872398, 1139, 2398
0, 7388, 73881139, 73882398, 1139, 2398
0, 7389, 73891139, 73892398, 1139, 2398
0, 739, 7391139, 7392398, 1139, 2398
0, 7390, 73901139, 73902398, 1139, 2398
0, 7391, 73911139, 73912398, 1139, 2398
0, 7392, 73921139, 73925188, 1139, 5188
0, 7393, 73931139, 73934250, 1139, 4250
0, 7394, 73941139, 73942398, 1139, 2398
0, 7395, 73951139, 73952398, 1139, 2398
0, 7396, 73961139, 73962398, 1139, 2398
0, 7397, 73971139, 73972398, 1139, 2398
0, 7398, 73981139, 73982398, 1139, 2398
0, 7399, 73991139, 73993168, 1139, 3168
0, 74, 741139, 742398, 1139, 2398
0, 740, 7401139, 7402398, 1139, 2398
0, 7400, 74001139, 74002398, 1139, 2398
0, 7401, 74011139, 74012398, 1139, 2398
0, 7402, 74021139, 74022398, 1139, 2398
0, 7403, 74031139, 74032398, 1139, 2398
0, 7404, 74041139, 74042398, 1139, 2398
0, 7405, 74051139, 74052398, 1139, 2398
0, 7406, 74061139, 74063168, 1139, 3168
0, 7407, 74071139, 74072398, 1139, 2398
0, 7408, 74081139, 74082398, 1139, 2398
0, 7409, 74091139, 74092398, 1139, 2398
0, 741, 7411139, 7412398, 1139, 2398
0, 7410, 74101139, 74102689, 1139, 2689
0, 7411, 74111139, 74112398, 1139, 2398
0, 7412, 74121139, 74122398, 1139, 2398
0, 7413, 74131139, 74133168, 1139, 3168
0, 7414, 74141139, 74142398, 1139, 2398
0, 7415, 74151139, 74152398, 1139, 2398
0, 7416, 74161139, 74162398, 1139, 2398
0, 7417, 74171139, 74172398, 1139, 2398
0, 7418, 74181139, 74182398, 1139, 2398
0, 7419, 74191139, 74192398, 1139, 2398
0, 742, 7421139, 7423168, 1139, 3168
0, 7420, 74201139, 74205165, 1139, 5165
0, 7421, 74211139, 74212398, 1139, 2398
0, 7422, 74221139, 74222398, 1139, 2398
0, 7423, 74231139, 74232398, 1139, 2398
0, 7424, 74241139, 74242398, 1139, 2398
0, 7425, 74251139, 74252398, 1139, 2398
0, 7426, 74261139, 74262398, 1139, 2398
0, 7427, 74271139, 74273168, 1139, 3168
0, 7428, 74281139, 74282398, 1139, 2398
0, 7429, 74291139, 74292398, 1139, 2398
0, 743, 7431139, 7432398, 1139, 2398
0, 7430, 74301139, 74302398, 1139, 2398
0, 7431, 74311139, 74312398, 1139, 2398
0, 7432, 74321139, 74322398, 1139, 2398
0, 7433, 74331139, 74332398, 1139, 2398
0, 7434, 74341139, 74343168, 1139, 3168
0, 7435, 74351139, 74352398, 1139, 2398
0, 7436, 74361139, 74362398, 1139, 2398
0, 7437, 74371139, 74372398, 1139, 2398
0, 7438, 74381139, 74382398, 1139, 2398
0, 7439, 74391139, 74392398, 1139, 2398
0, 744, 7441139, 7442398, 1139, 2398
0, 7440, 74401139, 74402689, 1139, 2689
0, 7441, 74411139, 74413168, 1139, 3168
0, 7442, 74421139, 74422398, 1139, 2398
0, 7443, 74431139, 74432398, 1139, 2398
0, 7444, 74441139, 74442398, 1139, 2398
0, 7445, 74451139, 74452398, 1139, 2398
0, 7446, 74461139, 74462398, 1139, 2398
0, 7447, 74471139, 74472398, 1139, 2398
0, 7448, 74481139, 74485914, 1139, 5914
0, 7449, 74491139, 74494465, 1139, 4465
0, 745, 7451139, 7452398, 1139, 2398
0, 7450, 74501139, 74502398, 1139, 2398
0, 7451, 74511139, 74512398, 1139, 2398
0, 7452, 74521139, 74522398, 1139, 2398
0, 7453, 74531139, 74532398, 1139, 2398
0, 7454, 74541139, 74542398, 1139, 2398
0, 7455, 74551139, 74553753, 1139, 3753
0, 7456, 74561139, 74562398, 1139, 2398
0, 7457, 74571139, 74572398, 1139, 2398
0, 7458, 74581139, 74582398, 1139, 2398
0, 7459, 74591139, 74592398, 1139, 2398
0, 746, 7461139, 7462398, 1139, 2398
0, 7460, 74601139, 74602398, 1139, 2398
0, 7461, 74611139, 74612398, 1139, 2398
0, 7462, 74621139, 74623168, 1139, 3168
0, 7463, 74631139, 74632398, 1139, 2398
0, 7464, 74641139, 74642398, 1139, 2398
0, 7465, 74651139, 74652398, 1139, 2398
0, 7466, 74661139, 74662398, 1139, 2398
0, 7467, 74671139, 74672398, 1139, 2398
0, 7468, 74681139, 74682398, 1139, 2398
0, 7469, 74691139, 74693168, 1139, 3168
0, 747, 7471139, 7472398, 1139, 2398
0, 7470, 74701139, 74702398, 1139, 2398
0, 7471, 74711139, 74712398, 1139, 2398
0, 7472, 74721139, 74722398, 1139, 2398
0, 7473, 74731139, 74732398, 1139, 2398
0, 7474, 74741139, 74742398, 1139, 2398
0, 7475, 74751139, 74752398, 1139, 2398
0, 7476, 74761139, 74763753, 1139, 3753
0, 7477, 74771139, 74772398, 1139, 2398
0, 7478, 74781139, 74782398, 1139, 2398
0, 7479, 74791139, 74792398, 1139, 2398
0, 748, 7481139, 7482398, 1139, 2398
0, 7480, 74801139, 74804166, 1139, 4166
0, 7481, 74811139, 74812398, 1139, 2398
0, 7482, 74821139, 74822398, 1139, 2398
0, 7483, 74831139, 74833168, 1139, 3168
0, 7484, 74841139, 74842398, 1139, 2398
0, 7485, 74851139, 74852398, 1139, 2398
0, 7486, 74861139, 74862398, 1139, 2398
0, 7487, 74871139, 74872398, 1139, 2398
0, 7488, 74881139, 74882398, 1139, 2398
0, 7489, 74891139, 74892398, 1139, 2398
0, 749, 7491139, 7493168, 1139, 3168
0, 7490, 74901139, 74903753, 1139, 3753
0, 7491, 74911139, 74912398, 1139, 2398
0, 7492, 74921139, 74922398, 1139, 2398
0, 7493, 74931139, 74932398, 1139, 2398
0, 7494, 74941139, 74942398, 1139, 2398
0, 7495, 74951139, 74952398, 1139, 2398
0, 7496, 74961139, 74962398, 1139, 2398
0, 7497, 74971139, 74973168, 1139, 3168
0, 7498, 74981139, 74982398, 1139, 2398
0, 7499, 74991139, 74992398, 1139, 2398
0, 75, 751139, 752398, 1139, 2398
0, 750, 7501139, 7502398, 1139, 2398
0, 7500, 75001139, 75002398, 1139, 2398
0, 7501, 75011139, 75012398, 1139, 2398
0, 7502, 75021139, 75022398, 1139, 2398
0, 7503, 75031139, 75032398, 1139, 2398
0, 7504, 75041139, 75045188, 1139, 5188
0, 7505, 75051139, 75052398, 1139, 2398
0, 7506, 75061139, 75062398, 1139, 2398
0, 7507, 75071139, 75072398, 1139, 2398
0, 7508, 75081139, 75082398, 1139, 2398
0, 7509, 75091139, 75092398, 1139, 2398
0, 751, 7511139, 7512398, 1139, 2398
0, 7510, 75101139, 75102398, 1139, 2398
0, 7511, 75111139, 75113168, 1139, 3168
0, 7512, 75121139, 75122398, 1139, 2398
0, 7513, 75131139, 75132398, 1139, 2398
0, 7514, 75141139, 75142398, 1139, 2398
0, 7515, 75151139, 75152689, 1139, 2689
0, 7516, 75161139, 75162398, 1139, 2398
0, 7517, 75171139, 75172398, 1139, 2398
0, 7518, 75181139, 75183168, 1139, 3168
0, 7519, 75191139, 75192398, 1139, 2398
0, 752, 7521139, 7522398, 1139, 2398
0, 7520, 75201139, 75202398, 1139, 2398
0, 7521, 75211139, 75212398, 1139, 2398
0, 7522, 75221139, 75222398, 1139, 2398
0, 7523, 75231139, 75232398, 1139, 2398
0, 7524, 75241139, 75242398, 1139, 2398
0, 7525, 75251139, 75253753, 1139, 3753
0, 7526, 75261139, 75262398, 1139, 2398
0, 7527, 75271139, 75272398, 1139, 2398
0, 7528, 75281139, 75282398, 1139, 2398
0, 7529, 75291139, 75292398, 1139, 2398
0, 753, 7531139, 7532398, 1139, 2398
0, 7530, 75301139, 75302398, 1139, 2398
0, 7531, 75311139, 75312398, 1139, 2398
0, 7532, 75321139, 75323753, 1139, 3753
0, 7533, 75331139, 75332398, 1139, 2398
0, 7534, 75341139, 75342398, 1139, 2398
0, 7535, 75351139, 75352398, 1139, 2398
0, 7536, 75361139, 75362689, 1139, 2689
0, 7537, 75371139, 75372398, 1139, 2398
0, 7538, 75381139, 75382398, 1139, 2398
0, 7539, 75391139, 75393168, 1139, 3168
0, 754, 7541139, 7542398, 1139, 2398
0, 7540, 75401139, 75402398, 1139, 2398
0, 7541, 75411139, 75412398, 1139, 2398
0, 7542, 75421139, 75422398, 1139, 2398
0, 7543, 75431139, 75432398, 1139, 2398
0, 7544, 75441139, 75442398, 1139, 2398
0, 7545, 75451139, 75452398, 1139, 2398
0, 7546, 75461139, 75463168, 1139, 3168
0, 7547, 75471139, 75472398, 1139, 2398
0, 7548, 75481139, 75482398, 1139, 2398
0, 7549, 75491139, 75492398, 1139, 2398
0, 755, 7551139, 7552398, 1139, 2398
0, 7550, 75501139, 75502398, 1139, 2398
0, 7551, 75511139, 75512398, 1139, 2398
0, 7552, 75521139, 75522398, 1139, 2398
0, 7553, 75531139, 75533753, 1139, 3753
0, 7554, 75541139, 75542398, 1139, 2398
0, 7555, 75551139, 75552398, 1139, 2398
0, 7556, 75561139, 75562398, 1139, 2398
0, 7557, 75571139, 75572398, 1139, 2398
0, 7558, 75581139, 75582398, 1139, 2398
0, 7559, 75591139, 75592398, 1139, 2398
0, 756, 7561139, 7563753, 1139, 3753
0, 7560, 75601139, 75605188, 1139, 5188
0, 7561, 75611139, 75612398, 1139, 2398
0, 7562, 75621139, 75622398, 1139, 2398
0, 7563, 75631139, 75632398, 1139, 2398
0, 7564, 75641139, 75642398, 1139, 2398
0, 7565, 75651139, 75652398, 1139, 2398
0, 7566, 75661139, 75662398, 1139, 2398
0, 7567, 75671139, 75673168, 1139, 3168
0, 7568, 75681139, 75682398, 1139, 2398
0, 7569, 75691139, 75692398, 1139, 2398
0, 757, 7571139, 7572398, 1139, 2398
0, 7570, 75701139, 75702398, 1139, 2398
0, 7571, 75711139, 75712398, 1139, 2398
0, 7572, 75721139, 75722398, 1139, 2398
0, 7573, 75731139, 75732398, 1139, 2398
0, 7574, 75741139, 75743168, 1139, 3168
0, 7575, 75751139, 75752398, 1139, 2398
0, 7576, 75761139, 75762398, 1139, 2398
0, 7577, 75771139, 75772398, 1139, 2398
0, 7578, 75781139, 75782398, 1139, 2398
0, 7579, 75791139, 75792398, 1139, 2398
0, 758, 7581139, 7582398, 1139, 2398
0, 7580, 75801139, 75802398, 1139, 2398
0, 7581, 75811139, 75813753, 1139, 3753
0, 7582, 75821139, 75822398, 1139, 2398
0, 7583, 75831139, 75832398, 1139, 2398
0, 7584, 75841139, 75842398, 1139, 2398
0, 7585, 75851139, 75852398, 1139, 2398
0, 7586, 75861139, 75862398, 1139, 2398
0, 7587, 75871139, 75872398, 1139, 2398
0, 7588, 75881139, 75883753, 1139, 3753
0, 7589, 75891139, 75892398, 1139, 2398
0, 759, 7591139, 7592398, 1139, 2398
0, 7590, 75901139, 75902398, 1139, 2398
0, 7591, 75911139, 75912398, 1139, 2398
0, 7592, 75921139, 75922398, 1139, 2398
0, 7593, 75931139, 75932398, 1139, 2398
0, 7594, 75941139, 75942398, 1139, 2398
0, 7595, 75951139, 75953753, 1139, 3753
0, 7596, 75961139, 75962398, 1139, 2398
0, 7597, 75971139, 75972398, 1139, 2398
0, 7598, 75981139, 75982398, 1139, 2398
0, 7599, 75991139, 75992398, 1139, 2398
0, 76, 761139, 762398, 1139, 2398
0, 760, 7601139, 7604868, 1139, 4868
0, 7600, 76001139, 76004868, 1139, 4868
0, 7601, 76011139, 76012398, 1139, 2398
0, 7602, 76021139, 76023168, 1139, 3168
0, 7603, 76031139, 76032398, 1139, 2398
0, 7604, 76041139, 76042398, 1139, 2398
0, 7605, 76051139, 76052398, 1139, 2398
0, 7606, 76061139, 76062398, 1139, 2398
0, 7607, 76071139, 76072398, 1139, 2398
0, 7608, 76081139, 76082398, 1139, 2398
0, 7609, 76091139, 76093168, 1139, 3168
0, 761, 7611139, 7612398, 1139, 2398
0, 7610, 76101139, 76102398, 1139, 2398
0, 7611, 76111139, 76112398, 1139, 2398
0, 7612, 76121139, 76122398, 1139, 2398
0, 7613, 76131139, 76132398, 1139, 2398
0, 7614, 76141139, 76142398, 1139, 2398
0, 7615, 76151139, 76152398, 1139, 2398
0, 7616, 76161139, 76165188, 1139, 5188
0, 7617, 76171139, 76172398, 1139, 2398
0, 7618, 76181139, 76182398, 1139, 2398
0, 7619, 76191139, 76192398, 1139, 2398
0, 762, 7621139, 7622398, 1139, 2398
0, 7620, 76201139, 76202689, 1139, 2689
0, 7621, 76211139, 76212398, 1139, 2398
0, 7622, 76221139, 76222398, 1139, 2398
0, 7623, 76231139, 76233168, 1139, 3168
0, 7624, 76241139, 76242398, 1139, 2398
0, 7625, 76251139, 76252398, 1139, 2398
0, 7626, 76261139, 76262398, 1139, 2398
0, 7627, 76271139, 76272398, 1139, 2398
0, 7628, 76281139, 76282398, 1139, 2398
0, 7629, 76291139, 76292398, 1139, 2398
0, 763, 7631139, 7633168, 1139, 3168
0, 7630, 76301139, 76303753, 1139, 3753
0, 7631, 76311139, 76312398, 1139, 2398
0, 7632, 76321139, 76322398, 1139, 2398
0, 7633, 76331139, 76332398, 1139, 2398
0, 7634, 76341139, 76342398, 1139, 2398
0, 7635, 76351139, 76352398, 1139, 2398
0, 7636, 76361139, 76362398, 1139, 2398
0, 7637, 76371139, 76373168, 1139, 3168
0, 7638, 76381139, 76382398, 1139, 2398
0, 7639, 76391139, 76392398, 1139, 2398
0, 764, 7641139, 7642398, 1139, 2398
0, 7640, 76401139, 76402398, 1139, 2398
0, 7641, 76411139, 76412398, 1139, 2398
0, 7642, 76421139, 76422398, 1139, 2398
0, 7643, 76431139, 76432398, 1139, 2398
0, 7644, 76441139, 76443753, 1139, 3753
0, 7645, 76451139, 76452398, 1139, 2398
0, 7646, 76461139, 76462398, 1139, 2398
0, 7647, 76471139, 76472398, 1139, 2398
0, 7648, 76481139, 76485188, 1139, 5188
0, 7649, 76491139, 76492398, 1139, 2398
0, 765, 7651139, 7652398, 1139, 2398
0, 7650, 76501139, 76502398, 1139, 2398
0, 7651, 76511139, 76513168, 1139, 3168
0, 7652, 76521139, 76522398, 1139, 2398
0, 7653, 76531139, 76532398, 1139, 2398
0, 7654, 76541139, 76542398, 1139, 2398
0, 7655, 76551139, 76552398, 1139, 2398
0, 7656, 76561139, 76562398, 1139, 2398
0, 7657, 76571139, 76572398, 1139, 2398
0, 7658, 76581139, 76583168, 1139, 3168
0, 7659, 76591139, 76592398, 1139, 2398
0, 766, 7661139, 7662398, 1139, 2398
0, 7660, 76601139, 76602398, 1139, 2398
0, 7661, 76611139, 76612398, 1139, 2398
0, 7662, 76621139, 76622398, 1139, 2398
0, 7663, 76631139, 76632398, 1139, 2398
0, 7664, 76641139, 76642398, 1139, 2398
0, 7665, 76651139, 76653753, 1139, 3753
0, 7666, 76661139, 76662398, 1139, 2398
0, 7667, 76671139, 76672398, 1139, 2398
0, 7668, 76681139, 76682398, 1139, 2398
0, 7669, 76691139, 76692398, 1139, 2398
0, 767, 7671139, 7672398, 1139, 2398
0, 7670, 76701139, 76702398, 1139, 2398
0, 7671, 76711139, 76712398, 1139, 2398
0, 7672, 76721139, 76725188, 1139, 5188
0, 7673, 76731139, 76734250, 1139, 4250
0, 7674, 76741139, 76742398, 1139, 2398
0, 7675, 76751139, 76752398, 1139, 2398
0, 7676, 76761139, 76762398, 1139, 2398
0, 7677, 76771139, 76772398, 1139, 2398
0, 7678, 76781139, 76782398, 1139, 2398
0, 7679, 76791139, 76793168, 1139, 3168
0, 768, 7681139, 7682398, 1139, 2398
0, 7680, 76801139, 76802689, 1139, 2689
0, 7681, 76811139, 76812398, 1139, 2398
0, 7682, 76821139, 76822398, 1139, 2398
0, 7683, 76831139, 76832398, 1139, 2398
0, 7684, 76841139, 76842398, 1139, 2398
0, 7685, 76851139, 76852398, 1139, 2398
0, 7686, 76861139, 76863753, 1139, 3753
0, 7687, 76871139, 76872398, 1139, 2398
0, 7688, 76881139, 76882398, 1139, 2398
0, 7689, 76891139, 76892398, 1139, 2398
0, 769, 7691139, 7692398, 1139, 2398
0, 7690, 76901139, 76902398, 1139, 2398
0, 7691, 76911139, 76912398, 1139, 2398
0, 7692, 76921139, 76922398, 1139, 2398
0, 7693, 76931139, 76933168, 1139, 3168
0, 7694, 76941139, 76942398, 1139, 2398
0, 7695, 76951139, 76952398, 1139, 2398
0, 7696, 76961139, 76962398, 1139, 2398
0, 7697, 76971139, 76972398, 1139, 2398
0, 7698, 76981139, 76982398, 1139, 2398
0, 7699, 76991139, 76992398, 1139, 2398
0, 77, 771139, 773168, 1139, 3168
0, 770, 7701139, 7704868, 1139, 4868
0, 7700, 77001139, 77004868, 1139, 4868
0, 7701, 77011139, 77012398, 1139, 2398
0, 7702, 77021139, 77022398, 1139, 2398
0, 7703, 77031139, 77032398, 1139, 2398
0, 7704, 77041139, 77042689, 1139, 2689
0, 7705, 77051139, 77052398, 1139, 2398
0, 7706, 77061139, 77062398, 1139, 2398
0, 7707, 77071139, 77073168, 1139, 3168
0, 7708, 77081139, 77082398, 1139, 2398
0, 7709, 77091139, 77092398, 1139, 2398
0, 771, 7711139, 7712398, 1139, 2398
0, 7710, 77101139, 77102398, 1139, 2398
0, 7711, 77111139, 77112398, 1139, 2398
0, 7712, 77121139, 77122398, 1139, 2398
0, 7713, 77131139, 77132398, 1139, 2398
0, 7714, 77141139, 77143753, 1139, 3753
0, 7715, 77151139, 77152398, 1139, 2398
0, 7716, 77161139, 77162398, 1139, 2398
0, 7717, 77171139, 77172398, 1139, 2398
0, 7718, 77181139, 77182398, 1139, 2398
0, 7719, 77191139, 77192398, 1139, 2398
0, 772, 7721139, 7722398, 1139, 2398
0, 7720, 77201139, 77202398, 1139, 2398
0, 7721, 77211139, 77213168, 1139, 3168
0, 7722, 77221139, 77222398, 1139, 2398
0, 7723, 77231139, 77232398, 1139, 2398
0, 7724, 77241139, 77242398, 1139, 2398
0, 7725, 77251139, 77252398, 1139, 2398
0, 7726, 77261139, 77262398, 1139, 2398
0, 7727, 77271139, 77272398, 1139, 2398
0, 7728, 77281139, 77285188, 1139, 5188
0, 7729, 77291139, 77292398, 1139, 2398
0, 773, 7731139, 7732398, 1139, 2398
0, 7730, 77301139, 77302398, 1139, 2398
0, 7731, 77311139, 77312398, 1139, 2398
0, 7732, 77321139, 77322398, 1139, 2398
0, 7733, 77331139, 77332398, 1139, 2398
0, 7734, 77341139, 77342398, 1139, 2398
0, 7735, 77351139, 77353753, 1139, 3753
0, 7736, 77361139, 77362398, 1139, 2398
0, 7737, 77371139, 77372398, 1139, 2398
0, 7738, 77381139, 77382398, 1139, 2398
0, 7739, 77391139, 77392398, 1139, 2398
0, 774, 7741139, 7742398, 1139, 2398
0, 7740, 77401139, 77402398, 1139, 2398
0, 7741, 77411139, 77412398, 1139, 2398
0, 7742, 77421139, 77423168, 1139, 3168
0, 7743, 77431139, 77432398, 1139, 2398
0, 7744, 77441139, 77442398, 1139, 2398
0, 7745, 77451139, 77452398, 1139, 2398
0, 7746, 77461139, 77462398, 1139, 2398
0, 7747, 77471139, 77472398, 1139, 2398
0, 7748, 77481139, 77482398, 1139, 2398
0, 7749, 77491139, 77493168, 1139, 3168
0, 775, 7751139, 7752398, 1139, 2398
0, 7750, 77501139, 77502398, 1139, 2398
0, 7751, 77511139, 77512398, 1139, 2398
0, 7752, 77521139, 77522689, 1139, 2689
0, 7753, 77531139, 77532398, 1139, 2398
0, 7754, 77541139, 77542398, 1139, 2398
0, 7755, 77551139, 77552398, 1139, 2398
0, 7756, 77561139, 77563753, 1139, 3753
0, 7757, 77571139, 77572398, 1139, 2398
0, 7758, 77581139, 77582398, 1139, 2398
0, 7759, 77591139, 77592398, 1139, 2398
0, 776, 7761139, 7762398, 1139, 2398
0, 7760, 77601139, 77604166, 1139, 4166
0, 7761, 77611139, 77612398, 1139, 2398
0, 7762, 77621139, 77622398, 1139, 2398
0, 7763, 77631139, 77633168, 1139, 3168
0, 7764, 77641139, 77642398, 1139, 2398
0, 7765, 77651139, 77652398, 1139, 2398
0, 7766, 77661139, 77662398, 1139, 2398
0, 7767, 77671139, 77672398, 1139, 2398
0, 7768, 77681139, 77682398, 1139, 2398
0, 7769, 77691139, 77692398, 1139, 2398
0, 777, 7771139, 7773168, 1139, 3168
0, 7770, 77701139, 77703753, 1139, 3753
0, 7771, 77711139, 77712398, 1139, 2398
0, 7772, 77721139, 77722398, 1139, 2398
0, 7773, 77731139, 77732398, 1139, 2398
0, 7774, 77741139, 77742398, 1139, 2398
0, 7775, 77751139, 77752398, 1139, 2398
0, 7776, 77761139, 77762398, 1139, 2398
0, 7777, 77771139, 77773168, 1139, 3168
0, 7778, 77781139, 77782398, 1139, 2398
0, 7779, 77791139, 77792398, 1139, 2398
0, 778, 7781139, 7782398, 1139, 2398
0, 7780, 77801139, 77802398, 1139, 2398
0, 7781, 77811139, 77812398, 1139, 2398
0, 7782, 77821139, 77822398, 1139, 2398
0, 7783, 77831139, 77832398, 1139, 2398
0, 7784, 77841139, 77845188, 1139, 5188
0, 7785, 77851139, 77852398, 1139, 2398
0, 7786, 77861139, 77862398, 1139, 2398
0, 7787, 77871139, 77872398, 1139, 2398
0, 7788, 77881139, 77882398, 1139, 2398
0, 7789, 77891139, 77892398, 1139, 2398
0, 779, 7791139, 7792398, 1139, 2398
0, 7790, 77901139, 77902398, 1139, 2398
0, 7791, 77911139, 77913168, 1139, 3168
0, 7792, 77921139, 77922398, 1139, 2398
0, 7793, 77931139, 77932398, 1139, 2398
0, 7794, 77941139, 77942398, 1139, 2398
0, 7795, 77951139, 77952398, 1139, 2398
0, 7796, 77961139, 77962398, 1139, 2398
0, 7797, 77971139, 77972398, 1139, 2398
0, 7798, 77981139, 77983168, 1139, 3168
0, 7799, 77991139, 77992398, 1139, 2398
0, 78, 781139, 782398, 1139, 2398
0, 780, 7801139, 7802398, 1139, 2398
0, 7800, 78001139, 78004868, 1139, 4868
0, 7801, 78011139, 78012398, 1139, 2398
0, 7802, 78021139, 78022398, 1139, 2398
0, 7803, 78031139, 78032398, 1139, 2398
0, 7804, 78041139, 78042398, 1139, 2398
0, 7805, 78051139, 78053753, 1139, 3753
0, 7806, 78061139, 78062398, 1139, 2398
0, 7807, 78071139, 78072398, 1139, 2398
0, 7808, 78081139, 78082398, 1139, 2398
0, 7809, 78091139, 78092398, 1139, 2398
0, 781, 7811139, 7812398, 1139, 2398
0, 7810, 78101139, 78102398, 1139, 2398
0, 7811, 78111139, 78112398, 1139, 2398
0, 7812, 78121139, 78123753, 1139, 3753
0, 7813, 78131139, 78132398, 1139, 2398
0, 7814, 78141139, 78142398, 1139, 2398
0, 7815, 78151139, 78152398, 1139, 2398
0, 7816, 78161139, 78162398, 1139, 2398
0, 7817, 78171139, 78172398, 1139, 2398
0, 7818, 78181139, 78182398, 1139, 2398
0, 7819, 78191139, 78193753, 1139, 3753
0, 782, 7821139, 7822398, 1139, 2398
0, 7820, 78201139, 78202398, 1139, 2398
0, 7821, 78211139, 78212398, 1139, 2398
0, 7822, 78221139, 78222398, 1139, 2398
0, 7823, 78231139, 78232398, 1139, 2398
0, 7824, 78241139, 78242398, 1139, 2398
0, 7825, 78251139, 78252398, 1139, 2398
0, 7826, 78261139, 78263168, 1139, 3168
0, 7827, 78271139, 78272398, 1139, 2398
0, 7828, 78281139, 78282398, 1139, 2398
0, 7829, 78291139, 78292398, 1139, 2398
0, 783, 7831139, 7832398, 1139, 2398
0, 7830, 78301139, 78302398, 1139, 2398
0, 7831, 78311139, 78312398, 1139, 2398
0, 7832, 78321139, 78322398, 1139, 2398
0, 7833, 78331139, 78333168, 1139, 3168
0, 7834, 78341139, 78342398, 1139, 2398
0, 7835, 78351139, 78352398, 1139, 2398
0, 7836, 78361139, 78362398, 1139, 2398
0, 7837, 78371139, 78372398, 1139, 2398
0, 7838, 78381139, 78382398, 1139, 2398
0, 7839, 78391139, 78392398, 1139, 2398
0, 784, 7841139, 7845188, 1139, 5188
0, 7840, 78401139, 78405188, 1139, 5188
0, 7841, 78411139, 78414099, 1139, 4099
0, 7842, 78421139, 78422398, 1139, 2398
0, 7843, 78431139, 78432398, 1139, 2398
0, 7844, 78441139, 78442398, 1139, 2398
0, 7845, 78451139, 78452398, 1139, 2398
0, 7846, 78461139, 78462398, 1139, 2398
0, 7847, 78471139, 78473753, 1139, 3753
0, 7848, 78481139, 78482398, 1139, 2398
0, 7849, 78491139, 78492398, 1139, 2398
0, 785, 7851139, 7852398, 1139, 2398
0, 7850, 78501139, 78502398, 1139, 2398
0, 7851, 78511139, 78512398, 1139, 2398
0, 7852, 78521139, 78522398, 1139, 2398
0, 7853, 78531139, 78532398, 1139, 2398
0, 7854, 78541139, 78543168, 1139, 3168
0, 7855, 78551139, 78552398, 1139, 2398
0, 7856, 78561139, 78562398, 1139, 2398
0, 7857, 78571139, 78572398, 1139, 2398
0, 7858, 78581139, 78582398, 1139, 2398
0, 7859, 78591139, 78592398, 1139, 2398
0, 786, 7861139, 7862398, 1139, 2398
0, 7860, 78601139, 78602398, 1139, 2398
0, 7861, 78611139, 78613168, 1139, 3168
0, 7862, 78621139, 78622398, 1139, 2398
0, 7863, 78631139, 78632398, 1139, 2398
0, 7864, 78641139, 78642398, 1139, 2398
0, 7865, 78651139, 78652398, 1139, 2398
0, 7866, 78661139, 78662398, 1139, 2398
0, 7867, 78671139, 78672398, 1139, 2398
0, 7868, 78681139, 78683753, 1139, 3753
0, 7869, 78691139, 78692398, 1139, 2398
0, 787, 7871139, 7872398, 1139, 2398
0, 7870, 78701139, 78702398, 1139, 2398
0, 7871, 78711139, 78712398, 1139, 2398
0, 7872, 78721139, 78722689, 1139, 2689
0, 7873, 78731139, 78732398, 1139, 2398
0, 7874, 78741139, 78742398, 1139, 2398
0, 7875, 78751139, 78753753, 1139, 3753
0, 7876, 78761139, 78762398, 1139, 2398
0, 7877, 78771139, 78772398, 1139, 2398
0, 7878, 78781139, 78782398, 1139, 2398
0, 7879, 78791139, 78792398, 1139, 2398
0, 788, 7881139, 7882398, 1139, 2398
0, 7880, 78801139, 78802398, 1139, 2398
0, 7881, 78811139, 78812398, 1139, 2398
0, 7882, 78821139, 78823168, 1139, 3168
0, 7883, 78831139, 78832398, 1139, 2398
0, 7884, 78841139, 78842398, 1139, 2398
0, 7885, 78851139, 78852398, 1139, 2398
0, 7886, 78861139, 78862398, 1139, 2398
0, 7887, 78871139, 78872398, 1139, 2398
0, 7888, 78881139, 78882398, 1139, 2398
0, 7889, 78891139, 78893168, 1139, 3168
0, 789, 7891139, 7892398, 1139, 2398
0, 7890, 78901139, 78902398, 1139, 2398
0, 7891, 78911139, 78912398, 1139, 2398
0, 7892, 78921139, 78922398, 1139, 2398
0, 7893, 78931139, 78932398, 1139, 2398
0, 7894, 78941139, 78942398, 1139, 2398
0, 7895, 78951139, 78952398, 1139, 2398
0, 7896, 78961139, 78965188, 1139, 5188
0, 7897, 78971139, 78972398, 1139, 2398
0, 7898, 78981139, 78982398, 1139, 2398
0, 7899, 78991139, 78992398, 1139, 2398
0, 79, 791139, 792398, 1139, 2398
0, 790, 7901139, 7902398, 1139, 2398
0, 7900, 79001139, 79002398, 1139, 2398
0, 7901, 79011139, 79012398, 1139, 2398
0, 7902, 79021139, 79022398, 1139, 2398
0, 7903, 79031139, 79033168, 1139, 3168
0, 7904, 79041139, 79042398, 1139, 2398
0, 7905, 79051139, 79052398, 1139, 2398
0, 7906, 79061139, 79062398, 1139, 2398
0, 7907, 79071139, 79072398, 1139, 2398
0, 7908, 79081139, 79082398, 1139, 2398
0, 7909, 79091139, 79092398, 1139, 2398
0, 791, 7911139, 7913168, 1139, 3168
0, 7910, 79101139, 79103753, 1139, 3753
0, 7911, 79111139, 79112398, 1139, 2398
0, 7912, 79121139, 79122398, 1139, 2398
0, 7913, 79131139, 79132398, 1139, 2398
0, 7914, 79141139, 79142398, 1139, 2398
0, 7915, 79151139, 79152398, 1139, 2398
0, 7916, 79161139, 79162398, 1139, 2398
0, 7917, 79171139, 79173168, 1139, 3168
0, 7918, 79181139, 79182398, 1139, 2398
0, 7919, 79191139, 79192398, 1139, 2398
0, 792, 7921139, 7922398, 1139, 2398
0, 7920, 79201139, 79202689, 1139, 2689
0, 7921, 79211139, 79212398, 1139, 2398
0, 7922, 79221139, 79222398, 1139, 2398
0, 7923, 79231139, 79232398, 1139, 2398
0, 7924, 79241139, 79243753, 1139, 3753
0, 7925, 79251139, 79252398, 1139, 2398
0, 7926, 79261139, 79262398, 1139, 2398
0, 7927, 79271139, 79272398, 1139, 2398
0, 7928, 79281139, 79282398, 1139, 2398
0, 7929, 79291139, 79292398, 1139, 2398
0, 793, 7931139, 7932398, 1139, 2398
0, 7930, 79301139, 79302398, 1139, 2398
0, 7931, 79311139, 79313168, 1139, 3168
0, 7932, 79321139, 79322398, 1139, 2398
0, 7933, 79331139, 79332398, 1139, 2398
0, 7934, 79341139, 79342398, 1139, 2398
0, 7935, 79351139, 79352398, 1139, 2398
0, 7936, 79361139, 79362398, 1139, 2398
0, 7937, 79371139, 79372398, 1139, 2398
0, 7938, 79381139, 79383168, 1139, 3168
0, 7939, 79391139, 79392398, 1139, 2398
0, 794, 7941139, 7942398, 1139, 2398
0, 7940, 79401139, 79402398, 1139, 2398
0, 7941, 79411139, 79412398, 1139, 2398
0, 7942, 79421139, 79422398, 1139, 2398
0, 7943, 79431139, 79432398, 1139, 2398
0, 7944, 79441139, 79442398, 1139, 2398
0, 7945, 79451139, 79453753, 1139, 3753
0, 7946, 79461139, 79462398, 1139, 2398
0, 7947, 79471139, 79472398, 1139, 2398
0, 7948, 79481139, 79482398, 1139, 2398
0, 7949, 79491139, 79492398, 1139, 2398
0, 795, 7951139, 7952398, 1139, 2398
0, 7950, 79501139, 79502398, 1139, 2398
0, 7951, 79511139, 79512398, 1139, 2398
0, 7952, 79521139, 79525188, 1139, 5188
0, 7953, 79531139, 79534494, 1139, 4494
0, 7954, 79541139, 79542398, 1139, 2398
0, 7955, 79551139, 79552398, 1139, 2398
0, 7956, 79561139, 79562398, 1139, 2398
0, 7957, 79571139, 79572398, 1139, 2398
0, 7958, 79581139, 79582398, 1139, 2398
0, 7959, 79591139, 79593168, 1139, 3168
0, 796, 7961139, 7962398, 1139, 2398
0, 7960, 79601139, 79602398, 1139, 2398
0, 7961, 79611139, 79612398, 1139, 2398
0, 7962, 79621139, 79622398, 1139, 2398
0, 7963, 79631139, 79632398, 1139, 2398
0, 7964, 79641139, 79642398, 1139, 2398
0, 7965, 79651139, 79652398, 1139, 2398
0, 7966, 79661139, 79663168, 1139, 3168
0, 7967, 79671139, 79672398, 1139, 2398
0, 7968, 79681139, 79682398, 1139, 2398
0, 7969, 79691139, 79692398, 1139, 2398
0, 797, 7971139, 7972398, 1139, 2398
0, 7970, 79701139, 79702398, 1139, 2398
0, 7971, 79711139, 79712398, 1139, 2398
0, 7972, 79721139, 79722398, 1139, 2398
0, 7973, 79731139, 79733168, 1139, 3168
0, 7974, 79741139, 79742398, 1139, 2398
0, 7975, 79751139, 79752398, 1139, 2398
0, 7976, 79761139, 79762398, 1139, 2398
0, 7977, 79771139, 79772398, 1139, 2398
0, 7978, 79781139, 79782398, 1139, 2398
0, 7979, 79791139, 79792398, 1139, 2398
0, 798, 7981139, 7983753, 1139, 3753
0, 7980, 79801139, 79805914, 1139, 5914
0, 7981, 79811139, 79814432, 1139, 4432
0, 7982, 79821139, 79822398, 1139, 2398
0, 7983, 79831139, 79832398, 1139, 2398
0, 7984, 79841139, 79842398, 1139, 2398
0, 7985, 79851139, 79852398, 1139, 2398
0, 7986, 79861139, 79862398, 1139, 2398
0, 7987, 79871139, 79873168, 1139, 3168
0, 7988, 79881139, 79882398, 1139, 2398
0, 7989, 79891139, 79892398, 1139, 2398
0, 799, 7991139, 7992398, 1139, 2398
0, 7990, 79901139, 79902398, 1139, 2398
0, 7991, 79911139, 79912398, 1139, 2398
0, 7992, 79921139, 79922398, 1139, 2398
0, 7993, 79931139, 79932398, 1139, 2398
0, 7994, 79941139, 79943168, 1139, 3168
0, 7995, 79951139, 79952398, 1139, 2398
0, 7996, 79961139, 79962398, 1139, 2398
0, 7997, 79971139, 79972398, 1139, 2398
0, 7998, 79981139, 79982398, 1139, 2398
0, 7999, 79991139, 79992398, 1139, 2398
0, 8, 81139, 82398, 1139, 2398
0, 80, 801139, 802398, 1139, 2398
0, 800, 8001139, 8002398, 1139, 2398
0, 8000, 80001139, 80002398, 1139, 2398
0, 8001, 80011139, 80013168, 1139, 3168
0, 8002, 80021139, 80022398, 1139, 2398
0, 8003, 80031139, 80032398, 1139, 2398
0, 8004, 80041139, 80042398, 1139, 2398
0, 8005, 80051139, 80052398, 1139, 2398
0, 8006, 80061139, 80062398, 1139, 2398
0, 8007, 80071139, 80072398, 1139, 2398
0, 8008, 80081139, 80085188, 1139, 5188
0, 8009, 80091139, 80093529, 1139, 3529
0, 801, 8011139, 8012398, 1139, 2398
0, 8010, 80101139, 80102398, 1139, 2398
0, 8011, 80111139, 80112398, 1139, 2398
0, 8012, 80121139, 80122398, 1139, 2398
0, 8013, 80131139, 80132398, 1139, 2398
0, 8014, 80141139, 80142398, 1139, 2398
0, 8015, 80151139, 80153753, 1139, 3753
0, 8016, 80161139, 80162398, 1139, 2398
0, 8017, 80171139, 80172398, 1139, 2398
0, 8018, 80181139, 80182398, 1139, 2398
0, 8019, 80191139, 80192398, 1139, 2398
0, 802, 8021139, 8022398, 1139, 2398
0, 8020, 80201139, 80202398, 1139, 2398
0, 8021, 80211139, 80212398, 1139, 2398
0, 8022, 80221139, 80223168, 1139, 3168
0, 8023, 80231139, 80232398, 1139, 2398
0, 8024, 80241139, 80242398, 1139, 2398
0, 8025, 80251139, 80252398, 1139, 2398
0, 8026, 80261139, 80262398, 1139, 2398
0, 8027, 80271139, 80272398, 1139, 2398
0, 8028, 80281139, 80282398, 1139, 2398
0, 8029, 80291139, 80293168, 1139, 3168
0, 803, 8031139, 8032398, 1139, 2398
0, 8030, 80301139, 80302398, 1139, 2398
0, 8031, 80311139, 80312398, 1139, 2398
0, 8032, 80321139, 80322398, 1139, 2398
0, 8033, 80331139, 80332398, 1139, 2398
0, 8034, 80341139, 80342398, 1139, 2398
0, 8035, 80351139, 80352398, 1139, 2398
0, 8036, 80361139, 80363753, 1139, 3753
0, 8037, 80371139, 80372398, 1139, 2398
0, 8038, 80381139, 80382398, 1139, 2398
0, 8039, 80391139, 80392398, 1139, 2398
0, 804, 8041139, 8042398, 1139, 2398
0, 8040, 80401139, 80404166, 1139, 4166
0, 8041, 80411139, 80412398, 1139, 2398
0, 8042, 80421139, 80422398, 1139, 2398
0, 8043, 80431139, 80433168, 1139, 3168
0, 8044, 80441139, 80442398, 1139, 2398
0, 8045, 80451139, 80452398, 1139, 2398
0, 8046, 80461139, 80462398, 1139, 2398
0, 8047, 80471139, 80472398, 1139, 2398
0, 8048, 80481139, 80482398, 1139, 2398
0, 8049, 80491139, 80492398, 1139, 2398
0, 805, 8051139, 8053753, 1139, 3753
0, 8050, 80501139, 80503753, 1139, 3753
0, 8051, 80511139, 80512398, 1139, 2398
0, 8052, 80521139, 80522398, 1139, 2398
0, 8053, 80531139, 80532398, 1139, 2398
0, 8054, 80541139, 80542398, 1139, 2398
0, 8055, 80551139, 80552398, 1139, 2398
0, 8056, 80561139, 80562398, 1139, 2398
0, 8057, 80571139, 80573168, 1139, 3168
0, 8058, 80581139, 80582398, 1139, 2398
0, 8059, 80591139, 80592398, 1139, 2398
0, 806, 8061139, 8062398, 1139, 2398
0, 8060, 80601139, 80602398, 1139, 2398
0, 8061, 80611139, 80612398, 1139, 2398
0, 8062, 80621139, 80622398, 1139, 2398
0, 8063, 80631139, 80632398, 1139, 2398
0, 8064, 80641139, 80645188, 1139, 5188
0, 8065, 80651139, 80652398, 1139, 2398
0, 8066, 80661139, 80662398, 1139, 2398
0, 8067, 80671139, 80672398, 1139, 2398
0, 8068, 80681139, 80682398, 1139, 2398
0, 8069, 80691139, 80692398, 1139, 2398
0, 807, 8071139, 8072398, 1139, 2398
0, 8070, 80701139, 80702398, 1139, 2398
0, 8071, 80711139, 80713168, 1139, 3168
0, 8072, 80721139, 80722398, 1139, 2398
0, 8073, 80731139, 80732398, 1139, 2398
0, 8074, 80741139, 80742398, 1139, 2398
0, 8075, 80751139, 80752398, 1139, 2398
0, 8076, 80761139, 80762398, 1139, 2398
0, 8077, 80771139, 80772398, 1139, 2398
0, 8078, 80781139, 80783168, 1139, 3168
0, 8079, 80791139, 80792398, 1139, 2398
0, 808, 8081139, 8082398, 1139, 2398
0, 8080, 80801139, 80802398, 1139, 2398
0, 8081, 80811139, 80812398, 1139, 2398
0, 8082, 80821139, 80822398, 1139, 2398
0, 8083, 80831139, 80832398, 1139, 2398
0, 8084, 80841139, 80842398, 1139, 2398
0, 8085, 80851139, 80854868, 1139, 4868
0, 8086, 80861139, 80862398, 1139, 2398
0, 8087, 80871139, 80872398, 1139, 2398
0, 8088, 80881139, 80882398, 1139, 2398
0, 8089, 80891139, 80892398, 1139, 2398
0, 809, 8091139, 8092398, 1139, 2398
0, 8090, 80901139, 80902398, 1139, 2398
0, 8091, 80911139, 80912398, 1139, 2398
0, 8092, 80921139, 80923753, 1139, 3753
0, 8093, 80931139, 80932398, 1139, 2398
0, 8094, 80941139, 80942398, 1139, 2398
0, 8095, 80951139, 80952398, 1139, 2398
0, 8096, 80961139, 80962398, 1139, 2398
0, 8097, 80971139, 80972398, 1139, 2398
0, 8098, 80981139, 80982398, 1139, 2398
0, 8099, 80991139, 80993168, 1139, 3168
0, 81, 811139, 812398, 1139, 2398
0, 810, 8101139, 8102398, 1139, 2398
0, 8100, 81001139, 81002398, 1139, 2398
0, 8101, 81011139, 81012398, 1139, 2398
0, 8102, 81021139, 81022398, 1139, 2398
0, 8103, 81031139, 81032398, 1139, 2398
0, 8104, 81041139, 81042398, 1139, 2398
0, 8105, 81051139, 81052398, 1139, 2398
0, 8106, 81061139, 81063168, 1139, 3168
0, 8107, 81071139, 81072398, 1139, 2398
0, 8108, 81081139, 81082398, 1139, 2398
0, 8109, 81091139, 81092398, 1139, 2398
0, 811, 8111139, 8112398, 1139, 2398
0, 8110, 81101139, 81102398, 1139, 2398
0, 8111, 81111139, 81112398, 1139, 2398
0, 8112, 81121139, 81122398, 1139, 2398
0, 8113, 81131139, 81133753, 1139, 3753
0, 8114, 81141139, 81142398, 1139, 2398
0, 8115, 81151139, 81152398, 1139, 2398
0, 8116, 81161139, 81162398, 1139, 2398
0, 8117, 81171139, 81172398, 1139, 2398
0, 8118, 81181139, 81182398, 1139, 2398
0, 8119, 81191139, 81192398, 1139, 2398
0, 812, 8121139, 8123753, 1139, 3753
0, 8120, 81201139, 81205188, 1139, 5188
0, 8121, 81211139, 81212398, 1139, 2398
0, 8122, 81221139, 81222398, 1139, 2398
0, 8123, 81231139, 81232398, 1139, 2398
0, 8124, 81241139, 81242398, 1139, 2398
0, 8125, 81251139, 81252398, 1139, 2398
0, 8126, 81261139, 81262398, 1139, 2398
0, 8127, 81271139, 81273168, 1139, 3168
0, 8128, 81281139, 81282398, 1139, 2398
0, 8129, 81291139, 81292398, 1139, 2398
0, 813, 8131139, 8132398, 1139, 2398
0, 8130, 81301139, 81302398, 1139, 2398
0, 8131, 81311139, 81312398, 1139, 2398
0, 8132, 81321139, 81322398, 1139, 2398
0, 8133, 81331139, 81332398, 1139, 2398
0, 8134, 81341139, 81343168, 1139, 3168
0, 8135, 81351139, 81352398, 1139, 2398
0, 8136, 81361139, 81362398, 1139, 2398
0, 8137, 81371139, 81372398, 1139, 2398
0, 8138, 81381139, 81382398, 1139, 2398
0, 8139, 81391139, 81392398, 1139, 2398
0, 814, 8141139, 8142398, 1139, 2398
0, 8140, 81401139, 81402398, 1139, 2398
0, 8141, 81411139, 81413168, 1139, 3168
0, 8142, 81421139, 81422398, 1139, 2398
0, 8143, 81431139, 81432398, 1139, 2398
0, 8144, 81441139, 81442398, 1139, 2398
0, 8145, 81451139, 81452398, 1139, 2398
0, 8146, 81461139, 81462398, 1139, 2398
0, 8147, 81471139, 81472398, 1139, 2398
0, 8148, 81481139, 81483753, 1139, 3753
0, 8149, 81491139, 81492398, 1139, 2398
0, 815, 8151139, 8152398, 1139, 2398
0, 8150, 81501139, 81502398, 1139, 2398
0, 8151, 81511139, 81512398, 1139, 2398
0, 8152, 81521139, 81522398, 1139, 2398
0, 8153, 81531139, 81532398, 1139, 2398
0, 8154, 81541139, 81542398, 1139, 2398
0, 8155, 81551139, 81553753, 1139, 3753
0, 8156, 81561139, 81562398, 1139, 2398
0, 8157, 81571139, 81572398, 1139, 2398
0, 8158, 81581139, 81582398, 1139, 2398
0, 8159, 81591139, 81592398, 1139, 2398
0, 816, 8161139, 8162689, 1139, 2689
0, 8160, 81601139, 81602689, 1139, 2689
0, 8161, 81611139, 81612398, 1139, 2398
0, 8162, 81621139, 81623168, 1139, 3168
0, 8163, 81631139, 81632398, 1139, 2398
0, 8164, 81641139, 81642398, 1139, 2398
0, 8165, 81651139, 81652398, 1139, 2398
0, 8166, 81661139, 81662398, 1139, 2398
0, 8167, 81671139, 81672398, 1139, 2398
0, 8168, 81681139, 81682398, 1139, 2398
0, 8169, 81691139, 81693168, 1139, 3168
0, 817, 8171139, 8172398, 1139, 2398
0, 8170, 81701139, 81702398, 1139, 2398
0, 8171, 81711139, 81712398, 1139, 2398
0, 8172, 81721139, 81722398, 1139, 2398
0, 8173, 81731139, 81732398, 1139, 2398
0, 8174, 81741139, 81742398, 1139, 2398
0, 8175, 81751139, 81752398, 1139, 2398
0, 8176, 81761139, 81765188, 1139, 5188
0, 8177, 81771139, 81772398, 1139, 2398
0, 8178, 81781139, 81782398, 1139, 2398
0, 8179, 81791139, 81792398, 1139, 2398
0, 818, 8181139, 8182398, 1139, 2398
0, 8180, 81801139, 81804166, 1139, 4166
0, 8181, 81811139, 81812398, 1139, 2398
0, 8182, 81821139, 81822398, 1139, 2398
0, 8183, 81831139, 81833168, 1139, 3168
0, 8184, 81841139, 81842398, 1139, 2398
0, 8185, 81851139, 81852398, 1139, 2398
0, 8186, 81861139, 81862398, 1139, 2398
0, 8187, 81871139, 81872398, 1139, 2398
0, 8188, 81881139, 81882398, 1139, 2398
0, 8189, 81891139, 81892398, 1139, 2398
0, 819, 8191139, 8193168, 1139, 3168
0, 8190, 81901139, 81903753, 1139, 3753
0, 8191, 81911139, 81912398, 1139, 2398
0, 8192, 81921139, 81922398, 1139, 2398
0, 8193, 81931139, 81932398, 1139, 2398
0, 8194, 81941139, 81942398, 1139, 2398
0, 8195, 81951139, 81952398, 1139, 2398
0, 8196, 81961139, 81962398, 1139, 2398
0, 8197, 81971139, 81973168, 1139, 3168
0, 8198, 81981139, 81982398, 1139, 2398
0, 8199, 81991139, 81992398, 1139, 2398
0, 82, 821139, 822398, 1139, 2398
0, 820, 8201139, 8202398, 1139, 2398
0, 8200, 82001139, 82002398, 1139, 2398
0, 8201, 82011139, 82012398, 1139, 2398
0, 8202, 82021139, 82022398, 1139, 2398
0, 8203, 82031139, 82032398, 1139, 2398
0, 8204, 82041139, 82043753, 1139, 3753
0, 8205, 82051139, 82052398, 1139, 2398
0, 8206, 82061139, 82062398, 1139, 2398
0, 8207, 82071139, 82072398, 1139, 2398
0, 8208, 82081139, 82083653, 1139, 3653
0, 8209, 82091139, 82092398, 1139, 2398
0, 821, 8211139, 8212398, 1139, 2398
0, 8210, 82101139, 82102398, 1139, 2398
0, 8211, 82111139, 82113168, 1139, 3168
0, 8212, 82121139, 82122398, 1139, 2398
0, 8213, 82131139, 82132398, 1139, 2398
0, 8214, 82141139, 82142398, 1139, 2398
0, 8215, 82151139, 82152398, 1139, 2398
0, 8216, 82161139, 82162398, 1139, 2398
0, 8217, 82171139, 82172398, 1139, 2398
0, 8218, 82181139, 82183753, 1139, 3753
0, 8219, 82191139, 82192398, 1139, 2398
0, 822, 8221139, 8222398, 1139, 2398
0, 8220, 82201139, 82202398, 1139, 2398
0, 8221, 82211139, 82212398, 1139, 2398
0, 8222, 82221139, 82222398, 1139, 2398
0, 8223, 82231139, 82232398, 1139, 2398
0, 8224, 82241139, 82242398, 1139, 2398
0, 8225, 82251139, 82253753, 1139, 3753
0, 8226, 82261139, 82262398, 1139, 2398
0, 8227, 82271139, 82272398, 1139, 2398
0, 8228, 82281139, 82282398, 1139, 2398
0, 8229, 82291139, 82292398, 1139, 2398
0, 823, 8231139, 8232398, 1139, 2398
0, 8230, 82301139, 82302398, 1139, 2398
0, 8231, 82311139, 82312398, 1139, 2398
0, 8232, 82321139, 82325188, 1139, 5188
0, 8233, 82331139, 82334250, 1139, 4250
0, 8234, 82341139, 82342398, 1139, 2398
0, 8235, 82351139, 82352398, 1139, 2398
0, 8236, 82361139, 82362398, 1139, 2398
0, 8237, 82371139, 82372398, 1139, 2398
0, 8238, 82381139, 82382398, 1139, 2398
0, 8239, 82391139, 82393168, 1139, 3168
0, 824, 8241139, 8242398, 1139, 2398
0, 8240, 82401139, 82402398, 1139, 2398
0, 8241, 82411139, 82412398, 1139, 2398
0, 8242, 82421139, 82422398, 1139, 2398
0, 8243, 82431139, 82432398, 1139, 2398
0, 8244, 82441139, 82442398, 1139, 2398
0, 8245, 82451139, 82452398, 1139, 2398
0, 8246, 82461139, 82463753, 1139, 3753
0, 8247, 82471139, 82472398, 1139, 2398
0, 8248, 82481139, 82482398, 1139, 2398
0, 8249, 82491139, 82492398, 1139, 2398
0, 825, 8251139, 8252398, 1139, 2398
0, 8250, 82501139, 82502398, 1139, 2398
0, 8251, 82511139, 82512398, 1139, 2398
0, 8252, 82521139, 82522398, 1139, 2398
0, 8253, 82531139, 82533168, 1139, 3168
0, 8254, 82541139, 82542398, 1139, 2398
0, 8255, 82551139, 82552398, 1139, 2398
0, 8256, 82561139, 82562689, 1139, 2689
0, 8257, 82571139, 82572398, 1139, 2398
0, 8258, 82581139, 82582398, 1139, 2398
0, 8259, 82591139, 82592398, 1139, 2398
0, 826, 8261139, 8263168, 1139, 3168
0, 8260, 82601139, 82604868, 1139, 4868
0, 8261, 82611139, 82612398, 1139, 2398
0, 8262, 82621139, 82622398, 1139, 2398
0, 8263, 82631139, 82632398, 1139, 2398
0, 8264, 82641139, 82642398, 1139, 2398
0, 8265, 82651139, 82652398, 1139, 2398
0, 8266, 82661139, 82662398, 1139, 2398
0, 8267, 82671139, 82673168, 1139, 3168
0, 8268, 82681139, 82682398, 1139, 2398
0, 8269, 82691139, 82692398, 1139, 2398
0, 827, 8271139, 8272398, 1139, 2398
0, 8270, 82701139, 82702398, 1139, 2398
0, 8271, 82711139, 82712398, 1139, 2398
0, 8272, 82721139, 82722398, 1139, 2398
0, 8273, 82731139, 82732398, 1139, 2398
0, 8274, 82741139, 82743168, 1139, 3168
0, 8275, 82751139, 82752398, 1139, 2398
0, 8276, 82761139, 82762398, 1139, 2398
0, 8277, 82771139, 82772398, 1139, 2398
0, 8278, 82781139, 82782398, 1139, 2398
0, 8279, 82791139, 82792398, 1139, 2398
0, 828, 8281139, 8282398, 1139, 2398
0, 8280, 82801139, 82802689, 1139, 2689
0, 8281, 82811139, 82813168, 1139, 3168
0, 8282, 82821139, 82822398, 1139, 2398
0, 8283, 82831139, 82832398, 1139, 2398
0, 8284, 82841139, 82842398, 1139, 2398
0, 8285, 82851139, 82852398, 1139, 2398
0, 8286, 82861139, 82862398, 1139, 2398
0, 8287, 82871139, 82872398, 1139, 2398
0, 8288, 82881139, 82885188, 1139, 5188
0, 8289, 82891139, 82892398, 1139, 2398
0, 829, 8291139, 8292398, 1139, 2398
0, 8290, 82901139, 82902398, 1139, 2398
0, 8291, 82911139, 82912398, 1139, 2398
0, 8292, 82921139, 82922398, 1139, 2398
0, 8293, 82931139, 82932398, 1139, 2398
0, 8294, 82941139, 82942398, 1139, 2398
0, 8295, 82951139, 82953753, 1139, 3753
0, 8296, 82961139, 82962398, 1139, 2398
0, 8297, 82971139, 82972398, 1139, 2398
0, 8298, 82981139, 82982398, 1139, 2398
0, 8299, 82991139, 82992398, 1139, 2398
0, 83, 831139, 832398, 1139, 2398
0, 830, 8301139, 8302398, 1139, 2398
0, 8300, 83001139, 83002398, 1139, 2398
0, 8301, 83011139, 83012398, 1139, 2398
0, 8302, 83021139, 83023168, 1139, 3168
0, 8303, 83031139, 83032398, 1139, 2398
0, 8304, 83041139, 83042398, 1139, 2398
0, 8305, 83051139, 83052398, 1139, 2398
0, 8306, 83061139, 83062398, 1139, 2398
0, 8307, 83071139, 83072398, 1139, 2398
0, 8308, 83081139, 83082398, 1139, 2398
0, 8309, 83091139, 83093168, 1139, 3168
0, 831, 8311139, 8312398, 1139, 2398
0, 8310, 83101139, 83102398, 1139, 2398
0, 8311, 83111139, 83112398, 1139, 2398
0, 8312, 83121139, 83122398, 1139, 2398
0, 8313, 83131139, 83133202, 1139, 3202
0, 8314, 83141139, 83142398, 1139, 2398
0, 8315, 83151139, 83152398, 1139, 2398
0, 8316, 83161139, 83163753, 1139, 3753
0, 8317, 83171139, 83172398, 1139, 2398
0, 8318, 83181139, 83182398, 1139, 2398
0, 8319, 83191139, 83192398, 1139, 2398
0, 832, 8321139, 8322398, 1139, 2398
0, 8320, 83201139, 83204166, 1139, 4166
0, 8321, 83211139, 83212398, 1139, 2398
0, 8322, 83221139, 83222398, 1139, 2398
0, 8323, 83231139, 83233168, 1139, 3168
0, 8324, 83241139, 83242398, 1139, 2398
0, 8325, 83251139, 83252398, 1139, 2398
0, 8326, 83261139, 83262398, 1139, 2398
0, 8327, 83271139, 83272398, 1139, 2398
0, 8328, 83281139, 83282398, 1139, 2398
0, 8329, 83291139, 83292398, 1139, 2398
0, 833, 8331139, 8333168, 1139, 3168
0, 8330, 83301139, 83303753, 1139, 3753
0, 8331, 83311139, 83312398, 1139, 2398
0, 8332, 83321139, 83322398, 1139, 2398
0, 8333, 83331139, 83332398, 1139, 2398
0, 8334, 83341139, 83342398, 1139, 2398
0, 8335, 83351139, 83352398, 1139, 2398
0, 8336, 83361139, 83362398, 1139, 2398
0, 8337, 83371139, 83373168, 1139, 3168
0, 8338, 83381139, 83382398, 1139, 2398
0, 8339, 83391139, 83392398, 1139, 2398
0, 834, 8341139, 8342398, 1139, 2398
0, 8340, 83401139, 83402398, 1139, 2398
0, 8341, 83411139, 83412398, 1139, 2398
0, 8342, 83421139, 83422398, 1139, 2398
0, 8343, 83431139, 83432398, 1139, 2398
0, 8344, 83441139, 83445188, 1139, 5188
0, 8345, 83451139, 83452398, 1139, 2398
0, 8346, 83461139, 83462398, 1139, 2398
0, 8347, 83471139, 83472398, 1139, 2398
0, 8348, 83481139, 83482398, 1139, 2398
0, 8349, 83491139, 83492398, 1139, 2398
0, 835, 8351139, 8352398, 1139, 2398
0, 8350, 83501139, 83502398, 1139, 2398
0, 8351, 83511139, 83513753, 1139, 3753
0, 8352, 83521139, 83522398, 1139, 2398
0, 8353, 83531139, 83532398, 1139, 2398
0, 8354, 83541139, 83542398, 1139, 2398
0, 8355, 83551139, 83552398, 1139, 2398
0, 8356, 83561139, 83562398, 1139, 2398
0, 8357, 83571139, 83572398, 1139, 2398
0, 8358, 83581139, 83583168, 1139, 3168
0, 8359, 83591139, 83592398, 1139, 2398
0, 836, 8361139, 8362398, 1139, 2398
0, 8360, 83601139, 83604868, 1139, 4868
0, 8361, 83611139, 83612398, 1139, 2398
0, 8362, 83621139, 83622398, 1139, 2398
0, 8363, 83631139, 83632398, 1139, 2398
0, 8364, 83641139, 83642398, 1139, 2398
0, 8365, 83651139, 83653753, 1139, 3753
0, 8366, 83661139, 83662398, 1139, 2398
0, 8367, 83671139, 83672398, 1139, 2398
0, 8368, 83681139, 83682398, 1139, 2398
0, 8369, 83691139, 83692398, 1139, 2398
0, 837, 8371139, 8372398, 1139, 2398
0, 8370, 83701139, 83702398, 1139, 2398
0, 8371, 83711139, 83712398, 1139, 2398
0, 8372, 83721139, 83723753, 1139, 3753
0, 8373, 83731139, 83732398, 1139, 2398
0, 8374, 83741139, 83742398, 1139, 2398
0, 8375, 83751139, 83752398, 1139, 2398
0, 8376, 83761139, 83762689, 1139, 2689
0, 8377, 83771139, 83772398, 1139, 2398
0, 8378, 83781139, 83782398, 1139, 2398
0, 8379, 83791139, 83793753, 1139, 3753
0, 838, 8381139, 8382398, 1139, 2398
0, 8380, 83801139, 83802398, 1139, 2398
0, 8381, 83811139, 83812398, 1139, 2398
0, 8382, 83821139, 83822398, 1139, 2398
0, 8383, 83831139, 83832398, 1139, 2398
0, 8384, 83841139, 83842398, 1139, 2398
0, 8385, 83851139, 83852398, 1139, 2398
0, 8386, 83861139, 83863168, 1139, 3168
0, 8387, 83871139, 83872398, 1139, 2398
0, 8388, 83881139, 83882398, 1139, 2398
0, 8389, 83891139, 83892398, 1139, 2398
0, 839, 8391139, 8392398, 1139, 2398
0, 8390, 83901139, 83902398, 1139, 2398
0, 8391, 83911139, 83912398, 1139, 2398
0, 8392, 83921139, 83922398, 1139, 2398
0, 8393, 83931139, 83933168, 1139, 3168
0, 8394, 83941139, 83942398, 1139, 2398
0, 8395, 83951139, 83952398, 1139, 2398
0, 8396, 83961139, 83962398, 1139, 2398
0, 8397, 83971139, 83972398, 1139, 2398
0, 8398, 83981139, 83982398, 1139, 2398
0, 8399, 83991139, 83992398, 1139, 2398
0, 84, 841139, 843753, 1139, 3753
0, 840, 8401139, 8405188, 1139, 5188
0, 8400, 84001139, 84005188, 1139, 5188
0, 8401, 84011139, 84012398, 1139, 2398
0, 8402, 84021139, 84022398, 1139, 2398
0, 8403, 84031139, 84032398, 1139, 2398
0, 8404, 84041139, 84042398, 1139, 2398
0, 8405, 84051139, 84052398, 1139, 2398
0, 8406, 84061139, 84062398, 1139, 2398
0, 8407, 84071139, 84073168, 1139, 3168
0, 8408, 84081139, 84082398, 1139, 2398
0, 8409, 84091139, 84092398, 1139, 2398
0, 841, 8411139, 8412398, 1139, 2398
0, 8410, 84101139, 84102398, 1139, 2398
0, 8411, 84111139, 84112398, 1139, 2398
0, 8412, 84121139, 84122398, 1139, 2398
0, 8413, 84131139, 84132398, 1139, 2398
0, 8414, 84141139, 84143168, 1139, 3168
0, 8415, 84151139, 84152398, 1139, 2398
0, 8416, 84161139, 84162398, 1139, 2398
0, 8417, 84171139, 84172398, 1139, 2398
0, 8418, 84181139, 84182398, 1139, 2398
0, 8419, 84191139, 84192398, 1139, 2398
0, 842, 8421139, 8422398, 1139, 2398
0, 8420, 84201139, 84202398, 1139, 2398
0, 8421, 84211139, 84213168, 1139, 3168
0, 8422, 84221139, 84222398, 1139, 2398
0, 8423, 84231139, 84232398, 1139, 2398
0, 8424, 84241139, 84242398, 1139, 2398
0, 8425, 84251139, 84252398, 1139, 2398
0, 8426, 84261139, 84262398, 1139, 2398
0, 8427, 84271139, 84272398, 1139, 2398
0, 8428, 84281139, 84283753, 1139, 3753
0, 8429, 84291139, 84292398, 1139, 2398
0, 843, 8431139, 8432398, 1139, 2398
0, 8430, 84301139, 84302398, 1139, 2398
0, 8431, 84311139, 84312398, 1139, 2398
0, 8432, 84321139, 84322398, 1139, 2398
0, 8433, 84331139, 84332398, 1139, 2398
0, 8434, 84341139, 84342398, 1139, 2398
0, 8435, 84351139, 84353753, 1139, 3753
0, 8436, 84361139, 84362398, 1139, 2398
0, 8437, 84371139, 84372398, 1139, 2398
0, 8438, 84381139, 84382398, 1139, 2398
0, 8439, 84391139, 84392398, 1139, 2398
0, 844, 8441139, 8442398, 1139, 2398
0, 8440, 84401139, 84402398, 1139, 2398
0, 8441, 84411139, 84412398, 1139, 2398
0, 8442, 84421139, 84423168, 1139, 3168
0, 8443, 84431139, 84432398, 1139, 2398
0, 8444, 84441139, 84442398, 1139, 2398
0, 8445, 84451139, 84452398, 1139, 2398
0, 8446, 84461139, 84462398, 1139, 2398
0, 8447, 84471139, 84472398, 1139, 2398
0, 8448, 84481139, 84482398, 1139, 2398
0, 8449, 84491139, 84493168, 1139, 3168
0, 845, 8451139, 8452398, 1139, 2398
0, 8450, 84501139, 84502398, 1139, 2398
0, 8451, 84511139, 84512398, 1139, 2398
0, 8452, 84521139, 84522398, 1139, 2398
0, 8453, 84531139, 84532398, 1139, 2398
0, 8454, 84541139, 84542398, 1139, 2398
0, 8455, 84551139, 84552398, 1139, 2398
0, 8456, 84561139, 84565188, 1139, 5188
0, 8457, 84571139, 84572398, 1139, 2398
0, 8458, 84581139, 84582398, 1139, 2398
0, 8459, 84591139, 84592398, 1139, 2398
0, 846, 8461139, 8462398, 1139, 2398
0, 8460, 84601139, 84602689, 1139, 2689
0, 8461, 84611139, 84612398, 1139, 2398
0, 8462, 84621139, 84622398, 1139, 2398
0, 8463, 84631139, 84633168, 1139, 3168
0, 8464, 84641139, 84642398, 1139, 2398
0, 8465, 84651139, 84652398, 1139, 2398
0, 8466, 84661139, 84662398, 1139, 2398
0, 8467, 84671139, 84672398, 1139, 2398
0, 8468, 84681139, 84682398, 1139, 2398
0, 8469, 84691139, 84692398, 1139, 2398
0, 847, 8471139, 8473168, 1139, 3168
0, 8470, 84701139, 84703753, 1139, 3753
0, 8471, 84711139, 84712398, 1139, 2398
0, 8472, 84721139, 84722398, 1139, 2398
0, 8473, 84731139, 84732398, 1139, 2398
0, 8474, 84741139, 84742398, 1139, 2398
0, 8475, 84751139, 84752398, 1139, 2398
0, 8476, 84761139, 84762398, 1139, 2398
0, 8477, 84771139, 84773168, 1139, 3168
0, 8478, 84781139, 84782398, 1139, 2398
0, 8479, 84791139, 84792398, 1139, 2398
0, 848, 8481139, 8482398, 1139, 2398
0, 8480, 84801139, 84802398, 1139, 2398
0, 8481, 84811139, 84812398, 1139, 2398
0, 8482, 84821139, 84822398, 1139, 2398
0, 8483, 84831139, 84832398, 1139, 2398
0, 8484, 84841139, 84845165, 1139, 5165
0, 8485, 84851139, 84852398, 1139, 2398
0, 8486, 84861139, 84862398, 1139, 2398
0, 8487, 84871139, 84872398, 1139, 2398
0, 8488, 84881139, 84882398, 1139, 2398
0, 8489, 84891139, 84892398, 1139, 2398
0, 849, 8491139, 8492398, 1139, 2398
0, 8490, 84901139, 84902398, 1139, 2398
0, 8491, 84911139, 84913168, 1139, 3168
0, 8492, 84921139, 84922398, 1139, 2398
0, 8493, 84931139, 84932398, 1139, 2398
0, 8494, 84941139, 84942398, 1139, 2398
0, 8495, 84951139, 84952398, 1139, 2398
0, 8496, 84961139, 84962398, 1139, 2398
0, 8497, 84971139, 84972398, 1139, 2398
0, 8498, 84981139, 84983168, 1139, 3168
0, 8499, 84991139, 84992398, 1139, 2398
0, 85, 851139, 852398, 1139, 2398
0, 850, 8501139, 8502398, 1139, 2398
0, 8500, 85001139, 85002398, 1139, 2398
0, 8501, 85011139, 85012398, 1139, 2398
0, 8502, 85021139, 85022398, 1139, 2398
0, 8503, 85031139, 85032398, 1139, 2398
0, 8504, 85041139, 85042398, 1139, 2398
0, 8505, 85051139, 85053753, 1139, 3753
0, 8506, 85061139, 85062398, 1139, 2398
0, 8507, 85071139, 85072398, 1139, 2398
0, 8508, 85081139, 85082398, 1139, 2398
0, 8509, 85091139, 85092398, 1139, 2398
0, 851, 8511139, 8512398, 1139, 2398
0, 8510, 85101139, 85102398, 1139, 2398
0, 8511, 85111139, 85112398, 1139, 2398
0, 8512, 85121139, 85125914, 1139, 5914
0, 8513, 85131139, 85135332, 1139, 5332
0, 8514, 85141139, 85142398, 1139, 2398
0, 8515, 85151139, 85152398, 1139, 2398
0, 8516, 85161139, 85162398, 1139, 2398
0, 8517, 85171139, 85172398, 1139, 2398
0, 8518, 85181139, 85182398, 1139, 2398
0, 8519, 85191139, 85193168, 1139, 3168
0, 852, 8521139, 8522398, 1139, 2398
0, 8520, 85201139, 85202689, 1139, 2689
0, 8521, 85211139, 85212398, 1139, 2398
0, 8522, 85221139, 85222398, 1139, 2398
0, 8523, 85231139, 85232398, 1139, 2398
0, 8524, 85241139, 85242398, 1139, 2398
0, 8525, 85251139, 85252398, 1139, 2398
0, 8526, 85261139, 85263168, 1139, 3168
0, 8527, 85271139, 85272398, 1139, 2398
0, 8528, 85281139, 85282398, 1139, 2398
0, 8529, 85291139, 85292398, 1139, 2398
0, 853, 8531139, 8532398, 1139, 2398
0, 8530, 85301139, 85302398, 1139, 2398
0, 8531, 85311139, 85312398, 1139, 2398
0, 8532, 85321139, 85322398, 1139, 2398
0, 8533, 85331139, 85333168, 1139, 3168
0, 8534, 85341139, 85342398, 1139, 2398
0, 8535, 85351139, 85352398, 1139, 2398
0, 8536, 85361139, 85362398, 1139, 2398
0, 8537, 85371139, 85372398, 1139, 2398
0, 8538, 85381139, 85382398, 1139, 2398
0, 8539, 85391139, 85392398, 1139, 2398
0, 854, 8541139, 8543168, 1139, 3168
0, 8540, 85401139, 85404868, 1139, 4868
0, 8541, 85411139, 85412398, 1139, 2398
0, 8542, 85421139, 85422398, 1139, 2398
0, 8543, 85431139, 85432398, 1139, 2398
0, 8544, 85441139, 85442689, 1139, 2689
0, 8545, 85451139, 85452398, 1139, 2398
0, 8546, 85461139, 85462398, 1139, 2398
0, 8547, 85471139, 85473168, 1139, 3168
0, 8548, 85481139, 85482398, 1139, 2398
0, 8549, 85491139, 85492398, 1139, 2398
0, 855, 8551139, 8552398, 1139, 2398
0, 8550, 85501139, 85502398, 1139, 2398
0, 8551, 85511139, 85512398, 1139, 2398
0, 8552, 85521139, 85522398, 1139, 2398
0, 8553, 85531139, 85532398, 1139, 2398
0, 8554, 85541139, 85543168, 1139, 3168
0, 8555, 85551139, 85552398, 1139, 2398
0, 8556, 85561139, 85562398, 1139, 2398
0, 8557, 85571139, 85572398, 1139, 2398
0, 8558, 85581139, 85582398, 1139, 2398
0, 8559, 85591139, 85592398, 1139, 2398
0, 856, 8561139, 8562398, 1139, 2398
0, 8560, 85601139, 85604868, 1139, 4868
0, 8561, 85611139, 85613168, 1139, 3168
0, 8562, 85621139, 85622398, 1139, 2398
0, 8563, 85631139, 85632398, 1139, 2398
0, 8564, 85641139, 85642398, 1139, 2398
0, 8565, 85651139, 85652398, 1139, 2398
0, 8566, 85661139, 85662398, 1139, 2398
0, 8567, 85671139, 85672398, 1139, 2398
0, 8568, 85681139, 85685188, 1139, 5188
0, 8569, 85691139, 85692398, 1139, 2398
0, 857, 8571139, 8572398, 1139, 2398
0, 8570, 85701139, 85702398, 1139, 2398
0, 8571, 85711139, 85712398, 1139, 2398
0, 8572, 85721139, 85722398, 1139, 2398
0, 8573, 85731139, 85732398, 1139, 2398
0, 8574, 85741139, 85742398, 1139, 2398
0, 8575, 85751139, 85753753, 1139, 3753
0, 8576, 85761139, 85762398, 1139, 2398
0, 8577, 85771139, 85772398, 1139, 2398
0, 8578, 85781139, 85782398, 1139, 2398
0, 8579, 85791139, 85792398, 1139, 2398
0, 858, 8581139, 8582398, 1139, 2398
0, 8580, 85801139, 85802398, 1139, 2398
0, 8581, 85811139, 85812398, 1139, 2398
0, 8582, 85821139, 85823168, 1139, 3168
0, 8583, 85831139, 85832398, 1139, 2398
0, 8584, 85841139, 85842398, 1139, 2398
0, 8585, 85851139, 85852398, 1139, 2398
0, 8586, 85861139, 85862398, 1139, 2398
0, 8587, 85871139, 85872398, 1139, 2398
0, 8588, 85881139, 85882398, 1139, 2398
0, 8589, 85891139, 85893168, 1139, 3168
0, 859, 8591139, 8592398, 1139, 2398
0, 8590, 85901139, 85902398, 1139, 2398
0, 8591, 85911139, 85912398, 1139, 2398
0, 8592, 85921139, 85922398, 1139, 2398
0, 8593, 85931139, 85932398, 1139, 2398
0, 8594, 85941139, 85942398, 1139, 2398
0, 8595, 85951139, 85952398, 1139, 2398
0, 8596, 85961139, 85963753, 1139, 3753
0, 8597, 85971139, 85972398, 1139, 2398
0, 8598, 85981139, 85982398, 1139, 2398
0, 8599, 85991139, 85992398, 1139, 2398
0, 86, 861139, 862398, 1139, 2398
0, 860, 8601139, 8602398, 1139, 2398
0, 8600, 86001139, 86004166, 1139, 4166
0, 8601, 86011139, 86012398, 1139, 2398
0, 8602, 86021139, 86022398, 1139, 2398
0, 8603, 86031139, 86033168, 1139, 3168
0, 8604, 86041139, 86042398, 1139, 2398
0, 8605, 86051139, 86052398, 1139, 2398
0, 8606, 86061139, 86062398, 1139, 2398
0, 8607, 86071139, 86072398, 1139, 2398
0, 8608, 86081139, 86082398, 1139, 2398
0, 8609, 86091139, 86092398, 1139, 2398
0, 861, 8611139, 8613168, 1139, 3168
0, 8610, 86101139, 86103753, 1139, 3753
0, 8611, 86111139, 86112398, 1139, 2398
0, 8612, 86121139, 86122398, 1139, 2398
0, 8613, 86131139, 86132398, 1139, 2398
0, 8614, 86141139, 86142398, 1139, 2398
0, 8615, 86151139, 86152398, 1139, 2398
0, 8616, 86161139, 86162398, 1139, 2398
0, 8617, 86171139, 86173753, 1139, 3753
0, 8618, 86181139, 86182398, 1139, 2398
0, 8619, 86191139, 86192398, 1139, 2398
0, 862, 8621139, 8622398, 1139, 2398
0, 8620, 86201139, 86202398, 1139, 2398
0, 8621, 86211139, 86212398, 1139, 2398
0, 8622, 86221139, 86222398, 1139, 2398
0, 8623, 86231139, 86232398, 1139, 2398
0, 8624, 86241139, 86245188, 1139, 5188
0, 8625, 86251139, 86252398, 1139, 2398
0, 8626, 86261139, 86262398, 1139, 2398
0, 8627, 86271139, 86272398, 1139, 2398
0, 8628, 86281139, 86282398, 1139, 2398
0, 8629, 86291139, 86292398, 1139, 2398
0, 863, 8631139, 8632398, 1139, 2398
0, 8630, 86301139, 86302398, 1139, 2398
0, 8631, 86311139, 86313168, 1139, 3168
0, 8632, 86321139, 86322398, 1139, 2398
0, 8633, 86331139, 86332398, 1139, 2398
0, 8634, 86341139, 86342398, 1139, 2398
0, 8635, 86351139, 86352398, 1139, 2398
0, 8636, 86361139, 86362398, 1139, 2398
0, 8637, 86371139, 86372398, 1139, 2398
0, 8638, 86381139, 86383168, 1139, 3168
0, 8639, 86391139, 86392398, 1139, 2398
0, 864, 8641139, 8642398, 1139, 2398
0, 8640, 86401139, 86402689, 1139, 2689
0, 8641, 86411139, 86412398, 1139, 2398
0, 8642, 86421139, 86422398, 1139, 2398
0, 8643, 86431139, 86432398, 1139, 2398
0, 8644, 86441139, 86442398, 1139, 2398
0, 8645, 86451139, 86454868, 1139, 4868
0, 8646, 86461139, 86462398, 1139, 2398
0, 8647, 86471139, 86472398, 1139, 2398
0, 8648, 86481139, 86482398, 1139, 2398
0, 8649, 86491139, 86492398, 1139, 2398
0, 865, 8651139, 8652398, 1139, 2398
0, 8650, 86501139, 86502398, 1139, 2398
0, 8651, 86511139, 86512398, 1139, 2398
0, 8652, 86521139, 86523753, 1139, 3753
0, 8653, 86531139, 86532398, 1139, 2398
0, 8654, 86541139, 86542398, 1139, 2398
0, 8655, 86551139, 86552398, 1139, 2398
0, 8656, 86561139, 86562398, 1139, 2398
0, 8657, 86571139, 86572398, 1139, 2398
0, 8658, 86581139, 86582398, 1139, 2398
0, 8659, 86591139, 86593168, 1139, 3168
0, 866, 8661139, 8662398, 1139, 2398
0, 8660, 86601139, 86602398, 1139, 2398
0, 8661, 86611139, 86612398, 1139, 2398
0, 8662, 86621139, 86622398, 1139, 2398
0, 8663, 86631139, 86632398, 1139, 2398
0, 8664, 86641139, 86642689, 1139, 2689
0, 8665, 86651139, 86652398, 1139, 2398
0, 8666, 86661139, 86663168, 1139, 3168
0, 8667, 86671139, 86672398, 1139, 2398
0, 8668, 86681139, 86682398, 1139, 2398
0, 8669, 86691139, 86692398, 1139, 2398
0, 867, 8671139, 8672398, 1139, 2398
0, 8670, 86701139, 86702398, 1139, 2398
0, 8671, 86711139, 86712398, 1139, 2398
0, 8672, 86721139, 86722398, 1139, 2398
0, 8673, 86731139, 86733168, 1139, 3168
0, 8674, 86741139, 86742398, 1139, 2398
0, 8675, 86751139, 86752398, 1139, 2398
0, 8676, 86761139, 86762398, 1139, 2398
0, 8677, 86771139, 86772398, 1139, 2398
0, 8678, 86781139, 86782398, 1139, 2398
0, 8679, 86791139, 86792398, 1139, 2398
0, 868, 8681139, 8683753, 1139, 3753
0, 8680, 86801139, 86805188, 1139, 5188
0, 8681, 86811139, 86814099, 1139, 4099
0, 8682, 86821139, 86822398, 1139, 2398
0, 8683, 86831139, 86832398, 1139, 2398
0, 8684, 86841139, 86842398, 1139, 2398
0, 8685, 86851139, 86852398, 1139, 2398
0, 8686, 86861139, 86862398, 1139, 2398
0, 8687, 86871139, 86873168, 1139, 3168
0, 8688, 86881139, 86882398, 1139, 2398
0, 8689, 86891139, 86892398, 1139, 2398
0, 869, 8691139, 8692398, 1139, 2398
0, 8690, 86901139, 86902398, 1139, 2398
0, 8691, 86911139, 86912398, 1139, 2398
0, 8692, 86921139, 86922398, 1139, 2398
0, 8693, 86931139, 86932398, 1139, 2398
0, 8694, 86941139, 86943168, 1139, 3168
0, 8695, 86951139, 86952398, 1139, 2398
0, 8696, 86961139, 86962398, 1139, 2398
0, 8697, 86971139, 86972398, 1139, 2398
0, 8698, 86981139, 86982398, 1139, 2398
0, 8699, 86991139, 86992398, 1139, 2398
0, 87, 871139, 872398, 1139, 2398
0, 870, 8701139, 8702398, 1139, 2398
0, 8700, 87001139, 87002398, 1139, 2398
0, 8701, 87011139, 87013168, 1139, 3168
0, 8702, 87021139, 87022398, 1139, 2398
0, 8703, 87031139, 87032398, 1139, 2398
0, 8704, 87041139, 87042398, 1139, 2398
0, 8705, 87051139, 87052398, 1139, 2398
0, 8706, 87061139, 87062398, 1139, 2398
0, 8707, 87071139, 87072398, 1139, 2398
0, 8708, 87081139, 87083753, 1139, 3753
0, 8709, 87091139, 87092398, 1139, 2398
0, 871, 8711139, 8712398, 1139, 2398
0, 8710, 87101139, 87102398, 1139, 2398
0, 8711, 87111139, 87112398, 1139, 2398
0, 8712, 87121139, 87124166, 1139, 4166
0, 8713, 87131139, 87132398, 1139, 2398
0, 8714, 87141139, 87142398, 1139, 2398
0, 8715, 87151139, 87153753, 1139, 3753
0, 8716, 87161139, 87162398, 1139, 2398
0, 8717, 87171139, 87172398, 1139, 2398
0, 8718, 87181139, 87182398, 1139, 2398
0, 8719, 87191139, 87192398, 1139, 2398
0, 872, 8721139, 8722398, 1139, 2398
0, 8720, 87201139, 87202398, 1139, 2398
0, 8721, 87211139, 87212398, 1139, 2398
0, 8722, 87221139, 87223168, 1139, 3168
0, 8723, 87231139, 87232398, 1139, 2398
0, 8724, 87241139, 87242398, 1139, 2398
0, 8725, 87251139, 87252398, 1139, 2398
0, 8726, 87261139, 87262398, 1139, 2398
0, 8727, 87271139, 87272398, 1139, 2398
0, 8728, 87281139, 87282398, 1139, 2398
0, 8729, 87291139, 87293168, 1139, 3168
0, 873, 8731139, 8732398, 1139, 2398
0, 8730, 87301139, 87302398, 1139, 2398
0, 8731, 87311139, 87312398, 1139, 2398
0, 8732, 87321139, 87322398, 1139, 2398
0, 8733, 87331139, 87332398, 1139, 2398
0, 8734, 87341139, 87342398, 1139, 2398
0, 8735, 87351139, 87352398, 1139, 2398
0, 8736, 87361139, 87365188, 1139, 5188
0, 8737, 87371139, 87372398, 1139, 2398
0, 8738, 87381139, 87382398, 1139, 2398
0, 8739, 87391139, 87392398, 1139, 2398
0, 874, 8741139, 8742398, 1139, 2398
0, 8740, 87401139, 87404166, 1139, 4166
0, 8741, 87411139, 87412398, 1139, 2398
0, 8742, 87421139, 87422398, 1139, 2398
0, 8743, 87431139, 87433168, 1139, 3168
0, 8744, 87441139, 87442398, 1139, 2398
0, 8745, 87451139, 87452398, 1139, 2398
0, 8746, 87461139, 87462398, 1139, 2398
0, 8747, 87471139, 87472398, 1139, 2398
0, 8748, 87481139, 87482398, 1139, 2398
0, 8749, 87491139, 87492398, 1139, 2398
0, 875, 8751139, 8753753, 1139, 3753
0, 8750, 87501139, 87504868, 1139, 4868
0, 8751, 87511139, 87512398, 1139, 2398
0, 8752, 87521139, 87522398, 1139, 2398
0, 8753, 87531139, 87532398, 1139, 2398
0, 8754, 87541139, 87542398, 1139, 2398
0, 8755, 87551139, 87552398, 1139, 2398
0, 8756, 87561139, 87562398, 1139, 2398
0, 8757, 87571139, 87573168, 1139, 3168
0, 8758, 87581139, 87582398, 1139, 2398
0, 8759, 87591139, 87592398, 1139, 2398
0, 876, 8761139, 8762398, 1139, 2398
0, 8760, 87601139, 87602689, 1139, 2689
0, 8761, 87611139, 87612398, 1139, 2398
0, 8762, 87621139, 87622398, 1139, 2398
0, 8763, 87631139, 87632398, 1139, 2398
0, 8764, 87641139, 87643753, 1139, 3753
0, 8765, 87651139, 87652398, 1139, 2398
0, 8766, 87661139, 87662398, 1139, 2398
0, 8767, 87671139, 87672398, 1139, 2398
0, 8768, 87681139, 87682398, 1139, 2398
0, 8769, 87691139, 87692398, 1139, 2398
0, 877, 8771139, 8772398, 1139, 2398
0, 8770, 87701139, 87702398, 1139, 2398
0, 8771, 87711139, 87713168, 1139, 3168
0, 8772, 87721139, 87722398, 1139, 2398
0, 8773, 87731139, 87732398, 1139, 2398
0, 8774, 87741139, 87742398, 1139, 2398
0, 8775, 87751139, 87752398, 1139, 2398
0, 8776, 87761139, 87762398, 1139, 2398
0, 8777, 87771139, 87772398, 1139, 2398
0, 8778, 87781139, 87783753, 1139, 3753
0, 8779, 87791139, 87792398, 1139, 2398
0, 878, 8781139, 8782398, 1139, 2398
0, 8780, 87801139, 87802398, 1139, 2398
0, 8781, 87811139, 87812398, 1139, 2398
0, 8782, 87821139, 87822398, 1139, 2398
0, 8783, 87831139, 87832398, 1139, 2398
0, 8784, 87841139, 87842398, 1139, 2398
0, 8785, 87851139, 87853753, 1139, 3753
0, 8786, 87861139, 87862398, 1139, 2398
0, 8787, 87871139, 87872398, 1139, 2398
0, 8788, 87881139, 87882398, 1139, 2398
0, 8789, 87891139, 87892398, 1139, 2398
0, 879, 8791139, 8792398, 1139, 2398
0, 8790, 87901139, 87902398, 1139, 2398
0, 8791, 87911139, 87912398, 1139, 2398
0, 8792, 87921139, 87925188, 1139, 5188
0, 8793, 87931139, 87932398, 1139, 2398
0, 8794, 87941139, 87942398, 1139, 2398
0, 8795, 87951139, 87952398, 1139, 2398
0, 8796, 87961139, 87962398, 1139, 2398
0, 8797, 87971139, 87972398, 1139, 2398
0, 8798, 87981139, 87982398, 1139, 2398
0, 8799, 87991139, 87993168, 1139, 3168
0, 88, 881139, 882398, 1139, 2398
0, 880, 8801139, 8802398, 1139, 2398
0, 8800, 88001139, 88002398, 1139, 2398
0, 8801, 88011139, 88012398, 1139, 2398
0, 8802, 88021139, 88022398, 1139, 2398
0, 8803, 88031139, 88032398, 1139, 2398
0, 8804, 88041139, 88042398, 1139, 2398
0, 8805, 88051139, 88052398, 1139, 2398
0, 8806, 88061139, 88063168, 1139, 3168
0, 8807, 88071139, 88072398, 1139, 2398
0, 8808, 88081139, 88082398, 1139, 2398
0, 8809, 88091139, 88092398, 1139, 2398
0, 881, 8811139, 8812398, 1139, 2398
0, 8810, 88101139, 88102398, 1139, 2398
0, 8811, 88111139, 88112398, 1139, 2398
0, 8812, 88121139, 88122398, 1139, 2398
0, 8813, 88131139, 88133168, 1139, 3168
0, 8814, 88141139, 88142398, 1139, 2398
0, 8815, 88151139, 88152398, 1139, 2398
0, 8816, 88161139, 88162398, 1139, 2398
0, 8817, 88171139, 88172398, 1139, 2398
0, 8818, 88181139, 88182398, 1139, 2398
0, 8819, 88191139, 88192398, 1139, 2398
0, 882, 8821139, 8823168, 1139, 3168
0, 8820, 88201139, 88204868, 1139, 4868
0, 8821, 88211139, 88212398, 1139, 2398
0, 8822, 88221139, 88222398, 1139, 2398
0, 8823, 88231139, 88232398, 1139, 2398
0, 8824, 88241139, 88242398, 1139, 2398
0, 8825, 88251139, 88252398, 1139, 2398
0, 8826, 88261139, 88262398, 1139, 2398
0, 8827, 88271139, 88273168, 1139, 3168
0, 8828, 88281139, 88282398, 1139, 2398
0, 8829, 88291139, 88292398, 1139, 2398
0, 883, 8831139, 8832398, 1139, 2398
0, 8830, 88301139, 88302398, 1139, 2398
0, 8831, 88311139, 88312398, 1139, 2398
0, 8832, 88321139, 88322398, 1139, 2398
0, 8833, 88331139, 88332398, 1139, 2398
0, 8834, 88341139, 88343168, 1139, 3168
0, 8835, 88351139, 88352398, 1139, 2398
0, 8836, 88361139, 88362398, 1139, 2398
0, 8837, 88371139, 88372398, 1139, 2398
0, 8838, 88381139, 88382398, 1139, 2398
0, 8839, 88391139, 88392398, 1139, 2398
0, 884, 8841139, 8842398, 1139, 2398
0, 8840, 88401139, 88402398, 1139, 2398
0, 8841, 88411139, 88413168, 1139, 3168
0, 8842, 88421139, 88422398, 1139, 2398
0, 8843, 88431139, 88432398, 1139, 2398
0, 8844, 88441139, 88442398, 1139, 2398
0, 8845, 88451139, 88452398, 1139, 2398
0, 8846, 88461139, 88462398, 1139, 2398
0, 8847, 88471139, 88472398, 1139, 2398
0, 8848, 88481139, 88485188, 1139, 5188
0, 8849, 88491139, 88492398, 1139, 2398
0, 885, 8851139, 8852398, 1139, 2398
0, 8850, 88501139, 88502398, 1139, 2398
0, 8851, 88511139, 88512398, 1139, 2398
0, 8852, 88521139, 88522398, 1139, 2398
0, 8853, 88531139, 88532398, 1139, 2398
0, 8854, 88541139, 88542398, 1139, 2398
0, 8855, 88551139, 88553753, 1139, 3753
0, 8856, 88561139, 88562398, 1139, 2398
0, 8857, 88571139, 88572398, 1139, 2398
0, 8858, 88581139, 88582398, 1139, 2398
0, 8859, 88591139, 88592398, 1139, 2398
0, 886, 8861139, 8862398, 1139, 2398
0, 8860, 88601139, 88602398, 1139, 2398
0, 8861, 88611139, 88612398, 1139, 2398
0, 8862, 88621139, 88623168, 1139, 3168
0, 8863, 88631139, 88632398, 1139, 2398
0, 8864, 88641139, 88642398, 1139, 2398
0, 8865, 88651139, 88652398, 1139, 2398
0, 8866, 88661139, 88662398, 1139, 2398
0, 8867, 88671139, 88672398, 1139, 2398
0, 8868, 88681139, 88682398, 1139, 2398
0, 8869, 88691139, 88693168, 1139, 3168
0, 887, 8871139, 8872398, 1139, 2398
0, 8870, 88701139, 88702398, 1139, 2398
0, 8871, 88711139, 88712398, 1139, 2398
0, 8872, 88721139, 88722398, 1139, 2398
0, 8873, 88731139, 88732398, 1139, 2398
0, 8874, 88741139, 88742398, 1139, 2398
0, 8875, 88751139, 88752398, 1139, 2398
0, 8876, 88761139, 88763753, 1139, 3753
0, 8877, 88771139, 88772398, 1139, 2398
0, 8878, 88781139, 88782398, 1139, 2398
0, 8879, 88791139, 88792398, 1139, 2398
0, 888, 8881139, 8882398, 1139, 2398
0, 8880, 88801139, 88804166, 1139, 4166
0, 8881, 88811139, 88812398, 1139, 2398
0, 8882, 88821139, 88822398, 1139, 2398
0, 8883, 88831139, 88833753, 1139, 3753
0, 8884, 88841139, 88842398, 1139, 2398
0, 8885, 88851139, 88852398, 1139, 2398
0, 8886, 88861139, 88862398, 1139, 2398
0, 8887, 88871139, 88872398, 1139, 2398
0, 8888, 88881139, 88882398, 1139, 2398
0, 8889, 88891139, 88892398, 1139, 2398
0, 889, 8891139, 8893168, 1139, 3168
0, 8890, 88901139, 88903753, 1139, 3753
0, 8891, 88911139, 88912398, 1139, 2398
0, 8892, 88921139, 88922398, 1139, 2398
0, 8893, 88931139, 88932398, 1139, 2398
0, 8894, 88941139, 88942398, 1139, 2398
0, 8895, 88951139, 88952398, 1139, 2398
0, 8896, 88961139, 88962398, 1139, 2398
0, 8897, 88971139, 88973168, 1139, 3168
0, 8898, 88981139, 88982398, 1139, 2398
0, 8899, 88991139, 88992398, 1139, 2398
0, 89, 891139, 892398, 1139, 2398
0, 890, 8901139, 8902398, 1139, 2398
0, 8900, 89001139, 89002398, 1139, 2398
0, 8901, 89011139, 89012398, 1139, 2398
0, 8902, 89021139, 89022398, 1139, 2398
0, 8903, 89031139, 89032398, 1139, 2398
0, 8904, 89041139, 89045188, 1139, 5188
0, 8905, 89051139, 89052398, 1139, 2398
0, 8906, 89061139, 89062398, 1139, 2398
0, 8907, 89071139, 89072398, 1139, 2398
0, 8908, 89081139, 89082398, 1139, 2398
0, 8909, 89091139, 89092398, 1139, 2398
0, 891, 8911139, 8912398, 1139, 2398
0, 8910, 89101139, 89102398, 1139, 2398
0, 8911, 89111139, 89113753, 1139, 3753
0, 8912, 89121139, 89122398, 1139, 2398
0, 8913, 89131139, 89132398, 1139, 2398
0, 8914, 89141139, 89142398, 1139, 2398
0, 8915, 89151139, 89152398, 1139, 2398
0, 8916, 89161139, 89162398, 1139, 2398
0, 8917, 89171139, 89172398, 1139, 2398
0, 8918, 89181139, 89183168, 1139, 3168
0, 8919, 89191139, 89192398, 1139, 2398
0, 892, 8921139, 8922398, 1139, 2398
0, 8920, 89201139, 89202398, 1139, 2398
0, 8921, 89211139, 89212398, 1139, 2398
0, 8922, 89221139, 89222398, 1139, 2398
0, 8923, 89231139, 89232398, 1139, 2398
0, 8924, 89241139, 89242398, 1139, 2398
0, 8925, 89251139, 89253753, 1139, 3753
0, 8926, 89261139, 89262398, 1139, 2398
0, 8927, 89271139, 89272398, 1139, 2398
0, 8928, 89281139, 89282398, 1139, 2398
0, 8929, 89291139, 89292398, 1139, 2398
0, 893, 8931139, 8932398, 1139, 2398
0, 8930, 89301139, 89302398, 1139, 2398
0, 8931, 89311139, 89312398, 1139, 2398
0, 8932, 89321139, 89323753, 1139, 3753
0, 8933, 89331139, 89332398, 1139, 2398
0, 8934, 89341139, 89342398, 1139, 2398
0, 8935, 89351139, 89352398, 1139, 2398
0, 8936, 89361139, 89362398, 1139, 2398
0, 8937, 89371139, 89372398, 1139, 2398
0, 8938, 89381139, 89382398, 1139, 2398
0, 8939, 89391139, 89393168, 1139, 3168
0, 894, 8941139, 8942398, 1139, 2398
0, 8940, 89401139, 89402689, 1139, 2689
0, 8941, 89411139, 89412398, 1139, 2398
0, 8942, 89421139, 89422398, 1139, 2398
0, 8943, 89431139, 89432398, 1139, 2398
0, 8944, 89441139, 89442398, 1139, 2398
0, 8945, 89451139, 89452398, 1139, 2398
0, 8946, 89461139, 89463168, 1139, 3168
0, 8947, 89471139, 89472398, 1139, 2398
0, 8948, 89481139, 89482398, 1139, 2398
0, 8949, 89491139, 89492398, 1139, 2398
0, 895, 8951139, 8952398, 1139, 2398
0, 8950, 89501139, 89502398, 1139, 2398
0, 8951, 89511139, 89512398, 1139, 2398
0, 8952, 89521139, 89522398, 1139, 2398
0, 8953, 89531139, 89533168, 1139, 3168
0, 8954, 89541139, 89542398, 1139, 2398
0, 8955, 89551139, 89552398, 1139, 2398
0, 8956, 89561139, 89562398, 1139, 2398
0, 8957, 89571139, 89572398, 1139, 2398
0, 8958, 89581139, 89582398, 1139, 2398
0, 8959, 89591139, 89592398, 1139, 2398
0, 896, 8961139, 8965188, 1139, 5188
0, 8960, 89601139, 89605188, 1139, 5188
0, 8961, 89611139, 89612398, 1139, 2398
0, 8962, 89621139, 89622398, 1139, 2398
0, 8963, 89631139, 89632398, 1139, 2398
0, 8964, 89641139, 89642398, 1139, 2398
0, 8965, 89651139, 89652398, 1139, 2398
0, 8966, 89661139, 89662398, 1139, 2398
0, 8967, 89671139, 89673168, 1139, 3168
0, 8968, 89681139, 89682398, 1139, 2398
0, 8969, 89691139, 89692398, 1139, 2398
0, 897, 8971139, 8972398, 1139, 2398
0, 8970, 89701139, 89702398, 1139, 2398
0, 8971, 89711139, 89712398, 1139, 2398
0, 8972, 89721139, 89722398, 1139, 2398
0, 8973, 89731139, 89732398, 1139, 2398
0, 8974, 89741139, 89743168, 1139, 3168
0, 8975, 89751139, 89752398, 1139, 2398
0, 8976, 89761139, 89762398, 1139, 2398
0, 8977, 89771139, 89772398, 1139, 2398
0, 8978, 89781139, 89782631, 1139, 2631
0, 8979, 89791139, 89792398, 1139, 2398
0, 898, 8981139, 8982398, 1139, 2398
0, 8980, 89801139, 89802398, 1139, 2398
0, 8981, 89811139, 89813168, 1139, 3168
0, 8982, 89821139, 89822398, 1139, 2398
0, 8983, 89831139, 89832398, 1139, 2398
0, 8984, 89841139, 89842398, 1139, 2398
0, 8985, 89851139, 89852398, 1139, 2398
0, 8986, 89861139, 89862398, 1139, 2398
0, 8987, 89871139, 89872398, 1139, 2398
0, 8988, 89881139, 89883753, 1139, 3753
0, 8989, 89891139, 89892398, 1139, 2398
0, 899, 8991139, 8992398, 1139, 2398
0, 8990, 89901139, 89902398, 1139, 2398
0, 8991, 89911139, 89912398, 1139, 2398
0, 8992, 89921139, 89922398, 1139, 2398
0, 8993, 89931139, 89932398, 1139, 2398
0, 8994, 89941139, 89942398, 1139, 2398
0, 8995, 89951139, 89953753, 1139, 3753
0, 8996, 89961139, 89962398, 1139, 2398
0, 8997, 89971139, 89972398, 1139, 2398
0, 8998, 89981139, 89982398, 1139, 2398
0, 8999, 89991139, 89992398, 1139, 2398
0, 9, 91139, 92398, 1139, 2398
0, 90, 901139, 902398, 1139, 2398
0, 900, 9001139, 9002689, 1139, 2689
0, 9000, 90001139, 90002689, 1139, 2689
0, 9001, 90011139, 90012398, 1139, 2398
0, 9002, 90021139, 90023168, 1139, 3168
0, 9003, 90031139, 90032398, 1139, 2398
0, 9004, 90041139, 90042398, 1139, 2398
0, 9005, 90051139, 90052398, 1139, 2398
0, 9006, 90061139, 90062398, 1139, 2398
0, 9007, 90071139, 90072398, 1139, 2398
0, 9008, 90081139, 90082398, 1139, 2398
0, 9009, 90091139, 90093168, 1139, 3168
0, 901, 9011139, 9012398, 1139, 2398
0, 9010, 90101139, 90102398, 1139, 2398
0, 9011, 90111139, 90112398, 1139, 2398
0, 9012, 90121139, 90122398, 1139, 2398
0, 9013, 90131139, 90132398, 1139, 2398
0, 9014, 90141139, 90142398, 1139, 2398
0, 9015, 90151139, 90152398, 1139, 2398
0, 9016, 90161139, 90165188, 1139, 5188
0, 9017, 90171139, 90173481, 1139, 3481
0, 9018, 90181139, 90182398, 1139, 2398
0, 9019, 90191139, 90192398, 1139, 2398
0, 902, 9021139, 9022398, 1139, 2398
0, 9020, 90201139, 90202398, 1139, 2398
0, 9021, 90211139, 90212398, 1139, 2398
0, 9022, 90221139, 90222398, 1139, 2398
0, 9023, 90231139, 90233168, 1139, 3168
0, 9024, 90241139, 90242398, 1139, 2398
0, 9025, 90251139, 90252398, 1139, 2398
0, 9026, 90261139, 90262398, 1139, 2398
0, 9027, 90271139, 90272398, 1139, 2398
0, 9028, 90281139, 90282398, 1139, 2398
0, 9029, 90291139, 90292398, 1139, 2398
0, 903, 9031139, 9033753, 1139, 3753
0, 9030, 90301139, 90303753, 1139, 3753
0, 9031, 90311139, 90312398, 1139, 2398
0, 9032, 90321139, 90322398, 1139, 2398
0, 9033, 90331139, 90332398, 1139, 2398
0, 9034, 90341139, 90342398, 1139, 2398
0, 9035, 90351139, 90352398, 1139, 2398
0, 9036, 90361139, 90362398, 1139, 2398
0, 9037, 90371139, 90373168, 1139, 3168
0, 9038, 90381139, 90382398, 1139, 2398
0, 9039, 90391139, 90392398, 1139, 2398
0, 904, 9041139, 9042398, 1139, 2398
0, 9040, 90401139, 90402398, 1139, 2398
0, 9041, 90411139, 90412398, 1139, 2398
0, 9042, 90421139, 90422398, 1139, 2398
0, 9043, 90431139, 90432398, 1139, 2398
0, 9044, 90441139, 90445914, 1139, 5914
0, 9045, 90451139, 90452398, 1139, 2398
0, 9046, 90461139, 90462398, 1139, 2398
0, 9047, 90471139, 90472398, 1139, 2398
0, 9048, 90481139, 90482689, 1139, 2689
0, 9049, 90491139, 90492398, 1139, 2398
0, 905, 9051139, 9052398, 1139, 2398
0, 9050, 90501139, 90502398, 1139, 2398
0, 9051, 90511139, 90513168, 1139, 3168
0, 9052, 90521139, 90522398, 1139, 2398
0, 9053, 90531139, 90532398, 1139, 2398
0, 9054, 90541139, 90542398, 1139, 2398
0, 9055, 90551139, 90552398, 1139, 2398
0, 9056, 90561139, 90562398, 1139, 2398
0, 9057, 90571139, 90572398, 1139, 2398
0, 9058, 90581139, 90583168, 1139, 3168
0, 9059, 90591139, 90592398, 1139, 2398
0, 906, 9061139, 9062398, 1139, 2398
0, 9060, 90601139, 90602398, 1139, 2398
0, 9061, 90611139, 90612398, 1139, 2398
0, 9062, 90621139, 90622398, 1139, 2398
0, 9063, 90631139, 90632398, 1139, 2398
0, 9064, 90641139, 90642398, 1139, 2398
0, 9065, 90651139, 90653753, 1139, 3753
0, 9066, 90661139, 90662398, 1139, 2398
0, 9067, 90671139, 90672398, 1139, 2398
0, 9068, 90681139, 90682398, 1139, 2398
0, 9069, 90691139, 90692398, 1139, 2398
0, 907, 9071139, 9072398, 1139, 2398
0, 9070, 90701139, 90702398, 1139, 2398
0, 9071, 90711139, 90712398, 1139, 2398
0, 9072, 90721139, 90725188, 1139, 5188
0, 9073, 90731139, 90734924, 1139, 4924
0, 9074, 90741139, 90742398, 1139, 2398
0, 9075, 90751139, 90752398, 1139, 2398
0, 9076, 90761139, 90762398, 1139, 2398
0, 9077, 90771139, 90772398, 1139, 2398
0, 9078, 90781139, 90782398, 1139, 2398
0, 9079, 90791139, 90793168, 1139, 3168
0, 908, 9081139, 9082398, 1139, 2398
0, 9080, 90801139, 90802398, 1139, 2398
0, 9081, 90811139, 90812398, 1139, 2398
0, 9082, 90821139, 90822398, 1139, 2398
0, 9083, 90831139, 90832398, 1139, 2398
0, 9084, 90841139, 90842398, 1139, 2398
0, 9085, 90851139, 90852398, 1139, 2398
0, 9086, 90861139, 90863168, 1139, 3168
0, 9087, 90871139, 90872398, 1139, 2398
0, 9088, 90881139, 90882398, 1139, 2398
0, 9089, 90891139, 90892398, 1139, 2398
0, 909, 9091139, 9092398, 1139, 2398
0, 9090, 90901139, 90902398, 1139, 2398
0, 9091, 90911139, 90912398, 1139, 2398
0, 9092, 90921139, 90922398, 1139, 2398
0, 9093, 90931139, 90933168, 1139, 3168
0, 9094, 90941139, 90942398, 1139, 2398
0, 9095, 90951139, 90952398, 1139, 2398
0, 9096, 90961139, 90962398, 1139, 2398
0, 9097, 90971139, 90972398, 1139, 2398
0, 9098, 90981139, 90982398, 1139, 2398
0, 9099, 90991139, 90992398, 1139, 2398
0, 91, 911139, 913168, 1139, 3168
0, 910, 9101139, 9103753, 1139, 3753
0, 9100, 91001139, 91004868, 1139, 4868
0, 9101, 91011139, 91012398, 1139, 2398
0, 9102, 91021139, 91022398, 1139, 2398
0, 9103, 91031139, 91032398, 1139, 2398
0, 9104, 91041139, 91042398, 1139, 2398
0, 9105, 91051139, 91052398, 1139, 2398
0, 9106, 91061139, 91062398, 1139, 2398
0, 9107, 91071139, 91073168, 1139, 3168
0, 9108, 91081139, 91082398, 1139, 2398
0, 9109, 91091139, 91092398, 1139, 2398
0, 911, 9111139, 9112398, 1139, 2398
0, 9110, 91101139, 91102398, 1139, 2398
0, 9111, 91111139, 91112398, 1139, 2398
0, 9112, 91121139, 91122398, 1139, 2398
0, 9113, 91131139, 91132398, 1139, 2398
0, 9114, 91141139, 91143168, 1139, 3168
0, 9115, 91151139, 91152398, 1139, 2398
0, 9116, 91161139, 91162398, 1139, 2398
0, 9117, 91171139, 91172398, 1139, 2398
0, 9118, 91181139, 91182398, 1139, 2398
0, 9119, 91191139, 91192398, 1139, 2398
0, 912, 9121139, 9122689, 1139, 2689
0, 9120, 91201139, 91204868, 1139, 4868
0, 9121, 91211139, 91213168, 1139, 3168
0, 9122, 91221139, 91222398, 1139, 2398
0, 9123, 91231139, 91232398, 1139, 2398
0, 9124, 91241139, 91242398, 1139, 2398
0, 9125, 91251139, 91252398, 1139, 2398
0, 9126, 91261139, 91262398, 1139, 2398
0, 9127, 91271139, 91272398, 1139, 2398
0, 9128, 91281139, 91285188, 1139, 5188
0, 9129, 91291139, 91292398, 1139, 2398
0, 913, 9131139, 9132398, 1139, 2398
0, 9130, 91301139, 91302398, 1139, 2398
0, 9131, 91311139, 91312398, 1139, 2398
0, 9132, 91321139, 91322398, 1139, 2398
0, 9133, 91331139, 91332398, 1139, 2398
0, 9134, 91341139, 91342398, 1139, 2398
0, 9135, 91351139, 91353753, 1139, 3753
0, 9136, 91361139, 91362398, 1139, 2398
0, 9137, 91371139, 91372398, 1139, 2398
0, 9138, 91381139, 91382398, 1139, 2398
0, 9139, 91391139, 91392398, 1139, 2398
0, 914, 9141139, 9142398, 1139, 2398
0, 9140, 91401139, 91402398, 1139, 2398
0, 9141, 91411139, 91412398, 1139, 2398
0, 9142, 91421139, 91423168, 1139, 3168
0, 9143, 91431139, 91432398, 1139, 2398
0, 9144, 91441139, 91442398, 1139, 2398
0, 9145, 91451139, 91452398, 1139, 2398
0, 9146, 91461139, 91462398, 1139, 2398
0, 9147, 91471139, 91472398, 1139, 2398
0, 9148, 91481139, 91482398, 1139, 2398
0, 9149, 91491139, 91493753, 1139, 3753
0, 915, 9151139, 9152398, 1139, 2398
0, 9150, 91501139, 91502398, 1139, 2398
0, 9151, 91511139, 91512398, 1139, 2398
0, 9152, 91521139, 91522398, 1139, 2398
0, 9153, 91531139, 91532398, 1139, 2398
0, 9154, 91541139, 91542398, 1139, 2398
0, 9155, 91551139, 91552398, 1139, 2398
0, 9156, 91561139, 91563753, 1139, 3753
0, 9157, 91571139, 91572398, 1139, 2398
0, 9158, 91581139, 91582398, 1139, 2398
0, 9159, 91591139, 91592398, 1139, 2398
0, 916, 9161139, 9162398, 1139, 2398
0, 9160, 91601139, 91604166, 1139, 4166
0, 9161, 91611139, 91612398, 1139, 2398
0, 9162, 91621139, 91622398, 1139, 2398
0, 9163, 91631139, 91633168, 1139, 3168
0, 9164, 91641139, 91642398, 1139, 2398
0, 9165, 91651139, 91652398, 1139, 2398
0, 9166, 91661139, 91662398, 1139, 2398
0, 9167, 91671139, 91672398, 1139, 2398
0, 9168, 91681139, 91682689, 1139, 2689
0, 9169, 91691139, 91692398, 1139, 2398
0, 917, 9171139, 9173168, 1139, 3168
0, 9170, 91701139, 91703753, 1139, 3753
0, 9171, 91711139, 91712398, 1139, 2398
0, 9172, 91721139, 91722398, 1139, 2398
0, 9173, 91731139, 91732398, 1139, 2398
0, 9174, 91741139, 91742398, 1139, 2398
0, 9175, 91751139, 91752398, 1139, 2398
0, 9176, 91761139, 91762398, 1139, 2398
0, 9177, 91771139, 91773753, 1139, 3753
0, 9178, 91781139, 91782398, 1139, 2398
0, 9179, 91791139, 91792398, 1139, 2398
0, 918, 9181139, 9182398, 1139, 2398
0, 9180, 91801139, 91802398, 1139, 2398
0, 9181, 91811139, 91812398, 1139, 2398
0, 9182, 91821139, 91822398, 1139, 2398
0, 9183, 91831139, 91832398, 1139, 2398
0, 9184, 91841139, 91845188, 1139, 5188
0, 9185, 91851139, 91852398, 1139, 2398
0, 9186, 91861139, 91862398, 1139, 2398
0, 9187, 91871139, 91872398, 1139, 2398
0, 9188, 91881139, 91882398, 1139, 2398
0, 9189, 91891139, 91892398, 1139, 2398
0, 919, 9191139, 9192398, 1139, 2398
0, 9190, 91901139, 91902398, 1139, 2398
0, 9191, 91911139, 91913168, 1139, 3168
0, 9192, 91921139, 91922398, 1139, 2398
0, 9193, 91931139, 91932398, 1139, 2398
0, 9194, 91941139, 91942398, 1139, 2398
0, 9195, 91951139, 91952398, 1139, 2398
0, 9196, 91961139, 91962398, 1139, 2398
0, 9197, 91971139, 91972398, 1139, 2398
0, 9198, 91981139, 91983168, 1139, 3168
0, 9199, 91991139, 91992398, 1139, 2398
0, 92, 921139, 922398, 1139, 2398
0, 920, 9201139, 9202398, 1139, 2398
0, 9200, 92001139, 92002398, 1139, 2398
0, 9201, 92011139, 92012398, 1139, 2398
0, 9202, 92021139, 92022398, 1139, 2398
0, 9203, 92031139, 92032398, 1139, 2398
0, 9204, 92041139, 92042398, 1139, 2398
0, 9205, 92051139, 92053753, 1139, 3753
0, 9206, 92061139, 92062398, 1139, 2398
0, 9207, 92071139, 92072398, 1139, 2398
0, 9208, 92081139, 92082398, 1139, 2398
0, 9209, 92091139, 92092398, 1139, 2398
0, 921, 9211139, 9212398, 1139, 2398
0, 9210, 92101139, 92102398, 1139, 2398
0, 9211, 92111139, 92112398, 1139, 2398
0, 9212, 92121139, 92123753, 1139, 3753
0, 9213, 92131139, 92132398, 1139, 2398
0, 9214, 92141139, 92142398, 1139, 2398
0, 9215, 92151139, 92152398, 1139, 2398
0, 9216, 92161139, 92162689, 1139, 2689
0, 9217, 92171139, 92172398, 1139, 2398
0, 9218, 92181139, 92182398, 1139, 2398
0, 9219, 92191139, 92193168, 1139, 3168
0, 922, 9221139, 9222398, 1139, 2398
0, 9220, 92201139, 92202398, 1139, 2398
0, 9221, 92211139, 92212398, 1139, 2398
0, 9222, 92221139, 92222398, 1139, 2398
0, 9223, 92231139, 92232398, 1139, 2398
0, 9224, 92241139, 92242398, 1139, 2398
0, 9225, 92251139, 92252398, 1139, 2398
0, 9226, 92261139, 92263168, 1139, 3168
0, 9227, 92271139, 92272398, 1139, 2398
0, 9228, 92281139, 92282398, 1139, 2398
0, 9229, 92291139, 92292398, 1139, 2398
0, 923, 9231139, 9232398, 1139, 2398
0, 9230, 92301139, 92302398, 1139, 2398
0, 9231, 92311139, 92312398, 1139, 2398
0, 9232, 92321139, 92322398, 1139, 2398
0, 9233, 92331139, 92333168, 1139, 3168
0, 9234, 92341139, 92342398, 1139, 2398
0, 9235, 92351139, 92352398, 1139, 2398
0, 9236, 92361139, 92362398, 1139, 2398
0, 9237, 92371139, 92372398, 1139, 2398
0, 9238, 92381139, 92382398, 1139, 2398
0, 9239, 92391139, 92392398, 1139, 2398
0, 924, 9241139, 9243753, 1139, 3753
0, 9240, 92401139, 92405188, 1139, 5188
0, 9241, 92411139, 92412398, 1139, 2398
0, 9242, 92421139, 92422398, 1139, 2398
0, 9243, 92431139, 92432398, 1139, 2398
0, 9244, 92441139, 92442398, 1139, 2398
0, 9245, 92451139, 92452398, 1139, 2398
0, 9246, 92461139, 92462398, 1139, 2398
0, 9247, 92471139, 92473168, 1139, 3168
0, 9248, 92481139, 92482398, 1139, 2398
0, 9249, 92491139, 92492398, 1139, 2398
0, 925, 9251139, 9252398, 1139, 2398
0, 9250, 92501139, 92502398, 1139, 2398
0, 9251, 92511139, 92512398, 1139, 2398
0, 9252, 92521139, 92522398, 1139, 2398
0, 9253, 92531139, 92532398, 1139, 2398
0, 9254, 92541139, 92543168, 1139, 3168
0, 9255, 92551139, 92552398, 1139, 2398
0, 9256, 92561139, 92562398, 1139, 2398
0, 9257, 92571139, 92572398, 1139, 2398
0, 9258, 92581139, 92582398, 1139, 2398
0, 9259, 92591139, 92592398, 1139, 2398
0, 926, 9261139, 9262398, 1139, 2398
0, 9260, 92601139, 92602398, 1139, 2398
0, 9261, 92611139, 92613168, 1139, 3168
0, 9262, 92621139, 92622398, 1139, 2398
0, 9263, 92631139, 92632398, 1139, 2398
0, 9264, 92641139, 92642398, 1139, 2398
0, 9265, 92651139, 92652398, 1139, 2398
0, 9266, 92661139, 92662398, 1139, 2398
0, 9267, 92671139, 92672398, 1139, 2398
0, 9268, 92681139, 92683753, 1139, 3753
0, 9269, 92691139, 92692398, 1139, 2398
0, 927, 9271139, 9272398, 1139, 2398
0, 9270, 92701139, 92702398, 1139, 2398
0, 9271, 92711139, 92712398, 1139, 2398
0, 9272, 92721139, 92724166, 1139, 4166
0, 9273, 92731139, 92732398, 1139, 2398
0, 9274, 92741139, 92742398, 1139, 2398
0, 9275, 92751139, 92753753, 1139, 3753
0, 9276, 92761139, 92762398, 1139, 2398
0, 9277, 92771139, 92772398, 1139, 2398
0, 9278, 92781139, 92782398, 1139, 2398
0, 9279, 92791139, 92792398, 1139, 2398
0, 928, 9281139, 9282398, 1139, 2398
0, 9280, 92801139, 92802398, 1139, 2398
0, 9281, 92811139, 92812398, 1139, 2398
0, 9282, 92821139, 92823753, 1139, 3753
0, 9283, 92831139, 92832398, 1139, 2398
0, 9284, 92841139, 92842398, 1139, 2398
0, 9285, 92851139, 92852398, 1139, 2398
0, 9286, 92861139, 92862398, 1139, 2398
0, 9287, 92871139, 92872398, 1139, 2398
0, 9288, 92881139, 92882398, 1139, 2398
0, 9289, 92891139, 92893168, 1139, 3168
0, 929, 9291139, 9292398, 1139, 2398
0, 9290, 92901139, 92902398, 1139, 2398
0, 9291, 92911139, 92912398, 1139, 2398
0, 9292, 92921139, 92922398, 1139, 2398
0, 9293, 92931139, 92932398, 1139, 2398
0, 9294, 92941139, 92942398, 1139, 2398
0, 9295, 92951139, 92952398, 1139, 2398
0, 9296, 92961139, 92965188, 1139, 5188
0, 9297, 92971139, 92972398, 1139, 2398
0, 9298, 92981139, 92982398, 1139, 2398
0, 9299, 92991139, 92992398, 1139, 2398
0, 93, 931139, 932398, 1139, 2398
0, 930, 9301139, 9302398, 1139, 2398
0, 9300, 93001139, 93002689, 1139, 2689
0, 9301, 93011139, 93012398, 1139, 2398
0, 9302, 93021139, 93022398, 1139, 2398
0, 9303, 93031139, 93033168, 1139, 3168
0, 9304, 93041139, 93042398, 1139, 2398
0, 9305, 93051139, 93052398, 1139, 2398
0, 9306, 93061139, 93062398, 1139, 2398
0, 9307, 93071139, 93072398, 1139, 2398
0, 9308, 93081139, 93082398, 1139, 2398
0, 9309, 93091139, 93092398, 1139, 2398
0, 931, 9311139, 9313753, 1139, 3753
0, 9310, 93101139, 93104868, 1139, 4868
0, 9311, 93111139, 93112398, 1139, 2398
0, 9312, 93121139, 93122398, 1139, 2398
0, 9313, 93131139, 93132398, 1139, 2398
0, 9314, 93141139, 93142398, 1139, 2398
0, 9315, 93151139, 93152398, 1139, 2398
0, 9316, 93161139, 93162398, 1139, 2398
0, 9317, 93171139, 93173168, 1139, 3168
0, 9318, 93181139, 93182398, 1139, 2398
0, 9319, 93191139, 93192398, 1139, 2398
0, 932, 9321139, 9322398, 1139, 2398
0, 9320, 93201139, 93204868, 1139, 4868
0, 9321, 93211139, 93212398, 1139, 2398
0, 9322, 93221139, 93222398, 1139, 2398
0, 9323, 93231139, 93232398, 1139, 2398
0, 9324, 93241139, 93243753, 1139, 3753
0, 9325, 93251139, 93252398, 1139, 2398
0, 9326, 93261139, 93262398, 1139, 2398
0, 9327, 93271139, 93272398, 1139, 2398
0, 9328, 93281139, 93282398, 1139, 2398
0, 9329, 93291139, 93292398, 1139, 2398
0, 933, 9331139, 9332398, 1139, 2398
0, 9330, 93301139, 93302398, 1139, 2398
0, 9331, 93311139, 93313168, 1139, 3168
0, 9332, 93321139, 93322398, 1139, 2398
0, 9333, 93331139, 93332398, 1139, 2398
0, 9334, 93341139, 93342398, 1139, 2398
0, 9335, 93351139, 93352398, 1139, 2398
0, 9336, 93361139, 93362398, 1139, 2398
0, 9337, 93371139, 93372398, 1139, 2398
0, 9338, 93381139, 93383168, 1139, 3168
0, 9339, 93391139, 93392398, 1139, 2398
0, 934, 9341139, 9342398, 1139, 2398
0, 9340, 93401139, 93402398, 1139, 2398
0, 9341, 93411139, 93412398, 1139, 2398
0, 9342, 93421139, 93422398, 1139, 2398
0, 9343, 93431139, 93432398, 1139, 2398
0, 9344, 93441139, 93442398, 1139, 2398
0, 9345, 93451139, 93453753, 1139, 3753
0, 9346, 93461139, 93462398, 1139, 2398
0, 9347, 93471139, 93472398, 1139, 2398
0, 9348, 93481139, 93482398, 1139, 2398
0, 9349, 93491139, 93492398, 1139, 2398
0, 935, 9351139, 9352398, 1139, 2398
0, 9350, 93501139, 93502398, 1139, 2398
0, 9351, 93511139, 93512398, 1139, 2398
0, 9352, 93521139, 93525188, 1139, 5188
0, 9353, 93531139, 93534250, 1139, 4250
0, 9354, 93541139, 93542398, 1139, 2398
0, 9355, 93551139, 93552398, 1139, 2398
0, 9356, 93561139, 93562398, 1139, 2398
0, 9357, 93571139, 93572398, 1139, 2398
0, 9358, 93581139, 93582398, 1139, 2398
0, 9359, 93591139, 93593168, 1139, 3168
0, 936, 9361139, 9362398, 1139, 2398
0, 9360, 93601139, 93602689, 1139, 2689
0, 9361, 93611139, 93612398, 1139, 2398
0, 9362, 93621139, 93622398, 1139, 2398
0, 9363, 93631139, 93632398, 1139, 2398
0, 9364, 93641139, 93642398, 1139, 2398
0, 9365, 93651139, 93652398, 1139, 2398
0, 9366, 93661139, 93663168, 1139, 3168
0, 9367, 93671139, 93672398, 1139, 2398
0, 9368, 93681139, 93682398, 1139, 2398
0, 9369, 93691139, 93692398, 1139, 2398
0, 937, 9371139, 9372398, 1139, 2398
0, 9370, 93701139, 93702398, 1139, 2398
0, 9371, 93711139, 93712398, 1139, 2398
0, 9372, 93721139, 93722398, 1139, 2398
0, 9373, 93731139, 93733168, 1139, 3168
0, 9374, 93741139, 93742398, 1139, 2398
0, 9375, 93751139, 93752398, 1139, 2398
0, 9376, 93761139, 93762398, 1139, 2398
0, 9377, 93771139, 93772398, 1139, 2398
0, 9378, 93781139, 93782398, 1139, 2398
0, 9379, 93791139, 93792398, 1139, 2398
0, 938, 9381139, 9383168, 1139, 3168
0, 9380, 93801139, 93804868, 1139, 4868
0, 9381, 93811139, 93812398, 1139, 2398
0, 9382, 93821139, 93822398, 1139, 2398
0, 9383, 93831139, 93832398, 1139, 2398
0, 9384, 93841139, 93842689, 1139, 2689
0, 9385, 93851139, 93852398, 1139, 2398
0, 9386, 93861139, 93862398, 1139, 2398
0, 9387, 93871139, 93873168, 1139, 3168
0, 9388, 93881139, 93882398, 1139, 2398
0, 9389, 93891139, 93892398, 1139, 2398
0, 939, 9391139, 9392398, 1139, 2398
0, 9390, 93901139, 93902398, 1139, 2398
0, 9391, 93911139, 93912398, 1139, 2398
0, 9392, 93921139, 93922398, 1139, 2398
0, 9393, 93931139, 93932398, 1139, 2398
0, 9394, 93941139, 93943168, 1139, 3168
0, 9395, 93951139, 93952398, 1139, 2398
0, 9396, 93961139, 93962398, 1139, 2398
0, 9397, 93971139, 93972398, 1139, 2398
0, 9398, 93981139, 93982398, 1139, 2398
0, 9399, 93991139, 93992398, 1139, 2398
0, 94, 941139, 942398, 1139, 2398
0, 940, 9401139, 9402398, 1139, 2398
0, 9400, 94001139, 94002398, 1139, 2398
0, 9401, 94011139, 94013168, 1139, 3168
0, 9402, 94021139, 94022398, 1139, 2398
0, 9403, 94031139, 94032398, 1139, 2398
0, 9404, 94041139, 94042398, 1139, 2398
0, 9405, 94051139, 94052689, 1139, 2689
0, 9406, 94061139, 94062398, 1139, 2398
0, 9407, 94071139, 94072398, 1139, 2398
0, 9408, 94081139, 94085188, 1139, 5188
0, 9409, 94091139, 94092398, 1139, 2398
0, 941, 9411139, 9412398, 1139, 2398
0, 9410, 94101139, 94102398, 1139, 2398
0, 9411, 94111139, 94112398, 1139, 2398
0, 9412, 94121139, 94122398, 1139, 2398
0, 9413, 94131139, 94132398, 1139, 2398
0, 9414, 94141139, 94142398, 1139, 2398
0, 9415, 94151139, 94154868, 1139, 4868
0, 9416, 94161139, 94162398, 1139, 2398
0, 9417, 94171139, 94172398, 1139, 2398
0, 9418, 94181139, 94182398, 1139, 2398
0, 9419, 94191139, 94192398, 1139, 2398
0, 942, 9421139, 9422398, 1139, 2398
0, 9420, 94201139, 94202398, 1139, 2398
0, 9421, 94211139, 94212398, 1139, 2398
0, 9422, 94221139, 94223168, 1139, 3168
0, 9423, 94231139, 94232398, 1139, 2398
0, 9424, 94241139, 94242398, 1139, 2398
0, 9425, 94251139, 94252398, 1139, 2398
0, 9426, 94261139, 94262398, 1139, 2398
0, 9427, 94271139, 94272398, 1139, 2398
0, 9428, 94281139, 94282398, 1139, 2398
0, 9429, 94291139, 94293168, 1139, 3168
0, 943, 9431139, 9432398, 1139, 2398
0, 9430, 94301139, 94302398, 1139, 2398
0, 9431, 94311139, 94312398, 1139, 2398
0, 9432, 94321139, 94322398, 1139, 2398
0, 9433, 94331139, 94332398, 1139, 2398
0, 9434, 94341139, 94342398, 1139, 2398
0, 9435, 94351139, 94352398, 1139, 2398
0, 9436, 94361139, 94363753, 1139, 3753
0, 9437, 94371139, 94372398, 1139, 2398
0, 9438, 94381139, 94382398, 1139, 2398
0, 9439, 94391139, 94392398, 1139, 2398
0, 944, 9441139, 9442398, 1139, 2398
0, 9440, 94401139, 94404166, 1139, 4166
0, 9441, 94411139, 94412398, 1139, 2398
0, 9442, 94421139, 94422398, 1139, 2398
0, 9443, 94431139, 94433753, 1139, 3753
0, 9444, 94441139, 94442398, 1139, 2398
0, 9445, 94451139, 94452398, 1139, 2398
0, 9446, 94461139, 94462398, 1139, 2398
0, 9447, 94471139, 94472398, 1139, 2398
0, 9448, 94481139, 94482398, 1139, 2398
0, 9449, 94491139, 94492398, 1139, 2398
0, 945, 9451139, 9453753, 1139, 3753
0, 9450, 94501139, 94503753, 1139, 3753
0, 9451, 94511139, 94512398, 1139, 2398
0, 9452, 94521139, 94522398, 1139, 2398
0, 9453, 94531139, 94532398, 1139, 2398
0, 9454, 94541139, 94542398, 1139, 2398
0, 9455, 94551139, 94552398, 1139, 2398
0, 9456, 94561139, 94562398, 1139, 2398
0, 9457, 94571139, 94573168, 1139, 3168
0, 9458, 94581139, 94582398, 1139, 2398
0, 9459, 94591139, 94592398, 1139, 2398
0, 946, 9461139, 9462398, 1139, 2398
0, 9460, 94601139, 94602398, 1139, 2398
0, 9461, 94611139, 94612398, 1139, 2398
0, 9462, 94621139, 94622398, 1139, 2398
0, 9463, 94631139, 94632398, 1139, 2398
0, 9464, 94641139, 94645188, 1139, 5188
0, 9465, 94651139, 94652398, 1139, 2398
0, 9466, 94661139, 94662398, 1139, 2398
0, 9467, 94671139, 94672398, 1139, 2398
0, 9468, 94681139, 94682398, 1139, 2398
0, 9469, 94691139, 94692398, 1139, 2398
0, 947, 9471139, 9472398, 1139, 2398
0, 9470, 94701139, 94702398, 1139, 2398
0, 9471, 94711139, 94713168, 1139, 3168
0, 9472, 94721139, 94722398, 1139, 2398
0, 9473, 94731139, 94732398, 1139, 2398
0, 9474, 94741139, 94742398, 1139, 2398
0, 9475, 94751139, 94752398, 1139, 2398
0, 9476, 94761139, 94762398, 1139, 2398
0, 9477, 94771139, 94772398, 1139, 2398
0, 9478, 94781139, 94783168, 1139, 3168
0, 9479, 94791139, 94792398, 1139, 2398
0, 948, 9481139, 9482398, 1139, 2398
0, 9480, 94801139, 94802689, 1139, 2689
0, 9481, 94811139, 94812398, 1139, 2398
0, 9482, 94821139, 94822398, 1139, 2398
0, 9483, 94831139, 94832398, 1139, 2398
0, 9484, 94841139, 94842398, 1139, 2398
0, 9485, 94851139, 94853753, 1139, 3753
0, 9486, 94861139, 94862398, 1139, 2398
0, 9487, 94871139, 94872398, 1139, 2398
0, 9488, 94881139, 94882398, 1139, 2398
0, 9489, 94891139, 94892398, 1139, 2398
0, 949, 9491139, 9492398, 1139, 2398
0, 9490, 94901139, 94902398, 1139, 2398
0, 9491, 94911139, 94912398, 1139, 2398
0, 9492, 94921139, 94923753, 1139, 3753
0, 9493, 94931139, 94932398, 1139, 2398
0, 9494, 94941139, 94942398, 1139, 2398
0, 9495, 94951139, 94952398, 1139, 2398
0, 9496, 94961139, 94962398, 1139, 2398
0, 9497, 94971139, 94972398, 1139, 2398
0, 9498, 94981139, 94982398, 1139, 2398
0, 9499, 94991139, 94993168, 1139, 3168
0, 95, 951139, 952398, 1139, 2398
0, 950, 9501139, 9502398, 1139, 2398
0, 9500, 95001139, 95002398, 1139, 2398
0, 9501, 95011139, 95012398, 1139, 2398
0, 9502, 95021139, 95022398, 1139, 2398
0, 9503, 95031139, 95032398, 1139, 2398
0, 9504, 95041139, 95042398, 1139, 2398
0, 9505, 95051139, 95052398, 1139, 2398
0, 9506, 95061139, 95063168, 1139, 3168
0, 9507, 95071139, 95072398, 1139, 2398
0, 9508, 95081139, 95082398, 1139, 2398
0, 9509, 95091139, 95092398, 1139, 2398
0, 951, 9511139, 9512398, 1139, 2398
0, 9510, 95101139, 95102689, 1139, 2689
0, 9511, 95111139, 95112398, 1139, 2398
0, 9512, 95121139, 95122398, 1139, 2398
0, 9513, 95131139, 95133168, 1139, 3168
0, 9514, 95141139, 95142398, 1139, 2398
0, 9515, 95151139, 95152398, 1139, 2398
0, 9516, 95161139, 95162398, 1139, 2398
0, 9517, 95171139, 95172398, 1139, 2398
0, 9518, 95181139, 95182398, 1139, 2398
0, 9519, 95191139, 95192398, 1139, 2398
0, 952, 9521139, 9525188, 1139, 5188
0, 9520, 95201139, 95205188, 1139, 5188
0, 9521, 95211139, 95214099, 1139, 4099
0, 9522, 95221139, 95222398, 1139, 2398
0, 9523, 95231139, 95232398, 1139, 2398
0, 9524, 95241139, 95242398, 1139, 2398
0, 9525, 95251139, 95252398, 1139, 2398
0, 9526, 95261139, 95262398, 1139, 2398
0, 9527, 95271139, 95273168, 1139, 3168
0, 9528, 95281139, 95282398, 1139, 2398
0, 9529, 95291139, 95292398, 1139, 2398
0, 953, 9531139, 9534250, 1139, 4250
0, 9530, 95301139, 95302398, 1139, 2398
0, 9531, 95311139, 95312398, 1139, 2398
0, 9532, 95321139, 95322398, 1139, 2398
0, 9533, 95331139, 95332398, 1139, 2398
0, 9534, 95341139, 95343168, 1139, 3168
0, 9535, 95351139, 95352398, 1139, 2398
0, 9536, 95361139, 95362398, 1139, 2398
0, 9537, 95371139, 95372398, 1139, 2398
0, 9538, 95381139, 95382398, 1139, 2398
0, 9539, 95391139, 95392398, 1139, 2398
0, 954, 9541139, 9542398, 1139, 2398
0, 9540, 95401139, 95402398, 1139, 2398
0, 9541, 95411139, 95413168, 1139, 3168
0, 9542, 95421139, 95422398, 1139, 2398
0, 9543, 95431139, 95432398, 1139, 2398
0, 9544, 95441139, 95442398, 1139, 2398
0, 9545, 95451139, 95452398, 1139, 2398
0, 9546, 95461139, 95462398, 1139, 2398
0, 9547, 95471139, 95472398, 1139, 2398
0, 9548, 95481139, 95485165, 1139, 5165
0, 9549, 95491139, 95492398, 1139, 2398
0, 955, 9551139, 9552398, 1139, 2398
0, 9550, 95501139, 95502398, 1139, 2398
0, 9551, 95511139, 95512398, 1139, 2398
0, 9552, 95521139, 95522689, 1139, 2689
0, 9553, 95531139, 95532398, 1139, 2398
0, 9554, 95541139, 95542398, 1139, 2398
0, 9555, 95551139, 95553753, 1139, 3753
0, 9556, 95561139, 95562398, 1139, 2398
0, 9557, 95571139, 95572398, 1139, 2398
0, 9558, 95581139, 95582398, 1139, 2398
0, 9559, 95591139, 95592398, 1139, 2398
0, 956, 9561139, 9562398, 1139, 2398
0, 9560, 95601139, 95602398, 1139, 2398
0, 9561, 95611139, 95612398, 1139, 2398
0, 9562, 95621139, 95623168, 1139, 3168
0, 9563, 95631139, 95632398, 1139, 2398
0, 9564, 95641139, 95642398, 1139, 2398
0, 9565, 95651139, 95652398, 1139, 2398
0, 9566, 95661139, 95662398, 1139, 2398
0, 9567, 95671139, 95672398, 1139, 2398
0, 9568, 95681139, 95682398, 1139, 2398
0, 9569, 95691139, 95693168, 1139, 3168
0, 957, 9571139, 9572398, 1139, 2398
0, 9570, 95701139, 95702398, 1139, 2398
0, 9571, 95711139, 95712398, 1139, 2398
0, 9572, 95721139, 95722398, 1139, 2398
0, 9573, 95731139, 95732398, 1139, 2398
0, 9574, 95741139, 95742398, 1139, 2398
0, 9575, 95751139, 95752398, 1139, 2398
0, 9576, 95761139, 95765914, 1139, 5914
0, 9577, 95771139, 95774538, 1139, 4538
0, 9578, 95781139, 95782398, 1139, 2398
0, 9579, 95791139, 95792398, 1139, 2398
0, 958, 9581139, 9582398, 1139, 2398
0, 9580, 95801139, 95802398, 1139, 2398
0, 9581, 95811139, 95812398, 1139, 2398
0, 9582, 95821139, 95822398, 1139, 2398
0, 9583, 95831139, 95833168, 1139, 3168
0, 9584, 95841139, 95842398, 1139, 2398
0, 9585, 95851139, 95852398, 1139, 2398
0, 9586, 95861139, 95862398, 1139, 2398
0, 9587, 95871139, 95872398, 1139, 2398
0, 9588, 95881139, 95882398, 1139, 2398
0, 9589, 95891139, 95892398, 1139, 2398
0, 959, 9591139, 9593168, 1139, 3168
0, 9590, 95901139, 95903753, 1139, 3753
0, 9591, 95911139, 95912398, 1139, 2398
0, 9592, 95921139, 95922398, 1139, 2398
0, 9593, 95931139, 95932398, 1139, 2398
0, 9594, 95941139, 95942398, 1139, 2398
0, 9595, 95951139, 95952398, 1139, 2398
0, 9596, 95961139, 95962398, 1139, 2398
0, 9597, 95971139, 95973168, 1139, 3168
0, 9598, 95981139, 95982398, 1139, 2398
0, 9599, 95991139, 95992398, 1139, 2398
0, 96, 961139, 962398, 1139, 2398
0, 960, 9601139, 9604868, 1139, 4868
0, 9600, 96001139, 96002689, 1139, 2689
0, 9601, 96011139, 96012398, 1139, 2398
0, 9602, 96021139, 96022398, 1139, 2398
0, 9603, 96031139, 96032398, 1139, 2398
0, 9604, 96041139, 96043753, 1139, 3753
0, 9605, 96051139, 96052398, 1139, 2398
0, 9606, 96061139, 96062398, 1139, 2398
0, 9607, 96071139, 96072398, 1139, 2398
0, 9608, 96081139, 96082398, 1139, 2398
0, 9609, 96091139, 96092398, 1139, 2398
0, 961, 9611139, 9612398, 1139, 2398
0, 9610, 96101139, 96102398, 1139, 2398
0, 9611, 96111139, 96113168, 1139, 3168
0, 9612, 96121139, 96122398, 1139, 2398
0, 9613, 96131139, 96132398, 1139, 2398
0, 9614, 96141139, 96142398, 1139, 2398
0, 9615, 96151139, 96152398, 1139, 2398
0, 9616, 96161139, 96162398, 1139, 2398
0, 9617, 96171139, 96172398, 1139, 2398
0, 9618, 96181139, 96183168, 1139, 3168
0, 9619, 96191139, 96192398, 1139, 2398
0, 962, 9621139, 9622398, 1139, 2398
0, 9620, 96201139, 96202398, 1139, 2398
0, 9621, 96211139, 96212398, 1139, 2398
0, 9622, 96221139, 96222398, 1139, 2398
0, 9623, 96231139, 96232398, 1139, 2398
0, 9624, 96241139, 96242689, 1139, 2689
0, 9625, 96251139, 96253753, 1139, 3753
0, 9626, 96261139, 96262398, 1139, 2398
0, 9627, 96271139, 96272398, 1139, 2398
0, 9628, 96281139, 96282398, 1139, 2398
0, 9629, 96291139, 96292398, 1139, 2398
0, 963, 9631139, 9632398, 1139, 2398
0, 9630, 96301139, 96302398, 1139, 2398
0, 9631, 96311139, 96312398, 1139, 2398
0, 9632, 96321139, 96325188, 1139, 5188
0, 9633, 96331139, 96332398, 1139, 2398
0, 9634, 96341139, 96342398, 1139, 2398
0, 9635, 96351139, 96352398, 1139, 2398
0, 9636, 96361139, 96362398, 1139, 2398
0, 9637, 96371139, 96372398, 1139, 2398
0, 9638, 96381139, 96382398, 1139, 2398
0, 9639, 96391139, 96393168, 1139, 3168
0, 964, 9641139, 9642398, 1139, 2398
0, 9640, 96401139, 96402398, 1139, 2398
0, 9641, 96411139, 96412398, 1139, 2398
0, 9642, 96421139, 96422398, 1139, 2398
0, 9643, 96431139, 96432534, 1139, 2534
0, 9644, 96441139, 96442398, 1139, 2398
0, 9645, 96451139, 96452398, 1139, 2398
0, 9646, 96461139, 96463168, 1139, 3168
0, 9647, 96471139, 96472398, 1139, 2398
0, 9648, 96481139, 96482398, 1139, 2398
0, 9649, 96491139, 96492398, 1139, 2398
0, 965, 9651139, 9652398, 1139, 2398
0, 9650, 96501139, 96502398, 1139, 2398
0, 9651, 96511139, 96512398, 1139, 2398
0, 9652, 96521139, 96522398, 1139, 2398
0, 9653, 96531139, 96533168, 1139, 3168
0, 9654, 96541139, 96542398, 1139, 2398
0, 9655, 96551139, 96552398, 1139, 2398
0, 9656, 96561139, 96562398, 1139, 2398
0, 9657, 96571139, 96572398, 1139, 2398
0, 9658, 96581139, 96582398, 1139, 2398
0, 9659, 96591139, 96592398, 1139, 2398
0, 966, 9661139, 9663168, 1139, 3168
0, 9660, 96601139, 96604868, 1139, 4868
0, 9661, 96611139, 96612398, 1139, 2398
0, 9662, 96621139, 96622398, 1139, 2398
0, 9663, 96631139, 96632398, 1139, 2398
0, 9664, 96641139, 96642398, 1139, 2398
0, 9665, 96651139, 96652398, 1139, 2398
0, 9666, 96661139, 96662398, 1139, 2398
0, 9667, 96671139, 96673168, 1139, 3168
0, 9668, 96681139, 96682398, 1139, 2398
0, 9669, 96691139, 96692398, 1139, 2398
0, 967, 9671139, 9672398, 1139, 2398
0, 9670, 96701139, 96702398, 1139, 2398
0, 9671, 96711139, 96712398, 1139, 2398
0, 9672, 96721139, 96722398, 1139, 2398
0, 9673, 96731139, 96732398, 1139, 2398
0, 9674, 96741139, 96743168, 1139, 3168
0, 9675, 96751139, 96752398, 1139, 2398
0, 9676, 96761139, 96762398, 1139, 2398
0, 9677, 96771139, 96772398, 1139, 2398
0, 9678, 96781139, 96782398, 1139, 2398
0, 9679, 96791139, 96792398, 1139, 2398
0, 968, 9681139, 9682398, 1139, 2398
0, 9680, 96801139, 96802398, 1139, 2398
0, 9681, 96811139, 96813753, 1139, 3753
0, 9682, 96821139, 96822398, 1139, 2398
0, 9683, 96831139, 96832398, 1139, 2398
0, 9684, 96841139, 96842398, 1139, 2398
0, 9685, 96851139, 96852398, 1139, 2398
0, 9686, 96861139, 96862398, 1139, 2398
0, 9687, 96871139, 96872398, 1139, 2398
0, 9688, 96881139, 96885188, 1139, 5188
0, 9689, 96891139, 96892398, 1139, 2398
0, 969, 9691139, 9692398, 1139, 2398
0, 9690, 96901139, 96902398, 1139, 2398
0, 9691, 96911139, 96912398, 1139, 2398
0, 9692, 96921139, 96922398, 1139, 2398
0, 9693, 96931139, 96932398, 1139, 2398
0, 9694, 96941139, 96942398, 1139, 2398
0, 9695, 96951139, 96953753, 1139, 3753
0, 9696, 96961139, 96962398, 1139, 2398
0, 9697, 96971139, 96972398, 1139, 2398
0, 9698, 96981139, 96982398, 1139, 2398
0, 9699, 96991139, 96992398, 1139, 2398
0, 97, 971139, 972398, 1139, 2398
0, 970, 9701139, 9702398, 1139, 2398
0, 9700, 97001139, 97002398, 1139, 2398
0, 9701, 97011139, 97012398, 1139, 2398
0, 9702, 97021139, 97023168, 1139, 3168
0, 9703, 97031139, 97032398, 1139, 2398
0, 9704, 97041139, 97042398, 1139, 2398
0, 9705, 97051139, 97052398, 1139, 2398
0, 9706, 97061139, 97062398, 1139, 2398
0, 9707, 97071139, 97072398, 1139, 2398
0, 9708, 97081139, 97082398, 1139, 2398
0, 9709, 97091139, 97093753, 1139, 3753
0, 971, 9711139, 9712398, 1139, 2398
0, 9710, 97101139, 97102398, 1139, 2398
0, 9711, 97111139, 97112398, 1139, 2398
0, 9712, 97121139, 97122398, 1139, 2398
0, 9713, 97131139, 97132398, 1139, 2398
0, 9714, 97141139, 97142398, 1139, 2398
0, 9715, 97151139, 97152398, 1139, 2398
0, 9716, 97161139, 97163753, 1139, 3753
0, 9717, 97171139, 97172398, 1139, 2398
0, 9718, 97181139, 97182398, 1139, 2398
0, 9719, 97191139, 97192398, 1139, 2398
0, 972, 9721139, 9722398, 1139, 2398
0, 9720, 97201139, 97204166, 1139, 4166
0, 9721, 97211139, 97212398, 1139, 2398
0, 9722, 97221139, 97222398, 1139, 2398
0, 9723, 97231139, 97233168, 1139, 3168
0, 9724, 97241139, 97242398, 1139, 2398
0, 9725, 97251139, 97252398, 1139, 2398
0, 9726, 97261139, 97262398, 1139, 2398
0, 9727, 97271139, 97272398, 1139, 2398
0, 9728, 97281139, 97282398, 1139, 2398
0, 9729, 97291139, 97292398, 1139, 2398
0, 973, 9731139, 9733168, 1139, 3168
0, 9730, 97301139, 97303753, 1139, 3753
0, 9731, 97311139, 97312398, 1139, 2398
0, 9732, 97321139, 97322398, 1139, 2398
0, 9733, 97331139, 97332398, 1139, 2398
0, 9734, 97341139, 97342398, 1139, 2398
0, 9735, 97351139, 97352398, 1139, 2398
0, 9736, 97361139, 97362398, 1139, 2398
0, 9737, 97371139, 97373168, 1139, 3168
0, 9738, 97381139, 97382398, 1139, 2398
0, 9739, 97391139, 97392398, 1139, 2398
0, 974, 9741139, 9742398, 1139, 2398
0, 9740, 97401139, 97402398, 1139, 2398
0, 9741, 97411139, 97412398, 1139, 2398
0, 9742, 97421139, 97422398, 1139, 2398
0, 9743, 97431139, 97432398, 1139, 2398
0, 9744, 97441139, 97445188, 1139, 5188
0, 9745, 97451139, 97452398, 1139, 2398
0, 9746, 97461139, 97462398, 1139, 2398
0, 9747, 97471139, 97472398, 1139, 2398
0, 9748, 97481139, 97482398, 1139, 2398
0, 9749, 97491139, 97492398, 1139, 2398
0, 975, 9751139, 9752398, 1139, 2398
0, 9750, 97501139, 97502398, 1139, 2398
0, 9751, 97511139, 97513168, 1139, 3168
0, 9752, 97521139, 97522398, 1139, 2398
0, 9753, 97531139, 97532398, 1139, 2398
0, 9754, 97541139, 97542398, 1139, 2398
0, 9755, 97551139, 97552398, 1139, 2398
0, 9756, 97561139, 97562398, 1139, 2398
0, 9757, 97571139, 97572398, 1139, 2398
0, 9758, 97581139, 97583168, 1139, 3168
0, 9759, 97591139, 97592398, 1139, 2398
0, 976, 9761139, 9762398, 1139, 2398
0, 9760, 97601139, 97602398, 1139, 2398
0, 9761, 97611139, 97612398, 1139, 2398
0, 9762, 97621139, 97622398, 1139, 2398
0, 9763, 97631139, 97632398, 1139, 2398
0, 9764, 97641139, 97642398, 1139, 2398
0, 9765, 97651139, 97653753, 1139, 3753
0, 9766, 97661139, 97662398, 1139, 2398
0, 9767, 97671139, 97672398, 1139, 2398
0, 9768, 97681139, 97682398, 1139, 2398
0, 9769, 97691139, 97692398, 1139, 2398
0, 977, 9771139, 9772398, 1139, 2398
0, 9770, 97701139, 97702398, 1139, 2398
0, 9771, 97711139, 97712398, 1139, 2398
0, 9772, 97721139, 97723753, 1139, 3753
0, 9773, 97731139, 97732398, 1139, 2398
0, 9774, 97741139, 97742398, 1139, 2398
0, 9775, 97751139, 97752398, 1139, 2398
0, 9776, 97761139, 97764166, 1139, 4166
0, 9777, 97771139, 97772398, 1139, 2398
0, 9778, 97781139, 97782398, 1139, 2398
0, 9779, 97791139, 97793168, 1139, 3168
0, 978, 9781139, 9782398, 1139, 2398
0, 9780, 97801139, 97802398, 1139, 2398
0, 9781, 97811139, 97812398, 1139, 2398
0, 9782, 97821139, 97822398, 1139, 2398
0, 9783, 97831139, 97832398, 1139, 2398
0, 9784, 97841139, 97842398, 1139, 2398
0, 9785, 97851139, 97852398, 1139, 2398
0, 9786, 97861139, 97863168, 1139, 3168
0, 9787, 97871139, 97872398, 1139, 2398
0, 9788, 97881139, 97882398, 1139, 2398
0, 9789, 97891139, 97892398, 1139, 2398
0, 979, 9791139, 9792398, 1139, 2398
0, 9790, 97901139, 97902398, 1139, 2398
0, 9791, 97911139, 97912398, 1139, 2398
0, 9792, 97921139, 97922398, 1139, 2398
0, 9793, 97931139, 97933168, 1139, 3168
0, 9794, 97941139, 97942398, 1139, 2398
0, 9795, 97951139, 97952398, 1139, 2398
0, 9796, 97961139, 97962398, 1139, 2398
0, 9797, 97971139, 97972398, 1139, 2398
0, 9798, 97981139, 97982398, 1139, 2398
0, 9799, 97991139, 97992398, 1139, 2398
0, 98, 981139, 983168, 1139, 3168
0, 980, 9801139, 9804868, 1139, 4868
0, 9800, 98001139, 98005188, 1139, 5188
0, 9801, 98011139, 98012398, 1139, 2398
0, 9802, 98021139, 98022398, 1139, 2398
0, 9803, 98031139, 98032398, 1139, 2398
0, 9804, 98041139, 98042689, 1139, 2689
0, 9805, 98051139, 98052398, 1139, 2398
0, 9806, 98061139, 98062398, 1139, 2398
0, 9807, 98071139, 98073168, 1139, 3168
0, 9808, 98081139, 98082398, 1139, 2398
0, 9809, 98091139, 98092398, 1139, 2398
0, 981, 9811139, 9812398, 1139, 2398
0, 9810, 98101139, 98102398, 1139, 2398
0, 9811, 98111139, 98112398, 1139, 2398
0, 9812, 98121139, 98122398, 1139, 2398
0, 9813, 98131139, 98132398, 1139, 2398
0, 9814, 98141139, 98143753, 1139, 3753
0, 9815, 98151139, 98152398, 1139, 2398
0, 9816, 98161139, 98162398, 1139, 2398
0, 9817, 98171139, 98172398, 1139, 2398
0, 9818, 98181139, 98182398, 1139, 2398
0, 9819, 98191139, 98192398, 1139, 2398
0, 982, 9821139, 9822398, 1139, 2398
0, 9820, 98201139, 98202398, 1139, 2398
0, 9821, 98211139, 98213168, 1139, 3168
0, 9822, 98221139, 98222398, 1139, 2398
0, 9823, 98231139, 98232398, 1139, 2398
0, 9824, 98241139, 98242398, 1139, 2398
0, 9825, 98251139, 98252398, 1139, 2398
0, 9826, 98261139, 98262398, 1139, 2398
0, 9827, 98271139, 98272398, 1139, 2398
0, 9828, 98281139, 98283753, 1139, 3753
0, 9829, 98291139, 98292398, 1139, 2398
0, 983, 9831139, 9832398, 1139, 2398
0, 9830, 98301139, 98302398, 1139, 2398
0, 9831, 98311139, 98312398, 1139, 2398
0, 9832, 98321139, 98322398, 1139, 2398
0, 9833, 98331139, 98332398, 1139, 2398
0, 9834, 98341139, 98342398, 1139, 2398
0, 9835, 98351139, 98353753, 1139, 3753
0, 9836, 98361139, 98362398, 1139, 2398
0, 9837, 98371139, 98372398, 1139, 2398
0, 9838, 98381139, 98382398, 1139, 2398
0, 9839, 98391139, 98392398, 1139, 2398
0, 984, 9841139, 9842689, 1139, 2689
0, 9840, 98401139, 98402689, 1139, 2689
0, 9841, 98411139, 98412398, 1139, 2398
0, 9842, 98421139, 98423753, 1139, 3753
0, 9843, 98431139, 98432398, 1139, 2398
0, 9844, 98441139, 98442398, 1139, 2398
0, 9845, 98451139, 98452398, 1139, 2398
0, 9846, 98461139, 98462398, 1139, 2398
0, 9847, 98471139, 98472398, 1139, 2398
0, 9848, 98481139, 98482398, 1139, 2398
0, 9849, 98491139, 98493168, 1139, 3168
0, 985, 9851139, 9852398, 1139, 2398
0, 9850, 98501139, 98502398, 1139, 2398
0, 9851, 98511139, 98512398, 1139, 2398
0, 9852, 98521139, 98522398, 1139, 2398
0, 9853, 98531139, 98532398, 1139, 2398
0, 9854, 98541139, 98542398, 1139, 2398
0, 9855, 98551139, 98552398, 1139, 2398
0, 9856, 98561139, 98565188, 1139, 5188
0, 9857, 98571139, 98572398, 1139, 2398
0, 9858, 98581139, 98582398, 1139, 2398
0, 9859, 98591139, 98592398, 1139, 2398
0, 986, 9861139, 9862398, 1139, 2398
0, 9860, 98601139, 98602398, 1139, 2398
0, 9861, 98611139, 98612398, 1139, 2398
0, 9862, 98621139, 98622398, 1139, 2398
0, 9863, 98631139, 98633168, 1139, 3168
0, 9864, 98641139, 98642398, 1139, 2398
0, 9865, 98651139, 98652398, 1139, 2398
0, 9866, 98661139, 98662398, 1139, 2398
0, 9867, 98671139, 98672398, 1139, 2398
0, 9868, 98681139, 98682398, 1139, 2398
0, 9869, 98691139, 98692398, 1139, 2398
0, 987, 9871139, 9873168, 1139, 3168
0, 9870, 98701139, 98703753, 1139, 3753
0, 9871, 98711139, 98712398, 1139, 2398
0, 9872, 98721139, 98722398, 1139, 2398
0, 9873, 98731139, 98732398, 1139, 2398
0, 9874, 98741139, 98742398, 1139, 2398
0, 9875, 98751139, 98752398, 1139, 2398
0, 9876, 98761139, 98762398, 1139, 2398
0, 9877, 98771139, 98773168, 1139, 3168
0, 9878, 98781139, 98782398, 1139, 2398
0, 9879, 98791139, 98792398, 1139, 2398
0, 988, 9881139, 9882398, 1139, 2398
0, 9880, 98801139, 98804868, 1139, 4868
0, 9881, 98811139, 98813529, 1139, 3529
0, 9882, 98821139, 98822398, 1139, 2398
0, 9883, 98831139, 98832398, 1139, 2398
0, 9884, 98841139, 98843753, 1139, 3753
0, 9885, 98851139, 98852398, 1139, 2398
0, 9886, 98861139, 98862398, 1139, 2398
0, 9887, 98871139, 98872398, 1139, 2398
0, 9888, 98881139, 98882689, 1139, 2689
0, 9889, 98891139, 98892398, 1139, 2398
0, 989, 9891139, 9892398, 1139, 2398
0, 9890, 98901139, 98902398, 1139, 2398
0, 9891, 98911139, 98913168, 1139, 3168
0, 9892, 98921139, 98922398, 1139, 2398
0, 9893, 98931139, 98932398, 1139, 2398
0, 9894, 98941139, 98942398, 1139, 2398
0, 9895, 98951139, 98952398, 1139, 2398
0, 9896, 98961139, 98962398, 1139, 2398
0, 9897, 98971139, 98972398, 1139, 2398
0, 9898, 98981139, 98983168, 1139, 3168
0, 9899, 98991139, 98992398, 1139, 2398
0, 99, 991139, 992398, 1139, 2398
0, 990, 9901139, 9902398, 1139, 2398
0, 9900, 99001139, 99002398, 1139, 2398
0, 9901, 99011139, 99012398, 1139, 2398
0, 9902, 99021139, 99022398, 1139, 2398
0, 9903, 99031139, 99032398, 1139, 2398
0, 9904, 99041139, 99042398, 1139, 2398
0, 9905, 99051139, 99053753, 1139, 3753
0, 9906, 99061139, 99062398, 1139, 2398
0, 9907, 99071139, 99072398, 1139, 2398
0, 9908, 99081139, 99082398, 1139, 2398
0, 9909, 99091139, 99092398, 1139, 2398
0, 991, 9911139, 9912398, 1139, 2398
0, 9910, 99101139, 99102398, 1139, 2398
0, 9911, 99111139, 99112398, 1139, 2398
0, 9912, 99121139, 99125188, 1139, 5188
0, 9913, 99131139, 99134250, 1139, 4250
0, 9914, 99141139, 99142398, 1139, 2398
0, 9915, 99151139, 99152398, 1139, 2398
0, 9916, 99161139, 99162398, 1139, 2398
0, 9917, 99171139, 99172398, 1139, 2398
0, 9918, 99181139, 99182398, 1139, 2398
0, 9919, 99191139, 99193168, 1139, 3168
0, 992, 9921139, 9922398, 1139, 2398
0, 9920, 99201139, 99202398, 1139, 2398
0, 9921, 99211139, 99212398, 1139, 2398
0, 9922, 99221139, 99222398, 1139, 2398
0, 9923, 99231139, 99232398, 1139, 2398
0, 9924, 99241139, 99242398, 1139, 2398
0, 9925, 99251139, 99252398, 1139, 2398
0, 9926, 99261139, 99263168, 1139, 3168
0, 9927, 99271139, 99272398, 1139, 2398
0, 9928, 99281139, 99282398, 1139, 2398
0, 9929, 99291139, 99292398, 1139, 2398
0, 993, 9931139, 9932398, 1139, 2398
0, 9930, 99301139, 99302398, 1139, 2398
0, 9931, 99311139, 99312398, 1139, 2398
0, 9932, 99321139, 99322398, 1139, 2398
0, 9933, 99331139, 99333168, 1139, 3168
0, 9934, 99341139, 99342398, 1139, 2398
0, 9935, 99351139, 99352398, 1139, 2398
0, 9936, 99361139, 99362398, 1139, 2398
0, 9937, 99371139, 99372398, 1139, 2398
0, 9938, 99381139, 99382398, 1139, 2398
0, 9939, 99391139, 99392398, 1139, 2398
0, 994, 9941139, 9943168, 1139, 3168
0, 9940, 99401139, 99404868, 1139, 4868
0, 9941, 99411139, 99412398, 1139, 2398
0, 9942, 99421139, 99422398, 1139, 2398
0, 9943, 99431139, 99432398, 1139, 2398
0, 9944, 99441139, 99442398, 1139, 2398
0, 9945, 99451139, 99452398, 1139, 2398
0, 9946, 99461139, 99462398, 1139, 2398
0, 9947, 99471139, 99473753, 1139, 3753
0, 9948, 99481139, 99482398, 1139, 2398
0, 9949, 99491139, 99492398, 1139, 2398
0, 995, 9951139, 9952398, 1139, 2398
0, 9950, 99501139, 99502398, 1139, 2398
0, 9951, 99511139, 99512398, 1139, 2398
0, 9952, 99521139, 99522398, 1139, 2398
0, 9953, 99531139, 99532398, 1139, 2398
0, 9954, 99541139, 99543168, 1139, 3168
0, 9955, 99551139, 99552398, 1139, 2398
0, 9956, 99561139, 99562398, 1139, 2398
0, 9957, 99571139, 99572398, 1139, 2398
0, 9958, 99581139, 99582398, 1139, 2398
0, 9959, 99591139, 99592398, 1139, 2398
0, 996, 9961139, 9962398, 1139, 2398
0, 9960, 99601139, 99602689, 1139, 2689
0, 9961, 99611139, 99613168, 1139, 3168
0, 9962, 99621139, 99622398, 1139, 2398
0, 9963, 99631139, 99632398, 1139, 2398
0, 9964, 99641139, 99642398, 1139, 2398
0, 9965, 99651139, 99652398, 1139, 2398
0, 9966, 99661139, 99662398, 1139, 2398
0, 9967, 99671139, 99672398, 1139, 2398
0, 9968, 99681139, 99685188, 1139, 5188
0, 9969, 99691139, 99692398, 1139, 2398
0, 997, 9971139, 9972398, 1139, 2398
0, 9970, 99701139, 99702398, 1139, 2398
0, 9971, 99711139, 99712398, 1139, 2398
0, 9972, 99721139, 99722398, 1139, 2398
0, 9973, 99731139, 99732398, 1139, 2398
0, 9974, 99741139, 99742398, 1139, 2398
0, 9975, 99751139, 99754868, 1139, 4868
0, 9976, 99761139, 99762398, 1139, 2398
0, 9977, 99771139, 99772398, 1139, 2398
0, 9978, 99781139, 99782398, 1139, 2398
0, 9979, 99791139, 99792398, 1139, 2398
0, 998, 9981139, 9982631, 1139, 2631
0, 9980, 99801139, 99802398, 1139, 2398
0, 9981, 99811139, 99812398, 1139, 2398
0, 9982, 99821139, 99823168, 1139, 3168
0, 9983, 99831139, 99832398, 1139, 2398
0, 9984, 99841139, 99842398, 1139, 2398
0, 9985, 99851139, 99852398, 1139, 2398
0, 9986, 99861139, 99862398, 1139, 2398
0, 9987, 99871139, 99872398, 1139, 2398
0, 9988, 99881139, 99882398, 1139, 2398
0, 9989, 99891139, 99893168, 1139, 3168
0, 999, 9991139, 9992398, 1139, 2398
0, 9990, 99901139, 99902398, 1139, 2398
0, 9991, 99911139, 99912398, 1139, 2398
0, 9992, 99921139, 99922398, 1139, 2398
0, 9993, 99931139, 99932398, 1139, 2398
0, 9994, 99941139, 99942398, 1139, 2398
0, 9995, 99951139, 99952398, 1139, 2398
0, 9996, 99961139, 99963753, 1139, 3753
0, 9997, 99971139, 99972398, 1139, 2398
0, 9998, 99981139, 99982398, 1139, 2398
0, 9999, 99991139, 99992398, 1139, 2398
1, 0, 176, 9576, 176, 9576
1, 1, 15176, 16042, 176, 1042
1, 10, 150176, 151042, 176, 1042
1, 100, 1500176, 1501042, 176, 1042
1, 1000, 15000176, 15001042, 176, 1042
1, 10000, 150000176, 150002940, 176, 2940
1, 10001, 150015176, 150016340, 176, 1340
1, 10002, 150030176, 150031042, 176, 1042
1, 10003, 150045176, 150046812, 176, 1812
1, 10004, 150060176, 150061042, 176, 1042
1, 10005, 150075176, 150076042, 176, 1042
1, 10006, 150090176, 150091042, 176, 1042
1, 10007, 150105176, 150106042, 176, 1042
1, 10008, 150120176, 150121042, 176, 1042
1, 10009, 150135176, 150136042, 176, 1042
1, 1001, 15015176, 15016812, 176, 1812
1, 10010, 150150176, 150155258, 176, 5258
1, 10011, 150165176, 150166042, 176, 1042
1, 10012, 150180176, 150181042, 176, 1042
1, 10013, 150195176, 150196042, 176, 1042
1, 10014, 150210176, 150211042, 176, 1042
1, 10015, 150225176, 150226042, 176, 1042
1, 10016, 150240176, 150241042, 176, 1042
1, 10017, 150255176, 150256042, 176, 1042
1, 10018, 150270176, 150271042, 176, 1042
1, 10019, 150285176, 150286042, 176, 1042
1, 1002, 15030176, 15031042, 176, 1042
1, 10020, 150300176, 150301042, 176, 1042
1, 10021, 150315176, 150316042, 176, 1042
1, 10022, 150330176, 150331042, 176, 1042
1, 10023, 150345176, 150346042, 176, 1042
1, 10024, 150360176, 150364295, 176, 4295
1, 10025, 150375176, 150376042, 176, 1042
1, 10026, 150390176, 150391042, 176, 1042
1, 10027, 150405176, 150406042, 176, 1042
1, 10028, 150420176, 150421042, 176, 1042
1, 10029, 150435176, 150436042, 176, 1042
1, 1003, 15045176, 15046042, 176, 1042
1, 10030, 150450176, 150451042, 176, 1042
1, 10031, 150465176, 150466042, 176, 1042
1, 10032, 150480176, 150482940, 176, 2940
1, 10033, 150495176, 150496042, 176, 1042
1, 10034, 150510176, 150511042, 176, 1042
1, 10035, 150525176, 150526042, 176, 1042
1, 10036, 150540176, 150541042, 176, 1042
1, 10037, 150555176, 150556042, 176, 1042
1, 10038, 150570176, 150573823, 176, 3823
1, 10039, 150585176, 150586042, 176, 1042
1, 1004, 15060176, 15061042, 176, 1042
1, 10040, 150600176, 150601042, 176, 1042
1, 10041, 150615176, 150616042, 176, 1042
1, 10042, 150630176, 150631042, 176, 1042
1, 10043, 150645176, 150649464, 176, 4464
1, 10044, 150660176, 150661042, 176, 1042
1, 10045, 150675176, 150677397, 176, 2397
1, 10046, 150690176, 150691042, 176, 1042
1, 10047, 150705176, 150706042, 176, 1042
1, 10048, 150720176, 150721042, 176, 1042
1, 10049, 150735176, 150736042, 176, 1042
1, 1005, 15075176, 15076042, 176, 1042
1, 10050, 150750176, 150751042, 176, 1042
1, 10051, 150765176, 150766042, 176, 1042
1, 10052, 150780176, 150783823, 176, 3823
1, 10053, 150795176, 150796042, 176, 1042
1, 10054, 150810176, 150811042, 176, 1042
1, 10055, 150825176, 150826042, 176, 1042
1, 10056, 150840176, 150841042, 176, 1042
1, 10057, 150855176, 150856794, 176, 1794
1, 10058, 150870176, 150871042, 176, 1042
1, 10059, 150885176, 150887083, 176, 2083
1, 1006, 15090176, 15091042, 176, 1042
1, 10060, 150900176, 150901042, 176, 1042
1, 10061, 150915176, 150916042, 176, 1042
1, 10062, 150930176, 150931042, 176, 1042
1, 10063, 150945176, 150946042, 176, 1042
1, 10064, 150960176, 150965467, 176, 5467
1, 10065, 150975176, 150976042, 176, 1042
1, 10066, 150990176, 150993823, 176, 3823
1, 10067, 151005176, 151006042, 176, 1042
1, 10068, 151020176, 151021042, 176, 1042
1, 10069, 151035176, 151036042, 176, 1042
1, 1007, 15105176, 15106042, 176, 1042
1, 10070, 151050176, 151051042, 176, 1042
1, 10071, 151065176, 151066042, 176, 1042
1, 10072, 151080176, 151081042, 176, 1042
1, 10073, 151095176, 151096042, 176, 1042
1, 10074, 151110176, 151111042, 176, 1042
1, 10075, 151125176, 151126042, 176, 1042
1, 10076, 151140176, 151141042, 176, 1042
1, 10077, 151155176, 151156042, 176, 1042
1, 10078, 151170176, 151171042, 176, 1042
1, 10079, 151185176, 151186042, 176, 1042
1, 1008, 15120176, 15128487, 176, 8487
1, 10080, 151200176, 151208487, 176, 8487
1, 10081, 151215176, 151216042, 176, 1042
1, 10082, 151230176, 151231042, 176, 1042
1, 10083, 151245176, 151246042, 176, 1042
1, 10084, 151260176, 151261042, 176, 1042
1, 10085, 151275176, 151276042, 176, 1042
1, 10086, 151290176, 151291042, 176, 1042
1, 10087, 151305176, 151306042, 176, 1042
1, 10088, 151320176, 151321042, 176, 1042
1, 10089, 151335176, 151336042, 176, 1042
1, 1009, 15135176, 15136042, 176, 1042
1, 10090, 151350176, 151351042, 176, 1042
1, 10091, 151365176, 151366042, 176, 1042
1, 10092, 151380176, 151381042, 176, 1042
1, 10093, 151395176, 151396042, 176, 1042
1, 10094, 151410176, 151413823, 176, 3823
1, 10095, 151425176, 151426042, 176, 1042
1, 10096, 151440176, 151441042, 176, 1042
1, 10097, 151455176, 151456042, 176, 1042
1, 10098, 151470176, 151471042, 176, 1042
1, 10099, 151485176, 151487637, 176, 2637
1, 101, 1515176, 1516042, 176, 1042
1, 1010, 15150176, 15151042, 176, 1042
1, 10100, 151500176, 151501042, 176, 1042
1, 10101, 151515176, 151516042, 176, 1042
1, 10102, 151530176, 151531042, 176, 1042
1, 10103, 151545176, 151546042, 176, 1042
1, 10104, 151560176, 151561042, 176, 1042
1, 10105, 151575176, 151576042, 176, 1042
1, 10106, 151590176, 151591042, 176, 1042
1, 10107, 151605176, 151606042, 176, 1042
1, 10108, 151620176, 151624295, 176, 4295
1, 10109, 151635176, 151636042, 176, 1042
1, 1011, 15165176, 15166042, 176, 1042
1, 10110, 151650176, 151651042, 176, 1042
1, 10111, 151665176, 151666042, 176, 1042
1, 10112, 151680176, 151681042, 176, 1042
1, 10113, 151695176, 151696042, 176, 1042
1, 10114, 151710176, 151711042, 176, 1042
1, 10115, 151725176, 151727397, 176, 2397
1, 10116, 151740176, 151741042, 176, 1042
1, 10117, 151755176, 151756042, 176, 1042
1, 10118, 151770176, 151771042, 176, 1042
1, 10119, 151785176, 151786042, 176, 1042
1, 1012, 15180176, 15181042, 176, 1042
1, 10120, 151800176, 151802750, 176, 2750
1, 10121, 151815176, 151816042, 176, 1042
1, 10122, 151830176, 151833823, 176, 3823
1, 10123, 151845176, 151846042, 176, 1042
1, 10124, 151860176, 151861042, 176, 1042
1, 10125, 151875176, 151876042, 176, 1042
1, 10126, 151890176, 151891042, 176, 1042
1, 10127, 151905176, 151907047, 176, 2047
1, 10128, 151920176, 151921042, 176, 1042
1, 10129, 151935176, 151936042, 176, 1042
1, 1013, 15195176, 15196042, 176, 1042
1, 10130, 151950176, 151951042, 176, 1042
1, 10131, 151965176, 151966042, 176, 1042
1, 10132, 151980176, 151981042, 176, 1042
1, 10133, 151995176, 151996042, 176, 1042
1, 10134, 152010176, 152013645, 176, 3645
1, 10135, 152025176, 152026042, 176, 1042
1, 10136, 152040176, 152044295, 176, 4295
1, 10137, 152055176, 152056042, 176, 1042
1, 10138, 152070176, 152071042, 176, 1042
1, 10139, 152085176, 152086042, 176, 1042
1, 1014, 15210176, 15211042, 176, 1042
1, 10140, 152100176, 152101042, 176, 1042
1, 10141, 152115176, 152116042, 176, 1042
1, 10142, 152130176, 152131042, 176, 1042
1, 10143, 152145176, 152146042, 176, 1042
1, 10144, 152160176, 152161042, 176, 1042
1, 10145, 152175176, 152176042, 176, 1042
1, 10146, 152190176, 152191042, 176, 1042
1, 10147, 152205176, 152206042, 176, 1042
1, 10148, 152220176, 152221042, 176, 1042
1, 10149, 152235176, 152236042, 176, 1042
1, 1015, 15225176, 15226812, 176, 1812
1, 10150, 152250176, 152255258, 176, 5258
1, 10151, 152265176, 152266042, 176, 1042
1, 10152, 152280176, 152281042, 176, 1042
1, 10153, 152295176, 152296042, 176, 1042
1, 10154, 152310176, 152311042, 176, 1042
1, 10155, 152325176, 152330113, 176, 5113
1, 10156, 152340176, 152341042, 176, 1042
1, 10157, 152355176, 152356042, 176, 1042
1, 10158, 152370176, 152371042, 176, 1042
1, 10159, 152385176, 152386042, 176, 1042
1, 1016, 15240176, 15241042, 176, 1042
1, 10160, 152400176, 152402940, 176, 2940
1, 10161, 152415176, 152416042, 176, 1042
1, 10162, 152430176, 152431042, 176, 1042
1, 10163, 152445176, 152446042, 176, 1042
1, 10164, 152460176, 152463823, 176, 3823
1, 10165, 152475176, 152476042, 176, 1042
1, 10166, 152490176, 152491042, 176, 1042
1, 10167, 152505176, 152506042, 176, 1042
1, 10168, 152520176, 152521042, 176, 1042
1, 10169, 152535176, 152536042, 176, 1042
1, 1017, 15255176, 15256042, 176, 1042
1, 10170, 152550176, 152551042, 176, 1042
1, 10171, 152565176, 152567083, 176, 2083
1, 10172, 152580176, 152581042, 176, 1042
1, 10173, 152595176, 152596042, 176, 1042
1, 10174, 152610176, 152611042, 176, 1042
1, 10175, 152625176, 152626042, 176, 1042
1, 10176, 152640176, 152642750, 176, 2750
1, 10177, 152655176, 152656042, 176, 1042
1, 10178, 152670176, 152675282, 176, 5282
1, 10179, 152685176, 152686042, 176, 1042
1, 1018, 15270176, 15271042, 176, 1042
1, 10180, 152700176, 152701042, 176, 1042
1, 10181, 152715176, 152716042, 176, 1042
1, 10182, 152730176, 152731042, 176, 1042
1, 10183, 152745176, 152746042, 176, 1042
1, 10184, 152760176, 152761042, 176, 1042
1, 10185, 152775176, 152776812, 176, 1812
1, 10186, 152790176, 152791042, 176, 1042
1, 10187, 152805176, 152806042, 176, 1042
1, 10188, 152820176, 152821042, 176, 1042
1, 10189, 152835176, 152836042, 176, 1042
1, 1019, 15285176, 15286042, 176, 1042
1, 10190, 152850176, 152851042, 176, 1042
1, 10191, 152865176, 152866042, 176, 1042
1, 10192, 152880176, 152888487, 176, 8487
1, 10193, 152895176, 152896042, 176, 1042
1, 10194, 152910176, 152911042, 176, 1042
1, 10195, 152925176, 152926042, 176, 1042
1, 10196, 152940176, 152941042, 176, 1042
1, 10197, 152955176, 152958169, 176, 3169
1, 10198, 152970176, 152971042, 176, 1042
1, 10199, 152985176, 152986042, 176, 1042
1, 102, 1530176, 1531042, 176, 1042
1, 1020, 15300176, 15302750, 176, 2750
1, 10200, 153000176, 153001042, 176, 1042
1, 10201, 153015176, 153016042, 176, 1042
1, 10202, 153030176, 153031042, 176, 1042
1, 10203, 153045176, 153046042, 176, 1042
1, 10204, 153060176, 153061042, 176, 1042
1, 10205, 153075176, 153076042, 176, 1042
1, 10206, 153090176, 153093823, 176, 3823
1, 10207, 153105176, 153106042, 176, 1042
1, 10208, 153120176, 153121042, 176, 1042
1, 10209, 153135176, 153136042, 176, 1042
1, 1021, 15315176, 15316042, 176, 1042
1, 10210, 153150176, 153151042, 176, 1042
1, 10211, 153165176, 153167637, 176, 2637
1, 10212, 153180176, 153181042, 176, 1042
1, 10213, 153195176, 153196042, 176, 1042
1, 10214, 153210176, 153211042, 176, 1042
1, 10215, 153225176, 153226042, 176, 1042
1, 10216, 153240176, 153241042, 176, 1042
1, 10217, 153255176, 153256042, 176, 1042
1, 10218, 153270176, 153271042, 176, 1042
1, 10219, 153285176, 153286042, 176, 1042
1, 1022, 15330176, 15333823, 176, 3823
1, 10220, 153300176, 153305258, 176, 5258
1, 10221, 153315176, 153316042, 176, 1042
1, 10222, 153330176, 153331042, 176, 1042
1, 10223, 153345176, 153346042, 176, 1042
1, 10224, 153360176, 153361042, 176, 1042
1, 10225, 153375176, 153376042, 176, 1042
1, 10226, 153390176, 153391042, 176, 1042
1, 10227, 153405176, 153406812, 176, 1812
1, 10228, 153420176, 153421042, 176, 1042
1, 10229, 153435176, 153436042, 176, 1042
1, 1023, 15345176, 15346042, 176, 1042
1, 10230, 153450176, 153451042, 176, 1042
1, 10231, 153465176, 153466042, 176, 1042
1, 10232, 153480176, 153481042, 176, 1042
1, 10233, 153495176, 153496042, 176, 1042
1, 10234, 153510176, 153513823, 176, 3823
1, 10235, 153525176, 153527083, 176, 2083
1, 10236, 153540176, 153541042, 176, 1042
1, 10237, 153555176, 153556042, 176, 1042
1, 10238, 153570176, 153571042, 176, 1042
1, 10239, 153585176, 153586042, 176, 1042
1, 1024, 15360176, 15361042, 176, 1042
1, 10240, 153600176, 153602940, 176, 2940
1, 10241, 153615176, 153616812, 176, 1812
1, 10242, 153630176, 153631042, 176, 1042
1, 10243, 153645176, 153646042, 176, 1042
1, 10244, 153660176, 153661042, 176, 1042
1, 10245, 153675176, 153676042, 176, 1042
1, 10246, 153690176, 153691042, 176, 1042
1, 10247, 153705176, 153706042, 176, 1042
1, 10248, 153720176, 153724295, 176, 4295
1, 10249, 153735176, 153736042, 176, 1042
1, 1025, 15375176, 15376042, 176, 1042
1, 10250, 153750176, 153751042, 176, 1042
1, 10251, 153765176, 153766042, 176, 1042
1, 10252, 153780176, 153781042, 176, 1042
1, 10253, 153795176, 153796042, 176, 1042
1, 10254, 153810176, 153811042, 176, 1042
1, 10255, 153825176, 153826812, 176, 1812
1, 10256, 153840176, 153841042, 176, 1042
1, 10257, 153855176, 153856042, 176, 1042
1, 10258, 153870176, 153871042, 176, 1042
1, 10259, 153885176, 153886042, 176, 1042
1, 1026, 15390176, 15391042, 176, 1042
1, 10260, 153900176, 153902750, 176, 2750
1, 10261, 153915176, 153916042, 176, 1042
1, 10262, 153930176, 153933823, 176, 3823
1, 10263, 153945176, 153946042, 176, 1042
1, 10264, 153960176, 153961042, 176, 1042
1, 10265, 153975176, 153976042, 176, 1042
1, 10266, 153990176, 153991042, 176, 1042
1, 10267, 154005176, 154018793, 176, 13793
1, 10268, 154020176, 154021042, 176, 1042
1, 10269, 154035176, 154036042, 176, 1042
1, 1027, 15405176, 15408588, 176, 3588
1, 10270, 154050176, 154051042, 176, 1042
1, 10271, 154065176, 154066042, 176, 1042
1, 10272, 154080176, 154081042, 176, 1042
1, 10273, 154095176, 154096042, 176, 1042
1, 10274, 154110176, 154111042, 176, 1042
1, 10275, 154125176, 154126042, 176, 1042
1, 10276, 154140176, 154143823, 176, 3823
1, 10277, 154155176, 154156042, 176, 1042
1, 10278, 154170176, 154171042, 176, 1042
1, 10279, 154185176, 154186042, 176, 1042
1, 1028, 15420176, 15421042, 176, 1042
1, 10280, 154200176, 154201042, 176, 1042
1, 10281, 154215176, 154216042, 176, 1042
1, 10282, 154230176, 154231042, 176, 1042
1, 10283, 154245176, 154247083, 176, 2083
1, 10284, 154260176, 154261042, 176, 1042
1, 10285, 154275176, 154276042, 176, 1042
1, 10286, 154290176, 154291042, 176, 1042
1, 10287, 154305176, 154306042, 176, 1042
1, 10288, 154320176, 154322750, 176, 2750
1, 10289, 154335176, 154336042, 176, 1042
1, 1029, 15435176, 15436042, 176, 1042
1, 10290, 154350176, 154355258, 176, 5258
1, 10291, 154365176, 154366042, 176, 1042
1, 10292, 154380176, 154381042, 176, 1042
1, 10293, 154395176, 154396042, 176, 1042
1, 10294, 154410176, 154411042, 176, 1042
1, 10295, 154425176, 154426042, 176, 1042
1, 10296, 154440176, 154441042, 176, 1042
1, 10297, 154455176, 154456042, 176, 1042
1, 10298, 154470176, 154471042, 176, 1042
1, 10299, 154485176, 154486042, 176, 1042
1, 103, 1545176, 1546042, 176, 1042
1, 1030, 15450176, 15451042, 176, 1042
1, 10300, 154500176, 154501042, 176, 1042
1, 10301, 154515176, 154516042, 176, 1042
1, 10302, 154530176, 154531042, 176, 1042
1, 10303, 154545176, 154546042, 176, 1042
1, 10304, 154560176, 154568487, 176, 8487
1, 10305, 154575176, 154576042, 176, 1042
1, 10306, 154590176, 154591042, 176, 1042
1, 10307, 154605176, 154606042, 176, 1042
1, 10308, 154620176, 154621042, 176, 1042
1, 10309, 154635176, 154636042, 176, 1042
1, 1031, 15465176, 15466042, 176, 1042
1, 10310, 154650176, 154651042, 176, 1042
1, 10311, 154665176, 154666812, 176, 1812
1, 10312, 154680176, 154681042, 176, 1042
1, 10313, 154695176, 154696042, 176, 1042
1, 10314, 154710176, 154711042, 176, 1042
1, 10315, 154725176, 154726042, 176, 1042
1, 10316, 154740176, 154741042, 176, 1042
1, 10317, 154755176, 154756042, 176, 1042
1, 10318, 154770176, 154773823, 176, 3823
1, 10319, 154785176, 154786042, 176, 1042
1, 1032, 15480176, 15481042, 176, 1042
1, 10320, 154800176, 154802940, 176, 2940
1, 10321, 154815176, 154816042, 176, 1042
1, 10322, 154830176, 154831042, 176, 1042
1, 10323, 154845176, 154847637, 176, 2637
1, 10324, 154860176, 154861042, 176, 1042
1, 10325, 154875176, 154876812, 176, 1812
1, 10326, 154890176, 154891042, 176, 1042
1, 10327, 154905176, 154906042, 176, 1042
1, 10328, 154920176, 154921042, 176, 1042
1, 10329, 154935176, 154936042, 176, 1042
1, 1033, 15495176, 15496042, 176, 1042
1, 10330, 154950176, 154952750, 176, 2750
1, 10331, 154965176, 154966042, 176, 1042
1, 10332, 154980176, 154983823, 176, 3823
1, 10333, 154995176, 154996042, 176, 1042
1, 10334, 155010176, 155011042, 176, 1042
1, 10335, 155025176, 155026042, 176, 1042
1, 10336, 155040176, 155042940, 176, 2940
1, 10337, 155055176, 155056794, 176, 1794
1, 10338, 155070176, 155071042, 176, 1042
1, 10339, 155085176, 155086812, 176, 1812
1, 1034, 15510176, 15511042, 176, 1042
1, 10340, 155100176, 155101042, 176, 1042
1, 10341, 155115176, 155116042, 176, 1042
1, 10342, 155130176, 155131042, 176, 1042
1, 10343, 155145176, 155146042, 176, 1042
1, 10344, 155160176, 155161042, 176, 1042
1, 10345, 155175176, 155176042, 176, 1042
1, 10346, 155190176, 155193823, 176, 3823
1, 10347, 155205176, 155206042, 176, 1042
1, 10348, 155220176, 155221042, 176, 1042
1, 10349, 155235176, 155236042, 176, 1042
1, 1035, 15525176, 15526042, 176, 1042
1, 10350, 155250176, 155251042, 176, 1042
1, 10351, 155265176, 155266042, 176, 1042
1, 10352, 155280176, 155281042, 176, 1042
1, 10353, 155295176, 155296042, 176, 1042
1, 10354, 155310176, 155311042, 176, 1042
1, 10355, 155325176, 155326042, 176, 1042
1, 10356, 155340176, 155341042, 176, 1042
1, 10357, 155355176, 155356042, 176, 1042
1, 10358, 155370176, 155371042, 176, 1042
1, 10359, 155385176, 155386042, 176, 1042
1, 1036, 15540176, 15543823, 176, 3823
1, 10360, 155400176, 155405410, 176, 5410
1, 10361, 155415176, 155416042, 176, 1042
1, 10362, 155430176, 155431042, 176, 1042
1, 10363, 155445176, 155446042, 176, 1042
1, 10364, 155460176, 155461042, 176, 1042
1, 10365, 155475176, 155476042, 176, 1042
1, 10366, 155490176, 155491042, 176, 1042
1, 10367, 155505176, 155506042, 176, 1042
1, 10368, 155520176, 155522940, 176, 2940
1, 10369, 155535176, 155536042, 176, 1042
1, 1037, 15555176, 15556042, 176, 1042
1, 10370, 155550176, 155551042, 176, 1042
1, 10371, 155565176, 155566042, 176, 1042
1, 10372, 155580176, 155581042, 176, 1042
1, 10373, 155595176, 155596042, 176, 1042
1, 10374, 155610176, 155614295, 176, 4295
1, 10375, 155625176, 155626042, 176, 1042
1, 10376, 155640176, 155641042, 176, 1042
1, 10377, 155655176, 155656042, 176, 1042
1, 10378, 155670176, 155671042, 176, 1042
1, 10379, 155685176, 155689464, 176, 4464
1, 1038, 15570176, 15571042, 176, 1042
1, 10380, 155700176, 155701042, 176, 1042
1, 10381, 155715176, 155716042, 176, 1042
1, 10382, 155730176, 155731042, 176, 1042
1, 10383, 155745176, 155746042, 176, 1042
1, 10384, 155760176, 155761042, 176, 1042
1, 10385, 155775176, 155776042, 176, 1042
1, 10386, 155790176, 155791042, 176, 1042
1, 10387, 155805176, 155806042, 176, 1042
1, 10388, 155820176, 155823823, 176, 3823
1, 10389, 155835176, 155836042, 176, 1042
1, 1039, 15585176, 15586042, 176, 1042
1, 10390, 155850176, 155851042, 176, 1042
1, 10391, 155865176, 155866042, 176, 1042
1, 10392, 155880176, 155881042, 176, 1042
1, 10393, 155895176, 155896042, 176, 1042
1, 10394, 155910176, 155911042, 176, 1042
1, 10395, 155925176, 155927397, 176, 2397
1, 10396, 155940176, 155941042, 176, 1042
1, 10397, 155955176, 155956042, 176, 1042
1, 10398, 155970176, 155971042, 176, 1042
1, 10399, 155985176, 155986042, 176, 1042
1, 104, 1560176, 1561042, 176, 1042
1, 1040, 15600176, 15602940, 176, 2940
1, 10400, 156000176, 156006666, 176, 6666
1, 10401, 156015176, 156016042, 176, 1042
1, 10402, 156030176, 156033823, 176, 3823
1, 10403, 156045176, 156046042, 176, 1042
1, 10404, 156060176, 156061042, 176, 1042
1, 10405, 156075176, 156076042, 176, 1042
1, 10406, 156090176, 156091042, 176, 1042
1, 10407, 156105176, 156106794, 176, 1794
1, 10408, 156120176, 156121042, 176, 1042
1, 10409, 156135176, 156136042, 176, 1042
1, 1041, 15615176, 15616042, 176, 1042
1, 10410, 156150176, 156151042, 176, 1042
1, 10411, 156165176, 156166042, 176, 1042
1, 10412, 156180176, 156181042, 176, 1042
1, 10413, 156195176, 156196042, 176, 1042
1, 10414, 156210176, 156211042, 176, 1042
1, 10415, 156225176, 156226042, 176, 1042
1, 10416, 156240176, 156248487, 176, 8487
1, 10417, 156255176, 156256042, 176, 1042
1, 10418, 156270176, 156271042, 176, 1042
1, 10419, 156285176, 156286042, 176, 1042
1, 1042, 15630176, 15631042, 176, 1042
1, 10420, 156300176, 156301042, 176, 1042
1, 10421, 156315176, 156316042, 176, 1042
1, 10422, 156330176, 156331042, 176, 1042
1, 10423, 156345176, 156346042, 176, 1042
1, 10424, 156360176, 156361042, 176, 1042
1, 10425, 156375176, 156376042, 176, 1042
1, 10426, 156390176, 156391042, 176, 1042
1, 10427, 156405176, 156406042, 176, 1042
1, 10428, 156420176, 156421042, 176, 1042
1, 10429, 156435176, 156436042, 176, 1042
1, 1043, 15645176, 15646812, 176, 1812
1, 10430, 156450176, 156455258, 176, 5258
1, 10431, 156465176, 156466042, 176, 1042
1, 10432, 156480176, 156481042, 176, 1042
1, 10433, 156495176, 156496042, 176, 1042
1, 10434, 156510176, 156511042, 176, 1042
1, 10435, 156525176, 156528588, 176, 3588
1, 10436, 156540176, 156541042, 176, 1042
1, 10437, 156555176, 156556042, 176, 1042
1, 10438, 156570176, 156571042, 176, 1042
1, 10439, 156585176, 156586042, 176, 1042
1, 1044, 15660176, 15661042, 176, 1042
1, 10440, 156600176, 156601042, 176, 1042
1, 10441, 156615176, 156616042, 176, 1042
1, 10442, 156630176, 156631042, 176, 1042
1, 10443, 156645176, 156646042, 176, 1042
1, 10444, 156660176, 156665282, 176, 5282
1, 10445, 156675176, 156676042, 176, 1042
1, 10446, 156690176, 156691042, 176, 1042
1, 10447, 156705176, 156706042, 176, 1042
1, 10448, 156720176, 156721042, 176, 1042
1, 10449, 156735176, 156736042, 176, 1042
1, 1045, 15675176, 15676042, 176, 1042
1, 10450, 156750176, 156751042, 176, 1042
1, 10451, 156765176, 156766812, 176, 1812
1, 10452, 156780176, 156781042, 176, 1042
1, 10453, 156795176, 156796042, 176, 1042
1, 10454, 156810176, 156811042, 176, 1042
1, 10455, 156825176, 156826042, 176, 1042
1, 10456, 156840176, 156841042, 176, 1042
1, 10457, 156855176, 156856042, 176, 1042
1, 10458, 156870176, 156873823, 176, 3823
1, 10459, 156885176, 156886042, 176, 1042
1, 1046, 15690176, 15691042, 176, 1042
1, 10460, 156900176, 156901042, 176, 1042
1, 10461, 156915176, 156916042, 176, 1042
1, 10462, 156930176, 156931042, 176, 1042
1, 10463, 156945176, 156947396, 176, 2396
1, 10464, 156960176, 156961042, 176, 1042
1, 10465, 156975176, 156976812, 176, 1812
1, 10466, 156990176, 156991042, 176, 1042
1, 10467, 157005176, 157006042, 176, 1042
1, 10468, 157020176, 157021042, 176, 1042
1, 10469, 157035176, 157036042, 176, 1042
1, 1047, 15705176, 15706042, 176, 1042
1, 10470, 157050176, 157051042, 176, 1042
1, 10471, 157065176, 157066042, 176, 1042
1, 10472, 157080176, 157084295, 176, 4295
1, 10473, 157095176, 157096042, 176, 1042
1, 10474, 157110176, 157111042, 176, 1042
1, 10475, 157125176, 157126042, 176, 1042
1, 10476, 157140176, 157141042, 176, 1042
1, 10477, 157155176, 157156794, 176, 1794
1, 10478, 157170176, 157171042, 176, 1042
1, 10479, 157185176, 157186042, 176, 1042
1, 1048, 15720176, 15721042, 176, 1042
1, 10480, 157200176, 157202940, 176, 2940
1, 10481, 157215176, 157216042, 176, 1042
1, 10482, 157230176, 157231042, 176, 1042
1, 10483, 157245176, 157246042, 176, 1042
1, 10484, 157260176, 157261042, 176, 1042
1, 10485, 157275176, 157276042, 176, 1042
1, 10486, 157290176, 157293823, 176, 3823
1, 10487, 157305176, 157306042, 176, 1042
1, 10488, 157320176, 157321042, 176, 1042
1, 10489, 157335176, 157336042, 176, 1042
1, 1049, 15735176, 15736042, 176, 1042
1, 10490, 157350176, 157351042, 176, 1042
1, 10491, 157365176, 157369464, 176, 4464
1, 10492, 157380176, 157381042, 176, 1042
1, 10493, 157395176, 157396042, 176, 1042
1, 10494, 157410176, 157411042, 176, 1042
1, 10495, 157425176, 157426042, 176, 1042
1, 10496, 157440176, 157441042, 176, 1042
1, 10497, 157455176, 157456042, 176, 1042
1, 10498, 157470176, 157471042, 176, 1042
1, 10499, 157485176, 157486042, 176, 1042
1, 105, 1575176, 1576812, 176, 1812
1, 1050, 15750176, 15755258, 176, 5258
1, 10500, 157500176, 157505258, 176, 5258
1, 10501, 157515176, 157516042, 176, 1042
1, 10502, 157530176, 157531042, 176, 1042
1, 10503, 157545176, 157546042, 176, 1042
1, 10504, 157560176, 157561042, 176, 1042
1, 10505, 157575176, 157576042, 176, 1042
1, 10506, 157590176, 157591042, 176, 1042
1, 10507, 157605176, 157607397, 176, 2397
1, 10508, 157620176, 157621042, 176, 1042
1, 10509, 157635176, 157636042, 176, 1042
1, 1051, 15765176, 15766042, 176, 1042
1, 10510, 157650176, 157651042, 176, 1042
1, 10511, 157665176, 157666042, 176, 1042
1, 10512, 157680176, 157682493, 176, 2493
1, 10513, 157695176, 157696042, 176, 1042
1, 10514, 157710176, 157713823, 176, 3823
1, 10515, 157725176, 157726042, 176, 1042
1, 10516, 157740176, 157741042, 176, 1042
1, 10517, 157755176, 157756042, 176, 1042
1, 10518, 157770176, 157771042, 176, 1042
1, 10519, 157785176, 157786042, 176, 1042
1, 1052, 15780176, 15781042, 176, 1042
1, 10520, 157800176, 157802940, 176, 2940
1, 10521, 157815176, 157816042, 176, 1042
1, 10522, 157830176, 157831042, 176, 1042
1, 10523, 157845176, 157846042, 176, 1042
1, 10524, 157860176, 157861042, 176, 1042
1, 10525, 157875176, 157876042, 176, 1042
1, 10526, 157890176, 157891042, 176, 1042
1, 10527, 157905176, 157906042, 176, 1042
1, 10528, 157920176, 157928487, 176, 8487
1, 10529, 157935176, 157936042, 176, 1042
1, 1053, 15795176, 15796042, 176, 1042
1, 10530, 157950176, 157951042, 176, 1042
1, 10531, 157965176, 157966042, 176, 1042
1, 10532, 157980176, 157981042, 176, 1042
1, 10533, 157995176, 157996340, 176, 1340
1, 10534, 158010176, 158011042, 176, 1042
1, 10535, 158025176, 158026812, 176, 1812
1, 10536, 158040176, 158041042, 176, 1042
1, 10537, 158055176, 158056042, 176, 1042
1, 10538, 158070176, 158071042, 176, 1042
1, 10539, 158085176, 158086042, 176, 1042
1, 1054, 15810176, 15811042, 176, 1042
1, 10540, 158100176, 158101042, 176, 1042
1, 10541, 158115176, 158116042, 176, 1042
1, 10542, 158130176, 158133823, 176, 3823
1, 10543, 158145176, 158146042, 176, 1042
1, 10544, 158160176, 158161042, 176, 1042
1, 10545, 158175176, 158176042, 176, 1042
1, 10546, 158190176, 158191042, 176, 1042
1, 10547, 158205176, 158208588, 176, 3588
1, 10548, 158220176, 158221042, 176, 1042
1, 10549, 158235176, 158236042, 176, 1042
1, 1055, 15825176, 15826042, 176, 1042
1, 10550, 158250176, 158251042, 176, 1042
1, 10551, 158265176, 158266042, 176, 1042
1, 10552, 158280176, 158281042, 176, 1042
1, 10553, 158295176, 158296042, 176, 1042
1, 10554, 158310176, 158311042, 176, 1042
1, 10555, 158325176, 158326042, 176, 1042
1, 10556, 158340176, 158343823, 176, 3823
1, 10557, 158355176, 158356042, 176, 1042
1, 10558, 158370176, 158371042, 176, 1042
1, 10559, 158385176, 158386042, 176, 1042
1, 1056, 15840176, 15841042, 176, 1042
1, 10560, 158400176, 158402940, 176, 2940
1, 10561, 158415176, 158416042, 176, 1042
1, 10562, 158430176, 158431042, 176, 1042
1, 10563, 158445176, 158446812, 176, 1812
1, 10564, 158460176, 158461042, 176, 1042
1, 10565, 158475176, 158476042, 176, 1042
1, 10566, 158490176, 158491042, 176, 1042
1, 10567, 158505176, 158506042, 176, 1042
1, 10568, 158520176, 158521042, 176, 1042
1, 10569, 158535176, 158536042, 176, 1042
1, 1057, 15855176, 15856042, 176, 1042
1, 10570, 158550176, 158555258, 176, 5258
1, 10571, 158565176, 158566042, 176, 1042
1, 10572, 158580176, 158581042, 176, 1042
1, 10573, 158595176, 158596042, 176, 1042
1, 10574, 158610176, 158611042, 176, 1042
1, 10575, 158625176, 158626042, 176, 1042
1, 10576, 158640176, 158641042, 176, 1042
1, 10577, 158655176, 158656812, 176, 1812
1, 10578, 158670176, 158671042, 176, 1042
1, 10579, 158685176, 158686042, 176, 1042
1, 1058, 15870176, 15871042, 176, 1042
1, 10580, 158700176, 158701042, 176, 1042
1, 10581, 158715176, 158716042, 176, 1042
1, 10582, 158730176, 158731042, 176, 1042
1, 10583, 158745176, 158746042, 176, 1042
1, 10584, 158760176, 158764295, 176, 4295
1, 10585, 158775176, 158776042, 176, 1042
1, 10586, 158790176, 158791042, 176, 1042
1, 10587, 158805176, 158806042, 176, 1042
1, 10588, 158820176, 158821042, 176, 1042
1, 10589, 158835176, 158836042, 176, 1042
1, 1059, 15885176, 15886042, 176, 1042
1, 10590, 158850176, 158851042, 176, 1042
1, 10591, 158865176, 158866042, 176, 1042
1, 10592, 158880176, 158881042, 176, 1042
1, 10593, 158895176, 158896042, 176, 1042
1, 10594, 158910176, 158911042, 176, 1042
1, 10595, 158925176, 158926042, 176, 1042
1, 10596, 158940176, 158941042, 176, 1042
1, 10597, 158955176, 158956042, 176, 1042
1, 10598, 158970176, 158973823, 176, 3823
1, 10599, 158985176, 158986042, 176, 1042
1, 106, 1590176, 1591042, 176, 1042
1, 1060, 15900176, 15901042, 176, 1042
1, 10600, 159000176, 159001042, 176, 1042
1, 10601, 159015176, 159016042, 176, 1042
1, 10602, 159030176, 159031042, 176, 1042
1, 10603, 159045176, 159049464, 176, 4464
1, 10604, 159060176, 159061042, 176, 1042
1, 10605, 159075176, 159076812, 176, 1812
1, 10606, 159090176, 159091042, 176, 1042
1, 10607, 159105176, 159106042, 176, 1042
1, 10608, 159120176, 159121042, 176, 1042
1, 10609, 159135176, 159136042, 176, 1042
1, 1061, 15915176, 15916042, 176, 1042
1, 10610, 159150176, 159151042, 176, 1042
1, 10611, 159165176, 159166042, 176, 1042
1, 10612, 159180176, 159183823, 176, 3823
1, 10613, 159195176, 159196042, 176, 1042
1, 10614, 159210176, 159211042, 176, 1042
1, 10615, 159225176, 159226042, 176, 1042
1, 10616, 159240176, 159241042, 176, 1042
1, 10617, 159255176, 159256794, 176, 1794
1, 10618, 159270176, 159271042, 176, 1042
1, 10619, 159285176, 159287083, 176, 2083
1, 1062, 15930176, 15931042, 176, 1042
1, 10620, 159300176, 159301042, 176, 1042
1, 10621, 159315176, 159316042, 176, 1042
1, 10622, 159330176, 159331042, 176, 1042
1, 10623, 159345176, 159346042, 176, 1042
1, 10624, 159360176, 159362750, 176, 2750
1, 10625, 159375176, 159376042, 176, 1042
1, 10626, 159390176, 159393823, 176, 3823
1, 10627, 159405176, 159406042, 176, 1042
1, 10628, 159420176, 159421042, 176, 1042
1, 10629, 159435176, 159436042, 176, 1042
1, 1063, 15945176, 15946042, 176, 1042
1, 10630, 159450176, 159451042, 176, 1042
1, 10631, 159465176, 159466042, 176, 1042
1, 10632, 159480176, 159481042, 176, 1042
1, 10633, 159495176, 159496042, 176, 1042
1, 10634, 159510176, 159511042, 176, 1042
1, 10635, 159525176, 159526042, 176, 1042
1, 10636, 159540176, 159541042, 176, 1042
1, 10637, 159555176, 159556042, 176, 1042
1, 10638, 159570176, 159571042, 176, 1042
1, 10639, 159585176, 159586042, 176, 1042
1, 1064, 15960176, 15969576, 176, 9576
1, 1065, 15975176, 15976042, 176, 1042
1, 1066, 15990176, 15991042, 176, 1042
1, 1067, 16005176, 16006042, 176, 1042
1, 1068, 16020176, 16021042, 176, 1042
1, 1069, 16035176, 16036042, 176, 1042
1, 107, 1605176, 1606042, 176, 1042
1, 1070, 16050176, 16051042, 176, 1042
1, 1071, 16065176, 16066042, 176, 1042
1, 1072, 16080176, 16081042, 176, 1042
1, 1073, 16095176, 16096042, 176, 1042
1, 1074, 16110176, 16111042, 176, 1042
1, 1075, 16125176, 16126042, 176, 1042
1, 1076, 16140176, 16141042, 176, 1042
1, 1077, 16155176, 16156042, 176, 1042
1, 1078, 16170176, 16173823, 176, 3823
1, 1079, 16185176, 16186042, 176, 1042
1, 108, 1620176, 1621042, 176, 1042
1, 1080, 16200176, 16201042, 176, 1042
1, 1081, 16215176, 16216042, 176, 1042
1, 1082, 16230176, 16231042, 176, 1042
1, 1083, 16245176, 16249558, 176, 4558
1, 1084, 16260176, 16261042, 176, 1042
1, 1085, 16275176, 16276812, 176, 1812
1, 1086, 16290176, 16291042, 176, 1042
1, 1087, 16305176, 16306042, 176, 1042
1, 1088, 16320176, 16321042, 176, 1042
1, 1089, 16335176, 16336042, 176, 1042
1, 109, 1635176, 1636042, 176, 1042
1, 1090, 16350176, 16351042, 176, 1042
1, 1091, 16365176, 16366042, 176, 1042
1, 1092, 16380176, 16383823, 176, 3823
1, 1093, 16395176, 16396042, 176, 1042
1, 1094, 16410176, 16411042, 176, 1042
1, 1095, 16425176, 16426042, 176, 1042
1, 1096, 16440176, 16441042, 176, 1042
1, 1097, 16455176, 16456794, 176, 1794
1, 1098, 16470176, 16471042, 176, 1042
1, 1099, 16485176, 16487083, 176, 2083
1, 11, 165176, 166042, 176, 1042
1, 110, 1650176, 1651042, 176, 1042
1, 1100, 16500176, 16501042, 176, 1042
1, 1101, 16515176, 16516042, 176, 1042
1, 1102, 16530176, 16531042, 176, 1042
1, 1103, 16545176, 16546042, 176, 1042
1, 1104, 16560176, 16562750, 176, 2750
1, 1105, 16575176, 16576042, 176, 1042
1, 1106, 16590176, 16593823, 176, 3823
1, 1107, 16605176, 16606042, 176, 1042
1, 1108, 16620176, 16621042, 176, 1042
1, 1109, 16635176, 16636042, 176, 1042
1, 111, 1665176, 1666042, 176, 1042
1, 1110, 16650176, 16651042, 176, 1042
1, 1111, 16665176, 16666042, 176, 1042
1, 1112, 16680176, 16681042, 176, 1042
1, 1113, 16695176, 16696042, 176, 1042
1, 1114, 16710176, 16711042, 176, 1042
1, 1115, 16725176, 16727083, 176, 2083
1, 1116, 16740176, 16741042, 176, 1042
1, 1117, 16755176, 16756042, 176, 1042
1, 1118, 16770176, 16771042, 176, 1042
1, 1119, 16785176, 16786042, 176, 1042
1, 112, 1680176, 1688487, 176, 8487
1, 1120, 16800176, 16808487, 176, 8487
1, 1121, 16815176, 16816042, 176, 1042
1, 1122, 16830176, 16831042, 176, 1042
1, 1123, 16845176, 16846042, 176, 1042
1, 1124, 16860176, 16861042, 176, 1042
1, 1125, 16875176, 16876042, 176, 1042
1, 1126, 16890176, 16891042, 176, 1042
1, 1127, 16905176, 16906042, 176, 1042
1, 1128, 16920176, 16921042, 176, 1042
1, 1129, 16935176, 16936042, 176, 1042
1, 113, 1695176, 1696042, 176, 1042
1, 1130, 16950176, 16951042, 176, 1042
1, 1131, 16965176, 16966042, 176, 1042
1, 1132, 16980176, 16981042, 176, 1042
1, 1133, 16995176, 16996042, 176, 1042
1, 1134, 17010176, 17015282, 176, 5282
1, 1135, 17025176, 17026042, 176, 1042
1, 1136, 17040176, 17041042, 176, 1042
1, 1137, 17055176, 17056042, 176, 1042
1, 1138, 17070176, 17071042, 176, 1042
1, 1139, 17085176, 17087637, 176, 2637
1, 114, 1710176, 1711042, 176, 1042
1, 1140, 17100176, 17101042, 176, 1042
1, 1141, 17115176, 17116042, 176, 1042
1, 1142, 17130176, 17131042, 176, 1042
1, 1143, 17145176, 17146042, 176, 1042
1, 1144, 17160176, 17161042, 176, 1042
1, 1145, 17175176, 17176042, 176, 1042
1, 1146, 17190176, 17191042, 176, 1042
1, 1147, 17205176, 17206042, 176, 1042
1, 1148, 17220176, 17223823, 176, 3823
1, 1149, 17235176, 17236042, 176, 1042
1, 115, 1725176, 1726042, 176, 1042
1, 1150, 17250176, 17251042, 176, 1042
1, 1151, 17265176, 17266042, 176, 1042
1, 1152, 17280176, 17281042, 176, 1042
1, 1153, 17295176, 17297396, 176, 2396
1, 1154, 17310176, 17311042, 176, 1042
1, 1155, 17325176, 17327397, 176, 2397
1, 1156, 17340176, 17341042, 176, 1042
1, 1157, 17355176, 17356042, 176, 1042
1, 1158, 17370176, 17371042, 176, 1042
1, 1159, 17385176, 17386042, 176, 1042
1, 116, 1740176, 1741042, 176, 1042
1, 1160, 17400176, 17402750, 176, 2750
1, 1161, 17415176, 17416042, 176, 1042
1, 1162, 17430176, 17433823, 176, 3823
1, 1163, 17445176, 17446042, 176, 1042
1, 1164, 17460176, 17461042, 176, 1042
1, 1165, 17475176, 17476042, 176, 1042
1, 1166, 17490176, 17491042, 176, 1042
1, 1167, 17505176, 17506794, 176, 1794
1, 1168, 17520176, 17521042, 176, 1042
1, 1169, 17535176, 17536042, 176, 1042
1, 117, 1755176, 1756794, 176, 1794
1, 1170, 17550176, 17551042, 176, 1042
1, 1171, 17565176, 17566042, 176, 1042
1, 1172, 17580176, 17581042, 176, 1042
1, 1173, 17595176, 17596042, 176, 1042
1, 1174, 17610176, 17611042, 176, 1042
1, 1175, 17625176, 17626042, 176, 1042
1, 1176, 17640176, 17644295, 176, 4295
1, 1177, 17655176, 17656042, 176, 1042
1, 1178, 17670176, 17671042, 176, 1042
1, 1179, 17685176, 17686042, 176, 1042
1, 118, 1770176, 1771042, 176, 1042
1, 1180, 17700176, 17701042, 176, 1042
1, 1181, 17715176, 17716042, 176, 1042
1, 1182, 17730176, 17731042, 176, 1042
1, 1183, 17745176, 17746042, 176, 1042
1, 1184, 17760176, 17761042, 176, 1042
1, 1185, 17775176, 17776042, 176, 1042
1, 1186, 17790176, 17791042, 176, 1042
1, 1187, 17805176, 17806042, 176, 1042
1, 1188, 17820176, 17821042, 176, 1042
1, 1189, 17835176, 17836042, 176, 1042
1, 119, 1785176, 1786042, 176, 1042
1, 1190, 17850176, 17855258, 176, 5258
1, 1191, 17865176, 17866042, 176, 1042
1, 1192, 17880176, 17881042, 176, 1042
1, 1193, 17895176, 17896042, 176, 1042
1, 1194, 17910176, 17911042, 176, 1042
1, 1195, 17925176, 17930113, 176, 5113
1, 1196, 17940176, 17941042, 176, 1042
1, 1197, 17955176, 17956812, 176, 1812
1, 1198, 17970176, 17971042, 176, 1042
1, 1199, 17985176, 17986042, 176, 1042
1, 12, 180176, 181042, 176, 1042
1, 120, 1800176, 1801042, 176, 1042
1, 1200, 18000176, 18002940, 176, 2940
1, 1201, 18015176, 18016042, 176, 1042
1, 1202, 18030176, 18031042, 176, 1042
1, 1203, 18045176, 18046042, 176, 1042
1, 1204, 18060176, 18063823, 176, 3823
1, 1205, 18075176, 18076042, 176, 1042
1, 1206, 18090176, 18091042, 176, 1042
1, 1207, 18105176, 18106042, 176, 1042
1, 1208, 18120176, 18121042, 176, 1042
1, 1209, 18135176, 18136042, 176, 1042
1, 121, 1815176, 1816042, 176, 1042
1, 1210, 18150176, 18151042, 176, 1042
1, 1211, 18165176, 18167083, 176, 2083
1, 1212, 18180176, 18181042, 176, 1042
1, 1213, 18195176, 18196042, 176, 1042
1, 1214, 18210176, 18211042, 176, 1042
1, 1215, 18225176, 18226042, 176, 1042
1, 1216, 18240176, 18245663, 176, 5663
1, 1217, 18255176, 18256042, 176, 1042
1, 1218, 18270176, 18273823, 176, 3823
1, 1219, 18285176, 18286042, 176, 1042
1, 122, 1830176, 1831042, 176, 1042
1, 1220, 18300176, 18301042, 176, 1042
1, 1221, 18315176, 18316042, 176, 1042
1, 1222, 18330176, 18331042, 176, 1042
1, 1223, 18345176, 18346340, 176, 1340
1, 1224, 18360176, 18361042, 176, 1042
1, 1225, 18375176, 18376812, 176, 1812
1, 1226, 18390176, 18391042, 176, 1042
1, 1227, 18405176, 18406042, 176, 1042
1, 1228, 18420176, 18421042, 176, 1042
1, 1229, 18435176, 18436042, 176, 1042
1, 123, 1845176, 1846042, 176, 1042
1, 1230, 18450176, 18451042, 176, 1042
1, 1231, 18465176, 18466042, 176, 1042
1, 1232, 18480176, 18488487, 176, 8487
1, 1233, 18495176, 18496042, 176, 1042
1, 1234, 18510176, 18511042, 176, 1042
1, 1235, 18525176, 18526042, 176, 1042
1, 1236, 18540176, 18541042, 176, 1042
1, 1237, 18555176, 18556794, 176, 1794
1, 1238, 18570176, 18571042, 176, 1042
1, 1239, 18585176, 18586042, 176, 1042
1, 124, 1860176, 1861042, 176, 1042
1, 1240, 18600176, 18601042, 176, 1042
1, 1241, 18615176, 18616042, 176, 1042
1, 1242, 18630176, 18631042, 176, 1042
1, 1243, 18645176, 18646042, 176, 1042
1, 1244, 18660176, 18661042, 176, 1042
1, 1245, 18675176, 18676042, 176, 1042
1, 1246, 18690176, 18693823, 176, 3823
1, 1247, 18705176, 18706042, 176, 1042
1, 1248, 18720176, 18722940, 176, 2940
1, 1249, 18735176, 18736042, 176, 1042
1, 125, 1875176, 1876042, 176, 1042
1, 1250, 18750176, 18751042, 176, 1042
1, 1251, 18765176, 18767637, 176, 2637
1, 1252, 18780176, 18781042, 176, 1042
1, 1253, 18795176, 18796042, 176, 1042
1, 1254, 18810176, 18811042, 176, 1042
1, 1255, 18825176, 18826042, 176, 1042
1, 1256, 18840176, 18841042, 176, 1042
1, 1257, 18855176, 18856042, 176, 1042
1, 1258, 18870176, 18871042, 176, 1042
1, 1259, 18885176, 18886042, 176, 1042
1, 126, 1890176, 1893823, 176, 3823
1, 1260, 18900176, 18905258, 176, 5258
1, 1261, 18915176, 18916042, 176, 1042
1, 1262, 18930176, 18931042, 176, 1042
1, 1263, 18945176, 18946042, 176, 1042
1, 1264, 18960176, 18961042, 176, 1042
1, 1265, 18975176, 18976042, 176, 1042
1, 1266, 18990176, 18991042, 176, 1042
1, 1267, 19005176, 19007397, 176, 2397
1, 1268, 19020176, 19021042, 176, 1042
1, 1269, 19035176, 19036042, 176, 1042
1, 127, 1905176, 1906042, 176, 1042
1, 1270, 19050176, 19051042, 176, 1042
1, 1271, 19065176, 19066042, 176, 1042
1, 1272, 19080176, 19081042, 176, 1042
1, 1273, 19095176, 19096042, 176, 1042
1, 1274, 19110176, 19113823, 176, 3823
1, 1275, 19125176, 19126042, 176, 1042
1, 1276, 19140176, 19141042, 176, 1042
1, 1277, 19155176, 19156042, 176, 1042
1, 1278, 19170176, 19171042, 176, 1042
1, 1279, 19185176, 19186042, 176, 1042
1, 128, 1920176, 1921042, 176, 1042
1, 1280, 19200176, 19202940, 176, 2940
1, 1281, 19215176, 19216042, 176, 1042
1, 1282, 19230176, 19231042, 176, 1042
1, 1283, 19245176, 19246042, 176, 1042
1, 1284, 19260176, 19261042, 176, 1042
1, 1285, 19275176, 19276042, 176, 1042
1, 1286, 19290176, 19291042, 176, 1042
1, 1287, 19305176, 19306042, 176, 1042
1, 1288, 19320176, 19324295, 176, 4295
1, 1289, 19335176, 19336042, 176, 1042
1, 129, 1935176, 1936042, 176, 1042
1, 1290, 19350176, 19351042, 176, 1042
1, 1291, 19365176, 19366042, 176, 1042
1, 1292, 19380176, 19381042, 176, 1042
1, 1293, 19395176, 19396042, 176, 1042
1, 1294, 19410176, 19411042, 176, 1042
1, 1295, 19425176, 19426812, 176, 1812
1, 1296, 19440176, 19441042, 176, 1042
1, 1297, 19455176, 19456042, 176, 1042
1, 1298, 19470176, 19471042, 176, 1042
1, 1299, 19485176, 19486042, 176, 1042
1, 13, 195176, 196042, 176, 1042
1, 130, 1950176, 1951042, 176, 1042
1, 1300, 19500176, 19501042, 176, 1042
1, 1301, 19515176, 19516042, 176, 1042
1, 1302, 19530176, 19533823, 176, 3823
1, 1303, 19545176, 19546042, 176, 1042
1, 1304, 19560176, 19561042, 176, 1042
1, 1305, 19575176, 19576042, 176, 1042
1, 1306, 19590176, 19591042, 176, 1042
1, 1307, 19605176, 19618635, 176, 13635
1, 1308, 19620176, 19621042, 176, 1042
1, 1309, 19635176, 19636042, 176, 1042
1, 131, 1965176, 1967637, 176, 2637
1, 1310, 19650176, 19651042, 176, 1042
1, 1311, 19665176, 19666042, 176, 1042
1, 1312, 19680176, 19681042, 176, 1042
1, 1313, 19695176, 19696042, 176, 1042
1, 1314, 19710176, 19711042, 176, 1042
1, 1315, 19725176, 19726042, 176, 1042
1, 1316, 19740176, 19743823, 176, 3823
1, 1317, 19755176, 19756042, 176, 1042
1, 1318, 19770176, 19771042, 176, 1042
1, 1319, 19785176, 19786042, 176, 1042
1, 132, 1980176, 1981042, 176, 1042
1, 1320, 19800176, 19801042, 176, 1042
1, 1321, 19815176, 19816042, 176, 1042
1, 1322, 19830176, 19831042, 176, 1042
1, 1323, 19845176, 19847083, 176, 2083
1, 1324, 19860176, 19861042, 176, 1042
1, 1325, 19875176, 19876042, 176, 1042
1, 1326, 19890176, 19891042, 176, 1042
1, 1327, 19905176, 19906042, 176, 1042
1, 1328, 19920176, 19922750, 176, 2750
1, 1329, 19935176, 19936042, 176, 1042
1, 133, 1995176, 1996812, 176, 1812
1, 1330, 19950176, 19957454, 176, 7454
1, 1331, 19965176, 19966042, 176, 1042
1, 1332, 19980176, 19981042, 176, 1042
1, 1333, 19995176, 19996042, 176, 1042
1, 1334, 20010176, 20011042, 176, 1042
1, 1335, 20025176, 20026042, 176, 1042
1, 1336, 20040176, 20041042, 176, 1042
1, 1337, 20055176, 20056042, 176, 1042
1, 1338, 20070176, 20071042, 176, 1042
1, 1339, 20085176, 20086042, 176, 1042
1, 134, 2010176, 2011042, 176, 1042
1, 1340, 20100176, 20101042, 176, 1042
1, 1341, 20115176, 20116042, 176, 1042
1, 1342, 20130176, 20131042, 176, 1042
1, 1343, 20145176, 20146042, 176, 1042
1, 1344, 20160176, 20168487, 176, 8487
1, 1345, 20175176, 20176042, 176, 1042
1, 1346, 20190176, 20191042, 176, 1042
1, 1347, 20205176, 20206042, 176, 1042
1, 1348, 20220176, 20221042, 176, 1042
1, 1349, 20235176, 20236042, 176, 1042
1, 135, 2025176, 2026042, 176, 1042
1, 1350, 20250176, 20251042, 176, 1042
1, 1351, 20265176, 20266042, 176, 1042
1, 1352, 20280176, 20281042, 176, 1042
1, 1353, 20295176, 20296042, 176, 1042
1, 1354, 20310176, 20311042, 176, 1042
1, 1355, 20325176, 20326042, 176, 1042
1, 1356, 20340176, 20341042, 176, 1042
1, 1357, 20355176, 20356042, 176, 1042
1, 1358, 20370176, 20373823, 176, 3823
1, 1359, 20385176, 20386042, 176, 1042
1, 136, 2040176, 2041042, 176, 1042
1, 1360, 20400176, 20402940, 176, 2940
1, 1361, 20415176, 20416042, 176, 1042
1, 1362, 20430176, 20431042, 176, 1042
1, 1363, 20445176, 20447637, 176, 2637
1, 1364, 20460176, 20461042, 176, 1042
1, 1365, 20475176, 20476812, 176, 1812
1, 1366, 20490176, 20491042, 176, 1042
1, 1367, 20505176, 20506042, 176, 1042
1, 1368, 20520176, 20521042, 176, 1042
1, 1369, 20535176, 20536042, 176, 1042
1, 137, 2055176, 2056042, 176, 1042
1, 1370, 20550176, 20551042, 176, 1042
1, 1371, 20565176, 20566042, 176, 1042
1, 1372, 20580176, 20583823, 176, 3823
1, 1373, 20595176, 20596042, 176, 1042
1, 1374, 20610176, 20611042, 176, 1042
1, 1375, 20625176, 20626042, 176, 1042
1, 1376, 20640176, 20641042, 176, 1042
1, 1377, 20655176, 20656794, 176, 1794
1, 1378, 20670176, 20671042, 176, 1042
1, 1379, 20685176, 20686812, 176, 1812
1, 138, 2070176, 2071042, 176, 1042
1, 1380, 20700176, 20701042, 176, 1042
1, 1381, 20715176, 20716042, 176, 1042
1, 1382, 20730176, 20731042, 176, 1042
1, 1383, 20745176, 20746042, 176, 1042
1, 1384, 20760176, 20761042, 176, 1042
1, 1385, 20775176, 20776042, 176, 1042
1, 1386, 20790176, 20793823, 176, 3823
1, 1387, 20805176, 20806042, 176, 1042
1, 1388, 20820176, 20821042, 176, 1042
1, 1389, 20835176, 20836042, 176, 1042
1, 139, 2085176, 2086042, 176, 1042
1, 1390, 20850176, 20851042, 176, 1042
1, 1391, 20865176, 20866042, 176, 1042
1, 1392, 20880176, 20881042, 176, 1042
1, 1393, 20895176, 20896042, 176, 1042
1, 1394, 20910176, 20911042, 176, 1042
1, 1395, 20925176, 20926042, 176, 1042
1, 1396, 20940176, 20941042, 176, 1042
1, 1397, 20955176, 20956042, 176, 1042
1, 1398, 20970176, 20971042, 176, 1042
1, 1399, 20985176, 20986042, 176, 1042
1, 14, 210176, 213823, 176, 3823
1, 140, 2100176, 2105258, 176, 5258
1, 1400, 21000176, 21005457, 176, 5457
1, 1401, 21015176, 21016042, 176, 1042
1, 1402, 21030176, 21031042, 176, 1042
1, 1403, 21045176, 21046042, 176, 1042
1, 1404, 21060176, 21061042, 176, 1042
1, 1405, 21075176, 21076042, 176, 1042
1, 1406, 21090176, 21091042, 176, 1042
1, 1407, 21105176, 21106042, 176, 1042
1, 1408, 21120176, 21121042, 176, 1042
1, 1409, 21135176, 21136042, 176, 1042
1, 141, 2115176, 2116042, 176, 1042
1, 1410, 21150176, 21151042, 176, 1042
1, 1411, 21165176, 21166042, 176, 1042
1, 1412, 21180176, 21181042, 176, 1042
1, 1413, 21195176, 21196042, 176, 1042
1, 1414, 21210176, 21213823, 176, 3823
1, 1415, 21225176, 21226042, 176, 1042
1, 1416, 21240176, 21241042, 176, 1042
1, 1417, 21255176, 21256042, 176, 1042
1, 1418, 21270176, 21271042, 176, 1042
1, 1419, 21285176, 21299647, 176, 14647
1, 142, 2130176, 2131042, 176, 1042
1, 1420, 21300176, 21301042, 176, 1042
1, 1421, 21315176, 21316042, 176, 1042
1, 1422, 21330176, 21331042, 176, 1042
1, 1423, 21345176, 21346042, 176, 1042
1, 1424, 21360176, 21361042, 176, 1042
1, 1425, 21375176, 21376042, 176, 1042
1, 1426, 21390176, 21391042, 176, 1042
1, 1427, 21405176, 21406042, 176, 1042
1, 1428, 21420176, 21423823, 176, 3823
1, 1429, 21435176, 21436042, 176, 1042
1, 143, 2145176, 2146042, 176, 1042
1, 1430, 21450176, 21451042, 176, 1042
1, 1431, 21465176, 21466042, 176, 1042
1, 1432, 21480176, 21481042, 176, 1042
1, 1433, 21495176, 21496042, 176, 1042
1, 1434, 21510176, 21511042, 176, 1042
1, 1435, 21525176, 21527397, 176, 2397
1, 1436, 21540176, 21541042, 176, 1042
1, 1437, 21555176, 21556042, 176, 1042
1, 1438, 21570176, 21571042, 176, 1042
1, 1439, 21585176, 21586042, 176, 1042
1, 144, 2160176, 2161042, 176, 1042
1, 1440, 21600176, 21605452, 176, 5452
1, 1441, 21615176, 21616042, 176, 1042
1, 1442, 21630176, 21633823, 176, 3823
1, 1443, 21645176, 21646042, 176, 1042
1, 1444, 21660176, 21661042, 176, 1042
1, 1445, 21675176, 21676042, 176, 1042
1, 1446, 21690176, 21691042, 176, 1042
1, 1447, 21705176, 21706794, 176, 1794
1, 1448, 21720176, 21721042, 176, 1042
1, 1449, 21735176, 21736042, 176, 1042
1, 145, 2175176, 2176042, 176, 1042
1, 1450, 21750176, 21751042, 176, 1042
1, 1451, 21765176, 21766042, 176, 1042
1, 1452, 21780176, 21781042, 176, 1042
1, 1453, 21795176, 21796042, 176, 1042
1, 1454, 21810176, 21811042, 176, 1042
1, 1455, 21825176, 21826042, 176, 1042
1, 1456, 21840176, 21848487, 176, 8487
1, 1457, 21855176, 21856042, 176, 1042
1, 1458, 21870176, 21871042, 176, 1042
1, 1459, 21885176, 21886042, 176, 1042
1, 146, 2190176, 2191042, 176, 1042
1, 1460, 21900176, 21901042, 176, 1042
1, 1461, 21915176, 21916042, 176, 1042
1, 1462, 21930176, 21931042, 176, 1042
1, 1463, 21945176, 21946812, 176, 1812
1, 1464, 21960176, 21961042, 176, 1042
1, 1465, 21975176, 21976042, 176, 1042
1, 1466, 21990176, 21991042, 176, 1042
1, 1467, 22005176, 22006042, 176, 1042
1, 1468, 22020176, 22021042, 176, 1042
1, 1469, 22035176, 22036042, 176, 1042
1, 147, 2205176, 2206812, 176, 1812
1, 1470, 22050176, 22055258, 176, 5258
1, 1471, 22065176, 22066042, 176, 1042
1, 1472, 22080176, 22081042, 176, 1042
1, 1473, 22095176, 22096042, 176, 1042
1, 1474, 22110176, 22111042, 176, 1042
1, 1475, 22125176, 22128588, 176, 3588
1, 1476, 22140176, 22141042, 176, 1042
1, 1477, 22155176, 22156042, 176, 1042
1, 1478, 22170176, 22171042, 176, 1042
1, 1479, 22185176, 22186042, 176, 1042
1, 148, 2220176, 2221042, 176, 1042
1, 1480, 22200176, 22201042, 176, 1042
1, 1481, 22215176, 22216042, 176, 1042
1, 1482, 22230176, 22231042, 176, 1042
1, 1483, 22245176, 22246042, 176, 1042
1, 1484, 22260176, 22263823, 176, 3823
1, 1485, 22275176, 22276042, 176, 1042
1, 1486, 22290176, 22291042, 176, 1042
1, 1487, 22305176, 22306042, 176, 1042
1, 1488, 22320176, 22321042, 176, 1042
1, 1489, 22335176, 22336340, 176, 1340
1, 149, 2235176, 2236042, 176, 1042
1, 1490, 22350176, 22351042, 176, 1042
1, 1491, 22365176, 22366812, 176, 1812
1, 1492, 22380176, 22381042, 176, 1042
1, 1493, 22395176, 22396042, 176, 1042
1, 1494, 22410176, 22411042, 176, 1042
1, 1495, 22425176, 22426042, 176, 1042
1, 1496, 22440176, 22441042, 176, 1042
1, 1497, 22455176, 22456042, 176, 1042
1, 1498, 22470176, 22473823, 176, 3823
1, 1499, 22485176, 22486042, 176, 1042
1, 15, 225176, 226042, 176, 1042
1, 150, 2250176, 2251042, 176, 1042
1, 1500, 22500176, 22501042, 176, 1042
1, 1501, 22515176, 22516042, 176, 1042
1, 1502, 22530176, 22531042, 176, 1042
1, 1503, 22545176, 22546042, 176, 1042
1, 1504, 22560176, 22561042, 176, 1042
1, 1505, 22575176, 22576812, 176, 1812
1, 1506, 22590176, 22591042, 176, 1042
1, 1507, 22605176, 22606042, 176, 1042
1, 1508, 22620176, 22621042, 176, 1042
1, 1509, 22635176, 22636042, 176, 1042
1, 151, 2265176, 2266042, 176, 1042
1, 1510, 22650176, 22651042, 176, 1042
1, 1511, 22665176, 22666042, 176, 1042
1, 1512, 22680176, 22684295, 176, 4295
1, 1513, 22695176, 22696042, 176, 1042
1, 1514, 22710176, 22711042, 176, 1042
1, 1515, 22725176, 22726042, 176, 1042
1, 1516, 22740176, 22741042, 176, 1042
1, 1517, 22755176, 22756794, 176, 1794
1, 1518, 22770176, 22771042, 176, 1042
1, 1519, 22785176, 22786042, 176, 1042
1, 152, 2280176, 2282493, 176, 2493
1, 1520, 22800176, 22807070, 176, 7070
1, 1521, 22815176, 22816042, 176, 1042
1, 1522, 22830176, 22831042, 176, 1042
1, 1523, 22845176, 22846042, 176, 1042
1, 1524, 22860176, 22861042, 176, 1042
1, 1525, 22875176, 22876042, 176, 1042
1, 1526, 22890176, 22893823, 176, 3823
1, 1527, 22905176, 22906042, 176, 1042
1, 1528, 22920176, 22921042, 176, 1042
1, 1529, 22935176, 22936042, 176, 1042
1, 153, 2295176, 2296042, 176, 1042
1, 1530, 22950176, 22951042, 176, 1042
1, 1531, 22965176, 22969464, 176, 4464
1, 1532, 22980176, 22981042, 176, 1042
1, 1533, 22995176, 22996812, 176, 1812
1, 1534, 23010176, 23011042, 176, 1042
1, 1535, 23025176, 23026042, 176, 1042
1, 1536, 23040176, 23041042, 176, 1042
1, 1537, 23055176, 23056042, 176, 1042
1, 1538, 23070176, 23071042, 176, 1042
1, 1539, 23085176, 23086042, 176, 1042
1, 154, 2310176, 2313823, 176, 3823
1, 1540, 23100176, 23105258, 176, 5258
1, 1541, 23115176, 23116042, 176, 1042
1, 1542, 23130176, 23131042, 176, 1042
1, 1543, 23145176, 23146042, 176, 1042
1, 1544, 23160176, 23161042, 176, 1042
1, 1545, 23175176, 23176042, 176, 1042
1, 1546, 23190176, 23191042, 176, 1042
1, 1547, 23205176, 23207083, 176, 2083
1, 1548, 23220176, 23221042, 176, 1042
1, 1549, 23235176, 23236042, 176, 1042
1, 155, 2325176, 2326042, 176, 1042
1, 1550, 23250176, 23251042, 176, 1042
1, 1551, 23265176, 23266042, 176, 1042
1, 1552, 23280176, 23287583, 176, 7583
1, 1553, 23295176, 23296042, 176, 1042
1, 1554, 23310176, 23313823, 176, 3823
1, 1555, 23325176, 23326042, 176, 1042
1, 1556, 23340176, 23341042, 176, 1042
1, 1557, 23355176, 23356042, 176, 1042
1, 1558, 23370176, 23371042, 176, 1042
1, 1559, 23385176, 23386042, 176, 1042
1, 156, 2340176, 2341042, 176, 1042
1, 1560, 23400176, 23401042, 176, 1042
1, 1561, 23415176, 23416042, 176, 1042
1, 1562, 23430176, 23431042, 176, 1042
1, 1563, 23445176, 23446042, 176, 1042
1, 1564, 23460176, 23461042, 176, 1042
1, 1565, 23475176, 23476042, 176, 1042
1, 1566, 23490176, 23491042, 176, 1042
1, 1567, 23505176, 23506042, 176, 1042
1, 1568, 23520176, 23528487, 176, 8487
1, 1569, 23535176, 23536042, 176, 1042
1, 157, 2355176, 2356042, 176, 1042
1, 1570, 23550176, 23551042, 176, 1042
1, 1571, 23565176, 23566042, 176, 1042
1, 1572, 23580176, 23581042, 176, 1042
1, 1573, 23595176, 23596042, 176, 1042
1, 1574, 23610176, 23611042, 176, 1042
1, 1575, 23625176, 23626812, 176, 1812
1, 1576, 23640176, 23641042, 176, 1042
1, 1577, 23655176, 23656042, 176, 1042
1, 1578, 23670176, 23671042, 176, 1042
1, 1579, 23685176, 23686042, 176, 1042
1, 158, 2370176, 2371042, 176, 1042
1, 1580, 23700176, 23701042, 176, 1042
1, 1581, 23715176, 23716042, 176, 1042
1, 1582, 23730176, 23733823, 176, 3823
1, 1583, 23745176, 23746042, 176, 1042
1, 1584, 23760176, 23761042, 176, 1042
1, 1585, 23775176, 23776042, 176, 1042
1, 1586, 23790176, 23791042, 176, 1042
1, 1587, 23805176, 23808588, 176, 3588
1, 1588, 23820176, 23821042, 176, 1042
1, 1589, 23835176, 23836042, 176, 1042
1, 159, 2385176, 2386340, 176, 1340
1, 1590, 23850176, 23851042, 176, 1042
1, 1591, 23865176, 23866042, 176, 1042
1, 1592, 23880176, 23881042, 176, 1042
1, 1593, 23895176, 23896042, 176, 1042
1, 1594, 23910176, 23911042, 176, 1042
1, 1595, 23925176, 23926042, 176, 1042
1, 1596, 23940176, 23944295, 176, 4295
1, 1597, 23955176, 23956042, 176, 1042
1, 1598, 23970176, 23971042, 176, 1042
1, 1599, 23985176, 23986042, 176, 1042
1, 16, 240176, 241042, 176, 1042
1, 160, 2400176, 2402940, 176, 2940
1, 1600, 24000176, 24002940, 176, 2940
1, 1601, 24015176, 24016042, 176, 1042
1, 1602, 24030176, 24031042, 176, 1042
1, 1603, 24045176, 24046812, 176, 1812
1, 1604, 24060176, 24061042, 176, 1042
1, 1605, 24075176, 24076042, 176, 1042
1, 1606, 24090176, 24091042, 176, 1042
1, 1607, 24105176, 24106042, 176, 1042
1, 1608, 24120176, 24121042, 176, 1042
1, 1609, 24135176, 24136042, 176, 1042
1, 161, 2415176, 2416042, 176, 1042
1, 1610, 24150176, 24155258, 176, 5258
1, 1611, 24165176, 24166042, 176, 1042
1, 1612, 24180176, 24181042, 176, 1042
1, 1613, 24195176, 24196042, 176, 1042
1, 1614, 24210176, 24211042, 176, 1042
1, 1615, 24225176, 24226042, 176, 1042
1, 1616, 24240176, 24241042, 176, 1042
1, 1617, 24255176, 24256042, 176, 1042
1, 1618, 24270176, 24271042, 176, 1042
1, 1619, 24285176, 24286042, 176, 1042
1, 162, 2430176, 2431042, 176, 1042
1, 1620, 24300176, 24301042, 176, 1042
1, 1621, 24315176, 24316042, 176, 1042
1, 1622, 24330176, 24331042, 176, 1042
1, 1623, 24345176, 24346042, 176, 1042
1, 1624, 24360176, 24364295, 176, 4295
1, 1625, 24375176, 24376042, 176, 1042
1, 1626, 24390176, 24391042, 176, 1042
1, 1627, 24405176, 24406042, 176, 1042
1, 1628, 24420176, 24421042, 176, 1042
1, 1629, 24435176, 24436042, 176, 1042
1, 163, 2445176, 2446042, 176, 1042
1, 1630, 24450176, 24451042, 176, 1042
1, 1631, 24465176, 24466042, 176, 1042
1, 1632, 24480176, 24481042, 176, 1042
1, 1633, 24495176, 24496042, 176, 1042
1, 1634, 24510176, 24511042, 176, 1042
1, 1635, 24525176, 24526042, 176, 1042
1, 1636, 24540176, 24541042, 176, 1042
1, 1637, 24555176, 24556042, 176, 1042
1, 1638, 24570176, 24573823, 176, 3823
1, 1639, 24585176, 24586042, 176, 1042
1, 164, 2460176, 2461042, 176, 1042
1, 1640, 24600176, 24601042, 176, 1042
1, 1641, 24615176, 24616042, 176, 1042
1, 1642, 24630176, 24631042, 176, 1042
1, 1643, 24645176, 24649464, 176, 4464
1, 1644, 24660176, 24661042, 176, 1042
1, 1645, 24675176, 24676812, 176, 1812
1, 1646, 24690176, 24691042, 176, 1042
1, 1647, 24705176, 24706042, 176, 1042
1, 1648, 24720176, 24721042, 176, 1042
1, 1649, 24735176, 24736042, 176, 1042
1, 165, 2475176, 2476042, 176, 1042
1, 1650, 24750176, 24751042, 176, 1042
1, 1651, 24765176, 24766042, 176, 1042
1, 1652, 24780176, 24783823, 176, 3823
1, 1653, 24795176, 24796042, 176, 1042
1, 1654, 24810176, 24811042, 176, 1042
1, 1655, 24825176, 24826042, 176, 1042
1, 1656, 24840176, 24841042, 176, 1042
1, 1657, 24855176, 24856794, 176, 1794
1, 1658, 24870176, 24871042, 176, 1042
1, 1659, 24885176, 24887083, 176, 2083
1, 166, 2490176, 2491042, 176, 1042
1, 1660, 24900176, 24901042, 176, 1042
1, 1661, 24915176, 24916042, 176, 1042
1, 1662, 24930176, 24931042, 176, 1042
1, 1663, 24945176, 24946042, 176, 1042
1, 1664, 24960176, 24962750, 176, 2750
1, 1665, 24975176, 24976042, 176, 1042
1, 1666, 24990176, 24995282, 176, 5282
1, 1667, 25005176, 25006042, 176, 1042
1, 1668, 25020176, 25021042, 176, 1042
1, 1669, 25035176, 25036042, 176, 1042
1, 167, 2505176, 2506042, 176, 1042
1, 1670, 25050176, 25051042, 176, 1042
1, 1671, 25065176, 25066042, 176, 1042
1, 1672, 25080176, 25081042, 176, 1042
1, 1673, 25095176, 25096042, 176, 1042
1, 1674, 25110176, 25111042, 176, 1042
1, 1675, 25125176, 25126042, 176, 1042
1, 1676, 25140176, 25141042, 176, 1042
1, 1677, 25155176, 25156042, 176, 1042
1, 1678, 25170176, 25171042, 176, 1042
1, 1679, 25185176, 25186042, 176, 1042
1, 168, 2520176, 2524295, 176, 4295
1, 1680, 25200176, 25208487, 176, 8487
1, 1681, 25215176, 25216042, 176, 1042
1, 1682, 25230176, 25231042, 176, 1042
1, 1683, 25245176, 25246042, 176, 1042
1, 1684, 25260176, 25261042, 176, 1042
1, 1685, 25275176, 25278512, 176, 3512
1, 1686, 25290176, 25291042, 176, 1042
1, 1687, 25305176, 25306042, 176, 1042
1, 1688, 25320176, 25321042, 176, 1042
1, 1689, 25335176, 25336042, 176, 1042
1, 169, 2535176, 2536042, 176, 1042
1, 1690, 25350176, 25351042, 176, 1042
1, 1691, 25365176, 25366042, 176, 1042
1, 1692, 25380176, 25381042, 176, 1042
1, 1693, 25395176, 25396042, 176, 1042
1, 1694, 25410176, 25413823, 176, 3823
1, 1695, 25425176, 25426042, 176, 1042
1, 1696, 25440176, 25441042, 176, 1042
1, 1697, 25455176, 25456042, 176, 1042
1, 1698, 25470176, 25471042, 176, 1042
1, 1699, 25485176, 25487637, 176, 2637
1, 17, 255176, 256042, 176, 1042
1, 170, 2550176, 2551042, 176, 1042
1, 1700, 25500176, 25501042, 176, 1042
1, 1701, 25515176, 25516042, 176, 1042
1, 1702, 25530176, 25531042, 176, 1042
1, 1703, 25545176, 25546042, 176, 1042
1, 1704, 25560176, 25561042, 176, 1042
1, 1705, 25575176, 25576042, 176, 1042
1, 1706, 25590176, 25591042, 176, 1042
1, 1707, 25605176, 25606042, 176, 1042
1, 1708, 25620176, 25623823, 176, 3823
1, 1709, 25635176, 25636042, 176, 1042
1, 171, 2565176, 2566042, 176, 1042
1, 1710, 25650176, 25651042, 176, 1042
1, 1711, 25665176, 25666042, 176, 1042
1, 1712, 25680176, 25681042, 176, 1042
1, 1713, 25695176, 25696042, 176, 1042
1, 1714, 25710176, 25711042, 176, 1042
1, 1715, 25725176, 25727397, 176, 2397
1, 1716, 25740176, 25741042, 176, 1042
1, 1717, 25755176, 25756042, 176, 1042
1, 1718, 25770176, 25771042, 176, 1042
1, 1719, 25785176, 25786042, 176, 1042
1, 172, 2580176, 2581042, 176, 1042
1, 1720, 25800176, 25802750, 176, 2750
1, 1721, 25815176, 25816042, 176, 1042
1, 1722, 25830176, 25833823, 176, 3823
1, 1723, 25845176, 25846042, 176, 1042
1, 1724, 25860176, 25861042, 176, 1042
1, 1725, 25875176, 25876042, 176, 1042
1, 1726, 25890176, 25891042, 176, 1042
1, 1727, 25905176, 25906794, 176, 1794
1, 1728, 25920176, 25921042, 176, 1042
1, 1729, 25935176, 25936812, 176, 1812
1, 173, 2595176, 2596042, 176, 1042
1, 1730, 25950176, 25951042, 176, 1042
1, 1731, 25965176, 25966042, 176, 1042
1, 1732, 25980176, 25981042, 176, 1042
1, 1733, 25995176, 25996042, 176, 1042
1, 1734, 26010176, 26011042, 176, 1042
1, 1735, 26025176, 26026042, 176, 1042
1, 1736, 26040176, 26044295, 176, 4295
1, 1737, 26055176, 26056042, 176, 1042
1, 1738, 26070176, 26071042, 176, 1042
1, 1739, 26085176, 26086042, 176, 1042
1, 174, 2610176, 2611042, 176, 1042
1, 1740, 26100176, 26101042, 176, 1042
1, 1741, 26115176, 26116042, 176, 1042
1, 1742, 26130176, 26131042, 176, 1042
1, 1743, 26145176, 26146042, 176, 1042
1, 1744, 26160176, 26161042, 176, 1042
1, 1745, 26175176, 26176042, 176, 1042
1, 1746, 26190176, 26191042, 176, 1042
1, 1747, 26205176, 26206042, 176, 1042
1, 1748, 26220176, 26221042, 176, 1042
1, 1749, 26235176, 26236042, 176, 1042
1, 175, 2625176, 2626812, 176, 1812
1, 1750, 26250176, 26255258, 176, 5258
1, 1751, 26265176, 26266042, 176, 1042
1, 1752, 26280176, 26281042, 176, 1042
1, 1753, 26295176, 26296042, 176, 1042
1, 1754, 26310176, 26311042, 176, 1042
1, 1755, 26325176, 26332945, 176, 7945
1, 1756, 26340176, 26341042, 176, 1042
1, 1757, 26355176, 26356042, 176, 1042
1, 1758, 26370176, 26371042, 176, 1042
1, 1759, 26385176, 26386042, 176, 1042
1, 176, 2640176, 2641042, 176, 1042
1, 1760, 26400176, 26402940, 176, 2940
1, 1761, 26415176, 26416042, 176, 1042
1, 1762, 26430176, 26431042, 176, 1042
1, 1763, 26445176, 26446042, 176, 1042
1, 1764, 26460176, 26463823, 176, 3823
1, 1765, 26475176, 26476042, 176, 1042
1, 1766, 26490176, 26491042, 176, 1042
1, 1767, 26505176, 26506042, 176, 1042
1, 1768, 26520176, 26521042, 176, 1042
1, 1769, 26535176, 26536042, 176, 1042
1, 177, 2655176, 2656042, 176, 1042
1, 1770, 26550176, 26551042, 176, 1042
1, 1771, 26565176, 26567083, 176, 2083
1, 1772, 26580176, 26581042, 176, 1042
1, 1773, 26595176, 26596042, 176, 1042
1, 1774, 26610176, 26615657, 176, 5657
1, 1775, 26625176, 26626042, 176, 1042
1, 1776, 26640176, 26642750, 176, 2750
1, 1777, 26655176, 26656042, 176, 1042
1, 1778, 26670176, 26673823, 176, 3823
1, 1779, 26685176, 26686042, 176, 1042
1, 178, 2670176, 2671042, 176, 1042
1, 1780, 26700176, 26701042, 176, 1042
1, 1781, 26715176, 26716042, 176, 1042
1, 1782, 26730176, 26731042, 176, 1042
1, 1783, 26745176, 26746042, 176, 1042
1, 1784, 26760176, 26761042, 176, 1042
1, 1785, 26775176, 26776812, 176, 1812
1, 1786, 26790176, 26791042, 176, 1042
1, 1787, 26805176, 26806042, 176, 1042
1, 1788, 26820176, 26821042, 176, 1042
1, 1789, 26835176, 26836042, 176, 1042
1, 179, 2685176, 2686042, 176, 1042
1, 1790, 26850176, 26851042, 176, 1042
1, 1791, 26865176, 26866042, 176, 1042
1, 1792, 26880176, 26888487, 176, 8487
1, 1793, 26895176, 26896042, 176, 1042
1, 1794, 26910176, 26911042, 176, 1042
1, 1795, 26925176, 26926042, 176, 1042
1, 1796, 26940176, 26941042, 176, 1042
1, 1797, 26955176, 26956794, 176, 1794
1, 1798, 26970176, 26971042, 176, 1042
1, 1799, 26985176, 26986812, 176, 1812
1, 18, 270176, 271042, 176, 1042
1, 180, 2700176, 2701042, 176, 1042
1, 1800, 27000176, 27001042, 176, 1042
1, 1801, 27015176, 27016042, 176, 1042
1, 1802, 27030176, 27031042, 176, 1042
1, 1803, 27045176, 27046042, 176, 1042
1, 1804, 27060176, 27061042, 176, 1042
1, 1805, 27075176, 27076042, 176, 1042
1, 1806, 27090176, 27093823, 176, 3823
1, 1807, 27105176, 27106042, 176, 1042
1, 1808, 27120176, 27121042, 176, 1042
1, 1809, 27135176, 27136042, 176, 1042
1, 181, 2715176, 2716042, 176, 1042
1, 1810, 27150176, 27151042, 176, 1042
1, 1811, 27165176, 27167637, 176, 2637
1, 1812, 27180176, 27181042, 176, 1042
1, 1813, 27195176, 27196042, 176, 1042
1, 1814, 27210176, 27211042, 176, 1042
1, 1815, 27225176, 27226042, 176, 1042
1, 1816, 27240176, 27241042, 176, 1042
1, 1817, 27255176, 27256042, 176, 1042
1, 1818, 27270176, 27271042, 176, 1042
1, 1819, 27285176, 27286042, 176, 1042
1, 182, 2730176, 2733823, 176, 3823
1, 1820, 27300176, 27305258, 176, 5258
1, 1821, 27315176, 27316042, 176, 1042
1, 1822, 27330176, 27331042, 176, 1042
1, 1823, 27345176, 27346042, 176, 1042
1, 1824, 27360176, 27362940, 176, 2940
1, 1825, 27375176, 27376042, 176, 1042
1, 1826, 27390176, 27391042, 176, 1042
1, 1827, 27405176, 27406812, 176, 1812
1, 1828, 27420176, 27421042, 176, 1042
1, 1829, 27435176, 27436042, 176, 1042
1, 183, 2745176, 2746042, 176, 1042
1, 1830, 27450176, 27451042, 176, 1042
1, 1831, 27465176, 27466042, 176, 1042
1, 1832, 27480176, 27481042, 176, 1042
1, 1833, 27495176, 27496042, 176, 1042
1, 1834, 27510176, 27513823, 176, 3823
1, 1835, 27525176, 27526042, 176, 1042
1, 1836, 27540176, 27541042, 176, 1042
1, 1837, 27555176, 27556042, 176, 1042
1, 1838, 27570176, 27571042, 176, 1042
1, 1839, 27585176, 27586042, 176, 1042
1, 184, 2760176, 2761042, 176, 1042
1, 1840, 27600176, 27602940, 176, 2940
1, 1841, 27615176, 27616042, 176, 1042
1, 1842, 27630176, 27631042, 176, 1042
1, 1843, 27645176, 27646042, 176, 1042
1, 1844, 27660176, 27661042, 176, 1042
1, 1845, 27675176, 27676042, 176, 1042
1, 1846, 27690176, 27691042, 176, 1042
1, 1847, 27705176, 27706042, 176, 1042
1, 1848, 27720176, 27724295, 176, 4295
1, 1849, 27735176, 27736042, 176, 1042
1, 185, 2775176, 2776042, 176, 1042
1, 1850, 27750176, 27751042, 176, 1042
1, 1851, 27765176, 27766042, 176, 1042
1, 1852, 27780176, 27781042, 176, 1042
1, 1853, 27795176, 27796042, 176, 1042
1, 1854, 27810176, 27811042, 176, 1042
1, 1855, 27825176, 27826812, 176, 1812
1, 1856, 27840176, 27842940, 176, 2940
1, 1857, 27855176, 27856042, 176, 1042
1, 1858, 27870176, 27871042, 176, 1042
1, 1859, 27885176, 27886042, 176, 1042
1, 186, 2790176, 2791042, 176, 1042
1, 1860, 27900176, 27901042, 176, 1042
1, 1861, 27915176, 27916042, 176, 1042
1, 1862, 27930176, 27934295, 176, 4295
1, 1863, 27945176, 27946042, 176, 1042
1, 1864, 27960176, 27961042, 176, 1042
1, 1865, 27975176, 27976042, 176, 1042
1, 1866, 27990176, 27991042, 176, 1042
1, 1867, 28005176, 28018635, 176, 13635
1, 1868, 28020176, 28021042, 176, 1042
1, 1869, 28035176, 28036042, 176, 1042
1, 187, 2805176, 2818635, 176, 13635
1, 1870, 28050176, 28051042, 176, 1042
1, 1871, 28065176, 28066042, 176, 1042
1, 1872, 28080176, 28081042, 176, 1042
1, 1873, 28095176, 28096042, 176, 1042
1, 1874, 28110176, 28111042, 176, 1042
1, 1875, 28125176, 28126042, 176, 1042
1, 1876, 28140176, 28143823, 176, 3823
1, 1877, 28155176, 28156042, 176, 1042
1, 1878, 28170176, 28171042, 176, 1042
1, 1879, 28185176, 28186042, 176, 1042
1, 188, 2820176, 2821042, 176, 1042
1, 1880, 28200176, 28201042, 176, 1042
1, 1881, 28215176, 28216042, 176, 1042
1, 1882, 28230176, 28231042, 176, 1042
1, 1883, 28245176, 28247083, 176, 2083
1, 1884, 28260176, 28261042, 176, 1042
1, 1885, 28275176, 28276042, 176, 1042
1, 1886, 28290176, 28291042, 176, 1042
1, 1887, 28305176, 28306042, 176, 1042
1, 1888, 28320176, 28322940, 176, 2940
1, 1889, 28335176, 28336042, 176, 1042
1, 189, 2835176, 2836042, 176, 1042
1, 1890, 28350176, 28355258, 176, 5258
1, 1891, 28365176, 28366042, 176, 1042
1, 1892, 28380176, 28381042, 176, 1042
1, 1893, 28395176, 28396042, 176, 1042
1, 1894, 28410176, 28411042, 176, 1042
1, 1895, 28425176, 28426042, 176, 1042
1, 1896, 28440176, 28441042, 176, 1042
1, 1897, 28455176, 28456042, 176, 1042
1, 1898, 28470176, 28471042, 176, 1042
1, 1899, 28485176, 28486042, 176, 1042
1, 19, 285176, 289558, 176, 4558
1, 190, 2850176, 2851042, 176, 1042
1, 1900, 28500176, 28501042, 176, 1042
1, 1901, 28515176, 28516042, 176, 1042
1, 1902, 28530176, 28531042, 176, 1042
1, 1903, 28545176, 28546042, 176, 1042
1, 1904, 28560176, 28568487, 176, 8487
1, 1905, 28575176, 28576042, 176, 1042
1, 1906, 28590176, 28591042, 176, 1042
1, 1907, 28605176, 28606042, 176, 1042
1, 1908, 28620176, 28621042, 176, 1042
1, 1909, 28635176, 28636042, 176, 1042
1, 191, 2865176, 2866042, 176, 1042
1, 1910, 28650176, 28651042, 176, 1042
1, 1911, 28665176, 28666042, 176, 1042
1, 1912, 28680176, 28681042, 176, 1042
1, 1913, 28695176, 28696042, 176, 1042
1, 1914, 28710176, 28711042, 176, 1042
1, 1915, 28725176, 28726042, 176, 1042
1, 1916, 28740176, 28741042, 176, 1042
1, 1917, 28755176, 28756042, 176, 1042
1, 1918, 28770176, 28773823, 176, 3823
1, 1919, 28785176, 28786042, 176, 1042
1, 192, 2880176, 2881042, 176, 1042
1, 1920, 28800176, 28802940, 176, 2940
1, 1921, 28815176, 28816042, 176, 1042
1, 1922, 28830176, 28831042, 176, 1042
1, 1923, 28845176, 28847637, 176, 2637
1, 1924, 28860176, 28861042, 176, 1042
1, 1925, 28875176, 28876812, 176, 1812
1, 1926, 28890176, 28891042, 176, 1042
1, 1927, 28905176, 28906042, 176, 1042
1, 1928, 28920176, 28921042, 176, 1042
1, 1929, 28935176, 28936042, 176, 1042
1, 193, 2895176, 2896042, 176, 1042
1, 1930, 28950176, 28951042, 176, 1042
1, 1931, 28965176, 28966042, 176, 1042
1, 1932, 28980176, 28985282, 176, 5282
1, 1933, 28995176, 28996042, 176, 1042
1, 1934, 29010176, 29011042, 176, 1042
1, 1935, 29025176, 29026042, 176, 1042
1, 1936, 29040176, 29041042, 176, 1042
1, 1937, 29055176, 29056794, 176, 1794
1, 1938, 29070176, 29071042, 176, 1042
1, 1939, 29085176, 29086812, 176, 1812
1, 194, 2910176, 2911042, 176, 1042
1, 1940, 29100176, 29101042, 176, 1042
1, 1941, 29115176, 29116042, 176, 1042
1, 1942, 29130176, 29131042, 176, 1042
1, 1943, 29145176, 29146042, 176, 1042
1, 1944, 29160176, 29161042, 176, 1042
1, 1945, 29175176, 29176042, 176, 1042
1, 1946, 29190176, 29193823, 176, 3823
1, 1947, 29205176, 29206042, 176, 1042
1, 1948, 29220176, 29221042, 176, 1042
1, 1949, 29235176, 29236042, 176, 1042
1, 195, 2925176, 2926042, 176, 1042
1, 1950, 29250176, 29251042, 176, 1042
1, 1951, 29265176, 29267396, 176, 2396
1, 1952, 29280176, 29281042, 176, 1042
1, 1953, 29295176, 29296042, 176, 1042
1, 1954, 29310176, 29311042, 176, 1042
1, 1955, 29325176, 29326042, 176, 1042
1, 1956, 29340176, 29341042, 176, 1042
1, 1957, 29355176, 29356042, 176, 1042
1, 1958, 29370176, 29371042, 176, 1042
1, 1959, 29385176, 29386042, 176, 1042
1, 196, 2940176, 2943823, 176, 3823
1, 1960, 29400176, 29405410, 176, 5410
1, 1961, 29415176, 29416042, 176, 1042
1, 1962, 29430176, 29431042, 176, 1042
1, 1963, 29445176, 29446042, 176, 1042
1, 1964, 29460176, 29461042, 176, 1042
1, 1965, 29475176, 29476042, 176, 1042
1, 1966, 29490176, 29491042, 176, 1042
1, 1967, 29505176, 29506042, 176, 1042
1, 1968, 29520176, 29521042, 176, 1042
1, 1969, 29535176, 29536042, 176, 1042
1, 197, 2955176, 2956042, 176, 1042
1, 1970, 29550176, 29551042, 176, 1042
1, 1971, 29565176, 29566042, 176, 1042
1, 1972, 29580176, 29581042, 176, 1042
1, 1973, 29595176, 29596042, 176, 1042
1, 1974, 29610176, 29613823, 176, 3823
1, 1975, 29625176, 29626042, 176, 1042
1, 1976, 29640176, 29641042, 176, 1042
1, 1977, 29655176, 29656042, 176, 1042
1, 1978, 29670176, 29671042, 176, 1042
1, 1979, 29685176, 29689464, 176, 4464
1, 198, 2970176, 2971042, 176, 1042
1, 1980, 29700176, 29701042, 176, 1042
1, 1981, 29715176, 29716042, 176, 1042
1, 1982, 29730176, 29731042, 176, 1042
1, 1983, 29745176, 29746042, 176, 1042
1, 1984, 29760176, 29761042, 176, 1042
1, 1985, 29775176, 29776042, 176, 1042
1, 1986, 29790176, 29791042, 176, 1042
1, 1987, 29805176, 29806042, 176, 1042
1, 1988, 29820176, 29823823, 176, 3823
1, 1989, 29835176, 29836042, 176, 1042
1, 199, 2985176, 2986042, 176, 1042
1, 1990, 29850176, 29851042, 176, 1042
1, 1991, 29865176, 29866042, 176, 1042
1, 1992, 29880176, 29881042, 176, 1042
1, 1993, 29895176, 29896042, 176, 1042
1, 1994, 29910176, 29911042, 176, 1042
1, 1995, 29925176, 29927715, 176, 2715
1, 1996, 29940176, 29941042, 176, 1042
1, 1997, 29955176, 29956042, 176, 1042
1, 1998, 29970176, 29971042, 176, 1042
1, 1999, 29985176, 29986042, 176, 1042
1, 2, 30176, 31042, 176, 1042
1, 20, 300176, 301042, 176, 1042
1, 200, 3000176, 3001042, 176, 1042
1, 2000, 30000176, 30005452, 176, 5452
1, 2001, 30015176, 30016042, 176, 1042
1, 2002, 30030176, 30033823, 176, 3823
1, 2003, 30045176, 30046042, 176, 1042
1, 2004, 30060176, 30061042, 176, 1042
1, 2005, 30075176, 30076042, 176, 1042
1, 2006, 30090176, 30091042, 176, 1042
1, 2007, 30105176, 30106794, 176, 1794
1, 2008, 30120176, 30121042, 176, 1042
1, 2009, 30135176, 30136042, 176, 1042
1, 201, 3015176, 3016042, 176, 1042
1, 2010, 30150176, 30151042, 176, 1042
1, 2011, 30165176, 30166042, 176, 1042
1, 2012, 30180176, 30181042, 176, 1042
1, 2013, 30195176, 30196042, 176, 1042
1, 2014, 30210176, 30211042, 176, 1042
1, 2015, 30225176, 30226042, 176, 1042
1, 2016, 30240176, 30248487, 176, 8487
1, 2017, 30255176, 30256042, 176, 1042
1, 2018, 30270176, 30271042, 176, 1042
1, 2019, 30285176, 30286042, 176, 1042
1, 202, 3030176, 3031042, 176, 1042
1, 2020, 30300176, 30301042, 176, 1042
1, 2021, 30315176, 30316340, 176, 1340
1, 2022, 30330176, 30331042, 176, 1042
1, 2023, 30345176, 30346042, 176, 1042
1, 2024, 30360176, 30361042, 176, 1042
1, 2025, 30375176, 30376042, 176, 1042
1, 2026, 30390176, 30391042, 176, 1042
1, 2027, 30405176, 30406042, 176, 1042
1, 2028, 30420176, 30421042, 176, 1042
1, 2029, 30435176, 30436042, 176, 1042
1, 203, 3045176, 3047397, 176, 2397
1, 2030, 30450176, 30455258, 176, 5258
1, 2031, 30465176, 30466042, 176, 1042
1, 2032, 30480176, 30481042, 176, 1042
1, 2033, 30495176, 30496042, 176, 1042
1, 2034, 30510176, 30511042, 176, 1042
1, 2035, 30525176, 30528588, 176, 3588
1, 2036, 30540176, 30541042, 176, 1042
1, 2037, 30555176, 30556042, 176, 1042
1, 2038, 30570176, 30571042, 176, 1042
1, 2039, 30585176, 30586042, 176, 1042
1, 204, 3060176, 3061042, 176, 1042
1, 2040, 30600176, 30601042, 176, 1042
1, 2041, 30615176, 30616042, 176, 1042
1, 2042, 30630176, 30631042, 176, 1042
1, 2043, 30645176, 30646042, 176, 1042
1, 2044, 30660176, 30663823, 176, 3823
1, 2045, 30675176, 30676042, 176, 1042
1, 2046, 30690176, 30691042, 176, 1042
1, 2047, 30705176, 30706042, 176, 1042
1, 2048, 30720176, 30721042, 176, 1042
1, 2049, 30735176, 30736042, 176, 1042
1, 205, 3075176, 3076042, 176, 1042
1, 2050, 30750176, 30751042, 176, 1042
1, 2051, 30765176, 30766812, 176, 1812
1, 2052, 30780176, 30781042, 176, 1042
1, 2053, 30795176, 30796042, 176, 1042
1, 2054, 30810176, 30811042, 176, 1042
1, 2055, 30825176, 30826042, 176, 1042
1, 2056, 30840176, 30841042, 176, 1042
1, 2057, 30855176, 30856042, 176, 1042
1, 2058, 30870176, 30873823, 176, 3823
1, 2059, 30885176, 30886042, 176, 1042
1, 206, 3090176, 3091042, 176, 1042
1, 2060, 30900176, 30901042, 176, 1042
1, 2061, 30915176, 30916042, 176, 1042
1, 2062, 30930176, 30931042, 176, 1042
1, 2063, 30945176, 30946042, 176, 1042
1, 2064, 30960176, 30961042, 176, 1042
1, 2065, 30975176, 30977397, 176, 2397
1, 2066, 30990176, 30991042, 176, 1042
1, 2067, 31005176, 31006042, 176, 1042
1, 2068, 31020176, 31021042, 176, 1042
1, 2069, 31035176, 31036042, 176, 1042
1, 207, 3105176, 3106042, 176, 1042
1, 2070, 31050176, 31051042, 176, 1042
1, 2071, 31065176, 31066042, 176, 1042
1, 2072, 31080176, 31084295, 176, 4295
1, 2073, 31095176, 31096042, 176, 1042
1, 2074, 31110176, 31111042, 176, 1042
1, 2075, 31125176, 31126042, 176, 1042
1, 2076, 31140176, 31141042, 176, 1042
1, 2077, 31155176, 31156794, 176, 1794
1, 2078, 31170176, 31171042, 176, 1042
1, 2079, 31185176, 31186042, 176, 1042
1, 208, 3120176, 3122750, 176, 2750
1, 2080, 31200176, 31202940, 176, 2940
1, 2081, 31215176, 31216042, 176, 1042
1, 2082, 31230176, 31231042, 176, 1042
1, 2083, 31245176, 31246042, 176, 1042
1, 2084, 31260176, 31261042, 176, 1042
1, 2085, 31275176, 31276042, 176, 1042
1, 2086, 31290176, 31293823, 176, 3823
1, 2087, 31305176, 31306042, 176, 1042
1, 2088, 31320176, 31321042, 176, 1042
1, 2089, 31335176, 31336042, 176, 1042
1, 209, 3135176, 3136042, 176, 1042
1, 2090, 31350176, 31351042, 176, 1042
1, 2091, 31365176, 31369464, 176, 4464
1, 2092, 31380176, 31381042, 176, 1042
1, 2093, 31395176, 31396042, 176, 1042
1, 2094, 31410176, 31411042, 176, 1042
1, 2095, 31425176, 31426042, 176, 1042
1, 2096, 31440176, 31441042, 176, 1042
1, 2097, 31455176, 31456042, 176, 1042
1, 2098, 31470176, 31471042, 176, 1042
1, 2099, 31485176, 31486042, 176, 1042
1, 21, 315176, 316042, 176, 1042
1, 210, 3150176, 3155258, 176, 5258
1, 2100, 31500176, 31505258, 176, 5258
1, 2101, 31515176, 31516042, 176, 1042
1, 2102, 31530176, 31531042, 176, 1042
1, 2103, 31545176, 31546042, 176, 1042
1, 2104, 31560176, 31561042, 176, 1042
1, 2105, 31575176, 31576042, 176, 1042
1, 2106, 31590176, 31591042, 176, 1042
1, 2107, 31605176, 31607083, 176, 2083
1, 2108, 31620176, 31621042, 176, 1042
1, 2109, 31635176, 31636042, 176, 1042
1, 211, 3165176, 3166042, 176, 1042
1, 2110, 31650176, 31651042, 176, 1042
1, 2111, 31665176, 31666042, 176, 1042
1, 2112, 31680176, 31682493, 176, 2493
1, 2113, 31695176, 31696042, 176, 1042
1, 2114, 31710176, 31713823, 176, 3823
1, 2115, 31725176, 31726042, 176, 1042
1, 2116, 31740176, 31741042, 176, 1042
1, 2117, 31755176, 31756042, 176, 1042
1, 2118, 31770176, 31771042, 176, 1042
1, 2119, 31785176, 31786042, 176, 1042
1, 212, 3180176, 3181042, 176, 1042
1, 2120, 31800176, 31801042, 176, 1042
1, 2121, 31815176, 31816042, 176, 1042
1, 2122, 31830176, 31831042, 176, 1042
1, 2123, 31845176, 31846042, 176, 1042
1, 2124, 31860176, 31861042, 176, 1042
1, 2125, 31875176, 31876042, 176, 1042
1, 2126, 31890176, 31891042, 176, 1042
1, 2127, 31905176, 31906042, 176, 1042
1, 2128, 31920176, 31929576, 176, 9576
1, 2129, 31935176, 31936042, 176, 1042
1, 213, 3195176, 3196042, 176, 1042
1, 2130, 31950176, 31951042, 176, 1042
1, 2131, 31965176, 31966042, 176, 1042
1, 2132, 31980176, 31981042, 176, 1042
1, 2133, 31995176, 31996042, 176, 1042
1, 2134, 32010176, 32011042, 176, 1042
1, 2135, 32025176, 32026812, 176, 1812
1, 2136, 32040176, 32041042, 176, 1042
1, 2137, 32055176, 32056042, 176, 1042
1, 2138, 32070176, 32071042, 176, 1042
1, 2139, 32085176, 32086042, 176, 1042
1, 214, 3210176, 3211042, 176, 1042
1, 2140, 32100176, 32101042, 176, 1042
1, 2141, 32115176, 32116042, 176, 1042
1, 2142, 32130176, 32133823, 176, 3823
1, 2143, 32145176, 32146042, 176, 1042
1, 2144, 32160176, 32161042, 176, 1042
1, 2145, 32175176, 32176042, 176, 1042
1, 2146, 32190176, 32191042, 176, 1042
1, 2147, 32205176, 32209558, 176, 4558
1, 2148, 32220176, 32221042, 176, 1042
1, 2149, 32235176, 32236042, 176, 1042
1, 215, 3225176, 3226042, 176, 1042
1, 2150, 32250176, 32251042, 176, 1042
1, 2151, 32265176, 32266042, 176, 1042
1, 2152, 32280176, 32281042, 176, 1042
1, 2153, 32295176, 32296042, 176, 1042
1, 2154, 32310176, 32311042, 176, 1042
1, 2155, 32325176, 32326042, 176, 1042
1, 2156, 32340176, 32343823, 176, 3823
1, 2157, 32355176, 32356042, 176, 1042
1, 2158, 32370176, 32371042, 176, 1042
1, 2159, 32385176, 32386042, 176, 1042
1, 216, 3240176, 3241042, 176, 1042
1, 2160, 32400176, 32406737, 176, 6737
1, 2161, 32415176, 32416042, 176, 1042
1, 2162, 32430176, 32431042, 176, 1042
1, 2163, 32445176, 32446812, 176, 1812
1, 2164, 32460176, 32461042, 176, 1042
1, 2165, 32475176, 32476042, 176, 1042
1, 2166, 32490176, 32491042, 176, 1042
1, 2167, 32505176, 32506042, 176, 1042
1, 2168, 32520176, 32521042, 176, 1042
1, 2169, 32535176, 32536042, 176, 1042
1, 217, 3255176, 3256042, 176, 1042
1, 2170, 32550176, 32555258, 176, 5258
1, 2171, 32565176, 32566042, 176, 1042
1, 2172, 32580176, 32581042, 176, 1042
1, 2173, 32595176, 32596042, 176, 1042
1, 2174, 32610176, 32611042, 176, 1042
1, 2175, 32625176, 32626042, 176, 1042
1, 2176, 32640176, 32641042, 176, 1042
1, 2177, 32655176, 32656042, 176, 1042
1, 2178, 32670176, 32671042, 176, 1042
1, 2179, 32685176, 32686042, 176, 1042
1, 218, 3270176, 3271042, 176, 1042
1, 2180, 32700176, 32701042, 176, 1042
1, 2181, 32715176, 32716042, 176, 1042
1, 2182, 32730176, 32731042, 176, 1042
1, 2183, 32745176, 32746042, 176, 1042
1, 2184, 32760176, 32764295, 176, 4295
1, 2185, 32775176, 32776042, 176, 1042
1, 2186, 32790176, 32791042, 176, 1042
1, 2187, 32805176, 32806042, 176, 1042
1, 2188, 32820176, 32821042, 176, 1042
1, 2189, 32835176, 32836042, 176, 1042
1, 219, 3285176, 3286042, 176, 1042
1, 2190, 32850176, 32851042, 176, 1042
1, 2191, 32865176, 32866042, 176, 1042
1, 2192, 32880176, 32881042, 176, 1042
1, 2193, 32895176, 32896042, 176, 1042
1, 2194, 32910176, 32911042, 176, 1042
1, 2195, 32925176, 32926042, 176, 1042
1, 2196, 32940176, 32941042, 176, 1042
1, 2197, 32955176, 32956042, 176, 1042
1, 2198, 32970176, 32975282, 176, 5282
1, 2199, 32985176, 32986042, 176, 1042
1, 22, 330176, 331042, 176, 1042
1, 220, 3300176, 3301042, 176, 1042
1, 2200, 33000176, 33001042, 176, 1042
1, 2201, 33015176, 33016042, 176, 1042
1, 2202, 33030176, 33031042, 176, 1042
1, 2203, 33045176, 33049464, 176, 4464
1, 2204, 33060176, 33061042, 176, 1042
1, 2205, 33075176, 33076812, 176, 1812
1, 2206, 33090176, 33091042, 176, 1042
1, 2207, 33105176, 33106042, 176, 1042
1, 2208, 33120176, 33121042, 176, 1042
1, 2209, 33135176, 33136042, 176, 1042
1, 221, 3315176, 3316042, 176, 1042
1, 2210, 33150176, 33151042, 176, 1042
1, 2211, 33165176, 33166042, 176, 1042
1, 2212, 33180176, 33183823, 176, 3823
1, 2213, 33195176, 33196042, 176, 1042
1, 2214, 33210176, 33211042, 176, 1042
1, 2215, 33225176, 33226042, 176, 1042
1, 2216, 33240176, 33241042, 176, 1042
1, 2217, 33255176, 33258169, 176, 3169
1, 2218, 33270176, 33271042, 176, 1042
1, 2219, 33285176, 33287083, 176, 2083
1, 222, 3330176, 3333092, 176, 3092
1, 2220, 33300176, 33301042, 176, 1042
1, 2221, 33315176, 33316042, 176, 1042
1, 2222, 33330176, 33331042, 176, 1042
1, 2223, 33345176, 33346042, 176, 1042
1, 2224, 33360176, 33362750, 176, 2750
1, 2225, 33375176, 33376042, 176, 1042
1, 2226, 33390176, 33393823, 176, 3823
1, 2227, 33405176, 33406042, 176, 1042
1, 2228, 33420176, 33421042, 176, 1042
1, 2229, 33435176, 33436042, 176, 1042
1, 223, 3345176, 3346042, 176, 1042
1, 2230, 33450176, 33451042, 176, 1042
1, 2231, 33465176, 33466042, 176, 1042
1, 2232, 33480176, 33481042, 176, 1042
1, 2233, 33495176, 33496042, 176, 1042
1, 2234, 33510176, 33511042, 176, 1042
1, 2235, 33525176, 33526042, 176, 1042
1, 2236, 33540176, 33541042, 176, 1042
1, 2237, 33555176, 33556042, 176, 1042
1, 2238, 33570176, 33571042, 176, 1042
1, 2239, 33585176, 33586042, 176, 1042
1, 224, 3360176, 3368487, 176, 8487
1, 2240, 33600176, 33608487, 176, 8487
1, 2241, 33615176, 33616042, 176, 1042
1, 2242, 33630176, 33631042, 176, 1042
1, 2243, 33645176, 33646042, 176, 1042
1, 2244, 33660176, 33661042, 176, 1042
1, 2245, 33675176, 33676042, 176, 1042
1, 2246, 33690176, 33691042, 176, 1042
1, 2247, 33705176, 33706042, 176, 1042
1, 2248, 33720176, 33721042, 176, 1042
1, 2249, 33735176, 33736042, 176, 1042
1, 225, 3375176, 3376042, 176, 1042
1, 2250, 33750176, 33751042, 176, 1042
1, 2251, 33765176, 33766042, 176, 1042
1, 2252, 33780176, 33781042, 176, 1042
1, 2253, 33795176, 33796042, 176, 1042
1, 2254, 33810176, 33813823, 176, 3823
1, 2255, 33825176, 33826042, 176, 1042
1, 2256, 33840176, 33841042, 176, 1042
1, 2257, 33855176, 33856042, 176, 1042
1, 2258, 33870176, 33871042, 176, 1042
1, 2259, 33885176, 33887637, 176, 2637
1, 226, 3390176, 3391042, 176, 1042
1, 2260, 33900176, 33901042, 176, 1042
1, 2261, 33915176, 33916812, 176, 1812
1, 2262, 33930176, 33931042, 176, 1042
1, 2263, 33945176, 33946042, 176, 1042
1, 2264, 33960176, 33961042, 176, 1042
1, 2265, 33975176, 33976042, 176, 1042
1, 2266, 33990176, 33991042, 176, 1042
1, 2267, 34005176, 34006042, 176, 1042
1, 2268, 34020176, 34023823, 176, 3823
1, 2269, 34035176, 34036042, 176, 1042
1, 227, 3405176, 3406042, 176, 1042
1, 2270, 34050176, 34051042, 176, 1042
1, 2271, 34065176, 34066042, 176, 1042
1, 2272, 34080176, 34081042, 176, 1042
1, 2273, 34095176, 34096042, 176, 1042
1, 2274, 34110176, 34111042, 176, 1042
1, 2275, 34125176, 34127397, 176, 2397
1, 2276, 34140176, 34141042, 176, 1042
1, 2277, 34155176, 34156042, 176, 1042
1, 2278, 34170176, 34171042, 176, 1042
1, 2279, 34185176, 34186042, 176, 1042
1, 228, 3420176, 3421042, 176, 1042
1, 2280, 34200176, 34205503, 176, 5503
1, 2281, 34215176, 34216042, 176, 1042
1, 2282, 34230176, 34233823, 176, 3823
1, 2283, 34245176, 34246042, 176, 1042
1, 2284, 34260176, 34261042, 176, 1042
1, 2285, 34275176, 34276042, 176, 1042
1, 2286, 34290176, 34291042, 176, 1042
1, 2287, 34305176, 34307553, 176, 2553
1, 2288, 34320176, 34321042, 176, 1042
1, 2289, 34335176, 34336042, 176, 1042
1, 229, 3435176, 3436042, 176, 1042
1, 2290, 34350176, 34351042, 176, 1042
1, 2291, 34365176, 34366042, 176, 1042
1, 2292, 34380176, 34381042, 176, 1042
1, 2293, 34395176, 34396042, 176, 1042
1, 2294, 34410176, 34411042, 176, 1042
1, 2295, 34425176, 34426042, 176, 1042
1, 2296, 34440176, 34444295, 176, 4295
1, 2297, 34455176, 34456042, 176, 1042
1, 2298, 34470176, 34471042, 176, 1042
1, 2299, 34485176, 34486042, 176, 1042
1, 23, 345176, 346042, 176, 1042
1, 230, 3450176, 3451042, 176, 1042
1, 2300, 34500176, 34501042, 176, 1042
1, 2301, 34515176, 34516042, 176, 1042
1, 2302, 34530176, 34531042, 176, 1042
1, 2303, 34545176, 34546042, 176, 1042
1, 2304, 34560176, 34561042, 176, 1042
1, 2305, 34575176, 34576042, 176, 1042
1, 2306, 34590176, 34591042, 176, 1042
1, 2307, 34605176, 34606042, 176, 1042
1, 2308, 34620176, 34621042, 176, 1042
1, 2309, 34635176, 34636042, 176, 1042
1, 231, 3465176, 3466042, 176, 1042
1, 2310, 34650176, 34655258, 176, 5258
1, 2311, 34665176, 34666042, 176, 1042
1, 2312, 34680176, 34681042, 176, 1042
1, 2313, 34695176, 34696042, 176, 1042
1, 2314, 34710176, 34711042, 176, 1042
1, 2315, 34725176, 34730113, 176, 5113
1, 2316, 34740176, 34741042, 176, 1042
1, 2317, 34755176, 34756042, 176, 1042
1, 2318, 34770176, 34771042, 176, 1042
1, 2319, 34785176, 34786042, 176, 1042
1, 232, 3480176, 3481042, 176, 1042
1, 2320, 34800176, 34802940, 176, 2940
1, 2321, 34815176, 34816042, 176, 1042
1, 2322, 34830176, 34831042, 176, 1042
1, 2323, 34845176, 34846042, 176, 1042
1, 2324, 34860176, 34863823, 176, 3823
1, 2325, 34875176, 34876042, 176, 1042
1, 2326, 34890176, 34891042, 176, 1042
1, 2327, 34905176, 34906042, 176, 1042
1, 2328, 34920176, 34921042, 176, 1042
1, 2329, 34935176, 34936042, 176, 1042
1, 233, 3495176, 3496042, 176, 1042
1, 2330, 34950176, 34951042, 176, 1042
1, 2331, 34965176, 34967397, 176, 2397
1, 2332, 34980176, 34981042, 176, 1042
1, 2333, 34995176, 34996042, 176, 1042
1, 2334, 35010176, 35011042, 176, 1042
1, 2335, 35025176, 35026042, 176, 1042
1, 2336, 35040176, 35042750, 176, 2750
1, 2337, 35055176, 35056042, 176, 1042
1, 2338, 35070176, 35073823, 176, 3823
1, 2339, 35085176, 35086042, 176, 1042
1, 234, 3510176, 3511042, 176, 1042
1, 2340, 35100176, 35101042, 176, 1042
1, 2341, 35115176, 35116042, 176, 1042
1, 2342, 35130176, 35131042, 176, 1042
1, 2343, 35145176, 35146042, 176, 1042
1, 2344, 35160176, 35161042, 176, 1042
1, 2345, 35175176, 35176812, 176, 1812
1, 2346, 35190176, 35191042, 176, 1042
1, 2347, 35205176, 35206042, 176, 1042
1, 2348, 35220176, 35221042, 176, 1042
1, 2349, 35235176, 35236042, 176, 1042
1, 235, 3525176, 3526042, 176, 1042
1, 2350, 35250176, 35252834, 176, 2834
1, 2351, 35265176, 35266042, 176, 1042
1, 2352, 35280176, 35288487, 176, 8487
1, 2353, 35295176, 35296042, 176, 1042
1, 2354, 35310176, 35311042, 176, 1042
1, 2355, 35325176, 35326042, 176, 1042
1, 2356, 35340176, 35341042, 176, 1042
1, 2357, 35355176, 35356794, 176, 1794
1, 2358, 35370176, 35371042, 176, 1042
1, 2359, 35385176, 35386042, 176, 1042
1, 236, 3540176, 3541042, 176, 1042
1, 2360, 35400176, 35401042, 176, 1042
1, 2361, 35415176, 35416042, 176, 1042
1, 2362, 35430176, 35431042, 176, 1042
1, 2363, 35445176, 35446042, 176, 1042
1, 2364, 35460176, 35461042, 176, 1042
1, 2365, 35475176, 35476042, 176, 1042
1, 2366, 35490176, 35493823, 176, 3823
1, 2367, 35505176, 35506042, 176, 1042
1, 2368, 35520176, 35521042, 176, 1042
1, 2369, 35535176, 35536042, 176, 1042
1, 237, 3555176, 3556042, 176, 1042
1, 2370, 35550176, 35551042, 176, 1042
1, 2371, 35565176, 35567637, 176, 2637
1, 2372, 35580176, 35581042, 176, 1042
1, 2373, 35595176, 35596042, 176, 1042
1, 2374, 35610176, 35611042, 176, 1042
1, 2375, 35625176, 35626042, 176, 1042
1, 2376, 35640176, 35641042, 176, 1042
1, 2377, 35655176, 35656042, 176, 1042
1, 2378, 35670176, 35671042, 176, 1042
1, 2379, 35685176, 35686042, 176, 1042
1, 238, 3570176, 3573823, 176, 3823
1, 2380, 35700176, 35705258, 176, 5258
1, 2381, 35715176, 35716042, 176, 1042
1, 2382, 35730176, 35731042, 176, 1042
1, 2383, 35745176, 35746042, 176, 1042
1, 2384, 35760176, 35761042, 176, 1042
1, 2385, 35775176, 35776042, 176, 1042
1, 2386, 35790176, 35791042, 176, 1042
1, 2387, 35805176, 35806812, 176, 1812
1, 2388, 35820176, 35821042, 176, 1042
1, 2389, 35835176, 35836042, 176, 1042
1, 239, 3585176, 3586042, 176, 1042
1, 2390, 35850176, 35851042, 176, 1042
1, 2391, 35865176, 35866042, 176, 1042
1, 2392, 35880176, 35881042, 176, 1042
1, 2393, 35895176, 35896042, 176, 1042
1, 2394, 35910176, 35914295, 176, 4295
1, 2395, 35925176, 35926042, 176, 1042
1, 2396, 35940176, 35941042, 176, 1042
1, 2397, 35955176, 35956042, 176, 1042
1, 2398, 35970176, 35971042, 176, 1042
1, 2399, 35985176, 35986042, 176, 1042
1, 24, 360176, 361042, 176, 1042
1, 240, 3600176, 3602940, 176, 2940
1, 2400, 36000176, 36002940, 176, 2940
1, 2401, 36015176, 36016042, 176, 1042
1, 2402, 36030176, 36031042, 176, 1042
1, 2403, 36045176, 36046042, 176, 1042
1, 2404, 36060176, 36061042, 176, 1042
1, 2405, 36075176, 36076042, 176, 1042
1, 2406, 36090176, 36091042, 176, 1042
1, 2407, 36105176, 36106042, 176, 1042
1, 2408, 36120176, 36124295, 176, 4295
1, 2409, 36135176, 36136042, 176, 1042
1, 241, 3615176, 3616042, 176, 1042
1, 2410, 36150176, 36151042, 176, 1042
1, 2411, 36165176, 36166042, 176, 1042
1, 2412, 36180176, 36181042, 176, 1042
1, 2413, 36195176, 36196042, 176, 1042
1, 2414, 36210176, 36211042, 176, 1042
1, 2415, 36225176, 36226812, 176, 1812
1, 2416, 36240176, 36241042, 176, 1042
1, 2417, 36255176, 36256042, 176, 1042
1, 2418, 36270176, 36271042, 176, 1042
1, 2419, 36285176, 36286042, 176, 1042
1, 242, 3630176, 3631042, 176, 1042
1, 2420, 36300176, 36301042, 176, 1042
1, 2421, 36315176, 36316042, 176, 1042
1, 2422, 36330176, 36333823, 176, 3823
1, 2423, 36345176, 36346042, 176, 1042
1, 2424, 36360176, 36361042, 176, 1042
1, 2425, 36375176, 36376042, 176, 1042
1, 2426, 36390176, 36391042, 176, 1042
1, 2427, 36405176, 36418635, 176, 13635
1, 2428, 36420176, 36421042, 176, 1042
1, 2429, 36435176, 36436042, 176, 1042
1, 243, 3645176, 3647637, 176, 2637
1, 2430, 36450176, 36451042, 176, 1042
1, 2431, 36465176, 36466042, 176, 1042
1, 2432, 36480176, 36482940, 176, 2940
1, 2433, 36495176, 36496042, 176, 1042
1, 2434, 36510176, 36511042, 176, 1042
1, 2435, 36525176, 36526042, 176, 1042
1, 2436, 36540176, 36543823, 176, 3823
1, 2437, 36555176, 36556042, 176, 1042
1, 2438, 36570176, 36571042, 176, 1042
1, 2439, 36585176, 36586042, 176, 1042
1, 244, 3660176, 3661042, 176, 1042
1, 2440, 36600176, 36601042, 176, 1042
1, 2441, 36615176, 36616042, 176, 1042
1, 2442, 36630176, 36631042, 176, 1042
1, 2443, 36645176, 36647083, 176, 2083
1, 2444, 36660176, 36661042, 176, 1042
1, 2445, 36675176, 36676042, 176, 1042
1, 2446, 36690176, 36691042, 176, 1042
1, 2447, 36705176, 36706042, 176, 1042
1, 2448, 36720176, 36722750, 176, 2750
1, 2449, 36735176, 36736042, 176, 1042
1, 245, 3675176, 3676812, 176, 1812
1, 2450, 36750176, 36755258, 176, 5258
1, 2451, 36765176, 36766042, 176, 1042
1, 2452, 36780176, 36781042, 176, 1042
1, 2453, 36795176, 36796042, 176, 1042
1, 2454, 36810176, 36811042, 176, 1042
1, 2455, 36825176, 36826042, 176, 1042
1, 2456, 36840176, 36841042, 176, 1042
1, 2457, 36855176, 36856042, 176, 1042
1, 2458, 36870176, 36871042, 176, 1042
1, 2459, 36885176, 36886042, 176, 1042
1, 246, 3690176, 3691042, 176, 1042
1, 2460, 36900176, 36901042, 176, 1042
1, 2461, 36915176, 36916042, 176, 1042
1, 2462, 36930176, 36931042, 176, 1042
1, 2463, 36945176, 36946042, 176, 1042
1, 2464, 36960176, 36968487, 176, 8487
1, 2465, 36975176, 36976042, 176, 1042
1, 2466, 36990176, 36991042, 176, 1042
1, 2467, 37005176, 37006042, 176, 1042
1, 2468, 37020176, 37021042, 176, 1042
1, 2469, 37035176, 37036042, 176, 1042
1, 247, 3705176, 3706042, 176, 1042
1, 2470, 37050176, 37051042, 176, 1042
1, 2471, 37065176, 37066042, 176, 1042
1, 2472, 37080176, 37081042, 176, 1042
1, 2473, 37095176, 37096042, 176, 1042
1, 2474, 37110176, 37111042, 176, 1042
1, 2475, 37125176, 37126042, 176, 1042
1, 2476, 37140176, 37141042, 176, 1042
1, 2477, 37155176, 37156042, 176, 1042
1, 2478, 37170176, 37173823, 176, 3823
1, 2479, 37185176, 37186042, 176, 1042
1, 248, 3720176, 3721042, 176, 1042
1, 2480, 37200176, 37202940, 176, 2940
1, 2481, 37215176, 37216042, 176, 1042
1, 2482, 37230176, 37231042, 176, 1042
1, 2483, 37245176, 37249677, 176, 4677
1, 2484, 37260176, 37261042, 176, 1042
1, 2485, 37275176, 37276812, 176, 1812
1, 2486, 37290176, 37291042, 176, 1042
1, 2487, 37305176, 37306042, 176, 1042
1, 2488, 37320176, 37321042, 176, 1042
1, 2489, 37335176, 37336042, 176, 1042
1, 249, 3735176, 3736042, 176, 1042
1, 2490, 37350176, 37351042, 176, 1042
1, 2491, 37365176, 37366042, 176, 1042
1, 2492, 37380176, 37383823, 176, 3823
1, 2493, 37395176, 37396042, 176, 1042
1, 2494, 37410176, 37411042, 176, 1042
1, 2495, 37425176, 37426042, 176, 1042
1, 2496, 37440176, 37441042, 176, 1042
1, 2497, 37455176, 37456794, 176, 1794
1, 2498, 37470176, 37471042, 176, 1042
1, 2499, 37485176, 37486812, 176, 1812
1, 25, 375176, 376042, 176, 1042
1, 250, 3750176, 3751042, 176, 1042
1, 2500, 37500176, 37501042, 176, 1042
1, 2501, 37515176, 37516042, 176, 1042
1, 2502, 37530176, 37535215, 176, 5215
1, 2503, 37545176, 37546042, 176, 1042
1, 2504, 37560176, 37561042, 176, 1042
1, 2505, 37575176, 37576042, 176, 1042
1, 2506, 37590176, 37593823, 176, 3823
1, 2507, 37605176, 37606042, 176, 1042
1, 2508, 37620176, 37621042, 176, 1042
1, 2509, 37635176, 37636042, 176, 1042
1, 251, 3765176, 3766042, 176, 1042
1, 2510, 37650176, 37651042, 176, 1042
1, 2511, 37665176, 37666042, 176, 1042
1, 2512, 37680176, 37681042, 176, 1042
1, 2513, 37695176, 37696042, 176, 1042
1, 2514, 37710176, 37711042, 176, 1042
1, 2515, 37725176, 37726042, 176, 1042
1, 2516, 37740176, 37741042, 176, 1042
1, 2517, 37755176, 37756042, 176, 1042
1, 2518, 37770176, 37771042, 176, 1042
1, 2519, 37785176, 37786042, 176, 1042
1, 252, 3780176, 3783823, 176, 3823
1, 2520, 37800176, 37805410, 176, 5410
1, 2521, 37815176, 37816042, 176, 1042
1, 2522, 37830176, 37831042, 176, 1042
1, 2523, 37845176, 37846042, 176, 1042
1, 2524, 37860176, 37861042, 176, 1042
1, 2525, 37875176, 37876042, 176, 1042
1, 2526, 37890176, 37891042, 176, 1042
1, 2527, 37905176, 37906812, 176, 1812
1, 2528, 37920176, 37921042, 176, 1042
1, 2529, 37935176, 37936042, 176, 1042
1, 253, 3795176, 3796042, 176, 1042
1, 2530, 37950176, 37951042, 176, 1042
1, 2531, 37965176, 37966042, 176, 1042
1, 2532, 37980176, 37981042, 176, 1042
1, 2533, 37995176, 37996042, 176, 1042
1, 2534, 38010176, 38013823, 176, 3823
1, 2535, 38025176, 38026042, 176, 1042
1, 2536, 38040176, 38041042, 176, 1042
1, 2537, 38055176, 38056042, 176, 1042
1, 2538, 38070176, 38071042, 176, 1042
1, 2539, 38085176, 38089464, 176, 4464
1, 254, 3810176, 3811042, 176, 1042
1, 2540, 38100176, 38101042, 176, 1042
1, 2541, 38115176, 38116042, 176, 1042
1, 2542, 38130176, 38131042, 176, 1042
1, 2543, 38145176, 38146042, 176, 1042
1, 2544, 38160176, 38161042, 176, 1042
1, 2545, 38175176, 38176042, 176, 1042
1, 2546, 38190176, 38191042, 176, 1042
1, 2547, 38205176, 38206042, 176, 1042
1, 2548, 38220176, 38223823, 176, 3823
1, 2549, 38235176, 38236042, 176, 1042
1, 255, 3825176, 3826042, 176, 1042
1, 2550, 38250176, 38251042, 176, 1042
1, 2551, 38265176, 38266042, 176, 1042
1, 2552, 38280176, 38281042, 176, 1042
1, 2553, 38295176, 38296340, 176, 1340
1, 2554, 38310176, 38311042, 176, 1042
1, 2555, 38325176, 38327397, 176, 2397
1, 2556, 38340176, 38341042, 176, 1042
1, 2557, 38355176, 38356042, 176, 1042
1, 2558, 38370176, 38371042, 176, 1042
1, 2559, 38385176, 38386042, 176, 1042
1, 256, 3840176, 3841042, 176, 1042
1, 2560, 38400176, 38405452, 176, 5452
1, 2561, 38415176, 38416042, 176, 1042
1, 2562, 38430176, 38433823, 176, 3823
1, 2563, 38445176, 38446042, 176, 1042
1, 2564, 38460176, 38461042, 176, 1042
1, 2565, 38475176, 38476042, 176, 1042
1, 2566, 38490176, 38491042, 176, 1042
1, 2567, 38505176, 38506794, 176, 1794
1, 2568, 38520176, 38521042, 176, 1042
1, 2569, 38535176, 38536042, 176, 1042
1, 257, 3855176, 3856794, 176, 1794
1, 2570, 38550176, 38551042, 176, 1042
1, 2571, 38565176, 38566042, 176, 1042
1, 2572, 38580176, 38581042, 176, 1042
1, 2573, 38595176, 38596042, 176, 1042
1, 2574, 38610176, 38611042, 176, 1042
1, 2575, 38625176, 38626042, 176, 1042
1, 2576, 38640176, 38648487, 176, 8487
1, 2577, 38655176, 38656042, 176, 1042
1, 2578, 38670176, 38671042, 176, 1042
1, 2579, 38685176, 38686042, 176, 1042
1, 258, 3870176, 3871042, 176, 1042
1, 2580, 38700176, 38701042, 176, 1042
1, 2581, 38715176, 38716042, 176, 1042
1, 2582, 38730176, 38731042, 176, 1042
1, 2583, 38745176, 38746042, 176, 1042
1, 2584, 38760176, 38761042, 176, 1042
1, 2585, 38775176, 38776042, 176, 1042
1, 2586, 38790176, 38791042, 176, 1042
1, 2587, 38805176, 38806042, 176, 1042
1, 2588, 38820176, 38821042, 176, 1042
1, 2589, 38835176, 38836042, 176, 1042
1, 259, 3885176, 3886812, 176, 1812
1, 2590, 38850176, 38855258, 176, 5258
1, 2591, 38865176, 38866042, 176, 1042
1, 2592, 38880176, 38881042, 176, 1042
1, 2593, 38895176, 38896042, 176, 1042
1, 2594, 38910176, 38911042, 176, 1042
1, 2595, 38925176, 38928588, 176, 3588
1, 2596, 38940176, 38941042, 176, 1042
1, 2597, 38955176, 38956812, 176, 1812
1, 2598, 38970176, 38971042, 176, 1042
1, 2599, 38985176, 38986042, 176, 1042
1, 26, 390176, 391042, 176, 1042
1, 260, 3900176, 3901042, 176, 1042
1, 2600, 39000176, 39001042, 176, 1042
1, 2601, 39015176, 39016042, 176, 1042
1, 2602, 39030176, 39031042, 176, 1042
1, 2603, 39045176, 39046042, 176, 1042
1, 2604, 39060176, 39063823, 176, 3823
1, 2605, 39075176, 39076042, 176, 1042
1, 2606, 39090176, 39091042, 176, 1042
1, 2607, 39105176, 39106042, 176, 1042
1, 2608, 39120176, 39121042, 176, 1042
1, 2609, 39135176, 39136042, 176, 1042
1, 261, 3915176, 3916042, 176, 1042
1, 2610, 39150176, 39151042, 176, 1042
1, 2611, 39165176, 39166812, 176, 1812
1, 2612, 39180176, 39181042, 176, 1042
1, 2613, 39195176, 39196042, 176, 1042
1, 2614, 39210176, 39211042, 176, 1042
1, 2615, 39225176, 39226042, 176, 1042
1, 2616, 39240176, 39242750, 176, 2750
1, 2617, 39255176, 39256042, 176, 1042
1, 2618, 39270176, 39273823, 176, 3823
1, 2619, 39285176, 39286042, 176, 1042
1, 262, 3930176, 3931042, 176, 1042
1, 2620, 39300176, 39301042, 176, 1042
1, 2621, 39315176, 39316042, 176, 1042
1, 2622, 39330176, 39331042, 176, 1042
1, 2623, 39345176, 39346042, 176, 1042
1, 2624, 39360176, 39361042, 176, 1042
1, 2625, 39375176, 39376812, 176, 1812
1, 2626, 39390176, 39391042, 176, 1042
1, 2627, 39405176, 39406042, 176, 1042
1, 2628, 39420176, 39421042, 176, 1042
1, 2629, 39435176, 39436042, 176, 1042
1, 263, 3945176, 3946042, 176, 1042
1, 2630, 39450176, 39451042, 176, 1042
1, 2631, 39465176, 39466042, 176, 1042
1, 2632, 39480176, 39484295, 176, 4295
1, 2633, 39495176, 39496042, 176, 1042
1, 2634, 39510176, 39511042, 176, 1042
1, 2635, 39525176, 39527083, 176, 2083
1, 2636, 39540176, 39541042, 176, 1042
1, 2637, 39555176, 39556794, 176, 1794
1, 2638, 39570176, 39571042, 176, 1042
1, 2639, 39585176, 39586042, 176, 1042
1, 264, 3960176, 3961042, 176, 1042
1, 2640, 39600176, 39602940, 176, 2940
1, 2641, 39615176, 39616042, 176, 1042
1, 2642, 39630176, 39631042, 176, 1042
1, 2643, 39645176, 39646042, 176, 1042
1, 2644, 39660176, 39661042, 176, 1042
1, 2645, 39675176, 39676042, 176, 1042
1, 2646, 39690176, 39693823, 176, 3823
1, 2647, 39705176, 39706042, 176, 1042
1, 2648, 39720176, 39721042, 176, 1042
1, 2649, 39735176, 39736042, 176, 1042
1, 265, 3975176, 3976042, 176, 1042
1, 2650, 39750176, 39751042, 176, 1042
1, 2651, 39765176, 39769464, 176, 4464
1, 2652, 39780176, 39781042, 176, 1042
1, 2653, 39795176, 39796042, 176, 1042
1, 2654, 39810176, 39811042, 176, 1042
1, 2655, 39825176, 39826042, 176, 1042
1, 2656, 39840176, 39841042, 176, 1042
1, 2657, 39855176, 39856042, 176, 1042
1, 2658, 39870176, 39871042, 176, 1042
1, 2659, 39885176, 39886042, 176, 1042
1, 266, 3990176, 3994295, 176, 4295
1, 2660, 39900176, 39907454, 176, 7454
1, 2661, 39915176, 39916042, 176, 1042
1, 2662, 39930176, 39931042, 176, 1042
1, 2663, 39945176, 39946042, 176, 1042
1, 2664, 39960176, 39961042, 176, 1042
1, 2665, 39975176, 39976042, 176, 1042
1, 2666, 39990176, 39991042, 176, 1042
1, 2667, 40005176, 40007083, 176, 2083
1, 2668, 40020176, 40021042, 176, 1042
1, 2669, 40035176, 40036042, 176, 1042
1, 267, 4005176, 4006042, 176, 1042
1, 2670, 40050176, 40051042, 176, 1042
1, 2671, 40065176, 40066042, 176, 1042
1, 2672, 40080176, 40082493, 176, 2493
1, 2673, 40095176, 40096042, 176, 1042
1, 2674, 40110176, 40113823, 176, 3823
1, 2675, 40125176, 40126042, 176, 1042
1, 2676, 40140176, 40141042, 176, 1042
1, 2677, 40155176, 40156042, 176, 1042
1, 2678, 40170176, 40171042, 176, 1042
1, 2679, 40185176, 40186042, 176, 1042
1, 268, 4020176, 4021042, 176, 1042
1, 2680, 40200176, 40201042, 176, 1042
1, 2681, 40215176, 40216042, 176, 1042
1, 2682, 40230176, 40231042, 176, 1042
1, 2683, 40245176, 40246042, 176, 1042
1, 2684, 40260176, 40261042, 176, 1042
1, 2685, 40275176, 40276042, 176, 1042
1, 2686, 40290176, 40291042, 176, 1042
1, 2687, 40305176, 40306042, 176, 1042
1, 2688, 40320176, 40328487, 176, 8487
1, 2689, 40335176, 40336042, 176, 1042
1, 269, 4035176, 4036042, 176, 1042
1, 2690, 40350176, 40351042, 176, 1042
1, 2691, 40365176, 40366042, 176, 1042
1, 2692, 40380176, 40381042, 176, 1042
1, 2693, 40395176, 40396042, 176, 1042
1, 2694, 40410176, 40411042, 176, 1042
1, 2695, 40425176, 40426812, 176, 1812
1, 2696, 40440176, 40441042, 176, 1042
1, 2697, 40455176, 40456042, 176, 1042
1, 2698, 40470176, 40471042, 176, 1042
1, 2699, 40485176, 40486042, 176, 1042
1, 27, 405176, 406042, 176, 1042
1, 270, 4050176, 4051042, 176, 1042
1, 2700, 40500176, 40501042, 176, 1042
1, 2701, 40515176, 40516042, 176, 1042
1, 2702, 40530176, 40533823, 176, 3823
1, 2703, 40545176, 40546042, 176, 1042
1, 2704, 40560176, 40561042, 176, 1042
1, 2705, 40575176, 40576042, 176, 1042
1, 2706, 40590176, 40591042, 176, 1042
1, 2707, 40605176, 40608588, 176, 3588
1, 2708, 40620176, 40621042, 176, 1042
1, 2709, 40635176, 40636042, 176, 1042
1, 271, 4065176, 4066042, 176, 1042
1, 2710, 40650176, 40651042, 176, 1042
1, 2711, 40665176, 40666042, 176, 1042
1, 2712, 40680176, 40681042, 176, 1042
1, 2713, 40695176, 40696042, 176, 1042
1, 2714, 40710176, 40711042, 176, 1042
1, 2715, 40725176, 40726042, 176, 1042
1, 2716, 40740176, 40743823, 176, 3823
1, 2717, 40755176, 40756042, 176, 1042
1, 2718, 40770176, 40771042, 176, 1042
1, 2719, 40785176, 40786042, 176, 1042
1, 272, 4080176, 4081042, 176, 1042
1, 2720, 40800176, 40802940, 176, 2940
1, 2721, 40815176, 40816042, 176, 1042
1, 2722, 40830176, 40831042, 176, 1042
1, 2723, 40845176, 40846812, 176, 1812
1, 2724, 40860176, 40861042, 176, 1042
1, 2725, 40875176, 40876042, 176, 1042
1, 2726, 40890176, 40891042, 176, 1042
1, 2727, 40905176, 40906042, 176, 1042
1, 2728, 40920176, 40921042, 176, 1042
1, 2729, 40935176, 40936042, 176, 1042
1, 273, 4095176, 4096042, 176, 1042
1, 2730, 40950176, 40956954, 176, 6954
1, 2731, 40965176, 40966042, 176, 1042
1, 2732, 40980176, 40981042, 176, 1042
1, 2733, 40995176, 40996042, 176, 1042
1, 2734, 41010176, 41011042, 176, 1042
1, 2735, 41025176, 41026042, 176, 1042
1, 2736, 41040176, 41042940, 176, 2940
1, 2737, 41055176, 41056042, 176, 1042
1, 2738, 41070176, 41071042, 176, 1042
1, 2739, 41085176, 41086042, 176, 1042
1, 274, 4110176, 4111042, 176, 1042
1, 2740, 41100176, 41101042, 176, 1042
1, 2741, 41115176, 41116042, 176, 1042
1, 2742, 41130176, 41131042, 176, 1042
1, 2743, 41145176, 41146042, 176, 1042
1, 2744, 41160176, 41164295, 176, 4295
1, 2745, 41175176, 41176042, 176, 1042
1, 2746, 41190176, 41191042, 176, 1042
1, 2747, 41205176, 41206042, 176, 1042
1, 2748, 41220176, 41221042, 176, 1042
1, 2749, 41235176, 41237396, 176, 2396
1, 275, 4125176, 4126042, 176, 1042
1, 2750, 41250176, 41251042, 176, 1042
1, 2751, 41265176, 41266042, 176, 1042
1, 2752, 41280176, 41281042, 176, 1042
1, 2753, 41295176, 41296042, 176, 1042
1, 2754, 41310176, 41311042, 176, 1042
1, 2755, 41325176, 41326042, 176, 1042
1, 2756, 41340176, 41341042, 176, 1042
1, 2757, 41355176, 41356042, 176, 1042
1, 2758, 41370176, 41373823, 176, 3823
1, 2759, 41385176, 41386042, 176, 1042
1, 276, 4140176, 4141042, 176, 1042
1, 2760, 41400176, 41401042, 176, 1042
1, 2761, 41415176, 41416042, 176, 1042
1, 2762, 41430176, 41431042, 176, 1042
1, 2763, 41445176, 41449464, 176, 4464
1, 2764, 41460176, 41461042, 176, 1042
1, 2765, 41475176, 41476812, 176, 1812
1, 2766, 41490176, 41491042, 176, 1042
1, 2767, 41505176, 41506042, 176, 1042
1, 2768, 41520176, 41522940, 176, 2940
1, 2769, 41535176, 41536042, 176, 1042
1, 277, 4155176, 4156042, 176, 1042
1, 2770, 41550176, 41551042, 176, 1042
1, 2771, 41565176, 41566042, 176, 1042
1, 2772, 41580176, 41583823, 176, 3823
1, 2773, 41595176, 41596042, 176, 1042
1, 2774, 41610176, 41611042, 176, 1042
1, 2775, 41625176, 41626042, 176, 1042
1, 2776, 41640176, 41641042, 176, 1042
1, 2777, 41655176, 41656794, 176, 1794
1, 2778, 41670176, 41671042, 176, 1042
1, 2779, 41685176, 41687083, 176, 2083
1, 278, 4170176, 4171042, 176, 1042
1, 2780, 41700176, 41701042, 176, 1042
1, 2781, 41715176, 41716042, 176, 1042
1, 2782, 41730176, 41731042, 176, 1042
1, 2783, 41745176, 41746042, 176, 1042
1, 2784, 41760176, 41762750, 176, 2750
1, 2785, 41775176, 41776042, 176, 1042
1, 2786, 41790176, 41793823, 176, 3823
1, 2787, 41805176, 41806042, 176, 1042
1, 2788, 41820176, 41821042, 176, 1042
1, 2789, 41835176, 41836042, 176, 1042
1, 279, 4185176, 4186042, 176, 1042
1, 2790, 41850176, 41851042, 176, 1042
1, 2791, 41865176, 41866042, 176, 1042
1, 2792, 41880176, 41881042, 176, 1042
1, 2793, 41895176, 41896812, 176, 1812
1, 2794, 41910176, 41911042, 176, 1042
1, 2795, 41925176, 41926042, 176, 1042
1, 2796, 41940176, 41941042, 176, 1042
1, 2797, 41955176, 41956042, 176, 1042
1, 2798, 41970176, 41971042, 176, 1042
1, 2799, 41985176, 41986042, 176, 1042
1, 28, 420176, 423823, 176, 3823
1, 280, 4200176, 4205410, 176, 5410
1, 2800, 42000176, 42008487, 176, 8487
1, 2801, 42015176, 42016042, 176, 1042
1, 2802, 42030176, 42031042, 176, 1042
1, 2803, 42045176, 42046042, 176, 1042
1, 2804, 42060176, 42061042, 176, 1042
1, 2805, 42075176, 42076042, 176, 1042
1, 2806, 42090176, 42091042, 176, 1042
1, 2807, 42105176, 42106042, 176, 1042
1, 2808, 42120176, 42121042, 176, 1042
1, 2809, 42135176, 42136042, 176, 1042
1, 281, 4215176, 4216042, 176, 1042
1, 2810, 42150176, 42151042, 176, 1042
1, 2811, 42165176, 42166042, 176, 1042
1, 2812, 42180176, 42181042, 176, 1042
1, 2813, 42195176, 42196042, 176, 1042
1, 2814, 42210176, 42213823, 176, 3823
1, 2815, 42225176, 42226042, 176, 1042
1, 2816, 42240176, 42241042, 176, 1042
1, 2817, 42255176, 42256042, 176, 1042
1, 2818, 42270176, 42271042, 176, 1042
1, 2819, 42285176, 42289040, 176, 4040
1, 282, 4230176, 4231042, 176, 1042
1, 2820, 42300176, 42301042, 176, 1042
1, 2821, 42315176, 42316042, 176, 1042
1, 2822, 42330176, 42331042, 176, 1042
1, 2823, 42345176, 42346042, 176, 1042
1, 2824, 42360176, 42361042, 176, 1042
1, 2825, 42375176, 42376042, 176, 1042
1, 2826, 42390176, 42391042, 176, 1042
1, 2827, 42405176, 42406042, 176, 1042
1, 2828, 42420176, 42423823, 176, 3823
1, 2829, 42435176, 42436042, 176, 1042
1, 283, 4245176, 4246042, 176, 1042
1, 2830, 42450176, 42451042, 176, 1042
1, 2831, 42465176, 42466042, 176, 1042
1, 2832, 42480176, 42481042, 176, 1042
1, 2833, 42495176, 42496042, 176, 1042
1, 2834, 42510176, 42511042, 176, 1042
1, 2835, 42525176, 42527397, 176, 2397
1, 2836, 42540176, 42541042, 176, 1042
1, 2837, 42555176, 42556042, 176, 1042
1, 2838, 42570176, 42576062, 176, 6062
1, 2839, 42585176, 42586042, 176, 1042
1, 284, 4260176, 4261042, 176, 1042
1, 2840, 42600176, 42602750, 176, 2750
1, 2841, 42615176, 42616042, 176, 1042
1, 2842, 42630176, 42633823, 176, 3823
1, 2843, 42645176, 42646042, 176, 1042
1, 2844, 42660176, 42661042, 176, 1042
1, 2845, 42675176, 42676042, 176, 1042
1, 2846, 42690176, 42691042, 176, 1042
1, 2847, 42705176, 42706794, 176, 1794
1, 2848, 42720176, 42721042, 176, 1042
1, 2849, 42735176, 42736042, 176, 1042
1, 285, 4275176, 4276042, 176, 1042
1, 2850, 42750176, 42751042, 176, 1042
1, 2851, 42765176, 42766042, 176, 1042
1, 2852, 42780176, 42781042, 176, 1042
1, 2853, 42795176, 42796042, 176, 1042
1, 2854, 42810176, 42811042, 176, 1042
1, 2855, 42825176, 42826042, 176, 1042
1, 2856, 42840176, 42844295, 176, 4295
1, 2857, 42855176, 42856042, 176, 1042
1, 2858, 42870176, 42871042, 176, 1042
1, 2859, 42885176, 42886042, 176, 1042
1, 286, 4290176, 4291042, 176, 1042
1, 2860, 42900176, 42901042, 176, 1042
1, 2861, 42915176, 42916042, 176, 1042
1, 2862, 42930176, 42931042, 176, 1042
1, 2863, 42945176, 42946812, 176, 1812
1, 2864, 42960176, 42961042, 176, 1042
1, 2865, 42975176, 42976042, 176, 1042
1, 2866, 42990176, 42991042, 176, 1042
1, 2867, 43005176, 43006042, 176, 1042
1, 2868, 43020176, 43021042, 176, 1042
1, 2869, 43035176, 43036042, 176, 1042
1, 287, 4305176, 4306042, 176, 1042
1, 2870, 43050176, 43055258, 176, 5258
1, 2871, 43065176, 43066042, 176, 1042
1, 2872, 43080176, 43081042, 176, 1042
1, 2873, 43095176, 43096042, 176, 1042
1, 2874, 43110176, 43111042, 176, 1042
1, 2875, 43125176, 43130113, 176, 5113
1, 2876, 43140176, 43141042, 176, 1042
1, 2877, 43155176, 43156042, 176, 1042
1, 2878, 43170176, 43171042, 176, 1042
1, 2879, 43185176, 43186042, 176, 1042
1, 288, 4320176, 4321042, 176, 1042
1, 2880, 43200176, 43202940, 176, 2940
1, 2881, 43215176, 43216042, 176, 1042
1, 2882, 43230176, 43232128, 176, 2128
1, 2883, 43245176, 43246042, 176, 1042
1, 2884, 43260176, 43263823, 176, 3823
1, 2885, 43275176, 43276042, 176, 1042
1, 2886, 43290176, 43291042, 176, 1042
1, 2887, 43305176, 43306042, 176, 1042
1, 2888, 43320176, 43321042, 176, 1042
1, 2889, 43335176, 43336042, 176, 1042
1, 289, 4335176, 4336042, 176, 1042
1, 2890, 43350176, 43351042, 176, 1042
1, 2891, 43365176, 43367083, 176, 2083
1, 2892, 43380176, 43381042, 176, 1042
1, 2893, 43395176, 43396042, 176, 1042
1, 2894, 43410176, 43411042, 176, 1042
1, 2895, 43425176, 43426042, 176, 1042
1, 2896, 43440176, 43442750, 176, 2750
1, 2897, 43455176, 43456042, 176, 1042
1, 2898, 43470176, 43473823, 176, 3823
1, 2899, 43485176, 43486042, 176, 1042
1, 29, 435176, 436042, 176, 1042
1, 290, 4350176, 4351042, 176, 1042
1, 2900, 43500176, 43501042, 176, 1042
1, 2901, 43515176, 43516042, 176, 1042
1, 2902, 43530176, 43531042, 176, 1042
1, 2903, 43545176, 43546042, 176, 1042
1, 2904, 43560176, 43561042, 176, 1042
1, 2905, 43575176, 43576812, 176, 1812
1, 2906, 43590176, 43591042, 176, 1042
1, 2907, 43605176, 43606042, 176, 1042
1, 2908, 43620176, 43621042, 176, 1042
1, 2909, 43635176, 43636042, 176, 1042
1, 291, 4365176, 4366042, 176, 1042
1, 2910, 43650176, 43651042, 176, 1042
1, 2911, 43665176, 43666042, 176, 1042
1, 2912, 43680176, 43688487, 176, 8487
1, 2913, 43695176, 43696042, 176, 1042
1, 2914, 43710176, 43711042, 176, 1042
1, 2915, 43725176, 43726042, 176, 1042
1, 2916, 43740176, 43741042, 176, 1042
1, 2917, 43755176, 43756794, 176, 1794
1, 2918, 43770176, 43771042, 176, 1042
1, 2919, 43785176, 43786042, 176, 1042
1, 292, 4380176, 4381042, 176, 1042
1, 2920, 43800176, 43802940, 176, 2940
1, 2921, 43815176, 43816042, 176, 1042
1, 2922, 43830176, 43831042, 176, 1042
1, 2923, 43845176, 43846042, 176, 1042
1, 2924, 43860176, 43861042, 176, 1042
1, 2925, 43875176, 43876042, 176, 1042
1, 2926, 43890176, 43894295, 176, 4295
1, 2927, 43905176, 43906042, 176, 1042
1, 2928, 43920176, 43921042, 176, 1042
1, 2929, 43935176, 43936042, 176, 1042
1, 293, 4395176, 4396042, 176, 1042
1, 2930, 43950176, 43951042, 176, 1042
1, 2931, 43965176, 43967637, 176, 2637
1, 2932, 43980176, 43981042, 176, 1042
1, 2933, 43995176, 43996042, 176, 1042
1, 2934, 44010176, 44011042, 176, 1042
1, 2935, 44025176, 44026042, 176, 1042
1, 2936, 44040176, 44041042, 176, 1042
1, 2937, 44055176, 44056042, 176, 1042
1, 2938, 44070176, 44071042, 176, 1042
1, 2939, 44085176, 44086042, 176, 1042
1, 294, 4410176, 4413823, 176, 3823
1, 2940, 44100176, 44105258, 176, 5258
1, 2941, 44115176, 44116042, 176, 1042
1, 2942, 44130176, 44131042, 176, 1042
1, 2943, 44145176, 44146042, 176, 1042
1, 2944, 44160176, 44161042, 176, 1042
1, 2945, 44175176, 44176173, 176, 1173
1, 2946, 44190176, 44191042, 176, 1042
1, 2947, 44205176, 44206812, 176, 1812
1, 2948, 44220176, 44221042, 176, 1042
1, 2949, 44235176, 44236042, 176, 1042
1, 295, 4425176, 4426042, 176, 1042
1, 2950, 44250176, 44251042, 176, 1042
1, 2951, 44265176, 44266042, 176, 1042
1, 2952, 44280176, 44281042, 176, 1042
1, 2953, 44295176, 44296042, 176, 1042
1, 2954, 44310176, 44313823, 176, 3823
1, 2955, 44325176, 44326042, 176, 1042
1, 2956, 44340176, 44341042, 176, 1042
1, 2957, 44355176, 44356042, 176, 1042
1, 2958, 44370176, 44371042, 176, 1042
1, 2959, 44385176, 44386042, 176, 1042
1, 296, 4440176, 4441042, 176, 1042
1, 2960, 44400176, 44402940, 176, 2940
1, 2961, 44415176, 44416042, 176, 1042
1, 2962, 44430176, 44431042, 176, 1042
1, 2963, 44445176, 44446042, 176, 1042
1, 2964, 44460176, 44461042, 176, 1042
1, 2965, 44475176, 44476042, 176, 1042
1, 2966, 44490176, 44491042, 176, 1042
1, 2967, 44505176, 44506042, 176, 1042
1, 2968, 44520176, 44524295, 176, 4295
1, 2969, 44535176, 44536042, 176, 1042
1, 297, 4455176, 4456042, 176, 1042
1, 2970, 44550176, 44551042, 176, 1042
1, 2971, 44565176, 44566042, 176, 1042
1, 2972, 44580176, 44581042, 176, 1042
1, 2973, 44595176, 44596042, 176, 1042
1, 2974, 44610176, 44611042, 176, 1042
1, 2975, 44625176, 44626812, 176, 1812
1, 2976, 44640176, 44641042, 176, 1042
1, 2977, 44655176, 44656042, 176, 1042
1, 2978, 44670176, 44671042, 176, 1042
1, 2979, 44685176, 44686042, 176, 1042
1, 298, 4470176, 4471042, 176, 1042
1, 2980, 44700176, 44701042, 176, 1042
1, 2981, 44715176, 44716042, 176, 1042
1, 2982, 44730176, 44733823, 176, 3823
1, 2983, 44745176, 44746042, 176, 1042
1, 2984, 44760176, 44761042, 176, 1042
1, 2985, 44775176, 44776042, 176, 1042
1, 2986, 44790176, 44791042, 176, 1042
1, 2987, 44805176, 44818635, 176, 13635
1, 2988, 44820176, 44821042, 176, 1042
1, 2989, 44835176, 44836042, 176, 1042
1, 299, 4485176, 4489464, 176, 4464
1, 2990, 44850176, 44851042, 176, 1042
1, 2991, 44865176, 44866042, 176, 1042
1, 2992, 44880176, 44881042, 176, 1042
1, 2993, 44895176, 44896042, 176, 1042
1, 2994, 44910176, 44911042, 176, 1042
1, 2995, 44925176, 44926042, 176, 1042
1, 2996, 44940176, 44945282, 176, 5282
1, 2997, 44955176, 44956042, 176, 1042
1, 2998, 44970176, 44971042, 176, 1042
1, 2999, 44985176, 44986042, 176, 1042
1, 3, 45176, 46042, 176, 1042
1, 30, 450176, 451042, 176, 1042
1, 300, 4500176, 4501042, 176, 1042
1, 3000, 45000176, 45001042, 176, 1042
1, 3001, 45015176, 45016042, 176, 1042
1, 3002, 45030176, 45031042, 176, 1042
1, 3003, 45045176, 45047083, 176, 2083
1, 3004, 45060176, 45061042, 176, 1042
1, 3005, 45075176, 45076042, 176, 1042
1, 3006, 45090176, 45091042, 176, 1042
1, 3007, 45105176, 45106042, 176, 1042
1, 3008, 45120176, 45122750, 176, 2750
1, 3009, 45135176, 45136042, 176, 1042
1, 301, 4515176, 4516042, 176, 1042
1, 3010, 45150176, 45155258, 176, 5258
1, 3011, 45165176, 45166042, 176, 1042
1, 3012, 45180176, 45181042, 176, 1042
1, 3013, 45195176, 45196042, 176, 1042
1, 3014, 45210176, 45211042, 176, 1042
1, 3015, 45225176, 45228512, 176, 3512
1, 3016, 45240176, 45241042, 176, 1042
1, 3017, 45255176, 45256042, 176, 1042
1, 3018, 45270176, 45271042, 176, 1042
1, 3019, 45285176, 45286042, 176, 1042
1, 302, 4530176, 4531042, 176, 1042
1, 3020, 45300176, 45301042, 176, 1042
1, 3021, 45315176, 45316042, 176, 1042
1, 3022, 45330176, 45331042, 176, 1042
1, 3023, 45345176, 45346042, 176, 1042
1, 3024, 45360176, 45368487, 176, 8487
1, 3025, 45375176, 45376042, 176, 1042
1, 3026, 45390176, 45391042, 176, 1042
1, 3027, 45405176, 45406042, 176, 1042
1, 3028, 45420176, 45421042, 176, 1042
1, 3029, 45435176, 45436042, 176, 1042
1, 303, 4545176, 4546042, 176, 1042
1, 3030, 45450176, 45451042, 176, 1042
1, 3031, 45465176, 45466042, 176, 1042
1, 3032, 45480176, 45481042, 176, 1042
1, 3033, 45495176, 45496042, 176, 1042
1, 3034, 45510176, 45511042, 176, 1042
1, 3035, 45525176, 45526042, 176, 1042
1, 3036, 45540176, 45541042, 176, 1042
1, 3037, 45555176, 45556042, 176, 1042
1, 3038, 45570176, 45573823, 176, 3823
1, 3039, 45585176, 45586042, 176, 1042
1, 304, 4560176, 4562940, 176, 2940
1, 3040, 45600176, 45607070, 176, 7070
1, 3041, 45615176, 45616042, 176, 1042
1, 3042, 45630176, 45631042, 176, 1042
1, 3043, 45645176, 45647637, 176, 2637
1, 3044, 45660176, 45661042, 176, 1042
1, 3045, 45675176, 45676812, 176, 1812
1, 3046, 45690176, 45691042, 176, 1042
1, 3047, 45705176, 45706042, 176, 1042
1, 3048, 45720176, 45721042, 176, 1042
1, 3049, 45735176, 45736042, 176, 1042
1, 305, 4575176, 4576042, 176, 1042
1, 3050, 45750176, 45751042, 176, 1042
1, 3051, 45765176, 45766042, 176, 1042
1, 3052, 45780176, 45783823, 176, 3823
1, 3053, 45795176, 45796042, 176, 1042
1, 3054, 45810176, 45811042, 176, 1042
1, 3055, 45825176, 45826042, 176, 1042
1, 3056, 45840176, 45841042, 176, 1042
1, 3057, 45855176, 45856794, 176, 1794
1, 3058, 45870176, 45871042, 176, 1042
1, 3059, 45885176, 45887397, 176, 2397
1, 306, 4590176, 4591042, 176, 1042
1, 3060, 45900176, 45901042, 176, 1042
1, 3061, 45915176, 45916042, 176, 1042
1, 3062, 45930176, 45931042, 176, 1042
1, 3063, 45945176, 45946042, 176, 1042
1, 3064, 45960176, 45961042, 176, 1042
1, 3065, 45975176, 45976042, 176, 1042
1, 3066, 45990176, 45993823, 176, 3823
1, 3067, 46005176, 46006042, 176, 1042
1, 3068, 46020176, 46021042, 176, 1042
1, 3069, 46035176, 46036042, 176, 1042
1, 307, 4605176, 4606042, 176, 1042
1, 3070, 46050176, 46051042, 176, 1042
1, 3071, 46065176, 46066042, 176, 1042
1, 3072, 46080176, 46082940, 176, 2940
1, 3073, 46095176, 46096042, 176, 1042
1, 3074, 46110176, 46111042, 176, 1042
1, 3075, 46125176, 46126042, 176, 1042
1, 3076, 46140176, 46141042, 176, 1042
1, 3077, 46155176, 46156042, 176, 1042
1, 3078, 46170176, 46171042, 176, 1042
1, 3079, 46185176, 46186042, 176, 1042
1, 308, 4620176, 4623823, 176, 3823
1, 3080, 46200176, 46205410, 176, 5410
1, 3081, 46215176, 46216042, 176, 1042
1, 3082, 46230176, 46231042, 176, 1042
1, 3083, 46245176, 46246042, 176, 1042
1, 3084, 46260176, 46261042, 176, 1042
1, 3085, 46275176, 46277163, 176, 2163
1, 3086, 46290176, 46291042, 176, 1042
1, 3087, 46305176, 46306042, 176, 1042
1, 3088, 46320176, 46321042, 176, 1042
1, 3089, 46335176, 46336042, 176, 1042
1, 309, 4635176, 4636042, 176, 1042
1, 3090, 46350176, 46351042, 176, 1042
1, 3091, 46365176, 46366042, 176, 1042
1, 3092, 46380176, 46381042, 176, 1042
1, 3093, 46395176, 46396042, 176, 1042
1, 3094, 46410176, 46413823, 176, 3823
1, 3095, 46425176, 46426042, 176, 1042
1, 3096, 46440176, 46441042, 176, 1042
1, 3097, 46455176, 46456042, 176, 1042
1, 3098, 46470176, 46471042, 176, 1042
1, 3099, 46485176, 46489464, 176, 4464
1, 31, 465176, 466042, 176, 1042
1, 310, 4650176, 4651042, 176, 1042
1, 3100, 46500176, 46501042, 176, 1042
1, 3101, 46515176, 46516042, 176, 1042
1, 3102, 46530176, 46531042, 176, 1042
1, 3103, 46545176, 46546042, 176, 1042
1, 3104, 46560176, 46561042, 176, 1042
1, 3105, 46575176, 46576042, 176, 1042
1, 3106, 46590176, 46591042, 176, 1042
1, 3107, 46605176, 46606042, 176, 1042
1, 3108, 46620176, 46623823, 176, 3823
1, 3109, 46635176, 46636042, 176, 1042
1, 311, 4665176, 4666042, 176, 1042
1, 3110, 46650176, 46651042, 176, 1042
1, 3111, 46665176, 46666042, 176, 1042
1, 3112, 46680176, 46681042, 176, 1042
1, 3113, 46695176, 46696042, 176, 1042
1, 3114, 46710176, 46711042, 176, 1042
1, 3115, 46725176, 46727397, 176, 2397
1, 3116, 46740176, 46741042, 176, 1042
1, 3117, 46755176, 46756042, 176, 1042
1, 3118, 46770176, 46771042, 176, 1042
1, 3119, 46785176, 46786042, 176, 1042
1, 312, 4680176, 4681042, 176, 1042
1, 3120, 46800176, 46805452, 176, 5452
1, 3121, 46815176, 46816042, 176, 1042
1, 3122, 46830176, 46833823, 176, 3823
1, 3123, 46845176, 46846042, 176, 1042
1, 3124, 46860176, 46861042, 176, 1042
1, 3125, 46875176, 46876042, 176, 1042
1, 3126, 46890176, 46891042, 176, 1042
1, 3127, 46905176, 46906794, 176, 1794
1, 3128, 46920176, 46921042, 176, 1042
1, 3129, 46935176, 46936812, 176, 1812
1, 313, 4695176, 4696042, 176, 1042
1, 3130, 46950176, 46951042, 176, 1042
1, 3131, 46965176, 46966042, 176, 1042
1, 3132, 46980176, 46981042, 176, 1042
1, 3133, 46995176, 46996042, 176, 1042
1, 3134, 47010176, 47011042, 176, 1042
1, 3135, 47025176, 47026042, 176, 1042
1, 3136, 47040176, 47048487, 176, 8487
1, 3137, 47055176, 47056042, 176, 1042
1, 3138, 47070176, 47071042, 176, 1042
1, 3139, 47085176, 47086042, 176, 1042
1, 314, 4710176, 4711042, 176, 1042
1, 3140, 47100176, 47101042, 176, 1042
1, 3141, 47115176, 47116042, 176, 1042
1, 3142, 47130176, 47131042, 176, 1042
1, 3143, 47145176, 47146042, 176, 1042
1, 3144, 47160176, 47161042, 176, 1042
1, 3145, 47175176, 47176042, 176, 1042
1, 3146, 47190176, 47191042, 176, 1042
1, 3147, 47205176, 47206042, 176, 1042
1, 3148, 47220176, 47221042, 176, 1042
1, 3149, 47235176, 47236042, 176, 1042
1, 315, 4725176, 4727397, 176, 2397
1, 3150, 47250176, 47255258, 176, 5258
1, 3151, 47265176, 47266042, 176, 1042
1, 3152, 47280176, 47281042, 176, 1042
1, 3153, 47295176, 47296042, 176, 1042
1, 3154, 47310176, 47311042, 176, 1042
1, 3155, 47325176, 47328588, 176, 3588
1, 3156, 47340176, 47341042, 176, 1042
1, 3157, 47355176, 47356042, 176, 1042
1, 3158, 47370176, 47371042, 176, 1042
1, 3159, 47385176, 47386042, 176, 1042
1, 316, 4740176, 4741042, 176, 1042
1, 3160, 47400176, 47401042, 176, 1042
1, 3161, 47415176, 47416042, 176, 1042
1, 3162, 47430176, 47431042, 176, 1042
1, 3163, 47445176, 47446042, 176, 1042
1, 3164, 47460176, 47463823, 176, 3823
1, 3165, 47475176, 47476042, 176, 1042
1, 3166, 47490176, 47491042, 176, 1042
1, 3167, 47505176, 47506042, 176, 1042
1, 3168, 47520176, 47521042, 176, 1042
1, 3169, 47535176, 47536042, 176, 1042
1, 317, 4755176, 4756042, 176, 1042
1, 3170, 47550176, 47551042, 176, 1042
1, 3171, 47565176, 47566812, 176, 1812
1, 3172, 47580176, 47581042, 176, 1042
1, 3173, 47595176, 47596042, 176, 1042
1, 3174, 47610176, 47611042, 176, 1042
1, 3175, 47625176, 47626042, 176, 1042
1, 3176, 47640176, 47641042, 176, 1042
1, 3177, 47655176, 47656042, 176, 1042
1, 3178, 47670176, 47673823, 176, 3823
1, 3179, 47685176, 47686042, 176, 1042
1, 318, 4770176, 4771042, 176, 1042
1, 3180, 47700176, 47701042, 176, 1042
1, 3181, 47715176, 47716042, 176, 1042
1, 3182, 47730176, 47731042, 176, 1042
1, 3183, 47745176, 47746042, 176, 1042
1, 3184, 47760176, 47761042, 176, 1042
1, 3185, 47775176, 47776812, 176, 1812
1, 3186, 47790176, 47791042, 176, 1042
1, 3187, 47805176, 47806042, 176, 1042
1, 3188, 47820176, 47821042, 176, 1042
1, 3189, 47835176, 47836042, 176, 1042
1, 319, 4785176, 4786042, 176, 1042
1, 3190, 47850176, 47851042, 176, 1042
1, 3191, 47865176, 47866042, 176, 1042
1, 3192, 47880176, 47889576, 176, 9576
1, 3193, 47895176, 47896042, 176, 1042
1, 3194, 47910176, 47911042, 176, 1042
1, 3195, 47925176, 47926042, 176, 1042
1, 3196, 47940176, 47941042, 176, 1042
1, 3197, 47955176, 47956794, 176, 1794
1, 3198, 47970176, 47971042, 176, 1042
1, 3199, 47985176, 47986042, 176, 1042
1, 32, 480176, 482940, 176, 2940
1, 320, 4800176, 4805452, 176, 5452
1, 3200, 48000176, 48002940, 176, 2940
1, 3201, 48015176, 48016042, 176, 1042
1, 3202, 48030176, 48031042, 176, 1042
1, 3203, 48045176, 48046042, 176, 1042
1, 3204, 48060176, 48061042, 176, 1042
1, 3205, 48075176, 48076042, 176, 1042
1, 3206, 48090176, 48093823, 176, 3823
1, 3207, 48105176, 48106042, 176, 1042
1, 3208, 48120176, 48121042, 176, 1042
1, 3209, 48135176, 48136042, 176, 1042
1, 321, 4815176, 4816042, 176, 1042
1, 3210, 48150176, 48151042, 176, 1042
1, 3211, 48165176, 48169558, 176, 4558
1, 3212, 48180176, 48181042, 176, 1042
1, 3213, 48195176, 48196042, 176, 1042
1, 3214, 48210176, 48211042, 176, 1042
1, 3215, 48225176, 48226042, 176, 1042
1, 3216, 48240176, 48241042, 176, 1042
1, 3217, 48255176, 48256042, 176, 1042
1, 3218, 48270176, 48271042, 176, 1042
1, 3219, 48285176, 48286042, 176, 1042
1, 322, 4830176, 4833823, 176, 3823
1, 3220, 48300176, 48305258, 176, 5258
1, 3221, 48315176, 48316042, 176, 1042
1, 3222, 48330176, 48331042, 176, 1042
1, 3223, 48345176, 48346042, 176, 1042
1, 3224, 48360176, 48361042, 176, 1042
1, 3225, 48375176, 48376042, 176, 1042
1, 3226, 48390176, 48391042, 176, 1042
1, 3227, 48405176, 48407083, 176, 2083
1, 3228, 48420176, 48421042, 176, 1042
1, 3229, 48435176, 48436042, 176, 1042
1, 323, 4845176, 4846042, 176, 1042
1, 3230, 48450176, 48451042, 176, 1042
1, 3231, 48465176, 48466042, 176, 1042
1, 3232, 48480176, 48482493, 176, 2493
1, 3233, 48495176, 48496042, 176, 1042
1, 3234, 48510176, 48513823, 176, 3823
1, 3235, 48525176, 48526042, 176, 1042
1, 3236, 48540176, 48541042, 176, 1042
1, 3237, 48555176, 48556042, 176, 1042
1, 3238, 48570176, 48571042, 176, 1042
1, 3239, 48585176, 48586042, 176, 1042
1, 324, 4860176, 4861042, 176, 1042
1, 3240, 48600176, 48601042, 176, 1042
1, 3241, 48615176, 48616042, 176, 1042
1, 3242, 48630176, 48631042, 176, 1042
1, 3243, 48645176, 48646042, 176, 1042
1, 3244, 48660176, 48661042, 176, 1042
1, 3245, 48675176, 48676042, 176, 1042
1, 3246, 48690176, 48691042, 176, 1042
1, 3247, 48705176, 48706042, 176, 1042
1, 3248, 48720176, 48728487, 176, 8487
1, 3249, 48735176, 48736042, 176, 1042
1, 325, 4875176, 4876042, 176, 1042
1, 3250, 48750176, 48751042, 176, 1042
1, 3251, 48765176, 48766042, 176, 1042
1, 3252, 48780176, 48781042, 176, 1042
1, 3253, 48795176, 48796042, 176, 1042
1, 3254, 48810176, 48811042, 176, 1042
1, 3255, 48825176, 48826812, 176, 1812
1, 3256, 48840176, 48841042, 176, 1042
1, 3257, 48855176, 48856042, 176, 1042
1, 3258, 48870176, 48871042, 176, 1042
1, 3259, 48885176, 48886042, 176, 1042
1, 326, 4890176, 4891042, 176, 1042
1, 3260, 48900176, 48901042, 176, 1042
1, 3261, 48915176, 48916042, 176, 1042
1, 3262, 48930176, 48935282, 176, 5282
1, 3263, 48945176, 48946042, 176, 1042
1, 3264, 48960176, 48961042, 176, 1042
1, 3265, 48975176, 48976042, 176, 1042
1, 3266, 48990176, 48991042, 176, 1042
1, 3267, 49005176, 49008588, 176, 3588
1, 3268, 49020176, 49021042, 176, 1042
1, 3269, 49035176, 49036042, 176, 1042
1, 327, 4905176, 4906794, 176, 1794
1, 3270, 49050176, 49051042, 176, 1042
1, 3271, 49065176, 49066042, 176, 1042
1, 3272, 49080176, 49081042, 176, 1042
1, 3273, 49095176, 49096042, 176, 1042
1, 3274, 49110176, 49111042, 176, 1042
1, 3275, 49125176, 49126042, 176, 1042
1, 3276, 49140176, 49143823, 176, 3823
1, 3277, 49155176, 49156042, 176, 1042
1, 3278, 49170176, 49171042, 176, 1042
1, 3279, 49185176, 49186042, 176, 1042
1, 328, 4920176, 4921042, 176, 1042
1, 3280, 49200176, 49202940, 176, 2940
1, 3281, 49215176, 49217396, 176, 2396
1, 3282, 49230176, 49231042, 176, 1042
1, 3283, 49245176, 49246812, 176, 1812
1, 3284, 49260176, 49261042, 176, 1042
1, 3285, 49275176, 49276042, 176, 1042
1, 3286, 49290176, 49291042, 176, 1042
1, 3287, 49305176, 49306042, 176, 1042
1, 3288, 49320176, 49321042, 176, 1042
1, 3289, 49335176, 49336042, 176, 1042
1, 329, 4935176, 4936042, 176, 1042
1, 3290, 49350176, 49355258, 176, 5258
1, 3291, 49365176, 49366042, 176, 1042
1, 3292, 49380176, 49381042, 176, 1042
1, 3293, 49395176, 49396042, 176, 1042
1, 3294, 49410176, 49411042, 176, 1042
1, 3295, 49425176, 49426042, 176, 1042
1, 3296, 49440176, 49441042, 176, 1042
1, 3297, 49455176, 49456042, 176, 1042
1, 3298, 49470176, 49471042, 176, 1042
1, 3299, 49485176, 49486042, 176, 1042
1, 33, 495176, 496042, 176, 1042
1, 330, 4950176, 4951042, 176, 1042
1, 3300, 49500176, 49501042, 176, 1042
1, 3301, 49515176, 49516042, 176, 1042
1, 3302, 49530176, 49531042, 176, 1042
1, 3303, 49545176, 49546042, 176, 1042
1, 3304, 49560176, 49564295, 176, 4295
1, 3305, 49575176, 49576042, 176, 1042
1, 3306, 49590176, 49591042, 176, 1042
1, 3307, 49605176, 49606042, 176, 1042
1, 3308, 49620176, 49621042, 176, 1042
1, 3309, 49635176, 49636042, 176, 1042
1, 331, 4965176, 4966042, 176, 1042
1, 3310, 49650176, 49651042, 176, 1042
1, 3311, 49665176, 49666042, 176, 1042
1, 3312, 49680176, 49681042, 176, 1042
1, 3313, 49695176, 49696042, 176, 1042
1, 3314, 49710176, 49711042, 176, 1042
1, 3315, 49725176, 49726042, 176, 1042
1, 3316, 49740176, 49741042, 176, 1042
1, 3317, 49755176, 49756042, 176, 1042
1, 3318, 49770176, 49773823, 176, 3823
1, 3319, 49785176, 49786042, 176, 1042
1, 332, 4980176, 4981042, 176, 1042
1, 3320, 49800176, 49801042, 176, 1042
1, 3321, 49815176, 49816042, 176, 1042
1, 3322, 49830176, 49831042, 176, 1042
1, 3323, 49845176, 49849464, 176, 4464
1, 3324, 49860176, 49861042, 176, 1042
1, 3325, 49875176, 49877397, 176, 2397
1, 3326, 49890176, 49891042, 176, 1042
1, 3327, 49905176, 49906042, 176, 1042
1, 3328, 49920176, 49921042, 176, 1042
1, 3329, 49935176, 49936042, 176, 1042
1, 333, 4995176, 4996042, 176, 1042
1, 3330, 49950176, 49951042, 176, 1042
1, 3331, 49965176, 49966042, 176, 1042
1, 3332, 49980176, 49983823, 176, 3823
1, 3333, 49995176, 49996042, 176, 1042
1, 3334, 50010176, 50011042, 176, 1042
1, 3335, 50025176, 50026042, 176, 1042
1, 3336, 50040176, 50041042, 176, 1042
1, 3337, 50055176, 50056794, 176, 1794
1, 3338, 50070176, 50071042, 176, 1042
1, 3339, 50085176, 50087083, 176, 2083
1, 334, 5010176, 5011042, 176, 1042
1, 3340, 50100176, 50101042, 176, 1042
1, 3341, 50115176, 50116042, 176, 1042
1, 3342, 50130176, 50131042, 176, 1042
1, 3343, 50145176, 50146042, 176, 1042
1, 3344, 50160176, 50165663, 176, 5663
1, 3345, 50175176, 50176042, 176, 1042
1, 3346, 50190176, 50193823, 176, 3823
1, 3347, 50205176, 50206042, 176, 1042
1, 3348, 50220176, 50221042, 176, 1042
1, 3349, 50235176, 50236042, 176, 1042
1, 335, 5025176, 5026042, 176, 1042
1, 3350, 50250176, 50251042, 176, 1042
1, 3351, 50265176, 50266340, 176, 1340
1, 3352, 50280176, 50281042, 176, 1042
1, 3353, 50295176, 50296042, 176, 1042
1, 3354, 50310176, 50311042, 176, 1042
1, 3355, 50325176, 50326042, 176, 1042
1, 3356, 50340176, 50341042, 176, 1042
1, 3357, 50355176, 50356042, 176, 1042
1, 3358, 50370176, 50371042, 176, 1042
1, 3359, 50385176, 50386042, 176, 1042
1, 336, 5040176, 5048487, 176, 8487
1, 3360, 50400176, 50408487, 176, 8487
1, 3361, 50415176, 50416042, 176, 1042
1, 3362, 50430176, 50431042, 176, 1042
1, 3363, 50445176, 50446042, 176, 1042
1, 3364, 50460176, 50461042, 176, 1042
1, 3365, 50475176, 50476042, 176, 1042
1, 3366, 50490176, 50491042, 176, 1042
1, 3367, 50505176, 50506042, 176, 1042
1, 3368, 50520176, 50521042, 176, 1042
1, 3369, 50535176, 50536042, 176, 1042
1, 337, 5055176, 5056042, 176, 1042
1, 3370, 50550176, 50551042, 176, 1042
1, 3371, 50565176, 50566042, 176, 1042
1, 3372, 50580176, 50581042, 176, 1042
1, 3373, 50595176, 50596042, 176, 1042
1, 3374, 50610176, 50613823, 176, 3823
1, 3375, 50625176, 50626042, 176, 1042
1, 3376, 50640176, 50642940, 176, 2940
1, 3377, 50655176, 50656042, 176, 1042
1, 3378, 50670176, 50671042, 176, 1042
1, 3379, 50685176, 50687637, 176, 2637
1, 338, 5070176, 5071042, 176, 1042
1, 3380, 50700176, 50701042, 176, 1042
1, 3381, 50715176, 50716042, 176, 1042
1, 3382, 50730176, 50731042, 176, 1042
1, 3383, 50745176, 50746042, 176, 1042
1, 3384, 50760176, 50761042, 176, 1042
1, 3385, 50775176, 50776042, 176, 1042
1, 3386, 50790176, 50791042, 176, 1042
1, 3387, 50805176, 50806042, 176, 1042
1, 3388, 50820176, 50823823, 176, 3823
1, 3389, 50835176, 50836042, 176, 1042
1, 339, 5085176, 5086042, 176, 1042
1, 3390, 50850176, 50851042, 176, 1042
1, 3391, 50865176, 50866042, 176, 1042
1, 3392, 50880176, 50881042, 176, 1042
1, 3393, 50895176, 50896042, 176, 1042
1, 3394, 50910176, 50911042, 176, 1042
1, 3395, 50925176, 50927715, 176, 2715
1, 3396, 50940176, 50941042, 176, 1042
1, 3397, 50955176, 50956042, 176, 1042
1, 3398, 50970176, 50971042, 176, 1042
1, 3399, 50985176, 50986042, 176, 1042
1, 34, 510176, 511042, 176, 1042
1, 340, 5100176, 5101042, 176, 1042
1, 3400, 51000176, 51002750, 176, 2750
1, 3401, 51015176, 51016042, 176, 1042
1, 3402, 51030176, 51033823, 176, 3823
1, 3403, 51045176, 51046042, 176, 1042
1, 3404, 51060176, 51061042, 176, 1042
1, 3405, 51075176, 51076042, 176, 1042
1, 3406, 51090176, 51091042, 176, 1042
1, 3407, 51105176, 51106794, 176, 1794
1, 3408, 51120176, 51121042, 176, 1042
1, 3409, 51135176, 51136042, 176, 1042
1, 341, 5115176, 5116042, 176, 1042
1, 3410, 51150176, 51151042, 176, 1042
1, 3411, 51165176, 51166042, 176, 1042
1, 3412, 51180176, 51181042, 176, 1042
1, 3413, 51195176, 51196042, 176, 1042
1, 3414, 51210176, 51211042, 176, 1042
1, 3415, 51225176, 51226042, 176, 1042
1, 3416, 51240176, 51244295, 176, 4295
1, 3417, 51255176, 51256042, 176, 1042
1, 3418, 51270176, 51271042, 176, 1042
1, 3419, 51285176, 51286042, 176, 1042
1, 342, 5130176, 5131042, 176, 1042
1, 3420, 51300176, 51301042, 176, 1042
1, 3421, 51315176, 51316042, 176, 1042
1, 3422, 51330176, 51331042, 176, 1042
1, 3423, 51345176, 51346042, 176, 1042
1, 3424, 51360176, 51361042, 176, 1042
1, 3425, 51375176, 51376042, 176, 1042
1, 3426, 51390176, 51391042, 176, 1042
1, 3427, 51405176, 51406042, 176, 1042
1, 3428, 51420176, 51421042, 176, 1042
1, 3429, 51435176, 51436042, 176, 1042
1, 343, 5145176, 5146042, 176, 1042
1, 3430, 51450176, 51455258, 176, 5258
1, 3431, 51465176, 51466042, 176, 1042
1, 3432, 51480176, 51481042, 176, 1042
1, 3433, 51495176, 51496042, 176, 1042
1, 3434, 51510176, 51511042, 176, 1042
1, 3435, 51525176, 51530113, 176, 5113
1, 3436, 51540176, 51541042, 176, 1042
1, 3437, 51555176, 51556042, 176, 1042
1, 3438, 51570176, 51571042, 176, 1042
1, 3439, 51585176, 51586042, 176, 1042
1, 344, 5160176, 5161042, 176, 1042
1, 3440, 51600176, 51602940, 176, 2940
1, 3441, 51615176, 51616042, 176, 1042
1, 3442, 51630176, 51631042, 176, 1042
1, 3443, 51645176, 51646042, 176, 1042
1, 3444, 51660176, 51663823, 176, 3823
1, 3445, 51675176, 51676042, 176, 1042
1, 3446, 51690176, 51691042, 176, 1042
1, 3447, 51705176, 51706042, 176, 1042
1, 3448, 51720176, 51721042, 176, 1042
1, 3449, 51735176, 51736042, 176, 1042
1, 345, 5175176, 5176042, 176, 1042
1, 3450, 51750176, 51751042, 176, 1042
1, 3451, 51765176, 51767083, 176, 2083
1, 3452, 51780176, 51781042, 176, 1042
1, 3453, 51795176, 51796042, 176, 1042
1, 3454, 51810176, 51811042, 176, 1042
1, 3455, 51825176, 51826042, 176, 1042
1, 3456, 51840176, 51842750, 176, 2750
1, 3457, 51855176, 51856042, 176, 1042
1, 3458, 51870176, 51874295, 176, 4295
1, 3459, 51885176, 51886042, 176, 1042
1, 346, 5190176, 5191042, 176, 1042
1, 3460, 51900176, 51901042, 176, 1042
1, 3461, 51915176, 51916042, 176, 1042
1, 3462, 51930176, 51931042, 176, 1042
1, 3463, 51945176, 51946042, 176, 1042
1, 3464, 51960176, 51961042, 176, 1042
1, 3465, 51975176, 51976812, 176, 1812
1, 3466, 51990176, 51991042, 176, 1042
1, 3467, 52005176, 52006042, 176, 1042
1, 3468, 52020176, 52021042, 176, 1042
1, 3469, 52035176, 52036042, 176, 1042
1, 347, 5205176, 5206042, 176, 1042
1, 3470, 52050176, 52051042, 176, 1042
1, 3471, 52065176, 52066042, 176, 1042
1, 3472, 52080176, 52088487, 176, 8487
1, 3473, 52095176, 52096042, 176, 1042
1, 3474, 52110176, 52111042, 176, 1042
1, 3475, 52125176, 52126042, 176, 1042
1, 3476, 52140176, 52141042, 176, 1042
1, 3477, 52155176, 52157047, 176, 2047
1, 3478, 52170176, 52171042, 176, 1042
1, 3479, 52185176, 52186042, 176, 1042
1, 348, 5220176, 5221042, 176, 1042
1, 3480, 52200176, 52201042, 176, 1042
1, 3481, 52215176, 52216042, 176, 1042
1, 3482, 52230176, 52231042, 176, 1042
1, 3483, 52245176, 52246042, 176, 1042
1, 3484, 52260176, 52261042, 176, 1042
1, 3485, 52275176, 52276042, 176, 1042
1, 3486, 52290176, 52293823, 176, 3823
1, 3487, 52305176, 52306042, 176, 1042
1, 3488, 52320176, 52321042, 176, 1042
1, 3489, 52335176, 52336042, 176, 1042
1, 349, 5235176, 5236042, 176, 1042
1, 3490, 52350176, 52351042, 176, 1042
1, 3491, 52365176, 52367637, 176, 2637
1, 3492, 52380176, 52381042, 176, 1042
1, 3493, 52395176, 52396042, 176, 1042
1, 3494, 52410176, 52411042, 176, 1042
1, 3495, 52425176, 52426042, 176, 1042
1, 3496, 52440176, 52441042, 176, 1042
1, 3497, 52455176, 52456042, 176, 1042
1, 3498, 52470176, 52471042, 176, 1042
1, 3499, 52485176, 52486042, 176, 1042
1, 35, 525176, 527397, 176, 2397
1, 350, 5250176, 5255258, 176, 5258
1, 3500, 52500176, 52505258, 176, 5258
1, 3501, 52515176, 52516042, 176, 1042
1, 3502, 52530176, 52531042, 176, 1042
1, 3503, 52545176, 52546042, 176, 1042
1, 3504, 52560176, 52561042, 176, 1042
1, 3505, 52575176, 52576042, 176, 1042
1, 3506, 52590176, 52591042, 176, 1042
1, 3507, 52605176, 52606812, 176, 1812
1, 3508, 52620176, 52621042, 176, 1042
1, 3509, 52635176, 52636042, 176, 1042
1, 351, 5265176, 5266042, 176, 1042
1, 3510, 52650176, 52651042, 176, 1042
1, 3511, 52665176, 52666042, 176, 1042
1, 3512, 52680176, 52681042, 176, 1042
1, 3513, 52695176, 52696042, 176, 1042
1, 3514, 52710176, 52713823, 176, 3823
1, 3515, 52725176, 52727083, 176, 2083
1, 3516, 52740176, 52741042, 176, 1042
1, 3517, 52755176, 52756042, 176, 1042
1, 3518, 52770176, 52771042, 176, 1042
1, 3519, 52785176, 52786042, 176, 1042
1, 352, 5280176, 5281042, 176, 1042
1, 3520, 52800176, 52802940, 176, 2940
1, 3521, 52815176, 52816042, 176, 1042
1, 3522, 52830176, 52831042, 176, 1042
1, 3523, 52845176, 52846042, 176, 1042
1, 3524, 52860176, 52861042, 176, 1042
1, 3525, 52875176, 52876042, 176, 1042
1, 3526, 52890176, 52891042, 176, 1042
1, 3527, 52905176, 52906042, 176, 1042
1, 3528, 52920176, 52925457, 176, 5457
1, 3529, 52935176, 52936042, 176, 1042
1, 353, 5295176, 5296042, 176, 1042
1, 3530, 52950176, 52951042, 176, 1042
1, 3531, 52965176, 52966042, 176, 1042
1, 3532, 52980176, 52981042, 176, 1042
1, 3533, 52995176, 52996042, 176, 1042
1, 3534, 53010176, 53011042, 176, 1042
1, 3535, 53025176, 53026812, 176, 1812
1, 3536, 53040176, 53041042, 176, 1042
1, 3537, 53055176, 53056042, 176, 1042
1, 3538, 53070176, 53071042, 176, 1042
1, 3539, 53085176, 53086042, 176, 1042
1, 354, 5310176, 5311042, 176, 1042
1, 3540, 53100176, 53101042, 176, 1042
1, 3541, 53115176, 53116042, 176, 1042
1, 3542, 53130176, 53133823, 176, 3823
1, 3543, 53145176, 53146042, 176, 1042
1, 3544, 53160176, 53161042, 176, 1042
1, 3545, 53175176, 53176042, 176, 1042
1, 3546, 53190176, 53191042, 176, 1042
1, 3547, 53205176, 53219935, 176, 14935
1, 3548, 53220176, 53221042, 176, 1042
1, 3549, 53235176, 53236042, 176, 1042
1, 355, 5325176, 5332193, 176, 7193
1, 3550, 53250176, 53251042, 176, 1042
1, 3551, 53265176, 53266042, 176, 1042
1, 3552, 53280176, 53281042, 176, 1042
1, 3553, 53295176, 53296042, 176, 1042
1, 3554, 53310176, 53311042, 176, 1042
1, 3555, 53325176, 53326042, 176, 1042
1, 3556, 53340176, 53343823, 176, 3823
1, 3557, 53355176, 53356042, 176, 1042
1, 3558, 53370176, 53371042, 176, 1042
1, 3559, 53385176, 53386042, 176, 1042
1, 356, 5340176, 5341042, 176, 1042
1, 3560, 53400176, 53401042, 176, 1042
1, 3561, 53415176, 53416042, 176, 1042
1, 3562, 53430176, 53431042, 176, 1042
1, 3563, 53445176, 53447083, 176, 2083
1, 3564, 53460176, 53461042, 176, 1042
1, 3565, 53475176, 53476042, 176, 1042
1, 3566, 53490176, 53491042, 176, 1042
1, 3567, 53505176, 53506042, 176, 1042
1, 3568, 53520176, 53522750, 176, 2750
1, 3569, 53535176, 53536042, 176, 1042
1, 357, 5355176, 5356042, 176, 1042
1, 3570, 53550176, 53555258, 176, 5258
1, 3571, 53565176, 53566042, 176, 1042
1, 3572, 53580176, 53581042, 176, 1042
1, 3573, 53595176, 53596042, 176, 1042
1, 3574, 53610176, 53611042, 176, 1042
1, 3575, 53625176, 53626042, 176, 1042
1, 3576, 53640176, 53641042, 176, 1042
1, 3577, 53655176, 53656042, 176, 1042
1, 3578, 53670176, 53671042, 176, 1042
1, 3579, 53685176, 53686042, 176, 1042
1, 358, 5370176, 5371042, 176, 1042
1, 3580, 53700176, 53701042, 176, 1042
1, 3581, 53715176, 53716042, 176, 1042
1, 3582, 53730176, 53731042, 176, 1042
1, 3583, 53745176, 53746042, 176, 1042
1, 3584, 53760176, 53768487, 176, 8487
1, 3585, 53775176, 53776042, 176, 1042
1, 3586, 53790176, 53791042, 176, 1042
1, 3587, 53805176, 53806042, 176, 1042
1, 3588, 53820176, 53821042, 176, 1042
1, 3589, 53835176, 53836042, 176, 1042
1, 359, 5385176, 5386042, 176, 1042
1, 3590, 53850176, 53851042, 176, 1042
1, 3591, 53865176, 53866812, 176, 1812
1, 3592, 53880176, 53881042, 176, 1042
1, 3593, 53895176, 53896042, 176, 1042
1, 3594, 53910176, 53911042, 176, 1042
1, 3595, 53925176, 53926042, 176, 1042
1, 3596, 53940176, 53941042, 176, 1042
1, 3597, 53955176, 53956042, 176, 1042
1, 3598, 53970176, 53973823, 176, 3823
1, 3599, 53985176, 53986042, 176, 1042
1, 36, 540176, 541042, 176, 1042
1, 360, 5400176, 5401042, 176, 1042
1, 3600, 54000176, 54002940, 176, 2940
1, 3601, 54015176, 54016042, 176, 1042
1, 3602, 54030176, 54031042, 176, 1042
1, 3603, 54045176, 54047637, 176, 2637
1, 3604, 54060176, 54061042, 176, 1042
1, 3605, 54075176, 54076812, 176, 1812
1, 3606, 54090176, 54091042, 176, 1042
1, 3607, 54105176, 54106042, 176, 1042
1, 3608, 54120176, 54121042, 176, 1042
1, 3609, 54135176, 54136042, 176, 1042
1, 361, 5415176, 5416042, 176, 1042
1, 3610, 54150176, 54152750, 176, 2750
1, 3611, 54165176, 54166042, 176, 1042
1, 3612, 54180176, 54183823, 176, 3823
1, 3613, 54195176, 54196042, 176, 1042
1, 3614, 54210176, 54211042, 176, 1042
1, 3615, 54225176, 54226042, 176, 1042
1, 3616, 54240176, 54241042, 176, 1042
1, 3617, 54255176, 54257553, 176, 2553
1, 3618, 54270176, 54271042, 176, 1042
1, 3619, 54285176, 54286812, 176, 1812
1, 362, 5430176, 5431042, 176, 1042
1, 3620, 54300176, 54301042, 176, 1042
1, 3621, 54315176, 54316042, 176, 1042
1, 3622, 54330176, 54331042, 176, 1042
1, 3623, 54345176, 54346042, 176, 1042
1, 3624, 54360176, 54361042, 176, 1042
1, 3625, 54375176, 54376042, 176, 1042
1, 3626, 54390176, 54393823, 176, 3823
1, 3627, 54405176, 54406042, 176, 1042
1, 3628, 54420176, 54421042, 176, 1042
1, 3629, 54435176, 54436042, 176, 1042
1, 363, 5445176, 5446042, 176, 1042
1, 3630, 54450176, 54451042, 176, 1042
1, 3631, 54465176, 54466042, 176, 1042
1, 3632, 54480176, 54481042, 176, 1042
1, 3633, 54495176, 54496042, 176, 1042
1, 3634, 54510176, 54511042, 176, 1042
1, 3635, 54525176, 54526042, 176, 1042
1, 3636, 54540176, 54541042, 176, 1042
1, 3637, 54555176, 54556042, 176, 1042
1, 3638, 54570176, 54571042, 176, 1042
1, 3639, 54585176, 54586042, 176, 1042
1, 364, 5460176, 5463823, 176, 3823
1, 3640, 54600176, 54605410, 176, 5410
1, 3641, 54615176, 54616042, 176, 1042
1, 3642, 54630176, 54631042, 176, 1042
1, 3643, 54645176, 54646042, 176, 1042
1, 3644, 54660176, 54661042, 176, 1042
1, 3645, 54675176, 54676042, 176, 1042
1, 3646, 54690176, 54691042, 176, 1042
1, 3647, 54705176, 54706042, 176, 1042
1, 3648, 54720176, 54722940, 176, 2940
1, 3649, 54735176, 54736042, 176, 1042
1, 365, 5475176, 5476042, 176, 1042
1, 3650, 54750176, 54751042, 176, 1042
1, 3651, 54765176, 54766042, 176, 1042
1, 3652, 54780176, 54781042, 176, 1042
1, 3653, 54795176, 54796042, 176, 1042
1, 3654, 54810176, 54813823, 176, 3823
1, 3655, 54825176, 54826042, 176, 1042
1, 3656, 54840176, 54841042, 176, 1042
1, 3657, 54855176, 54856042, 176, 1042
1, 3658, 54870176, 54871042, 176, 1042
1, 3659, 54885176, 54889464, 176, 4464
1, 366, 5490176, 5491042, 176, 1042
1, 3660, 54900176, 54901042, 176, 1042
1, 3661, 54915176, 54916812, 176, 1812
1, 3662, 54930176, 54931042, 176, 1042
1, 3663, 54945176, 54946042, 176, 1042
1, 3664, 54960176, 54961042, 176, 1042
1, 3665, 54975176, 54976042, 176, 1042
1, 3666, 54990176, 54991042, 176, 1042
1, 3667, 55005176, 55006042, 176, 1042
1, 3668, 55020176, 55023823, 176, 3823
1, 3669, 55035176, 55036042, 176, 1042
1, 367, 5505176, 5506042, 176, 1042
1, 3670, 55050176, 55051042, 176, 1042
1, 3671, 55065176, 55066042, 176, 1042
1, 3672, 55080176, 55081042, 176, 1042
1, 3673, 55095176, 55096042, 176, 1042
1, 3674, 55110176, 55111042, 176, 1042
1, 3675, 55125176, 55127397, 176, 2397
1, 3676, 55140176, 55141042, 176, 1042
1, 3677, 55155176, 55156042, 176, 1042
1, 3678, 55170176, 55171042, 176, 1042
1, 3679, 55185176, 55186042, 176, 1042
1, 368, 5520176, 5521042, 176, 1042
1, 3680, 55200176, 55206737, 176, 6737
1, 3681, 55215176, 55216042, 176, 1042
1, 3682, 55230176, 55233823, 176, 3823
1, 3683, 55245176, 55246042, 176, 1042
1, 3684, 55260176, 55261042, 176, 1042
1, 3685, 55275176, 55276042, 176, 1042
1, 3686, 55290176, 55291042, 176, 1042
1, 3687, 55305176, 55306794, 176, 1794
1, 3688, 55320176, 55321042, 176, 1042
1, 3689, 55335176, 55336042, 176, 1042
1, 369, 5535176, 5536042, 176, 1042
1, 3690, 55350176, 55351042, 176, 1042
1, 3691, 55365176, 55366042, 176, 1042
1, 3692, 55380176, 55381042, 176, 1042
1, 3693, 55395176, 55396042, 176, 1042
1, 3694, 55410176, 55411042, 176, 1042
1, 3695, 55425176, 55426042, 176, 1042
1, 3696, 55440176, 55448487, 176, 8487
1, 3697, 55455176, 55456042, 176, 1042
1, 3698, 55470176, 55471042, 176, 1042
1, 3699, 55485176, 55486042, 176, 1042
1, 37, 555176, 556042, 176, 1042
1, 370, 5550176, 5551042, 176, 1042
1, 3700, 55500176, 55501042, 176, 1042
1, 3701, 55515176, 55516042, 176, 1042
1, 3702, 55530176, 55531042, 176, 1042
1, 3703, 55545176, 55546042, 176, 1042
1, 3704, 55560176, 55561042, 176, 1042
1, 3705, 55575176, 55576042, 176, 1042
1, 3706, 55590176, 55591042, 176, 1042
1, 3707, 55605176, 55606042, 176, 1042
1, 3708, 55620176, 55621042, 176, 1042
1, 3709, 55635176, 55636042, 176, 1042
1, 371, 5565176, 5566812, 176, 1812
1, 3710, 55650176, 55655258, 176, 5258
1, 3711, 55665176, 55666042, 176, 1042
1, 3712, 55680176, 55681042, 176, 1042
1, 3713, 55695176, 55696042, 176, 1042
1, 3714, 55710176, 55711042, 176, 1042
1, 3715, 55725176, 55728588, 176, 3588
1, 3716, 55740176, 55741042, 176, 1042
1, 3717, 55755176, 55756042, 176, 1042
1, 3718, 55770176, 55771042, 176, 1042
1, 3719, 55785176, 55786042, 176, 1042
1, 372, 5580176, 5581042, 176, 1042
1, 3720, 55800176, 55801042, 176, 1042
1, 3721, 55815176, 55816042, 176, 1042
1, 3722, 55830176, 55831042, 176, 1042
1, 3723, 55845176, 55846042, 176, 1042
1, 3724, 55860176, 55864295, 176, 4295
1, 3725, 55875176, 55876042, 176, 1042
1, 3726, 55890176, 55891042, 176, 1042
1, 3727, 55905176, 55906042, 176, 1042
1, 3728, 55920176, 55921042, 176, 1042
1, 3729, 55935176, 55936042, 176, 1042
1, 373, 5595176, 5596042, 176, 1042
1, 3730, 55950176, 55951042, 176, 1042
1, 3731, 55965176, 55966812, 176, 1812
1, 3732, 55980176, 55981042, 176, 1042
1, 3733, 55995176, 55996042, 176, 1042
1, 3734, 56010176, 56011042, 176, 1042
1, 3735, 56025176, 56026042, 176, 1042
1, 3736, 56040176, 56041042, 176, 1042
1, 3737, 56055176, 56056042, 176, 1042
1, 3738, 56070176, 56073823, 176, 3823
1, 3739, 56085176, 56086042, 176, 1042
1, 374, 5610176, 5611042, 176, 1042
1, 3740, 56100176, 56101042, 176, 1042
1, 3741, 56115176, 56116042, 176, 1042
1, 3742, 56130176, 56131042, 176, 1042
1, 3743, 56145176, 56146042, 176, 1042
1, 3744, 56160176, 56161042, 176, 1042
1, 3745, 56175176, 56176812, 176, 1812
1, 3746, 56190176, 56191042, 176, 1042
1, 3747, 56205176, 56206042, 176, 1042
1, 3748, 56220176, 56221042, 176, 1042
1, 3749, 56235176, 56236042, 176, 1042
1, 375, 5625176, 5626042, 176, 1042
1, 3750, 56250176, 56251042, 176, 1042
1, 3751, 56265176, 56266042, 176, 1042
1, 3752, 56280176, 56284295, 176, 4295
1, 3753, 56295176, 56296042, 176, 1042
1, 3754, 56310176, 56311042, 176, 1042
1, 3755, 56325176, 56326042, 176, 1042
1, 3756, 56340176, 56341042, 176, 1042
1, 3757, 56355176, 56356794, 176, 1794
1, 3758, 56370176, 56371042, 176, 1042
1, 3759, 56385176, 56386042, 176, 1042
1, 376, 5640176, 5641042, 176, 1042
1, 3760, 56400176, 56402940, 176, 2940
1, 3761, 56415176, 56416042, 176, 1042
1, 3762, 56430176, 56431042, 176, 1042
1, 3763, 56445176, 56446042, 176, 1042
1, 3764, 56460176, 56461042, 176, 1042
1, 3765, 56475176, 56476042, 176, 1042
1, 3766, 56490176, 56493823, 176, 3823
1, 3767, 56505176, 56506042, 176, 1042
1, 3768, 56520176, 56521042, 176, 1042
1, 3769, 56535176, 56536042, 176, 1042
1, 377, 5655176, 5656042, 176, 1042
1, 3770, 56550176, 56551042, 176, 1042
1, 3771, 56565176, 56569464, 176, 4464
1, 3772, 56580176, 56581042, 176, 1042
1, 3773, 56595176, 56596042, 176, 1042
1, 3774, 56610176, 56611042, 176, 1042
1, 3775, 56625176, 56626042, 176, 1042
1, 3776, 56640176, 56641042, 176, 1042
1, 3777, 56655176, 56656042, 176, 1042
1, 3778, 56670176, 56671042, 176, 1042
1, 3779, 56685176, 56686042, 176, 1042
1, 378, 5670176, 5673823, 176, 3823
1, 3780, 56700176, 56705258, 176, 5258
1, 3781, 56715176, 56716042, 176, 1042
1, 3782, 56730176, 56731042, 176, 1042
1, 3783, 56745176, 56746042, 176, 1042
1, 3784, 56760176, 56761042, 176, 1042
1, 3785, 56775176, 56776042, 176, 1042
1, 3786, 56790176, 56791042, 176, 1042
1, 3787, 56805176, 56807083, 176, 2083
1, 3788, 56820176, 56821042, 176, 1042
1, 3789, 56835176, 56836042, 176, 1042
1, 379, 5685176, 5686042, 176, 1042
1, 3790, 56850176, 56851042, 176, 1042
1, 3791, 56865176, 56866042, 176, 1042
1, 3792, 56880176, 56882493, 176, 2493
1, 3793, 56895176, 56896042, 176, 1042
1, 3794, 56910176, 56915282, 176, 5282
1, 3795, 56925176, 56926042, 176, 1042
1, 3796, 56940176, 56941042, 176, 1042
1, 3797, 56955176, 56956042, 176, 1042
1, 3798, 56970176, 56971042, 176, 1042
1, 3799, 56985176, 56986042, 176, 1042
1, 38, 570176, 571042, 176, 1042
1, 380, 5700176, 5701042, 176, 1042
1, 3800, 57000176, 57002940, 176, 2940
1, 3801, 57015176, 57016042, 176, 1042
1, 3802, 57030176, 57031042, 176, 1042
1, 3803, 57045176, 57046042, 176, 1042
1, 3804, 57060176, 57061042, 176, 1042
1, 3805, 57075176, 57076042, 176, 1042
1, 3806, 57090176, 57091042, 176, 1042
1, 3807, 57105176, 57106042, 176, 1042
1, 3808, 57120176, 57128487, 176, 8487
1, 3809, 57135176, 57136042, 176, 1042
1, 381, 5715176, 5716042, 176, 1042
1, 3810, 57150176, 57151042, 176, 1042
1, 3811, 57165176, 57166042, 176, 1042
1, 3812, 57180176, 57181042, 176, 1042
1, 3813, 57195176, 57197396, 176, 2396
1, 3814, 57210176, 57211042, 176, 1042
1, 3815, 57225176, 57226812, 176, 1812
1, 3816, 57240176, 57241042, 176, 1042
1, 3817, 57255176, 57256042, 176, 1042
1, 3818, 57270176, 57271042, 176, 1042
1, 3819, 57285176, 57286042, 176, 1042
1, 382, 5730176, 5731042, 176, 1042
1, 3820, 57300176, 57301042, 176, 1042
1, 3821, 57315176, 57316042, 176, 1042
1, 3822, 57330176, 57333823, 176, 3823
1, 3823, 57345176, 57346042, 176, 1042
1, 3824, 57360176, 57361042, 176, 1042
1, 3825, 57375176, 57376042, 176, 1042
1, 3826, 57390176, 57391042, 176, 1042
1, 3827, 57405176, 57408588, 176, 3588
1, 3828, 57420176, 57421042, 176, 1042
1, 3829, 57435176, 57436042, 176, 1042
1, 383, 5745176, 5746042, 176, 1042
1, 3830, 57450176, 57451042, 176, 1042
1, 3831, 57465176, 57466042, 176, 1042
1, 3832, 57480176, 57481042, 176, 1042
1, 3833, 57495176, 57496042, 176, 1042
1, 3834, 57510176, 57511042, 176, 1042
1, 3835, 57525176, 57526042, 176, 1042
1, 3836, 57540176, 57543823, 176, 3823
1, 3837, 57555176, 57556042, 176, 1042
1, 3838, 57570176, 57571042, 176, 1042
1, 3839, 57585176, 57586042, 176, 1042
1, 384, 5760176, 5761042, 176, 1042
1, 3840, 57600176, 57602940, 176, 2940
1, 3841, 57615176, 57616042, 176, 1042
1, 3842, 57630176, 57631042, 176, 1042
1, 3843, 57645176, 57646812, 176, 1812
1, 3844, 57660176, 57661042, 176, 1042
1, 3845, 57675176, 57676042, 176, 1042
1, 3846, 57690176, 57691042, 176, 1042
1, 3847, 57705176, 57706042, 176, 1042
1, 3848, 57720176, 57721042, 176, 1042
1, 3849, 57735176, 57736042, 176, 1042
1, 385, 5775176, 5776812, 176, 1812
1, 3850, 57750176, 57755258, 176, 5258
1, 3851, 57765176, 57766042, 176, 1042
1, 3852, 57780176, 57781042, 176, 1042
1, 3853, 57795176, 57796042, 176, 1042
1, 3854, 57810176, 57811042, 176, 1042
1, 3855, 57825176, 57826042, 176, 1042
1, 3856, 57840176, 57841042, 176, 1042
1, 3857, 57855176, 57856812, 176, 1812
1, 3858, 57870176, 57871042, 176, 1042
1, 3859, 57885176, 57886042, 176, 1042
1, 386, 5790176, 5791042, 176, 1042
1, 3860, 57900176, 57901042, 176, 1042
1, 3861, 57915176, 57916042, 176, 1042
1, 3862, 57930176, 57931042, 176, 1042
1, 3863, 57945176, 57946042, 176, 1042
1, 3864, 57960176, 57964295, 176, 4295
1, 3865, 57975176, 57976042, 176, 1042
1, 3866, 57990176, 57991042, 176, 1042
1, 3867, 58005176, 58006042, 176, 1042
1, 3868, 58020176, 58021042, 176, 1042
1, 3869, 58035176, 58036042, 176, 1042
1, 387, 5805176, 5806042, 176, 1042
1, 3870, 58050176, 58051042, 176, 1042
1, 3871, 58065176, 58066042, 176, 1042
1, 3872, 58080176, 58081042, 176, 1042
1, 3873, 58095176, 58096042, 176, 1042
1, 3874, 58110176, 58111042, 176, 1042
1, 3875, 58125176, 58126042, 176, 1042
1, 3876, 58140176, 58141042, 176, 1042
1, 3877, 58155176, 58156042, 176, 1042
1, 3878, 58170176, 58173823, 176, 3823
1, 3879, 58185176, 58186042, 176, 1042
1, 388, 5820176, 5821042, 176, 1042
1, 3880, 58200176, 58201042, 176, 1042
1, 3881, 58215176, 58216042, 176, 1042
1, 3882, 58230176, 58231042, 176, 1042
1, 3883, 58245176, 58256713, 176, 11713
1, 3884, 58260176, 58261042, 176, 1042
1, 3885, 58275176, 58276812, 176, 1812
1, 3886, 58290176, 58291042, 176, 1042
1, 3887, 58305176, 58306042, 176, 1042
1, 3888, 58320176, 58321042, 176, 1042
1, 3889, 58335176, 58336042, 176, 1042
1, 389, 5835176, 5836042, 176, 1042
1, 3890, 58350176, 58351042, 176, 1042
1, 3891, 58365176, 58366042, 176, 1042
1, 3892, 58380176, 58383823, 176, 3823
1, 3893, 58395176, 58396042, 176, 1042
1, 3894, 58410176, 58411042, 176, 1042
1, 3895, 58425176, 58426042, 176, 1042
1, 3896, 58440176, 58441042, 176, 1042
1, 3897, 58455176, 58456794, 176, 1794
1, 3898, 58470176, 58471042, 176, 1042
1, 3899, 58485176, 58487083, 176, 2083
1, 39, 585176, 586042, 176, 1042
1, 390, 5850176, 5851042, 176, 1042
1, 3900, 58500176, 58501042, 176, 1042
1, 3901, 58515176, 58516042, 176, 1042
1, 3902, 58530176, 58535657, 176, 5657
1, 3903, 58545176, 58546042, 176, 1042
1, 3904, 58560176, 58562750, 176, 2750
1, 3905, 58575176, 58576042, 176, 1042
1, 3906, 58590176, 58593823, 176, 3823
1, 3907, 58605176, 58606042, 176, 1042
1, 3908, 58620176, 58621042, 176, 1042
1, 3909, 58635176, 58636042, 176, 1042
1, 391, 5865176, 5866042, 176, 1042
1, 3910, 58650176, 58651042, 176, 1042
1, 3911, 58665176, 58666042, 176, 1042
1, 3912, 58680176, 58681042, 176, 1042
1, 3913, 58695176, 58696042, 176, 1042
1, 3914, 58710176, 58711042, 176, 1042
1, 3915, 58725176, 58726042, 176, 1042
1, 3916, 58740176, 58741042, 176, 1042
1, 3917, 58755176, 58756042, 176, 1042
1, 3918, 58770176, 58771042, 176, 1042
1, 3919, 58785176, 58786042, 176, 1042
1, 392, 5880176, 5884295, 176, 4295
1, 3920, 58800176, 58808487, 176, 8487
1, 3921, 58815176, 58816042, 176, 1042
1, 3922, 58830176, 58831042, 176, 1042
1, 3923, 58845176, 58846042, 176, 1042
1, 3924, 58860176, 58861042, 176, 1042
1, 3925, 58875176, 58876042, 176, 1042
1, 3926, 58890176, 58891042, 176, 1042
1, 3927, 58905176, 58906812, 176, 1812
1, 3928, 58920176, 58921042, 176, 1042
1, 3929, 58935176, 58936042, 176, 1042
1, 393, 5895176, 5896042, 176, 1042
1, 3930, 58950176, 58951042, 176, 1042
1, 3931, 58965176, 58966042, 176, 1042
1, 3932, 58980176, 58981042, 176, 1042
1, 3933, 58995176, 58996042, 176, 1042
1, 3934, 59010176, 59013823, 176, 3823
1, 3935, 59025176, 59026042, 176, 1042
1, 3936, 59040176, 59041042, 176, 1042
1, 3937, 59055176, 59056042, 176, 1042
1, 3938, 59070176, 59071042, 176, 1042
1, 3939, 59085176, 59087637, 176, 2637
1, 394, 5910176, 5911042, 176, 1042
1, 3940, 59100176, 59101042, 176, 1042
1, 3941, 59115176, 59116042, 176, 1042
1, 3942, 59130176, 59131042, 176, 1042
1, 3943, 59145176, 59146042, 176, 1042
1, 3944, 59160176, 59161042, 176, 1042
1, 3945, 59175176, 59176042, 176, 1042
1, 3946, 59190176, 59191042, 176, 1042
1, 3947, 59205176, 59206042, 176, 1042
1, 3948, 59220176, 59223823, 176, 3823
1, 3949, 59235176, 59236042, 176, 1042
1, 395, 5925176, 5926042, 176, 1042
1, 3950, 59250176, 59251042, 176, 1042
1, 3951, 59265176, 59266042, 176, 1042
1, 3952, 59280176, 59282940, 176, 2940
1, 3953, 59295176, 59296042, 176, 1042
1, 3954, 59310176, 59311042, 176, 1042
1, 3955, 59325176, 59327397, 176, 2397
1, 3956, 59340176, 59341042, 176, 1042
1, 3957, 59355176, 59356042, 176, 1042
1, 3958, 59370176, 59371042, 176, 1042
1, 3959, 59385176, 59386042, 176, 1042
1, 396, 5940176, 5941042, 176, 1042
1, 3960, 59400176, 59402750, 176, 2750
1, 3961, 59415176, 59416042, 176, 1042
1, 3962, 59430176, 59433823, 176, 3823
1, 3963, 59445176, 59446042, 176, 1042
1, 3964, 59460176, 59461042, 176, 1042
1, 3965, 59475176, 59476042, 176, 1042
1, 3966, 59490176, 59491042, 176, 1042
1, 3967, 59505176, 59506794, 176, 1794
1, 3968, 59520176, 59521042, 176, 1042
1, 3969, 59535176, 59536042, 176, 1042
1, 397, 5955176, 5956794, 176, 1794
1, 3970, 59550176, 59551042, 176, 1042
1, 3971, 59565176, 59566042, 176, 1042
1, 3972, 59580176, 59581042, 176, 1042
1, 3973, 59595176, 59596042, 176, 1042
1, 3974, 59610176, 59611042, 176, 1042
1, 3975, 59625176, 59626042, 176, 1042
1, 3976, 59640176, 59644295, 176, 4295
1, 3977, 59655176, 59656042, 176, 1042
1, 3978, 59670176, 59671042, 176, 1042
1, 3979, 59685176, 59686042, 176, 1042
1, 398, 5970176, 5971042, 176, 1042
1, 3980, 59700176, 59701042, 176, 1042
1, 3981, 59715176, 59716042, 176, 1042
1, 3982, 59730176, 59731042, 176, 1042
1, 3983, 59745176, 59746042, 176, 1042
1, 3984, 59760176, 59762940, 176, 2940
1, 3985, 59775176, 59776042, 176, 1042
1, 3986, 59790176, 59791042, 176, 1042
1, 3987, 59805176, 59806042, 176, 1042
1, 3988, 59820176, 59821042, 176, 1042
1, 3989, 59835176, 59836042, 176, 1042
1, 399, 5985176, 5986812, 176, 1812
1, 3990, 59850176, 59857454, 176, 7454
1, 3991, 59865176, 59866042, 176, 1042
1, 3992, 59880176, 59881042, 176, 1042
1, 3993, 59895176, 59896042, 176, 1042
1, 3994, 59910176, 59911042, 176, 1042
1, 3995, 59925176, 59930113, 176, 5113
1, 3996, 59940176, 59941042, 176, 1042
1, 3997, 59955176, 59956042, 176, 1042
1, 3998, 59970176, 59971042, 176, 1042
1, 3999, 59985176, 59986042, 176, 1042
1, 4, 60176, 61042, 176, 1042
1, 40, 600176, 602750, 176, 2750
1, 400, 6000176, 6002940, 176, 2940
1, 4000, 60000176, 60002940, 176, 2940
1, 4001, 60015176, 60016042, 176, 1042
1, 4002, 60030176, 60031042, 176, 1042
1, 4003, 60045176, 60046042, 176, 1042
1, 4004, 60060176, 60063823, 176, 3823
1, 4005, 60075176, 60076042, 176, 1042
1, 4006, 60090176, 60091042, 176, 1042
1, 4007, 60105176, 60106042, 176, 1042
1, 4008, 60120176, 60121042, 176, 1042
1, 4009, 60135176, 60136042, 176, 1042
1, 401, 6015176, 6016042, 176, 1042
1, 4010, 60150176, 60151042, 176, 1042
1, 4011, 60165176, 60167083, 176, 2083
1, 4012, 60180176, 60181042, 176, 1042
1, 4013, 60195176, 60196042, 176, 1042
1, 4014, 60210176, 60211042, 176, 1042
1, 4015, 60225176, 60226042, 176, 1042
1, 4016, 60240176, 60242940, 176, 2940
1, 4017, 60255176, 60256042, 176, 1042
1, 4018, 60270176, 60273823, 176, 3823
1, 4019, 60285176, 60286042, 176, 1042
1, 402, 6030176, 6031042, 176, 1042
1, 4020, 60300176, 60301042, 176, 1042
1, 4021, 60315176, 60316042, 176, 1042
1, 4022, 60330176, 60331042, 176, 1042
1, 4023, 60345176, 60346042, 176, 1042
1, 4024, 60360176, 60361042, 176, 1042
1, 4025, 60375176, 60376812, 176, 1812
1, 4026, 60390176, 60391042, 176, 1042
1, 4027, 60405176, 60406042, 176, 1042
1, 4028, 60420176, 60421042, 176, 1042
1, 4029, 60435176, 60436042, 176, 1042
1, 403, 6045176, 6046042, 176, 1042
1, 4030, 60450176, 60451042, 176, 1042
1, 4031, 60465176, 60466042, 176, 1042
1, 4032, 60480176, 60488487, 176, 8487
1, 4033, 60495176, 60496042, 176, 1042
1, 4034, 60510176, 60511042, 176, 1042
1, 4035, 60525176, 60526042, 176, 1042
1, 4036, 60540176, 60541042, 176, 1042
1, 4037, 60555176, 60556794, 176, 1794
1, 4038, 60570176, 60571042, 176, 1042
1, 4039, 60585176, 60586042, 176, 1042
1, 404, 6060176, 6061042, 176, 1042
1, 4040, 60600176, 60601042, 176, 1042
1, 4041, 60615176, 60616042, 176, 1042
1, 4042, 60630176, 60631042, 176, 1042
1, 4043, 60645176, 60646042, 176, 1042
1, 4044, 60660176, 60661042, 176, 1042
1, 4045, 60675176, 60676042, 176, 1042
1, 4046, 60690176, 60693823, 176, 3823
1, 4047, 60705176, 60706042, 176, 1042
1, 4048, 60720176, 60721042, 176, 1042
1, 4049, 60735176, 60736042, 176, 1042
1, 405, 6075176, 6076042, 176, 1042
1, 4050, 60750176, 60751042, 176, 1042
1, 4051, 60765176, 60767637, 176, 2637
1, 4052, 60780176, 60781042, 176, 1042
1, 4053, 60795176, 60796042, 176, 1042
1, 4054, 60810176, 60811042, 176, 1042
1, 4055, 60825176, 60826042, 176, 1042
1, 4056, 60840176, 60841042, 176, 1042
1, 4057, 60855176, 60856042, 176, 1042
1, 4058, 60870176, 60871042, 176, 1042
1, 4059, 60885176, 60886042, 176, 1042
1, 406, 6090176, 6093823, 176, 3823
1, 4060, 60900176, 60906954, 176, 6954
1, 4061, 60915176, 60916042, 176, 1042
1, 4062, 60930176, 60931042, 176, 1042
1, 4063, 60945176, 60946042, 176, 1042
1, 4064, 60960176, 60961042, 176, 1042
1, 4065, 60975176, 60976042, 176, 1042
1, 4066, 60990176, 60991042, 176, 1042
1, 4067, 61005176, 61006812, 176, 1812
1, 4068, 61020176, 61021042, 176, 1042
1, 4069, 61035176, 61036042, 176, 1042
1, 407, 6105176, 6106042, 176, 1042
1, 4070, 61050176, 61051042, 176, 1042
1, 4071, 61065176, 61066042, 176, 1042
1, 4072, 61080176, 61081042, 176, 1042
1, 4073, 61095176, 61096042, 176, 1042
1, 4074, 61110176, 61113823, 176, 3823
1, 4075, 61125176, 61126042, 176, 1042
1, 4076, 61140176, 61141042, 176, 1042
1, 4077, 61155176, 61156042, 176, 1042
1, 4078, 61170176, 61171042, 176, 1042
1, 4079, 61185176, 61187396, 176, 2396
1, 408, 6120176, 6121042, 176, 1042
1, 4080, 61200176, 61202940, 176, 2940
1, 4081, 61215176, 61216042, 176, 1042
1, 4082, 61230176, 61231042, 176, 1042
1, 4083, 61245176, 61246042, 176, 1042
1, 4084, 61260176, 61261042, 176, 1042
1, 4085, 61275176, 61276042, 176, 1042
1, 4086, 61290176, 61291042, 176, 1042
1, 4087, 61305176, 61306042, 176, 1042
1, 4088, 61320176, 61324295, 176, 4295
1, 4089, 61335176, 61336042, 176, 1042
1, 409, 6135176, 6136042, 176, 1042
1, 4090, 61350176, 61351042, 176, 1042
1, 4091, 61365176, 61366042, 176, 1042
1, 4092, 61380176, 61381042, 176, 1042
1, 4093, 61395176, 61396042, 176, 1042
1, 4094, 61410176, 61411042, 176, 1042
1, 4095, 61425176, 61426812, 176, 1812
1, 4096, 61440176, 61441042, 176, 1042
1, 4097, 61455176, 61456042, 176, 1042
1, 4098, 61470176, 61471042, 176, 1042
1, 4099, 61485176, 61486042, 176, 1042
1, 41, 615176, 616042, 176, 1042
1, 410, 6150176, 6151042, 176, 1042
1, 4100, 61500176, 61501042, 176, 1042
1, 4101, 61515176, 61516042, 176, 1042
1, 4102, 61530176, 61533823, 176, 3823
1, 4103, 61545176, 61546042, 176, 1042
1, 4104, 61560176, 61561042, 176, 1042
1, 4105, 61575176, 61576042, 176, 1042
1, 4106, 61590176, 61591042, 176, 1042
1, 4107, 61605176, 61618635, 176, 13635
1, 4108, 61620176, 61621042, 176, 1042
1, 4109, 61635176, 61636042, 176, 1042
1, 411, 6165176, 6169464, 176, 4464
1, 4110, 61650176, 61651042, 176, 1042
1, 4111, 61665176, 61666042, 176, 1042
1, 4112, 61680176, 61681042, 176, 1042
1, 4113, 61695176, 61696042, 176, 1042
1, 4114, 61710176, 61711042, 176, 1042
1, 4115, 61725176, 61726042, 176, 1042
1, 4116, 61740176, 61743823, 176, 3823
1, 4117, 61755176, 61756042, 176, 1042
1, 4118, 61770176, 61771042, 176, 1042
1, 4119, 61785176, 61786042, 176, 1042
1, 412, 6180176, 6181042, 176, 1042
1, 4120, 61800176, 61801042, 176, 1042
1, 4121, 61815176, 61816042, 176, 1042
1, 4122, 61830176, 61831042, 176, 1042
1, 4123, 61845176, 61847397, 176, 2397
1, 4124, 61860176, 61861042, 176, 1042
1, 4125, 61875176, 61876042, 176, 1042
1, 4126, 61890176, 61891042, 176, 1042
1, 4127, 61905176, 61906042, 176, 1042
1, 4128, 61920176, 61922750, 176, 2750
1, 4129, 61935176, 61936042, 176, 1042
1, 413, 6195176, 6196042, 176, 1042
1, 4130, 61950176, 61955258, 176, 5258
1, 4131, 61965176, 61966042, 176, 1042
1, 4132, 61980176, 61981042, 176, 1042
1, 4133, 61995176, 61996042, 176, 1042
1, 4134, 62010176, 62011042, 176, 1042
1, 4135, 62025176, 62026042, 176, 1042
1, 4136, 62040176, 62041042, 176, 1042
1, 4137, 62055176, 62056042, 176, 1042
1, 4138, 62070176, 62071042, 176, 1042
1, 4139, 62085176, 62086042, 176, 1042
1, 414, 6210176, 6211042, 176, 1042
1, 4140, 62100176, 62101042, 176, 1042
1, 4141, 62115176, 62116042, 176, 1042
1, 4142, 62130176, 62131042, 176, 1042
1, 4143, 62145176, 62146042, 176, 1042
1, 4144, 62160176, 62168487, 176, 8487
1, 4145, 62175176, 62176042, 176, 1042
1, 4146, 62190176, 62191042, 176, 1042
1, 4147, 62205176, 62206042, 176, 1042
1, 4148, 62220176, 62221042, 176, 1042
1, 4149, 62235176, 62236340, 176, 1340
1, 415, 6225176, 6226042, 176, 1042
1, 4150, 62250176, 62251042, 176, 1042
1, 4151, 62265176, 62266042, 176, 1042
1, 4152, 62280176, 62281042, 176, 1042
1, 4153, 62295176, 62296042, 176, 1042
1, 4154, 62310176, 62311042, 176, 1042
1, 4155, 62325176, 62327083, 176, 2083
1, 4156, 62340176, 62341042, 176, 1042
1, 4157, 62355176, 62356042, 176, 1042
1, 4158, 62370176, 62373823, 176, 3823
1, 4159, 62385176, 62386042, 176, 1042
1, 416, 6240176, 6241042, 176, 1042
1, 4160, 62400176, 62402940, 176, 2940
1, 4161, 62415176, 62416042, 176, 1042
1, 4162, 62430176, 62431042, 176, 1042
1, 4163, 62445176, 62447637, 176, 2637
1, 4164, 62460176, 62461042, 176, 1042
1, 4165, 62475176, 62476812, 176, 1812
1, 4166, 62490176, 62491042, 176, 1042
1, 4167, 62505176, 62506042, 176, 1042
1, 4168, 62520176, 62521042, 176, 1042
1, 4169, 62535176, 62536042, 176, 1042
1, 417, 6255176, 6256042, 176, 1042
1, 4170, 62550176, 62551042, 176, 1042
1, 4171, 62565176, 62566042, 176, 1042
1, 4172, 62580176, 62583823, 176, 3823
1, 4173, 62595176, 62596042, 176, 1042
1, 4174, 62610176, 62611042, 176, 1042
1, 4175, 62625176, 62626042, 176, 1042
1, 4176, 62640176, 62641042, 176, 1042
1, 4177, 62655176, 62656794, 176, 1794
1, 4178, 62670176, 62671042, 176, 1042
1, 4179, 62685176, 62686812, 176, 1812
1, 418, 6270176, 6271042, 176, 1042
1, 4180, 62700176, 62701042, 176, 1042
1, 4181, 62715176, 62716042, 176, 1042
1, 4182, 62730176, 62731042, 176, 1042
1, 4183, 62745176, 62746042, 176, 1042
1, 4184, 62760176, 62761042, 176, 1042
1, 4185, 62775176, 62776042, 176, 1042
1, 4186, 62790176, 62793823, 176, 3823
1, 4187, 62805176, 62806042, 176, 1042
1, 4188, 62820176, 62821042, 176, 1042
1, 4189, 62835176, 62836042, 176, 1042
1, 419, 6285176, 6286042, 176, 1042
1, 4190, 62850176, 62851042, 176, 1042
1, 4191, 62865176, 62866042, 176, 1042
1, 4192, 62880176, 62881042, 176, 1042
1, 4193, 62895176, 62896812, 176, 1812
1, 4194, 62910176, 62911042, 176, 1042
1, 4195, 62925176, 62926042, 176, 1042
1, 4196, 62940176, 62941042, 176, 1042
1, 4197, 62955176, 62956042, 176, 1042
1, 4198, 62970176, 62971042, 176, 1042
1, 4199, 62985176, 62986042, 176, 1042
1, 42, 630176, 633823, 176, 3823
1, 420, 6300176, 6305258, 176, 5258
1, 4200, 63000176, 63005410, 176, 5410
1, 4201, 63015176, 63016042, 176, 1042
1, 4202, 63030176, 63031042, 176, 1042
1, 4203, 63045176, 63046042, 176, 1042
1, 4204, 63060176, 63061042, 176, 1042
1, 4205, 63075176, 63076042, 176, 1042
1, 4206, 63090176, 63091042, 176, 1042
1, 4207, 63105176, 63106042, 176, 1042
1, 4208, 63120176, 63121042, 176, 1042
1, 4209, 63135176, 63136042, 176, 1042
1, 421, 6315176, 6316042, 176, 1042
1, 4210, 63150176, 63151042, 176, 1042
1, 4211, 63165176, 63166042, 176, 1042
1, 4212, 63180176, 63182128, 176, 2128
1, 4213, 63195176, 63196042, 176, 1042
1, 4214, 63210176, 63213823, 176, 3823
1, 4215, 63225176, 63226042, 176, 1042
1, 4216, 63240176, 63241042, 176, 1042
1, 4217, 63255176, 63256042, 176, 1042
1, 4218, 63270176, 63271042, 176, 1042
1, 4219, 63285176, 63289464, 176, 4464
1, 422, 6330176, 6331042, 176, 1042
1, 4220, 63300176, 63301042, 176, 1042
1, 4221, 63315176, 63316042, 176, 1042
1, 4222, 63330176, 63331042, 176, 1042
1, 4223, 63345176, 63346042, 176, 1042
1, 4224, 63360176, 63361042, 176, 1042
1, 4225, 63375176, 63376042, 176, 1042
1, 4226, 63390176, 63391042, 176, 1042
1, 4227, 63405176, 63406042, 176, 1042
1, 4228, 63420176, 63423823, 176, 3823
1, 4229, 63435176, 63436042, 176, 1042
1, 423, 6345176, 6346042, 176, 1042
1, 4230, 63450176, 63451042, 176, 1042
1, 4231, 63465176, 63466042, 176, 1042
1, 4232, 63480176, 63481042, 176, 1042
1, 4233, 63495176, 63496042, 176, 1042
1, 4234, 63510176, 63511042, 176, 1042
1, 4235, 63525176, 63527397, 176, 2397
1, 4236, 63540176, 63541042, 176, 1042
1, 4237, 63555176, 63556042, 176, 1042
1, 4238, 63570176, 63571042, 176, 1042
1, 4239, 63585176, 63586042, 176, 1042
1, 424, 6360176, 6361042, 176, 1042
1, 4240, 63600176, 63605452, 176, 5452
1, 4241, 63615176, 63616042, 176, 1042
1, 4242, 63630176, 63633823, 176, 3823
1, 4243, 63645176, 63646042, 176, 1042
1, 4244, 63660176, 63661042, 176, 1042
1, 4245, 63675176, 63676042, 176, 1042
1, 4246, 63690176, 63691042, 176, 1042
1, 4247, 63705176, 63706794, 176, 1794
1, 4248, 63720176, 63721042, 176, 1042
1, 4249, 63735176, 63736042, 176, 1042
1, 425, 6375176, 6377163, 176, 2163
1, 4250, 63750176, 63751042, 176, 1042
1, 4251, 63765176, 63766042, 176, 1042
1, 4252, 63780176, 63781042, 176, 1042
1, 4253, 63795176, 63796042, 176, 1042
1, 4254, 63810176, 63811042, 176, 1042
1, 4255, 63825176, 63826042, 176, 1042
1, 4256, 63840176, 63849576, 176, 9576
1, 4257, 63855176, 63856042, 176, 1042
1, 4258, 63870176, 63871042, 176, 1042
1, 4259, 63885176, 63886042, 176, 1042
1, 426, 6390176, 6391042, 176, 1042
1, 4260, 63900176, 63901042, 176, 1042
1, 4261, 63915176, 63916042, 176, 1042
1, 4262, 63930176, 63931042, 176, 1042
1, 4263, 63945176, 63946042, 176, 1042
1, 4264, 63960176, 63961042, 176, 1042
1, 4265, 63975176, 63976042, 176, 1042
1, 4266, 63990176, 63991042, 176, 1042
1, 4267, 64005176, 64006042, 176, 1042
1, 4268, 64020176, 64021042, 176, 1042
1, 4269, 64035176, 64036042, 176, 1042
1, 427, 6405176, 6407083, 176, 2083
1, 4270, 64050176, 64055258, 176, 5258
1, 4271, 64065176, 64066042, 176, 1042
1, 4272, 64080176, 64081042, 176, 1042
1, 4273, 64095176, 64096042, 176, 1042
1, 4274, 64110176, 64111042, 176, 1042
1, 4275, 64125176, 64129558, 176, 4558
1, 4276, 64140176, 64141042, 176, 1042
1, 4277, 64155176, 64156042, 176, 1042
1, 4278, 64170176, 64171042, 176, 1042
1, 4279, 64185176, 64186042, 176, 1042
1, 428, 6420176, 6421042, 176, 1042
1, 4280, 64200176, 64201042, 176, 1042
1, 4281, 64215176, 64216042, 176, 1042
1, 4282, 64230176, 64231042, 176, 1042
1, 4283, 64245176, 64246042, 176, 1042
1, 4284, 64260176, 64263823, 176, 3823
1, 4285, 64275176, 64276042, 176, 1042
1, 4286, 64290176, 64291042, 176, 1042
1, 4287, 64305176, 64306042, 176, 1042
1, 4288, 64320176, 64322940, 176, 2940
1, 4289, 64335176, 64336042, 176, 1042
1, 429, 6435176, 6436042, 176, 1042
1, 4290, 64350176, 64351042, 176, 1042
1, 4291, 64365176, 64366812, 176, 1812
1, 4292, 64380176, 64381042, 176, 1042
1, 4293, 64395176, 64396042, 176, 1042
1, 4294, 64410176, 64411042, 176, 1042
1, 4295, 64425176, 64426042, 176, 1042
1, 4296, 64440176, 64441042, 176, 1042
1, 4297, 64455176, 64456042, 176, 1042
1, 4298, 64470176, 64473823, 176, 3823
1, 4299, 64485176, 64486042, 176, 1042
1, 43, 645176, 646042, 176, 1042
1, 430, 6450176, 6451042, 176, 1042
1, 4300, 64500176, 64501042, 176, 1042
1, 4301, 64515176, 64516042, 176, 1042
1, 4302, 64530176, 64531042, 176, 1042
1, 4303, 64545176, 64546042, 176, 1042
1, 4304, 64560176, 64561042, 176, 1042
1, 4305, 64575176, 64576812, 176, 1812
1, 4306, 64590176, 64591042, 176, 1042
1, 4307, 64605176, 64606042, 176, 1042
1, 4308, 64620176, 64621042, 176, 1042
1, 4309, 64635176, 64636042, 176, 1042
1, 431, 6465176, 6466042, 176, 1042
1, 4310, 64650176, 64651042, 176, 1042
1, 4311, 64665176, 64666042, 176, 1042
1, 4312, 64680176, 64684295, 176, 4295
1, 4313, 64695176, 64696042, 176, 1042
1, 4314, 64710176, 64711042, 176, 1042
1, 4315, 64725176, 64726042, 176, 1042
1, 4316, 64740176, 64741042, 176, 1042
1, 4317, 64755176, 64756794, 176, 1794
1, 4318, 64770176, 64771042, 176, 1042
1, 4319, 64785176, 64786042, 176, 1042
1, 432, 6480176, 6482493, 176, 2493
1, 4320, 64800176, 64802940, 176, 2940
1, 4321, 64815176, 64816042, 176, 1042
1, 4322, 64830176, 64831042, 176, 1042
1, 4323, 64845176, 64846042, 176, 1042
1, 4324, 64860176, 64861042, 176, 1042
1, 4325, 64875176, 64876042, 176, 1042
1, 4326, 64890176, 64895282, 176, 5282
1, 4327, 64905176, 64906042, 176, 1042
1, 4328, 64920176, 64921042, 176, 1042
1, 4329, 64935176, 64936042, 176, 1042
1, 433, 6495176, 6496042, 176, 1042
1, 4330, 64950176, 64951042, 176, 1042
1, 4331, 64965176, 64969464, 176, 4464
1, 4332, 64980176, 64981042, 176, 1042
1, 4333, 64995176, 64996042, 176, 1042
1, 4334, 65010176, 65011042, 176, 1042
1, 4335, 65025176, 65026042, 176, 1042
1, 4336, 65040176, 65041042, 176, 1042
1, 4337, 65055176, 65056042, 176, 1042
1, 4338, 65070176, 65071042, 176, 1042
1, 4339, 65085176, 65086042, 176, 1042
1, 434, 6510176, 6513823, 176, 3823
1, 4340, 65100176, 65105258, 176, 5258
1, 4341, 65115176, 65116042, 176, 1042
1, 4342, 65130176, 65131042, 176, 1042
1, 4343, 65145176, 65146042, 176, 1042
1, 4344, 65160176, 65161042, 176, 1042
1, 4345, 65175176, 65178512, 176, 3512
1, 4346, 65190176, 65191042, 176, 1042
1, 4347, 65205176, 65207083, 176, 2083
1, 4348, 65220176, 65221042, 176, 1042
1, 4349, 65235176, 65236042, 176, 1042
1, 435, 6525176, 6526042, 176, 1042
1, 4350, 65250176, 65251042, 176, 1042
1, 4351, 65265176, 65266042, 176, 1042
1, 4352, 65280176, 65282595, 176, 2595
1, 4353, 65295176, 65296042, 176, 1042
1, 4354, 65310176, 65313823, 176, 3823
1, 4355, 65325176, 65326042, 176, 1042
1, 4356, 65340176, 65341042, 176, 1042
1, 4357, 65355176, 65356042, 176, 1042
1, 4358, 65370176, 65371042, 176, 1042
1, 4359, 65385176, 65386042, 176, 1042
1, 436, 6540176, 6541042, 176, 1042
1, 4360, 65400176, 65401042, 176, 1042
1, 4361, 65415176, 65416042, 176, 1042
1, 4362, 65430176, 65431042, 176, 1042
1, 4363, 65445176, 65446042, 176, 1042
1, 4364, 65460176, 65461042, 176, 1042
1, 4365, 65475176, 65476042, 176, 1042
1, 4366, 65490176, 65491042, 176, 1042
1, 4367, 65505176, 65506042, 176, 1042
1, 4368, 65520176, 65528487, 176, 8487
1, 4369, 65535176, 65536042, 176, 1042
1, 437, 6555176, 6556042, 176, 1042
1, 4370, 65550176, 65551042, 176, 1042
1, 4371, 65565176, 65566042, 176, 1042
1, 4372, 65580176, 65581042, 176, 1042
1, 4373, 65595176, 65596042, 176, 1042
1, 4374, 65610176, 65611042, 176, 1042
1, 4375, 65625176, 65626812, 176, 1812
1, 4376, 65640176, 65641042, 176, 1042
1, 4377, 65655176, 65656042, 176, 1042
1, 4378, 65670176, 65671042, 176, 1042
1, 4379, 65685176, 65686042, 176, 1042
1, 438, 6570176, 6571042, 176, 1042
1, 4380, 65700176, 65701042, 176, 1042
1, 4381, 65715176, 65716042, 176, 1042
1, 4382, 65730176, 65733823, 176, 3823
1, 4383, 65745176, 65746042, 176, 1042
1, 4384, 65760176, 65761042, 176, 1042
1, 4385, 65775176, 65776042, 176, 1042
1, 4386, 65790176, 65791042, 176, 1042
1, 4387, 65805176, 65808588, 176, 3588
1, 4388, 65820176, 65821042, 176, 1042
1, 4389, 65835176, 65836812, 176, 1812
1, 439, 6585176, 6586042, 176, 1042
1, 4390, 65850176, 65851042, 176, 1042
1, 4391, 65865176, 65866042, 176, 1042
1, 4392, 65880176, 65881042, 176, 1042
1, 4393, 65895176, 65896042, 176, 1042
1, 4394, 65910176, 65911042, 176, 1042
1, 4395, 65925176, 65926042, 176, 1042
1, 4396, 65940176, 65943823, 176, 3823
1, 4397, 65955176, 65956042, 176, 1042
1, 4398, 65970176, 65971042, 176, 1042
1, 4399, 65985176, 65986042, 176, 1042
1, 44, 660176, 661042, 176, 1042
1, 440, 6600176, 6601042, 176, 1042
1, 4400, 66000176, 66002940, 176, 2940
1, 4401, 66015176, 66016042, 176, 1042
1, 4402, 66030176, 66031042, 176, 1042
1, 4403, 66045176, 66046812, 176, 1812
1, 4404, 66060176, 66061042, 176, 1042
1, 4405, 66075176, 66076042, 176, 1042
1, 4406, 66090176, 66091042, 176, 1042
1, 4407, 66105176, 66106042, 176, 1042
1, 4408, 66120176, 66122750, 176, 2750
1, 4409, 66135176, 66136042, 176, 1042
1, 441, 6615176, 6616042, 176, 1042
1, 4410, 66150176, 66155258, 176, 5258
1, 4411, 66165176, 66166042, 176, 1042
1, 4412, 66180176, 66181042, 176, 1042
1, 4413, 66195176, 66196042, 176, 1042
1, 4414, 66210176, 66211042, 176, 1042
1, 4415, 66225176, 66227163, 176, 2163
1, 4416, 66240176, 66241042, 176, 1042
1, 4417, 66255176, 66256042, 176, 1042
1, 4418, 66270176, 66271042, 176, 1042
1, 4419, 66285176, 66286042, 176, 1042
1, 442, 6630176, 6631042, 176, 1042
1, 4420, 66300176, 66301042, 176, 1042
1, 4421, 66315176, 66316042, 176, 1042
1, 4422, 66330176, 66331042, 176, 1042
1, 4423, 66345176, 66346042, 176, 1042
1, 4424, 66360176, 66364295, 176, 4295
1, 4425, 66375176, 66376042, 176, 1042
1, 4426, 66390176, 66391042, 176, 1042
1, 4427, 66405176, 66406042, 176, 1042
1, 4428, 66420176, 66421042, 176, 1042
1, 4429, 66435176, 66436042, 176, 1042
1, 443, 6645176, 6646042, 176, 1042
1, 4430, 66450176, 66451042, 176, 1042
1, 4431, 66465176, 66466042, 176, 1042
1, 4432, 66480176, 66481042, 176, 1042
1, 4433, 66495176, 66496042, 176, 1042
1, 4434, 66510176, 66511042, 176, 1042
1, 4435, 66525176, 66526042, 176, 1042
1, 4436, 66540176, 66541042, 176, 1042
1, 4437, 66555176, 66556042, 176, 1042
1, 4438, 66570176, 66573823, 176, 3823
1, 4439, 66585176, 66586042, 176, 1042
1, 444, 6660176, 6661042, 176, 1042
1, 4440, 66600176, 66602940, 176, 2940
1, 4441, 66615176, 66616042, 176, 1042
1, 4442, 66630176, 66631042, 176, 1042
1, 4443, 66645176, 66649464, 176, 4464
1, 4444, 66660176, 66661042, 176, 1042
1, 4445, 66675176, 66676812, 176, 1812
1, 4446, 66690176, 66691042, 176, 1042
1, 4447, 66705176, 66706042, 176, 1042
1, 4448, 66720176, 66721042, 176, 1042
1, 4449, 66735176, 66736042, 176, 1042
1, 445, 6675176, 6676042, 176, 1042
1, 4450, 66750176, 66751042, 176, 1042
1, 4451, 66765176, 66766042, 176, 1042
1, 4452, 66780176, 66783823, 176, 3823
1, 4453, 66795176, 66796042, 176, 1042
1, 4454, 66810176, 66811042, 176, 1042
1, 4455, 66825176, 66826042, 176, 1042
1, 4456, 66840176, 66841042, 176, 1042
1, 4457, 66855176, 66856794, 176, 1794
1, 4458, 66870176, 66871042, 176, 1042
1, 4459, 66885176, 66887397, 176, 2397
1, 446, 6690176, 6691042, 176, 1042
1, 4460, 66900176, 66901042, 176, 1042
1, 4461, 66915176, 66916042, 176, 1042
1, 4462, 66930176, 66931042, 176, 1042
1, 4463, 66945176, 66946042, 176, 1042
1, 4464, 66960176, 66962750, 176, 2750
1, 4465, 66975176, 66976042, 176, 1042
1, 4466, 66990176, 66993823, 176, 3823
1, 4467, 67005176, 67006042, 176, 1042
1, 4468, 67020176, 67021042, 176, 1042
1, 4469, 67035176, 67036042, 176, 1042
1, 447, 6705176, 6706042, 176, 1042
1, 4470, 67050176, 67051042, 176, 1042
1, 4471, 67065176, 67066042, 176, 1042
1, 4472, 67080176, 67081042, 176, 1042
1, 4473, 67095176, 67096042, 176, 1042
1, 4474, 67110176, 67111042, 176, 1042
1, 4475, 67125176, 67126042, 176, 1042
1, 4476, 67140176, 67141042, 176, 1042
1, 4477, 67155176, 67156042, 176, 1042
1, 4478, 67170176, 67171042, 176, 1042
1, 4479, 67185176, 67186042, 176, 1042
1, 448, 6720176, 6728487, 176, 8487
1, 4480, 67200176, 67208487, 176, 8487
1, 4481, 67215176, 67216042, 176, 1042
1, 4482, 67230176, 67231042, 176, 1042
1, 4483, 67245176, 67246042, 176, 1042
1, 4484, 67260176, 67261042, 176, 1042
1, 4485, 67275176, 67276042, 176, 1042
1, 4486, 67290176, 67291042, 176, 1042
1, 4487, 67305176, 67306042, 176, 1042
1, 4488, 67320176, 67321042, 176, 1042
1, 4489, 67335176, 67336042, 176, 1042
1, 449, 6735176, 6736042, 176, 1042
1, 4490, 67350176, 67351042, 176, 1042
1, 4491, 67365176, 67366042, 176, 1042
1, 4492, 67380176, 67381042, 176, 1042
1, 4493, 67395176, 67396042, 176, 1042
1, 4494, 67410176, 67413823, 176, 3823
1, 4495, 67425176, 67426042, 176, 1042
1, 4496, 67440176, 67441042, 176, 1042
1, 4497, 67455176, 67456042, 176, 1042
1, 4498, 67470176, 67471042, 176, 1042
1, 4499, 67485176, 67487637, 176, 2637
1, 45, 675176, 676042, 176, 1042
1, 450, 6750176, 6751042, 176, 1042
1, 4500, 67500176, 67501042, 176, 1042
1, 4501, 67515176, 67516042, 176, 1042
1, 4502, 67530176, 67531042, 176, 1042
1, 4503, 67545176, 67546042, 176, 1042
1, 4504, 67560176, 67561042, 176, 1042
1, 4505, 67575176, 67576042, 176, 1042
1, 4506, 67590176, 67591042, 176, 1042
1, 4507, 67605176, 67606042, 176, 1042
1, 4508, 67620176, 67623823, 176, 3823
1, 4509, 67635176, 67636042, 176, 1042
1, 451, 6765176, 6766042, 176, 1042
1, 4510, 67650176, 67651042, 176, 1042
1, 4511, 67665176, 67666042, 176, 1042
1, 4512, 67680176, 67681042, 176, 1042
1, 4513, 67695176, 67696042, 176, 1042
1, 4514, 67710176, 67711042, 176, 1042
1, 4515, 67725176, 67727397, 176, 2397
1, 4516, 67740176, 67741042, 176, 1042
1, 4517, 67755176, 67756042, 176, 1042
1, 4518, 67770176, 67771042, 176, 1042
1, 4519, 67785176, 67786042, 176, 1042
1, 452, 6780176, 6781042, 176, 1042
1, 4520, 67800176, 67802750, 176, 2750
1, 4521, 67815176, 67816042, 176, 1042
1, 4522, 67830176, 67834295, 176, 4295
1, 4523, 67845176, 67846042, 176, 1042
1, 4524, 67860176, 67861042, 176, 1042
1, 4525, 67875176, 67876042, 176, 1042
1, 4526, 67890176, 67891042, 176, 1042
1, 4527, 67905176, 67906794, 176, 1794
1, 4528, 67920176, 67921042, 176, 1042
1, 4529, 67935176, 67936042, 176, 1042
1, 453, 6795176, 6796042, 176, 1042
1, 4530, 67950176, 67951042, 176, 1042
1, 4531, 67965176, 67966042, 176, 1042
1, 4532, 67980176, 67981042, 176, 1042
1, 4533, 67995176, 67996042, 176, 1042
1, 4534, 68010176, 68011042, 176, 1042
1, 4535, 68025176, 68026042, 176, 1042
1, 4536, 68040176, 68044295, 176, 4295
1, 4537, 68055176, 68056042, 176, 1042
1, 4538, 68070176, 68071042, 176, 1042
1, 4539, 68085176, 68086042, 176, 1042
1, 454, 6810176, 6811042, 176, 1042
1, 4540, 68100176, 68101042, 176, 1042
1, 4541, 68115176, 68116042, 176, 1042
1, 4542, 68130176, 68131042, 176, 1042
1, 4543, 68145176, 68146042, 176, 1042
1, 4544, 68160176, 68161042, 176, 1042
1, 4545, 68175176, 68176042, 176, 1042
1, 4546, 68190176, 68191042, 176, 1042
1, 4547, 68205176, 68206042, 176, 1042
1, 4548, 68220176, 68221042, 176, 1042
1, 4549, 68235176, 68236042, 176, 1042
1, 455, 6825176, 6826812, 176, 1812
1, 4550, 68250176, 68255258, 176, 5258
1, 4551, 68265176, 68266042, 176, 1042
1, 4552, 68280176, 68281042, 176, 1042
1, 4553, 68295176, 68296042, 176, 1042
1, 4554, 68310176, 68311042, 176, 1042
1, 4555, 68325176, 68330113, 176, 5113
1, 4556, 68340176, 68341042, 176, 1042
1, 4557, 68355176, 68356042, 176, 1042
1, 4558, 68370176, 68371042, 176, 1042
1, 4559, 68385176, 68386042, 176, 1042
1, 456, 6840176, 6841042, 176, 1042
1, 4560, 68400176, 68407070, 176, 7070
1, 4561, 68415176, 68416042, 176, 1042
1, 4562, 68430176, 68431042, 176, 1042
1, 4563, 68445176, 68446042, 176, 1042
1, 4564, 68460176, 68463823, 176, 3823
1, 4565, 68475176, 68476042, 176, 1042
1, 4566, 68490176, 68491042, 176, 1042
1, 4567, 68505176, 68506042, 176, 1042
1, 4568, 68520176, 68521042, 176, 1042
1, 4569, 68535176, 68536042, 176, 1042
1, 457, 6855176, 6856042, 176, 1042
1, 4570, 68550176, 68551042, 176, 1042
1, 4571, 68565176, 68567083, 176, 2083
1, 4572, 68580176, 68581042, 176, 1042
1, 4573, 68595176, 68596042, 176, 1042
1, 4574, 68610176, 68611042, 176, 1042
1, 4575, 68625176, 68626042, 176, 1042
1, 4576, 68640176, 68642750, 176, 2750
1, 4577, 68655176, 68656042, 176, 1042
1, 4578, 68670176, 68673823, 176, 3823
1, 4579, 68685176, 68686042, 176, 1042
1, 458, 6870176, 6871042, 176, 1042
1, 4580, 68700176, 68701042, 176, 1042
1, 4581, 68715176, 68716042, 176, 1042
1, 4582, 68730176, 68731042, 176, 1042
1, 4583, 68745176, 68746042, 176, 1042
1, 4584, 68760176, 68761042, 176, 1042
1, 4585, 68775176, 68776812, 176, 1812
1, 4586, 68790176, 68791042, 176, 1042
1, 4587, 68805176, 68806042, 176, 1042
1, 4588, 68820176, 68821042, 176, 1042
1, 4589, 68835176, 68836042, 176, 1042
1, 459, 6885176, 6886042, 176, 1042
1, 4590, 68850176, 68851042, 176, 1042
1, 4591, 68865176, 68866042, 176, 1042
1, 4592, 68880176, 68888487, 176, 8487
1, 4593, 68895176, 68896042, 176, 1042
1, 4594, 68910176, 68911042, 176, 1042
1, 4595, 68925176, 68926042, 176, 1042
1, 4596, 68940176, 68941042, 176, 1042
1, 4597, 68955176, 68956794, 176, 1794
1, 4598, 68970176, 68971042, 176, 1042
1, 4599, 68985176, 68986042, 176, 1042
1, 46, 690176, 691042, 176, 1042
1, 460, 6900176, 6901042, 176, 1042
1, 4600, 69000176, 69001042, 176, 1042
1, 4601, 69015176, 69016042, 176, 1042
1, 4602, 69030176, 69031042, 176, 1042
1, 4603, 69045176, 69046042, 176, 1042
1, 4604, 69060176, 69061042, 176, 1042
1, 4605, 69075176, 69076042, 176, 1042
1, 4606, 69090176, 69093823, 176, 3823
1, 4607, 69105176, 69106042, 176, 1042
1, 4608, 69120176, 69121042, 176, 1042
1, 4609, 69135176, 69136042, 176, 1042
1, 461, 6915176, 6916042, 176, 1042
1, 4610, 69150176, 69151042, 176, 1042
1, 4611, 69165176, 69169677, 176, 4677
1, 4612, 69180176, 69181042, 176, 1042
1, 4613, 69195176, 69196042, 176, 1042
1, 4614, 69210176, 69211042, 176, 1042
1, 4615, 69225176, 69226042, 176, 1042
1, 4616, 69240176, 69241042, 176, 1042
1, 4617, 69255176, 69256042, 176, 1042
1, 4618, 69270176, 69271042, 176, 1042
1, 4619, 69285176, 69286042, 176, 1042
1, 462, 6930176, 6933823, 176, 3823
1, 4620, 69300176, 69305258, 176, 5258
1, 4621, 69315176, 69316042, 176, 1042
1, 4622, 69330176, 69331042, 176, 1042
1, 4623, 69345176, 69346042, 176, 1042
1, 4624, 69360176, 69361042, 176, 1042
1, 4625, 69375176, 69376042, 176, 1042
1, 4626, 69390176, 69391042, 176, 1042
1, 4627, 69405176, 69406812, 176, 1812
1, 4628, 69420176, 69421042, 176, 1042
1, 4629, 69435176, 69436042, 176, 1042
1, 463, 6945176, 6946042, 176, 1042
1, 4630, 69450176, 69451042, 176, 1042
1, 4631, 69465176, 69466042, 176, 1042
1, 4632, 69480176, 69481042, 176, 1042
1, 4633, 69495176, 69496042, 176, 1042
1, 4634, 69510176, 69513823, 176, 3823
1, 4635, 69525176, 69526042, 176, 1042
1, 4636, 69540176, 69541042, 176, 1042
1, 4637, 69555176, 69556042, 176, 1042
1, 4638, 69570176, 69571042, 176, 1042
1, 4639, 69585176, 69586042, 176, 1042
1, 464, 6960176, 6961042, 176, 1042
1, 4640, 69600176, 69602940, 176, 2940
1, 4641, 69615176, 69616042, 176, 1042
1, 4642, 69630176, 69631042, 176, 1042
1, 4643, 69645176, 69646042, 176, 1042
1, 4644, 69660176, 69661042, 176, 1042
1, 4645, 69675176, 69676042, 176, 1042
1, 4646, 69690176, 69691042, 176, 1042
1, 4647, 69705176, 69706042, 176, 1042
1, 4648, 69720176, 69724295, 176, 4295
1, 4649, 69735176, 69736042, 176, 1042
1, 465, 6975176, 6976042, 176, 1042
1, 4650, 69750176, 69751042, 176, 1042
1, 4651, 69765176, 69766042, 176, 1042
1, 4652, 69780176, 69781042, 176, 1042
1, 4653, 69795176, 69796042, 176, 1042
1, 4654, 69810176, 69811042, 176, 1042
1, 4655, 69825176, 69827397, 176, 2397
1, 4656, 69840176, 69841042, 176, 1042
1, 4657, 69855176, 69856042, 176, 1042
1, 4658, 69870176, 69871042, 176, 1042
1, 4659, 69885176, 69886042, 176, 1042
1, 466, 6990176, 6991042, 176, 1042
1, 4660, 69900176, 69901042, 176, 1042
1, 4661, 69915176, 69916042, 176, 1042
1, 4662, 69930176, 69933823, 176, 3823
1, 4663, 69945176, 69946042, 176, 1042
1, 4664, 69960176, 69961042, 176, 1042
1, 4665, 69975176, 69976042, 176, 1042
1, 4666, 69990176, 69991042, 176, 1042
1, 4667, 70005176, 70018635, 176, 13635
1, 4668, 70020176, 70021042, 176, 1042
1, 4669, 70035176, 70036042, 176, 1042
1, 467, 7005176, 7008588, 176, 3588
1, 4670, 70050176, 70051042, 176, 1042
1, 4671, 70065176, 70066042, 176, 1042
1, 4672, 70080176, 70081042, 176, 1042
1, 4673, 70095176, 70096042, 176, 1042
1, 4674, 70110176, 70111042, 176, 1042
1, 4675, 70125176, 70126042, 176, 1042
1, 4676, 70140176, 70143823, 176, 3823
1, 4677, 70155176, 70156042, 176, 1042
1, 4678, 70170176, 70171042, 176, 1042
1, 4679, 70185176, 70186042, 176, 1042
1, 468, 7020176, 7021042, 176, 1042
1, 4680, 70200176, 70201042, 176, 1042
1, 4681, 70215176, 70216340, 176, 1340
1, 4682, 70230176, 70231042, 176, 1042
1, 4683, 70245176, 70247083, 176, 2083
1, 4684, 70260176, 70261042, 176, 1042
1, 4685, 70275176, 70276042, 176, 1042
1, 4686, 70290176, 70291042, 176, 1042
1, 4687, 70305176, 70306042, 176, 1042
1, 4688, 70320176, 70322750, 176, 2750
1, 4689, 70335176, 70336042, 176, 1042
1, 469, 7035176, 7036812, 176, 1812
1, 4690, 70350176, 70355258, 176, 5258
1, 4691, 70365176, 70366042, 176, 1042
1, 4692, 70380176, 70381042, 176, 1042
1, 4693, 70395176, 70396042, 176, 1042
1, 4694, 70410176, 70411042, 176, 1042
1, 4695, 70425176, 70426042, 176, 1042
1, 4696, 70440176, 70441042, 176, 1042
1, 4697, 70455176, 70456042, 176, 1042
1, 4698, 70470176, 70471042, 176, 1042
1, 4699, 70485176, 70486042, 176, 1042
1, 47, 705176, 706794, 176, 1794
1, 470, 7050176, 7051042, 176, 1042
1, 4700, 70500176, 70501042, 176, 1042
1, 4701, 70515176, 70516042, 176, 1042
1, 4702, 70530176, 70531042, 176, 1042
1, 4703, 70545176, 70546042, 176, 1042
1, 4704, 70560176, 70568487, 176, 8487
1, 4705, 70575176, 70576042, 176, 1042
1, 4706, 70590176, 70591042, 176, 1042
1, 4707, 70605176, 70606042, 176, 1042
1, 4708, 70620176, 70621042, 176, 1042
1, 4709, 70635176, 70636042, 176, 1042
1, 471, 7065176, 7066042, 176, 1042
1, 4710, 70650176, 70651042, 176, 1042
1, 4711, 70665176, 70666042, 176, 1042
1, 4712, 70680176, 70681042, 176, 1042
1, 4713, 70695176, 70696042, 176, 1042
1, 4714, 70710176, 70711042, 176, 1042
1, 4715, 70725176, 70726042, 176, 1042
1, 4716, 70740176, 70741042, 176, 1042
1, 4717, 70755176, 70756042, 176, 1042
1, 4718, 70770176, 70773823, 176, 3823
1, 4719, 70785176, 70786042, 176, 1042
1, 472, 7080176, 7081042, 176, 1042
1, 4720, 70800176, 70802940, 176, 2940
1, 4721, 70815176, 70816042, 176, 1042
1, 4722, 70830176, 70831042, 176, 1042
1, 4723, 70845176, 70847637, 176, 2637
1, 4724, 70860176, 70861042, 176, 1042
1, 4725, 70875176, 70877397, 176, 2397
1, 4726, 70890176, 70891042, 176, 1042
1, 4727, 70905176, 70906042, 176, 1042
1, 4728, 70920176, 70921042, 176, 1042
1, 4729, 70935176, 70936042, 176, 1042
1, 473, 7095176, 7096042, 176, 1042
1, 4730, 70950176, 70951042, 176, 1042
1, 4731, 70965176, 70966042, 176, 1042
1, 4732, 70980176, 70983823, 176, 3823
1, 4733, 70995176, 70996042, 176, 1042
1, 4734, 71010176, 71011042, 176, 1042
1, 4735, 71025176, 71026042, 176, 1042
1, 4736, 71040176, 71041042, 176, 1042
1, 4737, 71055176, 71056794, 176, 1794
1, 4738, 71070176, 71071042, 176, 1042
1, 4739, 71085176, 71086812, 176, 1812
1, 474, 7110176, 7111042, 176, 1042
1, 4740, 71100176, 71101042, 176, 1042
1, 4741, 71115176, 71116042, 176, 1042
1, 4742, 71130176, 71131042, 176, 1042
1, 4743, 71145176, 71146042, 176, 1042
1, 4744, 71160176, 71162750, 176, 2750
1, 4745, 71175176, 71176042, 176, 1042
1, 4746, 71190176, 71193823, 176, 3823
1, 4747, 71205176, 71206042, 176, 1042
1, 4748, 71220176, 71221042, 176, 1042
1, 4749, 71235176, 71236042, 176, 1042
1, 475, 7125176, 7127083, 176, 2083
1, 4750, 71250176, 71251042, 176, 1042
1, 4751, 71265176, 71266042, 176, 1042
1, 4752, 71280176, 71281042, 176, 1042
1, 4753, 71295176, 71296042, 176, 1042
1, 4754, 71310176, 71311042, 176, 1042
1, 4755, 71325176, 71326042, 176, 1042
1, 4756, 71340176, 71341042, 176, 1042
1, 4757, 71355176, 71356042, 176, 1042
1, 4758, 71370176, 71371042, 176, 1042
1, 4759, 71385176, 71386042, 176, 1042
1, 476, 7140176, 7143823, 176, 3823
1, 4760, 71400176, 71405410, 176, 5410
1, 4761, 71415176, 71416042, 176, 1042
1, 4762, 71430176, 71431042, 176, 1042
1, 4763, 71445176, 71446042, 176, 1042
1, 4764, 71460176, 71461042, 176, 1042
1, 4765, 71475176, 71476042, 176, 1042
1, 4766, 71490176, 71491042, 176, 1042
1, 4767, 71505176, 71506042, 176, 1042
1, 4768, 71520176, 71521042, 176, 1042
1, 4769, 71535176, 71536042, 176, 1042
1, 477, 7155176, 7156042, 176, 1042
1, 4770, 71550176, 71551042, 176, 1042
1, 4771, 71565176, 71566042, 176, 1042
1, 4772, 71580176, 71581042, 176, 1042
1, 4773, 71595176, 71596042, 176, 1042
1, 4774, 71610176, 71613823, 176, 3823
1, 4775, 71625176, 71626042, 176, 1042
1, 4776, 71640176, 71641042, 176, 1042
1, 4777, 71655176, 71656042, 176, 1042
1, 4778, 71670176, 71671042, 176, 1042
1, 4779, 71685176, 71689464, 176, 4464
1, 478, 7170176, 7171042, 176, 1042
1, 4780, 71700176, 71701042, 176, 1042
1, 4781, 71715176, 71716042, 176, 1042
1, 4782, 71730176, 71731042, 176, 1042
1, 4783, 71745176, 71746042, 176, 1042
1, 4784, 71760176, 71761042, 176, 1042
1, 4785, 71775176, 71776042, 176, 1042
1, 4786, 71790176, 71791042, 176, 1042
1, 4787, 71805176, 71806042, 176, 1042
1, 4788, 71820176, 71824295, 176, 4295
1, 4789, 71835176, 71836042, 176, 1042
1, 479, 7185176, 7186042, 176, 1042
1, 4790, 71850176, 71851042, 176, 1042
1, 4791, 71865176, 71866042, 176, 1042
1, 4792, 71880176, 71881042, 176, 1042
1, 4793, 71895176, 71896042, 176, 1042
1, 4794, 71910176, 71911042, 176, 1042
1, 4795, 71925176, 71927397, 176, 2397
1, 4796, 71940176, 71941042, 176, 1042
1, 4797, 71955176, 71956042, 176, 1042
1, 4798, 71970176, 71971042, 176, 1042
1, 4799, 71985176, 71986042, 176, 1042
1, 48, 720176, 721042, 176, 1042
1, 480, 7200176, 7202940, 176, 2940
1, 4800, 72000176, 72005452, 176, 5452
1, 4801, 72015176, 72016042, 176, 1042
1, 4802, 72030176, 72033823, 176, 3823
1, 4803, 72045176, 72046042, 176, 1042
1, 4804, 72060176, 72061042, 176, 1042
1, 4805, 72075176, 72076042, 176, 1042
1, 4806, 72090176, 72091042, 176, 1042
1, 4807, 72105176, 72107047, 176, 2047
1, 4808, 72120176, 72121042, 176, 1042
1, 4809, 72135176, 72136042, 176, 1042
1, 481, 7215176, 7216042, 176, 1042
1, 4810, 72150176, 72151042, 176, 1042
1, 4811, 72165176, 72166042, 176, 1042
1, 4812, 72180176, 72181042, 176, 1042
1, 4813, 72195176, 72196042, 176, 1042
1, 4814, 72210176, 72211042, 176, 1042
1, 4815, 72225176, 72226042, 176, 1042
1, 4816, 72240176, 72248487, 176, 8487
1, 4817, 72255176, 72256042, 176, 1042
1, 4818, 72270176, 72271042, 176, 1042
1, 4819, 72285176, 72286042, 176, 1042
1, 482, 7230176, 7231042, 176, 1042
1, 4820, 72300176, 72301042, 176, 1042
1, 4821, 72315176, 72316042, 176, 1042
1, 4822, 72330176, 72331042, 176, 1042
1, 4823, 72345176, 72346042, 176, 1042
1, 4824, 72360176, 72361042, 176, 1042
1, 4825, 72375176, 72376042, 176, 1042
1, 4826, 72390176, 72391042, 176, 1042
1, 4827, 72405176, 72406042, 176, 1042
1, 4828, 72420176, 72421042, 176, 1042
1, 4829, 72435176, 72436042, 176, 1042
1, 483, 7245176, 7246812, 176, 1812
1, 4830, 72450176, 72455258, 176, 5258
1, 4831, 72465176, 72466042, 176, 1042
1, 4832, 72480176, 72481042, 176, 1042
1, 4833, 72495176, 72496042, 176, 1042
1, 4834, 72510176, 72511042, 176, 1042
1, 4835, 72525176, 72528588, 176, 3588
1, 4836, 72540176, 72541042, 176, 1042
1, 4837, 72555176, 72556042, 176, 1042
1, 4838, 72570176, 72571042, 176, 1042
1, 4839, 72585176, 72586042, 176, 1042
1, 484, 7260176, 7261042, 176, 1042
1, 4840, 72600176, 72601042, 176, 1042
1, 4841, 72615176, 72616042, 176, 1042
1, 4842, 72630176, 72631042, 176, 1042
1, 4843, 72645176, 72646042, 176, 1042
1, 4844, 72660176, 72663823, 176, 3823
1, 4845, 72675176, 72676042, 176, 1042
1, 4846, 72690176, 72691042, 176, 1042
1, 4847, 72705176, 72706042, 176, 1042
1, 4848, 72720176, 72721042, 176, 1042
1, 4849, 72735176, 72736042, 176, 1042
1, 485, 7275176, 7276042, 176, 1042
1, 4850, 72750176, 72751042, 176, 1042
1, 4851, 72765176, 72766812, 176, 1812
1, 4852, 72780176, 72781042, 176, 1042
1, 4853, 72795176, 72796042, 176, 1042
1, 4854, 72810176, 72811042, 176, 1042
1, 4855, 72825176, 72826042, 176, 1042
1, 4856, 72840176, 72841042, 176, 1042
1, 4857, 72855176, 72856042, 176, 1042
1, 4858, 72870176, 72875282, 176, 5282
1, 4859, 72885176, 72886042, 176, 1042
1, 486, 7290176, 7291042, 176, 1042
1, 4860, 72900176, 72901042, 176, 1042
1, 4861, 72915176, 72916042, 176, 1042
1, 4862, 72930176, 72931042, 176, 1042
1, 4863, 72945176, 72946042, 176, 1042
1, 4864, 72960176, 72962940, 176, 2940
1, 4865, 72975176, 72976812, 176, 1812
1, 4866, 72990176, 72991042, 176, 1042
1, 4867, 73005176, 73006042, 176, 1042
1, 4868, 73020176, 73021042, 176, 1042
1, 4869, 73035176, 73036042, 176, 1042
1, 487, 7305176, 7306042, 176, 1042
1, 4870, 73050176, 73051042, 176, 1042
1, 4871, 73065176, 73066042, 176, 1042
1, 4872, 73080176, 73084295, 176, 4295
1, 4873, 73095176, 73096042, 176, 1042
1, 4874, 73110176, 73111042, 176, 1042
1, 4875, 73125176, 73126042, 176, 1042
1, 4876, 73140176, 73141042, 176, 1042
1, 4877, 73155176, 73158169, 176, 3169
1, 4878, 73170176, 73171042, 176, 1042
1, 4879, 73185176, 73186042, 176, 1042
1, 488, 7320176, 7322750, 176, 2750
1, 4880, 73200176, 73202940, 176, 2940
1, 4881, 73215176, 73216042, 176, 1042
1, 4882, 73230176, 73231042, 176, 1042
1, 4883, 73245176, 73246042, 176, 1042
1, 4884, 73260176, 73261042, 176, 1042
1, 4885, 73275176, 73276042, 176, 1042
1, 4886, 73290176, 73293823, 176, 3823
1, 4887, 73305176, 73306042, 176, 1042
1, 4888, 73320176, 73321042, 176, 1042
1, 4889, 73335176, 73336042, 176, 1042
1, 489, 7335176, 7336042, 176, 1042
1, 4890, 73350176, 73351042, 176, 1042
1, 4891, 73365176, 73369464, 176, 4464
1, 4892, 73380176, 73381042, 176, 1042
1, 4893, 73395176, 73396042, 176, 1042
1, 4894, 73410176, 73411042, 176, 1042
1, 4895, 73425176, 73426042, 176, 1042
1, 4896, 73440176, 73442940, 176, 2940
1, 4897, 73455176, 73456042, 176, 1042
1, 4898, 73470176, 73471042, 176, 1042
1, 4899, 73485176, 73486042, 176, 1042
1, 49, 735176, 736042, 176, 1042
1, 490, 7350176, 7355258, 176, 5258
1, 4900, 73500176, 73505258, 176, 5258
1, 4901, 73515176, 73516042, 176, 1042
1, 4902, 73530176, 73531042, 176, 1042
1, 4903, 73545176, 73546042, 176, 1042
1, 4904, 73560176, 73561042, 176, 1042
1, 4905, 73575176, 73576042, 176, 1042
1, 4906, 73590176, 73591042, 176, 1042
1, 4907, 73605176, 73607083, 176, 2083
1, 4908, 73620176, 73621042, 176, 1042
1, 4909, 73635176, 73636042, 176, 1042
1, 491, 7365176, 7366042, 176, 1042
1, 4910, 73650176, 73651042, 176, 1042
1, 4911, 73665176, 73666042, 176, 1042
1, 4912, 73680176, 73682493, 176, 2493
1, 4913, 73695176, 73696042, 176, 1042
1, 4914, 73710176, 73713823, 176, 3823
1, 4915, 73725176, 73726042, 176, 1042
1, 4916, 73740176, 73741042, 176, 1042
1, 4917, 73755176, 73756042, 176, 1042
1, 4918, 73770176, 73771042, 176, 1042
1, 4919, 73785176, 73786042, 176, 1042
1, 492, 7380176, 7381042, 176, 1042
1, 4920, 73800176, 73801042, 176, 1042
1, 4921, 73815176, 73816812, 176, 1812
1, 4922, 73830176, 73831042, 176, 1042
1, 4923, 73845176, 73846042, 176, 1042
1, 4924, 73860176, 73861042, 176, 1042
1, 4925, 73875176, 73876042, 176, 1042
1, 4926, 73890176, 73891042, 176, 1042
1, 4927, 73905176, 73906042, 176, 1042
1, 4928, 73920176, 73928487, 176, 8487
1, 4929, 73935176, 73936042, 176, 1042
1, 493, 7395176, 7396042, 176, 1042
1, 4930, 73950176, 73951042, 176, 1042
1, 4931, 73965176, 73966042, 176, 1042
1, 4932, 73980176, 73981042, 176, 1042
1, 4933, 73995176, 73996042, 176, 1042
1, 4934, 74010176, 74011042, 176, 1042
1, 4935, 74025176, 74026812, 176, 1812
1, 4936, 74040176, 74041042, 176, 1042
1, 4937, 74055176, 74056042, 176, 1042
1, 4938, 74070176, 74071042, 176, 1042
1, 4939, 74085176, 74086042, 176, 1042
1, 494, 7410176, 7411042, 176, 1042
1, 4940, 74100176, 74102750, 176, 2750
1, 4941, 74115176, 74116042, 176, 1042
1, 4942, 74130176, 74133823, 176, 3823
1, 4943, 74145176, 74146042, 176, 1042
1, 4944, 74160176, 74161042, 176, 1042
1, 4945, 74175176, 74176042, 176, 1042
1, 4946, 74190176, 74191042, 176, 1042
1, 4947, 74205176, 74209795, 176, 4795
1, 4948, 74220176, 74221042, 176, 1042
1, 4949, 74235176, 74236042, 176, 1042
1, 495, 7425176, 7426042, 176, 1042
1, 4950, 74250176, 74251042, 176, 1042
1, 4951, 74265176, 74266042, 176, 1042
1, 4952, 74280176, 74281042, 176, 1042
1, 4953, 74295176, 74296042, 176, 1042
1, 4954, 74310176, 74311042, 176, 1042
1, 4955, 74325176, 74326042, 176, 1042
1, 4956, 74340176, 74343823, 176, 3823
1, 4957, 74355176, 74356042, 176, 1042
1, 4958, 74370176, 74371042, 176, 1042
1, 4959, 74385176, 74386042, 176, 1042
1, 496, 7440176, 7441042, 176, 1042
1, 4960, 74400176, 74402940, 176, 2940
1, 4961, 74415176, 74416042, 176, 1042
1, 4962, 74430176, 74431042, 176, 1042
1, 4963, 74445176, 74446812, 176, 1812
1, 4964, 74460176, 74461042, 176, 1042
1, 4965, 74475176, 74476042, 176, 1042
1, 4966, 74490176, 74496062, 176, 6062
1, 4967, 74505176, 74506042, 176, 1042
1, 4968, 74520176, 74521042, 176, 1042
1, 4969, 74535176, 74536042, 176, 1042
1, 497, 7455176, 7456042, 176, 1042
1, 4970, 74550176, 74555258, 176, 5258
1, 4971, 74565176, 74566042, 176, 1042
1, 4972, 74580176, 74581042, 176, 1042
1, 4973, 74595176, 74596042, 176, 1042
1, 4974, 74610176, 74611042, 176, 1042
1, 4975, 74625176, 74626042, 176, 1042
1, 4976, 74640176, 74641042, 176, 1042
1, 4977, 74655176, 74656042, 176, 1042
1, 4978, 74670176, 74671042, 176, 1042
1, 4979, 74685176, 74686042, 176, 1042
1, 498, 7470176, 7471042, 176, 1042
1, 4980, 74700176, 74701042, 176, 1042
1, 4981, 74715176, 74716042, 176, 1042
1, 4982, 74730176, 74731042, 176, 1042
1, 4983, 74745176, 74746042, 176, 1042
1, 4984, 74760176, 74764295, 176, 4295
1, 4985, 74775176, 74776042, 176, 1042
1, 4986, 74790176, 74791042, 176, 1042
1, 4987, 74805176, 74806042, 176, 1042
1, 4988, 74820176, 74821042, 176, 1042
1, 4989, 74835176, 74836042, 176, 1042
1, 499, 7485176, 7486042, 176, 1042
1, 4990, 74850176, 74851042, 176, 1042
1, 4991, 74865176, 74866812, 176, 1812
1, 4992, 74880176, 74881042, 176, 1042
1, 4993, 74895176, 74896042, 176, 1042
1, 4994, 74910176, 74911042, 176, 1042
1, 4995, 74925176, 74926042, 176, 1042
1, 4996, 74940176, 74941042, 176, 1042
1, 4997, 74955176, 74956042, 176, 1042
1, 4998, 74970176, 74973823, 176, 3823
1, 4999, 74985176, 74986042, 176, 1042
1, 5, 75176, 76042, 176, 1042
1, 50, 750176, 751042, 176, 1042
1, 500, 7500176, 7501042, 176, 1042
1, 5000, 75000176, 75001042, 176, 1042
1, 5001, 75015176, 75016042, 176, 1042
1, 5002, 75030176, 75031042, 176, 1042
1, 5003, 75045176, 75049464, 176, 4464
1, 5004, 75060176, 75061042, 176, 1042
1, 5005, 75075176, 75076812, 176, 1812
1, 5006, 75090176, 75091042, 176, 1042
1, 5007, 75105176, 75106042, 176, 1042
1, 5008, 75120176, 75121042, 176, 1042
1, 5009, 75135176, 75136042, 176, 1042
1, 501, 7515176, 7516042, 176, 1042
1, 5010, 75150176, 75152750, 176, 2750
1, 5011, 75165176, 75166042, 176, 1042
1, 5012, 75180176, 75183823, 176, 3823
1, 5013, 75195176, 75196042, 176, 1042
1, 5014, 75210176, 75211042, 176, 1042
1, 5015, 75225176, 75226042, 176, 1042
1, 5016, 75240176, 75241042, 176, 1042
1, 5017, 75255176, 75256794, 176, 1794
1, 5018, 75270176, 75271042, 176, 1042
1, 5019, 75285176, 75287083, 176, 2083
1, 502, 7530176, 7531042, 176, 1042
1, 5020, 75300176, 75301042, 176, 1042
1, 5021, 75315176, 75316042, 176, 1042
1, 5022, 75330176, 75331042, 176, 1042
1, 5023, 75345176, 75346042, 176, 1042
1, 5024, 75360176, 75362750, 176, 2750
1, 5025, 75375176, 75376042, 176, 1042
1, 5026, 75390176, 75393823, 176, 3823
1, 5027, 75405176, 75406042, 176, 1042
1, 5028, 75420176, 75421042, 176, 1042
1, 5029, 75435176, 75436042, 176, 1042
1, 503, 7545176, 7546042, 176, 1042
1, 5030, 75450176, 75451042, 176, 1042
1, 5031, 75465176, 75466042, 176, 1042
1, 5032, 75480176, 75481042, 176, 1042
1, 5033, 75495176, 75496042, 176, 1042
1, 5034, 75510176, 75511042, 176, 1042
1, 5035, 75525176, 75527083, 176, 2083
1, 5036, 75540176, 75541042, 176, 1042
1, 5037, 75555176, 75556042, 176, 1042
1, 5038, 75570176, 75571042, 176, 1042
1, 5039, 75585176, 75586042, 176, 1042
1, 504, 7560176, 7564295, 176, 4295
1, 5040, 75600176, 75608487, 176, 8487
1, 5041, 75615176, 75616042, 176, 1042
1, 5042, 75630176, 75631042, 176, 1042
1, 5043, 75645176, 75646042, 176, 1042
1, 5044, 75660176, 75661042, 176, 1042
1, 5045, 75675176, 75676042, 176, 1042
1, 5046, 75690176, 75691042, 176, 1042
1, 5047, 75705176, 75706042, 176, 1042
1, 5048, 75720176, 75721042, 176, 1042
1, 5049, 75735176, 75736042, 176, 1042
1, 505, 7575176, 7576042, 176, 1042
1, 5050, 75750176, 75751042, 176, 1042
1, 5051, 75765176, 75766042, 176, 1042
1, 5052, 75780176, 75781042, 176, 1042
1, 5053, 75795176, 75796042, 176, 1042
1, 5054, 75810176, 75814295, 176, 4295
1, 5055, 75825176, 75826042, 176, 1042
1, 5056, 75840176, 75841042, 176, 1042
1, 5057, 75855176, 75856042, 176, 1042
1, 5058, 75870176, 75871042, 176, 1042
1, 5059, 75885176, 75887637, 176, 2637
1, 506, 7590176, 7591042, 176, 1042
1, 5060, 75900176, 75901042, 176, 1042
1, 5061, 75915176, 75916042, 176, 1042
1, 5062, 75930176, 75931042, 176, 1042
1, 5063, 75945176, 75946042, 176, 1042
1, 5064, 75960176, 75961042, 176, 1042
1, 5065, 75975176, 75976042, 176, 1042
1, 5066, 75990176, 75991042, 176, 1042
1, 5067, 76005176, 76006042, 176, 1042
1, 5068, 76020176, 76023823, 176, 3823
1, 5069, 76035176, 76036042, 176, 1042
1, 507, 7605176, 7608030, 176, 3030
1, 5070, 76050176, 76051042, 176, 1042
1, 5071, 76065176, 76066042, 176, 1042
1, 5072, 76080176, 76081042, 176, 1042
1, 5073, 76095176, 76096042, 176, 1042
1, 5074, 76110176, 76111042, 176, 1042
1, 5075, 76125176, 76127397, 176, 2397
1, 5076, 76140176, 76141042, 176, 1042
1, 5077, 76155176, 76156042, 176, 1042
1, 5078, 76170176, 76171042, 176, 1042
1, 5079, 76185176, 76186042, 176, 1042
1, 508, 7620176, 7621042, 176, 1042
1, 5080, 76200176, 76202940, 176, 2940
1, 5081, 76215176, 76216042, 176, 1042
1, 5082, 76230176, 76233823, 176, 3823
1, 5083, 76245176, 76246042, 176, 1042
1, 5084, 76260176, 76261042, 176, 1042
1, 5085, 76275176, 76276042, 176, 1042
1, 5086, 76290176, 76291042, 176, 1042
1, 5087, 76305176, 76306794, 176, 1794
1, 5088, 76320176, 76321042, 176, 1042
1, 5089, 76335176, 76336042, 176, 1042
1, 509, 7635176, 7636042, 176, 1042
1, 5090, 76350176, 76351042, 176, 1042
1, 5091, 76365176, 76366042, 176, 1042
1, 5092, 76380176, 76381042, 176, 1042
1, 5093, 76395176, 76396042, 176, 1042
1, 5094, 76410176, 76411042, 176, 1042
1, 5095, 76425176, 76426042, 176, 1042
1, 5096, 76440176, 76444295, 176, 4295
1, 5097, 76455176, 76456042, 176, 1042
1, 5098, 76470176, 76471042, 176, 1042
1, 5099, 76485176, 76486042, 176, 1042
1, 51, 765176, 766042, 176, 1042
1, 510, 7650176, 7651042, 176, 1042
1, 5100, 76500176, 76501042, 176, 1042
1, 5101, 76515176, 76516042, 176, 1042
1, 5102, 76530176, 76531042, 176, 1042
1, 5103, 76545176, 76546042, 176, 1042
1, 5104, 76560176, 76561042, 176, 1042
1, 5105, 76575176, 76576042, 176, 1042
1, 5106, 76590176, 76591042, 176, 1042
1, 5107, 76605176, 76606042, 176, 1042
1, 5108, 76620176, 76621042, 176, 1042
1, 5109, 76635176, 76636042, 176, 1042
1, 511, 7665176, 7666042, 176, 1042
1, 5110, 76650176, 76655258, 176, 5258
1, 5111, 76665176, 76666042, 176, 1042
1, 5112, 76680176, 76681042, 176, 1042
1, 5113, 76695176, 76696042, 176, 1042
1, 5114, 76710176, 76711042, 176, 1042
1, 5115, 76725176, 76730113, 176, 5113
1, 5116, 76740176, 76741042, 176, 1042
1, 5117, 76755176, 76756042, 176, 1042
1, 5118, 76770176, 76771042, 176, 1042
1, 5119, 76785176, 76786042, 176, 1042
1, 512, 7680176, 7681042, 176, 1042
1, 5120, 76800176, 76802940, 176, 2940
1, 5121, 76815176, 76816042, 176, 1042
1, 5122, 76830176, 76831042, 176, 1042
1, 5123, 76845176, 76846042, 176, 1042
1, 5124, 76860176, 76865282, 176, 5282
1, 5125, 76875176, 76876042, 176, 1042
1, 5126, 76890176, 76891042, 176, 1042
1, 5127, 76905176, 76906042, 176, 1042
1, 5128, 76920176, 76921042, 176, 1042
1, 5129, 76935176, 76936042, 176, 1042
1, 513, 7695176, 7696042, 176, 1042
1, 5130, 76950176, 76951042, 176, 1042
1, 5131, 76965176, 76967083, 176, 2083
1, 5132, 76980176, 76981042, 176, 1042
1, 5133, 76995176, 76996042, 176, 1042
1, 5134, 77010176, 77011042, 176, 1042
1, 5135, 77025176, 77026042, 176, 1042
1, 5136, 77040176, 77042750, 176, 2750
1, 5137, 77055176, 77056042, 176, 1042
1, 5138, 77070176, 77073823, 176, 3823
1, 5139, 77085176, 77086042, 176, 1042
1, 514, 7710176, 7711042, 176, 1042
1, 5140, 77100176, 77101042, 176, 1042
1, 5141, 77115176, 77116042, 176, 1042
1, 5142, 77130176, 77131042, 176, 1042
1, 5143, 77145176, 77147396, 176, 2396
1, 5144, 77160176, 77161042, 176, 1042
1, 5145, 77175176, 77176812, 176, 1812
1, 5146, 77190176, 77191042, 176, 1042
1, 5147, 77205176, 77206042, 176, 1042
1, 5148, 77220176, 77221042, 176, 1042
1, 5149, 77235176, 77236042, 176, 1042
1, 515, 7725176, 7726042, 176, 1042
1, 5150, 77250176, 77251042, 176, 1042
1, 5151, 77265176, 77266042, 176, 1042
1, 5152, 77280176, 77288487, 176, 8487
1, 5153, 77295176, 77296042, 176, 1042
1, 5154, 77310176, 77311042, 176, 1042
1, 5155, 77325176, 77326042, 176, 1042
1, 5156, 77340176, 77341042, 176, 1042
1, 5157, 77355176, 77356794, 176, 1794
1, 5158, 77370176, 77371042, 176, 1042
1, 5159, 77385176, 77386042, 176, 1042
1, 516, 7740176, 7741042, 176, 1042
1, 5160, 77400176, 77401042, 176, 1042
1, 5161, 77415176, 77416042, 176, 1042
1, 5162, 77430176, 77431042, 176, 1042
1, 5163, 77445176, 77446042, 176, 1042
1, 5164, 77460176, 77461042, 176, 1042
1, 5165, 77475176, 77476042, 176, 1042
1, 5166, 77490176, 77493823, 176, 3823
1, 5167, 77505176, 77506042, 176, 1042
1, 5168, 77520176, 77522940, 176, 2940
1, 5169, 77535176, 77536042, 176, 1042
1, 517, 7755176, 7756042, 176, 1042
1, 5170, 77550176, 77551042, 176, 1042
1, 5171, 77565176, 77567637, 176, 2637
1, 5172, 77580176, 77581042, 176, 1042
1, 5173, 77595176, 77596042, 176, 1042
1, 5174, 77610176, 77611042, 176, 1042
1, 5175, 77625176, 77626042, 176, 1042
1, 5176, 77640176, 77641042, 176, 1042
1, 5177, 77655176, 77656042, 176, 1042
1, 5178, 77670176, 77671042, 176, 1042
1, 5179, 77685176, 77686042, 176, 1042
1, 518, 7770176, 7773823, 176, 3823
1, 5180, 77700176, 77705258, 176, 5258
1, 5181, 77715176, 77716042, 176, 1042
1, 5182, 77730176, 77731042, 176, 1042
1, 5183, 77745176, 77746042, 176, 1042
1, 5184, 77760176, 77761042, 176, 1042
1, 5185, 77775176, 77776042, 176, 1042
1, 5186, 77790176, 77791042, 176, 1042
1, 5187, 77805176, 77807397, 176, 2397
1, 5188, 77820176, 77821042, 176, 1042
1, 5189, 77835176, 77836042, 176, 1042
1, 519, 7785176, 7786042, 176, 1042
1, 5190, 77850176, 77851042, 176, 1042
1, 5191, 77865176, 77866042, 176, 1042
1, 5192, 77880176, 77881042, 176, 1042
1, 5193, 77895176, 77896042, 176, 1042
1, 5194, 77910176, 77913823, 176, 3823
1, 5195, 77925176, 77926042, 176, 1042
1, 5196, 77940176, 77941042, 176, 1042
1, 5197, 77955176, 77956042, 176, 1042
1, 5198, 77970176, 77971042, 176, 1042
1, 5199, 77985176, 77986042, 176, 1042
1, 52, 780176, 781042, 176, 1042
1, 520, 7800176, 7801042, 176, 1042
1, 5200, 78000176, 78006737, 176, 6737
1, 5201, 78015176, 78016042, 176, 1042
1, 5202, 78030176, 78031042, 176, 1042
1, 5203, 78045176, 78046042, 176, 1042
1, 5204, 78060176, 78061042, 176, 1042
1, 5205, 78075176, 78076042, 176, 1042
1, 5206, 78090176, 78091042, 176, 1042
1, 5207, 78105176, 78106042, 176, 1042
1, 5208, 78120176, 78124295, 176, 4295
1, 5209, 78135176, 78136042, 176, 1042
1, 521, 7815176, 7816042, 176, 1042
1, 5210, 78150176, 78151042, 176, 1042
1, 5211, 78165176, 78166042, 176, 1042
1, 5212, 78180176, 78181042, 176, 1042
1, 5213, 78195176, 78196340, 176, 1340
1, 5214, 78210176, 78211042, 176, 1042
1, 5215, 78225176, 78226812, 176, 1812
1, 5216, 78240176, 78241042, 176, 1042
1, 5217, 78255176, 78256042, 176, 1042
1, 5218, 78270176, 78271042, 176, 1042
1, 5219, 78285176, 78286042, 176, 1042
1, 522, 7830176, 7831042, 176, 1042
1, 5220, 78300176, 78301042, 176, 1042
1, 5221, 78315176, 78316042, 176, 1042
1, 5222, 78330176, 78333823, 176, 3823
1, 5223, 78345176, 78346042, 176, 1042
1, 5224, 78360176, 78361042, 176, 1042
1, 5225, 78375176, 78376042, 176, 1042
1, 5226, 78390176, 78391042, 176, 1042
1, 5227, 78405176, 78418635, 176, 13635
1, 5228, 78420176, 78421042, 176, 1042
1, 5229, 78435176, 78436042, 176, 1042
1, 523, 7845176, 7849464, 176, 4464
1, 5230, 78450176, 78451042, 176, 1042
1, 5231, 78465176, 78466042, 176, 1042
1, 5232, 78480176, 78481042, 176, 1042
1, 5233, 78495176, 78496042, 176, 1042
1, 5234, 78510176, 78511042, 176, 1042
1, 5235, 78525176, 78526042, 176, 1042
1, 5236, 78540176, 78543823, 176, 3823
1, 5237, 78555176, 78556042, 176, 1042
1, 5238, 78570176, 78571042, 176, 1042
1, 5239, 78585176, 78586042, 176, 1042
1, 524, 7860176, 7861042, 176, 1042
1, 5240, 78600176, 78601042, 176, 1042
1, 5241, 78615176, 78616042, 176, 1042
1, 5242, 78630176, 78631042, 176, 1042
1, 5243, 78645176, 78647083, 176, 2083
1, 5244, 78660176, 78661042, 176, 1042
1, 5245, 78675176, 78676042, 176, 1042
1, 5246, 78690176, 78691042, 176, 1042
1, 5247, 78705176, 78706042, 176, 1042
1, 5248, 78720176, 78722750, 176, 2750
1, 5249, 78735176, 78736042, 176, 1042
1, 525, 7875176, 7876812, 176, 1812
1, 5250, 78750176, 78755258, 176, 5258
1, 5251, 78765176, 78766042, 176, 1042
1, 5252, 78780176, 78781042, 176, 1042
1, 5253, 78795176, 78796042, 176, 1042
1, 5254, 78810176, 78811042, 176, 1042
1, 5255, 78825176, 78826042, 176, 1042
1, 5256, 78840176, 78841042, 176, 1042
1, 5257, 78855176, 78856812, 176, 1812
1, 5258, 78870176, 78871042, 176, 1042
1, 5259, 78885176, 78886042, 176, 1042
1, 526, 7890176, 7891042, 176, 1042
1, 5260, 78900176, 78901042, 176, 1042
1, 5261, 78915176, 78916042, 176, 1042
1, 5262, 78930176, 78931042, 176, 1042
1, 5263, 78945176, 78946042, 176, 1042
1, 5264, 78960176, 78968487, 176, 8487
1, 5265, 78975176, 78976042, 176, 1042
1, 5266, 78990176, 78991042, 176, 1042
1, 5267, 79005176, 79006042, 176, 1042
1, 5268, 79020176, 79021042, 176, 1042
1, 5269, 79035176, 79036042, 176, 1042
1, 527, 7905176, 7906042, 176, 1042
1, 5270, 79050176, 79051042, 176, 1042
1, 5271, 79065176, 79066042, 176, 1042
1, 5272, 79080176, 79081042, 176, 1042
1, 5273, 79095176, 79096042, 176, 1042
1, 5274, 79110176, 79111042, 176, 1042
1, 5275, 79125176, 79126042, 176, 1042
1, 5276, 79140176, 79141042, 176, 1042
1, 5277, 79155176, 79156042, 176, 1042
1, 5278, 79170176, 79173823, 176, 3823
1, 5279, 79185176, 79186042, 176, 1042
1, 528, 7920176, 7921042, 176, 1042
1, 5280, 79200176, 79202940, 176, 2940
1, 5281, 79215176, 79216042, 176, 1042
1, 5282, 79230176, 79231042, 176, 1042
1, 5283, 79245176, 79247637, 176, 2637
1, 5284, 79260176, 79261042, 176, 1042
1, 5285, 79275176, 79276812, 176, 1812
1, 5286, 79290176, 79291042, 176, 1042
1, 5287, 79305176, 79306042, 176, 1042
1, 5288, 79320176, 79321042, 176, 1042
1, 5289, 79335176, 79336042, 176, 1042
1, 529, 7935176, 7936042, 176, 1042
1, 5290, 79350176, 79351042, 176, 1042
1, 5291, 79365176, 79366042, 176, 1042
1, 5292, 79380176, 79383823, 176, 3823
1, 5293, 79395176, 79396042, 176, 1042
1, 5294, 79410176, 79411042, 176, 1042
1, 5295, 79425176, 79426042, 176, 1042
1, 5296, 79440176, 79441042, 176, 1042
1, 5297, 79455176, 79456794, 176, 1794
1, 5298, 79470176, 79471042, 176, 1042
1, 5299, 79485176, 79486812, 176, 1812
1, 53, 795176, 796042, 176, 1042
1, 530, 7950176, 7951042, 176, 1042
1, 5300, 79500176, 79501042, 176, 1042
1, 5301, 79515176, 79516042, 176, 1042
1, 5302, 79530176, 79535629, 176, 5629
1, 5303, 79545176, 79546042, 176, 1042
1, 5304, 79560176, 79561042, 176, 1042
1, 5305, 79575176, 79576042, 176, 1042
1, 5306, 79590176, 79593823, 176, 3823
1, 5307, 79605176, 79606042, 176, 1042
1, 5308, 79620176, 79621042, 176, 1042
1, 5309, 79635176, 79636042, 176, 1042
1, 531, 7965176, 7966042, 176, 1042
1, 5310, 79650176, 79651042, 176, 1042
1, 5311, 79665176, 79666042, 176, 1042
1, 5312, 79680176, 79681042, 176, 1042
1, 5313, 79695176, 79696042, 176, 1042
1, 5314, 79710176, 79711042, 176, 1042
1, 5315, 79725176, 79726042, 176, 1042
1, 5316, 79740176, 79741042, 176, 1042
1, 5317, 79755176, 79756042, 176, 1042
1, 5318, 79770176, 79771042, 176, 1042
1, 5319, 79785176, 79786042, 176, 1042
1, 532, 7980176, 7984295, 176, 4295
1, 5320, 79800176, 79809576, 176, 9576
1, 5321, 79815176, 79816042, 176, 1042
1, 5322, 79830176, 79831042, 176, 1042
1, 5323, 79845176, 79846042, 176, 1042
1, 5324, 79860176, 79861042, 176, 1042
1, 5325, 79875176, 79876042, 176, 1042
1, 5326, 79890176, 79891042, 176, 1042
1, 5327, 79905176, 79906042, 176, 1042
1, 5328, 79920176, 79921042, 176, 1042
1, 5329, 79935176, 79936042, 176, 1042
1, 533, 7995176, 7996042, 176, 1042
1, 5330, 79950176, 79951042, 176, 1042
1, 5331, 79965176, 79966042, 176, 1042
1, 5332, 79980176, 79981042, 176, 1042
1, 5333, 79995176, 79996042, 176, 1042
1, 5334, 80010176, 80013823, 176, 3823
1, 5335, 80025176, 80026042, 176, 1042
1, 5336, 80040176, 80041042, 176, 1042
1, 5337, 80055176, 80056042, 176, 1042
1, 5338, 80070176, 80071042, 176, 1042
1, 5339, 80085176, 80089558, 176, 4558
1, 534, 8010176, 8011042, 176, 1042
1, 5340, 80100176, 80101042, 176, 1042
1, 5341, 80115176, 80116042, 176, 1042
1, 5342, 80130176, 80131042, 176, 1042
1, 5343, 80145176, 80146042, 176, 1042
1, 5344, 80160176, 80161042, 176, 1042
1, 5345, 80175176, 80176042, 176, 1042
1, 5346, 80190176, 80191042, 176, 1042
1, 5347, 80205176, 80206042, 176, 1042
1, 5348, 80220176, 80223823, 176, 3823
1, 5349, 80235176, 80236042, 176, 1042
1, 535, 8025176, 8026042, 176, 1042
1, 5350, 80250176, 80251042, 176, 1042
1, 5351, 80265176, 80266042, 176, 1042
1, 5352, 80280176, 80281042, 176, 1042
1, 5353, 80295176, 80296042, 176, 1042
1, 5354, 80310176, 80311042, 176, 1042
1, 5355, 80325176, 80327397, 176, 2397
1, 5356, 80340176, 80341042, 176, 1042
1, 5357, 80355176, 80356042, 176, 1042
1, 5358, 80370176, 80371042, 176, 1042
1, 5359, 80385176, 80386042, 176, 1042
1, 536, 8040176, 8041042, 176, 1042
1, 5360, 80400176, 80405452, 176, 5452
1, 5361, 80415176, 80416042, 176, 1042
1, 5362, 80430176, 80433823, 176, 3823
1, 5363, 80445176, 80446042, 176, 1042
1, 5364, 80460176, 80461042, 176, 1042
1, 5365, 80475176, 80476042, 176, 1042
1, 5366, 80490176, 80491042, 176, 1042
1, 5367, 80505176, 80506794, 176, 1794
1, 5368, 80520176, 80521042, 176, 1042
1, 5369, 80535176, 80536042, 176, 1042
1, 537, 8055176, 8056794, 176, 1794
1, 5370, 80550176, 80551042, 176, 1042
1, 5371, 80565176, 80566042, 176, 1042
1, 5372, 80580176, 80581042, 176, 1042
1, 5373, 80595176, 80596042, 176, 1042
1, 5374, 80610176, 80611042, 176, 1042
1, 5375, 80625176, 80626042, 176, 1042
1, 5376, 80640176, 80648487, 176, 8487
1, 5377, 80655176, 80656042, 176, 1042
1, 5378, 80670176, 80671042, 176, 1042
1, 5379, 80685176, 80686042, 176, 1042
1, 538, 8070176, 8071042, 176, 1042
1, 5380, 80700176, 80701042, 176, 1042
1, 5381, 80715176, 80716042, 176, 1042
1, 5382, 80730176, 80731042, 176, 1042
1, 5383, 80745176, 80746042, 176, 1042
1, 5384, 80760176, 80761042, 176, 1042
1, 5385, 80775176, 80776042, 176, 1042
1, 5386, 80790176, 80791042, 176, 1042
1, 5387, 80805176, 80806042, 176, 1042
1, 5388, 80820176, 80821042, 176, 1042
1, 5389, 80835176, 80836042, 176, 1042
1, 539, 8085176, 8087083, 176, 2083
1, 5390, 80850176, 80856954, 176, 6954
1, 5391, 80865176, 80866042, 176, 1042
1, 5392, 80880176, 80881042, 176, 1042
1, 5393, 80895176, 80896042, 176, 1042
1, 5394, 80910176, 80911042, 176, 1042
1, 5395, 80925176, 80928588, 176, 3588
1, 5396, 80940176, 80941042, 176, 1042
1, 5397, 80955176, 80956042, 176, 1042
1, 5398, 80970176, 80971042, 176, 1042
1, 5399, 80985176, 80986042, 176, 1042
1, 54, 810176, 811042, 176, 1042
1, 540, 8100176, 8101042, 176, 1042
1, 5400, 81000176, 81001042, 176, 1042
1, 5401, 81015176, 81016042, 176, 1042
1, 5402, 81030176, 81031042, 176, 1042
1, 5403, 81045176, 81046042, 176, 1042
1, 5404, 81060176, 81063823, 176, 3823
1, 5405, 81075176, 81076042, 176, 1042
1, 5406, 81090176, 81091042, 176, 1042
1, 5407, 81105176, 81106042, 176, 1042
1, 5408, 81120176, 81121042, 176, 1042
1, 5409, 81135176, 81137396, 176, 2396
1, 541, 8115176, 8116042, 176, 1042
1, 5410, 81150176, 81151042, 176, 1042
1, 5411, 81165176, 81166812, 176, 1812
1, 5412, 81180176, 81181042, 176, 1042
1, 5413, 81195176, 81196042, 176, 1042
1, 5414, 81210176, 81211042, 176, 1042
1, 5415, 81225176, 81226042, 176, 1042
1, 5416, 81240176, 81241042, 176, 1042
1, 5417, 81255176, 81256042, 176, 1042
1, 5418, 81270176, 81273823, 176, 3823
1, 5419, 81285176, 81286042, 176, 1042
1, 542, 8130176, 8131042, 176, 1042
1, 5420, 81300176, 81301042, 176, 1042
1, 5421, 81315176, 81316042, 176, 1042
1, 5422, 81330176, 81331042, 176, 1042
1, 5423, 81345176, 81346042, 176, 1042
1, 5424, 81360176, 81361042, 176, 1042
1, 5425, 81375176, 81376812, 176, 1812
1, 5426, 81390176, 81391042, 176, 1042
1, 5427, 81405176, 81406042, 176, 1042
1, 5428, 81420176, 81421042, 176, 1042
1, 5429, 81435176, 81436042, 176, 1042
1, 543, 8145176, 8146042, 176, 1042
1, 5430, 81450176, 81451042, 176, 1042
1, 5431, 81465176, 81466042, 176, 1042
1, 5432, 81480176, 81484295, 176, 4295
1, 5433, 81495176, 81496042, 176, 1042
1, 5434, 81510176, 81511042, 176, 1042
1, 5435, 81525176, 81526042, 176, 1042
1, 5436, 81540176, 81541042, 176, 1042
1, 5437, 81555176, 81556794, 176, 1794
1, 5438, 81570176, 81571042, 176, 1042
1, 5439, 81585176, 81586042, 176, 1042
1, 544, 8160176, 8162750, 176, 2750
1, 5440, 81600176, 81602940, 176, 2940
1, 5441, 81615176, 81616042, 176, 1042
1, 5442, 81630176, 81631042, 176, 1042
1, 5443, 81645176, 81646042, 176, 1042
1, 5444, 81660176, 81661042, 176, 1042
1, 5445, 81675176, 81676042, 176, 1042
1, 5446, 81690176, 81693823, 176, 3823
1, 5447, 81705176, 81706042, 176, 1042
1, 5448, 81720176, 81721042, 176, 1042
1, 5449, 81735176, 81736042, 176, 1042
1, 545, 8175176, 8176042, 176, 1042
1, 5450, 81750176, 81751042, 176, 1042
1, 5451, 81765176, 81769464, 176, 4464
1, 5452, 81780176, 81781042, 176, 1042
1, 5453, 81795176, 81796812, 176, 1812
1, 5454, 81810176, 81811042, 176, 1042
1, 5455, 81825176, 81826042, 176, 1042
1, 5456, 81840176, 81841042, 176, 1042
1, 5457, 81855176, 81856042, 176, 1042
1, 5458, 81870176, 81871042, 176, 1042
1, 5459, 81885176, 81886042, 176, 1042
1, 546, 8190176, 8193823, 176, 3823
1, 5460, 81900176, 81905258, 176, 5258
1, 5461, 81915176, 81916042, 176, 1042
1, 5462, 81930176, 81931042, 176, 1042
1, 5463, 81945176, 81946042, 176, 1042
1, 5464, 81960176, 81961042, 176, 1042
1, 5465, 81975176, 81976042, 176, 1042
1, 5466, 81990176, 81991042, 176, 1042
1, 5467, 82005176, 82007083, 176, 2083
1, 5468, 82020176, 82021042, 176, 1042
1, 5469, 82035176, 82036042, 176, 1042
1, 547, 8205176, 8206042, 176, 1042
1, 5470, 82050176, 82051042, 176, 1042
1, 5471, 82065176, 82066042, 176, 1042
1, 5472, 82080176, 82084893, 176, 4893
1, 5473, 82095176, 82096042, 176, 1042
1, 5474, 82110176, 82113823, 176, 3823
1, 5475, 82125176, 82126042, 176, 1042
1, 5476, 82140176, 82141042, 176, 1042
1, 5477, 82155176, 82156042, 176, 1042
1, 5478, 82170176, 82171042, 176, 1042
1, 5479, 82185176, 82186340, 176, 1340
1, 548, 8220176, 8221042, 176, 1042
1, 5480, 82200176, 82201042, 176, 1042
1, 5481, 82215176, 82216042, 176, 1042
1, 5482, 82230176, 82231042, 176, 1042
1, 5483, 82245176, 82246042, 176, 1042
1, 5484, 82260176, 82261042, 176, 1042
1, 5485, 82275176, 82276042, 176, 1042
1, 5486, 82290176, 82291042, 176, 1042
1, 5487, 82305176, 82306042, 176, 1042
1, 5488, 82320176, 82328487, 176, 8487
1, 5489, 82335176, 82336042, 176, 1042
1, 549, 8235176, 8236042, 176, 1042
1, 5490, 82350176, 82351042, 176, 1042
1, 5491, 82365176, 82366042, 176, 1042
1, 5492, 82380176, 82381042, 176, 1042
1, 5493, 82395176, 82396042, 176, 1042
1, 5494, 82410176, 82411042, 176, 1042
1, 5495, 82425176, 82426812, 176, 1812
1, 5496, 82440176, 82441042, 176, 1042
1, 5497, 82455176, 82456042, 176, 1042
1, 5498, 82470176, 82471042, 176, 1042
1, 5499, 82485176, 82486042, 176, 1042
1, 55, 825176, 826042, 176, 1042
1, 550, 8250176, 8251042, 176, 1042
1, 5500, 82500176, 82501042, 176, 1042
1, 5501, 82515176, 82516042, 176, 1042
1, 5502, 82530176, 82533823, 176, 3823
1, 5503, 82545176, 82546042, 176, 1042
1, 5504, 82560176, 82562940, 176, 2940
1, 5505, 82575176, 82576042, 176, 1042
1, 5506, 82590176, 82591042, 176, 1042
1, 5507, 82605176, 82608588, 176, 3588
1, 5508, 82620176, 82621042, 176, 1042
1, 5509, 82635176, 82636042, 176, 1042
1, 551, 8265176, 8266042, 176, 1042
1, 5510, 82650176, 82651042, 176, 1042
1, 5511, 82665176, 82666042, 176, 1042
1, 5512, 82680176, 82681042, 176, 1042
1, 5513, 82695176, 82696042, 176, 1042
1, 5514, 82710176, 82711042, 176, 1042
1, 5515, 82725176, 82726042, 176, 1042
1, 5516, 82740176, 82743823, 176, 3823
1, 5517, 82755176, 82756042, 176, 1042
1, 5518, 82770176, 82771042, 176, 1042
1, 5519, 82785176, 82786042, 176, 1042
1, 552, 8280176, 8281042, 176, 1042
1, 5520, 82800176, 82802940, 176, 2940
1, 5521, 82815176, 82816042, 176, 1042
1, 5522, 82830176, 82831042, 176, 1042
1, 5523, 82845176, 82847397, 176, 2397
1, 5524, 82860176, 82861042, 176, 1042
1, 5525, 82875176, 82876042, 176, 1042
1, 5526, 82890176, 82891042, 176, 1042
1, 5527, 82905176, 82906042, 176, 1042
1, 5528, 82920176, 82921042, 176, 1042
1, 5529, 82935176, 82936042, 176, 1042
1, 553, 8295176, 8296042, 176, 1042
1, 5530, 82950176, 82955258, 176, 5258
1, 5531, 82965176, 82966042, 176, 1042
1, 5532, 82980176, 82981042, 176, 1042
1, 5533, 82995176, 82996042, 176, 1042
1, 5534, 83010176, 83011042, 176, 1042
1, 5535, 83025176, 83026042, 176, 1042
1, 5536, 83040176, 83041042, 176, 1042
1, 5537, 83055176, 83056042, 176, 1042
1, 5538, 83070176, 83071042, 176, 1042
1, 5539, 83085176, 83086042, 176, 1042
1, 554, 8310176, 8311042, 176, 1042
1, 5540, 83100176, 83101042, 176, 1042
1, 5541, 83115176, 83116042, 176, 1042
1, 5542, 83130176, 83133178, 176, 3178
1, 5543, 83145176, 83146042, 176, 1042
1, 5544, 83160176, 83164295, 176, 4295
1, 5545, 83175176, 83176042, 176, 1042
1, 5546, 83190176, 83191042, 176, 1042
1, 5547, 83205176, 83206042, 176, 1042
1, 5548, 83220176, 83221042, 176, 1042
1, 5549, 83235176, 83236042, 176, 1042
1, 555, 8325176, 8326042, 176, 1042
1, 5550, 83250176, 83251042, 176, 1042
1, 5551, 83265176, 83266042, 176, 1042
1, 5552, 83280176, 83281042, 176, 1042
1, 5553, 83295176, 83296042, 176, 1042
1, 5554, 83310176, 83311042, 176, 1042
1, 5555, 83325176, 83326042, 176, 1042
1, 5556, 83340176, 83341042, 176, 1042
1, 5557, 83355176, 83356042, 176, 1042
1, 5558, 83370176, 83373823, 176, 3823
1, 5559, 83385176, 83386042, 176, 1042
1, 556, 8340176, 8341042, 176, 1042
1, 5560, 83400176, 83401042, 176, 1042
1, 5561, 83415176, 83416042, 176, 1042
1, 5562, 83430176, 83431042, 176, 1042
1, 5563, 83445176, 83449464, 176, 4464
1, 5564, 83460176, 83461042, 176, 1042
1, 5565, 83475176, 83476812, 176, 1812
1, 5566, 83490176, 83491042, 176, 1042
1, 5567, 83505176, 83506042, 176, 1042
1, 5568, 83520176, 83521042, 176, 1042
1, 5569, 83535176, 83536042, 176, 1042
1, 557, 8355176, 8356042, 176, 1042
1, 5570, 83550176, 83551042, 176, 1042
1, 5571, 83565176, 83566042, 176, 1042
1, 5572, 83580176, 83583823, 176, 3823
1, 5573, 83595176, 83596042, 176, 1042
1, 5574, 83610176, 83611042, 176, 1042
1, 5575, 83625176, 83626042, 176, 1042
1, 5576, 83640176, 83641042, 176, 1042
1, 5577, 83655176, 83656794, 176, 1794
1, 5578, 83670176, 83671042, 176, 1042
1, 5579, 83685176, 83687083, 176, 2083
1, 558, 8370176, 8371042, 176, 1042
1, 5580, 83700176, 83701042, 176, 1042
1, 5581, 83715176, 83716042, 176, 1042
1, 5582, 83730176, 83731042, 176, 1042
1, 5583, 83745176, 83746042, 176, 1042
1, 5584, 83760176, 83762750, 176, 2750
1, 5585, 83775176, 83776042, 176, 1042
1, 5586, 83790176, 83794295, 176, 4295
1, 5587, 83805176, 83806042, 176, 1042
1, 5588, 83820176, 83821042, 176, 1042
1, 5589, 83835176, 83836042, 176, 1042
1, 559, 8385176, 8386042, 176, 1042
1, 5590, 83850176, 83851042, 176, 1042
1, 5591, 83865176, 83866042, 176, 1042
1, 5592, 83880176, 83881042, 176, 1042
1, 5593, 83895176, 83896042, 176, 1042
1, 5594, 83910176, 83911042, 176, 1042
1, 5595, 83925176, 83926042, 176, 1042
1, 5596, 83940176, 83941042, 176, 1042
1, 5597, 83955176, 83956042, 176, 1042
1, 5598, 83970176, 83971042, 176, 1042
1, 5599, 83985176, 83986042, 176, 1042
1, 56, 840176, 844295, 176, 4295
1, 560, 8400176, 8408487, 176, 8487
1, 5600, 84000176, 84008487, 176, 8487
1, 5601, 84015176, 84016042, 176, 1042
1, 5602, 84030176, 84031042, 176, 1042
1, 5603, 84045176, 84046042, 176, 1042
1, 5604, 84060176, 84061042, 176, 1042
1, 5605, 84075176, 84076042, 176, 1042
1, 5606, 84090176, 84091042, 176, 1042
1, 5607, 84105176, 84106042, 176, 1042
1, 5608, 84120176, 84121042, 176, 1042
1, 5609, 84135176, 84136042, 176, 1042
1, 561, 8415176, 8416042, 176, 1042
1, 5610, 84150176, 84151042, 176, 1042
1, 5611, 84165176, 84166042, 176, 1042
1, 5612, 84180176, 84181042, 176, 1042
1, 5613, 84195176, 84196042, 176, 1042
1, 5614, 84210176, 84213823, 176, 3823
1, 5615, 84225176, 84226042, 176, 1042
1, 5616, 84240176, 84241042, 176, 1042
1, 5617, 84255176, 84256042, 176, 1042
1, 5618, 84270176, 84271042, 176, 1042
1, 5619, 84285176, 84287637, 176, 2637
1, 562, 8430176, 8431042, 176, 1042
1, 5620, 84300176, 84301042, 176, 1042
1, 5621, 84315176, 84316042, 176, 1042
1, 5622, 84330176, 84331042, 176, 1042
1, 5623, 84345176, 84346042, 176, 1042
1, 5624, 84360176, 84361042, 176, 1042
1, 5625, 84375176, 84376042, 176, 1042
1, 5626, 84390176, 84391042, 176, 1042
1, 5627, 84405176, 84406042, 176, 1042
1, 5628, 84420176, 84423823, 176, 3823
1, 5629, 84435176, 84436042, 176, 1042
1, 563, 8445176, 8446042, 176, 1042
1, 5630, 84450176, 84451042, 176, 1042
1, 5631, 84465176, 84466042, 176, 1042
1, 5632, 84480176, 84481042, 176, 1042
1, 5633, 84495176, 84496042, 176, 1042
1, 5634, 84510176, 84511042, 176, 1042
1, 5635, 84525176, 84527397, 176, 2397
1, 5636, 84540176, 84541042, 176, 1042
1, 5637, 84555176, 84556042, 176, 1042
1, 5638, 84570176, 84571042, 176, 1042
1, 5639, 84585176, 84586042, 176, 1042
1, 564, 8460176, 8461042, 176, 1042
1, 5640, 84600176, 84602750, 176, 2750
1, 5641, 84615176, 84616042, 176, 1042
1, 5642, 84630176, 84633823, 176, 3823
1, 5643, 84645176, 84646042, 176, 1042
1, 5644, 84660176, 84661042, 176, 1042
1, 5645, 84675176, 84676042, 176, 1042
1, 5646, 84690176, 84691042, 176, 1042
1, 5647, 84705176, 84706794, 176, 1794
1, 5648, 84720176, 84721042, 176, 1042
1, 5649, 84735176, 84736042, 176, 1042
1, 565, 8475176, 8476042, 176, 1042
1, 5650, 84750176, 84751042, 176, 1042
1, 5651, 84765176, 84766042, 176, 1042
1, 5652, 84780176, 84781042, 176, 1042
1, 5653, 84795176, 84796042, 176, 1042
1, 5654, 84810176, 84811042, 176, 1042
1, 5655, 84825176, 84826042, 176, 1042
1, 5656, 84840176, 84845457, 176, 5457
1, 5657, 84855176, 84856042, 176, 1042
1, 5658, 84870176, 84871042, 176, 1042
1, 5659, 84885176, 84886042, 176, 1042
1, 566, 8490176, 8491042, 176, 1042
1, 5660, 84900176, 84901042, 176, 1042
1, 5661, 84915176, 84916042, 176, 1042
1, 5662, 84930176, 84931042, 176, 1042
1, 5663, 84945176, 84946042, 176, 1042
1, 5664, 84960176, 84961042, 176, 1042
1, 5665, 84975176, 84976042, 176, 1042
1, 5666, 84990176, 84991042, 176, 1042
1, 5667, 85005176, 85006042, 176, 1042
1, 5668, 85020176, 85021042, 176, 1042
1, 5669, 85035176, 85036042, 176, 1042
1, 567, 8505176, 8506042, 176, 1042
1, 5670, 85050176, 85055258, 176, 5258
1, 5671, 85065176, 85066042, 176, 1042
1, 5672, 85080176, 85081042, 176, 1042
1, 5673, 85095176, 85096042, 176, 1042
1, 5674, 85110176, 85111042, 176, 1042
1, 5675, 85125176, 85139879, 176, 14879
1, 5676, 85140176, 85141042, 176, 1042
1, 5677, 85155176, 85156042, 176, 1042
1, 5678, 85170176, 85171042, 176, 1042
1, 5679, 85185176, 85186042, 176, 1042
1, 568, 8520176, 8521042, 176, 1042
1, 5680, 85200176, 85202940, 176, 2940
1, 5681, 85215176, 85216042, 176, 1042
1, 5682, 85230176, 85231042, 176, 1042
1, 5683, 85245176, 85246042, 176, 1042
1, 5684, 85260176, 85263823, 176, 3823
1, 5685, 85275176, 85276042, 176, 1042
1, 5686, 85290176, 85291042, 176, 1042
1, 5687, 85305176, 85306042, 176, 1042
1, 5688, 85320176, 85321042, 176, 1042
1, 5689, 85335176, 85336042, 176, 1042
1, 569, 8535176, 8536042, 176, 1042
1, 5690, 85350176, 85351042, 176, 1042
1, 5691, 85365176, 85367083, 176, 2083
1, 5692, 85380176, 85381042, 176, 1042
1, 5693, 85395176, 85396042, 176, 1042
1, 5694, 85410176, 85411042, 176, 1042
1, 5695, 85425176, 85426042, 176, 1042
1, 5696, 85440176, 85442750, 176, 2750
1, 5697, 85455176, 85456042, 176, 1042
1, 5698, 85470176, 85473823, 176, 3823
1, 5699, 85485176, 85486042, 176, 1042
1, 57, 855176, 856042, 176, 1042
1, 570, 8550176, 8551042, 176, 1042
1, 5700, 85500176, 85501042, 176, 1042
1, 5701, 85515176, 85516042, 176, 1042
1, 5702, 85530176, 85531042, 176, 1042
1, 5703, 85545176, 85546042, 176, 1042
1, 5704, 85560176, 85561042, 176, 1042
1, 5705, 85575176, 85576812, 176, 1812
1, 5706, 85590176, 85591042, 176, 1042
1, 5707, 85605176, 85606042, 176, 1042
1, 5708, 85620176, 85621042, 176, 1042
1, 5709, 85635176, 85636042, 176, 1042
1, 571, 8565176, 8566042, 176, 1042
1, 5710, 85650176, 85651042, 176, 1042
1, 5711, 85665176, 85666042, 176, 1042
1, 5712, 85680176, 85688487, 176, 8487
1, 5713, 85695176, 85696042, 176, 1042
1, 5714, 85710176, 85711042, 176, 1042
1, 5715, 85725176, 85726042, 176, 1042
1, 5716, 85740176, 85741042, 176, 1042
1, 5717, 85755176, 85756794, 176, 1794
1, 5718, 85770176, 85771042, 176, 1042
1, 5719, 85785176, 85786812, 176, 1812
1, 572, 8580176, 8581042, 176, 1042
1, 5720, 85800176, 85801042, 176, 1042
1, 5721, 85815176, 85816042, 176, 1042
1, 5722, 85830176, 85831042, 176, 1042
1, 5723, 85845176, 85846042, 176, 1042
1, 5724, 85860176, 85861042, 176, 1042
1, 5725, 85875176, 85876042, 176, 1042
1, 5726, 85890176, 85893823, 176, 3823
1, 5727, 85905176, 85906042, 176, 1042
1, 5728, 85920176, 85921042, 176, 1042
1, 5729, 85935176, 85936042, 176, 1042
1, 573, 8595176, 8596042, 176, 1042
1, 5730, 85950176, 85951042, 176, 1042
1, 5731, 85965176, 85967637, 176, 2637
1, 5732, 85980176, 85981042, 176, 1042
1, 5733, 85995176, 85996042, 176, 1042
1, 5734, 86010176, 86011042, 176, 1042
1, 5735, 86025176, 86026042, 176, 1042
1, 5736, 86040176, 86041042, 176, 1042
1, 5737, 86055176, 86056042, 176, 1042
1, 5738, 86070176, 86071042, 176, 1042
1, 5739, 86085176, 86086042, 176, 1042
1, 574, 8610176, 8613823, 176, 3823
1, 5740, 86100176, 86105258, 176, 5258
1, 5741, 86115176, 86116042, 176, 1042
1, 5742, 86130176, 86131042, 176, 1042
1, 5743, 86145176, 86146042, 176, 1042
1, 5744, 86160176, 86161042, 176, 1042
1, 5745, 86175176, 86177163, 176, 2163
1, 5746, 86190176, 86191042, 176, 1042
1, 5747, 86205176, 86206812, 176, 1812
1, 5748, 86220176, 86221042, 176, 1042
1, 5749, 86235176, 86236042, 176, 1042
1, 575, 8625176, 8626042, 176, 1042
1, 5750, 86250176, 86251042, 176, 1042
1, 5751, 86265176, 86266042, 176, 1042
1, 5752, 86280176, 86281042, 176, 1042
1, 5753, 86295176, 86296042, 176, 1042
1, 5754, 86310176, 86313823, 176, 3823
1, 5755, 86325176, 86326042, 176, 1042
1, 5756, 86340176, 86341042, 176, 1042
1, 5757, 86355176, 86356042, 176, 1042
1, 5758, 86370176, 86371042, 176, 1042
1, 5759, 86385176, 86386042, 176, 1042
1, 576, 8640176, 8641042, 176, 1042
1, 5760, 86400176, 86402940, 176, 2940
1, 5761, 86415176, 86416042, 176, 1042
1, 5762, 86430176, 86431042, 176, 1042
1, 5763, 86445176, 86446042, 176, 1042
1, 5764, 86460176, 86461042, 176, 1042
1, 5765, 86475176, 86476042, 176, 1042
1, 5766, 86490176, 86491042, 176, 1042
1, 5767, 86505176, 86506042, 176, 1042
1, 5768, 86520176, 86524295, 176, 4295
1, 5769, 86535176, 86536042, 176, 1042
1, 577, 8655176, 8656042, 176, 1042
1, 5770, 86550176, 86551042, 176, 1042
1, 5771, 86565176, 86566042, 176, 1042
1, 5772, 86580176, 86581042, 176, 1042
1, 5773, 86595176, 86596042, 176, 1042
1, 5774, 86610176, 86611042, 176, 1042
1, 5775, 86625176, 86626812, 176, 1812
1, 5776, 86640176, 86642940, 176, 2940
1, 5777, 86655176, 86656042, 176, 1042
1, 5778, 86670176, 86671042, 176, 1042
1, 5779, 86685176, 86686042, 176, 1042
1, 578, 8670176, 8671042, 176, 1042
1, 5780, 86700176, 86701042, 176, 1042
1, 5781, 86715176, 86716042, 176, 1042
1, 5782, 86730176, 86733823, 176, 3823
1, 5783, 86745176, 86746042, 176, 1042
1, 5784, 86760176, 86761042, 176, 1042
1, 5785, 86775176, 86776042, 176, 1042
1, 5786, 86790176, 86791042, 176, 1042
1, 5787, 86805176, 86818635, 176, 13635
1, 5788, 86820176, 86821042, 176, 1042
1, 5789, 86835176, 86836812, 176, 1812
1, 579, 8685176, 8687637, 176, 2637
1, 5790, 86850176, 86851042, 176, 1042
1, 5791, 86865176, 86866042, 176, 1042
1, 5792, 86880176, 86881042, 176, 1042
1, 5793, 86895176, 86896042, 176, 1042
1, 5794, 86910176, 86911042, 176, 1042
1, 5795, 86925176, 86926042, 176, 1042
1, 5796, 86940176, 86943823, 176, 3823
1, 5797, 86955176, 86956042, 176, 1042
1, 5798, 86970176, 86971042, 176, 1042
1, 5799, 86985176, 86986042, 176, 1042
1, 58, 870176, 871042, 176, 1042
1, 580, 8700176, 8701042, 176, 1042
1, 5800, 87000176, 87001042, 176, 1042
1, 5801, 87015176, 87016042, 176, 1042
1, 5802, 87030176, 87031042, 176, 1042
1, 5803, 87045176, 87047083, 176, 2083
1, 5804, 87060176, 87061042, 176, 1042
1, 5805, 87075176, 87076042, 176, 1042
1, 5806, 87090176, 87091042, 176, 1042
1, 5807, 87105176, 87106042, 176, 1042
1, 5808, 87120176, 87125467, 176, 5467
1, 5809, 87135176, 87136042, 176, 1042
1, 581, 8715176, 8716042, 176, 1042
1, 5810, 87150176, 87155258, 176, 5258
1, 5811, 87165176, 87166042, 176, 1042
1, 5812, 87180176, 87181042, 176, 1042
1, 5813, 87195176, 87196042, 176, 1042
1, 5814, 87210176, 87211042, 176, 1042
1, 5815, 87225176, 87226042, 176, 1042
1, 5816, 87240176, 87241042, 176, 1042
1, 5817, 87255176, 87256042, 176, 1042
1, 5818, 87270176, 87271042, 176, 1042
1, 5819, 87285176, 87286042, 176, 1042
1, 582, 8730176, 8731042, 176, 1042
1, 5820, 87300176, 87301042, 176, 1042
1, 5821, 87315176, 87316042, 176, 1042
1, 5822, 87330176, 87331042, 176, 1042
1, 5823, 87345176, 87346042, 176, 1042
1, 5824, 87360176, 87368487, 176, 8487
1, 5825, 87375176, 87376042, 176, 1042
1, 5826, 87390176, 87391042, 176, 1042
1, 5827, 87405176, 87406042, 176, 1042
1, 5828, 87420176, 87421042, 176, 1042
1, 5829, 87435176, 87436042, 176, 1042
1, 583, 8745176, 8746042, 176, 1042
1, 5830, 87450176, 87451042, 176, 1042
1, 5831, 87465176, 87466042, 176, 1042
1, 5832, 87480176, 87481042, 176, 1042
1, 5833, 87495176, 87496042, 176, 1042
1, 5834, 87510176, 87511042, 176, 1042
1, 5835, 87525176, 87526042, 176, 1042
1, 5836, 87540176, 87541042, 176, 1042
1, 5837, 87555176, 87556042, 176, 1042
1, 5838, 87570176, 87573823, 176, 3823
1, 5839, 87585176, 87586042, 176, 1042
1, 584, 8760176, 8761042, 176, 1042
1, 5840, 87600176, 87602940, 176, 2940
1, 5841, 87615176, 87616042, 176, 1042
1, 5842, 87630176, 87631042, 176, 1042
1, 5843, 87645176, 87647637, 176, 2637
1, 5844, 87660176, 87661042, 176, 1042
1, 5845, 87675176, 87676812, 176, 1812
1, 5846, 87690176, 87691042, 176, 1042
1, 5847, 87705176, 87706042, 176, 1042
1, 5848, 87720176, 87721042, 176, 1042
1, 5849, 87735176, 87736042, 176, 1042
1, 585, 8775176, 8776042, 176, 1042
1, 5850, 87750176, 87751042, 176, 1042
1, 5851, 87765176, 87766042, 176, 1042
1, 5852, 87780176, 87784295, 176, 4295
1, 5853, 87795176, 87796042, 176, 1042
1, 5854, 87810176, 87811042, 176, 1042
1, 5855, 87825176, 87826042, 176, 1042
1, 5856, 87840176, 87841042, 176, 1042
1, 5857, 87855176, 87856794, 176, 1794
1, 5858, 87870176, 87871042, 176, 1042
1, 5859, 87885176, 87886812, 176, 1812
1, 586, 8790176, 8791042, 176, 1042
1, 5860, 87900176, 87901042, 176, 1042
1, 5861, 87915176, 87916042, 176, 1042
1, 5862, 87930176, 87931042, 176, 1042
1, 5863, 87945176, 87946042, 176, 1042
1, 5864, 87960176, 87961042, 176, 1042
1, 5865, 87975176, 87976042, 176, 1042
1, 5866, 87990176, 87993823, 176, 3823
1, 5867, 88005176, 88006042, 176, 1042
1, 5868, 88020176, 88021042, 176, 1042
1, 5869, 88035176, 88036042, 176, 1042
1, 587, 8805176, 8806042, 176, 1042
1, 5870, 88050176, 88051042, 176, 1042
1, 5871, 88065176, 88066042, 176, 1042
1, 5872, 88080176, 88081042, 176, 1042
1, 5873, 88095176, 88096042, 176, 1042
1, 5874, 88110176, 88111042, 176, 1042
1, 5875, 88125176, 88126042, 176, 1042
1, 5876, 88140176, 88141042, 176, 1042
1, 5877, 88155176, 88156042, 176, 1042
1, 5878, 88170176, 88171042, 176, 1042
1, 5879, 88185176, 88186042, 176, 1042
1, 588, 8820176, 8823823, 176, 3823
1, 5880, 88200176, 88205410, 176, 5410
1, 5881, 88215176, 88216042, 176, 1042
1, 5882, 88230176, 88231042, 176, 1042
1, 5883, 88245176, 88246042, 176, 1042
1, 5884, 88260176, 88261042, 176, 1042
1, 5885, 88275176, 88276042, 176, 1042
1, 5886, 88290176, 88291042, 176, 1042
1, 5887, 88305176, 88306042, 176, 1042
1, 5888, 88320176, 88321042, 176, 1042
1, 5889, 88335176, 88336042, 176, 1042
1, 589, 8835176, 8836042, 176, 1042
1, 5890, 88350176, 88351042, 176, 1042
1, 5891, 88365176, 88366042, 176, 1042
1, 5892, 88380176, 88381042, 176, 1042
1, 5893, 88395176, 88396042, 176, 1042
1, 5894, 88410176, 88413823, 176, 3823
1, 5895, 88425176, 88426042, 176, 1042
1, 5896, 88440176, 88441042, 176, 1042
1, 5897, 88455176, 88456042, 176, 1042
1, 5898, 88470176, 88471042, 176, 1042
1, 5899, 88485176, 88489464, 176, 4464
1, 59, 885176, 886042, 176, 1042
1, 590, 8850176, 8851042, 176, 1042
1, 5900, 88500176, 88501042, 176, 1042
1, 5901, 88515176, 88516042, 176, 1042
1, 5902, 88530176, 88531042, 176, 1042
1, 5903, 88545176, 88546042, 176, 1042
1, 5904, 88560176, 88561042, 176, 1042
1, 5905, 88575176, 88576042, 176, 1042
1, 5906, 88590176, 88591042, 176, 1042
1, 5907, 88605176, 88606042, 176, 1042
1, 5908, 88620176, 88623823, 176, 3823
1, 5909, 88635176, 88636042, 176, 1042
1, 591, 8865176, 8866042, 176, 1042
1, 5910, 88650176, 88651042, 176, 1042
1, 5911, 88665176, 88666042, 176, 1042
1, 5912, 88680176, 88681042, 176, 1042
1, 5913, 88695176, 88696042, 176, 1042
1, 5914, 88710176, 88711042, 176, 1042
1, 5915, 88725176, 88727397, 176, 2397
1, 5916, 88740176, 88741042, 176, 1042
1, 5917, 88755176, 88756042, 176, 1042
1, 5918, 88770176, 88771042, 176, 1042
1, 5919, 88785176, 88786042, 176, 1042
1, 592, 8880176, 8881042, 176, 1042
1, 5920, 88800176, 88805452, 176, 5452
1, 5921, 88815176, 88816042, 176, 1042
1, 5922, 88830176, 88835282, 176, 5282
1, 5923, 88845176, 88846042, 176, 1042
1, 5924, 88860176, 88861042, 176, 1042
1, 5925, 88875176, 88876042, 176, 1042
1, 5926, 88890176, 88891042, 176, 1042
1, 5927, 88905176, 88906794, 176, 1794
1, 5928, 88920176, 88921042, 176, 1042
1, 5929, 88935176, 88936042, 176, 1042
1, 593, 8895176, 8896042, 176, 1042
1, 5930, 88950176, 88951042, 176, 1042
1, 5931, 88965176, 88966042, 176, 1042
1, 5932, 88980176, 88981042, 176, 1042
1, 5933, 88995176, 88996042, 176, 1042
1, 5934, 89010176, 89011042, 176, 1042
1, 5935, 89025176, 89026042, 176, 1042
1, 5936, 89040176, 89048487, 176, 8487
1, 5937, 89055176, 89056042, 176, 1042
1, 5938, 89070176, 89071042, 176, 1042
1, 5939, 89085176, 89086042, 176, 1042
1, 594, 8910176, 8911042, 176, 1042
1, 5940, 89100176, 89101042, 176, 1042
1, 5941, 89115176, 89117396, 176, 2396
1, 5942, 89130176, 89131042, 176, 1042
1, 5943, 89145176, 89146042, 176, 1042
1, 5944, 89160176, 89161042, 176, 1042
1, 5945, 89175176, 89176042, 176, 1042
1, 5946, 89190176, 89191042, 176, 1042
1, 5947, 89205176, 89206042, 176, 1042
1, 5948, 89220176, 89221042, 176, 1042
1, 5949, 89235176, 89236042, 176, 1042
1, 595, 8925176, 8927397, 176, 2397
1, 5950, 89250176, 89255258, 176, 5258
1, 5951, 89265176, 89266042, 176, 1042
1, 5952, 89280176, 89281042, 176, 1042
1, 5953, 89295176, 89296042, 176, 1042
1, 5954, 89310176, 89311042, 176, 1042
1, 5955, 89325176, 89328588, 176, 3588
1, 5956, 89340176, 89341042, 176, 1042
1, 5957, 89355176, 89356042, 176, 1042
1, 5958, 89370176, 89371042, 176, 1042
1, 5959, 89385176, 89386042, 176, 1042
1, 596, 8940176, 8941042, 176, 1042
1, 5960, 89400176, 89402940, 176, 2940
1, 5961, 89415176, 89416042, 176, 1042
1, 5962, 89430176, 89431042, 176, 1042
1, 5963, 89445176, 89446042, 176, 1042
1, 5964, 89460176, 89463823, 176, 3823
1, 5965, 89475176, 89476042, 176, 1042
1, 5966, 89490176, 89491042, 176, 1042
1, 5967, 89505176, 89506042, 176, 1042
1, 5968, 89520176, 89521042, 176, 1042
1, 5969, 89535176, 89536042, 176, 1042
1, 597, 8955176, 8956042, 176, 1042
1, 5970, 89550176, 89551042, 176, 1042
1, 5971, 89565176, 89566812, 176, 1812
1, 5972, 89580176, 89581042, 176, 1042
1, 5973, 89595176, 89596042, 176, 1042
1, 5974, 89610176, 89611042, 176, 1042
1, 5975, 89625176, 89626042, 176, 1042
1, 5976, 89640176, 89641042, 176, 1042
1, 5977, 89655176, 89656042, 176, 1042
1, 5978, 89670176, 89673823, 176, 3823
1, 5979, 89685176, 89686042, 176, 1042
1, 598, 8970176, 8971042, 176, 1042
1, 5980, 89700176, 89701042, 176, 1042
1, 5981, 89715176, 89716042, 176, 1042
1, 5982, 89730176, 89731042, 176, 1042
1, 5983, 89745176, 89746042, 176, 1042
1, 5984, 89760176, 89761042, 176, 1042
1, 5985, 89775176, 89777397, 176, 2397
1, 5986, 89790176, 89791042, 176, 1042
1, 5987, 89805176, 89806042, 176, 1042
1, 5988, 89820176, 89821042, 176, 1042
1, 5989, 89835176, 89836042, 176, 1042
1, 599, 8985176, 8986042, 176, 1042
1, 5990, 89850176, 89851042, 176, 1042
1, 5991, 89865176, 89866042, 176, 1042
1, 5992, 89880176, 89884295, 176, 4295
1, 5993, 89895176, 89896042, 176, 1042
1, 5994, 89910176, 89911042, 176, 1042
1, 5995, 89925176, 89926042, 176, 1042
1, 5996, 89940176, 89941042, 176, 1042
1, 5997, 89955176, 89956794, 176, 1794
1, 5998, 89970176, 89971042, 176, 1042
1, 5999, 89985176, 89986042, 176, 1042
1, 6, 90176, 91042, 176, 1042
1, 60, 900176, 901042, 176, 1042
1, 600, 9000176, 9002750, 176, 2750
1, 6000, 90000176, 90002940, 176, 2940
1, 6001, 90015176, 90016042, 176, 1042
1, 6002, 90030176, 90031042, 176, 1042
1, 6003, 90045176, 90046042, 176, 1042
1, 6004, 90060176, 90061042, 176, 1042
1, 6005, 90075176, 90076042, 176, 1042
1, 6006, 90090176, 90093823, 176, 3823
1, 6007, 90105176, 90106042, 176, 1042
1, 6008, 90120176, 90121042, 176, 1042
1, 6009, 90135176, 90136042, 176, 1042
1, 601, 9015176, 9016042, 176, 1042
1, 6010, 90150176, 90151042, 176, 1042
1, 6011, 90165176, 90176713, 176, 11713
1, 6012, 90180176, 90181042, 176, 1042
1, 6013, 90195176, 90196042, 176, 1042
1, 6014, 90210176, 90211042, 176, 1042
1, 6015, 90225176, 90226042, 176, 1042
1, 6016, 90240176, 90241042, 176, 1042
1, 6017, 90255176, 90256042, 176, 1042
1, 6018, 90270176, 90271042, 176, 1042
1, 6019, 90285176, 90286042, 176, 1042
1, 602, 9030176, 9035282, 176, 5282
1, 6020, 90300176, 90305258, 176, 5258
1, 6021, 90315176, 90316042, 176, 1042
1, 6022, 90330176, 90331042, 176, 1042
1, 6023, 90345176, 90346042, 176, 1042
1, 6024, 90360176, 90361042, 176, 1042
1, 6025, 90375176, 90376042, 176, 1042
1, 6026, 90390176, 90391042, 176, 1042
1, 6027, 90405176, 90407083, 176, 2083
1, 6028, 90420176, 90421042, 176, 1042
1, 6029, 90435176, 90436042, 176, 1042
1, 603, 9045176, 9046042, 176, 1042
1, 6030, 90450176, 90451042, 176, 1042
1, 6031, 90465176, 90466042, 176, 1042
1, 6032, 90480176, 90482493, 176, 2493
1, 6033, 90495176, 90496042, 176, 1042
1, 6034, 90510176, 90513823, 176, 3823
1, 6035, 90525176, 90526042, 176, 1042
1, 6036, 90540176, 90541042, 176, 1042
1, 6037, 90555176, 90556042, 176, 1042
1, 6038, 90570176, 90571042, 176, 1042
1, 6039, 90585176, 90586042, 176, 1042
1, 604, 9060176, 9061042, 176, 1042
1, 6040, 90600176, 90601042, 176, 1042
1, 6041, 90615176, 90616042, 176, 1042
1, 6042, 90630176, 90631042, 176, 1042
1, 6043, 90645176, 90646042, 176, 1042
1, 6044, 90660176, 90661042, 176, 1042
1, 6045, 90675176, 90676042, 176, 1042
1, 6046, 90690176, 90691042, 176, 1042
1, 6047, 90705176, 90706042, 176, 1042
1, 6048, 90720176, 90728487, 176, 8487
1, 6049, 90735176, 90736042, 176, 1042
1, 605, 9075176, 9076042, 176, 1042
1, 6050, 90750176, 90751042, 176, 1042
1, 6051, 90765176, 90766042, 176, 1042
1, 6052, 90780176, 90781042, 176, 1042
1, 6053, 90795176, 90796042, 176, 1042
1, 6054, 90810176, 90811042, 176, 1042
1, 6055, 90825176, 90827397, 176, 2397
1, 6056, 90840176, 90841042, 176, 1042
1, 6057, 90855176, 90856042, 176, 1042
1, 6058, 90870176, 90871042, 176, 1042
1, 6059, 90885176, 90886042, 176, 1042
1, 606, 9090176, 9091042, 176, 1042
1, 6060, 90900176, 90901042, 176, 1042
1, 6061, 90915176, 90916042, 176, 1042
1, 6062, 90930176, 90933823, 176, 3823
1, 6063, 90945176, 90946042, 176, 1042
1, 6064, 90960176, 90961042, 176, 1042
1, 6065, 90975176, 90976042, 176, 1042
1, 6066, 90990176, 90991042, 176, 1042
1, 6067, 91005176, 91008588, 176, 3588
1, 6068, 91020176, 91021042, 176, 1042
1, 6069, 91035176, 91036042, 176, 1042
1, 607, 9105176, 9106794, 176, 1794
1, 6070, 91050176, 91051042, 176, 1042
1, 6071, 91065176, 91066042, 176, 1042
1, 6072, 91080176, 91081042, 176, 1042
1, 6073, 91095176, 91096042, 176, 1042
1, 6074, 91110176, 91111042, 176, 1042
1, 6075, 91125176, 91126042, 176, 1042
1, 6076, 91140176, 91143823, 176, 3823
1, 6077, 91155176, 91156042, 176, 1042
1, 6078, 91170176, 91171042, 176, 1042
1, 6079, 91185176, 91186042, 176, 1042
1, 608, 9120176, 9122940, 176, 2940
1, 6080, 91200176, 91207070, 176, 7070
1, 6081, 91215176, 91216042, 176, 1042
1, 6082, 91230176, 91231042, 176, 1042
1, 6083, 91245176, 91246812, 176, 1812
1, 6084, 91260176, 91261042, 176, 1042
1, 6085, 91275176, 91276042, 176, 1042
1, 6086, 91290176, 91291042, 176, 1042
1, 6087, 91305176, 91306042, 176, 1042
1, 6088, 91320176, 91321042, 176, 1042
1, 6089, 91335176, 91336042, 176, 1042
1, 609, 9135176, 9136042, 176, 1042
1, 6090, 91350176, 91355258, 176, 5258
1, 6091, 91365176, 91366042, 176, 1042
1, 6092, 91380176, 91381042, 176, 1042
1, 6093, 91395176, 91396042, 176, 1042
1, 6094, 91410176, 91411042, 176, 1042
1, 6095, 91425176, 91426042, 176, 1042
1, 6096, 91440176, 91441042, 176, 1042
1, 6097, 91455176, 91456042, 176, 1042
1, 6098, 91470176, 91471042, 176, 1042
1, 6099, 91485176, 91486042, 176, 1042
1, 61, 915176, 916042, 176, 1042
1, 610, 9150176, 9151042, 176, 1042
1, 6100, 91500176, 91501042, 176, 1042
1, 6101, 91515176, 91516042, 176, 1042
1, 6102, 91530176, 91531042, 176, 1042
1, 6103, 91545176, 91546042, 176, 1042
1, 6104, 91560176, 91564295, 176, 4295
1, 6105, 91575176, 91576042, 176, 1042
1, 6106, 91590176, 91591042, 176, 1042
1, 6107, 91605176, 91606042, 176, 1042
1, 6108, 91620176, 91621042, 176, 1042
1, 6109, 91635176, 91636042, 176, 1042
1, 611, 9165176, 9166042, 176, 1042
1, 6110, 91650176, 91651042, 176, 1042
1, 6111, 91665176, 91666042, 176, 1042
1, 6112, 91680176, 91682940, 176, 2940
1, 6113, 91695176, 91696042, 176, 1042
1, 6114, 91710176, 91711042, 176, 1042
1, 6115, 91725176, 91726042, 176, 1042
1, 6116, 91740176, 91741042, 176, 1042
1, 6117, 91755176, 91756042, 176, 1042
1, 6118, 91770176, 91774295, 176, 4295
1, 6119, 91785176, 91786042, 176, 1042
1, 612, 9180176, 9181042, 176, 1042
1, 6120, 91800176, 91801042, 176, 1042
1, 6121, 91815176, 91816042, 176, 1042
1, 6122, 91830176, 91831042, 176, 1042
1, 6123, 91845176, 91849464, 176, 4464
1, 6124, 91860176, 91861042, 176, 1042
1, 6125, 91875176, 91876812, 176, 1812
1, 6126, 91890176, 91891042, 176, 1042
1, 6127, 91905176, 91906042, 176, 1042
1, 6128, 91920176, 91921042, 176, 1042
1, 6129, 91935176, 91936042, 176, 1042
1, 613, 9195176, 9196042, 176, 1042
1, 6130, 91950176, 91951042, 176, 1042
1, 6131, 91965176, 91966042, 176, 1042
1, 6132, 91980176, 91983823, 176, 3823
1, 6133, 91995176, 91996042, 176, 1042
1, 6134, 92010176, 92011042, 176, 1042
1, 6135, 92025176, 92026042, 176, 1042
1, 6136, 92040176, 92041042, 176, 1042
1, 6137, 92055176, 92057047, 176, 2047
1, 6138, 92070176, 92071042, 176, 1042
1, 6139, 92085176, 92087083, 176, 2083
1, 614, 9210176, 9211042, 176, 1042
1, 6140, 92100176, 92101042, 176, 1042
1, 6141, 92115176, 92116042, 176, 1042
1, 6142, 92130176, 92131042, 176, 1042
1, 6143, 92145176, 92146042, 176, 1042
1, 6144, 92160176, 92162940, 176, 2940
1, 6145, 92175176, 92176042, 176, 1042
1, 6146, 92190176, 92193823, 176, 3823
1, 6147, 92205176, 92206042, 176, 1042
1, 6148, 92220176, 92221042, 176, 1042
1, 6149, 92235176, 92236042, 176, 1042
1, 615, 9225176, 9226042, 176, 1042
1, 6150, 92250176, 92251042, 176, 1042
1, 6151, 92265176, 92266042, 176, 1042
1, 6152, 92280176, 92281042, 176, 1042
1, 6153, 92295176, 92296042, 176, 1042
1, 6154, 92310176, 92311042, 176, 1042
1, 6155, 92325176, 92326042, 176, 1042
1, 6156, 92340176, 92341042, 176, 1042
1, 6157, 92355176, 92356042, 176, 1042
1, 6158, 92370176, 92371042, 176, 1042
1, 6159, 92385176, 92386042, 176, 1042
1, 616, 9240176, 9244295, 176, 4295
1, 6160, 92400176, 92408487, 176, 8487
1, 6161, 92415176, 92416042, 176, 1042
1, 6162, 92430176, 92431042, 176, 1042
1, 6163, 92445176, 92446042, 176, 1042
1, 6164, 92460176, 92461042, 176, 1042
1, 6165, 92475176, 92476042, 176, 1042
1, 6166, 92490176, 92491042, 176, 1042
1, 6167, 92505176, 92506042, 176, 1042
1, 6168, 92520176, 92521042, 176, 1042
1, 6169, 92535176, 92536042, 176, 1042
1, 617, 9255176, 9256042, 176, 1042
1, 6170, 92550176, 92551042, 176, 1042
1, 6171, 92565176, 92566042, 176, 1042
1, 6172, 92580176, 92581042, 176, 1042
1, 6173, 92595176, 92596042, 176, 1042
1, 6174, 92610176, 92613823, 176, 3823
1, 6175, 92625176, 92626042, 176, 1042
1, 6176, 92640176, 92641042, 176, 1042
1, 6177, 92655176, 92656042, 176, 1042
1, 6178, 92670176, 92671042, 176, 1042
1, 6179, 92685176, 92687637, 176, 2637
1, 618, 9270176, 9271042, 176, 1042
1, 6180, 92700176, 92701042, 176, 1042
1, 6181, 92715176, 92716042, 176, 1042
1, 6182, 92730176, 92731042, 176, 1042
1, 6183, 92745176, 92746042, 176, 1042
1, 6184, 92760176, 92761042, 176, 1042
1, 6185, 92775176, 92776042, 176, 1042
1, 6186, 92790176, 92791042, 176, 1042
1, 6187, 92805176, 92806042, 176, 1042
1, 6188, 92820176, 92825282, 176, 5282
1, 6189, 92835176, 92836042, 176, 1042
1, 619, 9285176, 9286042, 176, 1042
1, 6190, 92850176, 92851042, 176, 1042
1, 6191, 92865176, 92866042, 176, 1042
1, 6192, 92880176, 92881042, 176, 1042
1, 6193, 92895176, 92896042, 176, 1042
1, 6194, 92910176, 92911042, 176, 1042
1, 6195, 92925176, 92927397, 176, 2397
1, 6196, 92940176, 92941042, 176, 1042
1, 6197, 92955176, 92956042, 176, 1042
1, 6198, 92970176, 92971042, 176, 1042
1, 6199, 92985176, 92986042, 176, 1042
1, 62, 930176, 931042, 176, 1042
1, 620, 9300176, 9301042, 176, 1042
1, 6200, 93000176, 93002750, 176, 2750
1, 6201, 93015176, 93016042, 176, 1042
1, 6202, 93030176, 93033823, 176, 3823
1, 6203, 93045176, 93046042, 176, 1042
1, 6204, 93060176, 93061042, 176, 1042
1, 6205, 93075176, 93076042, 176, 1042
1, 6206, 93090176, 93091042, 176, 1042
1, 6207, 93105176, 93108169, 176, 3169
1, 6208, 93120176, 93121042, 176, 1042
1, 6209, 93135176, 93136042, 176, 1042
1, 621, 9315176, 9317396, 176, 2396
1, 6210, 93150176, 93151042, 176, 1042
1, 6211, 93165176, 93166042, 176, 1042
1, 6212, 93180176, 93181042, 176, 1042
1, 6213, 93195176, 93196042, 176, 1042
1, 6214, 93210176, 93211042, 176, 1042
1, 6215, 93225176, 93226042, 176, 1042
1, 6216, 93240176, 93244295, 176, 4295
1, 6217, 93255176, 93256042, 176, 1042
1, 6218, 93270176, 93271042, 176, 1042
1, 6219, 93285176, 93286042, 176, 1042
1, 622, 9330176, 9331042, 176, 1042
1, 6220, 93300176, 93301042, 176, 1042
1, 6221, 93315176, 93316042, 176, 1042
1, 6222, 93330176, 93331042, 176, 1042
1, 6223, 93345176, 93346042, 176, 1042
1, 6224, 93360176, 93361042, 176, 1042
1, 6225, 93375176, 93376042, 176, 1042
1, 6226, 93390176, 93391042, 176, 1042
1, 6227, 93405176, 93406042, 176, 1042
1, 6228, 93420176, 93421042, 176, 1042
1, 6229, 93435176, 93436042, 176, 1042
1, 623, 9345176, 9346042, 176, 1042
1, 6230, 93450176, 93455258, 176, 5258
1, 6231, 93465176, 93466042, 176, 1042
1, 6232, 93480176, 93481042, 176, 1042
1, 6233, 93495176, 93496042, 176, 1042
1, 6234, 93510176, 93511042, 176, 1042
1, 6235, 93525176, 93530113, 176, 5113
1, 6236, 93540176, 93541042, 176, 1042
1, 6237, 93555176, 93556042, 176, 1042
1, 6238, 93570176, 93571042, 176, 1042
1, 6239, 93585176, 93586042, 176, 1042
1, 624, 9360176, 9361042, 176, 1042
1, 6240, 93600176, 93602940, 176, 2940
1, 6241, 93615176, 93616042, 176, 1042
1, 6242, 93630176, 93631042, 176, 1042
1, 6243, 93645176, 93646042, 176, 1042
1, 6244, 93660176, 93663823, 176, 3823
1, 6245, 93675176, 93676042, 176, 1042
1, 6246, 93690176, 93691042, 176, 1042
1, 6247, 93705176, 93706042, 176, 1042
1, 6248, 93720176, 93721042, 176, 1042
1, 6249, 93735176, 93736042, 176, 1042
1, 625, 9375176, 9376042, 176, 1042
1, 6250, 93750176, 93751042, 176, 1042
1, 6251, 93765176, 93767397, 176, 2397
1, 6252, 93780176, 93781042, 176, 1042
1, 6253, 93795176, 93796042, 176, 1042
1, 6254, 93810176, 93811042, 176, 1042
1, 6255, 93825176, 93826042, 176, 1042
1, 6256, 93840176, 93842750, 176, 2750
1, 6257, 93855176, 93856042, 176, 1042
1, 6258, 93870176, 93873823, 176, 3823
1, 6259, 93885176, 93886042, 176, 1042
1, 626, 9390176, 9391042, 176, 1042
1, 6260, 93900176, 93901042, 176, 1042
1, 6261, 93915176, 93916042, 176, 1042
1, 6262, 93930176, 93931042, 176, 1042
1, 6263, 93945176, 93946042, 176, 1042
1, 6264, 93960176, 93961042, 176, 1042
1, 6265, 93975176, 93976812, 176, 1812
1, 6266, 93990176, 93991042, 176, 1042
1, 6267, 94005176, 94006042, 176, 1042
1, 6268, 94020176, 94021042, 176, 1042
1, 6269, 94035176, 94036042, 176, 1042
1, 627, 9405176, 9406042, 176, 1042
1, 6270, 94050176, 94052940, 176, 2940
1, 6271, 94065176, 94066042, 176, 1042
1, 6272, 94080176, 94088487, 176, 8487
1, 6273, 94095176, 94096042, 176, 1042
1, 6274, 94110176, 94111042, 176, 1042
1, 6275, 94125176, 94126042, 176, 1042
1, 6276, 94140176, 94141042, 176, 1042
1, 6277, 94155176, 94157553, 176, 2553
1, 6278, 94170176, 94171042, 176, 1042
1, 6279, 94185176, 94186042, 176, 1042
1, 628, 9420176, 9421042, 176, 1042
1, 6280, 94200176, 94201042, 176, 1042
1, 6281, 94215176, 94216042, 176, 1042
1, 6282, 94230176, 94231042, 176, 1042
1, 6283, 94245176, 94246042, 176, 1042
1, 6284, 94260176, 94261042, 176, 1042
1, 6285, 94275176, 94276042, 176, 1042
1, 6286, 94290176, 94293823, 176, 3823
1, 6287, 94305176, 94306042, 176, 1042
1, 6288, 94320176, 94321042, 176, 1042
1, 6289, 94335176, 94336042, 176, 1042
1, 629, 9435176, 9436042, 176, 1042
1, 6290, 94350176, 94351042, 176, 1042
1, 6291, 94365176, 94367637, 176, 2637
1, 6292, 94380176, 94381042, 176, 1042
1, 6293, 94395176, 94396042, 176, 1042
1, 6294, 94410176, 94411042, 176, 1042
1, 6295, 94425176, 94426042, 176, 1042
1, 6296, 94440176, 94441042, 176, 1042
1, 6297, 94455176, 94456042, 176, 1042
1, 6298, 94470176, 94471042, 176, 1042
1, 6299, 94485176, 94486042, 176, 1042
1, 63, 945176, 946042, 176, 1042
1, 630, 9450176, 9455258, 176, 5258
1, 6300, 94500176, 94505258, 176, 5258
1, 6301, 94515176, 94516042, 176, 1042
1, 6302, 94530176, 94531042, 176, 1042
1, 6303, 94545176, 94546042, 176, 1042
1, 6304, 94560176, 94561042, 176, 1042
1, 6305, 94575176, 94576042, 176, 1042
1, 6306, 94590176, 94591042, 176, 1042
1, 6307, 94605176, 94606812, 176, 1812
1, 6308, 94620176, 94621042, 176, 1042
1, 6309, 94635176, 94636042, 176, 1042
1, 631, 9465176, 9466042, 176, 1042
1, 6310, 94650176, 94651042, 176, 1042
1, 6311, 94665176, 94666042, 176, 1042
1, 6312, 94680176, 94681042, 176, 1042
1, 6313, 94695176, 94696042, 176, 1042
1, 6314, 94710176, 94713823, 176, 3823
1, 6315, 94725176, 94726042, 176, 1042
1, 6316, 94740176, 94741042, 176, 1042
1, 6317, 94755176, 94756042, 176, 1042
1, 6318, 94770176, 94771042, 176, 1042
1, 6319, 94785176, 94786042, 176, 1042
1, 632, 9480176, 9481042, 176, 1042
1, 6320, 94800176, 94802940, 176, 2940
1, 6321, 94815176, 94816812, 176, 1812
1, 6322, 94830176, 94831042, 176, 1042
1, 6323, 94845176, 94846042, 176, 1042
1, 6324, 94860176, 94861042, 176, 1042
1, 6325, 94875176, 94876042, 176, 1042
1, 6326, 94890176, 94891042, 176, 1042
1, 6327, 94905176, 94906042, 176, 1042
1, 6328, 94920176, 94924295, 176, 4295
1, 6329, 94935176, 94936042, 176, 1042
1, 633, 9495176, 9496042, 176, 1042
1, 6330, 94950176, 94951042, 176, 1042
1, 6331, 94965176, 94966042, 176, 1042
1, 6332, 94980176, 94981042, 176, 1042
1, 6333, 94995176, 94996042, 176, 1042
1, 6334, 95010176, 95011042, 176, 1042
1, 6335, 95025176, 95026812, 176, 1812
1, 6336, 95040176, 95041042, 176, 1042
1, 6337, 95055176, 95056042, 176, 1042
1, 6338, 95070176, 95071042, 176, 1042
1, 6339, 95085176, 95086042, 176, 1042
1, 634, 9510176, 9511042, 176, 1042
1, 6340, 95100176, 95102750, 176, 2750
1, 6341, 95115176, 95116042, 176, 1042
1, 6342, 95130176, 95133823, 176, 3823
1, 6343, 95145176, 95146042, 176, 1042
1, 6344, 95160176, 95161042, 176, 1042
1, 6345, 95175176, 95176042, 176, 1042
1, 6346, 95190176, 95191042, 176, 1042
1, 6347, 95205176, 95218635, 176, 13635
1, 6348, 95220176, 95221042, 176, 1042
1, 6349, 95235176, 95236042, 176, 1042
1, 635, 9525176, 9530113, 176, 5113
1, 6350, 95250176, 95251042, 176, 1042
1, 6351, 95265176, 95266042, 176, 1042
1, 6352, 95280176, 95281042, 176, 1042
1, 6353, 95295176, 95296042, 176, 1042
1, 6354, 95310176, 95311042, 176, 1042
1, 6355, 95325176, 95326042, 176, 1042
1, 6356, 95340176, 95343823, 176, 3823
1, 6357, 95355176, 95356042, 176, 1042
1, 6358, 95370176, 95371042, 176, 1042
1, 6359, 95385176, 95386042, 176, 1042
1, 636, 9540176, 9541042, 176, 1042
1, 6360, 95400176, 95401042, 176, 1042
1, 6361, 95415176, 95416042, 176, 1042
1, 6362, 95430176, 95431042, 176, 1042
1, 6363, 95445176, 95447083, 176, 2083
1, 6364, 95460176, 95461042, 176, 1042
1, 6365, 95475176, 95476042, 176, 1042
1, 6366, 95490176, 95491042, 176, 1042
1, 6367, 95505176, 95506042, 176, 1042
1, 6368, 95520176, 95522750, 176, 2750
1, 6369, 95535176, 95536042, 176, 1042
1, 637, 9555176, 9556042, 176, 1042
1, 6370, 95550176, 95555258, 176, 5258
1, 6371, 95565176, 95566042, 176, 1042
1, 6372, 95580176, 95581042, 176, 1042
1, 6373, 95595176, 95596042, 176, 1042
1, 6374, 95610176, 95611042, 176, 1042
1, 6375, 95625176, 95626042, 176, 1042
1, 6376, 95640176, 95641042, 176, 1042
1, 6377, 95655176, 95656042, 176, 1042
1, 6378, 95670176, 95671042, 176, 1042
1, 6379, 95685176, 95686042, 176, 1042
1, 638, 9570176, 9571042, 176, 1042
1, 6380, 95700176, 95701042, 176, 1042
1, 6381, 95715176, 95716042, 176, 1042
1, 6382, 95730176, 95731042, 176, 1042
1, 6383, 95745176, 95746042, 176, 1042
1, 6384, 95760176, 95769576, 176, 9576
1, 6385, 95775176, 95776042, 176, 1042
1, 6386, 95790176, 95791042, 176, 1042
1, 6387, 95805176, 95806042, 176, 1042
1, 6388, 95820176, 95821042, 176, 1042
1, 6389, 95835176, 95836042, 176, 1042
1, 639, 9585176, 9586042, 176, 1042
1, 6390, 95850176, 95851042, 176, 1042
1, 6391, 95865176, 95866042, 176, 1042
1, 6392, 95880176, 95881042, 176, 1042
1, 6393, 95895176, 95896042, 176, 1042
1, 6394, 95910176, 95911042, 176, 1042
1, 6395, 95925176, 95926042, 176, 1042
1, 6396, 95940176, 95941042, 176, 1042
1, 6397, 95955176, 95956042, 176, 1042
1, 6398, 95970176, 95973823, 176, 3823
1, 6399, 95985176, 95986042, 176, 1042
1, 64, 960176, 961042, 176, 1042
1, 640, 9600176, 9606737, 176, 6737
1, 6400, 96000176, 96002940, 176, 2940
1, 6401, 96015176, 96016042, 176, 1042
1, 6402, 96030176, 96031042, 176, 1042
1, 6403, 96045176, 96049558, 176, 4558
1, 6404, 96060176, 96061042, 176, 1042
1, 6405, 96075176, 96076812, 176, 1812
1, 6406, 96090176, 96091042, 176, 1042
1, 6407, 96105176, 96106042, 176, 1042
1, 6408, 96120176, 96121042, 176, 1042
1, 6409, 96135176, 96136042, 176, 1042
1, 641, 9615176, 9616042, 176, 1042
1, 6410, 96150176, 96151042, 176, 1042
1, 6411, 96165176, 96166042, 176, 1042
1, 6412, 96180176, 96183823, 176, 3823
1, 6413, 96195176, 96196042, 176, 1042
1, 6414, 96210176, 96211042, 176, 1042
1, 6415, 96225176, 96226042, 176, 1042
1, 6416, 96240176, 96242940, 176, 2940
1, 6417, 96255176, 96256794, 176, 1794
1, 6418, 96270176, 96271042, 176, 1042
1, 6419, 96285176, 96286812, 176, 1812
1, 642, 9630176, 9631042, 176, 1042
1, 6420, 96300176, 96301042, 176, 1042
1, 6421, 96315176, 96316042, 176, 1042
1, 6422, 96330176, 96331042, 176, 1042
1, 6423, 96345176, 96346042, 176, 1042
1, 6424, 96360176, 96361042, 176, 1042
1, 6425, 96375176, 96376042, 176, 1042
1, 6426, 96390176, 96393823, 176, 3823
1, 6427, 96405176, 96406042, 176, 1042
1, 6428, 96420176, 96421042, 176, 1042
1, 6429, 96435176, 96436042, 176, 1042
1, 643, 9645176, 9646042, 176, 1042
1, 6430, 96450176, 96451042, 176, 1042
1, 6431, 96465176, 96466042, 176, 1042
1, 6432, 96480176, 96481042, 176, 1042
1, 6433, 96495176, 96496042, 176, 1042
1, 6434, 96510176, 96511042, 176, 1042
1, 6435, 96525176, 96526042, 176, 1042
1, 6436, 96540176, 96541042, 176, 1042
1, 6437, 96555176, 96556042, 176, 1042
1, 6438, 96570176, 96571042, 176, 1042
1, 6439, 96585176, 96586042, 176, 1042
1, 644, 9660176, 9663823, 176, 3823
1, 6440, 96600176, 96605410, 176, 5410
1, 6441, 96615176, 96616042, 176, 1042
1, 6442, 96630176, 96631042, 176, 1042
1, 6443, 96645176, 96646042, 176, 1042
1, 6444, 96660176, 96661042, 176, 1042
1, 6445, 96675176, 96676042, 176, 1042
1, 6446, 96690176, 96691042, 176, 1042
1, 6447, 96705176, 96706042, 176, 1042
1, 6448, 96720176, 96721042, 176, 1042
1, 6449, 96735176, 96736042, 176, 1042
1, 645, 9675176, 9676042, 176, 1042
1, 6450, 96750176, 96751042, 176, 1042
1, 6451, 96765176, 96766042, 176, 1042
1, 6452, 96780176, 96781042, 176, 1042
1, 6453, 96795176, 96796042, 176, 1042
1, 6454, 96810176, 96815282, 176, 5282
1, 6455, 96825176, 96826042, 176, 1042
1, 6456, 96840176, 96841042, 176, 1042
1, 6457, 96855176, 96856042, 176, 1042
1, 6458, 96870176, 96871042, 176, 1042
1, 6459, 96885176, 96889464, 176, 4464
1, 646, 9690176, 9691042, 176, 1042
1, 6460, 96900176, 96901042, 176, 1042
1, 6461, 96915176, 96916042, 176, 1042
1, 6462, 96930176, 96931042, 176, 1042
1, 6463, 96945176, 96946042, 176, 1042
1, 6464, 96960176, 96961042, 176, 1042
1, 6465, 96975176, 96976042, 176, 1042
1, 6466, 96990176, 96991042, 176, 1042
1, 6467, 97005176, 97006042, 176, 1042
1, 6468, 97020176, 97023823, 176, 3823
1, 6469, 97035176, 97036042, 176, 1042
1, 647, 9705176, 9706042, 176, 1042
1, 6470, 97050176, 97051042, 176, 1042
1, 6471, 97065176, 97066042, 176, 1042
1, 6472, 97080176, 97081042, 176, 1042
1, 6473, 97095176, 97097396, 176, 2396
1, 6474, 97110176, 97111042, 176, 1042
1, 6475, 97125176, 97127397, 176, 2397
1, 6476, 97140176, 97141042, 176, 1042
1, 6477, 97155176, 97156042, 176, 1042
1, 6478, 97170176, 97171042, 176, 1042
1, 6479, 97185176, 97186042, 176, 1042
1, 648, 9720176, 9721042, 176, 1042
1, 6480, 97200176, 97205452, 176, 5452
1, 6481, 97215176, 97216042, 176, 1042
1, 6482, 97230176, 97233823, 176, 3823
1, 6483, 97245176, 97246042, 176, 1042
1, 6484, 97260176, 97261042, 176, 1042
1, 6485, 97275176, 97276042, 176, 1042
1, 6486, 97290176, 97291042, 176, 1042
1, 6487, 97305176, 97306794, 176, 1794
1, 6488, 97320176, 97321042, 176, 1042
1, 6489, 97335176, 97336042, 176, 1042
1, 649, 9735176, 9736042, 176, 1042
1, 6490, 97350176, 97351042, 176, 1042
1, 6491, 97365176, 97366042, 176, 1042
1, 6492, 97380176, 97381042, 176, 1042
1, 6493, 97395176, 97396042, 176, 1042
1, 6494, 97410176, 97411042, 176, 1042
1, 6495, 97425176, 97426042, 176, 1042
1, 6496, 97440176, 97448487, 176, 8487
1, 6497, 97455176, 97456042, 176, 1042
1, 6498, 97470176, 97471042, 176, 1042
1, 6499, 97485176, 97486042, 176, 1042
1, 65, 975176, 976042, 176, 1042
1, 650, 9750176, 9751042, 176, 1042
1, 6500, 97500176, 97501042, 176, 1042
1, 6501, 97515176, 97516042, 176, 1042
1, 6502, 97530176, 97531042, 176, 1042
1, 6503, 97545176, 97546042, 176, 1042
1, 6504, 97560176, 97561042, 176, 1042
1, 6505, 97575176, 97576042, 176, 1042
1, 6506, 97590176, 97591042, 176, 1042
1, 6507, 97605176, 97606042, 176, 1042
1, 6508, 97620176, 97621042, 176, 1042
1, 6509, 97635176, 97636042, 176, 1042
1, 651, 9765176, 9767083, 176, 2083
1, 6510, 97650176, 97655258, 176, 5258
1, 6511, 97665176, 97666042, 176, 1042
1, 6512, 97680176, 97681042, 176, 1042
1, 6513, 97695176, 97696042, 176, 1042
1, 6514, 97710176, 97711042, 176, 1042
1, 6515, 97725176, 97728588, 176, 3588
1, 6516, 97740176, 97741042, 176, 1042
1, 6517, 97755176, 97756812, 176, 1812
1, 6518, 97770176, 97771042, 176, 1042
1, 6519, 97785176, 97786042, 176, 1042
1, 652, 9780176, 9781042, 176, 1042
1, 6520, 97800176, 97801042, 176, 1042
1, 6521, 97815176, 97816042, 176, 1042
1, 6522, 97830176, 97831042, 176, 1042
1, 6523, 97845176, 97846042, 176, 1042
1, 6524, 97860176, 97863823, 176, 3823
1, 6525, 97875176, 97876042, 176, 1042
1, 6526, 97890176, 97891042, 176, 1042
1, 6527, 97905176, 97906042, 176, 1042
1, 6528, 97920176, 97921042, 176, 1042
1, 6529, 97935176, 97936042, 176, 1042
1, 653, 9795176, 9796042, 176, 1042
1, 6530, 97950176, 97951042, 176, 1042
1, 6531, 97965176, 97966812, 176, 1812
1, 6532, 97980176, 97981042, 176, 1042
1, 6533, 97995176, 97996042, 176, 1042
1, 6534, 98010176, 98011042, 176, 1042
1, 6535, 98025176, 98026042, 176, 1042
1, 6536, 98040176, 98042750, 176, 2750
1, 6537, 98055176, 98056042, 176, 1042
1, 6538, 98070176, 98073823, 176, 3823
1, 6539, 98085176, 98086042, 176, 1042
1, 654, 9810176, 9811042, 176, 1042
1, 6540, 98100176, 98101042, 176, 1042
1, 6541, 98115176, 98116042, 176, 1042
1, 6542, 98130176, 98131042, 176, 1042
1, 6543, 98145176, 98146340, 176, 1340
1, 6544, 98160176, 98161042, 176, 1042
1, 6545, 98175176, 98176812, 176, 1812
1, 6546, 98190176, 98191042, 176, 1042
1, 6547, 98205176, 98206042, 176, 1042
1, 6548, 98220176, 98221042, 176, 1042
1, 6549, 98235176, 98236042, 176, 1042
1, 655, 9825176, 9826042, 176, 1042
1, 6550, 98250176, 98251042, 176, 1042
1, 6551, 98265176, 98266042, 176, 1042
1, 6552, 98280176, 98284295, 176, 4295
1, 6553, 98295176, 98296042, 176, 1042
1, 6554, 98310176, 98311042, 176, 1042
1, 6555, 98325176, 98327083, 176, 2083
1, 6556, 98340176, 98341042, 176, 1042
1, 6557, 98355176, 98356794, 176, 1794
1, 6558, 98370176, 98371042, 176, 1042
1, 6559, 98385176, 98386042, 176, 1042
1, 656, 9840176, 9842750, 176, 2750
1, 6560, 98400176, 98402940, 176, 2940
1, 6561, 98415176, 98416042, 176, 1042
1, 6562, 98430176, 98431042, 176, 1042
1, 6563, 98445176, 98446042, 176, 1042
1, 6564, 98460176, 98461042, 176, 1042
1, 6565, 98475176, 98476042, 176, 1042
1, 6566, 98490176, 98493823, 176, 3823
1, 6567, 98505176, 98506042, 176, 1042
1, 6568, 98520176, 98521042, 176, 1042
1, 6569, 98535176, 98536042, 176, 1042
1, 657, 9855176, 9856042, 176, 1042
1, 6570, 98550176, 98551042, 176, 1042
1, 6571, 98565176, 98569464, 176, 4464
1, 6572, 98580176, 98581042, 176, 1042
1, 6573, 98595176, 98596042, 176, 1042
1, 6574, 98610176, 98611042, 176, 1042
1, 6575, 98625176, 98626042, 176, 1042
1, 6576, 98640176, 98641042, 176, 1042
1, 6577, 98655176, 98656042, 176, 1042
1, 6578, 98670176, 98671042, 176, 1042
1, 6579, 98685176, 98686042, 176, 1042
1, 658, 9870176, 9873823, 176, 3823
1, 6580, 98700176, 98705258, 176, 5258
1, 6581, 98715176, 98716042, 176, 1042
1, 6582, 98730176, 98731042, 176, 1042
1, 6583, 98745176, 98746042, 176, 1042
1, 6584, 98760176, 98761042, 176, 1042
1, 6585, 98775176, 98776042, 176, 1042
1, 6586, 98790176, 98791042, 176, 1042
1, 6587, 98805176, 98809558, 176, 4558
1, 6588, 98820176, 98821042, 176, 1042
1, 6589, 98835176, 98836042, 176, 1042
1, 659, 9885176, 9886042, 176, 1042
1, 6590, 98850176, 98851042, 176, 1042
1, 6591, 98865176, 98866042, 176, 1042
1, 6592, 98880176, 98882493, 176, 2493
1, 6593, 98895176, 98896042, 176, 1042
1, 6594, 98910176, 98913823, 176, 3823
1, 6595, 98925176, 98926042, 176, 1042
1, 6596, 98940176, 98941042, 176, 1042
1, 6597, 98955176, 98956042, 176, 1042
1, 6598, 98970176, 98971042, 176, 1042
1, 6599, 98985176, 98986042, 176, 1042
1, 66, 990176, 991042, 176, 1042
1, 660, 9900176, 9901042, 176, 1042
1, 6600, 99000176, 99001042, 176, 1042
1, 6601, 99015176, 99016042, 176, 1042
1, 6602, 99030176, 99031042, 176, 1042
1, 6603, 99045176, 99046042, 176, 1042
1, 6604, 99060176, 99061042, 176, 1042
1, 6605, 99075176, 99076042, 176, 1042
1, 6606, 99090176, 99091042, 176, 1042
1, 6607, 99105176, 99106042, 176, 1042
1, 6608, 99120176, 99128487, 176, 8487
1, 6609, 99135176, 99136042, 176, 1042
1, 661, 9915176, 9916042, 176, 1042
1, 6610, 99150176, 99151042, 176, 1042
1, 6611, 99165176, 99166042, 176, 1042
1, 6612, 99180176, 99181042, 176, 1042
1, 6613, 99195176, 99196042, 176, 1042
1, 6614, 99210176, 99211042, 176, 1042
1, 6615, 99225176, 99226812, 176, 1812
1, 6616, 99240176, 99241042, 176, 1042
1, 6617, 99255176, 99256042, 176, 1042
1, 6618, 99270176, 99271042, 176, 1042
1, 6619, 99285176, 99286042, 176, 1042
1, 662, 9930176, 9931042, 176, 1042
1, 6620, 99300176, 99301042, 176, 1042
1, 6621, 99315176, 99316042, 176, 1042
1, 6622, 99330176, 99333823, 176, 3823
1, 6623, 99345176, 99346042, 176, 1042
1, 6624, 99360176, 99361042, 176, 1042
1, 6625, 99375176, 99376042, 176, 1042
1, 6626, 99390176, 99391042, 176, 1042
1, 6627, 99405176, 99408588, 176, 3588
1, 6628, 99420176, 99421042, 176, 1042
1, 6629, 99435176, 99436042, 176, 1042
1, 663, 9945176, 9946042, 176, 1042
1, 6630, 99450176, 99451042, 176, 1042
1, 6631, 99465176, 99466042, 176, 1042
1, 6632, 99480176, 99481042, 176, 1042
1, 6633, 99495176, 99496042, 176, 1042
1, 6634, 99510176, 99511042, 176, 1042
1, 6635, 99525176, 99526042, 176, 1042
1, 6636, 99540176, 99543823, 176, 3823
1, 6637, 99555176, 99556042, 176, 1042
1, 6638, 99570176, 99571042, 176, 1042
1, 6639, 99585176, 99586042, 176, 1042
1, 664, 9960176, 9961042, 176, 1042
1, 6640, 99600176, 99602940, 176, 2940
1, 6641, 99615176, 99616042, 176, 1042
1, 6642, 99630176, 99631042, 176, 1042
1, 6643, 99645176, 99646812, 176, 1812
1, 6644, 99660176, 99661042, 176, 1042
1, 6645, 99675176, 99676042, 176, 1042
1, 6646, 99690176, 99691042, 176, 1042
1, 6647, 99705176, 99706042, 176, 1042
1, 6648, 99720176, 99721042, 176, 1042
1, 6649, 99735176, 99736042, 176, 1042
1, 665, 9975176, 9977397, 176, 2397
1, 6650, 99750176, 99757454, 176, 7454
1, 6651, 99765176, 99766042, 176, 1042
1, 6652, 99780176, 99781042, 176, 1042
1, 6653, 99795176, 99796042, 176, 1042
1, 6654, 99810176, 99811042, 176, 1042
1, 6655, 99825176, 99826042, 176, 1042
1, 6656, 99840176, 99841042, 176, 1042
1, 6657, 99855176, 99856042, 176, 1042
1, 6658, 99870176, 99871042, 176, 1042
1, 6659, 99885176, 99886042, 176, 1042
1, 666, 9990176, 9991042, 176, 1042
1, 6660, 99900176, 99901042, 176, 1042
1, 6661, 99915176, 99916042, 176, 1042
1, 6662, 99930176, 99931042, 176, 1042
1, 6663, 99945176, 99946042, 176, 1042
1, 6664, 99960176, 99964295, 176, 4295
1, 6665, 99975176, 99976042, 176, 1042
1, 6666, 99990176, 99991042, 176, 1042
1, 6667, 100005176, 100006042, 176, 1042
1, 6668, 100020176, 100021042, 176, 1042
1, 6669, 100035176, 100036042, 176, 1042
1, 667, 10005176, 10006042, 176, 1042
1, 6670, 100050176, 100051042, 176, 1042
1, 6671, 100065176, 100066042, 176, 1042
1, 6672, 100080176, 100081042, 176, 1042
1, 6673, 100095176, 100096042, 176, 1042
1, 6674, 100110176, 100111042, 176, 1042
1, 6675, 100125176, 100126042, 176, 1042
1, 6676, 100140176, 100141042, 176, 1042
1, 6677, 100155176, 100156042, 176, 1042
1, 6678, 100170176, 100173823, 176, 3823
1, 6679, 100185176, 100186042, 176, 1042
1, 668, 10020176, 10021042, 176, 1042
1, 6680, 100200176, 100201042, 176, 1042
1, 6681, 100215176, 100216042, 176, 1042
1, 6682, 100230176, 100231042, 176, 1042
1, 6683, 100245176, 100249464, 176, 4464
1, 6684, 100260176, 100261042, 176, 1042
1, 6685, 100275176, 100276812, 176, 1812
1, 6686, 100290176, 100291042, 176, 1042
1, 6687, 100305176, 100306042, 176, 1042
1, 6688, 100320176, 100322940, 176, 2940
1, 6689, 100335176, 100336042, 176, 1042
1, 669, 10035176, 10036042, 176, 1042
1, 6690, 100350176, 100351042, 176, 1042
1, 6691, 100365176, 100366042, 176, 1042
1, 6692, 100380176, 100383823, 176, 3823
1, 6693, 100395176, 100396042, 176, 1042
1, 6694, 100410176, 100411042, 176, 1042
1, 6695, 100425176, 100426042, 176, 1042
1, 6696, 100440176, 100441042, 176, 1042
1, 6697, 100455176, 100456794, 176, 1794
1, 6698, 100470176, 100471042, 176, 1042
1, 6699, 100485176, 100487083, 176, 2083
1, 67, 1005176, 1006042, 176, 1042
1, 670, 10050176, 10051042, 176, 1042
1, 6700, 100500176, 100501042, 176, 1042
1, 6701, 100515176, 100516042, 176, 1042
1, 6702, 100530176, 100531042, 176, 1042
1, 6703, 100545176, 100546042, 176, 1042
1, 6704, 100560176, 100562750, 176, 2750
1, 6705, 100575176, 100576042, 176, 1042
1, 6706, 100590176, 100593823, 176, 3823
1, 6707, 100605176, 100606042, 176, 1042
1, 6708, 100620176, 100621042, 176, 1042
1, 6709, 100635176, 100636042, 176, 1042
1, 671, 10065176, 10066042, 176, 1042
1, 6710, 100650176, 100651042, 176, 1042
1, 6711, 100665176, 100666042, 176, 1042
1, 6712, 100680176, 100681042, 176, 1042
1, 6713, 100695176, 100696042, 176, 1042
1, 6714, 100710176, 100711042, 176, 1042
1, 6715, 100725176, 100726042, 176, 1042
1, 6716, 100740176, 100741042, 176, 1042
1, 6717, 100755176, 100756042, 176, 1042
1, 6718, 100770176, 100771042, 176, 1042
1, 6719, 100785176, 100786042, 176, 1042
1, 672, 10080176, 10088487, 176, 8487
1, 6720, 100800176, 100808487, 176, 8487
1, 6721, 100815176, 100816042, 176, 1042
1, 6722, 100830176, 100831042, 176, 1042
1, 6723, 100845176, 100846042, 176, 1042
1, 6724, 100860176, 100861042, 176, 1042
1, 6725, 100875176, 100876042, 176, 1042
1, 6726, 100890176, 100891042, 176, 1042
1, 6727, 100905176, 100906042, 176, 1042
1, 6728, 100920176, 100921042, 176, 1042
1, 6729, 100935176, 100936042, 176, 1042
1, 673, 10095176, 10096042, 176, 1042
1, 6730, 100950176, 100951042, 176, 1042
1, 6731, 100965176, 100966042, 176, 1042
1, 6732, 100980176, 100981042, 176, 1042
1, 6733, 100995176, 100996042, 176, 1042
1, 6734, 101010176, 101013823, 176, 3823
1, 6735, 101025176, 101026042, 176, 1042
1, 6736, 101040176, 101041042, 176, 1042
1, 6737, 101055176, 101056042, 176, 1042
1, 6738, 101070176, 101071042, 176, 1042
1, 6739, 101085176, 101089677, 176, 4677
1, 674, 10110176, 10111042, 176, 1042
1, 6740, 101100176, 101101042, 176, 1042
1, 6741, 101115176, 101116042, 176, 1042
1, 6742, 101130176, 101131042, 176, 1042
1, 6743, 101145176, 101146042, 176, 1042
1, 6744, 101160176, 101161042, 176, 1042
1, 6745, 101175176, 101176042, 176, 1042
1, 6746, 101190176, 101191042, 176, 1042
1, 6747, 101205176, 101206042, 176, 1042
1, 6748, 101220176, 101223823, 176, 3823
1, 6749, 101235176, 101236042, 176, 1042
1, 675, 10125176, 10126042, 176, 1042
1, 6750, 101250176, 101251042, 176, 1042
1, 6751, 101265176, 101266042, 176, 1042
1, 6752, 101280176, 101281042, 176, 1042
1, 6753, 101295176, 101296042, 176, 1042
1, 6754, 101310176, 101311042, 176, 1042
1, 6755, 101325176, 101327397, 176, 2397
1, 6756, 101340176, 101341042, 176, 1042
1, 6757, 101355176, 101356042, 176, 1042
1, 6758, 101370176, 101371042, 176, 1042
1, 6759, 101385176, 101386042, 176, 1042
1, 676, 10140176, 10141042, 176, 1042
1, 6760, 101400176, 101402750, 176, 2750
1, 6761, 101415176, 101416042, 176, 1042
1, 6762, 101430176, 101433823, 176, 3823
1, 6763, 101445176, 101446042, 176, 1042
1, 6764, 101460176, 101461042, 176, 1042
1, 6765, 101475176, 101476042, 176, 1042
1, 6766, 101490176, 101491042, 176, 1042
1, 6767, 101505176, 101506794, 176, 1794
1, 6768, 101520176, 101521042, 176, 1042
1, 6769, 101535176, 101536042, 176, 1042
1, 677, 10155176, 10156794, 176, 1794
1, 6770, 101550176, 101551042, 176, 1042
1, 6771, 101565176, 101566042, 176, 1042
1, 6772, 101580176, 101581042, 176, 1042
1, 6773, 101595176, 101596042, 176, 1042
1, 6774, 101610176, 101611042, 176, 1042
1, 6775, 101625176, 101626042, 176, 1042
1, 6776, 101640176, 101644295, 176, 4295
1, 6777, 101655176, 101656042, 176, 1042
1, 6778, 101670176, 101671042, 176, 1042
1, 6779, 101685176, 101686042, 176, 1042
1, 678, 10170176, 10171042, 176, 1042
1, 6780, 101700176, 101701042, 176, 1042
1, 6781, 101715176, 101716042, 176, 1042
1, 6782, 101730176, 101731042, 176, 1042
1, 6783, 101745176, 101746812, 176, 1812
1, 6784, 101760176, 101761042, 176, 1042
1, 6785, 101775176, 101776042, 176, 1042
1, 6786, 101790176, 101791042, 176, 1042
1, 6787, 101805176, 101806042, 176, 1042
1, 6788, 101820176, 101821042, 176, 1042
1, 6789, 101835176, 101836042, 176, 1042
1, 679, 10185176, 10186042, 176, 1042
1, 6790, 101850176, 101855258, 176, 5258
1, 6791, 101865176, 101866042, 176, 1042
1, 6792, 101880176, 101881042, 176, 1042
1, 6793, 101895176, 101896042, 176, 1042
1, 6794, 101910176, 101911042, 176, 1042
1, 6795, 101925176, 101930113, 176, 5113
1, 6796, 101940176, 101941042, 176, 1042
1, 6797, 101955176, 101956042, 176, 1042
1, 6798, 101970176, 101971042, 176, 1042
1, 6799, 101985176, 101986042, 176, 1042
1, 68, 1020176, 1021042, 176, 1042
1, 680, 10200176, 10201042, 176, 1042
1, 6800, 102000176, 102002940, 176, 2940
1, 6801, 102015176, 102016042, 176, 1042
1, 6802, 102030176, 102031042, 176, 1042
1, 6803, 102045176, 102046042, 176, 1042
1, 6804, 102060176, 102063823, 176, 3823
1, 6805, 102075176, 102076042, 176, 1042
1, 6806, 102090176, 102091042, 176, 1042
1, 6807, 102105176, 102106042, 176, 1042
1, 6808, 102120176, 102121042, 176, 1042
1, 6809, 102135176, 102136340, 176, 1340
1, 681, 10215176, 10216042, 176, 1042
1, 6810, 102150176, 102151042, 176, 1042
1, 6811, 102165176, 102167083, 176, 2083
1, 6812, 102180176, 102181042, 176, 1042
1, 6813, 102195176, 102196042, 176, 1042
1, 6814, 102210176, 102211042, 176, 1042
1, 6815, 102225176, 102226042, 176, 1042
1, 6816, 102240176, 102242750, 176, 2750
1, 6817, 102255176, 102256042, 176, 1042
1, 6818, 102270176, 102273823, 176, 3823
1, 6819, 102285176, 102286042, 176, 1042
1, 682, 10230176, 10231042, 176, 1042
1, 6820, 102300176, 102301042, 176, 1042
1, 6821, 102315176, 102316042, 176, 1042
1, 6822, 102330176, 102331042, 176, 1042
1, 6823, 102345176, 102346042, 176, 1042
1, 6824, 102360176, 102361042, 176, 1042
1, 6825, 102375176, 102376812, 176, 1812
1, 6826, 102390176, 102391042, 176, 1042
1, 6827, 102405176, 102406042, 176, 1042
1, 6828, 102420176, 102421042, 176, 1042
1, 6829, 102435176, 102436042, 176, 1042
1, 683, 10245176, 10246042, 176, 1042
1, 6830, 102450176, 102451042, 176, 1042
1, 6831, 102465176, 102466042, 176, 1042
1, 6832, 102480176, 102488487, 176, 8487
1, 6833, 102495176, 102496042, 176, 1042
1, 6834, 102510176, 102511042, 176, 1042
1, 6835, 102525176, 102526042, 176, 1042
1, 6836, 102540176, 102541042, 176, 1042
1, 6837, 102555176, 102556794, 176, 1794
1, 6838, 102570176, 102571042, 176, 1042
1, 6839, 102585176, 102586042, 176, 1042
1, 684, 10260176, 10261042, 176, 1042
1, 6840, 102600176, 102602940, 176, 2940
1, 6841, 102615176, 102616042, 176, 1042
1, 6842, 102630176, 102631042, 176, 1042
1, 6843, 102645176, 102646042, 176, 1042
1, 6844, 102660176, 102661042, 176, 1042
1, 6845, 102675176, 102676042, 176, 1042
1, 6846, 102690176, 102693823, 176, 3823
1, 6847, 102705176, 102706042, 176, 1042
1, 6848, 102720176, 102721042, 176, 1042
1, 6849, 102735176, 102736042, 176, 1042
1, 685, 10275176, 10276042, 176, 1042
1, 6850, 102750176, 102751042, 176, 1042
1, 6851, 102765176, 102767637, 176, 2637
1, 6852, 102780176, 102781042, 176, 1042
1, 6853, 102795176, 102796812, 176, 1812
1, 6854, 102810176, 102811042, 176, 1042
1, 6855, 102825176, 102826042, 176, 1042
1, 6856, 102840176, 102841042, 176, 1042
1, 6857, 102855176, 102856042, 176, 1042
1, 6858, 102870176, 102871042, 176, 1042
1, 6859, 102885176, 102886042, 176, 1042
1, 686, 10290176, 10293823, 176, 3823
1, 6860, 102900176, 102905258, 176, 5258
1, 6861, 102915176, 102916042, 176, 1042
1, 6862, 102930176, 102931042, 176, 1042
1, 6863, 102945176, 102946042, 176, 1042
1, 6864, 102960176, 102961042, 176, 1042
1, 6865, 102975176, 102976042, 176, 1042
1, 6866, 102990176, 102991042, 176, 1042
1, 6867, 103005176, 103006812, 176, 1812
1, 6868, 103020176, 103021042, 176, 1042
1, 6869, 103035176, 103036042, 176, 1042
1, 687, 10305176, 10306042, 176, 1042
1, 6870, 103050176, 103051042, 176, 1042
1, 6871, 103065176, 103066042, 176, 1042
1, 6872, 103080176, 103083215, 176, 3215
1, 6873, 103095176, 103096042, 176, 1042
1, 6874, 103110176, 103113823, 176, 3823
1, 6875, 103125176, 103126042, 176, 1042
1, 6876, 103140176, 103141042, 176, 1042
1, 6877, 103155176, 103156042, 176, 1042
1, 6878, 103170176, 103171042, 176, 1042
1, 6879, 103185176, 103186042, 176, 1042
1, 688, 10320176, 10321042, 176, 1042
1, 6880, 103200176, 103202940, 176, 2940
1, 6881, 103215176, 103216042, 176, 1042
1, 6882, 103230176, 103231042, 176, 1042
1, 6883, 103245176, 103246042, 176, 1042
1, 6884, 103260176, 103261042, 176, 1042
1, 6885, 103275176, 103276042, 176, 1042
1, 6886, 103290176, 103291042, 176, 1042
1, 6887, 103305176, 103306042, 176, 1042
1, 6888, 103320176, 103324295, 176, 4295
1, 6889, 103335176, 103336042, 176, 1042
1, 689, 10335176, 10336042, 176, 1042
1, 6890, 103350176, 103351042, 176, 1042
1, 6891, 103365176, 103366042, 176, 1042
1, 6892, 103380176, 103381042, 176, 1042
1, 6893, 103395176, 103396042, 176, 1042
1, 6894, 103410176, 103411042, 176, 1042
1, 6895, 103425176, 103426812, 176, 1812
1, 6896, 103440176, 103441042, 176, 1042
1, 6897, 103455176, 103456042, 176, 1042
1, 6898, 103470176, 103471042, 176, 1042
1, 6899, 103485176, 103486042, 176, 1042
1, 69, 1035176, 1036042, 176, 1042
1, 690, 10350176, 10351042, 176, 1042
1, 6900, 103500176, 103501042, 176, 1042
1, 6901, 103515176, 103516042, 176, 1042
1, 6902, 103530176, 103533823, 176, 3823
1, 6903, 103545176, 103546042, 176, 1042
1, 6904, 103560176, 103561042, 176, 1042
1, 6905, 103575176, 103576042, 176, 1042
1, 6906, 103590176, 103591042, 176, 1042
1, 6907, 103605176, 103618635, 176, 13635
1, 6908, 103620176, 103621042, 176, 1042
1, 6909, 103635176, 103636042, 176, 1042
1, 691, 10365176, 10369040, 176, 4040
1, 6910, 103650176, 103651042, 176, 1042
1, 6911, 103665176, 103666042, 176, 1042
1, 6912, 103680176, 103681042, 176, 1042
1, 6913, 103695176, 103696042, 176, 1042
1, 6914, 103710176, 103711042, 176, 1042
1, 6915, 103725176, 103726042, 176, 1042
1, 6916, 103740176, 103744295, 176, 4295
1, 6917, 103755176, 103756042, 176, 1042
1, 6918, 103770176, 103771042, 176, 1042
1, 6919, 103785176, 103786042, 176, 1042
1, 692, 10380176, 10381042, 176, 1042
1, 6920, 103800176, 103801042, 176, 1042
1, 6921, 103815176, 103816042, 176, 1042
1, 6922, 103830176, 103831042, 176, 1042
1, 6923, 103845176, 103847083, 176, 2083
1, 6924, 103860176, 103861042, 176, 1042
1, 6925, 103875176, 103876042, 176, 1042
1, 6926, 103890176, 103891042, 176, 1042
1, 6927, 103905176, 103906042, 176, 1042
1, 6928, 103920176, 103922750, 176, 2750
1, 6929, 103935176, 103936042, 176, 1042
1, 693, 10395176, 10396042, 176, 1042
1, 6930, 103950176, 103955258, 176, 5258
1, 6931, 103965176, 103966042, 176, 1042
1, 6932, 103980176, 103981042, 176, 1042
1, 6933, 103995176, 103996042, 176, 1042
1, 6934, 104010176, 104011042, 176, 1042
1, 6935, 104025176, 104026042, 176, 1042
1, 6936, 104040176, 104041042, 176, 1042
1, 6937, 104055176, 104056042, 176, 1042
1, 6938, 104070176, 104071042, 176, 1042
1, 6939, 104085176, 104086042, 176, 1042
1, 694, 10410176, 10411042, 176, 1042
1, 6940, 104100176, 104101042, 176, 1042
1, 6941, 104115176, 104116042, 176, 1042
1, 6942, 104130176, 104131042, 176, 1042
1, 6943, 104145176, 104146042, 176, 1042
1, 6944, 104160176, 104168487, 176, 8487
1, 6945, 104175176, 104176042, 176, 1042
1, 6946, 104190176, 104191042, 176, 1042
1, 6947, 104205176, 104206042, 176, 1042
1, 6948, 104220176, 104221042, 176, 1042
1, 6949, 104235176, 104236042, 176, 1042
1, 695, 10425176, 10426042, 176, 1042
1, 6950, 104250176, 104251042, 176, 1042
1, 6951, 104265176, 104266042, 176, 1042
1, 6952, 104280176, 104281042, 176, 1042
1, 6953, 104295176, 104296042, 176, 1042
1, 6954, 104310176, 104311042, 176, 1042
1, 6955, 104325176, 104326042, 176, 1042
1, 6956, 104340176, 104341042, 176, 1042
1, 6957, 104355176, 104356042, 176, 1042
1, 6958, 104370176, 104373823, 176, 3823
1, 6959, 104385176, 104386042, 176, 1042
1, 696, 10440176, 10441042, 176, 1042
1, 6960, 104400176, 104402940, 176, 2940
1, 6961, 104415176, 104416042, 176, 1042
1, 6962, 104430176, 104431042, 176, 1042
1, 6963, 104445176, 104447637, 176, 2637
1, 6964, 104460176, 104461042, 176, 1042
1, 6965, 104475176, 104476812, 176, 1812
1, 6966, 104490176, 104491042, 176, 1042
1, 6967, 104505176, 104506042, 176, 1042
1, 6968, 104520176, 104521042, 176, 1042
1, 6969, 104535176, 104536042, 176, 1042
1, 697, 10455176, 10456042, 176, 1042
1, 6970, 104550176, 104551042, 176, 1042
1, 6971, 104565176, 104566042, 176, 1042
1, 6972, 104580176, 104583823, 176, 3823
1, 6973, 104595176, 104596042, 176, 1042
1, 6974, 104610176, 104611042, 176, 1042
1, 6975, 104625176, 104626042, 176, 1042
1, 6976, 104640176, 104641042, 176, 1042
1, 6977, 104655176, 104656794, 176, 1794
1, 6978, 104670176, 104671042, 176, 1042
1, 6979, 104685176, 104686812, 176, 1812
1, 698, 10470176, 10471042, 176, 1042
1, 6980, 104700176, 104701042, 176, 1042
1, 6981, 104715176, 104716042, 176, 1042
1, 6982, 104730176, 104731042, 176, 1042
1, 6983, 104745176, 104746042, 176, 1042
1, 6984, 104760176, 104761042, 176, 1042
1, 6985, 104775176, 104776042, 176, 1042
1, 6986, 104790176, 104795282, 176, 5282
1, 6987, 104805176, 104806042, 176, 1042
1, 6988, 104820176, 104821042, 176, 1042
1, 6989, 104835176, 104836042, 176, 1042
1, 699, 10485176, 10486042, 176, 1042
1, 6990, 104850176, 104851042, 176, 1042
1, 6991, 104865176, 104866042, 176, 1042
1, 6992, 104880176, 104882940, 176, 2940
1, 6993, 104895176, 104896042, 176, 1042
1, 6994, 104910176, 104911042, 176, 1042
1, 6995, 104925176, 104926042, 176, 1042
1, 6996, 104940176, 104941042, 176, 1042
1, 6997, 104955176, 104956042, 176, 1042
1, 6998, 104970176, 104971042, 176, 1042
1, 6999, 104985176, 104986042, 176, 1042
1, 7, 105176, 106042, 176, 1042
1, 70, 1050176, 1056954, 176, 6954
1, 700, 10500176, 10505258, 176, 5258
1, 7000, 105000176, 105005410, 176, 5410
1, 7001, 105015176, 105016042, 176, 1042
1, 7002, 105030176, 105031042, 176, 1042
1, 7003, 105045176, 105046042, 176, 1042
1, 7004, 105060176, 105061042, 176, 1042
1, 7005, 105075176, 105078512, 176, 3512
1, 7006, 105090176, 105091042, 176, 1042
1, 7007, 105105176, 105106042, 176, 1042
1, 7008, 105120176, 105121042, 176, 1042
1, 7009, 105135176, 105136042, 176, 1042
1, 701, 10515176, 10516042, 176, 1042
1, 7010, 105150176, 105151042, 176, 1042
1, 7011, 105165176, 105166042, 176, 1042
1, 7012, 105180176, 105181042, 176, 1042
1, 7013, 105195176, 105196042, 176, 1042
1, 7014, 105210176, 105213823, 176, 3823
1, 7015, 105225176, 105226042, 176, 1042
1, 7016, 105240176, 105241042, 176, 1042
1, 7017, 105255176, 105256042, 176, 1042
1, 7018, 105270176, 105271042, 176, 1042
1, 7019, 105285176, 105289464, 176, 4464
1, 702, 10530176, 10531042, 176, 1042
1, 7020, 105300176, 105301042, 176, 1042
1, 7021, 105315176, 105316042, 176, 1042
1, 7022, 105330176, 105331042, 176, 1042
1, 7023, 105345176, 105346042, 176, 1042
1, 7024, 105360176, 105362940, 176, 2940
1, 7025, 105375176, 105376042, 176, 1042
1, 7026, 105390176, 105391042, 176, 1042
1, 7027, 105405176, 105406042, 176, 1042
1, 7028, 105420176, 105423823, 176, 3823
1, 7029, 105435176, 105436042, 176, 1042
1, 703, 10545176, 10546042, 176, 1042
1, 7030, 105450176, 105451042, 176, 1042
1, 7031, 105465176, 105466042, 176, 1042
1, 7032, 105480176, 105481042, 176, 1042
1, 7033, 105495176, 105496042, 176, 1042
1, 7034, 105510176, 105511042, 176, 1042
1, 7035, 105525176, 105527397, 176, 2397
1, 7036, 105540176, 105541042, 176, 1042
1, 7037, 105555176, 105556042, 176, 1042
1, 7038, 105570176, 105571042, 176, 1042
1, 7039, 105585176, 105586042, 176, 1042
1, 704, 10560176, 10561042, 176, 1042
1, 7040, 105600176, 105605452, 176, 5452
1, 7041, 105615176, 105616042, 176, 1042
1, 7042, 105630176, 105633823, 176, 3823
1, 7043, 105645176, 105646042, 176, 1042
1, 7044, 105660176, 105661042, 176, 1042
1, 7045, 105675176, 105676042, 176, 1042
1, 7046, 105690176, 105691042, 176, 1042
1, 7047, 105705176, 105706794, 176, 1794
1, 7048, 105720176, 105721042, 176, 1042
1, 7049, 105735176, 105736812, 176, 1812
1, 705, 10575176, 10576042, 176, 1042
1, 7050, 105750176, 105751042, 176, 1042
1, 7051, 105765176, 105766042, 176, 1042
1, 7052, 105780176, 105781042, 176, 1042
1, 7053, 105795176, 105796042, 176, 1042
1, 7054, 105810176, 105811042, 176, 1042
1, 7055, 105825176, 105826042, 176, 1042
1, 7056, 105840176, 105848487, 176, 8487
1, 7057, 105855176, 105856042, 176, 1042
1, 7058, 105870176, 105871042, 176, 1042
1, 7059, 105885176, 105886042, 176, 1042
1, 706, 10590176, 10591042, 176, 1042
1, 7060, 105900176, 105901042, 176, 1042
1, 7061, 105915176, 105916042, 176, 1042
1, 7062, 105930176, 105931042, 176, 1042
1, 7063, 105945176, 105946042, 176, 1042
1, 7064, 105960176, 105961042, 176, 1042
1, 7065, 105975176, 105976042, 176, 1042
1, 7066, 105990176, 105991042, 176, 1042
1, 7067, 106005176, 106006042, 176, 1042
1, 7068, 106020176, 106021042, 176, 1042
1, 7069, 106035176, 106036042, 176, 1042
1, 707, 10605176, 10606812, 176, 1812
1, 7070, 106050176, 106055258, 176, 5258
1, 7071, 106065176, 106066042, 176, 1042
1, 7072, 106080176, 106081042, 176, 1042
1, 7073, 106095176, 106096042, 176, 1042
1, 7074, 106110176, 106111042, 176, 1042
1, 7075, 106125176, 106129795, 176, 4795
1, 7076, 106140176, 106141042, 176, 1042
1, 7077, 106155176, 106156042, 176, 1042
1, 7078, 106170176, 106171042, 176, 1042
1, 7079, 106185176, 106186042, 176, 1042
1, 708, 10620176, 10621042, 176, 1042
1, 7080, 106200176, 106201042, 176, 1042
1, 7081, 106215176, 106216042, 176, 1042
1, 7082, 106230176, 106231042, 176, 1042
1, 7083, 106245176, 106246042, 176, 1042
1, 7084, 106260176, 106263823, 176, 3823
1, 7085, 106275176, 106276042, 176, 1042
1, 7086, 106290176, 106291042, 176, 1042
1, 7087, 106305176, 106306042, 176, 1042
1, 7088, 106320176, 106321042, 176, 1042
1, 7089, 106335176, 106336042, 176, 1042
1, 709, 10635176, 10636042, 176, 1042
1, 7090, 106350176, 106351042, 176, 1042
1, 7091, 106365176, 106366812, 176, 1812
1, 7092, 106380176, 106381042, 176, 1042
1, 7093, 106395176, 106396042, 176, 1042
1, 7094, 106410176, 106417925, 176, 7925
1, 7095, 106425176, 106426042, 176, 1042
1, 7096, 106440176, 106441042, 176, 1042
1, 7097, 106455176, 106456042, 176, 1042
1, 7098, 106470176, 106473823, 176, 3823
1, 7099, 106485176, 106486042, 176, 1042
1, 71, 1065176, 1066042, 176, 1042
1, 710, 10650176, 10657001, 176, 7001
1, 7100, 106500176, 106501042, 176, 1042
1, 7101, 106515176, 106516042, 176, 1042
1, 7102, 106530176, 106531042, 176, 1042
1, 7103, 106545176, 106546042, 176, 1042
1, 7104, 106560176, 106561042, 176, 1042
1, 7105, 106575176, 106576812, 176, 1812
1, 7106, 106590176, 106591042, 176, 1042
1, 7107, 106605176, 106606042, 176, 1042
1, 7108, 106620176, 106621042, 176, 1042
1, 7109, 106635176, 106636042, 176, 1042
1, 711, 10665176, 10666042, 176, 1042
1, 7110, 106650176, 106651042, 176, 1042
1, 7111, 106665176, 106666042, 176, 1042
1, 7112, 106680176, 106684295, 176, 4295
1, 7113, 106695176, 106696042, 176, 1042
1, 7114, 106710176, 106711042, 176, 1042
1, 7115, 106725176, 106726042, 176, 1042
1, 7116, 106740176, 106741042, 176, 1042
1, 7117, 106755176, 106756794, 176, 1794
1, 7118, 106770176, 106771042, 176, 1042
1, 7119, 106785176, 106786812, 176, 1812
1, 712, 10680176, 10681042, 176, 1042
1, 7120, 106800176, 106802940, 176, 2940
1, 7121, 106815176, 106816042, 176, 1042
1, 7122, 106830176, 106831042, 176, 1042
1, 7123, 106845176, 106846042, 176, 1042
1, 7124, 106860176, 106861042, 176, 1042
1, 7125, 106875176, 106876042, 176, 1042
1, 7126, 106890176, 106893823, 176, 3823
1, 7127, 106905176, 106906042, 176, 1042
1, 7128, 106920176, 106921042, 176, 1042
1, 7129, 106935176, 106936042, 176, 1042
1, 713, 10695176, 10696042, 176, 1042
1, 7130, 106950176, 106951042, 176, 1042
1, 7131, 106965176, 106969464, 176, 4464
1, 7132, 106980176, 106981042, 176, 1042
1, 7133, 106995176, 106996042, 176, 1042
1, 7134, 107010176, 107011042, 176, 1042
1, 7135, 107025176, 107026042, 176, 1042
1, 7136, 107040176, 107041042, 176, 1042
1, 7137, 107055176, 107056042, 176, 1042
1, 7138, 107070176, 107071042, 176, 1042
1, 7139, 107085176, 107086042, 176, 1042
1, 714, 10710176, 10713823, 176, 3823
1, 7140, 107100176, 107105258, 176, 5258
1, 7141, 107115176, 107116042, 176, 1042
1, 7142, 107130176, 107131042, 176, 1042
1, 7143, 107145176, 107146042, 176, 1042
1, 7144, 107160176, 107161042, 176, 1042
1, 7145, 107175176, 107176042, 176, 1042
1, 7146, 107190176, 107191042, 176, 1042
1, 7147, 107205176, 107207083, 176, 2083
1, 7148, 107220176, 107221042, 176, 1042
1, 7149, 107235176, 107236042, 176, 1042
1, 715, 10725176, 10726042, 176, 1042
1, 7150, 107250176, 107251042, 176, 1042
1, 7151, 107265176, 107266042, 176, 1042
1, 7152, 107280176, 107282493, 176, 2493
1, 7153, 107295176, 107296042, 176, 1042
1, 7154, 107310176, 107313823, 176, 3823
1, 7155, 107325176, 107326042, 176, 1042
1, 7156, 107340176, 107341042, 176, 1042
1, 7157, 107355176, 107356042, 176, 1042
1, 7158, 107370176, 107371042, 176, 1042
1, 7159, 107385176, 107386042, 176, 1042
1, 716, 10740176, 10741042, 176, 1042
1, 7160, 107400176, 107401042, 176, 1042
1, 7161, 107415176, 107416042, 176, 1042
1, 7162, 107430176, 107431042, 176, 1042
1, 7163, 107445176, 107446042, 176, 1042
1, 7164, 107460176, 107461042, 176, 1042
1, 7165, 107475176, 107476042, 176, 1042
1, 7166, 107490176, 107491042, 176, 1042
1, 7167, 107505176, 107506042, 176, 1042
1, 7168, 107520176, 107528487, 176, 8487
1, 7169, 107535176, 107536042, 176, 1042
1, 717, 10755176, 10756042, 176, 1042
1, 7170, 107550176, 107551042, 176, 1042
1, 7171, 107565176, 107566042, 176, 1042
1, 7172, 107580176, 107581042, 176, 1042
1, 7173, 107595176, 107596042, 176, 1042
1, 7174, 107610176, 107611042, 176, 1042
1, 7175, 107625176, 107626812, 176, 1812
1, 7176, 107640176, 107641042, 176, 1042
1, 7177, 107655176, 107656042, 176, 1042
1, 7178, 107670176, 107671042, 176, 1042
1, 7179, 107685176, 107686042, 176, 1042
1, 718, 10770176, 10771042, 176, 1042
1, 7180, 107700176, 107701042, 176, 1042
1, 7181, 107715176, 107716042, 176, 1042
1, 7182, 107730176, 107734295, 176, 4295
1, 7183, 107745176, 107746042, 176, 1042
1, 7184, 107760176, 107761042, 176, 1042
1, 7185, 107775176, 107776042, 176, 1042
1, 7186, 107790176, 107791042, 176, 1042
1, 7187, 107805176, 107808588, 176, 3588
1, 7188, 107820176, 107821042, 176, 1042
1, 7189, 107835176, 107836042, 176, 1042
1, 719, 10785176, 10786042, 176, 1042
1, 7190, 107850176, 107851042, 176, 1042
1, 7191, 107865176, 107866042, 176, 1042
1, 7192, 107880176, 107881042, 176, 1042
1, 7193, 107895176, 107896042, 176, 1042
1, 7194, 107910176, 107911042, 176, 1042
1, 7195, 107925176, 107927083, 176, 2083
1, 7196, 107940176, 107943823, 176, 3823
1, 7197, 107955176, 107956042, 176, 1042
1, 7198, 107970176, 107971042, 176, 1042
1, 7199, 107985176, 107986042, 176, 1042
1, 72, 1080176, 1081042, 176, 1042
1, 720, 10800176, 10802940, 176, 2940
1, 7200, 108000176, 108002940, 176, 2940
1, 7201, 108015176, 108016042, 176, 1042
1, 7202, 108030176, 108031042, 176, 1042
1, 7203, 108045176, 108046812, 176, 1812
1, 7204, 108060176, 108061042, 176, 1042
1, 7205, 108075176, 108076042, 176, 1042
1, 7206, 108090176, 108091042, 176, 1042
1, 7207, 108105176, 108106042, 176, 1042
1, 7208, 108120176, 108121042, 176, 1042
1, 7209, 108135176, 108136042, 176, 1042
1, 721, 10815176, 10816042, 176, 1042
1, 7210, 108150176, 108155258, 176, 5258
1, 7211, 108165176, 108166042, 176, 1042
1, 7212, 108180176, 108181042, 176, 1042
1, 7213, 108195176, 108196042, 176, 1042
1, 7214, 108210176, 108211042, 176, 1042
1, 7215, 108225176, 108226042, 176, 1042
1, 7216, 108240176, 108241042, 176, 1042
1, 7217, 108255176, 108256042, 176, 1042
1, 7218, 108270176, 108271042, 176, 1042
1, 7219, 108285176, 108286042, 176, 1042
1, 722, 10830176, 10831042, 176, 1042
1, 7220, 108300176, 108301042, 176, 1042
1, 7221, 108315176, 108316042, 176, 1042
1, 7222, 108330176, 108331042, 176, 1042
1, 7223, 108345176, 108346042, 176, 1042
1, 7224, 108360176, 108364295, 176, 4295
1, 7225, 108375176, 108376042, 176, 1042
1, 7226, 108390176, 108391042, 176, 1042
1, 7227, 108405176, 108406042, 176, 1042
1, 7228, 108420176, 108421042, 176, 1042
1, 7229, 108435176, 108436042, 176, 1042
1, 723, 10845176, 10846042, 176, 1042
1, 7230, 108450176, 108451042, 176, 1042
1, 7231, 108465176, 108466042, 176, 1042
1, 7232, 108480176, 108481042, 176, 1042
1, 7233, 108495176, 108496042, 176, 1042
1, 7234, 108510176, 108511042, 176, 1042
1, 7235, 108525176, 108526042, 176, 1042
1, 7236, 108540176, 108541042, 176, 1042
1, 7237, 108555176, 108556042, 176, 1042
1, 7238, 108570176, 108573823, 176, 3823
1, 7239, 108585176, 108586042, 176, 1042
1, 724, 10860176, 10861042, 176, 1042
1, 7240, 108600176, 108601042, 176, 1042
1, 7241, 108615176, 108616042, 176, 1042
1, 7242, 108630176, 108631042, 176, 1042
1, 7243, 108645176, 108649464, 176, 4464
1, 7244, 108660176, 108661042, 176, 1042
1, 7245, 108675176, 108676812, 176, 1812
1, 7246, 108690176, 108691042, 176, 1042
1, 7247, 108705176, 108706042, 176, 1042
1, 7248, 108720176, 108721042, 176, 1042
1, 7249, 108735176, 108736042, 176, 1042
1, 725, 10875176, 10876042, 176, 1042
1, 7250, 108750176, 108751042, 176, 1042
1, 7251, 108765176, 108766042, 176, 1042
1, 7252, 108780176, 108785282, 176, 5282
1, 7253, 108795176, 108796042, 176, 1042
1, 7254, 108810176, 108811042, 176, 1042
1, 7255, 108825176, 108826042, 176, 1042
1, 7256, 108840176, 108841042, 176, 1042
1, 7257, 108855176, 108856794, 176, 1794
1, 7258, 108870176, 108871042, 176, 1042
1, 7259, 108885176, 108887083, 176, 2083
1, 726, 10890176, 10891042, 176, 1042
1, 7260, 108900176, 108901042, 176, 1042
1, 7261, 108915176, 108916042, 176, 1042
1, 7262, 108930176, 108931042, 176, 1042
1, 7263, 108945176, 108946042, 176, 1042
1, 7264, 108960176, 108962750, 176, 2750
1, 7265, 108975176, 108976042, 176, 1042
1, 7266, 108990176, 108993823, 176, 3823
1, 7267, 109005176, 109006042, 176, 1042
1, 7268, 109020176, 109021042, 176, 1042
1, 7269, 109035176, 109036042, 176, 1042
1, 727, 10905176, 10906042, 176, 1042
1, 7270, 109050176, 109051042, 176, 1042
1, 7271, 109065176, 109067396, 176, 2396
1, 7272, 109080176, 109081042, 176, 1042
1, 7273, 109095176, 109096042, 176, 1042
1, 7274, 109110176, 109111042, 176, 1042
1, 7275, 109125176, 109126042, 176, 1042
1, 7276, 109140176, 109141042, 176, 1042
1, 7277, 109155176, 109156042, 176, 1042
1, 7278, 109170176, 109171042, 176, 1042
1, 7279, 109185176, 109186042, 176, 1042
1, 728, 10920176, 10924295, 176, 4295
1, 7280, 109200176, 109208487, 176, 8487
1, 7281, 109215176, 109216042, 176, 1042
1, 7282, 109230176, 109231042, 176, 1042
1, 7283, 109245176, 109246042, 176, 1042
1, 7284, 109260176, 109261042, 176, 1042
1, 7285, 109275176, 109276042, 176, 1042
1, 7286, 109290176, 109291042, 176, 1042
1, 7287, 109305176, 109306042, 176, 1042
1, 7288, 109320176, 109321042, 176, 1042
1, 7289, 109335176, 109336042, 176, 1042
1, 729, 10935176, 10936042, 176, 1042
1, 7290, 109350176, 109351042, 176, 1042
1, 7291, 109365176, 109366042, 176, 1042
1, 7292, 109380176, 109381042, 176, 1042
1, 7293, 109395176, 109396042, 176, 1042
1, 7294, 109410176, 109413823, 176, 3823
1, 7295, 109425176, 109426042, 176, 1042
1, 7296, 109440176, 109442940, 176, 2940
1, 7297, 109455176, 109456042, 176, 1042
1, 7298, 109470176, 109471042, 176, 1042
1, 7299, 109485176, 109487637, 176, 2637
1, 73, 1095176, 1096042, 176, 1042
1, 730, 10950176, 10951042, 176, 1042
1, 7300, 109500176, 109501042, 176, 1042
1, 7301, 109515176, 109516042, 176, 1042
1, 7302, 109530176, 109531042, 176, 1042
1, 7303, 109545176, 109546042, 176, 1042
1, 7304, 109560176, 109561042, 176, 1042
1, 7305, 109575176, 109576042, 176, 1042
1, 7306, 109590176, 109591042, 176, 1042
1, 7307, 109605176, 109606042, 176, 1042
1, 7308, 109620176, 109623823, 176, 3823
1, 7309, 109635176, 109636042, 176, 1042
1, 731, 10965176, 10966042, 176, 1042
1, 7310, 109650176, 109651042, 176, 1042
1, 7311, 109665176, 109666042, 176, 1042
1, 7312, 109680176, 109681042, 176, 1042
1, 7313, 109695176, 109696042, 176, 1042
1, 7314, 109710176, 109711042, 176, 1042
1, 7315, 109725176, 109727715, 176, 2715
1, 7316, 109740176, 109741042, 176, 1042
1, 7317, 109755176, 109756042, 176, 1042
1, 7318, 109770176, 109771042, 176, 1042
1, 7319, 109785176, 109786042, 176, 1042
1, 732, 10980176, 10981042, 176, 1042
1, 7320, 109800176, 109802750, 176, 2750
1, 7321, 109815176, 109816042, 176, 1042
1, 7322, 109830176, 109833823, 176, 3823
1, 7323, 109845176, 109846042, 176, 1042
1, 7324, 109860176, 109861042, 176, 1042
1, 7325, 109875176, 109876042, 176, 1042
1, 7326, 109890176, 109891042, 176, 1042
1, 7327, 109905176, 109906794, 176, 1794
1, 7328, 109920176, 109922940, 176, 2940
1, 7329, 109935176, 109936042, 176, 1042
1, 733, 10995176, 10996042, 176, 1042
1, 7330, 109950176, 109951042, 176, 1042
1, 7331, 109965176, 109966042, 176, 1042
1, 7332, 109980176, 109981042, 176, 1042
1, 7333, 109995176, 109996042, 176, 1042
1, 7334, 110010176, 110011042, 176, 1042
1, 7335, 110025176, 110026042, 176, 1042
1, 7336, 110040176, 110044295, 176, 4295
1, 7337, 110055176, 110056042, 176, 1042
1, 7338, 110070176, 110071042, 176, 1042
1, 7339, 110085176, 110086042, 176, 1042
1, 734, 11010176, 11011042, 176, 1042
1, 7340, 110100176, 110101042, 176, 1042
1, 7341, 110115176, 110116340, 176, 1340
1, 7342, 110130176, 110131042, 176, 1042
1, 7343, 110145176, 110146042, 176, 1042
1, 7344, 110160176, 110161042, 176, 1042
1, 7345, 110175176, 110176042, 176, 1042
1, 7346, 110190176, 110191042, 176, 1042
1, 7347, 110205176, 110206042, 176, 1042
1, 7348, 110220176, 110221042, 176, 1042
1, 7349, 110235176, 110236042, 176, 1042
1, 735, 11025176, 11027397, 176, 2397
1, 7350, 110250176, 110255258, 176, 5258
1, 7351, 110265176, 110266042, 176, 1042
1, 7352, 110280176, 110281042, 176, 1042
1, 7353, 110295176, 110296042, 176, 1042
1, 7354, 110310176, 110311042, 176, 1042
1, 7355, 110325176, 110330113, 176, 5113
1, 7356, 110340176, 110341042, 176, 1042
1, 7357, 110355176, 110356042, 176, 1042
1, 7358, 110370176, 110371042, 176, 1042
1, 7359, 110385176, 110386042, 176, 1042
1, 736, 11040176, 11041042, 176, 1042
1, 7360, 110400176, 110402940, 176, 2940
1, 7361, 110415176, 110416042, 176, 1042
1, 7362, 110430176, 110431042, 176, 1042
1, 7363, 110445176, 110446042, 176, 1042
1, 7364, 110460176, 110463823, 176, 3823
1, 7365, 110475176, 110476042, 176, 1042
1, 7366, 110490176, 110491042, 176, 1042
1, 7367, 110505176, 110506042, 176, 1042
1, 7368, 110520176, 110521042, 176, 1042
1, 7369, 110535176, 110536042, 176, 1042
1, 737, 11055176, 11056042, 176, 1042
1, 7370, 110550176, 110551042, 176, 1042
1, 7371, 110565176, 110567083, 176, 2083
1, 7372, 110580176, 110581042, 176, 1042
1, 7373, 110595176, 110596042, 176, 1042
1, 7374, 110610176, 110611042, 176, 1042
1, 7375, 110625176, 110626042, 176, 1042
1, 7376, 110640176, 110642750, 176, 2750
1, 7377, 110655176, 110656042, 176, 1042
1, 7378, 110670176, 110673823, 176, 3823
1, 7379, 110685176, 110686042, 176, 1042
1, 738, 11070176, 11071042, 176, 1042
1, 7380, 110700176, 110701042, 176, 1042
1, 7381, 110715176, 110716042, 176, 1042
1, 7382, 110730176, 110731042, 176, 1042
1, 7383, 110745176, 110746042, 176, 1042
1, 7384, 110760176, 110761042, 176, 1042
1, 7385, 110775176, 110777397, 176, 2397
1, 7386, 110790176, 110791042, 176, 1042
1, 7387, 110805176, 110806042, 176, 1042
1, 7388, 110820176, 110821042, 176, 1042
1, 7389, 110835176, 110836042, 176, 1042
1, 739, 11085176, 11086042, 176, 1042
1, 7390, 110850176, 110851042, 176, 1042
1, 7391, 110865176, 110866042, 176, 1042
1, 7392, 110880176, 110888487, 176, 8487
1, 7393, 110895176, 110896042, 176, 1042
1, 7394, 110910176, 110911042, 176, 1042
1, 7395, 110925176, 110926042, 176, 1042
1, 7396, 110940176, 110941042, 176, 1042
1, 7397, 110955176, 110956794, 176, 1794
1, 7398, 110970176, 110971042, 176, 1042
1, 7399, 110985176, 110986042, 176, 1042
1, 74, 1110176, 1111042, 176, 1042
1, 740, 11100176, 11101042, 176, 1042
1, 7400, 111000176, 111001042, 176, 1042
1, 7401, 111015176, 111016042, 176, 1042
1, 7402, 111030176, 111031042, 176, 1042
1, 7403, 111045176, 111046042, 176, 1042
1, 7404, 111060176, 111061042, 176, 1042
1, 7405, 111075176, 111076042, 176, 1042
1, 7406, 111090176, 111093823, 176, 3823
1, 7407, 111105176, 111106042, 176, 1042
1, 7408, 111120176, 111121042, 176, 1042
1, 7409, 111135176, 111136042, 176, 1042
1, 741, 11115176, 11116042, 176, 1042
1, 7410, 111150176, 111151042, 176, 1042
1, 7411, 111165176, 111167637, 176, 2637
1, 7412, 111180176, 111181042, 176, 1042
1, 7413, 111195176, 111196042, 176, 1042
1, 7414, 111210176, 111211042, 176, 1042
1, 7415, 111225176, 111226042, 176, 1042
1, 7416, 111240176, 111241042, 176, 1042
1, 7417, 111255176, 111256042, 176, 1042
1, 7418, 111270176, 111271042, 176, 1042
1, 7419, 111285176, 111286042, 176, 1042
1, 742, 11130176, 11133823, 176, 3823
1, 7420, 111300176, 111305258, 176, 5258
1, 7421, 111315176, 111316042, 176, 1042
1, 7422, 111330176, 111331042, 176, 1042
1, 7423, 111345176, 111346042, 176, 1042
1, 7424, 111360176, 111361042, 176, 1042
1, 7425, 111375176, 111376042, 176, 1042
1, 7426, 111390176, 111391042, 176, 1042
1, 7427, 111405176, 111406812, 176, 1812
1, 7428, 111420176, 111421042, 176, 1042
1, 7429, 111435176, 111436042, 176, 1042
1, 743, 11145176, 11146042, 176, 1042
1, 7430, 111450176, 111451042, 176, 1042
1, 7431, 111465176, 111466042, 176, 1042
1, 7432, 111480176, 111481042, 176, 1042
1, 7433, 111495176, 111496042, 176, 1042
1, 7434, 111510176, 111513823, 176, 3823
1, 7435, 111525176, 111526042, 176, 1042
1, 7436, 111540176, 111541042, 176, 1042
1, 7437, 111555176, 111556042, 176, 1042
1, 7438, 111570176, 111571042, 176, 1042
1, 7439, 111585176, 111586042, 176, 1042
1, 744, 11160176, 11161042, 176, 1042
1, 7440, 111600176, 111602940, 176, 2940
1, 7441, 111615176, 111616042, 176, 1042
1, 7442, 111630176, 111631042, 176, 1042
1, 7443, 111645176, 111646042, 176, 1042
1, 7444, 111660176, 111661042, 176, 1042
1, 7445, 111675176, 111676042, 176, 1042
1, 7446, 111690176, 111691042, 176, 1042
1, 7447, 111705176, 111706042, 176, 1042
1, 7448, 111720176, 111729576, 176, 9576
1, 7449, 111735176, 111736042, 176, 1042
1, 745, 11175176, 11176042, 176, 1042
1, 7450, 111750176, 111751042, 176, 1042
1, 7451, 111765176, 111766042, 176, 1042
1, 7452, 111780176, 111781042, 176, 1042
1, 7453, 111795176, 111796042, 176, 1042
1, 7454, 111810176, 111811042, 176, 1042
1, 7455, 111825176, 111826812, 176, 1812
1, 7456, 111840176, 111841042, 176, 1042
1, 7457, 111855176, 111856042, 176, 1042
1, 7458, 111870176, 111871042, 176, 1042
1, 7459, 111885176, 111886042, 176, 1042
1, 746, 11190176, 11191042, 176, 1042
1, 7460, 111900176, 111901042, 176, 1042
1, 7461, 111915176, 111916042, 176, 1042
1, 7462, 111930176, 111933823, 176, 3823
1, 7463, 111945176, 111946042, 176, 1042
1, 7464, 111960176, 111961042, 176, 1042
1, 7465, 111975176, 111976042, 176, 1042
1, 7466, 111990176, 111991042, 176, 1042
1, 7467, 112005176, 112018635, 176, 13635
1, 7468, 112020176, 112021042, 176, 1042
1, 7469, 112035176, 112036042, 176, 1042
1, 747, 11205176, 11218635, 176, 13635
1, 7470, 112050176, 112051042, 176, 1042
1, 7471, 112065176, 112066042, 176, 1042
1, 7472, 112080176, 112081042, 176, 1042
1, 7473, 112095176, 112096042, 176, 1042
1, 7474, 112110176, 112111042, 176, 1042
1, 7475, 112125176, 112126042, 176, 1042
1, 7476, 112140176, 112143823, 176, 3823
1, 7477, 112155176, 112156042, 176, 1042
1, 7478, 112170176, 112171042, 176, 1042
1, 7479, 112185176, 112186042, 176, 1042
1, 748, 11220176, 11221042, 176, 1042
1, 7480, 112200176, 112202940, 176, 2940
1, 7481, 112215176, 112216042, 176, 1042
1, 7482, 112230176, 112231042, 176, 1042
1, 7483, 112245176, 112247083, 176, 2083
1, 7484, 112260176, 112261042, 176, 1042
1, 7485, 112275176, 112276042, 176, 1042
1, 7486, 112290176, 112291042, 176, 1042
1, 7487, 112305176, 112306042, 176, 1042
1, 7488, 112320176, 112322750, 176, 2750
1, 7489, 112335176, 112336042, 176, 1042
1, 749, 11235176, 11236042, 176, 1042
1, 7490, 112350176, 112355258, 176, 5258
1, 7491, 112365176, 112366042, 176, 1042
1, 7492, 112380176, 112381042, 176, 1042
1, 7493, 112395176, 112396042, 176, 1042
1, 7494, 112410176, 112411042, 176, 1042
1, 7495, 112425176, 112426042, 176, 1042
1, 7496, 112440176, 112441042, 176, 1042
1, 7497, 112455176, 112456042, 176, 1042
1, 7498, 112470176, 112471042, 176, 1042
1, 7499, 112485176, 112486042, 176, 1042
1, 75, 1125176, 1130113, 176, 5113
1, 750, 11250176, 11251042, 176, 1042
1, 7500, 112500176, 112501042, 176, 1042
1, 7501, 112515176, 112516042, 176, 1042
1, 7502, 112530176, 112531042, 176, 1042
1, 7503, 112545176, 112546042, 176, 1042
1, 7504, 112560176, 112568487, 176, 8487
1, 7505, 112575176, 112576042, 176, 1042
1, 7506, 112590176, 112591042, 176, 1042
1, 7507, 112605176, 112606042, 176, 1042
1, 7508, 112620176, 112621042, 176, 1042
1, 7509, 112635176, 112636042, 176, 1042
1, 751, 11265176, 11266042, 176, 1042
1, 7510, 112650176, 112651042, 176, 1042
1, 7511, 112665176, 112666042, 176, 1042
1, 7512, 112680176, 112681042, 176, 1042
1, 7513, 112695176, 112696042, 176, 1042
1, 7514, 112710176, 112711042, 176, 1042
1, 7515, 112725176, 112726042, 176, 1042
1, 7516, 112740176, 112741042, 176, 1042
1, 7517, 112755176, 112756042, 176, 1042
1, 7518, 112770176, 112775282, 176, 5282
1, 7519, 112785176, 112786042, 176, 1042
1, 752, 11280176, 11281042, 176, 1042
1, 7520, 112800176, 112802940, 176, 2940
1, 7521, 112815176, 112816042, 176, 1042
1, 7522, 112830176, 112831042, 176, 1042
1, 7523, 112845176, 112847637, 176, 2637
1, 7524, 112860176, 112861042, 176, 1042
1, 7525, 112875176, 112876812, 176, 1812
1, 7526, 112890176, 112891042, 176, 1042
1, 7527, 112905176, 112906042, 176, 1042
1, 7528, 112920176, 112921042, 176, 1042
1, 7529, 112935176, 112936042, 176, 1042
1, 753, 11295176, 11296042, 176, 1042
1, 7530, 112950176, 112951042, 176, 1042
1, 7531, 112965176, 112966042, 176, 1042
1, 7532, 112980176, 112983823, 176, 3823
1, 7533, 112995176, 112996042, 176, 1042
1, 7534, 113010176, 113011042, 176, 1042
1, 7535, 113025176, 113026042, 176, 1042
1, 7536, 113040176, 113041042, 176, 1042
1, 7537, 113055176, 113058169, 176, 3169
1, 7538, 113070176, 113071042, 176, 1042
1, 7539, 113085176, 113086812, 176, 1812
1, 754, 11310176, 11311042, 176, 1042
1, 7540, 113100176, 113101042, 176, 1042
1, 7541, 113115176, 113116042, 176, 1042
1, 7542, 113130176, 113131042, 176, 1042
1, 7543, 113145176, 113146042, 176, 1042
1, 7544, 113160176, 113161042, 176, 1042
1, 7545, 113175176, 113176042, 176, 1042
1, 7546, 113190176, 113193823, 176, 3823
1, 7547, 113205176, 113206042, 176, 1042
1, 7548, 113220176, 113221042, 176, 1042
1, 7549, 113235176, 113236042, 176, 1042
1, 755, 11325176, 11326042, 176, 1042
1, 7550, 113250176, 113251042, 176, 1042
1, 7551, 113265176, 113266042, 176, 1042
1, 7552, 113280176, 113281042, 176, 1042
1, 7553, 113295176, 113296042, 176, 1042
1, 7554, 113310176, 113311042, 176, 1042
1, 7555, 113325176, 113326042, 176, 1042
1, 7556, 113340176, 113341042, 176, 1042
1, 7557, 113355176, 113356042, 176, 1042
1, 7558, 113370176, 113371042, 176, 1042
1, 7559, 113385176, 113386042, 176, 1042
1, 756, 11340176, 11343823, 176, 3823
1, 7560, 113400176, 113405410, 176, 5410
1, 7561, 113415176, 113416042, 176, 1042
1, 7562, 113430176, 113431042, 176, 1042
1, 7563, 113445176, 113446042, 176, 1042
1, 7564, 113460176, 113461042, 176, 1042
1, 7565, 113475176, 113476042, 176, 1042
1, 7566, 113490176, 113491042, 176, 1042
1, 7567, 113505176, 113506042, 176, 1042
1, 7568, 113520176, 113521042, 176, 1042
1, 7569, 113535176, 113536042, 176, 1042
1, 757, 11355176, 11356042, 176, 1042
1, 7570, 113550176, 113551042, 176, 1042
1, 7571, 113565176, 113566042, 176, 1042
1, 7572, 113580176, 113581042, 176, 1042
1, 7573, 113595176, 113596042, 176, 1042
1, 7574, 113610176, 113613823, 176, 3823
1, 7575, 113625176, 113626042, 176, 1042
1, 7576, 113640176, 113641042, 176, 1042
1, 7577, 113655176, 113656042, 176, 1042
1, 7578, 113670176, 113671042, 176, 1042
1, 7579, 113685176, 113689464, 176, 4464
1, 758, 11370176, 11371042, 176, 1042
1, 7580, 113700176, 113701042, 176, 1042
1, 7581, 113715176, 113716812, 176, 1812
1, 7582, 113730176, 113731042, 176, 1042
1, 7583, 113745176, 113746042, 176, 1042
1, 7584, 113760176, 113761042, 176, 1042
1, 7585, 113775176, 113776042, 176, 1042
1, 7586, 113790176, 113791042, 176, 1042
1, 7587, 113805176, 113806042, 176, 1042
1, 7588, 113820176, 113823823, 176, 3823
1, 7589, 113835176, 113836042, 176, 1042
1, 759, 11385176, 11386042, 176, 1042
1, 7590, 113850176, 113851042, 176, 1042
1, 7591, 113865176, 113866042, 176, 1042
1, 7592, 113880176, 113881042, 176, 1042
1, 7593, 113895176, 113896042, 176, 1042
1, 7594, 113910176, 113911042, 176, 1042
1, 7595, 113925176, 113927397, 176, 2397
1, 7596, 113940176, 113941042, 176, 1042
1, 7597, 113955176, 113956042, 176, 1042
1, 7598, 113970176, 113971042, 176, 1042
1, 7599, 113985176, 113986042, 176, 1042
1, 76, 1140176, 1141042, 176, 1042
1, 760, 11400176, 11402940, 176, 2940
1, 7600, 114000176, 114007070, 176, 7070
1, 7601, 114015176, 114016042, 176, 1042
1, 7602, 114030176, 114033823, 176, 3823
1, 7603, 114045176, 114046042, 176, 1042
1, 7604, 114060176, 114061042, 176, 1042
1, 7605, 114075176, 114076042, 176, 1042
1, 7606, 114090176, 114091042, 176, 1042
1, 7607, 114105176, 114107553, 176, 2553
1, 7608, 114120176, 114121042, 176, 1042
1, 7609, 114135176, 114136042, 176, 1042
1, 761, 11415176, 11416042, 176, 1042
1, 7610, 114150176, 114151042, 176, 1042
1, 7611, 114165176, 114166042, 176, 1042
1, 7612, 114180176, 114181042, 176, 1042
1, 7613, 114195176, 114196042, 176, 1042
1, 7614, 114210176, 114211042, 176, 1042
1, 7615, 114225176, 114226042, 176, 1042
1, 7616, 114240176, 114248487, 176, 8487
1, 7617, 114255176, 114256042, 176, 1042
1, 7618, 114270176, 114271042, 176, 1042
1, 7619, 114285176, 114286042, 176, 1042
1, 762, 11430176, 11431042, 176, 1042
1, 7620, 114300176, 114301042, 176, 1042
1, 7621, 114315176, 114316042, 176, 1042
1, 7622, 114330176, 114331042, 176, 1042
1, 7623, 114345176, 114346042, 176, 1042
1, 7624, 114360176, 114361042, 176, 1042
1, 7625, 114375176, 114376042, 176, 1042
1, 7626, 114390176, 114391042, 176, 1042
1, 7627, 114405176, 114406042, 176, 1042
1, 7628, 114420176, 114421042, 176, 1042
1, 7629, 114435176, 114436042, 176, 1042
1, 763, 11445176, 11447083, 176, 2083
1, 7630, 114450176, 114455258, 176, 5258
1, 7631, 114465176, 114466042, 176, 1042
1, 7632, 114480176, 114482940, 176, 2940
1, 7633, 114495176, 114496042, 176, 1042
1, 7634, 114510176, 114511042, 176, 1042
1, 7635, 114525176, 114528588, 176, 3588
1, 7636, 114540176, 114541042, 176, 1042
1, 7637, 114555176, 114556042, 176, 1042
1, 7638, 114570176, 114571042, 176, 1042
1, 7639, 114585176, 114586042, 176, 1042
1, 764, 11460176, 11461042, 176, 1042
1, 7640, 114600176, 114601042, 176, 1042
1, 7641, 114615176, 114616042, 176, 1042
1, 7642, 114630176, 114631042, 176, 1042
1, 7643, 114645176, 114646042, 176, 1042
1, 7644, 114660176, 114663823, 176, 3823
1, 7645, 114675176, 114676042, 176, 1042
1, 7646, 114690176, 114691042, 176, 1042
1, 7647, 114705176, 114706042, 176, 1042
1, 7648, 114720176, 114721042, 176, 1042
1, 7649, 114735176, 114736042, 176, 1042
1, 765, 11475176, 11476042, 176, 1042
1, 7650, 114750176, 114751042, 176, 1042
1, 7651, 114765176, 114767397, 176, 2397
1, 7652, 114780176, 114781042, 176, 1042
1, 7653, 114795176, 114796042, 176, 1042
1, 7654, 114810176, 114811042, 176, 1042
1, 7655, 114825176, 114826042, 176, 1042
1, 7656, 114840176, 114841042, 176, 1042
1, 7657, 114855176, 114856042, 176, 1042
1, 7658, 114870176, 114873823, 176, 3823
1, 7659, 114885176, 114886042, 176, 1042
1, 766, 11490176, 11491042, 176, 1042
1, 7660, 114900176, 114901042, 176, 1042
1, 7661, 114915176, 114916042, 176, 1042
1, 7662, 114930176, 114931042, 176, 1042
1, 7663, 114945176, 114946042, 176, 1042
1, 7664, 114960176, 114961042, 176, 1042
1, 7665, 114975176, 114976812, 176, 1812
1, 7666, 114990176, 114991042, 176, 1042
1, 7667, 115005176, 115006042, 176, 1042
1, 7668, 115020176, 115021042, 176, 1042
1, 7669, 115035176, 115036042, 176, 1042
1, 767, 11505176, 11506042, 176, 1042
1, 7670, 115050176, 115052839, 176, 2839
1, 7671, 115065176, 115066042, 176, 1042
1, 7672, 115080176, 115084295, 176, 4295
1, 7673, 115095176, 115096042, 176, 1042
1, 7674, 115110176, 115111042, 176, 1042
1, 7675, 115125176, 115126042, 176, 1042
1, 7676, 115140176, 115141042, 176, 1042
1, 7677, 115155176, 115156794, 176, 1794
1, 7678, 115170176, 115171042, 176, 1042
1, 7679, 115185176, 115186042, 176, 1042
1, 768, 11520176, 11522750, 176, 2750
1, 7680, 115200176, 115202940, 176, 2940
1, 7681, 115215176, 115216042, 176, 1042
1, 7682, 115230176, 115231042, 176, 1042
1, 7683, 115245176, 115246042, 176, 1042
1, 7684, 115260176, 115261042, 176, 1042
1, 7685, 115275176, 115276042, 176, 1042
1, 7686, 115290176, 115293823, 176, 3823
1, 7687, 115305176, 115306042, 176, 1042
1, 7688, 115320176, 115321042, 176, 1042
1, 7689, 115335176, 115336042, 176, 1042
1, 769, 11535176, 11536042, 176, 1042
1, 7690, 115350176, 115351042, 176, 1042
1, 7691, 115365176, 115369464, 176, 4464
1, 7692, 115380176, 115381042, 176, 1042
1, 7693, 115395176, 115396042, 176, 1042
1, 7694, 115410176, 115411042, 176, 1042
1, 7695, 115425176, 115426042, 176, 1042
1, 7696, 115440176, 115441042, 176, 1042
1, 7697, 115455176, 115456042, 176, 1042
1, 7698, 115470176, 115471042, 176, 1042
1, 7699, 115485176, 115486042, 176, 1042
1, 77, 1155176, 1156042, 176, 1042
1, 770, 11550176, 11555258, 176, 5258
1, 7700, 115500176, 115505258, 176, 5258
1, 7701, 115515176, 115516042, 176, 1042
1, 7702, 115530176, 115531042, 176, 1042
1, 7703, 115545176, 115546042, 176, 1042
1, 7704, 115560176, 115561042, 176, 1042
1, 7705, 115575176, 115576042, 176, 1042
1, 7706, 115590176, 115591042, 176, 1042
1, 7707, 115605176, 115607083, 176, 2083
1, 7708, 115620176, 115621042, 176, 1042
1, 7709, 115635176, 115636042, 176, 1042
1, 771, 11565176, 11566042, 176, 1042
1, 7710, 115650176, 115651042, 176, 1042
1, 7711, 115665176, 115666042, 176, 1042
1, 7712, 115680176, 115682493, 176, 2493
1, 7713, 115695176, 115696042, 176, 1042
1, 7714, 115710176, 115714295, 176, 4295
1, 7715, 115725176, 115726042, 176, 1042
1, 7716, 115740176, 115741042, 176, 1042
1, 7717, 115755176, 115756042, 176, 1042
1, 7718, 115770176, 115771042, 176, 1042
1, 7719, 115785176, 115786042, 176, 1042
1, 772, 11580176, 11581042, 176, 1042
1, 7720, 115800176, 115801042, 176, 1042
1, 7721, 115815176, 115816042, 176, 1042
1, 7722, 115830176, 115831042, 176, 1042
1, 7723, 115845176, 115846042, 176, 1042
1, 7724, 115860176, 115861042, 176, 1042
1, 7725, 115875176, 115876042, 176, 1042
1, 7726, 115890176, 115891042, 176, 1042
1, 7727, 115905176, 115906042, 176, 1042
1, 7728, 115920176, 115928487, 176, 8487
1, 7729, 115935176, 115936042, 176, 1042
1, 773, 11595176, 11596042, 176, 1042
1, 7730, 115950176, 115951042, 176, 1042
1, 7731, 115965176, 115966042, 176, 1042
1, 7732, 115980176, 115981042, 176, 1042
1, 7733, 115995176, 115996042, 176, 1042
1, 7734, 116010176, 116011042, 176, 1042
1, 7735, 116025176, 116026812, 176, 1812
1, 7736, 116040176, 116041042, 176, 1042
1, 7737, 116055176, 116056042, 176, 1042
1, 7738, 116070176, 116071042, 176, 1042
1, 7739, 116085176, 116086042, 176, 1042
1, 774, 11610176, 11611042, 176, 1042
1, 7740, 116100176, 116101042, 176, 1042
1, 7741, 116115176, 116116042, 176, 1042
1, 7742, 116130176, 116133823, 176, 3823
1, 7743, 116145176, 116146042, 176, 1042
1, 7744, 116160176, 116161042, 176, 1042
1, 7745, 116175176, 116176042, 176, 1042
1, 7746, 116190176, 116191042, 176, 1042
1, 7747, 116205176, 116208588, 176, 3588
1, 7748, 116220176, 116221042, 176, 1042
1, 7749, 116235176, 116236042, 176, 1042
1, 775, 11625176, 11626042, 176, 1042
1, 7750, 116250176, 116251042, 176, 1042
1, 7751, 116265176, 116266042, 176, 1042
1, 7752, 116280176, 116281042, 176, 1042
1, 7753, 116295176, 116296042, 176, 1042
1, 7754, 116310176, 116311042, 176, 1042
1, 7755, 116325176, 116326042, 176, 1042
1, 7756, 116340176, 116343823, 176, 3823
1, 7757, 116355176, 116356042, 176, 1042
1, 7758, 116370176, 116371042, 176, 1042
1, 7759, 116385176, 116386042, 176, 1042
1, 776, 11640176, 11641042, 176, 1042
1, 7760, 116400176, 116402940, 176, 2940
1, 7761, 116415176, 116416042, 176, 1042
1, 7762, 116430176, 116431042, 176, 1042
1, 7763, 116445176, 116446812, 176, 1812
1, 7764, 116460176, 116461042, 176, 1042
1, 7765, 116475176, 116476042, 176, 1042
1, 7766, 116490176, 116491042, 176, 1042
1, 7767, 116505176, 116506042, 176, 1042
1, 7768, 116520176, 116521042, 176, 1042
1, 7769, 116535176, 116536042, 176, 1042
1, 777, 11655176, 11656042, 176, 1042
1, 7770, 116550176, 116555258, 176, 5258
1, 7771, 116565176, 116566042, 176, 1042
1, 7772, 116580176, 116581042, 176, 1042
1, 7773, 116595176, 116596042, 176, 1042
1, 7774, 116610176, 116611042, 176, 1042
1, 7775, 116625176, 116626042, 176, 1042
1, 7776, 116640176, 116641042, 176, 1042
1, 7777, 116655176, 116656042, 176, 1042
1, 7778, 116670176, 116671042, 176, 1042
1, 7779, 116685176, 116686042, 176, 1042
1, 778, 11670176, 11671042, 176, 1042
1, 7780, 116700176, 116701042, 176, 1042
1, 7781, 116715176, 116716042, 176, 1042
1, 7782, 116730176, 116731042, 176, 1042
1, 7783, 116745176, 116746042, 176, 1042
1, 7784, 116760176, 116765457, 176, 5457
1, 7785, 116775176, 116776042, 176, 1042
1, 7786, 116790176, 116791042, 176, 1042
1, 7787, 116805176, 116806042, 176, 1042
1, 7788, 116820176, 116821042, 176, 1042
1, 7789, 116835176, 116836042, 176, 1042
1, 779, 11685176, 11686042, 176, 1042
1, 7790, 116850176, 116851042, 176, 1042
1, 7791, 116865176, 116866042, 176, 1042
1, 7792, 116880176, 116881042, 176, 1042
1, 7793, 116895176, 116896042, 176, 1042
1, 7794, 116910176, 116911042, 176, 1042
1, 7795, 116925176, 116926042, 176, 1042
1, 7796, 116940176, 116941042, 176, 1042
1, 7797, 116955176, 116956042, 176, 1042
1, 7798, 116970176, 116973823, 176, 3823
1, 7799, 116985176, 116986042, 176, 1042
1, 78, 1170176, 1171042, 176, 1042
1, 780, 11700176, 11701042, 176, 1042
1, 7800, 117000176, 117001042, 176, 1042
1, 7801, 117015176, 117016042, 176, 1042
1, 7802, 117030176, 117031042, 176, 1042
1, 7803, 117045176, 117059919, 176, 14919
1, 7804, 117060176, 117061042, 176, 1042
1, 7805, 117075176, 117076812, 176, 1812
1, 7806, 117090176, 117091042, 176, 1042
1, 7807, 117105176, 117106042, 176, 1042
1, 7808, 117120176, 117121042, 176, 1042
1, 7809, 117135176, 117136042, 176, 1042
1, 781, 11715176, 11716042, 176, 1042
1, 7810, 117150176, 117151042, 176, 1042
1, 7811, 117165176, 117166042, 176, 1042
1, 7812, 117180176, 117183823, 176, 3823
1, 7813, 117195176, 117196042, 176, 1042
1, 7814, 117210176, 117211042, 176, 1042
1, 7815, 117225176, 117226042, 176, 1042
1, 7816, 117240176, 117241042, 176, 1042
1, 7817, 117255176, 117256794, 176, 1794
1, 7818, 117270176, 117271042, 176, 1042
1, 7819, 117285176, 117287083, 176, 2083
1, 782, 11730176, 11731042, 176, 1042
1, 7820, 117300176, 117301042, 176, 1042
1, 7821, 117315176, 117316042, 176, 1042
1, 7822, 117330176, 117333449, 176, 3449
1, 7823, 117345176, 117346042, 176, 1042
1, 7824, 117360176, 117362750, 176, 2750
1, 7825, 117375176, 117376042, 176, 1042
1, 7826, 117390176, 117393823, 176, 3823
1, 7827, 117405176, 117406042, 176, 1042
1, 7828, 117420176, 117421042, 176, 1042
1, 7829, 117435176, 117436042, 176, 1042
1, 783, 11745176, 11746042, 176, 1042
1, 7830, 117450176, 117451042, 176, 1042
1, 7831, 117465176, 117466042, 176, 1042
1, 7832, 117480176, 117481042, 176, 1042
1, 7833, 117495176, 117496042, 176, 1042
1, 7834, 117510176, 117511042, 176, 1042
1, 7835, 117525176, 117526042, 176, 1042
1, 7836, 117540176, 117541042, 176, 1042
1, 7837, 117555176, 117556042, 176, 1042
1, 7838, 117570176, 117571042, 176, 1042
1, 7839, 117585176, 117586042, 176, 1042
1, 784, 11760176, 11768487, 176, 8487
1, 7840, 117600176, 117608487, 176, 8487
1, 7841, 117615176, 117616042, 176, 1042
1, 7842, 117630176, 117631042, 176, 1042
1, 7843, 117645176, 117646042, 176, 1042
1, 7844, 117660176, 117661042, 176, 1042
1, 7845, 117675176, 117676042, 176, 1042
1, 7846, 117690176, 117691042, 176, 1042
1, 7847, 117705176, 117706812, 176, 1812
1, 7848, 117720176, 117721042, 176, 1042
1, 7849, 117735176, 117736042, 176, 1042
1, 785, 11775176, 11776042, 176, 1042
1, 7850, 117750176, 117751042, 176, 1042
1, 7851, 117765176, 117766042, 176, 1042
1, 7852, 117780176, 117781042, 176, 1042
1, 7853, 117795176, 117796042, 176, 1042
1, 7854, 117810176, 117813823, 176, 3823
1, 7855, 117825176, 117826042, 176, 1042
1, 7856, 117840176, 117841042, 176, 1042
1, 7857, 117855176, 117856042, 176, 1042
1, 7858, 117870176, 117871042, 176, 1042
1, 7859, 117885176, 117887637, 176, 2637
1, 786, 11790176, 11791042, 176, 1042
1, 7860, 117900176, 117901042, 176, 1042
1, 7861, 117915176, 117916042, 176, 1042
1, 7862, 117930176, 117931042, 176, 1042
1, 7863, 117945176, 117946042, 176, 1042
1, 7864, 117960176, 117961042, 176, 1042
1, 7865, 117975176, 117976042, 176, 1042
1, 7866, 117990176, 117991042, 176, 1042
1, 7867, 118005176, 118006042, 176, 1042
1, 7868, 118020176, 118023823, 176, 3823
1, 7869, 118035176, 118036042, 176, 1042
1, 787, 11805176, 11806042, 176, 1042
1, 7870, 118050176, 118051042, 176, 1042
1, 7871, 118065176, 118066042, 176, 1042
1, 7872, 118080176, 118081042, 176, 1042
1, 7873, 118095176, 118096340, 176, 1340
1, 7874, 118110176, 118111042, 176, 1042
1, 7875, 118125176, 118127397, 176, 2397
1, 7876, 118140176, 118141042, 176, 1042
1, 7877, 118155176, 118156042, 176, 1042
1, 7878, 118170176, 118171042, 176, 1042
1, 7879, 118185176, 118186042, 176, 1042
1, 788, 11820176, 11821042, 176, 1042
1, 7880, 118200176, 118202750, 176, 2750
1, 7881, 118215176, 118216042, 176, 1042
1, 7882, 118230176, 118233823, 176, 3823
1, 7883, 118245176, 118246042, 176, 1042
1, 7884, 118260176, 118261042, 176, 1042
1, 7885, 118275176, 118276042, 176, 1042
1, 7886, 118290176, 118291042, 176, 1042
1, 7887, 118305176, 118306794, 176, 1794
1, 7888, 118320176, 118321042, 176, 1042
1, 7889, 118335176, 118336042, 176, 1042
1, 789, 11835176, 11836042, 176, 1042
1, 7890, 118350176, 118351042, 176, 1042
1, 7891, 118365176, 118366042, 176, 1042
1, 7892, 118380176, 118381042, 176, 1042
1, 7893, 118395176, 118396042, 176, 1042
1, 7894, 118410176, 118411042, 176, 1042
1, 7895, 118425176, 118426042, 176, 1042
1, 7896, 118440176, 118444295, 176, 4295
1, 7897, 118455176, 118456042, 176, 1042
1, 7898, 118470176, 118471042, 176, 1042
1, 7899, 118485176, 118486042, 176, 1042
1, 79, 1185176, 1186042, 176, 1042
1, 790, 11850176, 11851042, 176, 1042
1, 7900, 118500176, 118501042, 176, 1042
1, 7901, 118515176, 118516042, 176, 1042
1, 7902, 118530176, 118531042, 176, 1042
1, 7903, 118545176, 118546042, 176, 1042
1, 7904, 118560176, 118562940, 176, 2940
1, 7905, 118575176, 118576042, 176, 1042
1, 7906, 118590176, 118591042, 176, 1042
1, 7907, 118605176, 118606042, 176, 1042
1, 7908, 118620176, 118621042, 176, 1042
1, 7909, 118635176, 118636042, 176, 1042
1, 791, 11865176, 11866042, 176, 1042
1, 7910, 118650176, 118655258, 176, 5258
1, 7911, 118665176, 118666042, 176, 1042
1, 7912, 118680176, 118681042, 176, 1042
1, 7913, 118695176, 118696042, 176, 1042
1, 7914, 118710176, 118711042, 176, 1042
1, 7915, 118725176, 118730113, 176, 5113
1, 7916, 118740176, 118741042, 176, 1042
1, 7917, 118755176, 118756812, 176, 1812
1, 7918, 118770176, 118771042, 176, 1042
1, 7919, 118785176, 118786042, 176, 1042
1, 792, 11880176, 11881042, 176, 1042
1, 7920, 118800176, 118802940, 176, 2940
1, 7921, 118815176, 118816042, 176, 1042
1, 7922, 118830176, 118831042, 176, 1042
1, 7923, 118845176, 118846042, 176, 1042
1, 7924, 118860176, 118863823, 176, 3823
1, 7925, 118875176, 118876042, 176, 1042
1, 7926, 118890176, 118891042, 176, 1042
1, 7927, 118905176, 118906042, 176, 1042
1, 7928, 118920176, 118921042, 176, 1042
1, 7929, 118935176, 118936042, 176, 1042
1, 793, 11895176, 11896042, 176, 1042
1, 7930, 118950176, 118951042, 176, 1042
1, 7931, 118965176, 118967083, 176, 2083
1, 7932, 118980176, 118981042, 176, 1042
1, 7933, 118995176, 118996042, 176, 1042
1, 7934, 119010176, 119011042, 176, 1042
1, 7935, 119025176, 119026042, 176, 1042
1, 7936, 119040176, 119045467, 176, 5467
1, 7937, 119055176, 119056042, 176, 1042
1, 7938, 119070176, 119073823, 176, 3823
1, 7939, 119085176, 119086042, 176, 1042
1, 794, 11910176, 11911042, 176, 1042
1, 7940, 119100176, 119101042, 176, 1042
1, 7941, 119115176, 119116042, 176, 1042
1, 7942, 119130176, 119131042, 176, 1042
1, 7943, 119145176, 119146042, 176, 1042
1, 7944, 119160176, 119161042, 176, 1042
1, 7945, 119175176, 119176812, 176, 1812
1, 7946, 119190176, 119191042, 176, 1042
1, 7947, 119205176, 119206042, 176, 1042
1, 7948, 119220176, 119221042, 176, 1042
1, 7949, 119235176, 119236042, 176, 1042
1, 795, 11925176, 11926042, 176, 1042
1, 7950, 119250176, 119251042, 176, 1042
1, 7951, 119265176, 119266042, 176, 1042
1, 7952, 119280176, 119288487, 176, 8487
1, 7953, 119295176, 119296042, 176, 1042
1, 7954, 119310176, 119311042, 176, 1042
1, 7955, 119325176, 119326042, 176, 1042
1, 7956, 119340176, 119341042, 176, 1042
1, 7957, 119355176, 119356794, 176, 1794
1, 7958, 119370176, 119371042, 176, 1042
1, 7959, 119385176, 119386042, 176, 1042
1, 796, 11940176, 11941042, 176, 1042
1, 7960, 119400176, 119401042, 176, 1042
1, 7961, 119415176, 119416042, 176, 1042
1, 7962, 119430176, 119431042, 176, 1042
1, 7963, 119445176, 119446042, 176, 1042
1, 7964, 119460176, 119461042, 176, 1042
1, 7965, 119475176, 119476042, 176, 1042
1, 7966, 119490176, 119493823, 176, 3823
1, 7967, 119505176, 119506042, 176, 1042
1, 7968, 119520176, 119521042, 176, 1042
1, 7969, 119535176, 119536042, 176, 1042
1, 797, 11955176, 11956042, 176, 1042
1, 7970, 119550176, 119551042, 176, 1042
1, 7971, 119565176, 119567637, 176, 2637
1, 7972, 119580176, 119581042, 176, 1042
1, 7973, 119595176, 119596042, 176, 1042
1, 7974, 119610176, 119611042, 176, 1042
1, 7975, 119625176, 119626042, 176, 1042
1, 7976, 119640176, 119641042, 176, 1042
1, 7977, 119655176, 119656042, 176, 1042
1, 7978, 119670176, 119671042, 176, 1042
1, 7979, 119685176, 119686042, 176, 1042
1, 798, 11970176, 11974295, 176, 4295
1, 7980, 119700176, 119707454, 176, 7454
1, 7981, 119715176, 119716042, 176, 1042
1, 7982, 119730176, 119731042, 176, 1042
1, 7983, 119745176, 119746042, 176, 1042
1, 7984, 119760176, 119761042, 176, 1042
1, 7985, 119775176, 119776042, 176, 1042
1, 7986, 119790176, 119791042, 176, 1042
1, 7987, 119805176, 119806812, 176, 1812
1, 7988, 119820176, 119821042, 176, 1042
1, 7989, 119835176, 119836042, 176, 1042
1, 799, 11985176, 11986042, 176, 1042
1, 7990, 119850176, 119851042, 176, 1042
1, 7991, 119865176, 119866042, 176, 1042
1, 7992, 119880176, 119881042, 176, 1042
1, 7993, 119895176, 119896042, 176, 1042
1, 7994, 119910176, 119913823, 176, 3823
1, 7995, 119925176, 119926042, 176, 1042
1, 7996, 119940176, 119941042, 176, 1042
1, 7997, 119955176, 119956042, 176, 1042
1, 7998, 119970176, 119971042, 176, 1042
1, 7999, 119985176, 119986042, 176, 1042
1, 8, 120176, 121042, 176, 1042
1, 80, 1200176, 1202940, 176, 2940
1, 800, 12000176, 12002940, 176, 2940
1, 8000, 120000176, 120002940, 176, 2940
1, 8001, 120015176, 120016042, 176, 1042
1, 8002, 120030176, 120031042, 176, 1042
1, 8003, 120045176, 120046042, 176, 1042
1, 8004, 120060176, 120061042, 176, 1042
1, 8005, 120075176, 120076042, 176, 1042
1, 8006, 120090176, 120091042, 176, 1042
1, 8007, 120105176, 120106042, 176, 1042
1, 8008, 120120176, 120124295, 176, 4295
1, 8009, 120135176, 120136042, 176, 1042
1, 801, 12015176, 12016042, 176, 1042
1, 8010, 120150176, 120151042, 176, 1042
1, 8011, 120165176, 120166042, 176, 1042
1, 8012, 120180176, 120181042, 176, 1042
1, 8013, 120195176, 120196042, 176, 1042
1, 8014, 120210176, 120211042, 176, 1042
1, 8015, 120225176, 120226812, 176, 1812
1, 8016, 120240176, 120241042, 176, 1042
1, 8017, 120255176, 120256042, 176, 1042
1, 8018, 120270176, 120271042, 176, 1042
1, 8019, 120285176, 120286042, 176, 1042
1, 802, 12030176, 12031042, 176, 1042
1, 8020, 120300176, 120301042, 176, 1042
1, 8021, 120315176, 120316042, 176, 1042
1, 8022, 120330176, 120333823, 176, 3823
1, 8023, 120345176, 120346042, 176, 1042
1, 8024, 120360176, 120361042, 176, 1042
1, 8025, 120375176, 120376042, 176, 1042
1, 8026, 120390176, 120391042, 176, 1042
1, 8027, 120405176, 120418635, 176, 13635
1, 8028, 120420176, 120421042, 176, 1042
1, 8029, 120435176, 120436042, 176, 1042
1, 803, 12045176, 12047637, 176, 2637
1, 8030, 120450176, 120451042, 176, 1042
1, 8031, 120465176, 120466042, 176, 1042
1, 8032, 120480176, 120481042, 176, 1042
1, 8033, 120495176, 120496042, 176, 1042
1, 8034, 120510176, 120511042, 176, 1042
1, 8035, 120525176, 120526042, 176, 1042
1, 8036, 120540176, 120543823, 176, 3823
1, 8037, 120555176, 120556042, 176, 1042
1, 8038, 120570176, 120571042, 176, 1042
1, 8039, 120585176, 120586042, 176, 1042
1, 804, 12060176, 12061042, 176, 1042
1, 8040, 120600176, 120601042, 176, 1042
1, 8041, 120615176, 120616042, 176, 1042
1, 8042, 120630176, 120631042, 176, 1042
1, 8043, 120645176, 120647083, 176, 2083
1, 8044, 120660176, 120661042, 176, 1042
1, 8045, 120675176, 120676042, 176, 1042
1, 8046, 120690176, 120691042, 176, 1042
1, 8047, 120705176, 120706042, 176, 1042
1, 8048, 120720176, 120722750, 176, 2750
1, 8049, 120735176, 120736042, 176, 1042
1, 805, 12075176, 12076812, 176, 1812
1, 8050, 120750176, 120756954, 176, 6954
1, 8051, 120765176, 120766042, 176, 1042
1, 8052, 120780176, 120781042, 176, 1042
1, 8053, 120795176, 120796042, 176, 1042
1, 8054, 120810176, 120811042, 176, 1042
1, 8055, 120825176, 120826042, 176, 1042
1, 8056, 120840176, 120841042, 176, 1042
1, 8057, 120855176, 120856042, 176, 1042
1, 8058, 120870176, 120871042, 176, 1042
1, 8059, 120885176, 120886042, 176, 1042
1, 806, 12090176, 12091042, 176, 1042
1, 8060, 120900176, 120901042, 176, 1042
1, 8061, 120915176, 120916042, 176, 1042
1, 8062, 120930176, 120931042, 176, 1042
1, 8063, 120945176, 120946042, 176, 1042
1, 8064, 120960176, 120968487, 176, 8487
1, 8065, 120975176, 120976042, 176, 1042
1, 8066, 120990176, 120991042, 176, 1042
1, 8067, 121005176, 121006042, 176, 1042
1, 8068, 121020176, 121021042, 176, 1042
1, 8069, 121035176, 121037396, 176, 2396
1, 807, 12105176, 12106042, 176, 1042
1, 8070, 121050176, 121051042, 176, 1042
1, 8071, 121065176, 121066042, 176, 1042
1, 8072, 121080176, 121081042, 176, 1042
1, 8073, 121095176, 121096042, 176, 1042
1, 8074, 121110176, 121111042, 176, 1042
1, 8075, 121125176, 121127083, 176, 2083
1, 8076, 121140176, 121141042, 176, 1042
1, 8077, 121155176, 121156042, 176, 1042
1, 8078, 121170176, 121173823, 176, 3823
1, 8079, 121185176, 121186042, 176, 1042
1, 808, 12120176, 12121042, 176, 1042
1, 8080, 121200176, 121202940, 176, 2940
1, 8081, 121215176, 121216042, 176, 1042
1, 8082, 121230176, 121231042, 176, 1042
1, 8083, 121245176, 121247637, 176, 2637
1, 8084, 121260176, 121261042, 176, 1042
1, 8085, 121275176, 121276812, 176, 1812
1, 8086, 121290176, 121291042, 176, 1042
1, 8087, 121305176, 121306042, 176, 1042
1, 8088, 121320176, 121321042, 176, 1042
1, 8089, 121335176, 121336042, 176, 1042
1, 809, 12135176, 12136042, 176, 1042
1, 8090, 121350176, 121351042, 176, 1042
1, 8091, 121365176, 121366042, 176, 1042
1, 8092, 121380176, 121383823, 176, 3823
1, 8093, 121395176, 121396042, 176, 1042
1, 8094, 121410176, 121411042, 176, 1042
1, 8095, 121425176, 121426042, 176, 1042
1, 8096, 121440176, 121441042, 176, 1042
1, 8097, 121455176, 121456794, 176, 1794
1, 8098, 121470176, 121471042, 176, 1042
1, 8099, 121485176, 121486812, 176, 1812
1, 81, 1215176, 1216042, 176, 1042
1, 810, 12150176, 12151042, 176, 1042
1, 8100, 121500176, 121501042, 176, 1042
1, 8101, 121515176, 121516042, 176, 1042
1, 8102, 121530176, 121531042, 176, 1042
1, 8103, 121545176, 121546042, 176, 1042
1, 8104, 121560176, 121561042, 176, 1042
1, 8105, 121575176, 121576042, 176, 1042
1, 8106, 121590176, 121593823, 176, 3823
1, 8107, 121605176, 121606042, 176, 1042
1, 8108, 121620176, 121621042, 176, 1042
1, 8109, 121635176, 121636042, 176, 1042
1, 811, 12165176, 12166042, 176, 1042
1, 8110, 121650176, 121651042, 176, 1042
1, 8111, 121665176, 121666042, 176, 1042
1, 8112, 121680176, 121681042, 176, 1042
1, 8113, 121695176, 121696812, 176, 1812
1, 8114, 121710176, 121711042, 176, 1042
1, 8115, 121725176, 121726042, 176, 1042
1, 8116, 121740176, 121741042, 176, 1042
1, 8117, 121755176, 121756042, 176, 1042
1, 8118, 121770176, 121771042, 176, 1042
1, 8119, 121785176, 121786042, 176, 1042
1, 812, 12180176, 12183823, 176, 3823
1, 8120, 121800176, 121805410, 176, 5410
1, 8121, 121815176, 121816042, 176, 1042
1, 8122, 121830176, 121831042, 176, 1042
1, 8123, 121845176, 121846042, 176, 1042
1, 8124, 121860176, 121861042, 176, 1042
1, 8125, 121875176, 121876042, 176, 1042
1, 8126, 121890176, 121891042, 176, 1042
1, 8127, 121905176, 121906042, 176, 1042
1, 8128, 121920176, 121921042, 176, 1042
1, 8129, 121935176, 121936042, 176, 1042
1, 813, 12195176, 12196042, 176, 1042
1, 8130, 121950176, 121951042, 176, 1042
1, 8131, 121965176, 121966042, 176, 1042
1, 8132, 121980176, 121981042, 176, 1042
1, 8133, 121995176, 121996042, 176, 1042
1, 8134, 122010176, 122013823, 176, 3823
1, 8135, 122025176, 122026042, 176, 1042
1, 8136, 122040176, 122041042, 176, 1042
1, 8137, 122055176, 122056042, 176, 1042
1, 8138, 122070176, 122071042, 176, 1042
1, 8139, 122085176, 122096713, 176, 11713
1, 814, 12210176, 12211042, 176, 1042
1, 8140, 122100176, 122101042, 176, 1042
1, 8141, 122115176, 122116042, 176, 1042
1, 8142, 122130176, 122131042, 176, 1042
1, 8143, 122145176, 122146042, 176, 1042
1, 8144, 122160176, 122161042, 176, 1042
1, 8145, 122175176, 122176042, 176, 1042
1, 8146, 122190176, 122191042, 176, 1042
1, 8147, 122205176, 122206042, 176, 1042
1, 8148, 122220176, 122223823, 176, 3823
1, 8149, 122235176, 122236042, 176, 1042
1, 815, 12225176, 12226042, 176, 1042
1, 8150, 122250176, 122251042, 176, 1042
1, 8151, 122265176, 122266042, 176, 1042
1, 8152, 122280176, 122281042, 176, 1042
1, 8153, 122295176, 122296042, 176, 1042
1, 8154, 122310176, 122311042, 176, 1042
1, 8155, 122325176, 122327397, 176, 2397
1, 8156, 122340176, 122341042, 176, 1042
1, 8157, 122355176, 122356042, 176, 1042
1, 8158, 122370176, 122371042, 176, 1042
1, 8159, 122385176, 122386042, 176, 1042
1, 816, 12240176, 12241042, 176, 1042
1, 8160, 122400176, 122405452, 176, 5452
1, 8161, 122415176, 122416042, 176, 1042
1, 8162, 122430176, 122433823, 176, 3823
1, 8163, 122445176, 122446042, 176, 1042
1, 8164, 122460176, 122461042, 176, 1042
1, 8165, 122475176, 122476042, 176, 1042
1, 8166, 122490176, 122491042, 176, 1042
1, 8167, 122505176, 122506794, 176, 1794
1, 8168, 122520176, 122521042, 176, 1042
1, 8169, 122535176, 122536042, 176, 1042
1, 817, 12255176, 12257047, 176, 2047
1, 8170, 122550176, 122551042, 176, 1042
1, 8171, 122565176, 122566042, 176, 1042
1, 8172, 122580176, 122581042, 176, 1042
1, 8173, 122595176, 122596042, 176, 1042
1, 8174, 122610176, 122611042, 176, 1042
1, 8175, 122625176, 122626042, 176, 1042
1, 8176, 122640176, 122648487, 176, 8487
1, 8177, 122655176, 122656042, 176, 1042
1, 8178, 122670176, 122671042, 176, 1042
1, 8179, 122685176, 122686042, 176, 1042
1, 818, 12270176, 12271042, 176, 1042
1, 8180, 122700176, 122701042, 176, 1042
1, 8181, 122715176, 122716042, 176, 1042
1, 8182, 122730176, 122731042, 176, 1042
1, 8183, 122745176, 122746812, 176, 1812
1, 8184, 122760176, 122761042, 176, 1042
1, 8185, 122775176, 122776042, 176, 1042
1, 8186, 122790176, 122791042, 176, 1042
1, 8187, 122805176, 122806042, 176, 1042
1, 8188, 122820176, 122821042, 176, 1042
1, 8189, 122835176, 122836042, 176, 1042
1, 819, 12285176, 12286812, 176, 1812
1, 8190, 122850176, 122855258, 176, 5258
1, 8191, 122865176, 122866042, 176, 1042
1, 8192, 122880176, 122881042, 176, 1042
1, 8193, 122895176, 122896042, 176, 1042
1, 8194, 122910176, 122911042, 176, 1042
1, 8195, 122925176, 122928588, 176, 3588
1, 8196, 122940176, 122941042, 176, 1042
1, 8197, 122955176, 122956042, 176, 1042
1, 8198, 122970176, 122971042, 176, 1042
1, 8199, 122985176, 122986042, 176, 1042
1, 82, 1230176, 1231042, 176, 1042
1, 820, 12300176, 12301042, 176, 1042
1, 8200, 123000176, 123001042, 176, 1042
1, 8201, 123015176, 123016042, 176, 1042
1, 8202, 123030176, 123032128, 176, 2128
1, 8203, 123045176, 123046042, 176, 1042
1, 8204, 123060176, 123063823, 176, 3823
1, 8205, 123075176, 123076042, 176, 1042
1, 8206, 123090176, 123091042, 176, 1042
1, 8207, 123105176, 123106042, 176, 1042
1, 8208, 123120176, 123122940, 176, 2940
1, 8209, 123135176, 123136042, 176, 1042
1, 821, 12315176, 12316042, 176, 1042
1, 8210, 123150176, 123151042, 176, 1042
1, 8211, 123165176, 123166812, 176, 1812
1, 8212, 123180176, 123181042, 176, 1042
1, 8213, 123195176, 123196042, 176, 1042
1, 8214, 123210176, 123211042, 176, 1042
1, 8215, 123225176, 123226042, 176, 1042
1, 8216, 123240176, 123241042, 176, 1042
1, 8217, 123255176, 123256042, 176, 1042
1, 8218, 123270176, 123273823, 176, 3823
1, 8219, 123285176, 123286042, 176, 1042
1, 822, 12330176, 12331042, 176, 1042
1, 8220, 123300176, 123301042, 176, 1042
1, 8221, 123315176, 123316042, 176, 1042
1, 8222, 123330176, 123331042, 176, 1042
1, 8223, 123345176, 123346042, 176, 1042
1, 8224, 123360176, 123361042, 176, 1042
1, 8225, 123375176, 123376812, 176, 1812
1, 8226, 123390176, 123391042, 176, 1042
1, 8227, 123405176, 123406042, 176, 1042
1, 8228, 123420176, 123421042, 176, 1042
1, 8229, 123435176, 123436042, 176, 1042
1, 823, 12345176, 12346042, 176, 1042
1, 8230, 123450176, 123451042, 176, 1042
1, 8231, 123465176, 123466042, 176, 1042
1, 8232, 123480176, 123484295, 176, 4295
1, 8233, 123495176, 123496042, 176, 1042
1, 8234, 123510176, 123511042, 176, 1042
1, 8235, 123525176, 123526042, 176, 1042
1, 8236, 123540176, 123541042, 176, 1042
1, 8237, 123555176, 123556794, 176, 1794
1, 8238, 123570176, 123571042, 176, 1042
1, 8239, 123585176, 123586042, 176, 1042
1, 824, 12360176, 12361042, 176, 1042
1, 8240, 123600176, 123606737, 176, 6737
1, 8241, 123615176, 123616042, 176, 1042
1, 8242, 123630176, 123631042, 176, 1042
1, 8243, 123645176, 123646042, 176, 1042
1, 8244, 123660176, 123661042, 176, 1042
1, 8245, 123675176, 123676042, 176, 1042
1, 8246, 123690176, 123694295, 176, 4295
1, 8247, 123705176, 123706042, 176, 1042
1, 8248, 123720176, 123721042, 176, 1042
1, 8249, 123735176, 123736042, 176, 1042
1, 825, 12375176, 12376042, 176, 1042
1, 8250, 123750176, 123751042, 176, 1042
1, 8251, 123765176, 123769464, 176, 4464
1, 8252, 123780176, 123781042, 176, 1042
1, 8253, 123795176, 123796042, 176, 1042
1, 8254, 123810176, 123811042, 176, 1042
1, 8255, 123825176, 123826042, 176, 1042
1, 8256, 123840176, 123841042, 176, 1042
1, 8257, 123855176, 123856042, 176, 1042
1, 8258, 123870176, 123871042, 176, 1042
1, 8259, 123885176, 123886042, 176, 1042
1, 826, 12390176, 12393823, 176, 3823
1, 8260, 123900176, 123905258, 176, 5258
1, 8261, 123915176, 123916042, 176, 1042
1, 8262, 123930176, 123931042, 176, 1042
1, 8263, 123945176, 123946042, 176, 1042
1, 8264, 123960176, 123961042, 176, 1042
1, 8265, 123975176, 123976042, 176, 1042
1, 8266, 123990176, 123991042, 176, 1042
1, 8267, 124005176, 124007083, 176, 2083
1, 8268, 124020176, 124021042, 176, 1042
1, 8269, 124035176, 124036042, 176, 1042
1, 827, 12405176, 12406042, 176, 1042
1, 8270, 124050176, 124051042, 176, 1042
1, 8271, 124065176, 124066042, 176, 1042
1, 8272, 124080176, 124082940, 176, 2940
1, 8273, 124095176, 124096042, 176, 1042
1, 8274, 124110176, 124113823, 176, 3823
1, 8275, 124125176, 124126042, 176, 1042
1, 8276, 124140176, 124141042, 176, 1042
1, 8277, 124155176, 124156042, 176, 1042
1, 8278, 124170176, 124171042, 176, 1042
1, 8279, 124185176, 124186042, 176, 1042
1, 828, 12420176, 12421042, 176, 1042
1, 8280, 124200176, 124201042, 176, 1042
1, 8281, 124215176, 124216042, 176, 1042
1, 8282, 124230176, 124231042, 176, 1042
1, 8283, 124245176, 124246042, 176, 1042
1, 8284, 124260176, 124261042, 176, 1042
1, 8285, 124275176, 124276042, 176, 1042
1, 8286, 124290176, 124291042, 176, 1042
1, 8287, 124305176, 124306042, 176, 1042
1, 8288, 124320176, 124328487, 176, 8487
1, 8289, 124335176, 124336042, 176, 1042
1, 829, 12435176, 12436042, 176, 1042
1, 8290, 124350176, 124351042, 176, 1042
1, 8291, 124365176, 124366042, 176, 1042
1, 8292, 124380176, 124381042, 176, 1042
1, 8293, 124395176, 124396042, 176, 1042
1, 8294, 124410176, 124411042, 176, 1042
1, 8295, 124425176, 124426812, 176, 1812
1, 8296, 124440176, 124441042, 176, 1042
1, 8297, 124455176, 124456042, 176, 1042
1, 8298, 124470176, 124471042, 176, 1042
1, 8299, 124485176, 124486042, 176, 1042
1, 83, 1245176, 1246042, 176, 1042
1, 830, 12450176, 12451042, 176, 1042
1, 8300, 124500176, 124501042, 176, 1042
1, 8301, 124515176, 124516042, 176, 1042
1, 8302, 124530176, 124533823, 176, 3823
1, 8303, 124545176, 124546042, 176, 1042
1, 8304, 124560176, 124561042, 176, 1042
1, 8305, 124575176, 124576042, 176, 1042
1, 8306, 124590176, 124591042, 176, 1042
1, 8307, 124605176, 124608588, 176, 3588
1, 8308, 124620176, 124621042, 176, 1042
1, 8309, 124635176, 124636042, 176, 1042
1, 831, 12465176, 12466042, 176, 1042
1, 8310, 124650176, 124651042, 176, 1042
1, 8311, 124665176, 124666042, 176, 1042
1, 8312, 124680176, 124681042, 176, 1042
1, 8313, 124695176, 124696042, 176, 1042
1, 8314, 124710176, 124711042, 176, 1042
1, 8315, 124725176, 124726042, 176, 1042
1, 8316, 124740176, 124745282, 176, 5282
1, 8317, 124755176, 124756042, 176, 1042
1, 8318, 124770176, 124771042, 176, 1042
1, 8319, 124785176, 124786042, 176, 1042
1, 832, 12480176, 12481042, 176, 1042
1, 8320, 124800176, 124802940, 176, 2940
1, 8321, 124815176, 124816042, 176, 1042
1, 8322, 124830176, 124831042, 176, 1042
1, 8323, 124845176, 124846812, 176, 1812
1, 8324, 124860176, 124861042, 176, 1042
1, 8325, 124875176, 124876042, 176, 1042
1, 8326, 124890176, 124891042, 176, 1042
1, 8327, 124905176, 124906042, 176, 1042
1, 8328, 124920176, 124921042, 176, 1042
1, 8329, 124935176, 124936042, 176, 1042
1, 833, 12495176, 12496042, 176, 1042
1, 8330, 124950176, 124955258, 176, 5258
1, 8331, 124965176, 124966042, 176, 1042
1, 8332, 124980176, 124981042, 176, 1042
1, 8333, 124995176, 124996042, 176, 1042
1, 8334, 125010176, 125011042, 176, 1042
1, 8335, 125025176, 125028512, 176, 3512
1, 8336, 125040176, 125041042, 176, 1042
1, 8337, 125055176, 125056042, 176, 1042
1, 8338, 125070176, 125071042, 176, 1042
1, 8339, 125085176, 125086042, 176, 1042
1, 834, 12510176, 12511042, 176, 1042
1, 8340, 125100176, 125101042, 176, 1042
1, 8341, 125115176, 125116042, 176, 1042
1, 8342, 125130176, 125131042, 176, 1042
1, 8343, 125145176, 125146042, 176, 1042
1, 8344, 125160176, 125164295, 176, 4295
1, 8345, 125175176, 125176042, 176, 1042
1, 8346, 125190176, 125191042, 176, 1042
1, 8347, 125205176, 125206042, 176, 1042
1, 8348, 125220176, 125221042, 176, 1042
1, 8349, 125235176, 125236042, 176, 1042
1, 835, 12525176, 12526042, 176, 1042
1, 8350, 125250176, 125251042, 176, 1042
1, 8351, 125265176, 125266042, 176, 1042
1, 8352, 125280176, 125281042, 176, 1042
1, 8353, 125295176, 125296042, 176, 1042
1, 8354, 125310176, 125311042, 176, 1042
1, 8355, 125325176, 125326042, 176, 1042
1, 8356, 125340176, 125341042, 176, 1042
1, 8357, 125355176, 125356042, 176, 1042
1, 8358, 125370176, 125373823, 176, 3823
1, 8359, 125385176, 125386042, 176, 1042
1, 836, 12540176, 12541042, 176, 1042
1, 8360, 125400176, 125402940, 176, 2940
1, 8361, 125415176, 125416042, 176, 1042
1, 8362, 125430176, 125431042, 176, 1042
1, 8363, 125445176, 125449464, 176, 4464
1, 8364, 125460176, 125461042, 176, 1042
1, 8365, 125475176, 125476812, 176, 1812
1, 8366, 125490176, 125491042, 176, 1042
1, 8367, 125505176, 125506042, 176, 1042
1, 8368, 125520176, 125521042, 176, 1042
1, 8369, 125535176, 125536042, 176, 1042
1, 837, 12555176, 12556042, 176, 1042
1, 8370, 125550176, 125551042, 176, 1042
1, 8371, 125565176, 125566042, 176, 1042
1, 8372, 125580176, 125583823, 176, 3823
1, 8373, 125595176, 125596042, 176, 1042
1, 8374, 125610176, 125611042, 176, 1042
1, 8375, 125625176, 125626042, 176, 1042
1, 8376, 125640176, 125641042, 176, 1042
1, 8377, 125655176, 125656794, 176, 1794
1, 8378, 125670176, 125671042, 176, 1042
1, 8379, 125685176, 125687397, 176, 2397
1, 838, 12570176, 12571042, 176, 1042
1, 8380, 125700176, 125701042, 176, 1042
1, 8381, 125715176, 125716042, 176, 1042
1, 8382, 125730176, 125731042, 176, 1042
1, 8383, 125745176, 125746042, 176, 1042
1, 8384, 125760176, 125762750, 176, 2750
1, 8385, 125775176, 125776042, 176, 1042
1, 8386, 125790176, 125793823, 176, 3823
1, 8387, 125805176, 125806042, 176, 1042
1, 8388, 125820176, 125821042, 176, 1042
1, 8389, 125835176, 125836042, 176, 1042
1, 839, 12585176, 12586042, 176, 1042
1, 8390, 125850176, 125851042, 176, 1042
1, 8391, 125865176, 125866042, 176, 1042
1, 8392, 125880176, 125881042, 176, 1042
1, 8393, 125895176, 125896042, 176, 1042
1, 8394, 125910176, 125911042, 176, 1042
1, 8395, 125925176, 125926042, 176, 1042
1, 8396, 125940176, 125941042, 176, 1042
1, 8397, 125955176, 125956042, 176, 1042
1, 8398, 125970176, 125971042, 176, 1042
1, 8399, 125985176, 125986042, 176, 1042
1, 84, 1260176, 1263823, 176, 3823
1, 840, 12600176, 12605410, 176, 5410
1, 8400, 126000176, 126008487, 176, 8487
1, 8401, 126015176, 126016042, 176, 1042
1, 8402, 126030176, 126031042, 176, 1042
1, 8403, 126045176, 126046042, 176, 1042
1, 8404, 126060176, 126061042, 176, 1042
1, 8405, 126075176, 126077163, 176, 2163
1, 8406, 126090176, 126091042, 176, 1042
1, 8407, 126105176, 126106042, 176, 1042
1, 8408, 126120176, 126121042, 176, 1042
1, 8409, 126135176, 126136042, 176, 1042
1, 841, 12615176, 12616042, 176, 1042
1, 8410, 126150176, 126151042, 176, 1042
1, 8411, 126165176, 126166042, 176, 1042
1, 8412, 126180176, 126181042, 176, 1042
1, 8413, 126195176, 126196042, 176, 1042
1, 8414, 126210176, 126213823, 176, 3823
1, 8415, 126225176, 126226042, 176, 1042
1, 8416, 126240176, 126241042, 176, 1042
1, 8417, 126255176, 126256042, 176, 1042
1, 8418, 126270176, 126271042, 176, 1042
1, 8419, 126285176, 126287637, 176, 2637
1, 842, 12630176, 12631042, 176, 1042
1, 8420, 126300176, 126301042, 176, 1042
1, 8421, 126315176, 126316042, 176, 1042
1, 8422, 126330176, 126331042, 176, 1042
1, 8423, 126345176, 126346042, 176, 1042
1, 8424, 126360176, 126361042, 176, 1042
1, 8425, 126375176, 126376042, 176, 1042
1, 8426, 126390176, 126391042, 176, 1042
1, 8427, 126405176, 126406042, 176, 1042
1, 8428, 126420176, 126423823, 176, 3823
1, 8429, 126435176, 126436042, 176, 1042
1, 843, 12645176, 12646042, 176, 1042
1, 8430, 126450176, 126451042, 176, 1042
1, 8431, 126465176, 126466042, 176, 1042
1, 8432, 126480176, 126481042, 176, 1042
1, 8433, 126495176, 126496042, 176, 1042
1, 8434, 126510176, 126511042, 176, 1042
1, 8435, 126525176, 126527397, 176, 2397
1, 8436, 126540176, 126541042, 176, 1042
1, 8437, 126555176, 126556042, 176, 1042
1, 8438, 126570176, 126571042, 176, 1042
1, 8439, 126585176, 126586042, 176, 1042
1, 844, 12660176, 12661042, 176, 1042
1, 8440, 126600176, 126602750, 176, 2750
1, 8441, 126615176, 126616042, 176, 1042
1, 8442, 126630176, 126633823, 176, 3823
1, 8443, 126645176, 126646042, 176, 1042
1, 8444, 126660176, 126661042, 176, 1042
1, 8445, 126675176, 126676042, 176, 1042
1, 8446, 126690176, 126691042, 176, 1042
1, 8447, 126705176, 126706794, 176, 1794
1, 8448, 126720176, 126721042, 176, 1042
1, 8449, 126735176, 126736812, 176, 1812
1, 845, 12675176, 12676042, 176, 1042
1, 8450, 126750176, 126751042, 176, 1042
1, 8451, 126765176, 126766042, 176, 1042
1, 8452, 126780176, 126781042, 176, 1042
1, 8453, 126795176, 126796042, 176, 1042
1, 8454, 126810176, 126811042, 176, 1042
1, 8455, 126825176, 126826042, 176, 1042
1, 8456, 126840176, 126844295, 176, 4295
1, 8457, 126855176, 126856042, 176, 1042
1, 8458, 126870176, 126871042, 176, 1042
1, 8459, 126885176, 126886042, 176, 1042
1, 846, 12690176, 12691042, 176, 1042
1, 8460, 126900176, 126901042, 176, 1042
1, 8461, 126915176, 126916042, 176, 1042
1, 8462, 126930176, 126931042, 176, 1042
1, 8463, 126945176, 126946042, 176, 1042
1, 8464, 126960176, 126961042, 176, 1042
1, 8465, 126975176, 126976042, 176, 1042
1, 8466, 126990176, 126991042, 176, 1042
1, 8467, 127005176, 127006042, 176, 1042
1, 8468, 127020176, 127021042, 176, 1042
1, 8469, 127035176, 127036042, 176, 1042
1, 847, 12705176, 12706042, 176, 1042
1, 8470, 127050176, 127055258, 176, 5258
1, 8471, 127065176, 127066042, 176, 1042
1, 8472, 127080176, 127081042, 176, 1042
1, 8473, 127095176, 127096042, 176, 1042
1, 8474, 127110176, 127111042, 176, 1042
1, 8475, 127125176, 127130113, 176, 5113
1, 8476, 127140176, 127141042, 176, 1042
1, 8477, 127155176, 127156042, 176, 1042
1, 8478, 127170176, 127171042, 176, 1042
1, 8479, 127185176, 127186042, 176, 1042
1, 848, 12720176, 12721042, 176, 1042
1, 8480, 127200176, 127202940, 176, 2940
1, 8481, 127215176, 127216042, 176, 1042
1, 8482, 127230176, 127231042, 176, 1042
1, 8483, 127245176, 127246042, 176, 1042
1, 8484, 127260176, 127263823, 176, 3823
1, 8485, 127275176, 127276042, 176, 1042
1, 8486, 127290176, 127291042, 176, 1042
1, 8487, 127305176, 127306042, 176, 1042
1, 8488, 127320176, 127321042, 176, 1042
1, 8489, 127335176, 127336042, 176, 1042
1, 849, 12735176, 12736042, 176, 1042
1, 8490, 127350176, 127351042, 176, 1042
1, 8491, 127365176, 127367083, 176, 2083
1, 8492, 127380176, 127381042, 176, 1042
1, 8493, 127395176, 127396042, 176, 1042
1, 8494, 127410176, 127411042, 176, 1042
1, 8495, 127425176, 127426042, 176, 1042
1, 8496, 127440176, 127442750, 176, 2750
1, 8497, 127455176, 127456042, 176, 1042
1, 8498, 127470176, 127473823, 176, 3823
1, 8499, 127485176, 127486042, 176, 1042
1, 85, 1275176, 1276042, 176, 1042
1, 850, 12750176, 12751042, 176, 1042
1, 8500, 127500176, 127501042, 176, 1042
1, 8501, 127515176, 127516042, 176, 1042
1, 8502, 127530176, 127531042, 176, 1042
1, 8503, 127545176, 127546042, 176, 1042
1, 8504, 127560176, 127561042, 176, 1042
1, 8505, 127575176, 127576812, 176, 1812
1, 8506, 127590176, 127591042, 176, 1042
1, 8507, 127605176, 127606042, 176, 1042
1, 8508, 127620176, 127621042, 176, 1042
1, 8509, 127635176, 127636042, 176, 1042
1, 851, 12765176, 12766042, 176, 1042
1, 8510, 127650176, 127651042, 176, 1042
1, 8511, 127665176, 127666042, 176, 1042
1, 8512, 127680176, 127689576, 176, 9576
1, 8513, 127695176, 127696042, 176, 1042
1, 8514, 127710176, 127711042, 176, 1042
1, 8515, 127725176, 127726042, 176, 1042
1, 8516, 127740176, 127741042, 176, 1042
1, 8517, 127755176, 127756794, 176, 1794
1, 8518, 127770176, 127771042, 176, 1042
1, 8519, 127785176, 127786042, 176, 1042
1, 852, 12780176, 12781042, 176, 1042
1, 8520, 127800176, 127801042, 176, 1042
1, 8521, 127815176, 127816042, 176, 1042
1, 8522, 127830176, 127831042, 176, 1042
1, 8523, 127845176, 127846042, 176, 1042
1, 8524, 127860176, 127861042, 176, 1042
1, 8525, 127875176, 127876042, 176, 1042
1, 8526, 127890176, 127893823, 176, 3823
1, 8527, 127905176, 127906042, 176, 1042
1, 8528, 127920176, 127921042, 176, 1042
1, 8529, 127935176, 127936042, 176, 1042
1, 853, 12795176, 12796042, 176, 1042
1, 8530, 127950176, 127951042, 176, 1042
1, 8531, 127965176, 127969558, 176, 4558
1, 8532, 127980176, 127981042, 176, 1042
1, 8533, 127995176, 127996042, 176, 1042
1, 8534, 128010176, 128011042, 176, 1042
1, 8535, 128025176, 128026042, 176, 1042
1, 8536, 128040176, 128041042, 176, 1042
1, 8537, 128055176, 128056042, 176, 1042
1, 8538, 128070176, 128071042, 176, 1042
1, 8539, 128085176, 128086042, 176, 1042
1, 854, 12810176, 12813823, 176, 3823
1, 8540, 128100176, 128105258, 176, 5258
1, 8541, 128115176, 128116042, 176, 1042
1, 8542, 128130176, 128131042, 176, 1042
1, 8543, 128145176, 128146042, 176, 1042
1, 8544, 128160176, 128162940, 176, 2940
1, 8545, 128175176, 128176042, 176, 1042
1, 8546, 128190176, 128191042, 176, 1042
1, 8547, 128205176, 128206812, 176, 1812
1, 8548, 128220176, 128221042, 176, 1042
1, 8549, 128235176, 128236042, 176, 1042
1, 855, 12825176, 12826042, 176, 1042
1, 8550, 128250176, 128251042, 176, 1042
1, 8551, 128265176, 128266042, 176, 1042
1, 8552, 128280176, 128281042, 176, 1042
1, 8553, 128295176, 128296042, 176, 1042
1, 8554, 128310176, 128313823, 176, 3823
1, 8555, 128325176, 128326042, 176, 1042
1, 8556, 128340176, 128341042, 176, 1042
1, 8557, 128355176, 128356042, 176, 1042
1, 8558, 128370176, 128371042, 176, 1042
1, 8559, 128385176, 128386042, 176, 1042
1, 856, 12840176, 12841042, 176, 1042
1, 8560, 128400176, 128402940, 176, 2940
1, 8561, 128415176, 128416042, 176, 1042
1, 8562, 128430176, 128431042, 176, 1042
1, 8563, 128445176, 128446042, 176, 1042
1, 8564, 128460176, 128461042, 176, 1042
1, 8565, 128475176, 128476042, 176, 1042
1, 8566, 128490176, 128491042, 176, 1042
1, 8567, 128505176, 128506042, 176, 1042
1, 8568, 128520176, 128524295, 176, 4295
1, 8569, 128535176, 128536042, 176, 1042
1, 857, 12855176, 12856042, 176, 1042
1, 8570, 128550176, 128551042, 176, 1042
1, 8571, 128565176, 128566042, 176, 1042
1, 8572, 128580176, 128581042, 176, 1042
1, 8573, 128595176, 128596042, 176, 1042
1, 8574, 128610176, 128611042, 176, 1042
1, 8575, 128625176, 128626812, 176, 1812
1, 8576, 128640176, 128641042, 176, 1042
1, 8577, 128655176, 128656042, 176, 1042
1, 8578, 128670176, 128671042, 176, 1042
1, 8579, 128685176, 128686042, 176, 1042
1, 858, 12870176, 12871042, 176, 1042
1, 8580, 128700176, 128701042, 176, 1042
1, 8581, 128715176, 128716042, 176, 1042
1, 8582, 128730176, 128735282, 176, 5282
1, 8583, 128745176, 128746042, 176, 1042
1, 8584, 128760176, 128761042, 176, 1042
1, 8585, 128775176, 128776042, 176, 1042
1, 8586, 128790176, 128791042, 176, 1042
1, 8587, 128805176, 128818635, 176, 13635
1, 8588, 128820176, 128821042, 176, 1042
1, 8589, 128835176, 128836042, 176, 1042
1, 859, 12885176, 12889464, 176, 4464
1, 8590, 128850176, 128851042, 176, 1042
1, 8591, 128865176, 128866042, 176, 1042
1, 8592, 128880176, 128881042, 176, 1042
1, 8593, 128895176, 128896042, 176, 1042
1, 8594, 128910176, 128911042, 176, 1042
1, 8595, 128925176, 128926042, 176, 1042
1, 8596, 128940176, 128943823, 176, 3823
1, 8597, 128955176, 128956042, 176, 1042
1, 8598, 128970176, 128971042, 176, 1042
1, 8599, 128985176, 128986042, 176, 1042
1, 86, 1290176, 1291042, 176, 1042
1, 860, 12900176, 12901042, 176, 1042
1, 8600, 129000176, 129001042, 176, 1042
1, 8601, 129015176, 129017396, 176, 2396
1, 8602, 129030176, 129031042, 176, 1042
1, 8603, 129045176, 129047083, 176, 2083
1, 8604, 129060176, 129061042, 176, 1042
1, 8605, 129075176, 129076042, 176, 1042
1, 8606, 129090176, 129091042, 176, 1042
1, 8607, 129105176, 129106042, 176, 1042
1, 8608, 129120176, 129122750, 176, 2750
1, 8609, 129135176, 129136042, 176, 1042
1, 861, 12915176, 12916042, 176, 1042
1, 8610, 129150176, 129155258, 176, 5258
1, 8611, 129165176, 129166042, 176, 1042
1, 8612, 129180176, 129181042, 176, 1042
1, 8613, 129195176, 129196042, 176, 1042
1, 8614, 129210176, 129211042, 176, 1042
1, 8615, 129225176, 129226042, 176, 1042
1, 8616, 129240176, 129241042, 176, 1042
1, 8617, 129255176, 129256042, 176, 1042
1, 8618, 129270176, 129271042, 176, 1042
1, 8619, 129285176, 129286042, 176, 1042
1, 862, 12930176, 12931042, 176, 1042
1, 8620, 129300176, 129301042, 176, 1042
1, 8621, 129315176, 129316042, 176, 1042
1, 8622, 129330176, 129331042, 176, 1042
1, 8623, 129345176, 129346042, 176, 1042
1, 8624, 129360176, 129368487, 176, 8487
1, 8625, 129375176, 129376042, 176, 1042
1, 8626, 129390176, 129391042, 176, 1042
1, 8627, 129405176, 129406042, 176, 1042
1, 8628, 129420176, 129421042, 176, 1042
1, 8629, 129435176, 129436042, 176, 1042
1, 863, 12945176, 12946042, 176, 1042
1, 8630, 129450176, 129451042, 176, 1042
1, 8631, 129465176, 129466042, 176, 1042
1, 8632, 129480176, 129481042, 176, 1042
1, 8633, 129495176, 129496042, 176, 1042
1, 8634, 129510176, 129511042, 176, 1042
1, 8635, 129525176, 129526042, 176, 1042
1, 8636, 129540176, 129541042, 176, 1042
1, 8637, 129555176, 129556042, 176, 1042
1, 8638, 129570176, 129573823, 176, 3823
1, 8639, 129585176, 129586042, 176, 1042
1, 864, 12960176, 12961042, 176, 1042
1, 8640, 129600176, 129602940, 176, 2940
1, 8641, 129615176, 129616042, 176, 1042
1, 8642, 129630176, 129631042, 176, 1042
1, 8643, 129645176, 129647637, 176, 2637
1, 8644, 129660176, 129661042, 176, 1042
1, 8645, 129675176, 129677397, 176, 2397
1, 8646, 129690176, 129691042, 176, 1042
1, 8647, 129705176, 129706042, 176, 1042
1, 8648, 129720176, 129721042, 176, 1042
1, 8649, 129735176, 129736042, 176, 1042
1, 865, 12975176, 12976042, 176, 1042
1, 8650, 129750176, 129751042, 176, 1042
1, 8651, 129765176, 129766042, 176, 1042
1, 8652, 129780176, 129783823, 176, 3823
1, 8653, 129795176, 129796042, 176, 1042
1, 8654, 129810176, 129811042, 176, 1042
1, 8655, 129825176, 129826042, 176, 1042
1, 8656, 129840176, 129841042, 176, 1042
1, 8657, 129855176, 129856794, 176, 1794
1, 8658, 129870176, 129871042, 176, 1042
1, 8659, 129885176, 129886812, 176, 1812
1, 866, 12990176, 12991042, 176, 1042
1, 8660, 129900176, 129901042, 176, 1042
1, 8661, 129915176, 129916042, 176, 1042
1, 8662, 129930176, 129931042, 176, 1042
1, 8663, 129945176, 129946042, 176, 1042
1, 8664, 129960176, 129962750, 176, 2750
1, 8665, 129975176, 129976042, 176, 1042
1, 8666, 129990176, 129993823, 176, 3823
1, 8667, 130005176, 130006042, 176, 1042
1, 8668, 130020176, 130021042, 176, 1042
1, 8669, 130035176, 130036042, 176, 1042
1, 867, 13005176, 13006042, 176, 1042
1, 8670, 130050176, 130051042, 176, 1042
1, 8671, 130065176, 130066340, 176, 1340
1, 8672, 130080176, 130081042, 176, 1042
1, 8673, 130095176, 130096042, 176, 1042
1, 8674, 130110176, 130111042, 176, 1042
1, 8675, 130125176, 130126042, 176, 1042
1, 8676, 130140176, 130141042, 176, 1042
1, 8677, 130155176, 130156042, 176, 1042
1, 8678, 130170176, 130171042, 176, 1042
1, 8679, 130185176, 130186042, 176, 1042
1, 868, 13020176, 13025282, 176, 5282
1, 8680, 130200176, 130205410, 176, 5410
1, 8681, 130215176, 130216042, 176, 1042
1, 8682, 130230176, 130231042, 176, 1042
1, 8683, 130245176, 130246042, 176, 1042
1, 8684, 130260176, 130261042, 176, 1042
1, 8685, 130275176, 130276042, 176, 1042
1, 8686, 130290176, 130291042, 176, 1042
1, 8687, 130305176, 130306042, 176, 1042
1, 8688, 130320176, 130321042, 176, 1042
1, 8689, 130335176, 130336042, 176, 1042
1, 869, 13035176, 13036042, 176, 1042
1, 8690, 130350176, 130351042, 176, 1042
1, 8691, 130365176, 130366042, 176, 1042
1, 8692, 130380176, 130381042, 176, 1042
1, 8693, 130395176, 130396042, 176, 1042
1, 8694, 130410176, 130413823, 176, 3823
1, 8695, 130425176, 130426042, 176, 1042
1, 8696, 130440176, 130441042, 176, 1042
1, 8697, 130455176, 130456042, 176, 1042
1, 8698, 130470176, 130471042, 176, 1042
1, 8699, 130485176, 130489464, 176, 4464
1, 87, 1305176, 1306042, 176, 1042
1, 870, 13050176, 13051042, 176, 1042
1, 8700, 130500176, 130501042, 176, 1042
1, 8701, 130515176, 130516042, 176, 1042
1, 8702, 130530176, 130531042, 176, 1042
1, 8703, 130545176, 130546042, 176, 1042
1, 8704, 130560176, 130561042, 176, 1042
1, 8705, 130575176, 130576042, 176, 1042
1, 8706, 130590176, 130591042, 176, 1042
1, 8707, 130605176, 130606042, 176, 1042
1, 8708, 130620176, 130623823, 176, 3823
1, 8709, 130635176, 130636042, 176, 1042
1, 871, 13065176, 13066042, 176, 1042
1, 8710, 130650176, 130651042, 176, 1042
1, 8711, 130665176, 130666042, 176, 1042
1, 8712, 130680176, 130681042, 176, 1042
1, 8713, 130695176, 130696042, 176, 1042
1, 8714, 130710176, 130711042, 176, 1042
1, 8715, 130725176, 130727715, 176, 2715
1, 8716, 130740176, 130741042, 176, 1042
1, 8717, 130755176, 130756042, 176, 1042
1, 8718, 130770176, 130771042, 176, 1042
1, 8719, 130785176, 130786042, 176, 1042
1, 872, 13080176, 13081042, 176, 1042
1, 8720, 130800176, 130805452, 176, 5452
1, 8721, 130815176, 130816042, 176, 1042
1, 8722, 130830176, 130833823, 176, 3823
1, 8723, 130845176, 130846042, 176, 1042
1, 8724, 130860176, 130861042, 176, 1042
1, 8725, 130875176, 130876042, 176, 1042
1, 8726, 130890176, 130891042, 176, 1042
1, 8727, 130905176, 130906794, 176, 1794
1, 8728, 130920176, 130921042, 176, 1042
1, 8729, 130935176, 130936042, 176, 1042
1, 873, 13095176, 13096042, 176, 1042
1, 8730, 130950176, 130951042, 176, 1042
1, 8731, 130965176, 130966042, 176, 1042
1, 8732, 130980176, 130981042, 176, 1042
1, 8733, 130995176, 130996042, 176, 1042
1, 8734, 131010176, 131011042, 176, 1042
1, 8735, 131025176, 131026042, 176, 1042
1, 8736, 131040176, 131048487, 176, 8487
1, 8737, 131055176, 131056042, 176, 1042
1, 8738, 131070176, 131071042, 176, 1042
1, 8739, 131085176, 131086042, 176, 1042
1, 874, 13110176, 13111042, 176, 1042
1, 8740, 131100176, 131101042, 176, 1042
1, 8741, 131115176, 131116042, 176, 1042
1, 8742, 131130176, 131131042, 176, 1042
1, 8743, 131145176, 131146042, 176, 1042
1, 8744, 131160176, 131161042, 176, 1042
1, 8745, 131175176, 131176042, 176, 1042
1, 8746, 131190176, 131191042, 176, 1042
1, 8747, 131205176, 131206042, 176, 1042
1, 8748, 131220176, 131221042, 176, 1042
1, 8749, 131235176, 131236042, 176, 1042
1, 875, 13125176, 13127397, 176, 2397
1, 8750, 131250176, 131255258, 176, 5258
1, 8751, 131265176, 131266042, 176, 1042
1, 8752, 131280176, 131281042, 176, 1042
1, 8753, 131295176, 131296042, 176, 1042
1, 8754, 131310176, 131311042, 176, 1042
1, 8755, 131325176, 131328588, 176, 3588
1, 8756, 131340176, 131341042, 176, 1042
1, 8757, 131355176, 131356042, 176, 1042
1, 8758, 131370176, 131371042, 176, 1042
1, 8759, 131385176, 131386042, 176, 1042
1, 876, 13140176, 13141042, 176, 1042
1, 8760, 131400176, 131401042, 176, 1042
1, 8761, 131415176, 131416042, 176, 1042
1, 8762, 131430176, 131431042, 176, 1042
1, 8763, 131445176, 131446042, 176, 1042
1, 8764, 131460176, 131463823, 176, 3823
1, 8765, 131475176, 131476042, 176, 1042
1, 8766, 131490176, 131491042, 176, 1042
1, 8767, 131505176, 131506042, 176, 1042
1, 8768, 131520176, 131521042, 176, 1042
1, 8769, 131535176, 131536042, 176, 1042
1, 877, 13155176, 13156042, 176, 1042
1, 8770, 131550176, 131551042, 176, 1042
1, 8771, 131565176, 131566812, 176, 1812
1, 8772, 131580176, 131581042, 176, 1042
1, 8773, 131595176, 131596042, 176, 1042
1, 8774, 131610176, 131611042, 176, 1042
1, 8775, 131625176, 131626042, 176, 1042
1, 8776, 131640176, 131641042, 176, 1042
1, 8777, 131655176, 131656042, 176, 1042
1, 8778, 131670176, 131674295, 176, 4295
1, 8779, 131685176, 131686042, 176, 1042
1, 878, 13170176, 13171042, 176, 1042
1, 8780, 131700176, 131701042, 176, 1042
1, 8781, 131715176, 131716042, 176, 1042
1, 8782, 131730176, 131731042, 176, 1042
1, 8783, 131745176, 131746042, 176, 1042
1, 8784, 131760176, 131761042, 176, 1042
1, 8785, 131775176, 131776812, 176, 1812
1, 8786, 131790176, 131791042, 176, 1042
1, 8787, 131805176, 131806042, 176, 1042
1, 8788, 131820176, 131821042, 176, 1042
1, 8789, 131835176, 131836042, 176, 1042
1, 879, 13185176, 13186042, 176, 1042
1, 8790, 131850176, 131851042, 176, 1042
1, 8791, 131865176, 131866042, 176, 1042
1, 8792, 131880176, 131884295, 176, 4295
1, 8793, 131895176, 131896042, 176, 1042
1, 8794, 131910176, 131911042, 176, 1042
1, 8795, 131925176, 131926042, 176, 1042
1, 8796, 131940176, 131941042, 176, 1042
1, 8797, 131955176, 131957047, 176, 2047
1, 8798, 131970176, 131971042, 176, 1042
1, 8799, 131985176, 131986042, 176, 1042
1, 88, 1320176, 1321042, 176, 1042
1, 880, 13200176, 13205452, 176, 5452
1, 8800, 132000176, 132002940, 176, 2940
1, 8801, 132015176, 132016042, 176, 1042
1, 8802, 132030176, 132031042, 176, 1042
1, 8803, 132045176, 132046042, 176, 1042
1, 8804, 132060176, 132061042, 176, 1042
1, 8805, 132075176, 132076042, 176, 1042
1, 8806, 132090176, 132093823, 176, 3823
1, 8807, 132105176, 132106042, 176, 1042
1, 8808, 132120176, 132121042, 176, 1042
1, 8809, 132135176, 132136042, 176, 1042
1, 881, 13215176, 13216042, 176, 1042
1, 8810, 132150176, 132151042, 176, 1042
1, 8811, 132165176, 132169464, 176, 4464
1, 8812, 132180176, 132181042, 176, 1042
1, 8813, 132195176, 132196042, 176, 1042
1, 8814, 132210176, 132211042, 176, 1042
1, 8815, 132225176, 132226042, 176, 1042
1, 8816, 132240176, 132242940, 176, 2940
1, 8817, 132255176, 132256042, 176, 1042
1, 8818, 132270176, 132271042, 176, 1042
1, 8819, 132285176, 132286042, 176, 1042
1, 882, 13230176, 13233823, 176, 3823
1, 8820, 132300176, 132305258, 176, 5258
1, 8821, 132315176, 132316042, 176, 1042
1, 8822, 132330176, 132331042, 176, 1042
1, 8823, 132345176, 132346042, 176, 1042
1, 8824, 132360176, 132361042, 176, 1042
1, 8825, 132375176, 132376042, 176, 1042
1, 8826, 132390176, 132391042, 176, 1042
1, 8827, 132405176, 132407083, 176, 2083
1, 8828, 132420176, 132421042, 176, 1042
1, 8829, 132435176, 132436042, 176, 1042
1, 883, 13245176, 13246042, 176, 1042
1, 8830, 132450176, 132451042, 176, 1042
1, 8831, 132465176, 132466042, 176, 1042
1, 8832, 132480176, 132482493, 176, 2493
1, 8833, 132495176, 132496042, 176, 1042
1, 8834, 132510176, 132513823, 176, 3823
1, 8835, 132525176, 132526042, 176, 1042
1, 8836, 132540176, 132541042, 176, 1042
1, 8837, 132555176, 132556042, 176, 1042
1, 8838, 132570176, 132571042, 176, 1042
1, 8839, 132585176, 132586042, 176, 1042
1, 884, 13260176, 13261042, 176, 1042
1, 8840, 132600176, 132601042, 176, 1042
1, 8841, 132615176, 132616042, 176, 1042
1, 8842, 132630176, 132631042, 176, 1042
1, 8843, 132645176, 132646042, 176, 1042
1, 8844, 132660176, 132661042, 176, 1042
1, 8845, 132675176, 132676042, 176, 1042
1, 8846, 132690176, 132691042, 176, 1042
1, 8847, 132705176, 132706042, 176, 1042
1, 8848, 132720176, 132728487, 176, 8487
1, 8849, 132735176, 132736042, 176, 1042
1, 885, 13275176, 13276042, 176, 1042
1, 8850, 132750176, 132751042, 176, 1042
1, 8851, 132765176, 132766042, 176, 1042
1, 8852, 132780176, 132781042, 176, 1042
1, 8853, 132795176, 132796042, 176, 1042
1, 8854, 132810176, 132811042, 176, 1042
1, 8855, 132825176, 132826812, 176, 1812
1, 8856, 132840176, 132841042, 176, 1042
1, 8857, 132855176, 132856042, 176, 1042
1, 8858, 132870176, 132871042, 176, 1042
1, 8859, 132885176, 132886042, 176, 1042
1, 886, 13290176, 13291042, 176, 1042
1, 8860, 132900176, 132901042, 176, 1042
1, 8861, 132915176, 132916042, 176, 1042
1, 8862, 132930176, 132933823, 176, 3823
1, 8863, 132945176, 132946042, 176, 1042
1, 8864, 132960176, 132961042, 176, 1042
1, 8865, 132975176, 132976042, 176, 1042
1, 8866, 132990176, 132991042, 176, 1042
1, 8867, 133005176, 133019820, 176, 14820
1, 8868, 133020176, 133021042, 176, 1042
1, 8869, 133035176, 133036042, 176, 1042
1, 887, 13305176, 13308169, 176, 3169
1, 8870, 133050176, 133051042, 176, 1042
1, 8871, 133065176, 133066042, 176, 1042
1, 8872, 133080176, 133081042, 176, 1042
1, 8873, 133095176, 133096042, 176, 1042
1, 8874, 133110176, 133111042, 176, 1042
1, 8875, 133125176, 133126042, 176, 1042
1, 8876, 133140176, 133143823, 176, 3823
1, 8877, 133155176, 133156042, 176, 1042
1, 8878, 133170176, 133171042, 176, 1042
1, 8879, 133185176, 133186042, 176, 1042
1, 888, 13320176, 13321042, 176, 1042
1, 8880, 133200176, 133202940, 176, 2940
1, 8881, 133215176, 133216042, 176, 1042
1, 8882, 133230176, 133231042, 176, 1042
1, 8883, 133245176, 133246812, 176, 1812
1, 8884, 133260176, 133261042, 176, 1042
1, 8885, 133275176, 133276042, 176, 1042
1, 8886, 133290176, 133291042, 176, 1042
1, 8887, 133305176, 133306042, 176, 1042
1, 8888, 133320176, 133321042, 176, 1042
1, 8889, 133335176, 133336042, 176, 1042
1, 889, 13335176, 13336042, 176, 1042
1, 8890, 133350176, 133355258, 176, 5258
1, 8891, 133365176, 133366042, 176, 1042
1, 8892, 133380176, 133381042, 176, 1042
1, 8893, 133395176, 133396042, 176, 1042
1, 8894, 133410176, 133411042, 176, 1042
1, 8895, 133425176, 133426042, 176, 1042
1, 8896, 133440176, 133441042, 176, 1042
1, 8897, 133455176, 133456042, 176, 1042
1, 8898, 133470176, 133471042, 176, 1042
1, 8899, 133485176, 133486042, 176, 1042
1, 89, 1335176, 1337396, 176, 2396
1, 890, 13350176, 13351042, 176, 1042
1, 8900, 133500176, 133501042, 176, 1042
1, 8901, 133515176, 133516042, 176, 1042
1, 8902, 133530176, 133531042, 176, 1042
1, 8903, 133545176, 133546042, 176, 1042
1, 8904, 133560176, 133564295, 176, 4295
1, 8905, 133575176, 133576042, 176, 1042
1, 8906, 133590176, 133591042, 176, 1042
1, 8907, 133605176, 133606042, 176, 1042
1, 8908, 133620176, 133621042, 176, 1042
1, 8909, 133635176, 133636042, 176, 1042
1, 891, 13365176, 13366042, 176, 1042
1, 8910, 133650176, 133651042, 176, 1042
1, 8911, 133665176, 133666812, 176, 1812
1, 8912, 133680176, 133681042, 176, 1042
1, 8913, 133695176, 133696042, 176, 1042
1, 8914, 133710176, 133711042, 176, 1042
1, 8915, 133725176, 133726042, 176, 1042
1, 8916, 133740176, 133741042, 176, 1042
1, 8917, 133755176, 133756042, 176, 1042
1, 8918, 133770176, 133773823, 176, 3823
1, 8919, 133785176, 133786042, 176, 1042
1, 892, 13380176, 13381042, 176, 1042
1, 8920, 133800176, 133801042, 176, 1042
1, 8921, 133815176, 133816042, 176, 1042
1, 8922, 133830176, 133831042, 176, 1042
1, 8923, 133845176, 133849464, 176, 4464
1, 8924, 133860176, 133861042, 176, 1042
1, 8925, 133875176, 133876812, 176, 1812
1, 8926, 133890176, 133891042, 176, 1042
1, 8927, 133905176, 133906042, 176, 1042
1, 8928, 133920176, 133921042, 176, 1042
1, 8929, 133935176, 133936042, 176, 1042
1, 893, 13395176, 13396042, 176, 1042
1, 8930, 133950176, 133952750, 176, 2750
1, 8931, 133965176, 133966042, 176, 1042
1, 8932, 133980176, 133983823, 176, 3823
1, 8933, 133995176, 133996042, 176, 1042
1, 8934, 134010176, 134011042, 176, 1042
1, 8935, 134025176, 134026042, 176, 1042
1, 8936, 134040176, 134041042, 176, 1042
1, 8937, 134055176, 134057553, 176, 2553
1, 8938, 134070176, 134071042, 176, 1042
1, 8939, 134085176, 134087083, 176, 2083
1, 894, 13410176, 13411042, 176, 1042
1, 8940, 134100176, 134101042, 176, 1042
1, 8941, 134115176, 134116042, 176, 1042
1, 8942, 134130176, 134131042, 176, 1042
1, 8943, 134145176, 134146042, 176, 1042
1, 8944, 134160176, 134162750, 176, 2750
1, 8945, 134175176, 134176042, 176, 1042
1, 8946, 134190176, 134193823, 176, 3823
1, 8947, 134205176, 134206042, 176, 1042
1, 8948, 134220176, 134221042, 176, 1042
1, 8949, 134235176, 134236042, 176, 1042
1, 895, 13425176, 13426042, 176, 1042
1, 8950, 134250176, 134251042, 176, 1042
1, 8951, 134265176, 134266042, 176, 1042
1, 8952, 134280176, 134281042, 176, 1042
1, 8953, 134295176, 134296042, 176, 1042
1, 8954, 134310176, 134311042, 176, 1042
1, 8955, 134325176, 134326042, 176, 1042
1, 8956, 134340176, 134341042, 176, 1042
1, 8957, 134355176, 134356042, 176, 1042
1, 8958, 134370176, 134371042, 176, 1042
1, 8959, 134385176, 134386042, 176, 1042
1, 896, 13440176, 13448487, 176, 8487
1, 8960, 134400176, 134408487, 176, 8487
1, 8961, 134415176, 134416042, 176, 1042
1, 8962, 134430176, 134431042, 176, 1042
1, 8963, 134445176, 134446042, 176, 1042
1, 8964, 134460176, 134461042, 176, 1042
1, 8965, 134475176, 134476042, 176, 1042
1, 8966, 134490176, 134491042, 176, 1042
1, 8967, 134505176, 134506042, 176, 1042
1, 8968, 134520176, 134521042, 176, 1042
1, 8969, 134535176, 134536042, 176, 1042
1, 897, 13455176, 13456042, 176, 1042
1, 8970, 134550176, 134551042, 176, 1042
1, 8971, 134565176, 134566042, 176, 1042
1, 8972, 134580176, 134581042, 176, 1042
1, 8973, 134595176, 134596042, 176, 1042
1, 8974, 134610176, 134613823, 176, 3823
1, 8975, 134625176, 134626042, 176, 1042
1, 8976, 134640176, 134641042, 176, 1042
1, 8977, 134655176, 134656042, 176, 1042
1, 8978, 134670176, 134671042, 176, 1042
1, 8979, 134685176, 134687637, 176, 2637
1, 898, 13470176, 13471042, 176, 1042
1, 8980, 134700176, 134701042, 176, 1042
1, 8981, 134715176, 134716812, 176, 1812
1, 8982, 134730176, 134731042, 176, 1042
1, 8983, 134745176, 134746042, 176, 1042
1, 8984, 134760176, 134761042, 176, 1042
1, 8985, 134775176, 134776042, 176, 1042
1, 8986, 134790176, 134791042, 176, 1042
1, 8987, 134805176, 134806042, 176, 1042
1, 8988, 134820176, 134823823, 176, 3823
1, 8989, 134835176, 134836042, 176, 1042
1, 899, 13485176, 13486042, 176, 1042
1, 8990, 134850176, 134851042, 176, 1042
1, 8991, 134865176, 134866042, 176, 1042
1, 8992, 134880176, 134881042, 176, 1042
1, 8993, 134895176, 134896042, 176, 1042
1, 8994, 134910176, 134911042, 176, 1042
1, 8995, 134925176, 134927397, 176, 2397
1, 8996, 134940176, 134941042, 176, 1042
1, 8997, 134955176, 134956042, 176, 1042
1, 8998, 134970176, 134971042, 176, 1042
1, 8999, 134985176, 134986042, 176, 1042
1, 9, 135176, 136042, 176, 1042
1, 90, 1350176, 1351042, 176, 1042
1, 900, 13500176, 13501042, 176, 1042
1, 9000, 135000176, 135005361, 176, 5361
1, 9001, 135015176, 135016042, 176, 1042
1, 9002, 135030176, 135033823, 176, 3823
1, 9003, 135045176, 135046042, 176, 1042
1, 9004, 135060176, 135061042, 176, 1042
1, 9005, 135075176, 135076042, 176, 1042
1, 9006, 135090176, 135091042, 176, 1042
1, 9007, 135105176, 135106794, 176, 1794
1, 9008, 135120176, 135121042, 176, 1042
1, 9009, 135135176, 135136042, 176, 1042
1, 901, 13515176, 13516042, 176, 1042
1, 9010, 135150176, 135151042, 176, 1042
1, 9011, 135165176, 135166042, 176, 1042
1, 9012, 135180176, 135181042, 176, 1042
1, 9013, 135195176, 135196042, 176, 1042
1, 9014, 135210176, 135211042, 176, 1042
1, 9015, 135225176, 135226042, 176, 1042
1, 9016, 135240176, 135244295, 176, 4295
1, 9017, 135255176, 135256042, 176, 1042
1, 9018, 135270176, 135271042, 176, 1042
1, 9019, 135285176, 135286042, 176, 1042
1, 902, 13530176, 13531042, 176, 1042
1, 9020, 135300176, 135301042, 176, 1042
1, 9021, 135315176, 135316042, 176, 1042
1, 9022, 135330176, 135331042, 176, 1042
1, 9023, 135345176, 135346042, 176, 1042
1, 9024, 135360176, 135361042, 176, 1042
1, 9025, 135375176, 135376042, 176, 1042
1, 9026, 135390176, 135391042, 176, 1042
1, 9027, 135405176, 135406042, 176, 1042
1, 9028, 135420176, 135421042, 176, 1042
1, 9029, 135435176, 135436042, 176, 1042
1, 903, 13545176, 13546042, 176, 1042
1, 9030, 135450176, 135455258, 176, 5258
1, 9031, 135465176, 135466042, 176, 1042
1, 9032, 135480176, 135481042, 176, 1042
1, 9033, 135495176, 135496042, 176, 1042
1, 9034, 135510176, 135511042, 176, 1042
1, 9035, 135525176, 135530113, 176, 5113
1, 9036, 135540176, 135541042, 176, 1042
1, 9037, 135555176, 135556042, 176, 1042
1, 9038, 135570176, 135571042, 176, 1042
1, 9039, 135585176, 135586042, 176, 1042
1, 904, 13560176, 13561042, 176, 1042
1, 9040, 135600176, 135602940, 176, 2940
1, 9041, 135615176, 135616042, 176, 1042
1, 9042, 135630176, 135631042, 176, 1042
1, 9043, 135645176, 135646042, 176, 1042
1, 9044, 135660176, 135664295, 176, 4295
1, 9045, 135675176, 135676042, 176, 1042
1, 9046, 135690176, 135691042, 176, 1042
1, 9047, 135705176, 135706042, 176, 1042
1, 9048, 135720176, 135721042, 176, 1042
1, 9049, 135735176, 135736042, 176, 1042
1, 905, 13575176, 13576042, 176, 1042
1, 9050, 135750176, 135751042, 176, 1042
1, 9051, 135765176, 135767083, 176, 2083
1, 9052, 135780176, 135781042, 176, 1042
1, 9053, 135795176, 135796042, 176, 1042
1, 9054, 135810176, 135811042, 176, 1042
1, 9055, 135825176, 135826042, 176, 1042
1, 9056, 135840176, 135842750, 176, 2750
1, 9057, 135855176, 135856042, 176, 1042
1, 9058, 135870176, 135873823, 176, 3823
1, 9059, 135885176, 135886042, 176, 1042
1, 906, 13590176, 13591042, 176, 1042
1, 9060, 135900176, 135901042, 176, 1042
1, 9061, 135915176, 135916042, 176, 1042
1, 9062, 135930176, 135931042, 176, 1042
1, 9063, 135945176, 135946042, 176, 1042
1, 9064, 135960176, 135961042, 176, 1042
1, 9065, 135975176, 135976812, 176, 1812
1, 9066, 135990176, 135991042, 176, 1042
1, 9067, 136005176, 136006042, 176, 1042
1, 9068, 136020176, 136021042, 176, 1042
1, 9069, 136035176, 136036042, 176, 1042
1, 907, 13605176, 13606042, 176, 1042
1, 9070, 136050176, 136051042, 176, 1042
1, 9071, 136065176, 136066042, 176, 1042
1, 9072, 136080176, 136088487, 176, 8487
1, 9073, 136095176, 136096042, 176, 1042
1, 9074, 136110176, 136111042, 176, 1042
1, 9075, 136125176, 136126042, 176, 1042
1, 9076, 136140176, 136141042, 176, 1042
1, 9077, 136155176, 136156794, 176, 1794
1, 9078, 136170176, 136171042, 176, 1042
1, 9079, 136185176, 136186042, 176, 1042
1, 908, 13620176, 13621042, 176, 1042
1, 9080, 136200176, 136201042, 176, 1042
1, 9081, 136215176, 136216042, 176, 1042
1, 9082, 136230176, 136231042, 176, 1042
1, 9083, 136245176, 136246042, 176, 1042
1, 9084, 136260176, 136261042, 176, 1042
1, 9085, 136275176, 136276042, 176, 1042
1, 9086, 136290176, 136293823, 176, 3823
1, 9087, 136305176, 136306042, 176, 1042
1, 9088, 136320176, 136321042, 176, 1042
1, 9089, 136335176, 136336042, 176, 1042
1, 909, 13635176, 13636042, 176, 1042
1, 9090, 136350176, 136351042, 176, 1042
1, 9091, 136365176, 136367637, 176, 2637
1, 9092, 136380176, 136381042, 176, 1042
1, 9093, 136395176, 136396042, 176, 1042
1, 9094, 136410176, 136411042, 176, 1042
1, 9095, 136425176, 136426042, 176, 1042
1, 9096, 136440176, 136441042, 176, 1042
1, 9097, 136455176, 136456042, 176, 1042
1, 9098, 136470176, 136471042, 176, 1042
1, 9099, 136485176, 136486042, 176, 1042
1, 91, 1365176, 1367083, 176, 2083
1, 910, 13650176, 13655258, 176, 5258
1, 9100, 136500176, 136505258, 176, 5258
1, 9101, 136515176, 136516042, 176, 1042
1, 9102, 136530176, 136531042, 176, 1042
1, 9103, 136545176, 136546042, 176, 1042
1, 9104, 136560176, 136561042, 176, 1042
1, 9105, 136575176, 136576042, 176, 1042
1, 9106, 136590176, 136591042, 176, 1042
1, 9107, 136605176, 136606812, 176, 1812
1, 9108, 136620176, 136621042, 176, 1042
1, 9109, 136635176, 136636042, 176, 1042
1, 911, 13665176, 13666042, 176, 1042
1, 9110, 136650176, 136651042, 176, 1042
1, 9111, 136665176, 136666042, 176, 1042
1, 9112, 136680176, 136681042, 176, 1042
1, 9113, 136695176, 136696042, 176, 1042
1, 9114, 136710176, 136715282, 176, 5282
1, 9115, 136725176, 136726042, 176, 1042
1, 9116, 136740176, 136741042, 176, 1042
1, 9117, 136755176, 136756042, 176, 1042
1, 9118, 136770176, 136771042, 176, 1042
1, 9119, 136785176, 136786042, 176, 1042
1, 912, 13680176, 13682940, 176, 2940
1, 9120, 136800176, 136807070, 176, 7070
1, 9121, 136815176, 136816042, 176, 1042
1, 9122, 136830176, 136831042, 176, 1042
1, 9123, 136845176, 136846042, 176, 1042
1, 9124, 136860176, 136861042, 176, 1042
1, 9125, 136875176, 136876042, 176, 1042
1, 9126, 136890176, 136891042, 176, 1042
1, 9127, 136905176, 136906042, 176, 1042
1, 9128, 136920176, 136924295, 176, 4295
1, 9129, 136935176, 136936042, 176, 1042
1, 913, 13695176, 13696042, 176, 1042
1, 9130, 136950176, 136951042, 176, 1042
1, 9131, 136965176, 136966042, 176, 1042
1, 9132, 136980176, 136981042, 176, 1042
1, 9133, 136995176, 136997396, 176, 2396
1, 9134, 137010176, 137011042, 176, 1042
1, 9135, 137025176, 137026812, 176, 1812
1, 9136, 137040176, 137041042, 176, 1042
1, 9137, 137055176, 137056042, 176, 1042
1, 9138, 137070176, 137071042, 176, 1042
1, 9139, 137085176, 137086042, 176, 1042
1, 914, 13710176, 13711042, 176, 1042
1, 9140, 137100176, 137101042, 176, 1042
1, 9141, 137115176, 137116042, 176, 1042
1, 9142, 137130176, 137133823, 176, 3823
1, 9143, 137145176, 137146042, 176, 1042
1, 9144, 137160176, 137161042, 176, 1042
1, 9145, 137175176, 137176042, 176, 1042
1, 9146, 137190176, 137191042, 176, 1042
1, 9147, 137205176, 137218635, 176, 13635
1, 9148, 137220176, 137221042, 176, 1042
1, 9149, 137235176, 137236042, 176, 1042
1, 915, 13725176, 13728588, 176, 3588
1, 9150, 137250176, 137251042, 176, 1042
1, 9151, 137265176, 137266042, 176, 1042
1, 9152, 137280176, 137282940, 176, 2940
1, 9153, 137295176, 137296042, 176, 1042
1, 9154, 137310176, 137311042, 176, 1042
1, 9155, 137325176, 137326042, 176, 1042
1, 9156, 137340176, 137343823, 176, 3823
1, 9157, 137355176, 137356042, 176, 1042
1, 9158, 137370176, 137371042, 176, 1042
1, 9159, 137385176, 137386042, 176, 1042
1, 916, 13740176, 13741042, 176, 1042
1, 9160, 137400176, 137401042, 176, 1042
1, 9161, 137415176, 137416042, 176, 1042
1, 9162, 137430176, 137431042, 176, 1042
1, 9163, 137445176, 137447083, 176, 2083
1, 9164, 137460176, 137461042, 176, 1042
1, 9165, 137475176, 137476042, 176, 1042
1, 9166, 137490176, 137491042, 176, 1042
1, 9167, 137505176, 137506042, 176, 1042
1, 9168, 137520176, 137522750, 176, 2750
1, 9169, 137535176, 137536042, 176, 1042
1, 917, 13755176, 13756042, 176, 1042
1, 9170, 137550176, 137555258, 176, 5258
1, 9171, 137565176, 137566042, 176, 1042
1, 9172, 137580176, 137581042, 176, 1042
1, 9173, 137595176, 137596042, 176, 1042
1, 9174, 137610176, 137611042, 176, 1042
1, 9175, 137625176, 137626042, 176, 1042
1, 9176, 137640176, 137641042, 176, 1042
1, 9177, 137655176, 137656812, 176, 1812
1, 9178, 137670176, 137671042, 176, 1042
1, 9179, 137685176, 137686042, 176, 1042
1, 918, 13770176, 13771042, 176, 1042
1, 9180, 137700176, 137701042, 176, 1042
1, 9181, 137715176, 137716042, 176, 1042
1, 9182, 137730176, 137731042, 176, 1042
1, 9183, 137745176, 137746042, 176, 1042
1, 9184, 137760176, 137768487, 176, 8487
1, 9185, 137775176, 137776042, 176, 1042
1, 9186, 137790176, 137791042, 176, 1042
1, 9187, 137805176, 137806042, 176, 1042
1, 9188, 137820176, 137821042, 176, 1042
1, 9189, 137835176, 137836042, 176, 1042
1, 919, 13785176, 13786042, 176, 1042
1, 9190, 137850176, 137851042, 176, 1042
1, 9191, 137865176, 137866042, 176, 1042
1, 9192, 137880176, 137881042, 176, 1042
1, 9193, 137895176, 137896042, 176, 1042
1, 9194, 137910176, 137911042, 176, 1042
1, 9195, 137925176, 137926042, 176, 1042
1, 9196, 137940176, 137941042, 176, 1042
1, 9197, 137955176, 137956042, 176, 1042
1, 9198, 137970176, 137973823, 176, 3823
1, 9199, 137985176, 137986042, 176, 1042
1, 92, 1380176, 1381042, 176, 1042
1, 920, 13800176, 13801042, 176, 1042
1, 9200, 138000176, 138002940, 176, 2940
1, 9201, 138015176, 138016042, 176, 1042
1, 9202, 138030176, 138031042, 176, 1042
1, 9203, 138045176, 138049040, 176, 4040
1, 9204, 138060176, 138061042, 176, 1042
1, 9205, 138075176, 138076812, 176, 1812
1, 9206, 138090176, 138091042, 176, 1042
1, 9207, 138105176, 138106042, 176, 1042
1, 9208, 138120176, 138121042, 176, 1042
1, 9209, 138135176, 138136042, 176, 1042
1, 921, 13815176, 13816042, 176, 1042
1, 9210, 138150176, 138151042, 176, 1042
1, 9211, 138165176, 138166042, 176, 1042
1, 9212, 138180176, 138183823, 176, 3823
1, 9213, 138195176, 138196042, 176, 1042
1, 9214, 138210176, 138211042, 176, 1042
1, 9215, 138225176, 138226042, 176, 1042
1, 9216, 138240176, 138241042, 176, 1042
1, 9217, 138255176, 138256794, 176, 1794
1, 9218, 138270176, 138271042, 176, 1042
1, 9219, 138285176, 138286812, 176, 1812
1, 922, 13830176, 13831042, 176, 1042
1, 9220, 138300176, 138301042, 176, 1042
1, 9221, 138315176, 138316042, 176, 1042
1, 9222, 138330176, 138337925, 176, 7925
1, 9223, 138345176, 138346042, 176, 1042
1, 9224, 138360176, 138361042, 176, 1042
1, 9225, 138375176, 138376042, 176, 1042
1, 9226, 138390176, 138393823, 176, 3823
1, 9227, 138405176, 138406042, 176, 1042
1, 9228, 138420176, 138421042, 176, 1042
1, 9229, 138435176, 138436042, 176, 1042
1, 923, 13845176, 13846042, 176, 1042
1, 9230, 138450176, 138451042, 176, 1042
1, 9231, 138465176, 138466042, 176, 1042
1, 9232, 138480176, 138481042, 176, 1042
1, 9233, 138495176, 138496042, 176, 1042
1, 9234, 138510176, 138511042, 176, 1042
1, 9235, 138525176, 138526042, 176, 1042
1, 9236, 138540176, 138541042, 176, 1042
1, 9237, 138555176, 138556042, 176, 1042
1, 9238, 138570176, 138571042, 176, 1042
1, 9239, 138585176, 138586042, 176, 1042
1, 924, 13860176, 13863823, 176, 3823
1, 9240, 138600176, 138605410, 176, 5410
1, 9241, 138615176, 138616042, 176, 1042
1, 9242, 138630176, 138631042, 176, 1042
1, 9243, 138645176, 138646042, 176, 1042
1, 9244, 138660176, 138661042, 176, 1042
1, 9245, 138675176, 138676042, 176, 1042
1, 9246, 138690176, 138691042, 176, 1042
1, 9247, 138705176, 138706812, 176, 1812
1, 9248, 138720176, 138721042, 176, 1042
1, 9249, 138735176, 138736042, 176, 1042
1, 925, 13875176, 13876042, 176, 1042
1, 9250, 138750176, 138751042, 176, 1042
1, 9251, 138765176, 138766042, 176, 1042
1, 9252, 138780176, 138781042, 176, 1042
1, 9253, 138795176, 138796042, 176, 1042
1, 9254, 138810176, 138813823, 176, 3823
1, 9255, 138825176, 138826042, 176, 1042
1, 9256, 138840176, 138841042, 176, 1042
1, 9257, 138855176, 138856042, 176, 1042
1, 9258, 138870176, 138871042, 176, 1042
1, 9259, 138885176, 138889464, 176, 4464
1, 926, 13890176, 13891042, 176, 1042
1, 9260, 138900176, 138901042, 176, 1042
1, 9261, 138915176, 138916042, 176, 1042
1, 9262, 138930176, 138931042, 176, 1042
1, 9263, 138945176, 138946042, 176, 1042
1, 9264, 138960176, 138961042, 176, 1042
1, 9265, 138975176, 138976042, 176, 1042
1, 9266, 138990176, 138991042, 176, 1042
1, 9267, 139005176, 139006042, 176, 1042
1, 9268, 139020176, 139023823, 176, 3823
1, 9269, 139035176, 139036042, 176, 1042
1, 927, 13905176, 13906042, 176, 1042
1, 9270, 139050176, 139051042, 176, 1042
1, 9271, 139065176, 139066042, 176, 1042
1, 9272, 139080176, 139081042, 176, 1042
1, 9273, 139095176, 139096042, 176, 1042
1, 9274, 139110176, 139111042, 176, 1042
1, 9275, 139125176, 139127397, 176, 2397
1, 9276, 139140176, 139141042, 176, 1042
1, 9277, 139155176, 139156042, 176, 1042
1, 9278, 139170176, 139171042, 176, 1042
1, 9279, 139185176, 139186042, 176, 1042
1, 928, 13920176, 13921042, 176, 1042
1, 9280, 139200176, 139205452, 176, 5452
1, 9281, 139215176, 139216042, 176, 1042
1, 9282, 139230176, 139233823, 176, 3823
1, 9283, 139245176, 139246042, 176, 1042
1, 9284, 139260176, 139261042, 176, 1042
1, 9285, 139275176, 139276042, 176, 1042
1, 9286, 139290176, 139291042, 176, 1042
1, 9287, 139305176, 139306794, 176, 1794
1, 9288, 139320176, 139321042, 176, 1042
1, 9289, 139335176, 139336042, 176, 1042
1, 929, 13935176, 13936042, 176, 1042
1, 9290, 139350176, 139351042, 176, 1042
1, 9291, 139365176, 139366042, 176, 1042
1, 9292, 139380176, 139381042, 176, 1042
1, 9293, 139395176, 139396042, 176, 1042
1, 9294, 139410176, 139411042, 176, 1042
1, 9295, 139425176, 139426042, 176, 1042
1, 9296, 139440176, 139448487, 176, 8487
1, 9297, 139455176, 139456042, 176, 1042
1, 9298, 139470176, 139471042, 176, 1042
1, 9299, 139485176, 139486042, 176, 1042
1, 93, 1395176, 1396042, 176, 1042
1, 930, 13950176, 13951042, 176, 1042
1, 9300, 139500176, 139501042, 176, 1042
1, 9301, 139515176, 139516042, 176, 1042
1, 9302, 139530176, 139531042, 176, 1042
1, 9303, 139545176, 139546042, 176, 1042
1, 9304, 139560176, 139561042, 176, 1042
1, 9305, 139575176, 139576042, 176, 1042
1, 9306, 139590176, 139591042, 176, 1042
1, 9307, 139605176, 139606042, 176, 1042
1, 9308, 139620176, 139621042, 176, 1042
1, 9309, 139635176, 139636042, 176, 1042
1, 931, 13965176, 13967397, 176, 2397
1, 9310, 139650176, 139657454, 176, 7454
1, 9311, 139665176, 139666042, 176, 1042
1, 9312, 139680176, 139681042, 176, 1042
1, 9313, 139695176, 139696042, 176, 1042
1, 9314, 139710176, 139711042, 176, 1042
1, 9315, 139725176, 139728588, 176, 3588
1, 9316, 139740176, 139741042, 176, 1042
1, 9317, 139755176, 139756042, 176, 1042
1, 9318, 139770176, 139771042, 176, 1042
1, 9319, 139785176, 139786042, 176, 1042
1, 932, 13980176, 13981042, 176, 1042
1, 9320, 139800176, 139801042, 176, 1042
1, 9321, 139815176, 139816042, 176, 1042
1, 9322, 139830176, 139831042, 176, 1042
1, 9323, 139845176, 139846042, 176, 1042
1, 9324, 139860176, 139863823, 176, 3823
1, 9325, 139875176, 139876042, 176, 1042
1, 9326, 139890176, 139891042, 176, 1042
1, 9327, 139905176, 139906042, 176, 1042
1, 9328, 139920176, 139921042, 176, 1042
1, 9329, 139935176, 139936042, 176, 1042
1, 933, 13995176, 13996042, 176, 1042
1, 9330, 139950176, 139951042, 176, 1042
1, 9331, 139965176, 139966812, 176, 1812
1, 9332, 139980176, 139981042, 176, 1042
1, 9333, 139995176, 139996042, 176, 1042
1, 9334, 140010176, 140011042, 176, 1042
1, 9335, 140025176, 140026042, 176, 1042
1, 9336, 140040176, 140041042, 176, 1042
1, 9337, 140055176, 140056042, 176, 1042
1, 9338, 140070176, 140073823, 176, 3823
1, 9339, 140085176, 140086042, 176, 1042
1, 934, 14010176, 14011042, 176, 1042
1, 9340, 140100176, 140101042, 176, 1042
1, 9341, 140115176, 140116042, 176, 1042
1, 9342, 140130176, 140131042, 176, 1042
1, 9343, 140145176, 140146042, 176, 1042
1, 9344, 140160176, 140161042, 176, 1042
1, 9345, 140175176, 140176812, 176, 1812
1, 9346, 140190176, 140191042, 176, 1042
1, 9347, 140205176, 140206042, 176, 1042
1, 9348, 140220176, 140221042, 176, 1042
1, 9349, 140235176, 140236042, 176, 1042
1, 935, 14025176, 14026042, 176, 1042
1, 9350, 140250176, 140251042, 176, 1042
1, 9351, 140265176, 140266042, 176, 1042
1, 9352, 140280176, 140284295, 176, 4295
1, 9353, 140295176, 140296042, 176, 1042
1, 9354, 140310176, 140311042, 176, 1042
1, 9355, 140325176, 140326042, 176, 1042
1, 9356, 140340176, 140341042, 176, 1042
1, 9357, 140355176, 140356794, 176, 1794
1, 9358, 140370176, 140371042, 176, 1042
1, 9359, 140385176, 140386042, 176, 1042
1, 936, 14040176, 14041042, 176, 1042
1, 9360, 140400176, 140402940, 176, 2940
1, 9361, 140415176, 140416042, 176, 1042
1, 9362, 140430176, 140431042, 176, 1042
1, 9363, 140445176, 140446042, 176, 1042
1, 9364, 140460176, 140461042, 176, 1042
1, 9365, 140475176, 140476042, 176, 1042
1, 9366, 140490176, 140493823, 176, 3823
1, 9367, 140505176, 140506042, 176, 1042
1, 9368, 140520176, 140521042, 176, 1042
1, 9369, 140535176, 140536042, 176, 1042
1, 937, 14055176, 14056042, 176, 1042
1, 9370, 140550176, 140551042, 176, 1042
1, 9371, 140565176, 140569464, 176, 4464
1, 9372, 140580176, 140581042, 176, 1042
1, 9373, 140595176, 140596042, 176, 1042
1, 9374, 140610176, 140611042, 176, 1042
1, 9375, 140625176, 140626042, 176, 1042
1, 9376, 140640176, 140641042, 176, 1042
1, 9377, 140655176, 140656042, 176, 1042
1, 9378, 140670176, 140671042, 176, 1042
1, 9379, 140685176, 140686042, 176, 1042
1, 938, 14070176, 14073823, 176, 3823
1, 9380, 140700176, 140706954, 176, 6954
1, 9381, 140715176, 140716042, 176, 1042
1, 9382, 140730176, 140731042, 176, 1042
1, 9383, 140745176, 140746042, 176, 1042
1, 9384, 140760176, 140761042, 176, 1042
1, 9385, 140775176, 140776042, 176, 1042
1, 9386, 140790176, 140791042, 176, 1042
1, 9387, 140805176, 140807083, 176, 2083
1, 9388, 140820176, 140821042, 176, 1042
1, 9389, 140835176, 140836042, 176, 1042
1, 939, 14085176, 14086042, 176, 1042
1, 9390, 140850176, 140851042, 176, 1042
1, 9391, 140865176, 140866042, 176, 1042
1, 9392, 140880176, 140882493, 176, 2493
1, 9393, 140895176, 140896042, 176, 1042
1, 9394, 140910176, 140913823, 176, 3823
1, 9395, 140925176, 140926042, 176, 1042
1, 9396, 140940176, 140941042, 176, 1042
1, 9397, 140955176, 140956042, 176, 1042
1, 9398, 140970176, 140971042, 176, 1042
1, 9399, 140985176, 140987396, 176, 2396
1, 94, 1410176, 1411042, 176, 1042
1, 940, 14100176, 14101042, 176, 1042
1, 9400, 141000176, 141001042, 176, 1042
1, 9401, 141015176, 141016042, 176, 1042
1, 9402, 141030176, 141031042, 176, 1042
1, 9403, 141045176, 141046042, 176, 1042
1, 9404, 141060176, 141061042, 176, 1042
1, 9405, 141075176, 141076042, 176, 1042
1, 9406, 141090176, 141091042, 176, 1042
1, 9407, 141105176, 141106042, 176, 1042
1, 9408, 141120176, 141128487, 176, 8487
1, 9409, 141135176, 141136042, 176, 1042
1, 941, 14115176, 14116042, 176, 1042
1, 9410, 141150176, 141151042, 176, 1042
1, 9411, 141165176, 141166042, 176, 1042
1, 9412, 141180176, 141181042, 176, 1042
1, 9413, 141195176, 141196042, 176, 1042
1, 9414, 141210176, 141211042, 176, 1042
1, 9415, 141225176, 141226812, 176, 1812
1, 9416, 141240176, 141241042, 176, 1042
1, 9417, 141255176, 141256042, 176, 1042
1, 9418, 141270176, 141271042, 176, 1042
1, 9419, 141285176, 141286042, 176, 1042
1, 942, 14130176, 14131042, 176, 1042
1, 9420, 141300176, 141301042, 176, 1042
1, 9421, 141315176, 141316042, 176, 1042
1, 9422, 141330176, 141333823, 176, 3823
1, 9423, 141345176, 141346042, 176, 1042
1, 9424, 141360176, 141362940, 176, 2940
1, 9425, 141375176, 141376042, 176, 1042
1, 9426, 141390176, 141391042, 176, 1042
1, 9427, 141405176, 141408588, 176, 3588
1, 9428, 141420176, 141421042, 176, 1042
1, 9429, 141435176, 141436042, 176, 1042
1, 943, 14145176, 14146042, 176, 1042
1, 9430, 141450176, 141451042, 176, 1042
1, 9431, 141465176, 141466042, 176, 1042
1, 9432, 141480176, 141481042, 176, 1042
1, 9433, 141495176, 141496042, 176, 1042
1, 9434, 141510176, 141511042, 176, 1042
1, 9435, 141525176, 141526042, 176, 1042
1, 9436, 141540176, 141543823, 176, 3823
1, 9437, 141555176, 141556042, 176, 1042
1, 9438, 141570176, 141571042, 176, 1042
1, 9439, 141585176, 141586042, 176, 1042
1, 944, 14160176, 14162940, 176, 2940
1, 9440, 141600176, 141602940, 176, 2940
1, 9441, 141615176, 141616042, 176, 1042
1, 9442, 141630176, 141631042, 176, 1042
1, 9443, 141645176, 141647397, 176, 2397
1, 9444, 141660176, 141661042, 176, 1042
1, 9445, 141675176, 141676042, 176, 1042
1, 9446, 141690176, 141691042, 176, 1042
1, 9447, 141705176, 141706042, 176, 1042
1, 9448, 141720176, 141721042, 176, 1042
1, 9449, 141735176, 141736042, 176, 1042
1, 945, 14175176, 14176812, 176, 1812
1, 9450, 141750176, 141755258, 176, 5258
1, 9451, 141765176, 141766042, 176, 1042
1, 9452, 141780176, 141781042, 176, 1042
1, 9453, 141795176, 141796042, 176, 1042
1, 9454, 141810176, 141811042, 176, 1042
1, 9455, 141825176, 141826042, 176, 1042
1, 9456, 141840176, 141842940, 176, 2940
1, 9457, 141855176, 141856042, 176, 1042
1, 9458, 141870176, 141871042, 176, 1042
1, 9459, 141885176, 141886042, 176, 1042
1, 946, 14190176, 14191042, 176, 1042
1, 9460, 141900176, 141901042, 176, 1042
1, 9461, 141915176, 141916042, 176, 1042
1, 9462, 141930176, 141931042, 176, 1042
1, 9463, 141945176, 141946042, 176, 1042
1, 9464, 141960176, 141964295, 176, 4295
1, 9465, 141975176, 141976042, 176, 1042
1, 9466, 141990176, 141991042, 176, 1042
1, 9467, 142005176, 142006042, 176, 1042
1, 9468, 142020176, 142021042, 176, 1042
1, 9469, 142035176, 142036340, 176, 1340
1, 947, 14205176, 14206042, 176, 1042
1, 9470, 142050176, 142051042, 176, 1042
1, 9471, 142065176, 142066042, 176, 1042
1, 9472, 142080176, 142081042, 176, 1042
1, 9473, 142095176, 142096042, 176, 1042
1, 9474, 142110176, 142111042, 176, 1042
1, 9475, 142125176, 142126042, 176, 1042
1, 9476, 142140176, 142141042, 176, 1042
1, 9477, 142155176, 142156042, 176, 1042
1, 9478, 142170176, 142173823, 176, 3823
1, 9479, 142185176, 142186042, 176, 1042
1, 948, 14220176, 14221042, 176, 1042
1, 9480, 142200176, 142201042, 176, 1042
1, 9481, 142215176, 142216042, 176, 1042
1, 9482, 142230176, 142231042, 176, 1042
1, 9483, 142245176, 142249464, 176, 4464
1, 9484, 142260176, 142261042, 176, 1042
1, 9485, 142275176, 142276812, 176, 1812
1, 9486, 142290176, 142291042, 176, 1042
1, 9487, 142305176, 142306042, 176, 1042
1, 9488, 142320176, 142321042, 176, 1042
1, 9489, 142335176, 142336042, 176, 1042
1, 949, 14235176, 14236042, 176, 1042
1, 9490, 142350176, 142351042, 176, 1042
1, 9491, 142365176, 142366042, 176, 1042
1, 9492, 142380176, 142383823, 176, 3823
1, 9493, 142395176, 142396042, 176, 1042
1, 9494, 142410176, 142411042, 176, 1042
1, 9495, 142425176, 142426042, 176, 1042
1, 9496, 142440176, 142441042, 176, 1042
1, 9497, 142455176, 142456794, 176, 1794
1, 9498, 142470176, 142471042, 176, 1042
1, 9499, 142485176, 142487083, 176, 2083
1, 95, 1425176, 1426042, 176, 1042
1, 950, 14250176, 14252940, 176, 2940
1, 9500, 142500176, 142501042, 176, 1042
1, 9501, 142515176, 142516042, 176, 1042
1, 9502, 142530176, 142531042, 176, 1042
1, 9503, 142545176, 142546042, 176, 1042
1, 9504, 142560176, 142562750, 176, 2750
1, 9505, 142575176, 142576042, 176, 1042
1, 9506, 142590176, 142593823, 176, 3823
1, 9507, 142605176, 142606042, 176, 1042
1, 9508, 142620176, 142621042, 176, 1042
1, 9509, 142635176, 142636042, 176, 1042
1, 951, 14265176, 14266042, 176, 1042
1, 9510, 142650176, 142651042, 176, 1042
1, 9511, 142665176, 142666042, 176, 1042
1, 9512, 142680176, 142681042, 176, 1042
1, 9513, 142695176, 142696812, 176, 1812
1, 9514, 142710176, 142711042, 176, 1042
1, 9515, 142725176, 142726042, 176, 1042
1, 9516, 142740176, 142741042, 176, 1042
1, 9517, 142755176, 142756042, 176, 1042
1, 9518, 142770176, 142771042, 176, 1042
1, 9519, 142785176, 142786042, 176, 1042
1, 952, 14280176, 14284295, 176, 4295
1, 9520, 142800176, 142808487, 176, 8487
1, 9521, 142815176, 142816042, 176, 1042
1, 9522, 142830176, 142831042, 176, 1042
1, 9523, 142845176, 142846042, 176, 1042
1, 9524, 142860176, 142861042, 176, 1042
1, 9525, 142875176, 142876042, 176, 1042
1, 9526, 142890176, 142891042, 176, 1042
1, 9527, 142905176, 142906042, 176, 1042
1, 9528, 142920176, 142921042, 176, 1042
1, 9529, 142935176, 142936042, 176, 1042
1, 953, 14295176, 14296042, 176, 1042
1, 9530, 142950176, 142951042, 176, 1042
1, 9531, 142965176, 142966042, 176, 1042
1, 9532, 142980176, 142982128, 176, 2128
1, 9533, 142995176, 142996042, 176, 1042
1, 9534, 143010176, 143013823, 176, 3823
1, 9535, 143025176, 143026042, 176, 1042
1, 9536, 143040176, 143041042, 176, 1042
1, 9537, 143055176, 143056042, 176, 1042
1, 9538, 143070176, 143071042, 176, 1042
1, 9539, 143085176, 143087637, 176, 2637
1, 954, 14310176, 14311042, 176, 1042
1, 9540, 143100176, 143101042, 176, 1042
1, 9541, 143115176, 143116042, 176, 1042
1, 9542, 143130176, 143131042, 176, 1042
1, 9543, 143145176, 143146042, 176, 1042
1, 9544, 143160176, 143161042, 176, 1042
1, 9545, 143175176, 143176042, 176, 1042
1, 9546, 143190176, 143191042, 176, 1042
1, 9547, 143205176, 143206042, 176, 1042
1, 9548, 143220176, 143223823, 176, 3823
1, 9549, 143235176, 143236042, 176, 1042
1, 955, 14325176, 14326042, 176, 1042
1, 9550, 143250176, 143251042, 176, 1042
1, 9551, 143265176, 143266042, 176, 1042
1, 9552, 143280176, 143281042, 176, 1042
1, 9553, 143295176, 143296042, 176, 1042
1, 9554, 143310176, 143311042, 176, 1042
1, 9555, 143325176, 143327397, 176, 2397
1, 9556, 143340176, 143341042, 176, 1042
1, 9557, 143355176, 143356042, 176, 1042
1, 9558, 143370176, 143371042, 176, 1042
1, 9559, 143385176, 143386042, 176, 1042
1, 956, 14340176, 14341042, 176, 1042
1, 9560, 143400176, 143402750, 176, 2750
1, 9561, 143415176, 143416042, 176, 1042
1, 9562, 143430176, 143433823, 176, 3823
1, 9563, 143445176, 143446042, 176, 1042
1, 9564, 143460176, 143461042, 176, 1042
1, 9565, 143475176, 143476042, 176, 1042
1, 9566, 143490176, 143491042, 176, 1042
1, 9567, 143505176, 143506794, 176, 1794
1, 9568, 143520176, 143521042, 176, 1042
1, 9569, 143535176, 143536042, 176, 1042
1, 957, 14355176, 14357553, 176, 2553
1, 9570, 143550176, 143551042, 176, 1042
1, 9571, 143565176, 143566042, 176, 1042
1, 9572, 143580176, 143581042, 176, 1042
1, 9573, 143595176, 143596042, 176, 1042
1, 9574, 143610176, 143611042, 176, 1042
1, 9575, 143625176, 143626042, 176, 1042
1, 9576, 143640176, 143649576, 176, 9576
1, 9577, 143655176, 143656042, 176, 1042
1, 9578, 143670176, 143671042, 176, 1042
1, 9579, 143685176, 143686042, 176, 1042
1, 958, 14370176, 14371042, 176, 1042
1, 9580, 143700176, 143701042, 176, 1042
1, 9581, 143715176, 143716042, 176, 1042
1, 9582, 143730176, 143731042, 176, 1042
1, 9583, 143745176, 143746042, 176, 1042
1, 9584, 143760176, 143761042, 176, 1042
1, 9585, 143775176, 143776042, 176, 1042
1, 9586, 143790176, 143791042, 176, 1042
1, 9587, 143805176, 143806042, 176, 1042
1, 9588, 143820176, 143821042, 176, 1042
1, 9589, 143835176, 143836042, 176, 1042
1, 959, 14385176, 14386042, 176, 1042
1, 9590, 143850176, 143855258, 176, 5258
1, 9591, 143865176, 143866042, 176, 1042
1, 9592, 143880176, 143881042, 176, 1042
1, 9593, 143895176, 143896042, 176, 1042
1, 9594, 143910176, 143911042, 176, 1042
1, 9595, 143925176, 143930113, 176, 5113
1, 9596, 143940176, 143941042, 176, 1042
1, 9597, 143955176, 143956042, 176, 1042
1, 9598, 143970176, 143971042, 176, 1042
1, 9599, 143985176, 143986042, 176, 1042
1, 96, 1440176, 1442750, 176, 2750
1, 960, 14400176, 14402940, 176, 2940
1, 9600, 144000176, 144002940, 176, 2940
1, 9601, 144015176, 144016042, 176, 1042
1, 9602, 144030176, 144031042, 176, 1042
1, 9603, 144045176, 144046042, 176, 1042
1, 9604, 144060176, 144063823, 176, 3823
1, 9605, 144075176, 144076042, 176, 1042
1, 9606, 144090176, 144091042, 176, 1042
1, 9607, 144105176, 144106042, 176, 1042
1, 9608, 144120176, 144121042, 176, 1042
1, 9609, 144135176, 144136042, 176, 1042
1, 961, 14415176, 14416042, 176, 1042
1, 9610, 144150176, 144151042, 176, 1042
1, 9611, 144165176, 144167083, 176, 2083
1, 9612, 144180176, 144181042, 176, 1042
1, 9613, 144195176, 144196042, 176, 1042
1, 9614, 144210176, 144211042, 176, 1042
1, 9615, 144225176, 144226042, 176, 1042
1, 9616, 144240176, 144242750, 176, 2750
1, 9617, 144255176, 144256042, 176, 1042
1, 9618, 144270176, 144273823, 176, 3823
1, 9619, 144285176, 144286042, 176, 1042
1, 962, 14430176, 14431042, 176, 1042
1, 9620, 144300176, 144301042, 176, 1042
1, 9621, 144315176, 144316042, 176, 1042
1, 9622, 144330176, 144331042, 176, 1042
1, 9623, 144345176, 144346042, 176, 1042
1, 9624, 144360176, 144361042, 176, 1042
1, 9625, 144375176, 144376812, 176, 1812
1, 9626, 144390176, 144391042, 176, 1042
1, 9627, 144405176, 144406042, 176, 1042
1, 9628, 144420176, 144421042, 176, 1042
1, 9629, 144435176, 144436042, 176, 1042
1, 963, 14445176, 14446042, 176, 1042
1, 9630, 144450176, 144451042, 176, 1042
1, 9631, 144465176, 144466042, 176, 1042
1, 9632, 144480176, 144488487, 176, 8487
1, 9633, 144495176, 144496042, 176, 1042
1, 9634, 144510176, 144511042, 176, 1042
1, 9635, 144525176, 144526042, 176, 1042
1, 9636, 144540176, 144541042, 176, 1042
1, 9637, 144555176, 144556794, 176, 1794
1, 9638, 144570176, 144571042, 176, 1042
1, 9639, 144585176, 144586042, 176, 1042
1, 964, 14460176, 14461042, 176, 1042
1, 9640, 144600176, 144601042, 176, 1042
1, 9641, 144615176, 144616042, 176, 1042
1, 9642, 144630176, 144631042, 176, 1042
1, 9643, 144645176, 144646042, 176, 1042
1, 9644, 144660176, 144661042, 176, 1042
1, 9645, 144675176, 144676042, 176, 1042
1, 9646, 144690176, 144695282, 176, 5282
1, 9647, 144705176, 144706042, 176, 1042
1, 9648, 144720176, 144721042, 176, 1042
1, 9649, 144735176, 144736042, 176, 1042
1, 965, 14475176, 14476042, 176, 1042
1, 9650, 144750176, 144751042, 176, 1042
1, 9651, 144765176, 144767637, 176, 2637
1, 9652, 144780176, 144781042, 176, 1042
1, 9653, 144795176, 144796042, 176, 1042
1, 9654, 144810176, 144811042, 176, 1042
1, 9655, 144825176, 144826042, 176, 1042
1, 9656, 144840176, 144841042, 176, 1042
1, 9657, 144855176, 144856042, 176, 1042
1, 9658, 144870176, 144871042, 176, 1042
1, 9659, 144885176, 144886042, 176, 1042
1, 966, 14490176, 14493823, 176, 3823
1, 9660, 144900176, 144905258, 176, 5258
1, 9661, 144915176, 144916042, 176, 1042
1, 9662, 144930176, 144931042, 176, 1042
1, 9663, 144945176, 144946042, 176, 1042
1, 9664, 144960176, 144961042, 176, 1042
1, 9665, 144975176, 144978512, 176, 3512
1, 9666, 144990176, 144991042, 176, 1042
1, 9667, 145005176, 145006812, 176, 1812
1, 9668, 145020176, 145021042, 176, 1042
1, 9669, 145035176, 145036042, 176, 1042
1, 967, 14505176, 14506042, 176, 1042
1, 9670, 145050176, 145051042, 176, 1042
1, 9671, 145065176, 145066042, 176, 1042
1, 9672, 145080176, 145081042, 176, 1042
1, 9673, 145095176, 145096042, 176, 1042
1, 9674, 145110176, 145113823, 176, 3823
1, 9675, 145125176, 145126042, 176, 1042
1, 9676, 145140176, 145141042, 176, 1042
1, 9677, 145155176, 145156042, 176, 1042
1, 9678, 145170176, 145171042, 176, 1042
1, 9679, 145185176, 145186042, 176, 1042
1, 968, 14520176, 14521042, 176, 1042
1, 9680, 145200176, 145202940, 176, 2940
1, 9681, 145215176, 145216042, 176, 1042
1, 9682, 145230176, 145231042, 176, 1042
1, 9683, 145245176, 145246042, 176, 1042
1, 9684, 145260176, 145261042, 176, 1042
1, 9685, 145275176, 145276042, 176, 1042
1, 9686, 145290176, 145291042, 176, 1042
1, 9687, 145305176, 145306042, 176, 1042
1, 9688, 145320176, 145324295, 176, 4295
1, 9689, 145335176, 145336042, 176, 1042
1, 969, 14535176, 14536042, 176, 1042
1, 9690, 145350176, 145351042, 176, 1042
1, 9691, 145365176, 145366042, 176, 1042
1, 9692, 145380176, 145381042, 176, 1042
1, 9693, 145395176, 145396042, 176, 1042
1, 9694, 145410176, 145411042, 176, 1042
1, 9695, 145425176, 145426812, 176, 1812
1, 9696, 145440176, 145441042, 176, 1042
1, 9697, 145455176, 145456042, 176, 1042
1, 9698, 145470176, 145471042, 176, 1042
1, 9699, 145485176, 145486042, 176, 1042
1, 97, 1455176, 1456042, 176, 1042
1, 970, 14550176, 14551042, 176, 1042
1, 9700, 145500176, 145501042, 176, 1042
1, 9701, 145515176, 145516042, 176, 1042
1, 9702, 145530176, 145533823, 176, 3823
1, 9703, 145545176, 145546042, 176, 1042
1, 9704, 145560176, 145561042, 176, 1042
1, 9705, 145575176, 145576042, 176, 1042
1, 9706, 145590176, 145591042, 176, 1042
1, 9707, 145605176, 145618635, 176, 13635
1, 9708, 145620176, 145621042, 176, 1042
1, 9709, 145635176, 145636812, 176, 1812
1, 971, 14565176, 14569464, 176, 4464
1, 9710, 145650176, 145651042, 176, 1042
1, 9711, 145665176, 145666042, 176, 1042
1, 9712, 145680176, 145681042, 176, 1042
1, 9713, 145695176, 145696042, 176, 1042
1, 9714, 145710176, 145711042, 176, 1042
1, 9715, 145725176, 145726042, 176, 1042
1, 9716, 145740176, 145743823, 176, 3823
1, 9717, 145755176, 145756042, 176, 1042
1, 9718, 145770176, 145771042, 176, 1042
1, 9719, 145785176, 145786042, 176, 1042
1, 972, 14580176, 14581042, 176, 1042
1, 9720, 145800176, 145801042, 176, 1042
1, 9721, 145815176, 145816042, 176, 1042
1, 9722, 145830176, 145831042, 176, 1042
1, 9723, 145845176, 145847083, 176, 2083
1, 9724, 145860176, 145861042, 176, 1042
1, 9725, 145875176, 145876042, 176, 1042
1, 9726, 145890176, 145891042, 176, 1042
1, 9727, 145905176, 145906042, 176, 1042
1, 9728, 145920176, 145925663, 176, 5663
1, 9729, 145935176, 145936042, 176, 1042
1, 973, 14595176, 14596042, 176, 1042
1, 9730, 145950176, 145955258, 176, 5258
1, 9731, 145965176, 145966042, 176, 1042
1, 9732, 145980176, 145981042, 176, 1042
1, 9733, 145995176, 145996042, 176, 1042
1, 9734, 146010176, 146011042, 176, 1042
1, 9735, 146025176, 146027163, 176, 2163
1, 9736, 146040176, 146041042, 176, 1042
1, 9737, 146055176, 146056042, 176, 1042
1, 9738, 146070176, 146071042, 176, 1042
1, 9739, 146085176, 146086042, 176, 1042
1, 974, 14610176, 14611042, 176, 1042
1, 9740, 146100176, 146101042, 176, 1042
1, 9741, 146115176, 146116042, 176, 1042
1, 9742, 146130176, 146131042, 176, 1042
1, 9743, 146145176, 146146042, 176, 1042
1, 9744, 146160176, 146168487, 176, 8487
1, 9745, 146175176, 146176042, 176, 1042
1, 9746, 146190176, 146191042, 176, 1042
1, 9747, 146205176, 146206042, 176, 1042
1, 9748, 146220176, 146221042, 176, 1042
1, 9749, 146235176, 146236042, 176, 1042
1, 975, 14625176, 14626042, 176, 1042
1, 9750, 146250176, 146251042, 176, 1042
1, 9751, 146265176, 146266042, 176, 1042
1, 9752, 146280176, 146281042, 176, 1042
1, 9753, 146295176, 146296042, 176, 1042
1, 9754, 146310176, 146311042, 176, 1042
1, 9755, 146325176, 146326042, 176, 1042
1, 9756, 146340176, 146341042, 176, 1042
1, 9757, 146355176, 146356042, 176, 1042
1, 9758, 146370176, 146373823, 176, 3823
1, 9759, 146385176, 146386042, 176, 1042
1, 976, 14640176, 14641042, 176, 1042
1, 9760, 146400176, 146406737, 176, 6737
1, 9761, 146415176, 146416042, 176, 1042
1, 9762, 146430176, 146431042, 176, 1042
1, 9763, 146445176, 146447637, 176, 2637
1, 9764, 146460176, 146461042, 176, 1042
1, 9765, 146475176, 146476812, 176, 1812
1, 9766, 146490176, 146491042, 176, 1042
1, 9767, 146505176, 146506042, 176, 1042
1, 9768, 146520176, 146521042, 176, 1042
1, 9769, 146535176, 146536042, 176, 1042
1, 977, 14655176, 14656042, 176, 1042
1, 9770, 146550176, 146551042, 176, 1042
1, 9771, 146565176, 146566042, 176, 1042
1, 9772, 146580176, 146583823, 176, 3823
1, 9773, 146595176, 146596042, 176, 1042
1, 9774, 146610176, 146611042, 176, 1042
1, 9775, 146625176, 146626042, 176, 1042
1, 9776, 146640176, 146641042, 176, 1042
1, 9777, 146655176, 146656794, 176, 1794
1, 9778, 146670176, 146671042, 176, 1042
1, 9779, 146685176, 146687397, 176, 2397
1, 978, 14670176, 14671042, 176, 1042
1, 9780, 146700176, 146701042, 176, 1042
1, 9781, 146715176, 146716042, 176, 1042
1, 9782, 146730176, 146731042, 176, 1042
1, 9783, 146745176, 146746042, 176, 1042
1, 9784, 146760176, 146761042, 176, 1042
1, 9785, 146775176, 146776042, 176, 1042
1, 9786, 146790176, 146793823, 176, 3823
1, 9787, 146805176, 146806042, 176, 1042
1, 9788, 146820176, 146821042, 176, 1042
1, 9789, 146835176, 146836042, 176, 1042
1, 979, 14685176, 14686042, 176, 1042
1, 9790, 146850176, 146851042, 176, 1042
1, 9791, 146865176, 146866042, 176, 1042
1, 9792, 146880176, 146881042, 176, 1042
1, 9793, 146895176, 146896042, 176, 1042
1, 9794, 146910176, 146911042, 176, 1042
1, 9795, 146925176, 146926042, 176, 1042
1, 9796, 146940176, 146941042, 176, 1042
1, 9797, 146955176, 146956042, 176, 1042
1, 9798, 146970176, 146971042, 176, 1042
1, 9799, 146985176, 146986042, 176, 1042
1, 98, 1470176, 1473823, 176, 3823
1, 980, 14700176, 14705258, 176, 5258
1, 9800, 147000176, 147005410, 176, 5410
1, 9801, 147015176, 147016042, 176, 1042
1, 9802, 147030176, 147031042, 176, 1042
1, 9803, 147045176, 147046042, 176, 1042
1, 9804, 147060176, 147061042, 176, 1042
1, 9805, 147075176, 147076042, 176, 1042
1, 9806, 147090176, 147091042, 176, 1042
1, 9807, 147105176, 147106042, 176, 1042
1, 9808, 147120176, 147121042, 176, 1042
1, 9809, 147135176, 147136042, 176, 1042
1, 981, 14715176, 14716042, 176, 1042
1, 9810, 147150176, 147151042, 176, 1042
1, 9811, 147165176, 147166042, 176, 1042
1, 9812, 147180176, 147181042, 176, 1042
1, 9813, 147195176, 147196042, 176, 1042
1, 9814, 147210176, 147213823, 176, 3823
1, 9815, 147225176, 147226042, 176, 1042
1, 9816, 147240176, 147241042, 176, 1042
1, 9817, 147255176, 147256042, 176, 1042
1, 9818, 147270176, 147271042, 176, 1042
1, 9819, 147285176, 147289464, 176, 4464
1, 982, 14730176, 14731042, 176, 1042
1, 9820, 147300176, 147301042, 176, 1042
1, 9821, 147315176, 147316042, 176, 1042
1, 9822, 147330176, 147331042, 176, 1042
1, 9823, 147345176, 147346042, 176, 1042
1, 9824, 147360176, 147361042, 176, 1042
1, 9825, 147375176, 147376042, 176, 1042
1, 9826, 147390176, 147391042, 176, 1042
1, 9827, 147405176, 147406042, 176, 1042
1, 9828, 147420176, 147423823, 176, 3823
1, 9829, 147435176, 147436042, 176, 1042
1, 983, 14745176, 14746042, 176, 1042
1, 9830, 147450176, 147451042, 176, 1042
1, 9831, 147465176, 147466042, 176, 1042
1, 9832, 147480176, 147481042, 176, 1042
1, 9833, 147495176, 147496042, 176, 1042
1, 9834, 147510176, 147511042, 176, 1042
1, 9835, 147525176, 147527397, 176, 2397
1, 9836, 147540176, 147541042, 176, 1042
1, 9837, 147555176, 147556042, 176, 1042
1, 9838, 147570176, 147571042, 176, 1042
1, 9839, 147585176, 147586042, 176, 1042
1, 984, 14760176, 14761042, 176, 1042
1, 9840, 147600176, 147605452, 176, 5452
1, 9841, 147615176, 147616042, 176, 1042
1, 9842, 147630176, 147634295, 176, 4295
1, 9843, 147645176, 147646042, 176, 1042
1, 9844, 147660176, 147661042, 176, 1042
1, 9845, 147675176, 147676042, 176, 1042
1, 9846, 147690176, 147691042, 176, 1042
1, 9847, 147705176, 147706794, 176, 1794
1, 9848, 147720176, 147721042, 176, 1042
1, 9849, 147735176, 147736042, 176, 1042
1, 985, 14775176, 14776042, 176, 1042
1, 9850, 147750176, 147751042, 176, 1042
1, 9851, 147765176, 147766042, 176, 1042
1, 9852, 147780176, 147781042, 176, 1042
1, 9853, 147795176, 147796042, 176, 1042
1, 9854, 147810176, 147811042, 176, 1042
1, 9855, 147825176, 147826042, 176, 1042
1, 9856, 147840176, 147848487, 176, 8487
1, 9857, 147855176, 147856042, 176, 1042
1, 9858, 147870176, 147871042, 176, 1042
1, 9859, 147885176, 147886042, 176, 1042
1, 986, 14790176, 14791042, 176, 1042
1, 9860, 147900176, 147901042, 176, 1042
1, 9861, 147915176, 147916042, 176, 1042
1, 9862, 147930176, 147931042, 176, 1042
1, 9863, 147945176, 147946042, 176, 1042
1, 9864, 147960176, 147961042, 176, 1042
1, 9865, 147975176, 147976042, 176, 1042
1, 9866, 147990176, 147991042, 176, 1042
1, 9867, 148005176, 148006042, 176, 1042
1, 9868, 148020176, 148021042, 176, 1042
1, 9869, 148035176, 148036042, 176, 1042
1, 987, 14805176, 14807083, 176, 2083
1, 9870, 148050176, 148055258, 176, 5258
1, 9871, 148065176, 148066042, 176, 1042
1, 9872, 148080176, 148081042, 176, 1042
1, 9873, 148095176, 148096042, 176, 1042
1, 9874, 148110176, 148111042, 176, 1042
1, 9875, 148125176, 148128588, 176, 3588
1, 9876, 148140176, 148141042, 176, 1042
1, 9877, 148155176, 148156042, 176, 1042
1, 9878, 148170176, 148171042, 176, 1042
1, 9879, 148185176, 148186042, 176, 1042
1, 988, 14820176, 14821042, 176, 1042
1, 9880, 148200176, 148202940, 176, 2940
1, 9881, 148215176, 148216042, 176, 1042
1, 9882, 148230176, 148231042, 176, 1042
1, 9883, 148245176, 148246042, 176, 1042
1, 9884, 148260176, 148263823, 176, 3823
1, 9885, 148275176, 148276042, 176, 1042
1, 9886, 148290176, 148291042, 176, 1042
1, 9887, 148305176, 148306042, 176, 1042
1, 9888, 148320176, 148321042, 176, 1042
1, 9889, 148335176, 148336042, 176, 1042
1, 989, 14835176, 14836042, 176, 1042
1, 9890, 148350176, 148351042, 176, 1042
1, 9891, 148365176, 148366812, 176, 1812
1, 9892, 148380176, 148381042, 176, 1042
1, 9893, 148395176, 148396042, 176, 1042
1, 9894, 148410176, 148411042, 176, 1042
1, 9895, 148425176, 148426042, 176, 1042
1, 9896, 148440176, 148441042, 176, 1042
1, 9897, 148455176, 148456042, 176, 1042
1, 9898, 148470176, 148473823, 176, 3823
1, 9899, 148485176, 148486042, 176, 1042
1, 99, 1485176, 1486042, 176, 1042
1, 990, 14850176, 14851042, 176, 1042
1, 9900, 148500176, 148501042, 176, 1042
1, 9901, 148515176, 148516042, 176, 1042
1, 9902, 148530176, 148531042, 176, 1042
1, 9903, 148545176, 148546042, 176, 1042
1, 9904, 148560176, 148561042, 176, 1042
1, 9905, 148575176, 148576812, 176, 1812
1, 9906, 148590176, 148591042, 176, 1042
1, 9907, 148605176, 148606042, 176, 1042
1, 9908, 148620176, 148621042, 176, 1042
1, 9909, 148635176, 148636042, 176, 1042
1, 991, 14865176, 14866042, 176, 1042
1, 9910, 148650176, 148651042, 176, 1042
1, 9911, 148665176, 148666042, 176, 1042
1, 9912, 148680176, 148685457, 176, 5457
1, 9913, 148695176, 148696042, 176, 1042
1, 9914, 148710176, 148711042, 176, 1042
1, 9915, 148725176, 148726042, 176, 1042
1, 9916, 148740176, 148741042, 176, 1042
1, 9917, 148755176, 148756794, 176, 1794
1, 9918, 148770176, 148771042, 176, 1042
1, 9919, 148785176, 148786042, 176, 1042
1, 992, 14880176, 14882493, 176, 2493
1, 9920, 148800176, 148802940, 176, 2940
1, 9921, 148815176, 148816042, 176, 1042
1, 9922, 148830176, 148831042, 176, 1042
1, 9923, 148845176, 148846042, 176, 1042
1, 9924, 148860176, 148861042, 176, 1042
1, 9925, 148875176, 148876042, 176, 1042
1, 9926, 148890176, 148893823, 176, 3823
1, 9927, 148905176, 148906042, 176, 1042
1, 9928, 148920176, 148921042, 176, 1042
1, 9929, 148935176, 148936042, 176, 1042
1, 993, 14895176, 14896042, 176, 1042
1, 9930, 148950176, 148951042, 176, 1042
1, 9931, 148965176, 148979647, 176, 14647
1, 9932, 148980176, 148981042, 176, 1042
1, 9933, 148995176, 148996042, 176, 1042
1, 9934, 149010176, 149011042, 176, 1042
1, 9935, 149025176, 149026042, 176, 1042
1, 9936, 149040176, 149041042, 176, 1042
1, 9937, 149055176, 149056042, 176, 1042
1, 9938, 149070176, 149071042, 176, 1042
1, 9939, 149085176, 149086042, 176, 1042
1, 994, 14910176, 14913823, 176, 3823
1, 9940, 149100176, 149105258, 176, 5258
1, 9941, 149115176, 149116042, 176, 1042
1, 9942, 149130176, 149131042, 176, 1042
1, 9943, 149145176, 149146042, 176, 1042
1, 9944, 149160176, 149161042, 176, 1042
1, 9945, 149175176, 149176042, 176, 1042
1, 9946, 149190176, 149191042, 176, 1042
1, 9947, 149205176, 149207083, 176, 2083
1, 9948, 149220176, 149221042, 176, 1042
1, 9949, 149235176, 149236042, 176, 1042
1, 995, 14925176, 14926042, 176, 1042
1, 9950, 149250176, 149251042, 176, 1042
1, 9951, 149265176, 149266042, 176, 1042
1, 9952, 149280176, 149282493, 176, 2493
1, 9953, 149295176, 149296042, 176, 1042
1, 9954, 149310176, 149313823, 176, 3823
1, 9955, 149325176, 149326042, 176, 1042
1, 9956, 149340176, 149341042, 176, 1042
1, 9957, 149355176, 149356042, 176, 1042
1, 9958, 149370176, 149371042, 176, 1042
1, 9959, 149385176, 149386042, 176, 1042
1, 996, 14940176, 14941042, 176, 1042
1, 9960, 149400176, 149401042, 176, 1042
1, 9961, 149415176, 149416042, 176, 1042
1, 9962, 149430176, 149431042, 176, 1042
1, 9963, 149445176, 149446042, 176, 1042
1, 9964, 149460176, 149461042, 176, 1042
1, 9965, 149475176, 149476042, 176, 1042
1, 9966, 149490176, 149491042, 176, 1042
1, 9967, 149505176, 149506042, 176, 1042
1, 9968, 149520176, 149528487, 176, 8487
1, 9969, 149535176, 149536042, 176, 1042
1, 997, 14955176, 14956042, 176, 1042
1, 9970, 149550176, 149551042, 176, 1042
1, 9971, 149565176, 149566042, 176, 1042
1, 9972, 149580176, 149581042, 176, 1042
1, 9973, 149595176, 149596042, 176, 1042
1, 9974, 149610176, 149611042, 176, 1042
1, 9975, 149625176, 149627397, 176, 2397
1, 9976, 149640176, 149641042, 176, 1042
1, 9977, 149655176, 149656042, 176, 1042
1, 9978, 149670176, 149671042, 176, 1042
1, 9979, 149685176, 149686042, 176, 1042
1, 998, 14970176, 14971042, 176, 1042
1, 9980, 149700176, 149701042, 176, 1042
1, 9981, 149715176, 149716042, 176, 1042
1, 9982, 149730176, 149733823, 176, 3823
1, 9983, 149745176, 149746042, 176, 1042
1, 9984, 149760176, 149761042, 176, 1042
1, 9985, 149775176, 149776042, 176, 1042
1, 9986, 149790176, 149791042, 176, 1042
1, 9987, 149805176, 149808588, 176, 3588
1, 9988, 149820176, 149821042, 176, 1042
1, 9989, 149835176, 149836042, 176, 1042
1, 999, 14985176, 14986042, 176, 1042
1, 9990, 149850176, 149851042, 176, 1042
1, 9991, 149865176, 149866042, 176, 1042
1, 9992, 149880176, 149881042, 176, 1042
1, 9993, 149895176, 149896042, 176, 1042
1, 9994, 149910176, 149911042, 176, 1042
1, 9995, 149925176, 149926042, 176, 1042
1, 9996, 149940176, 149943823, 176, 3823
1, 9997, 149955176, 149956042, 176, 1042
1, 9998, 149970176, 149971042, 176, 1042
1, 9999, 149985176, 149986042, 176, 1042
2, 0, 1483, 12401, 1483, 12401
2, 1, 26483, 28721, 1483, 3721
2, 10, 251483, 253721, 1483, 3721
2, 100, 2501483, 2503721, 1483, 3721
2, 1000, 25001483, 25003721, 1483, 3721
2, 1001, 25026483, 25028721, 1483, 3721
2, 1002, 25051483, 25053721, 1483, 3721
2, 1003, 25076483, 25078721, 1483, 3721
2, 1004, 25101483, 25103721, 1483, 3721
2, 1005, 25126483, 25128721, 1483, 3721
2, 1006, 25151483, 25153721, 1483, 3721
2, 1007, 25176483, 25178721, 1483, 3721
2, 1008, 25201483, 25211312, 1483, 11312
2, 1009, 25226483, 25228721, 1483, 3721
2, 101, 2526483, 2530767, 1483, 5767
2, 1010, 25251483, 25253721, 1483, 3721
2, 1011, 25276483, 25280640, 1483, 5640
2, 1012, 25301483, 25303721, 1483, 3721
2, 1013, 25326483, 25328721, 1483, 3721
2, 1014, 25351483, 25353721, 1483, 3721
2, 1015, 25376483, 25378721, 1483, 3721
2, 1016, 25401483, 25403721, 1483, 3721
2, 1017, 25426483, 25428721, 1483, 3721
2, 1018, 25451483, 25453721, 1483, 3721
2, 1019, 25476483, 25478721, 1483, 3721
2, 102, 2551483, 2553721, 1483, 3721
2, 1020, 25501483, 25503721, 1483, 3721
2, 1021, 25526483, 25528721, 1483, 3721
2, 1022, 25551483, 25556502, 1483, 6502
2, 1023, 25576483, 25578721, 1483, 3721
2, 1024, 25601483, 25603721, 1483, 3721
2, 1025, 25626483, 25628721, 1483, 3721
2, 1026, 25651483, 25653721, 1483, 3721
2, 1027, 25676483, 25678721, 1483, 3721
2, 1028, 25701483, 25703721, 1483, 3721
2, 1029, 25726483, 25729783, 1483, 4783
2, 103, 2576483, 2578721, 1483, 3721
2, 1030, 25751483, 25753721, 1483, 3721
2, 1031, 25776483, 25778721, 1483, 3721
2, 1032, 25801483, 25804013, 1483, 4013
2, 1033, 25826483, 25828721, 1483, 3721
2, 1034, 25851483, 25853721, 1483, 3721
2, 1035, 25876483, 25878721, 1483, 3721
2, 1036, 25901483, 25906502, 1483, 6502
2, 1037, 25926483, 25928721, 1483, 3721
2, 1038, 25951483, 25953721, 1483, 3721
2, 1039, 25976483, 25978721, 1483, 3721
2, 104, 2601483, 2603721, 1483, 3721
2, 1040, 26001483, 26003721, 1483, 3721
2, 1041, 26026483, 26028721, 1483, 3721
2, 1042, 26051483, 26053721, 1483, 3721
2, 1043, 26076483, 26078721, 1483, 3721
2, 1044, 26101483, 26103721, 1483, 3721
2, 1045, 26126483, 26128721, 1483, 3721
2, 1046, 26151483, 26153721, 1483, 3721
2, 1047, 26176483, 26178721, 1483, 3721
2, 1048, 26201483, 26203721, 1483, 3721
2, 1049, 26226483, 26228721, 1483, 3721
2, 105, 2626483, 2629013, 1483, 4013
2, 1050, 26251483, 26256648, 1483, 6648
2, 1051, 26276483, 26278721, 1483, 3721
2, 1052, 26301483, 26303721, 1483, 3721
2, 1053, 26326483, 26339783, 1483, 14783
2, 1054, 26351483, 26353721, 1483, 3721
2, 1055, 26376483, 26378721, 1483, 3721
2, 1056, 26401483, 26404013, 1483, 4013
2, 1057, 26426483, 26428721, 1483, 3721
2, 1058, 26451483, 26453721, 1483, 3721
2, 1059, 26476483, 26478721, 1483, 3721
2, 106, 2651483, 2653721, 1483, 3721
2, 1060, 26501483, 26503721, 1483, 3721
2, 1061, 26526483, 26528721, 1483, 3721
2, 1062, 26551483, 26553721, 1483, 3721
2, 1063, 26576483, 26578721, 1483, 3721
2, 1064, 26601483, 26612255, 1483, 12255
2, 1065, 26626483, 26628721, 1483, 3721
2, 1066, 26651483, 26653721, 1483, 3721
2, 1067, 26676483, 26678721, 1483, 3721
2, 1068, 26701483, 26703721, 1483, 3721
2, 1069, 26726483, 26728721, 1483, 3721
2, 107, 2676483, 2678721, 1483, 3721
2, 1070, 26751483, 26753721, 1483, 3721
2, 1071, 26776483, 26779013, 1483, 4013
2, 1072, 26801483, 26803721, 1483, 3721
2, 1073, 26826483, 26828721, 1483, 3721
2, 1074, 26851483, 26853721, 1483, 3721
2, 1075, 26876483, 26878721, 1483, 3721
2, 1076, 26901483, 26903721, 1483, 3721
2, 1077, 26926483, 26928721, 1483, 3721
2, 1078, 26951483, 26956502, 1483, 6502
2, 1079, 26976483, 26978721, 1483, 3721
2, 108, 2701483, 2703721, 1483, 3721
2, 1080, 27001483, 27003721, 1483, 3721
2, 1081, 27026483, 27028721, 1483, 3721
2, 1082, 27051483, 27053721, 1483, 3721
2, 1083, 27076483, 27078721, 1483, 3721
2, 1084, 27101483, 27103721, 1483, 3721
2, 1085, 27126483, 27129491, 1483, 4491
2, 1086, 27151483, 27153721, 1483, 3721
2, 1087, 27176483, 27178721, 1483, 3721
2, 1088, 27201483, 27205179, 1483, 5179
2, 1089, 27226483, 27228721, 1483, 3721
2, 109, 2726483, 2728721, 1483, 3721
2, 1090, 27251483, 27253721, 1483, 3721
2, 1091, 27276483, 27278721, 1483, 3721
2, 1092, 27301483, 27306648, 1483, 6648
2, 1093, 27326483, 27328721, 1483, 3721
2, 1094, 27351483, 27353721, 1483, 3721
2, 1095, 27376483, 27378721, 1483, 3721
2, 1096, 27401483, 27403721, 1483, 3721
2, 1097, 27426483, 27428721, 1483, 3721
2, 1098, 27451483, 27453721, 1483, 3721
2, 1099, 27476483, 27478721, 1483, 3721
2, 11, 276483, 278721, 1483, 3721
2, 110, 2751483, 2753721, 1483, 3721
2, 1100, 27501483, 27503721, 1483, 3721
2, 1101, 27526483, 27528721, 1483, 3721
2, 1102, 27551483, 27553721, 1483, 3721
2, 1103, 27576483, 27578721, 1483, 3721
2, 1104, 27601483, 27604013, 1483, 4013
2, 1105, 27626483, 27628721, 1483, 3721
2, 1106, 27651483, 27657711, 1483, 7711
2, 1107, 27676483, 27678721, 1483, 3721
2, 1108, 27701483, 27703721, 1483, 3721
2, 1109, 27726483, 27730767, 1483, 5767
2, 111, 2776483, 2778721, 1483, 3721
2, 1110, 27751483, 27753721, 1483, 3721
2, 1111, 27776483, 27778721, 1483, 3721
2, 1112, 27801483, 27803721, 1483, 3721
2, 1113, 27826483, 27829013, 1483, 4013
2, 1114, 27851483, 27853721, 1483, 3721
2, 1115, 27876483, 27878721, 1483, 3721
2, 1116, 27901483, 27903721, 1483, 3721
2, 1117, 27926483, 27928721, 1483, 3721
2, 1118, 27951483, 27953721, 1483, 3721
2, 1119, 27976483, 27978721, 1483, 3721
2, 112, 2801483, 2811312, 1483, 11312
2, 1120, 28001483, 28011312, 1483, 11312
2, 1121, 28026483, 28028721, 1483, 3721
2, 1122, 28051483, 28053721, 1483, 3721
2, 1123, 28076483, 28078721, 1483, 3721
2, 1124, 28101483, 28103721, 1483, 3721
2, 1125, 28126483, 28128721, 1483, 3721
2, 1126, 28151483, 28153721, 1483, 3721
2, 1127, 28176483, 28178721, 1483, 3721
2, 1128, 28201483, 28203721, 1483, 3721
2, 1129, 28226483, 28228721, 1483, 3721
2, 113, 2826483, 2828721, 1483, 3721
2, 1130, 28251483, 28253721, 1483, 3721
2, 1131, 28276483, 28278721, 1483, 3721
2, 1132, 28301483, 28303721, 1483, 3721
2, 1133, 28326483, 28328721, 1483, 3721
2, 1134, 28351483, 28356648, 1483, 6648
2, 1135, 28376483, 28378721, 1483, 3721
2, 1136, 28401483, 28403721, 1483, 3721
2, 1137, 28426483, 28428721, 1483, 3721
2, 1138, 28451483, 28453721, 1483, 3721
2, 1139, 28476483, 28478721, 1483, 3721
2, 114, 2851483, 2853721, 1483, 3721
2, 1140, 28501483, 28503721, 1483, 3721
2, 1141, 28526483, 28529491, 1483, 4491
2, 1142, 28551483, 28553721, 1483, 3721
2, 1143, 28576483, 28578721, 1483, 3721
2, 1144, 28601483, 28605179, 1483, 5179
2, 1145, 28626483, 28628721, 1483, 3721
2, 1146, 28651483, 28653721, 1483, 3721
2, 1147, 28676483, 28678721, 1483, 3721
2, 1148, 28701483, 28706502, 1483, 6502
2, 1149, 28726483, 28728721, 1483, 3721
2, 115, 2876483, 2878721, 1483, 3721
2, 1150, 28751483, 28753721, 1483, 3721
2, 1151, 28776483, 28778721, 1483, 3721
2, 1152, 28801483, 28804013, 1483, 4013
2, 1153, 28826483, 28828721, 1483, 3721
2, 1154, 28851483, 28853721, 1483, 3721
2, 1155, 28876483, 28879013, 1483, 4013
2, 1156, 28901483, 28903721, 1483, 3721
2, 1157, 28926483, 28928721, 1483, 3721
2, 1158, 28951483, 28953721, 1483, 3721
2, 1159, 28976483, 28978721, 1483, 3721
2, 116, 2901483, 2903721, 1483, 3721
2, 1160, 29001483, 29003721, 1483, 3721
2, 1161, 29026483, 29028721, 1483, 3721
2, 1162, 29051483, 29056502, 1483, 6502
2, 1163, 29076483, 29078721, 1483, 3721
2, 1164, 29101483, 29103721, 1483, 3721
2, 1165, 29126483, 29132219, 1483, 7219
2, 1166, 29151483, 29153721, 1483, 3721
2, 1167, 29176483, 29178721, 1483, 3721
2, 1168, 29201483, 29203721, 1483, 3721
2, 1169, 29226483, 29228721, 1483, 3721
2, 117, 2926483, 2928721, 1483, 3721
2, 1170, 29251483, 29253721, 1483, 3721
2, 1171, 29276483, 29278721, 1483, 3721
2, 1172, 29301483, 29303721, 1483, 3721
2, 1173, 29326483, 29328721, 1483, 3721
2, 1174, 29351483, 29353721, 1483, 3721
2, 1175, 29376483, 29378721, 1483, 3721
2, 1176, 29401483, 29407266, 1483, 7266
2, 1177, 29426483, 29428721, 1483, 3721
2, 1178, 29451483, 29453721, 1483, 3721
2, 1179, 29476483, 29478721, 1483, 3721
2, 118, 2951483, 2953721, 1483, 3721
2, 1180, 29501483, 29503721, 1483, 3721
2, 1181, 29526483, 29528721, 1483, 3721
2, 1182, 29551483, 29553721, 1483, 3721
2, 1183, 29576483, 29578721, 1483, 3721
2, 1184, 29601483, 29603721, 1483, 3721
2, 1185, 29626483, 29628721, 1483, 3721
2, 1186, 29651483, 29653721, 1483, 3721
2, 1187, 29676483, 29678721, 1483, 3721
2, 1188, 29701483, 29703721, 1483, 3721
2, 1189, 29726483, 29728721, 1483, 3721
2, 119, 2976483, 2978721, 1483, 3721
2, 1190, 29751483, 29756502, 1483, 6502
2, 1191, 29776483, 29778721, 1483, 3721
2, 1192, 29801483, 29803721, 1483, 3721
2, 1193, 29826483, 29828721, 1483, 3721
2, 1194, 29851483, 29853721, 1483, 3721
2, 1195, 29876483, 29878721, 1483, 3721
2, 1196, 29901483, 29903721, 1483, 3721
2, 1197, 29926483, 29931304, 1483, 6304
2, 1198, 29951483, 29953721, 1483, 3721
2, 1199, 29976483, 29978721, 1483, 3721
2, 12, 301483, 303721, 1483, 3721
2, 120, 3001483, 3003721, 1483, 3721
2, 1200, 30001483, 30005325, 1483, 5325
2, 1201, 30026483, 30028721, 1483, 3721
2, 1202, 30051483, 30053721, 1483, 3721
2, 1203, 30076483, 30078721, 1483, 3721
2, 1204, 30101483, 30106502, 1483, 6502
2, 1205, 30126483, 30128721, 1483, 3721
2, 1206, 30151483, 30153721, 1483, 3721
2, 1207, 30176483, 30178721, 1483, 3721
2, 1208, 30201483, 30203721, 1483, 3721
2, 1209, 30226483, 30228721, 1483, 3721
2, 121, 3026483, 3028721, 1483, 3721
2, 1210, 30251483, 30253721, 1483, 3721
2, 1211, 30276483, 30278721, 1483, 3721
2, 1212, 30301483, 30303721, 1483, 3721
2, 1213, 30326483, 30328721, 1483, 3721
2, 1214, 30351483, 30353721, 1483, 3721
2, 1215, 30376483, 30378721, 1483, 3721
2, 1216, 30401483, 30405619, 1483, 5619
2, 1217, 30426483, 30428721, 1483, 3721
2, 1218, 30451483, 30456648, 1483, 6648
2, 1219, 30476483, 30478721, 1483, 3721
2, 122, 3051483, 3053721, 1483, 3721
2, 1220, 30501483, 30503721, 1483, 3721
2, 1221, 30526483, 30531059, 1483, 6059
2, 1222, 30551483, 30553721, 1483, 3721
2, 1223, 30576483, 30578721, 1483, 3721
2, 1224, 30601483, 30603721, 1483, 3721
2, 1225, 30626483, 30628721, 1483, 3721
2, 1226, 30651483, 30653721, 1483, 3721
2, 1227, 30676483, 30678721, 1483, 3721
2, 1228, 30701483, 30703721, 1483, 3721
2, 1229, 30726483, 30728721, 1483, 3721
2, 123, 3076483, 3078721, 1483, 3721
2, 1230, 30751483, 30753721, 1483, 3721
2, 1231, 30776483, 30778721, 1483, 3721
2, 1232, 30801483, 30811166, 1483, 11166
2, 1233, 30826483, 30828721, 1483, 3721
2, 1234, 30851483, 30853721, 1483, 3721
2, 1235, 30876483, 30878721, 1483, 3721
2, 1236, 30901483, 30903721, 1483, 3721
2, 1237, 30926483, 30928721, 1483, 3721
2, 1238, 30951483, 30953721, 1483, 3721
2, 1239, 30976483, 30979783, 1483, 4783
2, 124, 3101483, 3103721, 1483, 3721
2, 1240, 31001483, 31003721, 1483, 3721
2, 1241, 31026483, 31028721, 1483, 3721
2, 1242, 31051483, 31053721, 1483, 3721
2, 1243, 31076483, 31078721, 1483, 3721
2, 1244, 31101483, 31103721, 1483, 3721
2, 1245, 31126483, 31128721, 1483, 3721
2, 1246, 31151483, 31156502, 1483, 6502
2, 1247, 31176483, 31178721, 1483, 3721
2, 1248, 31201483, 31204013, 1483, 4013
2, 1249, 31226483, 31228721, 1483, 3721
2, 125, 3126483, 3128721, 1483, 3721
2, 1250, 31251483, 31253721, 1483, 3721
2, 1251, 31276483, 31278721, 1483, 3721
2, 1252, 31301483, 31303721, 1483, 3721
2, 1253, 31326483, 31329491, 1483, 4491
2, 1254, 31351483, 31353721, 1483, 3721
2, 1255, 31376483, 31378721, 1483, 3721
2, 1256, 31401483, 31403721, 1483, 3721
2, 1257, 31426483, 31428721, 1483, 3721
2, 1258, 31451483, 31453721, 1483, 3721
2, 1259, 31476483, 31478721, 1483, 3721
2, 126, 3151483, 3156648, 1483, 6648
2, 1260, 31501483, 31506648, 1483, 6648
2, 1261, 31526483, 31528721, 1483, 3721
2, 1262, 31551483, 31553721, 1483, 3721
2, 1263, 31576483, 31578721, 1483, 3721
2, 1264, 31601483, 31603721, 1483, 3721
2, 1265, 31626483, 31628721, 1483, 3721
2, 1266, 31651483, 31653721, 1483, 3721
2, 1267, 31676483, 31678721, 1483, 3721
2, 1268, 31701483, 31703721, 1483, 3721
2, 1269, 31726483, 31728721, 1483, 3721
2, 127, 3176483, 3178721, 1483, 3721
2, 1270, 31751483, 31753721, 1483, 3721
2, 1271, 31776483, 31778721, 1483, 3721
2, 1272, 31801483, 31803721, 1483, 3721
2, 1273, 31826483, 31828721, 1483, 3721
2, 1274, 31851483, 31856502, 1483, 6502
2, 1275, 31876483, 31878721, 1483, 3721
2, 1276, 31901483, 31903721, 1483, 3721
2, 1277, 31926483, 31944610, 1483, 19610
2, 1278, 31951483, 31953721, 1483, 3721
2, 1279, 31976483, 31978721, 1483, 3721
2, 128, 3201483, 3203721, 1483, 3721
2, 1280, 32001483, 32003721, 1483, 3721
2, 1281, 32026483, 32029013, 1483, 4013
2, 1282, 32051483, 32053721, 1483, 3721
2, 1283, 32076483, 32078721, 1483, 3721
2, 1284, 32101483, 32103721, 1483, 3721
2, 1285, 32126483, 32128721, 1483, 3721
2, 1286, 32151483, 32153721, 1483, 3721
2, 1287, 32176483, 32178721, 1483, 3721
2, 1288, 32201483, 32206974, 1483, 6974
2, 1289, 32226483, 32228721, 1483, 3721
2, 129, 3226483, 3228721, 1483, 3721
2, 1290, 32251483, 32253721, 1483, 3721
2, 1291, 32276483, 32278721, 1483, 3721
2, 1292, 32301483, 32303721, 1483, 3721
2, 1293, 32326483, 32328721, 1483, 3721
2, 1294, 32351483, 32353721, 1483, 3721
2, 1295, 32376483, 32378721, 1483, 3721
2, 1296, 32401483, 32405824, 1483, 5824
2, 1297, 32426483, 32428721, 1483, 3721
2, 1298, 32451483, 32453721, 1483, 3721
2, 1299, 32476483, 32478721, 1483, 3721
2, 13, 326483, 328721, 1483, 3721
2, 130, 3251483, 3253721, 1483, 3721
2, 1300, 32501483, 32503721, 1483, 3721
2, 1301, 32526483, 32528721, 1483, 3721
2, 1302, 32551483, 32556648, 1483, 6648
2, 1303, 32576483, 32578721, 1483, 3721
2, 1304, 32601483, 32603721, 1483, 3721
2, 1305, 32626483, 32628721, 1483, 3721
2, 1306, 32651483, 32653721, 1483, 3721
2, 1307, 32676483, 32678721, 1483, 3721
2, 1308, 32701483, 32703721, 1483, 3721
2, 1309, 32726483, 32729491, 1483, 4491
2, 131, 3276483, 3278721, 1483, 3721
2, 1310, 32751483, 32753721, 1483, 3721
2, 1311, 32776483, 32778721, 1483, 3721
2, 1312, 32801483, 32805179, 1483, 5179
2, 1313, 32826483, 32828721, 1483, 3721
2, 1314, 32851483, 32853721, 1483, 3721
2, 1315, 32876483, 32878721, 1483, 3721
2, 1316, 32901483, 32906502, 1483, 6502
2, 1317, 32926483, 32928721, 1483, 3721
2, 1318, 32951483, 32953721, 1483, 3721
2, 1319, 32976483, 32979342, 1483, 4342
2, 132, 3301483, 3303721, 1483, 3721
2, 1320, 33001483, 33003721, 1483, 3721
2, 1321, 33026483, 33028721, 1483, 3721
2, 1322, 33051483, 33053721, 1483, 3721
2, 1323, 33076483, 33079013, 1483, 4013
2, 1324, 33101483, 33103721, 1483, 3721
2, 1325, 33126483, 33128721, 1483, 3721
2, 1326, 33151483, 33153721, 1483, 3721
2, 1327, 33176483, 33178721, 1483, 3721
2, 1328, 33201483, 33203721, 1483, 3721
2, 1329, 33226483, 33228721, 1483, 3721
2, 133, 3326483, 3329894, 1483, 4894
2, 1330, 33251483, 33256974, 1483, 6974
2, 1331, 33276483, 33278721, 1483, 3721
2, 1332, 33301483, 33303721, 1483, 3721
2, 1333, 33326483, 33330670, 1483, 5670
2, 1334, 33351483, 33353721, 1483, 3721
2, 1335, 33376483, 33378721, 1483, 3721
2, 1336, 33401483, 33403721, 1483, 3721
2, 1337, 33426483, 33428721, 1483, 3721
2, 1338, 33451483, 33453721, 1483, 3721
2, 1339, 33476483, 33478721, 1483, 3721
2, 134, 3351483, 3353721, 1483, 3721
2, 1340, 33501483, 33503721, 1483, 3721
2, 1341, 33526483, 33528721, 1483, 3721
2, 1342, 33551483, 33553721, 1483, 3721
2, 1343, 33576483, 33578721, 1483, 3721
2, 1344, 33601483, 33611312, 1483, 11312
2, 1345, 33626483, 33628721, 1483, 3721
2, 1346, 33651483, 33653721, 1483, 3721
2, 1347, 33676483, 33678721, 1483, 3721
2, 1348, 33701483, 33703721, 1483, 3721
2, 1349, 33726483, 33728721, 1483, 3721
2, 135, 3376483, 3378721, 1483, 3721
2, 1350, 33751483, 33753721, 1483, 3721
2, 1351, 33776483, 33778721, 1483, 3721
2, 1352, 33801483, 33803721, 1483, 3721
2, 1353, 33826483, 33828721, 1483, 3721
2, 1354, 33851483, 33853721, 1483, 3721
2, 1355, 33876483, 33878721, 1483, 3721
2, 1356, 33901483, 33903721, 1483, 3721
2, 1357, 33926483, 33928721, 1483, 3721
2, 1358, 33951483, 33956502, 1483, 6502
2, 1359, 33976483, 33978721, 1483, 3721
2, 136, 3401483, 3403721, 1483, 3721
2, 1360, 34001483, 34003721, 1483, 3721
2, 1361, 34026483, 34028721, 1483, 3721
2, 1362, 34051483, 34053721, 1483, 3721
2, 1363, 34076483, 34078721, 1483, 3721
2, 1364, 34101483, 34103721, 1483, 3721
2, 1365, 34126483, 34129783, 1483, 4783
2, 1366, 34151483, 34153721, 1483, 3721
2, 1367, 34176483, 34178721, 1483, 3721
2, 1368, 34201483, 34205325, 1483, 5325
2, 1369, 34226483, 34228721, 1483, 3721
2, 137, 3426483, 3428721, 1483, 3721
2, 1370, 34251483, 34253721, 1483, 3721
2, 1371, 34276483, 34278721, 1483, 3721
2, 1372, 34301483, 34307857, 1483, 7857
2, 1373, 34326483, 34328721, 1483, 3721
2, 1374, 34351483, 34353721, 1483, 3721
2, 1375, 34376483, 34378721, 1483, 3721
2, 1376, 34401483, 34403721, 1483, 3721
2, 1377, 34426483, 34428721, 1483, 3721
2, 1378, 34451483, 34453721, 1483, 3721
2, 1379, 34476483, 34478721, 1483, 3721
2, 138, 3451483, 3453721, 1483, 3721
2, 1380, 34501483, 34503721, 1483, 3721
2, 1381, 34526483, 34528721, 1483, 3721
2, 1382, 34551483, 34553721, 1483, 3721
2, 1383, 34576483, 34578721, 1483, 3721
2, 1384, 34601483, 34603721, 1483, 3721
2, 1385, 34626483, 34628721, 1483, 3721
2, 1386, 34651483, 34656648, 1483, 6648
2, 1387, 34676483, 34678721, 1483, 3721
2, 1388, 34701483, 34703721, 1483, 3721
2, 1389, 34726483, 34734482, 1483, 9482
2, 139, 3476483, 3478721, 1483, 3721
2, 1390, 34751483, 34753721, 1483, 3721
2, 1391, 34776483, 34778721, 1483, 3721
2, 1392, 34801483, 34804013, 1483, 4013
2, 1393, 34826483, 34828721, 1483, 3721
2, 1394, 34851483, 34853721, 1483, 3721
2, 1395, 34876483, 34878721, 1483, 3721
2, 1396, 34901483, 34903721, 1483, 3721
2, 1397, 34926483, 34928721, 1483, 3721
2, 1398, 34951483, 34953721, 1483, 3721
2, 1399, 34976483, 34978721, 1483, 3721
2, 14, 351483, 356502, 1483, 6502
2, 140, 3501483, 3506502, 1483, 6502
2, 1400, 35001483, 35006974, 1483, 6974
2, 1401, 35026483, 35028721, 1483, 3721
2, 1402, 35051483, 35053721, 1483, 3721
2, 1403, 35076483, 35078721, 1483, 3721
2, 1404, 35101483, 35103721, 1483, 3721
2, 1405, 35126483, 35128721, 1483, 3721
2, 1406, 35151483, 35153721, 1483, 3721
2, 1407, 35176483, 35179013, 1483, 4013
2, 1408, 35201483, 35203721, 1483, 3721
2, 1409, 35226483, 35228721, 1483, 3721
2, 141, 3526483, 3528721, 1483, 3721
2, 1410, 35251483, 35254013, 1483, 4013
2, 1411, 35276483, 35278721, 1483, 3721
2, 1412, 35301483, 35303721, 1483, 3721
2, 1413, 35326483, 35328721, 1483, 3721
2, 1414, 35351483, 35356502, 1483, 6502
2, 1415, 35376483, 35378721, 1483, 3721
2, 1416, 35401483, 35403721, 1483, 3721
2, 1417, 35426483, 35428721, 1483, 3721
2, 1418, 35451483, 35453721, 1483, 3721
2, 1419, 35476483, 35478721, 1483, 3721
2, 142, 3551483, 3553721, 1483, 3721
2, 1420, 35501483, 35503721, 1483, 3721
2, 1421, 35526483, 35529491, 1483, 4491
2, 1422, 35551483, 35553721, 1483, 3721
2, 1423, 35576483, 35578721, 1483, 3721
2, 1424, 35601483, 35605179, 1483, 5179
2, 1425, 35626483, 35628721, 1483, 3721
2, 1426, 35651483, 35653721, 1483, 3721
2, 1427, 35676483, 35678721, 1483, 3721
2, 1428, 35701483, 35706648, 1483, 6648
2, 1429, 35726483, 35728721, 1483, 3721
2, 143, 3576483, 3578721, 1483, 3721
2, 1430, 35751483, 35753721, 1483, 3721
2, 1431, 35776483, 35778721, 1483, 3721
2, 1432, 35801483, 35803721, 1483, 3721
2, 1433, 35826483, 35828721, 1483, 3721
2, 1434, 35851483, 35853721, 1483, 3721
2, 1435, 35876483, 35878721, 1483, 3721
2, 1436, 35901483, 35903721, 1483, 3721
2, 1437, 35926483, 35928721, 1483, 3721
2, 1438, 35951483, 35953721, 1483, 3721
2, 1439, 35976483, 35978721, 1483, 3721
2, 144, 3601483, 3604013, 1483, 4013
2, 1440, 36001483, 36004013, 1483, 4013
2, 1441, 36026483, 36028721, 1483, 3721
2, 1442, 36051483, 36056502, 1483, 6502
2, 1443, 36076483, 36078721, 1483, 3721
2, 1444, 36101483, 36103721, 1483, 3721
2, 1445, 36126483, 36130767, 1483, 5767
2, 1446, 36151483, 36153721, 1483, 3721
2, 1447, 36176483, 36178721, 1483, 3721
2, 1448, 36201483, 36203721, 1483, 3721
2, 1449, 36226483, 36229013, 1483, 4013
2, 145, 3626483, 3628721, 1483, 3721
2, 1450, 36251483, 36253721, 1483, 3721
2, 1451, 36276483, 36278721, 1483, 3721
2, 1452, 36301483, 36303721, 1483, 3721
2, 1453, 36326483, 36328721, 1483, 3721
2, 1454, 36351483, 36353721, 1483, 3721
2, 1455, 36376483, 36378721, 1483, 3721
2, 1456, 36401483, 36411312, 1483, 11312
2, 1457, 36426483, 36428721, 1483, 3721
2, 1458, 36451483, 36453721, 1483, 3721
2, 1459, 36476483, 36478721, 1483, 3721
2, 146, 3651483, 3653721, 1483, 3721
2, 1460, 36501483, 36503721, 1483, 3721
2, 1461, 36526483, 36528721, 1483, 3721
2, 1462, 36551483, 36553721, 1483, 3721
2, 1463, 36576483, 36579491, 1483, 4491
2, 1464, 36601483, 36603721, 1483, 3721
2, 1465, 36626483, 36628721, 1483, 3721
2, 1466, 36651483, 36653721, 1483, 3721
2, 1467, 36676483, 36678721, 1483, 3721
2, 1468, 36701483, 36703721, 1483, 3721
2, 1469, 36726483, 36728721, 1483, 3721
2, 147, 3676483, 3679013, 1483, 4013
2, 1470, 36751483, 36756648, 1483, 6648
2, 1471, 36776483, 36778721, 1483, 3721
2, 1472, 36801483, 36803721, 1483, 3721
2, 1473, 36826483, 36828721, 1483, 3721
2, 1474, 36851483, 36853721, 1483, 3721
2, 1475, 36876483, 36878721, 1483, 3721
2, 1476, 36901483, 36903721, 1483, 3721
2, 1477, 36926483, 36929491, 1483, 4491
2, 1478, 36951483, 36953721, 1483, 3721
2, 1479, 36976483, 36978721, 1483, 3721
2, 148, 3701483, 3703721, 1483, 3721
2, 1480, 37001483, 37003721, 1483, 3721
2, 1481, 37026483, 37028721, 1483, 3721
2, 1482, 37051483, 37053721, 1483, 3721
2, 1483, 37076483, 37078721, 1483, 3721
2, 1484, 37101483, 37106502, 1483, 6502
2, 1485, 37126483, 37128721, 1483, 3721
2, 1486, 37151483, 37153721, 1483, 3721
2, 1487, 37176483, 37178721, 1483, 3721
2, 1488, 37201483, 37204013, 1483, 4013
2, 1489, 37226483, 37228721, 1483, 3721
2, 149, 3726483, 3728721, 1483, 3721
2, 1490, 37251483, 37253721, 1483, 3721
2, 1491, 37276483, 37279013, 1483, 4013
2, 1492, 37301483, 37303721, 1483, 3721
2, 1493, 37326483, 37328721, 1483, 3721
2, 1494, 37351483, 37353721, 1483, 3721
2, 1495, 37376483, 37378721, 1483, 3721
2, 1496, 37401483, 37403721, 1483, 3721
2, 1497, 37426483, 37428721, 1483, 3721
2, 1498, 37451483, 37456502, 1483, 6502
2, 1499, 37476483, 37478721, 1483, 3721
2, 15, 376483, 378721, 1483, 3721
2, 150, 3751483, 3753721, 1483, 3721
2, 1500, 37501483, 37503721, 1483, 3721
2, 1501, 37526483, 37532237, 1483, 7237
2, 1502, 37551483, 37553721, 1483, 3721
2, 1503, 37576483, 37578721, 1483, 3721
2, 1504, 37601483, 37603721, 1483, 3721
2, 1505, 37626483, 37629491, 1483, 4491
2, 1506, 37651483, 37653721, 1483, 3721
2, 1507, 37676483, 37678721, 1483, 3721
2, 1508, 37701483, 37703721, 1483, 3721
2, 1509, 37726483, 37728721, 1483, 3721
2, 151, 3776483, 3778721, 1483, 3721
2, 1510, 37751483, 37753721, 1483, 3721
2, 1511, 37776483, 37778721, 1483, 3721
2, 1512, 37801483, 37807266, 1483, 7266
2, 1513, 37826483, 37828721, 1483, 3721
2, 1514, 37851483, 37853721, 1483, 3721
2, 1515, 37876483, 37878721, 1483, 3721
2, 1516, 37901483, 37903721, 1483, 3721
2, 1517, 37926483, 37928721, 1483, 3721
2, 1518, 37951483, 37953721, 1483, 3721
2, 1519, 37976483, 37978721, 1483, 3721
2, 152, 3801483, 3803721, 1483, 3721
2, 1520, 38001483, 38005619, 1483, 5619
2, 1521, 38026483, 38028721, 1483, 3721
2, 1522, 38051483, 38053721, 1483, 3721
2, 1523, 38076483, 38078721, 1483, 3721
2, 1524, 38101483, 38103721, 1483, 3721
2, 1525, 38126483, 38128721, 1483, 3721
2, 1526, 38151483, 38156502, 1483, 6502
2, 1527, 38176483, 38178721, 1483, 3721
2, 1528, 38201483, 38203721, 1483, 3721
2, 1529, 38226483, 38228721, 1483, 3721
2, 153, 3826483, 3828721, 1483, 3721
2, 1530, 38251483, 38253721, 1483, 3721
2, 1531, 38276483, 38278721, 1483, 3721
2, 1532, 38301483, 38303721, 1483, 3721
2, 1533, 38326483, 38329783, 1483, 4783
2, 1534, 38351483, 38353721, 1483, 3721
2, 1535, 38376483, 38378721, 1483, 3721
2, 1536, 38401483, 38405325, 1483, 5325
2, 1537, 38426483, 38428721, 1483, 3721
2, 1538, 38451483, 38453721, 1483, 3721
2, 1539, 38476483, 38478721, 1483, 3721
2, 154, 3851483, 3856502, 1483, 6502
2, 1540, 38501483, 38506502, 1483, 6502
2, 1541, 38526483, 38528721, 1483, 3721
2, 1542, 38551483, 38553721, 1483, 3721
2, 1543, 38576483, 38580275, 1483, 5275
2, 1544, 38601483, 38603721, 1483, 3721
2, 1545, 38626483, 38628721, 1483, 3721
2, 1546, 38651483, 38653721, 1483, 3721
2, 1547, 38676483, 38678721, 1483, 3721
2, 1548, 38701483, 38703721, 1483, 3721
2, 1549, 38726483, 38728721, 1483, 3721
2, 155, 3876483, 3878721, 1483, 3721
2, 1550, 38751483, 38753721, 1483, 3721
2, 1551, 38776483, 38778721, 1483, 3721
2, 1552, 38801483, 38803721, 1483, 3721
2, 1553, 38826483, 38828721, 1483, 3721
2, 1554, 38851483, 38856648, 1483, 6648
2, 1555, 38876483, 38878721, 1483, 3721
2, 1556, 38901483, 38903721, 1483, 3721
2, 1557, 38926483, 38931059, 1483, 6059
2, 1558, 38951483, 38953721, 1483, 3721
2, 1559, 38976483, 38978721, 1483, 3721
2, 156, 3901483, 3903721, 1483, 3721
2, 1560, 39001483, 39003721, 1483, 3721
2, 1561, 39026483, 39028721, 1483, 3721
2, 1562, 39051483, 39053721, 1483, 3721
2, 1563, 39076483, 39078721, 1483, 3721
2, 1564, 39101483, 39103721, 1483, 3721
2, 1565, 39126483, 39128721, 1483, 3721
2, 1566, 39151483, 39153721, 1483, 3721
2, 1567, 39176483, 39178721, 1483, 3721
2, 1568, 39201483, 39211166, 1483, 11166
2, 1569, 39226483, 39228721, 1483, 3721
2, 157, 3926483, 3932219, 1483, 7219
2, 1570, 39251483, 39253721, 1483, 3721
2, 1571, 39276483, 39278721, 1483, 3721
2, 1572, 39301483, 39303721, 1483, 3721
2, 1573, 39326483, 39328721, 1483, 3721
2, 1574, 39351483, 39353721, 1483, 3721
2, 1575, 39376483, 39379013, 1483, 4013
2, 1576, 39401483, 39403721, 1483, 3721
2, 1577, 39426483, 39428721, 1483, 3721
2, 1578, 39451483, 39453721, 1483, 3721
2, 1579, 39476483, 39478721, 1483, 3721
2, 158, 3951483, 3953721, 1483, 3721
2, 1580, 39501483, 39503721, 1483, 3721
2, 1581, 39526483, 39529013, 1483, 4013
2, 1582, 39551483, 39556502, 1483, 6502
2, 1583, 39576483, 39578721, 1483, 3721
2, 1584, 39601483, 39604013, 1483, 4013
2, 1585, 39626483, 39628811, 1483, 3811
2, 1586, 39651483, 39653721, 1483, 3721
2, 1587, 39676483, 39678721, 1483, 3721
2, 1588, 39701483, 39703721, 1483, 3721
2, 1589, 39726483, 39729491, 1483, 4491
2, 159, 3976483, 3978721, 1483, 3721
2, 1590, 39751483, 39753721, 1483, 3721
2, 1591, 39776483, 39778721, 1483, 3721
2, 1592, 39801483, 39803721, 1483, 3721
2, 1593, 39826483, 39828721, 1483, 3721
2, 1594, 39851483, 39853721, 1483, 3721
2, 1595, 39876483, 39878721, 1483, 3721
2, 1596, 39901483, 39908606, 1483, 8606
2, 1597, 39926483, 39928721, 1483, 3721
2, 1598, 39951483, 39953721, 1483, 3721
2, 1599, 39976483, 39978721, 1483, 3721
2, 16, 401483, 403721, 1483, 3721
2, 160, 4001483, 4003721, 1483, 3721
2, 1600, 40001483, 40005619, 1483, 5619
2, 1601, 40026483, 40028721, 1483, 3721
2, 1602, 40051483, 40053721, 1483, 3721
2, 1603, 40076483, 40078721, 1483, 3721
2, 1604, 40101483, 40103721, 1483, 3721
2, 1605, 40126483, 40128721, 1483, 3721
2, 1606, 40151483, 40153721, 1483, 3721
2, 1607, 40176483, 40178721, 1483, 3721
2, 1608, 40201483, 40203721, 1483, 3721
2, 1609, 40226483, 40228721, 1483, 3721
2, 161, 4026483, 4028721, 1483, 3721
2, 1610, 40251483, 40256502, 1483, 6502
2, 1611, 40276483, 40278721, 1483, 3721
2, 1612, 40301483, 40303721, 1483, 3721
2, 1613, 40326483, 40334482, 1483, 9482
2, 1614, 40351483, 40353721, 1483, 3721
2, 1615, 40376483, 40378721, 1483, 3721
2, 1616, 40401483, 40403721, 1483, 3721
2, 1617, 40426483, 40429013, 1483, 4013
2, 1618, 40451483, 40453721, 1483, 3721
2, 1619, 40476483, 40478721, 1483, 3721
2, 162, 4051483, 4053721, 1483, 3721
2, 1620, 40501483, 40503721, 1483, 3721
2, 1621, 40526483, 40528721, 1483, 3721
2, 1622, 40551483, 40553721, 1483, 3721
2, 1623, 40576483, 40578721, 1483, 3721
2, 1624, 40601483, 40606974, 1483, 6974
2, 1625, 40626483, 40628721, 1483, 3721
2, 1626, 40651483, 40653721, 1483, 3721
2, 1627, 40676483, 40678721, 1483, 3721
2, 1628, 40701483, 40703721, 1483, 3721
2, 1629, 40726483, 40728721, 1483, 3721
2, 163, 4076483, 4078721, 1483, 3721
2, 1630, 40751483, 40753721, 1483, 3721
2, 1631, 40776483, 40778721, 1483, 3721
2, 1632, 40801483, 40804013, 1483, 4013
2, 1633, 40826483, 40828721, 1483, 3721
2, 1634, 40851483, 40853721, 1483, 3721
2, 1635, 40876483, 40878721, 1483, 3721
2, 1636, 40901483, 40903721, 1483, 3721
2, 1637, 40926483, 40928721, 1483, 3721
2, 1638, 40951483, 40957857, 1483, 7857
2, 1639, 40976483, 40978721, 1483, 3721
2, 164, 4101483, 4103721, 1483, 3721
2, 1640, 41001483, 41003721, 1483, 3721
2, 1641, 41026483, 41028721, 1483, 3721
2, 1642, 41051483, 41053721, 1483, 3721
2, 1643, 41076483, 41078721, 1483, 3721
2, 1644, 41101483, 41103721, 1483, 3721
2, 1645, 41126483, 41129491, 1483, 4491
2, 1646, 41151483, 41153721, 1483, 3721
2, 1647, 41176483, 41178721, 1483, 3721
2, 1648, 41201483, 41205179, 1483, 5179
2, 1649, 41226483, 41228721, 1483, 3721
2, 165, 4126483, 4128721, 1483, 3721
2, 1650, 41251483, 41253721, 1483, 3721
2, 1651, 41276483, 41278721, 1483, 3721
2, 1652, 41301483, 41306502, 1483, 6502
2, 1653, 41326483, 41328721, 1483, 3721
2, 1654, 41351483, 41353721, 1483, 3721
2, 1655, 41376483, 41378721, 1483, 3721
2, 1656, 41401483, 41403721, 1483, 3721
2, 1657, 41426483, 41428721, 1483, 3721
2, 1658, 41451483, 41453721, 1483, 3721
2, 1659, 41476483, 41479013, 1483, 4013
2, 166, 4151483, 4153721, 1483, 3721
2, 1660, 41501483, 41503721, 1483, 3721
2, 1661, 41526483, 41528721, 1483, 3721
2, 1662, 41551483, 41553721, 1483, 3721
2, 1663, 41576483, 41578721, 1483, 3721
2, 1664, 41601483, 41603721, 1483, 3721
2, 1665, 41626483, 41628721, 1483, 3721
2, 1666, 41651483, 41656502, 1483, 6502
2, 1667, 41676483, 41678721, 1483, 3721
2, 1668, 41701483, 41703721, 1483, 3721
2, 1669, 41726483, 41730670, 1483, 5670
2, 167, 4176483, 4178721, 1483, 3721
2, 1670, 41751483, 41753721, 1483, 3721
2, 1671, 41776483, 41778721, 1483, 3721
2, 1672, 41801483, 41803721, 1483, 3721
2, 1673, 41826483, 41828721, 1483, 3721
2, 1674, 41851483, 41853721, 1483, 3721
2, 1675, 41876483, 41878721, 1483, 3721
2, 1676, 41901483, 41903721, 1483, 3721
2, 1677, 41926483, 41928721, 1483, 3721
2, 1678, 41951483, 41953721, 1483, 3721
2, 1679, 41976483, 41978721, 1483, 3721
2, 168, 4201483, 4207266, 1483, 7266
2, 1680, 42001483, 42011312, 1483, 11312
2, 1681, 42026483, 42028721, 1483, 3721
2, 1682, 42051483, 42053721, 1483, 3721
2, 1683, 42076483, 42078721, 1483, 3721
2, 1684, 42101483, 42103721, 1483, 3721
2, 1685, 42126483, 42128721, 1483, 3721
2, 1686, 42151483, 42153721, 1483, 3721
2, 1687, 42176483, 42178721, 1483, 3721
2, 1688, 42201483, 42203721, 1483, 3721
2, 1689, 42226483, 42228721, 1483, 3721
2, 169, 4226483, 4228721, 1483, 3721
2, 1690, 42251483, 42253721, 1483, 3721
2, 1691, 42276483, 42278721, 1483, 3721
2, 1692, 42301483, 42303721, 1483, 3721
2, 1693, 42326483, 42328721, 1483, 3721
2, 1694, 42351483, 42356502, 1483, 6502
2, 1695, 42376483, 42378721, 1483, 3721
2, 1696, 42401483, 42403721, 1483, 3721
2, 1697, 42426483, 42428721, 1483, 3721
2, 1698, 42451483, 42453721, 1483, 3721
2, 1699, 42476483, 42478721, 1483, 3721
2, 17, 426483, 428721, 1483, 3721
2, 170, 4251483, 4253721, 1483, 3721
2, 1700, 42501483, 42503721, 1483, 3721
2, 1701, 42526483, 42529783, 1483, 4783
2, 1702, 42551483, 42553721, 1483, 3721
2, 1703, 42576483, 42578721, 1483, 3721
2, 1704, 42601483, 42604013, 1483, 4013
2, 1705, 42626483, 42628721, 1483, 3721
2, 1706, 42651483, 42653721, 1483, 3721
2, 1707, 42676483, 42678721, 1483, 3721
2, 1708, 42701483, 42706502, 1483, 6502
2, 1709, 42726483, 42728721, 1483, 3721
2, 171, 4276483, 4278721, 1483, 3721
2, 1710, 42751483, 42753721, 1483, 3721
2, 1711, 42776483, 42778721, 1483, 3721
2, 1712, 42801483, 42803721, 1483, 3721
2, 1713, 42826483, 42828721, 1483, 3721
2, 1714, 42851483, 42853721, 1483, 3721
2, 1715, 42876483, 42878721, 1483, 3721
2, 1716, 42901483, 42903721, 1483, 3721
2, 1717, 42926483, 42928721, 1483, 3721
2, 1718, 42951483, 42953721, 1483, 3721
2, 1719, 42976483, 42978721, 1483, 3721
2, 172, 4301483, 4303721, 1483, 3721
2, 1720, 43001483, 43003721, 1483, 3721
2, 1721, 43026483, 43028721, 1483, 3721
2, 1722, 43051483, 43056648, 1483, 6648
2, 1723, 43076483, 43078721, 1483, 3721
2, 1724, 43101483, 43103721, 1483, 3721
2, 1725, 43126483, 43134482, 1483, 9482
2, 1726, 43151483, 43153721, 1483, 3721
2, 1727, 43176483, 43178721, 1483, 3721
2, 1728, 43201483, 43204013, 1483, 4013
2, 1729, 43226483, 43229491, 1483, 4491
2, 173, 4326483, 4328721, 1483, 3721
2, 1730, 43251483, 43253721, 1483, 3721
2, 1731, 43276483, 43278721, 1483, 3721
2, 1732, 43301483, 43303721, 1483, 3721
2, 1733, 43326483, 43328721, 1483, 3721
2, 1734, 43351483, 43353721, 1483, 3721
2, 1735, 43376483, 43378721, 1483, 3721
2, 1736, 43401483, 43406974, 1483, 6974
2, 1737, 43426483, 43428721, 1483, 3721
2, 1738, 43451483, 43453721, 1483, 3721
2, 1739, 43476483, 43478721, 1483, 3721
2, 174, 4351483, 4353721, 1483, 3721
2, 1740, 43501483, 43503721, 1483, 3721
2, 1741, 43526483, 43528721, 1483, 3721
2, 1742, 43551483, 43553721, 1483, 3721
2, 1743, 43576483, 43579013, 1483, 4013
2, 1744, 43601483, 43603721, 1483, 3721
2, 1745, 43626483, 43628721, 1483, 3721
2, 1746, 43651483, 43653721, 1483, 3721
2, 1747, 43676483, 43678721, 1483, 3721
2, 1748, 43701483, 43703721, 1483, 3721
2, 1749, 43726483, 43728721, 1483, 3721
2, 175, 4376483, 4379491, 1483, 4491
2, 1750, 43751483, 43756502, 1483, 6502
2, 1751, 43776483, 43778721, 1483, 3721
2, 1752, 43801483, 43804013, 1483, 4013
2, 1753, 43826483, 43828721, 1483, 3721
2, 1754, 43851483, 43853721, 1483, 3721
2, 1755, 43876483, 43878721, 1483, 3721
2, 1756, 43901483, 43903721, 1483, 3721
2, 1757, 43926483, 43929491, 1483, 4491
2, 1758, 43951483, 43953721, 1483, 3721
2, 1759, 43976483, 43978721, 1483, 3721
2, 176, 4401483, 4403721, 1483, 3721
2, 1760, 44001483, 44005179, 1483, 5179
2, 1761, 44026483, 44028721, 1483, 3721
2, 1762, 44051483, 44053721, 1483, 3721
2, 1763, 44076483, 44078721, 1483, 3721
2, 1764, 44101483, 44106648, 1483, 6648
2, 1765, 44126483, 44128721, 1483, 3721
2, 1766, 44151483, 44153721, 1483, 3721
2, 1767, 44176483, 44178721, 1483, 3721
2, 1768, 44201483, 44203721, 1483, 3721
2, 1769, 44226483, 44228721, 1483, 3721
2, 177, 4426483, 4428721, 1483, 3721
2, 1770, 44251483, 44253721, 1483, 3721
2, 1771, 44276483, 44279491, 1483, 4491
2, 1772, 44301483, 44303721, 1483, 3721
2, 1773, 44326483, 44328721, 1483, 3721
2, 1774, 44351483, 44353721, 1483, 3721
2, 1775, 44376483, 44378721, 1483, 3721
2, 1776, 44401483, 44404013, 1483, 4013
2, 1777, 44426483, 44428721, 1483, 3721
2, 1778, 44451483, 44456502, 1483, 6502
2, 1779, 44476483, 44478721, 1483, 3721
2, 178, 4451483, 4453721, 1483, 3721
2, 1780, 44501483, 44503721, 1483, 3721
2, 1781, 44526483, 44530767, 1483, 5767
2, 1782, 44551483, 44553721, 1483, 3721
2, 1783, 44576483, 44578721, 1483, 3721
2, 1784, 44601483, 44603721, 1483, 3721
2, 1785, 44626483, 44629013, 1483, 4013
2, 1786, 44651483, 44653721, 1483, 3721
2, 1787, 44676483, 44678721, 1483, 3721
2, 1788, 44701483, 44703721, 1483, 3721
2, 1789, 44726483, 44728721, 1483, 3721
2, 179, 4476483, 4478721, 1483, 3721
2, 1790, 44751483, 44753721, 1483, 3721
2, 1791, 44776483, 44778721, 1483, 3721
2, 1792, 44801483, 44811312, 1483, 11312
2, 1793, 44826483, 44828721, 1483, 3721
2, 1794, 44851483, 44853721, 1483, 3721
2, 1795, 44876483, 44878721, 1483, 3721
2, 1796, 44901483, 44903721, 1483, 3721
2, 1797, 44926483, 44928721, 1483, 3721
2, 1798, 44951483, 44953721, 1483, 3721
2, 1799, 44976483, 44978721, 1483, 3721
2, 18, 451483, 453721, 1483, 3721
2, 180, 4501483, 4503721, 1483, 3721
2, 1800, 45001483, 45003721, 1483, 3721
2, 1801, 45026483, 45028721, 1483, 3721
2, 1802, 45051483, 45053721, 1483, 3721
2, 1803, 45076483, 45078721, 1483, 3721
2, 1804, 45101483, 45103721, 1483, 3721
2, 1805, 45126483, 45128721, 1483, 3721
2, 1806, 45151483, 45156648, 1483, 6648
2, 1807, 45176483, 45178721, 1483, 3721
2, 1808, 45201483, 45203721, 1483, 3721
2, 1809, 45226483, 45230640, 1483, 5640
2, 181, 4526483, 4528721, 1483, 3721
2, 1810, 45251483, 45253721, 1483, 3721
2, 1811, 45276483, 45278721, 1483, 3721
2, 1812, 45301483, 45303721, 1483, 3721
2, 1813, 45326483, 45329491, 1483, 4491
2, 1814, 45351483, 45353721, 1483, 3721
2, 1815, 45376483, 45378721, 1483, 3721
2, 1816, 45401483, 45403721, 1483, 3721
2, 1817, 45426483, 45428721, 1483, 3721
2, 1818, 45451483, 45453721, 1483, 3721
2, 1819, 45476483, 45478721, 1483, 3721
2, 182, 4551483, 4556502, 1483, 6502
2, 1820, 45501483, 45506502, 1483, 6502
2, 1821, 45526483, 45528721, 1483, 3721
2, 1822, 45551483, 45553721, 1483, 3721
2, 1823, 45576483, 45578721, 1483, 3721
2, 1824, 45601483, 45605911, 1483, 5911
2, 1825, 45626483, 45628721, 1483, 3721
2, 1826, 45651483, 45653721, 1483, 3721
2, 1827, 45676483, 45679013, 1483, 4013
2, 1828, 45701483, 45703721, 1483, 3721
2, 1829, 45726483, 45728721, 1483, 3721
2, 183, 4576483, 4578721, 1483, 3721
2, 1830, 45751483, 45753721, 1483, 3721
2, 1831, 45776483, 45778721, 1483, 3721
2, 1832, 45801483, 45803721, 1483, 3721
2, 1833, 45826483, 45828721, 1483, 3721
2, 1834, 45851483, 45856502, 1483, 6502
2, 1835, 45876483, 45878721, 1483, 3721
2, 1836, 45901483, 45903721, 1483, 3721
2, 1837, 45926483, 45932219, 1483, 7219
2, 1838, 45951483, 45953721, 1483, 3721
2, 1839, 45976483, 45978721, 1483, 3721
2, 184, 4601483, 4603721, 1483, 3721
2, 1840, 46001483, 46003721, 1483, 3721
2, 1841, 46026483, 46028721, 1483, 3721
2, 1842, 46051483, 46053721, 1483, 3721
2, 1843, 46076483, 46078721, 1483, 3721
2, 1844, 46101483, 46103721, 1483, 3721
2, 1845, 46126483, 46128721, 1483, 3721
2, 1846, 46151483, 46153721, 1483, 3721
2, 1847, 46176483, 46178721, 1483, 3721
2, 1848, 46201483, 46207266, 1483, 7266
2, 1849, 46226483, 46228721, 1483, 3721
2, 185, 4626483, 4628721, 1483, 3721
2, 1850, 46251483, 46253721, 1483, 3721
2, 1851, 46276483, 46279103, 1483, 4103
2, 1852, 46301483, 46303721, 1483, 3721
2, 1853, 46326483, 46328721, 1483, 3721
2, 1854, 46351483, 46353721, 1483, 3721
2, 1855, 46376483, 46378721, 1483, 3721
2, 1856, 46401483, 46403721, 1483, 3721
2, 1857, 46426483, 46428721, 1483, 3721
2, 1858, 46451483, 46453721, 1483, 3721
2, 1859, 46476483, 46478721, 1483, 3721
2, 186, 4651483, 4653721, 1483, 3721
2, 1860, 46501483, 46503721, 1483, 3721
2, 1861, 46526483, 46528721, 1483, 3721
2, 1862, 46551483, 46556974, 1483, 6974
2, 1863, 46576483, 46578721, 1483, 3721
2, 1864, 46601483, 46603721, 1483, 3721
2, 1865, 46626483, 46628721, 1483, 3721
2, 1866, 46651483, 46653721, 1483, 3721
2, 1867, 46676483, 46678721, 1483, 3721
2, 1868, 46701483, 46703721, 1483, 3721
2, 1869, 46726483, 46729783, 1483, 4783
2, 187, 4676483, 4678721, 1483, 3721
2, 1870, 46751483, 46753721, 1483, 3721
2, 1871, 46776483, 46778721, 1483, 3721
2, 1872, 46801483, 46805325, 1483, 5325
2, 1873, 46826483, 46828721, 1483, 3721
2, 1874, 46851483, 46853721, 1483, 3721
2, 1875, 46876483, 46878721, 1483, 3721
2, 1876, 46901483, 46906502, 1483, 6502
2, 1877, 46926483, 46928721, 1483, 3721
2, 1878, 46951483, 46953721, 1483, 3721
2, 1879, 46976483, 46978721, 1483, 3721
2, 188, 4701483, 4703721, 1483, 3721
2, 1880, 47001483, 47003721, 1483, 3721
2, 1881, 47026483, 47028721, 1483, 3721
2, 1882, 47051483, 47053721, 1483, 3721
2, 1883, 47076483, 47078721, 1483, 3721
2, 1884, 47101483, 47103721, 1483, 3721
2, 1885, 47126483, 47128721, 1483, 3721
2, 1886, 47151483, 47153721, 1483, 3721
2, 1887, 47176483, 47178721, 1483, 3721
2, 1888, 47201483, 47203721, 1483, 3721
2, 1889, 47226483, 47228721, 1483, 3721
2, 189, 4726483, 4729783, 1483, 4783
2, 1890, 47251483, 47256648, 1483, 6648
2, 1891, 47276483, 47278721, 1483, 3721
2, 1892, 47301483, 47303721, 1483, 3721
2, 1893, 47326483, 47331059, 1483, 6059
2, 1894, 47351483, 47353721, 1483, 3721
2, 1895, 47376483, 47378721, 1483, 3721
2, 1896, 47401483, 47403721, 1483, 3721
2, 1897, 47426483, 47428721, 1483, 3721
2, 1898, 47451483, 47453721, 1483, 3721
2, 1899, 47476483, 47478721, 1483, 3721
2, 19, 476483, 478721, 1483, 3721
2, 190, 4751483, 4753721, 1483, 3721
2, 1900, 47501483, 47503721, 1483, 3721
2, 1901, 47526483, 47528721, 1483, 3721
2, 1902, 47551483, 47553721, 1483, 3721
2, 1903, 47576483, 47578721, 1483, 3721
2, 1904, 47601483, 47611166, 1483, 11166
2, 1905, 47626483, 47628721, 1483, 3721
2, 1906, 47651483, 47653721, 1483, 3721
2, 1907, 47676483, 47678721, 1483, 3721
2, 1908, 47701483, 47703721, 1483, 3721
2, 1909, 47726483, 47728721, 1483, 3721
2, 191, 4776483, 4778721, 1483, 3721
2, 1910, 47751483, 47753721, 1483, 3721
2, 1911, 47776483, 47779013, 1483, 4013
2, 1912, 47801483, 47803721, 1483, 3721
2, 1913, 47826483, 47828721, 1483, 3721
2, 1914, 47851483, 47853721, 1483, 3721
2, 1915, 47876483, 47878721, 1483, 3721
2, 1916, 47901483, 47903721, 1483, 3721
2, 1917, 47926483, 47928721, 1483, 3721
2, 1918, 47951483, 47956502, 1483, 6502
2, 1919, 47976483, 47978721, 1483, 3721
2, 192, 4801483, 4805325, 1483, 5325
2, 1920, 48001483, 48004013, 1483, 4013
2, 1921, 48026483, 48028721, 1483, 3721
2, 1922, 48051483, 48053721, 1483, 3721
2, 1923, 48076483, 48078721, 1483, 3721
2, 1924, 48101483, 48103721, 1483, 3721
2, 1925, 48126483, 48129491, 1483, 4491
2, 1926, 48151483, 48153721, 1483, 3721
2, 1927, 48176483, 48178721, 1483, 3721
2, 1928, 48201483, 48203721, 1483, 3721
2, 1929, 48226483, 48228721, 1483, 3721
2, 193, 4826483, 4828721, 1483, 3721
2, 1930, 48251483, 48253721, 1483, 3721
2, 1931, 48276483, 48278721, 1483, 3721
2, 1932, 48301483, 48306648, 1483, 6648
2, 1933, 48326483, 48328721, 1483, 3721
2, 1934, 48351483, 48353721, 1483, 3721
2, 1935, 48376483, 48378721, 1483, 3721
2, 1936, 48401483, 48403721, 1483, 3721
2, 1937, 48426483, 48428721, 1483, 3721
2, 1938, 48451483, 48453721, 1483, 3721
2, 1939, 48476483, 48478721, 1483, 3721
2, 194, 4851483, 4853721, 1483, 3721
2, 1940, 48501483, 48503721, 1483, 3721
2, 1941, 48526483, 48528721, 1483, 3721
2, 1942, 48551483, 48553721, 1483, 3721
2, 1943, 48576483, 48578721, 1483, 3721
2, 1944, 48601483, 48603721, 1483, 3721
2, 1945, 48626483, 48628721, 1483, 3721
2, 1946, 48651483, 48656502, 1483, 6502
2, 1947, 48676483, 48678721, 1483, 3721
2, 1948, 48701483, 48703721, 1483, 3721
2, 1949, 48726483, 48734482, 1483, 9482
2, 195, 4876483, 4878721, 1483, 3721
2, 1950, 48751483, 48753721, 1483, 3721
2, 1951, 48776483, 48778721, 1483, 3721
2, 1952, 48801483, 48803721, 1483, 3721
2, 1953, 48826483, 48829013, 1483, 4013
2, 1954, 48851483, 48853721, 1483, 3721
2, 1955, 48876483, 48878721, 1483, 3721
2, 1956, 48901483, 48903721, 1483, 3721
2, 1957, 48926483, 48928721, 1483, 3721
2, 1958, 48951483, 48953721, 1483, 3721
2, 1959, 48976483, 48978721, 1483, 3721
2, 196, 4901483, 4906502, 1483, 6502
2, 1960, 49001483, 49006974, 1483, 6974
2, 1961, 49026483, 49028721, 1483, 3721
2, 1962, 49051483, 49053721, 1483, 3721
2, 1963, 49076483, 49078721, 1483, 3721
2, 1964, 49101483, 49103721, 1483, 3721
2, 1965, 49126483, 49128721, 1483, 3721
2, 1966, 49151483, 49153721, 1483, 3721
2, 1967, 49176483, 49178721, 1483, 3721
2, 1968, 49201483, 49204013, 1483, 4013
2, 1969, 49226483, 49228721, 1483, 3721
2, 197, 4926483, 4928721, 1483, 3721
2, 1970, 49251483, 49253721, 1483, 3721
2, 1971, 49276483, 49278721, 1483, 3721
2, 1972, 49301483, 49303721, 1483, 3721
2, 1973, 49326483, 49328721, 1483, 3721
2, 1974, 49351483, 49356648, 1483, 6648
2, 1975, 49376483, 49378721, 1483, 3721
2, 1976, 49401483, 49403721, 1483, 3721
2, 1977, 49426483, 49428721, 1483, 3721
2, 1978, 49451483, 49453721, 1483, 3721
2, 1979, 49476483, 49478721, 1483, 3721
2, 198, 4951483, 4953721, 1483, 3721
2, 1980, 49501483, 49503721, 1483, 3721
2, 1981, 49526483, 49529491, 1483, 4491
2, 1982, 49551483, 49553721, 1483, 3721
2, 1983, 49576483, 49578721, 1483, 3721
2, 1984, 49601483, 49605619, 1483, 5619
2, 1985, 49626483, 49628721, 1483, 3721
2, 1986, 49651483, 49653721, 1483, 3721
2, 1987, 49676483, 49678721, 1483, 3721
2, 1988, 49701483, 49706502, 1483, 6502
2, 1989, 49726483, 49728721, 1483, 3721
2, 199, 4976483, 4978721, 1483, 3721
2, 1990, 49751483, 49753721, 1483, 3721
2, 1991, 49776483, 49778721, 1483, 3721
2, 1992, 49801483, 49803721, 1483, 3721
2, 1993, 49826483, 49828721, 1483, 3721
2, 1994, 49851483, 49853721, 1483, 3721
2, 1995, 49876483, 49879783, 1483, 4783
2, 1996, 49901483, 49903721, 1483, 3721
2, 1997, 49926483, 49928721, 1483, 3721
2, 1998, 49951483, 49953721, 1483, 3721
2, 1999, 49976483, 49978721, 1483, 3721
2, 2, 51483, 53721, 1483, 3721
2, 20, 501483, 503721, 1483, 3721
2, 200, 5001483, 5003721, 1483, 3721
2, 2000, 50001483, 50003721, 1483, 3721
2, 2001, 50026483, 50028721, 1483, 3721
2, 2002, 50051483, 50056502, 1483, 6502
2, 2003, 50076483, 50078721, 1483, 3721
2, 2004, 50101483, 50103721, 1483, 3721
2, 2005, 50126483, 50130670, 1483, 5670
2, 2006, 50151483, 50153721, 1483, 3721
2, 2007, 50176483, 50178721, 1483, 3721
2, 2008, 50201483, 50203721, 1483, 3721
2, 2009, 50226483, 50228721, 1483, 3721
2, 201, 5026483, 5028721, 1483, 3721
2, 2010, 50251483, 50253721, 1483, 3721
2, 2011, 50276483, 50278721, 1483, 3721
2, 2012, 50301483, 50303721, 1483, 3721
2, 2013, 50326483, 50328721, 1483, 3721
2, 2014, 50351483, 50353721, 1483, 3721
2, 2015, 50376483, 50378721, 1483, 3721
2, 2016, 50401483, 50411312, 1483, 11312
2, 2017, 50426483, 50428721, 1483, 3721
2, 2018, 50451483, 50453721, 1483, 3721
2, 2019, 50476483, 50478721, 1483, 3721
2, 202, 5051483, 5053721, 1483, 3721
2, 2020, 50501483, 50503721, 1483, 3721
2, 2021, 50526483, 50528721, 1483, 3721
2, 2022, 50551483, 50553721, 1483, 3721
2, 2023, 50576483, 50578721, 1483, 3721
2, 2024, 50601483, 50603721, 1483, 3721
2, 2025, 50626483, 50628721, 1483, 3721
2, 2026, 50651483, 50653721, 1483, 3721
2, 2027, 50676483, 50678721, 1483, 3721
2, 2028, 50701483, 50703721, 1483, 3721
2, 2029, 50726483, 50728721, 1483, 3721
2, 203, 5076483, 5078721, 1483, 3721
2, 2030, 50751483, 50756502, 1483, 6502
2, 2031, 50776483, 50778721, 1483, 3721
2, 2032, 50801483, 50803721, 1483, 3721
2, 2033, 50826483, 50828721, 1483, 3721
2, 2034, 50851483, 50853721, 1483, 3721
2, 2035, 50876483, 50878721, 1483, 3721
2, 2036, 50901483, 50903721, 1483, 3721
2, 2037, 50926483, 50931304, 1483, 6304
2, 2038, 50951483, 50953721, 1483, 3721
2, 2039, 50976483, 50978721, 1483, 3721
2, 204, 5101483, 5103721, 1483, 3721
2, 2040, 51001483, 51004013, 1483, 4013
2, 2041, 51026483, 51028721, 1483, 3721
2, 2042, 51051483, 51053721, 1483, 3721
2, 2043, 51076483, 51078721, 1483, 3721
2, 2044, 51101483, 51106502, 1483, 6502
2, 2045, 51126483, 51128721, 1483, 3721
2, 2046, 51151483, 51153721, 1483, 3721
2, 2047, 51176483, 51178721, 1483, 3721
2, 2048, 51201483, 51203721, 1483, 3721
2, 2049, 51226483, 51228721, 1483, 3721
2, 205, 5126483, 5128721, 1483, 3721
2, 2050, 51251483, 51253721, 1483, 3721
2, 2051, 51276483, 51278721, 1483, 3721
2, 2052, 51301483, 51303721, 1483, 3721
2, 2053, 51326483, 51328721, 1483, 3721
2, 2054, 51351483, 51353721, 1483, 3721
2, 2055, 51376483, 51378721, 1483, 3721
2, 2056, 51401483, 51403721, 1483, 3721
2, 2057, 51426483, 51428721, 1483, 3721
2, 2058, 51451483, 51456648, 1483, 6648
2, 2059, 51476483, 51478721, 1483, 3721
2, 206, 5151483, 5153721, 1483, 3721
2, 2060, 51501483, 51503721, 1483, 3721
2, 2061, 51526483, 51534482, 1483, 9482
2, 2062, 51551483, 51553721, 1483, 3721
2, 2063, 51576483, 51578721, 1483, 3721
2, 2064, 51601483, 51604013, 1483, 4013
2, 2065, 51626483, 51628721, 1483, 3721
2, 2066, 51651483, 51653721, 1483, 3721
2, 2067, 51676483, 51678721, 1483, 3721
2, 2068, 51701483, 51703721, 1483, 3721
2, 2069, 51726483, 51728721, 1483, 3721
2, 207, 5176483, 5178721, 1483, 3721
2, 2070, 51751483, 51753721, 1483, 3721
2, 2071, 51776483, 51778721, 1483, 3721
2, 2072, 51801483, 51806974, 1483, 6974
2, 2073, 51826483, 51828721, 1483, 3721
2, 2074, 51851483, 51853721, 1483, 3721
2, 2075, 51876483, 51880348, 1483, 5348
2, 2076, 51901483, 51903721, 1483, 3721
2, 2077, 51926483, 51928721, 1483, 3721
2, 2078, 51951483, 51953721, 1483, 3721
2, 2079, 51976483, 51979013, 1483, 4013
2, 208, 5201483, 5203721, 1483, 3721
2, 2080, 52001483, 52003721, 1483, 3721
2, 2081, 52026483, 52028721, 1483, 3721
2, 2082, 52051483, 52053721, 1483, 3721
2, 2083, 52076483, 52078721, 1483, 3721
2, 2084, 52101483, 52103721, 1483, 3721
2, 2085, 52126483, 52128721, 1483, 3721
2, 2086, 52151483, 52156502, 1483, 6502
2, 2087, 52176483, 52178721, 1483, 3721
2, 2088, 52201483, 52203721, 1483, 3721
2, 2089, 52226483, 52228721, 1483, 3721
2, 209, 5226483, 5228721, 1483, 3721
2, 2090, 52251483, 52253721, 1483, 3721
2, 2091, 52276483, 52278721, 1483, 3721
2, 2092, 52301483, 52303721, 1483, 3721
2, 2093, 52326483, 52329491, 1483, 4491
2, 2094, 52351483, 52353721, 1483, 3721
2, 2095, 52376483, 52378721, 1483, 3721
2, 2096, 52401483, 52405179, 1483, 5179
2, 2097, 52426483, 52428721, 1483, 3721
2, 2098, 52451483, 52453721, 1483, 3721
2, 2099, 52476483, 52478721, 1483, 3721
2, 21, 526483, 529783, 1483, 4783
2, 210, 5251483, 5256648, 1483, 6648
2, 2100, 52501483, 52506648, 1483, 6648
2, 2101, 52526483, 52528721, 1483, 3721
2, 2102, 52551483, 52553721, 1483, 3721
2, 2103, 52576483, 52578721, 1483, 3721
2, 2104, 52601483, 52603721, 1483, 3721
2, 2105, 52626483, 52628721, 1483, 3721
2, 2106, 52651483, 52653721, 1483, 3721
2, 2107, 52676483, 52678721, 1483, 3721
2, 2108, 52701483, 52703721, 1483, 3721
2, 2109, 52726483, 52729013, 1483, 4013
2, 211, 5276483, 5278721, 1483, 3721
2, 2110, 52751483, 52753721, 1483, 3721
2, 2111, 52776483, 52778721, 1483, 3721
2, 2112, 52801483, 52804013, 1483, 4013
2, 2113, 52826483, 52828721, 1483, 3721
2, 2114, 52851483, 52856502, 1483, 6502
2, 2115, 52876483, 52878721, 1483, 3721
2, 2116, 52901483, 52903721, 1483, 3721
2, 2117, 52926483, 52931974, 1483, 6974
2, 2118, 52951483, 52953721, 1483, 3721
2, 2119, 52976483, 52978721, 1483, 3721
2, 212, 5301483, 5303721, 1483, 3721
2, 2120, 53001483, 53003721, 1483, 3721
2, 2121, 53026483, 53029013, 1483, 4013
2, 2122, 53051483, 53053721, 1483, 3721
2, 2123, 53076483, 53078721, 1483, 3721
2, 2124, 53101483, 53103721, 1483, 3721
2, 2125, 53126483, 53128721, 1483, 3721
2, 2126, 53151483, 53153721, 1483, 3721
2, 2127, 53176483, 53178721, 1483, 3721
2, 2128, 53201483, 53212268, 1483, 12268
2, 2129, 53226483, 53228721, 1483, 3721
2, 213, 5326483, 5334664, 1483, 9664
2, 2130, 53251483, 53253721, 1483, 3721
2, 2131, 53276483, 53278721, 1483, 3721
2, 2132, 53301483, 53303721, 1483, 3721
2, 2133, 53326483, 53328721, 1483, 3721
2, 2134, 53351483, 53353721, 1483, 3721
2, 2135, 53376483, 53378721, 1483, 3721
2, 2136, 53401483, 53403721, 1483, 3721
2, 2137, 53426483, 53428721, 1483, 3721
2, 2138, 53451483, 53453721, 1483, 3721
2, 2139, 53476483, 53478721, 1483, 3721
2, 214, 5351483, 5353721, 1483, 3721
2, 2140, 53501483, 53503721, 1483, 3721
2, 2141, 53526483, 53528721, 1483, 3721
2, 2142, 53551483, 53556648, 1483, 6648
2, 2143, 53576483, 53578721, 1483, 3721
2, 2144, 53601483, 53603721, 1483, 3721
2, 2145, 53626483, 53628721, 1483, 3721
2, 2146, 53651483, 53653721, 1483, 3721
2, 2147, 53676483, 53678721, 1483, 3721
2, 2148, 53701483, 53703721, 1483, 3721
2, 2149, 53726483, 53729491, 1483, 4491
2, 215, 5376483, 5378721, 1483, 3721
2, 2150, 53751483, 53753721, 1483, 3721
2, 2151, 53776483, 53778721, 1483, 3721
2, 2152, 53801483, 53803721, 1483, 3721
2, 2153, 53826483, 53828721, 1483, 3721
2, 2154, 53851483, 53853721, 1483, 3721
2, 2155, 53876483, 53878721, 1483, 3721
2, 2156, 53901483, 53906502, 1483, 6502
2, 2157, 53926483, 53928721, 1483, 3721
2, 2158, 53951483, 53953721, 1483, 3721
2, 2159, 53976483, 53978721, 1483, 3721
2, 216, 5401483, 5403721, 1483, 3721
2, 2160, 54001483, 54004013, 1483, 4013
2, 2161, 54026483, 54028721, 1483, 3721
2, 2162, 54051483, 54053721, 1483, 3721
2, 2163, 54076483, 54079013, 1483, 4013
2, 2164, 54101483, 54103721, 1483, 3721
2, 2165, 54126483, 54128721, 1483, 3721
2, 2166, 54151483, 54154013, 1483, 4013
2, 2167, 54176483, 54178721, 1483, 3721
2, 2168, 54201483, 54203721, 1483, 3721
2, 2169, 54226483, 54228721, 1483, 3721
2, 217, 5426483, 5428721, 1483, 3721
2, 2170, 54251483, 54257857, 1483, 7857
2, 2171, 54276483, 54278721, 1483, 3721
2, 2172, 54301483, 54303721, 1483, 3721
2, 2173, 54326483, 54332219, 1483, 7219
2, 2174, 54351483, 54353721, 1483, 3721
2, 2175, 54376483, 54378721, 1483, 3721
2, 2176, 54401483, 54403721, 1483, 3721
2, 2177, 54426483, 54428721, 1483, 3721
2, 2178, 54451483, 54453721, 1483, 3721
2, 2179, 54476483, 54478721, 1483, 3721
2, 218, 5451483, 5453721, 1483, 3721
2, 2180, 54501483, 54503721, 1483, 3721
2, 2181, 54526483, 54528721, 1483, 3721
2, 2182, 54551483, 54553721, 1483, 3721
2, 2183, 54576483, 54578721, 1483, 3721
2, 2184, 54601483, 54607266, 1483, 7266
2, 2185, 54626483, 54628721, 1483, 3721
2, 2186, 54651483, 54653721, 1483, 3721
2, 2187, 54676483, 54678721, 1483, 3721
2, 2188, 54701483, 54703721, 1483, 3721
2, 2189, 54726483, 54728721, 1483, 3721
2, 219, 5476483, 5478721, 1483, 3721
2, 2190, 54751483, 54753721, 1483, 3721
2, 2191, 54776483, 54778721, 1483, 3721
2, 2192, 54801483, 54803721, 1483, 3721
2, 2193, 54826483, 54828721, 1483, 3721
2, 2194, 54851483, 54853721, 1483, 3721
2, 2195, 54876483, 54878721, 1483, 3721
2, 2196, 54901483, 54903721, 1483, 3721
2, 2197, 54926483, 54928721, 1483, 3721
2, 2198, 54951483, 54956502, 1483, 6502
2, 2199, 54976483, 54978721, 1483, 3721
2, 22, 551483, 553721, 1483, 3721
2, 220, 5501483, 5503721, 1483, 3721
2, 2200, 55001483, 55003721, 1483, 3721
2, 2201, 55026483, 55028721, 1483, 3721
2, 2202, 55051483, 55053721, 1483, 3721
2, 2203, 55076483, 55078721, 1483, 3721
2, 2204, 55101483, 55103721, 1483, 3721
2, 2205, 55126483, 55129783, 1483, 4783
2, 2206, 55151483, 55153721, 1483, 3721
2, 2207, 55176483, 55178721, 1483, 3721
2, 2208, 55201483, 55207351, 1483, 7351
2, 2209, 55226483, 55228721, 1483, 3721
2, 221, 5526483, 5528721, 1483, 3721
2, 2210, 55251483, 55253721, 1483, 3721
2, 2211, 55276483, 55278721, 1483, 3721
2, 2212, 55301483, 55306502, 1483, 6502
2, 2213, 55326483, 55328721, 1483, 3721
2, 2214, 55351483, 55353721, 1483, 3721
2, 2215, 55376483, 55378721, 1483, 3721
2, 2216, 55401483, 55403721, 1483, 3721
2, 2217, 55426483, 55428721, 1483, 3721
2, 2218, 55451483, 55453721, 1483, 3721
2, 2219, 55476483, 55478721, 1483, 3721
2, 222, 5551483, 5553721, 1483, 3721
2, 2220, 55501483, 55503721, 1483, 3721
2, 2221, 55526483, 55528721, 1483, 3721
2, 2222, 55551483, 55553721, 1483, 3721
2, 2223, 55576483, 55578721, 1483, 3721
2, 2224, 55601483, 55603721, 1483, 3721
2, 2225, 55626483, 55628721, 1483, 3721
2, 2226, 55651483, 55656648, 1483, 6648
2, 2227, 55676483, 55678721, 1483, 3721
2, 2228, 55701483, 55703721, 1483, 3721
2, 2229, 55726483, 55731059, 1483, 6059
2, 223, 5576483, 5578721, 1483, 3721
2, 2230, 55751483, 55753721, 1483, 3721
2, 2231, 55776483, 55778721, 1483, 3721
2, 2232, 55801483, 55803721, 1483, 3721
2, 2233, 55826483, 55828721, 1483, 3721
2, 2234, 55851483, 55853721, 1483, 3721
2, 2235, 55876483, 55878721, 1483, 3721
2, 2236, 55901483, 55903721, 1483, 3721
2, 2237, 55926483, 55928721, 1483, 3721
2, 2238, 55951483, 55953721, 1483, 3721
2, 2239, 55976483, 55978721, 1483, 3721
2, 224, 5601483, 5611166, 1483, 11166
2, 2240, 56001483, 56011166, 1483, 11166
2, 2241, 56026483, 56028721, 1483, 3721
2, 2242, 56051483, 56053721, 1483, 3721
2, 2243, 56076483, 56078721, 1483, 3721
2, 2244, 56101483, 56103721, 1483, 3721
2, 2245, 56126483, 56128721, 1483, 3721
2, 2246, 56151483, 56153721, 1483, 3721
2, 2247, 56176483, 56179013, 1483, 4013
2, 2248, 56201483, 56203721, 1483, 3721
2, 2249, 56226483, 56228721, 1483, 3721
2, 225, 5626483, 5628721, 1483, 3721
2, 2250, 56251483, 56253721, 1483, 3721
2, 2251, 56276483, 56278721, 1483, 3721
2, 2252, 56301483, 56303721, 1483, 3721
2, 2253, 56326483, 56328721, 1483, 3721
2, 2254, 56351483, 56356502, 1483, 6502
2, 2255, 56376483, 56378721, 1483, 3721
2, 2256, 56401483, 56404013, 1483, 4013
2, 2257, 56426483, 56428721, 1483, 3721
2, 2258, 56451483, 56453721, 1483, 3721
2, 2259, 56476483, 56478721, 1483, 3721
2, 226, 5651483, 5653721, 1483, 3721
2, 2260, 56501483, 56503721, 1483, 3721
2, 2261, 56526483, 56529894, 1483, 4894
2, 2262, 56551483, 56553721, 1483, 3721
2, 2263, 56576483, 56578721, 1483, 3721
2, 2264, 56601483, 56603721, 1483, 3721
2, 2265, 56626483, 56628721, 1483, 3721
2, 2266, 56651483, 56653721, 1483, 3721
2, 2267, 56676483, 56678721, 1483, 3721
2, 2268, 56701483, 56706648, 1483, 6648
2, 2269, 56726483, 56728721, 1483, 3721
2, 227, 5676483, 5678721, 1483, 3721
2, 2270, 56751483, 56753721, 1483, 3721
2, 2271, 56776483, 56778721, 1483, 3721
2, 2272, 56801483, 56803721, 1483, 3721
2, 2273, 56826483, 56828721, 1483, 3721
2, 2274, 56851483, 56853721, 1483, 3721
2, 2275, 56876483, 56878721, 1483, 3721
2, 2276, 56901483, 56903721, 1483, 3721
2, 2277, 56926483, 56928721, 1483, 3721
2, 2278, 56951483, 56953721, 1483, 3721
2, 2279, 56976483, 56978721, 1483, 3721
2, 228, 5701483, 5703721, 1483, 3721
2, 2280, 57001483, 57004013, 1483, 4013
2, 2281, 57026483, 57028721, 1483, 3721
2, 2282, 57051483, 57056502, 1483, 6502
2, 2283, 57076483, 57078721, 1483, 3721
2, 2284, 57101483, 57103721, 1483, 3721
2, 2285, 57126483, 57134482, 1483, 9482
2, 2286, 57151483, 57153721, 1483, 3721
2, 2287, 57176483, 57178721, 1483, 3721
2, 2288, 57201483, 57203721, 1483, 3721
2, 2289, 57226483, 57229013, 1483, 4013
2, 229, 5726483, 5728721, 1483, 3721
2, 2290, 57251483, 57253721, 1483, 3721
2, 2291, 57276483, 57278721, 1483, 3721
2, 2292, 57301483, 57303721, 1483, 3721
2, 2293, 57326483, 57328721, 1483, 3721
2, 2294, 57351483, 57353721, 1483, 3721
2, 2295, 57376483, 57378721, 1483, 3721
2, 2296, 57401483, 57406974, 1483, 6974
2, 2297, 57426483, 57428721, 1483, 3721
2, 2298, 57451483, 57453721, 1483, 3721
2, 2299, 57476483, 57478721, 1483, 3721
2, 23, 576483, 578721, 1483, 3721
2, 230, 5751483, 5753721, 1483, 3721
2, 2300, 57501483, 57503721, 1483, 3721
2, 2301, 57526483, 57528721, 1483, 3721
2, 2302, 57551483, 57553721, 1483, 3721
2, 2303, 57576483, 57579491, 1483, 4491
2, 2304, 57601483, 57604013, 1483, 4013
2, 2305, 57626483, 57628721, 1483, 3721
2, 2306, 57651483, 57653721, 1483, 3721
2, 2307, 57676483, 57678721, 1483, 3721
2, 2308, 57701483, 57703721, 1483, 3721
2, 2309, 57726483, 57728721, 1483, 3721
2, 231, 5776483, 5779013, 1483, 4013
2, 2310, 57751483, 57756648, 1483, 6648
2, 2311, 57776483, 57778721, 1483, 3721
2, 2312, 57801483, 57803721, 1483, 3721
2, 2313, 57826483, 57828721, 1483, 3721
2, 2314, 57851483, 57853721, 1483, 3721
2, 2315, 57876483, 57878721, 1483, 3721
2, 2316, 57901483, 57903721, 1483, 3721
2, 2317, 57926483, 57929491, 1483, 4491
2, 2318, 57951483, 57953721, 1483, 3721
2, 2319, 57976483, 57978721, 1483, 3721
2, 232, 5801483, 5803721, 1483, 3721
2, 2320, 58001483, 58005179, 1483, 5179
2, 2321, 58026483, 58028721, 1483, 3721
2, 2322, 58051483, 58053721, 1483, 3721
2, 2323, 58076483, 58078721, 1483, 3721
2, 2324, 58101483, 58106502, 1483, 6502
2, 2325, 58126483, 58128721, 1483, 3721
2, 2326, 58151483, 58153721, 1483, 3721
2, 2327, 58176483, 58178721, 1483, 3721
2, 2328, 58201483, 58203721, 1483, 3721
2, 2329, 58226483, 58228721, 1483, 3721
2, 233, 5826483, 5828721, 1483, 3721
2, 2330, 58251483, 58255413, 1483, 5413
2, 2331, 58276483, 58279013, 1483, 4013
2, 2332, 58301483, 58303721, 1483, 3721
2, 2333, 58326483, 58328721, 1483, 3721
2, 2334, 58351483, 58353721, 1483, 3721
2, 2335, 58376483, 58378721, 1483, 3721
2, 2336, 58401483, 58403721, 1483, 3721
2, 2337, 58426483, 58428721, 1483, 3721
2, 2338, 58451483, 58456502, 1483, 6502
2, 2339, 58476483, 58478721, 1483, 3721
2, 234, 5851483, 5853721, 1483, 3721
2, 2340, 58501483, 58503721, 1483, 3721
2, 2341, 58526483, 58532401, 1483, 7401
2, 2342, 58551483, 58553721, 1483, 3721
2, 2343, 58576483, 58578721, 1483, 3721
2, 2344, 58601483, 58603721, 1483, 3721
2, 2345, 58626483, 58628721, 1483, 3721
2, 2346, 58651483, 58653721, 1483, 3721
2, 2347, 58676483, 58678721, 1483, 3721
2, 2348, 58701483, 58703721, 1483, 3721
2, 2349, 58726483, 58728721, 1483, 3721
2, 235, 5876483, 5878721, 1483, 3721
2, 2350, 58751483, 58753721, 1483, 3721
2, 2351, 58776483, 58778721, 1483, 3721
2, 2352, 58801483, 58811312, 1483, 11312
2, 2353, 58826483, 58828721, 1483, 3721
2, 2354, 58851483, 58853721, 1483, 3721
2, 2355, 58876483, 58878721, 1483, 3721
2, 2356, 58901483, 58903721, 1483, 3721
2, 2357, 58926483, 58928721, 1483, 3721
2, 2358, 58951483, 58953721, 1483, 3721
2, 2359, 58976483, 58978721, 1483, 3721
2, 236, 5901483, 5903721, 1483, 3721
2, 2360, 59001483, 59003721, 1483, 3721
2, 2361, 59026483, 59028721, 1483, 3721
2, 2362, 59051483, 59053721, 1483, 3721
2, 2363, 59076483, 59078721, 1483, 3721
2, 2364, 59101483, 59103721, 1483, 3721
2, 2365, 59126483, 59128721, 1483, 3721
2, 2366, 59151483, 59156502, 1483, 6502
2, 2367, 59176483, 59178721, 1483, 3721
2, 2368, 59201483, 59203721, 1483, 3721
2, 2369, 59226483, 59228721, 1483, 3721
2, 237, 5926483, 5928721, 1483, 3721
2, 2370, 59251483, 59253721, 1483, 3721
2, 2371, 59276483, 59278721, 1483, 3721
2, 2372, 59301483, 59303721, 1483, 3721
2, 2373, 59326483, 59329783, 1483, 4783
2, 2374, 59351483, 59353721, 1483, 3721
2, 2375, 59376483, 59378721, 1483, 3721
2, 2376, 59401483, 59404013, 1483, 4013
2, 2377, 59426483, 59428721, 1483, 3721
2, 2378, 59451483, 59453721, 1483, 3721
2, 2379, 59476483, 59478721, 1483, 3721
2, 238, 5951483, 5956502, 1483, 6502
2, 2380, 59501483, 59506502, 1483, 6502
2, 2381, 59526483, 59528721, 1483, 3721
2, 2382, 59551483, 59553721, 1483, 3721
2, 2383, 59576483, 59578811, 1483, 3811
2, 2384, 59601483, 59603721, 1483, 3721
2, 2385, 59626483, 59628721, 1483, 3721
2, 2386, 59651483, 59653721, 1483, 3721
2, 2387, 59676483, 59678721, 1483, 3721
2, 2388, 59701483, 59703721, 1483, 3721
2, 2389, 59726483, 59728721, 1483, 3721
2, 239, 5976483, 5978721, 1483, 3721
2, 2390, 59751483, 59753721, 1483, 3721
2, 2391, 59776483, 59778721, 1483, 3721
2, 2392, 59801483, 59803721, 1483, 3721
2, 2393, 59826483, 59828721, 1483, 3721
2, 2394, 59851483, 59858606, 1483, 8606
2, 2395, 59876483, 59878721, 1483, 3721
2, 2396, 59901483, 59903721, 1483, 3721
2, 2397, 59926483, 59934482, 1483, 9482
2, 2398, 59951483, 59953721, 1483, 3721
2, 2399, 59976483, 59978721, 1483, 3721
2, 24, 601483, 604013, 1483, 4013
2, 240, 6001483, 6004013, 1483, 4013
2, 2400, 60001483, 60004013, 1483, 4013
2, 2401, 60026483, 60028721, 1483, 3721
2, 2402, 60051483, 60053721, 1483, 3721
2, 2403, 60076483, 60078721, 1483, 3721
2, 2404, 60101483, 60103721, 1483, 3721
2, 2405, 60126483, 60128721, 1483, 3721
2, 2406, 60151483, 60153721, 1483, 3721
2, 2407, 60176483, 60178721, 1483, 3721
2, 2408, 60201483, 60206974, 1483, 6974
2, 2409, 60226483, 60228721, 1483, 3721
2, 241, 6026483, 6028721, 1483, 3721
2, 2410, 60251483, 60253721, 1483, 3721
2, 2411, 60276483, 60278721, 1483, 3721
2, 2412, 60301483, 60303721, 1483, 3721
2, 2413, 60326483, 60328721, 1483, 3721
2, 2414, 60351483, 60353721, 1483, 3721
2, 2415, 60376483, 60379013, 1483, 4013
2, 2416, 60401483, 60403721, 1483, 3721
2, 2417, 60426483, 60428721, 1483, 3721
2, 2418, 60451483, 60453721, 1483, 3721
2, 2419, 60476483, 60478721, 1483, 3721
2, 242, 6051483, 6053721, 1483, 3721
2, 2420, 60501483, 60503721, 1483, 3721
2, 2421, 60526483, 60528721, 1483, 3721
2, 2422, 60551483, 60556502, 1483, 6502
2, 2423, 60576483, 60578721, 1483, 3721
2, 2424, 60601483, 60603721, 1483, 3721
2, 2425, 60626483, 60628721, 1483, 3721
2, 2426, 60651483, 60653721, 1483, 3721
2, 2427, 60676483, 60678721, 1483, 3721
2, 2428, 60701483, 60703721, 1483, 3721
2, 2429, 60726483, 60729491, 1483, 4491
2, 243, 6076483, 6078721, 1483, 3721
2, 2430, 60751483, 60753721, 1483, 3721
2, 2431, 60776483, 60778721, 1483, 3721
2, 2432, 60801483, 60807592, 1483, 7592
2, 2433, 60826483, 60828721, 1483, 3721
2, 2434, 60851483, 60853721, 1483, 3721
2, 2435, 60876483, 60878721, 1483, 3721
2, 2436, 60901483, 60907857, 1483, 7857
2, 2437, 60926483, 60928721, 1483, 3721
2, 2438, 60951483, 60953721, 1483, 3721
2, 2439, 60976483, 60978721, 1483, 3721
2, 244, 6101483, 6103721, 1483, 3721
2, 2440, 61001483, 61003721, 1483, 3721
2, 2441, 61026483, 61028721, 1483, 3721
2, 2442, 61051483, 61053721, 1483, 3721
2, 2443, 61076483, 61078721, 1483, 3721
2, 2444, 61101483, 61103721, 1483, 3721
2, 2445, 61126483, 61128721, 1483, 3721
2, 2446, 61151483, 61153721, 1483, 3721
2, 2447, 61176483, 61178721, 1483, 3721
2, 2448, 61201483, 61204013, 1483, 4013
2, 2449, 61226483, 61228721, 1483, 3721
2, 245, 6126483, 6129491, 1483, 4491
2, 2450, 61251483, 61256502, 1483, 6502
2, 2451, 61276483, 61278721, 1483, 3721
2, 2452, 61301483, 61303721, 1483, 3721
2, 2453, 61326483, 61330767, 1483, 5767
2, 2454, 61351483, 61353721, 1483, 3721
2, 2455, 61376483, 61378721, 1483, 3721
2, 2456, 61401483, 61403721, 1483, 3721
2, 2457, 61426483, 61429013, 1483, 4013
2, 2458, 61451483, 61453721, 1483, 3721
2, 2459, 61476483, 61478721, 1483, 3721
2, 246, 6151483, 6153721, 1483, 3721
2, 2460, 61501483, 61503721, 1483, 3721
2, 2461, 61526483, 61528721, 1483, 3721
2, 2462, 61551483, 61553721, 1483, 3721
2, 2463, 61576483, 61578721, 1483, 3721
2, 2464, 61601483, 61611312, 1483, 11312
2, 2465, 61626483, 61628721, 1483, 3721
2, 2466, 61651483, 61653721, 1483, 3721
2, 2467, 61676483, 61678721, 1483, 3721
2, 2468, 61701483, 61703721, 1483, 3721
2, 2469, 61726483, 61728721, 1483, 3721
2, 247, 6176483, 6178721, 1483, 3721
2, 2470, 61751483, 61753721, 1483, 3721
2, 2471, 61776483, 61778721, 1483, 3721
2, 2472, 61801483, 61803721, 1483, 3721
2, 2473, 61826483, 61828721, 1483, 3721
2, 2474, 61851483, 61853721, 1483, 3721
2, 2475, 61876483, 61878721, 1483, 3721
2, 2476, 61901483, 61903721, 1483, 3721
2, 2477, 61926483, 61928721, 1483, 3721
2, 2478, 61951483, 61956648, 1483, 6648
2, 2479, 61976483, 61978721, 1483, 3721
2, 248, 6201483, 6203721, 1483, 3721
2, 2480, 62001483, 62003721, 1483, 3721
2, 2481, 62026483, 62028721, 1483, 3721
2, 2482, 62051483, 62053721, 1483, 3721
2, 2483, 62076483, 62078721, 1483, 3721
2, 2484, 62101483, 62103721, 1483, 3721
2, 2485, 62126483, 62129491, 1483, 4491
2, 2486, 62151483, 62153721, 1483, 3721
2, 2487, 62176483, 62178721, 1483, 3721
2, 2488, 62201483, 62203721, 1483, 3721
2, 2489, 62226483, 62228721, 1483, 3721
2, 249, 6226483, 6228721, 1483, 3721
2, 2490, 62251483, 62253721, 1483, 3721
2, 2491, 62276483, 62278721, 1483, 3721
2, 2492, 62301483, 62306502, 1483, 6502
2, 2493, 62326483, 62329013, 1483, 4013
2, 2494, 62351483, 62353721, 1483, 3721
2, 2495, 62376483, 62378721, 1483, 3721
2, 2496, 62401483, 62404013, 1483, 4013
2, 2497, 62426483, 62428721, 1483, 3721
2, 2498, 62451483, 62453721, 1483, 3721
2, 2499, 62476483, 62479013, 1483, 4013
2, 25, 626483, 628721, 1483, 3721
2, 250, 6251483, 6253721, 1483, 3721
2, 2500, 62501483, 62503721, 1483, 3721
2, 2501, 62526483, 62528721, 1483, 3721
2, 2502, 62551483, 62553721, 1483, 3721
2, 2503, 62576483, 62578721, 1483, 3721
2, 2504, 62601483, 62603721, 1483, 3721
2, 2505, 62626483, 62628721, 1483, 3721
2, 2506, 62651483, 62656502, 1483, 6502
2, 2507, 62676483, 62678721, 1483, 3721
2, 2508, 62701483, 62703721, 1483, 3721
2, 2509, 62726483, 62732219, 1483, 7219
2, 251, 6276483, 6278721, 1483, 3721
2, 2510, 62751483, 62753721, 1483, 3721
2, 2511, 62776483, 62778721, 1483, 3721
2, 2512, 62801483, 62805619, 1483, 5619
2, 2513, 62826483, 62828721, 1483, 3721
2, 2514, 62851483, 62853721, 1483, 3721
2, 2515, 62876483, 62878721, 1483, 3721
2, 2516, 62901483, 62903721, 1483, 3721
2, 2517, 62926483, 62928721, 1483, 3721
2, 2518, 62951483, 62953721, 1483, 3721
2, 2519, 62976483, 62978721, 1483, 3721
2, 252, 6301483, 6306648, 1483, 6648
2, 2520, 63001483, 63007266, 1483, 7266
2, 2521, 63026483, 63028721, 1483, 3721
2, 2522, 63051483, 63053721, 1483, 3721
2, 2523, 63076483, 63078721, 1483, 3721
2, 2524, 63101483, 63103721, 1483, 3721
2, 2525, 63126483, 63128721, 1483, 3721
2, 2526, 63151483, 63153721, 1483, 3721
2, 2527, 63176483, 63179491, 1483, 4491
2, 2528, 63201483, 63203721, 1483, 3721
2, 2529, 63226483, 63228721, 1483, 3721
2, 253, 6326483, 6328721, 1483, 3721
2, 2530, 63251483, 63253721, 1483, 3721
2, 2531, 63276483, 63278721, 1483, 3721
2, 2532, 63301483, 63303721, 1483, 3721
2, 2533, 63326483, 63328721, 1483, 3721
2, 2534, 63351483, 63356502, 1483, 6502
2, 2535, 63376483, 63378721, 1483, 3721
2, 2536, 63401483, 63403721, 1483, 3721
2, 2537, 63426483, 63428721, 1483, 3721
2, 2538, 63451483, 63453721, 1483, 3721
2, 2539, 63476483, 63478721, 1483, 3721
2, 254, 6351483, 6353721, 1483, 3721
2, 2540, 63501483, 63503721, 1483, 3721
2, 2541, 63526483, 63529783, 1483, 4783
2, 2542, 63551483, 63553721, 1483, 3721
2, 2543, 63576483, 63578721, 1483, 3721
2, 2544, 63601483, 63605325, 1483, 5325
2, 2545, 63626483, 63628721, 1483, 3721
2, 2546, 63651483, 63653721, 1483, 3721
2, 2547, 63676483, 63678721, 1483, 3721
2, 2548, 63701483, 63706502, 1483, 6502
2, 2549, 63726483, 63728721, 1483, 3721
2, 255, 6376483, 6379103, 1483, 4103
2, 2550, 63751483, 63753721, 1483, 3721
2, 2551, 63776483, 63778721, 1483, 3721
2, 2552, 63801483, 63803721, 1483, 3721
2, 2553, 63826483, 63828721, 1483, 3721
2, 2554, 63851483, 63858560, 1483, 8560
2, 2555, 63876483, 63878721, 1483, 3721
2, 2556, 63901483, 63903721, 1483, 3721
2, 2557, 63926483, 63928721, 1483, 3721
2, 2558, 63951483, 63953721, 1483, 3721
2, 2559, 63976483, 63978721, 1483, 3721
2, 256, 6401483, 6403721, 1483, 3721
2, 2560, 64001483, 64003721, 1483, 3721
2, 2561, 64026483, 64028721, 1483, 3721
2, 2562, 64051483, 64056648, 1483, 6648
2, 2563, 64076483, 64078721, 1483, 3721
2, 2564, 64101483, 64103721, 1483, 3721
2, 2565, 64126483, 64136946, 1483, 11946
2, 2566, 64151483, 64153721, 1483, 3721
2, 2567, 64176483, 64178721, 1483, 3721
2, 2568, 64201483, 64203721, 1483, 3721
2, 2569, 64226483, 64229491, 1483, 4491
2, 257, 6426483, 6428721, 1483, 3721
2, 2570, 64251483, 64253721, 1483, 3721
2, 2571, 64276483, 64278721, 1483, 3721
2, 2572, 64301483, 64303721, 1483, 3721
2, 2573, 64326483, 64328721, 1483, 3721
2, 2574, 64351483, 64353721, 1483, 3721
2, 2575, 64376483, 64378721, 1483, 3721
2, 2576, 64401483, 64411166, 1483, 11166
2, 2577, 64426483, 64428721, 1483, 3721
2, 2578, 64451483, 64453721, 1483, 3721
2, 2579, 64476483, 64478721, 1483, 3721
2, 258, 6451483, 6453721, 1483, 3721
2, 2580, 64501483, 64503721, 1483, 3721
2, 2581, 64526483, 64528721, 1483, 3721
2, 2582, 64551483, 64553721, 1483, 3721
2, 2583, 64576483, 64579013, 1483, 4013
2, 2584, 64601483, 64603721, 1483, 3721
2, 2585, 64626483, 64628721, 1483, 3721
2, 2586, 64651483, 64653721, 1483, 3721
2, 2587, 64676483, 64678721, 1483, 3721
2, 2588, 64701483, 64703721, 1483, 3721
2, 2589, 64726483, 64728721, 1483, 3721
2, 259, 6476483, 6478721, 1483, 3721
2, 2590, 64751483, 64756502, 1483, 6502
2, 2591, 64776483, 64778721, 1483, 3721
2, 2592, 64801483, 64804013, 1483, 4013
2, 2593, 64826483, 64828721, 1483, 3721
2, 2594, 64851483, 64853721, 1483, 3721
2, 2595, 64876483, 64878721, 1483, 3721
2, 2596, 64901483, 64903721, 1483, 3721
2, 2597, 64926483, 64929491, 1483, 4491
2, 2598, 64951483, 64953721, 1483, 3721
2, 2599, 64976483, 64978721, 1483, 3721
2, 26, 651483, 653721, 1483, 3721
2, 260, 6501483, 6503721, 1483, 3721
2, 2600, 65001483, 65003721, 1483, 3721
2, 2601, 65026483, 65028721, 1483, 3721
2, 2602, 65051483, 65053721, 1483, 3721
2, 2603, 65076483, 65078721, 1483, 3721
2, 2604, 65101483, 65106648, 1483, 6648
2, 2605, 65126483, 65128721, 1483, 3721
2, 2606, 65151483, 65153721, 1483, 3721
2, 2607, 65176483, 65180640, 1483, 5640
2, 2608, 65201483, 65203721, 1483, 3721
2, 2609, 65226483, 65228721, 1483, 3721
2, 261, 6526483, 6528721, 1483, 3721
2, 2610, 65251483, 65253721, 1483, 3721
2, 2611, 65276483, 65278721, 1483, 3721
2, 2612, 65301483, 65303721, 1483, 3721
2, 2613, 65326483, 65328721, 1483, 3721
2, 2614, 65351483, 65353721, 1483, 3721
2, 2615, 65376483, 65378721, 1483, 3721
2, 2616, 65401483, 65403721, 1483, 3721
2, 2617, 65426483, 65428721, 1483, 3721
2, 2618, 65451483, 65456502, 1483, 6502
2, 2619, 65476483, 65478721, 1483, 3721
2, 262, 6551483, 6553721, 1483, 3721
2, 2620, 65501483, 65503721, 1483, 3721
2, 2621, 65526483, 65534482, 1483, 9482
2, 2622, 65551483, 65553721, 1483, 3721
2, 2623, 65576483, 65578721, 1483, 3721
2, 2624, 65601483, 65603721, 1483, 3721
2, 2625, 65626483, 65629013, 1483, 4013
2, 2626, 65651483, 65653721, 1483, 3721
2, 2627, 65676483, 65678721, 1483, 3721
2, 2628, 65701483, 65703721, 1483, 3721
2, 2629, 65726483, 65728721, 1483, 3721
2, 263, 6576483, 6578721, 1483, 3721
2, 2630, 65751483, 65753721, 1483, 3721
2, 2631, 65776483, 65778721, 1483, 3721
2, 2632, 65801483, 65806974, 1483, 6974
2, 2633, 65826483, 65828721, 1483, 3721
2, 2634, 65851483, 65853721, 1483, 3721
2, 2635, 65876483, 65878721, 1483, 3721
2, 2636, 65901483, 65903721, 1483, 3721
2, 2637, 65926483, 65928721, 1483, 3721
2, 2638, 65951483, 65953721, 1483, 3721
2, 2639, 65976483, 65978721, 1483, 3721
2, 264, 6601483, 6603721, 1483, 3721
2, 2640, 66001483, 66004013, 1483, 4013
2, 2641, 66026483, 66028721, 1483, 3721
2, 2642, 66051483, 66053721, 1483, 3721
2, 2643, 66076483, 66078721, 1483, 3721
2, 2644, 66101483, 66103721, 1483, 3721
2, 2645, 66126483, 66128721, 1483, 3721
2, 2646, 66151483, 66156648, 1483, 6648
2, 2647, 66176483, 66178721, 1483, 3721
2, 2648, 66201483, 66203721, 1483, 3721
2, 2649, 66226483, 66229103, 1483, 4103
2, 265, 6626483, 6628721, 1483, 3721
2, 2650, 66251483, 66253721, 1483, 3721
2, 2651, 66276483, 66278721, 1483, 3721
2, 2652, 66301483, 66303721, 1483, 3721
2, 2653, 66326483, 66329491, 1483, 4491
2, 2654, 66351483, 66353721, 1483, 3721
2, 2655, 66376483, 66378721, 1483, 3721
2, 2656, 66401483, 66405179, 1483, 5179
2, 2657, 66426483, 66428721, 1483, 3721
2, 2658, 66451483, 66453721, 1483, 3721
2, 2659, 66476483, 66478721, 1483, 3721
2, 266, 6651483, 6656974, 1483, 6974
2, 2660, 66501483, 66506974, 1483, 6974
2, 2661, 66526483, 66528721, 1483, 3721
2, 2662, 66551483, 66553721, 1483, 3721
2, 2663, 66576483, 66578721, 1483, 3721
2, 2664, 66601483, 66604013, 1483, 4013
2, 2665, 66626483, 66628721, 1483, 3721
2, 2666, 66651483, 66653721, 1483, 3721
2, 2667, 66676483, 66679013, 1483, 4013
2, 2668, 66701483, 66703721, 1483, 3721
2, 2669, 66726483, 66728721, 1483, 3721
2, 267, 6676483, 6678721, 1483, 3721
2, 2670, 66751483, 66753721, 1483, 3721
2, 2671, 66776483, 66778721, 1483, 3721
2, 2672, 66801483, 66803721, 1483, 3721
2, 2673, 66826483, 66828721, 1483, 3721
2, 2674, 66851483, 66856502, 1483, 6502
2, 2675, 66876483, 66878721, 1483, 3721
2, 2676, 66901483, 66903721, 1483, 3721
2, 2677, 66926483, 66930670, 1483, 5670
2, 2678, 66951483, 66953721, 1483, 3721
2, 2679, 66976483, 66978721, 1483, 3721
2, 268, 6701483, 6703721, 1483, 3721
2, 2680, 67001483, 67003721, 1483, 3721
2, 2681, 67026483, 67028721, 1483, 3721
2, 2682, 67051483, 67053721, 1483, 3721
2, 2683, 67076483, 67078721, 1483, 3721
2, 2684, 67101483, 67103721, 1483, 3721
2, 2685, 67126483, 67128721, 1483, 3721
2, 2686, 67151483, 67153721, 1483, 3721
2, 2687, 67176483, 67178721, 1483, 3721
2, 2688, 67201483, 67211312, 1483, 11312
2, 2689, 67226483, 67228721, 1483, 3721
2, 269, 6726483, 6734482, 1483, 9482
2, 2690, 67251483, 67253721, 1483, 3721
2, 2691, 67276483, 67278721, 1483, 3721
2, 2692, 67301483, 67303721, 1483, 3721
2, 2693, 67326483, 67328721, 1483, 3721
2, 2694, 67351483, 67353721, 1483, 3721
2, 2695, 67376483, 67378721, 1483, 3721
2, 2696, 67401483, 67403721, 1483, 3721
2, 2697, 67426483, 67428721, 1483, 3721
2, 2698, 67451483, 67453721, 1483, 3721
2, 2699, 67476483, 67478721, 1483, 3721
2, 27, 676483, 678721, 1483, 3721
2, 270, 6751483, 6753721, 1483, 3721
2, 2700, 67501483, 67503721, 1483, 3721
2, 2701, 67526483, 67528721, 1483, 3721
2, 2702, 67551483, 67557711, 1483, 7711
2, 2703, 67576483, 67578721, 1483, 3721
2, 2704, 67601483, 67603721, 1483, 3721
2, 2705, 67626483, 67628721, 1483, 3721
2, 2706, 67651483, 67653721, 1483, 3721
2, 2707, 67676483, 67678721, 1483, 3721
2, 2708, 67701483, 67703721, 1483, 3721
2, 2709, 67726483, 67729783, 1483, 4783
2, 271, 6776483, 6778721, 1483, 3721
2, 2710, 67751483, 67753721, 1483, 3721
2, 2711, 67776483, 67778721, 1483, 3721
2, 2712, 67801483, 67804013, 1483, 4013
2, 2713, 67826483, 67828721, 1483, 3721
2, 2714, 67851483, 67853721, 1483, 3721
2, 2715, 67876483, 67878721, 1483, 3721
2, 2716, 67901483, 67906502, 1483, 6502
2, 2717, 67926483, 67928721, 1483, 3721
2, 2718, 67951483, 67953721, 1483, 3721
2, 2719, 67976483, 67978721, 1483, 3721
2, 272, 6801483, 6803721, 1483, 3721
2, 2720, 68001483, 68003721, 1483, 3721
2, 2721, 68026483, 68028721, 1483, 3721
2, 2722, 68051483, 68053721, 1483, 3721
2, 2723, 68076483, 68078721, 1483, 3721
2, 2724, 68101483, 68103721, 1483, 3721
2, 2725, 68126483, 68128721, 1483, 3721
2, 2726, 68151483, 68153721, 1483, 3721
2, 2727, 68176483, 68178721, 1483, 3721
2, 2728, 68201483, 68203721, 1483, 3721
2, 2729, 68226483, 68228721, 1483, 3721
2, 273, 6826483, 6829013, 1483, 4013
2, 2730, 68251483, 68256648, 1483, 6648
2, 2731, 68276483, 68278721, 1483, 3721
2, 2732, 68301483, 68303721, 1483, 3721
2, 2733, 68326483, 68334482, 1483, 9482
2, 2734, 68351483, 68353721, 1483, 3721
2, 2735, 68376483, 68378721, 1483, 3721
2, 2736, 68401483, 68405911, 1483, 5911
2, 2737, 68426483, 68428721, 1483, 3721
2, 2738, 68451483, 68453721, 1483, 3721
2, 2739, 68476483, 68478721, 1483, 3721
2, 274, 6851483, 6853721, 1483, 3721
2, 2740, 68501483, 68503721, 1483, 3721
2, 2741, 68526483, 68528721, 1483, 3721
2, 2742, 68551483, 68553721, 1483, 3721
2, 2743, 68576483, 68578721, 1483, 3721
2, 2744, 68601483, 68606974, 1483, 6974
2, 2745, 68626483, 68628721, 1483, 3721
2, 2746, 68651483, 68653721, 1483, 3721
2, 2747, 68676483, 68678721, 1483, 3721
2, 2748, 68701483, 68703721, 1483, 3721
2, 2749, 68726483, 68728721, 1483, 3721
2, 275, 6876483, 6878721, 1483, 3721
2, 2750, 68751483, 68753721, 1483, 3721
2, 2751, 68776483, 68779013, 1483, 4013
2, 2752, 68801483, 68803721, 1483, 3721
2, 2753, 68826483, 68828721, 1483, 3721
2, 2754, 68851483, 68853721, 1483, 3721
2, 2755, 68876483, 68878721, 1483, 3721
2, 2756, 68901483, 68903721, 1483, 3721
2, 2757, 68926483, 68928721, 1483, 3721
2, 2758, 68951483, 68956502, 1483, 6502
2, 2759, 68976483, 68978721, 1483, 3721
2, 276, 6901483, 6903721, 1483, 3721
2, 2760, 69001483, 69003721, 1483, 3721
2, 2761, 69026483, 69028721, 1483, 3721
2, 2762, 69051483, 69053721, 1483, 3721
2, 2763, 69076483, 69078721, 1483, 3721
2, 2764, 69101483, 69103721, 1483, 3721
2, 2765, 69126483, 69129491, 1483, 4491
2, 2766, 69151483, 69153721, 1483, 3721
2, 2767, 69176483, 69178721, 1483, 3721
2, 2768, 69201483, 69205179, 1483, 5179
2, 2769, 69226483, 69228721, 1483, 3721
2, 277, 6926483, 6928721, 1483, 3721
2, 2770, 69251483, 69253721, 1483, 3721
2, 2771, 69276483, 69278721, 1483, 3721
2, 2772, 69301483, 69306648, 1483, 6648
2, 2773, 69326483, 69328721, 1483, 3721
2, 2774, 69351483, 69353721, 1483, 3721
2, 2775, 69376483, 69378721, 1483, 3721
2, 2776, 69401483, 69403721, 1483, 3721
2, 2777, 69426483, 69428721, 1483, 3721
2, 2778, 69451483, 69453721, 1483, 3721
2, 2779, 69476483, 69478721, 1483, 3721
2, 278, 6951483, 6953721, 1483, 3721
2, 2780, 69501483, 69503721, 1483, 3721
2, 2781, 69526483, 69528721, 1483, 3721
2, 2782, 69551483, 69553721, 1483, 3721
2, 2783, 69576483, 69578721, 1483, 3721
2, 2784, 69601483, 69604013, 1483, 4013
2, 2785, 69626483, 69628721, 1483, 3721
2, 2786, 69651483, 69656502, 1483, 6502
2, 2787, 69676483, 69678721, 1483, 3721
2, 2788, 69701483, 69703721, 1483, 3721
2, 2789, 69726483, 69730767, 1483, 5767
2, 279, 6976483, 6978721, 1483, 3721
2, 2790, 69751483, 69753721, 1483, 3721
2, 2791, 69776483, 69778721, 1483, 3721
2, 2792, 69801483, 69803721, 1483, 3721
2, 2793, 69826483, 69829783, 1483, 4783
2, 2794, 69851483, 69853721, 1483, 3721
2, 2795, 69876483, 69878721, 1483, 3721
2, 2796, 69901483, 69903721, 1483, 3721
2, 2797, 69926483, 69928721, 1483, 3721
2, 2798, 69951483, 69953721, 1483, 3721
2, 2799, 69976483, 69978721, 1483, 3721
2, 28, 701483, 706502, 1483, 6502
2, 280, 7001483, 7006974, 1483, 6974
2, 2800, 70001483, 70011312, 1483, 11312
2, 2801, 70026483, 70028721, 1483, 3721
2, 2802, 70051483, 70053721, 1483, 3721
2, 2803, 70076483, 70078721, 1483, 3721
2, 2804, 70101483, 70103721, 1483, 3721
2, 2805, 70126483, 70128721, 1483, 3721
2, 2806, 70151483, 70153721, 1483, 3721
2, 2807, 70176483, 70178721, 1483, 3721
2, 2808, 70201483, 70203721, 1483, 3721
2, 2809, 70226483, 70228721, 1483, 3721
2, 281, 7026483, 7028721, 1483, 3721
2, 2810, 70251483, 70253721, 1483, 3721
2, 2811, 70276483, 70278721, 1483, 3721
2, 2812, 70301483, 70303721, 1483, 3721
2, 2813, 70326483, 70328721, 1483, 3721
2, 2814, 70351483, 70356648, 1483, 6648
2, 2815, 70376483, 70378721, 1483, 3721
2, 2816, 70401483, 70405619, 1483, 5619
2, 2817, 70426483, 70428721, 1483, 3721
2, 2818, 70451483, 70453721, 1483, 3721
2, 2819, 70476483, 70478721, 1483, 3721
2, 282, 7051483, 7053721, 1483, 3721
2, 2820, 70501483, 70503721, 1483, 3721
2, 2821, 70526483, 70529491, 1483, 4491
2, 2822, 70551483, 70553721, 1483, 3721
2, 2823, 70576483, 70578721, 1483, 3721
2, 2824, 70601483, 70603721, 1483, 3721
2, 2825, 70626483, 70628721, 1483, 3721
2, 2826, 70651483, 70653721, 1483, 3721
2, 2827, 70676483, 70678721, 1483, 3721
2, 2828, 70701483, 70706502, 1483, 6502
2, 2829, 70726483, 70728721, 1483, 3721
2, 283, 7076483, 7078721, 1483, 3721
2, 2830, 70751483, 70753721, 1483, 3721
2, 2831, 70776483, 70778721, 1483, 3721
2, 2832, 70801483, 70804013, 1483, 4013
2, 2833, 70826483, 70828721, 1483, 3721
2, 2834, 70851483, 70853721, 1483, 3721
2, 2835, 70876483, 70879783, 1483, 4783
2, 2836, 70901483, 70903721, 1483, 3721
2, 2837, 70926483, 70928721, 1483, 3721
2, 2838, 70951483, 70953721, 1483, 3721
2, 2839, 70976483, 70978721, 1483, 3721
2, 284, 7101483, 7103721, 1483, 3721
2, 2840, 71001483, 71003721, 1483, 3721
2, 2841, 71026483, 71028721, 1483, 3721
2, 2842, 71051483, 71056502, 1483, 6502
2, 2843, 71076483, 71078721, 1483, 3721
2, 2844, 71101483, 71103721, 1483, 3721
2, 2845, 71126483, 71132219, 1483, 7219
2, 2846, 71151483, 71153721, 1483, 3721
2, 2847, 71176483, 71178721, 1483, 3721
2, 2848, 71201483, 71203721, 1483, 3721
2, 2849, 71226483, 71228721, 1483, 3721
2, 285, 7126483, 7129013, 1483, 4013
2, 2850, 71251483, 71253721, 1483, 3721
2, 2851, 71276483, 71278721, 1483, 3721
2, 2852, 71301483, 71303721, 1483, 3721
2, 2853, 71326483, 71328721, 1483, 3721
2, 2854, 71351483, 71353721, 1483, 3721
2, 2855, 71376483, 71378721, 1483, 3721
2, 2856, 71401483, 71407266, 1483, 7266
2, 2857, 71426483, 71428721, 1483, 3721
2, 2858, 71451483, 71453721, 1483, 3721
2, 2859, 71476483, 71478721, 1483, 3721
2, 286, 7151483, 7153721, 1483, 3721
2, 2860, 71501483, 71503721, 1483, 3721
2, 2861, 71526483, 71528721, 1483, 3721
2, 2862, 71551483, 71553721, 1483, 3721
2, 2863, 71576483, 71578721, 1483, 3721
2, 2864, 71601483, 71603721, 1483, 3721
2, 2865, 71626483, 71628721, 1483, 3721
2, 2866, 71651483, 71653721, 1483, 3721
2, 2867, 71676483, 71678721, 1483, 3721
2, 2868, 71701483, 71703721, 1483, 3721
2, 2869, 71726483, 71728721, 1483, 3721
2, 287, 7176483, 7178721, 1483, 3721
2, 2870, 71751483, 71756502, 1483, 6502
2, 2871, 71776483, 71778721, 1483, 3721
2, 2872, 71801483, 71803721, 1483, 3721
2, 2873, 71826483, 71830348, 1483, 5348
2, 2874, 71851483, 71853721, 1483, 3721
2, 2875, 71876483, 71878721, 1483, 3721
2, 2876, 71901483, 71903721, 1483, 3721
2, 2877, 71926483, 71929783, 1483, 4783
2, 2878, 71951483, 71953721, 1483, 3721
2, 2879, 71976483, 71978721, 1483, 3721
2, 288, 7201483, 7204013, 1483, 4013
2, 2880, 72001483, 72005325, 1483, 5325
2, 2881, 72026483, 72028721, 1483, 3721
2, 2882, 72051483, 72053721, 1483, 3721
2, 2883, 72076483, 72078721, 1483, 3721
2, 2884, 72101483, 72106502, 1483, 6502
2, 2885, 72126483, 72128721, 1483, 3721
2, 2886, 72151483, 72153721, 1483, 3721
2, 2887, 72176483, 72178721, 1483, 3721
2, 2888, 72201483, 72203721, 1483, 3721
2, 2889, 72226483, 72228721, 1483, 3721
2, 289, 7226483, 7228721, 1483, 3721
2, 2890, 72251483, 72253721, 1483, 3721
2, 2891, 72276483, 72278721, 1483, 3721
2, 2892, 72301483, 72303721, 1483, 3721
2, 2893, 72326483, 72328721, 1483, 3721
2, 2894, 72351483, 72353721, 1483, 3721
2, 2895, 72376483, 72378721, 1483, 3721
2, 2896, 72401483, 72403721, 1483, 3721
2, 2897, 72426483, 72428721, 1483, 3721
2, 2898, 72451483, 72456648, 1483, 6648
2, 2899, 72476483, 72478721, 1483, 3721
2, 29, 726483, 728721, 1483, 3721
2, 290, 7251483, 7253721, 1483, 3721
2, 2900, 72501483, 72503721, 1483, 3721
2, 2901, 72526483, 72531059, 1483, 6059
2, 2902, 72551483, 72553721, 1483, 3721
2, 2903, 72576483, 72578721, 1483, 3721
2, 2904, 72601483, 72603721, 1483, 3721
2, 2905, 72626483, 72628721, 1483, 3721
2, 2906, 72651483, 72653721, 1483, 3721
2, 2907, 72676483, 72678721, 1483, 3721
2, 2908, 72701483, 72703721, 1483, 3721
2, 2909, 72726483, 72728721, 1483, 3721
2, 291, 7276483, 7278721, 1483, 3721
2, 2910, 72751483, 72753721, 1483, 3721
2, 2911, 72776483, 72778721, 1483, 3721
2, 2912, 72801483, 72811166, 1483, 11166
2, 2913, 72826483, 72828721, 1483, 3721
2, 2914, 72851483, 72853721, 1483, 3721
2, 2915, 72876483, 72879342, 1483, 4342
2, 2916, 72901483, 72903721, 1483, 3721
2, 2917, 72926483, 72928721, 1483, 3721
2, 2918, 72951483, 72953721, 1483, 3721
2, 2919, 72976483, 72979013, 1483, 4013
2, 292, 7301483, 7303721, 1483, 3721
2, 2920, 73001483, 73003721, 1483, 3721
2, 2921, 73026483, 73028721, 1483, 3721
2, 2922, 73051483, 73053721, 1483, 3721
2, 2923, 73076483, 73078721, 1483, 3721
2, 2924, 73101483, 73103721, 1483, 3721
2, 2925, 73126483, 73128721, 1483, 3721
2, 2926, 73151483, 73156974, 1483, 6974
2, 2927, 73176483, 73178721, 1483, 3721
2, 2928, 73201483, 73204013, 1483, 4013
2, 2929, 73226483, 73228721, 1483, 3721
2, 293, 7326483, 7328721, 1483, 3721
2, 2930, 73251483, 73253721, 1483, 3721
2, 2931, 73276483, 73278721, 1483, 3721
2, 2932, 73301483, 73303721, 1483, 3721
2, 2933, 73326483, 73329491, 1483, 4491
2, 2934, 73351483, 73353721, 1483, 3721
2, 2935, 73376483, 73378721, 1483, 3721
2, 2936, 73401483, 73403721, 1483, 3721
2, 2937, 73426483, 73428721, 1483, 3721
2, 2938, 73451483, 73453721, 1483, 3721
2, 2939, 73476483, 73478721, 1483, 3721
2, 294, 7351483, 7356648, 1483, 6648
2, 2940, 73501483, 73506648, 1483, 6648
2, 2941, 73526483, 73528721, 1483, 3721
2, 2942, 73551483, 73553721, 1483, 3721
2, 2943, 73576483, 73578721, 1483, 3721
2, 2944, 73601483, 73603721, 1483, 3721
2, 2945, 73626483, 73628721, 1483, 3721
2, 2946, 73651483, 73653721, 1483, 3721
2, 2947, 73676483, 73678721, 1483, 3721
2, 2948, 73701483, 73703721, 1483, 3721
2, 2949, 73726483, 73728721, 1483, 3721
2, 295, 7376483, 7378721, 1483, 3721
2, 2950, 73751483, 73753721, 1483, 3721
2, 2951, 73776483, 73778721, 1483, 3721
2, 2952, 73801483, 73803721, 1483, 3721
2, 2953, 73826483, 73828721, 1483, 3721
2, 2954, 73851483, 73856502, 1483, 6502
2, 2955, 73876483, 73878721, 1483, 3721
2, 2956, 73901483, 73903721, 1483, 3721
2, 2957, 73926483, 73934482, 1483, 9482
2, 2958, 73951483, 73953721, 1483, 3721
2, 2959, 73976483, 73978721, 1483, 3721
2, 296, 7401483, 7403721, 1483, 3721
2, 2960, 74001483, 74003721, 1483, 3721
2, 2961, 74026483, 74029013, 1483, 4013
2, 2962, 74051483, 74053721, 1483, 3721
2, 2963, 74076483, 74078721, 1483, 3721
2, 2964, 74101483, 74104013, 1483, 4013
2, 2965, 74126483, 74128721, 1483, 3721
2, 2966, 74151483, 74153721, 1483, 3721
2, 2967, 74176483, 74178721, 1483, 3721
2, 2968, 74201483, 74207928, 1483, 7928
2, 2969, 74226483, 74228721, 1483, 3721
2, 297, 7426483, 7428721, 1483, 3721
2, 2970, 74251483, 74253721, 1483, 3721
2, 2971, 74276483, 74278721, 1483, 3721
2, 2972, 74301483, 74303721, 1483, 3721
2, 2973, 74326483, 74328721, 1483, 3721
2, 2974, 74351483, 74353721, 1483, 3721
2, 2975, 74376483, 74378721, 1483, 3721
2, 2976, 74401483, 74404013, 1483, 4013
2, 2977, 74426483, 74428721, 1483, 3721
2, 2978, 74451483, 74453721, 1483, 3721
2, 2979, 74476483, 74478721, 1483, 3721
2, 298, 7451483, 7453721, 1483, 3721
2, 2980, 74501483, 74503721, 1483, 3721
2, 2981, 74526483, 74528721, 1483, 3721
2, 2982, 74551483, 74556648, 1483, 6648
2, 2983, 74576483, 74578721, 1483, 3721
2, 2984, 74601483, 74603721, 1483, 3721
2, 2985, 74626483, 74628721, 1483, 3721
2, 2986, 74651483, 74653721, 1483, 3721
2, 2987, 74676483, 74678721, 1483, 3721
2, 2988, 74701483, 74703721, 1483, 3721
2, 2989, 74726483, 74729491, 1483, 4491
2, 299, 7476483, 7478721, 1483, 3721
2, 2990, 74751483, 74753721, 1483, 3721
2, 2991, 74776483, 74778721, 1483, 3721
2, 2992, 74801483, 74805179, 1483, 5179
2, 2993, 74826483, 74828721, 1483, 3721
2, 2994, 74851483, 74853721, 1483, 3721
2, 2995, 74876483, 74878721, 1483, 3721
2, 2996, 74901483, 74906502, 1483, 6502
2, 2997, 74926483, 74928721, 1483, 3721
2, 2998, 74951483, 74953721, 1483, 3721
2, 2999, 74976483, 74978721, 1483, 3721
2, 3, 76483, 78721, 1483, 3721
2, 30, 751483, 753721, 1483, 3721
2, 300, 7501483, 7503721, 1483, 3721
2, 3000, 75001483, 75003721, 1483, 3721
2, 3001, 75026483, 75028721, 1483, 3721
2, 3002, 75051483, 75053721, 1483, 3721
2, 3003, 75076483, 75079013, 1483, 4013
2, 3004, 75101483, 75103721, 1483, 3721
2, 3005, 75126483, 75128721, 1483, 3721
2, 3006, 75151483, 75154013, 1483, 4013
2, 3007, 75176483, 75178721, 1483, 3721
2, 3008, 75201483, 75203721, 1483, 3721
2, 3009, 75226483, 75228721, 1483, 3721
2, 301, 7526483, 7529491, 1483, 4491
2, 3010, 75251483, 75256502, 1483, 6502
2, 3011, 75276483, 75278721, 1483, 3721
2, 3012, 75301483, 75303721, 1483, 3721
2, 3013, 75326483, 75330670, 1483, 5670
2, 3014, 75351483, 75353721, 1483, 3721
2, 3015, 75376483, 75378721, 1483, 3721
2, 3016, 75401483, 75403721, 1483, 3721
2, 3017, 75426483, 75428721, 1483, 3721
2, 3018, 75451483, 75453721, 1483, 3721
2, 3019, 75476483, 75478721, 1483, 3721
2, 302, 7551483, 7553721, 1483, 3721
2, 3020, 75501483, 75503721, 1483, 3721
2, 3021, 75526483, 75529013, 1483, 4013
2, 3022, 75551483, 75553721, 1483, 3721
2, 3023, 75576483, 75578721, 1483, 3721
2, 3024, 75601483, 75611312, 1483, 11312
2, 3025, 75626483, 75628721, 1483, 3721
2, 3026, 75651483, 75653721, 1483, 3721
2, 3027, 75676483, 75678721, 1483, 3721
2, 3028, 75701483, 75703721, 1483, 3721
2, 3029, 75726483, 75728721, 1483, 3721
2, 303, 7576483, 7578721, 1483, 3721
2, 3030, 75751483, 75753721, 1483, 3721
2, 3031, 75776483, 75778721, 1483, 3721
2, 3032, 75801483, 75803721, 1483, 3721
2, 3033, 75826483, 75828721, 1483, 3721
2, 3034, 75851483, 75853721, 1483, 3721
2, 3035, 75876483, 75878721, 1483, 3721
2, 3036, 75901483, 75903721, 1483, 3721
2, 3037, 75926483, 75928721, 1483, 3721
2, 3038, 75951483, 75956502, 1483, 6502
2, 3039, 75976483, 75978721, 1483, 3721
2, 304, 7601483, 7607738, 1483, 7738
2, 3040, 76001483, 76005619, 1483, 5619
2, 3041, 76026483, 76028721, 1483, 3721
2, 3042, 76051483, 76053721, 1483, 3721
2, 3043, 76076483, 76078721, 1483, 3721
2, 3044, 76101483, 76103721, 1483, 3721
2, 3045, 76126483, 76129783, 1483, 4783
2, 3046, 76151483, 76153721, 1483, 3721
2, 3047, 76176483, 76178721, 1483, 3721
2, 3048, 76201483, 76204013, 1483, 4013
2, 3049, 76226483, 76228721, 1483, 3721
2, 305, 7626483, 7628721, 1483, 3721
2, 3050, 76251483, 76253721, 1483, 3721
2, 3051, 76276483, 76278721, 1483, 3721
2, 3052, 76301483, 76306502, 1483, 6502
2, 3053, 76326483, 76328721, 1483, 3721
2, 3054, 76351483, 76353721, 1483, 3721
2, 3055, 76376483, 76378721, 1483, 3721
2, 3056, 76401483, 76403721, 1483, 3721
2, 3057, 76426483, 76428721, 1483, 3721
2, 3058, 76451483, 76453721, 1483, 3721
2, 3059, 76476483, 76479491, 1483, 4491
2, 306, 7651483, 7653721, 1483, 3721
2, 3060, 76501483, 76503721, 1483, 3721
2, 3061, 76526483, 76528721, 1483, 3721
2, 3062, 76551483, 76553721, 1483, 3721
2, 3063, 76576483, 76578721, 1483, 3721
2, 3064, 76601483, 76603721, 1483, 3721
2, 3065, 76626483, 76628721, 1483, 3721
2, 3066, 76651483, 76656648, 1483, 6648
2, 3067, 76676483, 76678721, 1483, 3721
2, 3068, 76701483, 76703721, 1483, 3721
2, 3069, 76726483, 76734482, 1483, 9482
2, 307, 7676483, 7678721, 1483, 3721
2, 3070, 76751483, 76753721, 1483, 3721
2, 3071, 76776483, 76778721, 1483, 3721
2, 3072, 76801483, 76804013, 1483, 4013
2, 3073, 76826483, 76828721, 1483, 3721
2, 3074, 76851483, 76853721, 1483, 3721
2, 3075, 76876483, 76878721, 1483, 3721
2, 3076, 76901483, 76903721, 1483, 3721
2, 3077, 76926483, 76928721, 1483, 3721
2, 3078, 76951483, 76953721, 1483, 3721
2, 3079, 76976483, 76978721, 1483, 3721
2, 308, 7701483, 7707711, 1483, 7711
2, 3080, 77001483, 77006974, 1483, 6974
2, 3081, 77026483, 77028721, 1483, 3721
2, 3082, 77051483, 77053721, 1483, 3721
2, 3083, 77076483, 77078721, 1483, 3721
2, 3084, 77101483, 77103721, 1483, 3721
2, 3085, 77126483, 77128721, 1483, 3721
2, 3086, 77151483, 77153721, 1483, 3721
2, 3087, 77176483, 77179013, 1483, 4013
2, 3088, 77201483, 77203721, 1483, 3721
2, 3089, 77226483, 77228721, 1483, 3721
2, 309, 7726483, 7728721, 1483, 3721
2, 3090, 77251483, 77253721, 1483, 3721
2, 3091, 77276483, 77278721, 1483, 3721
2, 3092, 77301483, 77303721, 1483, 3721
2, 3093, 77326483, 77328721, 1483, 3721
2, 3094, 77351483, 77356502, 1483, 6502
2, 3095, 77376483, 77378721, 1483, 3721
2, 3096, 77401483, 77403721, 1483, 3721
2, 3097, 77426483, 77428721, 1483, 3721
2, 3098, 77451483, 77453721, 1483, 3721
2, 3099, 77476483, 77478721, 1483, 3721
2, 31, 776483, 778721, 1483, 3721
2, 310, 7751483, 7753721, 1483, 3721
2, 3100, 77501483, 77503721, 1483, 3721
2, 3101, 77526483, 77529894, 1483, 4894
2, 3102, 77551483, 77553721, 1483, 3721
2, 3103, 77576483, 77578721, 1483, 3721
2, 3104, 77601483, 77605179, 1483, 5179
2, 3105, 77626483, 77628721, 1483, 3721
2, 3106, 77651483, 77653721, 1483, 3721
2, 3107, 77676483, 77678721, 1483, 3721
2, 3108, 77701483, 77706648, 1483, 6648
2, 3109, 77726483, 77728721, 1483, 3721
2, 311, 7776483, 7778721, 1483, 3721
2, 3110, 77751483, 77753721, 1483, 3721
2, 3111, 77776483, 77778721, 1483, 3721
2, 3112, 77801483, 77803721, 1483, 3721
2, 3113, 77826483, 77828721, 1483, 3721
2, 3114, 77851483, 77853721, 1483, 3721
2, 3115, 77876483, 77878721, 1483, 3721
2, 3116, 77901483, 77903721, 1483, 3721
2, 3117, 77926483, 77928721, 1483, 3721
2, 3118, 77951483, 77953721, 1483, 3721
2, 3119, 77976483, 77978721, 1483, 3721
2, 312, 7801483, 7803721, 1483, 3721
2, 3120, 78001483, 78005824, 1483, 5824
2, 3121, 78026483, 78028721, 1483, 3721
2, 3122, 78051483, 78056502, 1483, 6502
2, 3123, 78076483, 78078721, 1483, 3721
2, 3124, 78101483, 78103721, 1483, 3721
2, 3125, 78126483, 78130767, 1483, 5767
2, 3126, 78151483, 78153721, 1483, 3721
2, 3127, 78176483, 78178721, 1483, 3721
2, 3128, 78201483, 78203721, 1483, 3721
2, 3129, 78226483, 78229013, 1483, 4013
2, 313, 7826483, 7828721, 1483, 3721
2, 3130, 78251483, 78253721, 1483, 3721
2, 3131, 78276483, 78278721, 1483, 3721
2, 3132, 78301483, 78303721, 1483, 3721
2, 3133, 78326483, 78328721, 1483, 3721
2, 3134, 78351483, 78353721, 1483, 3721
2, 3135, 78376483, 78378721, 1483, 3721
2, 3136, 78401483, 78411312, 1483, 11312
2, 3137, 78426483, 78428721, 1483, 3721
2, 3138, 78451483, 78453721, 1483, 3721
2, 3139, 78476483, 78480275, 1483, 5275
2, 314, 7851483, 7853721, 1483, 3721
2, 3140, 78501483, 78503721, 1483, 3721
2, 3141, 78526483, 78528721, 1483, 3721
2, 3142, 78551483, 78553721, 1483, 3721
2, 3143, 78576483, 78578721, 1483, 3721
2, 3144, 78601483, 78603721, 1483, 3721
2, 3145, 78626483, 78628721, 1483, 3721
2, 3146, 78651483, 78653721, 1483, 3721
2, 3147, 78676483, 78678721, 1483, 3721
2, 3148, 78701483, 78703721, 1483, 3721
2, 3149, 78726483, 78728721, 1483, 3721
2, 315, 7876483, 7879013, 1483, 4013
2, 3150, 78751483, 78756648, 1483, 6648
2, 3151, 78776483, 78778721, 1483, 3721
2, 3152, 78801483, 78803721, 1483, 3721
2, 3153, 78826483, 78828721, 1483, 3721
2, 3154, 78851483, 78853721, 1483, 3721
2, 3155, 78876483, 78878721, 1483, 3721
2, 3156, 78901483, 78903721, 1483, 3721
2, 3157, 78926483, 78929491, 1483, 4491
2, 3158, 78951483, 78953721, 1483, 3721
2, 3159, 78976483, 78978721, 1483, 3721
2, 316, 7901483, 7903721, 1483, 3721
2, 3160, 79001483, 79003721, 1483, 3721
2, 3161, 79026483, 79028721, 1483, 3721
2, 3162, 79051483, 79053721, 1483, 3721
2, 3163, 79076483, 79078721, 1483, 3721
2, 3164, 79101483, 79106502, 1483, 6502
2, 3165, 79126483, 79128721, 1483, 3721
2, 3166, 79151483, 79153721, 1483, 3721
2, 3167, 79176483, 79178721, 1483, 3721
2, 3168, 79201483, 79204013, 1483, 4013
2, 3169, 79226483, 79228721, 1483, 3721
2, 317, 7926483, 7928721, 1483, 3721
2, 3170, 79251483, 79253721, 1483, 3721
2, 3171, 79276483, 79279013, 1483, 4013
2, 3172, 79301483, 79303721, 1483, 3721
2, 3173, 79326483, 79328721, 1483, 3721
2, 3174, 79351483, 79353721, 1483, 3721
2, 3175, 79376483, 79378721, 1483, 3721
2, 3176, 79401483, 79403721, 1483, 3721
2, 3177, 79426483, 79428721, 1483, 3721
2, 3178, 79451483, 79456502, 1483, 6502
2, 3179, 79476483, 79478721, 1483, 3721
2, 318, 7951483, 7953721, 1483, 3721
2, 3180, 79501483, 79503721, 1483, 3721
2, 3181, 79526483, 79539637, 1483, 14637
2, 3182, 79551483, 79553721, 1483, 3721
2, 3183, 79576483, 79578721, 1483, 3721
2, 3184, 79601483, 79603721, 1483, 3721
2, 3185, 79626483, 79628721, 1483, 3721
2, 3186, 79651483, 79653721, 1483, 3721
2, 3187, 79676483, 79678721, 1483, 3721
2, 3188, 79701483, 79703721, 1483, 3721
2, 3189, 79726483, 79728721, 1483, 3721
2, 319, 7976483, 7978721, 1483, 3721
2, 3190, 79751483, 79753721, 1483, 3721
2, 3191, 79776483, 79778721, 1483, 3721
2, 3192, 79801483, 79812401, 1483, 12401
2, 3193, 79826483, 79828721, 1483, 3721
2, 3194, 79851483, 79853721, 1483, 3721
2, 3195, 79876483, 79878721, 1483, 3721
2, 3196, 79901483, 79903721, 1483, 3721
2, 3197, 79926483, 79928721, 1483, 3721
2, 3198, 79951483, 79953721, 1483, 3721
2, 3199, 79976483, 79978721, 1483, 3721
2, 32, 801483, 803721, 1483, 3721
2, 320, 8001483, 8003721, 1483, 3721
2, 3200, 80001483, 80003721, 1483, 3721
2, 3201, 80026483, 80028721, 1483, 3721
2, 3202, 80051483, 80053721, 1483, 3721
2, 3203, 80076483, 80078721, 1483, 3721
2, 3204, 80101483, 80103721, 1483, 3721
2, 3205, 80126483, 80128721, 1483, 3721
2, 3206, 80151483, 80156502, 1483, 6502
2, 3207, 80176483, 80178721, 1483, 3721
2, 3208, 80201483, 80203721, 1483, 3721
2, 3209, 80226483, 80228721, 1483, 3721
2, 321, 8026483, 8028721, 1483, 3721
2, 3210, 80251483, 80253721, 1483, 3721
2, 3211, 80276483, 80278721, 1483, 3721
2, 3212, 80301483, 80303721, 1483, 3721
2, 3213, 80326483, 80329783, 1483, 4783
2, 3214, 80351483, 80353721, 1483, 3721
2, 3215, 80376483, 80378721, 1483, 3721
2, 3216, 80401483, 80405325, 1483, 5325
2, 3217, 80426483, 80428721, 1483, 3721
2, 3218, 80451483, 80453721, 1483, 3721
2, 3219, 80476483, 80478721, 1483, 3721
2, 322, 8051483, 8056502, 1483, 6502
2, 3220, 80501483, 80506502, 1483, 6502
2, 3221, 80526483, 80528721, 1483, 3721
2, 3222, 80551483, 80553721, 1483, 3721
2, 3223, 80576483, 80578721, 1483, 3721
2, 3224, 80601483, 80603721, 1483, 3721
2, 3225, 80626483, 80628721, 1483, 3721
2, 3226, 80651483, 80653721, 1483, 3721
2, 3227, 80676483, 80678721, 1483, 3721
2, 3228, 80701483, 80703721, 1483, 3721
2, 3229, 80726483, 80728721, 1483, 3721
2, 323, 8076483, 8078721, 1483, 3721
2, 3230, 80751483, 80753721, 1483, 3721
2, 3231, 80776483, 80778721, 1483, 3721
2, 3232, 80801483, 80803721, 1483, 3721
2, 3233, 80826483, 80828721, 1483, 3721
2, 3234, 80851483, 80857857, 1483, 7857
2, 3235, 80876483, 80878721, 1483, 3721
2, 3236, 80901483, 80903721, 1483, 3721
2, 3237, 80926483, 80931059, 1483, 6059
2, 3238, 80951483, 80953721, 1483, 3721
2, 3239, 80976483, 80978721, 1483, 3721
2, 324, 8101483, 8103721, 1483, 3721
2, 3240, 81001483, 81003721, 1483, 3721
2, 3241, 81026483, 81028721, 1483, 3721
2, 3242, 81051483, 81053721, 1483, 3721
2, 3243, 81076483, 81078721, 1483, 3721
2, 3244, 81101483, 81103721, 1483, 3721
2, 3245, 81126483, 81128721, 1483, 3721
2, 3246, 81151483, 81153721, 1483, 3721
2, 3247, 81176483, 81178721, 1483, 3721
2, 3248, 81201483, 81211166, 1483, 11166
2, 3249, 81226483, 81228721, 1483, 3721
2, 325, 8126483, 8130670, 1483, 5670
2, 3250, 81251483, 81253721, 1483, 3721
2, 3251, 81276483, 81278721, 1483, 3721
2, 3252, 81301483, 81303721, 1483, 3721
2, 3253, 81326483, 81328721, 1483, 3721
2, 3254, 81351483, 81353721, 1483, 3721
2, 3255, 81376483, 81379013, 1483, 4013
2, 3256, 81401483, 81403721, 1483, 3721
2, 3257, 81426483, 81428721, 1483, 3721
2, 3258, 81451483, 81453721, 1483, 3721
2, 3259, 81476483, 81478721, 1483, 3721
2, 326, 8151483, 8153721, 1483, 3721
2, 3260, 81501483, 81503721, 1483, 3721
2, 3261, 81526483, 81528721, 1483, 3721
2, 3262, 81551483, 81556502, 1483, 6502
2, 3263, 81576483, 81578721, 1483, 3721
2, 3264, 81601483, 81604013, 1483, 4013
2, 3265, 81626483, 81628721, 1483, 3721
2, 3266, 81651483, 81653721, 1483, 3721
2, 3267, 81676483, 81678721, 1483, 3721
2, 3268, 81701483, 81703721, 1483, 3721
2, 3269, 81726483, 81729491, 1483, 4491
2, 327, 8176483, 8178721, 1483, 3721
2, 3270, 81751483, 81753721, 1483, 3721
2, 3271, 81776483, 81778721, 1483, 3721
2, 3272, 81801483, 81805179, 1483, 5179
2, 3273, 81826483, 81828721, 1483, 3721
2, 3274, 81851483, 81853721, 1483, 3721
2, 3275, 81876483, 81878721, 1483, 3721
2, 3276, 81901483, 81906648, 1483, 6648
2, 3277, 81926483, 81928721, 1483, 3721
2, 3278, 81951483, 81953721, 1483, 3721
2, 3279, 81976483, 81978721, 1483, 3721
2, 328, 8201483, 8203721, 1483, 3721
2, 3280, 82001483, 82003721, 1483, 3721
2, 3281, 82026483, 82028721, 1483, 3721
2, 3282, 82051483, 82053721, 1483, 3721
2, 3283, 82076483, 82078721, 1483, 3721
2, 3284, 82101483, 82103721, 1483, 3721
2, 3285, 82126483, 82128721, 1483, 3721
2, 3286, 82151483, 82153721, 1483, 3721
2, 3287, 82176483, 82178721, 1483, 3721
2, 3288, 82201483, 82203721, 1483, 3721
2, 3289, 82226483, 82228721, 1483, 3721
2, 329, 8226483, 8228721, 1483, 3721
2, 3290, 82251483, 82256502, 1483, 6502
2, 3291, 82276483, 82278721, 1483, 3721
2, 3292, 82301483, 82303721, 1483, 3721
2, 3293, 82326483, 82334482, 1483, 9482
2, 3294, 82351483, 82353721, 1483, 3721
2, 3295, 82376483, 82378721, 1483, 3721
2, 3296, 82401483, 82403721, 1483, 3721
2, 3297, 82426483, 82429013, 1483, 4013
2, 3298, 82451483, 82453721, 1483, 3721
2, 3299, 82476483, 82478721, 1483, 3721
2, 33, 826483, 828721, 1483, 3721
2, 330, 8251483, 8253721, 1483, 3721
2, 3300, 82501483, 82503721, 1483, 3721
2, 3301, 82526483, 82528721, 1483, 3721
2, 3302, 82551483, 82553721, 1483, 3721
2, 3303, 82576483, 82578721, 1483, 3721
2, 3304, 82601483, 82606974, 1483, 6974
2, 3305, 82626483, 82628721, 1483, 3721
2, 3306, 82651483, 82653721, 1483, 3721
2, 3307, 82676483, 82678721, 1483, 3721
2, 3308, 82701483, 82703721, 1483, 3721
2, 3309, 82726483, 82728721, 1483, 3721
2, 331, 8276483, 8278721, 1483, 3721
2, 3310, 82751483, 82753721, 1483, 3721
2, 3311, 82776483, 82778721, 1483, 3721
2, 3312, 82801483, 82804013, 1483, 4013
2, 3313, 82826483, 82828721, 1483, 3721
2, 3314, 82851483, 82853721, 1483, 3721
2, 3315, 82876483, 82878721, 1483, 3721
2, 3316, 82901483, 82903721, 1483, 3721
2, 3317, 82926483, 82928721, 1483, 3721
2, 3318, 82951483, 82956648, 1483, 6648
2, 3319, 82976483, 82978721, 1483, 3721
2, 332, 8301483, 8303721, 1483, 3721
2, 3320, 83001483, 83003721, 1483, 3721
2, 3321, 83026483, 83028721, 1483, 3721
2, 3322, 83051483, 83053721, 1483, 3721
2, 3323, 83076483, 83078721, 1483, 3721
2, 3324, 83101483, 83103721, 1483, 3721
2, 3325, 83126483, 83129894, 1483, 4894
2, 3326, 83151483, 83153721, 1483, 3721
2, 3327, 83176483, 83178721, 1483, 3721
2, 3328, 83201483, 83205179, 1483, 5179
2, 3329, 83226483, 83228721, 1483, 3721
2, 333, 8326483, 8328721, 1483, 3721
2, 3330, 83251483, 83253721, 1483, 3721
2, 3331, 83276483, 83278721, 1483, 3721
2, 3332, 83301483, 83306502, 1483, 6502
2, 3333, 83326483, 83328721, 1483, 3721
2, 3334, 83351483, 83353721, 1483, 3721
2, 3335, 83376483, 83378721, 1483, 3721
2, 3336, 83401483, 83403721, 1483, 3721
2, 3337, 83426483, 83428721, 1483, 3721
2, 3338, 83451483, 83453721, 1483, 3721
2, 3339, 83476483, 83479013, 1483, 4013
2, 334, 8351483, 8353721, 1483, 3721
2, 3340, 83501483, 83503721, 1483, 3721
2, 3341, 83526483, 83528721, 1483, 3721
2, 3342, 83551483, 83553721, 1483, 3721
2, 3343, 83576483, 83578721, 1483, 3721
2, 3344, 83601483, 83605619, 1483, 5619
2, 3345, 83626483, 83628721, 1483, 3721
2, 3346, 83651483, 83656502, 1483, 6502
2, 3347, 83676483, 83678721, 1483, 3721
2, 3348, 83701483, 83703721, 1483, 3721
2, 3349, 83726483, 83730670, 1483, 5670
2, 335, 8376483, 8378721, 1483, 3721
2, 3350, 83751483, 83753721, 1483, 3721
2, 3351, 83776483, 83778721, 1483, 3721
2, 3352, 83801483, 83803721, 1483, 3721
2, 3353, 83826483, 83828721, 1483, 3721
2, 3354, 83851483, 83853721, 1483, 3721
2, 3355, 83876483, 83878721, 1483, 3721
2, 3356, 83901483, 83903721, 1483, 3721
2, 3357, 83926483, 83928721, 1483, 3721
2, 3358, 83951483, 83953721, 1483, 3721
2, 3359, 83976483, 83978721, 1483, 3721
2, 336, 8401483, 8411312, 1483, 11312
2, 3360, 84001483, 84011312, 1483, 11312
2, 3361, 84026483, 84028721, 1483, 3721
2, 3362, 84051483, 84053721, 1483, 3721
2, 3363, 84076483, 84078721, 1483, 3721
2, 3364, 84101483, 84103721, 1483, 3721
2, 3365, 84126483, 84128721, 1483, 3721
2, 3366, 84151483, 84153721, 1483, 3721
2, 3367, 84176483, 84179491, 1483, 4491
2, 3368, 84201483, 84203721, 1483, 3721
2, 3369, 84226483, 84228721, 1483, 3721
2, 337, 8426483, 8428721, 1483, 3721
2, 3370, 84251483, 84253721, 1483, 3721
2, 3371, 84276483, 84278721, 1483, 3721
2, 3372, 84301483, 84303721, 1483, 3721
2, 3373, 84326483, 84328721, 1483, 3721
2, 3374, 84351483, 84356502, 1483, 6502
2, 3375, 84376483, 84378721, 1483, 3721
2, 3376, 84401483, 84403721, 1483, 3721
2, 3377, 84426483, 84428721, 1483, 3721
2, 3378, 84451483, 84453721, 1483, 3721
2, 3379, 84476483, 84478721, 1483, 3721
2, 338, 8451483, 8453721, 1483, 3721
2, 3380, 84501483, 84503721, 1483, 3721
2, 3381, 84526483, 84529783, 1483, 4783
2, 3382, 84551483, 84553721, 1483, 3721
2, 3383, 84576483, 84578721, 1483, 3721
2, 3384, 84601483, 84604013, 1483, 4013
2, 3385, 84626483, 84628721, 1483, 3721
2, 3386, 84651483, 84653721, 1483, 3721
2, 3387, 84676483, 84678721, 1483, 3721
2, 3388, 84701483, 84706502, 1483, 6502
2, 3389, 84726483, 84728721, 1483, 3721
2, 339, 8476483, 8478721, 1483, 3721
2, 3390, 84751483, 84753721, 1483, 3721
2, 3391, 84776483, 84778721, 1483, 3721
2, 3392, 84801483, 84803721, 1483, 3721
2, 3393, 84826483, 84828721, 1483, 3721
2, 3394, 84851483, 84853721, 1483, 3721
2, 3395, 84876483, 84878721, 1483, 3721
2, 3396, 84901483, 84903721, 1483, 3721
2, 3397, 84926483, 84928721, 1483, 3721
2, 3398, 84951483, 84953721, 1483, 3721
2, 3399, 84976483, 84978721, 1483, 3721
2, 34, 851483, 853721, 1483, 3721
2, 340, 8501483, 8503721, 1483, 3721
2, 3400, 85001483, 85003721, 1483, 3721
2, 3401, 85026483, 85028721, 1483, 3721
2, 3402, 85051483, 85056648, 1483, 6648
2, 3403, 85076483, 85078721, 1483, 3721
2, 3404, 85101483, 85103721, 1483, 3721
2, 3405, 85126483, 85141655, 1483, 16655
2, 3406, 85151483, 85153721, 1483, 3721
2, 3407, 85176483, 85178721, 1483, 3721
2, 3408, 85201483, 85204013, 1483, 4013
2, 3409, 85226483, 85228721, 1483, 3721
2, 341, 8526483, 8528721, 1483, 3721
2, 3410, 85251483, 85253721, 1483, 3721
2, 3411, 85276483, 85278721, 1483, 3721
2, 3412, 85301483, 85303721, 1483, 3721
2, 3413, 85326483, 85328721, 1483, 3721
2, 3414, 85351483, 85353721, 1483, 3721
2, 3415, 85376483, 85378721, 1483, 3721
2, 3416, 85401483, 85406974, 1483, 6974
2, 3417, 85426483, 85428721, 1483, 3721
2, 3418, 85451483, 85453721, 1483, 3721
2, 3419, 85476483, 85478721, 1483, 3721
2, 342, 8551483, 8553721, 1483, 3721
2, 3420, 85501483, 85503721, 1483, 3721
2, 3421, 85526483, 85528721, 1483, 3721
2, 3422, 85551483, 85553721, 1483, 3721
2, 3423, 85576483, 85579013, 1483, 4013
2, 3424, 85601483, 85605619, 1483, 5619
2, 3425, 85626483, 85628721, 1483, 3721
2, 3426, 85651483, 85653721, 1483, 3721
2, 3427, 85676483, 85678721, 1483, 3721
2, 3428, 85701483, 85703721, 1483, 3721
2, 3429, 85726483, 85728721, 1483, 3721
2, 343, 8576483, 8578721, 1483, 3721
2, 3430, 85751483, 85756502, 1483, 6502
2, 3431, 85776483, 85778721, 1483, 3721
2, 3432, 85801483, 85803721, 1483, 3721
2, 3433, 85826483, 85828721, 1483, 3721
2, 3434, 85851483, 85853721, 1483, 3721
2, 3435, 85876483, 85878721, 1483, 3721
2, 3436, 85901483, 85903721, 1483, 3721
2, 3437, 85926483, 85929491, 1483, 4491
2, 3438, 85951483, 85953721, 1483, 3721
2, 3439, 85976483, 85978721, 1483, 3721
2, 344, 8601483, 8603721, 1483, 3721
2, 3440, 86001483, 86005179, 1483, 5179
2, 3441, 86026483, 86028721, 1483, 3721
2, 3442, 86051483, 86053721, 1483, 3721
2, 3443, 86076483, 86078721, 1483, 3721
2, 3444, 86101483, 86106648, 1483, 6648
2, 3445, 86126483, 86128721, 1483, 3721
2, 3446, 86151483, 86153721, 1483, 3721
2, 3447, 86176483, 86179103, 1483, 4103
2, 3448, 86201483, 86203721, 1483, 3721
2, 3449, 86226483, 86228721, 1483, 3721
2, 345, 8626483, 8628721, 1483, 3721
2, 3450, 86251483, 86253721, 1483, 3721
2, 3451, 86276483, 86278721, 1483, 3721
2, 3452, 86301483, 86303721, 1483, 3721
2, 3453, 86326483, 86328721, 1483, 3721
2, 3454, 86351483, 86353721, 1483, 3721
2, 3455, 86376483, 86378721, 1483, 3721
2, 3456, 86401483, 86404013, 1483, 4013
2, 3457, 86426483, 86428721, 1483, 3721
2, 3458, 86451483, 86456974, 1483, 6974
2, 3459, 86476483, 86478721, 1483, 3721
2, 346, 8651483, 8653721, 1483, 3721
2, 3460, 86501483, 86503721, 1483, 3721
2, 3461, 86526483, 86530767, 1483, 5767
2, 3462, 86551483, 86553721, 1483, 3721
2, 3463, 86576483, 86578721, 1483, 3721
2, 3464, 86601483, 86603721, 1483, 3721
2, 3465, 86626483, 86629013, 1483, 4013
2, 3466, 86651483, 86653721, 1483, 3721
2, 3467, 86676483, 86678721, 1483, 3721
2, 3468, 86701483, 86703721, 1483, 3721
2, 3469, 86726483, 86728721, 1483, 3721
2, 347, 8676483, 8678721, 1483, 3721
2, 3470, 86751483, 86753721, 1483, 3721
2, 3471, 86776483, 86778721, 1483, 3721
2, 3472, 86801483, 86811312, 1483, 11312
2, 3473, 86826483, 86828721, 1483, 3721
2, 3474, 86851483, 86853721, 1483, 3721
2, 3475, 86876483, 86878721, 1483, 3721
2, 3476, 86901483, 86903721, 1483, 3721
2, 3477, 86926483, 86928721, 1483, 3721
2, 3478, 86951483, 86953721, 1483, 3721
2, 3479, 86976483, 86978721, 1483, 3721
2, 348, 8701483, 8703721, 1483, 3721
2, 3480, 87001483, 87003721, 1483, 3721
2, 3481, 87026483, 87028721, 1483, 3721
2, 3482, 87051483, 87053721, 1483, 3721
2, 3483, 87076483, 87078721, 1483, 3721
2, 3484, 87101483, 87103721, 1483, 3721
2, 3485, 87126483, 87128721, 1483, 3721
2, 3486, 87151483, 87156648, 1483, 6648
2, 3487, 87176483, 87178721, 1483, 3721
2, 3488, 87201483, 87203721, 1483, 3721
2, 3489, 87226483, 87228721, 1483, 3721
2, 349, 8726483, 8728721, 1483, 3721
2, 3490, 87251483, 87253721, 1483, 3721
2, 3491, 87276483, 87278721, 1483, 3721
2, 3492, 87301483, 87303721, 1483, 3721
2, 3493, 87326483, 87329491, 1483, 4491
2, 3494, 87351483, 87353721, 1483, 3721
2, 3495, 87376483, 87378721, 1483, 3721
2, 3496, 87401483, 87405179, 1483, 5179
2, 3497, 87426483, 87428721, 1483, 3721
2, 3498, 87451483, 87453721, 1483, 3721
2, 3499, 87476483, 87478721, 1483, 3721
2, 35, 876483, 878721, 1483, 3721
2, 350, 8751483, 8756502, 1483, 6502
2, 3500, 87501483, 87507711, 1483, 7711
2, 3501, 87526483, 87528721, 1483, 3721
2, 3502, 87551483, 87553721, 1483, 3721
2, 3503, 87576483, 87578721, 1483, 3721
2, 3504, 87601483, 87604013, 1483, 4013
2, 3505, 87626483, 87628721, 1483, 3721
2, 3506, 87651483, 87653721, 1483, 3721
2, 3507, 87676483, 87679013, 1483, 4013
2, 3508, 87701483, 87703721, 1483, 3721
2, 3509, 87726483, 87728721, 1483, 3721
2, 351, 8776483, 8778721, 1483, 3721
2, 3510, 87751483, 87753721, 1483, 3721
2, 3511, 87776483, 87778721, 1483, 3721
2, 3512, 87801483, 87803721, 1483, 3721
2, 3513, 87826483, 87828721, 1483, 3721
2, 3514, 87851483, 87856502, 1483, 6502
2, 3515, 87876483, 87878721, 1483, 3721
2, 3516, 87901483, 87903721, 1483, 3721
2, 3517, 87926483, 87932219, 1483, 7219
2, 3518, 87951483, 87953721, 1483, 3721
2, 3519, 87976483, 87978721, 1483, 3721
2, 352, 8801483, 8803721, 1483, 3721
2, 3520, 88001483, 88003721, 1483, 3721
2, 3521, 88026483, 88028721, 1483, 3721
2, 3522, 88051483, 88053721, 1483, 3721
2, 3523, 88076483, 88078721, 1483, 3721
2, 3524, 88101483, 88103721, 1483, 3721
2, 3525, 88126483, 88128721, 1483, 3721
2, 3526, 88151483, 88153721, 1483, 3721
2, 3527, 88176483, 88178721, 1483, 3721
2, 3528, 88201483, 88207266, 1483, 7266
2, 3529, 88226483, 88228721, 1483, 3721
2, 353, 8826483, 8828721, 1483, 3721
2, 3530, 88251483, 88253721, 1483, 3721
2, 3531, 88276483, 88278721, 1483, 3721
2, 3532, 88301483, 88303721, 1483, 3721
2, 3533, 88326483, 88328721, 1483, 3721
2, 3534, 88351483, 88353721, 1483, 3721
2, 3535, 88376483, 88378721, 1483, 3721
2, 3536, 88401483, 88403721, 1483, 3721
2, 3537, 88426483, 88428721, 1483, 3721
2, 3538, 88451483, 88453721, 1483, 3721
2, 3539, 88476483, 88478721, 1483, 3721
2, 354, 8851483, 8853721, 1483, 3721
2, 3540, 88501483, 88503721, 1483, 3721
2, 3541, 88526483, 88528721, 1483, 3721
2, 3542, 88551483, 88556502, 1483, 6502
2, 3543, 88576483, 88578721, 1483, 3721
2, 3544, 88601483, 88603721, 1483, 3721
2, 3545, 88626483, 88628721, 1483, 3721
2, 3546, 88651483, 88653721, 1483, 3721
2, 3547, 88676483, 88678721, 1483, 3721
2, 3548, 88701483, 88703721, 1483, 3721
2, 3549, 88726483, 88729783, 1483, 4783
2, 355, 8876483, 8878721, 1483, 3721
2, 3550, 88751483, 88753721, 1483, 3721
2, 3551, 88776483, 88778721, 1483, 3721
2, 3552, 88801483, 88805325, 1483, 5325
2, 3553, 88826483, 88828721, 1483, 3721
2, 3554, 88851483, 88853721, 1483, 3721
2, 3555, 88876483, 88878721, 1483, 3721
2, 3556, 88901483, 88906502, 1483, 6502
2, 3557, 88926483, 88928721, 1483, 3721
2, 3558, 88951483, 88953721, 1483, 3721
2, 3559, 88976483, 88978721, 1483, 3721
2, 356, 8901483, 8903721, 1483, 3721
2, 3560, 89001483, 89003721, 1483, 3721
2, 3561, 89026483, 89028721, 1483, 3721
2, 3562, 89051483, 89053721, 1483, 3721
2, 3563, 89076483, 89078721, 1483, 3721
2, 3564, 89101483, 89103721, 1483, 3721
2, 3565, 89126483, 89128721, 1483, 3721
2, 3566, 89151483, 89153721, 1483, 3721
2, 3567, 89176483, 89178721, 1483, 3721
2, 3568, 89201483, 89203721, 1483, 3721
2, 3569, 89226483, 89228721, 1483, 3721
2, 357, 8926483, 8929783, 1483, 4783
2, 3570, 89251483, 89256648, 1483, 6648
2, 3571, 89276483, 89278721, 1483, 3721
2, 3572, 89301483, 89303721, 1483, 3721
2, 3573, 89326483, 89331059, 1483, 6059
2, 3574, 89351483, 89353721, 1483, 3721
2, 3575, 89376483, 89378721, 1483, 3721
2, 3576, 89401483, 89404013, 1483, 4013
2, 3577, 89426483, 89428721, 1483, 3721
2, 3578, 89451483, 89453721, 1483, 3721
2, 3579, 89476483, 89478721, 1483, 3721
2, 358, 8951483, 8953721, 1483, 3721
2, 3580, 89501483, 89503721, 1483, 3721
2, 3581, 89526483, 89528721, 1483, 3721
2, 3582, 89551483, 89553721, 1483, 3721
2, 3583, 89576483, 89578721, 1483, 3721
2, 3584, 89601483, 89611166, 1483, 11166
2, 3585, 89626483, 89628721, 1483, 3721
2, 3586, 89651483, 89653721, 1483, 3721
2, 3587, 89676483, 89678721, 1483, 3721
2, 3588, 89701483, 89703721, 1483, 3721
2, 3589, 89726483, 89728721, 1483, 3721
2, 359, 8976483, 8978721, 1483, 3721
2, 3590, 89751483, 89753721, 1483, 3721
2, 3591, 89776483, 89779783, 1483, 4783
2, 3592, 89801483, 89803721, 1483, 3721
2, 3593, 89826483, 89828721, 1483, 3721
2, 3594, 89851483, 89853721, 1483, 3721
2, 3595, 89876483, 89878721, 1483, 3721
2, 3596, 89901483, 89903721, 1483, 3721
2, 3597, 89926483, 89928721, 1483, 3721
2, 3598, 89951483, 89956502, 1483, 6502
2, 3599, 89976483, 89978721, 1483, 3721
2, 36, 901483, 903721, 1483, 3721
2, 360, 9001483, 9004013, 1483, 4013
2, 3600, 90001483, 90004013, 1483, 4013
2, 3601, 90026483, 90028721, 1483, 3721
2, 3602, 90051483, 90053721, 1483, 3721
2, 3603, 90076483, 90078721, 1483, 3721
2, 3604, 90101483, 90103721, 1483, 3721
2, 3605, 90126483, 90129491, 1483, 4491
2, 3606, 90151483, 90153721, 1483, 3721
2, 3607, 90176483, 90178721, 1483, 3721
2, 3608, 90201483, 90203721, 1483, 3721
2, 3609, 90226483, 90228721, 1483, 3721
2, 361, 9026483, 9028721, 1483, 3721
2, 3610, 90251483, 90253721, 1483, 3721
2, 3611, 90276483, 90278721, 1483, 3721
2, 3612, 90301483, 90306648, 1483, 6648
2, 3613, 90326483, 90328721, 1483, 3721
2, 3614, 90351483, 90353721, 1483, 3721
2, 3615, 90376483, 90378721, 1483, 3721
2, 3616, 90401483, 90403721, 1483, 3721
2, 3617, 90426483, 90428721, 1483, 3721
2, 3618, 90451483, 90453721, 1483, 3721
2, 3619, 90476483, 90478721, 1483, 3721
2, 362, 9051483, 9053721, 1483, 3721
2, 3620, 90501483, 90503721, 1483, 3721
2, 3621, 90526483, 90528721, 1483, 3721
2, 3622, 90551483, 90553721, 1483, 3721
2, 3623, 90576483, 90578721, 1483, 3721
2, 3624, 90601483, 90603721, 1483, 3721
2, 3625, 90626483, 90628721, 1483, 3721
2, 3626, 90651483, 90656502, 1483, 6502
2, 3627, 90676483, 90678721, 1483, 3721
2, 3628, 90701483, 90703721, 1483, 3721
2, 3629, 90726483, 90734482, 1483, 9482
2, 363, 9076483, 9078721, 1483, 3721
2, 3630, 90751483, 90753721, 1483, 3721
2, 3631, 90776483, 90778721, 1483, 3721
2, 3632, 90801483, 90803721, 1483, 3721
2, 3633, 90826483, 90829783, 1483, 4783
2, 3634, 90851483, 90853721, 1483, 3721
2, 3635, 90876483, 90878721, 1483, 3721
2, 3636, 90901483, 90903721, 1483, 3721
2, 3637, 90926483, 90928721, 1483, 3721
2, 3638, 90951483, 90953721, 1483, 3721
2, 3639, 90976483, 90978721, 1483, 3721
2, 364, 9101483, 9106502, 1483, 6502
2, 3640, 91001483, 91006974, 1483, 6974
2, 3641, 91026483, 91028721, 1483, 3721
2, 3642, 91051483, 91053721, 1483, 3721
2, 3643, 91076483, 91078721, 1483, 3721
2, 3644, 91101483, 91103721, 1483, 3721
2, 3645, 91126483, 91128721, 1483, 3721
2, 3646, 91151483, 91153721, 1483, 3721
2, 3647, 91176483, 91178721, 1483, 3721
2, 3648, 91201483, 91205911, 1483, 5911
2, 3649, 91226483, 91228721, 1483, 3721
2, 365, 9126483, 9128721, 1483, 3721
2, 3650, 91251483, 91253721, 1483, 3721
2, 3651, 91276483, 91278721, 1483, 3721
2, 3652, 91301483, 91303721, 1483, 3721
2, 3653, 91326483, 91328721, 1483, 3721
2, 3654, 91351483, 91356648, 1483, 6648
2, 3655, 91376483, 91378721, 1483, 3721
2, 3656, 91401483, 91403721, 1483, 3721
2, 3657, 91426483, 91428721, 1483, 3721
2, 3658, 91451483, 91453721, 1483, 3721
2, 3659, 91476483, 91478721, 1483, 3721
2, 366, 9151483, 9153721, 1483, 3721
2, 3660, 91501483, 91503721, 1483, 3721
2, 3661, 91526483, 91529491, 1483, 4491
2, 3662, 91551483, 91553721, 1483, 3721
2, 3663, 91576483, 91578721, 1483, 3721
2, 3664, 91601483, 91605179, 1483, 5179
2, 3665, 91626483, 91628721, 1483, 3721
2, 3666, 91651483, 91653721, 1483, 3721
2, 3667, 91676483, 91678721, 1483, 3721
2, 3668, 91701483, 91706502, 1483, 6502
2, 3669, 91726483, 91728721, 1483, 3721
2, 367, 9176483, 9178721, 1483, 3721
2, 3670, 91751483, 91753721, 1483, 3721
2, 3671, 91776483, 91780348, 1483, 5348
2, 3672, 91801483, 91803721, 1483, 3721
2, 3673, 91826483, 91828721, 1483, 3721
2, 3674, 91851483, 91853721, 1483, 3721
2, 3675, 91876483, 91879013, 1483, 4013
2, 3676, 91901483, 91903721, 1483, 3721
2, 3677, 91926483, 91928721, 1483, 3721
2, 3678, 91951483, 91953721, 1483, 3721
2, 3679, 91976483, 91978721, 1483, 3721
2, 368, 9201483, 9203721, 1483, 3721
2, 3680, 92001483, 92003721, 1483, 3721
2, 3681, 92026483, 92028721, 1483, 3721
2, 3682, 92051483, 92056502, 1483, 6502
2, 3683, 92076483, 92078721, 1483, 3721
2, 3684, 92101483, 92103721, 1483, 3721
2, 3685, 92126483, 92130670, 1483, 5670
2, 3686, 92151483, 92153721, 1483, 3721
2, 3687, 92176483, 92178721, 1483, 3721
2, 3688, 92201483, 92203721, 1483, 3721
2, 3689, 92226483, 92228721, 1483, 3721
2, 369, 9226483, 9228721, 1483, 3721
2, 3690, 92251483, 92253721, 1483, 3721
2, 3691, 92276483, 92278721, 1483, 3721
2, 3692, 92301483, 92303721, 1483, 3721
2, 3693, 92326483, 92328721, 1483, 3721
2, 3694, 92351483, 92353721, 1483, 3721
2, 3695, 92376483, 92378721, 1483, 3721
2, 3696, 92401483, 92411312, 1483, 11312
2, 3697, 92426483, 92428721, 1483, 3721
2, 3698, 92451483, 92453721, 1483, 3721
2, 3699, 92476483, 92478721, 1483, 3721
2, 37, 926483, 928721, 1483, 3721
2, 370, 9251483, 9253721, 1483, 3721
2, 3700, 92501483, 92503721, 1483, 3721
2, 3701, 92526483, 92528721, 1483, 3721
2, 3702, 92551483, 92553721, 1483, 3721
2, 3703, 92576483, 92578721, 1483, 3721
2, 3704, 92601483, 92603721, 1483, 3721
2, 3705, 92626483, 92628721, 1483, 3721
2, 3706, 92651483, 92653721, 1483, 3721
2, 3707, 92676483, 92678721, 1483, 3721
2, 3708, 92701483, 92703721, 1483, 3721
2, 3709, 92726483, 92728721, 1483, 3721
2, 371, 9276483, 9278721, 1483, 3721
2, 3710, 92751483, 92756502, 1483, 6502
2, 3711, 92776483, 92778721, 1483, 3721
2, 3712, 92801483, 92803721, 1483, 3721
2, 3713, 92826483, 92829342, 1483, 4342
2, 3714, 92851483, 92853721, 1483, 3721
2, 3715, 92876483, 92878721, 1483, 3721
2, 3716, 92901483, 92903721, 1483, 3721
2, 3717, 92926483, 92929783, 1483, 4783
2, 3718, 92951483, 92953721, 1483, 3721
2, 3719, 92976483, 92978721, 1483, 3721
2, 372, 9301483, 9303721, 1483, 3721
2, 3720, 93001483, 93004013, 1483, 4013
2, 3721, 93026483, 93028721, 1483, 3721
2, 3722, 93051483, 93053721, 1483, 3721
2, 3723, 93076483, 93078721, 1483, 3721
2, 3724, 93101483, 93106974, 1483, 6974
2, 3725, 93126483, 93128721, 1483, 3721
2, 3726, 93151483, 93153721, 1483, 3721
2, 3727, 93176483, 93178721, 1483, 3721
2, 3728, 93201483, 93205619, 1483, 5619
2, 3729, 93226483, 93228721, 1483, 3721
2, 373, 9326483, 9328721, 1483, 3721
2, 3730, 93251483, 93253721, 1483, 3721
2, 3731, 93276483, 93278721, 1483, 3721
2, 3732, 93301483, 93303721, 1483, 3721
2, 3733, 93326483, 93328721, 1483, 3721
2, 3734, 93351483, 93353721, 1483, 3721
2, 3735, 93376483, 93378721, 1483, 3721
2, 3736, 93401483, 93403721, 1483, 3721
2, 3737, 93426483, 93428721, 1483, 3721
2, 3738, 93451483, 93456648, 1483, 6648
2, 3739, 93476483, 93478721, 1483, 3721
2, 374, 9351483, 9353721, 1483, 3721
2, 3740, 93501483, 93503721, 1483, 3721
2, 3741, 93526483, 93534482, 1483, 9482
2, 3742, 93551483, 93553721, 1483, 3721
2, 3743, 93576483, 93578721, 1483, 3721
2, 3744, 93601483, 93604013, 1483, 4013
2, 3745, 93626483, 93628721, 1483, 3721
2, 3746, 93651483, 93653721, 1483, 3721
2, 3747, 93676483, 93678721, 1483, 3721
2, 3748, 93701483, 93703721, 1483, 3721
2, 3749, 93726483, 93728721, 1483, 3721
2, 375, 9376483, 9378721, 1483, 3721
2, 3750, 93751483, 93753721, 1483, 3721
2, 3751, 93776483, 93778721, 1483, 3721
2, 3752, 93801483, 93806974, 1483, 6974
2, 3753, 93826483, 93828721, 1483, 3721
2, 3754, 93851483, 93853721, 1483, 3721
2, 3755, 93876483, 93878721, 1483, 3721
2, 3756, 93901483, 93903721, 1483, 3721
2, 3757, 93926483, 93928721, 1483, 3721
2, 3758, 93951483, 93953721, 1483, 3721
2, 3759, 93976483, 93979013, 1483, 4013
2, 376, 9401483, 9403721, 1483, 3721
2, 3760, 94001483, 94003721, 1483, 3721
2, 3761, 94026483, 94028721, 1483, 3721
2, 3762, 94051483, 94054013, 1483, 4013
2, 3763, 94076483, 94078721, 1483, 3721
2, 3764, 94101483, 94103721, 1483, 3721
2, 3765, 94126483, 94128721, 1483, 3721
2, 3766, 94151483, 94157857, 1483, 7857
2, 3767, 94176483, 94178721, 1483, 3721
2, 3768, 94201483, 94203721, 1483, 3721
2, 3769, 94226483, 94228721, 1483, 3721
2, 377, 9426483, 9428721, 1483, 3721
2, 3770, 94251483, 94253721, 1483, 3721
2, 3771, 94276483, 94278721, 1483, 3721
2, 3772, 94301483, 94303721, 1483, 3721
2, 3773, 94326483, 94329491, 1483, 4491
2, 3774, 94351483, 94353721, 1483, 3721
2, 3775, 94376483, 94378721, 1483, 3721
2, 3776, 94401483, 94405179, 1483, 5179
2, 3777, 94426483, 94428721, 1483, 3721
2, 3778, 94451483, 94453721, 1483, 3721
2, 3779, 94476483, 94478721, 1483, 3721
2, 378, 9451483, 9456648, 1483, 6648
2, 3780, 94501483, 94506648, 1483, 6648
2, 3781, 94526483, 94528721, 1483, 3721
2, 3782, 94551483, 94553721, 1483, 3721
2, 3783, 94576483, 94578721, 1483, 3721
2, 3784, 94601483, 94603721, 1483, 3721
2, 3785, 94626483, 94628721, 1483, 3721
2, 3786, 94651483, 94653721, 1483, 3721
2, 3787, 94676483, 94678721, 1483, 3721
2, 3788, 94701483, 94703721, 1483, 3721
2, 3789, 94726483, 94728721, 1483, 3721
2, 379, 9476483, 9478721, 1483, 3721
2, 3790, 94751483, 94753721, 1483, 3721
2, 3791, 94776483, 94778721, 1483, 3721
2, 3792, 94801483, 94804013, 1483, 4013
2, 3793, 94826483, 94828721, 1483, 3721
2, 3794, 94851483, 94856502, 1483, 6502
2, 3795, 94876483, 94878721, 1483, 3721
2, 3796, 94901483, 94903721, 1483, 3721
2, 3797, 94926483, 94930767, 1483, 5767
2, 3798, 94951483, 94953721, 1483, 3721
2, 3799, 94976483, 94978721, 1483, 3721
2, 38, 951483, 953721, 1483, 3721
2, 380, 9501483, 9503721, 1483, 3721
2, 3800, 95001483, 95003721, 1483, 3721
2, 3801, 95026483, 95029013, 1483, 4013
2, 3802, 95051483, 95053721, 1483, 3721
2, 3803, 95076483, 95078721, 1483, 3721
2, 3804, 95101483, 95104013, 1483, 4013
2, 3805, 95126483, 95128721, 1483, 3721
2, 3806, 95151483, 95153721, 1483, 3721
2, 3807, 95176483, 95178721, 1483, 3721
2, 3808, 95201483, 95211312, 1483, 11312
2, 3809, 95226483, 95228721, 1483, 3721
2, 381, 9526483, 9534482, 1483, 9482
2, 3810, 95251483, 95253721, 1483, 3721
2, 3811, 95276483, 95278721, 1483, 3721
2, 3812, 95301483, 95303721, 1483, 3721
2, 3813, 95326483, 95328721, 1483, 3721
2, 3814, 95351483, 95353721, 1483, 3721
2, 3815, 95376483, 95378721, 1483, 3721
2, 3816, 95401483, 95403721, 1483, 3721
2, 3817, 95426483, 95428721, 1483, 3721
2, 3818, 95451483, 95453721, 1483, 3721
2, 3819, 95476483, 95478721, 1483, 3721
2, 382, 9551483, 9553721, 1483, 3721
2, 3820, 95501483, 95503721, 1483, 3721
2, 3821, 95526483, 95528721, 1483, 3721
2, 3822, 95551483, 95556648, 1483, 6648
2, 3823, 95576483, 95578721, 1483, 3721
2, 3824, 95601483, 95603721, 1483, 3721
2, 3825, 95626483, 95628721, 1483, 3721
2, 3826, 95651483, 95653721, 1483, 3721
2, 3827, 95676483, 95678721, 1483, 3721
2, 3828, 95701483, 95703721, 1483, 3721
2, 3829, 95726483, 95729491, 1483, 4491
2, 383, 9576483, 9578721, 1483, 3721
2, 3830, 95751483, 95753721, 1483, 3721
2, 3831, 95776483, 95778721, 1483, 3721
2, 3832, 95801483, 95803721, 1483, 3721
2, 3833, 95826483, 95828721, 1483, 3721
2, 3834, 95851483, 95853721, 1483, 3721
2, 3835, 95876483, 95878721, 1483, 3721
2, 3836, 95901483, 95906502, 1483, 6502
2, 3837, 95926483, 95928721, 1483, 3721
2, 3838, 95951483, 95953721, 1483, 3721
2, 3839, 95976483, 95978721, 1483, 3721
2, 384, 9601483, 9605824, 1483, 5824
2, 3840, 96001483, 96004013, 1483, 4013
2, 3841, 96026483, 96028721, 1483, 3721
2, 3842, 96051483, 96053721, 1483, 3721
2, 3843, 96076483, 96079013, 1483, 4013
2, 3844, 96101483, 96103721, 1483, 3721
2, 3845, 96126483, 96128721, 1483, 3721
2, 3846, 96151483, 96153721, 1483, 3721
2, 3847, 96176483, 96178721, 1483, 3721
2, 3848, 96201483, 96203721, 1483, 3721
2, 3849, 96226483, 96228721, 1483, 3721
2, 385, 9626483, 9628721, 1483, 3721
2, 3850, 96251483, 96256502, 1483, 6502
2, 3851, 96276483, 96278721, 1483, 3721
2, 3852, 96301483, 96303721, 1483, 3721
2, 3853, 96326483, 96332219, 1483, 7219
2, 3854, 96351483, 96353721, 1483, 3721
2, 3855, 96376483, 96378721, 1483, 3721
2, 3856, 96401483, 96403721, 1483, 3721
2, 3857, 96426483, 96429491, 1483, 4491
2, 3858, 96451483, 96453721, 1483, 3721
2, 3859, 96476483, 96478721, 1483, 3721
2, 386, 9651483, 9653721, 1483, 3721
2, 3860, 96501483, 96503721, 1483, 3721
2, 3861, 96526483, 96528721, 1483, 3721
2, 3862, 96551483, 96553721, 1483, 3721
2, 3863, 96576483, 96578721, 1483, 3721
2, 3864, 96601483, 96607266, 1483, 7266
2, 3865, 96626483, 96628721, 1483, 3721
2, 3866, 96651483, 96653721, 1483, 3721
2, 3867, 96676483, 96678721, 1483, 3721
2, 3868, 96701483, 96703721, 1483, 3721
2, 3869, 96726483, 96728721, 1483, 3721
2, 387, 9676483, 9678721, 1483, 3721
2, 3870, 96751483, 96753721, 1483, 3721
2, 3871, 96776483, 96778721, 1483, 3721
2, 3872, 96801483, 96803721, 1483, 3721
2, 3873, 96826483, 96828721, 1483, 3721
2, 3874, 96851483, 96853721, 1483, 3721
2, 3875, 96876483, 96878721, 1483, 3721
2, 3876, 96901483, 96903721, 1483, 3721
2, 3877, 96926483, 96928721, 1483, 3721
2, 3878, 96951483, 96956502, 1483, 6502
2, 3879, 96976483, 96978721, 1483, 3721
2, 388, 9701483, 9703721, 1483, 3721
2, 3880, 97001483, 97003721, 1483, 3721
2, 3881, 97026483, 97028721, 1483, 3721
2, 3882, 97051483, 97053721, 1483, 3721
2, 3883, 97076483, 97078721, 1483, 3721
2, 3884, 97101483, 97103721, 1483, 3721
2, 3885, 97126483, 97129783, 1483, 4783
2, 3886, 97151483, 97153721, 1483, 3721
2, 3887, 97176483, 97178721, 1483, 3721
2, 3888, 97201483, 97205325, 1483, 5325
2, 3889, 97226483, 97228721, 1483, 3721
2, 389, 9726483, 9728721, 1483, 3721
2, 3890, 97251483, 97253721, 1483, 3721
2, 3891, 97276483, 97278721, 1483, 3721
2, 3892, 97301483, 97306502, 1483, 6502
2, 3893, 97326483, 97328721, 1483, 3721
2, 3894, 97351483, 97353721, 1483, 3721
2, 3895, 97376483, 97378721, 1483, 3721
2, 3896, 97401483, 97403721, 1483, 3721
2, 3897, 97426483, 97428721, 1483, 3721
2, 3898, 97451483, 97453721, 1483, 3721
2, 3899, 97476483, 97479491, 1483, 4491
2, 39, 976483, 978721, 1483, 3721
2, 390, 9751483, 9753721, 1483, 3721
2, 3900, 97501483, 97503721, 1483, 3721
2, 3901, 97526483, 97528721, 1483, 3721
2, 3902, 97551483, 97553721, 1483, 3721
2, 3903, 97576483, 97578721, 1483, 3721
2, 3904, 97601483, 97603721, 1483, 3721
2, 3905, 97626483, 97628721, 1483, 3721
2, 3906, 97651483, 97656648, 1483, 6648
2, 3907, 97676483, 97678721, 1483, 3721
2, 3908, 97701483, 97703721, 1483, 3721
2, 3909, 97726483, 97731059, 1483, 6059
2, 391, 9776483, 9778721, 1483, 3721
2, 3910, 97751483, 97753721, 1483, 3721
2, 3911, 97776483, 97778721, 1483, 3721
2, 3912, 97801483, 97803721, 1483, 3721
2, 3913, 97826483, 97828721, 1483, 3721
2, 3914, 97851483, 97853721, 1483, 3721
2, 3915, 97876483, 97878721, 1483, 3721
2, 3916, 97901483, 97903721, 1483, 3721
2, 3917, 97926483, 97928721, 1483, 3721
2, 3918, 97951483, 97953721, 1483, 3721
2, 3919, 97976483, 97978721, 1483, 3721
2, 392, 9801483, 9806974, 1483, 6974
2, 3920, 98001483, 98011166, 1483, 11166
2, 3921, 98026483, 98028721, 1483, 3721
2, 3922, 98051483, 98053721, 1483, 3721
2, 3923, 98076483, 98078721, 1483, 3721
2, 3924, 98101483, 98103721, 1483, 3721
2, 3925, 98126483, 98128721, 1483, 3721
2, 3926, 98151483, 98153721, 1483, 3721
2, 3927, 98176483, 98179013, 1483, 4013
2, 3928, 98201483, 98203721, 1483, 3721
2, 3929, 98226483, 98228721, 1483, 3721
2, 393, 9826483, 9828721, 1483, 3721
2, 3930, 98251483, 98253721, 1483, 3721
2, 3931, 98276483, 98278721, 1483, 3721
2, 3932, 98301483, 98303721, 1483, 3721
2, 3933, 98326483, 98329013, 1483, 4013
2, 3934, 98351483, 98356502, 1483, 6502
2, 3935, 98376483, 98378721, 1483, 3721
2, 3936, 98401483, 98404013, 1483, 4013
2, 3937, 98426483, 98430275, 1483, 5275
2, 3938, 98451483, 98453721, 1483, 3721
2, 3939, 98476483, 98478721, 1483, 3721
2, 394, 9851483, 9853721, 1483, 3721
2, 3940, 98501483, 98503721, 1483, 3721
2, 3941, 98526483, 98529491, 1483, 4491
2, 3942, 98551483, 98553721, 1483, 3721
2, 3943, 98576483, 98578721, 1483, 3721
2, 3944, 98601483, 98603721, 1483, 3721
2, 3945, 98626483, 98628721, 1483, 3721
2, 3946, 98651483, 98653721, 1483, 3721
2, 3947, 98676483, 98678721, 1483, 3721
2, 3948, 98701483, 98706648, 1483, 6648
2, 3949, 98726483, 98728721, 1483, 3721
2, 395, 9876483, 9878721, 1483, 3721
2, 3950, 98751483, 98753721, 1483, 3721
2, 3951, 98776483, 98778721, 1483, 3721
2, 3952, 98801483, 98805619, 1483, 5619
2, 3953, 98826483, 98828721, 1483, 3721
2, 3954, 98851483, 98853721, 1483, 3721
2, 3955, 98876483, 98878721, 1483, 3721
2, 3956, 98901483, 98903721, 1483, 3721
2, 3957, 98926483, 98928721, 1483, 3721
2, 3958, 98951483, 98953721, 1483, 3721
2, 3959, 98976483, 98978721, 1483, 3721
2, 396, 9901483, 9903721, 1483, 3721
2, 3960, 99001483, 99003721, 1483, 3721
2, 3961, 99026483, 99028721, 1483, 3721
2, 3962, 99051483, 99056502, 1483, 6502
2, 3963, 99076483, 99078721, 1483, 3721
2, 3964, 99101483, 99103721, 1483, 3721
2, 3965, 99126483, 99134482, 1483, 9482
2, 3966, 99151483, 99153721, 1483, 3721
2, 3967, 99176483, 99178721, 1483, 3721
2, 3968, 99201483, 99203721, 1483, 3721
2, 3969, 99226483, 99229013, 1483, 4013
2, 397, 9926483, 9928721, 1483, 3721
2, 3970, 99251483, 99253721, 1483, 3721
2, 3971, 99276483, 99278721, 1483, 3721
2, 3972, 99301483, 99303721, 1483, 3721
2, 3973, 99326483, 99328721, 1483, 3721
2, 3974, 99351483, 99353721, 1483, 3721
2, 3975, 99376483, 99378721, 1483, 3721
2, 3976, 99401483, 99406974, 1483, 6974
2, 3977, 99426483, 99428721, 1483, 3721
2, 3978, 99451483, 99453721, 1483, 3721
2, 3979, 99476483, 99478811, 1483, 3811
2, 398, 9951483, 9953721, 1483, 3721
2, 3980, 99501483, 99503721, 1483, 3721
2, 3981, 99526483, 99528721, 1483, 3721
2, 3982, 99551483, 99553721, 1483, 3721
2, 3983, 99576483, 99578721, 1483, 3721
2, 3984, 99601483, 99604013, 1483, 4013
2, 3985, 99626483, 99628721, 1483, 3721
2, 3986, 99651483, 99653721, 1483, 3721
2, 3987, 99676483, 99678721, 1483, 3721
2, 3988, 99701483, 99703721, 1483, 3721
2, 3989, 99726483, 99728721, 1483, 3721
2, 399, 9976483, 9979783, 1483, 4783
2, 3990, 99751483, 99758606, 1483, 8606
2, 3991, 99776483, 99778721, 1483, 3721
2, 3992, 99801483, 99803721, 1483, 3721
2, 3993, 99826483, 99828721, 1483, 3721
2, 3994, 99851483, 99853721, 1483, 3721
2, 3995, 99876483, 99878721, 1483, 3721
2, 3996, 99901483, 99903721, 1483, 3721
2, 3997, 99926483, 99929491, 1483, 4491
2, 3998, 99951483, 99953721, 1483, 3721
2, 3999, 99976483, 99978721, 1483, 3721
2, 4, 101483, 103721, 1483, 3721
2, 40, 1001483, 1003721, 1483, 3721
2, 400, 10001483, 10003721, 1483, 3721
2, 4000, 100001483, 100005179, 1483, 5179
2, 4001, 100026483, 100028721, 1483, 3721
2, 4002, 100051483, 100053721, 1483, 3721
2, 4003, 100076483, 100078721, 1483, 3721
2, 4004, 100101483, 100106502, 1483, 6502
2, 4005, 100126483, 100128721, 1483, 3721
2, 4006, 100151483, 100153721, 1483, 3721
2, 4007, 100176483, 100178721, 1483, 3721
2, 4008, 100201483, 100203721, 1483, 3721
2, 4009, 100226483, 100228721, 1483, 3721
2, 401, 10026483, 10028721, 1483, 3721
2, 4010, 100251483, 100253721, 1483, 3721
2, 4011, 100276483, 100279013, 1483, 4013
2, 4012, 100301483, 100303721, 1483, 3721
2, 4013, 100326483, 100328721, 1483, 3721
2, 4014, 100351483, 100353721, 1483, 3721
2, 4015, 100376483, 100378721, 1483, 3721
2, 4016, 100401483, 100403721, 1483, 3721
2, 4017, 100426483, 100428721, 1483, 3721
2, 4018, 100451483, 100456502, 1483, 6502
2, 4019, 100476483, 100478721, 1483, 3721
2, 402, 10051483, 10053721, 1483, 3721
2, 4020, 100501483, 100503721, 1483, 3721
2, 4021, 100526483, 100530670, 1483, 5670
2, 4022, 100551483, 100553721, 1483, 3721
2, 4023, 100576483, 100578721, 1483, 3721
2, 4024, 100601483, 100603721, 1483, 3721
2, 4025, 100626483, 100628721, 1483, 3721
2, 4026, 100651483, 100653721, 1483, 3721
2, 4027, 100676483, 100678721, 1483, 3721
2, 4028, 100701483, 100703721, 1483, 3721
2, 4029, 100726483, 100728721, 1483, 3721
2, 403, 10076483, 10078721, 1483, 3721
2, 4030, 100751483, 100753721, 1483, 3721
2, 4031, 100776483, 100778721, 1483, 3721
2, 4032, 100801483, 100811312, 1483, 11312
2, 4033, 100826483, 100828721, 1483, 3721
2, 4034, 100851483, 100853721, 1483, 3721
2, 4035, 100876483, 100878721, 1483, 3721
2, 4036, 100901483, 100903721, 1483, 3721
2, 4037, 100926483, 100928721, 1483, 3721
2, 4038, 100951483, 100953721, 1483, 3721
2, 4039, 100976483, 100978721, 1483, 3721
2, 404, 10101483, 10103721, 1483, 3721
2, 4040, 101001483, 101003721, 1483, 3721
2, 4041, 101026483, 101028721, 1483, 3721
2, 4042, 101051483, 101053721, 1483, 3721
2, 4043, 101076483, 101078721, 1483, 3721
2, 4044, 101101483, 101103721, 1483, 3721
2, 4045, 101126483, 101128721, 1483, 3721
2, 4046, 101151483, 101156502, 1483, 6502
2, 4047, 101176483, 101178721, 1483, 3721
2, 4048, 101201483, 101203721, 1483, 3721
2, 4049, 101226483, 101228721, 1483, 3721
2, 405, 10126483, 10128721, 1483, 3721
2, 4050, 101251483, 101253721, 1483, 3721
2, 4051, 101276483, 101278721, 1483, 3721
2, 4052, 101301483, 101303721, 1483, 3721
2, 4053, 101326483, 101329783, 1483, 4783
2, 4054, 101351483, 101353721, 1483, 3721
2, 4055, 101376483, 101378721, 1483, 3721
2, 4056, 101401483, 101404013, 1483, 4013
2, 4057, 101426483, 101428721, 1483, 3721
2, 4058, 101451483, 101453721, 1483, 3721
2, 4059, 101476483, 101478721, 1483, 3721
2, 406, 10151483, 10156502, 1483, 6502
2, 4060, 101501483, 101506502, 1483, 6502
2, 4061, 101526483, 101528721, 1483, 3721
2, 4062, 101551483, 101553721, 1483, 3721
2, 4063, 101576483, 101578721, 1483, 3721
2, 4064, 101601483, 101603721, 1483, 3721
2, 4065, 101626483, 101628721, 1483, 3721
2, 4066, 101651483, 101653721, 1483, 3721
2, 4067, 101676483, 101678721, 1483, 3721
2, 4068, 101701483, 101703721, 1483, 3721
2, 4069, 101726483, 101728721, 1483, 3721
2, 407, 10176483, 10178721, 1483, 3721
2, 4070, 101751483, 101753721, 1483, 3721
2, 4071, 101776483, 101778721, 1483, 3721
2, 4072, 101801483, 101803721, 1483, 3721
2, 4073, 101826483, 101828721, 1483, 3721
2, 4074, 101851483, 101856648, 1483, 6648
2, 4075, 101876483, 101878721, 1483, 3721
2, 4076, 101901483, 101903721, 1483, 3721
2, 4077, 101926483, 101934482, 1483, 9482
2, 4078, 101951483, 101953721, 1483, 3721
2, 4079, 101976483, 101978721, 1483, 3721
2, 408, 10201483, 10203721, 1483, 3721
2, 4080, 102001483, 102004013, 1483, 4013
2, 4081, 102026483, 102028721, 1483, 3721
2, 4082, 102051483, 102053721, 1483, 3721
2, 4083, 102076483, 102078721, 1483, 3721
2, 4084, 102101483, 102103721, 1483, 3721
2, 4085, 102126483, 102128721, 1483, 3721
2, 4086, 102151483, 102153721, 1483, 3721
2, 4087, 102176483, 102178721, 1483, 3721
2, 4088, 102201483, 102206974, 1483, 6974
2, 4089, 102226483, 102228721, 1483, 3721
2, 409, 10226483, 10228721, 1483, 3721
2, 4090, 102251483, 102253721, 1483, 3721
2, 4091, 102276483, 102278721, 1483, 3721
2, 4092, 102301483, 102303721, 1483, 3721
2, 4093, 102326483, 102328721, 1483, 3721
2, 4094, 102351483, 102353721, 1483, 3721
2, 4095, 102376483, 102379013, 1483, 4013
2, 4096, 102401483, 102403721, 1483, 3721
2, 4097, 102426483, 102428721, 1483, 3721
2, 4098, 102451483, 102453721, 1483, 3721
2, 4099, 102476483, 102478721, 1483, 3721
2, 41, 1026483, 1028721, 1483, 3721
2, 410, 10251483, 10253721, 1483, 3721
2, 4100, 102501483, 102503721, 1483, 3721
2, 4101, 102526483, 102528721, 1483, 3721
2, 4102, 102551483, 102556502, 1483, 6502
2, 4103, 102576483, 102578721, 1483, 3721
2, 4104, 102601483, 102604013, 1483, 4013
2, 4105, 102626483, 102628721, 1483, 3721
2, 4106, 102651483, 102653721, 1483, 3721
2, 4107, 102676483, 102678721, 1483, 3721
2, 4108, 102701483, 102703721, 1483, 3721
2, 4109, 102726483, 102729491, 1483, 4491
2, 411, 10276483, 10278721, 1483, 3721
2, 4110, 102751483, 102753721, 1483, 3721
2, 4111, 102776483, 102778721, 1483, 3721
2, 4112, 102801483, 102805494, 1483, 5494
2, 4113, 102826483, 102828721, 1483, 3721
2, 4114, 102851483, 102853721, 1483, 3721
2, 4115, 102876483, 102878721, 1483, 3721
2, 4116, 102901483, 102906648, 1483, 6648
2, 4117, 102926483, 102928721, 1483, 3721
2, 4118, 102951483, 102953721, 1483, 3721
2, 4119, 102976483, 102978721, 1483, 3721
2, 412, 10301483, 10303721, 1483, 3721
2, 4120, 103001483, 103003721, 1483, 3721
2, 4121, 103026483, 103028721, 1483, 3721
2, 4122, 103051483, 103053721, 1483, 3721
2, 4123, 103076483, 103079491, 1483, 4491
2, 4124, 103101483, 103103721, 1483, 3721
2, 4125, 103126483, 103128721, 1483, 3721
2, 4126, 103151483, 103153721, 1483, 3721
2, 4127, 103176483, 103178721, 1483, 3721
2, 4128, 103201483, 103204013, 1483, 4013
2, 4129, 103226483, 103228721, 1483, 3721
2, 413, 10326483, 10329491, 1483, 4491
2, 4130, 103251483, 103256502, 1483, 6502
2, 4131, 103276483, 103278721, 1483, 3721
2, 4132, 103301483, 103303721, 1483, 3721
2, 4133, 103326483, 103330767, 1483, 5767
2, 4134, 103351483, 103353721, 1483, 3721
2, 4135, 103376483, 103378721, 1483, 3721
2, 4136, 103401483, 103403721, 1483, 3721
2, 4137, 103426483, 103429013, 1483, 4013
2, 4138, 103451483, 103453721, 1483, 3721
2, 4139, 103476483, 103478721, 1483, 3721
2, 414, 10351483, 10353721, 1483, 3721
2, 4140, 103501483, 103503721, 1483, 3721
2, 4141, 103526483, 103528721, 1483, 3721
2, 4142, 103551483, 103553721, 1483, 3721
2, 4143, 103576483, 103578721, 1483, 3721
2, 4144, 103601483, 103611312, 1483, 11312
2, 4145, 103626483, 103628721, 1483, 3721
2, 4146, 103651483, 103653721, 1483, 3721
2, 4147, 103676483, 103678721, 1483, 3721
2, 4148, 103701483, 103703721, 1483, 3721
2, 4149, 103726483, 103728721, 1483, 3721
2, 415, 10376483, 10378721, 1483, 3721
2, 4150, 103751483, 103753721, 1483, 3721
2, 4151, 103776483, 103778721, 1483, 3721
2, 4152, 103801483, 103803721, 1483, 3721
2, 4153, 103826483, 103828721, 1483, 3721
2, 4154, 103851483, 103853721, 1483, 3721
2, 4155, 103876483, 103878721, 1483, 3721
2, 4156, 103901483, 103903721, 1483, 3721
2, 4157, 103926483, 103928721, 1483, 3721
2, 4158, 103951483, 103956648, 1483, 6648
2, 4159, 103976483, 103978721, 1483, 3721
2, 416, 10401483, 10405179, 1483, 5179
2, 4160, 104001483, 104003721, 1483, 3721
2, 4161, 104026483, 104028721, 1483, 3721
2, 4162, 104051483, 104053721, 1483, 3721
2, 4163, 104076483, 104078721, 1483, 3721
2, 4164, 104101483, 104103721, 1483, 3721
2, 4165, 104126483, 104129894, 1483, 4894
2, 4166, 104151483, 104153721, 1483, 3721
2, 4167, 104176483, 104178721, 1483, 3721
2, 4168, 104201483, 104203721, 1483, 3721
2, 4169, 104226483, 104228721, 1483, 3721
2, 417, 10426483, 10428721, 1483, 3721
2, 4170, 104251483, 104253721, 1483, 3721
2, 4171, 104276483, 104278721, 1483, 3721
2, 4172, 104301483, 104306502, 1483, 6502
2, 4173, 104326483, 104328721, 1483, 3721
2, 4174, 104351483, 104353721, 1483, 3721
2, 4175, 104376483, 104378721, 1483, 3721
2, 4176, 104401483, 104404013, 1483, 4013
2, 4177, 104426483, 104428721, 1483, 3721
2, 4178, 104451483, 104453721, 1483, 3721
2, 4179, 104476483, 104479013, 1483, 4013
2, 418, 10451483, 10453721, 1483, 3721
2, 4180, 104501483, 104503721, 1483, 3721
2, 4181, 104526483, 104528721, 1483, 3721
2, 4182, 104551483, 104553721, 1483, 3721
2, 4183, 104576483, 104578721, 1483, 3721
2, 4184, 104601483, 104603721, 1483, 3721
2, 4185, 104626483, 104628721, 1483, 3721
2, 4186, 104651483, 104656502, 1483, 6502
2, 4187, 104676483, 104678721, 1483, 3721
2, 4188, 104701483, 104703721, 1483, 3721
2, 4189, 104726483, 104732219, 1483, 7219
2, 419, 10476483, 10478721, 1483, 3721
2, 4190, 104751483, 104753721, 1483, 3721
2, 4191, 104776483, 104778721, 1483, 3721
2, 4192, 104801483, 104803721, 1483, 3721
2, 4193, 104826483, 104828721, 1483, 3721
2, 4194, 104851483, 104853721, 1483, 3721
2, 4195, 104876483, 104878721, 1483, 3721
2, 4196, 104901483, 104903721, 1483, 3721
2, 4197, 104926483, 104928721, 1483, 3721
2, 4198, 104951483, 104953721, 1483, 3721
2, 4199, 104976483, 104978721, 1483, 3721
2, 42, 1051483, 1057857, 1483, 7857
2, 420, 10501483, 10506648, 1483, 6648
2, 4200, 105001483, 105007266, 1483, 7266
2, 4201, 105026483, 105028721, 1483, 3721
2, 4202, 105051483, 105053721, 1483, 3721
2, 4203, 105076483, 105080640, 1483, 5640
2, 4204, 105101483, 105103721, 1483, 3721
2, 4205, 105126483, 105128721, 1483, 3721
2, 4206, 105151483, 105153721, 1483, 3721
2, 4207, 105176483, 105178721, 1483, 3721
2, 4208, 105201483, 105203721, 1483, 3721
2, 4209, 105226483, 105228721, 1483, 3721
2, 421, 10526483, 10528721, 1483, 3721
2, 4210, 105251483, 105253721, 1483, 3721
2, 4211, 105276483, 105278721, 1483, 3721
2, 4212, 105301483, 105303721, 1483, 3721
2, 4213, 105326483, 105328721, 1483, 3721
2, 4214, 105351483, 105356502, 1483, 6502
2, 4215, 105376483, 105378721, 1483, 3721
2, 4216, 105401483, 105403721, 1483, 3721
2, 4217, 105426483, 105428721, 1483, 3721
2, 4218, 105451483, 105453721, 1483, 3721
2, 4219, 105476483, 105478721, 1483, 3721
2, 422, 10551483, 10553721, 1483, 3721
2, 4220, 105501483, 105503721, 1483, 3721
2, 4221, 105526483, 105529783, 1483, 4783
2, 4222, 105551483, 105553721, 1483, 3721
2, 4223, 105576483, 105578721, 1483, 3721
2, 4224, 105601483, 105605325, 1483, 5325
2, 4225, 105626483, 105628721, 1483, 3721
2, 4226, 105651483, 105653721, 1483, 3721
2, 4227, 105676483, 105678721, 1483, 3721
2, 4228, 105701483, 105706502, 1483, 6502
2, 4229, 105726483, 105728721, 1483, 3721
2, 423, 10576483, 10578721, 1483, 3721
2, 4230, 105751483, 105753721, 1483, 3721
2, 4231, 105776483, 105778721, 1483, 3721
2, 4232, 105801483, 105803721, 1483, 3721
2, 4233, 105826483, 105828721, 1483, 3721
2, 4234, 105851483, 105853721, 1483, 3721
2, 4235, 105876483, 105878721, 1483, 3721
2, 4236, 105901483, 105903721, 1483, 3721
2, 4237, 105926483, 105928721, 1483, 3721
2, 4238, 105951483, 105953721, 1483, 3721
2, 4239, 105976483, 105978721, 1483, 3721
2, 424, 10601483, 10603721, 1483, 3721
2, 4240, 106001483, 106003721, 1483, 3721
2, 4241, 106026483, 106028721, 1483, 3721
2, 4242, 106051483, 106056648, 1483, 6648
2, 4243, 106076483, 106078721, 1483, 3721
2, 4244, 106101483, 106103721, 1483, 3721
2, 4245, 106126483, 106132266, 1483, 7266
2, 4246, 106151483, 106153721, 1483, 3721
2, 4247, 106176483, 106178721, 1483, 3721
2, 4248, 106201483, 106203721, 1483, 3721
2, 4249, 106226483, 106228721, 1483, 3721
2, 425, 10626483, 10628721, 1483, 3721
2, 4250, 106251483, 106253721, 1483, 3721
2, 4251, 106276483, 106278721, 1483, 3721
2, 4252, 106301483, 106303721, 1483, 3721
2, 4253, 106326483, 106328721, 1483, 3721
2, 4254, 106351483, 106353721, 1483, 3721
2, 4255, 106376483, 106378721, 1483, 3721
2, 4256, 106401483, 106412255, 1483, 12255
2, 4257, 106426483, 106428721, 1483, 3721
2, 4258, 106451483, 106453721, 1483, 3721
2, 4259, 106476483, 106478721, 1483, 3721
2, 426, 10651483, 10658487, 1483, 8487
2, 4260, 106501483, 106503721, 1483, 3721
2, 4261, 106526483, 106528721, 1483, 3721
2, 4262, 106551483, 106553721, 1483, 3721
2, 4263, 106576483, 106579013, 1483, 4013
2, 4264, 106601483, 106603721, 1483, 3721
2, 4265, 106626483, 106628721, 1483, 3721
2, 4266, 106651483, 106653721, 1483, 3721
2, 4267, 106676483, 106678721, 1483, 3721
2, 4268, 106701483, 106703721, 1483, 3721
2, 4269, 106726483, 106728721, 1483, 3721
2, 427, 10676483, 10678721, 1483, 3721
2, 4270, 106751483, 106756502, 1483, 6502
2, 4271, 106776483, 106778721, 1483, 3721
2, 4272, 106801483, 106804013, 1483, 4013
2, 4273, 106826483, 106828721, 1483, 3721
2, 4274, 106851483, 106853721, 1483, 3721
2, 4275, 106876483, 106878721, 1483, 3721
2, 4276, 106901483, 106903721, 1483, 3721
2, 4277, 106926483, 106929491, 1483, 4491
2, 4278, 106951483, 106953721, 1483, 3721
2, 4279, 106976483, 106978721, 1483, 3721
2, 428, 10701483, 10703721, 1483, 3721
2, 4280, 107001483, 107003721, 1483, 3721
2, 4281, 107026483, 107028721, 1483, 3721
2, 4282, 107051483, 107053721, 1483, 3721
2, 4283, 107076483, 107078721, 1483, 3721
2, 4284, 107101483, 107106648, 1483, 6648
2, 4285, 107126483, 107128721, 1483, 3721
2, 4286, 107151483, 107153721, 1483, 3721
2, 4287, 107176483, 107178721, 1483, 3721
2, 4288, 107201483, 107203721, 1483, 3721
2, 4289, 107226483, 107228721, 1483, 3721
2, 429, 10726483, 10728721, 1483, 3721
2, 4290, 107251483, 107253721, 1483, 3721
2, 4291, 107276483, 107278721, 1483, 3721
2, 4292, 107301483, 107303721, 1483, 3721
2, 4293, 107326483, 107328721, 1483, 3721
2, 4294, 107351483, 107353721, 1483, 3721
2, 4295, 107376483, 107378721, 1483, 3721
2, 4296, 107401483, 107403721, 1483, 3721
2, 4297, 107426483, 107428721, 1483, 3721
2, 4298, 107451483, 107457711, 1483, 7711
2, 4299, 107476483, 107478721, 1483, 3721
2, 43, 1076483, 1078721, 1483, 3721
2, 430, 10751483, 10753721, 1483, 3721
2, 4300, 107501483, 107503721, 1483, 3721
2, 4301, 107526483, 107534482, 1483, 9482
2, 4302, 107551483, 107553721, 1483, 3721
2, 4303, 107576483, 107578721, 1483, 3721
2, 4304, 107601483, 107603721, 1483, 3721
2, 4305, 107626483, 107629013, 1483, 4013
2, 4306, 107651483, 107653721, 1483, 3721
2, 4307, 107676483, 107678721, 1483, 3721
2, 4308, 107701483, 107703721, 1483, 3721
2, 4309, 107726483, 107728721, 1483, 3721
2, 431, 10776483, 10778721, 1483, 3721
2, 4310, 107751483, 107753721, 1483, 3721
2, 4311, 107776483, 107778721, 1483, 3721
2, 4312, 107801483, 107806974, 1483, 6974
2, 4313, 107826483, 107828721, 1483, 3721
2, 4314, 107851483, 107853721, 1483, 3721
2, 4315, 107876483, 107878721, 1483, 3721
2, 4316, 107901483, 107903721, 1483, 3721
2, 4317, 107926483, 107929013, 1483, 4013
2, 4318, 107951483, 107953721, 1483, 3721
2, 4319, 107976483, 107978721, 1483, 3721
2, 432, 10801483, 10804013, 1483, 4013
2, 4320, 108001483, 108004013, 1483, 4013
2, 4321, 108026483, 108028721, 1483, 3721
2, 4322, 108051483, 108053721, 1483, 3721
2, 4323, 108076483, 108078721, 1483, 3721
2, 4324, 108101483, 108103721, 1483, 3721
2, 4325, 108126483, 108128721, 1483, 3721
2, 4326, 108151483, 108156648, 1483, 6648
2, 4327, 108176483, 108178721, 1483, 3721
2, 4328, 108201483, 108203721, 1483, 3721
2, 4329, 108226483, 108228721, 1483, 3721
2, 433, 10826483, 10828721, 1483, 3721
2, 4330, 108251483, 108253721, 1483, 3721
2, 4331, 108276483, 108278721, 1483, 3721
2, 4332, 108301483, 108303721, 1483, 3721
2, 4333, 108326483, 108329491, 1483, 4491
2, 4334, 108351483, 108353721, 1483, 3721
2, 4335, 108376483, 108378721, 1483, 3721
2, 4336, 108401483, 108407205, 1483, 7205
2, 4337, 108426483, 108428721, 1483, 3721
2, 4338, 108451483, 108453721, 1483, 3721
2, 4339, 108476483, 108478721, 1483, 3721
2, 434, 10851483, 10856502, 1483, 6502
2, 4340, 108501483, 108506502, 1483, 6502
2, 4341, 108526483, 108528721, 1483, 3721
2, 4342, 108551483, 108553721, 1483, 3721
2, 4343, 108576483, 108578721, 1483, 3721
2, 4344, 108601483, 108603721, 1483, 3721
2, 4345, 108626483, 108628721, 1483, 3721
2, 4346, 108651483, 108653721, 1483, 3721
2, 4347, 108676483, 108679013, 1483, 4013
2, 4348, 108701483, 108703721, 1483, 3721
2, 4349, 108726483, 108728721, 1483, 3721
2, 435, 10876483, 10878721, 1483, 3721
2, 4350, 108751483, 108753721, 1483, 3721
2, 4351, 108776483, 108778721, 1483, 3721
2, 4352, 108801483, 108803721, 1483, 3721
2, 4353, 108826483, 108828721, 1483, 3721
2, 4354, 108851483, 108856502, 1483, 6502
2, 4355, 108876483, 108878721, 1483, 3721
2, 4356, 108901483, 108903721, 1483, 3721
2, 4357, 108926483, 108930670, 1483, 5670
2, 4358, 108951483, 108953721, 1483, 3721
2, 4359, 108976483, 108978721, 1483, 3721
2, 436, 10901483, 10903721, 1483, 3721
2, 4360, 109001483, 109003721, 1483, 3721
2, 4361, 109026483, 109028721, 1483, 3721
2, 4362, 109051483, 109053721, 1483, 3721
2, 4363, 109076483, 109078721, 1483, 3721
2, 4364, 109101483, 109103721, 1483, 3721
2, 4365, 109126483, 109128721, 1483, 3721
2, 4366, 109151483, 109153721, 1483, 3721
2, 4367, 109176483, 109178721, 1483, 3721
2, 4368, 109201483, 109211312, 1483, 11312
2, 4369, 109226483, 109228721, 1483, 3721
2, 437, 10926483, 10932237, 1483, 7237
2, 4370, 109251483, 109253721, 1483, 3721
2, 4371, 109276483, 109278721, 1483, 3721
2, 4372, 109301483, 109303721, 1483, 3721
2, 4373, 109326483, 109328721, 1483, 3721
2, 4374, 109351483, 109353721, 1483, 3721
2, 4375, 109376483, 109378721, 1483, 3721
2, 4376, 109401483, 109403721, 1483, 3721
2, 4377, 109426483, 109428721, 1483, 3721
2, 4378, 109451483, 109453721, 1483, 3721
2, 4379, 109476483, 109478721, 1483, 3721
2, 438, 10951483, 10953721, 1483, 3721
2, 4380, 109501483, 109503721, 1483, 3721
2, 4381, 109526483, 109528721, 1483, 3721
2, 4382, 109551483, 109556502, 1483, 6502
2, 4383, 109576483, 109578721, 1483, 3721
2, 4384, 109601483, 109603721, 1483, 3721
2, 4385, 109626483, 109628721, 1483, 3721
2, 4386, 109651483, 109653721, 1483, 3721
2, 4387, 109676483, 109678721, 1483, 3721
2, 4388, 109701483, 109703721, 1483, 3721
2, 4389, 109726483, 109731304, 1483, 6304
2, 439, 10976483, 10978721, 1483, 3721
2, 4390, 109751483, 109753721, 1483, 3721
2, 4391, 109776483, 109778721, 1483, 3721
2, 4392, 109801483, 109804013, 1483, 4013
2, 4393, 109826483, 109828721, 1483, 3721
2, 4394, 109851483, 109853721, 1483, 3721
2, 4395, 109876483, 109878721, 1483, 3721
2, 4396, 109901483, 109906502, 1483, 6502
2, 4397, 109926483, 109928721, 1483, 3721
2, 4398, 109951483, 109953721, 1483, 3721
2, 4399, 109976483, 109978721, 1483, 3721
2, 44, 1101483, 1103721, 1483, 3721
2, 440, 11001483, 11003721, 1483, 3721
2, 4400, 110001483, 110003721, 1483, 3721
2, 4401, 110026483, 110028721, 1483, 3721
2, 4402, 110051483, 110053721, 1483, 3721
2, 4403, 110076483, 110078721, 1483, 3721
2, 4404, 110101483, 110103721, 1483, 3721
2, 4405, 110126483, 110128721, 1483, 3721
2, 4406, 110151483, 110153721, 1483, 3721
2, 4407, 110176483, 110178721, 1483, 3721
2, 4408, 110201483, 110203721, 1483, 3721
2, 4409, 110226483, 110228721, 1483, 3721
2, 441, 11026483, 11029783, 1483, 4783
2, 4410, 110251483, 110256648, 1483, 6648
2, 4411, 110276483, 110278721, 1483, 3721
2, 4412, 110301483, 110303721, 1483, 3721
2, 4413, 110326483, 110334482, 1483, 9482
2, 4414, 110351483, 110353721, 1483, 3721
2, 4415, 110376483, 110378721, 1483, 3721
2, 4416, 110401483, 110404013, 1483, 4013
2, 4417, 110426483, 110428721, 1483, 3721
2, 4418, 110451483, 110453721, 1483, 3721
2, 4419, 110476483, 110478721, 1483, 3721
2, 442, 11051483, 11053721, 1483, 3721
2, 4420, 110501483, 110503721, 1483, 3721
2, 4421, 110526483, 110528721, 1483, 3721
2, 4422, 110551483, 110553721, 1483, 3721
2, 4423, 110576483, 110578721, 1483, 3721
2, 4424, 110601483, 110606974, 1483, 6974
2, 4425, 110626483, 110628721, 1483, 3721
2, 4426, 110651483, 110653721, 1483, 3721
2, 4427, 110676483, 110678721, 1483, 3721
2, 4428, 110701483, 110703721, 1483, 3721
2, 4429, 110726483, 110728721, 1483, 3721
2, 443, 11076483, 11078721, 1483, 3721
2, 4430, 110751483, 110753721, 1483, 3721
2, 4431, 110776483, 110779783, 1483, 4783
2, 4432, 110801483, 110803721, 1483, 3721
2, 4433, 110826483, 110828721, 1483, 3721
2, 4434, 110851483, 110853721, 1483, 3721
2, 4435, 110876483, 110878721, 1483, 3721
2, 4436, 110901483, 110903721, 1483, 3721
2, 4437, 110926483, 110928721, 1483, 3721
2, 4438, 110951483, 110956502, 1483, 6502
2, 4439, 110976483, 110978721, 1483, 3721
2, 444, 11101483, 11103721, 1483, 3721
2, 4440, 111001483, 111003721, 1483, 3721
2, 4441, 111026483, 111028721, 1483, 3721
2, 4442, 111051483, 111053721, 1483, 3721
2, 4443, 111076483, 111078721, 1483, 3721
2, 4444, 111101483, 111103721, 1483, 3721
2, 4445, 111126483, 111129491, 1483, 4491
2, 4446, 111151483, 111153721, 1483, 3721
2, 4447, 111176483, 111178721, 1483, 3721
2, 4448, 111201483, 111205179, 1483, 5179
2, 4449, 111226483, 111228721, 1483, 3721
2, 445, 11126483, 11128721, 1483, 3721
2, 4450, 111251483, 111253721, 1483, 3721
2, 4451, 111276483, 111278721, 1483, 3721
2, 4452, 111301483, 111306648, 1483, 6648
2, 4453, 111326483, 111328721, 1483, 3721
2, 4454, 111351483, 111353721, 1483, 3721
2, 4455, 111376483, 111378721, 1483, 3721
2, 4456, 111401483, 111403721, 1483, 3721
2, 4457, 111426483, 111428721, 1483, 3721
2, 4458, 111451483, 111453721, 1483, 3721
2, 4459, 111476483, 111478721, 1483, 3721
2, 446, 11151483, 11153721, 1483, 3721
2, 4460, 111501483, 111503721, 1483, 3721
2, 4461, 111526483, 111528721, 1483, 3721
2, 4462, 111551483, 111553721, 1483, 3721
2, 4463, 111576483, 111578721, 1483, 3721
2, 4464, 111601483, 111604013, 1483, 4013
2, 4465, 111626483, 111628721, 1483, 3721
2, 4466, 111651483, 111656502, 1483, 6502
2, 4467, 111676483, 111678721, 1483, 3721
2, 4468, 111701483, 111703721, 1483, 3721
2, 4469, 111726483, 111734664, 1483, 9664
2, 447, 11176483, 11178721, 1483, 3721
2, 4470, 111751483, 111753721, 1483, 3721
2, 4471, 111776483, 111778721, 1483, 3721
2, 4472, 111801483, 111803721, 1483, 3721
2, 4473, 111826483, 111829013, 1483, 4013
2, 4474, 111851483, 111853721, 1483, 3721
2, 4475, 111876483, 111878721, 1483, 3721
2, 4476, 111901483, 111903721, 1483, 3721
2, 4477, 111926483, 111928721, 1483, 3721
2, 4478, 111951483, 111953721, 1483, 3721
2, 4479, 111976483, 111978721, 1483, 3721
2, 448, 11201483, 11211312, 1483, 11312
2, 4480, 112001483, 112011312, 1483, 11312
2, 4481, 112026483, 112028721, 1483, 3721
2, 4482, 112051483, 112053721, 1483, 3721
2, 4483, 112076483, 112078721, 1483, 3721
2, 4484, 112101483, 112103721, 1483, 3721
2, 4485, 112126483, 112128721, 1483, 3721
2, 4486, 112151483, 112153721, 1483, 3721
2, 4487, 112176483, 112178721, 1483, 3721
2, 4488, 112201483, 112204013, 1483, 4013
2, 4489, 112226483, 112228721, 1483, 3721
2, 449, 11226483, 11228721, 1483, 3721
2, 4490, 112251483, 112253721, 1483, 3721
2, 4491, 112276483, 112278721, 1483, 3721
2, 4492, 112301483, 112303721, 1483, 3721
2, 4493, 112326483, 112328721, 1483, 3721
2, 4494, 112351483, 112356648, 1483, 6648
2, 4495, 112376483, 112378721, 1483, 3721
2, 4496, 112401483, 112403721, 1483, 3721
2, 4497, 112426483, 112428721, 1483, 3721
2, 4498, 112451483, 112453721, 1483, 3721
2, 4499, 112476483, 112478721, 1483, 3721
2, 45, 1126483, 1134482, 1483, 9482
2, 450, 11251483, 11253721, 1483, 3721
2, 4500, 112501483, 112503721, 1483, 3721
2, 4501, 112526483, 112529491, 1483, 4491
2, 4502, 112551483, 112553721, 1483, 3721
2, 4503, 112576483, 112578721, 1483, 3721
2, 4504, 112601483, 112603721, 1483, 3721
2, 4505, 112626483, 112628721, 1483, 3721
2, 4506, 112651483, 112653721, 1483, 3721
2, 4507, 112676483, 112678721, 1483, 3721
2, 4508, 112701483, 112706502, 1483, 6502
2, 4509, 112726483, 112728721, 1483, 3721
2, 451, 11276483, 11278721, 1483, 3721
2, 4510, 112751483, 112753721, 1483, 3721
2, 4511, 112776483, 112779342, 1483, 4342
2, 4512, 112801483, 112804013, 1483, 4013
2, 4513, 112826483, 112828721, 1483, 3721
2, 4514, 112851483, 112853721, 1483, 3721
2, 4515, 112876483, 112879013, 1483, 4013
2, 4516, 112901483, 112903721, 1483, 3721
2, 4517, 112926483, 112928721, 1483, 3721
2, 4518, 112951483, 112953721, 1483, 3721
2, 4519, 112976483, 112978721, 1483, 3721
2, 452, 11301483, 11303721, 1483, 3721
2, 4520, 113001483, 113003721, 1483, 3721
2, 4521, 113026483, 113028721, 1483, 3721
2, 4522, 113051483, 113056974, 1483, 6974
2, 4523, 113076483, 113078721, 1483, 3721
2, 4524, 113101483, 113103721, 1483, 3721
2, 4525, 113126483, 113132219, 1483, 7219
2, 4526, 113151483, 113153721, 1483, 3721
2, 4527, 113176483, 113178721, 1483, 3721
2, 4528, 113201483, 113203721, 1483, 3721
2, 4529, 113226483, 113228721, 1483, 3721
2, 453, 11326483, 11328721, 1483, 3721
2, 4530, 113251483, 113253721, 1483, 3721
2, 4531, 113276483, 113278721, 1483, 3721
2, 4532, 113301483, 113303721, 1483, 3721
2, 4533, 113326483, 113328721, 1483, 3721
2, 4534, 113351483, 113353721, 1483, 3721
2, 4535, 113376483, 113378721, 1483, 3721
2, 4536, 113401483, 113407266, 1483, 7266
2, 4537, 113426483, 113428721, 1483, 3721
2, 4538, 113451483, 113453721, 1483, 3721
2, 4539, 113476483, 113478721, 1483, 3721
2, 454, 11351483, 11353721, 1483, 3721
2, 4540, 113501483, 113503721, 1483, 3721
2, 4541, 113526483, 113528721, 1483, 3721
2, 4542, 113551483, 113553721, 1483, 3721
2, 4543, 113576483, 113578721, 1483, 3721
2, 4544, 113601483, 113603721, 1483, 3721
2, 4545, 113626483, 113628721, 1483, 3721
2, 4546, 113651483, 113653721, 1483, 3721
2, 4547, 113676483, 113678721, 1483, 3721
2, 4548, 113701483, 113703721, 1483, 3721
2, 4549, 113726483, 113728721, 1483, 3721
2, 455, 11376483, 11378721, 1483, 3721
2, 4550, 113751483, 113756502, 1483, 6502
2, 4551, 113776483, 113778721, 1483, 3721
2, 4552, 113801483, 113803721, 1483, 3721
2, 4553, 113826483, 113828721, 1483, 3721
2, 4554, 113851483, 113853721, 1483, 3721
2, 4555, 113876483, 113878721, 1483, 3721
2, 4556, 113901483, 113903721, 1483, 3721
2, 4557, 113926483, 113929783, 1483, 4783
2, 4558, 113951483, 113953721, 1483, 3721
2, 4559, 113976483, 113978721, 1483, 3721
2, 456, 11401483, 11404013, 1483, 4013
2, 4560, 114001483, 114007738, 1483, 7738
2, 4561, 114026483, 114028721, 1483, 3721
2, 4562, 114051483, 114053721, 1483, 3721
2, 4563, 114076483, 114078721, 1483, 3721
2, 4564, 114101483, 114107857, 1483, 7857
2, 4565, 114126483, 114128721, 1483, 3721
2, 4566, 114151483, 114153721, 1483, 3721
2, 4567, 114176483, 114178721, 1483, 3721
2, 4568, 114201483, 114203721, 1483, 3721
2, 4569, 114226483, 114228721, 1483, 3721
2, 457, 11426483, 11428721, 1483, 3721
2, 4570, 114251483, 114253721, 1483, 3721
2, 4571, 114276483, 114278721, 1483, 3721
2, 4572, 114301483, 114303721, 1483, 3721
2, 4573, 114326483, 114328721, 1483, 3721
2, 4574, 114351483, 114353721, 1483, 3721
2, 4575, 114376483, 114378721, 1483, 3721
2, 4576, 114401483, 114403721, 1483, 3721
2, 4577, 114426483, 114428721, 1483, 3721
2, 4578, 114451483, 114456648, 1483, 6648
2, 4579, 114476483, 114478721, 1483, 3721
2, 458, 11451483, 11453721, 1483, 3721
2, 4580, 114501483, 114503721, 1483, 3721
2, 4581, 114526483, 114531059, 1483, 6059
2, 4582, 114551483, 114553721, 1483, 3721
2, 4583, 114576483, 114578721, 1483, 3721
2, 4584, 114601483, 114603721, 1483, 3721
2, 4585, 114626483, 114628721, 1483, 3721
2, 4586, 114651483, 114653721, 1483, 3721
2, 4587, 114676483, 114678721, 1483, 3721
2, 4588, 114701483, 114703721, 1483, 3721
2, 4589, 114726483, 114728721, 1483, 3721
2, 459, 11476483, 11478721, 1483, 3721
2, 4590, 114751483, 114753721, 1483, 3721
2, 4591, 114776483, 114778721, 1483, 3721
2, 4592, 114801483, 114811166, 1483, 11166
2, 4593, 114826483, 114828721, 1483, 3721
2, 4594, 114851483, 114853721, 1483, 3721
2, 4595, 114876483, 114878721, 1483, 3721
2, 4596, 114901483, 114903721, 1483, 3721
2, 4597, 114926483, 114928721, 1483, 3721
2, 4598, 114951483, 114953721, 1483, 3721
2, 4599, 114976483, 114979013, 1483, 4013
2, 46, 1151483, 1153721, 1483, 3721
2, 460, 11501483, 11503721, 1483, 3721
2, 4600, 115001483, 115003721, 1483, 3721
2, 4601, 115026483, 115028721, 1483, 3721
2, 4602, 115051483, 115054013, 1483, 4013
2, 4603, 115076483, 115078721, 1483, 3721
2, 4604, 115101483, 115103721, 1483, 3721
2, 4605, 115126483, 115128721, 1483, 3721
2, 4606, 115151483, 115156502, 1483, 6502
2, 4607, 115176483, 115178721, 1483, 3721
2, 4608, 115201483, 115204013, 1483, 4013
2, 4609, 115226483, 115228721, 1483, 3721
2, 461, 11526483, 11528721, 1483, 3721
2, 4610, 115251483, 115253721, 1483, 3721
2, 4611, 115276483, 115278721, 1483, 3721
2, 4612, 115301483, 115303721, 1483, 3721
2, 4613, 115326483, 115329491, 1483, 4491
2, 4614, 115351483, 115353721, 1483, 3721
2, 4615, 115376483, 115378721, 1483, 3721
2, 4616, 115401483, 115403721, 1483, 3721
2, 4617, 115426483, 115428721, 1483, 3721
2, 4618, 115451483, 115453721, 1483, 3721
2, 4619, 115476483, 115478721, 1483, 3721
2, 462, 11551483, 11556648, 1483, 6648
2, 4620, 115501483, 115506648, 1483, 6648
2, 4621, 115526483, 115528721, 1483, 3721
2, 4622, 115551483, 115553721, 1483, 3721
2, 4623, 115576483, 115578721, 1483, 3721
2, 4624, 115601483, 115603721, 1483, 3721
2, 4625, 115626483, 115628721, 1483, 3721
2, 4626, 115651483, 115653721, 1483, 3721
2, 4627, 115676483, 115678721, 1483, 3721
2, 4628, 115701483, 115703721, 1483, 3721
2, 4629, 115726483, 115728721, 1483, 3721
2, 463, 11576483, 11578721, 1483, 3721
2, 4630, 115751483, 115753721, 1483, 3721
2, 4631, 115776483, 115778721, 1483, 3721
2, 4632, 115801483, 115803721, 1483, 3721
2, 4633, 115826483, 115828721, 1483, 3721
2, 4634, 115851483, 115856502, 1483, 6502
2, 4635, 115876483, 115878721, 1483, 3721
2, 4636, 115901483, 115903721, 1483, 3721
2, 4637, 115926483, 115934482, 1483, 9482
2, 4638, 115951483, 115953721, 1483, 3721
2, 4639, 115976483, 115978721, 1483, 3721
2, 464, 11601483, 11603721, 1483, 3721
2, 4640, 116001483, 116005619, 1483, 5619
2, 4641, 116026483, 116029013, 1483, 4013
2, 4642, 116051483, 116053721, 1483, 3721
2, 4643, 116076483, 116078721, 1483, 3721
2, 4644, 116101483, 116103721, 1483, 3721
2, 4645, 116126483, 116128721, 1483, 3721
2, 4646, 116151483, 116153721, 1483, 3721
2, 4647, 116176483, 116178721, 1483, 3721
2, 4648, 116201483, 116206974, 1483, 6974
2, 4649, 116226483, 116228721, 1483, 3721
2, 465, 11626483, 11628721, 1483, 3721
2, 4650, 116251483, 116253721, 1483, 3721
2, 4651, 116276483, 116278721, 1483, 3721
2, 4652, 116301483, 116303721, 1483, 3721
2, 4653, 116326483, 116328721, 1483, 3721
2, 4654, 116351483, 116353721, 1483, 3721
2, 4655, 116376483, 116379491, 1483, 4491
2, 4656, 116401483, 116404013, 1483, 4013
2, 4657, 116426483, 116428721, 1483, 3721
2, 4658, 116451483, 116453721, 1483, 3721
2, 4659, 116476483, 116478721, 1483, 3721
2, 466, 11651483, 11653721, 1483, 3721
2, 4660, 116501483, 116503721, 1483, 3721
2, 4661, 116526483, 116528721, 1483, 3721
2, 4662, 116551483, 116556648, 1483, 6648
2, 4663, 116576483, 116578721, 1483, 3721
2, 4664, 116601483, 116603721, 1483, 3721
2, 4665, 116626483, 116628721, 1483, 3721
2, 4666, 116651483, 116653721, 1483, 3721
2, 4667, 116676483, 116678721, 1483, 3721
2, 4668, 116701483, 116703721, 1483, 3721
2, 4669, 116726483, 116729491, 1483, 4491
2, 467, 11676483, 11678721, 1483, 3721
2, 4670, 116751483, 116753721, 1483, 3721
2, 4671, 116776483, 116778721, 1483, 3721
2, 4672, 116801483, 116805179, 1483, 5179
2, 4673, 116826483, 116828721, 1483, 3721
2, 4674, 116851483, 116853721, 1483, 3721
2, 4675, 116876483, 116878721, 1483, 3721
2, 4676, 116901483, 116906502, 1483, 6502
2, 4677, 116926483, 116928721, 1483, 3721
2, 4678, 116951483, 116953721, 1483, 3721
2, 4679, 116976483, 116978721, 1483, 3721
2, 468, 11701483, 11703721, 1483, 3721
2, 4680, 117001483, 117003721, 1483, 3721
2, 4681, 117026483, 117028721, 1483, 3721
2, 4682, 117051483, 117057185, 1483, 7185
2, 4683, 117076483, 117079013, 1483, 4013
2, 4684, 117101483, 117103721, 1483, 3721
2, 4685, 117126483, 117128721, 1483, 3721
2, 4686, 117151483, 117153721, 1483, 3721
2, 4687, 117176483, 117178721, 1483, 3721
2, 4688, 117201483, 117203721, 1483, 3721
2, 4689, 117226483, 117228721, 1483, 3721
2, 469, 11726483, 11729491, 1483, 4491
2, 4690, 117251483, 117256502, 1483, 6502
2, 4691, 117276483, 117278721, 1483, 3721
2, 4692, 117301483, 117303721, 1483, 3721
2, 4693, 117326483, 117332237, 1483, 7237
2, 4694, 117351483, 117353721, 1483, 3721
2, 4695, 117376483, 117378721, 1483, 3721
2, 4696, 117401483, 117403721, 1483, 3721
2, 4697, 117426483, 117429491, 1483, 4491
2, 4698, 117451483, 117453721, 1483, 3721
2, 4699, 117476483, 117478721, 1483, 3721
2, 47, 1176483, 1178721, 1483, 3721
2, 470, 11751483, 11753721, 1483, 3721
2, 4700, 117501483, 117503721, 1483, 3721
2, 4701, 117526483, 117528721, 1483, 3721
2, 4702, 117551483, 117553721, 1483, 3721
2, 4703, 117576483, 117578721, 1483, 3721
2, 4704, 117601483, 117611312, 1483, 11312
2, 4705, 117626483, 117628721, 1483, 3721
2, 4706, 117651483, 117653721, 1483, 3721
2, 4707, 117676483, 117678721, 1483, 3721
2, 4708, 117701483, 117703721, 1483, 3721
2, 4709, 117726483, 117728721, 1483, 3721
2, 471, 11776483, 11778721, 1483, 3721
2, 4710, 117751483, 117753721, 1483, 3721
2, 4711, 117776483, 117778721, 1483, 3721
2, 4712, 117801483, 117803721, 1483, 3721
2, 4713, 117826483, 117828721, 1483, 3721
2, 4714, 117851483, 117853721, 1483, 3721
2, 4715, 117876483, 117878721, 1483, 3721
2, 4716, 117901483, 117903721, 1483, 3721
2, 4717, 117926483, 117928721, 1483, 3721
2, 4718, 117951483, 117956502, 1483, 6502
2, 4719, 117976483, 117978721, 1483, 3721
2, 472, 11801483, 11803721, 1483, 3721
2, 4720, 118001483, 118003721, 1483, 3721
2, 4721, 118026483, 118028721, 1483, 3721
2, 4722, 118051483, 118053721, 1483, 3721
2, 4723, 118076483, 118078721, 1483, 3721
2, 4724, 118101483, 118103721, 1483, 3721
2, 4725, 118126483, 118129783, 1483, 4783
2, 4726, 118151483, 118153721, 1483, 3721
2, 4727, 118176483, 118178721, 1483, 3721
2, 4728, 118201483, 118204013, 1483, 4013
2, 4729, 118226483, 118228721, 1483, 3721
2, 473, 11826483, 11828721, 1483, 3721
2, 4730, 118251483, 118253721, 1483, 3721
2, 4731, 118276483, 118278721, 1483, 3721
2, 4732, 118301483, 118306502, 1483, 6502
2, 4733, 118326483, 118328721, 1483, 3721
2, 4734, 118351483, 118353721, 1483, 3721
2, 4735, 118376483, 118380275, 1483, 5275
2, 4736, 118401483, 118403721, 1483, 3721
2, 4737, 118426483, 118428721, 1483, 3721
2, 4738, 118451483, 118453721, 1483, 3721
2, 4739, 118476483, 118478721, 1483, 3721
2, 474, 11851483, 11853721, 1483, 3721
2, 4740, 118501483, 118503721, 1483, 3721
2, 4741, 118526483, 118528721, 1483, 3721
2, 4742, 118551483, 118553721, 1483, 3721
2, 4743, 118576483, 118578721, 1483, 3721
2, 4744, 118601483, 118603721, 1483, 3721
2, 4745, 118626483, 118628721, 1483, 3721
2, 4746, 118651483, 118656648, 1483, 6648
2, 4747, 118676483, 118678721, 1483, 3721
2, 4748, 118701483, 118703721, 1483, 3721
2, 4749, 118726483, 118734482, 1483, 9482
2, 475, 11876483, 11878721, 1483, 3721
2, 4750, 118751483, 118753721, 1483, 3721
2, 4751, 118776483, 118778721, 1483, 3721
2, 4752, 118801483, 118804013, 1483, 4013
2, 4753, 118826483, 118828721, 1483, 3721
2, 4754, 118851483, 118853721, 1483, 3721
2, 4755, 118876483, 118878721, 1483, 3721
2, 4756, 118901483, 118903721, 1483, 3721
2, 4757, 118926483, 118928721, 1483, 3721
2, 4758, 118951483, 118953721, 1483, 3721
2, 4759, 118976483, 118978721, 1483, 3721
2, 476, 11901483, 11906502, 1483, 6502
2, 4760, 119001483, 119006974, 1483, 6974
2, 4761, 119026483, 119028721, 1483, 3721
2, 4762, 119051483, 119053721, 1483, 3721
2, 4763, 119076483, 119078721, 1483, 3721
2, 4764, 119101483, 119103721, 1483, 3721
2, 4765, 119126483, 119128721, 1483, 3721
2, 4766, 119151483, 119153721, 1483, 3721
2, 4767, 119176483, 119179013, 1483, 4013
2, 4768, 119201483, 119203721, 1483, 3721
2, 4769, 119226483, 119228721, 1483, 3721
2, 477, 11926483, 11928721, 1483, 3721
2, 4770, 119251483, 119253721, 1483, 3721
2, 4771, 119276483, 119278721, 1483, 3721
2, 4772, 119301483, 119303721, 1483, 3721
2, 4773, 119326483, 119328721, 1483, 3721
2, 4774, 119351483, 119356502, 1483, 6502
2, 4775, 119376483, 119378721, 1483, 3721
2, 4776, 119401483, 119403721, 1483, 3721
2, 4777, 119426483, 119428811, 1483, 3811
2, 4778, 119451483, 119453721, 1483, 3721
2, 4779, 119476483, 119478721, 1483, 3721
2, 478, 11951483, 11953721, 1483, 3721
2, 4780, 119501483, 119503721, 1483, 3721
2, 4781, 119526483, 119529491, 1483, 4491
2, 4782, 119551483, 119553721, 1483, 3721
2, 4783, 119576483, 119578721, 1483, 3721
2, 4784, 119601483, 119605179, 1483, 5179
2, 4785, 119626483, 119628721, 1483, 3721
2, 4786, 119651483, 119653721, 1483, 3721
2, 4787, 119676483, 119678721, 1483, 3721
2, 4788, 119701483, 119708606, 1483, 8606
2, 4789, 119726483, 119728721, 1483, 3721
2, 479, 11976483, 11980348, 1483, 5348
2, 4790, 119751483, 119753721, 1483, 3721
2, 4791, 119776483, 119778721, 1483, 3721
2, 4792, 119801483, 119803721, 1483, 3721
2, 4793, 119826483, 119828721, 1483, 3721
2, 4794, 119851483, 119853721, 1483, 3721
2, 4795, 119876483, 119878721, 1483, 3721
2, 4796, 119901483, 119903721, 1483, 3721
2, 4797, 119926483, 119928721, 1483, 3721
2, 4798, 119951483, 119953721, 1483, 3721
2, 4799, 119976483, 119978721, 1483, 3721
2, 48, 1201483, 1204013, 1483, 4013
2, 480, 12001483, 12004013, 1483, 4013
2, 4800, 120001483, 120004013, 1483, 4013
2, 4801, 120026483, 120028721, 1483, 3721
2, 4802, 120051483, 120056502, 1483, 6502
2, 4803, 120076483, 120078721, 1483, 3721
2, 4804, 120101483, 120103721, 1483, 3721
2, 4805, 120126483, 120130767, 1483, 5767
2, 4806, 120151483, 120153721, 1483, 3721
2, 4807, 120176483, 120178721, 1483, 3721
2, 4808, 120201483, 120203721, 1483, 3721
2, 4809, 120226483, 120229013, 1483, 4013
2, 481, 12026483, 12028721, 1483, 3721
2, 4810, 120251483, 120253721, 1483, 3721
2, 4811, 120276483, 120278721, 1483, 3721
2, 4812, 120301483, 120303721, 1483, 3721
2, 4813, 120326483, 120328721, 1483, 3721
2, 4814, 120351483, 120353721, 1483, 3721
2, 4815, 120376483, 120378721, 1483, 3721
2, 4816, 120401483, 120411312, 1483, 11312
2, 4817, 120426483, 120428721, 1483, 3721
2, 4818, 120451483, 120453721, 1483, 3721
2, 4819, 120476483, 120478721, 1483, 3721
2, 482, 12051483, 12053721, 1483, 3721
2, 4820, 120501483, 120503721, 1483, 3721
2, 4821, 120526483, 120528721, 1483, 3721
2, 4822, 120551483, 120553721, 1483, 3721
2, 4823, 120576483, 120578721, 1483, 3721
2, 4824, 120601483, 120603721, 1483, 3721
2, 4825, 120626483, 120628721, 1483, 3721
2, 4826, 120651483, 120653721, 1483, 3721
2, 4827, 120676483, 120678721, 1483, 3721
2, 4828, 120701483, 120703721, 1483, 3721
2, 4829, 120726483, 120728721, 1483, 3721
2, 483, 12076483, 12079013, 1483, 4013
2, 4830, 120751483, 120757857, 1483, 7857
2, 4831, 120776483, 120778721, 1483, 3721
2, 4832, 120801483, 120803721, 1483, 3721
2, 4833, 120826483, 120828721, 1483, 3721
2, 4834, 120851483, 120853721, 1483, 3721
2, 4835, 120876483, 120878721, 1483, 3721
2, 4836, 120901483, 120903721, 1483, 3721
2, 4837, 120926483, 120929491, 1483, 4491
2, 4838, 120951483, 120953721, 1483, 3721
2, 4839, 120976483, 120978721, 1483, 3721
2, 484, 12101483, 12103721, 1483, 3721
2, 4840, 121001483, 121003721, 1483, 3721
2, 4841, 121026483, 121028721, 1483, 3721
2, 4842, 121051483, 121053721, 1483, 3721
2, 4843, 121076483, 121078721, 1483, 3721
2, 4844, 121101483, 121106502, 1483, 6502
2, 4845, 121126483, 121129013, 1483, 4013
2, 4846, 121151483, 121153721, 1483, 3721
2, 4847, 121176483, 121178721, 1483, 3721
2, 4848, 121201483, 121204013, 1483, 4013
2, 4849, 121226483, 121228721, 1483, 3721
2, 485, 12126483, 12128721, 1483, 3721
2, 4850, 121251483, 121253721, 1483, 3721
2, 4851, 121276483, 121279013, 1483, 4013
2, 4852, 121301483, 121303721, 1483, 3721
2, 4853, 121326483, 121328721, 1483, 3721
2, 4854, 121351483, 121353721, 1483, 3721
2, 4855, 121376483, 121378721, 1483, 3721
2, 4856, 121401483, 121403721, 1483, 3721
2, 4857, 121426483, 121428721, 1483, 3721
2, 4858, 121451483, 121456502, 1483, 6502
2, 4859, 121476483, 121478721, 1483, 3721
2, 486, 12151483, 12153721, 1483, 3721
2, 4860, 121501483, 121503721, 1483, 3721
2, 4861, 121526483, 121532219, 1483, 7219
2, 4862, 121551483, 121553721, 1483, 3721
2, 4863, 121576483, 121578721, 1483, 3721
2, 4864, 121601483, 121605619, 1483, 5619
2, 4865, 121626483, 121628721, 1483, 3721
2, 4866, 121651483, 121653721, 1483, 3721
2, 4867, 121676483, 121678721, 1483, 3721
2, 4868, 121701483, 121703721, 1483, 3721
2, 4869, 121726483, 121728721, 1483, 3721
2, 487, 12176483, 12178721, 1483, 3721
2, 4870, 121751483, 121753721, 1483, 3721
2, 4871, 121776483, 121778721, 1483, 3721
2, 4872, 121801483, 121807266, 1483, 7266
2, 4873, 121826483, 121828721, 1483, 3721
2, 4874, 121851483, 121853721, 1483, 3721
2, 4875, 121876483, 121878721, 1483, 3721
2, 4876, 121901483, 121903721, 1483, 3721
2, 4877, 121926483, 121928721, 1483, 3721
2, 4878, 121951483, 121953721, 1483, 3721
2, 4879, 121976483, 121978721, 1483, 3721
2, 488, 12201483, 12203721, 1483, 3721
2, 4880, 122001483, 122003721, 1483, 3721
2, 4881, 122026483, 122028721, 1483, 3721
2, 4882, 122051483, 122053721, 1483, 3721
2, 4883, 122076483, 122078721, 1483, 3721
2, 4884, 122101483, 122103721, 1483, 3721
2, 4885, 122126483, 122128721, 1483, 3721
2, 4886, 122151483, 122156502, 1483, 6502
2, 4887, 122176483, 122178721, 1483, 3721
2, 4888, 122201483, 122203721, 1483, 3721
2, 4889, 122226483, 122228721, 1483, 3721
2, 489, 12226483, 12228721, 1483, 3721
2, 4890, 122251483, 122253721, 1483, 3721
2, 4891, 122276483, 122278721, 1483, 3721
2, 4892, 122301483, 122303721, 1483, 3721
2, 4893, 122326483, 122329783, 1483, 4783
2, 4894, 122351483, 122353721, 1483, 3721
2, 4895, 122376483, 122378721, 1483, 3721
2, 4896, 122401483, 122405325, 1483, 5325
2, 4897, 122426483, 122428721, 1483, 3721
2, 4898, 122451483, 122453721, 1483, 3721
2, 4899, 122476483, 122478721, 1483, 3721
2, 49, 1226483, 1228721, 1483, 3721
2, 490, 12251483, 12256502, 1483, 6502
2, 4900, 122501483, 122506502, 1483, 6502
2, 4901, 122526483, 122528721, 1483, 3721
2, 4902, 122551483, 122553721, 1483, 3721
2, 4903, 122576483, 122578721, 1483, 3721
2, 4904, 122601483, 122603721, 1483, 3721
2, 4905, 122626483, 122628721, 1483, 3721
2, 4906, 122651483, 122653721, 1483, 3721
2, 4907, 122676483, 122678721, 1483, 3721
2, 4908, 122701483, 122703721, 1483, 3721
2, 4909, 122726483, 122728721, 1483, 3721
2, 491, 12276483, 12278721, 1483, 3721
2, 4910, 122751483, 122753721, 1483, 3721
2, 4911, 122776483, 122778721, 1483, 3721
2, 4912, 122801483, 122803721, 1483, 3721
2, 4913, 122826483, 122828721, 1483, 3721
2, 4914, 122851483, 122856648, 1483, 6648
2, 4915, 122876483, 122878721, 1483, 3721
2, 4916, 122901483, 122903721, 1483, 3721
2, 4917, 122926483, 122931059, 1483, 6059
2, 4918, 122951483, 122953721, 1483, 3721
2, 4919, 122976483, 122978721, 1483, 3721
2, 492, 12301483, 12303721, 1483, 3721
2, 4920, 123001483, 123003721, 1483, 3721
2, 4921, 123026483, 123029491, 1483, 4491
2, 4922, 123051483, 123053721, 1483, 3721
2, 4923, 123076483, 123078721, 1483, 3721
2, 4924, 123101483, 123103721, 1483, 3721
2, 4925, 123126483, 123128721, 1483, 3721
2, 4926, 123151483, 123153721, 1483, 3721
2, 4927, 123176483, 123178721, 1483, 3721
2, 4928, 123201483, 123211166, 1483, 11166
2, 4929, 123226483, 123228721, 1483, 3721
2, 493, 12326483, 12332219, 1483, 7219
2, 4930, 123251483, 123253721, 1483, 3721
2, 4931, 123276483, 123278721, 1483, 3721
2, 4932, 123301483, 123303721, 1483, 3721
2, 4933, 123326483, 123328721, 1483, 3721
2, 4934, 123351483, 123353721, 1483, 3721
2, 4935, 123376483, 123379013, 1483, 4013
2, 4936, 123401483, 123403721, 1483, 3721
2, 4937, 123426483, 123428721, 1483, 3721
2, 4938, 123451483, 123453721, 1483, 3721
2, 4939, 123476483, 123478721, 1483, 3721
2, 494, 12351483, 12353721, 1483, 3721
2, 4940, 123501483, 123503721, 1483, 3721
2, 4941, 123526483, 123528721, 1483, 3721
2, 4942, 123551483, 123556502, 1483, 6502
2, 4943, 123576483, 123578721, 1483, 3721
2, 4944, 123601483, 123605824, 1483, 5824
2, 4945, 123626483, 123628721, 1483, 3721
2, 4946, 123651483, 123653721, 1483, 3721
2, 4947, 123676483, 123678721, 1483, 3721
2, 4948, 123701483, 123703721, 1483, 3721
2, 4949, 123726483, 123729491, 1483, 4491
2, 495, 12376483, 12378721, 1483, 3721
2, 4950, 123751483, 123753721, 1483, 3721
2, 4951, 123776483, 123778721, 1483, 3721
2, 4952, 123801483, 123803721, 1483, 3721
2, 4953, 123826483, 123828721, 1483, 3721
2, 4954, 123851483, 123853721, 1483, 3721
2, 4955, 123876483, 123878721, 1483, 3721
2, 4956, 123901483, 123906648, 1483, 6648
2, 4957, 123926483, 123928721, 1483, 3721
2, 4958, 123951483, 123953721, 1483, 3721
2, 4959, 123976483, 123978721, 1483, 3721
2, 496, 12401483, 12403721, 1483, 3721
2, 4960, 124001483, 124003721, 1483, 3721
2, 4961, 124026483, 124028721, 1483, 3721
2, 4962, 124051483, 124053721, 1483, 3721
2, 4963, 124076483, 124079491, 1483, 4491
2, 4964, 124101483, 124103721, 1483, 3721
2, 4965, 124126483, 124128721, 1483, 3721
2, 4966, 124151483, 124153721, 1483, 3721
2, 4967, 124176483, 124178721, 1483, 3721
2, 4968, 124201483, 124203721, 1483, 3721
2, 4969, 124226483, 124228721, 1483, 3721
2, 497, 12426483, 12428721, 1483, 3721
2, 4970, 124251483, 124256502, 1483, 6502
2, 4971, 124276483, 124278721, 1483, 3721
2, 4972, 124301483, 124303721, 1483, 3721
2, 4973, 124326483, 124334482, 1483, 9482
2, 4974, 124351483, 124353721, 1483, 3721
2, 4975, 124376483, 124378721, 1483, 3721
2, 4976, 124401483, 124403721, 1483, 3721
2, 4977, 124426483, 124429013, 1483, 4013
2, 4978, 124451483, 124453721, 1483, 3721
2, 4979, 124476483, 124478721, 1483, 3721
2, 498, 12451483, 12453721, 1483, 3721
2, 4980, 124501483, 124503721, 1483, 3721
2, 4981, 124526483, 124528721, 1483, 3721
2, 4982, 124551483, 124553721, 1483, 3721
2, 4983, 124576483, 124578721, 1483, 3721
2, 4984, 124601483, 124606974, 1483, 6974
2, 4985, 124626483, 124628721, 1483, 3721
2, 4986, 124651483, 124653721, 1483, 3721
2, 4987, 124676483, 124678721, 1483, 3721
2, 4988, 124701483, 124703721, 1483, 3721
2, 4989, 124726483, 124728721, 1483, 3721
2, 499, 12476483, 12478721, 1483, 3721
2, 4990, 124751483, 124753721, 1483, 3721
2, 4991, 124776483, 124778721, 1483, 3721
2, 4992, 124801483, 124804013, 1483, 4013
2, 4993, 124826483, 124828721, 1483, 3721
2, 4994, 124851483, 124853721, 1483, 3721
2, 4995, 124876483, 124878721, 1483, 3721
2, 4996, 124901483, 124903721, 1483, 3721
2, 4997, 124926483, 124928721, 1483, 3721
2, 4998, 124951483, 124956648, 1483, 6648
2, 4999, 124976483, 124978721, 1483, 3721
2, 5, 126483, 128721, 1483, 3721
2, 50, 1251483, 1253721, 1483, 3721
2, 500, 12501483, 12503721, 1483, 3721
2, 5000, 125001483, 125003721, 1483, 3721
2, 5001, 125026483, 125030640, 1483, 5640
2, 5002, 125051483, 125053721, 1483, 3721
2, 5003, 125076483, 125078721, 1483, 3721
2, 5004, 125101483, 125103721, 1483, 3721
2, 5005, 125126483, 125129491, 1483, 4491
2, 5006, 125151483, 125153721, 1483, 3721
2, 5007, 125176483, 125178721, 1483, 3721
2, 5008, 125201483, 125205179, 1483, 5179
2, 5009, 125226483, 125228721, 1483, 3721
2, 501, 12526483, 12528721, 1483, 3721
2, 5010, 125251483, 125253721, 1483, 3721
2, 5011, 125276483, 125278721, 1483, 3721
2, 5012, 125301483, 125306502, 1483, 6502
2, 5013, 125326483, 125328721, 1483, 3721
2, 5014, 125351483, 125353721, 1483, 3721
2, 5015, 125376483, 125378721, 1483, 3721
2, 5016, 125401483, 125404013, 1483, 4013
2, 5017, 125426483, 125428721, 1483, 3721
2, 5018, 125451483, 125453721, 1483, 3721
2, 5019, 125476483, 125479013, 1483, 4013
2, 502, 12551483, 12553721, 1483, 3721
2, 5020, 125501483, 125503721, 1483, 3721
2, 5021, 125526483, 125528721, 1483, 3721
2, 5022, 125551483, 125553721, 1483, 3721
2, 5023, 125576483, 125578721, 1483, 3721
2, 5024, 125601483, 125603721, 1483, 3721
2, 5025, 125626483, 125628721, 1483, 3721
2, 5026, 125651483, 125656502, 1483, 6502
2, 5027, 125676483, 125678721, 1483, 3721
2, 5028, 125701483, 125703721, 1483, 3721
2, 5029, 125726483, 125730670, 1483, 5670
2, 503, 12576483, 12578721, 1483, 3721
2, 5030, 125751483, 125753721, 1483, 3721
2, 5031, 125776483, 125778721, 1483, 3721
2, 5032, 125801483, 125803721, 1483, 3721
2, 5033, 125826483, 125828721, 1483, 3721
2, 5034, 125851483, 125853721, 1483, 3721
2, 5035, 125876483, 125878721, 1483, 3721
2, 5036, 125901483, 125903721, 1483, 3721
2, 5037, 125926483, 125928721, 1483, 3721
2, 5038, 125951483, 125953721, 1483, 3721
2, 5039, 125976483, 125978721, 1483, 3721
2, 504, 12601483, 12607266, 1483, 7266
2, 5040, 126001483, 126011312, 1483, 11312
2, 5041, 126026483, 126028721, 1483, 3721
2, 5042, 126051483, 126053721, 1483, 3721
2, 5043, 126076483, 126079103, 1483, 4103
2, 5044, 126101483, 126103721, 1483, 3721
2, 5045, 126126483, 126128721, 1483, 3721
2, 5046, 126151483, 126153721, 1483, 3721
2, 5047, 126176483, 126178721, 1483, 3721
2, 5048, 126201483, 126203721, 1483, 3721
2, 5049, 126226483, 126228721, 1483, 3721
2, 505, 12626483, 12628721, 1483, 3721
2, 5050, 126251483, 126253721, 1483, 3721
2, 5051, 126276483, 126278721, 1483, 3721
2, 5052, 126301483, 126303721, 1483, 3721
2, 5053, 126326483, 126328721, 1483, 3721
2, 5054, 126351483, 126356974, 1483, 6974
2, 5055, 126376483, 126378721, 1483, 3721
2, 5056, 126401483, 126403721, 1483, 3721
2, 5057, 126426483, 126428721, 1483, 3721
2, 5058, 126451483, 126453721, 1483, 3721
2, 5059, 126476483, 126478721, 1483, 3721
2, 506, 12651483, 12653721, 1483, 3721
2, 5060, 126501483, 126503721, 1483, 3721
2, 5061, 126526483, 126529783, 1483, 4783
2, 5062, 126551483, 126553721, 1483, 3721
2, 5063, 126576483, 126578721, 1483, 3721
2, 5064, 126601483, 126604013, 1483, 4013
2, 5065, 126626483, 126628721, 1483, 3721
2, 5066, 126651483, 126653721, 1483, 3721
2, 5067, 126676483, 126678721, 1483, 3721
2, 5068, 126701483, 126706502, 1483, 6502
2, 5069, 126726483, 126728721, 1483, 3721
2, 507, 12676483, 12678721, 1483, 3721
2, 5070, 126751483, 126753721, 1483, 3721
2, 5071, 126776483, 126778721, 1483, 3721
2, 5072, 126801483, 126803721, 1483, 3721
2, 5073, 126826483, 126828721, 1483, 3721
2, 5074, 126851483, 126853721, 1483, 3721
2, 5075, 126876483, 126878721, 1483, 3721
2, 5076, 126901483, 126903721, 1483, 3721
2, 5077, 126926483, 126928721, 1483, 3721
2, 5078, 126951483, 126953721, 1483, 3721
2, 5079, 126976483, 126978721, 1483, 3721
2, 508, 12701483, 12703721, 1483, 3721
2, 5080, 127001483, 127003721, 1483, 3721
2, 5081, 127026483, 127028721, 1483, 3721
2, 5082, 127051483, 127056648, 1483, 6648
2, 5083, 127076483, 127078721, 1483, 3721
2, 5084, 127101483, 127103721, 1483, 3721
2, 5085, 127126483, 127134482, 1483, 9482
2, 5086, 127151483, 127153721, 1483, 3721
2, 5087, 127176483, 127178721, 1483, 3721
2, 5088, 127201483, 127204013, 1483, 4013
2, 5089, 127226483, 127228721, 1483, 3721
2, 509, 12726483, 12728721, 1483, 3721
2, 5090, 127251483, 127253721, 1483, 3721
2, 5091, 127276483, 127278721, 1483, 3721
2, 5092, 127301483, 127303721, 1483, 3721
2, 5093, 127326483, 127328721, 1483, 3721
2, 5094, 127351483, 127353721, 1483, 3721
2, 5095, 127376483, 127378721, 1483, 3721
2, 5096, 127401483, 127407636, 1483, 7636
2, 5097, 127426483, 127428721, 1483, 3721
2, 5098, 127451483, 127453721, 1483, 3721
2, 5099, 127476483, 127478721, 1483, 3721
2, 51, 1276483, 1278721, 1483, 3721
2, 510, 12751483, 12753721, 1483, 3721
2, 5100, 127501483, 127503721, 1483, 3721
2, 5101, 127526483, 127528721, 1483, 3721
2, 5102, 127551483, 127553721, 1483, 3721
2, 5103, 127576483, 127579013, 1483, 4013
2, 5104, 127601483, 127603721, 1483, 3721
2, 5105, 127626483, 127628721, 1483, 3721
2, 5106, 127651483, 127653721, 1483, 3721
2, 5107, 127676483, 127678721, 1483, 3721
2, 5108, 127701483, 127703721, 1483, 3721
2, 5109, 127726483, 127728721, 1483, 3721
2, 511, 12776483, 12778721, 1483, 3721
2, 5110, 127751483, 127756502, 1483, 6502
2, 5111, 127776483, 127778721, 1483, 3721
2, 5112, 127801483, 127803721, 1483, 3721
2, 5113, 127826483, 127828721, 1483, 3721
2, 5114, 127851483, 127853721, 1483, 3721
2, 5115, 127876483, 127878721, 1483, 3721
2, 5116, 127901483, 127903721, 1483, 3721
2, 5117, 127926483, 127929491, 1483, 4491
2, 5118, 127951483, 127953721, 1483, 3721
2, 5119, 127976483, 127978721, 1483, 3721
2, 512, 12801483, 12803721, 1483, 3721
2, 5120, 128001483, 128005179, 1483, 5179
2, 5121, 128026483, 128028721, 1483, 3721
2, 5122, 128051483, 128053721, 1483, 3721
2, 5123, 128076483, 128078721, 1483, 3721
2, 5124, 128101483, 128106648, 1483, 6648
2, 5125, 128126483, 128128721, 1483, 3721
2, 5126, 128151483, 128153721, 1483, 3721
2, 5127, 128176483, 128178721, 1483, 3721
2, 5128, 128201483, 128203721, 1483, 3721
2, 5129, 128226483, 128228721, 1483, 3721
2, 513, 12826483, 12828721, 1483, 3721
2, 5130, 128251483, 128253721, 1483, 3721
2, 5131, 128276483, 128278721, 1483, 3721
2, 5132, 128301483, 128303721, 1483, 3721
2, 5133, 128326483, 128328721, 1483, 3721
2, 5134, 128351483, 128353721, 1483, 3721
2, 5135, 128376483, 128378721, 1483, 3721
2, 5136, 128401483, 128404013, 1483, 4013
2, 5137, 128426483, 128428721, 1483, 3721
2, 5138, 128451483, 128456502, 1483, 6502
2, 5139, 128476483, 128478721, 1483, 3721
2, 514, 12851483, 12853721, 1483, 3721
2, 5140, 128501483, 128503721, 1483, 3721
2, 5141, 128526483, 128530767, 1483, 5767
2, 5142, 128551483, 128553721, 1483, 3721
2, 5143, 128576483, 128578721, 1483, 3721
2, 5144, 128601483, 128603721, 1483, 3721
2, 5145, 128626483, 128629013, 1483, 4013
2, 5146, 128651483, 128653721, 1483, 3721
2, 5147, 128676483, 128678721, 1483, 3721
2, 5148, 128701483, 128703721, 1483, 3721
2, 5149, 128726483, 128728721, 1483, 3721
2, 515, 12876483, 12878721, 1483, 3721
2, 5150, 128751483, 128753721, 1483, 3721
2, 5151, 128776483, 128778721, 1483, 3721
2, 5152, 128801483, 128811312, 1483, 11312
2, 5153, 128826483, 128828721, 1483, 3721
2, 5154, 128851483, 128853721, 1483, 3721
2, 5155, 128876483, 128878721, 1483, 3721
2, 5156, 128901483, 128903721, 1483, 3721
2, 5157, 128926483, 128928721, 1483, 3721
2, 5158, 128951483, 128953721, 1483, 3721
2, 5159, 128976483, 128978721, 1483, 3721
2, 516, 12901483, 12903721, 1483, 3721
2, 5160, 129001483, 129003721, 1483, 3721
2, 5161, 129026483, 129028721, 1483, 3721
2, 5162, 129051483, 129053721, 1483, 3721
2, 5163, 129076483, 129078721, 1483, 3721
2, 5164, 129101483, 129103721, 1483, 3721
2, 5165, 129126483, 129128721, 1483, 3721
2, 5166, 129151483, 129156648, 1483, 6648
2, 5167, 129176483, 129178721, 1483, 3721
2, 5168, 129201483, 129205619, 1483, 5619
2, 5169, 129226483, 129228721, 1483, 3721
2, 517, 12926483, 12928721, 1483, 3721
2, 5170, 129251483, 129253721, 1483, 3721
2, 5171, 129276483, 129278721, 1483, 3721
2, 5172, 129301483, 129303721, 1483, 3721
2, 5173, 129326483, 129329491, 1483, 4491
2, 5174, 129351483, 129353721, 1483, 3721
2, 5175, 129376483, 129378721, 1483, 3721
2, 5176, 129401483, 129403721, 1483, 3721
2, 5177, 129426483, 129428721, 1483, 3721
2, 5178, 129451483, 129453721, 1483, 3721
2, 5179, 129476483, 129478721, 1483, 3721
2, 518, 12951483, 12956502, 1483, 6502
2, 5180, 129501483, 129506502, 1483, 6502
2, 5181, 129526483, 129528721, 1483, 3721
2, 5182, 129551483, 129553721, 1483, 3721
2, 5183, 129576483, 129578721, 1483, 3721
2, 5184, 129601483, 129604013, 1483, 4013
2, 5185, 129626483, 129628721, 1483, 3721
2, 5186, 129651483, 129653721, 1483, 3721
2, 5187, 129676483, 129679783, 1483, 4783
2, 5188, 129701483, 129703721, 1483, 3721
2, 5189, 129726483, 129728721, 1483, 3721
2, 519, 12976483, 12978721, 1483, 3721
2, 5190, 129751483, 129753721, 1483, 3721
2, 5191, 129776483, 129778721, 1483, 3721
2, 5192, 129801483, 129803721, 1483, 3721
2, 5193, 129826483, 129828721, 1483, 3721
2, 5194, 129851483, 129856502, 1483, 6502
2, 5195, 129876483, 129878721, 1483, 3721
2, 5196, 129901483, 129903721, 1483, 3721
2, 5197, 129926483, 129932219, 1483, 7219
2, 5198, 129951483, 129953721, 1483, 3721
2, 5199, 129976483, 129978721, 1483, 3721
2, 52, 1301483, 1303721, 1483, 3721
2, 520, 13001483, 13003721, 1483, 3721
2, 5200, 130001483, 130003721, 1483, 3721
2, 5201, 130026483, 130028721, 1483, 3721
2, 5202, 130051483, 130053721, 1483, 3721
2, 5203, 130076483, 130078721, 1483, 3721
2, 5204, 130101483, 130103721, 1483, 3721
2, 5205, 130126483, 130128721, 1483, 3721
2, 5206, 130151483, 130153721, 1483, 3721
2, 5207, 130176483, 130178721, 1483, 3721
2, 5208, 130201483, 130207266, 1483, 7266
2, 5209, 130226483, 130228721, 1483, 3721
2, 521, 13026483, 13029342, 1483, 4342
2, 5210, 130251483, 130253721, 1483, 3721
2, 5211, 130276483, 130278721, 1483, 3721
2, 5212, 130301483, 130303721, 1483, 3721
2, 5213, 130326483, 130328721, 1483, 3721
2, 5214, 130351483, 130353721, 1483, 3721
2, 5215, 130376483, 130378721, 1483, 3721
2, 5216, 130401483, 130403721, 1483, 3721
2, 5217, 130426483, 130428721, 1483, 3721
2, 5218, 130451483, 130453721, 1483, 3721
2, 5219, 130476483, 130478721, 1483, 3721
2, 522, 13051483, 13053721, 1483, 3721
2, 5220, 130501483, 130503721, 1483, 3721
2, 5221, 130526483, 130528721, 1483, 3721
2, 5222, 130551483, 130556502, 1483, 6502
2, 5223, 130576483, 130578721, 1483, 3721
2, 5224, 130601483, 130603721, 1483, 3721
2, 5225, 130626483, 130628721, 1483, 3721
2, 5226, 130651483, 130653721, 1483, 3721
2, 5227, 130676483, 130678721, 1483, 3721
2, 5228, 130701483, 130703721, 1483, 3721
2, 5229, 130726483, 130731304, 1483, 6304
2, 523, 13076483, 13078721, 1483, 3721
2, 5230, 130751483, 130753721, 1483, 3721
2, 5231, 130776483, 130778721, 1483, 3721
2, 5232, 130801483, 130805325, 1483, 5325
2, 5233, 130826483, 130828721, 1483, 3721
2, 5234, 130851483, 130853721, 1483, 3721
2, 5235, 130876483, 130878721, 1483, 3721
2, 5236, 130901483, 130906502, 1483, 6502
2, 5237, 130926483, 130928721, 1483, 3721
2, 5238, 130951483, 130953721, 1483, 3721
2, 5239, 130976483, 130978721, 1483, 3721
2, 524, 13101483, 13103721, 1483, 3721
2, 5240, 131001483, 131003721, 1483, 3721
2, 5241, 131026483, 131028721, 1483, 3721
2, 5242, 131051483, 131053721, 1483, 3721
2, 5243, 131076483, 131078721, 1483, 3721
2, 5244, 131101483, 131103721, 1483, 3721
2, 5245, 131126483, 131128721, 1483, 3721
2, 5246, 131151483, 131153721, 1483, 3721
2, 5247, 131176483, 131178721, 1483, 3721
2, 5248, 131201483, 131205619, 1483, 5619
2, 5249, 131226483, 131228721, 1483, 3721
2, 525, 13126483, 13129783, 1483, 4783
2, 5250, 131251483, 131256648, 1483, 6648
2, 5251, 131276483, 131278721, 1483, 3721
2, 5252, 131301483, 131303721, 1483, 3721
2, 5253, 131326483, 131331059, 1483, 6059
2, 5254, 131351483, 131353721, 1483, 3721
2, 5255, 131376483, 131378721, 1483, 3721
2, 5256, 131401483, 131403721, 1483, 3721
2, 5257, 131426483, 131428721, 1483, 3721
2, 5258, 131451483, 131453721, 1483, 3721
2, 5259, 131476483, 131478721, 1483, 3721
2, 526, 13151483, 13153721, 1483, 3721
2, 5260, 131501483, 131503721, 1483, 3721
2, 5261, 131526483, 131528721, 1483, 3721
2, 5262, 131551483, 131553721, 1483, 3721
2, 5263, 131576483, 131578721, 1483, 3721
2, 5264, 131601483, 131611166, 1483, 11166
2, 5265, 131626483, 131628721, 1483, 3721
2, 5266, 131651483, 131653721, 1483, 3721
2, 5267, 131676483, 131680348, 1483, 5348
2, 5268, 131701483, 131703721, 1483, 3721
2, 5269, 131726483, 131728721, 1483, 3721
2, 527, 13176483, 13178721, 1483, 3721
2, 5270, 131751483, 131753721, 1483, 3721
2, 5271, 131776483, 131779013, 1483, 4013
2, 5272, 131801483, 131803721, 1483, 3721
2, 5273, 131826483, 131828721, 1483, 3721
2, 5274, 131851483, 131853721, 1483, 3721
2, 5275, 131876483, 131878721, 1483, 3721
2, 5276, 131901483, 131903721, 1483, 3721
2, 5277, 131926483, 131928721, 1483, 3721
2, 5278, 131951483, 131956502, 1483, 6502
2, 5279, 131976483, 131978721, 1483, 3721
2, 528, 13201483, 13205325, 1483, 5325
2, 5280, 132001483, 132004013, 1483, 4013
2, 5281, 132026483, 132028721, 1483, 3721
2, 5282, 132051483, 132053721, 1483, 3721
2, 5283, 132076483, 132078721, 1483, 3721
2, 5284, 132101483, 132103721, 1483, 3721
2, 5285, 132126483, 132129491, 1483, 4491
2, 5286, 132151483, 132153721, 1483, 3721
2, 5287, 132176483, 132178721, 1483, 3721
2, 5288, 132201483, 132203721, 1483, 3721
2, 5289, 132226483, 132228721, 1483, 3721
2, 529, 13226483, 13228721, 1483, 3721
2, 5290, 132251483, 132253721, 1483, 3721
2, 5291, 132276483, 132278721, 1483, 3721
2, 5292, 132301483, 132306648, 1483, 6648
2, 5293, 132326483, 132328721, 1483, 3721
2, 5294, 132351483, 132353721, 1483, 3721
2, 5295, 132376483, 132378721, 1483, 3721
2, 5296, 132401483, 132403721, 1483, 3721
2, 5297, 132426483, 132428721, 1483, 3721
2, 5298, 132451483, 132453721, 1483, 3721
2, 5299, 132476483, 132478721, 1483, 3721
2, 53, 1326483, 1328721, 1483, 3721
2, 530, 13251483, 13253721, 1483, 3721
2, 5300, 132501483, 132503721, 1483, 3721
2, 5301, 132526483, 132528721, 1483, 3721
2, 5302, 132551483, 132553721, 1483, 3721
2, 5303, 132576483, 132578721, 1483, 3721
2, 5304, 132601483, 132603721, 1483, 3721
2, 5305, 132626483, 132628721, 1483, 3721
2, 5306, 132651483, 132656502, 1483, 6502
2, 5307, 132676483, 132678721, 1483, 3721
2, 5308, 132701483, 132703721, 1483, 3721
2, 5309, 132726483, 132739929, 1483, 14929
2, 531, 13276483, 13278721, 1483, 3721
2, 5310, 132751483, 132753721, 1483, 3721
2, 5311, 132776483, 132778721, 1483, 3721
2, 5312, 132801483, 132803721, 1483, 3721
2, 5313, 132826483, 132829013, 1483, 4013
2, 5314, 132851483, 132853721, 1483, 3721
2, 5315, 132876483, 132878721, 1483, 3721
2, 5316, 132901483, 132903721, 1483, 3721
2, 5317, 132926483, 132928721, 1483, 3721
2, 5318, 132951483, 132953721, 1483, 3721
2, 5319, 132976483, 132978721, 1483, 3721
2, 532, 13301483, 13306974, 1483, 6974
2, 5320, 133001483, 133012401, 1483, 12401
2, 5321, 133026483, 133028721, 1483, 3721
2, 5322, 133051483, 133053721, 1483, 3721
2, 5323, 133076483, 133078721, 1483, 3721
2, 5324, 133101483, 133103721, 1483, 3721
2, 5325, 133126483, 133128721, 1483, 3721
2, 5326, 133151483, 133153721, 1483, 3721
2, 5327, 133176483, 133178721, 1483, 3721
2, 5328, 133201483, 133204013, 1483, 4013
2, 5329, 133226483, 133228721, 1483, 3721
2, 533, 13326483, 13328721, 1483, 3721
2, 5330, 133251483, 133253721, 1483, 3721
2, 5331, 133276483, 133278721, 1483, 3721
2, 5332, 133301483, 133303721, 1483, 3721
2, 5333, 133326483, 133328721, 1483, 3721
2, 5334, 133351483, 133356648, 1483, 6648
2, 5335, 133376483, 133378721, 1483, 3721
2, 5336, 133401483, 133403721, 1483, 3721
2, 5337, 133426483, 133428721, 1483, 3721
2, 5338, 133451483, 133453721, 1483, 3721
2, 5339, 133476483, 133478721, 1483, 3721
2, 534, 13351483, 13353721, 1483, 3721
2, 5340, 133501483, 133503721, 1483, 3721
2, 5341, 133526483, 133529491, 1483, 4491
2, 5342, 133551483, 133553721, 1483, 3721
2, 5343, 133576483, 133578721, 1483, 3721
2, 5344, 133601483, 133605179, 1483, 5179
2, 5345, 133626483, 133628721, 1483, 3721
2, 5346, 133651483, 133653721, 1483, 3721
2, 5347, 133676483, 133678721, 1483, 3721
2, 5348, 133701483, 133706502, 1483, 6502
2, 5349, 133726483, 133728721, 1483, 3721
2, 535, 13376483, 13378721, 1483, 3721
2, 5350, 133751483, 133753721, 1483, 3721
2, 5351, 133776483, 133778721, 1483, 3721
2, 5352, 133801483, 133803721, 1483, 3721
2, 5353, 133826483, 133828721, 1483, 3721
2, 5354, 133851483, 133853721, 1483, 3721
2, 5355, 133876483, 133879013, 1483, 4013
2, 5356, 133901483, 133903721, 1483, 3721
2, 5357, 133926483, 133928721, 1483, 3721
2, 5358, 133951483, 133954013, 1483, 4013
2, 5359, 133976483, 133978721, 1483, 3721
2, 536, 13401483, 13403721, 1483, 3721
2, 5360, 134001483, 134003721, 1483, 3721
2, 5361, 134026483, 134028721, 1483, 3721
2, 5362, 134051483, 134057857, 1483, 7857
2, 5363, 134076483, 134078721, 1483, 3721
2, 5364, 134101483, 134103721, 1483, 3721
2, 5365, 134126483, 134130670, 1483, 5670
2, 5366, 134151483, 134153721, 1483, 3721
2, 5367, 134176483, 134178721, 1483, 3721
2, 5368, 134201483, 134203721, 1483, 3721
2, 5369, 134226483, 134228721, 1483, 3721
2, 537, 13426483, 13428721, 1483, 3721
2, 5370, 134251483, 134253721, 1483, 3721
2, 5371, 134276483, 134278721, 1483, 3721
2, 5372, 134301483, 134303721, 1483, 3721
2, 5373, 134326483, 134328721, 1483, 3721
2, 5374, 134351483, 134353721, 1483, 3721
2, 5375, 134376483, 134378721, 1483, 3721
2, 5376, 134401483, 134411312, 1483, 11312
2, 5377, 134426483, 134428721, 1483, 3721
2, 5378, 134451483, 134453721, 1483, 3721
2, 5379, 134476483, 134478721, 1483, 3721
2, 538, 13451483, 13453721, 1483, 3721
2, 5380, 134501483, 134503721, 1483, 3721
2, 5381, 134526483, 134528721, 1483, 3721
2, 5382, 134551483, 134553721, 1483, 3721
2, 5383, 134576483, 134578721, 1483, 3721
2, 5384, 134601483, 134603721, 1483, 3721
2, 5385, 134626483, 134628721, 1483, 3721
2, 5386, 134651483, 134653721, 1483, 3721
2, 5387, 134676483, 134678721, 1483, 3721
2, 5388, 134701483, 134703721, 1483, 3721
2, 5389, 134726483, 134728721, 1483, 3721
2, 539, 13476483, 13478721, 1483, 3721
2, 5390, 134751483, 134756502, 1483, 6502
2, 5391, 134776483, 134778721, 1483, 3721
2, 5392, 134801483, 134803721, 1483, 3721
2, 5393, 134826483, 134828721, 1483, 3721
2, 5394, 134851483, 134853721, 1483, 3721
2, 5395, 134876483, 134878721, 1483, 3721
2, 5396, 134901483, 134903721, 1483, 3721
2, 5397, 134926483, 134929783, 1483, 4783
2, 5398, 134951483, 134953721, 1483, 3721
2, 5399, 134976483, 134978721, 1483, 3721
2, 54, 1351483, 1353721, 1483, 3721
2, 540, 13501483, 13503721, 1483, 3721
2, 5400, 135001483, 135005325, 1483, 5325
2, 5401, 135026483, 135028721, 1483, 3721
2, 5402, 135051483, 135053721, 1483, 3721
2, 5403, 135076483, 135078721, 1483, 3721
2, 5404, 135101483, 135106502, 1483, 6502
2, 5405, 135126483, 135128721, 1483, 3721
2, 5406, 135151483, 135153721, 1483, 3721
2, 5407, 135176483, 135178721, 1483, 3721
2, 5408, 135201483, 135203721, 1483, 3721
2, 5409, 135226483, 135228721, 1483, 3721
2, 541, 13526483, 13528721, 1483, 3721
2, 5410, 135251483, 135253721, 1483, 3721
2, 5411, 135276483, 135278721, 1483, 3721
2, 5412, 135301483, 135303721, 1483, 3721
2, 5413, 135326483, 135328721, 1483, 3721
2, 5414, 135351483, 135353721, 1483, 3721
2, 5415, 135376483, 135378721, 1483, 3721
2, 5416, 135401483, 135403721, 1483, 3721
2, 5417, 135426483, 135428721, 1483, 3721
2, 5418, 135451483, 135456648, 1483, 6648
2, 5419, 135476483, 135478721, 1483, 3721
2, 542, 13551483, 13553721, 1483, 3721
2, 5420, 135501483, 135503721, 1483, 3721
2, 5421, 135526483, 135534482, 1483, 9482
2, 5422, 135551483, 135553721, 1483, 3721
2, 5423, 135576483, 135578721, 1483, 3721
2, 5424, 135601483, 135604013, 1483, 4013
2, 5425, 135626483, 135628721, 1483, 3721
2, 5426, 135651483, 135653721, 1483, 3721
2, 5427, 135676483, 135678721, 1483, 3721
2, 5428, 135701483, 135703721, 1483, 3721
2, 5429, 135726483, 135728721, 1483, 3721
2, 543, 13576483, 13578721, 1483, 3721
2, 5430, 135751483, 135753721, 1483, 3721
2, 5431, 135776483, 135778721, 1483, 3721
2, 5432, 135801483, 135806974, 1483, 6974
2, 5433, 135826483, 135828721, 1483, 3721
2, 5434, 135851483, 135853721, 1483, 3721
2, 5435, 135876483, 135878721, 1483, 3721
2, 5436, 135901483, 135903721, 1483, 3721
2, 5437, 135926483, 135928721, 1483, 3721
2, 5438, 135951483, 135953721, 1483, 3721
2, 5439, 135976483, 135979013, 1483, 4013
2, 544, 13601483, 13603721, 1483, 3721
2, 5440, 136001483, 136003721, 1483, 3721
2, 5441, 136026483, 136028721, 1483, 3721
2, 5442, 136051483, 136053721, 1483, 3721
2, 5443, 136076483, 136078721, 1483, 3721
2, 5444, 136101483, 136103721, 1483, 3721
2, 5445, 136126483, 136128721, 1483, 3721
2, 5446, 136151483, 136156502, 1483, 6502
2, 5447, 136176483, 136178721, 1483, 3721
2, 5448, 136201483, 136203721, 1483, 3721
2, 5449, 136226483, 136228721, 1483, 3721
2, 545, 13626483, 13628721, 1483, 3721
2, 5450, 136251483, 136253721, 1483, 3721
2, 5451, 136276483, 136278721, 1483, 3721
2, 5452, 136301483, 136303721, 1483, 3721
2, 5453, 136326483, 136329894, 1483, 4894
2, 5454, 136351483, 136353721, 1483, 3721
2, 5455, 136376483, 136378721, 1483, 3721
2, 5456, 136401483, 136405179, 1483, 5179
2, 5457, 136426483, 136428721, 1483, 3721
2, 5458, 136451483, 136453721, 1483, 3721
2, 5459, 136476483, 136478721, 1483, 3721
2, 546, 13651483, 13656648, 1483, 6648
2, 5460, 136501483, 136506648, 1483, 6648
2, 5461, 136526483, 136528721, 1483, 3721
2, 5462, 136551483, 136553721, 1483, 3721
2, 5463, 136576483, 136578721, 1483, 3721
2, 5464, 136601483, 136603721, 1483, 3721
2, 5465, 136626483, 136628721, 1483, 3721
2, 5466, 136651483, 136653721, 1483, 3721
2, 5467, 136676483, 136678721, 1483, 3721
2, 5468, 136701483, 136703721, 1483, 3721
2, 5469, 136726483, 136728721, 1483, 3721
2, 547, 13676483, 13678721, 1483, 3721
2, 5470, 136751483, 136753721, 1483, 3721
2, 5471, 136776483, 136778721, 1483, 3721
2, 5472, 136801483, 136805911, 1483, 5911
2, 5473, 136826483, 136828721, 1483, 3721
2, 5474, 136851483, 136856502, 1483, 6502
2, 5475, 136876483, 136878721, 1483, 3721
2, 5476, 136901483, 136903721, 1483, 3721
2, 5477, 136926483, 136930767, 1483, 5767
2, 5478, 136951483, 136953721, 1483, 3721
2, 5479, 136976483, 136978721, 1483, 3721
2, 548, 13701483, 13703721, 1483, 3721
2, 5480, 137001483, 137003721, 1483, 3721
2, 5481, 137026483, 137029013, 1483, 4013
2, 5482, 137051483, 137053721, 1483, 3721
2, 5483, 137076483, 137078721, 1483, 3721
2, 5484, 137101483, 137103721, 1483, 3721
2, 5485, 137126483, 137128721, 1483, 3721
2, 5486, 137151483, 137153721, 1483, 3721
2, 5487, 137176483, 137178721, 1483, 3721
2, 5488, 137201483, 137211312, 1483, 11312
2, 5489, 137226483, 137228721, 1483, 3721
2, 549, 13726483, 13731059, 1483, 6059
2, 5490, 137251483, 137253721, 1483, 3721
2, 5491, 137276483, 137278721, 1483, 3721
2, 5492, 137301483, 137303721, 1483, 3721
2, 5493, 137326483, 137328721, 1483, 3721
2, 5494, 137351483, 137353721, 1483, 3721
2, 5495, 137376483, 137379491, 1483, 4491
2, 5496, 137401483, 137403721, 1483, 3721
2, 5497, 137426483, 137428721, 1483, 3721
2, 5498, 137451483, 137453721, 1483, 3721
2, 5499, 137476483, 137478721, 1483, 3721
2, 55, 1376483, 1378721, 1483, 3721
2, 550, 13751483, 13753721, 1483, 3721
2, 5500, 137501483, 137503721, 1483, 3721
2, 5501, 137526483, 137528721, 1483, 3721
2, 5502, 137551483, 137556648, 1483, 6648
2, 5503, 137576483, 137578721, 1483, 3721
2, 5504, 137601483, 137603721, 1483, 3721
2, 5505, 137626483, 137628721, 1483, 3721
2, 5506, 137651483, 137653721, 1483, 3721
2, 5507, 137676483, 137678721, 1483, 3721
2, 5508, 137701483, 137703721, 1483, 3721
2, 5509, 137726483, 137729491, 1483, 4491
2, 551, 13776483, 13778721, 1483, 3721
2, 5510, 137751483, 137753721, 1483, 3721
2, 5511, 137776483, 137778721, 1483, 3721
2, 5512, 137801483, 137803721, 1483, 3721
2, 5513, 137826483, 137828721, 1483, 3721
2, 5514, 137851483, 137853721, 1483, 3721
2, 5515, 137876483, 137878721, 1483, 3721
2, 5516, 137901483, 137906502, 1483, 6502
2, 5517, 137926483, 137928721, 1483, 3721
2, 5518, 137951483, 137953721, 1483, 3721
2, 5519, 137976483, 137978721, 1483, 3721
2, 552, 13801483, 13803721, 1483, 3721
2, 5520, 138001483, 138004013, 1483, 4013
2, 5521, 138026483, 138028721, 1483, 3721
2, 5522, 138051483, 138053721, 1483, 3721
2, 5523, 138076483, 138079013, 1483, 4013
2, 5524, 138101483, 138103721, 1483, 3721
2, 5525, 138126483, 138128721, 1483, 3721
2, 5526, 138151483, 138153721, 1483, 3721
2, 5527, 138176483, 138178721, 1483, 3721
2, 5528, 138201483, 138203721, 1483, 3721
2, 5529, 138226483, 138228721, 1483, 3721
2, 553, 13826483, 13828721, 1483, 3721
2, 5530, 138251483, 138256502, 1483, 6502
2, 5531, 138276483, 138278721, 1483, 3721
2, 5532, 138301483, 138303721, 1483, 3721
2, 5533, 138326483, 138344391, 1483, 19391
2, 5534, 138351483, 138353721, 1483, 3721
2, 5535, 138376483, 138378721, 1483, 3721
2, 5536, 138401483, 138403721, 1483, 3721
2, 5537, 138426483, 138428721, 1483, 3721
2, 5538, 138451483, 138453721, 1483, 3721
2, 5539, 138476483, 138478721, 1483, 3721
2, 554, 13851483, 13853721, 1483, 3721
2, 5540, 138501483, 138503721, 1483, 3721
2, 5541, 138526483, 138528721, 1483, 3721
2, 5542, 138551483, 138553721, 1483, 3721
2, 5543, 138576483, 138578721, 1483, 3721
2, 5544, 138601483, 138607266, 1483, 7266
2, 5545, 138626483, 138628721, 1483, 3721
2, 5546, 138651483, 138653721, 1483, 3721
2, 5547, 138676483, 138678721, 1483, 3721
2, 5548, 138701483, 138703721, 1483, 3721
2, 5549, 138726483, 138728721, 1483, 3721
2, 555, 13876483, 13878721, 1483, 3721
2, 5550, 138751483, 138753721, 1483, 3721
2, 5551, 138776483, 138778721, 1483, 3721
2, 5552, 138801483, 138805619, 1483, 5619
2, 5553, 138826483, 138828721, 1483, 3721
2, 5554, 138851483, 138853721, 1483, 3721
2, 5555, 138876483, 138878721, 1483, 3721
2, 5556, 138901483, 138903721, 1483, 3721
2, 5557, 138926483, 138928721, 1483, 3721
2, 5558, 138951483, 138956502, 1483, 6502
2, 5559, 138976483, 138978721, 1483, 3721
2, 556, 13901483, 13903721, 1483, 3721
2, 5560, 139001483, 139003721, 1483, 3721
2, 5561, 139026483, 139028721, 1483, 3721
2, 5562, 139051483, 139053721, 1483, 3721
2, 5563, 139076483, 139078721, 1483, 3721
2, 5564, 139101483, 139103721, 1483, 3721
2, 5565, 139126483, 139129783, 1483, 4783
2, 5566, 139151483, 139153721, 1483, 3721
2, 5567, 139176483, 139178721, 1483, 3721
2, 5568, 139201483, 139205325, 1483, 5325
2, 5569, 139226483, 139228721, 1483, 3721
2, 557, 13926483, 13928721, 1483, 3721
2, 5570, 139251483, 139253721, 1483, 3721
2, 5571, 139276483, 139278721, 1483, 3721
2, 5572, 139301483, 139306502, 1483, 6502
2, 5573, 139326483, 139328721, 1483, 3721
2, 5574, 139351483, 139353721, 1483, 3721
2, 5575, 139376483, 139378811, 1483, 3811
2, 5576, 139401483, 139403721, 1483, 3721
2, 5577, 139426483, 139428721, 1483, 3721
2, 5578, 139451483, 139453721, 1483, 3721
2, 5579, 139476483, 139478721, 1483, 3721
2, 558, 13951483, 13953721, 1483, 3721
2, 5580, 139501483, 139503721, 1483, 3721
2, 5581, 139526483, 139528721, 1483, 3721
2, 5582, 139551483, 139553721, 1483, 3721
2, 5583, 139576483, 139578721, 1483, 3721
2, 5584, 139601483, 139603721, 1483, 3721
2, 5585, 139626483, 139628721, 1483, 3721
2, 5586, 139651483, 139658606, 1483, 8606
2, 5587, 139676483, 139678721, 1483, 3721
2, 5588, 139701483, 139703721, 1483, 3721
2, 5589, 139726483, 139731059, 1483, 6059
2, 559, 13976483, 13978721, 1483, 3721
2, 5590, 139751483, 139753721, 1483, 3721
2, 5591, 139776483, 139778721, 1483, 3721
2, 5592, 139801483, 139803721, 1483, 3721
2, 5593, 139826483, 139828721, 1483, 3721
2, 5594, 139851483, 139853721, 1483, 3721
2, 5595, 139876483, 139878721, 1483, 3721
2, 5596, 139901483, 139903721, 1483, 3721
2, 5597, 139926483, 139928721, 1483, 3721
2, 5598, 139951483, 139953721, 1483, 3721
2, 5599, 139976483, 139978721, 1483, 3721
2, 56, 1401483, 1406974, 1483, 6974
2, 560, 14001483, 14011166, 1483, 11166
2, 5600, 140001483, 140011166, 1483, 11166
2, 5601, 140026483, 140028721, 1483, 3721
2, 5602, 140051483, 140053721, 1483, 3721
2, 5603, 140076483, 140078721, 1483, 3721
2, 5604, 140101483, 140103721, 1483, 3721
2, 5605, 140126483, 140128721, 1483, 3721
2, 5606, 140151483, 140153721, 1483, 3721
2, 5607, 140176483, 140179013, 1483, 4013
2, 5608, 140201483, 140203721, 1483, 3721
2, 5609, 140226483, 140228721, 1483, 3721
2, 561, 14026483, 14028721, 1483, 3721
2, 5610, 140251483, 140253721, 1483, 3721
2, 5611, 140276483, 140278721, 1483, 3721
2, 5612, 140301483, 140303721, 1483, 3721
2, 5613, 140326483, 140328721, 1483, 3721
2, 5614, 140351483, 140356502, 1483, 6502
2, 5615, 140376483, 140378721, 1483, 3721
2, 5616, 140401483, 140404013, 1483, 4013
2, 5617, 140426483, 140428721, 1483, 3721
2, 5618, 140451483, 140453721, 1483, 3721
2, 5619, 140476483, 140478721, 1483, 3721
2, 562, 14051483, 14053721, 1483, 3721
2, 5620, 140501483, 140503721, 1483, 3721
2, 5621, 140526483, 140529491, 1483, 4491
2, 5622, 140551483, 140553721, 1483, 3721
2, 5623, 140576483, 140578721, 1483, 3721
2, 5624, 140601483, 140605179, 1483, 5179
2, 5625, 140626483, 140628721, 1483, 3721
2, 5626, 140651483, 140653721, 1483, 3721
2, 5627, 140676483, 140678721, 1483, 3721
2, 5628, 140701483, 140707857, 1483, 7857
2, 5629, 140726483, 140728721, 1483, 3721
2, 563, 14076483, 14078721, 1483, 3721
2, 5630, 140751483, 140753721, 1483, 3721
2, 5631, 140776483, 140778721, 1483, 3721
2, 5632, 140801483, 140803721, 1483, 3721
2, 5633, 140826483, 140828721, 1483, 3721
2, 5634, 140851483, 140853721, 1483, 3721
2, 5635, 140876483, 140878721, 1483, 3721
2, 5636, 140901483, 140903721, 1483, 3721
2, 5637, 140926483, 140928721, 1483, 3721
2, 5638, 140951483, 140953721, 1483, 3721
2, 5639, 140976483, 140978721, 1483, 3721
2, 564, 14101483, 14103721, 1483, 3721
2, 5640, 141001483, 141003721, 1483, 3721
2, 5641, 141026483, 141028721, 1483, 3721
2, 5642, 141051483, 141056502, 1483, 6502
2, 5643, 141076483, 141078721, 1483, 3721
2, 5644, 141101483, 141103721, 1483, 3721
2, 5645, 141126483, 141134482, 1483, 9482
2, 5646, 141151483, 141153721, 1483, 3721
2, 5647, 141176483, 141178721, 1483, 3721
2, 5648, 141201483, 141203721, 1483, 3721
2, 5649, 141226483, 141229013, 1483, 4013
2, 565, 14126483, 14128721, 1483, 3721
2, 5650, 141251483, 141253721, 1483, 3721
2, 5651, 141276483, 141278721, 1483, 3721
2, 5652, 141301483, 141303721, 1483, 3721
2, 5653, 141326483, 141328721, 1483, 3721
2, 5654, 141351483, 141353721, 1483, 3721
2, 5655, 141376483, 141378721, 1483, 3721
2, 5656, 141401483, 141406974, 1483, 6974
2, 5657, 141426483, 141428721, 1483, 3721
2, 5658, 141451483, 141453721, 1483, 3721
2, 5659, 141476483, 141478721, 1483, 3721
2, 566, 14151483, 14153721, 1483, 3721
2, 5660, 141501483, 141503721, 1483, 3721
2, 5661, 141526483, 141528721, 1483, 3721
2, 5662, 141551483, 141553721, 1483, 3721
2, 5663, 141576483, 141578721, 1483, 3721
2, 5664, 141601483, 141604013, 1483, 4013
2, 5665, 141626483, 141628721, 1483, 3721
2, 5666, 141651483, 141653721, 1483, 3721
2, 5667, 141676483, 141678721, 1483, 3721
2, 5668, 141701483, 141703721, 1483, 3721
2, 5669, 141726483, 141728721, 1483, 3721
2, 567, 14176483, 14179013, 1483, 4013
2, 5670, 141751483, 141756648, 1483, 6648
2, 5671, 141776483, 141778721, 1483, 3721
2, 5672, 141801483, 141803721, 1483, 3721
2, 5673, 141826483, 141828721, 1483, 3721
2, 5674, 141851483, 141853721, 1483, 3721
2, 5675, 141876483, 141878721, 1483, 3721
2, 5676, 141901483, 141903721, 1483, 3721
2, 5677, 141926483, 141929491, 1483, 4491
2, 5678, 141951483, 141953721, 1483, 3721
2, 5679, 141976483, 141978721, 1483, 3721
2, 568, 14201483, 14203721, 1483, 3721
2, 5680, 142001483, 142005179, 1483, 5179
2, 5681, 142026483, 142028721, 1483, 3721
2, 5682, 142051483, 142053721, 1483, 3721
2, 5683, 142076483, 142078721, 1483, 3721
2, 5684, 142101483, 142106502, 1483, 6502
2, 5685, 142126483, 142128721, 1483, 3721
2, 5686, 142151483, 142153721, 1483, 3721
2, 5687, 142176483, 142178721, 1483, 3721
2, 5688, 142201483, 142203721, 1483, 3721
2, 5689, 142226483, 142228721, 1483, 3721
2, 569, 14226483, 14228721, 1483, 3721
2, 5690, 142251483, 142253721, 1483, 3721
2, 5691, 142276483, 142279013, 1483, 4013
2, 5692, 142301483, 142303721, 1483, 3721
2, 5693, 142326483, 142328721, 1483, 3721
2, 5694, 142351483, 142353721, 1483, 3721
2, 5695, 142376483, 142378721, 1483, 3721
2, 5696, 142401483, 142403721, 1483, 3721
2, 5697, 142426483, 142428721, 1483, 3721
2, 5698, 142451483, 142456502, 1483, 6502
2, 5699, 142476483, 142478721, 1483, 3721
2, 57, 1426483, 1428721, 1483, 3721
2, 570, 14251483, 14254013, 1483, 4013
2, 5700, 142501483, 142503721, 1483, 3721
2, 5701, 142526483, 142530670, 1483, 5670
2, 5702, 142551483, 142553721, 1483, 3721
2, 5703, 142576483, 142578721, 1483, 3721
2, 5704, 142601483, 142603721, 1483, 3721
2, 5705, 142626483, 142628721, 1483, 3721
2, 5706, 142651483, 142653721, 1483, 3721
2, 5707, 142676483, 142678721, 1483, 3721
2, 5708, 142701483, 142703721, 1483, 3721
2, 5709, 142726483, 142728721, 1483, 3721
2, 571, 14276483, 14278721, 1483, 3721
2, 5710, 142751483, 142753721, 1483, 3721
2, 5711, 142776483, 142778721, 1483, 3721
2, 5712, 142801483, 142811312, 1483, 11312
2, 5713, 142826483, 142828721, 1483, 3721
2, 5714, 142851483, 142853721, 1483, 3721
2, 5715, 142876483, 142878721, 1483, 3721
2, 5716, 142901483, 142903721, 1483, 3721
2, 5717, 142926483, 142928721, 1483, 3721
2, 5718, 142951483, 142953721, 1483, 3721
2, 5719, 142976483, 142979491, 1483, 4491
2, 572, 14301483, 14303721, 1483, 3721
2, 5720, 143001483, 143003721, 1483, 3721
2, 5721, 143026483, 143028721, 1483, 3721
2, 5722, 143051483, 143053721, 1483, 3721
2, 5723, 143076483, 143078721, 1483, 3721
2, 5724, 143101483, 143103721, 1483, 3721
2, 5725, 143126483, 143128721, 1483, 3721
2, 5726, 143151483, 143156502, 1483, 6502
2, 5727, 143176483, 143178721, 1483, 3721
2, 5728, 143201483, 143203721, 1483, 3721
2, 5729, 143226483, 143228721, 1483, 3721
2, 573, 14326483, 14328721, 1483, 3721
2, 5730, 143251483, 143253721, 1483, 3721
2, 5731, 143276483, 143278721, 1483, 3721
2, 5732, 143301483, 143303721, 1483, 3721
2, 5733, 143326483, 143329783, 1483, 4783
2, 5734, 143351483, 143353721, 1483, 3721
2, 5735, 143376483, 143378721, 1483, 3721
2, 5736, 143401483, 143404013, 1483, 4013
2, 5737, 143426483, 143428721, 1483, 3721
2, 5738, 143451483, 143453721, 1483, 3721
2, 5739, 143476483, 143478721, 1483, 3721
2, 574, 14351483, 14357857, 1483, 7857
2, 5740, 143501483, 143506502, 1483, 6502
2, 5741, 143526483, 143528721, 1483, 3721
2, 5742, 143551483, 143553721, 1483, 3721
2, 5743, 143576483, 143578721, 1483, 3721
2, 5744, 143601483, 143603721, 1483, 3721
2, 5745, 143626483, 143628721, 1483, 3721
2, 5746, 143651483, 143653721, 1483, 3721
2, 5747, 143676483, 143678721, 1483, 3721
2, 5748, 143701483, 143703721, 1483, 3721
2, 5749, 143726483, 143728721, 1483, 3721
2, 575, 14376483, 14378721, 1483, 3721
2, 5750, 143751483, 143753721, 1483, 3721
2, 5751, 143776483, 143778721, 1483, 3721
2, 5752, 143801483, 143803721, 1483, 3721
2, 5753, 143826483, 143828721, 1483, 3721
2, 5754, 143851483, 143856648, 1483, 6648
2, 5755, 143876483, 143878721, 1483, 3721
2, 5756, 143901483, 143903721, 1483, 3721
2, 5757, 143926483, 143934482, 1483, 9482
2, 5758, 143951483, 143953721, 1483, 3721
2, 5759, 143976483, 143978721, 1483, 3721
2, 576, 14401483, 14404013, 1483, 4013
2, 5760, 144001483, 144004013, 1483, 4013
2, 5761, 144026483, 144029491, 1483, 4491
2, 5762, 144051483, 144053721, 1483, 3721
2, 5763, 144076483, 144078721, 1483, 3721
2, 5764, 144101483, 144103721, 1483, 3721
2, 5765, 144126483, 144128721, 1483, 3721
2, 5766, 144151483, 144153721, 1483, 3721
2, 5767, 144176483, 144178721, 1483, 3721
2, 5768, 144201483, 144206974, 1483, 6974
2, 5769, 144226483, 144228721, 1483, 3721
2, 577, 14426483, 14428721, 1483, 3721
2, 5770, 144251483, 144253721, 1483, 3721
2, 5771, 144276483, 144278721, 1483, 3721
2, 5772, 144301483, 144303721, 1483, 3721
2, 5773, 144326483, 144328721, 1483, 3721
2, 5774, 144351483, 144353721, 1483, 3721
2, 5775, 144376483, 144379013, 1483, 4013
2, 5776, 144401483, 144405619, 1483, 5619
2, 5777, 144426483, 144428721, 1483, 3721
2, 5778, 144451483, 144453721, 1483, 3721
2, 5779, 144476483, 144478721, 1483, 3721
2, 578, 14451483, 14453721, 1483, 3721
2, 5780, 144501483, 144503721, 1483, 3721
2, 5781, 144526483, 144528721, 1483, 3721
2, 5782, 144551483, 144556502, 1483, 6502
2, 5783, 144576483, 144578721, 1483, 3721
2, 5784, 144601483, 144603721, 1483, 3721
2, 5785, 144626483, 144628721, 1483, 3721
2, 5786, 144651483, 144653721, 1483, 3721
2, 5787, 144676483, 144678721, 1483, 3721
2, 5788, 144701483, 144703721, 1483, 3721
2, 5789, 144726483, 144729491, 1483, 4491
2, 579, 14476483, 14478721, 1483, 3721
2, 5790, 144751483, 144753721, 1483, 3721
2, 5791, 144776483, 144778721, 1483, 3721
2, 5792, 144801483, 144805179, 1483, 5179
2, 5793, 144826483, 144828721, 1483, 3721
2, 5794, 144851483, 144853721, 1483, 3721
2, 5795, 144876483, 144878721, 1483, 3721
2, 5796, 144901483, 144906648, 1483, 6648
2, 5797, 144926483, 144928721, 1483, 3721
2, 5798, 144951483, 144953721, 1483, 3721
2, 5799, 144976483, 144980640, 1483, 5640
2, 58, 1451483, 1453721, 1483, 3721
2, 580, 14501483, 14503721, 1483, 3721
2, 5800, 145001483, 145003721, 1483, 3721
2, 5801, 145026483, 145028721, 1483, 3721
2, 5802, 145051483, 145053721, 1483, 3721
2, 5803, 145076483, 145078721, 1483, 3721
2, 5804, 145101483, 145103721, 1483, 3721
2, 5805, 145126483, 145128721, 1483, 3721
2, 5806, 145151483, 145153721, 1483, 3721
2, 5807, 145176483, 145178721, 1483, 3721
2, 5808, 145201483, 145204013, 1483, 4013
2, 5809, 145226483, 145228721, 1483, 3721
2, 581, 14526483, 14529491, 1483, 4491
2, 5810, 145251483, 145256502, 1483, 6502
2, 5811, 145276483, 145278721, 1483, 3721
2, 5812, 145301483, 145303721, 1483, 3721
2, 5813, 145326483, 145330767, 1483, 5767
2, 5814, 145351483, 145353721, 1483, 3721
2, 5815, 145376483, 145378721, 1483, 3721
2, 5816, 145401483, 145403721, 1483, 3721
2, 5817, 145426483, 145429013, 1483, 4013
2, 5818, 145451483, 145453721, 1483, 3721
2, 5819, 145476483, 145478721, 1483, 3721
2, 582, 14551483, 14553721, 1483, 3721
2, 5820, 145501483, 145503721, 1483, 3721
2, 5821, 145526483, 145528721, 1483, 3721
2, 5822, 145551483, 145553721, 1483, 3721
2, 5823, 145576483, 145578721, 1483, 3721
2, 5824, 145601483, 145611312, 1483, 11312
2, 5825, 145626483, 145628721, 1483, 3721
2, 5826, 145651483, 145653721, 1483, 3721
2, 5827, 145676483, 145678721, 1483, 3721
2, 5828, 145701483, 145703721, 1483, 3721
2, 5829, 145726483, 145728721, 1483, 3721
2, 583, 14576483, 14578721, 1483, 3721
2, 5830, 145751483, 145753721, 1483, 3721
2, 5831, 145776483, 145778721, 1483, 3721
2, 5832, 145801483, 145803721, 1483, 3721
2, 5833, 145826483, 145828721, 1483, 3721
2, 5834, 145851483, 145853721, 1483, 3721
2, 5835, 145876483, 145878721, 1483, 3721
2, 5836, 145901483, 145903721, 1483, 3721
2, 5837, 145926483, 145928721, 1483, 3721
2, 5838, 145951483, 145956648, 1483, 6648
2, 5839, 145976483, 145978721, 1483, 3721
2, 584, 14601483, 14603721, 1483, 3721
2, 5840, 146001483, 146003721, 1483, 3721
2, 5841, 146026483, 146029103, 1483, 4103
2, 5842, 146051483, 146053721, 1483, 3721
2, 5843, 146076483, 146078721, 1483, 3721
2, 5844, 146101483, 146103721, 1483, 3721
2, 5845, 146126483, 146129491, 1483, 4491
2, 5846, 146151483, 146153721, 1483, 3721
2, 5847, 146176483, 146178721, 1483, 3721
2, 5848, 146201483, 146203721, 1483, 3721
2, 5849, 146226483, 146228721, 1483, 3721
2, 585, 14626483, 14628721, 1483, 3721
2, 5850, 146251483, 146253721, 1483, 3721
2, 5851, 146276483, 146278721, 1483, 3721
2, 5852, 146301483, 146306974, 1483, 6974
2, 5853, 146326483, 146328721, 1483, 3721
2, 5854, 146351483, 146353721, 1483, 3721
2, 5855, 146376483, 146378721, 1483, 3721
2, 5856, 146401483, 146405824, 1483, 5824
2, 5857, 146426483, 146428721, 1483, 3721
2, 5858, 146451483, 146453721, 1483, 3721
2, 5859, 146476483, 146479013, 1483, 4013
2, 586, 14651483, 14653721, 1483, 3721
2, 5860, 146501483, 146503721, 1483, 3721
2, 5861, 146526483, 146528721, 1483, 3721
2, 5862, 146551483, 146553721, 1483, 3721
2, 5863, 146576483, 146578721, 1483, 3721
2, 5864, 146601483, 146603721, 1483, 3721
2, 5865, 146626483, 146628721, 1483, 3721
2, 5866, 146651483, 146656502, 1483, 6502
2, 5867, 146676483, 146678721, 1483, 3721
2, 5868, 146701483, 146703721, 1483, 3721
2, 5869, 146726483, 146732219, 1483, 7219
2, 587, 14676483, 14678721, 1483, 3721
2, 5870, 146751483, 146753721, 1483, 3721
2, 5871, 146776483, 146778721, 1483, 3721
2, 5872, 146801483, 146803721, 1483, 3721
2, 5873, 146826483, 146828721, 1483, 3721
2, 5874, 146851483, 146853721, 1483, 3721
2, 5875, 146876483, 146878721, 1483, 3721
2, 5876, 146901483, 146903721, 1483, 3721
2, 5877, 146926483, 146928721, 1483, 3721
2, 5878, 146951483, 146953721, 1483, 3721
2, 5879, 146976483, 146978721, 1483, 3721
2, 588, 14701483, 14706648, 1483, 6648
2, 5880, 147001483, 147007266, 1483, 7266
2, 5881, 147026483, 147028721, 1483, 3721
2, 5882, 147051483, 147053721, 1483, 3721
2, 5883, 147076483, 147078721, 1483, 3721
2, 5884, 147101483, 147103721, 1483, 3721
2, 5885, 147126483, 147128721, 1483, 3721
2, 5886, 147151483, 147153721, 1483, 3721
2, 5887, 147176483, 147178721, 1483, 3721
2, 5888, 147201483, 147203721, 1483, 3721
2, 5889, 147226483, 147228721, 1483, 3721
2, 589, 14726483, 14728721, 1483, 3721
2, 5890, 147251483, 147253721, 1483, 3721
2, 5891, 147276483, 147278721, 1483, 3721
2, 5892, 147301483, 147303721, 1483, 3721
2, 5893, 147326483, 147328721, 1483, 3721
2, 5894, 147351483, 147357711, 1483, 7711
2, 5895, 147376483, 147378721, 1483, 3721
2, 5896, 147401483, 147403721, 1483, 3721
2, 5897, 147426483, 147428721, 1483, 3721
2, 5898, 147451483, 147453721, 1483, 3721
2, 5899, 147476483, 147478721, 1483, 3721
2, 59, 1476483, 1478721, 1483, 3721
2, 590, 14751483, 14753721, 1483, 3721
2, 5900, 147501483, 147503721, 1483, 3721
2, 5901, 147526483, 147529783, 1483, 4783
2, 5902, 147551483, 147553721, 1483, 3721
2, 5903, 147576483, 147578721, 1483, 3721
2, 5904, 147601483, 147605325, 1483, 5325
2, 5905, 147626483, 147628721, 1483, 3721
2, 5906, 147651483, 147653721, 1483, 3721
2, 5907, 147676483, 147678721, 1483, 3721
2, 5908, 147701483, 147706502, 1483, 6502
2, 5909, 147726483, 147728721, 1483, 3721
2, 591, 14776483, 14778721, 1483, 3721
2, 5910, 147751483, 147753721, 1483, 3721
2, 5911, 147776483, 147778721, 1483, 3721
2, 5912, 147801483, 147803721, 1483, 3721
2, 5913, 147826483, 147828721, 1483, 3721
2, 5914, 147851483, 147853721, 1483, 3721
2, 5915, 147876483, 147878721, 1483, 3721
2, 5916, 147901483, 147903721, 1483, 3721
2, 5917, 147926483, 147928721, 1483, 3721
2, 5918, 147951483, 147953721, 1483, 3721
2, 5919, 147976483, 147978721, 1483, 3721
2, 592, 14801483, 14803721, 1483, 3721
2, 5920, 148001483, 148003721, 1483, 3721
2, 5921, 148026483, 148028721, 1483, 3721
2, 5922, 148051483, 148056648, 1483, 6648
2, 5923, 148076483, 148078721, 1483, 3721
2, 5924, 148101483, 148103721, 1483, 3721
2, 5925, 148126483, 148131059, 1483, 6059
2, 5926, 148151483, 148153721, 1483, 3721
2, 5927, 148176483, 148178721, 1483, 3721
2, 5928, 148201483, 148204013, 1483, 4013
2, 5929, 148226483, 148228721, 1483, 3721
2, 593, 14826483, 14828721, 1483, 3721
2, 5930, 148251483, 148253721, 1483, 3721
2, 5931, 148276483, 148278721, 1483, 3721
2, 5932, 148301483, 148303721, 1483, 3721
2, 5933, 148326483, 148328721, 1483, 3721
2, 5934, 148351483, 148353721, 1483, 3721
2, 5935, 148376483, 148378721, 1483, 3721
2, 5936, 148401483, 148411166, 1483, 11166
2, 5937, 148426483, 148428721, 1483, 3721
2, 5938, 148451483, 148453721, 1483, 3721
2, 5939, 148476483, 148478721, 1483, 3721
2, 594, 14851483, 14853721, 1483, 3721
2, 5940, 148501483, 148503721, 1483, 3721
2, 5941, 148526483, 148528721, 1483, 3721
2, 5942, 148551483, 148553721, 1483, 3721
2, 5943, 148576483, 148579013, 1483, 4013
2, 5944, 148601483, 148603721, 1483, 3721
2, 5945, 148626483, 148628721, 1483, 3721
2, 5946, 148651483, 148653721, 1483, 3721
2, 5947, 148676483, 148678721, 1483, 3721
2, 5948, 148701483, 148703721, 1483, 3721
2, 5949, 148726483, 148728721, 1483, 3721
2, 595, 14876483, 14878721, 1483, 3721
2, 5950, 148751483, 148756502, 1483, 6502
2, 5951, 148776483, 148778721, 1483, 3721
2, 5952, 148801483, 148804013, 1483, 4013
2, 5953, 148826483, 148828721, 1483, 3721
2, 5954, 148851483, 148853721, 1483, 3721
2, 5955, 148876483, 148878721, 1483, 3721
2, 5956, 148901483, 148903721, 1483, 3721
2, 5957, 148926483, 148929491, 1483, 4491
2, 5958, 148951483, 148953721, 1483, 3721
2, 5959, 148976483, 148978721, 1483, 3721
2, 596, 14901483, 14903721, 1483, 3721
2, 5960, 149001483, 149003721, 1483, 3721
2, 5961, 149026483, 149028721, 1483, 3721
2, 5962, 149051483, 149053721, 1483, 3721
2, 5963, 149076483, 149078721, 1483, 3721
2, 5964, 149101483, 149106648, 1483, 6648
2, 5965, 149126483, 149128721, 1483, 3721
2, 5966, 149151483, 149153721, 1483, 3721
2, 5967, 149176483, 149178721, 1483, 3721
2, 5968, 149201483, 149203721, 1483, 3721
2, 5969, 149226483, 149228721, 1483, 3721
2, 597, 14926483, 14928721, 1483, 3721
2, 5970, 149251483, 149253721, 1483, 3721
2, 5971, 149276483, 149278721, 1483, 3721
2, 5972, 149301483, 149303721, 1483, 3721
2, 5973, 149326483, 149328721, 1483, 3721
2, 5974, 149351483, 149353721, 1483, 3721
2, 5975, 149376483, 149378721, 1483, 3721
2, 5976, 149401483, 149403721, 1483, 3721
2, 5977, 149426483, 149428721, 1483, 3721
2, 5978, 149451483, 149456502, 1483, 6502
2, 5979, 149476483, 149478721, 1483, 3721
2, 598, 14951483, 14953721, 1483, 3721
2, 5980, 149501483, 149503721, 1483, 3721
2, 5981, 149526483, 149534482, 1483, 9482
2, 5982, 149551483, 149553721, 1483, 3721
2, 5983, 149576483, 149578721, 1483, 3721
2, 5984, 149601483, 149603721, 1483, 3721
2, 5985, 149626483, 149629783, 1483, 4783
2, 5986, 149651483, 149653721, 1483, 3721
2, 5987, 149676483, 149678721, 1483, 3721
2, 5988, 149701483, 149703721, 1483, 3721
2, 5989, 149726483, 149728721, 1483, 3721
2, 599, 14976483, 14978721, 1483, 3721
2, 5990, 149751483, 149753721, 1483, 3721
2, 5991, 149776483, 149778721, 1483, 3721
2, 5992, 149801483, 149806974, 1483, 6974
2, 5993, 149826483, 149828721, 1483, 3721
2, 5994, 149851483, 149853721, 1483, 3721
2, 5995, 149876483, 149878721, 1483, 3721
2, 5996, 149901483, 149903721, 1483, 3721
2, 5997, 149926483, 149928721, 1483, 3721
2, 5998, 149951483, 149953721, 1483, 3721
2, 5999, 149976483, 149978721, 1483, 3721
2, 6, 151483, 153721, 1483, 3721
2, 60, 1501483, 1503721, 1483, 3721
2, 600, 15001483, 15003721, 1483, 3721
2, 6000, 150001483, 150004013, 1483, 4013
2, 6001, 150026483, 150028721, 1483, 3721
2, 6002, 150051483, 150053721, 1483, 3721
2, 6003, 150076483, 150078721, 1483, 3721
2, 6004, 150101483, 150103721, 1483, 3721
2, 6005, 150126483, 150128721, 1483, 3721
2, 6006, 150151483, 150156648, 1483, 6648
2, 6007, 150176483, 150178721, 1483, 3721
2, 6008, 150201483, 150203721, 1483, 3721
2, 6009, 150226483, 150228721, 1483, 3721
2, 601, 15026483, 15028721, 1483, 3721
2, 6010, 150251483, 150253721, 1483, 3721
2, 6011, 150276483, 150278721, 1483, 3721
2, 6012, 150301483, 150303721, 1483, 3721
2, 6013, 150326483, 150329491, 1483, 4491
2, 6014, 150351483, 150353721, 1483, 3721
2, 6015, 150376483, 150378721, 1483, 3721
2, 6016, 150401483, 150405179, 1483, 5179
2, 6017, 150426483, 150428721, 1483, 3721
2, 6018, 150451483, 150453721, 1483, 3721
2, 6019, 150476483, 150478721, 1483, 3721
2, 602, 15051483, 15056502, 1483, 6502
2, 6020, 150501483, 150506502, 1483, 6502
2, 6021, 150526483, 150528721, 1483, 3721
2, 6022, 150551483, 150553721, 1483, 3721
2, 6023, 150576483, 150578721, 1483, 3721
2, 6024, 150601483, 150603721, 1483, 3721
2, 6025, 150626483, 150628721, 1483, 3721
2, 6026, 150651483, 150653721, 1483, 3721
2, 6027, 150676483, 150679783, 1483, 4783
2, 6028, 150701483, 150703721, 1483, 3721
2, 6029, 150726483, 150728721, 1483, 3721
2, 603, 15076483, 15078721, 1483, 3721
2, 6030, 150751483, 150753721, 1483, 3721
2, 6031, 150776483, 150778721, 1483, 3721
2, 6032, 150801483, 150803721, 1483, 3721
2, 6033, 150826483, 150828721, 1483, 3721
2, 6034, 150851483, 150856502, 1483, 6502
2, 6035, 150876483, 150878721, 1483, 3721
2, 6036, 150901483, 150903721, 1483, 3721
2, 6037, 150926483, 150930670, 1483, 5670
2, 6038, 150951483, 150953721, 1483, 3721
2, 6039, 150976483, 150978721, 1483, 3721
2, 604, 15101483, 15103721, 1483, 3721
2, 6040, 151001483, 151003721, 1483, 3721
2, 6041, 151026483, 151028721, 1483, 3721
2, 6042, 151051483, 151053721, 1483, 3721
2, 6043, 151076483, 151078721, 1483, 3721
2, 6044, 151101483, 151103721, 1483, 3721
2, 6045, 151126483, 151128721, 1483, 3721
2, 6046, 151151483, 151153721, 1483, 3721
2, 6047, 151176483, 151178721, 1483, 3721
2, 6048, 151201483, 151211312, 1483, 11312
2, 6049, 151226483, 151228721, 1483, 3721
2, 605, 15126483, 15134482, 1483, 9482
2, 6050, 151251483, 151253721, 1483, 3721
2, 6051, 151276483, 151278721, 1483, 3721
2, 6052, 151301483, 151303721, 1483, 3721
2, 6053, 151326483, 151328721, 1483, 3721
2, 6054, 151351483, 151353721, 1483, 3721
2, 6055, 151376483, 151378721, 1483, 3721
2, 6056, 151401483, 151403721, 1483, 3721
2, 6057, 151426483, 151428721, 1483, 3721
2, 6058, 151451483, 151453721, 1483, 3721
2, 6059, 151476483, 151478721, 1483, 3721
2, 606, 15151483, 15153721, 1483, 3721
2, 6060, 151501483, 151503721, 1483, 3721
2, 6061, 151526483, 151528721, 1483, 3721
2, 6062, 151551483, 151556502, 1483, 6502
2, 6063, 151576483, 151578721, 1483, 3721
2, 6064, 151601483, 151603721, 1483, 3721
2, 6065, 151626483, 151630348, 1483, 5348
2, 6066, 151651483, 151653721, 1483, 3721
2, 6067, 151676483, 151678721, 1483, 3721
2, 6068, 151701483, 151703721, 1483, 3721
2, 6069, 151726483, 151729783, 1483, 4783
2, 607, 15176483, 15178721, 1483, 3721
2, 6070, 151751483, 151753721, 1483, 3721
2, 6071, 151776483, 151778721, 1483, 3721
2, 6072, 151801483, 151804013, 1483, 4013
2, 6073, 151826483, 151828721, 1483, 3721
2, 6074, 151851483, 151853721, 1483, 3721
2, 6075, 151876483, 151878721, 1483, 3721
2, 6076, 151901483, 151906502, 1483, 6502
2, 6077, 151926483, 151928721, 1483, 3721
2, 6078, 151951483, 151953721, 1483, 3721
2, 6079, 151976483, 151978721, 1483, 3721
2, 608, 15201483, 15205619, 1483, 5619
2, 6080, 152001483, 152005619, 1483, 5619
2, 6081, 152026483, 152028721, 1483, 3721
2, 6082, 152051483, 152053721, 1483, 3721
2, 6083, 152076483, 152078721, 1483, 3721
2, 6084, 152101483, 152103721, 1483, 3721
2, 6085, 152126483, 152128721, 1483, 3721
2, 6086, 152151483, 152153721, 1483, 3721
2, 6087, 152176483, 152178721, 1483, 3721
2, 6088, 152201483, 152203721, 1483, 3721
2, 6089, 152226483, 152228721, 1483, 3721
2, 609, 15226483, 15229013, 1483, 4013
2, 6090, 152251483, 152256648, 1483, 6648
2, 6091, 152276483, 152278721, 1483, 3721
2, 6092, 152301483, 152303721, 1483, 3721
2, 6093, 152326483, 152334482, 1483, 9482
2, 6094, 152351483, 152353721, 1483, 3721
2, 6095, 152376483, 152378721, 1483, 3721
2, 6096, 152401483, 152404013, 1483, 4013
2, 6097, 152426483, 152428721, 1483, 3721
2, 6098, 152451483, 152453721, 1483, 3721
2, 6099, 152476483, 152478721, 1483, 3721
2, 61, 1526483, 1528721, 1483, 3721
2, 610, 15251483, 15253721, 1483, 3721
2, 6100, 152501483, 152503721, 1483, 3721
2, 6101, 152526483, 152528721, 1483, 3721
2, 6102, 152551483, 152553721, 1483, 3721
2, 6103, 152576483, 152578721, 1483, 3721
2, 6104, 152601483, 152606974, 1483, 6974
2, 6105, 152626483, 152628721, 1483, 3721
2, 6106, 152651483, 152653721, 1483, 3721
2, 6107, 152676483, 152679342, 1483, 4342
2, 6108, 152701483, 152703721, 1483, 3721
2, 6109, 152726483, 152728721, 1483, 3721
2, 611, 15276483, 15278721, 1483, 3721
2, 6110, 152751483, 152753721, 1483, 3721
2, 6111, 152776483, 152779013, 1483, 4013
2, 6112, 152801483, 152803721, 1483, 3721
2, 6113, 152826483, 152828721, 1483, 3721
2, 6114, 152851483, 152853721, 1483, 3721
2, 6115, 152876483, 152878721, 1483, 3721
2, 6116, 152901483, 152903721, 1483, 3721
2, 6117, 152926483, 152928721, 1483, 3721
2, 6118, 152951483, 152956974, 1483, 6974
2, 6119, 152976483, 152978721, 1483, 3721
2, 612, 15301483, 15304013, 1483, 4013
2, 6120, 153001483, 153003721, 1483, 3721
2, 6121, 153026483, 153028721, 1483, 3721
2, 6122, 153051483, 153053721, 1483, 3721
2, 6123, 153076483, 153078721, 1483, 3721
2, 6124, 153101483, 153103721, 1483, 3721
2, 6125, 153126483, 153129491, 1483, 4491
2, 6126, 153151483, 153153721, 1483, 3721
2, 6127, 153176483, 153178721, 1483, 3721
2, 6128, 153201483, 153205179, 1483, 5179
2, 6129, 153226483, 153228721, 1483, 3721
2, 613, 15326483, 15328721, 1483, 3721
2, 6130, 153251483, 153253721, 1483, 3721
2, 6131, 153276483, 153278721, 1483, 3721
2, 6132, 153301483, 153306648, 1483, 6648
2, 6133, 153326483, 153328721, 1483, 3721
2, 6134, 153351483, 153353721, 1483, 3721
2, 6135, 153376483, 153378721, 1483, 3721
2, 6136, 153401483, 153403721, 1483, 3721
2, 6137, 153426483, 153428721, 1483, 3721
2, 6138, 153451483, 153453721, 1483, 3721
2, 6139, 153476483, 153478721, 1483, 3721
2, 614, 15351483, 15353721, 1483, 3721
2, 6140, 153501483, 153503721, 1483, 3721
2, 6141, 153526483, 153529013, 1483, 4013
2, 6142, 153551483, 153553721, 1483, 3721
2, 6143, 153576483, 153578721, 1483, 3721
2, 6144, 153601483, 153604013, 1483, 4013
2, 6145, 153626483, 153628721, 1483, 3721
2, 6146, 153651483, 153656502, 1483, 6502
2, 6147, 153676483, 153678721, 1483, 3721
2, 6148, 153701483, 153703721, 1483, 3721
2, 6149, 153726483, 153730767, 1483, 5767
2, 615, 15376483, 15378721, 1483, 3721
2, 6150, 153751483, 153753721, 1483, 3721
2, 6151, 153776483, 153778721, 1483, 3721
2, 6152, 153801483, 153803721, 1483, 3721
2, 6153, 153826483, 153829013, 1483, 4013
2, 6154, 153851483, 153853721, 1483, 3721
2, 6155, 153876483, 153878721, 1483, 3721
2, 6156, 153901483, 153904013, 1483, 4013
2, 6157, 153926483, 153928721, 1483, 3721
2, 6158, 153951483, 153953721, 1483, 3721
2, 6159, 153976483, 153978721, 1483, 3721
2, 616, 15401483, 15406974, 1483, 6974
2, 6160, 154001483, 154011312, 1483, 11312
2, 6161, 154026483, 154028721, 1483, 3721
2, 6162, 154051483, 154053721, 1483, 3721
2, 6163, 154076483, 154078721, 1483, 3721
2, 6164, 154101483, 154103721, 1483, 3721
2, 6165, 154126483, 154128721, 1483, 3721
2, 6166, 154151483, 154153721, 1483, 3721
2, 6167, 154176483, 154178721, 1483, 3721
2, 6168, 154201483, 154203721, 1483, 3721
2, 6169, 154226483, 154228721, 1483, 3721
2, 617, 15426483, 15428721, 1483, 3721
2, 6170, 154251483, 154253721, 1483, 3721
2, 6171, 154276483, 154278721, 1483, 3721
2, 6172, 154301483, 154303721, 1483, 3721
2, 6173, 154326483, 154328721, 1483, 3721
2, 6174, 154351483, 154356648, 1483, 6648
2, 6175, 154376483, 154378721, 1483, 3721
2, 6176, 154401483, 154403721, 1483, 3721
2, 6177, 154426483, 154428721, 1483, 3721
2, 6178, 154451483, 154453721, 1483, 3721
2, 6179, 154476483, 154478721, 1483, 3721
2, 618, 15451483, 15453721, 1483, 3721
2, 6180, 154501483, 154503721, 1483, 3721
2, 6181, 154526483, 154529491, 1483, 4491
2, 6182, 154551483, 154553721, 1483, 3721
2, 6183, 154576483, 154578721, 1483, 3721
2, 6184, 154601483, 154603721, 1483, 3721
2, 6185, 154626483, 154628721, 1483, 3721
2, 6186, 154651483, 154653721, 1483, 3721
2, 6187, 154676483, 154678721, 1483, 3721
2, 6188, 154701483, 154706502, 1483, 6502
2, 6189, 154726483, 154728721, 1483, 3721
2, 619, 15476483, 15478721, 1483, 3721
2, 6190, 154751483, 154753721, 1483, 3721
2, 6191, 154776483, 154778721, 1483, 3721
2, 6192, 154801483, 154804013, 1483, 4013
2, 6193, 154826483, 154828721, 1483, 3721
2, 6194, 154851483, 154853721, 1483, 3721
2, 6195, 154876483, 154879013, 1483, 4013
2, 6196, 154901483, 154903721, 1483, 3721
2, 6197, 154926483, 154928721, 1483, 3721
2, 6198, 154951483, 154954013, 1483, 4013
2, 6199, 154976483, 154978721, 1483, 3721
2, 62, 1551483, 1553721, 1483, 3721
2, 620, 15501483, 15503721, 1483, 3721
2, 6200, 155001483, 155003721, 1483, 3721
2, 6201, 155026483, 155028721, 1483, 3721
2, 6202, 155051483, 155056502, 1483, 6502
2, 6203, 155076483, 155078721, 1483, 3721
2, 6204, 155101483, 155103721, 1483, 3721
2, 6205, 155126483, 155132219, 1483, 7219
2, 6206, 155151483, 155153721, 1483, 3721
2, 6207, 155176483, 155178721, 1483, 3721
2, 6208, 155201483, 155203721, 1483, 3721
2, 6209, 155226483, 155228721, 1483, 3721
2, 621, 15526483, 15528721, 1483, 3721
2, 6210, 155251483, 155253721, 1483, 3721
2, 6211, 155276483, 155278721, 1483, 3721
2, 6212, 155301483, 155303721, 1483, 3721
2, 6213, 155326483, 155328721, 1483, 3721
2, 6214, 155351483, 155353721, 1483, 3721
2, 6215, 155376483, 155378721, 1483, 3721
2, 6216, 155401483, 155407266, 1483, 7266
2, 6217, 155426483, 155428721, 1483, 3721
2, 6218, 155451483, 155453721, 1483, 3721
2, 6219, 155476483, 155478721, 1483, 3721
2, 622, 15551483, 15553721, 1483, 3721
2, 6220, 155501483, 155503721, 1483, 3721
2, 6221, 155526483, 155528721, 1483, 3721
2, 6222, 155551483, 155553721, 1483, 3721
2, 6223, 155576483, 155578721, 1483, 3721
2, 6224, 155601483, 155603721, 1483, 3721
2, 6225, 155626483, 155628721, 1483, 3721
2, 6226, 155651483, 155653721, 1483, 3721
2, 6227, 155676483, 155678721, 1483, 3721
2, 6228, 155701483, 155703721, 1483, 3721
2, 6229, 155726483, 155728721, 1483, 3721
2, 623, 15576483, 15578721, 1483, 3721
2, 6230, 155751483, 155756502, 1483, 6502
2, 6231, 155776483, 155778721, 1483, 3721
2, 6232, 155801483, 155803721, 1483, 3721
2, 6233, 155826483, 155828721, 1483, 3721
2, 6234, 155851483, 155853721, 1483, 3721
2, 6235, 155876483, 155878721, 1483, 3721
2, 6236, 155901483, 155903721, 1483, 3721
2, 6237, 155926483, 155929783, 1483, 4783
2, 6238, 155951483, 155953721, 1483, 3721
2, 6239, 155976483, 155978721, 1483, 3721
2, 624, 15601483, 15604013, 1483, 4013
2, 6240, 156001483, 156005780, 1483, 5780
2, 6241, 156026483, 156028721, 1483, 3721
2, 6242, 156051483, 156053721, 1483, 3721
2, 6243, 156076483, 156078721, 1483, 3721
2, 6244, 156101483, 156106502, 1483, 6502
2, 6245, 156126483, 156128721, 1483, 3721
2, 6246, 156151483, 156153721, 1483, 3721
2, 6247, 156176483, 156178721, 1483, 3721
2, 6248, 156201483, 156203721, 1483, 3721
2, 6249, 156226483, 156228721, 1483, 3721
2, 625, 15626483, 15628721, 1483, 3721
2, 6250, 156251483, 156253721, 1483, 3721
2, 6251, 156276483, 156279491, 1483, 4491
2, 6252, 156301483, 156303721, 1483, 3721
2, 6253, 156326483, 156328721, 1483, 3721
2, 6254, 156351483, 156353721, 1483, 3721
2, 6255, 156376483, 156378721, 1483, 3721
2, 6256, 156401483, 156403721, 1483, 3721
2, 6257, 156426483, 156428721, 1483, 3721
2, 6258, 156451483, 156456648, 1483, 6648
2, 6259, 156476483, 156478721, 1483, 3721
2, 626, 15651483, 15653721, 1483, 3721
2, 6260, 156501483, 156503721, 1483, 3721
2, 6261, 156526483, 156531059, 1483, 6059
2, 6262, 156551483, 156553721, 1483, 3721
2, 6263, 156576483, 156578721, 1483, 3721
2, 6264, 156601483, 156603721, 1483, 3721
2, 6265, 156626483, 156628721, 1483, 3721
2, 6266, 156651483, 156653721, 1483, 3721
2, 6267, 156676483, 156678721, 1483, 3721
2, 6268, 156701483, 156703721, 1483, 3721
2, 6269, 156726483, 156728721, 1483, 3721
2, 627, 15676483, 15678721, 1483, 3721
2, 6270, 156751483, 156753721, 1483, 3721
2, 6271, 156776483, 156778721, 1483, 3721
2, 6272, 156801483, 156811166, 1483, 11166
2, 6273, 156826483, 156828721, 1483, 3721
2, 6274, 156851483, 156853721, 1483, 3721
2, 6275, 156876483, 156878721, 1483, 3721
2, 6276, 156901483, 156903721, 1483, 3721
2, 6277, 156926483, 156928721, 1483, 3721
2, 6278, 156951483, 156953721, 1483, 3721
2, 6279, 156976483, 156979013, 1483, 4013
2, 628, 15701483, 15703721, 1483, 3721
2, 6280, 157001483, 157003721, 1483, 3721
2, 6281, 157026483, 157028721, 1483, 3721
2, 6282, 157051483, 157053721, 1483, 3721
2, 6283, 157076483, 157078721, 1483, 3721
2, 6284, 157101483, 157103721, 1483, 3721
2, 6285, 157126483, 157128721, 1483, 3721
2, 6286, 157151483, 157156502, 1483, 6502
2, 6287, 157176483, 157178721, 1483, 3721
2, 6288, 157201483, 157204013, 1483, 4013
2, 6289, 157226483, 157228721, 1483, 3721
2, 629, 15726483, 15728721, 1483, 3721
2, 6290, 157251483, 157253721, 1483, 3721
2, 6291, 157276483, 157278721, 1483, 3721
2, 6292, 157301483, 157303721, 1483, 3721
2, 6293, 157326483, 157329894, 1483, 4894
2, 6294, 157351483, 157353721, 1483, 3721
2, 6295, 157376483, 157378721, 1483, 3721
2, 6296, 157401483, 157403721, 1483, 3721
2, 6297, 157426483, 157428721, 1483, 3721
2, 6298, 157451483, 157453721, 1483, 3721
2, 6299, 157476483, 157478721, 1483, 3721
2, 63, 1576483, 1579013, 1483, 4013
2, 630, 15751483, 15756648, 1483, 6648
2, 6300, 157501483, 157506648, 1483, 6648
2, 6301, 157526483, 157528721, 1483, 3721
2, 6302, 157551483, 157553721, 1483, 3721
2, 6303, 157576483, 157578721, 1483, 3721
2, 6304, 157601483, 157603721, 1483, 3721
2, 6305, 157626483, 157628721, 1483, 3721
2, 6306, 157651483, 157653721, 1483, 3721
2, 6307, 157676483, 157678721, 1483, 3721
2, 6308, 157701483, 157703721, 1483, 3721
2, 6309, 157726483, 157728721, 1483, 3721
2, 631, 15776483, 15778721, 1483, 3721
2, 6310, 157751483, 157753721, 1483, 3721
2, 6311, 157776483, 157778721, 1483, 3721
2, 6312, 157801483, 157804013, 1483, 4013
2, 6313, 157826483, 157828721, 1483, 3721
2, 6314, 157851483, 157856502, 1483, 6502
2, 6315, 157876483, 157878721, 1483, 3721
2, 6316, 157901483, 157903721, 1483, 3721
2, 6317, 157926483, 157934482, 1483, 9482
2, 6318, 157951483, 157953721, 1483, 3721
2, 6319, 157976483, 157978721, 1483, 3721
2, 632, 15801483, 15803721, 1483, 3721
2, 6320, 158001483, 158003721, 1483, 3721
2, 6321, 158026483, 158029013, 1483, 4013
2, 6322, 158051483, 158053721, 1483, 3721
2, 6323, 158076483, 158078721, 1483, 3721
2, 6324, 158101483, 158103721, 1483, 3721
2, 6325, 158126483, 158128721, 1483, 3721
2, 6326, 158151483, 158153721, 1483, 3721
2, 6327, 158176483, 158178721, 1483, 3721
2, 6328, 158201483, 158206974, 1483, 6974
2, 6329, 158226483, 158228721, 1483, 3721
2, 633, 15826483, 15828721, 1483, 3721
2, 6330, 158251483, 158253721, 1483, 3721
2, 6331, 158276483, 158280275, 1483, 5275
2, 6332, 158301483, 158303721, 1483, 3721
2, 6333, 158326483, 158328721, 1483, 3721
2, 6334, 158351483, 158353721, 1483, 3721
2, 6335, 158376483, 158378721, 1483, 3721
2, 6336, 158401483, 158404013, 1483, 4013
2, 6337, 158426483, 158428721, 1483, 3721
2, 6338, 158451483, 158453721, 1483, 3721
2, 6339, 158476483, 158478721, 1483, 3721
2, 634, 15851483, 15853721, 1483, 3721
2, 6340, 158501483, 158503721, 1483, 3721
2, 6341, 158526483, 158528721, 1483, 3721
2, 6342, 158551483, 158556648, 1483, 6648
2, 6343, 158576483, 158578721, 1483, 3721
2, 6344, 158601483, 158603721, 1483, 3721
2, 6345, 158626483, 158628721, 1483, 3721
2, 6346, 158651483, 158653721, 1483, 3721
2, 6347, 158676483, 158678721, 1483, 3721
2, 6348, 158701483, 158703721, 1483, 3721
2, 6349, 158726483, 158729491, 1483, 4491
2, 635, 15876483, 15878721, 1483, 3721
2, 6350, 158751483, 158753721, 1483, 3721
2, 6351, 158776483, 158778721, 1483, 3721
2, 6352, 158801483, 158805179, 1483, 5179
2, 6353, 158826483, 158828721, 1483, 3721
2, 6354, 158851483, 158853721, 1483, 3721
2, 6355, 158876483, 158878721, 1483, 3721
2, 6356, 158901483, 158906502, 1483, 6502
2, 6357, 158926483, 158928721, 1483, 3721
2, 6358, 158951483, 158953721, 1483, 3721
2, 6359, 158976483, 158978721, 1483, 3721
2, 636, 15901483, 15903721, 1483, 3721
2, 6360, 159001483, 159003721, 1483, 3721
2, 6361, 159026483, 159028721, 1483, 3721
2, 6362, 159051483, 159053721, 1483, 3721
2, 6363, 159076483, 159079013, 1483, 4013
2, 6364, 159101483, 159103721, 1483, 3721
2, 6365, 159126483, 159128721, 1483, 3721
2, 6366, 159151483, 159153721, 1483, 3721
2, 6367, 159176483, 159178721, 1483, 3721
2, 6368, 159201483, 159203721, 1483, 3721
2, 6369, 159226483, 159228721, 1483, 3721
2, 637, 15926483, 15929491, 1483, 4491
2, 6370, 159251483, 159256502, 1483, 6502
2, 6371, 159276483, 159278721, 1483, 3721
2, 6372, 159301483, 159303721, 1483, 3721
2, 6373, 159326483, 159331901, 1483, 6901
2, 6374, 159351483, 159353721, 1483, 3721
2, 6375, 159376483, 159378721, 1483, 3721
2, 6376, 159401483, 159403721, 1483, 3721
2, 6377, 159426483, 159428721, 1483, 3721
2, 6378, 159451483, 159453721, 1483, 3721
2, 6379, 159476483, 159478721, 1483, 3721
2, 638, 15951483, 15953721, 1483, 3721
2, 6380, 159501483, 159503721, 1483, 3721
2, 6381, 159526483, 159528721, 1483, 3721
2, 6382, 159551483, 159553721, 1483, 3721
2, 6383, 159576483, 159578721, 1483, 3721
2, 639, 15976483, 15978721, 1483, 3721
2, 64, 1601483, 1603721, 1483, 3721
2, 640, 16001483, 16005179, 1483, 5179
2, 641, 16026483, 16028721, 1483, 3721
2, 642, 16051483, 16053721, 1483, 3721
2, 643, 16076483, 16078721, 1483, 3721
2, 644, 16101483, 16106502, 1483, 6502
2, 645, 16126483, 16128721, 1483, 3721
2, 646, 16151483, 16153721, 1483, 3721
2, 647, 16176483, 16178721, 1483, 3721
2, 648, 16201483, 16203721, 1483, 3721
2, 649, 16226483, 16228721, 1483, 3721
2, 65, 1626483, 1628721, 1483, 3721
2, 650, 16251483, 16255485, 1483, 5485
2, 651, 16276483, 16279013, 1483, 4013
2, 652, 16301483, 16303721, 1483, 3721
2, 653, 16326483, 16328721, 1483, 3721
2, 654, 16351483, 16353721, 1483, 3721
2, 655, 16376483, 16378721, 1483, 3721
2, 656, 16401483, 16403721, 1483, 3721
2, 657, 16426483, 16428721, 1483, 3721
2, 658, 16451483, 16456502, 1483, 6502
2, 659, 16476483, 16478721, 1483, 3721
2, 66, 1651483, 1653721, 1483, 3721
2, 660, 16501483, 16503721, 1483, 3721
2, 661, 16526483, 16530670, 1483, 5670
2, 662, 16551483, 16553721, 1483, 3721
2, 663, 16576483, 16578721, 1483, 3721
2, 664, 16601483, 16603721, 1483, 3721
2, 665, 16626483, 16629491, 1483, 4491
2, 666, 16651483, 16653721, 1483, 3721
2, 667, 16676483, 16678721, 1483, 3721
2, 668, 16701483, 16703721, 1483, 3721
2, 669, 16726483, 16729013, 1483, 4013
2, 67, 1676483, 1678721, 1483, 3721
2, 670, 16751483, 16753721, 1483, 3721
2, 671, 16776483, 16778721, 1483, 3721
2, 672, 16801483, 16811312, 1483, 11312
2, 673, 16826483, 16828721, 1483, 3721
2, 674, 16851483, 16853721, 1483, 3721
2, 675, 16876483, 16878721, 1483, 3721
2, 676, 16901483, 16903721, 1483, 3721
2, 677, 16926483, 16928721, 1483, 3721
2, 678, 16951483, 16953721, 1483, 3721
2, 679, 16976483, 16978721, 1483, 3721
2, 68, 1701483, 1703721, 1483, 3721
2, 680, 17001483, 17003721, 1483, 3721
2, 681, 17026483, 17028721, 1483, 3721
2, 682, 17051483, 17053721, 1483, 3721
2, 683, 17076483, 17078721, 1483, 3721
2, 684, 17101483, 17103721, 1483, 3721
2, 685, 17126483, 17128721, 1483, 3721
2, 686, 17151483, 17156502, 1483, 6502
2, 687, 17176483, 17178721, 1483, 3721
2, 688, 17201483, 17205619, 1483, 5619
2, 689, 17226483, 17228721, 1483, 3721
2, 69, 1726483, 1728721, 1483, 3721
2, 690, 17251483, 17253721, 1483, 3721
2, 691, 17276483, 17278721, 1483, 3721
2, 692, 17301483, 17303721, 1483, 3721
2, 693, 17326483, 17329783, 1483, 4783
2, 694, 17351483, 17353721, 1483, 3721
2, 695, 17376483, 17378721, 1483, 3721
2, 696, 17401483, 17404013, 1483, 4013
2, 697, 17426483, 17428721, 1483, 3721
2, 698, 17451483, 17453721, 1483, 3721
2, 699, 17476483, 17478721, 1483, 3721
2, 7, 176483, 178721, 1483, 3721
2, 70, 1751483, 1756502, 1483, 6502
2, 700, 17501483, 17506502, 1483, 6502
2, 701, 17526483, 17528721, 1483, 3721
2, 702, 17551483, 17553721, 1483, 3721
2, 703, 17576483, 17578721, 1483, 3721
2, 704, 17601483, 17603721, 1483, 3721
2, 705, 17626483, 17628721, 1483, 3721
2, 706, 17651483, 17653721, 1483, 3721
2, 707, 17676483, 17679491, 1483, 4491
2, 708, 17701483, 17703721, 1483, 3721
2, 709, 17726483, 17728721, 1483, 3721
2, 71, 1776483, 1778721, 1483, 3721
2, 710, 17751483, 17753721, 1483, 3721
2, 711, 17776483, 17778721, 1483, 3721
2, 712, 17801483, 17803721, 1483, 3721
2, 713, 17826483, 17828721, 1483, 3721
2, 714, 17851483, 17856648, 1483, 6648
2, 715, 17876483, 17878721, 1483, 3721
2, 716, 17901483, 17903721, 1483, 3721
2, 717, 17926483, 17934482, 1483, 9482
2, 718, 17951483, 17953721, 1483, 3721
2, 719, 17976483, 17978721, 1483, 3721
2, 72, 1801483, 1803721, 1483, 3721
2, 720, 18001483, 18004013, 1483, 4013
2, 721, 18026483, 18028721, 1483, 3721
2, 722, 18051483, 18053721, 1483, 3721
2, 723, 18076483, 18078721, 1483, 3721
2, 724, 18101483, 18103721, 1483, 3721
2, 725, 18126483, 18128721, 1483, 3721
2, 726, 18151483, 18153721, 1483, 3721
2, 727, 18176483, 18178721, 1483, 3721
2, 728, 18201483, 18206974, 1483, 6974
2, 729, 18226483, 18228721, 1483, 3721
2, 73, 1826483, 1828721, 1483, 3721
2, 730, 18251483, 18253721, 1483, 3721
2, 731, 18276483, 18278721, 1483, 3721
2, 732, 18301483, 18303721, 1483, 3721
2, 733, 18326483, 18328721, 1483, 3721
2, 734, 18351483, 18353721, 1483, 3721
2, 735, 18376483, 18379013, 1483, 4013
2, 736, 18401483, 18403721, 1483, 3721
2, 737, 18426483, 18428721, 1483, 3721
2, 738, 18451483, 18453721, 1483, 3721
2, 739, 18476483, 18478721, 1483, 3721
2, 74, 1851483, 1853721, 1483, 3721
2, 740, 18501483, 18503721, 1483, 3721
2, 741, 18526483, 18528721, 1483, 3721
2, 742, 18551483, 18556502, 1483, 6502
2, 743, 18576483, 18578721, 1483, 3721
2, 744, 18601483, 18603721, 1483, 3721
2, 745, 18626483, 18630275, 1483, 5275
2, 746, 18651483, 18653721, 1483, 3721
2, 747, 18676483, 18678721, 1483, 3721
2, 748, 18701483, 18703721, 1483, 3721
2, 749, 18726483, 18729491, 1483, 4491
2, 75, 1876483, 1878721, 1483, 3721
2, 750, 18751483, 18753721, 1483, 3721
2, 751, 18776483, 18778721, 1483, 3721
2, 752, 18801483, 18805179, 1483, 5179
2, 753, 18826483, 18828721, 1483, 3721
2, 754, 18851483, 18853721, 1483, 3721
2, 755, 18876483, 18878721, 1483, 3721
2, 756, 18901483, 18906648, 1483, 6648
2, 757, 18926483, 18928721, 1483, 3721
2, 758, 18951483, 18953721, 1483, 3721
2, 759, 18976483, 18978721, 1483, 3721
2, 76, 1901483, 1903721, 1483, 3721
2, 760, 19001483, 19003721, 1483, 3721
2, 761, 19026483, 19028721, 1483, 3721
2, 762, 19051483, 19053721, 1483, 3721
2, 763, 19076483, 19078721, 1483, 3721
2, 764, 19101483, 19103721, 1483, 3721
2, 765, 19126483, 19128721, 1483, 3721
2, 766, 19151483, 19153721, 1483, 3721
2, 767, 19176483, 19178721, 1483, 3721
2, 768, 19201483, 19204013, 1483, 4013
2, 769, 19226483, 19228721, 1483, 3721
2, 77, 1926483, 1929491, 1483, 4491
2, 770, 19251483, 19256502, 1483, 6502
2, 771, 19276483, 19278721, 1483, 3721
2, 772, 19301483, 19303721, 1483, 3721
2, 773, 19326483, 19330767, 1483, 5767
2, 774, 19351483, 19353721, 1483, 3721
2, 775, 19376483, 19378721, 1483, 3721
2, 776, 19401483, 19403721, 1483, 3721
2, 777, 19426483, 19429013, 1483, 4013
2, 778, 19451483, 19453721, 1483, 3721
2, 779, 19476483, 19478721, 1483, 3721
2, 78, 1951483, 1953721, 1483, 3721
2, 780, 19501483, 19503721, 1483, 3721
2, 781, 19526483, 19528721, 1483, 3721
2, 782, 19551483, 19553721, 1483, 3721
2, 783, 19576483, 19578721, 1483, 3721
2, 784, 19601483, 19611312, 1483, 11312
2, 785, 19626483, 19628721, 1483, 3721
2, 786, 19651483, 19653721, 1483, 3721
2, 787, 19676483, 19678811, 1483, 3811
2, 788, 19701483, 19703721, 1483, 3721
2, 789, 19726483, 19728721, 1483, 3721
2, 79, 1976483, 1978721, 1483, 3721
2, 790, 19751483, 19753721, 1483, 3721
2, 791, 19776483, 19778721, 1483, 3721
2, 792, 19801483, 19803721, 1483, 3721
2, 793, 19826483, 19828721, 1483, 3721
2, 794, 19851483, 19853721, 1483, 3721
2, 795, 19876483, 19878721, 1483, 3721
2, 796, 19901483, 19903721, 1483, 3721
2, 797, 19926483, 19928721, 1483, 3721
2, 798, 19951483, 19958606, 1483, 8606
2, 799, 19976483, 19978721, 1483, 3721
2, 8, 201483, 203721, 1483, 3721
2, 80, 2001483, 2007205, 1483, 7205
2, 800, 20001483, 20003721, 1483, 3721
2, 801, 20026483, 20028721, 1483, 3721
2, 802, 20051483, 20053721, 1483, 3721
2, 803, 20076483, 20078721, 1483, 3721
2, 804, 20101483, 20103721, 1483, 3721
2, 805, 20126483, 20129491, 1483, 4491
2, 806, 20151483, 20153721, 1483, 3721
2, 807, 20176483, 20178721, 1483, 3721
2, 808, 20201483, 20203721, 1483, 3721
2, 809, 20226483, 20228721, 1483, 3721
2, 81, 2026483, 2028721, 1483, 3721
2, 810, 20251483, 20253721, 1483, 3721
2, 811, 20276483, 20278721, 1483, 3721
2, 812, 20301483, 20306502, 1483, 6502
2, 813, 20326483, 20328721, 1483, 3721
2, 814, 20351483, 20353721, 1483, 3721
2, 815, 20376483, 20378721, 1483, 3721
2, 816, 20401483, 20404013, 1483, 4013
2, 817, 20426483, 20428721, 1483, 3721
2, 818, 20451483, 20453721, 1483, 3721
2, 819, 20476483, 20479013, 1483, 4013
2, 82, 2051483, 2053721, 1483, 3721
2, 820, 20501483, 20503721, 1483, 3721
2, 821, 20526483, 20528721, 1483, 3721
2, 822, 20551483, 20553721, 1483, 3721
2, 823, 20576483, 20578721, 1483, 3721
2, 824, 20601483, 20603721, 1483, 3721
2, 825, 20626483, 20628721, 1483, 3721
2, 826, 20651483, 20656502, 1483, 6502
2, 827, 20676483, 20678721, 1483, 3721
2, 828, 20701483, 20703721, 1483, 3721
2, 829, 20726483, 20732219, 1483, 7219
2, 83, 2076483, 2078721, 1483, 3721
2, 830, 20751483, 20753721, 1483, 3721
2, 831, 20776483, 20778721, 1483, 3721
2, 832, 20801483, 20803721, 1483, 3721
2, 833, 20826483, 20828721, 1483, 3721
2, 834, 20851483, 20853721, 1483, 3721
2, 835, 20876483, 20878721, 1483, 3721
2, 836, 20901483, 20903721, 1483, 3721
2, 837, 20926483, 20928721, 1483, 3721
2, 838, 20951483, 20953721, 1483, 3721
2, 839, 20976483, 20978721, 1483, 3721
2, 84, 2101483, 2106648, 1483, 6648
2, 840, 21001483, 21007928, 1483, 7928
2, 841, 21026483, 21028721, 1483, 3721
2, 842, 21051483, 21053721, 1483, 3721
2, 843, 21076483, 21078721, 1483, 3721
2, 844, 21101483, 21103721, 1483, 3721
2, 845, 21126483, 21128721, 1483, 3721
2, 846, 21151483, 21153721, 1483, 3721
2, 847, 21176483, 21178721, 1483, 3721
2, 848, 21201483, 21203721, 1483, 3721
2, 849, 21226483, 21228721, 1483, 3721
2, 85, 2126483, 2128721, 1483, 3721
2, 850, 21251483, 21253721, 1483, 3721
2, 851, 21276483, 21278721, 1483, 3721
2, 852, 21301483, 21303721, 1483, 3721
2, 853, 21326483, 21328721, 1483, 3721
2, 854, 21351483, 21356502, 1483, 6502
2, 855, 21376483, 21378721, 1483, 3721
2, 856, 21401483, 21403721, 1483, 3721
2, 857, 21426483, 21428721, 1483, 3721
2, 858, 21451483, 21453721, 1483, 3721
2, 859, 21476483, 21478721, 1483, 3721
2, 86, 2151483, 2153721, 1483, 3721
2, 860, 21501483, 21503721, 1483, 3721
2, 861, 21526483, 21529783, 1483, 4783
2, 862, 21551483, 21553721, 1483, 3721
2, 863, 21576483, 21578721, 1483, 3721
2, 864, 21601483, 21605325, 1483, 5325
2, 865, 21626483, 21628721, 1483, 3721
2, 866, 21651483, 21653721, 1483, 3721
2, 867, 21676483, 21678721, 1483, 3721
2, 868, 21701483, 21706502, 1483, 6502
2, 869, 21726483, 21728721, 1483, 3721
2, 87, 2176483, 2178721, 1483, 3721
2, 870, 21751483, 21753721, 1483, 3721
2, 871, 21776483, 21778721, 1483, 3721
2, 872, 21801483, 21803721, 1483, 3721
2, 873, 21826483, 21828721, 1483, 3721
2, 874, 21851483, 21853721, 1483, 3721
2, 875, 21876483, 21878721, 1483, 3721
2, 876, 21901483, 21903721, 1483, 3721
2, 877, 21926483, 21928721, 1483, 3721
2, 878, 21951483, 21953721, 1483, 3721
2, 879, 21976483, 21978721, 1483, 3721
2, 88, 2201483, 2203721, 1483, 3721
2, 880, 22001483, 22003721, 1483, 3721
2, 881, 22026483, 22028721, 1483, 3721
2, 882, 22051483, 22056648, 1483, 6648
2, 883, 22076483, 22078721, 1483, 3721
2, 884, 22101483, 22103721, 1483, 3721
2, 885, 22126483, 22131059, 1483, 6059
2, 886, 22151483, 22153721, 1483, 3721
2, 887, 22176483, 22178721, 1483, 3721
2, 888, 22201483, 22203721, 1483, 3721
2, 889, 22226483, 22228721, 1483, 3721
2, 89, 2226483, 2228721, 1483, 3721
2, 890, 22251483, 22253721, 1483, 3721
2, 891, 22276483, 22278721, 1483, 3721
2, 892, 22301483, 22303721, 1483, 3721
2, 893, 22326483, 22328721, 1483, 3721
2, 894, 22351483, 22353721, 1483, 3721
2, 895, 22376483, 22378721, 1483, 3721
2, 896, 22401483, 22411166, 1483, 11166
2, 897, 22426483, 22428721, 1483, 3721
2, 898, 22451483, 22453721, 1483, 3721
2, 899, 22476483, 22478721, 1483, 3721
2, 9, 226483, 228721, 1483, 3721
2, 90, 2251483, 2253721, 1483, 3721
2, 900, 22501483, 22503721, 1483, 3721
2, 901, 22526483, 22528721, 1483, 3721
2, 902, 22551483, 22553721, 1483, 3721
2, 903, 22576483, 22579013, 1483, 4013
2, 904, 22601483, 22603721, 1483, 3721
2, 905, 22626483, 22628721, 1483, 3721
2, 906, 22651483, 22653721, 1483, 3721
2, 907, 22676483, 22678721, 1483, 3721
2, 908, 22701483, 22703721, 1483, 3721
2, 909, 22726483, 22728721, 1483, 3721
2, 91, 2276483, 2278721, 1483, 3721
2, 910, 22751483, 22756502, 1483, 6502
2, 911, 22776483, 22778721, 1483, 3721
2, 912, 22801483, 22805911, 1483, 5911
2, 913, 22826483, 22828721, 1483, 3721
2, 914, 22851483, 22853721, 1483, 3721
2, 915, 22876483, 22878721, 1483, 3721
2, 916, 22901483, 22903721, 1483, 3721
2, 917, 22926483, 22929491, 1483, 4491
2, 918, 22951483, 22953721, 1483, 3721
2, 919, 22976483, 22978721, 1483, 3721
2, 92, 2301483, 2303721, 1483, 3721
2, 920, 23001483, 23003721, 1483, 3721
2, 921, 23026483, 23028721, 1483, 3721
2, 922, 23051483, 23053721, 1483, 3721
2, 923, 23076483, 23078721, 1483, 3721
2, 924, 23101483, 23106648, 1483, 6648
2, 925, 23126483, 23128721, 1483, 3721
2, 926, 23151483, 23153721, 1483, 3721
2, 927, 23176483, 23178721, 1483, 3721
2, 928, 23201483, 23203721, 1483, 3721
2, 929, 23226483, 23228721, 1483, 3721
2, 93, 2326483, 2328721, 1483, 3721
2, 930, 23251483, 23253721, 1483, 3721
2, 931, 23276483, 23279491, 1483, 4491
2, 932, 23301483, 23303721, 1483, 3721
2, 933, 23326483, 23328721, 1483, 3721
2, 934, 23351483, 23353721, 1483, 3721
2, 935, 23376483, 23378721, 1483, 3721
2, 936, 23401483, 23403721, 1483, 3721
2, 937, 23426483, 23428721, 1483, 3721
2, 938, 23451483, 23456502, 1483, 6502
2, 939, 23476483, 23478721, 1483, 3721
2, 94, 2351483, 2353721, 1483, 3721
2, 940, 23501483, 23503721, 1483, 3721
2, 941, 23526483, 23534482, 1483, 9482
2, 942, 23551483, 23553721, 1483, 3721
2, 943, 23576483, 23578721, 1483, 3721
2, 944, 23601483, 23603721, 1483, 3721
2, 945, 23626483, 23629013, 1483, 4013
2, 946, 23651483, 23653721, 1483, 3721
2, 947, 23676483, 23678721, 1483, 3721
2, 948, 23701483, 23703721, 1483, 3721
2, 949, 23726483, 23728721, 1483, 3721
2, 95, 2376483, 2378721, 1483, 3721
2, 950, 23751483, 23753721, 1483, 3721
2, 951, 23776483, 23778721, 1483, 3721
2, 952, 23801483, 23806974, 1483, 6974
2, 953, 23826483, 23828721, 1483, 3721
2, 954, 23851483, 23853721, 1483, 3721
2, 955, 23876483, 23878721, 1483, 3721
2, 956, 23901483, 23903721, 1483, 3721
2, 957, 23926483, 23928721, 1483, 3721
2, 958, 23951483, 23953721, 1483, 3721
2, 959, 23976483, 23978721, 1483, 3721
2, 96, 2401483, 2404013, 1483, 4013
2, 960, 24001483, 24004013, 1483, 4013
2, 961, 24026483, 24028721, 1483, 3721
2, 962, 24051483, 24053721, 1483, 3721
2, 963, 24076483, 24078721, 1483, 3721
2, 964, 24101483, 24103721, 1483, 3721
2, 965, 24126483, 24128721, 1483, 3721
2, 966, 24151483, 24156648, 1483, 6648
2, 967, 24176483, 24178721, 1483, 3721
2, 968, 24201483, 24203721, 1483, 3721
2, 969, 24226483, 24228721, 1483, 3721
2, 97, 2426483, 2428721, 1483, 3721
2, 970, 24251483, 24253721, 1483, 3721
2, 971, 24276483, 24278721, 1483, 3721
2, 972, 24301483, 24303721, 1483, 3721
2, 973, 24326483, 24329894, 1483, 4894
2, 974, 24351483, 24353721, 1483, 3721
2, 975, 24376483, 24378721, 1483, 3721
2, 976, 24401483, 24405179, 1483, 5179
2, 977, 24426483, 24428721, 1483, 3721
2, 978, 24451483, 24453721, 1483, 3721
2, 979, 24476483, 24478721, 1483, 3721
2, 98, 2451483, 2456502, 1483, 6502
2, 980, 24501483, 24506502, 1483, 6502
2, 981, 24526483, 24528721, 1483, 3721
2, 982, 24551483, 24553721, 1483, 3721
2, 983, 24576483, 24578721, 1483, 3721
2, 984, 24601483, 24603721, 1483, 3721
2, 985, 24626483, 24628721, 1483, 3721
2, 986, 24651483, 24653721, 1483, 3721
2, 987, 24676483, 24679013, 1483, 4013
2, 988, 24701483, 24703721, 1483, 3721
2, 989, 24726483, 24728721, 1483, 3721
2, 99, 2476483, 2478721, 1483, 3721
2, 990, 24751483, 24753721, 1483, 3721
2, 991, 24776483, 24778721, 1483, 3721
2, 992, 24801483, 24805619, 1483, 5619
2, 993, 24826483, 24828721, 1483, 3721
2, 994, 24851483, 24856502, 1483, 6502
2, 995, 24876483, 24878721, 1483, 3721
2, 996, 24901483, 24903721, 1483, 3721
2, 997, 24926483, 24930670, 1483, 5670
2, 998, 24951483, 24953721, 1483, 3721
2, 999, 24976483, 24978721, 1483, 3721
3, 0, 3311, 15254, 3311, 15254
3, 1, 38311, 42268, 3311, 7268
3, 10, 353311, 359432, 3311, 9432
3, 100, 3503311, 3509432, 3311, 9432
3, 1000, 35003311, 35011285, 3311, 11285
3, 1001, 35038311, 35042268, 3311, 7268
3, 1002, 35073311, 35078330, 3311, 8330
3, 1003, 35108311, 35112268, 3311, 7268
3, 1004, 35143311, 35148038, 3311, 8038
3, 1005, 35178311, 35182330, 3311, 7330
3, 1006, 35213311, 35218038, 3311, 8038
3, 1007, 35248311, 35252941, 3311, 7941
3, 1008, 35283311, 35291790, 3311, 11790
3, 1009, 35318311, 35322268, 3311, 7268
3, 101, 3538311, 3542268, 3311, 7268
3, 1010, 35353311, 35359432, 3311, 9432
3, 1011, 35388311, 35392268, 3311, 7268
3, 1012, 35423311, 35428038, 3311, 8038
3, 1013, 35458311, 35462268, 3311, 7268
3, 1014, 35493311, 35498330, 3311, 8330
3, 1015, 35528311, 35533627, 3311, 8627
3, 1016, 35563311, 35570049, 3311, 10049
3, 1017, 35598311, 35602268, 3311, 7268
3, 1018, 35633311, 35639884, 3311, 9884
3, 1019, 35668311, 35672268, 3311, 7268
3, 102, 3573311, 3578330, 3311, 8330
3, 1020, 35703311, 35709530, 3311, 9530
3, 1021, 35738311, 35742268, 3311, 7268
3, 1022, 35773311, 35778038, 3311, 8038
3, 1023, 35808311, 35812330, 3311, 7330
3, 1024, 35843311, 35851644, 3311, 11644
3, 1025, 35878311, 35882268, 3311, 7268
3, 1026, 35913311, 35920195, 3311, 10195
3, 1027, 35948311, 35952268, 3311, 7268
3, 1028, 35983311, 35988038, 3311, 8038
3, 1029, 36018311, 36022268, 3311, 7268
3, 103, 3608311, 3612309, 3311, 7309
3, 1030, 36053311, 36059432, 3311, 9432
3, 1031, 36088311, 36092309, 3311, 7309
3, 1032, 36123311, 36130195, 3311, 10195
3, 1033, 36158311, 36162268, 3311, 7268
3, 1034, 36193311, 36198038, 3311, 8038
3, 1035, 36228311, 36232330, 3311, 7330
3, 1036, 36263311, 36268038, 3311, 8038
3, 1037, 36298311, 36302268, 3311, 7268
3, 1038, 36333311, 36338330, 3311, 8330
3, 1039, 36368311, 36372268, 3311, 7268
3, 104, 3643311, 3650049, 3311, 10049
3, 1040, 36403311, 36413026, 3311, 13026
3, 1041, 36438311, 36442268, 3311, 7268
3, 1042, 36473311, 36478038, 3311, 8038
3, 1043, 36508311, 36512268, 3311, 7268
3, 1044, 36543311, 36548330, 3311, 8330
3, 1045, 36578311, 36583800, 3311, 8800
3, 1046, 36613311, 36618038, 3311, 8038
3, 1047, 36648311, 36652601, 3311, 7601
3, 1048, 36683311, 36690049, 3311, 10049
3, 1049, 36718311, 36722268, 3311, 7268
3, 105, 3678311, 3682330, 3311, 7330
3, 1050, 36753311, 36759530, 3311, 9530
3, 1051, 36788311, 36792268, 3311, 7268
3, 1052, 36823311, 36828038, 3311, 8038
3, 1053, 36858311, 36862268, 3311, 7268
3, 1054, 36893311, 36898038, 3311, 8038
3, 1055, 36928311, 36933572, 3311, 8572
3, 1056, 36963311, 36972033, 3311, 12033
3, 1057, 36998311, 37002268, 3311, 7268
3, 1058, 37033311, 37038038, 3311, 8038
3, 1059, 37068311, 37072268, 3311, 7268
3, 106, 3713311, 3719884, 3311, 9884
3, 1060, 37103311, 37109432, 3311, 9432
3, 1061, 37138311, 37142268, 3311, 7268
3, 1062, 37173311, 37178330, 3311, 8330
3, 1063, 37208311, 37212309, 3311, 7309
3, 1064, 37243311, 37252153, 3311, 12153
3, 1065, 37278311, 37282330, 3311, 7330
3, 1066, 37313311, 37318038, 3311, 8038
3, 1067, 37348311, 37352268, 3311, 7268
3, 1068, 37383311, 37388330, 3311, 8330
3, 1069, 37418311, 37422268, 3311, 7268
3, 107, 3748311, 3752268, 3311, 7268
3, 1070, 37453311, 37459432, 3311, 9432
3, 1071, 37488311, 37492330, 3311, 7330
3, 1072, 37523311, 37532880, 3311, 12880
3, 1073, 37558311, 37562268, 3311, 7268
3, 1074, 37593311, 37598330, 3311, 8330
3, 1075, 37628311, 37633796, 3311, 8796
3, 1076, 37663311, 37668038, 3311, 8038
3, 1077, 37698311, 37702268, 3311, 7268
3, 1078, 37733311, 37738038, 3311, 8038
3, 1079, 37768311, 37772309, 3311, 7309
3, 108, 3783311, 3788330, 3311, 8330
3, 1080, 37803311, 37811431, 3311, 11431
3, 1081, 37838311, 37842268, 3311, 7268
3, 1082, 37873311, 37878038, 3311, 8038
3, 1083, 37908311, 37912330, 3311, 7330
3, 1084, 37943311, 37948038, 3311, 8038
3, 1085, 37978311, 37982268, 3311, 7268
3, 1086, 38013311, 38018330, 3311, 8330
3, 1087, 38048311, 38052268, 3311, 7268
3, 1088, 38083311, 38091790, 3311, 11790
3, 1089, 38118311, 38122268, 3311, 7268
3, 109, 3818311, 3822268, 3311, 7268
3, 1090, 38153311, 38159432, 3311, 9432
3, 1091, 38188311, 38192268, 3311, 7268
3, 1092, 38223311, 38228330, 3311, 8330
3, 1093, 38258311, 38262268, 3311, 7268
3, 1094, 38293311, 38299884, 3311, 9884
3, 1095, 38328311, 38333709, 3311, 8709
3, 1096, 38363311, 38370049, 3311, 10049
3, 1097, 38398311, 38402268, 3311, 7268
3, 1098, 38433311, 38438330, 3311, 8330
3, 1099, 38468311, 38472268, 3311, 7268
3, 11, 388311, 392268, 3311, 7268
3, 110, 3853311, 3859432, 3311, 9432
3, 1100, 38503311, 38509432, 3311, 9432
3, 1101, 38538311, 38542268, 3311, 7268
3, 1102, 38573311, 38580049, 3311, 10049
3, 1103, 38608311, 38612268, 3311, 7268
3, 1104, 38643311, 38651790, 3311, 11790
3, 1105, 38678311, 38682268, 3311, 7268
3, 1106, 38713311, 38718038, 3311, 8038
3, 1107, 38748311, 38752268, 3311, 7268
3, 1108, 38783311, 38788038, 3311, 8038
3, 1109, 38818311, 38822268, 3311, 7268
3, 111, 3888311, 3892330, 3311, 7330
3, 1110, 38853311, 38859530, 3311, 9530
3, 1111, 38888311, 38892309, 3311, 7309
3, 1112, 38923311, 38930049, 3311, 10049
3, 1113, 38958311, 38962330, 3311, 7330
3, 1114, 38993311, 38998038, 3311, 8038
3, 1115, 39028311, 39032268, 3311, 7268
3, 1116, 39063311, 39068330, 3311, 8330
3, 1117, 39098311, 39102268, 3311, 7268
3, 1118, 39133311, 39138038, 3311, 8038
3, 1119, 39168311, 39172330, 3311, 7330
3, 112, 3923311, 3932880, 3311, 12880
3, 1120, 39203311, 39212880, 3311, 12880
3, 1121, 39238311, 39242268, 3311, 7268
3, 1122, 39273311, 39278330, 3311, 8330
3, 1123, 39308311, 39312268, 3311, 7268
3, 1124, 39343311, 39348038, 3311, 8038
3, 1125, 39378311, 39382330, 3311, 7330
3, 1126, 39413311, 39418038, 3311, 8038
3, 1127, 39448311, 39452309, 3311, 7309
3, 1128, 39483311, 39490195, 3311, 10195
3, 1129, 39518311, 39522268, 3311, 7268
3, 113, 3958311, 3962268, 3311, 7268
3, 1130, 39553311, 39559432, 3311, 9432
3, 1131, 39588311, 39592268, 3311, 7268
3, 1132, 39623311, 39629884, 3311, 9884
3, 1133, 39658311, 39662268, 3311, 7268
3, 1134, 39693311, 39698330, 3311, 8330
3, 1135, 39728311, 39733572, 3311, 8572
3, 1136, 39763311, 39771790, 3311, 11790
3, 1137, 39798311, 39802268, 3311, 7268
3, 1138, 39833311, 39838038, 3311, 8038
3, 1139, 39868311, 39872268, 3311, 7268
3, 114, 3993311, 4000195, 3311, 10195
3, 1140, 39903311, 39911431, 3311, 11431
3, 1141, 39938311, 39942268, 3311, 7268
3, 1142, 39973311, 39978038, 3311, 8038
3, 1143, 40008311, 40012601, 3311, 7601
3, 1144, 40043311, 40050049, 3311, 10049
3, 1145, 40078311, 40082268, 3311, 7268
3, 1146, 40113311, 40118330, 3311, 8330
3, 1147, 40148311, 40152268, 3311, 7268
3, 1148, 40183311, 40188038, 3311, 8038
3, 1149, 40218311, 40222268, 3311, 7268
3, 115, 4028311, 4032268, 3311, 7268
3, 1150, 40253311, 40259432, 3311, 9432
3, 1151, 40288311, 40292941, 3311, 7941
3, 1152, 40323311, 40333026, 3311, 13026
3, 1153, 40358311, 40362268, 3311, 7268
3, 1154, 40393311, 40398038, 3311, 8038
3, 1155, 40428311, 40432330, 3311, 7330
3, 1156, 40463311, 40468038, 3311, 8038
3, 1157, 40498311, 40502268, 3311, 7268
3, 1158, 40533311, 40538330, 3311, 8330
3, 1159, 40568311, 40572941, 3311, 7941
3, 116, 4063311, 4068038, 3311, 8038
3, 1160, 40603311, 40611431, 3311, 11431
3, 1161, 40638311, 40642268, 3311, 7268
3, 1162, 40673311, 40678038, 3311, 8038
3, 1163, 40708311, 40712268, 3311, 7268
3, 1164, 40743311, 40748330, 3311, 8330
3, 1165, 40778311, 40782268, 3311, 7268
3, 1166, 40813311, 40818038, 3311, 8038
3, 1167, 40848311, 40852330, 3311, 7330
3, 1168, 40883311, 40891644, 3311, 11644
3, 1169, 40918311, 40922268, 3311, 7268
3, 117, 4098311, 4102268, 3311, 7268
3, 1170, 40953311, 40960805, 3311, 10805
3, 1171, 40988311, 40992268, 3311, 7268
3, 1172, 41023311, 41028038, 3311, 8038
3, 1173, 41058311, 41062268, 3311, 7268
3, 1174, 41093311, 41098038, 3311, 8038
3, 1175, 41128311, 41133627, 3311, 8627
3, 1176, 41163311, 41170195, 3311, 10195
3, 1177, 41198311, 41202268, 3311, 7268
3, 1178, 41233311, 41240049, 3311, 10049
3, 1179, 41268311, 41272268, 3311, 7268
3, 118, 4133311, 4138038, 3311, 8038
3, 1180, 41303311, 41309432, 3311, 9432
3, 1181, 41338311, 41342268, 3311, 7268
3, 1182, 41373311, 41378330, 3311, 8330
3, 1183, 41408311, 41412268, 3311, 7268
3, 1184, 41443311, 41451790, 3311, 11790
3, 1185, 41478311, 41482330, 3311, 7330
3, 1186, 41513311, 41518038, 3311, 8038
3, 1187, 41548311, 41552268, 3311, 7268
3, 1188, 41583311, 41588330, 3311, 8330
3, 1189, 41618311, 41622268, 3311, 7268
3, 119, 4168311, 4172309, 3311, 7309
3, 1190, 41653311, 41659432, 3311, 9432
3, 1191, 41688311, 41692601, 3311, 7601
3, 1192, 41723311, 41730049, 3311, 10049
3, 1193, 41758311, 41762268, 3311, 7268
3, 1194, 41793311, 41798330, 3311, 8330
3, 1195, 41828311, 41832268, 3311, 7268
3, 1196, 41863311, 41868038, 3311, 8038
3, 1197, 41898311, 41902330, 3311, 7330
3, 1198, 41933311, 41938038, 3311, 8038
3, 1199, 41968311, 41972268, 3311, 7268
3, 12, 423311, 428330, 3311, 8330
3, 120, 4203311, 4211431, 3311, 11431
3, 1200, 42003311, 42013026, 3311, 13026
3, 1201, 42038311, 42042268, 3311, 7268
3, 1202, 42073311, 42078038, 3311, 8038
3, 1203, 42108311, 42112268, 3311, 7268
3, 1204, 42143311, 42148038, 3311, 8038
3, 1205, 42178311, 42182268, 3311, 7268
3, 1206, 42213311, 42218330, 3311, 8330
3, 1207, 42248311, 42252309, 3311, 7309
3, 1208, 42283311, 42291154, 3311, 11154
3, 1209, 42318311, 42322268, 3311, 7268
3, 121, 4238311, 4242268, 3311, 7268
3, 1210, 42353311, 42359432, 3311, 9432
3, 1211, 42388311, 42392268, 3311, 7268
3, 1212, 42423311, 42428330, 3311, 8330
3, 1213, 42458311, 42462268, 3311, 7268
3, 1214, 42493311, 42498038, 3311, 8038
3, 1215, 42528311, 42533658, 3311, 8658
3, 1216, 42563311, 42574160, 3311, 14160
3, 1217, 42598311, 42602268, 3311, 7268
3, 1218, 42633311, 42638330, 3311, 8330
3, 1219, 42668311, 42672268, 3311, 7268
3, 122, 4273311, 4278038, 3311, 8038
3, 1220, 42703311, 42709432, 3311, 9432
3, 1221, 42738311, 42742268, 3311, 7268
3, 1222, 42773311, 42778038, 3311, 8038
3, 1223, 42808311, 42812309, 3311, 7309
3, 1224, 42843311, 42850195, 3311, 10195
3, 1225, 42878311, 42882268, 3311, 7268
3, 1226, 42913311, 42918038, 3311, 8038
3, 1227, 42948311, 42952330, 3311, 7330
3, 1228, 42983311, 42988038, 3311, 8038
3, 1229, 43018311, 43022268, 3311, 7268
3, 123, 4308311, 4312268, 3311, 7268
3, 1230, 43053311, 43059530, 3311, 9530
3, 1231, 43088311, 43092268, 3311, 7268
3, 1232, 43123311, 43133026, 3311, 13026
3, 1233, 43158311, 43162268, 3311, 7268
3, 1234, 43193311, 43198038, 3311, 8038
3, 1235, 43228311, 43233800, 3311, 8800
3, 1236, 43263311, 43268330, 3311, 8330
3, 1237, 43298311, 43302268, 3311, 7268
3, 1238, 43333311, 43338038, 3311, 8038
3, 1239, 43368311, 43372601, 3311, 7601
3, 124, 4343311, 4348038, 3311, 8038
3, 1240, 43403311, 43411285, 3311, 11285
3, 1241, 43438311, 43442268, 3311, 7268
3, 1242, 43473311, 43478330, 3311, 8330
3, 1243, 43508311, 43512268, 3311, 7268
3, 1244, 43543311, 43548038, 3311, 8038
3, 1245, 43578311, 43582330, 3311, 7330
3, 1246, 43613311, 43619884, 3311, 9884
3, 1247, 43648311, 43652268, 3311, 7268
3, 1248, 43683311, 43691790, 3311, 11790
3, 1249, 43718311, 43722268, 3311, 7268
3, 125, 4378311, 4383796, 3311, 8796
3, 1250, 43753311, 43759432, 3311, 9432
3, 1251, 43788311, 43792268, 3311, 7268
3, 1252, 43823311, 43828038, 3311, 8038
3, 1253, 43858311, 43862268, 3311, 7268
3, 1254, 43893311, 43900195, 3311, 10195
3, 1255, 43928311, 43933627, 3311, 8627
3, 1256, 43963311, 43970049, 3311, 10049
3, 1257, 43998311, 44002268, 3311, 7268
3, 1258, 44033311, 44038038, 3311, 8038
3, 1259, 44068311, 44072268, 3311, 7268
3, 126, 4413311, 4418330, 3311, 8330
3, 1260, 44103311, 44109530, 3311, 9530
3, 1261, 44138311, 44142268, 3311, 7268
3, 1262, 44173311, 44178038, 3311, 8038
3, 1263, 44208311, 44212330, 3311, 7330
3, 1264, 44243311, 44251644, 3311, 11644
3, 1265, 44278311, 44283796, 3311, 8796
3, 1266, 44313311, 44318330, 3311, 8330
3, 1267, 44348311, 44352268, 3311, 7268
3, 1268, 44383311, 44388038, 3311, 8038
3, 1269, 44418311, 44422268, 3311, 7268
3, 127, 4448311, 4452268, 3311, 7268
3, 1270, 44453311, 44459432, 3311, 9432
3, 1271, 44488311, 44492309, 3311, 7309
3, 1272, 44523311, 44530195, 3311, 10195
3, 1273, 44558311, 44562268, 3311, 7268
3, 1274, 44593311, 44598038, 3311, 8038
3, 1275, 44628311, 44632330, 3311, 7330
3, 1276, 44663311, 44668038, 3311, 8038
3, 1277, 44698311, 44702268, 3311, 7268
3, 1278, 44733311, 44738330, 3311, 8330
3, 1279, 44768311, 44772268, 3311, 7268
3, 128, 4483311, 4491790, 3311, 11790
3, 1280, 44803311, 44813026, 3311, 13026
3, 1281, 44838311, 44842268, 3311, 7268
3, 1282, 44873311, 44878038, 3311, 8038
3, 1283, 44908311, 44912268, 3311, 7268
3, 1284, 44943311, 44949982, 3311, 9982
3, 1285, 44978311, 44982268, 3311, 7268
3, 1286, 45013311, 45018038, 3311, 8038
3, 1287, 45048311, 45052601, 3311, 7601
3, 1288, 45083311, 45090049, 3311, 10049
3, 1289, 45118311, 45122268, 3311, 7268
3, 129, 4518311, 4522268, 3311, 7268
3, 1290, 45153311, 45159530, 3311, 9530
3, 1291, 45188311, 45192268, 3311, 7268
3, 1292, 45223311, 45230049, 3311, 10049
3, 1293, 45258311, 45262268, 3311, 7268
3, 1294, 45293311, 45298038, 3311, 8038
3, 1295, 45328311, 45333572, 3311, 8572
3, 1296, 45363311, 45371790, 3311, 11790
3, 1297, 45398311, 45402268, 3311, 7268
3, 1298, 45433311, 45438038, 3311, 8038
3, 1299, 45468311, 45472268, 3311, 7268
3, 13, 458311, 462268, 3311, 7268
3, 130, 4553311, 4559432, 3311, 9432
3, 1300, 45503311, 45509432, 3311, 9432
3, 1301, 45538311, 45542268, 3311, 7268
3, 1302, 45573311, 45578330, 3311, 8330
3, 1303, 45608311, 45613915, 3311, 8915
3, 1304, 45643311, 45650049, 3311, 10049
3, 1305, 45678311, 45682330, 3311, 7330
3, 1306, 45713311, 45718038, 3311, 8038
3, 1307, 45748311, 45752268, 3311, 7268
3, 1308, 45783311, 45788330, 3311, 8330
3, 1309, 45818311, 45822268, 3311, 7268
3, 131, 4588311, 4592268, 3311, 7268
3, 1310, 45853311, 45859432, 3311, 9432
3, 1311, 45888311, 45893808, 3311, 8808
3, 1312, 45923311, 45932880, 3311, 12880
3, 1313, 45958311, 45962268, 3311, 7268
3, 1314, 45993311, 45998330, 3311, 8330
3, 1315, 46028311, 46032268, 3311, 7268
3, 1316, 46063311, 46068038, 3311, 8038
3, 1317, 46098311, 46102268, 3311, 7268
3, 1318, 46133311, 46138038, 3311, 8038
3, 1319, 46168311, 46172309, 3311, 7309
3, 132, 4623311, 4628330, 3311, 8330
3, 1320, 46203311, 46211431, 3311, 11431
3, 1321, 46238311, 46242268, 3311, 7268
3, 1322, 46273311, 46279884, 3311, 9884
3, 1323, 46308311, 46312268, 3311, 7268
3, 1324, 46343311, 46348038, 3311, 8038
3, 1325, 46378311, 46382268, 3311, 7268
3, 1326, 46413311, 46418330, 3311, 8330
3, 1327, 46448311, 46452268, 3311, 7268
3, 1328, 46483311, 46491790, 3311, 11790
3, 1329, 46518311, 46522268, 3311, 7268
3, 133, 4658311, 4662268, 3311, 7268
3, 1330, 46553311, 46561285, 3311, 11285
3, 1331, 46588311, 46592268, 3311, 7268
3, 1332, 46623311, 46628330, 3311, 8330
3, 1333, 46658311, 46662268, 3311, 7268
3, 1334, 46693311, 46698038, 3311, 8038
3, 1335, 46728311, 46733709, 3311, 8709
3, 1336, 46763311, 46770049, 3311, 10049
3, 1337, 46798311, 46802268, 3311, 7268
3, 1338, 46833311, 46838330, 3311, 8330
3, 1339, 46868311, 46872268, 3311, 7268
3, 134, 4693311, 4698038, 3311, 8038
3, 1340, 46903311, 46909432, 3311, 9432
3, 1341, 46938311, 46942330, 3311, 7330
3, 1342, 46973311, 46978038, 3311, 8038
3, 1343, 47008311, 47012268, 3311, 7268
3, 1344, 47043311, 47051790, 3311, 11790
3, 1345, 47078311, 47082268, 3311, 7268
3, 1346, 47113311, 47118038, 3311, 8038
3, 1347, 47148311, 47152268, 3311, 7268
3, 1348, 47183311, 47188038, 3311, 8038
3, 1349, 47218311, 47222268, 3311, 7268
3, 135, 4728311, 4733709, 3311, 8709
3, 1350, 47253311, 47259530, 3311, 9530
3, 1351, 47288311, 47292309, 3311, 7309
3, 1352, 47323311, 47330049, 3311, 10049
3, 1353, 47358311, 47362268, 3311, 7268
3, 1354, 47393311, 47398038, 3311, 8038
3, 1355, 47428311, 47432268, 3311, 7268
3, 1356, 47463311, 47468330, 3311, 8330
3, 1357, 47498311, 47502268, 3311, 7268
3, 1358, 47533311, 47538038, 3311, 8038
3, 1359, 47568311, 47572330, 3311, 7330
3, 136, 4763311, 4770049, 3311, 10049
3, 1360, 47603311, 47613123, 3311, 13123
3, 1361, 47638311, 47642268, 3311, 7268
3, 1362, 47673311, 47678330, 3311, 8330
3, 1363, 47708311, 47712268, 3311, 7268
3, 1364, 47743311, 47748038, 3311, 8038
3, 1365, 47778311, 47782330, 3311, 7330
3, 1366, 47813311, 47818038, 3311, 8038
3, 1367, 47848311, 47852309, 3311, 7309
3, 1368, 47883311, 47892153, 3311, 12153
3, 1369, 47918311, 47922268, 3311, 7268
3, 137, 4798311, 4802268, 3311, 7268
3, 1370, 47953311, 47959432, 3311, 9432
3, 1371, 47988311, 47992268, 3311, 7268
3, 1372, 48023311, 48028038, 3311, 8038
3, 1373, 48058311, 48062268, 3311, 7268
3, 1374, 48093311, 48098330, 3311, 8330
3, 1375, 48128311, 48133572, 3311, 8572
3, 1376, 48163311, 48171790, 3311, 11790
3, 1377, 48198311, 48202268, 3311, 7268
3, 1378, 48233311, 48238038, 3311, 8038
3, 1379, 48268311, 48272268, 3311, 7268
3, 138, 4833311, 4838330, 3311, 8330
3, 1380, 48303311, 48309530, 3311, 9530
3, 1381, 48338311, 48342268, 3311, 7268
3, 1382, 48373311, 48378038, 3311, 8038
3, 1383, 48408311, 48412601, 3311, 7601
3, 1384, 48443311, 48450049, 3311, 10049
3, 1385, 48478311, 48482268, 3311, 7268
3, 1386, 48513311, 48518330, 3311, 8330
3, 1387, 48548311, 48552268, 3311, 7268
3, 1388, 48583311, 48588038, 3311, 8038
3, 1389, 48618311, 48622268, 3311, 7268
3, 139, 4868311, 4872268, 3311, 7268
3, 1390, 48653311, 48659432, 3311, 9432
3, 1391, 48688311, 48692268, 3311, 7268
3, 1392, 48723311, 48733026, 3311, 13026
3, 1393, 48758311, 48762268, 3311, 7268
3, 1394, 48793311, 48798038, 3311, 8038
3, 1395, 48828311, 48832330, 3311, 7330
3, 1396, 48863311, 48868038, 3311, 8038
3, 1397, 48898311, 48902268, 3311, 7268
3, 1398, 48933311, 48939982, 3311, 9982
3, 1399, 48968311, 48972309, 3311, 7309
3, 14, 493311, 498038, 3311, 8038
3, 140, 4903311, 4909432, 3311, 9432
3, 1400, 49003311, 49011431, 3311, 11431
3, 1401, 49038311, 49042268, 3311, 7268
3, 1402, 49073311, 49078038, 3311, 8038
3, 1403, 49108311, 49112268, 3311, 7268
3, 1404, 49143311, 49148330, 3311, 8330
3, 1405, 49178311, 49182268, 3311, 7268
3, 1406, 49213311, 49220049, 3311, 10049
3, 1407, 49248311, 49252330, 3311, 7330
3, 1408, 49283311, 49291644, 3311, 11644
3, 1409, 49318311, 49322268, 3311, 7268
3, 141, 4938311, 4942268, 3311, 7268
3, 1410, 49353311, 49359530, 3311, 9530
3, 1411, 49388311, 49392268, 3311, 7268
3, 1412, 49423311, 49428038, 3311, 8038
3, 1413, 49458311, 49462268, 3311, 7268
3, 1414, 49493311, 49498038, 3311, 8038
3, 1415, 49528311, 49533627, 3311, 8627
3, 1416, 49563311, 49570195, 3311, 10195
3, 1417, 49598311, 49602268, 3311, 7268
3, 1418, 49633311, 49638038, 3311, 8038
3, 1419, 49668311, 49672268, 3311, 7268
3, 142, 4973311, 4978038, 3311, 8038
3, 1420, 49703311, 49709432, 3311, 9432
3, 1421, 49738311, 49742268, 3311, 7268
3, 1422, 49773311, 49778330, 3311, 8330
3, 1423, 49808311, 49812268, 3311, 7268
3, 1424, 49843311, 49851790, 3311, 11790
3, 1425, 49878311, 49883897, 3311, 8897
3, 1426, 49913311, 49918038, 3311, 8038
3, 1427, 49948311, 49952268, 3311, 7268
3, 1428, 49983311, 49988330, 3311, 8330
3, 1429, 50018311, 50022268, 3311, 7268
3, 143, 5008311, 5012268, 3311, 7268
3, 1430, 50053311, 50059432, 3311, 9432
3, 1431, 50088311, 50092601, 3311, 7601
3, 1432, 50123311, 50130049, 3311, 10049
3, 1433, 50158311, 50162268, 3311, 7268
3, 1434, 50193311, 50198330, 3311, 8330
3, 1435, 50228311, 50232268, 3311, 7268
3, 1436, 50263311, 50269884, 3311, 9884
3, 1437, 50298311, 50302268, 3311, 7268
3, 1438, 50333311, 50338038, 3311, 8038
3, 1439, 50368311, 50372268, 3311, 7268
3, 144, 5043311, 5052033, 3311, 12033
3, 1440, 50403311, 50413026, 3311, 13026
3, 1441, 50438311, 50442268, 3311, 7268
3, 1442, 50473311, 50478038, 3311, 8038
3, 1443, 50508311, 50512268, 3311, 7268
3, 1444, 50543311, 50550049, 3311, 10049
3, 1445, 50578311, 50582268, 3311, 7268
3, 1446, 50613311, 50618330, 3311, 8330
3, 1447, 50648311, 50652309, 3311, 7309
3, 1448, 50683311, 50690049, 3311, 10049
3, 1449, 50718311, 50722268, 3311, 7268
3, 145, 5078311, 5082268, 3311, 7268
3, 1450, 50753311, 50759432, 3311, 9432
3, 1451, 50788311, 50792268, 3311, 7268
3, 1452, 50823311, 50828330, 3311, 8330
3, 1453, 50858311, 50862268, 3311, 7268
3, 1454, 50893311, 50898038, 3311, 8038
3, 1455, 50928311, 50934710, 3311, 9710
3, 1456, 50963311, 50971644, 3311, 11644
3, 1457, 50998311, 51002268, 3311, 7268
3, 1458, 51033311, 51038330, 3311, 8330
3, 1459, 51068311, 51072268, 3311, 7268
3, 146, 5113311, 5118038, 3311, 8038
3, 1460, 51103311, 51109432, 3311, 9432
3, 1461, 51138311, 51142268, 3311, 7268
3, 1462, 51173311, 51178038, 3311, 8038
3, 1463, 51208311, 51212941, 3311, 7941
3, 1464, 51243311, 51250195, 3311, 10195
3, 1465, 51278311, 51282268, 3311, 7268
3, 1466, 51313311, 51318038, 3311, 8038
3, 1467, 51348311, 51352268, 3311, 7268
3, 1468, 51383311, 51388038, 3311, 8038
3, 1469, 51418311, 51422268, 3311, 7268
3, 147, 5148311, 5152268, 3311, 7268
3, 1470, 51453311, 51459530, 3311, 9530
3, 1471, 51488311, 51492268, 3311, 7268
3, 1472, 51523311, 51533026, 3311, 13026
3, 1473, 51558311, 51562268, 3311, 7268
3, 1474, 51593311, 51599884, 3311, 9884
3, 1475, 51628311, 51632268, 3311, 7268
3, 1476, 51663311, 51668330, 3311, 8330
3, 1477, 51698311, 51702268, 3311, 7268
3, 1478, 51733311, 51738038, 3311, 8038
3, 1479, 51768311, 51772601, 3311, 7601
3, 148, 5183311, 5188038, 3311, 8038
3, 1480, 51803311, 51811285, 3311, 11285
3, 1481, 51838311, 51842268, 3311, 7268
3, 1482, 51873311, 51880195, 3311, 10195
3, 1483, 51908311, 51912268, 3311, 7268
3, 1484, 51943311, 51948038, 3311, 8038
3, 1485, 51978311, 51982330, 3311, 7330
3, 1486, 52013311, 52018038, 3311, 8038
3, 1487, 52048311, 52052268, 3311, 7268
3, 1488, 52083311, 52091790, 3311, 11790
3, 1489, 52118311, 52122268, 3311, 7268
3, 149, 5218311, 5222268, 3311, 7268
3, 1490, 52153311, 52159432, 3311, 9432
3, 1491, 52188311, 52192268, 3311, 7268
3, 1492, 52223311, 52228038, 3311, 8038
3, 1493, 52258311, 52262268, 3311, 7268
3, 1494, 52293311, 52298330, 3311, 8330
3, 1495, 52328311, 52333627, 3311, 8627
3, 1496, 52363311, 52370049, 3311, 10049
3, 1497, 52398311, 52402268, 3311, 7268
3, 1498, 52433311, 52438038, 3311, 8038
3, 1499, 52468311, 52472268, 3311, 7268
3, 15, 528311, 533658, 3311, 8658
3, 150, 5253311, 5259530, 3311, 9530
3, 1500, 52503311, 52509530, 3311, 9530
3, 1501, 52538311, 52542268, 3311, 7268
3, 1502, 52573311, 52578038, 3311, 8038
3, 1503, 52608311, 52612330, 3311, 7330
3, 1504, 52643311, 52651644, 3311, 11644
3, 1505, 52678311, 52682268, 3311, 7268
3, 1506, 52713311, 52718330, 3311, 8330
3, 1507, 52748311, 52752268, 3311, 7268
3, 1508, 52783311, 52788038, 3311, 8038
3, 1509, 52818311, 52822268, 3311, 7268
3, 151, 5288311, 5292309, 3311, 7309
3, 1510, 52853311, 52859432, 3311, 9432
3, 1511, 52888311, 52892309, 3311, 7309
3, 1512, 52923311, 52932389, 3311, 12389
3, 1513, 52958311, 52962268, 3311, 7268
3, 1514, 52993311, 52998038, 3311, 8038
3, 1515, 53028311, 53032330, 3311, 7330
3, 1516, 53063311, 53068038, 3311, 8038
3, 1517, 53098311, 53102268, 3311, 7268
3, 1518, 53133311, 53138330, 3311, 8330
3, 1519, 53168311, 53172268, 3311, 7268
3, 152, 5323311, 5333341, 3311, 13341
3, 1520, 53203311, 53214998, 3311, 14998
3, 1521, 53238311, 53242268, 3311, 7268
3, 1522, 53273311, 53278038, 3311, 8038
3, 1523, 53308311, 53312268, 3311, 7268
3, 1524, 53343311, 53348330, 3311, 8330
3, 1525, 53378311, 53382268, 3311, 7268
3, 1526, 53413311, 53418038, 3311, 8038
3, 1527, 53448311, 53452601, 3311, 7601
3, 1528, 53483311, 53490049, 3311, 10049
3, 1529, 53518311, 53522268, 3311, 7268
3, 153, 5358311, 5362268, 3311, 7268
3, 1530, 53553311, 53559530, 3311, 9530
3, 1531, 53588311, 53592268, 3311, 7268
3, 1532, 53623311, 53628038, 3311, 8038
3, 1533, 53658311, 53662268, 3311, 7268
3, 1534, 53693311, 53698038, 3311, 8038
3, 1535, 53728311, 53733572, 3311, 8572
3, 1536, 53763311, 53771790, 3311, 11790
3, 1537, 53798311, 53802268, 3311, 7268
3, 1538, 53833311, 53838038, 3311, 8038
3, 1539, 53868311, 53872330, 3311, 7330
3, 154, 5393311, 5398038, 3311, 8038
3, 1540, 53903311, 53909432, 3311, 9432
3, 1541, 53938311, 53942268, 3311, 7268
3, 1542, 53973311, 53978330, 3311, 8330
3, 1543, 54008311, 54012309, 3311, 7309
3, 1544, 54043311, 54050049, 3311, 10049
3, 1545, 54078311, 54082330, 3311, 7330
3, 1546, 54113311, 54118038, 3311, 8038
3, 1547, 54148311, 54152268, 3311, 7268
3, 1548, 54183311, 54188330, 3311, 8330
3, 1549, 54218311, 54222268, 3311, 7268
3, 155, 5428311, 5432268, 3311, 7268
3, 1550, 54253311, 54260805, 3311, 10805
3, 1551, 54288311, 54292330, 3311, 7330
3, 1552, 54323311, 54332880, 3311, 12880
3, 1553, 54358311, 54362268, 3311, 7268
3, 1554, 54393311, 54398330, 3311, 8330
3, 1555, 54428311, 54432268, 3311, 7268
3, 1556, 54463311, 54468038, 3311, 8038
3, 1557, 54498311, 54502268, 3311, 7268
3, 1558, 54533311, 54540049, 3311, 10049
3, 1559, 54568311, 54572309, 3311, 7309
3, 156, 5463311, 5468330, 3311, 8330
3, 1560, 54603311, 54611431, 3311, 11431
3, 1561, 54638311, 54642268, 3311, 7268
3, 1562, 54673311, 54678038, 3311, 8038
3, 1563, 54708311, 54712268, 3311, 7268
3, 1564, 54743311, 54748038, 3311, 8038
3, 1565, 54778311, 54782268, 3311, 7268
3, 1566, 54813311, 54818330, 3311, 8330
3, 1567, 54848311, 54852268, 3311, 7268
3, 1568, 54883311, 54891790, 3311, 11790
3, 1569, 54918311, 54922330, 3311, 7330
3, 157, 5498311, 5502268, 3311, 7268
3, 1570, 54953311, 54959432, 3311, 9432
3, 1571, 54988311, 54992268, 3311, 7268
3, 1572, 55023311, 55028330, 3311, 8330
3, 1573, 55058311, 55062268, 3311, 7268
3, 1574, 55093311, 55098038, 3311, 8038
3, 1575, 55128311, 55133709, 3311, 8709
3, 1576, 55163311, 55170049, 3311, 10049
3, 1577, 55198311, 55202268, 3311, 7268
3, 1578, 55233311, 55238330, 3311, 8330
3, 1579, 55268311, 55272268, 3311, 7268
3, 158, 5533311, 5538038, 3311, 8038
3, 1580, 55303311, 55309432, 3311, 9432
3, 1581, 55338311, 55342268, 3311, 7268
3, 1582, 55373311, 55378038, 3311, 8038
3, 1583, 55408311, 55412268, 3311, 7268
3, 1584, 55443311, 55451790, 3311, 11790
3, 1585, 55478311, 55482268, 3311, 7268
3, 1586, 55513311, 55518038, 3311, 8038
3, 1587, 55548311, 55552268, 3311, 7268
3, 1588, 55583311, 55589884, 3311, 9884
3, 1589, 55618311, 55622268, 3311, 7268
3, 159, 5568311, 5572330, 3311, 7330
3, 1590, 55653311, 55659530, 3311, 9530
3, 1591, 55688311, 55692309, 3311, 7309
3, 1592, 55723311, 55730049, 3311, 10049
3, 1593, 55758311, 55762268, 3311, 7268
3, 1594, 55793311, 55798038, 3311, 8038
3, 1595, 55828311, 55832268, 3311, 7268
3, 1596, 55863311, 55870195, 3311, 10195
3, 1597, 55898311, 55902268, 3311, 7268
3, 1598, 55933311, 55938038, 3311, 8038
3, 1599, 55968311, 55972330, 3311, 7330
3, 16, 563311, 571644, 3311, 11644
3, 160, 5603311, 5612880, 3311, 12880
3, 1600, 56003311, 56012880, 3311, 12880
3, 1601, 56038311, 56042268, 3311, 7268
3, 1602, 56073311, 56078330, 3311, 8330
3, 1603, 56108311, 56112268, 3311, 7268
3, 1604, 56143311, 56148038, 3311, 8038
3, 1605, 56178311, 56182330, 3311, 7330
3, 1606, 56213311, 56218038, 3311, 8038
3, 1607, 56248311, 56252941, 3311, 7941
3, 1608, 56283311, 56290195, 3311, 10195
3, 1609, 56318311, 56322268, 3311, 7268
3, 161, 5638311, 5642268, 3311, 7268
3, 1610, 56353311, 56359432, 3311, 9432
3, 1611, 56388311, 56392268, 3311, 7268
3, 1612, 56423311, 56428038, 3311, 8038
3, 1613, 56458311, 56462268, 3311, 7268
3, 1614, 56493311, 56498330, 3311, 8330
3, 1615, 56528311, 56534697, 3311, 9697
3, 1616, 56563311, 56571790, 3311, 11790
3, 1617, 56598311, 56602268, 3311, 7268
3, 1618, 56633311, 56638038, 3311, 8038
3, 1619, 56668311, 56672268, 3311, 7268
3, 162, 5673311, 5678330, 3311, 8330
3, 1620, 56703311, 56709530, 3311, 9530
3, 1621, 56738311, 56742268, 3311, 7268
3, 1622, 56773311, 56778038, 3311, 8038
3, 1623, 56808311, 56812601, 3311, 7601
3, 1624, 56843311, 56850049, 3311, 10049
3, 1625, 56878311, 56882268, 3311, 7268
3, 1626, 56913311, 56919982, 3311, 9982
3, 1627, 56948311, 56952268, 3311, 7268
3, 1628, 56983311, 56988038, 3311, 8038
3, 1629, 57018311, 57022268, 3311, 7268
3, 163, 5708311, 5712268, 3311, 7268
3, 1630, 57053311, 57059432, 3311, 9432
3, 1631, 57088311, 57092268, 3311, 7268
3, 1632, 57123311, 57133026, 3311, 13026
3, 1633, 57158311, 57162268, 3311, 7268
3, 1634, 57193311, 57200049, 3311, 10049
3, 1635, 57228311, 57232330, 3311, 7330
3, 1636, 57263311, 57268038, 3311, 8038
3, 1637, 57298311, 57302268, 3311, 7268
3, 1638, 57333311, 57338330, 3311, 8330
3, 1639, 57368311, 57372309, 3311, 7309
3, 164, 5743311, 5748038, 3311, 8038
3, 1640, 57403311, 57411431, 3311, 11431
3, 1641, 57438311, 57442268, 3311, 7268
3, 1642, 57473311, 57478038, 3311, 8038
3, 1643, 57508311, 57512268, 3311, 7268
3, 1644, 57543311, 57548330, 3311, 8330
3, 1645, 57578311, 57583796, 3311, 8796
3, 1646, 57613311, 57618038, 3311, 8038
3, 1647, 57648311, 57652330, 3311, 7330
3, 1648, 57683311, 57691644, 3311, 11644
3, 1649, 57718311, 57722268, 3311, 7268
3, 165, 5778311, 5782330, 3311, 7330
3, 1650, 57753311, 57759530, 3311, 9530
3, 1651, 57788311, 57792268, 3311, 7268
3, 1652, 57823311, 57828038, 3311, 8038
3, 1653, 57858311, 57862330, 3311, 7330
3, 1654, 57893311, 57898038, 3311, 8038
3, 1655, 57928311, 57933627, 3311, 8627
3, 1656, 57963311, 57970195, 3311, 10195
3, 1657, 57998311, 58002268, 3311, 7268
3, 1658, 58033311, 58038038, 3311, 8038
3, 1659, 58068311, 58072268, 3311, 7268
3, 166, 5813311, 5818038, 3311, 8038
3, 1660, 58103311, 58109432, 3311, 9432
3, 1661, 58138311, 58142268, 3311, 7268
3, 1662, 58173311, 58178330, 3311, 8330
3, 1663, 58208311, 58212268, 3311, 7268
3, 1664, 58243311, 58252033, 3311, 12033
3, 1665, 58278311, 58282330, 3311, 7330
3, 1666, 58313311, 58318038, 3311, 8038
3, 1667, 58348311, 58352268, 3311, 7268
3, 1668, 58383311, 58388330, 3311, 8330
3, 1669, 58418311, 58422268, 3311, 7268
3, 167, 5848311, 5852309, 3311, 7309
3, 1670, 58453311, 58459432, 3311, 9432
3, 1671, 58488311, 58492601, 3311, 7601
3, 1672, 58523311, 58533243, 3311, 13243
3, 1673, 58558311, 58562268, 3311, 7268
3, 1674, 58593311, 58598330, 3311, 8330
3, 1675, 58628311, 58632268, 3311, 7268
3, 1676, 58663311, 58668038, 3311, 8038
3, 1677, 58698311, 58702268, 3311, 7268
3, 1678, 58733311, 58738038, 3311, 8038
3, 1679, 58768311, 58772268, 3311, 7268
3, 168, 5883311, 5890195, 3311, 10195
3, 1680, 58803311, 58813026, 3311, 13026
3, 1681, 58838311, 58842268, 3311, 7268
3, 1682, 58873311, 58878038, 3311, 8038
3, 1683, 58908311, 58912330, 3311, 7330
3, 1684, 58943311, 58948038, 3311, 8038
3, 1685, 58978311, 58982268, 3311, 7268
3, 1686, 59013311, 59018330, 3311, 8330
3, 1687, 59048311, 59052309, 3311, 7309
3, 1688, 59083311, 59090049, 3311, 10049
3, 1689, 59118311, 59122268, 3311, 7268
3, 169, 5918311, 5922268, 3311, 7268
3, 1690, 59153311, 59159432, 3311, 9432
3, 1691, 59188311, 59192268, 3311, 7268
3, 1692, 59223311, 59228330, 3311, 8330
3, 1693, 59258311, 59262268, 3311, 7268
3, 1694, 59293311, 59298038, 3311, 8038
3, 1695, 59328311, 59333658, 3311, 8658
3, 1696, 59363311, 59371644, 3311, 11644
3, 1697, 59398311, 59402268, 3311, 7268
3, 1698, 59433311, 59438330, 3311, 8330
3, 1699, 59468311, 59472268, 3311, 7268
3, 17, 598311, 602268, 3311, 7268
3, 170, 5953311, 5959432, 3311, 9432
3, 1700, 59503311, 59509432, 3311, 9432
3, 1701, 59538311, 59542268, 3311, 7268
3, 1702, 59573311, 59579884, 3311, 9884
3, 1703, 59608311, 59612309, 3311, 7309
3, 1704, 59643311, 59650195, 3311, 10195
3, 1705, 59678311, 59682268, 3311, 7268
3, 1706, 59713311, 59718038, 3311, 8038
3, 1707, 59748311, 59752268, 3311, 7268
3, 1708, 59783311, 59788038, 3311, 8038
3, 1709, 59818311, 59822268, 3311, 7268
3, 171, 5988311, 5992330, 3311, 7330
3, 1710, 59853311, 59861431, 3311, 11431
3, 1711, 59888311, 59892268, 3311, 7268
3, 1712, 59923311, 59933026, 3311, 13026
3, 1713, 59958311, 59962268, 3311, 7268
3, 1714, 59993311, 59998038, 3311, 8038
3, 1715, 60028311, 60032268, 3311, 7268
3, 1716, 60063311, 60068330, 3311, 8330
3, 1717, 60098311, 60102268, 3311, 7268
3, 1718, 60133311, 60138038, 3311, 8038
3, 1719, 60168311, 60172601, 3311, 7601
3, 172, 6023311, 6028038, 3311, 8038
3, 1720, 60203311, 60211285, 3311, 11285
3, 1721, 60238311, 60242268, 3311, 7268
3, 1722, 60273311, 60278330, 3311, 8330
3, 1723, 60308311, 60312268, 3311, 7268
3, 1724, 60343311, 60348038, 3311, 8038
3, 1725, 60378311, 60382330, 3311, 7330
3, 1726, 60413311, 60418038, 3311, 8038
3, 1727, 60448311, 60452268, 3311, 7268
3, 1728, 60483311, 60491790, 3311, 11790
3, 1729, 60518311, 60522268, 3311, 7268
3, 173, 6058311, 6062268, 3311, 7268
3, 1730, 60553311, 60559432, 3311, 9432
3, 1731, 60588311, 60592268, 3311, 7268
3, 1732, 60623311, 60628038, 3311, 8038
3, 1733, 60658311, 60662268, 3311, 7268
3, 1734, 60693311, 60698330, 3311, 8330
3, 1735, 60728311, 60733627, 3311, 8627
3, 1736, 60763311, 60770049, 3311, 10049
3, 1737, 60798311, 60802268, 3311, 7268
3, 1738, 60833311, 60838038, 3311, 8038
3, 1739, 60868311, 60872268, 3311, 7268
3, 174, 6093311, 6098330, 3311, 8330
3, 1740, 60903311, 60910805, 3311, 10805
3, 1741, 60938311, 60942268, 3311, 7268
3, 1742, 60973311, 60978038, 3311, 8038
3, 1743, 61008311, 61012330, 3311, 7330
3, 1744, 61043311, 61051644, 3311, 11644
3, 1745, 61078311, 61082268, 3311, 7268
3, 1746, 61113311, 61118330, 3311, 8330
3, 1747, 61148311, 61152268, 3311, 7268
3, 1748, 61183311, 61190049, 3311, 10049
3, 1749, 61218311, 61222268, 3311, 7268
3, 175, 6128311, 6133572, 3311, 8572
3, 1750, 61253311, 61259432, 3311, 9432
3, 1751, 61288311, 61292309, 3311, 7309
3, 1752, 61323311, 61330195, 3311, 10195
3, 1753, 61358311, 61362268, 3311, 7268
3, 1754, 61393311, 61398038, 3311, 8038
3, 1755, 61428311, 61432330, 3311, 7330
3, 1756, 61463311, 61468038, 3311, 8038
3, 1757, 61498311, 61502268, 3311, 7268
3, 1758, 61533311, 61538330, 3311, 8330
3, 1759, 61568311, 61572941, 3311, 7941
3, 176, 6163311, 6171790, 3311, 11790
3, 1760, 61603311, 61613026, 3311, 13026
3, 1761, 61638311, 61642268, 3311, 7268
3, 1762, 61673311, 61678038, 3311, 8038
3, 1763, 61708311, 61712268, 3311, 7268
3, 1764, 61743311, 61748330, 3311, 8330
3, 1765, 61778311, 61782268, 3311, 7268
3, 1766, 61813311, 61818038, 3311, 8038
3, 1767, 61848311, 61853808, 3311, 8808
3, 1768, 61883311, 61890049, 3311, 10049
3, 1769, 61918311, 61922268, 3311, 7268
3, 177, 6198311, 6202268, 3311, 7268
3, 1770, 61953311, 61959530, 3311, 9530
3, 1771, 61988311, 61992268, 3311, 7268
3, 1772, 62023311, 62028038, 3311, 8038
3, 1773, 62058311, 62062268, 3311, 7268
3, 1774, 62093311, 62098038, 3311, 8038
3, 1775, 62128311, 62133572, 3311, 8572
3, 1776, 62163311, 62171790, 3311, 11790
3, 1777, 62198311, 62202268, 3311, 7268
3, 1778, 62233311, 62239884, 3311, 9884
3, 1779, 62268311, 62272268, 3311, 7268
3, 178, 6233311, 6238038, 3311, 8038
3, 1780, 62303311, 62309432, 3311, 9432
3, 1781, 62338311, 62342268, 3311, 7268
3, 1782, 62373311, 62378330, 3311, 8330
3, 1783, 62408311, 62412309, 3311, 7309
3, 1784, 62443311, 62450049, 3311, 10049
3, 1785, 62478311, 62482330, 3311, 7330
3, 1786, 62513311, 62520049, 3311, 10049
3, 1787, 62548311, 62552268, 3311, 7268
3, 1788, 62583311, 62588330, 3311, 8330
3, 1789, 62618311, 62622268, 3311, 7268
3, 179, 6268311, 6272268, 3311, 7268
3, 1790, 62653311, 62659432, 3311, 9432
3, 1791, 62688311, 62692330, 3311, 7330
3, 1792, 62723311, 62732880, 3311, 12880
3, 1793, 62758311, 62762268, 3311, 7268
3, 1794, 62793311, 62798330, 3311, 8330
3, 1795, 62828311, 62832268, 3311, 7268
3, 1796, 62863311, 62868038, 3311, 8038
3, 1797, 62898311, 62902330, 3311, 7330
3, 1798, 62933311, 62938038, 3311, 8038
3, 1799, 62968311, 62972309, 3311, 7309
3, 18, 633311, 638330, 3311, 8330
3, 180, 6303311, 6309530, 3311, 9530
3, 1800, 63003311, 63011431, 3311, 11431
3, 1801, 63038311, 63042268, 3311, 7268
3, 1802, 63073311, 63078038, 3311, 8038
3, 1803, 63108311, 63112268, 3311, 7268
3, 1804, 63143311, 63148038, 3311, 8038
3, 1805, 63178311, 63183800, 3311, 8800
3, 1806, 63213311, 63218330, 3311, 8330
3, 1807, 63248311, 63252268, 3311, 7268
3, 1808, 63283311, 63291790, 3311, 11790
3, 1809, 63318311, 63322268, 3311, 7268
3, 181, 6338311, 6342268, 3311, 7268
3, 1810, 63353311, 63359432, 3311, 9432
3, 1811, 63388311, 63392268, 3311, 7268
3, 1812, 63423311, 63428330, 3311, 8330
3, 1813, 63458311, 63462268, 3311, 7268
3, 1814, 63493311, 63498038, 3311, 8038
3, 1815, 63528311, 63533709, 3311, 8709
3, 1816, 63563311, 63571008, 3311, 11008
3, 1817, 63598311, 63602268, 3311, 7268
3, 1818, 63633311, 63638330, 3311, 8330
3, 1819, 63668311, 63672268, 3311, 7268
3, 182, 6373311, 6379884, 3311, 9884
3, 1820, 63703311, 63709432, 3311, 9432
3, 1821, 63738311, 63742268, 3311, 7268
3, 1822, 63773311, 63778038, 3311, 8038
3, 1823, 63808311, 63812268, 3311, 7268
3, 1824, 63843311, 63854306, 3311, 14306
3, 1825, 63878311, 63882268, 3311, 7268
3, 1826, 63913311, 63918038, 3311, 8038
3, 1827, 63948311, 63952268, 3311, 7268
3, 1828, 63983311, 63988038, 3311, 8038
3, 1829, 64018311, 64022268, 3311, 7268
3, 183, 6408311, 6412601, 3311, 7601
3, 1830, 64053311, 64059530, 3311, 9530
3, 1831, 64088311, 64092309, 3311, 7309
3, 1832, 64123311, 64130049, 3311, 10049
3, 1833, 64158311, 64162268, 3311, 7268
3, 1834, 64193311, 64198038, 3311, 8038
3, 1835, 64228311, 64233796, 3311, 8796
3, 1836, 64263311, 64268330, 3311, 8330
3, 1837, 64298311, 64302268, 3311, 7268
3, 1838, 64333311, 64338038, 3311, 8038
3, 1839, 64368311, 64372330, 3311, 7330
3, 184, 6443311, 6450049, 3311, 10049
3, 1840, 64403311, 64412880, 3311, 12880
3, 1841, 64438311, 64442268, 3311, 7268
3, 1842, 64473311, 64478330, 3311, 8330
3, 1843, 64508311, 64512268, 3311, 7268
3, 1844, 64543311, 64548038, 3311, 8038
3, 1845, 64578311, 64582330, 3311, 7330
3, 1846, 64613311, 64618038, 3311, 8038
3, 1847, 64648311, 64652309, 3311, 7309
3, 1848, 64683311, 64690195, 3311, 10195
3, 1849, 64718311, 64722268, 3311, 7268
3, 185, 6478311, 6482268, 3311, 7268
3, 1850, 64753311, 64759432, 3311, 9432
3, 1851, 64788311, 64792268, 3311, 7268
3, 1852, 64823311, 64828038, 3311, 8038
3, 1853, 64858311, 64862268, 3311, 7268
3, 1854, 64893311, 64899982, 3311, 9982
3, 1855, 64928311, 64933572, 3311, 8572
3, 1856, 64963311, 64971790, 3311, 11790
3, 1857, 64998311, 65002268, 3311, 7268
3, 1858, 65033311, 65038038, 3311, 8038
3, 1859, 65068311, 65072268, 3311, 7268
3, 186, 6513311, 6518330, 3311, 8330
3, 1860, 65103311, 65109530, 3311, 9530
3, 1861, 65138311, 65142268, 3311, 7268
3, 1862, 65173311, 65180049, 3311, 10049
3, 1863, 65208311, 65212601, 3311, 7601
3, 1864, 65243311, 65250049, 3311, 10049
3, 1865, 65278311, 65282268, 3311, 7268
3, 1866, 65313311, 65318330, 3311, 8330
3, 1867, 65348311, 65352268, 3311, 7268
3, 1868, 65383311, 65388038, 3311, 8038
3, 1869, 65418311, 65422268, 3311, 7268
3, 187, 6548311, 6552268, 3311, 7268
3, 1870, 65453311, 65459432, 3311, 9432
3, 1871, 65488311, 65492268, 3311, 7268
3, 1872, 65523311, 65533026, 3311, 13026
3, 1873, 65558311, 65562268, 3311, 7268
3, 1874, 65593311, 65598038, 3311, 8038
3, 1875, 65628311, 65632330, 3311, 7330
3, 1876, 65663311, 65668038, 3311, 8038
3, 1877, 65698311, 65702268, 3311, 7268
3, 1878, 65733311, 65738330, 3311, 8330
3, 1879, 65768311, 65772309, 3311, 7309
3, 188, 6583311, 6588038, 3311, 8038
3, 1880, 65803311, 65811431, 3311, 11431
3, 1881, 65838311, 65842330, 3311, 7330
3, 1882, 65873311, 65878038, 3311, 8038
3, 1883, 65908311, 65912268, 3311, 7268
3, 1884, 65943311, 65948330, 3311, 8330
3, 1885, 65978311, 65982268, 3311, 7268
3, 1886, 66013311, 66018038, 3311, 8038
3, 1887, 66048311, 66052330, 3311, 7330
3, 1888, 66083311, 66091644, 3311, 11644
3, 1889, 66118311, 66122268, 3311, 7268
3, 189, 6618311, 6622268, 3311, 7268
3, 1890, 66153311, 66159530, 3311, 9530
3, 1891, 66188311, 66192268, 3311, 7268
3, 1892, 66223311, 66229884, 3311, 9884
3, 1893, 66258311, 66262268, 3311, 7268
3, 1894, 66293311, 66298038, 3311, 8038
3, 1895, 66328311, 66333627, 3311, 8627
3, 1896, 66363311, 66370195, 3311, 10195
3, 1897, 66398311, 66402268, 3311, 7268
3, 1898, 66433311, 66438038, 3311, 8038
3, 1899, 66468311, 66472268, 3311, 7268
3, 19, 668311, 672268, 3311, 7268
3, 190, 6653311, 6661285, 3311, 11285
3, 1900, 66503311, 66511285, 3311, 11285
3, 1901, 66538311, 66542268, 3311, 7268
3, 1902, 66573311, 66578330, 3311, 8330
3, 1903, 66608311, 66612268, 3311, 7268
3, 1904, 66643311, 66651790, 3311, 11790
3, 1905, 66678311, 66682330, 3311, 7330
3, 1906, 66713311, 66718038, 3311, 8038
3, 1907, 66748311, 66752268, 3311, 7268
3, 1908, 66783311, 66788330, 3311, 8330
3, 1909, 66818311, 66822268, 3311, 7268
3, 191, 6688311, 6692268, 3311, 7268
3, 1910, 66853311, 66859432, 3311, 9432
3, 1911, 66888311, 66893808, 3311, 8808
3, 1912, 66923311, 66930049, 3311, 10049
3, 1913, 66958311, 66962268, 3311, 7268
3, 1914, 66993311, 66998330, 3311, 8330
3, 1915, 67028311, 67032268, 3311, 7268
3, 1916, 67063311, 67068038, 3311, 8038
3, 1917, 67098311, 67102268, 3311, 7268
3, 1918, 67133311, 67138038, 3311, 8038
3, 1919, 67168311, 67172941, 3311, 7941
3, 192, 6723311, 6733026, 3311, 13026
3, 1920, 67203311, 67213026, 3311, 13026
3, 1921, 67238311, 67242268, 3311, 7268
3, 1922, 67273311, 67278038, 3311, 8038
3, 1923, 67308311, 67312268, 3311, 7268
3, 1924, 67343311, 67348038, 3311, 8038
3, 1925, 67378311, 67382268, 3311, 7268
3, 1926, 67413311, 67418330, 3311, 8330
3, 1927, 67448311, 67452309, 3311, 7309
3, 1928, 67483311, 67490049, 3311, 10049
3, 1929, 67518311, 67522268, 3311, 7268
3, 193, 6758311, 6762268, 3311, 7268
3, 1930, 67553311, 67560708, 3311, 10708
3, 1931, 67588311, 67592268, 3311, 7268
3, 1932, 67623311, 67628330, 3311, 8330
3, 1933, 67658311, 67662268, 3311, 7268
3, 1934, 67693311, 67698038, 3311, 8038
3, 1935, 67728311, 67733658, 3311, 8658
3, 1936, 67763311, 67771644, 3311, 11644
3, 1937, 67798311, 67802268, 3311, 7268
3, 1938, 67833311, 67840195, 3311, 10195
3, 1939, 67868311, 67872268, 3311, 7268
3, 194, 6793311, 6798038, 3311, 8038
3, 1940, 67903311, 67909432, 3311, 9432
3, 1941, 67938311, 67942268, 3311, 7268
3, 1942, 67973311, 67978038, 3311, 8038
3, 1943, 68008311, 68012309, 3311, 7309
3, 1944, 68043311, 68050195, 3311, 10195
3, 1945, 68078311, 68082268, 3311, 7268
3, 1946, 68113311, 68118038, 3311, 8038
3, 1947, 68148311, 68152268, 3311, 7268
3, 1948, 68183311, 68188038, 3311, 8038
3, 1949, 68218311, 68222268, 3311, 7268
3, 195, 6828311, 6832330, 3311, 7330
3, 1950, 68253311, 68259530, 3311, 9530
3, 1951, 68288311, 68292268, 3311, 7268
3, 1952, 68323311, 68333026, 3311, 13026
3, 1953, 68358311, 68362268, 3311, 7268
3, 1954, 68393311, 68398038, 3311, 8038
3, 1955, 68428311, 68432268, 3311, 7268
3, 1956, 68463311, 68468330, 3311, 8330
3, 1957, 68498311, 68502268, 3311, 7268
3, 1958, 68533311, 68538038, 3311, 8038
3, 1959, 68568311, 68572601, 3311, 7601
3, 196, 6863311, 6868038, 3311, 8038
3, 1960, 68603311, 68611285, 3311, 11285
3, 1961, 68638311, 68642268, 3311, 7268
3, 1962, 68673311, 68678330, 3311, 8330
3, 1963, 68708311, 68712268, 3311, 7268
3, 1964, 68743311, 68748038, 3311, 8038
3, 1965, 68778311, 68782330, 3311, 7330
3, 1966, 68813311, 68818038, 3311, 8038
3, 1967, 68848311, 68852268, 3311, 7268
3, 1968, 68883311, 68892033, 3311, 12033
3, 1969, 68918311, 68922268, 3311, 7268
3, 197, 6898311, 6902268, 3311, 7268
3, 1970, 68953311, 68959432, 3311, 9432
3, 1971, 68988311, 68992268, 3311, 7268
3, 1972, 69023311, 69028038, 3311, 8038
3, 1973, 69058311, 69062268, 3311, 7268
3, 1974, 69093311, 69098330, 3311, 8330
3, 1975, 69128311, 69133627, 3311, 8627
3, 1976, 69163311, 69172153, 3311, 12153
3, 1977, 69198311, 69202268, 3311, 7268
3, 1978, 69233311, 69238038, 3311, 8038
3, 1979, 69268311, 69272268, 3311, 7268
3, 198, 6933311, 6938330, 3311, 8330
3, 1980, 69303311, 69309530, 3311, 9530
3, 1981, 69338311, 69342268, 3311, 7268
3, 1982, 69373311, 69378038, 3311, 8038
3, 1983, 69408311, 69412330, 3311, 7330
3, 1984, 69443311, 69451644, 3311, 11644
3, 1985, 69478311, 69482268, 3311, 7268
3, 1986, 69513311, 69518330, 3311, 8330
3, 1987, 69548311, 69552268, 3311, 7268
3, 1988, 69583311, 69588038, 3311, 8038
3, 1989, 69618311, 69622268, 3311, 7268
3, 199, 6968311, 6972309, 3311, 7309
3, 1990, 69653311, 69659432, 3311, 9432
3, 1991, 69688311, 69692309, 3311, 7309
3, 1992, 69723311, 69730195, 3311, 10195
3, 1993, 69758311, 69762268, 3311, 7268
3, 1994, 69793311, 69798038, 3311, 8038
3, 1995, 69828311, 69833897, 3311, 8897
3, 1996, 69863311, 69868038, 3311, 8038
3, 1997, 69898311, 69902268, 3311, 7268
3, 1998, 69933311, 69938330, 3311, 8330
3, 1999, 69968311, 69972268, 3311, 7268
3, 2, 73311, 78038, 3311, 8038
3, 20, 703311, 709432, 3311, 9432
3, 200, 7003311, 7011431, 3311, 11431
3, 2000, 70003311, 70013026, 3311, 13026
3, 2001, 70038311, 70042268, 3311, 7268
3, 2002, 70073311, 70078038, 3311, 8038
3, 2003, 70108311, 70112268, 3311, 7268
3, 2004, 70143311, 70148330, 3311, 8330
3, 2005, 70178311, 70182268, 3311, 7268
3, 2006, 70213311, 70219884, 3311, 9884
3, 2007, 70248311, 70252601, 3311, 7601
3, 2008, 70283311, 70290049, 3311, 10049
3, 2009, 70318311, 70322268, 3311, 7268
3, 201, 7038311, 7042330, 3311, 7330
3, 2010, 70353311, 70359530, 3311, 9530
3, 2011, 70388311, 70392268, 3311, 7268
3, 2012, 70423311, 70428038, 3311, 8038
3, 2013, 70458311, 70462268, 3311, 7268
3, 2014, 70493311, 70500049, 3311, 10049
3, 2015, 70528311, 70533572, 3311, 8572
3, 2016, 70563311, 70571790, 3311, 11790
3, 2017, 70598311, 70602268, 3311, 7268
3, 2018, 70633311, 70638038, 3311, 8038
3, 2019, 70668311, 70672268, 3311, 7268
3, 202, 7073311, 7078038, 3311, 8038
3, 2020, 70703311, 70709432, 3311, 9432
3, 2021, 70738311, 70742268, 3311, 7268
3, 2022, 70773311, 70778330, 3311, 8330
3, 2023, 70808311, 70812309, 3311, 7309
3, 2024, 70843311, 70850049, 3311, 10049
3, 2025, 70878311, 70883869, 3311, 8869
3, 2026, 70913311, 70918038, 3311, 8038
3, 2027, 70948311, 70952268, 3311, 7268
3, 2028, 70983311, 70988330, 3311, 8330
3, 2029, 71018311, 71022268, 3311, 7268
3, 203, 7108311, 7112268, 3311, 7268
3, 2030, 71053311, 71059432, 3311, 9432
3, 2031, 71088311, 71092330, 3311, 7330
3, 2032, 71123311, 71132880, 3311, 12880
3, 2033, 71158311, 71162268, 3311, 7268
3, 2034, 71193311, 71198330, 3311, 8330
3, 2035, 71228311, 71232268, 3311, 7268
3, 2036, 71263311, 71268038, 3311, 8038
3, 2037, 71298311, 71302268, 3311, 7268
3, 2038, 71333311, 71338038, 3311, 8038
3, 2039, 71368311, 71372309, 3311, 7309
3, 204, 7143311, 7148330, 3311, 8330
3, 2040, 71403311, 71411431, 3311, 11431
3, 2041, 71438311, 71442268, 3311, 7268
3, 2042, 71473311, 71478038, 3311, 8038
3, 2043, 71508311, 71512268, 3311, 7268
3, 2044, 71543311, 71549884, 3311, 9884
3, 2045, 71578311, 71582268, 3311, 7268
3, 2046, 71613311, 71618330, 3311, 8330
3, 2047, 71648311, 71652268, 3311, 7268
3, 2048, 71683311, 71691790, 3311, 11790
3, 2049, 71718311, 71722268, 3311, 7268
3, 205, 7178311, 7182268, 3311, 7268
3, 2050, 71753311, 71759432, 3311, 9432
3, 2051, 71788311, 71792268, 3311, 7268
3, 2052, 71823311, 71830195, 3311, 10195
3, 2053, 71858311, 71862268, 3311, 7268
3, 2054, 71893311, 71898038, 3311, 8038
3, 2055, 71928311, 71933709, 3311, 8709
3, 2056, 71963311, 71970049, 3311, 10049
3, 2057, 71998311, 72002268, 3311, 7268
3, 2058, 72033311, 72038330, 3311, 8330
3, 2059, 72068311, 72072268, 3311, 7268
3, 206, 7213311, 7218038, 3311, 8038
3, 2060, 72103311, 72109432, 3311, 9432
3, 2061, 72138311, 72142268, 3311, 7268
3, 2062, 72173311, 72178038, 3311, 8038
3, 2063, 72208311, 72212941, 3311, 7941
3, 2064, 72243311, 72251790, 3311, 11790
3, 2065, 72278311, 72282268, 3311, 7268
3, 2066, 72313311, 72318038, 3311, 8038
3, 2067, 72348311, 72352268, 3311, 7268
3, 2068, 72383311, 72388038, 3311, 8038
3, 2069, 72418311, 72422268, 3311, 7268
3, 207, 7248311, 7252330, 3311, 7330
3, 2070, 72453311, 72459530, 3311, 9530
3, 2071, 72488311, 72492941, 3311, 7941
3, 2072, 72523311, 72530049, 3311, 10049
3, 2073, 72558311, 72562268, 3311, 7268
3, 2074, 72593311, 72598038, 3311, 8038
3, 2075, 72628311, 72632268, 3311, 7268
3, 2076, 72663311, 72668330, 3311, 8330
3, 2077, 72698311, 72702268, 3311, 7268
3, 2078, 72733311, 72738038, 3311, 8038
3, 2079, 72768311, 72772330, 3311, 7330
3, 208, 7283311, 7291644, 3311, 11644
3, 2080, 72803311, 72812880, 3311, 12880
3, 2081, 72838311, 72842268, 3311, 7268
3, 2082, 72873311, 72879982, 3311, 9982
3, 2083, 72908311, 72912268, 3311, 7268
3, 2084, 72943311, 72948038, 3311, 8038
3, 2085, 72978311, 72982330, 3311, 7330
3, 2086, 73013311, 73018038, 3311, 8038
3, 2087, 73048311, 73052309, 3311, 7309
3, 2088, 73083311, 73090195, 3311, 10195
3, 2089, 73118311, 73122268, 3311, 7268
3, 209, 7318311, 7322268, 3311, 7268
3, 2090, 73153311, 73161431, 3311, 11431
3, 2091, 73188311, 73192268, 3311, 7268
3, 2092, 73223311, 73228038, 3311, 8038
3, 2093, 73258311, 73262268, 3311, 7268
3, 2094, 73293311, 73298330, 3311, 8330
3, 2095, 73328311, 73333572, 3311, 8572
3, 2096, 73363311, 73371790, 3311, 11790
3, 2097, 73398311, 73402268, 3311, 7268
3, 2098, 73433311, 73438038, 3311, 8038
3, 2099, 73468311, 73472268, 3311, 7268
3, 21, 738311, 742268, 3311, 7268
3, 210, 7353311, 7359530, 3311, 9530
3, 2100, 73503311, 73509530, 3311, 9530
3, 2101, 73538311, 73542268, 3311, 7268
3, 2102, 73573311, 73578038, 3311, 8038
3, 2103, 73608311, 73612601, 3311, 7601
3, 2104, 73643311, 73650049, 3311, 10049
3, 2105, 73678311, 73682268, 3311, 7268
3, 2106, 73713311, 73718330, 3311, 8330
3, 2107, 73748311, 73752268, 3311, 7268
3, 2108, 73783311, 73788038, 3311, 8038
3, 2109, 73818311, 73822330, 3311, 7330
3, 211, 7388311, 7392268, 3311, 7268
3, 2110, 73853311, 73859432, 3311, 9432
3, 2111, 73888311, 73892268, 3311, 7268
3, 2112, 73923311, 73933026, 3311, 13026
3, 2113, 73958311, 73962268, 3311, 7268
3, 2114, 73993311, 73998038, 3311, 8038
3, 2115, 74028311, 74032330, 3311, 7330
3, 2116, 74063311, 74068038, 3311, 8038
3, 2117, 74098311, 74102268, 3311, 7268
3, 2118, 74133311, 74138330, 3311, 8330
3, 2119, 74168311, 74172309, 3311, 7309
3, 212, 7423311, 7428038, 3311, 8038
3, 2120, 74203311, 74212389, 3311, 12389
3, 2121, 74238311, 74242268, 3311, 7268
3, 2122, 74273311, 74278038, 3311, 8038
3, 2123, 74308311, 74312268, 3311, 7268
3, 2124, 74343311, 74348330, 3311, 8330
3, 2125, 74378311, 74382268, 3311, 7268
3, 2126, 74413311, 74418038, 3311, 8038
3, 2127, 74448311, 74452330, 3311, 7330
3, 2128, 74483311, 74494160, 3311, 14160
3, 2129, 74518311, 74522268, 3311, 7268
3, 213, 7458311, 7462268, 3311, 7268
3, 2130, 74553311, 74559530, 3311, 9530
3, 2131, 74588311, 74592268, 3311, 7268
3, 2132, 74623311, 74628038, 3311, 8038
3, 2133, 74658311, 74662268, 3311, 7268
3, 2134, 74693311, 74698038, 3311, 8038
3, 2135, 74728311, 74733627, 3311, 8627
3, 2136, 74763311, 74770195, 3311, 10195
3, 2137, 74798311, 74802268, 3311, 7268
3, 2138, 74833311, 74838038, 3311, 8038
3, 2139, 74868311, 74872330, 3311, 7330
3, 214, 7493311, 7498038, 3311, 8038
3, 2140, 74903311, 74909432, 3311, 9432
3, 2141, 74938311, 74942268, 3311, 7268
3, 2142, 74973311, 74978330, 3311, 8330
3, 2143, 75008311, 75012268, 3311, 7268
3, 2144, 75043311, 75051790, 3311, 11790
3, 2145, 75078311, 75082330, 3311, 7330
3, 2146, 75113311, 75118038, 3311, 8038
3, 2147, 75148311, 75152268, 3311, 7268
3, 2148, 75183311, 75188330, 3311, 8330
3, 2149, 75218311, 75222268, 3311, 7268
3, 215, 7528311, 7533627, 3311, 8627
3, 2150, 75253311, 75259432, 3311, 9432
3, 2151, 75288311, 75292601, 3311, 7601
3, 2152, 75323311, 75330049, 3311, 10049
3, 2153, 75358311, 75362268, 3311, 7268
3, 2154, 75393311, 75398330, 3311, 8330
3, 2155, 75428311, 75432268, 3311, 7268
3, 2156, 75463311, 75468038, 3311, 8038
3, 2157, 75498311, 75502268, 3311, 7268
3, 2158, 75533311, 75539884, 3311, 9884
3, 2159, 75568311, 75572268, 3311, 7268
3, 216, 7563311, 7570195, 3311, 10195
3, 2160, 75603311, 75613026, 3311, 13026
3, 2161, 75638311, 75642268, 3311, 7268
3, 2162, 75673311, 75678038, 3311, 8038
3, 2163, 75708311, 75712268, 3311, 7268
3, 2164, 75743311, 75748038, 3311, 8038
3, 2165, 75778311, 75782268, 3311, 7268
3, 2166, 75813311, 75820195, 3311, 10195
3, 2167, 75848311, 75852309, 3311, 7309
3, 2168, 75883311, 75890049, 3311, 10049
3, 2169, 75918311, 75922268, 3311, 7268
3, 217, 7598311, 7602268, 3311, 7268
3, 2170, 75953311, 75959432, 3311, 9432
3, 2171, 75988311, 75992268, 3311, 7268
3, 2172, 76023311, 76028330, 3311, 8330
3, 2173, 76058311, 76062268, 3311, 7268
3, 2174, 76093311, 76098038, 3311, 8038
3, 2175, 76128311, 76133658, 3311, 8658
3, 2176, 76163311, 76171644, 3311, 11644
3, 2177, 76198311, 76202268, 3311, 7268
3, 2178, 76233311, 76238330, 3311, 8330
3, 2179, 76268311, 76272268, 3311, 7268
3, 218, 7633311, 7638038, 3311, 8038
3, 2180, 76303311, 76309432, 3311, 9432
3, 2181, 76338311, 76342268, 3311, 7268
3, 2182, 76373311, 76378038, 3311, 8038
3, 2183, 76408311, 76412309, 3311, 7309
3, 2184, 76443311, 76450195, 3311, 10195
3, 2185, 76478311, 76483800, 3311, 8800
3, 2186, 76513311, 76518038, 3311, 8038
3, 2187, 76548311, 76552268, 3311, 7268
3, 2188, 76583311, 76588038, 3311, 8038
3, 2189, 76618311, 76622268, 3311, 7268
3, 219, 7668311, 7672268, 3311, 7268
3, 2190, 76653311, 76659530, 3311, 9530
3, 2191, 76688311, 76692268, 3311, 7268
3, 2192, 76723311, 76733026, 3311, 13026
3, 2193, 76758311, 76762268, 3311, 7268
3, 2194, 76793311, 76798038, 3311, 8038
3, 2195, 76828311, 76832268, 3311, 7268
3, 2196, 76863311, 76869982, 3311, 9982
3, 2197, 76898311, 76902268, 3311, 7268
3, 2198, 76933311, 76938038, 3311, 8038
3, 2199, 76968311, 76972601, 3311, 7601
3, 22, 773311, 778038, 3311, 8038
3, 220, 7703311, 7710708, 3311, 10708
3, 2200, 77003311, 77011285, 3311, 11285
3, 2201, 77038311, 77042268, 3311, 7268
3, 2202, 77073311, 77078330, 3311, 8330
3, 2203, 77108311, 77112268, 3311, 7268
3, 2204, 77143311, 77150049, 3311, 10049
3, 2205, 77178311, 77182330, 3311, 7330
3, 2206, 77213311, 77218038, 3311, 8038
3, 2207, 77248311, 77252268, 3311, 7268
3, 2208, 77283311, 77291790, 3311, 11790
3, 2209, 77318311, 77322268, 3311, 7268
3, 221, 7738311, 7742268, 3311, 7268
3, 2210, 77353311, 77359432, 3311, 9432
3, 2211, 77388311, 77392268, 3311, 7268
3, 2212, 77423311, 77428038, 3311, 8038
3, 2213, 77458311, 77462268, 3311, 7268
3, 2214, 77493311, 77498330, 3311, 8330
3, 2215, 77528311, 77534637, 3311, 9637
3, 2216, 77563311, 77570049, 3311, 10049
3, 2217, 77598311, 77602268, 3311, 7268
3, 2218, 77633311, 77638038, 3311, 8038
3, 2219, 77668311, 77672268, 3311, 7268
3, 222, 7773311, 7778330, 3311, 8330
3, 2220, 77703311, 77709530, 3311, 9530
3, 2221, 77738311, 77742268, 3311, 7268
3, 2222, 77773311, 77778038, 3311, 8038
3, 2223, 77808311, 77813808, 3311, 8808
3, 2224, 77843311, 77851644, 3311, 11644
3, 2225, 77878311, 77882268, 3311, 7268
3, 2226, 77913311, 77918330, 3311, 8330
3, 2227, 77948311, 77952268, 3311, 7268
3, 2228, 77983311, 77988038, 3311, 8038
3, 2229, 78018311, 78022268, 3311, 7268
3, 223, 7808311, 7812268, 3311, 7268
3, 2230, 78053311, 78059432, 3311, 9432
3, 2231, 78088311, 78092309, 3311, 7309
3, 2232, 78123311, 78130195, 3311, 10195
3, 2233, 78158311, 78162268, 3311, 7268
3, 2234, 78193311, 78199884, 3311, 9884
3, 2235, 78228311, 78232330, 3311, 7330
3, 2236, 78263311, 78268038, 3311, 8038
3, 2237, 78298311, 78302268, 3311, 7268
3, 2238, 78333311, 78338330, 3311, 8330
3, 2239, 78368311, 78372268, 3311, 7268
3, 224, 7843311, 7851790, 3311, 11790
3, 2240, 78403311, 78413026, 3311, 13026
3, 2241, 78438311, 78442268, 3311, 7268
3, 2242, 78473311, 78480049, 3311, 10049
3, 2243, 78508311, 78512268, 3311, 7268
3, 2244, 78543311, 78548330, 3311, 8330
3, 2245, 78578311, 78582268, 3311, 7268
3, 2246, 78613311, 78618038, 3311, 8038
3, 2247, 78648311, 78652601, 3311, 7601
3, 2248, 78683311, 78690049, 3311, 10049
3, 2249, 78718311, 78722268, 3311, 7268
3, 225, 7878311, 7882330, 3311, 7330
3, 2250, 78753311, 78759530, 3311, 9530
3, 2251, 78788311, 78792268, 3311, 7268
3, 2252, 78823311, 78828038, 3311, 8038
3, 2253, 78858311, 78862330, 3311, 7330
3, 2254, 78893311, 78898038, 3311, 8038
3, 2255, 78928311, 78933572, 3311, 8572
3, 2256, 78963311, 78971790, 3311, 11790
3, 2257, 78998311, 79002268, 3311, 7268
3, 2258, 79033311, 79038038, 3311, 8038
3, 2259, 79068311, 79072268, 3311, 7268
3, 226, 7913311, 7918038, 3311, 8038
3, 2260, 79103311, 79109432, 3311, 9432
3, 2261, 79138311, 79142268, 3311, 7268
3, 2262, 79173311, 79178330, 3311, 8330
3, 2263, 79208311, 79212309, 3311, 7309
3, 2264, 79243311, 79250049, 3311, 10049
3, 2265, 79278311, 79282330, 3311, 7330
3, 2266, 79313311, 79318038, 3311, 8038
3, 2267, 79348311, 79352268, 3311, 7268
3, 2268, 79383311, 79388330, 3311, 8330
3, 2269, 79418311, 79422268, 3311, 7268
3, 227, 7948311, 7952268, 3311, 7268
3, 2270, 79453311, 79459432, 3311, 9432
3, 2271, 79488311, 79492330, 3311, 7330
3, 2272, 79523311, 79533123, 3311, 13123
3, 2273, 79558311, 79562268, 3311, 7268
3, 2274, 79593311, 79598330, 3311, 8330
3, 2275, 79628311, 79632268, 3311, 7268
3, 2276, 79663311, 79668038, 3311, 8038
3, 2277, 79698311, 79702268, 3311, 7268
3, 2278, 79733311, 79738038, 3311, 8038
3, 2279, 79768311, 79772309, 3311, 7309
3, 228, 7983311, 7990195, 3311, 10195
3, 2280, 79803311, 79813341, 3311, 13341
3, 2281, 79838311, 79842268, 3311, 7268
3, 2282, 79873311, 79878038, 3311, 8038
3, 2283, 79908311, 79912268, 3311, 7268
3, 2284, 79943311, 79948038, 3311, 8038
3, 2285, 79978311, 79982268, 3311, 7268
3, 2286, 80013311, 80018330, 3311, 8330
3, 2287, 80048311, 80052268, 3311, 7268
3, 2288, 80083311, 80091790, 3311, 11790
3, 2289, 80118311, 80122268, 3311, 7268
3, 229, 8018311, 8022268, 3311, 7268
3, 2290, 80153311, 80159432, 3311, 9432
3, 2291, 80188311, 80192268, 3311, 7268
3, 2292, 80223311, 80228330, 3311, 8330
3, 2293, 80258311, 80262268, 3311, 7268
3, 2294, 80293311, 80298038, 3311, 8038
3, 2295, 80328311, 80333709, 3311, 8709
3, 2296, 80363311, 80370049, 3311, 10049
3, 2297, 80398311, 80402268, 3311, 7268
3, 2298, 80433311, 80438330, 3311, 8330
3, 2299, 80468311, 80472268, 3311, 7268
3, 23, 808311, 812309, 3311, 7309
3, 230, 8053311, 8059432, 3311, 9432
3, 2300, 80503311, 80509432, 3311, 9432
3, 2301, 80538311, 80542268, 3311, 7268
3, 2302, 80573311, 80578038, 3311, 8038
3, 2303, 80608311, 80612268, 3311, 7268
3, 2304, 80643311, 80651790, 3311, 11790
3, 2305, 80678311, 80682268, 3311, 7268
3, 2306, 80713311, 80718038, 3311, 8038
3, 2307, 80748311, 80752268, 3311, 7268
3, 2308, 80783311, 80788038, 3311, 8038
3, 2309, 80818311, 80822268, 3311, 7268
3, 231, 8088311, 8092601, 3311, 7601
3, 2310, 80853311, 80860805, 3311, 10805
3, 2311, 80888311, 80892309, 3311, 7309
3, 2312, 80923311, 80930049, 3311, 10049
3, 2313, 80958311, 80962268, 3311, 7268
3, 2314, 80993311, 80998038, 3311, 8038
3, 2315, 81028311, 81032268, 3311, 7268
3, 2316, 81063311, 81068330, 3311, 8330
3, 2317, 81098311, 81102268, 3311, 7268
3, 2318, 81133311, 81140049, 3311, 10049
3, 2319, 81168311, 81172330, 3311, 7330
3, 232, 8123311, 8130049, 3311, 10049
3, 2320, 81203311, 81212880, 3311, 12880
3, 2321, 81238311, 81242268, 3311, 7268
3, 2322, 81273311, 81278330, 3311, 8330
3, 2323, 81308311, 81312268, 3311, 7268
3, 2324, 81343311, 81348038, 3311, 8038
3, 2325, 81378311, 81382330, 3311, 7330
3, 2326, 81413311, 81418038, 3311, 8038
3, 2327, 81448311, 81452309, 3311, 7309
3, 2328, 81483311, 81490195, 3311, 10195
3, 2329, 81518311, 81522268, 3311, 7268
3, 233, 8158311, 8162268, 3311, 7268
3, 2330, 81553311, 81559432, 3311, 9432
3, 2331, 81588311, 81592268, 3311, 7268
3, 2332, 81623311, 81628038, 3311, 8038
3, 2333, 81658311, 81662268, 3311, 7268
3, 2334, 81693311, 81698330, 3311, 8330
3, 2335, 81728311, 81733572, 3311, 8572
3, 2336, 81763311, 81771790, 3311, 11790
3, 2337, 81798311, 81802330, 3311, 7330
3, 2338, 81833311, 81838038, 3311, 8038
3, 2339, 81868311, 81872268, 3311, 7268
3, 234, 8193311, 8198330, 3311, 8330
3, 2340, 81903311, 81909530, 3311, 9530
3, 2341, 81938311, 81942268, 3311, 7268
3, 2342, 81973311, 81978038, 3311, 8038
3, 2343, 82008311, 82012601, 3311, 7601
3, 2344, 82043311, 82050049, 3311, 10049
3, 2345, 82078311, 82082268, 3311, 7268
3, 2346, 82113311, 82118330, 3311, 8330
3, 2347, 82148311, 82152268, 3311, 7268
3, 2348, 82183311, 82189884, 3311, 9884
3, 2349, 82218311, 82222268, 3311, 7268
3, 235, 8228311, 8232268, 3311, 7268
3, 2350, 82253311, 82259432, 3311, 9432
3, 2351, 82288311, 82292268, 3311, 7268
3, 2352, 82323311, 82333026, 3311, 13026
3, 2353, 82358311, 82362268, 3311, 7268
3, 2354, 82393311, 82398038, 3311, 8038
3, 2355, 82428311, 82432330, 3311, 7330
3, 2356, 82463311, 82470049, 3311, 10049
3, 2357, 82498311, 82502268, 3311, 7268
3, 2358, 82533311, 82538330, 3311, 8330
3, 2359, 82568311, 82572309, 3311, 7309
3, 236, 8263311, 8268038, 3311, 8038
3, 2360, 82603311, 82611431, 3311, 11431
3, 2361, 82638311, 82642268, 3311, 7268
3, 2362, 82673311, 82678038, 3311, 8038
3, 2363, 82708311, 82712268, 3311, 7268
3, 2364, 82743311, 82748330, 3311, 8330
3, 2365, 82778311, 82782268, 3311, 7268
3, 2366, 82813311, 82818038, 3311, 8038
3, 2367, 82848311, 82853808, 3311, 8808
3, 2368, 82883311, 82891644, 3311, 11644
3, 2369, 82918311, 82922268, 3311, 7268
3, 237, 8298311, 8302268, 3311, 7268
3, 2370, 82953311, 82959530, 3311, 9530
3, 2371, 82988311, 82992268, 3311, 7268
3, 2372, 83023311, 83028038, 3311, 8038
3, 2373, 83058311, 83062268, 3311, 7268
3, 2374, 83093311, 83098038, 3311, 8038
3, 2375, 83128311, 83134697, 3311, 9697
3, 2376, 83163311, 83170195, 3311, 10195
3, 2377, 83198311, 83202268, 3311, 7268
3, 2378, 83233311, 83238038, 3311, 8038
3, 2379, 83268311, 83272268, 3311, 7268
3, 238, 8333311, 8338038, 3311, 8038
3, 2380, 83303311, 83309432, 3311, 9432
3, 2381, 83338311, 83342268, 3311, 7268
3, 2382, 83373311, 83378330, 3311, 8330
3, 2383, 83408311, 83412268, 3311, 7268
3, 2384, 83443311, 83451790, 3311, 11790
3, 2385, 83478311, 83482330, 3311, 7330
3, 2386, 83513311, 83519884, 3311, 9884
3, 2387, 83548311, 83552268, 3311, 7268
3, 2388, 83583311, 83588330, 3311, 8330
3, 2389, 83618311, 83622268, 3311, 7268
3, 239, 8368311, 8372941, 3311, 7941
3, 2390, 83653311, 83659432, 3311, 9432
3, 2391, 83688311, 83692601, 3311, 7601
3, 2392, 83723311, 83730049, 3311, 10049
3, 2393, 83758311, 83762268, 3311, 7268
3, 2394, 83793311, 83800195, 3311, 10195
3, 2395, 83828311, 83832268, 3311, 7268
3, 2396, 83863311, 83868038, 3311, 8038
3, 2397, 83898311, 83902268, 3311, 7268
3, 2398, 83933311, 83938038, 3311, 8038
3, 2399, 83968311, 83972268, 3311, 7268
3, 24, 843311, 850195, 3311, 10195
3, 240, 8403311, 8413026, 3311, 13026
3, 2400, 84003311, 84013026, 3311, 13026
3, 2401, 84038311, 84042268, 3311, 7268
3, 2402, 84073311, 84078038, 3311, 8038
3, 2403, 84108311, 84112268, 3311, 7268
3, 2404, 84143311, 84148038, 3311, 8038
3, 2405, 84178311, 84183796, 3311, 8796
3, 2406, 84213311, 84218330, 3311, 8330
3, 2407, 84248311, 84252309, 3311, 7309
3, 2408, 84283311, 84290049, 3311, 10049
3, 2409, 84318311, 84322268, 3311, 7268
3, 241, 8438311, 8442268, 3311, 7268
3, 2410, 84353311, 84359432, 3311, 9432
3, 2411, 84388311, 84392268, 3311, 7268
3, 2412, 84423311, 84428330, 3311, 8330
3, 2413, 84458311, 84462268, 3311, 7268
3, 2414, 84493311, 84498038, 3311, 8038
3, 2415, 84528311, 84533658, 3311, 8658
3, 2416, 84563311, 84571644, 3311, 11644
3, 2417, 84598311, 84602268, 3311, 7268
3, 2418, 84633311, 84638330, 3311, 8330
3, 2419, 84668311, 84672268, 3311, 7268
3, 242, 8473311, 8478038, 3311, 8038
3, 2420, 84703311, 84709432, 3311, 9432
3, 2421, 84738311, 84742268, 3311, 7268
3, 2422, 84773311, 84778038, 3311, 8038
3, 2423, 84808311, 84812309, 3311, 7309
3, 2424, 84843311, 84851154, 3311, 11154
3, 2425, 84878311, 84882268, 3311, 7268
3, 2426, 84913311, 84918038, 3311, 8038
3, 2427, 84948311, 84952268, 3311, 7268
3, 2428, 84983311, 84988038, 3311, 8038
3, 2429, 85018311, 85022268, 3311, 7268
3, 243, 8508311, 8512268, 3311, 7268
3, 2430, 85053311, 85059530, 3311, 9530
3, 2431, 85088311, 85092268, 3311, 7268
3, 2432, 85123311, 85134998, 3311, 14998
3, 2433, 85158311, 85162268, 3311, 7268
3, 2434, 85193311, 85198038, 3311, 8038
3, 2435, 85228311, 85232268, 3311, 7268
3, 2436, 85263311, 85268330, 3311, 8330
3, 2437, 85298311, 85302268, 3311, 7268
3, 2438, 85333311, 85338038, 3311, 8038
3, 2439, 85368311, 85372601, 3311, 7601
3, 244, 8543311, 8548038, 3311, 8038
3, 2440, 85403311, 85411285, 3311, 11285
3, 2441, 85438311, 85442268, 3311, 7268
3, 2442, 85473311, 85478330, 3311, 8330
3, 2443, 85508311, 85512268, 3311, 7268
3, 2444, 85543311, 85548038, 3311, 8038
3, 2445, 85578311, 85582330, 3311, 7330
3, 2446, 85613311, 85618038, 3311, 8038
3, 2447, 85648311, 85652268, 3311, 7268
3, 2448, 85683311, 85691790, 3311, 11790
3, 2449, 85718311, 85722268, 3311, 7268
3, 245, 8578311, 8582268, 3311, 7268
3, 2450, 85753311, 85759432, 3311, 9432
3, 2451, 85788311, 85792330, 3311, 7330
3, 2452, 85823311, 85828038, 3311, 8038
3, 2453, 85858311, 85862268, 3311, 7268
3, 2454, 85893311, 85898330, 3311, 8330
3, 2455, 85928311, 85933627, 3311, 8627
3, 2456, 85963311, 85970049, 3311, 10049
3, 2457, 85998311, 86002268, 3311, 7268
3, 2458, 86033311, 86038038, 3311, 8038
3, 2459, 86068311, 86072268, 3311, 7268
3, 246, 8613311, 8618330, 3311, 8330
3, 2460, 86103311, 86109530, 3311, 9530
3, 2461, 86138311, 86142268, 3311, 7268
3, 2462, 86173311, 86179884, 3311, 9884
3, 2463, 86208311, 86212330, 3311, 7330
3, 2464, 86243311, 86251644, 3311, 11644
3, 2465, 86278311, 86282268, 3311, 7268
3, 2466, 86313311, 86318330, 3311, 8330
3, 2467, 86348311, 86352268, 3311, 7268
3, 2468, 86383311, 86388038, 3311, 8038
3, 2469, 86418311, 86422268, 3311, 7268
3, 247, 8648311, 8652941, 3311, 7941
3, 2470, 86453311, 86461285, 3311, 11285
3, 2471, 86488311, 86492309, 3311, 7309
3, 2472, 86523311, 86530195, 3311, 10195
3, 2473, 86558311, 86562268, 3311, 7268
3, 2474, 86593311, 86598038, 3311, 8038
3, 2475, 86628311, 86632330, 3311, 7330
3, 2476, 86663311, 86668038, 3311, 8038
3, 2477, 86698311, 86702268, 3311, 7268
3, 2478, 86733311, 86738330, 3311, 8330
3, 2479, 86768311, 86772268, 3311, 7268
3, 248, 8683311, 8690049, 3311, 10049
3, 2480, 86803311, 86813026, 3311, 13026
3, 2481, 86838311, 86842330, 3311, 7330
3, 2482, 86873311, 86878038, 3311, 8038
3, 2483, 86908311, 86912268, 3311, 7268
3, 2484, 86943311, 86948330, 3311, 8330
3, 2485, 86978311, 86982268, 3311, 7268
3, 2486, 87013311, 87018038, 3311, 8038
3, 2487, 87048311, 87052601, 3311, 7601
3, 2488, 87083311, 87090049, 3311, 10049
3, 2489, 87118311, 87122268, 3311, 7268
3, 249, 8718311, 8722268, 3311, 7268
3, 2490, 87153311, 87159530, 3311, 9530
3, 2491, 87188311, 87192268, 3311, 7268
3, 2492, 87223311, 87228038, 3311, 8038
3, 2493, 87258311, 87262268, 3311, 7268
3, 2494, 87293311, 87298038, 3311, 8038
3, 2495, 87328311, 87333572, 3311, 8572
3, 2496, 87363311, 87371790, 3311, 11790
3, 2497, 87398311, 87402268, 3311, 7268
3, 2498, 87433311, 87438038, 3311, 8038
3, 2499, 87468311, 87472268, 3311, 7268
3, 25, 878311, 882268, 3311, 7268
3, 250, 8753311, 8759432, 3311, 9432
3, 2500, 87503311, 87510708, 3311, 10708
3, 2501, 87538311, 87542268, 3311, 7268
3, 2502, 87573311, 87578330, 3311, 8330
3, 2503, 87608311, 87612309, 3311, 7309
3, 2504, 87643311, 87650049, 3311, 10049
3, 2505, 87678311, 87682330, 3311, 7330
3, 2506, 87713311, 87718038, 3311, 8038
3, 2507, 87748311, 87752268, 3311, 7268
3, 2508, 87783311, 87790195, 3311, 10195
3, 2509, 87818311, 87822268, 3311, 7268
3, 251, 8788311, 8792268, 3311, 7268
3, 2510, 87853311, 87859432, 3311, 9432
3, 2511, 87888311, 87892330, 3311, 7330
3, 2512, 87923311, 87932880, 3311, 12880
3, 2513, 87958311, 87962268, 3311, 7268
3, 2514, 87993311, 87998330, 3311, 8330
3, 2515, 88028311, 88032268, 3311, 7268
3, 2516, 88063311, 88068038, 3311, 8038
3, 2517, 88098311, 88102268, 3311, 7268
3, 2518, 88133311, 88138038, 3311, 8038
3, 2519, 88168311, 88172941, 3311, 7941
3, 252, 8823311, 8828330, 3311, 8330
3, 2520, 88203311, 88211431, 3311, 11431
3, 2521, 88238311, 88242268, 3311, 7268
3, 2522, 88273311, 88278038, 3311, 8038
3, 2523, 88308311, 88312268, 3311, 7268
3, 2524, 88343311, 88348038, 3311, 8038
3, 2525, 88378311, 88382268, 3311, 7268
3, 2526, 88413311, 88418330, 3311, 8330
3, 2527, 88448311, 88452941, 3311, 7941
3, 2528, 88483311, 88491790, 3311, 11790
3, 2529, 88518311, 88522268, 3311, 7268
3, 253, 8858311, 8862268, 3311, 7268
3, 2530, 88553311, 88559432, 3311, 9432
3, 2531, 88588311, 88592268, 3311, 7268
3, 2532, 88623311, 88628330, 3311, 8330
3, 2533, 88658311, 88662268, 3311, 7268
3, 2534, 88693311, 88698038, 3311, 8038
3, 2535, 88728311, 88733709, 3311, 8709
3, 2536, 88763311, 88770049, 3311, 10049
3, 2537, 88798311, 88802268, 3311, 7268
3, 2538, 88833311, 88839982, 3311, 9982
3, 2539, 88868311, 88872268, 3311, 7268
3, 254, 8893311, 8898038, 3311, 8038
3, 2540, 88903311, 88909432, 3311, 9432
3, 2541, 88938311, 88942268, 3311, 7268
3, 2542, 88973311, 88978038, 3311, 8038
3, 2543, 89008311, 89012268, 3311, 7268
3, 2544, 89043311, 89051790, 3311, 11790
3, 2545, 89078311, 89082268, 3311, 7268
3, 2546, 89113311, 89120049, 3311, 10049
3, 2547, 89148311, 89152268, 3311, 7268
3, 2548, 89183311, 89188038, 3311, 8038
3, 2549, 89218311, 89222268, 3311, 7268
3, 255, 8928311, 8933658, 3311, 8658
3, 2550, 89253311, 89259530, 3311, 9530
3, 2551, 89288311, 89292309, 3311, 7309
3, 2552, 89323311, 89330049, 3311, 10049
3, 2553, 89358311, 89362268, 3311, 7268
3, 2554, 89393311, 89398038, 3311, 8038
3, 2555, 89428311, 89432268, 3311, 7268
3, 2556, 89463311, 89468330, 3311, 8330
3, 2557, 89498311, 89502268, 3311, 7268
3, 2558, 89533311, 89538038, 3311, 8038
3, 2559, 89568311, 89572330, 3311, 7330
3, 256, 8963311, 8971644, 3311, 11644
3, 2560, 89603311, 89612880, 3311, 12880
3, 2561, 89638311, 89642268, 3311, 7268
3, 2562, 89673311, 89678330, 3311, 8330
3, 2563, 89708311, 89712268, 3311, 7268
3, 2564, 89743311, 89748038, 3311, 8038
3, 2565, 89778311, 89783897, 3311, 8897
3, 2566, 89813311, 89818038, 3311, 8038
3, 2567, 89848311, 89852309, 3311, 7309
3, 2568, 89883311, 89890195, 3311, 10195
3, 2569, 89918311, 89922268, 3311, 7268
3, 257, 8998311, 9002268, 3311, 7268
3, 2570, 89953311, 89959432, 3311, 9432
3, 2571, 89988311, 89992268, 3311, 7268
3, 2572, 90023311, 90028038, 3311, 8038
3, 2573, 90058311, 90062268, 3311, 7268
3, 2574, 90093311, 90098330, 3311, 8330
3, 2575, 90128311, 90133572, 3311, 8572
3, 2576, 90163311, 90172033, 3311, 12033
3, 2577, 90198311, 90202268, 3311, 7268
3, 2578, 90233311, 90238038, 3311, 8038
3, 2579, 90268311, 90272268, 3311, 7268
3, 258, 9033311, 9039982, 3311, 9982
3, 2580, 90303311, 90309530, 3311, 9530
3, 2581, 90338311, 90342268, 3311, 7268
3, 2582, 90373311, 90378038, 3311, 8038
3, 2583, 90408311, 90412601, 3311, 7601
3, 2584, 90443311, 90450521, 3311, 10521
3, 2585, 90478311, 90482268, 3311, 7268
3, 2586, 90513311, 90518330, 3311, 8330
3, 2587, 90548311, 90552268, 3311, 7268
3, 2588, 90583311, 90588038, 3311, 8038
3, 2589, 90618311, 90622268, 3311, 7268
3, 259, 9068311, 9072268, 3311, 7268
3, 2590, 90653311, 90659432, 3311, 9432
3, 2591, 90688311, 90692268, 3311, 7268
3, 2592, 90723311, 90733026, 3311, 13026
3, 2593, 90758311, 90762268, 3311, 7268
3, 2594, 90793311, 90798038, 3311, 8038
3, 2595, 90828311, 90833869, 3311, 8869
3, 2596, 90863311, 90868038, 3311, 8038
3, 2597, 90898311, 90902268, 3311, 7268
3, 2598, 90933311, 90938330, 3311, 8330
3, 2599, 90968311, 90972309, 3311, 7309
3, 26, 913311, 918038, 3311, 8038
3, 260, 9103311, 9109432, 3311, 9432
3, 2600, 91003311, 91011431, 3311, 11431
3, 2601, 91038311, 91042268, 3311, 7268
3, 2602, 91073311, 91078038, 3311, 8038
3, 2603, 91108311, 91112268, 3311, 7268
3, 2604, 91143311, 91148330, 3311, 8330
3, 2605, 91178311, 91182268, 3311, 7268
3, 2606, 91213311, 91218038, 3311, 8038
3, 2607, 91248311, 91252330, 3311, 7330
3, 2608, 91283311, 91291644, 3311, 11644
3, 2609, 91318311, 91322268, 3311, 7268
3, 261, 9138311, 9142268, 3311, 7268
3, 2610, 91353311, 91359530, 3311, 9530
3, 2611, 91388311, 91392268, 3311, 7268
3, 2612, 91423311, 91428038, 3311, 8038
3, 2613, 91458311, 91462268, 3311, 7268
3, 2614, 91493311, 91499884, 3311, 9884
3, 2615, 91528311, 91533627, 3311, 8627
3, 2616, 91563311, 91570195, 3311, 10195
3, 2617, 91598311, 91602268, 3311, 7268
3, 2618, 91633311, 91638038, 3311, 8038
3, 2619, 91668311, 91672268, 3311, 7268
3, 262, 9173311, 9178038, 3311, 8038
3, 2620, 91703311, 91709432, 3311, 9432
3, 2621, 91738311, 91742268, 3311, 7268
3, 2622, 91773311, 91780195, 3311, 10195
3, 2623, 91808311, 91812268, 3311, 7268
3, 2624, 91843311, 91851790, 3311, 11790
3, 2625, 91878311, 91882330, 3311, 7330
3, 2626, 91913311, 91918038, 3311, 8038
3, 2627, 91948311, 91952268, 3311, 7268
3, 2628, 91983311, 91988330, 3311, 8330
3, 2629, 92018311, 92022268, 3311, 7268
3, 263, 9208311, 9212309, 3311, 7309
3, 2630, 92053311, 92059432, 3311, 9432
3, 2631, 92088311, 92092601, 3311, 7601
3, 2632, 92123311, 92130049, 3311, 10049
3, 2633, 92158311, 92162268, 3311, 7268
3, 2634, 92193311, 92198330, 3311, 8330
3, 2635, 92228311, 92232268, 3311, 7268
3, 2636, 92263311, 92268038, 3311, 8038
3, 2637, 92298311, 92302268, 3311, 7268
3, 2638, 92333311, 92338038, 3311, 8038
3, 2639, 92368311, 92372268, 3311, 7268
3, 264, 9243311, 9250195, 3311, 10195
3, 2640, 92403311, 92413026, 3311, 13026
3, 2641, 92438311, 92442268, 3311, 7268
3, 2642, 92473311, 92478038, 3311, 8038
3, 2643, 92508311, 92512268, 3311, 7268
3, 2644, 92543311, 92548038, 3311, 8038
3, 2645, 92578311, 92582268, 3311, 7268
3, 2646, 92613311, 92618330, 3311, 8330
3, 2647, 92648311, 92652309, 3311, 7309
3, 2648, 92683311, 92690049, 3311, 10049
3, 2649, 92718311, 92722268, 3311, 7268
3, 265, 9278311, 9282268, 3311, 7268
3, 2650, 92753311, 92759432, 3311, 9432
3, 2651, 92788311, 92792268, 3311, 7268
3, 2652, 92823311, 92829982, 3311, 9982
3, 2653, 92858311, 92862268, 3311, 7268
3, 2654, 92893311, 92898038, 3311, 8038
3, 2655, 92928311, 92933658, 3311, 8658
3, 2656, 92963311, 92971644, 3311, 11644
3, 2657, 92998311, 93002268, 3311, 7268
3, 2658, 93033311, 93038330, 3311, 8330
3, 2659, 93068311, 93072268, 3311, 7268
3, 266, 9313311, 9320049, 3311, 10049
3, 2660, 93103311, 93111431, 3311, 11431
3, 2661, 93138311, 93142268, 3311, 7268
3, 2662, 93173311, 93178038, 3311, 8038
3, 2663, 93208311, 93212309, 3311, 7309
3, 2664, 93243311, 93250195, 3311, 10195
3, 2665, 93278311, 93282268, 3311, 7268
3, 2666, 93313311, 93318038, 3311, 8038
3, 2667, 93348311, 93352268, 3311, 7268
3, 2668, 93383311, 93388038, 3311, 8038
3, 2669, 93418311, 93422268, 3311, 7268
3, 267, 9348311, 9352268, 3311, 7268
3, 2670, 93453311, 93459530, 3311, 9530
3, 2671, 93488311, 93492941, 3311, 7941
3, 2672, 93523311, 93533026, 3311, 13026
3, 2673, 93558311, 93562268, 3311, 7268
3, 2674, 93593311, 93598038, 3311, 8038
3, 2675, 93628311, 93632268, 3311, 7268
3, 2676, 93663311, 93668330, 3311, 8330
3, 2677, 93698311, 93702268, 3311, 7268
3, 2678, 93733311, 93738038, 3311, 8038
3, 2679, 93768311, 93773808, 3311, 8808
3, 268, 9383311, 9388038, 3311, 8038
3, 2680, 93803311, 93811285, 3311, 11285
3, 2681, 93838311, 93842268, 3311, 7268
3, 2682, 93873311, 93878330, 3311, 8330
3, 2683, 93908311, 93912268, 3311, 7268
3, 2684, 93943311, 93948038, 3311, 8038
3, 2685, 93978311, 93982330, 3311, 7330
3, 2686, 94013311, 94018038, 3311, 8038
3, 2687, 94048311, 94052268, 3311, 7268
3, 2688, 94083311, 94091790, 3311, 11790
3, 2689, 94118311, 94122268, 3311, 7268
3, 269, 9418311, 9422268, 3311, 7268
3, 2690, 94153311, 94160805, 3311, 10805
3, 2691, 94188311, 94192268, 3311, 7268
3, 2692, 94223311, 94228038, 3311, 8038
3, 2693, 94258311, 94262268, 3311, 7268
3, 2694, 94293311, 94298330, 3311, 8330
3, 2695, 94328311, 94333627, 3311, 8627
3, 2696, 94363311, 94370049, 3311, 10049
3, 2697, 94398311, 94402268, 3311, 7268
3, 2698, 94433311, 94440049, 3311, 10049
3, 2699, 94468311, 94472268, 3311, 7268
3, 27, 948311, 952268, 3311, 7268
3, 270, 9453311, 9459530, 3311, 9530
3, 2700, 94503311, 94509530, 3311, 9530
3, 2701, 94538311, 94542268, 3311, 7268
3, 2702, 94573311, 94578038, 3311, 8038
3, 2703, 94608311, 94612330, 3311, 7330
3, 2704, 94643311, 94651644, 3311, 11644
3, 2705, 94678311, 94682268, 3311, 7268
3, 2706, 94713311, 94718330, 3311, 8330
3, 2707, 94748311, 94752268, 3311, 7268
3, 2708, 94783311, 94788038, 3311, 8038
3, 2709, 94818311, 94822330, 3311, 7330
3, 271, 9488311, 9492268, 3311, 7268
3, 2710, 94853311, 94859432, 3311, 9432
3, 2711, 94888311, 94892309, 3311, 7309
3, 2712, 94923311, 94930195, 3311, 10195
3, 2713, 94958311, 94962268, 3311, 7268
3, 2714, 94993311, 94998038, 3311, 8038
3, 2715, 95028311, 95032330, 3311, 7330
3, 2716, 95063311, 95068038, 3311, 8038
3, 2717, 95098311, 95102268, 3311, 7268
3, 2718, 95133311, 95138330, 3311, 8330
3, 2719, 95168311, 95172268, 3311, 7268
3, 272, 9523311, 9533026, 3311, 13026
3, 2720, 95203311, 95213026, 3311, 13026
3, 2721, 95238311, 95242268, 3311, 7268
3, 2722, 95273311, 95278038, 3311, 8038
3, 2723, 95308311, 95312268, 3311, 7268
3, 2724, 95343311, 95348330, 3311, 8330
3, 2725, 95378311, 95382268, 3311, 7268
3, 2726, 95413311, 95418038, 3311, 8038
3, 2727, 95448311, 95452601, 3311, 7601
3, 2728, 95483311, 95491008, 3311, 11008
3, 2729, 95518311, 95522268, 3311, 7268
3, 273, 9558311, 9562268, 3311, 7268
3, 2730, 95553311, 95559530, 3311, 9530
3, 2731, 95588311, 95592268, 3311, 7268
3, 2732, 95623311, 95628038, 3311, 8038
3, 2733, 95658311, 95662268, 3311, 7268
3, 2734, 95693311, 95698038, 3311, 8038
3, 2735, 95728311, 95733572, 3311, 8572
3, 2736, 95763311, 95774306, 3311, 14306
3, 2737, 95798311, 95802268, 3311, 7268
3, 2738, 95833311, 95838038, 3311, 8038
3, 2739, 95868311, 95872268, 3311, 7268
3, 274, 9593311, 9598038, 3311, 8038
3, 2740, 95903311, 95909432, 3311, 9432
3, 2741, 95938311, 95942268, 3311, 7268
3, 2742, 95973311, 95978330, 3311, 8330
3, 2743, 96008311, 96012309, 3311, 7309
3, 2744, 96043311, 96050049, 3311, 10049
3, 2745, 96078311, 96082330, 3311, 7330
3, 2746, 96113311, 96118038, 3311, 8038
3, 2747, 96148311, 96152268, 3311, 7268
3, 2748, 96183311, 96188330, 3311, 8330
3, 2749, 96218311, 96222268, 3311, 7268
3, 275, 9628311, 9632268, 3311, 7268
3, 2750, 96253311, 96259432, 3311, 9432
3, 2751, 96288311, 96292330, 3311, 7330
3, 2752, 96323311, 96332880, 3311, 12880
3, 2753, 96358311, 96362268, 3311, 7268
3, 2754, 96393311, 96398330, 3311, 8330
3, 2755, 96428311, 96433800, 3311, 8800
3, 2756, 96463311, 96468038, 3311, 8038
3, 2757, 96498311, 96502268, 3311, 7268
3, 2758, 96533311, 96538038, 3311, 8038
3, 2759, 96568311, 96572309, 3311, 7309
3, 276, 9663311, 9668330, 3311, 8330
3, 2760, 96603311, 96611431, 3311, 11431
3, 2761, 96638311, 96642268, 3311, 7268
3, 2762, 96673311, 96678038, 3311, 8038
3, 2763, 96708311, 96712268, 3311, 7268
3, 2764, 96743311, 96748038, 3311, 8038
3, 2765, 96778311, 96782268, 3311, 7268
3, 2766, 96813311, 96819982, 3311, 9982
3, 2767, 96848311, 96852268, 3311, 7268
3, 2768, 96883311, 96891790, 3311, 11790
3, 2769, 96918311, 96922268, 3311, 7268
3, 277, 9698311, 9702268, 3311, 7268
3, 2770, 96953311, 96959432, 3311, 9432
3, 2771, 96988311, 96992268, 3311, 7268
3, 2772, 97023311, 97028330, 3311, 8330
3, 2773, 97058311, 97062268, 3311, 7268
3, 2774, 97093311, 97100049, 3311, 10049
3, 2775, 97128311, 97133709, 3311, 8709
3, 2776, 97163311, 97170049, 3311, 10049
3, 2777, 97198311, 97202268, 3311, 7268
3, 2778, 97233311, 97238330, 3311, 8330
3, 2779, 97268311, 97272268, 3311, 7268
3, 278, 9733311, 9738038, 3311, 8038
3, 2780, 97303311, 97309432, 3311, 9432
3, 2781, 97338311, 97342268, 3311, 7268
3, 2782, 97373311, 97378038, 3311, 8038
3, 2783, 97408311, 97412268, 3311, 7268
3, 2784, 97443311, 97451790, 3311, 11790
3, 2785, 97478311, 97483796, 3311, 8796
3, 2786, 97513311, 97518038, 3311, 8038
3, 2787, 97548311, 97552268, 3311, 7268
3, 2788, 97583311, 97588038, 3311, 8038
3, 2789, 97618311, 97622268, 3311, 7268
3, 279, 9768311, 9772601, 3311, 7601
3, 2790, 97653311, 97659530, 3311, 9530
3, 2791, 97688311, 97692309, 3311, 7309
3, 2792, 97723311, 97730049, 3311, 10049
3, 2793, 97758311, 97762330, 3311, 7330
3, 2794, 97793311, 97798038, 3311, 8038
3, 2795, 97828311, 97832268, 3311, 7268
3, 2796, 97863311, 97868330, 3311, 8330
3, 2797, 97898311, 97902268, 3311, 7268
3, 2798, 97933311, 97938038, 3311, 8038
3, 2799, 97968311, 97972330, 3311, 7330
3, 28, 983311, 988038, 3311, 8038
3, 280, 9803311, 9811285, 3311, 11285
3, 2800, 98003311, 98012880, 3311, 12880
3, 2801, 98038311, 98042268, 3311, 7268
3, 2802, 98073311, 98078330, 3311, 8330
3, 2803, 98108311, 98112268, 3311, 7268
3, 2804, 98143311, 98149884, 3311, 9884
3, 2805, 98178311, 98182330, 3311, 7330
3, 2806, 98213311, 98218038, 3311, 8038
3, 2807, 98248311, 98252309, 3311, 7309
3, 2808, 98283311, 98290195, 3311, 10195
3, 2809, 98318311, 98322268, 3311, 7268
3, 281, 9838311, 9842268, 3311, 7268
3, 2810, 98353311, 98359432, 3311, 9432
3, 2811, 98388311, 98392268, 3311, 7268
3, 2812, 98423311, 98430049, 3311, 10049
3, 2813, 98458311, 98462268, 3311, 7268
3, 2814, 98493311, 98498330, 3311, 8330
3, 2815, 98528311, 98533572, 3311, 8572
3, 2816, 98563311, 98571790, 3311, 11790
3, 2817, 98598311, 98602268, 3311, 7268
3, 2818, 98633311, 98638038, 3311, 8038
3, 2819, 98668311, 98672268, 3311, 7268
3, 282, 9873311, 9878330, 3311, 8330
3, 2820, 98703311, 98709530, 3311, 9530
3, 2821, 98738311, 98742268, 3311, 7268
3, 2822, 98773311, 98778038, 3311, 8038
3, 2823, 98808311, 98813915, 3311, 8915
3, 2824, 98843311, 98850049, 3311, 10049
3, 2825, 98878311, 98882268, 3311, 7268
3, 2826, 98913311, 98918330, 3311, 8330
3, 2827, 98948311, 98952268, 3311, 7268
3, 2828, 98983311, 98988038, 3311, 8038
3, 2829, 99018311, 99022268, 3311, 7268
3, 283, 9908311, 9912268, 3311, 7268
3, 2830, 99053311, 99059432, 3311, 9432
3, 2831, 99088311, 99092941, 3311, 7941
3, 2832, 99123311, 99133026, 3311, 13026
3, 2833, 99158311, 99162268, 3311, 7268
3, 2834, 99193311, 99198038, 3311, 8038
3, 2835, 99228311, 99232330, 3311, 7330
3, 2836, 99263311, 99268038, 3311, 8038
3, 2837, 99298311, 99302268, 3311, 7268
3, 2838, 99333311, 99338330, 3311, 8330
3, 2839, 99368311, 99372309, 3311, 7309
3, 284, 9943311, 9948038, 3311, 8038
3, 2840, 99403311, 99411431, 3311, 11431
3, 2841, 99438311, 99442268, 3311, 7268
3, 2842, 99473311, 99479884, 3311, 9884
3, 2843, 99508311, 99512268, 3311, 7268
3, 2844, 99543311, 99548330, 3311, 8330
3, 2845, 99578311, 99582268, 3311, 7268
3, 2846, 99613311, 99618038, 3311, 8038
3, 2847, 99648311, 99652330, 3311, 7330
3, 2848, 99683311, 99691644, 3311, 11644
3, 2849, 99718311, 99722268, 3311, 7268
3, 285, 9978311, 9983897, 3311, 8897
3, 2850, 99753311, 99761431, 3311, 11431
3, 2851, 99788311, 99792268, 3311, 7268
3, 2852, 99823311, 99828038, 3311, 8038
3, 2853, 99858311, 99862268, 3311, 7268
3, 2854, 99893311, 99898038, 3311, 8038
3, 2855, 99928311, 99933627, 3311, 8627
3, 2856, 99963311, 99970195, 3311, 10195
3, 2857, 99998311, 100002268, 3311, 7268
3, 2858, 100033311, 100038038, 3311, 8038
3, 2859, 100068311, 100072268, 3311, 7268
3, 286, 10013311, 10018038, 3311, 8038
3, 2860, 100103311, 100109432, 3311, 9432
3, 2861, 100138311, 100142268, 3311, 7268
3, 2862, 100173311, 100178330, 3311, 8330
3, 2863, 100208311, 100212268, 3311, 7268
3, 2864, 100243311, 100251790, 3311, 11790
3, 2865, 100278311, 100282330, 3311, 7330
3, 2866, 100313311, 100318038, 3311, 8038
3, 2867, 100348311, 100352268, 3311, 7268
3, 2868, 100383311, 100388330, 3311, 8330
3, 2869, 100418311, 100422268, 3311, 7268
3, 287, 10048311, 10052268, 3311, 7268
3, 2870, 100453311, 100459432, 3311, 9432
3, 2871, 100488311, 100492601, 3311, 7601
3, 2872, 100523311, 100530049, 3311, 10049
3, 2873, 100558311, 100562268, 3311, 7268
3, 2874, 100593311, 100598330, 3311, 8330
3, 2875, 100628311, 100632268, 3311, 7268
3, 2876, 100663311, 100668038, 3311, 8038
3, 2877, 100698311, 100702268, 3311, 7268
3, 2878, 100733311, 100738038, 3311, 8038
3, 2879, 100768311, 100772268, 3311, 7268
3, 288, 10083311, 10091790, 3311, 11790
3, 2880, 100803311, 100813269, 3311, 13269
3, 2881, 100838311, 100842268, 3311, 7268
3, 2882, 100873311, 100878038, 3311, 8038
3, 2883, 100908311, 100912268, 3311, 7268
3, 2884, 100943311, 100948038, 3311, 8038
3, 2885, 100978311, 100982268, 3311, 7268
3, 2886, 101013311, 101018330, 3311, 8330
3, 2887, 101048311, 101052309, 3311, 7309
3, 2888, 101083311, 101092153, 3311, 12153
3, 2889, 101118311, 101122268, 3311, 7268
3, 289, 10118311, 10122268, 3311, 7268
3, 2890, 101153311, 101159432, 3311, 9432
3, 2891, 101188311, 101192268, 3311, 7268
3, 2892, 101223311, 101228330, 3311, 8330
3, 2893, 101258311, 101262268, 3311, 7268
3, 2894, 101293311, 101298038, 3311, 8038
3, 2895, 101328311, 101333658, 3311, 8658
3, 2896, 101363311, 101371644, 3311, 11644
3, 2897, 101398311, 101402268, 3311, 7268
3, 2898, 101433311, 101438330, 3311, 8330
3, 2899, 101468311, 101472268, 3311, 7268
3, 29, 1018311, 1022268, 3311, 7268
3, 290, 10153311, 10159432, 3311, 9432
3, 2900, 101503311, 101509432, 3311, 9432
3, 2901, 101538311, 101542268, 3311, 7268
3, 2902, 101573311, 101578038, 3311, 8038
3, 2903, 101608311, 101612309, 3311, 7309
3, 2904, 101643311, 101650195, 3311, 10195
3, 2905, 101678311, 101682268, 3311, 7268
3, 2906, 101713311, 101718038, 3311, 8038
3, 2907, 101748311, 101752330, 3311, 7330
3, 2908, 101783311, 101788038, 3311, 8038
3, 2909, 101818311, 101822268, 3311, 7268
3, 291, 10188311, 10192268, 3311, 7268
3, 2910, 101853311, 101859530, 3311, 9530
3, 2911, 101888311, 101892268, 3311, 7268
3, 2912, 101923311, 101933026, 3311, 13026
3, 2913, 101958311, 101962268, 3311, 7268
3, 2914, 101993311, 101998038, 3311, 8038
3, 2915, 102028311, 102032268, 3311, 7268
3, 2916, 102063311, 102068330, 3311, 8330
3, 2917, 102098311, 102102268, 3311, 7268
3, 2918, 102133311, 102139884, 3311, 9884
3, 2919, 102168311, 102172601, 3311, 7601
3, 292, 10223311, 10228038, 3311, 8038
3, 2920, 102203311, 102211285, 3311, 11285
3, 2921, 102238311, 102242268, 3311, 7268
3, 2922, 102273311, 102278330, 3311, 8330
3, 2923, 102308311, 102312268, 3311, 7268
3, 2924, 102343311, 102348038, 3311, 8038
3, 2925, 102378311, 102382330, 3311, 7330
3, 2926, 102413311, 102420049, 3311, 10049
3, 2927, 102448311, 102452268, 3311, 7268
3, 2928, 102483311, 102491790, 3311, 11790
3, 2929, 102518311, 102522268, 3311, 7268
3, 293, 10258311, 10262268, 3311, 7268
3, 2930, 102553311, 102559432, 3311, 9432
3, 2931, 102588311, 102592268, 3311, 7268
3, 2932, 102623311, 102628038, 3311, 8038
3, 2933, 102658311, 102662268, 3311, 7268
3, 2934, 102693311, 102698330, 3311, 8330
3, 2935, 102728311, 102733627, 3311, 8627
3, 2936, 102763311, 102770049, 3311, 10049
3, 2937, 102798311, 102802330, 3311, 7330
3, 2938, 102833311, 102838038, 3311, 8038
3, 2939, 102868311, 102872268, 3311, 7268
3, 294, 10293311, 10298330, 3311, 8330
3, 2940, 102903311, 102909530, 3311, 9530
3, 2941, 102938311, 102942268, 3311, 7268
3, 2942, 102973311, 102978038, 3311, 8038
3, 2943, 103008311, 103012330, 3311, 7330
3, 2944, 103043311, 103051644, 3311, 11644
3, 2945, 103078311, 103083800, 3311, 8800
3, 2946, 103113311, 103118330, 3311, 8330
3, 2947, 103148311, 103152268, 3311, 7268
3, 2948, 103183311, 103188038, 3311, 8038
3, 2949, 103218311, 103222268, 3311, 7268
3, 295, 10328311, 10333627, 3311, 8627
3, 2950, 103253311, 103259432, 3311, 9432
3, 2951, 103288311, 103292309, 3311, 7309
3, 2952, 103323311, 103330195, 3311, 10195
3, 2953, 103358311, 103362268, 3311, 7268
3, 2954, 103393311, 103398038, 3311, 8038
3, 2955, 103428311, 103432330, 3311, 7330
3, 2956, 103463311, 103469884, 3311, 9884
3, 2957, 103498311, 103502268, 3311, 7268
3, 2958, 103533311, 103538330, 3311, 8330
3, 2959, 103568311, 103572268, 3311, 7268
3, 296, 10363311, 10371154, 3311, 11154
3, 2960, 103603311, 103613026, 3311, 13026
3, 2961, 103638311, 103642268, 3311, 7268
3, 2962, 103673311, 103678038, 3311, 8038
3, 2963, 103708311, 103712268, 3311, 7268
3, 2964, 103743311, 103750195, 3311, 10195
3, 2965, 103778311, 103782268, 3311, 7268
3, 2966, 103813311, 103818038, 3311, 8038
3, 2967, 103848311, 103852601, 3311, 7601
3, 2968, 103883311, 103890049, 3311, 10049
3, 2969, 103918311, 103922268, 3311, 7268
3, 297, 10398311, 10402268, 3311, 7268
3, 2970, 103953311, 103959530, 3311, 9530
3, 2971, 103988311, 103992268, 3311, 7268
3, 2972, 104023311, 104028038, 3311, 8038
3, 2973, 104058311, 104062268, 3311, 7268
3, 2974, 104093311, 104098038, 3311, 8038
3, 2975, 104128311, 104134637, 3311, 9637
3, 2976, 104163311, 104171790, 3311, 11790
3, 2977, 104198311, 104202268, 3311, 7268
3, 2978, 104233311, 104238038, 3311, 8038
3, 2979, 104268311, 104272268, 3311, 7268
3, 298, 10433311, 10438038, 3311, 8038
3, 2980, 104303311, 104309432, 3311, 9432
3, 2981, 104338311, 104342268, 3311, 7268
3, 2982, 104373311, 104378330, 3311, 8330
3, 2983, 104408311, 104412941, 3311, 7941
3, 2984, 104443311, 104450049, 3311, 10049
3, 2985, 104478311, 104482330, 3311, 7330
3, 2986, 104513311, 104518038, 3311, 8038
3, 2987, 104548311, 104552268, 3311, 7268
3, 2988, 104583311, 104588330, 3311, 8330
3, 2989, 104618311, 104622268, 3311, 7268
3, 299, 10468311, 10472268, 3311, 7268
3, 2990, 104653311, 104659432, 3311, 9432
3, 2991, 104688311, 104692330, 3311, 7330
3, 2992, 104723311, 104732880, 3311, 12880
3, 2993, 104758311, 104762268, 3311, 7268
3, 2994, 104793311, 104799982, 3311, 9982
3, 2995, 104828311, 104832268, 3311, 7268
3, 2996, 104863311, 104868038, 3311, 8038
3, 2997, 104898311, 104902268, 3311, 7268
3, 2998, 104933311, 104938038, 3311, 8038
3, 2999, 104968311, 104972309, 3311, 7309
3, 3, 108311, 112268, 3311, 7268
3, 30, 1053311, 1060805, 3311, 10805
3, 300, 10503311, 10509530, 3311, 9530
3, 3000, 105003311, 105011431, 3311, 11431
3, 3001, 105038311, 105042268, 3311, 7268
3, 3002, 105073311, 105080049, 3311, 10049
3, 3003, 105108311, 105112268, 3311, 7268
3, 3004, 105143311, 105148038, 3311, 8038
3, 3005, 105178311, 105182268, 3311, 7268
3, 3006, 105213311, 105218330, 3311, 8330
3, 3007, 105248311, 105252268, 3311, 7268
3, 3008, 105283311, 105291790, 3311, 11790
3, 3009, 105318311, 105322268, 3311, 7268
3, 301, 10538311, 10542268, 3311, 7268
3, 3010, 105353311, 105359432, 3311, 9432
3, 3011, 105388311, 105392268, 3311, 7268
3, 3012, 105423311, 105428330, 3311, 8330
3, 3013, 105458311, 105462268, 3311, 7268
3, 3014, 105493311, 105498038, 3311, 8038
3, 3015, 105528311, 105533709, 3311, 8709
3, 3016, 105563311, 105570049, 3311, 10049
3, 3017, 105598311, 105602268, 3311, 7268
3, 3018, 105633311, 105638330, 3311, 8330
3, 3019, 105668311, 105672268, 3311, 7268
3, 302, 10573311, 10578038, 3311, 8038
3, 3020, 105703311, 105709432, 3311, 9432
3, 3021, 105738311, 105742330, 3311, 7330
3, 3022, 105773311, 105778038, 3311, 8038
3, 3023, 105808311, 105812268, 3311, 7268
3, 3024, 105843311, 105851790, 3311, 11790
3, 3025, 105878311, 105882268, 3311, 7268
3, 3026, 105913311, 105918038, 3311, 8038
3, 3027, 105948311, 105952268, 3311, 7268
3, 3028, 105983311, 105988038, 3311, 8038
3, 3029, 106018311, 106022268, 3311, 7268
3, 303, 10608311, 10612330, 3311, 7330
3, 3030, 106053311, 106059530, 3311, 9530
3, 3031, 106088311, 106092309, 3311, 7309
3, 3032, 106123311, 106132389, 3311, 12389
3, 3033, 106158311, 106162268, 3311, 7268
3, 3034, 106193311, 106198038, 3311, 8038
3, 3035, 106228311, 106232268, 3311, 7268
3, 3036, 106263311, 106268330, 3311, 8330
3, 3037, 106298311, 106302268, 3311, 7268
3, 3038, 106333311, 106338038, 3311, 8038
3, 3039, 106368311, 106372330, 3311, 7330
3, 304, 10643311, 10654160, 3311, 14160
3, 3040, 106403311, 106415157, 3311, 15157
3, 3041, 106438311, 106442268, 3311, 7268
3, 3042, 106473311, 106478330, 3311, 8330
3, 3043, 106508311, 106512268, 3311, 7268
3, 3044, 106543311, 106548038, 3311, 8038
3, 3045, 106578311, 106582330, 3311, 7330
3, 3046, 106613311, 106618038, 3311, 8038
3, 3047, 106648311, 106652309, 3311, 7309
3, 3048, 106683311, 106690195, 3311, 10195
3, 3049, 106718311, 106722268, 3311, 7268
3, 305, 10678311, 10682268, 3311, 7268
3, 3050, 106753311, 106759432, 3311, 9432
3, 3051, 106788311, 106792330, 3311, 7330
3, 3052, 106823311, 106828038, 3311, 8038
3, 3053, 106858311, 106862268, 3311, 7268
3, 3054, 106893311, 106898330, 3311, 8330
3, 3055, 106928311, 106933572, 3311, 8572
3, 3056, 106963311, 106971790, 3311, 11790
3, 3057, 106998311, 107002268, 3311, 7268
3, 3058, 107033311, 107038038, 3311, 8038
3, 3059, 107068311, 107072268, 3311, 7268
3, 306, 10713311, 10718330, 3311, 8330
3, 3060, 107103311, 107109530, 3311, 9530
3, 3061, 107138311, 107142268, 3311, 7268
3, 3062, 107173311, 107178038, 3311, 8038
3, 3063, 107208311, 107212601, 3311, 7601
3, 3064, 107243311, 107250049, 3311, 10049
3, 3065, 107278311, 107282268, 3311, 7268
3, 3066, 107313311, 107318330, 3311, 8330
3, 3067, 107348311, 107352268, 3311, 7268
3, 3068, 107383311, 107388038, 3311, 8038
3, 3069, 107418311, 107422268, 3311, 7268
3, 307, 10748311, 10752268, 3311, 7268
3, 3070, 107453311, 107460708, 3311, 10708
3, 3071, 107488311, 107492268, 3311, 7268
3, 3072, 107523311, 107533026, 3311, 13026
3, 3073, 107558311, 107562268, 3311, 7268
3, 3074, 107593311, 107598038, 3311, 8038
3, 3075, 107628311, 107632330, 3311, 7330
3, 3076, 107663311, 107668038, 3311, 8038
3, 3077, 107698311, 107702268, 3311, 7268
3, 3078, 107733311, 107740195, 3311, 10195
3, 3079, 107768311, 107772309, 3311, 7309
3, 308, 10783311, 10788038, 3311, 8038
3, 3080, 107803311, 107811431, 3311, 11431
3, 3081, 107838311, 107842268, 3311, 7268
3, 3082, 107873311, 107878038, 3311, 8038
3, 3083, 107908311, 107912268, 3311, 7268
3, 3084, 107943311, 107948330, 3311, 8330
3, 3085, 107978311, 107982268, 3311, 7268
3, 3086, 108013311, 108018038, 3311, 8038
3, 3087, 108048311, 108052330, 3311, 7330
3, 3088, 108083311, 108091644, 3311, 11644
3, 3089, 108118311, 108122268, 3311, 7268
3, 309, 10818311, 10822268, 3311, 7268
3, 3090, 108153311, 108159530, 3311, 9530
3, 3091, 108188311, 108192268, 3311, 7268
3, 3092, 108223311, 108228038, 3311, 8038
3, 3093, 108258311, 108262268, 3311, 7268
3, 3094, 108293311, 108298038, 3311, 8038
3, 3095, 108328311, 108333627, 3311, 8627
3, 3096, 108363311, 108370195, 3311, 10195
3, 3097, 108398311, 108402268, 3311, 7268
3, 3098, 108433311, 108438038, 3311, 8038
3, 3099, 108468311, 108472268, 3311, 7268
3, 31, 1088311, 1092268, 3311, 7268
3, 310, 10853311, 10859432, 3311, 9432
3, 3100, 108503311, 108509432, 3311, 9432
3, 3101, 108538311, 108542268, 3311, 7268
3, 3102, 108573311, 108578330, 3311, 8330
3, 3103, 108608311, 108612268, 3311, 7268
3, 3104, 108643311, 108651790, 3311, 11790
3, 3105, 108678311, 108682330, 3311, 7330
3, 3106, 108713311, 108718038, 3311, 8038
3, 3107, 108748311, 108752268, 3311, 7268
3, 3108, 108783311, 108789982, 3311, 9982
3, 3109, 108818311, 108822268, 3311, 7268
3, 311, 10888311, 10892309, 3311, 7309
3, 3110, 108853311, 108859432, 3311, 9432
3, 3111, 108888311, 108892601, 3311, 7601
3, 3112, 108923311, 108930049, 3311, 10049
3, 3113, 108958311, 108962268, 3311, 7268
3, 3114, 108993311, 108998330, 3311, 8330
3, 3115, 109028311, 109032268, 3311, 7268
3, 3116, 109063311, 109070049, 3311, 10049
3, 3117, 109098311, 109102268, 3311, 7268
3, 3118, 109133311, 109138038, 3311, 8038
3, 3119, 109168311, 109172268, 3311, 7268
3, 312, 10923311, 10930195, 3311, 10195
3, 3120, 109203311, 109213026, 3311, 13026
3, 3121, 109238311, 109242268, 3311, 7268
3, 3122, 109273311, 109278038, 3311, 8038
3, 3123, 109308311, 109312268, 3311, 7268
3, 3124, 109343311, 109348038, 3311, 8038
3, 3125, 109378311, 109382268, 3311, 7268
3, 3126, 109413311, 109418330, 3311, 8330
3, 3127, 109448311, 109452941, 3311, 7941
3, 3128, 109483311, 109490049, 3311, 10049
3, 3129, 109518311, 109522268, 3311, 7268
3, 313, 10958311, 10962268, 3311, 7268
3, 3130, 109553311, 109559432, 3311, 9432
3, 3131, 109588311, 109592268, 3311, 7268
3, 3132, 109623311, 109628330, 3311, 8330
3, 3133, 109658311, 109662268, 3311, 7268
3, 3134, 109693311, 109698038, 3311, 8038
3, 3135, 109728311, 109734794, 3311, 9794
3, 3136, 109763311, 109771644, 3311, 11644
3, 3137, 109798311, 109802268, 3311, 7268
3, 3138, 109833311, 109838330, 3311, 8330
3, 3139, 109868311, 109872268, 3311, 7268
3, 314, 10993311, 10998038, 3311, 8038
3, 3140, 109903311, 109909432, 3311, 9432
3, 3141, 109938311, 109942268, 3311, 7268
3, 3142, 109973311, 109978038, 3311, 8038
3, 3143, 110008311, 110012309, 3311, 7309
3, 3144, 110043311, 110050195, 3311, 10195
3, 3145, 110078311, 110082268, 3311, 7268
3, 3146, 110113311, 110119884, 3311, 9884
3, 3147, 110148311, 110152268, 3311, 7268
3, 3148, 110183311, 110188038, 3311, 8038
3, 3149, 110218311, 110222268, 3311, 7268
3, 315, 11028311, 11033869, 3311, 8869
3, 3150, 110253311, 110259530, 3311, 9530
3, 3151, 110288311, 110292268, 3311, 7268
3, 3152, 110323311, 110333026, 3311, 13026
3, 3153, 110358311, 110362268, 3311, 7268
3, 3154, 110393311, 110400049, 3311, 10049
3, 3155, 110428311, 110432268, 3311, 7268
3, 3156, 110463311, 110468330, 3311, 8330
3, 3157, 110498311, 110502268, 3311, 7268
3, 3158, 110533311, 110538038, 3311, 8038
3, 3159, 110568311, 110572601, 3311, 7601
3, 316, 11063311, 11068038, 3311, 8038
3, 3160, 110603311, 110611285, 3311, 11285
3, 3161, 110638311, 110642268, 3311, 7268
3, 3162, 110673311, 110678330, 3311, 8330
3, 3163, 110708311, 110712268, 3311, 7268
3, 3164, 110743311, 110748038, 3311, 8038
3, 3165, 110778311, 110783869, 3311, 8869
3, 3166, 110813311, 110818038, 3311, 8038
3, 3167, 110848311, 110852268, 3311, 7268
3, 3168, 110883311, 110891790, 3311, 11790
3, 3169, 110918311, 110922268, 3311, 7268
3, 317, 11098311, 11102268, 3311, 7268
3, 3170, 110953311, 110959432, 3311, 9432
3, 3171, 110988311, 110992268, 3311, 7268
3, 3172, 111023311, 111028038, 3311, 8038
3, 3173, 111058311, 111062268, 3311, 7268
3, 3174, 111093311, 111098330, 3311, 8330
3, 3175, 111128311, 111133627, 3311, 8627
3, 3176, 111163311, 111170049, 3311, 10049
3, 3177, 111198311, 111202268, 3311, 7268
3, 3178, 111233311, 111238038, 3311, 8038
3, 3179, 111268311, 111272268, 3311, 7268
3, 318, 11133311, 11138330, 3311, 8330
3, 3180, 111303311, 111309530, 3311, 9530
3, 3181, 111338311, 111342268, 3311, 7268
3, 3182, 111373311, 111378038, 3311, 8038
3, 3183, 111408311, 111412330, 3311, 7330
3, 3184, 111443311, 111451887, 3311, 11887
3, 3185, 111478311, 111482268, 3311, 7268
3, 3186, 111513311, 111518330, 3311, 8330
3, 3187, 111548311, 111552268, 3311, 7268
3, 3188, 111583311, 111588038, 3311, 8038
3, 3189, 111618311, 111622268, 3311, 7268
3, 319, 11168311, 11172268, 3311, 7268
3, 3190, 111653311, 111659432, 3311, 9432
3, 3191, 111688311, 111692309, 3311, 7309
3, 3192, 111723311, 111733341, 3311, 13341
3, 3193, 111758311, 111762268, 3311, 7268
3, 3194, 111793311, 111798038, 3311, 8038
3, 3195, 111828311, 111832330, 3311, 7330
3, 3196, 111863311, 111868038, 3311, 8038
3, 3197, 111898311, 111902268, 3311, 7268
3, 3198, 111933311, 111938330, 3311, 8330
3, 3199, 111968311, 111972268, 3311, 7268
3, 32, 1123311, 1133026, 3311, 13026
3, 320, 11203311, 11213026, 3311, 13026
3, 3200, 112003311, 112013026, 3311, 13026
3, 3201, 112038311, 112042268, 3311, 7268
3, 3202, 112073311, 112078038, 3311, 8038
3, 3203, 112108311, 112112268, 3311, 7268
3, 3204, 112143311, 112148330, 3311, 8330
3, 3205, 112178311, 112182268, 3311, 7268
3, 3206, 112213311, 112218038, 3311, 8038
3, 3207, 112248311, 112252601, 3311, 7601
3, 3208, 112283311, 112290049, 3311, 10049
3, 3209, 112318311, 112322268, 3311, 7268
3, 321, 11238311, 11242268, 3311, 7268
3, 3210, 112353311, 112359530, 3311, 9530
3, 3211, 112388311, 112392268, 3311, 7268
3, 3212, 112423311, 112428038, 3311, 8038
3, 3213, 112458311, 112462268, 3311, 7268
3, 3214, 112493311, 112498038, 3311, 8038
3, 3215, 112528311, 112533572, 3311, 8572
3, 3216, 112563311, 112571790, 3311, 11790
3, 3217, 112598311, 112602268, 3311, 7268
3, 3218, 112633311, 112638038, 3311, 8038
3, 3219, 112668311, 112672268, 3311, 7268
3, 322, 11273311, 11278038, 3311, 8038
3, 3220, 112703311, 112709432, 3311, 9432
3, 3221, 112738311, 112742268, 3311, 7268
3, 3222, 112773311, 112779982, 3311, 9982
3, 3223, 112808311, 112812309, 3311, 7309
3, 3224, 112843311, 112850049, 3311, 10049
3, 3225, 112878311, 112882330, 3311, 7330
3, 3226, 112913311, 112918038, 3311, 8038
3, 3227, 112948311, 112952268, 3311, 7268
3, 3228, 112983311, 112988330, 3311, 8330
3, 3229, 113018311, 113022268, 3311, 7268
3, 323, 11308311, 11312268, 3311, 7268
3, 3230, 113053311, 113061431, 3311, 11431
3, 3231, 113088311, 113092330, 3311, 7330
3, 3232, 113123311, 113132880, 3311, 12880
3, 3233, 113158311, 113162268, 3311, 7268
3, 3234, 113193311, 113198330, 3311, 8330
3, 3235, 113228311, 113232268, 3311, 7268
3, 3236, 113263311, 113268038, 3311, 8038
3, 3237, 113298311, 113302268, 3311, 7268
3, 3238, 113333311, 113338038, 3311, 8038
3, 3239, 113368311, 113372309, 3311, 7309
3, 324, 11343311, 11348330, 3311, 8330
3, 3240, 113403311, 113411431, 3311, 11431
3, 3241, 113438311, 113442268, 3311, 7268
3, 3242, 113473311, 113478038, 3311, 8038
3, 3243, 113508311, 113512268, 3311, 7268
3, 3244, 113543311, 113548038, 3311, 8038
3, 3245, 113578311, 113582268, 3311, 7268
3, 3246, 113613311, 113618330, 3311, 8330
3, 3247, 113648311, 113652268, 3311, 7268
3, 3248, 113683311, 113691790, 3311, 11790
3, 3249, 113718311, 113722330, 3311, 7330
3, 325, 11378311, 11382268, 3311, 7268
3, 3250, 113753311, 113759432, 3311, 9432
3, 3251, 113788311, 113792268, 3311, 7268
3, 3252, 113823311, 113828330, 3311, 8330
3, 3253, 113858311, 113862268, 3311, 7268
3, 3254, 113893311, 113898038, 3311, 8038
3, 3255, 113928311, 113933709, 3311, 8709
3, 3256, 113963311, 113970049, 3311, 10049
3, 3257, 113998311, 114002268, 3311, 7268
3, 3258, 114033311, 114038330, 3311, 8330
3, 3259, 114068311, 114072268, 3311, 7268
3, 326, 11413311, 11418038, 3311, 8038
3, 3260, 114103311, 114110805, 3311, 10805
3, 3261, 114138311, 114142268, 3311, 7268
3, 3262, 114173311, 114178038, 3311, 8038
3, 3263, 114208311, 114212268, 3311, 7268
3, 3264, 114243311, 114251790, 3311, 11790
3, 3265, 114278311, 114282268, 3311, 7268
3, 3266, 114313311, 114318038, 3311, 8038
3, 3267, 114348311, 114352268, 3311, 7268
3, 3268, 114383311, 114390049, 3311, 10049
3, 3269, 114418311, 114422268, 3311, 7268
3, 327, 11448311, 11452601, 3311, 7601
3, 3270, 114453311, 114459530, 3311, 9530
3, 3271, 114488311, 114492309, 3311, 7309
3, 3272, 114523311, 114530049, 3311, 10049
3, 3273, 114558311, 114562268, 3311, 7268
3, 3274, 114593311, 114598038, 3311, 8038
3, 3275, 114628311, 114632268, 3311, 7268
3, 3276, 114663311, 114668330, 3311, 8330
3, 3277, 114698311, 114702268, 3311, 7268
3, 3278, 114733311, 114738038, 3311, 8038
3, 3279, 114768311, 114773808, 3311, 8808
3, 328, 11483311, 11490049, 3311, 10049
3, 3280, 114803311, 114812880, 3311, 12880
3, 3281, 114838311, 114842268, 3311, 7268
3, 3282, 114873311, 114878330, 3311, 8330
3, 3283, 114908311, 114912268, 3311, 7268
3, 3284, 114943311, 114948038, 3311, 8038
3, 3285, 114978311, 114982330, 3311, 7330
3, 3286, 115013311, 115018038, 3311, 8038
3, 3287, 115048311, 115052941, 3311, 7941
3, 3288, 115083311, 115090195, 3311, 10195
3, 3289, 115118311, 115122268, 3311, 7268
3, 329, 11518311, 11522268, 3311, 7268
3, 3290, 115153311, 115159432, 3311, 9432
3, 3291, 115188311, 115192268, 3311, 7268
3, 3292, 115223311, 115228038, 3311, 8038
3, 3293, 115258311, 115262268, 3311, 7268
3, 3294, 115293311, 115298330, 3311, 8330
3, 3295, 115328311, 115333572, 3311, 8572
3, 3296, 115363311, 115371790, 3311, 11790
3, 3297, 115398311, 115402268, 3311, 7268
3, 3298, 115433311, 115439884, 3311, 9884
3, 3299, 115468311, 115472268, 3311, 7268
3, 33, 1158311, 1162268, 3311, 7268
3, 330, 11553311, 11559530, 3311, 9530
3, 3300, 115503311, 115509530, 3311, 9530
3, 3301, 115538311, 115542268, 3311, 7268
3, 3302, 115573311, 115578038, 3311, 8038
3, 3303, 115608311, 115612601, 3311, 7601
3, 3304, 115643311, 115650049, 3311, 10049
3, 3305, 115678311, 115682268, 3311, 7268
3, 3306, 115713311, 115720195, 3311, 10195
3, 3307, 115748311, 115752268, 3311, 7268
3, 3308, 115783311, 115788038, 3311, 8038
3, 3309, 115818311, 115822268, 3311, 7268
3, 331, 11588311, 11592268, 3311, 7268
3, 3310, 115853311, 115859432, 3311, 9432
3, 3311, 115888311, 115892268, 3311, 7268
3, 3312, 115923311, 115933026, 3311, 13026
3, 3313, 115958311, 115962268, 3311, 7268
3, 3314, 115993311, 115998038, 3311, 8038
3, 3315, 116028311, 116032330, 3311, 7330
3, 3316, 116063311, 116068038, 3311, 8038
3, 3317, 116098311, 116102268, 3311, 7268
3, 3318, 116133311, 116138330, 3311, 8330
3, 3319, 116168311, 116172309, 3311, 7309
3, 332, 11623311, 11628038, 3311, 8038
3, 3320, 116203311, 116211431, 3311, 11431
3, 3321, 116238311, 116242268, 3311, 7268
3, 3322, 116273311, 116278038, 3311, 8038
3, 3323, 116308311, 116312268, 3311, 7268
3, 3324, 116343311, 116348330, 3311, 8330
3, 3325, 116378311, 116383800, 3311, 8800
3, 3326, 116413311, 116418038, 3311, 8038
3, 3327, 116448311, 116452330, 3311, 7330
3, 3328, 116483311, 116491644, 3311, 11644
3, 3329, 116518311, 116522268, 3311, 7268
3, 333, 11658311, 11662268, 3311, 7268
3, 3330, 116553311, 116559530, 3311, 9530
3, 3331, 116588311, 116592268, 3311, 7268
3, 3332, 116623311, 116628038, 3311, 8038
3, 3333, 116658311, 116662268, 3311, 7268
3, 3334, 116693311, 116698038, 3311, 8038
3, 3335, 116728311, 116733627, 3311, 8627
3, 3336, 116763311, 116771154, 3311, 11154
3, 3337, 116798311, 116802268, 3311, 7268
3, 3338, 116833311, 116838038, 3311, 8038
3, 3339, 116868311, 116872268, 3311, 7268
3, 334, 11693311, 11699884, 3311, 9884
3, 3340, 116903311, 116909432, 3311, 9432
3, 3341, 116938311, 116942268, 3311, 7268
3, 3342, 116973311, 116978330, 3311, 8330
3, 3343, 117008311, 117012268, 3311, 7268
3, 3344, 117043311, 117054306, 3311, 14306
3, 3345, 117078311, 117082330, 3311, 7330
3, 3346, 117113311, 117118038, 3311, 8038
3, 3347, 117148311, 117152268, 3311, 7268
3, 3348, 117183311, 117188330, 3311, 8330
3, 3349, 117218311, 117222268, 3311, 7268
3, 335, 11728311, 11733572, 3311, 8572
3, 3350, 117253311, 117259432, 3311, 9432
3, 3351, 117288311, 117292601, 3311, 7601
3, 3352, 117323311, 117330049, 3311, 10049
3, 3353, 117358311, 117362268, 3311, 7268
3, 3354, 117393311, 117398330, 3311, 8330
3, 3355, 117428311, 117433796, 3311, 8796
3, 3356, 117463311, 117468038, 3311, 8038
3, 3357, 117498311, 117502268, 3311, 7268
3, 3358, 117533311, 117538038, 3311, 8038
3, 3359, 117568311, 117572268, 3311, 7268
3, 336, 11763311, 11771790, 3311, 11790
3, 3360, 117603311, 117613026, 3311, 13026
3, 3361, 117638311, 117642268, 3311, 7268
3, 3362, 117673311, 117678038, 3311, 8038
3, 3363, 117708311, 117712330, 3311, 7330
3, 3364, 117743311, 117748038, 3311, 8038
3, 3365, 117778311, 117782268, 3311, 7268
3, 3366, 117813311, 117818330, 3311, 8330
3, 3367, 117848311, 117852309, 3311, 7309
3, 3368, 117883311, 117890049, 3311, 10049
3, 3369, 117918311, 117922268, 3311, 7268
3, 337, 11798311, 11802268, 3311, 7268
3, 3370, 117953311, 117959432, 3311, 9432
3, 3371, 117988311, 117992268, 3311, 7268
3, 3372, 118023311, 118028330, 3311, 8330
3, 3373, 118058311, 118062268, 3311, 7268
3, 3374, 118093311, 118099884, 3311, 9884
3, 3375, 118128311, 118133658, 3311, 8658
3, 3376, 118163311, 118171644, 3311, 11644
3, 3377, 118198311, 118202268, 3311, 7268
3, 3378, 118233311, 118238330, 3311, 8330
3, 3379, 118268311, 118272268, 3311, 7268
3, 338, 11833311, 11838038, 3311, 8038
3, 3380, 118303311, 118309432, 3311, 9432
3, 3381, 118338311, 118342268, 3311, 7268
3, 3382, 118373311, 118380049, 3311, 10049
3, 3383, 118408311, 118412309, 3311, 7309
3, 3384, 118443311, 118450195, 3311, 10195
3, 3385, 118478311, 118482268, 3311, 7268
3, 3386, 118513311, 118518038, 3311, 8038
3, 3387, 118548311, 118552268, 3311, 7268
3, 3388, 118583311, 118588038, 3311, 8038
3, 3389, 118618311, 118622268, 3311, 7268
3, 339, 11868311, 11872268, 3311, 7268
3, 3390, 118653311, 118659530, 3311, 9530
3, 3391, 118688311, 118692268, 3311, 7268
3, 3392, 118723311, 118733026, 3311, 13026
3, 3393, 118758311, 118762330, 3311, 7330
3, 3394, 118793311, 118798038, 3311, 8038
3, 3395, 118828311, 118832268, 3311, 7268
3, 3396, 118863311, 118868330, 3311, 8330
3, 3397, 118898311, 118902268, 3311, 7268
3, 3398, 118933311, 118938038, 3311, 8038
3, 3399, 118968311, 118972601, 3311, 7601
3, 34, 1193311, 1198038, 3311, 8038
3, 340, 11903311, 11909432, 3311, 9432
3, 3400, 119003311, 119011285, 3311, 11285
3, 3401, 119038311, 119042268, 3311, 7268
3, 3402, 119073311, 119078330, 3311, 8330
3, 3403, 119108311, 119112268, 3311, 7268
3, 3404, 119143311, 119148038, 3311, 8038
3, 3405, 119178311, 119182330, 3311, 7330
3, 3406, 119213311, 119218038, 3311, 8038
3, 3407, 119248311, 119252268, 3311, 7268
3, 3408, 119283311, 119291790, 3311, 11790
3, 3409, 119318311, 119322268, 3311, 7268
3, 341, 11938311, 11942268, 3311, 7268
3, 3410, 119353311, 119359432, 3311, 9432
3, 3411, 119388311, 119392268, 3311, 7268
3, 3412, 119423311, 119429884, 3311, 9884
3, 3413, 119458311, 119462268, 3311, 7268
3, 3414, 119493311, 119498330, 3311, 8330
3, 3415, 119528311, 119533627, 3311, 8627
3, 3416, 119563311, 119570049, 3311, 10049
3, 3417, 119598311, 119602268, 3311, 7268
3, 3418, 119633311, 119638038, 3311, 8038
3, 3419, 119668311, 119672268, 3311, 7268
3, 342, 11973311, 11980195, 3311, 10195
3, 3420, 119703311, 119711431, 3311, 11431
3, 3421, 119738311, 119742268, 3311, 7268
3, 3422, 119773311, 119778038, 3311, 8038
3, 3423, 119808311, 119812330, 3311, 7330
3, 3424, 119843311, 119851644, 3311, 11644
3, 3425, 119878311, 119882268, 3311, 7268
3, 3426, 119913311, 119918330, 3311, 8330
3, 3427, 119948311, 119952268, 3311, 7268
3, 3428, 119983311, 119988038, 3311, 8038
3, 3429, 120018311, 120022268, 3311, 7268
3, 343, 12008311, 12012309, 3311, 7309
3, 3430, 120053311, 120059432, 3311, 9432
3, 3431, 120088311, 120092941, 3311, 7941
3, 3432, 120123311, 120130195, 3311, 10195
3, 3433, 120158311, 120162268, 3311, 7268
3, 3434, 120193311, 120198038, 3311, 8038
3, 3435, 120228311, 120232330, 3311, 7330
3, 3436, 120263311, 120268038, 3311, 8038
3, 3437, 120298311, 120302268, 3311, 7268
3, 3438, 120333311, 120338330, 3311, 8330
3, 3439, 120368311, 120372941, 3311, 7941
3, 344, 12043311, 12050049, 3311, 10049
3, 3440, 120403311, 120413026, 3311, 13026
3, 3441, 120438311, 120442268, 3311, 7268
3, 3442, 120473311, 120478038, 3311, 8038
3, 3443, 120508311, 120512268, 3311, 7268
3, 3444, 120543311, 120548330, 3311, 8330
3, 3445, 120578311, 120582268, 3311, 7268
3, 3446, 120613311, 120618038, 3311, 8038
3, 3447, 120648311, 120652601, 3311, 7601
3, 3448, 120683311, 120690049, 3311, 10049
3, 3449, 120718311, 120722268, 3311, 7268
3, 345, 12078311, 12082330, 3311, 7330
3, 3450, 120753311, 120760805, 3311, 10805
3, 3451, 120788311, 120792268, 3311, 7268
3, 3452, 120823311, 120828038, 3311, 8038
3, 3453, 120858311, 120862268, 3311, 7268
3, 3454, 120893311, 120898038, 3311, 8038
3, 3455, 120928311, 120933572, 3311, 8572
3, 3456, 120963311, 120971790, 3311, 11790
3, 3457, 120998311, 121002268, 3311, 7268
3, 3458, 121033311, 121040049, 3311, 10049
3, 3459, 121068311, 121072268, 3311, 7268
3, 346, 12113311, 12118038, 3311, 8038
3, 3460, 121103311, 121109432, 3311, 9432
3, 3461, 121138311, 121142268, 3311, 7268
3, 3462, 121173311, 121178330, 3311, 8330
3, 3463, 121208311, 121212309, 3311, 7309
3, 3464, 121243311, 121250049, 3311, 10049
3, 3465, 121278311, 121282330, 3311, 7330
3, 3466, 121313311, 121318038, 3311, 8038
3, 3467, 121348311, 121352268, 3311, 7268
3, 3468, 121383311, 121388330, 3311, 8330
3, 3469, 121418311, 121422268, 3311, 7268
3, 347, 12148311, 12152268, 3311, 7268
3, 3470, 121453311, 121459432, 3311, 9432
3, 3471, 121488311, 121492330, 3311, 7330
3, 3472, 121523311, 121532880, 3311, 12880
3, 3473, 121558311, 121562268, 3311, 7268
3, 3474, 121593311, 121598330, 3311, 8330
3, 3475, 121628311, 121632268, 3311, 7268
3, 3476, 121663311, 121668038, 3311, 8038
3, 3477, 121698311, 121702330, 3311, 7330
3, 3478, 121733311, 121738038, 3311, 8038
3, 3479, 121768311, 121772309, 3311, 7309
3, 348, 12183311, 12188330, 3311, 8330
3, 3480, 121803311, 121811431, 3311, 11431
3, 3481, 121838311, 121842268, 3311, 7268
3, 3482, 121873311, 121878038, 3311, 8038
3, 3483, 121908311, 121912268, 3311, 7268
3, 3484, 121943311, 121948038, 3311, 8038
3, 3485, 121978311, 121982268, 3311, 7268
3, 3486, 122013311, 122018330, 3311, 8330
3, 3487, 122048311, 122052268, 3311, 7268
3, 3488, 122083311, 122092033, 3311, 12033
3, 3489, 122118311, 122122268, 3311, 7268
3, 349, 12218311, 12222268, 3311, 7268
3, 3490, 122153311, 122159432, 3311, 9432
3, 3491, 122188311, 122192268, 3311, 7268
3, 3492, 122223311, 122228330, 3311, 8330
3, 3493, 122258311, 122262268, 3311, 7268
3, 3494, 122293311, 122298038, 3311, 8038
3, 3495, 122328311, 122333709, 3311, 8709
3, 3496, 122363311, 122370521, 3311, 10521
3, 3497, 122398311, 122402268, 3311, 7268
3, 3498, 122433311, 122438330, 3311, 8330
3, 3499, 122468311, 122472268, 3311, 7268
3, 35, 1228311, 1232268, 3311, 7268
3, 350, 12253311, 12259432, 3311, 9432
3, 3500, 122503311, 122509432, 3311, 9432
3, 3501, 122538311, 122542268, 3311, 7268
3, 3502, 122573311, 122578038, 3311, 8038
3, 3503, 122608311, 122612268, 3311, 7268
3, 3504, 122643311, 122651790, 3311, 11790
3, 3505, 122678311, 122682268, 3311, 7268
3, 3506, 122713311, 122718038, 3311, 8038
3, 3507, 122748311, 122752330, 3311, 7330
3, 3508, 122783311, 122788038, 3311, 8038
3, 3509, 122818311, 122822268, 3311, 7268
3, 351, 12288311, 12292330, 3311, 7330
3, 3510, 122853311, 122859530, 3311, 9530
3, 3511, 122888311, 122892309, 3311, 7309
3, 3512, 122923311, 122930049, 3311, 10049
3, 3513, 122958311, 122962268, 3311, 7268
3, 3514, 122993311, 122998038, 3311, 8038
3, 3515, 123028311, 123033800, 3311, 8800
3, 3516, 123063311, 123068330, 3311, 8330
3, 3517, 123098311, 123102268, 3311, 7268
3, 3518, 123133311, 123138038, 3311, 8038
3, 3519, 123168311, 123172330, 3311, 7330
3, 352, 12323311, 12332880, 3311, 12880
3, 3520, 123203311, 123212880, 3311, 12880
3, 3521, 123238311, 123242268, 3311, 7268
3, 3522, 123273311, 123278330, 3311, 8330
3, 3523, 123308311, 123312268, 3311, 7268
3, 3524, 123343311, 123348038, 3311, 8038
3, 3525, 123378311, 123382330, 3311, 7330
3, 3526, 123413311, 123419884, 3311, 9884
3, 3527, 123448311, 123452309, 3311, 7309
3, 3528, 123483311, 123490195, 3311, 10195
3, 3529, 123518311, 123522268, 3311, 7268
3, 353, 12358311, 12362268, 3311, 7268
3, 3530, 123553311, 123559432, 3311, 9432
3, 3531, 123588311, 123592268, 3311, 7268
3, 3532, 123623311, 123628038, 3311, 8038
3, 3533, 123658311, 123662268, 3311, 7268
3, 3534, 123693311, 123700195, 3311, 10195
3, 3535, 123728311, 123733572, 3311, 8572
3, 3536, 123763311, 123771790, 3311, 11790
3, 3537, 123798311, 123802268, 3311, 7268
3, 3538, 123833311, 123838038, 3311, 8038
3, 3539, 123868311, 123872268, 3311, 7268
3, 354, 12393311, 12398330, 3311, 8330
3, 3540, 123903311, 123909530, 3311, 9530
3, 3541, 123938311, 123942268, 3311, 7268
3, 3542, 123973311, 123978038, 3311, 8038
3, 3543, 124008311, 124012601, 3311, 7601
3, 3544, 124043311, 124050049, 3311, 10049
3, 3545, 124078311, 124083796, 3311, 8796
3, 3546, 124113311, 124118330, 3311, 8330
3, 3547, 124148311, 124152268, 3311, 7268
3, 3548, 124183311, 124188038, 3311, 8038
3, 3549, 124218311, 124222268, 3311, 7268
3, 355, 12428311, 12432268, 3311, 7268
3, 3550, 124253311, 124259432, 3311, 9432
3, 3551, 124288311, 124292268, 3311, 7268
3, 3552, 124323311, 124333026, 3311, 13026
3, 3553, 124358311, 124362268, 3311, 7268
3, 3554, 124393311, 124398038, 3311, 8038
3, 3555, 124428311, 124432330, 3311, 7330
3, 3556, 124463311, 124468038, 3311, 8038
3, 3557, 124498311, 124502268, 3311, 7268
3, 3558, 124533311, 124538330, 3311, 8330
3, 3559, 124568311, 124572309, 3311, 7309
3, 356, 12463311, 12468038, 3311, 8038
3, 3560, 124603311, 124611431, 3311, 11431
3, 3561, 124638311, 124642268, 3311, 7268
3, 3562, 124673311, 124678038, 3311, 8038
3, 3563, 124708311, 124712268, 3311, 7268
3, 3564, 124743311, 124749982, 3311, 9982
3, 3565, 124778311, 124782268, 3311, 7268
3, 3566, 124813311, 124818038, 3311, 8038
3, 3567, 124848311, 124852330, 3311, 7330
3, 3568, 124883311, 124891644, 3311, 11644
3, 3569, 124918311, 124922268, 3311, 7268
3, 357, 12498311, 12502268, 3311, 7268
3, 3570, 124953311, 124959530, 3311, 9530
3, 3571, 124988311, 124992268, 3311, 7268
3, 3572, 125023311, 125030049, 3311, 10049
3, 3573, 125058311, 125062268, 3311, 7268
3, 3574, 125093311, 125098038, 3311, 8038
3, 3575, 125128311, 125133627, 3311, 8627
3, 3576, 125163311, 125170195, 3311, 10195
3, 3577, 125198311, 125202268, 3311, 7268
3, 3578, 125233311, 125238038, 3311, 8038
3, 3579, 125268311, 125272268, 3311, 7268
3, 358, 12533311, 12538038, 3311, 8038
3, 3580, 125303311, 125309432, 3311, 9432
3, 3581, 125338311, 125342268, 3311, 7268
3, 3582, 125373311, 125378330, 3311, 8330
3, 3583, 125408311, 125412941, 3311, 7941
3, 3584, 125443311, 125451790, 3311, 11790
3, 3585, 125478311, 125482330, 3311, 7330
3, 3586, 125513311, 125518038, 3311, 8038
3, 3587, 125548311, 125552268, 3311, 7268
3, 3588, 125583311, 125588330, 3311, 8330
3, 3589, 125618311, 125622268, 3311, 7268
3, 359, 12568311, 12572309, 3311, 7309
3, 3590, 125653311, 125659432, 3311, 9432
3, 3591, 125688311, 125693808, 3311, 8808
3, 3592, 125723311, 125730049, 3311, 10049
3, 3593, 125758311, 125762268, 3311, 7268
3, 3594, 125793311, 125798330, 3311, 8330
3, 3595, 125828311, 125832268, 3311, 7268
3, 3596, 125863311, 125868038, 3311, 8038
3, 3597, 125898311, 125902268, 3311, 7268
3, 3598, 125933311, 125938038, 3311, 8038
3, 3599, 125968311, 125972268, 3311, 7268
3, 36, 1263311, 1268330, 3311, 8330
3, 360, 12603311, 12611431, 3311, 11431
3, 3600, 126003311, 126013026, 3311, 13026
3, 3601, 126038311, 126042268, 3311, 7268
3, 3602, 126073311, 126079884, 3311, 9884
3, 3603, 126108311, 126112268, 3311, 7268
3, 3604, 126143311, 126148038, 3311, 8038
3, 3605, 126178311, 126182268, 3311, 7268
3, 3606, 126213311, 126218330, 3311, 8330
3, 3607, 126248311, 126252309, 3311, 7309
3, 3608, 126283311, 126290049, 3311, 10049
3, 3609, 126318311, 126322268, 3311, 7268
3, 361, 12638311, 12642268, 3311, 7268
3, 3610, 126353311, 126361285, 3311, 11285
3, 3611, 126388311, 126392268, 3311, 7268
3, 3612, 126423311, 126428330, 3311, 8330
3, 3613, 126458311, 126462268, 3311, 7268
3, 3614, 126493311, 126498038, 3311, 8038
3, 3615, 126528311, 126533658, 3311, 8658
3, 3616, 126563311, 126571644, 3311, 11644
3, 3617, 126598311, 126602268, 3311, 7268
3, 3618, 126633311, 126638330, 3311, 8330
3, 3619, 126668311, 126672268, 3311, 7268
3, 362, 12673311, 12678038, 3311, 8038
3, 3620, 126703311, 126709432, 3311, 9432
3, 3621, 126738311, 126742330, 3311, 7330
3, 3622, 126773311, 126778038, 3311, 8038
3, 3623, 126808311, 126812309, 3311, 7309
3, 3624, 126843311, 126850195, 3311, 10195
3, 3625, 126878311, 126882268, 3311, 7268
3, 3626, 126913311, 126918038, 3311, 8038
3, 3627, 126948311, 126952268, 3311, 7268
3, 3628, 126983311, 126988038, 3311, 8038
3, 3629, 127018311, 127022268, 3311, 7268
3, 363, 12708311, 12712268, 3311, 7268
3, 3630, 127053311, 127059530, 3311, 9530
3, 3631, 127088311, 127092268, 3311, 7268
3, 3632, 127123311, 127133026, 3311, 13026
3, 3633, 127158311, 127162268, 3311, 7268
3, 3634, 127193311, 127198038, 3311, 8038
3, 3635, 127228311, 127232268, 3311, 7268
3, 3636, 127263311, 127268330, 3311, 8330
3, 3637, 127298311, 127302268, 3311, 7268
3, 3638, 127333311, 127338038, 3311, 8038
3, 3639, 127368311, 127372601, 3311, 7601
3, 364, 12743311, 12748038, 3311, 8038
3, 3640, 127403311, 127412243, 3311, 12243
3, 3641, 127438311, 127442268, 3311, 7268
3, 3642, 127473311, 127478330, 3311, 8330
3, 3643, 127508311, 127512268, 3311, 7268
3, 3644, 127543311, 127548038, 3311, 8038
3, 3645, 127578311, 127582330, 3311, 7330
3, 3646, 127613311, 127618038, 3311, 8038
3, 3647, 127648311, 127652268, 3311, 7268
3, 3648, 127683311, 127694306, 3311, 14306
3, 3649, 127718311, 127722268, 3311, 7268
3, 365, 12778311, 12782268, 3311, 7268
3, 3650, 127753311, 127759432, 3311, 9432
3, 3651, 127788311, 127792268, 3311, 7268
3, 3652, 127823311, 127828038, 3311, 8038
3, 3653, 127858311, 127862268, 3311, 7268
3, 3654, 127893311, 127898330, 3311, 8330
3, 3655, 127928311, 127933627, 3311, 8627
3, 3656, 127963311, 127970049, 3311, 10049
3, 3657, 127998311, 128002268, 3311, 7268
3, 3658, 128033311, 128038038, 3311, 8038
3, 3659, 128068311, 128072268, 3311, 7268
3, 366, 12813311, 12818330, 3311, 8330
3, 3660, 128103311, 128109530, 3311, 9530
3, 3661, 128138311, 128142268, 3311, 7268
3, 3662, 128173311, 128178038, 3311, 8038
3, 3663, 128208311, 128212330, 3311, 7330
3, 3664, 128243311, 128251644, 3311, 11644
3, 3665, 128278311, 128282268, 3311, 7268
3, 3666, 128313311, 128318330, 3311, 8330
3, 3667, 128348311, 128352268, 3311, 7268
3, 3668, 128383311, 128388038, 3311, 8038
3, 3669, 128418311, 128422268, 3311, 7268
3, 367, 12848311, 12852268, 3311, 7268
3, 3670, 128453311, 128459432, 3311, 9432
3, 3671, 128488311, 128492309, 3311, 7309
3, 3672, 128523311, 128530195, 3311, 10195
3, 3673, 128558311, 128562268, 3311, 7268
3, 3674, 128593311, 128598038, 3311, 8038
3, 3675, 128628311, 128632330, 3311, 7330
3, 3676, 128663311, 128668038, 3311, 8038
3, 3677, 128698311, 128702268, 3311, 7268
3, 3678, 128733311, 128739982, 3311, 9982
3, 3679, 128768311, 128772268, 3311, 7268
3, 368, 12883311, 12891790, 3311, 11790
3, 3680, 128803311, 128813026, 3311, 13026
3, 3681, 128838311, 128842268, 3311, 7268
3, 3682, 128873311, 128878038, 3311, 8038
3, 3683, 128908311, 128912268, 3311, 7268
3, 3684, 128943311, 128948330, 3311, 8330
3, 3685, 128978311, 128982268, 3311, 7268
3, 3686, 129013311, 129020049, 3311, 10049
3, 3687, 129048311, 129052601, 3311, 7601
3, 3688, 129083311, 129090049, 3311, 10049
3, 3689, 129118311, 129122268, 3311, 7268
3, 369, 12918311, 12922268, 3311, 7268
3, 3690, 129153311, 129159530, 3311, 9530
3, 3691, 129188311, 129192268, 3311, 7268
3, 3692, 129223311, 129228038, 3311, 8038
3, 3693, 129258311, 129262268, 3311, 7268
3, 3694, 129293311, 129298038, 3311, 8038
3, 3695, 129328311, 129333572, 3311, 8572
3, 3696, 129363311, 129371790, 3311, 11790
3, 3697, 129398311, 129402268, 3311, 7268
3, 3698, 129433311, 129438038, 3311, 8038
3, 3699, 129468311, 129472268, 3311, 7268
3, 37, 1298311, 1302268, 3311, 7268
3, 370, 12953311, 12959432, 3311, 9432
3, 3700, 129503311, 129509432, 3311, 9432
3, 3701, 129538311, 129542268, 3311, 7268
3, 3702, 129573311, 129578330, 3311, 8330
3, 3703, 129608311, 129612309, 3311, 7309
3, 3704, 129643311, 129650049, 3311, 10049
3, 3705, 129678311, 129683897, 3311, 8897
3, 3706, 129713311, 129718038, 3311, 8038
3, 3707, 129748311, 129752268, 3311, 7268
3, 3708, 129783311, 129788330, 3311, 8330
3, 3709, 129818311, 129822268, 3311, 7268
3, 371, 12988311, 12992268, 3311, 7268
3, 3710, 129853311, 129859432, 3311, 9432
3, 3711, 129888311, 129892330, 3311, 7330
3, 3712, 129923311, 129932880, 3311, 12880
3, 3713, 129958311, 129962268, 3311, 7268
3, 3714, 129993311, 129998330, 3311, 8330
3, 3715, 130028311, 130032268, 3311, 7268
3, 3716, 130063311, 130069884, 3311, 9884
3, 3717, 130098311, 130102268, 3311, 7268
3, 3718, 130133311, 130138038, 3311, 8038
3, 3719, 130168311, 130172309, 3311, 7309
3, 372, 13023311, 13029982, 3311, 9982
3, 3720, 130203311, 130211431, 3311, 11431
3, 3721, 130238311, 130242268, 3311, 7268
3, 3722, 130273311, 130278038, 3311, 8038
3, 3723, 130308311, 130312268, 3311, 7268
3, 3724, 130343311, 130350049, 3311, 10049
3, 3725, 130378311, 130382268, 3311, 7268
3, 3726, 130413311, 130418330, 3311, 8330
3, 3727, 130448311, 130452268, 3311, 7268
3, 3728, 130483311, 130491790, 3311, 11790
3, 3729, 130518311, 130522268, 3311, 7268
3, 373, 13058311, 13062268, 3311, 7268
3, 3730, 130553311, 130559432, 3311, 9432
3, 3731, 130588311, 130592268, 3311, 7268
3, 3732, 130623311, 130628330, 3311, 8330
3, 3733, 130658311, 130662268, 3311, 7268
3, 3734, 130693311, 130698038, 3311, 8038
3, 3735, 130728311, 130734710, 3311, 9710
3, 3736, 130763311, 130770049, 3311, 10049
3, 3737, 130798311, 130802268, 3311, 7268
3, 3738, 130833311, 130838330, 3311, 8330
3, 3739, 130868311, 130872268, 3311, 7268
3, 374, 13093311, 13098038, 3311, 8038
3, 3740, 130903311, 130909432, 3311, 9432
3, 3741, 130938311, 130942268, 3311, 7268
3, 3742, 130973311, 130978038, 3311, 8038
3, 3743, 131008311, 131012941, 3311, 7941
3, 3744, 131043311, 131051790, 3311, 11790
3, 3745, 131078311, 131082268, 3311, 7268
3, 3746, 131113311, 131118038, 3311, 8038
3, 3747, 131148311, 131152268, 3311, 7268
3, 3748, 131183311, 131188038, 3311, 8038
3, 3749, 131218311, 131222268, 3311, 7268
3, 375, 13128311, 13133709, 3311, 8709
3, 3750, 131253311, 131259530, 3311, 9530
3, 3751, 131288311, 131292309, 3311, 7309
3, 3752, 131323311, 131330049, 3311, 10049
3, 3753, 131358311, 131362268, 3311, 7268
3, 3754, 131393311, 131399884, 3311, 9884
3, 3755, 131428311, 131432268, 3311, 7268
3, 3756, 131463311, 131468330, 3311, 8330
3, 3757, 131498311, 131502268, 3311, 7268
3, 3758, 131533311, 131538038, 3311, 8038
3, 3759, 131568311, 131572330, 3311, 7330
3, 376, 13163311, 13170049, 3311, 10049
3, 3760, 131603311, 131612880, 3311, 12880
3, 3761, 131638311, 131642268, 3311, 7268
3, 3762, 131673311, 131680195, 3311, 10195
3, 3763, 131708311, 131712268, 3311, 7268
3, 3764, 131743311, 131748038, 3311, 8038
3, 3765, 131778311, 131782330, 3311, 7330
3, 3766, 131813311, 131818038, 3311, 8038
3, 3767, 131848311, 131852309, 3311, 7309
3, 3768, 131883311, 131890195, 3311, 10195
3, 3769, 131918311, 131922268, 3311, 7268
3, 377, 13198311, 13202268, 3311, 7268
3, 3770, 131953311, 131959432, 3311, 9432
3, 3771, 131988311, 131992268, 3311, 7268
3, 3772, 132023311, 132028038, 3311, 8038
3, 3773, 132058311, 132062268, 3311, 7268
3, 3774, 132093311, 132098330, 3311, 8330
3, 3775, 132128311, 132133572, 3311, 8572
3, 3776, 132163311, 132171790, 3311, 11790
3, 3777, 132198311, 132202268, 3311, 7268
3, 3778, 132233311, 132238038, 3311, 8038
3, 3779, 132268311, 132272268, 3311, 7268
3, 378, 13233311, 13238330, 3311, 8330
3, 3780, 132303311, 132309530, 3311, 9530
3, 3781, 132338311, 132342268, 3311, 7268
3, 3782, 132373311, 132378038, 3311, 8038
3, 3783, 132408311, 132412601, 3311, 7601
3, 3784, 132443311, 132450049, 3311, 10049
3, 3785, 132478311, 132482268, 3311, 7268
3, 3786, 132513311, 132518330, 3311, 8330
3, 3787, 132548311, 132552268, 3311, 7268
3, 3788, 132583311, 132588038, 3311, 8038
3, 3789, 132618311, 132622268, 3311, 7268
3, 379, 13268311, 13272268, 3311, 7268
3, 3790, 132653311, 132659432, 3311, 9432
3, 3791, 132688311, 132692268, 3311, 7268
3, 3792, 132723311, 132733269, 3311, 13269
3, 3793, 132758311, 132762268, 3311, 7268
3, 3794, 132793311, 132798038, 3311, 8038
3, 3795, 132828311, 132832330, 3311, 7330
3, 3796, 132863311, 132868038, 3311, 8038
3, 3797, 132898311, 132902268, 3311, 7268
3, 3798, 132933311, 132938330, 3311, 8330
3, 3799, 132968311, 132972309, 3311, 7309
3, 38, 1333311, 1340049, 3311, 10049
3, 380, 13303311, 13311431, 3311, 11431
3, 3800, 133003311, 133013191, 3311, 13191
3, 3801, 133038311, 133042268, 3311, 7268
3, 3802, 133073311, 133078038, 3311, 8038
3, 3803, 133108311, 133112268, 3311, 7268
3, 3804, 133143311, 133148330, 3311, 8330
3, 3805, 133178311, 133182268, 3311, 7268
3, 3806, 133213311, 133218038, 3311, 8038
3, 3807, 133248311, 133252330, 3311, 7330
3, 3808, 133283311, 133291644, 3311, 11644
3, 3809, 133318311, 133322268, 3311, 7268
3, 381, 13338311, 13342268, 3311, 7268
3, 3810, 133353311, 133359530, 3311, 9530
3, 3811, 133388311, 133392268, 3311, 7268
3, 3812, 133423311, 133428038, 3311, 8038
3, 3813, 133458311, 133462268, 3311, 7268
3, 3814, 133493311, 133498038, 3311, 8038
3, 3815, 133528311, 133533627, 3311, 8627
3, 3816, 133563311, 133570195, 3311, 10195
3, 3817, 133598311, 133602268, 3311, 7268
3, 3818, 133633311, 133638038, 3311, 8038
3, 3819, 133668311, 133672330, 3311, 7330
3, 382, 13373311, 13378038, 3311, 8038
3, 3820, 133703311, 133709432, 3311, 9432
3, 3821, 133738311, 133742268, 3311, 7268
3, 3822, 133773311, 133778330, 3311, 8330
3, 3823, 133808311, 133812268, 3311, 7268
3, 3824, 133843311, 133851790, 3311, 11790
3, 3825, 133878311, 133882330, 3311, 7330
3, 3826, 133913311, 133918038, 3311, 8038
3, 3827, 133948311, 133952268, 3311, 7268
3, 3828, 133983311, 133988330, 3311, 8330
3, 3829, 134018311, 134022268, 3311, 7268
3, 383, 13408311, 13412268, 3311, 7268
3, 3830, 134053311, 134060805, 3311, 10805
3, 3831, 134088311, 134092601, 3311, 7601
3, 3832, 134123311, 134130049, 3311, 10049
3, 3833, 134158311, 134162268, 3311, 7268
3, 3834, 134193311, 134198330, 3311, 8330
3, 3835, 134228311, 134232268, 3311, 7268
3, 3836, 134263311, 134268038, 3311, 8038
3, 3837, 134298311, 134302268, 3311, 7268
3, 3838, 134333311, 134340049, 3311, 10049
3, 3839, 134368311, 134372268, 3311, 7268
3, 384, 13443311, 13451790, 3311, 11790
3, 3840, 134403311, 134413026, 3311, 13026
3, 3841, 134438311, 134442268, 3311, 7268
3, 3842, 134473311, 134478038, 3311, 8038
3, 3843, 134508311, 134512268, 3311, 7268
3, 3844, 134543311, 134548038, 3311, 8038
3, 3845, 134578311, 134582268, 3311, 7268
3, 3846, 134613311, 134618330, 3311, 8330
3, 3847, 134648311, 134652309, 3311, 7309
3, 3848, 134683311, 134690049, 3311, 10049
3, 3849, 134718311, 134722330, 3311, 7330
3, 385, 13478311, 13482268, 3311, 7268
3, 3850, 134753311, 134759432, 3311, 9432
3, 3851, 134788311, 134792268, 3311, 7268
3, 3852, 134823311, 134828330, 3311, 8330
3, 3853, 134858311, 134862268, 3311, 7268
3, 3854, 134893311, 134898038, 3311, 8038
3, 3855, 134928311, 134933658, 3311, 8658
3, 3856, 134963311, 134971644, 3311, 11644
3, 3857, 134998311, 135002268, 3311, 7268
3, 3858, 135033311, 135038330, 3311, 8330
3, 3859, 135068311, 135072268, 3311, 7268
3, 386, 13513311, 13518038, 3311, 8038
3, 3860, 135103311, 135109432, 3311, 9432
3, 3861, 135138311, 135142268, 3311, 7268
3, 3862, 135173311, 135178038, 3311, 8038
3, 3863, 135208311, 135212309, 3311, 7309
3, 3864, 135243311, 135250195, 3311, 10195
3, 3865, 135278311, 135282268, 3311, 7268
3, 3866, 135313311, 135318038, 3311, 8038
3, 3867, 135348311, 135352268, 3311, 7268
3, 3868, 135383311, 135389884, 3311, 9884
3, 3869, 135418311, 135422268, 3311, 7268
3, 387, 13548311, 13552268, 3311, 7268
3, 3870, 135453311, 135459530, 3311, 9530
3, 3871, 135488311, 135492268, 3311, 7268
3, 3872, 135523311, 135533026, 3311, 13026
3, 3873, 135558311, 135562268, 3311, 7268
3, 3874, 135593311, 135598038, 3311, 8038
3, 3875, 135628311, 135632268, 3311, 7268
3, 3876, 135663311, 135670195, 3311, 10195
3, 3877, 135698311, 135702268, 3311, 7268
3, 3878, 135733311, 135738038, 3311, 8038
3, 3879, 135768311, 135772601, 3311, 7601
3, 388, 13583311, 13588038, 3311, 8038
3, 3880, 135803311, 135811285, 3311, 11285
3, 3881, 135838311, 135842268, 3311, 7268
3, 3882, 135873311, 135878330, 3311, 8330
3, 3883, 135908311, 135912268, 3311, 7268
3, 3884, 135943311, 135948038, 3311, 8038
3, 3885, 135978311, 135982330, 3311, 7330
3, 3886, 136013311, 136018038, 3311, 8038
3, 3887, 136048311, 136052941, 3311, 7941
3, 3888, 136083311, 136091790, 3311, 11790
3, 3889, 136118311, 136122268, 3311, 7268
3, 389, 13618311, 13622268, 3311, 7268
3, 3890, 136153311, 136159432, 3311, 9432
3, 3891, 136188311, 136192268, 3311, 7268
3, 3892, 136223311, 136228038, 3311, 8038
3, 3893, 136258311, 136262268, 3311, 7268
3, 3894, 136293311, 136298330, 3311, 8330
3, 3895, 136328311, 136334697, 3311, 9697
3, 3896, 136363311, 136370049, 3311, 10049
3, 3897, 136398311, 136402268, 3311, 7268
3, 3898, 136433311, 136438038, 3311, 8038
3, 3899, 136468311, 136472268, 3311, 7268
3, 39, 1368311, 1372601, 3311, 7601
3, 390, 13653311, 13659530, 3311, 9530
3, 3900, 136503311, 136509530, 3311, 9530
3, 3901, 136538311, 136542268, 3311, 7268
3, 3902, 136573311, 136578038, 3311, 8038
3, 3903, 136608311, 136612330, 3311, 7330
3, 3904, 136643311, 136651644, 3311, 11644
3, 3905, 136678311, 136682268, 3311, 7268
3, 3906, 136713311, 136719982, 3311, 9982
3, 3907, 136748311, 136752268, 3311, 7268
3, 3908, 136783311, 136788038, 3311, 8038
3, 3909, 136818311, 136822268, 3311, 7268
3, 391, 13688311, 13692941, 3311, 7941
3, 3910, 136853311, 136859432, 3311, 9432
3, 3911, 136888311, 136892309, 3311, 7309
3, 3912, 136923311, 136930195, 3311, 10195
3, 3913, 136958311, 136962268, 3311, 7268
3, 3914, 136993311, 137000049, 3311, 10049
3, 3915, 137028311, 137032330, 3311, 7330
3, 3916, 137063311, 137068038, 3311, 8038
3, 3917, 137098311, 137102268, 3311, 7268
3, 3918, 137133311, 137138330, 3311, 8330
3, 3919, 137168311, 137172268, 3311, 7268
3, 392, 13723311, 13730049, 3311, 10049
3, 3920, 137203311, 137213026, 3311, 13026
3, 3921, 137238311, 137242268, 3311, 7268
3, 3922, 137273311, 137278038, 3311, 8038
3, 3923, 137308311, 137312268, 3311, 7268
3, 3924, 137343311, 137348330, 3311, 8330
3, 3925, 137378311, 137383796, 3311, 8796
3, 3926, 137413311, 137418038, 3311, 8038
3, 3927, 137448311, 137452601, 3311, 7601
3, 3928, 137483311, 137490049, 3311, 10049
3, 3929, 137518311, 137522268, 3311, 7268
3, 393, 13758311, 13762268, 3311, 7268
3, 3930, 137553311, 137559530, 3311, 9530
3, 3931, 137588311, 137592268, 3311, 7268
3, 3932, 137623311, 137628038, 3311, 8038
3, 3933, 137658311, 137662330, 3311, 7330
3, 3934, 137693311, 137698038, 3311, 8038
3, 3935, 137728311, 137733572, 3311, 8572
3, 3936, 137763311, 137771790, 3311, 11790
3, 3937, 137798311, 137802268, 3311, 7268
3, 3938, 137833311, 137838038, 3311, 8038
3, 3939, 137868311, 137872268, 3311, 7268
3, 394, 13793311, 13798038, 3311, 8038
3, 3940, 137903311, 137909432, 3311, 9432
3, 3941, 137938311, 137942268, 3311, 7268
3, 3942, 137973311, 137978330, 3311, 8330
3, 3943, 138008311, 138012309, 3311, 7309
3, 3944, 138043311, 138051154, 3311, 11154
3, 3945, 138078311, 138082330, 3311, 7330
3, 3946, 138113311, 138118038, 3311, 8038
3, 3947, 138148311, 138152268, 3311, 7268
3, 3948, 138183311, 138188330, 3311, 8330
3, 3949, 138218311, 138222268, 3311, 7268
3, 395, 13828311, 13832268, 3311, 7268
3, 3950, 138253311, 138259432, 3311, 9432
3, 3951, 138288311, 138292330, 3311, 7330
3, 3952, 138323311, 138335157, 3311, 15157
3, 3953, 138358311, 138362268, 3311, 7268
3, 3954, 138393311, 138398330, 3311, 8330
3, 3955, 138428311, 138432268, 3311, 7268
3, 3956, 138463311, 138468038, 3311, 8038
3, 3957, 138498311, 138502268, 3311, 7268
3, 3958, 138533311, 138538038, 3311, 8038
3, 3959, 138568311, 138572309, 3311, 7309
3, 396, 13863311, 13868330, 3311, 8330
3, 3960, 138603311, 138611431, 3311, 11431
3, 3961, 138638311, 138642268, 3311, 7268
3, 3962, 138673311, 138678038, 3311, 8038
3, 3963, 138708311, 138712330, 3311, 7330
3, 3964, 138743311, 138748038, 3311, 8038
3, 3965, 138778311, 138782268, 3311, 7268
3, 3966, 138813311, 138818330, 3311, 8330
3, 3967, 138848311, 138852268, 3311, 7268
3, 3968, 138883311, 138891790, 3311, 11790
3, 3969, 138918311, 138922268, 3311, 7268
3, 397, 13898311, 13902268, 3311, 7268
3, 3970, 138953311, 138959432, 3311, 9432
3, 3971, 138988311, 138992268, 3311, 7268
3, 3972, 139023311, 139028330, 3311, 8330
3, 3973, 139058311, 139062268, 3311, 7268
3, 3974, 139093311, 139098038, 3311, 8038
3, 3975, 139128311, 139133709, 3311, 8709
3, 3976, 139163311, 139170049, 3311, 10049
3, 3977, 139198311, 139202268, 3311, 7268
3, 3978, 139233311, 139238330, 3311, 8330
3, 3979, 139268311, 139272268, 3311, 7268
3, 398, 13933311, 13938038, 3311, 8038
3, 3980, 139303311, 139309432, 3311, 9432
3, 3981, 139338311, 139342268, 3311, 7268
3, 3982, 139373311, 139379884, 3311, 9884
3, 3983, 139408311, 139412268, 3311, 7268
3, 3984, 139443311, 139451790, 3311, 11790
3, 3985, 139478311, 139482268, 3311, 7268
3, 3986, 139513311, 139518038, 3311, 8038
3, 3987, 139548311, 139552268, 3311, 7268
3, 3988, 139583311, 139588038, 3311, 8038
3, 3989, 139618311, 139622268, 3311, 7268
3, 399, 13968311, 13973808, 3311, 8808
3, 3990, 139653311, 139661431, 3311, 11431
3, 3991, 139688311, 139692309, 3311, 7309
3, 3992, 139723311, 139730049, 3311, 10049
3, 3993, 139758311, 139762268, 3311, 7268
3, 3994, 139793311, 139798038, 3311, 8038
3, 3995, 139828311, 139832268, 3311, 7268
3, 3996, 139863311, 139868330, 3311, 8330
3, 3997, 139898311, 139902268, 3311, 7268
3, 3998, 139933311, 139938038, 3311, 8038
3, 3999, 139968311, 139972330, 3311, 7330
3, 4, 143311, 148038, 3311, 8038
3, 40, 1403311, 1411285, 3311, 11285
3, 400, 14003311, 14012880, 3311, 12880
3, 4000, 140003311, 140012880, 3311, 12880
3, 4001, 140038311, 140042268, 3311, 7268
3, 4002, 140073311, 140078330, 3311, 8330
3, 4003, 140108311, 140112268, 3311, 7268
3, 4004, 140143311, 140148038, 3311, 8038
3, 4005, 140178311, 140182330, 3311, 7330
3, 4006, 140213311, 140218038, 3311, 8038
3, 4007, 140248311, 140252309, 3311, 7309
3, 4008, 140283311, 140290195, 3311, 10195
3, 4009, 140318311, 140322268, 3311, 7268
3, 401, 14038311, 14042268, 3311, 7268
3, 4010, 140353311, 140359432, 3311, 9432
3, 4011, 140388311, 140392268, 3311, 7268
3, 4012, 140423311, 140428038, 3311, 8038
3, 4013, 140458311, 140462268, 3311, 7268
3, 4014, 140493311, 140498330, 3311, 8330
3, 4015, 140528311, 140533572, 3311, 8572
3, 4016, 140563311, 140571790, 3311, 11790
3, 4017, 140598311, 140602268, 3311, 7268
3, 4018, 140633311, 140638038, 3311, 8038
3, 4019, 140668311, 140672268, 3311, 7268
3, 402, 14073311, 14078330, 3311, 8330
3, 4020, 140703311, 140710805, 3311, 10805
3, 4021, 140738311, 140742268, 3311, 7268
3, 4022, 140773311, 140778038, 3311, 8038
3, 4023, 140808311, 140812601, 3311, 7601
3, 4024, 140843311, 140850049, 3311, 10049
3, 4025, 140878311, 140882268, 3311, 7268
3, 4026, 140913311, 140918330, 3311, 8330
3, 4027, 140948311, 140952268, 3311, 7268
3, 4028, 140983311, 140990049, 3311, 10049
3, 4029, 141018311, 141022268, 3311, 7268
3, 403, 14108311, 14112268, 3311, 7268
3, 4030, 141053311, 141059432, 3311, 9432
3, 4031, 141088311, 141092268, 3311, 7268
3, 4032, 141123311, 141133026, 3311, 13026
3, 4033, 141158311, 141162268, 3311, 7268
3, 4034, 141193311, 141198038, 3311, 8038
3, 4035, 141228311, 141232330, 3311, 7330
3, 4036, 141263311, 141268038, 3311, 8038
3, 4037, 141298311, 141302268, 3311, 7268
3, 4038, 141333311, 141338330, 3311, 8330
3, 4039, 141368311, 141372941, 3311, 7941
3, 404, 14143311, 14148038, 3311, 8038
3, 4040, 141403311, 141411431, 3311, 11431
3, 4041, 141438311, 141442268, 3311, 7268
3, 4042, 141473311, 141478038, 3311, 8038
3, 4043, 141508311, 141512268, 3311, 7268
3, 4044, 141543311, 141548330, 3311, 8330
3, 4045, 141578311, 141582268, 3311, 7268
3, 4046, 141613311, 141618038, 3311, 8038
3, 4047, 141648311, 141653808, 3311, 8808
3, 4048, 141683311, 141691644, 3311, 11644
3, 4049, 141718311, 141722268, 3311, 7268
3, 405, 14178311, 14182330, 3311, 7330
3, 4050, 141753311, 141759530, 3311, 9530
3, 4051, 141788311, 141792268, 3311, 7268
3, 4052, 141823311, 141828038, 3311, 8038
3, 4053, 141858311, 141862268, 3311, 7268
3, 4054, 141893311, 141898038, 3311, 8038
3, 4055, 141928311, 141933627, 3311, 8627
3, 4056, 141963311, 141970195, 3311, 10195
3, 4057, 141998311, 142002268, 3311, 7268
3, 4058, 142033311, 142039884, 3311, 9884
3, 4059, 142068311, 142072268, 3311, 7268
3, 406, 14213311, 14218038, 3311, 8038
3, 4060, 142103311, 142109432, 3311, 9432
3, 4061, 142138311, 142142268, 3311, 7268
3, 4062, 142173311, 142178330, 3311, 8330
3, 4063, 142208311, 142212268, 3311, 7268
3, 4064, 142243311, 142251790, 3311, 11790
3, 4065, 142278311, 142282330, 3311, 7330
3, 4066, 142313311, 142320049, 3311, 10049
3, 4067, 142348311, 142352268, 3311, 7268
3, 4068, 142383311, 142388330, 3311, 8330
3, 4069, 142418311, 142422268, 3311, 7268
3, 407, 14248311, 14252309, 3311, 7309
3, 4070, 142453311, 142459432, 3311, 9432
3, 4071, 142488311, 142492601, 3311, 7601
3, 4072, 142523311, 142530049, 3311, 10049
3, 4073, 142558311, 142562268, 3311, 7268
3, 4074, 142593311, 142598330, 3311, 8330
3, 4075, 142628311, 142632268, 3311, 7268
3, 4076, 142663311, 142668038, 3311, 8038
3, 4077, 142698311, 142702330, 3311, 7330
3, 4078, 142733311, 142738038, 3311, 8038
3, 4079, 142768311, 142772268, 3311, 7268
3, 408, 14283311, 14290195, 3311, 10195
3, 4080, 142803311, 142813026, 3311, 13026
3, 4081, 142838311, 142842268, 3311, 7268
3, 4082, 142873311, 142878038, 3311, 8038
3, 4083, 142908311, 142912268, 3311, 7268
3, 4084, 142943311, 142948038, 3311, 8038
3, 4085, 142978311, 142983800, 3311, 8800
3, 4086, 143013311, 143018330, 3311, 8330
3, 4087, 143048311, 143052309, 3311, 7309
3, 4088, 143083311, 143090049, 3311, 10049
3, 4089, 143118311, 143122268, 3311, 7268
3, 409, 14318311, 14322268, 3311, 7268
3, 4090, 143153311, 143159432, 3311, 9432
3, 4091, 143188311, 143192268, 3311, 7268
3, 4092, 143223311, 143228330, 3311, 8330
3, 4093, 143258311, 143262268, 3311, 7268
3, 4094, 143293311, 143298038, 3311, 8038
3, 4095, 143328311, 143333658, 3311, 8658
3, 4096, 143363311, 143371887, 3311, 11887
3, 4097, 143398311, 143402268, 3311, 7268
3, 4098, 143433311, 143438330, 3311, 8330
3, 4099, 143468311, 143472268, 3311, 7268
3, 41, 1438311, 1442268, 3311, 7268
3, 410, 14353311, 14360805, 3311, 10805
3, 4100, 143503311, 143509432, 3311, 9432
3, 4101, 143538311, 143542268, 3311, 7268
3, 4102, 143573311, 143578038, 3311, 8038
3, 4103, 143608311, 143612309, 3311, 7309
3, 4104, 143643311, 143652153, 3311, 12153
3, 4105, 143678311, 143682268, 3311, 7268
3, 4106, 143713311, 143718038, 3311, 8038
3, 4107, 143748311, 143752268, 3311, 7268
3, 4108, 143783311, 143788038, 3311, 8038
3, 4109, 143818311, 143822268, 3311, 7268
3, 411, 14388311, 14392268, 3311, 7268
3, 4110, 143853311, 143859530, 3311, 9530
3, 4111, 143888311, 143892268, 3311, 7268
3, 4112, 143923311, 143933026, 3311, 13026
3, 4113, 143958311, 143962268, 3311, 7268
3, 4114, 143993311, 143998038, 3311, 8038
3, 4115, 144028311, 144033796, 3311, 8796
3, 4116, 144063311, 144068330, 3311, 8330
3, 4117, 144098311, 144102268, 3311, 7268
3, 4118, 144133311, 144138038, 3311, 8038
3, 4119, 144168311, 144172601, 3311, 7601
3, 412, 14423311, 14428038, 3311, 8038
3, 4120, 144203311, 144211285, 3311, 11285
3, 4121, 144238311, 144242268, 3311, 7268
3, 4122, 144273311, 144278330, 3311, 8330
3, 4123, 144308311, 144312268, 3311, 7268
3, 4124, 144343311, 144348038, 3311, 8038
3, 4125, 144378311, 144382330, 3311, 7330
3, 4126, 144413311, 144418038, 3311, 8038
3, 4127, 144448311, 144452268, 3311, 7268
3, 4128, 144483311, 144491790, 3311, 11790
3, 4129, 144518311, 144522268, 3311, 7268
3, 413, 14458311, 14462268, 3311, 7268
3, 4130, 144553311, 144559432, 3311, 9432
3, 4131, 144588311, 144592268, 3311, 7268
3, 4132, 144623311, 144628038, 3311, 8038
3, 4133, 144658311, 144662268, 3311, 7268
3, 4134, 144693311, 144699982, 3311, 9982
3, 4135, 144728311, 144733627, 3311, 8627
3, 4136, 144763311, 144770049, 3311, 10049
3, 4137, 144798311, 144802268, 3311, 7268
3, 4138, 144833311, 144838038, 3311, 8038
3, 4139, 144868311, 144872268, 3311, 7268
3, 414, 14493311, 14498330, 3311, 8330
3, 4140, 144903311, 144909530, 3311, 9530
3, 4141, 144938311, 144942268, 3311, 7268
3, 4142, 144973311, 144980049, 3311, 10049
3, 4143, 145008311, 145012330, 3311, 7330
3, 4144, 145043311, 145051644, 3311, 11644
3, 4145, 145078311, 145082268, 3311, 7268
3, 4146, 145113311, 145118330, 3311, 8330
3, 4147, 145148311, 145152268, 3311, 7268
3, 4148, 145183311, 145188038, 3311, 8038
3, 4149, 145218311, 145222268, 3311, 7268
3, 415, 14528311, 14533572, 3311, 8572
3, 4150, 145253311, 145259432, 3311, 9432
3, 4151, 145288311, 145292309, 3311, 7309
3, 4152, 145323311, 145330195, 3311, 10195
3, 4153, 145358311, 145362268, 3311, 7268
3, 4154, 145393311, 145398038, 3311, 8038
3, 4155, 145428311, 145432330, 3311, 7330
3, 4156, 145463311, 145468038, 3311, 8038
3, 4157, 145498311, 145502268, 3311, 7268
3, 4158, 145533311, 145538330, 3311, 8330
3, 4159, 145568311, 145572268, 3311, 7268
3, 416, 14563311, 14571790, 3311, 11790
3, 4160, 145603311, 145613026, 3311, 13026
3, 4161, 145638311, 145642330, 3311, 7330
3, 4162, 145673311, 145678038, 3311, 8038
3, 4163, 145708311, 145712268, 3311, 7268
3, 4164, 145743311, 145748330, 3311, 8330
3, 4165, 145778311, 145782268, 3311, 7268
3, 4166, 145813311, 145818038, 3311, 8038
3, 4167, 145848311, 145852601, 3311, 7601
3, 4168, 145883311, 145890049, 3311, 10049
3, 4169, 145918311, 145922268, 3311, 7268
3, 417, 14598311, 14602268, 3311, 7268
3, 4170, 145953311, 145959530, 3311, 9530
3, 4171, 145988311, 145992268, 3311, 7268
3, 4172, 146023311, 146029884, 3311, 9884
3, 4173, 146058311, 146062268, 3311, 7268
3, 4174, 146093311, 146098038, 3311, 8038
3, 4175, 146128311, 146133572, 3311, 8572
3, 4176, 146163311, 146171790, 3311, 11790
3, 4177, 146198311, 146202268, 3311, 7268
3, 4178, 146233311, 146238038, 3311, 8038
3, 4179, 146268311, 146272268, 3311, 7268
3, 418, 14633311, 14640049, 3311, 10049
3, 4180, 146303311, 146311285, 3311, 11285
3, 4181, 146338311, 146342268, 3311, 7268
3, 4182, 146373311, 146378330, 3311, 8330
3, 4183, 146408311, 146412309, 3311, 7309
3, 4184, 146443311, 146450049, 3311, 10049
3, 4185, 146478311, 146482330, 3311, 7330
3, 4186, 146513311, 146518038, 3311, 8038
3, 4187, 146548311, 146552268, 3311, 7268
3, 4188, 146583311, 146588330, 3311, 8330
3, 4189, 146618311, 146622268, 3311, 7268
3, 419, 14668311, 14672268, 3311, 7268
3, 4190, 146653311, 146659432, 3311, 9432
3, 4191, 146688311, 146693808, 3311, 8808
3, 4192, 146723311, 146732880, 3311, 12880
3, 4193, 146758311, 146762268, 3311, 7268
3, 4194, 146793311, 146798330, 3311, 8330
3, 4195, 146828311, 146832268, 3311, 7268
3, 4196, 146863311, 146868038, 3311, 8038
3, 4197, 146898311, 146902268, 3311, 7268
3, 4198, 146933311, 146938038, 3311, 8038
3, 4199, 146968311, 146972941, 3311, 7941
3, 42, 1473311, 1478330, 3311, 8330
3, 420, 14703311, 14709530, 3311, 9530
3, 4200, 147003311, 147011431, 3311, 11431
3, 4201, 147038311, 147042268, 3311, 7268
3, 4202, 147073311, 147078038, 3311, 8038
3, 4203, 147108311, 147112268, 3311, 7268
3, 4204, 147143311, 147148038, 3311, 8038
3, 4205, 147178311, 147182268, 3311, 7268
3, 4206, 147213311, 147218330, 3311, 8330
3, 4207, 147248311, 147252268, 3311, 7268
3, 4208, 147283311, 147291790, 3311, 11790
3, 4209, 147318311, 147322268, 3311, 7268
3, 421, 14738311, 14742268, 3311, 7268
3, 4210, 147353311, 147360708, 3311, 10708
3, 4211, 147388311, 147392268, 3311, 7268
3, 4212, 147423311, 147428330, 3311, 8330
3, 4213, 147458311, 147462268, 3311, 7268
3, 4214, 147493311, 147498038, 3311, 8038
3, 4215, 147528311, 147533709, 3311, 8709
3, 4216, 147563311, 147570049, 3311, 10049
3, 4217, 147598311, 147602268, 3311, 7268
3, 4218, 147633311, 147640195, 3311, 10195
3, 4219, 147668311, 147672268, 3311, 7268
3, 422, 14773311, 14778038, 3311, 8038
3, 4220, 147703311, 147709432, 3311, 9432
3, 4221, 147738311, 147742268, 3311, 7268
3, 4222, 147773311, 147778038, 3311, 8038
3, 4223, 147808311, 147812268, 3311, 7268
3, 4224, 147843311, 147851790, 3311, 11790
3, 4225, 147878311, 147882268, 3311, 7268
3, 4226, 147913311, 147918038, 3311, 8038
3, 4227, 147948311, 147952268, 3311, 7268
3, 4228, 147983311, 147988038, 3311, 8038
3, 4229, 148018311, 148022268, 3311, 7268
3, 423, 14808311, 14812601, 3311, 7601
3, 4230, 148053311, 148059530, 3311, 9530
3, 4231, 148088311, 148092309, 3311, 7309
3, 4232, 148123311, 148130049, 3311, 10049
3, 4233, 148158311, 148162268, 3311, 7268
3, 4234, 148193311, 148198038, 3311, 8038
3, 4235, 148228311, 148232268, 3311, 7268
3, 4236, 148263311, 148268330, 3311, 8330
3, 4237, 148298311, 148302268, 3311, 7268
3, 4238, 148333311, 148338038, 3311, 8038
3, 4239, 148368311, 148372330, 3311, 7330
3, 424, 14843311, 14850049, 3311, 10049
3, 4240, 148403311, 148412880, 3311, 12880
3, 4241, 148438311, 148442268, 3311, 7268
3, 4242, 148473311, 148478330, 3311, 8330
3, 4243, 148508311, 148512268, 3311, 7268
3, 4244, 148543311, 148548038, 3311, 8038
3, 4245, 148578311, 148582330, 3311, 7330
3, 4246, 148613311, 148618038, 3311, 8038
3, 4247, 148648311, 148652309, 3311, 7309
3, 4248, 148683311, 148691154, 3311, 11154
3, 4249, 148718311, 148722268, 3311, 7268
3, 425, 14878311, 14882268, 3311, 7268
3, 4250, 148753311, 148759432, 3311, 9432
3, 4251, 148788311, 148792268, 3311, 7268
3, 4252, 148823311, 148828038, 3311, 8038
3, 4253, 148858311, 148862268, 3311, 7268
3, 4254, 148893311, 148898330, 3311, 8330
3, 4255, 148928311, 148933572, 3311, 8572
3, 4256, 148963311, 148974306, 3311, 14306
3, 4257, 148998311, 149002268, 3311, 7268
3, 4258, 149033311, 149038038, 3311, 8038
3, 4259, 149068311, 149072268, 3311, 7268
3, 426, 14913311, 14918330, 3311, 8330
3, 4260, 149103311, 149109530, 3311, 9530
3, 4261, 149138311, 149142268, 3311, 7268
3, 4262, 149173311, 149178038, 3311, 8038
3, 4263, 149208311, 149212601, 3311, 7601
3, 4264, 149243311, 149250049, 3311, 10049
3, 4265, 149278311, 149282268, 3311, 7268
3, 4266, 149313311, 149318330, 3311, 8330
3, 4267, 149348311, 149352268, 3311, 7268
3, 4268, 149383311, 149388038, 3311, 8038
3, 4269, 149418311, 149422268, 3311, 7268
3, 427, 14948311, 14952268, 3311, 7268
3, 4270, 149453311, 149459432, 3311, 9432
3, 4271, 149488311, 149492268, 3311, 7268
3, 4272, 149523311, 149533026, 3311, 13026
3, 4273, 149558311, 149562268, 3311, 7268
3, 4274, 149593311, 149598038, 3311, 8038
3, 4275, 149628311, 149633897, 3311, 8897
3, 4276, 149663311, 149668038, 3311, 8038
3, 4277, 149698311, 149702268, 3311, 7268
3, 4278, 149733311, 149738330, 3311, 8330
3, 4279, 149768311, 149772309, 3311, 7309
3, 428, 14983311, 14988038, 3311, 8038
3, 4280, 149803311, 149811431, 3311, 11431
3, 4281, 149838311, 149842268, 3311, 7268
3, 4282, 149873311, 149878038, 3311, 8038
3, 4283, 149908311, 149912268, 3311, 7268
3, 4284, 149943311, 149948330, 3311, 8330
3, 4285, 149978311, 149982268, 3311, 7268
3, 4286, 150013311, 150019884, 3311, 9884
3, 4287, 150048311, 150052330, 3311, 7330
3, 4288, 150083311, 150091644, 3311, 11644
3, 4289, 150118311, 150122268, 3311, 7268
3, 429, 15018311, 15022330, 3311, 7330
3, 4290, 150153311, 150159530, 3311, 9530
3, 4291, 150188311, 150192268, 3311, 7268
3, 4292, 150223311, 150228038, 3311, 8038
3, 4293, 150258311, 150262268, 3311, 7268
3, 4294, 150293311, 150300049, 3311, 10049
3, 4295, 150328311, 150333627, 3311, 8627
3, 4296, 150363311, 150370195, 3311, 10195
3, 4297, 150398311, 150402268, 3311, 7268
3, 4298, 150433311, 150438038, 3311, 8038
3, 4299, 150468311, 150472268, 3311, 7268
3, 43, 1508311, 1512268, 3311, 7268
3, 430, 15053311, 15059432, 3311, 9432
3, 4300, 150503311, 150509432, 3311, 9432
3, 4301, 150538311, 150542268, 3311, 7268
3, 4302, 150573311, 150578330, 3311, 8330
3, 4303, 150608311, 150612268, 3311, 7268
3, 4304, 150643311, 150651790, 3311, 11790
3, 4305, 150678311, 150683869, 3311, 8869
3, 4306, 150713311, 150718038, 3311, 8038
3, 4307, 150748311, 150752268, 3311, 7268
3, 4308, 150783311, 150788330, 3311, 8330
3, 4309, 150818311, 150822268, 3311, 7268
3, 431, 15088311, 15092268, 3311, 7268
3, 4310, 150853311, 150859432, 3311, 9432
3, 4311, 150888311, 150892601, 3311, 7601
3, 4312, 150923311, 150930049, 3311, 10049
3, 4313, 150958311, 150962268, 3311, 7268
3, 4314, 150993311, 150998330, 3311, 8330
3, 4315, 151028311, 151032268, 3311, 7268
3, 4316, 151063311, 151068038, 3311, 8038
3, 4317, 151098311, 151102268, 3311, 7268
3, 4318, 151133311, 151138038, 3311, 8038
3, 4319, 151168311, 151172268, 3311, 7268
3, 432, 15123311, 15133026, 3311, 13026
3, 4320, 151203311, 151213026, 3311, 13026
3, 4321, 151238311, 151242268, 3311, 7268
3, 4322, 151273311, 151278038, 3311, 8038
3, 4323, 151308311, 151312268, 3311, 7268
3, 4324, 151343311, 151349884, 3311, 9884
3, 4325, 151378311, 151382268, 3311, 7268
3, 4326, 151413311, 151418330, 3311, 8330
3, 4327, 151448311, 151452309, 3311, 7309
3, 4328, 151483311, 151490049, 3311, 10049
3, 4329, 151518311, 151522268, 3311, 7268
3, 433, 15158311, 15162268, 3311, 7268
3, 4330, 151553311, 151559432, 3311, 9432
3, 4331, 151588311, 151592268, 3311, 7268
3, 4332, 151623311, 151630195, 3311, 10195
3, 4333, 151658311, 151662268, 3311, 7268
3, 4334, 151693311, 151698038, 3311, 8038
3, 4335, 151728311, 151733658, 3311, 8658
3, 4336, 151763311, 151771644, 3311, 11644
3, 4337, 151798311, 151802268, 3311, 7268
3, 4338, 151833311, 151838330, 3311, 8330
3, 4339, 151868311, 151872268, 3311, 7268
3, 434, 15193311, 15198038, 3311, 8038
3, 4340, 151903311, 151909432, 3311, 9432
3, 4341, 151938311, 151942268, 3311, 7268
3, 4342, 151973311, 151978038, 3311, 8038
3, 4343, 152008311, 152013623, 3311, 8623
3, 4344, 152043311, 152050195, 3311, 10195
3, 4345, 152078311, 152082268, 3311, 7268
3, 4346, 152113311, 152118038, 3311, 8038
3, 4347, 152148311, 152152268, 3311, 7268
3, 4348, 152183311, 152188038, 3311, 8038
3, 4349, 152218311, 152222268, 3311, 7268
3, 435, 15228311, 15232330, 3311, 7330
3, 4350, 152253311, 152259530, 3311, 9530
3, 4351, 152288311, 152292941, 3311, 7941
3, 4352, 152323311, 152333026, 3311, 13026
3, 4353, 152358311, 152362268, 3311, 7268
3, 4354, 152393311, 152398038, 3311, 8038
3, 4355, 152428311, 152432268, 3311, 7268
3, 4356, 152463311, 152468330, 3311, 8330
3, 4357, 152498311, 152502268, 3311, 7268
3, 4358, 152533311, 152538038, 3311, 8038
3, 4359, 152568311, 152572601, 3311, 7601
3, 436, 15263311, 15268038, 3311, 8038
3, 4360, 152603311, 152611285, 3311, 11285
3, 4361, 152638311, 152642268, 3311, 7268
3, 4362, 152673311, 152679982, 3311, 9982
3, 4363, 152708311, 152712268, 3311, 7268
3, 4364, 152743311, 152748038, 3311, 8038
3, 4365, 152778311, 152782330, 3311, 7330
3, 4366, 152813311, 152818038, 3311, 8038
3, 4367, 152848311, 152852268, 3311, 7268
3, 4368, 152883311, 152891790, 3311, 11790
3, 4369, 152918311, 152922268, 3311, 7268
3, 437, 15298311, 15302268, 3311, 7268
3, 4370, 152953311, 152961431, 3311, 11431
3, 4371, 152988311, 152992268, 3311, 7268
3, 4372, 153023311, 153028038, 3311, 8038
3, 4373, 153058311, 153062268, 3311, 7268
3, 4374, 153093311, 153098330, 3311, 8330
3, 4375, 153128311, 153133627, 3311, 8627
3, 4376, 153163311, 153170049, 3311, 10049
3, 4377, 153198311, 153202268, 3311, 7268
3, 4378, 153233311, 153238038, 3311, 8038
3, 4379, 153268311, 153272268, 3311, 7268
3, 438, 15333311, 15338330, 3311, 8330
3, 4380, 153303311, 153309530, 3311, 9530
3, 4381, 153338311, 153342268, 3311, 7268
3, 4382, 153373311, 153378038, 3311, 8038
3, 4383, 153408311, 153412330, 3311, 7330
3, 4384, 153443311, 153451644, 3311, 11644
3, 4385, 153478311, 153482268, 3311, 7268
3, 4386, 153513311, 153518330, 3311, 8330
3, 4387, 153548311, 153552268, 3311, 7268
3, 4388, 153583311, 153588038, 3311, 8038
3, 4389, 153618311, 153622330, 3311, 7330
3, 439, 15368311, 15372309, 3311, 7309
3, 4390, 153653311, 153659432, 3311, 9432
3, 4391, 153688311, 153692309, 3311, 7309
3, 4392, 153723311, 153730195, 3311, 10195
3, 4393, 153758311, 153762268, 3311, 7268
3, 4394, 153793311, 153798038, 3311, 8038
3, 4395, 153828311, 153832330, 3311, 7330
3, 4396, 153863311, 153868038, 3311, 8038
3, 4397, 153898311, 153902268, 3311, 7268
3, 4398, 153933311, 153938330, 3311, 8330
3, 4399, 153968311, 153972268, 3311, 7268
3, 44, 1543311, 1548038, 3311, 8038
3, 440, 15403311, 15411431, 3311, 11431
3, 4400, 154003311, 154013269, 3311, 13269
3, 4401, 154038311, 154042268, 3311, 7268
3, 4402, 154073311, 154078038, 3311, 8038
3, 4403, 154108311, 154112268, 3311, 7268
3, 4404, 154143311, 154148330, 3311, 8330
3, 4405, 154178311, 154182268, 3311, 7268
3, 4406, 154213311, 154218038, 3311, 8038
3, 4407, 154248311, 154252601, 3311, 7601
3, 4408, 154283311, 154290521, 3311, 10521
3, 4409, 154318311, 154322268, 3311, 7268
3, 441, 15438311, 15442268, 3311, 7268
3, 4410, 154353311, 154359530, 3311, 9530
3, 4411, 154388311, 154392268, 3311, 7268
3, 4412, 154423311, 154428038, 3311, 8038
3, 4413, 154458311, 154462268, 3311, 7268
3, 4414, 154493311, 154498038, 3311, 8038
3, 4415, 154528311, 154533572, 3311, 8572
3, 4416, 154563311, 154571790, 3311, 11790
3, 4417, 154598311, 154602268, 3311, 7268
3, 4418, 154633311, 154638038, 3311, 8038
3, 4419, 154668311, 154672330, 3311, 7330
3, 442, 15473311, 15478038, 3311, 8038
3, 4420, 154703311, 154709432, 3311, 9432
3, 4421, 154738311, 154742268, 3311, 7268
3, 4422, 154773311, 154778330, 3311, 8330
3, 4423, 154808311, 154812309, 3311, 7309
3, 4424, 154843311, 154850049, 3311, 10049
3, 4425, 154878311, 154882330, 3311, 7330
3, 4426, 154913311, 154918038, 3311, 8038
3, 4427, 154948311, 154952268, 3311, 7268
3, 4428, 154983311, 154988330, 3311, 8330
3, 4429, 155018311, 155022268, 3311, 7268
3, 443, 15508311, 15512268, 3311, 7268
3, 4430, 155053311, 155059432, 3311, 9432
3, 4431, 155088311, 155092330, 3311, 7330
3, 4432, 155123311, 155132880, 3311, 12880
3, 4433, 155158311, 155162268, 3311, 7268
3, 4434, 155193311, 155198330, 3311, 8330
3, 4435, 155228311, 155232268, 3311, 7268
3, 4436, 155263311, 155268038, 3311, 8038
3, 4437, 155298311, 155302268, 3311, 7268
3, 4438, 155333311, 155339884, 3311, 9884
3, 4439, 155368311, 155372309, 3311, 7309
3, 444, 15543311, 15548330, 3311, 8330
3, 4440, 155403311, 155411431, 3311, 11431
3, 4441, 155438311, 155442268, 3311, 7268
3, 4442, 155473311, 155478038, 3311, 8038
3, 4443, 155508311, 155512268, 3311, 7268
3, 4444, 155543311, 155548038, 3311, 8038
3, 4445, 155578311, 155582268, 3311, 7268
3, 4446, 155613311, 155620195, 3311, 10195
3, 4447, 155648311, 155652268, 3311, 7268
3, 4448, 155683311, 155691790, 3311, 11790
3, 4449, 155718311, 155722268, 3311, 7268
3, 445, 15578311, 15582268, 3311, 7268
3, 4450, 155753311, 155759432, 3311, 9432
3, 4451, 155788311, 155792268, 3311, 7268
3, 4452, 155823311, 155828330, 3311, 8330
3, 4453, 155858311, 155862268, 3311, 7268
3, 4454, 155893311, 155898038, 3311, 8038
3, 4455, 155928311, 155933709, 3311, 8709
3, 4456, 155963311, 155970049, 3311, 10049
3, 4457, 155998311, 156002268, 3311, 7268
3, 4458, 156033311, 156038330, 3311, 8330
3, 4459, 156068311, 156072268, 3311, 7268
3, 446, 15613311, 15618038, 3311, 8038
3, 4460, 156103311, 156109432, 3311, 9432
3, 4461, 156138311, 156142268, 3311, 7268
3, 4462, 156173311, 156178038, 3311, 8038
3, 4463, 156208311, 156212268, 3311, 7268
3, 4464, 156243311, 156251790, 3311, 11790
3, 4465, 156278311, 156283800, 3311, 8800
3, 4466, 156313311, 156318038, 3311, 8038
3, 4467, 156348311, 156352268, 3311, 7268
3, 4468, 156383311, 156388038, 3311, 8038
3, 4469, 156418311, 156422268, 3311, 7268
3, 447, 15648311, 15652330, 3311, 7330
3, 4470, 156453311, 156459530, 3311, 9530
3, 4471, 156488311, 156492309, 3311, 7309
3, 4472, 156523311, 156530049, 3311, 10049
3, 4473, 156558311, 156562268, 3311, 7268
3, 4474, 156593311, 156598038, 3311, 8038
3, 4475, 156628311, 156632268, 3311, 7268
3, 4476, 156663311, 156669982, 3311, 9982
3, 4477, 156698311, 156702268, 3311, 7268
3, 4478, 156733311, 156738038, 3311, 8038
3, 4479, 156768311, 156772330, 3311, 7330
3, 448, 15683311, 15691887, 3311, 11887
3, 4480, 156803311, 156812880, 3311, 12880
3, 4481, 156838311, 156842268, 3311, 7268
3, 4482, 156873311, 156878330, 3311, 8330
3, 4483, 156908311, 156912268, 3311, 7268
3, 4484, 156943311, 156950049, 3311, 10049
3, 4485, 156978311, 156982330, 3311, 7330
3, 4486, 157013311, 157018038, 3311, 8038
3, 4487, 157048311, 157052309, 3311, 7309
3, 4488, 157083311, 157090195, 3311, 10195
3, 4489, 157118311, 157122268, 3311, 7268
3, 449, 15718311, 15722268, 3311, 7268
3, 4490, 157153311, 157159432, 3311, 9432
3, 4491, 157188311, 157192268, 3311, 7268
3, 4492, 157223311, 157228038, 3311, 8038
3, 4493, 157258311, 157262268, 3311, 7268
3, 4494, 157293311, 157298330, 3311, 8330
3, 4495, 157328311, 157334637, 3311, 9637
3, 4496, 157363311, 157371790, 3311, 11790
3, 4497, 157398311, 157402268, 3311, 7268
3, 4498, 157433311, 157438038, 3311, 8038
3, 4499, 157468311, 157472268, 3311, 7268
3, 45, 1578311, 1582330, 3311, 7330
3, 450, 15753311, 15759530, 3311, 9530
3, 4500, 157503311, 157509530, 3311, 9530
3, 4501, 157538311, 157542268, 3311, 7268
3, 4502, 157573311, 157578038, 3311, 8038
3, 4503, 157608311, 157613808, 3311, 8808
3, 4504, 157643311, 157650049, 3311, 10049
3, 4505, 157678311, 157682268, 3311, 7268
3, 4506, 157713311, 157718330, 3311, 8330
3, 4507, 157748311, 157752268, 3311, 7268
3, 4508, 157783311, 157788038, 3311, 8038
3, 4509, 157818311, 157822268, 3311, 7268
3, 451, 15788311, 15792268, 3311, 7268
3, 4510, 157853311, 157859432, 3311, 9432
3, 4511, 157888311, 157892268, 3311, 7268
3, 4512, 157923311, 157933026, 3311, 13026
3, 4513, 157958311, 157962268, 3311, 7268
3, 4514, 157993311, 157999884, 3311, 9884
3, 4515, 158028311, 158032330, 3311, 7330
3, 4516, 158063311, 158068038, 3311, 8038
3, 4517, 158098311, 158102268, 3311, 7268
3, 4518, 158133311, 158138330, 3311, 8330
3, 4519, 158168311, 158172309, 3311, 7309
3, 452, 15823311, 15828038, 3311, 8038
3, 4520, 158203311, 158211431, 3311, 11431
3, 4521, 158238311, 158242268, 3311, 7268
3, 4522, 158273311, 158280049, 3311, 10049
3, 4523, 158308311, 158312268, 3311, 7268
3, 4524, 158343311, 158348330, 3311, 8330
3, 4525, 158378311, 158382268, 3311, 7268
3, 4526, 158413311, 158418038, 3311, 8038
3, 4527, 158448311, 158452330, 3311, 7330
3, 4528, 158483311, 158491644, 3311, 11644
3, 4529, 158518311, 158522268, 3311, 7268
3, 453, 15858311, 15862268, 3311, 7268
3, 4530, 158553311, 158559530, 3311, 9530
3, 4531, 158588311, 158592268, 3311, 7268
3, 4532, 158623311, 158628038, 3311, 8038
3, 4533, 158658311, 158662330, 3311, 7330
3, 4534, 158693311, 158698038, 3311, 8038
3, 4535, 158728311, 158733627, 3311, 8627
3, 4536, 158763311, 158770195, 3311, 10195
3, 4537, 158798311, 158802268, 3311, 7268
3, 4538, 158833311, 158838038, 3311, 8038
3, 4539, 158868311, 158872268, 3311, 7268
3, 454, 15893311, 15898038, 3311, 8038
3, 4540, 158903311, 158909432, 3311, 9432
3, 4541, 158938311, 158942268, 3311, 7268
3, 4542, 158973311, 158978330, 3311, 8330
3, 4543, 159008311, 159012268, 3311, 7268
3, 4544, 159043311, 159051790, 3311, 11790
3, 4545, 159078311, 159082330, 3311, 7330
3, 4546, 159113311, 159118038, 3311, 8038
3, 4547, 159148311, 159152268, 3311, 7268
3, 4548, 159183311, 159188330, 3311, 8330
3, 4549, 159218311, 159222268, 3311, 7268
3, 455, 15928311, 15933627, 3311, 8627
3, 4550, 159253311, 159259432, 3311, 9432
3, 4551, 159288311, 159292601, 3311, 7601
3, 4552, 159323311, 159332243, 3311, 12243
3, 4553, 159358311, 159362268, 3311, 7268
3, 4554, 159393311, 159398330, 3311, 8330
3, 4555, 159428311, 159432268, 3311, 7268
3, 4556, 159463311, 159468038, 3311, 8038
3, 4557, 159498311, 159502268, 3311, 7268
3, 4558, 159533311, 159538038, 3311, 8038
3, 4559, 159568311, 159572268, 3311, 7268
3, 456, 15963311, 15972153, 3311, 12153
3, 457, 15998311, 16002268, 3311, 7268
3, 458, 16033311, 16038038, 3311, 8038
3, 459, 16068311, 16072268, 3311, 7268
3, 46, 1613311, 1618038, 3311, 8038
3, 460, 16103311, 16109432, 3311, 9432
3, 461, 16138311, 16142268, 3311, 7268
3, 462, 16173311, 16178330, 3311, 8330
3, 463, 16208311, 16212268, 3311, 7268
3, 464, 16243311, 16251790, 3311, 11790
3, 465, 16278311, 16282330, 3311, 7330
3, 466, 16313311, 16318038, 3311, 8038
3, 467, 16348311, 16352268, 3311, 7268
3, 468, 16383311, 16388330, 3311, 8330
3, 469, 16418311, 16422268, 3311, 7268
3, 47, 1648311, 1652268, 3311, 7268
3, 470, 16453311, 16459432, 3311, 9432
3, 471, 16488311, 16492601, 3311, 7601
3, 472, 16523311, 16530049, 3311, 10049
3, 473, 16558311, 16562268, 3311, 7268
3, 474, 16593311, 16598330, 3311, 8330
3, 475, 16628311, 16633800, 3311, 8800
3, 476, 16663311, 16668038, 3311, 8038
3, 477, 16698311, 16702268, 3311, 7268
3, 478, 16733311, 16738038, 3311, 8038
3, 479, 16768311, 16772268, 3311, 7268
3, 48, 1683311, 1691790, 3311, 11790
3, 480, 16803311, 16813026, 3311, 13026
3, 481, 16838311, 16842268, 3311, 7268
3, 482, 16873311, 16878038, 3311, 8038
3, 483, 16908311, 16912268, 3311, 7268
3, 484, 16943311, 16948038, 3311, 8038
3, 485, 16978311, 16982268, 3311, 7268
3, 486, 17013311, 17019982, 3311, 9982
3, 487, 17048311, 17052309, 3311, 7309
3, 488, 17083311, 17090049, 3311, 10049
3, 489, 17118311, 17122268, 3311, 7268
3, 49, 1718311, 1722268, 3311, 7268
3, 490, 17153311, 17159432, 3311, 9432
3, 491, 17188311, 17192268, 3311, 7268
3, 492, 17223311, 17228330, 3311, 8330
3, 493, 17258311, 17262268, 3311, 7268
3, 494, 17293311, 17300049, 3311, 10049
3, 495, 17328311, 17333658, 3311, 8658
3, 496, 17363311, 17371644, 3311, 11644
3, 497, 17398311, 17402268, 3311, 7268
3, 498, 17433311, 17438330, 3311, 8330
3, 499, 17468311, 17472268, 3311, 7268
3, 5, 178311, 182268, 3311, 7268
3, 50, 1753311, 1759432, 3311, 9432
3, 500, 17503311, 17509432, 3311, 9432
3, 501, 17538311, 17542268, 3311, 7268
3, 502, 17573311, 17578038, 3311, 8038
3, 503, 17608311, 17612309, 3311, 7309
3, 504, 17643311, 17650195, 3311, 10195
3, 505, 17678311, 17683796, 3311, 8796
3, 506, 17713311, 17718038, 3311, 8038
3, 507, 17748311, 17752268, 3311, 7268
3, 508, 17783311, 17788038, 3311, 8038
3, 509, 17818311, 17822268, 3311, 7268
3, 51, 1788311, 1792268, 3311, 7268
3, 510, 17853311, 17859530, 3311, 9530
3, 511, 17888311, 17892268, 3311, 7268
3, 512, 17923311, 17933026, 3311, 13026
3, 513, 17958311, 17962330, 3311, 7330
3, 514, 17993311, 17998038, 3311, 8038
3, 515, 18028311, 18032268, 3311, 7268
3, 516, 18063311, 18068330, 3311, 8330
3, 517, 18098311, 18102268, 3311, 7268
3, 518, 18133311, 18138038, 3311, 8038
3, 519, 18168311, 18172601, 3311, 7601
3, 52, 1823311, 1828038, 3311, 8038
3, 520, 18203311, 18211285, 3311, 11285
3, 521, 18238311, 18242268, 3311, 7268
3, 522, 18273311, 18278330, 3311, 8330
3, 523, 18308311, 18312268, 3311, 7268
3, 524, 18343311, 18349884, 3311, 9884
3, 525, 18378311, 18382330, 3311, 7330
3, 526, 18413311, 18418038, 3311, 8038
3, 527, 18448311, 18452268, 3311, 7268
3, 528, 18483311, 18491790, 3311, 11790
3, 529, 18518311, 18522268, 3311, 7268
3, 53, 1858311, 1862268, 3311, 7268
3, 530, 18553311, 18559432, 3311, 9432
3, 531, 18588311, 18592268, 3311, 7268
3, 532, 18623311, 18630049, 3311, 10049
3, 533, 18658311, 18662268, 3311, 7268
3, 534, 18693311, 18698330, 3311, 8330
3, 535, 18728311, 18733627, 3311, 8627
3, 536, 18763311, 18770049, 3311, 10049
3, 537, 18798311, 18802268, 3311, 7268
3, 538, 18833311, 18838038, 3311, 8038
3, 539, 18868311, 18872268, 3311, 7268
3, 54, 1893311, 1898330, 3311, 8330
3, 540, 18903311, 18909530, 3311, 9530
3, 541, 18938311, 18942268, 3311, 7268
3, 542, 18973311, 18978038, 3311, 8038
3, 543, 19008311, 19013808, 3311, 8808
3, 544, 19043311, 19051644, 3311, 11644
3, 545, 19078311, 19082268, 3311, 7268
3, 546, 19113311, 19118330, 3311, 8330
3, 547, 19148311, 19152268, 3311, 7268
3, 548, 19183311, 19188038, 3311, 8038
3, 549, 19218311, 19222268, 3311, 7268
3, 55, 1928311, 1933627, 3311, 8627
3, 550, 19253311, 19259432, 3311, 9432
3, 551, 19288311, 19292941, 3311, 7941
3, 552, 19323311, 19330195, 3311, 10195
3, 553, 19358311, 19362268, 3311, 7268
3, 554, 19393311, 19398038, 3311, 8038
3, 555, 19428311, 19432330, 3311, 7330
3, 556, 19463311, 19468038, 3311, 8038
3, 557, 19498311, 19502268, 3311, 7268
3, 558, 19533311, 19538330, 3311, 8330
3, 559, 19568311, 19572268, 3311, 7268
3, 56, 1963311, 1970049, 3311, 10049
3, 560, 19603311, 19613026, 3311, 13026
3, 561, 19638311, 19642268, 3311, 7268
3, 562, 19673311, 19679884, 3311, 9884
3, 563, 19708311, 19712268, 3311, 7268
3, 564, 19743311, 19748330, 3311, 8330
3, 565, 19778311, 19782268, 3311, 7268
3, 566, 19813311, 19818038, 3311, 8038
3, 567, 19848311, 19852601, 3311, 7601
3, 568, 19883311, 19890049, 3311, 10049
3, 569, 19918311, 19922268, 3311, 7268
3, 57, 1998311, 2002330, 3311, 7330
3, 570, 19953311, 19961431, 3311, 11431
3, 571, 19988311, 19992268, 3311, 7268
3, 572, 20023311, 20028038, 3311, 8038
3, 573, 20058311, 20062268, 3311, 7268
3, 574, 20093311, 20098038, 3311, 8038
3, 575, 20128311, 20133572, 3311, 8572
3, 576, 20163311, 20171790, 3311, 11790
3, 577, 20198311, 20202268, 3311, 7268
3, 578, 20233311, 20238038, 3311, 8038
3, 579, 20268311, 20272268, 3311, 7268
3, 58, 2033311, 2038038, 3311, 8038
3, 580, 20303311, 20309432, 3311, 9432
3, 581, 20338311, 20342268, 3311, 7268
3, 582, 20373311, 20378330, 3311, 8330
3, 583, 20408311, 20412309, 3311, 7309
3, 584, 20443311, 20450049, 3311, 10049
3, 585, 20478311, 20482330, 3311, 7330
3, 586, 20513311, 20518038, 3311, 8038
3, 587, 20548311, 20552268, 3311, 7268
3, 588, 20583311, 20588330, 3311, 8330
3, 589, 20618311, 20622268, 3311, 7268
3, 59, 2068311, 2072268, 3311, 7268
3, 590, 20653311, 20659432, 3311, 9432
3, 591, 20688311, 20692330, 3311, 7330
3, 592, 20723311, 20732880, 3311, 12880
3, 593, 20758311, 20762268, 3311, 7268
3, 594, 20793311, 20798330, 3311, 8330
3, 595, 20828311, 20832268, 3311, 7268
3, 596, 20863311, 20868038, 3311, 8038
3, 597, 20898311, 20902268, 3311, 7268
3, 598, 20933311, 20938038, 3311, 8038
3, 599, 20968311, 20972309, 3311, 7309
3, 6, 213311, 218330, 3311, 8330
3, 60, 2103311, 2109530, 3311, 9530
3, 600, 21003311, 21012389, 3311, 12389
3, 601, 21038311, 21042268, 3311, 7268
3, 602, 21073311, 21078038, 3311, 8038
3, 603, 21108311, 21112268, 3311, 7268
3, 604, 21143311, 21148038, 3311, 8038
3, 605, 21178311, 21182268, 3311, 7268
3, 606, 21213311, 21218330, 3311, 8330
3, 607, 21248311, 21252268, 3311, 7268
3, 608, 21283311, 21294306, 3311, 14306
3, 609, 21318311, 21322268, 3311, 7268
3, 61, 2138311, 2142268, 3311, 7268
3, 610, 21353311, 21359432, 3311, 9432
3, 611, 21388311, 21392268, 3311, 7268
3, 612, 21423311, 21428330, 3311, 8330
3, 613, 21458311, 21462268, 3311, 7268
3, 614, 21493311, 21498038, 3311, 8038
3, 615, 21528311, 21533709, 3311, 8709
3, 616, 21563311, 21570049, 3311, 10049
3, 617, 21598311, 21602268, 3311, 7268
3, 618, 21633311, 21638330, 3311, 8330
3, 619, 21668311, 21672268, 3311, 7268
3, 62, 2173311, 2178038, 3311, 8038
3, 620, 21703311, 21709432, 3311, 9432
3, 621, 21738311, 21742268, 3311, 7268
3, 622, 21773311, 21778038, 3311, 8038
3, 623, 21808311, 21812268, 3311, 7268
3, 624, 21843311, 21851790, 3311, 11790
3, 625, 21878311, 21882268, 3311, 7268
3, 626, 21913311, 21918038, 3311, 8038
3, 627, 21948311, 21952330, 3311, 7330
3, 628, 21983311, 21988038, 3311, 8038
3, 629, 22018311, 22022268, 3311, 7268
3, 63, 2208311, 2212330, 3311, 7330
3, 630, 22053311, 22059530, 3311, 9530
3, 631, 22088311, 22092309, 3311, 7309
3, 632, 22123311, 22130049, 3311, 10049
3, 633, 22158311, 22162268, 3311, 7268
3, 634, 22193311, 22198038, 3311, 8038
3, 635, 22228311, 22232268, 3311, 7268
3, 636, 22263311, 22268330, 3311, 8330
3, 637, 22298311, 22302268, 3311, 7268
3, 638, 22333311, 22339884, 3311, 9884
3, 639, 22368311, 22372330, 3311, 7330
3, 64, 2243311, 2251644, 3311, 11644
3, 640, 22403311, 22412880, 3311, 12880
3, 641, 22438311, 22442268, 3311, 7268
3, 642, 22473311, 22478330, 3311, 8330
3, 643, 22508311, 22512268, 3311, 7268
3, 644, 22543311, 22548038, 3311, 8038
3, 645, 22578311, 22582330, 3311, 7330
3, 646, 22613311, 22620049, 3311, 10049
3, 647, 22648311, 22652309, 3311, 7309
3, 648, 22683311, 22690195, 3311, 10195
3, 649, 22718311, 22722268, 3311, 7268
3, 65, 2278311, 2282268, 3311, 7268
3, 650, 22753311, 22759432, 3311, 9432
3, 651, 22788311, 22792268, 3311, 7268
3, 652, 22823311, 22828038, 3311, 8038
3, 653, 22858311, 22862268, 3311, 7268
3, 654, 22893311, 22898330, 3311, 8330
3, 655, 22928311, 22933572, 3311, 8572
3, 656, 22963311, 22971790, 3311, 11790
3, 657, 22998311, 23002330, 3311, 7330
3, 658, 23033311, 23038038, 3311, 8038
3, 659, 23068311, 23072268, 3311, 7268
3, 66, 2313311, 2318330, 3311, 8330
3, 660, 23103311, 23109530, 3311, 9530
3, 661, 23138311, 23142268, 3311, 7268
3, 662, 23173311, 23178038, 3311, 8038
3, 663, 23208311, 23212601, 3311, 7601
3, 664, 23243311, 23250049, 3311, 10049
3, 665, 23278311, 23283800, 3311, 8800
3, 666, 23313311, 23318330, 3311, 8330
3, 667, 23348311, 23352268, 3311, 7268
3, 668, 23383311, 23388038, 3311, 8038
3, 669, 23418311, 23422268, 3311, 7268
3, 67, 2348311, 2352268, 3311, 7268
3, 670, 23453311, 23459432, 3311, 9432
3, 671, 23488311, 23492268, 3311, 7268
3, 672, 23523311, 23533026, 3311, 13026
3, 673, 23558311, 23562268, 3311, 7268
3, 674, 23593311, 23598038, 3311, 8038
3, 675, 23628311, 23632330, 3311, 7330
3, 676, 23663311, 23669884, 3311, 9884
3, 677, 23698311, 23702268, 3311, 7268
3, 678, 23733311, 23738330, 3311, 8330
3, 679, 23768311, 23772309, 3311, 7309
3, 68, 2383311, 2389884, 3311, 9884
3, 680, 23803311, 23811431, 3311, 11431
3, 681, 23838311, 23842268, 3311, 7268
3, 682, 23873311, 23878038, 3311, 8038
3, 683, 23908311, 23912268, 3311, 7268
3, 684, 23943311, 23950195, 3311, 10195
3, 685, 23978311, 23982268, 3311, 7268
3, 686, 24013311, 24018038, 3311, 8038
3, 687, 24048311, 24052330, 3311, 7330
3, 688, 24083311, 24091644, 3311, 11644
3, 689, 24118311, 24122268, 3311, 7268
3, 69, 2418311, 2422268, 3311, 7268
3, 690, 24153311, 24159530, 3311, 9530
3, 691, 24188311, 24192268, 3311, 7268
3, 692, 24223311, 24228038, 3311, 8038
3, 693, 24258311, 24262268, 3311, 7268
3, 694, 24293311, 24298038, 3311, 8038
3, 695, 24328311, 24334637, 3311, 9637
3, 696, 24363311, 24370195, 3311, 10195
3, 697, 24398311, 24402268, 3311, 7268
3, 698, 24433311, 24438038, 3311, 8038
3, 699, 24468311, 24472268, 3311, 7268
3, 7, 248311, 252309, 3311, 7309
3, 70, 2453311, 2459432, 3311, 9432
3, 700, 24503311, 24509432, 3311, 9432
3, 701, 24538311, 24542268, 3311, 7268
3, 702, 24573311, 24578330, 3311, 8330
3, 703, 24608311, 24612941, 3311, 7941
3, 704, 24643311, 24651790, 3311, 11790
3, 705, 24678311, 24682330, 3311, 7330
3, 706, 24713311, 24718038, 3311, 8038
3, 707, 24748311, 24752268, 3311, 7268
3, 708, 24783311, 24788330, 3311, 8330
3, 709, 24818311, 24822268, 3311, 7268
3, 71, 2488311, 2492309, 3311, 7309
3, 710, 24853311, 24859432, 3311, 9432
3, 711, 24888311, 24892601, 3311, 7601
3, 712, 24923311, 24930049, 3311, 10049
3, 713, 24958311, 24962268, 3311, 7268
3, 714, 24993311, 24999982, 3311, 9982
3, 715, 25028311, 25032268, 3311, 7268
3, 716, 25063311, 25068038, 3311, 8038
3, 717, 25098311, 25102268, 3311, 7268
3, 718, 25133311, 25138038, 3311, 8038
3, 719, 25168311, 25172268, 3311, 7268
3, 72, 2523311, 2530195, 3311, 10195
3, 720, 25203311, 25213026, 3311, 13026
3, 721, 25238311, 25242268, 3311, 7268
3, 722, 25273311, 25280049, 3311, 10049
3, 723, 25308311, 25312268, 3311, 7268
3, 724, 25343311, 25348038, 3311, 8038
3, 725, 25378311, 25382268, 3311, 7268
3, 726, 25413311, 25418330, 3311, 8330
3, 727, 25448311, 25452309, 3311, 7309
3, 728, 25483311, 25490049, 3311, 10049
3, 729, 25518311, 25522268, 3311, 7268
3, 73, 2558311, 2562268, 3311, 7268
3, 730, 25553311, 25559432, 3311, 9432
3, 731, 25588311, 25592268, 3311, 7268
3, 732, 25623311, 25628330, 3311, 8330
3, 733, 25658311, 25662268, 3311, 7268
3, 734, 25693311, 25698038, 3311, 8038
3, 735, 25728311, 25733658, 3311, 8658
3, 736, 25763311, 25771644, 3311, 11644
3, 737, 25798311, 25802268, 3311, 7268
3, 738, 25833311, 25838330, 3311, 8330
3, 739, 25868311, 25872268, 3311, 7268
3, 74, 2593311, 2598038, 3311, 8038
3, 740, 25903311, 25909432, 3311, 9432
3, 741, 25938311, 25942330, 3311, 7330
3, 742, 25973311, 25978038, 3311, 8038
3, 743, 26008311, 26012309, 3311, 7309
3, 744, 26043311, 26050195, 3311, 10195
3, 745, 26078311, 26082268, 3311, 7268
3, 746, 26113311, 26118038, 3311, 8038
3, 747, 26148311, 26152268, 3311, 7268
3, 748, 26183311, 26188038, 3311, 8038
3, 749, 26218311, 26222268, 3311, 7268
3, 75, 2628311, 2632330, 3311, 7330
3, 750, 26253311, 26259530, 3311, 9530
3, 751, 26288311, 26292268, 3311, 7268
3, 752, 26323311, 26333269, 3311, 13269
3, 753, 26358311, 26362268, 3311, 7268
3, 754, 26393311, 26398038, 3311, 8038
3, 755, 26428311, 26432268, 3311, 7268
3, 756, 26463311, 26468330, 3311, 8330
3, 757, 26498311, 26502268, 3311, 7268
3, 758, 26533311, 26538038, 3311, 8038
3, 759, 26568311, 26572601, 3311, 7601
3, 76, 2663311, 2670049, 3311, 10049
3, 760, 26603311, 26613243, 3311, 13243
3, 761, 26638311, 26642268, 3311, 7268
3, 762, 26673311, 26678330, 3311, 8330
3, 763, 26708311, 26712268, 3311, 7268
3, 764, 26743311, 26748038, 3311, 8038
3, 765, 26778311, 26782330, 3311, 7330
3, 766, 26813311, 26818038, 3311, 8038
3, 767, 26848311, 26852268, 3311, 7268
3, 768, 26883311, 26891790, 3311, 11790
3, 769, 26918311, 26922268, 3311, 7268
3, 77, 2698311, 2702268, 3311, 7268
3, 770, 26953311, 26959432, 3311, 9432
3, 771, 26988311, 26992330, 3311, 7330
3, 772, 27023311, 27028038, 3311, 8038
3, 773, 27058311, 27062268, 3311, 7268
3, 774, 27093311, 27098330, 3311, 8330
3, 775, 27128311, 27133627, 3311, 8627
3, 776, 27163311, 27170049, 3311, 10049
3, 777, 27198311, 27202268, 3311, 7268
3, 778, 27233311, 27238038, 3311, 8038
3, 779, 27268311, 27272268, 3311, 7268
3, 78, 2733311, 2738330, 3311, 8330
3, 780, 27303311, 27309530, 3311, 9530
3, 781, 27338311, 27342268, 3311, 7268
3, 782, 27373311, 27378038, 3311, 8038
3, 783, 27408311, 27412330, 3311, 7330
3, 784, 27443311, 27451644, 3311, 11644
3, 785, 27478311, 27482268, 3311, 7268
3, 786, 27513311, 27518330, 3311, 8330
3, 787, 27548311, 27552268, 3311, 7268
3, 788, 27583311, 27588038, 3311, 8038
3, 789, 27618311, 27622268, 3311, 7268
3, 79, 2768311, 2772268, 3311, 7268
3, 790, 27653311, 27660708, 3311, 10708
3, 791, 27688311, 27692309, 3311, 7309
3, 792, 27723311, 27730195, 3311, 10195
3, 793, 27758311, 27762268, 3311, 7268
3, 794, 27793311, 27798038, 3311, 8038
3, 795, 27828311, 27832330, 3311, 7330
3, 796, 27863311, 27868038, 3311, 8038
3, 797, 27898311, 27902268, 3311, 7268
3, 798, 27933311, 27940195, 3311, 10195
3, 799, 27968311, 27972268, 3311, 7268
3, 8, 283311, 290049, 3311, 10049
3, 80, 2803311, 2813026, 3311, 13026
3, 800, 28003311, 28013026, 3311, 13026
3, 801, 28038311, 28042268, 3311, 7268
3, 802, 28073311, 28078038, 3311, 8038
3, 803, 28108311, 28112268, 3311, 7268
3, 804, 28143311, 28148330, 3311, 8330
3, 805, 28178311, 28182268, 3311, 7268
3, 806, 28213311, 28218038, 3311, 8038
3, 807, 28248311, 28252601, 3311, 7601
3, 808, 28283311, 28290049, 3311, 10049
3, 809, 28318311, 28322268, 3311, 7268
3, 81, 2838311, 2842268, 3311, 7268
3, 810, 28353311, 28359530, 3311, 9530
3, 811, 28388311, 28392268, 3311, 7268
3, 812, 28423311, 28428038, 3311, 8038
3, 813, 28458311, 28462268, 3311, 7268
3, 814, 28493311, 28498038, 3311, 8038
3, 815, 28528311, 28533572, 3311, 8572
3, 816, 28563311, 28571790, 3311, 11790
3, 817, 28598311, 28602268, 3311, 7268
3, 818, 28633311, 28638038, 3311, 8038
3, 819, 28668311, 28672268, 3311, 7268
3, 82, 2873311, 2878038, 3311, 8038
3, 820, 28703311, 28709432, 3311, 9432
3, 821, 28738311, 28742268, 3311, 7268
3, 822, 28773311, 28778330, 3311, 8330
3, 823, 28808311, 28812309, 3311, 7309
3, 824, 28843311, 28850049, 3311, 10049
3, 825, 28878311, 28882330, 3311, 7330
3, 826, 28913311, 28918038, 3311, 8038
3, 827, 28948311, 28952268, 3311, 7268
3, 828, 28983311, 28989982, 3311, 9982
3, 829, 29018311, 29022268, 3311, 7268
3, 83, 2908311, 2912268, 3311, 7268
3, 830, 29053311, 29059432, 3311, 9432
3, 831, 29088311, 29092330, 3311, 7330
3, 832, 29123311, 29132880, 3311, 12880
3, 833, 29158311, 29162268, 3311, 7268
3, 834, 29193311, 29198330, 3311, 8330
3, 835, 29228311, 29232268, 3311, 7268
3, 836, 29263311, 29270049, 3311, 10049
3, 837, 29298311, 29302268, 3311, 7268
3, 838, 29333311, 29338038, 3311, 8038
3, 839, 29368311, 29372309, 3311, 7309
3, 84, 2943311, 2948330, 3311, 8330
3, 840, 29403311, 29411431, 3311, 11431
3, 841, 29438311, 29442268, 3311, 7268
3, 842, 29473311, 29478038, 3311, 8038
3, 843, 29508311, 29512268, 3311, 7268
3, 844, 29543311, 29548038, 3311, 8038
3, 845, 29578311, 29582268, 3311, 7268
3, 846, 29613311, 29618330, 3311, 8330
3, 847, 29648311, 29652941, 3311, 7941
3, 848, 29683311, 29691790, 3311, 11790
3, 849, 29718311, 29722268, 3311, 7268
3, 85, 2978311, 2982268, 3311, 7268
3, 850, 29753311, 29759432, 3311, 9432
3, 851, 29788311, 29792268, 3311, 7268
3, 852, 29823311, 29828330, 3311, 8330
3, 853, 29858311, 29862268, 3311, 7268
3, 854, 29893311, 29898038, 3311, 8038
3, 855, 29928311, 29934794, 3311, 9794
3, 856, 29963311, 29970049, 3311, 10049
3, 857, 29998311, 30002268, 3311, 7268
3, 858, 30033311, 30038330, 3311, 8330
3, 859, 30068311, 30072268, 3311, 7268
3, 86, 3013311, 3018038, 3311, 8038
3, 860, 30103311, 30109432, 3311, 9432
3, 861, 30138311, 30142268, 3311, 7268
3, 862, 30173311, 30178038, 3311, 8038
3, 863, 30208311, 30212268, 3311, 7268
3, 864, 30243311, 30251790, 3311, 11790
3, 865, 30278311, 30282268, 3311, 7268
3, 866, 30313311, 30319884, 3311, 9884
3, 867, 30348311, 30352268, 3311, 7268
3, 868, 30383311, 30388038, 3311, 8038
3, 869, 30418311, 30422268, 3311, 7268
3, 87, 3048311, 3053808, 3311, 8808
3, 870, 30453311, 30459530, 3311, 9530
3, 871, 30488311, 30492309, 3311, 7309
3, 872, 30523311, 30530049, 3311, 10049
3, 873, 30558311, 30562268, 3311, 7268
3, 874, 30593311, 30600049, 3311, 10049
3, 875, 30628311, 30632268, 3311, 7268
3, 876, 30663311, 30668330, 3311, 8330
3, 877, 30698311, 30702268, 3311, 7268
3, 878, 30733311, 30738038, 3311, 8038
3, 879, 30768311, 30772330, 3311, 7330
3, 88, 3083311, 3090049, 3311, 10049
3, 880, 30803311, 30812880, 3311, 12880
3, 881, 30838311, 30842268, 3311, 7268
3, 882, 30873311, 30878330, 3311, 8330
3, 883, 30908311, 30912268, 3311, 7268
3, 884, 30943311, 30948038, 3311, 8038
3, 885, 30978311, 30983869, 3311, 8869
3, 886, 31013311, 31018038, 3311, 8038
3, 887, 31048311, 31052309, 3311, 7309
3, 888, 31083311, 31090195, 3311, 10195
3, 889, 31118311, 31122268, 3311, 7268
3, 89, 3118311, 3122268, 3311, 7268
3, 890, 31153311, 31159432, 3311, 9432
3, 891, 31188311, 31192268, 3311, 7268
3, 892, 31223311, 31228038, 3311, 8038
3, 893, 31258311, 31262268, 3311, 7268
3, 894, 31293311, 31298330, 3311, 8330
3, 895, 31328311, 31333572, 3311, 8572
3, 896, 31363311, 31371790, 3311, 11790
3, 897, 31398311, 31402268, 3311, 7268
3, 898, 31433311, 31438038, 3311, 8038
3, 899, 31468311, 31472268, 3311, 7268
3, 9, 318311, 322268, 3311, 7268
3, 90, 3153311, 3159530, 3311, 9530
3, 900, 31503311, 31509530, 3311, 9530
3, 901, 31538311, 31542268, 3311, 7268
3, 902, 31573311, 31578038, 3311, 8038
3, 903, 31608311, 31612601, 3311, 7601
3, 904, 31643311, 31651008, 3311, 11008
3, 905, 31678311, 31682268, 3311, 7268
3, 906, 31713311, 31718330, 3311, 8330
3, 907, 31748311, 31752268, 3311, 7268
3, 908, 31783311, 31788038, 3311, 8038
3, 909, 31818311, 31822268, 3311, 7268
3, 91, 3188311, 3192268, 3311, 7268
3, 910, 31853311, 31859432, 3311, 9432
3, 911, 31888311, 31892268, 3311, 7268
3, 912, 31923311, 31935254, 3311, 15254
3, 913, 31958311, 31962268, 3311, 7268
3, 914, 31993311, 31998038, 3311, 8038
3, 915, 32028311, 32032330, 3311, 7330
3, 916, 32063311, 32068038, 3311, 8038
3, 917, 32098311, 32102268, 3311, 7268
3, 918, 32133311, 32138330, 3311, 8330
3, 919, 32168311, 32172309, 3311, 7309
3, 92, 3223311, 3228038, 3311, 8038
3, 920, 32203311, 32211431, 3311, 11431
3, 921, 32238311, 32242268, 3311, 7268
3, 922, 32273311, 32278038, 3311, 8038
3, 923, 32308311, 32312268, 3311, 7268
3, 924, 32343311, 32348330, 3311, 8330
3, 925, 32378311, 32382268, 3311, 7268
3, 926, 32413311, 32418038, 3311, 8038
3, 927, 32448311, 32452330, 3311, 7330
3, 928, 32483311, 32491644, 3311, 11644
3, 929, 32518311, 32522268, 3311, 7268
3, 93, 3258311, 3262268, 3311, 7268
3, 930, 32553311, 32559530, 3311, 9530
3, 931, 32588311, 32592268, 3311, 7268
3, 932, 32623311, 32628038, 3311, 8038
3, 933, 32658311, 32662268, 3311, 7268
3, 934, 32693311, 32698038, 3311, 8038
3, 935, 32728311, 32733627, 3311, 8627
3, 936, 32763311, 32770195, 3311, 10195
3, 937, 32798311, 32802268, 3311, 7268
3, 938, 32833311, 32838038, 3311, 8038
3, 939, 32868311, 32872268, 3311, 7268
3, 94, 3293311, 3298038, 3311, 8038
3, 940, 32903311, 32909432, 3311, 9432
3, 941, 32938311, 32942268, 3311, 7268
3, 942, 32973311, 32979982, 3311, 9982
3, 943, 33008311, 33012268, 3311, 7268
3, 944, 33043311, 33051790, 3311, 11790
3, 945, 33078311, 33082330, 3311, 7330
3, 946, 33113311, 33118038, 3311, 8038
3, 947, 33148311, 33152268, 3311, 7268
3, 948, 33183311, 33188330, 3311, 8330
3, 949, 33218311, 33222268, 3311, 7268
3, 95, 3328311, 3334697, 3311, 9697
3, 950, 33253311, 33261431, 3311, 11431
3, 951, 33288311, 33292601, 3311, 7601
3, 952, 33323311, 33330049, 3311, 10049
3, 953, 33358311, 33362268, 3311, 7268
3, 954, 33393311, 33398330, 3311, 8330
3, 955, 33428311, 33432268, 3311, 7268
3, 956, 33463311, 33468038, 3311, 8038
3, 957, 33498311, 33502268, 3311, 7268
3, 958, 33533311, 33538038, 3311, 8038
3, 959, 33568311, 33572268, 3311, 7268
3, 96, 3363311, 3371790, 3311, 11790
3, 960, 33603311, 33613026, 3311, 13026
3, 961, 33638311, 33642268, 3311, 7268
3, 962, 33673311, 33678038, 3311, 8038
3, 963, 33708311, 33712268, 3311, 7268
3, 964, 33743311, 33748038, 3311, 8038
3, 965, 33778311, 33782268, 3311, 7268
3, 966, 33813311, 33818330, 3311, 8330
3, 967, 33848311, 33852309, 3311, 7309
3, 968, 33883311, 33890049, 3311, 10049
3, 969, 33918311, 33922330, 3311, 7330
3, 97, 3398311, 3402268, 3311, 7268
3, 970, 33953311, 33959432, 3311, 9432
3, 971, 33988311, 33992268, 3311, 7268
3, 972, 34023311, 34028330, 3311, 8330
3, 973, 34058311, 34062268, 3311, 7268
3, 974, 34093311, 34098038, 3311, 8038
3, 975, 34128311, 34133658, 3311, 8658
3, 976, 34163311, 34171644, 3311, 11644
3, 977, 34198311, 34202268, 3311, 7268
3, 978, 34233311, 34238330, 3311, 8330
3, 979, 34268311, 34272268, 3311, 7268
3, 98, 3433311, 3438038, 3311, 8038
3, 980, 34303311, 34310805, 3311, 10805
3, 981, 34338311, 34342268, 3311, 7268
3, 982, 34373311, 34378038, 3311, 8038
3, 983, 34408311, 34412309, 3311, 7309
3, 984, 34443311, 34450195, 3311, 10195
3, 985, 34478311, 34482268, 3311, 7268
3, 986, 34513311, 34518038, 3311, 8038
3, 987, 34548311, 34552268, 3311, 7268
3, 988, 34583311, 34590049, 3311, 10049
3, 989, 34618311, 34622268, 3311, 7268
3, 99, 3468311, 3472268, 3311, 7268
3, 990, 34653311, 34659530, 3311, 9530
3, 991, 34688311, 34692268, 3311, 7268
3, 992, 34723311, 34733026, 3311, 13026
3, 993, 34758311, 34762268, 3311, 7268
3, 994, 34793311, 34798038, 3311, 8038
3, 995, 34828311, 34832268, 3311, 7268
3, 996, 34863311, 34868330, 3311, 8330
3, 997, 34898311, 34902268, 3311, 7268
3, 998, 34933311, 34938038, 3311, 8038
3, 999, 34968311, 34973808, 3311, 8808
4, 0, 814, 13002, 814, 13002
4, 1, 35814, 39678, 814, 4678
4, 10, 350814, 356658, 814, 6658
4, 100, 3500814, 3506658, 814, 6658
4, 1000, 35000814, 35008199, 814, 8199
4, 1001, 35035814, 35039678, 814, 4678
4, 1002, 35070814, 35075772, 814, 5772
4, 1003, 35105814, 35109678, 814, 4678
4, 1004, 35140814, 35145674, 814, 5674
4, 1005, 35175814, 35180222, 814, 5222
4, 1006, 35210814, 35215674, 814, 5674
4, 1007, 35245814, 35250426, 814, 5426
4, 1008, 35280814, 35289172, 814, 9172
4, 1009, 35315814, 35319678, 814, 4678
4, 101, 3535814, 3539678, 814, 4678
4, 1010, 35350814, 35356755, 814, 6755
4, 1011, 35385814, 35389678, 814, 4678
4, 1012, 35420814, 35425674, 814, 5674
4, 1013, 35455814, 35459678, 814, 4678
4, 1014, 35490814, 35495772, 814, 5772
4, 1015, 35525814, 35530474, 814, 5474
4, 1016, 35560814, 35567345, 814, 7345
4, 1017, 35595814, 35599678, 814, 4678
4, 1018, 35630814, 35636340, 814, 6340
4, 1019, 35665814, 35669678, 814, 4678
4, 102, 3570814, 3575772, 814, 5772
4, 1020, 35700814, 35706755, 814, 6755
4, 1021, 35735814, 35739678, 814, 4678
4, 1022, 35770814, 35775674, 814, 5674
4, 1023, 35805814, 35809861, 814, 4861
4, 1024, 35840814, 35849075, 814, 9075
4, 1025, 35875814, 35880170, 814, 5170
4, 1026, 35910814, 35917104, 814, 7104
4, 1027, 35945814, 35949678, 814, 4678
4, 1028, 35980814, 35985674, 814, 5674
4, 1029, 36015814, 36019678, 814, 4678
4, 103, 3605814, 3609856, 814, 4856
4, 1030, 36050814, 36056658, 814, 6658
4, 1031, 36085814, 36089856, 814, 4856
4, 1032, 36120814, 36128296, 814, 8296
4, 1033, 36155814, 36159678, 814, 4678
4, 1034, 36190814, 36195674, 814, 5674
4, 1035, 36225814, 36230222, 814, 5222
4, 1036, 36260814, 36265674, 814, 5674
4, 1037, 36295814, 36300057, 814, 5057
4, 1038, 36330814, 36335772, 814, 5772
4, 1039, 36365814, 36369846, 814, 4846
4, 104, 3640814, 3647345, 814, 7345
4, 1040, 36400814, 36409821, 814, 9821
4, 1041, 36435814, 36439678, 814, 4678
4, 1042, 36470814, 36475674, 814, 5674
4, 1043, 36505814, 36509678, 814, 4678
4, 1044, 36540814, 36545772, 814, 5772
4, 1045, 36575814, 36581025, 814, 6025
4, 1046, 36610814, 36615674, 814, 5674
4, 1047, 36645814, 36649929, 814, 4929
4, 1048, 36680814, 36687199, 814, 7199
4, 1049, 36715814, 36719678, 814, 4678
4, 105, 3675814, 3680222, 814, 5222
4, 1050, 36750814, 36756755, 814, 6755
4, 1051, 36785814, 36789678, 814, 4678
4, 1052, 36820814, 36825674, 814, 5674
4, 1053, 36855814, 36859678, 814, 4678
4, 1054, 36890814, 36895674, 814, 5674
4, 1055, 36925814, 36930464, 814, 5464
4, 1056, 36960814, 36970137, 814, 10137
4, 1057, 36995814, 36999678, 814, 4678
4, 1058, 37030814, 37035674, 814, 5674
4, 1059, 37065814, 37069678, 814, 4678
4, 106, 3710814, 3716340, 814, 6340
4, 1060, 37100814, 37106658, 814, 6658
4, 1061, 37135814, 37139678, 814, 4678
4, 1062, 37170814, 37175772, 814, 5772
4, 1063, 37205814, 37209856, 814, 4856
4, 1064, 37240814, 37249385, 814, 9385
4, 1065, 37275814, 37280222, 814, 5222
4, 1066, 37310814, 37315674, 814, 5674
4, 1067, 37345814, 37349678, 814, 4678
4, 1068, 37380814, 37385772, 814, 5772
4, 1069, 37415814, 37419678, 814, 4678
4, 107, 3745814, 3749678, 814, 4678
4, 1070, 37450814, 37456755, 814, 6755
4, 1071, 37485814, 37489861, 814, 4861
4, 1072, 37520814, 37529748, 814, 9748
4, 1073, 37555814, 37559678, 814, 4678
4, 1074, 37590814, 37595772, 814, 5772
4, 1075, 37625814, 37630675, 814, 5675
4, 1076, 37660814, 37665674, 814, 5674
4, 1077, 37695814, 37699678, 814, 4678
4, 1078, 37730814, 37735674, 814, 5674
4, 1079, 37765814, 37769856, 814, 4856
4, 108, 3780814, 3785772, 814, 5772
4, 1080, 37800814, 37808296, 814, 8296
4, 1081, 37835814, 37839678, 814, 4678
4, 1082, 37870814, 37875674, 814, 5674
4, 1083, 37905814, 37910222, 814, 5222
4, 1084, 37940814, 37945674, 814, 5674
4, 1085, 37975814, 37980170, 814, 5170
4, 1086, 38010814, 38015772, 814, 5772
4, 1087, 38045814, 38049846, 814, 4846
4, 1088, 38080814, 38089172, 814, 9172
4, 1089, 38115814, 38119678, 814, 4678
4, 109, 3815814, 3819678, 814, 4678
4, 1090, 38150814, 38156658, 814, 6658
4, 1091, 38185814, 38189678, 814, 4678
4, 1092, 38220814, 38225772, 814, 5772
4, 1093, 38255814, 38259678, 814, 4678
4, 1094, 38290814, 38296340, 814, 6340
4, 1095, 38325814, 38330547, 814, 5547
4, 1096, 38360814, 38367199, 814, 7199
4, 1097, 38395814, 38399678, 814, 4678
4, 1098, 38430814, 38435772, 814, 5772
4, 1099, 38465814, 38469678, 814, 4678
4, 11, 385814, 390057, 814, 5057
4, 110, 3850814, 3856755, 814, 6755
4, 1100, 38500814, 38506755, 814, 6755
4, 1101, 38535814, 38539678, 814, 4678
4, 1102, 38570814, 38577804, 814, 7804
4, 1103, 38605814, 38609846, 814, 4846
4, 1104, 38640814, 38649172, 814, 9172
4, 1105, 38675814, 38680170, 814, 5170
4, 1106, 38710814, 38715674, 814, 5674
4, 1107, 38745814, 38749678, 814, 4678
4, 1108, 38780814, 38785674, 814, 5674
4, 1109, 38815814, 38819678, 814, 4678
4, 111, 3885814, 3889861, 814, 4861
4, 1110, 38850814, 38856755, 814, 6755
4, 1111, 38885814, 38889856, 814, 4856
4, 1112, 38920814, 38928296, 814, 8296
4, 1113, 38955814, 38960072, 814, 5072
4, 1114, 38990814, 38995674, 814, 5674
4, 1115, 39025814, 39030170, 814, 5170
4, 1116, 39060814, 39065772, 814, 5772
4, 1117, 39095814, 39099678, 814, 4678
4, 1118, 39130814, 39135674, 814, 5674
4, 1119, 39165814, 39169861, 814, 4861
4, 112, 3920814, 3929748, 814, 9748
4, 1120, 39200814, 39209748, 814, 9748
4, 1121, 39235814, 39240202, 814, 5202
4, 1122, 39270814, 39275772, 814, 5772
4, 1123, 39305814, 39309678, 814, 4678
4, 1124, 39340814, 39345674, 814, 5674
4, 1125, 39375814, 39380222, 814, 5222
4, 1126, 39410814, 39415674, 814, 5674
4, 1127, 39445814, 39449856, 814, 4856
4, 1128, 39480814, 39487345, 814, 7345
4, 1129, 39515814, 39519678, 814, 4678
4, 113, 3955814, 3959678, 814, 4678
4, 1130, 39550814, 39556755, 814, 6755
4, 1131, 39585814, 39589678, 814, 4678
4, 1132, 39620814, 39626340, 814, 6340
4, 1133, 39655814, 39659678, 814, 4678
4, 1134, 39690814, 39695772, 814, 5772
4, 1135, 39725814, 39730464, 814, 5464
4, 1136, 39760814, 39769172, 814, 9172
4, 1137, 39795814, 39799678, 814, 4678
4, 1138, 39830814, 39835674, 814, 5674
4, 1139, 39865814, 39869678, 814, 4678
4, 114, 3990814, 3997104, 814, 7104
4, 1140, 39900814, 39907877, 814, 7877
4, 1141, 39935814, 39939678, 814, 4678
4, 1142, 39970814, 39975674, 814, 5674
4, 1143, 40005814, 40009929, 814, 4929
4, 1144, 40040814, 40047199, 814, 7199
4, 1145, 40075814, 40080170, 814, 5170
4, 1146, 40110814, 40115772, 814, 5772
4, 1147, 40145814, 40149678, 814, 4678
4, 1148, 40180814, 40185674, 814, 5674
4, 1149, 40215814, 40219678, 814, 4678
4, 115, 4025814, 4030170, 814, 5170
4, 1150, 40250814, 40256658, 814, 6658
4, 1151, 40285814, 40290225, 814, 5225
4, 1152, 40320814, 40329821, 814, 9821
4, 1153, 40355814, 40359678, 814, 4678
4, 1154, 40390814, 40395674, 814, 5674
4, 1155, 40425814, 40430222, 814, 5222
4, 1156, 40460814, 40465674, 814, 5674
4, 1157, 40495814, 40499678, 814, 4678
4, 1158, 40530814, 40535772, 814, 5772
4, 1159, 40565814, 40570481, 814, 5481
4, 116, 4060814, 4065674, 814, 5674
4, 1160, 40600814, 40608296, 814, 8296
4, 1161, 40635814, 40639678, 814, 4678
4, 1162, 40670814, 40675674, 814, 5674
4, 1163, 40705814, 40709678, 814, 4678
4, 1164, 40740814, 40745772, 814, 5772
4, 1165, 40775814, 40780170, 814, 5170
4, 1166, 40810814, 40815674, 814, 5674
4, 1167, 40845814, 40849861, 814, 4861
4, 1168, 40880814, 40889075, 814, 9075
4, 1169, 40915814, 40919678, 814, 4678
4, 117, 4095814, 4099678, 814, 4678
4, 1170, 40950814, 40957261, 814, 7261
4, 1171, 40985814, 40989678, 814, 4678
4, 1172, 41020814, 41025674, 814, 5674
4, 1173, 41055814, 41059678, 814, 4678
4, 1174, 41090814, 41095674, 814, 5674
4, 1175, 41125814, 41130474, 814, 5474
4, 1176, 41160814, 41167345, 814, 7345
4, 1177, 41195814, 41199678, 814, 4678
4, 1178, 41230814, 41237104, 814, 7104
4, 1179, 41265814, 41269678, 814, 4678
4, 118, 4130814, 4135674, 814, 5674
4, 1180, 41300814, 41306658, 814, 6658
4, 1181, 41335814, 41339678, 814, 4678
4, 1182, 41370814, 41375772, 814, 5772
4, 1183, 41405814, 41409846, 814, 4846
4, 1184, 41440814, 41449172, 814, 9172
4, 1185, 41475814, 41480222, 814, 5222
4, 1186, 41510814, 41515674, 814, 5674
4, 1187, 41545814, 41549678, 814, 4678
4, 1188, 41580814, 41585772, 814, 5772
4, 1189, 41615814, 41620057, 814, 5057
4, 119, 4165814, 4169856, 814, 4856
4, 1190, 41650814, 41656755, 814, 6755
4, 1191, 41685814, 41689929, 814, 4929
4, 1192, 41720814, 41728199, 814, 8199
4, 1193, 41755814, 41759678, 814, 4678
4, 1194, 41790814, 41795772, 814, 5772
4, 1195, 41825814, 41830170, 814, 5170
4, 1196, 41860814, 41865674, 814, 5674
4, 1197, 41895814, 41900222, 814, 5222
4, 1198, 41930814, 41935674, 814, 5674
4, 1199, 41965814, 41969846, 814, 4846
4, 12, 420814, 425772, 814, 5772
4, 120, 4200814, 4208296, 814, 8296
4, 1200, 42000814, 42009821, 814, 9821
4, 1201, 42035814, 42039678, 814, 4678
4, 1202, 42070814, 42075674, 814, 5674
4, 1203, 42105814, 42109678, 814, 4678
4, 1204, 42140814, 42145674, 814, 5674
4, 1205, 42175814, 42180170, 814, 5170
4, 1206, 42210814, 42215772, 814, 5772
4, 1207, 42245814, 42249856, 814, 4856
4, 1208, 42280814, 42288748, 814, 8748
4, 1209, 42315814, 42319678, 814, 4678
4, 121, 4235814, 4239678, 814, 4678
4, 1210, 42350814, 42356658, 814, 6658
4, 1211, 42385814, 42389678, 814, 4678
4, 1212, 42420814, 42425772, 814, 5772
4, 1213, 42455814, 42459678, 814, 4678
4, 1214, 42490814, 42495674, 814, 5674
4, 1215, 42525814, 42530537, 814, 5537
4, 1216, 42560814, 42572385, 814, 12385
4, 1217, 42595814, 42599678, 814, 4678
4, 1218, 42630814, 42635772, 814, 5772
4, 1219, 42665814, 42669678, 814, 4678
4, 122, 4270814, 4275674, 814, 5674
4, 1220, 42700814, 42706755, 814, 6755
4, 1221, 42735814, 42739678, 814, 4678
4, 1222, 42770814, 42775674, 814, 5674
4, 1223, 42805814, 42809856, 814, 4856
4, 1224, 42840814, 42847345, 814, 7345
4, 1225, 42875814, 42880170, 814, 5170
4, 1226, 42910814, 42915674, 814, 5674
4, 1227, 42945814, 42950072, 814, 5072
4, 1228, 42980814, 42985674, 814, 5674
4, 1229, 43015814, 43019678, 814, 4678
4, 123, 4305814, 4309678, 814, 4678
4, 1230, 43050814, 43056755, 814, 6755
4, 1231, 43085814, 43089846, 814, 4846
4, 1232, 43120814, 43129821, 814, 9821
4, 1233, 43155814, 43159678, 814, 4678
4, 1234, 43190814, 43195674, 814, 5674
4, 1235, 43225814, 43231025, 814, 6025
4, 1236, 43260814, 43265772, 814, 5772
4, 1237, 43295814, 43299678, 814, 4678
4, 1238, 43330814, 43335674, 814, 5674
4, 1239, 43365814, 43369929, 814, 4929
4, 124, 4340814, 4345674, 814, 5674
4, 1240, 43400814, 43408199, 814, 8199
4, 1241, 43435814, 43439678, 814, 4678
4, 1242, 43470814, 43475772, 814, 5772
4, 1243, 43505814, 43509678, 814, 4678
4, 1244, 43540814, 43545674, 814, 5674
4, 1245, 43575814, 43580222, 814, 5222
4, 1246, 43610814, 43616340, 814, 6340
4, 1247, 43645814, 43649846, 814, 4846
4, 1248, 43680814, 43689172, 814, 9172
4, 1249, 43715814, 43719678, 814, 4678
4, 125, 4375814, 4380675, 814, 5675
4, 1250, 43750814, 43756755, 814, 6755
4, 1251, 43785814, 43789678, 814, 4678
4, 1252, 43820814, 43825674, 814, 5674
4, 1253, 43855814, 43859678, 814, 4678
4, 1254, 43890814, 43897104, 814, 7104
4, 1255, 43925814, 43930474, 814, 5474
4, 1256, 43960814, 43967345, 814, 7345
4, 1257, 43995814, 43999678, 814, 4678
4, 1258, 44030814, 44035674, 814, 5674
4, 1259, 44065814, 44069678, 814, 4678
4, 126, 4410814, 4415772, 814, 5772
4, 1260, 44100814, 44106755, 814, 6755
4, 1261, 44135814, 44139678, 814, 4678
4, 1262, 44170814, 44175674, 814, 5674
4, 1263, 44205814, 44209861, 814, 4861
4, 1264, 44240814, 44249075, 814, 9075
4, 1265, 44275814, 44280675, 814, 5675
4, 1266, 44310814, 44315772, 814, 5772
4, 1267, 44345814, 44349678, 814, 4678
4, 1268, 44380814, 44385674, 814, 5674
4, 1269, 44415814, 44419678, 814, 4678
4, 127, 4445814, 4449846, 814, 4846
4, 1270, 44450814, 44456658, 814, 6658
4, 1271, 44485814, 44489856, 814, 4856
4, 1272, 44520814, 44528296, 814, 8296
4, 1273, 44555814, 44560202, 814, 5202
4, 1274, 44590814, 44595674, 814, 5674
4, 1275, 44625814, 44630222, 814, 5222
4, 1276, 44660814, 44665674, 814, 5674
4, 1277, 44695814, 44699678, 814, 4678
4, 1278, 44730814, 44735772, 814, 5772
4, 1279, 44765814, 44769846, 814, 4846
4, 128, 4480814, 4489172, 814, 9172
4, 1280, 44800814, 44809821, 814, 9821
4, 1281, 44835814, 44839678, 814, 4678
4, 1282, 44870814, 44875674, 814, 5674
4, 1283, 44905814, 44909678, 814, 4678
4, 1284, 44940814, 44946437, 814, 6437
4, 1285, 44975814, 44980170, 814, 5170
4, 1286, 45010814, 45015674, 814, 5674
4, 1287, 45045814, 45049929, 814, 4929
4, 1288, 45080814, 45087199, 814, 7199
4, 1289, 45115814, 45119678, 814, 4678
4, 129, 4515814, 4519678, 814, 4678
4, 1290, 45150814, 45156755, 814, 6755
4, 1291, 45185814, 45189678, 814, 4678
4, 1292, 45220814, 45227877, 814, 7877
4, 1293, 45255814, 45259678, 814, 4678
4, 1294, 45290814, 45295674, 814, 5674
4, 1295, 45325814, 45330464, 814, 5464
4, 1296, 45360814, 45369172, 814, 9172
4, 1297, 45395814, 45399678, 814, 4678
4, 1298, 45430814, 45435674, 814, 5674
4, 1299, 45465814, 45469678, 814, 4678
4, 13, 455814, 459678, 814, 4678
4, 130, 4550814, 4556658, 814, 6658
4, 1300, 45500814, 45506658, 814, 6658
4, 1301, 45535814, 45539678, 814, 4678
4, 1302, 45570814, 45575772, 814, 5772
4, 1303, 45605814, 45613863, 814, 8863
4, 1304, 45640814, 45647345, 814, 7345
4, 1305, 45675814, 45680222, 814, 5222
4, 1306, 45710814, 45715674, 814, 5674
4, 1307, 45745814, 45749678, 814, 4678
4, 1308, 45780814, 45785772, 814, 5772
4, 1309, 45815814, 45819678, 814, 4678
4, 131, 4585814, 4589678, 814, 4678
4, 1310, 45850814, 45856755, 814, 6755
4, 1311, 45885814, 45890523, 814, 5523
4, 1312, 45920814, 45929748, 814, 9748
4, 1313, 45955814, 45959678, 814, 4678
4, 1314, 45990814, 45995772, 814, 5772
4, 1315, 46025814, 46030170, 814, 5170
4, 1316, 46060814, 46065674, 814, 5674
4, 1317, 46095814, 46099678, 814, 4678
4, 1318, 46130814, 46135674, 814, 5674
4, 1319, 46165814, 46169856, 814, 4856
4, 132, 4620814, 4625772, 814, 5772
4, 1320, 46200814, 46208296, 814, 8296
4, 1321, 46235814, 46239678, 814, 4678
4, 1322, 46270814, 46276340, 814, 6340
4, 1323, 46305814, 46309678, 814, 4678
4, 1324, 46340814, 46345674, 814, 5674
4, 1325, 46375814, 46380170, 814, 5170
4, 1326, 46410814, 46415772, 814, 5772
4, 1327, 46445814, 46449846, 814, 4846
4, 1328, 46480814, 46489172, 814, 9172
4, 1329, 46515814, 46519678, 814, 4678
4, 133, 4655814, 4660202, 814, 5202
4, 1330, 46550814, 46557804, 814, 7804
4, 1331, 46585814, 46589678, 814, 4678
4, 1332, 46620814, 46625772, 814, 5772
4, 1333, 46655814, 46659678, 814, 4678
4, 1334, 46690814, 46695674, 814, 5674
4, 1335, 46725814, 46730547, 814, 5547
4, 1336, 46760814, 46767199, 814, 7199
4, 1337, 46795814, 46799678, 814, 4678
4, 1338, 46830814, 46835772, 814, 5772
4, 1339, 46865814, 46869678, 814, 4678
4, 134, 4690814, 4695674, 814, 5674
4, 1340, 46900814, 46906755, 814, 6755
4, 1341, 46935814, 46940072, 814, 5072
4, 1342, 46970814, 46975674, 814, 5674
4, 1343, 47005814, 47009846, 814, 4846
4, 1344, 47040814, 47049172, 814, 9172
4, 1345, 47075814, 47080170, 814, 5170
4, 1346, 47110814, 47115674, 814, 5674
4, 1347, 47145814, 47149678, 814, 4678
4, 1348, 47180814, 47185674, 814, 5674
4, 1349, 47215814, 47220202, 814, 5202
4, 135, 4725814, 4730547, 814, 5547
4, 1350, 47250814, 47256755, 814, 6755
4, 1351, 47285814, 47289856, 814, 4856
4, 1352, 47320814, 47328296, 814, 8296
4, 1353, 47355814, 47359678, 814, 4678
4, 1354, 47390814, 47395674, 814, 5674
4, 1355, 47425814, 47430170, 814, 5170
4, 1356, 47460814, 47465772, 814, 5772
4, 1357, 47495814, 47499678, 814, 4678
4, 1358, 47530814, 47535674, 814, 5674
4, 1359, 47565814, 47569861, 814, 4861
4, 136, 4760814, 4767199, 814, 7199
4, 1360, 47600814, 47610682, 814, 10682
4, 1361, 47635814, 47639678, 814, 4678
4, 1362, 47670814, 47675772, 814, 5772
4, 1363, 47705814, 47709678, 814, 4678
4, 1364, 47740814, 47745674, 814, 5674
4, 1365, 47775814, 47780222, 814, 5222
4, 1366, 47810814, 47815674, 814, 5674
4, 1367, 47845814, 47849856, 814, 4856
4, 1368, 47880814, 47889385, 814, 9385
4, 1369, 47915814, 47919678, 814, 4678
4, 137, 4795814, 4799678, 814, 4678
4, 1370, 47950814, 47956755, 814, 6755
4, 1371, 47985814, 47989678, 814, 4678
4, 1372, 48020814, 48025674, 814, 5674
4, 1373, 48055814, 48059678, 814, 4678
4, 1374, 48090814, 48095772, 814, 5772
4, 1375, 48125814, 48130464, 814, 5464
4, 1376, 48160814, 48169172, 814, 9172
4, 1377, 48195814, 48199678, 814, 4678
4, 1378, 48230814, 48235674, 814, 5674
4, 1379, 48265814, 48270057, 814, 5057
4, 138, 4830814, 4835772, 814, 5772
4, 1380, 48300814, 48306755, 814, 6755
4, 1381, 48335814, 48339678, 814, 4678
4, 1382, 48370814, 48375674, 814, 5674
4, 1383, 48405814, 48409929, 814, 4929
4, 1384, 48440814, 48447199, 814, 7199
4, 1385, 48475814, 48480170, 814, 5170
4, 1386, 48510814, 48515772, 814, 5772
4, 1387, 48545814, 48550202, 814, 5202
4, 1388, 48580814, 48585674, 814, 5674
4, 1389, 48615814, 48619678, 814, 4678
4, 139, 4865814, 4869678, 814, 4678
4, 1390, 48650814, 48656658, 814, 6658
4, 1391, 48685814, 48689846, 814, 4846
4, 1392, 48720814, 48729821, 814, 9821
4, 1393, 48755814, 48759678, 814, 4678
4, 1394, 48790814, 48795674, 814, 5674
4, 1395, 48825814, 48830222, 814, 5222
4, 1396, 48860814, 48865674, 814, 5674
4, 1397, 48895814, 48899678, 814, 4678
4, 1398, 48930814, 48936437, 814, 6437
4, 1399, 48965814, 48969856, 814, 4856
4, 14, 490814, 495674, 814, 5674
4, 140, 4900814, 4906755, 814, 6755
4, 1400, 49000814, 49008296, 814, 8296
4, 1401, 49035814, 49039678, 814, 4678
4, 1402, 49070814, 49075674, 814, 5674
4, 1403, 49105814, 49109678, 814, 4678
4, 1404, 49140814, 49145772, 814, 5772
4, 1405, 49175814, 49180170, 814, 5170
4, 1406, 49210814, 49217104, 814, 7104
4, 1407, 49245814, 49249861, 814, 4861
4, 1408, 49280814, 49289075, 814, 9075
4, 1409, 49315814, 49319678, 814, 4678
4, 141, 4935814, 4939678, 814, 4678
4, 1410, 49350814, 49356755, 814, 6755
4, 1411, 49385814, 49389678, 814, 4678
4, 1412, 49420814, 49425674, 814, 5674
4, 1413, 49455814, 49459678, 814, 4678
4, 1414, 49490814, 49495674, 814, 5674
4, 1415, 49525814, 49530474, 814, 5474
4, 1416, 49560814, 49567345, 814, 7345
4, 1417, 49595814, 49600057, 814, 5057
4, 1418, 49630814, 49635674, 814, 5674
4, 1419, 49665814, 49669678, 814, 4678
4, 142, 4970814, 4975674, 814, 5674
4, 1420, 49700814, 49706658, 814, 6658
4, 1421, 49735814, 49739678, 814, 4678
4, 1422, 49770814, 49775772, 814, 5772
4, 1423, 49805814, 49809846, 814, 4846
4, 1424, 49840814, 49849172, 814, 9172
4, 1425, 49875814, 49881123, 814, 6123
4, 1426, 49910814, 49915674, 814, 5674
4, 1427, 49945814, 49949678, 814, 4678
4, 1428, 49980814, 49985772, 814, 5772
4, 1429, 50015814, 50019678, 814, 4678
4, 143, 5005814, 5009846, 814, 4846
4, 1430, 50050814, 50056755, 814, 6755
4, 1431, 50085814, 50089929, 814, 4929
4, 1432, 50120814, 50128199, 814, 8199
4, 1433, 50155814, 50159678, 814, 4678
4, 1434, 50190814, 50195772, 814, 5772
4, 1435, 50225814, 50230170, 814, 5170
4, 1436, 50260814, 50266340, 814, 6340
4, 1437, 50295814, 50299678, 814, 4678
4, 1438, 50330814, 50335674, 814, 5674
4, 1439, 50365814, 50369846, 814, 4846
4, 144, 5040814, 5050137, 814, 10137
4, 1440, 50400814, 50409821, 814, 9821
4, 1441, 50435814, 50439678, 814, 4678
4, 1442, 50470814, 50475674, 814, 5674
4, 1443, 50505814, 50509678, 814, 4678
4, 1444, 50540814, 50547006, 814, 7006
4, 1445, 50575814, 50580170, 814, 5170
4, 1446, 50610814, 50615772, 814, 5772
4, 1447, 50645814, 50649856, 814, 4856
4, 1448, 50680814, 50687345, 814, 7345
4, 1449, 50715814, 50719678, 814, 4678
4, 145, 5075814, 5080170, 814, 5170
4, 1450, 50750814, 50756658, 814, 6658
4, 1451, 50785814, 50789678, 814, 4678
4, 1452, 50820814, 50825772, 814, 5772
4, 1453, 50855814, 50859678, 814, 4678
4, 1454, 50890814, 50895674, 814, 5674
4, 1455, 50925814, 50930916, 814, 5916
4, 1456, 50960814, 50969075, 814, 9075
4, 1457, 50995814, 50999678, 814, 4678
4, 1458, 51030814, 51035772, 814, 5772
4, 1459, 51065814, 51069678, 814, 4678
4, 146, 5110814, 5115674, 814, 5674
4, 1460, 51100814, 51106755, 814, 6755
4, 1461, 51135814, 51139678, 814, 4678
4, 1462, 51170814, 51175674, 814, 5674
4, 1463, 51205814, 51210481, 814, 5481
4, 1464, 51240814, 51247345, 814, 7345
4, 1465, 51275814, 51280170, 814, 5170
4, 1466, 51310814, 51315674, 814, 5674
4, 1467, 51345814, 51349678, 814, 4678
4, 1468, 51380814, 51385674, 814, 5674
4, 1469, 51415814, 51419678, 814, 4678
4, 147, 5145814, 5149678, 814, 4678
4, 1470, 51450814, 51456755, 814, 6755
4, 1471, 51485814, 51489846, 814, 4846
4, 1472, 51520814, 51529821, 814, 9821
4, 1473, 51555814, 51559678, 814, 4678
4, 1474, 51590814, 51596340, 814, 6340
4, 1475, 51625814, 51630170, 814, 5170
4, 1476, 51660814, 51665772, 814, 5772
4, 1477, 51695814, 51699678, 814, 4678
4, 1478, 51730814, 51735674, 814, 5674
4, 1479, 51765814, 51769929, 814, 4929
4, 148, 5180814, 5185674, 814, 5674
4, 1480, 51800814, 51808199, 814, 8199
4, 1481, 51835814, 51839678, 814, 4678
4, 1482, 51870814, 51877877, 814, 7877
4, 1483, 51905814, 51909678, 814, 4678
4, 1484, 51940814, 51945674, 814, 5674
4, 1485, 51975814, 51980222, 814, 5222
4, 1486, 52010814, 52015674, 814, 5674
4, 1487, 52045814, 52049846, 814, 4846
4, 1488, 52080814, 52089172, 814, 9172
4, 1489, 52115814, 52119678, 814, 4678
4, 149, 5215814, 5219678, 814, 4678
4, 1490, 52150814, 52156755, 814, 6755
4, 1491, 52185814, 52189678, 814, 4678
4, 1492, 52220814, 52225674, 814, 5674
4, 1493, 52255814, 52260057, 814, 5057
4, 1494, 52290814, 52295772, 814, 5772
4, 1495, 52325814, 52330474, 814, 5474
4, 1496, 52360814, 52367345, 814, 7345
4, 1497, 52395814, 52399678, 814, 4678
4, 1498, 52430814, 52435674, 814, 5674
4, 1499, 52465814, 52469678, 814, 4678
4, 15, 525814, 530537, 814, 5537
4, 150, 5250814, 5256755, 814, 6755
4, 1500, 52500814, 52506755, 814, 6755
4, 1501, 52535814, 52540202, 814, 5202
4, 1502, 52570814, 52575674, 814, 5674
4, 1503, 52605814, 52609861, 814, 4861
4, 1504, 52640814, 52649075, 814, 9075
4, 1505, 52675814, 52680170, 814, 5170
4, 1506, 52710814, 52715772, 814, 5772
4, 1507, 52745814, 52749678, 814, 4678
4, 1508, 52780814, 52785674, 814, 5674
4, 1509, 52815814, 52819678, 814, 4678
4, 151, 5285814, 5289856, 814, 4856
4, 1510, 52850814, 52856658, 814, 6658
4, 1511, 52885814, 52889856, 814, 4856
4, 1512, 52920814, 52929503, 814, 9503
4, 1513, 52955814, 52959678, 814, 4678
4, 1514, 52990814, 52995674, 814, 5674
4, 1515, 53025814, 53030222, 814, 5222
4, 1516, 53060814, 53065674, 814, 5674
4, 1517, 53095814, 53099678, 814, 4678
4, 1518, 53130814, 53135772, 814, 5772
4, 1519, 53165814, 53169846, 814, 4846
4, 152, 5320814, 5330003, 814, 10003
4, 1520, 53200814, 53212718, 814, 12718
4, 1521, 53235814, 53239678, 814, 4678
4, 1522, 53270814, 53275674, 814, 5674
4, 1523, 53305814, 53309678, 814, 4678
4, 1524, 53340814, 53345772, 814, 5772
4, 1525, 53375814, 53380170, 814, 5170
4, 1526, 53410814, 53415674, 814, 5674
4, 1527, 53445814, 53449929, 814, 4929
4, 1528, 53480814, 53487199, 814, 7199
4, 1529, 53515814, 53519678, 814, 4678
4, 153, 5355814, 5359678, 814, 4678
4, 1530, 53550814, 53556755, 814, 6755
4, 1531, 53585814, 53590057, 814, 5057
4, 1532, 53620814, 53625674, 814, 5674
4, 1533, 53655814, 53659678, 814, 4678
4, 1534, 53690814, 53695674, 814, 5674
4, 1535, 53725814, 53730464, 814, 5464
4, 1536, 53760814, 53769172, 814, 9172
4, 1537, 53795814, 53799678, 814, 4678
4, 1538, 53830814, 53835674, 814, 5674
4, 1539, 53865814, 53870222, 814, 5222
4, 154, 5390814, 5395674, 814, 5674
4, 1540, 53900814, 53906658, 814, 6658
4, 1541, 53935814, 53939678, 814, 4678
4, 1542, 53970814, 53975772, 814, 5772
4, 1543, 54005814, 54009856, 814, 4856
4, 1544, 54040814, 54047345, 814, 7345
4, 1545, 54075814, 54080222, 814, 5222
4, 1546, 54110814, 54115674, 814, 5674
4, 1547, 54145814, 54149678, 814, 4678
4, 1548, 54180814, 54185772, 814, 5772
4, 1549, 54215814, 54219678, 814, 4678
4, 155, 5425814, 5430170, 814, 5170
4, 1550, 54250814, 54257261, 814, 7261
4, 1551, 54285814, 54289861, 814, 4861
4, 1552, 54320814, 54329748, 814, 9748
4, 1553, 54355814, 54359678, 814, 4678
4, 1554, 54390814, 54395772, 814, 5772
4, 1555, 54425814, 54430170, 814, 5170
4, 1556, 54460814, 54465674, 814, 5674
4, 1557, 54495814, 54499678, 814, 4678
4, 1558, 54530814, 54537006, 814, 7006
4, 1559, 54565814, 54569856, 814, 4856
4, 156, 5460814, 5465772, 814, 5772
4, 1560, 54600814, 54608296, 814, 8296
4, 1561, 54635814, 54639678, 814, 4678
4, 1562, 54670814, 54675674, 814, 5674
4, 1563, 54705814, 54709678, 814, 4678
4, 1564, 54740814, 54745674, 814, 5674
4, 1565, 54775814, 54780170, 814, 5170
4, 1566, 54810814, 54815772, 814, 5772
4, 1567, 54845814, 54849846, 814, 4846
4, 1568, 54880814, 54889172, 814, 9172
4, 1569, 54915814, 54920072, 814, 5072
4, 157, 5495814, 5499678, 814, 4678
4, 1570, 54950814, 54956658, 814, 6658
4, 1571, 54985814, 54989678, 814, 4678
4, 1572, 55020814, 55025772, 814, 5772
4, 1573, 55055814, 55059678, 814, 4678
4, 1574, 55090814, 55095674, 814, 5674
4, 1575, 55125814, 55130547, 814, 5547
4, 1576, 55160814, 55167199, 814, 7199
4, 1577, 55195814, 55200202, 814, 5202
4, 1578, 55230814, 55235772, 814, 5772
4, 1579, 55265814, 55269678, 814, 4678
4, 158, 5530814, 5535674, 814, 5674
4, 1580, 55300814, 55306755, 814, 6755
4, 1581, 55335814, 55339678, 814, 4678
4, 1582, 55370814, 55375674, 814, 5674
4, 1583, 55405814, 55409846, 814, 4846
4, 1584, 55440814, 55449172, 814, 9172
4, 1585, 55475814, 55480170, 814, 5170
4, 1586, 55510814, 55515674, 814, 5674
4, 1587, 55545814, 55549678, 814, 4678
4, 1588, 55580814, 55586340, 814, 6340
4, 1589, 55615814, 55619678, 814, 4678
4, 159, 5565814, 5569861, 814, 4861
4, 1590, 55650814, 55656755, 814, 6755
4, 1591, 55685814, 55689856, 814, 4856
4, 1592, 55720814, 55728296, 814, 8296
4, 1593, 55755814, 55759678, 814, 4678
4, 1594, 55790814, 55795674, 814, 5674
4, 1595, 55825814, 55830170, 814, 5170
4, 1596, 55860814, 55867104, 814, 7104
4, 1597, 55895814, 55899678, 814, 4678
4, 1598, 55930814, 55935674, 814, 5674
4, 1599, 55965814, 55969861, 814, 4861
4, 16, 560814, 569075, 814, 9075
4, 160, 5600814, 5609748, 814, 9748
4, 1600, 56000814, 56009748, 814, 9748
4, 1601, 56035814, 56039678, 814, 4678
4, 1602, 56070814, 56075772, 814, 5772
4, 1603, 56105814, 56109678, 814, 4678
4, 1604, 56140814, 56145674, 814, 5674
4, 1605, 56175814, 56180222, 814, 5222
4, 1606, 56210814, 56215674, 814, 5674
4, 1607, 56245814, 56250276, 814, 5276
4, 1608, 56280814, 56287345, 814, 7345
4, 1609, 56315814, 56319678, 814, 4678
4, 161, 5635814, 5639678, 814, 4678
4, 1610, 56350814, 56356755, 814, 6755
4, 1611, 56385814, 56389678, 814, 4678
4, 1612, 56420814, 56425674, 814, 5674
4, 1613, 56455814, 56459678, 814, 4678
4, 1614, 56490814, 56495772, 814, 5772
4, 1615, 56525814, 56531250, 814, 6250
4, 1616, 56560814, 56569172, 814, 9172
4, 1617, 56595814, 56599678, 814, 4678
4, 1618, 56630814, 56635674, 814, 5674
4, 1619, 56665814, 56669678, 814, 4678
4, 162, 5670814, 5675772, 814, 5772
4, 1620, 56700814, 56706755, 814, 6755
4, 1621, 56735814, 56739678, 814, 4678
4, 1622, 56770814, 56775674, 814, 5674
4, 1623, 56805814, 56809929, 814, 4929
4, 1624, 56840814, 56847199, 814, 7199
4, 1625, 56875814, 56880170, 814, 5170
4, 1626, 56910814, 56916437, 814, 6437
4, 1627, 56945814, 56949678, 814, 4678
4, 1628, 56980814, 56985674, 814, 5674
4, 1629, 57015814, 57019678, 814, 4678
4, 163, 5705814, 5710057, 814, 5057
4, 1630, 57050814, 57056658, 814, 6658
4, 1631, 57085814, 57089846, 814, 4846
4, 1632, 57120814, 57129821, 814, 9821
4, 1633, 57155814, 57159678, 814, 4678
4, 1634, 57190814, 57197104, 814, 7104
4, 1635, 57225814, 57230222, 814, 5222
4, 1636, 57260814, 57265674, 814, 5674
4, 1637, 57295814, 57299678, 814, 4678
4, 1638, 57330814, 57335772, 814, 5772
4, 1639, 57365814, 57369856, 814, 4856
4, 164, 5740814, 5745674, 814, 5674
4, 1640, 57400814, 57408296, 814, 8296
4, 1641, 57435814, 57439678, 814, 4678
4, 1642, 57470814, 57475674, 814, 5674
4, 1643, 57505814, 57509678, 814, 4678
4, 1644, 57540814, 57545772, 814, 5772
4, 1645, 57575814, 57580675, 814, 5675
4, 1646, 57610814, 57615674, 814, 5674
4, 1647, 57645814, 57649861, 814, 4861
4, 1648, 57680814, 57689075, 814, 9075
4, 1649, 57715814, 57719678, 814, 4678
4, 165, 5775814, 5780222, 814, 5222
4, 1650, 57750814, 57756755, 814, 6755
4, 1651, 57785814, 57789678, 814, 4678
4, 1652, 57820814, 57825674, 814, 5674
4, 1653, 57855814, 57860222, 814, 5222
4, 1654, 57890814, 57895674, 814, 5674
4, 1655, 57925814, 57930474, 814, 5474
4, 1656, 57960814, 57967345, 814, 7345
4, 1657, 57995814, 57999678, 814, 4678
4, 1658, 58030814, 58035674, 814, 5674
4, 1659, 58065814, 58069678, 814, 4678
4, 166, 5810814, 5815674, 814, 5674
4, 1660, 58100814, 58106658, 814, 6658
4, 1661, 58135814, 58139678, 814, 4678
4, 1662, 58170814, 58175772, 814, 5772
4, 1663, 58205814, 58209846, 814, 4846
4, 1664, 58240814, 58250137, 814, 10137
4, 1665, 58275814, 58280222, 814, 5222
4, 1666, 58310814, 58315674, 814, 5674
4, 1667, 58345814, 58349678, 814, 4678
4, 1668, 58380814, 58385772, 814, 5772
4, 1669, 58415814, 58419678, 814, 4678
4, 167, 5845814, 5849856, 814, 4856
4, 1670, 58450814, 58456755, 814, 6755
4, 1671, 58485814, 58489929, 814, 4929
4, 1672, 58520814, 58529930, 814, 9930
4, 1673, 58555814, 58559678, 814, 4678
4, 1674, 58590814, 58595772, 814, 5772
4, 1675, 58625814, 58630170, 814, 5170
4, 1676, 58660814, 58665674, 814, 5674
4, 1677, 58695814, 58699678, 814, 4678
4, 1678, 58730814, 58735674, 814, 5674
4, 1679, 58765814, 58769846, 814, 4846
4, 168, 5880814, 5887345, 814, 7345
4, 1680, 58800814, 58809821, 814, 9821
4, 1681, 58835814, 58839678, 814, 4678
4, 1682, 58870814, 58875674, 814, 5674
4, 1683, 58905814, 58910072, 814, 5072
4, 1684, 58940814, 58945674, 814, 5674
4, 1685, 58975814, 58980170, 814, 5170
4, 1686, 59010814, 59015772, 814, 5772
4, 1687, 59045814, 59049856, 814, 4856
4, 1688, 59080814, 59087345, 814, 7345
4, 1689, 59115814, 59119678, 814, 4678
4, 169, 5915814, 5919678, 814, 4678
4, 1690, 59150814, 59156658, 814, 6658
4, 1691, 59185814, 59190202, 814, 5202
4, 1692, 59220814, 59225772, 814, 5772
4, 1693, 59255814, 59259678, 814, 4678
4, 1694, 59290814, 59295674, 814, 5674
4, 1695, 59325814, 59330537, 814, 5537
4, 1696, 59360814, 59369075, 814, 9075
4, 1697, 59395814, 59399678, 814, 4678
4, 1698, 59430814, 59435772, 814, 5772
4, 1699, 59465814, 59469678, 814, 4678
4, 17, 595814, 599678, 814, 4678
4, 170, 5950814, 5956755, 814, 6755
4, 1700, 59500814, 59506755, 814, 6755
4, 1701, 59535814, 59539678, 814, 4678
4, 1702, 59570814, 59576340, 814, 6340
4, 1703, 59605814, 59609856, 814, 4856
4, 1704, 59640814, 59647345, 814, 7345
4, 1705, 59675814, 59680170, 814, 5170
4, 1706, 59710814, 59715674, 814, 5674
4, 1707, 59745814, 59749678, 814, 4678
4, 1708, 59780814, 59785674, 814, 5674
4, 1709, 59815814, 59819678, 814, 4678
4, 171, 5985814, 5990222, 814, 5222
4, 1710, 59850814, 59857877, 814, 7877
4, 1711, 59885814, 59889846, 814, 4846
4, 1712, 59920814, 59929821, 814, 9821
4, 1713, 59955814, 59959678, 814, 4678
4, 1714, 59990814, 59995674, 814, 5674
4, 1715, 60025814, 60030170, 814, 5170
4, 1716, 60060814, 60065772, 814, 5772
4, 1717, 60095814, 60099678, 814, 4678
4, 1718, 60130814, 60135674, 814, 5674
4, 1719, 60165814, 60169929, 814, 4929
4, 172, 6020814, 6025674, 814, 5674
4, 1720, 60200814, 60208199, 814, 8199
4, 1721, 60235814, 60240057, 814, 5057
4, 1722, 60270814, 60275772, 814, 5772
4, 1723, 60305814, 60309678, 814, 4678
4, 1724, 60340814, 60345674, 814, 5674
4, 1725, 60375814, 60380222, 814, 5222
4, 1726, 60410814, 60415674, 814, 5674
4, 1727, 60445814, 60449846, 814, 4846
4, 1728, 60480814, 60489172, 814, 9172
4, 1729, 60515814, 60520202, 814, 5202
4, 173, 6055814, 6059678, 814, 4678
4, 1730, 60550814, 60556755, 814, 6755
4, 1731, 60585814, 60589678, 814, 4678
4, 1732, 60620814, 60625674, 814, 5674
4, 1733, 60655814, 60659678, 814, 4678
4, 1734, 60690814, 60695772, 814, 5772
4, 1735, 60725814, 60730474, 814, 5474
4, 1736, 60760814, 60767345, 814, 7345
4, 1737, 60795814, 60799678, 814, 4678
4, 1738, 60830814, 60835674, 814, 5674
4, 1739, 60865814, 60869678, 814, 4678
4, 174, 6090814, 6095772, 814, 5772
4, 1740, 60900814, 60907261, 814, 7261
4, 1741, 60935814, 60939678, 814, 4678
4, 1742, 60970814, 60975674, 814, 5674
4, 1743, 61005814, 61009861, 814, 4861
4, 1744, 61040814, 61049075, 814, 9075
4, 1745, 61075814, 61080170, 814, 5170
4, 1746, 61110814, 61115772, 814, 5772
4, 1747, 61145814, 61149678, 814, 4678
4, 1748, 61180814, 61187104, 814, 7104
4, 1749, 61215814, 61219678, 814, 4678
4, 175, 6125814, 6130464, 814, 5464
4, 1750, 61250814, 61256658, 814, 6658
4, 1751, 61285814, 61289856, 814, 4856
4, 1752, 61320814, 61328296, 814, 8296
4, 1753, 61355814, 61359678, 814, 4678
4, 1754, 61390814, 61395674, 814, 5674
4, 1755, 61425814, 61430222, 814, 5222
4, 1756, 61460814, 61465674, 814, 5674
4, 1757, 61495814, 61499678, 814, 4678
4, 1758, 61530814, 61535772, 814, 5772
4, 1759, 61565814, 61570225, 814, 5225
4, 176, 6160814, 6169172, 814, 9172
4, 1760, 61600814, 61609821, 814, 9821
4, 1761, 61635814, 61639678, 814, 4678
4, 1762, 61670814, 61675674, 814, 5674
4, 1763, 61705814, 61709678, 814, 4678
4, 1764, 61740814, 61745772, 814, 5772
4, 1765, 61775814, 61780170, 814, 5170
4, 1766, 61810814, 61815674, 814, 5674
4, 1767, 61845814, 61850578, 814, 5578
4, 1768, 61880814, 61887199, 814, 7199
4, 1769, 61915814, 61919678, 814, 4678
4, 177, 6195814, 6199678, 814, 4678
4, 1770, 61950814, 61956755, 814, 6755
4, 1771, 61985814, 61989678, 814, 4678
4, 1772, 62020814, 62025674, 814, 5674
4, 1773, 62055814, 62059678, 814, 4678
4, 1774, 62090814, 62095674, 814, 5674
4, 1775, 62125814, 62130464, 814, 5464
4, 1776, 62160814, 62169172, 814, 9172
4, 1777, 62195814, 62199678, 814, 4678
4, 1778, 62230814, 62236340, 814, 6340
4, 1779, 62265814, 62269678, 814, 4678
4, 178, 6230814, 6235674, 814, 5674
4, 1780, 62300814, 62306658, 814, 6658
4, 1781, 62335814, 62339678, 814, 4678
4, 1782, 62370814, 62375772, 814, 5772
4, 1783, 62405814, 62409856, 814, 4856
4, 1784, 62440814, 62447345, 814, 7345
4, 1785, 62475814, 62480222, 814, 5222
4, 1786, 62510814, 62517006, 814, 7006
4, 1787, 62545814, 62549678, 814, 4678
4, 1788, 62580814, 62585772, 814, 5772
4, 1789, 62615814, 62619678, 814, 4678
4, 179, 6265814, 6269678, 814, 4678
4, 1790, 62650814, 62656755, 814, 6755
4, 1791, 62685814, 62689861, 814, 4861
4, 1792, 62720814, 62729748, 814, 9748
4, 1793, 62755814, 62759678, 814, 4678
4, 1794, 62790814, 62795772, 814, 5772
4, 1795, 62825814, 62830170, 814, 5170
4, 1796, 62860814, 62865674, 814, 5674
4, 1797, 62895814, 62900072, 814, 5072
4, 1798, 62930814, 62935674, 814, 5674
4, 1799, 62965814, 62969856, 814, 4856
4, 18, 630814, 635772, 814, 5772
4, 180, 6300814, 6306755, 814, 6755
4, 1800, 63000814, 63008296, 814, 8296
4, 1801, 63035814, 63039678, 814, 4678
4, 1802, 63070814, 63075674, 814, 5674
4, 1803, 63105814, 63109678, 814, 4678
4, 1804, 63140814, 63145674, 814, 5674
4, 1805, 63175814, 63181025, 814, 6025
4, 1806, 63210814, 63215772, 814, 5772
4, 1807, 63245814, 63249846, 814, 4846
4, 1808, 63280814, 63289172, 814, 9172
4, 1809, 63315814, 63319678, 814, 4678
4, 181, 6335814, 6339678, 814, 4678
4, 1810, 63350814, 63356658, 814, 6658
4, 1811, 63385814, 63389678, 814, 4678
4, 1812, 63420814, 63425772, 814, 5772
4, 1813, 63455814, 63459678, 814, 4678
4, 1814, 63490814, 63495674, 814, 5674
4, 1815, 63525814, 63530547, 814, 5547
4, 1816, 63560814, 63568651, 814, 8651
4, 1817, 63595814, 63599678, 814, 4678
4, 1818, 63630814, 63635772, 814, 5772
4, 1819, 63665814, 63669678, 814, 4678
4, 182, 6370814, 6376340, 814, 6340
4, 1820, 63700814, 63706755, 814, 6755
4, 1821, 63735814, 63739678, 814, 4678
4, 1822, 63770814, 63775674, 814, 5674
4, 1823, 63805814, 63809846, 814, 4846
4, 1824, 63840814, 63853002, 814, 13002
4, 1825, 63875814, 63880170, 814, 5170
4, 1826, 63910814, 63915674, 814, 5674
4, 1827, 63945814, 63949678, 814, 4678
4, 1828, 63980814, 63985674, 814, 5674
4, 1829, 64015814, 64019678, 814, 4678
4, 183, 6405814, 6409929, 814, 4929
4, 1830, 64050814, 64056755, 814, 6755
4, 1831, 64085814, 64089856, 814, 4856
4, 1832, 64120814, 64128296, 814, 8296
4, 1833, 64155814, 64159678, 814, 4678
4, 1834, 64190814, 64195674, 814, 5674
4, 1835, 64225814, 64230675, 814, 5675
4, 1836, 64260814, 64265772, 814, 5772
4, 1837, 64295814, 64299678, 814, 4678
4, 1838, 64330814, 64335674, 814, 5674
4, 1839, 64365814, 64369861, 814, 4861
4, 184, 6440814, 6447199, 814, 7199
4, 1840, 64400814, 64409748, 814, 9748
4, 1841, 64435814, 64439678, 814, 4678
4, 1842, 64470814, 64475772, 814, 5772
4, 1843, 64505814, 64510202, 814, 5202
4, 1844, 64540814, 64545674, 814, 5674
4, 1845, 64575814, 64580222, 814, 5222
4, 1846, 64610814, 64615674, 814, 5674
4, 1847, 64645814, 64649856, 814, 4856
4, 1848, 64680814, 64687345, 814, 7345
4, 1849, 64715814, 64719678, 814, 4678
4, 185, 6475814, 6480170, 814, 5170
4, 1850, 64750814, 64756755, 814, 6755
4, 1851, 64785814, 64789678, 814, 4678
4, 1852, 64820814, 64825674, 814, 5674
4, 1853, 64855814, 64859678, 814, 4678
4, 1854, 64890814, 64896437, 814, 6437
4, 1855, 64925814, 64930464, 814, 5464
4, 1856, 64960814, 64969172, 814, 9172
4, 1857, 64995814, 64999678, 814, 4678
4, 1858, 65030814, 65035674, 814, 5674
4, 1859, 65065814, 65069678, 814, 4678
4, 186, 6510814, 6515772, 814, 5772
4, 1860, 65100814, 65106755, 814, 6755
4, 1861, 65135814, 65139678, 814, 4678
4, 1862, 65170814, 65177877, 814, 7877
4, 1863, 65205814, 65209929, 814, 4929
4, 1864, 65240814, 65247199, 814, 7199
4, 1865, 65275814, 65280170, 814, 5170
4, 1866, 65310814, 65315772, 814, 5772
4, 1867, 65345814, 65349678, 814, 4678
4, 1868, 65380814, 65385674, 814, 5674
4, 1869, 65415814, 65419678, 814, 4678
4, 187, 6545814, 6549678, 814, 4678
4, 1870, 65450814, 65456658, 814, 6658
4, 1871, 65485814, 65489846, 814, 4846
4, 1872, 65520814, 65529821, 814, 9821
4, 1873, 65555814, 65560057, 814, 5057
4, 1874, 65590814, 65595674, 814, 5674
4, 1875, 65625814, 65630222, 814, 5222
4, 1876, 65660814, 65665674, 814, 5674
4, 1877, 65695814, 65699678, 814, 4678
4, 1878, 65730814, 65735772, 814, 5772
4, 1879, 65765814, 65769856, 814, 4856
4, 188, 6580814, 6585674, 814, 5674
4, 1880, 65800814, 65808296, 814, 8296
4, 1881, 65835814, 65840222, 814, 5222
4, 1882, 65870814, 65875674, 814, 5674
4, 1883, 65905814, 65909678, 814, 4678
4, 1884, 65940814, 65945772, 814, 5772
4, 1885, 65975814, 65980170, 814, 5170
4, 1886, 66010814, 66015674, 814, 5674
4, 1887, 66045814, 66049861, 814, 4861
4, 1888, 66080814, 66089075, 814, 9075
4, 1889, 66115814, 66119678, 814, 4678
4, 189, 6615814, 6619678, 814, 4678
4, 1890, 66150814, 66156755, 814, 6755
4, 1891, 66185814, 66189678, 814, 4678
4, 1892, 66220814, 66226340, 814, 6340
4, 1893, 66255814, 66259678, 814, 4678
4, 1894, 66290814, 66295674, 814, 5674
4, 1895, 66325814, 66330474, 814, 5474
4, 1896, 66360814, 66367345, 814, 7345
4, 1897, 66395814, 66399678, 814, 4678
4, 1898, 66430814, 66435674, 814, 5674
4, 1899, 66465814, 66469678, 814, 4678
4, 19, 665814, 670202, 814, 5202
4, 190, 6650814, 6657804, 814, 7804
4, 1900, 66500814, 66507804, 814, 7804
4, 1901, 66535814, 66539678, 814, 4678
4, 1902, 66570814, 66575772, 814, 5772
4, 1903, 66605814, 66609749, 814, 4749
4, 1904, 66640814, 66649172, 814, 9172
4, 1905, 66675814, 66680222, 814, 5222
4, 1906, 66710814, 66715674, 814, 5674
4, 1907, 66745814, 66749678, 814, 4678
4, 1908, 66780814, 66785772, 814, 5772
4, 1909, 66815814, 66819678, 814, 4678
4, 191, 6685814, 6689846, 814, 4846
4, 1910, 66850814, 66856755, 814, 6755
4, 1911, 66885814, 66890349, 814, 5349
4, 1912, 66920814, 66928199, 814, 8199
4, 1913, 66955814, 66959678, 814, 4678
4, 1914, 66990814, 66995772, 814, 5772
4, 1915, 67025814, 67030170, 814, 5170
4, 1916, 67060814, 67065674, 814, 5674
4, 1917, 67095814, 67099678, 814, 4678
4, 1918, 67130814, 67135674, 814, 5674
4, 1919, 67165814, 67170426, 814, 5426
4, 192, 6720814, 6729821, 814, 9821
4, 1920, 67200814, 67209821, 814, 9821
4, 1921, 67235814, 67239678, 814, 4678
4, 1922, 67270814, 67275674, 814, 5674
4, 1923, 67305814, 67309678, 814, 4678
4, 1924, 67340814, 67345674, 814, 5674
4, 1925, 67375814, 67380170, 814, 5170
4, 1926, 67410814, 67415772, 814, 5772
4, 1927, 67445814, 67449856, 814, 4856
4, 1928, 67480814, 67487345, 814, 7345
4, 1929, 67515814, 67519678, 814, 4678
4, 193, 6755814, 6759678, 814, 4678
4, 1930, 67550814, 67557164, 814, 7164
4, 1931, 67585814, 67589678, 814, 4678
4, 1932, 67620814, 67625772, 814, 5772
4, 1933, 67655814, 67659678, 814, 4678
4, 1934, 67690814, 67695674, 814, 5674
4, 1935, 67725814, 67730537, 814, 5537
4, 1936, 67760814, 67769075, 814, 9075
4, 1937, 67795814, 67799678, 814, 4678
4, 1938, 67830814, 67837104, 814, 7104
4, 1939, 67865814, 67869678, 814, 4678
4, 194, 6790814, 6795674, 814, 5674
4, 1940, 67900814, 67906755, 814, 6755
4, 1941, 67935814, 67939678, 814, 4678
4, 1942, 67970814, 67975674, 814, 5674
4, 1943, 68005814, 68009856, 814, 4856
4, 1944, 68040814, 68047345, 814, 7345
4, 1945, 68075814, 68080170, 814, 5170
4, 1946, 68110814, 68115674, 814, 5674
4, 1947, 68145814, 68149678, 814, 4678
4, 1948, 68180814, 68185674, 814, 5674
4, 1949, 68215814, 68220057, 814, 5057
4, 195, 6825814, 6830222, 814, 5222
4, 1950, 68250814, 68256755, 814, 6755
4, 1951, 68285814, 68289846, 814, 4846
4, 1952, 68320814, 68329821, 814, 9821
4, 1953, 68355814, 68359678, 814, 4678
4, 1954, 68390814, 68395674, 814, 5674
4, 1955, 68425814, 68430170, 814, 5170
4, 1956, 68460814, 68465772, 814, 5772
4, 1957, 68495814, 68500202, 814, 5202
4, 1958, 68530814, 68535674, 814, 5674
4, 1959, 68565814, 68569929, 814, 4929
4, 196, 6860814, 6865674, 814, 5674
4, 1960, 68600814, 68608199, 814, 8199
4, 1961, 68635814, 68639678, 814, 4678
4, 1962, 68670814, 68675772, 814, 5772
4, 1963, 68705814, 68709678, 814, 4678
4, 1964, 68740814, 68745674, 814, 5674
4, 1965, 68775814, 68780222, 814, 5222
4, 1966, 68810814, 68815674, 814, 5674
4, 1967, 68845814, 68849846, 814, 4846
4, 1968, 68880814, 68890137, 814, 10137
4, 1969, 68915814, 68919678, 814, 4678
4, 197, 6895814, 6899678, 814, 4678
4, 1970, 68950814, 68956755, 814, 6755
4, 1971, 68985814, 68989678, 814, 4678
4, 1972, 69020814, 69025674, 814, 5674
4, 1973, 69055814, 69059678, 814, 4678
4, 1974, 69090814, 69095772, 814, 5772
4, 1975, 69125814, 69130474, 814, 5474
4, 1976, 69160814, 69169385, 814, 9385
4, 1977, 69195814, 69199678, 814, 4678
4, 1978, 69230814, 69235674, 814, 5674
4, 1979, 69265814, 69269678, 814, 4678
4, 198, 6930814, 6935772, 814, 5772
4, 1980, 69300814, 69306755, 814, 6755
4, 1981, 69335814, 69339678, 814, 4678
4, 1982, 69370814, 69375674, 814, 5674
4, 1983, 69405814, 69409861, 814, 4861
4, 1984, 69440814, 69449075, 814, 9075
4, 1985, 69475814, 69480170, 814, 5170
4, 1986, 69510814, 69515772, 814, 5772
4, 1987, 69545814, 69550057, 814, 5057
4, 1988, 69580814, 69585674, 814, 5674
4, 1989, 69615814, 69619678, 814, 4678
4, 199, 6965814, 6969856, 814, 4856
4, 1990, 69650814, 69656658, 814, 6658
4, 1991, 69685814, 69689856, 814, 4856
4, 1992, 69720814, 69728296, 814, 8296
4, 1993, 69755814, 69759678, 814, 4678
4, 1994, 69790814, 69795674, 814, 5674
4, 1995, 69825814, 69831123, 814, 6123
4, 1996, 69860814, 69865674, 814, 5674
4, 1997, 69895814, 69899678, 814, 4678
4, 1998, 69930814, 69935772, 814, 5772
4, 1999, 69965814, 69969846, 814, 4846
4, 2, 70814, 75674, 814, 5674
4, 20, 700814, 706755, 814, 6755
4, 200, 7000814, 7008296, 814, 8296
4, 2000, 70000814, 70009821, 814, 9821
4, 2001, 70035814, 70039678, 814, 4678
4, 2002, 70070814, 70075674, 814, 5674
4, 2003, 70105814, 70109678, 814, 4678
4, 2004, 70140814, 70145772, 814, 5772
4, 2005, 70175814, 70180170, 814, 5170
4, 2006, 70210814, 70216340, 814, 6340
4, 2007, 70245814, 70249929, 814, 4929
4, 2008, 70280814, 70287199, 814, 7199
4, 2009, 70315814, 70319678, 814, 4678
4, 201, 7035814, 7040072, 814, 5072
4, 2010, 70350814, 70356755, 814, 6755
4, 2011, 70385814, 70389678, 814, 4678
4, 2012, 70420814, 70425674, 814, 5674
4, 2013, 70455814, 70459678, 814, 4678
4, 2014, 70490814, 70497006, 814, 7006
4, 2015, 70525814, 70530464, 814, 5464
4, 2016, 70560814, 70569172, 814, 9172
4, 2017, 70595814, 70599678, 814, 4678
4, 2018, 70630814, 70635674, 814, 5674
4, 2019, 70665814, 70669678, 814, 4678
4, 202, 7070814, 7075674, 814, 5674
4, 2020, 70700814, 70706658, 814, 6658
4, 2021, 70735814, 70739678, 814, 4678
4, 2022, 70770814, 70775772, 814, 5772
4, 2023, 70805814, 70809856, 814, 4856
4, 2024, 70840814, 70847345, 814, 7345
4, 2025, 70875814, 70880748, 814, 5748
4, 2026, 70910814, 70915674, 814, 5674
4, 2027, 70945814, 70949678, 814, 4678
4, 2028, 70980814, 70985772, 814, 5772
4, 2029, 71015814, 71019678, 814, 4678
4, 203, 7105814, 7109678, 814, 4678
4, 2030, 71050814, 71056755, 814, 6755
4, 2031, 71085814, 71089861, 814, 4861
4, 2032, 71120814, 71129748, 814, 9748
4, 2033, 71155814, 71160202, 814, 5202
4, 2034, 71190814, 71195772, 814, 5772
4, 2035, 71225814, 71230170, 814, 5170
4, 2036, 71260814, 71265674, 814, 5674
4, 2037, 71295814, 71299678, 814, 4678
4, 2038, 71330814, 71335674, 814, 5674
4, 2039, 71365814, 71369856, 814, 4856
4, 204, 7140814, 7145772, 814, 5772
4, 2040, 71400814, 71408296, 814, 8296
4, 2041, 71435814, 71439678, 814, 4678
4, 2042, 71470814, 71475674, 814, 5674
4, 2043, 71505814, 71509678, 814, 4678
4, 2044, 71540814, 71546340, 814, 6340
4, 2045, 71575814, 71580170, 814, 5170
4, 2046, 71610814, 71615772, 814, 5772
4, 2047, 71645814, 71649846, 814, 4846
4, 2048, 71680814, 71689172, 814, 9172
4, 2049, 71715814, 71719678, 814, 4678
4, 205, 7175814, 7180170, 814, 5170
4, 2050, 71750814, 71756658, 814, 6658
4, 2051, 71785814, 71789678, 814, 4678
4, 2052, 71820814, 71827877, 814, 7877
4, 2053, 71855814, 71859678, 814, 4678
4, 2054, 71890814, 71895674, 814, 5674
4, 2055, 71925814, 71930547, 814, 5547
4, 2056, 71960814, 71967199, 814, 7199
4, 2057, 71995814, 71999678, 814, 4678
4, 2058, 72030814, 72035772, 814, 5772
4, 2059, 72065814, 72069678, 814, 4678
4, 206, 7210814, 7215674, 814, 5674
4, 2060, 72100814, 72106755, 814, 6755
4, 2061, 72135814, 72139678, 814, 4678
4, 2062, 72170814, 72175674, 814, 5674
4, 2063, 72205814, 72210225, 814, 5225
4, 2064, 72240814, 72249172, 814, 9172
4, 2065, 72275814, 72280170, 814, 5170
4, 2066, 72310814, 72315674, 814, 5674
4, 2067, 72345814, 72349678, 814, 4678
4, 2068, 72380814, 72385674, 814, 5674
4, 2069, 72415814, 72419678, 814, 4678
4, 207, 7245814, 7249861, 814, 4861
4, 2070, 72450814, 72456755, 814, 6755
4, 2071, 72485814, 72490481, 814, 5481
4, 2072, 72520814, 72528296, 814, 8296
4, 2073, 72555814, 72559678, 814, 4678
4, 2074, 72590814, 72595674, 814, 5674
4, 2075, 72625814, 72630170, 814, 5170
4, 2076, 72660814, 72665772, 814, 5772
4, 2077, 72695814, 72699678, 814, 4678
4, 2078, 72730814, 72735674, 814, 5674
4, 2079, 72765814, 72769861, 814, 4861
4, 208, 7280814, 7289075, 814, 9075
4, 2080, 72800814, 72809748, 814, 9748
4, 2081, 72835814, 72839678, 814, 4678
4, 2082, 72870814, 72877261, 814, 7261
4, 2083, 72905814, 72909678, 814, 4678
4, 2084, 72940814, 72945674, 814, 5674
4, 2085, 72975814, 72980222, 814, 5222
4, 2086, 73010814, 73015674, 814, 5674
4, 2087, 73045814, 73049856, 814, 4856
4, 2088, 73080814, 73087345, 814, 7345
4, 2089, 73115814, 73119678, 814, 4678
4, 209, 7315814, 7320202, 814, 5202
4, 2090, 73150814, 73157877, 814, 7877
4, 2091, 73185814, 73189678, 814, 4678
4, 2092, 73220814, 73225674, 814, 5674
4, 2093, 73255814, 73259678, 814, 4678
4, 2094, 73290814, 73295772, 814, 5772
4, 2095, 73325814, 73330464, 814, 5464
4, 2096, 73360814, 73369172, 814, 9172
4, 2097, 73395814, 73399678, 814, 4678
4, 2098, 73430814, 73435674, 814, 5674
4, 2099, 73465814, 73469678, 814, 4678
4, 21, 735814, 739678, 814, 4678
4, 210, 7350814, 7356755, 814, 6755
4, 2100, 73500814, 73506755, 814, 6755
4, 2101, 73535814, 73540057, 814, 5057
4, 2102, 73570814, 73575674, 814, 5674
4, 2103, 73605814, 73609929, 814, 4929
4, 2104, 73640814, 73647199, 814, 7199
4, 2105, 73675814, 73680170, 814, 5170
4, 2106, 73710814, 73715772, 814, 5772
4, 2107, 73745814, 73749678, 814, 4678
4, 2108, 73780814, 73785674, 814, 5674
4, 2109, 73815814, 73820222, 814, 5222
4, 211, 7385814, 7389678, 814, 4678
4, 2110, 73850814, 73856658, 814, 6658
4, 2111, 73885814, 73889846, 814, 4846
4, 2112, 73920814, 73929821, 814, 9821
4, 2113, 73955814, 73959678, 814, 4678
4, 2114, 73990814, 73995674, 814, 5674
4, 2115, 74025814, 74030222, 814, 5222
4, 2116, 74060814, 74065674, 814, 5674
4, 2117, 74095814, 74099678, 814, 4678
4, 2118, 74130814, 74135772, 814, 5772
4, 2119, 74165814, 74169856, 814, 4856
4, 212, 7420814, 7425674, 814, 5674
4, 2120, 74200814, 74209503, 814, 9503
4, 2121, 74235814, 74239678, 814, 4678
4, 2122, 74270814, 74275674, 814, 5674
4, 2123, 74305814, 74309678, 814, 4678
4, 2124, 74340814, 74345772, 814, 5772
4, 2125, 74375814, 74380170, 814, 5170
4, 2126, 74410814, 74415674, 814, 5674
4, 2127, 74445814, 74449861, 814, 4861
4, 2128, 74480814, 74492385, 814, 12385
4, 2129, 74515814, 74519678, 814, 4678
4, 213, 7455814, 7459678, 814, 4678
4, 2130, 74550814, 74556755, 814, 6755
4, 2131, 74585814, 74589678, 814, 4678
4, 2132, 74620814, 74625674, 814, 5674
4, 2133, 74655814, 74659678, 814, 4678
4, 2134, 74690814, 74695674, 814, 5674
4, 2135, 74725814, 74730474, 814, 5474
4, 2136, 74760814, 74767345, 814, 7345
4, 2137, 74795814, 74799678, 814, 4678
4, 2138, 74830814, 74835674, 814, 5674
4, 2139, 74865814, 74870072, 814, 5072
4, 214, 7490814, 7495674, 814, 5674
4, 2140, 74900814, 74906658, 814, 6658
4, 2141, 74935814, 74939678, 814, 4678
4, 2142, 74970814, 74975772, 814, 5772
4, 2143, 75005814, 75009846, 814, 4846
4, 2144, 75040814, 75049172, 814, 9172
4, 2145, 75075814, 75080222, 814, 5222
4, 2146, 75110814, 75115674, 814, 5674
4, 2147, 75145814, 75150202, 814, 5202
4, 2148, 75180814, 75185772, 814, 5772
4, 2149, 75215814, 75219678, 814, 4678
4, 215, 7525814, 7530474, 814, 5474
4, 2150, 75250814, 75256755, 814, 6755
4, 2151, 75285814, 75289929, 814, 4929
4, 2152, 75320814, 75328199, 814, 8199
4, 2153, 75355814, 75359678, 814, 4678
4, 2154, 75390814, 75395772, 814, 5772
4, 2155, 75425814, 75430170, 814, 5170
4, 2156, 75460814, 75465674, 814, 5674
4, 2157, 75495814, 75499678, 814, 4678
4, 2158, 75530814, 75536340, 814, 6340
4, 2159, 75565814, 75569846, 814, 4846
4, 216, 7560814, 7567345, 814, 7345
4, 2160, 75600814, 75609821, 814, 9821
4, 2161, 75635814, 75639678, 814, 4678
4, 2162, 75670814, 75675674, 814, 5674
4, 2163, 75705814, 75709678, 814, 4678
4, 2164, 75740814, 75745674, 814, 5674
4, 2165, 75775814, 75780170, 814, 5170
4, 2166, 75810814, 75817104, 814, 7104
4, 2167, 75845814, 75849856, 814, 4856
4, 2168, 75880814, 75887345, 814, 7345
4, 2169, 75915814, 75919678, 814, 4678
4, 217, 7595814, 7599678, 814, 4678
4, 2170, 75950814, 75956658, 814, 6658
4, 2171, 75985814, 75989678, 814, 4678
4, 2172, 76020814, 76025772, 814, 5772
4, 2173, 76055814, 76059678, 814, 4678
4, 2174, 76090814, 76095674, 814, 5674
4, 2175, 76125814, 76130537, 814, 5537
4, 2176, 76160814, 76169075, 814, 9075
4, 2177, 76195814, 76200057, 814, 5057
4, 2178, 76230814, 76235772, 814, 5772
4, 2179, 76265814, 76269678, 814, 4678
4, 218, 7630814, 7635674, 814, 5674
4, 2180, 76300814, 76306755, 814, 6755
4, 2181, 76335814, 76339678, 814, 4678
4, 2182, 76370814, 76375674, 814, 5674
4, 2183, 76405814, 76409856, 814, 4856
4, 2184, 76440814, 76447345, 814, 7345
4, 2185, 76475814, 76481025, 814, 6025
4, 2186, 76510814, 76515674, 814, 5674
4, 2187, 76545814, 76549678, 814, 4678
4, 2188, 76580814, 76585674, 814, 5674
4, 2189, 76615814, 76619678, 814, 4678
4, 219, 7665814, 7669678, 814, 4678
4, 2190, 76650814, 76656755, 814, 6755
4, 2191, 76685814, 76689846, 814, 4846
4, 2192, 76720814, 76729821, 814, 9821
4, 2193, 76755814, 76759678, 814, 4678
4, 2194, 76790814, 76795674, 814, 5674
4, 2195, 76825814, 76830170, 814, 5170
4, 2196, 76860814, 76866437, 814, 6437
4, 2197, 76895814, 76899678, 814, 4678
4, 2198, 76930814, 76935674, 814, 5674
4, 2199, 76965814, 76969929, 814, 4929
4, 22, 770814, 775674, 814, 5674
4, 220, 7700814, 7707164, 814, 7164
4, 2200, 77000814, 77008199, 814, 8199
4, 2201, 77035814, 77039678, 814, 4678
4, 2202, 77070814, 77075772, 814, 5772
4, 2203, 77105814, 77109678, 814, 4678
4, 2204, 77140814, 77147104, 814, 7104
4, 2205, 77175814, 77180222, 814, 5222
4, 2206, 77210814, 77215674, 814, 5674
4, 2207, 77245814, 77249846, 814, 4846
4, 2208, 77280814, 77289172, 814, 9172
4, 2209, 77315814, 77319678, 814, 4678
4, 221, 7735814, 7739678, 814, 4678
4, 2210, 77350814, 77356755, 814, 6755
4, 2211, 77385814, 77389678, 814, 4678
4, 2212, 77420814, 77425674, 814, 5674
4, 2213, 77455814, 77459678, 814, 4678
4, 2214, 77490814, 77495772, 814, 5772
4, 2215, 77525814, 77530894, 814, 5894
4, 2216, 77560814, 77567345, 814, 7345
4, 2217, 77595814, 77599678, 814, 4678
4, 2218, 77630814, 77635674, 814, 5674
4, 2219, 77665814, 77669678, 814, 4678
4, 222, 7770814, 7775772, 814, 5772
4, 2220, 77700814, 77706755, 814, 6755
4, 2221, 77735814, 77739678, 814, 4678
4, 2222, 77770814, 77775674, 814, 5674
4, 2223, 77805814, 77810523, 814, 5523
4, 2224, 77840814, 77849075, 814, 9075
4, 2225, 77875814, 77880170, 814, 5170
4, 2226, 77910814, 77915772, 814, 5772
4, 2227, 77945814, 77949678, 814, 4678
4, 2228, 77980814, 77985674, 814, 5674
4, 2229, 78015814, 78019678, 814, 4678
4, 223, 7805814, 7809846, 814, 4846
4, 2230, 78050814, 78056658, 814, 6658
4, 2231, 78085814, 78089856, 814, 4856
4, 2232, 78120814, 78128296, 814, 8296
4, 2233, 78155814, 78159678, 814, 4678
4, 2234, 78190814, 78196340, 814, 6340
4, 2235, 78225814, 78230222, 814, 5222
4, 2236, 78260814, 78265674, 814, 5674
4, 2237, 78295814, 78299678, 814, 4678
4, 2238, 78330814, 78335772, 814, 5772
4, 2239, 78365814, 78369846, 814, 4846
4, 224, 7840814, 7849172, 814, 9172
4, 2240, 78400814, 78409821, 814, 9821
4, 2241, 78435814, 78439678, 814, 4678
4, 2242, 78470814, 78477804, 814, 7804
4, 2243, 78505814, 78509678, 814, 4678
4, 2244, 78540814, 78545772, 814, 5772
4, 2245, 78575814, 78580170, 814, 5170
4, 2246, 78610814, 78615674, 814, 5674
4, 2247, 78645814, 78649929, 814, 4929
4, 2248, 78680814, 78687199, 814, 7199
4, 2249, 78715814, 78719678, 814, 4678
4, 225, 7875814, 7880222, 814, 5222
4, 2250, 78750814, 78756755, 814, 6755
4, 2251, 78785814, 78789678, 814, 4678
4, 2252, 78820814, 78825674, 814, 5674
4, 2253, 78855814, 78860072, 814, 5072
4, 2254, 78890814, 78895674, 814, 5674
4, 2255, 78925814, 78930464, 814, 5464
4, 2256, 78960814, 78969172, 814, 9172
4, 2257, 78995814, 78999678, 814, 4678
4, 2258, 79030814, 79035674, 814, 5674
4, 2259, 79065814, 79069678, 814, 4678
4, 226, 7910814, 7915674, 814, 5674
4, 2260, 79100814, 79106658, 814, 6658
4, 2261, 79135814, 79140202, 814, 5202
4, 2262, 79170814, 79175772, 814, 5772
4, 2263, 79205814, 79209856, 814, 4856
4, 2264, 79240814, 79247345, 814, 7345
4, 2265, 79275814, 79280222, 814, 5222
4, 2266, 79310814, 79315674, 814, 5674
4, 2267, 79345814, 79349678, 814, 4678
4, 2268, 79380814, 79385772, 814, 5772
4, 2269, 79415814, 79419678, 814, 4678
4, 227, 7945814, 7949678, 814, 4678
4, 2270, 79450814, 79456755, 814, 6755
4, 2271, 79485814, 79489861, 814, 4861
4, 2272, 79520814, 79530682, 814, 10682
4, 2273, 79555814, 79559678, 814, 4678
4, 2274, 79590814, 79595772, 814, 5772
4, 2275, 79625814, 79630170, 814, 5170
4, 2276, 79660814, 79665674, 814, 5674
4, 2277, 79695814, 79699678, 814, 4678
4, 2278, 79730814, 79735674, 814, 5674
4, 2279, 79765814, 79769856, 814, 4856
4, 228, 7980814, 7987104, 814, 7104
4, 2280, 79800814, 79810003, 814, 10003
4, 2281, 79835814, 79839678, 814, 4678
4, 2282, 79870814, 79875674, 814, 5674
4, 2283, 79905814, 79909678, 814, 4678
4, 2284, 79940814, 79945674, 814, 5674
4, 2285, 79975814, 79980170, 814, 5170
4, 2286, 80010814, 80015772, 814, 5772
4, 2287, 80045814, 80049846, 814, 4846
4, 2288, 80080814, 80089172, 814, 9172
4, 2289, 80115814, 80119678, 814, 4678
4, 229, 8015814, 8019678, 814, 4678
4, 2290, 80150814, 80156658, 814, 6658
4, 2291, 80185814, 80190057, 814, 5057
4, 2292, 80220814, 80225772, 814, 5772
4, 2293, 80255814, 80259678, 814, 4678
4, 2294, 80290814, 80295674, 814, 5674
4, 2295, 80325814, 80330547, 814, 5547
4, 2296, 80360814, 80367199, 814, 7199
4, 2297, 80395814, 80399678, 814, 4678
4, 2298, 80430814, 80435772, 814, 5772
4, 2299, 80465814, 80470202, 814, 5202
4, 23, 805814, 809856, 814, 4856
4, 230, 8050814, 8056755, 814, 6755
4, 2300, 80500814, 80506755, 814, 6755
4, 2301, 80535814, 80539678, 814, 4678
4, 2302, 80570814, 80575674, 814, 5674
4, 2303, 80605814, 80609846, 814, 4846
4, 2304, 80640814, 80649172, 814, 9172
4, 2305, 80675814, 80680170, 814, 5170
4, 2306, 80710814, 80715674, 814, 5674
4, 2307, 80745814, 80749678, 814, 4678
4, 2308, 80780814, 80785674, 814, 5674
4, 2309, 80815814, 80819678, 814, 4678
4, 231, 8085814, 8089929, 814, 4929
4, 2310, 80850814, 80857261, 814, 7261
4, 2311, 80885814, 80889856, 814, 4856
4, 2312, 80920814, 80928296, 814, 8296
4, 2313, 80955814, 80959678, 814, 4678
4, 2314, 80990814, 80995674, 814, 5674
4, 2315, 81025814, 81030170, 814, 5170
4, 2316, 81060814, 81065772, 814, 5772
4, 2317, 81095814, 81099678, 814, 4678
4, 2318, 81130814, 81137104, 814, 7104
4, 2319, 81165814, 81169861, 814, 4861
4, 232, 8120814, 8128199, 814, 8199
4, 2320, 81200814, 81209748, 814, 9748
4, 2321, 81235814, 81239678, 814, 4678
4, 2322, 81270814, 81275772, 814, 5772
4, 2323, 81305814, 81309678, 814, 4678
4, 2324, 81340814, 81345674, 814, 5674
4, 2325, 81375814, 81380222, 814, 5222
4, 2326, 81410814, 81415674, 814, 5674
4, 2327, 81445814, 81449856, 814, 4856
4, 2328, 81480814, 81487345, 814, 7345
4, 2329, 81515814, 81520057, 814, 5057
4, 233, 8155814, 8159678, 814, 4678
4, 2330, 81550814, 81556755, 814, 6755
4, 2331, 81585814, 81589678, 814, 4678
4, 2332, 81620814, 81625674, 814, 5674
4, 2333, 81655814, 81659678, 814, 4678
4, 2334, 81690814, 81695772, 814, 5772
4, 2335, 81725814, 81730464, 814, 5464
4, 2336, 81760814, 81769172, 814, 9172
4, 2337, 81795814, 81800222, 814, 5222
4, 2338, 81830814, 81835674, 814, 5674
4, 2339, 81865814, 81869678, 814, 4678
4, 234, 8190814, 8195772, 814, 5772
4, 2340, 81900814, 81906755, 814, 6755
4, 2341, 81935814, 81939678, 814, 4678
4, 2342, 81970814, 81975674, 814, 5674
4, 2343, 82005814, 82009929, 814, 4929
4, 2344, 82040814, 82047199, 814, 7199
4, 2345, 82075814, 82080170, 814, 5170
4, 2346, 82110814, 82115772, 814, 5772
4, 2347, 82145814, 82149678, 814, 4678
4, 2348, 82180814, 82186340, 814, 6340
4, 2349, 82215814, 82219678, 814, 4678
4, 235, 8225814, 8230170, 814, 5170
4, 2350, 82250814, 82256658, 814, 6658
4, 2351, 82285814, 82289846, 814, 4846
4, 2352, 82320814, 82329821, 814, 9821
4, 2353, 82355814, 82359678, 814, 4678
4, 2354, 82390814, 82395674, 814, 5674
4, 2355, 82425814, 82430222, 814, 5222
4, 2356, 82460814, 82467006, 814, 7006
4, 2357, 82495814, 82499678, 814, 4678
4, 2358, 82530814, 82535772, 814, 5772
4, 2359, 82565814, 82569856, 814, 4856
4, 236, 8260814, 8265674, 814, 5674
4, 2360, 82600814, 82608296, 814, 8296
4, 2361, 82635814, 82639678, 814, 4678
4, 2362, 82670814, 82675674, 814, 5674
4, 2363, 82705814, 82709678, 814, 4678
4, 2364, 82740814, 82745772, 814, 5772
4, 2365, 82775814, 82780170, 814, 5170
4, 2366, 82810814, 82815674, 814, 5674
4, 2367, 82845814, 82850298, 814, 5298
4, 2368, 82880814, 82889075, 814, 9075
4, 2369, 82915814, 82919678, 814, 4678
4, 237, 8295814, 8299678, 814, 4678
4, 2370, 82950814, 82956755, 814, 6755
4, 2371, 82985814, 82989678, 814, 4678
4, 2372, 83020814, 83025674, 814, 5674
4, 2373, 83055814, 83059678, 814, 4678
4, 2374, 83090814, 83095674, 814, 5674
4, 2375, 83125814, 83131304, 814, 6304
4, 2376, 83160814, 83167345, 814, 7345
4, 2377, 83195814, 83199678, 814, 4678
4, 2378, 83230814, 83235674, 814, 5674
4, 2379, 83265814, 83269678, 814, 4678
4, 238, 8330814, 8335674, 814, 5674
4, 2380, 83300814, 83306658, 814, 6658
4, 2381, 83335814, 83339678, 814, 4678
4, 2382, 83370814, 83375772, 814, 5772
4, 2383, 83405814, 83409846, 814, 4846
4, 2384, 83440814, 83449172, 814, 9172
4, 2385, 83475814, 83480222, 814, 5222
4, 2386, 83510814, 83516340, 814, 6340
4, 2387, 83545814, 83549678, 814, 4678
4, 2388, 83580814, 83585772, 814, 5772
4, 2389, 83615814, 83619678, 814, 4678
4, 239, 8365814, 8370225, 814, 5225
4, 2390, 83650814, 83656755, 814, 6755
4, 2391, 83685814, 83689929, 814, 4929
4, 2392, 83720814, 83728199, 814, 8199
4, 2393, 83755814, 83759678, 814, 4678
4, 2394, 83790814, 83797104, 814, 7104
4, 2395, 83825814, 83830170, 814, 5170
4, 2396, 83860814, 83865674, 814, 5674
4, 2397, 83895814, 83899678, 814, 4678
4, 2398, 83930814, 83935674, 814, 5674
4, 2399, 83965814, 83969846, 814, 4846
4, 24, 840814, 847345, 814, 7345
4, 240, 8400814, 8409821, 814, 9821
4, 2400, 84000814, 84009821, 814, 9821
4, 2401, 84035814, 84039678, 814, 4678
4, 2402, 84070814, 84075674, 814, 5674
4, 2403, 84105814, 84109678, 814, 4678
4, 2404, 84140814, 84145674, 814, 5674
4, 2405, 84175814, 84180675, 814, 5675
4, 2406, 84210814, 84215772, 814, 5772
4, 2407, 84245814, 84249856, 814, 4856
4, 2408, 84280814, 84287345, 814, 7345
4, 2409, 84315814, 84319678, 814, 4678
4, 241, 8435814, 8439678, 814, 4678
4, 2410, 84350814, 84356658, 814, 6658
4, 2411, 84385814, 84389678, 814, 4678
4, 2412, 84420814, 84425772, 814, 5772
4, 2413, 84455814, 84460202, 814, 5202
4, 2414, 84490814, 84495674, 814, 5674
4, 2415, 84525814, 84530537, 814, 5537
4, 2416, 84560814, 84569075, 814, 9075
4, 2417, 84595814, 84599678, 814, 4678
4, 2418, 84630814, 84635772, 814, 5772
4, 2419, 84665814, 84669678, 814, 4678
4, 242, 8470814, 8475674, 814, 5674
4, 2420, 84700814, 84706755, 814, 6755
4, 2421, 84735814, 84739678, 814, 4678
4, 2422, 84770814, 84775674, 814, 5674
4, 2423, 84805814, 84809856, 814, 4856
4, 2424, 84840814, 84848748, 814, 8748
4, 2425, 84875814, 84880170, 814, 5170
4, 2426, 84910814, 84915674, 814, 5674
4, 2427, 84945814, 84949678, 814, 4678
4, 2428, 84980814, 84985674, 814, 5674
4, 2429, 85015814, 85019678, 814, 4678
4, 243, 8505814, 8509678, 814, 4678
4, 2430, 85050814, 85056755, 814, 6755
4, 2431, 85085814, 85089846, 814, 4846
4, 2432, 85120814, 85132718, 814, 12718
4, 2433, 85155814, 85159678, 814, 4678
4, 2434, 85190814, 85195674, 814, 5674
4, 2435, 85225814, 85230170, 814, 5170
4, 2436, 85260814, 85265772, 814, 5772
4, 2437, 85295814, 85299678, 814, 4678
4, 2438, 85330814, 85335674, 814, 5674
4, 2439, 85365814, 85369929, 814, 4929
4, 244, 8540814, 8545674, 814, 5674
4, 2440, 85400814, 85408199, 814, 8199
4, 2441, 85435814, 85439678, 814, 4678
4, 2442, 85470814, 85475772, 814, 5772
4, 2443, 85505814, 85510057, 814, 5057
4, 2444, 85540814, 85545674, 814, 5674
4, 2445, 85575814, 85580222, 814, 5222
4, 2446, 85610814, 85615674, 814, 5674
4, 2447, 85645814, 85649846, 814, 4846
4, 2448, 85680814, 85689172, 814, 9172
4, 2449, 85715814, 85719678, 814, 4678
4, 245, 8575814, 8580170, 814, 5170
4, 2450, 85750814, 85756755, 814, 6755
4, 2451, 85785814, 85790222, 814, 5222
4, 2452, 85820814, 85825674, 814, 5674
4, 2453, 85855814, 85859678, 814, 4678
4, 2454, 85890814, 85895772, 814, 5772
4, 2455, 85925814, 85930474, 814, 5474
4, 2456, 85960814, 85967345, 814, 7345
4, 2457, 85995814, 85999678, 814, 4678
4, 2458, 86030814, 86035674, 814, 5674
4, 2459, 86065814, 86069678, 814, 4678
4, 246, 8610814, 8615772, 814, 5772
4, 2460, 86100814, 86106755, 814, 6755
4, 2461, 86135814, 86139678, 814, 4678
4, 2462, 86170814, 86176340, 814, 6340
4, 2463, 86205814, 86209861, 814, 4861
4, 2464, 86240814, 86249075, 814, 9075
4, 2465, 86275814, 86280170, 814, 5170
4, 2466, 86310814, 86315772, 814, 5772
4, 2467, 86345814, 86349678, 814, 4678
4, 2468, 86380814, 86385674, 814, 5674
4, 2469, 86415814, 86419678, 814, 4678
4, 247, 8645814, 8650481, 814, 5481
4, 2470, 86450814, 86457804, 814, 7804
4, 2471, 86485814, 86489856, 814, 4856
4, 2472, 86520814, 86528296, 814, 8296
4, 2473, 86555814, 86559678, 814, 4678
4, 2474, 86590814, 86595674, 814, 5674
4, 2475, 86625814, 86630222, 814, 5222
4, 2476, 86660814, 86665674, 814, 5674
4, 2477, 86695814, 86699678, 814, 4678
4, 2478, 86730814, 86735772, 814, 5772
4, 2479, 86765814, 86769846, 814, 4846
4, 248, 8680814, 8687345, 814, 7345
4, 2480, 86800814, 86809821, 814, 9821
4, 2481, 86835814, 86840072, 814, 5072
4, 2482, 86870814, 86875674, 814, 5674
4, 2483, 86905814, 86909678, 814, 4678
4, 2484, 86940814, 86945772, 814, 5772
4, 2485, 86975814, 86980170, 814, 5170
4, 2486, 87010814, 87015674, 814, 5674
4, 2487, 87045814, 87049929, 814, 4929
4, 2488, 87080814, 87087199, 814, 7199
4, 2489, 87115814, 87120202, 814, 5202
4, 249, 8715814, 8719678, 814, 4678
4, 2490, 87150814, 87156755, 814, 6755
4, 2491, 87185814, 87189678, 814, 4678
4, 2492, 87220814, 87225674, 814, 5674
4, 2493, 87255814, 87259678, 814, 4678
4, 2494, 87290814, 87295674, 814, 5674
4, 2495, 87325814, 87330464, 814, 5464
4, 2496, 87360814, 87369172, 814, 9172
4, 2497, 87395814, 87399678, 814, 4678
4, 2498, 87430814, 87435674, 814, 5674
4, 2499, 87465814, 87469678, 814, 4678
4, 25, 875814, 880170, 814, 5170
4, 250, 8750814, 8756658, 814, 6658
4, 2500, 87500814, 87507164, 814, 7164
4, 2501, 87535814, 87539678, 814, 4678
4, 2502, 87570814, 87575772, 814, 5772
4, 2503, 87605814, 87609856, 814, 4856
4, 2504, 87640814, 87647345, 814, 7345
4, 2505, 87675814, 87680222, 814, 5222
4, 2506, 87710814, 87715674, 814, 5674
4, 2507, 87745814, 87749678, 814, 4678
4, 2508, 87780814, 87787104, 814, 7104
4, 2509, 87815814, 87819678, 814, 4678
4, 251, 8785814, 8789678, 814, 4678
4, 2510, 87850814, 87856755, 814, 6755
4, 2511, 87885814, 87889861, 814, 4861
4, 2512, 87920814, 87929748, 814, 9748
4, 2513, 87955814, 87959678, 814, 4678
4, 2514, 87990814, 87995772, 814, 5772
4, 2515, 88025814, 88030170, 814, 5170
4, 2516, 88060814, 88065674, 814, 5674
4, 2517, 88095814, 88099678, 814, 4678
4, 2518, 88130814, 88135674, 814, 5674
4, 2519, 88165814, 88170276, 814, 5276
4, 252, 8820814, 8825772, 814, 5772
4, 2520, 88200814, 88208296, 814, 8296
4, 2521, 88235814, 88239678, 814, 4678
4, 2522, 88270814, 88275674, 814, 5674
4, 2523, 88305814, 88309678, 814, 4678
4, 2524, 88340814, 88345674, 814, 5674
4, 2525, 88375814, 88380170, 814, 5170
4, 2526, 88410814, 88415772, 814, 5772
4, 2527, 88445814, 88450426, 814, 5426
4, 2528, 88480814, 88489172, 814, 9172
4, 2529, 88515814, 88519678, 814, 4678
4, 253, 8855814, 8859678, 814, 4678
4, 2530, 88550814, 88556658, 814, 6658
4, 2531, 88585814, 88589678, 814, 4678
4, 2532, 88620814, 88625772, 814, 5772
4, 2533, 88655814, 88659678, 814, 4678
4, 2534, 88690814, 88695674, 814, 5674
4, 2535, 88725814, 88730547, 814, 5547
4, 2536, 88760814, 88767199, 814, 7199
4, 2537, 88795814, 88799678, 814, 4678
4, 2538, 88830814, 88836437, 814, 6437
4, 2539, 88865814, 88869678, 814, 4678
4, 254, 8890814, 8895674, 814, 5674
4, 2540, 88900814, 88906755, 814, 6755
4, 2541, 88935814, 88939678, 814, 4678
4, 2542, 88970814, 88975674, 814, 5674
4, 2543, 89005814, 89009846, 814, 4846
4, 2544, 89040814, 89049172, 814, 9172
4, 2545, 89075814, 89080170, 814, 5170
4, 2546, 89110814, 89117104, 814, 7104
4, 2547, 89145814, 89149678, 814, 4678
4, 2548, 89180814, 89185674, 814, 5674
4, 2549, 89215814, 89219678, 814, 4678
4, 255, 8925814, 8930537, 814, 5537
4, 2550, 89250814, 89256755, 814, 6755
4, 2551, 89285814, 89289856, 814, 4856
4, 2552, 89320814, 89328296, 814, 8296
4, 2553, 89355814, 89359678, 814, 4678
4, 2554, 89390814, 89395674, 814, 5674
4, 2555, 89425814, 89430170, 814, 5170
4, 2556, 89460814, 89465772, 814, 5772
4, 2557, 89495814, 89500057, 814, 5057
4, 2558, 89530814, 89535674, 814, 5674
4, 2559, 89565814, 89569861, 814, 4861
4, 256, 8960814, 8969075, 814, 9075
4, 2560, 89600814, 89609748, 814, 9748
4, 2561, 89635814, 89639678, 814, 4678
4, 2562, 89670814, 89675772, 814, 5772
4, 2563, 89705814, 89709678, 814, 4678
4, 2564, 89740814, 89745674, 814, 5674
4, 2565, 89775814, 89781123, 814, 6123
4, 2566, 89810814, 89815674, 814, 5674
4, 2567, 89845814, 89849856, 814, 4856
4, 2568, 89880814, 89887345, 814, 7345
4, 2569, 89915814, 89919678, 814, 4678
4, 257, 8995814, 8999678, 814, 4678
4, 2570, 89950814, 89956755, 814, 6755
4, 2571, 89985814, 89989678, 814, 4678
4, 2572, 90020814, 90025674, 814, 5674
4, 2573, 90055814, 90059678, 814, 4678
4, 2574, 90090814, 90095772, 814, 5772
4, 2575, 90125814, 90130464, 814, 5464
4, 2576, 90160814, 90170137, 814, 10137
4, 2577, 90195814, 90199678, 814, 4678
4, 2578, 90230814, 90235674, 814, 5674
4, 2579, 90265814, 90269678, 814, 4678
4, 258, 9030814, 9036437, 814, 6437
4, 2580, 90300814, 90306755, 814, 6755
4, 2581, 90335814, 90339678, 814, 4678
4, 2582, 90370814, 90375674, 814, 5674
4, 2583, 90405814, 90409929, 814, 4929
4, 2584, 90440814, 90449312, 814, 9312
4, 2585, 90475814, 90480170, 814, 5170
4, 2586, 90510814, 90515772, 814, 5772
4, 2587, 90545814, 90549678, 814, 4678
4, 2588, 90580814, 90585674, 814, 5674
4, 2589, 90615814, 90619678, 814, 4678
4, 259, 9065814, 9069678, 814, 4678
4, 2590, 90650814, 90656658, 814, 6658
4, 2591, 90685814, 90689846, 814, 4846
4, 2592, 90720814, 90729821, 814, 9821
4, 2593, 90755814, 90759678, 814, 4678
4, 2594, 90790814, 90795674, 814, 5674
4, 2595, 90825814, 90830748, 814, 5748
4, 2596, 90860814, 90865674, 814, 5674
4, 2597, 90895814, 90899678, 814, 4678
4, 2598, 90930814, 90935772, 814, 5772
4, 2599, 90965814, 90969856, 814, 4856
4, 26, 910814, 915674, 814, 5674
4, 260, 9100814, 9106755, 814, 6755
4, 2600, 91000814, 91008296, 814, 8296
4, 2601, 91035814, 91039678, 814, 4678
4, 2602, 91070814, 91075674, 814, 5674
4, 2603, 91105814, 91110202, 814, 5202
4, 2604, 91140814, 91145772, 814, 5772
4, 2605, 91175814, 91180170, 814, 5170
4, 2606, 91210814, 91215674, 814, 5674
4, 2607, 91245814, 91249861, 814, 4861
4, 2608, 91280814, 91289075, 814, 9075
4, 2609, 91315814, 91319678, 814, 4678
4, 261, 9135814, 9139678, 814, 4678
4, 2610, 91350814, 91356755, 814, 6755
4, 2611, 91385814, 91389678, 814, 4678
4, 2612, 91420814, 91425674, 814, 5674
4, 2613, 91455814, 91459678, 814, 4678
4, 2614, 91490814, 91496340, 814, 6340
4, 2615, 91525814, 91530474, 814, 5474
4, 2616, 91560814, 91567345, 814, 7345
4, 2617, 91595814, 91599678, 814, 4678
4, 2618, 91630814, 91635674, 814, 5674
4, 2619, 91665814, 91669678, 814, 4678
4, 262, 9170814, 9175674, 814, 5674
4, 2620, 91700814, 91706658, 814, 6658
4, 2621, 91735814, 91739678, 814, 4678
4, 2622, 91770814, 91777877, 814, 7877
4, 2623, 91805814, 91809846, 814, 4846
4, 2624, 91840814, 91849172, 814, 9172
4, 2625, 91875814, 91880222, 814, 5222
4, 2626, 91910814, 91915674, 814, 5674
4, 2627, 91945814, 91949678, 814, 4678
4, 2628, 91980814, 91985772, 814, 5772
4, 2629, 92015814, 92019678, 814, 4678
4, 263, 9205814, 9209856, 814, 4856
4, 2630, 92050814, 92056755, 814, 6755
4, 2631, 92085814, 92089929, 814, 4929
4, 2632, 92120814, 92128199, 814, 8199
4, 2633, 92155814, 92160057, 814, 5057
4, 2634, 92190814, 92195772, 814, 5772
4, 2635, 92225814, 92230170, 814, 5170
4, 2636, 92260814, 92265674, 814, 5674
4, 2637, 92295814, 92299678, 814, 4678
4, 2638, 92330814, 92335674, 814, 5674
4, 2639, 92365814, 92369846, 814, 4846
4, 264, 9240814, 9247345, 814, 7345
4, 2640, 92400814, 92409821, 814, 9821
4, 2641, 92435814, 92440202, 814, 5202
4, 2642, 92470814, 92475674, 814, 5674
4, 2643, 92505814, 92509678, 814, 4678
4, 2644, 92540814, 92545674, 814, 5674
4, 2645, 92575814, 92580170, 814, 5170
4, 2646, 92610814, 92615772, 814, 5772
4, 2647, 92645814, 92649856, 814, 4856
4, 2648, 92680814, 92687345, 814, 7345
4, 2649, 92715814, 92719678, 814, 4678
4, 265, 9275814, 9280170, 814, 5170
4, 2650, 92750814, 92756658, 814, 6658
4, 2651, 92785814, 92789678, 814, 4678
4, 2652, 92820814, 92827261, 814, 7261
4, 2653, 92855814, 92859678, 814, 4678
4, 2654, 92890814, 92895674, 814, 5674
4, 2655, 92925814, 92930537, 814, 5537
4, 2656, 92960814, 92969075, 814, 9075
4, 2657, 92995814, 92999678, 814, 4678
4, 2658, 93030814, 93035772, 814, 5772
4, 2659, 93065814, 93069678, 814, 4678
4, 266, 9310814, 9317104, 814, 7104
4, 2660, 93100814, 93107877, 814, 7877
4, 2661, 93135814, 93139678, 814, 4678
4, 2662, 93170814, 93175674, 814, 5674
4, 2663, 93205814, 93209856, 814, 4856
4, 2664, 93240814, 93247345, 814, 7345
4, 2665, 93275814, 93280170, 814, 5170
4, 2666, 93310814, 93315674, 814, 5674
4, 2667, 93345814, 93349678, 814, 4678
4, 2668, 93380814, 93385674, 814, 5674
4, 2669, 93415814, 93419678, 814, 4678
4, 267, 9345814, 9349678, 814, 4678
4, 2670, 93450814, 93456755, 814, 6755
4, 2671, 93485814, 93490225, 814, 5225
4, 2672, 93520814, 93529821, 814, 9821
4, 2673, 93555814, 93559678, 814, 4678
4, 2674, 93590814, 93595674, 814, 5674
4, 2675, 93625814, 93630170, 814, 5170
4, 2676, 93660814, 93665772, 814, 5772
4, 2677, 93695814, 93699678, 814, 4678
4, 2678, 93730814, 93735674, 814, 5674
4, 2679, 93765814, 93770578, 814, 5578
4, 268, 9380814, 9385674, 814, 5674
4, 2680, 93800814, 93808199, 814, 8199
4, 2681, 93835814, 93839678, 814, 4678
4, 2682, 93870814, 93875772, 814, 5772
4, 2683, 93905814, 93909678, 814, 4678
4, 2684, 93940814, 93945674, 814, 5674
4, 2685, 93975814, 93980222, 814, 5222
4, 2686, 94010814, 94015674, 814, 5674
4, 2687, 94045814, 94049846, 814, 4846
4, 2688, 94080814, 94089172, 814, 9172
4, 2689, 94115814, 94119678, 814, 4678
4, 269, 9415814, 9419678, 814, 4678
4, 2690, 94150814, 94157261, 814, 7261
4, 2691, 94185814, 94189678, 814, 4678
4, 2692, 94220814, 94225674, 814, 5674
4, 2693, 94255814, 94259678, 814, 4678
4, 2694, 94290814, 94295772, 814, 5772
4, 2695, 94325814, 94330474, 814, 5474
4, 2696, 94360814, 94367345, 814, 7345
4, 2697, 94395814, 94399678, 814, 4678
4, 2698, 94430814, 94437006, 814, 7006
4, 2699, 94465814, 94469678, 814, 4678
4, 27, 945814, 949678, 814, 4678
4, 270, 9450814, 9456755, 814, 6755
4, 2700, 94500814, 94506755, 814, 6755
4, 2701, 94535814, 94539678, 814, 4678
4, 2702, 94570814, 94575674, 814, 5674
4, 2703, 94605814, 94609861, 814, 4861
4, 2704, 94640814, 94649075, 814, 9075
4, 2705, 94675814, 94680170, 814, 5170
4, 2706, 94710814, 94715772, 814, 5772
4, 2707, 94745814, 94749678, 814, 4678
4, 2708, 94780814, 94785674, 814, 5674
4, 2709, 94815814, 94820072, 814, 5072
4, 271, 9485814, 9489846, 814, 4846
4, 2710, 94850814, 94856658, 814, 6658
4, 2711, 94885814, 94889856, 814, 4856
4, 2712, 94920814, 94928296, 814, 8296
4, 2713, 94955814, 94959678, 814, 4678
4, 2714, 94990814, 94995674, 814, 5674
4, 2715, 95025814, 95030222, 814, 5222
4, 2716, 95060814, 95065674, 814, 5674
4, 2717, 95095814, 95100202, 814, 5202
4, 2718, 95130814, 95135772, 814, 5772
4, 2719, 95165814, 95169846, 814, 4846
4, 272, 9520814, 9529821, 814, 9821
4, 2720, 95200814, 95209821, 814, 9821
4, 2721, 95235814, 95239678, 814, 4678
4, 2722, 95270814, 95275674, 814, 5674
4, 2723, 95305814, 95309678, 814, 4678
4, 2724, 95340814, 95345772, 814, 5772
4, 2725, 95375814, 95380170, 814, 5170
4, 2726, 95410814, 95415674, 814, 5674
4, 2727, 95445814, 95449929, 814, 4929
4, 2728, 95480814, 95488651, 814, 8651
4, 2729, 95515814, 95519678, 814, 4678
4, 273, 9555814, 9559678, 814, 4678
4, 2730, 95550814, 95556755, 814, 6755
4, 2731, 95585814, 95589678, 814, 4678
4, 2732, 95620814, 95625674, 814, 5674
4, 2733, 95655814, 95659678, 814, 4678
4, 2734, 95690814, 95695674, 814, 5674
4, 2735, 95725814, 95730464, 814, 5464
4, 2736, 95760814, 95772385, 814, 12385
4, 2737, 95795814, 95799678, 814, 4678
4, 2738, 95830814, 95835674, 814, 5674
4, 2739, 95865814, 95869678, 814, 4678
4, 274, 9590814, 9595674, 814, 5674
4, 2740, 95900814, 95906658, 814, 6658
4, 2741, 95935814, 95939678, 814, 4678
4, 2742, 95970814, 95975772, 814, 5772
4, 2743, 96005814, 96009856, 814, 4856
4, 2744, 96040814, 96047345, 814, 7345
4, 2745, 96075814, 96080222, 814, 5222
4, 2746, 96110814, 96115674, 814, 5674
4, 2747, 96145814, 96150057, 814, 5057
4, 2748, 96180814, 96185772, 814, 5772
4, 2749, 96215814, 96219678, 814, 4678
4, 275, 9625814, 9630170, 814, 5170
4, 2750, 96250814, 96256755, 814, 6755
4, 2751, 96285814, 96289861, 814, 4861
4, 2752, 96320814, 96329748, 814, 9748
4, 2753, 96355814, 96359678, 814, 4678
4, 2754, 96390814, 96395772, 814, 5772
4, 2755, 96425814, 96431025, 814, 6025
4, 2756, 96460814, 96465674, 814, 5674
4, 2757, 96495814, 96499678, 814, 4678
4, 2758, 96530814, 96535674, 814, 5674
4, 2759, 96565814, 96569856, 814, 4856
4, 276, 9660814, 9665772, 814, 5772
4, 2760, 96600814, 96608296, 814, 8296
4, 2761, 96635814, 96639678, 814, 4678
4, 2762, 96670814, 96675674, 814, 5674
4, 2763, 96705814, 96709678, 814, 4678
4, 2764, 96740814, 96745674, 814, 5674
4, 2765, 96775814, 96780170, 814, 5170
4, 2766, 96810814, 96816437, 814, 6437
4, 2767, 96845814, 96849846, 814, 4846
4, 2768, 96880814, 96889172, 814, 9172
4, 2769, 96915814, 96919678, 814, 4678
4, 277, 9695814, 9700057, 814, 5057
4, 2770, 96950814, 96956658, 814, 6658
4, 2771, 96985814, 96989678, 814, 4678
4, 2772, 97020814, 97025772, 814, 5772
4, 2773, 97055814, 97059678, 814, 4678
4, 2774, 97090814, 97097104, 814, 7104
4, 2775, 97125814, 97130547, 814, 5547
4, 2776, 97160814, 97167199, 814, 7199
4, 2777, 97195814, 97199678, 814, 4678
4, 2778, 97230814, 97235772, 814, 5772
4, 2779, 97265814, 97269678, 814, 4678
4, 278, 9730814, 9735674, 814, 5674
4, 2780, 97300814, 97306755, 814, 6755
4, 2781, 97335814, 97339678, 814, 4678
4, 2782, 97370814, 97375674, 814, 5674
4, 2783, 97405814, 97409846, 814, 4846
4, 2784, 97440814, 97449172, 814, 9172
4, 2785, 97475814, 97480675, 814, 5675
4, 2786, 97510814, 97515674, 814, 5674
4, 2787, 97545814, 97549678, 814, 4678
4, 2788, 97580814, 97585674, 814, 5674
4, 2789, 97615814, 97619678, 814, 4678
4, 279, 9765814, 9769929, 814, 4929
4, 2790, 97650814, 97656755, 814, 6755
4, 2791, 97685814, 97689856, 814, 4856
4, 2792, 97720814, 97728296, 814, 8296
4, 2793, 97755814, 97760222, 814, 5222
4, 2794, 97790814, 97795674, 814, 5674
4, 2795, 97825814, 97830170, 814, 5170
4, 2796, 97860814, 97865772, 814, 5772
4, 2797, 97895814, 97899678, 814, 4678
4, 2798, 97930814, 97935674, 814, 5674
4, 2799, 97965814, 97969861, 814, 4861
4, 28, 980814, 985674, 814, 5674
4, 280, 9800814, 9808199, 814, 8199
4, 2800, 98000814, 98009748, 814, 9748
4, 2801, 98035814, 98039678, 814, 4678
4, 2802, 98070814, 98075772, 814, 5772
4, 2803, 98105814, 98109678, 814, 4678
4, 2804, 98140814, 98146340, 814, 6340
4, 2805, 98175814, 98180222, 814, 5222
4, 2806, 98210814, 98215674, 814, 5674
4, 2807, 98245814, 98249856, 814, 4856
4, 2808, 98280814, 98287345, 814, 7345
4, 2809, 98315814, 98319678, 814, 4678
4, 281, 9835814, 9839678, 814, 4678
4, 2810, 98350814, 98356755, 814, 6755
4, 2811, 98385814, 98389678, 814, 4678
4, 2812, 98420814, 98427804, 814, 7804
4, 2813, 98455814, 98459678, 814, 4678
4, 2814, 98490814, 98495772, 814, 5772
4, 2815, 98525814, 98530464, 814, 5464
4, 2816, 98560814, 98569172, 814, 9172
4, 2817, 98595814, 98599678, 814, 4678
4, 2818, 98630814, 98635674, 814, 5674
4, 2819, 98665814, 98669678, 814, 4678
4, 282, 9870814, 9875772, 814, 5772
4, 2820, 98700814, 98706755, 814, 6755
4, 2821, 98735814, 98739678, 814, 4678
4, 2822, 98770814, 98775674, 814, 5674
4, 2823, 98805814, 98813809, 814, 8809
4, 2824, 98840814, 98847199, 814, 7199
4, 2825, 98875814, 98880170, 814, 5170
4, 2826, 98910814, 98915772, 814, 5772
4, 2827, 98945814, 98949678, 814, 4678
4, 2828, 98980814, 98985674, 814, 5674
4, 2829, 99015814, 99019678, 814, 4678
4, 283, 9905814, 9909678, 814, 4678
4, 2830, 99050814, 99056658, 814, 6658
4, 2831, 99085814, 99090426, 814, 5426
4, 2832, 99120814, 99129821, 814, 9821
4, 2833, 99155814, 99159678, 814, 4678
4, 2834, 99190814, 99195674, 814, 5674
4, 2835, 99225814, 99230222, 814, 5222
4, 2836, 99260814, 99265674, 814, 5674
4, 2837, 99295814, 99299678, 814, 4678
4, 2838, 99330814, 99335772, 814, 5772
4, 2839, 99365814, 99369856, 814, 4856
4, 284, 9940814, 9945674, 814, 5674
4, 2840, 99400814, 99408296, 814, 8296
4, 2841, 99435814, 99439678, 814, 4678
4, 2842, 99470814, 99476340, 814, 6340
4, 2843, 99505814, 99509678, 814, 4678
4, 2844, 99540814, 99545772, 814, 5772
4, 2845, 99575814, 99580170, 814, 5170
4, 2846, 99610814, 99615674, 814, 5674
4, 2847, 99645814, 99649861, 814, 4861
4, 2848, 99680814, 99689075, 814, 9075
4, 2849, 99715814, 99719678, 814, 4678
4, 285, 9975814, 9981123, 814, 6123
4, 2850, 99750814, 99757877, 814, 7877
4, 2851, 99785814, 99789678, 814, 4678
4, 2852, 99820814, 99825674, 814, 5674
4, 2853, 99855814, 99859678, 814, 4678
4, 2854, 99890814, 99895674, 814, 5674
4, 2855, 99925814, 99930474, 814, 5474
4, 2856, 99960814, 99967345, 814, 7345
4, 2857, 99995814, 99999678, 814, 4678
4, 2858, 100030814, 100035674, 814, 5674
4, 2859, 100065814, 100069678, 814, 4678
4, 286, 10010814, 10015674, 814, 5674
4, 2860, 100100814, 100106658, 814, 6658
4, 2861, 100135814, 100140057, 814, 5057
4, 2862, 100170814, 100175772, 814, 5772
4, 2863, 100205814, 100209846, 814, 4846
4, 2864, 100240814, 100249172, 814, 9172
4, 2865, 100275814, 100280222, 814, 5222
4, 2866, 100310814, 100315674, 814, 5674
4, 2867, 100345814, 100349678, 814, 4678
4, 2868, 100380814, 100385772, 814, 5772
4, 2869, 100415814, 100420202, 814, 5202
4, 287, 10045814, 10049846, 814, 4846
4, 2870, 100450814, 100456755, 814, 6755
4, 2871, 100485814, 100489929, 814, 4929
4, 2872, 100520814, 100528199, 814, 8199
4, 2873, 100555814, 100559678, 814, 4678
4, 2874, 100590814, 100595772, 814, 5772
4, 2875, 100625814, 100630170, 814, 5170
4, 2876, 100660814, 100665674, 814, 5674
4, 2877, 100695814, 100699678, 814, 4678
4, 2878, 100730814, 100735674, 814, 5674
4, 2879, 100765814, 100769846, 814, 4846
4, 288, 10080814, 10089172, 814, 9172
4, 2880, 100800814, 100810755, 814, 10755
4, 2881, 100835814, 100839678, 814, 4678
4, 2882, 100870814, 100875674, 814, 5674
4, 2883, 100905814, 100909678, 814, 4678
4, 2884, 100940814, 100945674, 814, 5674
4, 2885, 100975814, 100980170, 814, 5170
4, 2886, 101010814, 101015772, 814, 5772
4, 2887, 101045814, 101049856, 814, 4856
4, 2888, 101080814, 101089385, 814, 9385
4, 2889, 101115814, 101119678, 814, 4678
4, 289, 10115814, 10119678, 814, 4678
4, 2890, 101150814, 101156658, 814, 6658
4, 2891, 101185814, 101189678, 814, 4678
4, 2892, 101220814, 101225772, 814, 5772
4, 2893, 101255814, 101259678, 814, 4678
4, 2894, 101290814, 101295674, 814, 5674
4, 2895, 101325814, 101330537, 814, 5537
4, 2896, 101360814, 101369075, 814, 9075
4, 2897, 101395814, 101399678, 814, 4678
4, 2898, 101430814, 101435772, 814, 5772
4, 2899, 101465814, 101470057, 814, 5057
4, 29, 1015814, 1019678, 814, 4678
4, 290, 10150814, 10156755, 814, 6755
4, 2900, 101500814, 101506755, 814, 6755
4, 2901, 101535814, 101539678, 814, 4678
4, 2902, 101570814, 101575674, 814, 5674
4, 2903, 101605814, 101609856, 814, 4856
4, 2904, 101640814, 101647345, 814, 7345
4, 2905, 101675814, 101680170, 814, 5170
4, 2906, 101710814, 101715674, 814, 5674
4, 2907, 101745814, 101750222, 814, 5222
4, 2908, 101780814, 101785674, 814, 5674
4, 2909, 101815814, 101819678, 814, 4678
4, 291, 10185814, 10189678, 814, 4678
4, 2910, 101850814, 101856755, 814, 6755
4, 2911, 101885814, 101889846, 814, 4846
4, 2912, 101920814, 101929821, 814, 9821
4, 2913, 101955814, 101959678, 814, 4678
4, 2914, 101990814, 101995674, 814, 5674
4, 2915, 102025814, 102030170, 814, 5170
4, 2916, 102060814, 102065772, 814, 5772
4, 2917, 102095814, 102099678, 814, 4678
4, 2918, 102130814, 102136340, 814, 6340
4, 2919, 102165814, 102169929, 814, 4929
4, 292, 10220814, 10225674, 814, 5674
4, 2920, 102200814, 102208199, 814, 8199
4, 2921, 102235814, 102239678, 814, 4678
4, 2922, 102270814, 102275772, 814, 5772
4, 2923, 102305814, 102309678, 814, 4678
4, 2924, 102340814, 102345674, 814, 5674
4, 2925, 102375814, 102380222, 814, 5222
4, 2926, 102410814, 102417006, 814, 7006
4, 2927, 102445814, 102449846, 814, 4846
4, 2928, 102480814, 102489172, 814, 9172
4, 2929, 102515814, 102519678, 814, 4678
4, 293, 10255814, 10259678, 814, 4678
4, 2930, 102550814, 102556755, 814, 6755
4, 2931, 102585814, 102589678, 814, 4678
4, 2932, 102620814, 102625674, 814, 5674
4, 2933, 102655814, 102659678, 814, 4678
4, 2934, 102690814, 102695772, 814, 5772
4, 2935, 102725814, 102730474, 814, 5474
4, 2936, 102760814, 102767345, 814, 7345
4, 2937, 102795814, 102800072, 814, 5072
4, 2938, 102830814, 102835674, 814, 5674
4, 2939, 102865814, 102869678, 814, 4678
4, 294, 10290814, 10295772, 814, 5772
4, 2940, 102900814, 102906755, 814, 6755
4, 2941, 102935814, 102939678, 814, 4678
4, 2942, 102970814, 102975674, 814, 5674
4, 2943, 103005814, 103009861, 814, 4861
4, 2944, 103040814, 103049075, 814, 9075
4, 2945, 103075814, 103081025, 814, 6025
4, 2946, 103110814, 103115772, 814, 5772
4, 2947, 103145814, 103149678, 814, 4678
4, 2948, 103180814, 103185674, 814, 5674
4, 2949, 103215814, 103219678, 814, 4678
4, 295, 10325814, 10330474, 814, 5474
4, 2950, 103250814, 103256658, 814, 6658
4, 2951, 103285814, 103289856, 814, 4856
4, 2952, 103320814, 103328296, 814, 8296
4, 2953, 103355814, 103359678, 814, 4678
4, 2954, 103390814, 103395674, 814, 5674
4, 2955, 103425814, 103430222, 814, 5222
4, 2956, 103460814, 103466340, 814, 6340
4, 2957, 103495814, 103499678, 814, 4678
4, 2958, 103530814, 103535772, 814, 5772
4, 2959, 103565814, 103569846, 814, 4846
4, 296, 10360814, 10368748, 814, 8748
4, 2960, 103600814, 103609821, 814, 9821
4, 2961, 103635814, 103639678, 814, 4678
4, 2962, 103670814, 103675674, 814, 5674
4, 2963, 103705814, 103709678, 814, 4678
4, 2964, 103740814, 103747104, 814, 7104
4, 2965, 103775814, 103780170, 814, 5170
4, 2966, 103810814, 103815674, 814, 5674
4, 2967, 103845814, 103849929, 814, 4929
4, 2968, 103880814, 103887199, 814, 7199
4, 2969, 103915814, 103919678, 814, 4678
4, 297, 10395814, 10399678, 814, 4678
4, 2970, 103950814, 103956755, 814, 6755
4, 2971, 103985814, 103989678, 814, 4678
4, 2972, 104020814, 104025674, 814, 5674
4, 2973, 104055814, 104059678, 814, 4678
4, 2974, 104090814, 104095674, 814, 5674
4, 2975, 104125814, 104130843, 814, 5843
4, 2976, 104160814, 104169172, 814, 9172
4, 2977, 104195814, 104199678, 814, 4678
4, 2978, 104230814, 104235674, 814, 5674
4, 2979, 104265814, 104269678, 814, 4678
4, 298, 10430814, 10435674, 814, 5674
4, 2980, 104300814, 104306658, 814, 6658
4, 2981, 104335814, 104339678, 814, 4678
4, 2982, 104370814, 104375772, 814, 5772
4, 2983, 104405814, 104410481, 814, 5481
4, 2984, 104440814, 104447345, 814, 7345
4, 2985, 104475814, 104480222, 814, 5222
4, 2986, 104510814, 104515674, 814, 5674
4, 2987, 104545814, 104549678, 814, 4678
4, 2988, 104580814, 104585772, 814, 5772
4, 2989, 104615814, 104619678, 814, 4678
4, 299, 10465814, 10469678, 814, 4678
4, 2990, 104650814, 104656755, 814, 6755
4, 2991, 104685814, 104689861, 814, 4861
4, 2992, 104720814, 104729748, 814, 9748
4, 2993, 104755814, 104759678, 814, 4678
4, 2994, 104790814, 104796437, 814, 6437
4, 2995, 104825814, 104830170, 814, 5170
4, 2996, 104860814, 104865674, 814, 5674
4, 2997, 104895814, 104899678, 814, 4678
4, 2998, 104930814, 104935674, 814, 5674
4, 2999, 104965814, 104969856, 814, 4856
4, 3, 105814, 109678, 814, 4678
4, 30, 1050814, 1057261, 814, 7261
4, 300, 10500814, 10506755, 814, 6755
4, 3000, 105000814, 105008296, 814, 8296
4, 3001, 105035814, 105039678, 814, 4678
4, 3002, 105070814, 105077877, 814, 7877
4, 3003, 105105814, 105109678, 814, 4678
4, 3004, 105140814, 105145674, 814, 5674
4, 3005, 105175814, 105180170, 814, 5170
4, 3006, 105210814, 105215772, 814, 5772
4, 3007, 105245814, 105249846, 814, 4846
4, 3008, 105280814, 105289172, 814, 9172
4, 3009, 105315814, 105319678, 814, 4678
4, 301, 10535814, 10539678, 814, 4678
4, 3010, 105350814, 105356658, 814, 6658
4, 3011, 105385814, 105389678, 814, 4678
4, 3012, 105420814, 105425772, 814, 5772
4, 3013, 105455814, 105460057, 814, 5057
4, 3014, 105490814, 105495674, 814, 5674
4, 3015, 105525814, 105530547, 814, 5547
4, 3016, 105560814, 105567199, 814, 7199
4, 3017, 105595814, 105599678, 814, 4678
4, 3018, 105630814, 105635772, 814, 5772
4, 3019, 105665814, 105669678, 814, 4678
4, 302, 10570814, 10575674, 814, 5674
4, 3020, 105700814, 105706755, 814, 6755
4, 3021, 105735814, 105740222, 814, 5222
4, 3022, 105770814, 105775674, 814, 5674
4, 3023, 105805814, 105809846, 814, 4846
4, 3024, 105840814, 105849172, 814, 9172
4, 3025, 105875814, 105880170, 814, 5170
4, 3026, 105910814, 105915674, 814, 5674
4, 3027, 105945814, 105949678, 814, 4678
4, 3028, 105980814, 105985674, 814, 5674
4, 3029, 106015814, 106019678, 814, 4678
4, 303, 10605814, 10609861, 814, 4861
4, 3030, 106050814, 106056755, 814, 6755
4, 3031, 106085814, 106089856, 814, 4856
4, 3032, 106120814, 106129503, 814, 9503
4, 3033, 106155814, 106159678, 814, 4678
4, 3034, 106190814, 106195674, 814, 5674
4, 3035, 106225814, 106230170, 814, 5170
4, 3036, 106260814, 106265772, 814, 5772
4, 3037, 106295814, 106299678, 814, 4678
4, 3038, 106330814, 106335674, 814, 5674
4, 3039, 106365814, 106369861, 814, 4861
4, 304, 10640814, 10653002, 814, 13002
4, 3040, 106400814, 106413002, 814, 13002
4, 3041, 106435814, 106439678, 814, 4678
4, 3042, 106470814, 106475772, 814, 5772
4, 3043, 106505814, 106509678, 814, 4678
4, 3044, 106540814, 106545674, 814, 5674
4, 3045, 106575814, 106580222, 814, 5222
4, 3046, 106610814, 106615674, 814, 5674
4, 3047, 106645814, 106649856, 814, 4856
4, 3048, 106680814, 106687345, 814, 7345
4, 3049, 106715814, 106719678, 814, 4678
4, 305, 10675814, 10680170, 814, 5170
4, 3050, 106750814, 106756755, 814, 6755
4, 3051, 106785814, 106790072, 814, 5072
4, 3052, 106820814, 106825674, 814, 5674
4, 3053, 106855814, 106859678, 814, 4678
4, 3054, 106890814, 106895772, 814, 5772
4, 3055, 106925814, 106930464, 814, 5464
4, 3056, 106960814, 106969172, 814, 9172
4, 3057, 106995814, 106999678, 814, 4678
4, 3058, 107030814, 107035674, 814, 5674
4, 3059, 107065814, 107070202, 814, 5202
4, 306, 10710814, 10715772, 814, 5772
4, 3060, 107100814, 107106755, 814, 6755
4, 3061, 107135814, 107139678, 814, 4678
4, 3062, 107170814, 107175674, 814, 5674
4, 3063, 107205814, 107209929, 814, 4929
4, 3064, 107240814, 107247199, 814, 7199
4, 3065, 107275814, 107280170, 814, 5170
4, 3066, 107310814, 107315772, 814, 5772
4, 3067, 107345814, 107349678, 814, 4678
4, 3068, 107380814, 107385674, 814, 5674
4, 3069, 107415814, 107419678, 814, 4678
4, 307, 10745814, 10749678, 814, 4678
4, 3070, 107450814, 107457164, 814, 7164
4, 3071, 107485814, 107489846, 814, 4846
4, 3072, 107520814, 107529821, 814, 9821
4, 3073, 107555814, 107559678, 814, 4678
4, 3074, 107590814, 107595674, 814, 5674
4, 3075, 107625814, 107630222, 814, 5222
4, 3076, 107660814, 107665674, 814, 5674
4, 3077, 107695814, 107699678, 814, 4678
4, 3078, 107730814, 107737104, 814, 7104
4, 3079, 107765814, 107769856, 814, 4856
4, 308, 10780814, 10785674, 814, 5674
4, 3080, 107800814, 107808296, 814, 8296
4, 3081, 107835814, 107839678, 814, 4678
4, 3082, 107870814, 107875674, 814, 5674
4, 3083, 107905814, 107909678, 814, 4678
4, 3084, 107940814, 107945772, 814, 5772
4, 3085, 107975814, 107980170, 814, 5170
4, 3086, 108010814, 108015674, 814, 5674
4, 3087, 108045814, 108049861, 814, 4861
4, 3088, 108080814, 108089075, 814, 9075
4, 3089, 108115814, 108120057, 814, 5057
4, 309, 10815814, 10819678, 814, 4678
4, 3090, 108150814, 108156755, 814, 6755
4, 3091, 108185814, 108189678, 814, 4678
4, 3092, 108220814, 108225674, 814, 5674
4, 3093, 108255814, 108259678, 814, 4678
4, 3094, 108290814, 108295674, 814, 5674
4, 3095, 108325814, 108330474, 814, 5474
4, 3096, 108360814, 108367345, 814, 7345
4, 3097, 108395814, 108400202, 814, 5202
4, 3098, 108430814, 108435674, 814, 5674
4, 3099, 108465814, 108469678, 814, 4678
4, 31, 1085814, 1089846, 814, 4846
4, 310, 10850814, 10856658, 814, 6658
4, 3100, 108500814, 108506658, 814, 6658
4, 3101, 108535814, 108539678, 814, 4678
4, 3102, 108570814, 108575772, 814, 5772
4, 3103, 108605814, 108609846, 814, 4846
4, 3104, 108640814, 108649172, 814, 9172
4, 3105, 108675814, 108680222, 814, 5222
4, 3106, 108710814, 108715674, 814, 5674
4, 3107, 108745814, 108749678, 814, 4678
4, 3108, 108780814, 108786437, 814, 6437
4, 3109, 108815814, 108819678, 814, 4678
4, 311, 10885814, 10889856, 814, 4856
4, 3110, 108850814, 108856755, 814, 6755
4, 3111, 108885814, 108889929, 814, 4929
4, 3112, 108920814, 108928199, 814, 8199
4, 3113, 108955814, 108959678, 814, 4678
4, 3114, 108990814, 108995772, 814, 5772
4, 3115, 109025814, 109030170, 814, 5170
4, 3116, 109060814, 109067104, 814, 7104
4, 3117, 109095814, 109099678, 814, 4678
4, 3118, 109130814, 109135674, 814, 5674
4, 3119, 109165814, 109169846, 814, 4846
4, 312, 10920814, 10928296, 814, 8296
4, 3120, 109200814, 109209821, 814, 9821
4, 3121, 109235814, 109239678, 814, 4678
4, 3122, 109270814, 109275674, 814, 5674
4, 3123, 109305814, 109309678, 814, 4678
4, 3124, 109340814, 109345674, 814, 5674
4, 3125, 109375814, 109380170, 814, 5170
4, 3126, 109410814, 109415772, 814, 5772
4, 3127, 109445814, 109450276, 814, 5276
4, 3128, 109480814, 109487345, 814, 7345
4, 3129, 109515814, 109519678, 814, 4678
4, 313, 10955814, 10959678, 814, 4678
4, 3130, 109550814, 109556658, 814, 6658
4, 3131, 109585814, 109589678, 814, 4678
4, 3132, 109620814, 109625772, 814, 5772
4, 3133, 109655814, 109659678, 814, 4678
4, 3134, 109690814, 109695674, 814, 5674
4, 3135, 109725814, 109731347, 814, 6347
4, 3136, 109760814, 109769075, 814, 9075
4, 3137, 109795814, 109799678, 814, 4678
4, 3138, 109830814, 109835772, 814, 5772
4, 3139, 109865814, 109869678, 814, 4678
4, 314, 10990814, 10995674, 814, 5674
4, 3140, 109900814, 109906755, 814, 6755
4, 3141, 109935814, 109939678, 814, 4678
4, 3142, 109970814, 109975674, 814, 5674
4, 3143, 110005814, 110009856, 814, 4856
4, 3144, 110040814, 110047345, 814, 7345
4, 3145, 110075814, 110080170, 814, 5170
4, 3146, 110110814, 110116340, 814, 6340
4, 3147, 110145814, 110149678, 814, 4678
4, 3148, 110180814, 110185674, 814, 5674
4, 3149, 110215814, 110219678, 814, 4678
4, 315, 11025814, 11030748, 814, 5748
4, 3150, 110250814, 110256755, 814, 6755
4, 3151, 110285814, 110289846, 814, 4846
4, 3152, 110320814, 110329821, 814, 9821
4, 3153, 110355814, 110359678, 814, 4678
4, 3154, 110390814, 110397006, 814, 7006
4, 3155, 110425814, 110430170, 814, 5170
4, 3156, 110460814, 110465772, 814, 5772
4, 3157, 110495814, 110499678, 814, 4678
4, 3158, 110530814, 110535674, 814, 5674
4, 3159, 110565814, 110569929, 814, 4929
4, 316, 11060814, 11065674, 814, 5674
4, 3160, 110600814, 110608199, 814, 8199
4, 3161, 110635814, 110639678, 814, 4678
4, 3162, 110670814, 110675772, 814, 5772
4, 3163, 110705814, 110709678, 814, 4678
4, 3164, 110740814, 110745674, 814, 5674
4, 3165, 110775814, 110780748, 814, 5748
4, 3166, 110810814, 110815674, 814, 5674
4, 3167, 110845814, 110849846, 814, 4846
4, 3168, 110880814, 110889172, 814, 9172
4, 3169, 110915814, 110919678, 814, 4678
4, 317, 11095814, 11099678, 814, 4678
4, 3170, 110950814, 110956755, 814, 6755
4, 3171, 110985814, 110989678, 814, 4678
4, 3172, 111020814, 111025674, 814, 5674
4, 3173, 111055814, 111060202, 814, 5202
4, 3174, 111090814, 111095772, 814, 5772
4, 3175, 111125814, 111130474, 814, 5474
4, 3176, 111160814, 111167345, 814, 7345
4, 3177, 111195814, 111199678, 814, 4678
4, 3178, 111230814, 111235674, 814, 5674
4, 3179, 111265814, 111269678, 814, 4678
4, 318, 11130814, 11135772, 814, 5772
4, 3180, 111300814, 111306755, 814, 6755
4, 3181, 111335814, 111339678, 814, 4678
4, 3182, 111370814, 111375674, 814, 5674
4, 3183, 111405814, 111409861, 814, 4861
4, 3184, 111440814, 111450064, 814, 10064
4, 3185, 111475814, 111480170, 814, 5170
4, 3186, 111510814, 111515772, 814, 5772
4, 3187, 111545814, 111549678, 814, 4678
4, 3188, 111580814, 111585674, 814, 5674
4, 3189, 111615814, 111619678, 814, 4678
4, 319, 11165814, 11169846, 814, 4846
4, 3190, 111650814, 111656658, 814, 6658
4, 3191, 111685814, 111689856, 814, 4856
4, 3192, 111720814, 111730003, 814, 10003
4, 3193, 111755814, 111759678, 814, 4678
4, 3194, 111790814, 111795674, 814, 5674
4, 3195, 111825814, 111830222, 814, 5222
4, 3196, 111860814, 111865674, 814, 5674
4, 3197, 111895814, 111899678, 814, 4678
4, 3198, 111930814, 111935772, 814, 5772
4, 3199, 111965814, 111969846, 814, 4846
4, 32, 1120814, 1129821, 814, 9821
4, 320, 11200814, 11209821, 814, 9821
4, 3200, 112000814, 112009821, 814, 9821
4, 3201, 112035814, 112039678, 814, 4678
4, 3202, 112070814, 112075674, 814, 5674
4, 3203, 112105814, 112110057, 814, 5057
4, 3204, 112140814, 112145772, 814, 5772
4, 3205, 112175814, 112180170, 814, 5170
4, 3206, 112210814, 112215674, 814, 5674
4, 3207, 112245814, 112249929, 814, 4929
4, 3208, 112280814, 112287199, 814, 7199
4, 3209, 112315814, 112319678, 814, 4678
4, 321, 11235814, 11239678, 814, 4678
4, 3210, 112350814, 112356755, 814, 6755
4, 3211, 112385814, 112390202, 814, 5202
4, 3212, 112420814, 112425674, 814, 5674
4, 3213, 112455814, 112459678, 814, 4678
4, 3214, 112490814, 112495674, 814, 5674
4, 3215, 112525814, 112530464, 814, 5464
4, 3216, 112560814, 112569172, 814, 9172
4, 3217, 112595814, 112599678, 814, 4678
4, 3218, 112630814, 112635674, 814, 5674
4, 3219, 112665814, 112669678, 814, 4678
4, 322, 11270814, 11275674, 814, 5674
4, 3220, 112700814, 112706658, 814, 6658
4, 3221, 112735814, 112739678, 814, 4678
4, 3222, 112770814, 112777261, 814, 7261
4, 3223, 112805814, 112809856, 814, 4856
4, 3224, 112840814, 112847345, 814, 7345
4, 3225, 112875814, 112880222, 814, 5222
4, 3226, 112910814, 112915674, 814, 5674
4, 3227, 112945814, 112949678, 814, 4678
4, 3228, 112980814, 112985772, 814, 5772
4, 3229, 113015814, 113019678, 814, 4678
4, 323, 11305814, 11310202, 814, 5202
4, 3230, 113050814, 113057877, 814, 7877
4, 3231, 113085814, 113089861, 814, 4861
4, 3232, 113120814, 113129748, 814, 9748
4, 3233, 113155814, 113159678, 814, 4678
4, 3234, 113190814, 113195772, 814, 5772
4, 3235, 113225814, 113230170, 814, 5170
4, 3236, 113260814, 113265674, 814, 5674
4, 3237, 113295814, 113299678, 814, 4678
4, 3238, 113330814, 113335674, 814, 5674
4, 3239, 113365814, 113369856, 814, 4856
4, 324, 11340814, 11345772, 814, 5772
4, 3240, 113400814, 113408296, 814, 8296
4, 3241, 113435814, 113440057, 814, 5057
4, 3242, 113470814, 113475674, 814, 5674
4, 3243, 113505814, 113509678, 814, 4678
4, 3244, 113540814, 113545674, 814, 5674
4, 3245, 113575814, 113580170, 814, 5170
4, 3246, 113610814, 113615772, 814, 5772
4, 3247, 113645814, 113649846, 814, 4846
4, 3248, 113680814, 113689172, 814, 9172
4, 3249, 113715814, 113720222, 814, 5222
4, 325, 11375814, 11380170, 814, 5170
4, 3250, 113750814, 113756658, 814, 6658
4, 3251, 113785814, 113789678, 814, 4678
4, 3252, 113820814, 113825772, 814, 5772
4, 3253, 113855814, 113859678, 814, 4678
4, 3254, 113890814, 113895674, 814, 5674
4, 3255, 113925814, 113930547, 814, 5547
4, 3256, 113960814, 113967199, 814, 7199
4, 3257, 113995814, 113999678, 814, 4678
4, 3258, 114030814, 114035772, 814, 5772
4, 3259, 114065814, 114069678, 814, 4678
4, 326, 11410814, 11415674, 814, 5674
4, 3260, 114100814, 114107261, 814, 7261
4, 3261, 114135814, 114139678, 814, 4678
4, 3262, 114170814, 114175674, 814, 5674
4, 3263, 114205814, 114209846, 814, 4846
4, 3264, 114240814, 114249172, 814, 9172
4, 3265, 114275814, 114280170, 814, 5170
4, 3266, 114310814, 114315674, 814, 5674
4, 3267, 114345814, 114349678, 814, 4678
4, 3268, 114380814, 114387006, 814, 7006
4, 3269, 114415814, 114419678, 814, 4678
4, 327, 11445814, 11449929, 814, 4929
4, 3270, 114450814, 114456755, 814, 6755
4, 3271, 114485814, 114489856, 814, 4856
4, 3272, 114520814, 114528296, 814, 8296
4, 3273, 114555814, 114559678, 814, 4678
4, 3274, 114590814, 114595674, 814, 5674
4, 3275, 114625814, 114630170, 814, 5170
4, 3276, 114660814, 114665772, 814, 5772
4, 3277, 114695814, 114699678, 814, 4678
4, 3278, 114730814, 114735674, 814, 5674
4, 3279, 114765814, 114770298, 814, 5298
4, 328, 11480814, 11487199, 814, 7199
4, 3280, 114800814, 114809748, 814, 9748
4, 3281, 114835814, 114839678, 814, 4678
4, 3282, 114870814, 114875772, 814, 5772
4, 3283, 114905814, 114909678, 814, 4678
4, 3284, 114940814, 114945674, 814, 5674
4, 3285, 114975814, 114980222, 814, 5222
4, 3286, 115010814, 115015674, 814, 5674
4, 3287, 115045814, 115050481, 814, 5481
4, 3288, 115080814, 115087345, 814, 7345
4, 3289, 115115814, 115119678, 814, 4678
4, 329, 11515814, 11519678, 814, 4678
4, 3290, 115150814, 115156755, 814, 6755
4, 3291, 115185814, 115189678, 814, 4678
4, 3292, 115220814, 115225674, 814, 5674
4, 3293, 115255814, 115259678, 814, 4678
4, 3294, 115290814, 115295772, 814, 5772
4, 3295, 115325814, 115330464, 814, 5464
4, 3296, 115360814, 115369172, 814, 9172
4, 3297, 115395814, 115399678, 814, 4678
4, 3298, 115430814, 115436340, 814, 6340
4, 3299, 115465814, 115469678, 814, 4678
4, 33, 1155814, 1159678, 814, 4678
4, 330, 11550814, 11556755, 814, 6755
4, 3300, 115500814, 115506755, 814, 6755
4, 3301, 115535814, 115539678, 814, 4678
4, 3302, 115570814, 115575674, 814, 5674
4, 3303, 115605814, 115609929, 814, 4929
4, 3304, 115640814, 115647199, 814, 7199
4, 3305, 115675814, 115680170, 814, 5170
4, 3306, 115710814, 115717104, 814, 7104
4, 3307, 115745814, 115749678, 814, 4678
4, 3308, 115780814, 115785674, 814, 5674
4, 3309, 115815814, 115819678, 814, 4678
4, 331, 11585814, 11589678, 814, 4678
4, 3310, 115850814, 115856658, 814, 6658
4, 3311, 115885814, 115889846, 814, 4846
4, 3312, 115920814, 115929821, 814, 9821
4, 3313, 115955814, 115959678, 814, 4678
4, 3314, 115990814, 115995674, 814, 5674
4, 3315, 116025814, 116030222, 814, 5222
4, 3316, 116060814, 116065674, 814, 5674
4, 3317, 116095814, 116100057, 814, 5057
4, 3318, 116130814, 116135772, 814, 5772
4, 3319, 116165814, 116169856, 814, 4856
4, 332, 11620814, 11625674, 814, 5674
4, 3320, 116200814, 116208296, 814, 8296
4, 3321, 116235814, 116239678, 814, 4678
4, 3322, 116270814, 116275674, 814, 5674
4, 3323, 116305814, 116309678, 814, 4678
4, 3324, 116340814, 116345772, 814, 5772
4, 3325, 116375814, 116381025, 814, 6025
4, 3326, 116410814, 116415674, 814, 5674
4, 3327, 116445814, 116449861, 814, 4861
4, 3328, 116480814, 116489075, 814, 9075
4, 3329, 116515814, 116519678, 814, 4678
4, 333, 11655814, 11659678, 814, 4678
4, 3330, 116550814, 116556755, 814, 6755
4, 3331, 116585814, 116589678, 814, 4678
4, 3332, 116620814, 116625674, 814, 5674
4, 3333, 116655814, 116659678, 814, 4678
4, 3334, 116690814, 116695674, 814, 5674
4, 3335, 116725814, 116730474, 814, 5474
4, 3336, 116760814, 116768748, 814, 8748
4, 3337, 116795814, 116799678, 814, 4678
4, 3338, 116830814, 116835674, 814, 5674
4, 3339, 116865814, 116869678, 814, 4678
4, 334, 11690814, 11696340, 814, 6340
4, 3340, 116900814, 116906658, 814, 6658
4, 3341, 116935814, 116939678, 814, 4678
4, 3342, 116970814, 116975772, 814, 5772
4, 3343, 117005814, 117009846, 814, 4846
4, 3344, 117040814, 117052718, 814, 12718
4, 3345, 117075814, 117080222, 814, 5222
4, 3346, 117110814, 117115674, 814, 5674
4, 3347, 117145814, 117149678, 814, 4678
4, 3348, 117180814, 117185772, 814, 5772
4, 3349, 117215814, 117219678, 814, 4678
4, 335, 11725814, 11730464, 814, 5464
4, 3350, 117250814, 117256755, 814, 6755
4, 3351, 117285814, 117289929, 814, 4929
4, 3352, 117320814, 117328199, 814, 8199
4, 3353, 117355814, 117359678, 814, 4678
4, 3354, 117390814, 117395772, 814, 5772
4, 3355, 117425814, 117430675, 814, 5675
4, 3356, 117460814, 117465674, 814, 5674
4, 3357, 117495814, 117499678, 814, 4678
4, 3358, 117530814, 117535674, 814, 5674
4, 3359, 117565814, 117569846, 814, 4846
4, 336, 11760814, 11769172, 814, 9172
4, 3360, 117600814, 117609821, 814, 9821
4, 3361, 117635814, 117639678, 814, 4678
4, 3362, 117670814, 117675674, 814, 5674
4, 3363, 117705814, 117710222, 814, 5222
4, 3364, 117740814, 117745674, 814, 5674
4, 3365, 117775814, 117780170, 814, 5170
4, 3366, 117810814, 117815772, 814, 5772
4, 3367, 117845814, 117849856, 814, 4856
4, 3368, 117880814, 117887345, 814, 7345
4, 3369, 117915814, 117919678, 814, 4678
4, 337, 11795814, 11799678, 814, 4678
4, 3370, 117950814, 117956658, 814, 6658
4, 3371, 117985814, 117989678, 814, 4678
4, 3372, 118020814, 118025772, 814, 5772
4, 3373, 118055814, 118059678, 814, 4678
4, 3374, 118090814, 118096340, 814, 6340
4, 3375, 118125814, 118130537, 814, 5537
4, 3376, 118160814, 118169075, 814, 9075
4, 3377, 118195814, 118199678, 814, 4678
4, 3378, 118230814, 118235772, 814, 5772
4, 3379, 118265814, 118269678, 814, 4678
4, 338, 11830814, 11835674, 814, 5674
4, 3380, 118300814, 118306755, 814, 6755
4, 3381, 118335814, 118339678, 814, 4678
4, 3382, 118370814, 118377804, 814, 7804
4, 3383, 118405814, 118409856, 814, 4856
4, 3384, 118440814, 118447345, 814, 7345
4, 3385, 118475814, 118480170, 814, 5170
4, 3386, 118510814, 118515674, 814, 5674
4, 3387, 118545814, 118549678, 814, 4678
4, 3388, 118580814, 118585674, 814, 5674
4, 3389, 118615814, 118619678, 814, 4678
4, 339, 11865814, 11869678, 814, 4678
4, 3390, 118650814, 118656755, 814, 6755
4, 3391, 118685814, 118689846, 814, 4846
4, 3392, 118720814, 118729821, 814, 9821
4, 3393, 118755814, 118760072, 814, 5072
4, 3394, 118790814, 118795674, 814, 5674
4, 3395, 118825814, 118830170, 814, 5170
4, 3396, 118860814, 118865772, 814, 5772
4, 3397, 118895814, 118899678, 814, 4678
4, 3398, 118930814, 118935674, 814, 5674
4, 3399, 118965814, 118969929, 814, 4929
4, 34, 1190814, 1195674, 814, 5674
4, 340, 11900814, 11906658, 814, 6658
4, 3400, 119000814, 119008199, 814, 8199
4, 3401, 119035814, 119040202, 814, 5202
4, 3402, 119070814, 119075772, 814, 5772
4, 3403, 119105814, 119109678, 814, 4678
4, 3404, 119140814, 119145674, 814, 5674
4, 3405, 119175814, 119180222, 814, 5222
4, 3406, 119210814, 119215674, 814, 5674
4, 3407, 119245814, 119249846, 814, 4846
4, 3408, 119280814, 119289172, 814, 9172
4, 3409, 119315814, 119319678, 814, 4678
4, 341, 11935814, 11939678, 814, 4678
4, 3410, 119350814, 119356755, 814, 6755
4, 3411, 119385814, 119389678, 814, 4678
4, 3412, 119420814, 119426340, 814, 6340
4, 3413, 119455814, 119459678, 814, 4678
4, 3414, 119490814, 119495772, 814, 5772
4, 3415, 119525814, 119530474, 814, 5474
4, 3416, 119560814, 119567345, 814, 7345
4, 3417, 119595814, 119599678, 814, 4678
4, 3418, 119630814, 119635674, 814, 5674
4, 3419, 119665814, 119669678, 814, 4678
4, 342, 11970814, 11977877, 814, 7877
4, 3420, 119700814, 119707877, 814, 7877
4, 3421, 119735814, 119739678, 814, 4678
4, 3422, 119770814, 119775674, 814, 5674
4, 3423, 119805814, 119809765, 814, 4765
4, 3424, 119840814, 119849075, 814, 9075
4, 3425, 119875814, 119880170, 814, 5170
4, 3426, 119910814, 119915772, 814, 5772
4, 3427, 119945814, 119949678, 814, 4678
4, 3428, 119980814, 119985674, 814, 5674
4, 3429, 120015814, 120019678, 814, 4678
4, 343, 12005814, 12009856, 814, 4856
4, 3430, 120050814, 120056658, 814, 6658
4, 3431, 120085814, 120090276, 814, 5276
4, 3432, 120120814, 120128296, 814, 8296
4, 3433, 120155814, 120159678, 814, 4678
4, 3434, 120190814, 120195674, 814, 5674
4, 3435, 120225814, 120230222, 814, 5222
4, 3436, 120260814, 120265674, 814, 5674
4, 3437, 120295814, 120299678, 814, 4678
4, 3438, 120330814, 120335772, 814, 5772
4, 3439, 120365814, 120370426, 814, 5426
4, 344, 12040814, 12047345, 814, 7345
4, 3440, 120400814, 120409821, 814, 9821
4, 3441, 120435814, 120439678, 814, 4678
4, 3442, 120470814, 120475674, 814, 5674
4, 3443, 120505814, 120509678, 814, 4678
4, 3444, 120540814, 120545772, 814, 5772
4, 3445, 120575814, 120580170, 814, 5170
4, 3446, 120610814, 120615674, 814, 5674
4, 3447, 120645814, 120649929, 814, 4929
4, 3448, 120680814, 120687199, 814, 7199
4, 3449, 120715814, 120719678, 814, 4678
4, 345, 12075814, 12080222, 814, 5222
4, 3450, 120750814, 120757261, 814, 7261
4, 3451, 120785814, 120789678, 814, 4678
4, 3452, 120820814, 120825674, 814, 5674
4, 3453, 120855814, 120859678, 814, 4678
4, 3454, 120890814, 120895674, 814, 5674
4, 3455, 120925814, 120930464, 814, 5464
4, 3456, 120960814, 120969172, 814, 9172
4, 3457, 120995814, 120999678, 814, 4678
4, 3458, 121030814, 121037104, 814, 7104
4, 3459, 121065814, 121069678, 814, 4678
4, 346, 12110814, 12115674, 814, 5674
4, 3460, 121100814, 121106658, 814, 6658
4, 3461, 121135814, 121139678, 814, 4678
4, 3462, 121170814, 121175772, 814, 5772
4, 3463, 121205814, 121209856, 814, 4856
4, 3464, 121240814, 121247345, 814, 7345
4, 3465, 121275814, 121280222, 814, 5222
4, 3466, 121310814, 121315674, 814, 5674
4, 3467, 121345814, 121349678, 814, 4678
4, 3468, 121380814, 121385772, 814, 5772
4, 3469, 121415814, 121420057, 814, 5057
4, 347, 12145814, 12149678, 814, 4678
4, 3470, 121450814, 121456755, 814, 6755
4, 3471, 121485814, 121489861, 814, 4861
4, 3472, 121520814, 121529748, 814, 9748
4, 3473, 121555814, 121559678, 814, 4678
4, 3474, 121590814, 121595772, 814, 5772
4, 3475, 121625814, 121630170, 814, 5170
4, 3476, 121660814, 121665674, 814, 5674
4, 3477, 121695814, 121700222, 814, 5222
4, 3478, 121730814, 121735674, 814, 5674
4, 3479, 121765814, 121769856, 814, 4856
4, 348, 12180814, 12185772, 814, 5772
4, 3480, 121800814, 121808296, 814, 8296
4, 3481, 121835814, 121839678, 814, 4678
4, 3482, 121870814, 121875674, 814, 5674
4, 3483, 121905814, 121909678, 814, 4678
4, 3484, 121940814, 121945674, 814, 5674
4, 3485, 121975814, 121980170, 814, 5170
4, 3486, 122010814, 122015772, 814, 5772
4, 3487, 122045814, 122049846, 814, 4846
4, 3488, 122080814, 122090137, 814, 10137
4, 3489, 122115814, 122119678, 814, 4678
4, 349, 12215814, 12219678, 814, 4678
4, 3490, 122150814, 122156658, 814, 6658
4, 3491, 122185814, 122189678, 814, 4678
4, 3492, 122220814, 122225772, 814, 5772
4, 3493, 122255814, 122259678, 814, 4678
4, 3494, 122290814, 122295674, 814, 5674
4, 3495, 122325814, 122330547, 814, 5547
4, 3496, 122360814, 122369312, 814, 9312
4, 3497, 122395814, 122399678, 814, 4678
4, 3498, 122430814, 122435772, 814, 5772
4, 3499, 122465814, 122469678, 814, 4678
4, 35, 1225814, 1230170, 814, 5170
4, 350, 12250814, 12256755, 814, 6755
4, 3500, 122500814, 122506755, 814, 6755
4, 3501, 122535814, 122539678, 814, 4678
4, 3502, 122570814, 122575674, 814, 5674
4, 3503, 122605814, 122609846, 814, 4846
4, 3504, 122640814, 122649172, 814, 9172
4, 3505, 122675814, 122680170, 814, 5170
4, 3506, 122710814, 122715674, 814, 5674
4, 3507, 122745814, 122750072, 814, 5072
4, 3508, 122780814, 122785674, 814, 5674
4, 3509, 122815814, 122819678, 814, 4678
4, 351, 12285814, 12289861, 814, 4861
4, 3510, 122850814, 122856755, 814, 6755
4, 3511, 122885814, 122889856, 814, 4856
4, 3512, 122920814, 122928296, 814, 8296
4, 3513, 122955814, 122959678, 814, 4678
4, 3514, 122990814, 122995674, 814, 5674
4, 3515, 123025814, 123031025, 814, 6025
4, 3516, 123060814, 123065772, 814, 5772
4, 3517, 123095814, 123099678, 814, 4678
4, 3518, 123130814, 123135674, 814, 5674
4, 3519, 123165814, 123169861, 814, 4861
4, 352, 12320814, 12329748, 814, 9748
4, 3520, 123200814, 123209748, 814, 9748
4, 3521, 123235814, 123239678, 814, 4678
4, 3522, 123270814, 123275772, 814, 5772
4, 3523, 123305814, 123309678, 814, 4678
4, 3524, 123340814, 123345674, 814, 5674
4, 3525, 123375814, 123380222, 814, 5222
4, 3526, 123410814, 123416340, 814, 6340
4, 3527, 123445814, 123449856, 814, 4856
4, 3528, 123480814, 123487345, 814, 7345
4, 3529, 123515814, 123519678, 814, 4678
4, 353, 12355814, 12360057, 814, 5057
4, 3530, 123550814, 123556755, 814, 6755
4, 3531, 123585814, 123589678, 814, 4678
4, 3532, 123620814, 123625674, 814, 5674
4, 3533, 123655814, 123659678, 814, 4678
4, 3534, 123690814, 123697104, 814, 7104
4, 3535, 123725814, 123730464, 814, 5464
4, 3536, 123760814, 123769172, 814, 9172
4, 3537, 123795814, 123799678, 814, 4678
4, 3538, 123830814, 123835674, 814, 5674
4, 3539, 123865814, 123869678, 814, 4678
4, 354, 12390814, 12395772, 814, 5772
4, 3540, 123900814, 123906755, 814, 6755
4, 3541, 123935814, 123939678, 814, 4678
4, 3542, 123970814, 123975674, 814, 5674
4, 3543, 124005814, 124009929, 814, 4929
4, 3544, 124040814, 124047199, 814, 7199
4, 3545, 124075814, 124080675, 814, 5675
4, 3546, 124110814, 124115772, 814, 5772
4, 3547, 124145814, 124149678, 814, 4678
4, 3548, 124180814, 124185674, 814, 5674
4, 3549, 124215814, 124219678, 814, 4678
4, 355, 12425814, 12430170, 814, 5170
4, 3550, 124250814, 124256658, 814, 6658
4, 3551, 124285814, 124289846, 814, 4846
4, 3552, 124320814, 124329821, 814, 9821
4, 3553, 124355814, 124360202, 814, 5202
4, 3554, 124390814, 124395674, 814, 5674
4, 3555, 124425814, 124430222, 814, 5222
4, 3556, 124460814, 124465674, 814, 5674
4, 3557, 124495814, 124499678, 814, 4678
4, 3558, 124530814, 124535772, 814, 5772
4, 3559, 124565814, 124569856, 814, 4856
4, 356, 12460814, 12465674, 814, 5674
4, 3560, 124600814, 124608296, 814, 8296
4, 3561, 124635814, 124639678, 814, 4678
4, 3562, 124670814, 124675674, 814, 5674
4, 3563, 124705814, 124709678, 814, 4678
4, 3564, 124740814, 124746437, 814, 6437
4, 3565, 124775814, 124780170, 814, 5170
4, 3566, 124810814, 124815674, 814, 5674
4, 3567, 124845814, 124849861, 814, 4861
4, 3568, 124880814, 124889075, 814, 9075
4, 3569, 124915814, 124919678, 814, 4678
4, 357, 12495814, 12499678, 814, 4678
4, 3570, 124950814, 124956755, 814, 6755
4, 3571, 124985814, 124989678, 814, 4678
4, 3572, 125020814, 125027877, 814, 7877
4, 3573, 125055814, 125059678, 814, 4678
4, 3574, 125090814, 125095674, 814, 5674
4, 3575, 125125814, 125130474, 814, 5474
4, 3576, 125160814, 125167345, 814, 7345
4, 3577, 125195814, 125199678, 814, 4678
4, 3578, 125230814, 125235674, 814, 5674
4, 3579, 125265814, 125269678, 814, 4678
4, 358, 12530814, 12535674, 814, 5674
4, 3580, 125300814, 125306658, 814, 6658
4, 3581, 125335814, 125339678, 814, 4678
4, 3582, 125370814, 125375772, 814, 5772
4, 3583, 125405814, 125410225, 814, 5225
4, 3584, 125440814, 125449172, 814, 9172
4, 3585, 125475814, 125480222, 814, 5222
4, 3586, 125510814, 125515674, 814, 5674
4, 3587, 125545814, 125549678, 814, 4678
4, 3588, 125580814, 125585772, 814, 5772
4, 3589, 125615814, 125619678, 814, 4678
4, 359, 12565814, 12569856, 814, 4856
4, 3590, 125650814, 125656755, 814, 6755
4, 3591, 125685814, 125690578, 814, 5578
4, 3592, 125720814, 125728199, 814, 8199
4, 3593, 125755814, 125759678, 814, 4678
4, 3594, 125790814, 125795772, 814, 5772
4, 3595, 125825814, 125830170, 814, 5170
4, 3596, 125860814, 125865674, 814, 5674
4, 3597, 125895814, 125899678, 814, 4678
4, 3598, 125930814, 125935674, 814, 5674
4, 3599, 125965814, 125969846, 814, 4846
4, 36, 1260814, 1265772, 814, 5772
4, 360, 12600814, 12608296, 814, 8296
4, 3600, 126000814, 126009821, 814, 9821
4, 3601, 126035814, 126039678, 814, 4678
4, 3602, 126070814, 126076340, 814, 6340
4, 3603, 126105814, 126109678, 814, 4678
4, 3604, 126140814, 126145674, 814, 5674
4, 3605, 126175814, 126180170, 814, 5170
4, 3606, 126210814, 126215772, 814, 5772
4, 3607, 126245814, 126249856, 814, 4856
4, 3608, 126280814, 126287345, 814, 7345
4, 3609, 126315814, 126319678, 814, 4678
4, 361, 12635814, 12640202, 814, 5202
4, 3610, 126350814, 126357804, 814, 7804
4, 3611, 126385814, 126389678, 814, 4678
4, 3612, 126420814, 126425772, 814, 5772
4, 3613, 126455814, 126459678, 814, 4678
4, 3614, 126490814, 126495674, 814, 5674
4, 3615, 126525814, 126530537, 814, 5537
4, 3616, 126560814, 126569075, 814, 9075
4, 3617, 126595814, 126599678, 814, 4678
4, 3618, 126630814, 126635772, 814, 5772
4, 3619, 126665814, 126669678, 814, 4678
4, 362, 12670814, 12675674, 814, 5674
4, 3620, 126700814, 126706755, 814, 6755
4, 3621, 126735814, 126740072, 814, 5072
4, 3622, 126770814, 126775674, 814, 5674
4, 3623, 126805814, 126809856, 814, 4856
4, 3624, 126840814, 126847345, 814, 7345
4, 3625, 126875814, 126880170, 814, 5170
4, 3626, 126910814, 126915674, 814, 5674
4, 3627, 126945814, 126949678, 814, 4678
4, 3628, 126980814, 126985674, 814, 5674
4, 3629, 127015814, 127020202, 814, 5202
4, 363, 12705814, 12709678, 814, 4678
4, 3630, 127050814, 127056755, 814, 6755
4, 3631, 127085814, 127089846, 814, 4846
4, 3632, 127120814, 127129821, 814, 9821
4, 3633, 127155814, 127159678, 814, 4678
4, 3634, 127190814, 127195674, 814, 5674
4, 3635, 127225814, 127230170, 814, 5170
4, 3636, 127260814, 127265772, 814, 5772
4, 3637, 127295814, 127299678, 814, 4678
4, 3638, 127330814, 127335674, 814, 5674
4, 3639, 127365814, 127369929, 814, 4929
4, 364, 12740814, 12745674, 814, 5674
4, 3640, 127400814, 127409430, 814, 9430
4, 3641, 127435814, 127439678, 814, 4678
4, 3642, 127470814, 127475772, 814, 5772
4, 3643, 127505814, 127509678, 814, 4678
4, 3644, 127540814, 127545674, 814, 5674
4, 3645, 127575814, 127580222, 814, 5222
4, 3646, 127610814, 127615674, 814, 5674
4, 3647, 127645814, 127649846, 814, 4846
4, 3648, 127680814, 127692385, 814, 12385
4, 3649, 127715814, 127719678, 814, 4678
4, 365, 12775814, 12780170, 814, 5170
4, 3650, 127750814, 127756755, 814, 6755
4, 3651, 127785814, 127789678, 814, 4678
4, 3652, 127820814, 127825674, 814, 5674
4, 3653, 127855814, 127859678, 814, 4678
4, 3654, 127890814, 127895772, 814, 5772
4, 3655, 127925814, 127930474, 814, 5474
4, 3656, 127960814, 127967345, 814, 7345
4, 3657, 127995814, 127999678, 814, 4678
4, 3658, 128030814, 128035674, 814, 5674
4, 3659, 128065814, 128070057, 814, 5057
4, 366, 12810814, 12815772, 814, 5772
4, 3660, 128100814, 128106755, 814, 6755
4, 3661, 128135814, 128139678, 814, 4678
4, 3662, 128170814, 128175674, 814, 5674
4, 3663, 128205814, 128209861, 814, 4861
4, 3664, 128240814, 128249075, 814, 9075
4, 3665, 128275814, 128280170, 814, 5170
4, 3666, 128310814, 128315772, 814, 5772
4, 3667, 128345814, 128350202, 814, 5202
4, 3668, 128380814, 128385674, 814, 5674
4, 3669, 128415814, 128419678, 814, 4678
4, 367, 12845814, 12849846, 814, 4846
4, 3670, 128450814, 128456658, 814, 6658
4, 3671, 128485814, 128489856, 814, 4856
4, 3672, 128520814, 128528296, 814, 8296
4, 3673, 128555814, 128559678, 814, 4678
4, 3674, 128590814, 128595674, 814, 5674
4, 3675, 128625814, 128630222, 814, 5222
4, 3676, 128660814, 128665674, 814, 5674
4, 3677, 128695814, 128699678, 814, 4678
4, 3678, 128730814, 128736437, 814, 6437
4, 3679, 128765814, 128769846, 814, 4846
4, 368, 12880814, 12889172, 814, 9172
4, 3680, 128800814, 128809821, 814, 9821
4, 3681, 128835814, 128839678, 814, 4678
4, 3682, 128870814, 128875674, 814, 5674
4, 3683, 128905814, 128909678, 814, 4678
4, 3684, 128940814, 128945772, 814, 5772
4, 3685, 128975814, 128980170, 814, 5170
4, 3686, 129010814, 129017104, 814, 7104
4, 3687, 129045814, 129049929, 814, 4929
4, 3688, 129080814, 129087199, 814, 7199
4, 3689, 129115814, 129119678, 814, 4678
4, 369, 12915814, 12919678, 814, 4678
4, 3690, 129150814, 129156755, 814, 6755
4, 3691, 129185814, 129189678, 814, 4678
4, 3692, 129220814, 129225674, 814, 5674
4, 3693, 129255814, 129259678, 814, 4678
4, 3694, 129290814, 129295674, 814, 5674
4, 3695, 129325814, 129330464, 814, 5464
4, 3696, 129360814, 129369172, 814, 9172
4, 3697, 129395814, 129400057, 814, 5057
4, 3698, 129430814, 129435674, 814, 5674
4, 3699, 129465814, 129469678, 814, 4678
4, 37, 1295814, 1299678, 814, 4678
4, 370, 12950814, 12956658, 814, 6658
4, 3700, 129500814, 129506658, 814, 6658
4, 3701, 129535814, 129539678, 814, 4678
4, 3702, 129570814, 129575772, 814, 5772
4, 3703, 129605814, 129609856, 814, 4856
4, 3704, 129640814, 129647345, 814, 7345
4, 3705, 129675814, 129681123, 814, 6123
4, 3706, 129710814, 129715674, 814, 5674
4, 3707, 129745814, 129749678, 814, 4678
4, 3708, 129780814, 129785772, 814, 5772
4, 3709, 129815814, 129819678, 814, 4678
4, 371, 12985814, 12989678, 814, 4678
4, 3710, 129850814, 129856755, 814, 6755
4, 3711, 129885814, 129889861, 814, 4861
4, 3712, 129920814, 129929748, 814, 9748
4, 3713, 129955814, 129959678, 814, 4678
4, 3714, 129990814, 129995772, 814, 5772
4, 3715, 130025814, 130030170, 814, 5170
4, 3716, 130060814, 130066340, 814, 6340
4, 3717, 130095814, 130099678, 814, 4678
4, 3718, 130130814, 130135674, 814, 5674
4, 3719, 130165814, 130169856, 814, 4856
4, 372, 13020814, 13027261, 814, 7261
4, 3720, 130200814, 130208296, 814, 8296
4, 3721, 130235814, 130239678, 814, 4678
4, 3722, 130270814, 130275674, 814, 5674
4, 3723, 130305814, 130309678, 814, 4678
4, 3724, 130340814, 130347006, 814, 7006
4, 3725, 130375814, 130380170, 814, 5170
4, 3726, 130410814, 130415772, 814, 5772
4, 3727, 130445814, 130449846, 814, 4846
4, 3728, 130480814, 130489172, 814, 9172
4, 3729, 130515814, 130519678, 814, 4678
4, 373, 13055814, 13059678, 814, 4678
4, 3730, 130550814, 130556658, 814, 6658
4, 3731, 130585814, 130589678, 814, 4678
4, 3732, 130620814, 130625772, 814, 5772
4, 3733, 130655814, 130659678, 814, 4678
4, 3734, 130690814, 130695674, 814, 5674
4, 3735, 130725814, 130730967, 814, 5967
4, 3736, 130760814, 130767199, 814, 7199
4, 3737, 130795814, 130799678, 814, 4678
4, 3738, 130830814, 130835772, 814, 5772
4, 3739, 130865814, 130869678, 814, 4678
4, 374, 13090814, 13095674, 814, 5674
4, 3740, 130900814, 130906755, 814, 6755
4, 3741, 130935814, 130939678, 814, 4678
4, 3742, 130970814, 130975674, 814, 5674
4, 3743, 131005814, 131010426, 814, 5426
4, 3744, 131040814, 131049172, 814, 9172
4, 3745, 131075814, 131080170, 814, 5170
4, 3746, 131110814, 131115674, 814, 5674
4, 3747, 131145814, 131149678, 814, 4678
4, 3748, 131180814, 131185674, 814, 5674
4, 3749, 131215814, 131219678, 814, 4678
4, 375, 13125814, 13130547, 814, 5547
4, 3750, 131250814, 131256755, 814, 6755
4, 3751, 131285814, 131289856, 814, 4856
4, 3752, 131320814, 131328296, 814, 8296
4, 3753, 131355814, 131359678, 814, 4678
4, 3754, 131390814, 131396340, 814, 6340
4, 3755, 131425814, 131430170, 814, 5170
4, 3756, 131460814, 131465772, 814, 5772
4, 3757, 131495814, 131499678, 814, 4678
4, 3758, 131530814, 131535674, 814, 5674
4, 3759, 131565814, 131569861, 814, 4861
4, 376, 13160814, 13167199, 814, 7199
4, 3760, 131600814, 131609748, 814, 9748
4, 3761, 131635814, 131639678, 814, 4678
4, 3762, 131670814, 131677877, 814, 7877
4, 3763, 131705814, 131709678, 814, 4678
4, 3764, 131740814, 131745674, 814, 5674
4, 3765, 131775814, 131780222, 814, 5222
4, 3766, 131810814, 131815674, 814, 5674
4, 3767, 131845814, 131849856, 814, 4856
4, 3768, 131880814, 131887345, 814, 7345
4, 3769, 131915814, 131919678, 814, 4678
4, 377, 13195814, 13199678, 814, 4678
4, 3770, 131950814, 131956755, 814, 6755
4, 3771, 131985814, 131989678, 814, 4678
4, 3772, 132020814, 132025674, 814, 5674
4, 3773, 132055814, 132060057, 814, 5057
4, 3774, 132090814, 132095772, 814, 5772
4, 3775, 132125814, 132130464, 814, 5464
4, 3776, 132160814, 132169172, 814, 9172
4, 3777, 132195814, 132199678, 814, 4678
4, 3778, 132230814, 132235674, 814, 5674
4, 3779, 132265814, 132269678, 814, 4678
4, 378, 13230814, 13235772, 814, 5772
4, 3780, 132300814, 132306755, 814, 6755
4, 3781, 132335814, 132340202, 814, 5202
4, 3782, 132370814, 132375674, 814, 5674
4, 3783, 132405814, 132409929, 814, 4929
4, 3784, 132440814, 132447199, 814, 7199
4, 3785, 132475814, 132480170, 814, 5170
4, 3786, 132510814, 132515772, 814, 5772
4, 3787, 132545814, 132549678, 814, 4678
4, 3788, 132580814, 132585674, 814, 5674
4, 3789, 132615814, 132619678, 814, 4678
4, 379, 13265814, 13269678, 814, 4678
4, 3790, 132650814, 132656658, 814, 6658
4, 3791, 132685814, 132689846, 814, 4846
4, 3792, 132720814, 132730755, 814, 10755
4, 3793, 132755814, 132759678, 814, 4678
4, 3794, 132790814, 132795674, 814, 5674
4, 3795, 132825814, 132830222, 814, 5222
4, 3796, 132860814, 132865674, 814, 5674
4, 3797, 132895814, 132899678, 814, 4678
4, 3798, 132930814, 132935772, 814, 5772
4, 3799, 132965814, 132969856, 814, 4856
4, 38, 1330814, 1337104, 814, 7104
4, 380, 13300814, 13307877, 814, 7877
4, 3800, 133000814, 133012718, 814, 12718
4, 3801, 133035814, 133039678, 814, 4678
4, 3802, 133070814, 133075674, 814, 5674
4, 3803, 133105814, 133109678, 814, 4678
4, 3804, 133140814, 133145772, 814, 5772
4, 3805, 133175814, 133180170, 814, 5170
4, 3806, 133210814, 133215674, 814, 5674
4, 3807, 133245814, 133249861, 814, 4861
4, 3808, 133280814, 133289075, 814, 9075
4, 3809, 133315814, 133319678, 814, 4678
4, 381, 13335814, 13339678, 814, 4678
4, 3810, 133350814, 133356755, 814, 6755
4, 3811, 133385814, 133390057, 814, 5057
4, 3812, 133420814, 133425674, 814, 5674
4, 3813, 133455814, 133459678, 814, 4678
4, 3814, 133490814, 133495674, 814, 5674
4, 3815, 133525814, 133530474, 814, 5474
4, 3816, 133560814, 133567345, 814, 7345
4, 3817, 133595814, 133599678, 814, 4678
4, 3818, 133630814, 133635674, 814, 5674
4, 3819, 133665814, 133670222, 814, 5222
4, 382, 13370814, 13375674, 814, 5674
4, 3820, 133700814, 133706658, 814, 6658
4, 3821, 133735814, 133739678, 814, 4678
4, 3822, 133770814, 133775772, 814, 5772
4, 3823, 133805814, 133809846, 814, 4846
4, 3824, 133840814, 133849172, 814, 9172
4, 3825, 133875814, 133880222, 814, 5222
4, 3826, 133910814, 133915674, 814, 5674
4, 3827, 133945814, 133949678, 814, 4678
4, 3828, 133980814, 133985772, 814, 5772
4, 3829, 134015814, 134019678, 814, 4678
4, 383, 13405814, 13409972, 814, 4972
4, 3830, 134050814, 134057261, 814, 7261
4, 3831, 134085814, 134089929, 814, 4929
4, 3832, 134120814, 134128199, 814, 8199
4, 3833, 134155814, 134159678, 814, 4678
4, 3834, 134190814, 134195772, 814, 5772
4, 3835, 134225814, 134230170, 814, 5170
4, 3836, 134260814, 134265674, 814, 5674
4, 3837, 134295814, 134299678, 814, 4678
4, 3838, 134330814, 134337006, 814, 7006
4, 3839, 134365814, 134369846, 814, 4846
4, 384, 13440814, 13449172, 814, 9172
4, 3840, 134400814, 134409821, 814, 9821
4, 3841, 134435814, 134439678, 814, 4678
4, 3842, 134470814, 134475674, 814, 5674
4, 3843, 134505814, 134509678, 814, 4678
4, 3844, 134540814, 134545674, 814, 5674
4, 3845, 134575814, 134580170, 814, 5170
4, 3846, 134610814, 134615772, 814, 5772
4, 3847, 134645814, 134649856, 814, 4856
4, 3848, 134680814, 134687345, 814, 7345
4, 3849, 134715814, 134720072, 814, 5072
4, 385, 13475814, 13480170, 814, 5170
4, 3850, 134750814, 134756658, 814, 6658
4, 3851, 134785814, 134789678, 814, 4678
4, 3852, 134820814, 134825772, 814, 5772
4, 3853, 134855814, 134859678, 814, 4678
4, 3854, 134890814, 134895674, 814, 5674
4, 3855, 134925814, 134930537, 814, 5537
4, 3856, 134960814, 134969075, 814, 9075
4, 3857, 134995814, 135000202, 814, 5202
4, 3858, 135030814, 135035772, 814, 5772
4, 3859, 135065814, 135069678, 814, 4678
4, 386, 13510814, 13515674, 814, 5674
4, 3860, 135100814, 135106755, 814, 6755
4, 3861, 135135814, 135139678, 814, 4678
4, 3862, 135170814, 135175674, 814, 5674
4, 3863, 135205814, 135209856, 814, 4856
4, 3864, 135240814, 135247345, 814, 7345
4, 3865, 135275814, 135280170, 814, 5170
4, 3866, 135310814, 135315674, 814, 5674
4, 3867, 135345814, 135349678, 814, 4678
4, 3868, 135380814, 135386340, 814, 6340
4, 3869, 135415814, 135419678, 814, 4678
4, 387, 13545814, 13549678, 814, 4678
4, 3870, 135450814, 135456755, 814, 6755
4, 3871, 135485814, 135489846, 814, 4846
4, 3872, 135520814, 135529821, 814, 9821
4, 3873, 135555814, 135559678, 814, 4678
4, 3874, 135590814, 135595674, 814, 5674
4, 3875, 135625814, 135630170, 814, 5170
4, 3876, 135660814, 135667104, 814, 7104
4, 3877, 135695814, 135699678, 814, 4678
4, 3878, 135730814, 135735674, 814, 5674
4, 3879, 135765814, 135769929, 814, 4929
4, 388, 13580814, 13585674, 814, 5674
4, 3880, 135800814, 135808199, 814, 8199
4, 3881, 135835814, 135839678, 814, 4678
4, 3882, 135870814, 135875772, 814, 5772
4, 3883, 135905814, 135909678, 814, 4678
4, 3884, 135940814, 135945674, 814, 5674
4, 3885, 135975814, 135980222, 814, 5222
4, 3886, 136010814, 136015674, 814, 5674
4, 3887, 136045814, 136050225, 814, 5225
4, 3888, 136080814, 136089172, 814, 9172
4, 3889, 136115814, 136119678, 814, 4678
4, 389, 13615814, 13619678, 814, 4678
4, 3890, 136150814, 136156755, 814, 6755
4, 3891, 136185814, 136189678, 814, 4678
4, 3892, 136220814, 136225674, 814, 5674
4, 3893, 136255814, 136259678, 814, 4678
4, 3894, 136290814, 136295772, 814, 5772
4, 3895, 136325814, 136331304, 814, 6304
4, 3896, 136360814, 136367345, 814, 7345
4, 3897, 136395814, 136399678, 814, 4678
4, 3898, 136430814, 136435674, 814, 5674
4, 3899, 136465814, 136469678, 814, 4678
4, 39, 1365814, 1369929, 814, 4929
4, 390, 13650814, 13656755, 814, 6755
4, 3900, 136500814, 136506755, 814, 6755
4, 3901, 136535814, 136539678, 814, 4678
4, 3902, 136570814, 136575674, 814, 5674
4, 3903, 136605814, 136609861, 814, 4861
4, 3904, 136640814, 136649075, 814, 9075
4, 3905, 136675814, 136680170, 814, 5170
4, 3906, 136710814, 136716437, 814, 6437
4, 3907, 136745814, 136749678, 814, 4678
4, 3908, 136780814, 136785674, 814, 5674
4, 3909, 136815814, 136819678, 814, 4678
4, 391, 13685814, 13690276, 814, 5276
4, 3910, 136850814, 136856658, 814, 6658
4, 3911, 136885814, 136889856, 814, 4856
4, 3912, 136920814, 136928296, 814, 8296
4, 3913, 136955814, 136959678, 814, 4678
4, 3914, 136990814, 136997104, 814, 7104
4, 3915, 137025814, 137030222, 814, 5222
4, 3916, 137060814, 137065674, 814, 5674
4, 3917, 137095814, 137099678, 814, 4678
4, 3918, 137130814, 137135772, 814, 5772
4, 3919, 137165814, 137169846, 814, 4846
4, 392, 13720814, 13728296, 814, 8296
4, 3920, 137200814, 137209821, 814, 9821
4, 3921, 137235814, 137239678, 814, 4678
4, 3922, 137270814, 137275674, 814, 5674
4, 3923, 137305814, 137309678, 814, 4678
4, 3924, 137340814, 137345772, 814, 5772
4, 3925, 137375814, 137380675, 814, 5675
4, 3926, 137410814, 137415674, 814, 5674
4, 3927, 137445814, 137449929, 814, 4929
4, 3928, 137480814, 137487199, 814, 7199
4, 3929, 137515814, 137519678, 814, 4678
4, 393, 13755814, 13759678, 814, 4678
4, 3930, 137550814, 137556755, 814, 6755
4, 3931, 137585814, 137589678, 814, 4678
4, 3932, 137620814, 137625674, 814, 5674
4, 3933, 137655814, 137660222, 814, 5222
4, 3934, 137690814, 137695674, 814, 5674
4, 3935, 137725814, 137730464, 814, 5464
4, 3936, 137760814, 137769172, 814, 9172
4, 3937, 137795814, 137799678, 814, 4678
4, 3938, 137830814, 137835674, 814, 5674
4, 3939, 137865814, 137869678, 814, 4678
4, 394, 13790814, 13795674, 814, 5674
4, 3940, 137900814, 137906658, 814, 6658
4, 3941, 137935814, 137939678, 814, 4678
4, 3942, 137970814, 137975772, 814, 5772
4, 3943, 138005814, 138009856, 814, 4856
4, 3944, 138040814, 138048748, 814, 8748
4, 3945, 138075814, 138080222, 814, 5222
4, 3946, 138110814, 138115674, 814, 5674
4, 3947, 138145814, 138149678, 814, 4678
4, 3948, 138180814, 138185772, 814, 5772
4, 3949, 138215814, 138219678, 814, 4678
4, 395, 13825814, 13830170, 814, 5170
4, 3950, 138250814, 138256755, 814, 6755
4, 3951, 138285814, 138289861, 814, 4861
4, 3952, 138320814, 138333002, 814, 13002
4, 3953, 138355814, 138359678, 814, 4678
4, 3954, 138390814, 138395772, 814, 5772
4, 3955, 138425814, 138430170, 814, 5170
4, 3956, 138460814, 138465674, 814, 5674
4, 3957, 138495814, 138499678, 814, 4678
4, 3958, 138530814, 138535674, 814, 5674
4, 3959, 138565814, 138569856, 814, 4856
4, 396, 13860814, 13865772, 814, 5772
4, 3960, 138600814, 138608296, 814, 8296
4, 3961, 138635814, 138639678, 814, 4678
4, 3962, 138670814, 138675674, 814, 5674
4, 3963, 138705814, 138710072, 814, 5072
4, 3964, 138740814, 138745674, 814, 5674
4, 3965, 138775814, 138780170, 814, 5170
4, 3966, 138810814, 138815772, 814, 5772
4, 3967, 138845814, 138849846, 814, 4846
4, 3968, 138880814, 138889172, 814, 9172
4, 3969, 138915814, 138919678, 814, 4678
4, 397, 13895814, 13899678, 814, 4678
4, 3970, 138950814, 138956658, 814, 6658
4, 3971, 138985814, 138990202, 814, 5202
4, 3972, 139020814, 139025772, 814, 5772
4, 3973, 139055814, 139059678, 814, 4678
4, 3974, 139090814, 139095674, 814, 5674
4, 3975, 139125814, 139130547, 814, 5547
4, 3976, 139160814, 139167199, 814, 7199
4, 3977, 139195814, 139199678, 814, 4678
4, 3978, 139230814, 139235772, 814, 5772
4, 3979, 139265814, 139269678, 814, 4678
4, 398, 13930814, 13935674, 814, 5674
4, 3980, 139300814, 139306755, 814, 6755
4, 3981, 139335814, 139339678, 814, 4678
4, 3982, 139370814, 139376340, 814, 6340
4, 3983, 139405814, 139409846, 814, 4846
4, 3984, 139440814, 139449172, 814, 9172
4, 3985, 139475814, 139480170, 814, 5170
4, 3986, 139510814, 139515674, 814, 5674
4, 3987, 139545814, 139549678, 814, 4678
4, 3988, 139580814, 139585674, 814, 5674
4, 3989, 139615814, 139619678, 814, 4678
4, 399, 13965814, 13970523, 814, 5523
4, 3990, 139650814, 139657877, 814, 7877
4, 3991, 139685814, 139689856, 814, 4856
4, 3992, 139720814, 139728296, 814, 8296
4, 3993, 139755814, 139759678, 814, 4678
4, 3994, 139790814, 139795674, 814, 5674
4, 3995, 139825814, 139830170, 814, 5170
4, 3996, 139860814, 139865772, 814, 5772
4, 3997, 139895814, 139899678, 814, 4678
4, 3998, 139930814, 139935674, 814, 5674
4, 3999, 139965814, 139969861, 814, 4861
4, 4, 140814, 145674, 814, 5674
4, 40, 1400814, 1408199, 814, 8199
4, 400, 14000814, 14009748, 814, 9748
4, 4000, 140000814, 140009748, 814, 9748
4, 4001, 140035814, 140040057, 814, 5057
4, 4002, 140070814, 140075772, 814, 5772
4, 4003, 140105814, 140109678, 814, 4678
4, 4004, 140140814, 140145674, 814, 5674
4, 4005, 140175814, 140180222, 814, 5222
4, 4006, 140210814, 140215674, 814, 5674
4, 4007, 140245814, 140249856, 814, 4856
4, 4008, 140280814, 140287345, 814, 7345
4, 4009, 140315814, 140320202, 814, 5202
4, 401, 14035814, 14039678, 814, 4678
4, 4010, 140350814, 140356755, 814, 6755
4, 4011, 140385814, 140389678, 814, 4678
4, 4012, 140420814, 140425674, 814, 5674
4, 4013, 140455814, 140459678, 814, 4678
4, 4014, 140490814, 140495772, 814, 5772
4, 4015, 140525814, 140530464, 814, 5464
4, 4016, 140560814, 140569172, 814, 9172
4, 4017, 140595814, 140599678, 814, 4678
4, 4018, 140630814, 140635674, 814, 5674
4, 4019, 140665814, 140669678, 814, 4678
4, 402, 14070814, 14075772, 814, 5772
4, 4020, 140700814, 140707261, 814, 7261
4, 4021, 140735814, 140739678, 814, 4678
4, 4022, 140770814, 140775674, 814, 5674
4, 4023, 140805814, 140809929, 814, 4929
4, 4024, 140840814, 140847199, 814, 7199
4, 4025, 140875814, 140880170, 814, 5170
4, 4026, 140910814, 140915772, 814, 5772
4, 4027, 140945814, 140949678, 814, 4678
4, 4028, 140980814, 140987104, 814, 7104
4, 4029, 141015814, 141019678, 814, 4678
4, 403, 14105814, 14109678, 814, 4678
4, 4030, 141050814, 141056658, 814, 6658
4, 4031, 141085814, 141089846, 814, 4846
4, 4032, 141120814, 141129821, 814, 9821
4, 4033, 141155814, 141159678, 814, 4678
4, 4034, 141190814, 141195674, 814, 5674
4, 4035, 141225814, 141230222, 814, 5222
4, 4036, 141260814, 141265674, 814, 5674
4, 4037, 141295814, 141299678, 814, 4678
4, 4038, 141330814, 141335772, 814, 5772
4, 4039, 141365814, 141370276, 814, 5276
4, 404, 14140814, 14145674, 814, 5674
4, 4040, 141400814, 141408296, 814, 8296
4, 4041, 141435814, 141439678, 814, 4678
4, 4042, 141470814, 141475674, 814, 5674
4, 4043, 141505814, 141509678, 814, 4678
4, 4044, 141540814, 141545772, 814, 5772
4, 4045, 141575814, 141580170, 814, 5170
4, 4046, 141610814, 141615674, 814, 5674
4, 4047, 141645814, 141650523, 814, 5523
4, 4048, 141680814, 141689075, 814, 9075
4, 4049, 141715814, 141719678, 814, 4678
4, 405, 14175814, 14180222, 814, 5222
4, 4050, 141750814, 141756755, 814, 6755
4, 4051, 141785814, 141789678, 814, 4678
4, 4052, 141820814, 141825674, 814, 5674
4, 4053, 141855814, 141859678, 814, 4678
4, 4054, 141890814, 141895674, 814, 5674
4, 4055, 141925814, 141930474, 814, 5474
4, 4056, 141960814, 141967345, 814, 7345
4, 4057, 141995814, 141999678, 814, 4678
4, 4058, 142030814, 142036340, 814, 6340
4, 4059, 142065814, 142069678, 814, 4678
4, 406, 14210814, 14215674, 814, 5674
4, 4060, 142100814, 142106658, 814, 6658
4, 4061, 142135814, 142139678, 814, 4678
4, 4062, 142170814, 142175772, 814, 5772
4, 4063, 142205814, 142209846, 814, 4846
4, 4064, 142240814, 142249172, 814, 9172
4, 4065, 142275814, 142280222, 814, 5222
4, 4066, 142310814, 142317006, 814, 7006
4, 4067, 142345814, 142349678, 814, 4678
4, 4068, 142380814, 142385772, 814, 5772
4, 4069, 142415814, 142419678, 814, 4678
4, 407, 14245814, 14249856, 814, 4856
4, 4070, 142450814, 142456755, 814, 6755
4, 4071, 142485814, 142489929, 814, 4929
4, 4072, 142520814, 142528199, 814, 8199
4, 4073, 142555814, 142559678, 814, 4678
4, 4074, 142590814, 142595772, 814, 5772
4, 4075, 142625814, 142630170, 814, 5170
4, 4076, 142660814, 142665674, 814, 5674
4, 4077, 142695814, 142700072, 814, 5072
4, 4078, 142730814, 142735674, 814, 5674
4, 4079, 142765814, 142769846, 814, 4846
4, 408, 14280814, 14287345, 814, 7345
4, 4080, 142800814, 142809821, 814, 9821
4, 4081, 142835814, 142839678, 814, 4678
4, 4082, 142870814, 142875674, 814, 5674
4, 4083, 142905814, 142909678, 814, 4678
4, 4084, 142940814, 142945674, 814, 5674
4, 4085, 142975814, 142981025, 814, 6025
4, 4086, 143010814, 143015772, 814, 5772
4, 4087, 143045814, 143049856, 814, 4856
4, 4088, 143080814, 143087345, 814, 7345
4, 4089, 143115814, 143119678, 814, 4678
4, 409, 14315814, 14319678, 814, 4678
4, 4090, 143150814, 143156658, 814, 6658
4, 4091, 143185814, 143189678, 814, 4678
4, 4092, 143220814, 143225772, 814, 5772
4, 4093, 143255814, 143259678, 814, 4678
4, 4094, 143290814, 143295674, 814, 5674
4, 4095, 143325814, 143330537, 814, 5537
4, 4096, 143360814, 143370064, 814, 10064
4, 4097, 143395814, 143399678, 814, 4678
4, 4098, 143430814, 143435772, 814, 5772
4, 4099, 143465814, 143469678, 814, 4678
4, 41, 1435814, 1439678, 814, 4678
4, 410, 14350814, 14357261, 814, 7261
4, 4100, 143500814, 143506755, 814, 6755
4, 4101, 143535814, 143539678, 814, 4678
4, 4102, 143570814, 143575674, 814, 5674
4, 4103, 143605814, 143609856, 814, 4856
4, 4104, 143640814, 143649385, 814, 9385
4, 4105, 143675814, 143680170, 814, 5170
4, 4106, 143710814, 143715674, 814, 5674
4, 4107, 143745814, 143749678, 814, 4678
4, 4108, 143780814, 143785674, 814, 5674
4, 4109, 143815814, 143819678, 814, 4678
4, 411, 14385814, 14389678, 814, 4678
4, 4110, 143850814, 143856755, 814, 6755
4, 4111, 143885814, 143889846, 814, 4846
4, 4112, 143920814, 143929821, 814, 9821
4, 4113, 143955814, 143959678, 814, 4678
4, 4114, 143990814, 143995674, 814, 5674
4, 4115, 144025814, 144030675, 814, 5675
4, 4116, 144060814, 144065772, 814, 5772
4, 4117, 144095814, 144099678, 814, 4678
4, 4118, 144130814, 144135674, 814, 5674
4, 4119, 144165814, 144169929, 814, 4929
4, 412, 14420814, 14425674, 814, 5674
4, 4120, 144200814, 144208199, 814, 8199
4, 4121, 144235814, 144239678, 814, 4678
4, 4122, 144270814, 144275772, 814, 5772
4, 4123, 144305814, 144310202, 814, 5202
4, 4124, 144340814, 144345674, 814, 5674
4, 4125, 144375814, 144380222, 814, 5222
4, 4126, 144410814, 144415674, 814, 5674
4, 4127, 144445814, 144449846, 814, 4846
4, 4128, 144480814, 144489172, 814, 9172
4, 4129, 144515814, 144519678, 814, 4678
4, 413, 14455814, 14459678, 814, 4678
4, 4130, 144550814, 144556755, 814, 6755
4, 4131, 144585814, 144589678, 814, 4678
4, 4132, 144620814, 144625674, 814, 5674
4, 4133, 144655814, 144659678, 814, 4678
4, 4134, 144690814, 144696437, 814, 6437
4, 4135, 144725814, 144730474, 814, 5474
4, 4136, 144760814, 144767345, 814, 7345
4, 4137, 144795814, 144799678, 814, 4678
4, 4138, 144830814, 144835674, 814, 5674
4, 4139, 144865814, 144869678, 814, 4678
4, 414, 14490814, 14495772, 814, 5772
4, 4140, 144900814, 144906755, 814, 6755
4, 4141, 144935814, 144939678, 814, 4678
4, 4142, 144970814, 144977877, 814, 7877
4, 4143, 145005814, 145009861, 814, 4861
4, 4144, 145040814, 145049075, 814, 9075
4, 4145, 145075814, 145080170, 814, 5170
4, 4146, 145110814, 145115772, 814, 5772
4, 4147, 145145814, 145149678, 814, 4678
4, 4148, 145180814, 145185674, 814, 5674
4, 4149, 145215814, 145219678, 814, 4678
4, 415, 14525814, 14530464, 814, 5464
4, 4150, 145250814, 145256658, 814, 6658
4, 4151, 145285814, 145289856, 814, 4856
4, 4152, 145320814, 145328296, 814, 8296
4, 4153, 145355814, 145360057, 814, 5057
4, 4154, 145390814, 145395674, 814, 5674
4, 4155, 145425814, 145430222, 814, 5222
4, 4156, 145460814, 145465674, 814, 5674
4, 4157, 145495814, 145499678, 814, 4678
4, 4158, 145530814, 145535772, 814, 5772
4, 4159, 145565814, 145569846, 814, 4846
4, 416, 14560814, 14569172, 814, 9172
4, 4160, 145600814, 145609821, 814, 9821
4, 4161, 145635814, 145640222, 814, 5222
4, 4162, 145670814, 145675674, 814, 5674
4, 4163, 145705814, 145709678, 814, 4678
4, 4164, 145740814, 145745772, 814, 5772
4, 4165, 145775814, 145780170, 814, 5170
4, 4166, 145810814, 145815674, 814, 5674
4, 4167, 145845814, 145849929, 814, 4929
4, 4168, 145880814, 145887199, 814, 7199
4, 4169, 145915814, 145919678, 814, 4678
4, 417, 14595814, 14599678, 814, 4678
4, 4170, 145950814, 145956755, 814, 6755
4, 4171, 145985814, 145989678, 814, 4678
4, 4172, 146020814, 146026340, 814, 6340
4, 4173, 146055814, 146059678, 814, 4678
4, 4174, 146090814, 146095674, 814, 5674
4, 4175, 146125814, 146130464, 814, 5464
4, 4176, 146160814, 146169172, 814, 9172
4, 4177, 146195814, 146199678, 814, 4678
4, 4178, 146230814, 146235674, 814, 5674
4, 4179, 146265814, 146269678, 814, 4678
4, 418, 14630814, 14637006, 814, 7006
4, 4180, 146300814, 146307804, 814, 7804
4, 4181, 146335814, 146339678, 814, 4678
4, 4182, 146370814, 146375772, 814, 5772
4, 4183, 146405814, 146409856, 814, 4856
4, 4184, 146440814, 146447345, 814, 7345
4, 4185, 146475814, 146480222, 814, 5222
4, 4186, 146510814, 146515674, 814, 5674
4, 4187, 146545814, 146549678, 814, 4678
4, 4188, 146580814, 146585772, 814, 5772
4, 4189, 146615814, 146619678, 814, 4678
4, 419, 14665814, 14669678, 814, 4678
4, 4190, 146650814, 146656755, 814, 6755
4, 4191, 146685814, 146690298, 814, 5298
4, 4192, 146720814, 146729748, 814, 9748
4, 4193, 146755814, 146759678, 814, 4678
4, 4194, 146790814, 146795772, 814, 5772
4, 4195, 146825814, 146830170, 814, 5170
4, 4196, 146860814, 146865674, 814, 5674
4, 4197, 146895814, 146899678, 814, 4678
4, 4198, 146930814, 146935674, 814, 5674
4, 4199, 146965814, 146970481, 814, 5481
4, 42, 1470814, 1475772, 814, 5772
4, 420, 14700814, 14706755, 814, 6755
4, 4200, 147000814, 147008296, 814, 8296
4, 4201, 147035814, 147039678, 814, 4678
4, 4202, 147070814, 147075674, 814, 5674
4, 4203, 147105814, 147109678, 814, 4678
4, 4204, 147140814, 147145674, 814, 5674
4, 4205, 147175814, 147180170, 814, 5170
4, 4206, 147210814, 147215772, 814, 5772
4, 4207, 147245814, 147249846, 814, 4846
4, 4208, 147280814, 147289172, 814, 9172
4, 4209, 147315814, 147319678, 814, 4678
4, 421, 14735814, 14739678, 814, 4678
4, 4210, 147350814, 147357164, 814, 7164
4, 4211, 147385814, 147389678, 814, 4678
4, 4212, 147420814, 147425772, 814, 5772
4, 4213, 147455814, 147459678, 814, 4678
4, 4214, 147490814, 147495674, 814, 5674
4, 4215, 147525814, 147530547, 814, 5547
4, 4216, 147560814, 147567199, 814, 7199
4, 4217, 147595814, 147599678, 814, 4678
4, 4218, 147630814, 147637104, 814, 7104
4, 4219, 147665814, 147669678, 814, 4678
4, 422, 14770814, 14775674, 814, 5674
4, 4220, 147700814, 147706755, 814, 6755
4, 4221, 147735814, 147739678, 814, 4678
4, 4222, 147770814, 147775674, 814, 5674
4, 4223, 147805814, 147809846, 814, 4846
4, 4224, 147840814, 147849172, 814, 9172
4, 4225, 147875814, 147880170, 814, 5170
4, 4226, 147910814, 147915674, 814, 5674
4, 4227, 147945814, 147949678, 814, 4678
4, 4228, 147980814, 147985674, 814, 5674
4, 4229, 148015814, 148020057, 814, 5057
4, 423, 14805814, 14809929, 814, 4929
4, 4230, 148050814, 148056755, 814, 6755
4, 4231, 148085814, 148089856, 814, 4856
4, 4232, 148120814, 148128296, 814, 8296
4, 4233, 148155814, 148159678, 814, 4678
4, 4234, 148190814, 148195674, 814, 5674
4, 4235, 148225814, 148230170, 814, 5170
4, 4236, 148260814, 148265772, 814, 5772
4, 4237, 148295814, 148300202, 814, 5202
4, 4238, 148330814, 148335674, 814, 5674
4, 4239, 148365814, 148369861, 814, 4861
4, 424, 14840814, 14847199, 814, 7199
4, 4240, 148400814, 148409748, 814, 9748
4, 4241, 148435814, 148439678, 814, 4678
4, 4242, 148470814, 148475772, 814, 5772
4, 4243, 148505814, 148509678, 814, 4678
4, 4244, 148540814, 148545674, 814, 5674
4, 4245, 148575814, 148580222, 814, 5222
4, 4246, 148610814, 148615674, 814, 5674
4, 4247, 148645814, 148649856, 814, 4856
4, 4248, 148680814, 148688748, 814, 8748
4, 4249, 148715814, 148719678, 814, 4678
4, 425, 14875814, 14880170, 814, 5170
4, 4250, 148750814, 148756755, 814, 6755
4, 4251, 148785814, 148789678, 814, 4678
4, 4252, 148820814, 148825674, 814, 5674
4, 4253, 148855814, 148859678, 814, 4678
4, 4254, 148890814, 148895772, 814, 5772
4, 4255, 148925814, 148930464, 814, 5464
4, 4256, 148960814, 148972100, 814, 12100
4, 4257, 148995814, 148999678, 814, 4678
4, 4258, 149030814, 149035674, 814, 5674
4, 4259, 149065814, 149069678, 814, 4678
4, 426, 14910814, 14915772, 814, 5772
4, 4260, 149100814, 149106755, 814, 6755
4, 4261, 149135814, 149139678, 814, 4678
4, 4262, 149170814, 149175674, 814, 5674
4, 4263, 149205814, 149209929, 814, 4929
4, 4264, 149240814, 149247199, 814, 7199
4, 4265, 149275814, 149280170, 814, 5170
4, 4266, 149310814, 149315772, 814, 5772
4, 4267, 149345814, 149350057, 814, 5057
4, 4268, 149380814, 149385674, 814, 5674
4, 4269, 149415814, 149419678, 814, 4678
4, 427, 14945814, 14949678, 814, 4678
4, 4270, 149450814, 149456658, 814, 6658
4, 4271, 149485814, 149489846, 814, 4846
4, 4272, 149520814, 149529821, 814, 9821
4, 4273, 149555814, 149559678, 814, 4678
4, 4274, 149590814, 149595674, 814, 5674
4, 4275, 149625814, 149631123, 814, 6123
4, 4276, 149660814, 149665674, 814, 5674
4, 4277, 149695814, 149699678, 814, 4678
4, 4278, 149730814, 149735772, 814, 5772
4, 4279, 149765814, 149769856, 814, 4856
4, 428, 14980814, 14985674, 814, 5674
4, 4280, 149800814, 149808296, 814, 8296
4, 4281, 149835814, 149839678, 814, 4678
4, 4282, 149870814, 149875674, 814, 5674
4, 4283, 149905814, 149909678, 814, 4678
4, 4284, 149940814, 149945772, 814, 5772
4, 4285, 149975814, 149980170, 814, 5170
4, 4286, 150010814, 150016340, 814, 6340
4, 4287, 150045814, 150049861, 814, 4861
4, 4288, 150080814, 150089075, 814, 9075
4, 4289, 150115814, 150119678, 814, 4678
4, 429, 15015814, 15020072, 814, 5072
4, 4290, 150150814, 150156755, 814, 6755
4, 4291, 150185814, 150189678, 814, 4678
4, 4292, 150220814, 150225674, 814, 5674
4, 4293, 150255814, 150259678, 814, 4678
4, 4294, 150290814, 150297006, 814, 7006
4, 4295, 150325814, 150330474, 814, 5474
4, 4296, 150360814, 150367345, 814, 7345
4, 4297, 150395814, 150399678, 814, 4678
4, 4298, 150430814, 150435674, 814, 5674
4, 4299, 150465814, 150469678, 814, 4678
4, 43, 1505814, 1509678, 814, 4678
4, 430, 15050814, 15056658, 814, 6658
4, 4300, 150500814, 150506658, 814, 6658
4, 4301, 150535814, 150539678, 814, 4678
4, 4302, 150570814, 150575772, 814, 5772
4, 4303, 150605814, 150609846, 814, 4846
4, 4304, 150640814, 150649172, 814, 9172
4, 4305, 150675814, 150680748, 814, 5748
4, 4306, 150710814, 150715674, 814, 5674
4, 4307, 150745814, 150749678, 814, 4678
4, 4308, 150780814, 150785772, 814, 5772
4, 4309, 150815814, 150819678, 814, 4678
4, 431, 15085814, 15089846, 814, 4846
4, 4310, 150850814, 150856755, 814, 6755
4, 4311, 150885814, 150889929, 814, 4929
4, 4312, 150920814, 150928199, 814, 8199
4, 4313, 150955814, 150960202, 814, 5202
4, 4314, 150990814, 150995772, 814, 5772
4, 4315, 151025814, 151030170, 814, 5170
4, 4316, 151060814, 151065674, 814, 5674
4, 4317, 151095814, 151099678, 814, 4678
4, 4318, 151130814, 151135674, 814, 5674
4, 4319, 151165814, 151169846, 814, 4846
4, 432, 15120814, 15129821, 814, 9821
4, 4320, 151200814, 151209821, 814, 9821
4, 4321, 151235814, 151239678, 814, 4678
4, 4322, 151270814, 151275674, 814, 5674
4, 4323, 151305814, 151309678, 814, 4678
4, 4324, 151340814, 151346340, 814, 6340
4, 4325, 151375814, 151380170, 814, 5170
4, 4326, 151410814, 151415772, 814, 5772
4, 4327, 151445814, 151449856, 814, 4856
4, 4328, 151480814, 151487345, 814, 7345
4, 4329, 151515814, 151519678, 814, 4678
4, 433, 15155814, 15159678, 814, 4678
4, 4330, 151550814, 151556658, 814, 6658
4, 4331, 151585814, 151589678, 814, 4678
4, 4332, 151620814, 151627877, 814, 7877
4, 4333, 151655814, 151659678, 814, 4678
4, 4334, 151690814, 151695674, 814, 5674
4, 4335, 151725814, 151730537, 814, 5537
4, 4336, 151760814, 151769075, 814, 9075
4, 4337, 151795814, 151799678, 814, 4678
4, 4338, 151830814, 151835772, 814, 5772
4, 4339, 151865814, 151869678, 814, 4678
4, 434, 15190814, 15195674, 814, 5674
4, 4340, 151900814, 151906755, 814, 6755
4, 4341, 151935814, 151939678, 814, 4678
4, 4342, 151970814, 151975674, 814, 5674
4, 4343, 152005814, 152013790, 814, 8790
4, 4344, 152040814, 152047345, 814, 7345
4, 4345, 152075814, 152080170, 814, 5170
4, 4346, 152110814, 152115674, 814, 5674
4, 4347, 152145814, 152149678, 814, 4678
4, 4348, 152180814, 152185674, 814, 5674
4, 4349, 152215814, 152219678, 814, 4678
4, 435, 15225814, 15230222, 814, 5222
4, 4350, 152250814, 152256755, 814, 6755
4, 4351, 152285814, 152290426, 814, 5426
4, 4352, 152320814, 152329821, 814, 9821
4, 4353, 152355814, 152359678, 814, 4678
4, 4354, 152390814, 152395674, 814, 5674
4, 4355, 152425814, 152430170, 814, 5170
4, 4356, 152460814, 152465772, 814, 5772
4, 4357, 152495814, 152499678, 814, 4678
4, 4358, 152530814, 152535674, 814, 5674
4, 4359, 152565814, 152569929, 814, 4929
4, 436, 15260814, 15265674, 814, 5674
4, 4360, 152600814, 152608199, 814, 8199
4, 4361, 152635814, 152639678, 814, 4678
4, 4362, 152670814, 152677261, 814, 7261
4, 4363, 152705814, 152709678, 814, 4678
4, 4364, 152740814, 152745674, 814, 5674
4, 4365, 152775814, 152780222, 814, 5222
4, 4366, 152810814, 152815674, 814, 5674
4, 4367, 152845814, 152849846, 814, 4846
4, 4368, 152880814, 152889172, 814, 9172
4, 4369, 152915814, 152919678, 814, 4678
4, 437, 15295814, 15300202, 814, 5202
4, 4370, 152950814, 152957877, 814, 7877
4, 4371, 152985814, 152989678, 814, 4678
4, 4372, 153020814, 153025674, 814, 5674
4, 4373, 153055814, 153059678, 814, 4678
4, 4374, 153090814, 153095772, 814, 5772
4, 4375, 153125814, 153130474, 814, 5474
4, 4376, 153160814, 153167345, 814, 7345
4, 4377, 153195814, 153199678, 814, 4678
4, 4378, 153230814, 153235674, 814, 5674
4, 4379, 153265814, 153269678, 814, 4678
4, 438, 15330814, 15335772, 814, 5772
4, 4380, 153300814, 153306755, 814, 6755
4, 4381, 153335814, 153340057, 814, 5057
4, 4382, 153370814, 153375674, 814, 5674
4, 4383, 153405814, 153409861, 814, 4861
4, 4384, 153440814, 153449075, 814, 9075
4, 4385, 153475814, 153480170, 814, 5170
4, 4386, 153510814, 153515772, 814, 5772
4, 4387, 153545814, 153549678, 814, 4678
4, 4388, 153580814, 153585674, 814, 5674
4, 4389, 153615814, 153620222, 814, 5222
4, 439, 15365814, 15369856, 814, 4856
4, 4390, 153650814, 153656658, 814, 6658
4, 4391, 153685814, 153689856, 814, 4856
4, 4392, 153720814, 153728296, 814, 8296
4, 4393, 153755814, 153759678, 814, 4678
4, 4394, 153790814, 153795674, 814, 5674
4, 4395, 153825814, 153830222, 814, 5222
4, 4396, 153860814, 153865674, 814, 5674
4, 4397, 153895814, 153899678, 814, 4678
4, 4398, 153930814, 153935772, 814, 5772
4, 4399, 153965814, 153969846, 814, 4846
4, 44, 1540814, 1545674, 814, 5674
4, 440, 15400814, 15408296, 814, 8296
4, 4400, 154000814, 154010755, 814, 10755
4, 4401, 154035814, 154039678, 814, 4678
4, 4402, 154070814, 154075674, 814, 5674
4, 4403, 154105814, 154109678, 814, 4678
4, 4404, 154140814, 154145772, 814, 5772
4, 4405, 154175814, 154180170, 814, 5170
4, 4406, 154210814, 154215674, 814, 5674
4, 4407, 154245814, 154249929, 814, 4929
4, 4408, 154280814, 154289312, 814, 9312
4, 4409, 154315814, 154319678, 814, 4678
4, 441, 15435814, 15439678, 814, 4678
4, 4410, 154350814, 154356755, 814, 6755
4, 4411, 154385814, 154389678, 814, 4678
4, 4412, 154420814, 154425674, 814, 5674
4, 4413, 154455814, 154459678, 814, 4678
4, 4414, 154490814, 154495674, 814, 5674
4, 4415, 154525814, 154530464, 814, 5464
4, 4416, 154560814, 154569172, 814, 9172
4, 4417, 154595814, 154599678, 814, 4678
4, 4418, 154630814, 154635674, 814, 5674
4, 4419, 154665814, 154670072, 814, 5072
4, 442, 15470814, 15475674, 814, 5674
4, 4420, 154700814, 154706658, 814, 6658
4, 4421, 154735814, 154739678, 814, 4678
4, 4422, 154770814, 154775772, 814, 5772
4, 4423, 154805814, 154809856, 814, 4856
4, 4424, 154840814, 154847345, 814, 7345
4, 4425, 154875814, 154880222, 814, 5222
4, 4426, 154910814, 154915674, 814, 5674
4, 4427, 154945814, 154950202, 814, 5202
4, 4428, 154980814, 154985772, 814, 5772
4, 4429, 155015814, 155019678, 814, 4678
4, 443, 15505814, 15509678, 814, 4678
4, 4430, 155050814, 155056755, 814, 6755
4, 4431, 155085814, 155089861, 814, 4861
4, 4432, 155120814, 155129748, 814, 9748
4, 4433, 155155814, 155159678, 814, 4678
4, 4434, 155190814, 155195772, 814, 5772
4, 4435, 155225814, 155230170, 814, 5170
4, 4436, 155260814, 155265674, 814, 5674
4, 4437, 155295814, 155299678, 814, 4678
4, 4438, 155330814, 155336340, 814, 6340
4, 4439, 155365814, 155369856, 814, 4856
4, 444, 15540814, 15545772, 814, 5772
4, 4440, 155400814, 155408296, 814, 8296
4, 4441, 155435814, 155439678, 814, 4678
4, 4442, 155470814, 155475674, 814, 5674
4, 4443, 155505814, 155509678, 814, 4678
4, 4444, 155540814, 155545674, 814, 5674
4, 4445, 155575814, 155580170, 814, 5170
4, 4446, 155610814, 155617104, 814, 7104
4, 4447, 155645814, 155649846, 814, 4846
4, 4448, 155680814, 155689172, 814, 9172
4, 4449, 155715814, 155719678, 814, 4678
4, 445, 15575814, 15580170, 814, 5170
4, 4450, 155750814, 155756658, 814, 6658
4, 4451, 155785814, 155789678, 814, 4678
4, 4452, 155820814, 155825772, 814, 5772
4, 4453, 155855814, 155859678, 814, 4678
4, 4454, 155890814, 155895674, 814, 5674
4, 4455, 155925814, 155930547, 814, 5547
4, 4456, 155960814, 155967199, 814, 7199
4, 4457, 155995814, 156000057, 814, 5057
4, 4458, 156030814, 156035772, 814, 5772
4, 4459, 156065814, 156069678, 814, 4678
4, 446, 15610814, 15615674, 814, 5674
4, 4460, 156100814, 156106755, 814, 6755
4, 4461, 156135814, 156139678, 814, 4678
4, 4462, 156170814, 156175674, 814, 5674
4, 4463, 156205814, 156209846, 814, 4846
4, 4464, 156240814, 156249172, 814, 9172
4, 4465, 156275814, 156281025, 814, 6025
4, 4466, 156310814, 156315674, 814, 5674
4, 4467, 156345814, 156349678, 814, 4678
4, 4468, 156380814, 156385674, 814, 5674
4, 4469, 156415814, 156419678, 814, 4678
4, 447, 15645814, 15649861, 814, 4861
4, 4470, 156450814, 156456755, 814, 6755
4, 4471, 156485814, 156489856, 814, 4856
4, 4472, 156520814, 156528296, 814, 8296
4, 4473, 156555814, 156559678, 814, 4678
4, 4474, 156590814, 156595674, 814, 5674
4, 4475, 156625814, 156630170, 814, 5170
4, 4476, 156660814, 156666437, 814, 6437
4, 4477, 156695814, 156699678, 814, 4678
4, 4478, 156730814, 156735674, 814, 5674
4, 4479, 156765814, 156769861, 814, 4861
4, 448, 15680814, 15690064, 814, 10064
4, 4480, 156800814, 156809748, 814, 9748
4, 4481, 156835814, 156839678, 814, 4678
4, 4482, 156870814, 156875772, 814, 5772
4, 4483, 156905814, 156909678, 814, 4678
4, 4484, 156940814, 156947104, 814, 7104
4, 4485, 156975814, 156980222, 814, 5222
4, 4486, 157010814, 157015674, 814, 5674
4, 4487, 157045814, 157049856, 814, 4856
4, 4488, 157080814, 157087345, 814, 7345
4, 4489, 157115814, 157119678, 814, 4678
4, 449, 15715814, 15719678, 814, 4678
4, 4490, 157150814, 157156755, 814, 6755
4, 4491, 157185814, 157189678, 814, 4678
4, 4492, 157220814, 157225674, 814, 5674
4, 4493, 157255814, 157259678, 814, 4678
4, 4494, 157290814, 157295772, 814, 5772
4, 4495, 157325814, 157330843, 814, 5843
4, 4496, 157360814, 157369172, 814, 9172
4, 4497, 157395814, 157399678, 814, 4678
4, 4498, 157430814, 157435674, 814, 5674
4, 4499, 157465814, 157469678, 814, 4678
4, 45, 1575814, 1580222, 814, 5222
4, 450, 15750814, 15756755, 814, 6755
4, 4500, 157500814, 157506755, 814, 6755
4, 4501, 157535814, 157539678, 814, 4678
4, 4502, 157570814, 157575674, 814, 5674
4, 4503, 157605814, 157610578, 814, 5578
4, 4504, 157640814, 157647199, 814, 7199
4, 4505, 157675814, 157680170, 814, 5170
4, 4506, 157710814, 157715772, 814, 5772
4, 4507, 157745814, 157749678, 814, 4678
4, 4508, 157780814, 157785674, 814, 5674
4, 4509, 157815814, 157819678, 814, 4678
4, 451, 15785814, 15789678, 814, 4678
4, 4510, 157850814, 157856658, 814, 6658
4, 4511, 157885814, 157889846, 814, 4846
4, 4512, 157920814, 157929821, 814, 9821
4, 4513, 157955814, 157959678, 814, 4678
4, 4514, 157990814, 157996340, 814, 6340
4, 4515, 158025814, 158030222, 814, 5222
4, 4516, 158060814, 158065674, 814, 5674
4, 4517, 158095814, 158099678, 814, 4678
4, 4518, 158130814, 158135772, 814, 5772
4, 4519, 158165814, 158169856, 814, 4856
4, 452, 15820814, 15825674, 814, 5674
4, 4520, 158200814, 158208296, 814, 8296
4, 4521, 158235814, 158239678, 814, 4678
4, 4522, 158270814, 158277804, 814, 7804
4, 4523, 158305814, 158309678, 814, 4678
4, 4524, 158340814, 158345772, 814, 5772
4, 4525, 158375814, 158380170, 814, 5170
4, 4526, 158410814, 158415674, 814, 5674
4, 4527, 158445814, 158449861, 814, 4861
4, 4528, 158480814, 158489075, 814, 9075
4, 4529, 158515814, 158519678, 814, 4678
4, 453, 15855814, 15859678, 814, 4678
4, 4530, 158550814, 158556755, 814, 6755
4, 4531, 158585814, 158589678, 814, 4678
4, 4532, 158620814, 158625674, 814, 5674
4, 4533, 158655814, 158660072, 814, 5072
4, 4534, 158690814, 158695674, 814, 5674
4, 4535, 158725814, 158730474, 814, 5474
4, 4536, 158760814, 158767345, 814, 7345
4, 4537, 158795814, 158799678, 814, 4678
4, 4538, 158830814, 158835674, 814, 5674
4, 4539, 158865814, 158869678, 814, 4678
4, 454, 15890814, 15895674, 814, 5674
4, 4540, 158900814, 158906658, 814, 6658
4, 4541, 158935814, 158940202, 814, 5202
4, 4542, 158970814, 158975772, 814, 5772
4, 4543, 159005814, 159009846, 814, 4846
4, 4544, 159040814, 159049172, 814, 9172
4, 4545, 159075814, 159080222, 814, 5222
4, 4546, 159110814, 159115674, 814, 5674
4, 4547, 159145814, 159149678, 814, 4678
4, 4548, 159180814, 159185772, 814, 5772
4, 4549, 159215814, 159219678, 814, 4678
4, 455, 15925814, 15930474, 814, 5474
4, 4550, 159250814, 159256755, 814, 6755
4, 4551, 159285814, 159289929, 814, 4929
4, 4552, 159320814, 159329430, 814, 9430
4, 4553, 159355814, 159359678, 814, 4678
4, 4554, 159390814, 159395772, 814, 5772
4, 4555, 159425814, 159430170, 814, 5170
4, 4556, 159460814, 159465674, 814, 5674
4, 4557, 159495814, 159499678, 814, 4678
4, 4558, 159530814, 159535674, 814, 5674
4, 4559, 159565814, 159569846, 814, 4846
4, 456, 15960814, 15969385, 814, 9385
4, 457, 15995814, 15999678, 814, 4678
4, 458, 16030814, 16035674, 814, 5674
4, 459, 16065814, 16069678, 814, 4678
4, 46, 1610814, 1615674, 814, 5674
4, 460, 16100814, 16106658, 814, 6658
4, 461, 16135814, 16139678, 814, 4678
4, 462, 16170814, 16175772, 814, 5772
4, 463, 16205814, 16209846, 814, 4846
4, 464, 16240814, 16249172, 814, 9172
4, 465, 16275814, 16280222, 814, 5222
4, 466, 16310814, 16315674, 814, 5674
4, 467, 16345814, 16350057, 814, 5057
4, 468, 16380814, 16385772, 814, 5772
4, 469, 16415814, 16419678, 814, 4678
4, 47, 1645814, 1649846, 814, 4846
4, 470, 16450814, 16456755, 814, 6755
4, 471, 16485814, 16489929, 814, 4929
4, 472, 16520814, 16528199, 814, 8199
4, 473, 16555814, 16559678, 814, 4678
4, 474, 16590814, 16595772, 814, 5772
4, 475, 16625814, 16631025, 814, 6025
4, 476, 16660814, 16665674, 814, 5674
4, 477, 16695814, 16699678, 814, 4678
4, 478, 16730814, 16735674, 814, 5674
4, 479, 16765814, 16769846, 814, 4846
4, 48, 1680814, 1689172, 814, 9172
4, 480, 16800814, 16809821, 814, 9821
4, 481, 16835814, 16839678, 814, 4678
4, 482, 16870814, 16875674, 814, 5674
4, 483, 16905814, 16909678, 814, 4678
4, 484, 16940814, 16945674, 814, 5674
4, 485, 16975814, 16980170, 814, 5170
4, 486, 17010814, 17016437, 814, 6437
4, 487, 17045814, 17049856, 814, 4856
4, 488, 17080814, 17087345, 814, 7345
4, 489, 17115814, 17119678, 814, 4678
4, 49, 1715814, 1720057, 814, 5057
4, 490, 17150814, 17156658, 814, 6658
4, 491, 17185814, 17189678, 814, 4678
4, 492, 17220814, 17225772, 814, 5772
4, 493, 17255814, 17259678, 814, 4678
4, 494, 17290814, 17297104, 814, 7104
4, 495, 17325814, 17330537, 814, 5537
4, 496, 17360814, 17369075, 814, 9075
4, 497, 17395814, 17399678, 814, 4678
4, 498, 17430814, 17435772, 814, 5772
4, 499, 17465814, 17469678, 814, 4678
4, 5, 175814, 180170, 814, 5170
4, 50, 1750814, 1756755, 814, 6755
4, 500, 17500814, 17506755, 814, 6755
4, 501, 17535814, 17539678, 814, 4678
4, 502, 17570814, 17575674, 814, 5674
4, 503, 17605814, 17609856, 814, 4856
4, 504, 17640814, 17647345, 814, 7345
4, 505, 17675814, 17680675, 814, 5675
4, 506, 17710814, 17715674, 814, 5674
4, 507, 17745814, 17749678, 814, 4678
4, 508, 17780814, 17785674, 814, 5674
4, 509, 17815814, 17819678, 814, 4678
4, 51, 1785814, 1789678, 814, 4678
4, 510, 17850814, 17856755, 814, 6755
4, 511, 17885814, 17889846, 814, 4846
4, 512, 17920814, 17929821, 814, 9821
4, 513, 17955814, 17960222, 814, 5222
4, 514, 17990814, 17995674, 814, 5674
4, 515, 18025814, 18030170, 814, 5170
4, 516, 18060814, 18065772, 814, 5772
4, 517, 18095814, 18099678, 814, 4678
4, 518, 18130814, 18135674, 814, 5674
4, 519, 18165814, 18169929, 814, 4929
4, 52, 1820814, 1825674, 814, 5674
4, 520, 18200814, 18208199, 814, 8199
4, 521, 18235814, 18239678, 814, 4678
4, 522, 18270814, 18275772, 814, 5772
4, 523, 18305814, 18309678, 814, 4678
4, 524, 18340814, 18346340, 814, 6340
4, 525, 18375814, 18380222, 814, 5222
4, 526, 18410814, 18415674, 814, 5674
4, 527, 18445814, 18449846, 814, 4846
4, 528, 18480814, 18489172, 814, 9172
4, 529, 18515814, 18519678, 814, 4678
4, 53, 1855814, 1859678, 814, 4678
4, 530, 18550814, 18556755, 814, 6755
4, 531, 18585814, 18589678, 814, 4678
4, 532, 18620814, 18627804, 814, 7804
4, 533, 18655814, 18659678, 814, 4678
4, 534, 18690814, 18695772, 814, 5772
4, 535, 18725814, 18730474, 814, 5474
4, 536, 18760814, 18767345, 814, 7345
4, 537, 18795814, 18799678, 814, 4678
4, 538, 18830814, 18835674, 814, 5674
4, 539, 18865814, 18869678, 814, 4678
4, 54, 1890814, 1895772, 814, 5772
4, 540, 18900814, 18906755, 814, 6755
4, 541, 18935814, 18939678, 814, 4678
4, 542, 18970814, 18975674, 814, 5674
4, 543, 19005814, 19010298, 814, 5298
4, 544, 19040814, 19049075, 814, 9075
4, 545, 19075814, 19080170, 814, 5170
4, 546, 19110814, 19115772, 814, 5772
4, 547, 19145814, 19149678, 814, 4678
4, 548, 19180814, 19185674, 814, 5674
4, 549, 19215814, 19219678, 814, 4678
4, 55, 1925814, 1930474, 814, 5474
4, 550, 19250814, 19256658, 814, 6658
4, 551, 19285814, 19290481, 814, 5481
4, 552, 19320814, 19328296, 814, 8296
4, 553, 19355814, 19359678, 814, 4678
4, 554, 19390814, 19395674, 814, 5674
4, 555, 19425814, 19430222, 814, 5222
4, 556, 19460814, 19465674, 814, 5674
4, 557, 19495814, 19499678, 814, 4678
4, 558, 19530814, 19535772, 814, 5772
4, 559, 19565814, 19569846, 814, 4846
4, 56, 1960814, 1967345, 814, 7345
4, 560, 19600814, 19609821, 814, 9821
4, 561, 19635814, 19639678, 814, 4678
4, 562, 19670814, 19676340, 814, 6340
4, 563, 19705814, 19709678, 814, 4678
4, 564, 19740814, 19745772, 814, 5772
4, 565, 19775814, 19780170, 814, 5170
4, 566, 19810814, 19815674, 814, 5674
4, 567, 19845814, 19849929, 814, 4929
4, 568, 19880814, 19887199, 814, 7199
4, 569, 19915814, 19919678, 814, 4678
4, 57, 1995814, 2000222, 814, 5222
4, 570, 19950814, 19957877, 814, 7877
4, 571, 19985814, 19989678, 814, 4678
4, 572, 20020814, 20025674, 814, 5674
4, 573, 20055814, 20059678, 814, 4678
4, 574, 20090814, 20095674, 814, 5674
4, 575, 20125814, 20130464, 814, 5464
4, 576, 20160814, 20169172, 814, 9172
4, 577, 20195814, 20199678, 814, 4678
4, 578, 20230814, 20235674, 814, 5674
4, 579, 20265814, 20269678, 814, 4678
4, 58, 2030814, 2035674, 814, 5674
4, 580, 20300814, 20306658, 814, 6658
4, 581, 20335814, 20340057, 814, 5057
4, 582, 20370814, 20375772, 814, 5772
4, 583, 20405814, 20409856, 814, 4856
4, 584, 20440814, 20447345, 814, 7345
4, 585, 20475814, 20480222, 814, 5222
4, 586, 20510814, 20515674, 814, 5674
4, 587, 20545814, 20549678, 814, 4678
4, 588, 20580814, 20585772, 814, 5772
4, 589, 20615814, 20620202, 814, 5202
4, 59, 2065814, 2069678, 814, 4678
4, 590, 20650814, 20656755, 814, 6755
4, 591, 20685814, 20689861, 814, 4861
4, 592, 20720814, 20729748, 814, 9748
4, 593, 20755814, 20759678, 814, 4678
4, 594, 20790814, 20795772, 814, 5772
4, 595, 20825814, 20830170, 814, 5170
4, 596, 20860814, 20865674, 814, 5674
4, 597, 20895814, 20899678, 814, 4678
4, 598, 20930814, 20935674, 814, 5674
4, 599, 20965814, 20969856, 814, 4856
4, 6, 210814, 215772, 814, 5772
4, 60, 2100814, 2106755, 814, 6755
4, 600, 21000814, 21009503, 814, 9503
4, 601, 21035814, 21039678, 814, 4678
4, 602, 21070814, 21075674, 814, 5674
4, 603, 21105814, 21109678, 814, 4678
4, 604, 21140814, 21145674, 814, 5674
4, 605, 21175814, 21180170, 814, 5170
4, 606, 21210814, 21215772, 814, 5772
4, 607, 21245814, 21249846, 814, 4846
4, 608, 21280814, 21292100, 814, 12100
4, 609, 21315814, 21319678, 814, 4678
4, 61, 2135814, 2139678, 814, 4678
4, 610, 21350814, 21356658, 814, 6658
4, 611, 21385814, 21389678, 814, 4678
4, 612, 21420814, 21425772, 814, 5772
4, 613, 21455814, 21459678, 814, 4678
4, 614, 21490814, 21495674, 814, 5674
4, 615, 21525814, 21530547, 814, 5547
4, 616, 21560814, 21567199, 814, 7199
4, 617, 21595814, 21599678, 814, 4678
4, 618, 21630814, 21635772, 814, 5772
4, 619, 21665814, 21670057, 814, 5057
4, 62, 2170814, 2175674, 814, 5674
4, 620, 21700814, 21706755, 814, 6755
4, 621, 21735814, 21739678, 814, 4678
4, 622, 21770814, 21775674, 814, 5674
4, 623, 21805814, 21809846, 814, 4846
4, 624, 21840814, 21849172, 814, 9172
4, 625, 21875814, 21880170, 814, 5170
4, 626, 21910814, 21915674, 814, 5674
4, 627, 21945814, 21950222, 814, 5222
4, 628, 21980814, 21985674, 814, 5674
4, 629, 22015814, 22019678, 814, 4678
4, 63, 2205814, 2209861, 814, 4861
4, 630, 22050814, 22056755, 814, 6755
4, 631, 22085814, 22089856, 814, 4856
4, 632, 22120814, 22128296, 814, 8296
4, 633, 22155814, 22159678, 814, 4678
4, 634, 22190814, 22195674, 814, 5674
4, 635, 22225814, 22230170, 814, 5170
4, 636, 22260814, 22265772, 814, 5772
4, 637, 22295814, 22299678, 814, 4678
4, 638, 22330814, 22336340, 814, 6340
4, 639, 22365814, 22369861, 814, 4861
4, 64, 2240814, 2249075, 814, 9075
4, 640, 22400814, 22409748, 814, 9748
4, 641, 22435814, 22439678, 814, 4678
4, 642, 22470814, 22475772, 814, 5772
4, 643, 22505814, 22509678, 814, 4678
4, 644, 22540814, 22545674, 814, 5674
4, 645, 22575814, 22580222, 814, 5222
4, 646, 22610814, 22617006, 814, 7006
4, 647, 22645814, 22649856, 814, 4856
4, 648, 22680814, 22687345, 814, 7345
4, 649, 22715814, 22719678, 814, 4678
4, 65, 2275814, 2280170, 814, 5170
4, 650, 22750814, 22756755, 814, 6755
4, 651, 22785814, 22789678, 814, 4678
4, 652, 22820814, 22825674, 814, 5674
4, 653, 22855814, 22859678, 814, 4678
4, 654, 22890814, 22895772, 814, 5772
4, 655, 22925814, 22930464, 814, 5464
4, 656, 22960814, 22969172, 814, 9172
4, 657, 22995814, 23000072, 814, 5072
4, 658, 23030814, 23035674, 814, 5674
4, 659, 23065814, 23069678, 814, 4678
4, 66, 2310814, 2315772, 814, 5772
4, 660, 23100814, 23106755, 814, 6755
4, 661, 23135814, 23139678, 814, 4678
4, 662, 23170814, 23175674, 814, 5674
4, 663, 23205814, 23209929, 814, 4929
4, 664, 23240814, 23247199, 814, 7199
4, 665, 23275814, 23281025, 814, 6025
4, 666, 23310814, 23315772, 814, 5772
4, 667, 23345814, 23349678, 814, 4678
4, 668, 23380814, 23385674, 814, 5674
4, 669, 23415814, 23419678, 814, 4678
4, 67, 2345814, 2349678, 814, 4678
4, 670, 23450814, 23456658, 814, 6658
4, 671, 23485814, 23489846, 814, 4846
4, 672, 23520814, 23529821, 814, 9821
4, 673, 23555814, 23559678, 814, 4678
4, 674, 23590814, 23595674, 814, 5674
4, 675, 23625814, 23630222, 814, 5222
4, 676, 23660814, 23666340, 814, 6340
4, 677, 23695814, 23699678, 814, 4678
4, 678, 23730814, 23735772, 814, 5772
4, 679, 23765814, 23769856, 814, 4856
4, 68, 2380814, 2386340, 814, 6340
4, 680, 23800814, 23808296, 814, 8296
4, 681, 23835814, 23839678, 814, 4678
4, 682, 23870814, 23875674, 814, 5674
4, 683, 23905814, 23909678, 814, 4678
4, 684, 23940814, 23947104, 814, 7104
4, 685, 23975814, 23980170, 814, 5170
4, 686, 24010814, 24015674, 814, 5674
4, 687, 24045814, 24049861, 814, 4861
4, 688, 24080814, 24089075, 814, 9075
4, 689, 24115814, 24119678, 814, 4678
4, 69, 2415814, 2419678, 814, 4678
4, 690, 24150814, 24156755, 814, 6755
4, 691, 24185814, 24189678, 814, 4678
4, 692, 24220814, 24225674, 814, 5674
4, 693, 24255814, 24259678, 814, 4678
4, 694, 24290814, 24295674, 814, 5674
4, 695, 24325814, 24330894, 814, 5894
4, 696, 24360814, 24367345, 814, 7345
4, 697, 24395814, 24399678, 814, 4678
4, 698, 24430814, 24435674, 814, 5674
4, 699, 24465814, 24469678, 814, 4678
4, 7, 245814, 249856, 814, 4856
4, 70, 2450814, 2456658, 814, 6658
4, 700, 24500814, 24506658, 814, 6658
4, 701, 24535814, 24539678, 814, 4678
4, 702, 24570814, 24575772, 814, 5772
4, 703, 24605814, 24610426, 814, 5426
4, 704, 24640814, 24649172, 814, 9172
4, 705, 24675814, 24680222, 814, 5222
4, 706, 24710814, 24715674, 814, 5674
4, 707, 24745814, 24749678, 814, 4678
4, 708, 24780814, 24785772, 814, 5772
4, 709, 24815814, 24819678, 814, 4678
4, 71, 2485814, 2489856, 814, 4856
4, 710, 24850814, 24856755, 814, 6755
4, 711, 24885814, 24889929, 814, 4929
4, 712, 24920814, 24928199, 814, 8199
4, 713, 24955814, 24959678, 814, 4678
4, 714, 24990814, 24996437, 814, 6437
4, 715, 25025814, 25030170, 814, 5170
4, 716, 25060814, 25065674, 814, 5674
4, 717, 25095814, 25099678, 814, 4678
4, 718, 25130814, 25135674, 814, 5674
4, 719, 25165814, 25169846, 814, 4846
4, 72, 2520814, 2528296, 814, 8296
4, 720, 25200814, 25209821, 814, 9821
4, 721, 25235814, 25239678, 814, 4678
4, 722, 25270814, 25277877, 814, 7877
4, 723, 25305814, 25309678, 814, 4678
4, 724, 25340814, 25345674, 814, 5674
4, 725, 25375814, 25380170, 814, 5170
4, 726, 25410814, 25415772, 814, 5772
4, 727, 25445814, 25449856, 814, 4856
4, 728, 25480814, 25487345, 814, 7345
4, 729, 25515814, 25519678, 814, 4678
4, 73, 2555814, 2559678, 814, 4678
4, 730, 25550814, 25556658, 814, 6658
4, 731, 25585814, 25589678, 814, 4678
4, 732, 25620814, 25625772, 814, 5772
4, 733, 25655814, 25660057, 814, 5057
4, 734, 25690814, 25695674, 814, 5674
4, 735, 25725814, 25730537, 814, 5537
4, 736, 25760814, 25769075, 814, 9075
4, 737, 25795814, 25799678, 814, 4678
4, 738, 25830814, 25835772, 814, 5772
4, 739, 25865814, 25869678, 814, 4678
4, 74, 2590814, 2595674, 814, 5674
4, 740, 25900814, 25906755, 814, 6755
4, 741, 25935814, 25940222, 814, 5222
4, 742, 25970814, 25975674, 814, 5674
4, 743, 26005814, 26009856, 814, 4856
4, 744, 26040814, 26047345, 814, 7345
4, 745, 26075814, 26080170, 814, 5170
4, 746, 26110814, 26115674, 814, 5674
4, 747, 26145814, 26149678, 814, 4678
4, 748, 26180814, 26185674, 814, 5674
4, 749, 26215814, 26219678, 814, 4678
4, 75, 2625814, 2630222, 814, 5222
4, 750, 26250814, 26256755, 814, 6755
4, 751, 26285814, 26289846, 814, 4846
4, 752, 26320814, 26330755, 814, 10755
4, 753, 26355814, 26359678, 814, 4678
4, 754, 26390814, 26395674, 814, 5674
4, 755, 26425814, 26430170, 814, 5170
4, 756, 26460814, 26465772, 814, 5772
4, 757, 26495814, 26499678, 814, 4678
4, 758, 26530814, 26535674, 814, 5674
4, 759, 26565814, 26569929, 814, 4929
4, 76, 2660814, 2667006, 814, 7006
4, 760, 26600814, 26609930, 814, 9930
4, 761, 26635814, 26639678, 814, 4678
4, 762, 26670814, 26675772, 814, 5772
4, 763, 26705814, 26709678, 814, 4678
4, 764, 26740814, 26745674, 814, 5674
4, 765, 26775814, 26780222, 814, 5222
4, 766, 26810814, 26815674, 814, 5674
4, 767, 26845814, 26849846, 814, 4846
4, 768, 26880814, 26889172, 814, 9172
4, 769, 26915814, 26919678, 814, 4678
4, 77, 2695814, 2699678, 814, 4678
4, 770, 26950814, 26956755, 814, 6755
4, 771, 26985814, 26990072, 814, 5072
4, 772, 27020814, 27025674, 814, 5674
4, 773, 27055814, 27059678, 814, 4678
4, 774, 27090814, 27095772, 814, 5772
4, 775, 27125814, 27130474, 814, 5474
4, 776, 27160814, 27167345, 814, 7345
4, 777, 27195814, 27199678, 814, 4678
4, 778, 27230814, 27235674, 814, 5674
4, 779, 27265814, 27270202, 814, 5202
4, 78, 2730814, 2735772, 814, 5772
4, 780, 27300814, 27306755, 814, 6755
4, 781, 27335814, 27339678, 814, 4678
4, 782, 27370814, 27375674, 814, 5674
4, 783, 27405814, 27409861, 814, 4861
4, 784, 27440814, 27449075, 814, 9075
4, 785, 27475814, 27480170, 814, 5170
4, 786, 27510814, 27515772, 814, 5772
4, 787, 27545814, 27549678, 814, 4678
4, 788, 27580814, 27585674, 814, 5674
4, 789, 27615814, 27619678, 814, 4678
4, 79, 2765814, 2769846, 814, 4846
4, 790, 27650814, 27657164, 814, 7164
4, 791, 27685814, 27689856, 814, 4856
4, 792, 27720814, 27728296, 814, 8296
4, 793, 27755814, 27759678, 814, 4678
4, 794, 27790814, 27795674, 814, 5674
4, 795, 27825814, 27830222, 814, 5222
4, 796, 27860814, 27865674, 814, 5674
4, 797, 27895814, 27899678, 814, 4678
4, 798, 27930814, 27937104, 814, 7104
4, 799, 27965814, 27969846, 814, 4846
4, 8, 280814, 287345, 814, 7345
4, 80, 2800814, 2809821, 814, 9821
4, 800, 28000814, 28009821, 814, 9821
4, 801, 28035814, 28039678, 814, 4678
4, 802, 28070814, 28075674, 814, 5674
4, 803, 28105814, 28109678, 814, 4678
4, 804, 28140814, 28145772, 814, 5772
4, 805, 28175814, 28180170, 814, 5170
4, 806, 28210814, 28215674, 814, 5674
4, 807, 28245814, 28249929, 814, 4929
4, 808, 28280814, 28287199, 814, 7199
4, 809, 28315814, 28320057, 814, 5057
4, 81, 2835814, 2839678, 814, 4678
4, 810, 28350814, 28356755, 814, 6755
4, 811, 28385814, 28389678, 814, 4678
4, 812, 28420814, 28425674, 814, 5674
4, 813, 28455814, 28459678, 814, 4678
4, 814, 28490814, 28495674, 814, 5674
4, 815, 28525814, 28530464, 814, 5464
4, 816, 28560814, 28569172, 814, 9172
4, 817, 28595814, 28600202, 814, 5202
4, 818, 28630814, 28635674, 814, 5674
4, 819, 28665814, 28669678, 814, 4678
4, 82, 2870814, 2875674, 814, 5674
4, 820, 28700814, 28706658, 814, 6658
4, 821, 28735814, 28739678, 814, 4678
4, 822, 28770814, 28775772, 814, 5772
4, 823, 28805814, 28809856, 814, 4856
4, 824, 28840814, 28847345, 814, 7345
4, 825, 28875814, 28880222, 814, 5222
4, 826, 28910814, 28915674, 814, 5674
4, 827, 28945814, 28949678, 814, 4678
4, 828, 28980814, 28986437, 814, 6437
4, 829, 29015814, 29019678, 814, 4678
4, 83, 2905814, 2909678, 814, 4678
4, 830, 29050814, 29056755, 814, 6755
4, 831, 29085814, 29089861, 814, 4861
4, 832, 29120814, 29129748, 814, 9748
4, 833, 29155814, 29159678, 814, 4678
4, 834, 29190814, 29195772, 814, 5772
4, 835, 29225814, 29230170, 814, 5170
4, 836, 29260814, 29267104, 814, 7104
4, 837, 29295814, 29299678, 814, 4678
4, 838, 29330814, 29335674, 814, 5674
4, 839, 29365814, 29369856, 814, 4856
4, 84, 2940814, 2945772, 814, 5772
4, 840, 29400814, 29408296, 814, 8296
4, 841, 29435814, 29439678, 814, 4678
4, 842, 29470814, 29475674, 814, 5674
4, 843, 29505814, 29509678, 814, 4678
4, 844, 29540814, 29545674, 814, 5674
4, 845, 29575814, 29580170, 814, 5170
4, 846, 29610814, 29615772, 814, 5772
4, 847, 29645814, 29650225, 814, 5225
4, 848, 29680814, 29689172, 814, 9172
4, 849, 29715814, 29719678, 814, 4678
4, 85, 2975814, 2980170, 814, 5170
4, 850, 29750814, 29756658, 814, 6658
4, 851, 29785814, 29789678, 814, 4678
4, 852, 29820814, 29825772, 814, 5772
4, 853, 29855814, 29859678, 814, 4678
4, 854, 29890814, 29895674, 814, 5674
4, 855, 29925814, 29931941, 814, 6941
4, 856, 29960814, 29967199, 814, 7199
4, 857, 29995814, 29999678, 814, 4678
4, 858, 30030814, 30035772, 814, 5772
4, 859, 30065814, 30069678, 814, 4678
4, 86, 3010814, 3015674, 814, 5674
4, 860, 30100814, 30106755, 814, 6755
4, 861, 30135814, 30139678, 814, 4678
4, 862, 30170814, 30175674, 814, 5674
4, 863, 30205814, 30209846, 814, 4846
4, 864, 30240814, 30249172, 814, 9172
4, 865, 30275814, 30280170, 814, 5170
4, 866, 30310814, 30316340, 814, 6340
4, 867, 30345814, 30349678, 814, 4678
4, 868, 30380814, 30385674, 814, 5674
4, 869, 30415814, 30419678, 814, 4678
4, 87, 3045814, 3050349, 814, 5349
4, 870, 30450814, 30456755, 814, 6755
4, 871, 30485814, 30489856, 814, 4856
4, 872, 30520814, 30528296, 814, 8296
4, 873, 30555814, 30559678, 814, 4678
4, 874, 30590814, 30597006, 814, 7006
4, 875, 30625814, 30630170, 814, 5170
4, 876, 30660814, 30665772, 814, 5772
4, 877, 30695814, 30699678, 814, 4678
4, 878, 30730814, 30735674, 814, 5674
4, 879, 30765814, 30769861, 814, 4861
4, 88, 3080814, 3087199, 814, 7199
4, 880, 30800814, 30809748, 814, 9748
4, 881, 30835814, 30839678, 814, 4678
4, 882, 30870814, 30875772, 814, 5772
4, 883, 30905814, 30909678, 814, 4678
4, 884, 30940814, 30945674, 814, 5674
4, 885, 30975814, 30980748, 814, 5748
4, 886, 31010814, 31015674, 814, 5674
4, 887, 31045814, 31049856, 814, 4856
4, 888, 31080814, 31087345, 814, 7345
4, 889, 31115814, 31119678, 814, 4678
4, 89, 3115814, 3119678, 814, 4678
4, 890, 31150814, 31156755, 814, 6755
4, 891, 31185814, 31189678, 814, 4678
4, 892, 31220814, 31225674, 814, 5674
4, 893, 31255814, 31260202, 814, 5202
4, 894, 31290814, 31295772, 814, 5772
4, 895, 31325814, 31330464, 814, 5464
4, 896, 31360814, 31369172, 814, 9172
4, 897, 31395814, 31399678, 814, 4678
4, 898, 31430814, 31435674, 814, 5674
4, 899, 31465814, 31469678, 814, 4678
4, 9, 315814, 319678, 814, 4678
4, 90, 3150814, 3156755, 814, 6755
4, 900, 31500814, 31506755, 814, 6755
4, 901, 31535814, 31539678, 814, 4678
4, 902, 31570814, 31575674, 814, 5674
4, 903, 31605814, 31609929, 814, 4929
4, 904, 31640814, 31648651, 814, 8651
4, 905, 31675814, 31680170, 814, 5170
4, 906, 31710814, 31715772, 814, 5772
4, 907, 31745814, 31749678, 814, 4678
4, 908, 31780814, 31785674, 814, 5674
4, 909, 31815814, 31819678, 814, 4678
4, 91, 3185814, 3189678, 814, 4678
4, 910, 31850814, 31856658, 814, 6658
4, 911, 31885814, 31889846, 814, 4846
4, 912, 31920814, 31933002, 814, 13002
4, 913, 31955814, 31959678, 814, 4678
4, 914, 31990814, 31995674, 814, 5674
4, 915, 32025814, 32030222, 814, 5222
4, 916, 32060814, 32065674, 814, 5674
4, 917, 32095814, 32099678, 814, 4678
4, 918, 32130814, 32135772, 814, 5772
4, 919, 32165814, 32169856, 814, 4856
4, 92, 3220814, 3225674, 814, 5674
4, 920, 32200814, 32208296, 814, 8296
4, 921, 32235814, 32239678, 814, 4678
4, 922, 32270814, 32275674, 814, 5674
4, 923, 32305814, 32310057, 814, 5057
4, 924, 32340814, 32345772, 814, 5772
4, 925, 32375814, 32380170, 814, 5170
4, 926, 32410814, 32415674, 814, 5674
4, 927, 32445814, 32449861, 814, 4861
4, 928, 32480814, 32489075, 814, 9075
4, 929, 32515814, 32519678, 814, 4678
4, 93, 3255814, 3259678, 814, 4678
4, 930, 32550814, 32556755, 814, 6755
4, 931, 32585814, 32590202, 814, 5202
4, 932, 32620814, 32625674, 814, 5674
4, 933, 32655814, 32659678, 814, 4678
4, 934, 32690814, 32695674, 814, 5674
4, 935, 32725814, 32730474, 814, 5474
4, 936, 32760814, 32767345, 814, 7345
4, 937, 32795814, 32799678, 814, 4678
4, 938, 32830814, 32835674, 814, 5674
4, 939, 32865814, 32869678, 814, 4678
4, 94, 3290814, 3295674, 814, 5674
4, 940, 32900814, 32906658, 814, 6658
4, 941, 32935814, 32939678, 814, 4678
4, 942, 32970814, 32977261, 814, 7261
4, 943, 33005814, 33009846, 814, 4846
4, 944, 33040814, 33049172, 814, 9172
4, 945, 33075814, 33080222, 814, 5222
4, 946, 33110814, 33115674, 814, 5674
4, 947, 33145814, 33149678, 814, 4678
4, 948, 33180814, 33185772, 814, 5772
4, 949, 33215814, 33219678, 814, 4678
4, 95, 3325814, 3331250, 814, 6250
4, 950, 33250814, 33257877, 814, 7877
4, 951, 33285814, 33289929, 814, 4929
4, 952, 33320814, 33328199, 814, 8199
4, 953, 33355814, 33359678, 814, 4678
4, 954, 33390814, 33395772, 814, 5772
4, 955, 33425814, 33430170, 814, 5170
4, 956, 33460814, 33465674, 814, 5674
4, 957, 33495814, 33499678, 814, 4678
4, 958, 33530814, 33535674, 814, 5674
4, 959, 33565814, 33569846, 814, 4846
4, 96, 3360814, 3369172, 814, 9172
4, 960, 33600814, 33609821, 814, 9821
4, 961, 33635814, 33640057, 814, 5057
4, 962, 33670814, 33675674, 814, 5674
4, 963, 33705814, 33709678, 814, 4678
4, 964, 33740814, 33745674, 814, 5674
4, 965, 33775814, 33780170, 814, 5170
4, 966, 33810814, 33815772, 814, 5772
4, 967, 33845814, 33849856, 814, 4856
4, 968, 33880814, 33887345, 814, 7345
4, 969, 33915814, 33920222, 814, 5222
4, 97, 3395814, 3399678, 814, 4678
4, 970, 33950814, 33956658, 814, 6658
4, 971, 33985814, 33989678, 814, 4678
4, 972, 34020814, 34025772, 814, 5772
4, 973, 34055814, 34059678, 814, 4678
4, 974, 34090814, 34095674, 814, 5674
4, 975, 34125814, 34130537, 814, 5537
4, 976, 34160814, 34169075, 814, 9075
4, 977, 34195814, 34199678, 814, 4678
4, 978, 34230814, 34235772, 814, 5772
4, 979, 34265814, 34269678, 814, 4678
4, 98, 3430814, 3435674, 814, 5674
4, 980, 34300814, 34307261, 814, 7261
4, 981, 34335814, 34339678, 814, 4678
4, 982, 34370814, 34375674, 814, 5674
4, 983, 34405814, 34409856, 814, 4856
4, 984, 34440814, 34447345, 814, 7345
4, 985, 34475814, 34480170, 814, 5170
4, 986, 34510814, 34515674, 814, 5674
4, 987, 34545814, 34549678, 814, 4678
4, 988, 34580814, 34587006, 814, 7006
4, 989, 34615814, 34619678, 814, 4678
4, 99, 3465814, 3469678, 814, 4678
4, 990, 34650814, 34656755, 814, 6755
4, 991, 34685814, 34689846, 814, 4846
4, 992, 34720814, 34729821, 814, 9821
4, 993, 34755814, 34759678, 814, 4678
4, 994, 34790814, 34795674, 814, 5674
4, 995, 34825814, 34830170, 814, 5170
4, 996, 34860814, 34865772, 814, 5772
4, 997, 34895814, 34899678, 814, 4678
4, 998, 34930814, 34935674, 814, 5674
4, 999, 34965814, 34970349, 814, 5349
5, 0, 463, 12756, 463, 12756
5, 1, 35463, 39239, 463, 4239
5, 10, 350463, 356268, 463, 6268
5, 100, 3500463, 3506268, 463, 6268
5, 1000, 35000463, 35007809, 463, 7809
5, 1001, 35035463, 35039239, 463, 4239
5, 1002, 35070463, 35075382, 463, 5382
5, 1003, 35105463, 35109239, 463, 4239
5, 1004, 35140463, 35145285, 463, 5285
5, 1005, 35175463, 35179820, 463, 4820
5, 1006, 35210463, 35215285, 463, 5285
5, 1007, 35245463, 35250036, 463, 5036
5, 1008, 35280463, 35287995, 463, 7995
5, 1009, 35315463, 35319239, 463, 4239
5, 101, 3535463, 3539239, 463, 4239
5, 1010, 35350463, 35356366, 463, 6366
5, 1011, 35385463, 35389239, 463, 4239
5, 1012, 35420463, 35425285, 463, 5285
5, 1013, 35455463, 35459239, 463, 4239
5, 1014, 35490463, 35495382, 463, 5382
5, 1015, 35525463, 35530035, 463, 5035
5, 1016, 35560463, 35567053, 463, 7053
5, 1017, 35595463, 35599239, 463, 4239
5, 1018, 35630463, 35635950, 463, 5950
5, 1019, 35665463, 35669239, 463, 4239
5, 102, 3570463, 3575382, 463, 5382
5, 1020, 35700463, 35706366, 463, 6366
5, 1021, 35735463, 35739239, 463, 4239
5, 1022, 35770463, 35775285, 463, 5285
5, 1023, 35805463, 35809423, 463, 4423
5, 1024, 35840463, 35847915, 463, 7915
5, 1025, 35875463, 35879732, 463, 4732
5, 1026, 35910463, 35916714, 463, 6714
5, 1027, 35945463, 35949239, 463, 4239
5, 1028, 35980463, 35985285, 463, 5285
5, 1029, 36015463, 36019239, 463, 4239
5, 103, 3605463, 3609418, 463, 4418
5, 1030, 36050463, 36056268, 463, 6268
5, 1031, 36085463, 36089418, 463, 4418
5, 1032, 36120463, 36127906, 463, 7906
5, 1033, 36155463, 36159239, 463, 4239
5, 1034, 36190463, 36195285, 463, 5285
5, 1035, 36225463, 36229820, 463, 4820
5, 1036, 36260463, 36265285, 463, 5285
5, 1037, 36295463, 36299618, 463, 4618
5, 1038, 36330463, 36335382, 463, 5382
5, 1039, 36365463, 36369407, 463, 4407
5, 104, 3640463, 3647053, 463, 7053
5, 1040, 36400463, 36408613, 463, 8613
5, 1041, 36435463, 36439239, 463, 4239
5, 1042, 36470463, 36475285, 463, 5285
5, 1043, 36505463, 36509239, 463, 4239
5, 1044, 36540463, 36545382, 463, 5382
5, 1045, 36575463, 36580636, 463, 5636
5, 1046, 36610463, 36615285, 463, 5285
5, 1047, 36645463, 36649491, 463, 4491
5, 1048, 36680463, 36686907, 463, 6907
5, 1049, 36715463, 36719239, 463, 4239
5, 105, 3675463, 3679820, 463, 4820
5, 1050, 36750463, 36756366, 463, 6366
5, 1051, 36785463, 36789239, 463, 4239
5, 1052, 36820463, 36825285, 463, 5285
5, 1053, 36855463, 36859239, 463, 4239
5, 1054, 36890463, 36895285, 463, 5285
5, 1055, 36925463, 36930025, 463, 5025
5, 1056, 36960463, 36969891, 463, 9891
5, 1057, 36995463, 36999239, 463, 4239
5, 1058, 37030463, 37035285, 463, 5285
5, 1059, 37065463, 37069239, 463, 4239
5, 106, 3710463, 3715950, 463, 5950
5, 1060, 37100463, 37106268, 463, 6268
5, 1061, 37135463, 37139239, 463, 4239
5, 1062, 37170463, 37175382, 463, 5382
5, 1063, 37205463, 37209418, 463, 4418
5, 1064, 37240463, 37248177, 463, 8177
5, 1065, 37275463, 37279820, 463, 4820
5, 1066, 37310463, 37315285, 463, 5285
5, 1067, 37345463, 37349239, 463, 4239
5, 1068, 37380463, 37385382, 463, 5382
5, 1069, 37415463, 37419239, 463, 4239
5, 107, 3745463, 3749239, 463, 4239
5, 1070, 37450463, 37456366, 463, 6366
5, 1071, 37485463, 37489423, 463, 4423
5, 1072, 37520463, 37528540, 463, 8540
5, 1073, 37555463, 37559239, 463, 4239
5, 1074, 37590463, 37595382, 463, 5382
5, 1075, 37625463, 37630236, 463, 5236
5, 1076, 37660463, 37665285, 463, 5285
5, 1077, 37695463, 37699239, 463, 4239
5, 1078, 37730463, 37735285, 463, 5285
5, 1079, 37765463, 37769418, 463, 4418
5, 108, 3780463, 3785382, 463, 5382
5, 1080, 37800463, 37807906, 463, 7906
5, 1081, 37835463, 37839239, 463, 4239
5, 1082, 37870463, 37875285, 463, 5285
5, 1083, 37905463, 37909833, 463, 4833
5, 1084, 37940463, 37945285, 463, 5285
5, 1085, 37975463, 37979732, 463, 4732
5, 1086, 38010463, 38015382, 463, 5382
5, 1087, 38045463, 38049407, 463, 4407
5, 1088, 38080463, 38087995, 463, 7995
5, 1089, 38115463, 38119239, 463, 4239
5, 109, 3815463, 3819239, 463, 4239
5, 1090, 38150463, 38156268, 463, 6268
5, 1091, 38185463, 38189239, 463, 4239
5, 1092, 38220463, 38225382, 463, 5382
5, 1093, 38255463, 38259239, 463, 4239
5, 1094, 38290463, 38296048, 463, 6048
5, 1095, 38325463, 38330108, 463, 5108
5, 1096, 38360463, 38366907, 463, 6907
5, 1097, 38395463, 38399239, 463, 4239
5, 1098, 38430463, 38435382, 463, 5382
5, 1099, 38465463, 38469239, 463, 4239
5, 11, 385463, 389618, 463, 4618
5, 110, 3850463, 3856366, 463, 6366
5, 1100, 38500463, 38506366, 463, 6366
5, 1101, 38535463, 38539239, 463, 4239
5, 1102, 38570463, 38577366, 463, 7366
5, 1103, 38605463, 38609407, 463, 4407
5, 1104, 38640463, 38647995, 463, 7995
5, 1105, 38675463, 38679732, 463, 4732
5, 1106, 38710463, 38715285, 463, 5285
5, 1107, 38745463, 38749239, 463, 4239
5, 1108, 38780463, 38785285, 463, 5285
5, 1109, 38815463, 38819239, 463, 4239
5, 111, 3885463, 3889423, 463, 4423
5, 1110, 38850463, 38856366, 463, 6366
5, 1111, 38885463, 38889418, 463, 4418
5, 1112, 38920463, 38927906, 463, 7906
5, 1113, 38955463, 38959634, 463, 4634
5, 1114, 38990463, 38995285, 463, 5285
5, 1115, 39025463, 39029732, 463, 4732
5, 1116, 39060463, 39065382, 463, 5382
5, 1117, 39095463, 39099239, 463, 4239
5, 1118, 39130463, 39135285, 463, 5285
5, 1119, 39165463, 39169423, 463, 4423
5, 112, 3920463, 3928540, 463, 8540
5, 1120, 39200463, 39208540, 463, 8540
5, 1121, 39235463, 39239812, 463, 4812
5, 1122, 39270463, 39275382, 463, 5382
5, 1123, 39305463, 39309239, 463, 4239
5, 1124, 39340463, 39345285, 463, 5285
5, 1125, 39375463, 39379820, 463, 4820
5, 1126, 39410463, 39415285, 463, 5285
5, 1127, 39445463, 39449418, 463, 4418
5, 1128, 39480463, 39487053, 463, 7053
5, 1129, 39515463, 39519239, 463, 4239
5, 113, 3955463, 3959239, 463, 4239
5, 1130, 39550463, 39556366, 463, 6366
5, 1131, 39585463, 39589239, 463, 4239
5, 1132, 39620463, 39626774, 463, 6774
5, 1133, 39655463, 39659239, 463, 4239
5, 1134, 39690463, 39695382, 463, 5382
5, 1135, 39725463, 39730025, 463, 5025
5, 1136, 39760463, 39767995, 463, 7995
5, 1137, 39795463, 39799239, 463, 4239
5, 1138, 39830463, 39835285, 463, 5285
5, 1139, 39865463, 39869239, 463, 4239
5, 114, 3990463, 3996714, 463, 6714
5, 1140, 39900463, 39907439, 463, 7439
5, 1141, 39935463, 39939239, 463, 4239
5, 1142, 39970463, 39975285, 463, 5285
5, 1143, 40005463, 40009491, 463, 4491
5, 1144, 40040463, 40046907, 463, 6907
5, 1145, 40075463, 40079732, 463, 4732
5, 1146, 40110463, 40115382, 463, 5382
5, 1147, 40145463, 40149239, 463, 4239
5, 1148, 40180463, 40185285, 463, 5285
5, 1149, 40215463, 40219239, 463, 4239
5, 115, 4025463, 4029732, 463, 4732
5, 1150, 40250463, 40256268, 463, 6268
5, 1151, 40285463, 40289787, 463, 4787
5, 1152, 40320463, 40328613, 463, 8613
5, 1153, 40355463, 40359239, 463, 4239
5, 1154, 40390463, 40395285, 463, 5285
5, 1155, 40425463, 40429820, 463, 4820
5, 1156, 40460463, 40465285, 463, 5285
5, 1157, 40495463, 40499239, 463, 4239
5, 1158, 40530463, 40535382, 463, 5382
5, 1159, 40565463, 40570050, 463, 5050
5, 116, 4060463, 4065285, 463, 5285
5, 1160, 40600463, 40607906, 463, 7906
5, 1161, 40635463, 40639239, 463, 4239
5, 1162, 40670463, 40675285, 463, 5285
5, 1163, 40705463, 40709239, 463, 4239
5, 1164, 40740463, 40745382, 463, 5382
5, 1165, 40775463, 40779732, 463, 4732
5, 1166, 40810463, 40815285, 463, 5285
5, 1167, 40845463, 40849423, 463, 4423
5, 1168, 40880463, 40887915, 463, 7915
5, 1169, 40915463, 40919239, 463, 4239
5, 117, 4095463, 4099239, 463, 4239
5, 1170, 40950463, 40956871, 463, 6871
5, 1171, 40985463, 40989239, 463, 4239
5, 1172, 41020463, 41025285, 463, 5285
5, 1173, 41055463, 41059239, 463, 4239
5, 1174, 41090463, 41095285, 463, 5285
5, 1175, 41125463, 41130035, 463, 5035
5, 1176, 41160463, 41167053, 463, 7053
5, 1177, 41195463, 41199239, 463, 4239
5, 1178, 41230463, 41236714, 463, 6714
5, 1179, 41265463, 41269239, 463, 4239
5, 118, 4130463, 4135285, 463, 5285
5, 1180, 41300463, 41306268, 463, 6268
5, 1181, 41335463, 41339239, 463, 4239
5, 1182, 41370463, 41375382, 463, 5382
5, 1183, 41405463, 41409407, 463, 4407
5, 1184, 41440463, 41447995, 463, 7995
5, 1185, 41475463, 41479820, 463, 4820
5, 1186, 41510463, 41515285, 463, 5285
5, 1187, 41545463, 41549239, 463, 4239
5, 1188, 41580463, 41585382, 463, 5382
5, 1189, 41615463, 41619618, 463, 4618
5, 119, 4165463, 4169418, 463, 4418
5, 1190, 41650463, 41656366, 463, 6366
5, 1191, 41685463, 41689491, 463, 4491
5, 1192, 41720463, 41727809, 463, 7809
5, 1193, 41755463, 41759239, 463, 4239
5, 1194, 41790463, 41795382, 463, 5382
5, 1195, 41825463, 41829732, 463, 4732
5, 1196, 41860463, 41865285, 463, 5285
5, 1197, 41895463, 41899833, 463, 4833
5, 1198, 41930463, 41935285, 463, 5285
5, 1199, 41965463, 41969407, 463, 4407
5, 12, 420463, 425382, 463, 5382
5, 120, 4200463, 4207906, 463, 7906
5, 1200, 42000463, 42008613, 463, 8613
5, 1201, 42035463, 42039239, 463, 4239
5, 1202, 42070463, 42075285, 463, 5285
5, 1203, 42105463, 42109239, 463, 4239
5, 1204, 42140463, 42145285, 463, 5285
5, 1205, 42175463, 42179732, 463, 4732
5, 1206, 42210463, 42215382, 463, 5382
5, 1207, 42245463, 42249418, 463, 4418
5, 1208, 42280463, 42287588, 463, 7588
5, 1209, 42315463, 42319239, 463, 4239
5, 121, 4235463, 4239239, 463, 4239
5, 1210, 42350463, 42356268, 463, 6268
5, 1211, 42385463, 42389239, 463, 4239
5, 1212, 42420463, 42425382, 463, 5382
5, 1213, 42455463, 42459239, 463, 4239
5, 1214, 42490463, 42495285, 463, 5285
5, 1215, 42525463, 42530098, 463, 5098
5, 1216, 42560463, 42572139, 463, 12139
5, 1217, 42595463, 42599239, 463, 4239
5, 1218, 42630463, 42635382, 463, 5382
5, 1219, 42665463, 42669239, 463, 4239
5, 122, 4270463, 4275285, 463, 5285
5, 1220, 42700463, 42706366, 463, 6366
5, 1221, 42735463, 42739239, 463, 4239
5, 1222, 42770463, 42775285, 463, 5285
5, 1223, 42805463, 42809418, 463, 4418
5, 1224, 42840463, 42847053, 463, 7053
5, 1225, 42875463, 42879732, 463, 4732
5, 1226, 42910463, 42915285, 463, 5285
5, 1227, 42945463, 42949634, 463, 4634
5, 1228, 42980463, 42985285, 463, 5285
5, 1229, 43015463, 43019239, 463, 4239
5, 123, 4305463, 4309239, 463, 4239
5, 1230, 43050463, 43056366, 463, 6366
5, 1231, 43085463, 43089407, 463, 4407
5, 1232, 43120463, 43128613, 463, 8613
5, 1233, 43155463, 43159239, 463, 4239
5, 1234, 43190463, 43195285, 463, 5285
5, 1235, 43225463, 43230636, 463, 5636
5, 1236, 43260463, 43265382, 463, 5382
5, 1237, 43295463, 43299239, 463, 4239
5, 1238, 43330463, 43335285, 463, 5285
5, 1239, 43365463, 43369491, 463, 4491
5, 124, 4340463, 4345285, 463, 5285
5, 1240, 43400463, 43407809, 463, 7809
5, 1241, 43435463, 43439239, 463, 4239
5, 1242, 43470463, 43475382, 463, 5382
5, 1243, 43505463, 43509239, 463, 4239
5, 1244, 43540463, 43545285, 463, 5285
5, 1245, 43575463, 43579820, 463, 4820
5, 1246, 43610463, 43615950, 463, 5950
5, 1247, 43645463, 43649407, 463, 4407
5, 1248, 43680463, 43687995, 463, 7995
5, 1249, 43715463, 43719239, 463, 4239
5, 125, 4375463, 4380236, 463, 5236
5, 1250, 43750463, 43756366, 463, 6366
5, 1251, 43785463, 43789239, 463, 4239
5, 1252, 43820463, 43825285, 463, 5285
5, 1253, 43855463, 43859239, 463, 4239
5, 1254, 43890463, 43896714, 463, 6714
5, 1255, 43925463, 43930035, 463, 5035
5, 1256, 43960463, 43967053, 463, 7053
5, 1257, 43995463, 43999239, 463, 4239
5, 1258, 44030463, 44035285, 463, 5285
5, 1259, 44065463, 44069239, 463, 4239
5, 126, 4410463, 4415382, 463, 5382
5, 1260, 44100463, 44106366, 463, 6366
5, 1261, 44135463, 44139239, 463, 4239
5, 1262, 44170463, 44175285, 463, 5285
5, 1263, 44205463, 44209423, 463, 4423
5, 1264, 44240463, 44247915, 463, 7915
5, 1265, 44275463, 44280236, 463, 5236
5, 1266, 44310463, 44315382, 463, 5382
5, 1267, 44345463, 44349239, 463, 4239
5, 1268, 44380463, 44385285, 463, 5285
5, 1269, 44415463, 44419239, 463, 4239
5, 127, 4445463, 4449407, 463, 4407
5, 1270, 44450463, 44456268, 463, 6268
5, 1271, 44485463, 44489418, 463, 4418
5, 1272, 44520463, 44527906, 463, 7906
5, 1273, 44555463, 44559812, 463, 4812
5, 1274, 44590463, 44595285, 463, 5285
5, 1275, 44625463, 44629820, 463, 4820
5, 1276, 44660463, 44665285, 463, 5285
5, 1277, 44695463, 44699239, 463, 4239
5, 1278, 44730463, 44735382, 463, 5382
5, 1279, 44765463, 44769407, 463, 4407
5, 128, 4480463, 4487995, 463, 7995
5, 1280, 44800463, 44808613, 463, 8613
5, 1281, 44835463, 44839239, 463, 4239
5, 1282, 44870463, 44875285, 463, 5285
5, 1283, 44905463, 44909239, 463, 4239
5, 1284, 44940463, 44946048, 463, 6048
5, 1285, 44975463, 44979732, 463, 4732
5, 1286, 45010463, 45015285, 463, 5285
5, 1287, 45045463, 45049491, 463, 4491
5, 1288, 45080463, 45086907, 463, 6907
5, 1289, 45115463, 45119239, 463, 4239
5, 129, 4515463, 4519239, 463, 4239
5, 1290, 45150463, 45156366, 463, 6366
5, 1291, 45185463, 45189239, 463, 4239
5, 1292, 45220463, 45227439, 463, 7439
5, 1293, 45255463, 45259239, 463, 4239
5, 1294, 45290463, 45295285, 463, 5285
5, 1295, 45325463, 45330025, 463, 5025
5, 1296, 45360463, 45367995, 463, 7995
5, 1297, 45395463, 45399239, 463, 4239
5, 1298, 45430463, 45435285, 463, 5285
5, 1299, 45465463, 45469239, 463, 4239
5, 13, 455463, 459239, 463, 4239
5, 130, 4550463, 4556268, 463, 6268
5, 1300, 45500463, 45506268, 463, 6268
5, 1301, 45535463, 45539239, 463, 4239
5, 1302, 45570463, 45575382, 463, 5382
5, 1303, 45605463, 45612655, 463, 7655
5, 1304, 45640463, 45647053, 463, 7053
5, 1305, 45675463, 45679820, 463, 4820
5, 1306, 45710463, 45715285, 463, 5285
5, 1307, 45745463, 45749239, 463, 4239
5, 1308, 45780463, 45785382, 463, 5382
5, 1309, 45815463, 45819239, 463, 4239
5, 131, 4585463, 4589239, 463, 4239
5, 1310, 45850463, 45856366, 463, 6366
5, 1311, 45885463, 45890134, 463, 5134
5, 1312, 45920463, 45928540, 463, 8540
5, 1313, 45955463, 45959239, 463, 4239
5, 1314, 45990463, 45995382, 463, 5382
5, 1315, 46025463, 46029732, 463, 4732
5, 1316, 46060463, 46065285, 463, 5285
5, 1317, 46095463, 46099239, 463, 4239
5, 1318, 46130463, 46135285, 463, 5285
5, 1319, 46165463, 46169418, 463, 4418
5, 132, 4620463, 4625382, 463, 5382
5, 1320, 46200463, 46207906, 463, 7906
5, 1321, 46235463, 46239239, 463, 4239
5, 1322, 46270463, 46276871, 463, 6871
5, 1323, 46305463, 46309239, 463, 4239
5, 1324, 46340463, 46345285, 463, 5285
5, 1325, 46375463, 46379732, 463, 4732
5, 1326, 46410463, 46415382, 463, 5382
5, 1327, 46445463, 46449407, 463, 4407
5, 1328, 46480463, 46487995, 463, 7995
5, 1329, 46515463, 46519239, 463, 4239
5, 133, 4655463, 4659812, 463, 4812
5, 1330, 46550463, 46557366, 463, 7366
5, 1331, 46585463, 46589239, 463, 4239
5, 1332, 46620463, 46625382, 463, 5382
5, 1333, 46655463, 46659239, 463, 4239
5, 1334, 46690463, 46695285, 463, 5285
5, 1335, 46725463, 46730108, 463, 5108
5, 1336, 46760463, 46766907, 463, 6907
5, 1337, 46795463, 46799239, 463, 4239
5, 1338, 46830463, 46835382, 463, 5382
5, 1339, 46865463, 46869239, 463, 4239
5, 134, 4690463, 4695285, 463, 5285
5, 1340, 46900463, 46906366, 463, 6366
5, 1341, 46935463, 46939634, 463, 4634
5, 1342, 46970463, 46975285, 463, 5285
5, 1343, 47005463, 47009407, 463, 4407
5, 1344, 47040463, 47047995, 463, 7995
5, 1345, 47075463, 47079732, 463, 4732
5, 1346, 47110463, 47115285, 463, 5285
5, 1347, 47145463, 47149239, 463, 4239
5, 1348, 47180463, 47185285, 463, 5285
5, 1349, 47215463, 47219812, 463, 4812
5, 135, 4725463, 4730108, 463, 5108
5, 1350, 47250463, 47256366, 463, 6366
5, 1351, 47285463, 47289418, 463, 4418
5, 1352, 47320463, 47327906, 463, 7906
5, 1353, 47355463, 47359239, 463, 4239
5, 1354, 47390463, 47395285, 463, 5285
5, 1355, 47425463, 47429732, 463, 4732
5, 1356, 47460463, 47465382, 463, 5382
5, 1357, 47495463, 47499239, 463, 4239
5, 1358, 47530463, 47535285, 463, 5285
5, 1359, 47565463, 47569423, 463, 4423
5, 136, 4760463, 4766907, 463, 6907
5, 1360, 47600463, 47610436, 463, 10436
5, 1361, 47635463, 47639239, 463, 4239
5, 1362, 47670463, 47675382, 463, 5382
5, 1363, 47705463, 47709239, 463, 4239
5, 1364, 47740463, 47745285, 463, 5285
5, 1365, 47775463, 47779820, 463, 4820
5, 1366, 47810463, 47815285, 463, 5285
5, 1367, 47845463, 47849418, 463, 4418
5, 1368, 47880463, 47888177, 463, 8177
5, 1369, 47915463, 47919239, 463, 4239
5, 137, 4795463, 4799239, 463, 4239
5, 1370, 47950463, 47956366, 463, 6366
5, 1371, 47985463, 47989239, 463, 4239
5, 1372, 48020463, 48025285, 463, 5285
5, 1373, 48055463, 48059239, 463, 4239
5, 1374, 48090463, 48095382, 463, 5382
5, 1375, 48125463, 48130025, 463, 5025
5, 1376, 48160463, 48167995, 463, 7995
5, 1377, 48195463, 48199239, 463, 4239
5, 1378, 48230463, 48235285, 463, 5285
5, 1379, 48265463, 48269618, 463, 4618
5, 138, 4830463, 4835382, 463, 5382
5, 1380, 48300463, 48306366, 463, 6366
5, 1381, 48335463, 48339239, 463, 4239
5, 1382, 48370463, 48375285, 463, 5285
5, 1383, 48405463, 48409491, 463, 4491
5, 1384, 48440463, 48446907, 463, 6907
5, 1385, 48475463, 48479732, 463, 4732
5, 1386, 48510463, 48515382, 463, 5382
5, 1387, 48545463, 48549812, 463, 4812
5, 1388, 48580463, 48585285, 463, 5285
5, 1389, 48615463, 48619239, 463, 4239
5, 139, 4865463, 4869239, 463, 4239
5, 1390, 48650463, 48656268, 463, 6268
5, 1391, 48685463, 48689407, 463, 4407
5, 1392, 48720463, 48728613, 463, 8613
5, 1393, 48755463, 48759239, 463, 4239
5, 1394, 48790463, 48795285, 463, 5285
5, 1395, 48825463, 48829820, 463, 4820
5, 1396, 48860463, 48865285, 463, 5285
5, 1397, 48895463, 48899239, 463, 4239
5, 1398, 48930463, 48936048, 463, 6048
5, 1399, 48965463, 48969418, 463, 4418
5, 14, 490463, 495285, 463, 5285
5, 140, 4900463, 4906366, 463, 6366
5, 1400, 49000463, 49007906, 463, 7906
5, 1401, 49035463, 49039239, 463, 4239
5, 1402, 49070463, 49075285, 463, 5285
5, 1403, 49105463, 49109239, 463, 4239
5, 1404, 49140463, 49145382, 463, 5382
5, 1405, 49175463, 49179732, 463, 4732
5, 1406, 49210463, 49216714, 463, 6714
5, 1407, 49245463, 49249423, 463, 4423
5, 1408, 49280463, 49287915, 463, 7915
5, 1409, 49315463, 49319239, 463, 4239
5, 141, 4935463, 4939239, 463, 4239
5, 1410, 49350463, 49356366, 463, 6366
5, 1411, 49385463, 49389239, 463, 4239
5, 1412, 49420463, 49425285, 463, 5285
5, 1413, 49455463, 49459239, 463, 4239
5, 1414, 49490463, 49495285, 463, 5285
5, 1415, 49525463, 49530035, 463, 5035
5, 1416, 49560463, 49567053, 463, 7053
5, 1417, 49595463, 49599618, 463, 4618
5, 1418, 49630463, 49635285, 463, 5285
5, 1419, 49665463, 49669239, 463, 4239
5, 142, 4970463, 4975285, 463, 5285
5, 1420, 49700463, 49706268, 463, 6268
5, 1421, 49735463, 49739239, 463, 4239
5, 1422, 49770463, 49775382, 463, 5382
5, 1423, 49805463, 49809407, 463, 4407
5, 1424, 49840463, 49847995, 463, 7995
5, 1425, 49875463, 49880733, 463, 5733
5, 1426, 49910463, 49915285, 463, 5285
5, 1427, 49945463, 49949239, 463, 4239
5, 1428, 49980463, 49985382, 463, 5382
5, 1429, 50015463, 50019239, 463, 4239
5, 143, 5005463, 5009407, 463, 4407
5, 1430, 50050463, 50056366, 463, 6366
5, 1431, 50085463, 50089491, 463, 4491
5, 1432, 50120463, 50127809, 463, 7809
5, 1433, 50155463, 50159239, 463, 4239
5, 1434, 50190463, 50195382, 463, 5382
5, 1435, 50225463, 50229732, 463, 4732
5, 1436, 50260463, 50266048, 463, 6048
5, 1437, 50295463, 50299239, 463, 4239
5, 1438, 50330463, 50335285, 463, 5285
5, 1439, 50365463, 50369407, 463, 4407
5, 144, 5040463, 5049891, 463, 9891
5, 1440, 50400463, 50408613, 463, 8613
5, 1441, 50435463, 50439239, 463, 4239
5, 1442, 50470463, 50475285, 463, 5285
5, 1443, 50505463, 50509239, 463, 4239
5, 1444, 50540463, 50546617, 463, 6617
5, 1445, 50575463, 50579732, 463, 4732
5, 1446, 50610463, 50615382, 463, 5382
5, 1447, 50645463, 50649418, 463, 4418
5, 1448, 50680463, 50687053, 463, 7053
5, 1449, 50715463, 50719239, 463, 4239
5, 145, 5075463, 5079732, 463, 4732
5, 1450, 50750463, 50756268, 463, 6268
5, 1451, 50785463, 50789239, 463, 4239
5, 1452, 50820463, 50825382, 463, 5382
5, 1453, 50855463, 50859239, 463, 4239
5, 1454, 50890463, 50895285, 463, 5285
5, 1455, 50925463, 50930477, 463, 5477
5, 1456, 50960463, 50967915, 463, 7915
5, 1457, 50995463, 50999239, 463, 4239
5, 1458, 51030463, 51035382, 463, 5382
5, 1459, 51065463, 51069239, 463, 4239
5, 146, 5110463, 5115285, 463, 5285
5, 1460, 51100463, 51106366, 463, 6366
5, 1461, 51135463, 51139239, 463, 4239
5, 1462, 51170463, 51175285, 463, 5285
5, 1463, 51205463, 51210050, 463, 5050
5, 1464, 51240463, 51247053, 463, 7053
5, 1465, 51275463, 51279732, 463, 4732
5, 1466, 51310463, 51315285, 463, 5285
5, 1467, 51345463, 51349239, 463, 4239
5, 1468, 51380463, 51385285, 463, 5285
5, 1469, 51415463, 51419239, 463, 4239
5, 147, 5145463, 5149239, 463, 4239
5, 1470, 51450463, 51456366, 463, 6366
5, 1471, 51485463, 51489407, 463, 4407
5, 1472, 51520463, 51528613, 463, 8613
5, 1473, 51555463, 51559239, 463, 4239
5, 1474, 51590463, 51595950, 463, 5950
5, 1475, 51625463, 51629732, 463, 4732
5, 1476, 51660463, 51665382, 463, 5382
5, 1477, 51695463, 51699239, 463, 4239
5, 1478, 51730463, 51735285, 463, 5285
5, 1479, 51765463, 51769491, 463, 4491
5, 148, 5180463, 5185285, 463, 5285
5, 1480, 51800463, 51807809, 463, 7809
5, 1481, 51835463, 51839239, 463, 4239
5, 1482, 51870463, 51877439, 463, 7439
5, 1483, 51905463, 51909239, 463, 4239
5, 1484, 51940463, 51945285, 463, 5285
5, 1485, 51975463, 51979820, 463, 4820
5, 1486, 52010463, 52015285, 463, 5285
5, 1487, 52045463, 52049407, 463, 4407
5, 1488, 52080463, 52087995, 463, 7995
5, 1489, 52115463, 52119239, 463, 4239
5, 149, 5215463, 5219239, 463, 4239
5, 1490, 52150463, 52156366, 463, 6366
5, 1491, 52185463, 52189239, 463, 4239
5, 1492, 52220463, 52225285, 463, 5285
5, 1493, 52255463, 52259618, 463, 4618
5, 1494, 52290463, 52295382, 463, 5382
5, 1495, 52325463, 52330035, 463, 5035
5, 1496, 52360463, 52367053, 463, 7053
5, 1497, 52395463, 52399239, 463, 4239
5, 1498, 52430463, 52435285, 463, 5285
5, 1499, 52465463, 52469239, 463, 4239
5, 15, 525463, 530098, 463, 5098
5, 150, 5250463, 5256366, 463, 6366
5, 1500, 52500463, 52506366, 463, 6366
5, 1501, 52535463, 52539812, 463, 4812
5, 1502, 52570463, 52575285, 463, 5285
5, 1503, 52605463, 52609423, 463, 4423
5, 1504, 52640463, 52647915, 463, 7915
5, 1505, 52675463, 52679732, 463, 4732
5, 1506, 52710463, 52715382, 463, 5382
5, 1507, 52745463, 52749239, 463, 4239
5, 1508, 52780463, 52785285, 463, 5285
5, 1509, 52815463, 52819239, 463, 4239
5, 151, 5285463, 5289418, 463, 4418
5, 1510, 52850463, 52856268, 463, 6268
5, 1511, 52885463, 52889418, 463, 4418
5, 1512, 52920463, 52928295, 463, 8295
5, 1513, 52955463, 52959239, 463, 4239
5, 1514, 52990463, 52995285, 463, 5285
5, 1515, 53025463, 53029820, 463, 4820
5, 1516, 53060463, 53065285, 463, 5285
5, 1517, 53095463, 53099239, 463, 4239
5, 1518, 53130463, 53135382, 463, 5382
5, 1519, 53165463, 53169407, 463, 4407
5, 152, 5320463, 5328794, 463, 8794
5, 1520, 53200463, 53212185, 463, 12185
5, 1521, 53235463, 53239239, 463, 4239
5, 1522, 53270463, 53275285, 463, 5285
5, 1523, 53305463, 53309239, 463, 4239
5, 1524, 53340463, 53345382, 463, 5382
5, 1525, 53375463, 53379732, 463, 4732
5, 1526, 53410463, 53415285, 463, 5285
5, 1527, 53445463, 53449491, 463, 4491
5, 1528, 53480463, 53486907, 463, 6907
5, 1529, 53515463, 53519239, 463, 4239
5, 153, 5355463, 5359239, 463, 4239
5, 1530, 53550463, 53556366, 463, 6366
5, 1531, 53585463, 53589618, 463, 4618
5, 1532, 53620463, 53625285, 463, 5285
5, 1533, 53655463, 53659239, 463, 4239
5, 1534, 53690463, 53695285, 463, 5285
5, 1535, 53725463, 53730025, 463, 5025
5, 1536, 53760463, 53767995, 463, 7995
5, 1537, 53795463, 53799239, 463, 4239
5, 1538, 53830463, 53835285, 463, 5285
5, 1539, 53865463, 53869833, 463, 4833
5, 154, 5390463, 5395285, 463, 5285
5, 1540, 53900463, 53906268, 463, 6268
5, 1541, 53935463, 53939239, 463, 4239
5, 1542, 53970463, 53975382, 463, 5382
5, 1543, 54005463, 54009418, 463, 4418
5, 1544, 54040463, 54047053, 463, 7053
5, 1545, 54075463, 54079820, 463, 4820
5, 1546, 54110463, 54115285, 463, 5285
5, 1547, 54145463, 54149239, 463, 4239
5, 1548, 54180463, 54185382, 463, 5382
5, 1549, 54215463, 54219239, 463, 4239
5, 155, 5425463, 5429732, 463, 4732
5, 1550, 54250463, 54256871, 463, 6871
5, 1551, 54285463, 54289423, 463, 4423
5, 1552, 54320463, 54328540, 463, 8540
5, 1553, 54355463, 54359239, 463, 4239
5, 1554, 54390463, 54395382, 463, 5382
5, 1555, 54425463, 54429732, 463, 4732
5, 1556, 54460463, 54465285, 463, 5285
5, 1557, 54495463, 54499239, 463, 4239
5, 1558, 54530463, 54536617, 463, 6617
5, 1559, 54565463, 54569418, 463, 4418
5, 156, 5460463, 5465382, 463, 5382
5, 1560, 54600463, 54607906, 463, 7906
5, 1561, 54635463, 54639239, 463, 4239
5, 1562, 54670463, 54675285, 463, 5285
5, 1563, 54705463, 54709239, 463, 4239
5, 1564, 54740463, 54745285, 463, 5285
5, 1565, 54775463, 54779732, 463, 4732
5, 1566, 54810463, 54815382, 463, 5382
5, 1567, 54845463, 54849407, 463, 4407
5, 1568, 54880463, 54887995, 463, 7995
5, 1569, 54915463, 54919634, 463, 4634
5, 157, 5495463, 5499239, 463, 4239
5, 1570, 54950463, 54956268, 463, 6268
5, 1571, 54985463, 54989239, 463, 4239
5, 1572, 55020463, 55025382, 463, 5382
5, 1573, 55055463, 55059239, 463, 4239
5, 1574, 55090463, 55095285, 463, 5285
5, 1575, 55125463, 55130108, 463, 5108
5, 1576, 55160463, 55166907, 463, 6907
5, 1577, 55195463, 55199812, 463, 4812
5, 1578, 55230463, 55235382, 463, 5382
5, 1579, 55265463, 55269239, 463, 4239
5, 158, 5530463, 5535285, 463, 5285
5, 1580, 55300463, 55306366, 463, 6366
5, 1581, 55335463, 55339239, 463, 4239
5, 1582, 55370463, 55375285, 463, 5285
5, 1583, 55405463, 55409407, 463, 4407
5, 1584, 55440463, 55447995, 463, 7995
5, 1585, 55475463, 55479732, 463, 4732
5, 1586, 55510463, 55515285, 463, 5285
5, 1587, 55545463, 55549239, 463, 4239
5, 1588, 55580463, 55585950, 463, 5950
5, 1589, 55615463, 55619239, 463, 4239
5, 159, 5565463, 5569423, 463, 4423
5, 1590, 55650463, 55656366, 463, 6366
5, 1591, 55685463, 55689418, 463, 4418
5, 1592, 55720463, 55727906, 463, 7906
5, 1593, 55755463, 55759239, 463, 4239
5, 1594, 55790463, 55795285, 463, 5285
5, 1595, 55825463, 55829732, 463, 4732
5, 1596, 55860463, 55866714, 463, 6714
5, 1597, 55895463, 55899239, 463, 4239
5, 1598, 55930463, 55935285, 463, 5285
5, 1599, 55965463, 55969423, 463, 4423
5, 16, 560463, 567915, 463, 7915
5, 160, 5600463, 5608540, 463, 8540
5, 1600, 56000463, 56008540, 463, 8540
5, 1601, 56035463, 56039239, 463, 4239
5, 1602, 56070463, 56075382, 463, 5382
5, 1603, 56105463, 56109239, 463, 4239
5, 1604, 56140463, 56145285, 463, 5285
5, 1605, 56175463, 56179820, 463, 4820
5, 1606, 56210463, 56215285, 463, 5285
5, 1607, 56245463, 56249797, 463, 4797
5, 1608, 56280463, 56287053, 463, 7053
5, 1609, 56315463, 56319239, 463, 4239
5, 161, 5635463, 5639239, 463, 4239
5, 1610, 56350463, 56356366, 463, 6366
5, 1611, 56385463, 56389239, 463, 4239
5, 1612, 56420463, 56425285, 463, 5285
5, 1613, 56455463, 56459239, 463, 4239
5, 1614, 56490463, 56495382, 463, 5382
5, 1615, 56525463, 56531379, 463, 6379
5, 1616, 56560463, 56567995, 463, 7995
5, 1617, 56595463, 56599239, 463, 4239
5, 1618, 56630463, 56635285, 463, 5285
5, 1619, 56665463, 56669239, 463, 4239
5, 162, 5670463, 5675382, 463, 5382
5, 1620, 56700463, 56706366, 463, 6366
5, 1621, 56735463, 56739239, 463, 4239
5, 1622, 56770463, 56775285, 463, 5285
5, 1623, 56805463, 56809491, 463, 4491
5, 1624, 56840463, 56846907, 463, 6907
5, 1625, 56875463, 56879732, 463, 4732
5, 1626, 56910463, 56916048, 463, 6048
5, 1627, 56945463, 56949239, 463, 4239
5, 1628, 56980463, 56985285, 463, 5285
5, 1629, 57015463, 57019239, 463, 4239
5, 163, 5705463, 5709618, 463, 4618
5, 1630, 57050463, 57056268, 463, 6268
5, 1631, 57085463, 57089407, 463, 4407
5, 1632, 57120463, 57128613, 463, 8613
5, 1633, 57155463, 57159239, 463, 4239
5, 1634, 57190463, 57196714, 463, 6714
5, 1635, 57225463, 57229820, 463, 4820
5, 1636, 57260463, 57265285, 463, 5285
5, 1637, 57295463, 57299239, 463, 4239
5, 1638, 57330463, 57335382, 463, 5382
5, 1639, 57365463, 57369418, 463, 4418
5, 164, 5740463, 5745285, 463, 5285
5, 1640, 57400463, 57407906, 463, 7906
5, 1641, 57435463, 57439239, 463, 4239
5, 1642, 57470463, 57475285, 463, 5285
5, 1643, 57505463, 57509239, 463, 4239
5, 1644, 57540463, 57545382, 463, 5382
5, 1645, 57575463, 57580236, 463, 5236
5, 1646, 57610463, 57615285, 463, 5285
5, 1647, 57645463, 57649423, 463, 4423
5, 1648, 57680463, 57687915, 463, 7915
5, 1649, 57715463, 57719239, 463, 4239
5, 165, 5775463, 5779820, 463, 4820
5, 1650, 57750463, 57756366, 463, 6366
5, 1651, 57785463, 57789239, 463, 4239
5, 1652, 57820463, 57825285, 463, 5285
5, 1653, 57855463, 57859833, 463, 4833
5, 1654, 57890463, 57895285, 463, 5285
5, 1655, 57925463, 57930035, 463, 5035
5, 1656, 57960463, 57967053, 463, 7053
5, 1657, 57995463, 57999239, 463, 4239
5, 1658, 58030463, 58035285, 463, 5285
5, 1659, 58065463, 58069239, 463, 4239
5, 166, 5810463, 5815285, 463, 5285
5, 1660, 58100463, 58106268, 463, 6268
5, 1661, 58135463, 58139239, 463, 4239
5, 1662, 58170463, 58175382, 463, 5382
5, 1663, 58205463, 58209407, 463, 4407
5, 1664, 58240463, 58249891, 463, 9891
5, 1665, 58275463, 58279820, 463, 4820
5, 1666, 58310463, 58315285, 463, 5285
5, 1667, 58345463, 58349239, 463, 4239
5, 1668, 58380463, 58385382, 463, 5382
5, 1669, 58415463, 58419239, 463, 4239
5, 167, 5845463, 5849418, 463, 4418
5, 1670, 58450463, 58456366, 463, 6366
5, 1671, 58485463, 58489491, 463, 4491
5, 1672, 58520463, 58528721, 463, 8721
5, 1673, 58555463, 58559239, 463, 4239
5, 1674, 58590463, 58595382, 463, 5382
5, 1675, 58625463, 58629732, 463, 4732
5, 1676, 58660463, 58665285, 463, 5285
5, 1677, 58695463, 58699239, 463, 4239
5, 1678, 58730463, 58735285, 463, 5285
5, 1679, 58765463, 58769407, 463, 4407
5, 168, 5880463, 5887053, 463, 7053
5, 1680, 58800463, 58808613, 463, 8613
5, 1681, 58835463, 58839239, 463, 4239
5, 1682, 58870463, 58875285, 463, 5285
5, 1683, 58905463, 58909634, 463, 4634
5, 1684, 58940463, 58945285, 463, 5285
5, 1685, 58975463, 58979732, 463, 4732
5, 1686, 59010463, 59015382, 463, 5382
5, 1687, 59045463, 59049418, 463, 4418
5, 1688, 59080463, 59087053, 463, 7053
5, 1689, 59115463, 59119239, 463, 4239
5, 169, 5915463, 5919239, 463, 4239
5, 1690, 59150463, 59156268, 463, 6268
5, 1691, 59185463, 59189812, 463, 4812
5, 1692, 59220463, 59225382, 463, 5382
5, 1693, 59255463, 59259239, 463, 4239
5, 1694, 59290463, 59295285, 463, 5285
5, 1695, 59325463, 59330098, 463, 5098
5, 1696, 59360463, 59367915, 463, 7915
5, 1697, 59395463, 59399239, 463, 4239
5, 1698, 59430463, 59435382, 463, 5382
5, 1699, 59465463, 59469239, 463, 4239
5, 17, 595463, 599239, 463, 4239
5, 170, 5950463, 5956366, 463, 6366
5, 1700, 59500463, 59506366, 463, 6366
5, 1701, 59535463, 59539239, 463, 4239
5, 1702, 59570463, 59576774, 463, 6774
5, 1703, 59605463, 59609418, 463, 4418
5, 1704, 59640463, 59647053, 463, 7053
5, 1705, 59675463, 59679732, 463, 4732
5, 1706, 59710463, 59715285, 463, 5285
5, 1707, 59745463, 59749239, 463, 4239
5, 1708, 59780463, 59785285, 463, 5285
5, 1709, 59815463, 59819239, 463, 4239
5, 171, 5985463, 5989833, 463, 4833
5, 1710, 59850463, 59857439, 463, 7439
5, 1711, 59885463, 59889407, 463, 4407
5, 1712, 59920463, 59928613, 463, 8613
5, 1713, 59955463, 59959239, 463, 4239
5, 1714, 59990463, 59995285, 463, 5285
5, 1715, 60025463, 60029732, 463, 4732
5, 1716, 60060463, 60065382, 463, 5382
5, 1717, 60095463, 60099239, 463, 4239
5, 1718, 60130463, 60135285, 463, 5285
5, 1719, 60165463, 60169491, 463, 4491
5, 172, 6020463, 6025285, 463, 5285
5, 1720, 60200463, 60207809, 463, 7809
5, 1721, 60235463, 60239618, 463, 4618
5, 1722, 60270463, 60275382, 463, 5382
5, 1723, 60305463, 60309239, 463, 4239
5, 1724, 60340463, 60345285, 463, 5285
5, 1725, 60375463, 60379820, 463, 4820
5, 1726, 60410463, 60415285, 463, 5285
5, 1727, 60445463, 60449407, 463, 4407
5, 1728, 60480463, 60487995, 463, 7995
5, 1729, 60515463, 60519812, 463, 4812
5, 173, 6055463, 6059239, 463, 4239
5, 1730, 60550463, 60556366, 463, 6366
5, 1731, 60585463, 60589239, 463, 4239
5, 1732, 60620463, 60625285, 463, 5285
5, 1733, 60655463, 60659239, 463, 4239
5, 1734, 60690463, 60695382, 463, 5382
5, 1735, 60725463, 60730035, 463, 5035
5, 1736, 60760463, 60767053, 463, 7053
5, 1737, 60795463, 60799239, 463, 4239
5, 1738, 60830463, 60835285, 463, 5285
5, 1739, 60865463, 60869239, 463, 4239
5, 174, 6090463, 6095382, 463, 5382
5, 1740, 60900463, 60906871, 463, 6871
5, 1741, 60935463, 60939239, 463, 4239
5, 1742, 60970463, 60975285, 463, 5285
5, 1743, 61005463, 61009423, 463, 4423
5, 1744, 61040463, 61047915, 463, 7915
5, 1745, 61075463, 61079732, 463, 4732
5, 1746, 61110463, 61115382, 463, 5382
5, 1747, 61145463, 61149239, 463, 4239
5, 1748, 61180463, 61186714, 463, 6714
5, 1749, 61215463, 61219239, 463, 4239
5, 175, 6125463, 6130025, 463, 5025
5, 1750, 61250463, 61256268, 463, 6268
5, 1751, 61285463, 61289418, 463, 4418
5, 1752, 61320463, 61327906, 463, 7906
5, 1753, 61355463, 61359239, 463, 4239
5, 1754, 61390463, 61395285, 463, 5285
5, 1755, 61425463, 61429820, 463, 4820
5, 1756, 61460463, 61465285, 463, 5285
5, 1757, 61495463, 61499239, 463, 4239
5, 1758, 61530463, 61535382, 463, 5382
5, 1759, 61565463, 61569787, 463, 4787
5, 176, 6160463, 6167995, 463, 7995
5, 1760, 61600463, 61608613, 463, 8613
5, 1761, 61635463, 61639239, 463, 4239
5, 1762, 61670463, 61675285, 463, 5285
5, 1763, 61705463, 61709239, 463, 4239
5, 1764, 61740463, 61745382, 463, 5382
5, 1765, 61775463, 61779732, 463, 4732
5, 1766, 61810463, 61815285, 463, 5285
5, 1767, 61845463, 61850147, 463, 5147
5, 1768, 61880463, 61886907, 463, 6907
5, 1769, 61915463, 61919239, 463, 4239
5, 177, 6195463, 6199239, 463, 4239
5, 1770, 61950463, 61956366, 463, 6366
5, 1771, 61985463, 61989239, 463, 4239
5, 1772, 62020463, 62025285, 463, 5285
5, 1773, 62055463, 62059239, 463, 4239
5, 1774, 62090463, 62095285, 463, 5285
5, 1775, 62125463, 62130025, 463, 5025
5, 1776, 62160463, 62167995, 463, 7995
5, 1777, 62195463, 62199239, 463, 4239
5, 1778, 62230463, 62236048, 463, 6048
5, 1779, 62265463, 62269239, 463, 4239
5, 178, 6230463, 6235285, 463, 5285
5, 1780, 62300463, 62306268, 463, 6268
5, 1781, 62335463, 62339239, 463, 4239
5, 1782, 62370463, 62375382, 463, 5382
5, 1783, 62405463, 62409418, 463, 4418
5, 1784, 62440463, 62447053, 463, 7053
5, 1785, 62475463, 62479820, 463, 4820
5, 1786, 62510463, 62516617, 463, 6617
5, 1787, 62545463, 62549239, 463, 4239
5, 1788, 62580463, 62585382, 463, 5382
5, 1789, 62615463, 62619239, 463, 4239
5, 179, 6265463, 6269239, 463, 4239
5, 1790, 62650463, 62656366, 463, 6366
5, 1791, 62685463, 62689423, 463, 4423
5, 1792, 62720463, 62728540, 463, 8540
5, 1793, 62755463, 62759239, 463, 4239
5, 1794, 62790463, 62795382, 463, 5382
5, 1795, 62825463, 62829732, 463, 4732
5, 1796, 62860463, 62865285, 463, 5285
5, 1797, 62895463, 62899634, 463, 4634
5, 1798, 62930463, 62935285, 463, 5285
5, 1799, 62965463, 62969418, 463, 4418
5, 18, 630463, 635382, 463, 5382
5, 180, 6300463, 6306366, 463, 6366
5, 1800, 63000463, 63007906, 463, 7906
5, 1801, 63035463, 63039239, 463, 4239
5, 1802, 63070463, 63075285, 463, 5285
5, 1803, 63105463, 63109239, 463, 4239
5, 1804, 63140463, 63145285, 463, 5285
5, 1805, 63175463, 63180636, 463, 5636
5, 1806, 63210463, 63215382, 463, 5382
5, 1807, 63245463, 63249407, 463, 4407
5, 1808, 63280463, 63287995, 463, 7995
5, 1809, 63315463, 63319239, 463, 4239
5, 181, 6335463, 6339239, 463, 4239
5, 1810, 63350463, 63356268, 463, 6268
5, 1811, 63385463, 63389239, 463, 4239
5, 1812, 63420463, 63425382, 463, 5382
5, 1813, 63455463, 63459239, 463, 4239
5, 1814, 63490463, 63495285, 463, 5285
5, 1815, 63525463, 63530108, 463, 5108
5, 1816, 63560463, 63567491, 463, 7491
5, 1817, 63595463, 63599239, 463, 4239
5, 1818, 63630463, 63635382, 463, 5382
5, 1819, 63665463, 63669239, 463, 4239
5, 182, 6370463, 6376871, 463, 6871
5, 1820, 63700463, 63706366, 463, 6366
5, 1821, 63735463, 63739239, 463, 4239
5, 1822, 63770463, 63775285, 463, 5285
5, 1823, 63805463, 63809407, 463, 4407
5, 1824, 63840463, 63852756, 463, 12756
5, 1825, 63875463, 63879732, 463, 4732
5, 1826, 63910463, 63915285, 463, 5285
5, 1827, 63945463, 63949239, 463, 4239
5, 1828, 63980463, 63985285, 463, 5285
5, 1829, 64015463, 64019239, 463, 4239
5, 183, 6405463, 6409491, 463, 4491
5, 1830, 64050463, 64056366, 463, 6366
5, 1831, 64085463, 64089418, 463, 4418
5, 1832, 64120463, 64127906, 463, 7906
5, 1833, 64155463, 64159239, 463, 4239
5, 1834, 64190463, 64195285, 463, 5285
5, 1835, 64225463, 64230236, 463, 5236
5, 1836, 64260463, 64265382, 463, 5382
5, 1837, 64295463, 64299239, 463, 4239
5, 1838, 64330463, 64335285, 463, 5285
5, 1839, 64365463, 64369423, 463, 4423
5, 184, 6440463, 6446907, 463, 6907
5, 1840, 64400463, 64408540, 463, 8540
5, 1841, 64435463, 64439239, 463, 4239
5, 1842, 64470463, 64475382, 463, 5382
5, 1843, 64505463, 64509812, 463, 4812
5, 1844, 64540463, 64545285, 463, 5285
5, 1845, 64575463, 64579820, 463, 4820
5, 1846, 64610463, 64615285, 463, 5285
5, 1847, 64645463, 64649418, 463, 4418
5, 1848, 64680463, 64687053, 463, 7053
5, 1849, 64715463, 64719239, 463, 4239
5, 185, 6475463, 6479732, 463, 4732
5, 1850, 64750463, 64756366, 463, 6366
5, 1851, 64785463, 64789239, 463, 4239
5, 1852, 64820463, 64825285, 463, 5285
5, 1853, 64855463, 64859239, 463, 4239
5, 1854, 64890463, 64896048, 463, 6048
5, 1855, 64925463, 64930025, 463, 5025
5, 1856, 64960463, 64967995, 463, 7995
5, 1857, 64995463, 64999239, 463, 4239
5, 1858, 65030463, 65035285, 463, 5285
5, 1859, 65065463, 65069239, 463, 4239
5, 186, 6510463, 6515382, 463, 5382
5, 1860, 65100463, 65106366, 463, 6366
5, 1861, 65135463, 65139239, 463, 4239
5, 1862, 65170463, 65177439, 463, 7439
5, 1863, 65205463, 65209491, 463, 4491
5, 1864, 65240463, 65246907, 463, 6907
5, 1865, 65275463, 65279732, 463, 4732
5, 1866, 65310463, 65315382, 463, 5382
5, 1867, 65345463, 65349239, 463, 4239
5, 1868, 65380463, 65385285, 463, 5285
5, 1869, 65415463, 65419239, 463, 4239
5, 187, 6545463, 6549239, 463, 4239
5, 1870, 65450463, 65456268, 463, 6268
5, 1871, 65485463, 65489407, 463, 4407
5, 1872, 65520463, 65528613, 463, 8613
5, 1873, 65555463, 65559618, 463, 4618
5, 1874, 65590463, 65595285, 463, 5285
5, 1875, 65625463, 65629820, 463, 4820
5, 1876, 65660463, 65665285, 463, 5285
5, 1877, 65695463, 65699239, 463, 4239
5, 1878, 65730463, 65735382, 463, 5382
5, 1879, 65765463, 65769418, 463, 4418
5, 188, 6580463, 6585285, 463, 5285
5, 1880, 65800463, 65807906, 463, 7906
5, 1881, 65835463, 65839833, 463, 4833
5, 1882, 65870463, 65875285, 463, 5285
5, 1883, 65905463, 65909239, 463, 4239
5, 1884, 65940463, 65945382, 463, 5382
5, 1885, 65975463, 65979732, 463, 4732
5, 1886, 66010463, 66015285, 463, 5285
5, 1887, 66045463, 66049423, 463, 4423
5, 1888, 66080463, 66087915, 463, 7915
5, 1889, 66115463, 66119239, 463, 4239
5, 189, 6615463, 6619239, 463, 4239
5, 1890, 66150463, 66156366, 463, 6366
5, 1891, 66185463, 66189239, 463, 4239
5, 1892, 66220463, 66226871, 463, 6871
5, 1893, 66255463, 66259239, 463, 4239
5, 1894, 66290463, 66295285, 463, 5285
5, 1895, 66325463, 66330035, 463, 5035
5, 1896, 66360463, 66367053, 463, 7053
5, 1897, 66395463, 66399239, 463, 4239
5, 1898, 66430463, 66435285, 463, 5285
5, 1899, 66465463, 66469239, 463, 4239
5, 19, 665463, 669812, 463, 4812
5, 190, 6650463, 6657366, 463, 7366
5, 1900, 66500463, 66507366, 463, 7366
5, 1901, 66535463, 66539239, 463, 4239
5, 1902, 66570463, 66575382, 463, 5382
5, 1903, 66605463, 66609311, 463, 4311
5, 1904, 66640463, 66647995, 463, 7995
5, 1905, 66675463, 66679820, 463, 4820
5, 1906, 66710463, 66715285, 463, 5285
5, 1907, 66745463, 66749239, 463, 4239
5, 1908, 66780463, 66785382, 463, 5382
5, 1909, 66815463, 66819239, 463, 4239
5, 191, 6685463, 6689407, 463, 4407
5, 1910, 66850463, 66856366, 463, 6366
5, 1911, 66885463, 66889870, 463, 4870
5, 1912, 66920463, 66927809, 463, 7809
5, 1913, 66955463, 66959239, 463, 4239
5, 1914, 66990463, 66995382, 463, 5382
5, 1915, 67025463, 67029732, 463, 4732
5, 1916, 67060463, 67065285, 463, 5285
5, 1917, 67095463, 67099239, 463, 4239
5, 1918, 67130463, 67135285, 463, 5285
5, 1919, 67165463, 67170036, 463, 5036
5, 192, 6720463, 6728613, 463, 8613
5, 1920, 67200463, 67208613, 463, 8613
5, 1921, 67235463, 67239239, 463, 4239
5, 1922, 67270463, 67275285, 463, 5285
5, 1923, 67305463, 67309239, 463, 4239
5, 1924, 67340463, 67345285, 463, 5285
5, 1925, 67375463, 67379732, 463, 4732
5, 1926, 67410463, 67415382, 463, 5382
5, 1927, 67445463, 67449418, 463, 4418
5, 1928, 67480463, 67487053, 463, 7053
5, 1929, 67515463, 67519239, 463, 4239
5, 193, 6755463, 6759239, 463, 4239
5, 1930, 67550463, 67556774, 463, 6774
5, 1931, 67585463, 67589239, 463, 4239
5, 1932, 67620463, 67625382, 463, 5382
5, 1933, 67655463, 67659239, 463, 4239
5, 1934, 67690463, 67695285, 463, 5285
5, 1935, 67725463, 67730098, 463, 5098
5, 1936, 67760463, 67767915, 463, 7915
5, 1937, 67795463, 67799239, 463, 4239
5, 1938, 67830463, 67836714, 463, 6714
5, 1939, 67865463, 67869239, 463, 4239
5, 194, 6790463, 6795285, 463, 5285
5, 1940, 67900463, 67906366, 463, 6366
5, 1941, 67935463, 67939239, 463, 4239
5, 1942, 67970463, 67975285, 463, 5285
5, 1943, 68005463, 68009418, 463, 4418
5, 1944, 68040463, 68047053, 463, 7053
5, 1945, 68075463, 68079732, 463, 4732
5, 1946, 68110463, 68115285, 463, 5285
5, 1947, 68145463, 68149239, 463, 4239
5, 1948, 68180463, 68185285, 463, 5285
5, 1949, 68215463, 68219618, 463, 4618
5, 195, 6825463, 6829820, 463, 4820
5, 1950, 68250463, 68256366, 463, 6366
5, 1951, 68285463, 68289407, 463, 4407
5, 1952, 68320463, 68328613, 463, 8613
5, 1953, 68355463, 68359239, 463, 4239
5, 1954, 68390463, 68395285, 463, 5285
5, 1955, 68425463, 68429732, 463, 4732
5, 1956, 68460463, 68465382, 463, 5382
5, 1957, 68495463, 68499812, 463, 4812
5, 1958, 68530463, 68535285, 463, 5285
5, 1959, 68565463, 68569491, 463, 4491
5, 196, 6860463, 6865285, 463, 5285
5, 1960, 68600463, 68607809, 463, 7809
5, 1961, 68635463, 68639239, 463, 4239
5, 1962, 68670463, 68675382, 463, 5382
5, 1963, 68705463, 68709239, 463, 4239
5, 1964, 68740463, 68745285, 463, 5285
5, 1965, 68775463, 68779820, 463, 4820
5, 1966, 68810463, 68815285, 463, 5285
5, 1967, 68845463, 68849407, 463, 4407
5, 1968, 68880463, 68889891, 463, 9891
5, 1969, 68915463, 68919239, 463, 4239
5, 197, 6895463, 6899239, 463, 4239
5, 1970, 68950463, 68956366, 463, 6366
5, 1971, 68985463, 68989239, 463, 4239
5, 1972, 69020463, 69025285, 463, 5285
5, 1973, 69055463, 69059239, 463, 4239
5, 1974, 69090463, 69095382, 463, 5382
5, 1975, 69125463, 69130035, 463, 5035
5, 1976, 69160463, 69168177, 463, 8177
5, 1977, 69195463, 69199239, 463, 4239
5, 1978, 69230463, 69235285, 463, 5285
5, 1979, 69265463, 69269239, 463, 4239
5, 198, 6930463, 6935382, 463, 5382
5, 1980, 69300463, 69306366, 463, 6366
5, 1981, 69335463, 69339239, 463, 4239
5, 1982, 69370463, 69375285, 463, 5285
5, 1983, 69405463, 69409423, 463, 4423
5, 1984, 69440463, 69447915, 463, 7915
5, 1985, 69475463, 69479732, 463, 4732
5, 1986, 69510463, 69515382, 463, 5382
5, 1987, 69545463, 69549618, 463, 4618
5, 1988, 69580463, 69585285, 463, 5285
5, 1989, 69615463, 69619239, 463, 4239
5, 199, 6965463, 6969418, 463, 4418
5, 1990, 69650463, 69656268, 463, 6268
5, 1991, 69685463, 69689418, 463, 4418
5, 1992, 69720463, 69727906, 463, 7906
5, 1993, 69755463, 69759239, 463, 4239
5, 1994, 69790463, 69795285, 463, 5285
5, 1995, 69825463, 69830733, 463, 5733
5, 1996, 69860463, 69865285, 463, 5285
5, 1997, 69895463, 69899239, 463, 4239
5, 1998, 69930463, 69935382, 463, 5382
5, 1999, 69965463, 69969407, 463, 4407
5, 2, 70463, 75285, 463, 5285
5, 20, 700463, 706366, 463, 6366
5, 200, 7000463, 7007906, 463, 7906
5, 2000, 70000463, 70008613, 463, 8613
5, 2001, 70035463, 70039239, 463, 4239
5, 2002, 70070463, 70075285, 463, 5285
5, 2003, 70105463, 70109239, 463, 4239
5, 2004, 70140463, 70145382, 463, 5382
5, 2005, 70175463, 70179732, 463, 4732
5, 2006, 70210463, 70216048, 463, 6048
5, 2007, 70245463, 70249491, 463, 4491
5, 2008, 70280463, 70286907, 463, 6907
5, 2009, 70315463, 70319239, 463, 4239
5, 201, 7035463, 7039634, 463, 4634
5, 2010, 70350463, 70356366, 463, 6366
5, 2011, 70385463, 70389239, 463, 4239
5, 2012, 70420463, 70425285, 463, 5285
5, 2013, 70455463, 70459239, 463, 4239
5, 2014, 70490463, 70496617, 463, 6617
5, 2015, 70525463, 70530025, 463, 5025
5, 2016, 70560463, 70567995, 463, 7995
5, 2017, 70595463, 70599239, 463, 4239
5, 2018, 70630463, 70635285, 463, 5285
5, 2019, 70665463, 70669239, 463, 4239
5, 202, 7070463, 7075285, 463, 5285
5, 2020, 70700463, 70706268, 463, 6268
5, 2021, 70735463, 70739239, 463, 4239
5, 2022, 70770463, 70775382, 463, 5382
5, 2023, 70805463, 70809418, 463, 4418
5, 2024, 70840463, 70847053, 463, 7053
5, 2025, 70875463, 70880309, 463, 5309
5, 2026, 70910463, 70915285, 463, 5285
5, 2027, 70945463, 70949239, 463, 4239
5, 2028, 70980463, 70985382, 463, 5382
5, 2029, 71015463, 71019239, 463, 4239
5, 203, 7105463, 7109239, 463, 4239
5, 2030, 71050463, 71056366, 463, 6366
5, 2031, 71085463, 71089423, 463, 4423
5, 2032, 71120463, 71128540, 463, 8540
5, 2033, 71155463, 71159812, 463, 4812
5, 2034, 71190463, 71195382, 463, 5382
5, 2035, 71225463, 71229732, 463, 4732
5, 2036, 71260463, 71265285, 463, 5285
5, 2037, 71295463, 71299239, 463, 4239
5, 2038, 71330463, 71335285, 463, 5285
5, 2039, 71365463, 71369418, 463, 4418
5, 204, 7140463, 7145382, 463, 5382
5, 2040, 71400463, 71407906, 463, 7906
5, 2041, 71435463, 71439239, 463, 4239
5, 2042, 71470463, 71475285, 463, 5285
5, 2043, 71505463, 71509239, 463, 4239
5, 2044, 71540463, 71545950, 463, 5950
5, 2045, 71575463, 71579732, 463, 4732
5, 2046, 71610463, 71615382, 463, 5382
5, 2047, 71645463, 71649407, 463, 4407
5, 2048, 71680463, 71687995, 463, 7995
5, 2049, 71715463, 71719239, 463, 4239
5, 205, 7175463, 7179732, 463, 4732
5, 2050, 71750463, 71756268, 463, 6268
5, 2051, 71785463, 71789239, 463, 4239
5, 2052, 71820463, 71827439, 463, 7439
5, 2053, 71855463, 71859239, 463, 4239
5, 2054, 71890463, 71895285, 463, 5285
5, 2055, 71925463, 71930108, 463, 5108
5, 2056, 71960463, 71966907, 463, 6907
5, 2057, 71995463, 71999239, 463, 4239
5, 2058, 72030463, 72035382, 463, 5382
5, 2059, 72065463, 72069239, 463, 4239
5, 206, 7210463, 7215285, 463, 5285
5, 2060, 72100463, 72106366, 463, 6366
5, 2061, 72135463, 72139239, 463, 4239
5, 2062, 72170463, 72175285, 463, 5285
5, 2063, 72205463, 72209787, 463, 4787
5, 2064, 72240463, 72247995, 463, 7995
5, 2065, 72275463, 72279732, 463, 4732
5, 2066, 72310463, 72315285, 463, 5285
5, 2067, 72345463, 72349239, 463, 4239
5, 2068, 72380463, 72385285, 463, 5285
5, 2069, 72415463, 72419239, 463, 4239
5, 207, 7245463, 7249423, 463, 4423
5, 2070, 72450463, 72456366, 463, 6366
5, 2071, 72485463, 72490050, 463, 5050
5, 2072, 72520463, 72527906, 463, 7906
5, 2073, 72555463, 72559239, 463, 4239
5, 2074, 72590463, 72595285, 463, 5285
5, 2075, 72625463, 72629732, 463, 4732
5, 2076, 72660463, 72665382, 463, 5382
5, 2077, 72695463, 72699239, 463, 4239
5, 2078, 72730463, 72735285, 463, 5285
5, 2079, 72765463, 72769423, 463, 4423
5, 208, 7280463, 7287915, 463, 7915
5, 2080, 72800463, 72808540, 463, 8540
5, 2081, 72835463, 72839239, 463, 4239
5, 2082, 72870463, 72876871, 463, 6871
5, 2083, 72905463, 72909239, 463, 4239
5, 2084, 72940463, 72945285, 463, 5285
5, 2085, 72975463, 72979820, 463, 4820
5, 2086, 73010463, 73015285, 463, 5285
5, 2087, 73045463, 73049418, 463, 4418
5, 2088, 73080463, 73087053, 463, 7053
5, 2089, 73115463, 73119239, 463, 4239
5, 209, 7315463, 7319812, 463, 4812
5, 2090, 73150463, 73157439, 463, 7439
5, 2091, 73185463, 73189239, 463, 4239
5, 2092, 73220463, 73225285, 463, 5285
5, 2093, 73255463, 73259239, 463, 4239
5, 2094, 73290463, 73295382, 463, 5382
5, 2095, 73325463, 73330025, 463, 5025
5, 2096, 73360463, 73367995, 463, 7995
5, 2097, 73395463, 73399239, 463, 4239
5, 2098, 73430463, 73435285, 463, 5285
5, 2099, 73465463, 73469239, 463, 4239
5, 21, 735463, 739239, 463, 4239
5, 210, 7350463, 7356366, 463, 6366
5, 2100, 73500463, 73506366, 463, 6366
5, 2101, 73535463, 73539618, 463, 4618
5, 2102, 73570463, 73575285, 463, 5285
5, 2103, 73605463, 73609491, 463, 4491
5, 2104, 73640463, 73646907, 463, 6907
5, 2105, 73675463, 73679732, 463, 4732
5, 2106, 73710463, 73715382, 463, 5382
5, 2107, 73745463, 73749239, 463, 4239
5, 2108, 73780463, 73785285, 463, 5285
5, 2109, 73815463, 73819833, 463, 4833
5, 211, 7385463, 7389239, 463, 4239
5, 2110, 73850463, 73856268, 463, 6268
5, 2111, 73885463, 73889407, 463, 4407
5, 2112, 73920463, 73928613, 463, 8613
5, 2113, 73955463, 73959239, 463, 4239
5, 2114, 73990463, 73995285, 463, 5285
5, 2115, 74025463, 74029820, 463, 4820
5, 2116, 74060463, 74065285, 463, 5285
5, 2117, 74095463, 74099239, 463, 4239
5, 2118, 74130463, 74135382, 463, 5382
5, 2119, 74165463, 74169418, 463, 4418
5, 212, 7420463, 7425285, 463, 5285
5, 2120, 74200463, 74208295, 463, 8295
5, 2121, 74235463, 74239239, 463, 4239
5, 2122, 74270463, 74275285, 463, 5285
5, 2123, 74305463, 74309239, 463, 4239
5, 2124, 74340463, 74345382, 463, 5382
5, 2125, 74375463, 74379732, 463, 4732
5, 2126, 74410463, 74415285, 463, 5285
5, 2127, 74445463, 74449423, 463, 4423
5, 2128, 74480463, 74492139, 463, 12139
5, 2129, 74515463, 74519239, 463, 4239
5, 213, 7455463, 7459239, 463, 4239
5, 2130, 74550463, 74556366, 463, 6366
5, 2131, 74585463, 74589239, 463, 4239
5, 2132, 74620463, 74625285, 463, 5285
5, 2133, 74655463, 74659239, 463, 4239
5, 2134, 74690463, 74695285, 463, 5285
5, 2135, 74725463, 74730035, 463, 5035
5, 2136, 74760463, 74767053, 463, 7053
5, 2137, 74795463, 74799239, 463, 4239
5, 2138, 74830463, 74835285, 463, 5285
5, 2139, 74865463, 74869634, 463, 4634
5, 214, 7490463, 7495285, 463, 5285
5, 2140, 74900463, 74906268, 463, 6268
5, 2141, 74935463, 74939239, 463, 4239
5, 2142, 74970463, 74975382, 463, 5382
5, 2143, 75005463, 75009407, 463, 4407
5, 2144, 75040463, 75047995, 463, 7995
5, 2145, 75075463, 75079820, 463, 4820
5, 2146, 75110463, 75115285, 463, 5285
5, 2147, 75145463, 75149812, 463, 4812
5, 2148, 75180463, 75185382, 463, 5382
5, 2149, 75215463, 75219239, 463, 4239
5, 215, 7525463, 7530035, 463, 5035
5, 2150, 75250463, 75256366, 463, 6366
5, 2151, 75285463, 75289491, 463, 4491
5, 2152, 75320463, 75327809, 463, 7809
5, 2153, 75355463, 75359239, 463, 4239
5, 2154, 75390463, 75395382, 463, 5382
5, 2155, 75425463, 75429732, 463, 4732
5, 2156, 75460463, 75465285, 463, 5285
5, 2157, 75495463, 75499239, 463, 4239
5, 2158, 75530463, 75535950, 463, 5950
5, 2159, 75565463, 75569407, 463, 4407
5, 216, 7560463, 7567053, 463, 7053
5, 2160, 75600463, 75608613, 463, 8613
5, 2161, 75635463, 75639239, 463, 4239
5, 2162, 75670463, 75675285, 463, 5285
5, 2163, 75705463, 75709239, 463, 4239
5, 2164, 75740463, 75745285, 463, 5285
5, 2165, 75775463, 75779732, 463, 4732
5, 2166, 75810463, 75816714, 463, 6714
5, 2167, 75845463, 75849418, 463, 4418
5, 2168, 75880463, 75887053, 463, 7053
5, 2169, 75915463, 75919239, 463, 4239
5, 217, 7595463, 7599239, 463, 4239
5, 2170, 75950463, 75956268, 463, 6268
5, 2171, 75985463, 75989239, 463, 4239
5, 2172, 76020463, 76025382, 463, 5382
5, 2173, 76055463, 76059239, 463, 4239
5, 2174, 76090463, 76095285, 463, 5285
5, 2175, 76125463, 76130098, 463, 5098
5, 2176, 76160463, 76167915, 463, 7915
5, 2177, 76195463, 76199618, 463, 4618
5, 2178, 76230463, 76235382, 463, 5382
5, 2179, 76265463, 76269239, 463, 4239
5, 218, 7630463, 7635285, 463, 5285
5, 2180, 76300463, 76306366, 463, 6366
5, 2181, 76335463, 76339239, 463, 4239
5, 2182, 76370463, 76375285, 463, 5285
5, 2183, 76405463, 76409418, 463, 4418
5, 2184, 76440463, 76447053, 463, 7053
5, 2185, 76475463, 76480636, 463, 5636
5, 2186, 76510463, 76515285, 463, 5285
5, 2187, 76545463, 76549239, 463, 4239
5, 2188, 76580463, 76585285, 463, 5285
5, 2189, 76615463, 76619239, 463, 4239
5, 219, 7665463, 7669239, 463, 4239
5, 2190, 76650463, 76656366, 463, 6366
5, 2191, 76685463, 76689407, 463, 4407
5, 2192, 76720463, 76728613, 463, 8613
5, 2193, 76755463, 76759239, 463, 4239
5, 2194, 76790463, 76795285, 463, 5285
5, 2195, 76825463, 76829732, 463, 4732
5, 2196, 76860463, 76866048, 463, 6048
5, 2197, 76895463, 76899239, 463, 4239
5, 2198, 76930463, 76935285, 463, 5285
5, 2199, 76965463, 76969491, 463, 4491
5, 22, 770463, 775285, 463, 5285
5, 220, 7700463, 7706774, 463, 6774
5, 2200, 77000463, 77007809, 463, 7809
5, 2201, 77035463, 77039239, 463, 4239
5, 2202, 77070463, 77075382, 463, 5382
5, 2203, 77105463, 77109239, 463, 4239
5, 2204, 77140463, 77146714, 463, 6714
5, 2205, 77175463, 77179820, 463, 4820
5, 2206, 77210463, 77215285, 463, 5285
5, 2207, 77245463, 77249407, 463, 4407
5, 2208, 77280463, 77287995, 463, 7995
5, 2209, 77315463, 77319239, 463, 4239
5, 221, 7735463, 7739239, 463, 4239
5, 2210, 77350463, 77356366, 463, 6366
5, 2211, 77385463, 77389239, 463, 4239
5, 2212, 77420463, 77425285, 463, 5285
5, 2213, 77455463, 77459239, 463, 4239
5, 2214, 77490463, 77495382, 463, 5382
5, 2215, 77525463, 77530415, 463, 5415
5, 2216, 77560463, 77567053, 463, 7053
5, 2217, 77595463, 77599239, 463, 4239
5, 2218, 77630463, 77635285, 463, 5285
5, 2219, 77665463, 77669239, 463, 4239
5, 222, 7770463, 7775382, 463, 5382
5, 2220, 77700463, 77706366, 463, 6366
5, 2221, 77735463, 77739239, 463, 4239
5, 2222, 77770463, 77775285, 463, 5285
5, 2223, 77805463, 77810134, 463, 5134
5, 2224, 77840463, 77847915, 463, 7915
5, 2225, 77875463, 77879732, 463, 4732
5, 2226, 77910463, 77915382, 463, 5382
5, 2227, 77945463, 77949239, 463, 4239
5, 2228, 77980463, 77985285, 463, 5285
5, 2229, 78015463, 78019239, 463, 4239
5, 223, 7805463, 7809407, 463, 4407
5, 2230, 78050463, 78056268, 463, 6268
5, 2231, 78085463, 78089418, 463, 4418
5, 2232, 78120463, 78127906, 463, 7906
5, 2233, 78155463, 78159239, 463, 4239
5, 2234, 78190463, 78196048, 463, 6048
5, 2235, 78225463, 78229820, 463, 4820
5, 2236, 78260463, 78265285, 463, 5285
5, 2237, 78295463, 78299239, 463, 4239
5, 2238, 78330463, 78335382, 463, 5382
5, 2239, 78365463, 78369407, 463, 4407
5, 224, 7840463, 7847995, 463, 7995
5, 2240, 78400463, 78408613, 463, 8613
5, 2241, 78435463, 78439239, 463, 4239
5, 2242, 78470463, 78477366, 463, 7366
5, 2243, 78505463, 78509239, 463, 4239
5, 2244, 78540463, 78545382, 463, 5382
5, 2245, 78575463, 78579732, 463, 4732
5, 2246, 78610463, 78615285, 463, 5285
5, 2247, 78645463, 78649491, 463, 4491
5, 2248, 78680463, 78686907, 463, 6907
5, 2249, 78715463, 78719239, 463, 4239
5, 225, 7875463, 7879820, 463, 4820
5, 2250, 78750463, 78756366, 463, 6366
5, 2251, 78785463, 78789239, 463, 4239
5, 2252, 78820463, 78825285, 463, 5285
5, 2253, 78855463, 78859634, 463, 4634
5, 2254, 78890463, 78895285, 463, 5285
5, 2255, 78925463, 78930025, 463, 5025
5, 2256, 78960463, 78967995, 463, 7995
5, 2257, 78995463, 78999239, 463, 4239
5, 2258, 79030463, 79035285, 463, 5285
5, 2259, 79065463, 79069239, 463, 4239
5, 226, 7910463, 7915285, 463, 5285
5, 2260, 79100463, 79106268, 463, 6268
5, 2261, 79135463, 79139812, 463, 4812
5, 2262, 79170463, 79175382, 463, 5382
5, 2263, 79205463, 79209418, 463, 4418
5, 2264, 79240463, 79247053, 463, 7053
5, 2265, 79275463, 79279820, 463, 4820
5, 2266, 79310463, 79315285, 463, 5285
5, 2267, 79345463, 79349239, 463, 4239
5, 2268, 79380463, 79385382, 463, 5382
5, 2269, 79415463, 79419239, 463, 4239
5, 227, 7945463, 7949239, 463, 4239
5, 2270, 79450463, 79456366, 463, 6366
5, 2271, 79485463, 79489423, 463, 4423
5, 2272, 79520463, 79530436, 463, 10436
5, 2273, 79555463, 79559239, 463, 4239
5, 2274, 79590463, 79595382, 463, 5382
5, 2275, 79625463, 79629732, 463, 4732
5, 2276, 79660463, 79665285, 463, 5285
5, 2277, 79695463, 79699239, 463, 4239
5, 2278, 79730463, 79735285, 463, 5285
5, 2279, 79765463, 79769418, 463, 4418
5, 228, 7980463, 7986714, 463, 6714
5, 2280, 79800463, 79808794, 463, 8794
5, 2281, 79835463, 79839239, 463, 4239
5, 2282, 79870463, 79875285, 463, 5285
5, 2283, 79905463, 79909239, 463, 4239
5, 2284, 79940463, 79945285, 463, 5285
5, 2285, 79975463, 79979732, 463, 4732
5, 2286, 80010463, 80015382, 463, 5382
5, 2287, 80045463, 80049407, 463, 4407
5, 2288, 80080463, 80087995, 463, 7995
5, 2289, 80115463, 80119239, 463, 4239
5, 229, 8015463, 8019239, 463, 4239
5, 2290, 80150463, 80156268, 463, 6268
5, 2291, 80185463, 80189618, 463, 4618
5, 2292, 80220463, 80225382, 463, 5382
5, 2293, 80255463, 80259239, 463, 4239
5, 2294, 80290463, 80295285, 463, 5285
5, 2295, 80325463, 80330108, 463, 5108
5, 2296, 80360463, 80366907, 463, 6907
5, 2297, 80395463, 80399239, 463, 4239
5, 2298, 80430463, 80435382, 463, 5382
5, 2299, 80465463, 80469812, 463, 4812
5, 23, 805463, 809418, 463, 4418
5, 230, 8050463, 8056366, 463, 6366
5, 2300, 80500463, 80506366, 463, 6366
5, 2301, 80535463, 80539239, 463, 4239
5, 2302, 80570463, 80575285, 463, 5285
5, 2303, 80605463, 80609407, 463, 4407
5, 2304, 80640463, 80647995, 463, 7995
5, 2305, 80675463, 80679732, 463, 4732
5, 2306, 80710463, 80715285, 463, 5285
5, 2307, 80745463, 80749239, 463, 4239
5, 2308, 80780463, 80785285, 463, 5285
5, 2309, 80815463, 80819239, 463, 4239
5, 231, 8085463, 8089491, 463, 4491
5, 2310, 80850463, 80856871, 463, 6871
5, 2311, 80885463, 80889418, 463, 4418
5, 2312, 80920463, 80927906, 463, 7906
5, 2313, 80955463, 80959239, 463, 4239
5, 2314, 80990463, 80995285, 463, 5285
5, 2315, 81025463, 81029732, 463, 4732
5, 2316, 81060463, 81065382, 463, 5382
5, 2317, 81095463, 81099239, 463, 4239
5, 2318, 81130463, 81136714, 463, 6714
5, 2319, 81165463, 81169423, 463, 4423
5, 232, 8120463, 8127809, 463, 7809
5, 2320, 81200463, 81208540, 463, 8540
5, 2321, 81235463, 81239239, 463, 4239
5, 2322, 81270463, 81275382, 463, 5382
5, 2323, 81305463, 81309239, 463, 4239
5, 2324, 81340463, 81345285, 463, 5285
5, 2325, 81375463, 81379820, 463, 4820
5, 2326, 81410463, 81415285, 463, 5285
5, 2327, 81445463, 81449418, 463, 4418
5, 2328, 81480463, 81487053, 463, 7053
5, 2329, 81515463, 81519618, 463, 4618
5, 233, 8155463, 8159239, 463, 4239
5, 2330, 81550463, 81556366, 463, 6366
5, 2331, 81585463, 81589239, 463, 4239
5, 2332, 81620463, 81625285, 463, 5285
5, 2333, 81655463, 81659239, 463, 4239
5, 2334, 81690463, 81695382, 463, 5382
5, 2335, 81725463, 81730025, 463, 5025
5, 2336, 81760463, 81767995, 463, 7995
5, 2337, 81795463, 81799833, 463, 4833
5, 2338, 81830463, 81835285, 463, 5285
5, 2339, 81865463, 81869239, 463, 4239
5, 234, 8190463, 8195382, 463, 5382
5, 2340, 81900463, 81906366, 463, 6366
5, 2341, 81935463, 81939239, 463, 4239
5, 2342, 81970463, 81975285, 463, 5285
5, 2343, 82005463, 82009491, 463, 4491
5, 2344, 82040463, 82046907, 463, 6907
5, 2345, 82075463, 82079732, 463, 4732
5, 2346, 82110463, 82115382, 463, 5382
5, 2347, 82145463, 82149239, 463, 4239
5, 2348, 82180463, 82186048, 463, 6048
5, 2349, 82215463, 82219239, 463, 4239
5, 235, 8225463, 8229732, 463, 4732
5, 2350, 82250463, 82256268, 463, 6268
5, 2351, 82285463, 82289407, 463, 4407
5, 2352, 82320463, 82328613, 463, 8613
5, 2353, 82355463, 82359239, 463, 4239
5, 2354, 82390463, 82395285, 463, 5285
5, 2355, 82425463, 82429820, 463, 4820
5, 2356, 82460463, 82466617, 463, 6617
5, 2357, 82495463, 82499239, 463, 4239
5, 2358, 82530463, 82535382, 463, 5382
5, 2359, 82565463, 82569418, 463, 4418
5, 236, 8260463, 8265285, 463, 5285
5, 2360, 82600463, 82607906, 463, 7906
5, 2361, 82635463, 82639239, 463, 4239
5, 2362, 82670463, 82675285, 463, 5285
5, 2363, 82705463, 82709239, 463, 4239
5, 2364, 82740463, 82745382, 463, 5382
5, 2365, 82775463, 82779732, 463, 4732
5, 2366, 82810463, 82815285, 463, 5285
5, 2367, 82845463, 82849860, 463, 4860
5, 2368, 82880463, 82887915, 463, 7915
5, 2369, 82915463, 82919239, 463, 4239
5, 237, 8295463, 8299239, 463, 4239
5, 2370, 82950463, 82956366, 463, 6366
5, 2371, 82985463, 82989239, 463, 4239
5, 2372, 83020463, 83025285, 463, 5285
5, 2373, 83055463, 83059239, 463, 4239
5, 2374, 83090463, 83095285, 463, 5285
5, 2375, 83125463, 83131462, 463, 6462
5, 2376, 83160463, 83167053, 463, 7053
5, 2377, 83195463, 83199239, 463, 4239
5, 2378, 83230463, 83235285, 463, 5285
5, 2379, 83265463, 83269239, 463, 4239
5, 238, 8330463, 8335285, 463, 5285
5, 2380, 83300463, 83306268, 463, 6268
5, 2381, 83335463, 83339239, 463, 4239
5, 2382, 83370463, 83375382, 463, 5382
5, 2383, 83405463, 83409407, 463, 4407
5, 2384, 83440463, 83447995, 463, 7995
5, 2385, 83475463, 83479820, 463, 4820
5, 2386, 83510463, 83515950, 463, 5950
5, 2387, 83545463, 83549239, 463, 4239
5, 2388, 83580463, 83585382, 463, 5382
5, 2389, 83615463, 83619239, 463, 4239
5, 239, 8365463, 8369787, 463, 4787
5, 2390, 83650463, 83656366, 463, 6366
5, 2391, 83685463, 83689491, 463, 4491
5, 2392, 83720463, 83727809, 463, 7809
5, 2393, 83755463, 83759239, 463, 4239
5, 2394, 83790463, 83796714, 463, 6714
5, 2395, 83825463, 83829732, 463, 4732
5, 2396, 83860463, 83865285, 463, 5285
5, 2397, 83895463, 83899239, 463, 4239
5, 2398, 83930463, 83935285, 463, 5285
5, 2399, 83965463, 83969407, 463, 4407
5, 24, 840463, 847053, 463, 7053
5, 240, 8400463, 8408613, 463, 8613
5, 2400, 84000463, 84008613, 463, 8613
5, 2401, 84035463, 84039239, 463, 4239
5, 2402, 84070463, 84075285, 463, 5285
5, 2403, 84105463, 84109239, 463, 4239
5, 2404, 84140463, 84145285, 463, 5285
5, 2405, 84175463, 84180236, 463, 5236
5, 2406, 84210463, 84215382, 463, 5382
5, 2407, 84245463, 84249418, 463, 4418
5, 2408, 84280463, 84287053, 463, 7053
5, 2409, 84315463, 84319239, 463, 4239
5, 241, 8435463, 8439239, 463, 4239
5, 2410, 84350463, 84356268, 463, 6268
5, 2411, 84385463, 84389239, 463, 4239
5, 2412, 84420463, 84425382, 463, 5382
5, 2413, 84455463, 84459812, 463, 4812
5, 2414, 84490463, 84495285, 463, 5285
5, 2415, 84525463, 84530098, 463, 5098
5, 2416, 84560463, 84567915, 463, 7915
5, 2417, 84595463, 84599239, 463, 4239
5, 2418, 84630463, 84635382, 463, 5382
5, 2419, 84665463, 84669239, 463, 4239
5, 242, 8470463, 8475285, 463, 5285
5, 2420, 84700463, 84706366, 463, 6366
5, 2421, 84735463, 84739239, 463, 4239
5, 2422, 84770463, 84775285, 463, 5285
5, 2423, 84805463, 84809418, 463, 4418
5, 2424, 84840463, 84847588, 463, 7588
5, 2425, 84875463, 84879732, 463, 4732
5, 2426, 84910463, 84915285, 463, 5285
5, 2427, 84945463, 84949239, 463, 4239
5, 2428, 84980463, 84985285, 463, 5285
5, 2429, 85015463, 85019239, 463, 4239
5, 243, 8505463, 8509239, 463, 4239
5, 2430, 85050463, 85056366, 463, 6366
5, 2431, 85085463, 85089407, 463, 4407
5, 2432, 85120463, 85132310, 463, 12310
5, 2433, 85155463, 85159239, 463, 4239
5, 2434, 85190463, 85195285, 463, 5285
5, 2435, 85225463, 85229732, 463, 4732
5, 2436, 85260463, 85265382, 463, 5382
5, 2437, 85295463, 85299239, 463, 4239
5, 2438, 85330463, 85335285, 463, 5285
5, 2439, 85365463, 85369491, 463, 4491
5, 244, 8540463, 8545285, 463, 5285
5, 2440, 85400463, 85407809, 463, 7809
5, 2441, 85435463, 85439239, 463, 4239
5, 2442, 85470463, 85475382, 463, 5382
5, 2443, 85505463, 85509618, 463, 4618
5, 2444, 85540463, 85545285, 463, 5285
5, 2445, 85575463, 85579820, 463, 4820
5, 2446, 85610463, 85615285, 463, 5285
5, 2447, 85645463, 85649407, 463, 4407
5, 2448, 85680463, 85687995, 463, 7995
5, 2449, 85715463, 85719239, 463, 4239
5, 245, 8575463, 8579732, 463, 4732
5, 2450, 85750463, 85756366, 463, 6366
5, 2451, 85785463, 85789833, 463, 4833
5, 2452, 85820463, 85825285, 463, 5285
5, 2453, 85855463, 85859239, 463, 4239
5, 2454, 85890463, 85895382, 463, 5382
5, 2455, 85925463, 85930035, 463, 5035
5, 2456, 85960463, 85967053, 463, 7053
5, 2457, 85995463, 85999239, 463, 4239
5, 2458, 86030463, 86035285, 463, 5285
5, 2459, 86065463, 86069239, 463, 4239
5, 246, 8610463, 8615382, 463, 5382
5, 2460, 86100463, 86106366, 463, 6366
5, 2461, 86135463, 86139239, 463, 4239
5, 2462, 86170463, 86176871, 463, 6871
5, 2463, 86205463, 86209423, 463, 4423
5, 2464, 86240463, 86247915, 463, 7915
5, 2465, 86275463, 86279732, 463, 4732
5, 2466, 86310463, 86315382, 463, 5382
5, 2467, 86345463, 86349239, 463, 4239
5, 2468, 86380463, 86385285, 463, 5285
5, 2469, 86415463, 86419239, 463, 4239
5, 247, 8645463, 8650050, 463, 5050
5, 2470, 86450463, 86457366, 463, 7366
5, 2471, 86485463, 86489418, 463, 4418
5, 2472, 86520463, 86527906, 463, 7906
5, 2473, 86555463, 86559239, 463, 4239
5, 2474, 86590463, 86595285, 463, 5285
5, 2475, 86625463, 86629820, 463, 4820
5, 2476, 86660463, 86665285, 463, 5285
5, 2477, 86695463, 86699239, 463, 4239
5, 2478, 86730463, 86735382, 463, 5382
5, 2479, 86765463, 86769407, 463, 4407
5, 248, 8680463, 8687053, 463, 7053
5, 2480, 86800463, 86808613, 463, 8613
5, 2481, 86835463, 86839634, 463, 4634
5, 2482, 86870463, 86875285, 463, 5285
5, 2483, 86905463, 86909239, 463, 4239
5, 2484, 86940463, 86945382, 463, 5382
5, 2485, 86975463, 86979732, 463, 4732
5, 2486, 87010463, 87015285, 463, 5285
5, 2487, 87045463, 87049491, 463, 4491
5, 2488, 87080463, 87086907, 463, 6907
5, 2489, 87115463, 87119812, 463, 4812
5, 249, 8715463, 8719239, 463, 4239
5, 2490, 87150463, 87156366, 463, 6366
5, 2491, 87185463, 87189239, 463, 4239
5, 2492, 87220463, 87225285, 463, 5285
5, 2493, 87255463, 87259239, 463, 4239
5, 2494, 87290463, 87295285, 463, 5285
5, 2495, 87325463, 87330025, 463, 5025
5, 2496, 87360463, 87367995, 463, 7995
5, 2497, 87395463, 87399239, 463, 4239
5, 2498, 87430463, 87435285, 463, 5285
5, 2499, 87465463, 87469239, 463, 4239
5, 25, 875463, 879732, 463, 4732
5, 250, 8750463, 8756268, 463, 6268
5, 2500, 87500463, 87506774, 463, 6774
5, 2501, 87535463, 87539239, 463, 4239
5, 2502, 87570463, 87575382, 463, 5382
5, 2503, 87605463, 87609418, 463, 4418
5, 2504, 87640463, 87647053, 463, 7053
5, 2505, 87675463, 87679820, 463, 4820
5, 2506, 87710463, 87715285, 463, 5285
5, 2507, 87745463, 87749239, 463, 4239
5, 2508, 87780463, 87786714, 463, 6714
5, 2509, 87815463, 87819239, 463, 4239
5, 251, 8785463, 8789239, 463, 4239
5, 2510, 87850463, 87856366, 463, 6366
5, 2511, 87885463, 87889423, 463, 4423
5, 2512, 87920463, 87928540, 463, 8540
5, 2513, 87955463, 87959239, 463, 4239
5, 2514, 87990463, 87995382, 463, 5382
5, 2515, 88025463, 88029732, 463, 4732
5, 2516, 88060463, 88065285, 463, 5285
5, 2517, 88095463, 88099239, 463, 4239
5, 2518, 88130463, 88135285, 463, 5285
5, 2519, 88165463, 88169797, 463, 4797
5, 252, 8820463, 8825382, 463, 5382
5, 2520, 88200463, 88207906, 463, 7906
5, 2521, 88235463, 88239239, 463, 4239
5, 2522, 88270463, 88275285, 463, 5285
5, 2523, 88305463, 88309239, 463, 4239
5, 2524, 88340463, 88345285, 463, 5285
5, 2525, 88375463, 88379732, 463, 4732
5, 2526, 88410463, 88415382, 463, 5382
5, 2527, 88445463, 88450036, 463, 5036
5, 2528, 88480463, 88487995, 463, 7995
5, 2529, 88515463, 88519239, 463, 4239
5, 253, 8855463, 8859239, 463, 4239
5, 2530, 88550463, 88556268, 463, 6268
5, 2531, 88585463, 88589239, 463, 4239
5, 2532, 88620463, 88625382, 463, 5382
5, 2533, 88655463, 88659239, 463, 4239
5, 2534, 88690463, 88695285, 463, 5285
5, 2535, 88725463, 88730108, 463, 5108
5, 2536, 88760463, 88766907, 463, 6907
5, 2537, 88795463, 88799239, 463, 4239
5, 2538, 88830463, 88836048, 463, 6048
5, 2539, 88865463, 88869239, 463, 4239
5, 254, 8890463, 8895285, 463, 5285
5, 2540, 88900463, 88906366, 463, 6366
5, 2541, 88935463, 88939239, 463, 4239
5, 2542, 88970463, 88975285, 463, 5285
5, 2543, 89005463, 89009407, 463, 4407
5, 2544, 89040463, 89047995, 463, 7995
5, 2545, 89075463, 89079732, 463, 4732
5, 2546, 89110463, 89116714, 463, 6714
5, 2547, 89145463, 89149239, 463, 4239
5, 2548, 89180463, 89185285, 463, 5285
5, 2549, 89215463, 89219239, 463, 4239
5, 255, 8925463, 8930098, 463, 5098
5, 2550, 89250463, 89256366, 463, 6366
5, 2551, 89285463, 89289418, 463, 4418
5, 2552, 89320463, 89327906, 463, 7906
5, 2553, 89355463, 89359239, 463, 4239
5, 2554, 89390463, 89395285, 463, 5285
5, 2555, 89425463, 89429732, 463, 4732
5, 2556, 89460463, 89465382, 463, 5382
5, 2557, 89495463, 89499618, 463, 4618
5, 2558, 89530463, 89535285, 463, 5285
5, 2559, 89565463, 89569423, 463, 4423
5, 256, 8960463, 8967915, 463, 7915
5, 2560, 89600463, 89608540, 463, 8540
5, 2561, 89635463, 89639239, 463, 4239
5, 2562, 89670463, 89675382, 463, 5382
5, 2563, 89705463, 89709239, 463, 4239
5, 2564, 89740463, 89745285, 463, 5285
5, 2565, 89775463, 89780733, 463, 5733
5, 2566, 89810463, 89815285, 463, 5285
5, 2567, 89845463, 89849418, 463, 4418
5, 2568, 89880463, 89887053, 463, 7053
5, 2569, 89915463, 89919239, 463, 4239
5, 257, 8995463, 8999239, 463, 4239
5, 2570, 89950463, 89956366, 463, 6366
5, 2571, 89985463, 89989239, 463, 4239
5, 2572, 90020463, 90025285, 463, 5285
5, 2573, 90055463, 90059239, 463, 4239
5, 2574, 90090463, 90095382, 463, 5382
5, 2575, 90125463, 90130025, 463, 5025
5, 2576, 90160463, 90169891, 463, 9891
5, 2577, 90195463, 90199239, 463, 4239
5, 2578, 90230463, 90235285, 463, 5285
5, 2579, 90265463, 90269239, 463, 4239
5, 258, 9030463, 9036048, 463, 6048
5, 2580, 90300463, 90306366, 463, 6366
5, 2581, 90335463, 90339239, 463, 4239
5, 2582, 90370463, 90375285, 463, 5285
5, 2583, 90405463, 90409491, 463, 4491
5, 2584, 90440463, 90448104, 463, 8104
5, 2585, 90475463, 90479732, 463, 4732
5, 2586, 90510463, 90515382, 463, 5382
5, 2587, 90545463, 90549239, 463, 4239
5, 2588, 90580463, 90585285, 463, 5285
5, 2589, 90615463, 90619239, 463, 4239
5, 259, 9065463, 9069239, 463, 4239
5, 2590, 90650463, 90656268, 463, 6268
5, 2591, 90685463, 90689407, 463, 4407
5, 2592, 90720463, 90728613, 463, 8613
5, 2593, 90755463, 90759239, 463, 4239
5, 2594, 90790463, 90795285, 463, 5285
5, 2595, 90825463, 90830309, 463, 5309
5, 2596, 90860463, 90865285, 463, 5285
5, 2597, 90895463, 90899239, 463, 4239
5, 2598, 90930463, 90935382, 463, 5382
5, 2599, 90965463, 90969418, 463, 4418
5, 26, 910463, 915285, 463, 5285
5, 260, 9100463, 9106366, 463, 6366
5, 2600, 91000463, 91007906, 463, 7906
5, 2601, 91035463, 91039239, 463, 4239
5, 2602, 91070463, 91075285, 463, 5285
5, 2603, 91105463, 91109812, 463, 4812
5, 2604, 91140463, 91145382, 463, 5382
5, 2605, 91175463, 91179732, 463, 4732
5, 2606, 91210463, 91215285, 463, 5285
5, 2607, 91245463, 91249423, 463, 4423
5, 2608, 91280463, 91287915, 463, 7915
5, 2609, 91315463, 91319239, 463, 4239
5, 261, 9135463, 9139239, 463, 4239
5, 2610, 91350463, 91356366, 463, 6366
5, 2611, 91385463, 91389239, 463, 4239
5, 2612, 91420463, 91425285, 463, 5285
5, 2613, 91455463, 91459239, 463, 4239
5, 2614, 91490463, 91495950, 463, 5950
5, 2615, 91525463, 91530035, 463, 5035
5, 2616, 91560463, 91567053, 463, 7053
5, 2617, 91595463, 91599239, 463, 4239
5, 2618, 91630463, 91635285, 463, 5285
5, 2619, 91665463, 91669239, 463, 4239
5, 262, 9170463, 9175285, 463, 5285
5, 2620, 91700463, 91706268, 463, 6268
5, 2621, 91735463, 91739239, 463, 4239
5, 2622, 91770463, 91777439, 463, 7439
5, 2623, 91805463, 91809407, 463, 4407
5, 2624, 91840463, 91847995, 463, 7995
5, 2625, 91875463, 91879820, 463, 4820
5, 2626, 91910463, 91915285, 463, 5285
5, 2627, 91945463, 91949239, 463, 4239
5, 2628, 91980463, 91985382, 463, 5382
5, 2629, 92015463, 92019239, 463, 4239
5, 263, 9205463, 9209418, 463, 4418
5, 2630, 92050463, 92056366, 463, 6366
5, 2631, 92085463, 92089491, 463, 4491
5, 2632, 92120463, 92127809, 463, 7809
5, 2633, 92155463, 92159618, 463, 4618
5, 2634, 92190463, 92195382, 463, 5382
5, 2635, 92225463, 92229732, 463, 4732
5, 2636, 92260463, 92265285, 463, 5285
5, 2637, 92295463, 92299239, 463, 4239
5, 2638, 92330463, 92335285, 463, 5285
5, 2639, 92365463, 92369407, 463, 4407
5, 264, 9240463, 9247053, 463, 7053
5, 2640, 92400463, 92408613, 463, 8613
5, 2641, 92435463, 92439812, 463, 4812
5, 2642, 92470463, 92475285, 463, 5285
5, 2643, 92505463, 92509239, 463, 4239
5, 2644, 92540463, 92545285, 463, 5285
5, 2645, 92575463, 92579732, 463, 4732
5, 2646, 92610463, 92615382, 463, 5382
5, 2647, 92645463, 92649418, 463, 4418
5, 2648, 92680463, 92687053, 463, 7053
5, 2649, 92715463, 92719239, 463, 4239
5, 265, 9275463, 9279732, 463, 4732
5, 2650, 92750463, 92756268, 463, 6268
5, 2651, 92785463, 92789239, 463, 4239
5, 2652, 92820463, 92826871, 463, 6871
5, 2653, 92855463, 92859239, 463, 4239
5, 2654, 92890463, 92895285, 463, 5285
5, 2655, 92925463, 92930098, 463, 5098
5, 2656, 92960463, 92967915, 463, 7915
5, 2657, 92995463, 92999239, 463, 4239
5, 2658, 93030463, 93035382, 463, 5382
5, 2659, 93065463, 93069239, 463, 4239
5, 266, 9310463, 9316714, 463, 6714
5, 2660, 93100463, 93107439, 463, 7439
5, 2661, 93135463, 93139239, 463, 4239
5, 2662, 93170463, 93175285, 463, 5285
5, 2663, 93205463, 93209418, 463, 4418
5, 2664, 93240463, 93247053, 463, 7053
5, 2665, 93275463, 93279732, 463, 4732
5, 2666, 93310463, 93315285, 463, 5285
5, 2667, 93345463, 93349239, 463, 4239
5, 2668, 93380463, 93385285, 463, 5285
5, 2669, 93415463, 93419239, 463, 4239
5, 267, 9345463, 9349239, 463, 4239
5, 2670, 93450463, 93456366, 463, 6366
5, 2671, 93485463, 93489787, 463, 4787
5, 2672, 93520463, 93528613, 463, 8613
5, 2673, 93555463, 93559239, 463, 4239
5, 2674, 93590463, 93595285, 463, 5285
5, 2675, 93625463, 93629732, 463, 4732
5, 2676, 93660463, 93665382, 463, 5382
5, 2677, 93695463, 93699239, 463, 4239
5, 2678, 93730463, 93735285, 463, 5285
5, 2679, 93765463, 93770147, 463, 5147
5, 268, 9380463, 9385285, 463, 5285
5, 2680, 93800463, 93807809, 463, 7809
5, 2681, 93835463, 93839239, 463, 4239
5, 2682, 93870463, 93875382, 463, 5382
5, 2683, 93905463, 93909239, 463, 4239
5, 2684, 93940463, 93945285, 463, 5285
5, 2685, 93975463, 93979820, 463, 4820
5, 2686, 94010463, 94015285, 463, 5285
5, 2687, 94045463, 94049407, 463, 4407
5, 2688, 94080463, 94087995, 463, 7995
5, 2689, 94115463, 94119239, 463, 4239
5, 269, 9415463, 9419239, 463, 4239
5, 2690, 94150463, 94156871, 463, 6871
5, 2691, 94185463, 94189239, 463, 4239
5, 2692, 94220463, 94225285, 463, 5285
5, 2693, 94255463, 94259239, 463, 4239
5, 2694, 94290463, 94295382, 463, 5382
5, 2695, 94325463, 94330035, 463, 5035
5, 2696, 94360463, 94367053, 463, 7053
5, 2697, 94395463, 94399239, 463, 4239
5, 2698, 94430463, 94436617, 463, 6617
5, 2699, 94465463, 94469239, 463, 4239
5, 27, 945463, 949239, 463, 4239
5, 270, 9450463, 9456366, 463, 6366
5, 2700, 94500463, 94506366, 463, 6366
5, 2701, 94535463, 94539239, 463, 4239
5, 2702, 94570463, 94575285, 463, 5285
5, 2703, 94605463, 94609423, 463, 4423
5, 2704, 94640463, 94647915, 463, 7915
5, 2705, 94675463, 94679732, 463, 4732
5, 2706, 94710463, 94715382, 463, 5382
5, 2707, 94745463, 94749239, 463, 4239
5, 2708, 94780463, 94785285, 463, 5285
5, 2709, 94815463, 94819634, 463, 4634
5, 271, 9485463, 9489407, 463, 4407
5, 2710, 94850463, 94856268, 463, 6268
5, 2711, 94885463, 94889418, 463, 4418
5, 2712, 94920463, 94927906, 463, 7906
5, 2713, 94955463, 94959239, 463, 4239
5, 2714, 94990463, 94995285, 463, 5285
5, 2715, 95025463, 95029820, 463, 4820
5, 2716, 95060463, 95065285, 463, 5285
5, 2717, 95095463, 95099812, 463, 4812
5, 2718, 95130463, 95135382, 463, 5382
5, 2719, 95165463, 95169407, 463, 4407
5, 272, 9520463, 9528613, 463, 8613
5, 2720, 95200463, 95208613, 463, 8613
5, 2721, 95235463, 95239239, 463, 4239
5, 2722, 95270463, 95275285, 463, 5285
5, 2723, 95305463, 95309239, 463, 4239
5, 2724, 95340463, 95345382, 463, 5382
5, 2725, 95375463, 95379732, 463, 4732
5, 2726, 95410463, 95415285, 463, 5285
5, 2727, 95445463, 95449491, 463, 4491
5, 2728, 95480463, 95487491, 463, 7491
5, 2729, 95515463, 95519239, 463, 4239
5, 273, 9555463, 9559239, 463, 4239
5, 2730, 95550463, 95556366, 463, 6366
5, 2731, 95585463, 95589239, 463, 4239
5, 2732, 95620463, 95625285, 463, 5285
5, 2733, 95655463, 95659239, 463, 4239
5, 2734, 95690463, 95695285, 463, 5285
5, 2735, 95725463, 95730025, 463, 5025
5, 2736, 95760463, 95772139, 463, 12139
5, 2737, 95795463, 95799239, 463, 4239
5, 2738, 95830463, 95835285, 463, 5285
5, 2739, 95865463, 95869239, 463, 4239
5, 274, 9590463, 9595285, 463, 5285
5, 2740, 95900463, 95906268, 463, 6268
5, 2741, 95935463, 95939239, 463, 4239
5, 2742, 95970463, 95975382, 463, 5382
5, 2743, 96005463, 96009418, 463, 4418
5, 2744, 96040463, 96047053, 463, 7053
5, 2745, 96075463, 96079820, 463, 4820
5, 2746, 96110463, 96115285, 463, 5285
5, 2747, 96145463, 96149618, 463, 4618
5, 2748, 96180463, 96185382, 463, 5382
5, 2749, 96215463, 96219239, 463, 4239
5, 275, 9625463, 9629732, 463, 4732
5, 2750, 96250463, 96256366, 463, 6366
5, 2751, 96285463, 96289423, 463, 4423
5, 2752, 96320463, 96328540, 463, 8540
5, 2753, 96355463, 96359239, 463, 4239
5, 2754, 96390463, 96395382, 463, 5382
5, 2755, 96425463, 96430636, 463, 5636
5, 2756, 96460463, 96465285, 463, 5285
5, 2757, 96495463, 96499239, 463, 4239
5, 2758, 96530463, 96535285, 463, 5285
5, 2759, 96565463, 96569418, 463, 4418
5, 276, 9660463, 9665382, 463, 5382
5, 2760, 96600463, 96607906, 463, 7906
5, 2761, 96635463, 96639239, 463, 4239
5, 2762, 96670463, 96675285, 463, 5285
5, 2763, 96705463, 96709239, 463, 4239
5, 2764, 96740463, 96745285, 463, 5285
5, 2765, 96775463, 96779732, 463, 4732
5, 2766, 96810463, 96816048, 463, 6048
5, 2767, 96845463, 96849407, 463, 4407
5, 2768, 96880463, 96887995, 463, 7995
5, 2769, 96915463, 96919239, 463, 4239
5, 277, 9695463, 9699618, 463, 4618
5, 2770, 96950463, 96956268, 463, 6268
5, 2771, 96985463, 96989239, 463, 4239
5, 2772, 97020463, 97025382, 463, 5382
5, 2773, 97055463, 97059239, 463, 4239
5, 2774, 97090463, 97096714, 463, 6714
5, 2775, 97125463, 97130108, 463, 5108
5, 2776, 97160463, 97166907, 463, 6907
5, 2777, 97195463, 97199239, 463, 4239
5, 2778, 97230463, 97235382, 463, 5382
5, 2779, 97265463, 97269239, 463, 4239
5, 278, 9730463, 9735285, 463, 5285
5, 2780, 97300463, 97306366, 463, 6366
5, 2781, 97335463, 97339239, 463, 4239
5, 2782, 97370463, 97375285, 463, 5285
5, 2783, 97405463, 97409407, 463, 4407
5, 2784, 97440463, 97447995, 463, 7995
5, 2785, 97475463, 97480236, 463, 5236
5, 2786, 97510463, 97515285, 463, 5285
5, 2787, 97545463, 97549239, 463, 4239
5, 2788, 97580463, 97585285, 463, 5285
5, 2789, 97615463, 97619239, 463, 4239
5, 279, 9765463, 9769491, 463, 4491
5, 2790, 97650463, 97656366, 463, 6366
5, 2791, 97685463, 97689418, 463, 4418
5, 2792, 97720463, 97727906, 463, 7906
5, 2793, 97755463, 97759833, 463, 4833
5, 2794, 97790463, 97795285, 463, 5285
5, 2795, 97825463, 97829732, 463, 4732
5, 2796, 97860463, 97865382, 463, 5382
5, 2797, 97895463, 97899239, 463, 4239
5, 2798, 97930463, 97935285, 463, 5285
5, 2799, 97965463, 97969423, 463, 4423
5, 28, 980463, 985285, 463, 5285
5, 280, 9800463, 9807809, 463, 7809
5, 2800, 98000463, 98008540, 463, 8540
5, 2801, 98035463, 98039239, 463, 4239
5, 2802, 98070463, 98075382, 463, 5382
5, 2803, 98105463, 98109239, 463, 4239
5, 2804, 98140463, 98146048, 463, 6048
5, 2805, 98175463, 98179820, 463, 4820
5, 2806, 98210463, 98215285, 463, 5285
5, 2807, 98245463, 98249418, 463, 4418
5, 2808, 98280463, 98287053, 463, 7053
5, 2809, 98315463, 98319239, 463, 4239
5, 281, 9835463, 9839239, 463, 4239
5, 2810, 98350463, 98356366, 463, 6366
5, 2811, 98385463, 98389239, 463, 4239
5, 2812, 98420463, 98427366, 463, 7366
5, 2813, 98455463, 98459239, 463, 4239
5, 2814, 98490463, 98495382, 463, 5382
5, 2815, 98525463, 98530025, 463, 5025
5, 2816, 98560463, 98567995, 463, 7995
5, 2817, 98595463, 98599239, 463, 4239
5, 2818, 98630463, 98635285, 463, 5285
5, 2819, 98665463, 98669239, 463, 4239
5, 282, 9870463, 9875382, 463, 5382
5, 2820, 98700463, 98706366, 463, 6366
5, 2821, 98735463, 98739239, 463, 4239
5, 2822, 98770463, 98775285, 463, 5285
5, 2823, 98805463, 98812600, 463, 7600
5, 2824, 98840463, 98846907, 463, 6907
5, 2825, 98875463, 98879732, 463, 4732
5, 2826, 98910463, 98915382, 463, 5382
5, 2827, 98945463, 98949239, 463, 4239
5, 2828, 98980463, 98985285, 463, 5285
5, 2829, 99015463, 99019239, 463, 4239
5, 283, 9905463, 9909239, 463, 4239
5, 2830, 99050463, 99056268, 463, 6268
5, 2831, 99085463, 99090036, 463, 5036
5, 2832, 99120463, 99128613, 463, 8613
5, 2833, 99155463, 99159239, 463, 4239
5, 2834, 99190463, 99195285, 463, 5285
5, 2835, 99225463, 99229820, 463, 4820
5, 2836, 99260463, 99265285, 463, 5285
5, 2837, 99295463, 99299239, 463, 4239
5, 2838, 99330463, 99335382, 463, 5382
5, 2839, 99365463, 99369418, 463, 4418
5, 284, 9940463, 9945285, 463, 5285
5, 2840, 99400463, 99407906, 463, 7906
5, 2841, 99435463, 99439239, 463, 4239
5, 2842, 99470463, 99476774, 463, 6774
5, 2843, 99505463, 99509239, 463, 4239
5, 2844, 99540463, 99545382, 463, 5382
5, 2845, 99575463, 99579732, 463, 4732
5, 2846, 99610463, 99615285, 463, 5285
5, 2847, 99645463, 99649423, 463, 4423
5, 2848, 99680463, 99687915, 463, 7915
5, 2849, 99715463, 99719239, 463, 4239
5, 285, 9975463, 9980733, 463, 5733
5, 2850, 99750463, 99757439, 463, 7439
5, 2851, 99785463, 99789239, 463, 4239
5, 2852, 99820463, 99825285, 463, 5285
5, 2853, 99855463, 99859239, 463, 4239
5, 2854, 99890463, 99895285, 463, 5285
5, 2855, 99925463, 99930035, 463, 5035
5, 2856, 99960463, 99967053, 463, 7053
5, 2857, 99995463, 99999239, 463, 4239
5, 2858, 100030463, 100035285, 463, 5285
5, 2859, 100065463, 100069239, 463, 4239
5, 286, 10010463, 10015285, 463, 5285
5, 2860, 100100463, 100106268, 463, 6268
5, 2861, 100135463, 100139618, 463, 4618
5, 2862, 100170463, 100175382, 463, 5382
5, 2863, 100205463, 100209407, 463, 4407
5, 2864, 100240463, 100247995, 463, 7995
5, 2865, 100275463, 100279820, 463, 4820
5, 2866, 100310463, 100315285, 463, 5285
5, 2867, 100345463, 100349239, 463, 4239
5, 2868, 100380463, 100385382, 463, 5382
5, 2869, 100415463, 100419812, 463, 4812
5, 287, 10045463, 10049407, 463, 4407
5, 2870, 100450463, 100456366, 463, 6366
5, 2871, 100485463, 100489491, 463, 4491
5, 2872, 100520463, 100527809, 463, 7809
5, 2873, 100555463, 100559239, 463, 4239
5, 2874, 100590463, 100595382, 463, 5382
5, 2875, 100625463, 100629732, 463, 4732
5, 2876, 100660463, 100665285, 463, 5285
5, 2877, 100695463, 100699239, 463, 4239
5, 2878, 100730463, 100735285, 463, 5285
5, 2879, 100765463, 100769407, 463, 4407
5, 288, 10080463, 10087995, 463, 7995
5, 2880, 100800463, 100810509, 463, 10509
5, 2881, 100835463, 100839239, 463, 4239
5, 2882, 100870463, 100875285, 463, 5285
5, 2883, 100905463, 100909239, 463, 4239
5, 2884, 100940463, 100945285, 463, 5285
5, 2885, 100975463, 100979732, 463, 4732
5, 2886, 101010463, 101015382, 463, 5382
5, 2887, 101045463, 101049418, 463, 4418
5, 2888, 101080463, 101088177, 463, 8177
5, 2889, 101115463, 101119239, 463, 4239
5, 289, 10115463, 10119239, 463, 4239
5, 2890, 101150463, 101156268, 463, 6268
5, 2891, 101185463, 101189239, 463, 4239
5, 2892, 101220463, 101225382, 463, 5382
5, 2893, 101255463, 101259239, 463, 4239
5, 2894, 101290463, 101295285, 463, 5285
5, 2895, 101325463, 101330098, 463, 5098
5, 2896, 101360463, 101367915, 463, 7915
5, 2897, 101395463, 101399239, 463, 4239
5, 2898, 101430463, 101435382, 463, 5382
5, 2899, 101465463, 101469618, 463, 4618
5, 29, 1015463, 1019239, 463, 4239
5, 290, 10150463, 10156366, 463, 6366
5, 2900, 101500463, 101506366, 463, 6366
5, 2901, 101535463, 101539239, 463, 4239
5, 2902, 101570463, 101575285, 463, 5285
5, 2903, 101605463, 101609418, 463, 4418
5, 2904, 101640463, 101647053, 463, 7053
5, 2905, 101675463, 101679732, 463, 4732
5, 2906, 101710463, 101715285, 463, 5285
5, 2907, 101745463, 101749833, 463, 4833
5, 2908, 101780463, 101785285, 463, 5285
5, 2909, 101815463, 101819239, 463, 4239
5, 291, 10185463, 10189239, 463, 4239
5, 2910, 101850463, 101856366, 463, 6366
5, 2911, 101885463, 101889407, 463, 4407
5, 2912, 101920463, 101928613, 463, 8613
5, 2913, 101955463, 101959239, 463, 4239
5, 2914, 101990463, 101995285, 463, 5285
5, 2915, 102025463, 102029732, 463, 4732
5, 2916, 102060463, 102065382, 463, 5382
5, 2917, 102095463, 102099239, 463, 4239
5, 2918, 102130463, 102136048, 463, 6048
5, 2919, 102165463, 102169491, 463, 4491
5, 292, 10220463, 10225285, 463, 5285
5, 2920, 102200463, 102207809, 463, 7809
5, 2921, 102235463, 102239239, 463, 4239
5, 2922, 102270463, 102275382, 463, 5382
5, 2923, 102305463, 102309239, 463, 4239
5, 2924, 102340463, 102345285, 463, 5285
5, 2925, 102375463, 102379820, 463, 4820
5, 2926, 102410463, 102416617, 463, 6617
5, 2927, 102445463, 102449407, 463, 4407
5, 2928, 102480463, 102487995, 463, 7995
5, 2929, 102515463, 102519239, 463, 4239
5, 293, 10255463, 10259239, 463, 4239
5, 2930, 102550463, 102556366, 463, 6366
5, 2931, 102585463, 102589239, 463, 4239
5, 2932, 102620463, 102625285, 463, 5285
5, 2933, 102655463, 102659239, 463, 4239
5, 2934, 102690463, 102695382, 463, 5382
5, 2935, 102725463, 102730035, 463, 5035
5, 2936, 102760463, 102767053, 463, 7053
5, 2937, 102795463, 102799634, 463, 4634
5, 2938, 102830463, 102835285, 463, 5285
5, 2939, 102865463, 102869239, 463, 4239
5, 294, 10290463, 10295382, 463, 5382
5, 2940, 102900463, 102906366, 463, 6366
5, 2941, 102935463, 102939239, 463, 4239
5, 2942, 102970463, 102975285, 463, 5285
5, 2943, 103005463, 103009423, 463, 4423
5, 2944, 103040463, 103047915, 463, 7915
5, 2945, 103075463, 103080636, 463, 5636
5, 2946, 103110463, 103115382, 463, 5382
5, 2947, 103145463, 103149239, 463, 4239
5, 2948, 103180463, 103185285, 463, 5285
5, 2949, 103215463, 103219239, 463, 4239
5, 295, 10325463, 10330035, 463, 5035
5, 2950, 103250463, 103256268, 463, 6268
5, 2951, 103285463, 103289418, 463, 4418
5, 2952, 103320463, 103327906, 463, 7906
5, 2953, 103355463, 103359239, 463, 4239
5, 2954, 103390463, 103395285, 463, 5285
5, 2955, 103425463, 103429820, 463, 4820
5, 2956, 103460463, 103465950, 463, 5950
5, 2957, 103495463, 103499239, 463, 4239
5, 2958, 103530463, 103535382, 463, 5382
5, 2959, 103565463, 103569407, 463, 4407
5, 296, 10360463, 10367588, 463, 7588
5, 2960, 103600463, 103608613, 463, 8613
5, 2961, 103635463, 103639239, 463, 4239
5, 2962, 103670463, 103675285, 463, 5285
5, 2963, 103705463, 103709239, 463, 4239
5, 2964, 103740463, 103746714, 463, 6714
5, 2965, 103775463, 103779732, 463, 4732
5, 2966, 103810463, 103815285, 463, 5285
5, 2967, 103845463, 103849491, 463, 4491
5, 2968, 103880463, 103886907, 463, 6907
5, 2969, 103915463, 103919239, 463, 4239
5, 297, 10395463, 10399239, 463, 4239
5, 2970, 103950463, 103956366, 463, 6366
5, 2971, 103985463, 103989239, 463, 4239
5, 2972, 104020463, 104025285, 463, 5285
5, 2973, 104055463, 104059239, 463, 4239
5, 2974, 104090463, 104095285, 463, 5285
5, 2975, 104125463, 104130404, 463, 5404
5, 2976, 104160463, 104167995, 463, 7995
5, 2977, 104195463, 104199239, 463, 4239
5, 2978, 104230463, 104235285, 463, 5285
5, 2979, 104265463, 104269239, 463, 4239
5, 298, 10430463, 10435285, 463, 5285
5, 2980, 104300463, 104306268, 463, 6268
5, 2981, 104335463, 104339239, 463, 4239
5, 2982, 104370463, 104375382, 463, 5382
5, 2983, 104405463, 104410050, 463, 5050
5, 2984, 104440463, 104447053, 463, 7053
5, 2985, 104475463, 104479820, 463, 4820
5, 2986, 104510463, 104515285, 463, 5285
5, 2987, 104545463, 104549239, 463, 4239
5, 2988, 104580463, 104585382, 463, 5382
5, 2989, 104615463, 104619239, 463, 4239
5, 299, 10465463, 10469239, 463, 4239
5, 2990, 104650463, 104656366, 463, 6366
5, 2991, 104685463, 104689423, 463, 4423
5, 2992, 104720463, 104728540, 463, 8540
5, 2993, 104755463, 104759239, 463, 4239
5, 2994, 104790463, 104796048, 463, 6048
5, 2995, 104825463, 104829732, 463, 4732
5, 2996, 104860463, 104865285, 463, 5285
5, 2997, 104895463, 104899239, 463, 4239
5, 2998, 104930463, 104935285, 463, 5285
5, 2999, 104965463, 104969418, 463, 4418
5, 3, 105463, 109239, 463, 4239
5, 30, 1050463, 1056871, 463, 6871
5, 300, 10500463, 10506366, 463, 6366
5, 3000, 105000463, 105007906, 463, 7906
5, 3001, 105035463, 105039239, 463, 4239
5, 3002, 105070463, 105077439, 463, 7439
5, 3003, 105105463, 105109239, 463, 4239
5, 3004, 105140463, 105145285, 463, 5285
5, 3005, 105175463, 105179732, 463, 4732
5, 3006, 105210463, 105215382, 463, 5382
5, 3007, 105245463, 105249407, 463, 4407
5, 3008, 105280463, 105287995, 463, 7995
5, 3009, 105315463, 105319239, 463, 4239
5, 301, 10535463, 10539239, 463, 4239
5, 3010, 105350463, 105356268, 463, 6268
5, 3011, 105385463, 105389239, 463, 4239
5, 3012, 105420463, 105425382, 463, 5382
5, 3013, 105455463, 105459618, 463, 4618
5, 3014, 105490463, 105495285, 463, 5285
5, 3015, 105525463, 105530108, 463, 5108
5, 3016, 105560463, 105566907, 463, 6907
5, 3017, 105595463, 105599239, 463, 4239
5, 3018, 105630463, 105635382, 463, 5382
5, 3019, 105665463, 105669239, 463, 4239
5, 302, 10570463, 10575285, 463, 5285
5, 3020, 105700463, 105706366, 463, 6366
5, 3021, 105735463, 105739833, 463, 4833
5, 3022, 105770463, 105775285, 463, 5285
5, 3023, 105805463, 105809407, 463, 4407
5, 3024, 105840463, 105847995, 463, 7995
5, 3025, 105875463, 105879732, 463, 4732
5, 3026, 105910463, 105915285, 463, 5285
5, 3027, 105945463, 105949239, 463, 4239
5, 3028, 105980463, 105985285, 463, 5285
5, 3029, 106015463, 106019239, 463, 4239
5, 303, 10605463, 10609423, 463, 4423
5, 3030, 106050463, 106056366, 463, 6366
5, 3031, 106085463, 106089418, 463, 4418
5, 3032, 106120463, 106128295, 463, 8295
5, 3033, 106155463, 106159239, 463, 4239
5, 3034, 106190463, 106195285, 463, 5285
5, 3035, 106225463, 106229732, 463, 4732
5, 3036, 106260463, 106265382, 463, 5382
5, 3037, 106295463, 106299239, 463, 4239
5, 3038, 106330463, 106335285, 463, 5285
5, 3039, 106365463, 106369423, 463, 4423
5, 304, 10640463, 10652756, 463, 12756
5, 3040, 106400463, 106412756, 463, 12756
5, 3041, 106435463, 106439239, 463, 4239
5, 3042, 106470463, 106475382, 463, 5382
5, 3043, 106505463, 106509239, 463, 4239
5, 3044, 106540463, 106545285, 463, 5285
5, 3045, 106575463, 106579820, 463, 4820
5, 3046, 106610463, 106615285, 463, 5285
5, 3047, 106645463, 106649418, 463, 4418
5, 3048, 106680463, 106687053, 463, 7053
5, 3049, 106715463, 106719239, 463, 4239
5, 305, 10675463, 10679732, 463, 4732
5, 3050, 106750463, 106756366, 463, 6366
5, 3051, 106785463, 106789634, 463, 4634
5, 3052, 106820463, 106825285, 463, 5285
5, 3053, 106855463, 106859239, 463, 4239
5, 3054, 106890463, 106895382, 463, 5382
5, 3055, 106925463, 106930025, 463, 5025
5, 3056, 106960463, 106967995, 463, 7995
5, 3057, 106995463, 106999239, 463, 4239
5, 3058, 107030463, 107035285, 463, 5285
5, 3059, 107065463, 107069812, 463, 4812
5, 306, 10710463, 10715382, 463, 5382
5, 3060, 107100463, 107106366, 463, 6366
5, 3061, 107135463, 107139239, 463, 4239
5, 3062, 107170463, 107175285, 463, 5285
5, 3063, 107205463, 107209491, 463, 4491
5, 3064, 107240463, 107246907, 463, 6907
5, 3065, 107275463, 107279732, 463, 4732
5, 3066, 107310463, 107315382, 463, 5382
5, 3067, 107345463, 107349239, 463, 4239
5, 3068, 107380463, 107385285, 463, 5285
5, 3069, 107415463, 107419239, 463, 4239
5, 307, 10745463, 10749239, 463, 4239
5, 3070, 107450463, 107456774, 463, 6774
5, 3071, 107485463, 107489407, 463, 4407
5, 3072, 107520463, 107528613, 463, 8613
5, 3073, 107555463, 107559239, 463, 4239
5, 3074, 107590463, 107595285, 463, 5285
5, 3075, 107625463, 107629820, 463, 4820
5, 3076, 107660463, 107665285, 463, 5285
5, 3077, 107695463, 107699239, 463, 4239
5, 3078, 107730463, 107736714, 463, 6714
5, 3079, 107765463, 107769418, 463, 4418
5, 308, 10780463, 10785285, 463, 5285
5, 3080, 107800463, 107807906, 463, 7906
5, 3081, 107835463, 107839239, 463, 4239
5, 3082, 107870463, 107875285, 463, 5285
5, 3083, 107905463, 107909239, 463, 4239
5, 3084, 107940463, 107945382, 463, 5382
5, 3085, 107975463, 107979732, 463, 4732
5, 3086, 108010463, 108015285, 463, 5285
5, 3087, 108045463, 108049423, 463, 4423
5, 3088, 108080463, 108087915, 463, 7915
5, 3089, 108115463, 108119618, 463, 4618
5, 309, 10815463, 10819239, 463, 4239
5, 3090, 108150463, 108156366, 463, 6366
5, 3091, 108185463, 108189239, 463, 4239
5, 3092, 108220463, 108225285, 463, 5285
5, 3093, 108255463, 108259239, 463, 4239
5, 3094, 108290463, 108295285, 463, 5285
5, 3095, 108325463, 108330035, 463, 5035
5, 3096, 108360463, 108367053, 463, 7053
5, 3097, 108395463, 108399812, 463, 4812
5, 3098, 108430463, 108435285, 463, 5285
5, 3099, 108465463, 108469239, 463, 4239
5, 31, 1085463, 1089407, 463, 4407
5, 310, 10850463, 10856268, 463, 6268
5, 3100, 108500463, 108506268, 463, 6268
5, 3101, 108535463, 108539239, 463, 4239
5, 3102, 108570463, 108575382, 463, 5382
5, 3103, 108605463, 108609407, 463, 4407
5, 3104, 108640463, 108647995, 463, 7995
5, 3105, 108675463, 108679820, 463, 4820
5, 3106, 108710463, 108715285, 463, 5285
5, 3107, 108745463, 108749239, 463, 4239
5, 3108, 108780463, 108786048, 463, 6048
5, 3109, 108815463, 108819239, 463, 4239
5, 311, 10885463, 10889418, 463, 4418
5, 3110, 108850463, 108856366, 463, 6366
5, 3111, 108885463, 108889491, 463, 4491
5, 3112, 108920463, 108927809, 463, 7809
5, 3113, 108955463, 108959239, 463, 4239
5, 3114, 108990463, 108995382, 463, 5382
5, 3115, 109025463, 109029732, 463, 4732
5, 3116, 109060463, 109066714, 463, 6714
5, 3117, 109095463, 109099239, 463, 4239
5, 3118, 109130463, 109135285, 463, 5285
5, 3119, 109165463, 109169407, 463, 4407
5, 312, 10920463, 10927906, 463, 7906
5, 3120, 109200463, 109208613, 463, 8613
5, 3121, 109235463, 109239239, 463, 4239
5, 3122, 109270463, 109275285, 463, 5285
5, 3123, 109305463, 109309239, 463, 4239
5, 3124, 109340463, 109345285, 463, 5285
5, 3125, 109375463, 109379732, 463, 4732
5, 3126, 109410463, 109415382, 463, 5382
5, 3127, 109445463, 109449797, 463, 4797
5, 3128, 109480463, 109487053, 463, 7053
5, 3129, 109515463, 109519239, 463, 4239
5, 313, 10955463, 10959239, 463, 4239
5, 3130, 109550463, 109556268, 463, 6268
5, 3131, 109585463, 109589239, 463, 4239
5, 3132, 109620463, 109625382, 463, 5382
5, 3133, 109655463, 109659239, 463, 4239
5, 3134, 109690463, 109695285, 463, 5285
5, 3135, 109725463, 109731452, 463, 6452
5, 3136, 109760463, 109767915, 463, 7915
5, 3137, 109795463, 109799239, 463, 4239
5, 3138, 109830463, 109835382, 463, 5382
5, 3139, 109865463, 109869239, 463, 4239
5, 314, 10990463, 10995285, 463, 5285
5, 3140, 109900463, 109906366, 463, 6366
5, 3141, 109935463, 109939239, 463, 4239
5, 3142, 109970463, 109975285, 463, 5285
5, 3143, 110005463, 110009418, 463, 4418
5, 3144, 110040463, 110047053, 463, 7053
5, 3145, 110075463, 110079732, 463, 4732
5, 3146, 110110463, 110116048, 463, 6048
5, 3147, 110145463, 110149239, 463, 4239
5, 3148, 110180463, 110185285, 463, 5285
5, 3149, 110215463, 110219239, 463, 4239
5, 315, 11025463, 11030309, 463, 5309
5, 3150, 110250463, 110256366, 463, 6366
5, 3151, 110285463, 110289407, 463, 4407
5, 3152, 110320463, 110328613, 463, 8613
5, 3153, 110355463, 110359239, 463, 4239
5, 3154, 110390463, 110396617, 463, 6617
5, 3155, 110425463, 110429732, 463, 4732
5, 3156, 110460463, 110465382, 463, 5382
5, 3157, 110495463, 110499239, 463, 4239
5, 3158, 110530463, 110535285, 463, 5285
5, 3159, 110565463, 110569491, 463, 4491
5, 316, 11060463, 11065285, 463, 5285
5, 3160, 110600463, 110607809, 463, 7809
5, 3161, 110635463, 110639239, 463, 4239
5, 3162, 110670463, 110675382, 463, 5382
5, 3163, 110705463, 110709239, 463, 4239
5, 3164, 110740463, 110745285, 463, 5285
5, 3165, 110775463, 110780309, 463, 5309
5, 3166, 110810463, 110815285, 463, 5285
5, 3167, 110845463, 110849407, 463, 4407
5, 3168, 110880463, 110887995, 463, 7995
5, 3169, 110915463, 110919239, 463, 4239
5, 317, 11095463, 11099239, 463, 4239
5, 3170, 110950463, 110956366, 463, 6366
5, 3171, 110985463, 110989239, 463, 4239
5, 3172, 111020463, 111025285, 463, 5285
5, 3173, 111055463, 111059812, 463, 4812
5, 3174, 111090463, 111095382, 463, 5382
5, 3175, 111125463, 111130035, 463, 5035
5, 3176, 111160463, 111167053, 463, 7053
5, 3177, 111195463, 111199239, 463, 4239
5, 3178, 111230463, 111235285, 463, 5285
5, 3179, 111265463, 111269239, 463, 4239
5, 318, 11130463, 11135382, 463, 5382
5, 3180, 111300463, 111306366, 463, 6366
5, 3181, 111335463, 111339239, 463, 4239
5, 3182, 111370463, 111375285, 463, 5285
5, 3183, 111405463, 111409423, 463, 4423
5, 3184, 111440463, 111449818, 463, 9818
5, 3185, 111475463, 111479732, 463, 4732
5, 3186, 111510463, 111515382, 463, 5382
5, 3187, 111545463, 111549239, 463, 4239
5, 3188, 111580463, 111585285, 463, 5285
5, 3189, 111615463, 111619239, 463, 4239
5, 319, 11165463, 11169407, 463, 4407
5, 3190, 111650463, 111656268, 463, 6268
5, 3191, 111685463, 111689418, 463, 4418
5, 3192, 111720463, 111728794, 463, 8794
5, 3193, 111755463, 111759239, 463, 4239
5, 3194, 111790463, 111795285, 463, 5285
5, 3195, 111825463, 111829820, 463, 4820
5, 3196, 111860463, 111865285, 463, 5285
5, 3197, 111895463, 111899239, 463, 4239
5, 3198, 111930463, 111935382, 463, 5382
5, 3199, 111965463, 111969407, 463, 4407
5, 32, 1120463, 1128613, 463, 8613
5, 320, 11200463, 11208613, 463, 8613
5, 3200, 112000463, 112008613, 463, 8613
5, 3201, 112035463, 112039239, 463, 4239
5, 3202, 112070463, 112075285, 463, 5285
5, 3203, 112105463, 112109618, 463, 4618
5, 3204, 112140463, 112145382, 463, 5382
5, 3205, 112175463, 112179732, 463, 4732
5, 3206, 112210463, 112215285, 463, 5285
5, 3207, 112245463, 112249491, 463, 4491
5, 3208, 112280463, 112286907, 463, 6907
5, 3209, 112315463, 112319239, 463, 4239
5, 321, 11235463, 11239239, 463, 4239
5, 3210, 112350463, 112356366, 463, 6366
5, 3211, 112385463, 112389812, 463, 4812
5, 3212, 112420463, 112425285, 463, 5285
5, 3213, 112455463, 112459239, 463, 4239
5, 3214, 112490463, 112495285, 463, 5285
5, 3215, 112525463, 112530025, 463, 5025
5, 3216, 112560463, 112567995, 463, 7995
5, 3217, 112595463, 112599239, 463, 4239
5, 3218, 112630463, 112635285, 463, 5285
5, 3219, 112665463, 112669239, 463, 4239
5, 322, 11270463, 11275285, 463, 5285
5, 3220, 112700463, 112706268, 463, 6268
5, 3221, 112735463, 112739239, 463, 4239
5, 3222, 112770463, 112776871, 463, 6871
5, 3223, 112805463, 112809418, 463, 4418
5, 3224, 112840463, 112847053, 463, 7053
5, 3225, 112875463, 112879820, 463, 4820
5, 3226, 112910463, 112915285, 463, 5285
5, 3227, 112945463, 112949239, 463, 4239
5, 3228, 112980463, 112985382, 463, 5382
5, 3229, 113015463, 113019239, 463, 4239
5, 323, 11305463, 11309812, 463, 4812
5, 3230, 113050463, 113057439, 463, 7439
5, 3231, 113085463, 113089423, 463, 4423
5, 3232, 113120463, 113128540, 463, 8540
5, 3233, 113155463, 113159239, 463, 4239
5, 3234, 113190463, 113195382, 463, 5382
5, 3235, 113225463, 113229732, 463, 4732
5, 3236, 113260463, 113265285, 463, 5285
5, 3237, 113295463, 113299239, 463, 4239
5, 3238, 113330463, 113335285, 463, 5285
5, 3239, 113365463, 113369418, 463, 4418
5, 324, 11340463, 11345382, 463, 5382
5, 3240, 113400463, 113407906, 463, 7906
5, 3241, 113435463, 113439618, 463, 4618
5, 3242, 113470463, 113475285, 463, 5285
5, 3243, 113505463, 113509239, 463, 4239
5, 3244, 113540463, 113545285, 463, 5285
5, 3245, 113575463, 113579732, 463, 4732
5, 3246, 113610463, 113615382, 463, 5382
5, 3247, 113645463, 113649407, 463, 4407
5, 3248, 113680463, 113687995, 463, 7995
5, 3249, 113715463, 113719833, 463, 4833
5, 325, 11375463, 11379732, 463, 4732
5, 3250, 113750463, 113756268, 463, 6268
5, 3251, 113785463, 113789239, 463, 4239
5, 3252, 113820463, 113825382, 463, 5382
5, 3253, 113855463, 113859239, 463, 4239
5, 3254, 113890463, 113895285, 463, 5285
5, 3255, 113925463, 113930108, 463, 5108
5, 3256, 113960463, 113966907, 463, 6907
5, 3257, 113995463, 113999239, 463, 4239
5, 3258, 114030463, 114035382, 463, 5382
5, 3259, 114065463, 114069239, 463, 4239
5, 326, 11410463, 11415285, 463, 5285
5, 3260, 114100463, 114106871, 463, 6871
5, 3261, 114135463, 114139239, 463, 4239
5, 3262, 114170463, 114175285, 463, 5285
5, 3263, 114205463, 114209407, 463, 4407
5, 3264, 114240463, 114247995, 463, 7995
5, 3265, 114275463, 114279732, 463, 4732
5, 3266, 114310463, 114315285, 463, 5285
5, 3267, 114345463, 114349239, 463, 4239
5, 3268, 114380463, 114386617, 463, 6617
5, 3269, 114415463, 114419239, 463, 4239
5, 327, 11445463, 11449491, 463, 4491
5, 3270, 114450463, 114456366, 463, 6366
5, 3271, 114485463, 114489418, 463, 4418
5, 3272, 114520463, 114527906, 463, 7906
5, 3273, 114555463, 114559239, 463, 4239
5, 3274, 114590463, 114595285, 463, 5285
5, 3275, 114625463, 114629732, 463, 4732
5, 3276, 114660463, 114665382, 463, 5382
5, 3277, 114695463, 114699239, 463, 4239
5, 3278, 114730463, 114735285, 463, 5285
5, 3279, 114765463, 114769860, 463, 4860
5, 328, 11480463, 11486907, 463, 6907
5, 3280, 114800463, 114808540, 463, 8540
5, 3281, 114835463, 114839239, 463, 4239
5, 3282, 114870463, 114875382, 463, 5382
5, 3283, 114905463, 114909239, 463, 4239
5, 3284, 114940463, 114945285, 463, 5285
5, 3285, 114975463, 114979820, 463, 4820
5, 3286, 115010463, 115015285, 463, 5285
5, 3287, 115045463, 115050050, 463, 5050
5, 3288, 115080463, 115087053, 463, 7053
5, 3289, 115115463, 115119239, 463, 4239
5, 329, 11515463, 11519239, 463, 4239
5, 3290, 115150463, 115156366, 463, 6366
5, 3291, 115185463, 115189239, 463, 4239
5, 3292, 115220463, 115225285, 463, 5285
5, 3293, 115255463, 115259239, 463, 4239
5, 3294, 115290463, 115295382, 463, 5382
5, 3295, 115325463, 115330025, 463, 5025
5, 3296, 115360463, 115367995, 463, 7995
5, 3297, 115395463, 115399239, 463, 4239
5, 3298, 115430463, 115435950, 463, 5950
5, 3299, 115465463, 115469239, 463, 4239
5, 33, 1155463, 1159239, 463, 4239
5, 330, 11550463, 11556366, 463, 6366
5, 3300, 115500463, 115506366, 463, 6366
5, 3301, 115535463, 115539239, 463, 4239
5, 3302, 115570463, 115575285, 463, 5285
5, 3303, 115605463, 115609491, 463, 4491
5, 3304, 115640463, 115646907, 463, 6907
5, 3305, 115675463, 115679732, 463, 4732
5, 3306, 115710463, 115716714, 463, 6714
5, 3307, 115745463, 115749239, 463, 4239
5, 3308, 115780463, 115785285, 463, 5285
5, 3309, 115815463, 115819239, 463, 4239
5, 331, 11585463, 11589239, 463, 4239
5, 3310, 115850463, 115856268, 463, 6268
5, 3311, 115885463, 115889407, 463, 4407
5, 3312, 115920463, 115928613, 463, 8613
5, 3313, 115955463, 115959239, 463, 4239
5, 3314, 115990463, 115995285, 463, 5285
5, 3315, 116025463, 116029820, 463, 4820
5, 3316, 116060463, 116065285, 463, 5285
5, 3317, 116095463, 116099618, 463, 4618
5, 3318, 116130463, 116135382, 463, 5382
5, 3319, 116165463, 116169418, 463, 4418
5, 332, 11620463, 11625285, 463, 5285
5, 3320, 116200463, 116207906, 463, 7906
5, 3321, 116235463, 116239239, 463, 4239
5, 3322, 116270463, 116275285, 463, 5285
5, 3323, 116305463, 116309239, 463, 4239
5, 3324, 116340463, 116345382, 463, 5382
5, 3325, 116375463, 116380636, 463, 5636
5, 3326, 116410463, 116415285, 463, 5285
5, 3327, 116445463, 116449423, 463, 4423
5, 3328, 116480463, 116487915, 463, 7915
5, 3329, 116515463, 116519239, 463, 4239
5, 333, 11655463, 11659239, 463, 4239
5, 3330, 116550463, 116556366, 463, 6366
5, 3331, 116585463, 116589239, 463, 4239
5, 3332, 116620463, 116625285, 463, 5285
5, 3333, 116655463, 116659239, 463, 4239
5, 3334, 116690463, 116695285, 463, 5285
5, 3335, 116725463, 116730035, 463, 5035
5, 3336, 116760463, 116767588, 463, 7588
5, 3337, 116795463, 116799239, 463, 4239
5, 3338, 116830463, 116835285, 463, 5285
5, 3339, 116865463, 116869239, 463, 4239
5, 334, 11690463, 11695950, 463, 5950
5, 3340, 116900463, 116906268, 463, 6268
5, 3341, 116935463, 116939239, 463, 4239
5, 3342, 116970463, 116975382, 463, 5382
5, 3343, 117005463, 117009407, 463, 4407
5, 3344, 117040463, 117052472, 463, 12472
5, 3345, 117075463, 117079820, 463, 4820
5, 3346, 117110463, 117115285, 463, 5285
5, 3347, 117145463, 117149239, 463, 4239
5, 3348, 117180463, 117185382, 463, 5382
5, 3349, 117215463, 117219239, 463, 4239
5, 335, 11725463, 11730025, 463, 5025
5, 3350, 117250463, 117256366, 463, 6366
5, 3351, 117285463, 117289491, 463, 4491
5, 3352, 117320463, 117327809, 463, 7809
5, 3353, 117355463, 117359239, 463, 4239
5, 3354, 117390463, 117395382, 463, 5382
5, 3355, 117425463, 117430236, 463, 5236
5, 3356, 117460463, 117465285, 463, 5285
5, 3357, 117495463, 117499239, 463, 4239
5, 3358, 117530463, 117535285, 463, 5285
5, 3359, 117565463, 117569407, 463, 4407
5, 336, 11760463, 11767995, 463, 7995
5, 3360, 117600463, 117608613, 463, 8613
5, 3361, 117635463, 117639239, 463, 4239
5, 3362, 117670463, 117675285, 463, 5285
5, 3363, 117705463, 117709833, 463, 4833
5, 3364, 117740463, 117745285, 463, 5285
5, 3365, 117775463, 117779732, 463, 4732
5, 3366, 117810463, 117815382, 463, 5382
5, 3367, 117845463, 117849418, 463, 4418
5, 3368, 117880463, 117887053, 463, 7053
5, 3369, 117915463, 117919239, 463, 4239
5, 337, 11795463, 11799239, 463, 4239
5, 3370, 117950463, 117956268, 463, 6268
5, 3371, 117985463, 117989239, 463, 4239
5, 3372, 118020463, 118025382, 463, 5382
5, 3373, 118055463, 118059239, 463, 4239
5, 3374, 118090463, 118096048, 463, 6048
5, 3375, 118125463, 118130098, 463, 5098
5, 3376, 118160463, 118167915, 463, 7915
5, 3377, 118195463, 118199239, 463, 4239
5, 3378, 118230463, 118235382, 463, 5382
5, 3379, 118265463, 118269239, 463, 4239
5, 338, 11830463, 11835285, 463, 5285
5, 3380, 118300463, 118306366, 463, 6366
5, 3381, 118335463, 118339239, 463, 4239
5, 3382, 118370463, 118377366, 463, 7366
5, 3383, 118405463, 118409418, 463, 4418
5, 3384, 118440463, 118447053, 463, 7053
5, 3385, 118475463, 118479732, 463, 4732
5, 3386, 118510463, 118515285, 463, 5285
5, 3387, 118545463, 118549239, 463, 4239
5, 3388, 118580463, 118585285, 463, 5285
5, 3389, 118615463, 118619239, 463, 4239
5, 339, 11865463, 11869239, 463, 4239
5, 3390, 118650463, 118656366, 463, 6366
5, 3391, 118685463, 118689407, 463, 4407
5, 3392, 118720463, 118728613, 463, 8613
5, 3393, 118755463, 118759634, 463, 4634
5, 3394, 118790463, 118795285, 463, 5285
5, 3395, 118825463, 118829732, 463, 4732
5, 3396, 118860463, 118865382, 463, 5382
5, 3397, 118895463, 118899239, 463, 4239
5, 3398, 118930463, 118935285, 463, 5285
5, 3399, 118965463, 118969491, 463, 4491
5, 34, 1190463, 1195285, 463, 5285
5, 340, 11900463, 11906268, 463, 6268
5, 3400, 119000463, 119007809, 463, 7809
5, 3401, 119035463, 119039812, 463, 4812
5, 3402, 119070463, 119075382, 463, 5382
5, 3403, 119105463, 119109239, 463, 4239
5, 3404, 119140463, 119145285, 463, 5285
5, 3405, 119175463, 119179820, 463, 4820
5, 3406, 119210463, 119215285, 463, 5285
5, 3407, 119245463, 119249407, 463, 4407
5, 3408, 119280463, 119287995, 463, 7995
5, 3409, 119315463, 119319239, 463, 4239
5, 341, 11935463, 11939239, 463, 4239
5, 3410, 119350463, 119356366, 463, 6366
5, 3411, 119385463, 119389239, 463, 4239
5, 3412, 119420463, 119426774, 463, 6774
5, 3413, 119455463, 119459239, 463, 4239
5, 3414, 119490463, 119495382, 463, 5382
5, 3415, 119525463, 119530035, 463, 5035
5, 3416, 119560463, 119567053, 463, 7053
5, 3417, 119595463, 119599239, 463, 4239
5, 3418, 119630463, 119635285, 463, 5285
5, 3419, 119665463, 119669239, 463, 4239
5, 342, 11970463, 11977439, 463, 7439
5, 3420, 119700463, 119707439, 463, 7439
5, 3421, 119735463, 119739239, 463, 4239
5, 3422, 119770463, 119775285, 463, 5285
5, 3423, 119805463, 119809326, 463, 4326
5, 3424, 119840463, 119847915, 463, 7915
5, 3425, 119875463, 119879732, 463, 4732
5, 3426, 119910463, 119915382, 463, 5382
5, 3427, 119945463, 119949239, 463, 4239
5, 3428, 119980463, 119985285, 463, 5285
5, 3429, 120015463, 120019239, 463, 4239
5, 343, 12005463, 12009418, 463, 4418
5, 3430, 120050463, 120056268, 463, 6268
5, 3431, 120085463, 120089797, 463, 4797
5, 3432, 120120463, 120127906, 463, 7906
5, 3433, 120155463, 120159239, 463, 4239
5, 3434, 120190463, 120195285, 463, 5285
5, 3435, 120225463, 120229820, 463, 4820
5, 3436, 120260463, 120265285, 463, 5285
5, 3437, 120295463, 120299239, 463, 4239
5, 3438, 120330463, 120335382, 463, 5382
5, 3439, 120365463, 120370036, 463, 5036
5, 344, 12040463, 12047053, 463, 7053
5, 3440, 120400463, 120408613, 463, 8613
5, 3441, 120435463, 120439239, 463, 4239
5, 3442, 120470463, 120475285, 463, 5285
5, 3443, 120505463, 120509239, 463, 4239
5, 3444, 120540463, 120545382, 463, 5382
5, 3445, 120575463, 120579732, 463, 4732
5, 3446, 120610463, 120615285, 463, 5285
5, 3447, 120645463, 120649491, 463, 4491
5, 3448, 120680463, 120686907, 463, 6907
5, 3449, 120715463, 120719239, 463, 4239
5, 345, 12075463, 12079820, 463, 4820
5, 3450, 120750463, 120756871, 463, 6871
5, 3451, 120785463, 120789239, 463, 4239
5, 3452, 120820463, 120825285, 463, 5285
5, 3453, 120855463, 120859239, 463, 4239
5, 3454, 120890463, 120895285, 463, 5285
5, 3455, 120925463, 120930025, 463, 5025
5, 3456, 120960463, 120967995, 463, 7995
5, 3457, 120995463, 120999239, 463, 4239
5, 3458, 121030463, 121036714, 463, 6714
5, 3459, 121065463, 121069239, 463, 4239
5, 346, 12110463, 12115285, 463, 5285
5, 3460, 121100463, 121106268, 463, 6268
5, 3461, 121135463, 121139239, 463, 4239
5, 3462, 121170463, 121175382, 463, 5382
5, 3463, 121205463, 121209418, 463, 4418
5, 3464, 121240463, 121247053, 463, 7053
5, 3465, 121275463, 121279820, 463, 4820
5, 3466, 121310463, 121315285, 463, 5285
5, 3467, 121345463, 121349239, 463, 4239
5, 3468, 121380463, 121385382, 463, 5382
5, 3469, 121415463, 121419618, 463, 4618
5, 347, 12145463, 12149239, 463, 4239
5, 3470, 121450463, 121456366, 463, 6366
5, 3471, 121485463, 121489423, 463, 4423
5, 3472, 121520463, 121528540, 463, 8540
5, 3473, 121555463, 121559239, 463, 4239
5, 3474, 121590463, 121595382, 463, 5382
5, 3475, 121625463, 121629732, 463, 4732
5, 3476, 121660463, 121665285, 463, 5285
5, 3477, 121695463, 121699833, 463, 4833
5, 3478, 121730463, 121735285, 463, 5285
5, 3479, 121765463, 121769418, 463, 4418
5, 348, 12180463, 12185382, 463, 5382
5, 3480, 121800463, 121807906, 463, 7906
5, 3481, 121835463, 121839239, 463, 4239
5, 3482, 121870463, 121875285, 463, 5285
5, 3483, 121905463, 121909239, 463, 4239
5, 3484, 121940463, 121945285, 463, 5285
5, 3485, 121975463, 121979732, 463, 4732
5, 3486, 122010463, 122015382, 463, 5382
5, 3487, 122045463, 122049407, 463, 4407
5, 3488, 122080463, 122089891, 463, 9891
5, 3489, 122115463, 122119239, 463, 4239
5, 349, 12215463, 12219239, 463, 4239
5, 3490, 122150463, 122156268, 463, 6268
5, 3491, 122185463, 122189239, 463, 4239
5, 3492, 122220463, 122225382, 463, 5382
5, 3493, 122255463, 122259239, 463, 4239
5, 3494, 122290463, 122295285, 463, 5285
5, 3495, 122325463, 122330108, 463, 5108
5, 3496, 122360463, 122368104, 463, 8104
5, 3497, 122395463, 122399239, 463, 4239
5, 3498, 122430463, 122435382, 463, 5382
5, 3499, 122465463, 122469239, 463, 4239
5, 35, 1225463, 1229732, 463, 4732
5, 350, 12250463, 12256366, 463, 6366
5, 3500, 122500463, 122506366, 463, 6366
5, 3501, 122535463, 122539239, 463, 4239
5, 3502, 122570463, 122575285, 463, 5285
5, 3503, 122605463, 122609407, 463, 4407
5, 3504, 122640463, 122647995, 463, 7995
5, 3505, 122675463, 122679732, 463, 4732
5, 3506, 122710463, 122715285, 463, 5285
5, 3507, 122745463, 122749634, 463, 4634
5, 3508, 122780463, 122785285, 463, 5285
5, 3509, 122815463, 122819239, 463, 4239
5, 351, 12285463, 12289423, 463, 4423
5, 3510, 122850463, 122856366, 463, 6366
5, 3511, 122885463, 122889418, 463, 4418
5, 3512, 122920463, 122927906, 463, 7906
5, 3513, 122955463, 122959239, 463, 4239
5, 3514, 122990463, 122995285, 463, 5285
5, 3515, 123025463, 123030636, 463, 5636
5, 3516, 123060463, 123065382, 463, 5382
5, 3517, 123095463, 123099239, 463, 4239
5, 3518, 123130463, 123135285, 463, 5285
5, 3519, 123165463, 123169423, 463, 4423
5, 352, 12320463, 12328540, 463, 8540
5, 3520, 123200463, 123208540, 463, 8540
5, 3521, 123235463, 123239239, 463, 4239
5, 3522, 123270463, 123275382, 463, 5382
5, 3523, 123305463, 123309239, 463, 4239
5, 3524, 123340463, 123345285, 463, 5285
5, 3525, 123375463, 123379820, 463, 4820
5, 3526, 123410463, 123415950, 463, 5950
5, 3527, 123445463, 123449418, 463, 4418
5, 3528, 123480463, 123487053, 463, 7053
5, 3529, 123515463, 123519239, 463, 4239
5, 353, 12355463, 12359618, 463, 4618
5, 3530, 123550463, 123556366, 463, 6366
5, 3531, 123585463, 123589239, 463, 4239
5, 3532, 123620463, 123625285, 463, 5285
5, 3533, 123655463, 123659239, 463, 4239
5, 3534, 123690463, 123696714, 463, 6714
5, 3535, 123725463, 123730025, 463, 5025
5, 3536, 123760463, 123767995, 463, 7995
5, 3537, 123795463, 123799239, 463, 4239
5, 3538, 123830463, 123835285, 463, 5285
5, 3539, 123865463, 123869239, 463, 4239
5, 354, 12390463, 12395382, 463, 5382
5, 3540, 123900463, 123906366, 463, 6366
5, 3541, 123935463, 123939239, 463, 4239
5, 3542, 123970463, 123975285, 463, 5285
5, 3543, 124005463, 124009491, 463, 4491
5, 3544, 124040463, 124046907, 463, 6907
5, 3545, 124075463, 124080236, 463, 5236
5, 3546, 124110463, 124115382, 463, 5382
5, 3547, 124145463, 124149239, 463, 4239
5, 3548, 124180463, 124185285, 463, 5285
5, 3549, 124215463, 124219239, 463, 4239
5, 355, 12425463, 12429732, 463, 4732
5, 3550, 124250463, 124256268, 463, 6268
5, 3551, 124285463, 124289407, 463, 4407
5, 3552, 124320463, 124328613, 463, 8613
5, 3553, 124355463, 124359812, 463, 4812
5, 3554, 124390463, 124395285, 463, 5285
5, 3555, 124425463, 124429820, 463, 4820
5, 3556, 124460463, 124465285, 463, 5285
5, 3557, 124495463, 124499239, 463, 4239
5, 3558, 124530463, 124535382, 463, 5382
5, 3559, 124565463, 124569418, 463, 4418
5, 356, 12460463, 12465285, 463, 5285
5, 3560, 124600463, 124607906, 463, 7906
5, 3561, 124635463, 124639239, 463, 4239
5, 3562, 124670463, 124675285, 463, 5285
5, 3563, 124705463, 124709239, 463, 4239
5, 3564, 124740463, 124746048, 463, 6048
5, 3565, 124775463, 124779732, 463, 4732
5, 3566, 124810463, 124815285, 463, 5285
5, 3567, 124845463, 124849423, 463, 4423
5, 3568, 124880463, 124887915, 463, 7915
5, 3569, 124915463, 124919239, 463, 4239
5, 357, 12495463, 12499239, 463, 4239
5, 3570, 124950463, 124956366, 463, 6366
5, 3571, 124985463, 124989239, 463, 4239
5, 3572, 125020463, 125027439, 463, 7439
5, 3573, 125055463, 125059239, 463, 4239
5, 3574, 125090463, 125095285, 463, 5285
5, 3575, 125125463, 125130035, 463, 5035
5, 3576, 125160463, 125167053, 463, 7053
5, 3577, 125195463, 125199239, 463, 4239
5, 3578, 125230463, 125235285, 463, 5285
5, 3579, 125265463, 125269239, 463, 4239
5, 358, 12530463, 12535285, 463, 5285
5, 3580, 125300463, 125306268, 463, 6268
5, 3581, 125335463, 125339239, 463, 4239
5, 3582, 125370463, 125375382, 463, 5382
5, 3583, 125405463, 125409787, 463, 4787
5, 3584, 125440463, 125447995, 463, 7995
5, 3585, 125475463, 125479820, 463, 4820
5, 3586, 125510463, 125515285, 463, 5285
5, 3587, 125545463, 125549239, 463, 4239
5, 3588, 125580463, 125585382, 463, 5382
5, 3589, 125615463, 125619239, 463, 4239
5, 359, 12565463, 12569418, 463, 4418
5, 3590, 125650463, 125656366, 463, 6366
5, 3591, 125685463, 125690147, 463, 5147
5, 3592, 125720463, 125727809, 463, 7809
5, 3593, 125755463, 125759239, 463, 4239
5, 3594, 125790463, 125795382, 463, 5382
5, 3595, 125825463, 125829732, 463, 4732
5, 3596, 125860463, 125865285, 463, 5285
5, 3597, 125895463, 125899239, 463, 4239
5, 3598, 125930463, 125935285, 463, 5285
5, 3599, 125965463, 125969407, 463, 4407
5, 36, 1260463, 1265382, 463, 5382
5, 360, 12600463, 12607906, 463, 7906
5, 3600, 126000463, 126008613, 463, 8613
5, 3601, 126035463, 126039239, 463, 4239
5, 3602, 126070463, 126076871, 463, 6871
5, 3603, 126105463, 126109239, 463, 4239
5, 3604, 126140463, 126145285, 463, 5285
5, 3605, 126175463, 126179732, 463, 4732
5, 3606, 126210463, 126215382, 463, 5382
5, 3607, 126245463, 126249418, 463, 4418
5, 3608, 126280463, 126287053, 463, 7053
5, 3609, 126315463, 126319239, 463, 4239
5, 361, 12635463, 12639812, 463, 4812
5, 3610, 126350463, 126357366, 463, 7366
5, 3611, 126385463, 126389239, 463, 4239
5, 3612, 126420463, 126425382, 463, 5382
5, 3613, 126455463, 126459239, 463, 4239
5, 3614, 126490463, 126495285, 463, 5285
5, 3615, 126525463, 126530098, 463, 5098
5, 3616, 126560463, 126567915, 463, 7915
5, 3617, 126595463, 126599239, 463, 4239
5, 3618, 126630463, 126635382, 463, 5382
5, 3619, 126665463, 126669239, 463, 4239
5, 362, 12670463, 12675285, 463, 5285
5, 3620, 126700463, 126706366, 463, 6366
5, 3621, 126735463, 126739634, 463, 4634
5, 3622, 126770463, 126775285, 463, 5285
5, 3623, 126805463, 126809418, 463, 4418
5, 3624, 126840463, 126847053, 463, 7053
5, 3625, 126875463, 126879732, 463, 4732
5, 3626, 126910463, 126915285, 463, 5285
5, 3627, 126945463, 126949239, 463, 4239
5, 3628, 126980463, 126985285, 463, 5285
5, 3629, 127015463, 127019812, 463, 4812
5, 363, 12705463, 12709239, 463, 4239
5, 3630, 127050463, 127056366, 463, 6366
5, 3631, 127085463, 127089407, 463, 4407
5, 3632, 127120463, 127128613, 463, 8613
5, 3633, 127155463, 127159239, 463, 4239
5, 3634, 127190463, 127195285, 463, 5285
5, 3635, 127225463, 127229732, 463, 4732
5, 3636, 127260463, 127265382, 463, 5382
5, 3637, 127295463, 127299239, 463, 4239
5, 3638, 127330463, 127335285, 463, 5285
5, 3639, 127365463, 127369491, 463, 4491
5, 364, 12740463, 12745285, 463, 5285
5, 3640, 127400463, 127408222, 463, 8222
5, 3641, 127435463, 127439239, 463, 4239
5, 3642, 127470463, 127475382, 463, 5382
5, 3643, 127505463, 127509239, 463, 4239
5, 3644, 127540463, 127545285, 463, 5285
5, 3645, 127575463, 127579820, 463, 4820
5, 3646, 127610463, 127615285, 463, 5285
5, 3647, 127645463, 127649407, 463, 4407
5, 3648, 127680463, 127692139, 463, 12139
5, 3649, 127715463, 127719239, 463, 4239
5, 365, 12775463, 12779732, 463, 4732
5, 3650, 127750463, 127756366, 463, 6366
5, 3651, 127785463, 127789239, 463, 4239
5, 3652, 127820463, 127825285, 463, 5285
5, 3653, 127855463, 127859239, 463, 4239
5, 3654, 127890463, 127895382, 463, 5382
5, 3655, 127925463, 127930035, 463, 5035
5, 3656, 127960463, 127967053, 463, 7053
5, 3657, 127995463, 127999239, 463, 4239
5, 3658, 128030463, 128035285, 463, 5285
5, 3659, 128065463, 128069618, 463, 4618
5, 366, 12810463, 12815382, 463, 5382
5, 3660, 128100463, 128106366, 463, 6366
5, 3661, 128135463, 128139239, 463, 4239
5, 3662, 128170463, 128175285, 463, 5285
5, 3663, 128205463, 128209423, 463, 4423
5, 3664, 128240463, 128247915, 463, 7915
5, 3665, 128275463, 128279732, 463, 4732
5, 3666, 128310463, 128315382, 463, 5382
5, 3667, 128345463, 128349812, 463, 4812
5, 3668, 128380463, 128385285, 463, 5285
5, 3669, 128415463, 128419239, 463, 4239
5, 367, 12845463, 12849407, 463, 4407
5, 3670, 128450463, 128456268, 463, 6268
5, 3671, 128485463, 128489418, 463, 4418
5, 3672, 128520463, 128527906, 463, 7906
5, 3673, 128555463, 128559239, 463, 4239
5, 3674, 128590463, 128595285, 463, 5285
5, 3675, 128625463, 128629820, 463, 4820
5, 3676, 128660463, 128665285, 463, 5285
5, 3677, 128695463, 128699239, 463, 4239
5, 3678, 128730463, 128736048, 463, 6048
5, 3679, 128765463, 128769407, 463, 4407
5, 368, 12880463, 12887995, 463, 7995
5, 3680, 128800463, 128808613, 463, 8613
5, 3681, 128835463, 128839239, 463, 4239
5, 3682, 128870463, 128875285, 463, 5285
5, 3683, 128905463, 128909239, 463, 4239
5, 3684, 128940463, 128945382, 463, 5382
5, 3685, 128975463, 128979732, 463, 4732
5, 3686, 129010463, 129016714, 463, 6714
5, 3687, 129045463, 129049491, 463, 4491
5, 3688, 129080463, 129086907, 463, 6907
5, 3689, 129115463, 129119239, 463, 4239
5, 369, 12915463, 12919239, 463, 4239
5, 3690, 129150463, 129156366, 463, 6366
5, 3691, 129185463, 129189239, 463, 4239
5, 3692, 129220463, 129225285, 463, 5285
5, 3693, 129255463, 129259239, 463, 4239
5, 3694, 129290463, 129295285, 463, 5285
5, 3695, 129325463, 129330025, 463, 5025
5, 3696, 129360463, 129367995, 463, 7995
5, 3697, 129395463, 129399618, 463, 4618
5, 3698, 129430463, 129435285, 463, 5285
5, 3699, 129465463, 129469239, 463, 4239
5, 37, 1295463, 1299239, 463, 4239
5, 370, 12950463, 12956268, 463, 6268
5, 3700, 129500463, 129506268, 463, 6268
5, 3701, 129535463, 129539239, 463, 4239
5, 3702, 129570463, 129575382, 463, 5382
5, 3703, 129605463, 129609418, 463, 4418
5, 3704, 129640463, 129647053, 463, 7053
5, 3705, 129675463, 129680733, 463, 5733
5, 3706, 129710463, 129715285, 463, 5285
5, 3707, 129745463, 129749239, 463, 4239
5, 3708, 129780463, 129785382, 463, 5382
5, 3709, 129815463, 129819239, 463, 4239
5, 371, 12985463, 12989239, 463, 4239
5, 3710, 129850463, 129856366, 463, 6366
5, 3711, 129885463, 129889423, 463, 4423
5, 3712, 129920463, 129928540, 463, 8540
5, 3713, 129955463, 129959239, 463, 4239
5, 3714, 129990463, 129995382, 463, 5382
5, 3715, 130025463, 130029732, 463, 4732
5, 3716, 130060463, 130066048, 463, 6048
5, 3717, 130095463, 130099239, 463, 4239
5, 3718, 130130463, 130135285, 463, 5285
5, 3719, 130165463, 130169418, 463, 4418
5, 372, 13020463, 13026871, 463, 6871
5, 3720, 130200463, 130207906, 463, 7906
5, 3721, 130235463, 130239239, 463, 4239
5, 3722, 130270463, 130275285, 463, 5285
5, 3723, 130305463, 130309239, 463, 4239
5, 3724, 130340463, 130346617, 463, 6617
5, 3725, 130375463, 130379732, 463, 4732
5, 3726, 130410463, 130415382, 463, 5382
5, 3727, 130445463, 130449407, 463, 4407
5, 3728, 130480463, 130487995, 463, 7995
5, 3729, 130515463, 130519239, 463, 4239
5, 373, 13055463, 13059239, 463, 4239
5, 3730, 130550463, 130556268, 463, 6268
5, 3731, 130585463, 130589239, 463, 4239
5, 3732, 130620463, 130625382, 463, 5382
5, 3733, 130655463, 130659239, 463, 4239
5, 3734, 130690463, 130695285, 463, 5285
5, 3735, 130725463, 130730488, 463, 5488
5, 3736, 130760463, 130766907, 463, 6907
5, 3737, 130795463, 130799239, 463, 4239
5, 3738, 130830463, 130835382, 463, 5382
5, 3739, 130865463, 130869239, 463, 4239
5, 374, 13090463, 13095285, 463, 5285
5, 3740, 130900463, 130906366, 463, 6366
5, 3741, 130935463, 130939239, 463, 4239
5, 3742, 130970463, 130975285, 463, 5285
5, 3743, 131005463, 131010036, 463, 5036
5, 3744, 131040463, 131047995, 463, 7995
5, 3745, 131075463, 131079732, 463, 4732
5, 3746, 131110463, 131115285, 463, 5285
5, 3747, 131145463, 131149239, 463, 4239
5, 3748, 131180463, 131185285, 463, 5285
5, 3749, 131215463, 131219239, 463, 4239
5, 375, 13125463, 13130108, 463, 5108
5, 3750, 131250463, 131256366, 463, 6366
5, 3751, 131285463, 131289418, 463, 4418
5, 3752, 131320463, 131327906, 463, 7906
5, 3753, 131355463, 131359239, 463, 4239
5, 3754, 131390463, 131395950, 463, 5950
5, 3755, 131425463, 131429732, 463, 4732
5, 3756, 131460463, 131465382, 463, 5382
5, 3757, 131495463, 131499239, 463, 4239
5, 3758, 131530463, 131535285, 463, 5285
5, 3759, 131565463, 131569423, 463, 4423
5, 376, 13160463, 13166907, 463, 6907
5, 3760, 131600463, 131608540, 463, 8540
5, 3761, 131635463, 131639239, 463, 4239
5, 3762, 131670463, 131677439, 463, 7439
5, 3763, 131705463, 131709239, 463, 4239
5, 3764, 131740463, 131745285, 463, 5285
5, 3765, 131775463, 131779820, 463, 4820
5, 3766, 131810463, 131815285, 463, 5285
5, 3767, 131845463, 131849418, 463, 4418
5, 3768, 131880463, 131887053, 463, 7053
5, 3769, 131915463, 131919239, 463, 4239
5, 377, 13195463, 13199239, 463, 4239
5, 3770, 131950463, 131956366, 463, 6366
5, 3771, 131985463, 131989239, 463, 4239
5, 3772, 132020463, 132025285, 463, 5285
5, 3773, 132055463, 132059618, 463, 4618
5, 3774, 132090463, 132095382, 463, 5382
5, 3775, 132125463, 132130025, 463, 5025
5, 3776, 132160463, 132167995, 463, 7995
5, 3777, 132195463, 132199239, 463, 4239
5, 3778, 132230463, 132235285, 463, 5285
5, 3779, 132265463, 132269239, 463, 4239
5, 378, 13230463, 13235382, 463, 5382
5, 3780, 132300463, 132306366, 463, 6366
5, 3781, 132335463, 132339812, 463, 4812
5, 3782, 132370463, 132375285, 463, 5285
5, 3783, 132405463, 132409491, 463, 4491
5, 3784, 132440463, 132446907, 463, 6907
5, 3785, 132475463, 132479732, 463, 4732
5, 3786, 132510463, 132515382, 463, 5382
5, 3787, 132545463, 132549239, 463, 4239
5, 3788, 132580463, 132585285, 463, 5285
5, 3789, 132615463, 132619239, 463, 4239
5, 379, 13265463, 13269239, 463, 4239
5, 3790, 132650463, 132656268, 463, 6268
5, 3791, 132685463, 132689407, 463, 4407
5, 3792, 132720463, 132730509, 463, 10509
5, 3793, 132755463, 132759239, 463, 4239
5, 3794, 132790463, 132795285, 463, 5285
5, 3795, 132825463, 132829820, 463, 4820
5, 3796, 132860463, 132865285, 463, 5285
5, 3797, 132895463, 132899239, 463, 4239
5, 3798, 132930463, 132935382, 463, 5382
5, 3799, 132965463, 132969418, 463, 4418
5, 38, 1330463, 1336714, 463, 6714
5, 380, 13300463, 13307439, 463, 7439
5, 3800, 133000463, 133012472, 463, 12472
5, 3801, 133035463, 133039239, 463, 4239
5, 3802, 133070463, 133075285, 463, 5285
5, 3803, 133105463, 133109239, 463, 4239
5, 3804, 133140463, 133145382, 463, 5382
5, 3805, 133175463, 133179732, 463, 4732
5, 3806, 133210463, 133215285, 463, 5285
5, 3807, 133245463, 133249423, 463, 4423
5, 3808, 133280463, 133287915, 463, 7915
5, 3809, 133315463, 133319239, 463, 4239
5, 381, 13335463, 13339239, 463, 4239
5, 3810, 133350463, 133356366, 463, 6366
5, 3811, 133385463, 133389618, 463, 4618
5, 3812, 133420463, 133425285, 463, 5285
5, 3813, 133455463, 133459239, 463, 4239
5, 3814, 133490463, 133495285, 463, 5285
5, 3815, 133525463, 133530035, 463, 5035
5, 3816, 133560463, 133567053, 463, 7053
5, 3817, 133595463, 133599239, 463, 4239
5, 3818, 133630463, 133635285, 463, 5285
5, 3819, 133665463, 133669833, 463, 4833
5, 382, 13370463, 13375285, 463, 5285
5, 3820, 133700463, 133706268, 463, 6268
5, 3821, 133735463, 133739239, 463, 4239
5, 3822, 133770463, 133775382, 463, 5382
5, 3823, 133805463, 133809407, 463, 4407
5, 3824, 133840463, 133847995, 463, 7995
5, 3825, 133875463, 133879820, 463, 4820
5, 3826, 133910463, 133915285, 463, 5285
5, 3827, 133945463, 133949239, 463, 4239
5, 3828, 133980463, 133985382, 463, 5382
5, 3829, 134015463, 134019239, 463, 4239
5, 383, 13405463, 13409533, 463, 4533
5, 3830, 134050463, 134056871, 463, 6871
5, 3831, 134085463, 134089491, 463, 4491
5, 3832, 134120463, 134127809, 463, 7809
5, 3833, 134155463, 134159239, 463, 4239
5, 3834, 134190463, 134195382, 463, 5382
5, 3835, 134225463, 134229732, 463, 4732
5, 3836, 134260463, 134265285, 463, 5285
5, 3837, 134295463, 134299239, 463, 4239
5, 3838, 134330463, 134336617, 463, 6617
5, 3839, 134365463, 134369407, 463, 4407
5, 384, 13440463, 13447995, 463, 7995
5, 3840, 134400463, 134408613, 463, 8613
5, 3841, 134435463, 134439239, 463, 4239
5, 3842, 134470463, 134475285, 463, 5285
5, 3843, 134505463, 134509239, 463, 4239
5, 3844, 134540463, 134545285, 463, 5285
5, 3845, 134575463, 134579732, 463, 4732
5, 3846, 134610463, 134615382, 463, 5382
5, 3847, 134645463, 134649418, 463, 4418
5, 3848, 134680463, 134687053, 463, 7053
5, 3849, 134715463, 134719634, 463, 4634
5, 385, 13475463, 13479732, 463, 4732
5, 3850, 134750463, 134756268, 463, 6268
5, 3851, 134785463, 134789239, 463, 4239
5, 3852, 134820463, 134825382, 463, 5382
5, 3853, 134855463, 134859239, 463, 4239
5, 3854, 134890463, 134895285, 463, 5285
5, 3855, 134925463, 134930098, 463, 5098
5, 3856, 134960463, 134967915, 463, 7915
5, 3857, 134995463, 134999812, 463, 4812
5, 3858, 135030463, 135035382, 463, 5382
5, 3859, 135065463, 135069239, 463, 4239
5, 386, 13510463, 13515285, 463, 5285
5, 3860, 135100463, 135106366, 463, 6366
5, 3861, 135135463, 135139239, 463, 4239
5, 3862, 135170463, 135175285, 463, 5285
5, 3863, 135205463, 135209418, 463, 4418
5, 3864, 135240463, 135247053, 463, 7053
5, 3865, 135275463, 135279732, 463, 4732
5, 3866, 135310463, 135315285, 463, 5285
5, 3867, 135345463, 135349239, 463, 4239
5, 3868, 135380463, 135385950, 463, 5950
5, 3869, 135415463, 135419239, 463, 4239
5, 387, 13545463, 13549239, 463, 4239
5, 3870, 135450463, 135456366, 463, 6366
5, 3871, 135485463, 135489407, 463, 4407
5, 3872, 135520463, 135528613, 463, 8613
5, 3873, 135555463, 135559239, 463, 4239
5, 3874, 135590463, 135595285, 463, 5285
5, 3875, 135625463, 135629732, 463, 4732
5, 3876, 135660463, 135666714, 463, 6714
5, 3877, 135695463, 135699239, 463, 4239
5, 3878, 135730463, 135735285, 463, 5285
5, 3879, 135765463, 135769491, 463, 4491
5, 388, 13580463, 13585285, 463, 5285
5, 3880, 135800463, 135807809, 463, 7809
5, 3881, 135835463, 135839239, 463, 4239
5, 3882, 135870463, 135875382, 463, 5382
5, 3883, 135905463, 135909239, 463, 4239
5, 3884, 135940463, 135945285, 463, 5285
5, 3885, 135975463, 135979820, 463, 4820
5, 3886, 136010463, 136015285, 463, 5285
5, 3887, 136045463, 136049787, 463, 4787
5, 3888, 136080463, 136087995, 463, 7995
5, 3889, 136115463, 136119239, 463, 4239
5, 389, 13615463, 13619239, 463, 4239
5, 3890, 136150463, 136156366, 463, 6366
5, 3891, 136185463, 136189239, 463, 4239
5, 3892, 136220463, 136225285, 463, 5285
5, 3893, 136255463, 136259239, 463, 4239
5, 3894, 136290463, 136295382, 463, 5382
5, 3895, 136325463, 136331389, 463, 6389
5, 3896, 136360463, 136367053, 463, 7053
5, 3897, 136395463, 136399239, 463, 4239
5, 3898, 136430463, 136435285, 463, 5285
5, 3899, 136465463, 136469239, 463, 4239
5, 39, 1365463, 1369491, 463, 4491
5, 390, 13650463, 13656366, 463, 6366
5, 3900, 136500463, 136506366, 463, 6366
5, 3901, 136535463, 136539239, 463, 4239
5, 3902, 136570463, 136575285, 463, 5285
5, 3903, 136605463, 136609423, 463, 4423
5, 3904, 136640463, 136647915, 463, 7915
5, 3905, 136675463, 136679732, 463, 4732
5, 3906, 136710463, 136716048, 463, 6048
5, 3907, 136745463, 136749239, 463, 4239
5, 3908, 136780463, 136785285, 463, 5285
5, 3909, 136815463, 136819239, 463, 4239
5, 391, 13685463, 13689797, 463, 4797
5, 3910, 136850463, 136856268, 463, 6268
5, 3911, 136885463, 136889418, 463, 4418
5, 3912, 136920463, 136927906, 463, 7906
5, 3913, 136955463, 136959239, 463, 4239
5, 3914, 136990463, 136996714, 463, 6714
5, 3915, 137025463, 137029820, 463, 4820
5, 3916, 137060463, 137065285, 463, 5285
5, 3917, 137095463, 137099239, 463, 4239
5, 3918, 137130463, 137135382, 463, 5382
5, 3919, 137165463, 137169407, 463, 4407
5, 392, 13720463, 13727906, 463, 7906
5, 3920, 137200463, 137208613, 463, 8613
5, 3921, 137235463, 137239239, 463, 4239
5, 3922, 137270463, 137275285, 463, 5285
5, 3923, 137305463, 137309239, 463, 4239
5, 3924, 137340463, 137345382, 463, 5382
5, 3925, 137375463, 137380236, 463, 5236
5, 3926, 137410463, 137415285, 463, 5285
5, 3927, 137445463, 137449491, 463, 4491
5, 3928, 137480463, 137486907, 463, 6907
5, 3929, 137515463, 137519239, 463, 4239
5, 393, 13755463, 13759239, 463, 4239
5, 3930, 137550463, 137556366, 463, 6366
5, 3931, 137585463, 137589239, 463, 4239
5, 3932, 137620463, 137625285, 463, 5285
5, 3933, 137655463, 137659833, 463, 4833
5, 3934, 137690463, 137695285, 463, 5285
5, 3935, 137725463, 137730025, 463, 5025
5, 3936, 137760463, 137767995, 463, 7995
5, 3937, 137795463, 137799239, 463, 4239
5, 3938, 137830463, 137835285, 463, 5285
5, 3939, 137865463, 137869239, 463, 4239
5, 394, 13790463, 13795285, 463, 5285
5, 3940, 137900463, 137906268, 463, 6268
5, 3941, 137935463, 137939239, 463, 4239
5, 3942, 137970463, 137975382, 463, 5382
5, 3943, 138005463, 138009418, 463, 4418
5, 3944, 138040463, 138047588, 463, 7588
5, 3945, 138075463, 138079820, 463, 4820
5, 3946, 138110463, 138115285, 463, 5285
5, 3947, 138145463, 138149239, 463, 4239
5, 3948, 138180463, 138185382, 463, 5382
5, 3949, 138215463, 138219239, 463, 4239
5, 395, 13825463, 13829732, 463, 4732
5, 3950, 138250463, 138256366, 463, 6366
5, 3951, 138285463, 138289423, 463, 4423
5, 3952, 138320463, 138332756, 463, 12756
5, 3953, 138355463, 138359239, 463, 4239
5, 3954, 138390463, 138395382, 463, 5382
5, 3955, 138425463, 138429732, 463, 4732
5, 3956, 138460463, 138465285, 463, 5285
5, 3957, 138495463, 138499239, 463, 4239
5, 3958, 138530463, 138535285, 463, 5285
5, 3959, 138565463, 138569418, 463, 4418
5, 396, 13860463, 13865382, 463, 5382
5, 3960, 138600463, 138607906, 463, 7906
5, 3961, 138635463, 138639239, 463, 4239
5, 3962, 138670463, 138675285, 463, 5285
5, 3963, 138705463, 138709634, 463, 4634
5, 3964, 138740463, 138745285, 463, 5285
5, 3965, 138775463, 138779732, 463, 4732
5, 3966, 138810463, 138815382, 463, 5382
5, 3967, 138845463, 138849407, 463, 4407
5, 3968, 138880463, 138887995, 463, 7995
5, 3969, 138915463, 138919239, 463, 4239
5, 397, 13895463, 13899239, 463, 4239
5, 3970, 138950463, 138956268, 463, 6268
5, 3971, 138985463, 138989812, 463, 4812
5, 3972, 139020463, 139025382, 463, 5382
5, 3973, 139055463, 139059239, 463, 4239
5, 3974, 139090463, 139095285, 463, 5285
5, 3975, 139125463, 139130108, 463, 5108
5, 3976, 139160463, 139166907, 463, 6907
5, 3977, 139195463, 139199239, 463, 4239
5, 3978, 139230463, 139235382, 463, 5382
5, 3979, 139265463, 139269239, 463, 4239
5, 398, 13930463, 13935285, 463, 5285
5, 3980, 139300463, 139306366, 463, 6366
5, 3981, 139335463, 139339239, 463, 4239
5, 3982, 139370463, 139376774, 463, 6774
5, 3983, 139405463, 139409407, 463, 4407
5, 3984, 139440463, 139447995, 463, 7995
5, 3985, 139475463, 139479732, 463, 4732
5, 3986, 139510463, 139515285, 463, 5285
5, 3987, 139545463, 139549239, 463, 4239
5, 3988, 139580463, 139585285, 463, 5285
5, 3989, 139615463, 139619239, 463, 4239
5, 399, 13965463, 13970134, 463, 5134
5, 3990, 139650463, 139657439, 463, 7439
5, 3991, 139685463, 139689418, 463, 4418
5, 3992, 139720463, 139727906, 463, 7906
5, 3993, 139755463, 139759239, 463, 4239
5, 3994, 139790463, 139795285, 463, 5285
5, 3995, 139825463, 139829732, 463, 4732
5, 3996, 139860463, 139865382, 463, 5382
5, 3997, 139895463, 139899239, 463, 4239
5, 3998, 139930463, 139935285, 463, 5285
5, 3999, 139965463, 139969423, 463, 4423
5, 4, 140463, 145285, 463, 5285
5, 40, 1400463, 1407809, 463, 7809
5, 400, 14000463, 14008540, 463, 8540
5, 4000, 140000463, 140008540, 463, 8540
5, 4001, 140035463, 140039618, 463, 4618
5, 4002, 140070463, 140075382, 463, 5382
5, 4003, 140105463, 140109239, 463, 4239
5, 4004, 140140463, 140145285, 463, 5285
5, 4005, 140175463, 140179820, 463, 4820
5, 4006, 140210463, 140215285, 463, 5285
5, 4007, 140245463, 140249418, 463, 4418
5, 4008, 140280463, 140287053, 463, 7053
5, 4009, 140315463, 140319812, 463, 4812
5, 401, 14035463, 14039239, 463, 4239
5, 4010, 140350463, 140356366, 463, 6366
5, 4011, 140385463, 140389239, 463, 4239
5, 4012, 140420463, 140425285, 463, 5285
5, 4013, 140455463, 140459239, 463, 4239
5, 4014, 140490463, 140495382, 463, 5382
5, 4015, 140525463, 140530025, 463, 5025
5, 4016, 140560463, 140567995, 463, 7995
5, 4017, 140595463, 140599239, 463, 4239
5, 4018, 140630463, 140635285, 463, 5285
5, 4019, 140665463, 140669239, 463, 4239
5, 402, 14070463, 14075382, 463, 5382
5, 4020, 140700463, 140706871, 463, 6871
5, 4021, 140735463, 140739239, 463, 4239
5, 4022, 140770463, 140775285, 463, 5285
5, 4023, 140805463, 140809491, 463, 4491
5, 4024, 140840463, 140846907, 463, 6907
5, 4025, 140875463, 140879732, 463, 4732
5, 4026, 140910463, 140915382, 463, 5382
5, 4027, 140945463, 140949239, 463, 4239
5, 4028, 140980463, 140986714, 463, 6714
5, 4029, 141015463, 141019239, 463, 4239
5, 403, 14105463, 14109239, 463, 4239
5, 4030, 141050463, 141056268, 463, 6268
5, 4031, 141085463, 141089407, 463, 4407
5, 4032, 141120463, 141128613, 463, 8613
5, 4033, 141155463, 141159239, 463, 4239
5, 4034, 141190463, 141195285, 463, 5285
5, 4035, 141225463, 141229820, 463, 4820
5, 4036, 141260463, 141265285, 463, 5285
5, 4037, 141295463, 141299239, 463, 4239
5, 4038, 141330463, 141335382, 463, 5382
5, 4039, 141365463, 141369797, 463, 4797
5, 404, 14140463, 14145285, 463, 5285
5, 4040, 141400463, 141407906, 463, 7906
5, 4041, 141435463, 141439239, 463, 4239
5, 4042, 141470463, 141475285, 463, 5285
5, 4043, 141505463, 141509239, 463, 4239
5, 4044, 141540463, 141545382, 463, 5382
5, 4045, 141575463, 141579732, 463, 4732
5, 4046, 141610463, 141615285, 463, 5285
5, 4047, 141645463, 141650134, 463, 5134
5, 4048, 141680463, 141687915, 463, 7915
5, 4049, 141715463, 141719239, 463, 4239
5, 405, 14175463, 14179820, 463, 4820
5, 4050, 141750463, 141756366, 463, 6366
5, 4051, 141785463, 141789239, 463, 4239
5, 4052, 141820463, 141825285, 463, 5285
5, 4053, 141855463, 141859239, 463, 4239
5, 4054, 141890463, 141895285, 463, 5285
5, 4055, 141925463, 141930035, 463, 5035
5, 4056, 141960463, 141967053, 463, 7053
5, 4057, 141995463, 141999239, 463, 4239
5, 4058, 142030463, 142036048, 463, 6048
5, 4059, 142065463, 142069239, 463, 4239
5, 406, 14210463, 14215285, 463, 5285
5, 4060, 142100463, 142106268, 463, 6268
5, 4061, 142135463, 142139239, 463, 4239
5, 4062, 142170463, 142175382, 463, 5382
5, 4063, 142205463, 142209407, 463, 4407
5, 4064, 142240463, 142247995, 463, 7995
5, 4065, 142275463, 142279820, 463, 4820
5, 4066, 142310463, 142316617, 463, 6617
5, 4067, 142345463, 142349239, 463, 4239
5, 4068, 142380463, 142385382, 463, 5382
5, 4069, 142415463, 142419239, 463, 4239
5, 407, 14245463, 14249418, 463, 4418
5, 4070, 142450463, 142456366, 463, 6366
5, 4071, 142485463, 142489491, 463, 4491
5, 4072, 142520463, 142527809, 463, 7809
5, 4073, 142555463, 142559239, 463, 4239
5, 4074, 142590463, 142595382, 463, 5382
5, 4075, 142625463, 142629732, 463, 4732
5, 4076, 142660463, 142665285, 463, 5285
5, 4077, 142695463, 142699634, 463, 4634
5, 4078, 142730463, 142735285, 463, 5285
5, 4079, 142765463, 142769407, 463, 4407
5, 408, 14280463, 14287053, 463, 7053
5, 4080, 142800463, 142808613, 463, 8613
5, 4081, 142835463, 142839239, 463, 4239
5, 4082, 142870463, 142875285, 463, 5285
5, 4083, 142905463, 142909239, 463, 4239
5, 4084, 142940463, 142945285, 463, 5285
5, 4085, 142975463, 142980636, 463, 5636
5, 4086, 143010463, 143015382, 463, 5382
5, 4087, 143045463, 143049418, 463, 4418
5, 4088, 143080463, 143087053, 463, 7053
5, 4089, 143115463, 143119239, 463, 4239
5, 409, 14315463, 14319239, 463, 4239
5, 4090, 143150463, 143156268, 463, 6268
5, 4091, 143185463, 143189239, 463, 4239
5, 4092, 143220463, 143225382, 463, 5382
5, 4093, 143255463, 143259239, 463, 4239
5, 4094, 143290463, 143295285, 463, 5285
5, 4095, 143325463, 143330098, 463, 5098
5, 4096, 143360463, 143369818, 463, 9818
5, 4097, 143395463, 143399239, 463, 4239
5, 4098, 143430463, 143435382, 463, 5382
5, 4099, 143465463, 143469239, 463, 4239
5, 41, 1435463, 1439239, 463, 4239
5, 410, 14350463, 14356871, 463, 6871
5, 4100, 143500463, 143506366, 463, 6366
5, 4101, 143535463, 143539239, 463, 4239
5, 4102, 143570463, 143575285, 463, 5285
5, 4103, 143605463, 143609418, 463, 4418
5, 4104, 143640463, 143648177, 463, 8177
5, 4105, 143675463, 143679732, 463, 4732
5, 4106, 143710463, 143715285, 463, 5285
5, 4107, 143745463, 143749239, 463, 4239
5, 4108, 143780463, 143785285, 463, 5285
5, 4109, 143815463, 143819239, 463, 4239
5, 411, 14385463, 14389239, 463, 4239
5, 4110, 143850463, 143856366, 463, 6366
5, 4111, 143885463, 143889407, 463, 4407
5, 4112, 143920463, 143928613, 463, 8613
5, 4113, 143955463, 143959239, 463, 4239
5, 4114, 143990463, 143995285, 463, 5285
5, 4115, 144025463, 144030236, 463, 5236
5, 4116, 144060463, 144065382, 463, 5382
5, 4117, 144095463, 144099239, 463, 4239
5, 4118, 144130463, 144135285, 463, 5285
5, 4119, 144165463, 144169491, 463, 4491
5, 412, 14420463, 14425285, 463, 5285
5, 4120, 144200463, 144207809, 463, 7809
5, 4121, 144235463, 144239239, 463, 4239
5, 4122, 144270463, 144275382, 463, 5382
5, 4123, 144305463, 144309812, 463, 4812
5, 4124, 144340463, 144345285, 463, 5285
5, 4125, 144375463, 144379820, 463, 4820
5, 4126, 144410463, 144415285, 463, 5285
5, 4127, 144445463, 144449407, 463, 4407
5, 4128, 144480463, 144487995, 463, 7995
5, 4129, 144515463, 144519239, 463, 4239
5, 413, 14455463, 14459239, 463, 4239
5, 4130, 144550463, 144556366, 463, 6366
5, 4131, 144585463, 144589239, 463, 4239
5, 4132, 144620463, 144625285, 463, 5285
5, 4133, 144655463, 144659239, 463, 4239
5, 4134, 144690463, 144696048, 463, 6048
5, 4135, 144725463, 144730035, 463, 5035
5, 4136, 144760463, 144767053, 463, 7053
5, 4137, 144795463, 144799239, 463, 4239
5, 4138, 144830463, 144835285, 463, 5285
5, 4139, 144865463, 144869239, 463, 4239
5, 414, 14490463, 14495382, 463, 5382
5, 4140, 144900463, 144906366, 463, 6366
5, 4141, 144935463, 144939239, 463, 4239
5, 4142, 144970463, 144977439, 463, 7439
5, 4143, 145005463, 145009423, 463, 4423
5, 4144, 145040463, 145047915, 463, 7915
5, 4145, 145075463, 145079732, 463, 4732
5, 4146, 145110463, 145115382, 463, 5382
5, 4147, 145145463, 145149239, 463, 4239
5, 4148, 145180463, 145185285, 463, 5285
5, 4149, 145215463, 145219239, 463, 4239
5, 415, 14525463, 14530025, 463, 5025
5, 4150, 145250463, 145256268, 463, 6268
5, 4151, 145285463, 145289418, 463, 4418
5, 4152, 145320463, 145327906, 463, 7906
5, 4153, 145355463, 145359618, 463, 4618
5, 4154, 145390463, 145395285, 463, 5285
5, 4155, 145425463, 145429820, 463, 4820
5, 4156, 145460463, 145465285, 463, 5285
5, 4157, 145495463, 145499239, 463, 4239
5, 4158, 145530463, 145535382, 463, 5382
5, 4159, 145565463, 145569407, 463, 4407
5, 416, 14560463, 14567995, 463, 7995
5, 4160, 145600463, 145608613, 463, 8613
5, 4161, 145635463, 145639833, 463, 4833
5, 4162, 145670463, 145675285, 463, 5285
5, 4163, 145705463, 145709239, 463, 4239
5, 4164, 145740463, 145745382, 463, 5382
5, 4165, 145775463, 145779732, 463, 4732
5, 4166, 145810463, 145815285, 463, 5285
5, 4167, 145845463, 145849491, 463, 4491
5, 4168, 145880463, 145886907, 463, 6907
5, 4169, 145915463, 145919239, 463, 4239
5, 417, 14595463, 14599239, 463, 4239
5, 4170, 145950463, 145956366, 463, 6366
5, 4171, 145985463, 145989239, 463, 4239
5, 4172, 146020463, 146026871, 463, 6871
5, 4173, 146055463, 146059239, 463, 4239
5, 4174, 146090463, 146095285, 463, 5285
5, 4175, 146125463, 146130025, 463, 5025
5, 4176, 146160463, 146167995, 463, 7995
5, 4177, 146195463, 146199239, 463, 4239
5, 4178, 146230463, 146235285, 463, 5285
5, 4179, 146265463, 146269239, 463, 4239
5, 418, 14630463, 14636617, 463, 6617
5, 4180, 146300463, 146307366, 463, 7366
5, 4181, 146335463, 146339239, 463, 4239
5, 4182, 146370463, 146375382, 463, 5382
5, 4183, 146405463, 146409418, 463, 4418
5, 4184, 146440463, 146447053, 463, 7053
5, 4185, 146475463, 146479820, 463, 4820
5, 4186, 146510463, 146515285, 463, 5285
5, 4187, 146545463, 146549239, 463, 4239
5, 4188, 146580463, 146585382, 463, 5382
5, 4189, 146615463, 146619239, 463, 4239
5, 419, 14665463, 14669239, 463, 4239
5, 4190, 146650463, 146656366, 463, 6366
5, 4191, 146685463, 146689860, 463, 4860
5, 4192, 146720463, 146728540, 463, 8540
5, 4193, 146755463, 146759239, 463, 4239
5, 4194, 146790463, 146795382, 463, 5382
5, 4195, 146825463, 146829732, 463, 4732
5, 4196, 146860463, 146865285, 463, 5285
5, 4197, 146895463, 146899239, 463, 4239
5, 4198, 146930463, 146935285, 463, 5285
5, 4199, 146965463, 146970050, 463, 5050
5, 42, 1470463, 1475382, 463, 5382
5, 420, 14700463, 14706366, 463, 6366
5, 4200, 147000463, 147007906, 463, 7906
5, 4201, 147035463, 147039239, 463, 4239
5, 4202, 147070463, 147075285, 463, 5285
5, 4203, 147105463, 147109239, 463, 4239
5, 4204, 147140463, 147145285, 463, 5285
5, 4205, 147175463, 147179732, 463, 4732
5, 4206, 147210463, 147215382, 463, 5382
5, 4207, 147245463, 147249407, 463, 4407
5, 4208, 147280463, 147287995, 463, 7995
5, 4209, 147315463, 147319239, 463, 4239
5, 421, 14735463, 14739239, 463, 4239
5, 4210, 147350463, 147356774, 463, 6774
5, 4211, 147385463, 147389239, 463, 4239
5, 4212, 147420463, 147425382, 463, 5382
5, 4213, 147455463, 147459239, 463, 4239
5, 4214, 147490463, 147495285, 463, 5285
5, 4215, 147525463, 147530108, 463, 5108
5, 4216, 147560463, 147566907, 463, 6907
5, 4217, 147595463, 147599239, 463, 4239
5, 4218, 147630463, 147636714, 463, 6714
5, 4219, 147665463, 147669239, 463, 4239
5, 422, 14770463, 14775285, 463, 5285
5, 4220, 147700463, 147706366, 463, 6366
5, 4221, 147735463, 147739239, 463, 4239
5, 4222, 147770463, 147775285, 463, 5285
5, 4223, 147805463, 147809407, 463, 4407
5, 4224, 147840463, 147847995, 463, 7995
5, 4225, 147875463, 147879732, 463, 4732
5, 4226, 147910463, 147915285, 463, 5285
5, 4227, 147945463, 147949239, 463, 4239
5, 4228, 147980463, 147985285, 463, 5285
5, 4229, 148015463, 148019618, 463, 4618
5, 423, 14805463, 14809491, 463, 4491
5, 4230, 148050463, 148056366, 463, 6366
5, 4231, 148085463, 148089418, 463, 4418
5, 4232, 148120463, 148127906, 463, 7906
5, 4233, 148155463, 148159239, 463, 4239
5, 4234, 148190463, 148195285, 463, 5285
5, 4235, 148225463, 148229732, 463, 4732
5, 4236, 148260463, 148265382, 463, 5382
5, 4237, 148295463, 148299812, 463, 4812
5, 4238, 148330463, 148335285, 463, 5285
5, 4239, 148365463, 148369423, 463, 4423
5, 424, 14840463, 14846907, 463, 6907
5, 4240, 148400463, 148408540, 463, 8540
5, 4241, 148435463, 148439239, 463, 4239
5, 4242, 148470463, 148475382, 463, 5382
5, 4243, 148505463, 148509239, 463, 4239
5, 4244, 148540463, 148545285, 463, 5285
5, 4245, 148575463, 148579820, 463, 4820
5, 4246, 148610463, 148615285, 463, 5285
5, 4247, 148645463, 148649418, 463, 4418
5, 4248, 148680463, 148687588, 463, 7588
5, 4249, 148715463, 148719239, 463, 4239
5, 425, 14875463, 14879732, 463, 4732
5, 4250, 148750463, 148756366, 463, 6366
5, 4251, 148785463, 148789239, 463, 4239
5, 4252, 148820463, 148825285, 463, 5285
5, 4253, 148855463, 148859239, 463, 4239
5, 4254, 148890463, 148895382, 463, 5382
5, 4255, 148925463, 148930025, 463, 5025
5, 4256, 148960463, 148971854, 463, 11854
5, 4257, 148995463, 148999239, 463, 4239
5, 4258, 149030463, 149035285, 463, 5285
5, 4259, 149065463, 149069239, 463, 4239
5, 426, 14910463, 14915382, 463, 5382
5, 4260, 149100463, 149106366, 463, 6366
5, 4261, 149135463, 149139239, 463, 4239
5, 4262, 149170463, 149175285, 463, 5285
5, 4263, 149205463, 149209491, 463, 4491
5, 4264, 149240463, 149246907, 463, 6907
5, 4265, 149275463, 149279732, 463, 4732
5, 4266, 149310463, 149315382, 463, 5382
5, 4267, 149345463, 149349618, 463, 4618
5, 4268, 149380463, 149385285, 463, 5285
5, 4269, 149415463, 149419239, 463, 4239
5, 427, 14945463, 14949239, 463, 4239
5, 4270, 149450463, 149456268, 463, 6268
5, 4271, 149485463, 149489407, 463, 4407
5, 4272, 149520463, 149528613, 463, 8613
5, 4273, 149555463, 149559239, 463, 4239
5, 4274, 149590463, 149595285, 463, 5285
5, 4275, 149625463, 149630733, 463, 5733
5, 4276, 149660463, 149665285, 463, 5285
5, 4277, 149695463, 149699239, 463, 4239
5, 4278, 149730463, 149735382, 463, 5382
5, 4279, 149765463, 149769418, 463, 4418
5, 428, 14980463, 14985285, 463, 5285
5, 4280, 149800463, 149807906, 463, 7906
5, 4281, 149835463, 149839239, 463, 4239
5, 4282, 149870463, 149875285, 463, 5285
5, 4283, 149905463, 149909239, 463, 4239
5, 4284, 149940463, 149945382, 463, 5382
5, 4285, 149975463, 149979732, 463, 4732
5, 4286, 150010463, 150016048, 463, 6048
5, 4287, 150045463, 150049423, 463, 4423
5, 4288, 150080463, 150087915, 463, 7915
5, 4289, 150115463, 150119239, 463, 4239
5, 429, 15015463, 15019634, 463, 4634
5, 4290, 150150463, 150156366, 463, 6366
5, 4291, 150185463, 150189239, 463, 4239
5, 4292, 150220463, 150225285, 463, 5285
5, 4293, 150255463, 150259239, 463, 4239
5, 4294, 150290463, 150296617, 463, 6617
5, 4295, 150325463, 150330035, 463, 5035
5, 4296, 150360463, 150367053, 463, 7053
5, 4297, 150395463, 150399239, 463, 4239
5, 4298, 150430463, 150435285, 463, 5285
5, 4299, 150465463, 150469239, 463, 4239
5, 43, 1505463, 1509239, 463, 4239
5, 430, 15050463, 15056268, 463, 6268
5, 4300, 150500463, 150506268, 463, 6268
5, 4301, 150535463, 150539239, 463, 4239
5, 4302, 150570463, 150575382, 463, 5382
5, 4303, 150605463, 150609407, 463, 4407
5, 4304, 150640463, 150647995, 463, 7995
5, 4305, 150675463, 150680309, 463, 5309
5, 4306, 150710463, 150715285, 463, 5285
5, 4307, 150745463, 150749239, 463, 4239
5, 4308, 150780463, 150785382, 463, 5382
5, 4309, 150815463, 150819239, 463, 4239
5, 431, 15085463, 15089407, 463, 4407
5, 4310, 150850463, 150856366, 463, 6366
5, 4311, 150885463, 150889491, 463, 4491
5, 4312, 150920463, 150927809, 463, 7809
5, 4313, 150955463, 150959812, 463, 4812
5, 4314, 150990463, 150995382, 463, 5382
5, 4315, 151025463, 151029732, 463, 4732
5, 4316, 151060463, 151065285, 463, 5285
5, 4317, 151095463, 151099239, 463, 4239
5, 4318, 151130463, 151135285, 463, 5285
5, 4319, 151165463, 151169407, 463, 4407
5, 432, 15120463, 15128613, 463, 8613
5, 4320, 151200463, 151208613, 463, 8613
5, 4321, 151235463, 151239239, 463, 4239
5, 4322, 151270463, 151275285, 463, 5285
5, 4323, 151305463, 151309239, 463, 4239
5, 4324, 151340463, 151345950, 463, 5950
5, 4325, 151375463, 151379732, 463, 4732
5, 4326, 151410463, 151415382, 463, 5382
5, 4327, 151445463, 151449418, 463, 4418
5, 4328, 151480463, 151487053, 463, 7053
5, 4329, 151515463, 151519239, 463, 4239
5, 433, 15155463, 15159239, 463, 4239
5, 4330, 151550463, 151556268, 463, 6268
5, 4331, 151585463, 151589239, 463, 4239
5, 4332, 151620463, 151627439, 463, 7439
5, 4333, 151655463, 151659239, 463, 4239
5, 4334, 151690463, 151695285, 463, 5285
5, 4335, 151725463, 151730098, 463, 5098
5, 4336, 151760463, 151767915, 463, 7915
5, 4337, 151795463, 151799239, 463, 4239
5, 4338, 151830463, 151835382, 463, 5382
5, 4339, 151865463, 151869239, 463, 4239
5, 434, 15190463, 15195285, 463, 5285
5, 4340, 151900463, 151906366, 463, 6366
5, 4341, 151935463, 151939239, 463, 4239
5, 4342, 151970463, 151975285, 463, 5285
5, 4343, 152005463, 152012582, 463, 7582
5, 4344, 152040463, 152047053, 463, 7053
5, 4345, 152075463, 152079732, 463, 4732
5, 4346, 152110463, 152115285, 463, 5285
5, 4347, 152145463, 152149239, 463, 4239
5, 4348, 152180463, 152185285, 463, 5285
5, 4349, 152215463, 152219239, 463, 4239
5, 435, 15225463, 15229820, 463, 4820
5, 4350, 152250463, 152256366, 463, 6366
5, 4351, 152285463, 152290036, 463, 5036
5, 4352, 152320463, 152328613, 463, 8613
5, 4353, 152355463, 152359239, 463, 4239
5, 4354, 152390463, 152395285, 463, 5285
5, 4355, 152425463, 152429732, 463, 4732
5, 4356, 152460463, 152465382, 463, 5382
5, 4357, 152495463, 152499239, 463, 4239
5, 4358, 152530463, 152535285, 463, 5285
5, 4359, 152565463, 152569491, 463, 4491
5, 436, 15260463, 15265285, 463, 5285
5, 4360, 152600463, 152607809, 463, 7809
5, 4361, 152635463, 152639239, 463, 4239
5, 4362, 152670463, 152676871, 463, 6871
5, 4363, 152705463, 152709239, 463, 4239
5, 4364, 152740463, 152745285, 463, 5285
5, 4365, 152775463, 152779820, 463, 4820
5, 4366, 152810463, 152815285, 463, 5285
5, 4367, 152845463, 152849407, 463, 4407
5, 4368, 152880463, 152887995, 463, 7995
5, 4369, 152915463, 152919239, 463, 4239
5, 437, 15295463, 15299812, 463, 4812
5, 4370, 152950463, 152957439, 463, 7439
5, 4371, 152985463, 152989239, 463, 4239
5, 4372, 153020463, 153025285, 463, 5285
5, 4373, 153055463, 153059239, 463, 4239
5, 4374, 153090463, 153095382, 463, 5382
5, 4375, 153125463, 153130035, 463, 5035
5, 4376, 153160463, 153167053, 463, 7053
5, 4377, 153195463, 153199239, 463, 4239
5, 4378, 153230463, 153235285, 463, 5285
5, 4379, 153265463, 153269239, 463, 4239
5, 438, 15330463, 15335382, 463, 5382
5, 4380, 153300463, 153306366, 463, 6366
5, 4381, 153335463, 153339618, 463, 4618
5, 4382, 153370463, 153375285, 463, 5285
5, 4383, 153405463, 153409423, 463, 4423
5, 4384, 153440463, 153447915, 463, 7915
5, 4385, 153475463, 153479732, 463, 4732
5, 4386, 153510463, 153515382, 463, 5382
5, 4387, 153545463, 153549239, 463, 4239
5, 4388, 153580463, 153585285, 463, 5285
5, 4389, 153615463, 153619833, 463, 4833
5, 439, 15365463, 15369418, 463, 4418
5, 4390, 153650463, 153656268, 463, 6268
5, 4391, 153685463, 153689418, 463, 4418
5, 4392, 153720463, 153727906, 463, 7906
5, 4393, 153755463, 153759239, 463, 4239
5, 4394, 153790463, 153795285, 463, 5285
5, 4395, 153825463, 153829820, 463, 4820
5, 4396, 153860463, 153865285, 463, 5285
5, 4397, 153895463, 153899239, 463, 4239
5, 4398, 153930463, 153935382, 463, 5382
5, 4399, 153965463, 153969407, 463, 4407
5, 44, 1540463, 1545285, 463, 5285
5, 440, 15400463, 15407906, 463, 7906
5, 4400, 154000463, 154010509, 463, 10509
5, 4401, 154035463, 154039239, 463, 4239
5, 4402, 154070463, 154075285, 463, 5285
5, 4403, 154105463, 154109239, 463, 4239
5, 4404, 154140463, 154145382, 463, 5382
5, 4405, 154175463, 154179732, 463, 4732
5, 4406, 154210463, 154215285, 463, 5285
5, 4407, 154245463, 154249491, 463, 4491
5, 4408, 154280463, 154288104, 463, 8104
5, 4409, 154315463, 154319239, 463, 4239
5, 441, 15435463, 15439239, 463, 4239
5, 4410, 154350463, 154356366, 463, 6366
5, 4411, 154385463, 154389239, 463, 4239
5, 4412, 154420463, 154425285, 463, 5285
5, 4413, 154455463, 154459239, 463, 4239
5, 4414, 154490463, 154495285, 463, 5285
5, 4415, 154525463, 154530025, 463, 5025
5, 4416, 154560463, 154567995, 463, 7995
5, 4417, 154595463, 154599239, 463, 4239
5, 4418, 154630463, 154635285, 463, 5285
5, 4419, 154665463, 154669634, 463, 4634
5, 442, 15470463, 15475285, 463, 5285
5, 4420, 154700463, 154706268, 463, 6268
5, 4421, 154735463, 154739239, 463, 4239
5, 4422, 154770463, 154775382, 463, 5382
5, 4423, 154805463, 154809418, 463, 4418
5, 4424, 154840463, 154847053, 463, 7053
5, 4425, 154875463, 154879820, 463, 4820
5, 4426, 154910463, 154915285, 463, 5285
5, 4427, 154945463, 154949812, 463, 4812
5, 4428, 154980463, 154985382, 463, 5382
5, 4429, 155015463, 155019239, 463, 4239
5, 443, 15505463, 15509239, 463, 4239
5, 4430, 155050463, 155056366, 463, 6366
5, 4431, 155085463, 155089423, 463, 4423
5, 4432, 155120463, 155128540, 463, 8540
5, 4433, 155155463, 155159239, 463, 4239
5, 4434, 155190463, 155195382, 463, 5382
5, 4435, 155225463, 155229732, 463, 4732
5, 4436, 155260463, 155265285, 463, 5285
5, 4437, 155295463, 155299239, 463, 4239
5, 4438, 155330463, 155335950, 463, 5950
5, 4439, 155365463, 155369418, 463, 4418
5, 444, 15540463, 15545382, 463, 5382
5, 4440, 155400463, 155407906, 463, 7906
5, 4441, 155435463, 155439239, 463, 4239
5, 4442, 155470463, 155475285, 463, 5285
5, 4443, 155505463, 155509239, 463, 4239
5, 4444, 155540463, 155545285, 463, 5285
5, 4445, 155575463, 155579732, 463, 4732
5, 4446, 155610463, 155616714, 463, 6714
5, 4447, 155645463, 155649407, 463, 4407
5, 4448, 155680463, 155687995, 463, 7995
5, 4449, 155715463, 155719239, 463, 4239
5, 445, 15575463, 15579732, 463, 4732
5, 4450, 155750463, 155756268, 463, 6268
5, 4451, 155785463, 155789239, 463, 4239
5, 4452, 155820463, 155825382, 463, 5382
5, 4453, 155855463, 155859239, 463, 4239
5, 4454, 155890463, 155895285, 463, 5285
5, 4455, 155925463, 155930108, 463, 5108
5, 4456, 155960463, 155966907, 463, 6907
5, 4457, 155995463, 155999618, 463, 4618
5, 4458, 156030463, 156035382, 463, 5382
5, 4459, 156065463, 156069239, 463, 4239
5, 446, 15610463, 15615285, 463, 5285
5, 4460, 156100463, 156106366, 463, 6366
5, 4461, 156135463, 156139239, 463, 4239
5, 4462, 156170463, 156175285, 463, 5285
5, 4463, 156205463, 156209407, 463, 4407
5, 4464, 156240463, 156247995, 463, 7995
5, 4465, 156275463, 156280636, 463, 5636
5, 4466, 156310463, 156315285, 463, 5285
5, 4467, 156345463, 156349239, 463, 4239
5, 4468, 156380463, 156385285, 463, 5285
5, 4469, 156415463, 156419239, 463, 4239
5, 447, 15645463, 15649423, 463, 4423
5, 4470, 156450463, 156456366, 463, 6366
5, 4471, 156485463, 156489418, 463, 4418
5, 4472, 156520463, 156527906, 463, 7906
5, 4473, 156555463, 156559239, 463, 4239
5, 4474, 156590463, 156595285, 463, 5285
5, 4475, 156625463, 156629732, 463, 4732
5, 4476, 156660463, 156666048, 463, 6048
5, 4477, 156695463, 156699239, 463, 4239
5, 4478, 156730463, 156735285, 463, 5285
5, 4479, 156765463, 156769423, 463, 4423
5, 448, 15680463, 15689818, 463, 9818
5, 4480, 156800463, 156808540, 463, 8540
5, 4481, 156835463, 156839239, 463, 4239
5, 4482, 156870463, 156875382, 463, 5382
5, 4483, 156905463, 156909239, 463, 4239
5, 4484, 156940463, 156946714, 463, 6714
5, 4485, 156975463, 156979820, 463, 4820
5, 4486, 157010463, 157015285, 463, 5285
5, 4487, 157045463, 157049418, 463, 4418
5, 4488, 157080463, 157087053, 463, 7053
5, 4489, 157115463, 157119239, 463, 4239
5, 449, 15715463, 15719239, 463, 4239
5, 4490, 157150463, 157156366, 463, 6366
5, 4491, 157185463, 157189239, 463, 4239
5, 4492, 157220463, 157225285, 463, 5285
5, 4493, 157255463, 157259239, 463, 4239
5, 4494, 157290463, 157295382, 463, 5382
5, 4495, 157325463, 157330404, 463, 5404
5, 4496, 157360463, 157367995, 463, 7995
5, 4497, 157395463, 157399239, 463, 4239
5, 4498, 157430463, 157435285, 463, 5285
5, 4499, 157465463, 157469239, 463, 4239
5, 45, 1575463, 1579820, 463, 4820
5, 450, 15750463, 15756366, 463, 6366
5, 4500, 157500463, 157506366, 463, 6366
5, 4501, 157535463, 157539239, 463, 4239
5, 4502, 157570463, 157575285, 463, 5285
5, 4503, 157605463, 157610147, 463, 5147
5, 4504, 157640463, 157646907, 463, 6907
5, 4505, 157675463, 157679732, 463, 4732
5, 4506, 157710463, 157715382, 463, 5382
5, 4507, 157745463, 157749239, 463, 4239
5, 4508, 157780463, 157785285, 463, 5285
5, 4509, 157815463, 157819239, 463, 4239
5, 451, 15785463, 15789239, 463, 4239
5, 4510, 157850463, 157856268, 463, 6268
5, 4511, 157885463, 157889407, 463, 4407
5, 4512, 157920463, 157928613, 463, 8613
5, 4513, 157955463, 157959239, 463, 4239
5, 4514, 157990463, 157996048, 463, 6048
5, 4515, 158025463, 158029820, 463, 4820
5, 4516, 158060463, 158065285, 463, 5285
5, 4517, 158095463, 158099239, 463, 4239
5, 4518, 158130463, 158135382, 463, 5382
5, 4519, 158165463, 158169418, 463, 4418
5, 452, 15820463, 15825285, 463, 5285
5, 4520, 158200463, 158207906, 463, 7906
5, 4521, 158235463, 158239239, 463, 4239
5, 4522, 158270463, 158277366, 463, 7366
5, 4523, 158305463, 158309239, 463, 4239
5, 4524, 158340463, 158345382, 463, 5382
5, 4525, 158375463, 158379732, 463, 4732
5, 4526, 158410463, 158415285, 463, 5285
5, 4527, 158445463, 158449423, 463, 4423
5, 4528, 158480463, 158487915, 463, 7915
5, 4529, 158515463, 158519239, 463, 4239
5, 453, 15855463, 15859239, 463, 4239
5, 4530, 158550463, 158556366, 463, 6366
5, 4531, 158585463, 158589239, 463, 4239
5, 4532, 158620463, 158625285, 463, 5285
5, 4533, 158655463, 158659634, 463, 4634
5, 4534, 158690463, 158695285, 463, 5285
5, 4535, 158725463, 158730035, 463, 5035
5, 4536, 158760463, 158767053, 463, 7053
5, 4537, 158795463, 158799239, 463, 4239
5, 4538, 158830463, 158835285, 463, 5285
5, 4539, 158865463, 158869239, 463, 4239
5, 454, 15890463, 15895285, 463, 5285
5, 4540, 158900463, 158906268, 463, 6268
5, 4541, 158935463, 158939812, 463, 4812
5, 4542, 158970463, 158975382, 463, 5382
5, 4543, 159005463, 159009407, 463, 4407
5, 4544, 159040463, 159047995, 463, 7995
5, 4545, 159075463, 159079820, 463, 4820
5, 4546, 159110463, 159115285, 463, 5285
5, 4547, 159145463, 159149239, 463, 4239
5, 4548, 159180463, 159185382, 463, 5382
5, 4549, 159215463, 159219239, 463, 4239
5, 455, 15925463, 15930035, 463, 5035
5, 4550, 159250463, 159256366, 463, 6366
5, 4551, 159285463, 159289491, 463, 4491
5, 4552, 159320463, 159328222, 463, 8222
5, 4553, 159355463, 159359239, 463, 4239
5, 4554, 159390463, 159395382, 463, 5382
5, 4555, 159425463, 159429732, 463, 4732
5, 4556, 159460463, 159465285, 463, 5285
5, 4557, 159495463, 159499239, 463, 4239
5, 4558, 159530463, 159535285, 463, 5285
5, 4559, 159565463, 159569407, 463, 4407
5, 456, 15960463, 15968177, 463, 8177
5, 457, 15995463, 15999239, 463, 4239
5, 458, 16030463, 16035285, 463, 5285
5, 459, 16065463, 16069239, 463, 4239
5, 46, 1610463, 1615285, 463, 5285
5, 460, 16100463, 16106268, 463, 6268
5, 461, 16135463, 16139239, 463, 4239
5, 462, 16170463, 16175382, 463, 5382
5, 463, 16205463, 16209407, 463, 4407
5, 464, 16240463, 16247995, 463, 7995
5, 465, 16275463, 16279820, 463, 4820
5, 466, 16310463, 16315285, 463, 5285
5, 467, 16345463, 16349618, 463, 4618
5, 468, 16380463, 16385382, 463, 5382
5, 469, 16415463, 16419239, 463, 4239
5, 47, 1645463, 1649407, 463, 4407
5, 470, 16450463, 16456366, 463, 6366
5, 471, 16485463, 16489491, 463, 4491
5, 472, 16520463, 16527809, 463, 7809
5, 473, 16555463, 16559239, 463, 4239
5, 474, 16590463, 16595382, 463, 5382
5, 475, 16625463, 16630636, 463, 5636
5, 476, 16660463, 16665285, 463, 5285
5, 477, 16695463, 16699239, 463, 4239
5, 478, 16730463, 16735285, 463, 5285
5, 479, 16765463, 16769407, 463, 4407
5, 48, 1680463, 1687995, 463, 7995
5, 480, 16800463, 16808613, 463, 8613
5, 481, 16835463, 16839239, 463, 4239
5, 482, 16870463, 16875285, 463, 5285
5, 483, 16905463, 16909239, 463, 4239
5, 484, 16940463, 16945285, 463, 5285
5, 485, 16975463, 16979732, 463, 4732
5, 486, 17010463, 17016048, 463, 6048
5, 487, 17045463, 17049418, 463, 4418
5, 488, 17080463, 17087053, 463, 7053
5, 489, 17115463, 17119239, 463, 4239
5, 49, 1715463, 1719618, 463, 4618
5, 490, 17150463, 17156268, 463, 6268
5, 491, 17185463, 17189239, 463, 4239
5, 492, 17220463, 17225382, 463, 5382
5, 493, 17255463, 17259239, 463, 4239
5, 494, 17290463, 17296714, 463, 6714
5, 495, 17325463, 17330098, 463, 5098
5, 496, 17360463, 17367915, 463, 7915
5, 497, 17395463, 17399239, 463, 4239
5, 498, 17430463, 17435382, 463, 5382
5, 499, 17465463, 17469239, 463, 4239
5, 5, 175463, 179732, 463, 4732
5, 50, 1750463, 1756366, 463, 6366
5, 500, 17500463, 17506366, 463, 6366
5, 501, 17535463, 17539239, 463, 4239
5, 502, 17570463, 17575285, 463, 5285
5, 503, 17605463, 17609418, 463, 4418
5, 504, 17640463, 17647053, 463, 7053
5, 505, 17675463, 17680236, 463, 5236
5, 506, 17710463, 17715285, 463, 5285
5, 507, 17745463, 17749239, 463, 4239
5, 508, 17780463, 17785285, 463, 5285
5, 509, 17815463, 17819239, 463, 4239
5, 51, 1785463, 1789239, 463, 4239
5, 510, 17850463, 17856366, 463, 6366
5, 511, 17885463, 17889407, 463, 4407
5, 512, 17920463, 17928613, 463, 8613
5, 513, 17955463, 17959833, 463, 4833
5, 514, 17990463, 17995285, 463, 5285
5, 515, 18025463, 18029732, 463, 4732
5, 516, 18060463, 18065382, 463, 5382
5, 517, 18095463, 18099239, 463, 4239
5, 518, 18130463, 18135285, 463, 5285
5, 519, 18165463, 18169491, 463, 4491
5, 52, 1820463, 1825285, 463, 5285
5, 520, 18200463, 18207809, 463, 7809
5, 521, 18235463, 18239239, 463, 4239
5, 522, 18270463, 18275382, 463, 5382
5, 523, 18305463, 18309239, 463, 4239
5, 524, 18340463, 18346048, 463, 6048
5, 525, 18375463, 18379820, 463, 4820
5, 526, 18410463, 18415285, 463, 5285
5, 527, 18445463, 18449407, 463, 4407
5, 528, 18480463, 18487995, 463, 7995
5, 529, 18515463, 18519239, 463, 4239
5, 53, 1855463, 1859239, 463, 4239
5, 530, 18550463, 18556366, 463, 6366
5, 531, 18585463, 18589239, 463, 4239
5, 532, 18620463, 18627366, 463, 7366
5, 533, 18655463, 18659239, 463, 4239
5, 534, 18690463, 18695382, 463, 5382
5, 535, 18725463, 18730035, 463, 5035
5, 536, 18760463, 18767053, 463, 7053
5, 537, 18795463, 18799239, 463, 4239
5, 538, 18830463, 18835285, 463, 5285
5, 539, 18865463, 18869239, 463, 4239
5, 54, 1890463, 1895382, 463, 5382
5, 540, 18900463, 18906366, 463, 6366
5, 541, 18935463, 18939239, 463, 4239
5, 542, 18970463, 18975285, 463, 5285
5, 543, 19005463, 19009860, 463, 4860
5, 544, 19040463, 19047915, 463, 7915
5, 545, 19075463, 19079732, 463, 4732
5, 546, 19110463, 19115382, 463, 5382
5, 547, 19145463, 19149239, 463, 4239
5, 548, 19180463, 19185285, 463, 5285
5, 549, 19215463, 19219239, 463, 4239
5, 55, 1925463, 1930035, 463, 5035
5, 550, 19250463, 19256268, 463, 6268
5, 551, 19285463, 19290050, 463, 5050
5, 552, 19320463, 19327906, 463, 7906
5, 553, 19355463, 19359239, 463, 4239
5, 554, 19390463, 19395285, 463, 5285
5, 555, 19425463, 19429820, 463, 4820
5, 556, 19460463, 19465285, 463, 5285
5, 557, 19495463, 19499239, 463, 4239
5, 558, 19530463, 19535382, 463, 5382
5, 559, 19565463, 19569407, 463, 4407
5, 56, 1960463, 1967053, 463, 7053
5, 560, 19600463, 19608613, 463, 8613
5, 561, 19635463, 19639239, 463, 4239
5, 562, 19670463, 19676774, 463, 6774
5, 563, 19705463, 19709239, 463, 4239
5, 564, 19740463, 19745382, 463, 5382
5, 565, 19775463, 19779732, 463, 4732
5, 566, 19810463, 19815285, 463, 5285
5, 567, 19845463, 19849491, 463, 4491
5, 568, 19880463, 19886907, 463, 6907
5, 569, 19915463, 19919239, 463, 4239
5, 57, 1995463, 1999833, 463, 4833
5, 570, 19950463, 19957439, 463, 7439
5, 571, 19985463, 19989239, 463, 4239
5, 572, 20020463, 20025285, 463, 5285
5, 573, 20055463, 20059239, 463, 4239
5, 574, 20090463, 20095285, 463, 5285
5, 575, 20125463, 20130025, 463, 5025
5, 576, 20160463, 20167995, 463, 7995
5, 577, 20195463, 20199239, 463, 4239
5, 578, 20230463, 20235285, 463, 5285
5, 579, 20265463, 20269239, 463, 4239
5, 58, 2030463, 2035285, 463, 5285
5, 580, 20300463, 20306268, 463, 6268
5, 581, 20335463, 20339618, 463, 4618
5, 582, 20370463, 20375382, 463, 5382
5, 583, 20405463, 20409418, 463, 4418
5, 584, 20440463, 20447053, 463, 7053
5, 585, 20475463, 20479820, 463, 4820
5, 586, 20510463, 20515285, 463, 5285
5, 587, 20545463, 20549239, 463, 4239
5, 588, 20580463, 20585382, 463, 5382
5, 589, 20615463, 20619812, 463, 4812
5, 59, 2065463, 2069239, 463, 4239
5, 590, 20650463, 20656366, 463, 6366
5, 591, 20685463, 20689423, 463, 4423
5, 592, 20720463, 20728540, 463, 8540
5, 593, 20755463, 20759239, 463, 4239
5, 594, 20790463, 20795382, 463, 5382
5, 595, 20825463, 20829732, 463, 4732
5, 596, 20860463, 20865285, 463, 5285
5, 597, 20895463, 20899239, 463, 4239
5, 598, 20930463, 20935285, 463, 5285
5, 599, 20965463, 20969418, 463, 4418
5, 6, 210463, 215382, 463, 5382
5, 60, 2100463, 2106366, 463, 6366
5, 600, 21000463, 21008295, 463, 8295
5, 601, 21035463, 21039239, 463, 4239
5, 602, 21070463, 21075285, 463, 5285
5, 603, 21105463, 21109239, 463, 4239
5, 604, 21140463, 21145285, 463, 5285
5, 605, 21175463, 21179732, 463, 4732
5, 606, 21210463, 21215382, 463, 5382
5, 607, 21245463, 21249407, 463, 4407
5, 608, 21280463, 21291854, 463, 11854
5, 609, 21315463, 21319239, 463, 4239
5, 61, 2135463, 2139239, 463, 4239
5, 610, 21350463, 21356268, 463, 6268
5, 611, 21385463, 21389239, 463, 4239
5, 612, 21420463, 21425382, 463, 5382
5, 613, 21455463, 21459239, 463, 4239
5, 614, 21490463, 21495285, 463, 5285
5, 615, 21525463, 21530108, 463, 5108
5, 616, 21560463, 21566907, 463, 6907
5, 617, 21595463, 21599239, 463, 4239
5, 618, 21630463, 21635382, 463, 5382
5, 619, 21665463, 21669618, 463, 4618
5, 62, 2170463, 2175285, 463, 5285
5, 620, 21700463, 21706366, 463, 6366
5, 621, 21735463, 21739239, 463, 4239
5, 622, 21770463, 21775285, 463, 5285
5, 623, 21805463, 21809407, 463, 4407
5, 624, 21840463, 21847995, 463, 7995
5, 625, 21875463, 21879732, 463, 4732
5, 626, 21910463, 21915285, 463, 5285
5, 627, 21945463, 21949833, 463, 4833
5, 628, 21980463, 21985285, 463, 5285
5, 629, 22015463, 22019239, 463, 4239
5, 63, 2205463, 2209423, 463, 4423
5, 630, 22050463, 22056366, 463, 6366
5, 631, 22085463, 22089418, 463, 4418
5, 632, 22120463, 22127906, 463, 7906
5, 633, 22155463, 22159239, 463, 4239
5, 634, 22190463, 22195285, 463, 5285
5, 635, 22225463, 22229732, 463, 4732
5, 636, 22260463, 22265382, 463, 5382
5, 637, 22295463, 22299239, 463, 4239
5, 638, 22330463, 22336048, 463, 6048
5, 639, 22365463, 22369423, 463, 4423
5, 64, 2240463, 2247915, 463, 7915
5, 640, 22400463, 22408540, 463, 8540
5, 641, 22435463, 22439239, 463, 4239
5, 642, 22470463, 22475382, 463, 5382
5, 643, 22505463, 22509239, 463, 4239
5, 644, 22540463, 22545285, 463, 5285
5, 645, 22575463, 22579820, 463, 4820
5, 646, 22610463, 22616617, 463, 6617
5, 647, 22645463, 22649418, 463, 4418
5, 648, 22680463, 22687053, 463, 7053
5, 649, 22715463, 22719239, 463, 4239
5, 65, 2275463, 2279732, 463, 4732
5, 650, 22750463, 22756366, 463, 6366
5, 651, 22785463, 22789239, 463, 4239
5, 652, 22820463, 22825285, 463, 5285
5, 653, 22855463, 22859239, 463, 4239
5, 654, 22890463, 22895382, 463, 5382
5, 655, 22925463, 22930025, 463, 5025
5, 656, 22960463, 22967995, 463, 7995
5, 657, 22995463, 22999634, 463, 4634
5, 658, 23030463, 23035285, 463, 5285
5, 659, 23065463, 23069239, 463, 4239
5, 66, 2310463, 2315382, 463, 5382
5, 660, 23100463, 23106366, 463, 6366
5, 661, 23135463, 23139239, 463, 4239
5, 662, 23170463, 23175285, 463, 5285
5, 663, 23205463, 23209491, 463, 4491
5, 664, 23240463, 23246907, 463, 6907
5, 665, 23275463, 23280636, 463, 5636
5, 666, 23310463, 23315382, 463, 5382
5, 667, 23345463, 23349239, 463, 4239
5, 668, 23380463, 23385285, 463, 5285
5, 669, 23415463, 23419239, 463, 4239
5, 67, 2345463, 2349239, 463, 4239
5, 670, 23450463, 23456268, 463, 6268
5, 671, 23485463, 23489407, 463, 4407
5, 672, 23520463, 23528613, 463, 8613
5, 673, 23555463, 23559239, 463, 4239
5, 674, 23590463, 23595285, 463, 5285
5, 675, 23625463, 23629820, 463, 4820
5, 676, 23660463, 23665950, 463, 5950
5, 677, 23695463, 23699239, 463, 4239
5, 678, 23730463, 23735382, 463, 5382
5, 679, 23765463, 23769418, 463, 4418
5, 68, 2380463, 2386048, 463, 6048
5, 680, 23800463, 23807906, 463, 7906
5, 681, 23835463, 23839239, 463, 4239
5, 682, 23870463, 23875285, 463, 5285
5, 683, 23905463, 23909239, 463, 4239
5, 684, 23940463, 23946714, 463, 6714
5, 685, 23975463, 23979732, 463, 4732
5, 686, 24010463, 24015285, 463, 5285
5, 687, 24045463, 24049423, 463, 4423
5, 688, 24080463, 24087915, 463, 7915
5, 689, 24115463, 24119239, 463, 4239
5, 69, 2415463, 2419239, 463, 4239
5, 690, 24150463, 24156366, 463, 6366
5, 691, 24185463, 24189239, 463, 4239
5, 692, 24220463, 24225285, 463, 5285
5, 693, 24255463, 24259239, 463, 4239
5, 694, 24290463, 24295285, 463, 5285
5, 695, 24325463, 24330415, 463, 5415
5, 696, 24360463, 24367053, 463, 7053
5, 697, 24395463, 24399239, 463, 4239
5, 698, 24430463, 24435285, 463, 5285
5, 699, 24465463, 24469239, 463, 4239
5, 7, 245463, 249418, 463, 4418
5, 70, 2450463, 2456268, 463, 6268
5, 700, 24500463, 24506268, 463, 6268
5, 701, 24535463, 24539239, 463, 4239
5, 702, 24570463, 24575382, 463, 5382
5, 703, 24605463, 24610036, 463, 5036
5, 704, 24640463, 24647995, 463, 7995
5, 705, 24675463, 24679820, 463, 4820
5, 706, 24710463, 24715285, 463, 5285
5, 707, 24745463, 24749239, 463, 4239
5, 708, 24780463, 24785382, 463, 5382
5, 709, 24815463, 24819239, 463, 4239
5, 71, 2485463, 2489418, 463, 4418
5, 710, 24850463, 24856366, 463, 6366
5, 711, 24885463, 24889491, 463, 4491
5, 712, 24920463, 24927809, 463, 7809
5, 713, 24955463, 24959239, 463, 4239
5, 714, 24990463, 24996048, 463, 6048
5, 715, 25025463, 25029732, 463, 4732
5, 716, 25060463, 25065285, 463, 5285
5, 717, 25095463, 25099239, 463, 4239
5, 718, 25130463, 25135285, 463, 5285
5, 719, 25165463, 25169407, 463, 4407
5, 72, 2520463, 2527906, 463, 7906
5, 720, 25200463, 25208613, 463, 8613
5, 721, 25235463, 25239239, 463, 4239
5, 722, 25270463, 25277439, 463, 7439
5, 723, 25305463, 25309239, 463, 4239
5, 724, 25340463, 25345285, 463, 5285
5, 725, 25375463, 25379732, 463, 4732
5, 726, 25410463, 25415382, 463, 5382
5, 727, 25445463, 25449418, 463, 4418
5, 728, 25480463, 25487053, 463, 7053
5, 729, 25515463, 25519239, 463, 4239
5, 73, 2555463, 2559239, 463, 4239
5, 730, 25550463, 25556268, 463, 6268
5, 731, 25585463, 25589239, 463, 4239
5, 732, 25620463, 25625382, 463, 5382
5, 733, 25655463, 25659618, 463, 4618
5, 734, 25690463, 25695285, 463, 5285
5, 735, 25725463, 25730098, 463, 5098
5, 736, 25760463, 25767915, 463, 7915
5, 737, 25795463, 25799239, 463, 4239
5, 738, 25830463, 25835382, 463, 5382
5, 739, 25865463, 25869239, 463, 4239
5, 74, 2590463, 2595285, 463, 5285
5, 740, 25900463, 25906366, 463, 6366
5, 741, 25935463, 25939833, 463, 4833
5, 742, 25970463, 25975285, 463, 5285
5, 743, 26005463, 26009418, 463, 4418
5, 744, 26040463, 26047053, 463, 7053
5, 745, 26075463, 26079732, 463, 4732
5, 746, 26110463, 26115285, 463, 5285
5, 747, 26145463, 26149239, 463, 4239
5, 748, 26180463, 26185285, 463, 5285
5, 749, 26215463, 26219239, 463, 4239
5, 75, 2625463, 2629820, 463, 4820
5, 750, 26250463, 26256366, 463, 6366
5, 751, 26285463, 26289407, 463, 4407
5, 752, 26320463, 26330509, 463, 10509
5, 753, 26355463, 26359239, 463, 4239
5, 754, 26390463, 26395285, 463, 5285
5, 755, 26425463, 26429732, 463, 4732
5, 756, 26460463, 26465382, 463, 5382
5, 757, 26495463, 26499239, 463, 4239
5, 758, 26530463, 26535285, 463, 5285
5, 759, 26565463, 26569491, 463, 4491
5, 76, 2660463, 2666617, 463, 6617
5, 760, 26600463, 26608721, 463, 8721
5, 761, 26635463, 26639239, 463, 4239
5, 762, 26670463, 26675382, 463, 5382
5, 763, 26705463, 26709239, 463, 4239
5, 764, 26740463, 26745285, 463, 5285
5, 765, 26775463, 26779820, 463, 4820
5, 766, 26810463, 26815285, 463, 5285
5, 767, 26845463, 26849407, 463, 4407
5, 768, 26880463, 26887995, 463, 7995
5, 769, 26915463, 26919239, 463, 4239
5, 77, 2695463, 2699239, 463, 4239
5, 770, 26950463, 26956366, 463, 6366
5, 771, 26985463, 26989634, 463, 4634
5, 772, 27020463, 27025285, 463, 5285
5, 773, 27055463, 27059239, 463, 4239
5, 774, 27090463, 27095382, 463, 5382
5, 775, 27125463, 27130035, 463, 5035
5, 776, 27160463, 27167053, 463, 7053
5, 777, 27195463, 27199239, 463, 4239
5, 778, 27230463, 27235285, 463, 5285
5, 779, 27265463, 27269812, 463, 4812
5, 78, 2730463, 2735382, 463, 5382
5, 780, 27300463, 27306366, 463, 6366
5, 781, 27335463, 27339239, 463, 4239
5, 782, 27370463, 27375285, 463, 5285
5, 783, 27405463, 27409423, 463, 4423
5, 784, 27440463, 27447915, 463, 7915
5, 785, 27475463, 27479732, 463, 4732
5, 786, 27510463, 27515382, 463, 5382
5, 787, 27545463, 27549239, 463, 4239
5, 788, 27580463, 27585285, 463, 5285
5, 789, 27615463, 27619239, 463, 4239
5, 79, 2765463, 2769407, 463, 4407
5, 790, 27650463, 27656774, 463, 6774
5, 791, 27685463, 27689418, 463, 4418
5, 792, 27720463, 27727906, 463, 7906
5, 793, 27755463, 27759239, 463, 4239
5, 794, 27790463, 27795285, 463, 5285
5, 795, 27825463, 27829820, 463, 4820
5, 796, 27860463, 27865285, 463, 5285
5, 797, 27895463, 27899239, 463, 4239
5, 798, 27930463, 27936714, 463, 6714
5, 799, 27965463, 27969407, 463, 4407
5, 8, 280463, 287053, 463, 7053
5, 80, 2800463, 2808613, 463, 8613
5, 800, 28000463, 28008613, 463, 8613
5, 801, 28035463, 28039239, 463, 4239
5, 802, 28070463, 28075285, 463, 5285
5, 803, 28105463, 28109239, 463, 4239
5, 804, 28140463, 28145382, 463, 5382
5, 805, 28175463, 28179732, 463, 4732
5, 806, 28210463, 28215285, 463, 5285
5, 807, 28245463, 28249491, 463, 4491
5, 808, 28280463, 28286907, 463, 6907
5, 809, 28315463, 28319618, 463, 4618
5, 81, 2835463, 2839239, 463, 4239
5, 810, 28350463, 28356366, 463, 6366
5, 811, 28385463, 28389239, 463, 4239
5, 812, 28420463, 28425285, 463, 5285
5, 813, 28455463, 28459239, 463, 4239
5, 814, 28490463, 28495285, 463, 5285
5, 815, 28525463, 28530025, 463, 5025
5, 816, 28560463, 28567995, 463, 7995
5, 817, 28595463, 28599812, 463, 4812
5, 818, 28630463, 28635285, 463, 5285
5, 819, 28665463, 28669239, 463, 4239
5, 82, 2870463, 2875285, 463, 5285
5, 820, 28700463, 28706268, 463, 6268
5, 821, 28735463, 28739239, 463, 4239
5, 822, 28770463, 28775382, 463, 5382
5, 823, 28805463, 28809418, 463, 4418
5, 824, 28840463, 28847053, 463, 7053
5, 825, 28875463, 28879820, 463, 4820
5, 826, 28910463, 28915285, 463, 5285
5, 827, 28945463, 28949239, 463, 4239
5, 828, 28980463, 28986048, 463, 6048
5, 829, 29015463, 29019239, 463, 4239
5, 83, 2905463, 2909239, 463, 4239
5, 830, 29050463, 29056366, 463, 6366
5, 831, 29085463, 29089423, 463, 4423
5, 832, 29120463, 29128540, 463, 8540
5, 833, 29155463, 29159239, 463, 4239
5, 834, 29190463, 29195382, 463, 5382
5, 835, 29225463, 29229732, 463, 4732
5, 836, 29260463, 29266714, 463, 6714
5, 837, 29295463, 29299239, 463, 4239
5, 838, 29330463, 29335285, 463, 5285
5, 839, 29365463, 29369418, 463, 4418
5, 84, 2940463, 2945382, 463, 5382
5, 840, 29400463, 29407906, 463, 7906
5, 841, 29435463, 29439239, 463, 4239
5, 842, 29470463, 29475285, 463, 5285
5, 843, 29505463, 29509239, 463, 4239
5, 844, 29540463, 29545285, 463, 5285
5, 845, 29575463, 29579732, 463, 4732
5, 846, 29610463, 29615382, 463, 5382
5, 847, 29645463, 29649787, 463, 4787
5, 848, 29680463, 29687995, 463, 7995
5, 849, 29715463, 29719239, 463, 4239
5, 85, 2975463, 2979732, 463, 4732
5, 850, 29750463, 29756268, 463, 6268
5, 851, 29785463, 29789239, 463, 4239
5, 852, 29820463, 29825382, 463, 5382
5, 853, 29855463, 29859239, 463, 4239
5, 854, 29890463, 29895285, 463, 5285
5, 855, 29925463, 29931462, 463, 6462
5, 856, 29960463, 29966907, 463, 6907
5, 857, 29995463, 29999239, 463, 4239
5, 858, 30030463, 30035382, 463, 5382
5, 859, 30065463, 30069239, 463, 4239
5, 86, 3010463, 3015285, 463, 5285
5, 860, 30100463, 30106366, 463, 6366
5, 861, 30135463, 30139239, 463, 4239
5, 862, 30170463, 30175285, 463, 5285
5, 863, 30205463, 30209407, 463, 4407
5, 864, 30240463, 30247995, 463, 7995
5, 865, 30275463, 30279732, 463, 4732
5, 866, 30310463, 30316048, 463, 6048
5, 867, 30345463, 30349239, 463, 4239
5, 868, 30380463, 30385285, 463, 5285
5, 869, 30415463, 30419239, 463, 4239
5, 87, 3045463, 3049870, 463, 4870
5, 870, 30450463, 30456366, 463, 6366
5, 871, 30485463, 30489418, 463, 4418
5, 872, 30520463, 30527906, 463, 7906
5, 873, 30555463, 30559239, 463, 4239
5, 874, 30590463, 30596617, 463, 6617
5, 875, 30625463, 30629732, 463, 4732
5, 876, 30660463, 30665382, 463, 5382
5, 877, 30695463, 30699239, 463, 4239
5, 878, 30730463, 30735285, 463, 5285
5, 879, 30765463, 30769423, 463, 4423
5, 88, 3080463, 3086907, 463, 6907
5, 880, 30800463, 30808540, 463, 8540
5, 881, 30835463, 30839239, 463, 4239
5, 882, 30870463, 30875382, 463, 5382
5, 883, 30905463, 30909239, 463, 4239
5, 884, 30940463, 30945285, 463, 5285
5, 885, 30975463, 30980309, 463, 5309
5, 886, 31010463, 31015285, 463, 5285
5, 887, 31045463, 31049418, 463, 4418
5, 888, 31080463, 31087053, 463, 7053
5, 889, 31115463, 31119239, 463, 4239
5, 89, 3115463, 3119239, 463, 4239
5, 890, 31150463, 31156366, 463, 6366
5, 891, 31185463, 31189239, 463, 4239
5, 892, 31220463, 31225285, 463, 5285
5, 893, 31255463, 31259812, 463, 4812
5, 894, 31290463, 31295382, 463, 5382
5, 895, 31325463, 31330025, 463, 5025
5, 896, 31360463, 31367995, 463, 7995
5, 897, 31395463, 31399239, 463, 4239
5, 898, 31430463, 31435285, 463, 5285
5, 899, 31465463, 31469239, 463, 4239
5, 9, 315463, 319239, 463, 4239
5, 90, 3150463, 3156366, 463, 6366
5, 900, 31500463, 31506366, 463, 6366
5, 901, 31535463, 31539239, 463, 4239
5, 902, 31570463, 31575285, 463, 5285
5, 903, 31605463, 31609491, 463, 4491
5, 904, 31640463, 31647491, 463, 7491
5, 905, 31675463, 31679732, 463, 4732
5, 906, 31710463, 31715382, 463, 5382
5, 907, 31745463, 31749239, 463, 4239
5, 908, 31780463, 31785285, 463, 5285
5, 909, 31815463, 31819239, 463, 4239
5, 91, 3185463, 3189239, 463, 4239
5, 910, 31850463, 31856268, 463, 6268
5, 911, 31885463, 31889407, 463, 4407
5, 912, 31920463, 31932756, 463, 12756
5, 913, 31955463, 31959239, 463, 4239
5, 914, 31990463, 31995285, 463, 5285
5, 915, 32025463, 32029820, 463, 4820
5, 916, 32060463, 32065285, 463, 5285
5, 917, 32095463, 32099239, 463, 4239
5, 918, 32130463, 32135382, 463, 5382
5, 919, 32165463, 32169418, 463, 4418
5, 92, 3220463, 3225285, 463, 5285
5, 920, 32200463, 32207906, 463, 7906
5, 921, 32235463, 32239239, 463, 4239
5, 922, 32270463, 32275285, 463, 5285
5, 923, 32305463, 32309618, 463, 4618
5, 924, 32340463, 32345382, 463, 5382
5, 925, 32375463, 32379732, 463, 4732
5, 926, 32410463, 32415285, 463, 5285
5, 927, 32445463, 32449423, 463, 4423
5, 928, 32480463, 32487915, 463, 7915
5, 929, 32515463, 32519239, 463, 4239
5, 93, 3255463, 3259239, 463, 4239
5, 930, 32550463, 32556366, 463, 6366
5, 931, 32585463, 32589812, 463, 4812
5, 932, 32620463, 32625285, 463, 5285
5, 933, 32655463, 32659239, 463, 4239
5, 934, 32690463, 32695285, 463, 5285
5, 935, 32725463, 32730035, 463, 5035
5, 936, 32760463, 32767053, 463, 7053
5, 937, 32795463, 32799239, 463, 4239
5, 938, 32830463, 32835285, 463, 5285
5, 939, 32865463, 32869239, 463, 4239
5, 94, 3290463, 3295285, 463, 5285
5, 940, 32900463, 32906268, 463, 6268
5, 941, 32935463, 32939239, 463, 4239
5, 942, 32970463, 32976871, 463, 6871
5, 943, 33005463, 33009407, 463, 4407
5, 944, 33040463, 33047995, 463, 7995
5, 945, 33075463, 33079820, 463, 4820
5, 946, 33110463, 33115285, 463, 5285
5, 947, 33145463, 33149239, 463, 4239
5, 948, 33180463, 33185382, 463, 5382
5, 949, 33215463, 33219239, 463, 4239
5, 95, 3325463, 3331452, 463, 6452
5, 950, 33250463, 33257439, 463, 7439
5, 951, 33285463, 33289491, 463, 4491
5, 952, 33320463, 33327809, 463, 7809
5, 953, 33355463, 33359239, 463, 4239
5, 954, 33390463, 33395382, 463, 5382
5, 955, 33425463, 33429732, 463, 4732
5, 956, 33460463, 33465285, 463, 5285
5, 957, 33495463, 33499239, 463, 4239
5, 958, 33530463, 33535285, 463, 5285
5, 959, 33565463, 33569407, 463, 4407
5, 96, 3360463, 3367995, 463, 7995
5, 960, 33600463, 33608613, 463, 8613
5, 961, 33635463, 33639618, 463, 4618
5, 962, 33670463, 33675285, 463, 5285
5, 963, 33705463, 33709239, 463, 4239
5, 964, 33740463, 33745285, 463, 5285
5, 965, 33775463, 33779732, 463, 4732
5, 966, 33810463, 33815382, 463, 5382
5, 967, 33845463, 33849418, 463, 4418
5, 968, 33880463, 33887053, 463, 7053
5, 969, 33915463, 33919833, 463, 4833
5, 97, 3395463, 3399239, 463, 4239
5, 970, 33950463, 33956268, 463, 6268
5, 971, 33985463, 33989239, 463, 4239
5, 972, 34020463, 34025382, 463, 5382
5, 973, 34055463, 34059239, 463, 4239
5, 974, 34090463, 34095285, 463, 5285
5, 975, 34125463, 34130098, 463, 5098
5, 976, 34160463, 34167915, 463, 7915
5, 977, 34195463, 34199239, 463, 4239
5, 978, 34230463, 34235382, 463, 5382
5, 979, 34265463, 34269239, 463, 4239
5, 98, 3430463, 3435285, 463, 5285
5, 980, 34300463, 34306871, 463, 6871
5, 981, 34335463, 34339239, 463, 4239
5, 982, 34370463, 34375285, 463, 5285
5, 983, 34405463, 34409418, 463, 4418
5, 984, 34440463, 34447053, 463, 7053
5, 985, 34475463, 34479732, 463, 4732
5, 986, 34510463, 34515285, 463, 5285
5, 987, 34545463, 34549239, 463, 4239
5, 988, 34580463, 34586617, 463, 6617
5, 989, 34615463, 34619239, 463, 4239
5, 99, 3465463, 3469239, 463, 4239
5, 990, 34650463, 34656366, 463, 6366
5, 991, 34685463, 34689407, 463, 4407
5, 992, 34720463, 34728613, 463, 8613
5, 993, 34755463, 34759239, 463, 4239
5, 994, 34790463, 34795285, 463, 5285
5, 995, 34825463, 34829732, 463, 4732
5, 996, 34860463, 34865382, 463, 5382
5, 997, 34895463, 34899239, 463, 4239
5, 998, 34930463, 34935285, 463, 5285
5, 999, 34965463, 34969870, 463, 4870
6, 0, 3254, 13231, 3254, 13231
6, 1, 43254, 47423, 3254, 7423
6, 10, 403254, 407423, 3254, 7423
6, 100, 4003254, 4007423, 3254, 7423
6, 1000, 40003254, 40009301, 3254, 9301
6, 1001, 40043254, 40050555, 3254, 10555
6, 1002, 40083254, 40087569, 3254, 7569
6, 1003, 40123254, 40127423, 3254, 7423
6, 1004, 40163254, 40167423, 3254, 7423
6, 1005, 40203254, 40207423, 3254, 7423
6, 1006, 40243254, 40247423, 3254, 7423
6, 1007, 40283254, 40287423, 3254, 7423
6, 1008, 40323254, 40332352, 3254, 12352
6, 1009, 40363254, 40367423, 3254, 7423
6, 101, 4043254, 4047423, 3254, 7423
6, 1010, 40403254, 40407423, 3254, 7423
6, 1011, 40443254, 40447423, 3254, 7423
6, 1012, 40483254, 40487423, 3254, 7423
6, 1013, 40523254, 40527423, 3254, 7423
6, 1014, 40563254, 40567423, 3254, 7423
6, 1015, 40603254, 40611525, 3254, 11525
6, 1016, 40643254, 40647423, 3254, 7423
6, 1017, 40683254, 40687423, 3254, 7423
6, 1018, 40723254, 40727423, 3254, 7423
6, 1019, 40763254, 40767423, 3254, 7423
6, 102, 4083254, 4087423, 3254, 7423
6, 1020, 40803254, 40807715, 3254, 7715
6, 1021, 40843254, 40847423, 3254, 7423
6, 1022, 40883254, 40891534, 3254, 11534
6, 1023, 40923254, 40927423, 3254, 7423
6, 1024, 40963254, 40967423, 3254, 7423
6, 1025, 41003254, 41007423, 3254, 7423
6, 1026, 41043254, 41047715, 3254, 7715
6, 1027, 41083254, 41087423, 3254, 7423
6, 1028, 41123254, 41127423, 3254, 7423
6, 1029, 41163254, 41170653, 3254, 10653
6, 103, 4123254, 4127423, 3254, 7423
6, 1030, 41203254, 41208968, 3254, 8968
6, 1031, 41243254, 41247423, 3254, 7423
6, 1032, 41283254, 41287423, 3254, 7423
6, 1033, 41323254, 41327423, 3254, 7423
6, 1034, 41363254, 41367423, 3254, 7423
6, 1035, 41403254, 41407423, 3254, 7423
6, 1036, 41443254, 41451631, 3254, 11631
6, 1037, 41483254, 41487423, 3254, 7423
6, 1038, 41523254, 41527715, 3254, 7715
6, 1039, 41563254, 41567423, 3254, 7423
6, 104, 4163254, 4167423, 3254, 7423
6, 1040, 41603254, 41607423, 3254, 7423
6, 1041, 41643254, 41647423, 3254, 7423
6, 1042, 41683254, 41687423, 3254, 7423
6, 1043, 41723254, 41731379, 3254, 11379
6, 1044, 41763254, 41767703, 3254, 7703
6, 1045, 41803254, 41807423, 3254, 7423
6, 1046, 41843254, 41847423, 3254, 7423
6, 1047, 41883254, 41887423, 3254, 7423
6, 1048, 41923254, 41927423, 3254, 7423
6, 1049, 41963254, 41967423, 3254, 7423
6, 105, 4203254, 4211525, 3254, 11525
6, 1050, 42003254, 42012352, 3254, 12352
6, 1051, 42043254, 42047423, 3254, 7423
6, 1052, 42083254, 42087423, 3254, 7423
6, 1053, 42123254, 42127423, 3254, 7423
6, 1054, 42163254, 42167423, 3254, 7423
6, 1055, 42203254, 42207423, 3254, 7423
6, 1056, 42243254, 42247423, 3254, 7423
6, 1057, 42283254, 42291123, 3254, 11123
6, 1058, 42323254, 42327423, 3254, 7423
6, 1059, 42363254, 42367423, 3254, 7423
6, 106, 4243254, 4247423, 3254, 7423
6, 1060, 42403254, 42407423, 3254, 7423
6, 1061, 42443254, 42447423, 3254, 7423
6, 1062, 42483254, 42487423, 3254, 7423
6, 1063, 42523254, 42527423, 3254, 7423
6, 1064, 42563254, 42572540, 3254, 12540
6, 1065, 42603254, 42607703, 3254, 7703
6, 1066, 42643254, 42647423, 3254, 7423
6, 1067, 42683254, 42687423, 3254, 7423
6, 1068, 42723254, 42727423, 3254, 7423
6, 1069, 42763254, 42767423, 3254, 7423
6, 107, 4283254, 4287423, 3254, 7423
6, 1070, 42803254, 42807423, 3254, 7423
6, 1071, 42843254, 42850653, 3254, 10653
6, 1072, 42883254, 42887423, 3254, 7423
6, 1073, 42923254, 42927423, 3254, 7423
6, 1074, 42963254, 42967423, 3254, 7423
6, 1075, 43003254, 43007423, 3254, 7423
6, 1076, 43043254, 43047423, 3254, 7423
6, 1077, 43083254, 43087423, 3254, 7423
6, 1078, 43123254, 43132352, 3254, 12352
6, 1079, 43163254, 43167423, 3254, 7423
6, 108, 4323254, 4327423, 3254, 7423
6, 1080, 43203254, 43207715, 3254, 7715
6, 1081, 43243254, 43247423, 3254, 7423
6, 1082, 43283254, 43287423, 3254, 7423
6, 1083, 43323254, 43327423, 3254, 7423
6, 1084, 43363254, 43367423, 3254, 7423
6, 1085, 43403254, 43411427, 3254, 11427
6, 1086, 43443254, 43447703, 3254, 7703
6, 1087, 43483254, 43487423, 3254, 7423
6, 1088, 43523254, 43527423, 3254, 7423
6, 1089, 43563254, 43567423, 3254, 7423
6, 109, 4363254, 4367423, 3254, 7423
6, 1090, 43603254, 43607423, 3254, 7423
6, 1091, 43643254, 43647423, 3254, 7423
6, 1092, 43683254, 43691631, 3254, 11631
6, 1093, 43723254, 43727423, 3254, 7423
6, 1094, 43763254, 43767423, 3254, 7423
6, 1095, 43803254, 43807715, 3254, 7715
6, 1096, 43843254, 43847423, 3254, 7423
6, 1097, 43883254, 43887423, 3254, 7423
6, 1098, 43923254, 43927423, 3254, 7423
6, 1099, 43963254, 43970653, 3254, 10653
6, 11, 443254, 447423, 3254, 7423
6, 110, 4403254, 4407423, 3254, 7423
6, 1100, 44003254, 44008968, 3254, 8968
6, 1101, 44043254, 44047423, 3254, 7423
6, 1102, 44083254, 44087423, 3254, 7423
6, 1103, 44123254, 44127423, 3254, 7423
6, 1104, 44163254, 44167423, 3254, 7423
6, 1105, 44203254, 44207423, 3254, 7423
6, 1106, 44243254, 44251534, 3254, 11534
6, 1107, 44283254, 44287423, 3254, 7423
6, 1108, 44323254, 44327423, 3254, 7423
6, 1109, 44363254, 44367423, 3254, 7423
6, 111, 4443254, 4447423, 3254, 7423
6, 1110, 44403254, 44407715, 3254, 7715
6, 1111, 44443254, 44447423, 3254, 7423
6, 1112, 44483254, 44487423, 3254, 7423
6, 1113, 44523254, 44531476, 3254, 11476
6, 1114, 44563254, 44568506, 3254, 8506
6, 1115, 44603254, 44607423, 3254, 7423
6, 1116, 44643254, 44647423, 3254, 7423
6, 1117, 44683254, 44687423, 3254, 7423
6, 1118, 44723254, 44727423, 3254, 7423
6, 1119, 44763254, 44767423, 3254, 7423
6, 112, 4483254, 4491631, 3254, 11631
6, 1120, 44803254, 44812352, 3254, 12352
6, 1121, 44843254, 44847423, 3254, 7423
6, 1122, 44883254, 44887423, 3254, 7423
6, 1123, 44923254, 44927423, 3254, 7423
6, 1124, 44963254, 44967423, 3254, 7423
6, 1125, 45003254, 45007423, 3254, 7423
6, 1126, 45043254, 45047423, 3254, 7423
6, 1127, 45083254, 45090555, 3254, 10555
6, 1128, 45123254, 45127703, 3254, 7703
6, 1129, 45163254, 45167423, 3254, 7423
6, 113, 4523254, 4527423, 3254, 7423
6, 1130, 45203254, 45207423, 3254, 7423
6, 1131, 45243254, 45247423, 3254, 7423
6, 1132, 45283254, 45287423, 3254, 7423
6, 1133, 45323254, 45327423, 3254, 7423
6, 1134, 45363254, 45371631, 3254, 11631
6, 1135, 45403254, 45407423, 3254, 7423
6, 1136, 45443254, 45447423, 3254, 7423
6, 1137, 45483254, 45487423, 3254, 7423
6, 1138, 45523254, 45527423, 3254, 7423
6, 1139, 45563254, 45567423, 3254, 7423
6, 114, 4563254, 4567715, 3254, 7715
6, 1140, 45603254, 45609753, 3254, 9753
6, 1141, 45643254, 45650653, 3254, 10653
6, 1142, 45683254, 45687423, 3254, 7423
6, 1143, 45723254, 45727423, 3254, 7423
6, 1144, 45763254, 45767423, 3254, 7423
6, 1145, 45803254, 45807423, 3254, 7423
6, 1146, 45843254, 45847423, 3254, 7423
6, 1147, 45883254, 45887423, 3254, 7423
6, 1148, 45923254, 45932279, 3254, 12279
6, 1149, 45963254, 45967423, 3254, 7423
6, 115, 4603254, 4607423, 3254, 7423
6, 1150, 46003254, 46007423, 3254, 7423
6, 1151, 46043254, 46047423, 3254, 7423
6, 1152, 46083254, 46087715, 3254, 7715
6, 1153, 46123254, 46127423, 3254, 7423
6, 1154, 46163254, 46167423, 3254, 7423
6, 1155, 46203254, 46211525, 3254, 11525
6, 1156, 46243254, 46247423, 3254, 7423
6, 1157, 46283254, 46287423, 3254, 7423
6, 1158, 46323254, 46327423, 3254, 7423
6, 1159, 46363254, 46367423, 3254, 7423
6, 116, 4643254, 4647423, 3254, 7423
6, 1160, 46403254, 46407423, 3254, 7423
6, 1161, 46443254, 46447423, 3254, 7423
6, 1162, 46483254, 46491631, 3254, 11631
6, 1163, 46523254, 46527423, 3254, 7423
6, 1164, 46563254, 46567423, 3254, 7423
6, 1165, 46603254, 46607423, 3254, 7423
6, 1166, 46643254, 46647423, 3254, 7423
6, 1167, 46683254, 46687423, 3254, 7423
6, 1168, 46723254, 46727423, 3254, 7423
6, 1169, 46763254, 46770555, 3254, 10555
6, 117, 4683254, 4687423, 3254, 7423
6, 1170, 46803254, 46809066, 3254, 9066
6, 1171, 46843254, 46847423, 3254, 7423
6, 1172, 46883254, 46887423, 3254, 7423
6, 1173, 46923254, 46927423, 3254, 7423
6, 1174, 46963254, 46967423, 3254, 7423
6, 1175, 47003254, 47007423, 3254, 7423
6, 1176, 47043254, 47051631, 3254, 11631
6, 1177, 47083254, 47087423, 3254, 7423
6, 1178, 47123254, 47127423, 3254, 7423
6, 1179, 47163254, 47167423, 3254, 7423
6, 118, 4723254, 4727423, 3254, 7423
6, 1180, 47203254, 47207423, 3254, 7423
6, 1181, 47243254, 47247423, 3254, 7423
6, 1182, 47283254, 47287423, 3254, 7423
6, 1183, 47323254, 47331476, 3254, 11476
6, 1184, 47363254, 47367423, 3254, 7423
6, 1185, 47403254, 47407423, 3254, 7423
6, 1186, 47443254, 47447423, 3254, 7423
6, 1187, 47483254, 47487423, 3254, 7423
6, 1188, 47523254, 47527423, 3254, 7423
6, 1189, 47563254, 47567423, 3254, 7423
6, 119, 4763254, 4770555, 3254, 10555
6, 1190, 47603254, 47612596, 3254, 12596
6, 1191, 47643254, 47647423, 3254, 7423
6, 1192, 47683254, 47687423, 3254, 7423
6, 1193, 47723254, 47727423, 3254, 7423
6, 1194, 47763254, 47767423, 3254, 7423
6, 1195, 47803254, 47807423, 3254, 7423
6, 1196, 47843254, 47847423, 3254, 7423
6, 1197, 47883254, 47891873, 3254, 11873
6, 1198, 47923254, 47927423, 3254, 7423
6, 1199, 47963254, 47967423, 3254, 7423
6, 12, 483254, 487715, 3254, 7715
6, 120, 4803254, 4809066, 3254, 9066
6, 1200, 48003254, 48007715, 3254, 7715
6, 1201, 48043254, 48047423, 3254, 7423
6, 1202, 48083254, 48087423, 3254, 7423
6, 1203, 48123254, 48127423, 3254, 7423
6, 1204, 48163254, 48171631, 3254, 11631
6, 1205, 48203254, 48207423, 3254, 7423
6, 1206, 48243254, 48247423, 3254, 7423
6, 1207, 48283254, 48287423, 3254, 7423
6, 1208, 48323254, 48327423, 3254, 7423
6, 1209, 48363254, 48367423, 3254, 7423
6, 121, 4843254, 4847423, 3254, 7423
6, 1210, 48403254, 48407423, 3254, 7423
6, 1211, 48443254, 48450555, 3254, 10555
6, 1212, 48483254, 48487569, 3254, 7569
6, 1213, 48523254, 48527423, 3254, 7423
6, 1214, 48563254, 48567423, 3254, 7423
6, 1215, 48603254, 48607423, 3254, 7423
6, 1216, 48643254, 48647423, 3254, 7423
6, 1217, 48683254, 48687423, 3254, 7423
6, 1218, 48723254, 48732352, 3254, 12352
6, 1219, 48763254, 48767423, 3254, 7423
6, 122, 4883254, 4887423, 3254, 7423
6, 1220, 48803254, 48807423, 3254, 7423
6, 1221, 48843254, 48847423, 3254, 7423
6, 1222, 48883254, 48887423, 3254, 7423
6, 1223, 48923254, 48927423, 3254, 7423
6, 1224, 48963254, 48967423, 3254, 7423
6, 1225, 49003254, 49011525, 3254, 11525
6, 1226, 49043254, 49047423, 3254, 7423
6, 1227, 49083254, 49087423, 3254, 7423
6, 1228, 49123254, 49127423, 3254, 7423
6, 1229, 49163254, 49167423, 3254, 7423
6, 123, 4923254, 4927423, 3254, 7423
6, 1230, 49203254, 49207715, 3254, 7715
6, 1231, 49243254, 49247423, 3254, 7423
6, 1232, 49283254, 49291534, 3254, 11534
6, 1233, 49323254, 49327423, 3254, 7423
6, 1234, 49363254, 49367423, 3254, 7423
6, 1235, 49403254, 49407423, 3254, 7423
6, 1236, 49443254, 49447423, 3254, 7423
6, 1237, 49483254, 49487423, 3254, 7423
6, 1238, 49523254, 49527423, 3254, 7423
6, 1239, 49563254, 49570653, 3254, 10653
6, 124, 4963254, 4967423, 3254, 7423
6, 1240, 49603254, 49609272, 3254, 9272
6, 1241, 49643254, 49647423, 3254, 7423
6, 1242, 49683254, 49687423, 3254, 7423
6, 1243, 49723254, 49727423, 3254, 7423
6, 1244, 49763254, 49767423, 3254, 7423
6, 1245, 49803254, 49807423, 3254, 7423
6, 1246, 49843254, 49851631, 3254, 11631
6, 1247, 49883254, 49887423, 3254, 7423
6, 1248, 49923254, 49927423, 3254, 7423
6, 1249, 49963254, 49967423, 3254, 7423
6, 125, 5003254, 5007423, 3254, 7423
6, 1250, 50003254, 50007423, 3254, 7423
6, 1251, 50043254, 50047423, 3254, 7423
6, 1252, 50083254, 50087423, 3254, 7423
6, 1253, 50123254, 50131379, 3254, 11379
6, 1254, 50163254, 50168652, 3254, 8652
6, 1255, 50203254, 50207423, 3254, 7423
6, 1256, 50243254, 50247423, 3254, 7423
6, 1257, 50283254, 50287423, 3254, 7423
6, 1258, 50323254, 50327423, 3254, 7423
6, 1259, 50363254, 50367423, 3254, 7423
6, 126, 5043254, 5052051, 3254, 12051
6, 1260, 50403254, 50412352, 3254, 12352
6, 1261, 50443254, 50447423, 3254, 7423
6, 1262, 50483254, 50487423, 3254, 7423
6, 1263, 50523254, 50527423, 3254, 7423
6, 1264, 50563254, 50567423, 3254, 7423
6, 1265, 50603254, 50607423, 3254, 7423
6, 1266, 50643254, 50647715, 3254, 7715
6, 1267, 50683254, 50690653, 3254, 10653
6, 1268, 50723254, 50727423, 3254, 7423
6, 1269, 50763254, 50767423, 3254, 7423
6, 127, 5083254, 5087423, 3254, 7423
6, 1270, 50803254, 50807423, 3254, 7423
6, 1271, 50843254, 50847423, 3254, 7423
6, 1272, 50883254, 50887423, 3254, 7423
6, 1273, 50923254, 50927423, 3254, 7423
6, 1274, 50963254, 50971534, 3254, 11534
6, 1275, 51003254, 51007703, 3254, 7703
6, 1276, 51043254, 51047423, 3254, 7423
6, 1277, 51083254, 51087423, 3254, 7423
6, 1278, 51123254, 51127423, 3254, 7423
6, 1279, 51163254, 51167423, 3254, 7423
6, 128, 5123254, 5127423, 3254, 7423
6, 1280, 51203254, 51207423, 3254, 7423
6, 1281, 51243254, 51250653, 3254, 10653
6, 1282, 51283254, 51287423, 3254, 7423
6, 1283, 51323254, 51327423, 3254, 7423
6, 1284, 51363254, 51367423, 3254, 7423
6, 1285, 51403254, 51407423, 3254, 7423
6, 1286, 51443254, 51447423, 3254, 7423
6, 1287, 51483254, 51487423, 3254, 7423
6, 1288, 51523254, 51532352, 3254, 12352
6, 1289, 51563254, 51567423, 3254, 7423
6, 129, 5163254, 5167423, 3254, 7423
6, 1290, 51603254, 51607715, 3254, 7715
6, 1291, 51643254, 51647423, 3254, 7423
6, 1292, 51683254, 51687423, 3254, 7423
6, 1293, 51723254, 51727423, 3254, 7423
6, 1294, 51763254, 51767423, 3254, 7423
6, 1295, 51803254, 51811427, 3254, 11427
6, 1296, 51843254, 51847703, 3254, 7703
6, 1297, 51883254, 51887423, 3254, 7423
6, 1298, 51923254, 51927423, 3254, 7423
6, 1299, 51963254, 51967423, 3254, 7423
6, 13, 523254, 527423, 3254, 7423
6, 130, 5203254, 5207423, 3254, 7423
6, 1300, 52003254, 52007423, 3254, 7423
6, 1301, 52043254, 52047423, 3254, 7423
6, 1302, 52083254, 52091631, 3254, 11631
6, 1303, 52123254, 52127423, 3254, 7423
6, 1304, 52163254, 52167423, 3254, 7423
6, 1305, 52203254, 52207423, 3254, 7423
6, 1306, 52243254, 52247423, 3254, 7423
6, 1307, 52283254, 52287423, 3254, 7423
6, 1308, 52323254, 52327423, 3254, 7423
6, 1309, 52363254, 52370653, 3254, 10653
6, 131, 5243254, 5247423, 3254, 7423
6, 1310, 52403254, 52408968, 3254, 8968
6, 1311, 52443254, 52447423, 3254, 7423
6, 1312, 52483254, 52487423, 3254, 7423
6, 1313, 52523254, 52527423, 3254, 7423
6, 1314, 52563254, 52567423, 3254, 7423
6, 1315, 52603254, 52607423, 3254, 7423
6, 1316, 52643254, 52651534, 3254, 11534
6, 1317, 52683254, 52687423, 3254, 7423
6, 1318, 52723254, 52727423, 3254, 7423
6, 1319, 52763254, 52767423, 3254, 7423
6, 132, 5283254, 5287423, 3254, 7423
6, 1320, 52803254, 52807715, 3254, 7715
6, 1321, 52843254, 52847423, 3254, 7423
6, 1322, 52883254, 52887423, 3254, 7423
6, 1323, 52923254, 52931947, 3254, 11947
6, 1324, 52963254, 52967423, 3254, 7423
6, 1325, 53003254, 53007423, 3254, 7423
6, 1326, 53043254, 53047423, 3254, 7423
6, 1327, 53083254, 53087423, 3254, 7423
6, 1328, 53123254, 53127423, 3254, 7423
6, 1329, 53163254, 53167423, 3254, 7423
6, 133, 5323254, 5332534, 3254, 12534
6, 1330, 53203254, 53215359, 3254, 15359
6, 1331, 53243254, 53247423, 3254, 7423
6, 1332, 53283254, 53287423, 3254, 7423
6, 1333, 53323254, 53327423, 3254, 7423
6, 1334, 53363254, 53367423, 3254, 7423
6, 1335, 53403254, 53407423, 3254, 7423
6, 1336, 53443254, 53447423, 3254, 7423
6, 1337, 53483254, 53490555, 3254, 10555
6, 1338, 53523254, 53527703, 3254, 7703
6, 1339, 53563254, 53567423, 3254, 7423
6, 134, 5363254, 5367423, 3254, 7423
6, 1340, 53603254, 53607423, 3254, 7423
6, 1341, 53643254, 53647423, 3254, 7423
6, 1342, 53683254, 53687423, 3254, 7423
6, 1343, 53723254, 53727423, 3254, 7423
6, 1344, 53763254, 53771631, 3254, 11631
6, 1345, 53803254, 53807423, 3254, 7423
6, 1346, 53843254, 53847423, 3254, 7423
6, 1347, 53883254, 53887423, 3254, 7423
6, 1348, 53923254, 53927423, 3254, 7423
6, 1349, 53963254, 53967423, 3254, 7423
6, 135, 5403254, 5407423, 3254, 7423
6, 1350, 54003254, 54007715, 3254, 7715
6, 1351, 54043254, 54050653, 3254, 10653
6, 1352, 54083254, 54087423, 3254, 7423
6, 1353, 54123254, 54127423, 3254, 7423
6, 1354, 54163254, 54167423, 3254, 7423
6, 1355, 54203254, 54207423, 3254, 7423
6, 1356, 54243254, 54247423, 3254, 7423
6, 1357, 54283254, 54287423, 3254, 7423
6, 1358, 54323254, 54332279, 3254, 12279
6, 1359, 54363254, 54367423, 3254, 7423
6, 136, 5443254, 5447423, 3254, 7423
6, 1360, 54403254, 54407423, 3254, 7423
6, 1361, 54443254, 54447423, 3254, 7423
6, 1362, 54483254, 54487423, 3254, 7423
6, 1363, 54523254, 54527423, 3254, 7423
6, 1364, 54563254, 54567423, 3254, 7423
6, 1365, 54603254, 54611525, 3254, 11525
6, 1366, 54643254, 54647423, 3254, 7423
6, 1367, 54683254, 54687423, 3254, 7423
6, 1368, 54723254, 54727715, 3254, 7715
6, 1369, 54763254, 54767423, 3254, 7423
6, 137, 5483254, 5487423, 3254, 7423
6, 1370, 54803254, 54807423, 3254, 7423
6, 1371, 54843254, 54847423, 3254, 7423
6, 1372, 54883254, 54891631, 3254, 11631
6, 1373, 54923254, 54927423, 3254, 7423
6, 1374, 54963254, 54967423, 3254, 7423
6, 1375, 55003254, 55007423, 3254, 7423
6, 1376, 55043254, 55047423, 3254, 7423
6, 1377, 55083254, 55087423, 3254, 7423
6, 1378, 55123254, 55127423, 3254, 7423
6, 1379, 55163254, 55170555, 3254, 10555
6, 138, 5523254, 5527423, 3254, 7423
6, 1380, 55203254, 55209488, 3254, 9488
6, 1381, 55243254, 55247423, 3254, 7423
6, 1382, 55283254, 55287423, 3254, 7423
6, 1383, 55323254, 55327423, 3254, 7423
6, 1384, 55363254, 55367423, 3254, 7423
6, 1385, 55403254, 55407423, 3254, 7423
6, 1386, 55443254, 55451631, 3254, 11631
6, 1387, 55483254, 55487423, 3254, 7423
6, 1388, 55523254, 55527423, 3254, 7423
6, 1389, 55563254, 55567423, 3254, 7423
6, 139, 5563254, 5567423, 3254, 7423
6, 1390, 55603254, 55607423, 3254, 7423
6, 1391, 55643254, 55647423, 3254, 7423
6, 1392, 55683254, 55687423, 3254, 7423
6, 1393, 55723254, 55731476, 3254, 11476
6, 1394, 55763254, 55767423, 3254, 7423
6, 1395, 55803254, 55807423, 3254, 7423
6, 1396, 55843254, 55847423, 3254, 7423
6, 1397, 55883254, 55887423, 3254, 7423
6, 1398, 55923254, 55927423, 3254, 7423
6, 1399, 55963254, 55967423, 3254, 7423
6, 14, 563254, 571534, 3254, 11534
6, 140, 5603254, 5612279, 3254, 12279
6, 1400, 56003254, 56012279, 3254, 12279
6, 1401, 56043254, 56047423, 3254, 7423
6, 1402, 56083254, 56087423, 3254, 7423
6, 1403, 56123254, 56127423, 3254, 7423
6, 1404, 56163254, 56167423, 3254, 7423
6, 1405, 56203254, 56207423, 3254, 7423
6, 1406, 56243254, 56247423, 3254, 7423
6, 1407, 56283254, 56290653, 3254, 10653
6, 1408, 56323254, 56327423, 3254, 7423
6, 1409, 56363254, 56367423, 3254, 7423
6, 141, 5643254, 5647423, 3254, 7423
6, 1410, 56403254, 56407715, 3254, 7715
6, 1411, 56443254, 56447423, 3254, 7423
6, 1412, 56483254, 56487423, 3254, 7423
6, 1413, 56523254, 56527423, 3254, 7423
6, 1414, 56563254, 56571631, 3254, 11631
6, 1415, 56603254, 56607423, 3254, 7423
6, 1416, 56643254, 56647423, 3254, 7423
6, 1417, 56683254, 56687423, 3254, 7423
6, 1418, 56723254, 56727423, 3254, 7423
6, 1419, 56763254, 56767423, 3254, 7423
6, 142, 5683254, 5687423, 3254, 7423
6, 1420, 56803254, 56807423, 3254, 7423
6, 1421, 56843254, 56850555, 3254, 10555
6, 1422, 56883254, 56887569, 3254, 7569
6, 1423, 56923254, 56927423, 3254, 7423
6, 1424, 56963254, 56967423, 3254, 7423
6, 1425, 57003254, 57007715, 3254, 7715
6, 1426, 57043254, 57047423, 3254, 7423
6, 1427, 57083254, 57087423, 3254, 7423
6, 1428, 57123254, 57132352, 3254, 12352
6, 1429, 57163254, 57167423, 3254, 7423
6, 143, 5723254, 5727423, 3254, 7423
6, 1430, 57203254, 57207423, 3254, 7423
6, 1431, 57243254, 57247423, 3254, 7423
6, 1432, 57283254, 57287423, 3254, 7423
6, 1433, 57323254, 57327423, 3254, 7423
6, 1434, 57363254, 57367423, 3254, 7423
6, 1435, 57403254, 57411525, 3254, 11525
6, 1436, 57443254, 57447423, 3254, 7423
6, 1437, 57483254, 57487423, 3254, 7423
6, 1438, 57523254, 57527423, 3254, 7423
6, 1439, 57563254, 57567423, 3254, 7423
6, 144, 5763254, 5767423, 3254, 7423
6, 1440, 57603254, 57607715, 3254, 7715
6, 1441, 57643254, 57647423, 3254, 7423
6, 1442, 57683254, 57691534, 3254, 11534
6, 1443, 57723254, 57727423, 3254, 7423
6, 1444, 57763254, 57767423, 3254, 7423
6, 1445, 57803254, 57807423, 3254, 7423
6, 1446, 57843254, 57847423, 3254, 7423
6, 1447, 57883254, 57887423, 3254, 7423
6, 1448, 57923254, 57927423, 3254, 7423
6, 1449, 57963254, 57970653, 3254, 10653
6, 145, 5803254, 5807423, 3254, 7423
6, 1450, 58003254, 58008968, 3254, 8968
6, 1451, 58043254, 58047423, 3254, 7423
6, 1452, 58083254, 58087423, 3254, 7423
6, 1453, 58123254, 58127423, 3254, 7423
6, 1454, 58163254, 58167423, 3254, 7423
6, 1455, 58203254, 58207423, 3254, 7423
6, 1456, 58243254, 58252051, 3254, 12051
6, 1457, 58283254, 58287423, 3254, 7423
6, 1458, 58323254, 58327423, 3254, 7423
6, 1459, 58363254, 58367423, 3254, 7423
6, 146, 5843254, 5847423, 3254, 7423
6, 1460, 58403254, 58407423, 3254, 7423
6, 1461, 58443254, 58447423, 3254, 7423
6, 1462, 58483254, 58487423, 3254, 7423
6, 1463, 58523254, 58532461, 3254, 12461
6, 1464, 58563254, 58567703, 3254, 7703
6, 1465, 58603254, 58607423, 3254, 7423
6, 1466, 58643254, 58647423, 3254, 7423
6, 1467, 58683254, 58687423, 3254, 7423
6, 1468, 58723254, 58727423, 3254, 7423
6, 1469, 58763254, 58767423, 3254, 7423
6, 147, 5883254, 5890653, 3254, 10653
6, 1470, 58803254, 58812352, 3254, 12352
6, 1471, 58843254, 58847423, 3254, 7423
6, 1472, 58883254, 58887423, 3254, 7423
6, 1473, 58923254, 58927423, 3254, 7423
6, 1474, 58963254, 58967423, 3254, 7423
6, 1475, 59003254, 59007423, 3254, 7423
6, 1476, 59043254, 59047423, 3254, 7423
6, 1477, 59083254, 59090653, 3254, 10653
6, 1478, 59123254, 59127423, 3254, 7423
6, 1479, 59163254, 59167423, 3254, 7423
6, 148, 5923254, 5927423, 3254, 7423
6, 1480, 59203254, 59207423, 3254, 7423
6, 1481, 59243254, 59247423, 3254, 7423
6, 1482, 59283254, 59287715, 3254, 7715
6, 1483, 59323254, 59327423, 3254, 7423
6, 1484, 59363254, 59371534, 3254, 11534
6, 1485, 59403254, 59407703, 3254, 7703
6, 1486, 59443254, 59447423, 3254, 7423
6, 1487, 59483254, 59487423, 3254, 7423
6, 1488, 59523254, 59527423, 3254, 7423
6, 1489, 59563254, 59567423, 3254, 7423
6, 149, 5963254, 5967423, 3254, 7423
6, 1490, 59603254, 59607423, 3254, 7423
6, 1491, 59643254, 59650653, 3254, 10653
6, 1492, 59683254, 59687423, 3254, 7423
6, 1493, 59723254, 59727423, 3254, 7423
6, 1494, 59763254, 59767715, 3254, 7715
6, 1495, 59803254, 59807423, 3254, 7423
6, 1496, 59843254, 59847423, 3254, 7423
6, 1497, 59883254, 59887423, 3254, 7423
6, 1498, 59923254, 59932352, 3254, 12352
6, 1499, 59963254, 59967423, 3254, 7423
6, 15, 603254, 607703, 3254, 7703
6, 150, 6003254, 6007715, 3254, 7715
6, 1500, 60003254, 60007715, 3254, 7715
6, 1501, 60043254, 60047423, 3254, 7423
6, 1502, 60083254, 60087423, 3254, 7423
6, 1503, 60123254, 60127423, 3254, 7423
6, 1504, 60163254, 60167423, 3254, 7423
6, 1505, 60203254, 60211427, 3254, 11427
6, 1506, 60243254, 60247715, 3254, 7715
6, 1507, 60283254, 60287423, 3254, 7423
6, 1508, 60323254, 60327423, 3254, 7423
6, 1509, 60363254, 60367423, 3254, 7423
6, 151, 6043254, 6047423, 3254, 7423
6, 1510, 60403254, 60407423, 3254, 7423
6, 1511, 60443254, 60447423, 3254, 7423
6, 1512, 60483254, 60491631, 3254, 11631
6, 1513, 60523254, 60527423, 3254, 7423
6, 1514, 60563254, 60567423, 3254, 7423
6, 1515, 60603254, 60607423, 3254, 7423
6, 1516, 60643254, 60647423, 3254, 7423
6, 1517, 60683254, 60687423, 3254, 7423
6, 1518, 60723254, 60727423, 3254, 7423
6, 1519, 60763254, 60770653, 3254, 10653
6, 152, 6083254, 6087423, 3254, 7423
6, 1520, 60803254, 60809741, 3254, 9741
6, 1521, 60843254, 60847423, 3254, 7423
6, 1522, 60883254, 60887423, 3254, 7423
6, 1523, 60923254, 60927423, 3254, 7423
6, 1524, 60963254, 60967423, 3254, 7423
6, 1525, 61003254, 61007423, 3254, 7423
6, 1526, 61043254, 61051534, 3254, 11534
6, 1527, 61083254, 61087423, 3254, 7423
6, 1528, 61123254, 61127423, 3254, 7423
6, 1529, 61163254, 61167423, 3254, 7423
6, 153, 6123254, 6127423, 3254, 7423
6, 1530, 61203254, 61207715, 3254, 7715
6, 1531, 61243254, 61247423, 3254, 7423
6, 1532, 61283254, 61287423, 3254, 7423
6, 1533, 61323254, 61331476, 3254, 11476
6, 1534, 61363254, 61367423, 3254, 7423
6, 1535, 61403254, 61407423, 3254, 7423
6, 1536, 61443254, 61447423, 3254, 7423
6, 1537, 61483254, 61487423, 3254, 7423
6, 1538, 61523254, 61527423, 3254, 7423
6, 1539, 61563254, 61567423, 3254, 7423
6, 154, 6163254, 6171631, 3254, 11631
6, 1540, 61603254, 61612352, 3254, 12352
6, 1541, 61643254, 61647423, 3254, 7423
6, 1542, 61683254, 61687423, 3254, 7423
6, 1543, 61723254, 61727423, 3254, 7423
6, 1544, 61763254, 61767423, 3254, 7423
6, 1545, 61803254, 61807423, 3254, 7423
6, 1546, 61843254, 61847423, 3254, 7423
6, 1547, 61883254, 61890555, 3254, 10555
6, 1548, 61923254, 61927703, 3254, 7703
6, 1549, 61963254, 61967423, 3254, 7423
6, 155, 6203254, 6207423, 3254, 7423
6, 1550, 62003254, 62007423, 3254, 7423
6, 1551, 62043254, 62047423, 3254, 7423
6, 1552, 62083254, 62087423, 3254, 7423
6, 1553, 62123254, 62127423, 3254, 7423
6, 1554, 62163254, 62171631, 3254, 11631
6, 1555, 62203254, 62207423, 3254, 7423
6, 1556, 62243254, 62247423, 3254, 7423
6, 1557, 62283254, 62287423, 3254, 7423
6, 1558, 62323254, 62327423, 3254, 7423
6, 1559, 62363254, 62367423, 3254, 7423
6, 156, 6243254, 6247423, 3254, 7423
6, 1560, 62403254, 62407715, 3254, 7715
6, 1561, 62443254, 62450653, 3254, 10653
6, 1562, 62483254, 62487423, 3254, 7423
6, 1563, 62523254, 62527423, 3254, 7423
6, 1564, 62563254, 62567423, 3254, 7423
6, 1565, 62603254, 62607423, 3254, 7423
6, 1566, 62643254, 62647423, 3254, 7423
6, 1567, 62683254, 62687423, 3254, 7423
6, 1568, 62723254, 62732279, 3254, 12279
6, 1569, 62763254, 62767423, 3254, 7423
6, 157, 6283254, 6287423, 3254, 7423
6, 1570, 62803254, 62809301, 3254, 9301
6, 1571, 62843254, 62847423, 3254, 7423
6, 1572, 62883254, 62887423, 3254, 7423
6, 1573, 62923254, 62927423, 3254, 7423
6, 1574, 62963254, 62967423, 3254, 7423
6, 1575, 63003254, 63011525, 3254, 11525
6, 1576, 63043254, 63047423, 3254, 7423
6, 1577, 63083254, 63087423, 3254, 7423
6, 1578, 63123254, 63127423, 3254, 7423
6, 1579, 63163254, 63167423, 3254, 7423
6, 158, 6323254, 6327423, 3254, 7423
6, 1580, 63203254, 63207423, 3254, 7423
6, 1581, 63243254, 63247423, 3254, 7423
6, 1582, 63283254, 63291631, 3254, 11631
6, 1583, 63323254, 63327423, 3254, 7423
6, 1584, 63363254, 63367423, 3254, 7423
6, 1585, 63403254, 63407423, 3254, 7423
6, 1586, 63443254, 63447423, 3254, 7423
6, 1587, 63483254, 63487423, 3254, 7423
6, 1588, 63523254, 63527423, 3254, 7423
6, 1589, 63563254, 63571026, 3254, 11026
6, 159, 6363254, 6367423, 3254, 7423
6, 1590, 63603254, 63609066, 3254, 9066
6, 1591, 63643254, 63647423, 3254, 7423
6, 1592, 63683254, 63687423, 3254, 7423
6, 1593, 63723254, 63727423, 3254, 7423
6, 1594, 63763254, 63767423, 3254, 7423
6, 1595, 63803254, 63807423, 3254, 7423
6, 1596, 63843254, 63852613, 3254, 12613
6, 1597, 63883254, 63887423, 3254, 7423
6, 1598, 63923254, 63927423, 3254, 7423
6, 1599, 63963254, 63967423, 3254, 7423
6, 16, 643254, 647423, 3254, 7423
6, 160, 6403254, 6407423, 3254, 7423
6, 1600, 64003254, 64007423, 3254, 7423
6, 1601, 64043254, 64047423, 3254, 7423
6, 1602, 64083254, 64087423, 3254, 7423
6, 1603, 64123254, 64131476, 3254, 11476
6, 1604, 64163254, 64167423, 3254, 7423
6, 1605, 64203254, 64207423, 3254, 7423
6, 1606, 64243254, 64247423, 3254, 7423
6, 1607, 64283254, 64287423, 3254, 7423
6, 1608, 64323254, 64327715, 3254, 7715
6, 1609, 64363254, 64367423, 3254, 7423
6, 161, 6443254, 6450555, 3254, 10555
6, 1610, 64403254, 64412279, 3254, 12279
6, 1611, 64443254, 64447423, 3254, 7423
6, 1612, 64483254, 64487423, 3254, 7423
6, 1613, 64523254, 64527423, 3254, 7423
6, 1614, 64563254, 64567423, 3254, 7423
6, 1615, 64603254, 64607423, 3254, 7423
6, 1616, 64643254, 64647423, 3254, 7423
6, 1617, 64683254, 64690653, 3254, 10653
6, 1618, 64723254, 64727423, 3254, 7423
6, 1619, 64763254, 64767423, 3254, 7423
6, 162, 6483254, 6487569, 3254, 7569
6, 1620, 64803254, 64807715, 3254, 7715
6, 1621, 64843254, 64847423, 3254, 7423
6, 1622, 64883254, 64887423, 3254, 7423
6, 1623, 64923254, 64927423, 3254, 7423
6, 1624, 64963254, 64971631, 3254, 11631
6, 1625, 65003254, 65007423, 3254, 7423
6, 1626, 65043254, 65047423, 3254, 7423
6, 1627, 65083254, 65087423, 3254, 7423
6, 1628, 65123254, 65127423, 3254, 7423
6, 1629, 65163254, 65167423, 3254, 7423
6, 163, 6523254, 6527423, 3254, 7423
6, 1630, 65203254, 65207423, 3254, 7423
6, 1631, 65243254, 65250555, 3254, 10555
6, 1632, 65283254, 65287569, 3254, 7569
6, 1633, 65323254, 65327423, 3254, 7423
6, 1634, 65363254, 65367423, 3254, 7423
6, 1635, 65403254, 65407423, 3254, 7423
6, 1636, 65443254, 65447423, 3254, 7423
6, 1637, 65483254, 65487423, 3254, 7423
6, 1638, 65523254, 65532352, 3254, 12352
6, 1639, 65563254, 65567423, 3254, 7423
6, 164, 6563254, 6567423, 3254, 7423
6, 1640, 65603254, 65607423, 3254, 7423
6, 1641, 65643254, 65647423, 3254, 7423
6, 1642, 65683254, 65687423, 3254, 7423
6, 1643, 65723254, 65727423, 3254, 7423
6, 1644, 65763254, 65767423, 3254, 7423
6, 1645, 65803254, 65811525, 3254, 11525
6, 1646, 65843254, 65848506, 3254, 8506
6, 1647, 65883254, 65887423, 3254, 7423
6, 1648, 65923254, 65927423, 3254, 7423
6, 1649, 65963254, 65967423, 3254, 7423
6, 165, 6603254, 6607423, 3254, 7423
6, 1650, 66003254, 66007715, 3254, 7715
6, 1651, 66043254, 66047423, 3254, 7423
6, 1652, 66083254, 66091534, 3254, 11534
6, 1653, 66123254, 66127703, 3254, 7703
6, 1654, 66163254, 66167423, 3254, 7423
6, 1655, 66203254, 66207423, 3254, 7423
6, 1656, 66243254, 66247423, 3254, 7423
6, 1657, 66283254, 66287423, 3254, 7423
6, 1658, 66323254, 66327423, 3254, 7423
6, 1659, 66363254, 66370653, 3254, 10653
6, 166, 6643254, 6647423, 3254, 7423
6, 1660, 66403254, 66408968, 3254, 8968
6, 1661, 66443254, 66447423, 3254, 7423
6, 1662, 66483254, 66487423, 3254, 7423
6, 1663, 66523254, 66527423, 3254, 7423
6, 1664, 66563254, 66567423, 3254, 7423
6, 1665, 66603254, 66607715, 3254, 7715
6, 1666, 66643254, 66651631, 3254, 11631
6, 1667, 66683254, 66687423, 3254, 7423
6, 1668, 66723254, 66727423, 3254, 7423
6, 1669, 66763254, 66767423, 3254, 7423
6, 167, 6683254, 6687423, 3254, 7423
6, 1670, 66803254, 66807423, 3254, 7423
6, 1671, 66843254, 66847423, 3254, 7423
6, 1672, 66883254, 66887423, 3254, 7423
6, 1673, 66923254, 66931379, 3254, 11379
6, 1674, 66963254, 66967703, 3254, 7703
6, 1675, 67003254, 67007423, 3254, 7423
6, 1676, 67043254, 67047423, 3254, 7423
6, 1677, 67083254, 67087423, 3254, 7423
6, 1678, 67123254, 67127423, 3254, 7423
6, 1679, 67163254, 67167423, 3254, 7423
6, 168, 6723254, 6732352, 3254, 12352
6, 1680, 67203254, 67212352, 3254, 12352
6, 1681, 67243254, 67247423, 3254, 7423
6, 1682, 67283254, 67287423, 3254, 7423
6, 1683, 67323254, 67327423, 3254, 7423
6, 1684, 67363254, 67367423, 3254, 7423
6, 1685, 67403254, 67407423, 3254, 7423
6, 1686, 67443254, 67447423, 3254, 7423
6, 1687, 67483254, 67490653, 3254, 10653
6, 1688, 67523254, 67527423, 3254, 7423
6, 1689, 67563254, 67567423, 3254, 7423
6, 169, 6763254, 6767423, 3254, 7423
6, 1690, 67603254, 67607423, 3254, 7423
6, 1691, 67643254, 67647423, 3254, 7423
6, 1692, 67683254, 67687423, 3254, 7423
6, 1693, 67723254, 67727423, 3254, 7423
6, 1694, 67763254, 67771534, 3254, 11534
6, 1695, 67803254, 67807703, 3254, 7703
6, 1696, 67843254, 67847423, 3254, 7423
6, 1697, 67883254, 67887423, 3254, 7423
6, 1698, 67923254, 67927423, 3254, 7423
6, 1699, 67963254, 67967423, 3254, 7423
6, 17, 683254, 687423, 3254, 7423
6, 170, 6803254, 6807423, 3254, 7423
6, 1700, 68003254, 68007423, 3254, 7423
6, 1701, 68043254, 68050653, 3254, 10653
6, 1702, 68083254, 68087423, 3254, 7423
6, 1703, 68123254, 68127423, 3254, 7423
6, 1704, 68163254, 68167423, 3254, 7423
6, 1705, 68203254, 68207423, 3254, 7423
6, 1706, 68243254, 68247423, 3254, 7423
6, 1707, 68283254, 68287423, 3254, 7423
6, 1708, 68323254, 68332352, 3254, 12352
6, 1709, 68363254, 68367423, 3254, 7423
6, 171, 6843254, 6847423, 3254, 7423
6, 1710, 68403254, 68409753, 3254, 9753
6, 1711, 68443254, 68447423, 3254, 7423
6, 1712, 68483254, 68487423, 3254, 7423
6, 1713, 68523254, 68527423, 3254, 7423
6, 1714, 68563254, 68567423, 3254, 7423
6, 1715, 68603254, 68611427, 3254, 11427
6, 1716, 68643254, 68647703, 3254, 7703
6, 1717, 68683254, 68687423, 3254, 7423
6, 1718, 68723254, 68727423, 3254, 7423
6, 1719, 68763254, 68767423, 3254, 7423
6, 172, 6883254, 6887423, 3254, 7423
6, 1720, 68803254, 68807423, 3254, 7423
6, 1721, 68843254, 68847423, 3254, 7423
6, 1722, 68883254, 68892051, 3254, 12051
6, 1723, 68923254, 68927423, 3254, 7423
6, 1724, 68963254, 68967423, 3254, 7423
6, 1725, 69003254, 69007423, 3254, 7423
6, 1726, 69043254, 69047423, 3254, 7423
6, 1727, 69083254, 69087423, 3254, 7423
6, 1728, 69123254, 69127423, 3254, 7423
6, 1729, 69163254, 69171873, 3254, 11873
6, 173, 6923254, 6927423, 3254, 7423
6, 1730, 69203254, 69208968, 3254, 8968
6, 1731, 69243254, 69247423, 3254, 7423
6, 1732, 69283254, 69287423, 3254, 7423
6, 1733, 69323254, 69327423, 3254, 7423
6, 1734, 69363254, 69367423, 3254, 7423
6, 1735, 69403254, 69407423, 3254, 7423
6, 1736, 69443254, 69451534, 3254, 11534
6, 1737, 69483254, 69487423, 3254, 7423
6, 1738, 69523254, 69527423, 3254, 7423
6, 1739, 69563254, 69567423, 3254, 7423
6, 174, 6963254, 6967423, 3254, 7423
6, 1740, 69603254, 69607715, 3254, 7715
6, 1741, 69643254, 69647423, 3254, 7423
6, 1742, 69683254, 69687423, 3254, 7423
6, 1743, 69723254, 69731476, 3254, 11476
6, 1744, 69763254, 69767423, 3254, 7423
6, 1745, 69803254, 69807423, 3254, 7423
6, 1746, 69843254, 69847423, 3254, 7423
6, 1747, 69883254, 69887423, 3254, 7423
6, 1748, 69923254, 69927423, 3254, 7423
6, 1749, 69963254, 69967423, 3254, 7423
6, 175, 7003254, 7011525, 3254, 11525
6, 1750, 70003254, 70012352, 3254, 12352
6, 1751, 70043254, 70047423, 3254, 7423
6, 1752, 70083254, 70087423, 3254, 7423
6, 1753, 70123254, 70127423, 3254, 7423
6, 1754, 70163254, 70167423, 3254, 7423
6, 1755, 70203254, 70207423, 3254, 7423
6, 1756, 70243254, 70247423, 3254, 7423
6, 1757, 70283254, 70290555, 3254, 10555
6, 1758, 70323254, 70327703, 3254, 7703
6, 1759, 70363254, 70367423, 3254, 7423
6, 176, 7043254, 7047423, 3254, 7423
6, 1760, 70403254, 70409301, 3254, 9301
6, 1761, 70443254, 70447423, 3254, 7423
6, 1762, 70483254, 70487423, 3254, 7423
6, 1763, 70523254, 70527423, 3254, 7423
6, 1764, 70563254, 70571631, 3254, 11631
6, 1765, 70603254, 70607423, 3254, 7423
6, 1766, 70643254, 70647423, 3254, 7423
6, 1767, 70683254, 70687423, 3254, 7423
6, 1768, 70723254, 70727423, 3254, 7423
6, 1769, 70763254, 70767423, 3254, 7423
6, 177, 7083254, 7087423, 3254, 7423
6, 1770, 70803254, 70807715, 3254, 7715
6, 1771, 70843254, 70850653, 3254, 10653
6, 1772, 70883254, 70887423, 3254, 7423
6, 1773, 70923254, 70927423, 3254, 7423
6, 1774, 70963254, 70967423, 3254, 7423
6, 1775, 71003254, 71007423, 3254, 7423
6, 1776, 71043254, 71047423, 3254, 7423
6, 1777, 71083254, 71087423, 3254, 7423
6, 1778, 71123254, 71132279, 3254, 12279
6, 1779, 71163254, 71167703, 3254, 7703
6, 178, 7123254, 7127423, 3254, 7423
6, 1780, 71203254, 71207423, 3254, 7423
6, 1781, 71243254, 71247423, 3254, 7423
6, 1782, 71283254, 71287423, 3254, 7423
6, 1783, 71323254, 71327423, 3254, 7423
6, 1784, 71363254, 71367423, 3254, 7423
6, 1785, 71403254, 71411525, 3254, 11525
6, 1786, 71443254, 71448506, 3254, 8506
6, 1787, 71483254, 71487423, 3254, 7423
6, 1788, 71523254, 71527423, 3254, 7423
6, 1789, 71563254, 71567423, 3254, 7423
6, 179, 7163254, 7167423, 3254, 7423
6, 1790, 71603254, 71607423, 3254, 7423
6, 1791, 71643254, 71647423, 3254, 7423
6, 1792, 71683254, 71691631, 3254, 11631
6, 1793, 71723254, 71727423, 3254, 7423
6, 1794, 71763254, 71767423, 3254, 7423
6, 1795, 71803254, 71807423, 3254, 7423
6, 1796, 71843254, 71847423, 3254, 7423
6, 1797, 71883254, 71887423, 3254, 7423
6, 1798, 71923254, 71927423, 3254, 7423
6, 1799, 71963254, 71970555, 3254, 10555
6, 18, 723254, 727423, 3254, 7423
6, 180, 7203254, 7207715, 3254, 7715
6, 1800, 72003254, 72009066, 3254, 9066
6, 1801, 72043254, 72047423, 3254, 7423
6, 1802, 72083254, 72087423, 3254, 7423
6, 1803, 72123254, 72127423, 3254, 7423
6, 1804, 72163254, 72167423, 3254, 7423
6, 1805, 72203254, 72207423, 3254, 7423
6, 1806, 72243254, 72251631, 3254, 11631
6, 1807, 72283254, 72287423, 3254, 7423
6, 1808, 72323254, 72327423, 3254, 7423
6, 1809, 72363254, 72367423, 3254, 7423
6, 181, 7243254, 7247423, 3254, 7423
6, 1810, 72403254, 72407423, 3254, 7423
6, 1811, 72443254, 72447423, 3254, 7423
6, 1812, 72483254, 72487423, 3254, 7423
6, 1813, 72523254, 72531476, 3254, 11476
6, 1814, 72563254, 72567423, 3254, 7423
6, 1815, 72603254, 72607423, 3254, 7423
6, 1816, 72643254, 72647423, 3254, 7423
6, 1817, 72683254, 72687423, 3254, 7423
6, 1818, 72723254, 72727423, 3254, 7423
6, 1819, 72763254, 72767423, 3254, 7423
6, 182, 7283254, 7291534, 3254, 11534
6, 1820, 72803254, 72812279, 3254, 12279
6, 1821, 72843254, 72847423, 3254, 7423
6, 1822, 72883254, 72887423, 3254, 7423
6, 1823, 72923254, 72927423, 3254, 7423
6, 1824, 72963254, 72967715, 3254, 7715
6, 1825, 73003254, 73007423, 3254, 7423
6, 1826, 73043254, 73047423, 3254, 7423
6, 1827, 73083254, 73090653, 3254, 10653
6, 1828, 73123254, 73127423, 3254, 7423
6, 1829, 73163254, 73167423, 3254, 7423
6, 183, 7323254, 7327703, 3254, 7703
6, 1830, 73203254, 73207715, 3254, 7715
6, 1831, 73243254, 73247423, 3254, 7423
6, 1832, 73283254, 73287423, 3254, 7423
6, 1833, 73323254, 73327423, 3254, 7423
6, 1834, 73363254, 73371631, 3254, 11631
6, 1835, 73403254, 73407423, 3254, 7423
6, 1836, 73443254, 73447715, 3254, 7715
6, 1837, 73483254, 73487423, 3254, 7423
6, 1838, 73523254, 73527423, 3254, 7423
6, 1839, 73563254, 73567423, 3254, 7423
6, 184, 7363254, 7367423, 3254, 7423
6, 1840, 73603254, 73607423, 3254, 7423
6, 1841, 73643254, 73650555, 3254, 10555
6, 1842, 73683254, 73687569, 3254, 7569
6, 1843, 73723254, 73727423, 3254, 7423
6, 1844, 73763254, 73767423, 3254, 7423
6, 1845, 73803254, 73807423, 3254, 7423
6, 1846, 73843254, 73847423, 3254, 7423
6, 1847, 73883254, 73887423, 3254, 7423
6, 1848, 73923254, 73932352, 3254, 12352
6, 1849, 73963254, 73967423, 3254, 7423
6, 185, 7403254, 7407423, 3254, 7423
6, 1850, 74003254, 74007423, 3254, 7423
6, 1851, 74043254, 74047423, 3254, 7423
6, 1852, 74083254, 74087423, 3254, 7423
6, 1853, 74123254, 74127423, 3254, 7423
6, 1854, 74163254, 74167423, 3254, 7423
6, 1855, 74203254, 74211947, 3254, 11947
6, 1856, 74243254, 74247423, 3254, 7423
6, 1857, 74283254, 74287423, 3254, 7423
6, 1858, 74323254, 74327423, 3254, 7423
6, 1859, 74363254, 74367423, 3254, 7423
6, 186, 7443254, 7447423, 3254, 7423
6, 1860, 74403254, 74407715, 3254, 7715
6, 1861, 74443254, 74447423, 3254, 7423
6, 1862, 74483254, 74492540, 3254, 12540
6, 1863, 74523254, 74527423, 3254, 7423
6, 1864, 74563254, 74567423, 3254, 7423
6, 1865, 74603254, 74607423, 3254, 7423
6, 1866, 74643254, 74647423, 3254, 7423
6, 1867, 74683254, 74687423, 3254, 7423
6, 1868, 74723254, 74727423, 3254, 7423
6, 1869, 74763254, 74770653, 3254, 10653
6, 187, 7483254, 7487423, 3254, 7423
6, 1870, 74803254, 74808968, 3254, 8968
6, 1871, 74843254, 74847423, 3254, 7423
6, 1872, 74883254, 74887423, 3254, 7423
6, 1873, 74923254, 74927423, 3254, 7423
6, 1874, 74963254, 74967423, 3254, 7423
6, 1875, 75003254, 75007423, 3254, 7423
6, 1876, 75043254, 75051631, 3254, 11631
6, 1877, 75083254, 75087423, 3254, 7423
6, 1878, 75123254, 75127423, 3254, 7423
6, 1879, 75163254, 75167423, 3254, 7423
6, 188, 7523254, 7527423, 3254, 7423
6, 1880, 75203254, 75207423, 3254, 7423
6, 1881, 75243254, 75247423, 3254, 7423
6, 1882, 75283254, 75287423, 3254, 7423
6, 1883, 75323254, 75331379, 3254, 11379
6, 1884, 75363254, 75367703, 3254, 7703
6, 1885, 75403254, 75407423, 3254, 7423
6, 1886, 75443254, 75447423, 3254, 7423
6, 1887, 75483254, 75487423, 3254, 7423
6, 1888, 75523254, 75527423, 3254, 7423
6, 1889, 75563254, 75567423, 3254, 7423
6, 189, 7563254, 7570653, 3254, 10653
6, 1890, 75603254, 75612352, 3254, 12352
6, 1891, 75643254, 75647423, 3254, 7423
6, 1892, 75683254, 75687423, 3254, 7423
6, 1893, 75723254, 75727423, 3254, 7423
6, 1894, 75763254, 75767423, 3254, 7423
6, 1895, 75803254, 75807423, 3254, 7423
6, 1896, 75843254, 75847423, 3254, 7423
6, 1897, 75883254, 75890653, 3254, 10653
6, 1898, 75923254, 75927423, 3254, 7423
6, 1899, 75963254, 75967423, 3254, 7423
6, 19, 763254, 767423, 3254, 7423
6, 190, 7603254, 7609741, 3254, 9741
6, 1900, 76003254, 76009607, 3254, 9607
6, 1901, 76043254, 76047423, 3254, 7423
6, 1902, 76083254, 76087423, 3254, 7423
6, 1903, 76123254, 76127423, 3254, 7423
6, 1904, 76163254, 76171534, 3254, 11534
6, 1905, 76203254, 76207715, 3254, 7715
6, 1906, 76243254, 76247423, 3254, 7423
6, 1907, 76283254, 76287423, 3254, 7423
6, 1908, 76323254, 76327423, 3254, 7423
6, 1909, 76363254, 76367423, 3254, 7423
6, 191, 7643254, 7647423, 3254, 7423
6, 1910, 76403254, 76407423, 3254, 7423
6, 1911, 76443254, 76450653, 3254, 10653
6, 1912, 76483254, 76489272, 3254, 9272
6, 1913, 76523254, 76527423, 3254, 7423
6, 1914, 76563254, 76567423, 3254, 7423
6, 1915, 76603254, 76607423, 3254, 7423
6, 1916, 76643254, 76647423, 3254, 7423
6, 1917, 76683254, 76687423, 3254, 7423
6, 1918, 76723254, 76732352, 3254, 12352
6, 1919, 76763254, 76767423, 3254, 7423
6, 192, 7683254, 7687423, 3254, 7423
6, 1920, 76803254, 76807715, 3254, 7715
6, 1921, 76843254, 76847423, 3254, 7423
6, 1922, 76883254, 76887423, 3254, 7423
6, 1923, 76923254, 76927423, 3254, 7423
6, 1924, 76963254, 76967423, 3254, 7423
6, 1925, 77003254, 77011427, 3254, 11427
6, 1926, 77043254, 77047703, 3254, 7703
6, 1927, 77083254, 77087423, 3254, 7423
6, 1928, 77123254, 77127423, 3254, 7423
6, 1929, 77163254, 77167423, 3254, 7423
6, 193, 7723254, 7727423, 3254, 7423
6, 1930, 77203254, 77207423, 3254, 7423
6, 1931, 77243254, 77247423, 3254, 7423
6, 1932, 77283254, 77291631, 3254, 11631
6, 1933, 77323254, 77327423, 3254, 7423
6, 1934, 77363254, 77367423, 3254, 7423
6, 1935, 77403254, 77407423, 3254, 7423
6, 1936, 77443254, 77447423, 3254, 7423
6, 1937, 77483254, 77487423, 3254, 7423
6, 1938, 77523254, 77527715, 3254, 7715
6, 1939, 77563254, 77570653, 3254, 10653
6, 194, 7763254, 7767423, 3254, 7423
6, 1940, 77603254, 77608968, 3254, 8968
6, 1941, 77643254, 77647423, 3254, 7423
6, 1942, 77683254, 77687423, 3254, 7423
6, 1943, 77723254, 77727423, 3254, 7423
6, 1944, 77763254, 77767423, 3254, 7423
6, 1945, 77803254, 77807423, 3254, 7423
6, 1946, 77843254, 77851534, 3254, 11534
6, 1947, 77883254, 77887423, 3254, 7423
6, 1948, 77923254, 77927423, 3254, 7423
6, 1949, 77963254, 77967423, 3254, 7423
6, 195, 7803254, 7807423, 3254, 7423
6, 1950, 78003254, 78009399, 3254, 9399
6, 1951, 78043254, 78047423, 3254, 7423
6, 1952, 78083254, 78087423, 3254, 7423
6, 1953, 78123254, 78131476, 3254, 11476
6, 1954, 78163254, 78167423, 3254, 7423
6, 1955, 78203254, 78207423, 3254, 7423
6, 1956, 78243254, 78247423, 3254, 7423
6, 1957, 78283254, 78287423, 3254, 7423
6, 1958, 78323254, 78327423, 3254, 7423
6, 1959, 78363254, 78367423, 3254, 7423
6, 196, 7843254, 7851631, 3254, 11631
6, 1960, 78403254, 78412352, 3254, 12352
6, 1961, 78443254, 78447423, 3254, 7423
6, 1962, 78483254, 78487423, 3254, 7423
6, 1963, 78523254, 78527423, 3254, 7423
6, 1964, 78563254, 78567423, 3254, 7423
6, 1965, 78603254, 78607423, 3254, 7423
6, 1966, 78643254, 78647423, 3254, 7423
6, 1967, 78683254, 78690555, 3254, 10555
6, 1968, 78723254, 78727703, 3254, 7703
6, 1969, 78763254, 78767423, 3254, 7423
6, 197, 7883254, 7887423, 3254, 7423
6, 1970, 78803254, 78807423, 3254, 7423
6, 1971, 78843254, 78847423, 3254, 7423
6, 1972, 78883254, 78887423, 3254, 7423
6, 1973, 78923254, 78927423, 3254, 7423
6, 1974, 78963254, 78971631, 3254, 11631
6, 1975, 79003254, 79007423, 3254, 7423
6, 1976, 79043254, 79047423, 3254, 7423
6, 1977, 79083254, 79087423, 3254, 7423
6, 1978, 79123254, 79127423, 3254, 7423
6, 1979, 79163254, 79167423, 3254, 7423
6, 198, 7923254, 7927423, 3254, 7423
6, 1980, 79203254, 79207715, 3254, 7715
6, 1981, 79243254, 79250653, 3254, 10653
6, 1982, 79283254, 79287423, 3254, 7423
6, 1983, 79323254, 79327423, 3254, 7423
6, 1984, 79363254, 79367423, 3254, 7423
6, 1985, 79403254, 79407423, 3254, 7423
6, 1986, 79443254, 79447423, 3254, 7423
6, 1987, 79483254, 79487423, 3254, 7423
6, 1988, 79523254, 79532596, 3254, 12596
6, 1989, 79563254, 79567423, 3254, 7423
6, 199, 7963254, 7967423, 3254, 7423
6, 1990, 79603254, 79607423, 3254, 7423
6, 1991, 79643254, 79647423, 3254, 7423
6, 1992, 79683254, 79687423, 3254, 7423
6, 1993, 79723254, 79727423, 3254, 7423
6, 1994, 79763254, 79767423, 3254, 7423
6, 1995, 79803254, 79812534, 3254, 12534
6, 1996, 79843254, 79847423, 3254, 7423
6, 1997, 79883254, 79887423, 3254, 7423
6, 1998, 79923254, 79927423, 3254, 7423
6, 1999, 79963254, 79967423, 3254, 7423
6, 2, 83254, 87423, 3254, 7423
6, 20, 803254, 807423, 3254, 7423
6, 200, 8003254, 8007423, 3254, 7423
6, 2000, 80003254, 80007423, 3254, 7423
6, 2001, 80043254, 80047423, 3254, 7423
6, 2002, 80083254, 80091631, 3254, 11631
6, 2003, 80123254, 80127423, 3254, 7423
6, 2004, 80163254, 80167423, 3254, 7423
6, 2005, 80203254, 80207423, 3254, 7423
6, 2006, 80243254, 80247423, 3254, 7423
6, 2007, 80283254, 80287423, 3254, 7423
6, 2008, 80323254, 80327423, 3254, 7423
6, 2009, 80363254, 80370555, 3254, 10555
6, 201, 8043254, 8047423, 3254, 7423
6, 2010, 80403254, 80409066, 3254, 9066
6, 2011, 80443254, 80447423, 3254, 7423
6, 2012, 80483254, 80487423, 3254, 7423
6, 2013, 80523254, 80527423, 3254, 7423
6, 2014, 80563254, 80567423, 3254, 7423
6, 2015, 80603254, 80607423, 3254, 7423
6, 2016, 80643254, 80651631, 3254, 11631
6, 2017, 80683254, 80687423, 3254, 7423
6, 2018, 80723254, 80727423, 3254, 7423
6, 2019, 80763254, 80767423, 3254, 7423
6, 202, 8083254, 8087423, 3254, 7423
6, 2020, 80803254, 80807423, 3254, 7423
6, 2021, 80843254, 80847423, 3254, 7423
6, 2022, 80883254, 80887423, 3254, 7423
6, 2023, 80923254, 80931476, 3254, 11476
6, 2024, 80963254, 80967423, 3254, 7423
6, 2025, 81003254, 81007423, 3254, 7423
6, 2026, 81043254, 81047423, 3254, 7423
6, 2027, 81083254, 81087423, 3254, 7423
6, 2028, 81123254, 81127423, 3254, 7423
6, 2029, 81163254, 81167423, 3254, 7423
6, 203, 8123254, 8131379, 3254, 11379
6, 2030, 81203254, 81212279, 3254, 12279
6, 2031, 81243254, 81247423, 3254, 7423
6, 2032, 81283254, 81287423, 3254, 7423
6, 2033, 81323254, 81327423, 3254, 7423
6, 2034, 81363254, 81367423, 3254, 7423
6, 2035, 81403254, 81407423, 3254, 7423
6, 2036, 81443254, 81447423, 3254, 7423
6, 2037, 81483254, 81490653, 3254, 10653
6, 2038, 81523254, 81527423, 3254, 7423
6, 2039, 81563254, 81567423, 3254, 7423
6, 204, 8163254, 8167703, 3254, 7703
6, 2040, 81603254, 81607715, 3254, 7715
6, 2041, 81643254, 81647423, 3254, 7423
6, 2042, 81683254, 81687423, 3254, 7423
6, 2043, 81723254, 81727423, 3254, 7423
6, 2044, 81763254, 81771631, 3254, 11631
6, 2045, 81803254, 81808899, 3254, 8899
6, 2046, 81843254, 81847423, 3254, 7423
6, 2047, 81883254, 81887423, 3254, 7423
6, 2048, 81923254, 81927423, 3254, 7423
6, 2049, 81963254, 81967423, 3254, 7423
6, 205, 8203254, 8207423, 3254, 7423
6, 2050, 82003254, 82007423, 3254, 7423
6, 2051, 82043254, 82050555, 3254, 10555
6, 2052, 82083254, 82087715, 3254, 7715
6, 2053, 82123254, 82127423, 3254, 7423
6, 2054, 82163254, 82167423, 3254, 7423
6, 2055, 82203254, 82207423, 3254, 7423
6, 2056, 82243254, 82247423, 3254, 7423
6, 2057, 82283254, 82287423, 3254, 7423
6, 2058, 82323254, 82332352, 3254, 12352
6, 2059, 82363254, 82367423, 3254, 7423
6, 206, 8243254, 8247423, 3254, 7423
6, 2060, 82403254, 82407423, 3254, 7423
6, 2061, 82443254, 82447423, 3254, 7423
6, 2062, 82483254, 82487423, 3254, 7423
6, 2063, 82523254, 82527423, 3254, 7423
6, 2064, 82563254, 82567715, 3254, 7715
6, 2065, 82603254, 82611525, 3254, 11525
6, 2066, 82643254, 82647423, 3254, 7423
6, 2067, 82683254, 82687423, 3254, 7423
6, 2068, 82723254, 82727423, 3254, 7423
6, 2069, 82763254, 82767423, 3254, 7423
6, 207, 8283254, 8287423, 3254, 7423
6, 2070, 82803254, 82807715, 3254, 7715
6, 2071, 82843254, 82847423, 3254, 7423
6, 2072, 82883254, 82891534, 3254, 11534
6, 2073, 82923254, 82927423, 3254, 7423
6, 2074, 82963254, 82967423, 3254, 7423
6, 2075, 83003254, 83007423, 3254, 7423
6, 2076, 83043254, 83047423, 3254, 7423
6, 2077, 83083254, 83087423, 3254, 7423
6, 2078, 83123254, 83127423, 3254, 7423
6, 2079, 83163254, 83170653, 3254, 10653
6, 208, 8323254, 8327423, 3254, 7423
6, 2080, 83203254, 83208968, 3254, 8968
6, 2081, 83243254, 83247423, 3254, 7423
6, 2082, 83283254, 83287423, 3254, 7423
6, 2083, 83323254, 83327423, 3254, 7423
6, 2084, 83363254, 83367423, 3254, 7423
6, 2085, 83403254, 83407423, 3254, 7423
6, 2086, 83443254, 83451631, 3254, 11631
6, 2087, 83483254, 83487423, 3254, 7423
6, 2088, 83523254, 83527423, 3254, 7423
6, 2089, 83563254, 83567423, 3254, 7423
6, 209, 8363254, 8367423, 3254, 7423
6, 2090, 83603254, 83609607, 3254, 9607
6, 2091, 83643254, 83647423, 3254, 7423
6, 2092, 83683254, 83687423, 3254, 7423
6, 2093, 83723254, 83731379, 3254, 11379
6, 2094, 83763254, 83767703, 3254, 7703
6, 2095, 83803254, 83807423, 3254, 7423
6, 2096, 83843254, 83847423, 3254, 7423
6, 2097, 83883254, 83887423, 3254, 7423
6, 2098, 83923254, 83927423, 3254, 7423
6, 2099, 83963254, 83967423, 3254, 7423
6, 21, 843254, 850653, 3254, 10653
6, 210, 8403254, 8412352, 3254, 12352
6, 2100, 84003254, 84012352, 3254, 12352
6, 2101, 84043254, 84047423, 3254, 7423
6, 2102, 84083254, 84087423, 3254, 7423
6, 2103, 84123254, 84127423, 3254, 7423
6, 2104, 84163254, 84167423, 3254, 7423
6, 2105, 84203254, 84207423, 3254, 7423
6, 2106, 84243254, 84247423, 3254, 7423
6, 2107, 84283254, 84290653, 3254, 10653
6, 2108, 84323254, 84327423, 3254, 7423
6, 2109, 84363254, 84367423, 3254, 7423
6, 211, 8443254, 8447423, 3254, 7423
6, 2110, 84403254, 84407423, 3254, 7423
6, 2111, 84443254, 84447423, 3254, 7423
6, 2112, 84483254, 84487423, 3254, 7423
6, 2113, 84523254, 84527423, 3254, 7423
6, 2114, 84563254, 84571534, 3254, 11534
6, 2115, 84603254, 84607703, 3254, 7703
6, 2116, 84643254, 84647423, 3254, 7423
6, 2117, 84683254, 84687423, 3254, 7423
6, 2118, 84723254, 84727423, 3254, 7423
6, 2119, 84763254, 84767423, 3254, 7423
6, 212, 8483254, 8487423, 3254, 7423
6, 2120, 84803254, 84807423, 3254, 7423
6, 2121, 84843254, 84851123, 3254, 11123
6, 2122, 84883254, 84887423, 3254, 7423
6, 2123, 84923254, 84927423, 3254, 7423
6, 2124, 84963254, 84967423, 3254, 7423
6, 2125, 85003254, 85007423, 3254, 7423
6, 2126, 85043254, 85047423, 3254, 7423
6, 2127, 85083254, 85087423, 3254, 7423
6, 2128, 85123254, 85135402, 3254, 15402
6, 2129, 85163254, 85167423, 3254, 7423
6, 213, 8523254, 8527423, 3254, 7423
6, 2130, 85203254, 85207715, 3254, 7715
6, 2131, 85243254, 85247423, 3254, 7423
6, 2132, 85283254, 85287423, 3254, 7423
6, 2133, 85323254, 85327423, 3254, 7423
6, 2134, 85363254, 85367423, 3254, 7423
6, 2135, 85403254, 85411427, 3254, 11427
6, 2136, 85443254, 85447703, 3254, 7703
6, 2137, 85483254, 85487423, 3254, 7423
6, 2138, 85523254, 85527423, 3254, 7423
6, 2139, 85563254, 85567423, 3254, 7423
6, 214, 8563254, 8567423, 3254, 7423
6, 2140, 85603254, 85609301, 3254, 9301
6, 2141, 85643254, 85647423, 3254, 7423
6, 2142, 85683254, 85691631, 3254, 11631
6, 2143, 85723254, 85727423, 3254, 7423
6, 2144, 85763254, 85767423, 3254, 7423
6, 2145, 85803254, 85807423, 3254, 7423
6, 2146, 85843254, 85847423, 3254, 7423
6, 2147, 85883254, 85887423, 3254, 7423
6, 2148, 85923254, 85927423, 3254, 7423
6, 2149, 85963254, 85970653, 3254, 10653
6, 215, 8603254, 8607423, 3254, 7423
6, 2150, 86003254, 86008968, 3254, 8968
6, 2151, 86043254, 86047423, 3254, 7423
6, 2152, 86083254, 86087423, 3254, 7423
6, 2153, 86123254, 86127423, 3254, 7423
6, 2154, 86163254, 86167423, 3254, 7423
6, 2155, 86203254, 86207423, 3254, 7423
6, 2156, 86243254, 86251534, 3254, 11534
6, 2157, 86283254, 86287423, 3254, 7423
6, 2158, 86323254, 86327423, 3254, 7423
6, 2159, 86363254, 86367423, 3254, 7423
6, 216, 8643254, 8647423, 3254, 7423
6, 2160, 86403254, 86407715, 3254, 7715
6, 2161, 86443254, 86447423, 3254, 7423
6, 2162, 86483254, 86487423, 3254, 7423
6, 2163, 86523254, 86531476, 3254, 11476
6, 2164, 86563254, 86567423, 3254, 7423
6, 2165, 86603254, 86607423, 3254, 7423
6, 2166, 86643254, 86647715, 3254, 7715
6, 2167, 86683254, 86687423, 3254, 7423
6, 2168, 86723254, 86727423, 3254, 7423
6, 2169, 86763254, 86767423, 3254, 7423
6, 217, 8683254, 8690653, 3254, 10653
6, 2170, 86803254, 86812352, 3254, 12352
6, 2171, 86843254, 86847423, 3254, 7423
6, 2172, 86883254, 86887423, 3254, 7423
6, 2173, 86923254, 86927423, 3254, 7423
6, 2174, 86963254, 86967423, 3254, 7423
6, 2175, 87003254, 87007423, 3254, 7423
6, 2176, 87043254, 87047423, 3254, 7423
6, 2177, 87083254, 87090555, 3254, 10555
6, 2178, 87123254, 87128652, 3254, 8652
6, 2179, 87163254, 87167423, 3254, 7423
6, 218, 8723254, 8727423, 3254, 7423
6, 2180, 87203254, 87207423, 3254, 7423
6, 2181, 87243254, 87247423, 3254, 7423
6, 2182, 87283254, 87287423, 3254, 7423
6, 2183, 87323254, 87327423, 3254, 7423
6, 2184, 87363254, 87371631, 3254, 11631
6, 2185, 87403254, 87408968, 3254, 8968
6, 2186, 87443254, 87447423, 3254, 7423
6, 2187, 87483254, 87487423, 3254, 7423
6, 2188, 87523254, 87527423, 3254, 7423
6, 2189, 87563254, 87567423, 3254, 7423
6, 219, 8763254, 8767423, 3254, 7423
6, 2190, 87603254, 87607715, 3254, 7715
6, 2191, 87643254, 87650653, 3254, 10653
6, 2192, 87683254, 87687423, 3254, 7423
6, 2193, 87723254, 87727423, 3254, 7423
6, 2194, 87763254, 87767423, 3254, 7423
6, 2195, 87803254, 87807423, 3254, 7423
6, 2196, 87843254, 87847423, 3254, 7423
6, 2197, 87883254, 87887423, 3254, 7423
6, 2198, 87923254, 87932279, 3254, 12279
6, 2199, 87963254, 87967423, 3254, 7423
6, 22, 883254, 887423, 3254, 7423
6, 220, 8803254, 8807423, 3254, 7423
6, 2200, 88003254, 88007423, 3254, 7423
6, 2201, 88043254, 88047423, 3254, 7423
6, 2202, 88083254, 88087423, 3254, 7423
6, 2203, 88123254, 88127423, 3254, 7423
6, 2204, 88163254, 88167423, 3254, 7423
6, 2205, 88203254, 88211525, 3254, 11525
6, 2206, 88243254, 88247423, 3254, 7423
6, 2207, 88283254, 88287423, 3254, 7423
6, 2208, 88323254, 88327423, 3254, 7423
6, 2209, 88363254, 88367423, 3254, 7423
6, 221, 8843254, 8847423, 3254, 7423
6, 2210, 88403254, 88407423, 3254, 7423
6, 2211, 88443254, 88447423, 3254, 7423
6, 2212, 88483254, 88491631, 3254, 11631
6, 2213, 88523254, 88527423, 3254, 7423
6, 2214, 88563254, 88567423, 3254, 7423
6, 2215, 88603254, 88607423, 3254, 7423
6, 2216, 88643254, 88647423, 3254, 7423
6, 2217, 88683254, 88687423, 3254, 7423
6, 2218, 88723254, 88727423, 3254, 7423
6, 2219, 88763254, 88770555, 3254, 10555
6, 222, 8883254, 8887423, 3254, 7423
6, 2220, 88803254, 88809066, 3254, 9066
6, 2221, 88843254, 88847423, 3254, 7423
6, 2222, 88883254, 88887423, 3254, 7423
6, 2223, 88923254, 88927423, 3254, 7423
6, 2224, 88963254, 88967423, 3254, 7423
6, 2225, 89003254, 89007423, 3254, 7423
6, 2226, 89043254, 89051631, 3254, 11631
6, 2227, 89083254, 89087423, 3254, 7423
6, 2228, 89123254, 89127423, 3254, 7423
6, 2229, 89163254, 89167423, 3254, 7423
6, 223, 8923254, 8927423, 3254, 7423
6, 2230, 89203254, 89207423, 3254, 7423
6, 2231, 89243254, 89247423, 3254, 7423
6, 2232, 89283254, 89287423, 3254, 7423
6, 2233, 89323254, 89331476, 3254, 11476
6, 2234, 89363254, 89367423, 3254, 7423
6, 2235, 89403254, 89407715, 3254, 7715
6, 2236, 89443254, 89447423, 3254, 7423
6, 2237, 89483254, 89487423, 3254, 7423
6, 2238, 89523254, 89527423, 3254, 7423
6, 2239, 89563254, 89567423, 3254, 7423
6, 224, 8963254, 8971534, 3254, 11534
6, 2240, 89603254, 89612279, 3254, 12279
6, 2241, 89643254, 89647423, 3254, 7423
6, 2242, 89683254, 89687423, 3254, 7423
6, 2243, 89723254, 89727423, 3254, 7423
6, 2244, 89763254, 89767423, 3254, 7423
6, 2245, 89803254, 89807423, 3254, 7423
6, 2246, 89843254, 89847423, 3254, 7423
6, 2247, 89883254, 89890653, 3254, 10653
6, 2248, 89923254, 89927423, 3254, 7423
6, 2249, 89963254, 89967423, 3254, 7423
6, 225, 9003254, 9007703, 3254, 7703
6, 2250, 90003254, 90007715, 3254, 7715
6, 2251, 90043254, 90047423, 3254, 7423
6, 2252, 90083254, 90087423, 3254, 7423
6, 2253, 90123254, 90127423, 3254, 7423
6, 2254, 90163254, 90172051, 3254, 12051
6, 2255, 90203254, 90207423, 3254, 7423
6, 2256, 90243254, 90247423, 3254, 7423
6, 2257, 90283254, 90287423, 3254, 7423
6, 2258, 90323254, 90327423, 3254, 7423
6, 2259, 90363254, 90367423, 3254, 7423
6, 226, 9043254, 9047423, 3254, 7423
6, 2260, 90403254, 90407423, 3254, 7423
6, 2261, 90443254, 90451776, 3254, 11776
6, 2262, 90483254, 90487569, 3254, 7569
6, 2263, 90523254, 90527423, 3254, 7423
6, 2264, 90563254, 90567423, 3254, 7423
6, 2265, 90603254, 90607423, 3254, 7423
6, 2266, 90643254, 90647423, 3254, 7423
6, 2267, 90683254, 90687423, 3254, 7423
6, 2268, 90723254, 90732352, 3254, 12352
6, 2269, 90763254, 90767423, 3254, 7423
6, 227, 9083254, 9087423, 3254, 7423
6, 2270, 90803254, 90807423, 3254, 7423
6, 2271, 90843254, 90847423, 3254, 7423
6, 2272, 90883254, 90887423, 3254, 7423
6, 2273, 90923254, 90927423, 3254, 7423
6, 2274, 90963254, 90967423, 3254, 7423
6, 2275, 91003254, 91011525, 3254, 11525
6, 2276, 91043254, 91047423, 3254, 7423
6, 2277, 91083254, 91087423, 3254, 7423
6, 2278, 91123254, 91127423, 3254, 7423
6, 2279, 91163254, 91167423, 3254, 7423
6, 228, 9123254, 9127715, 3254, 7715
6, 2280, 91203254, 91209753, 3254, 9753
6, 2281, 91243254, 91247423, 3254, 7423
6, 2282, 91283254, 91291534, 3254, 11534
6, 2283, 91323254, 91327423, 3254, 7423
6, 2284, 91363254, 91367423, 3254, 7423
6, 2285, 91403254, 91407423, 3254, 7423
6, 2286, 91443254, 91447423, 3254, 7423
6, 2287, 91483254, 91487423, 3254, 7423
6, 2288, 91523254, 91527423, 3254, 7423
6, 2289, 91563254, 91570653, 3254, 10653
6, 229, 9163254, 9167423, 3254, 7423
6, 2290, 91603254, 91608968, 3254, 8968
6, 2291, 91643254, 91647423, 3254, 7423
6, 2292, 91683254, 91687715, 3254, 7715
6, 2293, 91723254, 91727423, 3254, 7423
6, 2294, 91763254, 91767423, 3254, 7423
6, 2295, 91803254, 91807423, 3254, 7423
6, 2296, 91843254, 91851631, 3254, 11631
6, 2297, 91883254, 91887423, 3254, 7423
6, 2298, 91923254, 91927423, 3254, 7423
6, 2299, 91963254, 91967423, 3254, 7423
6, 23, 923254, 927423, 3254, 7423
6, 230, 9203254, 9207423, 3254, 7423
6, 2300, 92003254, 92007423, 3254, 7423
6, 2301, 92043254, 92047423, 3254, 7423
6, 2302, 92083254, 92087423, 3254, 7423
6, 2303, 92123254, 92131379, 3254, 11379
6, 2304, 92163254, 92167715, 3254, 7715
6, 2305, 92203254, 92207423, 3254, 7423
6, 2306, 92243254, 92247423, 3254, 7423
6, 2307, 92283254, 92287423, 3254, 7423
6, 2308, 92323254, 92327423, 3254, 7423
6, 2309, 92363254, 92367423, 3254, 7423
6, 231, 9243254, 9250653, 3254, 10653
6, 2310, 92403254, 92412352, 3254, 12352
6, 2311, 92443254, 92447423, 3254, 7423
6, 2312, 92483254, 92487423, 3254, 7423
6, 2313, 92523254, 92527423, 3254, 7423
6, 2314, 92563254, 92567423, 3254, 7423
6, 2315, 92603254, 92607423, 3254, 7423
6, 2316, 92643254, 92647423, 3254, 7423
6, 2317, 92683254, 92690653, 3254, 10653
6, 2318, 92723254, 92728506, 3254, 8506
6, 2319, 92763254, 92767423, 3254, 7423
6, 232, 9283254, 9287423, 3254, 7423
6, 2320, 92803254, 92807423, 3254, 7423
6, 2321, 92843254, 92847423, 3254, 7423
6, 2322, 92883254, 92887423, 3254, 7423
6, 2323, 92923254, 92927423, 3254, 7423
6, 2324, 92963254, 92971534, 3254, 11534
6, 2325, 93003254, 93007703, 3254, 7703
6, 2326, 93043254, 93047423, 3254, 7423
6, 2327, 93083254, 93087423, 3254, 7423
6, 2328, 93123254, 93127423, 3254, 7423
6, 2329, 93163254, 93167423, 3254, 7423
6, 233, 9323254, 9327423, 3254, 7423
6, 2330, 93203254, 93209301, 3254, 9301
6, 2331, 93243254, 93250653, 3254, 10653
6, 2332, 93283254, 93287423, 3254, 7423
6, 2333, 93323254, 93327423, 3254, 7423
6, 2334, 93363254, 93367423, 3254, 7423
6, 2335, 93403254, 93407423, 3254, 7423
6, 2336, 93443254, 93447423, 3254, 7423
6, 2337, 93483254, 93487423, 3254, 7423
6, 2338, 93523254, 93532352, 3254, 12352
6, 2339, 93563254, 93567423, 3254, 7423
6, 234, 9363254, 9367423, 3254, 7423
6, 2340, 93603254, 93607715, 3254, 7715
6, 2341, 93643254, 93647423, 3254, 7423
6, 2342, 93683254, 93687423, 3254, 7423
6, 2343, 93723254, 93727423, 3254, 7423
6, 2344, 93763254, 93767423, 3254, 7423
6, 2345, 93803254, 93811427, 3254, 11427
6, 2346, 93843254, 93847703, 3254, 7703
6, 2347, 93883254, 93887423, 3254, 7423
6, 2348, 93923254, 93927423, 3254, 7423
6, 2349, 93963254, 93967423, 3254, 7423
6, 235, 9403254, 9407423, 3254, 7423
6, 2350, 94003254, 94007423, 3254, 7423
6, 2351, 94043254, 94047423, 3254, 7423
6, 2352, 94083254, 94091631, 3254, 11631
6, 2353, 94123254, 94127423, 3254, 7423
6, 2354, 94163254, 94167423, 3254, 7423
6, 2355, 94203254, 94207423, 3254, 7423
6, 2356, 94243254, 94247423, 3254, 7423
6, 2357, 94283254, 94287423, 3254, 7423
6, 2358, 94323254, 94327423, 3254, 7423
6, 2359, 94363254, 94370653, 3254, 10653
6, 236, 9443254, 9447423, 3254, 7423
6, 2360, 94403254, 94408968, 3254, 8968
6, 2361, 94443254, 94447423, 3254, 7423
6, 2362, 94483254, 94487423, 3254, 7423
6, 2363, 94523254, 94527423, 3254, 7423
6, 2364, 94563254, 94567423, 3254, 7423
6, 2365, 94603254, 94607423, 3254, 7423
6, 2366, 94643254, 94651534, 3254, 11534
6, 2367, 94683254, 94687423, 3254, 7423
6, 2368, 94723254, 94727423, 3254, 7423
6, 2369, 94763254, 94767423, 3254, 7423
6, 237, 9483254, 9487423, 3254, 7423
6, 2370, 94803254, 94807715, 3254, 7715
6, 2371, 94843254, 94847423, 3254, 7423
6, 2372, 94883254, 94887423, 3254, 7423
6, 2373, 94923254, 94931476, 3254, 11476
6, 2374, 94963254, 94967423, 3254, 7423
6, 2375, 95003254, 95007423, 3254, 7423
6, 2376, 95043254, 95047423, 3254, 7423
6, 2377, 95083254, 95087423, 3254, 7423
6, 2378, 95123254, 95127423, 3254, 7423
6, 2379, 95163254, 95167423, 3254, 7423
6, 238, 9523254, 9532352, 3254, 12352
6, 2380, 95203254, 95212352, 3254, 12352
6, 2381, 95243254, 95247423, 3254, 7423
6, 2382, 95283254, 95287423, 3254, 7423
6, 2383, 95323254, 95327423, 3254, 7423
6, 2384, 95363254, 95367423, 3254, 7423
6, 2385, 95403254, 95407423, 3254, 7423
6, 2386, 95443254, 95447423, 3254, 7423
6, 2387, 95483254, 95491026, 3254, 11026
6, 2388, 95523254, 95527703, 3254, 7703
6, 2389, 95563254, 95567423, 3254, 7423
6, 239, 9563254, 9567423, 3254, 7423
6, 2390, 95603254, 95607423, 3254, 7423
6, 2391, 95643254, 95647423, 3254, 7423
6, 2392, 95683254, 95687423, 3254, 7423
6, 2393, 95723254, 95727423, 3254, 7423
6, 2394, 95763254, 95772613, 3254, 12613
6, 2395, 95803254, 95807423, 3254, 7423
6, 2396, 95843254, 95847423, 3254, 7423
6, 2397, 95883254, 95887423, 3254, 7423
6, 2398, 95923254, 95927423, 3254, 7423
6, 2399, 95963254, 95967423, 3254, 7423
6, 24, 963254, 967423, 3254, 7423
6, 240, 9603254, 9609399, 3254, 9399
6, 2400, 96003254, 96007715, 3254, 7715
6, 2401, 96043254, 96050653, 3254, 10653
6, 2402, 96083254, 96087423, 3254, 7423
6, 2403, 96123254, 96127423, 3254, 7423
6, 2404, 96163254, 96167423, 3254, 7423
6, 2405, 96203254, 96207423, 3254, 7423
6, 2406, 96243254, 96247715, 3254, 7715
6, 2407, 96283254, 96287423, 3254, 7423
6, 2408, 96323254, 96332279, 3254, 12279
6, 2409, 96363254, 96367423, 3254, 7423
6, 241, 9643254, 9647423, 3254, 7423
6, 2410, 96403254, 96407423, 3254, 7423
6, 2411, 96443254, 96447423, 3254, 7423
6, 2412, 96483254, 96487423, 3254, 7423
6, 2413, 96523254, 96527423, 3254, 7423
6, 2414, 96563254, 96567423, 3254, 7423
6, 2415, 96603254, 96611525, 3254, 11525
6, 2416, 96643254, 96647423, 3254, 7423
6, 2417, 96683254, 96687423, 3254, 7423
6, 2418, 96723254, 96727423, 3254, 7423
6, 2419, 96763254, 96767423, 3254, 7423
6, 242, 9683254, 9687423, 3254, 7423
6, 2420, 96803254, 96807423, 3254, 7423
6, 2421, 96843254, 96847423, 3254, 7423
6, 2422, 96883254, 96891631, 3254, 11631
6, 2423, 96923254, 96927423, 3254, 7423
6, 2424, 96963254, 96967423, 3254, 7423
6, 2425, 97003254, 97007423, 3254, 7423
6, 2426, 97043254, 97047423, 3254, 7423
6, 2427, 97083254, 97087423, 3254, 7423
6, 2428, 97123254, 97127423, 3254, 7423
6, 2429, 97163254, 97170555, 3254, 10555
6, 243, 9723254, 9727423, 3254, 7423
6, 2430, 97203254, 97209066, 3254, 9066
6, 2431, 97243254, 97247423, 3254, 7423
6, 2432, 97283254, 97287423, 3254, 7423
6, 2433, 97323254, 97327423, 3254, 7423
6, 2434, 97363254, 97367423, 3254, 7423
6, 2435, 97403254, 97407423, 3254, 7423
6, 2436, 97443254, 97451631, 3254, 11631
6, 2437, 97483254, 97487423, 3254, 7423
6, 2438, 97523254, 97527423, 3254, 7423
6, 2439, 97563254, 97567423, 3254, 7423
6, 244, 9763254, 9767423, 3254, 7423
6, 2440, 97603254, 97607423, 3254, 7423
6, 2441, 97643254, 97647423, 3254, 7423
6, 2442, 97683254, 97687423, 3254, 7423
6, 2443, 97723254, 97731476, 3254, 11476
6, 2444, 97763254, 97768506, 3254, 8506
6, 2445, 97803254, 97807423, 3254, 7423
6, 2446, 97843254, 97847423, 3254, 7423
6, 2447, 97883254, 97887423, 3254, 7423
6, 2448, 97923254, 97927423, 3254, 7423
6, 2449, 97963254, 97967423, 3254, 7423
6, 245, 9803254, 9811427, 3254, 11427
6, 2450, 98003254, 98012279, 3254, 12279
6, 2451, 98043254, 98047703, 3254, 7703
6, 2452, 98083254, 98087423, 3254, 7423
6, 2453, 98123254, 98127423, 3254, 7423
6, 2454, 98163254, 98167423, 3254, 7423
6, 2455, 98203254, 98207423, 3254, 7423
6, 2456, 98243254, 98247423, 3254, 7423
6, 2457, 98283254, 98290653, 3254, 10653
6, 2458, 98323254, 98327423, 3254, 7423
6, 2459, 98363254, 98367423, 3254, 7423
6, 246, 9843254, 9847703, 3254, 7703
6, 2460, 98403254, 98407715, 3254, 7715
6, 2461, 98443254, 98447423, 3254, 7423
6, 2462, 98483254, 98487423, 3254, 7423
6, 2463, 98523254, 98527423, 3254, 7423
6, 2464, 98563254, 98571631, 3254, 11631
6, 2465, 98603254, 98607423, 3254, 7423
6, 2466, 98643254, 98647423, 3254, 7423
6, 2467, 98683254, 98687423, 3254, 7423
6, 2468, 98723254, 98727423, 3254, 7423
6, 2469, 98763254, 98767423, 3254, 7423
6, 247, 9883254, 9887423, 3254, 7423
6, 2470, 98803254, 98809607, 3254, 9607
6, 2471, 98843254, 98850555, 3254, 10555
6, 2472, 98883254, 98887569, 3254, 7569
6, 2473, 98923254, 98927423, 3254, 7423
6, 2474, 98963254, 98967423, 3254, 7423
6, 2475, 99003254, 99007423, 3254, 7423
6, 2476, 99043254, 99047423, 3254, 7423
6, 2477, 99083254, 99087423, 3254, 7423
6, 2478, 99123254, 99132352, 3254, 12352
6, 2479, 99163254, 99167423, 3254, 7423
6, 248, 9923254, 9927423, 3254, 7423
6, 2480, 99203254, 99207423, 3254, 7423
6, 2481, 99243254, 99247423, 3254, 7423
6, 2482, 99283254, 99287423, 3254, 7423
6, 2483, 99323254, 99327423, 3254, 7423
6, 2484, 99363254, 99367423, 3254, 7423
6, 2485, 99403254, 99411525, 3254, 11525
6, 2486, 99443254, 99447423, 3254, 7423
6, 2487, 99483254, 99487423, 3254, 7423
6, 2488, 99523254, 99527423, 3254, 7423
6, 2489, 99563254, 99567423, 3254, 7423
6, 249, 9963254, 9967423, 3254, 7423
6, 2490, 99603254, 99607715, 3254, 7715
6, 2491, 99643254, 99647423, 3254, 7423
6, 2492, 99683254, 99691534, 3254, 11534
6, 2493, 99723254, 99727423, 3254, 7423
6, 2494, 99763254, 99767423, 3254, 7423
6, 2495, 99803254, 99807423, 3254, 7423
6, 2496, 99843254, 99847423, 3254, 7423
6, 2497, 99883254, 99887423, 3254, 7423
6, 2498, 99923254, 99927423, 3254, 7423
6, 2499, 99963254, 99970653, 3254, 10653
6, 25, 1003254, 1007423, 3254, 7423
6, 250, 10003254, 10007423, 3254, 7423
6, 2500, 100003254, 100008968, 3254, 8968
6, 2501, 100043254, 100047423, 3254, 7423
6, 2502, 100083254, 100087423, 3254, 7423
6, 2503, 100123254, 100127423, 3254, 7423
6, 2504, 100163254, 100167423, 3254, 7423
6, 2505, 100203254, 100207423, 3254, 7423
6, 2506, 100243254, 100251631, 3254, 11631
6, 2507, 100283254, 100287423, 3254, 7423
6, 2508, 100323254, 100327715, 3254, 7715
6, 2509, 100363254, 100367423, 3254, 7423
6, 251, 10043254, 10047423, 3254, 7423
6, 2510, 100403254, 100407423, 3254, 7423
6, 2511, 100443254, 100447423, 3254, 7423
6, 2512, 100483254, 100487423, 3254, 7423
6, 2513, 100523254, 100531379, 3254, 11379
6, 2514, 100563254, 100567703, 3254, 7703
6, 2515, 100603254, 100607423, 3254, 7423
6, 2516, 100643254, 100647423, 3254, 7423
6, 2517, 100683254, 100687423, 3254, 7423
6, 2518, 100723254, 100727423, 3254, 7423
6, 2519, 100763254, 100767423, 3254, 7423
6, 252, 10083254, 10091631, 3254, 11631
6, 2520, 100803254, 100812669, 3254, 12669
6, 2521, 100843254, 100847423, 3254, 7423
6, 2522, 100883254, 100887423, 3254, 7423
6, 2523, 100923254, 100927423, 3254, 7423
6, 2524, 100963254, 100967423, 3254, 7423
6, 2525, 101003254, 101007423, 3254, 7423
6, 2526, 101043254, 101047423, 3254, 7423
6, 2527, 101083254, 101091873, 3254, 11873
6, 2528, 101123254, 101127423, 3254, 7423
6, 2529, 101163254, 101167423, 3254, 7423
6, 253, 10123254, 10127423, 3254, 7423
6, 2530, 101203254, 101207423, 3254, 7423
6, 2531, 101243254, 101247423, 3254, 7423
6, 2532, 101283254, 101287423, 3254, 7423
6, 2533, 101323254, 101327423, 3254, 7423
6, 2534, 101363254, 101371534, 3254, 11534
6, 2535, 101403254, 101407703, 3254, 7703
6, 2536, 101443254, 101447423, 3254, 7423
6, 2537, 101483254, 101487423, 3254, 7423
6, 2538, 101523254, 101527423, 3254, 7423
6, 2539, 101563254, 101567423, 3254, 7423
6, 254, 10163254, 10167423, 3254, 7423
6, 2540, 101603254, 101607423, 3254, 7423
6, 2541, 101643254, 101650653, 3254, 10653
6, 2542, 101683254, 101687423, 3254, 7423
6, 2543, 101723254, 101727423, 3254, 7423
6, 2544, 101763254, 101767423, 3254, 7423
6, 2545, 101803254, 101807423, 3254, 7423
6, 2546, 101843254, 101847423, 3254, 7423
6, 2547, 101883254, 101887423, 3254, 7423
6, 2548, 101923254, 101932352, 3254, 12352
6, 2549, 101963254, 101967423, 3254, 7423
6, 255, 10203254, 10207423, 3254, 7423
6, 2550, 102003254, 102007715, 3254, 7715
6, 2551, 102043254, 102047423, 3254, 7423
6, 2552, 102083254, 102087423, 3254, 7423
6, 2553, 102123254, 102127423, 3254, 7423
6, 2554, 102163254, 102167423, 3254, 7423
6, 2555, 102203254, 102211427, 3254, 11427
6, 2556, 102243254, 102247703, 3254, 7703
6, 2557, 102283254, 102287423, 3254, 7423
6, 2558, 102323254, 102327423, 3254, 7423
6, 2559, 102363254, 102367423, 3254, 7423
6, 256, 10243254, 10247423, 3254, 7423
6, 2560, 102403254, 102407423, 3254, 7423
6, 2561, 102443254, 102447423, 3254, 7423
6, 2562, 102483254, 102491631, 3254, 11631
6, 2563, 102523254, 102527423, 3254, 7423
6, 2564, 102563254, 102567423, 3254, 7423
6, 2565, 102603254, 102607715, 3254, 7715
6, 2566, 102643254, 102647423, 3254, 7423
6, 2567, 102683254, 102687423, 3254, 7423
6, 2568, 102723254, 102727423, 3254, 7423
6, 2569, 102763254, 102770653, 3254, 10653
6, 257, 10283254, 10287423, 3254, 7423
6, 2570, 102803254, 102809179, 3254, 9179
6, 2571, 102843254, 102847423, 3254, 7423
6, 2572, 102883254, 102887423, 3254, 7423
6, 2573, 102923254, 102927423, 3254, 7423
6, 2574, 102963254, 102967423, 3254, 7423
6, 2575, 103003254, 103007423, 3254, 7423
6, 2576, 103043254, 103051534, 3254, 11534
6, 2577, 103083254, 103087715, 3254, 7715
6, 2578, 103123254, 103127423, 3254, 7423
6, 2579, 103163254, 103167423, 3254, 7423
6, 258, 10323254, 10327423, 3254, 7423
6, 2580, 103203254, 103207715, 3254, 7715
6, 2581, 103243254, 103247423, 3254, 7423
6, 2582, 103283254, 103287423, 3254, 7423
6, 2583, 103323254, 103331476, 3254, 11476
6, 2584, 103363254, 103368506, 3254, 8506
6, 2585, 103403254, 103407423, 3254, 7423
6, 2586, 103443254, 103447423, 3254, 7423
6, 2587, 103483254, 103487423, 3254, 7423
6, 2588, 103523254, 103527423, 3254, 7423
6, 2589, 103563254, 103567423, 3254, 7423
6, 259, 10363254, 10371123, 3254, 11123
6, 2590, 103603254, 103612352, 3254, 12352
6, 2591, 103643254, 103647423, 3254, 7423
6, 2592, 103683254, 103687423, 3254, 7423
6, 2593, 103723254, 103727423, 3254, 7423
6, 2594, 103763254, 103767423, 3254, 7423
6, 2595, 103803254, 103807423, 3254, 7423
6, 2596, 103843254, 103847423, 3254, 7423
6, 2597, 103883254, 103890555, 3254, 10555
6, 2598, 103923254, 103927703, 3254, 7703
6, 2599, 103963254, 103967423, 3254, 7423
6, 26, 1043254, 1047423, 3254, 7423
6, 260, 10403254, 10408968, 3254, 8968
6, 2600, 104003254, 104007423, 3254, 7423
6, 2601, 104043254, 104047423, 3254, 7423
6, 2602, 104083254, 104087423, 3254, 7423
6, 2603, 104123254, 104127423, 3254, 7423
6, 2604, 104163254, 104171631, 3254, 11631
6, 2605, 104203254, 104207423, 3254, 7423
6, 2606, 104243254, 104247423, 3254, 7423
6, 2607, 104283254, 104287423, 3254, 7423
6, 2608, 104323254, 104327423, 3254, 7423
6, 2609, 104363254, 104367423, 3254, 7423
6, 261, 10443254, 10447423, 3254, 7423
6, 2610, 104403254, 104407715, 3254, 7715
6, 2611, 104443254, 104450653, 3254, 10653
6, 2612, 104483254, 104487423, 3254, 7423
6, 2613, 104523254, 104527423, 3254, 7423
6, 2614, 104563254, 104567423, 3254, 7423
6, 2615, 104603254, 104607423, 3254, 7423
6, 2616, 104643254, 104647423, 3254, 7423
6, 2617, 104683254, 104687423, 3254, 7423
6, 2618, 104723254, 104732279, 3254, 12279
6, 2619, 104763254, 104767423, 3254, 7423
6, 262, 10483254, 10487423, 3254, 7423
6, 2620, 104803254, 104807423, 3254, 7423
6, 2621, 104843254, 104847423, 3254, 7423
6, 2622, 104883254, 104887715, 3254, 7715
6, 2623, 104923254, 104927423, 3254, 7423
6, 2624, 104963254, 104967423, 3254, 7423
6, 2625, 105003254, 105011525, 3254, 11525
6, 2626, 105043254, 105047423, 3254, 7423
6, 2627, 105083254, 105087423, 3254, 7423
6, 2628, 105123254, 105127423, 3254, 7423
6, 2629, 105163254, 105167423, 3254, 7423
6, 263, 10523254, 10527423, 3254, 7423
6, 2630, 105203254, 105207423, 3254, 7423
6, 2631, 105243254, 105247423, 3254, 7423
6, 2632, 105283254, 105291631, 3254, 11631
6, 2633, 105323254, 105327423, 3254, 7423
6, 2634, 105363254, 105367715, 3254, 7715
6, 2635, 105403254, 105407423, 3254, 7423
6, 2636, 105443254, 105447423, 3254, 7423
6, 2637, 105483254, 105487423, 3254, 7423
6, 2638, 105523254, 105527423, 3254, 7423
6, 2639, 105563254, 105570555, 3254, 10555
6, 264, 10563254, 10567423, 3254, 7423
6, 2640, 105603254, 105609066, 3254, 9066
6, 2641, 105643254, 105647423, 3254, 7423
6, 2642, 105683254, 105687423, 3254, 7423
6, 2643, 105723254, 105727423, 3254, 7423
6, 2644, 105763254, 105767423, 3254, 7423
6, 2645, 105803254, 105807423, 3254, 7423
6, 2646, 105843254, 105851631, 3254, 11631
6, 2647, 105883254, 105887423, 3254, 7423
6, 2648, 105923254, 105927423, 3254, 7423
6, 2649, 105963254, 105967423, 3254, 7423
6, 265, 10603254, 10607423, 3254, 7423
6, 2650, 106003254, 106007423, 3254, 7423
6, 2651, 106043254, 106047423, 3254, 7423
6, 2652, 106083254, 106087423, 3254, 7423
6, 2653, 106123254, 106131947, 3254, 11947
6, 2654, 106163254, 106167423, 3254, 7423
6, 2655, 106203254, 106207423, 3254, 7423
6, 2656, 106243254, 106247423, 3254, 7423
6, 2657, 106283254, 106287423, 3254, 7423
6, 2658, 106323254, 106327423, 3254, 7423
6, 2659, 106363254, 106367423, 3254, 7423
6, 266, 10643254, 10652540, 3254, 12540
6, 2660, 106403254, 106413158, 3254, 13158
6, 2661, 106443254, 106447423, 3254, 7423
6, 2662, 106483254, 106487423, 3254, 7423
6, 2663, 106523254, 106527423, 3254, 7423
6, 2664, 106563254, 106567423, 3254, 7423
6, 2665, 106603254, 106607423, 3254, 7423
6, 2666, 106643254, 106647423, 3254, 7423
6, 2667, 106683254, 106690653, 3254, 10653
6, 2668, 106723254, 106727423, 3254, 7423
6, 2669, 106763254, 106767423, 3254, 7423
6, 267, 10683254, 10687423, 3254, 7423
6, 2670, 106803254, 106807715, 3254, 7715
6, 2671, 106843254, 106847423, 3254, 7423
6, 2672, 106883254, 106887423, 3254, 7423
6, 2673, 106923254, 106927423, 3254, 7423
6, 2674, 106963254, 106971631, 3254, 11631
6, 2675, 107003254, 107007423, 3254, 7423
6, 2676, 107043254, 107047423, 3254, 7423
6, 2677, 107083254, 107087423, 3254, 7423
6, 2678, 107123254, 107127423, 3254, 7423
6, 2679, 107163254, 107167423, 3254, 7423
6, 268, 10723254, 10727423, 3254, 7423
6, 2680, 107203254, 107207423, 3254, 7423
6, 2681, 107243254, 107250555, 3254, 10555
6, 2682, 107283254, 107287569, 3254, 7569
6, 2683, 107323254, 107327423, 3254, 7423
6, 2684, 107363254, 107367423, 3254, 7423
6, 2685, 107403254, 107407423, 3254, 7423
6, 2686, 107443254, 107447423, 3254, 7423
6, 2687, 107483254, 107487423, 3254, 7423
6, 2688, 107523254, 107532352, 3254, 12352
6, 2689, 107563254, 107567423, 3254, 7423
6, 269, 10763254, 10767423, 3254, 7423
6, 2690, 107603254, 107607423, 3254, 7423
6, 2691, 107643254, 107647423, 3254, 7423
6, 2692, 107683254, 107687423, 3254, 7423
6, 2693, 107723254, 107727423, 3254, 7423
6, 2694, 107763254, 107767423, 3254, 7423
6, 2695, 107803254, 107811525, 3254, 11525
6, 2696, 107843254, 107847423, 3254, 7423
6, 2697, 107883254, 107887423, 3254, 7423
6, 2698, 107923254, 107927423, 3254, 7423
6, 2699, 107963254, 107967423, 3254, 7423
6, 27, 1083254, 1087423, 3254, 7423
6, 270, 10803254, 10807715, 3254, 7715
6, 2700, 108003254, 108007715, 3254, 7715
6, 2701, 108043254, 108047423, 3254, 7423
6, 2702, 108083254, 108091534, 3254, 11534
6, 2703, 108123254, 108127423, 3254, 7423
6, 2704, 108163254, 108167423, 3254, 7423
6, 2705, 108203254, 108207423, 3254, 7423
6, 2706, 108243254, 108247423, 3254, 7423
6, 2707, 108283254, 108287423, 3254, 7423
6, 2708, 108323254, 108327423, 3254, 7423
6, 2709, 108363254, 108370653, 3254, 10653
6, 271, 10843254, 10847423, 3254, 7423
6, 2710, 108403254, 108409391, 3254, 9391
6, 2711, 108443254, 108447423, 3254, 7423
6, 2712, 108483254, 108487423, 3254, 7423
6, 2713, 108523254, 108527423, 3254, 7423
6, 2714, 108563254, 108567423, 3254, 7423
6, 2715, 108603254, 108607423, 3254, 7423
6, 2716, 108643254, 108651631, 3254, 11631
6, 2717, 108683254, 108687423, 3254, 7423
6, 2718, 108723254, 108727423, 3254, 7423
6, 2719, 108763254, 108767423, 3254, 7423
6, 272, 10883254, 10887423, 3254, 7423
6, 2720, 108803254, 108807423, 3254, 7423
6, 2721, 108843254, 108847423, 3254, 7423
6, 2722, 108883254, 108887423, 3254, 7423
6, 2723, 108923254, 108931379, 3254, 11379
6, 2724, 108963254, 108967703, 3254, 7703
6, 2725, 109003254, 109007423, 3254, 7423
6, 2726, 109043254, 109047423, 3254, 7423
6, 2727, 109083254, 109087423, 3254, 7423
6, 2728, 109123254, 109127423, 3254, 7423
6, 2729, 109163254, 109167423, 3254, 7423
6, 273, 10923254, 10931476, 3254, 11476
6, 2730, 109203254, 109212352, 3254, 12352
6, 2731, 109243254, 109247423, 3254, 7423
6, 2732, 109283254, 109287423, 3254, 7423
6, 2733, 109323254, 109327423, 3254, 7423
6, 2734, 109363254, 109367423, 3254, 7423
6, 2735, 109403254, 109407423, 3254, 7423
6, 2736, 109443254, 109447715, 3254, 7715
6, 2737, 109483254, 109490653, 3254, 10653
6, 2738, 109523254, 109527423, 3254, 7423
6, 2739, 109563254, 109567423, 3254, 7423
6, 274, 10963254, 10967423, 3254, 7423
6, 2740, 109603254, 109607423, 3254, 7423
6, 2741, 109643254, 109647423, 3254, 7423
6, 2742, 109683254, 109687423, 3254, 7423
6, 2743, 109723254, 109727423, 3254, 7423
6, 2744, 109763254, 109771534, 3254, 11534
6, 2745, 109803254, 109807703, 3254, 7703
6, 2746, 109843254, 109847423, 3254, 7423
6, 2747, 109883254, 109887423, 3254, 7423
6, 2748, 109923254, 109927715, 3254, 7715
6, 2749, 109963254, 109967423, 3254, 7423
6, 275, 11003254, 11007423, 3254, 7423
6, 2750, 110003254, 110007423, 3254, 7423
6, 2751, 110043254, 110050653, 3254, 10653
6, 2752, 110083254, 110087423, 3254, 7423
6, 2753, 110123254, 110127423, 3254, 7423
6, 2754, 110163254, 110167423, 3254, 7423
6, 2755, 110203254, 110207423, 3254, 7423
6, 2756, 110243254, 110247423, 3254, 7423
6, 2757, 110283254, 110287423, 3254, 7423
6, 2758, 110323254, 110332352, 3254, 12352
6, 2759, 110363254, 110367423, 3254, 7423
6, 276, 11043254, 11047423, 3254, 7423
6, 2760, 110403254, 110407715, 3254, 7715
6, 2761, 110443254, 110447423, 3254, 7423
6, 2762, 110483254, 110487423, 3254, 7423
6, 2763, 110523254, 110527423, 3254, 7423
6, 2764, 110563254, 110567423, 3254, 7423
6, 2765, 110603254, 110611427, 3254, 11427
6, 2766, 110643254, 110647703, 3254, 7703
6, 2767, 110683254, 110687423, 3254, 7423
6, 2768, 110723254, 110727423, 3254, 7423
6, 2769, 110763254, 110767423, 3254, 7423
6, 277, 11083254, 11087423, 3254, 7423
6, 2770, 110803254, 110807423, 3254, 7423
6, 2771, 110843254, 110847423, 3254, 7423
6, 2772, 110883254, 110891631, 3254, 11631
6, 2773, 110923254, 110927423, 3254, 7423
6, 2774, 110963254, 110967423, 3254, 7423
6, 2775, 111003254, 111007423, 3254, 7423
6, 2776, 111043254, 111047423, 3254, 7423
6, 2777, 111083254, 111087423, 3254, 7423
6, 2778, 111123254, 111127423, 3254, 7423
6, 2779, 111163254, 111170653, 3254, 10653
6, 278, 11123254, 11127423, 3254, 7423
6, 2780, 111203254, 111208968, 3254, 8968
6, 2781, 111243254, 111247423, 3254, 7423
6, 2782, 111283254, 111287423, 3254, 7423
6, 2783, 111323254, 111327423, 3254, 7423
6, 2784, 111363254, 111367423, 3254, 7423
6, 2785, 111403254, 111407423, 3254, 7423
6, 2786, 111443254, 111451956, 3254, 11956
6, 2787, 111483254, 111487423, 3254, 7423
6, 2788, 111523254, 111527423, 3254, 7423
6, 2789, 111563254, 111567423, 3254, 7423
6, 279, 11163254, 11167423, 3254, 7423
6, 2790, 111603254, 111607715, 3254, 7715
6, 2791, 111643254, 111647423, 3254, 7423
6, 2792, 111683254, 111687423, 3254, 7423
6, 2793, 111723254, 111732534, 3254, 12534
6, 2794, 111763254, 111767423, 3254, 7423
6, 2795, 111803254, 111807423, 3254, 7423
6, 2796, 111843254, 111847423, 3254, 7423
6, 2797, 111883254, 111887423, 3254, 7423
6, 2798, 111923254, 111927423, 3254, 7423
6, 2799, 111963254, 111967423, 3254, 7423
6, 28, 1123254, 1132352, 3254, 12352
6, 280, 11203254, 11212352, 3254, 12352
6, 2800, 112003254, 112012352, 3254, 12352
6, 2801, 112043254, 112047423, 3254, 7423
6, 2802, 112083254, 112087423, 3254, 7423
6, 2803, 112123254, 112127423, 3254, 7423
6, 2804, 112163254, 112167423, 3254, 7423
6, 2805, 112203254, 112207715, 3254, 7715
6, 2806, 112243254, 112247423, 3254, 7423
6, 2807, 112283254, 112290555, 3254, 10555
6, 2808, 112323254, 112327703, 3254, 7703
6, 2809, 112363254, 112367423, 3254, 7423
6, 281, 11243254, 11247423, 3254, 7423
6, 2810, 112403254, 112407423, 3254, 7423
6, 2811, 112443254, 112447423, 3254, 7423
6, 2812, 112483254, 112487423, 3254, 7423
6, 2813, 112523254, 112527423, 3254, 7423
6, 2814, 112563254, 112571631, 3254, 11631
6, 2815, 112603254, 112607423, 3254, 7423
6, 2816, 112643254, 112647423, 3254, 7423
6, 2817, 112683254, 112687423, 3254, 7423
6, 2818, 112723254, 112727423, 3254, 7423
6, 2819, 112763254, 112767423, 3254, 7423
6, 282, 11283254, 11287423, 3254, 7423
6, 2820, 112803254, 112807715, 3254, 7715
6, 2821, 112843254, 112850653, 3254, 10653
6, 2822, 112883254, 112887423, 3254, 7423
6, 2823, 112923254, 112927423, 3254, 7423
6, 2824, 112963254, 112967423, 3254, 7423
6, 2825, 113003254, 113007423, 3254, 7423
6, 2826, 113043254, 113047423, 3254, 7423
6, 2827, 113083254, 113087423, 3254, 7423
6, 2828, 113123254, 113132279, 3254, 12279
6, 2829, 113163254, 113167423, 3254, 7423
6, 283, 11323254, 11327423, 3254, 7423
6, 2830, 113203254, 113207423, 3254, 7423
6, 2831, 113243254, 113247423, 3254, 7423
6, 2832, 113283254, 113287423, 3254, 7423
6, 2833, 113323254, 113327423, 3254, 7423
6, 2834, 113363254, 113367423, 3254, 7423
6, 2835, 113403254, 113411525, 3254, 11525
6, 2836, 113443254, 113447423, 3254, 7423
6, 2837, 113483254, 113487423, 3254, 7423
6, 2838, 113523254, 113527423, 3254, 7423
6, 2839, 113563254, 113567423, 3254, 7423
6, 284, 11363254, 11367423, 3254, 7423
6, 2840, 113603254, 113607423, 3254, 7423
6, 2841, 113643254, 113647423, 3254, 7423
6, 2842, 113683254, 113691631, 3254, 11631
6, 2843, 113723254, 113727423, 3254, 7423
6, 2844, 113763254, 113767423, 3254, 7423
6, 2845, 113803254, 113807423, 3254, 7423
6, 2846, 113843254, 113847423, 3254, 7423
6, 2847, 113883254, 113887423, 3254, 7423
6, 2848, 113923254, 113927423, 3254, 7423
6, 2849, 113963254, 113970555, 3254, 10555
6, 285, 11403254, 11407715, 3254, 7715
6, 2850, 114003254, 114009887, 3254, 9887
6, 2851, 114043254, 114047423, 3254, 7423
6, 2852, 114083254, 114087423, 3254, 7423
6, 2853, 114123254, 114127423, 3254, 7423
6, 2854, 114163254, 114167423, 3254, 7423
6, 2855, 114203254, 114207423, 3254, 7423
6, 2856, 114243254, 114251631, 3254, 11631
6, 2857, 114283254, 114287423, 3254, 7423
6, 2858, 114323254, 114327423, 3254, 7423
6, 2859, 114363254, 114367423, 3254, 7423
6, 286, 11443254, 11447423, 3254, 7423
6, 2860, 114403254, 114407423, 3254, 7423
6, 2861, 114443254, 114447423, 3254, 7423
6, 2862, 114483254, 114487715, 3254, 7715
6, 2863, 114523254, 114531476, 3254, 11476
6, 2864, 114563254, 114567423, 3254, 7423
6, 2865, 114603254, 114607423, 3254, 7423
6, 2866, 114643254, 114647423, 3254, 7423
6, 2867, 114683254, 114687423, 3254, 7423
6, 2868, 114723254, 114727423, 3254, 7423
6, 2869, 114763254, 114767423, 3254, 7423
6, 287, 11483254, 11490555, 3254, 10555
6, 2870, 114803254, 114812279, 3254, 12279
6, 2871, 114843254, 114847423, 3254, 7423
6, 2872, 114883254, 114887423, 3254, 7423
6, 2873, 114923254, 114927423, 3254, 7423
6, 2874, 114963254, 114967423, 3254, 7423
6, 2875, 115003254, 115007423, 3254, 7423
6, 2876, 115043254, 115047423, 3254, 7423
6, 2877, 115083254, 115090653, 3254, 10653
6, 2878, 115123254, 115127423, 3254, 7423
6, 2879, 115163254, 115167423, 3254, 7423
6, 288, 11523254, 11527703, 3254, 7703
6, 2880, 115203254, 115207715, 3254, 7715
6, 2881, 115243254, 115247423, 3254, 7423
6, 2882, 115283254, 115287423, 3254, 7423
6, 2883, 115323254, 115327423, 3254, 7423
6, 2884, 115363254, 115371631, 3254, 11631
6, 2885, 115403254, 115407423, 3254, 7423
6, 2886, 115443254, 115447423, 3254, 7423
6, 2887, 115483254, 115487423, 3254, 7423
6, 2888, 115523254, 115527423, 3254, 7423
6, 2889, 115563254, 115567423, 3254, 7423
6, 289, 11563254, 11567423, 3254, 7423
6, 2890, 115603254, 115607423, 3254, 7423
6, 2891, 115643254, 115650555, 3254, 10555
6, 2892, 115683254, 115687569, 3254, 7569
6, 2893, 115723254, 115727423, 3254, 7423
6, 2894, 115763254, 115767423, 3254, 7423
6, 2895, 115803254, 115807423, 3254, 7423
6, 2896, 115843254, 115847423, 3254, 7423
6, 2897, 115883254, 115887423, 3254, 7423
6, 2898, 115923254, 115932352, 3254, 12352
6, 2899, 115963254, 115967423, 3254, 7423
6, 29, 1163254, 1167423, 3254, 7423
6, 290, 11603254, 11607423, 3254, 7423
6, 2900, 116003254, 116009301, 3254, 9301
6, 2901, 116043254, 116047423, 3254, 7423
6, 2902, 116083254, 116087423, 3254, 7423
6, 2903, 116123254, 116127423, 3254, 7423
6, 2904, 116163254, 116167423, 3254, 7423
6, 2905, 116203254, 116211525, 3254, 11525
6, 2906, 116243254, 116247423, 3254, 7423
6, 2907, 116283254, 116287423, 3254, 7423
6, 2908, 116323254, 116327423, 3254, 7423
6, 2909, 116363254, 116367423, 3254, 7423
6, 291, 11643254, 11647423, 3254, 7423
6, 2910, 116403254, 116407715, 3254, 7715
6, 2911, 116443254, 116447423, 3254, 7423
6, 2912, 116483254, 116491534, 3254, 11534
6, 2913, 116523254, 116527423, 3254, 7423
6, 2914, 116563254, 116567423, 3254, 7423
6, 2915, 116603254, 116607423, 3254, 7423
6, 2916, 116643254, 116647423, 3254, 7423
6, 2917, 116683254, 116687423, 3254, 7423
6, 2918, 116723254, 116727423, 3254, 7423
6, 2919, 116763254, 116771123, 3254, 11123
6, 292, 11683254, 11687423, 3254, 7423
6, 2920, 116803254, 116808968, 3254, 8968
6, 2921, 116843254, 116847423, 3254, 7423
6, 2922, 116883254, 116887423, 3254, 7423
6, 2923, 116923254, 116927423, 3254, 7423
6, 2924, 116963254, 116967423, 3254, 7423
6, 2925, 117003254, 117007423, 3254, 7423
6, 2926, 117043254, 117054835, 3254, 14835
6, 2927, 117083254, 117087423, 3254, 7423
6, 2928, 117123254, 117127423, 3254, 7423
6, 2929, 117163254, 117167423, 3254, 7423
6, 293, 11723254, 11727423, 3254, 7423
6, 2930, 117203254, 117207423, 3254, 7423
6, 2931, 117243254, 117247423, 3254, 7423
6, 2932, 117283254, 117287423, 3254, 7423
6, 2933, 117323254, 117331379, 3254, 11379
6, 2934, 117363254, 117367703, 3254, 7703
6, 2935, 117403254, 117407423, 3254, 7423
6, 2936, 117443254, 117447423, 3254, 7423
6, 2937, 117483254, 117487423, 3254, 7423
6, 2938, 117523254, 117527423, 3254, 7423
6, 2939, 117563254, 117567423, 3254, 7423
6, 294, 11763254, 11771631, 3254, 11631
6, 2940, 117603254, 117612352, 3254, 12352
6, 2941, 117643254, 117647423, 3254, 7423
6, 2942, 117683254, 117687423, 3254, 7423
6, 2943, 117723254, 117727423, 3254, 7423
6, 2944, 117763254, 117767423, 3254, 7423
6, 2945, 117803254, 117807423, 3254, 7423
6, 2946, 117843254, 117847423, 3254, 7423
6, 2947, 117883254, 117890653, 3254, 10653
6, 2948, 117923254, 117927423, 3254, 7423
6, 2949, 117963254, 117967423, 3254, 7423
6, 295, 11803254, 11807423, 3254, 7423
6, 2950, 118003254, 118007423, 3254, 7423
6, 2951, 118043254, 118047423, 3254, 7423
6, 2952, 118083254, 118087423, 3254, 7423
6, 2953, 118123254, 118127423, 3254, 7423
6, 2954, 118163254, 118171534, 3254, 11534
6, 2955, 118203254, 118207703, 3254, 7703
6, 2956, 118243254, 118247423, 3254, 7423
6, 2957, 118283254, 118287423, 3254, 7423
6, 2958, 118323254, 118327423, 3254, 7423
6, 2959, 118363254, 118367423, 3254, 7423
6, 296, 11843254, 11847423, 3254, 7423
6, 2960, 118403254, 118407423, 3254, 7423
6, 2961, 118443254, 118450653, 3254, 10653
6, 2962, 118483254, 118487423, 3254, 7423
6, 2963, 118523254, 118527423, 3254, 7423
6, 2964, 118563254, 118567715, 3254, 7715
6, 2965, 118603254, 118607423, 3254, 7423
6, 2966, 118643254, 118647423, 3254, 7423
6, 2967, 118683254, 118687423, 3254, 7423
6, 2968, 118723254, 118732352, 3254, 12352
6, 2969, 118763254, 118767423, 3254, 7423
6, 297, 11883254, 11887423, 3254, 7423
6, 2970, 118803254, 118807715, 3254, 7715
6, 2971, 118843254, 118847423, 3254, 7423
6, 2972, 118883254, 118887423, 3254, 7423
6, 2973, 118923254, 118927423, 3254, 7423
6, 2974, 118963254, 118967423, 3254, 7423
6, 2975, 119003254, 119011427, 3254, 11427
6, 2976, 119043254, 119048652, 3254, 8652
6, 2977, 119083254, 119087423, 3254, 7423
6, 2978, 119123254, 119127423, 3254, 7423
6, 2979, 119163254, 119167423, 3254, 7423
6, 298, 11923254, 11927423, 3254, 7423
6, 2980, 119203254, 119207423, 3254, 7423
6, 2981, 119243254, 119247423, 3254, 7423
6, 2982, 119283254, 119291631, 3254, 11631
6, 2983, 119323254, 119327423, 3254, 7423
6, 2984, 119363254, 119367423, 3254, 7423
6, 2985, 119403254, 119407423, 3254, 7423
6, 2986, 119443254, 119447423, 3254, 7423
6, 2987, 119483254, 119487423, 3254, 7423
6, 2988, 119523254, 119527423, 3254, 7423
6, 2989, 119563254, 119570653, 3254, 10653
6, 299, 11963254, 11967423, 3254, 7423
6, 2990, 119603254, 119608968, 3254, 8968
6, 2991, 119643254, 119647423, 3254, 7423
6, 2992, 119683254, 119687423, 3254, 7423
6, 2993, 119723254, 119727423, 3254, 7423
6, 2994, 119763254, 119767423, 3254, 7423
6, 2995, 119803254, 119807423, 3254, 7423
6, 2996, 119843254, 119851534, 3254, 11534
6, 2997, 119883254, 119887423, 3254, 7423
6, 2998, 119923254, 119927423, 3254, 7423
6, 2999, 119963254, 119967423, 3254, 7423
6, 3, 123254, 127423, 3254, 7423
6, 30, 1203254, 1207715, 3254, 7715
6, 300, 12003254, 12007715, 3254, 7715
6, 3000, 120003254, 120007715, 3254, 7715
6, 3001, 120043254, 120047423, 3254, 7423
6, 3002, 120083254, 120087423, 3254, 7423
6, 3003, 120123254, 120131476, 3254, 11476
6, 3004, 120163254, 120167423, 3254, 7423
6, 3005, 120203254, 120207423, 3254, 7423
6, 3006, 120243254, 120247423, 3254, 7423
6, 3007, 120283254, 120287423, 3254, 7423
6, 3008, 120323254, 120327423, 3254, 7423
6, 3009, 120363254, 120367423, 3254, 7423
6, 301, 12043254, 12050653, 3254, 10653
6, 3010, 120403254, 120412352, 3254, 12352
6, 3011, 120443254, 120447423, 3254, 7423
6, 3012, 120483254, 120487423, 3254, 7423
6, 3013, 120523254, 120527423, 3254, 7423
6, 3014, 120563254, 120567423, 3254, 7423
6, 3015, 120603254, 120607423, 3254, 7423
6, 3016, 120643254, 120647423, 3254, 7423
6, 3017, 120683254, 120690555, 3254, 10555
6, 3018, 120723254, 120727703, 3254, 7703
6, 3019, 120763254, 120767423, 3254, 7423
6, 302, 12083254, 12087423, 3254, 7423
6, 3020, 120803254, 120807423, 3254, 7423
6, 3021, 120843254, 120847423, 3254, 7423
6, 3022, 120883254, 120887423, 3254, 7423
6, 3023, 120923254, 120927423, 3254, 7423
6, 3024, 120963254, 120971631, 3254, 11631
6, 3025, 121003254, 121007423, 3254, 7423
6, 3026, 121043254, 121047423, 3254, 7423
6, 3027, 121083254, 121087423, 3254, 7423
6, 3028, 121123254, 121127423, 3254, 7423
6, 3029, 121163254, 121167423, 3254, 7423
6, 303, 12123254, 12127423, 3254, 7423
6, 3030, 121203254, 121207715, 3254, 7715
6, 3031, 121243254, 121250653, 3254, 10653
6, 3032, 121283254, 121287423, 3254, 7423
6, 3033, 121323254, 121327423, 3254, 7423
6, 3034, 121363254, 121367423, 3254, 7423
6, 3035, 121403254, 121407423, 3254, 7423
6, 3036, 121443254, 121447423, 3254, 7423
6, 3037, 121483254, 121487423, 3254, 7423
6, 3038, 121523254, 121532279, 3254, 12279
6, 3039, 121563254, 121567423, 3254, 7423
6, 304, 12163254, 12167423, 3254, 7423
6, 3040, 121603254, 121609607, 3254, 9607
6, 3041, 121643254, 121647423, 3254, 7423
6, 3042, 121683254, 121687423, 3254, 7423
6, 3043, 121723254, 121727423, 3254, 7423
6, 3044, 121763254, 121767423, 3254, 7423
6, 3045, 121803254, 121811525, 3254, 11525
6, 3046, 121843254, 121847423, 3254, 7423
6, 3047, 121883254, 121887423, 3254, 7423
6, 3048, 121923254, 121927423, 3254, 7423
6, 3049, 121963254, 121967423, 3254, 7423
6, 305, 12203254, 12207423, 3254, 7423
6, 3050, 122003254, 122007423, 3254, 7423
6, 3051, 122043254, 122047423, 3254, 7423
6, 3052, 122083254, 122092051, 3254, 12051
6, 3053, 122123254, 122127423, 3254, 7423
6, 3054, 122163254, 122167423, 3254, 7423
6, 3055, 122203254, 122207423, 3254, 7423
6, 3056, 122243254, 122247423, 3254, 7423
6, 3057, 122283254, 122287423, 3254, 7423
6, 3058, 122323254, 122327423, 3254, 7423
6, 3059, 122363254, 122371776, 3254, 11776
6, 306, 12243254, 12247423, 3254, 7423
6, 3060, 122403254, 122409066, 3254, 9066
6, 3061, 122443254, 122447423, 3254, 7423
6, 3062, 122483254, 122487423, 3254, 7423
6, 3063, 122523254, 122527423, 3254, 7423
6, 3064, 122563254, 122567423, 3254, 7423
6, 3065, 122603254, 122607423, 3254, 7423
6, 3066, 122643254, 122651631, 3254, 11631
6, 3067, 122683254, 122687423, 3254, 7423
6, 3068, 122723254, 122727423, 3254, 7423
6, 3069, 122763254, 122767423, 3254, 7423
6, 307, 12283254, 12287423, 3254, 7423
6, 3070, 122803254, 122807423, 3254, 7423
6, 3071, 122843254, 122847423, 3254, 7423
6, 3072, 122883254, 122887423, 3254, 7423
6, 3073, 122923254, 122931476, 3254, 11476
6, 3074, 122963254, 122967423, 3254, 7423
6, 3075, 123003254, 123007423, 3254, 7423
6, 3076, 123043254, 123047423, 3254, 7423
6, 3077, 123083254, 123087423, 3254, 7423
6, 3078, 123123254, 123127715, 3254, 7715
6, 3079, 123163254, 123167423, 3254, 7423
6, 308, 12323254, 12332279, 3254, 12279
6, 3080, 123203254, 123212279, 3254, 12279
6, 3081, 123243254, 123247423, 3254, 7423
6, 3082, 123283254, 123287423, 3254, 7423
6, 3083, 123323254, 123327423, 3254, 7423
6, 3084, 123363254, 123367423, 3254, 7423
6, 3085, 123403254, 123407423, 3254, 7423
6, 3086, 123443254, 123447423, 3254, 7423
6, 3087, 123483254, 123490653, 3254, 10653
6, 3088, 123523254, 123527423, 3254, 7423
6, 3089, 123563254, 123567423, 3254, 7423
6, 309, 12363254, 12367423, 3254, 7423
6, 3090, 123603254, 123609399, 3254, 9399
6, 3091, 123643254, 123647423, 3254, 7423
6, 3092, 123683254, 123687423, 3254, 7423
6, 3093, 123723254, 123727423, 3254, 7423
6, 3094, 123763254, 123771631, 3254, 11631
6, 3095, 123803254, 123807423, 3254, 7423
6, 3096, 123843254, 123847423, 3254, 7423
6, 3097, 123883254, 123887423, 3254, 7423
6, 3098, 123923254, 123927423, 3254, 7423
6, 3099, 123963254, 123967423, 3254, 7423
6, 31, 1243254, 1247423, 3254, 7423
6, 310, 12403254, 12407423, 3254, 7423
6, 3100, 124003254, 124007423, 3254, 7423
6, 3101, 124043254, 124050555, 3254, 10555
6, 3102, 124083254, 124087715, 3254, 7715
6, 3103, 124123254, 124127423, 3254, 7423
6, 3104, 124163254, 124167423, 3254, 7423
6, 3105, 124203254, 124207423, 3254, 7423
6, 3106, 124243254, 124247423, 3254, 7423
6, 3107, 124283254, 124287423, 3254, 7423
6, 3108, 124323254, 124332352, 3254, 12352
6, 3109, 124363254, 124367423, 3254, 7423
6, 311, 12443254, 12447423, 3254, 7423
6, 3110, 124403254, 124407423, 3254, 7423
6, 3111, 124443254, 124447423, 3254, 7423
6, 3112, 124483254, 124487423, 3254, 7423
6, 3113, 124523254, 124527423, 3254, 7423
6, 3114, 124563254, 124567423, 3254, 7423
6, 3115, 124603254, 124611525, 3254, 11525
6, 3116, 124643254, 124648506, 3254, 8506
6, 3117, 124683254, 124687423, 3254, 7423
6, 3118, 124723254, 124727423, 3254, 7423
6, 3119, 124763254, 124767423, 3254, 7423
6, 312, 12483254, 12487423, 3254, 7423
6, 3120, 124803254, 124807715, 3254, 7715
6, 3121, 124843254, 124847423, 3254, 7423
6, 3122, 124883254, 124891534, 3254, 11534
6, 3123, 124923254, 124927423, 3254, 7423
6, 3124, 124963254, 124967423, 3254, 7423
6, 3125, 125003254, 125007423, 3254, 7423
6, 3126, 125043254, 125047423, 3254, 7423
6, 3127, 125083254, 125087423, 3254, 7423
6, 3128, 125123254, 125127423, 3254, 7423
6, 3129, 125163254, 125170653, 3254, 10653
6, 313, 12523254, 12527423, 3254, 7423
6, 3130, 125203254, 125208968, 3254, 8968
6, 3131, 125243254, 125247423, 3254, 7423
6, 3132, 125283254, 125287423, 3254, 7423
6, 3133, 125323254, 125327423, 3254, 7423
6, 3134, 125363254, 125367423, 3254, 7423
6, 3135, 125403254, 125407715, 3254, 7715
6, 3136, 125443254, 125451631, 3254, 11631
6, 3137, 125483254, 125487423, 3254, 7423
6, 3138, 125523254, 125527423, 3254, 7423
6, 3139, 125563254, 125567423, 3254, 7423
6, 314, 12563254, 12567423, 3254, 7423
6, 3140, 125603254, 125607423, 3254, 7423
6, 3141, 125643254, 125647423, 3254, 7423
6, 3142, 125683254, 125687423, 3254, 7423
6, 3143, 125723254, 125731379, 3254, 11379
6, 3144, 125763254, 125767703, 3254, 7703
6, 3145, 125803254, 125807423, 3254, 7423
6, 3146, 125843254, 125847423, 3254, 7423
6, 3147, 125883254, 125887423, 3254, 7423
6, 3148, 125923254, 125927423, 3254, 7423
6, 3149, 125963254, 125967423, 3254, 7423
6, 315, 12603254, 12611525, 3254, 11525
6, 3150, 126003254, 126012352, 3254, 12352
6, 3151, 126043254, 126047423, 3254, 7423
6, 3152, 126083254, 126087423, 3254, 7423
6, 3153, 126123254, 126127423, 3254, 7423
6, 3154, 126163254, 126167423, 3254, 7423
6, 3155, 126203254, 126207423, 3254, 7423
6, 3156, 126243254, 126247423, 3254, 7423
6, 3157, 126283254, 126290653, 3254, 10653
6, 3158, 126323254, 126327423, 3254, 7423
6, 3159, 126363254, 126367423, 3254, 7423
6, 316, 12643254, 12648506, 3254, 8506
6, 3160, 126403254, 126407423, 3254, 7423
6, 3161, 126443254, 126447423, 3254, 7423
6, 3162, 126483254, 126487423, 3254, 7423
6, 3163, 126523254, 126527423, 3254, 7423
6, 3164, 126563254, 126571534, 3254, 11534
6, 3165, 126603254, 126607703, 3254, 7703
6, 3166, 126643254, 126647423, 3254, 7423
6, 3167, 126683254, 126687423, 3254, 7423
6, 3168, 126723254, 126727423, 3254, 7423
6, 3169, 126763254, 126767423, 3254, 7423
6, 317, 12683254, 12687423, 3254, 7423
6, 3170, 126803254, 126807423, 3254, 7423
6, 3171, 126843254, 126850653, 3254, 10653
6, 3172, 126883254, 126887423, 3254, 7423
6, 3173, 126923254, 126927423, 3254, 7423
6, 3174, 126963254, 126967423, 3254, 7423
6, 3175, 127003254, 127007423, 3254, 7423
6, 3176, 127043254, 127047423, 3254, 7423
6, 3177, 127083254, 127087423, 3254, 7423
6, 3178, 127123254, 127132352, 3254, 12352
6, 3179, 127163254, 127167423, 3254, 7423
6, 318, 12723254, 12727423, 3254, 7423
6, 3180, 127203254, 127207715, 3254, 7715
6, 3181, 127243254, 127247423, 3254, 7423
6, 3182, 127283254, 127287423, 3254, 7423
6, 3183, 127323254, 127327423, 3254, 7423
6, 3184, 127363254, 127367423, 3254, 7423
6, 3185, 127403254, 127411850, 3254, 11850
6, 3186, 127443254, 127447703, 3254, 7703
6, 3187, 127483254, 127487423, 3254, 7423
6, 3188, 127523254, 127527423, 3254, 7423
6, 3189, 127563254, 127567423, 3254, 7423
6, 319, 12763254, 12767423, 3254, 7423
6, 3190, 127603254, 127607423, 3254, 7423
6, 3191, 127643254, 127647423, 3254, 7423
6, 3192, 127683254, 127692613, 3254, 12613
6, 3193, 127723254, 127727423, 3254, 7423
6, 3194, 127763254, 127767423, 3254, 7423
6, 3195, 127803254, 127807423, 3254, 7423
6, 3196, 127843254, 127847423, 3254, 7423
6, 3197, 127883254, 127887423, 3254, 7423
6, 3198, 127923254, 127927423, 3254, 7423
6, 3199, 127963254, 127970653, 3254, 10653
6, 32, 1283254, 1287423, 3254, 7423
6, 320, 12803254, 12807423, 3254, 7423
6, 3200, 128003254, 128008968, 3254, 8968
6, 3201, 128043254, 128047423, 3254, 7423
6, 3202, 128083254, 128087423, 3254, 7423
6, 3203, 128123254, 128127423, 3254, 7423
6, 3204, 128163254, 128167715, 3254, 7715
6, 3205, 128203254, 128207423, 3254, 7423
6, 3206, 128243254, 128251534, 3254, 11534
6, 3207, 128283254, 128287423, 3254, 7423
6, 3208, 128323254, 128327423, 3254, 7423
6, 3209, 128363254, 128367423, 3254, 7423
6, 321, 12843254, 12847423, 3254, 7423
6, 3210, 128403254, 128407715, 3254, 7715
6, 3211, 128443254, 128447423, 3254, 7423
6, 3212, 128483254, 128487423, 3254, 7423
6, 3213, 128523254, 128531476, 3254, 11476
6, 3214, 128563254, 128567423, 3254, 7423
6, 3215, 128603254, 128607423, 3254, 7423
6, 3216, 128643254, 128647423, 3254, 7423
6, 3217, 128683254, 128687423, 3254, 7423
6, 3218, 128723254, 128727423, 3254, 7423
6, 3219, 128763254, 128767423, 3254, 7423
6, 322, 12883254, 12891631, 3254, 11631
6, 3220, 128803254, 128812352, 3254, 12352
6, 3221, 128843254, 128847423, 3254, 7423
6, 3222, 128883254, 128887423, 3254, 7423
6, 3223, 128923254, 128927423, 3254, 7423
6, 3224, 128963254, 128967423, 3254, 7423
6, 3225, 129003254, 129007423, 3254, 7423
6, 3226, 129043254, 129047423, 3254, 7423
6, 3227, 129083254, 129090555, 3254, 10555
6, 3228, 129123254, 129127703, 3254, 7703
6, 3229, 129163254, 129167423, 3254, 7423
6, 323, 12923254, 12927423, 3254, 7423
6, 3230, 129203254, 129209607, 3254, 9607
6, 3231, 129243254, 129247423, 3254, 7423
6, 3232, 129283254, 129287423, 3254, 7423
6, 3233, 129323254, 129327423, 3254, 7423
6, 3234, 129363254, 129371631, 3254, 11631
6, 3235, 129403254, 129407423, 3254, 7423
6, 3236, 129443254, 129447423, 3254, 7423
6, 3237, 129483254, 129487423, 3254, 7423
6, 3238, 129523254, 129527423, 3254, 7423
6, 3239, 129563254, 129567423, 3254, 7423
6, 324, 12963254, 12967423, 3254, 7423
6, 3240, 129603254, 129607715, 3254, 7715
6, 3241, 129643254, 129650653, 3254, 10653
6, 3242, 129683254, 129689320, 3254, 9320
6, 3243, 129723254, 129727423, 3254, 7423
6, 3244, 129763254, 129767423, 3254, 7423
6, 3245, 129803254, 129807423, 3254, 7423
6, 3246, 129843254, 129847423, 3254, 7423
6, 3247, 129883254, 129887423, 3254, 7423
6, 3248, 129923254, 129932279, 3254, 12279
6, 3249, 129963254, 129967703, 3254, 7703
6, 325, 13003254, 13007423, 3254, 7423
6, 3250, 130003254, 130007423, 3254, 7423
6, 3251, 130043254, 130047423, 3254, 7423
6, 3252, 130083254, 130087423, 3254, 7423
6, 3253, 130123254, 130127423, 3254, 7423
6, 3254, 130163254, 130167423, 3254, 7423
6, 3255, 130203254, 130211525, 3254, 11525
6, 3256, 130243254, 130247423, 3254, 7423
6, 3257, 130283254, 130287423, 3254, 7423
6, 3258, 130323254, 130327423, 3254, 7423
6, 3259, 130363254, 130367423, 3254, 7423
6, 326, 13043254, 13047423, 3254, 7423
6, 3260, 130403254, 130407423, 3254, 7423
6, 3261, 130443254, 130447423, 3254, 7423
6, 3262, 130483254, 130491631, 3254, 11631
6, 3263, 130523254, 130527423, 3254, 7423
6, 3264, 130563254, 130567423, 3254, 7423
6, 3265, 130603254, 130607423, 3254, 7423
6, 3266, 130643254, 130647423, 3254, 7423
6, 3267, 130683254, 130687423, 3254, 7423
6, 3268, 130723254, 130727423, 3254, 7423
6, 3269, 130763254, 130770555, 3254, 10555
6, 327, 13083254, 13087423, 3254, 7423
6, 3270, 130803254, 130809066, 3254, 9066
6, 3271, 130843254, 130847423, 3254, 7423
6, 3272, 130883254, 130887423, 3254, 7423
6, 3273, 130923254, 130927423, 3254, 7423
6, 3274, 130963254, 130967423, 3254, 7423
6, 3275, 131003254, 131007423, 3254, 7423
6, 3276, 131043254, 131051631, 3254, 11631
6, 3277, 131083254, 131087423, 3254, 7423
6, 3278, 131123254, 131127423, 3254, 7423
6, 3279, 131163254, 131167423, 3254, 7423
6, 328, 13123254, 13127423, 3254, 7423
6, 3280, 131203254, 131209301, 3254, 9301
6, 3281, 131243254, 131247423, 3254, 7423
6, 3282, 131283254, 131287423, 3254, 7423
6, 3283, 131323254, 131331476, 3254, 11476
6, 3284, 131363254, 131367423, 3254, 7423
6, 3285, 131403254, 131407423, 3254, 7423
6, 3286, 131443254, 131447423, 3254, 7423
6, 3287, 131483254, 131487423, 3254, 7423
6, 3288, 131523254, 131527423, 3254, 7423
6, 3289, 131563254, 131567423, 3254, 7423
6, 329, 13163254, 13170555, 3254, 10555
6, 3290, 131603254, 131612279, 3254, 12279
6, 3291, 131643254, 131647423, 3254, 7423
6, 3292, 131683254, 131687423, 3254, 7423
6, 3293, 131723254, 131727423, 3254, 7423
6, 3294, 131763254, 131767423, 3254, 7423
6, 3295, 131803254, 131807423, 3254, 7423
6, 3296, 131843254, 131847423, 3254, 7423
6, 3297, 131883254, 131890653, 3254, 10653
6, 3298, 131923254, 131927423, 3254, 7423
6, 3299, 131963254, 131967423, 3254, 7423
6, 33, 1323254, 1327423, 3254, 7423
6, 330, 13203254, 13209066, 3254, 9066
6, 3300, 132003254, 132007715, 3254, 7715
6, 3301, 132043254, 132047423, 3254, 7423
6, 3302, 132083254, 132087423, 3254, 7423
6, 3303, 132123254, 132127423, 3254, 7423
6, 3304, 132163254, 132171631, 3254, 11631
6, 3305, 132203254, 132207423, 3254, 7423
6, 3306, 132243254, 132247715, 3254, 7715
6, 3307, 132283254, 132287423, 3254, 7423
6, 3308, 132323254, 132327423, 3254, 7423
6, 3309, 132363254, 132367423, 3254, 7423
6, 331, 13243254, 13247423, 3254, 7423
6, 3310, 132403254, 132407423, 3254, 7423
6, 3311, 132443254, 132450555, 3254, 10555
6, 3312, 132483254, 132487569, 3254, 7569
6, 3313, 132523254, 132527423, 3254, 7423
6, 3314, 132563254, 132567423, 3254, 7423
6, 3315, 132603254, 132607423, 3254, 7423
6, 3316, 132643254, 132647423, 3254, 7423
6, 3317, 132683254, 132687423, 3254, 7423
6, 3318, 132723254, 132732669, 3254, 12669
6, 3319, 132763254, 132767423, 3254, 7423
6, 332, 13283254, 13287423, 3254, 7423
6, 3320, 132803254, 132807423, 3254, 7423
6, 3321, 132843254, 132847423, 3254, 7423
6, 3322, 132883254, 132887423, 3254, 7423
6, 3323, 132923254, 132927423, 3254, 7423
6, 3324, 132963254, 132967423, 3254, 7423
6, 3325, 133003254, 133012195, 3254, 12195
6, 3326, 133043254, 133047423, 3254, 7423
6, 3327, 133083254, 133087423, 3254, 7423
6, 3328, 133123254, 133127423, 3254, 7423
6, 3329, 133163254, 133167423, 3254, 7423
6, 333, 13323254, 13327423, 3254, 7423
6, 3330, 133203254, 133207715, 3254, 7715
6, 3331, 133243254, 133247423, 3254, 7423
6, 3332, 133283254, 133291534, 3254, 11534
6, 3333, 133323254, 133327423, 3254, 7423
6, 3334, 133363254, 133367423, 3254, 7423
6, 3335, 133403254, 133407423, 3254, 7423
6, 3336, 133443254, 133447423, 3254, 7423
6, 3337, 133483254, 133487423, 3254, 7423
6, 3338, 133523254, 133527423, 3254, 7423
6, 3339, 133563254, 133570653, 3254, 10653
6, 334, 13363254, 13367423, 3254, 7423
6, 3340, 133603254, 133608968, 3254, 8968
6, 3341, 133643254, 133647423, 3254, 7423
6, 3342, 133683254, 133687423, 3254, 7423
6, 3343, 133723254, 133727423, 3254, 7423
6, 3344, 133763254, 133767423, 3254, 7423
6, 3345, 133803254, 133807423, 3254, 7423
6, 3346, 133843254, 133851631, 3254, 11631
6, 3347, 133883254, 133887423, 3254, 7423
6, 3348, 133923254, 133927423, 3254, 7423
6, 3349, 133963254, 133967423, 3254, 7423
6, 335, 13403254, 13407423, 3254, 7423
6, 3350, 134003254, 134007423, 3254, 7423
6, 3351, 134043254, 134047423, 3254, 7423
6, 3352, 134083254, 134087423, 3254, 7423
6, 3353, 134123254, 134131379, 3254, 11379
6, 3354, 134163254, 134167703, 3254, 7703
6, 3355, 134203254, 134207423, 3254, 7423
6, 3356, 134243254, 134247423, 3254, 7423
6, 3357, 134283254, 134287423, 3254, 7423
6, 3358, 134323254, 134327423, 3254, 7423
6, 3359, 134363254, 134367423, 3254, 7423
6, 336, 13443254, 13451631, 3254, 11631
6, 3360, 134403254, 134412352, 3254, 12352
6, 3361, 134443254, 134447423, 3254, 7423
6, 3362, 134483254, 134487423, 3254, 7423
6, 3363, 134523254, 134527423, 3254, 7423
6, 3364, 134563254, 134567423, 3254, 7423
6, 3365, 134603254, 134607423, 3254, 7423
6, 3366, 134643254, 134647423, 3254, 7423
6, 3367, 134683254, 134690653, 3254, 10653
6, 3368, 134723254, 134727423, 3254, 7423
6, 3369, 134763254, 134767423, 3254, 7423
6, 337, 13483254, 13487423, 3254, 7423
6, 3370, 134803254, 134807423, 3254, 7423
6, 3371, 134843254, 134847423, 3254, 7423
6, 3372, 134883254, 134887423, 3254, 7423
6, 3373, 134923254, 134927423, 3254, 7423
6, 3374, 134963254, 134971534, 3254, 11534
6, 3375, 135003254, 135008972, 3254, 8972
6, 3376, 135043254, 135047423, 3254, 7423
6, 3377, 135083254, 135087423, 3254, 7423
6, 3378, 135123254, 135127423, 3254, 7423
6, 3379, 135163254, 135167423, 3254, 7423
6, 338, 13523254, 13527423, 3254, 7423
6, 3380, 135203254, 135207423, 3254, 7423
6, 3381, 135243254, 135250653, 3254, 10653
6, 3382, 135283254, 135287423, 3254, 7423
6, 3383, 135323254, 135327423, 3254, 7423
6, 3384, 135363254, 135367423, 3254, 7423
6, 3385, 135403254, 135407423, 3254, 7423
6, 3386, 135443254, 135447423, 3254, 7423
6, 3387, 135483254, 135487423, 3254, 7423
6, 3388, 135523254, 135532352, 3254, 12352
6, 3389, 135563254, 135567423, 3254, 7423
6, 339, 13563254, 13567423, 3254, 7423
6, 3390, 135603254, 135607715, 3254, 7715
6, 3391, 135643254, 135647423, 3254, 7423
6, 3392, 135683254, 135687423, 3254, 7423
6, 3393, 135723254, 135727423, 3254, 7423
6, 3394, 135763254, 135767423, 3254, 7423
6, 3395, 135803254, 135811427, 3254, 11427
6, 3396, 135843254, 135847703, 3254, 7703
6, 3397, 135883254, 135887423, 3254, 7423
6, 3398, 135923254, 135927423, 3254, 7423
6, 3399, 135963254, 135967423, 3254, 7423
6, 34, 1363254, 1367423, 3254, 7423
6, 340, 13603254, 13607423, 3254, 7423
6, 3400, 136003254, 136007423, 3254, 7423
6, 3401, 136043254, 136047423, 3254, 7423
6, 3402, 136083254, 136091631, 3254, 11631
6, 3403, 136123254, 136127423, 3254, 7423
6, 3404, 136163254, 136167423, 3254, 7423
6, 3405, 136203254, 136207423, 3254, 7423
6, 3406, 136243254, 136247423, 3254, 7423
6, 3407, 136283254, 136287423, 3254, 7423
6, 3408, 136323254, 136327423, 3254, 7423
6, 3409, 136363254, 136370653, 3254, 10653
6, 341, 13643254, 13647423, 3254, 7423
6, 3410, 136403254, 136408968, 3254, 8968
6, 3411, 136443254, 136447423, 3254, 7423
6, 3412, 136483254, 136487423, 3254, 7423
6, 3413, 136523254, 136527423, 3254, 7423
6, 3414, 136563254, 136567423, 3254, 7423
6, 3415, 136603254, 136607423, 3254, 7423
6, 3416, 136643254, 136651534, 3254, 11534
6, 3417, 136683254, 136687423, 3254, 7423
6, 3418, 136723254, 136727423, 3254, 7423
6, 3419, 136763254, 136767423, 3254, 7423
6, 342, 13683254, 13687715, 3254, 7715
6, 3420, 136803254, 136809753, 3254, 9753
6, 3421, 136843254, 136847423, 3254, 7423
6, 3422, 136883254, 136887423, 3254, 7423
6, 3423, 136923254, 136931476, 3254, 11476
6, 3424, 136963254, 136967423, 3254, 7423
6, 3425, 137003254, 137007423, 3254, 7423
6, 3426, 137043254, 137047423, 3254, 7423
6, 3427, 137083254, 137087423, 3254, 7423
6, 3428, 137123254, 137127423, 3254, 7423
6, 3429, 137163254, 137167423, 3254, 7423
6, 343, 13723254, 13731476, 3254, 11476
6, 3430, 137203254, 137212352, 3254, 12352
6, 3431, 137243254, 137247423, 3254, 7423
6, 3432, 137283254, 137287715, 3254, 7715
6, 3433, 137323254, 137327423, 3254, 7423
6, 3434, 137363254, 137367423, 3254, 7423
6, 3435, 137403254, 137407423, 3254, 7423
6, 3436, 137443254, 137447423, 3254, 7423
6, 3437, 137483254, 137490555, 3254, 10555
6, 3438, 137523254, 137527703, 3254, 7703
6, 3439, 137563254, 137567423, 3254, 7423
6, 344, 13763254, 13767423, 3254, 7423
6, 3440, 137603254, 137607423, 3254, 7423
6, 3441, 137643254, 137647423, 3254, 7423
6, 3442, 137683254, 137687423, 3254, 7423
6, 3443, 137723254, 137727423, 3254, 7423
6, 3444, 137763254, 137771631, 3254, 11631
6, 3445, 137803254, 137807423, 3254, 7423
6, 3446, 137843254, 137847423, 3254, 7423
6, 3447, 137883254, 137887423, 3254, 7423
6, 3448, 137923254, 137927423, 3254, 7423
6, 3449, 137963254, 137967423, 3254, 7423
6, 345, 13803254, 13807423, 3254, 7423
6, 3450, 138003254, 138007715, 3254, 7715
6, 3451, 138043254, 138051123, 3254, 11123
6, 3452, 138083254, 138087423, 3254, 7423
6, 3453, 138123254, 138127423, 3254, 7423
6, 3454, 138163254, 138167423, 3254, 7423
6, 3455, 138203254, 138207423, 3254, 7423
6, 3456, 138243254, 138247423, 3254, 7423
6, 3457, 138283254, 138287423, 3254, 7423
6, 3458, 138323254, 138333158, 3254, 13158
6, 3459, 138363254, 138367423, 3254, 7423
6, 346, 13843254, 13847423, 3254, 7423
6, 3460, 138403254, 138407423, 3254, 7423
6, 3461, 138443254, 138447423, 3254, 7423
6, 3462, 138483254, 138487423, 3254, 7423
6, 3463, 138523254, 138527423, 3254, 7423
6, 3464, 138563254, 138567423, 3254, 7423
6, 3465, 138603254, 138611525, 3254, 11525
6, 3466, 138643254, 138647423, 3254, 7423
6, 3467, 138683254, 138687423, 3254, 7423
6, 3468, 138723254, 138727423, 3254, 7423
6, 3469, 138763254, 138767423, 3254, 7423
6, 347, 13883254, 13887423, 3254, 7423
6, 3470, 138803254, 138809301, 3254, 9301
6, 3471, 138843254, 138847423, 3254, 7423
6, 3472, 138883254, 138891631, 3254, 11631
6, 3473, 138923254, 138927423, 3254, 7423
6, 3474, 138963254, 138967423, 3254, 7423
6, 3475, 139003254, 139007423, 3254, 7423
6, 3476, 139043254, 139047423, 3254, 7423
6, 3477, 139083254, 139087423, 3254, 7423
6, 3478, 139123254, 139127423, 3254, 7423
6, 3479, 139163254, 139170555, 3254, 10555
6, 348, 13923254, 13927423, 3254, 7423
6, 3480, 139203254, 139209066, 3254, 9066
6, 3481, 139243254, 139247423, 3254, 7423
6, 3482, 139283254, 139287423, 3254, 7423
6, 3483, 139323254, 139327423, 3254, 7423
6, 3484, 139363254, 139367423, 3254, 7423
6, 3485, 139403254, 139407423, 3254, 7423
6, 3486, 139443254, 139451631, 3254, 11631
6, 3487, 139483254, 139487423, 3254, 7423
6, 3488, 139523254, 139527423, 3254, 7423
6, 3489, 139563254, 139567423, 3254, 7423
6, 349, 13963254, 13967423, 3254, 7423
6, 3490, 139603254, 139607423, 3254, 7423
6, 3491, 139643254, 139647423, 3254, 7423
6, 3492, 139683254, 139687423, 3254, 7423
6, 3493, 139723254, 139731476, 3254, 11476
6, 3494, 139763254, 139767423, 3254, 7423
6, 3495, 139803254, 139807423, 3254, 7423
6, 3496, 139843254, 139847423, 3254, 7423
6, 3497, 139883254, 139887423, 3254, 7423
6, 3498, 139923254, 139927423, 3254, 7423
6, 3499, 139963254, 139967423, 3254, 7423
6, 35, 1403254, 1411427, 3254, 11427
6, 350, 14003254, 14012279, 3254, 12279
6, 3500, 140003254, 140012279, 3254, 12279
6, 3501, 140043254, 140047423, 3254, 7423
6, 3502, 140083254, 140087423, 3254, 7423
6, 3503, 140123254, 140127423, 3254, 7423
6, 3504, 140163254, 140167423, 3254, 7423
6, 3505, 140203254, 140207423, 3254, 7423
6, 3506, 140243254, 140247423, 3254, 7423
6, 3507, 140283254, 140290653, 3254, 10653
6, 3508, 140323254, 140328506, 3254, 8506
6, 3509, 140363254, 140367423, 3254, 7423
6, 351, 14043254, 14047423, 3254, 7423
6, 3510, 140403254, 140407715, 3254, 7715
6, 3511, 140443254, 140447423, 3254, 7423
6, 3512, 140483254, 140487423, 3254, 7423
6, 3513, 140523254, 140527423, 3254, 7423
6, 3514, 140563254, 140571631, 3254, 11631
6, 3515, 140603254, 140608968, 3254, 8968
6, 3516, 140643254, 140647423, 3254, 7423
6, 3517, 140683254, 140687423, 3254, 7423
6, 3518, 140723254, 140727423, 3254, 7423
6, 3519, 140763254, 140767423, 3254, 7423
6, 352, 14083254, 14087423, 3254, 7423
6, 3520, 140803254, 140807423, 3254, 7423
6, 3521, 140843254, 140850555, 3254, 10555
6, 3522, 140883254, 140887569, 3254, 7569
6, 3523, 140923254, 140927423, 3254, 7423
6, 3524, 140963254, 140967423, 3254, 7423
6, 3525, 141003254, 141007423, 3254, 7423
6, 3526, 141043254, 141047423, 3254, 7423
6, 3527, 141083254, 141087423, 3254, 7423
6, 3528, 141123254, 141132352, 3254, 12352
6, 3529, 141163254, 141167423, 3254, 7423
6, 353, 14123254, 14127423, 3254, 7423
6, 3530, 141203254, 141207423, 3254, 7423
6, 3531, 141243254, 141247423, 3254, 7423
6, 3532, 141283254, 141287423, 3254, 7423
6, 3533, 141323254, 141327423, 3254, 7423
6, 3534, 141363254, 141367715, 3254, 7715
6, 3535, 141403254, 141411525, 3254, 11525
6, 3536, 141443254, 141447423, 3254, 7423
6, 3537, 141483254, 141487423, 3254, 7423
6, 3538, 141523254, 141527423, 3254, 7423
6, 3539, 141563254, 141567423, 3254, 7423
6, 354, 14163254, 14167715, 3254, 7715
6, 3540, 141603254, 141607715, 3254, 7715
6, 3541, 141643254, 141647423, 3254, 7423
6, 3542, 141683254, 141691534, 3254, 11534
6, 3543, 141723254, 141727423, 3254, 7423
6, 3544, 141763254, 141767423, 3254, 7423
6, 3545, 141803254, 141807423, 3254, 7423
6, 3546, 141843254, 141847715, 3254, 7715
6, 3547, 141883254, 141887423, 3254, 7423
6, 3548, 141923254, 141927423, 3254, 7423
6, 3549, 141963254, 141970653, 3254, 10653
6, 355, 14203254, 14207423, 3254, 7423
6, 3550, 142003254, 142008968, 3254, 8968
6, 3551, 142043254, 142047423, 3254, 7423
6, 3552, 142083254, 142087423, 3254, 7423
6, 3553, 142123254, 142127423, 3254, 7423
6, 3554, 142163254, 142167423, 3254, 7423
6, 3555, 142203254, 142207423, 3254, 7423
6, 3556, 142243254, 142251631, 3254, 11631
6, 3557, 142283254, 142287423, 3254, 7423
6, 3558, 142323254, 142327423, 3254, 7423
6, 3559, 142363254, 142367423, 3254, 7423
6, 356, 14243254, 14247423, 3254, 7423
6, 3560, 142403254, 142407423, 3254, 7423
6, 3561, 142443254, 142447423, 3254, 7423
6, 3562, 142483254, 142487423, 3254, 7423
6, 3563, 142523254, 142531379, 3254, 11379
6, 3564, 142563254, 142567703, 3254, 7703
6, 3565, 142603254, 142607423, 3254, 7423
6, 3566, 142643254, 142647423, 3254, 7423
6, 3567, 142683254, 142687423, 3254, 7423
6, 3568, 142723254, 142727423, 3254, 7423
6, 3569, 142763254, 142767423, 3254, 7423
6, 357, 14283254, 14290653, 3254, 10653
6, 3570, 142803254, 142812352, 3254, 12352
6, 3571, 142843254, 142847423, 3254, 7423
6, 3572, 142883254, 142887423, 3254, 7423
6, 3573, 142923254, 142927423, 3254, 7423
6, 3574, 142963254, 142967423, 3254, 7423
6, 3575, 143003254, 143007423, 3254, 7423
6, 3576, 143043254, 143047423, 3254, 7423
6, 3577, 143083254, 143090653, 3254, 10653
6, 3578, 143123254, 143127423, 3254, 7423
6, 3579, 143163254, 143167423, 3254, 7423
6, 358, 14323254, 14327423, 3254, 7423
6, 3580, 143203254, 143207423, 3254, 7423
6, 3581, 143243254, 143247423, 3254, 7423
6, 3582, 143283254, 143287423, 3254, 7423
6, 3583, 143323254, 143327423, 3254, 7423
6, 3584, 143363254, 143371956, 3254, 11956
6, 3585, 143403254, 143407703, 3254, 7703
6, 3586, 143443254, 143447423, 3254, 7423
6, 3587, 143483254, 143487423, 3254, 7423
6, 3588, 143523254, 143527423, 3254, 7423
6, 3589, 143563254, 143567423, 3254, 7423
6, 359, 14363254, 14367423, 3254, 7423
6, 3590, 143603254, 143607423, 3254, 7423
6, 3591, 143643254, 143651873, 3254, 11873
6, 3592, 143683254, 143687423, 3254, 7423
6, 3593, 143723254, 143727423, 3254, 7423
6, 3594, 143763254, 143767423, 3254, 7423
6, 3595, 143803254, 143807423, 3254, 7423
6, 3596, 143843254, 143847423, 3254, 7423
6, 3597, 143883254, 143887423, 3254, 7423
6, 3598, 143923254, 143932352, 3254, 12352
6, 3599, 143963254, 143967423, 3254, 7423
6, 36, 1443254, 1447703, 3254, 7703
6, 360, 14403254, 14407715, 3254, 7715
6, 3600, 144003254, 144007715, 3254, 7715
6, 3601, 144043254, 144047423, 3254, 7423
6, 3602, 144083254, 144087423, 3254, 7423
6, 3603, 144123254, 144127423, 3254, 7423
6, 3604, 144163254, 144167423, 3254, 7423
6, 3605, 144203254, 144211427, 3254, 11427
6, 3606, 144243254, 144247703, 3254, 7703
6, 3607, 144283254, 144287423, 3254, 7423
6, 3608, 144323254, 144327423, 3254, 7423
6, 3609, 144363254, 144367423, 3254, 7423
6, 361, 14443254, 14447423, 3254, 7423
6, 3610, 144403254, 144409607, 3254, 9607
6, 3611, 144443254, 144447423, 3254, 7423
6, 3612, 144483254, 144491631, 3254, 11631
6, 3613, 144523254, 144527423, 3254, 7423
6, 3614, 144563254, 144567423, 3254, 7423
6, 3615, 144603254, 144607423, 3254, 7423
6, 3616, 144643254, 144647423, 3254, 7423
6, 3617, 144683254, 144687423, 3254, 7423
6, 3618, 144723254, 144727423, 3254, 7423
6, 3619, 144763254, 144770653, 3254, 10653
6, 362, 14483254, 14487423, 3254, 7423
6, 3620, 144803254, 144808968, 3254, 8968
6, 3621, 144843254, 144847423, 3254, 7423
6, 3622, 144883254, 144887423, 3254, 7423
6, 3623, 144923254, 144927423, 3254, 7423
6, 3624, 144963254, 144967423, 3254, 7423
6, 3625, 145003254, 145007423, 3254, 7423
6, 3626, 145043254, 145051534, 3254, 11534
6, 3627, 145083254, 145087423, 3254, 7423
6, 3628, 145123254, 145127423, 3254, 7423
6, 3629, 145163254, 145167423, 3254, 7423
6, 363, 14523254, 14527423, 3254, 7423
6, 3630, 145203254, 145207715, 3254, 7715
6, 3631, 145243254, 145247423, 3254, 7423
6, 3632, 145283254, 145287423, 3254, 7423
6, 3633, 145323254, 145331476, 3254, 11476
6, 3634, 145363254, 145367423, 3254, 7423
6, 3635, 145403254, 145407423, 3254, 7423
6, 3636, 145443254, 145447423, 3254, 7423
6, 3637, 145483254, 145487423, 3254, 7423
6, 3638, 145523254, 145527423, 3254, 7423
6, 3639, 145563254, 145567423, 3254, 7423
6, 364, 14563254, 14571631, 3254, 11631
6, 3640, 145603254, 145612352, 3254, 12352
6, 3641, 145643254, 145647423, 3254, 7423
6, 3642, 145683254, 145687423, 3254, 7423
6, 3643, 145723254, 145727423, 3254, 7423
6, 3644, 145763254, 145767423, 3254, 7423
6, 3645, 145803254, 145807423, 3254, 7423
6, 3646, 145843254, 145847423, 3254, 7423
6, 3647, 145883254, 145890555, 3254, 10555
6, 3648, 145923254, 145928652, 3254, 8652
6, 3649, 145963254, 145967423, 3254, 7423
6, 365, 14603254, 14607423, 3254, 7423
6, 3650, 146003254, 146007423, 3254, 7423
6, 3651, 146043254, 146047423, 3254, 7423
6, 3652, 146083254, 146087423, 3254, 7423
6, 3653, 146123254, 146127423, 3254, 7423
6, 3654, 146163254, 146171631, 3254, 11631
6, 3655, 146203254, 146207423, 3254, 7423
6, 3656, 146243254, 146247423, 3254, 7423
6, 3657, 146283254, 146287423, 3254, 7423
6, 3658, 146323254, 146327423, 3254, 7423
6, 3659, 146363254, 146367423, 3254, 7423
6, 366, 14643254, 14647423, 3254, 7423
6, 3660, 146403254, 146409399, 3254, 9399
6, 3661, 146443254, 146450653, 3254, 10653
6, 3662, 146483254, 146487423, 3254, 7423
6, 3663, 146523254, 146527423, 3254, 7423
6, 3664, 146563254, 146567423, 3254, 7423
6, 3665, 146603254, 146607423, 3254, 7423
6, 3666, 146643254, 146647423, 3254, 7423
6, 3667, 146683254, 146687423, 3254, 7423
6, 3668, 146723254, 146732279, 3254, 12279
6, 3669, 146763254, 146767423, 3254, 7423
6, 367, 14683254, 14687423, 3254, 7423
6, 3670, 146803254, 146807423, 3254, 7423
6, 3671, 146843254, 146847423, 3254, 7423
6, 3672, 146883254, 146887423, 3254, 7423
6, 3673, 146923254, 146927423, 3254, 7423
6, 3674, 146963254, 146967423, 3254, 7423
6, 3675, 147003254, 147011525, 3254, 11525
6, 3676, 147043254, 147047423, 3254, 7423
6, 3677, 147083254, 147087423, 3254, 7423
6, 3678, 147123254, 147127423, 3254, 7423
6, 3679, 147163254, 147167423, 3254, 7423
6, 368, 14723254, 14727423, 3254, 7423
6, 3680, 147203254, 147207423, 3254, 7423
6, 3681, 147243254, 147247423, 3254, 7423
6, 3682, 147283254, 147291631, 3254, 11631
6, 3683, 147323254, 147327423, 3254, 7423
6, 3684, 147363254, 147367423, 3254, 7423
6, 3685, 147403254, 147407423, 3254, 7423
6, 3686, 147443254, 147447423, 3254, 7423
6, 3687, 147483254, 147487423, 3254, 7423
6, 3688, 147523254, 147527423, 3254, 7423
6, 3689, 147563254, 147570555, 3254, 10555
6, 369, 14763254, 14767423, 3254, 7423
6, 3690, 147603254, 147609066, 3254, 9066
6, 3691, 147643254, 147647423, 3254, 7423
6, 3692, 147683254, 147687423, 3254, 7423
6, 3693, 147723254, 147727423, 3254, 7423
6, 3694, 147763254, 147767423, 3254, 7423
6, 3695, 147803254, 147807423, 3254, 7423
6, 3696, 147843254, 147851631, 3254, 11631
6, 3697, 147883254, 147887423, 3254, 7423
6, 3698, 147923254, 147927423, 3254, 7423
6, 3699, 147963254, 147967423, 3254, 7423
6, 37, 1483254, 1487423, 3254, 7423
6, 370, 14803254, 14807423, 3254, 7423
6, 3700, 148003254, 148007423, 3254, 7423
6, 3701, 148043254, 148047423, 3254, 7423
6, 3702, 148083254, 148087423, 3254, 7423
6, 3703, 148123254, 148131476, 3254, 11476
6, 3704, 148163254, 148167423, 3254, 7423
6, 3705, 148203254, 148207715, 3254, 7715
6, 3706, 148243254, 148247423, 3254, 7423
6, 3707, 148283254, 148287423, 3254, 7423
6, 3708, 148323254, 148327423, 3254, 7423
6, 3709, 148363254, 148367423, 3254, 7423
6, 371, 14843254, 14850555, 3254, 10555
6, 3710, 148403254, 148412279, 3254, 12279
6, 3711, 148443254, 148447423, 3254, 7423
6, 3712, 148483254, 148487423, 3254, 7423
6, 3713, 148523254, 148527423, 3254, 7423
6, 3714, 148563254, 148567423, 3254, 7423
6, 3715, 148603254, 148607423, 3254, 7423
6, 3716, 148643254, 148647423, 3254, 7423
6, 3717, 148683254, 148691123, 3254, 11123
6, 3718, 148723254, 148727423, 3254, 7423
6, 3719, 148763254, 148767423, 3254, 7423
6, 372, 14883254, 14887569, 3254, 7569
6, 3720, 148803254, 148807715, 3254, 7715
6, 3721, 148843254, 148847423, 3254, 7423
6, 3722, 148883254, 148887423, 3254, 7423
6, 3723, 148923254, 148927423, 3254, 7423
6, 3724, 148963254, 148975028, 3254, 15028
6, 3725, 149003254, 149007423, 3254, 7423
6, 3726, 149043254, 149047423, 3254, 7423
6, 3727, 149083254, 149087423, 3254, 7423
6, 3728, 149123254, 149127423, 3254, 7423
6, 3729, 149163254, 149167423, 3254, 7423
6, 373, 14923254, 14927423, 3254, 7423
6, 3730, 149203254, 149207423, 3254, 7423
6, 3731, 149243254, 149250555, 3254, 10555
6, 3732, 149283254, 149287569, 3254, 7569
6, 3733, 149323254, 149327423, 3254, 7423
6, 3734, 149363254, 149367423, 3254, 7423
6, 3735, 149403254, 149407423, 3254, 7423
6, 3736, 149443254, 149447423, 3254, 7423
6, 3737, 149483254, 149487423, 3254, 7423
6, 3738, 149523254, 149532352, 3254, 12352
6, 3739, 149563254, 149567423, 3254, 7423
6, 374, 14963254, 14967423, 3254, 7423
6, 3740, 149603254, 149607423, 3254, 7423
6, 3741, 149643254, 149647423, 3254, 7423
6, 3742, 149683254, 149687423, 3254, 7423
6, 3743, 149723254, 149727423, 3254, 7423
6, 3744, 149763254, 149767423, 3254, 7423
6, 3745, 149803254, 149811525, 3254, 11525
6, 3746, 149843254, 149847423, 3254, 7423
6, 3747, 149883254, 149887423, 3254, 7423
6, 3748, 149923254, 149927423, 3254, 7423
6, 3749, 149963254, 149967423, 3254, 7423
6, 375, 15003254, 15007423, 3254, 7423
6, 3750, 150003254, 150007715, 3254, 7715
6, 3751, 150043254, 150047423, 3254, 7423
6, 3752, 150083254, 150091534, 3254, 11534
6, 3753, 150123254, 150127423, 3254, 7423
6, 3754, 150163254, 150167423, 3254, 7423
6, 3755, 150203254, 150207423, 3254, 7423
6, 3756, 150243254, 150247423, 3254, 7423
6, 3757, 150283254, 150287423, 3254, 7423
6, 3758, 150323254, 150327423, 3254, 7423
6, 3759, 150363254, 150370653, 3254, 10653
6, 376, 15043254, 15047423, 3254, 7423
6, 3760, 150403254, 150408968, 3254, 8968
6, 3761, 150443254, 150447423, 3254, 7423
6, 3762, 150483254, 150487715, 3254, 7715
6, 3763, 150523254, 150527423, 3254, 7423
6, 3764, 150563254, 150567423, 3254, 7423
6, 3765, 150603254, 150607423, 3254, 7423
6, 3766, 150643254, 150651631, 3254, 11631
6, 3767, 150683254, 150687423, 3254, 7423
6, 3768, 150723254, 150727423, 3254, 7423
6, 3769, 150763254, 150767423, 3254, 7423
6, 377, 15083254, 15087423, 3254, 7423
6, 3770, 150803254, 150807423, 3254, 7423
6, 3771, 150843254, 150847423, 3254, 7423
6, 3772, 150883254, 150887423, 3254, 7423
6, 3773, 150923254, 150931379, 3254, 11379
6, 3774, 150963254, 150968652, 3254, 8652
6, 3775, 151003254, 151007423, 3254, 7423
6, 3776, 151043254, 151047423, 3254, 7423
6, 3777, 151083254, 151087423, 3254, 7423
6, 3778, 151123254, 151127423, 3254, 7423
6, 3779, 151163254, 151167423, 3254, 7423
6, 378, 15123254, 15132352, 3254, 12352
6, 3780, 151203254, 151212352, 3254, 12352
6, 3781, 151243254, 151247423, 3254, 7423
6, 3782, 151283254, 151287423, 3254, 7423
6, 3783, 151323254, 151327423, 3254, 7423
6, 3784, 151363254, 151367423, 3254, 7423
6, 3785, 151403254, 151407423, 3254, 7423
6, 3786, 151443254, 151447423, 3254, 7423
6, 3787, 151483254, 151490653, 3254, 10653
6, 3788, 151523254, 151527423, 3254, 7423
6, 3789, 151563254, 151567423, 3254, 7423
6, 379, 15163254, 15167423, 3254, 7423
6, 3790, 151603254, 151607423, 3254, 7423
6, 3791, 151643254, 151647423, 3254, 7423
6, 3792, 151683254, 151687423, 3254, 7423
6, 3793, 151723254, 151727423, 3254, 7423
6, 3794, 151763254, 151771534, 3254, 11534
6, 3795, 151803254, 151807703, 3254, 7703
6, 3796, 151843254, 151847423, 3254, 7423
6, 3797, 151883254, 151887423, 3254, 7423
6, 3798, 151923254, 151927423, 3254, 7423
6, 3799, 151963254, 151967423, 3254, 7423
6, 38, 1523254, 1527423, 3254, 7423
6, 380, 15203254, 15209607, 3254, 9607
6, 3800, 152003254, 152009607, 3254, 9607
6, 3801, 152043254, 152050653, 3254, 10653
6, 3802, 152083254, 152087423, 3254, 7423
6, 3803, 152123254, 152127423, 3254, 7423
6, 3804, 152163254, 152167423, 3254, 7423
6, 3805, 152203254, 152207423, 3254, 7423
6, 3806, 152243254, 152247423, 3254, 7423
6, 3807, 152283254, 152287423, 3254, 7423
6, 3808, 152323254, 152332352, 3254, 12352
6, 3809, 152363254, 152367423, 3254, 7423
6, 381, 15243254, 15247423, 3254, 7423
6, 3810, 152403254, 152407715, 3254, 7715
6, 3811, 152443254, 152447423, 3254, 7423
6, 3812, 152483254, 152487423, 3254, 7423
6, 3813, 152523254, 152527423, 3254, 7423
6, 3814, 152563254, 152567423, 3254, 7423
6, 3815, 152603254, 152611427, 3254, 11427
6, 3816, 152643254, 152647703, 3254, 7703
6, 3817, 152683254, 152687423, 3254, 7423
6, 3818, 152723254, 152727423, 3254, 7423
6, 3819, 152763254, 152767423, 3254, 7423
6, 382, 15283254, 15287423, 3254, 7423
6, 3820, 152803254, 152807423, 3254, 7423
6, 3821, 152843254, 152847423, 3254, 7423
6, 3822, 152883254, 152891631, 3254, 11631
6, 3823, 152923254, 152927423, 3254, 7423
6, 3824, 152963254, 152967423, 3254, 7423
6, 3825, 153003254, 153007423, 3254, 7423
6, 3826, 153043254, 153047423, 3254, 7423
6, 3827, 153083254, 153087423, 3254, 7423
6, 3828, 153123254, 153127423, 3254, 7423
6, 3829, 153163254, 153170653, 3254, 10653
6, 383, 15323254, 15327423, 3254, 7423
6, 3830, 153203254, 153208968, 3254, 8968
6, 3831, 153243254, 153247423, 3254, 7423
6, 3832, 153283254, 153287423, 3254, 7423
6, 3833, 153323254, 153327423, 3254, 7423
6, 3834, 153363254, 153367423, 3254, 7423
6, 3835, 153403254, 153407423, 3254, 7423
6, 3836, 153443254, 153451534, 3254, 11534
6, 3837, 153483254, 153487423, 3254, 7423
6, 3838, 153523254, 153527423, 3254, 7423
6, 3839, 153563254, 153567423, 3254, 7423
6, 384, 15363254, 15367423, 3254, 7423
6, 3840, 153603254, 153607715, 3254, 7715
6, 3841, 153643254, 153647423, 3254, 7423
6, 3842, 153683254, 153687423, 3254, 7423
6, 3843, 153723254, 153731476, 3254, 11476
6, 3844, 153763254, 153767423, 3254, 7423
6, 3845, 153803254, 153807423, 3254, 7423
6, 3846, 153843254, 153847423, 3254, 7423
6, 3847, 153883254, 153887423, 3254, 7423
6, 3848, 153923254, 153927423, 3254, 7423
6, 3849, 153963254, 153967423, 3254, 7423
6, 385, 15403254, 15411525, 3254, 11525
6, 3850, 154003254, 154012669, 3254, 12669
6, 3851, 154043254, 154047423, 3254, 7423
6, 3852, 154083254, 154087423, 3254, 7423
6, 3853, 154123254, 154127423, 3254, 7423
6, 3854, 154163254, 154167423, 3254, 7423
6, 3855, 154203254, 154207423, 3254, 7423
6, 3856, 154243254, 154247423, 3254, 7423
6, 3857, 154283254, 154291776, 3254, 11776
6, 3858, 154323254, 154327703, 3254, 7703
6, 3859, 154363254, 154367423, 3254, 7423
6, 386, 15443254, 15447423, 3254, 7423
6, 3860, 154403254, 154407423, 3254, 7423
6, 3861, 154443254, 154447423, 3254, 7423
6, 3862, 154483254, 154487423, 3254, 7423
6, 3863, 154523254, 154527423, 3254, 7423
6, 3864, 154563254, 154571631, 3254, 11631
6, 3865, 154603254, 154607423, 3254, 7423
6, 3866, 154643254, 154647423, 3254, 7423
6, 3867, 154683254, 154687423, 3254, 7423
6, 3868, 154723254, 154727423, 3254, 7423
6, 3869, 154763254, 154767423, 3254, 7423
6, 387, 15483254, 15487423, 3254, 7423
6, 3870, 154803254, 154807715, 3254, 7715
6, 3871, 154843254, 154850653, 3254, 10653
6, 3872, 154883254, 154887423, 3254, 7423
6, 3873, 154923254, 154927423, 3254, 7423
6, 3874, 154963254, 154967423, 3254, 7423
6, 3875, 155003254, 155007423, 3254, 7423
6, 3876, 155043254, 155047715, 3254, 7715
6, 3877, 155083254, 155087423, 3254, 7423
6, 3878, 155123254, 155132279, 3254, 12279
6, 3879, 155163254, 155167423, 3254, 7423
6, 388, 15523254, 15527423, 3254, 7423
6, 3880, 155203254, 155207423, 3254, 7423
6, 3881, 155243254, 155247423, 3254, 7423
6, 3882, 155283254, 155287423, 3254, 7423
6, 3883, 155323254, 155327423, 3254, 7423
6, 3884, 155363254, 155367423, 3254, 7423
6, 3885, 155403254, 155411525, 3254, 11525
6, 3886, 155443254, 155447423, 3254, 7423
6, 3887, 155483254, 155487423, 3254, 7423
6, 3888, 155523254, 155527715, 3254, 7715
6, 3889, 155563254, 155567423, 3254, 7423
6, 389, 15563254, 15567423, 3254, 7423
6, 3890, 155603254, 155607423, 3254, 7423
6, 3891, 155643254, 155647423, 3254, 7423
6, 3892, 155683254, 155691631, 3254, 11631
6, 3893, 155723254, 155727423, 3254, 7423
6, 3894, 155763254, 155767423, 3254, 7423
6, 3895, 155803254, 155807423, 3254, 7423
6, 3896, 155843254, 155847423, 3254, 7423
6, 3897, 155883254, 155887423, 3254, 7423
6, 3898, 155923254, 155927423, 3254, 7423
6, 3899, 155963254, 155970555, 3254, 10555
6, 39, 1563254, 1567423, 3254, 7423
6, 390, 15603254, 15607715, 3254, 7715
6, 3900, 156003254, 156009369, 3254, 9369
6, 3901, 156043254, 156047423, 3254, 7423
6, 3902, 156083254, 156087423, 3254, 7423
6, 3903, 156123254, 156127423, 3254, 7423
6, 3904, 156163254, 156167423, 3254, 7423
6, 3905, 156203254, 156207423, 3254, 7423
6, 3906, 156243254, 156251631, 3254, 11631
6, 3907, 156283254, 156287423, 3254, 7423
6, 3908, 156323254, 156327423, 3254, 7423
6, 3909, 156363254, 156367423, 3254, 7423
6, 391, 15643254, 15647423, 3254, 7423
6, 3910, 156403254, 156407423, 3254, 7423
6, 3911, 156443254, 156447423, 3254, 7423
6, 3912, 156483254, 156487423, 3254, 7423
6, 3913, 156523254, 156531476, 3254, 11476
6, 3914, 156563254, 156568506, 3254, 8506
6, 3915, 156603254, 156607423, 3254, 7423
6, 3916, 156643254, 156647423, 3254, 7423
6, 3917, 156683254, 156687423, 3254, 7423
6, 3918, 156723254, 156727423, 3254, 7423
6, 3919, 156763254, 156767423, 3254, 7423
6, 392, 15683254, 15691956, 3254, 11956
6, 3920, 156803254, 156812279, 3254, 12279
6, 3921, 156843254, 156847423, 3254, 7423
6, 3922, 156883254, 156887423, 3254, 7423
6, 3923, 156923254, 156927423, 3254, 7423
6, 3924, 156963254, 156967423, 3254, 7423
6, 3925, 157003254, 157007423, 3254, 7423
6, 3926, 157043254, 157047423, 3254, 7423
6, 3927, 157083254, 157090653, 3254, 10653
6, 3928, 157123254, 157127423, 3254, 7423
6, 3929, 157163254, 157167423, 3254, 7423
6, 393, 15723254, 15727423, 3254, 7423
6, 3930, 157203254, 157207715, 3254, 7715
6, 3931, 157243254, 157247423, 3254, 7423
6, 3932, 157283254, 157287423, 3254, 7423
6, 3933, 157323254, 157327423, 3254, 7423
6, 3934, 157363254, 157371631, 3254, 11631
6, 3935, 157403254, 157407423, 3254, 7423
6, 3936, 157443254, 157447423, 3254, 7423
6, 3937, 157483254, 157487423, 3254, 7423
6, 3938, 157523254, 157527423, 3254, 7423
6, 3939, 157563254, 157567423, 3254, 7423
6, 394, 15763254, 15767423, 3254, 7423
6, 3940, 157603254, 157607423, 3254, 7423
6, 3941, 157643254, 157650555, 3254, 10555
6, 3942, 157683254, 157687569, 3254, 7569
6, 3943, 157723254, 157727423, 3254, 7423
6, 3944, 157763254, 157767423, 3254, 7423
6, 3945, 157803254, 157807715, 3254, 7715
6, 3946, 157843254, 157847423, 3254, 7423
6, 3947, 157883254, 157887423, 3254, 7423
6, 3948, 157923254, 157932352, 3254, 12352
6, 3949, 157963254, 157967423, 3254, 7423
6, 395, 15803254, 15807423, 3254, 7423
6, 3950, 158003254, 158007423, 3254, 7423
6, 3951, 158043254, 158047423, 3254, 7423
6, 3952, 158083254, 158087423, 3254, 7423
6, 3953, 158123254, 158127423, 3254, 7423
6, 3954, 158163254, 158167423, 3254, 7423
6, 3955, 158203254, 158211525, 3254, 11525
6, 3956, 158243254, 158247423, 3254, 7423
6, 3957, 158283254, 158287423, 3254, 7423
6, 3958, 158323254, 158327423, 3254, 7423
6, 3959, 158363254, 158367423, 3254, 7423
6, 396, 15843254, 15847423, 3254, 7423
6, 3960, 158403254, 158407715, 3254, 7715
6, 3961, 158443254, 158447423, 3254, 7423
6, 3962, 158483254, 158491534, 3254, 11534
6, 3963, 158523254, 158527423, 3254, 7423
6, 3964, 158563254, 158567423, 3254, 7423
6, 3965, 158603254, 158607423, 3254, 7423
6, 3966, 158643254, 158647423, 3254, 7423
6, 3967, 158683254, 158687423, 3254, 7423
6, 3968, 158723254, 158727423, 3254, 7423
6, 3969, 158763254, 158770653, 3254, 10653
6, 397, 15883254, 15887423, 3254, 7423
6, 3970, 158803254, 158808968, 3254, 8968
6, 3971, 158843254, 158847423, 3254, 7423
6, 3972, 158883254, 158887423, 3254, 7423
6, 3973, 158923254, 158927423, 3254, 7423
6, 3974, 158963254, 158967423, 3254, 7423
6, 3975, 159003254, 159007423, 3254, 7423
6, 3976, 159043254, 159051631, 3254, 11631
6, 3977, 159083254, 159087423, 3254, 7423
6, 3978, 159123254, 159127423, 3254, 7423
6, 3979, 159163254, 159167423, 3254, 7423
6, 398, 15923254, 15927423, 3254, 7423
6, 3980, 159203254, 159207423, 3254, 7423
6, 3981, 159243254, 159247423, 3254, 7423
6, 3982, 159283254, 159287423, 3254, 7423
6, 3983, 159323254, 159331850, 3254, 11850
6, 3984, 159363254, 159367703, 3254, 7703
6, 3985, 159403254, 159407423, 3254, 7423
6, 3986, 159443254, 159447423, 3254, 7423
6, 3987, 159483254, 159487423, 3254, 7423
6, 3988, 159523254, 159527423, 3254, 7423
6, 3989, 159563254, 159567423, 3254, 7423
6, 399, 15963254, 15971873, 3254, 11873
6, 4, 163254, 167423, 3254, 7423
6, 40, 1603254, 1607423, 3254, 7423
6, 400, 16003254, 16008968, 3254, 8968
6, 401, 16043254, 16047423, 3254, 7423
6, 402, 16083254, 16087423, 3254, 7423
6, 403, 16123254, 16127423, 3254, 7423
6, 404, 16163254, 16167423, 3254, 7423
6, 405, 16203254, 16207423, 3254, 7423
6, 406, 16243254, 16251631, 3254, 11631
6, 407, 16283254, 16287423, 3254, 7423
6, 408, 16323254, 16327423, 3254, 7423
6, 409, 16363254, 16367423, 3254, 7423
6, 41, 1643254, 1647423, 3254, 7423
6, 410, 16403254, 16407423, 3254, 7423
6, 411, 16443254, 16447423, 3254, 7423
6, 412, 16483254, 16487423, 3254, 7423
6, 413, 16523254, 16531379, 3254, 11379
6, 414, 16563254, 16567703, 3254, 7703
6, 415, 16603254, 16607423, 3254, 7423
6, 416, 16643254, 16647423, 3254, 7423
6, 417, 16683254, 16687423, 3254, 7423
6, 418, 16723254, 16727423, 3254, 7423
6, 419, 16763254, 16767423, 3254, 7423
6, 42, 1683254, 1691631, 3254, 11631
6, 420, 16803254, 16812352, 3254, 12352
6, 421, 16843254, 16847423, 3254, 7423
6, 422, 16883254, 16887423, 3254, 7423
6, 423, 16923254, 16927423, 3254, 7423
6, 424, 16963254, 16967423, 3254, 7423
6, 425, 17003254, 17007423, 3254, 7423
6, 426, 17043254, 17047423, 3254, 7423
6, 427, 17083254, 17090653, 3254, 10653
6, 428, 17123254, 17127423, 3254, 7423
6, 429, 17163254, 17167423, 3254, 7423
6, 43, 1723254, 1727423, 3254, 7423
6, 430, 17203254, 17209301, 3254, 9301
6, 431, 17243254, 17247423, 3254, 7423
6, 432, 17283254, 17287423, 3254, 7423
6, 433, 17323254, 17327423, 3254, 7423
6, 434, 17363254, 17371534, 3254, 11534
6, 435, 17403254, 17407703, 3254, 7703
6, 436, 17443254, 17447423, 3254, 7423
6, 437, 17483254, 17487423, 3254, 7423
6, 438, 17523254, 17527423, 3254, 7423
6, 439, 17563254, 17567423, 3254, 7423
6, 44, 1763254, 1767423, 3254, 7423
6, 440, 17603254, 17607423, 3254, 7423
6, 441, 17643254, 17650653, 3254, 10653
6, 442, 17683254, 17687423, 3254, 7423
6, 443, 17723254, 17727423, 3254, 7423
6, 444, 17763254, 17767423, 3254, 7423
6, 445, 17803254, 17807423, 3254, 7423
6, 446, 17843254, 17847423, 3254, 7423
6, 447, 17883254, 17887423, 3254, 7423
6, 448, 17923254, 17932352, 3254, 12352
6, 449, 17963254, 17967423, 3254, 7423
6, 45, 1803254, 1807423, 3254, 7423
6, 450, 18003254, 18007715, 3254, 7715
6, 451, 18043254, 18047423, 3254, 7423
6, 452, 18083254, 18087423, 3254, 7423
6, 453, 18123254, 18127423, 3254, 7423
6, 454, 18163254, 18167423, 3254, 7423
6, 455, 18203254, 18211427, 3254, 11427
6, 456, 18243254, 18248652, 3254, 8652
6, 457, 18283254, 18287423, 3254, 7423
6, 458, 18323254, 18327423, 3254, 7423
6, 459, 18363254, 18367423, 3254, 7423
6, 46, 1843254, 1847423, 3254, 7423
6, 460, 18403254, 18407423, 3254, 7423
6, 461, 18443254, 18447423, 3254, 7423
6, 462, 18483254, 18491631, 3254, 11631
6, 463, 18523254, 18527423, 3254, 7423
6, 464, 18563254, 18567423, 3254, 7423
6, 465, 18603254, 18607423, 3254, 7423
6, 466, 18643254, 18647423, 3254, 7423
6, 467, 18683254, 18687423, 3254, 7423
6, 468, 18723254, 18727715, 3254, 7715
6, 469, 18763254, 18770653, 3254, 10653
6, 47, 1883254, 1887423, 3254, 7423
6, 470, 18803254, 18808968, 3254, 8968
6, 471, 18843254, 18847423, 3254, 7423
6, 472, 18883254, 18887423, 3254, 7423
6, 473, 18923254, 18927423, 3254, 7423
6, 474, 18963254, 18967423, 3254, 7423
6, 475, 19003254, 19007423, 3254, 7423
6, 476, 19043254, 19051534, 3254, 11534
6, 477, 19083254, 19087423, 3254, 7423
6, 478, 19123254, 19127423, 3254, 7423
6, 479, 19163254, 19167423, 3254, 7423
6, 48, 1923254, 1927423, 3254, 7423
6, 480, 19203254, 19207715, 3254, 7715
6, 481, 19243254, 19247423, 3254, 7423
6, 482, 19283254, 19287423, 3254, 7423
6, 483, 19323254, 19331476, 3254, 11476
6, 484, 19363254, 19367423, 3254, 7423
6, 485, 19403254, 19407423, 3254, 7423
6, 486, 19443254, 19447423, 3254, 7423
6, 487, 19483254, 19487423, 3254, 7423
6, 488, 19523254, 19527423, 3254, 7423
6, 489, 19563254, 19567423, 3254, 7423
6, 49, 1963254, 1970653, 3254, 10653
6, 490, 19603254, 19612352, 3254, 12352
6, 491, 19643254, 19647423, 3254, 7423
6, 492, 19683254, 19687423, 3254, 7423
6, 493, 19723254, 19727423, 3254, 7423
6, 494, 19763254, 19767423, 3254, 7423
6, 495, 19803254, 19807423, 3254, 7423
6, 496, 19843254, 19847423, 3254, 7423
6, 497, 19883254, 19890555, 3254, 10555
6, 498, 19923254, 19927703, 3254, 7703
6, 499, 19963254, 19967423, 3254, 7423
6, 5, 203254, 207423, 3254, 7423
6, 50, 2003254, 2009391, 3254, 9391
6, 500, 20003254, 20007423, 3254, 7423
6, 501, 20043254, 20047423, 3254, 7423
6, 502, 20083254, 20087423, 3254, 7423
6, 503, 20123254, 20127423, 3254, 7423
6, 504, 20163254, 20171631, 3254, 11631
6, 505, 20203254, 20207423, 3254, 7423
6, 506, 20243254, 20247423, 3254, 7423
6, 507, 20283254, 20287423, 3254, 7423
6, 508, 20323254, 20327423, 3254, 7423
6, 509, 20363254, 20367423, 3254, 7423
6, 51, 2043254, 2047423, 3254, 7423
6, 510, 20403254, 20407715, 3254, 7715
6, 511, 20443254, 20450653, 3254, 10653
6, 512, 20483254, 20487423, 3254, 7423
6, 513, 20523254, 20527423, 3254, 7423
6, 514, 20563254, 20567423, 3254, 7423
6, 515, 20603254, 20607423, 3254, 7423
6, 516, 20643254, 20647423, 3254, 7423
6, 517, 20683254, 20687423, 3254, 7423
6, 518, 20723254, 20732279, 3254, 12279
6, 519, 20763254, 20767423, 3254, 7423
6, 52, 2083254, 2087423, 3254, 7423
6, 520, 20803254, 20807423, 3254, 7423
6, 521, 20843254, 20847423, 3254, 7423
6, 522, 20883254, 20887423, 3254, 7423
6, 523, 20923254, 20927423, 3254, 7423
6, 524, 20963254, 20967423, 3254, 7423
6, 525, 21003254, 21011947, 3254, 11947
6, 526, 21043254, 21047423, 3254, 7423
6, 527, 21083254, 21087423, 3254, 7423
6, 528, 21123254, 21127423, 3254, 7423
6, 529, 21163254, 21167423, 3254, 7423
6, 53, 2123254, 2127423, 3254, 7423
6, 530, 21203254, 21207423, 3254, 7423
6, 531, 21243254, 21247423, 3254, 7423
6, 532, 21283254, 21295028, 3254, 15028
6, 533, 21323254, 21327423, 3254, 7423
6, 534, 21363254, 21367423, 3254, 7423
6, 535, 21403254, 21407423, 3254, 7423
6, 536, 21443254, 21447423, 3254, 7423
6, 537, 21483254, 21487423, 3254, 7423
6, 538, 21523254, 21527423, 3254, 7423
6, 539, 21563254, 21570555, 3254, 10555
6, 54, 2163254, 2167423, 3254, 7423
6, 540, 21603254, 21609066, 3254, 9066
6, 541, 21643254, 21647423, 3254, 7423
6, 542, 21683254, 21687423, 3254, 7423
6, 543, 21723254, 21727423, 3254, 7423
6, 544, 21763254, 21767423, 3254, 7423
6, 545, 21803254, 21807423, 3254, 7423
6, 546, 21843254, 21851631, 3254, 11631
6, 547, 21883254, 21887423, 3254, 7423
6, 548, 21923254, 21927423, 3254, 7423
6, 549, 21963254, 21967423, 3254, 7423
6, 55, 2203254, 2207423, 3254, 7423
6, 550, 22003254, 22007423, 3254, 7423
6, 551, 22043254, 22047423, 3254, 7423
6, 552, 22083254, 22087423, 3254, 7423
6, 553, 22123254, 22131476, 3254, 11476
6, 554, 22163254, 22167423, 3254, 7423
6, 555, 22203254, 22207423, 3254, 7423
6, 556, 22243254, 22247423, 3254, 7423
6, 557, 22283254, 22287423, 3254, 7423
6, 558, 22323254, 22327423, 3254, 7423
6, 559, 22363254, 22367423, 3254, 7423
6, 56, 2243254, 2251534, 3254, 11534
6, 560, 22403254, 22412279, 3254, 12279
6, 561, 22443254, 22447423, 3254, 7423
6, 562, 22483254, 22487423, 3254, 7423
6, 563, 22523254, 22527423, 3254, 7423
6, 564, 22563254, 22567423, 3254, 7423
6, 565, 22603254, 22607423, 3254, 7423
6, 566, 22643254, 22647423, 3254, 7423
6, 567, 22683254, 22690653, 3254, 10653
6, 568, 22723254, 22727423, 3254, 7423
6, 569, 22763254, 22767423, 3254, 7423
6, 57, 2283254, 2287569, 3254, 7569
6, 570, 22803254, 22809753, 3254, 9753
6, 571, 22843254, 22847423, 3254, 7423
6, 572, 22883254, 22887423, 3254, 7423
6, 573, 22923254, 22927423, 3254, 7423
6, 574, 22963254, 22971631, 3254, 11631
6, 575, 23003254, 23007423, 3254, 7423
6, 576, 23043254, 23047423, 3254, 7423
6, 577, 23083254, 23087423, 3254, 7423
6, 578, 23123254, 23127423, 3254, 7423
6, 579, 23163254, 23167423, 3254, 7423
6, 58, 2323254, 2327423, 3254, 7423
6, 580, 23203254, 23207423, 3254, 7423
6, 581, 23243254, 23250555, 3254, 10555
6, 582, 23283254, 23289418, 3254, 9418
6, 583, 23323254, 23327423, 3254, 7423
6, 584, 23363254, 23367423, 3254, 7423
6, 585, 23403254, 23407423, 3254, 7423
6, 586, 23443254, 23447423, 3254, 7423
6, 587, 23483254, 23487423, 3254, 7423
6, 588, 23523254, 23532352, 3254, 12352
6, 589, 23563254, 23567423, 3254, 7423
6, 59, 2363254, 2367423, 3254, 7423
6, 590, 23603254, 23607423, 3254, 7423
6, 591, 23643254, 23647423, 3254, 7423
6, 592, 23683254, 23687423, 3254, 7423
6, 593, 23723254, 23727423, 3254, 7423
6, 594, 23763254, 23767423, 3254, 7423
6, 595, 23803254, 23811525, 3254, 11525
6, 596, 23843254, 23847423, 3254, 7423
6, 597, 23883254, 23887423, 3254, 7423
6, 598, 23923254, 23927423, 3254, 7423
6, 599, 23963254, 23967423, 3254, 7423
6, 6, 243254, 247423, 3254, 7423
6, 60, 2403254, 2407715, 3254, 7715
6, 600, 24003254, 24007715, 3254, 7715
6, 601, 24043254, 24047423, 3254, 7423
6, 602, 24083254, 24091534, 3254, 11534
6, 603, 24123254, 24127423, 3254, 7423
6, 604, 24163254, 24167423, 3254, 7423
6, 605, 24203254, 24207423, 3254, 7423
6, 606, 24243254, 24247423, 3254, 7423
6, 607, 24283254, 24287423, 3254, 7423
6, 608, 24323254, 24327423, 3254, 7423
6, 609, 24363254, 24370653, 3254, 10653
6, 61, 2443254, 2447423, 3254, 7423
6, 610, 24403254, 24408968, 3254, 8968
6, 611, 24443254, 24447423, 3254, 7423
6, 612, 24483254, 24487423, 3254, 7423
6, 613, 24523254, 24527423, 3254, 7423
6, 614, 24563254, 24567423, 3254, 7423
6, 615, 24603254, 24607423, 3254, 7423
6, 616, 24643254, 24651631, 3254, 11631
6, 617, 24683254, 24687423, 3254, 7423
6, 618, 24723254, 24727423, 3254, 7423
6, 619, 24763254, 24767423, 3254, 7423
6, 62, 2483254, 2487423, 3254, 7423
6, 620, 24803254, 24809301, 3254, 9301
6, 621, 24843254, 24847423, 3254, 7423
6, 622, 24883254, 24887423, 3254, 7423
6, 623, 24923254, 24931379, 3254, 11379
6, 624, 24963254, 24967703, 3254, 7703
6, 625, 25003254, 25007423, 3254, 7423
6, 626, 25043254, 25047423, 3254, 7423
6, 627, 25083254, 25087423, 3254, 7423
6, 628, 25123254, 25127423, 3254, 7423
6, 629, 25163254, 25167423, 3254, 7423
6, 63, 2523254, 2531476, 3254, 11476
6, 630, 25203254, 25212352, 3254, 12352
6, 631, 25243254, 25247423, 3254, 7423
6, 632, 25283254, 25287423, 3254, 7423
6, 633, 25323254, 25327423, 3254, 7423
6, 634, 25363254, 25367423, 3254, 7423
6, 635, 25403254, 25407423, 3254, 7423
6, 636, 25443254, 25447423, 3254, 7423
6, 637, 25483254, 25490653, 3254, 10653
6, 638, 25523254, 25527423, 3254, 7423
6, 639, 25563254, 25567423, 3254, 7423
6, 64, 2563254, 2567423, 3254, 7423
6, 640, 25603254, 25607423, 3254, 7423
6, 641, 25643254, 25647423, 3254, 7423
6, 642, 25683254, 25687423, 3254, 7423
6, 643, 25723254, 25727423, 3254, 7423
6, 644, 25763254, 25771534, 3254, 11534
6, 645, 25803254, 25807703, 3254, 7703
6, 646, 25843254, 25847423, 3254, 7423
6, 647, 25883254, 25887423, 3254, 7423
6, 648, 25923254, 25927423, 3254, 7423
6, 649, 25963254, 25967423, 3254, 7423
6, 65, 2603254, 2607423, 3254, 7423
6, 650, 26003254, 26007423, 3254, 7423
6, 651, 26043254, 26050653, 3254, 10653
6, 652, 26083254, 26087423, 3254, 7423
6, 653, 26123254, 26127423, 3254, 7423
6, 654, 26163254, 26167423, 3254, 7423
6, 655, 26203254, 26207423, 3254, 7423
6, 656, 26243254, 26247423, 3254, 7423
6, 657, 26283254, 26287423, 3254, 7423
6, 658, 26323254, 26332669, 3254, 12669
6, 659, 26363254, 26367423, 3254, 7423
6, 66, 2643254, 2647423, 3254, 7423
6, 660, 26403254, 26407715, 3254, 7715
6, 661, 26443254, 26447423, 3254, 7423
6, 662, 26483254, 26487423, 3254, 7423
6, 663, 26523254, 26527423, 3254, 7423
6, 664, 26563254, 26567423, 3254, 7423
6, 665, 26603254, 26612461, 3254, 12461
6, 666, 26643254, 26647703, 3254, 7703
6, 667, 26683254, 26687423, 3254, 7423
6, 668, 26723254, 26727423, 3254, 7423
6, 669, 26763254, 26767423, 3254, 7423
6, 67, 2683254, 2687423, 3254, 7423
6, 670, 26803254, 26807423, 3254, 7423
6, 671, 26843254, 26847423, 3254, 7423
6, 672, 26883254, 26891631, 3254, 11631
6, 673, 26923254, 26927423, 3254, 7423
6, 674, 26963254, 26967423, 3254, 7423
6, 675, 27003254, 27007423, 3254, 7423
6, 676, 27043254, 27047423, 3254, 7423
6, 677, 27083254, 27087423, 3254, 7423
6, 678, 27123254, 27127423, 3254, 7423
6, 679, 27163254, 27170653, 3254, 10653
6, 68, 2723254, 2727423, 3254, 7423
6, 680, 27203254, 27208968, 3254, 8968
6, 681, 27243254, 27247423, 3254, 7423
6, 682, 27283254, 27287423, 3254, 7423
6, 683, 27323254, 27327423, 3254, 7423
6, 684, 27363254, 27367715, 3254, 7715
6, 685, 27403254, 27407423, 3254, 7423
6, 686, 27443254, 27451534, 3254, 11534
6, 687, 27483254, 27487423, 3254, 7423
6, 688, 27523254, 27527423, 3254, 7423
6, 689, 27563254, 27567423, 3254, 7423
6, 69, 2763254, 2767423, 3254, 7423
6, 690, 27603254, 27607715, 3254, 7715
6, 691, 27643254, 27647423, 3254, 7423
6, 692, 27683254, 27687423, 3254, 7423
6, 693, 27723254, 27731476, 3254, 11476
6, 694, 27763254, 27767423, 3254, 7423
6, 695, 27803254, 27807423, 3254, 7423
6, 696, 27843254, 27847715, 3254, 7715
6, 697, 27883254, 27887423, 3254, 7423
6, 698, 27923254, 27927423, 3254, 7423
6, 699, 27963254, 27967423, 3254, 7423
6, 7, 283254, 290653, 3254, 10653
6, 70, 2803254, 2812352, 3254, 12352
6, 700, 28003254, 28012352, 3254, 12352
6, 701, 28043254, 28047423, 3254, 7423
6, 702, 28083254, 28087423, 3254, 7423
6, 703, 28123254, 28127423, 3254, 7423
6, 704, 28163254, 28167423, 3254, 7423
6, 705, 28203254, 28207423, 3254, 7423
6, 706, 28243254, 28247423, 3254, 7423
6, 707, 28283254, 28290555, 3254, 10555
6, 708, 28323254, 28327715, 3254, 7715
6, 709, 28363254, 28367423, 3254, 7423
6, 71, 2843254, 2847423, 3254, 7423
6, 710, 28403254, 28407423, 3254, 7423
6, 711, 28443254, 28447423, 3254, 7423
6, 712, 28483254, 28487423, 3254, 7423
6, 713, 28523254, 28527423, 3254, 7423
6, 714, 28563254, 28571631, 3254, 11631
6, 715, 28603254, 28608899, 3254, 8899
6, 716, 28643254, 28647423, 3254, 7423
6, 717, 28683254, 28687423, 3254, 7423
6, 718, 28723254, 28727423, 3254, 7423
6, 719, 28763254, 28767423, 3254, 7423
6, 72, 2883254, 2887423, 3254, 7423
6, 720, 28803254, 28807715, 3254, 7715
6, 721, 28843254, 28850653, 3254, 10653
6, 722, 28883254, 28887423, 3254, 7423
6, 723, 28923254, 28927423, 3254, 7423
6, 724, 28963254, 28967423, 3254, 7423
6, 725, 29003254, 29007423, 3254, 7423
6, 726, 29043254, 29047423, 3254, 7423
6, 727, 29083254, 29087423, 3254, 7423
6, 728, 29123254, 29132279, 3254, 12279
6, 729, 29163254, 29167423, 3254, 7423
6, 73, 2923254, 2927423, 3254, 7423
6, 730, 29203254, 29207423, 3254, 7423
6, 731, 29243254, 29247423, 3254, 7423
6, 732, 29283254, 29287423, 3254, 7423
6, 733, 29323254, 29327423, 3254, 7423
6, 734, 29363254, 29367423, 3254, 7423
6, 735, 29403254, 29411525, 3254, 11525
6, 736, 29443254, 29447423, 3254, 7423
6, 737, 29483254, 29487423, 3254, 7423
6, 738, 29523254, 29527423, 3254, 7423
6, 739, 29563254, 29567423, 3254, 7423
6, 74, 2963254, 2967423, 3254, 7423
6, 740, 29603254, 29607423, 3254, 7423
6, 741, 29643254, 29647423, 3254, 7423
6, 742, 29683254, 29691631, 3254, 11631
6, 743, 29723254, 29727423, 3254, 7423
6, 744, 29763254, 29767423, 3254, 7423
6, 745, 29803254, 29807423, 3254, 7423
6, 746, 29843254, 29847423, 3254, 7423
6, 747, 29883254, 29887423, 3254, 7423
6, 748, 29923254, 29927423, 3254, 7423
6, 749, 29963254, 29970555, 3254, 10555
6, 75, 3003254, 3007423, 3254, 7423
6, 750, 30003254, 30009066, 3254, 9066
6, 751, 30043254, 30047423, 3254, 7423
6, 752, 30083254, 30087423, 3254, 7423
6, 753, 30123254, 30127423, 3254, 7423
6, 754, 30163254, 30167423, 3254, 7423
6, 755, 30203254, 30207423, 3254, 7423
6, 756, 30243254, 30251631, 3254, 11631
6, 757, 30283254, 30287423, 3254, 7423
6, 758, 30323254, 30327423, 3254, 7423
6, 759, 30363254, 30367423, 3254, 7423
6, 76, 3043254, 3047423, 3254, 7423
6, 760, 30403254, 30409607, 3254, 9607
6, 761, 30443254, 30447423, 3254, 7423
6, 762, 30483254, 30487423, 3254, 7423
6, 763, 30523254, 30531476, 3254, 11476
6, 764, 30563254, 30567423, 3254, 7423
6, 765, 30603254, 30607423, 3254, 7423
6, 766, 30643254, 30647423, 3254, 7423
6, 767, 30683254, 30687423, 3254, 7423
6, 768, 30723254, 30727423, 3254, 7423
6, 769, 30763254, 30767423, 3254, 7423
6, 77, 3083254, 3090555, 3254, 10555
6, 770, 30803254, 30812279, 3254, 12279
6, 771, 30843254, 30847423, 3254, 7423
6, 772, 30883254, 30887423, 3254, 7423
6, 773, 30923254, 30927423, 3254, 7423
6, 774, 30963254, 30967423, 3254, 7423
6, 775, 31003254, 31007423, 3254, 7423
6, 776, 31043254, 31047423, 3254, 7423
6, 777, 31083254, 31090653, 3254, 10653
6, 778, 31123254, 31127423, 3254, 7423
6, 779, 31163254, 31167423, 3254, 7423
6, 78, 3123254, 3127703, 3254, 7703
6, 780, 31203254, 31207715, 3254, 7715
6, 781, 31243254, 31247423, 3254, 7423
6, 782, 31283254, 31287423, 3254, 7423
6, 783, 31323254, 31327423, 3254, 7423
6, 784, 31363254, 31371631, 3254, 11631
6, 785, 31403254, 31407423, 3254, 7423
6, 786, 31443254, 31447423, 3254, 7423
6, 787, 31483254, 31487423, 3254, 7423
6, 788, 31523254, 31527423, 3254, 7423
6, 789, 31563254, 31567423, 3254, 7423
6, 79, 3163254, 3167423, 3254, 7423
6, 790, 31603254, 31607423, 3254, 7423
6, 791, 31643254, 31651026, 3254, 11026
6, 792, 31683254, 31687569, 3254, 7569
6, 793, 31723254, 31727423, 3254, 7423
6, 794, 31763254, 31767423, 3254, 7423
6, 795, 31803254, 31807423, 3254, 7423
6, 796, 31843254, 31847423, 3254, 7423
6, 797, 31883254, 31887423, 3254, 7423
6, 798, 31923254, 31933231, 3254, 13231
6, 799, 31963254, 31967423, 3254, 7423
6, 8, 323254, 327423, 3254, 7423
6, 80, 3203254, 3207423, 3254, 7423
6, 800, 32003254, 32007423, 3254, 7423
6, 801, 32043254, 32047423, 3254, 7423
6, 802, 32083254, 32087423, 3254, 7423
6, 803, 32123254, 32127423, 3254, 7423
6, 804, 32163254, 32167423, 3254, 7423
6, 805, 32203254, 32211525, 3254, 11525
6, 806, 32243254, 32247423, 3254, 7423
6, 807, 32283254, 32287423, 3254, 7423
6, 808, 32323254, 32327423, 3254, 7423
6, 809, 32363254, 32367423, 3254, 7423
6, 81, 3243254, 3247423, 3254, 7423
6, 810, 32403254, 32409399, 3254, 9399
6, 811, 32443254, 32447423, 3254, 7423
6, 812, 32483254, 32491534, 3254, 11534
6, 813, 32523254, 32527423, 3254, 7423
6, 814, 32563254, 32567423, 3254, 7423
6, 815, 32603254, 32607423, 3254, 7423
6, 816, 32643254, 32647423, 3254, 7423
6, 817, 32683254, 32687423, 3254, 7423
6, 818, 32723254, 32727423, 3254, 7423
6, 819, 32763254, 32770653, 3254, 10653
6, 82, 3283254, 3287423, 3254, 7423
6, 820, 32803254, 32808968, 3254, 8968
6, 821, 32843254, 32847423, 3254, 7423
6, 822, 32883254, 32887423, 3254, 7423
6, 823, 32923254, 32927423, 3254, 7423
6, 824, 32963254, 32967423, 3254, 7423
6, 825, 33003254, 33007423, 3254, 7423
6, 826, 33043254, 33051631, 3254, 11631
6, 827, 33083254, 33087423, 3254, 7423
6, 828, 33123254, 33127423, 3254, 7423
6, 829, 33163254, 33167423, 3254, 7423
6, 83, 3323254, 3327423, 3254, 7423
6, 830, 33203254, 33207423, 3254, 7423
6, 831, 33243254, 33247423, 3254, 7423
6, 832, 33283254, 33287423, 3254, 7423
6, 833, 33323254, 33331379, 3254, 11379
6, 834, 33363254, 33367703, 3254, 7703
6, 835, 33403254, 33407423, 3254, 7423
6, 836, 33443254, 33447423, 3254, 7423
6, 837, 33483254, 33487423, 3254, 7423
6, 838, 33523254, 33527423, 3254, 7423
6, 839, 33563254, 33567423, 3254, 7423
6, 84, 3363254, 3371631, 3254, 11631
6, 840, 33603254, 33612352, 3254, 12352
6, 841, 33643254, 33647423, 3254, 7423
6, 842, 33683254, 33687423, 3254, 7423
6, 843, 33723254, 33727423, 3254, 7423
6, 844, 33763254, 33767423, 3254, 7423
6, 845, 33803254, 33807423, 3254, 7423
6, 846, 33843254, 33847423, 3254, 7423
6, 847, 33883254, 33890653, 3254, 10653
6, 848, 33923254, 33928506, 3254, 8506
6, 849, 33963254, 33967423, 3254, 7423
6, 85, 3403254, 3407423, 3254, 7423
6, 850, 34003254, 34007423, 3254, 7423
6, 851, 34043254, 34047423, 3254, 7423
6, 852, 34083254, 34087423, 3254, 7423
6, 853, 34123254, 34127423, 3254, 7423
6, 854, 34163254, 34171534, 3254, 11534
6, 855, 34203254, 34209066, 3254, 9066
6, 856, 34243254, 34247423, 3254, 7423
6, 857, 34283254, 34287423, 3254, 7423
6, 858, 34323254, 34327423, 3254, 7423
6, 859, 34363254, 34367423, 3254, 7423
6, 86, 3443254, 3447423, 3254, 7423
6, 860, 34403254, 34407423, 3254, 7423
6, 861, 34443254, 34450653, 3254, 10653
6, 862, 34483254, 34487423, 3254, 7423
6, 863, 34523254, 34527423, 3254, 7423
6, 864, 34563254, 34567423, 3254, 7423
6, 865, 34603254, 34607423, 3254, 7423
6, 866, 34643254, 34647423, 3254, 7423
6, 867, 34683254, 34687423, 3254, 7423
6, 868, 34723254, 34732352, 3254, 12352
6, 869, 34763254, 34767423, 3254, 7423
6, 87, 3483254, 3487423, 3254, 7423
6, 870, 34803254, 34807715, 3254, 7715
6, 871, 34843254, 34847423, 3254, 7423
6, 872, 34883254, 34887423, 3254, 7423
6, 873, 34923254, 34927423, 3254, 7423
6, 874, 34963254, 34967423, 3254, 7423
6, 875, 35003254, 35011427, 3254, 11427
6, 876, 35043254, 35047703, 3254, 7703
6, 877, 35083254, 35087423, 3254, 7423
6, 878, 35123254, 35127423, 3254, 7423
6, 879, 35163254, 35167423, 3254, 7423
6, 88, 3523254, 3527423, 3254, 7423
6, 880, 35203254, 35207423, 3254, 7423
6, 881, 35243254, 35247423, 3254, 7423
6, 882, 35283254, 35291631, 3254, 11631
6, 883, 35323254, 35327423, 3254, 7423
6, 884, 35363254, 35367423, 3254, 7423
6, 885, 35403254, 35407423, 3254, 7423
6, 886, 35443254, 35447423, 3254, 7423
6, 887, 35483254, 35487423, 3254, 7423
6, 888, 35523254, 35527423, 3254, 7423
6, 889, 35563254, 35570653, 3254, 10653
6, 89, 3563254, 3567423, 3254, 7423
6, 890, 35603254, 35608968, 3254, 8968
6, 891, 35643254, 35647423, 3254, 7423
6, 892, 35683254, 35687423, 3254, 7423
6, 893, 35723254, 35727423, 3254, 7423
6, 894, 35763254, 35767423, 3254, 7423
6, 895, 35803254, 35807423, 3254, 7423
6, 896, 35843254, 35851534, 3254, 11534
6, 897, 35883254, 35887423, 3254, 7423
6, 898, 35923254, 35927423, 3254, 7423
6, 899, 35963254, 35967423, 3254, 7423
6, 9, 363254, 367423, 3254, 7423
6, 90, 3603254, 3607715, 3254, 7715
6, 900, 36003254, 36007715, 3254, 7715
6, 901, 36043254, 36047423, 3254, 7423
6, 902, 36083254, 36087423, 3254, 7423
6, 903, 36123254, 36131476, 3254, 11476
6, 904, 36163254, 36167423, 3254, 7423
6, 905, 36203254, 36207423, 3254, 7423
6, 906, 36243254, 36247423, 3254, 7423
6, 907, 36283254, 36287423, 3254, 7423
6, 908, 36323254, 36327423, 3254, 7423
6, 909, 36363254, 36367423, 3254, 7423
6, 91, 3643254, 3650653, 3254, 10653
6, 910, 36403254, 36412352, 3254, 12352
6, 911, 36443254, 36447423, 3254, 7423
6, 912, 36483254, 36487715, 3254, 7715
6, 913, 36523254, 36527423, 3254, 7423
6, 914, 36563254, 36567423, 3254, 7423
6, 915, 36603254, 36607423, 3254, 7423
6, 916, 36643254, 36647423, 3254, 7423
6, 917, 36683254, 36690555, 3254, 10555
6, 918, 36723254, 36727703, 3254, 7703
6, 919, 36763254, 36767423, 3254, 7423
6, 92, 3683254, 3687423, 3254, 7423
6, 920, 36803254, 36807423, 3254, 7423
6, 921, 36843254, 36847423, 3254, 7423
6, 922, 36883254, 36887423, 3254, 7423
6, 923, 36923254, 36927423, 3254, 7423
6, 924, 36963254, 36972051, 3254, 12051
6, 925, 37003254, 37007423, 3254, 7423
6, 926, 37043254, 37047423, 3254, 7423
6, 927, 37083254, 37087423, 3254, 7423
6, 928, 37123254, 37127423, 3254, 7423
6, 929, 37163254, 37167423, 3254, 7423
6, 93, 3723254, 3727423, 3254, 7423
6, 930, 37203254, 37207715, 3254, 7715
6, 931, 37243254, 37251873, 3254, 11873
6, 932, 37283254, 37287423, 3254, 7423
6, 933, 37323254, 37327423, 3254, 7423
6, 934, 37363254, 37367423, 3254, 7423
6, 935, 37403254, 37407423, 3254, 7423
6, 936, 37443254, 37447423, 3254, 7423
6, 937, 37483254, 37487423, 3254, 7423
6, 938, 37523254, 37532279, 3254, 12279
6, 939, 37563254, 37567423, 3254, 7423
6, 94, 3763254, 3767423, 3254, 7423
6, 940, 37603254, 37607423, 3254, 7423
6, 941, 37643254, 37647423, 3254, 7423
6, 942, 37683254, 37687423, 3254, 7423
6, 943, 37723254, 37727423, 3254, 7423
6, 944, 37763254, 37767423, 3254, 7423
6, 945, 37803254, 37811525, 3254, 11525
6, 946, 37843254, 37847423, 3254, 7423
6, 947, 37883254, 37887423, 3254, 7423
6, 948, 37923254, 37927423, 3254, 7423
6, 949, 37963254, 37967423, 3254, 7423
6, 95, 3803254, 3807423, 3254, 7423
6, 950, 38003254, 38009607, 3254, 9607
6, 951, 38043254, 38047423, 3254, 7423
6, 952, 38083254, 38091631, 3254, 11631
6, 953, 38123254, 38127423, 3254, 7423
6, 954, 38163254, 38167423, 3254, 7423
6, 955, 38203254, 38207423, 3254, 7423
6, 956, 38243254, 38247423, 3254, 7423
6, 957, 38283254, 38287423, 3254, 7423
6, 958, 38323254, 38327423, 3254, 7423
6, 959, 38363254, 38370555, 3254, 10555
6, 96, 3843254, 3847423, 3254, 7423
6, 960, 38403254, 38409066, 3254, 9066
6, 961, 38443254, 38447423, 3254, 7423
6, 962, 38483254, 38487423, 3254, 7423
6, 963, 38523254, 38527423, 3254, 7423
6, 964, 38563254, 38567423, 3254, 7423
6, 965, 38603254, 38607423, 3254, 7423
6, 966, 38643254, 38651631, 3254, 11631
6, 967, 38683254, 38687423, 3254, 7423
6, 968, 38723254, 38727423, 3254, 7423
6, 969, 38763254, 38767423, 3254, 7423
6, 97, 3883254, 3887423, 3254, 7423
6, 970, 38803254, 38807423, 3254, 7423
6, 971, 38843254, 38847423, 3254, 7423
6, 972, 38883254, 38887423, 3254, 7423
6, 973, 38923254, 38931476, 3254, 11476
6, 974, 38963254, 38967423, 3254, 7423
6, 975, 39003254, 39007423, 3254, 7423
6, 976, 39043254, 39047423, 3254, 7423
6, 977, 39083254, 39087423, 3254, 7423
6, 978, 39123254, 39127423, 3254, 7423
6, 979, 39163254, 39167423, 3254, 7423
6, 98, 3923254, 3932279, 3254, 12279
6, 980, 39203254, 39212279, 3254, 12279
6, 981, 39243254, 39247703, 3254, 7703
6, 982, 39283254, 39287423, 3254, 7423
6, 983, 39323254, 39327423, 3254, 7423
6, 984, 39363254, 39367423, 3254, 7423
6, 985, 39403254, 39407423, 3254, 7423
6, 986, 39443254, 39447423, 3254, 7423
6, 987, 39483254, 39490653, 3254, 10653
6, 988, 39523254, 39528506, 3254, 8506
6, 989, 39563254, 39567423, 3254, 7423
6, 99, 3963254, 3967423, 3254, 7423
6, 990, 39603254, 39607715, 3254, 7715
6, 991, 39643254, 39647423, 3254, 7423
6, 992, 39683254, 39687423, 3254, 7423
6, 993, 39723254, 39727423, 3254, 7423
6, 994, 39763254, 39771631, 3254, 11631
6, 995, 39803254, 39807423, 3254, 7423
6, 996, 39843254, 39847423, 3254, 7423
6, 997, 39883254, 39887423, 3254, 7423
6, 998, 39923254, 39927423, 3254, 7423
6, 999, 39963254, 39967423, 3254, 7423
7, 0, 2774, 14131, 2774, 14131
7, 1, 72774, 78832, 2774, 8832
7, 10, 702774, 710788, 2774, 10788
7, 100, 7002774, 7012422, 2774, 12422
7, 1000, 70002774, 70013200, 2774, 13200
7, 1001, 70072774, 70078832, 2774, 8832
7, 1002, 70142774, 70148929, 2774, 8929
7, 1003, 70212774, 70220170, 2774, 10170
7, 1004, 70282774, 70291453, 2774, 11453
7, 1005, 70352774, 70360788, 2774, 10788
7, 1006, 70422774, 70428832, 2774, 8832
7, 1007, 70492774, 70500755, 2774, 10755
7, 1008, 70562774, 70572582, 2774, 12582
7, 1009, 70632774, 70638832, 2774, 8832
7, 101, 7072774, 7078832, 2774, 8832
7, 1010, 70702774, 70710715, 2774, 10715
7, 1011, 70772774, 70778929, 2774, 8929
7, 1012, 70842774, 70851526, 2774, 11526
7, 1013, 70912774, 70918832, 2774, 8832
7, 1014, 70982774, 70988929, 2774, 8929
7, 1015, 71052774, 71060788, 2774, 10788
7, 1016, 71122774, 71133127, 2774, 13127
7, 1017, 71192774, 71198929, 2774, 8929
7, 1018, 71262774, 71268832, 2774, 8832
7, 1019, 71332774, 71338832, 2774, 8832
7, 102, 7142774, 7148929, 2774, 8929
7, 1020, 71402774, 71412422, 2774, 12422
7, 1021, 71472774, 71478832, 2774, 8832
7, 1022, 71542774, 71550097, 2774, 10097
7, 1023, 71612774, 71618929, 2774, 8929
7, 1024, 71682774, 71692582, 2774, 12582
7, 1025, 71752774, 71760715, 2774, 10715
7, 1026, 71822774, 71831667, 2774, 11667
7, 1027, 71892774, 71898832, 2774, 8832
7, 1028, 71962774, 71971453, 2774, 11453
7, 1029, 72032774, 72038929, 2774, 8929
7, 103, 7212774, 7218832, 2774, 8832
7, 1030, 72102774, 72110788, 2774, 10788
7, 1031, 72172774, 72178832, 2774, 8832
7, 1032, 72242774, 72252582, 2774, 12582
7, 1033, 72312774, 72318832, 2774, 8832
7, 1034, 72382774, 72388832, 2774, 8832
7, 1035, 72452774, 72460788, 2774, 10788
7, 1036, 72522774, 72532144, 2774, 12144
7, 1037, 72592774, 72598832, 2774, 8832
7, 1038, 72662774, 72668929, 2774, 8929
7, 1039, 72732774, 72738832, 2774, 8832
7, 104, 7282774, 7292509, 2774, 12509
7, 1040, 72802774, 72813127, 2774, 13127
7, 1041, 72872774, 72880788, 2774, 10788
7, 1042, 72942774, 72948832, 2774, 8832
7, 1043, 73012774, 73018832, 2774, 8832
7, 1044, 73082774, 73091526, 2774, 11526
7, 1045, 73152774, 73161946, 2774, 11946
7, 1046, 73222774, 73228832, 2774, 8832
7, 1047, 73292774, 73298929, 2774, 8929
7, 1048, 73362774, 73372582, 2774, 12582
7, 1049, 73432774, 73438832, 2774, 8832
7, 105, 7352774, 7360788, 2774, 10788
7, 1050, 73502774, 73510788, 2774, 10788
7, 1051, 73572774, 73578832, 2774, 8832
7, 1052, 73642774, 73651453, 2774, 11453
7, 1053, 73712774, 73718929, 2774, 8929
7, 1054, 73782774, 73788832, 2774, 8832
7, 1055, 73852774, 73860715, 2774, 10715
7, 1056, 73922774, 73933200, 2774, 13200
7, 1057, 73992774, 73998832, 2774, 8832
7, 1058, 74062774, 74068832, 2774, 8832
7, 1059, 74132774, 74138929, 2774, 8929
7, 106, 7422774, 7428832, 2774, 8832
7, 1060, 74202774, 74212497, 2774, 12497
7, 1061, 74272774, 74278832, 2774, 8832
7, 1062, 74342774, 74348929, 2774, 8929
7, 1063, 74412774, 74418832, 2774, 8832
7, 1064, 74482774, 74493441, 2774, 13441
7, 1065, 74552774, 74560788, 2774, 10788
7, 1066, 74622774, 74628832, 2774, 8832
7, 1067, 74692774, 74698832, 2774, 8832
7, 1068, 74762774, 74771526, 2774, 11526
7, 1069, 74832774, 74838832, 2774, 8832
7, 107, 7492774, 7498832, 2774, 8832
7, 1070, 74902774, 74910715, 2774, 10715
7, 1071, 74972774, 74978929, 2774, 8929
7, 1072, 75042774, 75052582, 2774, 12582
7, 1073, 75112774, 75118832, 2774, 8832
7, 1074, 75182774, 75188929, 2774, 8929
7, 1075, 75252774, 75260788, 2774, 10788
7, 1076, 75322774, 75332071, 2774, 12071
7, 1077, 75392774, 75398929, 2774, 8929
7, 1078, 75462774, 75468832, 2774, 8832
7, 1079, 75532774, 75540097, 2774, 10097
7, 108, 7562774, 7571526, 2774, 11526
7, 1080, 75602774, 75613200, 2774, 13200
7, 1081, 75672774, 75678832, 2774, 8832
7, 1082, 75742774, 75748832, 2774, 8832
7, 1083, 75812774, 75820853, 2774, 10853
7, 1084, 75882774, 75891526, 2774, 11526
7, 1085, 75952774, 75960715, 2774, 10715
7, 1086, 76022774, 76028929, 2774, 8929
7, 1087, 76092774, 76098832, 2774, 8832
7, 1088, 76162774, 76172509, 2774, 12509
7, 1089, 76232774, 76238929, 2774, 8929
7, 109, 7632774, 7638832, 2774, 8832
7, 1090, 76302774, 76310788, 2774, 10788
7, 1091, 76372774, 76378832, 2774, 8832
7, 1092, 76442774, 76451526, 2774, 11526
7, 1093, 76512774, 76518832, 2774, 8832
7, 1094, 76582774, 76588832, 2774, 8832
7, 1095, 76652774, 76660788, 2774, 10788
7, 1096, 76722774, 76733200, 2774, 13200
7, 1097, 76792774, 76798832, 2774, 8832
7, 1098, 76862774, 76870170, 2774, 10170
7, 1099, 76932774, 76938832, 2774, 8832
7, 11, 772774, 778832, 2774, 8832
7, 110, 7702774, 7710994, 2774, 10994
7, 1100, 77002774, 77012349, 2774, 12349
7, 1101, 77072774, 77078929, 2774, 8929
7, 1102, 77142774, 77150853, 2774, 10853
7, 1103, 77212774, 77218832, 2774, 8832
7, 1104, 77282774, 77292582, 2774, 12582
7, 1105, 77352774, 77360788, 2774, 10788
7, 1106, 77422774, 77428832, 2774, 8832
7, 1107, 77492774, 77498929, 2774, 8929
7, 1108, 77562774, 77571526, 2774, 11526
7, 1109, 77632774, 77638832, 2774, 8832
7, 111, 7772774, 7778929, 2774, 8929
7, 1110, 77702774, 77710788, 2774, 10788
7, 1111, 77772774, 77778832, 2774, 8832
7, 1112, 77842774, 77852509, 2774, 12509
7, 1113, 77912774, 77918929, 2774, 8929
7, 1114, 77982774, 77988832, 2774, 8832
7, 1115, 78052774, 78060715, 2774, 10715
7, 1116, 78122774, 78132144, 2774, 12144
7, 1117, 78192774, 78200170, 2774, 10170
7, 1118, 78262774, 78268832, 2774, 8832
7, 1119, 78332774, 78338929, 2774, 8929
7, 112, 7842774, 7852582, 2774, 12582
7, 1120, 78402774, 78413200, 2774, 13200
7, 1121, 78472774, 78481579, 2774, 11579
7, 1122, 78542774, 78548929, 2774, 8929
7, 1123, 78612774, 78618832, 2774, 8832
7, 1124, 78682774, 78691453, 2774, 11453
7, 1125, 78752774, 78760788, 2774, 10788
7, 1126, 78822774, 78828832, 2774, 8832
7, 1127, 78892774, 78898832, 2774, 8832
7, 1128, 78962774, 78972582, 2774, 12582
7, 1129, 79032774, 79038832, 2774, 8832
7, 113, 7912774, 7918832, 2774, 8832
7, 1130, 79102774, 79110715, 2774, 10715
7, 1131, 79172774, 79178929, 2774, 8929
7, 1132, 79242774, 79251526, 2774, 11526
7, 1133, 79312774, 79318832, 2774, 8832
7, 1134, 79382774, 79388929, 2774, 8929
7, 1135, 79452774, 79460788, 2774, 10788
7, 1136, 79522774, 79533127, 2774, 13127
7, 1137, 79592774, 79598929, 2774, 8929
7, 1138, 79662774, 79668832, 2774, 8832
7, 1139, 79732774, 79738832, 2774, 8832
7, 114, 7982774, 7990853, 2774, 10853
7, 1140, 79802774, 79813434, 2774, 13434
7, 1141, 79872774, 79878832, 2774, 8832
7, 1142, 79942774, 79948832, 2774, 8832
7, 1143, 80012774, 80018929, 2774, 8929
7, 1144, 80082774, 80092582, 2774, 12582
7, 1145, 80152774, 80160715, 2774, 10715
7, 1146, 80222774, 80228929, 2774, 8929
7, 1147, 80292774, 80298832, 2774, 8832
7, 1148, 80362774, 80371453, 2774, 11453
7, 1149, 80432774, 80438929, 2774, 8929
7, 115, 8052774, 8060788, 2774, 10788
7, 1150, 80502774, 80510788, 2774, 10788
7, 1151, 80572774, 80578832, 2774, 8832
7, 1152, 80642774, 80652582, 2774, 12582
7, 1153, 80712774, 80718832, 2774, 8832
7, 1154, 80782774, 80788832, 2774, 8832
7, 1155, 80852774, 80861067, 2774, 11067
7, 1156, 80922774, 80932144, 2774, 12144
7, 1157, 80992774, 80998832, 2774, 8832
7, 1158, 81062774, 81068929, 2774, 8929
7, 1159, 81132774, 81140853, 2774, 10853
7, 116, 8122774, 8132071, 2774, 12071
7, 1160, 81202774, 81213127, 2774, 13127
7, 1161, 81272774, 81278929, 2774, 8929
7, 1162, 81342774, 81348832, 2774, 8832
7, 1163, 81412774, 81418832, 2774, 8832
7, 1164, 81482774, 81491526, 2774, 11526
7, 1165, 81552774, 81560788, 2774, 10788
7, 1166, 81622774, 81628832, 2774, 8832
7, 1167, 81692774, 81698929, 2774, 8929
7, 1168, 81762774, 81772582, 2774, 12582
7, 1169, 81832774, 81838832, 2774, 8832
7, 117, 8192774, 8198929, 2774, 8929
7, 1170, 81902774, 81910788, 2774, 10788
7, 1171, 81972774, 81978832, 2774, 8832
7, 1172, 82042774, 82051453, 2774, 11453
7, 1173, 82112774, 82118929, 2774, 8929
7, 1174, 82182774, 82190170, 2774, 10170
7, 1175, 82252774, 82260715, 2774, 10715
7, 1176, 82322774, 82333200, 2774, 13200
7, 1177, 82392774, 82398832, 2774, 8832
7, 1178, 82462774, 82470755, 2774, 10755
7, 1179, 82532774, 82538929, 2774, 8929
7, 118, 8262774, 8268832, 2774, 8832
7, 1180, 82602774, 82612422, 2774, 12422
7, 1181, 82672774, 82678832, 2774, 8832
7, 1182, 82742774, 82748929, 2774, 8929
7, 1183, 82812774, 82818832, 2774, 8832
7, 1184, 82882774, 82892509, 2774, 12509
7, 1185, 82952774, 82960788, 2774, 10788
7, 1186, 83022774, 83028832, 2774, 8832
7, 1187, 83092774, 83098832, 2774, 8832
7, 1188, 83162774, 83171526, 2774, 11526
7, 1189, 83232774, 83238832, 2774, 8832
7, 119, 8332774, 8338832, 2774, 8832
7, 1190, 83302774, 83310715, 2774, 10715
7, 1191, 83372774, 83378929, 2774, 8929
7, 1192, 83442774, 83452582, 2774, 12582
7, 1193, 83512774, 83520097, 2774, 10097
7, 1194, 83582774, 83588929, 2774, 8929
7, 1195, 83652774, 83660788, 2774, 10788
7, 1196, 83722774, 83732071, 2774, 12071
7, 1197, 83792774, 83800853, 2774, 10853
7, 1198, 83862774, 83868832, 2774, 8832
7, 1199, 83932774, 83938832, 2774, 8832
7, 12, 842774, 851526, 2774, 11526
7, 120, 8402774, 8413200, 2774, 13200
7, 1200, 84002774, 84013200, 2774, 13200
7, 1201, 84072774, 84078832, 2774, 8832
7, 1202, 84142774, 84148832, 2774, 8832
7, 1203, 84212774, 84218929, 2774, 8929
7, 1204, 84282774, 84291526, 2774, 11526
7, 1205, 84352774, 84360715, 2774, 10715
7, 1206, 84422774, 84428929, 2774, 8929
7, 1207, 84492774, 84498832, 2774, 8832
7, 1208, 84562774, 84572509, 2774, 12509
7, 1209, 84632774, 84638929, 2774, 8929
7, 121, 8472774, 8478832, 2774, 8832
7, 1210, 84702774, 84710788, 2774, 10788
7, 1211, 84772774, 84778832, 2774, 8832
7, 1212, 84842774, 84851879, 2774, 11879
7, 1213, 84912774, 84918832, 2774, 8832
7, 1214, 84982774, 84988832, 2774, 8832
7, 1215, 85052774, 85060788, 2774, 10788
7, 1216, 85122774, 85136046, 2774, 16046
7, 1217, 85192774, 85198832, 2774, 8832
7, 1218, 85262774, 85268929, 2774, 8929
7, 1219, 85332774, 85338832, 2774, 8832
7, 122, 8542774, 8548832, 2774, 8832
7, 1220, 85402774, 85412349, 2774, 12349
7, 1221, 85472774, 85478929, 2774, 8929
7, 1222, 85542774, 85548832, 2774, 8832
7, 1223, 85612774, 85618832, 2774, 8832
7, 1224, 85682774, 85692582, 2774, 12582
7, 1225, 85752774, 85760788, 2774, 10788
7, 1226, 85822774, 85828832, 2774, 8832
7, 1227, 85892774, 85898929, 2774, 8929
7, 1228, 85962774, 85971526, 2774, 11526
7, 1229, 86032774, 86038832, 2774, 8832
7, 123, 8612774, 8618929, 2774, 8929
7, 1230, 86102774, 86110788, 2774, 10788
7, 1231, 86172774, 86180788, 2774, 10788
7, 1232, 86242774, 86252509, 2774, 12509
7, 1233, 86312774, 86318929, 2774, 8929
7, 1234, 86382774, 86388832, 2774, 8832
7, 1235, 86452774, 86461873, 2774, 11873
7, 1236, 86522774, 86532144, 2774, 12144
7, 1237, 86592774, 86598832, 2774, 8832
7, 1238, 86662774, 86668832, 2774, 8832
7, 1239, 86732774, 86738929, 2774, 8929
7, 124, 8682774, 8691526, 2774, 11526
7, 1240, 86802774, 86813200, 2774, 13200
7, 1241, 86872774, 86878832, 2774, 8832
7, 1242, 86942774, 86948929, 2774, 8929
7, 1243, 87012774, 87018832, 2774, 8832
7, 1244, 87082774, 87091453, 2774, 11453
7, 1245, 87152774, 87160788, 2774, 10788
7, 1246, 87222774, 87228832, 2774, 8832
7, 1247, 87292774, 87298832, 2774, 8832
7, 1248, 87362774, 87372582, 2774, 12582
7, 1249, 87432774, 87438832, 2774, 8832
7, 125, 8752774, 8760715, 2774, 10715
7, 1250, 87502774, 87510994, 2774, 10994
7, 1251, 87572774, 87578929, 2774, 8929
7, 1252, 87642774, 87651526, 2774, 11526
7, 1253, 87712774, 87718832, 2774, 8832
7, 1254, 87782774, 87790853, 2774, 10853
7, 1255, 87852774, 87860788, 2774, 10788
7, 1256, 87922774, 87933127, 2774, 13127
7, 1257, 87992774, 87998929, 2774, 8929
7, 1258, 88062774, 88068832, 2774, 8832
7, 1259, 88132774, 88138832, 2774, 8832
7, 126, 8822774, 8828929, 2774, 8929
7, 1260, 88202774, 88212422, 2774, 12422
7, 1261, 88272774, 88278832, 2774, 8832
7, 1262, 88342774, 88348832, 2774, 8832
7, 1263, 88412774, 88418929, 2774, 8929
7, 1264, 88482774, 88492582, 2774, 12582
7, 1265, 88552774, 88560715, 2774, 10715
7, 1266, 88622774, 88628929, 2774, 8929
7, 1267, 88692774, 88698832, 2774, 8832
7, 1268, 88762774, 88771453, 2774, 11453
7, 1269, 88832774, 88840170, 2774, 10170
7, 127, 8892774, 8898832, 2774, 8832
7, 1270, 88902774, 88910788, 2774, 10788
7, 1271, 88972774, 88978832, 2774, 8832
7, 1272, 89042774, 89052582, 2774, 12582
7, 1273, 89112774, 89120853, 2774, 10853
7, 1274, 89182774, 89188832, 2774, 8832
7, 1275, 89252774, 89260788, 2774, 10788
7, 1276, 89322774, 89332144, 2774, 12144
7, 1277, 89392774, 89398832, 2774, 8832
7, 1278, 89462774, 89468929, 2774, 8929
7, 1279, 89532774, 89538832, 2774, 8832
7, 128, 8962774, 8972509, 2774, 12509
7, 1280, 89602774, 89613127, 2774, 13127
7, 1281, 89672774, 89678929, 2774, 8929
7, 1282, 89742774, 89748832, 2774, 8832
7, 1283, 89812774, 89818832, 2774, 8832
7, 1284, 89882774, 89891526, 2774, 11526
7, 1285, 89952774, 89960788, 2774, 10788
7, 1286, 90022774, 90028832, 2774, 8832
7, 1287, 90092774, 90098929, 2774, 8929
7, 1288, 90162774, 90172582, 2774, 12582
7, 1289, 90232774, 90238832, 2774, 8832
7, 129, 9032774, 9040170, 2774, 10170
7, 1290, 90302774, 90310788, 2774, 10788
7, 1291, 90372774, 90378832, 2774, 8832
7, 1292, 90442774, 90452743, 2774, 12743
7, 1293, 90512774, 90518929, 2774, 8929
7, 1294, 90582774, 90588832, 2774, 8832
7, 1295, 90652774, 90660715, 2774, 10715
7, 1296, 90722774, 90733200, 2774, 13200
7, 1297, 90792774, 90798832, 2774, 8832
7, 1298, 90862774, 90868832, 2774, 8832
7, 1299, 90932774, 90938929, 2774, 8929
7, 13, 912774, 918832, 2774, 8832
7, 130, 9102774, 9110788, 2774, 10788
7, 1300, 91002774, 91012422, 2774, 12422
7, 1301, 91072774, 91078832, 2774, 8832
7, 1302, 91142774, 91148929, 2774, 8929
7, 1303, 91212774, 91218832, 2774, 8832
7, 1304, 91282774, 91292509, 2774, 12509
7, 1305, 91352774, 91360788, 2774, 10788
7, 1306, 91422774, 91428832, 2774, 8832
7, 1307, 91492774, 91500097, 2774, 10097
7, 1308, 91562774, 91571526, 2774, 11526
7, 1309, 91632774, 91638832, 2774, 8832
7, 131, 9172774, 9178832, 2774, 8832
7, 1310, 91702774, 91710715, 2774, 10715
7, 1311, 91772774, 91781667, 2774, 11667
7, 1312, 91842774, 91852582, 2774, 12582
7, 1313, 91912774, 91918832, 2774, 8832
7, 1314, 91982774, 91988929, 2774, 8929
7, 1315, 92052774, 92060788, 2774, 10788
7, 1316, 92122774, 92132071, 2774, 12071
7, 1317, 92192774, 92198929, 2774, 8929
7, 1318, 92262774, 92268832, 2774, 8832
7, 1319, 92332774, 92338832, 2774, 8832
7, 132, 9242774, 9251526, 2774, 11526
7, 1320, 92402774, 92413200, 2774, 13200
7, 1321, 92472774, 92478832, 2774, 8832
7, 1322, 92542774, 92548832, 2774, 8832
7, 1323, 92612774, 92618929, 2774, 8929
7, 1324, 92682774, 92691526, 2774, 11526
7, 1325, 92752774, 92760715, 2774, 10715
7, 1326, 92822774, 92830788, 2774, 10788
7, 1327, 92892774, 92898832, 2774, 8832
7, 1328, 92962774, 92972509, 2774, 12509
7, 1329, 93032774, 93038929, 2774, 8929
7, 133, 9312774, 9320853, 2774, 10853
7, 1330, 93102774, 93111946, 2774, 11946
7, 1331, 93172774, 93178832, 2774, 8832
7, 1332, 93242774, 93251526, 2774, 11526
7, 1333, 93312774, 93318832, 2774, 8832
7, 1334, 93382774, 93388832, 2774, 8832
7, 1335, 93452774, 93460788, 2774, 10788
7, 1336, 93522774, 93533200, 2774, 13200
7, 1337, 93592774, 93598832, 2774, 8832
7, 1338, 93662774, 93668929, 2774, 8929
7, 1339, 93732774, 93738832, 2774, 8832
7, 134, 9382774, 9388832, 2774, 8832
7, 1340, 93802774, 93812349, 2774, 12349
7, 1341, 93872774, 93878929, 2774, 8929
7, 1342, 93942774, 93948832, 2774, 8832
7, 1343, 94012774, 94018832, 2774, 8832
7, 1344, 94082774, 94092582, 2774, 12582
7, 1345, 94152774, 94161067, 2774, 11067
7, 1346, 94222774, 94228832, 2774, 8832
7, 1347, 94292774, 94298929, 2774, 8929
7, 1348, 94362774, 94371526, 2774, 11526
7, 1349, 94432774, 94440755, 2774, 10755
7, 135, 9452774, 9460788, 2774, 10788
7, 1350, 94502774, 94510788, 2774, 10788
7, 1351, 94572774, 94578832, 2774, 8832
7, 1352, 94642774, 94652509, 2774, 12509
7, 1353, 94712774, 94718929, 2774, 8929
7, 1354, 94782774, 94788832, 2774, 8832
7, 1355, 94852774, 94860715, 2774, 10715
7, 1356, 94922774, 94932144, 2774, 12144
7, 1357, 94992774, 94998832, 2774, 8832
7, 1358, 95062774, 95068832, 2774, 8832
7, 1359, 95132774, 95138929, 2774, 8929
7, 136, 9522774, 9533200, 2774, 13200
7, 1360, 95202774, 95213200, 2774, 13200
7, 1361, 95272774, 95278832, 2774, 8832
7, 1362, 95342774, 95348929, 2774, 8929
7, 1363, 95412774, 95418832, 2774, 8832
7, 1364, 95482774, 95491806, 2774, 11806
7, 1365, 95552774, 95560788, 2774, 10788
7, 1366, 95622774, 95628832, 2774, 8832
7, 1367, 95692774, 95698832, 2774, 8832
7, 1368, 95762774, 95773514, 2774, 13514
7, 1369, 95832774, 95838832, 2774, 8832
7, 137, 9592774, 9598832, 2774, 8832
7, 1370, 95902774, 95910715, 2774, 10715
7, 1371, 95972774, 95978929, 2774, 8929
7, 1372, 96042774, 96051526, 2774, 11526
7, 1373, 96112774, 96118832, 2774, 8832
7, 1374, 96182774, 96188929, 2774, 8929
7, 1375, 96252774, 96260788, 2774, 10788
7, 1376, 96322774, 96333127, 2774, 13127
7, 1377, 96392774, 96398929, 2774, 8929
7, 1378, 96462774, 96468832, 2774, 8832
7, 1379, 96532774, 96538832, 2774, 8832
7, 138, 9662774, 9668929, 2774, 8929
7, 1380, 96602774, 96612422, 2774, 12422
7, 1381, 96672774, 96678832, 2774, 8832
7, 1382, 96742774, 96748832, 2774, 8832
7, 1383, 96812774, 96820170, 2774, 10170
7, 1384, 96882774, 96892582, 2774, 12582
7, 1385, 96952774, 96960715, 2774, 10715
7, 1386, 97022774, 97028929, 2774, 8929
7, 1387, 97092774, 97100853, 2774, 10853
7, 1388, 97162774, 97171453, 2774, 11453
7, 1389, 97232774, 97238929, 2774, 8929
7, 139, 9732774, 9738832, 2774, 8832
7, 1390, 97302774, 97310788, 2774, 10788
7, 1391, 97372774, 97378832, 2774, 8832
7, 1392, 97442774, 97452582, 2774, 12582
7, 1393, 97512774, 97518832, 2774, 8832
7, 1394, 97582774, 97588832, 2774, 8832
7, 1395, 97652774, 97660788, 2774, 10788
7, 1396, 97722774, 97732144, 2774, 12144
7, 1397, 97792774, 97798832, 2774, 8832
7, 1398, 97862774, 97868929, 2774, 8929
7, 1399, 97932774, 97938832, 2774, 8832
7, 14, 982774, 988832, 2774, 8832
7, 140, 9802774, 9812349, 2774, 12349
7, 1400, 98002774, 98013127, 2774, 13127
7, 1401, 98072774, 98078929, 2774, 8929
7, 1402, 98142774, 98150170, 2774, 10170
7, 1403, 98212774, 98218832, 2774, 8832
7, 1404, 98282774, 98291526, 2774, 11526
7, 1405, 98352774, 98360788, 2774, 10788
7, 1406, 98422774, 98431579, 2774, 11579
7, 1407, 98492774, 98498929, 2774, 8929
7, 1408, 98562774, 98572582, 2774, 12582
7, 1409, 98632774, 98638832, 2774, 8832
7, 141, 9872774, 9878929, 2774, 8929
7, 1410, 98702774, 98710788, 2774, 10788
7, 1411, 98772774, 98778832, 2774, 8832
7, 1412, 98842774, 98851453, 2774, 11453
7, 1413, 98912774, 98918929, 2774, 8929
7, 1414, 98982774, 98988832, 2774, 8832
7, 1415, 99052774, 99060715, 2774, 10715
7, 1416, 99122774, 99133200, 2774, 13200
7, 1417, 99192774, 99198832, 2774, 8832
7, 1418, 99262774, 99268832, 2774, 8832
7, 1419, 99332774, 99338929, 2774, 8929
7, 142, 9942774, 9948832, 2774, 8832
7, 1420, 99402774, 99412422, 2774, 12422
7, 1421, 99472774, 99480715, 2774, 10715
7, 1422, 99542774, 99548929, 2774, 8929
7, 1423, 99612774, 99618832, 2774, 8832
7, 1424, 99682774, 99692509, 2774, 12509
7, 1425, 99752774, 99761946, 2774, 11946
7, 1426, 99822774, 99828832, 2774, 8832
7, 1427, 99892774, 99898832, 2774, 8832
7, 1428, 99962774, 99971526, 2774, 11526
7, 1429, 100032774, 100038832, 2774, 8832
7, 143, 10012774, 10018832, 2774, 8832
7, 1430, 100102774, 100110715, 2774, 10715
7, 1431, 100172774, 100178929, 2774, 8929
7, 1432, 100242774, 100252582, 2774, 12582
7, 1433, 100312774, 100318832, 2774, 8832
7, 1434, 100382774, 100388929, 2774, 8929
7, 1435, 100452774, 100460788, 2774, 10788
7, 1436, 100522774, 100532071, 2774, 12071
7, 1437, 100592774, 100598929, 2774, 8929
7, 1438, 100662774, 100668832, 2774, 8832
7, 1439, 100732774, 100738832, 2774, 8832
7, 144, 10082774, 10092582, 2774, 12582
7, 1440, 100802774, 100813200, 2774, 13200
7, 1441, 100872774, 100878832, 2774, 8832
7, 1442, 100942774, 100948832, 2774, 8832
7, 1443, 101012774, 101018929, 2774, 8929
7, 1444, 101082774, 101092816, 2774, 12816
7, 1445, 101152774, 101160715, 2774, 10715
7, 1446, 101222774, 101228929, 2774, 8929
7, 1447, 101292774, 101298832, 2774, 8832
7, 1448, 101362774, 101372509, 2774, 12509
7, 1449, 101432774, 101438929, 2774, 8929
7, 145, 10152774, 10160788, 2774, 10788
7, 1450, 101502774, 101510788, 2774, 10788
7, 1451, 101572774, 101578832, 2774, 8832
7, 1452, 101642774, 101651526, 2774, 11526
7, 1453, 101712774, 101718832, 2774, 8832
7, 1454, 101782774, 101788832, 2774, 8832
7, 1455, 101852774, 101860788, 2774, 10788
7, 1456, 101922774, 101933200, 2774, 13200
7, 1457, 101992774, 101998832, 2774, 8832
7, 1458, 102062774, 102068929, 2774, 8929
7, 1459, 102132774, 102140170, 2774, 10170
7, 146, 10222774, 10228832, 2774, 8832
7, 1460, 102202774, 102212349, 2774, 12349
7, 1461, 102272774, 102278929, 2774, 8929
7, 1462, 102342774, 102348832, 2774, 8832
7, 1463, 102412774, 102420755, 2774, 10755
7, 1464, 102482774, 102492582, 2774, 12582
7, 1465, 102552774, 102560788, 2774, 10788
7, 1466, 102622774, 102628832, 2774, 8832
7, 1467, 102692774, 102698929, 2774, 8929
7, 1468, 102762774, 102771526, 2774, 11526
7, 1469, 102832774, 102838832, 2774, 8832
7, 147, 10292774, 10298929, 2774, 8929
7, 1470, 102902774, 102910788, 2774, 10788
7, 1471, 102972774, 102978832, 2774, 8832
7, 1472, 103042774, 103052509, 2774, 12509
7, 1473, 103112774, 103118929, 2774, 8929
7, 1474, 103182774, 103188832, 2774, 8832
7, 1475, 103252774, 103260715, 2774, 10715
7, 1476, 103322774, 103332144, 2774, 12144
7, 1477, 103392774, 103398832, 2774, 8832
7, 1478, 103462774, 103470097, 2774, 10097
7, 1479, 103532774, 103538929, 2774, 8929
7, 148, 10362774, 10371879, 2774, 11879
7, 1480, 103602774, 103613200, 2774, 13200
7, 1481, 103672774, 103678832, 2774, 8832
7, 1482, 103742774, 103750853, 2774, 10853
7, 1483, 103812774, 103818832, 2774, 8832
7, 1484, 103882774, 103891453, 2774, 11453
7, 1485, 103952774, 103960788, 2774, 10788
7, 1486, 104022774, 104028832, 2774, 8832
7, 1487, 104092774, 104098832, 2774, 8832
7, 1488, 104162774, 104172582, 2774, 12582
7, 1489, 104232774, 104238832, 2774, 8832
7, 149, 10432774, 10438832, 2774, 8832
7, 1490, 104302774, 104310715, 2774, 10715
7, 1491, 104372774, 104378929, 2774, 8929
7, 1492, 104442774, 104451526, 2774, 11526
7, 1493, 104512774, 104518832, 2774, 8832
7, 1494, 104582774, 104588929, 2774, 8929
7, 1495, 104652774, 104660788, 2774, 10788
7, 1496, 104722774, 104733127, 2774, 13127
7, 1497, 104792774, 104800170, 2774, 10170
7, 1498, 104862774, 104868832, 2774, 8832
7, 1499, 104932774, 104938832, 2774, 8832
7, 15, 1052774, 1061067, 2774, 11067
7, 150, 10502774, 10510788, 2774, 10788
7, 1500, 105002774, 105012422, 2774, 12422
7, 1501, 105072774, 105081667, 2774, 11667
7, 1502, 105142774, 105148832, 2774, 8832
7, 1503, 105212774, 105218929, 2774, 8929
7, 1504, 105282774, 105292582, 2774, 12582
7, 1505, 105352774, 105360715, 2774, 10715
7, 1506, 105422774, 105428929, 2774, 8929
7, 1507, 105492774, 105498832, 2774, 8832
7, 1508, 105562774, 105571453, 2774, 11453
7, 1509, 105632774, 105638929, 2774, 8929
7, 151, 10572774, 10578832, 2774, 8832
7, 1510, 105702774, 105710788, 2774, 10788
7, 1511, 105772774, 105778832, 2774, 8832
7, 1512, 105842774, 105852582, 2774, 12582
7, 1513, 105912774, 105918832, 2774, 8832
7, 1514, 105982774, 105988832, 2774, 8832
7, 1515, 106052774, 106060788, 2774, 10788
7, 1516, 106122774, 106132497, 2774, 12497
7, 1517, 106192774, 106198832, 2774, 8832
7, 1518, 106262774, 106268929, 2774, 8929
7, 1519, 106332774, 106338832, 2774, 8832
7, 152, 10642774, 10653441, 2774, 13441
7, 1520, 106402774, 106414058, 2774, 14058
7, 1521, 106472774, 106478929, 2774, 8929
7, 1522, 106542774, 106548832, 2774, 8832
7, 1523, 106612774, 106618832, 2774, 8832
7, 1524, 106682774, 106691526, 2774, 11526
7, 1525, 106752774, 106760788, 2774, 10788
7, 1526, 106822774, 106828832, 2774, 8832
7, 1527, 106892774, 106898929, 2774, 8929
7, 1528, 106962774, 106972582, 2774, 12582
7, 1529, 107032774, 107038832, 2774, 8832
7, 153, 10712774, 10718929, 2774, 8929
7, 1530, 107102774, 107110788, 2774, 10788
7, 1531, 107172774, 107178832, 2774, 8832
7, 1532, 107242774, 107251453, 2774, 11453
7, 1533, 107312774, 107318929, 2774, 8929
7, 1534, 107382774, 107388832, 2774, 8832
7, 1535, 107452774, 107460994, 2774, 10994
7, 1536, 107522774, 107533200, 2774, 13200
7, 1537, 107592774, 107598832, 2774, 8832
7, 1538, 107662774, 107668832, 2774, 8832
7, 1539, 107732774, 107740853, 2774, 10853
7, 154, 10782774, 10788832, 2774, 8832
7, 1540, 107802774, 107812422, 2774, 12422
7, 1541, 107872774, 107878832, 2774, 8832
7, 1542, 107942774, 107948929, 2774, 8929
7, 1543, 108012774, 108018832, 2774, 8832
7, 1544, 108082774, 108092509, 2774, 12509
7, 1545, 108152774, 108160788, 2774, 10788
7, 1546, 108222774, 108228832, 2774, 8832
7, 1547, 108292774, 108298832, 2774, 8832
7, 1548, 108362774, 108371526, 2774, 11526
7, 1549, 108432774, 108438832, 2774, 8832
7, 155, 10852774, 10860715, 2774, 10715
7, 1550, 108502774, 108510715, 2774, 10715
7, 1551, 108572774, 108578929, 2774, 8929
7, 1552, 108642774, 108652582, 2774, 12582
7, 1553, 108712774, 108718832, 2774, 8832
7, 1554, 108782774, 108790170, 2774, 10170
7, 1555, 108852774, 108860788, 2774, 10788
7, 1556, 108922774, 108932071, 2774, 12071
7, 1557, 108992774, 108998929, 2774, 8929
7, 1558, 109062774, 109070853, 2774, 10853
7, 1559, 109132774, 109138832, 2774, 8832
7, 156, 10922774, 10932144, 2774, 12144
7, 1560, 109202774, 109213200, 2774, 13200
7, 1561, 109272774, 109278832, 2774, 8832
7, 1562, 109342774, 109348832, 2774, 8832
7, 1563, 109412774, 109418929, 2774, 8929
7, 1564, 109482774, 109491526, 2774, 11526
7, 1565, 109552774, 109560715, 2774, 10715
7, 1566, 109622774, 109628929, 2774, 8929
7, 1567, 109692774, 109698832, 2774, 8832
7, 1568, 109762774, 109772509, 2774, 12509
7, 1569, 109832774, 109838929, 2774, 8929
7, 157, 10992774, 10998832, 2774, 8832
7, 1570, 109902774, 109910788, 2774, 10788
7, 1571, 109972774, 109978832, 2774, 8832
7, 1572, 110042774, 110051526, 2774, 11526
7, 1573, 110112774, 110120170, 2774, 10170
7, 1574, 110182774, 110188832, 2774, 8832
7, 1575, 110252774, 110260788, 2774, 10788
7, 1576, 110322774, 110333200, 2774, 13200
7, 1577, 110392774, 110400755, 2774, 10755
7, 1578, 110462774, 110468929, 2774, 8929
7, 1579, 110532774, 110538832, 2774, 8832
7, 158, 11062774, 11068832, 2774, 8832
7, 1580, 110602774, 110612349, 2774, 12349
7, 1581, 110672774, 110678929, 2774, 8929
7, 1582, 110742774, 110748832, 2774, 8832
7, 1583, 110812774, 110818832, 2774, 8832
7, 1584, 110882774, 110892582, 2774, 12582
7, 1585, 110952774, 110960788, 2774, 10788
7, 1586, 111022774, 111028832, 2774, 8832
7, 1587, 111092774, 111098929, 2774, 8929
7, 1588, 111162774, 111171526, 2774, 11526
7, 1589, 111232774, 111238832, 2774, 8832
7, 159, 11132774, 11138929, 2774, 8929
7, 1590, 111302774, 111310788, 2774, 10788
7, 1591, 111372774, 111378832, 2774, 8832
7, 1592, 111442774, 111452509, 2774, 12509
7, 1593, 111512774, 111518929, 2774, 8929
7, 1594, 111582774, 111588832, 2774, 8832
7, 1595, 111652774, 111660715, 2774, 10715
7, 1596, 111722774, 111733434, 2774, 13434
7, 1597, 111792774, 111798832, 2774, 8832
7, 1598, 111862774, 111868832, 2774, 8832
7, 1599, 111932774, 111938929, 2774, 8929
7, 16, 1122774, 1133200, 2774, 13200
7, 160, 11202774, 11213200, 2774, 13200
7, 1600, 112002774, 112013200, 2774, 13200
7, 1601, 112072774, 112078832, 2774, 8832
7, 1602, 112142774, 112148929, 2774, 8929
7, 1603, 112212774, 112218832, 2774, 8832
7, 1604, 112282774, 112291453, 2774, 11453
7, 1605, 112352774, 112360788, 2774, 10788
7, 1606, 112422774, 112428832, 2774, 8832
7, 1607, 112492774, 112498832, 2774, 8832
7, 1608, 112562774, 112572582, 2774, 12582
7, 1609, 112632774, 112638832, 2774, 8832
7, 161, 11272774, 11278832, 2774, 8832
7, 1610, 112702774, 112710715, 2774, 10715
7, 1611, 112772774, 112780788, 2774, 10788
7, 1612, 112842774, 112851526, 2774, 11526
7, 1613, 112912774, 112918832, 2774, 8832
7, 1614, 112982774, 112988929, 2774, 8929
7, 1615, 113052774, 113061946, 2774, 11946
7, 1616, 113122774, 113133127, 2774, 13127
7, 1617, 113192774, 113198929, 2774, 8929
7, 1618, 113262774, 113268832, 2774, 8832
7, 1619, 113332774, 113338832, 2774, 8832
7, 162, 11342774, 11348929, 2774, 8929
7, 1620, 113402774, 113412422, 2774, 12422
7, 1621, 113472774, 113478832, 2774, 8832
7, 1622, 113542774, 113548832, 2774, 8832
7, 1623, 113612774, 113618929, 2774, 8929
7, 1624, 113682774, 113692582, 2774, 12582
7, 1625, 113752774, 113760715, 2774, 10715
7, 1626, 113822774, 113828929, 2774, 8929
7, 1627, 113892774, 113898832, 2774, 8832
7, 1628, 113962774, 113971453, 2774, 11453
7, 1629, 114032774, 114038929, 2774, 8929
7, 163, 11412774, 11418832, 2774, 8832
7, 1630, 114102774, 114111067, 2774, 11067
7, 1631, 114172774, 114178832, 2774, 8832
7, 1632, 114242774, 114252582, 2774, 12582
7, 1633, 114312774, 114318832, 2774, 8832
7, 1634, 114382774, 114390755, 2774, 10755
7, 1635, 114452774, 114460788, 2774, 10788
7, 1636, 114522774, 114532144, 2774, 12144
7, 1637, 114592774, 114598832, 2774, 8832
7, 1638, 114662774, 114668929, 2774, 8929
7, 1639, 114732774, 114738832, 2774, 8832
7, 164, 11482774, 11491453, 2774, 11453
7, 1640, 114802774, 114813127, 2774, 13127
7, 1641, 114872774, 114878929, 2774, 8929
7, 1642, 114942774, 114948832, 2774, 8832
7, 1643, 115012774, 115018832, 2774, 8832
7, 1644, 115082774, 115091526, 2774, 11526
7, 1645, 115152774, 115160788, 2774, 10788
7, 1646, 115222774, 115228832, 2774, 8832
7, 1647, 115292774, 115298929, 2774, 8929
7, 1648, 115362774, 115372582, 2774, 12582
7, 1649, 115432774, 115440097, 2774, 10097
7, 165, 11552774, 11560788, 2774, 10788
7, 1650, 115502774, 115510788, 2774, 10788
7, 1651, 115572774, 115578832, 2774, 8832
7, 1652, 115642774, 115651453, 2774, 11453
7, 1653, 115712774, 115720853, 2774, 10853
7, 1654, 115782774, 115788832, 2774, 8832
7, 1655, 115852774, 115860715, 2774, 10715
7, 1656, 115922774, 115933200, 2774, 13200
7, 1657, 115992774, 115998832, 2774, 8832
7, 1658, 116062774, 116068832, 2774, 8832
7, 1659, 116132774, 116138929, 2774, 8929
7, 166, 11622774, 11628832, 2774, 8832
7, 1660, 116202774, 116212422, 2774, 12422
7, 1661, 116272774, 116278832, 2774, 8832
7, 1662, 116342774, 116348929, 2774, 8929
7, 1663, 116412774, 116418832, 2774, 8832
7, 1664, 116482774, 116492509, 2774, 12509
7, 1665, 116552774, 116560788, 2774, 10788
7, 1666, 116622774, 116628832, 2774, 8832
7, 1667, 116692774, 116698832, 2774, 8832
7, 1668, 116762774, 116771879, 2774, 11879
7, 1669, 116832774, 116838832, 2774, 8832
7, 167, 11692774, 11700097, 2774, 10097
7, 1670, 116902774, 116910715, 2774, 10715
7, 1671, 116972774, 116978929, 2774, 8929
7, 1672, 117042774, 117054435, 2774, 14435
7, 1673, 117112774, 117118832, 2774, 8832
7, 1674, 117182774, 117188929, 2774, 8929
7, 1675, 117252774, 117260788, 2774, 10788
7, 1676, 117322774, 117332071, 2774, 12071
7, 1677, 117392774, 117398929, 2774, 8929
7, 1678, 117462774, 117468832, 2774, 8832
7, 1679, 117532774, 117538832, 2774, 8832
7, 168, 11762774, 11772582, 2774, 12582
7, 1680, 117602774, 117613200, 2774, 13200
7, 1681, 117672774, 117678832, 2774, 8832
7, 1682, 117742774, 117748832, 2774, 8832
7, 1683, 117812774, 117818929, 2774, 8929
7, 1684, 117882774, 117891526, 2774, 11526
7, 1685, 117952774, 117960715, 2774, 10715
7, 1686, 118022774, 118028929, 2774, 8929
7, 1687, 118092774, 118100170, 2774, 10170
7, 1688, 118162774, 118172509, 2774, 12509
7, 1689, 118232774, 118238929, 2774, 8929
7, 169, 11832774, 11838832, 2774, 8832
7, 1690, 118302774, 118310788, 2774, 10788
7, 1691, 118372774, 118381579, 2774, 11579
7, 1692, 118442774, 118451526, 2774, 11526
7, 1693, 118512774, 118518832, 2774, 8832
7, 1694, 118582774, 118588832, 2774, 8832
7, 1695, 118652774, 118660788, 2774, 10788
7, 1696, 118722774, 118733200, 2774, 13200
7, 1697, 118792774, 118798832, 2774, 8832
7, 1698, 118862774, 118868929, 2774, 8929
7, 1699, 118932774, 118938832, 2774, 8832
7, 17, 1192774, 1198832, 2774, 8832
7, 170, 11902774, 11910715, 2774, 10715
7, 1700, 119002774, 119012349, 2774, 12349
7, 1701, 119072774, 119078929, 2774, 8929
7, 1702, 119142774, 119148832, 2774, 8832
7, 1703, 119212774, 119218832, 2774, 8832
7, 1704, 119282774, 119292582, 2774, 12582
7, 1705, 119352774, 119360788, 2774, 10788
7, 1706, 119422774, 119430715, 2774, 10715
7, 1707, 119492774, 119498929, 2774, 8929
7, 1708, 119562774, 119571526, 2774, 11526
7, 1709, 119632774, 119638832, 2774, 8832
7, 171, 11972774, 11981667, 2774, 11667
7, 1710, 119702774, 119711946, 2774, 11946
7, 1711, 119772774, 119778832, 2774, 8832
7, 1712, 119842774, 119852509, 2774, 12509
7, 1713, 119912774, 119918929, 2774, 8929
7, 1714, 119982774, 119988832, 2774, 8832
7, 1715, 120052774, 120060715, 2774, 10715
7, 1716, 120122774, 120132144, 2774, 12144
7, 1717, 120192774, 120198832, 2774, 8832
7, 1718, 120262774, 120268832, 2774, 8832
7, 1719, 120332774, 120338929, 2774, 8929
7, 172, 12042774, 12051526, 2774, 11526
7, 1720, 120402774, 120413200, 2774, 13200
7, 1721, 120472774, 120478832, 2774, 8832
7, 1722, 120542774, 120548929, 2774, 8929
7, 1723, 120612774, 120618832, 2774, 8832
7, 1724, 120682774, 120691453, 2774, 11453
7, 1725, 120752774, 120761067, 2774, 11067
7, 1726, 120822774, 120828832, 2774, 8832
7, 1727, 120892774, 120898832, 2774, 8832
7, 1728, 120962774, 120972582, 2774, 12582
7, 1729, 121032774, 121040853, 2774, 10853
7, 173, 12112774, 12118832, 2774, 8832
7, 1730, 121102774, 121110715, 2774, 10715
7, 1731, 121172774, 121178929, 2774, 8929
7, 1732, 121242774, 121251526, 2774, 11526
7, 1733, 121312774, 121318832, 2774, 8832
7, 1734, 121382774, 121388929, 2774, 8929
7, 1735, 121452774, 121460788, 2774, 10788
7, 1736, 121522774, 121533127, 2774, 13127
7, 1737, 121592774, 121598929, 2774, 8929
7, 1738, 121662774, 121668832, 2774, 8832
7, 1739, 121732774, 121738832, 2774, 8832
7, 174, 12182774, 12188929, 2774, 8929
7, 1740, 121802774, 121812422, 2774, 12422
7, 1741, 121872774, 121878832, 2774, 8832
7, 1742, 121942774, 121948832, 2774, 8832
7, 1743, 122012774, 122018929, 2774, 8929
7, 1744, 122082774, 122092582, 2774, 12582
7, 1745, 122152774, 122160715, 2774, 10715
7, 1746, 122222774, 122228929, 2774, 8929
7, 1747, 122292774, 122298832, 2774, 8832
7, 1748, 122362774, 122372743, 2774, 12743
7, 1749, 122432774, 122438929, 2774, 8929
7, 175, 12252774, 12260788, 2774, 10788
7, 1750, 122502774, 122510788, 2774, 10788
7, 1751, 122572774, 122578832, 2774, 8832
7, 1752, 122642774, 122652582, 2774, 12582
7, 1753, 122712774, 122718832, 2774, 8832
7, 1754, 122782774, 122788832, 2774, 8832
7, 1755, 122852774, 122860788, 2774, 10788
7, 1756, 122922774, 122932144, 2774, 12144
7, 1757, 122992774, 122998832, 2774, 8832
7, 1758, 123062774, 123068929, 2774, 8929
7, 1759, 123132774, 123138832, 2774, 8832
7, 176, 12322774, 12333127, 2774, 13127
7, 1760, 123202774, 123213127, 2774, 13127
7, 1761, 123272774, 123278929, 2774, 8929
7, 1762, 123342774, 123348832, 2774, 8832
7, 1763, 123412774, 123420097, 2774, 10097
7, 1764, 123482774, 123491526, 2774, 11526
7, 1765, 123552774, 123560788, 2774, 10788
7, 1766, 123622774, 123628832, 2774, 8832
7, 1767, 123692774, 123700853, 2774, 10853
7, 1768, 123762774, 123772582, 2774, 12582
7, 1769, 123832774, 123838832, 2774, 8832
7, 177, 12392774, 12398929, 2774, 8929
7, 1770, 123902774, 123910788, 2774, 10788
7, 1771, 123972774, 123978832, 2774, 8832
7, 1772, 124042774, 124051453, 2774, 11453
7, 1773, 124112774, 124118929, 2774, 8929
7, 1774, 124182774, 124188832, 2774, 8832
7, 1775, 124252774, 124260715, 2774, 10715
7, 1776, 124322774, 124333200, 2774, 13200
7, 1777, 124392774, 124398832, 2774, 8832
7, 1778, 124462774, 124468832, 2774, 8832
7, 1779, 124532774, 124538929, 2774, 8929
7, 178, 12462774, 12468832, 2774, 8832
7, 1780, 124602774, 124612422, 2774, 12422
7, 1781, 124672774, 124678832, 2774, 8832
7, 1782, 124742774, 124750170, 2774, 10170
7, 1783, 124812774, 124818832, 2774, 8832
7, 1784, 124882774, 124892509, 2774, 12509
7, 1785, 124952774, 124960788, 2774, 10788
7, 1786, 125022774, 125031667, 2774, 11667
7, 1787, 125092774, 125098832, 2774, 8832
7, 1788, 125162774, 125171526, 2774, 11526
7, 1789, 125232774, 125238832, 2774, 8832
7, 179, 12532774, 12538832, 2774, 8832
7, 1790, 125302774, 125310715, 2774, 10715
7, 1791, 125372774, 125378929, 2774, 8929
7, 1792, 125442774, 125452582, 2774, 12582
7, 1793, 125512774, 125518832, 2774, 8832
7, 1794, 125582774, 125588929, 2774, 8929
7, 1795, 125652774, 125660788, 2774, 10788
7, 1796, 125722774, 125732071, 2774, 12071
7, 1797, 125792774, 125798929, 2774, 8929
7, 1798, 125862774, 125868832, 2774, 8832
7, 1799, 125932774, 125938832, 2774, 8832
7, 18, 1262774, 1268929, 2774, 8929
7, 180, 12602774, 12612422, 2774, 12422
7, 1800, 126002774, 126013200, 2774, 13200
7, 1801, 126072774, 126080788, 2774, 10788
7, 1802, 126142774, 126148832, 2774, 8832
7, 1803, 126212774, 126218929, 2774, 8929
7, 1804, 126282774, 126291526, 2774, 11526
7, 1805, 126352774, 126361873, 2774, 11873
7, 1806, 126422774, 126428929, 2774, 8929
7, 1807, 126492774, 126498832, 2774, 8832
7, 1808, 126562774, 126572509, 2774, 12509
7, 1809, 126632774, 126638929, 2774, 8929
7, 181, 12672774, 12678832, 2774, 8832
7, 1810, 126702774, 126710788, 2774, 10788
7, 1811, 126772774, 126778832, 2774, 8832
7, 1812, 126842774, 126851526, 2774, 11526
7, 1813, 126912774, 126918832, 2774, 8832
7, 1814, 126982774, 126988832, 2774, 8832
7, 1815, 127052774, 127060788, 2774, 10788
7, 1816, 127122774, 127133200, 2774, 13200
7, 1817, 127192774, 127198832, 2774, 8832
7, 1818, 127262774, 127268929, 2774, 8929
7, 1819, 127332774, 127338832, 2774, 8832
7, 182, 12742774, 12748832, 2774, 8832
7, 1820, 127402774, 127412424, 2774, 12424
7, 1821, 127472774, 127478929, 2774, 8929
7, 1822, 127542774, 127548832, 2774, 8832
7, 1823, 127612774, 127618832, 2774, 8832
7, 1824, 127682774, 127693514, 2774, 13514
7, 1825, 127752774, 127760788, 2774, 10788
7, 1826, 127822774, 127828832, 2774, 8832
7, 1827, 127892774, 127898929, 2774, 8929
7, 1828, 127962774, 127971526, 2774, 11526
7, 1829, 128032774, 128038832, 2774, 8832
7, 183, 12812774, 12818929, 2774, 8929
7, 1830, 128102774, 128110788, 2774, 10788
7, 1831, 128172774, 128178832, 2774, 8832
7, 1832, 128242774, 128252509, 2774, 12509
7, 1833, 128312774, 128318929, 2774, 8929
7, 1834, 128382774, 128388832, 2774, 8832
7, 1835, 128452774, 128460715, 2774, 10715
7, 1836, 128522774, 128532144, 2774, 12144
7, 1837, 128592774, 128598832, 2774, 8832
7, 1838, 128662774, 128668832, 2774, 8832
7, 1839, 128732774, 128740170, 2774, 10170
7, 184, 12882774, 12892582, 2774, 12582
7, 1840, 128802774, 128813200, 2774, 13200
7, 1841, 128872774, 128878832, 2774, 8832
7, 1842, 128942774, 128948929, 2774, 8929
7, 1843, 129012774, 129020853, 2774, 10853
7, 1844, 129082774, 129091453, 2774, 11453
7, 1845, 129152774, 129160788, 2774, 10788
7, 1846, 129222774, 129228832, 2774, 8832
7, 1847, 129292774, 129298832, 2774, 8832
7, 1848, 129362774, 129372582, 2774, 12582
7, 1849, 129432774, 129438832, 2774, 8832
7, 185, 12952774, 12960715, 2774, 10715
7, 1850, 129502774, 129510715, 2774, 10715
7, 1851, 129572774, 129578929, 2774, 8929
7, 1852, 129642774, 129651526, 2774, 11526
7, 1853, 129712774, 129718832, 2774, 8832
7, 1854, 129782774, 129788929, 2774, 8929
7, 1855, 129852774, 129860788, 2774, 10788
7, 1856, 129922774, 129933127, 2774, 13127
7, 1857, 129992774, 129998929, 2774, 8929
7, 1858, 130062774, 130070170, 2774, 10170
7, 1859, 130132774, 130138832, 2774, 8832
7, 186, 13022774, 13030788, 2774, 10788
7, 1860, 130202774, 130212422, 2774, 12422
7, 1861, 130272774, 130278832, 2774, 8832
7, 1862, 130342774, 130350755, 2774, 10755
7, 1863, 130412774, 130418929, 2774, 8929
7, 1864, 130482774, 130492582, 2774, 12582
7, 1865, 130552774, 130560715, 2774, 10715
7, 1866, 130622774, 130628929, 2774, 8929
7, 1867, 130692774, 130698832, 2774, 8832
7, 1868, 130762774, 130771453, 2774, 11453
7, 1869, 130832774, 130838929, 2774, 8929
7, 187, 13092774, 13098832, 2774, 8832
7, 1870, 130902774, 130910788, 2774, 10788
7, 1871, 130972774, 130978832, 2774, 8832
7, 1872, 131042774, 131052582, 2774, 12582
7, 1873, 131112774, 131118832, 2774, 8832
7, 1874, 131182774, 131188832, 2774, 8832
7, 1875, 131252774, 131260788, 2774, 10788
7, 1876, 131322774, 131332144, 2774, 12144
7, 1877, 131392774, 131400097, 2774, 10097
7, 1878, 131462774, 131468929, 2774, 8929
7, 1879, 131532774, 131538832, 2774, 8832
7, 188, 13162774, 13171453, 2774, 11453
7, 1880, 131602774, 131613127, 2774, 13127
7, 1881, 131672774, 131681667, 2774, 11667
7, 1882, 131742774, 131748832, 2774, 8832
7, 1883, 131812774, 131818832, 2774, 8832
7, 1884, 131882774, 131891526, 2774, 11526
7, 1885, 131952774, 131960788, 2774, 10788
7, 1886, 132022774, 132028832, 2774, 8832
7, 1887, 132092774, 132098929, 2774, 8929
7, 1888, 132162774, 132172582, 2774, 12582
7, 1889, 132232774, 132238832, 2774, 8832
7, 189, 13232774, 13238929, 2774, 8929
7, 1890, 132302774, 132310788, 2774, 10788
7, 1891, 132372774, 132378832, 2774, 8832
7, 1892, 132442774, 132451453, 2774, 11453
7, 1893, 132512774, 132518929, 2774, 8929
7, 1894, 132582774, 132588832, 2774, 8832
7, 1895, 132652774, 132660715, 2774, 10715
7, 1896, 132722774, 132733200, 2774, 13200
7, 1897, 132792774, 132798832, 2774, 8832
7, 1898, 132862774, 132868832, 2774, 8832
7, 1899, 132932774, 132938929, 2774, 8929
7, 19, 1332774, 1340853, 2774, 10853
7, 190, 13302774, 13311946, 2774, 11946
7, 1900, 133002774, 133013095, 2774, 13095
7, 1901, 133072774, 133078832, 2774, 8832
7, 1902, 133142774, 133148929, 2774, 8929
7, 1903, 133212774, 133218832, 2774, 8832
7, 1904, 133282774, 133292509, 2774, 12509
7, 1905, 133352774, 133360788, 2774, 10788
7, 1906, 133422774, 133428832, 2774, 8832
7, 1907, 133492774, 133498832, 2774, 8832
7, 1908, 133562774, 133571526, 2774, 11526
7, 1909, 133632774, 133638832, 2774, 8832
7, 191, 13372774, 13378832, 2774, 8832
7, 1910, 133702774, 133710715, 2774, 10715
7, 1911, 133772774, 133778929, 2774, 8929
7, 1912, 133842774, 133852582, 2774, 12582
7, 1913, 133912774, 133918832, 2774, 8832
7, 1914, 133982774, 133988929, 2774, 8929
7, 1915, 134052774, 134061067, 2774, 11067
7, 1916, 134122774, 134132071, 2774, 12071
7, 1917, 134192774, 134198929, 2774, 8929
7, 1918, 134262774, 134268832, 2774, 8832
7, 1919, 134332774, 134340755, 2774, 10755
7, 192, 13442774, 13452582, 2774, 12582
7, 1920, 134402774, 134413200, 2774, 13200
7, 1921, 134472774, 134478832, 2774, 8832
7, 1922, 134542774, 134548832, 2774, 8832
7, 1923, 134612774, 134618929, 2774, 8929
7, 1924, 134682774, 134691526, 2774, 11526
7, 1925, 134752774, 134760715, 2774, 10715
7, 1926, 134822774, 134828929, 2774, 8929
7, 1927, 134892774, 134898832, 2774, 8832
7, 1928, 134962774, 134972509, 2774, 12509
7, 1929, 135032774, 135038929, 2774, 8929
7, 193, 13512774, 13518832, 2774, 8832
7, 1930, 135102774, 135110788, 2774, 10788
7, 1931, 135172774, 135178832, 2774, 8832
7, 1932, 135242774, 135251526, 2774, 11526
7, 1933, 135312774, 135318832, 2774, 8832
7, 1934, 135382774, 135390097, 2774, 10097
7, 1935, 135452774, 135460788, 2774, 10788
7, 1936, 135522774, 135533200, 2774, 13200
7, 1937, 135592774, 135598832, 2774, 8832
7, 1938, 135662774, 135670853, 2774, 10853
7, 1939, 135732774, 135738832, 2774, 8832
7, 194, 13582774, 13588832, 2774, 8832
7, 1940, 135802774, 135812349, 2774, 12349
7, 1941, 135872774, 135878929, 2774, 8929
7, 1942, 135942774, 135948832, 2774, 8832
7, 1943, 136012774, 136018832, 2774, 8832
7, 1944, 136082774, 136092582, 2774, 12582
7, 1945, 136152774, 136160788, 2774, 10788
7, 1946, 136222774, 136228832, 2774, 8832
7, 1947, 136292774, 136298929, 2774, 8929
7, 1948, 136362774, 136371526, 2774, 11526
7, 1949, 136432774, 136438832, 2774, 8832
7, 195, 13652774, 13660788, 2774, 10788
7, 1950, 136502774, 136510788, 2774, 10788
7, 1951, 136572774, 136578832, 2774, 8832
7, 1952, 136642774, 136652509, 2774, 12509
7, 1953, 136712774, 136720170, 2774, 10170
7, 1954, 136782774, 136788832, 2774, 8832
7, 1955, 136852774, 136860715, 2774, 10715
7, 1956, 136922774, 136932144, 2774, 12144
7, 1957, 136992774, 137000853, 2774, 10853
7, 1958, 137062774, 137068832, 2774, 8832
7, 1959, 137132774, 137138929, 2774, 8929
7, 196, 13722774, 13732144, 2774, 12144
7, 1960, 137202774, 137213200, 2774, 13200
7, 1961, 137272774, 137278832, 2774, 8832
7, 1962, 137342774, 137348929, 2774, 8929
7, 1963, 137412774, 137418832, 2774, 8832
7, 1964, 137482774, 137491453, 2774, 11453
7, 1965, 137552774, 137560788, 2774, 10788
7, 1966, 137622774, 137628832, 2774, 8832
7, 1967, 137692774, 137698832, 2774, 8832
7, 1968, 137762774, 137772582, 2774, 12582
7, 1969, 137832774, 137838832, 2774, 8832
7, 197, 13792774, 13798832, 2774, 8832
7, 1970, 137902774, 137910715, 2774, 10715
7, 1971, 137972774, 137978929, 2774, 8929
7, 1972, 138042774, 138051879, 2774, 11879
7, 1973, 138112774, 138118832, 2774, 8832
7, 1974, 138182774, 138188929, 2774, 8929
7, 1975, 138252774, 138260788, 2774, 10788
7, 1976, 138322774, 138334058, 2774, 14058
7, 1977, 138392774, 138398929, 2774, 8929
7, 1978, 138462774, 138468832, 2774, 8832
7, 1979, 138532774, 138538832, 2774, 8832
7, 198, 13862774, 13868929, 2774, 8929
7, 1980, 138602774, 138612422, 2774, 12422
7, 1981, 138672774, 138678832, 2774, 8832
7, 1982, 138742774, 138748832, 2774, 8832
7, 1983, 138812774, 138818929, 2774, 8929
7, 1984, 138882774, 138892582, 2774, 12582
7, 1985, 138952774, 138960715, 2774, 10715
7, 1986, 139022774, 139028929, 2774, 8929
7, 1987, 139092774, 139098832, 2774, 8832
7, 1988, 139162774, 139171453, 2774, 11453
7, 1989, 139232774, 139238929, 2774, 8929
7, 199, 13932774, 13938832, 2774, 8832
7, 1990, 139302774, 139310788, 2774, 10788
7, 1991, 139372774, 139380715, 2774, 10715
7, 1992, 139442774, 139452582, 2774, 12582
7, 1993, 139512774, 139518832, 2774, 8832
7, 1994, 139582774, 139588832, 2774, 8832
7, 1995, 139652774, 139661946, 2774, 11946
7, 1996, 139722774, 139732144, 2774, 12144
7, 1997, 139792774, 139798832, 2774, 8832
7, 1998, 139862774, 139868929, 2774, 8929
7, 1999, 139932774, 139938832, 2774, 8832
7, 2, 142774, 148832, 2774, 8832
7, 20, 1402774, 1412349, 2774, 12349
7, 200, 14002774, 14013127, 2774, 13127
7, 2000, 140002774, 140013127, 2774, 13127
7, 2001, 140072774, 140078929, 2774, 8929
7, 2002, 140142774, 140148832, 2774, 8832
7, 2003, 140212774, 140218832, 2774, 8832
7, 2004, 140282774, 140291526, 2774, 11526
7, 2005, 140352774, 140360788, 2774, 10788
7, 2006, 140422774, 140428832, 2774, 8832
7, 2007, 140492774, 140498929, 2774, 8929
7, 2008, 140562774, 140572582, 2774, 12582
7, 2009, 140632774, 140638832, 2774, 8832
7, 201, 14072774, 14078929, 2774, 8929
7, 2010, 140702774, 140711067, 2774, 11067
7, 2011, 140772774, 140778832, 2774, 8832
7, 2012, 140842774, 140851453, 2774, 11453
7, 2013, 140912774, 140918929, 2774, 8929
7, 2014, 140982774, 140990853, 2774, 10853
7, 2015, 141052774, 141060715, 2774, 10715
7, 2016, 141122774, 141133200, 2774, 13200
7, 2017, 141192774, 141198832, 2774, 8832
7, 2018, 141262774, 141268832, 2774, 8832
7, 2019, 141332774, 141338929, 2774, 8929
7, 202, 14142774, 14148832, 2774, 8832
7, 2020, 141402774, 141412422, 2774, 12422
7, 2021, 141472774, 141478832, 2774, 8832
7, 2022, 141542774, 141548929, 2774, 8929
7, 2023, 141612774, 141618832, 2774, 8832
7, 2024, 141682774, 141692509, 2774, 12509
7, 2025, 141752774, 141760788, 2774, 10788
7, 2026, 141822774, 141828832, 2774, 8832
7, 2027, 141892774, 141898832, 2774, 8832
7, 2028, 141962774, 141971526, 2774, 11526
7, 2029, 142032774, 142040170, 2774, 10170
7, 203, 14212774, 14218832, 2774, 8832
7, 2030, 142102774, 142110715, 2774, 10715
7, 2031, 142172774, 142178929, 2774, 8929
7, 2032, 142242774, 142252582, 2774, 12582
7, 2033, 142312774, 142320755, 2774, 10755
7, 2034, 142382774, 142388929, 2774, 8929
7, 2035, 142452774, 142460788, 2774, 10788
7, 2036, 142522774, 142532071, 2774, 12071
7, 2037, 142592774, 142598929, 2774, 8929
7, 2038, 142662774, 142668832, 2774, 8832
7, 2039, 142732774, 142738832, 2774, 8832
7, 204, 14282774, 14291526, 2774, 11526
7, 2040, 142802774, 142813200, 2774, 13200
7, 2041, 142872774, 142878832, 2774, 8832
7, 2042, 142942774, 142948832, 2774, 8832
7, 2043, 143012774, 143018929, 2774, 8929
7, 2044, 143082774, 143091526, 2774, 11526
7, 2045, 143152774, 143160715, 2774, 10715
7, 2046, 143222774, 143228929, 2774, 8929
7, 2047, 143292774, 143298832, 2774, 8832
7, 2048, 143362774, 143372509, 2774, 12509
7, 2049, 143432774, 143438929, 2774, 8929
7, 205, 14352774, 14361067, 2774, 11067
7, 2050, 143502774, 143510788, 2774, 10788
7, 2051, 143572774, 143578832, 2774, 8832
7, 2052, 143642774, 143652816, 2774, 12816
7, 2053, 143712774, 143718832, 2774, 8832
7, 2054, 143782774, 143788832, 2774, 8832
7, 2055, 143852774, 143860788, 2774, 10788
7, 2056, 143922774, 143933200, 2774, 13200
7, 2057, 143992774, 143998832, 2774, 8832
7, 2058, 144062774, 144068929, 2774, 8929
7, 2059, 144132774, 144138832, 2774, 8832
7, 206, 14422774, 14428832, 2774, 8832
7, 2060, 144202774, 144212349, 2774, 12349
7, 2061, 144272774, 144278929, 2774, 8929
7, 2062, 144342774, 144348832, 2774, 8832
7, 2063, 144412774, 144418832, 2774, 8832
7, 2064, 144482774, 144492582, 2774, 12582
7, 2065, 144552774, 144560788, 2774, 10788
7, 2066, 144622774, 144628832, 2774, 8832
7, 2067, 144692774, 144700170, 2774, 10170
7, 2068, 144762774, 144771526, 2774, 11526
7, 2069, 144832774, 144838832, 2774, 8832
7, 207, 14492774, 14498929, 2774, 8929
7, 2070, 144902774, 144910788, 2774, 10788
7, 2071, 144972774, 144981667, 2774, 11667
7, 2072, 145042774, 145052509, 2774, 12509
7, 2073, 145112774, 145118929, 2774, 8929
7, 2074, 145182774, 145188832, 2774, 8832
7, 2075, 145252774, 145260715, 2774, 10715
7, 2076, 145322774, 145332144, 2774, 12144
7, 2077, 145392774, 145398832, 2774, 8832
7, 2078, 145462774, 145468832, 2774, 8832
7, 2079, 145532774, 145538929, 2774, 8929
7, 208, 14562774, 14572582, 2774, 12582
7, 2080, 145602774, 145613200, 2774, 13200
7, 2081, 145672774, 145678832, 2774, 8832
7, 2082, 145742774, 145748929, 2774, 8929
7, 2083, 145812774, 145818832, 2774, 8832
7, 2084, 145882774, 145891453, 2774, 11453
7, 2085, 145952774, 145960788, 2774, 10788
7, 2086, 146022774, 146030788, 2774, 10788
7, 2087, 146092774, 146098832, 2774, 8832
7, 2088, 146162774, 146172582, 2774, 12582
7, 2089, 146232774, 146238832, 2774, 8832
7, 209, 14632774, 14640755, 2774, 10755
7, 2090, 146302774, 146311873, 2774, 11873
7, 2091, 146372774, 146378929, 2774, 8929
7, 2092, 146442774, 146451526, 2774, 11526
7, 2093, 146512774, 146518832, 2774, 8832
7, 2094, 146582774, 146588929, 2774, 8929
7, 2095, 146652774, 146660788, 2774, 10788
7, 2096, 146722774, 146733127, 2774, 13127
7, 2097, 146792774, 146798929, 2774, 8929
7, 2098, 146862774, 146868832, 2774, 8832
7, 2099, 146932774, 146938832, 2774, 8832
7, 21, 1472774, 1478929, 2774, 8929
7, 210, 14702774, 14710788, 2774, 10788
7, 2100, 147002774, 147012422, 2774, 12422
7, 2101, 147072774, 147078832, 2774, 8832
7, 2102, 147142774, 147148832, 2774, 8832
7, 2103, 147212774, 147218929, 2774, 8929
7, 2104, 147282774, 147292582, 2774, 12582
7, 2105, 147352774, 147360994, 2774, 10994
7, 2106, 147422774, 147428929, 2774, 8929
7, 2107, 147492774, 147498832, 2774, 8832
7, 2108, 147562774, 147571453, 2774, 11453
7, 2109, 147632774, 147640853, 2774, 10853
7, 211, 14772774, 14778832, 2774, 8832
7, 2110, 147702774, 147710788, 2774, 10788
7, 2111, 147772774, 147778832, 2774, 8832
7, 2112, 147842774, 147852582, 2774, 12582
7, 2113, 147912774, 147918832, 2774, 8832
7, 2114, 147982774, 147988832, 2774, 8832
7, 2115, 148052774, 148060788, 2774, 10788
7, 2116, 148122774, 148132144, 2774, 12144
7, 2117, 148192774, 148198832, 2774, 8832
7, 2118, 148262774, 148268929, 2774, 8929
7, 2119, 148332774, 148338832, 2774, 8832
7, 212, 14842774, 14851453, 2774, 11453
7, 2120, 148402774, 148413127, 2774, 13127
7, 2121, 148472774, 148478929, 2774, 8929
7, 2122, 148542774, 148548832, 2774, 8832
7, 2123, 148612774, 148618832, 2774, 8832
7, 2124, 148682774, 148691879, 2774, 11879
7, 2125, 148752774, 148760788, 2774, 10788
7, 2126, 148822774, 148828832, 2774, 8832
7, 2127, 148892774, 148898929, 2774, 8929
7, 2128, 148962774, 148973039, 2774, 13039
7, 2129, 149032774, 149038832, 2774, 8832
7, 213, 14912774, 14918929, 2774, 8929
7, 2130, 149102774, 149110788, 2774, 10788
7, 2131, 149172774, 149178832, 2774, 8832
7, 2132, 149242774, 149251453, 2774, 11453
7, 2133, 149312774, 149318929, 2774, 8929
7, 2134, 149382774, 149388832, 2774, 8832
7, 2135, 149452774, 149460715, 2774, 10715
7, 2136, 149522774, 149533200, 2774, 13200
7, 2137, 149592774, 149598832, 2774, 8832
7, 2138, 149662774, 149668832, 2774, 8832
7, 2139, 149732774, 149738929, 2774, 8929
7, 214, 14982774, 14988832, 2774, 8832
7, 2140, 149802774, 149812422, 2774, 12422
7, 2141, 149872774, 149878832, 2774, 8832
7, 2142, 149942774, 149948929, 2774, 8929
7, 2143, 150012774, 150020170, 2774, 10170
7, 2144, 150082774, 150092509, 2774, 12509
7, 2145, 150152774, 150160788, 2774, 10788
7, 2146, 150222774, 150228832, 2774, 8832
7, 2147, 150292774, 150300755, 2774, 10755
7, 2148, 150362774, 150371526, 2774, 11526
7, 2149, 150432774, 150438832, 2774, 8832
7, 215, 15052774, 15060715, 2774, 10715
7, 2150, 150502774, 150510715, 2774, 10715
7, 2151, 150572774, 150578929, 2774, 8929
7, 2152, 150642774, 150652582, 2774, 12582
7, 2153, 150712774, 150718832, 2774, 8832
7, 2154, 150782774, 150788929, 2774, 8929
7, 2155, 150852774, 150860788, 2774, 10788
7, 2156, 150922774, 150932071, 2774, 12071
7, 2157, 150992774, 150998929, 2774, 8929
7, 2158, 151062774, 151068832, 2774, 8832
7, 2159, 151132774, 151138832, 2774, 8832
7, 216, 15122774, 15133200, 2774, 13200
7, 2160, 151202774, 151213200, 2774, 13200
7, 2161, 151272774, 151278832, 2774, 8832
7, 2162, 151342774, 151350097, 2774, 10097
7, 2163, 151412774, 151418929, 2774, 8929
7, 2164, 151482774, 151491526, 2774, 11526
7, 2165, 151552774, 151560715, 2774, 10715
7, 2166, 151622774, 151631667, 2774, 11667
7, 2167, 151692774, 151698832, 2774, 8832
7, 2168, 151762774, 151772509, 2774, 12509
7, 2169, 151832774, 151838929, 2774, 8929
7, 217, 15192774, 15198832, 2774, 8832
7, 2170, 151902774, 151910788, 2774, 10788
7, 2171, 151972774, 151978832, 2774, 8832
7, 2172, 152042774, 152051526, 2774, 11526
7, 2173, 152112774, 152118832, 2774, 8832
7, 2174, 152182774, 152188832, 2774, 8832
7, 2175, 152252774, 152260788, 2774, 10788
7, 2176, 152322774, 152333200, 2774, 13200
7, 2177, 152392774, 152398832, 2774, 8832
7, 2178, 152462774, 152468929, 2774, 8929
7, 2179, 152532774, 152538832, 2774, 8832
7, 218, 15262774, 15268832, 2774, 8832
7, 2180, 152602774, 152612349, 2774, 12349
7, 2181, 152672774, 152680788, 2774, 10788
7, 2182, 152742774, 152748832, 2774, 8832
7, 2183, 152812774, 152818832, 2774, 8832
7, 2184, 152882774, 152892582, 2774, 12582
7, 2185, 152952774, 152961946, 2774, 11946
7, 2186, 153022774, 153028832, 2774, 8832
7, 2187, 153092774, 153098929, 2774, 8929
7, 2188, 153162774, 153171526, 2774, 11526
7, 2189, 153232774, 153238832, 2774, 8832
7, 219, 15332774, 15338929, 2774, 8929
7, 2190, 153302774, 153310788, 2774, 10788
7, 2191, 153372774, 153378832, 2774, 8832
7, 2192, 153442774, 153452509, 2774, 12509
7, 2193, 153512774, 153518929, 2774, 8929
7, 2194, 153582774, 153588832, 2774, 8832
7, 2195, 153652774, 153660715, 2774, 10715
7, 2196, 153722774, 153732144, 2774, 12144
7, 2197, 153792774, 153798832, 2774, 8832
7, 2198, 153862774, 153868832, 2774, 8832
7, 2199, 153932774, 153938929, 2774, 8929
7, 22, 1542774, 1548832, 2774, 8832
7, 220, 15402774, 15412422, 2774, 12422
7, 2200, 154002774, 154013200, 2774, 13200
7, 2201, 154072774, 154078832, 2774, 8832
7, 2202, 154142774, 154148929, 2774, 8929
7, 2203, 154212774, 154218832, 2774, 8832
7, 2204, 154282774, 154292743, 2774, 12743
7, 2205, 154352774, 154360788, 2774, 10788
7, 2206, 154422774, 154428832, 2774, 8832
7, 2207, 154492774, 154498832, 2774, 8832
7, 2208, 154562774, 154572582, 2774, 12582
7, 2209, 154632774, 154638832, 2774, 8832
7, 221, 15472774, 15478832, 2774, 8832
7, 2210, 154702774, 154710715, 2774, 10715
7, 2211, 154772774, 154778929, 2774, 8929
7, 2212, 154842774, 154851526, 2774, 11526
7, 2213, 154912774, 154918832, 2774, 8832
7, 2214, 154982774, 154988929, 2774, 8929
7, 2215, 155052774, 155060788, 2774, 10788
7, 2216, 155122774, 155133127, 2774, 13127
7, 2217, 155192774, 155198929, 2774, 8929
7, 2218, 155262774, 155268832, 2774, 8832
7, 2219, 155332774, 155340097, 2774, 10097
7, 222, 15542774, 15548929, 2774, 8929
7, 2220, 155402774, 155412422, 2774, 12422
7, 2221, 155472774, 155478832, 2774, 8832
7, 2222, 155542774, 155548832, 2774, 8832
7, 2223, 155612774, 155620853, 2774, 10853
7, 2224, 155682774, 155692582, 2774, 12582
7, 2225, 155752774, 155760715, 2774, 10715
7, 2226, 155822774, 155828929, 2774, 8929
7, 2227, 155892774, 155898832, 2774, 8832
7, 2228, 155962774, 155971453, 2774, 11453
7, 2229, 156032774, 156038929, 2774, 8929
7, 223, 15612774, 15618832, 2774, 8832
7, 2230, 156102774, 156110788, 2774, 10788
7, 2231, 156172774, 156178832, 2774, 8832
7, 2232, 156242774, 156252582, 2774, 12582
7, 2233, 156312774, 156318832, 2774, 8832
7, 2234, 156382774, 156388832, 2774, 8832
7, 2235, 156452774, 156460788, 2774, 10788
7, 2236, 156522774, 156532144, 2774, 12144
7, 2237, 156592774, 156598832, 2774, 8832
7, 2238, 156662774, 156670170, 2774, 10170
7, 2239, 156732774, 156738832, 2774, 8832
7, 224, 15682774, 15692509, 2774, 12509
7, 2240, 156802774, 156813127, 2774, 13127
7, 2241, 156872774, 156878929, 2774, 8929
7, 2242, 156942774, 156950853, 2774, 10853
7, 2243, 157012774, 157018832, 2774, 8832
7, 2244, 157082774, 157091526, 2774, 11526
7, 2245, 157152774, 157160788, 2774, 10788
7, 2246, 157222774, 157228832, 2774, 8832
7, 2247, 157292774, 157298929, 2774, 8929
7, 2248, 157362774, 157372582, 2774, 12582
7, 2249, 157432774, 157438832, 2774, 8832
7, 225, 15752774, 15760788, 2774, 10788
7, 2250, 157502774, 157510788, 2774, 10788
7, 2251, 157572774, 157578832, 2774, 8832
7, 2252, 157642774, 157651453, 2774, 11453
7, 2253, 157712774, 157718929, 2774, 8929
7, 2254, 157782774, 157788832, 2774, 8832
7, 2255, 157852774, 157860715, 2774, 10715
7, 2256, 157922774, 157933200, 2774, 13200
7, 2257, 157992774, 158000170, 2774, 10170
7, 2258, 158062774, 158068832, 2774, 8832
7, 2259, 158132774, 158138929, 2774, 8929
7, 226, 15822774, 15828832, 2774, 8832
7, 2260, 158202774, 158212422, 2774, 12422
7, 2261, 158272774, 158281579, 2774, 11579
7, 2262, 158342774, 158348929, 2774, 8929
7, 2263, 158412774, 158418832, 2774, 8832
7, 2264, 158482774, 158492509, 2774, 12509
7, 2265, 158552774, 158560788, 2774, 10788
7, 2266, 158622774, 158628832, 2774, 8832
7, 2267, 158692774, 158698832, 2774, 8832
7, 2268, 158762774, 158771526, 2774, 11526
7, 2269, 158832774, 158838832, 2774, 8832
7, 227, 15892774, 15898832, 2774, 8832
7, 2270, 158902774, 158910715, 2774, 10715
7, 2271, 158972774, 158978929, 2774, 8929
7, 2272, 159042774, 159052582, 2774, 12582
7, 2273, 159112774, 159118832, 2774, 8832
7, 2274, 159182774, 159188929, 2774, 8929
7, 2275, 159252774, 159260788, 2774, 10788
7, 2276, 159322774, 159332424, 2774, 12424
7, 2277, 159392774, 159398929, 2774, 8929
7, 2278, 159462774, 159468832, 2774, 8832
7, 2279, 159532774, 159538832, 2774, 8832
7, 228, 15962774, 15972816, 2774, 12816
7, 229, 16032774, 16038832, 2774, 8832
7, 23, 1612774, 1618832, 2774, 8832
7, 230, 16102774, 16110715, 2774, 10715
7, 231, 16172774, 16178929, 2774, 8929
7, 232, 16242774, 16252582, 2774, 12582
7, 233, 16312774, 16318832, 2774, 8832
7, 234, 16382774, 16388929, 2774, 8929
7, 235, 16452774, 16460788, 2774, 10788
7, 236, 16522774, 16532071, 2774, 12071
7, 237, 16592774, 16598929, 2774, 8929
7, 238, 16662774, 16668832, 2774, 8832
7, 239, 16732774, 16738832, 2774, 8832
7, 24, 1682774, 1692582, 2774, 12582
7, 240, 16802774, 16813200, 2774, 13200
7, 241, 16872774, 16878832, 2774, 8832
7, 242, 16942774, 16948832, 2774, 8832
7, 243, 17012774, 17020170, 2774, 10170
7, 244, 17082774, 17091526, 2774, 11526
7, 245, 17152774, 17160715, 2774, 10715
7, 246, 17222774, 17228929, 2774, 8929
7, 247, 17292774, 17300853, 2774, 10853
7, 248, 17362774, 17372509, 2774, 12509
7, 249, 17432774, 17438929, 2774, 8929
7, 25, 1752774, 1760788, 2774, 10788
7, 250, 17502774, 17510788, 2774, 10788
7, 251, 17572774, 17578832, 2774, 8832
7, 252, 17642774, 17651526, 2774, 11526
7, 253, 17712774, 17718832, 2774, 8832
7, 254, 17782774, 17788832, 2774, 8832
7, 255, 17852774, 17860788, 2774, 10788
7, 256, 17922774, 17933200, 2774, 13200
7, 257, 17992774, 17998832, 2774, 8832
7, 258, 18062774, 18068929, 2774, 8929
7, 259, 18132774, 18138832, 2774, 8832
7, 26, 1822774, 1828832, 2774, 8832
7, 260, 18202774, 18212349, 2774, 12349
7, 261, 18272774, 18278929, 2774, 8929
7, 262, 18342774, 18350170, 2774, 10170
7, 263, 18412774, 18418832, 2774, 8832
7, 264, 18482774, 18492582, 2774, 12582
7, 265, 18552774, 18560788, 2774, 10788
7, 266, 18622774, 18631579, 2774, 11579
7, 267, 18692774, 18698929, 2774, 8929
7, 268, 18762774, 18771526, 2774, 11526
7, 269, 18832774, 18838832, 2774, 8832
7, 27, 1892774, 1898929, 2774, 8929
7, 270, 18902774, 18910788, 2774, 10788
7, 271, 18972774, 18978832, 2774, 8832
7, 272, 19042774, 19052509, 2774, 12509
7, 273, 19112774, 19118929, 2774, 8929
7, 274, 19182774, 19188832, 2774, 8832
7, 275, 19252774, 19260715, 2774, 10715
7, 276, 19322774, 19332144, 2774, 12144
7, 277, 19392774, 19398832, 2774, 8832
7, 278, 19462774, 19468832, 2774, 8832
7, 279, 19532774, 19538929, 2774, 8929
7, 28, 1962774, 1971526, 2774, 11526
7, 280, 19602774, 19613200, 2774, 13200
7, 281, 19672774, 19680715, 2774, 10715
7, 282, 19742774, 19748929, 2774, 8929
7, 283, 19812774, 19818832, 2774, 8832
7, 284, 19882774, 19891453, 2774, 11453
7, 285, 19952774, 19961946, 2774, 11946
7, 286, 20022774, 20028832, 2774, 8832
7, 287, 20092774, 20098832, 2774, 8832
7, 288, 20162774, 20172582, 2774, 12582
7, 289, 20232774, 20238832, 2774, 8832
7, 29, 2032774, 2038832, 2774, 8832
7, 290, 20302774, 20310715, 2774, 10715
7, 291, 20372774, 20378929, 2774, 8929
7, 292, 20442774, 20451526, 2774, 11526
7, 293, 20512774, 20518832, 2774, 8832
7, 294, 20582774, 20588929, 2774, 8929
7, 295, 20652774, 20660788, 2774, 10788
7, 296, 20722774, 20733127, 2774, 13127
7, 297, 20792774, 20798929, 2774, 8929
7, 298, 20862774, 20868832, 2774, 8832
7, 299, 20932774, 20938832, 2774, 8832
7, 3, 212774, 218929, 2774, 8929
7, 30, 2102774, 2110788, 2774, 10788
7, 300, 21002774, 21012497, 2774, 12497
7, 301, 21072774, 21078832, 2774, 8832
7, 302, 21142774, 21148832, 2774, 8832
7, 303, 21212774, 21218929, 2774, 8929
7, 304, 21282774, 21293039, 2774, 13039
7, 305, 21352774, 21360715, 2774, 10715
7, 306, 21422774, 21428929, 2774, 8929
7, 307, 21492774, 21498832, 2774, 8832
7, 308, 21562774, 21571453, 2774, 11453
7, 309, 21632774, 21638929, 2774, 8929
7, 31, 2172774, 2178832, 2774, 8832
7, 310, 21702774, 21710788, 2774, 10788
7, 311, 21772774, 21778832, 2774, 8832
7, 312, 21842774, 21852582, 2774, 12582
7, 313, 21912774, 21918832, 2774, 8832
7, 314, 21982774, 21988832, 2774, 8832
7, 315, 22052774, 22060788, 2774, 10788
7, 316, 22122774, 22132144, 2774, 12144
7, 317, 22192774, 22198832, 2774, 8832
7, 318, 22262774, 22268929, 2774, 8929
7, 319, 22332774, 22340170, 2774, 10170
7, 32, 2242774, 2252509, 2774, 12509
7, 320, 22402774, 22413127, 2774, 13127
7, 321, 22472774, 22478929, 2774, 8929
7, 322, 22542774, 22548832, 2774, 8832
7, 323, 22612774, 22620755, 2774, 10755
7, 324, 22682774, 22691526, 2774, 11526
7, 325, 22752774, 22760788, 2774, 10788
7, 326, 22822774, 22828832, 2774, 8832
7, 327, 22892774, 22898929, 2774, 8929
7, 328, 22962774, 22972582, 2774, 12582
7, 329, 23032774, 23038832, 2774, 8832
7, 33, 2312774, 2318929, 2774, 8929
7, 330, 23102774, 23110788, 2774, 10788
7, 331, 23172774, 23178832, 2774, 8832
7, 332, 23242774, 23251453, 2774, 11453
7, 333, 23312774, 23318929, 2774, 8929
7, 334, 23382774, 23388832, 2774, 8832
7, 335, 23452774, 23460715, 2774, 10715
7, 336, 23522774, 23533200, 2774, 13200
7, 337, 23592774, 23598832, 2774, 8832
7, 338, 23662774, 23670097, 2774, 10097
7, 339, 23732774, 23738929, 2774, 8929
7, 34, 2382774, 2390170, 2774, 10170
7, 340, 23802774, 23812422, 2774, 12422
7, 341, 23872774, 23878832, 2774, 8832
7, 342, 23942774, 23950853, 2774, 10853
7, 343, 24012774, 24018832, 2774, 8832
7, 344, 24082774, 24092509, 2774, 12509
7, 345, 24152774, 24160788, 2774, 10788
7, 346, 24222774, 24228832, 2774, 8832
7, 347, 24292774, 24298832, 2774, 8832
7, 348, 24362774, 24371526, 2774, 11526
7, 349, 24432774, 24438832, 2774, 8832
7, 35, 2452774, 2460715, 2774, 10715
7, 350, 24502774, 24510715, 2774, 10715
7, 351, 24572774, 24578929, 2774, 8929
7, 352, 24642774, 24652582, 2774, 12582
7, 353, 24712774, 24718832, 2774, 8832
7, 354, 24782774, 24788929, 2774, 8929
7, 355, 24852774, 24860788, 2774, 10788
7, 356, 24922774, 24932071, 2774, 12071
7, 357, 24992774, 25000170, 2774, 10170
7, 358, 25062774, 25068832, 2774, 8832
7, 359, 25132774, 25138832, 2774, 8832
7, 36, 2522774, 2532144, 2774, 12144
7, 360, 25202774, 25213200, 2774, 13200
7, 361, 25272774, 25281667, 2774, 11667
7, 362, 25342774, 25348832, 2774, 8832
7, 363, 25412774, 25418929, 2774, 8929
7, 364, 25482774, 25491526, 2774, 11526
7, 365, 25552774, 25560715, 2774, 10715
7, 366, 25622774, 25628929, 2774, 8929
7, 367, 25692774, 25698832, 2774, 8832
7, 368, 25762774, 25772509, 2774, 12509
7, 369, 25832774, 25838929, 2774, 8929
7, 37, 2592774, 2598832, 2774, 8832
7, 370, 25902774, 25910788, 2774, 10788
7, 371, 25972774, 25978832, 2774, 8832
7, 372, 26042774, 26051526, 2774, 11526
7, 373, 26112774, 26118832, 2774, 8832
7, 374, 26182774, 26188832, 2774, 8832
7, 375, 26252774, 26260788, 2774, 10788
7, 376, 26322774, 26333200, 2774, 13200
7, 377, 26392774, 26398832, 2774, 8832
7, 378, 26462774, 26468929, 2774, 8929
7, 379, 26532774, 26538832, 2774, 8832
7, 38, 2662774, 2670755, 2774, 10755
7, 380, 26602774, 26613361, 2774, 13361
7, 381, 26672774, 26678929, 2774, 8929
7, 382, 26742774, 26748832, 2774, 8832
7, 383, 26812774, 26818832, 2774, 8832
7, 384, 26882774, 26892582, 2774, 12582
7, 385, 26952774, 26960788, 2774, 10788
7, 386, 27022774, 27028832, 2774, 8832
7, 387, 27092774, 27098929, 2774, 8929
7, 388, 27162774, 27171526, 2774, 11526
7, 389, 27232774, 27238832, 2774, 8832
7, 39, 2732774, 2738929, 2774, 8929
7, 390, 27302774, 27310788, 2774, 10788
7, 391, 27372774, 27378832, 2774, 8832
7, 392, 27442774, 27452509, 2774, 12509
7, 393, 27512774, 27518929, 2774, 8929
7, 394, 27582774, 27588832, 2774, 8832
7, 395, 27652774, 27660994, 2774, 10994
7, 396, 27722774, 27732144, 2774, 12144
7, 397, 27792774, 27798832, 2774, 8832
7, 398, 27862774, 27868832, 2774, 8832
7, 399, 27932774, 27940853, 2774, 10853
7, 4, 282774, 291526, 2774, 11526
7, 40, 2802774, 2813200, 2774, 13200
7, 400, 28002774, 28013200, 2774, 13200
7, 401, 28072774, 28078832, 2774, 8832
7, 402, 28142774, 28148929, 2774, 8929
7, 403, 28212774, 28218832, 2774, 8832
7, 404, 28282774, 28291453, 2774, 11453
7, 405, 28352774, 28360788, 2774, 10788
7, 406, 28422774, 28428832, 2774, 8832
7, 407, 28492774, 28498832, 2774, 8832
7, 408, 28562774, 28572582, 2774, 12582
7, 409, 28632774, 28638832, 2774, 8832
7, 41, 2872774, 2878832, 2774, 8832
7, 410, 28702774, 28710715, 2774, 10715
7, 411, 28772774, 28778929, 2774, 8929
7, 412, 28842774, 28851526, 2774, 11526
7, 413, 28912774, 28918832, 2774, 8832
7, 414, 28982774, 28990170, 2774, 10170
7, 415, 29052774, 29060788, 2774, 10788
7, 416, 29122774, 29133127, 2774, 13127
7, 417, 29192774, 29198929, 2774, 8929
7, 418, 29262774, 29270853, 2774, 10853
7, 419, 29332774, 29338832, 2774, 8832
7, 42, 2942774, 2948929, 2774, 8929
7, 420, 29402774, 29412422, 2774, 12422
7, 421, 29472774, 29478832, 2774, 8832
7, 422, 29542774, 29548832, 2774, 8832
7, 423, 29612774, 29618929, 2774, 8929
7, 424, 29682774, 29692582, 2774, 12582
7, 425, 29752774, 29760715, 2774, 10715
7, 426, 29822774, 29828929, 2774, 8929
7, 427, 29892774, 29898832, 2774, 8832
7, 428, 29962774, 29971453, 2774, 11453
7, 429, 30032774, 30038929, 2774, 8929
7, 43, 3012774, 3018832, 2774, 8832
7, 430, 30102774, 30110788, 2774, 10788
7, 431, 30172774, 30178832, 2774, 8832
7, 432, 30242774, 30252582, 2774, 12582
7, 433, 30312774, 30320170, 2774, 10170
7, 434, 30382774, 30388832, 2774, 8832
7, 435, 30452774, 30460788, 2774, 10788
7, 436, 30522774, 30532144, 2774, 12144
7, 437, 30592774, 30600755, 2774, 10755
7, 438, 30662774, 30668929, 2774, 8929
7, 439, 30732774, 30738832, 2774, 8832
7, 44, 3082774, 3091453, 2774, 11453
7, 440, 30802774, 30813127, 2774, 13127
7, 441, 30872774, 30878929, 2774, 8929
7, 442, 30942774, 30948832, 2774, 8832
7, 443, 31012774, 31018832, 2774, 8832
7, 444, 31082774, 31091526, 2774, 11526
7, 445, 31152774, 31160788, 2774, 10788
7, 446, 31222774, 31228832, 2774, 8832
7, 447, 31292774, 31298929, 2774, 8929
7, 448, 31362774, 31372582, 2774, 12582
7, 449, 31432774, 31438832, 2774, 8832
7, 45, 3152774, 3160788, 2774, 10788
7, 450, 31502774, 31510788, 2774, 10788
7, 451, 31572774, 31578832, 2774, 8832
7, 452, 31642774, 31651806, 2774, 11806
7, 453, 31712774, 31718929, 2774, 8929
7, 454, 31782774, 31788832, 2774, 8832
7, 455, 31852774, 31860715, 2774, 10715
7, 456, 31922774, 31934131, 2774, 14131
7, 457, 31992774, 31998832, 2774, 8832
7, 458, 32062774, 32068832, 2774, 8832
7, 459, 32132774, 32138929, 2774, 8929
7, 46, 3222774, 3228832, 2774, 8832
7, 460, 32202774, 32212422, 2774, 12422
7, 461, 32272774, 32278832, 2774, 8832
7, 462, 32342774, 32348929, 2774, 8929
7, 463, 32412774, 32418832, 2774, 8832
7, 464, 32482774, 32492509, 2774, 12509
7, 465, 32552774, 32560788, 2774, 10788
7, 466, 32622774, 32628832, 2774, 8832
7, 467, 32692774, 32698832, 2774, 8832
7, 468, 32762774, 32771526, 2774, 11526
7, 469, 32832774, 32838832, 2774, 8832
7, 47, 3292774, 3298832, 2774, 8832
7, 470, 32902774, 32910715, 2774, 10715
7, 471, 32972774, 32980788, 2774, 10788
7, 472, 33042774, 33052582, 2774, 12582
7, 473, 33112774, 33118832, 2774, 8832
7, 474, 33182774, 33188929, 2774, 8929
7, 475, 33252774, 33261946, 2774, 11946
7, 476, 33322774, 33332071, 2774, 12071
7, 477, 33392774, 33398929, 2774, 8929
7, 478, 33462774, 33468832, 2774, 8832
7, 479, 33532774, 33538832, 2774, 8832
7, 48, 3362774, 3372582, 2774, 12582
7, 480, 33602774, 33613200, 2774, 13200
7, 481, 33672774, 33678832, 2774, 8832
7, 482, 33742774, 33748832, 2774, 8832
7, 483, 33812774, 33818929, 2774, 8929
7, 484, 33882774, 33891526, 2774, 11526
7, 485, 33952774, 33960715, 2774, 10715
7, 486, 34022774, 34028929, 2774, 8929
7, 487, 34092774, 34098832, 2774, 8832
7, 488, 34162774, 34172509, 2774, 12509
7, 489, 34232774, 34238929, 2774, 8929
7, 49, 3432774, 3438832, 2774, 8832
7, 490, 34302774, 34311067, 2774, 11067
7, 491, 34372774, 34378832, 2774, 8832
7, 492, 34442774, 34451526, 2774, 11526
7, 493, 34512774, 34518832, 2774, 8832
7, 494, 34582774, 34590755, 2774, 10755
7, 495, 34652774, 34660788, 2774, 10788
7, 496, 34722774, 34733200, 2774, 13200
7, 497, 34792774, 34798832, 2774, 8832
7, 498, 34862774, 34868929, 2774, 8929
7, 499, 34932774, 34938832, 2774, 8832
7, 5, 352774, 360715, 2774, 10715
7, 50, 3502774, 3510715, 2774, 10715
7, 500, 35002774, 35012349, 2774, 12349
7, 501, 35072774, 35078929, 2774, 8929
7, 502, 35142774, 35148832, 2774, 8832
7, 503, 35212774, 35218832, 2774, 8832
7, 504, 35282774, 35292582, 2774, 12582
7, 505, 35352774, 35360788, 2774, 10788
7, 506, 35422774, 35428832, 2774, 8832
7, 507, 35492774, 35498929, 2774, 8929
7, 508, 35562774, 35571526, 2774, 11526
7, 509, 35632774, 35640097, 2774, 10097
7, 51, 3572774, 3578929, 2774, 8929
7, 510, 35702774, 35710788, 2774, 10788
7, 511, 35772774, 35778832, 2774, 8832
7, 512, 35842774, 35852509, 2774, 12509
7, 513, 35912774, 35920853, 2774, 10853
7, 514, 35982774, 35988832, 2774, 8832
7, 515, 36052774, 36060715, 2774, 10715
7, 516, 36122774, 36132144, 2774, 12144
7, 517, 36192774, 36198832, 2774, 8832
7, 518, 36262774, 36268832, 2774, 8832
7, 519, 36332774, 36338929, 2774, 8929
7, 52, 3642774, 3651526, 2774, 11526
7, 520, 36402774, 36413200, 2774, 13200
7, 521, 36472774, 36478832, 2774, 8832
7, 522, 36542774, 36548929, 2774, 8929
7, 523, 36612774, 36618832, 2774, 8832
7, 524, 36682774, 36691453, 2774, 11453
7, 525, 36752774, 36760788, 2774, 10788
7, 526, 36822774, 36828832, 2774, 8832
7, 527, 36892774, 36898832, 2774, 8832
7, 528, 36962774, 36972582, 2774, 12582
7, 529, 37032774, 37038832, 2774, 8832
7, 53, 3712774, 3720097, 2774, 10097
7, 530, 37102774, 37110715, 2774, 10715
7, 531, 37172774, 37178929, 2774, 8929
7, 532, 37242774, 37252816, 2774, 12816
7, 533, 37312774, 37318832, 2774, 8832
7, 534, 37382774, 37388929, 2774, 8929
7, 535, 37452774, 37460788, 2774, 10788
7, 536, 37522774, 37533127, 2774, 13127
7, 537, 37592774, 37598929, 2774, 8929
7, 538, 37662774, 37668832, 2774, 8832
7, 539, 37732774, 37738832, 2774, 8832
7, 54, 3782774, 3788929, 2774, 8929
7, 540, 37802774, 37812422, 2774, 12422
7, 541, 37872774, 37878832, 2774, 8832
7, 542, 37942774, 37948832, 2774, 8832
7, 543, 38012774, 38018929, 2774, 8929
7, 544, 38082774, 38092582, 2774, 12582
7, 545, 38152774, 38160715, 2774, 10715
7, 546, 38222774, 38228929, 2774, 8929
7, 547, 38292774, 38300170, 2774, 10170
7, 548, 38362774, 38371453, 2774, 11453
7, 549, 38432774, 38438929, 2774, 8929
7, 55, 3852774, 3860788, 2774, 10788
7, 550, 38502774, 38510788, 2774, 10788
7, 551, 38572774, 38581579, 2774, 11579
7, 552, 38642774, 38652582, 2774, 12582
7, 553, 38712774, 38718832, 2774, 8832
7, 554, 38782774, 38788832, 2774, 8832
7, 555, 38852774, 38860788, 2774, 10788
7, 556, 38922774, 38932144, 2774, 12144
7, 557, 38992774, 38998832, 2774, 8832
7, 558, 39062774, 39068929, 2774, 8929
7, 559, 39132774, 39138832, 2774, 8832
7, 56, 3922774, 3933127, 2774, 13127
7, 560, 39202774, 39213127, 2774, 13127
7, 561, 39272774, 39278929, 2774, 8929
7, 562, 39342774, 39348832, 2774, 8832
7, 563, 39412774, 39418832, 2774, 8832
7, 564, 39482774, 39491526, 2774, 11526
7, 565, 39552774, 39560788, 2774, 10788
7, 566, 39622774, 39630715, 2774, 10715
7, 567, 39692774, 39698929, 2774, 8929
7, 568, 39762774, 39772582, 2774, 12582
7, 569, 39832774, 39838832, 2774, 8832
7, 57, 3992774, 4000853, 2774, 10853
7, 570, 39902774, 39911946, 2774, 11946
7, 571, 39972774, 39978832, 2774, 8832
7, 572, 40042774, 40051453, 2774, 11453
7, 573, 40112774, 40118929, 2774, 8929
7, 574, 40182774, 40188832, 2774, 8832
7, 575, 40252774, 40260715, 2774, 10715
7, 576, 40322774, 40333200, 2774, 13200
7, 577, 40392774, 40398832, 2774, 8832
7, 578, 40462774, 40468832, 2774, 8832
7, 579, 40532774, 40538929, 2774, 8929
7, 58, 4062774, 4068832, 2774, 8832
7, 580, 40602774, 40612422, 2774, 12422
7, 581, 40672774, 40678832, 2774, 8832
7, 582, 40742774, 40748929, 2774, 8929
7, 583, 40812774, 40818832, 2774, 8832
7, 584, 40882774, 40892509, 2774, 12509
7, 585, 40952774, 40961067, 2774, 11067
7, 586, 41022774, 41028832, 2774, 8832
7, 587, 41092774, 41098832, 2774, 8832
7, 588, 41162774, 41171526, 2774, 11526
7, 589, 41232774, 41240853, 2774, 10853
7, 59, 4132774, 4138832, 2774, 8832
7, 590, 41302774, 41310715, 2774, 10715
7, 591, 41372774, 41378929, 2774, 8929
7, 592, 41442774, 41452582, 2774, 12582
7, 593, 41512774, 41518832, 2774, 8832
7, 594, 41582774, 41588929, 2774, 8929
7, 595, 41652774, 41660788, 2774, 10788
7, 596, 41722774, 41732071, 2774, 12071
7, 597, 41792774, 41798929, 2774, 8929
7, 598, 41862774, 41868832, 2774, 8832
7, 599, 41932774, 41938832, 2774, 8832
7, 6, 422774, 428929, 2774, 8929
7, 60, 4202774, 4212422, 2774, 12422
7, 600, 42002774, 42013200, 2774, 13200
7, 601, 42072774, 42078832, 2774, 8832
7, 602, 42142774, 42148832, 2774, 8832
7, 603, 42212774, 42218929, 2774, 8929
7, 604, 42282774, 42291879, 2774, 11879
7, 605, 42352774, 42360715, 2774, 10715
7, 606, 42422774, 42428929, 2774, 8929
7, 607, 42492774, 42498832, 2774, 8832
7, 608, 42562774, 42573441, 2774, 13441
7, 609, 42632774, 42638929, 2774, 8929
7, 61, 4272774, 4278832, 2774, 8832
7, 610, 42702774, 42710788, 2774, 10788
7, 611, 42772774, 42778832, 2774, 8832
7, 612, 42842774, 42851526, 2774, 11526
7, 613, 42912774, 42918832, 2774, 8832
7, 614, 42982774, 42988832, 2774, 8832
7, 615, 43052774, 43060788, 2774, 10788
7, 616, 43122774, 43133200, 2774, 13200
7, 617, 43192774, 43198832, 2774, 8832
7, 618, 43262774, 43268929, 2774, 8929
7, 619, 43332774, 43338832, 2774, 8832
7, 62, 4342774, 4348832, 2774, 8832
7, 620, 43402774, 43412349, 2774, 12349
7, 621, 43472774, 43478929, 2774, 8929
7, 622, 43542774, 43548832, 2774, 8832
7, 623, 43612774, 43620097, 2774, 10097
7, 624, 43682774, 43692582, 2774, 12582
7, 625, 43752774, 43760788, 2774, 10788
7, 626, 43822774, 43828832, 2774, 8832
7, 627, 43892774, 43900853, 2774, 10853
7, 628, 43962774, 43971526, 2774, 11526
7, 629, 44032774, 44038832, 2774, 8832
7, 63, 4412774, 4418929, 2774, 8929
7, 630, 44102774, 44110788, 2774, 10788
7, 631, 44172774, 44178832, 2774, 8832
7, 632, 44242774, 44252509, 2774, 12509
7, 633, 44312774, 44318929, 2774, 8929
7, 634, 44382774, 44388832, 2774, 8832
7, 635, 44452774, 44460715, 2774, 10715
7, 636, 44522774, 44532144, 2774, 12144
7, 637, 44592774, 44598832, 2774, 8832
7, 638, 44662774, 44668832, 2774, 8832
7, 639, 44732774, 44738929, 2774, 8929
7, 64, 4482774, 4492582, 2774, 12582
7, 640, 44802774, 44813200, 2774, 13200
7, 641, 44872774, 44878832, 2774, 8832
7, 642, 44942774, 44950170, 2774, 10170
7, 643, 45012774, 45018832, 2774, 8832
7, 644, 45082774, 45091453, 2774, 11453
7, 645, 45152774, 45160788, 2774, 10788
7, 646, 45222774, 45231667, 2774, 11667
7, 647, 45292774, 45298832, 2774, 8832
7, 648, 45362774, 45372582, 2774, 12582
7, 649, 45432774, 45438832, 2774, 8832
7, 65, 4552774, 4560715, 2774, 10715
7, 650, 45502774, 45510715, 2774, 10715
7, 651, 45572774, 45578929, 2774, 8929
7, 652, 45642774, 45651526, 2774, 11526
7, 653, 45712774, 45718832, 2774, 8832
7, 654, 45782774, 45788929, 2774, 8929
7, 655, 45852774, 45860788, 2774, 10788
7, 656, 45922774, 45933127, 2774, 13127
7, 657, 45992774, 45998929, 2774, 8929
7, 658, 46062774, 46068832, 2774, 8832
7, 659, 46132774, 46138832, 2774, 8832
7, 66, 4622774, 4628929, 2774, 8929
7, 660, 46202774, 46212422, 2774, 12422
7, 661, 46272774, 46280788, 2774, 10788
7, 662, 46342774, 46348832, 2774, 8832
7, 663, 46412774, 46418929, 2774, 8929
7, 664, 46482774, 46492582, 2774, 12582
7, 665, 46552774, 46561873, 2774, 11873
7, 666, 46622774, 46628929, 2774, 8929
7, 667, 46692774, 46698832, 2774, 8832
7, 668, 46762774, 46771453, 2774, 11453
7, 669, 46832774, 46838929, 2774, 8929
7, 67, 4692774, 4698832, 2774, 8832
7, 670, 46902774, 46910788, 2774, 10788
7, 671, 46972774, 46978832, 2774, 8832
7, 672, 47042774, 47052582, 2774, 12582
7, 673, 47112774, 47118832, 2774, 8832
7, 674, 47182774, 47188832, 2774, 8832
7, 675, 47252774, 47260788, 2774, 10788
7, 676, 47322774, 47332144, 2774, 12144
7, 677, 47392774, 47398832, 2774, 8832
7, 678, 47462774, 47468929, 2774, 8929
7, 679, 47532774, 47538832, 2774, 8832
7, 68, 4762774, 4771453, 2774, 11453
7, 680, 47602774, 47613127, 2774, 13127
7, 681, 47672774, 47678929, 2774, 8929
7, 682, 47742774, 47748832, 2774, 8832
7, 683, 47812774, 47818832, 2774, 8832
7, 684, 47882774, 47892816, 2774, 12816
7, 685, 47952774, 47960788, 2774, 10788
7, 686, 48022774, 48028832, 2774, 8832
7, 687, 48092774, 48098929, 2774, 8929
7, 688, 48162774, 48172582, 2774, 12582
7, 689, 48232774, 48238832, 2774, 8832
7, 69, 4832774, 4838929, 2774, 8929
7, 690, 48302774, 48310788, 2774, 10788
7, 691, 48372774, 48378832, 2774, 8832
7, 692, 48442774, 48451453, 2774, 11453
7, 693, 48512774, 48518929, 2774, 8929
7, 694, 48582774, 48588832, 2774, 8832
7, 695, 48652774, 48660715, 2774, 10715
7, 696, 48722774, 48733200, 2774, 13200
7, 697, 48792774, 48798832, 2774, 8832
7, 698, 48862774, 48868832, 2774, 8832
7, 699, 48932774, 48940170, 2774, 10170
7, 7, 492774, 498832, 2774, 8832
7, 70, 4902774, 4910788, 2774, 10788
7, 700, 49002774, 49012422, 2774, 12422
7, 701, 49072774, 49078832, 2774, 8832
7, 702, 49142774, 49148929, 2774, 8929
7, 703, 49212774, 49220853, 2774, 10853
7, 704, 49282774, 49292509, 2774, 12509
7, 705, 49352774, 49360788, 2774, 10788
7, 706, 49422774, 49428832, 2774, 8832
7, 707, 49492774, 49498832, 2774, 8832
7, 708, 49562774, 49571526, 2774, 11526
7, 709, 49632774, 49638832, 2774, 8832
7, 71, 4972774, 4978832, 2774, 8832
7, 710, 49702774, 49710715, 2774, 10715
7, 711, 49772774, 49778929, 2774, 8929
7, 712, 49842774, 49852582, 2774, 12582
7, 713, 49912774, 49918832, 2774, 8832
7, 714, 49982774, 49988929, 2774, 8929
7, 715, 50052774, 50060788, 2774, 10788
7, 716, 50122774, 50132071, 2774, 12071
7, 717, 50192774, 50198929, 2774, 8929
7, 718, 50262774, 50270170, 2774, 10170
7, 719, 50332774, 50338832, 2774, 8832
7, 72, 5042774, 5052582, 2774, 12582
7, 720, 50402774, 50413200, 2774, 13200
7, 721, 50472774, 50478832, 2774, 8832
7, 722, 50542774, 50550755, 2774, 10755
7, 723, 50612774, 50618929, 2774, 8929
7, 724, 50682774, 50691526, 2774, 11526
7, 725, 50752774, 50760715, 2774, 10715
7, 726, 50822774, 50828929, 2774, 8929
7, 727, 50892774, 50898832, 2774, 8832
7, 728, 50962774, 50972509, 2774, 12509
7, 729, 51032774, 51038929, 2774, 8929
7, 73, 5112774, 5118832, 2774, 8832
7, 730, 51102774, 51110788, 2774, 10788
7, 731, 51172774, 51178832, 2774, 8832
7, 732, 51242774, 51251526, 2774, 11526
7, 733, 51312774, 51318832, 2774, 8832
7, 734, 51382774, 51388832, 2774, 8832
7, 735, 51452774, 51460788, 2774, 10788
7, 736, 51522774, 51533200, 2774, 13200
7, 737, 51592774, 51600097, 2774, 10097
7, 738, 51662774, 51668929, 2774, 8929
7, 739, 51732774, 51738832, 2774, 8832
7, 74, 5182774, 5188832, 2774, 8832
7, 740, 51802774, 51812349, 2774, 12349
7, 741, 51872774, 51881667, 2774, 11667
7, 742, 51942774, 51948832, 2774, 8832
7, 743, 52012774, 52018832, 2774, 8832
7, 744, 52082774, 52092582, 2774, 12582
7, 745, 52152774, 52160788, 2774, 10788
7, 746, 52222774, 52228832, 2774, 8832
7, 747, 52292774, 52298929, 2774, 8929
7, 748, 52362774, 52371526, 2774, 11526
7, 749, 52432774, 52438832, 2774, 8832
7, 75, 5252774, 5260788, 2774, 10788
7, 750, 52502774, 52510788, 2774, 10788
7, 751, 52572774, 52578832, 2774, 8832
7, 752, 52642774, 52652509, 2774, 12509
7, 753, 52712774, 52718929, 2774, 8929
7, 754, 52782774, 52788832, 2774, 8832
7, 755, 52852774, 52860715, 2774, 10715
7, 756, 52922774, 52932497, 2774, 12497
7, 757, 52992774, 52998832, 2774, 8832
7, 758, 53062774, 53068832, 2774, 8832
7, 759, 53132774, 53138929, 2774, 8929
7, 76, 5322774, 5333434, 2774, 13434
7, 760, 53202774, 53215527, 2774, 15527
7, 761, 53272774, 53278832, 2774, 8832
7, 762, 53342774, 53348929, 2774, 8929
7, 763, 53412774, 53418832, 2774, 8832
7, 764, 53482774, 53491453, 2774, 11453
7, 765, 53552774, 53560788, 2774, 10788
7, 766, 53622774, 53628832, 2774, 8832
7, 767, 53692774, 53698832, 2774, 8832
7, 768, 53762774, 53772582, 2774, 12582
7, 769, 53832774, 53838832, 2774, 8832
7, 77, 5392774, 5398832, 2774, 8832
7, 770, 53902774, 53910715, 2774, 10715
7, 771, 53972774, 53978929, 2774, 8929
7, 772, 54042774, 54051526, 2774, 11526
7, 773, 54112774, 54118832, 2774, 8832
7, 774, 54182774, 54188929, 2774, 8929
7, 775, 54252774, 54261067, 2774, 11067
7, 776, 54322774, 54333127, 2774, 13127
7, 777, 54392774, 54398929, 2774, 8929
7, 778, 54462774, 54468832, 2774, 8832
7, 779, 54532774, 54540755, 2774, 10755
7, 78, 5462774, 5468929, 2774, 8929
7, 780, 54602774, 54612422, 2774, 12422
7, 781, 54672774, 54678832, 2774, 8832
7, 782, 54742774, 54748832, 2774, 8832
7, 783, 54812774, 54818929, 2774, 8929
7, 784, 54882774, 54892582, 2774, 12582
7, 785, 54952774, 54960715, 2774, 10715
7, 786, 55022774, 55028929, 2774, 8929
7, 787, 55092774, 55098832, 2774, 8832
7, 788, 55162774, 55171453, 2774, 11453
7, 789, 55232774, 55238929, 2774, 8929
7, 79, 5532774, 5538832, 2774, 8832
7, 790, 55302774, 55310788, 2774, 10788
7, 791, 55372774, 55378832, 2774, 8832
7, 792, 55442774, 55452582, 2774, 12582
7, 793, 55512774, 55518832, 2774, 8832
7, 794, 55582774, 55590097, 2774, 10097
7, 795, 55652774, 55660788, 2774, 10788
7, 796, 55722774, 55732144, 2774, 12144
7, 797, 55792774, 55798832, 2774, 8832
7, 798, 55862774, 55870853, 2774, 10853
7, 799, 55932774, 55938832, 2774, 8832
7, 8, 562774, 572509, 2774, 12509
7, 80, 5602774, 5613127, 2774, 13127
7, 800, 56002774, 56013127, 2774, 13127
7, 801, 56072774, 56078929, 2774, 8929
7, 802, 56142774, 56148832, 2774, 8832
7, 803, 56212774, 56218832, 2774, 8832
7, 804, 56282774, 56291526, 2774, 11526
7, 805, 56352774, 56360788, 2774, 10788
7, 806, 56422774, 56428832, 2774, 8832
7, 807, 56492774, 56498929, 2774, 8929
7, 808, 56562774, 56572582, 2774, 12582
7, 809, 56632774, 56638832, 2774, 8832
7, 81, 5672774, 5678929, 2774, 8929
7, 810, 56702774, 56710788, 2774, 10788
7, 811, 56772774, 56778832, 2774, 8832
7, 812, 56842774, 56851453, 2774, 11453
7, 813, 56912774, 56920170, 2774, 10170
7, 814, 56982774, 56988832, 2774, 8832
7, 815, 57052774, 57060715, 2774, 10715
7, 816, 57122774, 57133200, 2774, 13200
7, 817, 57192774, 57200853, 2774, 10853
7, 818, 57262774, 57268832, 2774, 8832
7, 819, 57332774, 57338929, 2774, 8929
7, 82, 5742774, 5748832, 2774, 8832
7, 820, 57402774, 57412422, 2774, 12422
7, 821, 57472774, 57478832, 2774, 8832
7, 822, 57542774, 57548929, 2774, 8929
7, 823, 57612774, 57618832, 2774, 8832
7, 824, 57682774, 57692509, 2774, 12509
7, 825, 57752774, 57760788, 2774, 10788
7, 826, 57822774, 57828832, 2774, 8832
7, 827, 57892774, 57898832, 2774, 8832
7, 828, 57962774, 57971526, 2774, 11526
7, 829, 58032774, 58038832, 2774, 8832
7, 83, 5812774, 5818832, 2774, 8832
7, 830, 58102774, 58110715, 2774, 10715
7, 831, 58172774, 58178929, 2774, 8929
7, 832, 58242774, 58252582, 2774, 12582
7, 833, 58312774, 58318832, 2774, 8832
7, 834, 58382774, 58388929, 2774, 8929
7, 835, 58452774, 58460788, 2774, 10788
7, 836, 58522774, 58533361, 2774, 13361
7, 837, 58592774, 58598929, 2774, 8929
7, 838, 58662774, 58668832, 2774, 8832
7, 839, 58732774, 58738832, 2774, 8832
7, 84, 5882774, 5891526, 2774, 11526
7, 840, 58802774, 58813200, 2774, 13200
7, 841, 58872774, 58878832, 2774, 8832
7, 842, 58942774, 58948832, 2774, 8832
7, 843, 59012774, 59018929, 2774, 8929
7, 844, 59082774, 59091526, 2774, 11526
7, 845, 59152774, 59160715, 2774, 10715
7, 846, 59222774, 59228929, 2774, 8929
7, 847, 59292774, 59298832, 2774, 8832
7, 848, 59362774, 59372509, 2774, 12509
7, 849, 59432774, 59438929, 2774, 8929
7, 85, 5952774, 5960788, 2774, 10788
7, 850, 59502774, 59510788, 2774, 10788
7, 851, 59572774, 59580715, 2774, 10715
7, 852, 59642774, 59651526, 2774, 11526
7, 853, 59712774, 59718832, 2774, 8832
7, 854, 59782774, 59788832, 2774, 8832
7, 855, 59852774, 59861946, 2774, 11946
7, 856, 59922774, 59933200, 2774, 13200
7, 857, 59992774, 59998832, 2774, 8832
7, 858, 60062774, 60068929, 2774, 8929
7, 859, 60132774, 60138832, 2774, 8832
7, 86, 6022774, 6028832, 2774, 8832
7, 860, 60202774, 60212349, 2774, 12349
7, 861, 60272774, 60278929, 2774, 8929
7, 862, 60342774, 60348832, 2774, 8832
7, 863, 60412774, 60418832, 2774, 8832
7, 864, 60482774, 60492582, 2774, 12582
7, 865, 60552774, 60560788, 2774, 10788
7, 866, 60622774, 60628832, 2774, 8832
7, 867, 60692774, 60698929, 2774, 8929
7, 868, 60762774, 60771526, 2774, 11526
7, 869, 60832774, 60838832, 2774, 8832
7, 87, 6092774, 6098929, 2774, 8929
7, 870, 60902774, 60911067, 2774, 11067
7, 871, 60972774, 60978832, 2774, 8832
7, 872, 61042774, 61052509, 2774, 12509
7, 873, 61112774, 61118929, 2774, 8929
7, 874, 61182774, 61190853, 2774, 10853
7, 875, 61252774, 61260715, 2774, 10715
7, 876, 61322774, 61332144, 2774, 12144
7, 877, 61392774, 61398832, 2774, 8832
7, 878, 61462774, 61468832, 2774, 8832
7, 879, 61532774, 61538929, 2774, 8929
7, 88, 6162774, 6172582, 2774, 12582
7, 880, 61602774, 61613200, 2774, 13200
7, 881, 61672774, 61678832, 2774, 8832
7, 882, 61742774, 61748929, 2774, 8929
7, 883, 61812774, 61818832, 2774, 8832
7, 884, 61882774, 61891453, 2774, 11453
7, 885, 61952774, 61960788, 2774, 10788
7, 886, 62022774, 62028832, 2774, 8832
7, 887, 62092774, 62098832, 2774, 8832
7, 888, 62162774, 62172582, 2774, 12582
7, 889, 62232774, 62240170, 2774, 10170
7, 89, 6232774, 6238832, 2774, 8832
7, 890, 62302774, 62310715, 2774, 10715
7, 891, 62372774, 62378929, 2774, 8929
7, 892, 62442774, 62451526, 2774, 11526
7, 893, 62512774, 62520755, 2774, 10755
7, 894, 62582774, 62588929, 2774, 8929
7, 895, 62652774, 62660788, 2774, 10788
7, 896, 62722774, 62733127, 2774, 13127
7, 897, 62792774, 62798929, 2774, 8929
7, 898, 62862774, 62868832, 2774, 8832
7, 899, 62932774, 62938832, 2774, 8832
7, 9, 632774, 638929, 2774, 8929
7, 90, 6302774, 6310788, 2774, 10788
7, 900, 63002774, 63012422, 2774, 12422
7, 901, 63072774, 63078832, 2774, 8832
7, 902, 63142774, 63148832, 2774, 8832
7, 903, 63212774, 63218929, 2774, 8929
7, 904, 63282774, 63292582, 2774, 12582
7, 905, 63352774, 63360715, 2774, 10715
7, 906, 63422774, 63428929, 2774, 8929
7, 907, 63492774, 63498832, 2774, 8832
7, 908, 63562774, 63571806, 2774, 11806
7, 909, 63632774, 63638929, 2774, 8929
7, 91, 6372774, 6380788, 2774, 10788
7, 910, 63702774, 63710788, 2774, 10788
7, 911, 63772774, 63778832, 2774, 8832
7, 912, 63842774, 63853514, 2774, 13514
7, 913, 63912774, 63918832, 2774, 8832
7, 914, 63982774, 63988832, 2774, 8832
7, 915, 64052774, 64060788, 2774, 10788
7, 916, 64122774, 64132144, 2774, 12144
7, 917, 64192774, 64198832, 2774, 8832
7, 918, 64262774, 64268929, 2774, 8929
7, 919, 64332774, 64338832, 2774, 8832
7, 92, 6442774, 6451453, 2774, 11453
7, 920, 64402774, 64413127, 2774, 13127
7, 921, 64472774, 64478929, 2774, 8929
7, 922, 64542774, 64548832, 2774, 8832
7, 923, 64612774, 64618832, 2774, 8832
7, 924, 64682774, 64691526, 2774, 11526
7, 925, 64752774, 64760788, 2774, 10788
7, 926, 64822774, 64828832, 2774, 8832
7, 927, 64892774, 64900170, 2774, 10170
7, 928, 64962774, 64972582, 2774, 12582
7, 929, 65032774, 65038832, 2774, 8832
7, 93, 6512774, 6518929, 2774, 8929
7, 930, 65102774, 65110788, 2774, 10788
7, 931, 65172774, 65181667, 2774, 11667
7, 932, 65242774, 65251453, 2774, 11453
7, 933, 65312774, 65318929, 2774, 8929
7, 934, 65382774, 65388832, 2774, 8832
7, 935, 65452774, 65460715, 2774, 10715
7, 936, 65522774, 65533200, 2774, 13200
7, 937, 65592774, 65598832, 2774, 8832
7, 938, 65662774, 65668832, 2774, 8832
7, 939, 65732774, 65738929, 2774, 8929
7, 94, 6582774, 6588832, 2774, 8832
7, 940, 65802774, 65812422, 2774, 12422
7, 941, 65872774, 65878832, 2774, 8832
7, 942, 65942774, 65948929, 2774, 8929
7, 943, 66012774, 66018832, 2774, 8832
7, 944, 66082774, 66092509, 2774, 12509
7, 945, 66152774, 66160788, 2774, 10788
7, 946, 66222774, 66230788, 2774, 10788
7, 947, 66292774, 66298832, 2774, 8832
7, 948, 66362774, 66371526, 2774, 11526
7, 949, 66432774, 66438832, 2774, 8832
7, 95, 6652774, 6661873, 2774, 11873
7, 950, 66502774, 66511873, 2774, 11873
7, 951, 66572774, 66578929, 2774, 8929
7, 952, 66642774, 66652582, 2774, 12582
7, 953, 66712774, 66718832, 2774, 8832
7, 954, 66782774, 66788929, 2774, 8929
7, 955, 66852774, 66860788, 2774, 10788
7, 956, 66922774, 66932071, 2774, 12071
7, 957, 66992774, 66998929, 2774, 8929
7, 958, 67062774, 67068832, 2774, 8832
7, 959, 67132774, 67138832, 2774, 8832
7, 96, 6722774, 6733200, 2774, 13200
7, 960, 67202774, 67213200, 2774, 13200
7, 961, 67272774, 67278832, 2774, 8832
7, 962, 67342774, 67348832, 2774, 8832
7, 963, 67412774, 67418929, 2774, 8929
7, 964, 67482774, 67491526, 2774, 11526
7, 965, 67552774, 67560994, 2774, 10994
7, 966, 67622774, 67628929, 2774, 8929
7, 967, 67692774, 67698832, 2774, 8832
7, 968, 67762774, 67772509, 2774, 12509
7, 969, 67832774, 67840853, 2774, 10853
7, 97, 6792774, 6798832, 2774, 8832
7, 970, 67902774, 67910788, 2774, 10788
7, 971, 67972774, 67978832, 2774, 8832
7, 972, 68042774, 68051526, 2774, 11526
7, 973, 68112774, 68118832, 2774, 8832
7, 974, 68182774, 68188832, 2774, 8832
7, 975, 68252774, 68260788, 2774, 10788
7, 976, 68322774, 68333200, 2774, 13200
7, 977, 68392774, 68398832, 2774, 8832
7, 978, 68462774, 68468929, 2774, 8929
7, 979, 68532774, 68538832, 2774, 8832
7, 98, 6862774, 6868832, 2774, 8832
7, 980, 68602774, 68612349, 2774, 12349
7, 981, 68672774, 68678929, 2774, 8929
7, 982, 68742774, 68748832, 2774, 8832
7, 983, 68812774, 68818832, 2774, 8832
7, 984, 68882774, 68892582, 2774, 12582
7, 985, 68952774, 68960788, 2774, 10788
7, 986, 69022774, 69028832, 2774, 8832
7, 987, 69092774, 69098929, 2774, 8929
7, 988, 69162774, 69172816, 2774, 12816
7, 989, 69232774, 69238832, 2774, 8832
7, 99, 6932774, 6938929, 2774, 8929
7, 990, 69302774, 69310788, 2774, 10788
7, 991, 69372774, 69378832, 2774, 8832
7, 992, 69442774, 69452509, 2774, 12509
7, 993, 69512774, 69518929, 2774, 8929
7, 994, 69582774, 69588832, 2774, 8832
7, 995, 69652774, 69660715, 2774, 10715
7, 996, 69722774, 69732144, 2774, 12144
7, 997, 69792774, 69798832, 2774, 8832
7, 998, 69862774, 69868832, 2774, 8832
7, 999, 69932774, 69938929, 2774, 8929
8, 0, 1675, 13732, 1675, 13732
8, 1, 81675, 86791, 1675, 6791
8, 10, 801675, 806791, 1675, 6791
8, 100, 8001675, 8006791, 1675, 6791
8, 1000, 80001675, 80006791, 1675, 6791
8, 1001, 80081675, 80091583, 1675, 11583
8, 1002, 80161675, 80166791, 1675, 6791
8, 1003, 80241675, 80246791, 1675, 6791
8, 1004, 80321675, 80326791, 1675, 6791
8, 1005, 80401675, 80407020, 1675, 7020
8, 1006, 80481675, 80486791, 1675, 6791
8, 1007, 80561675, 80566791, 1675, 6791
8, 1008, 80641675, 80651583, 1675, 11583
8, 1009, 80721675, 80726791, 1675, 6791
8, 101, 8081675, 8086791, 1675, 6791
8, 1010, 80801675, 80806791, 1675, 6791
8, 1011, 80881675, 80886791, 1675, 6791
8, 1012, 80961675, 80966791, 1675, 6791
8, 1013, 81041675, 81046791, 1675, 6791
8, 1014, 81121675, 81126791, 1675, 6791
8, 1015, 81201675, 81212128, 1675, 12128
8, 1016, 81281675, 81286791, 1675, 6791
8, 1017, 81361675, 81366791, 1675, 6791
8, 1018, 81441675, 81446791, 1675, 6791
8, 1019, 81521675, 81526791, 1675, 6791
8, 102, 8161675, 8166791, 1675, 6791
8, 1020, 81601675, 81606791, 1675, 6791
8, 1021, 81681675, 81686791, 1675, 6791
8, 1022, 81761675, 81771583, 1675, 11583
8, 1023, 81841675, 81846791, 1675, 6791
8, 1024, 81921675, 81926791, 1675, 6791
8, 1025, 82001675, 82006791, 1675, 6791
8, 1026, 82081675, 82086937, 1675, 6937
8, 1027, 82161675, 82166791, 1675, 6791
8, 1028, 82241675, 82246791, 1675, 6791
8, 1029, 82321675, 82332201, 1675, 12201
8, 103, 8241675, 8246791, 1675, 6791
8, 1030, 82401675, 82406791, 1675, 6791
8, 1031, 82481675, 82486791, 1675, 6791
8, 1032, 82561675, 82566791, 1675, 6791
8, 1033, 82641675, 82646791, 1675, 6791
8, 1034, 82721675, 82726791, 1675, 6791
8, 1035, 82801675, 82806791, 1675, 6791
8, 1036, 82881675, 82891510, 1675, 11510
8, 1037, 82961675, 82966791, 1675, 6791
8, 1038, 83041675, 83046791, 1675, 6791
8, 1039, 83121675, 83126791, 1675, 6791
8, 104, 8321675, 8326791, 1675, 6791
8, 1040, 83201675, 83206791, 1675, 6791
8, 1041, 83281675, 83286791, 1675, 6791
8, 1042, 83361675, 83366791, 1675, 6791
8, 1043, 83441675, 83451583, 1675, 11583
8, 1044, 83521675, 83526791, 1675, 6791
8, 1045, 83601675, 83609427, 1675, 9427
8, 1046, 83681675, 83686791, 1675, 6791
8, 1047, 83761675, 83766791, 1675, 6791
8, 1048, 83841675, 83846791, 1675, 6791
8, 1049, 83921675, 83926791, 1675, 6791
8, 105, 8401675, 8412201, 1675, 12201
8, 1050, 84001675, 84012201, 1675, 12201
8, 1051, 84081675, 84086791, 1675, 6791
8, 1052, 84161675, 84166791, 1675, 6791
8, 1053, 84241675, 84246791, 1675, 6791
8, 1054, 84321675, 84326791, 1675, 6791
8, 1055, 84401675, 84406791, 1675, 6791
8, 1056, 84481675, 84486791, 1675, 6791
8, 1057, 84561675, 84571510, 1675, 11510
8, 1058, 84641675, 84646791, 1675, 6791
8, 1059, 84721675, 84726791, 1675, 6791
8, 106, 8481675, 8486791, 1675, 6791
8, 1060, 84801675, 84806791, 1675, 6791
8, 1061, 84881675, 84886791, 1675, 6791
8, 1062, 84961675, 84966791, 1675, 6791
8, 1063, 85041675, 85046791, 1675, 6791
8, 1064, 85121675, 85132444, 1675, 12444
8, 1065, 85201675, 85206791, 1675, 6791
8, 1066, 85281675, 85286791, 1675, 6791
8, 1067, 85361675, 85366791, 1675, 6791
8, 1068, 85441675, 85446791, 1675, 6791
8, 1069, 85521675, 85526791, 1675, 6791
8, 107, 8561675, 8566791, 1675, 6791
8, 1070, 85601675, 85606791, 1675, 6791
8, 1071, 85681675, 85691583, 1675, 11583
8, 1072, 85761675, 85766791, 1675, 6791
8, 1073, 85841675, 85846791, 1675, 6791
8, 1074, 85921675, 85926791, 1675, 6791
8, 1075, 86001675, 86006791, 1675, 6791
8, 1076, 86081675, 86086791, 1675, 6791
8, 1077, 86161675, 86166791, 1675, 6791
8, 1078, 86241675, 86251510, 1675, 11510
8, 1079, 86321675, 86326791, 1675, 6791
8, 108, 8641675, 8646791, 1675, 6791
8, 1080, 86401675, 86406791, 1675, 6791
8, 1081, 86481675, 86486791, 1675, 6791
8, 1082, 86561675, 86566791, 1675, 6791
8, 1083, 86641675, 86646791, 1675, 6791
8, 1084, 86721675, 86726791, 1675, 6791
8, 1085, 86801675, 86812201, 1675, 12201
8, 1086, 86881675, 86886791, 1675, 6791
8, 1087, 86961675, 86966791, 1675, 6791
8, 1088, 87041675, 87046791, 1675, 6791
8, 1089, 87121675, 87126937, 1675, 6937
8, 109, 8721675, 8726791, 1675, 6791
8, 1090, 87201675, 87206791, 1675, 6791
8, 1091, 87281675, 87286791, 1675, 6791
8, 1092, 87361675, 87371583, 1675, 11583
8, 1093, 87441675, 87446791, 1675, 6791
8, 1094, 87521675, 87526791, 1675, 6791
8, 1095, 87601675, 87606791, 1675, 6791
8, 1096, 87681675, 87686791, 1675, 6791
8, 1097, 87761675, 87766791, 1675, 6791
8, 1098, 87841675, 87846791, 1675, 6791
8, 1099, 87921675, 87932128, 1675, 12128
8, 11, 881675, 886791, 1675, 6791
8, 110, 8801675, 8806791, 1675, 6791
8, 1100, 88001675, 88006791, 1675, 6791
8, 1101, 88081675, 88086791, 1675, 6791
8, 1102, 88161675, 88166791, 1675, 6791
8, 1103, 88241675, 88246791, 1675, 6791
8, 1104, 88321675, 88326791, 1675, 6791
8, 1105, 88401675, 88406791, 1675, 6791
8, 1106, 88481675, 88491583, 1675, 11583
8, 1107, 88561675, 88566791, 1675, 6791
8, 1108, 88641675, 88646791, 1675, 6791
8, 1109, 88721675, 88726791, 1675, 6791
8, 111, 8881675, 8886791, 1675, 6791
8, 1110, 88801675, 88807020, 1675, 7020
8, 1111, 88881675, 88886791, 1675, 6791
8, 1112, 88961675, 88966791, 1675, 6791
8, 1113, 89041675, 89051583, 1675, 11583
8, 1114, 89121675, 89126791, 1675, 6791
8, 1115, 89201675, 89206791, 1675, 6791
8, 1116, 89281675, 89286791, 1675, 6791
8, 1117, 89361675, 89366791, 1675, 6791
8, 1118, 89441675, 89446791, 1675, 6791
8, 1119, 89521675, 89526791, 1675, 6791
8, 112, 8961675, 8971510, 1675, 11510
8, 1120, 89601675, 89612128, 1675, 12128
8, 1121, 89681675, 89686791, 1675, 6791
8, 1122, 89761675, 89766791, 1675, 6791
8, 1123, 89841675, 89846791, 1675, 6791
8, 1124, 89921675, 89926791, 1675, 6791
8, 1125, 90001675, 90006791, 1675, 6791
8, 1126, 90081675, 90086791, 1675, 6791
8, 1127, 90161675, 90171583, 1675, 11583
8, 1128, 90241675, 90246791, 1675, 6791
8, 1129, 90321675, 90326791, 1675, 6791
8, 113, 9041675, 9046791, 1675, 6791
8, 1130, 90401675, 90406791, 1675, 6791
8, 1131, 90481675, 90486791, 1675, 6791
8, 1132, 90561675, 90566791, 1675, 6791
8, 1133, 90641675, 90646791, 1675, 6791
8, 1134, 90721675, 90732201, 1675, 12201
8, 1135, 90801675, 90806791, 1675, 6791
8, 1136, 90881675, 90886791, 1675, 6791
8, 1137, 90961675, 90966791, 1675, 6791
8, 1138, 91041675, 91046791, 1675, 6791
8, 1139, 91121675, 91126791, 1675, 6791
8, 114, 9121675, 9126791, 1675, 6791
8, 1140, 91201675, 91209622, 1675, 9622
8, 1141, 91281675, 91291510, 1675, 11510
8, 1142, 91361675, 91366791, 1675, 6791
8, 1143, 91441675, 91446791, 1675, 6791
8, 1144, 91521675, 91526791, 1675, 6791
8, 1145, 91601675, 91606791, 1675, 6791
8, 1146, 91681675, 91686791, 1675, 6791
8, 1147, 91761675, 91766791, 1675, 6791
8, 1148, 91841675, 91851583, 1675, 11583
8, 1149, 91921675, 91926791, 1675, 6791
8, 115, 9201675, 9206791, 1675, 6791
8, 1150, 92001675, 92006791, 1675, 6791
8, 1151, 92081675, 92086791, 1675, 6791
8, 1152, 92161675, 92166791, 1675, 6791
8, 1153, 92241675, 92246791, 1675, 6791
8, 1154, 92321675, 92326791, 1675, 6791
8, 1155, 92401675, 92412201, 1675, 12201
8, 1156, 92481675, 92486791, 1675, 6791
8, 1157, 92561675, 92566791, 1675, 6791
8, 1158, 92641675, 92646791, 1675, 6791
8, 1159, 92721675, 92726791, 1675, 6791
8, 116, 9281675, 9286791, 1675, 6791
8, 1160, 92801675, 92806791, 1675, 6791
8, 1161, 92881675, 92886791, 1675, 6791
8, 1162, 92961675, 92971510, 1675, 11510
8, 1163, 93041675, 93046791, 1675, 6791
8, 1164, 93121675, 93126791, 1675, 6791
8, 1165, 93201675, 93206791, 1675, 6791
8, 1166, 93281675, 93286791, 1675, 6791
8, 1167, 93361675, 93366791, 1675, 6791
8, 1168, 93441675, 93446791, 1675, 6791
8, 1169, 93521675, 93532201, 1675, 12201
8, 117, 9361675, 9366791, 1675, 6791
8, 1170, 93601675, 93606791, 1675, 6791
8, 1171, 93681675, 93686791, 1675, 6791
8, 1172, 93761675, 93766791, 1675, 6791
8, 1173, 93841675, 93846791, 1675, 6791
8, 1174, 93921675, 93926791, 1675, 6791
8, 1175, 94001675, 94006791, 1675, 6791
8, 1176, 94081675, 94091583, 1675, 11583
8, 1177, 94161675, 94166791, 1675, 6791
8, 1178, 94241675, 94246791, 1675, 6791
8, 1179, 94321675, 94326791, 1675, 6791
8, 118, 9441675, 9446791, 1675, 6791
8, 1180, 94401675, 94406791, 1675, 6791
8, 1181, 94481675, 94486791, 1675, 6791
8, 1182, 94561675, 94566791, 1675, 6791
8, 1183, 94641675, 94651510, 1675, 11510
8, 1184, 94721675, 94726791, 1675, 6791
8, 1185, 94801675, 94806791, 1675, 6791
8, 1186, 94881675, 94886791, 1675, 6791
8, 1187, 94961675, 94966791, 1675, 6791
8, 1188, 95041675, 95046791, 1675, 6791
8, 1189, 95121675, 95126791, 1675, 6791
8, 119, 9521675, 9532201, 1675, 12201
8, 1190, 95201675, 95212201, 1675, 12201
8, 1191, 95281675, 95286791, 1675, 6791
8, 1192, 95361675, 95366791, 1675, 6791
8, 1193, 95441675, 95446791, 1675, 6791
8, 1194, 95521675, 95526791, 1675, 6791
8, 1195, 95601675, 95606791, 1675, 6791
8, 1196, 95681675, 95686791, 1675, 6791
8, 1197, 95761675, 95772640, 1675, 12640
8, 1198, 95841675, 95846791, 1675, 6791
8, 1199, 95921675, 95926791, 1675, 6791
8, 12, 961675, 966791, 1675, 6791
8, 120, 9601675, 9607083, 1675, 7083
8, 1200, 96001675, 96006791, 1675, 6791
8, 1201, 96081675, 96086791, 1675, 6791
8, 1202, 96161675, 96166791, 1675, 6791
8, 1203, 96241675, 96246791, 1675, 6791
8, 1204, 96321675, 96332128, 1675, 12128
8, 1205, 96401675, 96406791, 1675, 6791
8, 1206, 96481675, 96486791, 1675, 6791
8, 1207, 96561675, 96566791, 1675, 6791
8, 1208, 96641675, 96646791, 1675, 6791
8, 1209, 96721675, 96726791, 1675, 6791
8, 121, 9681675, 9686791, 1675, 6791
8, 1210, 96801675, 96806791, 1675, 6791
8, 1211, 96881675, 96891583, 1675, 11583
8, 1212, 96961675, 96966791, 1675, 6791
8, 1213, 97041675, 97046791, 1675, 6791
8, 1214, 97121675, 97126791, 1675, 6791
8, 1215, 97201675, 97207020, 1675, 7020
8, 1216, 97281675, 97286791, 1675, 6791
8, 1217, 97361675, 97366791, 1675, 6791
8, 1218, 97441675, 97451583, 1675, 11583
8, 1219, 97521675, 97526791, 1675, 6791
8, 122, 9761675, 9766791, 1675, 6791
8, 1220, 97601675, 97606791, 1675, 6791
8, 1221, 97681675, 97686791, 1675, 6791
8, 1222, 97761675, 97766791, 1675, 6791
8, 1223, 97841675, 97846791, 1675, 6791
8, 1224, 97921675, 97926791, 1675, 6791
8, 1225, 98001675, 98012128, 1675, 12128
8, 1226, 98081675, 98086791, 1675, 6791
8, 1227, 98161675, 98166791, 1675, 6791
8, 1228, 98241675, 98246791, 1675, 6791
8, 1229, 98321675, 98326791, 1675, 6791
8, 123, 9841675, 9846791, 1675, 6791
8, 1230, 98401675, 98406791, 1675, 6791
8, 1231, 98481675, 98486791, 1675, 6791
8, 1232, 98561675, 98571583, 1675, 11583
8, 1233, 98641675, 98646791, 1675, 6791
8, 1234, 98721675, 98726791, 1675, 6791
8, 1235, 98801675, 98811631, 1675, 11631
8, 1236, 98881675, 98886791, 1675, 6791
8, 1237, 98961675, 98966791, 1675, 6791
8, 1238, 99041675, 99046791, 1675, 6791
8, 1239, 99121675, 99132201, 1675, 12201
8, 124, 9921675, 9926791, 1675, 6791
8, 1240, 99201675, 99206791, 1675, 6791
8, 1241, 99281675, 99286791, 1675, 6791
8, 1242, 99361675, 99366791, 1675, 6791
8, 1243, 99441675, 99446791, 1675, 6791
8, 1244, 99521675, 99526791, 1675, 6791
8, 1245, 99601675, 99606791, 1675, 6791
8, 1246, 99681675, 99691510, 1675, 11510
8, 1247, 99761675, 99766791, 1675, 6791
8, 1248, 99841675, 99846791, 1675, 6791
8, 1249, 99921675, 99926791, 1675, 6791
8, 125, 10001675, 10006791, 1675, 6791
8, 1250, 100001675, 100006791, 1675, 6791
8, 1251, 100081675, 100086791, 1675, 6791
8, 1252, 100161675, 100166791, 1675, 6791
8, 1253, 100241675, 100251583, 1675, 11583
8, 1254, 100321675, 100326791, 1675, 6791
8, 1255, 100401675, 100406791, 1675, 6791
8, 1256, 100481675, 100486791, 1675, 6791
8, 1257, 100561675, 100566791, 1675, 6791
8, 1258, 100641675, 100646791, 1675, 6791
8, 1259, 100721675, 100726791, 1675, 6791
8, 126, 10081675, 10091583, 1675, 11583
8, 1260, 100801675, 100812201, 1675, 12201
8, 1261, 100881675, 100886791, 1675, 6791
8, 1262, 100961675, 100966791, 1675, 6791
8, 1263, 101041675, 101046791, 1675, 6791
8, 1264, 101121675, 101126791, 1675, 6791
8, 1265, 101201675, 101206791, 1675, 6791
8, 1266, 101281675, 101286791, 1675, 6791
8, 1267, 101361675, 101371510, 1675, 11510
8, 1268, 101441675, 101446791, 1675, 6791
8, 1269, 101521675, 101526791, 1675, 6791
8, 127, 10161675, 10166791, 1675, 6791
8, 1270, 101601675, 101606791, 1675, 6791
8, 1271, 101681675, 101686791, 1675, 6791
8, 1272, 101761675, 101766791, 1675, 6791
8, 1273, 101841675, 101846791, 1675, 6791
8, 1274, 101921675, 101932201, 1675, 12201
8, 1275, 102001675, 102006791, 1675, 6791
8, 1276, 102081675, 102086791, 1675, 6791
8, 1277, 102161675, 102166791, 1675, 6791
8, 1278, 102241675, 102246791, 1675, 6791
8, 1279, 102321675, 102326791, 1675, 6791
8, 128, 10241675, 10246791, 1675, 6791
8, 1280, 102401675, 102406791, 1675, 6791
8, 1281, 102481675, 102491583, 1675, 11583
8, 1282, 102561675, 102566791, 1675, 6791
8, 1283, 102641675, 102646791, 1675, 6791
8, 1284, 102721675, 102726791, 1675, 6791
8, 1285, 102801675, 102806791, 1675, 6791
8, 1286, 102881675, 102886791, 1675, 6791
8, 1287, 102961675, 102966791, 1675, 6791
8, 1288, 103041675, 103051510, 1675, 11510
8, 1289, 103121675, 103126791, 1675, 6791
8, 129, 10321675, 10326791, 1675, 6791
8, 1290, 103201675, 103206791, 1675, 6791
8, 1291, 103281675, 103286791, 1675, 6791
8, 1292, 103361675, 103366791, 1675, 6791
8, 1293, 103441675, 103446791, 1675, 6791
8, 1294, 103521675, 103526791, 1675, 6791
8, 1295, 103601675, 103612201, 1675, 12201
8, 1296, 103681675, 103686791, 1675, 6791
8, 1297, 103761675, 103766791, 1675, 6791
8, 1298, 103841675, 103846791, 1675, 6791
8, 1299, 103921675, 103926791, 1675, 6791
8, 13, 1041675, 1046791, 1675, 6791
8, 130, 10401675, 10406791, 1675, 6791
8, 1300, 104001675, 104006791, 1675, 6791
8, 1301, 104081675, 104086791, 1675, 6791
8, 1302, 104161675, 104171583, 1675, 11583
8, 1303, 104241675, 104246791, 1675, 6791
8, 1304, 104321675, 104326791, 1675, 6791
8, 1305, 104401675, 104406791, 1675, 6791
8, 1306, 104481675, 104486791, 1675, 6791
8, 1307, 104561675, 104566791, 1675, 6791
8, 1308, 104641675, 104646791, 1675, 6791
8, 1309, 104721675, 104732128, 1675, 12128
8, 131, 10481675, 10486791, 1675, 6791
8, 1310, 104801675, 104806791, 1675, 6791
8, 1311, 104881675, 104886791, 1675, 6791
8, 1312, 104961675, 104966791, 1675, 6791
8, 1313, 105041675, 105046791, 1675, 6791
8, 1314, 105121675, 105126791, 1675, 6791
8, 1315, 105201675, 105206791, 1675, 6791
8, 1316, 105281675, 105291583, 1675, 11583
8, 1317, 105361675, 105366791, 1675, 6791
8, 1318, 105441675, 105446791, 1675, 6791
8, 1319, 105521675, 105526791, 1675, 6791
8, 132, 10561675, 10566791, 1675, 6791
8, 1320, 105601675, 105607020, 1675, 7020
8, 1321, 105681675, 105686791, 1675, 6791
8, 1322, 105761675, 105766791, 1675, 6791
8, 1323, 105841675, 105851583, 1675, 11583
8, 1324, 105921675, 105926791, 1675, 6791
8, 1325, 106001675, 106006791, 1675, 6791
8, 1326, 106081675, 106086791, 1675, 6791
8, 1327, 106161675, 106166791, 1675, 6791
8, 1328, 106241675, 106246791, 1675, 6791
8, 1329, 106321675, 106326791, 1675, 6791
8, 133, 10641675, 10652567, 1675, 12567
8, 1330, 106401675, 106413732, 1675, 13732
8, 1331, 106481675, 106486791, 1675, 6791
8, 1332, 106561675, 106566791, 1675, 6791
8, 1333, 106641675, 106646791, 1675, 6791
8, 1334, 106721675, 106726791, 1675, 6791
8, 1335, 106801675, 106806791, 1675, 6791
8, 1336, 106881675, 106886791, 1675, 6791
8, 1337, 106961675, 106971583, 1675, 11583
8, 1338, 107041675, 107046791, 1675, 6791
8, 1339, 107121675, 107126791, 1675, 6791
8, 134, 10721675, 10726791, 1675, 6791
8, 1340, 107201675, 107206791, 1675, 6791
8, 1341, 107281675, 107286791, 1675, 6791
8, 1342, 107361675, 107366791, 1675, 6791
8, 1343, 107441675, 107446791, 1675, 6791
8, 1344, 107521675, 107532201, 1675, 12201
8, 1345, 107601675, 107606791, 1675, 6791
8, 1346, 107681675, 107686791, 1675, 6791
8, 1347, 107761675, 107766791, 1675, 6791
8, 1348, 107841675, 107846791, 1675, 6791
8, 1349, 107921675, 107926791, 1675, 6791
8, 135, 10801675, 10806791, 1675, 6791
8, 1350, 108001675, 108006791, 1675, 6791
8, 1351, 108081675, 108091510, 1675, 11510
8, 1352, 108161675, 108166791, 1675, 6791
8, 1353, 108241675, 108246791, 1675, 6791
8, 1354, 108321675, 108326791, 1675, 6791
8, 1355, 108401675, 108408001, 1675, 8001
8, 1356, 108481675, 108486791, 1675, 6791
8, 1357, 108561675, 108566791, 1675, 6791
8, 1358, 108641675, 108651583, 1675, 11583
8, 1359, 108721675, 108726791, 1675, 6791
8, 136, 10881675, 10886791, 1675, 6791
8, 1360, 108801675, 108806791, 1675, 6791
8, 1361, 108881675, 108886791, 1675, 6791
8, 1362, 108961675, 108966791, 1675, 6791
8, 1363, 109041675, 109046791, 1675, 6791
8, 1364, 109121675, 109126791, 1675, 6791
8, 1365, 109201675, 109212201, 1675, 12201
8, 1366, 109281675, 109286791, 1675, 6791
8, 1367, 109361675, 109366791, 1675, 6791
8, 1368, 109441675, 109446791, 1675, 6791
8, 1369, 109521675, 109526791, 1675, 6791
8, 137, 10961675, 10966791, 1675, 6791
8, 1370, 109601675, 109606791, 1675, 6791
8, 1371, 109681675, 109686791, 1675, 6791
8, 1372, 109761675, 109771510, 1675, 11510
8, 1373, 109841675, 109846791, 1675, 6791
8, 1374, 109921675, 109926791, 1675, 6791
8, 1375, 110001675, 110006791, 1675, 6791
8, 1376, 110081675, 110086791, 1675, 6791
8, 1377, 110161675, 110166791, 1675, 6791
8, 1378, 110241675, 110246791, 1675, 6791
8, 1379, 110321675, 110332201, 1675, 12201
8, 138, 11041675, 11046791, 1675, 6791
8, 1380, 110401675, 110406791, 1675, 6791
8, 1381, 110481675, 110486791, 1675, 6791
8, 1382, 110561675, 110566791, 1675, 6791
8, 1383, 110641675, 110646791, 1675, 6791
8, 1384, 110721675, 110726791, 1675, 6791
8, 1385, 110801675, 110806791, 1675, 6791
8, 1386, 110881675, 110891583, 1675, 11583
8, 1387, 110961675, 110966791, 1675, 6791
8, 1388, 111041675, 111046791, 1675, 6791
8, 1389, 111121675, 111126791, 1675, 6791
8, 139, 11121675, 11126791, 1675, 6791
8, 1390, 111201675, 111206791, 1675, 6791
8, 1391, 111281675, 111286791, 1675, 6791
8, 1392, 111361675, 111366791, 1675, 6791
8, 1393, 111441675, 111451510, 1675, 11510
8, 1394, 111521675, 111526791, 1675, 6791
8, 1395, 111601675, 111606791, 1675, 6791
8, 1396, 111681675, 111686791, 1675, 6791
8, 1397, 111761675, 111766791, 1675, 6791
8, 1398, 111841675, 111846791, 1675, 6791
8, 1399, 111921675, 111926791, 1675, 6791
8, 14, 1121675, 1132201, 1675, 12201
8, 140, 11201675, 11212201, 1675, 12201
8, 1400, 112001675, 112012201, 1675, 12201
8, 1401, 112081675, 112086791, 1675, 6791
8, 1402, 112161675, 112166791, 1675, 6791
8, 1403, 112241675, 112246791, 1675, 6791
8, 1404, 112321675, 112326791, 1675, 6791
8, 1405, 112401675, 112406791, 1675, 6791
8, 1406, 112481675, 112486791, 1675, 6791
8, 1407, 112561675, 112571583, 1675, 11583
8, 1408, 112641675, 112646791, 1675, 6791
8, 1409, 112721675, 112726791, 1675, 6791
8, 141, 11281675, 11286791, 1675, 6791
8, 1410, 112801675, 112806791, 1675, 6791
8, 1411, 112881675, 112886791, 1675, 6791
8, 1412, 112961675, 112966791, 1675, 6791
8, 1413, 113041675, 113046791, 1675, 6791
8, 1414, 113121675, 113132128, 1675, 12128
8, 1415, 113201675, 113206791, 1675, 6791
8, 1416, 113281675, 113286791, 1675, 6791
8, 1417, 113361675, 113366791, 1675, 6791
8, 1418, 113441675, 113446791, 1675, 6791
8, 1419, 113521675, 113526791, 1675, 6791
8, 142, 11361675, 11366791, 1675, 6791
8, 1420, 113601675, 113606791, 1675, 6791
8, 1421, 113681675, 113691583, 1675, 11583
8, 1422, 113761675, 113766791, 1675, 6791
8, 1423, 113841675, 113846791, 1675, 6791
8, 1424, 113921675, 113926791, 1675, 6791
8, 1425, 114001675, 114009809, 1675, 9809
8, 1426, 114081675, 114086791, 1675, 6791
8, 1427, 114161675, 114166791, 1675, 6791
8, 1428, 114241675, 114251583, 1675, 11583
8, 1429, 114321675, 114326791, 1675, 6791
8, 143, 11441675, 11446791, 1675, 6791
8, 1430, 114401675, 114406791, 1675, 6791
8, 1431, 114481675, 114486791, 1675, 6791
8, 1432, 114561675, 114566791, 1675, 6791
8, 1433, 114641675, 114646791, 1675, 6791
8, 1434, 114721675, 114726791, 1675, 6791
8, 1435, 114801675, 114812128, 1675, 12128
8, 1436, 114881675, 114886791, 1675, 6791
8, 1437, 114961675, 114966791, 1675, 6791
8, 1438, 115041675, 115046791, 1675, 6791
8, 1439, 115121675, 115126791, 1675, 6791
8, 144, 11521675, 11526791, 1675, 6791
8, 1440, 115201675, 115206791, 1675, 6791
8, 1441, 115281675, 115286791, 1675, 6791
8, 1442, 115361675, 115371583, 1675, 11583
8, 1443, 115441675, 115446791, 1675, 6791
8, 1444, 115521675, 115526791, 1675, 6791
8, 1445, 115601675, 115606791, 1675, 6791
8, 1446, 115681675, 115686791, 1675, 6791
8, 1447, 115761675, 115766791, 1675, 6791
8, 1448, 115841675, 115846791, 1675, 6791
8, 1449, 115921675, 115932201, 1675, 12201
8, 145, 11601675, 11606791, 1675, 6791
8, 1450, 116001675, 116006791, 1675, 6791
8, 1451, 116081675, 116086791, 1675, 6791
8, 1452, 116161675, 116166791, 1675, 6791
8, 1453, 116241675, 116246791, 1675, 6791
8, 1454, 116321675, 116326791, 1675, 6791
8, 1455, 116401675, 116406791, 1675, 6791
8, 1456, 116481675, 116491510, 1675, 11510
8, 1457, 116561675, 116566791, 1675, 6791
8, 1458, 116641675, 116646791, 1675, 6791
8, 1459, 116721675, 116726791, 1675, 6791
8, 146, 11681675, 11686791, 1675, 6791
8, 1460, 116801675, 116806791, 1675, 6791
8, 1461, 116881675, 116886791, 1675, 6791
8, 1462, 116961675, 116966791, 1675, 6791
8, 1463, 117041675, 117052165, 1675, 12165
8, 1464, 117121675, 117126791, 1675, 6791
8, 1465, 117201675, 117206791, 1675, 6791
8, 1466, 117281675, 117286791, 1675, 6791
8, 1467, 117361675, 117366791, 1675, 6791
8, 1468, 117441675, 117446791, 1675, 6791
8, 1469, 117521675, 117526791, 1675, 6791
8, 147, 11761675, 11771583, 1675, 11583
8, 1470, 117601675, 117612201, 1675, 12201
8, 1471, 117681675, 117686791, 1675, 6791
8, 1472, 117761675, 117766791, 1675, 6791
8, 1473, 117841675, 117846791, 1675, 6791
8, 1474, 117921675, 117926791, 1675, 6791
8, 1475, 118001675, 118006791, 1675, 6791
8, 1476, 118081675, 118086791, 1675, 6791
8, 1477, 118161675, 118171510, 1675, 11510
8, 1478, 118241675, 118246791, 1675, 6791
8, 1479, 118321675, 118326791, 1675, 6791
8, 148, 11841675, 11846791, 1675, 6791
8, 1480, 118401675, 118406791, 1675, 6791
8, 1481, 118481675, 118486791, 1675, 6791
8, 1482, 118561675, 118566791, 1675, 6791
8, 1483, 118641675, 118646791, 1675, 6791
8, 1484, 118721675, 118732201, 1675, 12201
8, 1485, 118801675, 118806791, 1675, 6791
8, 1486, 118881675, 118886791, 1675, 6791
8, 1487, 118961675, 118966791, 1675, 6791
8, 1488, 119041675, 119046937, 1675, 6937
8, 1489, 119121675, 119126791, 1675, 6791
8, 149, 11921675, 11926791, 1675, 6791
8, 1490, 119201675, 119206791, 1675, 6791
8, 1491, 119281675, 119291583, 1675, 11583
8, 1492, 119361675, 119366791, 1675, 6791
8, 1493, 119441675, 119446791, 1675, 6791
8, 1494, 119521675, 119526791, 1675, 6791
8, 1495, 119601675, 119606791, 1675, 6791
8, 1496, 119681675, 119686791, 1675, 6791
8, 1497, 119761675, 119766791, 1675, 6791
8, 1498, 119841675, 119851510, 1675, 11510
8, 1499, 119921675, 119926791, 1675, 6791
8, 15, 1201675, 1206791, 1675, 6791
8, 150, 12001675, 12006791, 1675, 6791
8, 1500, 120001675, 120006791, 1675, 6791
8, 1501, 120081675, 120086791, 1675, 6791
8, 1502, 120161675, 120166791, 1675, 6791
8, 1503, 120241675, 120246791, 1675, 6791
8, 1504, 120321675, 120326791, 1675, 6791
8, 1505, 120401675, 120412201, 1675, 12201
8, 1506, 120481675, 120486791, 1675, 6791
8, 1507, 120561675, 120566791, 1675, 6791
8, 1508, 120641675, 120646791, 1675, 6791
8, 1509, 120721675, 120726791, 1675, 6791
8, 151, 12081675, 12086791, 1675, 6791
8, 1510, 120801675, 120806791, 1675, 6791
8, 1511, 120881675, 120886791, 1675, 6791
8, 1512, 120961675, 120971583, 1675, 11583
8, 1513, 121041675, 121046791, 1675, 6791
8, 1514, 121121675, 121126791, 1675, 6791
8, 1515, 121201675, 121206791, 1675, 6791
8, 1516, 121281675, 121286791, 1675, 6791
8, 1517, 121361675, 121366791, 1675, 6791
8, 1518, 121441675, 121446791, 1675, 6791
8, 1519, 121521675, 121532128, 1675, 12128
8, 152, 12161675, 12166791, 1675, 6791
8, 1520, 121601675, 121609525, 1675, 9525
8, 1521, 121681675, 121686791, 1675, 6791
8, 1522, 121761675, 121766791, 1675, 6791
8, 1523, 121841675, 121846791, 1675, 6791
8, 1524, 121921675, 121926791, 1675, 6791
8, 1525, 122001675, 122006791, 1675, 6791
8, 1526, 122081675, 122091583, 1675, 11583
8, 1527, 122161675, 122166791, 1675, 6791
8, 1528, 122241675, 122246791, 1675, 6791
8, 1529, 122321675, 122326791, 1675, 6791
8, 153, 12241675, 12246791, 1675, 6791
8, 1530, 122401675, 122407020, 1675, 7020
8, 1531, 122481675, 122486791, 1675, 6791
8, 1532, 122561675, 122566791, 1675, 6791
8, 1533, 122641675, 122651583, 1675, 11583
8, 1534, 122721675, 122726791, 1675, 6791
8, 1535, 122801675, 122806791, 1675, 6791
8, 1536, 122881675, 122886791, 1675, 6791
8, 1537, 122961675, 122966791, 1675, 6791
8, 1538, 123041675, 123046791, 1675, 6791
8, 1539, 123121675, 123126791, 1675, 6791
8, 154, 12321675, 12332128, 1675, 12128
8, 1540, 123201675, 123212128, 1675, 12128
8, 1541, 123281675, 123286791, 1675, 6791
8, 1542, 123361675, 123366791, 1675, 6791
8, 1543, 123441675, 123446791, 1675, 6791
8, 1544, 123521675, 123526791, 1675, 6791
8, 1545, 123601675, 123607083, 1675, 7083
8, 1546, 123681675, 123686791, 1675, 6791
8, 1547, 123761675, 123771583, 1675, 11583
8, 1548, 123841675, 123846791, 1675, 6791
8, 1549, 123921675, 123926791, 1675, 6791
8, 155, 12401675, 12406791, 1675, 6791
8, 1550, 124001675, 124006791, 1675, 6791
8, 1551, 124081675, 124086791, 1675, 6791
8, 1552, 124161675, 124166791, 1675, 6791
8, 1553, 124241675, 124246791, 1675, 6791
8, 1554, 124321675, 124332201, 1675, 12201
8, 1555, 124401675, 124406791, 1675, 6791
8, 1556, 124481675, 124486791, 1675, 6791
8, 1557, 124561675, 124566791, 1675, 6791
8, 1558, 124641675, 124646791, 1675, 6791
8, 1559, 124721675, 124726791, 1675, 6791
8, 156, 12481675, 12486791, 1675, 6791
8, 1560, 124801675, 124806791, 1675, 6791
8, 1561, 124881675, 124891510, 1675, 11510
8, 1562, 124961675, 124966791, 1675, 6791
8, 1563, 125041675, 125046791, 1675, 6791
8, 1564, 125121675, 125126791, 1675, 6791
8, 1565, 125201675, 125206791, 1675, 6791
8, 1566, 125281675, 125286791, 1675, 6791
8, 1567, 125361675, 125366791, 1675, 6791
8, 1568, 125441675, 125451583, 1675, 11583
8, 1569, 125521675, 125526791, 1675, 6791
8, 157, 12561675, 12566791, 1675, 6791
8, 1570, 125601675, 125606791, 1675, 6791
8, 1571, 125681675, 125686791, 1675, 6791
8, 1572, 125761675, 125766791, 1675, 6791
8, 1573, 125841675, 125846791, 1675, 6791
8, 1574, 125921675, 125926791, 1675, 6791
8, 1575, 126001675, 126012201, 1675, 12201
8, 1576, 126081675, 126086791, 1675, 6791
8, 1577, 126161675, 126166791, 1675, 6791
8, 1578, 126241675, 126246791, 1675, 6791
8, 1579, 126321675, 126326791, 1675, 6791
8, 158, 12641675, 12646791, 1675, 6791
8, 1580, 126401675, 126406791, 1675, 6791
8, 1581, 126481675, 126486791, 1675, 6791
8, 1582, 126561675, 126571510, 1675, 11510
8, 1583, 126641675, 126646791, 1675, 6791
8, 1584, 126721675, 126726791, 1675, 6791
8, 1585, 126801675, 126806791, 1675, 6791
8, 1586, 126881675, 126886791, 1675, 6791
8, 1587, 126961675, 126966791, 1675, 6791
8, 1588, 127041675, 127046791, 1675, 6791
8, 1589, 127121675, 127132201, 1675, 12201
8, 159, 12721675, 12726791, 1675, 6791
8, 1590, 127201675, 127206791, 1675, 6791
8, 1591, 127281675, 127286791, 1675, 6791
8, 1592, 127361675, 127366791, 1675, 6791
8, 1593, 127441675, 127446791, 1675, 6791
8, 1594, 127521675, 127526791, 1675, 6791
8, 1595, 127601675, 127606791, 1675, 6791
8, 1596, 127681675, 127692640, 1675, 12640
8, 1597, 127761675, 127766791, 1675, 6791
8, 1598, 127841675, 127846791, 1675, 6791
8, 1599, 127921675, 127926791, 1675, 6791
8, 16, 1281675, 1286791, 1675, 6791
8, 160, 12801675, 12806791, 1675, 6791
8, 1600, 128001675, 128006791, 1675, 6791
8, 1601, 128081675, 128086791, 1675, 6791
8, 1602, 128161675, 128166791, 1675, 6791
8, 1603, 128241675, 128251510, 1675, 11510
8, 1604, 128321675, 128326791, 1675, 6791
8, 1605, 128401675, 128406791, 1675, 6791
8, 1606, 128481675, 128486791, 1675, 6791
8, 1607, 128561675, 128566791, 1675, 6791
8, 1608, 128641675, 128646791, 1675, 6791
8, 1609, 128721675, 128726791, 1675, 6791
8, 161, 12881675, 12891583, 1675, 11583
8, 1610, 128801675, 128812201, 1675, 12201
8, 1611, 128881675, 128886791, 1675, 6791
8, 1612, 128961675, 128966791, 1675, 6791
8, 1613, 129041675, 129046791, 1675, 6791
8, 1614, 129121675, 129126791, 1675, 6791
8, 1615, 129201675, 129209427, 1675, 9427
8, 1616, 129281675, 129286791, 1675, 6791
8, 1617, 129361675, 129371583, 1675, 11583
8, 1618, 129441675, 129446791, 1675, 6791
8, 1619, 129521675, 129526791, 1675, 6791
8, 162, 12961675, 12966791, 1675, 6791
8, 1620, 129601675, 129606791, 1675, 6791
8, 1621, 129681675, 129686791, 1675, 6791
8, 1622, 129761675, 129766791, 1675, 6791
8, 1623, 129841675, 129846791, 1675, 6791
8, 1624, 129921675, 129932128, 1675, 12128
8, 1625, 130001675, 130006791, 1675, 6791
8, 1626, 130081675, 130086791, 1675, 6791
8, 1627, 130161675, 130166791, 1675, 6791
8, 1628, 130241675, 130246791, 1675, 6791
8, 1629, 130321675, 130326791, 1675, 6791
8, 163, 13041675, 13046791, 1675, 6791
8, 1630, 130401675, 130406791, 1675, 6791
8, 1631, 130481675, 130491583, 1675, 11583
8, 1632, 130561675, 130566791, 1675, 6791
8, 1633, 130641675, 130646791, 1675, 6791
8, 1634, 130721675, 130726791, 1675, 6791
8, 1635, 130801675, 130807020, 1675, 7020
8, 1636, 130881675, 130886791, 1675, 6791
8, 1637, 130961675, 130966791, 1675, 6791
8, 1638, 131041675, 131051583, 1675, 11583
8, 1639, 131121675, 131126791, 1675, 6791
8, 164, 13121675, 13126791, 1675, 6791
8, 1640, 131201675, 131206791, 1675, 6791
8, 1641, 131281675, 131286791, 1675, 6791
8, 1642, 131361675, 131366791, 1675, 6791
8, 1643, 131441675, 131446791, 1675, 6791
8, 1644, 131521675, 131526791, 1675, 6791
8, 1645, 131601675, 131612128, 1675, 12128
8, 1646, 131681675, 131686791, 1675, 6791
8, 1647, 131761675, 131766791, 1675, 6791
8, 1648, 131841675, 131846791, 1675, 6791
8, 1649, 131921675, 131926791, 1675, 6791
8, 165, 13201675, 13207020, 1675, 7020
8, 1650, 132001675, 132006791, 1675, 6791
8, 1651, 132081675, 132086791, 1675, 6791
8, 1652, 132161675, 132171583, 1675, 11583
8, 1653, 132241675, 132246791, 1675, 6791
8, 1654, 132321675, 132326791, 1675, 6791
8, 1655, 132401675, 132406791, 1675, 6791
8, 1656, 132481675, 132486791, 1675, 6791
8, 1657, 132561675, 132566791, 1675, 6791
8, 1658, 132641675, 132646791, 1675, 6791
8, 1659, 132721675, 132732201, 1675, 12201
8, 166, 13281675, 13286791, 1675, 6791
8, 1660, 132801675, 132806791, 1675, 6791
8, 1661, 132881675, 132886791, 1675, 6791
8, 1662, 132961675, 132966791, 1675, 6791
8, 1663, 133041675, 133046791, 1675, 6791
8, 1664, 133121675, 133126791, 1675, 6791
8, 1665, 133201675, 133206791, 1675, 6791
8, 1666, 133281675, 133291510, 1675, 11510
8, 1667, 133361675, 133366791, 1675, 6791
8, 1668, 133441675, 133446791, 1675, 6791
8, 1669, 133521675, 133526791, 1675, 6791
8, 167, 13361675, 13366791, 1675, 6791
8, 1670, 133601675, 133606791, 1675, 6791
8, 1671, 133681675, 133686791, 1675, 6791
8, 1672, 133761675, 133766791, 1675, 6791
8, 1673, 133841675, 133851583, 1675, 11583
8, 1674, 133921675, 133926791, 1675, 6791
8, 1675, 134001675, 134006791, 1675, 6791
8, 1676, 134081675, 134086791, 1675, 6791
8, 1677, 134161675, 134166791, 1675, 6791
8, 1678, 134241675, 134246791, 1675, 6791
8, 1679, 134321675, 134326791, 1675, 6791
8, 168, 13441675, 13451583, 1675, 11583
8, 1680, 134401675, 134412201, 1675, 12201
8, 1681, 134481675, 134486791, 1675, 6791
8, 1682, 134561675, 134566791, 1675, 6791
8, 1683, 134641675, 134646791, 1675, 6791
8, 1684, 134721675, 134726791, 1675, 6791
8, 1685, 134801675, 134806791, 1675, 6791
8, 1686, 134881675, 134886791, 1675, 6791
8, 1687, 134961675, 134971510, 1675, 11510
8, 1688, 135041675, 135046791, 1675, 6791
8, 1689, 135121675, 135126791, 1675, 6791
8, 169, 13521675, 13526791, 1675, 6791
8, 1690, 135201675, 135206791, 1675, 6791
8, 1691, 135281675, 135286791, 1675, 6791
8, 1692, 135361675, 135366791, 1675, 6791
8, 1693, 135441675, 135446791, 1675, 6791
8, 1694, 135521675, 135532201, 1675, 12201
8, 1695, 135601675, 135606791, 1675, 6791
8, 1696, 135681675, 135686791, 1675, 6791
8, 1697, 135761675, 135766791, 1675, 6791
8, 1698, 135841675, 135846791, 1675, 6791
8, 1699, 135921675, 135926791, 1675, 6791
8, 17, 1361675, 1366791, 1675, 6791
8, 170, 13601675, 13606791, 1675, 6791
8, 1700, 136001675, 136006791, 1675, 6791
8, 1701, 136081675, 136091583, 1675, 11583
8, 1702, 136161675, 136166791, 1675, 6791
8, 1703, 136241675, 136246791, 1675, 6791
8, 1704, 136321675, 136326791, 1675, 6791
8, 1705, 136401675, 136406791, 1675, 6791
8, 1706, 136481675, 136486791, 1675, 6791
8, 1707, 136561675, 136566791, 1675, 6791
8, 1708, 136641675, 136651510, 1675, 11510
8, 1709, 136721675, 136726791, 1675, 6791
8, 171, 13681675, 13686791, 1675, 6791
8, 1710, 136801675, 136809622, 1675, 9622
8, 1711, 136881675, 136886791, 1675, 6791
8, 1712, 136961675, 136966791, 1675, 6791
8, 1713, 137041675, 137046791, 1675, 6791
8, 1714, 137121675, 137126791, 1675, 6791
8, 1715, 137201675, 137212201, 1675, 12201
8, 1716, 137281675, 137286791, 1675, 6791
8, 1717, 137361675, 137366791, 1675, 6791
8, 1718, 137441675, 137446791, 1675, 6791
8, 1719, 137521675, 137526791, 1675, 6791
8, 172, 13761675, 13766791, 1675, 6791
8, 1720, 137601675, 137606791, 1675, 6791
8, 1721, 137681675, 137686791, 1675, 6791
8, 1722, 137761675, 137771583, 1675, 11583
8, 1723, 137841675, 137846791, 1675, 6791
8, 1724, 137921675, 137926791, 1675, 6791
8, 1725, 138001675, 138006791, 1675, 6791
8, 1726, 138081675, 138086791, 1675, 6791
8, 1727, 138161675, 138166791, 1675, 6791
8, 1728, 138241675, 138246791, 1675, 6791
8, 1729, 138321675, 138333732, 1675, 13732
8, 173, 13841675, 13846791, 1675, 6791
8, 1730, 138401675, 138406791, 1675, 6791
8, 1731, 138481675, 138486791, 1675, 6791
8, 1732, 138561675, 138566791, 1675, 6791
8, 1733, 138641675, 138646791, 1675, 6791
8, 1734, 138721675, 138726791, 1675, 6791
8, 1735, 138801675, 138806791, 1675, 6791
8, 1736, 138881675, 138891583, 1675, 11583
8, 1737, 138961675, 138966791, 1675, 6791
8, 1738, 139041675, 139046791, 1675, 6791
8, 1739, 139121675, 139126791, 1675, 6791
8, 174, 13921675, 13926791, 1675, 6791
8, 1740, 139201675, 139207020, 1675, 7020
8, 1741, 139281675, 139286791, 1675, 6791
8, 1742, 139361675, 139366791, 1675, 6791
8, 1743, 139441675, 139451583, 1675, 11583
8, 1744, 139521675, 139526791, 1675, 6791
8, 1745, 139601675, 139606791, 1675, 6791
8, 1746, 139681675, 139686791, 1675, 6791
8, 1747, 139761675, 139766791, 1675, 6791
8, 1748, 139841675, 139846791, 1675, 6791
8, 1749, 139921675, 139926791, 1675, 6791
8, 175, 14001675, 14012128, 1675, 12128
8, 1750, 140001675, 140012128, 1675, 12128
8, 1751, 140081675, 140086791, 1675, 6791
8, 1752, 140161675, 140166791, 1675, 6791
8, 1753, 140241675, 140246791, 1675, 6791
8, 1754, 140321675, 140326791, 1675, 6791
8, 1755, 140401675, 140406791, 1675, 6791
8, 1756, 140481675, 140486791, 1675, 6791
8, 1757, 140561675, 140571583, 1675, 11583
8, 1758, 140641675, 140646791, 1675, 6791
8, 1759, 140721675, 140726791, 1675, 6791
8, 176, 14081675, 14086791, 1675, 6791
8, 1760, 140801675, 140806791, 1675, 6791
8, 1761, 140881675, 140886791, 1675, 6791
8, 1762, 140961675, 140966791, 1675, 6791
8, 1763, 141041675, 141046791, 1675, 6791
8, 1764, 141121675, 141132201, 1675, 12201
8, 1765, 141201675, 141206791, 1675, 6791
8, 1766, 141281675, 141286791, 1675, 6791
8, 1767, 141361675, 141366791, 1675, 6791
8, 1768, 141441675, 141446791, 1675, 6791
8, 1769, 141521675, 141526791, 1675, 6791
8, 177, 14161675, 14166791, 1675, 6791
8, 1770, 141601675, 141606791, 1675, 6791
8, 1771, 141681675, 141691510, 1675, 11510
8, 1772, 141761675, 141766791, 1675, 6791
8, 1773, 141841675, 141846791, 1675, 6791
8, 1774, 141921675, 141926791, 1675, 6791
8, 1775, 142001675, 142006791, 1675, 6791
8, 1776, 142081675, 142086791, 1675, 6791
8, 1777, 142161675, 142166791, 1675, 6791
8, 1778, 142241675, 142251583, 1675, 11583
8, 1779, 142321675, 142326791, 1675, 6791
8, 178, 14241675, 14246791, 1675, 6791
8, 1780, 142401675, 142406791, 1675, 6791
8, 1781, 142481675, 142486791, 1675, 6791
8, 1782, 142561675, 142566791, 1675, 6791
8, 1783, 142641675, 142646791, 1675, 6791
8, 1784, 142721675, 142726791, 1675, 6791
8, 1785, 142801675, 142812201, 1675, 12201
8, 1786, 142881675, 142886791, 1675, 6791
8, 1787, 142961675, 142966791, 1675, 6791
8, 1788, 143041675, 143046791, 1675, 6791
8, 1789, 143121675, 143126791, 1675, 6791
8, 179, 14321675, 14326791, 1675, 6791
8, 1790, 143201675, 143206791, 1675, 6791
8, 1791, 143281675, 143286791, 1675, 6791
8, 1792, 143361675, 143371510, 1675, 11510
8, 1793, 143441675, 143446791, 1675, 6791
8, 1794, 143521675, 143526791, 1675, 6791
8, 1795, 143601675, 143606791, 1675, 6791
8, 1796, 143681675, 143686791, 1675, 6791
8, 1797, 143761675, 143766791, 1675, 6791
8, 1798, 143841675, 143846791, 1675, 6791
8, 1799, 143921675, 143932201, 1675, 12201
8, 18, 1441675, 1446791, 1675, 6791
8, 180, 14401675, 14406791, 1675, 6791
8, 1800, 144001675, 144006791, 1675, 6791
8, 1801, 144081675, 144086791, 1675, 6791
8, 1802, 144161675, 144166791, 1675, 6791
8, 1803, 144241675, 144246791, 1675, 6791
8, 1804, 144321675, 144326791, 1675, 6791
8, 1805, 144401675, 144409525, 1675, 9525
8, 1806, 144481675, 144491583, 1675, 11583
8, 1807, 144561675, 144566791, 1675, 6791
8, 1808, 144641675, 144646791, 1675, 6791
8, 1809, 144721675, 144726791, 1675, 6791
8, 181, 14481675, 14486791, 1675, 6791
8, 1810, 144801675, 144806791, 1675, 6791
8, 1811, 144881675, 144886791, 1675, 6791
8, 1812, 144961675, 144966791, 1675, 6791
8, 1813, 145041675, 145051510, 1675, 11510
8, 1814, 145121675, 145126791, 1675, 6791
8, 1815, 145201675, 145206791, 1675, 6791
8, 1816, 145281675, 145286791, 1675, 6791
8, 1817, 145361675, 145366791, 1675, 6791
8, 1818, 145441675, 145446791, 1675, 6791
8, 1819, 145521675, 145526791, 1675, 6791
8, 182, 14561675, 14571583, 1675, 11583
8, 1820, 145601675, 145612201, 1675, 12201
8, 1821, 145681675, 145686791, 1675, 6791
8, 1822, 145761675, 145766791, 1675, 6791
8, 1823, 145841675, 145846791, 1675, 6791
8, 1824, 145921675, 145927020, 1675, 7020
8, 1825, 146001675, 146006791, 1675, 6791
8, 1826, 146081675, 146086791, 1675, 6791
8, 1827, 146161675, 146171583, 1675, 11583
8, 1828, 146241675, 146246791, 1675, 6791
8, 1829, 146321675, 146326791, 1675, 6791
8, 183, 14641675, 14646791, 1675, 6791
8, 1830, 146401675, 146407083, 1675, 7083
8, 1831, 146481675, 146486791, 1675, 6791
8, 1832, 146561675, 146566791, 1675, 6791
8, 1833, 146641675, 146646791, 1675, 6791
8, 1834, 146721675, 146732128, 1675, 12128
8, 1835, 146801675, 146806791, 1675, 6791
8, 1836, 146881675, 146886791, 1675, 6791
8, 1837, 146961675, 146966791, 1675, 6791
8, 1838, 147041675, 147046791, 1675, 6791
8, 1839, 147121675, 147126791, 1675, 6791
8, 184, 14721675, 14726791, 1675, 6791
8, 1840, 147201675, 147206791, 1675, 6791
8, 1841, 147281675, 147291583, 1675, 11583
8, 1842, 147361675, 147366791, 1675, 6791
8, 1843, 147441675, 147446791, 1675, 6791
8, 1844, 147521675, 147526791, 1675, 6791
8, 1845, 147601675, 147607020, 1675, 7020
8, 1846, 147681675, 147686791, 1675, 6791
8, 1847, 147761675, 147766791, 1675, 6791
8, 1848, 147841675, 147851583, 1675, 11583
8, 1849, 147921675, 147926791, 1675, 6791
8, 185, 14801675, 14806791, 1675, 6791
8, 1850, 148001675, 148006791, 1675, 6791
8, 1851, 148081675, 148086791, 1675, 6791
8, 1852, 148161675, 148166791, 1675, 6791
8, 1853, 148241675, 148246791, 1675, 6791
8, 1854, 148321675, 148326791, 1675, 6791
8, 1855, 148401675, 148412128, 1675, 12128
8, 1856, 148481675, 148486791, 1675, 6791
8, 1857, 148561675, 148566791, 1675, 6791
8, 1858, 148641675, 148646791, 1675, 6791
8, 1859, 148721675, 148726791, 1675, 6791
8, 186, 14881675, 14886791, 1675, 6791
8, 1860, 148801675, 148806791, 1675, 6791
8, 1861, 148881675, 148886791, 1675, 6791
8, 1862, 148961675, 148972165, 1675, 12165
8, 1863, 149041675, 149046791, 1675, 6791
8, 1864, 149121675, 149126791, 1675, 6791
8, 1865, 149201675, 149206791, 1675, 6791
8, 1866, 149281675, 149286791, 1675, 6791
8, 1867, 149361675, 149366791, 1675, 6791
8, 1868, 149441675, 149446791, 1675, 6791
8, 1869, 149521675, 149532201, 1675, 12201
8, 187, 14961675, 14966791, 1675, 6791
8, 1870, 149601675, 149606791, 1675, 6791
8, 1871, 149681675, 149686791, 1675, 6791
8, 1872, 149761675, 149766791, 1675, 6791
8, 1873, 149841675, 149846791, 1675, 6791
8, 1874, 149921675, 149926791, 1675, 6791
8, 1875, 150001675, 150006791, 1675, 6791
8, 1876, 150081675, 150091510, 1675, 11510
8, 1877, 150161675, 150166791, 1675, 6791
8, 1878, 150241675, 150246791, 1675, 6791
8, 1879, 150321675, 150326791, 1675, 6791
8, 188, 15041675, 15046791, 1675, 6791
8, 1880, 150401675, 150406791, 1675, 6791
8, 1881, 150481675, 150486791, 1675, 6791
8, 1882, 150561675, 150566791, 1675, 6791
8, 1883, 150641675, 150651583, 1675, 11583
8, 1884, 150721675, 150726791, 1675, 6791
8, 1885, 150801675, 150806791, 1675, 6791
8, 1886, 150881675, 150886791, 1675, 6791
8, 1887, 150961675, 150966937, 1675, 6937
8, 1888, 151041675, 151046791, 1675, 6791
8, 1889, 151121675, 151126791, 1675, 6791
8, 189, 15121675, 15132201, 1675, 12201
8, 1890, 151201675, 151212201, 1675, 12201
8, 1891, 151281675, 151286791, 1675, 6791
8, 1892, 151361675, 151366791, 1675, 6791
8, 1893, 151441675, 151446791, 1675, 6791
8, 1894, 151521675, 151526791, 1675, 6791
8, 1895, 151601675, 151606791, 1675, 6791
8, 1896, 151681675, 151686791, 1675, 6791
8, 1897, 151761675, 151771510, 1675, 11510
8, 1898, 151841675, 151846791, 1675, 6791
8, 1899, 151921675, 151926791, 1675, 6791
8, 19, 1521675, 1526791, 1675, 6791
8, 190, 15201675, 15209427, 1675, 9427
8, 1900, 152001675, 152011558, 1675, 11558
8, 1901, 152081675, 152086791, 1675, 6791
8, 1902, 152161675, 152166791, 1675, 6791
8, 1903, 152241675, 152246791, 1675, 6791
8, 1904, 152321675, 152332201, 1675, 12201
8, 1905, 152401675, 152406791, 1675, 6791
8, 1906, 152481675, 152486791, 1675, 6791
8, 1907, 152561675, 152566791, 1675, 6791
8, 1908, 152641675, 152646791, 1675, 6791
8, 1909, 152721675, 152726791, 1675, 6791
8, 191, 15281675, 15286791, 1675, 6791
8, 1910, 152801675, 152806791, 1675, 6791
8, 1911, 152881675, 152891583, 1675, 11583
8, 1912, 152961675, 152966791, 1675, 6791
8, 1913, 153041675, 153046791, 1675, 6791
8, 1914, 153121675, 153126791, 1675, 6791
8, 1915, 153201675, 153206791, 1675, 6791
8, 1916, 153281675, 153286791, 1675, 6791
8, 1917, 153361675, 153366791, 1675, 6791
8, 1918, 153441675, 153451510, 1675, 11510
8, 1919, 153521675, 153526791, 1675, 6791
8, 192, 15361675, 15366791, 1675, 6791
8, 1920, 153601675, 153606791, 1675, 6791
8, 1921, 153681675, 153686791, 1675, 6791
8, 1922, 153761675, 153766791, 1675, 6791
8, 1923, 153841675, 153846791, 1675, 6791
8, 1924, 153921675, 153926791, 1675, 6791
8, 1925, 154001675, 154012201, 1675, 12201
8, 1926, 154081675, 154086791, 1675, 6791
8, 1927, 154161675, 154166791, 1675, 6791
8, 1928, 154241675, 154246791, 1675, 6791
8, 1929, 154321675, 154326791, 1675, 6791
8, 193, 15441675, 15446791, 1675, 6791
8, 1930, 154401675, 154406791, 1675, 6791
8, 1931, 154481675, 154486791, 1675, 6791
8, 1932, 154561675, 154571583, 1675, 11583
8, 1933, 154641675, 154646791, 1675, 6791
8, 1934, 154721675, 154726791, 1675, 6791
8, 1935, 154801675, 154806791, 1675, 6791
8, 1936, 154881675, 154886791, 1675, 6791
8, 1937, 154961675, 154966791, 1675, 6791
8, 1938, 155041675, 155046791, 1675, 6791
8, 1939, 155121675, 155132128, 1675, 12128
8, 194, 15521675, 15526791, 1675, 6791
8, 1940, 155201675, 155206791, 1675, 6791
8, 1941, 155281675, 155286791, 1675, 6791
8, 1942, 155361675, 155366791, 1675, 6791
8, 1943, 155441675, 155446791, 1675, 6791
8, 1944, 155521675, 155526791, 1675, 6791
8, 1945, 155601675, 155606791, 1675, 6791
8, 1946, 155681675, 155691583, 1675, 11583
8, 1947, 155761675, 155766791, 1675, 6791
8, 1948, 155841675, 155846791, 1675, 6791
8, 1949, 155921675, 155926791, 1675, 6791
8, 195, 15601675, 15606791, 1675, 6791
8, 1950, 156001675, 156007083, 1675, 7083
8, 1951, 156081675, 156086791, 1675, 6791
8, 1952, 156161675, 156166791, 1675, 6791
8, 1953, 156241675, 156251583, 1675, 11583
8, 1954, 156321675, 156326791, 1675, 6791
8, 1955, 156401675, 156406791, 1675, 6791
8, 1956, 156481675, 156486791, 1675, 6791
8, 1957, 156561675, 156566791, 1675, 6791
8, 1958, 156641675, 156646791, 1675, 6791
8, 1959, 156721675, 156726791, 1675, 6791
8, 196, 15681675, 15691510, 1675, 11510
8, 1960, 156801675, 156812128, 1675, 12128
8, 1961, 156881675, 156886791, 1675, 6791
8, 1962, 156961675, 156966791, 1675, 6791
8, 1963, 157041675, 157046791, 1675, 6791
8, 1964, 157121675, 157126791, 1675, 6791
8, 1965, 157201675, 157206791, 1675, 6791
8, 1966, 157281675, 157286791, 1675, 6791
8, 1967, 157361675, 157371583, 1675, 11583
8, 1968, 157441675, 157446791, 1675, 6791
8, 1969, 157521675, 157526791, 1675, 6791
8, 197, 15761675, 15766791, 1675, 6791
8, 1970, 157601675, 157606791, 1675, 6791
8, 1971, 157681675, 157686791, 1675, 6791
8, 1972, 157761675, 157766791, 1675, 6791
8, 1973, 157841675, 157846791, 1675, 6791
8, 1974, 157921675, 157932201, 1675, 12201
8, 1975, 158001675, 158006791, 1675, 6791
8, 1976, 158081675, 158086791, 1675, 6791
8, 1977, 158161675, 158166791, 1675, 6791
8, 1978, 158241675, 158246791, 1675, 6791
8, 1979, 158321675, 158326791, 1675, 6791
8, 198, 15841675, 15846791, 1675, 6791
8, 1980, 158401675, 158406791, 1675, 6791
8, 1981, 158481675, 158491510, 1675, 11510
8, 1982, 158561675, 158566791, 1675, 6791
8, 1983, 158641675, 158646791, 1675, 6791
8, 1984, 158721675, 158726791, 1675, 6791
8, 1985, 158801675, 158806791, 1675, 6791
8, 1986, 158881675, 158886791, 1675, 6791
8, 1987, 158961675, 158966791, 1675, 6791
8, 1988, 159041675, 159051583, 1675, 11583
8, 1989, 159121675, 159126791, 1675, 6791
8, 199, 15921675, 15926791, 1675, 6791
8, 1990, 159201675, 159206791, 1675, 6791
8, 1991, 159281675, 159286791, 1675, 6791
8, 1992, 159361675, 159366791, 1675, 6791
8, 1993, 159441675, 159446791, 1675, 6791
8, 1994, 159521675, 159526791, 1675, 6791
8, 2, 161675, 166791, 1675, 6791
8, 20, 1601675, 1606791, 1675, 6791
8, 200, 16001675, 16006791, 1675, 6791
8, 201, 16081675, 16086791, 1675, 6791
8, 202, 16161675, 16166791, 1675, 6791
8, 203, 16241675, 16251583, 1675, 11583
8, 204, 16321675, 16326791, 1675, 6791
8, 205, 16401675, 16406791, 1675, 6791
8, 206, 16481675, 16486791, 1675, 6791
8, 207, 16561675, 16566791, 1675, 6791
8, 208, 16641675, 16646791, 1675, 6791
8, 209, 16721675, 16726791, 1675, 6791
8, 21, 1681675, 1691583, 1675, 11583
8, 210, 16801675, 16812201, 1675, 12201
8, 211, 16881675, 16886791, 1675, 6791
8, 212, 16961675, 16966791, 1675, 6791
8, 213, 17041675, 17046791, 1675, 6791
8, 214, 17121675, 17126791, 1675, 6791
8, 215, 17201675, 17206791, 1675, 6791
8, 216, 17281675, 17286791, 1675, 6791
8, 217, 17361675, 17371510, 1675, 11510
8, 218, 17441675, 17446791, 1675, 6791
8, 219, 17521675, 17526791, 1675, 6791
8, 22, 1761675, 1766791, 1675, 6791
8, 220, 17601675, 17606791, 1675, 6791
8, 221, 17681675, 17686791, 1675, 6791
8, 222, 17761675, 17766791, 1675, 6791
8, 223, 17841675, 17846791, 1675, 6791
8, 224, 17921675, 17932201, 1675, 12201
8, 225, 18001675, 18006791, 1675, 6791
8, 226, 18081675, 18086791, 1675, 6791
8, 227, 18161675, 18166791, 1675, 6791
8, 228, 18241675, 18247020, 1675, 7020
8, 229, 18321675, 18326791, 1675, 6791
8, 23, 1841675, 1846791, 1675, 6791
8, 230, 18401675, 18406791, 1675, 6791
8, 231, 18481675, 18491583, 1675, 11583
8, 232, 18561675, 18566791, 1675, 6791
8, 233, 18641675, 18646791, 1675, 6791
8, 234, 18721675, 18726791, 1675, 6791
8, 235, 18801675, 18806791, 1675, 6791
8, 236, 18881675, 18886791, 1675, 6791
8, 237, 18961675, 18966791, 1675, 6791
8, 238, 19041675, 19051510, 1675, 11510
8, 239, 19121675, 19126791, 1675, 6791
8, 24, 1921675, 1926791, 1675, 6791
8, 240, 19201675, 19206791, 1675, 6791
8, 241, 19281675, 19286791, 1675, 6791
8, 242, 19361675, 19366791, 1675, 6791
8, 243, 19441675, 19446791, 1675, 6791
8, 244, 19521675, 19526791, 1675, 6791
8, 245, 19601675, 19612201, 1675, 12201
8, 246, 19681675, 19686791, 1675, 6791
8, 247, 19761675, 19766791, 1675, 6791
8, 248, 19841675, 19846791, 1675, 6791
8, 249, 19921675, 19926791, 1675, 6791
8, 25, 2001675, 2007904, 1675, 7904
8, 250, 20001675, 20006791, 1675, 6791
8, 251, 20081675, 20086791, 1675, 6791
8, 252, 20161675, 20171583, 1675, 11583
8, 253, 20241675, 20246791, 1675, 6791
8, 254, 20321675, 20326791, 1675, 6791
8, 255, 20401675, 20406791, 1675, 6791
8, 256, 20481675, 20486791, 1675, 6791
8, 257, 20561675, 20566791, 1675, 6791
8, 258, 20641675, 20646791, 1675, 6791
8, 259, 20721675, 20732128, 1675, 12128
8, 26, 2081675, 2086791, 1675, 6791
8, 260, 20801675, 20806791, 1675, 6791
8, 261, 20881675, 20886791, 1675, 6791
8, 262, 20961675, 20966791, 1675, 6791
8, 263, 21041675, 21046791, 1675, 6791
8, 264, 21121675, 21126791, 1675, 6791
8, 265, 21201675, 21206791, 1675, 6791
8, 266, 21281675, 21292165, 1675, 12165
8, 267, 21361675, 21366791, 1675, 6791
8, 268, 21441675, 21446791, 1675, 6791
8, 269, 21521675, 21526791, 1675, 6791
8, 27, 2161675, 2166791, 1675, 6791
8, 270, 21601675, 21607020, 1675, 7020
8, 271, 21681675, 21686791, 1675, 6791
8, 272, 21761675, 21766791, 1675, 6791
8, 273, 21841675, 21851583, 1675, 11583
8, 274, 21921675, 21926791, 1675, 6791
8, 275, 22001675, 22006791, 1675, 6791
8, 276, 22081675, 22086791, 1675, 6791
8, 277, 22161675, 22166791, 1675, 6791
8, 278, 22241675, 22246791, 1675, 6791
8, 279, 22321675, 22326791, 1675, 6791
8, 28, 2241675, 2251510, 1675, 11510
8, 280, 22401675, 22412128, 1675, 12128
8, 281, 22481675, 22486791, 1675, 6791
8, 282, 22561675, 22566791, 1675, 6791
8, 283, 22641675, 22646791, 1675, 6791
8, 284, 22721675, 22726791, 1675, 6791
8, 285, 22801675, 22809622, 1675, 9622
8, 286, 22881675, 22886791, 1675, 6791
8, 287, 22961675, 22971583, 1675, 11583
8, 288, 23041675, 23046791, 1675, 6791
8, 289, 23121675, 23126791, 1675, 6791
8, 29, 2321675, 2326791, 1675, 6791
8, 290, 23201675, 23206791, 1675, 6791
8, 291, 23281675, 23287083, 1675, 7083
8, 292, 23361675, 23366791, 1675, 6791
8, 293, 23441675, 23446791, 1675, 6791
8, 294, 23521675, 23532201, 1675, 12201
8, 295, 23601675, 23606791, 1675, 6791
8, 296, 23681675, 23686791, 1675, 6791
8, 297, 23761675, 23766791, 1675, 6791
8, 298, 23841675, 23846791, 1675, 6791
8, 299, 23921675, 23926791, 1675, 6791
8, 3, 241675, 246791, 1675, 6791
8, 30, 2401675, 2406791, 1675, 6791
8, 300, 24001675, 24006791, 1675, 6791
8, 301, 24081675, 24091510, 1675, 11510
8, 302, 24161675, 24166791, 1675, 6791
8, 303, 24241675, 24246791, 1675, 6791
8, 304, 24321675, 24326791, 1675, 6791
8, 305, 24401675, 24406791, 1675, 6791
8, 306, 24481675, 24486791, 1675, 6791
8, 307, 24561675, 24566791, 1675, 6791
8, 308, 24641675, 24651583, 1675, 11583
8, 309, 24721675, 24726791, 1675, 6791
8, 31, 2481675, 2486791, 1675, 6791
8, 310, 24801675, 24806791, 1675, 6791
8, 311, 24881675, 24886791, 1675, 6791
8, 312, 24961675, 24966791, 1675, 6791
8, 313, 25041675, 25046791, 1675, 6791
8, 314, 25121675, 25126791, 1675, 6791
8, 315, 25201675, 25212201, 1675, 12201
8, 316, 25281675, 25286791, 1675, 6791
8, 317, 25361675, 25366791, 1675, 6791
8, 318, 25441675, 25446791, 1675, 6791
8, 319, 25521675, 25526791, 1675, 6791
8, 32, 2561675, 2566791, 1675, 6791
8, 320, 25601675, 25606791, 1675, 6791
8, 321, 25681675, 25686791, 1675, 6791
8, 322, 25761675, 25771510, 1675, 11510
8, 323, 25841675, 25846791, 1675, 6791
8, 324, 25921675, 25926791, 1675, 6791
8, 325, 26001675, 26006791, 1675, 6791
8, 326, 26081675, 26086791, 1675, 6791
8, 327, 26161675, 26166791, 1675, 6791
8, 328, 26241675, 26246791, 1675, 6791
8, 329, 26321675, 26332201, 1675, 12201
8, 33, 2641675, 2646791, 1675, 6791
8, 330, 26401675, 26406791, 1675, 6791
8, 331, 26481675, 26486791, 1675, 6791
8, 332, 26561675, 26566791, 1675, 6791
8, 333, 26641675, 26646791, 1675, 6791
8, 334, 26721675, 26726791, 1675, 6791
8, 335, 26801675, 26806791, 1675, 6791
8, 336, 26881675, 26891583, 1675, 11583
8, 337, 26961675, 26966791, 1675, 6791
8, 338, 27041675, 27046791, 1675, 6791
8, 339, 27121675, 27126791, 1675, 6791
8, 34, 2721675, 2726791, 1675, 6791
8, 340, 27201675, 27206791, 1675, 6791
8, 341, 27281675, 27286791, 1675, 6791
8, 342, 27361675, 27366791, 1675, 6791
8, 343, 27441675, 27451510, 1675, 11510
8, 344, 27521675, 27526791, 1675, 6791
8, 345, 27601675, 27606791, 1675, 6791
8, 346, 27681675, 27686791, 1675, 6791
8, 347, 27761675, 27766791, 1675, 6791
8, 348, 27841675, 27846791, 1675, 6791
8, 349, 27921675, 27926791, 1675, 6791
8, 35, 2801675, 2812201, 1675, 12201
8, 350, 28001675, 28012201, 1675, 12201
8, 351, 28081675, 28086791, 1675, 6791
8, 352, 28161675, 28166791, 1675, 6791
8, 353, 28241675, 28246791, 1675, 6791
8, 354, 28321675, 28326791, 1675, 6791
8, 355, 28401675, 28406791, 1675, 6791
8, 356, 28481675, 28486791, 1675, 6791
8, 357, 28561675, 28571583, 1675, 11583
8, 358, 28641675, 28646791, 1675, 6791
8, 359, 28721675, 28726791, 1675, 6791
8, 36, 2881675, 2886791, 1675, 6791
8, 360, 28801675, 28806791, 1675, 6791
8, 361, 28881675, 28886791, 1675, 6791
8, 362, 28961675, 28966791, 1675, 6791
8, 363, 29041675, 29046791, 1675, 6791
8, 364, 29121675, 29132128, 1675, 12128
8, 365, 29201675, 29206791, 1675, 6791
8, 366, 29281675, 29286791, 1675, 6791
8, 367, 29361675, 29366791, 1675, 6791
8, 368, 29441675, 29446791, 1675, 6791
8, 369, 29521675, 29526791, 1675, 6791
8, 37, 2961675, 2966791, 1675, 6791
8, 370, 29601675, 29606791, 1675, 6791
8, 371, 29681675, 29691583, 1675, 11583
8, 372, 29761675, 29766791, 1675, 6791
8, 373, 29841675, 29846791, 1675, 6791
8, 374, 29921675, 29926791, 1675, 6791
8, 375, 30001675, 30007020, 1675, 7020
8, 376, 30081675, 30086791, 1675, 6791
8, 377, 30161675, 30166791, 1675, 6791
8, 378, 30241675, 30251583, 1675, 11583
8, 379, 30321675, 30326791, 1675, 6791
8, 38, 3041675, 3046791, 1675, 6791
8, 380, 30401675, 30409525, 1675, 9525
8, 381, 30481675, 30486791, 1675, 6791
8, 382, 30561675, 30566791, 1675, 6791
8, 383, 30641675, 30646791, 1675, 6791
8, 384, 30721675, 30726791, 1675, 6791
8, 385, 30801675, 30812128, 1675, 12128
8, 386, 30881675, 30886791, 1675, 6791
8, 387, 30961675, 30966791, 1675, 6791
8, 388, 31041675, 31046791, 1675, 6791
8, 389, 31121675, 31126791, 1675, 6791
8, 39, 3121675, 3126791, 1675, 6791
8, 390, 31201675, 31206791, 1675, 6791
8, 391, 31281675, 31286791, 1675, 6791
8, 392, 31361675, 31371583, 1675, 11583
8, 393, 31441675, 31446791, 1675, 6791
8, 394, 31521675, 31526791, 1675, 6791
8, 395, 31601675, 31606791, 1675, 6791
8, 396, 31681675, 31686791, 1675, 6791
8, 397, 31761675, 31766791, 1675, 6791
8, 398, 31841675, 31846791, 1675, 6791
8, 399, 31921675, 31933732, 1675, 13732
8, 4, 321675, 326791, 1675, 6791
8, 40, 3201675, 3206791, 1675, 6791
8, 400, 32001675, 32006791, 1675, 6791
8, 401, 32081675, 32086791, 1675, 6791
8, 402, 32161675, 32166791, 1675, 6791
8, 403, 32241675, 32246791, 1675, 6791
8, 404, 32321675, 32326791, 1675, 6791
8, 405, 32401675, 32407083, 1675, 7083
8, 406, 32481675, 32491510, 1675, 11510
8, 407, 32561675, 32566791, 1675, 6791
8, 408, 32641675, 32646791, 1675, 6791
8, 409, 32721675, 32726791, 1675, 6791
8, 41, 3281675, 3286791, 1675, 6791
8, 410, 32801675, 32806791, 1675, 6791
8, 411, 32881675, 32886791, 1675, 6791
8, 412, 32961675, 32966791, 1675, 6791
8, 413, 33041675, 33051583, 1675, 11583
8, 414, 33121675, 33126791, 1675, 6791
8, 415, 33201675, 33206791, 1675, 6791
8, 416, 33281675, 33286791, 1675, 6791
8, 417, 33361675, 33366791, 1675, 6791
8, 418, 33441675, 33446791, 1675, 6791
8, 419, 33521675, 33526791, 1675, 6791
8, 42, 3361675, 3371583, 1675, 11583
8, 420, 33601675, 33612201, 1675, 12201
8, 421, 33681675, 33686791, 1675, 6791
8, 422, 33761675, 33766791, 1675, 6791
8, 423, 33841675, 33846791, 1675, 6791
8, 424, 33921675, 33926791, 1675, 6791
8, 425, 34001675, 34006791, 1675, 6791
8, 426, 34081675, 34086791, 1675, 6791
8, 427, 34161675, 34171510, 1675, 11510
8, 428, 34241675, 34246791, 1675, 6791
8, 429, 34321675, 34326791, 1675, 6791
8, 43, 3441675, 3446791, 1675, 6791
8, 430, 34401675, 34406791, 1675, 6791
8, 431, 34481675, 34486791, 1675, 6791
8, 432, 34561675, 34566791, 1675, 6791
8, 433, 34641675, 34646791, 1675, 6791
8, 434, 34721675, 34732201, 1675, 12201
8, 435, 34801675, 34806791, 1675, 6791
8, 436, 34881675, 34886791, 1675, 6791
8, 437, 34961675, 34966791, 1675, 6791
8, 438, 35041675, 35046791, 1675, 6791
8, 439, 35121675, 35126791, 1675, 6791
8, 44, 3521675, 3526791, 1675, 6791
8, 440, 35201675, 35206791, 1675, 6791
8, 441, 35281675, 35291583, 1675, 11583
8, 442, 35361675, 35366791, 1675, 6791
8, 443, 35441675, 35446791, 1675, 6791
8, 444, 35521675, 35526791, 1675, 6791
8, 445, 35601675, 35606791, 1675, 6791
8, 446, 35681675, 35686791, 1675, 6791
8, 447, 35761675, 35766791, 1675, 6791
8, 448, 35841675, 35851510, 1675, 11510
8, 449, 35921675, 35926791, 1675, 6791
8, 45, 3601675, 3606791, 1675, 6791
8, 450, 36001675, 36006791, 1675, 6791
8, 451, 36081675, 36086791, 1675, 6791
8, 452, 36161675, 36166791, 1675, 6791
8, 453, 36241675, 36246791, 1675, 6791
8, 454, 36321675, 36326791, 1675, 6791
8, 455, 36401675, 36412201, 1675, 12201
8, 456, 36481675, 36486791, 1675, 6791
8, 457, 36561675, 36566791, 1675, 6791
8, 458, 36641675, 36646791, 1675, 6791
8, 459, 36721675, 36726791, 1675, 6791
8, 46, 3681675, 3686791, 1675, 6791
8, 460, 36801675, 36806791, 1675, 6791
8, 461, 36881675, 36886791, 1675, 6791
8, 462, 36961675, 36971583, 1675, 11583
8, 463, 37041675, 37046791, 1675, 6791
8, 464, 37121675, 37126791, 1675, 6791
8, 465, 37201675, 37206791, 1675, 6791
8, 466, 37281675, 37286791, 1675, 6791
8, 467, 37361675, 37366791, 1675, 6791
8, 468, 37441675, 37446791, 1675, 6791
8, 469, 37521675, 37532128, 1675, 12128
8, 47, 3761675, 3766791, 1675, 6791
8, 470, 37601675, 37606791, 1675, 6791
8, 471, 37681675, 37686791, 1675, 6791
8, 472, 37761675, 37766791, 1675, 6791
8, 473, 37841675, 37846791, 1675, 6791
8, 474, 37921675, 37926791, 1675, 6791
8, 475, 38001675, 38009427, 1675, 9427
8, 476, 38081675, 38091583, 1675, 11583
8, 477, 38161675, 38166791, 1675, 6791
8, 478, 38241675, 38246791, 1675, 6791
8, 479, 38321675, 38326791, 1675, 6791
8, 48, 3841675, 3846791, 1675, 6791
8, 480, 38401675, 38407020, 1675, 7020
8, 481, 38481675, 38486791, 1675, 6791
8, 482, 38561675, 38566791, 1675, 6791
8, 483, 38641675, 38651583, 1675, 11583
8, 484, 38721675, 38726791, 1675, 6791
8, 485, 38801675, 38806791, 1675, 6791
8, 486, 38881675, 38886791, 1675, 6791
8, 487, 38961675, 38966791, 1675, 6791
8, 488, 39041675, 39046791, 1675, 6791
8, 489, 39121675, 39126791, 1675, 6791
8, 49, 3921675, 3932128, 1675, 12128
8, 490, 39201675, 39212128, 1675, 12128
8, 491, 39281675, 39286791, 1675, 6791
8, 492, 39361675, 39366791, 1675, 6791
8, 493, 39441675, 39446791, 1675, 6791
8, 494, 39521675, 39526791, 1675, 6791
8, 495, 39601675, 39606791, 1675, 6791
8, 496, 39681675, 39686791, 1675, 6791
8, 497, 39761675, 39771583, 1675, 11583
8, 498, 39841675, 39846791, 1675, 6791
8, 499, 39921675, 39926791, 1675, 6791
8, 5, 401675, 406791, 1675, 6791
8, 50, 4001675, 4006791, 1675, 6791
8, 500, 40001675, 40006791, 1675, 6791
8, 501, 40081675, 40086791, 1675, 6791
8, 502, 40161675, 40166791, 1675, 6791
8, 503, 40241675, 40246791, 1675, 6791
8, 504, 40321675, 40332201, 1675, 12201
8, 505, 40401675, 40406791, 1675, 6791
8, 506, 40481675, 40486791, 1675, 6791
8, 507, 40561675, 40566791, 1675, 6791
8, 508, 40641675, 40646791, 1675, 6791
8, 509, 40721675, 40726791, 1675, 6791
8, 51, 4081675, 4086791, 1675, 6791
8, 510, 40801675, 40806791, 1675, 6791
8, 511, 40881675, 40891510, 1675, 11510
8, 512, 40961675, 40966791, 1675, 6791
8, 513, 41041675, 41046791, 1675, 6791
8, 514, 41121675, 41126791, 1675, 6791
8, 515, 41201675, 41206791, 1675, 6791
8, 516, 41281675, 41286791, 1675, 6791
8, 517, 41361675, 41366791, 1675, 6791
8, 518, 41441675, 41451583, 1675, 11583
8, 519, 41521675, 41526791, 1675, 6791
8, 52, 4161675, 4166791, 1675, 6791
8, 520, 41601675, 41606791, 1675, 6791
8, 521, 41681675, 41686791, 1675, 6791
8, 522, 41761675, 41766791, 1675, 6791
8, 523, 41841675, 41846791, 1675, 6791
8, 524, 41921675, 41926791, 1675, 6791
8, 525, 42001675, 42012201, 1675, 12201
8, 526, 42081675, 42086791, 1675, 6791
8, 527, 42161675, 42166791, 1675, 6791
8, 528, 42241675, 42246791, 1675, 6791
8, 529, 42321675, 42326791, 1675, 6791
8, 53, 4241675, 4246791, 1675, 6791
8, 530, 42401675, 42406791, 1675, 6791
8, 531, 42481675, 42486791, 1675, 6791
8, 532, 42561675, 42572567, 1675, 12567
8, 533, 42641675, 42646791, 1675, 6791
8, 534, 42721675, 42726791, 1675, 6791
8, 535, 42801675, 42806791, 1675, 6791
8, 536, 42881675, 42886791, 1675, 6791
8, 537, 42961675, 42966791, 1675, 6791
8, 538, 43041675, 43046791, 1675, 6791
8, 539, 43121675, 43132201, 1675, 12201
8, 54, 4321675, 4326791, 1675, 6791
8, 540, 43201675, 43206791, 1675, 6791
8, 541, 43281675, 43286791, 1675, 6791
8, 542, 43361675, 43366791, 1675, 6791
8, 543, 43441675, 43446791, 1675, 6791
8, 544, 43521675, 43526791, 1675, 6791
8, 545, 43601675, 43606791, 1675, 6791
8, 546, 43681675, 43691583, 1675, 11583
8, 547, 43761675, 43766791, 1675, 6791
8, 548, 43841675, 43846791, 1675, 6791
8, 549, 43921675, 43926791, 1675, 6791
8, 55, 4401675, 4406791, 1675, 6791
8, 550, 44001675, 44006791, 1675, 6791
8, 551, 44081675, 44086791, 1675, 6791
8, 552, 44161675, 44166791, 1675, 6791
8, 553, 44241675, 44251510, 1675, 11510
8, 554, 44321675, 44326791, 1675, 6791
8, 555, 44401675, 44406791, 1675, 6791
8, 556, 44481675, 44486791, 1675, 6791
8, 557, 44561675, 44566791, 1675, 6791
8, 558, 44641675, 44646791, 1675, 6791
8, 559, 44721675, 44726791, 1675, 6791
8, 56, 4481675, 4491583, 1675, 11583
8, 560, 44801675, 44812201, 1675, 12201
8, 561, 44881675, 44886791, 1675, 6791
8, 562, 44961675, 44966791, 1675, 6791
8, 563, 45041675, 45046791, 1675, 6791
8, 564, 45121675, 45126791, 1675, 6791
8, 565, 45201675, 45206791, 1675, 6791
8, 566, 45281675, 45286791, 1675, 6791
8, 567, 45361675, 45371583, 1675, 11583
8, 568, 45441675, 45446791, 1675, 6791
8, 569, 45521675, 45526791, 1675, 6791
8, 57, 4561675, 4566791, 1675, 6791
8, 570, 45601675, 45611704, 1675, 11704
8, 571, 45681675, 45686791, 1675, 6791
8, 572, 45761675, 45766791, 1675, 6791
8, 573, 45841675, 45846791, 1675, 6791
8, 574, 45921675, 45932128, 1675, 12128
8, 575, 46001675, 46006791, 1675, 6791
8, 576, 46081675, 46086791, 1675, 6791
8, 577, 46161675, 46166791, 1675, 6791
8, 578, 46241675, 46246791, 1675, 6791
8, 579, 46321675, 46326791, 1675, 6791
8, 58, 4641675, 4646791, 1675, 6791
8, 580, 46401675, 46406791, 1675, 6791
8, 581, 46481675, 46491583, 1675, 11583
8, 582, 46561675, 46566791, 1675, 6791
8, 583, 46641675, 46646791, 1675, 6791
8, 584, 46721675, 46726791, 1675, 6791
8, 585, 46801675, 46807020, 1675, 7020
8, 586, 46881675, 46886791, 1675, 6791
8, 587, 46961675, 46966791, 1675, 6791
8, 588, 47041675, 47051583, 1675, 11583
8, 589, 47121675, 47126791, 1675, 6791
8, 59, 4721675, 4726791, 1675, 6791
8, 590, 47201675, 47206791, 1675, 6791
8, 591, 47281675, 47286791, 1675, 6791
8, 592, 47361675, 47366791, 1675, 6791
8, 593, 47441675, 47446791, 1675, 6791
8, 594, 47521675, 47526791, 1675, 6791
8, 595, 47601675, 47612128, 1675, 12128
8, 596, 47681675, 47686791, 1675, 6791
8, 597, 47761675, 47766791, 1675, 6791
8, 598, 47841675, 47846791, 1675, 6791
8, 599, 47921675, 47926791, 1675, 6791
8, 6, 481675, 486791, 1675, 6791
8, 60, 4801675, 4807020, 1675, 7020
8, 600, 48001675, 48006791, 1675, 6791
8, 601, 48081675, 48086791, 1675, 6791
8, 602, 48161675, 48171583, 1675, 11583
8, 603, 48241675, 48246791, 1675, 6791
8, 604, 48321675, 48326791, 1675, 6791
8, 605, 48401675, 48406791, 1675, 6791
8, 606, 48481675, 48486791, 1675, 6791
8, 607, 48561675, 48566791, 1675, 6791
8, 608, 48641675, 48646791, 1675, 6791
8, 609, 48721675, 48732201, 1675, 12201
8, 61, 4881675, 4886791, 1675, 6791
8, 610, 48801675, 48806791, 1675, 6791
8, 611, 48881675, 48886791, 1675, 6791
8, 612, 48961675, 48966791, 1675, 6791
8, 613, 49041675, 49046791, 1675, 6791
8, 614, 49121675, 49126791, 1675, 6791
8, 615, 49201675, 49206791, 1675, 6791
8, 616, 49281675, 49291510, 1675, 11510
8, 617, 49361675, 49366791, 1675, 6791
8, 618, 49441675, 49446791, 1675, 6791
8, 619, 49521675, 49526791, 1675, 6791
8, 62, 4961675, 4966791, 1675, 6791
8, 620, 49601675, 49606791, 1675, 6791
8, 621, 49681675, 49686791, 1675, 6791
8, 622, 49761675, 49766791, 1675, 6791
8, 623, 49841675, 49851583, 1675, 11583
8, 624, 49921675, 49926791, 1675, 6791
8, 625, 50001675, 50006791, 1675, 6791
8, 626, 50081675, 50086791, 1675, 6791
8, 627, 50161675, 50167020, 1675, 7020
8, 628, 50241675, 50246791, 1675, 6791
8, 629, 50321675, 50326791, 1675, 6791
8, 63, 5041675, 5051583, 1675, 11583
8, 630, 50401675, 50412201, 1675, 12201
8, 631, 50481675, 50486791, 1675, 6791
8, 632, 50561675, 50566791, 1675, 6791
8, 633, 50641675, 50646791, 1675, 6791
8, 634, 50721675, 50726791, 1675, 6791
8, 635, 50801675, 50806791, 1675, 6791
8, 636, 50881675, 50886791, 1675, 6791
8, 637, 50961675, 50971510, 1675, 11510
8, 638, 51041675, 51046791, 1675, 6791
8, 639, 51121675, 51126791, 1675, 6791
8, 64, 5121675, 5126791, 1675, 6791
8, 640, 51201675, 51206791, 1675, 6791
8, 641, 51281675, 51286791, 1675, 6791
8, 642, 51361675, 51366791, 1675, 6791
8, 643, 51441675, 51446791, 1675, 6791
8, 644, 51521675, 51532201, 1675, 12201
8, 645, 51601675, 51606791, 1675, 6791
8, 646, 51681675, 51686791, 1675, 6791
8, 647, 51761675, 51766791, 1675, 6791
8, 648, 51841675, 51846791, 1675, 6791
8, 649, 51921675, 51926791, 1675, 6791
8, 65, 5201675, 5206791, 1675, 6791
8, 650, 52001675, 52006791, 1675, 6791
8, 651, 52081675, 52091583, 1675, 11583
8, 652, 52161675, 52166791, 1675, 6791
8, 653, 52241675, 52246791, 1675, 6791
8, 654, 52321675, 52326791, 1675, 6791
8, 655, 52401675, 52406791, 1675, 6791
8, 656, 52481675, 52486791, 1675, 6791
8, 657, 52561675, 52566791, 1675, 6791
8, 658, 52641675, 52651510, 1675, 11510
8, 659, 52721675, 52726791, 1675, 6791
8, 66, 5281675, 5286791, 1675, 6791
8, 660, 52801675, 52806791, 1675, 6791
8, 661, 52881675, 52886791, 1675, 6791
8, 662, 52961675, 52966791, 1675, 6791
8, 663, 53041675, 53046791, 1675, 6791
8, 664, 53121675, 53126791, 1675, 6791
8, 665, 53201675, 53212190, 1675, 12190
8, 666, 53281675, 53286791, 1675, 6791
8, 667, 53361675, 53366791, 1675, 6791
8, 668, 53441675, 53446791, 1675, 6791
8, 669, 53521675, 53526791, 1675, 6791
8, 67, 5361675, 5366791, 1675, 6791
8, 670, 53601675, 53606791, 1675, 6791
8, 671, 53681675, 53686791, 1675, 6791
8, 672, 53761675, 53771583, 1675, 11583
8, 673, 53841675, 53846791, 1675, 6791
8, 674, 53921675, 53926791, 1675, 6791
8, 675, 54001675, 54006791, 1675, 6791
8, 676, 54081675, 54086791, 1675, 6791
8, 677, 54161675, 54166791, 1675, 6791
8, 678, 54241675, 54246791, 1675, 6791
8, 679, 54321675, 54332128, 1675, 12128
8, 68, 5441675, 5446791, 1675, 6791
8, 680, 54401675, 54406791, 1675, 6791
8, 681, 54481675, 54486791, 1675, 6791
8, 682, 54561675, 54566791, 1675, 6791
8, 683, 54641675, 54646791, 1675, 6791
8, 684, 54721675, 54726791, 1675, 6791
8, 685, 54801675, 54806791, 1675, 6791
8, 686, 54881675, 54891583, 1675, 11583
8, 687, 54961675, 54966791, 1675, 6791
8, 688, 55041675, 55046791, 1675, 6791
8, 689, 55121675, 55126791, 1675, 6791
8, 69, 5521675, 5526791, 1675, 6791
8, 690, 55201675, 55209054, 1675, 9054
8, 691, 55281675, 55286791, 1675, 6791
8, 692, 55361675, 55366791, 1675, 6791
8, 693, 55441675, 55451583, 1675, 11583
8, 694, 55521675, 55526791, 1675, 6791
8, 695, 55601675, 55606791, 1675, 6791
8, 696, 55681675, 55686791, 1675, 6791
8, 697, 55761675, 55766791, 1675, 6791
8, 698, 55841675, 55846791, 1675, 6791
8, 699, 55921675, 55926791, 1675, 6791
8, 7, 561675, 571510, 1675, 11510
8, 70, 5601675, 5612128, 1675, 12128
8, 700, 56001675, 56012128, 1675, 12128
8, 701, 56081675, 56086791, 1675, 6791
8, 702, 56161675, 56166791, 1675, 6791
8, 703, 56241675, 56246791, 1675, 6791
8, 704, 56321675, 56326791, 1675, 6791
8, 705, 56401675, 56406791, 1675, 6791
8, 706, 56481675, 56486791, 1675, 6791
8, 707, 56561675, 56571583, 1675, 11583
8, 708, 56641675, 56646791, 1675, 6791
8, 709, 56721675, 56726791, 1675, 6791
8, 71, 5681675, 5686791, 1675, 6791
8, 710, 56801675, 56806791, 1675, 6791
8, 711, 56881675, 56886791, 1675, 6791
8, 712, 56961675, 56966791, 1675, 6791
8, 713, 57041675, 57046791, 1675, 6791
8, 714, 57121675, 57132201, 1675, 12201
8, 715, 57201675, 57206791, 1675, 6791
8, 716, 57281675, 57286791, 1675, 6791
8, 717, 57361675, 57366791, 1675, 6791
8, 718, 57441675, 57446791, 1675, 6791
8, 719, 57521675, 57526791, 1675, 6791
8, 72, 5761675, 5766791, 1675, 6791
8, 720, 57601675, 57606791, 1675, 6791
8, 721, 57681675, 57691510, 1675, 11510
8, 722, 57761675, 57766791, 1675, 6791
8, 723, 57841675, 57846791, 1675, 6791
8, 724, 57921675, 57926791, 1675, 6791
8, 725, 58001675, 58006791, 1675, 6791
8, 726, 58081675, 58086791, 1675, 6791
8, 727, 58161675, 58166791, 1675, 6791
8, 728, 58241675, 58251583, 1675, 11583
8, 729, 58321675, 58326791, 1675, 6791
8, 73, 5841675, 5846791, 1675, 6791
8, 730, 58401675, 58406791, 1675, 6791
8, 731, 58481675, 58486791, 1675, 6791
8, 732, 58561675, 58566791, 1675, 6791
8, 733, 58641675, 58646791, 1675, 6791
8, 734, 58721675, 58726791, 1675, 6791
8, 735, 58801675, 58812201, 1675, 12201
8, 736, 58881675, 58886791, 1675, 6791
8, 737, 58961675, 58966791, 1675, 6791
8, 738, 59041675, 59046791, 1675, 6791
8, 739, 59121675, 59126791, 1675, 6791
8, 74, 5921675, 5926791, 1675, 6791
8, 740, 59201675, 59206791, 1675, 6791
8, 741, 59281675, 59286791, 1675, 6791
8, 742, 59361675, 59371510, 1675, 11510
8, 743, 59441675, 59446791, 1675, 6791
8, 744, 59521675, 59526791, 1675, 6791
8, 745, 59601675, 59606791, 1675, 6791
8, 746, 59681675, 59686791, 1675, 6791
8, 747, 59761675, 59766791, 1675, 6791
8, 748, 59841675, 59846791, 1675, 6791
8, 749, 59921675, 59932201, 1675, 12201
8, 75, 6001675, 6006791, 1675, 6791
8, 750, 60001675, 60006791, 1675, 6791
8, 751, 60081675, 60086791, 1675, 6791
8, 752, 60161675, 60166791, 1675, 6791
8, 753, 60241675, 60246791, 1675, 6791
8, 754, 60321675, 60326791, 1675, 6791
8, 755, 60401675, 60406791, 1675, 6791
8, 756, 60481675, 60491583, 1675, 11583
8, 757, 60561675, 60566791, 1675, 6791
8, 758, 60641675, 60646791, 1675, 6791
8, 759, 60721675, 60726791, 1675, 6791
8, 76, 6081675, 6086791, 1675, 6791
8, 760, 60801675, 60809711, 1675, 9711
8, 761, 60881675, 60886791, 1675, 6791
8, 762, 60961675, 60966791, 1675, 6791
8, 763, 61041675, 61051510, 1675, 11510
8, 764, 61121675, 61126791, 1675, 6791
8, 765, 61201675, 61206791, 1675, 6791
8, 766, 61281675, 61286791, 1675, 6791
8, 767, 61361675, 61366791, 1675, 6791
8, 768, 61441675, 61446791, 1675, 6791
8, 769, 61521675, 61526791, 1675, 6791
8, 77, 6161675, 6171583, 1675, 11583
8, 770, 61601675, 61612201, 1675, 12201
8, 771, 61681675, 61686791, 1675, 6791
8, 772, 61761675, 61766791, 1675, 6791
8, 773, 61841675, 61846791, 1675, 6791
8, 774, 61921675, 61926791, 1675, 6791
8, 775, 62001675, 62006791, 1675, 6791
8, 776, 62081675, 62086791, 1675, 6791
8, 777, 62161675, 62171583, 1675, 11583
8, 778, 62241675, 62246791, 1675, 6791
8, 779, 62321675, 62326791, 1675, 6791
8, 78, 6241675, 6246791, 1675, 6791
8, 780, 62401675, 62406791, 1675, 6791
8, 781, 62481675, 62486791, 1675, 6791
8, 782, 62561675, 62566791, 1675, 6791
8, 783, 62641675, 62646791, 1675, 6791
8, 784, 62721675, 62732128, 1675, 12128
8, 785, 62801675, 62806791, 1675, 6791
8, 786, 62881675, 62886791, 1675, 6791
8, 787, 62961675, 62966791, 1675, 6791
8, 788, 63041675, 63046791, 1675, 6791
8, 789, 63121675, 63126791, 1675, 6791
8, 79, 6321675, 6326791, 1675, 6791
8, 790, 63201675, 63206791, 1675, 6791
8, 791, 63281675, 63291583, 1675, 11583
8, 792, 63361675, 63366791, 1675, 6791
8, 793, 63441675, 63446791, 1675, 6791
8, 794, 63521675, 63526791, 1675, 6791
8, 795, 63601675, 63607020, 1675, 7020
8, 796, 63681675, 63686791, 1675, 6791
8, 797, 63761675, 63766791, 1675, 6791
8, 798, 63841675, 63852640, 1675, 12640
8, 799, 63921675, 63926791, 1675, 6791
8, 8, 641675, 646791, 1675, 6791
8, 80, 6401675, 6406791, 1675, 6791
8, 800, 64001675, 64006791, 1675, 6791
8, 801, 64081675, 64086791, 1675, 6791
8, 802, 64161675, 64166791, 1675, 6791
8, 803, 64241675, 64246791, 1675, 6791
8, 804, 64321675, 64326791, 1675, 6791
8, 805, 64401675, 64412128, 1675, 12128
8, 806, 64481675, 64486791, 1675, 6791
8, 807, 64561675, 64566791, 1675, 6791
8, 808, 64641675, 64646791, 1675, 6791
8, 809, 64721675, 64726791, 1675, 6791
8, 81, 6481675, 6486791, 1675, 6791
8, 810, 64801675, 64806791, 1675, 6791
8, 811, 64881675, 64886791, 1675, 6791
8, 812, 64961675, 64971583, 1675, 11583
8, 813, 65041675, 65046791, 1675, 6791
8, 814, 65121675, 65126791, 1675, 6791
8, 815, 65201675, 65206791, 1675, 6791
8, 816, 65281675, 65286791, 1675, 6791
8, 817, 65361675, 65366791, 1675, 6791
8, 818, 65441675, 65446791, 1675, 6791
8, 819, 65521675, 65532201, 1675, 12201
8, 82, 6561675, 6566791, 1675, 6791
8, 820, 65601675, 65606791, 1675, 6791
8, 821, 65681675, 65686791, 1675, 6791
8, 822, 65761675, 65766791, 1675, 6791
8, 823, 65841675, 65846791, 1675, 6791
8, 824, 65921675, 65926791, 1675, 6791
8, 825, 66001675, 66006791, 1675, 6791
8, 826, 66081675, 66091510, 1675, 11510
8, 827, 66161675, 66166791, 1675, 6791
8, 828, 66241675, 66246791, 1675, 6791
8, 829, 66321675, 66326791, 1675, 6791
8, 83, 6641675, 6646791, 1675, 6791
8, 830, 66401675, 66406791, 1675, 6791
8, 831, 66481675, 66486791, 1675, 6791
8, 832, 66561675, 66566791, 1675, 6791
8, 833, 66641675, 66651583, 1675, 11583
8, 834, 66721675, 66726791, 1675, 6791
8, 835, 66801675, 66806791, 1675, 6791
8, 836, 66881675, 66886791, 1675, 6791
8, 837, 66961675, 66966791, 1675, 6791
8, 838, 67041675, 67046791, 1675, 6791
8, 839, 67121675, 67126791, 1675, 6791
8, 84, 6721675, 6732201, 1675, 12201
8, 840, 67201675, 67212201, 1675, 12201
8, 841, 67281675, 67286791, 1675, 6791
8, 842, 67361675, 67366791, 1675, 6791
8, 843, 67441675, 67446791, 1675, 6791
8, 844, 67521675, 67526791, 1675, 6791
8, 845, 67601675, 67606791, 1675, 6791
8, 846, 67681675, 67686791, 1675, 6791
8, 847, 67761675, 67771510, 1675, 11510
8, 848, 67841675, 67846791, 1675, 6791
8, 849, 67921675, 67926791, 1675, 6791
8, 85, 6801675, 6806791, 1675, 6791
8, 850, 68001675, 68006791, 1675, 6791
8, 851, 68081675, 68086791, 1675, 6791
8, 852, 68161675, 68166791, 1675, 6791
8, 853, 68241675, 68246791, 1675, 6791
8, 854, 68321675, 68332201, 1675, 12201
8, 855, 68401675, 68409622, 1675, 9622
8, 856, 68481675, 68486791, 1675, 6791
8, 857, 68561675, 68566791, 1675, 6791
8, 858, 68641675, 68646791, 1675, 6791
8, 859, 68721675, 68726791, 1675, 6791
8, 86, 6881675, 6886791, 1675, 6791
8, 860, 68801675, 68806791, 1675, 6791
8, 861, 68881675, 68891583, 1675, 11583
8, 862, 68961675, 68966791, 1675, 6791
8, 863, 69041675, 69046791, 1675, 6791
8, 864, 69121675, 69126791, 1675, 6791
8, 865, 69201675, 69206791, 1675, 6791
8, 866, 69281675, 69286791, 1675, 6791
8, 867, 69361675, 69366791, 1675, 6791
8, 868, 69441675, 69451510, 1675, 11510
8, 869, 69521675, 69526791, 1675, 6791
8, 87, 6961675, 6966791, 1675, 6791
8, 870, 69601675, 69606791, 1675, 6791
8, 871, 69681675, 69686791, 1675, 6791
8, 872, 69761675, 69766791, 1675, 6791
8, 873, 69841675, 69846791, 1675, 6791
8, 874, 69921675, 69926791, 1675, 6791
8, 875, 70001675, 70012201, 1675, 12201
8, 876, 70081675, 70086791, 1675, 6791
8, 877, 70161675, 70166791, 1675, 6791
8, 878, 70241675, 70246791, 1675, 6791
8, 879, 70321675, 70326791, 1675, 6791
8, 88, 7041675, 7046791, 1675, 6791
8, 880, 70401675, 70406791, 1675, 6791
8, 881, 70481675, 70486791, 1675, 6791
8, 882, 70561675, 70571583, 1675, 11583
8, 883, 70641675, 70646791, 1675, 6791
8, 884, 70721675, 70726791, 1675, 6791
8, 885, 70801675, 70806791, 1675, 6791
8, 886, 70881675, 70886791, 1675, 6791
8, 887, 70961675, 70966791, 1675, 6791
8, 888, 71041675, 71046791, 1675, 6791
8, 889, 71121675, 71132128, 1675, 12128
8, 89, 7121675, 7126791, 1675, 6791
8, 890, 71201675, 71206791, 1675, 6791
8, 891, 71281675, 71286791, 1675, 6791
8, 892, 71361675, 71366791, 1675, 6791
8, 893, 71441675, 71446791, 1675, 6791
8, 894, 71521675, 71526791, 1675, 6791
8, 895, 71601675, 71606791, 1675, 6791
8, 896, 71681675, 71691583, 1675, 11583
8, 897, 71761675, 71766791, 1675, 6791
8, 898, 71841675, 71846791, 1675, 6791
8, 899, 71921675, 71926791, 1675, 6791
8, 9, 721675, 726791, 1675, 6791
8, 90, 7201675, 7206791, 1675, 6791
8, 900, 72001675, 72007020, 1675, 7020
8, 901, 72081675, 72086791, 1675, 6791
8, 902, 72161675, 72166791, 1675, 6791
8, 903, 72241675, 72251583, 1675, 11583
8, 904, 72321675, 72326791, 1675, 6791
8, 905, 72401675, 72406791, 1675, 6791
8, 906, 72481675, 72486791, 1675, 6791
8, 907, 72561675, 72566791, 1675, 6791
8, 908, 72641675, 72646791, 1675, 6791
8, 909, 72721675, 72726791, 1675, 6791
8, 91, 7281675, 7291510, 1675, 11510
8, 910, 72801675, 72812128, 1675, 12128
8, 911, 72881675, 72886791, 1675, 6791
8, 912, 72961675, 72966791, 1675, 6791
8, 913, 73041675, 73046791, 1675, 6791
8, 914, 73121675, 73126791, 1675, 6791
8, 915, 73201675, 73206791, 1675, 6791
8, 916, 73281675, 73286791, 1675, 6791
8, 917, 73361675, 73371583, 1675, 11583
8, 918, 73441675, 73446791, 1675, 6791
8, 919, 73521675, 73526791, 1675, 6791
8, 92, 7361675, 7366791, 1675, 6791
8, 920, 73601675, 73606791, 1675, 6791
8, 921, 73681675, 73686791, 1675, 6791
8, 922, 73761675, 73766791, 1675, 6791
8, 923, 73841675, 73846791, 1675, 6791
8, 924, 73921675, 73932201, 1675, 12201
8, 925, 74001675, 74006791, 1675, 6791
8, 926, 74081675, 74086791, 1675, 6791
8, 927, 74161675, 74166791, 1675, 6791
8, 928, 74241675, 74246791, 1675, 6791
8, 929, 74321675, 74326791, 1675, 6791
8, 93, 7441675, 7446791, 1675, 6791
8, 930, 74401675, 74406791, 1675, 6791
8, 931, 74481675, 74492567, 1675, 12567
8, 932, 74561675, 74566791, 1675, 6791
8, 933, 74641675, 74646791, 1675, 6791
8, 934, 74721675, 74726791, 1675, 6791
8, 935, 74801675, 74806791, 1675, 6791
8, 936, 74881675, 74886791, 1675, 6791
8, 937, 74961675, 74966791, 1675, 6791
8, 938, 75041675, 75051583, 1675, 11583
8, 939, 75121675, 75126791, 1675, 6791
8, 94, 7521675, 7526791, 1675, 6791
8, 940, 75201675, 75206791, 1675, 6791
8, 941, 75281675, 75286791, 1675, 6791
8, 942, 75361675, 75366791, 1675, 6791
8, 943, 75441675, 75446791, 1675, 6791
8, 944, 75521675, 75526791, 1675, 6791
8, 945, 75601675, 75612201, 1675, 12201
8, 946, 75681675, 75686791, 1675, 6791
8, 947, 75761675, 75766791, 1675, 6791
8, 948, 75841675, 75846791, 1675, 6791
8, 949, 75921675, 75926791, 1675, 6791
8, 95, 7601675, 7609809, 1675, 9809
8, 950, 76001675, 76009525, 1675, 9525
8, 951, 76081675, 76086791, 1675, 6791
8, 952, 76161675, 76171510, 1675, 11510
8, 953, 76241675, 76246791, 1675, 6791
8, 954, 76321675, 76326791, 1675, 6791
8, 955, 76401675, 76406791, 1675, 6791
8, 956, 76481675, 76486791, 1675, 6791
8, 957, 76561675, 76566791, 1675, 6791
8, 958, 76641675, 76646791, 1675, 6791
8, 959, 76721675, 76732201, 1675, 12201
8, 96, 7681675, 7686791, 1675, 6791
8, 960, 76801675, 76806791, 1675, 6791
8, 961, 76881675, 76886791, 1675, 6791
8, 962, 76961675, 76966791, 1675, 6791
8, 963, 77041675, 77046791, 1675, 6791
8, 964, 77121675, 77126791, 1675, 6791
8, 965, 77201675, 77206791, 1675, 6791
8, 966, 77281675, 77291583, 1675, 11583
8, 967, 77361675, 77366791, 1675, 6791
8, 968, 77441675, 77446791, 1675, 6791
8, 969, 77521675, 77526791, 1675, 6791
8, 97, 7761675, 7766791, 1675, 6791
8, 970, 77601675, 77606791, 1675, 6791
8, 971, 77681675, 77686791, 1675, 6791
8, 972, 77761675, 77766791, 1675, 6791
8, 973, 77841675, 77851510, 1675, 11510
8, 974, 77921675, 77926791, 1675, 6791
8, 975, 78001675, 78007083, 1675, 7083
8, 976, 78081675, 78086791, 1675, 6791
8, 977, 78161675, 78166791, 1675, 6791
8, 978, 78241675, 78246791, 1675, 6791
8, 979, 78321675, 78326791, 1675, 6791
8, 98, 7841675, 7851583, 1675, 11583
8, 980, 78401675, 78412201, 1675, 12201
8, 981, 78481675, 78486791, 1675, 6791
8, 982, 78561675, 78566791, 1675, 6791
8, 983, 78641675, 78646791, 1675, 6791
8, 984, 78721675, 78726791, 1675, 6791
8, 985, 78801675, 78806791, 1675, 6791
8, 986, 78881675, 78886791, 1675, 6791
8, 987, 78961675, 78971583, 1675, 11583
8, 988, 79041675, 79046791, 1675, 6791
8, 989, 79121675, 79126791, 1675, 6791
8, 99, 7921675, 7926791, 1675, 6791
8, 990, 79201675, 79206791, 1675, 6791
8, 991, 79281675, 79286791, 1675, 6791
8, 992, 79361675, 79366791, 1675, 6791
8, 993, 79441675, 79446791, 1675, 6791
8, 994, 79521675, 79532128, 1675, 12128
8, 995, 79601675, 79606791, 1675, 6791
8, 996, 79681675, 79686791, 1675, 6791
8, 997, 79761675, 79766791, 1675, 6791
8, 998, 79841675, 79846791, 1675, 6791
8, 999, 79921675, 79926791, 1675, 6791
9, 0, 2111, 14843, 2111, 14843
9, 1, 97111, 103267, 2111, 8267
9, 10, 952111, 958267, 2111, 8267
9, 100, 9502111, 9508267, 2111, 8267
9, 1000, 95002111, 95008267, 2111, 8267
9, 1001, 95097111, 95103267, 2111, 8267
9, 1002, 95192111, 95198267, 2111, 8267
9, 1003, 95287111, 95293267, 2111, 8267
9, 1004, 95382111, 95388267, 2111, 8267
9, 1005, 95477111, 95483267, 2111, 8267
9, 1006, 95572111, 95578267, 2111, 8267
9, 1007, 95667111, 95673267, 2111, 8267
9, 1008, 95762111, 95774226, 2111, 14226
9, 1009, 95857111, 95863267, 2111, 8267
9, 101, 9597111, 9603267, 2111, 8267
9, 1010, 95952111, 95958267, 2111, 8267
9, 1011, 96047111, 96053267, 2111, 8267
9, 1012, 96142111, 96148267, 2111, 8267
9, 1013, 96237111, 96243267, 2111, 8267
9, 1014, 96332111, 96338267, 2111, 8267
9, 1015, 96427111, 96434581, 2111, 9581
9, 1016, 96522111, 96528267, 2111, 8267
9, 1017, 96617111, 96623267, 2111, 8267
9, 1018, 96712111, 96718267, 2111, 8267
9, 1019, 96807111, 96813267, 2111, 8267
9, 102, 9692111, 9698267, 2111, 8267
9, 1020, 96902111, 96908267, 2111, 8267
9, 1021, 96997111, 97003267, 2111, 8267
9, 1022, 97092111, 97100614, 2111, 10614
9, 1023, 97187111, 97193267, 2111, 8267
9, 1024, 97282111, 97288267, 2111, 8267
9, 1025, 97377111, 97383267, 2111, 8267
9, 1026, 97472111, 97478267, 2111, 8267
9, 1027, 97567111, 97573267, 2111, 8267
9, 1028, 97662111, 97668267, 2111, 8267
9, 1029, 97757111, 97763267, 2111, 8267
9, 103, 9787111, 9793267, 2111, 8267
9, 1030, 97852111, 97858267, 2111, 8267
9, 1031, 97947111, 97953267, 2111, 8267
9, 1032, 98042111, 98048267, 2111, 8267
9, 1033, 98137111, 98143267, 2111, 8267
9, 1034, 98232111, 98238267, 2111, 8267
9, 1035, 98327111, 98333267, 2111, 8267
9, 1036, 98422111, 98431340, 2111, 11340
9, 1037, 98517111, 98523267, 2111, 8267
9, 1038, 98612111, 98618267, 2111, 8267
9, 1039, 98707111, 98713267, 2111, 8267
9, 104, 9882111, 9888267, 2111, 8267
9, 1040, 98802111, 98812172, 2111, 12172
9, 1041, 98897111, 98903267, 2111, 8267
9, 1042, 98992111, 98998267, 2111, 8267
9, 1043, 99087111, 99093267, 2111, 8267
9, 1044, 99182111, 99188267, 2111, 8267
9, 1045, 99277111, 99283267, 2111, 8267
9, 1046, 99372111, 99378267, 2111, 8267
9, 1047, 99467111, 99473267, 2111, 8267
9, 1048, 99562111, 99568267, 2111, 8267
9, 1049, 99657111, 99663267, 2111, 8267
9, 105, 9977111, 9984619, 2111, 9619
9, 1050, 99752111, 99762054, 2111, 12054
9, 1051, 99847111, 99853267, 2111, 8267
9, 1052, 99942111, 99948267, 2111, 8267
9, 1053, 100037111, 100043267, 2111, 8267
9, 1054, 100132111, 100138267, 2111, 8267
9, 1055, 100227111, 100233267, 2111, 8267
9, 1056, 100322111, 100328267, 2111, 8267
9, 1057, 100417111, 100423267, 2111, 8267
9, 1058, 100512111, 100518267, 2111, 8267
9, 1059, 100607111, 100613267, 2111, 8267
9, 106, 10072111, 10078267, 2111, 8267
9, 1060, 100702111, 100708267, 2111, 8267
9, 1061, 100797111, 100803267, 2111, 8267
9, 1062, 100892111, 100898267, 2111, 8267
9, 1063, 100987111, 100993267, 2111, 8267
9, 1064, 101082111, 101093053, 2111, 13053
9, 1065, 101177111, 101183267, 2111, 8267
9, 1066, 101272111, 101278267, 2111, 8267
9, 1067, 101367111, 101373267, 2111, 8267
9, 1068, 101462111, 101468267, 2111, 8267
9, 1069, 101557111, 101563267, 2111, 8267
9, 107, 10167111, 10173267, 2111, 8267
9, 1070, 101652111, 101658267, 2111, 8267
9, 1071, 101747111, 101753267, 2111, 8267
9, 1072, 101842111, 101848267, 2111, 8267
9, 1073, 101937111, 101943267, 2111, 8267
9, 1074, 102032111, 102038267, 2111, 8267
9, 1075, 102127111, 102133267, 2111, 8267
9, 1076, 102222111, 102228267, 2111, 8267
9, 1077, 102317111, 102323267, 2111, 8267
9, 1078, 102412111, 102420517, 2111, 10517
9, 1079, 102507111, 102513267, 2111, 8267
9, 108, 10262111, 10268267, 2111, 8267
9, 1080, 102602111, 102608267, 2111, 8267
9, 1081, 102697111, 102703267, 2111, 8267
9, 1082, 102792111, 102798267, 2111, 8267
9, 1083, 102887111, 102893267, 2111, 8267
9, 1084, 102982111, 102988267, 2111, 8267
9, 1085, 103077111, 103086486, 2111, 11486
9, 1086, 103172111, 103178267, 2111, 8267
9, 1087, 103267111, 103273267, 2111, 8267
9, 1088, 103362111, 103368267, 2111, 8267
9, 1089, 103457111, 103463267, 2111, 8267
9, 109, 10357111, 10363267, 2111, 8267
9, 1090, 103552111, 103558267, 2111, 8267
9, 1091, 103647111, 103653267, 2111, 8267
9, 1092, 103742111, 103750517, 2111, 10517
9, 1093, 103837111, 103843267, 2111, 8267
9, 1094, 103932111, 103938267, 2111, 8267
9, 1095, 104027111, 104033267, 2111, 8267
9, 1096, 104122111, 104128267, 2111, 8267
9, 1097, 104217111, 104223267, 2111, 8267
9, 1098, 104312111, 104318267, 2111, 8267
9, 1099, 104407111, 104413267, 2111, 8267
9, 11, 1047111, 1053267, 2111, 8267
9, 110, 10452111, 10458267, 2111, 8267
9, 1100, 104502111, 104508267, 2111, 8267
9, 1101, 104597111, 104603267, 2111, 8267
9, 1102, 104692111, 104698267, 2111, 8267
9, 1103, 104787111, 104793267, 2111, 8267
9, 1104, 104882111, 104888267, 2111, 8267
9, 1105, 104977111, 104983267, 2111, 8267
9, 1106, 105072111, 105081438, 2111, 11438
9, 1107, 105167111, 105173267, 2111, 8267
9, 1108, 105262111, 105268267, 2111, 8267
9, 1109, 105357111, 105363267, 2111, 8267
9, 111, 10547111, 10553267, 2111, 8267
9, 1110, 105452111, 105458267, 2111, 8267
9, 1111, 105547111, 105553267, 2111, 8267
9, 1112, 105642111, 105648267, 2111, 8267
9, 1113, 105737111, 105743267, 2111, 8267
9, 1114, 105832111, 105838267, 2111, 8267
9, 1115, 105927111, 105933267, 2111, 8267
9, 1116, 106022111, 106028267, 2111, 8267
9, 1117, 106117111, 106123267, 2111, 8267
9, 1118, 106212111, 106218267, 2111, 8267
9, 1119, 106307111, 106313267, 2111, 8267
9, 112, 10642111, 10654843, 2111, 14843
9, 1120, 106402111, 106414843, 2111, 14843
9, 1121, 106497111, 106503267, 2111, 8267
9, 1122, 106592111, 106598267, 2111, 8267
9, 1123, 106687111, 106693267, 2111, 8267
9, 1124, 106782111, 106788267, 2111, 8267
9, 1125, 106877111, 106883267, 2111, 8267
9, 1126, 106972111, 106978267, 2111, 8267
9, 1127, 107067111, 107073267, 2111, 8267
9, 1128, 107162111, 107168267, 2111, 8267
9, 1129, 107257111, 107263267, 2111, 8267
9, 113, 10737111, 10743267, 2111, 8267
9, 1130, 107352111, 107358267, 2111, 8267
9, 1131, 107447111, 107453267, 2111, 8267
9, 1132, 107542111, 107548267, 2111, 8267
9, 1133, 107637111, 107643267, 2111, 8267
9, 1134, 107732111, 107740517, 2111, 10517
9, 1135, 107827111, 107833267, 2111, 8267
9, 1136, 107922111, 107928267, 2111, 8267
9, 1137, 108017111, 108023267, 2111, 8267
9, 1138, 108112111, 108118267, 2111, 8267
9, 1139, 108207111, 108213267, 2111, 8267
9, 114, 10832111, 10838267, 2111, 8267
9, 1140, 108302111, 108308267, 2111, 8267
9, 1141, 108397111, 108403267, 2111, 8267
9, 1142, 108492111, 108498267, 2111, 8267
9, 1143, 108587111, 108593267, 2111, 8267
9, 1144, 108682111, 108688267, 2111, 8267
9, 1145, 108777111, 108783267, 2111, 8267
9, 1146, 108872111, 108878267, 2111, 8267
9, 1147, 108967111, 108973267, 2111, 8267
9, 1148, 109062111, 109070614, 2111, 10614
9, 1149, 109157111, 109163267, 2111, 8267
9, 115, 10927111, 10935447, 2111, 10447
9, 1150, 109252111, 109258267, 2111, 8267
9, 1151, 109347111, 109353267, 2111, 8267
9, 1152, 109442111, 109448267, 2111, 8267
9, 1153, 109537111, 109543267, 2111, 8267
9, 1154, 109632111, 109638267, 2111, 8267
9, 1155, 109727111, 109735126, 2111, 10126
9, 1156, 109822111, 109828267, 2111, 8267
9, 1157, 109917111, 109923267, 2111, 8267
9, 1158, 110012111, 110018267, 2111, 8267
9, 1159, 110107111, 110113267, 2111, 8267
9, 116, 11022111, 11028267, 2111, 8267
9, 1160, 110202111, 110208267, 2111, 8267
9, 1161, 110297111, 110303267, 2111, 8267
9, 1162, 110392111, 110400517, 2111, 10517
9, 1163, 110487111, 110493267, 2111, 8267
9, 1164, 110582111, 110588267, 2111, 8267
9, 1165, 110677111, 110683267, 2111, 8267
9, 1166, 110772111, 110778267, 2111, 8267
9, 1167, 110867111, 110873267, 2111, 8267
9, 1168, 110962111, 110968267, 2111, 8267
9, 1169, 111057111, 111063267, 2111, 8267
9, 117, 11117111, 11123267, 2111, 8267
9, 1170, 111152111, 111158267, 2111, 8267
9, 1171, 111247111, 111253267, 2111, 8267
9, 1172, 111342111, 111348267, 2111, 8267
9, 1173, 111437111, 111443267, 2111, 8267
9, 1174, 111532111, 111538267, 2111, 8267
9, 1175, 111627111, 111633267, 2111, 8267
9, 1176, 111722111, 111734146, 2111, 14146
9, 1177, 111817111, 111823267, 2111, 8267
9, 1178, 111912111, 111918267, 2111, 8267
9, 1179, 112007111, 112019210, 2111, 14210
9, 118, 11212111, 11218340, 2111, 8340
9, 1180, 112102111, 112108267, 2111, 8267
9, 1181, 112197111, 112203267, 2111, 8267
9, 1182, 112292111, 112298267, 2111, 8267
9, 1183, 112387111, 112393267, 2111, 8267
9, 1184, 112482111, 112488267, 2111, 8267
9, 1185, 112577111, 112583267, 2111, 8267
9, 1186, 112672111, 112678267, 2111, 8267
9, 1187, 112767111, 112773267, 2111, 8267
9, 1188, 112862111, 112868267, 2111, 8267
9, 1189, 112957111, 112963267, 2111, 8267
9, 119, 11307111, 11313267, 2111, 8267
9, 1190, 113052111, 113061992, 2111, 11992
9, 1191, 113147111, 113153267, 2111, 8267
9, 1192, 113242111, 113248267, 2111, 8267
9, 1193, 113337111, 113343267, 2111, 8267
9, 1194, 113432111, 113438267, 2111, 8267
9, 1195, 113527111, 113533267, 2111, 8267
9, 1196, 113622111, 113628267, 2111, 8267
9, 1197, 113717111, 113723267, 2111, 8267
9, 1198, 113812111, 113818267, 2111, 8267
9, 1199, 113907111, 113913267, 2111, 8267
9, 12, 1142111, 1148267, 2111, 8267
9, 120, 11402111, 11408267, 2111, 8267
9, 1200, 114002111, 114010157, 2111, 10157
9, 1201, 114097111, 114103267, 2111, 8267
9, 1202, 114192111, 114198267, 2111, 8267
9, 1203, 114287111, 114293267, 2111, 8267
9, 1204, 114382111, 114390517, 2111, 10517
9, 1205, 114477111, 114483267, 2111, 8267
9, 1206, 114572111, 114578267, 2111, 8267
9, 1207, 114667111, 114673267, 2111, 8267
9, 1208, 114762111, 114768267, 2111, 8267
9, 1209, 114857111, 114863267, 2111, 8267
9, 121, 11497111, 11503267, 2111, 8267
9, 1210, 114952111, 114958267, 2111, 8267
9, 1211, 115047111, 115053267, 2111, 8267
9, 1212, 115142111, 115148267, 2111, 8267
9, 1213, 115237111, 115243267, 2111, 8267
9, 1214, 115332111, 115338267, 2111, 8267
9, 1215, 115427111, 115433267, 2111, 8267
9, 1216, 115522111, 115528267, 2111, 8267
9, 1217, 115617111, 115623267, 2111, 8267
9, 1218, 115712111, 115720517, 2111, 10517
9, 1219, 115807111, 115813267, 2111, 8267
9, 122, 11592111, 11598267, 2111, 8267
9, 1220, 115902111, 115908267, 2111, 8267
9, 1221, 115997111, 116003267, 2111, 8267
9, 1222, 116092111, 116098267, 2111, 8267
9, 1223, 116187111, 116193267, 2111, 8267
9, 1224, 116282111, 116288267, 2111, 8267
9, 1225, 116377111, 116384581, 2111, 9581
9, 1226, 116472111, 116478267, 2111, 8267
9, 1227, 116567111, 116573267, 2111, 8267
9, 1228, 116662111, 116668267, 2111, 8267
9, 1229, 116757111, 116763267, 2111, 8267
9, 123, 11687111, 11693267, 2111, 8267
9, 1230, 116852111, 116858267, 2111, 8267
9, 1231, 116947111, 116953267, 2111, 8267
9, 1232, 117042111, 117053352, 2111, 13352
9, 1233, 117137111, 117143267, 2111, 8267
9, 1234, 117232111, 117238267, 2111, 8267
9, 1235, 117327111, 117335463, 2111, 10463
9, 1236, 117422111, 117428267, 2111, 8267
9, 1237, 117517111, 117523267, 2111, 8267
9, 1238, 117612111, 117618267, 2111, 8267
9, 1239, 117707111, 117713267, 2111, 8267
9, 124, 11782111, 11788267, 2111, 8267
9, 1240, 117802111, 117808267, 2111, 8267
9, 1241, 117897111, 117903267, 2111, 8267
9, 1242, 117992111, 117998267, 2111, 8267
9, 1243, 118087111, 118093267, 2111, 8267
9, 1244, 118182111, 118188267, 2111, 8267
9, 1245, 118277111, 118283267, 2111, 8267
9, 1246, 118372111, 118381340, 2111, 11340
9, 1247, 118467111, 118473267, 2111, 8267
9, 1248, 118562111, 118568267, 2111, 8267
9, 1249, 118657111, 118663267, 2111, 8267
9, 125, 11877111, 11883267, 2111, 8267
9, 1250, 118752111, 118758267, 2111, 8267
9, 1251, 118847111, 118853267, 2111, 8267
9, 1252, 118942111, 118948267, 2111, 8267
9, 1253, 119037111, 119043267, 2111, 8267
9, 1254, 119132111, 119138267, 2111, 8267
9, 1255, 119227111, 119233267, 2111, 8267
9, 1256, 119322111, 119328267, 2111, 8267
9, 1257, 119417111, 119423267, 2111, 8267
9, 1258, 119512111, 119518267, 2111, 8267
9, 1259, 119607111, 119613267, 2111, 8267
9, 126, 11972111, 11981340, 2111, 11340
9, 1260, 119702111, 119712054, 2111, 12054
9, 1261, 119797111, 119803267, 2111, 8267
9, 1262, 119892111, 119898267, 2111, 8267
9, 1263, 119987111, 119993267, 2111, 8267
9, 1264, 120082111, 120088267, 2111, 8267
9, 1265, 120177111, 120183267, 2111, 8267
9, 1266, 120272111, 120278267, 2111, 8267
9, 1267, 120367111, 120373267, 2111, 8267
9, 1268, 120462111, 120468267, 2111, 8267
9, 1269, 120557111, 120563267, 2111, 8267
9, 127, 12067111, 12073267, 2111, 8267
9, 1270, 120652111, 120658267, 2111, 8267
9, 1271, 120747111, 120753267, 2111, 8267
9, 1272, 120842111, 120848267, 2111, 8267
9, 1273, 120937111, 120943267, 2111, 8267
9, 1274, 121032111, 121040614, 2111, 10614
9, 1275, 121127111, 121133267, 2111, 8267
9, 1276, 121222111, 121228267, 2111, 8267
9, 1277, 121317111, 121323267, 2111, 8267
9, 1278, 121412111, 121418267, 2111, 8267
9, 1279, 121507111, 121513267, 2111, 8267
9, 128, 12162111, 12168267, 2111, 8267
9, 1280, 121602111, 121609623, 2111, 9623
9, 1281, 121697111, 121703267, 2111, 8267
9, 1282, 121792111, 121798267, 2111, 8267
9, 1283, 121887111, 121893267, 2111, 8267
9, 1284, 121982111, 121988267, 2111, 8267
9, 1285, 122077111, 122083267, 2111, 8267
9, 1286, 122172111, 122178267, 2111, 8267
9, 1287, 122267111, 122273267, 2111, 8267
9, 1288, 122362111, 122372980, 2111, 12980
9, 1289, 122457111, 122463267, 2111, 8267
9, 129, 12257111, 12263267, 2111, 8267
9, 1290, 122552111, 122558267, 2111, 8267
9, 1291, 122647111, 122653267, 2111, 8267
9, 1292, 122742111, 122748267, 2111, 8267
9, 1293, 122837111, 122843267, 2111, 8267
9, 1294, 122932111, 122938267, 2111, 8267
9, 1295, 123027111, 123034679, 2111, 9679
9, 1296, 123122111, 123128267, 2111, 8267
9, 1297, 123217111, 123223267, 2111, 8267
9, 1298, 123312111, 123318267, 2111, 8267
9, 1299, 123407111, 123413267, 2111, 8267
9, 13, 1237111, 1243267, 2111, 8267
9, 130, 12352111, 12358267, 2111, 8267
9, 1300, 123502111, 123508267, 2111, 8267
9, 1301, 123597111, 123603267, 2111, 8267
9, 1302, 123692111, 123700517, 2111, 10517
9, 1303, 123787111, 123793267, 2111, 8267
9, 1304, 123882111, 123888267, 2111, 8267
9, 1305, 123977111, 123983267, 2111, 8267
9, 1306, 124072111, 124078267, 2111, 8267
9, 1307, 124167111, 124173267, 2111, 8267
9, 1308, 124262111, 124268267, 2111, 8267
9, 1309, 124357111, 124363267, 2111, 8267
9, 131, 12447111, 12453267, 2111, 8267
9, 1310, 124452111, 124458267, 2111, 8267
9, 1311, 124547111, 124553267, 2111, 8267
9, 1312, 124642111, 124648267, 2111, 8267
9, 1313, 124737111, 124743267, 2111, 8267
9, 1314, 124832111, 124838267, 2111, 8267
9, 1315, 124927111, 124933267, 2111, 8267
9, 1316, 125022111, 125031438, 2111, 11438
9, 1317, 125117111, 125123267, 2111, 8267
9, 1318, 125212111, 125218267, 2111, 8267
9, 1319, 125307111, 125313267, 2111, 8267
9, 132, 12542111, 12548267, 2111, 8267
9, 1320, 125402111, 125408267, 2111, 8267
9, 1321, 125497111, 125503267, 2111, 8267
9, 1322, 125592111, 125598267, 2111, 8267
9, 1323, 125687111, 125693267, 2111, 8267
9, 1324, 125782111, 125788267, 2111, 8267
9, 1325, 125877111, 125883267, 2111, 8267
9, 1326, 125972111, 125978267, 2111, 8267
9, 1327, 126067111, 126073267, 2111, 8267
9, 1328, 126162111, 126168267, 2111, 8267
9, 1329, 126257111, 126263267, 2111, 8267
9, 133, 12637111, 12643267, 2111, 8267
9, 1330, 126352111, 126361919, 2111, 11919
9, 1331, 126447111, 126453267, 2111, 8267
9, 1332, 126542111, 126548267, 2111, 8267
9, 1333, 126637111, 126643267, 2111, 8267
9, 1334, 126732111, 126738267, 2111, 8267
9, 1335, 126827111, 126833267, 2111, 8267
9, 1336, 126922111, 126928267, 2111, 8267
9, 1337, 127017111, 127023267, 2111, 8267
9, 1338, 127112111, 127118267, 2111, 8267
9, 1339, 127207111, 127213267, 2111, 8267
9, 134, 12732111, 12738267, 2111, 8267
9, 1340, 127302111, 127308267, 2111, 8267
9, 1341, 127397111, 127403267, 2111, 8267
9, 1342, 127492111, 127498267, 2111, 8267
9, 1343, 127587111, 127593267, 2111, 8267
9, 1344, 127682111, 127694226, 2111, 14226
9, 1345, 127777111, 127783267, 2111, 8267
9, 1346, 127872111, 127878267, 2111, 8267
9, 1347, 127967111, 127973267, 2111, 8267
9, 1348, 128062111, 128068267, 2111, 8267
9, 1349, 128157111, 128163267, 2111, 8267
9, 135, 12827111, 12833267, 2111, 8267
9, 1350, 128252111, 128258267, 2111, 8267
9, 1351, 128347111, 128353267, 2111, 8267
9, 1352, 128442111, 128448267, 2111, 8267
9, 1353, 128537111, 128543267, 2111, 8267
9, 1354, 128632111, 128638267, 2111, 8267
9, 1355, 128727111, 128733267, 2111, 8267
9, 1356, 128822111, 128828267, 2111, 8267
9, 1357, 128917111, 128923267, 2111, 8267
9, 1358, 129012111, 129020614, 2111, 10614
9, 1359, 129107111, 129113267, 2111, 8267
9, 136, 12922111, 12928267, 2111, 8267
9, 1360, 129202111, 129209526, 2111, 9526
9, 1361, 129297111, 129303267, 2111, 8267
9, 1362, 129392111, 129398267, 2111, 8267
9, 1363, 129487111, 129493267, 2111, 8267
9, 1364, 129582111, 129588267, 2111, 8267
9, 1365, 129677111, 129687357, 2111, 12357
9, 1366, 129772111, 129778267, 2111, 8267
9, 1367, 129867111, 129873267, 2111, 8267
9, 1368, 129962111, 129968267, 2111, 8267
9, 1369, 130057111, 130063267, 2111, 8267
9, 137, 13017111, 13023267, 2111, 8267
9, 1370, 130152111, 130158267, 2111, 8267
9, 1371, 130247111, 130253267, 2111, 8267
9, 1372, 130342111, 130350517, 2111, 10517
9, 1373, 130437111, 130443267, 2111, 8267
9, 1374, 130532111, 130538267, 2111, 8267
9, 1375, 130627111, 130633267, 2111, 8267
9, 1376, 130722111, 130728267, 2111, 8267
9, 1377, 130817111, 130823267, 2111, 8267
9, 1378, 130912111, 130918267, 2111, 8267
9, 1379, 131007111, 131013267, 2111, 8267
9, 138, 13112111, 13118267, 2111, 8267
9, 1380, 131102111, 131108267, 2111, 8267
9, 1381, 131197111, 131203267, 2111, 8267
9, 1382, 131292111, 131298267, 2111, 8267
9, 1383, 131387111, 131393267, 2111, 8267
9, 1384, 131482111, 131488267, 2111, 8267
9, 1385, 131577111, 131583267, 2111, 8267
9, 1386, 131672111, 131681340, 2111, 11340
9, 1387, 131767111, 131773267, 2111, 8267
9, 1388, 131862111, 131868267, 2111, 8267
9, 1389, 131957111, 131963267, 2111, 8267
9, 139, 13207111, 13213267, 2111, 8267
9, 1390, 132052111, 132058267, 2111, 8267
9, 1391, 132147111, 132153267, 2111, 8267
9, 1392, 132242111, 132248267, 2111, 8267
9, 1393, 132337111, 132343267, 2111, 8267
9, 1394, 132432111, 132438267, 2111, 8267
9, 1395, 132527111, 132533267, 2111, 8267
9, 1396, 132622111, 132628267, 2111, 8267
9, 1397, 132717111, 132723267, 2111, 8267
9, 1398, 132812111, 132818267, 2111, 8267
9, 1399, 132907111, 132913267, 2111, 8267
9, 14, 1332111, 1340614, 2111, 10614
9, 140, 13302111, 13311992, 2111, 11992
9, 1400, 133002111, 133013380, 2111, 13380
9, 1401, 133097111, 133103267, 2111, 8267
9, 1402, 133192111, 133198267, 2111, 8267
9, 1403, 133287111, 133293267, 2111, 8267
9, 1404, 133382111, 133388267, 2111, 8267
9, 1405, 133477111, 133483267, 2111, 8267
9, 1406, 133572111, 133578267, 2111, 8267
9, 1407, 133667111, 133673267, 2111, 8267
9, 1408, 133762111, 133768267, 2111, 8267
9, 1409, 133857111, 133863267, 2111, 8267
9, 141, 13397111, 13403267, 2111, 8267
9, 1410, 133952111, 133958267, 2111, 8267
9, 1411, 134047111, 134053267, 2111, 8267
9, 1412, 134142111, 134148267, 2111, 8267
9, 1413, 134237111, 134243267, 2111, 8267
9, 1414, 134332111, 134340517, 2111, 10517
9, 1415, 134427111, 134433267, 2111, 8267
9, 1416, 134522111, 134528267, 2111, 8267
9, 1417, 134617111, 134623267, 2111, 8267
9, 1418, 134712111, 134718267, 2111, 8267
9, 1419, 134807111, 134813267, 2111, 8267
9, 142, 13492111, 13498267, 2111, 8267
9, 1420, 134902111, 134908267, 2111, 8267
9, 1421, 134997111, 135003267, 2111, 8267
9, 1422, 135092111, 135098267, 2111, 8267
9, 1423, 135187111, 135193267, 2111, 8267
9, 1424, 135282111, 135288267, 2111, 8267
9, 1425, 135377111, 135383267, 2111, 8267
9, 1426, 135472111, 135478267, 2111, 8267
9, 1427, 135567111, 135573267, 2111, 8267
9, 1428, 135662111, 135670517, 2111, 10517
9, 1429, 135757111, 135763267, 2111, 8267
9, 143, 13587111, 13593267, 2111, 8267
9, 1430, 135852111, 135858267, 2111, 8267
9, 1431, 135947111, 135953267, 2111, 8267
9, 1432, 136042111, 136048267, 2111, 8267
9, 1433, 136137111, 136143267, 2111, 8267
9, 1434, 136232111, 136238267, 2111, 8267
9, 1435, 136327111, 136334656, 2111, 9656
9, 1436, 136422111, 136428267, 2111, 8267
9, 1437, 136517111, 136523267, 2111, 8267
9, 1438, 136612111, 136618267, 2111, 8267
9, 1439, 136707111, 136713267, 2111, 8267
9, 144, 13682111, 13688267, 2111, 8267
9, 1440, 136802111, 136809721, 2111, 9721
9, 1441, 136897111, 136903267, 2111, 8267
9, 1442, 136992111, 137000614, 2111, 10614
9, 1443, 137087111, 137093267, 2111, 8267
9, 1444, 137182111, 137188267, 2111, 8267
9, 1445, 137277111, 137283267, 2111, 8267
9, 1446, 137372111, 137378267, 2111, 8267
9, 1447, 137467111, 137473267, 2111, 8267
9, 1448, 137562111, 137568267, 2111, 8267
9, 1449, 137657111, 137663267, 2111, 8267
9, 145, 13777111, 13783267, 2111, 8267
9, 1450, 137752111, 137758267, 2111, 8267
9, 1451, 137847111, 137853267, 2111, 8267
9, 1452, 137942111, 137948267, 2111, 8267
9, 1453, 138037111, 138043267, 2111, 8267
9, 1454, 138132111, 138138267, 2111, 8267
9, 1455, 138227111, 138233267, 2111, 8267
9, 1456, 138322111, 138334843, 2111, 14843
9, 1457, 138417111, 138423267, 2111, 8267
9, 1458, 138512111, 138518267, 2111, 8267
9, 1459, 138607111, 138613267, 2111, 8267
9, 146, 13872111, 13878267, 2111, 8267
9, 1460, 138702111, 138708267, 2111, 8267
9, 1461, 138797111, 138803267, 2111, 8267
9, 1462, 138892111, 138898267, 2111, 8267
9, 1463, 138987111, 138993267, 2111, 8267
9, 1464, 139082111, 139088267, 2111, 8267
9, 1465, 139177111, 139183267, 2111, 8267
9, 1466, 139272111, 139278267, 2111, 8267
9, 1467, 139367111, 139373267, 2111, 8267
9, 1468, 139462111, 139468267, 2111, 8267
9, 1469, 139557111, 139563267, 2111, 8267
9, 147, 13967111, 13973267, 2111, 8267
9, 1470, 139652111, 139662054, 2111, 12054
9, 1471, 139747111, 139753267, 2111, 8267
9, 1472, 139842111, 139848267, 2111, 8267
9, 1473, 139937111, 139943267, 2111, 8267
9, 1474, 140032111, 140038267, 2111, 8267
9, 1475, 140127111, 140133267, 2111, 8267
9, 1476, 140222111, 140228267, 2111, 8267
9, 1477, 140317111, 140323267, 2111, 8267
9, 1478, 140412111, 140418267, 2111, 8267
9, 1479, 140507111, 140513267, 2111, 8267
9, 148, 14062111, 14068267, 2111, 8267
9, 1480, 140602111, 140608267, 2111, 8267
9, 1481, 140697111, 140703267, 2111, 8267
9, 1482, 140792111, 140798267, 2111, 8267
9, 1483, 140887111, 140893267, 2111, 8267
9, 1484, 140982111, 140990614, 2111, 10614
9, 1485, 141077111, 141083267, 2111, 8267
9, 1486, 141172111, 141178267, 2111, 8267
9, 1487, 141267111, 141273267, 2111, 8267
9, 1488, 141362111, 141368267, 2111, 8267
9, 1489, 141457111, 141463267, 2111, 8267
9, 149, 14157111, 14163267, 2111, 8267
9, 1490, 141552111, 141558267, 2111, 8267
9, 1491, 141647111, 141653267, 2111, 8267
9, 1492, 141742111, 141748267, 2111, 8267
9, 1493, 141837111, 141843267, 2111, 8267
9, 1494, 141932111, 141938267, 2111, 8267
9, 1495, 142027111, 142033267, 2111, 8267
9, 1496, 142122111, 142128267, 2111, 8267
9, 1497, 142217111, 142223267, 2111, 8267
9, 1498, 142312111, 142320517, 2111, 10517
9, 1499, 142407111, 142413267, 2111, 8267
9, 15, 1427111, 1433267, 2111, 8267
9, 150, 14252111, 14258267, 2111, 8267
9, 1500, 142502111, 142508267, 2111, 8267
9, 1501, 142597111, 142603267, 2111, 8267
9, 1502, 142692111, 142698267, 2111, 8267
9, 1503, 142787111, 142793267, 2111, 8267
9, 1504, 142882111, 142888267, 2111, 8267
9, 1505, 142977111, 142984679, 2111, 9679
9, 1506, 143072111, 143078267, 2111, 8267
9, 1507, 143167111, 143173267, 2111, 8267
9, 1508, 143262111, 143268267, 2111, 8267
9, 1509, 143357111, 143363267, 2111, 8267
9, 151, 14347111, 14353267, 2111, 8267
9, 1510, 143452111, 143458267, 2111, 8267
9, 1511, 143547111, 143553267, 2111, 8267
9, 1512, 143642111, 143653053, 2111, 13053
9, 1513, 143737111, 143743267, 2111, 8267
9, 1514, 143832111, 143838267, 2111, 8267
9, 1515, 143927111, 143939828, 2111, 14828
9, 1516, 144022111, 144028267, 2111, 8267
9, 1517, 144117111, 144123267, 2111, 8267
9, 1518, 144212111, 144218267, 2111, 8267
9, 1519, 144307111, 144313267, 2111, 8267
9, 152, 14442111, 14448267, 2111, 8267
9, 1520, 144402111, 144409623, 2111, 9623
9, 1521, 144497111, 144503267, 2111, 8267
9, 1522, 144592111, 144598267, 2111, 8267
9, 1523, 144687111, 144693267, 2111, 8267
9, 1524, 144782111, 144788267, 2111, 8267
9, 1525, 144877111, 144883267, 2111, 8267
9, 1526, 144972111, 144981438, 2111, 11438
9, 1527, 145067111, 145073267, 2111, 8267
9, 1528, 145162111, 145168267, 2111, 8267
9, 1529, 145257111, 145263267, 2111, 8267
9, 153, 14537111, 14543267, 2111, 8267
9, 1530, 145352111, 145358267, 2111, 8267
9, 1531, 145447111, 145453267, 2111, 8267
9, 1532, 145542111, 145548267, 2111, 8267
9, 1533, 145637111, 145643267, 2111, 8267
9, 1534, 145732111, 145738267, 2111, 8267
9, 1535, 145827111, 145833267, 2111, 8267
9, 1536, 145922111, 145928413, 2111, 8413
9, 1537, 146017111, 146023267, 2111, 8267
9, 1538, 146112111, 146118267, 2111, 8267
9, 1539, 146207111, 146213267, 2111, 8267
9, 154, 14632111, 14640517, 2111, 10517
9, 1540, 146302111, 146311919, 2111, 11919
9, 1541, 146397111, 146403267, 2111, 8267
9, 1542, 146492111, 146498267, 2111, 8267
9, 1543, 146587111, 146593267, 2111, 8267
9, 1544, 146682111, 146688267, 2111, 8267
9, 1545, 146777111, 146783267, 2111, 8267
9, 1546, 146872111, 146878267, 2111, 8267
9, 1547, 146967111, 146973267, 2111, 8267
9, 1548, 147062111, 147068267, 2111, 8267
9, 1549, 147157111, 147163267, 2111, 8267
9, 155, 14727111, 14733267, 2111, 8267
9, 1550, 147252111, 147258267, 2111, 8267
9, 1551, 147347111, 147353267, 2111, 8267
9, 1552, 147442111, 147448267, 2111, 8267
9, 1553, 147537111, 147543267, 2111, 8267
9, 1554, 147632111, 147640517, 2111, 10517
9, 1555, 147727111, 147733267, 2111, 8267
9, 1556, 147822111, 147828267, 2111, 8267
9, 1557, 147917111, 147923267, 2111, 8267
9, 1558, 148012111, 148018267, 2111, 8267
9, 1559, 148107111, 148113267, 2111, 8267
9, 156, 14822111, 14828267, 2111, 8267
9, 1560, 148202111, 148208267, 2111, 8267
9, 1561, 148297111, 148303267, 2111, 8267
9, 1562, 148392111, 148398267, 2111, 8267
9, 1563, 148487111, 148493267, 2111, 8267
9, 1564, 148582111, 148588267, 2111, 8267
9, 1565, 148677111, 148683267, 2111, 8267
9, 1566, 148772111, 148778267, 2111, 8267
9, 1567, 148867111, 148873267, 2111, 8267
9, 1568, 148962111, 148973352, 2111, 13352
9, 1569, 149057111, 149063267, 2111, 8267
9, 157, 14917111, 14923267, 2111, 8267
9, 1570, 149152111, 149158267, 2111, 8267
9, 1571, 149247111, 149253267, 2111, 8267
9, 1572, 149342111, 149348267, 2111, 8267
9, 1573, 149437111, 149443267, 2111, 8267
9, 1574, 149532111, 149538267, 2111, 8267
9, 1575, 149627111, 149634619, 2111, 9619
9, 1576, 149722111, 149728267, 2111, 8267
9, 1577, 149817111, 149823267, 2111, 8267
9, 1578, 149912111, 149918267, 2111, 8267
9, 1579, 150007111, 150013267, 2111, 8267
9, 158, 15012111, 15018267, 2111, 8267
9, 1580, 150102111, 150108267, 2111, 8267
9, 1581, 150197111, 150203267, 2111, 8267
9, 1582, 150292111, 150300517, 2111, 10517
9, 1583, 150387111, 150393267, 2111, 8267
9, 1584, 150482111, 150488267, 2111, 8267
9, 1585, 150577111, 150583267, 2111, 8267
9, 1586, 150672111, 150678267, 2111, 8267
9, 1587, 150767111, 150773267, 2111, 8267
9, 1588, 150862111, 150868267, 2111, 8267
9, 1589, 150957111, 150963267, 2111, 8267
9, 159, 15107111, 15113267, 2111, 8267
9, 1590, 151052111, 151058267, 2111, 8267
9, 1591, 151147111, 151153267, 2111, 8267
9, 1592, 151242111, 151248267, 2111, 8267
9, 1593, 151337111, 151343267, 2111, 8267
9, 1594, 151432111, 151438267, 2111, 8267
9, 1595, 151527111, 151533267, 2111, 8267
9, 1596, 151622111, 151631340, 2111, 11340
9, 1597, 151717111, 151723267, 2111, 8267
9, 1598, 151812111, 151818267, 2111, 8267
9, 1599, 151907111, 151913267, 2111, 8267
9, 16, 1522111, 1528267, 2111, 8267
9, 160, 15202111, 15209526, 2111, 9526
9, 1600, 152002111, 152012074, 2111, 12074
9, 1601, 152097111, 152103267, 2111, 8267
9, 1602, 152192111, 152198267, 2111, 8267
9, 1603, 152287111, 152293267, 2111, 8267
9, 1604, 152382111, 152388267, 2111, 8267
9, 1605, 152477111, 152483267, 2111, 8267
9, 1606, 152572111, 152578267, 2111, 8267
9, 1607, 152667111, 152673267, 2111, 8267
9, 1608, 152762111, 152768267, 2111, 8267
9, 1609, 152857111, 152863267, 2111, 8267
9, 161, 15297111, 15303267, 2111, 8267
9, 1610, 152952111, 152961992, 2111, 11992
9, 1611, 153047111, 153053267, 2111, 8267
9, 1612, 153142111, 153148267, 2111, 8267
9, 1613, 153237111, 153243267, 2111, 8267
9, 1614, 153332111, 153338267, 2111, 8267
9, 1615, 153427111, 153433267, 2111, 8267
9, 1616, 153522111, 153528267, 2111, 8267
9, 1617, 153617111, 153623267, 2111, 8267
9, 1618, 153712111, 153718267, 2111, 8267
9, 1619, 153807111, 153813267, 2111, 8267
9, 162, 15392111, 15398267, 2111, 8267
9, 1620, 153902111, 153908267, 2111, 8267
9, 1621, 153997111, 154003267, 2111, 8267
9, 1622, 154092111, 154098267, 2111, 8267
9, 1623, 154187111, 154193267, 2111, 8267
9, 1624, 154282111, 154292980, 2111, 12980
9, 1625, 154377111, 154383267, 2111, 8267
9, 1626, 154472111, 154478267, 2111, 8267
9, 1627, 154567111, 154573267, 2111, 8267
9, 1628, 154662111, 154668267, 2111, 8267
9, 1629, 154757111, 154763267, 2111, 8267
9, 163, 15487111, 15493267, 2111, 8267
9, 1630, 154852111, 154858267, 2111, 8267
9, 1631, 154947111, 154953267, 2111, 8267
9, 1632, 155042111, 155048267, 2111, 8267
9, 1633, 155137111, 155143267, 2111, 8267
9, 1634, 155232111, 155238267, 2111, 8267
9, 1635, 155327111, 155333267, 2111, 8267
9, 1636, 155422111, 155428267, 2111, 8267
9, 1637, 155517111, 155523267, 2111, 8267
9, 1638, 155612111, 155620517, 2111, 10517
9, 1639, 155707111, 155713267, 2111, 8267
9, 164, 15582111, 15588267, 2111, 8267
9, 1640, 155802111, 155808267, 2111, 8267
9, 1641, 155897111, 155903267, 2111, 8267
9, 1642, 155992111, 155998267, 2111, 8267
9, 1643, 156087111, 156093267, 2111, 8267
9, 1644, 156182111, 156188267, 2111, 8267
9, 1645, 156277111, 156286389, 2111, 11389
9, 1646, 156372111, 156378267, 2111, 8267
9, 1647, 156467111, 156473267, 2111, 8267
9, 1648, 156562111, 156568267, 2111, 8267
9, 1649, 156657111, 156663267, 2111, 8267
9, 165, 15677111, 15683267, 2111, 8267
9, 1650, 156752111, 156758267, 2111, 8267
9, 1651, 156847111, 156853267, 2111, 8267
9, 1652, 156942111, 156950614, 2111, 10614
9, 1653, 157037111, 157043267, 2111, 8267
9, 1654, 157132111, 157138267, 2111, 8267
9, 1655, 157227111, 157233267, 2111, 8267
9, 1656, 157322111, 157328267, 2111, 8267
9, 1657, 157417111, 157423267, 2111, 8267
9, 1658, 157512111, 157518267, 2111, 8267
9, 1659, 157607111, 157613267, 2111, 8267
9, 166, 15772111, 15778267, 2111, 8267
9, 1660, 157702111, 157708267, 2111, 8267
9, 1661, 157797111, 157803267, 2111, 8267
9, 1662, 157892111, 157898267, 2111, 8267
9, 1663, 157987111, 157993267, 2111, 8267
9, 1664, 158082111, 158088267, 2111, 8267
9, 1665, 158177111, 158183267, 2111, 8267
9, 1666, 158272111, 158281340, 2111, 11340
9, 1667, 158367111, 158373267, 2111, 8267
9, 1668, 158462111, 158468267, 2111, 8267
9, 1669, 158557111, 158563267, 2111, 8267
9, 167, 15867111, 15873267, 2111, 8267
9, 1670, 158652111, 158658267, 2111, 8267
9, 1671, 158747111, 158753267, 2111, 8267
9, 1672, 158842111, 158848267, 2111, 8267
9, 1673, 158937111, 158943267, 2111, 8267
9, 1674, 159032111, 159038267, 2111, 8267
9, 1675, 159127111, 159133267, 2111, 8267
9, 1676, 159222111, 159228267, 2111, 8267
9, 1677, 159317111, 159323267, 2111, 8267
9, 1678, 159412111, 159418267, 2111, 8267
9, 1679, 159507111, 159513267, 2111, 8267
9, 168, 15962111, 15973053, 2111, 13053
9, 169, 16057111, 16063267, 2111, 8267
9, 17, 1617111, 1623267, 2111, 8267
9, 170, 16152111, 16158267, 2111, 8267
9, 171, 16247111, 16258338, 2111, 13338
9, 172, 16342111, 16348267, 2111, 8267
9, 173, 16437111, 16443267, 2111, 8267
9, 174, 16532111, 16538267, 2111, 8267
9, 175, 16627111, 16634581, 2111, 9581
9, 176, 16722111, 16728267, 2111, 8267
9, 177, 16817111, 16823267, 2111, 8267
9, 178, 16912111, 16918267, 2111, 8267
9, 179, 17007111, 17013267, 2111, 8267
9, 18, 1712111, 1718267, 2111, 8267
9, 180, 17102111, 17108267, 2111, 8267
9, 181, 17197111, 17203267, 2111, 8267
9, 182, 17292111, 17300614, 2111, 10614
9, 183, 17387111, 17393267, 2111, 8267
9, 184, 17482111, 17488267, 2111, 8267
9, 185, 17577111, 17583267, 2111, 8267
9, 186, 17672111, 17678267, 2111, 8267
9, 187, 17767111, 17773267, 2111, 8267
9, 188, 17862111, 17868267, 2111, 8267
9, 189, 17957111, 17963267, 2111, 8267
9, 19, 1807111, 1813267, 2111, 8267
9, 190, 18052111, 18058267, 2111, 8267
9, 191, 18147111, 18153267, 2111, 8267
9, 192, 18242111, 18248413, 2111, 8413
9, 193, 18337111, 18343267, 2111, 8267
9, 194, 18432111, 18438267, 2111, 8267
9, 195, 18527111, 18533267, 2111, 8267
9, 196, 18622111, 18631340, 2111, 11340
9, 197, 18717111, 18723267, 2111, 8267
9, 198, 18812111, 18818267, 2111, 8267
9, 199, 18907111, 18913267, 2111, 8267
9, 2, 192111, 198267, 2111, 8267
9, 20, 1902111, 1908267, 2111, 8267
9, 200, 19002111, 19008267, 2111, 8267
9, 201, 19097111, 19103267, 2111, 8267
9, 202, 19192111, 19198267, 2111, 8267
9, 203, 19287111, 19293267, 2111, 8267
9, 204, 19382111, 19388267, 2111, 8267
9, 205, 19477111, 19483267, 2111, 8267
9, 206, 19572111, 19578267, 2111, 8267
9, 207, 19667111, 19673267, 2111, 8267
9, 208, 19762111, 19768267, 2111, 8267
9, 209, 19857111, 19863267, 2111, 8267
9, 21, 1997111, 2003267, 2111, 8267
9, 210, 19952111, 19962054, 2111, 12054
9, 211, 20047111, 20053267, 2111, 8267
9, 212, 20142111, 20148267, 2111, 8267
9, 213, 20237111, 20243267, 2111, 8267
9, 214, 20332111, 20338267, 2111, 8267
9, 215, 20427111, 20433267, 2111, 8267
9, 216, 20522111, 20528267, 2111, 8267
9, 217, 20617111, 20623267, 2111, 8267
9, 218, 20712111, 20718267, 2111, 8267
9, 219, 20807111, 20813267, 2111, 8267
9, 22, 2092111, 2098267, 2111, 8267
9, 220, 20902111, 20908267, 2111, 8267
9, 221, 20997111, 21003267, 2111, 8267
9, 222, 21092111, 21098267, 2111, 8267
9, 223, 21187111, 21193267, 2111, 8267
9, 224, 21282111, 21293352, 2111, 13352
9, 225, 21377111, 21383267, 2111, 8267
9, 226, 21472111, 21478267, 2111, 8267
9, 227, 21567111, 21573267, 2111, 8267
9, 228, 21662111, 21668267, 2111, 8267
9, 229, 21757111, 21763267, 2111, 8267
9, 23, 2187111, 2193267, 2111, 8267
9, 230, 21852111, 21858267, 2111, 8267
9, 231, 21947111, 21953267, 2111, 8267
9, 232, 22042111, 22048267, 2111, 8267
9, 233, 22137111, 22143267, 2111, 8267
9, 234, 22232111, 22238267, 2111, 8267
9, 235, 22327111, 22333267, 2111, 8267
9, 236, 22422111, 22428267, 2111, 8267
9, 237, 22517111, 22523267, 2111, 8267
9, 238, 22612111, 22620517, 2111, 10517
9, 239, 22707111, 22713267, 2111, 8267
9, 24, 2282111, 2288267, 2111, 8267
9, 240, 22802111, 22809721, 2111, 9721
9, 241, 22897111, 22903267, 2111, 8267
9, 242, 22992111, 22998267, 2111, 8267
9, 243, 23087111, 23093267, 2111, 8267
9, 244, 23182111, 23188267, 2111, 8267
9, 245, 23277111, 23287392, 2111, 12392
9, 246, 23372111, 23378267, 2111, 8267
9, 247, 23467111, 23473267, 2111, 8267
9, 248, 23562111, 23568267, 2111, 8267
9, 249, 23657111, 23663267, 2111, 8267
9, 25, 2377111, 2383267, 2111, 8267
9, 250, 23752111, 23758267, 2111, 8267
9, 251, 23847111, 23853267, 2111, 8267
9, 252, 23942111, 23950517, 2111, 10517
9, 253, 24037111, 24043267, 2111, 8267
9, 254, 24132111, 24138267, 2111, 8267
9, 255, 24227111, 24233267, 2111, 8267
9, 256, 24322111, 24328267, 2111, 8267
9, 257, 24417111, 24423267, 2111, 8267
9, 258, 24512111, 24518267, 2111, 8267
9, 259, 24607111, 24613267, 2111, 8267
9, 26, 2472111, 2478267, 2111, 8267
9, 260, 24702111, 24708267, 2111, 8267
9, 261, 24797111, 24803267, 2111, 8267
9, 262, 24892111, 24898267, 2111, 8267
9, 263, 24987111, 24993267, 2111, 8267
9, 264, 25082111, 25088267, 2111, 8267
9, 265, 25177111, 25183267, 2111, 8267
9, 266, 25272111, 25281438, 2111, 11438
9, 267, 25367111, 25373267, 2111, 8267
9, 268, 25462111, 25468267, 2111, 8267
9, 269, 25557111, 25563267, 2111, 8267
9, 27, 2567111, 2573267, 2111, 8267
9, 270, 25652111, 25658267, 2111, 8267
9, 271, 25747111, 25753267, 2111, 8267
9, 272, 25842111, 25848267, 2111, 8267
9, 273, 25937111, 25943267, 2111, 8267
9, 274, 26032111, 26038267, 2111, 8267
9, 275, 26127111, 26133267, 2111, 8267
9, 276, 26222111, 26228267, 2111, 8267
9, 277, 26317111, 26323267, 2111, 8267
9, 278, 26412111, 26418267, 2111, 8267
9, 279, 26507111, 26513267, 2111, 8267
9, 28, 2662111, 2670517, 2111, 10517
9, 280, 26602111, 26614146, 2111, 14146
9, 281, 26697111, 26703267, 2111, 8267
9, 282, 26792111, 26798267, 2111, 8267
9, 283, 26887111, 26893267, 2111, 8267
9, 284, 26982111, 26988267, 2111, 8267
9, 285, 27077111, 27083267, 2111, 8267
9, 286, 27172111, 27178267, 2111, 8267
9, 287, 27267111, 27273267, 2111, 8267
9, 288, 27362111, 27368267, 2111, 8267
9, 289, 27457111, 27463267, 2111, 8267
9, 29, 2757111, 2763267, 2111, 8267
9, 290, 27552111, 27558267, 2111, 8267
9, 291, 27647111, 27653267, 2111, 8267
9, 292, 27742111, 27748267, 2111, 8267
9, 293, 27837111, 27843267, 2111, 8267
9, 294, 27932111, 27940517, 2111, 10517
9, 295, 28027111, 28033267, 2111, 8267
9, 296, 28122111, 28128267, 2111, 8267
9, 297, 28217111, 28223267, 2111, 8267
9, 298, 28312111, 28318267, 2111, 8267
9, 299, 28407111, 28413267, 2111, 8267
9, 3, 287111, 293267, 2111, 8267
9, 30, 2852111, 2858267, 2111, 8267
9, 300, 28502111, 28508267, 2111, 8267
9, 301, 28597111, 28603267, 2111, 8267
9, 302, 28692111, 28698267, 2111, 8267
9, 303, 28787111, 28793267, 2111, 8267
9, 304, 28882111, 28888267, 2111, 8267
9, 305, 28977111, 28983267, 2111, 8267
9, 306, 29072111, 29078267, 2111, 8267
9, 307, 29167111, 29173267, 2111, 8267
9, 308, 29262111, 29270614, 2111, 10614
9, 309, 29357111, 29363267, 2111, 8267
9, 31, 2947111, 2953267, 2111, 8267
9, 310, 29452111, 29458267, 2111, 8267
9, 311, 29547111, 29553267, 2111, 8267
9, 312, 29642111, 29648267, 2111, 8267
9, 313, 29737111, 29743267, 2111, 8267
9, 314, 29832111, 29838267, 2111, 8267
9, 315, 29927111, 29935126, 2111, 10126
9, 316, 30022111, 30028267, 2111, 8267
9, 317, 30117111, 30123267, 2111, 8267
9, 318, 30212111, 30218267, 2111, 8267
9, 319, 30307111, 30313267, 2111, 8267
9, 32, 3042111, 3048267, 2111, 8267
9, 320, 30402111, 30409623, 2111, 9623
9, 321, 30497111, 30503267, 2111, 8267
9, 322, 30592111, 30600517, 2111, 10517
9, 323, 30687111, 30693267, 2111, 8267
9, 324, 30782111, 30788267, 2111, 8267
9, 325, 30877111, 30883267, 2111, 8267
9, 326, 30972111, 30978267, 2111, 8267
9, 327, 31067111, 31073267, 2111, 8267
9, 328, 31162111, 31168267, 2111, 8267
9, 329, 31257111, 31263267, 2111, 8267
9, 33, 3137111, 3143267, 2111, 8267
9, 330, 31352111, 31358267, 2111, 8267
9, 331, 31447111, 31453267, 2111, 8267
9, 332, 31542111, 31548267, 2111, 8267
9, 333, 31637111, 31643267, 2111, 8267
9, 334, 31732111, 31738267, 2111, 8267
9, 335, 31827111, 31833267, 2111, 8267
9, 336, 31922111, 31934843, 2111, 14843
9, 337, 32017111, 32023267, 2111, 8267
9, 338, 32112111, 32118267, 2111, 8267
9, 339, 32207111, 32213267, 2111, 8267
9, 34, 3232111, 3238267, 2111, 8267
9, 340, 32302111, 32308267, 2111, 8267
9, 341, 32397111, 32403267, 2111, 8267
9, 342, 32492111, 32498267, 2111, 8267
9, 343, 32587111, 32593267, 2111, 8267
9, 344, 32682111, 32688267, 2111, 8267
9, 345, 32777111, 32783267, 2111, 8267
9, 346, 32872111, 32878267, 2111, 8267
9, 347, 32967111, 32973267, 2111, 8267
9, 348, 33062111, 33068267, 2111, 8267
9, 349, 33157111, 33163267, 2111, 8267
9, 35, 3327111, 3334754, 2111, 9754
9, 350, 33252111, 33261992, 2111, 11992
9, 351, 33347111, 33353267, 2111, 8267
9, 352, 33442111, 33448267, 2111, 8267
9, 353, 33537111, 33543267, 2111, 8267
9, 354, 33632111, 33638267, 2111, 8267
9, 355, 33727111, 33733267, 2111, 8267
9, 356, 33822111, 33828267, 2111, 8267
9, 357, 33917111, 33923267, 2111, 8267
9, 358, 34012111, 34018267, 2111, 8267
9, 359, 34107111, 34113267, 2111, 8267
9, 36, 3422111, 3428267, 2111, 8267
9, 360, 34202111, 34208413, 2111, 8413
9, 361, 34297111, 34303267, 2111, 8267
9, 362, 34392111, 34398267, 2111, 8267
9, 363, 34487111, 34493267, 2111, 8267
9, 364, 34582111, 34590517, 2111, 10517
9, 365, 34677111, 34683267, 2111, 8267
9, 366, 34772111, 34778267, 2111, 8267
9, 367, 34867111, 34873267, 2111, 8267
9, 368, 34962111, 34968267, 2111, 8267
9, 369, 35057111, 35063267, 2111, 8267
9, 37, 3517111, 3523267, 2111, 8267
9, 370, 35152111, 35158267, 2111, 8267
9, 371, 35247111, 35253267, 2111, 8267
9, 372, 35342111, 35348267, 2111, 8267
9, 373, 35437111, 35443267, 2111, 8267
9, 374, 35532111, 35538267, 2111, 8267
9, 375, 35627111, 35633267, 2111, 8267
9, 376, 35722111, 35728267, 2111, 8267
9, 377, 35817111, 35823267, 2111, 8267
9, 378, 35912111, 35920517, 2111, 10517
9, 379, 36007111, 36013267, 2111, 8267
9, 38, 3612111, 3618267, 2111, 8267
9, 380, 36102111, 36108267, 2111, 8267
9, 381, 36197111, 36203267, 2111, 8267
9, 382, 36292111, 36298267, 2111, 8267
9, 383, 36387111, 36393267, 2111, 8267
9, 384, 36482111, 36488267, 2111, 8267
9, 385, 36577111, 36584581, 2111, 9581
9, 386, 36672111, 36678267, 2111, 8267
9, 387, 36767111, 36773267, 2111, 8267
9, 388, 36862111, 36868267, 2111, 8267
9, 389, 36957111, 36963267, 2111, 8267
9, 39, 3707111, 3713267, 2111, 8267
9, 390, 37052111, 37058267, 2111, 8267
9, 391, 37147111, 37153267, 2111, 8267
9, 392, 37242111, 37253053, 2111, 13053
9, 393, 37337111, 37343267, 2111, 8267
9, 394, 37432111, 37438267, 2111, 8267
9, 395, 37527111, 37539663, 2111, 14663
9, 396, 37622111, 37628267, 2111, 8267
9, 397, 37717111, 37723267, 2111, 8267
9, 398, 37812111, 37818267, 2111, 8267
9, 399, 37907111, 37913267, 2111, 8267
9, 4, 382111, 388267, 2111, 8267
9, 40, 3802111, 3808267, 2111, 8267
9, 400, 38002111, 38009526, 2111, 9526
9, 401, 38097111, 38103267, 2111, 8267
9, 402, 38192111, 38198267, 2111, 8267
9, 403, 38287111, 38293267, 2111, 8267
9, 404, 38382111, 38388267, 2111, 8267
9, 405, 38477111, 38483267, 2111, 8267
9, 406, 38572111, 38581340, 2111, 11340
9, 407, 38667111, 38673267, 2111, 8267
9, 408, 38762111, 38768267, 2111, 8267
9, 409, 38857111, 38863267, 2111, 8267
9, 41, 3897111, 3903267, 2111, 8267
9, 410, 38952111, 38958267, 2111, 8267
9, 411, 39047111, 39053267, 2111, 8267
9, 412, 39142111, 39148267, 2111, 8267
9, 413, 39237111, 39243267, 2111, 8267
9, 414, 39332111, 39338267, 2111, 8267
9, 415, 39427111, 39433267, 2111, 8267
9, 416, 39522111, 39528267, 2111, 8267
9, 417, 39617111, 39623267, 2111, 8267
9, 418, 39712111, 39718267, 2111, 8267
9, 419, 39807111, 39813267, 2111, 8267
9, 42, 3992111, 4000517, 2111, 10517
9, 420, 39902111, 39912054, 2111, 12054
9, 421, 39997111, 40003267, 2111, 8267
9, 422, 40092111, 40098267, 2111, 8267
9, 423, 40187111, 40193267, 2111, 8267
9, 424, 40282111, 40288267, 2111, 8267
9, 425, 40377111, 40383267, 2111, 8267
9, 426, 40472111, 40478267, 2111, 8267
9, 427, 40567111, 40573267, 2111, 8267
9, 428, 40662111, 40668267, 2111, 8267
9, 429, 40757111, 40763267, 2111, 8267
9, 43, 4087111, 4093267, 2111, 8267
9, 430, 40852111, 40858267, 2111, 8267
9, 431, 40947111, 40953267, 2111, 8267
9, 432, 41042111, 41048267, 2111, 8267
9, 433, 41137111, 41143267, 2111, 8267
9, 434, 41232111, 41240614, 2111, 10614
9, 435, 41327111, 41333267, 2111, 8267
9, 436, 41422111, 41428267, 2111, 8267
9, 437, 41517111, 41523267, 2111, 8267
9, 438, 41612111, 41618267, 2111, 8267
9, 439, 41707111, 41713267, 2111, 8267
9, 44, 4182111, 4188267, 2111, 8267
9, 440, 41802111, 41808267, 2111, 8267
9, 441, 41897111, 41903267, 2111, 8267
9, 442, 41992111, 41998267, 2111, 8267
9, 443, 42087111, 42093267, 2111, 8267
9, 444, 42182111, 42188267, 2111, 8267
9, 445, 42277111, 42283267, 2111, 8267
9, 446, 42372111, 42378267, 2111, 8267
9, 447, 42467111, 42473267, 2111, 8267
9, 448, 42562111, 42574226, 2111, 14226
9, 449, 42657111, 42663267, 2111, 8267
9, 45, 4277111, 4283267, 2111, 8267
9, 450, 42752111, 42758267, 2111, 8267
9, 451, 42847111, 42853267, 2111, 8267
9, 452, 42942111, 42948267, 2111, 8267
9, 453, 43037111, 43043267, 2111, 8267
9, 454, 43132111, 43138267, 2111, 8267
9, 455, 43227111, 43234679, 2111, 9679
9, 456, 43322111, 43328267, 2111, 8267
9, 457, 43417111, 43423267, 2111, 8267
9, 458, 43512111, 43518267, 2111, 8267
9, 459, 43607111, 43613267, 2111, 8267
9, 46, 4372111, 4378267, 2111, 8267
9, 460, 43702111, 43708267, 2111, 8267
9, 461, 43797111, 43803267, 2111, 8267
9, 462, 43892111, 43900517, 2111, 10517
9, 463, 43987111, 43993267, 2111, 8267
9, 464, 44082111, 44088267, 2111, 8267
9, 465, 44177111, 44183267, 2111, 8267
9, 466, 44272111, 44278267, 2111, 8267
9, 467, 44367111, 44373267, 2111, 8267
9, 468, 44462111, 44468267, 2111, 8267
9, 469, 44557111, 44563267, 2111, 8267
9, 47, 4467111, 4473267, 2111, 8267
9, 470, 44652111, 44658267, 2111, 8267
9, 471, 44747111, 44753267, 2111, 8267
9, 472, 44842111, 44848267, 2111, 8267
9, 473, 44937111, 44943267, 2111, 8267
9, 474, 45032111, 45038267, 2111, 8267
9, 475, 45127111, 45133267, 2111, 8267
9, 476, 45222111, 45231438, 2111, 11438
9, 477, 45317111, 45323267, 2111, 8267
9, 478, 45412111, 45418267, 2111, 8267
9, 479, 45507111, 45513267, 2111, 8267
9, 48, 4562111, 4568267, 2111, 8267
9, 480, 45602111, 45612269, 2111, 12269
9, 481, 45697111, 45703267, 2111, 8267
9, 482, 45792111, 45798267, 2111, 8267
9, 483, 45887111, 45893267, 2111, 8267
9, 484, 45982111, 45988267, 2111, 8267
9, 485, 46077111, 46083267, 2111, 8267
9, 486, 46172111, 46178267, 2111, 8267
9, 487, 46267111, 46273267, 2111, 8267
9, 488, 46362111, 46368267, 2111, 8267
9, 489, 46457111, 46463267, 2111, 8267
9, 49, 4657111, 4663267, 2111, 8267
9, 490, 46552111, 46561919, 2111, 11919
9, 491, 46647111, 46653267, 2111, 8267
9, 492, 46742111, 46748267, 2111, 8267
9, 493, 46837111, 46843267, 2111, 8267
9, 494, 46932111, 46938267, 2111, 8267
9, 495, 47027111, 47033267, 2111, 8267
9, 496, 47122111, 47128267, 2111, 8267
9, 497, 47217111, 47223267, 2111, 8267
9, 498, 47312111, 47318267, 2111, 8267
9, 499, 47407111, 47413267, 2111, 8267
9, 5, 477111, 483267, 2111, 8267
9, 50, 4752111, 4758267, 2111, 8267
9, 500, 47502111, 47508267, 2111, 8267
9, 501, 47597111, 47603267, 2111, 8267
9, 502, 47692111, 47698267, 2111, 8267
9, 503, 47787111, 47793267, 2111, 8267
9, 504, 47882111, 47893053, 2111, 13053
9, 505, 47977111, 47983267, 2111, 8267
9, 506, 48072111, 48078267, 2111, 8267
9, 507, 48167111, 48177650, 2111, 12650
9, 508, 48262111, 48268267, 2111, 8267
9, 509, 48357111, 48363267, 2111, 8267
9, 51, 4847111, 4853267, 2111, 8267
9, 510, 48452111, 48458267, 2111, 8267
9, 511, 48547111, 48553267, 2111, 8267
9, 512, 48642111, 48648267, 2111, 8267
9, 513, 48737111, 48743267, 2111, 8267
9, 514, 48832111, 48838267, 2111, 8267
9, 515, 48927111, 48933267, 2111, 8267
9, 516, 49022111, 49028267, 2111, 8267
9, 517, 49117111, 49123267, 2111, 8267
9, 518, 49212111, 49220614, 2111, 10614
9, 519, 49307111, 49313267, 2111, 8267
9, 52, 4942111, 4948267, 2111, 8267
9, 520, 49402111, 49408267, 2111, 8267
9, 521, 49497111, 49503267, 2111, 8267
9, 522, 49592111, 49598267, 2111, 8267
9, 523, 49687111, 49693267, 2111, 8267
9, 524, 49782111, 49788267, 2111, 8267
9, 525, 49877111, 49886427, 2111, 11427
9, 526, 49972111, 49978267, 2111, 8267
9, 527, 50067111, 50073267, 2111, 8267
9, 528, 50162111, 50168413, 2111, 8413
9, 529, 50257111, 50263267, 2111, 8267
9, 53, 5037111, 5043267, 2111, 8267
9, 530, 50352111, 50358267, 2111, 8267
9, 531, 50447111, 50453267, 2111, 8267
9, 532, 50542111, 50550517, 2111, 10517
9, 533, 50637111, 50643267, 2111, 8267
9, 534, 50732111, 50738267, 2111, 8267
9, 535, 50827111, 50833267, 2111, 8267
9, 536, 50922111, 50928267, 2111, 8267
9, 537, 51017111, 51023267, 2111, 8267
9, 538, 51112111, 51118267, 2111, 8267
9, 539, 51207111, 51213267, 2111, 8267
9, 54, 5132111, 5138267, 2111, 8267
9, 540, 51302111, 51308267, 2111, 8267
9, 541, 51397111, 51403267, 2111, 8267
9, 542, 51492111, 51498267, 2111, 8267
9, 543, 51587111, 51593267, 2111, 8267
9, 544, 51682111, 51688267, 2111, 8267
9, 545, 51777111, 51783267, 2111, 8267
9, 546, 51872111, 51881340, 2111, 11340
9, 547, 51967111, 51973267, 2111, 8267
9, 548, 52062111, 52068267, 2111, 8267
9, 549, 52157111, 52163267, 2111, 8267
9, 55, 5227111, 5233267, 2111, 8267
9, 550, 52252111, 52258267, 2111, 8267
9, 551, 52347111, 52353267, 2111, 8267
9, 552, 52442111, 52448267, 2111, 8267
9, 553, 52537111, 52543267, 2111, 8267
9, 554, 52632111, 52638267, 2111, 8267
9, 555, 52727111, 52733267, 2111, 8267
9, 556, 52822111, 52828267, 2111, 8267
9, 557, 52917111, 52923267, 2111, 8267
9, 558, 53012111, 53018267, 2111, 8267
9, 559, 53107111, 53113267, 2111, 8267
9, 56, 5322111, 5334146, 2111, 14146
9, 560, 53202111, 53213380, 2111, 13380
9, 561, 53297111, 53303267, 2111, 8267
9, 562, 53392111, 53398267, 2111, 8267
9, 563, 53487111, 53493267, 2111, 8267
9, 564, 53582111, 53588267, 2111, 8267
9, 565, 53677111, 53683267, 2111, 8267
9, 566, 53772111, 53778267, 2111, 8267
9, 567, 53867111, 53873267, 2111, 8267
9, 568, 53962111, 53968267, 2111, 8267
9, 569, 54057111, 54063267, 2111, 8267
9, 57, 5417111, 5423267, 2111, 8267
9, 570, 54152111, 54158267, 2111, 8267
9, 571, 54247111, 54253267, 2111, 8267
9, 572, 54342111, 54348267, 2111, 8267
9, 573, 54437111, 54443267, 2111, 8267
9, 574, 54532111, 54540517, 2111, 10517
9, 575, 54627111, 54633267, 2111, 8267
9, 576, 54722111, 54728267, 2111, 8267
9, 577, 54817111, 54823267, 2111, 8267
9, 578, 54912111, 54918267, 2111, 8267
9, 579, 55007111, 55013267, 2111, 8267
9, 58, 5512111, 5518267, 2111, 8267
9, 580, 55102111, 55108267, 2111, 8267
9, 581, 55197111, 55203267, 2111, 8267
9, 582, 55292111, 55298267, 2111, 8267
9, 583, 55387111, 55393267, 2111, 8267
9, 584, 55482111, 55488267, 2111, 8267
9, 585, 55577111, 55583267, 2111, 8267
9, 586, 55672111, 55678267, 2111, 8267
9, 587, 55767111, 55773267, 2111, 8267
9, 588, 55862111, 55870517, 2111, 10517
9, 589, 55957111, 55963267, 2111, 8267
9, 59, 5607111, 5613267, 2111, 8267
9, 590, 56052111, 56058267, 2111, 8267
9, 591, 56147111, 56153267, 2111, 8267
9, 592, 56242111, 56248267, 2111, 8267
9, 593, 56337111, 56343267, 2111, 8267
9, 594, 56432111, 56438267, 2111, 8267
9, 595, 56527111, 56534656, 2111, 9656
9, 596, 56622111, 56628267, 2111, 8267
9, 597, 56717111, 56723267, 2111, 8267
9, 598, 56812111, 56818267, 2111, 8267
9, 599, 56907111, 56913267, 2111, 8267
9, 6, 572111, 578267, 2111, 8267
9, 60, 5702111, 5708267, 2111, 8267
9, 600, 57002111, 57008267, 2111, 8267
9, 601, 57097111, 57103267, 2111, 8267
9, 602, 57192111, 57200614, 2111, 10614
9, 603, 57287111, 57293267, 2111, 8267
9, 604, 57382111, 57388267, 2111, 8267
9, 605, 57477111, 57483267, 2111, 8267
9, 606, 57572111, 57578267, 2111, 8267
9, 607, 57667111, 57673267, 2111, 8267
9, 608, 57762111, 57768267, 2111, 8267
9, 609, 57857111, 57863267, 2111, 8267
9, 61, 5797111, 5803267, 2111, 8267
9, 610, 57952111, 57958267, 2111, 8267
9, 611, 58047111, 58053267, 2111, 8267
9, 612, 58142111, 58148267, 2111, 8267
9, 613, 58237111, 58243267, 2111, 8267
9, 614, 58332111, 58338267, 2111, 8267
9, 615, 58427111, 58433267, 2111, 8267
9, 616, 58522111, 58534146, 2111, 14146
9, 617, 58617111, 58623267, 2111, 8267
9, 618, 58712111, 58718267, 2111, 8267
9, 619, 58807111, 58813267, 2111, 8267
9, 62, 5892111, 5898267, 2111, 8267
9, 620, 58902111, 58908267, 2111, 8267
9, 621, 58997111, 59003267, 2111, 8267
9, 622, 59092111, 59098267, 2111, 8267
9, 623, 59187111, 59193267, 2111, 8267
9, 624, 59282111, 59288267, 2111, 8267
9, 625, 59377111, 59383267, 2111, 8267
9, 626, 59472111, 59478267, 2111, 8267
9, 627, 59567111, 59573267, 2111, 8267
9, 628, 59662111, 59668267, 2111, 8267
9, 629, 59757111, 59763267, 2111, 8267
9, 63, 5987111, 5993267, 2111, 8267
9, 630, 59852111, 59862054, 2111, 12054
9, 631, 59947111, 59953267, 2111, 8267
9, 632, 60042111, 60048267, 2111, 8267
9, 633, 60137111, 60143267, 2111, 8267
9, 634, 60232111, 60238267, 2111, 8267
9, 635, 60327111, 60333267, 2111, 8267
9, 636, 60422111, 60428267, 2111, 8267
9, 637, 60517111, 60523267, 2111, 8267
9, 638, 60612111, 60618267, 2111, 8267
9, 639, 60707111, 60713267, 2111, 8267
9, 64, 6082111, 6088267, 2111, 8267
9, 640, 60802111, 60810060, 2111, 10060
9, 641, 60897111, 60903267, 2111, 8267
9, 642, 60992111, 60998267, 2111, 8267
9, 643, 61087111, 61093267, 2111, 8267
9, 644, 61182111, 61190614, 2111, 10614
9, 645, 61277111, 61283267, 2111, 8267
9, 646, 61372111, 61378267, 2111, 8267
9, 647, 61467111, 61473267, 2111, 8267
9, 648, 61562111, 61568267, 2111, 8267
9, 649, 61657111, 61663267, 2111, 8267
9, 65, 6177111, 6183267, 2111, 8267
9, 650, 61752111, 61758267, 2111, 8267
9, 651, 61847111, 61853267, 2111, 8267
9, 652, 61942111, 61948267, 2111, 8267
9, 653, 62037111, 62043267, 2111, 8267
9, 654, 62132111, 62138267, 2111, 8267
9, 655, 62227111, 62233267, 2111, 8267
9, 656, 62322111, 62328267, 2111, 8267
9, 657, 62417111, 62423267, 2111, 8267
9, 658, 62512111, 62520517, 2111, 10517
9, 659, 62607111, 62613267, 2111, 8267
9, 66, 6272111, 6278267, 2111, 8267
9, 660, 62702111, 62708267, 2111, 8267
9, 661, 62797111, 62803267, 2111, 8267
9, 662, 62892111, 62898267, 2111, 8267
9, 663, 62987111, 62993267, 2111, 8267
9, 664, 63082111, 63088267, 2111, 8267
9, 665, 63177111, 63184679, 2111, 9679
9, 666, 63272111, 63278267, 2111, 8267
9, 667, 63367111, 63373267, 2111, 8267
9, 668, 63462111, 63468267, 2111, 8267
9, 669, 63557111, 63563267, 2111, 8267
9, 67, 6367111, 6373267, 2111, 8267
9, 670, 63652111, 63658267, 2111, 8267
9, 671, 63747111, 63753267, 2111, 8267
9, 672, 63842111, 63854843, 2111, 14843
9, 673, 63937111, 63943267, 2111, 8267
9, 674, 64032111, 64038267, 2111, 8267
9, 675, 64127111, 64135398, 2111, 10398
9, 676, 64222111, 64228267, 2111, 8267
9, 677, 64317111, 64323267, 2111, 8267
9, 678, 64412111, 64418267, 2111, 8267
9, 679, 64507111, 64513267, 2111, 8267
9, 68, 6462111, 6468267, 2111, 8267
9, 680, 64602111, 64608267, 2111, 8267
9, 681, 64697111, 64703267, 2111, 8267
9, 682, 64792111, 64798267, 2111, 8267
9, 683, 64887111, 64893267, 2111, 8267
9, 684, 64982111, 64988267, 2111, 8267
9, 685, 65077111, 65083267, 2111, 8267
9, 686, 65172111, 65181438, 2111, 11438
9, 687, 65267111, 65273267, 2111, 8267
9, 688, 65362111, 65368267, 2111, 8267
9, 689, 65457111, 65463267, 2111, 8267
9, 69, 6557111, 6563267, 2111, 8267
9, 690, 65552111, 65558267, 2111, 8267
9, 691, 65647111, 65653267, 2111, 8267
9, 692, 65742111, 65748267, 2111, 8267
9, 693, 65837111, 65843267, 2111, 8267
9, 694, 65932111, 65938267, 2111, 8267
9, 695, 66027111, 66033267, 2111, 8267
9, 696, 66122111, 66128267, 2111, 8267
9, 697, 66217111, 66223267, 2111, 8267
9, 698, 66312111, 66318267, 2111, 8267
9, 699, 66407111, 66413267, 2111, 8267
9, 7, 667111, 673267, 2111, 8267
9, 70, 6652111, 6661919, 2111, 11919
9, 700, 66502111, 66511919, 2111, 11919
9, 701, 66597111, 66603267, 2111, 8267
9, 702, 66692111, 66698267, 2111, 8267
9, 703, 66787111, 66793267, 2111, 8267
9, 704, 66882111, 66888267, 2111, 8267
9, 705, 66977111, 66983267, 2111, 8267
9, 706, 67072111, 67078267, 2111, 8267
9, 707, 67167111, 67173267, 2111, 8267
9, 708, 67262111, 67268267, 2111, 8267
9, 709, 67357111, 67363267, 2111, 8267
9, 71, 6747111, 6753267, 2111, 8267
9, 710, 67452111, 67458267, 2111, 8267
9, 711, 67547111, 67553267, 2111, 8267
9, 712, 67642111, 67648267, 2111, 8267
9, 713, 67737111, 67743267, 2111, 8267
9, 714, 67832111, 67840517, 2111, 10517
9, 715, 67927111, 67933267, 2111, 8267
9, 716, 68022111, 68028267, 2111, 8267
9, 717, 68117111, 68123267, 2111, 8267
9, 718, 68212111, 68218267, 2111, 8267
9, 719, 68307111, 68313267, 2111, 8267
9, 72, 6842111, 6848267, 2111, 8267
9, 720, 68402111, 68409721, 2111, 9721
9, 721, 68497111, 68503267, 2111, 8267
9, 722, 68592111, 68598267, 2111, 8267
9, 723, 68687111, 68693267, 2111, 8267
9, 724, 68782111, 68788267, 2111, 8267
9, 725, 68877111, 68883267, 2111, 8267
9, 726, 68972111, 68978267, 2111, 8267
9, 727, 69067111, 69073267, 2111, 8267
9, 728, 69162111, 69173053, 2111, 13053
9, 729, 69257111, 69263267, 2111, 8267
9, 73, 6937111, 6943267, 2111, 8267
9, 730, 69352111, 69358267, 2111, 8267
9, 731, 69447111, 69453267, 2111, 8267
9, 732, 69542111, 69548267, 2111, 8267
9, 733, 69637111, 69643267, 2111, 8267
9, 734, 69732111, 69738267, 2111, 8267
9, 735, 69827111, 69834619, 2111, 9619
9, 736, 69922111, 69928267, 2111, 8267
9, 737, 70017111, 70023267, 2111, 8267
9, 738, 70112111, 70118267, 2111, 8267
9, 739, 70207111, 70213267, 2111, 8267
9, 74, 7032111, 7038267, 2111, 8267
9, 740, 70302111, 70308267, 2111, 8267
9, 741, 70397111, 70403267, 2111, 8267
9, 742, 70492111, 70500517, 2111, 10517
9, 743, 70587111, 70593267, 2111, 8267
9, 744, 70682111, 70688267, 2111, 8267
9, 745, 70777111, 70783267, 2111, 8267
9, 746, 70872111, 70878267, 2111, 8267
9, 747, 70967111, 70973267, 2111, 8267
9, 748, 71062111, 71068267, 2111, 8267
9, 749, 71157111, 71163267, 2111, 8267
9, 75, 7127111, 7133267, 2111, 8267
9, 750, 71252111, 71258267, 2111, 8267
9, 751, 71347111, 71353267, 2111, 8267
9, 752, 71442111, 71448267, 2111, 8267
9, 753, 71537111, 71543267, 2111, 8267
9, 754, 71632111, 71638267, 2111, 8267
9, 755, 71727111, 71733267, 2111, 8267
9, 756, 71822111, 71831340, 2111, 11340
9, 757, 71917111, 71923267, 2111, 8267
9, 758, 72012111, 72018267, 2111, 8267
9, 759, 72107111, 72113267, 2111, 8267
9, 76, 7222111, 7228267, 2111, 8267
9, 760, 72202111, 72208267, 2111, 8267
9, 761, 72297111, 72303267, 2111, 8267
9, 762, 72392111, 72398267, 2111, 8267
9, 763, 72487111, 72493267, 2111, 8267
9, 764, 72582111, 72588267, 2111, 8267
9, 765, 72677111, 72683267, 2111, 8267
9, 766, 72772111, 72778267, 2111, 8267
9, 767, 72867111, 72873267, 2111, 8267
9, 768, 72962111, 72968267, 2111, 8267
9, 769, 73057111, 73063267, 2111, 8267
9, 77, 7317111, 7323267, 2111, 8267
9, 770, 73152111, 73161992, 2111, 11992
9, 771, 73247111, 73253267, 2111, 8267
9, 772, 73342111, 73348267, 2111, 8267
9, 773, 73437111, 73443267, 2111, 8267
9, 774, 73532111, 73538267, 2111, 8267
9, 775, 73627111, 73633267, 2111, 8267
9, 776, 73722111, 73728267, 2111, 8267
9, 777, 73817111, 73823267, 2111, 8267
9, 778, 73912111, 73918267, 2111, 8267
9, 779, 74007111, 74013267, 2111, 8267
9, 78, 7412111, 7418267, 2111, 8267
9, 780, 74102111, 74108267, 2111, 8267
9, 781, 74197111, 74203267, 2111, 8267
9, 782, 74292111, 74298267, 2111, 8267
9, 783, 74387111, 74393267, 2111, 8267
9, 784, 74482111, 74494226, 2111, 14226
9, 785, 74577111, 74583267, 2111, 8267
9, 786, 74672111, 74678267, 2111, 8267
9, 787, 74767111, 74773267, 2111, 8267
9, 788, 74862111, 74868267, 2111, 8267
9, 789, 74957111, 74963267, 2111, 8267
9, 79, 7507111, 7513267, 2111, 8267
9, 790, 75052111, 75058267, 2111, 8267
9, 791, 75147111, 75153267, 2111, 8267
9, 792, 75242111, 75248267, 2111, 8267
9, 793, 75337111, 75343267, 2111, 8267
9, 794, 75432111, 75438267, 2111, 8267
9, 795, 75527111, 75533267, 2111, 8267
9, 796, 75622111, 75628267, 2111, 8267
9, 797, 75717111, 75723267, 2111, 8267
9, 798, 75812111, 75820517, 2111, 10517
9, 799, 75907111, 75913267, 2111, 8267
9, 8, 762111, 768267, 2111, 8267
9, 80, 7602111, 7610157, 2111, 10157
9, 800, 76002111, 76009623, 2111, 9623
9, 801, 76097111, 76103267, 2111, 8267
9, 802, 76192111, 76198267, 2111, 8267
9, 803, 76287111, 76293267, 2111, 8267
9, 804, 76382111, 76388267, 2111, 8267
9, 805, 76477111, 76487319, 2111, 12319
9, 806, 76572111, 76578267, 2111, 8267
9, 807, 76667111, 76673267, 2111, 8267
9, 808, 76762111, 76768267, 2111, 8267
9, 809, 76857111, 76863267, 2111, 8267
9, 81, 7697111, 7703267, 2111, 8267
9, 810, 76952111, 76958267, 2111, 8267
9, 811, 77047111, 77053267, 2111, 8267
9, 812, 77142111, 77150614, 2111, 10614
9, 813, 77237111, 77243267, 2111, 8267
9, 814, 77332111, 77338267, 2111, 8267
9, 815, 77427111, 77433267, 2111, 8267
9, 816, 77522111, 77528267, 2111, 8267
9, 817, 77617111, 77623267, 2111, 8267
9, 818, 77712111, 77718267, 2111, 8267
9, 819, 77807111, 77813267, 2111, 8267
9, 82, 7792111, 7798267, 2111, 8267
9, 820, 77902111, 77908267, 2111, 8267
9, 821, 77997111, 78003267, 2111, 8267
9, 822, 78092111, 78098267, 2111, 8267
9, 823, 78187111, 78193267, 2111, 8267
9, 824, 78282111, 78288267, 2111, 8267
9, 825, 78377111, 78383267, 2111, 8267
9, 826, 78472111, 78481340, 2111, 11340
9, 827, 78567111, 78573267, 2111, 8267
9, 828, 78662111, 78668267, 2111, 8267
9, 829, 78757111, 78763267, 2111, 8267
9, 83, 7887111, 7893267, 2111, 8267
9, 830, 78852111, 78858267, 2111, 8267
9, 831, 78947111, 78953267, 2111, 8267
9, 832, 79042111, 79048267, 2111, 8267
9, 833, 79137111, 79143267, 2111, 8267
9, 834, 79232111, 79238267, 2111, 8267
9, 835, 79327111, 79333267, 2111, 8267
9, 836, 79422111, 79428267, 2111, 8267
9, 837, 79517111, 79523267, 2111, 8267
9, 838, 79612111, 79618267, 2111, 8267
9, 839, 79707111, 79713267, 2111, 8267
9, 84, 7982111, 7990517, 2111, 10517
9, 840, 79802111, 79814146, 2111, 14146
9, 841, 79897111, 79903267, 2111, 8267
9, 842, 79992111, 79998267, 2111, 8267
9, 843, 80087111, 80097650, 2111, 12650
9, 844, 80182111, 80188267, 2111, 8267
9, 845, 80277111, 80283267, 2111, 8267
9, 846, 80372111, 80378267, 2111, 8267
9, 847, 80467111, 80473267, 2111, 8267
9, 848, 80562111, 80568267, 2111, 8267
9, 849, 80657111, 80663267, 2111, 8267
9, 85, 8077111, 8083267, 2111, 8267
9, 850, 80752111, 80758267, 2111, 8267
9, 851, 80847111, 80853267, 2111, 8267
9, 852, 80942111, 80948267, 2111, 8267
9, 853, 81037111, 81043267, 2111, 8267
9, 854, 81132111, 81140614, 2111, 10614
9, 855, 81227111, 81233267, 2111, 8267
9, 856, 81322111, 81328267, 2111, 8267
9, 857, 81417111, 81423267, 2111, 8267
9, 858, 81512111, 81518267, 2111, 8267
9, 859, 81607111, 81613267, 2111, 8267
9, 86, 8172111, 8178267, 2111, 8267
9, 860, 81702111, 81708267, 2111, 8267
9, 861, 81797111, 81803267, 2111, 8267
9, 862, 81892111, 81898267, 2111, 8267
9, 863, 81987111, 81993267, 2111, 8267
9, 864, 82082111, 82088267, 2111, 8267
9, 865, 82177111, 82183267, 2111, 8267
9, 866, 82272111, 82278267, 2111, 8267
9, 867, 82367111, 82373267, 2111, 8267
9, 868, 82462111, 82470517, 2111, 10517
9, 869, 82557111, 82563267, 2111, 8267
9, 87, 8267111, 8273267, 2111, 8267
9, 870, 82652111, 82658267, 2111, 8267
9, 871, 82747111, 82753267, 2111, 8267
9, 872, 82842111, 82848267, 2111, 8267
9, 873, 82937111, 82943267, 2111, 8267
9, 874, 83032111, 83038267, 2111, 8267
9, 875, 83127111, 83134754, 2111, 9754
9, 876, 83222111, 83228267, 2111, 8267
9, 877, 83317111, 83323267, 2111, 8267
9, 878, 83412111, 83418267, 2111, 8267
9, 879, 83507111, 83513267, 2111, 8267
9, 88, 8362111, 8368267, 2111, 8267
9, 880, 83602111, 83609526, 2111, 9526
9, 881, 83697111, 83703267, 2111, 8267
9, 882, 83792111, 83800517, 2111, 10517
9, 883, 83887111, 83893267, 2111, 8267
9, 884, 83982111, 83988267, 2111, 8267
9, 885, 84077111, 84083267, 2111, 8267
9, 886, 84172111, 84178267, 2111, 8267
9, 887, 84267111, 84273267, 2111, 8267
9, 888, 84362111, 84368267, 2111, 8267
9, 889, 84457111, 84463267, 2111, 8267
9, 89, 8457111, 8463267, 2111, 8267
9, 890, 84552111, 84558267, 2111, 8267
9, 891, 84647111, 84653267, 2111, 8267
9, 892, 84742111, 84748267, 2111, 8267
9, 893, 84837111, 84843267, 2111, 8267
9, 894, 84932111, 84938267, 2111, 8267
9, 895, 85027111, 85033267, 2111, 8267
9, 896, 85122111, 85134161, 2111, 14161
9, 897, 85217111, 85223267, 2111, 8267
9, 898, 85312111, 85318267, 2111, 8267
9, 899, 85407111, 85413267, 2111, 8267
9, 9, 857111, 863267, 2111, 8267
9, 90, 8552111, 8558267, 2111, 8267
9, 900, 85502111, 85508267, 2111, 8267
9, 901, 85597111, 85603267, 2111, 8267
9, 902, 85692111, 85698267, 2111, 8267
9, 903, 85787111, 85793267, 2111, 8267
9, 904, 85882111, 85888267, 2111, 8267
9, 905, 85977111, 85983267, 2111, 8267
9, 906, 86072111, 86078267, 2111, 8267
9, 907, 86167111, 86173267, 2111, 8267
9, 908, 86262111, 86268267, 2111, 8267
9, 909, 86357111, 86363267, 2111, 8267
9, 91, 8647111, 8653267, 2111, 8267
9, 910, 86452111, 86461919, 2111, 11919
9, 911, 86547111, 86553267, 2111, 8267
9, 912, 86642111, 86648267, 2111, 8267
9, 913, 86737111, 86743267, 2111, 8267
9, 914, 86832111, 86838267, 2111, 8267
9, 915, 86927111, 86933267, 2111, 8267
9, 916, 87022111, 87028267, 2111, 8267
9, 917, 87117111, 87123267, 2111, 8267
9, 918, 87212111, 87218267, 2111, 8267
9, 919, 87307111, 87313267, 2111, 8267
9, 92, 8742111, 8748267, 2111, 8267
9, 920, 87402111, 87408267, 2111, 8267
9, 921, 87497111, 87503267, 2111, 8267
9, 922, 87592111, 87598267, 2111, 8267
9, 923, 87687111, 87693267, 2111, 8267
9, 924, 87782111, 87790517, 2111, 10517
9, 925, 87877111, 87883267, 2111, 8267
9, 926, 87972111, 87978267, 2111, 8267
9, 927, 88067111, 88073267, 2111, 8267
9, 928, 88162111, 88168267, 2111, 8267
9, 929, 88257111, 88263267, 2111, 8267
9, 93, 8837111, 8843267, 2111, 8267
9, 930, 88352111, 88358267, 2111, 8267
9, 931, 88447111, 88453267, 2111, 8267
9, 932, 88542111, 88548267, 2111, 8267
9, 933, 88637111, 88643267, 2111, 8267
9, 934, 88732111, 88738267, 2111, 8267
9, 935, 88827111, 88833267, 2111, 8267
9, 936, 88922111, 88928267, 2111, 8267
9, 937, 89017111, 89023267, 2111, 8267
9, 938, 89112111, 89120614, 2111, 10614
9, 939, 89207111, 89213267, 2111, 8267
9, 94, 8932111, 8938267, 2111, 8267
9, 940, 89302111, 89308267, 2111, 8267
9, 941, 89397111, 89403267, 2111, 8267
9, 942, 89492111, 89498267, 2111, 8267
9, 943, 89587111, 89593267, 2111, 8267
9, 944, 89682111, 89688267, 2111, 8267
9, 945, 89777111, 89784619, 2111, 9619
9, 946, 89872111, 89878267, 2111, 8267
9, 947, 89967111, 89973267, 2111, 8267
9, 948, 90062111, 90068267, 2111, 8267
9, 949, 90157111, 90163267, 2111, 8267
9, 95, 9027111, 9033267, 2111, 8267
9, 950, 90252111, 90258267, 2111, 8267
9, 951, 90347111, 90353267, 2111, 8267
9, 952, 90442111, 90452980, 2111, 12980
9, 953, 90537111, 90543267, 2111, 8267
9, 954, 90632111, 90638267, 2111, 8267
9, 955, 90727111, 90739828, 2111, 14828
9, 956, 90822111, 90828267, 2111, 8267
9, 957, 90917111, 90923267, 2111, 8267
9, 958, 91012111, 91018267, 2111, 8267
9, 959, 91107111, 91113267, 2111, 8267
9, 96, 9122111, 9128267, 2111, 8267
9, 960, 91202111, 91209721, 2111, 9721
9, 961, 91297111, 91303267, 2111, 8267
9, 962, 91392111, 91398267, 2111, 8267
9, 963, 91487111, 91493267, 2111, 8267
9, 964, 91582111, 91588267, 2111, 8267
9, 965, 91677111, 91683267, 2111, 8267
9, 966, 91772111, 91781340, 2111, 11340
9, 967, 91867111, 91873267, 2111, 8267
9, 968, 91962111, 91968267, 2111, 8267
9, 969, 92057111, 92063267, 2111, 8267
9, 97, 9217111, 9223267, 2111, 8267
9, 970, 92152111, 92158267, 2111, 8267
9, 971, 92247111, 92253267, 2111, 8267
9, 972, 92342111, 92348267, 2111, 8267
9, 973, 92437111, 92443267, 2111, 8267
9, 974, 92532111, 92538267, 2111, 8267
9, 975, 92627111, 92633267, 2111, 8267
9, 976, 92722111, 92728267, 2111, 8267
9, 977, 92817111, 92823267, 2111, 8267
9, 978, 92912111, 92918267, 2111, 8267
9, 979, 93007111, 93013267, 2111, 8267
9, 98, 9312111, 9320614, 2111, 10614
9, 980, 93102111, 93111992, 2111, 11992
9, 981, 93197111, 93203267, 2111, 8267
9, 982, 93292111, 93298267, 2111, 8267
9, 983, 93387111, 93393267, 2111, 8267
9, 984, 93482111, 93488267, 2111, 8267
9, 985, 93577111, 93583267, 2111, 8267
9, 986, 93672111, 93678267, 2111, 8267
9, 987, 93767111, 93773267, 2111, 8267
9, 988, 93862111, 93868267, 2111, 8267
9, 989, 93957111, 93963267, 2111, 8267
9, 99, 9407111, 9413267, 2111, 8267
9, 990, 94052111, 94058267, 2111, 8267
9, 991, 94147111, 94153267, 2111, 8267
9, 992, 94242111, 94248267, 2111, 8267
9, 993, 94337111, 94343267, 2111, 8267
9, 994, 94432111, 94440517, 2111, 10517
9, 995, 94527111, 94533267, 2111, 8267
9, 996, 94622111, 94628267, 2111, 8267
9, 997, 94717111, 94723267, 2111, 8267
9, 998, 94812111, 94818267, 2111, 8267
9, 999, 94907111, 94913267, 2111, 8267
